comms_cons: 121.62967039509637
finished_reconf: true
global_termination_time: 1230388.577
local_termination_time: 533300.1863599989
node_cons: 25313.64826223378
tot_aggregated_send: 17342
tot_msg_rcv: 331
tot_msg_sent: 814
tot_reconf_duration: 4.8100000000000005
tot_sleeping_duration: 1211488.5648400048
tot_uptimes: 316
tot_uptimes_duration: 18900.01215999527
