comms_cons: 120.3473535975502
finished_reconf: true
global_termination_time: 1231803.739
local_termination_time: 955410.1355999999
node_cons: 25317.72770112156
tot_aggregated_send: 16878
tot_msg_rcv: 532
tot_msg_sent: 883
tot_reconf_duration: 7.819999999999999
tot_sleeping_duration: 1212903.732919999
tot_uptimes: 316
tot_uptimes_duration: 18900.00608000107
