comms_cons: 367.67909122608444
finished_reconf: true
global_termination_time: 3654765.6212399974
local_termination_time: 26204.887840000003
node_cons: 75161.73788830217
tot_aggregated_send: 51156
tot_msg_rcv: 1703
tot_msg_sent: 3024
tot_reconf_duration: 18.21
tot_sleeping_duration: 3598651.3503600094
tot_uptimes: 936
tot_uptimes_duration: 56114.27087998802
