comms_cons: 360.7986112078619
finished_reconf: true
global_termination_time: 3657518.487
local_termination_time: 2521927.1101199994
node_cons: 75205.82034223259
tot_aggregated_send: 50576
tot_msg_rcv: 1255
tot_msg_sent: 3007
tot_reconf_duration: 5.57
tot_sleeping_duration: 3601358.474840005
tot_uptimes: 937
tot_uptimes_duration: 56160.0121599955
