comms_cons: 359.4809088137414
finished_reconf: true
global_termination_time: 3658673.96
local_termination_time: 2725400.14136
node_cons: 75216.12485999812
tot_aggregated_send: 52258
tot_msg_rcv: 808
tot_msg_sent: 1573
tot_reconf_duration: 13.17
tot_sleeping_duration: 3602513.96
tot_uptimes: 937
tot_uptimes_duration: 56160.0
