comms_cons: 367.00195205561613
finished_reconf: true
global_termination_time: 3656447.159
local_termination_time: 636752.9868399977
node_cons: 75204.25046670018
tot_aggregated_send: 50286
tot_msg_rcv: 1835
tot_msg_sent: 3661
tot_reconf_duration: 4.390000000000001
tot_sleeping_duration: 3600287.1225200137
tot_uptimes: 937
tot_uptimes_duration: 56160.036479986506
