comms_cons: 285.2856000092904
finished_reconf: true
global_termination_time: 2814657.381
local_termination_time: 31716.378120000005
node_cons: 57884.08132485681
tot_aggregated_send: 38744
tot_msg_rcv: 1593
tot_msg_sent: 3026
tot_reconf_duration: 18.21
tot_sleeping_duration: 2771446.5130800167
tot_uptimes: 721
tot_uptimes_duration: 43210.86791998345
