comms_cons: 279.9223935860721
finished_reconf: true
global_termination_time: 2819050.943
local_termination_time: 1668436.6957999985
node_cons: 57946.004284466406
tot_aggregated_send: 38860
tot_msg_rcv: 1152
tot_msg_sent: 2534
tot_reconf_duration: 15.34
tot_sleeping_duration: 2775790.9186800094
tot_uptimes: 722
tot_uptimes_duration: 43260.02431999054
