comms_cons: 280.12584958084204
finished_reconf: true
global_termination_time: 2814670.303
local_termination_time: 1555768.03348
node_cons: 57855.81064334957
tot_aggregated_send: 39324
tot_msg_rcv: 1103
tot_msg_sent: 2149
tot_reconf_duration: 8.09
tot_sleeping_duration: 2771470.284760007
tot_uptimes: 721
tot_uptimes_duration: 43200.0182399929
