comms_cons: 33.99472640014077
finished_reconf: true
global_termination_time: 341437.631
local_termination_time: 175990.64936000004
node_cons: 7000.199559999977
tot_aggregated_send: 4814
tot_msg_rcv: 128
tot_msg_sent: 225
tot_reconf_duration: 7.819999999999999
tot_sleeping_duration: 336217.631
tot_uptimes: 88
tot_uptimes_duration: 5220.0
