comms_cons: 45.36597760054083
finished_reconf: true
global_termination_time: 444214.623
local_termination_time: 322035.3117600008
node_cons: 9086.956381121407
tot_aggregated_send: 5916
tot_msg_rcv: 345
tot_msg_sent: 634
tot_reconf_duration: 6.279999999999999
tot_sleeping_duration: 437434.61691999895
tot_uptimes: 114
tot_uptimes_duration: 6780.006080001072
