comms_cons: 46.11459840147279
finished_reconf: true
global_termination_time: 444316.112
local_termination_time: 203291.57200000001
node_cons: 9120.3049741628
tot_aggregated_send: 5684
tot_msg_rcv: 458
tot_msg_sent: 868
tot_reconf_duration: 18.700000000000003
tot_sleeping_duration: 437523.79655999795
tot_uptimes: 114
tot_uptimes_duration: 6792.315440002072
