comms_cons: 159.88115194799005
finished_reconf: true
global_termination_time: 815409.59
local_termination_time: 2875.78436
node_cons: 16726.10340335052
tot_aggregated_send: 0
tot_msg_rcv: 12239
tot_msg_sent: 12060
tot_reconf_duration: 11.31
tot_sleeping_duration: 802929.5717600071
tot_uptimes: 209
tot_uptimes_duration: 12480.018239992904
