comms_cons: 79.85300479731151
finished_reconf: true
global_termination_time: 803882.255
local_termination_time: 310615.538
node_cons: 16479.770775121124
tot_aggregated_send: 11191
tot_msg_rcv: 259
tot_msg_sent: 688
tot_reconf_duration: 5.57
tot_sleeping_duration: 791580.3829199992
tot_uptimes: 206
tot_uptimes_duration: 12301.872080000816
