comms_cons: 82.17377279673038
finished_reconf: true
global_termination_time: 803376.721
local_termination_time: 238443.19760000007
node_cons: 16500.47498223832
tot_aggregated_send: 10730
tot_msg_rcv: 615
tot_msg_sent: 1145
tot_reconf_duration: 22.65
tot_sleeping_duration: 791076.7088400013
tot_uptimes: 206
tot_uptimes_duration: 12300.012159998732
