comms_cons: 80.87152639850206
finished_reconf: true
global_termination_time: 801313.577
local_termination_time: 348713.1933600005
node_cons: 16478.154901116817
tot_aggregated_send: 10962
tot_msg_rcv: 462
tot_msg_sent: 868
tot_reconf_duration: 6.22
tot_sleeping_duration: 789013.5709200024
tot_uptimes: 206
tot_uptimes_duration: 12300.006079997635
