comms_cons: 77.50419199783951
finished_reconf: true
global_termination_time: 763185.993
local_termination_time: 42008.24848000001
node_cons: 15672.84012112144
tot_aggregated_send: 10382
tot_msg_rcv: 544
tot_msg_sent: 855
tot_reconf_duration: 4.8100000000000005
tot_sleeping_duration: 751485.9869199989
tot_uptimes: 196
tot_uptimes_duration: 11700.006080001061
