comms_cons: 58.516032000259344
finished_reconf: true
global_termination_time: 593251.436
local_termination_time: 5607.356
node_cons: 12141.601041121447
tot_aggregated_send: 8405
tot_msg_rcv: 142
tot_msg_sent: 347
tot_reconf_duration: 7.55
tot_sleeping_duration: 584191.4299199989
tot_uptimes: 152
tot_uptimes_duration: 9060.006080001069
