comms_cons: 121.46636159449582
finished_reconf: true
global_termination_time: 1232695.187
local_termination_time: 636783.0743999982
node_cons: 25331.853603350486
tot_aggregated_send: 16820
tot_msg_rcv: 548
tot_msg_sent: 1093
tot_reconf_duration: 18.21
tot_sleeping_duration: 1213795.168760007
tot_uptimes: 316
tot_uptimes_duration: 18900.018239992904
