comms_cons: 199.08364798452428
finished_reconf: true
global_termination_time: 1958688.126
local_termination_time: 759771.1803599999
node_cons: 40258.88452223343
tot_aggregated_send: 27202
tot_msg_rcv: 1200
tot_msg_sent: 1857
tot_reconf_duration: 6.279999999999999
tot_sleeping_duration: 1928628.1138400047
tot_uptimes: 502
tot_uptimes_duration: 30060.01215999527
