comms_cons: 101.60687360511953
finished_reconf: true
global_termination_time: 210132.5237200001
local_termination_time: 210132.4826000001
node_cons: 12868.390038801346
tot_aggregated_send: 0
tot_msg_rcv: 6186
tot_msg_sent: 9255
tot_reconf_duration: 24.59
tot_sleeping_duration: 200547.01451999912
tot_uptimes: 159
tot_uptimes_duration: 9585.509200000984
