comms_cons: 41.888793602256726
finished_reconf: true
global_termination_time: 212319.973
local_termination_time: 2240.08948
node_cons: 4369.118700000004
tot_aggregated_send: 0
tot_msg_rcv: 3252
tot_msg_sent: 3114
tot_reconf_duration: 22.65
tot_sleeping_duration: 209079.973
tot_uptimes: 55
tot_uptimes_duration: 3240.0
