comms_cons: 22.165324800320946
finished_reconf: true
global_termination_time: 212411.861
local_termination_time: 97283.63671999995
node_cons: 4353.727121121449
tot_aggregated_send: 2668
tot_msg_rcv: 245
tot_msg_sent: 456
tot_reconf_duration: 11.31
tot_sleeping_duration: 209171.85491999894
tot_uptimes: 55
tot_uptimes_duration: 3240.0060800010688
