comms_cons: 62.053676804375016
finished_reconf: true
global_termination_time: 500845.25180000026
local_termination_time: 500845.21068000025
node_cons: 10346.859258743274
tot_aggregated_send: 4350
tot_msg_rcv: 1942
tot_msg_sent: 3141
tot_reconf_duration: 24.59
tot_sleeping_duration: 493142.88731998287
tot_uptimes: 129
tot_uptimes_duration: 7702.364480017371
