comms_cons: 22.87587840017451
finished_reconf: true
global_termination_time: 228051.612
local_termination_time: 170701.89696000016
node_cons: 4677.60486000002
tot_aggregated_send: 3190
tot_msg_rcv: 124
tot_msg_sent: 162
tot_reconf_duration: 13.17
tot_sleeping_duration: 224571.612
tot_uptimes: 59
tot_uptimes_duration: 3480.0
