comms_cons: 23.19230719984369
finished_reconf: true
global_termination_time: 228201.046
local_termination_time: 128043.02447999995
node_cons: 4663.870041121419
tot_aggregated_send: 3074
tot_msg_rcv: 160
tot_msg_sent: 292
tot_reconf_duration: 3.05
tot_sleeping_duration: 224721.03991999893
tot_uptimes: 59
tot_uptimes_duration: 3480.0060800010688
