comms_cons: 23.224576000404554
finished_reconf: true
global_termination_time: 229937.599
local_termination_time: 139089.4049600006
node_cons: 4667.110222240576
tot_aggregated_send: 3074
tot_msg_rcv: 169
tot_msg_sent: 287
tot_reconf_duration: 5.43
tot_sleeping_duration: 226457.58683999954
tot_uptimes: 59
tot_uptimes_duration: 3480.012160000435
