comms_cons: 220.23871999287888
finished_reconf: true
global_termination_time: 2230236.656
local_termination_time: 430919.6720800006
node_cons: 45882.66823999944
tot_aggregated_send: 31842
tot_msg_rcv: 592
tot_msg_sent: 1041
tot_reconf_duration: 6.279999999999999
tot_sleeping_duration: 2195976.656
tot_uptimes: 572
tot_uptimes_duration: 34260.0
