comms_cons: 220.39891199170717
finished_reconf: true
global_termination_time: 2231832.684
local_termination_time: 1291643.2196
node_cons: 45881.70405999957
tot_aggregated_send: 32132
tot_msg_rcv: 439
tot_msg_sent: 928
tot_reconf_duration: 5.57
tot_sleeping_duration: 2197572.684
tot_uptimes: 572
tot_uptimes_duration: 34260.0
