comms_cons: 221.05144958877847
finished_reconf: true
global_termination_time: 2231319.54
local_termination_time: 1518332.8546799996
node_cons: 45894.971719999594
tot_aggregated_send: 31842
tot_msg_rcv: 613
tot_msg_sent: 1143
tot_reconf_duration: 15.34
tot_sleeping_duration: 2197059.54
tot_uptimes: 572
tot_uptimes_duration: 34260.0
