comms_cons: 105.71938561351166
finished_reconf: true
global_termination_time: 464301.58236000047
local_termination_time: 464301.54124000046
node_cons: 9579.149382335034
tot_aggregated_send: 0
tot_msg_rcv: 9132
tot_msg_sent: 6941
tot_reconf_duration: 37.410000000000004
tot_sleeping_duration: 457185.5654799893
tot_uptimes: 119
tot_uptimes_duration: 7116.016880011215
