comms_cons: 46.166246399955604
finished_reconf: true
global_termination_time: 467701.854
local_termination_time: 112393.39935999997
node_cons: 9567.38580000002
tot_aggregated_send: 6728
tot_msg_rcv: 118
tot_msg_sent: 171
tot_reconf_duration: 5.1
tot_sleeping_duration: 460561.854
tot_uptimes: 120
tot_uptimes_duration: 7140.0
