comms_cons: 45.64053759997593
finished_reconf: true
global_termination_time: 466040.703
local_termination_time: 31839.27536
node_cons: 9567.842081121442
tot_aggregated_send: 6786
tot_msg_rcv: 39
tot_msg_sent: 112
tot_reconf_duration: 5.43
tot_sleeping_duration: 458900.6969199989
tot_uptimes: 120
tot_uptimes_duration: 7140.006080001069
