comms_cons: 73.29536000718782
finished_reconf: true
global_termination_time: 329179.71872000006
local_termination_time: 329179.67760000005
node_cons: 6817.953456013631
tot_aggregated_send: 0
tot_msg_rcv: 6221
tot_msg_sent: 4926
tot_reconf_duration: 37.410000000000004
tot_sleeping_duration: 324125.8347199899
tot_uptimes: 85
tot_uptimes_duration: 5053.884000010168
