comms_cons: 45.32216320239195
finished_reconf: true
global_termination_time: 228358.777
local_termination_time: 1849.7903600000004
node_cons: 4690.486841121436
tot_aggregated_send: 0
tot_msg_rcv: 3540
tot_msg_sent: 3347
tot_reconf_duration: 22.65
tot_sleeping_duration: 224878.7709199989
tot_uptimes: 59
tot_uptimes_duration: 3480.0060800010697
