comms_cons: 23.16536320003289
finished_reconf: true
global_termination_time: 229689.809
local_termination_time: 36061.803480000104
node_cons: 4670.339560000003
tot_aggregated_send: 2958
tot_msg_rcv: 161
tot_msg_sent: 402
tot_reconf_duration: 7.819999999999999
tot_sleeping_duration: 226209.809
tot_uptimes: 59
tot_uptimes_duration: 3480.0
