comms_cons: 63.86429439934463
finished_reconf: true
global_termination_time: 634770.2148399989
local_termination_time: 5103.929560000003
node_cons: 13082.879049758456
tot_aggregated_send: 8758
tot_msg_rcv: 281
tot_msg_sent: 668
tot_reconf_duration: 4.8100000000000005
tot_sleeping_duration: 625004.459
tot_uptimes: 163
tot_uptimes_duration: 9765.755839998834
