comms_cons: 80.69381119466702
finished_reconf: true
global_termination_time: 776398.945
local_termination_time: 264694.76636000007
node_cons: 15928.184284476583
tot_aggregated_send: 9918
tot_msg_rcv: 807
tot_msg_sent: 1541
tot_reconf_duration: 15.34
tot_sleeping_duration: 764518.9206800025
tot_uptimes: 199
tot_uptimes_duration: 11880.024319997407
