comms_cons: 78.51877119919558
finished_reconf: true
global_termination_time: 775629.124
local_termination_time: 389699.327
node_cons: 15928.764886081022
tot_aggregated_send: 10433
tot_msg_rcv: 458
tot_msg_sent: 1043
tot_reconf_duration: 13.17
tot_sleeping_duration: 763746.4652799992
tot_uptimes: 199
tot_uptimes_duration: 11882.658720000763
