comms_cons: 76.29795199770366
finished_reconf: true
global_termination_time: 773799.823
local_termination_time: 158948.663
node_cons: 15940.922307520977
tot_aggregated_send: 10438
tot_msg_rcv: 300
tot_msg_sent: 859
tot_reconf_duration: 22.65
tot_sleeping_duration: 761917.6993199992
tot_uptimes: 199
tot_uptimes_duration: 11882.123680000717
