comms_cons: 152.6866239567627
finished_reconf: true
global_termination_time: 772557.228
local_termination_time: 1387.1660400000014
node_cons: 15832.949761116855
tot_aggregated_send: 0
tot_msg_rcv: 11776
tot_msg_sent: 11430
tot_reconf_duration: 4.390000000000001
tot_sleeping_duration: 760737.2219200024
tot_uptimes: 198
tot_uptimes_duration: 11820.006079997635
