comms_cons: 79.78097919716936
finished_reconf: true
global_termination_time: 776142.558
local_termination_time: 201980.9566000001
node_cons: 15922.711544481144
tot_aggregated_send: 10324
tot_msg_rcv: 639
tot_msg_sent: 1163
tot_reconf_duration: 11.31
tot_sleeping_duration: 764262.5336799992
tot_uptimes: 199
tot_uptimes_duration: 11880.02432000084
