comms_cons: 212.00601598309225
finished_reconf: true
global_termination_time: 2096329.095
local_termination_time: 96791.79855999959
node_cons: 43080.17370670979
tot_aggregated_send: 28884
tot_msg_rcv: 1137
tot_msg_sent: 2202
tot_reconf_duration: 13.17
tot_sleeping_duration: 2064169.0585200072
tot_uptimes: 537
tot_uptimes_duration: 32160.036479992676
