comms_cons: 57.73968640158615
finished_reconf: true
global_termination_time: 553368.317
local_termination_time: 166618.12552000038
node_cons: 11348.78800224287
tot_aggregated_send: 7366
tot_msg_rcv: 608
tot_msg_sent: 802
tot_reconf_duration: 15.34
tot_sleeping_duration: 544908.3048399979
tot_uptimes: 142
tot_uptimes_duration: 8460.012160002138
