comms_cons: 55.77187840134321
finished_reconf: true
global_termination_time: 552207.85
local_termination_time: 139825.33036000005
node_cons: 11336.476381121445
tot_aggregated_send: 7540
tot_msg_rcv: 303
tot_msg_sent: 634
tot_reconf_duration: 6.279999999999999
tot_sleeping_duration: 543747.843919999
tot_uptimes: 142
tot_uptimes_duration: 8460.006080001069
