comms_cons: 13.481407999549493
finished_reconf: true
global_termination_time: 110063.432
local_termination_time: 2137.337680000003
node_cons: 2257.110518638308
tot_aggregated_send: 1044
tot_msg_rcv: 423
tot_msg_sent: 583
tot_reconf_duration: 5.57
tot_sleeping_duration: 108383.41224000126
tot_uptimes: 29
tot_uptimes_duration: 1680.0197599987368
