comms_cons: 13.013657599836613
finished_reconf: true
global_termination_time: 109719.296
local_termination_time: 57879.86736000001
node_cons: 2256.4620822383004
tot_aggregated_send: 986
tot_msg_rcv: 412
tot_msg_sent: 580
tot_reconf_duration: 5.1
tot_sleeping_duration: 108039.28384000127
tot_uptimes: 29
tot_uptimes_duration: 1680.0121599987324
