comms_cons: 13.860998399644682
finished_reconf: true
global_termination_time: 109824.134
local_termination_time: 9067.33736
node_cons: 2256.9183633574503
tot_aggregated_send: 812
tot_msg_rcv: 531
tot_msg_sent: 765
tot_reconf_duration: 5.43
tot_sleeping_duration: 108144.1157600019
tot_uptimes: 29
tot_uptimes_duration: 1680.0182399980986
