comms_cons: 434.51073285236987
finished_reconf: true
global_termination_time: 4425713.731
local_termination_time: 3290434.37236
node_cons: 91059.59368223124
tot_aggregated_send: 61596
tot_msg_rcv: 1295
tot_msg_sent: 3153
tot_reconf_duration: 25.299999999999997
tot_sleeping_duration: 4357733.718840004
tot_uptimes: 1134
tot_uptimes_duration: 67980.0121599955
