comms_cons: 434.52181123791974
finished_reconf: true
global_termination_time: 4427806.311
local_termination_time: 3463217.98936
node_cons: 91043.10485999742
tot_aggregated_send: 63278
tot_msg_rcv: 859
tot_msg_sent: 1907
tot_reconf_duration: 13.17
tot_sleeping_duration: 4359826.311
tot_uptimes: 1134
tot_uptimes_duration: 67980.0
