comms_cons: 1806.2373722618993
finished_reconf: true
global_termination_time: 4424698.943
local_termination_time: 689674.0480399984
node_cons: 268289.5818102097
tot_aggregated_send: 0
tot_msg_rcv: 110962
tot_msg_sent: 163576
tot_reconf_duration: 6.22
tot_sleeping_duration: 4224339.618840017
tot_uptimes: 3283
tot_uptimes_duration: 200359.32415998296
