comms_cons: 437.29819523559314
finished_reconf: true
global_termination_time: 4425460.518
local_termination_time: 739802.5531599983
node_cons: 91032.6265044654
tot_aggregated_send: 61480
tot_msg_rcv: 1686
tot_msg_sent: 3301
tot_reconf_duration: 5.43
tot_sleeping_duration: 4357480.49368001
tot_uptimes: 1134
tot_uptimes_duration: 67980.024319991
