comms_cons: 26.51362559870426
finished_reconf: true
global_termination_time: 126725.77707999964
local_termination_time: 126725.73595999964
node_cons: 2662.1666524798184
tot_aggregated_send: 0
tot_msg_rcv: 2136
tot_msg_sent: 1893
tot_reconf_duration: 24.59
tot_sleeping_duration: 124762.54075999976
tot_uptimes: 33
tot_uptimes_duration: 1963.2363199998708
