comms_cons: 13.151820799914006
finished_reconf: true
global_termination_time: 129557.867
local_termination_time: 518.4483599999999
node_cons: 2659.674901120007
tot_aggregated_send: 1624
tot_msg_rcv: 90
tot_msg_sent: 285
tot_reconf_duration: 6.22
tot_sleeping_duration: 127577.86091999999
tot_uptimes: 34
tot_uptimes_duration: 1980.0060800000047
