comms_cons: 15.43095039954527
finished_reconf: true
global_termination_time: 124539.53307999964
local_termination_time: 124539.49195999965
node_cons: 2605.8728763172726
tot_aggregated_send: 927
tot_msg_rcv: 533
tot_msg_sent: 885
tot_reconf_duration: 40.22
tot_sleeping_duration: 122634.19020000169
tot_uptimes: 32
tot_uptimes_duration: 1905.3428799979629
