comms_cons: 14.487398399676126
finished_reconf: true
global_termination_time: 127213.997
local_termination_time: 937.51312
node_cons: 2577.754147837197
tot_aggregated_send: 928
tot_msg_rcv: 468
tot_msg_sent: 806
tot_reconf_duration: 5.02
tot_sleeping_duration: 125293.9544400021
tot_uptimes: 33
tot_uptimes_duration: 1920.0425599979062
