comms_cons: 337.3220224324135
finished_reconf: true
global_termination_time: 3369252.017
local_termination_time: 1156935.6329599987
node_cons: 69261.64080446647
tot_aggregated_send: 46574
tot_msg_rcv: 1653
tot_msg_sent: 3044
tot_reconf_duration: 6.279999999999999
tot_sleeping_duration: 3317531.992680009
tot_uptimes: 863
tot_uptimes_duration: 51720.024319991004
