comms_cons: 339.0628160271193
finished_reconf: true
global_termination_time: 3364789.263
local_termination_time: 303648.84536000004
node_cons: 69178.75860782147
tot_aggregated_send: 46632
tot_msg_rcv: 1593
tot_msg_sent: 3310
tot_reconf_duration: 4.390000000000001
tot_sleeping_duration: 3313129.2204400124
tot_uptimes: 862
tot_uptimes_duration: 51660.04255998734
