comms_cons: 338.1969856365994
finished_reconf: true
global_termination_time: 3366505.913
local_termination_time: 125558.03447999996
node_cons: 69261.59188893376
tot_aggregated_send: 47328
tot_msg_rcv: 1400
tot_msg_sent: 2676
tot_reconf_duration: 6.22
tot_sleeping_duration: 3314785.8643600186
tot_uptimes: 863
tot_uptimes_duration: 51720.04863998154
