comms_cons: 74.1804799989193
finished_reconf: true
global_termination_time: 729046.117
local_termination_time: 438975.5403600001
node_cons: 14967.969180000056
tot_aggregated_send: 10092
tot_msg_rcv: 503
tot_msg_sent: 680
tot_reconf_duration: 18.21
tot_sleeping_duration: 717886.117
tot_uptimes: 187
tot_uptimes_duration: 11160.000000000004
