comms_cons: 74.90926719738928
finished_reconf: true
global_termination_time: 728331.886
local_termination_time: 439023.4994800006
node_cons: 14974.014982238315
tot_aggregated_send: 9918
tot_msg_rcv: 613
tot_msg_sent: 854
tot_reconf_duration: 22.65
tot_sleeping_duration: 717171.8738400013
tot_uptimes: 187
tot_uptimes_duration: 11160.012159998703
