comms_cons: 76.63183359761734
finished_reconf: true
global_termination_time: 725458.6222799983
local_termination_time: 725458.5811599983
node_cons: 14988.42433600136
tot_aggregated_send: 9370
tot_msg_rcv: 880
tot_msg_sent: 1397
tot_reconf_duration: 37.41
tot_sleeping_duration: 714302.8182799972
tot_uptimes: 186
tot_uptimes_duration: 11155.804000000993
