comms_cons: 74.45007999666444
finished_reconf: true
global_termination_time: 726358.224
local_termination_time: 204451.1214800001
node_cons: 14955.660226724029
tot_aggregated_send: 9628
tot_msg_rcv: 597
tot_msg_sent: 1090
tot_reconf_duration: 9.11
tot_sleeping_duration: 715198.187519997
tot_uptimes: 187
tot_uptimes_duration: 11160.036480002978
