comms_cons: 75.19928319420355
finished_reconf: true
global_termination_time: 728138.244
local_termination_time: 205157.00848000008
node_cons: 14963.783803364335
tot_aggregated_send: 9686
tot_msg_rcv: 651
tot_msg_sent: 1093
tot_reconf_duration: 15.110000000000001
tot_sleeping_duration: 716978.2257599968
tot_uptimes: 187
tot_uptimes_duration: 11160.018240003206
