comms_cons: 72.71331839899486
finished_reconf: true
global_termination_time: 729363.568
local_termination_time: 106300.66159999996
node_cons: 14968.675305602597
tot_aggregated_send: 9338
tot_msg_rcv: 632
tot_msg_sent: 1082
tot_reconf_duration: 18.700000000000003
tot_sleeping_duration: 718203.5375999981
tot_uptimes: 187
tot_uptimes_duration: 11160.030400001913
