comms_cons: 75.93054719704139
finished_reconf: true
global_termination_time: 726915.575
local_termination_time: 19845.10248
node_cons: 14958.631544476544
tot_aggregated_send: 9512
tot_msg_rcv: 752
tot_msg_sent: 1277
tot_reconf_duration: 11.31
tot_sleeping_duration: 715755.5506800025
tot_uptimes: 187
tot_uptimes_duration: 11160.024319997407
