comms_cons: 75.44807679650444
finished_reconf: true
global_termination_time: 726886.512
local_termination_time: 321899.31536000007
node_cons: 14964.112425598012
tot_aggregated_send: 9222
tot_msg_rcv: 681
tot_msg_sent: 1565
tot_reconf_duration: 15.34
tot_sleeping_duration: 715726.4816000015
tot_uptimes: 187
tot_uptimes_duration: 11160.030399998475
