comms_cons: 1.546111999997486
finished_reconf: true
global_termination_time: 10015.72
local_termination_time: 188.06247999999997
node_cons: 166.64162
tot_aggregated_send: 0
tot_msg_rcv: 123
tot_msg_sent: 112
tot_reconf_duration: 4.390000000000001
tot_sleeping_duration: 9895.72
tot_uptimes: 3
tot_uptimes_duration: 120.0
