comms_cons: 40.751564800477496
finished_reconf: true
global_termination_time: 411506.362
local_termination_time: 338614.0265200004
node_cons: 8460.437321121472
tot_aggregated_send: 5800
tot_msg_rcv: 120
tot_msg_sent: 274
tot_reconf_duration: 18.21
tot_sleeping_duration: 405206.35591999895
tot_uptimes: 106
tot_uptimes_duration: 6300.006080001071
