comms_cons: 67.3722623999794
finished_reconf: true
global_termination_time: 686837.389
local_termination_time: 198519.00436000005
node_cons: 14063.707063359696
tot_aggregated_send: 9222
tot_msg_rcv: 313
tot_msg_sent: 706
tot_reconf_duration: 3.08
tot_sleeping_duration: 676337.3707600002
tot_uptimes: 176
tot_uptimes_duration: 10500.018239999772
