comms_cons: 71.1477503981863
finished_reconf: true
global_termination_time: 689136.523
local_termination_time: 289443.81540000037
node_cons: 14152.243944485725
tot_aggregated_send: 8990
tot_msg_rcv: 608
tot_msg_sent: 1217
tot_reconf_duration: 9.11
tot_sleeping_duration: 678576.4986799958
tot_uptimes: 177
tot_uptimes_duration: 10560.024320004275
