comms_cons: 70.74676479966341
finished_reconf: true
global_termination_time: 687669.484
local_termination_time: 250710.33156000025
node_cons: 14145.817902238303
tot_aggregated_send: 9338
tot_msg_rcv: 545
tot_msg_sent: 871
tot_reconf_duration: 4.390000000000001
tot_sleeping_duration: 677109.4718400013
tot_uptimes: 177
tot_uptimes_duration: 10560.012159998703
