comms_cons: 69.02301439984542
finished_reconf: true
global_termination_time: 688343.556
local_termination_time: 358638.66836000007
node_cons: 14150.475842238293
tot_aggregated_send: 9744
tot_msg_rcv: 287
tot_msg_sent: 461
tot_reconf_duration: 7.819999999999999
tot_sleeping_duration: 677783.5438400013
tot_uptimes: 177
tot_uptimes_duration: 10560.012159998703
