comms_cons: 160.44099838805954
finished_reconf: true
global_termination_time: 1588736.581
local_termination_time: 623417.764
node_cons: 32660.284749104816
tot_aggregated_send: 21982
tot_msg_rcv: 842
tot_msg_sent: 1563
tot_reconf_duration: 22.65
tot_sleeping_duration: 1564368.0029200113
tot_uptimes: 407
tot_uptimes_duration: 24368.578079988598
