comms_cons: 160.1044863906748
finished_reconf: true
global_termination_time: 1588445.8254799999
local_termination_time: 75423.58543999986
node_cons: 32643.179742070617
tot_aggregated_send: 22214
tot_msg_rcv: 781
tot_msg_sent: 1339
tot_reconf_duration: 4.390000000000001
tot_sleeping_duration: 1564071.502760007
tot_uptimes: 407
tot_uptimes_duration: 24374.322719992953
