comms_cons: 160.53021438922502
finished_reconf: true
global_termination_time: 1592363.868
local_termination_time: 428263.99336
node_cons: 32706.85118335511
tot_aggregated_send: 21518
tot_msg_rcv: 794
tot_msg_sent: 2088
tot_reconf_duration: 6.22
tot_sleeping_duration: 1567943.8497600036
tot_uptimes: 408
tot_uptimes_duration: 24420.018239996338
