comms_cons: 112.57731839626712
finished_reconf: true
global_termination_time: 1118747.3703199995
local_termination_time: 1118747.3291999996
node_cons: 23056.302214324875
tot_aggregated_send: 15634
tot_msg_rcv: 525
tot_msg_sent: 951
tot_reconf_duration: 37.410000000000004
tot_sleeping_duration: 1101566.2654399958
tot_uptimes: 287
tot_uptimes_duration: 17181.104880003608
