comms_cons: 111.13052159486081
finished_reconf: true
global_termination_time: 1121708.021
local_termination_time: 377524.58436000004
node_cons: 23065.21733006533
tot_aggregated_send: 14500
tot_msg_rcv: 699
tot_msg_sent: 1692
tot_reconf_duration: 5.57
tot_sleeping_duration: 1104487.966280011
tot_uptimes: 288
tot_uptimes_duration: 17220.054719989013
