comms_cons: 112.88654079552175
finished_reconf: true
global_termination_time: 1123772.775
local_termination_time: 385049.46136
node_cons: 23064.58721119132
tot_aggregated_send: 14500
tot_msg_rcv: 1019
tot_msg_sent: 1640
tot_reconf_duration: 5.1
tot_sleeping_duration: 1106552.7142000066
tot_uptimes: 288
tot_uptimes_duration: 17220.060799993516
