comms_cons: 110.29943679694014
finished_reconf: true
global_termination_time: 1121472.598
local_termination_time: 681519.68936
node_cons: 23075.481142238354
tot_aggregated_send: 15080
tot_msg_rcv: 505
tot_msg_sent: 1179
tot_reconf_duration: 13.17
tot_sleeping_duration: 1104252.5858400015
tot_uptimes: 288
tot_uptimes_duration: 17220.012159998703
