comms_cons: 111.31473919461169
finished_reconf: true
global_termination_time: 1119466.538
local_termination_time: 411462.05799999996
node_cons: 23001.520806242603
tot_aggregated_send: 14960
tot_msg_rcv: 614
tot_msg_sent: 1346
tot_reconf_duration: 10.95
tot_sleeping_duration: 1102299.5098399979
tot_uptimes: 287
tot_uptimes_duration: 17167.028160001908
