comms_cons: 111.02399999607155
finished_reconf: true
global_termination_time: 1122835.89
local_termination_time: 451957.93736000004
node_cons: 23073.748341116814
tot_aggregated_send: 15602
tot_msg_rcv: 436
tot_msg_sent: 837
tot_reconf_duration: 11.899999999999999
tot_sleeping_duration: 1105615.8839200023
tot_uptimes: 288
tot_uptimes_duration: 17220.00607999763
