comms_cons: 114.99172479234049
finished_reconf: true
global_termination_time: 1119729.835
local_termination_time: 161260.67636000004
node_cons: 22987.973535665566
tot_aggregated_send: 14442
tot_msg_rcv: 1084
tot_msg_sent: 1952
tot_reconf_duration: 7.819999999999999
tot_sleeping_duration: 1102569.7498800107
tot_uptimes: 287
tot_uptimes_duration: 17160.08511998922
