comms_cons: 111.24111359292664
finished_reconf: true
global_termination_time: 1122822.082
local_termination_time: 365209.42648000055
node_cons: 23073.04481454644
tot_aggregated_send: 14732
tot_msg_rcv: 660
tot_msg_sent: 1516
tot_reconf_duration: 11.31
tot_sleeping_duration: 1105602.0029600102
tot_uptimes: 288
tot_uptimes_duration: 17220.079039989854
