comms_cons: 59.81808639912905
finished_reconf: true
global_termination_time: 596812.643
local_termination_time: 111883.93551999978
node_cons: 12236.44988560258
tot_aggregated_send: 8120
tot_msg_rcv: 284
tot_msg_sent: 688
tot_reconf_duration: 18.21
tot_sleeping_duration: 587692.6125999981
tot_uptimes: 153
tot_uptimes_duration: 9120.03040000191
