comms_cons: 116.97222400012338
finished_reconf: true
global_termination_time: 595279.675
local_termination_time: 313463.31936
node_cons: 12246.037400000001
tot_aggregated_send: 0
tot_msg_rcv: 8984
tot_msg_sent: 8795
tot_reconf_duration: 25.299999999999997
tot_sleeping_duration: 586159.675
tot_uptimes: 153
tot_uptimes_duration: 9120.0
