comms_cons: 174.37876478675966
finished_reconf: true
global_termination_time: 1728232.498
local_termination_time: 854704.0673599999
node_cons: 35531.14428446722
tot_aggregated_send: 24070
tot_msg_rcv: 878
tot_msg_sent: 1556
tot_reconf_duration: 15.34
tot_sleeping_duration: 1701712.4736800094
tot_uptimes: 443
tot_uptimes_duration: 26520.024319990538
