comms_cons: 175.42778878351115
finished_reconf: true
global_termination_time: 1728493.22
local_termination_time: 613616.4354799978
node_cons: 35520.99713718423
tot_aggregated_send: 23780
tot_msg_rcv: 1025
tot_msg_sent: 1859
tot_reconf_duration: 5.57
tot_sleeping_duration: 1701970.8652000115
tot_uptimes: 443
tot_uptimes_duration: 26522.35479998833
