comms_cons: 173.80656639307256
finished_reconf: true
global_termination_time: 1732370.729
local_termination_time: 27724.0796
node_cons: 35621.41940560021
tot_aggregated_send: 24070
tot_msg_rcv: 738
tot_msg_sent: 1609
tot_reconf_duration: 22.65
tot_sleeping_duration: 1705790.6985999998
tot_uptimes: 444
tot_uptimes_duration: 26580.030400000207
