comms_cons: 175.27141118403125
finished_reconf: true
global_termination_time: 1732795.18
local_termination_time: 246830.80516000075
node_cons: 35594.78632335501
tot_aggregated_send: 23606
tot_msg_rcv: 941
tot_msg_sent: 2093
tot_reconf_duration: 3.05
tot_sleeping_duration: 1706215.1617600035
tot_uptimes: 444
tot_uptimes_duration: 26580.018239996338
