comms_cons: 170.91508479466728
finished_reconf: true
global_termination_time: 1848741.821
local_termination_time: 4441.395
node_cons: 38010.934328962074
tot_aggregated_send: 24294
tot_msg_rcv: 583
tot_msg_sent: 1101
tot_reconf_duration: 7.3999999999999995
tot_sleeping_duration: 1820361.7723599982
tot_uptimes: 474
tot_uptimes_duration: 28380.04864000168
