comms_cons: 174.8092735888656
finished_reconf: true
global_termination_time: 1854045.501
local_termination_time: 5957.704
node_cons: 38091.10866670542
tot_aggregated_send: 24932
tot_msg_rcv: 542
tot_msg_sent: 1096
tot_reconf_duration: 7.29
tot_sleeping_duration: 1825605.4645200106
tot_uptimes: 475
tot_uptimes_duration: 28440.03647998924
