comms_cons: 75.6022143981919
finished_reconf: true
global_termination_time: 723722.389
local_termination_time: 340505.97736
node_cons: 14897.28996448113
tot_aggregated_send: 9280
tot_msg_rcv: 779
tot_msg_sent: 1432
tot_reconf_duration: 25.299999999999997
tot_sleeping_duration: 712622.3646799992
tot_uptimes: 186
tot_uptimes_duration: 11100.02432000084
