comms_cons: 74.19231999731768
finished_reconf: true
global_termination_time: 723577.262
local_termination_time: 205249.89788000044
node_cons: 14869.45640335971
tot_aggregated_send: 9628
tot_msg_rcv: 545
tot_msg_sent: 1103
tot_reconf_duration: 4.8100000000000005
tot_sleeping_duration: 712477.2437600002
tot_uptimes: 186
tot_uptimes_duration: 11100.018239999772
