comms_cons: 73.31860480003972
finished_reconf: true
global_termination_time: 724840.95
local_termination_time: 220885.73536000002
node_cons: 14873.527701121424
tot_aggregated_send: 9860
tot_msg_rcv: 415
tot_msg_sent: 869
tot_reconf_duration: 7.819999999999999
tot_sleeping_duration: 713740.943919999
tot_uptimes: 186
tot_uptimes_duration: 11100.006080001069
