comms_cons: 74.14758399791515
finished_reconf: true
global_termination_time: 723433.67
local_termination_time: 211638.31536000007
node_cons: 14871.428171195936
tot_aggregated_send: 9628
tot_msg_rcv: 535
tot_msg_sent: 1108
tot_reconf_duration: 6.22
tot_sleeping_duration: 712333.6092000031
tot_uptimes: 186
tot_uptimes_duration: 11100.06079999695
