comms_cons: 413.10104327796876
finished_reconf: true
global_termination_time: 4070979.96172
local_termination_time: 4070979.9206
node_cons: 83838.51220097404
tot_aggregated_send: 56002
tot_msg_rcv: 2313
tot_msg_sent: 4472
tot_reconf_duration: 37.410000000000004
tot_sleeping_duration: 4008405.1227200176
tot_uptimes: 1043
tot_uptimes_duration: 62574.83899998242
