comms_cons: 412.41172487419783
finished_reconf: true
global_termination_time: 4071587.769
local_termination_time: 977174.1657199977
node_cons: 83737.37569877706
tot_aggregated_send: 55796
tot_msg_rcv: 2238
tot_msg_sent: 4652
tot_reconf_duration: 9.11
tot_sleeping_duration: 4009059.7598000155
tot_uptimes: 1043
tot_uptimes_duration: 62528.00919998449
