comms_cons: 407.3854848662849
finished_reconf: true
global_termination_time: 4072505.73
local_termination_time: 2595181.6646
node_cons: 83729.19080558258
tot_aggregated_send: 57304
tot_msg_rcv: 1486
tot_msg_sent: 3130
tot_reconf_duration: 10.95
tot_sleeping_duration: 4009985.699600011
tot_uptimes: 1043
tot_uptimes_duration: 62520.03039998887
