comms_cons: 47.44768000058513
finished_reconf: true
global_termination_time: 463365.193
local_termination_time: 159789.85836000004
node_cons: 9495.487121121438
tot_aggregated_send: 6264
tot_msg_rcv: 375
tot_msg_sent: 573
tot_reconf_duration: 11.31
tot_sleeping_duration: 456285.18691999896
tot_uptimes: 119
tot_uptimes_duration: 7080.006080001069
