comms_cons: 1.500684799994334
finished_reconf: true
global_termination_time: 10955.44648
local_termination_time: 10955.40536
node_cons: 212.42351872000063
tot_aggregated_send: 0
tot_msg_rcv: 116
tot_msg_sent: 111
tot_reconf_duration: 24.59
tot_sleeping_duration: 10821.742
tot_uptimes: 3
tot_uptimes_duration: 133.70448000000033
