comms_cons: 74.5357567998432
finished_reconf: true
global_termination_time: 759712.694
local_termination_time: 351516.10436000006
node_cons: 15592.49198000002
tot_aggregated_send: 10904
tot_msg_rcv: 81
tot_msg_sent: 344
tot_reconf_duration: 4.8100000000000005
tot_sleeping_duration: 748072.694
tot_uptimes: 195
tot_uptimes_duration: 11640.0
