comms_cons: 73.83230719998294
finished_reconf: true
global_termination_time: 760201.11
local_termination_time: 671948.95236
node_cons: 15594.406760000142
tot_aggregated_send: 11020
tot_msg_rcv: 78
tot_msg_sent: 124
tot_reconf_duration: 6.22
tot_sleeping_duration: 748561.11
tot_uptimes: 195
tot_uptimes_duration: 11640.0
