comms_cons: 60.93059840029874
finished_reconf: true
global_termination_time: 597745.7209599997
local_termination_time: 597745.6798399998
node_cons: 12348.065350803883
tot_aggregated_send: 8106
tot_msg_rcv: 380
tot_msg_sent: 775
tot_reconf_duration: 24.59
tot_sleeping_duration: 588548.8037599969
tot_uptimes: 154
tot_uptimes_duration: 9196.917200002878
