comms_cons: 1.4737407999951315
finished_reconf: true
global_termination_time: 9005.094
local_termination_time: 5197.4583600000005
node_cons: 178.5648600000001
tot_aggregated_send: 0
tot_msg_rcv: 120
tot_msg_sent: 104
tot_reconf_duration: 13.17
tot_sleeping_duration: 8885.094
tot_uptimes: 3
tot_uptimes_duration: 120.0
