comms_cons: 117.41960959133262
finished_reconf: true
global_termination_time: 1170759.06
local_termination_time: 6831.717000000001
node_cons: 24028.58299453264
tot_aggregated_send: 15945
tot_msg_rcv: 539
tot_msg_sent: 1364
tot_reconf_duration: 5.02
tot_sleeping_duration: 1152818.9809600206
tot_uptimes: 300
tot_uptimes_duration: 17940.079039979544
