comms_cons: 114.35677439260726
finished_reconf: true
global_termination_time: 1168041.926
local_termination_time: 4605.974
node_cons: 24033.854771182156
tot_aggregated_send: 15593
tot_msg_rcv: 646
tot_msg_sent: 1142
tot_reconf_duration: 8.92
tot_sleeping_duration: 1150101.8652000134
tot_uptimes: 300
tot_uptimes_duration: 17940.060799986648
