comms_cons: 118.4204671906538
finished_reconf: true
global_termination_time: 1167715.491
local_termination_time: 2966.88212
node_cons: 24037.624606705627
tot_aggregated_send: 15660
tot_msg_rcv: 836
tot_msg_sent: 1505
tot_reconf_duration: 11.719999999999999
tot_sleeping_duration: 1149775.4545200109
tot_uptimes: 300
tot_uptimes_duration: 17940.03647998924
