comms_cons: 117.946873589198
finished_reconf: true
global_termination_time: 1169681.497
local_termination_time: 4174.951
node_cons: 24030.522232301304
tot_aggregated_send: 15482
tot_msg_rcv: 773
tot_msg_sent: 1672
tot_reconf_duration: 6.46
tot_sleeping_duration: 1151741.430120014
tot_uptimes: 300
tot_uptimes_duration: 17940.066879986014
