comms_cons: 83.13214719305381
finished_reconf: true
global_termination_time: 660651.8882400002
local_termination_time: 306764.3033600001
node_cons: 13656.557721762605
tot_aggregated_send: 4930
tot_msg_rcv: 3076
tot_msg_sent: 4635
tot_reconf_duration: 18.21
tot_sleeping_duration: 650471.2843999983
tot_uptimes: 170
tot_uptimes_duration: 10180.603840001917
