comms_cons: 67.39710079790845
finished_reconf: true
global_termination_time: 662380.549
local_termination_time: 314351.1807200001
node_cons: 13588.462502242915
tot_aggregated_send: 8816
tot_msg_rcv: 443
tot_msg_sent: 984
tot_reconf_duration: 8.09
tot_sleeping_duration: 652240.5368399979
tot_uptimes: 170
tot_uptimes_duration: 10140.012160002138
