comms_cons: 66.83918079996093
finished_reconf: true
global_termination_time: 661824.916
local_termination_time: 325360.52460000006
node_cons: 13590.260501121427
tot_aggregated_send: 9048
tot_msg_rcv: 363
tot_msg_sent: 749
tot_reconf_duration: 9.42
tot_sleeping_duration: 651684.9099199988
tot_uptimes: 170
tot_uptimes_duration: 10140.006080001069
