comms_cons: 66.23280639682675
finished_reconf: true
global_termination_time: 666307.519
local_termination_time: 412244.45836000005
node_cons: 13673.968341116804
tot_aggregated_send: 9396
tot_msg_rcv: 217
tot_msg_sent: 454
tot_reconf_duration: 11.899999999999999
tot_sleeping_duration: 656107.5129200023
tot_uptimes: 171
tot_uptimes_duration: 10200.006079997635
