comms_cons: 66.86440959832126
finished_reconf: true
global_termination_time: 662395.456
local_termination_time: 383245.46236
node_cons: 13583.446043355054
tot_aggregated_send: 8526
tot_msg_rcv: 474
tot_msg_sent: 1163
tot_reconf_duration: 4.390000000000001
tot_sleeping_duration: 652255.4377600037
tot_uptimes: 170
tot_uptimes_duration: 10140.018239996338
