comms_cons: 338.0348605361767
finished_reconf: true
global_termination_time: 2294273.189
local_termination_time: 445482.4476000001
node_cons: 47166.14454446675
tot_aggregated_send: 0
tot_msg_rcv: 25910
tot_msg_sent: 25469
tot_reconf_duration: 4.8100000000000005
tot_sleeping_duration: 2259053.1646800092
tot_uptimes: 588
tot_uptimes_duration: 35220.02431999054
