comms_cons: 224.57441279545375
finished_reconf: true
global_termination_time: 2293024.443
local_termination_time: 1369149.884359998
node_cons: 47184.33790303674
tot_aggregated_send: 33002
tot_msg_rcv: 379
tot_msg_sent: 753
tot_reconf_duration: 11.31
tot_sleeping_duration: 2257797.423640002
tot_uptimes: 588
tot_uptimes_duration: 35227.01935999794
