comms_cons: 362.7783424245254
finished_reconf: true
global_termination_time: 3645250.198
local_termination_time: 2746283.8557599983
node_cons: 74961.44334558281
tot_aggregated_send: 50518
tot_msg_rcv: 1585
tot_msg_sent: 3039
tot_reconf_duration: 3.08
tot_sleeping_duration: 3589270.1676000115
tot_uptimes: 934
tot_uptimes_duration: 55980.030399988405
