comms_cons: 365.2390656486162
finished_reconf: true
global_termination_time: 3645908.05
local_termination_time: 467470.48644000024
node_cons: 74972.1633700556
tot_aggregated_send: 51040
tot_msg_rcv: 1397
tot_msg_sent: 3076
tot_reconf_duration: 10.95
tot_sleeping_duration: 3589927.9952800167
tot_uptimes: 934
tot_uptimes_duration: 55980.054719983076
