comms_cons: 53.77180160082242
finished_reconf: true
global_termination_time: 534025.7624799998
local_termination_time: 534025.7213599999
node_cons: 10978.016083205537
tot_aggregated_send: 7250
tot_msg_rcv: 284
tot_msg_sent: 638
tot_reconf_duration: 24.59
tot_sleeping_duration: 525852.0336799957
tot_uptimes: 137
tot_uptimes_duration: 8173.728800004115
