comms_cons: 53.20661760038266
finished_reconf: true
global_termination_time: 536689.637
local_termination_time: 246816.49936000007
node_cons: 11024.481142241755
tot_aggregated_send: 7714
tot_msg_rcv: 151
tot_msg_sent: 222
tot_reconf_duration: 13.17
tot_sleeping_duration: 528469.6248399988
tot_uptimes: 138
tot_uptimes_duration: 8220.012160001286
