comms_cons: 53.85033600081465
finished_reconf: true
global_termination_time: 537855.72
local_termination_time: 322298.72436000005
node_cons: 11017.207701121455
tot_aggregated_send: 7192
tot_msg_rcv: 347
tot_msg_sent: 645
tot_reconf_duration: 7.819999999999999
tot_sleeping_duration: 529635.7139199988
tot_uptimes: 138
tot_uptimes_duration: 8220.006080001069
