comms_cons: 199.84319998940708
finished_reconf: true
global_termination_time: 2004435.377
local_termination_time: 1629227.47736
node_cons: 41239.14917999964
tot_aggregated_send: 28536
tot_msg_rcv: 638
tot_msg_sent: 1201
tot_reconf_duration: 18.21
tot_sleeping_duration: 1973655.377
tot_uptimes: 514
tot_uptimes_duration: 30780.0
