comms_cons: 201.69978878612787
finished_reconf: true
global_termination_time: 2005440.428
local_termination_time: 424454.20036
node_cons: 41222.899324471575
tot_aggregated_send: 27782
tot_msg_rcv: 903
tot_msg_sent: 1973
tot_reconf_duration: 6.22
tot_sleeping_duration: 1974660.403680006
tot_uptimes: 514
tot_uptimes_duration: 30780.024319993972
