comms_cons: 109.26638080903706
finished_reconf: true
global_termination_time: 551082.1121999997
local_termination_time: 1851.2923600000004
node_cons: 11380.283859040188
tot_aggregated_send: 0
tot_msg_rcv: 8431
tot_msg_sent: 8175
tot_reconf_duration: 18.21
tot_sleeping_duration: 542601.4888399997
tot_uptimes: 142
tot_uptimes_duration: 8480.623360000129
