comms_cons: 53.40994560083702
finished_reconf: true
global_termination_time: 553854.199
local_termination_time: 401348.3243600001
node_cons: 11332.09004112151
tot_aggregated_send: 7366
tot_msg_rcv: 283
tot_msg_sent: 469
tot_reconf_duration: 3.05
tot_sleeping_duration: 545394.1929199989
tot_uptimes: 142
tot_uptimes_duration: 8460.006080001069
