comms_cons: 448.6751232538186
finished_reconf: true
global_termination_time: 4504157.126
local_termination_time: 2394625.787759999
node_cons: 92662.79498223163
tot_aggregated_send: 63220
tot_msg_rcv: 1613
tot_msg_sent: 3363
tot_reconf_duration: 22.65
tot_sleeping_duration: 4434977.113840004
tot_uptimes: 1154
tot_uptimes_duration: 69180.01215999573
