comms_cons: 454.8509504915814
finished_reconf: true
global_termination_time: 4507535.297
local_termination_time: 269944.42836
node_cons: 92720.96965117191
tot_aggregated_send: 62292
tot_msg_rcv: 2425
tot_msg_sent: 4417
tot_reconf_duration: 6.279999999999999
tot_sleeping_duration: 4438295.23620002
tot_uptimes: 1155
tot_uptimes_duration: 69240.06079998094
