comms_cons: 454.596460911221
finished_reconf: true
global_termination_time: 4507321.423
local_termination_time: 1568165.8784399997
node_cons: 92723.39506669983
tot_aggregated_send: 62582
tot_msg_rcv: 2161
tot_msg_sent: 4353
tot_reconf_duration: 8.09
tot_sleeping_duration: 4438081.386520013
tot_uptimes: 1155
tot_uptimes_duration: 69240.03647998674
