comms_cons: 445.39514244675377
finished_reconf: true
global_termination_time: 4508682.757
local_termination_time: 1413023.00936
node_cons: 92723.02026558234
tot_aggregated_send: 63104
tot_msg_rcv: 1359
tot_msg_sent: 3234
tot_reconf_duration: 7.819999999999999
tot_sleeping_duration: 4439442.726600012
tot_uptimes: 1155
tot_uptimes_duration: 69240.03039998864
