comms_cons: 450.4388608740432
finished_reconf: true
global_termination_time: 4503726.453
local_termination_time: 1328774.6966
node_cons: 92647.44410893376
tot_aggregated_send: 62988
tot_msg_rcv: 1924
tot_msg_sent: 3552
tot_reconf_duration: 11.31
tot_sleeping_duration: 4434546.404360018
tot_uptimes: 1154
tot_uptimes_duration: 69180.04863998224
