comms_cons: 452.91224329966417
finished_reconf: true
global_termination_time: 4504382.038
local_termination_time: 750020.8411999996
node_cons: 92652.94127228476
tot_aggregated_send: 62292
tot_msg_rcv: 2311
tot_msg_sent: 4234
tot_reconf_duration: 15.34
tot_sleeping_duration: 4435201.971120024
tot_uptimes: 1154
tot_uptimes_duration: 69180.06687997561
