comms_cons: 131.97468158812342
finished_reconf: true
global_termination_time: 1298571.225
local_termination_time: 688061.4053599999
node_cons: 26693.75242558416
tot_aggregated_send: 17400
tot_msg_rcv: 922
tot_msg_sent: 1739
tot_reconf_duration: 15.34
tot_sleeping_duration: 1278651.194600012
tot_uptimes: 333
tot_uptimes_duration: 19920.030399988173
