comms_cons: 372.13661443221434
finished_reconf: true
global_termination_time: 3712760.194
local_termination_time: 1248298.46936
node_cons: 76331.59336893412
tot_aggregated_send: 51620
tot_msg_rcv: 1646
tot_msg_sent: 3295
tot_reconf_duration: 6.279999999999999
tot_sleeping_duration: 3655760.145360018
tot_uptimes: 951
tot_uptimes_duration: 57000.04863998201
