comms_cons: 374.2927936481481
finished_reconf: true
global_termination_time: 3715390.388
local_termination_time: 988186.0793999991
node_cons: 76407.59591005054
tot_aggregated_send: 51098
tot_msg_rcv: 1723
tot_msg_sent: 4069
tot_reconf_duration: 3.08
tot_sleeping_duration: 3658330.3332800204
tot_uptimes: 952
tot_uptimes_duration: 57060.05471997941
