comms_cons: 277.46460160451255
finished_reconf: true
global_termination_time: 2809990.052
local_termination_time: 5607.356
node_cons: 57855.11802893394
tot_aggregated_send: 38388
tot_msg_rcv: 1325
tot_msg_sent: 2460
tot_reconf_duration: 7.55
tot_sleeping_duration: 2766790.003360019
tot_uptimes: 720
tot_uptimes_duration: 43200.04863998131
