comms_cons: 276.2573120107943
finished_reconf: true
global_termination_time: 2810785.562
local_termination_time: 4716.656
node_cons: 57854.4879100514
tot_aggregated_send: 39838
tot_msg_rcv: 749
tot_msg_sent: 1402
tot_reconf_duration: 7.08
tot_sleeping_duration: 2767585.5072800205
tot_uptimes: 720
tot_uptimes_duration: 43200.05471997941
