comms_cons: 225.7191935949934
finished_reconf: true
global_termination_time: 2315323.889
local_termination_time: 1117192.2639999979
node_cons: 47568.20579999922
tot_aggregated_send: 33234
tot_msg_rcv: 362
tot_msg_sent: 712
tot_reconf_duration: 5.1
tot_sleeping_duration: 2279803.889
tot_uptimes: 593
tot_uptimes_duration: 35520.0
