comms_cons: 455.76166383566743
finished_reconf: true
global_termination_time: 2312126.7570799966
local_termination_time: 442.94603999999947
node_cons: 47638.048733591124
tot_aggregated_send: 0
tot_msg_rcv: 34899
tot_msg_sent: 34370
tot_reconf_duration: 11.31
tot_sleeping_duration: 2276560.8946800027
tot_uptimes: 593
tot_uptimes_duration: 35565.86239999381
