comms_cons: 1469.5181259533417
finished_reconf: true
global_termination_time: 3039389.4447999983
local_termination_time: 3039389.403679998
node_cons: 184475.57343371696
tot_aggregated_send: 0
tot_msg_rcv: 90283
tot_msg_sent: 133076
tot_reconf_duration: 37.410000000000004
tot_sleeping_duration: 2901656.232960026
tot_uptimes: 2263
tot_uptimes_duration: 137733.21183997273
