comms_cons: 300.35609600352535
finished_reconf: true
global_termination_time: 3041076.141
local_termination_time: 1578277.9126
node_cons: 62513.07266334992
tot_aggregated_send: 41818
tot_msg_rcv: 1287
tot_msg_sent: 2546
tot_reconf_duration: 6.279999999999999
tot_sleeping_duration: 2994396.1227600067
tot_uptimes: 779
tot_uptimes_duration: 46680.01823999337
