comms_cons: 305.1075520102221
finished_reconf: true
global_termination_time: 3040589.078
local_termination_time: 1443643.58236
node_cons: 62517.33678334947
tot_aggregated_send: 42398
tot_msg_rcv: 1481
tot_msg_sent: 2494
tot_reconf_duration: 9.42
tot_sleeping_duration: 2993909.059760007
tot_uptimes: 779
tot_uptimes_duration: 46680.01823999314
