comms_cons: 304.43932159590156
finished_reconf: true
global_termination_time: 3042970.998
local_termination_time: 1176402.1240399992
node_cons: 62593.34746558289
tot_aggregated_send: 41644
tot_msg_rcv: 1572
tot_msg_sent: 3057
tot_reconf_duration: 6.22
tot_sleeping_duration: 2996230.967600012
tot_uptimes: 780
tot_uptimes_duration: 46740.03039998817
