comms_cons: 34.26883199994517
finished_reconf: true
global_termination_time: 350364.64
local_termination_time: 10949.07092
node_cons: 7154.401900000007
tot_aggregated_send: 5046
tot_msg_rcv: 48
tot_msg_sent: 114
tot_reconf_duration: 3.05
tot_sleeping_duration: 345024.64
tot_uptimes: 90
tot_uptimes_duration: 5340.0
