comms_cons: 65.11559680061504
finished_reconf: true
global_termination_time: 624468.94524
local_termination_time: 201241.47956000068
node_cons: 12817.930452808021
tot_aggregated_send: 7076
tot_msg_rcv: 890
tot_msg_sent: 1933
tot_reconf_duration: 18.21
tot_sleeping_duration: 614914.650039994
tot_uptimes: 160
tot_uptimes_duration: 9554.295200005989
