comms_cons: 922.1275138071825
finished_reconf: true
global_termination_time: 9397417.775
local_termination_time: 3580060.3857199987
node_cons: 193309.06692557858
tot_aggregated_send: 130732
tot_msg_rcv: 2927
tot_msg_sent: 6499
tot_reconf_duration: 8.09
tot_sleeping_duration: 9253057.744600011
tot_uptimes: 2407
tot_uptimes_duration: 144360.03039998934
