comms_cons: 924.4416897976998
finished_reconf: true
global_termination_time: 9398245.943
local_termination_time: 3679252.3013600004
node_cons: 193318.60822669763
tot_aggregated_send: 129920
tot_msg_rcv: 3691
tot_msg_sent: 6898
tot_reconf_duration: 15.110000000000001
tot_sleeping_duration: 9253885.906520013
tot_uptimes: 2407
tot_uptimes_duration: 144360.03647998814
