comms_cons: 945.317683456182
finished_reconf: true
global_termination_time: 9393080.097119989
local_termination_time: 64660.774080000025
node_cons: 193317.5996253011
tot_aggregated_send: 131312
tot_msg_rcv: 4246
tot_msg_sent: 8119
tot_reconf_duration: 22.65
tot_sleeping_duration: 9248728.460880028
tot_uptimes: 2406
tot_uptimes_duration: 144351.6362399612
