comms_cons: 915.7895233782642
finished_reconf: true
global_termination_time: 9395012.185
local_termination_time: 3767448.2513599996
node_cons: 193234.8841044615
tot_aggregated_send: 129804
tot_msg_rcv: 3014
tot_msg_sent: 6376
tot_reconf_duration: 12.629999999999999
tot_sleeping_duration: 9250712.160680009
tot_uptimes: 2406
tot_uptimes_duration: 144300.02431999147
