comms_cons: 939.5871618660481
finished_reconf: true
global_termination_time: 9397649.186
local_termination_time: 737665.84236
node_cons: 193306.57631228116
tot_aggregated_send: 130848
tot_msg_rcv: 3964
tot_msg_sent: 7999
tot_reconf_duration: 6.22
tot_sleeping_duration: 9253289.119120024
tot_uptimes: 2407
tot_uptimes_duration: 144360.06687997608
