comms_cons: 127.41936639048407
finished_reconf: true
global_termination_time: 1235888.263
local_termination_time: 203481.61868000025
node_cons: 25408.361272308182
tot_aggregated_send: 16414
tot_msg_rcv: 1037
tot_msg_sent: 1916
tot_reconf_duration: 15.34
tot_sleeping_duration: 1216928.1961200088
tot_uptimes: 317
tot_uptimes_duration: 18960.06687999115
