comms_cons: 123.90607359642104
finished_reconf: true
global_termination_time: 1234116.127
local_termination_time: 809526.1053599999
node_cons: 25400.232360000096
tot_aggregated_send: 17516
tot_msg_rcv: 513
tot_msg_sent: 804
tot_reconf_duration: 9.42
tot_sleeping_duration: 1215156.127
tot_uptimes: 317
tot_uptimes_duration: 18960.0
