comms_cons: 122.75927039677597
finished_reconf: true
global_termination_time: 1235934.6
local_termination_time: 261294.31836000006
node_cons: 25404.59154000005
tot_aggregated_send: 17748
tot_msg_rcv: 342
tot_msg_sent: 569
tot_reconf_duration: 12.629999999999999
tot_sleeping_duration: 1216974.6
tot_uptimes: 317
tot_uptimes_duration: 18960.0
