comms_cons: 127.01145598771197
finished_reconf: true
global_termination_time: 1236597.73
local_termination_time: 137610.6828400001
node_cons: 25398.092124467337
tot_aggregated_send: 16820
tot_msg_rcv: 976
tot_msg_sent: 1509
tot_reconf_duration: 7.819999999999999
tot_sleeping_duration: 1217637.7056800094
tot_uptimes: 317
tot_uptimes_duration: 18960.024319990538
