comms_cons: 1.7961215999940656
finished_reconf: true
global_termination_time: 14515.143
local_termination_time: 9094.50436
node_cons: 275.3774000000015
tot_aggregated_send: 0
tot_msg_rcv: 149
tot_msg_sent: 124
tot_reconf_duration: 25.299999999999997
tot_sleeping_duration: 14335.143
tot_uptimes: 4
tot_uptimes_duration: 180.0
