comms_cons: 121.56317439448266
finished_reconf: true
global_termination_time: 1207897.283
local_termination_time: 269738.81736000004
node_cons: 24831.6082622429
tot_aggregated_send: 16878
tot_msg_rcv: 556
tot_msg_sent: 1042
tot_reconf_duration: 4.8100000000000005
tot_sleeping_duration: 1189357.270839998
tot_uptimes: 310
tot_uptimes_duration: 18540.012160002138
