comms_cons: 122.54417919055653
finished_reconf: true
global_termination_time: 1204617.8334799998
local_termination_time: 1204617.7923599998
node_cons: 24796.50422432239
tot_aggregated_send: 16356
tot_msg_rcv: 761
tot_msg_sent: 1508
tot_reconf_duration: 24.59
tot_sleeping_duration: 1186124.098599998
tot_uptimes: 309
tot_uptimes_duration: 18493.73488000175
