comms_cons: 81.89850879792998
finished_reconf: true
global_termination_time: 826713.243
local_termination_time: 463000.84336
node_cons: 16960.268239999983
tot_aggregated_send: 11832
tot_msg_rcv: 215
tot_msg_sent: 401
tot_reconf_duration: 6.279999999999999
tot_sleeping_duration: 814053.243
tot_uptimes: 212
tot_uptimes_duration: 12660.0
