comms_cons: 163.27503354450755
finished_reconf: true
global_termination_time: 822271.515
local_termination_time: 346.1591599999994
node_cons: 16902.166841116854
tot_aggregated_send: 0
tot_msg_rcv: 12642
tot_msg_sent: 12174
tot_reconf_duration: 22.65
tot_sleeping_duration: 809671.5089200024
tot_uptimes: 211
tot_uptimes_duration: 12600.006079997633
