comms_cons: 83.45119999979725
finished_reconf: true
global_termination_time: 823200.399
local_termination_time: 100104.18299999999
node_cons: 16881.247879602335
tot_aggregated_send: 11191
tot_msg_rcv: 496
tot_msg_sent: 998
tot_reconf_duration: 4.8100000000000005
tot_sleeping_duration: 810597.9225999982
tot_uptimes: 211
tot_uptimes_duration: 12602.476400001731
