comms_cons: 82.07551999856574
finished_reconf: true
global_termination_time: 822118.666
local_termination_time: 194844.81000000046
node_cons: 16879.87118335512
tot_aggregated_send: 11658
tot_msg_rcv: 295
tot_msg_sent: 522
tot_reconf_duration: 6.22
tot_sleeping_duration: 809518.6477600036
tot_uptimes: 211
tot_uptimes_duration: 12600.018239996338
