comms_cons: 98.65012479312156
finished_reconf: true
global_termination_time: 964606.83936
local_termination_time: 151402.01084000012
node_cons: 19869.983592312547
tot_aggregated_send: 13050
tot_msg_rcv: 655
tot_msg_sent: 1289
tot_reconf_duration: 3.05
tot_sleeping_duration: 949770.5124800055
tot_uptimes: 248
tot_uptimes_duration: 14836.326879994424
