comms_cons: 97.87013119592524
finished_reconf: true
global_termination_time: 966464.271
local_termination_time: 44354.17936000001
node_cons: 19851.41092783511
tot_aggregated_send: 13108
tot_msg_rcv: 543
tot_msg_sent: 1225
tot_reconf_duration: 5.43
tot_sleeping_duration: 951644.2284400036
tot_uptimes: 248
tot_uptimes_duration: 14820.042559996327
