comms_cons: 2.282982399992456
finished_reconf: true
global_termination_time: 13500.524
local_termination_time: 5829.595359999999
node_cons: 246.98161999999923
tot_aggregated_send: 0
tot_msg_rcv: 176
tot_msg_sent: 170
tot_reconf_duration: 4.390000000000001
tot_sleeping_duration: 13320.524
tot_uptimes: 4
tot_uptimes_duration: 180.0
