comms_cons: 644.0145729457968
finished_reconf: true
global_termination_time: 6411344.286
local_termination_time: 137161.28912000096
node_cons: 131897.6873037344
tot_aggregated_send: 89204
tot_msg_rcv: 2900
tot_msg_sent: 5780
tot_reconf_duration: 25.299999999999997
tot_sleeping_duration: 6312865.324160016
tot_uptimes: 1642
tot_uptimes_duration: 98478.96183998403
