comms_cons: 646.5104577539071
finished_reconf: true
global_termination_time: 6411568.122
local_termination_time: 1258084.8112799982
node_cons: 131843.95046669818
tot_aggregated_send: 89378
tot_msg_rcv: 3082
tot_msg_sent: 5804
tot_reconf_duration: 4.390000000000001
tot_sleeping_duration: 6313108.085520013
tot_uptimes: 1642
tot_uptimes_duration: 98460.03647998697
