comms_cons: 648.151456190058
finished_reconf: true
global_termination_time: 6409642.91
local_termination_time: 888096.3597599992
node_cons: 131846.44374781498
tot_aggregated_send: 88972
tot_msg_rcv: 3332
tot_msg_sent: 6210
tot_reconf_duration: 6.22
tot_sleeping_duration: 6311182.867440016
tot_uptimes: 1642
tot_uptimes_duration: 98460.04255998437
