comms_cons: 649.4161665961389
finished_reconf: true
global_termination_time: 6410096.6
local_termination_time: 670163.502639999
node_cons: 131858.8449900488
tot_aggregated_send: 88624
tot_msg_rcv: 3531
tot_msg_sent: 6551
tot_reconf_duration: 15.34
tot_sleeping_duration: 6311636.54528002
tot_uptimes: 1642
tot_uptimes_duration: 98460.05471997987
