comms_cons: 121.78482559573068
finished_reconf: true
global_termination_time: 1228707.124
local_termination_time: 400976.5926000001
node_cons: 25251.48918000007
tot_aggregated_send: 17516
tot_msg_rcv: 313
tot_msg_sent: 681
tot_reconf_duration: 18.21
tot_sleeping_duration: 1209867.124
tot_uptimes: 315
tot_uptimes_duration: 18840.0
