comms_cons: 2.1191295999937814
finished_reconf: true
global_termination_time: 13501.79348
local_termination_time: 13501.75236
node_cons: 310.181219840007
tot_aggregated_send: 0
tot_msg_rcv: 164
tot_msg_sent: 157
tot_reconf_duration: 37.410000000000004
tot_sleeping_duration: 13308.082919999995
tot_uptimes: 4
tot_uptimes_duration: 193.710560000005
