comms_cons: 2.198079999993794
finished_reconf: true
global_termination_time: 16883.924
local_termination_time: 743.1200799999997
node_cons: 337.52020000000005
tot_aggregated_send: 0
tot_msg_rcv: 167
tot_msg_sent: 167
tot_reconf_duration: 11.899999999999999
tot_sleeping_duration: 16643.924
tot_uptimes: 5
tot_uptimes_duration: 240.0
