comms_cons: 44.495129600824384
finished_reconf: true
global_termination_time: 451002.463
local_termination_time: 215452.54236000005
node_cons: 9269.866841121435
tot_aggregated_send: 6032
tot_msg_rcv: 227
tot_msg_sent: 504
tot_reconf_duration: 22.65
tot_sleeping_duration: 444102.4569199989
tot_uptimes: 116
tot_uptimes_duration: 6900.006080001069
