comms_cons: 254.5403840238347
finished_reconf: true
global_termination_time: 380559.2940000001
local_termination_time: 69181.55031999988
node_cons: 37936.58583044138
tot_aggregated_send: 0
tot_msg_rcv: 17492
tot_msg_sent: 21196
tot_reconf_duration: 4.390000000000001
tot_sleeping_duration: 352231.71803999896
tot_uptimes: 458
tot_uptimes_duration: 28327.575960001148
