comms_cons: 160.74266879642516
finished_reconf: true
global_termination_time: 1645830.06
local_termination_time: 1123645.92936
node_cons: 33831.603042233626
tot_aggregated_send: 22852
tot_msg_rcv: 450
tot_msg_sent: 1129
tot_reconf_duration: 6.22
tot_sleeping_duration: 1620570.0478400048
tot_uptimes: 422
tot_uptimes_duration: 25260.01215999527
