comms_cons: 117.53061119429982
finished_reconf: true
global_termination_time: 1157039.482
local_termination_time: 56274.87836000001
node_cons: 23801.52056671942
tot_aggregated_send: 15544
tot_msg_rcv: 754
tot_msg_sent: 1565
tot_reconf_duration: 15.34
tot_sleeping_duration: 1139279.4455200005
tot_uptimes: 297
tot_uptimes_duration: 17760.036479999544
