comms_cons: 117.50177918747545
finished_reconf: true
global_termination_time: 1154324.459
local_termination_time: 377121.15436000004
node_cons: 23704.57219229901
tot_aggregated_send: 14326
tot_msg_rcv: 1080
tot_msg_sent: 2451
tot_reconf_duration: 3.08
tot_sleeping_duration: 1136624.3921200158
tot_uptimes: 296
tot_uptimes_duration: 17700.066879984282
