comms_cons: 194.32560630954495
finished_reconf: true
global_termination_time: 1153517.7730000003
local_termination_time: 341903.16336
node_cons: 23762.948194533114
tot_aggregated_send: 0
tot_msg_rcv: 15185
tot_msg_sent: 14352
tot_reconf_duration: 6.22
tot_sleeping_duration: 1135777.2939600204
tot_uptimes: 296
tot_uptimes_duration: 17740.479039979924
