comms_cons: 115.54453759078298
finished_reconf: true
global_termination_time: 1153908.745
local_termination_time: 443065.90836000006
node_cons: 23715.69968559339
tot_aggregated_send: 15428
tot_msg_rcv: 857
tot_msg_sent: 1277
tot_reconf_duration: 11.31
tot_sleeping_duration: 1136208.7146000052
tot_uptimes: 296
tot_uptimes_duration: 17700.03039999504
