comms_cons: 724.2691969109628
finished_reconf: true
global_termination_time: 7378079.253
local_termination_time: 2235531.0673599998
node_cons: 151796.67438781433
tot_aggregated_send: 102544
tot_msg_rcv: 2527
tot_msg_sent: 5013
tot_reconf_duration: 25.299999999999997
tot_sleeping_duration: 7264739.2104400145
tot_uptimes: 1890
tot_uptimes_duration: 113340.04255998484
