comms_cons: 733.8532033481723
finished_reconf: true
global_termination_time: 7378513.387
local_termination_time: 2055520.339119998
node_cons: 151784.26813260917
tot_aggregated_send: 102776
tot_msg_rcv: 2991
tot_msg_sent: 5774
tot_reconf_duration: 11.31
tot_sleeping_duration: 7265168.421240019
tot_uptimes: 1890
tot_uptimes_duration: 113344.96575998073
