comms_cons: 106.91983359862311
finished_reconf: true
global_termination_time: 1092059.531
local_termination_time: 343003.03036000003
node_cons: 22421.408262233697
tot_aggregated_send: 15138
tot_msg_rcv: 299
tot_msg_sent: 815
tot_reconf_duration: 4.8100000000000005
tot_sleeping_duration: 1075319.5188400047
tot_uptimes: 280
tot_uptimes_duration: 16740.01215999527
