comms_cons: 56.995609599945595
finished_reconf: true
global_termination_time: 582380.9848399998
local_termination_time: 582366.6803599999
node_cons: 12002.261897759892
tot_aggregated_send: 8584
tot_msg_rcv: 14
tot_msg_sent: 65
tot_reconf_duration: 3.05
tot_sleeping_duration: 573420.477
tot_uptimes: 150
tot_uptimes_duration: 8960.50783999986
