comms_cons: 57.798899200362044
finished_reconf: true
global_termination_time: 582822.256
local_termination_time: 141260.00680000073
node_cons: 11986.018980000013
tot_aggregated_send: 8294
tot_msg_rcv: 153
tot_msg_sent: 338
tot_reconf_duration: 11.31
tot_sleeping_duration: 573882.256
tot_uptimes: 150
tot_uptimes_duration: 8940.0
