comms_cons: 13.630860799683518
finished_reconf: true
global_termination_time: 113745.56551999951
local_termination_time: 113745.52439999951
node_cons: 2439.412861996511
tot_aggregated_send: 1030
tot_msg_rcv: 342
tot_msg_sent: 698
tot_reconf_duration: 24.59
tot_sleeping_duration: 111948.68752000212
tot_uptimes: 30
tot_uptimes_duration: 1796.8779999973995
