comms_cons: 13.666252799818693
finished_reconf: true
global_termination_time: 113745.8824799999
local_termination_time: 58996.87936000001
node_cons: 2359.6576820773253
tot_aggregated_send: 928
tot_msg_rcv: 393
tot_msg_sent: 757
tot_reconf_duration: 7.819999999999999
tot_sleeping_duration: 111991.5597600019
tot_uptimes: 30
tot_uptimes_duration: 1754.3227199980029
