comms_cons: 12.21099519975563
finished_reconf: true
global_termination_time: 115794.662
local_termination_time: 55923.542360000014
node_cons: 2338.3311833574553
tot_aggregated_send: 986
tot_msg_rcv: 288
tot_msg_sent: 582
tot_reconf_duration: 6.22
tot_sleeping_duration: 114054.6437600019
tot_uptimes: 30
tot_uptimes_duration: 1740.0182399980986
