comms_cons: 13.553779199885536
finished_reconf: true
global_termination_time: 120112.38
local_termination_time: 60008.947360000006
node_cons: 2425.5671211191493
tot_aggregated_send: 1160
tot_msg_rcv: 324
tot_msg_sent: 577
tot_reconf_duration: 11.31
tot_sleeping_duration: 118312.37392000064
tot_uptimes: 31
tot_uptimes_duration: 1800.0060799993662
