comms_cons: 273.65526398917825
finished_reconf: true
global_termination_time: 2731909.781239993
local_termination_time: 7976.739960000001
node_cons: 56227.17701606216
tot_aggregated_send: 37932
tot_msg_rcv: 1345
tot_msg_sent: 2316
tot_reconf_duration: 18.21
tot_sleeping_duration: 2689936.3325200053
tot_uptimes: 700
tot_uptimes_duration: 41973.4487199874
