comms_cons: 34.442112000507194
finished_reconf: true
global_termination_time: 339134.514
local_termination_time: 14422.65036
node_cons: 6929.767521121436
tot_aggregated_send: 4466
tot_msg_rcv: 260
tot_msg_sent: 509
tot_reconf_duration: 15.110000000000001
tot_sleeping_duration: 333974.50791999896
tot_uptimes: 87
tot_uptimes_duration: 5160.006080001069
