comms_cons: 244.10746239521512
finished_reconf: true
global_termination_time: 2457968.91
local_termination_time: 1322193.10136
node_cons: 50550.02019999947
tot_aggregated_send: 35090
tot_msg_rcv: 631
tot_msg_sent: 1381
tot_reconf_duration: 11.899999999999999
tot_sleeping_duration: 2420228.91
tot_uptimes: 630
tot_uptimes_duration: 37740.0
