comms_cons: 247.25164163594522
finished_reconf: true
global_termination_time: 514564.9742800008
local_termination_time: 514564.9331600008
node_cons: 30956.036517525536
tot_aggregated_send: 0
tot_msg_rcv: 15279
tot_msg_sent: 22302
tot_reconf_duration: 24.59
tot_sleeping_duration: 491471.14059999667
tot_uptimes: 377
tot_uptimes_duration: 23093.833680004096
