comms_cons: 52.47569920091433
finished_reconf: true
global_termination_time: 514571.215
local_termination_time: 300928.9752800004
node_cons: 10609.030041121508
tot_aggregated_send: 7192
tot_msg_rcv: 319
tot_msg_sent: 465
tot_reconf_duration: 3.05
tot_sleeping_duration: 506651.20891999896
tot_uptimes: 132
tot_uptimes_duration: 7920.006080001069
