comms_cons: 230.11970558881
finished_reconf: true
global_termination_time: 2324031.013
local_termination_time: 1083429.32536
node_cons: 47820.184859999295
tot_aggregated_send: 32944
tot_msg_rcv: 667
tot_msg_sent: 1365
tot_reconf_duration: 13.17
tot_sleeping_duration: 2288331.013
tot_uptimes: 596
tot_uptimes_duration: 35700.0
