comms_cons: 32.80487680003386
finished_reconf: true
global_termination_time: 330952.967
local_termination_time: 78750.13635999996
node_cons: 6757.096381119158
tot_aggregated_send: 4582
tot_msg_rcv: 118
tot_msg_sent: 286
tot_reconf_duration: 6.279999999999999
tot_sleeping_duration: 325912.9609200006
tot_uptimes: 85
tot_uptimes_duration: 5040.006079999366
