comms_cons: 32.559488000355095
finished_reconf: true
global_termination_time: 330925.208
local_termination_time: 199596.08448000005
node_cons: 6752.758922242852
tot_aggregated_send: 4582
tot_msg_rcv: 77
tot_msg_sent: 289
tot_reconf_duration: 3.08
tot_sleeping_duration: 325885.19583999785
tot_uptimes: 85
tot_uptimes_duration: 5040.0121600021375
