comms_cons: 110.53713919716175
finished_reconf: true
global_termination_time: 1111645.615
local_termination_time: 190373.7684800001
node_cons: 22825.014901121467
tot_aggregated_send: 15660
tot_msg_rcv: 432
tot_msg_sent: 709
tot_reconf_duration: 6.22
tot_sleeping_duration: 1094605.6089199989
tot_uptimes: 285
tot_uptimes_duration: 17040.00608000107
