comms_cons: 67.70507520023412
finished_reconf: true
global_termination_time: 673776.264
local_termination_time: 17774.84748
node_cons: 13829.10770111685
tot_aggregated_send: 9106
tot_msg_rcv: 317
tot_msg_sent: 867
tot_reconf_duration: 7.819999999999999
tot_sleeping_duration: 663456.2579200023
tot_uptimes: 173
tot_uptimes_duration: 10320.006079997635
