comms_cons: 131.48656638109324
finished_reconf: true
global_termination_time: 671215.9006799995
local_termination_time: 3320.2533600000006
node_cons: 13779.839378883687
tot_aggregated_send: 0
tot_msg_rcv: 10049
tot_msg_sent: 9935
tot_reconf_duration: 6.22
tot_sleeping_duration: 660931.0667599968
tot_uptimes: 172
tot_uptimes_duration: 10284.83392000274
