comms_cons: 67.49640960431381
finished_reconf: true
global_termination_time: 231707.56268000026
local_termination_time: 231707.52156000026
node_cons: 9501.642556520379
tot_aggregated_send: 0
tot_msg_rcv: 3437
tot_msg_sent: 6821
tot_reconf_duration: 24.59
tot_sleeping_duration: 224636.42799999999
tot_uptimes: 118
tot_uptimes_duration: 7071.134680000265
