comms_cons: 199.46922878543825
finished_reconf: true
global_termination_time: 1987050.934
local_termination_time: 899583.2473599999
node_cons: 40821.25638111657
tot_aggregated_send: 27434
tot_msg_rcv: 950
tot_msg_sent: 1934
tot_reconf_duration: 6.279999999999999
tot_sleeping_duration: 1956570.9279200023
tot_uptimes: 509
tot_uptimes_duration: 30480.006079997635
