comms_cons: 200.97402878466357
finished_reconf: true
global_termination_time: 1984612.053
local_termination_time: 1212091.0716
node_cons: 40847.0855411166
tot_aggregated_send: 27492
tot_msg_rcv: 1103
tot_msg_sent: 1951
tot_reconf_duration: 25.299999999999997
tot_sleeping_duration: 1954132.0469200024
tot_uptimes: 509
tot_uptimes_duration: 30480.006079997635
