comms_cons: 198.3306111921584
finished_reconf: true
global_termination_time: 1986420.516
local_termination_time: 85525.36359999995
node_cons: 40823.3884067099
tot_aggregated_send: 28246
tot_msg_rcv: 680
tot_msg_sent: 1219
tot_reconf_duration: 7.819999999999999
tot_sleeping_duration: 1955940.4795200075
tot_uptimes: 509
tot_uptimes_duration: 30480.036479992676
