comms_cons: 166.55902718953726
finished_reconf: true
global_termination_time: 1658002.067
local_termination_time: 1009288.1338799992
node_cons: 34072.61490111695
tot_aggregated_send: 23258
tot_msg_rcv: 726
tot_msg_sent: 1332
tot_reconf_duration: 6.22
tot_sleeping_duration: 1632562.0609200024
tot_uptimes: 425
tot_uptimes_duration: 25440.006079997635
