comms_cons: 389.0878592112362
finished_reconf: true
global_termination_time: 3928602.689
local_termination_time: 2305447.4693199988
node_cons: 80846.76917999792
tot_aggregated_send: 56724
tot_msg_rcv: 807
tot_msg_sent: 1607
tot_reconf_duration: 18.21
tot_sleeping_duration: 3868242.689
tot_uptimes: 1007
tot_uptimes_duration: 60360.0
