comms_cons: 396.8639232462062
finished_reconf: true
global_termination_time: 3928747.463
local_termination_time: 2127637.5369599997
node_cons: 80852.82312334896
tot_aggregated_send: 54694
tot_msg_rcv: 1989
tot_msg_sent: 3638
tot_reconf_duration: 22.65
tot_sleeping_duration: 3868387.444760007
tot_uptimes: 1007
tot_uptimes_duration: 60360.01823999337
