comms_cons: 399.2704576914772
finished_reconf: true
global_termination_time: 3930897.689
local_termination_time: 219011.79536000005
node_cons: 80829.67733005072
tot_aggregated_send: 53882
tot_msg_rcv: 2331
tot_msg_sent: 4473
tot_reconf_duration: 5.57
tot_sleeping_duration: 3870537.6342800204
tot_uptimes: 1007
tot_uptimes_duration: 60360.05471997964
