comms_cons: 12.456307199983362
finished_reconf: true
global_termination_time: 103418.303
local_termination_time: 39837.19636000001
node_cons: 2096.4203422394417
tot_aggregated_send: 754
tot_msg_rcv: 494
tot_msg_sent: 646
tot_reconf_duration: 5.57
tot_sleeping_duration: 101858.29084000041
tot_uptimes: 27
tot_uptimes_duration: 1560.0121599995837
