comms_cons: 11.086579200004792
finished_reconf: true
global_termination_time: 104456.324
local_termination_time: 64953.39936000002
node_cons: 2123.213682238306
tot_aggregated_send: 986
tot_msg_rcv: 311
tot_msg_sent: 388
tot_reconf_duration: 25.299999999999997
tot_sleeping_duration: 102896.31184000126
tot_uptimes: 27
tot_uptimes_duration: 1560.0121599987324
