comms_cons: 13.737369599828842
finished_reconf: true
global_termination_time: 101945.806
local_termination_time: 5740.498480000002
node_cons: 2096.2790689603416
tot_aggregated_send: 638
tot_msg_rcv: 574
tot_msg_sent: 876
tot_reconf_duration: 5.43
tot_sleeping_duration: 100385.75735999974
tot_uptimes: 27
tot_uptimes_duration: 1560.0486400002555
