comms_cons: 107.13499519614125
finished_reconf: true
global_termination_time: 1074748.589
local_termination_time: 270918.60588000045
node_cons: 22104.127701116875
tot_aggregated_send: 15080
tot_msg_rcv: 391
tot_msg_sent: 812
tot_reconf_duration: 7.819999999999999
tot_sleeping_duration: 1058248.5829200023
tot_uptimes: 276
tot_uptimes_duration: 16500.006079997635
