comms_cons: 31.323519999873135
finished_reconf: true
global_termination_time: 159772.66
local_termination_time: 563.4633599999999
node_cons: 3219.5616200000013
tot_aggregated_send: 0
tot_msg_rcv: 2442
tot_msg_sent: 2318
tot_reconf_duration: 4.390000000000001
tot_sleeping_duration: 157372.66
tot_uptimes: 41
tot_uptimes_duration: 2400.0
