comms_cons: 214.5345535871245
finished_reconf: true
global_termination_time: 2149362.6944399984
local_termination_time: 2149362.653319998
node_cons: 44285.25448709653
tot_aggregated_send: 30552
tot_msg_rcv: 672
tot_msg_sent: 1383
tot_reconf_duration: 24.59
tot_sleeping_duration: 2116314.2543600155
tot_uptimes: 551
tot_uptimes_duration: 33048.44007998303
