comms_cons: 233.45055999215867
finished_reconf: true
global_termination_time: 2355254.559
local_termination_time: 640737.8273599999
node_cons: 48453.54823999941
tot_aggregated_send: 33872
tot_msg_rcv: 514
tot_msg_sent: 1097
tot_reconf_duration: 6.279999999999999
tot_sleeping_duration: 2319074.559
tot_uptimes: 604
tot_uptimes_duration: 36180.0
