comms_cons: 232.71288319527292
finished_reconf: true
global_termination_time: 2357377.183
local_termination_time: 1917407.23436
node_cons: 48452.58405999946
tot_aggregated_send: 34046
tot_msg_rcv: 482
tot_msg_sent: 843
tot_reconf_duration: 5.57
tot_sleeping_duration: 2321197.183
tot_uptimes: 604
tot_uptimes_duration: 36180.0
