comms_cons: 235.51562237426631
finished_reconf: true
global_termination_time: 2356665.324
local_termination_time: 1858240.8063599998
node_cons: 48453.507465583505
tot_aggregated_send: 31552
tot_msg_rcv: 1277
tot_msg_sent: 2968
tot_reconf_duration: 6.22
tot_sleeping_duration: 2320485.293600012
tot_uptimes: 604
tot_uptimes_duration: 36180.03039998817
