comms_cons: 238.57697278765252
finished_reconf: true
global_termination_time: 2354376.679239997
local_termination_time: 50895.11504000006
node_cons: 48400.46751382302
tot_aggregated_send: 32132
tot_msg_rcv: 1364
tot_msg_sent: 2766
tot_reconf_duration: 11.31
tot_sleeping_duration: 2318241.4226800096
tot_uptimes: 603
tot_uptimes_duration: 36135.256559987785
