comms_cons: 115.86691839374353
finished_reconf: true
global_termination_time: 1163023.508
local_termination_time: 516336.462
node_cons: 23868.56034223831
tot_aggregated_send: 16179
tot_msg_rcv: 500
tot_msg_sent: 932
tot_reconf_duration: 5.57
tot_sleeping_duration: 1145203.4958400014
tot_uptimes: 298
tot_uptimes_duration: 17820.012159998703
