comms_cons: 115.36031998981416
finished_reconf: true
global_termination_time: 1158162.647
local_termination_time: 557814.4982399988
node_cons: 23787.590223350504
tot_aggregated_send: 15138
tot_msg_rcv: 779
tot_msg_sent: 1618
tot_reconf_duration: 5.1
tot_sleeping_duration: 1140402.6287600072
tot_uptimes: 297
tot_uptimes_duration: 17760.018239992904
