comms_cons: 116.58270719259397
finished_reconf: true
global_termination_time: 1158878.294
local_termination_time: 222848.32836000004
node_cons: 23787.20454447656
tot_aggregated_send: 15834
tot_msg_rcv: 607
tot_msg_sent: 1278
tot_reconf_duration: 4.8100000000000005
tot_sleeping_duration: 1141118.2696800025
tot_uptimes: 297
tot_uptimes_duration: 17760.024319997407
