comms_cons: 114.46413439117407
finished_reconf: true
global_termination_time: 1160699.234
local_termination_time: 562608.5834799998
node_cons: 23868.402786719333
tot_aggregated_send: 15138
tot_msg_rcv: 745
tot_msg_sent: 1515
tot_reconf_duration: 5.43
tot_sleeping_duration: 1142879.1975200004
tot_uptimes: 298
tot_uptimes_duration: 17820.036479999544
