comms_cons: 80.24222720832006
finished_reconf: true
global_termination_time: 346724.6164800005
local_termination_time: 346724.5753600005
node_cons: 7167.603205295844
tot_aggregated_send: 0
tot_msg_rcv: 7006
tot_msg_sent: 5191
tot_reconf_duration: 37.410000000000004
tot_sleeping_duration: 341409.6049599886
tot_uptimes: 89
tot_uptimes_duration: 5315.011520011823
