comms_cons: 34.5088768004559
finished_reconf: true
global_termination_time: 347187.641
local_termination_time: 115751.71331999962
node_cons: 7101.343379600939
tot_aggregated_send: 4814
tot_msg_rcv: 162
tot_msg_sent: 269
tot_reconf_duration: 22.65
tot_sleeping_duration: 341907.1445999993
tot_uptimes: 89
tot_uptimes_duration: 5280.496400000688
