comms_cons: 81.00311039762788
finished_reconf: true
global_termination_time: 812980.595
local_termination_time: 473601.4717200001
node_cons: 16735.47360335515
tot_aggregated_send: 11368
tot_msg_rcv: 262
tot_msg_sent: 682
tot_reconf_duration: 18.21
tot_sleeping_duration: 800500.5767600037
tot_uptimes: 209
tot_uptimes_duration: 12480.018239996338
