comms_cons: 85.68092159610468
finished_reconf: true
global_termination_time: 814105.805
local_termination_time: 131480.31560000055
node_cons: 16719.2644534342
tot_aggregated_send: 10382
tot_msg_rcv: 944
tot_msg_sent: 1697
tot_reconf_duration: 6.22
tot_sleeping_duration: 801625.7320400043
tot_uptimes: 209
tot_uptimes_duration: 12480.072959995654
