comms_cons: 63.170860800488924
finished_reconf: true
global_termination_time: 639043.918
local_termination_time: 161060.33840000036
node_cons: 13120.165462242869
tot_aggregated_send: 9048
tot_msg_rcv: 160
tot_msg_sent: 393
tot_reconf_duration: 18.21
tot_sleeping_duration: 629263.9058399978
tot_uptimes: 164
tot_uptimes_duration: 9780.012160002138
