comms_cons: 0.29606399999902355
finished_reconf: true
global_termination_time: 3629.4612000000043
local_termination_time: 3615.0653600000005
node_cons: 91.73247880000588
tot_aggregated_send: 0
tot_msg_rcv: 35
tot_msg_sent: 9
tot_reconf_duration: 25.299999999999997
tot_sleeping_duration: 3586.612
tot_uptimes: 1
tot_uptimes_duration: 42.8492000000042
