comms_cons: 0.7500288000016724
finished_reconf: true
global_termination_time: 5583.783
local_termination_time: 1555.0503600000002
node_cons: 86.87197999999992
tot_aggregated_send: 0
tot_msg_rcv: 60
tot_msg_sent: 54
tot_reconf_duration: 4.8100000000000005
tot_sleeping_duration: 5523.783
tot_uptimes: 2
tot_uptimes_duration: 60.0
