comms_cons: 69.92373760044202
finished_reconf: true
global_termination_time: 719121.1431200004
local_termination_time: 71189.03359999995
node_cons: 14848.682609680476
tot_aggregated_send: 9860
tot_msg_rcv: 291
tot_msg_sent: 477
tot_reconf_duration: 7.819999999999999
tot_sleeping_duration: 708039.692
tot_uptimes: 185
tot_uptimes_duration: 11081.451120000333
