comms_cons: 71.61459199931404
finished_reconf: true
global_termination_time: 719800.487
local_termination_time: 312688.57236000005
node_cons: 14791.006759999984
tot_aggregated_send: 10324
tot_msg_rcv: 218
tot_msg_sent: 343
tot_reconf_duration: 6.22
tot_sleeping_duration: 708760.487
tot_uptimes: 185
tot_uptimes_duration: 11040.0
