comms_cons: 48.90364800121773
finished_reconf: true
global_termination_time: 470434.603
local_termination_time: 23558.60536
node_cons: 9647.733941121445
tot_aggregated_send: 6090
tot_msg_rcv: 474
tot_msg_sent: 869
tot_reconf_duration: 5.1
tot_sleeping_duration: 463234.59691999893
tot_uptimes: 121
tot_uptimes_duration: 7200.006080001069
