comms_cons: 111.64867839676701
finished_reconf: true
global_termination_time: 1151495.349
local_termination_time: 579390.122
node_cons: 23660.59955591772
tot_aggregated_send: 15948
tot_msg_rcv: 357
tot_msg_sent: 665
tot_reconf_duration: 22.65
tot_sleeping_duration: 1133847.9697200018
tot_uptimes: 295
tot_uptimes_duration: 17647.379279998248
