comms_cons: 113.24711679806389
finished_reconf: true
global_termination_time: 1151286.6381200005
local_termination_time: 28028.877480000003
node_cons: 23706.354331914372
tot_aggregated_send: 16008
tot_msg_rcv: 388
tot_msg_sent: 817
tot_reconf_duration: 4.8100000000000005
tot_sleeping_duration: 1133586.9948400047
tot_uptimes: 295
tot_uptimes_duration: 17699.64327999577
