comms_cons: 226.78066546724952
finished_reconf: true
global_termination_time: 1153876.087
local_termination_time: 270.5480399999996
node_cons: 23704.466323355133
tot_aggregated_send: 0
tot_msg_rcv: 17353
tot_msg_sent: 17115
tot_reconf_duration: 3.05
tot_sleeping_duration: 1136176.0687600037
tot_uptimes: 296
tot_uptimes_duration: 17700.018239996338
