comms_cons: 116.30885119216065
finished_reconf: true
global_termination_time: 1153899.243
local_termination_time: 43611.94692000006
node_cons: 23710.9358422337
tot_aggregated_send: 16066
tot_msg_rcv: 570
tot_msg_sent: 1042
tot_reconf_duration: 7.819999999999999
tot_sleeping_duration: 1136199.2308400047
tot_uptimes: 296
tot_uptimes_duration: 17700.01215999527
