comms_cons: 197.2180031224677
finished_reconf: true
global_termination_time: 871351.2939199983
local_termination_time: 871351.2527999984
node_cons: 18033.35789724342
tot_aggregated_send: 0
tot_msg_rcv: 16912
tot_msg_sent: 13058
tot_reconf_duration: 37.410000000000004
tot_sleeping_duration: 857921.4544000257
tot_uptimes: 224
tot_uptimes_duration: 13429.839519972666
