comms_cons: 430.34638085425456
finished_reconf: true
global_termination_time: 4284111.993119997
local_termination_time: 303091.09560000006
node_cons: 88163.29109196471
tot_aggregated_send: 60088
tot_msg_rcv: 1838
tot_msg_sent: 3484
tot_reconf_duration: 6.279999999999999
tot_sleeping_duration: 4218275.725120021
tot_uptimes: 1098
tot_uptimes_duration: 65836.26799997542
