comms_cons: 418.6425472228036
finished_reconf: true
global_termination_time: 4254024.614
local_termination_time: 875035.8493599999
node_cons: 87494.45074669937
tot_aggregated_send: 59566
tot_msg_rcv: 1438
tot_msg_sent: 2627
tot_reconf_duration: 3.05
tot_sleeping_duration: 4188684.577520014
tot_uptimes: 1090
tot_uptimes_duration: 65340.03647998627
