comms_cons: 195.2995839869008
finished_reconf: true
global_termination_time: 1945270.393
local_termination_time: 269738.5790000005
node_cons: 40034.10616782219
tot_aggregated_send: 27376
tot_msg_rcv: 807
tot_msg_sent: 1501
tot_reconf_duration: 18.21
tot_sleeping_duration: 1915390.350440013
tot_uptimes: 499
tot_uptimes_duration: 29880.042559986876
