comms_cons: 195.73777918621815
finished_reconf: true
global_termination_time: 1946716.839
local_termination_time: 301982.6156000001
node_cons: 40015.87640335023
tot_aggregated_send: 27202
tot_msg_rcv: 866
tot_msg_sent: 1683
tot_reconf_duration: 4.8100000000000005
tot_sleeping_duration: 1916836.820760007
tot_uptimes: 499
tot_uptimes_duration: 29880.018239992904
