comms_cons: 774.837529013669
finished_reconf: true
global_termination_time: 2127138.14
local_termination_time: 887049.0745999998
node_cons: 128800.45011746502
tot_aggregated_send: 0
tot_msg_rcv: 47641
tot_msg_sent: 70130
tot_reconf_duration: 4.390000000000001
tot_sleeping_duration: 2030951.0686800084
tot_uptimes: 1579
tot_uptimes_duration: 96187.07131999168
