comms_cons: 9.914854399930654
finished_reconf: true
global_termination_time: 90979.358
local_termination_time: 50157.85436000001
node_cons: 1854.368262238299
tot_aggregated_send: 696
tot_msg_rcv: 272
tot_msg_sent: 539
tot_reconf_duration: 4.8100000000000005
tot_sleeping_duration: 89599.34584000126
tot_uptimes: 24
tot_uptimes_duration: 1380.0121599987324
