comms_cons: 10.876672000166458
finished_reconf: true
global_termination_time: 91463.302
local_termination_time: 16474.70236
node_cons: 1853.806043360307
tot_aggregated_send: 754
tot_msg_rcv: 359
tot_msg_sent: 542
tot_reconf_duration: 4.390000000000001
tot_sleeping_duration: 90083.28375999976
tot_uptimes: 24
tot_uptimes_duration: 1380.0182400002304
