comms_cons: 13.790726400053934
finished_reconf: true
global_termination_time: 96848.979
local_termination_time: 53792.5723600001
node_cons: 1943.535262239439
tot_aggregated_send: 406
tot_msg_rcv: 761
tot_msg_sent: 930
tot_reconf_duration: 11.31
tot_sleeping_duration: 95408.96684000042
tot_uptimes: 25
tot_uptimes_duration: 1440.0121599995837
