comms_cons: 227.74558719137033
finished_reconf: true
global_termination_time: 2299717.302279999
local_termination_time: 2299717.261159999
node_cons: 47330.209247273204
tot_aggregated_send: 33150
tot_msg_rcv: 513
tot_msg_sent: 952
tot_reconf_duration: 37.410000000000004
tot_sleeping_duration: 2264407.812760004
tot_uptimes: 589
tot_uptimes_duration: 35309.48951999558
