comms_cons: 227.0481919981198
finished_reconf: true
global_termination_time: 2300763.622
local_termination_time: 1565520.8364799998
node_cons: 47331.24621999953
tot_aggregated_send: 33002
tot_msg_rcv: 468
tot_msg_sent: 1040
tot_reconf_duration: 8.09
tot_sleeping_duration: 2265423.622
tot_uptimes: 590
tot_uptimes_duration: 35340.0
