comms_cons: 228.51535359666832
finished_reconf: true
global_termination_time: 2300641.074
local_termination_time: 1698360.86836
node_cons: 47332.63137999956
tot_aggregated_send: 32538
tot_msg_rcv: 751
tot_msg_sent: 1444
tot_reconf_duration: 9.11
tot_sleeping_duration: 2265301.074
tot_uptimes: 590
tot_uptimes_duration: 35340.0
