comms_cons: 226.9106559918802
finished_reconf: true
global_termination_time: 2302555.477
local_termination_time: 1691131.911
node_cons: 47352.705263833064
tot_aggregated_send: 32999
tot_msg_rcv: 447
tot_msg_sent: 1043
tot_reconf_duration: 15.110000000000001
tot_sleeping_duration: 2267206.5704400046
tot_uptimes: 590
tot_uptimes_duration: 35348.906559995376
