comms_cons: 282.69121282357213
finished_reconf: true
global_termination_time: 2811070.047
local_termination_time: 2116656.41436
node_cons: 57853.417861115915
tot_aggregated_send: 39382
tot_msg_rcv: 1210
tot_msg_sent: 2376
tot_reconf_duration: 6.34
tot_sleeping_duration: 2767870.040920002
tot_uptimes: 720
tot_uptimes_duration: 43200.00607999787
