comms_cons: 283.5838848239955
finished_reconf: true
global_termination_time: 2810309.782
local_termination_time: 1355323.3889999979
node_cons: 57856.79165846426
tot_aggregated_send: 39092
tot_msg_rcv: 1342
tot_msg_sent: 2670
tot_reconf_duration: 8.129999999999999
tot_sleeping_duration: 2767109.0716800108
tot_uptimes: 720
tot_uptimes_duration: 43200.71031998913
