comms_cons: 282.86357761149213
finished_reconf: true
global_termination_time: 2809734.993
local_termination_time: 1189746.0970399992
node_cons: 57853.28746558372
tot_aggregated_send: 39266
tot_msg_rcv: 1231
tot_msg_sent: 2496
tot_reconf_duration: 6.22
tot_sleeping_duration: 2766534.9626000114
tot_uptimes: 720
tot_uptimes_duration: 43200.03039998864
