comms_cons: 141.1425599931854
finished_reconf: true
global_termination_time: 1432326.856
local_termination_time: 924357.404
node_cons: 29411.53816319388
tot_aggregated_send: 19427
tot_msg_rcv: 685
tot_msg_sent: 1341
tot_reconf_duration: 4.390000000000001
tot_sleeping_duration: 1410366.0072000045
tot_uptimes: 367
tot_uptimes_duration: 21960.84879999538
