comms_cons: 141.54490879702382
finished_reconf: true
global_termination_time: 1436619.514
local_termination_time: 964919.858
node_cons: 29501.428062076935
tot_aggregated_send: 20349
tot_msg_rcv: 374
tot_msg_sent: 791
tot_reconf_duration: 11.31
tot_sleeping_duration: 1414598.5512800023
tot_uptimes: 368
tot_uptimes_duration: 22020.96271999774
