comms_cons: 2.829055999997639
finished_reconf: true
global_termination_time: 15263.608
local_termination_time: 7182.851360000001
node_cons: 252.01436112000644
tot_aggregated_send: 0
tot_msg_rcv: 262
tot_msg_sent: 168
tot_reconf_duration: 8.09
tot_sleeping_duration: 15083.601919999996
tot_uptimes: 4
tot_uptimes_duration: 180.00608000000466
