comms_cons: 2.355353599994328
finished_reconf: true
global_termination_time: 17625.07
local_termination_time: 4669.894360000001
node_cons: 352.1187000000008
tot_aggregated_send: 0
tot_msg_rcv: 203
tot_msg_sent: 155
tot_reconf_duration: 22.65
tot_sleeping_duration: 17385.07
tot_uptimes: 5
tot_uptimes_duration: 240.0
