comms_cons: 2.6448383999912597
finished_reconf: true
global_termination_time: 17490.711
local_termination_time: 6425.851360000001
node_cons: 334.16050112000636
tot_aggregated_send: 0
tot_msg_rcv: 231
tot_msg_sent: 171
tot_reconf_duration: 9.42
tot_sleeping_duration: 17250.704919999996
tot_uptimes: 5
tot_uptimes_duration: 240.00608000000466
