comms_cons: 2.4671999999960676
finished_reconf: true
global_termination_time: 18358.245
local_termination_time: 5550.59036
node_cons: 329.81490112000654
tot_aggregated_send: 0
tot_msg_rcv: 203
tot_msg_sent: 172
tot_reconf_duration: 6.22
tot_sleeping_duration: 18118.238919999996
tot_uptimes: 5
tot_uptimes_duration: 240.00608000000466
