comms_cons: 53.18625280048269
finished_reconf: true
global_termination_time: 530518.308
local_termination_time: 440164.7717200006
node_cons: 10870.637321121474
tot_aggregated_send: 7192
tot_msg_rcv: 270
tot_msg_sent: 622
tot_reconf_duration: 18.21
tot_sleeping_duration: 522418.3019199989
tot_uptimes: 136
tot_uptimes_duration: 8100.006080001069
