comms_cons: 54.93036800140992
finished_reconf: true
global_termination_time: 529080.611
local_termination_time: 172966.008
node_cons: 10889.37887864543
tot_aggregated_send: 6842
tot_msg_rcv: 527
tot_msg_sent: 981
tot_reconf_duration: 22.65
tot_sleeping_duration: 520971.111239996
tot_uptimes: 136
tot_uptimes_duration: 8109.4997600040515
