comms_cons: 53.139148800363294
finished_reconf: true
global_termination_time: 530708.233
local_termination_time: 293235.36536
node_cons: 10854.436381121404
tot_aggregated_send: 7250
tot_msg_rcv: 247
tot_msg_sent: 581
tot_reconf_duration: 6.279999999999999
tot_sleeping_duration: 522608.22691999894
tot_uptimes: 136
tot_uptimes_duration: 8100.006080001069
