comms_cons: 52.98265600028126
finished_reconf: true
global_termination_time: 529608.239
local_termination_time: 154027.34536000006
node_cons: 10863.793001121461
tot_aggregated_send: 7308
tot_msg_rcv: 233
tot_msg_sent: 512
tot_reconf_duration: 13.17
tot_sleeping_duration: 521508.2329199989
tot_uptimes: 136
tot_uptimes_duration: 8100.006080001069
