comms_cons: 107.19004161315269
finished_reconf: true
global_termination_time: 532560.774
local_termination_time: 2971.8403600000006
node_cons: 10937.250643362027
tot_aggregated_send: 0
tot_msg_rcv: 8393
tot_msg_sent: 7896
tot_reconf_duration: 8.09
tot_sleeping_duration: 524400.7557599985
tot_uptimes: 137
tot_uptimes_duration: 8160.018240001504
