comms_cons: 37.02115840078196
finished_reconf: true
global_termination_time: 363746.261
local_termination_time: 26339.287360000002
node_cons: 7475.786323364303
tot_aggregated_send: 4872
tot_msg_rcv: 230
tot_msg_sent: 525
tot_reconf_duration: 3.05
tot_sleeping_duration: 358166.2427599968
tot_uptimes: 94
tot_uptimes_duration: 5580.018240003206
