comms_cons: 305.7645439865234
finished_reconf: true
global_termination_time: 3107757.384
local_termination_time: 1137261.95836
node_cons: 63880.93584223245
tot_aggregated_send: 42862
tot_msg_rcv: 1280
tot_msg_sent: 2332
tot_reconf_duration: 7.819999999999999
tot_sleeping_duration: 3060057.371840005
tot_uptimes: 796
tot_uptimes_duration: 47700.01215999527
