comms_cons: 10.54238720008922
finished_reconf: true
global_termination_time: 92260.593
local_termination_time: 3372.24512
node_cons: 1851.589801120008
tot_aggregated_send: 812
tot_msg_rcv: 404
tot_msg_sent: 387
tot_reconf_duration: 2.77
tot_sleeping_duration: 90880.58691999999
tot_uptimes: 24
tot_uptimes_duration: 1380.0060800000065
