comms_cons: 31.48209920006959
finished_reconf: true
global_termination_time: 317042.606
local_termination_time: 72830.08135999995
node_cons: 6511.690041121422
tot_aggregated_send: 4524
tot_msg_rcv: 89
tot_msg_sent: 172
tot_reconf_duration: 3.05
tot_sleeping_duration: 312182.59991999896
tot_uptimes: 82
tot_uptimes_duration: 4860.006080001069
