comms_cons: 68.8651135985252
finished_reconf: true
global_termination_time: 681554.549
local_termination_time: 144606.72336000006
node_cons: 13987.631183358293
tot_aggregated_send: 9396
tot_msg_rcv: 376
tot_msg_sent: 695
tot_reconf_duration: 6.22
tot_sleeping_duration: 671114.5307600013
tot_uptimes: 175
tot_uptimes_duration: 10440.01823999871
