comms_cons: 70.45665279786338
finished_reconf: true
global_termination_time: 717169.431
local_termination_time: 688928.6242799993
node_cons: 14710.66676000014
tot_aggregated_send: 10382
tot_msg_rcv: 99
tot_msg_sent: 228
tot_reconf_duration: 6.22
tot_sleeping_duration: 706189.431
tot_uptimes: 184
tot_uptimes_duration: 10980.0
