comms_cons: 219.10960638212825
finished_reconf: true
global_termination_time: 2152323.449
local_termination_time: 510373.08928000083
node_cons: 44273.945250051045
tot_aggregated_send: 29348
tot_msg_rcv: 1334
tot_msg_sent: 2625
tot_reconf_duration: 4.8100000000000005
tot_sleeping_duration: 2119263.3942800215
tot_uptimes: 552
tot_uptimes_duration: 33060.05471997871
