comms_cons: 264.4499903836924
finished_reconf: true
global_termination_time: 2663972.198
local_termination_time: 1310456.6443599998
node_cons: 54796.095170050976
tot_aggregated_send: 35902
tot_msg_rcv: 1433
tot_msg_sent: 2859
tot_reconf_duration: 3.05
tot_sleeping_duration: 2623052.1432800204
tot_uptimes: 683
tot_uptimes_duration: 40920.054719979176
