comms_cons: 264.3929855915594
finished_reconf: true
global_termination_time: 2662381.127
local_termination_time: 1450445.86136
node_cons: 54732.41242558338
tot_aggregated_send: 35554
tot_msg_rcv: 1353
tot_msg_sent: 3280
tot_reconf_duration: 15.34
tot_sleeping_duration: 2621521.096600012
tot_uptimes: 682
tot_uptimes_duration: 40860.03039998817
