comms_cons: 146.04508159629148
finished_reconf: true
global_termination_time: 1484178.903
local_termination_time: 808396.32636
node_cons: 30535.161620000068
tot_aggregated_send: 20822
tot_msg_rcv: 440
tot_msg_sent: 936
tot_reconf_duration: 4.390000000000001
tot_sleeping_duration: 1461378.903
tot_uptimes: 381
tot_uptimes_duration: 22800.0
