comms_cons: 149.23662078840945
finished_reconf: true
global_termination_time: 1484071.0812400002
local_termination_time: 261233.29536000005
node_cons: 30604.20682382779
tot_aggregated_send: 20590
tot_msg_rcv: 701
tot_msg_sent: 1391
tot_reconf_duration: 11.31
tot_sleeping_duration: 1461226.5346800094
tot_uptimes: 381
tot_uptimes_duration: 22844.54655999085
