comms_cons: 167.20286721838787
finished_reconf: true
global_termination_time: 343965.9029600006
local_termination_time: 343965.8618400006
node_cons: 21061.90585864632
tot_aggregated_send: 0
tot_msg_rcv: 10238
tot_msg_sent: 15175
tot_reconf_duration: 24.59
tot_sleeping_duration: 328261.2631999959
tot_uptimes: 258
tot_uptimes_duration: 15704.639760004688
