comms_cons: 35.17960959998259
finished_reconf: true
global_termination_time: 344499.545
local_termination_time: 8980.452480000002
node_cons: 7076.45198000001
tot_aggregated_send: 4698
tot_msg_rcv: 247
tot_msg_sent: 402
tot_reconf_duration: 4.8100000000000005
tot_sleeping_duration: 339219.545
tot_uptimes: 89
tot_uptimes_duration: 5280.0
