comms_cons: 34.850022400533874
finished_reconf: true
global_termination_time: 346308.149
local_termination_time: 230493.13760000005
node_cons: 7080.547701121409
tot_aggregated_send: 4698
tot_msg_rcv: 197
tot_msg_sent: 402
tot_reconf_duration: 7.819999999999999
tot_sleeping_duration: 341028.1429199989
tot_uptimes: 89
tot_uptimes_duration: 5280.006080001069
