comms_cons: 802.8114637793083
finished_reconf: true
global_termination_time: 4075841.679
local_termination_time: 2386653.2396
node_cons: 83825.41126446599
tot_aggregated_send: 0
tot_msg_rcv: 61542
tot_msg_sent: 60480
tot_reconf_duration: 22.65
tot_sleeping_duration: 4013261.654680009
tot_uptimes: 1044
tot_uptimes_duration: 62580.02431999124
