comms_cons: 410.6999808510364
finished_reconf: true
global_termination_time: 4073205.199
local_termination_time: 2330485.34336
node_cons: 83801.19268558334
tot_aggregated_send: 56666
tot_msg_rcv: 1929
tot_msg_sent: 3829
tot_reconf_duration: 4.8100000000000005
tot_sleeping_duration: 4010625.1686000107
tot_uptimes: 1044
tot_uptimes_duration: 62580.030399989104
