comms_cons: 119.9460223981267
finished_reconf: true
global_termination_time: 1238574.708
local_termination_time: 7194.5470000000005
node_cons: 25479.901501116874
tot_aggregated_send: 17507
tot_msg_rcv: 222
tot_msg_sent: 502
tot_reconf_duration: 8.92
tot_sleeping_duration: 1219554.7019200025
tot_uptimes: 318
tot_uptimes_duration: 19020.006079997635
