comms_cons: 120.43605119660273
finished_reconf: true
global_termination_time: 1235453.473
local_termination_time: 4262.836
node_cons: 25409.18158000004
tot_aggregated_send: 17790
tot_msg_rcv: 187
tot_msg_sent: 328
tot_reconf_duration: 16.009999999999998
tot_sleeping_duration: 1216493.473
tot_uptimes: 317
tot_uptimes_duration: 18960.0
