comms_cons: 45.44003199987434
finished_reconf: true
global_termination_time: 11403.529360000015
local_termination_time: 1425.9774800000025
node_cons: 4983.198611760055
tot_aggregated_send: 0
tot_msg_rcv: 3544
tot_msg_sent: 3362
tot_reconf_duration: 18.21
tot_sleeping_duration: 7700.415519999974
tot_uptimes: 48
tot_uptimes_duration: 3703.1138400000405
