comms_cons: 2.2435071999925866
finished_reconf: true
global_termination_time: 12797.515
local_termination_time: 6939.352360000001
node_cons: 256.3789800000005
tot_aggregated_send: 0
tot_msg_rcv: 176
tot_msg_sent: 164
tot_reconf_duration: 11.31
tot_sleeping_duration: 12617.515
tot_uptimes: 4
tot_uptimes_duration: 180.0
