comms_cons: 176.63961598117064
finished_reconf: true
global_termination_time: 1736507.6990399994
local_termination_time: 1736507.6579199994
node_cons: 35788.60366902632
tot_aggregated_send: 23547
tot_msg_rcv: 1122
tot_msg_sent: 2179
tot_reconf_duration: 59.62
tot_sleeping_duration: 1709840.3056800095
tot_uptimes: 445
tot_uptimes_duration: 26667.39335998986
