comms_cons: 170.84014078409612
finished_reconf: true
global_termination_time: 1737345.495
local_termination_time: 4091.3690000000006
node_cons: 35685.45786349478
tot_aggregated_send: 22435
tot_msg_rcv: 1240
tot_msg_sent: 2292
tot_reconf_duration: 10.55
tot_sleeping_duration: 1710705.3673200188
tot_uptimes: 445
tot_uptimes_duration: 26640.127679981233
