comms_cons: 0.6776576000015111
finished_reconf: true
global_termination_time: 5623.315
local_termination_time: 1475.4683600000003
node_cons: 111.09870000000012
tot_aggregated_send: 0
tot_msg_rcv: 65
tot_msg_sent: 38
tot_reconf_duration: 22.65
tot_sleeping_duration: 5563.315
tot_uptimes: 2
tot_uptimes_duration: 60.0
