comms_cons: 54.96702720101632
finished_reconf: true
global_termination_time: 532700.749
local_termination_time: 119505.57135999997
node_cons: 10950.977321121454
tot_aggregated_send: 7134
tot_msg_rcv: 481
tot_msg_sent: 739
tot_reconf_duration: 18.21
tot_sleeping_duration: 524540.742919999
tot_uptimes: 137
tot_uptimes_duration: 8160.006080001069
