comms_cons: 54.89684480101471
finished_reconf: true
global_termination_time: 531744.1247199988
local_termination_time: 531744.0835999988
node_cons: 11014.664834564079
tot_aggregated_send: 7062
tot_msg_rcv: 425
tot_msg_sent: 856
tot_reconf_duration: 24.59
tot_sleeping_duration: 523543.0256799958
tot_uptimes: 137
tot_uptimes_duration: 8201.099040003028
