comms_cons: 29.705088000449685
finished_reconf: true
global_termination_time: 295473.6964800006
local_termination_time: 278958.14336
node_cons: 6085.809701842211
tot_aggregated_send: 4060
tot_msg_rcv: 138
tot_msg_sent: 316
tot_reconf_duration: 4.390000000000001
tot_sleeping_duration: 290933.10791999893
tot_uptimes: 76
tot_uptimes_duration: 4540.588560001692
