comms_cons: 30.468902400658152
finished_reconf: true
global_termination_time: 297510.456
local_termination_time: 198096.02184000058
node_cons: 6109.9981822405725
tot_aggregated_send: 3944
tot_msg_rcv: 220
tot_msg_sent: 466
tot_reconf_duration: 3.05
tot_sleeping_duration: 292950.44383999956
tot_uptimes: 77
tot_uptimes_duration: 4560.012160000435
