comms_cons: 30.284684800569902
finished_reconf: true
global_termination_time: 295639.454
local_termination_time: 81410.90823999944
node_cons: 6039.454205602133
tot_aggregated_send: 3712
tot_msg_rcv: 254
tot_msg_sent: 638
tot_reconf_duration: 7.819999999999999
tot_sleeping_duration: 291136.96359999845
tot_uptimes: 76
tot_uptimes_duration: 4502.490400001581
