comms_cons: 29.514291200005008
finished_reconf: true
global_termination_time: 297382.585
local_termination_time: 9416.034040000002
node_cons: 6121.198980000006
tot_aggregated_send: 4234
tot_msg_rcv: 87
tot_msg_sent: 165
tot_reconf_duration: 11.31
tot_sleeping_duration: 292822.585
tot_uptimes: 77
tot_uptimes_duration: 4560.0
