comms_cons: 31.955174400046616
finished_reconf: true
global_termination_time: 323337.709
local_termination_time: 40596.493600000016
node_cons: 6605.764860000005
tot_aggregated_send: 4524
tot_msg_rcv: 113
tot_msg_sent: 220
tot_reconf_duration: 13.17
tot_sleeping_duration: 318417.709
tot_uptimes: 83
tot_uptimes_duration: 4920.0
