comms_cons: 33.06705920057392
finished_reconf: true
global_termination_time: 324886.391
local_termination_time: 40554.760600000016
node_cons: 6683.578980000004
tot_aggregated_send: 4408
tot_msg_rcv: 222
tot_msg_sent: 396
tot_reconf_duration: 11.31
tot_sleeping_duration: 319906.391
tot_uptimes: 84
tot_uptimes_duration: 4980.0
