comms_cons: 56.27388800066988
finished_reconf: true
global_termination_time: 566594.339
local_termination_time: 137031.02572000012
node_cons: 11657.746760000016
tot_aggregated_send: 8062
tot_msg_rcv: 148
tot_msg_sent: 343
tot_reconf_duration: 6.22
tot_sleeping_duration: 557894.339
tot_uptimes: 146
tot_uptimes_duration: 8700.0
