comms_cons: 55.44291839962254
finished_reconf: true
global_termination_time: 567535.518
local_termination_time: 465966.71448000096
node_cons: 11675.46535272133
tot_aggregated_send: 8294
tot_msg_rcv: 22
tot_msg_sent: 111
tot_reconf_duration: 11.31
tot_sleeping_duration: 558827.4475199991
tot_uptimes: 146
tot_uptimes_duration: 8708.070480000984
