comms_cons: 90.957439999989
finished_reconf: true
global_termination_time: 931105.054
local_termination_time: 694608.0243599999
node_cons: 19125.06190000009
tot_aggregated_send: 12876
tot_msg_rcv: 309
tot_msg_sent: 640
tot_reconf_duration: 3.05
tot_sleeping_duration: 916825.054
tot_uptimes: 239
tot_uptimes_duration: 14280.0
