comms_cons: 55.930406400903756
finished_reconf: true
global_termination_time: 557993.0101200001
local_termination_time: 37489.26204000006
node_cons: 11441.953390801593
tot_aggregated_send: 7598
tot_msg_rcv: 293
tot_msg_sent: 610
tot_reconf_duration: 7.819999999999999
tot_sleeping_duration: 549455.792919999
tot_uptimes: 143
tot_uptimes_duration: 8537.217200001178
