comms_cons: 89.49027839905901
finished_reconf: true
global_termination_time: 903895.644
local_termination_time: 225280.0792400005
node_cons: 18567.068240000026
tot_aggregated_send: 13050
tot_msg_rcv: 209
tot_msg_sent: 343
tot_reconf_duration: 6.279999999999999
tot_sleeping_duration: 890035.644
tot_uptimes: 232
tot_uptimes_duration: 13860.0
