comms_cons: 89.66384639864833
finished_reconf: true
global_termination_time: 903619.959
local_termination_time: 254655.58196000013
node_cons: 18566.11220112147
tot_aggregated_send: 12818
tot_msg_rcv: 234
tot_msg_sent: 576
tot_reconf_duration: 5.57
tot_sleeping_duration: 889759.9529199989
tot_uptimes: 232
tot_uptimes_duration: 13860.006080001069
