comms_cons: 89.18666239875688
finished_reconf: true
global_termination_time: 902711.7274799999
local_termination_time: 902711.6863599999
node_cons: 18627.71750207952
tot_aggregated_send: 13024
tot_msg_rcv: 173
tot_msg_sent: 358
tot_reconf_duration: 37.410000000000004
tot_sleeping_duration: 888838.0047600003
tot_uptimes: 232
tot_uptimes_duration: 13873.722719999612
