comms_cons: 90.43768319713362
finished_reconf: true
global_termination_time: 908217.058
local_termination_time: 305883.22208000015
node_cons: 18645.8058
tot_aggregated_send: 12934
tot_msg_rcv: 294
tot_msg_sent: 518
tot_reconf_duration: 5.1
tot_sleeping_duration: 894297.058
tot_uptimes: 233
tot_uptimes_duration: 13920.0
