comms_cons: 88.84551679633738
finished_reconf: true
global_termination_time: 904034.212
local_termination_time: 594593.5900799986
node_cons: 18579.059380000006
tot_aggregated_send: 12934
tot_msg_rcv: 146
tot_msg_sent: 424
tot_reconf_duration: 15.110000000000001
tot_sleeping_duration: 890174.212
tot_uptimes: 232
tot_uptimes_duration: 13860.0
