comms_cons: 89.17510399760393
finished_reconf: true
global_termination_time: 908865.761
local_termination_time: 246922.49540000083
node_cons: 18644.841620000047
tot_aggregated_send: 12934
tot_msg_rcv: 176
tot_msg_sent: 444
tot_reconf_duration: 4.390000000000001
tot_sleeping_duration: 894945.761
tot_uptimes: 233
tot_uptimes_duration: 13920.0
