comms_cons: 88.51123199940183
finished_reconf: true
global_termination_time: 905608.504
local_termination_time: 828424.4093599999
node_cons: 18562.681900000087
tot_aggregated_send: 13166
tot_msg_rcv: 106
tot_msg_sent: 181
tot_reconf_duration: 3.05
tot_sleeping_duration: 891748.504
tot_uptimes: 232
tot_uptimes_duration: 13860.0
