comms_cons: 119.64908159325347
finished_reconf: true
global_termination_time: 1221175.761
local_termination_time: 5939.228999999999
node_cons: 25095.554004476566
tot_aggregated_send: 16741
tot_msg_rcv: 448
tot_msg_sent: 996
tot_reconf_duration: 21.68
tot_sleeping_duration: 1202455.7366800024
tot_uptimes: 313
tot_uptimes_duration: 18720.024319997407
