comms_cons: 120.47911039014699
finished_reconf: true
global_termination_time: 1224832.045
local_termination_time: 7339.0380000000005
node_cons: 25150.27121229899
tot_aggregated_send: 16120
tot_msg_rcv: 683
tot_msg_sent: 1508
tot_reconf_duration: 2.77
tot_sleeping_duration: 1206051.9781200157
tot_uptimes: 314
tot_uptimes_duration: 18780.066879984282
