comms_cons: 125.15437438755023
finished_reconf: true
global_termination_time: 1220789.8952400004
local_termination_time: 5296.831
node_cons: 25140.631943902354
tot_aggregated_send: 15829
tot_msg_rcv: 1089
tot_msg_sent: 2103
tot_reconf_duration: 3.95
tot_sleeping_duration: 1202018.2239600138
tot_uptimes: 313
tot_uptimes_duration: 18771.671279986796
