comms_cons: 122.25995519382893
finished_reconf: true
global_termination_time: 1221585.085
local_termination_time: 7483.366999999999
node_cons: 25073.98893007684
tot_aggregated_send: 16349
tot_msg_rcv: 824
tot_msg_sent: 1409
tot_reconf_duration: 5.77
tot_sleeping_duration: 1202865.0302800024
tot_uptimes: 313
tot_uptimes_duration: 18720.054719997614
