comms_cons: 122.40578559395296
finished_reconf: true
global_termination_time: 1220836.668
local_termination_time: 4214.707
node_cons: 25080.512734549622
tot_aggregated_send: 16461
tot_msg_rcv: 784
tot_msg_sent: 1360
tot_reconf_duration: 10.55
tot_sleeping_duration: 1202116.588960008
tot_uptimes: 313
tot_uptimes_duration: 18720.079039992226
