comms_cons: 393.68805124111327
finished_reconf: true
global_termination_time: 3936610.928
local_termination_time: 1117074.4813599999
node_cons: 81003.29636781655
tot_aggregated_send: 55448
tot_msg_rcv: 1523
tot_msg_sent: 2869
tot_reconf_duration: 15.110000000000001
tot_sleeping_duration: 3876130.8854400157
tot_uptimes: 1009
tot_uptimes_duration: 60480.04255998414
