comms_cons: 391.2060928321033
finished_reconf: true
global_termination_time: 3935093.053
local_termination_time: 490067.9113600001
node_cons: 80933.19568782167
tot_aggregated_send: 55274
tot_msg_rcv: 1435
tot_msg_sent: 2752
tot_reconf_duration: 22.65
tot_sleeping_duration: 3874673.010440012
tot_uptimes: 1008
tot_uptimes_duration: 60420.04255998781
