comms_cons: 397.90039046633666
finished_reconf: true
global_termination_time: 3937117.697
local_termination_time: 607087.7644399984
node_cons: 81008.22043451831
tot_aggregated_send: 54694
tot_msg_rcv: 2018
tot_msg_sent: 3765
tot_reconf_duration: 18.700000000000003
tot_sleeping_duration: 3876637.6179600297
tot_uptimes: 1009
tot_uptimes_duration: 60480.07903997041
