comms_cons: 395.5724544565082
finished_reconf: true
global_termination_time: 3935015.154
local_termination_time: 255100.20516000077
node_cons: 80917.3597372752
tot_aggregated_send: 54578
tot_msg_rcv: 1712
tot_msg_sent: 3834
tot_reconf_duration: 10.95
tot_sleeping_duration: 3874595.072120032
tot_uptimes: 1008
tot_uptimes_duration: 60420.08187996806
