comms_cons: 157.12508159631633
finished_reconf: true
global_termination_time: 1591542.301
local_termination_time: 347085.0593600001
node_cons: 32719.211720000087
tot_aggregated_send: 22968
tot_msg_rcv: 290
tot_msg_sent: 624
tot_reconf_duration: 15.34
tot_sleeping_duration: 1567122.301
tot_uptimes: 408
tot_uptimes_duration: 24420.0
