comms_cons: 163.4155135809843
finished_reconf: true
global_termination_time: 1592797.54
local_termination_time: 67379.16359999994
node_cons: 32704.960826705643
tot_aggregated_send: 21460
tot_msg_rcv: 1226
tot_msg_sent: 2152
tot_reconf_duration: 4.8100000000000005
tot_sleeping_duration: 1568377.5035200107
tot_uptimes: 408
tot_uptimes_duration: 24420.03647998924
