comms_cons: 162.26343678327595
finished_reconf: true
global_termination_time: 1590805.163
local_termination_time: 176259.52936000095
node_cons: 32713.798643101974
tot_aggregated_send: 21518
tot_msg_rcv: 1048
tot_msg_sent: 2098
tot_reconf_duration: 7.819999999999999
tot_sleeping_duration: 1566381.5789200135
tot_uptimes: 408
tot_uptimes_duration: 24423.584079986525
