comms_cons: 311.1646077660403
finished_reconf: true
global_termination_time: 1588967.119
local_termination_time: 446167.2776800007
node_cons: 32626.51118335051
tot_aggregated_send: 0
tot_msg_rcv: 23747
tot_msg_sent: 23549
tot_reconf_duration: 6.22
tot_sleeping_duration: 1564607.100760007
tot_uptimes: 407
tot_uptimes_duration: 24360.018239992904
