comms_cons: 72.19356159928401
finished_reconf: true
global_termination_time: 726686.118
local_termination_time: 14933.28336
node_cons: 14950.16580000002
tot_aggregated_send: 10382
tot_msg_rcv: 189
tot_msg_sent: 402
tot_reconf_duration: 5.1
tot_sleeping_duration: 715526.118
tot_uptimes: 187
tot_uptimes_duration: 11160.0
