comms_cons: 71.94480640020714
finished_reconf: true
global_termination_time: 729460.779
local_termination_time: 143269.452
node_cons: 14960.244104162717
tot_aggregated_send: 10554
tot_msg_rcv: 153
tot_msg_sent: 228
tot_reconf_duration: 9.42
tot_sleeping_duration: 718297.633559998
tot_uptimes: 187
tot_uptimes_duration: 11163.14544000203
