comms_cons: 72.08892159904903
finished_reconf: true
global_termination_time: 728840.847
local_termination_time: 36472.113000000005
node_cons: 14971.344452879466
tot_aggregated_send: 10435
tot_msg_rcv: 174
tot_msg_sent: 348
tot_reconf_duration: 12.629999999999999
tot_sleeping_duration: 717672.6670800004
tot_uptimes: 187
tot_uptimes_duration: 11168.17991999958
