comms_cons: 72.28297599886542
finished_reconf: true
global_termination_time: 728796.926
local_termination_time: 181256.16188000044
node_cons: 14968.634600000038
tot_aggregated_send: 10382
tot_msg_rcv: 214
tot_msg_sent: 390
tot_reconf_duration: 18.700000000000003
tot_sleeping_duration: 717636.926
tot_uptimes: 187
tot_uptimes_duration: 11160.0
