comms_cons: 0.6052863999980028
finished_reconf: true
global_termination_time: 3352.130920000005
local_termination_time: 3304.10836
node_cons: 83.54684688000609
tot_aggregated_send: 0
tot_msg_rcv: 50
tot_msg_sent: 41
tot_reconf_duration: 5.57
tot_sleeping_duration: 3295.385
tot_uptimes: 1
tot_uptimes_duration: 56.745920000004844
