comms_cons: 31.067609599931295
finished_reconf: true
global_termination_time: 12943.718240000002
local_termination_time: 91.76688000000004
node_cons: 3787.5409719600375
tot_aggregated_send: 0
tot_msg_rcv: 2402
tot_msg_sent: 2320
tot_reconf_duration: 18.21
tot_sleeping_duration: 10133.552599999975
tot_uptimes: 40
tot_uptimes_duration: 2810.165640000027
