comms_cons: 63.450431998968554
finished_reconf: true
global_termination_time: 613434.02824
local_termination_time: 158581.72192000027
node_cons: 12657.16904160291
tot_aggregated_send: 8004
tot_msg_rcv: 570
tot_msg_sent: 1070
tot_reconf_duration: 18.21
tot_sleeping_duration: 603999.7938399978
tot_uptimes: 158
tot_uptimes_duration: 9434.23440000217
