comms_cons: 40.75219200023894
finished_reconf: true
global_termination_time: 412368.748
local_termination_time: 90166.957
node_cons: 8465.322223359257
tot_aggregated_send: 5797
tot_msg_rcv: 112
tot_msg_sent: 286
tot_reconf_duration: 15.110000000000001
tot_sleeping_duration: 406061.94976000057
tot_uptimes: 106
tot_uptimes_duration: 6306.798239999436
