comms_cons: 41.19237119993663
finished_reconf: true
global_termination_time: 417359.623
local_termination_time: 14549.172480000001
node_cons: 8522.571980000012
tot_aggregated_send: 5916
tot_msg_rcv: 115
tot_msg_sent: 229
tot_reconf_duration: 4.8100000000000005
tot_sleeping_duration: 410999.623
tot_uptimes: 107
tot_uptimes_duration: 6360.0
