comms_cons: 41.50817280064652
finished_reconf: true
global_termination_time: 414027.431
local_termination_time: 138347.23960000006
node_cons: 8526.65955999998
tot_aggregated_send: 5858
tot_msg_rcv: 168
tot_msg_sent: 283
tot_reconf_duration: 7.819999999999999
tot_sleeping_duration: 407667.431
tot_uptimes: 107
tot_uptimes_duration: 6360.0
