comms_cons: 894.6544913982633
finished_reconf: true
global_termination_time: 4547218.636599998
local_termination_time: 3374.7264800000003
node_cons: 93561.08289286241
tot_aggregated_send: 0
tot_msg_rcv: 68467
tot_msg_sent: 67512
tot_reconf_duration: 18.21
tot_sleeping_duration: 4477363.25668001
tot_uptimes: 1165
tot_uptimes_duration: 69855.3799199888
