comms_cons: 454.93711368466234
finished_reconf: true
global_termination_time: 4547674.026
local_termination_time: 1366884.61836
node_cons: 93531.15968558291
tot_aggregated_send: 62350
tot_msg_rcv: 2389
tot_msg_sent: 4408
tot_reconf_duration: 11.31
tot_sleeping_duration: 4477833.99560001
tot_uptimes: 1165
tot_uptimes_duration: 69840.0303999891
