comms_cons: 132.7951999917356
finished_reconf: true
global_termination_time: 1334851.79912
local_termination_time: 117809.69747999996
node_cons: 27424.21412639036
tot_aggregated_send: 18038
tot_msg_rcv: 656
tot_msg_sent: 1491
tot_reconf_duration: 4.8100000000000005
tot_sleeping_duration: 1314375.5615200072
tot_uptimes: 342
tot_uptimes_duration: 20476.237599992775
