comms_cons: 211.77191679320836
finished_reconf: true
global_termination_time: 2137479.207
local_termination_time: 411495.49536
node_cons: 43962.14834112095
tot_aggregated_send: 30856
tot_msg_rcv: 472
tot_msg_sent: 860
tot_reconf_duration: 11.899999999999999
tot_sleeping_duration: 2104659.200919999
tot_uptimes: 548
tot_uptimes_duration: 32820.00608000107
