comms_cons: 216.23704958898088
finished_reconf: true
global_termination_time: 2138619.144
local_termination_time: 158758.24036000005
node_cons: 43952.593391172486
tot_aggregated_send: 29464
tot_msg_rcv: 1130
tot_msg_sent: 2270
tot_reconf_duration: 4.8100000000000005
tot_sleeping_duration: 2105799.0832000202
tot_uptimes: 548
tot_uptimes_duration: 32820.06079997978
