comms_cons: 218.845983972884
finished_reconf: true
global_termination_time: 2134830.858
local_termination_time: 134309.90048000004
node_cons: 43876.34097117706
tot_aggregated_send: 28304
tot_msg_rcv: 1585
tot_msg_sent: 3374
tot_reconf_duration: 7.819999999999999
tot_sleeping_duration: 2102070.7972000167
tot_uptimes: 547
tot_uptimes_duration: 32760.060799983214
