comms_cons: 76.26608639917376
finished_reconf: true
global_termination_time: 756045.14
local_termination_time: 406615.98456000024
node_cons: 15513.216624474278
tot_aggregated_send: 10614
tot_msg_rcv: 399
tot_msg_sent: 579
tot_reconf_duration: 5.57
tot_sleeping_duration: 744465.1156800044
tot_uptimes: 194
tot_uptimes_duration: 11580.024319995704
