comms_cons: 76.33169280212829
finished_reconf: true
global_termination_time: 755727.784
local_termination_time: 323675.8576000001
node_cons: 15539.993682242868
tot_aggregated_send: 9802
tot_msg_rcv: 589
tot_msg_sent: 1209
tot_reconf_duration: 25.299999999999997
tot_sleeping_duration: 744147.7718399978
tot_uptimes: 194
tot_uptimes_duration: 11580.012160002138
