comms_cons: 75.2923647999496
finished_reconf: true
global_termination_time: 755065.103
local_termination_time: 142021.46936000005
node_cons: 15512.160121121451
tot_aggregated_send: 10382
tot_msg_rcv: 366
tot_msg_sent: 696
tot_reconf_duration: 4.8100000000000005
tot_sleeping_duration: 743485.096919999
tot_uptimes: 194
tot_uptimes_duration: 11580.006080001069
