comms_cons: 125.44090879345966
finished_reconf: true
global_termination_time: 1236634.29748
local_termination_time: 1236634.25636
node_cons: 25456.641925439224
tot_aggregated_send: 17026
tot_msg_rcv: 750
tot_msg_sent: 1292
tot_reconf_duration: 37.410000000000004
tot_sleeping_duration: 1217660.5565200006
tot_uptimes: 317
tot_uptimes_duration: 18973.740959999384
