comms_cons: 121.41318399694339
finished_reconf: true
global_termination_time: 1238634.602
local_termination_time: 635835.3090799986
node_cons: 25502.183140235167
tot_aggregated_send: 16762
tot_msg_rcv: 550
tot_msg_sent: 1143
tot_reconf_duration: 25.299999999999997
tot_sleeping_duration: 1219614.5678400036
tot_uptimes: 318
tot_uptimes_duration: 19020.034159996314
