comms_cons: 125.12403198739086
finished_reconf: true
global_termination_time: 1239016.569
local_termination_time: 403041.87836000003
node_cons: 25474.368967822462
tot_aggregated_send: 16530
tot_msg_rcv: 854
tot_msg_sent: 1634
tot_reconf_duration: 4.8100000000000005
tot_sleeping_duration: 1219996.526440013
tot_uptimes: 318
tot_uptimes_duration: 19020.042559986876
