comms_cons: 122.53759999087234
finished_reconf: true
global_termination_time: 1240497.799
local_termination_time: 899722.7303599999
node_cons: 25473.766043350555
tot_aggregated_send: 16878
tot_msg_rcv: 583
tot_msg_sent: 1164
tot_reconf_duration: 4.390000000000001
tot_sleeping_duration: 1221477.7807600072
tot_uptimes: 318
tot_uptimes_duration: 19020.018239992904
