comms_cons: 121.9439167938245
finished_reconf: true
global_termination_time: 1241058.393
local_termination_time: 549256.6843599998
node_cons: 25475.178363350446
tot_aggregated_send: 16820
tot_msg_rcv: 501
tot_msg_sent: 1213
tot_reconf_duration: 5.43
tot_sleeping_duration: 1222038.374760007
tot_uptimes: 318
tot_uptimes_duration: 19020.018239992904
