comms_cons: 501.11993612528573
finished_reconf: true
global_termination_time: 4945250.377
local_termination_time: 295891.79964000086
node_cons: 101764.60635172267
tot_aggregated_send: 67860
tot_msg_rcv: 2734
tot_msg_sent: 5573
tot_reconf_duration: 25.299999999999997
tot_sleeping_duration: 4869275.583160026
tot_uptimes: 1267
tot_uptimes_duration: 75974.79383997433
