comms_cons: 484.5670976988917
finished_reconf: true
global_termination_time: 4813565.049239997
local_termination_time: 210152.95948000005
node_cons: 99022.71788829398
tot_aggregated_send: 67280
tot_msg_rcv: 2249
tot_msg_sent: 4122
tot_reconf_duration: 18.21
tot_sleeping_duration: 4739630.778360014
tot_uptimes: 1233
tot_uptimes_duration: 73934.27087998268
