comms_cons: 480.9440000918112
finished_reconf: true
global_termination_time: 4813920.842
local_termination_time: 565374.1413599999
node_cons: 98985.47710893286
tot_aggregated_send: 66758
tot_msg_rcv: 1924
tot_msg_sent: 4417
tot_reconf_duration: 4.8100000000000005
tot_sleeping_duration: 4740000.793360018
tot_uptimes: 1233
tot_uptimes_duration: 73920.04863998177
