comms_cons: 757.2573771765245
finished_reconf: true
global_termination_time: 4817904.768
local_termination_time: 1400566.68236
node_cons: 99074.61154446552
tot_aggregated_send: 0
tot_msg_rcv: 58098
tot_msg_sent: 56997
tot_reconf_duration: 11.31
tot_sleeping_duration: 4743924.74368001
tot_uptimes: 1234
tot_uptimes_duration: 73980.02431999124
