comms_cons: 76.53343999817307
finished_reconf: true
global_termination_time: 768753.1752400004
local_termination_time: 95745.24535999997
node_cons: 15840.49189496309
tot_aggregated_send: 10614
tot_msg_rcv: 347
tot_msg_sent: 670
tot_reconf_duration: 18.21
tot_sleeping_duration: 756941.5525999981
tot_uptimes: 197
tot_uptimes_duration: 11811.622640002286
