comms_cons: 418.3908672605104
finished_reconf: true
global_termination_time: 769796.43
local_termination_time: 250582.27848000007
node_cons: 75894.73476209136
tot_aggregated_send: 0
tot_msg_rcv: 28933
tot_msg_sent: 34659
tot_reconf_duration: 15.34
tot_sleeping_duration: 713131.8272799903
tot_uptimes: 905
tot_uptimes_duration: 56664.60272000972
