comms_cons: 74.89103360019304
finished_reconf: true
global_termination_time: 771685.033
local_termination_time: 429729.5545200004
node_cons: 15834.544060000033
tot_aggregated_send: 10904
tot_msg_rcv: 190
tot_msg_sent: 289
tot_reconf_duration: 5.57
tot_sleeping_duration: 759865.033
tot_uptimes: 198
tot_uptimes_duration: 11820.0
