comms_cons: 76.12917759940832
finished_reconf: true
global_termination_time: 768799.988
local_termination_time: 1783.7760800000028
node_cons: 15752.617902238286
tot_aggregated_send: 10614
tot_msg_rcv: 280
tot_msg_sent: 678
tot_reconf_duration: 4.390000000000001
tot_sleeping_duration: 757039.9758400013
tot_uptimes: 197
tot_uptimes_duration: 11760.012159998703
