comms_cons: 74.92935680014007
finished_reconf: true
global_termination_time: 770842.831
local_termination_time: 250898.98852000083
node_cons: 15835.434901121456
tot_aggregated_send: 10614
tot_msg_rcv: 247
tot_msg_sent: 526
tot_reconf_duration: 6.22
tot_sleeping_duration: 759022.824919999
tot_uptimes: 198
tot_uptimes_duration: 11820.006080001069
