comms_cons: 347.96064644628655
finished_reconf: true
global_termination_time: 3435946.135
local_termination_time: 1893003.091
node_cons: 70649.6594055831
tot_aggregated_send: 47094
tot_msg_rcv: 1922
tot_msg_sent: 3873
tot_reconf_duration: 22.65
tot_sleeping_duration: 3383206.1046000114
tot_uptimes: 880
tot_uptimes_duration: 52740.03039998864
