comms_cons: 1662.6642580214389
finished_reconf: true
global_termination_time: 3433407.3581199977
local_termination_time: 3433407.3581199977
node_cons: 208893.48059723023
tot_aggregated_send: 0
tot_msg_rcv: 102031
tot_msg_sent: 150684
tot_reconf_duration: 37.410000000000004
tot_sleeping_duration: 3277438.2186000296
tot_uptimes: 2557
tot_uptimes_duration: 155969.13951996836
