comms_cons: 347.1799232629461
finished_reconf: true
global_termination_time: 3434656.353
local_termination_time: 385413.2901600003
node_cons: 70636.80998893369
tot_aggregated_send: 47386
tot_msg_rcv: 1784
tot_msg_sent: 3599
tot_reconf_duration: 13.17
tot_sleeping_duration: 3381916.3043600186
tot_uptimes: 880
tot_uptimes_duration: 52740.04863998154
