comms_cons: 347.3692288338898
finished_reconf: true
global_termination_time: 3436415.755
local_termination_time: 1138886.0199999982
node_cons: 70713.86728293162
tot_aggregated_send: 47444
tot_msg_rcv: 1753
tot_msg_sent: 3602
tot_reconf_duration: 9.11
tot_sleeping_duration: 3383614.04036002
tot_uptimes: 881
tot_uptimes_duration: 52801.71463997988
