comms_cons: 347.224204826195
finished_reconf: true
global_termination_time: 3433410.804
local_termination_time: 1184714.333639999
node_cons: 70639.42822670018
tot_aggregated_send: 47444
tot_msg_rcv: 1796
tot_msg_sent: 3535
tot_reconf_duration: 15.110000000000001
tot_sleeping_duration: 3380670.7675200133
tot_uptimes: 880
tot_uptimes_duration: 52740.036479986506
