comms_cons: 347.06245125143204
finished_reconf: true
global_termination_time: 3434698.786
local_termination_time: 1933330.96236
node_cons: 70633.76266446694
tot_aggregated_send: 47676
tot_msg_rcv: 1773
tot_msg_sent: 3302
tot_reconf_duration: 10.95
tot_sleeping_duration: 3381958.7616800084
tot_uptimes: 880
tot_uptimes_duration: 52740.02431999124
