comms_cons: 340.75900802150534
finished_reconf: true
global_termination_time: 3433847.941
local_termination_time: 2044930.6225599987
node_cons: 70635.0201999986
tot_aggregated_send: 49474
tot_msg_rcv: 822
tot_msg_sent: 1497
tot_reconf_duration: 11.899999999999999
tot_sleeping_duration: 3381107.941
tot_uptimes: 880
tot_uptimes_duration: 52740.0
