comms_cons: 347.6696448208199
finished_reconf: true
global_termination_time: 3435069.4
local_termination_time: 894755.3053599998
node_cons: 70626.33163340586
tot_aggregated_send: 46806
tot_msg_rcv: 1906
tot_msg_sent: 4129
tot_reconf_duration: 5.43
tot_sleeping_duration: 3382329.327040024
tot_uptimes: 880
tot_uptimes_duration: 52740.07295997575
