comms_cons: 178.69009912579236
finished_reconf: true
global_termination_time: 910223.0765999999
local_termination_time: 3282.2296
node_cons: 18764.518469519036
tot_aggregated_send: 0
tot_msg_rcv: 13650
tot_msg_sent: 13508
tot_reconf_duration: 18.21
tot_sleeping_duration: 896227.7149200006
tot_uptimes: 234
tot_uptimes_duration: 13995.36167999926
