comms_cons: 88.85209600053246
finished_reconf: true
global_termination_time: 911522.087
local_termination_time: 317921.66368000023
node_cons: 18725.18161999997
tot_aggregated_send: 12760
tot_msg_rcv: 271
tot_msg_sent: 474
tot_reconf_duration: 4.390000000000001
tot_sleeping_duration: 897542.087
tot_uptimes: 234
tot_uptimes_duration: 13980.0
