comms_cons: 227.73242879086067
finished_reconf: true
global_termination_time: 2306916.063
local_termination_time: 422050.27836000005
node_cons: 47407.55836446671
tot_aggregated_send: 32364
tot_msg_rcv: 735
tot_msg_sent: 1515
tot_reconf_duration: 5.1
tot_sleeping_duration: 2271516.0386800095
tot_uptimes: 591
tot_uptimes_duration: 35400.02431999054
