comms_cons: 226.39685119029792
finished_reconf: true
global_termination_time: 2307293.528
local_termination_time: 1614901.402119998
node_cons: 47407.990222233
tot_aggregated_send: 32248
tot_msg_rcv: 807
tot_msg_sent: 1356
tot_reconf_duration: 5.43
tot_sleeping_duration: 2271893.5158400047
tot_uptimes: 591
tot_uptimes_duration: 35400.01215999527
