comms_cons: 251.16158719796672
finished_reconf: true
global_termination_time: 2520859.877
local_termination_time: 647025.317999998
node_cons: 51858.501841814905
tot_aggregated_send: 34974
tot_msg_rcv: 1110
tot_msg_sent: 2092
tot_reconf_duration: 18.21
tot_sleeping_duration: 2482149.0684400178
tot_uptimes: 646
tot_uptimes_duration: 38710.80855998187
