comms_cons: 253.89159038833606
finished_reconf: true
global_termination_time: 2521605.725
local_termination_time: 1864595.1303599998
node_cons: 51826.94900612838
tot_aggregated_send: 33234
tot_msg_rcv: 1764
tot_msg_sent: 3592
tot_reconf_duration: 5.57
tot_sleeping_duration: 2482905.661560023
tot_uptimes: 646
tot_uptimes_duration: 38700.06343997689
