comms_cons: 248.9832447950638
finished_reconf: true
global_termination_time: 2521503.744
local_termination_time: 1217322.2753599999
node_cons: 51853.65739999928
tot_aggregated_send: 36018
tot_msg_rcv: 572
tot_msg_sent: 1254
tot_reconf_duration: 25.299999999999997
tot_sleeping_duration: 2482803.744
tot_uptimes: 646
tot_uptimes_duration: 38700.0
