comms_cons: 249.87141760404813
finished_reconf: true
global_termination_time: 2519800.602
local_termination_time: 335900.52164000086
node_cons: 51830.28621999926
tot_aggregated_send: 36192
tot_msg_rcv: 575
tot_msg_sent: 1211
tot_reconf_duration: 8.09
tot_sleeping_duration: 2481100.602
tot_uptimes: 646
tot_uptimes_duration: 38700.0
