comms_cons: 252.74993277926828
finished_reconf: true
global_termination_time: 2521005.806
local_termination_time: 1081035.73636
node_cons: 51829.99283005081
tot_aggregated_send: 33466
tot_msg_rcv: 1676
tot_msg_sent: 3273
tot_reconf_duration: 7.819999999999999
tot_sleeping_duration: 2482305.751280021
tot_uptimes: 646
tot_uptimes_duration: 38700.05471997871
