comms_cons: 254.85950078156736
finished_reconf: true
global_termination_time: 2521004.051
local_termination_time: 1184970.390479999
node_cons: 51827.82817116752
tot_aggregated_send: 33466
tot_msg_rcv: 1662
tot_msg_sent: 3609
tot_reconf_duration: 6.22
tot_sleeping_duration: 2482303.9902000236
tot_uptimes: 646
tot_uptimes_duration: 38700.060799976345
