comms_cons: 258.1920896045293
finished_reconf: true
global_termination_time: 2517510.153
local_termination_time: 246105.0440000009
node_cons: 51746.444594919754
tot_aggregated_send: 33524
tot_msg_rcv: 1878
tot_msg_sent: 3841
tot_reconf_duration: 5.43
tot_sleeping_duration: 2478870.070360029
tot_uptimes: 645
tot_uptimes_duration: 38640.082639970526
