comms_cons: 258.0464895867069
finished_reconf: true
global_termination_time: 2516671.327
local_termination_time: 1160149.9235999999
node_cons: 51840.19727741509
tot_aggregated_send: 34046
tot_msg_rcv: 1812
tot_msg_sent: 3364
tot_reconf_duration: 15.34
tot_sleeping_duration: 2477971.2780400184
tot_uptimes: 645
tot_uptimes_duration: 38700.04895998188
