comms_cons: 429.666291226328
finished_reconf: true
global_termination_time: 4400410.844
local_termination_time: 2103089.7248799996
node_cons: 90471.39534135166
tot_aggregated_send: 59972
tot_msg_rcv: 1909
tot_msg_sent: 3425
tot_reconf_duration: 6.279999999999999
tot_sleeping_duration: 4332850.823760005
tot_uptimes: 1127
tot_uptimes_duration: 67560.02023999533
