comms_cons: 71.08167679541195
finished_reconf: true
global_termination_time: 707743.425
local_termination_time: 464255.0589600001
node_cons: 14575.897400000007
tot_aggregated_send: 9918
tot_msg_rcv: 330
tot_msg_sent: 556
tot_reconf_duration: 25.299999999999997
tot_sleeping_duration: 696883.425
tot_uptimes: 182
tot_uptimes_duration: 10860.000000000002
