comms_cons: 199.27080958874683
finished_reconf: true
global_termination_time: 2142926.992
local_termination_time: 7393.685
node_cons: 44038.47406558373
tot_aggregated_send: 28527
tot_msg_rcv: 633
tot_msg_sent: 1128
tot_reconf_duration: 8.92
tot_sleeping_duration: 2110046.961600012
tot_uptimes: 549
tot_uptimes_duration: 32880.03039998817
