comms_cons: 346.6248064215983
finished_reconf: true
global_termination_time: 3445432.793
local_termination_time: 2418427.89936
node_cons: 70866.83836446713
tot_aggregated_send: 47560
tot_msg_rcv: 1791
tot_msg_sent: 3334
tot_reconf_duration: 5.1
tot_sleeping_duration: 3392512.7686800086
tot_uptimes: 883
tot_uptimes_duration: 52920.02431999147
