comms_cons: 346.7715264507136
finished_reconf: true
global_termination_time: 3446690.579
local_termination_time: 2567660.31536
node_cons: 70877.78928334975
tot_aggregated_send: 48024
tot_msg_rcv: 1558
tot_msg_sent: 3124
tot_reconf_duration: 13.17
tot_sleeping_duration: 3393770.5607600063
tot_uptimes: 883
tot_uptimes_duration: 52920.0182399936
