comms_cons: 345.02819843541613
finished_reconf: true
global_termination_time: 3443765.003
local_termination_time: 240564.86336000008
node_cons: 70804.99158782148
tot_aggregated_send: 47502
tot_msg_rcv: 1652
tot_msg_sent: 3287
tot_reconf_duration: 18.700000000000003
tot_sleeping_duration: 3390904.9604400126
tot_uptimes: 882
tot_uptimes_duration: 52860.04255998734
