comms_cons: 346.35996163173223
finished_reconf: true
global_termination_time: 3444945.934
local_termination_time: 973522.4499199984
node_cons: 70864.0951700509
tot_aggregated_send: 48140
tot_msg_rcv: 1477
tot_msg_sent: 3027
tot_reconf_duration: 3.05
tot_sleeping_duration: 3392025.8792800205
tot_uptimes: 883
tot_uptimes_duration: 52920.05471997941
