comms_cons: 275.6764480216499
finished_reconf: true
global_termination_time: 2809052.812
local_termination_time: 4888.612
node_cons: 57856.954065584076
tot_aggregated_send: 39431
tot_msg_rcv: 800
tot_msg_sent: 1670
tot_reconf_duration: 8.92
tot_sleeping_duration: 2765852.781600011
tot_uptimes: 720
tot_uptimes_duration: 43200.03039998887
