comms_cons: 588.699289501954
finished_reconf: true
global_termination_time: 681943.7235999998
local_termination_time: 681943.6824799998
node_cons: 67892.41529661302
tot_aggregated_send: 0
tot_msg_rcv: 40512
tot_msg_sent: 48963
tot_reconf_duration: 37.410000000000004
tot_sleeping_duration: 631277.8441999892
tot_uptimes: 816
tot_uptimes_duration: 50665.87940001063
