comms_cons: 70.45455359914345
finished_reconf: true
global_termination_time: 686354.094
local_termination_time: 81392.23579999957
node_cons: 14063.73148671713
tot_aggregated_send: 8990
tot_msg_rcv: 548
tot_msg_sent: 1169
tot_reconf_duration: 3.08
tot_sleeping_duration: 675854.0575200022
tot_uptimes: 176
tot_uptimes_duration: 10500.036479997842
