comms_cons: 80.52408319825943
finished_reconf: true
global_termination_time: 813622.876
local_termination_time: 140753.66700000002
node_cons: 16745.104822721383
tot_aggregated_send: 11521
tot_msg_rcv: 199
tot_msg_sent: 520
tot_reconf_duration: 25.299999999999997
tot_sleeping_duration: 801142.855519999
tot_uptimes: 209
tot_uptimes_duration: 12480.020480000996
