comms_cons: 388.44070367507
finished_reconf: true
global_termination_time: 1971344.42
local_termination_time: 1230906.5945999997
node_cons: 40522.11869999959
tot_aggregated_send: 0
tot_msg_rcv: 29825
tot_msg_sent: 29214
tot_reconf_duration: 22.65
tot_sleeping_duration: 1941104.42
tot_uptimes: 505
tot_uptimes_duration: 30240.0
