comms_cons: 199.1656639821824
finished_reconf: true
global_termination_time: 1971471.0
local_termination_time: 948270.5626799994
node_cons: 40512.224284467
tot_aggregated_send: 27376
tot_msg_rcv: 1047
tot_msg_sent: 1849
tot_reconf_duration: 15.34
tot_sleeping_duration: 1941230.9756800095
tot_uptimes: 505
tot_uptimes_duration: 30240.024319990538
