comms_cons: 197.61630718320788
finished_reconf: true
global_termination_time: 1967611.9
local_termination_time: 1051303.6093599997
node_cons: 40417.97022335002
tot_aggregated_send: 27376
tot_msg_rcv: 861
tot_msg_sent: 1799
tot_reconf_duration: 5.1
tot_sleeping_duration: 1937431.881760007
tot_uptimes: 504
tot_uptimes_duration: 30180.018239992904
