comms_cons: 197.06580479241924
finished_reconf: true
global_termination_time: 1967171.0401999985
local_termination_time: 1967170.9990799986
node_cons: 40502.3779943889
tot_aggregated_send: 27536
tot_msg_rcv: 746
tot_msg_sent: 1668
tot_reconf_duration: 24.59
tot_sleeping_duration: 1936947.7506000064
tot_uptimes: 504
tot_uptimes_duration: 30223.289599991913
