comms_cons: 405.4920640166772
finished_reconf: true
global_termination_time: 4109480.279
local_termination_time: 2836376.7226000004
node_cons: 84525.27662446613
tot_aggregated_send: 56666
tot_msg_rcv: 1655
tot_msg_sent: 3311
tot_reconf_duration: 5.57
tot_sleeping_duration: 4046360.254680009
tot_uptimes: 1053
tot_uptimes_duration: 63120.024319990975
