comms_cons: 284.79445761175685
finished_reconf: true
global_termination_time: 2808950.014
local_termination_time: 2333431.46236
node_cons: 57879.18182334983
tot_aggregated_send: 38744
tot_msg_rcv: 1548
tot_msg_sent: 2995
tot_reconf_duration: 25.299999999999997
tot_sleeping_duration: 2765749.9957600064
tot_uptimes: 720
tot_uptimes_duration: 43200.018239993355
