comms_cons: 279.6738560067078
finished_reconf: false
global_termination_time: 2810970.609
local_termination_time: 0
node_cons: 57844.80814111611
tot_aggregated_send: 40368
tot_msg_rcv: 747
tot_msg_sent: 1393
tot_reconf_duration: 0
tot_sleeping_duration: 2767770.6029200023
tot_uptimes: 720
tot_uptimes_duration: 43200.00607999787
