comms_cons: 871.9584081014767
finished_reconf: true
global_termination_time: 4440998.259599998
local_termination_time: 2128.421040000001
node_cons: 91391.90289286913
tot_aggregated_send: 0
tot_msg_rcv: 66584
tot_msg_sent: 65942
tot_reconf_duration: 18.21
tot_sleeping_duration: 4372762.879680004
tot_uptimes: 1138
tot_uptimes_duration: 68235.37991999373
