comms_cons: 434.97009281422294
finished_reconf: true
global_termination_time: 4441873.826
local_termination_time: 2020251.741479998
node_cons: 91383.63868606597
tot_aggregated_send: 61538
tot_msg_rcv: 1610
tot_msg_sent: 2964
tot_reconf_duration: 15.34
tot_sleeping_duration: 4373641.707280009
tot_uptimes: 1138
tot_uptimes_duration: 68232.1187199913
