comms_cons: 445.58192648814594
finished_reconf: true
global_termination_time: 4440997.934119989
local_termination_time: 99907.54859999995
node_cons: 91445.0702474905
tot_aggregated_send: 61828
tot_msg_rcv: 1852
tot_msg_sent: 4045
tot_reconf_duration: 22.65
tot_sleeping_duration: 4372727.3504400095
tot_uptimes: 1138
tot_uptimes_duration: 68270.58367997981
