comms_cons: 437.28057604081084
finished_reconf: true
global_termination_time: 4444213.792
local_termination_time: 1821987.08236
node_cons: 91442.31968558238
tot_aggregated_send: 62060
tot_msg_rcv: 1448
tot_msg_sent: 2957
tot_reconf_duration: 11.31
tot_sleeping_duration: 4375933.761600012
tot_uptimes: 1139
tot_uptimes_duration: 68280.03039998864
