comms_cons: 347.4107520325629
finished_reconf: true
global_termination_time: 3462797.349
local_termination_time: 1984374.517999999
node_cons: 71212.03126446622
tot_aggregated_send: 48256
tot_msg_rcv: 1431
tot_msg_sent: 3117
tot_reconf_duration: 22.65
tot_sleeping_duration: 3409637.324680009
tot_uptimes: 887
tot_uptimes_duration: 53160.024319991004
