comms_cons: 349.3262720321449
finished_reconf: true
global_termination_time: 3466089.5
local_termination_time: 252938.10936000006
node_cons: 71270.18151005114
tot_aggregated_send: 47966
tot_msg_rcv: 1640
tot_msg_sent: 3491
tot_reconf_duration: 6.279999999999999
tot_sleeping_duration: 3412869.44528002
tot_uptimes: 888
tot_uptimes_duration: 53220.05471997964
