comms_cons: 348.38307203941383
finished_reconf: true
global_termination_time: 3465629.37
local_termination_time: 820502.1123599978
node_cons: 71276.38258420471
tot_aggregated_send: 48140
tot_msg_rcv: 1499
tot_msg_sent: 3313
tot_reconf_duration: 8.09
tot_sleeping_duration: 3412406.5198400253
tot_uptimes: 888
tot_uptimes_duration: 53222.850159974885
