comms_cons: 702.008140951018
finished_reconf: true
global_termination_time: 7083892.602
local_termination_time: 2894358.565719999
node_cons: 145754.69370669793
tot_aggregated_send: 98194
tot_msg_rcv: 2937
tot_msg_sent: 5569
tot_reconf_duration: 13.17
tot_sleeping_duration: 6975052.565520013
tot_uptimes: 1815
tot_uptimes_duration: 108840.0364799872
