comms_cons: 693.9468672747987
finished_reconf: true
global_termination_time: 7082061.204
local_termination_time: 4933896.010679998
node_cons: 145681.83088222845
tot_aggregated_send: 99180
tot_msg_rcv: 2039
tot_msg_sent: 4254
tot_reconf_duration: 18.700000000000003
tot_sleeping_duration: 6973281.191840004
tot_uptimes: 1814
tot_uptimes_duration: 108780.01215999573
