comms_cons: 712.3241217896687
finished_reconf: true
global_termination_time: 7083128.635
local_termination_time: 1200456.0857199996
node_cons: 145664.94817116627
tot_aggregated_send: 97730
tot_msg_rcv: 3422
tot_msg_sent: 7117
tot_reconf_duration: 6.22
tot_sleeping_duration: 6974348.574200021
tot_uptimes: 1814
tot_uptimes_duration: 108780.06079997844
