comms_cons: 285.5424576016633
finished_reconf: true
global_termination_time: 2829969.105
local_termination_time: 1150961.4790399992
node_cons: 58173.11022334958
tot_aggregated_send: 39092
tot_msg_rcv: 1407
tot_msg_sent: 2901
tot_reconf_duration: 5.1
tot_sleeping_duration: 2786529.086760007
tot_uptimes: 725
tot_uptimes_duration: 43440.01823999314
