comms_cons: 116.72158719746926
finished_reconf: true
global_termination_time: 1188422.735
local_termination_time: 619829.3343599999
node_cons: 24429.321620000057
tot_aggregated_send: 17226
tot_msg_rcv: 169
tot_msg_sent: 346
tot_reconf_duration: 4.390000000000001
tot_sleeping_duration: 1170182.735
tot_uptimes: 305
tot_uptimes_duration: 18240.0
