comms_cons: 116.55015039873048
finished_reconf: true
global_termination_time: 1189632.717
local_termination_time: 673545.7642799983
node_cons: 24433.979560000127
tot_aggregated_send: 17342
tot_msg_rcv: 145
tot_msg_sent: 227
tot_reconf_duration: 7.819999999999999
tot_sleeping_duration: 1171392.717
tot_uptimes: 305
tot_uptimes_duration: 18240.0
