comms_cons: 115.68927999778047
finished_reconf: true
global_termination_time: 1190118.811
local_termination_time: 619805.831239998
node_cons: 24432.990864474326
tot_aggregated_send: 17052
tot_msg_rcv: 147
tot_msg_sent: 385
tot_reconf_duration: 6.22
tot_sleeping_duration: 1171877.9266800042
tot_uptimes: 305
tot_uptimes_duration: 18240.884319995646
