comms_cons: 117.2873983957324
finished_reconf: true
global_termination_time: 1187570.547
local_termination_time: 38146.07244000004
node_cons: 24438.718980000016
tot_aggregated_send: 16646
tot_msg_rcv: 377
tot_msg_sent: 804
tot_reconf_duration: 11.31
tot_sleeping_duration: 1169330.547
tot_uptimes: 305
tot_uptimes_duration: 18239.999999999985
