comms_cons: 248.4127360046429
finished_reconf: true
global_termination_time: 2416280.183
local_termination_time: 1021969.4963199996
node_cons: 49660.837253402045
tot_aggregated_send: 32016
tot_msg_rcv: 1904
tot_msg_sent: 3839
tot_reconf_duration: 7.819999999999999
tot_sleeping_duration: 2379200.110040028
tot_uptimes: 619
tot_uptimes_duration: 37080.07295997208
