comms_cons: 246.7272063942064
finished_reconf: true
global_termination_time: 2416803.366
local_termination_time: 824721.1387999983
node_cons: 49657.591633401236
tot_aggregated_send: 32480
tot_msg_rcv: 1645
tot_msg_sent: 3377
tot_reconf_duration: 5.43
tot_sleeping_duration: 2379723.2930400283
tot_uptimes: 619
tot_uptimes_duration: 37080.072959971614
