comms_cons: 115.98534399339968
finished_reconf: true
global_termination_time: 1171143.266
local_termination_time: 849296.9703599999
node_cons: 24052.426841116896
tot_aggregated_send: 15660
tot_msg_rcv: 706
tot_msg_sent: 1263
tot_reconf_duration: 22.65
tot_sleeping_duration: 1153203.2599200024
tot_uptimes: 300
tot_uptimes_duration: 17940.006079997635
