comms_cons: 2.794137599993849
finished_reconf: true
global_termination_time: 15112.693
local_termination_time: 6721.436360000001
node_cons: 258.17154000000016
tot_aggregated_send: 0
tot_msg_rcv: 261
tot_msg_sent: 163
tot_reconf_duration: 12.629999999999999
tot_sleeping_duration: 14932.693
tot_uptimes: 4
tot_uptimes_duration: 180.0
