comms_cons: 3.2326847999922546
finished_reconf: true
global_termination_time: 15015.152
local_termination_time: 9394.39036
node_cons: 249.46890240000346
tot_aggregated_send: 0
tot_msg_rcv: 319
tot_msg_sent: 173
tot_reconf_duration: 6.22
tot_sleeping_duration: 14835.150399999997
tot_uptimes: 4
tot_uptimes_duration: 180.00160000000324
