comms_cons: 9.751001600087328
finished_reconf: true
global_termination_time: 83157.678
local_termination_time: 34744.71260000001
node_cons: 1691.347063359726
tot_aggregated_send: 580
tot_msg_rcv: 315
tot_msg_sent: 588
tot_reconf_duration: 3.08
tot_sleeping_duration: 81897.6597600002
tot_uptimes: 22
tot_uptimes_duration: 1260.0182399998012
