comms_cons: 11.48791039995912
finished_reconf: true
global_termination_time: 84478.025
local_termination_time: 40913.40836000001
node_cons: 1712.5671644788813
tot_aggregated_send: 580
tot_msg_rcv: 540
tot_msg_sent: 627
tot_reconf_duration: 18.700000000000003
tot_sleeping_duration: 83218.00068000083
tot_uptimes: 22
tot_uptimes_duration: 1260.0243199991676
