comms_cons: 10.185856000032413
finished_reconf: true
global_termination_time: 89335.173
local_termination_time: 27661.300600000002
node_cons: 1782.3826644800258
tot_aggregated_send: 696
tot_msg_rcv: 387
tot_msg_sent: 465
tot_reconf_duration: 10.95
tot_sleeping_duration: 88015.14867999998
tot_uptimes: 23
tot_uptimes_duration: 1320.0243200000186
