comms_cons: 10.169452799928958
finished_reconf: true
global_termination_time: 84215.678
local_termination_time: 53671.023360000014
node_cons: 1694.5383633583112
tot_aggregated_send: 464
tot_msg_rcv: 382
tot_msg_sent: 700
tot_reconf_duration: 5.43
tot_sleeping_duration: 82955.65976000126
tot_uptimes: 22
tot_uptimes_duration: 1260.0182399987389
