comms_cons: 79.10172159911866
finished_reconf: true
global_termination_time: 804964.108
local_termination_time: 488917.02560000005
node_cons: 16567.924860000003
tot_aggregated_send: 11310
tot_msg_rcv: 259
tot_msg_sent: 454
tot_reconf_duration: 13.17
tot_sleeping_duration: 792604.108
tot_uptimes: 207
tot_uptimes_duration: 12360.0
