comms_cons: 82.51535359745556
finished_reconf: true
global_termination_time: 806773.341
local_termination_time: 471323.9813200002
node_cons: 16580.831264476583
tot_aggregated_send: 10904
tot_msg_rcv: 610
tot_msg_sent: 1027
tot_reconf_duration: 22.65
tot_sleeping_duration: 794413.3166800026
tot_uptimes: 207
tot_uptimes_duration: 12360.024319997407
