comms_cons: 81.6376639980237
finished_reconf: true
global_termination_time: 804909.395
local_termination_time: 562938.02
node_cons: 16559.894092558443
tot_aggregated_send: 10959
tot_msg_rcv: 504
tot_msg_sent: 945
tot_reconf_duration: 4.8100000000000005
tot_sleeping_duration: 792546.9139600013
tot_uptimes: 207
tot_uptimes_duration: 12362.481039998762
