comms_cons: 80.70109439716424
finished_reconf: true
global_termination_time: 805998.605
local_termination_time: 434662.6009600006
node_cons: 16560.683983355124
tot_aggregated_send: 10962
tot_msg_rcv: 549
tot_msg_sent: 756
tot_reconf_duration: 7.819999999999999
tot_sleeping_duration: 793638.5867600036
tot_uptimes: 207
tot_uptimes_duration: 12360.018239996338
