comms_cons: 80.65771519737811
finished_reconf: true
global_termination_time: 803916.226
local_termination_time: 576532.3425999999
node_cons: 16478.17332574778
tot_aggregated_send: 10788
tot_msg_rcv: 480
tot_msg_sent: 992
tot_reconf_duration: 6.22
tot_sleeping_duration: 791616.2061600093
tot_uptimes: 206
tot_uptimes_duration: 12300.019839990768
