comms_cons: 84.1827583966609
finished_reconf: true
global_termination_time: 813880.997
local_termination_time: 9244.06448
node_cons: 16726.184814563403
tot_aggregated_send: 10440
tot_msg_rcv: 727
tot_msg_sent: 1627
tot_reconf_duration: 11.31
tot_sleeping_duration: 801400.9179599974
tot_uptimes: 209
tot_uptimes_duration: 12480.079040002529
