comms_cons: 163.17309437364375
finished_reconf: true
global_termination_time: 684195.79624
local_termination_time: 2999.8206
node_cons: 14103.50885181717
tot_aggregated_send: 0
tot_msg_rcv: 14553
tot_msg_sent: 10249
tot_reconf_duration: 18.21
tot_sleeping_duration: 673681.3976800172
tot_uptimes: 176
tot_uptimes_duration: 10514.398559982947
