comms_cons: 68.16051199937726
finished_reconf: true
global_termination_time: 684283.868
local_termination_time: 104245.55147999995
node_cons: 14077.384860000016
tot_aggregated_send: 9802
tot_msg_rcv: 222
tot_msg_sent: 336
tot_reconf_duration: 13.17
tot_sleeping_duration: 673783.868
tot_uptimes: 176
tot_uptimes_duration: 10500.0
