comms_cons: 67.15389439870133
finished_reconf: true
global_termination_time: 686123.714
local_termination_time: 298793.7034800001
node_cons: 14076.65968111686
tot_aggregated_send: 9976
tot_msg_rcv: 68
tot_msg_sent: 163
tot_reconf_duration: 12.629999999999999
tot_sleeping_duration: 675623.7079200024
tot_uptimes: 176
tot_uptimes_duration: 10500.006079997635
