comms_cons: 68.55589120068825
finished_reconf: true
global_termination_time: 685422.928
local_termination_time: 24859.454599999997
node_cons: 14084.894600000016
tot_aggregated_send: 9686
tot_msg_rcv: 287
tot_msg_sent: 447
tot_reconf_duration: 18.700000000000003
tot_sleeping_duration: 674922.928
tot_uptimes: 176
tot_uptimes_duration: 10500.0
