comms_cons: 68.97100799884234
finished_reconf: true
global_termination_time: 685565.762
local_termination_time: 86166.39987999947
node_cons: 14077.657184319301
tot_aggregated_send: 9628
tot_msg_rcv: 341
tot_msg_sent: 515
tot_reconf_duration: 10.95
tot_sleeping_duration: 675063.3071200006
tot_uptimes: 176
tot_uptimes_duration: 10502.454879999466
