comms_cons: 68.4966784003725
finished_reconf: true
global_termination_time: 684623.065
local_termination_time: 45206.588
node_cons: 14069.604013519445
tot_aggregated_send: 9799
tot_msg_rcv: 266
tot_msg_sent: 346
tot_reconf_duration: 6.22
tot_sleeping_duration: 674121.8273200004
tot_uptimes: 176
tot_uptimes_duration: 10501.237679999569
