comms_cons: 266.4489983931743
finished_reconf: true
global_termination_time: 2700577.802
local_termination_time: 1144643.7214399995
node_cons: 55532.09153999923
tot_aggregated_send: 38918
tot_msg_rcv: 546
tot_msg_sent: 1035
tot_reconf_duration: 12.629999999999999
tot_sleeping_duration: 2659117.802
tot_uptimes: 692
tot_uptimes_duration: 41460.0
