comms_cons: 271.19525117759173
finished_reconf: true
global_termination_time: 2699892.042
local_termination_time: 165695.81336000006
node_cons: 55521.02373676996
tot_aggregated_send: 36018
tot_msg_rcv: 1704
tot_msg_sent: 3499
tot_reconf_duration: 4.390000000000001
tot_sleeping_duration: 2658431.9508000216
tot_uptimes: 692
tot_uptimes_duration: 41460.091199978255
