comms_cons: 259.2799807900714
finished_reconf: true
global_termination_time: 2700974.782
local_termination_time: 958421.8601599993
node_cons: 55519.12260558329
tot_aggregated_send: 36076
tot_msg_rcv: 1116
tot_msg_sent: 2217
tot_reconf_duration: 3.05
tot_sleeping_duration: 2659514.751600012
tot_uptimes: 692
tot_uptimes_duration: 41460.03039998817
