comms_cons: 2.269823999996684
finished_reconf: true
global_termination_time: 15018.764
local_termination_time: 4694.36636
node_cons: 248.58405999999962
tot_aggregated_send: 0
tot_msg_rcv: 175
tot_msg_sent: 169
tot_reconf_duration: 5.57
tot_sleeping_duration: 14838.764
tot_uptimes: 4
tot_uptimes_duration: 180.0
