comms_cons: 2.296140799996597
finished_reconf: true
global_termination_time: 14763.161
local_termination_time: 1614.6396000000007
node_cons: 247.9458000000014
tot_aggregated_send: 0
tot_msg_rcv: 178
tot_msg_sent: 170
tot_reconf_duration: 5.1
tot_sleeping_duration: 14583.161
tot_uptimes: 4
tot_uptimes_duration: 180.0
