comms_cons: 2.2237695999964724
finished_reconf: true
global_termination_time: 13864.748
local_termination_time: 5607.563360000001
node_cons: 261.5393800000006
tot_aggregated_send: 0
tot_msg_rcv: 178
tot_msg_sent: 160
tot_reconf_duration: 15.110000000000001
tot_sleeping_duration: 13684.748
tot_uptimes: 4
tot_uptimes_duration: 179.9999999999999
