comms_cons: 2.2041407999954985
finished_reconf: true
global_termination_time: 16184.313
local_termination_time: 1589.0611600000016
node_cons: 334.1523600000001
tot_aggregated_send: 0
tot_msg_rcv: 166
tot_msg_sent: 170
tot_reconf_duration: 9.42
tot_sleeping_duration: 15944.313
tot_uptimes: 5
tot_uptimes_duration: 240.0
