comms_cons: 97.8789120136038
finished_reconf: true
global_termination_time: 498339.5686000002
local_termination_time: 414.0643599999999
node_cons: 10248.478469521691
tot_aggregated_send: 0
tot_msg_rcv: 7514
tot_msg_sent: 7359
tot_reconf_duration: 18.21
tot_sleeping_duration: 490704.2069199989
tot_uptimes: 128
tot_uptimes_duration: 7635.361680001253
