comms_cons: 730.4489857356153
finished_reconf: true
global_termination_time: 7379661.655
local_termination_time: 2153709.42636
node_cons: 151783.1487078144
tot_aggregated_send: 102950
tot_msg_rcv: 2640
tot_msg_sent: 5433
tot_reconf_duration: 15.34
tot_sleeping_duration: 7266321.612440015
tot_uptimes: 1890
tot_uptimes_duration: 113340.04255998484
