comms_cons: 724.2306945104453
finished_reconf: true
global_termination_time: 7378079.253
local_termination_time: 2660639.7919599996
node_cons: 151796.68252893147
tot_aggregated_send: 102544
tot_msg_rcv: 2520
tot_msg_sent: 5014
tot_reconf_duration: 25.299999999999997
tot_sleeping_duration: 7264739.204360017
tot_uptimes: 1890
tot_uptimes_duration: 113340.0486399827
