comms_cons: 740.6943873886441
finished_reconf: true
global_termination_time: 7377080.974
local_termination_time: 427282.7853600001
node_cons: 151793.11639341194
tot_aggregated_send: 102602
tot_msg_rcv: 3194
tot_msg_sent: 6785
tot_reconf_duration: 22.65
tot_sleeping_duration: 7263740.901040018
tot_uptimes: 1890
tot_uptimes_duration: 113340.07295998285
