comms_cons: 177.32343037918403
finished_reconf: true
global_termination_time: 1708644.206
local_termination_time: 307896.63936000003
node_cons: 35114.639313415675
tot_aggregated_send: 22562
tot_msg_rcv: 1594
tot_msg_sent: 2797
tot_reconf_duration: 4.390000000000001
tot_sleeping_duration: 1682424.1330400181
tot_uptimes: 438
tot_uptimes_duration: 26220.072959981917
