comms_cons: 179.50689278841605
finished_reconf: true
global_termination_time: 1790505.049
local_termination_time: 414434.5122800003
node_cons: 36801.706043350314
tot_aggregated_send: 24998
tot_msg_rcv: 719
tot_msg_sent: 1567
tot_reconf_duration: 4.390000000000001
tot_sleeping_duration: 1763025.0307600072
tot_uptimes: 459
tot_uptimes_duration: 27480.018239992904
