comms_cons: 2.469862399991455
finished_reconf: true
global_termination_time: 13342.407
local_termination_time: 8887.297359999999
node_cons: 247.94579999999803
tot_aggregated_send: 0
tot_msg_rcv: 205
tot_msg_sent: 170
tot_reconf_duration: 5.1
tot_sleeping_duration: 13162.407
tot_uptimes: 4
tot_uptimes_duration: 180.0
