comms_cons: 2.2106111999926954
finished_reconf: true
global_termination_time: 13593.773
local_termination_time: 7943.269360000001
node_cons: 261.5393800000008
tot_aggregated_send: 0
tot_msg_rcv: 176
tot_msg_sent: 160
tot_reconf_duration: 15.110000000000001
tot_sleeping_duration: 13413.773
tot_uptimes: 4
tot_uptimes_duration: 180.0
