comms_cons: 171.94187519059025
finished_reconf: true
global_termination_time: 1718590.64724
local_termination_time: 143088.49948000006
node_cons: 35413.67489159382
tot_aggregated_send: 24302
tot_msg_rcv: 681
tot_msg_sent: 1150
tot_reconf_duration: 18.21
tot_sleeping_duration: 1692161.2628400046
tot_uptimes: 441
tot_uptimes_duration: 26429.38439999544
