comms_cons: 81.35180799683965
finished_reconf: true
global_termination_time: 807276.188
local_termination_time: 285933.13536
node_cons: 16558.592663355077
tot_aggregated_send: 11136
tot_msg_rcv: 438
tot_msg_sent: 791
tot_reconf_duration: 6.279999999999999
tot_sleeping_duration: 794916.1697600037
tot_uptimes: 207
tot_uptimes_duration: 12360.018239996338
