comms_cons: 82.16888319733239
finished_reconf: true
global_termination_time: 805309.521
local_termination_time: 151387.01536000005
node_cons: 16556.97394112146
tot_aggregated_send: 11020
tot_msg_rcv: 541
tot_msg_sent: 929
tot_reconf_duration: 5.1
tot_sleeping_duration: 792949.5149199989
tot_uptimes: 207
tot_uptimes_duration: 12360.006080001069
