comms_cons: 285.3855552456294
finished_reconf: true
global_termination_time: 2807898.842
local_termination_time: 6982.293
node_cons: 57852.700788938506
tot_aggregated_send: 38041
tot_msg_rcv: 1841
tot_msg_sent: 3494
tot_reconf_duration: 5.77
tot_sleeping_duration: 2764698.793360016
tot_uptimes: 720
tot_uptimes_duration: 43200.048639984714
