comms_cons: 280.8473600152394
finished_reconf: true
global_termination_time: 2810456.518
local_termination_time: 5627.186
node_cons: 57854.75680781743
tot_aggregated_send: 38504
tot_msg_rcv: 1464
tot_msg_sent: 2718
tot_reconf_duration: 7.29
tot_sleeping_duration: 2767256.4754400165
tot_uptimes: 720
tot_uptimes_duration: 43200.04255998391
