comms_cons: 280.234444790647
finished_reconf: true
global_termination_time: 2809253.133
local_termination_time: 6171.933
node_cons: 57854.091387817105
tot_aggregated_send: 38562
tot_msg_rcv: 1436
tot_msg_sent: 2596
tot_reconf_duration: 6.8
tot_sleeping_duration: 2766053.0904400162
tot_uptimes: 720
tot_uptimes_duration: 43200.042559983674
