comms_cons: 267.748748828848
finished_reconf: true
global_termination_time: 2808605.897
local_termination_time: 3979.5539999999996
node_cons: 57861.43276334978
tot_aggregated_send: 38557
tot_msg_rcv: 668
tot_msg_sent: 1471
tot_reconf_duration: 12.23
tot_sleeping_duration: 2765405.8787600067
tot_uptimes: 720
tot_uptimes_duration: 43200.01823999314
