comms_cons: 13.48249599961916
finished_reconf: true
global_termination_time: 117932.82735999965
local_termination_time: 56664.95336000001
node_cons: 2477.1635043969814
tot_aggregated_send: 1334
tot_msg_rcv: 283
tot_msg_sent: 430
tot_reconf_duration: 11.31
tot_sleeping_duration: 116094.2877600019
tot_uptimes: 31
tot_uptimes_duration: 1838.5395999977482
