comms_cons: 367.4718592404339
finished_reconf: true
global_termination_time: 3642398.286
local_termination_time: 109883.66735999996
node_cons: 74885.53849788752
tot_aggregated_send: 50286
tot_msg_rcv: 1830
tot_msg_sent: 3737
tot_reconf_duration: 6.279999999999999
tot_sleeping_duration: 3586478.188720023
tot_uptimes: 933
tot_uptimes_duration: 55920.09727997705
