comms_cons: 369.09872645465464
finished_reconf: true
global_termination_time: 3643977.048
local_termination_time: 823021.2471999995
node_cons: 74972.6522500509
tot_aggregated_send: 50112
tot_msg_rcv: 1985
tot_msg_sent: 4004
tot_reconf_duration: 11.31
tot_sleeping_duration: 3587996.9932800205
tot_uptimes: 934
tot_uptimes_duration: 55980.05471997964
