comms_cons: 369.28727684280557
finished_reconf: true
global_termination_time: 3642097.884
local_termination_time: 782208.485759999
node_cons: 74884.32721005027
tot_aggregated_send: 49996
tot_msg_rcv: 2066
tot_msg_sent: 4068
tot_reconf_duration: 5.43
tot_sleeping_duration: 3586177.8292800207
tot_uptimes: 933
tot_uptimes_duration: 55920.054719979176
