comms_cons: 368.91362564130236
finished_reconf: true
global_termination_time: 3640930.681
local_termination_time: 329859.8833600001
node_cons: 74897.83485440482
tot_aggregated_send: 50112
tot_msg_rcv: 2014
tot_msg_sent: 3946
tot_reconf_duration: 15.34
tot_sleeping_duration: 3585010.5890400247
tot_uptimes: 933
tot_uptimes_duration: 55920.09195997502
