comms_cons: 208.13957119162174
finished_reconf: true
global_termination_time: 2119850.283
local_termination_time: 1451782.5883599997
node_cons: 43548.421899999325
tot_aggregated_send: 30334
tot_msg_rcv: 374
tot_msg_sent: 928
tot_reconf_duration: 3.05
tot_sleeping_duration: 2087330.2829999998
tot_uptimes: 543
tot_uptimes_duration: 32520.0
