comms_cons: 208.68427519392236
finished_reconf: true
global_termination_time: 2116900.824
local_termination_time: 1761223.413839999
node_cons: 43559.63897999966
tot_aggregated_send: 30566
tot_msg_rcv: 362
tot_msg_sent: 790
tot_reconf_duration: 11.31
tot_sleeping_duration: 2084380.824
tot_uptimes: 543
tot_uptimes_duration: 32520.0
