comms_cons: 48.09395200110305
finished_reconf: true
global_termination_time: 471281.679
local_termination_time: 188171.40944000022
node_cons: 9658.70114224289
tot_aggregated_send: 6438
tot_msg_rcv: 360
tot_msg_sent: 512
tot_reconf_duration: 13.17
tot_sleeping_duration: 464081.66683999787
tot_uptimes: 121
tot_uptimes_duration: 7200.0121600021375
