comms_cons: 49.46368000152348
finished_reconf: true
global_termination_time: 472146.057
local_termination_time: 5423.629480000004
node_cons: 9648.326536084309
tot_aggregated_send: 5916
tot_msg_rcv: 558
tot_msg_sent: 1045
tot_reconf_duration: 4.390000000000001
tot_sleeping_duration: 464944.88827999675
tot_uptimes: 121
tot_uptimes_duration: 7201.16872000321
