comms_cons: 108.56995839354022
finished_reconf: true
global_termination_time: 1052674.741
local_termination_time: 164914.92836000098
node_cons: 21620.8022519944
tot_aggregated_send: 13862
tot_msg_rcv: 887
tot_msg_sent: 1753
tot_reconf_duration: 5.57
tot_sleeping_duration: 1036533.4130000041
tot_uptimes: 270
tot_uptimes_duration: 16141.327999995789
