comms_cons: 107.9646719910948
finished_reconf: true
global_termination_time: 1053303.662
local_termination_time: 267235.41936000006
node_cons: 21629.377424472015
tot_aggregated_send: 14094
tot_msg_rcv: 816
tot_msg_sent: 1500
tot_reconf_duration: 13.17
tot_sleeping_duration: 1037163.637680006
tot_uptimes: 270
tot_uptimes_duration: 16140.02431999403
