comms_cons: 103.68051839734841
finished_reconf: true
global_termination_time: 1052369.441
local_termination_time: 227354.0242400005
node_cons: 21632.00380335975
tot_aggregated_send: 14616
tot_msg_rcv: 334
tot_msg_sent: 809
tot_reconf_duration: 15.110000000000001
tot_sleeping_duration: 1036229.4227600003
tot_uptimes: 270
tot_uptimes_duration: 16140.018239999772
