comms_cons: 106.43171839692008
finished_reconf: true
global_termination_time: 1053257.105
local_termination_time: 514192.13436
node_cons: 21617.4541844765
tot_aggregated_send: 14616
tot_msg_rcv: 574
tot_msg_sent: 987
tot_reconf_duration: 4.390000000000001
tot_sleeping_duration: 1037117.0806800026
tot_uptimes: 270
tot_uptimes_duration: 16140.024319997407
