comms_cons: 107.58370559090979
finished_reconf: true
global_termination_time: 1051630.763
local_termination_time: 308871.0255200004
node_cons: 21702.45212447197
tot_aggregated_send: 14326
tot_msg_rcv: 694
tot_msg_sent: 1333
tot_reconf_duration: 7.819999999999999
tot_sleeping_duration: 1035430.7386800061
tot_uptimes: 270
tot_uptimes_duration: 16200.024319993972
