comms_cons: 20.613260800107565
finished_reconf: true
global_termination_time: 205054.93
local_termination_time: 71236.97035999998
node_cons: 4208.4468411191665
tot_aggregated_send: 2436
tot_msg_rcv: 194
tot_msg_sent: 503
tot_reconf_duration: 22.65
tot_sleeping_duration: 201934.92392000064
tot_uptimes: 53
tot_uptimes_duration: 3120.006079999366
