comms_cons: 35.62041600041607
finished_reconf: true
global_termination_time: 206618.794
local_termination_time: 71428.05835999997
node_cons: 4184.21198
tot_aggregated_send: 0
tot_msg_rcv: 2746
tot_msg_sent: 2669
tot_reconf_duration: 4.8100000000000005
tot_sleeping_duration: 203498.794
tot_uptimes: 53
tot_uptimes_duration: 3120.0
