comms_cons: 2.5320191999908843
finished_reconf: true
global_termination_time: 13981.981
local_termination_time: 9497.350359999999
node_cons: 261.53937999999835
tot_aggregated_send: 0
tot_msg_rcv: 222
tot_msg_sent: 162
tot_reconf_duration: 15.110000000000001
tot_sleeping_duration: 13801.981
tot_uptimes: 4
tot_uptimes_duration: 180.0
