comms_cons: 104.72112639388187
finished_reconf: true
global_termination_time: 1012837.771
local_termination_time: 222985.05836000005
node_cons: 20825.985565593408
tot_aggregated_send: 13630
tot_msg_rcv: 898
tot_msg_sent: 1389
tot_reconf_duration: 13.17
tot_sleeping_duration: 997297.7406000049
tot_uptimes: 260
tot_uptimes_duration: 15540.030399995041
