comms_cons: 107.29359358932903
finished_reconf: true
global_termination_time: 1013377.116
local_termination_time: 276917.31636000006
node_cons: 20812.307768948507
tot_aggregated_send: 13108
tot_msg_rcv: 1280
tot_msg_sent: 1920
tot_reconf_duration: 3.08
tot_sleeping_duration: 997837.0673600086
tot_uptimes: 260
tot_uptimes_duration: 15540.048639991379
