comms_cons: 104.78440959440486
finished_reconf: true
global_termination_time: 1016809.141
local_termination_time: 681111.8483999982
node_cons: 20900.8202267056
tot_aggregated_send: 13398
tot_msg_rcv: 905
tot_msg_sent: 1622
tot_reconf_duration: 9.11
tot_sleeping_duration: 1001209.1045200106
tot_uptimes: 261
tot_uptimes_duration: 15600.036479989241
