comms_cons: 103.03089919387706
finished_reconf: true
global_termination_time: 1012623.292
local_termination_time: 439770.8551200005
node_cons: 20814.63268558879
tot_aggregated_send: 13862
tot_msg_rcv: 635
tot_msg_sent: 1163
tot_reconf_duration: 4.8100000000000005
tot_sleeping_duration: 997083.2616000085
tot_uptimes: 260
tot_uptimes_duration: 15540.030399991607
