comms_cons: 103.93301118936901
finished_reconf: true
global_termination_time: 1012243.7551200005
local_termination_time: 35767.74940000017
node_cons: 20889.099605278567
tot_aggregated_send: 13340
tot_msg_rcv: 828
tot_msg_sent: 1629
tot_reconf_duration: 7.819999999999999
tot_sleeping_duration: 996651.1636000015
tot_uptimes: 260
tot_uptimes_duration: 15592.59151999891
