comms_cons: 563.4931904719115
finished_reconf: true
global_termination_time: 5764134.206
local_termination_time: 1800313.6344799998
node_cons: 118590.39266334749
tot_aggregated_send: 80330
tot_msg_rcv: 1716
tot_msg_sent: 3600
tot_reconf_duration: 6.279999999999999
tot_sleeping_duration: 5675574.187760007
tot_uptimes: 1477
tot_uptimes_duration: 88560.01823999337
