comms_cons: 567.064902461444
finished_reconf: true
global_termination_time: 5764750.826
local_termination_time: 1851100.4456399982
node_cons: 118589.4203422307
tot_aggregated_send: 79750
tot_msg_rcv: 2168
tot_msg_sent: 4270
tot_reconf_duration: 5.57
tot_sleeping_duration: 5676190.813840005
tot_uptimes: 1477
tot_uptimes_duration: 88560.01215999573
