comms_cons: 566.8113344400792
finished_reconf: true
global_termination_time: 5765384.53
local_termination_time: 1861385.8763599996
node_cons: 118588.7983644641
tot_aggregated_send: 79808
tot_msg_rcv: 2183
tot_msg_sent: 4161
tot_reconf_duration: 5.1
tot_sleeping_duration: 5676824.50568001
tot_uptimes: 1477
tot_uptimes_duration: 88560.024319991
