comms_cons: 783.1351553036633
finished_reconf: true
global_termination_time: 7938013.814
local_termination_time: 4793252.685199999
node_cons: 163263.29208558056
tot_aggregated_send: 111592
tot_msg_rcv: 2476
tot_msg_sent: 4962
tot_reconf_duration: 9.11
tot_sleeping_duration: 7816093.783600011
tot_uptimes: 2033
tot_uptimes_duration: 121920.03039998934
