comms_cons: 798.516877031364
finished_reconf: true
global_termination_time: 7937731.987
local_termination_time: 828190.262
node_cons: 163281.75267563318
tot_aggregated_send: 109887
tot_msg_rcv: 3720
tot_msg_sent: 7761
tot_reconf_duration: 22.65
tot_sleeping_duration: 7815811.9018800305
tot_uptimes: 2033
tot_uptimes_duration: 121920.08511996921
