comms_cons: 786.7888065616212
finished_reconf: true
global_termination_time: 7935432.266
local_termination_time: 5662998.664279998
node_cons: 163276.29902334482
tot_aggregated_send: 110664
tot_msg_rcv: 3072
tot_msg_sent: 5849
tot_reconf_duration: 18.700000000000003
tot_sleeping_duration: 7813512.247760006
tot_uptimes: 2033
tot_uptimes_duration: 121920.0182399936
