comms_cons: 799.2100802474157
finished_reconf: true
global_termination_time: 7937542.677
local_termination_time: 1115311.9157999994
node_cons: 163257.5287943146
tot_aggregated_send: 109330
tot_msg_rcv: 4002
tot_msg_sent: 8143
tot_reconf_duration: 4.8100000000000005
tot_sleeping_duration: 7815622.589760031
tot_uptimes: 2033
tot_uptimes_duration: 121920.08723997022
