comms_cons: 801.0260866543177
finished_reconf: true
global_termination_time: 7936940.686
local_termination_time: 1129707.8385199981
node_cons: 163256.9637367502
tot_aggregated_send: 109504
tot_msg_rcv: 4180
tot_msg_sent: 8065
tot_reconf_duration: 4.390000000000001
tot_sleeping_duration: 7815020.594800033
tot_uptimes: 2033
tot_uptimes_duration: 121920.09119996708
