comms_cons: 796.3092034204622
finished_reconf: true
global_termination_time: 7937864.048
local_termination_time: 1857428.67236
node_cons: 163266.31225004845
tot_aggregated_send: 110432
tot_msg_rcv: 3872
tot_msg_sent: 6730
tot_reconf_duration: 11.31
tot_sleeping_duration: 7815943.99328002
tot_uptimes: 2033
tot_uptimes_duration: 121920.05471998057
