comms_cons: 807.3566082337246
finished_reconf: true
global_termination_time: 7995796.675239996
local_termination_time: 40491.27364000008
node_cons: 164505.25187164568
tot_aggregated_send: 110258
tot_msg_rcv: 4100
tot_msg_sent: 8357
tot_reconf_duration: 18.21
tot_sleeping_duration: 7872958.346120018
tot_uptimes: 2048
tot_uptimes_duration: 122838.32911997859
