comms_cons: 1262.4071906419088
finished_reconf: true
global_termination_time: 7998126.068
local_termination_time: 2681107.6086000004
node_cons: 164544.91336893121
tot_aggregated_send: 0
tot_msg_rcv: 96575
tot_msg_sent: 95302
tot_reconf_duration: 6.279999999999999
tot_sleeping_duration: 7875246.019360018
tot_uptimes: 2049
tot_uptimes_duration: 122880.04863998247
