comms_cons: 784.5186497233748
finished_reconf: true
global_termination_time: 7995825.133
local_termination_time: 2846867.4516000003
node_cons: 164473.9137066968
tot_aggregated_send: 110780
tot_msg_rcv: 2778
tot_msg_sent: 5684
tot_reconf_duration: 13.17
tot_sleeping_duration: 7873005.096520014
tot_uptimes: 2048
tot_uptimes_duration: 122820.03647998697
