comms_cons: 798.772960196638
finished_reconf: true
global_termination_time: 8000836.875
local_termination_time: 1766204.6648399998
node_cons: 164551.76039116492
tot_aggregated_send: 110954
tot_msg_rcv: 3346
tot_msg_sent: 7108
tot_reconf_duration: 11.31
tot_sleeping_duration: 7877956.814200022
tot_uptimes: 2049
tot_uptimes_duration: 122880.06079997797
