comms_cons: 1.5066367999976369
finished_reconf: true
global_termination_time: 11207.251
local_termination_time: 5538.40036
node_cons: 166.6416199999992
tot_aggregated_send: 0
tot_msg_rcv: 117
tot_msg_sent: 112
tot_reconf_duration: 4.390000000000001
tot_sleeping_duration: 11087.251
tot_uptimes: 3
tot_uptimes_duration: 119.99999999999999
