comms_cons: 1.4737407999951315
finished_reconf: true
global_termination_time: 15086.661
local_termination_time: 3454.476040000001
node_cons: 248.3939399999998
tot_aggregated_send: 0
tot_msg_rcv: 110
tot_msg_sent: 114
tot_reconf_duration: 5.43
tot_sleeping_duration: 14906.661
tot_uptimes: 4
tot_uptimes_duration: 180.0
