comms_cons: 170.73692158843093
finished_reconf: true
global_termination_time: 1700828.7959199992
local_termination_time: 1700828.7547999993
node_cons: 35016.60618494899
tot_aggregated_send: 23708
tot_msg_rcv: 705
tot_msg_sent: 1538
tot_reconf_duration: 24.59
tot_sleeping_duration: 1674702.4232800074
tot_uptimes: 436
tot_uptimes_duration: 26126.37263999181
