comms_cons: 168.41624319281573
finished_reconf: true
global_termination_time: 1701494.568
local_termination_time: 828863.6813199996
node_cons: 34956.44452223366
tot_aggregated_send: 23664
tot_msg_rcv: 653
tot_msg_sent: 1283
tot_reconf_duration: 6.279999999999999
tot_sleeping_duration: 1675394.5558400047
tot_uptimes: 436
tot_uptimes_duration: 26100.01215999527
