comms_cons: 172.21055998835448
finished_reconf: true
global_termination_time: 1703621.954
local_termination_time: 779435.5577599991
node_cons: 35034.24232558873
tot_aggregated_send: 23432
tot_msg_rcv: 884
tot_msg_sent: 1859
tot_reconf_duration: 4.390000000000001
tot_sleeping_duration: 1677461.9236000085
tot_uptimes: 437
tot_uptimes_duration: 26160.030399991607
