comms_cons: 238.71707505341402
finished_reconf: true
global_termination_time: 1700829.06
local_termination_time: 1212113.0956
node_cons: 34975.43863111697
tot_aggregated_send: 0
tot_msg_rcv: 18246
tot_msg_sent: 18036
tot_reconf_duration: 11.31
tot_sleeping_duration: 1674719.9639200023
tot_uptimes: 436
tot_uptimes_duration: 26109.09607999772
