comms_cons: 167.96760319081693
finished_reconf: true
global_termination_time: 1704002.184
local_termination_time: 1198078.6923599998
node_cons: 35035.62208111669
tot_aggregated_send: 23490
tot_msg_rcv: 612
tot_msg_sent: 1429
tot_reconf_duration: 5.43
tot_sleeping_duration: 1677842.1779200023
tot_uptimes: 437
tot_uptimes_duration: 26160.006079997635
