comms_cons: 157.973983982908
finished_reconf: true
global_termination_time: 1525701.441
local_termination_time: 238773.94236000004
node_cons: 31341.20965119596
tot_aggregated_send: 19662
tot_msg_rcv: 1467
tot_msg_sent: 2880
tot_reconf_duration: 6.279999999999999
tot_sleeping_duration: 1502301.3802000033
tot_uptimes: 391
tot_uptimes_duration: 23400.06079999695
