comms_cons: 148.0523647955734
finished_reconf: true
global_termination_time: 1525019.379
local_termination_time: 809118.7433599998
node_cons: 31353.151944471956
tot_aggregated_send: 20822
tot_msg_rcv: 645
tot_msg_sent: 1036
tot_reconf_duration: 15.110000000000001
tot_sleeping_duration: 1501619.3546800062
tot_uptimes: 391
tot_uptimes_duration: 23400.024319993972
