comms_cons: 147.98727039688046
finished_reconf: true
global_termination_time: 1524923.851
local_termination_time: 1004721.3803199995
node_cons: 31348.768341116913
tot_aggregated_send: 21170
tot_msg_rcv: 436
tot_msg_sent: 887
tot_reconf_duration: 11.899999999999999
tot_sleeping_duration: 1501523.8449200024
tot_uptimes: 391
tot_uptimes_duration: 23400.006079997635
