comms_cons: 155.83361278230558
finished_reconf: true
global_termination_time: 1522584.33
local_termination_time: 385764.49452000036
node_cons: 31267.667826705638
tot_aggregated_send: 20010
tot_msg_rcv: 1304
tot_msg_sent: 2371
tot_reconf_duration: 11.31
tot_sleeping_duration: 1499244.2935200108
tot_uptimes: 390
tot_uptimes_duration: 23340.03647998924
