comms_cons: 150.88142078917252
finished_reconf: true
global_termination_time: 1522153.603
local_termination_time: 717214.4903599998
node_cons: 31259.650222233624
tot_aggregated_send: 20416
tot_msg_rcv: 891
tot_msg_sent: 1627
tot_reconf_duration: 5.43
tot_sleeping_duration: 1498813.5908400046
tot_uptimes: 390
tot_uptimes_duration: 23340.01215999527
