comms_cons: 50.336915200658076
finished_reconf: true
global_termination_time: 506519.543
local_termination_time: 178922.92136000004
node_cons: 10394.626841121435
tot_aggregated_send: 6670
tot_msg_rcv: 349
tot_msg_sent: 631
tot_reconf_duration: 22.65
tot_sleeping_duration: 498779.53691999894
tot_uptimes: 130
tot_uptimes_duration: 7740.006080001069
