comms_cons: 49.97560320047932
finished_reconf: true
global_termination_time: 505152.313
local_termination_time: 162934.20236000002
node_cons: 10374.479559999983
tot_aggregated_send: 7018
tot_msg_rcv: 199
tot_msg_sent: 379
tot_reconf_duration: 7.819999999999999
tot_sleeping_duration: 497412.313
tot_uptimes: 130
tot_uptimes_duration: 7740.0
