comms_cons: 63.1622016005812
finished_reconf: true
global_termination_time: 639403.074
local_termination_time: 329022.08336000005
node_cons: 13101.95198000001
tot_aggregated_send: 8584
tot_msg_rcv: 317
tot_msg_sent: 700
tot_reconf_duration: 4.8100000000000005
tot_sleeping_duration: 629623.074
tot_uptimes: 164
tot_uptimes_duration: 9779.999999999996
