comms_cons: 63.76623360147232
finished_reconf: true
global_termination_time: 635796.312
local_termination_time: 131946.69944000067
node_cons: 13019.246323364294
tot_aggregated_send: 7946
tot_msg_rcv: 636
tot_msg_sent: 1110
tot_reconf_duration: 3.05
tot_sleeping_duration: 626076.2937599968
tot_uptimes: 163
tot_uptimes_duration: 9720.018240003206
