comms_cons: 476.07335683544454
finished_reconf: true
global_termination_time: 4833223.927
local_termination_time: 1234062.3965599996
node_cons: 99389.07560669906
tot_aggregated_send: 67338
tot_msg_rcv: 1766
tot_msg_sent: 3257
tot_reconf_duration: 6.22
tot_sleeping_duration: 4759003.890520014
tot_uptimes: 1238
tot_uptimes_duration: 74220.0364799865
