comms_cons: 54.64025600109587
finished_reconf: true
global_termination_time: 534500.658
local_termination_time: 104244.50035999996
node_cons: 10944.133001121443
tot_aggregated_send: 7076
tot_msg_rcv: 426
tot_msg_sent: 803
tot_reconf_duration: 13.17
tot_sleeping_duration: 526340.6519199989
tot_uptimes: 137
tot_uptimes_duration: 8160.006080001069
