comms_cons: 56.12840960184927
finished_reconf: true
global_termination_time: 533411.408
local_termination_time: 53412.22172000002
node_cons: 10939.097488969179
tot_aggregated_send: 6728
tot_msg_rcv: 643
tot_msg_sent: 1160
tot_reconf_duration: 9.42
tot_sleeping_duration: 525251.3593599933
tot_uptimes: 137
tot_uptimes_duration: 8160.048640006848
