comms_cons: 113.65436159281009
finished_reconf: true
global_termination_time: 1103595.904
local_termination_time: 258680.47808000018
node_cons: 22664.481510069916
tot_aggregated_send: 14384
tot_msg_rcv: 1071
tot_msg_sent: 1819
tot_reconf_duration: 6.279999999999999
tot_sleeping_duration: 1086675.8492800076
tot_uptimes: 283
tot_uptimes_duration: 16920.054719992448
