comms_cons: 115.21587839120227
finished_reconf: true
global_termination_time: 1103599.849
local_termination_time: 310026.10936000006
node_cons: 22662.87907006989
tot_aggregated_send: 14036
tot_msg_rcv: 1323
tot_msg_sent: 2153
tot_reconf_duration: 5.1
tot_sleeping_duration: 1086679.7942800075
tot_uptimes: 283
tot_uptimes_duration: 16920.054719992448
