comms_cons: 113.01749759404525
finished_reconf: true
global_termination_time: 1099710.0
local_termination_time: 448785.58136000007
node_cons: 22609.921823359713
tot_aggregated_send: 14558
tot_msg_rcv: 957
tot_msg_sent: 1663
tot_reconf_duration: 25.299999999999997
tot_sleeping_duration: 1082849.9817600003
tot_uptimes: 282
tot_uptimes_duration: 16860.018239999772
