comms_cons: 110.89899519284378
finished_reconf: true
global_termination_time: 1101555.433
local_termination_time: 213652.73016000036
node_cons: 22661.857902242915
tot_aggregated_send: 15370
tot_msg_rcv: 502
tot_msg_sent: 984
tot_reconf_duration: 4.390000000000001
tot_sleeping_duration: 1084635.4208399977
tot_uptimes: 283
tot_uptimes_duration: 16920.012160002138
