comms_cons: 218.64423027949834
finished_reconf: true
global_termination_time: 1103350.219
local_termination_time: 1581.3783600000004
node_cons: 22660.07074670103
tot_aggregated_send: 0
tot_msg_rcv: 16864
tot_msg_sent: 16366
tot_reconf_duration: 3.05
tot_sleeping_duration: 1086430.1825200142
tot_uptimes: 283
tot_uptimes_duration: 16920.036479985807
