comms_cons: 143.76408319030514
finished_reconf: true
global_termination_time: 1413166.83
local_termination_time: 420451.6232400009
node_cons: 29012.565248954594
tot_aggregated_send: 19256
tot_msg_rcv: 909
tot_msg_sent: 1686
tot_reconf_duration: 6.279999999999999
tot_sleeping_duration: 1391505.8613600042
tot_uptimes: 362
tot_uptimes_duration: 21660.96863999596
