comms_cons: 139.9264255952445
finished_reconf: true
global_termination_time: 1413973.895
local_termination_time: 428820.4644800001
node_cons: 29090.644060000057
tot_aggregated_send: 20416
tot_msg_rcv: 277
tot_msg_sent: 575
tot_reconf_duration: 5.57
tot_sleeping_duration: 1392253.895
tot_uptimes: 363
tot_uptimes_duration: 21720.0
