comms_cons: 140.42989439319473
finished_reconf: true
global_termination_time: 1414411.697
local_termination_time: 471816.73736
node_cons: 29117.445541116864
tot_aggregated_send: 20126
tot_msg_rcv: 371
tot_msg_sent: 847
tot_reconf_duration: 25.299999999999997
tot_sleeping_duration: 1392691.6909200023
tot_uptimes: 363
tot_uptimes_duration: 21720.006079997635
