comms_cons: 279.84895340426715
finished_reconf: true
global_termination_time: 1416388.62
local_termination_time: 2788.41436
node_cons: 29113.863123350544
tot_aggregated_send: 0
tot_msg_rcv: 21544
tot_msg_sent: 20989
tot_reconf_duration: 22.65
tot_sleeping_duration: 1394668.6017600072
tot_uptimes: 363
tot_uptimes_duration: 21720.018239992904
