comms_cons: 144.00455678830764
finished_reconf: true
global_termination_time: 1416932.716
local_termination_time: 100626.27735999998
node_cons: 29090.486504467386
tot_aggregated_send: 19198
tot_msg_rcv: 888
tot_msg_sent: 1802
tot_reconf_duration: 5.43
tot_sleeping_duration: 1395212.6916800095
tot_uptimes: 363
tot_uptimes_duration: 21720.024319990538
