comms_cons: 60.06117120555472
finished_reconf: true
global_termination_time: 290640.3086000001
local_termination_time: 290640.2674800001
node_cons: 5996.991142879014
tot_aggregated_send: 0
tot_msg_rcv: 4825
tot_msg_sent: 4302
tot_reconf_duration: 24.59
tot_sleeping_duration: 286186.5386800009
tot_uptimes: 75
tot_uptimes_duration: 4453.769919999249
