comms_cons: 192.71763202399015
finished_reconf: true
global_termination_time: 401150.2272800008
local_termination_time: 401150.1861600008
node_cons: 24189.178172003274
tot_aggregated_send: 0
tot_msg_rcv: 11860
tot_msg_sent: 17430
tot_reconf_duration: 24.59
tot_sleeping_duration: 383110.05927999836
tot_uptimes: 298
tot_uptimes_duration: 18040.16800000241
