comms_cons: 741.099506654112
finished_reconf: true
global_termination_time: 1830924.918
local_termination_time: 830807.8036399981
node_cons: 110486.67238353779
tot_aggregated_send: 0
tot_msg_rcv: 45552
tot_msg_sent: 67090
tot_reconf_duration: 18.21
tot_sleeping_duration: 1748429.0679600143
tot_uptimes: 1354
tot_uptimes_duration: 82495.85003998573
