comms_cons: 305.7722493743704
finished_reconf: true
global_termination_time: 1830924.918
local_termination_time: 835177.2493599999
node_cons: 37629.91940558403
tot_aggregated_send: 0
tot_msg_rcv: 23721
tot_msg_sent: 22753
tot_reconf_duration: 22.65
tot_sleeping_duration: 1802844.887600012
tot_uptimes: 469
tot_uptimes_duration: 28080.030399988173
