comms_cons: 28.283980800655506
finished_reconf: true
global_termination_time: 280206.163
local_termination_time: 49188.54356000005
node_cons: 5714.759560000005
tot_aggregated_send: 3538
tot_msg_rcv: 192
tot_msg_sent: 569
tot_reconf_duration: 7.819999999999999
tot_sleeping_duration: 275946.163
tot_uptimes: 72
tot_uptimes_duration: 4260.0
