comms_cons: 78.52933119785355
finished_reconf: true
global_termination_time: 790410.169
local_termination_time: 556744.2833199996
node_cons: 16234.649761116874
tot_aggregated_send: 11252
tot_msg_rcv: 223
tot_msg_sent: 461
tot_reconf_duration: 4.390000000000001
tot_sleeping_duration: 778290.1629200024
tot_uptimes: 203
tot_uptimes_duration: 12120.006079997635
