comms_cons: 129.41362559427057
finished_reconf: true
global_termination_time: 1299739.088
local_termination_time: 786903.1345599985
node_cons: 26679.42826223378
tot_aggregated_send: 18386
tot_msg_rcv: 414
tot_msg_sent: 870
tot_reconf_duration: 4.8100000000000005
tot_sleeping_duration: 1279819.0758400047
tot_uptimes: 333
tot_uptimes_duration: 19920.01215999527
