comms_cons: 129.38059519541756
finished_reconf: true
global_termination_time: 1295573.681
local_termination_time: 38519.329480000015
node_cons: 26596.70632335974
tot_aggregated_send: 18328
tot_msg_rcv: 463
tot_msg_sent: 874
tot_reconf_duration: 3.05
tot_sleeping_duration: 1275713.6627600002
tot_uptimes: 332
tot_uptimes_duration: 19860.018239999772
