comms_cons: 200.25013758262955
finished_reconf: true
global_termination_time: 1997116.374
local_termination_time: 167238.17648000008
node_cons: 41060.34637482785
tot_aggregated_send: 26332
tot_msg_rcv: 1423
tot_msg_sent: 2682
tot_reconf_duration: 4.8100000000000005
tot_sleeping_duration: 1966456.318440009
tot_uptimes: 512
tot_uptimes_duration: 30660.05555999116
