comms_cons: 194.15877119656417
finished_reconf: true
global_termination_time: 1998669.178
local_termination_time: 556001.65536
node_cons: 41057.88189999975
tot_aggregated_send: 28652
tot_msg_rcv: 324
tot_msg_sent: 535
tot_reconf_duration: 3.05
tot_sleeping_duration: 1968009.178
tot_uptimes: 512
tot_uptimes_duration: 30660.0
