comms_cons: 293.4454783842287
finished_reconf: true
global_termination_time: 2958604.889
local_termination_time: 372807.98436000006
node_cons: 60842.13360334936
tot_aggregated_send: 41876
tot_msg_rcv: 1053
tot_msg_sent: 1673
tot_reconf_duration: 18.21
tot_sleeping_duration: 2913184.8707600073
tot_uptimes: 758
tot_uptimes_duration: 45420.0182399929
