comms_cons: 446.90685448462216
finished_reconf: true
global_termination_time: 4434148.2534799995
local_termination_time: 4434148.212359999
node_cons: 91255.15891324628
tot_aggregated_send: 61280
tot_msg_rcv: 2097
tot_msg_sent: 4551
tot_reconf_duration: 37.410000000000004
tot_sleeping_duration: 4366034.469960023
tot_uptimes: 1136
tot_uptimes_duration: 68113.78351997689
