comms_cons: 434.0495615942022
finished_reconf: true
global_termination_time: 4435291.932
local_termination_time: 2638870.24236
node_cons: 91193.48848334874
tot_aggregated_send: 62002
tot_msg_rcv: 1349
tot_msg_sent: 2622
tot_reconf_duration: 5.57
tot_sleeping_duration: 4367191.913760007
tot_uptimes: 1136
tot_uptimes_duration: 68100.01823999314
