comms_cons: 435.45238400960943
finished_reconf: true
global_termination_time: 4438091.757
local_termination_time: 2131278.91536
node_cons: 91273.19022334846
tot_aggregated_send: 62002
tot_msg_rcv: 1455
tot_msg_sent: 2729
tot_reconf_duration: 5.1
tot_sleeping_duration: 4369931.738760008
tot_uptimes: 1137
tot_uptimes_duration: 68160.01823999314
