comms_cons: 438.66398722584586
finished_reconf: true
global_termination_time: 4435648.277
local_termination_time: 2045616.7337999984
node_cons: 91198.32836781707
tot_aggregated_send: 62176
tot_msg_rcv: 1578
tot_msg_sent: 2920
tot_reconf_duration: 9.11
tot_sleeping_duration: 4367548.234440016
tot_uptimes: 1136
tot_uptimes_duration: 68100.0425599846
