comms_cons: 435.82950404097403
finished_reconf: true
global_termination_time: 4439370.645
local_termination_time: 949165.0753599999
node_cons: 91279.08934781635
tot_aggregated_send: 61828
tot_msg_rcv: 1450
tot_msg_sent: 2964
tot_reconf_duration: 9.42
tot_sleeping_duration: 4371210.602440015
tot_uptimes: 1137
tot_uptimes_duration: 68160.04255998414
