comms_cons: 135.8350655892548
finished_reconf: true
global_termination_time: 1345176.271
local_termination_time: 512436.98936
node_cons: 27642.937902233647
tot_aggregated_send: 18502
tot_msg_rcv: 694
tot_msg_sent: 1450
tot_reconf_duration: 4.390000000000001
tot_sleeping_duration: 1324536.2588400047
tot_uptimes: 345
tot_uptimes_duration: 20640.01215999527
