comms_cons: 190.6915327917754
finished_reconf: true
global_termination_time: 1943327.548
local_termination_time: 1140508.2243599996
node_cons: 40016.253941116374
tot_aggregated_send: 27260
tot_msg_rcv: 557
tot_msg_sent: 1167
tot_reconf_duration: 5.1
tot_sleeping_duration: 1913447.5419200023
tot_uptimes: 498
tot_uptimes_duration: 29880.006079997635
