comms_cons: 191.92967678963885
finished_reconf: true
global_termination_time: 1945854.644
local_termination_time: 1301631.67336
node_cons: 40016.71022223331
tot_aggregated_send: 27086
tot_msg_rcv: 690
tot_msg_sent: 1397
tot_reconf_duration: 5.43
tot_sleeping_duration: 1915974.6318400048
tot_uptimes: 499
tot_uptimes_duration: 29880.01215999527
