comms_cons: 41.390374400035476
finished_reconf: true
global_termination_time: 423384.671
local_termination_time: 285557.4850000009
node_cons: 8734.986584001203
tot_aggregated_send: 6148
tot_msg_rcv: 33
tot_msg_sent: 110
tot_reconf_duration: 25.299999999999997
tot_sleeping_duration: 416886.8149999991
tot_uptimes: 109
tot_uptimes_duration: 6497.856000000902
