comms_cons: 132.42081279252608
finished_reconf: true
global_termination_time: 1323360.2884799999
local_termination_time: 1323360.24736
node_cons: 27224.097502079534
tot_aggregated_send: 18476
tot_msg_rcv: 535
tot_msg_sent: 1117
tot_reconf_duration: 37.410000000000004
tot_sleeping_duration: 1303066.5657600001
tot_uptimes: 339
tot_uptimes_duration: 20293.722719999612
