comms_cons: 133.0752319862278
finished_reconf: true
global_termination_time: 1326684.098
local_termination_time: 720577.9012399989
node_cons: 27247.655803350517
tot_aggregated_send: 17052
tot_msg_rcv: 1082
tot_msg_sent: 2092
tot_reconf_duration: 9.11
tot_sleeping_duration: 1306344.079760007
tot_uptimes: 340
tot_uptimes_duration: 20340.018239992904
