comms_cons: 131.26819839521275
finished_reconf: true
global_termination_time: 1324854.161
local_termination_time: 780301.0913599998
node_cons: 27255.779380000025
tot_aggregated_send: 18096
tot_msg_rcv: 688
tot_msg_sent: 1168
tot_reconf_duration: 15.110000000000001
tot_sleeping_duration: 1304514.161
tot_uptimes: 340
tot_uptimes_duration: 20340.0
