comms_cons: 131.29954559607006
finished_reconf: true
global_termination_time: 1326083.473
local_termination_time: 649816.9793599999
node_cons: 27266.034982233738
tot_aggregated_send: 18270
tot_msg_rcv: 497
tot_msg_sent: 1189
tot_reconf_duration: 22.65
tot_sleeping_duration: 1305743.4608400047
tot_uptimes: 340
tot_uptimes_duration: 20340.01215999527
