comms_cons: 135.23205118988434
finished_reconf: true
global_termination_time: 1324909.268
local_termination_time: 704740.8275999997
node_cons: 27250.651544467288
tot_aggregated_send: 16936
tot_msg_rcv: 1283
tot_msg_sent: 2335
tot_reconf_duration: 11.31
tot_sleeping_duration: 1304569.2436800094
tot_uptimes: 340
tot_uptimes_duration: 20340.024319990538
