comms_cons: 274.22231039393745
finished_reconf: true
global_termination_time: 2740955.937
local_termination_time: 753000.0675599994
node_cons: 56343.109885583224
tot_aggregated_send: 38106
tot_msg_rcv: 1260
tot_msg_sent: 2315
tot_reconf_duration: 18.21
tot_sleeping_duration: 2698895.9066000115
tot_uptimes: 702
tot_uptimes_duration: 42060.03039998823
