comms_cons: 795.6993411017081
finished_reconf: true
global_termination_time: 2735018.2405999997
local_termination_time: 2735018.1994799995
node_cons: 111373.66481739617
tot_aggregated_send: 0
tot_msg_rcv: 40615
tot_msg_sent: 80326
tot_reconf_duration: 37.410000000000004
tot_sleeping_duration: 2651879.434
tot_uptimes: 1381
tot_uptimes_duration: 83138.80659999982
