comms_cons: 279.337721608851
finished_reconf: true
global_termination_time: 2737824.367
local_termination_time: 221663.1014800001
node_cons: 56324.456301228696
tot_aggregated_send: 36772
tot_msg_rcv: 1864
tot_msg_sent: 3821
tot_reconf_duration: 4.390000000000001
tot_sleeping_duration: 2695764.251480038
tot_uptimes: 702
tot_uptimes_duration: 42060.11551996239
