comms_cons: 542.7822338036185
finished_reconf: true
global_termination_time: 2735018.8405999974
local_termination_time: 2624.5956
node_cons: 56274.02596292443
tot_aggregated_send: 0
tot_msg_rcv: 41876
tot_msg_sent: 40617
tot_reconf_duration: 11.31
tot_sleeping_duration: 2693003.4059600234
tot_uptimes: 701
tot_uptimes_duration: 42015.43463997415
