comms_cons: 234.2060159800714
finished_reconf: true
global_termination_time: 2343525.365
local_termination_time: 837249.183359999
node_cons: 48208.23959341063
tot_aggregated_send: 31784
tot_msg_rcv: 1456
tot_msg_sent: 2357
tot_reconf_duration: 3.05
tot_sleeping_duration: 2307525.2920400216
tot_uptimes: 601
tot_uptimes_duration: 36000.07295997848
