comms_cons: 81.12216319558436
finished_reconf: true
global_termination_time: 814460.991
local_termination_time: 5907.487
node_cons: 16718.724024475126
tot_aggregated_send: 11362
tot_msg_rcv: 268
tot_msg_sent: 700
tot_reconf_duration: 5.87
tot_sleeping_duration: 801980.9666800037
tot_uptimes: 209
tot_uptimes_duration: 12480.024319996342
