comms_cons: 51.252595200530685
finished_reconf: true
global_termination_time: 506564.003
local_termination_time: 379472.5777200005
node_cons: 10372.396381121403
tot_aggregated_send: 6902
tot_msg_rcv: 309
tot_msg_sent: 579
tot_reconf_duration: 6.279999999999999
tot_sleeping_duration: 498823.99691999896
tot_uptimes: 130
tot_uptimes_duration: 7740.006080001069
