comms_cons: 53.7539456014462
finished_reconf: true
global_termination_time: 506984.7
local_termination_time: 110635.1395199995
node_cons: 10376.280226728597
tot_aggregated_send: 6322
tot_msg_rcv: 686
tot_msg_sent: 1164
tot_reconf_duration: 9.11
tot_sleeping_duration: 499244.6635199936
tot_uptimes: 130
tot_uptimes_duration: 7740.036480006413
