comms_cons: 85.50328319738492
finished_reconf: true
global_termination_time: 908556.212
local_termination_time: 5531.258
node_cons: 18655.529045593386
tot_aggregated_send: 12109
tot_msg_rcv: 342
tot_msg_sent: 545
tot_reconf_duration: 12.23
tot_sleeping_duration: 894636.181600005
tot_uptimes: 233
tot_uptimes_duration: 13920.030399995041
