comms_cons: 81.73998079912977
finished_reconf: true
global_termination_time: 911492.117
local_termination_time: 4910.33
node_cons: 18728.834640000026
tot_aggregated_send: 12288
tot_msg_rcv: 33
tot_msg_sent: 103
tot_reconf_duration: 7.08
tot_sleeping_duration: 897512.117
tot_uptimes: 234
tot_uptimes_duration: 13980.0
