comms_cons: 331.7548096218825
finished_reconf: true
global_termination_time: 3321377.177
local_termination_time: 63014.79048000001
node_cons: 68297.61779229154
tot_aggregated_send: 46226
tot_msg_rcv: 1344
tot_msg_sent: 2853
tot_reconf_duration: 6.279999999999999
tot_sleeping_duration: 3270377.1101200203
tot_uptimes: 851
tot_uptimes_duration: 51000.066879979844
