comms_cons: 330.05838082038144
finished_reconf: true
global_termination_time: 3316971.416
local_termination_time: 1353019.303999999
node_cons: 68217.15560670043
tot_aggregated_send: 45878
tot_msg_rcv: 1383
tot_msg_sent: 2906
tot_reconf_duration: 6.22
tot_sleeping_duration: 3266031.379520014
tot_uptimes: 850
tot_uptimes_duration: 50940.036479986506
