comms_cons: 606.6260992649195
finished_reconf: true
global_termination_time: 6117777.15848
local_termination_time: 6117777.11736
node_cons: 125864.2079420706
tot_aggregated_send: 87754
tot_msg_rcv: 1377
tot_msg_sent: 3071
tot_reconf_duration: 24.59
tot_sleeping_duration: 6023803.4357600035
tot_uptimes: 1567
tot_uptimes_duration: 93973.72271999618
