comms_cons: 606.3566209051448
finished_reconf: true
global_termination_time: 6118305.271
local_termination_time: 4116821.247119998
node_cons: 125819.39022334757
tot_aggregated_send: 84970
tot_msg_rcv: 2364
tot_msg_sent: 4828
tot_reconf_duration: 5.1
tot_sleeping_duration: 6024345.252760006
tot_uptimes: 1567
tot_uptimes_duration: 93960.0182399936
