comms_cons: 598.1123264248845
finished_reconf: true
global_termination_time: 6122024.103
local_termination_time: 4447406.808
node_cons: 125910.6648599959
tot_aggregated_send: 88501
tot_msg_rcv: 717
tot_msg_sent: 1691
tot_reconf_duration: 13.17
tot_sleeping_duration: 6028004.103
tot_uptimes: 1568
tot_uptimes_duration: 94020.0
