comms_cons: 26.178636798604536
finished_reconf: true
global_termination_time: 135950.961
local_termination_time: 1407.7883600000002
node_cons: 2740.014901119152
tot_aggregated_send: 0
tot_msg_rcv: 2011
tot_msg_sent: 1968
tot_reconf_duration: 6.22
tot_sleeping_duration: 133910.95492000063
tot_uptimes: 35
tot_uptimes_duration: 2040.0060799993662
