comms_cons: 1.9203327999972575
finished_reconf: true
global_termination_time: 17130.748
local_termination_time: 7029.869360000001
node_cons: 328.2858000000005
tot_aggregated_send: 0
tot_msg_rcv: 173
tot_msg_sent: 119
tot_reconf_duration: 5.1
tot_sleeping_duration: 16890.748
tot_uptimes: 5
tot_uptimes_duration: 240.0
