comms_cons: 436.8786176299672
finished_reconf: true
global_termination_time: 4418448.688
local_termination_time: 1822193.9235999996
node_cons: 90889.27732111432
tot_aggregated_send: 63858
tot_msg_rcv: 819
tot_msg_sent: 1726
tot_reconf_duration: 18.21
tot_sleeping_duration: 4350588.681920002
tot_uptimes: 1132
tot_uptimes_duration: 67860.00607999763
