comms_cons: 445.7437056721716
finished_reconf: true
global_termination_time: 4417442.022
local_termination_time: 1808992.164
node_cons: 90922.10151654223
tot_aggregated_send: 61304
tot_msg_rcv: 2149
tot_msg_sent: 4296
tot_reconf_duration: 22.65
tot_sleeping_duration: 4349562.004960012
tot_uptimes: 1132
tot_uptimes_duration: 67880.01703998866
