comms_cons: 444.2739648595966
finished_reconf: true
global_termination_time: 4415955.755119994
local_termination_time: 80247.188
node_cons: 90860.81870372158
tot_aggregated_send: 61227
tot_msg_rcv: 2048
tot_msg_sent: 4251
tot_reconf_duration: 25.299999999999997
tot_sleeping_duration: 4348124.193280021
tot_uptimes: 1131
tot_uptimes_duration: 67831.56183997315
