comms_cons: 437.0634624255598
finished_reconf: true
global_termination_time: 4418901.974
local_termination_time: 2618290.213
node_cons: 90888.75273175449
tot_aggregated_send: 63562
tot_msg_rcv: 895
tot_msg_sent: 1975
tot_reconf_duration: 11.899999999999999
tot_sleeping_duration: 4351035.960160003
tot_uptimes: 1132
tot_uptimes_duration: 67866.01383999782
