comms_cons: 442.6585664650701
finished_reconf: true
global_termination_time: 4418325.666
local_termination_time: 1335638.3846399991
node_cons: 90879.97225005036
tot_aggregated_send: 61770
tot_msg_rcv: 1681
tot_msg_sent: 3830
tot_reconf_duration: 11.31
tot_sleeping_duration: 4350465.61128002
tot_uptimes: 1132
tot_uptimes_duration: 67860.05471997964
