comms_cons: 444.1479360602232
finished_reconf: true
global_termination_time: 4415986.648
local_termination_time: 626877.0953599998
node_cons: 90805.11313116677
tot_aggregated_send: 61828
tot_msg_rcv: 1967
tot_msg_sent: 3711
tot_reconf_duration: 15.34
tot_sleeping_duration: 4348186.587200023
tot_uptimes: 1131
tot_uptimes_duration: 67800.06079997704
