comms_cons: 667.7230081519974
finished_reconf: true
global_termination_time: 6639862.366
local_termination_time: 445320.9947200001
node_cons: 136584.6133911656
tot_aggregated_send: 91756
tot_msg_rcv: 3203
tot_msg_sent: 6531
tot_reconf_duration: 4.8100000000000005
tot_sleeping_duration: 6537862.305200023
tot_uptimes: 1701
tot_uptimes_duration: 102000.06079997763
