comms_cons: 60.506751999444745
finished_reconf: true
global_termination_time: 590097.161
local_termination_time: 308994.44836000004
node_cons: 12149.241142242856
tot_aggregated_send: 7830
tot_msg_rcv: 445
tot_msg_sent: 921
tot_reconf_duration: 13.17
tot_sleeping_duration: 581037.1488399978
tot_uptimes: 152
tot_uptimes_duration: 9060.012160002138
