comms_cons: 60.13844479957384
finished_reconf: true
global_termination_time: 591822.93
local_termination_time: 75811.15111999972
node_cons: 12135.538922238282
tot_aggregated_send: 8004
tot_msg_rcv: 376
tot_msg_sent: 760
tot_reconf_duration: 3.08
tot_sleeping_duration: 582762.9178400014
tot_uptimes: 152
tot_uptimes_duration: 9060.012159998703
