comms_cons: 62.023372799179796
finished_reconf: true
global_termination_time: 589247.042
local_termination_time: 14788.10388
node_cons: 12059.462935120464
tot_aggregated_send: 7424
tot_msg_rcv: 724
tot_msg_sent: 1280
tot_reconf_duration: 6.22
tot_sleeping_duration: 580247.0299199998
tot_uptimes: 151
tot_uptimes_duration: 9000.012080000335
