comms_cons: 21.467929600279568
finished_reconf: true
global_termination_time: 217254.218
local_termination_time: 22813.86436
node_cons: 4424.661620000003
tot_aggregated_send: 3016
tot_msg_rcv: 77
tot_msg_sent: 170
tot_reconf_duration: 4.390000000000001
tot_sleeping_duration: 213954.218
tot_uptimes: 56
tot_uptimes_duration: 3300.0
