comms_cons: 15.028351999698552
finished_reconf: true
global_termination_time: 96635.45
local_termination_time: 26123.315360000004
node_cons: 1936.7126633597366
tot_aggregated_send: 522
tot_msg_rcv: 886
tot_msg_sent: 878
tot_reconf_duration: 6.279999999999999
tot_sleeping_duration: 95195.4317600002
tot_uptimes: 25
tot_uptimes_duration: 1440.0182399998012
