comms_cons: 13.524307199672021
finished_reconf: true
global_termination_time: 95412.556
local_termination_time: 40410.6503600001
node_cons: 1948.744508957488
tot_aggregated_send: 464
tot_msg_rcv: 674
tot_msg_sent: 917
tot_reconf_duration: 15.110000000000001
tot_sleeping_duration: 93972.50736000188
tot_uptimes: 25
tot_uptimes_duration: 1440.0486399981237
