comms_cons: 13.23913599971132
finished_reconf: true
global_termination_time: 96010.407
local_termination_time: 35854.05860000001
node_cons: 1943.5352622402959
tot_aggregated_send: 580
tot_msg_rcv: 678
tot_msg_sent: 757
tot_reconf_duration: 11.31
tot_sleeping_duration: 94570.39483999978
tot_uptimes: 25
tot_uptimes_duration: 1440.012160000224
