comms_cons: 65.45085440332919
finished_reconf: true
global_termination_time: 568044.5433600001
local_termination_time: 176142.7397600004
node_cons: 11714.88003474021
tot_aggregated_send: 4988
tot_msg_rcv: 1860
tot_msg_sent: 3102
tot_reconf_duration: 18.21
tot_sleeping_duration: 559314.034879985
tot_uptimes: 146
tot_uptimes_duration: 8730.508480015094
