comms_cons: 1959.9269153368643
finished_reconf: true
global_termination_time: 4042794.4055999997
local_termination_time: 4042794.3644799995
node_cons: 246439.18403092926
tot_aggregated_send: 0
tot_msg_rcv: 120116
tot_msg_sent: 177780
tot_reconf_duration: 37.410000000000004
tot_sleeping_duration: 3858785.158960016
tot_uptimes: 3016
tot_uptimes_duration: 184009.24663998382
