comms_cons: 400.06963839522
finished_reconf: true
global_termination_time: 4044587.895
local_termination_time: 2653366.9218
node_cons: 83159.48848334941
tot_aggregated_send: 56376
tot_msg_rcv: 1488
tot_msg_sent: 2944
tot_reconf_duration: 5.57
tot_sleeping_duration: 3982487.8767600064
tot_uptimes: 1036
tot_uptimes_duration: 62100.01823999337
