comms_cons: 398.1337023983751
finished_reconf: true
global_termination_time: 4047120.102
local_termination_time: 2628630.261359998
node_cons: 83240.2739563861
tot_aggregated_send: 56434
tot_msg_rcv: 1466
tot_msg_sent: 2614
tot_reconf_duration: 5.1
tot_sleeping_duration: 3984959.274400009
tot_uptimes: 1037
tot_uptimes_duration: 62160.82759999111
