comms_cons: 399.66008323932726
finished_reconf: true
global_termination_time: 4043609.707
local_termination_time: 2099750.81236
node_cons: 83156.13148670024
tot_aggregated_send: 55854
tot_msg_rcv: 1866
tot_msg_sent: 3026
tot_reconf_duration: 3.08
tot_sleeping_duration: 3981509.670520013
tot_uptimes: 1036
tot_uptimes_duration: 62100.03647998674
