comms_cons: 797.0426573600068
finished_reconf: true
global_termination_time: 4047386.564
local_termination_time: 2869.7503600000005
node_cons: 83248.46532894298
tot_aggregated_send: 0
tot_msg_rcv: 61052
tot_msg_sent: 60089
tot_reconf_duration: 11.899999999999999
tot_sleeping_duration: 3985226.515360011
tot_uptimes: 1037
tot_uptimes_duration: 62160.048639988876
