comms_cons: 397.2921984284668
finished_reconf: true
global_termination_time: 4046091.791
local_termination_time: 2488179.2444800003
node_cons: 83239.64650446604
tot_aggregated_send: 56608
tot_msg_rcv: 1113
tot_msg_sent: 2666
tot_reconf_duration: 5.43
tot_sleeping_duration: 3983931.766680009
tot_uptimes: 1037
tot_uptimes_duration: 62160.024319991004
