comms_cons: 208.53432319454203
finished_reconf: true
global_termination_time: 2109900.836
local_termination_time: 1026488.3373199987
node_cons: 43394.21955999968
tot_aggregated_send: 30392
tot_msg_rcv: 403
tot_msg_sent: 901
tot_reconf_duration: 7.819999999999999
tot_sleeping_duration: 2077500.8360000001
tot_uptimes: 541
tot_uptimes_duration: 32400.0
