comms_cons: 382.3632896315937
finished_reconf: true
global_termination_time: 3831497.243
local_termination_time: 2322663.2153999996
node_cons: 78817.76334558327
tot_aggregated_send: 53070
tot_msg_rcv: 1674
tot_msg_sent: 3373
tot_reconf_duration: 3.08
tot_sleeping_duration: 3772637.212600011
tot_uptimes: 982
tot_uptimes_duration: 58860.03039998887
