comms_cons: 388.13990406041586
finished_reconf: true
global_termination_time: 3829113.789
local_termination_time: 445320.9947200001
node_cons: 78739.82967340176
tot_aggregated_send: 52374
tot_msg_rcv: 2144
tot_msg_sent: 4477
tot_reconf_duration: 4.8100000000000005
tot_sleeping_duration: 3770313.7160400273
tot_uptimes: 981
tot_uptimes_duration: 58800.072959972895
