comms_cons: 67.2334719990267
finished_reconf: true
global_termination_time: 690302.227
local_termination_time: 5480.857
node_cons: 14150.109182238284
tot_aggregated_send: 9620
tot_msg_rcv: 224
tot_msg_sent: 376
tot_reconf_duration: 7.55
tot_sleeping_duration: 679742.2148400012
tot_uptimes: 177
tot_uptimes_duration: 10560.012159998703
