comms_cons: 68.78553599905936
finished_reconf: true
global_termination_time: 689332.94448
local_termination_time: 4724.967
node_cons: 14168.632762083082
tot_aggregated_send: 9504
tot_msg_rcv: 366
tot_msg_sent: 584
tot_reconf_duration: 7.08
tot_sleeping_duration: 678758.6217599976
tot_uptimes: 177
tot_uptimes_duration: 10574.322720002288
