comms_cons: 68.92369919881912
finished_reconf: true
global_termination_time: 694554.5
local_termination_time: 5451.687
node_cons: 14228.985244476546
tot_aggregated_send: 9505
tot_msg_rcv: 327
tot_msg_sent: 644
tot_reconf_duration: 6.46
tot_sleeping_duration: 683934.4756800026
tot_uptimes: 178
tot_uptimes_duration: 10620.024319997407
