comms_cons: 544.0195712545383
finished_reconf: true
global_termination_time: 5586593.223
local_termination_time: 3363333.462519998
node_cons: 114938.86934974178
tot_aggregated_send: 76618
tot_msg_rcv: 1954
tot_msg_sent: 4115
tot_reconf_duration: 25.299999999999997
tot_sleeping_duration: 5500779.547160011
tot_uptimes: 1431
tot_uptimes_duration: 85813.67583998921
