comms_cons: 555.4097728952787
finished_reconf: true
global_termination_time: 5587067.372
local_termination_time: 1772571.88636
node_cons: 114894.71188893268
tot_aggregated_send: 77778
tot_msg_rcv: 2166
tot_msg_sent: 4474
tot_reconf_duration: 6.22
tot_sleeping_duration: 5501267.3233600175
tot_uptimes: 1431
tot_uptimes_duration: 85800.04863998224
