comms_cons: 634.0525185358658
finished_reconf: true
global_termination_time: 6412293.675
local_termination_time: 2414070.6502399994
node_cons: 131926.87336893295
tot_aggregated_send: 88682
tot_msg_rcv: 2692
tot_msg_sent: 4998
tot_reconf_duration: 6.279999999999999
tot_sleeping_duration: 6313773.626360018
tot_uptimes: 1643
tot_uptimes_duration: 98520.0486399827
