comms_cons: 18.25790719978002
finished_reconf: true
global_termination_time: 154822.965
local_termination_time: 34772.152800000054
node_cons: 3158.005462238302
tot_aggregated_send: 1450
tot_msg_rcv: 524
tot_msg_sent: 803
tot_reconf_duration: 18.21
tot_sleeping_duration: 152482.95284000126
tot_uptimes: 40
tot_uptimes_duration: 2340.012159998732
