comms_cons: 17.020390400123574
finished_reconf: true
global_termination_time: 152522.499
local_termination_time: 83360.00667999985
node_cons: 3141.8045222383025
tot_aggregated_send: 1566
tot_msg_rcv: 328
tot_msg_sent: 693
tot_reconf_duration: 6.279999999999999
tot_sleeping_duration: 150182.48684000128
tot_uptimes: 40
tot_uptimes_duration: 2340.0121599987324
