comms_cons: 15.574220800085925
finished_reconf: true
global_termination_time: 150778.85024000015
local_termination_time: 99008.52235999997
node_cons: 3077.9333404793506
tot_aggregated_send: 1508
tot_msg_rcv: 276
tot_msg_sent: 584
tot_reconf_duration: 4.390000000000001
tot_sleeping_duration: 148484.62192000065
tot_uptimes: 39
tot_uptimes_duration: 2294.2283199995145
