comms_cons: 64.52907519892938
finished_reconf: true
global_termination_time: 630430.26
local_termination_time: 116533.28487999947
node_cons: 12938.955204485743
tot_aggregated_send: 8294
tot_msg_rcv: 464
tot_msg_sent: 1051
tot_reconf_duration: 3.08
tot_sleeping_duration: 620770.2356799957
tot_uptimes: 162
tot_uptimes_duration: 9660.024320004275
