comms_cons: 64.43811199873988
finished_reconf: true
global_termination_time: 631967.043
local_termination_time: 173953.45136000006
node_cons: 12940.717902242897
tot_aggregated_send: 8236
tot_msg_rcv: 454
tot_msg_sent: 1105
tot_reconf_duration: 4.390000000000001
tot_sleeping_duration: 622307.0308399978
tot_uptimes: 162
tot_uptimes_duration: 9660.012160002138
