comms_cons: 68.18745599822735
finished_reconf: true
global_termination_time: 630687.038
local_termination_time: 125569.90835999997
node_cons: 12943.243747845436
tot_aggregated_send: 7830
tot_msg_rcv: 1021
tot_msg_sent: 1514
tot_reconf_duration: 6.22
tot_sleeping_duration: 621026.9954399959
tot_uptimes: 162
tot_uptimes_duration: 9660.042560004047
