comms_cons: 81.44402559756944
finished_reconf: true
global_termination_time: 815579.413
local_termination_time: 4417.77
node_cons: 16725.08760559798
tot_aggregated_send: 11134
tot_msg_rcv: 432
tot_msg_sent: 813
tot_reconf_duration: 10.55
tot_sleeping_duration: 803099.3826000015
tot_uptimes: 209
tot_uptimes_duration: 12480.030399998475
