comms_cons: 97.85902079887504
finished_reconf: true
global_termination_time: 983100.782
local_termination_time: 325958.5734800001
node_cons: 20171.871980000025
tot_aggregated_send: 13398
tot_msg_rcv: 490
tot_msg_sent: 986
tot_reconf_duration: 4.8100000000000005
tot_sleeping_duration: 968040.782
tot_uptimes: 252
tot_uptimes_duration: 15060.0
