comms_cons: 49.643180802517776
finished_reconf: true
global_termination_time: 411928.8680000004
local_termination_time: 411928.8268800004
node_cons: 8514.41729881979
tot_aggregated_send: 3408
tot_msg_rcv: 1386
tot_msg_sent: 2756
tot_reconf_duration: 24.59
tot_sleeping_duration: 405595.0187999857
tot_uptimes: 106
tot_uptimes_duration: 6333.849200014767
