comms_cons: 40.56735359989895
finished_reconf: true
global_termination_time: 413178.585
local_termination_time: 10948.06092
node_cons: 8439.841900000009
tot_aggregated_send: 5916
tot_msg_rcv: 76
tot_msg_sent: 173
tot_reconf_duration: 3.05
tot_sleeping_duration: 406878.585
tot_uptimes: 106
tot_uptimes_duration: 6300.0
