comms_cons: 797.8884089871766
finished_reconf: true
global_termination_time: 2554606.728
local_termination_time: 211164.495
node_cons: 154923.19996105175
tot_aggregated_send: 0
tot_msg_rcv: 49052
tot_msg_sent: 72223
tot_reconf_duration: 18.21
tot_sleeping_duration: 2438924.5242800172
tot_uptimes: 1901
tot_uptimes_duration: 115682.20371998262
