comms_cons: 246.89763839353367
finished_reconf: true
global_termination_time: 2555996.69
local_termination_time: 828478.0953599999
node_cons: 52550.88823999923
tot_aggregated_send: 36366
tot_msg_rcv: 414
tot_msg_sent: 747
tot_reconf_duration: 6.279999999999999
tot_sleeping_duration: 2516756.69
tot_uptimes: 655
tot_uptimes_duration: 39240.0
