comms_cons: 250.2404991959552
finished_reconf: true
global_termination_time: 2556506.493
local_termination_time: 465591.11736000003
node_cons: 52560.253001116005
tot_aggregated_send: 37178
tot_msg_rcv: 286
tot_msg_sent: 571
tot_reconf_duration: 13.17
tot_sleeping_duration: 2517266.4869200024
tot_uptimes: 655
tot_uptimes_duration: 39240.006079997635
