comms_cons: 330.2105853483001
finished_reconf: true
global_termination_time: 2554606.728
local_termination_time: 212428.44336000006
node_cons: 52548.95710894536
tot_aggregated_send: 0
tot_msg_rcv: 25642
tot_msg_sent: 24549
tot_reconf_duration: 4.8100000000000005
tot_sleeping_duration: 2515366.6793600107
tot_uptimes: 655
tot_uptimes_duration: 39240.048639989676
