comms_cons: 249.95038718614146
finished_reconf: true
global_termination_time: 2559417.418
local_termination_time: 62933.78636000002
node_cons: 52628.726748940775
tot_aggregated_send: 34974
tot_msg_rcv: 1099
tot_msg_sent: 1918
tot_reconf_duration: 4.390000000000001
tot_sleeping_duration: 2520117.369360014
tot_uptimes: 656
tot_uptimes_duration: 39300.04863998624
