comms_cons: 259.16163198978785
finished_reconf: true
global_termination_time: 2554576.863239997
local_termination_time: 60247.09748000001
node_cons: 52578.163796063105
tot_aggregated_send: 34974
tot_msg_rcv: 1628
tot_msg_sent: 2787
tot_reconf_duration: 11.31
tot_sleeping_duration: 2515321.594520009
tot_uptimes: 655
tot_uptimes_duration: 39255.26871998799
