comms_cons: 764.1529537165138
finished_reconf: true
global_termination_time: 7894681.584
local_termination_time: 4231671.18536
node_cons: 162384.34038669683
tot_aggregated_send: 108982
tot_msg_rcv: 2324
tot_msg_sent: 4841
tot_reconf_duration: 12.629999999999999
tot_sleeping_duration: 7773421.547520013
tot_uptimes: 2022
tot_uptimes_duration: 121260.03647998697
