comms_cons: 764.3949121000251
finished_reconf: true
global_termination_time: 7892539.855
local_termination_time: 4413152.462359999
node_cons: 162392.56716446168
tot_aggregated_send: 108750
tot_msg_rcv: 2555
tot_msg_sent: 4877
tot_reconf_duration: 18.700000000000003
tot_sleeping_duration: 7771279.830680009
tot_uptimes: 2022
tot_uptimes_duration: 121260.02431999124
