comms_cons: 794.0696642470241
finished_reconf: true
global_termination_time: 7891289.068
local_termination_time: 721993.5361599984
node_cons: 162297.5009711647
tot_aggregated_send: 109272
tot_msg_rcv: 3826
tot_msg_sent: 7592
tot_reconf_duration: 7.819999999999999
tot_sleeping_duration: 7770089.007200022
tot_uptimes: 2021
tot_uptimes_duration: 121200.06079997774
