comms_cons: 791.2681346211368
finished_reconf: true
global_termination_time: 7895359.792
local_termination_time: 956380.7018399998
node_cons: 162375.6600300479
tot_aggregated_send: 109272
tot_msg_rcv: 3850
tot_msg_sent: 7145
tot_reconf_duration: 6.22
tot_sleeping_duration: 7774099.7372800205
tot_uptimes: 2022
tot_uptimes_duration: 121260.05471998011
