comms_cons: 290.35061739192145
finished_reconf: true
global_termination_time: 1468496.7725999998
local_termination_time: 3619.1673600000004
node_cons: 30253.154751750404
tot_aggregated_send: 0
tot_msg_rcv: 22318
tot_msg_sent: 21812
tot_reconf_duration: 18.21
tot_sleeping_duration: 1445921.398760007
tot_uptimes: 377
tot_uptimes_duration: 22575.373839992797
