comms_cons: 151.44465917937677
finished_reconf: true
global_termination_time: 1469738.878
local_termination_time: 470616.5253600001
node_cons: 30228.728707817907
tot_aggregated_send: 19140
tot_msg_rcv: 1212
tot_msg_sent: 2666
tot_reconf_duration: 15.34
tot_sleeping_duration: 1447178.8354400166
tot_uptimes: 377
tot_uptimes_duration: 22560.04255998344
