comms_cons: 149.0741119894489
finished_reconf: true
global_termination_time: 1470980.208
local_termination_time: 619184.1641999997
node_cons: 30216.410980861663
tot_aggregated_send: 20068
tot_msg_rcv: 846
tot_msg_sent: 1744
tot_reconf_duration: 6.279999999999999
tot_sleeping_duration: 1448420.1760800139
tot_uptimes: 377
tot_uptimes_duration: 22560.031919986242
