comms_cons: 145.82850559815935
finished_reconf: true
global_termination_time: 1469345.743
local_termination_time: 832429.4817199977
node_cons: 30230.88685207702
tot_aggregated_send: 21112
tot_msg_rcv: 413
tot_msg_sent: 640
tot_reconf_duration: 9.11
tot_sleeping_duration: 1446777.7702800024
tot_uptimes: 377
tot_uptimes_duration: 22567.97271999775
