comms_cons: 146.52536959010757
finished_reconf: true
global_termination_time: 1471658.107
local_termination_time: 595091.1263599999
node_cons: 30233.234599999985
tot_aggregated_send: 20648
tot_msg_rcv: 479
tot_msg_sent: 1143
tot_reconf_duration: 18.700000000000003
tot_sleeping_duration: 1449098.107
tot_uptimes: 377
tot_uptimes_duration: 22560.0
