comms_cons: 148.05317119476226
finished_reconf: true
global_termination_time: 1468496.3441200005
local_termination_time: 10110.557760000003
node_cons: 30280.734855269355
tot_aggregated_send: 20300
tot_msg_rcv: 801
tot_msg_sent: 1401
tot_reconf_duration: 4.8100000000000005
tot_sleeping_duration: 1445886.7826000084
tot_uptimes: 377
tot_uptimes_duration: 22609.561519992014
