comms_cons: 76.73788160117704
finished_reconf: true
global_termination_time: 757010.512
local_termination_time: 280678.80212000094
node_cons: 15513.216624485756
tot_aggregated_send: 9918
tot_msg_rcv: 581
tot_msg_sent: 1164
tot_reconf_duration: 5.57
tot_sleeping_duration: 745430.4876799957
tot_uptimes: 194
tot_uptimes_duration: 11580.024320004275
