comms_cons: 76.92937599819206
finished_reconf: true
global_termination_time: 755006.842
local_termination_time: 294450.2716000005
node_cons: 15512.570223364284
tot_aggregated_send: 10208
tot_msg_rcv: 499
tot_msg_sent: 985
tot_reconf_duration: 5.1
tot_sleeping_duration: 743426.8237599967
tot_uptimes: 194
tot_uptimes_duration: 11580.018240003206
