comms_cons: 73.83178239923136
finished_reconf: true
global_termination_time: 756428.999
local_termination_time: 382115.85008000064
node_cons: 15516.62250223832
tot_aggregated_send: 10324
tot_msg_rcv: 262
tot_msg_sent: 636
tot_reconf_duration: 8.09
tot_sleeping_duration: 744848.9868400012
tot_uptimes: 194
tot_uptimes_duration: 11580.012159998703
