comms_cons: 74.59622399934108
finished_reconf: true
global_termination_time: 759973.428
local_termination_time: 313820.83336000005
node_cons: 15600.846382238302
tot_aggregated_send: 9976
tot_msg_rcv: 403
tot_msg_sent: 960
tot_reconf_duration: 10.95
tot_sleeping_duration: 748333.4158400012
tot_uptimes: 195
tot_uptimes_duration: 11640.012159998703
