comms_cons: 74.62786559939813
finished_reconf: true
global_termination_time: 755057.632
local_termination_time: 367977.3523600001
node_cons: 15509.761900000087
tot_aggregated_send: 10150
tot_msg_rcv: 381
tot_msg_sent: 812
tot_reconf_duration: 3.05
tot_sleeping_duration: 743477.632
tot_uptimes: 194
tot_uptimes_duration: 11580.0
