comms_cons: 75.71343359893575
finished_reconf: true
global_termination_time: 754676.403
local_termination_time: 383022.2753600001
node_cons: 15516.239560000033
tot_aggregated_send: 10208
tot_msg_rcv: 493
tot_msg_sent: 807
tot_reconf_duration: 7.819999999999999
tot_sleeping_duration: 743096.403
tot_uptimes: 194
tot_uptimes_duration: 11580.0
