comms_cons: 42.66611200023365
finished_reconf: true
global_termination_time: 435246.098
local_termination_time: 289245.0783600001
node_cons: 8942.46918000004
tot_aggregated_send: 6322
tot_msg_rcv: 64
tot_msg_sent: 99
tot_reconf_duration: 18.21
tot_sleeping_duration: 428586.098
tot_uptimes: 112
tot_uptimes_duration: 6660.0
