comms_cons: 43.71220480054698
finished_reconf: true
global_termination_time: 435107.936
local_termination_time: 12455.685040000002
node_cons: 8924.66580000001
tot_aggregated_send: 6032
tot_msg_rcv: 210
tot_msg_sent: 402
tot_reconf_duration: 5.1
tot_sleeping_duration: 428447.936
tot_uptimes: 112
tot_uptimes_duration: 6660.0
