comms_cons: 43.5878272002016
finished_reconf: true
global_termination_time: 435989.18
local_termination_time: 68661.46535999997
node_cons: 8938.259380000012
tot_aggregated_send: 6090
tot_msg_rcv: 201
tot_msg_sent: 334
tot_reconf_duration: 15.110000000000001
tot_sleeping_duration: 429329.18
tot_uptimes: 112
tot_uptimes_duration: 6660.0
