comms_cons: 43.18586880051776
finished_reconf: true
global_termination_time: 435427.13
local_termination_time: 12515.37136
node_cons: 8933.908341121441
tot_aggregated_send: 6148
tot_msg_rcv: 137
tot_msg_sent: 279
tot_reconf_duration: 11.899999999999999
tot_sleeping_duration: 428767.12391999894
tot_uptimes: 112
tot_uptimes_duration: 6660.006080001069
