comms_cons: 43.64704000052718
finished_reconf: true
global_termination_time: 435486.192
local_termination_time: 231070.07536000005
node_cons: 8928.780540000016
tot_aggregated_send: 6148
tot_msg_rcv: 203
tot_msg_sent: 283
tot_reconf_duration: 8.129999999999999
tot_sleeping_duration: 428826.192
tot_uptimes: 112
tot_uptimes_duration: 6660.0
