comms_cons: 109.72194559867467
finished_reconf: true
global_termination_time: 1134316.146
local_termination_time: 735516.96636
node_cons: 23316.493001116924
tot_aggregated_send: 15950
tot_msg_rcv: 271
tot_msg_sent: 456
tot_reconf_duration: 13.17
tot_sleeping_duration: 1116916.1399200023
tot_uptimes: 291
tot_uptimes_duration: 17400.006079997635
