comms_cons: 113.65311999258464
finished_reconf: true
global_termination_time: 1135862.949
local_termination_time: 315227.7163600001
node_cons: 23309.300971186763
tot_aggregated_send: 14326
tot_msg_rcv: 1020
tot_msg_sent: 1929
tot_reconf_duration: 7.819999999999999
tot_sleeping_duration: 1118462.88820001
tot_uptimes: 291
tot_uptimes_duration: 17400.060799990082
