comms_cons: 114.02126079669878
finished_reconf: true
global_termination_time: 1134751.981
local_termination_time: 128027.95547999998
node_cons: 23313.991544481174
tot_aggregated_send: 15602
tot_msg_rcv: 562
tot_msg_sent: 1166
tot_reconf_duration: 11.31
tot_sleeping_duration: 1117351.9566799991
tot_uptimes: 291
tot_uptimes_duration: 17400.02432000084
