comms_cons: 880.543788087003
finished_reconf: true
global_termination_time: 1821575.4271599993
local_termination_time: 1821575.3860399993
node_cons: 110591.58962425376
tot_aggregated_send: 0
tot_msg_rcv: 54075
tot_msg_sent: 79763
tot_reconf_duration: 37.410000000000004
tot_sleeping_duration: 1739020.6946400164
tot_uptimes: 1354
tot_uptimes_duration: 82554.73251998275
