comms_cons: 181.57934079120983
finished_reconf: true
global_termination_time: 1825398.91
local_termination_time: 656830.7746799985
node_cons: 37536.6648599999
tot_aggregated_send: 26042
tot_msg_rcv: 525
tot_msg_sent: 1032
tot_reconf_duration: 13.17
tot_sleeping_duration: 1797378.91
tot_uptimes: 468
tot_uptimes_duration: 28020.0
