comms_cons: 186.74222077606404
finished_reconf: true
global_termination_time: 1822309.114
local_termination_time: 341695.58364000084
node_cons: 37445.91163340643
tot_aggregated_send: 24186
tot_msg_rcv: 1345
tot_msg_sent: 2853
tot_reconf_duration: 5.43
tot_sleeping_duration: 1794349.041040025
tot_uptimes: 467
tot_uptimes_duration: 27960.07295997505
