comms_cons: 136.94631038611067
finished_reconf: true
global_termination_time: 1333729.875
local_termination_time: 62658.24936000001
node_cons: 27416.828707822464
tot_aggregated_send: 17632
tot_msg_rcv: 1039
tot_msg_sent: 2143
tot_reconf_duration: 15.34
tot_sleeping_duration: 1313269.8324400133
tot_uptimes: 342
tot_uptimes_duration: 20460.042559986876
