comms_cons: 137.43185918685194
finished_reconf: true
global_termination_time: 1338612.198
local_termination_time: 241736.48136000006
node_cons: 27484.865227827064
tot_aggregated_send: 18096
tot_msg_rcv: 1045
tot_msg_sent: 1750
tot_reconf_duration: 6.279999999999999
tot_sleeping_duration: 1318092.15544001
tot_uptimes: 343
tot_uptimes_duration: 20520.04255999031
