comms_cons: 132.5643007962888
finished_reconf: true
global_termination_time: 1338953.235
local_termination_time: 522499.69536
node_cons: 27488.651380000025
tot_aggregated_send: 19314
tot_msg_rcv: 321
tot_msg_sent: 514
tot_reconf_duration: 9.11
tot_sleeping_duration: 1318433.235
tot_uptimes: 343
tot_uptimes_duration: 20520.0
