comms_cons: 138.98388478659876
finished_reconf: true
global_termination_time: 1335125.719
local_termination_time: 24384.88248
node_cons: 27402.012274944267
tot_aggregated_send: 17516
tot_msg_rcv: 1328
tot_msg_sent: 2277
tot_reconf_duration: 4.390000000000001
tot_sleeping_duration: 1314665.6363600118
tot_uptimes: 342
tot_uptimes_duration: 20460.08263998822
