comms_cons: 135.55994878762934
finished_reconf: true
global_termination_time: 1333667.11312
local_termination_time: 526.9863199999996
node_cons: 27426.949316393533
tot_aggregated_send: 18096
tot_msg_rcv: 867
tot_msg_sent: 1641
tot_reconf_duration: 7.819999999999999
tot_sleeping_duration: 1313191.885520005
tot_uptimes: 342
tot_uptimes_duration: 20475.227599995138
