comms_cons: 41.386752000787105
finished_reconf: true
global_termination_time: 405605.084
local_termination_time: 116849.9029599999
node_cons: 8292.21224560715
tot_aggregated_send: 5452
tot_msg_rcv: 322
tot_msg_sent: 516
tot_reconf_duration: 12.629999999999999
tot_sleeping_duration: 399425.05359999463
tot_uptimes: 104
tot_uptimes_duration: 6180.030400005344
