comms_cons: 222.20057598278066
finished_reconf: true
global_termination_time: 2235720.302
local_termination_time: 358390.00536000007
node_cons: 45979.290591172445
tot_aggregated_send: 30972
tot_msg_rcv: 947
tot_msg_sent: 1854
tot_reconf_duration: 18.21
tot_sleeping_duration: 2201400.2412000205
tot_uptimes: 573
tot_uptimes_duration: 34320.06079997978
