comms_cons: 220.63347199428375
finished_reconf: true
global_termination_time: 2236128.054
local_termination_time: 1894111.7056399991
node_cons: 45988.83739999954
tot_aggregated_send: 32364
tot_msg_rcv: 430
tot_msg_sent: 741
tot_reconf_duration: 25.299999999999997
tot_sleeping_duration: 2201808.054
tot_uptimes: 573
tot_uptimes_duration: 34320.0
