comms_cons: 222.03692799063103
finished_reconf: true
global_termination_time: 2236777.696
local_termination_time: 1500916.6900000002
node_cons: 45974.51869355217
tot_aggregated_send: 32070
tot_msg_rcv: 634
tot_msg_sent: 1043
tot_reconf_duration: 10.95
tot_sleeping_duration: 2202453.8359600054
tot_uptimes: 573
tot_uptimes_duration: 34323.86003999435
