comms_cons: 229.12154877657818
finished_reconf: true
global_termination_time: 2232265.976119997
local_termination_time: 28516.48848
node_cons: 45900.56464644184
tot_aggregated_send: 29522
tot_msg_rcv: 1746
tot_msg_sent: 3557
tot_reconf_duration: 4.390000000000001
tot_sleeping_duration: 2197990.693800025
tot_uptimes: 572
tot_uptimes_duration: 34275.282319971884
