comms_cons: 442.47104616359366
finished_reconf: true
global_termination_time: 2233758.422
local_termination_time: 641.6704799999992
node_cons: 45969.88782670539
tot_aggregated_send: 0
tot_msg_rcv: 34076
tot_msg_sent: 33178
tot_reconf_duration: 11.31
tot_sleeping_duration: 2199438.3855200103
tot_uptimes: 573
tot_uptimes_duration: 34320.036479989474
