comms_cons: 231.4176575816238
finished_reconf: true
global_termination_time: 2234226.76
local_termination_time: 34345.71644000004
node_cons: 45961.95163342018
tot_aggregated_send: 29638
tot_msg_rcv: 1985
tot_msg_sent: 3551
tot_reconf_duration: 5.43
tot_sleeping_duration: 2199906.687040014
tot_uptimes: 573
tot_uptimes_duration: 34320.072959985584
