comms_cons: 231.78075517460553
finished_reconf: true
global_termination_time: 2232661.184
local_termination_time: 850003.8987199988
node_cons: 45895.05313116777
tot_aggregated_send: 29406
tot_msg_rcv: 2113
tot_msg_sent: 3712
tot_reconf_duration: 15.34
tot_sleeping_duration: 2198401.1232000235
tot_uptimes: 572
tot_uptimes_duration: 34260.060799976345
