comms_cons: 277.359334407352
finished_reconf: true
global_termination_time: 2801289.692
local_termination_time: 241240.58136000004
node_cons: 57611.15393999896
tot_aggregated_send: 40426
tot_msg_rcv: 576
tot_msg_sent: 1155
tot_reconf_duration: 5.43
tot_sleeping_duration: 2758269.692
tot_uptimes: 718
tot_uptimes_duration: 43020.0
