comms_cons: 132.12477436226834
finished_reconf: true
global_termination_time: 1135400.445
local_termination_time: 219873.89048000006
node_cons: 23323.650111439805
tot_aggregated_send: 6902
tot_msg_rcv: 5285
tot_msg_sent: 7901
tot_reconf_duration: 18.21
tot_sleeping_duration: 1118000.20532006
tot_uptimes: 291
tot_uptimes_duration: 17400.239679940103
