comms_cons: 110.83320319783321
finished_reconf: true
global_termination_time: 1131216.756
local_termination_time: 312004.67636000004
node_cons: 23225.193941121437
tot_aggregated_send: 16298
tot_msg_rcv: 143
tot_msg_sent: 405
tot_reconf_duration: 5.1
tot_sleeping_duration: 1113876.7499199992
tot_uptimes: 290
tot_uptimes_duration: 17340.00608000107
