comms_cons: 111.26743039703841
finished_reconf: true
global_termination_time: 1131726.443
local_termination_time: 475709.2813600001
node_cons: 23229.24622000003
tot_aggregated_send: 16298
tot_msg_rcv: 194
tot_msg_sent: 420
tot_reconf_duration: 8.09
tot_sleeping_duration: 1114386.443
tot_uptimes: 290
tot_uptimes_duration: 17339.99999999997
