comms_cons: 111.46543359639199
finished_reconf: true
global_termination_time: 1131155.053
local_termination_time: 321602.6798800004
node_cons: 23224.22161999998
tot_aggregated_send: 16240
tot_msg_rcv: 201
tot_msg_sent: 501
tot_reconf_duration: 4.390000000000001
tot_sleeping_duration: 1113815.053
tot_uptimes: 290
tot_uptimes_duration: 17340.0
