comms_cons: 112.91285759605834
finished_reconf: true
global_termination_time: 1134260.772
local_termination_time: 365898.59448
node_cons: 23307.046759999997
tot_aggregated_send: 15950
tot_msg_rcv: 377
tot_msg_sent: 835
tot_reconf_duration: 6.22
tot_sleeping_duration: 1116860.772
tot_uptimes: 291
tot_uptimes_duration: 17400.0
