comms_cons: 111.09041919773553
finished_reconf: true
global_termination_time: 1133757.401
local_termination_time: 297297.7962400005
node_cons: 23313.958980000032
tot_aggregated_send: 16066
tot_msg_rcv: 363
tot_msg_sent: 456
tot_reconf_duration: 11.31
tot_sleeping_duration: 1116357.401
tot_uptimes: 291
tot_uptimes_duration: 17400.0
