comms_cons: 863.4344889068537
finished_reconf: true
global_termination_time: 2161169.686
local_termination_time: 446706.7194800001
node_cons: 131451.26035878054
tot_aggregated_send: 0
tot_msg_rcv: 52951
tot_msg_sent: 78286
tot_reconf_duration: 18.21
tot_sleeping_duration: 2063016.9368000117
tot_uptimes: 1616
tot_uptimes_duration: 98152.74919998844
