comms_cons: 218.17900158365373
finished_reconf: true
global_termination_time: 2160801.0452399873
local_termination_time: 55707.70548000001
node_cons: 44523.32081493573
tot_aggregated_send: 29812
tot_msg_rcv: 1142
tot_msg_sent: 2206
tot_reconf_duration: 11.31
tot_sleeping_duration: 2127561.342600005
tot_uptimes: 554
tot_uptimes_duration: 33239.70263998222
