comms_cons: 310.76723836689695
finished_reconf: true
global_termination_time: 644748.0876799994
local_termination_time: 644748.0465599995
node_cons: 39001.5281368775
tot_aggregated_send: 0
tot_msg_rcv: 19132
tot_msg_sent: 28101
tot_reconf_duration: 24.59
tot_sleeping_duration: 615645.6717600012
tot_uptimes: 475
tot_uptimes_duration: 29102.415919998282
