comms_cons: 65.4367231993346
finished_reconf: true
global_termination_time: 646863.123
local_termination_time: 235943.45048000055
node_cons: 13262.06976112147
tot_aggregated_send: 8816
tot_msg_rcv: 377
tot_msg_sent: 753
tot_reconf_duration: 4.390000000000001
tot_sleeping_duration: 636963.1169199989
tot_uptimes: 166
tot_uptimes_duration: 9900.006080001069
