comms_cons: 65.65383680004102
finished_reconf: true
global_termination_time: 651505.125
local_termination_time: 275603.4773600001
node_cons: 13340.590041121513
tot_aggregated_send: 8932
tot_msg_rcv: 351
tot_msg_sent: 695
tot_reconf_duration: 3.05
tot_sleeping_duration: 641545.1189199989
tot_uptimes: 167
tot_uptimes_duration: 9960.006080001069
