comms_cons: 100.29990399397725
finished_reconf: true
global_termination_time: 966748.5343999983
local_termination_time: 40491.27364000008
node_cons: 19945.65786791049
tot_aggregated_send: 12876
tot_msg_rcv: 876
tot_msg_sent: 1492
tot_reconf_duration: 18.21
tot_sleeping_duration: 951871.0671200054
tot_uptimes: 248
tot_uptimes_duration: 14877.467279992881
