comms_cons: 96.11020799759599
finished_reconf: true
global_termination_time: 969690.558
local_termination_time: 501428.56100000005
node_cons: 19942.383652878223
tot_aggregated_send: 13911
tot_msg_rcv: 233
tot_msg_sent: 464
tot_reconf_duration: 11.31
tot_sleeping_duration: 954808.5380800014
tot_uptimes: 249
tot_uptimes_duration: 14882.019919998653
