comms_cons: 120.34603519541805
finished_reconf: true
global_termination_time: 643788.695
local_termination_time: 216500.57036000004
node_cons: 13183.150222238273
tot_aggregated_send: 0
tot_msg_rcv: 9297
tot_msg_sent: 8993
tot_reconf_duration: 5.43
tot_sleeping_duration: 633948.6828400012
tot_uptimes: 165
tot_uptimes_duration: 9840.012159998703
