comms_cons: 224.74833279367306
finished_reconf: true
global_termination_time: 2263745.277
local_termination_time: 1012375.5253599999
node_cons: 46534.01153999946
tot_aggregated_send: 32306
tot_msg_rcv: 645
tot_msg_sent: 1209
tot_reconf_duration: 12.629999999999999
tot_sleeping_duration: 2229005.277
tot_uptimes: 580
tot_uptimes_duration: 34740.0
