comms_cons: 223.44279039357437
finished_reconf: true
global_termination_time: 2261896.601
local_termination_time: 1520856.74036
node_cons: 46533.02019999964
tot_aggregated_send: 32422
tot_msg_rcv: 563
tot_msg_sent: 977
tot_reconf_duration: 11.899999999999999
tot_sleeping_duration: 2227156.601
tot_uptimes: 580
tot_uptimes_duration: 34740.0
