comms_cons: 12.17257600010418
finished_reconf: true
global_termination_time: 89951.637
local_termination_time: 25223.160440000003
node_cons: 1865.7130011200106
tot_aggregated_send: 348
tot_msg_rcv: 684
tot_msg_sent: 819
tot_reconf_duration: 13.17
tot_sleeping_duration: 88571.63092
tot_uptimes: 24
tot_uptimes_duration: 1380.0060800000065
