comms_cons: 12.435315199809601
finished_reconf: true
global_termination_time: 91629.438
local_termination_time: 37136.86236000001
node_cons: 1860.636783358592
tot_aggregated_send: 638
tot_msg_rcv: 615
tot_msg_sent: 637
tot_reconf_duration: 9.42
tot_sleeping_duration: 90249.41976000105
tot_uptimes: 24
tot_uptimes_duration: 1380.0182399989499
