comms_cons: 11.46159359997631
finished_reconf: true
global_termination_time: 90995.968
local_termination_time: 25222.12196
node_cons: 1864.9878222394677
tot_aggregated_send: 522
tot_msg_rcv: 583
tot_msg_sent: 637
tot_reconf_duration: 12.629999999999999
tot_sleeping_duration: 89615.95584000039
tot_uptimes: 24
tot_uptimes_duration: 1380.0121599996055
