comms_cons: 10.98860799992208
finished_reconf: true
global_termination_time: 92644.334
local_termination_time: 52667.54872000011
node_cons: 1856.2749011191524
tot_aggregated_send: 638
tot_msg_rcv: 452
tot_msg_sent: 581
tot_reconf_duration: 6.22
tot_sleeping_duration: 91264.32792000064
tot_uptimes: 24
tot_uptimes_duration: 1380.0060799993662
