comms_cons: 93.94625279093928
finished_reconf: true
global_termination_time: 908473.5634799999
local_termination_time: 908473.52236
node_cons: 18708.130772143668
tot_aggregated_send: 11806
tot_msg_rcv: 820
tot_msg_sent: 1654
tot_reconf_duration: 37.41
tot_sleeping_duration: 894539.7860400121
tot_uptimes: 233
tot_uptimes_duration: 13933.777439987774
