comms_cons: 89.70739199865172
finished_reconf: true
global_termination_time: 910648.117
local_termination_time: 549482.64536
node_cons: 18753.593682233753
tot_aggregated_send: 12702
tot_msg_rcv: 313
tot_msg_sent: 620
tot_reconf_duration: 25.299999999999997
tot_sleeping_duration: 896668.1048400047
tot_uptimes: 234
tot_uptimes_duration: 13980.012159995269
