comms_cons: 95.33485439363875
finished_reconf: true
global_termination_time: 912415.075
local_termination_time: 207736.38836000004
node_cons: 18723.484051186726
tot_aggregated_send: 11774
tot_msg_rcv: 965
tot_msg_sent: 1750
tot_reconf_duration: 3.08
tot_sleeping_duration: 898435.0142000099
tot_uptimes: 234
tot_uptimes_duration: 13980.060799990082
