comms_cons: 93.6430079940052
finished_reconf: true
global_termination_time: 911450.165
local_termination_time: 91849.17335999997
node_cons: 18725.800826710216
tot_aggregated_send: 12064
tot_msg_rcv: 717
tot_msg_sent: 1452
tot_reconf_duration: 4.8100000000000005
tot_sleeping_duration: 897470.1285200074
tot_uptimes: 234
tot_uptimes_duration: 13980.036479992676
