comms_cons: 93.44360959647605
finished_reconf: true
global_termination_time: 910839.206
local_termination_time: 295798.1444800001
node_cons: 18736.39596335513
tot_aggregated_send: 12470
tot_msg_rcv: 695
tot_msg_sent: 1040
tot_reconf_duration: 12.629999999999999
tot_sleeping_duration: 896859.1877600037
tot_uptimes: 234
tot_uptimes_duration: 13980.018239996338
