comms_cons: 89.99281279754065
finished_reconf: true
global_termination_time: 910601.643
local_termination_time: 102163.21335999998
node_cons: 18744.647164481168
tot_aggregated_send: 12528
tot_msg_rcv: 349
tot_msg_sent: 801
tot_reconf_duration: 18.700000000000003
tot_sleeping_duration: 896621.6186799993
tot_uptimes: 234
tot_uptimes_duration: 13980.02432000084
