comms_cons: 103.55660799873283
finished_reconf: true
global_termination_time: 1046105.849
local_termination_time: 235556.04336000007
node_cons: 21476.18274112148
tot_aggregated_send: 14964
tot_msg_rcv: 271
tot_msg_sent: 505
tot_reconf_duration: 18.700000000000003
tot_sleeping_duration: 1030085.842919999
tot_uptimes: 268
tot_uptimes_duration: 16020.006080001069
