comms_cons: 102.59604479700874
finished_reconf: true
global_termination_time: 1041900.442
local_termination_time: 598195.7393599999
node_cons: 21386.600200000063
tot_aggregated_send: 14848
tot_msg_rcv: 177
tot_msg_sent: 569
tot_reconf_duration: 11.899999999999999
tot_sleeping_duration: 1025940.442
tot_uptimes: 267
tot_uptimes_duration: 15960.0
