comms_cons: 33.33743360036256
finished_reconf: true
global_termination_time: 331153.949
local_termination_time: 31716.378120000005
node_cons: 6787.768054801446
tot_aggregated_send: 4466
tot_msg_rcv: 200
tot_msg_sent: 402
tot_reconf_duration: 18.21
tot_sleeping_duration: 326103.13579999894
tot_uptimes: 85
tot_uptimes_duration: 5050.8132000010755
