comms_cons: 34.14803840058149
finished_reconf: true
global_termination_time: 335253.26
local_termination_time: 69094.30115999954
node_cons: 6837.3630422428705
tot_aggregated_send: 4408
tot_msg_rcv: 261
tot_msg_sent: 521
tot_reconf_duration: 6.22
tot_sleeping_duration: 330153.2478399979
tot_uptimes: 86
tot_uptimes_duration: 5100.0121600021375
