comms_cons: 40.61601920233906
finished_reconf: true
global_termination_time: 210196.238
local_termination_time: 1545.2330400000014
node_cons: 4288.7787000000035
tot_aggregated_send: 0
tot_msg_rcv: 3116
tot_msg_sent: 3056
tot_reconf_duration: 22.65
tot_sleeping_duration: 207016.238
tot_uptimes: 54
tot_uptimes_duration: 3180.0
