comms_cons: 83.01634560767162
finished_reconf: true
global_termination_time: 285644.0033200003
local_termination_time: 2693.735040000001
node_cons: 11612.483676480388
tot_aggregated_send: 0
tot_msg_rcv: 4254
tot_msg_sent: 8363
tot_reconf_duration: 4.390000000000001
tot_sleeping_duration: 276975.951
tot_uptimes: 143
tot_uptimes_duration: 8668.052320000279
