comms_cons: 15.398463999825545
finished_reconf: true
global_termination_time: 136177.919
local_termination_time: 5992.378
node_cons: 2736.95666447946
tot_aggregated_send: 1216
tot_msg_rcv: 419
tot_msg_sent: 706
tot_reconf_duration: 3.95
tot_sleeping_duration: 134137.89468000038
tot_uptimes: 35
tot_uptimes_duration: 2040.0243199995966
