comms_cons: 51.47096320017474
finished_reconf: true
global_termination_time: 506012.537
local_termination_time: 122608.28571999993
node_cons: 10370.416403364301
tot_aggregated_send: 6786
tot_msg_rcv: 339
tot_msg_sent: 699
tot_reconf_duration: 4.8100000000000005
tot_sleeping_duration: 498272.5187599968
tot_uptimes: 130
tot_uptimes_duration: 7740.018240003206
