comms_cons: 50.79142400071277
finished_reconf: true
global_termination_time: 505275.962
local_termination_time: 171183.92536000008
node_cons: 10369.829761121462
tot_aggregated_send: 6902
tot_msg_rcv: 241
tot_msg_sent: 577
tot_reconf_duration: 4.390000000000001
tot_sleeping_duration: 497535.95591999893
tot_uptimes: 130
tot_uptimes_duration: 7740.006080001069
