comms_cons: 52.9559808015737
finished_reconf: true
global_termination_time: 505051.825
local_termination_time: 136802.26736000006
node_cons: 10372.339324485738
tot_aggregated_send: 6380
tot_msg_rcv: 566
tot_msg_sent: 1103
tot_reconf_duration: 6.22
tot_sleeping_duration: 497311.80067999574
tot_uptimes: 130
tot_uptimes_duration: 7740.024320004275
