comms_cons: 102.06829441502879
finished_reconf: true
global_termination_time: 510762.853
local_termination_time: 1828.3594800000023
node_cons: 10459.640391213463
tot_aggregated_send: 0
tot_msg_rcv: 7963
tot_msg_sent: 7552
tot_reconf_duration: 11.31
tot_sleeping_duration: 502962.79219998996
tot_uptimes: 131
tot_uptimes_duration: 7800.060800010047
