comms_cons: 23.764697600498703
finished_reconf: true
global_termination_time: 228480.118
local_termination_time: 55133.085
node_cons: 4666.662082241724
tot_aggregated_send: 2954
tot_msg_rcv: 250
tot_msg_sent: 409
tot_reconf_duration: 5.1
tot_sleeping_duration: 225000.1058399987
tot_uptimes: 59
tot_uptimes_duration: 3480.0121600012862
