comms_cons: 22.587020800048
finished_reconf: true
global_termination_time: 227203.526
local_termination_time: 17518.760000000002
node_cons: 4679.733013040009
tot_aggregated_send: 3183
tot_msg_rcv: 80
tot_msg_sent: 171
tot_reconf_duration: 13.17
tot_sleeping_duration: 223721.93664
tot_uptimes: 59
tot_uptimes_duration: 3481.5893600000036
