comms_cons: 23.00746240018718
finished_reconf: true
global_termination_time: 225376.957
local_termination_time: 4979.401280000001
node_cons: 4583.5219000000025
tot_aggregated_send: 3016
tot_msg_rcv: 193
tot_msg_sent: 288
tot_reconf_duration: 3.05
tot_sleeping_duration: 221956.957
tot_uptimes: 58
tot_uptimes_duration: 3420.0
