comms_cons: 753.4241665960313
finished_reconf: true
global_termination_time: 7474892.4882399915
local_termination_time: 2478.8986400000017
node_cons: 153849.7844516343
tot_aggregated_send: 103878
tot_msg_rcv: 3559
tot_msg_sent: 7077
tot_reconf_duration: 18.21
tot_sleeping_duration: 7360011.939120022
tot_uptimes: 1915
tot_uptimes_duration: 114880.54911996977
