comms_cons: 738.7957249311397
finished_reconf: true
global_termination_time: 7477730.627
local_termination_time: 4200934.42536
node_cons: 153805.15810558025
tot_aggregated_send: 104806
tot_msg_rcv: 2397
tot_msg_sent: 5090
tot_reconf_duration: 25.299999999999997
tot_sleeping_duration: 7362890.596600011
tot_uptimes: 1915
tot_uptimes_duration: 114840.03039998934
