comms_cons: 735.1592577296517
finished_reconf: true
global_termination_time: 7476912.239
local_termination_time: 5118616.082919997
node_cons: 153798.57561910487
tot_aggregated_send: 103762
tot_msg_rcv: 2627
tot_msg_sent: 5350
tot_reconf_duration: 18.700000000000003
tot_sleeping_duration: 7362070.430920007
tot_uptimes: 1915
tot_uptimes_duration: 114841.80807999335
