comms_cons: 238.98348798023915
finished_reconf: true
global_termination_time: 2361257.063
local_termination_time: 812822.8133599999
node_cons: 48533.92894558357
tot_aggregated_send: 32190
tot_msg_rcv: 1433
tot_msg_sent: 2702
tot_reconf_duration: 6.279999999999999
tot_sleeping_duration: 2325017.0326000117
tot_uptimes: 605
tot_uptimes_duration: 36240.03039998817
