comms_cons: 232.00682879198953
finished_reconf: true
global_termination_time: 2356356.814
local_termination_time: 1019635.5596799995
node_cons: 48462.90485999943
tot_aggregated_send: 33756
tot_msg_rcv: 589
tot_msg_sent: 918
tot_reconf_duration: 13.17
tot_sleeping_duration: 2320176.814
tot_uptimes: 604
tot_uptimes_duration: 36180.0
