comms_cons: 230.41674239425507
finished_reconf: true
global_termination_time: 2356664.464
local_termination_time: 540402.621879998
node_cons: 48456.006219999326
tot_aggregated_send: 33988
tot_msg_rcv: 329
tot_msg_sent: 705
tot_reconf_duration: 8.09
tot_sleeping_duration: 2320484.464
tot_uptimes: 604
tot_uptimes_duration: 36180.0
