comms_cons: 231.54836479523038
finished_reconf: true
global_termination_time: 2360076.937
local_termination_time: 1057444.5213600001
node_cons: 48540.23009999962
tot_aggregated_send: 33988
tot_msg_rcv: 344
tot_msg_sent: 862
tot_reconf_duration: 10.95
tot_sleeping_duration: 2323836.937
tot_uptimes: 605
tot_uptimes_duration: 36240.0
