comms_cons: 235.7840511840784
finished_reconf: true
global_termination_time: 2361970.324
local_termination_time: 7989.49148
node_cons: 48531.41931341515
tot_aggregated_send: 32306
tot_msg_rcv: 1193
tot_msg_sent: 2337
tot_reconf_duration: 4.390000000000001
tot_sleeping_duration: 2325730.251040018
tot_uptimes: 605
tot_uptimes_duration: 36240.07295998192
