comms_cons: 233.7767103792853
finished_reconf: true
global_termination_time: 2355996.828
local_termination_time: 993901.1413999993
node_cons: 48533.86374781731
tot_aggregated_send: 31552
tot_msg_rcv: 1359
tot_msg_sent: 2623
tot_reconf_duration: 6.22
tot_sleeping_duration: 2319756.7854400165
tot_uptimes: 604
tot_uptimes_duration: 36240.04255998344
