comms_cons: 64.67914239896712
finished_reconf: true
global_termination_time: 639256.847
local_termination_time: 197977.59108000016
node_cons: 13110.322664481138
tot_aggregated_send: 8700
tot_msg_rcv: 378
tot_msg_sent: 752
tot_reconf_duration: 10.95
tot_sleeping_duration: 629476.822679999
tot_uptimes: 164
tot_uptimes_duration: 9780.024320000855
