comms_cons: 38.55473920113074
finished_reconf: true
global_termination_time: 370668.1912400002
local_termination_time: 165593.45936000004
node_cons: 7605.215771603144
tot_aggregated_send: 4234
tot_msg_rcv: 574
tot_msg_sent: 1052
tot_reconf_duration: 18.21
tot_sleeping_duration: 365006.88683999784
tot_uptimes: 95
tot_uptimes_duration: 5661.304400002351
