comms_cons: 35.968486400205364
finished_reconf: true
global_termination_time: 373798.011
local_termination_time: 248237.42008000016
node_cons: 7636.441899999993
tot_aggregated_send: 5046
tot_msg_rcv: 131
tot_msg_sent: 290
tot_reconf_duration: 3.05
tot_sleeping_duration: 368098.011
tot_uptimes: 96
tot_uptimes_duration: 5700.0
