comms_cons: 37.11984640010608
finished_reconf: true
global_termination_time: 382096.618
local_termination_time: 140891.99620000066
node_cons: 7818.374600000025
tot_aggregated_send: 5568
tot_msg_rcv: 33
tot_msg_sent: 41
tot_reconf_duration: 18.700000000000003
tot_sleeping_duration: 376276.618
tot_uptimes: 98
tot_uptimes_duration: 5820.0
