comms_cons: 37.10571520024465
finished_reconf: true
global_termination_time: 381057.101
local_termination_time: 217837.79599999997
node_cons: 7807.858241121416
tot_aggregated_send: 5441
tot_msg_rcv: 23
tot_msg_sent: 175
tot_reconf_duration: 10.95
tot_sleeping_duration: 375237.09491999896
tot_uptimes: 98
tot_uptimes_duration: 5820.006080001069
