comms_cons: 44.33064960141065
finished_reconf: true
global_termination_time: 422667.17248000007
local_termination_time: 422667.13136000006
node_cons: 8728.504224323857
tot_aggregated_send: 5438
tot_msg_rcv: 474
tot_msg_sent: 825
tot_reconf_duration: 24.59
tot_sleeping_duration: 416173.43759999715
tot_uptimes: 109
tot_uptimes_duration: 6493.734880002863
