comms_cons: 41.613440000302745
finished_reconf: true
global_termination_time: 422667.60224000044
local_termination_time: 413003.8634800001
node_cons: 8744.534349360685
tot_aggregated_send: 5858
tot_msg_rcv: 166
tot_msg_sent: 300
tot_reconf_duration: 3.05
tot_sleeping_duration: 416140.05
tot_uptimes: 109
tot_uptimes_duration: 6527.552240000456
