comms_cons: 43.804313600630955
finished_reconf: true
global_termination_time: 427001.171
local_termination_time: 146934.54056000066
node_cons: 8767.687701121411
tot_aggregated_send: 5742
tot_msg_rcv: 340
tot_msg_sent: 576
tot_reconf_duration: 7.819999999999999
tot_sleeping_duration: 420461.1649199989
tot_uptimes: 110
tot_uptimes_duration: 6540.006080001069
