comms_cons: 908.0417618538715
finished_reconf: true
global_termination_time: 4613364.723599997
local_termination_time: 2667.96148
node_cons: 94926.86289286237
tot_aggregated_send: 0
tot_msg_rcv: 69517
tot_msg_sent: 68498
tot_reconf_duration: 18.21
tot_sleeping_duration: 4542489.343680008
tot_uptimes: 1182
tot_uptimes_duration: 70875.3799199888
