comms_cons: 892.465851375747
finished_reconf: true
global_termination_time: 4530633.857599998
local_termination_time: 2254.5054800000003
node_cons: 93239.73103397926
tot_aggregated_send: 0
tot_msg_rcv: 68366
tot_msg_sent: 67282
tot_reconf_duration: 18.21
tot_sleeping_duration: 4461018.471600011
tot_uptimes: 1161
tot_uptimes_duration: 69615.38599998644
