comms_cons: 452.4070400681182
finished_reconf: true
global_termination_time: 4532793.725
local_termination_time: 619523.0233599999
node_cons: 93198.6070289334
tot_aggregated_send: 63046
tot_msg_rcv: 1943
tot_msg_sent: 3774
tot_reconf_duration: 3.05
tot_sleeping_duration: 4463193.676360018
tot_uptimes: 1161
tot_uptimes_duration: 69600.04863998201
