comms_cons: 2.243507199994698
finished_reconf: true
global_termination_time: 14383.198
local_termination_time: 4741.65536
node_cons: 255.89009999999976
tot_aggregated_send: 0
tot_msg_rcv: 176
tot_msg_sent: 164
tot_reconf_duration: 10.95
tot_sleeping_duration: 14203.198
tot_uptimes: 4
tot_uptimes_duration: 180.0
