comms_cons: 331.7633664519399
finished_reconf: true
global_termination_time: 3294633.934
local_termination_time: 1342976.537999998
node_cons: 67738.5282018155
tot_aggregated_send: 45646
tot_msg_rcv: 1532
tot_msg_sent: 3249
tot_reconf_duration: 8.09
tot_sleeping_duration: 3244053.245440017
tot_uptimes: 844
tot_uptimes_duration: 50580.68855998269
