comms_cons: 330.77471363760395
finished_reconf: true
global_termination_time: 3292924.706
local_termination_time: 904190.6965199992
node_cons: 67757.46011116785
tot_aggregated_send: 45878
tot_msg_rcv: 1390
tot_msg_sent: 3007
tot_reconf_duration: 22.65
tot_sleeping_duration: 3242344.6452000225
tot_uptimes: 844
tot_uptimes_duration: 50580.060799977044
