comms_cons: 328.55262081434137
finished_reconf: true
global_termination_time: 3293178.553
local_termination_time: 1773686.1145599985
node_cons: 67734.0183633499
tot_aggregated_send: 45762
tot_msg_rcv: 1304
tot_msg_sent: 2872
tot_reconf_duration: 5.43
tot_sleeping_duration: 3242598.5347600062
tot_uptimes: 844
tot_uptimes_duration: 50580.0182399936
