comms_cons: 0.7895040000017604
finished_reconf: true
global_termination_time: 4799.956
local_termination_time: 1947.3723600000003
node_cons: 88.78676000000004
tot_aggregated_send: 0
tot_msg_rcv: 66
tot_msg_sent: 54
tot_reconf_duration: 6.22
tot_sleeping_duration: 4739.956
tot_uptimes: 2
tot_uptimes_duration: 60.0
