comms_cons: 81.68734719351524
finished_reconf: true
global_termination_time: 785693.736
local_termination_time: 140833.37048000007
node_cons: 16155.322787840889
tot_aggregated_send: 10034
tot_msg_rcv: 755
tot_msg_sent: 1627
tot_reconf_duration: 5.1
tot_sleeping_duration: 773633.6934399994
tot_uptimes: 202
tot_uptimes_duration: 12060.042560000642
