comms_cons: 156.19639035287852
finished_reconf: true
global_termination_time: 785908.416
local_termination_time: 189404.27760000006
node_cons: 16152.506323359701
tot_aggregated_send: 0
tot_msg_rcv: 12077
tot_msg_sent: 11666
tot_reconf_duration: 3.05
tot_sleeping_duration: 773848.3977600002
tot_uptimes: 202
tot_uptimes_duration: 12060.018239999772
