comms_cons: 277.1093247912969
finished_reconf: true
global_termination_time: 2791042.321
local_termination_time: 217663.21136000004
node_cons: 57369.31640335408
tot_aggregated_send: 38396
tot_msg_rcv: 1165
tot_msg_sent: 2558
tot_reconf_duration: 4.8100000000000005
tot_sleeping_duration: 2748202.3027600036
tot_uptimes: 715
tot_uptimes_duration: 42840.01823999634
