comms_cons: 274.88378238549194
finished_reconf: true
global_termination_time: 2793818.117
local_termination_time: 1668026.7243599996
node_cons: 57447.2581822324
tot_aggregated_send: 39092
tot_msg_rcv: 1001
tot_msg_sent: 1687
tot_reconf_duration: 3.05
tot_sleeping_duration: 2750918.104840005
tot_uptimes: 716
tot_uptimes_duration: 42900.01215999527
