comms_cons: 77.85543679636885
finished_reconf: true
global_termination_time: 769969.5078799981
local_termination_time: 21281.077480000004
node_cons: 15937.5228543175
tot_aggregated_send: 10672
tot_msg_rcv: 373
tot_msg_sent: 789
tot_reconf_duration: 22.65
tot_sleeping_duration: 758089.923
tot_uptimes: 198
tot_uptimes_duration: 11879.584879998114
