comms_cons: 76.49635839788519
finished_reconf: true
global_termination_time: 771789.882
local_termination_time: 270620.89064000035
node_cons: 15832.941619999965
tot_aggregated_send: 11020
tot_msg_rcv: 205
tot_msg_sent: 402
tot_reconf_duration: 4.390000000000001
tot_sleeping_duration: 759969.882
tot_uptimes: 198
tot_uptimes_duration: 11820.0
