comms_cons: 224.29808633702518
finished_reconf: true
global_termination_time: 770082.02
local_termination_time: 606237.3591999995
node_cons: 31440.229470000006
tot_aggregated_send: 0
tot_msg_rcv: 11422
tot_msg_sent: 22670
tot_reconf_duration: 11.31
tot_sleeping_duration: 746613.11
tot_uptimes: 389
tot_uptimes_duration: 23468.910000000033
