comms_cons: 42.04108800009747
finished_reconf: true
global_termination_time: 431992.874
local_termination_time: 308950.0934800001
node_cons: 8848.386220000046
tot_aggregated_send: 6322
tot_msg_rcv: 17
tot_msg_sent: 51
tot_reconf_duration: 8.09
tot_sleeping_duration: 425392.874
tot_uptimes: 111
tot_uptimes_duration: 6600.0
