comms_cons: 42.50210560010534
finished_reconf: true
global_termination_time: 431802.369
local_termination_time: 234999.64208000063
node_cons: 8849.771380000033
tot_aggregated_send: 6206
tot_msg_rcv: 87
tot_msg_sent: 166
tot_reconf_duration: 9.11
tot_sleeping_duration: 425202.369
tot_uptimes: 111
tot_uptimes_duration: 6600.0
