comms_cons: 42.88225280019311
finished_reconf: true
global_termination_time: 436467.753
local_termination_time: 233954.71948000006
node_cons: 8930.54050112142
tot_aggregated_send: 6264
tot_msg_rcv: 87
tot_msg_sent: 166
tot_reconf_duration: 9.42
tot_sleeping_duration: 429807.74691999896
tot_uptimes: 112
tot_uptimes_duration: 6660.006080001069
