comms_cons: 44.13327360035107
finished_reconf: true
global_termination_time: 435086.921
local_termination_time: 2530.2176000000045
node_cons: 8943.968553520026
tot_aggregated_send: 5974
tot_msg_rcv: 272
tot_msg_sent: 462
tot_reconf_duration: 11.31
tot_sleeping_duration: 428418.80331999995
tot_uptimes: 112
tot_uptimes_duration: 6668.11768000001
