comms_cons: 197.70998398051486
finished_reconf: true
global_termination_time: 1955374.0775999997
local_termination_time: 1955374.0364799998
node_cons: 40221.89627180604
tot_aggregated_send: 27014
tot_msg_rcv: 1041
tot_msg_sent: 1995
tot_reconf_duration: 24.59
tot_sleeping_duration: 1925360.259040025
tot_uptimes: 501
tot_uptimes_duration: 30013.81855997484
