comms_cons: 195.78383358498797
finished_reconf: true
global_termination_time: 1955375.020239999
local_termination_time: 92939.65815999954
node_cons: 40249.53048653707
tot_aggregated_send: 27492
tot_msg_rcv: 735
tot_msg_sent: 1530
tot_reconf_duration: 18.21
tot_sleeping_duration: 1925334.0932000158
tot_uptimes: 501
tot_uptimes_duration: 30040.92703998307
