comms_cons: 198.4135679814263
finished_reconf: true
global_termination_time: 1955398.378
local_termination_time: 1103231.1854799998
node_cons: 40175.97790223326
tot_aggregated_send: 26796
tot_msg_rcv: 1156
tot_msg_sent: 2205
tot_reconf_duration: 4.390000000000001
tot_sleeping_duration: 1925398.3658400048
tot_uptimes: 501
tot_uptimes_duration: 30000.01215999527
