comms_cons: 194.1838783907802
finished_reconf: true
global_termination_time: 1959316.184
local_termination_time: 1137122.3339999982
node_cons: 40261.47116511406
tot_aggregated_send: 27550
tot_msg_rcv: 632
tot_msg_sent: 1333
tot_reconf_duration: 7.819999999999999
tot_sleeping_duration: 1929255.8019200042
tot_uptimes: 502
tot_uptimes_duration: 30060.382079995703
