comms_cons: 192.067839989464
finished_reconf: true
global_termination_time: 1956933.796
local_termination_time: 1153195.19036
node_cons: 40257.7302222333
tot_aggregated_send: 26970
tot_msg_rcv: 772
tot_msg_sent: 1452
tot_reconf_duration: 5.43
tot_sleeping_duration: 1926873.7838400048
tot_uptimes: 502
tot_uptimes_duration: 30060.01215999527
