comms_cons: 520.5232319852238
finished_reconf: true
global_termination_time: 601579.3105599985
local_termination_time: 601579.2694399985
node_cons: 60067.21842101125
tot_aggregated_send: 0
tot_msg_rcv: 35791
tot_msg_sent: 43324
tot_reconf_duration: 37.410000000000004
tot_sleeping_duration: 556757.4915599893
tot_uptimes: 727
tot_uptimes_duration: 44821.81900000914
