comms_cons: 60.89049599879847
finished_reconf: true
global_termination_time: 604553.669
local_termination_time: 532747.0603599999
node_cons: 12389.519681119174
tot_aggregated_send: 8352
tot_msg_rcv: 335
tot_msg_sent: 568
tot_reconf_duration: 12.629999999999999
tot_sleeping_duration: 595313.6629200006
tot_uptimes: 155
tot_uptimes_duration: 9240.006079999366
