comms_cons: 60.371366397969226
finished_reconf: true
global_termination_time: 601579.5587199999
local_termination_time: 75604.51791999956
node_cons: 12420.80810943809
tot_aggregated_send: 8410
tot_msg_rcv: 247
tot_msg_sent: 519
tot_reconf_duration: 18.700000000000003
tot_sleeping_duration: 592322.3417600013
tot_uptimes: 155
tot_uptimes_duration: 9257.21695999855
