comms_cons: 60.44276479896973
finished_reconf: true
global_termination_time: 602398.241
local_termination_time: 20855.868720000002
node_cons: 12387.24638224288
tot_aggregated_send: 8236
tot_msg_rcv: 262
tot_msg_sent: 688
tot_reconf_duration: 10.95
tot_sleeping_duration: 593158.2288399979
tot_uptimes: 155
tot_uptimes_duration: 9240.012160002138
