comms_cons: 61.23289599988981
finished_reconf: true
global_termination_time: 601827.229
local_termination_time: 149693.36436000007
node_cons: 12393.216143364305
tot_aggregated_send: 8178
tot_msg_rcv: 379
tot_msg_sent: 749
tot_reconf_duration: 15.34
tot_sleeping_duration: 592587.2107599969
tot_uptimes: 155
tot_uptimes_duration: 9240.018240003206
