comms_cons: 318.5654912244308
finished_reconf: true
global_termination_time: 3179689.393
local_termination_time: 1094171.694399998
node_cons: 65400.91818223236
tot_aggregated_send: 44138
tot_msg_rcv: 1377
tot_msg_sent: 2906
tot_reconf_duration: 3.05
tot_sleeping_duration: 3130849.380840005
tot_uptimes: 815
tot_uptimes_duration: 48840.0121599955
