comms_cons: 0.5789695999980898
finished_reconf: true
global_termination_time: 2392.371800000005
local_termination_time: 2345.40036
node_cons: 78.95693720000642
tot_aggregated_send: 0
tot_msg_rcv: 47
tot_msg_sent: 40
tot_reconf_duration: 4.390000000000001
tot_sleeping_duration: 2337.857
tot_uptimes: 1
tot_uptimes_duration: 54.514800000004925
