comms_cons: 241.75103985085713
finished_reconf: true
global_termination_time: 1207480.6716399982
local_termination_time: 627.76348
node_cons: 24929.47949719363
tot_aggregated_send: 0
tot_msg_rcv: 18777
tot_msg_sent: 17966
tot_reconf_duration: 18.21
tot_sleeping_duration: 1188881.1568400029
tot_uptimes: 310
tot_uptimes_duration: 18599.514799995217
