comms_cons: 118.80249599753817
finished_reconf: true
global_termination_time: 1212606.542
local_termination_time: 888697.288
node_cons: 24926.231719999996
tot_aggregated_send: 17503
tot_msg_rcv: 98
tot_msg_sent: 456
tot_reconf_duration: 15.34
tot_sleeping_duration: 1194006.542
tot_uptimes: 311
tot_uptimes_duration: 18600.0
