comms_cons: 120.32040959748659
finished_reconf: true
global_termination_time: 1209340.724
local_termination_time: 460431.36136000004
node_cons: 24842.944860000018
tot_aggregated_send: 17284
tot_msg_rcv: 378
tot_msg_sent: 626
tot_reconf_duration: 13.17
tot_sleeping_duration: 1190800.724
tot_uptimes: 310
tot_uptimes_duration: 18540.0
