comms_cons: 118.66147839893614
finished_reconf: true
global_termination_time: 1212714.104
local_termination_time: 826502.9207999983
node_cons: 24920.758979999955
tot_aggregated_send: 17690
tot_msg_rcv: 65
tot_msg_sent: 280
tot_reconf_duration: 11.31
tot_sleeping_duration: 1194114.104
tot_uptimes: 311
tot_uptimes_duration: 18600.0
