comms_cons: 35.61978880027938
finished_reconf: true
global_termination_time: 355981.242
local_termination_time: 292997.44836000004
node_cons: 7318.520342242879
tot_aggregated_send: 4930
tot_msg_rcv: 139
tot_msg_sent: 345
tot_reconf_duration: 5.57
tot_sleeping_duration: 350521.2298399979
tot_uptimes: 92
tot_uptimes_duration: 5460.0121600021375
