comms_cons: 1.3618943999955013
finished_reconf: true
global_termination_time: 10489.324480000001
local_termination_time: 10489.283360000001
node_cons: 229.8412198400071
tot_aggregated_send: 0
tot_msg_rcv: 107
tot_msg_sent: 98
tot_reconf_duration: 37.410000000000004
tot_sleeping_duration: 10355.613919999996
tot_uptimes: 3
tot_uptimes_duration: 133.710560000005
