comms_cons: 1.4408447999978795
finished_reconf: true
global_termination_time: 13911.548
local_termination_time: 6751.42436
node_cons: 275.37740000000025
tot_aggregated_send: 0
tot_msg_rcv: 124
tot_msg_sent: 95
tot_reconf_duration: 25.299999999999997
tot_sleeping_duration: 13731.548
tot_uptimes: 4
tot_uptimes_duration: 180.0
