comms_cons: 1.5046143999944537
finished_reconf: true
global_termination_time: 15203.156
local_termination_time: 4185.80836
node_cons: 258.17154000000016
tot_aggregated_send: 0
tot_msg_rcv: 122
tot_msg_sent: 107
tot_reconf_duration: 12.629999999999999
tot_sleeping_duration: 15023.156
tot_uptimes: 4
tot_uptimes_duration: 180.0
