comms_cons: 1.500057599999229
finished_reconf: true
global_termination_time: 13473.144
local_termination_time: 5728.421360000001
node_cons: 257.18020000000075
tot_aggregated_send: 0
tot_msg_rcv: 121
tot_msg_sent: 107
tot_reconf_duration: 11.899999999999999
tot_sleeping_duration: 13293.144
tot_uptimes: 4
tot_uptimes_duration: 180.0
