comms_cons: 750.2233538134738
finished_reconf: true
global_termination_time: 7504463.732
local_termination_time: 2146203.76836
node_cons: 154341.74477720656
tot_aggregated_send: 103414
tot_msg_rcv: 3365
tot_msg_sent: 7248
tot_reconf_duration: 6.279999999999999
tot_sleeping_duration: 7389203.674840022
tot_uptimes: 1922
tot_uptimes_duration: 115260.05715997866
