comms_cons: 738.5729985306373
finished_reconf: true
global_termination_time: 7505730.603
local_termination_time: 4406617.20344
node_cons: 154425.89208558094
tot_aggregated_send: 103356
tot_msg_rcv: 2846
tot_msg_sent: 6056
tot_reconf_duration: 9.11
tot_sleeping_duration: 7390410.572600011
tot_uptimes: 1923
tot_uptimes_duration: 115320.03039998934
