comms_cons: 736.4388481029904
finished_reconf: true
global_termination_time: 7508094.344
local_termination_time: 4724059.177599999
node_cons: 154430.63968111176
tot_aggregated_send: 104922
tot_msg_rcv: 2515
tot_msg_sent: 4496
tot_reconf_duration: 12.629999999999999
tot_sleeping_duration: 7392774.337920002
tot_uptimes: 1923
tot_uptimes_duration: 115320.00607999787
