comms_cons: 752.8132226230164
finished_reconf: true
global_termination_time: 7504181.366
local_termination_time: 1592274.4983599999
node_cons: 154343.83283004886
tot_aggregated_send: 103820
tot_msg_rcv: 3544
tot_msg_sent: 7058
tot_reconf_duration: 7.819999999999999
tot_sleeping_duration: 7388921.31128002
tot_uptimes: 1922
tot_uptimes_duration: 115260.05471998057
