comms_cons: 752.820121789818
finished_reconf: true
global_termination_time: 7503028.144
local_termination_time: 1977640.7868399997
node_cons: 154428.92039116568
tot_aggregated_send: 103762
tot_msg_rcv: 3638
tot_msg_sent: 7023
tot_reconf_duration: 11.31
tot_sleeping_duration: 7387708.083200023
tot_uptimes: 1922
tot_uptimes_duration: 115320.06079997821
