comms_cons: 75.73975040002878
finished_reconf: true
global_termination_time: 771919.878
local_termination_time: 360523.9389600001
node_cons: 15861.33740000001
tot_aggregated_send: 11310
tot_msg_rcv: 109
tot_msg_sent: 92
tot_reconf_duration: 25.299999999999997
tot_sleeping_duration: 760099.878
tot_uptimes: 198
tot_uptimes_duration: 11820.0
