comms_cons: 77.7661439963311
finished_reconf: true
global_termination_time: 770519.507
local_termination_time: 63030.47080000015
node_cons: 15837.96622000003
tot_aggregated_send: 10788
tot_msg_rcv: 400
tot_msg_sent: 632
tot_reconf_duration: 8.09
tot_sleeping_duration: 758699.507
tot_uptimes: 198
tot_uptimes_duration: 11820.0
