comms_cons: 75.81212159837546
finished_reconf: true
global_termination_time: 771184.185
local_termination_time: 697815.3657999993
node_cons: 15847.499380000005
tot_aggregated_send: 11136
tot_msg_rcv: 111
tot_msg_sent: 276
tot_reconf_duration: 15.110000000000001
tot_sleeping_duration: 759364.185
tot_uptimes: 198
tot_uptimes_duration: 11820.0
