comms_cons: 76.00949760031139
finished_reconf: true
global_termination_time: 771764.245
local_termination_time: 99769.96731999988
node_cons: 15841.85010000002
tot_aggregated_send: 11136
tot_msg_rcv: 137
tot_msg_sent: 280
tot_reconf_duration: 10.95
tot_sleeping_duration: 759944.245
tot_uptimes: 198
tot_uptimes_duration: 11820.0
