comms_cons: 15.40253439997272
finished_reconf: true
global_termination_time: 11169.144240000003
local_termination_time: 1706.2682800000016
node_cons: 1921.2396119200462
tot_aggregated_send: 0
tot_msg_rcv: 1118
tot_msg_sent: 1223
tot_reconf_duration: 18.21
tot_sleeping_duration: 9752.78095999997
tot_uptimes: 23
tot_uptimes_duration: 1416.3632800000348
