comms_cons: 102.15649279985469
finished_reconf: true
global_termination_time: 1036966.132
local_termination_time: 298541.8473600001
node_cons: 21320.858700000066
tot_aggregated_send: 15080
tot_msg_rcv: 178
tot_msg_sent: 269
tot_reconf_duration: 22.65
tot_sleeping_duration: 1021066.132
tot_uptimes: 266
tot_uptimes_duration: 15900.0
