comms_cons: 101.28678399928768
finished_reconf: true
global_termination_time: 1033098.768
local_termination_time: 294450.2716000005
node_cons: 21216.685800000003
tot_aggregated_send: 14906
tot_msg_rcv: 175
tot_msg_sent: 314
tot_reconf_duration: 5.1
tot_sleeping_duration: 1017258.768
tot_uptimes: 265
tot_uptimes_duration: 15840.0
