comms_cons: 102.12892159832494
finished_reconf: true
global_termination_time: 1036121.284
local_termination_time: 145349.0252400005
node_cons: 21324.457400000058
tot_aggregated_send: 14848
tot_msg_rcv: 233
tot_msg_sent: 442
tot_reconf_duration: 25.299999999999997
tot_sleeping_duration: 1020221.284
tot_uptimes: 266
tot_uptimes_duration: 15900.0
