comms_cons: 101.41889279994886
finished_reconf: true
global_termination_time: 1032842.312
local_termination_time: 60736.82992000015
node_cons: 21216.29198000003
tot_aggregated_send: 14790
tot_msg_rcv: 163
tot_msg_sent: 462
tot_reconf_duration: 4.8100000000000005
tot_sleeping_duration: 1017002.312
tot_uptimes: 265
tot_uptimes_duration: 15840.0
