comms_cons: 9.480627199918711
finished_reconf: true
global_termination_time: 95421.127
local_termination_time: 3416.8944800000004
node_cons: 1934.6919799999991
tot_aggregated_send: 1276
tot_msg_rcv: 52
tot_msg_sent: 113
tot_reconf_duration: 4.8100000000000005
tot_sleeping_duration: 93981.127
tot_uptimes: 25
tot_uptimes_duration: 1440.0
