comms_cons: 43.935897600004786
finished_reconf: true
global_termination_time: 447188.798
local_termination_time: 100366.56883999992
node_cons: 9167.288240000009
tot_aggregated_send: 6496
tot_msg_rcv: 71
tot_msg_sent: 111
tot_reconf_duration: 6.279999999999999
tot_sleeping_duration: 440348.798
tot_uptimes: 115
tot_uptimes_duration: 6840.0
