comms_cons: 44.02205439997596
finished_reconf: true
global_termination_time: 448729.944
local_termination_time: 61908.561360000014
node_cons: 9169.37956000001
tot_aggregated_send: 6380
tot_msg_rcv: 86
tot_msg_sent: 225
tot_reconf_duration: 7.819999999999999
tot_sleeping_duration: 441889.944
tot_uptimes: 115
tot_uptimes_duration: 6840.0
