comms_cons: 1.1579391999993793
finished_reconf: true
global_termination_time: 6337.75
local_termination_time: 643.3517199999999
node_cons: 105.06918000000005
tot_aggregated_send: 0
tot_msg_rcv: 133
tot_msg_sent: 42
tot_reconf_duration: 18.21
tot_sleeping_duration: 6277.75
tot_uptimes: 2
tot_uptimes_duration: 60.0
