comms_cons: 465.41989118770425
finished_reconf: true
global_termination_time: 4816709.217
local_termination_time: 1701116.86
node_cons: 99072.21889319102
tot_aggregated_send: 67568
tot_msg_rcv: 1113
tot_msg_sent: 2061
tot_reconf_duration: 6.279999999999999
tot_sleeping_duration: 4742725.878200005
tot_uptimes: 1234
tot_uptimes_duration: 73983.33879999537
