comms_cons: 459.4586623794502
finished_reconf: true
global_termination_time: 4814543.204
local_termination_time: 2032216.6395999999
node_cons: 99013.24554111407
tot_aggregated_send: 65946
tot_msg_rcv: 1410
tot_msg_sent: 2479
tot_reconf_duration: 25.299999999999997
tot_sleeping_duration: 4740623.197920002
tot_uptimes: 1233
tot_uptimes_duration: 73920.00607999763
