comms_cons: 465.2547071899867
finished_reconf: true
global_termination_time: 4816709.579
local_termination_time: 2086142.3956399981
node_cons: 99079.19723495447
tot_aggregated_send: 68440
tot_msg_rcv: 857
tot_msg_sent: 1419
tot_reconf_duration: 13.17
tot_sleeping_duration: 4742728.016360003
tot_uptimes: 1234
tot_uptimes_duration: 73981.56263999804
