comms_cons: 470.85600641143895
finished_reconf: true
global_termination_time: 4816352.566
local_termination_time: 1043238.2693599999
node_cons: 99069.87212446521
tot_aggregated_send: 67164
tot_msg_rcv: 1371
tot_msg_sent: 3031
tot_reconf_duration: 7.819999999999999
tot_sleeping_duration: 4742372.541680008
tot_uptimes: 1234
tot_uptimes_duration: 73980.024319991
