comms_cons: 466.45870079907377
finished_reconf: true
global_termination_time: 4814432.627
local_termination_time: 1132963.20736
node_cons: 98987.35932446447
tot_aggregated_send: 67338
tot_msg_rcv: 1142
tot_msg_sent: 2419
tot_reconf_duration: 6.22
tot_sleeping_duration: 4740512.60268001
tot_uptimes: 1233
tot_uptimes_duration: 73920.02431999054
