comms_cons: 70.66026240823939
finished_reconf: true
global_termination_time: 354201.731
local_termination_time: 1559.8113600000001
node_cons: 7264.9736822428695
tot_aggregated_send: 0
tot_msg_rcv: 5535
tot_msg_sent: 5204
tot_reconf_duration: 25.299999999999997
tot_sleeping_duration: 348801.7188399979
tot_uptimes: 91
tot_uptimes_duration: 5400.0121600021375
