comms_cons: 531.3670209189065
finished_reconf: true
global_termination_time: 5320118.271
local_termination_time: 407824.31348000007
node_cons: 109441.03813005834
tot_aggregated_send: 73196
tot_msg_rcv: 2342
tot_msg_sent: 5227
tot_reconf_duration: 13.17
tot_sleeping_duration: 5238398.216280014
tot_uptimes: 1363
tot_uptimes_duration: 81720.05471998628
