comms_cons: 538.256390540666
finished_reconf: true
global_termination_time: 5320336.964
local_termination_time: 1050069.8613199985
node_cons: 109429.09046669884
tot_aggregated_send: 73312
tot_msg_rcv: 2809
tot_msg_sent: 5689
tot_reconf_duration: 4.390000000000001
tot_sleeping_duration: 5238616.927520013
tot_uptimes: 1363
tot_uptimes_duration: 81720.03647998674
