comms_cons: 284.3376960100002
finished_reconf: true
global_termination_time: 2809744.352
local_termination_time: 2443993.401
node_cons: 57870.45909398966
tot_aggregated_send: 38911
tot_msg_rcv: 1460
tot_msg_sent: 2847
tot_reconf_duration: 13.17
tot_sleeping_duration: 2766538.546000007
tot_uptimes: 720
tot_uptimes_duration: 43205.805999993114
