comms_cons: 284.1860544084549
finished_reconf: false
global_termination_time: 2811221.558
local_termination_time: 0
node_cons: 57844.79999999896
tot_aggregated_send: 39092
tot_msg_rcv: 1434
tot_msg_sent: 2668
tot_reconf_duration: 0
tot_sleeping_duration: 2768021.558
tot_uptimes: 720
tot_uptimes_duration: 43200.0
