comms_cons: 29.42876160019885
finished_reconf: true
global_termination_time: 294496.417
local_termination_time: 102691.44419999963
node_cons: 6056.2749822406
tot_aggregated_send: 3886
tot_msg_rcv: 141
tot_msg_sent: 446
tot_reconf_duration: 22.65
tot_sleeping_duration: 289996.40483999957
tot_uptimes: 76
tot_uptimes_duration: 4500.012160000435
