comms_cons: 379.7834432773022
finished_reconf: true
global_termination_time: 3785803.866
local_termination_time: 866288.1873599999
node_cons: 77861.8883678178
tot_aggregated_send: 52664
tot_msg_rcv: 1521
tot_msg_sent: 3539
tot_reconf_duration: 9.11
tot_sleeping_duration: 3727663.8234400153
tot_uptimes: 970
tot_uptimes_duration: 58140.04255998484
