comms_cons: 355.364006421382
finished_reconf: true
global_termination_time: 3615543.22
local_termination_time: 1290565.1585999988
node_cons: 74322.08034223232
tot_aggregated_send: 50344
tot_msg_rcv: 1113
tot_msg_sent: 2557
tot_reconf_duration: 5.57
tot_sleeping_duration: 3560043.2078400045
tot_uptimes: 926
tot_uptimes_duration: 55500.0121599955
