comms_cons: 361.4415104277267
finished_reconf: true
global_termination_time: 3615208.044
local_termination_time: 1860161.4309199995
node_cons: 74348.8736822326
tot_aggregated_send: 50808
tot_msg_rcv: 1420
tot_msg_sent: 2709
tot_reconf_duration: 25.299999999999997
tot_sleeping_duration: 3559708.0318400045
tot_uptimes: 926
tot_uptimes_duration: 55500.012159995735
