comms_cons: 362.7434880581019
finished_reconf: true
global_termination_time: 3612633.764
local_termination_time: 1437646.850479998
node_cons: 74323.17555830063
tot_aggregated_send: 50692
tot_msg_rcv: 1479
tot_msg_sent: 2964
tot_reconf_duration: 4.8100000000000005
tot_sleeping_duration: 3557132.163120013
tot_uptimes: 926
tot_uptimes_duration: 55501.60087998677
