comms_cons: 710.5256201765993
finished_reconf: true
global_termination_time: 3616278.9
local_termination_time: 201.49903999999998
node_cons: 74410.22340334905
tot_aggregated_send: 0
tot_msg_rcv: 54290
tot_msg_sent: 53706
tot_reconf_duration: 11.31
tot_sleeping_duration: 3560718.881760007
tot_uptimes: 927
tot_uptimes_duration: 55560.01823999314
