comms_cons: 77.08398079920606
finished_reconf: true
global_termination_time: 773659.931
local_termination_time: 103910.97583999993
node_cons: 15918.306220000019
tot_aggregated_send: 11020
tot_msg_rcv: 239
tot_msg_sent: 457
tot_reconf_duration: 8.09
tot_sleeping_duration: 761779.931
tot_uptimes: 199
tot_uptimes_duration: 11880.0
