comms_cons: 77.36011519796367
finished_reconf: true
global_termination_time: 776329.844
local_termination_time: 14153.2176
node_cons: 15911.461900000022
tot_aggregated_send: 10788
tot_msg_rcv: 276
tot_msg_sent: 694
tot_reconf_duration: 3.05
tot_sleeping_duration: 764449.844
tot_uptimes: 199
tot_uptimes_duration: 11880.0
