comms_cons: 76.02328319832864
finished_reconf: true
global_termination_time: 774626.958
local_termination_time: 71830.96203999956
node_cons: 15928.15172000004
tot_aggregated_send: 11136
tot_msg_rcv: 85
tot_msg_sent: 334
tot_reconf_duration: 15.34
tot_sleeping_duration: 762746.958
tot_uptimes: 199
tot_uptimes_duration: 11880.0
