comms_cons: 448.6550400322701
finished_reconf: true
global_termination_time: 4550168.123
local_termination_time: 2101333.17036
node_cons: 93630.48996446512
tot_aggregated_send: 62234
tot_msg_rcv: 2017
tot_msg_sent: 3942
tot_reconf_duration: 25.299999999999997
tot_sleeping_duration: 4480268.098680008
tot_uptimes: 1166
tot_uptimes_duration: 69900.024319991
