comms_cons: 459.65440009491005
finished_reconf: true
global_termination_time: 4550815.685
local_termination_time: 903932.05236
node_cons: 93600.29888781592
tot_aggregated_send: 62698
tot_msg_rcv: 2457
tot_msg_sent: 4710
tot_reconf_duration: 3.05
tot_sleeping_duration: 4480915.642440016
tot_uptimes: 1166
tot_uptimes_duration: 69900.0425599839
