comms_cons: 451.64716167261764
finished_reconf: true
global_termination_time: 4551547.68
local_termination_time: 1103167.6609199983
node_cons: 93604.60374781615
tot_aggregated_send: 63278
tot_msg_rcv: 1708
tot_msg_sent: 3661
tot_reconf_duration: 6.22
tot_sleeping_duration: 4481647.637440016
tot_uptimes: 1166
tot_uptimes_duration: 69900.04255998414
