comms_cons: 1.756646399996544
finished_reconf: true
global_termination_time: 12445.962
local_termination_time: 6250.6633600000005
node_cons: 271.77870000000075
tot_aggregated_send: 0
tot_msg_rcv: 170
tot_msg_sent: 97
tot_reconf_duration: 22.65
tot_sleeping_duration: 12265.962
tot_uptimes: 4
tot_uptimes_duration: 180.0
