comms_cons: 33.41575680033711
finished_reconf: true
global_termination_time: 338285.512
local_termination_time: 129592.01779999984
node_cons: 6927.124860000005
tot_aggregated_send: 4640
tot_msg_rcv: 157
tot_msg_sent: 282
tot_reconf_duration: 13.17
tot_sleeping_duration: 333125.512
tot_uptimes: 87
tot_uptimes_duration: 5160.0
