comms_cons: 35.45530880071339
finished_reconf: true
global_termination_time: 343313.587
local_termination_time: 1551.1200400000016
node_cons: 6995.557902242869
tot_aggregated_send: 4466
tot_msg_rcv: 344
tot_msg_sent: 579
tot_reconf_duration: 4.390000000000001
tot_sleeping_duration: 338093.57483999786
tot_uptimes: 88
tot_uptimes_duration: 5220.0121600021375
