comms_cons: 107.6954687925654
finished_reconf: true
global_termination_time: 1059300.4985199992
local_termination_time: 1059300.4573999993
node_cons: 21846.490337760035
tot_aggregated_send: 14544
tot_msg_rcv: 635
tot_msg_sent: 1189
tot_reconf_duration: 24.59
tot_sleeping_duration: 1043009.9106799993
tot_uptimes: 272
tot_uptimes_duration: 16290.587839999993
