comms_cons: 106.02380799606992
finished_reconf: true
global_termination_time: 1059300.98648
local_termination_time: 146015.60156000068
node_cons: 21795.45188095819
tot_aggregated_send: 14848
tot_msg_rcv: 389
tot_msg_sent: 877
tot_reconf_duration: 3.05
tot_sleeping_duration: 1043026.6698400014
tot_uptimes: 272
tot_uptimes_duration: 16274.316639998637
