comms_cons: 89.61779199513887
finished_reconf: true
global_termination_time: 866139.1244799999
local_termination_time: 195700.84448000006
node_cons: 17827.52006587342
tot_aggregated_send: 7830
tot_msg_rcv: 2026
tot_msg_sent: 3767
tot_reconf_duration: 18.21
tot_sleeping_duration: 852843.5375600049
tot_uptimes: 222
tot_uptimes_duration: 13295.586919995083
