comms_cons: 84.6216703999027
finished_reconf: true
global_termination_time: 866972.003
local_termination_time: 360523.9389600001
node_cons: 17869.83740000001
tot_aggregated_send: 12644
tot_msg_rcv: 111
tot_msg_sent: 107
tot_reconf_duration: 25.299999999999997
tot_sleeping_duration: 853652.003
tot_uptimes: 223
tot_uptimes_duration: 13320.0
