comms_cons: 2.256665599992543
finished_reconf: true
global_termination_time: 19158.946
local_termination_time: 6960.160360000001
node_cons: 339.24486000000013
tot_aggregated_send: 0
tot_msg_rcv: 179
tot_msg_sent: 164
tot_reconf_duration: 13.17
tot_sleeping_duration: 18918.946
tot_uptimes: 5
tot_uptimes_duration: 240.0
