comms_cons: 344.4529216115905
finished_reconf: true
global_termination_time: 3501397.754
local_termination_time: 1611834.966639999
node_cons: 72002.52485999826
tot_aggregated_send: 50170
tot_msg_rcv: 752
tot_msg_sent: 1432
tot_reconf_duration: 13.17
tot_sleeping_duration: 3447637.754
tot_uptimes: 897
tot_uptimes_duration: 53760.0
