comms_cons: 346.0001920158239
finished_reconf: true
global_termination_time: 3504856.441
local_termination_time: 1640408.4777599983
node_cons: 72077.3513799985
tot_aggregated_send: 50402
tot_msg_rcv: 744
tot_msg_sent: 1444
tot_reconf_duration: 9.11
tot_sleeping_duration: 3451036.441
tot_uptimes: 898
tot_uptimes_duration: 53820.0
