comms_cons: 348.21877120417787
finished_reconf: true
global_termination_time: 3501683.09
local_termination_time: 891153.0513599999
node_cons: 71991.27781451853
tot_aggregated_send: 47096
tot_msg_rcv: 1884
tot_msg_sent: 3947
tot_reconf_duration: 4.8100000000000005
tot_sleeping_duration: 3447923.0109600294
tot_uptimes: 897
tot_uptimes_duration: 53760.07903997018
