comms_cons: 351.58327681589435
finished_reconf: true
global_termination_time: 3501727.85
local_termination_time: 249418.70648000008
node_cons: 71990.69117229336
tot_aggregated_send: 47966
tot_msg_rcv: 2032
tot_msg_sent: 3438
tot_reconf_duration: 4.390000000000001
tot_sleeping_duration: 3447967.783120019
tot_uptimes: 897
tot_uptimes_duration: 53760.066879981314
