comms_cons: 355.64229122971904
finished_reconf: true
global_termination_time: 3500619.398239997
local_termination_time: 29704.832600000005
node_cons: 72031.3622162827
tot_aggregated_send: 47154
tot_msg_rcv: 2473
tot_msg_sent: 4427
tot_reconf_duration: 11.31
tot_sleeping_duration: 3446835.975360024
tot_uptimes: 897
tot_uptimes_duration: 53783.42287997337
