comms_cons: 353.0455744559763
finished_reconf: true
global_termination_time: 3505434.837
local_termination_time: 1126937.262479998
node_cons: 72102.14452058628
tot_aggregated_send: 46806
tot_msg_rcv: 2186
tot_msg_sent: 4669
tot_reconf_duration: 15.34
tot_sleeping_duration: 3451602.6392400386
tot_uptimes: 898
tot_uptimes_duration: 53832.19775996101
