comms_cons: 65.20015360077485
finished_reconf: true
global_termination_time: 647018.2282400001
local_termination_time: 173179.83736000003
node_cons: 13301.257713845785
tot_aggregated_send: 8874
tot_msg_rcv: 403
tot_msg_sent: 632
tot_reconf_duration: 18.21
tot_sleeping_duration: 637102.9716799958
tot_uptimes: 166
tot_uptimes_duration: 9915.256560004316
