comms_cons: 252.6347008376736
finished_reconf: true
global_termination_time: 648790.823
local_termination_time: 373749.7136
node_cons: 39578.003265242354
tot_aggregated_send: 0
tot_msg_rcv: 15434
tot_msg_sent: 22965
tot_reconf_duration: 4.390000000000001
tot_sleeping_duration: 619237.393839998
tot_uptimes: 487
tot_uptimes_duration: 29553.429160001964
