comms_cons: 102.69473281544678
finished_reconf: true
global_termination_time: 648790.823
local_termination_time: 377208.3263600001
node_cons: 13340.590041121513
tot_aggregated_send: 0
tot_msg_rcv: 7892
tot_msg_sent: 7717
tot_reconf_duration: 3.05
tot_sleeping_duration: 638830.8169199988
tot_uptimes: 167
tot_uptimes_duration: 9960.006080001069
