comms_cons: 0.8303231999998195
finished_reconf: true
global_termination_time: 4214.471
local_termination_time: 315.7140399999995
node_cons: 88.78676000000004
tot_aggregated_send: 0
tot_msg_rcv: 69
tot_msg_sent: 56
tot_reconf_duration: 6.22
tot_sleeping_duration: 4154.471
tot_uptimes: 2
tot_uptimes_duration: 60.0
