comms_cons: 13.190022399900613
finished_reconf: true
global_termination_time: 119145.61
local_termination_time: 11869.429
node_cons: 2455.141387999737
tot_aggregated_send: 1158
tot_msg_rcv: 272
tot_msg_sent: 575
tot_reconf_duration: 22.65
tot_sleeping_duration: 117335.01800000019
tot_uptimes: 31
tot_uptimes_duration: 1810.591999999804
