comms_cons: 14.131391999633749
finished_reconf: true
global_termination_time: 118720.325
local_termination_time: 69588.50135999998
node_cons: 2420.8521244777544
tot_aggregated_send: 1044
tot_msg_rcv: 408
tot_msg_sent: 695
tot_reconf_duration: 7.819999999999999
tot_sleeping_duration: 116920.30068000169
tot_uptimes: 31
tot_uptimes_duration: 1800.024319998316
