comms_cons: 165.80162558653967
finished_reconf: true
global_termination_time: 1650993.582
local_termination_time: 575738.2853599999
node_cons: 33911.07662446726
tot_aggregated_send: 22678
tot_msg_rcv: 725
tot_msg_sent: 1797
tot_reconf_duration: 5.57
tot_sleeping_duration: 1625673.5576800094
tot_uptimes: 423
tot_uptimes_duration: 25320.024319990538
