comms_cons: 166.83367678876925
finished_reconf: true
global_termination_time: 1649010.64
local_termination_time: 614125.7524799999
node_cons: 33937.86182335057
tot_aggregated_send: 22736
tot_msg_rcv: 900
tot_msg_sent: 1722
tot_reconf_duration: 25.299999999999997
tot_sleeping_duration: 1623690.621760007
tot_uptimes: 423
tot_uptimes_duration: 25320.01823999291
