comms_cons: 165.8418943882445
finished_reconf: true
global_termination_time: 1650744.021
local_termination_time: 317711.99580000073
node_cons: 33914.140265584174
tot_aggregated_send: 23026
tot_msg_rcv: 731
tot_msg_sent: 1450
tot_reconf_duration: 7.819999999999999
tot_sleeping_duration: 1625423.9906000118
tot_uptimes: 423
tot_uptimes_duration: 25320.030399988173
