comms_cons: 167.78933758711068
finished_reconf: true
global_termination_time: 1654369.279
local_termination_time: 452559.6554800001
node_cons: 33991.23582390564
tot_aggregated_send: 22852
tot_msg_rcv: 966
tot_msg_sent: 1685
tot_reconf_duration: 5.43
tot_sleeping_duration: 1628989.2477200108
tot_uptimes: 424
tot_uptimes_duration: 25380.031279989285
