comms_cons: 0.664499199997807
finished_reconf: true
global_termination_time: 5089.259
local_termination_time: 3374.6853600000004
node_cons: 105.06918000000005
tot_aggregated_send: 0
tot_msg_rcv: 60
tot_msg_sent: 41
tot_reconf_duration: 18.21
tot_sleeping_duration: 5029.259
tot_uptimes: 2
tot_uptimes_duration: 60.0
