comms_cons: 109.83845119165535
finished_reconf: true
global_termination_time: 1084415.335
local_termination_time: 364065.2723200007
node_cons: 22285.635944074336
tot_aggregated_send: 14558
tot_msg_rcv: 711
tot_msg_sent: 1426
tot_reconf_duration: 22.65
tot_sleeping_duration: 1067794.8142800042
tot_uptimes: 278
tot_uptimes_duration: 16620.520719995722
