comms_cons: 269.4050816113316
finished_reconf: true
global_termination_time: 2807808.945
local_termination_time: 6745.968
node_cons: 57874.241439998965
tot_aggregated_send: 40521
tot_msg_rcv: 159
tot_msg_sent: 268
tot_reconf_duration: 21.68
tot_sleeping_duration: 2764608.945
tot_uptimes: 720
tot_uptimes_duration: 43200.0
