comms_cons: 281.1423744116283
finished_reconf: true
global_termination_time: 2811331.337
local_termination_time: 415.46112
node_cons: 57877.34034781742
tot_aggregated_send: 39208
tot_msg_rcv: 1047
tot_msg_sent: 2477
tot_reconf_duration: 23.919999999999998
tot_sleeping_duration: 2768131.2944400157
tot_uptimes: 720
tot_uptimes_duration: 43200.04255998391
