comms_cons: 272.12887042174475
finished_reconf: true
global_termination_time: 2809923.35
local_termination_time: 4001.792
node_cons: 57866.57414446662
tot_aggregated_send: 38612
tot_msg_rcv: 902
tot_msg_sent: 1848
tot_reconf_duration: 16.009999999999998
tot_sleeping_duration: 2766723.325680009
tot_uptimes: 720
tot_uptimes_duration: 43200.02431999077
