comms_cons: 268.02344962458403
finished_reconf: true
global_termination_time: 2810741.824
local_termination_time: 7138.205
node_cons: 57854.44720446756
tot_aggregated_send: 39316
tot_msg_rcv: 544
tot_msg_sent: 878
tot_reconf_duration: 7.08
tot_sleeping_duration: 2767541.7996800086
tot_uptimes: 720
tot_uptimes_duration: 43200.02431999147
