comms_cons: 331.65961599743946
finished_reconf: true
global_termination_time: 3396244.162
local_termination_time: 2057175.4645199983
node_cons: 69831.95698527637
tot_aggregated_send: 48720
tot_msg_rcv: 556
tot_msg_sent: 1134
tot_reconf_duration: 11.899999999999999
tot_sleeping_duration: 3344103.9104800015
tot_uptimes: 870
tot_uptimes_duration: 52140.2515199983
