comms_cons: 348.8481536677603
finished_reconf: true
global_termination_time: 3394838.253
local_termination_time: 1282963.6410399992
node_cons: 69819.70773452717
tot_aggregated_send: 45472
tot_msg_rcv: 2606
tot_msg_sent: 4945
tot_reconf_duration: 3.05
tot_sleeping_duration: 3342698.1739600236
tot_uptimes: 870
tot_uptimes_duration: 52140.079039976816
