comms_cons: 676.5218759915164
finished_reconf: true
global_termination_time: 3400777.118
local_termination_time: 3065.7486
node_cons: 69911.22410893835
tot_aggregated_send: 0
tot_msg_rcv: 52361
tot_msg_sent: 50462
tot_reconf_duration: 11.31
tot_sleeping_duration: 3348577.0693600145
tot_uptimes: 871
tot_uptimes_duration: 52200.048639984976
