comms_cons: 545.6143744437745
finished_reconf: true
global_termination_time: 5576634.366
local_termination_time: 3079322.277199999
node_cons: 114733.10848334801
tot_aggregated_send: 77430
tot_msg_rcv: 1784
tot_msg_sent: 3715
tot_reconf_duration: 5.57
tot_sleeping_duration: 5490954.347760007
tot_uptimes: 1429
tot_uptimes_duration: 85680.01823999337
