comms_cons: 0.7434495999992559
finished_reconf: true
global_termination_time: 5784.86
local_termination_time: 2033.4433600000002
node_cons: 91.32621999999958
tot_aggregated_send: 0
tot_msg_rcv: 62
tot_msg_sent: 51
tot_reconf_duration: 8.09
tot_sleeping_duration: 5724.86
tot_uptimes: 2
tot_uptimes_duration: 59.99999999999977
