comms_cons: 0.7302912000016284
finished_reconf: true
global_termination_time: 6546.168
local_termination_time: 1413.5413600000004
node_cons: 93.13236000000009
tot_aggregated_send: 0
tot_msg_rcv: 61
tot_msg_sent: 50
tot_reconf_duration: 9.42
tot_sleeping_duration: 6486.168
tot_uptimes: 2
tot_uptimes_duration: 60.0
