comms_cons: 0.7445631999969172
finished_reconf: true
global_termination_time: 5248.245
local_termination_time: 2863.0173600000003
node_cons: 87.71393999999977
tot_aggregated_send: 0
tot_msg_rcv: 60
tot_msg_sent: 53
tot_reconf_duration: 5.43
tot_sleeping_duration: 5188.245
tot_uptimes: 2
tot_uptimes_duration: 60.0
