comms_cons: 213.21384962836757
finished_reconf: true
global_termination_time: 439804.935360001
local_termination_time: 439804.935360001
node_cons: 26898.59202252572
tot_aggregated_send: 0
tot_msg_rcv: 13035
tot_msg_sent: 19371
tot_reconf_duration: 24.59
tot_sleeping_duration: 419741.3066799968
tot_uptimes: 326
tot_uptimes_duration: 20063.628680004233
