comms_cons: 86.55498241157336
finished_reconf: true
global_termination_time: 440505.717
local_termination_time: 490.26003999999944
node_cons: 9022.83360336288
tot_aggregated_send: 0
tot_msg_rcv: 6670
tot_msg_sent: 6485
tot_reconf_duration: 18.21
tot_sleeping_duration: 433785.6987599979
tot_uptimes: 113
tot_uptimes_duration: 6720.018240002144
