comms_cons: 283.0885888092295
finished_reconf: false
global_termination_time: 2808455.501
local_termination_time: 0
node_cons: 57901.960586925496
tot_aggregated_send: 38969
tot_msg_rcv: 1293
tot_msg_sent: 2766
tot_reconf_duration: 40.76
tot_sleeping_duration: 2765254.1503600255
tot_uptimes: 720
tot_uptimes_duration: 43201.350639974815
