comms_cons: 278.65953279720446
finished_reconf: true
global_termination_time: 2809155.713
local_termination_time: 2851.49124
node_cons: 57850.229228934564
tot_aggregated_send: 39150
tot_msg_rcv: 1114
tot_msg_sent: 2090
tot_reconf_duration: 3.95
tot_sleeping_duration: 2765955.6643600184
tot_uptimes: 720
tot_uptimes_duration: 43200.048639981775
