comms_cons: 269.269132815747
finished_reconf: true
global_termination_time: 2811098.231
local_termination_time: 7091.997999999999
node_cons: 57859.20831116887
tot_aggregated_send: 38568
tot_msg_rcv: 812
tot_msg_sent: 1547
tot_reconf_duration: 10.55
tot_sleeping_duration: 2767898.1702000224
tot_uptimes: 720
tot_uptimes_duration: 43200.06079997751
