comms_cons: 46.48862720031689
finished_reconf: true
global_termination_time: 469861.656
local_termination_time: 112460.32651999951
node_cons: 9646.761620000012
tot_aggregated_send: 6728
tot_msg_rcv: 110
tot_msg_sent: 228
tot_reconf_duration: 4.390000000000001
tot_sleeping_duration: 462661.656
tot_uptimes: 121
tot_uptimes_duration: 7200.0
