comms_cons: 129.02844161075254
finished_reconf: true
global_termination_time: 266566.9043600005
local_termination_time: 266566.8632400005
node_cons: 16235.670014605328
tot_aggregated_send: 0
tot_msg_rcv: 7917
tot_msg_sent: 11695
tot_reconf_duration: 24.59
tot_sleeping_duration: 254466.62295999654
tot_uptimes: 199
tot_uptimes_duration: 12100.281400003956
