comms_cons: 511.80254728752834
finished_reconf: true
global_termination_time: 5124148.805
local_termination_time: 852958.13836
node_cons: 105412.68525005002
tot_aggregated_send: 72094
tot_msg_rcv: 1975
tot_msg_sent: 3722
tot_reconf_duration: 4.8100000000000005
tot_sleeping_duration: 5045428.75028002
tot_uptimes: 1313
tot_uptimes_duration: 78720.05471997987
