comms_cons: 279.96862082987457
finished_reconf: true
global_termination_time: 2808807.593
local_termination_time: 4400.163
node_cons: 57855.08546446629
tot_aggregated_send: 39084
tot_msg_rcv: 1122
tot_msg_sent: 2347
tot_reconf_duration: 7.55
tot_sleeping_duration: 2765607.5686800093
tot_uptimes: 720
tot_uptimes_duration: 43200.02431999054
