comms_cons: 22.203187199966763
finished_reconf: true
global_termination_time: 207758.72812000048
local_termination_time: 207758.68700000047
node_cons: 4339.415727282096
tot_aggregated_send: 2364
tot_msg_rcv: 277
tot_msg_sent: 733
tot_reconf_duration: 24.59
tot_sleeping_duration: 204542.87859999892
tot_uptimes: 54
tot_uptimes_duration: 3215.849520001553
