comms_cons: 22.4416512007128
finished_reconf: true
global_termination_time: 210055.702
local_termination_time: 48386.98536000001
node_cons: 4266.491183363158
tot_aggregated_send: 2436
tot_msg_rcv: 335
tot_msg_sent: 640
tot_reconf_duration: 6.22
tot_sleeping_duration: 206875.68375999763
tot_uptimes: 54
tot_uptimes_duration: 3180.018240002355
