comms_cons: 87.72110079699897
finished_reconf: true
global_termination_time: 881235.849
local_termination_time: 92798.26335999998
node_cons: 18097.364284478885
tot_aggregated_send: 11948
tot_msg_rcv: 373
tot_msg_sent: 1013
tot_reconf_duration: 15.34
tot_sleeping_duration: 867735.8246800009
tot_uptimes: 226
tot_uptimes_duration: 13500.024319999138
