comms_cons: 90.7581695964307
finished_reconf: true
global_termination_time: 885827.576
local_termination_time: 381342.6294800005
node_cons: 18171.73452335054
tot_aggregated_send: 11774
tot_msg_rcv: 692
tot_msg_sent: 1328
tot_reconf_duration: 10.95
tot_sleeping_duration: 872267.5577600071
tot_uptimes: 227
tot_uptimes_duration: 13560.018239992904
