comms_cons: 87.46388479711197
finished_reconf: true
global_termination_time: 882057.647
local_termination_time: 552683.8723199996
node_cons: 18082.47790223371
tot_aggregated_send: 12296
tot_msg_rcv: 320
tot_msg_sent: 678
tot_reconf_duration: 4.390000000000001
tot_sleeping_duration: 868557.6348400047
tot_uptimes: 226
tot_uptimes_duration: 13500.012159995269
