comms_cons: 91.63264639720653
finished_reconf: true
global_termination_time: 883914.873
local_termination_time: 92737.02243999988
node_cons: 18167.516547840856
tot_aggregated_send: 11252
tot_msg_rcv: 986
tot_msg_sent: 1691
tot_reconf_duration: 7.819999999999999
tot_sleeping_duration: 870354.8304399994
tot_uptimes: 227
tot_uptimes_duration: 13560.042560000613
