comms_cons: 70.91061760009309
finished_reconf: true
global_termination_time: 719788.304
local_termination_time: 330980.86736000003
node_cons: 14871.346759999984
tot_aggregated_send: 9918
tot_msg_rcv: 212
tot_msg_sent: 648
tot_reconf_duration: 6.22
tot_sleeping_duration: 708688.304
tot_uptimes: 185
tot_uptimes_duration: 11100.0
