comms_cons: 2.2171903999968943
finished_reconf: true
global_termination_time: 18874.789
local_termination_time: 5649.11836
node_cons: 352.1187000000008
tot_aggregated_send: 0
tot_msg_rcv: 182
tot_msg_sent: 155
tot_reconf_duration: 22.65
tot_sleeping_duration: 18634.789
tot_uptimes: 5
tot_uptimes_duration: 240.0
