comms_cons: 83.04266239873995
finished_reconf: true
global_termination_time: 829012.776
local_termination_time: 307124.89536
node_cons: 17038.620121116855
tot_aggregated_send: 11310
tot_msg_rcv: 499
tot_msg_sent: 813
tot_reconf_duration: 4.8100000000000005
tot_sleeping_duration: 816292.7699200023
tot_uptimes: 213
tot_uptimes_duration: 12720.006079997635
