comms_cons: 83.64136959686465
finished_reconf: true
global_termination_time: 827949.291
local_termination_time: 465019.5077200001
node_cons: 17039.478363359707
tot_aggregated_send: 11426
tot_msg_rcv: 475
tot_msg_sent: 812
tot_reconf_duration: 5.43
tot_sleeping_duration: 815229.2727600002
tot_uptimes: 213
tot_uptimes_duration: 12720.018239999772
