comms_cons: 222.33221119471386
finished_reconf: true
global_termination_time: 2261718.255
local_termination_time: 1123916.4973600002
node_cons: 46542.2545999997
tot_aggregated_send: 32770
tot_msg_rcv: 289
tot_msg_sent: 733
tot_reconf_duration: 18.700000000000003
tot_sleeping_duration: 2226978.255
tot_uptimes: 580
tot_uptimes_duration: 34740.0
