comms_cons: 96.87390079490234
finished_reconf: true
global_termination_time: 956739.633
local_termination_time: 346711.7766800003
node_cons: 19708.061744476585
tot_aggregated_send: 12702
tot_msg_rcv: 662
tot_msg_sent: 1361
tot_reconf_duration: 18.21
tot_sleeping_duration: 942039.6086800026
tot_uptimes: 246
tot_uptimes_duration: 14700.024319997407
