comms_cons: 145.6163327670125
finished_reconf: true
global_termination_time: 954905.717
local_termination_time: 436587.79636000004
node_cons: 19611.53708670558
tot_aggregated_send: 0
tot_msg_rcv: 11337
tot_msg_sent: 10797
tot_reconf_duration: 6.279999999999999
tot_sleeping_duration: 940265.6805200106
tot_uptimes: 245
tot_uptimes_duration: 14640.036479989241
