comms_cons: 623.5176510634939
finished_reconf: true
global_termination_time: 954492.512
local_termination_time: 436571.7888800004
node_cons: 94118.52798461047
tot_aggregated_send: 0
tot_msg_rcv: 43140
tot_msg_sent: 51630
tot_reconf_duration: 5.57
tot_sleeping_duration: 884207.9982400204
tot_uptimes: 1137
tot_uptimes_duration: 70284.51375997959
