comms_cons: 95.90499839209906
finished_reconf: true
global_termination_time: 955279.823
local_termination_time: 531733.3865199982
node_cons: 19655.62934974502
tot_aggregated_send: 12702
tot_msg_rcv: 635
tot_msg_sent: 1240
tot_reconf_duration: 25.299999999999997
tot_sleeping_duration: 940626.1471600112
tot_uptimes: 245
tot_uptimes_duration: 14653.675839988748
