comms_cons: 94.53652479540429
finished_reconf: true
global_termination_time: 955246.172
local_termination_time: 445888.45248000056
node_cons: 19607.150781116885
tot_aggregated_send: 12528
tot_msg_rcv: 629
tot_msg_sent: 1212
tot_reconf_duration: 3.08
tot_sleeping_duration: 940606.1659200024
tot_uptimes: 245
tot_uptimes_duration: 14640.006079997635
