comms_cons: 144.36738556775873
finished_reconf: true
global_termination_time: 956370.894
local_termination_time: 439157.4093600001
node_cons: 19613.97064335056
tot_aggregated_send: 0
tot_msg_rcv: 11152
tot_msg_sent: 10791
tot_reconf_duration: 8.09
tot_sleeping_duration: 941730.8757600071
tot_uptimes: 245
tot_uptimes_duration: 14640.018239992904
