comms_cons: 94.4660415975286
finished_reconf: true
global_termination_time: 959252.887
local_termination_time: 632983.9750399993
node_cons: 19689.269761116884
tot_aggregated_send: 12934
tot_msg_rcv: 472
tot_msg_sent: 952
tot_reconf_duration: 4.390000000000001
tot_sleeping_duration: 944552.8809200024
tot_uptimes: 246
tot_uptimes_duration: 14700.006079997638
