comms_cons: 95.3905023958029
finished_reconf: true
global_termination_time: 954281.752
local_termination_time: 26239.426480000006
node_cons: 19607.12632335513
tot_aggregated_send: 12702
tot_msg_rcv: 628
tot_msg_sent: 1169
tot_reconf_duration: 3.05
tot_sleeping_duration: 939641.7337600037
tot_uptimes: 245
tot_uptimes_duration: 14640.018239996338
