comms_cons: 77.44035839745209
finished_reconf: true
global_termination_time: 736524.6
local_termination_time: 59680.37636000001
node_cons: 15111.57361233116
tot_aggregated_send: 9396
tot_msg_rcv: 858
tot_msg_sent: 1516
tot_reconf_duration: 5.57
tot_sleeping_duration: 725244.5331199917
tot_uptimes: 189
tot_uptimes_duration: 11280.066880008322
