comms_cons: 75.29264639829411
finished_reconf: true
global_termination_time: 734867.641
local_termination_time: 206538.84036000006
node_cons: 15138.30996448117
tot_aggregated_send: 9686
tot_msg_rcv: 559
tot_msg_sent: 1199
tot_reconf_duration: 25.299999999999997
tot_sleeping_duration: 723587.6166799992
tot_uptimes: 189
tot_uptimes_duration: 11280.02432000084
