comms_cons: 74.3045119957514
finished_reconf: true
global_termination_time: 733569.615
local_termination_time: 285460.8760400003
node_cons: 15044.140085588762
tot_aggregated_send: 9860
tot_msg_rcv: 456
tot_msg_sent: 977
tot_reconf_duration: 15.110000000000001
tot_sleeping_duration: 722349.5846000084
tot_uptimes: 188
tot_uptimes_duration: 11220.030399991607
