comms_cons: 9.730636800003744
finished_reconf: true
global_termination_time: 3348.6752800000045
local_termination_time: 3348.6341600000046
node_cons: 1103.8598229200065
tot_aggregated_send: 0
tot_msg_rcv: 691
tot_msg_sent: 786
tot_reconf_duration: 24.59
tot_sleeping_duration: 2549.223
tot_uptimes: 11
tot_uptimes_duration: 799.4522800000044
