comms_cons: 96.43133439148845
finished_reconf: true
global_termination_time: 944327.163
local_termination_time: 346757.18860000005
node_cons: 19367.926043350464
tot_aggregated_send: 12586
tot_msg_rcv: 675
tot_msg_sent: 1396
tot_reconf_duration: 4.390000000000001
tot_sleeping_duration: 929867.144760007
tot_uptimes: 242
tot_uptimes_duration: 14460.018239992904
