comms_cons: 47.605996799878
finished_reconf: true
global_termination_time: 12381.279360000006
local_termination_time: 2150.189160000009
node_cons: 5094.713266360086
tot_aggregated_send: 0
tot_msg_rcv: 3796
tot_msg_sent: 3437
tot_reconf_duration: 5.57
tot_sleeping_duration: 8582.064119999945
tot_uptimes: 53
tot_uptimes_duration: 3799.215240000062
