comms_cons: 1.9671807999935
finished_reconf: true
global_termination_time: 12381.758240000005
local_termination_time: 10531.730360000001
node_cons: 284.40040936000673
tot_aggregated_send: 0
tot_msg_rcv: 173
tot_msg_sent: 125
tot_reconf_duration: 10.95
tot_sleeping_duration: 12180.466
tot_uptimes: 4
tot_uptimes_duration: 201.2922400000043
