comms_cons: 3.5533951999906783
finished_reconf: true
global_termination_time: 17436.618
local_termination_time: 6002.662359999999
node_cons: 327.32161999999926
tot_aggregated_send: 0
tot_msg_rcv: 365
tot_msg_sent: 175
tot_reconf_duration: 4.390000000000001
tot_sleeping_duration: 17196.618
tot_uptimes: 5
tot_uptimes_duration: 240.0
