comms_cons: 3.0931519999872923
finished_reconf: true
global_termination_time: 12504.059
local_termination_time: 6536.595360000001
node_cons: 248.3939399999992
tot_aggregated_send: 0
tot_msg_rcv: 293
tot_msg_sent: 174
tot_reconf_duration: 5.43
tot_sleeping_duration: 12324.059
tot_uptimes: 4
tot_uptimes_duration: 180.0
