comms_cons: 777.3926081671958
finished_reconf: true
global_termination_time: 7800171.832
local_termination_time: 2828799.270759999
node_cons: 160456.92184781458
tot_aggregated_send: 108170
tot_msg_rcv: 3384
tot_msg_sent: 6602
tot_reconf_duration: 13.17
tot_sleeping_duration: 7680351.789440015
tot_uptimes: 1998
tot_uptimes_duration: 119820.04255998519
