comms_cons: 67.38416639893298
finished_reconf: true
global_termination_time: 657014.3972400001
local_termination_time: 94538.52735999998
node_cons: 13548.315374960363
tot_aggregated_send: 8584
tot_msg_rcv: 563
tot_msg_sent: 1094
tot_reconf_duration: 22.65
tot_sleeping_duration: 646919.1345999998
tot_uptimes: 169
tot_uptimes_duration: 10095.262640000248
