comms_cons: 66.01569279995229
finished_reconf: true
global_termination_time: 661730.018
local_termination_time: 420413.1865200004
node_cons: 13584.000121116847
tot_aggregated_send: 9338
tot_msg_rcv: 233
tot_msg_sent: 463
tot_reconf_duration: 4.8100000000000005
tot_sleeping_duration: 651590.0119200024
tot_uptimes: 170
tot_uptimes_duration: 10140.006079997635
