comms_cons: 65.02881279884085
finished_reconf: true
global_termination_time: 659274.285
local_termination_time: 279152.75024000095
node_cons: 13520.478594478118
tot_aggregated_send: 9338
tot_msg_rcv: 145
tot_msg_sent: 401
tot_reconf_duration: 11.31
tot_sleeping_duration: 649188.3106800015
tot_uptimes: 169
tot_uptimes_duration: 10085.974319998582
