comms_cons: 827.6168705241442
finished_reconf: true
global_termination_time: 8335022.813479997
local_termination_time: 8335022.813479997
node_cons: 171586.4888346984
tot_aggregated_send: 119770
tot_msg_rcv: 1982
tot_msg_sent: 4039
tot_reconf_duration: 37.410000000000004
tot_sleeping_duration: 8206915.505000008
tot_uptimes: 2135
tot_uptimes_duration: 128107.30847998853
