comms_cons: 824.0140993870582
finished_reconf: true
global_termination_time: 8335051.004
local_termination_time: 3588925.5399999996
node_cons: 171456.5787844624
tot_aggregated_send: 115246
tot_msg_rcv: 3267
tot_msg_sent: 6732
tot_reconf_duration: 8.09
tot_sleeping_duration: 8207010.979680008
tot_uptimes: 2135
tot_uptimes_duration: 128040.02431999147
