comms_cons: 834.5853570258637
finished_reconf: true
global_termination_time: 8337630.364
local_termination_time: 564452.1493599999
node_cons: 171530.1233111643
tot_aggregated_send: 116058
tot_msg_rcv: 3521
tot_msg_sent: 7270
tot_reconf_duration: 3.05
tot_sleeping_duration: 8209530.303200022
tot_uptimes: 2136
tot_uptimes_duration: 128100.06079997774
