comms_cons: 301.8721149781557
finished_reconf: true
global_termination_time: 1533268.301
local_termination_time: 1963.2064800000003
node_cons: 31501.734901121483
tot_aggregated_send: 0
tot_msg_rcv: 23144
tot_msg_sent: 22738
tot_reconf_duration: 6.22
tot_sleeping_duration: 1509748.2949199989
tot_uptimes: 393
tot_uptimes_duration: 23520.00608000107
