comms_cons: 151.76618879356835
finished_reconf: true
global_termination_time: 1532117.86712
local_termination_time: 4361.593
node_cons: 31523.429258792694
tot_aggregated_send: 21342
tot_msg_rcv: 497
tot_msg_sent: 1228
tot_reconf_duration: 5.43
tot_sleeping_duration: 1508580.8579200055
tot_uptimes: 393
tot_uptimes_duration: 23537.009199994507
