comms_cons: 121.17137918757379
finished_reconf: true
global_termination_time: 1178026.593
local_termination_time: 329399.44136
node_cons: 24190.917086710186
tot_aggregated_send: 15776
tot_msg_rcv: 954
tot_msg_sent: 1689
tot_reconf_duration: 6.279999999999999
tot_sleeping_duration: 1159966.5565200073
tot_uptimes: 302
tot_uptimes_duration: 18060.036479992676
