comms_cons: 117.66879999764366
finished_reconf: true
global_termination_time: 1177675.444
local_termination_time: 211537.6208000003
node_cons: 24280.564860000057
tot_aggregated_send: 16936
tot_msg_rcv: 380
tot_msg_sent: 568
tot_reconf_duration: 13.17
tot_sleeping_duration: 1159555.444
tot_uptimes: 302
tot_uptimes_duration: 18120.0
