comms_cons: 117.17617919392795
finished_reconf: true
global_termination_time: 1178268.661
local_termination_time: 553610.679879999
node_cons: 24198.500200000068
tot_aggregated_send: 16704
tot_msg_rcv: 363
tot_msg_sent: 743
tot_reconf_duration: 11.899999999999999
tot_sleeping_duration: 1160208.661
tot_uptimes: 302
tot_uptimes_duration: 18060.0
