comms_cons: 121.09823359088409
finished_reconf: true
global_termination_time: 1180261.787
local_termination_time: 58849.17060000002
node_cons: 24273.35654782706
tot_aggregated_send: 15834
tot_msg_rcv: 884
tot_msg_sent: 1687
tot_reconf_duration: 7.819999999999999
tot_sleeping_duration: 1162141.7444400096
tot_uptimes: 303
tot_uptimes_duration: 18120.04255999031
