comms_cons: 955.4889655998214
finished_reconf: true
global_termination_time: 2326570.806
local_termination_time: 769772.8549599997
node_cons: 140898.0162815155
tot_aggregated_send: 0
tot_msg_rcv: 58707
tot_msg_sent: 86520
tot_reconf_duration: 18.21
tot_sleeping_duration: 2221362.97396003
tot_uptimes: 1721
tot_uptimes_duration: 105207.83203997008
