comms_cons: 231.21345280311712
finished_reconf: true
global_termination_time: 2326175.00848
local_termination_time: 2326174.9673599997
node_cons: 47871.46936095254
tot_aggregated_send: 33266
tot_msg_rcv: 651
tot_msg_sent: 1226
tot_reconf_duration: 37.410000000000004
tot_sleeping_duration: 2290461.2918400047
tot_uptimes: 596
tot_uptimes_duration: 35713.71663999511
