comms_cons: 232.8971007908096
finished_reconf: true
global_termination_time: 2330515.286
local_termination_time: 400161.0153600001
node_cons: 47886.82263999942
tot_aggregated_send: 32944
tot_msg_rcv: 833
tot_msg_sent: 1622
tot_reconf_duration: 3.08
tot_sleeping_duration: 2294755.286
tot_uptimes: 597
tot_uptimes_duration: 35760.0
