comms_cons: 232.0287167917552
finished_reconf: true
global_termination_time: 2328906.568
local_termination_time: 1231726.2073599997
node_cons: 47903.15937999922
tot_aggregated_send: 33408
tot_msg_rcv: 713
tot_msg_sent: 1146
tot_reconf_duration: 15.110000000000001
tot_sleeping_duration: 2293146.568
tot_uptimes: 597
tot_uptimes_duration: 35760.0
