comms_cons: 239.18126078560172
finished_reconf: true
global_termination_time: 2326175.5092399893
local_termination_time: 159251.52412000092
node_cons: 47890.75049090498
tot_aggregated_send: 30624
tot_msg_rcv: 1940
tot_msg_sent: 3787
tot_reconf_duration: 11.31
tot_sleeping_duration: 2290420.92260003
tot_uptimes: 596
tot_uptimes_duration: 35754.586639959365
