comms_cons: 395.0485632166018
finished_reconf: true
global_termination_time: 4051277.693
local_termination_time: 2682077.617119999
node_cons: 83319.5302233488
tot_aggregated_send: 56550
tot_msg_rcv: 1123
tot_msg_sent: 2371
tot_reconf_duration: 5.1
tot_sleeping_duration: 3989057.674760007
tot_uptimes: 1038
tot_uptimes_duration: 62220.01823999314
