comms_cons: 395.6858496272113
finished_reconf: true
global_termination_time: 4047864.398
local_termination_time: 2673970.8473599995
node_cons: 83266.6299644659
tot_aggregated_send: 56376
tot_msg_rcv: 1287
tot_msg_sent: 2478
tot_reconf_duration: 25.299999999999997
tot_sleeping_duration: 3985704.3736800086
tot_uptimes: 1037
tot_uptimes_duration: 62160.02431999124
