comms_cons: 397.95011842849283
finished_reconf: true
global_termination_time: 4052869.152
local_termination_time: 2613665.833
node_cons: 83336.90298622315
tot_aggregated_send: 56427
tot_msg_rcv: 1325
tot_msg_sent: 2735
tot_reconf_duration: 13.17
tot_sleeping_duration: 3990644.343840011
tot_uptimes: 1038
tot_uptimes_duration: 62224.80815998907
