comms_cons: 387.60874882838533
finished_reconf: true
global_termination_time: 3920269.669
local_termination_time: 2545590.92636
node_cons: 80597.18019999785
tot_aggregated_send: 56434
tot_msg_rcv: 751
tot_msg_sent: 1729
tot_reconf_duration: 11.899999999999999
tot_sleeping_duration: 3860089.669
tot_uptimes: 1004
tot_uptimes_duration: 60180.0
