comms_cons: 55.25870080067553
finished_reconf: true
global_termination_time: 541854.156
local_termination_time: 129364.93343999986
node_cons: 11097.938784485732
tot_aggregated_send: 7076
tot_msg_rcv: 454
tot_msg_sent: 869
tot_reconf_duration: 8.09
tot_sleeping_duration: 533574.1316799957
tot_uptimes: 139
tot_uptimes_duration: 8280.024320004275
