comms_cons: 95.95105279981911
finished_reconf: true
global_termination_time: 974010.617
local_termination_time: 778163.1886399991
node_cons: 20008.801900000093
tot_aggregated_send: 13920
tot_msg_rcv: 246
tot_msg_sent: 418
tot_reconf_duration: 3.05
tot_sleeping_duration: 959070.617
tot_uptimes: 250
tot_uptimes_duration: 14940.0
