comms_cons: 9.151667199948994
finished_reconf: true
global_termination_time: 90606.49335999964
local_termination_time: 90590.16887999975
node_cons: 1952.5696410395267
tot_aggregated_send: 1334
tot_msg_rcv: 29
tot_msg_sent: 28
tot_reconf_duration: 18.21
tot_sleeping_duration: 89166.732
tot_uptimes: 24
tot_uptimes_duration: 1439.7613599996403
