comms_cons: 50.01570560053787
finished_reconf: true
global_termination_time: 490234.278
local_termination_time: 286876.80936
node_cons: 10060.409283362003
tot_aggregated_send: 6670
tot_msg_rcv: 360
tot_msg_sent: 573
tot_reconf_duration: 13.17
tot_sleeping_duration: 482734.25975999853
tot_uptimes: 126
tot_uptimes_duration: 7500.018240001504
