comms_cons: 159.20519681750795
finished_reconf: true
global_termination_time: 330845.7926000001
local_termination_time: 330845.7514800001
node_cons: 20020.140077997494
tot_aggregated_send: 0
tot_msg_rcv: 9782
tot_msg_sent: 14416
tot_reconf_duration: 24.59
tot_sleeping_duration: 315919.170600002
tot_uptimes: 246
tot_uptimes_duration: 14926.621999998099
