comms_cons: 81.22743039764096
finished_reconf: true
global_termination_time: 802869.669
local_termination_time: 423359.24048000004
node_cons: 16487.593001116835
tot_aggregated_send: 10846
tot_msg_rcv: 579
tot_msg_sent: 921
tot_reconf_duration: 13.17
tot_sleeping_duration: 790569.6629200024
tot_uptimes: 206
tot_uptimes_duration: 12300.006079997635
