comms_cons: 80.45703679444371
finished_reconf: true
global_termination_time: 798877.464
local_termination_time: 540804.6177599991
node_cons: 16395.908262233763
tot_aggregated_send: 11078
tot_msg_rcv: 399
tot_msg_sent: 752
tot_reconf_duration: 4.8100000000000005
tot_sleeping_duration: 786637.4518400048
tot_uptimes: 205
tot_uptimes_duration: 12240.012159995269
