comms_cons: 82.52424319940896
finished_reconf: true
global_termination_time: 799556.142
local_termination_time: 33560.32936000001
node_cons: 16393.53446448575
tot_aggregated_send: 10440
tot_msg_rcv: 705
tot_msg_sent: 1398
tot_reconf_duration: 3.05
tot_sleeping_duration: 787316.1176799957
tot_uptimes: 205
tot_uptimes_duration: 12240.024320004275
