comms_cons: 37.20600320036483
finished_reconf: true
global_termination_time: 361888.902
local_termination_time: 40360.592280000164
node_cons: 7398.876624480034
tot_aggregated_send: 4756
tot_msg_rcv: 319
tot_msg_sent: 581
tot_reconf_duration: 5.57
tot_sleeping_duration: 356368.87768
tot_uptimes: 93
tot_uptimes_duration: 5520.024320000019
