comms_cons: 37.048729600527835
finished_reconf: true
global_termination_time: 360858.467
local_termination_time: 5813.314240000004
node_cons: 7398.222082241731
tot_aggregated_send: 4698
tot_msg_rcv: 297
tot_msg_sent: 636
tot_reconf_duration: 5.1
tot_sleeping_duration: 355338.45483999874
tot_uptimes: 93
tot_uptimes_duration: 5520.012160001286
