comms_cons: 35.04739840043805
finished_reconf: true
global_termination_time: 359733.13912000053
local_termination_time: 233511.1447200006
node_cons: 7487.588279680741
tot_aggregated_send: 4872
tot_msg_rcv: 174
tot_msg_sent: 281
tot_reconf_duration: 15.110000000000001
tot_sleeping_duration: 354156.538
tot_uptimes: 93
tot_uptimes_duration: 5576.6011200005305
