comms_cons: 36.856678400832315
finished_reconf: true
global_termination_time: 361486.145
local_termination_time: 135178.877
node_cons: 7419.090477362514
tot_aggregated_send: 4928
tot_msg_rcv: 282
tot_msg_sent: 392
tot_reconf_duration: 18.700000000000003
tot_sleeping_duration: 355964.3407599982
tot_uptimes: 93
tot_uptimes_duration: 5521.80424000186
