comms_cons: 36.646144000656584
finished_reconf: true
global_termination_time: 359975.108
local_termination_time: 5819.171920000002
node_cons: 7406.647121121439
tot_aggregated_send: 4872
tot_msg_rcv: 243
tot_msg_sent: 455
tot_reconf_duration: 11.31
tot_sleeping_duration: 354455.10191999894
tot_uptimes: 93
tot_uptimes_duration: 5520.006080001069
