comms_cons: 619.1514629688378
finished_reconf: true
global_termination_time: 3145879.6765999976
local_termination_time: 1570.0870400000015
node_cons: 64718.99846951224
tot_aggregated_send: 0
tot_msg_rcv: 47421
tot_msg_sent: 46683
tot_reconf_duration: 18.21
tot_sleeping_duration: 3097564.314920002
tot_uptimes: 806
tot_uptimes_duration: 48315.3616799952
