comms_cons: 34.31482240139164
finished_reconf: true
global_termination_time: 266926.2601200009
local_termination_time: 266926.2601200009
node_cons: 5594.431172647832
tot_aggregated_send: 2178
tot_msg_rcv: 1182
tot_msg_sent: 1854
tot_reconf_duration: 37.410000000000004
tot_sleeping_duration: 262786.13435999514
tot_uptimes: 69
tot_uptimes_duration: 4140.125760005838
