comms_cons: 27.71816960005258
finished_reconf: true
global_termination_time: 268229.803
local_termination_time: 88340.94543999986
node_cons: 5481.0211422405855
tot_aggregated_send: 3538
tot_msg_rcv: 279
tot_msg_sent: 396
tot_reconf_duration: 13.17
tot_sleeping_duration: 264149.79083999956
tot_uptimes: 69
tot_uptimes_duration: 4080.012160000435
