comms_cons: 28.63267839996664
finished_reconf: true
global_termination_time: 270926.046
local_termination_time: 62558.96248000001
node_cons: 5558.3626644788865
tot_aggregated_send: 3538
tot_msg_rcv: 356
tot_msg_sent: 458
tot_reconf_duration: 10.95
tot_sleeping_duration: 266786.0216800008
tot_uptimes: 70
tot_uptimes_duration: 4140.024319999167
