comms_cons: 365.4350848414264
finished_reconf: true
global_termination_time: 3705090.696
local_termination_time: 1611911.559639998
node_cons: 76170.79932446609
tot_aggregated_send: 51214
tot_msg_rcv: 1424
tot_msg_sent: 2906
tot_reconf_duration: 6.22
tot_sleeping_duration: 3648210.671680009
tot_uptimes: 949
tot_uptimes_duration: 56880.024319991004
