comms_cons: 364.52814082245413
finished_reconf: true
global_termination_time: 3706987.284
local_termination_time: 1737950.9878399998
node_cons: 76258.05154446652
tot_aggregated_send: 50866
tot_msg_rcv: 1524
tot_msg_sent: 3016
tot_reconf_duration: 11.31
tot_sleeping_duration: 3650047.259680009
tot_uptimes: 950
tot_uptimes_duration: 56940.02431999124
