comms_cons: 184.52590082317928
finished_reconf: true
global_termination_time: 380704.7216000001
local_termination_time: 380704.6804800001
node_cons: 23208.51385359987
tot_aggregated_send: 0
tot_msg_rcv: 11321
tot_msg_sent: 16726
tot_reconf_duration: 24.59
tot_sleeping_duration: 363396.93920000026
tot_uptimes: 283
tot_uptimes_duration: 17307.78239999987
