comms_cons: 40.067328000143824
finished_reconf: true
global_termination_time: 386009.653
local_termination_time: 72127.50795999992
node_cons: 7891.2130011214385
tot_aggregated_send: 5046
tot_msg_rcv: 417
tot_msg_sent: 627
tot_reconf_duration: 13.17
tot_sleeping_duration: 380129.6469199989
tot_uptimes: 99
tot_uptimes_duration: 5880.006080001069
