comms_cons: 46.410304000214666
finished_reconf: true
global_termination_time: 469624.651
local_termination_time: 147205.9749600006
node_cons: 9649.32824000001
tot_aggregated_send: 6786
tot_msg_rcv: 99
tot_msg_sent: 169
tot_reconf_duration: 6.279999999999999
tot_sleeping_duration: 462424.651
tot_uptimes: 121
tot_uptimes_duration: 7200.0
