comms_cons: 46.19976960033508
finished_reconf: true
global_termination_time: 467927.818
local_termination_time: 192959.6226400004
node_cons: 9567.833939999997
tot_aggregated_send: 6670
tot_msg_rcv: 125
tot_msg_sent: 227
tot_reconf_duration: 5.43
tot_sleeping_duration: 460787.818
tot_uptimes: 120
tot_uptimes_duration: 7139.999999999996
