comms_cons: 2.1382399999929347
finished_reconf: true
global_termination_time: 10324.63548
local_termination_time: 10324.594360000001
node_cons: 212.42351872000063
tot_aggregated_send: 0
tot_msg_rcv: 211
tot_msg_sent: 113
tot_reconf_duration: 24.59
tot_sleeping_duration: 10190.931
tot_uptimes: 3
tot_uptimes_duration: 133.70448000000033
