comms_cons: 1.6447999999992966
finished_reconf: true
global_termination_time: 14983.872
local_termination_time: 5814.879360000001
node_cons: 248.5840599999984
tot_aggregated_send: 0
tot_msg_rcv: 136
tot_msg_sent: 114
tot_reconf_duration: 5.57
tot_sleeping_duration: 14803.872
tot_uptimes: 4
tot_uptimes_duration: 180.0
