comms_cons: 14.345132799866445
finished_reconf: true
global_termination_time: 126138.362
local_termination_time: 90279.92627999981
node_cons: 2591.7198611203066
tot_aggregated_send: 1218
tot_msg_rcv: 448
tot_msg_sent: 514
tot_reconf_duration: 15.34
tot_sleeping_duration: 124218.35591999978
tot_uptimes: 33
tot_uptimes_duration: 1920.0060800002175
