comms_cons: 252.76771823959243
finished_reconf: true
global_termination_time: 1272241.91272
local_termination_time: 1851.2923600000004
node_cons: 26157.254765912643
tot_aggregated_send: 0
tot_msg_rcv: 19554
tot_msg_sent: 18863
tot_reconf_duration: 18.21
tot_sleeping_duration: 1252725.4634400054
tot_uptimes: 326
tot_uptimes_duration: 19516.44927999448
