comms_cons: 126.80092159463833
finished_reconf: true
global_termination_time: 1275384.251
local_termination_time: 317748.62636000005
node_cons: 26198.404060000048
tot_aggregated_send: 18212
tot_msg_rcv: 370
tot_msg_sent: 691
tot_reconf_duration: 5.57
tot_sleeping_duration: 1255824.251
tot_uptimes: 327
tot_uptimes_duration: 19560.0
