comms_cons: 125.82062079737493
finished_reconf: true
global_termination_time: 1273406.261
local_termination_time: 396637.65400000004
node_cons: 26195.030781116897
tot_aggregated_send: 18501
tot_msg_rcv: 218
tot_msg_sent: 405
tot_reconf_duration: 3.08
tot_sleeping_duration: 1253846.2549200023
tot_uptimes: 327
tot_uptimes_duration: 19560.006079997635
