comms_cons: 125.5048191974861
finished_reconf: true
global_termination_time: 1272698.378
local_termination_time: 425762.14172000054
node_cons: 26123.292360000018
tot_aggregated_send: 18386
tot_msg_rcv: 234
tot_msg_sent: 456
tot_reconf_duration: 9.42
tot_sleeping_duration: 1253198.378
tot_uptimes: 326
tot_uptimes_duration: 19500.0
