comms_cons: 129.62767359105746
finished_reconf: true
global_termination_time: 1275419.121
local_termination_time: 220209.12636000005
node_cons: 26206.264108956548
tot_aggregated_send: 17284
tot_msg_rcv: 792
tot_msg_sent: 1628
tot_reconf_duration: 11.31
tot_sleeping_duration: 1255859.0723600027
tot_uptimes: 327
tot_uptimes_duration: 19560.048639997396
