comms_cons: 447.91189127889805
finished_reconf: true
global_termination_time: 4433788.03
local_termination_time: 1764219.8190000001
node_cons: 91297.03940558249
tot_aggregated_send: 61246
tot_msg_rcv: 2203
tot_msg_sent: 4630
tot_reconf_duration: 22.65
tot_sleeping_duration: 4365627.999600012
tot_uptimes: 1136
tot_uptimes_duration: 68160.03039998887
