comms_cons: 448.72741130018994
finished_reconf: true
global_termination_time: 4433764.454119988
local_termination_time: 90991.25987999972
node_cons: 91294.80788530342
tot_aggregated_send: 61306
tot_msg_rcv: 2428
tot_msg_sent: 4469
tot_reconf_duration: 25.299999999999997
tot_sleeping_duration: 4365608.777880028
tot_uptimes: 1136
tot_uptimes_duration: 68155.6762399596
