comms_cons: 443.6426624862055
finished_reconf: true
global_termination_time: 4434203.002
local_termination_time: 2010473.942
node_cons: 91214.18804372786
tot_aggregated_send: 61651
tot_msg_rcv: 1945
tot_msg_sent: 3835
tot_reconf_duration: 15.110000000000001
tot_sleeping_duration: 4366097.200160022
tot_uptimes: 1136
tot_uptimes_duration: 68105.80183997797
