comms_cons: 445.76579848720706
finished_reconf: true
global_termination_time: 4435160.432
local_termination_time: 2188961.9483600003
node_cons: 91211.32716446604
tot_aggregated_send: 62060
tot_msg_rcv: 1990
tot_msg_sent: 3704
tot_reconf_duration: 18.700000000000003
tot_sleeping_duration: 4367060.407680009
tot_uptimes: 1136
tot_uptimes_duration: 68100.02431999124
