comms_cons: 447.0951424738465
finished_reconf: true
global_termination_time: 4439504.151
local_termination_time: 3418089.574639998
node_cons: 91281.62299053966
tot_aggregated_send: 61944
tot_msg_rcv: 2070
tot_msg_sent: 3941
tot_reconf_duration: 10.95
tot_sleeping_duration: 4371343.767960013
tot_uptimes: 1137
tot_uptimes_duration: 68160.38303998695
