comms_cons: 449.0089280859956
finished_reconf: true
global_termination_time: 4434631.709
local_termination_time: 1671459.6783599998
node_cons: 91191.91046669932
tot_aggregated_send: 61016
tot_msg_rcv: 2410
tot_msg_sent: 4819
tot_reconf_duration: 4.390000000000001
tot_sleeping_duration: 4366531.6725200135
tot_uptimes: 1136
tot_uptimes_duration: 68100.0364799865
