comms_cons: 11.21807360013606
finished_reconf: true
global_termination_time: 73083.618
local_termination_time: 34277.77836000001
node_cons: 1454.6645222405818
tot_aggregated_send: 290
tot_msg_rcv: 655
tot_msg_sent: 761
tot_reconf_duration: 6.279999999999999
tot_sleeping_duration: 72003.60583999957
tot_uptimes: 19
tot_uptimes_duration: 1080.012160000435
