comms_cons: 11.89175040015834
finished_reconf: true
global_termination_time: 75598.975
local_termination_time: 35642.639600000104
node_cons: 1534.0403422394418
tot_aggregated_send: 290
tot_msg_rcv: 697
tot_msg_sent: 823
tot_reconf_duration: 5.57
tot_sleeping_duration: 74458.96284000041
tot_uptimes: 20
tot_uptimes_duration: 1140.0121599995837
