comms_cons: 9.62787840025079
finished_reconf: true
global_termination_time: 76845.733
local_termination_time: 42297.677360000016
node_cons: 1560.8336822405863
tot_aggregated_send: 348
tot_msg_rcv: 434
tot_msg_sent: 682
tot_reconf_duration: 25.299999999999997
tot_sleeping_duration: 75705.72083999956
tot_uptimes: 20
tot_uptimes_duration: 1140.012160000435
