comms_cons: 10.250022400086475
finished_reconf: true
global_termination_time: 72455.834
local_termination_time: 8315.351120000003
node_cons: 1464.04556560089
tot_aggregated_send: 290
tot_msg_rcv: 510
tot_msg_sent: 758
tot_reconf_duration: 13.17
tot_sleeping_duration: 71375.80359999934
tot_uptimes: 19
tot_uptimes_duration: 1080.0304000006636
