comms_cons: 9.823232000055956
finished_reconf: true
global_termination_time: 75546.796
local_termination_time: 20147.39736
node_cons: 1543.6522456008872
tot_aggregated_send: 232
tot_msg_rcv: 491
tot_msg_sent: 773
tot_reconf_duration: 12.629999999999999
tot_sleeping_duration: 74406.76559999933
tot_uptimes: 20
tot_uptimes_duration: 1140.0304000006654
