comms_cons: 11.44405120019276
finished_reconf: true
global_termination_time: 73182.638
local_termination_time: 24874.860440000004
node_cons: 1452.676403360593
tot_aggregated_send: 406
tot_msg_rcv: 683
tot_msg_sent: 650
tot_reconf_duration: 4.8100000000000005
tot_sleeping_duration: 72102.61975999956
tot_uptimes: 19
tot_uptimes_duration: 1080.0182400004414
