comms_cons: 9.820064000078546
finished_reconf: true
global_termination_time: 75493.12
local_termination_time: 39464.23292000006
node_cons: 1534.9311833605925
tot_aggregated_send: 522
tot_msg_rcv: 384
tot_msg_sent: 584
tot_reconf_duration: 6.22
tot_sleeping_duration: 74353.10175999955
tot_uptimes: 20
tot_uptimes_duration: 1140.0182400004414
