comms_cons: 2209.180388475616
finished_reconf: true
global_termination_time: 4570076.063519998
local_termination_time: 4570076.022399998
node_cons: 277233.5686425697
tot_aggregated_send: 0
tot_msg_rcv: 135779
tot_msg_sent: 200003
tot_reconf_duration: 37.410000000000004
tot_sleeping_duration: 4363068.770120017
tot_uptimes: 3399
tot_uptimes_duration: 207007.29339998128
