comms_cons: 901.763784222085
finished_reconf: true
global_termination_time: 4570076.663519996
local_termination_time: 2583.82948
node_cons: 94083.05349721658
tot_aggregated_send: 0
tot_msg_rcv: 69142
tot_msg_sent: 67916
tot_reconf_duration: 5.1
tot_sleeping_duration: 4499818.166360011
tot_uptimes: 1171
tot_uptimes_duration: 70258.49715998446
