comms_cons: 463.3832321278283
finished_reconf: true
global_termination_time: 4570783.632
local_termination_time: 1439458.5075999997
node_cons: 94010.64120669986
tot_aggregated_send: 63220
tot_msg_rcv: 2571
tot_msg_sent: 4640
tot_reconf_duration: 9.42
tot_sleeping_duration: 4500583.595520013
tot_uptimes: 1171
tot_uptimes_duration: 70200.03647998697
