comms_cons: 425.7616124971262
finished_reconf: true
global_termination_time: 2153560.158
local_termination_time: 369.27903999999944
node_cons: 44372.49059118858
tot_aggregated_send: 0
tot_msg_rcv: 32703
tot_msg_sent: 32008
tot_reconf_duration: 18.21
tot_sleeping_duration: 2120440.097200008
tot_uptimes: 552
tot_uptimes_duration: 33120.060799991814
