comms_cons: 213.87726079891303
finished_reconf: true
global_termination_time: 2154935.9
local_termination_time: 136231.91036000004
node_cons: 44288.179861120974
tot_aggregated_send: 31088
tot_msg_rcv: 563
tot_msg_sent: 857
tot_reconf_duration: 15.34
tot_sleeping_duration: 2121875.893919999
tot_uptimes: 552
tot_uptimes_duration: 33060.00608000107
