comms_cons: 31.87420159993287
finished_reconf: true
global_termination_time: 8029.160480000024
local_termination_time: 3596.3034800000023
node_cons: 3414.1937078000406
tot_aggregated_send: 0
tot_msg_rcv: 2517
tot_msg_sent: 2326
tot_reconf_duration: 18.21
tot_sleeping_duration: 5497.820279999994
tot_uptimes: 31
tot_uptimes_duration: 2531.3402000000297
