comms_cons: 1.3947903999975857
finished_reconf: true
global_termination_time: 9610.148
local_termination_time: 4907.312360000001
node_cons: 195.03740000000028
tot_aggregated_send: 0
tot_msg_rcv: 118
tot_msg_sent: 93
tot_reconf_duration: 25.299999999999997
tot_sleeping_duration: 9490.148
tot_uptimes: 3
tot_uptimes_duration: 120.00000000000003
