comms_cons: 83.24584959976583
finished_reconf: true
global_termination_time: 850369.091
local_termination_time: 287713.87936000054
node_cons: 17437.92190000009
tot_aggregated_send: 12354
tot_msg_rcv: 82
tot_msg_sent: 216
tot_reconf_duration: 3.05
tot_sleeping_duration: 837349.091
tot_uptimes: 218
tot_uptimes_duration: 13020.0
