comms_cons: 35.53425920010763
finished_reconf: true
global_termination_time: 364638.4230800002
local_termination_time: 139372.88636000006
node_cons: 7520.500767120344
tot_aggregated_send: 5278
tot_msg_rcv: 15
tot_msg_sent: 107
tot_reconf_duration: 18.700000000000003
tot_sleeping_duration: 359040.883
tot_uptimes: 94
tot_uptimes_duration: 5597.540080000239
