comms_cons: 511.83385610464785
finished_reconf: true
global_termination_time: 5080969.456
local_termination_time: 2787556.652639999
node_cons: 104553.11498223108
tot_aggregated_send: 70412
tot_msg_rcv: 2353
tot_msg_sent: 5033
tot_reconf_duration: 22.65
tot_sleeping_duration: 5002909.4438400045
tot_uptimes: 1302
tot_uptimes_duration: 78060.01215999573
