comms_cons: 999.2331286706049
finished_reconf: true
global_termination_time: 5079271.897599998
local_termination_time: 396.86347999999913
node_cons: 104470.19847845593
tot_aggregated_send: 0
tot_msg_rcv: 76458
tot_msg_sent: 75415
tot_reconf_duration: 5.57
tot_sleeping_duration: 5001256.487280014
tot_uptimes: 1301
tot_uptimes_duration: 78015.41031998431
