comms_cons: 513.6808257165981
finished_reconf: true
global_termination_time: 5080618.999
local_termination_time: 1364308.9713599999
node_cons: 104542.91636781553
tot_aggregated_send: 70760
tot_msg_rcv: 2624
tot_msg_sent: 4693
tot_reconf_duration: 15.110000000000001
tot_sleeping_duration: 5002558.956440016
tot_uptimes: 1302
tot_uptimes_duration: 78060.04255998414
