comms_cons: 509.71882250117386
finished_reconf: true
global_termination_time: 5082728.782
local_termination_time: 2287039.9983999985
node_cons: 104537.24266446484
tot_aggregated_send: 70818
tot_msg_rcv: 2018
tot_msg_sent: 4640
tot_reconf_duration: 10.95
tot_sleeping_duration: 5004668.757680008
tot_uptimes: 1302
tot_uptimes_duration: 78060.02431999124
