comms_cons: 503.5929600606824
finished_reconf: true
global_termination_time: 5079324.977
local_termination_time: 2335652.1433599996
node_cons: 104458.16019999681
tot_aggregated_send: 72790
tot_msg_rcv: 1154
tot_msg_sent: 2599
tot_reconf_duration: 11.899999999999999
tot_sleeping_duration: 5001324.977
tot_uptimes: 1301
tot_uptimes_duration: 78000.0
