comms_cons: 31.187648000554983
finished_reconf: true
global_termination_time: 307581.026
local_termination_time: 103644.22435999998
node_cons: 6273.91836336431
tot_aggregated_send: 4060
tot_msg_rcv: 218
tot_msg_sent: 462
tot_reconf_duration: 5.43
tot_sleeping_duration: 302901.0077599968
tot_uptimes: 79
tot_uptimes_duration: 4680.018240003206
