comms_cons: 123.62123519442348
finished_reconf: true
global_termination_time: 1235235.27
local_termination_time: 634569.4873599999
node_cons: 25395.911183350658
tot_aggregated_send: 16994
tot_msg_rcv: 629
tot_msg_sent: 1167
tot_reconf_duration: 6.22
tot_sleeping_duration: 1216275.251760007
tot_uptimes: 317
tot_uptimes_duration: 18960.018239992904
