comms_cons: 120.32761600066848
finished_reconf: true
global_termination_time: 1235644.338
local_termination_time: 823230.4963599999
node_cons: 25402.798979999956
tot_aggregated_send: 17516
tot_msg_rcv: 298
tot_msg_sent: 475
tot_reconf_duration: 11.31
tot_sleeping_duration: 1216684.338
tot_uptimes: 317
tot_uptimes_duration: 18960.0
