comms_cons: 33.20251519993514
finished_reconf: true
global_termination_time: 7927.696240000003
local_termination_time: 3397.754560000009
node_cons: 3551.7935254800104
tot_aggregated_send: 0
tot_msg_rcv: 2519
tot_msg_sent: 2526
tot_reconf_duration: 18.21
tot_sleeping_duration: 5293.5929199999955
tot_uptimes: 36
tot_uptimes_duration: 2634.1033200000074
