comms_cons: 1.4651391999987686
finished_reconf: true
global_termination_time: 9121.772
local_termination_time: 5201.42436
node_cons: 177.83154000000016
tot_aggregated_send: 0
tot_msg_rcv: 117
tot_msg_sent: 105
tot_reconf_duration: 12.629999999999999
tot_sleeping_duration: 9001.772
tot_uptimes: 3
tot_uptimes_duration: 120.0
