comms_cons: 1.5197951999974226
finished_reconf: true
global_termination_time: 9831.272
local_termination_time: 5863.269359999999
node_cons: 164.82189999999906
tot_aggregated_send: 0
tot_msg_rcv: 117
tot_msg_sent: 114
tot_reconf_duration: 3.05
tot_sleeping_duration: 9711.272
tot_uptimes: 3
tot_uptimes_duration: 120.00000000000003
