comms_cons: 0.7105535999976548
finished_reconf: true
global_termination_time: 7260.431999999999
local_termination_time: 3081.4043600000005
node_cons: 95.21010000000037
tot_aggregated_send: 0
tot_msg_rcv: 59
tot_msg_sent: 48
tot_reconf_duration: 10.95
tot_sleeping_duration: 7200.431999999999
tot_uptimes: 2
tot_uptimes_duration: 59.99999999999909
