comms_cons: 132.2916671927818
finished_reconf: true
global_termination_time: 1314021.9317199998
local_termination_time: 1314021.8905999998
node_cons: 27046.15876703854
tot_aggregated_send: 18154
tot_msg_rcv: 614
tot_msg_sent: 1338
tot_reconf_duration: 24.59
tot_sleeping_duration: 1293848.0963600008
tot_uptimes: 337
tot_uptimes_duration: 20173.83535999887
