comms_cons: 129.7819263979999
finished_reconf: true
global_termination_time: 1318845.125
local_termination_time: 709076.0933599999
node_cons: 27083.116381116914
tot_aggregated_send: 19140
tot_msg_rcv: 185
tot_msg_sent: 401
tot_reconf_duration: 6.279999999999999
tot_sleeping_duration: 1298625.1189200024
tot_uptimes: 338
tot_uptimes_duration: 20220.006079997635
