comms_cons: 130.46824959579547
finished_reconf: true
global_termination_time: 1316535.856
local_termination_time: 1114566.25736
node_cons: 27108.945541116937
tot_aggregated_send: 18908
tot_msg_rcv: 308
tot_msg_sent: 615
tot_reconf_duration: 25.299999999999997
tot_sleeping_duration: 1296315.8499200023
tot_uptimes: 338
tot_uptimes_duration: 20220.006079997635
