comms_cons: 135.92832638563033
finished_reconf: true
global_termination_time: 1319124.633
local_termination_time: 668872.7006799995
node_cons: 27081.15268558428
tot_aggregated_send: 17574
tot_msg_rcv: 1107
tot_msg_sent: 1979
tot_reconf_duration: 4.8100000000000005
tot_sleeping_duration: 1298904.6026000117
tot_uptimes: 338
tot_uptimes_duration: 20220.030399988173
