comms_cons: 135.6966271851486
finished_reconf: true
global_termination_time: 1317429.506
local_termination_time: 467607.08836000005
node_cons: 27085.248406701045
tot_aggregated_send: 17400
tot_msg_rcv: 1077
tot_msg_sent: 2149
tot_reconf_duration: 7.819999999999999
tot_sleeping_duration: 1297209.4695200142
tot_uptimes: 338
tot_uptimes_duration: 20220.036479985807
