comms_cons: 132.23001599317575
finished_reconf: true
global_termination_time: 1314060.085
local_termination_time: 708168.9363599999
node_cons: 27002.703042233825
tot_aggregated_send: 18270
tot_msg_rcv: 612
tot_msg_sent: 1217
tot_reconf_duration: 6.22
tot_sleeping_duration: 1293900.0728400047
tot_uptimes: 337
tot_uptimes_duration: 20160.01215999527
