comms_cons: 52.193420800594325
finished_reconf: true
global_termination_time: 507201.518
local_termination_time: 317634.89636000013
node_cons: 10448.358182242939
tot_aggregated_send: 6960
tot_msg_rcv: 392
tot_msg_sent: 582
tot_reconf_duration: 3.05
tot_sleeping_duration: 499401.50583999784
tot_uptimes: 130
tot_uptimes_duration: 7800.0121600021375
