comms_cons: 51.52829440127856
finished_reconf: true
global_termination_time: 509501.033
local_termination_time: 133326.25336000006
node_cons: 10459.567121121441
tot_aggregated_send: 6786
tot_msg_rcv: 356
tot_msg_sent: 690
tot_reconf_duration: 11.31
tot_sleeping_duration: 501701.0269199989
tot_uptimes: 131
tot_uptimes_duration: 7800.006080001069
