comms_cons: 320.3557502221522
finished_reconf: true
global_termination_time: 1103207.572
local_termination_time: 696164.9685999998
node_cons: 44842.65725499962
tot_aggregated_send: 0
tot_msg_rcv: 16354
tot_msg_sent: 32338
tot_reconf_duration: 13.17
tot_sleeping_duration: 1069731.267
tot_uptimes: 553
tot_uptimes_duration: 33476.30500000001
