comms_cons: 57.67156480361827
finished_reconf: true
global_termination_time: 484858.1597200001
local_termination_time: 484858.1186000001
node_cons: 10014.168319383629
tot_aggregated_send: 4350
tot_msg_rcv: 1526
tot_msg_sent: 2893
tot_reconf_duration: 24.59
tot_sleeping_duration: 477404.25747998245
tot_uptimes: 125
tot_uptimes_duration: 7453.902240017633
