comms_cons: 91.0936767973638
finished_reconf: true
global_termination_time: 913108.63
local_termination_time: 289822.44136000006
node_cons: 18725.768262242887
tot_aggregated_send: 12528
tot_msg_rcv: 442
tot_msg_sent: 875
tot_reconf_duration: 4.8100000000000005
tot_sleeping_duration: 899128.6178399979
tot_uptimes: 234
tot_uptimes_duration: 13980.012160002138
