comms_cons: 91.39912319757622
finished_reconf: true
global_termination_time: 916186.118
local_termination_time: 677927.3583199997
node_cons: 18803.70190000009
tot_aggregated_send: 12876
tot_msg_rcv: 366
tot_msg_sent: 650
tot_reconf_duration: 3.05
tot_sleeping_duration: 902146.118
tot_uptimes: 235
tot_uptimes_duration: 14040.0
