comms_cons: 92.06399999386672
finished_reconf: true
global_termination_time: 911315.0891200001
local_termination_time: 51895.68352000008
node_cons: 18749.376341913827
tot_aggregated_send: 12180
tot_msg_rcv: 594
tot_msg_sent: 1220
tot_reconf_duration: 6.22
tot_sleeping_duration: 897318.8758400048
tot_uptimes: 234
tot_uptimes_duration: 13996.213279995369
