comms_cons: 3.381708799995848
finished_reconf: true
global_termination_time: 17731.78
local_termination_time: 6287.008360000001
node_cons: 338.51968112000645
tot_aggregated_send: 0
tot_msg_rcv: 345
tot_msg_sent: 169
tot_reconf_duration: 12.629999999999999
tot_sleeping_duration: 17491.773919999992
tot_uptimes: 5
tot_uptimes_duration: 240.00608000000466
