comms_cons: 2.500095999993886
finished_reconf: true
global_termination_time: 18061.905
local_termination_time: 5986.19836
node_cons: 327.89198000000056
tot_aggregated_send: 0
tot_msg_rcv: 208
tot_msg_sent: 172
tot_reconf_duration: 4.8100000000000005
tot_sleeping_duration: 17821.905
tot_uptimes: 5
tot_uptimes_duration: 240.0
