comms_cons: 58.2448768007387
finished_reconf: true
global_termination_time: 580348.3334799999
local_termination_time: 58200.544600000016
node_cons: 11924.840819841354
tot_aggregated_send: 8120
tot_msg_rcv: 270
tot_msg_sent: 462
tot_reconf_duration: 11.31
tot_sleeping_duration: 571454.0229199989
tot_uptimes: 149
tot_uptimes_duration: 8894.310560001002
