comms_cons: 428.172121646079
finished_reconf: true
global_termination_time: 4318097.70848
local_termination_time: 4318097.667359999
node_cons: 88827.46794207222
tot_aggregated_send: 61930
tot_msg_rcv: 994
tot_msg_sent: 2155
tot_reconf_duration: 24.59
tot_sleeping_duration: 4251783.985760003
tot_uptimes: 1106
tot_uptimes_duration: 66313.72271999618
