comms_cons: 75.19367680025678
finished_reconf: true
global_termination_time: 756102.139
local_termination_time: 41750.85288000018
node_cons: 15509.78632335972
tot_aggregated_send: 10614
tot_msg_rcv: 231
tot_msg_sent: 584
tot_reconf_duration: 3.05
tot_sleeping_duration: 744522.1207600002
tot_uptimes: 194
tot_uptimes_duration: 11580.018239999772
