comms_cons: 76.17368320022416
finished_reconf: true
global_termination_time: 754435.504
local_termination_time: 202299.67036000002
node_cons: 15516.247701121425
tot_aggregated_send: 10324
tot_msg_rcv: 387
tot_msg_sent: 866
tot_reconf_duration: 7.819999999999999
tot_sleeping_duration: 742855.497919999
tot_uptimes: 194
tot_uptimes_duration: 11580.006080001069
