comms_cons: 76.49635840088985
finished_reconf: true
global_termination_time: 755761.801
local_termination_time: 218148.96436000004
node_cons: 15514.074901121456
tot_aggregated_send: 10266
tot_msg_rcv: 433
tot_msg_sent: 928
tot_reconf_duration: 6.22
tot_sleeping_duration: 744181.794919999
tot_uptimes: 194
tot_uptimes_duration: 11580.006080001069
