comms_cons: 245.21816944664826
finished_reconf: true
global_termination_time: 1231432.37
local_termination_time: 758.3073599999999
node_cons: 25331.86988558881
tot_aggregated_send: 0
tot_msg_rcv: 19002
tot_msg_sent: 18268
tot_reconf_duration: 18.21
tot_sleeping_duration: 1212532.3396000084
tot_uptimes: 316
tot_uptimes_duration: 18900.030399991614
