comms_cons: 77.73207040161826
finished_reconf: true
global_termination_time: 581301.9807199998
local_termination_time: 581301.9395999998
node_cons: 11959.921536638723
tot_aggregated_send: 3280
tot_msg_rcv: 3143
tot_msg_sent: 5394
tot_reconf_duration: 37.410000000000004
tot_sleeping_duration: 572407.9413199709
tot_uptimes: 149
tot_uptimes_duration: 8894.039400028909
