comms_cons: 387.32926723202775
finished_reconf: true
global_termination_time: 3837420.054
local_termination_time: 2332728.66736
node_cons: 78911.088527817
tot_aggregated_send: 53128
tot_msg_rcv: 1919
tot_msg_sent: 3826
tot_reconf_duration: 12.629999999999999
tot_sleeping_duration: 3778500.0114400154
tot_uptimes: 983
tot_uptimes_duration: 58920.04255998437
