comms_cons: 388.3729984715216
finished_reconf: true
global_termination_time: 3836737.458
local_termination_time: 1059264.23236
node_cons: 78904.55654781753
tot_aggregated_send: 53012
tot_msg_rcv: 2071
tot_msg_sent: 3947
tot_reconf_duration: 7.819999999999999
tot_sleeping_duration: 3777817.4154400155
tot_uptimes: 983
tot_uptimes_duration: 58920.042559984606
