comms_cons: 69.90462719977634
finished_reconf: true
global_termination_time: 693717.0234799999
local_termination_time: 693716.9823599999
node_cons: 14271.93980096268
tot_aggregated_send: 9672
tot_msg_rcv: 363
tot_msg_sent: 590
tot_reconf_duration: 24.59
tot_sleeping_duration: 683083.3068399979
tot_uptimes: 178
tot_uptimes_duration: 10633.716640001978
