comms_cons: 69.12436479761915
finished_reconf: true
global_termination_time: 694581.513
local_termination_time: 145144.77536000006
node_cons: 14250.938700000012
tot_aggregated_send: 9744
tot_msg_rcv: 259
tot_msg_sent: 503
tot_reconf_duration: 22.65
tot_sleeping_duration: 683961.513
tot_uptimes: 178
tot_uptimes_duration: 10620.0
