comms_cons: 336.5786495394714
finished_reconf: true
global_termination_time: 694317.24
local_termination_time: 361139.7896
node_cons: 42364.62439136378
tot_aggregated_send: 0
tot_msg_rcv: 20590
tot_msg_sent: 30568
tot_reconf_duration: 4.390000000000001
tot_sleeping_duration: 662682.6897599968
tot_uptimes: 518
tot_uptimes_duration: 31634.550240003126
