comms_cons: 77.77416321031556
finished_reconf: true
global_termination_time: 407633.7832400003
local_termination_time: 88289.06727999952
node_cons: 8423.483920481873
tot_aggregated_send: 0
tot_msg_rcv: 5972
tot_msg_sent: 5848
tot_reconf_duration: 18.21
tot_sleeping_duration: 401361.3749199989
tot_uptimes: 105
tot_uptimes_duration: 6272.408320001385
