comms_cons: 78.55969920958364
finished_reconf: true
global_termination_time: 408646.18
local_termination_time: 84869.9874399996
node_cons: 8361.900121121398
tot_aggregated_send: 0
tot_msg_rcv: 6077
tot_msg_sent: 5862
tot_reconf_duration: 4.8100000000000005
tot_sleeping_duration: 402406.1739199989
tot_uptimes: 105
tot_uptimes_duration: 6240.00608000104
