comms_cons: 259.79944960000074
finished_reconf: true
global_termination_time: 2807986.826
local_termination_time: 6308.439
node_cons: 57866.541579998964
tot_aggregated_send: 39482
tot_msg_rcv: 3
tot_msg_sent: 3
tot_reconf_duration: 16.009999999999998
tot_sleeping_duration: 2764786.826
tot_uptimes: 720
tot_uptimes_duration: 43200.0
