comms_cons: 49.3045248005543
finished_reconf: true
global_termination_time: 494932.271
local_termination_time: 243878.89224000092
node_cons: 10162.10311448267
tot_aggregated_send: 7018
tot_msg_rcv: 191
tot_msg_sent: 285
tot_reconf_duration: 18.21
tot_sleeping_duration: 487361.416679998
tot_uptimes: 127
tot_uptimes_duration: 7570.854320001992
