comms_cons: 49.969024000331984
finished_reconf: true
global_termination_time: 495321.002
local_termination_time: 53254.97448000001
node_cons: 10129.388262242872
tot_aggregated_send: 6786
tot_msg_rcv: 289
tot_msg_sent: 520
tot_reconf_duration: 4.8100000000000005
tot_sleeping_duration: 487760.98983999784
tot_uptimes: 127
tot_uptimes_duration: 7560.0121600021375
