comms_cons: 97.24618241404842
finished_reconf: true
global_termination_time: 494510.6890400004
local_termination_time: 2445.0563600000005
node_cons: 10164.432444560554
tot_aggregated_send: 0
tot_msg_rcv: 7451
tot_msg_sent: 7328
tot_reconf_duration: 3.05
tot_sleeping_duration: 486922.72
tot_uptimes: 127
tot_uptimes_duration: 7587.969040000404
