comms_cons: 49.666380800603854
finished_reconf: true
global_termination_time: 494510.79136000015
local_termination_time: 13289.0456
node_cons: 10155.279261283109
tot_aggregated_send: 6844
tot_msg_rcv: 241
tot_msg_sent: 464
tot_reconf_duration: 7.819999999999999
tot_sleeping_duration: 486934.49583999783
tot_uptimes: 127
tot_uptimes_duration: 7576.295520002313
