comms_cons: 49.2035584005366
finished_reconf: true
global_termination_time: 495429.882
local_termination_time: 199844.28736000005
node_cons: 10131.294901121446
tot_aggregated_send: 6960
tot_msg_rcv: 171
tot_msg_sent: 347
tot_reconf_duration: 6.22
tot_sleeping_duration: 487869.8759199989
tot_uptimes: 127
tot_uptimes_duration: 7560.006080001069
