comms_cons: 48.8439808001272
finished_reconf: true
global_termination_time: 496810.339
local_termination_time: 402306.07336000004
node_cons: 10218.53898000001
tot_aggregated_send: 7250
tot_msg_rcv: 67
tot_msg_sent: 107
tot_reconf_duration: 11.31
tot_sleeping_duration: 489190.339
tot_uptimes: 128
tot_uptimes_duration: 7620.0
