comms_cons: 1.5395327999990984
finished_reconf: true
global_termination_time: 8856.045240000003
local_termination_time: 6139.79236
node_cons: 188.97372936000517
tot_aggregated_send: 0
tot_msg_rcv: 120
tot_msg_sent: 114
tot_reconf_duration: 4.8100000000000005
tot_sleeping_duration: 8719.793
tot_uptimes: 3
tot_uptimes_duration: 136.25224000000344
