comms_cons: 109.41175040784712
finished_reconf: true
global_termination_time: 657971.959
local_termination_time: 166126.89836000005
node_cons: 13505.656381121447
tot_aggregated_send: 0
tot_msg_rcv: 8394
tot_msg_sent: 8237
tot_reconf_duration: 6.279999999999999
tot_sleeping_duration: 647891.9529199989
tot_uptimes: 169
tot_uptimes_duration: 10080.006080001069
