comms_cons: 65.64950400191613
finished_reconf: true
global_termination_time: 659635.254
local_termination_time: 96199.86763999947
node_cons: 13501.310746728586
tot_aggregated_send: 8236
tot_msg_rcv: 571
tot_msg_sent: 1171
tot_reconf_duration: 3.05
tot_sleeping_duration: 649555.2175199935
tot_uptimes: 169
tot_uptimes_duration: 10080.036480006413
