comms_cons: 689.2742209492509
finished_reconf: true
global_termination_time: 6899458.399
local_termination_time: 2586348.5822399994
node_cons: 141889.03336893252
tot_aggregated_send: 95468
tot_msg_rcv: 3079
tot_msg_sent: 6217
tot_reconf_duration: 6.279999999999999
tot_sleeping_duration: 6793498.350360017
tot_uptimes: 1767
tot_uptimes_duration: 105960.0486399827
