comms_cons: 675.1400576572677
finished_reconf: true
global_termination_time: 6899395.513
local_termination_time: 5156108.22636
node_cons: 141896.60019999457
tot_aggregated_send: 98774
tot_msg_rcv: 1283
tot_msg_sent: 2559
tot_reconf_duration: 11.899999999999999
tot_sleeping_duration: 6793435.513
tot_uptimes: 1767
tot_uptimes_duration: 105960.0
