comms_cons: 692.0171841337643
finished_reconf: true
global_termination_time: 6897713.431
local_termination_time: 313053.92336
node_cons: 141886.4748900532
tot_aggregated_send: 96338
tot_msg_rcv: 3008
tot_msg_sent: 5834
tot_reconf_duration: 4.390000000000001
tot_sleeping_duration: 6791753.376280016
tot_uptimes: 1767
tot_uptimes_duration: 105960.05471998354
