comms_cons: 690.9311169604803
finished_reconf: true
global_termination_time: 6900628.84
local_termination_time: 506288.02136
node_cons: 141969.29188893118
tot_aggregated_send: 95874
tot_msg_rcv: 3103
tot_msg_sent: 6042
tot_reconf_duration: 6.22
tot_sleeping_duration: 6794608.791360018
tot_uptimes: 1768
tot_uptimes_duration: 106020.04863998201
