comms_cons: 868.878668970756
finished_reconf: true
global_termination_time: 8776776.734
local_termination_time: 3290553.686639998
node_cons: 180545.34218941917
tot_aggregated_send: 123134
tot_msg_rcv: 3012
tot_msg_sent: 5920
tot_reconf_duration: 13.17
tot_sleeping_duration: 8641954.13704001
tot_uptimes: 2248
tot_uptimes_duration: 134822.59695998929
