comms_cons: 879.852697848655
finished_reconf: true
global_termination_time: 8776217.788
local_termination_time: 657184.6613599999
node_cons: 180530.01489004702
tot_aggregated_send: 121684
tot_msg_rcv: 3985
tot_msg_sent: 8062
tot_reconf_duration: 4.390000000000001
tot_sleeping_duration: 8641397.733280022
tot_uptimes: 2248
tot_uptimes_duration: 134820.0547199801
