comms_cons: 881.7774274729956
finished_reconf: true
global_termination_time: 8774900.088
local_termination_time: 2848795.18436
node_cons: 180531.40278669642
tot_aggregated_send: 120930
tot_msg_rcv: 4505
tot_msg_sent: 8590
tot_reconf_duration: 5.43
tot_sleeping_duration: 8640080.051520012
tot_uptimes: 2248
tot_uptimes_duration: 134820.03647998697
