comms_cons: 224.5012607807568
finished_reconf: true
global_termination_time: 2221104.652
local_termination_time: 523816.4797200001
node_cons: 45657.93873228927
tot_aggregated_send: 30450
tot_msg_rcv: 1247
tot_msg_sent: 2425
tot_reconf_duration: 18.21
tot_sleeping_duration: 2187024.5851200223
tot_uptimes: 569
tot_uptimes_duration: 34080.066879977414
