comms_cons: 226.3652095734542
finished_reconf: true
global_termination_time: 2218191.819
local_termination_time: 426562.32236000005
node_cons: 45664.00895787345
tot_aggregated_send: 29522
tot_msg_rcv: 1713
tot_msg_sent: 3173
tot_reconf_duration: 22.65
tot_sleeping_duration: 2184111.7217200343
tot_uptimes: 569
tot_uptimes_duration: 34080.09727996559
