comms_cons: 225.60734717463006
finished_reconf: true
global_termination_time: 2218467.497
local_termination_time: 1183521.6744799998
node_cons: 45640.76547116792
tot_aggregated_send: 29522
tot_msg_rcv: 1520
tot_msg_sent: 3249
tot_reconf_duration: 5.57
tot_sleeping_duration: 2184387.4362000236
tot_uptimes: 569
tot_uptimes_duration: 34080.060799976345
