comms_cons: 219.56764159202928
finished_reconf: true
global_termination_time: 2221030.42
local_termination_time: 974796.1612799983
node_cons: 45651.00485999955
tot_aggregated_send: 31726
tot_msg_rcv: 555
tot_msg_sent: 1092
tot_reconf_duration: 13.17
tot_sleeping_duration: 2186950.42
tot_uptimes: 569
tot_uptimes_duration: 34080.0
