comms_cons: 219.9360767905317
finished_reconf: true
global_termination_time: 2221124.337
local_termination_time: 1508586.6759999993
node_cons: 45647.99009999975
tot_aggregated_send: 31900
tot_msg_rcv: 495
tot_msg_sent: 1034
tot_reconf_duration: 10.95
tot_sleeping_duration: 2187044.337
tot_uptimes: 569
tot_uptimes_duration: 34080.0
