comms_cons: 226.45157757754612
finished_reconf: true
global_termination_time: 2216821.253239997
local_termination_time: 86588.88211999947
node_cons: 45591.22591082745
tot_aggregated_send: 29406
tot_msg_rcv: 1626
tot_msg_sent: 3386
tot_reconf_duration: 11.31
tot_sleeping_duration: 2182784.0113200364
tot_uptimes: 568
tot_uptimes_duration: 34037.24191996112
