comms_cons: 224.33279997715897
finished_reconf: true
global_termination_time: 2216923.463
local_termination_time: 1139743.69136
node_cons: 45573.668707817444
tot_aggregated_send: 29696
tot_msg_rcv: 1384
tot_msg_sent: 3017
tot_reconf_duration: 15.34
tot_sleeping_duration: 2182903.420440017
tot_uptimes: 568
tot_uptimes_duration: 34020.04255998344
