comms_cons: 187.21656958367026
finished_reconf: true
global_termination_time: 1859427.914
local_termination_time: 1261983.9960799997
node_cons: 38250.39266335035
tot_aggregated_send: 25520
tot_msg_rcv: 958
tot_msg_sent: 1977
tot_reconf_duration: 6.279999999999999
tot_sleeping_duration: 1830867.8957600072
tot_uptimes: 477
tot_uptimes_duration: 28560.018239992904
