comms_cons: 184.99935999083522
finished_reconf: true
global_termination_time: 1861868.067
local_termination_time: 100382.20603999955
node_cons: 38259.773706705404
tot_aggregated_send: 26390
tot_msg_rcv: 513
tot_msg_sent: 1215
tot_reconf_duration: 13.17
tot_sleeping_duration: 1833308.030520011
tot_uptimes: 477
tot_uptimes_duration: 28560.03647998924
