comms_cons: 712.047077888816
finished_reconf: true
global_termination_time: 1859518.48
local_termination_time: 1283987.9035999998
node_cons: 113196.94574562756
tot_aggregated_send: 0
tot_msg_rcv: 43612
tot_msg_sent: 64615
tot_reconf_duration: 6.22
tot_sleeping_duration: 1774986.3672400068
tot_uptimes: 1389
tot_uptimes_duration: 84532.11275999321
