comms_cons: 165.2760831915825
finished_reconf: true
global_termination_time: 1683653.681
local_termination_time: 1034974.7863599999
node_cons: 34632.509761116824
tot_aggregated_send: 23374
tot_msg_rcv: 628
tot_msg_sent: 1119
tot_reconf_duration: 4.390000000000001
tot_sleeping_duration: 1657793.6749200025
tot_uptimes: 432
tot_uptimes_duration: 25860.006079997635
