comms_cons: 252.68263683720284
finished_reconf: true
global_termination_time: 521265.637
local_termination_time: 314851.319
node_cons: 31748.424192888448
tot_aggregated_send: 0
tot_msg_rcv: 15527
tot_msg_sent: 22880
tot_reconf_duration: 18.21
tot_sleeping_duration: 497573.5570799937
tot_uptimes: 388
tot_uptimes_duration: 23692.079920006247
