comms_cons: 52.765811200716875
finished_reconf: true
global_termination_time: 520379.7211600004
local_termination_time: 56566.719480000014
node_cons: 10731.180505362
tot_aggregated_send: 7076
tot_msg_rcv: 287
tot_msg_sent: 657
tot_reconf_duration: 6.22
tot_sleeping_duration: 512371.70491999894
tot_uptimes: 134
tot_uptimes_duration: 8008.0162400014815
