comms_cons: 48.30511360358524
finished_reconf: true
global_termination_time: 329346.063
local_termination_time: 4646.65172
node_cons: 6755.108262238311
tot_aggregated_send: 0
tot_msg_rcv: 3739
tot_msg_sent: 3604
tot_reconf_duration: 4.8100000000000005
tot_sleeping_duration: 324306.0508400013
tot_uptimes: 85
tot_uptimes_duration: 5040.012159998732
