comms_cons: 32.74467840039434
finished_reconf: true
global_termination_time: 328882.03
local_termination_time: 87270.01195999965
node_cons: 6759.179560000017
tot_aggregated_send: 4292
tot_msg_rcv: 157
tot_msg_sent: 528
tot_reconf_duration: 7.819999999999999
tot_sleeping_duration: 323842.03
tot_uptimes: 85
tot_uptimes_duration: 5040.0
