comms_cons: 2.993535999996294
finished_reconf: true
global_termination_time: 13797.023
local_termination_time: 5660.687360000001
node_cons: 258.17154000000016
tot_aggregated_send: 0
tot_msg_rcv: 291
tot_msg_sent: 163
tot_reconf_duration: 12.629999999999999
tot_sleeping_duration: 13617.023
tot_uptimes: 4
tot_uptimes_duration: 180.0
