comms_cons: 2.9469119999893687
finished_reconf: true
global_termination_time: 14332.468
local_termination_time: 5638.53436
node_cons: 255.89009999999976
tot_aggregated_send: 0
tot_msg_rcv: 281
tot_msg_sent: 166
tot_reconf_duration: 10.95
tot_sleeping_duration: 14152.468
tot_uptimes: 4
tot_uptimes_duration: 180.0
