comms_cons: 2.296140799996597
finished_reconf: true
global_termination_time: 17650.679
local_termination_time: 7010.301360000001
node_cons: 329.8882400000009
tot_aggregated_send: 0
tot_msg_rcv: 178
tot_msg_sent: 171
tot_reconf_duration: 6.279999999999999
tot_sleeping_duration: 17410.679
tot_uptimes: 5
tot_uptimes_duration: 240.0
