comms_cons: 1.493478399999287
finished_reconf: true
global_termination_time: 17946.429
local_termination_time: 4524.784360000001
node_cons: 339.24486000000013
tot_aggregated_send: 0
tot_msg_rcv: 121
tot_msg_sent: 106
tot_reconf_duration: 13.17
tot_sleeping_duration: 17706.429
tot_uptimes: 5
tot_uptimes_duration: 240.0
