comms_cons: 2.315878399996568
finished_reconf: true
global_termination_time: 17119.819
local_termination_time: 4235.61336
node_cons: 325.5426399999999
tot_aggregated_send: 0
tot_msg_rcv: 178
tot_msg_sent: 174
tot_reconf_duration: 3.08
tot_sleeping_duration: 16879.819
tot_uptimes: 5
tot_uptimes_duration: 240.0
