comms_cons: 2.2764031999951144
finished_reconf: true
global_termination_time: 15903.308
local_termination_time: 4441.47436
node_cons: 334.15236000000016
tot_aggregated_send: 0
tot_msg_rcv: 178
tot_msg_sent: 168
tot_reconf_duration: 9.42
tot_sleeping_duration: 15663.308
tot_uptimes: 5
tot_uptimes_duration: 240.0
