comms_cons: 411.65252481946504
finished_reconf: true
global_termination_time: 4159911.404
local_termination_time: 2921804.9053599997
node_cons: 85569.04208223187
tot_aggregated_send: 58058
tot_msg_rcv: 1551
tot_msg_sent: 2960
tot_reconf_duration: 5.1
tot_sleeping_duration: 4096011.391840005
tot_uptimes: 1066
tot_uptimes_duration: 63900.0121599955
