comms_cons: 277.10932480957183
finished_reconf: true
global_termination_time: 2809513.057
local_termination_time: 7382.251
node_cons: 57860.756465583756
tot_aggregated_send: 39312
tot_msg_rcv: 932
tot_msg_sent: 1875
tot_reconf_duration: 11.719999999999999
tot_sleeping_duration: 2766313.026600011
tot_uptimes: 720
tot_uptimes_duration: 43200.03039998864
