comms_cons: 276.2978624350827
finished_reconf: true
global_termination_time: 2808859.039
local_termination_time: 4718.759
node_cons: 57859.16760558407
tot_aggregated_send: 38559
tot_msg_rcv: 1202
tot_msg_sent: 2234
tot_reconf_duration: 10.55
tot_sleeping_duration: 2765659.008600011
tot_uptimes: 720
tot_uptimes_duration: 43200.03039998887
