comms_cons: 270.40716802694203
finished_reconf: true
global_termination_time: 2809324.991
local_termination_time: 6629.293
node_cons: 57849.95222446724
tot_aggregated_send: 38333
tot_msg_rcv: 962
tot_msg_sent: 1805
tot_reconf_duration: 3.77
tot_sleeping_duration: 2766124.966680009
tot_uptimes: 720
tot_uptimes_duration: 43200.02431999124
