comms_cons: 34.83686400039626
finished_reconf: true
global_termination_time: 340628.435
local_termination_time: 14426.927480000002
node_cons: 7020.3387000000075
tot_aggregated_send: 4640
tot_msg_rcv: 265
tot_msg_sent: 390
tot_reconf_duration: 22.65
tot_sleeping_duration: 335408.435
tot_uptimes: 88
tot_uptimes_duration: 5220.0
