comms_cons: 124.59291520946752
finished_reconf: true
global_termination_time: 259567.0426000001
local_termination_time: 259567.0014800001
node_cons: 15692.458603002162
tot_aggregated_send: 0
tot_msg_rcv: 7648
tot_msg_sent: 11289
tot_reconf_duration: 24.59
tot_sleeping_duration: 247872.4455999985
tot_uptimes: 192
tot_uptimes_duration: 11694.59700000159
