comms_cons: 218.81394559406328
finished_reconf: true
global_termination_time: 2209551.88
local_termination_time: 328750.1393600001
node_cons: 45403.08621999954
tot_aggregated_send: 31842
tot_msg_rcv: 513
tot_msg_sent: 902
tot_reconf_duration: 8.09
tot_sleeping_duration: 2175651.88
tot_uptimes: 566
tot_uptimes_duration: 33900.0
