comms_cons: 218.62536958652342
finished_reconf: true
global_termination_time: 2211294.758
local_termination_time: 121882.84243999986
node_cons: 45479.037108938755
tot_aggregated_send: 30798
tot_msg_rcv: 766
tot_msg_sent: 1666
tot_reconf_duration: 4.8100000000000005
tot_sleeping_duration: 2177334.709360015
tot_uptimes: 567
tot_uptimes_duration: 33960.04863998451
