comms_cons: 225.3637311864394
finished_reconf: true
global_termination_time: 2208267.032
local_termination_time: 602485.2691999995
node_cons: 45399.53092782184
tot_aggregated_send: 29986
tot_msg_rcv: 1476
tot_msg_sent: 2792
tot_reconf_duration: 5.43
tot_sleeping_duration: 2174366.989440013
tot_uptimes: 566
tot_uptimes_duration: 33900.042559986876
