comms_cons: 624.0365499416764
finished_reconf: true
global_termination_time: 2150043.717
local_termination_time: 1189192.8864799999
node_cons: 87303.25846599754
tot_aggregated_send: 0
tot_msg_rcv: 31883
tot_msg_sent: 62967
tot_reconf_duration: 18.21
tot_sleeping_duration: 2084861.8430000003
tot_uptimes: 1074
tot_uptimes_duration: 65181.87399999988
