comms_cons: 214.42437758380962
finished_reconf: true
global_termination_time: 2150494.767
local_termination_time: 527699.7662399979
node_cons: 44221.28449229135
tot_aggregated_send: 29812
tot_msg_rcv: 893
tot_msg_sent: 1886
tot_reconf_duration: 15.34
tot_sleeping_duration: 2117484.7201200207
tot_uptimes: 551
tot_uptimes_duration: 33010.04687997897
