comms_cons: 61.8801664031009
finished_reconf: true
global_termination_time: 520274.06524000014
local_termination_time: 121871.06535999998
node_cons: 10729.131158422224
tot_aggregated_send: 4930
tot_msg_rcv: 1728
tot_msg_sent: 2750
tot_reconf_duration: 18.21
tot_sleeping_duration: 512279.73963998357
tot_uptimes: 134
tot_uptimes_duration: 7994.325600016586
