comms_cons: 52.620441601235555
finished_reconf: true
global_termination_time: 521630.393
local_termination_time: 379099.36636
node_cons: 10691.197902242815
tot_aggregated_send: 7076
tot_msg_rcv: 286
tot_msg_sent: 636
tot_reconf_duration: 4.390000000000001
tot_sleeping_duration: 513650.38083999784
tot_uptimes: 134
tot_uptimes_duration: 7980.0121600021375
