comms_cons: 53.86391040122974
finished_reconf: true
global_termination_time: 526271.862
local_termination_time: 133401.759
node_cons: 10778.495195123458
tot_aggregated_send: 6841
tot_msg_rcv: 467
tot_msg_sent: 879
tot_reconf_duration: 6.22
tot_sleeping_duration: 518228.50991999736
tot_uptimes: 135
tot_uptimes_duration: 8043.352080002587
