comms_cons: 178.09033598858184
finished_reconf: true
global_termination_time: 1808596.343
local_termination_time: 463465.5313600001
node_cons: 37228.21940558881
tot_aggregated_send: 24070
tot_msg_rcv: 1091
tot_msg_sent: 1907
tot_reconf_duration: 22.65
tot_sleeping_duration: 1780816.3126000084
tot_uptimes: 464
tot_uptimes_duration: 27780.030399991723
