comms_cons: 180.55361278943232
finished_reconf: true
global_termination_time: 1808163.192
local_termination_time: 277967.37948000006
node_cons: 37204.01710894831
tot_aggregated_send: 23838
tot_msg_rcv: 1330
tot_msg_sent: 2276
tot_reconf_duration: 4.8100000000000005
tot_sleeping_duration: 1780383.1433600087
tot_uptimes: 464
tot_uptimes_duration: 27780.04863999138
