comms_cons: 177.32259839845264
finished_reconf: true
global_termination_time: 1808042.633
local_termination_time: 463478.0744800001
node_cons: 37201.56189999993
tot_aggregated_send: 25868
tot_msg_rcv: 356
tot_msg_sent: 728
tot_reconf_duration: 3.05
tot_sleeping_duration: 1780262.633
tot_uptimes: 464
tot_uptimes_duration: 27780.0
