comms_cons: 255.55586560731692
finished_reconf: true
global_termination_time: 2531517.303
local_termination_time: 1358181.1849599986
node_cons: 52091.086841115924
tot_aggregated_send: 35206
tot_msg_rcv: 1277
tot_msg_sent: 2360
tot_reconf_duration: 22.65
tot_sleeping_duration: 2492637.296920002
tot_uptimes: 649
tot_uptimes_duration: 38880.006079997635
