comms_cons: 249.2266752020085
finished_reconf: true
global_termination_time: 2529682.436
local_termination_time: 1984382.3056799984
node_cons: 51997.86485999912
tot_aggregated_send: 36656
tot_msg_rcv: 367
tot_msg_sent: 858
tot_reconf_duration: 13.17
tot_sleeping_duration: 2490862.436
tot_uptimes: 648
tot_uptimes_duration: 38820.0
