comms_cons: 498.54928003085
finished_reconf: true
global_termination_time: 2530808.159
local_termination_time: 3185.9783600000005
node_cons: 52068.81560670544
tot_aggregated_send: 0
tot_msg_rcv: 38185
tot_msg_sent: 37589
tot_reconf_duration: 6.22
tot_sleeping_duration: 2491928.12252001
tot_uptimes: 649
tot_uptimes_duration: 38880.03647998971
