comms_cons: 53.805324800508544
finished_reconf: true
global_termination_time: 554024.44
local_termination_time: 231989.39136000007
node_cons: 11333.901620000035
tot_aggregated_send: 7424
tot_msg_rcv: 230
tot_msg_sent: 525
tot_reconf_duration: 4.390000000000001
tot_sleeping_duration: 545564.44
tot_uptimes: 142
tot_uptimes_duration: 8460.0
