comms_cons: 72.77911039939346
finished_reconf: true
global_termination_time: 725700.832
local_termination_time: 358859.3260400007
node_cons: 14868.877902238224
tot_aggregated_send: 10150
tot_msg_rcv: 333
tot_msg_sent: 579
tot_reconf_duration: 4.390000000000001
tot_sleeping_duration: 714600.8198400013
tot_uptimes: 186
tot_uptimes_duration: 11100.012159998703
