comms_cons: 73.27912960140914
finished_reconf: true
global_termination_time: 726604.394
local_termination_time: 277454.93036000006
node_cons: 14950.622081121443
tot_aggregated_send: 9744
tot_msg_rcv: 564
tot_msg_sent: 830
tot_reconf_duration: 5.43
tot_sleeping_duration: 715444.3879199988
tot_uptimes: 187
tot_uptimes_duration: 11160.006080001069
