comms_cons: 397.26009566531206
finished_reconf: true
global_termination_time: 2009019.21
local_termination_time: 2358.3423600000006
node_cons: 41303.23932446701
tot_aggregated_send: 0
tot_msg_rcv: 30562
tot_msg_sent: 29816
tot_reconf_duration: 6.22
tot_sleeping_duration: 1978179.1856800094
tot_uptimes: 515
tot_uptimes_duration: 30840.024319990538
