comms_cons: 972.2088439762324
finished_reconf: true
global_termination_time: 2007995.1995999997
local_termination_time: 2007995.1584799998
node_cons: 122178.38661482264
tot_aggregated_send: 0
tot_msg_rcv: 59631
tot_msg_sent: 88138
tot_reconf_duration: 24.59
tot_sleeping_duration: 1916774.14404001
tot_uptimes: 1497
tot_uptimes_duration: 91221.0555599897
