comms_cons: 81.98261119797142
finished_reconf: true
global_termination_time: 815108.804
local_termination_time: 564027.5564799998
node_cons: 16718.292201116783
tot_aggregated_send: 11194
tot_msg_rcv: 400
tot_msg_sent: 866
tot_reconf_duration: 5.57
tot_sleeping_duration: 802628.7979200024
tot_uptimes: 209
tot_uptimes_duration: 12480.006079997635
