comms_cons: 81.20048639863249
finished_reconf: true
global_termination_time: 814906.816
local_termination_time: 726409.5523199986
node_cons: 16728.61300112151
tot_aggregated_send: 11368
tot_msg_rcv: 344
tot_msg_sent: 630
tot_reconf_duration: 13.17
tot_sleeping_duration: 802426.809919999
tot_uptimes: 209
tot_uptimes_duration: 12480.006080001069
