comms_cons: 84.06867199538539
finished_reconf: true
global_termination_time: 810777.9681200001
local_termination_time: 25172.4946
node_cons: 16656.296645274706
tot_aggregated_send: 10382
tot_msg_rcv: 810
tot_msg_sent: 1585
tot_reconf_duration: 3.08
tot_sleeping_duration: 798341.736600004
tot_uptimes: 208
tot_uptimes_duration: 12436.231519996029
