comms_cons: 82.66106879454905
finished_reconf: true
global_termination_time: 813497.109
local_termination_time: 52325.81640000017
node_cons: 16727.895963353985
tot_aggregated_send: 11136
tot_msg_rcv: 506
tot_msg_sent: 922
tot_reconf_duration: 12.629999999999999
tot_sleeping_duration: 801017.0907600046
tot_uptimes: 209
tot_uptimes_duration: 12480.018239995487
