comms_cons: 168.9817087365081
finished_reconf: true
global_termination_time: 858104.038
local_termination_time: 2628.62636
node_cons: 17619.189180000027
tot_aggregated_send: 0
tot_msg_rcv: 12991
tot_msg_sent: 12695
tot_reconf_duration: 18.21
tot_sleeping_duration: 844964.038
tot_uptimes: 220
tot_uptimes_duration: 13140.0
