comms_cons: 84.39042559899323
finished_reconf: true
global_termination_time: 857592.101
local_termination_time: 522392.2223600001
node_cons: 17602.03220111687
tot_aggregated_send: 12122
tot_msg_rcv: 229
tot_msg_sent: 475
tot_reconf_duration: 5.57
tot_sleeping_duration: 844452.0949200024
tot_uptimes: 220
tot_uptimes_duration: 13140.006079997635
