comms_cons: 83.91361919833588
finished_reconf: true
global_termination_time: 854818.756
local_termination_time: 401007.0001200009
node_cons: 17521.062082233657
tot_aggregated_send: 11484
tot_msg_rcv: 390
tot_msg_sent: 882
tot_reconf_duration: 5.1
tot_sleeping_duration: 841738.7438400048
tot_uptimes: 219
tot_uptimes_duration: 13080.012159995269
