comms_cons: 84.67007359700742
finished_reconf: true
global_termination_time: 858553.153
local_termination_time: 290151.22536000004
node_cons: 17605.128406714823
tot_aggregated_send: 11252
tot_msg_rcv: 447
tot_msg_sent: 1170
tot_reconf_duration: 7.819999999999999
tot_sleeping_duration: 845413.1165200039
tot_uptimes: 220
tot_uptimes_duration: 13140.03647999611
