comms_cons: 103.08255999946364
finished_reconf: true
global_termination_time: 1052350.467
local_termination_time: 363283.19636000006
node_cons: 21622.087701121472
tot_aggregated_send: 15080
tot_msg_rcv: 186
tot_msg_sent: 401
tot_reconf_duration: 7.819999999999999
tot_sleeping_duration: 1036210.4609199989
tot_uptimes: 270
tot_uptimes_duration: 16140.006080001069
