comms_cons: 40.3718528014036
finished_reconf: true
global_termination_time: 202574.51720000015
local_termination_time: 202574.47608000014
node_cons: 4176.024145160788
tot_aggregated_send: 0
tot_msg_rcv: 3146
tot_msg_sent: 2989
tot_reconf_duration: 24.59
tot_sleeping_duration: 199480.69275999957
tot_uptimes: 52
tot_uptimes_duration: 3093.824440000578
