comms_cons: 21.36543360041034
finished_reconf: true
global_termination_time: 206521.647
local_termination_time: 43361.02584000012
node_cons: 4188.3077011200085
tot_aggregated_send: 2610
tot_msg_rcv: 236
tot_msg_sent: 401
tot_reconf_duration: 7.819999999999999
tot_sleeping_duration: 203401.64091999998
tot_uptimes: 53
tot_uptimes_duration: 3120.0060800000047
