comms_cons: 82.48593921050836
finished_reconf: true
global_termination_time: 386004.63672000007
local_termination_time: 386004.59560000006
node_cons: 7925.279472657605
tot_aggregated_send: 0
tot_msg_rcv: 6812
tot_msg_sent: 5727
tot_reconf_duration: 24.59
tot_sleeping_duration: 380110.77095998696
tot_uptimes: 99
tot_uptimes_duration: 5893.865760013134
