comms_cons: 38.1659392000418
finished_reconf: true
global_termination_time: 389474.945
local_termination_time: 7130.351400000004
node_cons: 7960.1919800000105
tot_aggregated_send: 5568
tot_msg_rcv: 62
tot_msg_sent: 171
tot_reconf_duration: 4.8100000000000005
tot_sleeping_duration: 383534.945
tot_uptimes: 100
tot_uptimes_duration: 5940.0
