comms_cons: 84.44611199738588
finished_reconf: true
global_termination_time: 832801.85124
local_termination_time: 141983.14136000007
node_cons: 17138.011841602925
tot_aggregated_send: 11484
tot_msg_rcv: 506
tot_msg_sent: 844
tot_reconf_duration: 4.8100000000000005
tot_sleeping_duration: 820007.6168399978
tot_uptimes: 214
tot_uptimes_duration: 12794.23440000217
