comms_cons: 360.3362048015852
finished_reconf: true
global_termination_time: 3655340.009
local_termination_time: 2625563.3833600003
node_cons: 75205.81220111577
tot_aggregated_send: 51040
tot_msg_rcv: 1176
tot_msg_sent: 2553
tot_reconf_duration: 5.57
tot_sleeping_duration: 3599180.002920002
tot_uptimes: 937
tot_uptimes_duration: 56160.00607999787
