comms_cons: 359.7248256055393
finished_reconf: true
global_termination_time: 3654756.192
local_termination_time: 2653863.9843599983
node_cons: 75152.26554111512
tot_aggregated_send: 50170
tot_msg_rcv: 1491
tot_msg_sent: 3014
tot_reconf_duration: 25.299999999999997
tot_sleeping_duration: 3598656.185920002
tot_uptimes: 936
tot_uptimes_duration: 56100.00607999787
