comms_cons: 365.84250883788616
finished_reconf: true
global_termination_time: 3655188.785
local_termination_time: 673703.1743999983
node_cons: 75204.22604334904
tot_aggregated_send: 51446
tot_msg_rcv: 1446
tot_msg_sent: 2713
tot_reconf_duration: 4.390000000000001
tot_sleeping_duration: 3599028.766760007
tot_uptimes: 937
tot_uptimes_duration: 56160.01823999314
