comms_cons: 363.5468544284328
finished_reconf: true
global_termination_time: 3657282.776
local_termination_time: 1091657.0741199988
node_cons: 75202.4144644656
tot_aggregated_send: 51504
tot_msg_rcv: 1252
tot_msg_sent: 2501
tot_reconf_duration: 3.05
tot_sleeping_duration: 3601122.751680009
tot_uptimes: 937
tot_uptimes_duration: 56160.02431999077
