comms_cons: 91.32364800028824
finished_reconf: true
global_termination_time: 929936.546
local_termination_time: 789323.0864399995
node_cons: 19145.6817444857
tot_aggregated_send: 13050
tot_msg_rcv: 287
tot_msg_sent: 543
tot_reconf_duration: 18.21
tot_sleeping_duration: 915656.5216799957
tot_uptimes: 239
tot_uptimes_duration: 14280.024320004275
