comms_cons: 91.28072959895559
finished_reconf: true
global_termination_time: 931423.074
local_termination_time: 283219.93700000003
node_cons: 19163.101548320883
tot_aggregated_send: 12700
tot_msg_rcv: 390
tot_msg_sent: 784
tot_reconf_duration: 22.65
tot_sleeping_duration: 917134.5431199993
tot_uptimes: 239
tot_uptimes_duration: 14288.530880000617
