comms_cons: 96.47738879767647
finished_reconf: true
global_termination_time: 929993.759
local_termination_time: 2653.453200000001
node_cons: 19132.003913452598
tot_aggregated_send: 12122
tot_msg_rcv: 854
tot_msg_sent: 1688
tot_reconf_duration: 8.09
tot_sleeping_duration: 915713.6860399905
tot_uptimes: 239
tot_uptimes_duration: 14280.072960009391
