comms_cons: 95.58284799418234
finished_reconf: true
global_termination_time: 931180.479
local_termination_time: 159047.30336000005
node_cons: 19138.112245607186
tot_aggregated_send: 12470
tot_msg_rcv: 728
tot_msg_sent: 1332
tot_reconf_duration: 12.629999999999999
tot_sleeping_duration: 916900.4485999948
tot_uptimes: 239
tot_uptimes_duration: 14280.030400005344
