comms_cons: 141.32967679045953
finished_reconf: true
global_termination_time: 1403895.7084799998
local_termination_time: 1403895.6673599998
node_cons: 28911.261925425435
tot_aggregated_send: 19578
tot_msg_rcv: 666
tot_msg_sent: 1240
tot_reconf_duration: 37.410000000000004
tot_sleeping_duration: 1382341.9675200107
tot_uptimes: 360
tot_uptimes_duration: 21553.74095998908
