comms_cons: 139.5586175940633
finished_reconf: true
global_termination_time: 1404174.465
local_termination_time: 848242.7189999999
node_cons: 28885.344282717062
tot_aggregated_send: 20066
tot_msg_rcv: 393
tot_msg_sent: 754
tot_reconf_duration: 18.700000000000003
tot_sleeping_duration: 1382621.1045200024
tot_uptimes: 360
tot_uptimes_duration: 21553.36047999782
