comms_cons: 143.32129278656296
finished_reconf: true
global_termination_time: 1405492.027
local_termination_time: 141723.54236000008
node_cons: 28848.119313420444
tot_aggregated_send: 18966
tot_msg_rcv: 951
tot_msg_sent: 1867
tot_reconf_duration: 4.390000000000001
tot_sleeping_duration: 1383951.9540400147
tot_uptimes: 360
tot_uptimes_duration: 21540.07295998535
