comms_cons: 1.8553343999984548
finished_reconf: true
global_termination_time: 14276.478240000008
local_termination_time: 6026.040480000001
node_cons: 307.7010193600115
tot_aggregated_send: 0
tot_msg_rcv: 157
tot_msg_sent: 124
tot_reconf_duration: 13.17
tot_sleeping_duration: 14060.035999999998
tot_uptimes: 4
tot_uptimes_duration: 216.4422400000076
