comms_cons: 274.0592512050044
finished_reconf: true
global_termination_time: 2809642.091
local_termination_time: 6671.887
node_cons: 57874.257722236114
tot_aggregated_send: 39941
tot_msg_rcv: 495
tot_msg_sent: 1219
tot_reconf_duration: 21.68
tot_sleeping_duration: 2766442.078840002
tot_uptimes: 720
tot_uptimes_duration: 43200.012159997874
