comms_cons: 280.942860820237
finished_reconf: true
global_termination_time: 2808708.883
local_termination_time: 4369.624
node_cons: 57879.298623610885
tot_aggregated_send: 38835
tot_msg_rcv: 1342
tot_msg_sent: 2524
tot_reconf_duration: 25.35
tot_sleeping_duration: 2765508.8282400207
tot_uptimes: 720
tot_uptimes_duration: 43200.054759979015
