comms_cons: 284.39150082640396
finished_reconf: false
global_termination_time: 2810139.419
local_termination_time: 0
node_cons: 57899.99738229211
tot_aggregated_send: 38743
tot_msg_rcv: 1493
tot_msg_sent: 2990
tot_reconf_duration: 40.59
tot_sleeping_duration: 2766939.36212002
tot_uptimes: 720
tot_uptimes_duration: 43200.05687997979
