comms_cons: 92.42750719613171
finished_reconf: true
global_termination_time: 915884.185
local_termination_time: 567636.2283599998
node_cons: 18820.391719999985
tot_aggregated_send: 12354
tot_msg_rcv: 546
tot_msg_sent: 1148
tot_reconf_duration: 15.34
tot_sleeping_duration: 901844.185
tot_uptimes: 235
tot_uptimes_duration: 14040.0
