comms_cons: 89.99750399846863
finished_reconf: true
global_termination_time: 916668.832
local_termination_time: 567842.28
node_cons: 18808.020293990576
tot_aggregated_send: 12524
tot_msg_rcv: 339
tot_msg_sent: 816
tot_reconf_duration: 5.1
tot_sleeping_duration: 902627.6860000071
tot_uptimes: 235
tot_uptimes_duration: 14041.145999992965
