comms_cons: 93.73448959755528
finished_reconf: true
global_termination_time: 915770.701
local_termination_time: 563979.3457999984
node_cons: 18810.562502233646
tot_aggregated_send: 12296
tot_msg_rcv: 677
tot_msg_sent: 1274
tot_reconf_duration: 8.09
tot_sleeping_duration: 901730.6888400047
tot_uptimes: 235
tot_uptimes_duration: 14040.012159995269
