comms_cons: 91.45150719715906
finished_reconf: true
global_termination_time: 915539.702
local_termination_time: 549006.2435999998
node_cons: 18815.720200000058
tot_aggregated_send: 12818
tot_msg_rcv: 366
tot_msg_sent: 716
tot_reconf_duration: 11.899999999999999
tot_sleeping_duration: 901499.702
tot_uptimes: 235
tot_uptimes_duration: 14040.0
