comms_cons: 91.35939840008727
finished_reconf: true
global_termination_time: 915297.577
local_termination_time: 107104.20707999963
node_cons: 18806.124544483468
tot_aggregated_send: 12586
tot_msg_rcv: 485
tot_msg_sent: 815
tot_reconf_duration: 4.8100000000000005
tot_sleeping_duration: 901257.5526799975
tot_uptimes: 235
tot_uptimes_duration: 14040.024320002572
