comms_cons: 93.76080639289958
finished_reconf: true
global_termination_time: 916654.522
local_termination_time: 137110.84736000004
node_cons: 18814.959685588783
tot_aggregated_send: 12180
tot_msg_rcv: 787
tot_msg_sent: 1284
tot_reconf_duration: 11.31
tot_sleeping_duration: 902614.4916000083
tot_uptimes: 235
tot_uptimes_duration: 14040.030399991607
