comms_cons: 270.2821440117924
finished_reconf: true
global_termination_time: 2663437.494
local_termination_time: 968735.7363599999
node_cons: 54812.76870781688
tot_aggregated_send: 36540
tot_msg_rcv: 1529
tot_msg_sent: 3011
tot_reconf_duration: 15.34
tot_sleeping_duration: 2622517.4514400167
tot_uptimes: 683
tot_uptimes_duration: 40920.04255998344
