comms_cons: 268.28937600609027
finished_reconf: true
global_termination_time: 2662517.981
local_termination_time: 976457.0854799999
node_cons: 54720.10894558361
tot_aggregated_send: 36888
tot_msg_rcv: 1276
tot_msg_sent: 2614
tot_reconf_duration: 6.279999999999999
tot_sleeping_duration: 2621657.9506000117
tot_uptimes: 682
tot_uptimes_duration: 40860.030399988405
