comms_cons: 266.78781440131917
finished_reconf: true
global_termination_time: 2661557.143
local_termination_time: 1217089.0468799982
node_cons: 54768.41541655059
tot_aggregated_send: 37352
tot_msg_rcv: 1055
tot_msg_sent: 2144
tot_reconf_duration: 25.299999999999997
tot_sleeping_duration: 2620680.3259600066
tot_uptimes: 682
tot_uptimes_duration: 40876.81703999359
