comms_cons: 49.89475199986071
finished_reconf: true
global_termination_time: 13412.296360000006
local_termination_time: 3007.9596000000065
node_cons: 6223.132214720104
tot_aggregated_send: 0
tot_msg_rcv: 3901
tot_msg_sent: 3682
tot_reconf_duration: 18.21
tot_sleeping_duration: 8783.167879999934
tot_uptimes: 67
tot_uptimes_duration: 4629.128480000073
