comms_cons: 55.01527040053232
finished_reconf: true
global_termination_time: 541674.4878399987
local_termination_time: 541674.4467199987
node_cons: 11178.10467424176
tot_aggregated_send: 7410
tot_msg_rcv: 323
tot_msg_sent: 621
tot_reconf_duration: 24.59
tot_sleeping_duration: 533351.3276799974
tot_uptimes: 139
tot_uptimes_duration: 8323.160160001295
