comms_cons: 45.96887040071482
finished_reconf: true
global_termination_time: 478797.956
local_termination_time: 283703.4013600001
node_cons: 9832.246841121476
tot_aggregated_send: 6438
tot_msg_rcv: 160
tot_msg_sent: 389
tot_reconf_duration: 22.65
tot_sleeping_duration: 471477.94991999894
tot_uptimes: 123
tot_uptimes_duration: 7320.006080001069
