comms_cons: 45.85702400025108
finished_reconf: true
global_termination_time: 475236.037
local_termination_time: 147478.34436000005
node_cons: 9731.759559999982
tot_aggregated_send: 6496
tot_msg_rcv: 179
tot_msg_sent: 295
tot_reconf_duration: 7.819999999999999
tot_sleeping_duration: 467976.037
tot_uptimes: 122
tot_uptimes_duration: 7260.0
