comms_cons: 46.19256320036076
finished_reconf: true
global_termination_time: 474169.406
local_termination_time: 157403.42036000005
node_cons: 9729.594901121443
tot_aggregated_send: 6438
tot_msg_rcv: 234
tot_msg_sent: 349
tot_reconf_duration: 6.22
tot_sleeping_duration: 466909.39991999895
tot_uptimes: 122
tot_uptimes_duration: 7260.006080001069
