comms_cons: 14.888729600089134
finished_reconf: true
global_termination_time: 147072.43048000007
local_termination_time: 147072.38936000006
node_cons: 3024.3316598404026
tot_aggregated_send: 1958
tot_msg_rcv: 123
tot_msg_sent: 181
tot_reconf_duration: 24.59
tot_sleeping_duration: 144838.71991999977
tot_uptimes: 38
tot_uptimes_duration: 2233.7105600002906
