comms_cons: 185.55024638302558
finished_reconf: true
global_termination_time: 1838116.0155999998
local_termination_time: 1838115.9744799999
node_cons: 37829.1302551647
tot_aggregated_send: 25378
tot_msg_rcv: 944
tot_msg_sent: 1880
tot_reconf_duration: 37.410000000000004
tot_sleeping_duration: 1809902.178800026
tot_uptimes: 471
tot_uptimes_duration: 28213.83679997376
