comms_cons: 189.79801597476666
finished_reconf: true
global_termination_time: 1842415.082
local_termination_time: 837597.0643599998
node_cons: 37847.5790689344
tot_aggregated_send: 24534
tot_msg_rcv: 1523
tot_msg_sent: 2791
tot_reconf_duration: 5.43
tot_sleeping_duration: 1814155.0333600189
tot_uptimes: 472
tot_uptimes_duration: 28260.048639981076
