comms_cons: 44.166169600188645
finished_reconf: true
global_termination_time: 447565.078
local_termination_time: 281483.8324800005
node_cons: 9167.28823999997
tot_aggregated_send: 6380
tot_msg_rcv: 106
tot_msg_sent: 227
tot_reconf_duration: 6.279999999999999
tot_sleeping_duration: 440725.078
tot_uptimes: 115
tot_uptimes_duration: 6840.0
