comms_cons: 45.89054720055467
finished_reconf: true
global_termination_time: 448526.048
local_termination_time: 66750.52459999996
node_cons: 9174.143403364322
tot_aggregated_send: 5916
tot_msg_rcv: 370
tot_msg_sent: 689
tot_reconf_duration: 11.31
tot_sleeping_duration: 441686.0297599968
tot_uptimes: 115
tot_uptimes_duration: 6840.018240003206
