comms_cons: 97.38719999369235
finished_reconf: true
global_termination_time: 940110.8391199999
local_termination_time: 940110.798
node_cons: 19346.62028199277
tot_aggregated_send: 11864
tot_msg_rcv: 881
tot_msg_sent: 2059
tot_reconf_duration: 37.41
tot_sleeping_duration: 925700.2211200054
tot_uptimes: 241
tot_uptimes_duration: 14410.617999994574
