comms_cons: 97.12935679000931
finished_reconf: true
global_termination_time: 941215.661
local_termination_time: 69263.04271999992
node_cons: 19376.858946705615
tot_aggregated_send: 12528
tot_msg_rcv: 788
tot_msg_sent: 1448
tot_reconf_duration: 10.95
tot_sleeping_duration: 926755.6245200108
tot_uptimes: 242
tot_uptimes_duration: 14460.036479989241
