comms_cons: 92.62197759470278
finished_reconf: true
global_termination_time: 941384.068
local_termination_time: 774697.6013599999
node_cons: 19367.917902233716
tot_aggregated_send: 13050
tot_msg_rcv: 316
tot_msg_sent: 712
tot_reconf_duration: 4.390000000000001
tot_sleeping_duration: 926924.0558400047
tot_uptimes: 242
tot_uptimes_duration: 14460.01215999527
