comms_cons: 81.91887359944701
finished_reconf: true
global_termination_time: 827322.219
local_termination_time: 25388.15836
node_cons: 16982.506841121456
tot_aggregated_send: 11832
tot_msg_rcv: 234
tot_msg_sent: 385
tot_reconf_duration: 22.65
tot_sleeping_duration: 814662.212919999
tot_uptimes: 212
tot_uptimes_duration: 12660.006080001069
