comms_cons: 81.48339199757216
finished_reconf: true
global_termination_time: 825568.597
local_termination_time: 44137.41372000002
node_cons: 16964.532360000023
tot_aggregated_send: 11890
tot_msg_rcv: 155
tot_msg_sent: 340
tot_reconf_duration: 9.42
tot_sleeping_duration: 812908.597
tot_uptimes: 212
tot_uptimes_duration: 12660.0
