comms_cons: 81.27348480022596
finished_reconf: true
global_termination_time: 825098.52
local_termination_time: 38703.07336000001
node_cons: 16962.359560000023
tot_aggregated_send: 11948
tot_msg_rcv: 122
tot_msg_sent: 283
tot_reconf_duration: 7.819999999999999
tot_sleeping_duration: 812438.52
tot_uptimes: 212
tot_uptimes_duration: 12660.0
