comms_cons: 25.00392320026347
finished_reconf: true
global_termination_time: 253076.337
local_termination_time: 23494.42008
node_cons: 5166.489180000003
tot_aggregated_send: 3538
tot_msg_rcv: 105
tot_msg_sent: 157
tot_reconf_duration: 18.21
tot_sleeping_duration: 249236.337
tot_uptimes: 65
tot_uptimes_duration: 3840.0
