comms_cons: 123.10930559513115
finished_reconf: true
global_termination_time: 1251678.484
local_termination_time: 536287.2081599993
node_cons: 25717.24676000016
tot_aggregated_send: 17110
tot_msg_rcv: 486
tot_msg_sent: 1116
tot_reconf_duration: 6.22
tot_sleeping_duration: 1232478.484
tot_uptimes: 321
tot_uptimes_duration: 19200.0
