comms_cons: 135.96776318642856
finished_reconf: true
global_termination_time: 1362507.037
local_termination_time: 292305.49912000087
node_cons: 27966.945933415784
tot_aggregated_send: 17458
tot_msg_rcv: 1027
tot_msg_sent: 2180
tot_reconf_duration: 6.279999999999999
tot_sleeping_duration: 1341626.9640400182
tot_uptimes: 349
tot_uptimes_duration: 20880.072959981917
