comms_cons: 134.65998718998736
finished_reconf: true
global_termination_time: 1365641.409
local_termination_time: 491355.16024000046
node_cons: 28051.08836781785
tot_aggregated_send: 18038
tot_msg_rcv: 801
tot_msg_sent: 1629
tot_reconf_duration: 9.11
tot_sleeping_duration: 1344701.3664400165
tot_uptimes: 350
tot_uptimes_duration: 20940.04255998344
