comms_cons: 137.233555189813
finished_reconf: true
global_termination_time: 1363031.253
local_termination_time: 299590.34864000045
node_cons: 28069.491970056166
tot_aggregated_send: 18560
tot_msg_rcv: 723
tot_msg_sent: 1576
tot_reconf_duration: 22.65
tot_sleeping_duration: 1342091.198280018
tot_uptimes: 350
tot_uptimes_duration: 20940.054719982145
