comms_cons: 135.18650879453696
finished_reconf: true
global_termination_time: 1363355.108
local_termination_time: 714658.2053599998
node_cons: 28064.08716447191
tot_aggregated_send: 18734
tot_msg_rcv: 660
tot_msg_sent: 1152
tot_reconf_duration: 18.700000000000003
tot_sleeping_duration: 1342415.083680006
tot_uptimes: 350
tot_uptimes_duration: 20940.024319993972
