comms_cons: 136.6834751878875
finished_reconf: true
global_termination_time: 1364135.018
local_termination_time: 345792.46848000004
node_cons: 28054.075967817866
tot_aggregated_send: 17284
tot_msg_rcv: 1187
tot_msg_sent: 2304
tot_reconf_duration: 11.31
tot_sleeping_duration: 1343194.9754400165
tot_uptimes: 350
tot_uptimes_duration: 20940.04255998344
