comms_cons: 15.195135999987668
finished_reconf: true
global_termination_time: 3565.6506400000044
local_termination_time: 3565.6095200000045
node_cons: 1637.4958739600067
tot_aggregated_send: 0
tot_msg_rcv: 1141
tot_msg_sent: 1166
tot_reconf_duration: 37.410000000000004
tot_sleeping_duration: 2380.667
tot_uptimes: 16
tot_uptimes_duration: 1184.9836400000045
