comms_cons: 2.197452799994832
finished_reconf: true
global_termination_time: 16573.364
local_termination_time: 4562.942360000001
node_cons: 352.1187000000008
tot_aggregated_send: 0
tot_msg_rcv: 179
tot_msg_sent: 155
tot_reconf_duration: 22.65
tot_sleeping_duration: 16333.364000000001
tot_uptimes: 5
tot_uptimes_duration: 240.0
