comms_cons: 1.5395327999991348
finished_reconf: true
global_termination_time: 17803.654
local_termination_time: 5990.05236
node_cons: 328.9240599999996
tot_aggregated_send: 0
tot_msg_rcv: 121
tot_msg_sent: 113
tot_reconf_duration: 5.57
tot_sleeping_duration: 17563.654
tot_uptimes: 5
tot_uptimes_duration: 240.0
