comms_cons: 2.2632447999925214
finished_reconf: true
global_termination_time: 17018.984
local_termination_time: 6924.20536
node_cons: 339.24486000000013
tot_aggregated_send: 0
tot_msg_rcv: 180
tot_msg_sent: 164
tot_reconf_duration: 13.17
tot_sleeping_duration: 16778.984
tot_uptimes: 5
tot_uptimes_duration: 240.0
