comms_cons: 2.296767999994243
finished_reconf: true
global_termination_time: 17128.795
local_termination_time: 6667.6053600000005
node_cons: 334.15236000000016
tot_aggregated_send: 0
tot_msg_rcv: 181
tot_msg_sent: 168
tot_reconf_duration: 9.42
tot_sleeping_duration: 16888.795
tot_uptimes: 5
tot_uptimes_duration: 240.0
