comms_cons: 1.506636799997134
finished_reconf: true
global_termination_time: 18784.596
local_termination_time: 4572.26736
node_cons: 336.23009999999977
tot_aggregated_send: 0
tot_msg_rcv: 121
tot_msg_sent: 108
tot_reconf_duration: 10.95
tot_sleeping_duration: 18544.596
tot_uptimes: 5
tot_uptimes_duration: 240.0
