comms_cons: 2.2764031999950194
finished_reconf: true
global_termination_time: 18685.964
local_termination_time: 4338.772360000001
node_cons: 336.71898000000056
tot_aggregated_send: 0
tot_msg_rcv: 180
tot_msg_sent: 166
tot_reconf_duration: 11.31
tot_sleeping_duration: 18445.964
tot_uptimes: 5
tot_uptimes_duration: 240.0
