comms_cons: 110.75292159626896
finished_reconf: true
global_termination_time: 1087272.481
local_termination_time: 2467.22624
node_cons: 22344.642470083712
tot_aggregated_send: 14326
tot_msg_rcv: 914
tot_msg_sent: 1593
tot_reconf_duration: 7.3999999999999995
tot_sleeping_duration: 1070592.4262799972
tot_uptimes: 279
tot_uptimes_duration: 16680.05472000275
