comms_cons: 418.8653952743157
finished_reconf: true
global_termination_time: 4169121.812
local_termination_time: 1033347.3063599998
node_cons: 85743.34008558314
tot_aggregated_send: 58348
tot_msg_rcv: 1878
tot_msg_sent: 3439
tot_reconf_duration: 15.110000000000001
tot_sleeping_duration: 4105101.781600011
tot_uptimes: 1068
tot_uptimes_duration: 64020.030399989104
