comms_cons: 421.8214784825616
finished_reconf: true
global_termination_time: 4168704.718
local_termination_time: 2515408.3476399984
node_cons: 85728.77418446589
tot_aggregated_send: 57536
tot_msg_rcv: 2224
tot_msg_sent: 4352
tot_reconf_duration: 4.390000000000001
tot_sleeping_duration: 4104684.693680009
tot_uptimes: 1068
tot_uptimes_duration: 64020.024319991004
