comms_cons: 422.57461769463833
finished_reconf: true
global_termination_time: 4169331.451
local_termination_time: 992312.04236
node_cons: 85731.27560669981
tot_aggregated_send: 57536
tot_msg_rcv: 2339
tot_msg_sent: 4354
tot_reconf_duration: 6.22
tot_sleeping_duration: 4105311.414520013
tot_uptimes: 1068
tot_uptimes_duration: 64020.036479986506
