comms_cons: 421.3414208890888
finished_reconf: true
global_termination_time: 4168387.76
local_termination_time: 971491.5683599998
node_cons: 85738.1878266993
tot_aggregated_send: 57884
tot_msg_rcv: 2157
tot_msg_sent: 4000
tot_reconf_duration: 11.31
tot_sleeping_duration: 4104367.7235200135
tot_uptimes: 1068
tot_uptimes_duration: 64020.03647998627
