comms_cons: 89.42159359327493
finished_reconf: true
global_termination_time: 854751.149
local_termination_time: 47249.7893600001
node_cons: 17544.94382895307
tot_aggregated_send: 11020
tot_msg_rcv: 955
tot_msg_sent: 1617
tot_reconf_duration: 22.65
tot_sleeping_duration: 841671.1003600052
tot_uptimes: 219
tot_uptimes_duration: 13080.048639994813
