comms_cons: 88.03578879416371
finished_reconf: true
global_termination_time: 854560.07
local_termination_time: 85495.84735999997
node_cons: 17524.77212447196
tot_aggregated_send: 11310
tot_msg_rcv: 733
tot_msg_sent: 1338
tot_reconf_duration: 7.819999999999999
tot_sleeping_duration: 841480.0456800059
tot_uptimes: 219
tot_uptimes_duration: 13080.024319993972
