comms_cons: 416.4903550421808
finished_reconf: true
global_termination_time: 856672.1703599979
local_termination_time: 856672.1703599979
node_cons: 52415.495004998724
tot_aggregated_send: 0
tot_msg_rcv: 25501
tot_msg_sent: 37802
tot_reconf_duration: 24.59
tot_sleeping_duration: 817551.8553599983
tot_uptimes: 644
tot_uptimes_duration: 39120.314999999624
