comms_cons: 489.270041671935
finished_reconf: true
global_termination_time: 4870870.733239995
local_termination_time: 30208.706360000004
node_cons: 100219.50566163774
tot_aggregated_send: 67802
tot_msg_rcv: 2103
tot_msg_sent: 4461
tot_reconf_duration: 5.1
tot_sleeping_duration: 4796029.374120025
tot_uptimes: 1248
tot_uptimes_duration: 74841.35911997058
