comms_cons: 488.3054400833876
finished_reconf: true
global_termination_time: 4873077.45
local_termination_time: 535517.9835999998
node_cons: 100218.41881116644
tot_aggregated_send: 67744
tot_msg_rcv: 2135
tot_msg_sent: 4341
tot_reconf_duration: 25.299999999999997
tot_sleeping_duration: 4798257.389200022
tot_uptimes: 1248
tot_uptimes_duration: 74820.06079997704
