comms_cons: 494.0900289154161
finished_reconf: true
global_termination_time: 4874652.986
local_termination_time: 2081420.0553599999
node_cons: 100270.90896781659
tot_aggregated_send: 66526
tot_msg_rcv: 2709
tot_msg_sent: 5862
tot_reconf_duration: 4.8100000000000005
tot_sleeping_duration: 4799772.9434400145
tot_uptimes: 1249
tot_uptimes_duration: 74880.0425599846
