comms_cons: 491.5577344872197
finished_reconf: true
global_termination_time: 4871243.063
local_termination_time: 2026210.5178399987
node_cons: 100189.99860781638
tot_aggregated_send: 67222
tot_msg_rcv: 2382
tot_msg_sent: 5109
tot_reconf_duration: 4.390000000000001
tot_sleeping_duration: 4796423.020440016
tot_uptimes: 1248
tot_uptimes_duration: 74820.0425599846
