comms_cons: 488.29325445411894
finished_reconf: true
global_termination_time: 4873617.392
local_termination_time: 1962906.1763599997
node_cons: 100268.51888781626
tot_aggregated_send: 68440
tot_msg_rcv: 1824
tot_msg_sent: 3954
tot_reconf_duration: 3.05
tot_sleeping_duration: 4798737.349440015
tot_uptimes: 1249
tot_uptimes_duration: 74880.0425599846
