comms_cons: 117.10380799180967
finished_reconf: true
global_termination_time: 1167002.087
local_termination_time: 490337.96236000006
node_cons: 23972.111264471998
tot_aggregated_send: 16066
tot_msg_rcv: 530
tot_msg_sent: 1204
tot_reconf_duration: 22.65
tot_sleeping_duration: 1149122.062680006
tot_uptimes: 299
tot_uptimes_duration: 17880.024319993972
