comms_cons: 168.16497918879864
finished_reconf: true
global_termination_time: 1677214.592
local_termination_time: 888026.37036
node_cons: 34471.821619999995
tot_aggregated_send: 23316
tot_msg_rcv: 767
tot_msg_sent: 1478
tot_reconf_duration: 4.390000000000001
tot_sleeping_duration: 1651474.592
tot_uptimes: 430
tot_uptimes_duration: 25740.0
