comms_cons: 189.71123199638816
finished_reconf: true
global_termination_time: 1941361.592
local_termination_time: 1277993.9913599999
node_cons: 39963.3373999998
tot_aggregated_send: 28072
tot_msg_rcv: 263
tot_msg_sent: 500
tot_reconf_duration: 25.299999999999997
tot_sleeping_duration: 1911541.592
tot_uptimes: 498
tot_uptimes_duration: 29820.0
