comms_cons: 193.34952959149055
finished_reconf: true
global_termination_time: 1943554.96
local_termination_time: 1304558.8653599997
node_cons: 39946.86485999964
tot_aggregated_send: 27434
tot_msg_rcv: 719
tot_msg_sent: 1235
tot_reconf_duration: 13.17
tot_sleeping_duration: 1913734.96
tot_uptimes: 498
tot_uptimes_duration: 29820.0
