comms_cons: 193.23711998078795
finished_reconf: true
global_termination_time: 1943200.305
local_termination_time: 943298.9314799999
node_cons: 39935.57710893447
tot_aggregated_send: 25346
tot_msg_rcv: 1344
tot_msg_sent: 2681
tot_reconf_duration: 4.8100000000000005
tot_sleeping_duration: 1913380.2563600189
tot_uptimes: 498
tot_uptimes_duration: 29820.048639981076
