comms_cons: 198.44673277218106
finished_reconf: true
global_termination_time: 1944317.53
local_termination_time: 773336.21136
node_cons: 39933.1951700513
tot_aggregated_send: 25636
tot_msg_rcv: 1478
tot_msg_sent: 3048
tot_reconf_duration: 3.05
tot_sleeping_duration: 1914497.4752800213
tot_uptimes: 498
tot_uptimes_duration: 29820.05471997871
