comms_cons: 22.960435200140004
finished_reconf: true
global_termination_time: 235304.056
local_termination_time: 232894.63352000085
node_cons: 4835.758979999998
tot_aggregated_send: 3364
tot_msg_rcv: 19
tot_msg_sent: 106
tot_reconf_duration: 11.31
tot_sleeping_duration: 231704.056
tot_uptimes: 61
tot_uptimes_duration: 3599.999999999998
