comms_cons: 168.7446975826627
finished_reconf: true
global_termination_time: 1641197.836
local_termination_time: 484297.7813600001
node_cons: 33763.704990051534
tot_aggregated_send: 22040
tot_msg_rcv: 1289
tot_msg_sent: 2319
tot_reconf_duration: 15.34
tot_sleeping_duration: 1615997.7812800212
tot_uptimes: 421
tot_uptimes_duration: 25200.05471997871
