comms_cons: 163.6773375907306
finished_reconf: true
global_termination_time: 1641421.634
local_termination_time: 583099.1413599999
node_cons: 33749.72579999998
tot_aggregated_send: 23548
tot_msg_rcv: 522
tot_msg_sent: 808
tot_reconf_duration: 5.1
tot_sleeping_duration: 1616221.634
tot_uptimes: 421
tot_uptimes_duration: 25200.0
