comms_cons: 161.90753279366672
finished_reconf: true
global_termination_time: 1638428.574
local_termination_time: 961868.6263599999
node_cons: 33678.62020000004
tot_aggregated_send: 23490
tot_msg_rcv: 318
tot_msg_sent: 801
tot_reconf_duration: 11.899999999999999
tot_sleeping_duration: 1613288.574
tot_uptimes: 420
tot_uptimes_duration: 25140.0
