comms_cons: 167.63859198409324
finished_reconf: true
global_termination_time: 1642309.657
local_termination_time: 428618.11936
node_cons: 33751.295606700965
tot_aggregated_send: 22330
tot_msg_rcv: 1114
tot_msg_sent: 2035
tot_reconf_duration: 6.22
tot_sleeping_duration: 1617109.620520014
tot_uptimes: 421
tot_uptimes_duration: 25200.036479985807
