comms_cons: 213.15097598347484
finished_reconf: true
global_termination_time: 2118307.021
local_termination_time: 259559.29336000004
node_cons: 43548.46260558833
tot_aggregated_send: 29464
tot_msg_rcv: 955
tot_msg_sent: 1978
tot_reconf_duration: 3.05
tot_sleeping_duration: 2085786.9906000085
tot_uptimes: 543
tot_uptimes_duration: 32520.030399991607
