comms_cons: 416.8899900632201
finished_reconf: true
global_termination_time: 2119126.356
local_termination_time: 336.3564799999999
node_cons: 43552.75932446923
tot_aggregated_send: 0
tot_msg_rcv: 31922
tot_msg_sent: 31443
tot_reconf_duration: 6.22
tot_sleeping_duration: 2086606.3316800077
tot_uptimes: 543
tot_uptimes_duration: 32520.02431999227
