comms_cons: 2.704678399993591
finished_reconf: true
global_termination_time: 12457.34048
local_termination_time: 12457.29936
node_cons: 310.18936096001335
tot_aggregated_send: 0
tot_msg_rcv: 253
tot_msg_sent: 157
tot_reconf_duration: 37.410000000000004
tot_sleeping_duration: 12263.623839999991
tot_uptimes: 4
tot_uptimes_duration: 193.71664000000965
