comms_cons: 2.605363199995611
finished_reconf: true
global_termination_time: 12526.384
local_termination_time: 6488.658480000001
node_cons: 249.5482400000009
tot_aggregated_send: 0
tot_msg_rcv: 225
tot_msg_sent: 170
tot_reconf_duration: 6.279999999999999
tot_sleeping_duration: 12346.384
tot_uptimes: 4
tot_uptimes_duration: 180.0
