comms_cons: 2.7902079999927643
finished_reconf: true
global_termination_time: 12812.694
local_termination_time: 5889.541360000001
node_cons: 257.18020000000075
tot_aggregated_send: 0
tot_msg_rcv: 257
tot_msg_sent: 165
tot_reconf_duration: 11.899999999999999
tot_sleeping_duration: 12632.694
tot_uptimes: 4
tot_uptimes_duration: 180.0
