comms_cons: 67.33153279949305
finished_reconf: true
global_termination_time: 689838.744
local_termination_time: 531461.4524399996
node_cons: 14145.801620000037
tot_aggregated_send: 9860
tot_msg_rcv: 143
tot_msg_sent: 231
tot_reconf_duration: 4.390000000000001
tot_sleeping_duration: 679278.744
tot_uptimes: 177
tot_uptimes_duration: 10560.0
