comms_cons: 550.1436865027738
finished_reconf: true
global_termination_time: 5489829.754
local_termination_time: 345838.68312000093
node_cons: 112884.30525005361
tot_aggregated_send: 76734
tot_msg_rcv: 2290
tot_msg_sent: 4594
tot_reconf_duration: 4.8100000000000005
tot_sleeping_duration: 5405529.699280017
tot_uptimes: 1406
tot_uptimes_duration: 84300.05471998284
