comms_cons: 110.97875839383946
finished_reconf: true
global_termination_time: 1096431.296
local_termination_time: 500308.53736
node_cons: 22513.11742447194
tot_aggregated_send: 14732
tot_msg_rcv: 745
tot_msg_sent: 1392
tot_reconf_duration: 13.17
tot_sleeping_duration: 1079631.2716800063
tot_uptimes: 281
tot_uptimes_duration: 16800.024319993972
