comms_cons: 108.41152639785051
finished_reconf: true
global_termination_time: 1097489.829
local_termination_time: 514596.56736
node_cons: 22600.950882233636
tot_aggregated_send: 15138
tot_msg_rcv: 478
tot_msg_sent: 861
tot_reconf_duration: 18.700000000000003
tot_sleeping_duration: 1080629.8168400046
tot_uptimes: 282
tot_uptimes_duration: 16860.01215999527
