comms_cons: 156.4033407536354
finished_reconf: true
global_termination_time: 1097383.233
local_termination_time: 487386.36648
node_cons: 22584.01118335509
tot_aggregated_send: 0
tot_msg_rcv: 12110
tot_msg_sent: 11664
tot_reconf_duration: 6.22
tot_sleeping_duration: 1080523.2147600036
tot_uptimes: 282
tot_uptimes_duration: 16860.018239996338
