comms_cons: 59.5818623999998
finished_reconf: true
global_termination_time: 603164.896
local_termination_time: 5441.160360000002
node_cons: 12379.924060000018
tot_aggregated_send: 8758
tot_msg_rcv: 129
tot_msg_sent: 169
tot_reconf_duration: 5.57
tot_sleeping_duration: 593924.896
tot_uptimes: 155
tot_uptimes_duration: 9240.0
