comms_cons: 59.84915200024567
finished_reconf: true
global_termination_time: 604542.329
local_termination_time: 306.09199999999925
node_cons: 12429.282335119167
tot_aggregated_send: 8642
tot_msg_rcv: 171
tot_msg_sent: 283
tot_reconf_duration: 25.299999999999997
tot_sleeping_duration: 595285.4769200007
tot_uptimes: 155
tot_uptimes_duration: 9256.852079999366
