comms_cons: 61.105587200219375
finished_reconf: true
global_termination_time: 606081.736
local_termination_time: 109659.15947999994
node_cons: 12469.851540000003
tot_aggregated_send: 8352
tot_msg_rcv: 309
tot_msg_sent: 627
tot_reconf_duration: 12.629999999999999
tot_sleeping_duration: 596781.736
tot_uptimes: 156
tot_uptimes_duration: 9300.0
