comms_cons: 660.0849915519731
finished_reconf: true
global_termination_time: 1360882.5774399994
local_termination_time: 1360882.5363199995
node_cons: 83067.41241595201
tot_aggregated_send: 0
tot_msg_rcv: 40432
tot_msg_sent: 59896
tot_reconf_duration: 37.410000000000004
tot_sleeping_duration: 1298883.6158000038
tot_uptimes: 1017
tot_uptimes_duration: 61998.961639995534
