comms_cons: 137.8075775912115
finished_reconf: true
global_termination_time: 1365765.681
local_termination_time: 329577.6228800009
node_cons: 28068.697719905475
tot_aggregated_send: 18966
tot_msg_rcv: 703
tot_msg_sent: 1278
tot_reconf_duration: 15.34
tot_sleeping_duration: 1344818.805720011
tot_uptimes: 350
tot_uptimes_duration: 20946.875279989094
