comms_cons: 134.55779839576417
finished_reconf: true
global_termination_time: 1362345.428
local_termination_time: 480640.74036
node_cons: 27983.72525843821
tot_aggregated_send: 19662
tot_msg_rcv: 285
tot_msg_sent: 505
tot_reconf_duration: 18.700000000000003
tot_sleeping_duration: 1341465.4200400014
tot_uptimes: 349
tot_uptimes_duration: 20880.00795999868
