comms_cons: 140.53233918457116
finished_reconf: true
global_termination_time: 1361550.686
local_termination_time: 208989.97740000035
node_cons: 27964.949673415824
tot_aggregated_send: 17980
tot_msg_rcv: 1164
tot_msg_sent: 2216
tot_reconf_duration: 4.8100000000000005
tot_sleeping_duration: 1340670.6130400181
tot_uptimes: 349
tot_uptimes_duration: 20880.072959981917
