comms_cons: 152.43037439281537
finished_reconf: true
global_termination_time: 1514387.8599599986
local_termination_time: 1514387.8188399987
node_cons: 31200.24557615767
tot_aggregated_send: 21144
tot_msg_rcv: 699
tot_msg_sent: 1325
tot_reconf_duration: 37.410000000000004
tot_sleeping_duration: 1491124.6465200004
tot_uptimes: 388
tot_uptimes_duration: 23263.213439998217
