comms_cons: 116.73951359067988
finished_reconf: true
global_termination_time: 1150067.042
local_termination_time: 449313.95336000004
node_cons: 23628.423042233662
tot_aggregated_send: 15486
tot_msg_rcv: 693
tot_msg_sent: 1565
tot_reconf_duration: 6.22
tot_sleeping_duration: 1132427.0298400046
tot_uptimes: 295
tot_uptimes_duration: 17640.01215999527
