comms_cons: 37.607334400518745
finished_reconf: true
global_termination_time: 361293.121
local_termination_time: 109824.57935999997
node_cons: 7395.470781121441
tot_aggregated_send: 4640
tot_msg_rcv: 380
tot_msg_sent: 697
tot_reconf_duration: 3.08
tot_sleeping_duration: 355773.1149199989
tot_uptimes: 93
tot_uptimes_duration: 5520.006080001069
