comms_cons: 147.27664638814824
finished_reconf: true
global_termination_time: 1457220.01748
local_termination_time: 1457219.97636
node_cons: 30018.64492989594
tot_aggregated_send: 20402
tot_msg_rcv: 747
tot_msg_sent: 1236
tot_reconf_duration: 24.59
tot_sleeping_duration: 1434826.252200018
tot_uptimes: 374
tot_uptimes_duration: 22393.76527998199
