comms_cons: 143.8213119964528
finished_reconf: true
global_termination_time: 1457263.976
local_termination_time: 871213.4801599983
node_cons: 29984.704860000107
tot_aggregated_send: 21112
tot_msg_rcv: 238
tot_msg_sent: 510
tot_reconf_duration: 13.17
tot_sleeping_duration: 1434883.976
tot_uptimes: 374
tot_uptimes_duration: 22380.0
