comms_cons: 49.89007360065026
finished_reconf: true
global_termination_time: 497036.41
local_termination_time: 480577.8031600003
node_cons: 10211.708239999973
tot_aggregated_send: 6902
tot_msg_rcv: 222
tot_msg_sent: 459
tot_reconf_duration: 6.279999999999999
tot_sleeping_duration: 489416.41
tot_uptimes: 128
tot_uptimes_duration: 7620.0
