comms_cons: 2.9744255999916276
finished_reconf: true
global_termination_time: 14674.616
local_termination_time: 6894.02648
node_cons: 265.75732112000765
tot_aggregated_send: 0
tot_msg_rcv: 294
tot_msg_sent: 158
tot_reconf_duration: 18.21
tot_sleeping_duration: 14494.609919999995
tot_uptimes: 4
tot_uptimes_duration: 180.00608000000477
