comms_cons: 3.029862399993125
finished_reconf: true
global_termination_time: 17571.937
local_termination_time: 5724.087560000004
node_cons: 329.8882400000009
tot_aggregated_send: 0
tot_msg_rcv: 288
tot_msg_sent: 173
tot_reconf_duration: 6.279999999999999
tot_sleeping_duration: 17331.937
tot_uptimes: 5
tot_uptimes_duration: 240.0
