comms_cons: 2.7534271999957327
finished_reconf: true
global_termination_time: 14707.941
local_termination_time: 4418.724360000001
node_cons: 261.547521120007
tot_aggregated_send: 0
tot_msg_rcv: 254
tot_msg_sent: 164
tot_reconf_duration: 15.110000000000001
tot_sleeping_duration: 14527.934919999996
tot_uptimes: 4
tot_uptimes_duration: 180.00608000000466
