comms_cons: 3.2632831999943823
finished_reconf: true
global_termination_time: 14445.069
local_termination_time: 5477.42036
node_cons: 255.89009999999976
tot_aggregated_send: 0
tot_msg_rcv: 327
tot_msg_sent: 166
tot_reconf_duration: 10.95
tot_sleeping_duration: 14265.069
tot_uptimes: 4
tot_uptimes_duration: 180.0
