comms_cons: 201.73442558674813
finished_reconf: true
global_termination_time: 2056054.041
local_termination_time: 501577.5863600001
node_cons: 42289.66382893433
tot_aggregated_send: 27666
tot_msg_rcv: 1001
tot_msg_sent: 1996
tot_reconf_duration: 22.65
tot_sleeping_duration: 2024493.992360019
tot_uptimes: 527
tot_uptimes_duration: 31560.04863998108
