comms_cons: 200.5337023961178
finished_reconf: true
global_termination_time: 2054068.396
local_termination_time: 1235931.3617199985
node_cons: 42265.76579999945
tot_aggregated_send: 29406
tot_msg_rcv: 392
tot_msg_sent: 681
tot_reconf_duration: 5.1
tot_sleeping_duration: 2022508.396
tot_uptimes: 527
tot_uptimes_duration: 31560.0
