comms_cons: 207.66937598084124
finished_reconf: true
global_termination_time: 2054769.936
local_termination_time: 1011841.2282799983
node_cons: 42267.32746558392
tot_aggregated_send: 28246
tot_msg_rcv: 1164
tot_msg_sent: 2155
tot_reconf_duration: 6.22
tot_sleeping_duration: 2023209.9056000118
tot_uptimes: 527
tot_uptimes_duration: 31560.030399988173
