comms_cons: 202.75971838693278
finished_reconf: true
global_termination_time: 2053030.7739599987
local_termination_time: 45785.70856000014
node_cons: 42214.30877714822
tot_aggregated_send: 28188
tot_msg_rcv: 885
tot_msg_sent: 1744
tot_reconf_duration: 11.31
tot_sleeping_duration: 2021515.5015200072
tot_uptimes: 526
tot_uptimes_duration: 31515.272439991473
