comms_cons: 85.44062079828136
finished_reconf: true
global_termination_time: 864357.133
local_termination_time: 7010.688
node_cons: 17766.134361119177
tot_aggregated_send: 12293
tot_msg_rcv: 174
tot_msg_sent: 519
tot_reconf_duration: 8.09
tot_sleeping_duration: 851097.1269200006
tot_uptimes: 222
tot_uptimes_duration: 13260.006079999366
