comms_cons: 175.298163182735
finished_reconf: true
global_termination_time: 1738417.672
local_termination_time: 126323.96115999982
node_cons: 35772.22127230808
tot_aggregated_send: 22968
tot_msg_rcv: 1118
tot_msg_sent: 2557
tot_reconf_duration: 15.34
tot_sleeping_duration: 1711717.605120009
tot_uptimes: 446
tot_uptimes_duration: 26700.06687999115
