comms_cons: 172.87216638852198
finished_reconf: true
global_termination_time: 1736738.359
local_termination_time: 1140383.38436
node_cons: 35688.15224558885
tot_aggregated_send: 23722
tot_msg_rcv: 887
tot_msg_sent: 1667
tot_reconf_duration: 12.629999999999999
tot_sleeping_duration: 1710098.3286000083
tot_uptimes: 445
tot_uptimes_duration: 26640.030399991607
