comms_cons: 172.36908798843487
finished_reconf: true
global_termination_time: 1738415.003
local_termination_time: 1166092.70536
node_cons: 35767.476482233775
tot_aggregated_send: 24012
tot_msg_rcv: 742
tot_msg_sent: 1445
tot_reconf_duration: 11.899999999999999
tot_sleeping_duration: 1711714.9908400048
tot_uptimes: 446
tot_uptimes_duration: 26700.01215999527
