comms_cons: 209.76526079438588
finished_reconf: true
global_termination_time: 2128629.039
local_termination_time: 1319371.86736
node_cons: 43819.66554111647
tot_aggregated_send: 30508
tot_msg_rcv: 462
tot_msg_sent: 913
tot_reconf_duration: 25.299999999999997
tot_sleeping_duration: 2095929.0329200022
tot_uptimes: 546
tot_uptimes_duration: 32700.006079997635
