comms_cons: 211.0324927927082
finished_reconf: true
global_termination_time: 2126513.9351599985
local_termination_time: 2126513.8940399983
node_cons: 43811.61033847523
tot_aggregated_send: 30552
tot_msg_rcv: 489
tot_msg_sent: 1033
tot_reconf_duration: 24.59
tot_sleeping_duration: 2093819.2248400017
tot_uptimes: 545
tot_uptimes_duration: 32694.710319996986
