comms_cons: 212.63379198215569
finished_reconf: true
global_termination_time: 2127555.247
local_termination_time: 1166689.33536
node_cons: 43711.532685583814
tot_aggregated_send: 28420
tot_msg_rcv: 1512
tot_msg_sent: 2388
tot_reconf_duration: 4.8100000000000005
tot_sleeping_duration: 2094915.2166000118
tot_uptimes: 545
tot_uptimes_duration: 32640.030399988173
