comms_cons: 216.59164157985626
finished_reconf: true
global_termination_time: 2126615.915
local_termination_time: 399890.76536
node_cons: 43710.986748938776
tot_aggregated_send: 28420
tot_msg_rcv: 1588
tot_msg_sent: 2911
tot_reconf_duration: 4.390000000000001
tot_sleeping_duration: 2093975.8663600157
tot_uptimes: 545
tot_uptimes_duration: 32640.04863998451
