comms_cons: 212.4860031870595
finished_reconf: true
global_termination_time: 2126514.859239997
local_termination_time: 61638.95148000001
node_cons: 43740.73937270608
tot_aggregated_send: 29928
tot_msg_rcv: 800
tot_msg_sent: 1567
tot_reconf_duration: 11.31
tot_sleeping_duration: 2093859.608760007
tot_uptimes: 545
tot_uptimes_duration: 32655.250479989918
