comms_cons: 205.0479743893322
finished_reconf: true
global_termination_time: 2089343.068
local_termination_time: 1459446.6971999977
node_cons: 43002.75614335022
tot_aggregated_send: 28826
tot_msg_rcv: 724
tot_msg_sent: 1616
tot_reconf_duration: 15.34
tot_sleeping_duration: 2057243.049760007
tot_uptimes: 536
tot_uptimes_duration: 32100.018239992904
