comms_cons: 207.4092799891836
finished_reconf: true
global_termination_time: 2091734.598
local_termination_time: 1134048.0314799997
node_cons: 42987.87790223314
tot_aggregated_send: 29522
tot_msg_rcv: 679
tot_msg_sent: 1324
tot_reconf_duration: 4.390000000000001
tot_sleeping_duration: 2059634.5858400047
tot_uptimes: 536
tot_uptimes_duration: 32100.01215999527
