comms_cons: 331.0862013438375
finished_reconf: true
global_termination_time: 2091103.897
local_termination_time: 1202106.19948
node_cons: 42992.543983350195
tot_aggregated_send: 0
tot_msg_rcv: 25438
tot_msg_sent: 24886
tot_reconf_duration: 7.819999999999999
tot_sleeping_duration: 2059003.8787600072
tot_uptimes: 536
tot_uptimes_duration: 32100.018239992904
