comms_cons: 84.36655359757496
finished_reconf: true
global_termination_time: 834271.173
local_termination_time: 337470.22868000023
node_cons: 17132.95566223827
tot_aggregated_send: 10962
tot_msg_rcv: 592
tot_msg_sent: 1269
tot_reconf_duration: 15.110000000000001
tot_sleeping_duration: 821491.1608400013
tot_uptimes: 214
tot_uptimes_duration: 12780.012159998703
