comms_cons: 83.31242879712397
finished_reconf: true
global_termination_time: 835130.432
local_termination_time: 455572.3736000001
node_cons: 17118.95198000002
tot_aggregated_send: 11078
tot_msg_rcv: 483
tot_msg_sent: 1102
tot_reconf_duration: 4.8100000000000005
tot_sleeping_duration: 822350.432
tot_uptimes: 214
tot_uptimes_duration: 12780.0
