comms_cons: 81.86978559808837
finished_reconf: true
global_termination_time: 837840.591
local_termination_time: 348854.9570800006
node_cons: 17200.133940000014
tot_aggregated_send: 11310
tot_msg_rcv: 381
tot_msg_sent: 752
tot_reconf_duration: 5.43
tot_sleeping_duration: 825000.591
tot_uptimes: 215
tot_uptimes_duration: 12840.0
