comms_cons: 282.31993600053977
finished_reconf: true
global_termination_time: 2855877.192
local_termination_time: 1603157.681
node_cons: 58762.924822716115
tot_aggregated_send: 40948
tot_msg_rcv: 708
tot_msg_sent: 1255
tot_reconf_duration: 25.299999999999997
tot_sleeping_duration: 2812017.171520002
tot_uptimes: 732
tot_uptimes_duration: 43860.02047999785
