comms_cons: 284.00432640473565
finished_reconf: true
global_termination_time: 2854772.0724799996
local_termination_time: 2854772.0313599994
node_cons: 58797.72564319035
tot_aggregated_send: 40864
tot_msg_rcv: 784
tot_msg_sent: 1518
tot_reconf_duration: 37.410000000000004
tot_sleeping_duration: 2810898.343680006
tot_uptimes: 732
tot_uptimes_duration: 43873.72879999381
