comms_cons: 281.6701760031292
finished_reconf: true
global_termination_time: 2857256.813
local_termination_time: 2083963.716
node_cons: 58751.3807920763
tot_aggregated_send: 41118
tot_msg_rcv: 504
tot_msg_sent: 1191
tot_reconf_duration: 10.95
tot_sleeping_duration: 2813390.860280002
tot_uptimes: 732
tot_uptimes_duration: 43865.95271999785
