comms_cons: 290.21699840649063
finished_reconf: true
global_termination_time: 2857820.24
local_termination_time: 380671.39248000004
node_cons: 58734.648160111996
tot_aggregated_send: 37932
tot_msg_rcv: 2266
tot_msg_sent: 3913
tot_reconf_duration: 4.390000000000001
tot_sleeping_duration: 2813960.1305600354
tot_uptimes: 732
tot_uptimes_duration: 43860.10943996499
