comms_cons: 290.1241535999088
finished_reconf: true
global_termination_time: 2856907.541
local_termination_time: 396573.9273600001
node_cons: 58732.78773451814
tot_aggregated_send: 38744
tot_msg_rcv: 1971
tot_msg_sent: 3382
tot_reconf_duration: 3.05
tot_sleeping_duration: 2813047.4619600307
tot_uptimes: 732
tot_uptimes_duration: 43860.07903996948
