comms_cons: 292.14786562557464
finished_reconf: true
global_termination_time: 2854772.5082399873
local_termination_time: 177941.65748000005
node_cons: 58823.97107281918
tot_aggregated_send: 38338
tot_msg_rcv: 2135
tot_msg_sent: 3931
tot_reconf_duration: 11.31
tot_sleeping_duration: 2810852.708320032
tot_uptimes: 732
tot_uptimes_duration: 43919.799919955374
