comms_cons: 175.6721087794941
finished_reconf: true
global_termination_time: 1725532.564
local_termination_time: 126711.51235999996
node_cons: 35436.561532292006
tot_aggregated_send: 23258
tot_msg_rcv: 1113
tot_msg_sent: 2331
tot_reconf_duration: 4.8100000000000005
tot_sleeping_duration: 1699072.497120021
tot_uptimes: 442
tot_uptimes_duration: 26460.066879979146
