comms_cons: 172.46693118847625
finished_reconf: true
global_termination_time: 1720582.29
local_termination_time: 770218.9396799986
node_cons: 35358.071183350556
tot_aggregated_send: 24012
tot_msg_rcv: 693
tot_msg_sent: 1508
tot_reconf_duration: 6.22
tot_sleeping_duration: 1694182.2717600071
tot_uptimes: 441
tot_uptimes_duration: 26400.018239992904
