comms_cons: 13.343244799753109
finished_reconf: true
global_termination_time: 100767.478
local_termination_time: 12099.314840000001
node_cons: 2042.898105598612
tot_aggregated_send: 580
tot_msg_rcv: 595
tot_msg_sent: 854
tot_reconf_duration: 25.299999999999997
tot_sleeping_duration: 99267.44760000103
tot_uptimes: 26
tot_uptimes_duration: 1500.0303999989628
