comms_cons: 12.167449599904906
finished_reconf: true
global_termination_time: 97652.151
local_termination_time: 58105.631
node_cons: 2031.1093983185451
tot_aggregated_send: 867
tot_msg_rcv: 460
tot_msg_sent: 525
tot_reconf_duration: 15.110000000000001
tot_sleeping_duration: 96150.59012000108
tot_uptimes: 26
tot_uptimes_duration: 1501.5608799989132
