comms_cons: 13.318182400016926
finished_reconf: true
global_termination_time: 98540.49
local_termination_time: 35559.72536000001
node_cons: 2019.1358422394414
tot_aggregated_send: 638
tot_msg_rcv: 576
tot_msg_sent: 812
tot_reconf_duration: 7.819999999999999
tot_sleeping_duration: 97040.47784000041
tot_uptimes: 26
tot_uptimes_duration: 1500.0121599995837
