comms_cons: 77.88423039255662
finished_reconf: true
global_termination_time: 818761.602
local_termination_time: 4799.299
node_cons: 16800.723486705614
tot_aggregated_send: 10490
tot_msg_rcv: 435
tot_msg_sent: 913
tot_reconf_duration: 7.08
tot_sleeping_duration: 806221.5655200107
tot_uptimes: 210
tot_uptimes_duration: 12540.036479989241
