comms_cons: 67.21373439702907
finished_reconf: true
global_termination_time: 661939.526
local_termination_time: 84556.42047999996
node_cons: 13583.446043359712
tot_aggregated_send: 8990
tot_msg_rcv: 411
tot_msg_sent: 816
tot_reconf_duration: 4.390000000000001
tot_sleeping_duration: 651799.5077600002
tot_uptimes: 170
tot_uptimes_duration: 10140.018239999772
