comms_cons: 67.12757759905239
finished_reconf: true
global_termination_time: 660161.612
local_termination_time: 364069.87404000026
node_cons: 13585.914901121412
tot_aggregated_send: 8816
tot_msg_rcv: 403
tot_msg_sent: 984
tot_reconf_duration: 6.22
tot_sleeping_duration: 650021.605919999
tot_uptimes: 170
tot_uptimes_duration: 10140.006080001069
