comms_cons: 65.25908479920865
finished_reconf: true
global_termination_time: 658970.478
local_termination_time: 447953.54936000006
node_cons: 13512.478980000016
tot_aggregated_send: 9222
tot_msg_rcv: 185
tot_msg_sent: 512
tot_reconf_duration: 11.31
tot_sleeping_duration: 648890.478
tot_uptimes: 169
tot_uptimes_duration: 10080.0
