comms_cons: 374.3071296297237
finished_reconf: true
global_termination_time: 3769111.527
local_termination_time: 1658936.3185999996
node_cons: 77552.8373211149
tot_aggregated_send: 53708
tot_msg_rcv: 936
tot_msg_sent: 2248
tot_reconf_duration: 18.21
tot_sleeping_duration: 3711211.520920002
tot_uptimes: 966
tot_uptimes_duration: 57900.006079997635
