comms_cons: 83.26725120974687
finished_reconf: true
global_termination_time: 381636.98888000054
local_termination_time: 1775.7006000000006
node_cons: 7865.10956576963
tot_aggregated_send: 0
tot_msg_rcv: 6971
tot_msg_sent: 5677
tot_reconf_duration: 18.21
tot_sleeping_duration: 375781.58903999336
tot_uptimes: 98
tot_uptimes_duration: 5855.399840007187
