comms_cons: 253.88450543707566
finished_reconf: true
global_termination_time: 1288157.0925999999
local_termination_time: 3028.6513600000003
node_cons: 26483.212412874145
tot_aggregated_send: 0
tot_msg_rcv: 19507
tot_msg_sent: 19077
tot_reconf_duration: 22.65
tot_sleeping_duration: 1268401.712680004
tot_uptimes: 330
tot_uptimes_duration: 19755.379919995597
