comms_cons: 124.27513599787216
finished_reconf: true
global_termination_time: 1288156.8141200002
local_termination_time: 98311.0361999999
node_cons: 26496.638360797315
tot_aggregated_send: 17632
tot_msg_rcv: 473
tot_msg_sent: 784
tot_reconf_duration: 7.819999999999999
tot_sleeping_duration: 1268376.3669200023
tot_uptimes: 330
tot_uptimes_duration: 19780.447199997958
