comms_cons: 25.889779200789032
finished_reconf: true
global_termination_time: 248741.63
local_termination_time: 138685.45272000012
node_cons: 5068.984060000013
tot_aggregated_send: 3190
tot_msg_rcv: 285
tot_msg_sent: 461
tot_reconf_duration: 5.57
tot_sleeping_duration: 244961.63
tot_uptimes: 64
tot_uptimes_duration: 3780.0
