comms_cons: 25.79046400058681
finished_reconf: true
global_termination_time: 251161.487
local_termination_time: 115773.40535999998
node_cons: 5167.16274112145
tot_aggregated_send: 3306
tot_msg_rcv: 224
tot_msg_sent: 390
tot_reconf_duration: 18.700000000000003
tot_sleeping_duration: 247321.48091999892
tot_uptimes: 65
tot_uptimes_duration: 3840.0060800010688
