comms_cons: 79.4259839953613
finished_reconf: true
global_termination_time: 747253.376
local_termination_time: 49666.622360000016
node_cons: 15353.443747840842
tot_aggregated_send: 8932
tot_msg_rcv: 988
tot_msg_sent: 2154
tot_reconf_duration: 6.22
tot_sleeping_duration: 735793.3334399995
tot_uptimes: 192
tot_uptimes_duration: 11460.042560000613
