comms_cons: 38.22417920050232
finished_reconf: true
global_termination_time: 347967.9296000001
local_termination_time: 347967.8884800001
node_cons: 7202.091142879016
tot_aggregated_send: 3988
tot_msg_rcv: 642
tot_msg_sent: 1178
tot_reconf_duration: 24.59
tot_sleeping_duration: 342614.1596800008
tot_uptimes: 90
tot_uptimes_duration: 5353.769919999249
