comms_cons: 87.584384010044
finished_reconf: true
global_termination_time: 381636.98888000054
local_termination_time: 1775.7006000000006
node_cons: 7865.093283531326
tot_aggregated_send: 0
tot_msg_rcv: 7595
tot_msg_sent: 5711
tot_reconf_duration: 18.21
tot_sleeping_duration: 375781.60119999206
tot_uptimes: 98
tot_uptimes_duration: 5855.3876800084545
