comms_cons: 39.50809600065364
finished_reconf: true
global_termination_time: 384578.3
local_termination_time: 82071.21259999994
node_cons: 7888.198241121437
tot_aggregated_send: 5104
tot_msg_rcv: 330
tot_msg_sent: 571
tot_reconf_duration: 10.95
tot_sleeping_duration: 378698.2939199989
tot_uptimes: 99
tot_uptimes_duration: 5880.006080001069
