comms_cons: 38.87831040058284
finished_reconf: true
global_termination_time: 381671.866
local_termination_time: 110187.3172799998
node_cons: 7803.60770111917
tot_aggregated_send: 4988
tot_msg_rcv: 288
tot_msg_sent: 634
tot_reconf_duration: 7.819999999999999
tot_sleeping_duration: 375851.8599200006
tot_uptimes: 98
tot_uptimes_duration: 5820.006079999366
