comms_cons: 283.23117441483794
finished_reconf: true
global_termination_time: 2811040.183
local_termination_time: 1919473.51836
node_cons: 57870.21088223289
tot_aggregated_send: 39324
tot_msg_rcv: 1301
tot_msg_sent: 2424
tot_reconf_duration: 18.700000000000003
tot_sleeping_duration: 2767840.170840005
tot_uptimes: 720
tot_uptimes_duration: 43200.01215999527
