comms_cons: 283.97628162045027
finished_reconf: true
global_termination_time: 2810385.65
local_termination_time: 1203197.2933599998
node_cons: 57853.43414334957
tot_aggregated_send: 39440
tot_msg_rcv: 1402
tot_msg_sent: 2321
tot_reconf_duration: 6.34
tot_sleeping_duration: 2767185.631760007
tot_uptimes: 720
tot_uptimes_duration: 43200.01823999314
