comms_cons: 286.41841281620657
finished_reconf: true
global_termination_time: 2808293.495
local_termination_time: 1772172.903999999
node_cons: 57852.21464558367
tot_aggregated_send: 38222
tot_msg_rcv: 1772
tot_msg_sent: 3540
tot_reconf_duration: 5.43
tot_sleeping_duration: 2765093.4646000117
tot_uptimes: 720
tot_uptimes_duration: 43200.03039998864
