comms_cons: 107.57455361070247
finished_reconf: true
global_termination_time: 545495.3095999999
local_termination_time: 2375.3080400000013
node_cons: 11194.369410642734
tot_aggregated_send: 0
tot_msg_rcv: 8279
tot_msg_sent: 8069
tot_reconf_duration: 4.8100000000000005
tot_sleeping_duration: 537139.9418399979
tot_uptimes: 140
tot_uptimes_duration: 8355.367760002031
