comms_cons: 94.62205439289568
finished_reconf: true
global_termination_time: 932403.79
local_termination_time: 4365.698
node_cons: 19124.73864782937
tot_aggregated_send: 12872
tot_msg_rcv: 575
tot_msg_sent: 935
tot_reconf_duration: 2.77
tot_sleeping_duration: 918123.747440008
tot_uptimes: 239
tot_uptimes_duration: 14280.042559992042
