comms_cons: 424.7876990327972
finished_reconf: true
global_termination_time: 878702.2019199984
local_termination_time: 878702.1607999984
node_cons: 53286.77802019438
tot_aggregated_send: 0
tot_msg_rcv: 26137
tot_msg_sent: 38426
tot_reconf_duration: 24.59
tot_sleeping_duration: 838931.190120002
tot_uptimes: 652
tot_uptimes_duration: 39771.011799996384
