comms_cons: 88.53511039557401
finished_reconf: true
global_termination_time: 880691.295
local_termination_time: 325351.46236000006
node_cons: 18084.0803422337
tot_aggregated_send: 12180
tot_msg_rcv: 408
tot_msg_sent: 869
tot_reconf_duration: 5.57
tot_sleeping_duration: 867191.2828400048
tot_uptimes: 226
tot_uptimes_duration: 13500.012159995269
