comms_cons: 88.47292799905523
finished_reconf: true
global_termination_time: 878978.017
local_termination_time: 362316.54136000003
node_cons: 18083.89836336431
tot_aggregated_send: 12064
tot_msg_rcv: 398
tot_msg_sent: 986
tot_reconf_duration: 5.43
tot_sleeping_duration: 865477.9987599968
tot_uptimes: 226
tot_uptimes_duration: 13500.018240003206
