comms_cons: 42.751641600746325
finished_reconf: true
global_termination_time: 427902.967
local_termination_time: 270635.56536000007
node_cons: 8763.60826224285
tot_aggregated_send: 5858
tot_msg_rcv: 177
tot_msg_sent: 463
tot_reconf_duration: 4.8100000000000005
tot_sleeping_duration: 421362.95483999787
tot_uptimes: 110
tot_uptimes_duration: 6540.012160002123
