comms_cons: 77.32122880728207
finished_reconf: true
global_termination_time: 333863.58480000036
local_termination_time: 2459.5996
node_cons: 6887.056083139687
tot_aggregated_send: 0
tot_msg_rcv: 6736
tot_msg_sent: 5005
tot_reconf_duration: 18.21
tot_sleeping_duration: 328738.6207199856
tot_uptimes: 86
tot_uptimes_duration: 5124.964080014703
