comms_cons: 32.95976960046042
finished_reconf: true
global_termination_time: 335342.489
local_termination_time: 98850.23647999995
node_cons: 6846.051539999994
tot_aggregated_send: 4640
tot_msg_rcv: 91
tot_msg_sent: 279
tot_reconf_duration: 12.629999999999999
tot_sleeping_duration: 330242.489
tot_uptimes: 86
tot_uptimes_duration: 5100.0
