comms_cons: 2.2632447999947782
finished_reconf: true
global_termination_time: 13921.084
local_termination_time: 6531.1143600000005
node_cons: 251.639560000001
tot_aggregated_send: 0
tot_msg_rcv: 176
tot_msg_sent: 167
tot_reconf_duration: 7.819999999999999
tot_sleeping_duration: 13741.083999999999
tot_uptimes: 4
tot_uptimes_duration: 180.0000000000001
