comms_cons: 295.89126401522884
finished_reconf: true
global_termination_time: 2929884.245239997
local_termination_time: 163073.72748000006
node_cons: 60300.2065605284
tot_aggregated_send: 40542
tot_msg_rcv: 1510
tot_msg_sent: 2919
tot_reconf_duration: 18.21
tot_sleeping_duration: 2884868.9522000197
tot_uptimes: 751
tot_uptimes_duration: 45015.29303997726
