comms_cons: 369.89139170002034
finished_reconf: true
global_termination_time: 1864878.416
local_termination_time: 887.4115999999999
node_cons: 38346.949885588576
tot_aggregated_send: 0
tot_msg_rcv: 28549
tot_msg_sent: 27671
tot_reconf_duration: 18.21
tot_sleeping_duration: 1836258.3856000085
tot_uptimes: 478
tot_uptimes_duration: 28620.030399991607
