comms_cons: 189.01446398564
finished_reconf: true
global_termination_time: 1860920.437
local_termination_time: 23565.479600000002
node_cons: 38246.063311177335
tot_aggregated_send: 25404
tot_msg_rcv: 1109
tot_msg_sent: 2216
tot_reconf_duration: 3.05
tot_sleeping_duration: 1832360.3762000166
tot_uptimes: 477
tot_uptimes_duration: 28560.060799983214
