comms_cons: 190.06220797923464
finished_reconf: true
global_termination_time: 1864179.173
local_termination_time: 77255.43727999953
node_cons: 38332.880971168146
tot_aggregated_send: 25056
tot_msg_rcv: 1211
tot_msg_sent: 2620
tot_reconf_duration: 7.819999999999999
tot_sleeping_duration: 1835559.1122000236
tot_uptimes: 478
tot_uptimes_duration: 28620.060799976345
