comms_cons: 184.65245438752706
finished_reconf: true
global_termination_time: 1862286.068
local_termination_time: 364075.8784800001
node_cons: 38249.262786705396
tot_aggregated_send: 25694
tot_msg_rcv: 798
tot_msg_sent: 1575
tot_reconf_duration: 5.43
tot_sleeping_duration: 1833726.0315200107
tot_uptimes: 477
tot_uptimes_duration: 28560.03647998924
