comms_cons: 57.98248960053106
finished_reconf: true
global_termination_time: 590375.9842400005
local_termination_time: 73151.33575999949
node_cons: 12244.890727359649
tot_aggregated_send: 8004
tot_msg_rcv: 286
tot_msg_sent: 522
tot_reconf_duration: 18.21
tot_sleeping_duration: 581249.6500000007
tot_uptimes: 152
tot_uptimes_duration: 9126.33423999972
