comms_cons: 159.1771647918294
finished_reconf: true
global_termination_time: 1628862.08
local_termination_time: 1232022.3323599997
node_cons: 33505.938182233425
tot_aggregated_send: 22968
tot_msg_rcv: 404
tot_msg_sent: 822
tot_reconf_duration: 3.05
tot_sleeping_duration: 1603842.0678400048
tot_uptimes: 418
tot_uptimes_duration: 25020.01215999527
