comms_cons: 91.64825599490608
finished_reconf: true
global_termination_time: 908269.25924
local_termination_time: 16109.727360000003
node_cons: 18682.709747200966
tot_aggregated_send: 12064
tot_msg_rcv: 514
tot_msg_sent: 1351
tot_reconf_duration: 18.21
tot_sleeping_duration: 894334.9944399993
tot_uptimes: 233
tot_uptimes_duration: 13934.264800000703
