comms_cons: 648.6342270323796
finished_reconf: true
global_termination_time: 908574.08
local_termination_time: 295291.5876000001
node_cons: 90195.017018217
tot_aggregated_send: 0
tot_msg_rcv: 44644
tot_msg_sent: 53944
tot_reconf_duration: 5.57
tot_sleeping_duration: 841219.7461999857
tot_uptimes: 1086
tot_uptimes_duration: 67354.33380001424
