comms_cons: 93.20752639553768
finished_reconf: true
global_termination_time: 909903.044
local_termination_time: 444428.7080400003
node_cons: 18753.593682238276
tot_aggregated_send: 11948
tot_msg_rcv: 763
tot_msg_sent: 1456
tot_reconf_duration: 25.299999999999997
tot_sleeping_duration: 895923.0318400013
tot_uptimes: 234
tot_uptimes_duration: 13980.012159998703
