comms_cons: 93.62785919350728
finished_reconf: true
global_termination_time: 912134.959
local_termination_time: 94653.07735999998
node_cons: 18750.04382895541
tot_aggregated_send: 11658
tot_msg_rcv: 949
tot_msg_sent: 1624
tot_reconf_duration: 22.65
tot_sleeping_duration: 898154.9103600035
tot_uptimes: 234
tot_uptimes_duration: 13980.048639996545
