comms_cons: 92.91146239682732
finished_reconf: true
global_termination_time: 909372.116
local_termination_time: 2224.6974800000003
node_cons: 18643.070746719415
tot_aggregated_send: 12412
tot_msg_rcv: 657
tot_msg_sent: 1053
tot_reconf_duration: 3.05
tot_sleeping_duration: 895452.0795200005
tot_uptimes: 233
tot_uptimes_duration: 13920.036479999544
