comms_cons: 92.76755199739746
finished_reconf: true
global_termination_time: 912928.027
local_termination_time: 275391.0230800002
node_cons: 18729.855842242898
tot_aggregated_send: 12006
tot_msg_rcv: 760
tot_msg_sent: 1334
tot_reconf_duration: 7.819999999999999
tot_sleeping_duration: 898948.0148399979
tot_uptimes: 234
tot_uptimes_duration: 13980.012160002138
