comms_cons: 60.98376320593126
finished_reconf: true
global_termination_time: 294280.2178400006
local_termination_time: 294280.17672000057
node_cons: 6112.627504243067
tot_aggregated_send: 0
tot_msg_rcv: 4879
tot_msg_sent: 4387
tot_reconf_duration: 24.59
tot_sleeping_duration: 289740.0876799983
tot_uptimes: 76
tot_uptimes_duration: 4540.130160002278
