comms_cons: 30.27089920029571
finished_reconf: true
global_termination_time: 297709.961
local_termination_time: 77073.62651999977
node_cons: 6112.388262242865
tot_aggregated_send: 3944
tot_msg_rcv: 195
tot_msg_sent: 462
tot_reconf_duration: 4.8100000000000005
tot_sleeping_duration: 293149.9488399979
tot_uptimes: 77
tot_uptimes_duration: 4560.0121600021375
