comms_cons: 29.330073600329555
finished_reconf: true
global_termination_time: 295614.712
local_termination_time: 12655.56136
node_cons: 6031.4616200000055
tot_aggregated_send: 4060
tot_msg_rcv: 112
tot_msg_sent: 286
tot_reconf_duration: 4.390000000000001
tot_sleeping_duration: 291114.712
tot_uptimes: 76
tot_uptimes_duration: 4500.0
