comms_cons: 307.80032000446954
finished_reconf: true
global_termination_time: 3102936.57
local_termination_time: 1323294.485119998
node_cons: 63794.167063349305
tot_aggregated_send: 43152
tot_msg_rcv: 1212
tot_msg_sent: 2420
tot_reconf_duration: 3.08
tot_sleeping_duration: 3055296.5517600067
tot_uptimes: 795
tot_uptimes_duration: 47640.0182399929
