comms_cons: 311.8662656088859
finished_reconf: true
global_termination_time: 3103688.324
local_termination_time: 358344.52428000036
node_cons: 63820.78382893863
tot_aggregated_send: 43268
tot_msg_rcv: 1458
tot_msg_sent: 2676
tot_reconf_duration: 22.65
tot_sleeping_duration: 3056048.275360015
tot_uptimes: 795
tot_uptimes_duration: 47640.048639984976
