comms_cons: 309.26097279811864
finished_reconf: true
global_termination_time: 3099862.055
local_termination_time: 375460.15036
node_cons: 63716.20896781717
tot_aggregated_send: 43558
tot_msg_rcv: 1210
tot_msg_sent: 2236
tot_reconf_duration: 4.8100000000000005
tot_sleeping_duration: 3052282.0124400165
tot_uptimes: 794
tot_uptimes_duration: 47580.04255998391
