comms_cons: 181.9028287937771
finished_reconf: true
global_termination_time: 1841710.476
local_termination_time: 804070.365
node_cons: 37848.584011756706
tot_aggregated_send: 26560
tot_msg_rcv: 334
tot_msg_sent: 755
tot_reconf_duration: 5.1
tot_sleeping_duration: 1813449.3421600023
tot_uptimes: 472
tot_uptimes_duration: 28261.13383999769
