comms_cons: 183.15834878968738
finished_reconf: true
global_termination_time: 1842077.703
local_termination_time: 590651.5223599998
node_cons: 37860.97171999979
tot_aggregated_send: 26100
tot_msg_rcv: 649
tot_msg_sent: 1090
tot_reconf_duration: 15.34
tot_sleeping_duration: 1813817.703
tot_uptimes: 472
tot_uptimes_duration: 28260.0
