comms_cons: 124.5646207956884
finished_reconf: true
global_termination_time: 1256925.08
local_termination_time: 409032.1056000006
node_cons: 25819.89870000007
tot_aggregated_send: 18038
tot_msg_rcv: 350
tot_msg_sent: 545
tot_reconf_duration: 22.65
tot_sleeping_duration: 1237665.08
tot_uptimes: 322
tot_uptimes_duration: 19260.0
