comms_cons: 124.16259199605234
finished_reconf: true
global_termination_time: 1254976.183
local_termination_time: 289218.9142800004
node_cons: 25796.70406000001
tot_aggregated_send: 18096
tot_msg_rcv: 258
tot_msg_sent: 517
tot_reconf_duration: 5.57
tot_sleeping_duration: 1235716.1830000002
tot_uptimes: 322
tot_uptimes_duration: 19259.99999999997
