comms_cons: 123.90319999853479
finished_reconf: true
global_termination_time: 1256137.848
local_termination_time: 270635.9311200009
node_cons: 25847.461643681243
tot_aggregated_send: 18154
tot_msg_rcv: 219
tot_msg_sent: 459
tot_reconf_duration: 25.299999999999997
tot_sleeping_duration: 1236859.9508799992
tot_uptimes: 322
tot_uptimes_duration: 19277.89712000091
