comms_cons: 124.24881919484058
finished_reconf: true
global_termination_time: 1254391.787
local_termination_time: 485583.1783600001
node_cons: 25793.281900000104
tot_aggregated_send: 17922
tot_msg_rcv: 325
tot_msg_sent: 638
tot_reconf_duration: 3.05
tot_sleeping_duration: 1235131.787
tot_uptimes: 322
tot_uptimes_duration: 19260.0
