comms_cons: 125.23695359526346
finished_reconf: true
global_termination_time: 1254913.103
local_termination_time: 275674.06036000006
node_cons: 25809.97986112147
tot_aggregated_send: 17690
tot_msg_rcv: 504
tot_msg_sent: 841
tot_reconf_duration: 15.34
tot_sleeping_duration: 1235653.0969199988
tot_uptimes: 322
tot_uptimes_duration: 19260.00608000104
