comms_cons: 333.8321408158347
finished_reconf: true
global_termination_time: 3340923.8622399913
local_termination_time: 20910.586720000003
node_cons: 68760.33796941262
tot_aggregated_send: 46806
tot_msg_rcv: 1257
tot_msg_sent: 2677
tot_reconf_duration: 11.31
tot_sleeping_duration: 3289583.3252800102
tot_uptimes: 856
tot_uptimes_duration: 51340.53695998067
