comms_cons: 153.9545343902597
finished_reconf: true
global_termination_time: 1519099.4992400003
local_termination_time: 173179.87848000004
node_cons: 31315.00692496281
tot_aggregated_send: 20938
tot_msg_rcv: 928
tot_msg_sent: 1534
tot_reconf_duration: 18.21
tot_sleeping_duration: 1495731.1065999982
tot_uptimes: 390
tot_uptimes_duration: 23368.392640002072
