comms_cons: 0.7039744000015697
finished_reconf: true
global_termination_time: 5484.926
local_termination_time: 1452.3963600000004
node_cons: 98.22486000000009
tot_aggregated_send: 0
tot_msg_rcv: 61
tot_msg_sent: 46
tot_reconf_duration: 13.17
tot_sleeping_duration: 5424.926
tot_uptimes: 2
tot_uptimes_duration: 60.0
