comms_cons: 234.46369278677406
finished_reconf: true
global_termination_time: 2400408.208
local_termination_time: 384368.13836000004
node_cons: 49335.31640335442
tot_aggregated_send: 33060
tot_msg_rcv: 930
tot_msg_sent: 1647
tot_reconf_duration: 4.8100000000000005
tot_sleeping_duration: 2363568.1897600037
tot_uptimes: 615
tot_uptimes_duration: 36840.01823999634
