comms_cons: 78.44442880038932
finished_reconf: true
global_termination_time: 805790.945
local_termination_time: 4194.790999999999
node_cons: 16579.505863362894
tot_aggregated_send: 10825
tot_msg_rcv: 407
tot_msg_sent: 692
tot_reconf_duration: 21.68
tot_sleeping_duration: 793430.9267599978
tot_uptimes: 207
tot_uptimes_duration: 12360.018240002144
