comms_cons: 14.882777599815066
finished_reconf: true
global_termination_time: 120416.246
local_termination_time: 14171.159360000001
node_cons: 2434.9617444808837
tot_aggregated_send: 812
tot_msg_rcv: 641
tot_msg_sent: 809
tot_reconf_duration: 18.21
tot_sleeping_duration: 118616.22167999933
tot_uptimes: 31
tot_uptimes_duration: 1800.024320000659
