comms_cons: 13.75294079979275
finished_reconf: true
global_termination_time: 118985.109
local_termination_time: 48333.27148000001
node_cons: 2418.744522240581
tot_aggregated_send: 870
tot_msg_rcv: 465
tot_msg_sent: 756
tot_reconf_duration: 6.279999999999999
tot_sleeping_duration: 117185.09683999956
tot_uptimes: 31
tot_uptimes_duration: 1800.012160000435
