comms_cons: 13.98891519956107
finished_reconf: true
global_termination_time: 120394.583
local_termination_time: 8512.312
node_cons: 2418.816406876612
tot_aggregated_send: 751
tot_msg_rcv: 609
tot_msg_sent: 768
tot_reconf_duration: 5.57
tot_sleeping_duration: 118593.79708000254
tot_uptimes: 31
tot_uptimes_duration: 1800.7859199974691
