comms_cons: 13.737996799915543
finished_reconf: true
global_termination_time: 117632.337
local_termination_time: 67922.83635999997
node_cons: 2428.1011422391575
tot_aggregated_send: 1102
tot_msg_rcv: 453
tot_msg_sent: 533
tot_reconf_duration: 13.17
tot_sleeping_duration: 115832.32484000063
tot_uptimes: 31
tot_uptimes_duration: 1800.0121599993727
