comms_cons: 1.3355775999955883
finished_reconf: true
global_termination_time: 9736.55848
local_termination_time: 9736.51736
node_cons: 229.8412198400071
tot_aggregated_send: 0
tot_msg_rcv: 104
tot_msg_sent: 98
tot_reconf_duration: 37.410000000000004
tot_sleeping_duration: 9602.847919999995
tot_uptimes: 3
tot_uptimes_duration: 133.710560000005
