comms_cons: 299.05221118222624
finished_reconf: true
global_termination_time: 622245.027
local_termination_time: 396066.8779200003
node_cons: 37491.23237048556
tot_aggregated_send: 0
tot_msg_rcv: 18431
tot_msg_sent: 27023
tot_reconf_duration: 18.21
tot_sleeping_duration: 594264.0686799957
tot_uptimes: 458
tot_uptimes_duration: 27980.95832000424
