comms_cons: 63.68791039827194
finished_reconf: true
global_termination_time: 622495.878
local_termination_time: 110373.10175999974
node_cons: 12808.433682242863
tot_aggregated_send: 8410
tot_msg_rcv: 477
tot_msg_sent: 794
tot_reconf_duration: 25.299999999999997
tot_sleeping_duration: 612955.8658399979
tot_uptimes: 160
tot_uptimes_duration: 9540.012160002138
