comms_cons: 63.49648640057087
finished_reconf: true
global_termination_time: 622139.947
local_termination_time: 350186.697
node_cons: 12792.651074162666
tot_aggregated_send: 8294
tot_msg_rcv: 438
tot_msg_sent: 919
tot_reconf_duration: 11.899999999999999
tot_sleeping_duration: 612598.131559998
tot_uptimes: 160
tot_uptimes_duration: 9541.815440002014
