comms_cons: 62.18659839850255
finished_reconf: true
global_termination_time: 624493.742
local_termination_time: 336589.6453600001
node_cons: 12778.201900000082
tot_aggregated_send: 8874
tot_msg_rcv: 232
tot_msg_sent: 346
tot_reconf_duration: 3.05
tot_sleeping_duration: 614953.742
tot_uptimes: 160
tot_uptimes_duration: 9540.0
