comms_cons: 64.58142720043578
finished_reconf: true
global_termination_time: 655123.86
local_termination_time: 252527.79688000045
node_cons: 13424.344060000029
tot_aggregated_send: 9512
tot_msg_rcv: 135
tot_msg_sent: 169
tot_reconf_duration: 5.57
tot_sleeping_duration: 645103.86
tot_uptimes: 168
tot_uptimes_duration: 10020.0
