comms_cons: 64.77957759958522
finished_reconf: true
global_termination_time: 653928.417
local_termination_time: 62840.31152000018
node_cons: 13469.424926399408
tot_aggregated_send: 9338
tot_msg_rcv: 171
tot_msg_sent: 337
tot_reconf_duration: 25.299999999999997
tot_sleeping_duration: 643894.7594000004
tot_uptimes: 168
tot_uptimes_duration: 10033.65759999954
