comms_cons: 13.762713599970041
finished_reconf: true
global_termination_time: 10375.244240000004
local_termination_time: 290.8280399999995
node_cons: 1856.4788233600023
tot_aggregated_send: 0
tot_msg_rcv: 1001
tot_msg_sent: 1089
tot_reconf_duration: 18.21
tot_sleeping_duration: 9007.246000000001
tot_uptimes: 22
tot_uptimes_duration: 1367.9982400000022
