comms_cons: 527.7234176965867
finished_reconf: true
global_termination_time: 5276137.708
local_termination_time: 684170.5724799999
node_cons: 108545.35860781524
tot_aggregated_send: 73486
tot_msg_rcv: 2247
tot_msg_sent: 4477
tot_reconf_duration: 4.390000000000001
tot_sleeping_duration: 5195077.6654400155
tot_uptimes: 1352
tot_uptimes_duration: 81060.0425599839
