comms_cons: 8.923276800064736
finished_reconf: true
global_termination_time: 75854.032
local_termination_time: 5629.121
node_cons: 1532.0196244805975
tot_aggregated_send: 577
tot_msg_rcv: 337
tot_msg_sent: 442
tot_reconf_duration: 4.07
tot_sleeping_duration: 74714.00767999956
tot_uptimes: 20
tot_uptimes_duration: 1140.024320000446
