comms_cons: 8.054822399882331
finished_reconf: true
global_termination_time: 76087.632
local_termination_time: 2987.0132399999998
node_cons: 1543.1090455991764
tot_aggregated_send: 406
tot_msg_rcv: 343
tot_msg_sent: 477
tot_reconf_duration: 12.23
tot_sleeping_duration: 74947.60160000062
tot_uptimes: 20
tot_uptimes_duration: 1140.0303999993848
