comms_cons: 53.60136960105
finished_reconf: true
global_termination_time: 523851.511
local_termination_time: 71404.26835999997
node_cons: 10790.35430896919
tot_aggregated_send: 6670
tot_msg_rcv: 492
tot_msg_sent: 985
tot_reconf_duration: 18.21
tot_sleeping_duration: 515811.46235999314
tot_uptimes: 135
tot_uptimes_duration: 8040.048640006848
