comms_cons: 191.9412351084547
finished_reconf: true
global_termination_time: 975286.7275999999
local_termination_time: 2655.06548
node_cons: 20055.996130633554
tot_aggregated_send: 0
tot_msg_rcv: 14739
tot_msg_sent: 14434
tot_reconf_duration: 22.65
tot_sleeping_duration: 960331.3598400047
tot_uptimes: 250
tot_uptimes_duration: 14955.367759995162
