comms_cons: 96.26685439931038
finished_reconf: true
global_termination_time: 978764.552
local_termination_time: 370108.6635600002
node_cons: 20093.44675999999
tot_aggregated_send: 14210
tot_msg_rcv: 137
tot_msg_sent: 285
tot_reconf_duration: 6.22
tot_sleeping_duration: 963764.552
tot_uptimes: 251
tot_uptimes_duration: 15000.0
