comms_cons: 113.34255360653913
finished_reconf: true
global_termination_time: 232606.9776000001
local_termination_time: 232606.9364800001
node_cons: 14311.07731396221
tot_aggregated_send: 0
tot_msg_rcv: 6936
tot_msg_sent: 10291
tot_reconf_duration: 37.410000000000004
tot_sleeping_duration: 221957.0339599985
tot_uptimes: 175
tot_uptimes_duration: 10649.943640001628
