comms_cons: 48.46238720143854
finished_reconf: true
global_termination_time: 468288.707
local_termination_time: 235608.90236000007
node_cons: 9581.32428448573
tot_aggregated_send: 6090
tot_msg_rcv: 472
tot_msg_sent: 804
tot_reconf_duration: 15.34
tot_sleeping_duration: 461148.6826799957
tot_uptimes: 120
tot_uptimes_duration: 7140.024320004275
