comms_cons: 383.79615968439873
finished_reconf: true
global_termination_time: 2350270.715
local_termination_time: 333584.17000000004
node_cons: 48336.37562422281
tot_aggregated_send: 0
tot_msg_rcv: 29554
tot_msg_sent: 28786
tot_reconf_duration: 22.65
tot_sleeping_duration: 2314194.824840012
tot_uptimes: 602
tot_uptimes_duration: 36075.89015998761
