comms_cons: 231.29835518955318
finished_reconf: true
global_termination_time: 2351582.647
local_termination_time: 1608101.7833599998
node_cons: 48382.573001116114
tot_aggregated_send: 33582
tot_msg_rcv: 540
tot_msg_sent: 1034
tot_reconf_duration: 13.17
tot_sleeping_duration: 2315462.640920002
tot_uptimes: 603
tot_uptimes_duration: 36120.006079997635
