comms_cons: 231.08782079331363
finished_reconf: true
global_termination_time: 2352419.103
local_termination_time: 1765606.9203599996
node_cons: 48385.1993799992
tot_aggregated_send: 34162
tot_msg_rcv: 323
tot_msg_sent: 639
tot_reconf_duration: 15.110000000000001
tot_sleeping_duration: 2316299.103
tot_uptimes: 603
tot_uptimes_duration: 36120.0
