comms_cons: 237.94511997756916
finished_reconf: true
global_termination_time: 2352187.593
local_termination_time: 354857.6713600001
node_cons: 48368.960298999395
tot_aggregated_send: 31030
tot_msg_rcv: 1744
tot_msg_sent: 3391
tot_reconf_duration: 3.05
tot_sleeping_duration: 2316067.48964003
tot_uptimes: 603
tot_uptimes_duration: 36120.10335997009
