comms_cons: 236.66823677365673
finished_reconf: true
global_termination_time: 2350255.593
local_termination_time: 522799.72728000034
node_cons: 48292.868171167676
tot_aggregated_send: 31552
tot_msg_rcv: 1567
tot_msg_sent: 2856
tot_reconf_duration: 6.22
tot_sleeping_duration: 2314195.5322000235
tot_uptimes: 602
tot_uptimes_duration: 36060.060799976345
