comms_cons: 236.51679358320723
finished_reconf: true
global_termination_time: 2349850.86
local_termination_time: 312663.61132000067
node_cons: 48291.827915639624
tot_aggregated_send: 31262
tot_msg_rcv: 1572
tot_msg_sent: 3115
tot_reconf_duration: 5.43
tot_sleeping_duration: 2313790.7748800293
tot_uptimes: 602
tot_uptimes_duration: 36060.08511997032
