comms_cons: 442.5789824921092
finished_reconf: true
global_termination_time: 4358073.011
local_termination_time: 867146.569759999
node_cons: 89670.47506669948
tot_aggregated_send: 59914
tot_msg_rcv: 2538
tot_msg_sent: 4818
tot_reconf_duration: 8.09
tot_sleeping_duration: 4291112.974520014
tot_uptimes: 1117
tot_uptimes_duration: 66960.0364799865
