comms_cons: 433.066771254513
finished_reconf: true
global_termination_time: 4358089.897
local_termination_time: 1689977.7152399991
node_cons: 89675.60019999777
tot_aggregated_send: 62524
tot_msg_rcv: 1103
tot_msg_sent: 2195
tot_reconf_duration: 11.899999999999999
tot_sleeping_duration: 4291129.897
tot_uptimes: 1117
tot_uptimes_duration: 66960.0
