comms_cons: 435.098630436058
finished_reconf: true
global_termination_time: 4359229.752
local_termination_time: 1082587.0361599994
node_cons: 89670.11654781675
tot_aggregated_send: 61538
tot_msg_rcv: 1514
tot_msg_sent: 3080
tot_reconf_duration: 7.819999999999999
tot_sleeping_duration: 4292269.709440016
tot_uptimes: 1117
tot_uptimes_duration: 66960.04255998437
