comms_cons: 438.30248964942285
finished_reconf: true
global_termination_time: 4359024.981
local_termination_time: 348166.23736
node_cons: 89666.8872100546
tot_aggregated_send: 60204
tot_msg_rcv: 2114
tot_msg_sent: 4301
tot_reconf_duration: 5.43
tot_sleeping_duration: 4292064.926280017
tot_uptimes: 1117
tot_uptimes_duration: 66960.05471998284
