comms_cons: 322.0201856236171
finished_reconf: true
global_termination_time: 3224744.215
local_termination_time: 1195789.65236
node_cons: 66292.92022670037
tot_aggregated_send: 45414
tot_msg_rcv: 1266
tot_msg_sent: 2265
tot_reconf_duration: 9.11
tot_sleeping_duration: 3175244.1785200136
tot_uptimes: 826
tot_uptimes_duration: 49500.03647998627
