comms_cons: 325.8091904299236
finished_reconf: true
global_termination_time: 3224823.579
local_termination_time: 740946.6002799983
node_cons: 66302.896443735
tot_aggregated_send: 45124
tot_msg_rcv: 1675
tot_msg_sent: 2723
tot_reconf_duration: 15.110000000000001
tot_sleeping_duration: 3175322.1771600177
tot_uptimes: 826
tot_uptimes_duration: 49501.40183998237
