comms_cons: 634.9906566383394
finished_reconf: true
global_termination_time: 3221913.376
local_termination_time: 3101.0533600000003
node_cons: 66296.71718782229
tot_aggregated_send: 0
tot_msg_rcv: 48658
tot_msg_sent: 47854
tot_reconf_duration: 11.899999999999999
tot_sleeping_duration: 3172413.3334400123
tot_uptimes: 826
tot_uptimes_duration: 49500.04255998781
