comms_cons: 32.57424640000701
finished_reconf: true
global_termination_time: 321633.693
local_termination_time: 46376.23148000002
node_cons: 6596.326760000009
tot_aggregated_send: 4408
tot_msg_rcv: 199
tot_msg_sent: 344
tot_reconf_duration: 6.22
tot_sleeping_duration: 316713.693
tot_uptimes: 83
tot_uptimes_duration: 4920.0
