comms_cons: 219.54583027900236
finished_reconf: true
global_termination_time: 1194191.495
local_termination_time: 99671.04735999997
node_cons: 24512.325933429613
tot_aggregated_send: 0
tot_msg_rcv: 17171
tot_msg_sent: 16199
tot_reconf_duration: 6.279999999999999
tot_sleeping_duration: 1175891.422040008
tot_uptimes: 306
tot_uptimes_duration: 18300.07295999222
