comms_cons: 217.50040948197466
finished_reconf: true
global_termination_time: 1194453.433
local_termination_time: 311078.86136000004
node_cons: 24510.728313827065
tot_aggregated_send: 0
tot_msg_rcv: 16916
tot_msg_sent: 16143
tot_reconf_duration: 5.1
tot_sleeping_duration: 1176153.3564400095
tot_uptimes: 306
tot_uptimes_duration: 18300.07655999034
