comms_cons: 216.72824948251483
finished_reconf: true
global_termination_time: 1192689.703
local_termination_time: 98645.37335999997
node_cons: 24514.77014850425
tot_aggregated_send: 0
tot_msg_rcv: 16803
tot_msg_sent: 16140
tot_reconf_duration: 8.09
tot_sleeping_duration: 1174389.6403200119
tot_uptimes: 306
tot_uptimes_duration: 18300.062679988216
