comms_cons: 122.14706559462499
finished_reconf: true
global_termination_time: 1192762.879
local_termination_time: 396728.07844000065
node_cons: 24520.88410448117
tot_aggregated_send: 16182
tot_msg_rcv: 882
tot_msg_sent: 1502
tot_reconf_duration: 12.629999999999999
tot_sleeping_duration: 1174462.8546799992
tot_uptimes: 306
tot_uptimes_duration: 18300.02432000084
