comms_cons: 123.54193918625188
finished_reconf: true
global_termination_time: 1190668.7162400002
local_termination_time: 9718.430479999999
node_cons: 24477.7318605494
tot_aggregated_send: 15254
tot_msg_rcv: 1185
tot_msg_sent: 2337
tot_reconf_duration: 3.05
tot_sleeping_duration: 1172391.203200008
tot_uptimes: 305
tot_uptimes_duration: 18277.51303999206
