comms_cons: 74.14259199953563
finished_reconf: true
global_termination_time: 749351.562
local_termination_time: 8527.368480000001
node_cons: 15369.701744484315
tot_aggregated_send: 10266
tot_msg_rcv: 372
tot_msg_sent: 631
tot_reconf_duration: 18.21
tot_sleeping_duration: 737891.5376799968
tot_uptimes: 192
tot_uptimes_duration: 11460.024320003206
