comms_cons: 73.68046079967496
finished_reconf: true
global_termination_time: 747197.041
local_termination_time: 235296.288
node_cons: 15381.373489119287
tot_aggregated_send: 10612
tot_msg_rcv: 167
tot_msg_sent: 420
tot_reconf_duration: 22.65
tot_sleeping_duration: 735732.8029200005
tot_uptimes: 192
tot_uptimes_duration: 11464.238079999457
