comms_cons: 784.7827452691159
finished_reconf: true
global_termination_time: 1041881.097
local_termination_time: 178898.98460000008
node_cons: 104248.32082241125
tot_aggregated_send: 0
tot_msg_rcv: 53867
tot_msg_sent: 65418
tot_reconf_duration: 5.57
tot_sleeping_duration: 964031.3906800493
tot_uptimes: 1256
tot_uptimes_duration: 77849.70631995067
