comms_cons: 105.34560639335335
finished_reconf: true
global_termination_time: 1042291.354
local_termination_time: 131171.55036000008
node_cons: 21388.349283350544
tot_aggregated_send: 14268
tot_msg_rcv: 591
tot_msg_sent: 1152
tot_reconf_duration: 13.17
tot_sleeping_duration: 1026331.3357600071
tot_uptimes: 267
tot_uptimes_duration: 15960.018239992904
