comms_cons: 105.64879359449283
finished_reconf: true
global_termination_time: 1045597.47
local_termination_time: 508029.4543600001
node_cons: 21481.579405593424
tot_aggregated_send: 14152
tot_msg_rcv: 641
tot_msg_sent: 1265
tot_reconf_duration: 22.65
tot_sleeping_duration: 1029577.4396000049
tot_uptimes: 268
tot_uptimes_duration: 16020.030399995041
