comms_cons: 104.9125503973849
finished_reconf: true
global_termination_time: 1045227.424
local_termination_time: 431205.47736
node_cons: 21463.588642238275
tot_aggregated_send: 14674
tot_msg_rcv: 465
tot_msg_sent: 808
tot_reconf_duration: 9.42
tot_sleeping_duration: 1029207.4118400014
tot_uptimes: 268
tot_uptimes_duration: 16020.012159998703
