comms_cons: 106.50408959316012
finished_reconf: true
global_termination_time: 1045494.361
local_termination_time: 612506.4723599999
node_cons: 21467.98038670103
tot_aggregated_send: 14036
tot_msg_rcv: 706
tot_msg_sent: 1446
tot_reconf_duration: 12.629999999999999
tot_sleeping_duration: 1029474.3245200142
tot_uptimes: 268
tot_uptimes_duration: 16020.036479985807
