comms_cons: 47.04911359989674
finished_reconf: true
global_termination_time: 466630.1914800001
local_termination_time: 466630.1503600001
node_cons: 9612.203518720124
tot_aggregated_send: 6482
tot_msg_rcv: 254
tot_msg_sent: 416
tot_reconf_duration: 24.59
tot_sleeping_duration: 459476.487
tot_uptimes: 120
tot_uptimes_duration: 7153.704480000073
