comms_cons: 137.25823999143157
finished_reconf: true
global_termination_time: 1350002.726
local_termination_time: 517453.4861200005
node_cons: 27724.929188934708
tot_aggregated_send: 17284
tot_msg_rcv: 1343
tot_msg_sent: 2235
tot_reconf_duration: 5.57
tot_sleeping_duration: 1329302.677360019
tot_uptimes: 346
tot_uptimes_duration: 20700.048639981076
