comms_cons: 134.3939455901416
finished_reconf: true
global_termination_time: 1350081.12
local_termination_time: 567126.8717199997
node_cons: 27724.26650558417
tot_aggregated_send: 17516
tot_msg_rcv: 987
tot_msg_sent: 1925
tot_reconf_duration: 5.1
tot_sleeping_duration: 1329381.089600012
tot_uptimes: 346
tot_uptimes_duration: 20700.030399988173
