comms_cons: 134.41534718993515
finished_reconf: true
global_termination_time: 1351273.151
local_termination_time: 594612.383
node_cons: 27838.141947824497
tot_aggregated_send: 17456
tot_msg_rcv: 866
tot_msg_sent: 2109
tot_reconf_duration: 18.700000000000003
tot_sleeping_duration: 1330501.8684400117
tot_uptimes: 347
tot_uptimes_duration: 20771.282559988438
