comms_cons: 137.25990398869425
finished_reconf: true
global_termination_time: 1349022.73024
local_termination_time: 26239.426480000006
node_cons: 27741.886716065696
tot_aggregated_send: 18212
tot_msg_rcv: 897
tot_msg_sent: 1752
tot_reconf_duration: 3.05
tot_sleeping_duration: 1328307.4615200106
tot_uptimes: 346
tot_uptimes_duration: 20715.268719989283
