comms_cons: 437.3616576844653
finished_reconf: true
global_termination_time: 4345717.994
local_termination_time: 2028682.59736
node_cons: 89344.66082669992
tot_aggregated_send: 60320
tot_msg_rcv: 1975
tot_msg_sent: 4179
tot_reconf_duration: 4.8100000000000005
tot_sleeping_duration: 4278997.957520014
tot_uptimes: 1113
tot_uptimes_duration: 66720.03647998674
