comms_cons: 334.76216323545486
finished_reconf: true
global_termination_time: 3322359.534
local_termination_time: 190081.20148000008
node_cons: 68297.60151005063
tot_aggregated_send: 46226
tot_msg_rcv: 1574
tot_msg_sent: 3081
tot_reconf_duration: 6.279999999999999
tot_sleeping_duration: 3271359.479280021
tot_uptimes: 851
tot_uptimes_duration: 51000.054719979176
