comms_cons: 654.7158087195676
finished_reconf: true
global_termination_time: 3322229.556
local_termination_time: 1072.9074800000026
node_cons: 68295.97464670474
tot_aggregated_send: 0
tot_msg_rcv: 50207
tot_msg_sent: 49301
tot_reconf_duration: 5.1
tot_sleeping_duration: 3271229.5195200103
tot_uptimes: 851
tot_uptimes_duration: 51000.03647998971
