comms_cons: 334.70169604401224
finished_reconf: true
global_termination_time: 3321681.967
local_termination_time: 962794.2801999996
node_cons: 68300.04320781693
tot_aggregated_send: 45472
tot_msg_rcv: 1797
tot_msg_sent: 3603
tot_reconf_duration: 8.09
tot_sleeping_duration: 3270681.924440016
tot_uptimes: 851
tot_uptimes_duration: 51000.04255998391
