comms_cons: 333.63248642908013
finished_reconf: true
global_termination_time: 3319294.384
local_termination_time: 1316445.6083599997
node_cons: 68301.84120670005
tot_aggregated_send: 46052
tot_msg_rcv: 1411
tot_msg_sent: 3249
tot_reconf_duration: 9.42
tot_sleeping_duration: 3268294.347520014
tot_uptimes: 851
tot_uptimes_duration: 51000.03647998627
