comms_cons: 223.56779519233
finished_reconf: true
global_termination_time: 2276796.371
local_termination_time: 5944.374
node_cons: 46870.72778334995
tot_aggregated_send: 31935
tot_msg_rcv: 771
tot_msg_sent: 1275
tot_reconf_duration: 23.919999999999998
tot_sleeping_duration: 2241816.352760007
tot_uptimes: 584
tot_uptimes_duration: 34980.0182399929
