comms_cons: 198.54253437932897
finished_reconf: true
global_termination_time: 1980609.185
local_termination_time: 43042.69748000002
node_cons: 40738.36604335481
tot_aggregated_send: 26796
tot_msg_rcv: 1100
tot_msg_sent: 2280
tot_reconf_duration: 4.390000000000001
tot_sleeping_duration: 1950189.1667600037
tot_uptimes: 508
tot_uptimes_duration: 30420.018239996338
