comms_cons: 199.92173438187947
finished_reconf: true
global_termination_time: 1981189.687
local_termination_time: 250322.66436000005
node_cons: 40736.56260559305
tot_aggregated_send: 27260
tot_msg_rcv: 975
tot_msg_sent: 2151
tot_reconf_duration: 3.05
tot_sleeping_duration: 1950769.656600005
tot_uptimes: 508
tot_uptimes_duration: 30420.03039999504
