comms_cons: 35.643456000067836
finished_reconf: true
global_termination_time: 358924.172
local_termination_time: 107640.88135999997
node_cons: 7321.559560000018
tot_aggregated_send: 5104
tot_msg_rcv: 146
tot_msg_sent: 167
tot_reconf_duration: 7.819999999999999
tot_sleeping_duration: 353464.172
tot_uptimes: 92
tot_uptimes_duration: 5460.0
