comms_cons: 36.33121919994813
finished_reconf: true
global_termination_time: 362019.801
local_termination_time: 64366.67432000014
node_cons: 7399.7430422428715
tot_aggregated_send: 4756
tot_msg_rcv: 271
tot_msg_sent: 495
tot_reconf_duration: 6.22
tot_sleeping_duration: 356499.78883999784
tot_uptimes: 93
tot_uptimes_duration: 5520.0121600021375
