comms_cons: 481.4062975495678
finished_reconf: true
global_termination_time: 2445130.855
local_termination_time: 1812956.1316799982
node_cons: 50323.623123349666
tot_aggregated_send: 0
tot_msg_rcv: 36876
tot_msg_sent: 36294
tot_reconf_duration: 22.65
tot_sleeping_duration: 2407570.836760007
tot_uptimes: 627
tot_uptimes_duration: 37560.0182399929
