comms_cons: 246.51493760358937
finished_reconf: true
global_termination_time: 2446205.385
local_termination_time: 405312.83736
node_cons: 50301.400804467215
tot_aggregated_send: 34104
tot_msg_rcv: 1157
tot_msg_sent: 2208
tot_reconf_duration: 6.279999999999999
tot_sleeping_duration: 2408645.360680009
tot_uptimes: 627
tot_uptimes_duration: 37560.024319991004
