comms_cons: 245.15084158594243
finished_reconf: true
global_termination_time: 2447412.73
local_termination_time: 1790953.869239998
node_cons: 50353.94590670714
tot_aggregated_send: 34162
tot_msg_rcv: 953
tot_msg_sent: 2147
tot_reconf_duration: 25.299999999999997
tot_sleeping_duration: 2409832.753520009
tot_uptimes: 627
tot_uptimes_duration: 37579.97647999087
