comms_cons: 117.00030720829348
finished_reconf: true
global_termination_time: 243504.33448000017
local_termination_time: 942.5864799999991
node_cons: 14675.36056292401
tot_aggregated_send: 0
tot_msg_rcv: 7222
tot_msg_sent: 10561
tot_reconf_duration: 18.21
tot_sleeping_duration: 232562.86219999718
tot_uptimes: 180
tot_uptimes_duration: 10941.472280002981
