comms_cons: 2.1831359999929423
finished_reconf: true
global_termination_time: 13454.819
local_termination_time: 5022.5563600000005
node_cons: 275.37740000000025
tot_aggregated_send: 0
tot_msg_rcv: 179
tot_msg_sent: 152
tot_reconf_duration: 25.299999999999997
tot_sleeping_duration: 13274.819
tot_uptimes: 4
tot_uptimes_duration: 180.0
