comms_cons: 214.08757118277038
finished_reconf: true
global_termination_time: 2162877.589
local_termination_time: 623029.7693599999
node_cons: 44438.69654781746
tot_aggregated_send: 28536
tot_msg_rcv: 1304
tot_msg_sent: 2700
tot_reconf_duration: 7.819999999999999
tot_sleeping_duration: 2129697.5464400165
tot_uptimes: 554
tot_uptimes_duration: 33180.04255998344
