comms_cons: 2.1185023999972206
finished_reconf: true
global_termination_time: 15819.969
local_termination_time: 5798.17736
node_cons: 333.73137999999955
tot_aggregated_send: 0
tot_msg_rcv: 171
tot_msg_sent: 151
tot_reconf_duration: 9.11
tot_sleeping_duration: 15579.969
tot_uptimes: 5
tot_uptimes_duration: 240.0
