comms_cons: 80.16755199950357
finished_reconf: true
global_termination_time: 822406.8087199999
local_termination_time: 710815.1533599999
node_cons: 16911.183198079787
tot_aggregated_send: 12122
tot_msg_rcv: 13
tot_msg_sent: 49
tot_reconf_duration: 15.110000000000001
tot_sleeping_duration: 809792.422
tot_uptimes: 211
tot_uptimes_duration: 12614.386719999835
