comms_cons: 80.98897920000002
finished_reconf: true
global_termination_time: 824990.649
local_termination_time: 103106.3215599996
node_cons: 16967.900200000036
tot_aggregated_send: 12064
tot_msg_rcv: 82
tot_msg_sent: 163
tot_reconf_duration: 11.899999999999999
tot_sleeping_duration: 812330.649
tot_uptimes: 212
tot_uptimes_duration: 12660.0
