comms_cons: 579.1065283889172
finished_reconf: true
global_termination_time: 2945313.257
local_termination_time: 1499623.8375999997
node_cons: 60607.14312334953
tot_aggregated_send: 0
tot_msg_rcv: 44303
tot_msg_sent: 43717
tot_reconf_duration: 22.65
tot_sleeping_duration: 2900073.238760007
tot_uptimes: 755
tot_uptimes_duration: 45240.01823999314
