comms_cons: 295.7159296059791
finished_reconf: true
global_termination_time: 2942131.917
local_termination_time: 1351824.61836
node_cons: 60583.94848334975
tot_aggregated_send: 41296
tot_msg_rcv: 1216
tot_msg_sent: 2436
tot_reconf_duration: 5.57
tot_sleeping_duration: 2896891.8987600068
tot_uptimes: 754
tot_uptimes_duration: 45240.01823999314
