comms_cons: 293.95233918603014
finished_reconf: true
global_termination_time: 2942117.886239997
local_termination_time: 1929.802320000003
node_cons: 60530.47954718217
tot_aggregated_send: 41006
tot_msg_rcv: 1231
tot_msg_sent: 2441
tot_reconf_duration: 11.31
tot_sleeping_duration: 2896923.6214400097
tot_uptimes: 754
tot_uptimes_duration: 45194.26479998755
