comms_cons: 118.48532479852571
finished_reconf: true
global_termination_time: 594755.241
local_termination_time: 482.4784799999991
node_cons: 12219.26848335971
tot_aggregated_send: 0
tot_msg_rcv: 9179
tot_msg_sent: 8827
tot_reconf_duration: 5.57
tot_sleeping_duration: 585635.2227600003
tot_uptimes: 153
tot_uptimes_duration: 9120.018239999772
