comms_cons: 513.4434623912291
finished_reconf: true
global_termination_time: 594203.8222799982
local_termination_time: 594203.7811599983
node_cons: 59144.59370034487
tot_aggregated_send: 0
tot_msg_rcv: 35391
tot_msg_sent: 42646
tot_reconf_duration: 37.410000000000004
tot_sleeping_duration: 550071.0433999789
tot_uptimes: 700
tot_uptimes_duration: 44132.77888001926
