comms_cons: 119.09003519813395
finished_reconf: true
global_termination_time: 594204.4222799983
local_termination_time: 3046.52936
node_cons: 12294.098191524941
tot_aggregated_send: 0
tot_msg_rcv: 9225
tot_msg_sent: 8875
tot_reconf_duration: 5.1
tot_sleeping_duration: 585028.0425999946
tot_uptimes: 153
tot_uptimes_duration: 9176.37968000368
