comms_cons: 61.49376000169782
finished_reconf: true
global_termination_time: 596049.201
local_termination_time: 313135.75908000063
node_cons: 12228.855963364316
tot_aggregated_send: 7714
tot_msg_rcv: 539
tot_msg_sent: 1094
tot_reconf_duration: 12.629999999999999
tot_sleeping_duration: 586929.1827599969
tot_uptimes: 153
tot_uptimes_duration: 9120.018240003206
