comms_cons: 60.31215360004419
finished_reconf: true
global_termination_time: 596172.864
local_termination_time: 57796.43960000012
node_cons: 12217.649761121456
tot_aggregated_send: 8178
tot_msg_rcv: 354
tot_msg_sent: 635
tot_reconf_duration: 4.390000000000001
tot_sleeping_duration: 587052.8579199988
tot_uptimes: 153
tot_uptimes_duration: 9120.006080001069
