comms_cons: 61.38421760114465
finished_reconf: true
global_termination_time: 595371.618
local_termination_time: 21332.8736
node_cons: 12219.06208111917
tot_aggregated_send: 7714
tot_msg_rcv: 511
tot_msg_sent: 1106
tot_reconf_duration: 5.43
tot_sleeping_duration: 586251.6119200006
tot_uptimes: 153
tot_uptimes_duration: 9120.006079999366
