comms_cons: 107.37912319846097
finished_reconf: true
global_termination_time: 1092323.983
local_termination_time: 730822.569
node_cons: 22429.339522077156
tot_aggregated_send: 15772
tot_msg_rcv: 200
tot_msg_sent: 349
tot_reconf_duration: 7.819999999999999
tot_sleeping_duration: 1075581.1002800022
tot_uptimes: 280
tot_uptimes_duration: 16742.882719997782
