comms_cons: 39.42054400063892
finished_reconf: true
global_termination_time: 393932.8
local_termination_time: 174749.32820000066
node_cons: 8051.151540000016
tot_aggregated_send: 5452
tot_msg_rcv: 202
tot_msg_sent: 337
tot_reconf_duration: 12.629999999999999
tot_sleeping_duration: 387932.8
tot_uptimes: 101
tot_uptimes_duration: 6000.0
