comms_cons: 38.61893120017877
finished_reconf: true
global_termination_time: 393002.196
local_termination_time: 143596.57148000007
node_cons: 8050.168341121433
tot_aggregated_send: 5626
tot_msg_rcv: 80
tot_msg_sent: 163
tot_reconf_duration: 11.899999999999999
tot_sleeping_duration: 387002.1899199989
tot_uptimes: 101
tot_uptimes_duration: 6000.006080001069
