comms_cons: 38.97518080042719
finished_reconf: true
global_termination_time: 393566.194
local_termination_time: 247906.19716000033
node_cons: 8039.96162000003
tot_aggregated_send: 5626
tot_msg_rcv: 128
tot_msg_sent: 170
tot_reconf_duration: 4.390000000000001
tot_sleeping_duration: 387566.194
tot_uptimes: 101
tot_uptimes_duration: 6000.0
