comms_cons: 38.600166400036485
finished_reconf: true
global_termination_time: 393729.782
local_termination_time: 80501.72147999996
node_cons: 8042.446760000012
tot_aggregated_send: 5684
tot_msg_rcv: 72
tot_msg_sent: 111
tot_reconf_duration: 6.22
tot_sleeping_duration: 387729.782
tot_uptimes: 101
tot_uptimes_duration: 6000.0
