comms_cons: 126.3028607935276
finished_reconf: true
global_termination_time: 1267520.2222400003
local_termination_time: 188814.99772000007
node_cons: 26106.447107191994
tot_aggregated_send: 17052
tot_msg_rcv: 693
tot_msg_sent: 1451
tot_reconf_duration: 18.21
tot_sleeping_duration: 1248041.7174400063
tot_uptimes: 325
tot_uptimes_duration: 19478.504799994
