comms_cons: 129.73524479121735
finished_reconf: true
global_termination_time: 1271430.891
local_termination_time: 633289.6903599999
node_cons: 26122.92836782704
tot_aggregated_send: 16182
tot_msg_rcv: 1272
tot_msg_sent: 2265
tot_reconf_duration: 9.11
tot_sleeping_duration: 1251930.8484400096
tot_uptimes: 326
tot_uptimes_duration: 19500.04255999031
