comms_cons: 126.5435135964824
finished_reconf: true
global_termination_time: 1271306.373
local_termination_time: 576334.6134799998
node_cons: 26123.301893677402
tot_aggregated_send: 18038
tot_msg_rcv: 388
tot_msg_sent: 807
tot_reconf_duration: 9.42
tot_sleeping_duration: 1251806.365880002
tot_uptimes: 326
tot_uptimes_duration: 19500.007119997987
