comms_cons: 128.84401919345495
finished_reconf: true
global_termination_time: 1270371.64
local_termination_time: 494910.9442000006
node_cons: 26117.056403355135
tot_aggregated_send: 17110
tot_msg_rcv: 822
tot_msg_sent: 1650
tot_reconf_duration: 4.8100000000000005
tot_sleeping_duration: 1250871.6217600035
tot_uptimes: 326
tot_uptimes_duration: 19500.018239996338
