comms_cons: 128.06576639149276
finished_reconf: true
global_termination_time: 1268469.398
local_termination_time: 453433.93836000003
node_cons: 26038.655606710192
tot_aggregated_send: 16936
tot_msg_rcv: 803
tot_msg_sent: 1727
tot_reconf_duration: 6.22
tot_sleeping_duration: 1249029.3615200073
tot_uptimes: 325
tot_uptimes_duration: 19440.036479992676
