comms_cons: 135.46083839554134
finished_reconf: true
global_termination_time: 1368212.66
local_termination_time: 461036.91336000006
node_cons: 28125.540121116876
tot_aggregated_send: 18966
tot_msg_rcv: 575
tot_msg_sent: 1045
tot_reconf_duration: 4.8100000000000005
tot_sleeping_duration: 1347212.6539200023
tot_uptimes: 351
tot_uptimes_duration: 21000.006079997635
