comms_cons: 21.55248640008131
finished_reconf: true
global_termination_time: 221813.419
local_termination_time: 126802.33135999995
node_cons: 4506.604059999993
tot_aggregated_send: 3074
tot_msg_rcv: 32
tot_msg_sent: 169
tot_reconf_duration: 5.57
tot_sleeping_duration: 218453.419
tot_uptimes: 57
tot_uptimes_duration: 3360.0
