comms_cons: 21.90873599993458
finished_reconf: true
global_termination_time: 221688.731
local_termination_time: 64982.52792000006
node_cons: 4514.39898
tot_aggregated_send: 3132
tot_msg_rcv: 92
tot_msg_sent: 106
tot_reconf_duration: 11.31
tot_sleeping_duration: 218328.731
tot_uptimes: 57
tot_uptimes_duration: 3360.0
