comms_cons: 250.26149120628406
finished_reconf: true
global_termination_time: 2500740.951519999
local_termination_time: 2500740.910399999
node_cons: 51493.35971556821
tot_aggregated_send: 35366
tot_msg_rcv: 893
tot_msg_sent: 1778
tot_reconf_duration: 24.59
tot_sleeping_duration: 2462309.311120022
tot_uptimes: 641
tot_uptimes_duration: 38431.64039997704
