comms_cons: 251.8846719947382
finished_reconf: true
global_termination_time: 2506689.657
local_termination_time: 1442647.88636
node_cons: 51506.50080446724
tot_aggregated_send: 35148
tot_msg_rcv: 1106
tot_msg_sent: 2031
tot_reconf_duration: 6.279999999999999
tot_sleeping_duration: 2468229.632680009
tot_uptimes: 642
tot_uptimes_duration: 38460.024319991004
