comms_cons: 293.0125055958555
finished_reconf: true
global_termination_time: 2908233.8042399967
local_termination_time: 149761.76560000097
node_cons: 59839.586918466084
tot_aggregated_send: 39788
tot_msg_rcv: 1722
tot_msg_sent: 3027
tot_reconf_duration: 18.21
tot_sleeping_duration: 2863562.5139200063
tot_uptimes: 745
tot_uptimes_duration: 44671.290319990454
