comms_cons: 119.99226878098466
finished_reconf: true
global_termination_time: 1015369.9322400002
local_termination_time: 60836.498240000095
node_cons: 20969.143192070875
tot_aggregated_send: 6032
tot_msg_rcv: 4871
tot_msg_sent: 7349
tot_reconf_duration: 18.21
tot_sleeping_duration: 999728.0995200071
tot_uptimes: 261
tot_uptimes_duration: 15641.832719993181
