comms_cons: 98.87246079853155
finished_reconf: true
global_termination_time: 1015747.849
local_termination_time: 262831.5781200009
node_cons: 20915.359423681235
tot_aggregated_send: 14674
tot_msg_rcv: 126
tot_msg_sent: 228
tot_reconf_duration: 13.17
tot_sleeping_duration: 1000141.0718799991
tot_uptimes: 261
tot_uptimes_duration: 15606.777120000916
