comms_cons: 99.84593920060853
finished_reconf: true
global_termination_time: 1017935.748
local_termination_time: 268655.6353600001
node_cons: 20892.541900000095
tot_aggregated_send: 14732
tot_msg_rcv: 154
tot_msg_sent: 290
tot_reconf_duration: 3.05
tot_sleeping_duration: 1002335.748
tot_uptimes: 261
tot_uptimes_duration: 15600.0
