comms_cons: 100.7292735985131
finished_reconf: true
global_termination_time: 1018732.812
local_termination_time: 103396.3393199999
node_cons: 20903.75898000005
tot_aggregated_send: 14500
tot_msg_rcv: 284
tot_msg_sent: 526
tot_reconf_duration: 11.31
tot_sleeping_duration: 1003132.812
tot_uptimes: 261
tot_uptimes_duration: 15600.0
