comms_cons: 46.98206720084148
finished_reconf: true
global_termination_time: 467455.594
local_termination_time: 169112.0726000001
node_cons: 9575.81898000001
tot_aggregated_send: 6554
tot_msg_rcv: 249
tot_msg_sent: 338
tot_reconf_duration: 11.31
tot_sleeping_duration: 460315.594
tot_uptimes: 120
tot_uptimes_duration: 7140.0
