comms_cons: 10.001011200159912
finished_reconf: true
global_termination_time: 75010.63
local_termination_time: 33534.50736000001
node_cons: 1534.0403422405818
tot_aggregated_send: 464
tot_msg_rcv: 467
tot_msg_sent: 589
tot_reconf_duration: 5.57
tot_sleeping_duration: 73870.61783999957
tot_uptimes: 20
tot_uptimes_duration: 1140.012160000435
