comms_cons: 10.285798400079855
finished_reconf: true
global_termination_time: 74274.396
local_termination_time: 11006.10692
node_cons: 1547.4213571202974
tot_aggregated_send: 406
tot_msg_rcv: 466
tot_msg_sent: 695
tot_reconf_duration: 15.110000000000001
tot_sleeping_duration: 73134.06591999976
tot_uptimes: 20
tot_uptimes_duration: 1140.3300800002235
