comms_cons: 9.620044800051087
finished_reconf: true
global_termination_time: 73393.795
local_termination_time: 38555.75592000015
node_cons: 1460.9982411202873
tot_aggregated_send: 464
tot_msg_rcv: 488
tot_msg_sent: 511
tot_reconf_duration: 10.95
tot_sleeping_duration: 72313.78891999979
tot_uptimes: 19
tot_uptimes_duration: 1080.0060800002175
