comms_cons: 9.085529600054471
finished_reconf: true
global_termination_time: 73366.18323999974
local_termination_time: 25261.278360000004
node_cons: 1513.9424904799503
tot_aggregated_send: 348
tot_msg_rcv: 446
tot_msg_sent: 587
tot_reconf_duration: 3.05
tot_sleeping_duration: 72238.62491999978
tot_uptimes: 19
tot_uptimes_duration: 1127.55831999996
