comms_cons: 10.119436799813167
finished_reconf: true
global_termination_time: 91373.904
local_termination_time: 27836.178280000004
node_cons: 1855.4084833585928
tot_aggregated_send: 928
tot_msg_rcv: 205
tot_msg_sent: 406
tot_reconf_duration: 5.57
tot_sleeping_duration: 89993.88576000105
tot_uptimes: 24
tot_uptimes_duration: 1380.0182399989499
