comms_cons: 11.987884800134562
finished_reconf: true
global_termination_time: 89385.483
local_termination_time: 50242.74364000008
node_cons: 1774.446505599174
tot_aggregated_send: 406
tot_msg_rcv: 545
tot_msg_sent: 871
tot_reconf_duration: 5.1
tot_sleeping_duration: 88065.45260000062
tot_uptimes: 23
tot_uptimes_duration: 1320.0303999993848
