comms_cons: 10.790515200006523
finished_reconf: true
global_termination_time: 92569.801
local_termination_time: 52750.95128000007
node_cons: 1865.7130011191434
tot_aggregated_send: 928
tot_msg_rcv: 314
tot_msg_sent: 399
tot_reconf_duration: 13.17
tot_sleeping_duration: 91189.79492000066
tot_uptimes: 24
tot_uptimes_duration: 1380.0060799993626
