comms_cons: 81.7866623984508
finished_reconf: true
global_termination_time: 825046.845
local_termination_time: 366242.944
node_cons: 16961.915852721268
tot_aggregated_send: 11714
tot_msg_rcv: 198
tot_msg_sent: 520
tot_reconf_duration: 6.279999999999999
tot_sleeping_duration: 812385.614519999
tot_uptimes: 212
tot_uptimes_duration: 12661.230480000959
