comms_cons: 85.91182079272146
finished_reconf: true
global_termination_time: 826278.57
local_termination_time: 18718.1496
node_cons: 16962.416547831643
tot_aggregated_send: 10846
tot_msg_rcv: 817
tot_msg_sent: 1396
tot_reconf_duration: 7.819999999999999
tot_sleeping_duration: 813618.5274400063
tot_uptimes: 212
tot_uptimes_duration: 12660.042559993744
