comms_cons: 87.2210815968238
finished_reconf: true
global_termination_time: 852222.27
local_termination_time: 336492.5615200004
node_cons: 17518.30260560724
tot_aggregated_send: 11078
tot_msg_rcv: 722
tot_msg_sent: 1457
tot_reconf_duration: 3.05
tot_sleeping_duration: 839142.2395999947
tot_uptimes: 219
tot_uptimes_duration: 13080.030400005344
