comms_cons: 139.60175357435307
finished_reconf: true
global_termination_time: 853190.733
local_termination_time: 263051.74760000006
node_cons: 17524.747701121465
tot_aggregated_send: 0
tot_msg_rcv: 10775
tot_msg_sent: 10444
tot_reconf_duration: 7.819999999999999
tot_sleeping_duration: 840110.7269199989
tot_uptimes: 219
tot_uptimes_duration: 13080.006080001069
