comms_cons: 80.50371839675063
finished_reconf: true
global_termination_time: 797749.401
local_termination_time: 294793.90216000035
node_cons: 16414.105462238316
tot_aggregated_send: 11136
tot_msg_rcv: 415
tot_msg_sent: 685
tot_reconf_duration: 18.21
tot_sleeping_duration: 785509.3888400013
tot_uptimes: 205
tot_uptimes_duration: 12240.012159998703
