comms_cons: 858.6721857816549
finished_reconf: true
global_termination_time: 8671676.441
local_termination_time: 3139944.66448
node_cons: 178389.2143878135
tot_aggregated_send: 120060
tot_msg_rcv: 3468
tot_msg_sent: 6984
tot_reconf_duration: 25.299999999999997
tot_sleeping_duration: 8538476.398440015
tot_uptimes: 2221
tot_uptimes_duration: 133200.04255998507
