comms_cons: 859.8882114339605
finished_reconf: true
global_termination_time: 8669290.004
local_termination_time: 3145850.33472
node_cons: 178359.04776893096
tot_aggregated_send: 118958
tot_msg_rcv: 3864
tot_msg_sent: 7875
tot_reconf_duration: 3.08
tot_sleeping_duration: 8536089.955360018
tot_uptimes: 2221
tot_uptimes_duration: 133200.04863998294
