comms_cons: 849.5260416909466
finished_reconf: true
global_termination_time: 8666959.141
local_termination_time: 5962523.84
node_cons: 178297.2652820695
tot_aggregated_send: 124520
tot_msg_rcv: 1319
tot_msg_sent: 3284
tot_reconf_duration: 11.899999999999999
tot_sleeping_duration: 8533814.178280003
tot_uptimes: 2220
tot_uptimes_duration: 133144.9627199974
