comms_cons: 3.059327999997715
finished_reconf: true
global_termination_time: 13547.574
local_termination_time: 1771.7181600000015
node_cons: 251.63956000000113
tot_aggregated_send: 0
tot_msg_rcv: 291
tot_msg_sent: 173
tot_reconf_duration: 7.819999999999999
tot_sleeping_duration: 13367.574
tot_uptimes: 4
tot_uptimes_duration: 180.0
