comms_cons: 97.76691199904103
finished_reconf: true
global_termination_time: 981609.792
local_termination_time: 83592.8143599997
node_cons: 20190.10174448576
tot_aggregated_send: 13456
tot_msg_rcv: 486
tot_msg_sent: 918
tot_reconf_duration: 18.21
tot_sleeping_duration: 966549.7676799957
tot_uptimes: 252
tot_uptimes_duration: 15060.024320004275
