comms_cons: 96.69922559853254
finished_reconf: true
global_termination_time: 979634.429
local_termination_time: 631837.6823599999
node_cons: 20090.986043359742
tot_aggregated_send: 13224
tot_msg_rcv: 482
tot_msg_sent: 992
tot_reconf_duration: 4.390000000000001
tot_sleeping_duration: 964634.4107600002
tot_uptimes: 251
tot_uptimes_duration: 15000.018239999772
