comms_cons: 326.8236736328122
finished_reconf: true
global_termination_time: 3239521.44
local_termination_time: 2261622.6773599996
node_cons: 66622.7324255838
tot_aggregated_send: 44892
tot_msg_rcv: 1599
tot_msg_sent: 3185
tot_reconf_duration: 15.34
tot_sleeping_duration: 3189781.4096000106
tot_uptimes: 830
tot_uptimes_duration: 49740.030399989104
