comms_cons: 327.556819236756
finished_reconf: true
global_termination_time: 3237734.534
local_termination_time: 228386.6826000001
node_cons: 66632.72453453184
tot_aggregated_send: 44660
tot_msg_rcv: 1709
tot_msg_sent: 3415
tot_reconf_duration: 22.65
tot_sleeping_duration: 3187994.45496002
tot_uptimes: 830
tot_uptimes_duration: 49740.07903998002
