comms_cons: 324.02552322322975
finished_reconf: true
global_termination_time: 3240749.755
local_termination_time: 233973.96740000037
node_cons: 66627.33601116788
tot_aggregated_send: 44718
tot_msg_rcv: 1574
tot_msg_sent: 2956
tot_reconf_duration: 18.700000000000003
tot_sleeping_duration: 3191009.694200023
tot_uptimes: 830
tot_uptimes_duration: 49740.060799977044
