comms_cons: 331.4745088432728
finished_reconf: true
global_termination_time: 3240791.072
local_termination_time: 281691.28004000074
node_cons: 66608.47339117674
tot_aggregated_send: 44196
tot_msg_rcv: 2289
tot_msg_sent: 3898
tot_reconf_duration: 4.8100000000000005
tot_sleeping_duration: 3191051.011200017
tot_uptimes: 830
tot_uptimes_duration: 49740.06079998368
