comms_cons: 676.5619965680479
finished_reconf: true
global_termination_time: 2321801.0185999996
local_termination_time: 2321800.9774799994
node_cons: 94804.22282539668
tot_aggregated_send: 0
tot_msg_rcv: 34445
tot_msg_sent: 68388
tot_reconf_duration: 24.59
tot_sleeping_duration: 2251023.6999999997
tot_uptimes: 1174
tot_uptimes_duration: 70777.31859999965
