comms_cons: 323.407155197499
finished_reconf: true
global_termination_time: 3271756.702
local_termination_time: 2136535.2181999995
node_cons: 67251.50579999869
tot_aggregated_send: 46980
tot_msg_rcv: 844
tot_msg_sent: 1332
tot_reconf_duration: 5.1
tot_sleeping_duration: 3221536.702
tot_uptimes: 838
tot_uptimes_duration: 50220.0
