comms_cons: 330.4469568097584
finished_reconf: true
global_termination_time: 3270716.474
local_termination_time: 805766.381
node_cons: 67250.66373675235
tot_aggregated_send: 44483
tot_msg_rcv: 2059
tot_msg_sent: 3683
tot_reconf_duration: 4.390000000000001
tot_sleeping_duration: 3220496.3828000342
tot_uptimes: 838
tot_uptimes_duration: 50220.09119996545
