comms_cons: 40.71271680038467
finished_reconf: true
global_termination_time: 408641.03
local_termination_time: 36158.36636000001
node_cons: 8365.98770112144
tot_aggregated_send: 5626
tot_msg_rcv: 168
tot_msg_sent: 395
tot_reconf_duration: 7.819999999999999
tot_sleeping_duration: 402401.02391999896
tot_uptimes: 105
tot_uptimes_duration: 6240.006080001069
