comms_cons: 48.36401920023196
finished_reconf: true
global_termination_time: 487229.907
local_termination_time: 244178.947
node_cons: 9994.354857840943
tot_aggregated_send: 6784
tot_msg_rcv: 179
tot_msg_sent: 388
tot_reconf_duration: 22.65
tot_sleeping_duration: 479788.8344399993
tot_uptimes: 125
tot_uptimes_duration: 7441.072560000701
