comms_cons: 603.773184041765
finished_reconf: true
global_termination_time: 6196812.708
local_termination_time: 3552778.5144399987
node_cons: 127426.82848334748
tot_aggregated_send: 86884
tot_msg_rcv: 1577
tot_msg_sent: 3309
tot_reconf_duration: 5.57
tot_sleeping_duration: 6101652.689760006
tot_uptimes: 1587
tot_uptimes_duration: 95160.01823999337
