comms_cons: 601.8652160216652
finished_reconf: true
global_termination_time: 6198212.332
local_termination_time: 3728888.89048
node_cons: 127517.46485999583
tot_aggregated_send: 89204
tot_msg_rcv: 702
tot_msg_sent: 1574
tot_reconf_duration: 13.17
tot_sleeping_duration: 6102992.332
tot_uptimes: 1588
tot_uptimes_duration: 95220.0
