comms_cons: 614.8727745031808
finished_reconf: true
global_termination_time: 6199841.436
local_termination_time: 407820.55636
node_cons: 127505.62303116545
tot_aggregated_send: 86420
tot_msg_rcv: 2285
tot_msg_sent: 4752
tot_reconf_duration: 4.390000000000001
tot_sleeping_duration: 6104621.375200022
tot_uptimes: 1588
tot_uptimes_duration: 95220.06079997728
