comms_cons: 19.51390719994094
finished_reconf: true
global_termination_time: 200444.252
local_termination_time: 69264.91151999951
node_cons: 4112.698980000019
tot_aggregated_send: 2900
tot_msg_rcv: 18
tot_msg_sent: 48
tot_reconf_duration: 11.31
tot_sleeping_duration: 197384.252
tot_uptimes: 52
tot_uptimes_duration: 3060.0
