comms_cons: 30.257740800577878
finished_reconf: true
global_termination_time: 287573.538
local_termination_time: 53177.79336000001
node_cons: 5877.215803364299
tot_aggregated_send: 3480
tot_msg_rcv: 370
tot_msg_sent: 749
tot_reconf_duration: 9.11
tot_sleeping_duration: 283193.5197599968
tot_uptimes: 74
tot_uptimes_duration: 4380.018240003206
