comms_cons: 163.36396798616866
finished_reconf: true
global_termination_time: 1614945.4165599996
local_termination_time: 1614945.3754399996
node_cons: 33308.526735421605
tot_aggregated_send: 21807
tot_msg_rcv: 904
tot_msg_sent: 2118
tot_reconf_duration: 66.42
tot_sleeping_duration: 1590137.1056000132
tot_uptimes: 414
tot_uptimes_duration: 24808.310959986396
