comms_cons: 148.67801599670017
finished_reconf: true
global_termination_time: 1615903.489
local_termination_time: 7086.621
node_cons: 33192.56592447656
tot_aggregated_send: 21393
tot_msg_rcv: 410
tot_msg_sent: 796
tot_reconf_duration: 8.92
tot_sleeping_duration: 1591123.4646800028
tot_uptimes: 414
tot_uptimes_duration: 24780.024319997407
