comms_cons: 212.31266558527005
finished_reconf: true
global_termination_time: 2111396.702119997
local_termination_time: 156311.541
node_cons: 43446.0286208744
tot_aggregated_send: 29172
tot_msg_rcv: 1013
tot_msg_sent: 2085
tot_reconf_duration: 22.65
tot_sleeping_duration: 2078973.0502000006
tot_uptimes: 541
tot_uptimes_duration: 32423.651919996133
