comms_cons: 206.76451839544865
finished_reconf: true
global_termination_time: 2115205.925
local_termination_time: 1276228.016
node_cons: 43479.298979999665
tot_aggregated_send: 30383
tot_msg_rcv: 298
tot_msg_sent: 746
tot_reconf_duration: 11.31
tot_sleeping_duration: 2082745.9249999998
tot_uptimes: 542
tot_uptimes_duration: 32460.0
