comms_cons: 143.1502335884479
finished_reconf: true
global_termination_time: 1414333.8275199982
local_termination_time: 1414333.7863999982
node_cons: 29211.386670870957
tot_aggregated_send: 19462
tot_msg_rcv: 731
tot_msg_sent: 1564
tot_reconf_duration: 37.410000000000004
tot_sleeping_duration: 1392555.945600005
tot_uptimes: 363
tot_uptimes_duration: 21777.881919993204
