comms_cons: 141.27544319053013
finished_reconf: true
global_termination_time: 1415805.306
local_termination_time: 483628.61036000005
node_cons: 29117.46996446736
tot_aggregated_send: 18966
tot_msg_rcv: 763
tot_msg_sent: 1743
tot_reconf_duration: 25.299999999999997
tot_sleeping_duration: 1394085.2816800096
tot_uptimes: 363
tot_uptimes_duration: 21720.024319990538
