comms_cons: 141.7231807926397
finished_reconf: true
global_termination_time: 1419819.539
local_termination_time: 549640.57636
node_cons: 29176.228642233767
tot_aggregated_send: 19662
tot_msg_rcv: 664
tot_msg_sent: 1216
tot_reconf_duration: 9.42
tot_sleeping_duration: 1398039.5268400048
tot_uptimes: 364
tot_uptimes_duration: 21780.01215999527
