comms_cons: 285.09950722041714
finished_reconf: true
global_termination_time: 2838617.925
local_termination_time: 408657.69504000037
node_cons: 58331.014464470936
tot_aggregated_send: 39324
tot_msg_rcv: 1219
tot_msg_sent: 2789
tot_reconf_duration: 3.05
tot_sleeping_duration: 2795057.900680006
tot_uptimes: 727
tot_uptimes_duration: 43560.02431999397
