comms_cons: 125.20217598874103
finished_reconf: true
global_termination_time: 1229381.135
local_termination_time: 73873.7124399996
node_cons: 25232.75418448116
tot_aggregated_send: 16472
tot_msg_rcv: 827
tot_msg_sent: 1731
tot_reconf_duration: 4.390000000000001
tot_sleeping_duration: 1210541.1106799992
tot_uptimes: 315
tot_uptimes_duration: 18840.02432000084
