comms_cons: 64.41099520092587
finished_reconf: true
global_termination_time: 642371.76
local_termination_time: 228130.64336000007
node_cons: 13210.158105607195
tot_aggregated_send: 8468
tot_msg_rcv: 410
tot_msg_sent: 912
tot_reconf_duration: 25.299999999999997
tot_sleeping_duration: 632531.7295999946
tot_uptimes: 165
tot_uptimes_duration: 9840.030400005344
