comms_cons: 63.67349760047703
finished_reconf: true
global_termination_time: 642597.201
local_termination_time: 482917.83736000006
node_cons: 13193.644859999997
tot_aggregated_send: 9048
tot_msg_rcv: 211
tot_msg_sent: 419
tot_reconf_duration: 13.17
tot_sleeping_duration: 632757.201
tot_uptimes: 165
tot_uptimes_duration: 9840.0
