comms_cons: 64.25904639962438
finished_reconf: true
global_termination_time: 639116.5091200001
local_termination_time: 68785.96735999941
node_cons: 13121.263340801566
tot_aggregated_send: 8468
tot_msg_rcv: 411
tot_msg_sent: 888
tot_reconf_duration: 3.05
tot_sleeping_duration: 629320.3019199988
tot_uptimes: 164
tot_uptimes_duration: 9796.207200001169
