comms_cons: 380.2520703944654
finished_reconf: true
global_termination_time: 3940970.524
local_termination_time: 2529261.8653599997
node_cons: 81083.93242558192
tot_aggregated_send: 54984
tot_msg_rcv: 893
tot_msg_sent: 1919
tot_reconf_duration: 15.34
tot_sleeping_duration: 3880430.493600012
tot_uptimes: 1010
tot_uptimes_duration: 60540.03039998817
