comms_cons: 385.95973759324346
finished_reconf: true
global_termination_time: 3940223.533
local_termination_time: 2406785.5803599986
node_cons: 81097.43368223138
tot_aggregated_send: 54868
tot_msg_rcv: 1260
tot_msg_sent: 2537
tot_reconf_duration: 25.299999999999997
tot_sleeping_duration: 3879683.5208400046
tot_uptimes: 1010
tot_uptimes_duration: 60540.01215999527
