comms_cons: 386.8427135959763
finished_reconf: true
global_termination_time: 3940375.181
local_termination_time: 2236817.17036
node_cons: 81080.96928334836
tot_aggregated_send: 55042
tot_msg_rcv: 1162
tot_msg_sent: 2593
tot_reconf_duration: 13.17
tot_sleeping_duration: 3879835.1627600067
tot_uptimes: 1010
tot_uptimes_duration: 60540.0182399929
