comms_cons: 116.13008639497143
finished_reconf: true
global_termination_time: 1145673.953
local_termination_time: 255505.60636000006
node_cons: 23570.411264481154
tot_aggregated_send: 15544
tot_msg_rcv: 670
tot_msg_sent: 1437
tot_reconf_duration: 22.65
tot_sleeping_duration: 1128093.9286799992
tot_uptimes: 294
tot_uptimes_duration: 17580.02432000084
