comms_cons: 60.19267840047672
finished_reconf: true
global_termination_time: 592592.438
local_termination_time: 90685.09075999976
node_cons: 12139.876381121447
tot_aggregated_send: 7946
tot_msg_rcv: 393
tot_msg_sent: 811
tot_reconf_duration: 6.279999999999999
tot_sleeping_duration: 583532.4319199988
tot_uptimes: 152
tot_uptimes_duration: 9060.006080001069
