comms_cons: 60.59443199943103
finished_reconf: true
global_termination_time: 592985.298
local_termination_time: 211901.79616000032
node_cons: 12141.98398335969
tot_aggregated_send: 7888
tot_msg_rcv: 456
tot_msg_sent: 866
tot_reconf_duration: 7.819999999999999
tot_sleeping_duration: 583925.2797600002
tot_uptimes: 152
tot_uptimes_duration: 9060.01823999978
