comms_cons: 59.707200000093756
finished_reconf: true
global_termination_time: 592649.171
local_termination_time: 462200.37536000006
node_cons: 12138.713940000009
tot_aggregated_send: 8062
tot_msg_rcv: 321
tot_msg_sent: 692
tot_reconf_duration: 5.43
tot_sleeping_duration: 583589.171
tot_uptimes: 152
tot_uptimes_duration: 9060.0
