comms_cons: 192.3895935088957
finished_reconf: true
global_termination_time: 1000813.767
local_termination_time: 634804.9055999998
node_cons: 20597.806841116893
tot_aggregated_send: 0
tot_msg_rcv: 14760
tot_msg_sent: 14483
tot_reconf_duration: 22.65
tot_sleeping_duration: 985453.7609200024
tot_uptimes: 257
tot_uptimes_duration: 15360.006079997635
