comms_cons: 101.91368959248337
finished_reconf: true
global_termination_time: 997072.9713199986
local_termination_time: 997072.9301999987
node_cons: 20600.964738541123
tot_aggregated_send: 13430
tot_msg_rcv: 673
tot_msg_sent: 1387
tot_reconf_duration: 37.410000000000004
tot_sleeping_duration: 981725.5762800127
tot_uptimes: 256
tot_uptimes_duration: 15347.395039985873
