comms_cons: 100.34531839442886
finished_reconf: true
global_termination_time: 998936.285
local_termination_time: 401479.99036000005
node_cons: 20507.260085584174
tot_aggregated_send: 13746
tot_msg_rcv: 467
tot_msg_sent: 1038
tot_reconf_duration: 15.110000000000001
tot_sleeping_duration: 983636.2546000119
tot_uptimes: 256
tot_uptimes_duration: 15300.030399988173
