comms_cons: 99.93882879732841
finished_reconf: true
global_termination_time: 995192.447
local_termination_time: 55685.33648000001
node_cons: 20431.314828301987
tot_aggregated_send: 6322
tot_msg_rcv: 3733
tot_msg_sent: 5140
tot_reconf_duration: 18.21
tot_sleeping_duration: 979952.2784799837
tot_uptimes: 255
tot_uptimes_duration: 15240.168520016407
