comms_cons: 96.00334079933329
finished_reconf: true
global_termination_time: 994115.966
local_termination_time: 91832.7443199996
node_cons: 20426.88752112146
tot_aggregated_send: 13166
tot_msg_rcv: 487
tot_msg_sent: 938
tot_reconf_duration: 15.110000000000001
tot_sleeping_duration: 978875.9599199989
tot_uptimes: 255
tot_uptimes_duration: 15240.006080001069
