comms_cons: 96.4516991992048
finished_reconf: true
global_termination_time: 994415.838
local_termination_time: 277435.8487200006
node_cons: 20416.9958422429
tot_aggregated_send: 13456
tot_msg_rcv: 452
tot_msg_sent: 753
tot_reconf_duration: 7.819999999999999
tot_sleeping_duration: 979175.8258399979
tot_uptimes: 255
tot_uptimes_duration: 15240.012160002138
