comms_cons: 95.11092479880622
finished_reconf: true
global_termination_time: 992981.905
local_termination_time: 427972.47092000075
node_cons: 20414.823042242853
tot_aggregated_send: 13340
tot_msg_rcv: 343
tot_msg_sent: 773
tot_reconf_duration: 6.22
tot_sleeping_duration: 977741.8928399979
tot_uptimes: 255
tot_uptimes_duration: 15240.012160002138
