comms_cons: 86.61256319719426
finished_reconf: true
global_termination_time: 853263.232
local_termination_time: 230913.8230400003
node_cons: 17521.708483364328
tot_aggregated_send: 11716
tot_msg_rcv: 522
tot_msg_sent: 926
tot_reconf_duration: 5.57
tot_sleeping_duration: 840183.2137599967
tot_uptimes: 219
tot_uptimes_duration: 13080.018240003206
