comms_cons: 88.83770239368891
finished_reconf: true
global_termination_time: 852987.611
local_termination_time: 99142.64135999998
node_cons: 17524.820971186753
tot_aggregated_send: 11136
tot_msg_rcv: 849
tot_msg_sent: 1517
tot_reconf_duration: 7.819999999999999
tot_sleeping_duration: 839907.55020001
tot_uptimes: 219
tot_uptimes_duration: 13080.060799990082
