comms_cons: 282.5051776076774
finished_reconf: false
global_termination_time: 2809831.818
local_termination_time: 0
node_cons: 57896.93502941774
tot_aggregated_send: 39323
tot_msg_rcv: 1202
tot_msg_sent: 2416
tot_reconf_duration: 34.45
tot_sleeping_duration: 2766627.8210400157
tot_uptimes: 720
tot_uptimes_duration: 43203.9969599843
