comms_cons: 279.8596288191489
finished_reconf: true
global_termination_time: 2810684.1580799976
local_termination_time: 5589.813999999999
node_cons: 57879.31485228539
tot_aggregated_send: 38429
tot_msg_rcv: 1486
tot_msg_sent: 2622
tot_reconf_duration: 25.35
tot_sleeping_duration: 2767484.091200023
tot_uptimes: 720
tot_uptimes_duration: 43200.06687997491
