comms_cons: 276.3786304382879
finished_reconf: true
global_termination_time: 2811157.435
local_termination_time: 5509.829000000001
node_cons: 57853.654091168246
tot_aggregated_send: 38679
tot_msg_rcv: 1159
tot_msg_sent: 2169
tot_reconf_duration: 6.46
tot_sleeping_duration: 2767957.374200023
tot_uptimes: 720
tot_uptimes_duration: 43200.060799977044
