comms_cons: 278.8498176244034
finished_reconf: true
global_termination_time: 2810704.961079998
local_termination_time: 5337.642
node_cons: 57849.992930051405
tot_aggregated_send: 38855
tot_msg_rcv: 1252
tot_msg_sent: 2276
tot_reconf_duration: 3.77
tot_sleeping_duration: 2767504.9063600185
tot_uptimes: 720
tot_uptimes_duration: 43200.05471997941
