comms_cons: 0.6579199999996852
finished_reconf: true
global_termination_time: 6871.611999999999
local_termination_time: 986.91536
node_cons: 105.0691800000002
tot_aggregated_send: 0
tot_msg_rcv: 59
tot_msg_sent: 41
tot_reconf_duration: 18.21
tot_sleeping_duration: 6811.611999999999
tot_uptimes: 2
tot_uptimes_duration: 59.999999999999204
