comms_cons: 0.7039744000008057
finished_reconf: true
global_termination_time: 5947.352
local_termination_time: 1016.7693599999999
node_cons: 101.1717199999999
tot_aggregated_send: 0
tot_msg_rcv: 63
tot_msg_sent: 44
tot_reconf_duration: 15.34
tot_sleeping_duration: 5887.352
tot_uptimes: 2
tot_uptimes_duration: 59.999999999999886
