comms_cons: 291.5558719941281
finished_reconf: true
global_termination_time: 2904181.553
local_termination_time: 1368260.8509599997
node_cons: 59700.249188934584
tot_aggregated_send: 39092
tot_msg_rcv: 1610
tot_msg_sent: 3614
tot_reconf_duration: 5.57
tot_sleeping_duration: 2859601.504360018
tot_uptimes: 744
tot_uptimes_duration: 44580.048639981775
