comms_cons: 286.3678912132753
finished_reconf: true
global_termination_time: 2900801.139
local_termination_time: 528533.7963599999
node_cons: 59624.65137999886
tot_aggregated_send: 41702
tot_msg_rcv: 573
tot_msg_sent: 1250
tot_reconf_duration: 9.11
tot_sleeping_duration: 2856281.139
tot_uptimes: 743
tot_uptimes_duration: 44520.0
