comms_cons: 287.82684161611445
finished_reconf: true
global_termination_time: 2903755.482
local_termination_time: 1341568.6403599998
node_cons: 59713.139379998705
tot_aggregated_send: 41818
tot_msg_rcv: 668
tot_msg_sent: 1262
tot_reconf_duration: 15.110000000000001
tot_sleeping_duration: 2859175.482
tot_uptimes: 744
tot_uptimes_duration: 44580.0
