comms_cons: 286.1773248016313
finished_reconf: true
global_termination_time: 2902797.991
local_termination_time: 1419896.1557999987
node_cons: 59707.49009999913
tot_aggregated_send: 41644
tot_msg_rcv: 584
tot_msg_sent: 1268
tot_reconf_duration: 10.95
tot_sleeping_duration: 2858217.991
tot_uptimes: 744
tot_uptimes_duration: 44580.0
