comms_cons: 19.459327999545536
finished_reconf: true
global_termination_time: 98411.428
local_termination_time: 2361.1823600000002
node_cons: 2014.4616199999991
tot_aggregated_send: 0
tot_msg_rcv: 1506
tot_msg_sent: 1450
tot_reconf_duration: 4.390000000000001
tot_sleeping_duration: 96911.428
tot_uptimes: 26
tot_uptimes_duration: 1500.0
