comms_cons: 45.18900480068717
finished_reconf: true
global_termination_time: 436418.822
local_termination_time: 99395.92219999962
node_cons: 8924.690223362033
tot_aggregated_send: 5568
tot_msg_rcv: 430
tot_msg_sent: 869
tot_reconf_duration: 5.1
tot_sleeping_duration: 429758.80375999847
tot_uptimes: 112
tot_uptimes_duration: 6660.018240001504
