comms_cons: 43.27595520054606
finished_reconf: true
global_termination_time: 431768.162
local_termination_time: 245382.58308000016
node_cons: 8854.56782224288
tot_aggregated_send: 5916
tot_msg_rcv: 207
tot_msg_sent: 455
tot_reconf_duration: 12.629999999999999
tot_sleeping_duration: 425168.1498399979
tot_uptimes: 111
tot_uptimes_duration: 6600.0121600021375
