comms_cons: 14.853567999661777
finished_reconf: true
global_termination_time: 135333.282
local_termination_time: 35395.392160000156
node_cons: 2760.8771295988063
tot_aggregated_send: 1508
tot_msg_rcv: 296
tot_msg_sent: 454
tot_reconf_duration: 18.21
tot_sleeping_duration: 133289.85560000088
tot_uptimes: 35
tot_uptimes_duration: 2043.426399999109
