comms_cons: 16.52212479949397
finished_reconf: true
global_termination_time: 137029.028
local_termination_time: 41963.54036000002
node_cons: 2817.8860433574637
tot_aggregated_send: 870
tot_msg_rcv: 538
tot_msg_sent: 1104
tot_reconf_duration: 4.390000000000001
tot_sleeping_duration: 134929.0097600019
tot_uptimes: 36
tot_uptimes_duration: 2100.0182399980986
