comms_cons: 14.83672319993318
finished_reconf: true
global_termination_time: 135162.159
local_termination_time: 51410.13436000001
node_cons: 2740.039324477749
tot_aggregated_send: 1218
tot_msg_rcv: 396
tot_msg_sent: 642
tot_reconf_duration: 6.22
tot_sleeping_duration: 133122.1346800017
tot_uptimes: 35
tot_uptimes_duration: 2040.024319998316
