comms_cons: 15.474905599747707
finished_reconf: true
global_termination_time: 136889.205
local_termination_time: 65646.82283999967
node_cons: 2819.298363358605
tot_aggregated_send: 1566
tot_msg_rcv: 333
tot_msg_sent: 453
tot_reconf_duration: 5.43
tot_sleeping_duration: 134789.18676000103
tot_uptimes: 36
tot_uptimes_duration: 2100.01823999895
