comms_cons: 284.3464448273954
finished_reconf: true
global_termination_time: 2810799.17
local_termination_time: 2183381.03536
node_cons: 57853.352663350764
tot_aggregated_send: 38860
tot_msg_rcv: 1459
tot_msg_sent: 2900
tot_reconf_duration: 6.279999999999999
tot_sleeping_duration: 2767599.1517600063
tot_uptimes: 720
tot_uptimes_duration: 43200.0182399936
