comms_cons: 284.2944384053924
finished_reconf: true
global_termination_time: 2807978.404
local_termination_time: 133713.71336000005
node_cons: 57875.63197005108
tot_aggregated_send: 38802
tot_msg_rcv: 1460
tot_msg_sent: 2950
tot_reconf_duration: 22.65
tot_sleeping_duration: 2764778.3492800207
tot_uptimes: 720
tot_uptimes_duration: 43200.054719979176
