comms_cons: 285.5468416431302
finished_reconf: true
global_termination_time: 2808929.096
local_termination_time: 994477.6633599999
node_cons: 57850.81860781776
tot_aggregated_send: 38338
tot_msg_rcv: 1635
tot_msg_sent: 3427
tot_reconf_duration: 4.390000000000001
tot_sleeping_duration: 2765729.0534400158
tot_uptimes: 720
tot_uptimes_duration: 43200.04255998414
