comms_cons: 283.88258562894526
finished_reconf: true
global_termination_time: 2810637.434
local_termination_time: 1134880.9489199992
node_cons: 57848.990746700656
tot_aggregated_send: 38744
tot_msg_rcv: 1381
tot_msg_sent: 3023
tot_reconf_duration: 3.05
tot_sleeping_duration: 2767437.397520013
tot_uptimes: 720
tot_uptimes_duration: 43200.036479986506
