comms_cons: 282.6443136110646
finished_reconf: true
global_termination_time: 2809513.057
local_termination_time: 1412416.0408399997
node_cons: 57855.46840670069
tot_aggregated_send: 39324
tot_msg_rcv: 1198
tot_msg_sent: 2440
tot_reconf_duration: 7.819999999999999
tot_sleeping_duration: 2766313.0205200138
tot_uptimes: 720
tot_uptimes_duration: 43200.03647998627
