comms_cons: 170.3354879875388
finished_reconf: true
global_termination_time: 1689416.67
local_termination_time: 400744.50932000065
node_cons: 34714.484765584144
tot_aggregated_send: 23490
tot_msg_rcv: 830
tot_msg_sent: 1570
tot_reconf_duration: 5.57
tot_sleeping_duration: 1663496.6396000118
tot_uptimes: 433
tot_uptimes_duration: 25920.030399988173
