comms_cons: 12.059507199875421
finished_reconf: true
global_termination_time: 99268.702
local_termination_time: 24328.77984
node_cons: 2033.2861678394745
tot_aggregated_send: 522
tot_msg_rcv: 467
tot_msg_sent: 843
tot_reconf_duration: 18.21
tot_sleeping_duration: 97768.6594400004
tot_uptimes: 26
tot_uptimes_duration: 1500.0425599996088
