comms_cons: 11.539916800082903
finished_reconf: true
global_termination_time: 100356.936
local_termination_time: 6150.054360000001
node_cons: 2017.0689456000318
tot_aggregated_send: 870
tot_msg_rcv: 304
tot_msg_sent: 580
tot_reconf_duration: 6.279999999999999
tot_sleeping_duration: 98856.90559999998
tot_uptimes: 26
tot_uptimes_duration: 1500.0304000000233
