comms_cons: 10.414873599887983
finished_reconf: true
global_termination_time: 99983.764
local_termination_time: 3089.1284800000003
node_cons: 2019.1195599999994
tot_aggregated_send: 928
tot_msg_rcv: 169
tot_msg_sent: 486
tot_reconf_duration: 7.819999999999999
tot_sleeping_duration: 98483.764
tot_uptimes: 26
tot_uptimes_duration: 1500.0
