comms_cons: 13.081331199835784
finished_reconf: true
global_termination_time: 99872.184
local_termination_time: 49258.20396000012
node_cons: 2016.954901119152
tot_aggregated_send: 522
tot_msg_rcv: 589
tot_msg_sent: 878
tot_reconf_duration: 6.22
tot_sleeping_duration: 98372.17792000063
tot_uptimes: 26
tot_uptimes_duration: 1500.0060799993662
