comms_cons: 272.2676608050512
finished_reconf: true
global_termination_time: 2741662.608
local_termination_time: 1658936.3185999996
node_cons: 56423.41732111581
tot_aggregated_send: 39034
tot_msg_rcv: 681
tot_msg_sent: 1668
tot_reconf_duration: 18.21
tot_sleeping_duration: 2699542.601920002
tot_uptimes: 703
tot_uptimes_duration: 42120.006079997635
