comms_cons: 24.32330240014005
finished_reconf: true
global_termination_time: 241168.952
local_termination_time: 46516.76336000002
node_cons: 4906.709761119165
tot_aggregated_send: 3190
tot_msg_rcv: 162
tot_msg_sent: 345
tot_reconf_duration: 4.390000000000001
tot_sleeping_duration: 237508.94592000064
tot_uptimes: 62
tot_uptimes_duration: 3660.006079999366
