comms_cons: 73.06768640211234
finished_reconf: true
global_termination_time: 564119.1365999997
local_termination_time: 564119.0954799998
node_cons: 11638.42051314208
tot_aggregated_send: 4002
tot_msg_rcv: 2677
tot_msg_sent: 4432
tot_reconf_duration: 37.410000000000004
tot_sleeping_duration: 555465.2025199833
tot_uptimes: 145
tot_uptimes_duration: 8653.93408001648
