comms_cons: 55.95609600063553
finished_reconf: true
global_termination_time: 564618.595
local_termination_time: 36730.98936000001
node_cons: 11581.752360000013
tot_aggregated_send: 8004
tot_msg_rcv: 161
tot_msg_sent: 340
tot_reconf_duration: 9.42
tot_sleeping_duration: 555978.595
tot_uptimes: 145
tot_uptimes_duration: 8640.0
