comms_cons: 9.993804800065451
finished_reconf: true
global_termination_time: 99373.109
local_termination_time: 17149.57472
node_cons: 2033.229179999998
tot_aggregated_send: 1276
tot_msg_rcv: 86
tot_msg_sent: 157
tot_reconf_duration: 18.21
tot_sleeping_duration: 97873.109
tot_uptimes: 26
tot_uptimes_duration: 1500.0
