comms_cons: 67.54864639995546
finished_reconf: true
global_termination_time: 689612.187
local_termination_time: 609290.2898399998
node_cons: 14157.724860000075
tot_aggregated_send: 9918
tot_msg_rcv: 164
tot_msg_sent: 185
tot_reconf_duration: 13.17
tot_sleeping_duration: 679052.187
tot_uptimes: 177
tot_uptimes_duration: 10560.0
