comms_cons: 68.97633280057089
finished_reconf: true
global_termination_time: 692341.001
local_termination_time: 279559.4070000009
node_cons: 14226.14161999996
tot_aggregated_send: 9860
tot_msg_rcv: 222
tot_msg_sent: 402
tot_reconf_duration: 4.390000000000001
tot_sleeping_duration: 681721.001
tot_uptimes: 178
tot_uptimes_duration: 10620.0
