comms_cons: 109.86606079418146
finished_reconf: true
global_termination_time: 1091768.179
local_termination_time: 813466.2123599999
node_cons: 22439.58917999998
tot_aggregated_send: 15312
tot_msg_rcv: 533
tot_msg_sent: 854
tot_reconf_duration: 18.21
tot_sleeping_duration: 1075028.179
tot_uptimes: 280
tot_uptimes_duration: 16740.0
