comms_cons: 68.2592000002556
finished_reconf: true
global_termination_time: 693280.5304799998
local_termination_time: 693280.4893599999
node_cons: 14271.947942081833
tot_aggregated_send: 9962
tot_msg_rcv: 113
tot_msg_sent: 299
tot_reconf_duration: 24.59
tot_sleeping_duration: 682646.8077599985
tot_uptimes: 178
tot_uptimes_duration: 10633.722720001344
