comms_cons: 108.59910399154694
finished_reconf: true
global_termination_time: 1073369.9381599983
local_termination_time: 1073369.8970399983
node_cons: 22137.244321831105
tot_aggregated_send: 14764
tot_msg_rcv: 586
tot_msg_sent: 1155
tot_reconf_duration: 37.410000000000004
tot_sleeping_duration: 1056875.209600005
tot_uptimes: 275
tot_uptimes_duration: 16494.728559993324
