comms_cons: 107.20764798764849
finished_reconf: true
global_termination_time: 1075452.47
local_termination_time: 356944.90000000095
node_cons: 22105.424484057414
tot_aggregated_send: 13514
tot_msg_rcv: 905
tot_msg_sent: 1875
tot_reconf_duration: 8.09
tot_sleeping_duration: 1058951.769280017
tot_uptimes: 276
tot_uptimes_duration: 16500.700719983084
