comms_cons: 108.58311679408612
finished_reconf: true
global_termination_time: 1074136.91
local_termination_time: 359961.688
node_cons: 22110.692245593396
tot_aggregated_send: 14371
tot_msg_rcv: 651
tot_msg_sent: 1482
tot_reconf_duration: 12.629999999999999
tot_sleeping_duration: 1057636.879600005
tot_uptimes: 276
tot_uptimes_duration: 16500.03039999504
