comms_cons: 108.94460159376555
finished_reconf: true
global_termination_time: 1074151.658
local_termination_time: 506575.35236000095
node_cons: 22118.29046751783
tot_aggregated_send: 14268
tot_msg_rcv: 814
tot_msg_sent: 1478
tot_reconf_duration: 11.31
tot_sleeping_duration: 1057644.6143200016
tot_uptimes: 276
tot_uptimes_duration: 16507.043679998358
