comms_cons: 48.81528320161244
finished_reconf: true
global_termination_time: 471750.093
local_termination_time: 24564.49448
node_cons: 9647.742082242878
tot_aggregated_send: 5974
tot_msg_rcv: 459
tot_msg_sent: 986
tot_reconf_duration: 5.1
tot_sleeping_duration: 464550.08083999786
tot_uptimes: 121
tot_uptimes_duration: 7200.0121600021375
