comms_cons: 45.995814400176926
finished_reconf: true
global_termination_time: 471669.0721200005
local_termination_time: 21199.025240000006
node_cons: 9717.3434664004
tot_aggregated_send: 6496
tot_msg_rcv: 147
tot_msg_sent: 348
tot_reconf_duration: 5.43
tot_sleeping_duration: 464417.4145200002
tot_uptimes: 121
tot_uptimes_duration: 7251.65760000029
