comms_cons: 101.70246399709866
finished_reconf: true
global_termination_time: 1028359.988
local_termination_time: 410731.8253600001
node_cons: 21140.03956000004
tot_aggregated_send: 14500
tot_msg_rcv: 349
tot_msg_sent: 609
tot_reconf_duration: 7.819999999999999
tot_sleeping_duration: 1012579.988
tot_uptimes: 264
tot_uptimes_duration: 15780.0
