comms_cons: 77.54245119628176
finished_reconf: true
global_termination_time: 766351.5607199988
local_termination_time: 766351.5195999988
node_cons: 15836.400942316643
tot_aggregated_send: 10774
tot_msg_rcv: 396
tot_msg_sent: 615
tot_reconf_duration: 24.59
tot_sleeping_duration: 754549.4638400013
tot_uptimes: 197
tot_uptimes_duration: 11802.096879997465
