comms_cons: 27.165516800412785
finished_reconf: true
global_termination_time: 264574.171
local_termination_time: 119760.32131999961
node_cons: 5393.415842242875
tot_aggregated_send: 3422
tot_msg_rcv: 248
tot_msg_sent: 459
tot_reconf_duration: 7.819999999999999
tot_sleeping_duration: 260554.15883999784
tot_uptimes: 68
tot_uptimes_duration: 4020.0121600021375
