comms_cons: 218.8113150797687
finished_reconf: true
global_termination_time: 1193899.69
local_termination_time: 328338.74044000066
node_cons: 24510.256403355128
tot_aggregated_send: 0
tot_msg_rcv: 16952
tot_msg_sent: 16308
tot_reconf_duration: 4.8100000000000005
tot_sleeping_duration: 1175599.6717600035
tot_uptimes: 306
tot_uptimes_duration: 18300.018239996338
