comms_cons: 94.7542655935403
finished_reconf: true
global_termination_time: 937686.006
local_termination_time: 322468.0996800007
node_cons: 19294.028367817835
tot_aggregated_send: 12238
tot_msg_rcv: 708
tot_msg_sent: 1457
tot_reconf_duration: 9.11
tot_sleeping_duration: 923285.9634400166
tot_uptimes: 241
tot_uptimes_duration: 14400.042559983442
