comms_cons: 95.93131519533107
finished_reconf: true
global_termination_time: 939649.292
local_termination_time: 701989.87536
node_cons: 19297.76834112149
tot_aggregated_send: 12528
tot_msg_rcv: 671
tot_msg_sent: 1382
tot_reconf_duration: 11.899999999999999
tot_sleeping_duration: 925249.285919999
tot_uptimes: 241
tot_uptimes_duration: 14400.006080001069
