comms_cons: 95.92473599206453
finished_reconf: true
global_termination_time: 937948.524
local_termination_time: 439261.7976400009
node_cons: 19288.207660250697
tot_aggregated_send: 12528
tot_msg_rcv: 709
tot_msg_sent: 1343
tot_reconf_duration: 4.8100000000000005
tot_sleeping_duration: 923548.4674800219
tot_uptimes: 241
tot_uptimes_duration: 14400.056519978098
