comms_cons: 95.20760319003202
finished_reconf: true
global_termination_time: 940776.55
local_termination_time: 556744.2833199996
node_cons: 19287.594184467376
tot_aggregated_send: 12818
tot_msg_rcv: 549
tot_msg_sent: 1104
tot_reconf_duration: 4.390000000000001
tot_sleeping_duration: 926376.5256800095
tot_uptimes: 241
tot_uptimes_duration: 14400.024319990538
