comms_cons: 96.1424767954169
finished_reconf: true
global_termination_time: 937841.555
local_termination_time: 254594.99336000005
node_cons: 19290.111888939286
tot_aggregated_send: 12528
tot_msg_rcv: 739
tot_msg_sent: 1347
tot_reconf_duration: 6.22
tot_sleeping_duration: 923441.5063600156
tot_uptimes: 241
tot_uptimes_duration: 14400.04863998451
