comms_cons: 376.00785269042166
finished_reconf: true
global_termination_time: 780337.4005999998
local_termination_time: 780337.3594799999
node_cons: 47184.23544160134
tot_aggregated_send: 0
tot_msg_rcv: 23130
tot_msg_sent: 34022
tot_reconf_duration: 24.59
tot_sleeping_duration: 745123.9261999985
tot_uptimes: 578
tot_uptimes_duration: 35213.4744000014
