comms_cons: 77.20753919896919
finished_reconf: true
global_termination_time: 780594.015
local_termination_time: 185611.44876000087
node_cons: 16016.249564641188
tot_aggregated_send: 11194
tot_msg_rcv: 202
tot_msg_sent: 340
tot_reconf_duration: 15.34
tot_sleeping_duration: 768648.2212399992
tot_uptimes: 200
tot_uptimes_duration: 11945.793760000874
