comms_cons: 80.17538559607624
finished_reconf: true
global_termination_time: 784265.477
local_termination_time: 145733.01760000008
node_cons: 16074.564812276793
tot_aggregated_send: 10382
tot_msg_rcv: 582
tot_msg_sent: 1223
tot_reconf_duration: 4.8100000000000005
tot_sleeping_duration: 772265.4524800024
tot_uptimes: 201
tot_uptimes_duration: 12000.02451999759
