comms_cons: 80.02469119691864
finished_reconf: true
global_termination_time: 781165.766
local_termination_time: 43739.59856000015
node_cons: 16073.994184481156
tot_aggregated_send: 10440
tot_msg_rcv: 559
tot_msg_sent: 1166
tot_reconf_duration: 4.390000000000001
tot_sleeping_duration: 769165.7416799992
tot_uptimes: 201
tot_uptimes_duration: 12000.02432000084
