comms_cons: 79.34515199827732
finished_reconf: true
global_termination_time: 784541.277
local_termination_time: 148831.3054400002
node_cons: 16076.465184644196
tot_aggregated_send: 10672
tot_msg_rcv: 459
tot_msg_sent: 929
tot_reconf_duration: 6.22
tot_sleeping_duration: 772541.263239997
tot_uptimes: 201
tot_uptimes_duration: 12000.013760003116
