comms_cons: 78.50959360022792
finished_reconf: true
global_termination_time: 801479.692
local_termination_time: 330667.73236
node_cons: 16487.584860000003
tot_aggregated_send: 11774
tot_msg_rcv: 55
tot_msg_sent: 104
tot_reconf_duration: 13.17
tot_sleeping_duration: 789179.692
tot_uptimes: 206
tot_uptimes_duration: 12300.0
