comms_cons: 78.39116799898073
finished_reconf: true
global_termination_time: 802320.882
local_termination_time: 537940.607879998
node_cons: 16476.2319800001
tot_aggregated_send: 11658
tot_msg_rcv: 72
tot_msg_sent: 185
tot_reconf_duration: 4.8100000000000005
tot_sleeping_duration: 790020.882
tot_uptimes: 206
tot_uptimes_duration: 12300.0
