comms_cons: 11.91618560004364
finished_reconf: true
global_termination_time: 92063.105
local_termination_time: 53153.13604000015
node_cons: 1854.7783644800227
tot_aggregated_send: 580
tot_msg_rcv: 473
tot_msg_sent: 760
tot_reconf_duration: 5.1
tot_sleeping_duration: 90683.08067999998
tot_uptimes: 24
tot_uptimes_duration: 1380.0243200000186
