comms_cons: 12.567225600089765
finished_reconf: true
global_termination_time: 90839.26
local_termination_time: 21566.744760000005
node_cons: 1860.6367833597355
tot_aggregated_send: 696
tot_msg_rcv: 578
tot_msg_sent: 638
tot_reconf_duration: 9.42
tot_sleeping_duration: 89459.2417600002
tot_uptimes: 24
tot_uptimes_duration: 1380.0182399998012
