comms_cons: 11.528012800050238
finished_reconf: true
global_termination_time: 90740.43395999986
local_termination_time: 25448.41592
node_cons: 1896.6701308006902
tot_aggregated_send: 754
tot_msg_rcv: 423
tot_msg_sent: 574
tot_reconf_duration: 18.700000000000003
tot_sleeping_duration: 89342.91675999934
tot_uptimes: 24
tot_uptimes_duration: 1397.5172000005186
