comms_cons: 12.699737600085765
finished_reconf: true
global_termination_time: 93164.795
local_termination_time: 50933.76464000008
node_cons: 1864.0453289586287
tot_aggregated_send: 522
tot_msg_rcv: 594
tot_msg_sent: 814
tot_reconf_duration: 11.899999999999999
tot_sleeping_duration: 91784.74636000102
tot_uptimes: 24
tot_uptimes_duration: 1380.048639998975
