comms_cons: 43.6200960027131
finished_reconf: true
global_termination_time: 226559.347
local_termination_time: 14456.02536
node_cons: 4663.861900000003
tot_aggregated_send: 0
tot_msg_rcv: 3324
tot_msg_sent: 3306
tot_reconf_duration: 3.05
tot_sleeping_duration: 223079.347
tot_uptimes: 59
tot_uptimes_duration: 3480.0
