comms_cons: 106.06986239754546
finished_reconf: true
global_termination_time: 1096806.661
local_termination_time: 3936.486
node_cons: 22510.0999622337
tot_aggregated_send: 15591
tot_msg_rcv: 209
tot_msg_sent: 322
tot_reconf_duration: 10.96
tot_sleeping_duration: 1080006.6488400048
tot_uptimes: 281
tot_uptimes_duration: 16800.01215999527
