comms_cons: 104.52395519570402
finished_reconf: true
global_termination_time: 1098532.269
local_termination_time: 7032.352
node_cons: 22585.80104111687
tot_aggregated_send: 14898
tot_msg_rcv: 394
tot_msg_sent: 594
tot_reconf_duration: 7.55
tot_sleeping_duration: 1081672.2629200025
tot_uptimes: 282
tot_uptimes_duration: 16860.006079997635
