comms_cons: 199.73793279109879
finished_reconf: true
global_termination_time: 2017430.218
local_termination_time: 1193831.9465999978
node_cons: 41498.925463513435
tot_aggregated_send: 29058
tot_msg_rcv: 433
tot_msg_sent: 868
tot_reconf_duration: 18.21
tot_sleeping_duration: 1986456.2103200047
tot_uptimes: 517
tot_uptimes_duration: 30974.007679995382
