comms_cons: 202.43540478844412
finished_reconf: true
global_termination_time: 2018440.488
local_termination_time: 686601.6923599999
node_cons: 41463.06104782203
tot_aggregated_send: 28362
tot_msg_rcv: 837
tot_msg_sent: 1570
tot_reconf_duration: 5.57
tot_sleeping_duration: 1987480.445440013
tot_uptimes: 517
tot_uptimes_duration: 30960.042559986876
