comms_cons: 202.13338878730977
finished_reconf: true
global_termination_time: 2017094.522
local_termination_time: 954695.3287599981
node_cons: 41461.4260433502
tot_aggregated_send: 28246
tot_msg_rcv: 795
tot_msg_sent: 1683
tot_reconf_duration: 4.390000000000001
tot_sleeping_duration: 1986134.5037600072
tot_uptimes: 517
tot_uptimes_duration: 30960.018239992904
