comms_cons: 81.25635199964827
finished_reconf: true
global_termination_time: 834580.576
local_termination_time: 244986.41936000006
node_cons: 17143.17870000002
tot_aggregated_send: 11948
tot_msg_rcv: 177
tot_msg_sent: 225
tot_reconf_duration: 22.65
tot_sleeping_duration: 821800.576
tot_uptimes: 214
tot_uptimes_duration: 12780.0
