comms_cons: 82.45717759920394
finished_reconf: true
global_termination_time: 832205.713
local_termination_time: 180085.24136000004
node_cons: 17133.25172000002
tot_aggregated_send: 11948
tot_msg_rcv: 192
tot_msg_sent: 392
tot_reconf_duration: 15.34
tot_sleeping_duration: 819425.713
tot_uptimes: 214
tot_uptimes_duration: 12780.0
