comms_cons: 82.90449919879894
finished_reconf: true
global_termination_time: 832402.432
local_termination_time: 271468.8463200002
node_cons: 17120.866759999986
tot_aggregated_send: 11774
tot_msg_rcv: 292
tot_msg_sent: 535
tot_reconf_duration: 6.22
tot_sleeping_duration: 819622.432
tot_uptimes: 214
tot_uptimes_duration: 12780.0
