comms_cons: 133.3287424184219
finished_reconf: true
global_termination_time: 459404.12172000064
local_termination_time: 1996.4140400000015
node_cons: 18606.125355080865
tot_aggregated_send: 0
tot_msg_rcv: 6856
tot_msg_sent: 13408
tot_reconf_duration: 6.22
tot_sleeping_duration: 445514.89200000005
tot_uptimes: 230
tot_uptimes_duration: 13889.229720000629
