comms_cons: 63.64780799900464
finished_reconf: true
global_termination_time: 630085.077
local_termination_time: 524239.788
node_cons: 12959.989783198273
tot_aggregated_send: 8742
tot_msg_rcv: 352
tot_msg_sent: 581
tot_reconf_duration: 18.21
tot_sleeping_duration: 620424.6882000014
tot_uptimes: 162
tot_uptimes_duration: 9660.388799998676
