comms_cons: 63.17250559780081
finished_reconf: true
global_termination_time: 630147.703
local_termination_time: 348327.8338400006
node_cons: 12942.304060000028
tot_aggregated_send: 8816
tot_msg_rcv: 268
tot_msg_sent: 517
tot_reconf_duration: 5.57
tot_sleeping_duration: 620487.703
tot_uptimes: 162
tot_uptimes_duration: 9660.0
