comms_cons: 427.52507526231284
finished_reconf: true
global_termination_time: 494161.2730800006
local_termination_time: 494161.2319600006
node_cons: 49346.96364672288
tot_aggregated_send: 0
tot_msg_rcv: 29403
tot_msg_sent: 35579
tot_reconf_duration: 37.410000000000004
tot_sleeping_duration: 457345.61895996815
tot_uptimes: 594
tot_uptimes_duration: 36815.65412003246
