comms_cons: 50.67957760057587
finished_reconf: true
global_termination_time: 497669.251
local_termination_time: 129703.49983999992
node_cons: 10237.553682242858
tot_aggregated_send: 6786
tot_msg_rcv: 358
tot_msg_sent: 559
tot_reconf_duration: 25.299999999999997
tot_sleeping_duration: 490049.23883999785
tot_uptimes: 128
tot_uptimes_duration: 7620.0121600021375
