comms_cons: 51.94341120102319
finished_reconf: true
global_termination_time: 498702.605
local_termination_time: 278630.90136
node_cons: 10223.715662242856
tot_aggregated_send: 6728
tot_msg_rcv: 539
tot_msg_sent: 628
tot_reconf_duration: 15.110000000000001
tot_sleeping_duration: 491082.59283999784
tot_uptimes: 128
tot_uptimes_duration: 7620.0121600021375
