comms_cons: 48.84398080045888
finished_reconf: true
global_termination_time: 494596.322
local_termination_time: 306731.1685600002
node_cons: 10135.640501121421
tot_aggregated_send: 6960
tot_msg_rcv: 123
tot_msg_sent: 341
tot_reconf_duration: 9.42
tot_sleeping_duration: 487036.3159199989
tot_uptimes: 127
tot_uptimes_duration: 7560.006080001069
