comms_cons: 51.92823040107412
finished_reconf: true
global_termination_time: 497822.869
local_termination_time: 107360.03135999996
node_cons: 10220.372245607154
tot_aggregated_send: 6496
tot_msg_rcv: 530
tot_msg_sent: 868
tot_reconf_duration: 12.629999999999999
tot_sleeping_duration: 490202.83859999466
tot_uptimes: 128
tot_uptimes_duration: 7620.030400005344
