comms_cons: 88.47050239620837
finished_reconf: true
global_termination_time: 884921.228
local_termination_time: 618009.88536
node_cons: 18160.990041116922
tot_aggregated_send: 12064
tot_msg_rcv: 499
tot_msg_sent: 884
tot_reconf_duration: 3.05
tot_sleeping_duration: 871361.2219200024
tot_uptimes: 227
tot_uptimes_duration: 13560.006079997635
