comms_cons: 87.154662396806
finished_reconf: true
global_termination_time: 883720.851
local_termination_time: 335416.22136
node_cons: 18172.198980000023
tot_aggregated_send: 12238
tot_msg_rcv: 375
tot_msg_sent: 634
tot_reconf_duration: 11.31
tot_sleeping_duration: 870160.851
tot_uptimes: 227
tot_uptimes_duration: 13560.0
