comms_cons: 151.69626878394232
finished_reconf: true
global_termination_time: 1497131.5974799998
local_termination_time: 1497131.5563599998
node_cons: 30839.446348780537
tot_aggregated_send: 20416
tot_msg_rcv: 849
tot_msg_sent: 1791
tot_reconf_duration: 37.410000000000004
tot_sleeping_duration: 1474137.8382800145
tot_uptimes: 384
tot_uptimes_duration: 22993.75919998542
