comms_cons: 149.1175679937877
finished_reconf: true
global_termination_time: 1500373.188
local_termination_time: 476693.35536000005
node_cons: 30884.94996447656
tot_aggregated_send: 20706
tot_msg_rcv: 783
tot_msg_sent: 1176
tot_reconf_duration: 25.299999999999997
tot_sleeping_duration: 1477333.1636800028
tot_uptimes: 385
tot_uptimes_duration: 23040.024319997407
