comms_cons: 149.39933438974953
finished_reconf: true
global_termination_time: 1502506.163
local_termination_time: 404926.8880000009
node_cons: 30854.81591006076
tot_aggregated_send: 19836
tot_msg_rcv: 1057
tot_msg_sent: 1813
tot_reconf_duration: 3.08
tot_sleeping_duration: 1479466.1082800145
tot_uptimes: 385
tot_uptimes_duration: 23040.05471998558
