comms_cons: 145.0824959934601
finished_reconf: true
global_termination_time: 1497214.561
local_termination_time: 408530.61036000005
node_cons: 30787.37968111689
tot_aggregated_send: 20474
tot_msg_rcv: 537
tot_msg_sent: 1041
tot_reconf_duration: 12.629999999999999
tot_sleeping_duration: 1474234.5549200024
tot_uptimes: 384
tot_uptimes_duration: 22980.006079997635
