comms_cons: 150.47288319124414
finished_reconf: true
global_termination_time: 1499074.01
local_termination_time: 362541.99236000003
node_cons: 30777.65092783166
tot_aggregated_send: 20416
tot_msg_rcv: 857
tot_msg_sent: 1598
tot_reconf_duration: 5.43
tot_sleeping_duration: 1476093.9674400063
tot_uptimes: 384
tot_uptimes_duration: 22980.042559993744
