comms_cons: 35.87637760064304
finished_reconf: true
global_termination_time: 346751.468
local_termination_time: 85335.83135999997
node_cons: 7075.914184485735
tot_aggregated_send: 4466
tot_msg_rcv: 349
tot_msg_sent: 638
tot_reconf_duration: 4.390000000000001
tot_sleeping_duration: 341471.4436799957
tot_uptimes: 89
tot_uptimes_duration: 5280.024320004279
