comms_cons: 1687.5136693305171
finished_reconf: true
global_termination_time: 8562810.011599997
local_termination_time: 3152.2884800000024
node_cons: 176150.611033976
tot_aggregated_send: 0
tot_msg_rcv: 129351
tot_msg_sent: 127137
tot_reconf_duration: 18.21
tot_sleeping_duration: 8431274.62560001
tot_uptimes: 2193
tot_uptimes_duration: 131535.38599998667
