comms_cons: 851.7914177865792
finished_reconf: true
global_termination_time: 8566319.643
local_termination_time: 2853530.18536
node_cons: 176192.61092893078
tot_aggregated_send: 119828
tot_msg_rcv: 3080
tot_msg_sent: 6560
tot_reconf_duration: 5.1
tot_sleeping_duration: 8434739.594360018
tot_uptimes: 2194
tot_uptimes_duration: 131580.0486399827
