comms_cons: 850.7642049948892
finished_reconf: true
global_termination_time: 8565725.378
local_termination_time: 3335590.6243600002
node_cons: 176206.1800855797
tot_aggregated_send: 118320
tot_msg_rcv: 3800
tot_msg_sent: 7188
tot_reconf_duration: 15.110000000000001
tot_sleeping_duration: 8434145.347600011
tot_uptimes: 2194
tot_uptimes_duration: 131580.0303999891
