comms_cons: 482.65669124716663
finished_reconf: true
global_termination_time: 4886573.394
local_termination_time: 3171182.33336
node_cons: 100530.06917999707
tot_aggregated_send: 69948
tot_msg_rcv: 1108
tot_msg_sent: 2305
tot_reconf_duration: 18.21
tot_sleeping_duration: 4811513.394
tot_uptimes: 1252
tot_uptimes_duration: 75060.0
