comms_cons: 493.7118657154622
finished_reconf: true
global_termination_time: 4884144.813
local_termination_time: 606307.5273599998
node_cons: 100429.24776893329
tot_aggregated_send: 67628
tot_msg_rcv: 2528
tot_msg_sent: 4888
tot_reconf_duration: 3.08
tot_sleeping_duration: 4809144.764360018
tot_uptimes: 1251
tot_uptimes_duration: 75000.04863998224
