comms_cons: 494.4735617045125
finished_reconf: true
global_termination_time: 4888332.044
local_termination_time: 688822.8288399997
node_cons: 100516.41577228474
tot_aggregated_send: 67512
tot_msg_rcv: 2592
tot_msg_sent: 5054
tot_reconf_duration: 8.09
tot_sleeping_duration: 4813271.977120024
tot_uptimes: 1252
tot_uptimes_duration: 75060.06687997584
