comms_cons: 486.56145925284756
finished_reconf: true
global_termination_time: 4888177.057
local_termination_time: 2050223.772639998
node_cons: 100509.52260558229
tot_aggregated_send: 67976
tot_msg_rcv: 2050
tot_msg_sent: 3928
tot_reconf_duration: 3.05
tot_sleeping_duration: 4813117.026600011
tot_uptimes: 1252
tot_uptimes_duration: 75060.0303999891
