comms_cons: 335.8478080117879
finished_reconf: true
global_termination_time: 3400046.995
local_termination_time: 1441429.0286799993
node_cons: 69913.69300111519
tot_aggregated_send: 48836
tot_msg_rcv: 828
tot_msg_sent: 1382
tot_reconf_duration: 13.17
tot_sleeping_duration: 3347846.9889200027
tot_uptimes: 871
tot_uptimes_duration: 52200.006079997635
