comms_cons: 345.0510272547127
finished_reconf: true
global_termination_time: 3400046.33
local_termination_time: 196491.43096000014
node_cons: 69900.02331116739
tot_aggregated_send: 46980
tot_msg_rcv: 1974
tot_msg_sent: 3490
tot_reconf_duration: 3.05
tot_sleeping_duration: 3347846.2692000233
tot_uptimes: 871
tot_uptimes_duration: 52200.06079997681
