comms_cons: 487.025382160266
finished_reconf: true
global_termination_time: 1375825.359
local_termination_time: 148484.18840000033
node_cons: 83708.55721352558
tot_aggregated_send: 0
tot_msg_rcv: 29889
tot_msg_sent: 44137
tot_reconf_duration: 18.21
tot_sleeping_duration: 1313328.1013199943
tot_uptimes: 1021
tot_uptimes_duration: 62497.257680005685
