comms_cons: 200.20805109986384
finished_reconf: true
global_termination_time: 1375825.359
local_termination_time: 148469.78840000034
node_cons: 28286.220121121478
tot_aggregated_send: 0
tot_msg_rcv: 15457
tot_msg_sent: 14973
tot_reconf_duration: 4.8100000000000005
tot_sleeping_duration: 1354705.352919999
tot_uptimes: 353
tot_uptimes_duration: 21120.006080001072
