comms_cons: 135.1433471965874
finished_reconf: true
global_termination_time: 1374586.923
local_termination_time: 157982.58212000094
node_cons: 28285.649761121495
tot_aggregated_send: 18966
tot_msg_rcv: 457
tot_msg_sent: 1118
tot_reconf_duration: 4.390000000000001
tot_sleeping_duration: 1353466.9169199988
tot_uptimes: 353
tot_uptimes_duration: 21120.00608000107
