comms_cons: 135.21571839964798
finished_reconf: true
global_termination_time: 1375014.178
local_termination_time: 854861.1495599995
node_cons: 28295.03897999996
tot_aggregated_send: 19836
tot_msg_rcv: 235
tot_msg_sent: 481
tot_reconf_duration: 11.31
tot_sleeping_duration: 1353894.178
tot_uptimes: 353
tot_uptimes_duration: 21120.0
