comms_cons: 32.718988799923956
finished_reconf: true
global_termination_time: 13315.826240000002
local_termination_time: 861.5439199999987
node_cons: 4060.5365404400623
tot_aggregated_send: 0
tot_msg_rcv: 2389
tot_msg_sent: 2583
tot_reconf_duration: 6.22
tot_sleeping_duration: 10289.620279999956
tot_uptimes: 45
tot_uptimes_duration: 3026.2059600000453
