comms_cons: 61.39114239989623
finished_reconf: true
global_termination_time: 622437.198
local_termination_time: 3111.85836
node_cons: 12780.993941120025
tot_aggregated_send: 8874
tot_msg_rcv: 112
tot_msg_sent: 345
tot_reconf_duration: 5.1
tot_sleeping_duration: 612897.19192
tot_uptimes: 160
tot_uptimes_duration: 9540.006080000005
