comms_cons: 286.3974912283122
finished_reconf: true
global_termination_time: 2809810.052
local_termination_time: 1241269.05136
node_cons: 57853.28746558372
tot_aggregated_send: 38570
tot_msg_rcv: 1767
tot_msg_sent: 3193
tot_reconf_duration: 6.22
tot_sleeping_duration: 2766610.0216000117
tot_uptimes: 720
tot_uptimes_duration: 43200.03039998864
