comms_cons: 56.77975039959169
finished_reconf: true
global_termination_time: 570528.424
local_termination_time: 31307.15236
node_cons: 11750.159380000017
tot_aggregated_send: 8120
tot_msg_rcv: 176
tot_msg_sent: 334
tot_reconf_duration: 15.110000000000001
tot_sleeping_duration: 561768.424
tot_uptimes: 147
tot_uptimes_duration: 8760.0
