comms_cons: 55.94951680021789
finished_reconf: true
global_termination_time: 573611.586
local_termination_time: 157500.0183600005
node_cons: 11745.800200000009
tot_aggregated_send: 8352
tot_msg_rcv: 47
tot_msg_sent: 105
tot_reconf_duration: 11.899999999999999
tot_sleeping_duration: 564851.586
tot_uptimes: 147
tot_uptimes_duration: 8760.0
