comms_cons: 321.32186242447165
finished_reconf: true
global_termination_time: 3208761.119
local_termination_time: 136785.09636000005
node_cons: 65977.07370670422
tot_aggregated_send: 45124
tot_msg_rcv: 1226
tot_msg_sent: 2490
tot_reconf_duration: 13.17
tot_sleeping_duration: 3159501.0825200104
tot_uptimes: 822
tot_uptimes_duration: 49260.03647998924
