comms_cons: 323.0226624339175
finished_reconf: true
global_termination_time: 3207054.722
local_termination_time: 146566.03136000005
node_cons: 65989.96382893818
tot_aggregated_send: 44370
tot_msg_rcv: 1669
tot_msg_sent: 3058
tot_reconf_duration: 22.65
tot_sleeping_duration: 3157794.6733600157
tot_uptimes: 822
tot_uptimes_duration: 49260.04863998474
