comms_cons: 29.46291200036298
finished_reconf: true
global_termination_time: 290998.128
local_termination_time: 32851.45
node_cons: 5959.566342879164
tot_aggregated_send: 3942
tot_msg_rcv: 188
tot_msg_sent: 348
tot_reconf_duration: 6.279999999999999
tot_sleeping_duration: 286553.7380800007
tot_uptimes: 75
tot_uptimes_duration: 4444.389919999372
