comms_cons: 28.81863679999418
finished_reconf: true
global_termination_time: 294728.609
local_termination_time: 26730.764479999998
node_cons: 6059.857400000005
tot_aggregated_send: 4234
tot_msg_rcv: 53
tot_msg_sent: 94
tot_reconf_duration: 25.299999999999997
tot_sleeping_duration: 290228.609
tot_uptimes: 76
tot_uptimes_duration: 4500.0
