comms_cons: 28.783999999930685
finished_reconf: true
global_termination_time: 292385.246
local_termination_time: 83126.98547999996
node_cons: 5951.121620000005
tot_aggregated_send: 4118
tot_msg_rcv: 87
tot_msg_sent: 170
tot_reconf_duration: 4.390000000000001
tot_sleeping_duration: 287945.246
tot_uptimes: 75
tot_uptimes_duration: 4440.0
