comms_cons: 25.534156800322876
finished_reconf: true
global_termination_time: 252739.57
local_termination_time: 43740.539360000104
node_cons: 5166.497321119155
tot_aggregated_send: 3248
tot_msg_rcv: 183
tot_msg_sent: 450
tot_reconf_duration: 18.21
tot_sleeping_duration: 248899.56392000063
tot_uptimes: 65
tot_uptimes_duration: 3840.006079999366
