comms_cons: 26.014784000405395
finished_reconf: true
global_termination_time: 254182.584
local_termination_time: 137725.61040000082
node_cons: 5228.648262242863
tot_aggregated_send: 3422
tot_msg_rcv: 185
tot_msg_sent: 348
tot_reconf_duration: 4.8100000000000005
tot_sleeping_duration: 250282.57183999787
tot_uptimes: 66
tot_uptimes_duration: 3900.0121600021375
