comms_cons: 45.113574400268064
finished_reconf: true
global_termination_time: 458821.368
local_termination_time: 358048.69488000043
node_cons: 9410.399560000022
tot_aggregated_send: 6670
tot_msg_rcv: 77
tot_msg_sent: 109
tot_reconf_duration: 7.819999999999999
tot_sleeping_duration: 451801.368
tot_uptimes: 118
tot_uptimes_duration: 7020.0
