comms_cons: 140.9071935702714
finished_reconf: true
global_termination_time: 723695.133
local_termination_time: 555717.8887999984
node_cons: 14869.44826223828
tot_aggregated_send: 0
tot_msg_rcv: 10800
tot_msg_sent: 10617
tot_reconf_duration: 4.8100000000000005
tot_sleeping_duration: 712595.1208400014
tot_uptimes: 186
tot_uptimes_duration: 11100.012159998645
