comms_cons: 59.7463424004417
finished_reconf: true
global_termination_time: 599624.665
local_termination_time: 324548.5273600001
node_cons: 12296.170041121512
tot_aggregated_send: 7888
tot_msg_rcv: 378
tot_msg_sent: 816
tot_reconf_duration: 3.05
tot_sleeping_duration: 590444.6589199989
tot_uptimes: 154
tot_uptimes_duration: 9180.006080001069
