comms_cons: 63.627289599950124
finished_reconf: true
global_termination_time: 600073.095
local_termination_time: 81635.78647999997
node_cons: 12300.507465607172
tot_aggregated_send: 7366
tot_msg_rcv: 789
tot_msg_sent: 1515
tot_reconf_duration: 6.22
tot_sleeping_duration: 590893.0645999947
tot_uptimes: 154
tot_uptimes_duration: 9180.030400005344
