comms_cons: 5.289676799996958
finished_reconf: true
global_termination_time: 3392.3596800000005
local_termination_time: 3392.3185600000006
node_cons: 670.289480520001
tot_aggregated_send: 0
tot_msg_rcv: 347
tot_msg_sent: 455
tot_reconf_duration: 24.59
tot_sleeping_duration: 2916.709
tot_uptimes: 8
tot_uptimes_duration: 475.65068000000065
