comms_cons: 47.607091200269934
finished_reconf: true
global_termination_time: 485454.881
local_termination_time: 97946.61700000001
node_cons: 9982.99986112146
tot_aggregated_send: 6947
tot_msg_rcv: 59
tot_msg_sent: 230
tot_reconf_duration: 15.34
tot_sleeping_duration: 478014.8749199989
tot_uptimes: 125
tot_uptimes_duration: 7440.006080001069
