comms_cons: 48.015001600235095
finished_reconf: true
global_termination_time: 490568.489
local_termination_time: 421200.11636000004
node_cons: 10053.119560000021
tot_aggregated_send: 7134
tot_msg_rcv: 55
tot_msg_sent: 109
tot_reconf_duration: 7.819999999999999
tot_sleeping_duration: 483068.489
tot_uptimes: 126
tot_uptimes_duration: 7500.0
