comms_cons: 147.05959038750208
finished_reconf: true
global_termination_time: 1432412.75
local_termination_time: 598845.2143599999
node_cons: 29416.87650893468
tot_aggregated_send: 19024
tot_msg_rcv: 1123
tot_msg_sent: 2206
tot_reconf_duration: 9.11
tot_sleeping_duration: 1410452.701360019
tot_uptimes: 367
tot_uptimes_duration: 21960.048639981076
