comms_cons: 142.18549118686465
finished_reconf: true
global_termination_time: 1428581.023
local_termination_time: 270653.4053600001
node_cons: 29354.899405588818
tot_aggregated_send: 19198
tot_msg_rcv: 821
tot_msg_sent: 1595
tot_reconf_duration: 22.65
tot_sleeping_duration: 1406680.9926000084
tot_uptimes: 366
tot_uptimes_duration: 21900.030399991592
