comms_cons: 142.14706559725653
finished_reconf: true
global_termination_time: 1429759.34
local_termination_time: 1100310.4314799998
node_cons: 29410.40976111674
tot_aggregated_send: 20010
tot_msg_rcv: 549
tot_msg_sent: 1045
tot_reconf_duration: 4.390000000000001
tot_sleeping_duration: 1407799.3339200024
tot_uptimes: 367
tot_uptimes_duration: 21960.006079997635
