comms_cons: 833.1092865559395
finished_reconf: true
global_termination_time: 8404007.752
local_termination_time: 1991020.9313599998
node_cons: 172926.08897825805
tot_aggregated_send: 117276
tot_msg_rcv: 3077
tot_msg_sent: 6272
tot_reconf_duration: 25.299999999999997
tot_sleeping_duration: 8274887.7134800125
tot_uptimes: 2153
tot_uptimes_duration: 129120.03851998807
