comms_cons: 57.030156804668614
finished_reconf: true
global_termination_time: 265078.96972000063
local_termination_time: 1665.3861600000016
node_cons: 5463.390149048916
tot_aggregated_send: 0
tot_msg_rcv: 4723
tot_msg_sent: 3944
tot_reconf_duration: 18.21
tot_sleeping_duration: 261017.23635999396
tot_uptimes: 68
tot_uptimes_duration: 4061.733360006656
