comms_cons: 26.508224000221606
finished_reconf: true
global_termination_time: 267578.361
local_termination_time: 1675.306320000001
node_cons: 5470.053941121436
tot_aggregated_send: 3712
tot_msg_rcv: 86
tot_msg_sent: 232
tot_reconf_duration: 5.1
tot_sleeping_duration: 263498.3549199989
tot_uptimes: 69
tot_uptimes_duration: 4080.0060800010688
