comms_cons: 26.329958400343543
finished_reconf: true
global_termination_time: 267290.706
local_termination_time: 49794.36448000002
node_cons: 5497.493682242871
tot_aggregated_send: 3712
tot_msg_rcv: 80
tot_msg_sent: 210
tot_reconf_duration: 25.299999999999997
tot_sleeping_duration: 263210.69383999787
tot_uptimes: 69
tot_uptimes_duration: 4080.0121600021375
