comms_cons: 27.553689600148974
finished_reconf: true
global_termination_time: 268790.976
local_termination_time: 26240.436480000004
node_cons: 5467.2619000000095
tot_aggregated_send: 3596
tot_msg_rcv: 246
tot_msg_sent: 346
tot_reconf_duration: 3.05
tot_sleeping_duration: 264710.976
tot_uptimes: 69
tot_uptimes_duration: 4080.0
