comms_cons: 27.79712000020532
finished_reconf: true
global_termination_time: 266215.038
local_termination_time: 65063.72848000001
node_cons: 5478.4952622405835
tot_aggregated_send: 3480
tot_msg_rcv: 288
tot_msg_sent: 457
tot_reconf_duration: 11.31
tot_sleeping_duration: 262135.02583999955
tot_uptimes: 69
tot_uptimes_duration: 4080.012160000435
