comms_cons: 179.78859522227305
finished_reconf: true
global_termination_time: 372859.9649200003
local_termination_time: 372859.9238000003
node_cons: 22641.39738212077
tot_aggregated_send: 0
tot_msg_rcv: 11016
tot_msg_sent: 16308
tot_reconf_duration: 24.59
tot_sleeping_duration: 355975.71983999974
tot_uptimes: 279
tot_uptimes_duration: 16884.24508000054
