comms_cons: 448.46922220617097
finished_reconf: true
global_termination_time: 3141880.542
local_termination_time: 2279449.9597200006
node_cons: 64601.888239999025
tot_aggregated_send: 0
tot_msg_rcv: 34290
tot_msg_sent: 33874
tot_reconf_duration: 6.279999999999999
tot_sleeping_duration: 3093640.542
tot_uptimes: 805
tot_uptimes_duration: 48240.0
