comms_cons: 311.360294412063
finished_reconf: true
global_termination_time: 3145263.433
local_termination_time: 2037018.7366
node_cons: 64684.70250223276
tot_aggregated_send: 43326
tot_msg_rcv: 1445
tot_msg_sent: 2555
tot_reconf_duration: 8.09
tot_sleeping_duration: 3096963.420840005
tot_uptimes: 806
tot_uptimes_duration: 48300.0121599955
