comms_cons: 313.23193601861817
finished_reconf: true
global_termination_time: 3140977.913
local_termination_time: 1555792.4932799982
node_cons: 64601.83932446629
tot_aggregated_send: 43558
tot_msg_rcv: 1262
tot_msg_sent: 2789
tot_reconf_duration: 6.22
tot_sleeping_duration: 3092737.8886800096
tot_uptimes: 805
tot_uptimes_duration: 48240.02431999077
