comms_cons: 287.76762880361696
finished_reconf: true
global_termination_time: 2884670.477
local_termination_time: 2128648.71136
node_cons: 59297.84579999903
tot_aggregated_send: 40948
tot_msg_rcv: 1053
tot_msg_sent: 1738
tot_reconf_duration: 5.1
tot_sleeping_duration: 2840390.477
tot_uptimes: 739
tot_uptimes_duration: 44280.0
