comms_cons: 186.73282559059888
finished_reconf: true
global_termination_time: 1865540.4771999987
local_termination_time: 112117.66635999997
node_cons: 38390.950682153154
tot_aggregated_send: 26390
tot_msg_rcv: 678
tot_msg_sent: 1312
tot_reconf_duration: 4.390000000000001
tot_sleeping_duration: 1836873.5697600036
tot_uptimes: 478
tot_uptimes_duration: 28666.907439995033
