comms_cons: 186.07282559187905
finished_reconf: true
global_termination_time: 1868847.954
local_termination_time: 785257.1260399983
node_cons: 38417.878979999725
tot_aggregated_send: 26796
tot_msg_rcv: 567
tot_msg_sent: 918
tot_reconf_duration: 11.31
tot_sleeping_duration: 1840167.954
tot_uptimes: 479
tot_uptimes_duration: 28680.0
