comms_cons: 1885.3466803632791
finished_reconf: true
global_termination_time: 6464672.190599999
local_termination_time: 6464672.149479999
node_cons: 264132.90190498147
tot_aggregated_send: 0
tot_msg_rcv: 95985
tot_msg_sent: 190576
tot_reconf_duration: 37.410000000000004
tot_sleeping_duration: 6267448.815600006
tot_uptimes: 3262
tot_uptimes_duration: 197223.37499999307
