comms_cons: 1273.1090722899676
finished_reconf: true
global_termination_time: 6464672.790599997
local_termination_time: 1764.3124800000003
node_cons: 133008.01475174358
tot_aggregated_send: 0
tot_msg_rcv: 97512
tot_msg_sent: 95988
tot_reconf_duration: 18.21
tot_sleeping_duration: 6365357.416760006
tot_uptimes: 1656
tot_uptimes_duration: 99315.37383999093
