comms_cons: 638.3997825462986
finished_reconf: true
global_termination_time: 6466113.595
local_termination_time: 2768985.04736
node_cons: 132970.31290669835
tot_aggregated_send: 89494
tot_msg_rcv: 2603
tot_msg_sent: 4936
tot_reconf_duration: 5.57
tot_sleeping_duration: 6366813.558520013
tot_uptimes: 1656
tot_uptimes_duration: 99300.03647998674
