comms_cons: 637.182988937076
finished_reconf: true
global_termination_time: 6466112.618
local_termination_time: 2795424.64336
node_cons: 132969.67464669808
tot_aggregated_send: 89494
tot_msg_rcv: 2451
tot_msg_sent: 4904
tot_reconf_duration: 5.1
tot_sleeping_duration: 6366812.5815200135
tot_uptimes: 1656
tot_uptimes_duration: 99300.03647998674
