comms_cons: 636.0472960995797
finished_reconf: true
global_termination_time: 6465747.934
local_termination_time: 3078769.4596000006
node_cons: 132975.5412066988
tot_aggregated_send: 89784
tot_msg_rcv: 2388
tot_msg_sent: 4503
tot_reconf_duration: 9.42
tot_sleeping_duration: 6366447.897520013
tot_uptimes: 1656
tot_uptimes_duration: 99300.03647998697
