comms_cons: 629.6550208361905
finished_reconf: true
global_termination_time: 6465625.195
local_termination_time: 4433086.866359999
node_cons: 132978.86019999496
tot_aggregated_send: 92452
tot_msg_rcv: 1097
tot_msg_sent: 2153
tot_reconf_duration: 11.899999999999999
tot_sleeping_duration: 6366325.195
tot_uptimes: 1656
tot_uptimes_duration: 99300.0
