comms_cons: 644.1823361328677
finished_reconf: true
global_termination_time: 6469636.348
local_termination_time: 1173467.18248
node_cons: 133058.464108932
tot_aggregated_send: 89552
tot_msg_rcv: 2726
tot_msg_sent: 5633
tot_reconf_duration: 11.31
tot_sleeping_duration: 6370276.299360018
tot_uptimes: 1657
tot_uptimes_duration: 99360.04863998224
