comms_cons: 296.9387775984296
finished_reconf: true
global_termination_time: 2994356.737
local_termination_time: 1633368.040119998
node_cons: 61549.00080446617
tot_aggregated_send: 41818
tot_msg_rcv: 1193
tot_msg_sent: 2122
tot_reconf_duration: 6.279999999999999
tot_sleeping_duration: 2948396.7126800097
tot_uptimes: 767
tot_uptimes_duration: 45960.02431999054
