comms_cons: 293.87442558897885
finished_reconf: true
global_termination_time: 2997323.34
local_termination_time: 1779051.9764799997
node_cons: 61629.243042232425
tot_aggregated_send: 41702
tot_msg_rcv: 936
tot_msg_sent: 2029
tot_reconf_duration: 6.22
tot_sleeping_duration: 2951303.3278400046
tot_uptimes: 768
tot_uptimes_duration: 46020.01215999527
