comms_cons: 142.5217663819432
finished_reconf: true
global_termination_time: 1366369.786
local_termination_time: 459862.1384800001
node_cons: 28059.524284467407
tot_aggregated_send: 17980
tot_msg_rcv: 1426
tot_msg_sent: 2260
tot_reconf_duration: 15.34
tot_sleeping_duration: 1345429.7616800095
tot_uptimes: 350
tot_uptimes_duration: 20940.024319990538
