comms_cons: 139.6375679889103
finished_reconf: true
global_termination_time: 1365887.5327599992
local_termination_time: 203522.441
node_cons: 28092.121019192236
tot_aggregated_send: 18442
tot_msg_rcv: 954
tot_msg_sent: 1829
tot_reconf_duration: 3.05
tot_sleeping_duration: 1344910.699960005
tot_uptimes: 350
tot_uptimes_duration: 20976.832799994183
