comms_cons: 140.64055038793055
finished_reconf: true
global_termination_time: 1367313.804
local_termination_time: 504008.27256000024
node_cons: 28126.39836335513
tot_aggregated_send: 18096
tot_msg_rcv: 1073
tot_msg_sent: 2209
tot_reconf_duration: 5.43
tot_sleeping_duration: 1346313.7857600036
tot_uptimes: 351
tot_uptimes_duration: 21000.018239996338
