comms_cons: 113.00433919849439
finished_reconf: true
global_termination_time: 1145625.622
local_termination_time: 6648.406000000001
node_cons: 23543.401530758034
tot_aggregated_send: 16758
tot_msg_rcv: 184
tot_msg_sent: 234
tot_reconf_duration: 2.77
tot_sleeping_duration: 1128045.6071600013
tot_uptimes: 294
tot_uptimes_duration: 17580.014839998505
