comms_cons: 115.156364793648
finished_reconf: true
global_termination_time: 1145519.698
local_termination_time: 4255.123
node_cons: 23545.5164222383
tot_aggregated_send: 16235
tot_msg_rcv: 512
tot_msg_sent: 756
tot_reconf_duration: 4.33
tot_sleeping_duration: 1127939.6858400013
tot_uptimes: 294
tot_uptimes_duration: 17580.012159998703
