comms_cons: 23.73838080053811
finished_reconf: true
global_termination_time: 214401.385
local_termination_time: 144021.8449200003
node_cons: 4345.932201121463
tot_aggregated_send: 2436
tot_msg_rcv: 478
tot_msg_sent: 694
tot_reconf_duration: 5.57
tot_sleeping_duration: 211161.3789199989
tot_uptimes: 55
tot_uptimes_duration: 3240.0060800010833
