comms_cons: 46.47422080041659
finished_reconf: true
global_termination_time: 471861.914
local_termination_time: 89116.936
node_cons: 9655.303945441228
tot_aggregated_send: 6434
tot_msg_rcv: 219
tot_msg_sent: 410
tot_reconf_duration: 7.819999999999999
tot_sleeping_duration: 464659.01303999906
tot_uptimes: 121
tot_uptimes_duration: 7202.900960000901
