comms_cons: 604.1324481076851
finished_reconf: true
global_termination_time: 6092735.381
local_termination_time: 2240892.910839999
node_cons: 125338.96894558179
tot_aggregated_send: 84564
tot_msg_rcv: 2440
tot_msg_sent: 4820
tot_reconf_duration: 6.279999999999999
tot_sleeping_duration: 5999135.350600011
tot_uptimes: 1561
tot_uptimes_duration: 93600.0303999891
