comms_cons: 608.3844673238309
finished_reconf: true
global_termination_time: 6095359.781
local_termination_time: 550821.8060799987
node_cons: 125337.01339116569
tot_aggregated_send: 84912
tot_msg_rcv: 2384
tot_msg_sent: 5174
tot_reconf_duration: 4.8100000000000005
tot_sleeping_duration: 6001759.720200024
tot_uptimes: 1561
tot_uptimes_duration: 93600.06079997728
