comms_cons: 607.8059457150841
finished_reconf: true
global_termination_time: 6091458.981
local_termination_time: 657811.0844399985
node_cons: 125256.07860781513
tot_aggregated_send: 85376
tot_msg_rcv: 2358
tot_msg_sent: 4649
tot_reconf_duration: 4.390000000000001
tot_sleeping_duration: 5997918.938440015
tot_uptimes: 1560
tot_uptimes_duration: 93540.04255998437
