comms_cons: 575.5713212511862
finished_reconf: true
global_termination_time: 1191950.7155999998
local_termination_time: 1191950.6744799998
node_cons: 72265.61886170678
tot_aggregated_send: 0
tot_msg_rcv: 35389
tot_msg_sent: 52095
tot_reconf_duration: 37.410000000000004
tot_sleeping_duration: 1138018.8141200084
tot_uptimes: 886
tot_uptimes_duration: 53931.90147999131
