comms_cons: 236.16066545627515
finished_reconf: true
global_termination_time: 1191951.3155999999
local_termination_time: 3134.46148
node_cons: 24549.031033984058
tot_aggregated_send: 0
tot_msg_rcv: 18204
tot_msg_sent: 17690
tot_reconf_duration: 18.21
tot_sleeping_duration: 1173635.9296000118
tot_uptimes: 306
tot_uptimes_duration: 18315.385999988066
