comms_cons: 119.80065279477614
finished_reconf: true
global_termination_time: 1193487.7
local_termination_time: 94782.9471999999
node_cons: 24521.622137761355
tot_aggregated_send: 16588
tot_msg_rcv: 525
tot_msg_sent: 1096
tot_reconf_duration: 13.17
tot_sleeping_duration: 1175187.672159999
tot_uptimes: 306
tot_uptimes_duration: 18300.027840000985
