comms_cons: 122.24803198448326
finished_reconf: true
global_termination_time: 1196506.873
local_termination_time: 650043.9673599999
node_cons: 24588.287768943836
tot_aggregated_send: 15834
tot_msg_rcv: 939
tot_msg_sent: 1810
tot_reconf_duration: 3.08
tot_sleeping_duration: 1178146.8243600118
tot_uptimes: 307
tot_uptimes_duration: 18360.048639987945
