comms_cons: 123.64948478977101
finished_reconf: true
global_termination_time: 1192460.119
local_termination_time: 301867.51336000004
node_cons: 24516.144650083697
tot_aggregated_send: 15486
tot_msg_rcv: 1103
tot_msg_sent: 2205
tot_reconf_duration: 9.11
tot_sleeping_duration: 1174160.0642799973
tot_uptimes: 306
tot_uptimes_duration: 18300.05472000275
