comms_cons: 122.3605887887922
finished_reconf: true
global_termination_time: 1192000.764
local_termination_time: 726858.7651999996
node_cons: 24598.95080559793
tot_aggregated_send: 16240
tot_msg_rcv: 853
tot_msg_sent: 1505
tot_reconf_duration: 10.95
tot_sleeping_duration: 1173640.7336000015
tot_uptimes: 306
tot_uptimes_duration: 18360.030399998475
