comms_cons: 121.10929279262601
finished_reconf: true
global_termination_time: 1197004.938
local_termination_time: 825607.2373599999
node_cons: 24600.224623355163
tot_aggregated_send: 16472
tot_msg_rcv: 665
tot_msg_sent: 1270
tot_reconf_duration: 11.899999999999999
tot_sleeping_duration: 1178644.919760004
tot_uptimes: 307
tot_uptimes_duration: 18360.018239996338
