comms_cons: 98.561977613676
finished_reconf: true
global_termination_time: 474053.95452000096
local_termination_time: 929.0190399999996
node_cons: 9824.22531760874
tot_aggregated_send: 0
tot_msg_rcv: 7899
tot_msg_sent: 7077
tot_reconf_duration: 18.21
tot_sleeping_duration: 466735.43611999444
tot_uptimes: 122
tot_uptimes_duration: 7318.51840000652
