comms_cons: 46.692582400279534
finished_reconf: true
global_termination_time: 475268.189
local_termination_time: 246659.98060000007
node_cons: 9731.759559999984
tot_aggregated_send: 6902
tot_msg_rcv: 86
tot_msg_sent: 109
tot_reconf_duration: 7.819999999999999
tot_sleeping_duration: 468008.189
tot_uptimes: 122
tot_uptimes_duration: 7260.0
