comms_cons: 194.53839999018447
finished_reconf: true
global_termination_time: 1959621.03
local_termination_time: 122890.98599999999
node_cons: 40257.08002288034
tot_aggregated_send: 27781
tot_msg_rcv: 562
tot_msg_sent: 1225
tot_reconf_duration: 3.08
tot_sleeping_duration: 1929559.1200799996
tot_uptimes: 502
tot_uptimes_duration: 30061.909920000457
