comms_cons: 333.73180134058066
finished_reconf: true
global_termination_time: 1961607.337
local_termination_time: 426387.8216000001
node_cons: 40337.244544467045
tot_aggregated_send: 0
tot_msg_rcv: 25655
tot_msg_sent: 25073
tot_reconf_duration: 4.8100000000000005
tot_sleeping_duration: 1931487.3126800095
tot_uptimes: 503
tot_uptimes_duration: 30120.024319990538
