comms_cons: 192.94819839243553
finished_reconf: true
global_termination_time: 1962756.96
local_termination_time: 949517.6519599996
node_cons: 40356.07459999966
tot_aggregated_send: 27956
tot_msg_rcv: 408
tot_msg_sent: 963
tot_reconf_duration: 18.700000000000003
tot_sleeping_duration: 1932636.96
tot_uptimes: 503
tot_uptimes_duration: 30120.0
