comms_cons: 193.92335358644146
finished_reconf: true
global_termination_time: 1962017.49
local_termination_time: 1027286.3169599988
node_cons: 40341.35654781748
tot_aggregated_send: 26448
tot_msg_rcv: 1105
tot_msg_sent: 1922
tot_reconf_duration: 7.819999999999999
tot_sleeping_duration: 1931897.4474400165
tot_uptimes: 503
tot_uptimes_duration: 30120.042559983325
