comms_cons: 198.48095997585
finished_reconf: true
global_termination_time: 1959115.4702400002
local_termination_time: 103577.94647999997
node_cons: 40313.25672501181
tot_aggregated_send: 25984
tot_msg_rcv: 1384
tot_msg_sent: 2799
tot_reconf_duration: 11.31
tot_sleeping_duration: 1929019.952880021
tot_uptimes: 502
tot_uptimes_duration: 30095.517359979145
