comms_cons: 11.4897919996723
finished_reconf: true
global_termination_time: 120466.106
local_termination_time: 558.72712
node_cons: 2422.362206718045
tot_aggregated_send: 0
tot_msg_rcv: 595
tot_msg_sent: 1153
tot_reconf_duration: 8.92
tot_sleeping_duration: 118666.06952000146
tot_uptimes: 31
tot_uptimes_duration: 1800.03647999854
