comms_cons: 61.640524800437476
finished_reconf: true
global_termination_time: 615569.044
local_termination_time: 19904.73048
node_cons: 12623.999560000018
tot_aggregated_send: 8700
tot_msg_rcv: 270
tot_msg_sent: 399
tot_reconf_duration: 7.819999999999999
tot_sleeping_duration: 606149.044
tot_uptimes: 158
tot_uptimes_duration: 9420.0
