comms_cons: 162.88745596899915
finished_reconf: true
global_termination_time: 701152.5136
local_termination_time: 2436.9786
node_cons: 14426.410844239794
tot_aggregated_send: 0
tot_msg_rcv: 14282
tot_msg_sent: 10471
tot_reconf_duration: 18.21
tot_sleeping_duration: 690396.9634400001
tot_uptimes: 180
tot_uptimes_duration: 10755.550159999839
