comms_cons: 70.14147839855463
finished_reconf: true
global_termination_time: 705379.866
local_termination_time: 17070.6146
node_cons: 14468.125800000023
tot_aggregated_send: 10034
tot_msg_rcv: 225
tot_msg_sent: 402
tot_reconf_duration: 5.1
tot_sleeping_duration: 694579.866
tot_uptimes: 181
tot_uptimes_duration: 10800.0
