comms_cons: 313.27421442757367
finished_reconf: true
global_termination_time: 3088377.956
local_termination_time: 1585700.3065999998
node_cons: 63486.558130051075
tot_aggregated_send: 42456
tot_msg_rcv: 1796
tot_msg_sent: 3364
tot_reconf_duration: 13.17
tot_sleeping_duration: 3040977.9012800204
tot_uptimes: 791
tot_uptimes_duration: 47400.05471997941
