comms_cons: 311.381004811163
finished_reconf: true
global_termination_time: 3090284.448
local_termination_time: 751502.1771599993
node_cons: 63569.52450893368
tot_aggregated_send: 42340
tot_msg_rcv: 1813
tot_msg_sent: 3176
tot_reconf_duration: 15.110000000000001
tot_sleeping_duration: 3042824.399360019
tot_uptimes: 792
tot_uptimes_duration: 47460.04863998131
