comms_cons: 606.7897733114578
finished_reconf: true
global_termination_time: 3088358.148
local_termination_time: 1021.922479999999
node_cons: 63484.77648223239
tot_aggregated_send: 0
tot_msg_rcv: 46407
tot_msg_sent: 45820
tot_reconf_duration: 11.899999999999999
tot_sleeping_duration: 3040958.135840005
tot_uptimes: 791
tot_uptimes_duration: 47400.01215999527
