comms_cons: 1.7763839999967472
finished_reconf: true
global_termination_time: 15822.117
local_termination_time: 6988.445360000001
node_cons: 327.89198000000056
tot_aggregated_send: 0
tot_msg_rcv: 151
tot_msg_sent: 119
tot_reconf_duration: 4.8100000000000005
tot_sleeping_duration: 15582.117
tot_uptimes: 5
tot_uptimes_duration: 240.0
