comms_cons: 153.0252672157303
finished_reconf: true
global_termination_time: 314728.0854800002
local_termination_time: 2450.602040000001
node_cons: 19305.44538643993
tot_aggregated_send: 0
tot_msg_rcv: 9359
tot_msg_sent: 13898
tot_reconf_duration: 18.21
tot_sleeping_duration: 300328.74552000023
tot_uptimes: 236
tot_uptimes_duration: 14399.339959999925
