comms_cons: 51.46861440105036
finished_reconf: true
global_termination_time: 498385.671
local_termination_time: 4664.32636
node_cons: 10210.752201119165
tot_aggregated_send: 6728
tot_msg_rcv: 460
tot_msg_sent: 634
tot_reconf_duration: 5.57
tot_sleeping_duration: 490765.6649200006
tot_uptimes: 128
tot_uptimes_duration: 7620.006079999366
