comms_cons: 405.4124672426947
finished_reconf: true
global_termination_time: 4054546.088
local_termination_time: 1360562.51648
node_cons: 83403.95506669993
tot_aggregated_send: 56492
tot_msg_rcv: 1785
tot_msg_sent: 3344
tot_reconf_duration: 8.09
tot_sleeping_duration: 3992266.0515200137
tot_uptimes: 1039
tot_uptimes_duration: 62280.03647998652
