comms_cons: 408.3442816536733
finished_reconf: true
global_termination_time: 4055594.97
local_termination_time: 646690.5124799989
node_cons: 83398.95489005062
tot_aggregated_send: 56434
tot_msg_rcv: 1855
tot_msg_sent: 3778
tot_reconf_duration: 4.390000000000001
tot_sleeping_duration: 3993314.9152800203
tot_uptimes: 1039
tot_uptimes_duration: 62280.05471997964
