comms_cons: 37.706022400174604
finished_reconf: true
global_termination_time: 380776.209
local_termination_time: 106994.128
node_cons: 7815.807912399215
tot_aggregated_send: 5387
tot_msg_rcv: 114
tot_msg_sent: 231
tot_reconf_duration: 13.17
tot_sleeping_duration: 374952.51740000054
tot_uptimes: 98
tot_uptimes_duration: 5823.691599999409
