comms_cons: 51.25854720001725
finished_reconf: true
global_termination_time: 526417.8165999999
local_termination_time: 145978.57812000092
node_cons: 10806.7117620811
tot_aggregated_send: 7714
tot_msg_rcv: 20
tot_msg_sent: 56
tot_reconf_duration: 11.31
tot_sleeping_duration: 518358.5538799991
tot_uptimes: 135
tot_uptimes_duration: 8059.262720000814
