comms_cons: 2.3230847999916153
finished_reconf: true
global_termination_time: 18640.065
local_termination_time: 5856.749360000001
node_cons: 327.89198000000056
tot_aggregated_send: 0
tot_msg_rcv: 180
tot_msg_sent: 173
tot_reconf_duration: 4.8100000000000005
tot_sleeping_duration: 18400.065
tot_uptimes: 5
tot_uptimes_duration: 240.0
