comms_cons: 62.49666559989242
finished_reconf: true
global_termination_time: 631149.315
local_termination_time: 6190.333
node_cons: 12967.239642242861
tot_aggregated_send: 8851
tot_msg_rcv: 181
tot_msg_sent: 466
tot_reconf_duration: 23.919999999999998
tot_sleeping_duration: 621489.3028399978
tot_uptimes: 162
tot_uptimes_duration: 9660.012160002123
