comms_cons: 62.0484351992706
finished_reconf: true
global_termination_time: 630662.44
local_termination_time: 7199.854
node_cons: 12944.80548224174
tot_aggregated_send: 9040
tot_msg_rcv: 99
tot_msg_sent: 292
tot_reconf_duration: 7.3999999999999995
tot_sleeping_duration: 621002.4278399986
tot_uptimes: 162
tot_uptimes_duration: 9660.012160001286
