comms_cons: 63.358950399635226
finished_reconf: true
global_termination_time: 632093.461
local_termination_time: 5174.794
node_cons: 12940.799382241741
tot_aggregated_send: 8753
tot_msg_rcv: 295
tot_msg_sent: 582
tot_reconf_duration: 4.45
tot_sleeping_duration: 622433.4488399987
tot_uptimes: 162
tot_uptimes_duration: 9660.012160001286
