comms_cons: 62.63994879943617
finished_reconf: true
global_termination_time: 635238.067
local_termination_time: 6348.89
node_cons: 13020.976422242878
tot_aggregated_send: 9217
tot_msg_rcv: 127
tot_msg_sent: 176
tot_reconf_duration: 4.33
tot_sleeping_duration: 625518.0548399979
tot_uptimes: 163
tot_uptimes_duration: 9720.012160002138
