comms_cons: 31.270937600058673
finished_reconf: true
global_termination_time: 313865.909
local_termination_time: 62714.45460000003
node_cons: 6433.161620000016
tot_aggregated_send: 4466
tot_msg_rcv: 117
tot_msg_sent: 170
tot_reconf_duration: 4.390000000000001
tot_sleeping_duration: 309065.909
tot_uptimes: 81
tot_uptimes_duration: 4800.0
