comms_cons: 31.402521600314667
finished_reconf: true
global_termination_time: 314614.141
local_termination_time: 49524.23668000015
node_cons: 6437.827701121437
tot_aggregated_send: 4408
tot_msg_rcv: 137
tot_msg_sent: 228
tot_reconf_duration: 7.819999999999999
tot_sleeping_duration: 309814.13491999893
tot_uptimes: 81
tot_uptimes_duration: 4800.006080001069
