comms_cons: 13.783423999933206
finished_reconf: true
global_termination_time: 138475.54
local_termination_time: 11854.48784
node_cons: 2827.25898
tot_aggregated_send: 1914
tot_msg_rcv: 74
tot_msg_sent: 107
tot_reconf_duration: 11.31
tot_sleeping_duration: 136375.54
tot_uptimes: 36
tot_uptimes_duration: 2100.0
