comms_cons: 214.93513598940785
finished_reconf: true
global_termination_time: 2171933.88
local_termination_time: 1540649.4723599998
node_cons: 44677.51118335475
tot_aggregated_send: 30044
tot_msg_rcv: 826
tot_msg_sent: 1797
tot_reconf_duration: 6.22
tot_sleeping_duration: 2138573.861760003
tot_uptimes: 557
tot_uptimes_duration: 33360.018239996454
