comms_cons: 977.7082679691034
finished_reconf: true
global_termination_time: 2797220.98
local_termination_time: 390104.28624000004
node_cons: 169729.26530266844
tot_aggregated_send: 0
tot_msg_rcv: 60116
tot_msg_sent: 88492
tot_reconf_duration: 18.21
tot_sleeping_duration: 2670481.2218800043
tot_uptimes: 2080
tot_uptimes_duration: 126739.75811999547
