comms_cons: 258.3789695939082
finished_reconf: true
global_termination_time: 2591144.956
local_termination_time: 1276207.76436
node_cons: 53273.04104781709
tot_aggregated_send: 34568
tot_msg_rcv: 1505
tot_msg_sent: 3200
tot_reconf_duration: 5.57
tot_sleeping_duration: 2551364.913440016
tot_uptimes: 664
tot_uptimes_duration: 39780.04255998344
