comms_cons: 254.00975360196492
finished_reconf: true
global_termination_time: 2590784.739
local_termination_time: 1295757.4313599998
node_cons: 53272.34579999897
tot_aggregated_send: 36888
tot_msg_rcv: 491
tot_msg_sent: 1229
tot_reconf_duration: 5.1
tot_sleeping_duration: 2551004.739
tot_uptimes: 664
tot_uptimes_duration: 39780.0
