comms_cons: 256.34287359316073
finished_reconf: true
global_termination_time: 2590060.052
local_termination_time: 750261.5283599999
node_cons: 53278.22050111605
tot_aggregated_send: 36830
tot_msg_rcv: 746
tot_msg_sent: 1386
tot_reconf_duration: 9.42
tot_sleeping_duration: 2550280.0459200027
tot_uptimes: 664
tot_uptimes_duration: 39780.006079997635
