comms_cons: 255.98149119498194
finished_reconf: true
global_termination_time: 2591860.638
local_termination_time: 748515.9103199985
node_cons: 53282.57153999917
tot_aggregated_send: 37526
tot_msg_rcv: 521
tot_msg_sent: 861
tot_reconf_duration: 12.629999999999999
tot_sleeping_duration: 2552080.638
tot_uptimes: 664
tot_uptimes_duration: 39780.0
