comms_cons: 1450.9402026635373
finished_reconf: true
global_termination_time: 7368321.650679997
local_termination_time: 50.57048
node_cons: 151579.25436333055
tot_aggregated_send: 0
tot_msg_rcv: 111129
tot_msg_sent: 109404
tot_reconf_duration: 18.21
tot_sleeping_duration: 7255136.792440015
tot_uptimes: 1887
tot_uptimes_duration: 113184.85823998181
