comms_cons: 737.2998913882968
finished_reconf: true
global_termination_time: 7368980.38
local_termination_time: 2490390.19136
node_cons: 151609.20104781468
tot_aggregated_send: 100688
tot_msg_rcv: 3845
tot_msg_sent: 7531
tot_reconf_duration: 5.57
tot_sleeping_duration: 7255760.337440015
tot_uptimes: 1888
tot_uptimes_duration: 113220.0425599846
