comms_cons: 718.2900225044876
finished_reconf: true
global_termination_time: 7371490.018
local_termination_time: 2816681.00236
node_cons: 151613.99208558045
tot_aggregated_send: 102428
tot_msg_rcv: 2254
tot_msg_sent: 4492
tot_reconf_duration: 9.11
tot_sleeping_duration: 7258269.987600011
tot_uptimes: 1888
tot_uptimes_duration: 113220.03039998934
