comms_cons: 742.0997313606389
finished_reconf: true
global_termination_time: 7368321.011119997
local_termination_time: 83571.79103999982
node_cons: 151572.46172644343
tot_aggregated_send: 102660
tot_msg_rcv: 3521
tot_msg_sent: 6613
tot_reconf_duration: 22.65
tot_sleeping_duration: 7255145.728800021
tot_uptimes: 1887
tot_uptimes_duration: 113175.28231997648
