comms_cons: 716.3271617042109
finished_reconf: true
global_termination_time: 7371492.511
local_termination_time: 4657154.186359999
node_cons: 151627.00716446247
tot_aggregated_send: 102834
tot_msg_rcv: 1855
tot_msg_sent: 4188
tot_reconf_duration: 18.700000000000003
tot_sleeping_duration: 7258272.4866800085
tot_uptimes: 1888
tot_uptimes_duration: 113220.02431999147
