comms_cons: 736.3718337910025
finished_reconf: true
global_termination_time: 7371735.872
local_termination_time: 618478.75136
node_cons: 151610.10003004808
tot_aggregated_send: 102602
tot_msg_rcv: 3162
tot_msg_sent: 6158
tot_reconf_duration: 6.22
tot_sleeping_duration: 7258515.817280021
tot_uptimes: 1888
tot_uptimes_duration: 113220.05471997987
