comms_cons: 732.7416001584166
finished_reconf: true
global_termination_time: 7371102.957
local_termination_time: 1532110.2493599998
node_cons: 151609.03535116563
tot_aggregated_send: 102950
tot_msg_rcv: 2736
tot_msg_sent: 5685
tot_reconf_duration: 5.43
tot_sleeping_duration: 7257882.896200022
tot_uptimes: 1888
tot_uptimes_duration: 113220.06079997821
