comms_cons: 45.876416000092185
finished_reconf: true
global_termination_time: 466241.881
local_termination_time: 13700.58548
node_cons: 9591.226841121443
tot_aggregated_send: 6728
tot_msg_rcv: 91
tot_msg_sent: 153
tot_reconf_duration: 22.65
tot_sleeping_duration: 459101.8749199989
tot_uptimes: 120
tot_uptimes_duration: 7140.006080001069
