comms_cons: 45.73264639993936
finished_reconf: true
global_termination_time: 466164.343
local_termination_time: 36209.437000000005
node_cons: 9576.363254000873
tot_aggregated_send: 6724
tot_msg_rcv: 52
tot_msg_sent: 176
tot_reconf_duration: 7.819999999999999
tot_sleeping_duration: 459020.39699999936
tot_uptimes: 120
tot_uptimes_duration: 7143.946000000644
