comms_cons: 13.277452800373952
finished_reconf: true
global_termination_time: 67877.773
local_termination_time: 2600.88636
node_cons: 1371.7416199999998
tot_aggregated_send: 0
tot_msg_rcv: 1034
tot_msg_sent: 985
tot_reconf_duration: 4.390000000000001
tot_sleeping_duration: 66857.773
tot_uptimes: 18
tot_uptimes_duration: 1020.0
