comms_cons: 133.97591038941817
finished_reconf: true
global_termination_time: 1323197.0098399976
local_termination_time: 1323197.0098399976
node_cons: 27282.675870707793
tot_aggregated_send: 17908
tot_msg_rcv: 701
tot_msg_sent: 1752
tot_reconf_duration: 24.59
tot_sleeping_duration: 1302846.537360007
tot_uptimes: 339
tot_uptimes_duration: 20350.472479990844
