comms_cons: 127.56954879510964
finished_reconf: true
global_termination_time: 1326066.022
local_termination_time: 576517.2387199987
node_cons: 27242.21022335051
tot_aggregated_send: 18270
tot_msg_rcv: 279
tot_msg_sent: 840
tot_reconf_duration: 5.1
tot_sleeping_duration: 1305726.0037600072
tot_uptimes: 340
tot_uptimes_duration: 20340.018239992904
