comms_cons: 127.3752895969456
finished_reconf: true
global_termination_time: 1326500.075
local_termination_time: 582215.201
node_cons: 27269.65296383406
tot_aggregated_send: 17959
tot_msg_rcv: 395
tot_msg_sent: 1007
tot_reconf_duration: 25.299999999999997
tot_sleeping_duration: 1306160.0484400045
tot_uptimes: 340
tot_uptimes_duration: 20340.026559995487
