comms_cons: 133.44899199150092
finished_reconf: true
global_termination_time: 1323197.507
local_termination_time: 25261.278360000004
node_cons: 27159.15145231051
tot_aggregated_send: 17284
tot_msg_rcv: 1033
tot_msg_sent: 1966
tot_reconf_duration: 3.05
tot_sleeping_duration: 1302917.4401200071
tot_uptimes: 339
tot_uptimes_duration: 20280.066879992883
