comms_cons: 37.455385600385156
finished_reconf: true
global_termination_time: 376924.106
local_termination_time: 11788.54548
node_cons: 7737.369180000011
tot_aggregated_send: 5336
tot_msg_rcv: 142
tot_msg_sent: 215
tot_reconf_duration: 18.21
tot_sleeping_duration: 371164.106
tot_uptimes: 97
tot_uptimes_duration: 5760.0
