comms_cons: 37.5014400005218
finished_reconf: true
global_termination_time: 376251.542
local_termination_time: 137780.85148000007
node_cons: 7719.171980000006
tot_aggregated_send: 5336
tot_msg_rcv: 136
tot_msg_sent: 228
tot_reconf_duration: 4.8100000000000005
tot_sleeping_duration: 370491.542
tot_uptimes: 97
tot_uptimes_duration: 5760.0
