comms_cons: 36.863884799918885
finished_reconf: true
global_termination_time: 375994.869
local_termination_time: 4728.387880000002
node_cons: 7727.998980000009
tot_aggregated_send: 5452
tot_msg_rcv: 45
tot_msg_sent: 106
tot_reconf_duration: 11.31
tot_sleeping_duration: 370234.869
tot_uptimes: 97
tot_uptimes_duration: 5760.0
