comms_cons: 235.45274238683334
finished_reconf: true
global_termination_time: 2342619.231
local_termination_time: 227760.57136000006
node_cons: 48141.58556558357
tot_aggregated_send: 32770
tot_msg_rcv: 1046
tot_msg_sent: 1968
tot_reconf_duration: 13.17
tot_sleeping_duration: 2306679.200600012
tot_uptimes: 600
tot_uptimes_duration: 35940.03039998817
