comms_cons: 231.40790398727043
finished_reconf: true
global_termination_time: 2339751.721
local_termination_time: 1215484.4656399991
node_cons: 48139.03526223313
tot_aggregated_send: 32654
tot_msg_rcv: 780
tot_msg_sent: 1738
tot_reconf_duration: 11.31
tot_sleeping_duration: 2303811.7088400046
tot_uptimes: 600
tot_uptimes_duration: 35940.01215999527
