comms_cons: 46.00834560069432
finished_reconf: true
global_termination_time: 460074.11
local_termination_time: 52373.40660000011
node_cons: 9407.344060000012
tot_aggregated_send: 6438
tot_msg_rcv: 212
tot_msg_sent: 343
tot_reconf_duration: 5.57
tot_sleeping_duration: 453054.11
tot_uptimes: 118
tot_uptimes_duration: 7020.0
