comms_cons: 130.10928638381296
finished_reconf: true
global_termination_time: 662023.872
local_termination_time: 2188.32936
node_cons: 13602.197321116852
tot_aggregated_send: 0
tot_msg_rcv: 9985
tot_msg_sent: 9790
tot_reconf_duration: 18.21
tot_sleeping_duration: 651883.8659200023
tot_uptimes: 170
tot_uptimes_duration: 10140.006079997635
