comms_cons: 68.32499200148841
finished_reconf: true
global_termination_time: 662620.256
local_termination_time: 206355.27136000004
node_cons: 13588.136547850005
tot_aggregated_send: 8410
tot_msg_rcv: 696
tot_msg_sent: 1279
tot_reconf_duration: 7.819999999999999
tot_sleeping_duration: 652480.2134399925
tot_uptimes: 170
tot_uptimes_duration: 10140.042560007481
