comms_cons: 360.30255351011544
finished_reconf: true
global_termination_time: 746979.0085999998
local_termination_time: 746978.9674799999
node_cons: 45242.98982307861
tot_aggregated_send: 0
tot_msg_rcv: 22142
tot_msg_sent: 32621
tot_reconf_duration: 24.59
tot_sleeping_duration: 713215.3068800005
tot_uptimes: 552
tot_uptimes_duration: 33763.7017199993
