comms_cons: 74.29295359864413
finished_reconf: true
global_termination_time: 747994.383
local_termination_time: 173316.83236000006
node_cons: 15365.77986112145
tot_aggregated_send: 10498
tot_msg_rcv: 227
tot_msg_sent: 567
tot_reconf_duration: 15.34
tot_sleeping_duration: 736534.3769199989
tot_uptimes: 192
tot_uptimes_duration: 11460.006080001069
