comms_cons: 74.15416319900831
finished_reconf: true
global_termination_time: 748905.585
local_termination_time: 347733.7440400008
node_cons: 15352.504060000032
tot_aggregated_send: 10730
tot_msg_rcv: 198
tot_msg_sent: 343
tot_reconf_duration: 5.57
tot_sleeping_duration: 737445.585
tot_uptimes: 192
tot_uptimes_duration: 11460.0
