comms_cons: 284.0898560146145
finished_reconf: true
global_termination_time: 2808999.396
local_termination_time: 4459.942
node_cons: 57855.09360558376
tot_aggregated_send: 38910
tot_msg_rcv: 1607
tot_msg_sent: 2663
tot_reconf_duration: 7.55
tot_sleeping_duration: 2765799.3656000113
tot_uptimes: 720
tot_uptimes_duration: 43200.03039998864
