comms_cons: 0.6316031999979158
finished_reconf: true
global_termination_time: 3584.041160000005
local_termination_time: 3532.90636
node_cons: 87.71413624000661
tot_aggregated_send: 0
tot_msg_rcv: 52
tot_msg_sent: 43
tot_reconf_duration: 5.57
tot_sleeping_duration: 3524.183
tot_uptimes: 1
tot_uptimes_duration: 59.85816000000523
