comms_cons: 0.7500287999975243
finished_reconf: true
global_termination_time: 4917.321
local_termination_time: 2551.79736
node_cons: 86.87197999999992
tot_aggregated_send: 0
tot_msg_rcv: 60
tot_msg_sent: 54
tot_reconf_duration: 4.8100000000000005
tot_sleeping_duration: 4857.321
tot_uptimes: 2
tot_uptimes_duration: 60.0
