comms_cons: 55.212646400338016
finished_reconf: true
global_termination_time: 565763.359
local_termination_time: 241133.29788000043
node_cons: 11575.491980000013
tot_aggregated_send: 8062
tot_msg_rcv: 100
tot_msg_sent: 230
tot_reconf_duration: 4.8100000000000005
tot_sleeping_duration: 557123.359
tot_uptimes: 145
tot_uptimes_duration: 8640.0
