comms_cons: 89.21457919853756
finished_reconf: true
global_termination_time: 914089.685
local_termination_time: 420184.42236
node_cons: 18820.08752112144
tot_aggregated_send: 12992
tot_msg_rcv: 140
tot_msg_sent: 428
tot_reconf_duration: 15.110000000000001
tot_sleeping_duration: 900049.6789199989
tot_uptimes: 235
tot_uptimes_duration: 14040.006080001069
