comms_cons: 89.60870399945968
finished_reconf: true
global_termination_time: 914059.892
local_termination_time: 144031.85536000005
node_cons: 18806.933940000017
tot_aggregated_send: 13050
tot_msg_rcv: 209
tot_msg_sent: 361
tot_reconf_duration: 5.43
tot_sleeping_duration: 900019.892
tot_uptimes: 235
tot_uptimes_duration: 14040.0
