comms_cons: 311.5891517663351
finished_reconf: true
global_termination_time: 1588769.205
local_termination_time: 330618.8304400002
node_cons: 32648.806841116915
tot_aggregated_send: 0
tot_msg_rcv: 23828
tot_msg_sent: 23531
tot_reconf_duration: 22.65
tot_sleeping_duration: 1564409.1989200024
tot_uptimes: 407
tot_uptimes_duration: 24360.006079997635
