comms_cons: 59.61390720592375
finished_reconf: true
global_termination_time: 406487.36
local_termination_time: 26200.15236
node_cons: 8361.891980000011
tot_aggregated_send: 0
tot_msg_rcv: 4595
tot_msg_sent: 4467
tot_reconf_duration: 4.8100000000000005
tot_sleeping_duration: 400247.36
tot_uptimes: 105
tot_uptimes_duration: 6240.0
