comms_cons: 258.6438912252558
finished_reconf: true
global_termination_time: 405024.7220000001
local_termination_time: 23984.298600000002
node_cons: 40242.29139520649
tot_aggregated_send: 0
tot_msg_rcv: 17816
tot_msg_sent: 21495
tot_reconf_duration: 4.390000000000001
tot_sleeping_duration: 374975.1851999951
tot_uptimes: 487
tot_uptimes_duration: 30049.53680000504
