comms_cons: 120.5081087934016
finished_reconf: true
global_termination_time: 1189123.5234799997
local_termination_time: 1189123.4823599998
node_cons: 24497.896353202654
tot_aggregated_send: 16239
tot_msg_rcv: 707
tot_msg_sent: 1370
tot_reconf_duration: 41.36
tot_sleeping_duration: 1170869.804679998
tot_uptimes: 305
tot_uptimes_duration: 18253.718800001865
