comms_cons: 117.15581439324602
finished_reconf: true
global_termination_time: 1189273.578
local_termination_time: 3906.863
node_cons: 24427.15422448117
tot_aggregated_send: 15888
tot_msg_rcv: 771
tot_msg_sent: 1148
tot_reconf_duration: 2.77
tot_sleeping_duration: 1171033.5536799992
tot_uptimes: 305
tot_uptimes_duration: 18240.024320000848
