comms_cons: 115.64820479291069
finished_reconf: true
global_termination_time: 1194401.513
local_termination_time: 3996.8949999999995
node_cons: 24512.505244471966
tot_aggregated_send: 15595
tot_msg_rcv: 684
tot_msg_sent: 1298
tot_reconf_duration: 6.46
tot_sleeping_duration: 1176101.488680006
tot_uptimes: 306
tot_uptimes_duration: 18300.024319993972
