comms_cons: 121.50466558797552
finished_reconf: true
global_termination_time: 1189981.148
local_termination_time: 6279.504
node_cons: 24437.776452309365
tot_aggregated_send: 15533
tot_msg_rcv: 1005
tot_msg_sent: 1930
tot_reconf_duration: 10.55
tot_sleeping_duration: 1171741.0811200081
tot_uptimes: 305
tot_uptimes_duration: 18240.06687999203
