comms_cons: 340.67920633306164
finished_reconf: true
global_termination_time: 705770.9155999998
local_termination_time: 705770.8744799999
node_cons: 42786.14870388802
tot_aggregated_send: 0
tot_msg_rcv: 20928
tot_msg_sent: 30851
tot_reconf_duration: 24.59
tot_sleeping_duration: 673842.0466799935
tot_uptimes: 525
tot_uptimes_duration: 31928.868920006254
