comms_cons: 70.60202239955069
finished_reconf: true
global_termination_time: 709018.653
local_termination_time: 212011.54540000038
node_cons: 14548.46580000003
tot_aggregated_send: 9976
tot_msg_rcv: 237
tot_msg_sent: 518
tot_reconf_duration: 5.1
tot_sleeping_duration: 698158.653
tot_uptimes: 182
tot_uptimes_duration: 10860.0
