comms_cons: 72.53533439814055
finished_reconf: true
global_termination_time: 710364.038
local_termination_time: 20129.476599999998
node_cons: 14547.550466724007
tot_aggregated_send: 9512
tot_msg_rcv: 520
tot_msg_sent: 993
tot_reconf_duration: 4.390000000000001
tot_sleeping_duration: 699504.001519997
tot_uptimes: 182
tot_uptimes_duration: 10860.03648000298
