comms_cons: 109.6473087951905
finished_reconf: true
global_termination_time: 1108384.1621200005
local_termination_time: 106829.94115999952
node_cons: 22801.290791914176
tot_aggregated_send: 15080
tot_msg_rcv: 522
tot_msg_sent: 1061
tot_reconf_duration: 3.05
tot_sleeping_duration: 1091358.6588400048
tot_uptimes: 284
tot_uptimes_duration: 17025.50327999564
