comms_cons: 113.37541119038299
finished_reconf: true
global_termination_time: 1109920.268
local_termination_time: 310373.5166400008
node_cons: 22825.03932448112
tot_aggregated_send: 14848
tot_msg_rcv: 759
tot_msg_sent: 1626
tot_reconf_duration: 6.22
tot_sleeping_duration: 1092880.2436799991
tot_uptimes: 285
tot_uptimes_duration: 17040.02432000084
