comms_cons: 53.890227200377126
finished_reconf: true
global_termination_time: 545888.093
local_termination_time: 95771.28863999977
node_cons: 11173.791980000013
tot_aggregated_send: 7772
tot_msg_rcv: 133
tot_msg_sent: 286
tot_reconf_duration: 4.8100000000000005
tot_sleeping_duration: 537548.093
tot_uptimes: 140
tot_uptimes_duration: 8340.0
