comms_cons: 143.30813439860728
finished_reconf: true
global_termination_time: 1451636.657
local_termination_time: 959042.0411599993
node_cons: 29814.668240000083
tot_aggregated_send: 20880
tot_msg_rcv: 269
tot_msg_sent: 633
tot_reconf_duration: 6.279999999999999
tot_sleeping_duration: 1429376.657
tot_uptimes: 372
tot_uptimes_duration: 22260.0
