comms_cons: 143.66999039441615
finished_reconf: true
global_termination_time: 1449244.517
local_termination_time: 1111982.6075199991
node_cons: 29840.49740000011
tot_aggregated_send: 20996
tot_msg_rcv: 342
tot_msg_sent: 499
tot_reconf_duration: 25.299999999999997
tot_sleeping_duration: 1426984.517
tot_uptimes: 372
tot_uptimes_duration: 22260.0
