comms_cons: 147.20613758486215
finished_reconf: true
global_termination_time: 1449465.632
local_termination_time: 350695.51236000005
node_cons: 29812.753391168368
tot_aggregated_send: 19314
tot_msg_rcv: 959
tot_msg_sent: 2101
tot_reconf_duration: 4.8100000000000005
tot_sleeping_duration: 1427205.5712000236
tot_uptimes: 372
tot_uptimes_duration: 22260.060799976345
