comms_cons: 129.53786879475578
finished_reconf: true
global_termination_time: 1303283.353
local_termination_time: 380022.8567600004
node_cons: 26763.83956000005
tot_aggregated_send: 18676
tot_msg_rcv: 382
tot_msg_sent: 631
tot_reconf_duration: 7.819999999999999
tot_sleeping_duration: 1283303.353
tot_uptimes: 334
tot_uptimes_duration: 19980.0
