comms_cons: 190.92874237807513
finished_reconf: true
global_termination_time: 2001395.318
local_termination_time: 4288.075
node_cons: 41139.59878123331
tot_aggregated_send: 25109
tot_msg_rcv: 1469
tot_msg_sent: 2442
tot_reconf_duration: 3.95
tot_sleeping_duration: 1970675.2024800347
tot_uptimes: 513
tot_uptimes_duration: 30720.11551996536
