comms_cons: 188.8843519847913
finished_reconf: true
global_termination_time: 2001137.051
local_termination_time: 7147.497
node_cons: 41139.69661229405
tot_aggregated_send: 26212
tot_msg_rcv: 850
tot_msg_sent: 1647
tot_reconf_duration: 4.07
tot_sleeping_duration: 1970416.984120019
tot_uptimes: 513
tot_uptimes_duration: 30720.066879980848
