comms_cons: 180.06612479263595
finished_reconf: true
global_termination_time: 1814670.544
local_termination_time: 1332360.4033599999
node_cons: 37290.13137999999
tot_aggregated_send: 25868
tot_msg_rcv: 516
tot_msg_sent: 985
tot_reconf_duration: 9.11
tot_sleeping_duration: 1786830.544
tot_uptimes: 465
tot_uptimes_duration: 27840.0
