comms_cons: 180.6582527894863
finished_reconf: true
global_termination_time: 1811959.703
local_termination_time: 834229.4643599999
node_cons: 37298.27937999983
tot_aggregated_send: 26042
tot_msg_rcv: 561
tot_msg_sent: 856
tot_reconf_duration: 15.110000000000001
tot_sleeping_duration: 1784119.703
tot_uptimes: 465
tot_uptimes_duration: 27840.0
