comms_cons: 379.78755839946115
finished_reconf: true
global_termination_time: 3868370.207
local_termination_time: 1531495.9670000002
node_cons: 79557.45614334896
tot_aggregated_send: 53579
tot_msg_rcv: 1473
tot_msg_sent: 2674
tot_reconf_duration: 15.34
tot_sleeping_duration: 3808970.188760007
tot_uptimes: 991
tot_uptimes_duration: 59400.01823999314
