comms_cons: 385.4998400581026
finished_reconf: true
global_termination_time: 3870667.455
local_termination_time: 2160989.744479998
node_cons: 79679.51655718291
tot_aggregated_send: 53592
tot_msg_rcv: 1688
tot_msg_sent: 3312
tot_reconf_duration: 25.299999999999997
tot_sleeping_duration: 3811186.380200011
tot_uptimes: 992
tot_uptimes_duration: 59481.074799988884
