comms_cons: 380.41655041858684
finished_reconf: true
global_termination_time: 3868292.66
local_termination_time: 1452268.9787999992
node_cons: 79544.00650446622
tot_aggregated_send: 53534
tot_msg_rcv: 1397
tot_msg_sent: 2891
tot_reconf_duration: 5.43
tot_sleeping_duration: 3808892.6356800087
tot_uptimes: 991
tot_uptimes_duration: 59400.02431999124
