comms_cons: 11.234566400185166
finished_reconf: true
global_termination_time: 83468.767
local_termination_time: 38374.97736000001
node_cons: 1702.0426644811607
tot_aggregated_send: 406
tot_msg_rcv: 571
tot_msg_sent: 731
tot_reconf_duration: 10.95
tot_sleeping_duration: 82208.74267999914
tot_uptimes: 22
tot_uptimes_duration: 1260.02432000087
