comms_cons: 10.886771199970436
finished_reconf: true
global_termination_time: 82449.605
local_termination_time: 48740.88296000012
node_cons: 1694.51394
tot_aggregated_send: 580
tot_msg_rcv: 470
tot_msg_sent: 605
tot_reconf_duration: 5.43
tot_sleeping_duration: 81189.605
tot_uptimes: 22
tot_uptimes_duration: 1260.0
