comms_cons: 83.66044161103662
finished_reconf: true
global_termination_time: 401157.9971600008
local_termination_time: 401157.9560400008
node_cons: 8297.28945072676
tot_aggregated_send: 0
tot_msg_rcv: 6742
tot_msg_sent: 5968
tot_reconf_duration: 24.59
tot_sleeping_duration: 394986.30467999575
tot_uptimes: 103
tot_uptimes_duration: 6171.692480005033
