comms_cons: 117.36537601526514
finished_reconf: true
global_termination_time: 401158.51492000086
local_termination_time: 1863.9090400000016
node_cons: 16471.296372881145
tot_aggregated_send: 0
tot_msg_rcv: 5966
tot_msg_sent: 11871
tot_reconf_duration: 4.390000000000001
tot_sleeping_duration: 388861.775
tot_uptimes: 203
tot_uptimes_duration: 12296.739920000837
