comms_cons: 77.20158719520629
finished_reconf: true
global_termination_time: 757616.1592399989
local_termination_time: 757616.118119999
node_cons: 15670.139990311636
tot_aggregated_send: 10194
tot_msg_rcv: 458
tot_msg_sent: 1083
tot_reconf_duration: 24.59
tot_sleeping_duration: 745938.2303600052
tot_uptimes: 195
tot_uptimes_duration: 11677.928879993728
