comms_cons: 76.99265279920064
finished_reconf: true
global_termination_time: 758706.541
local_termination_time: 90488.32671999942
node_cons: 15595.495243200672
tot_aggregated_send: 10208
tot_msg_rcv: 529
tot_msg_sent: 966
tot_reconf_duration: 5.1
tot_sleeping_duration: 747064.5921999995
tot_uptimes: 195
tot_uptimes_duration: 11641.948800000479
