comms_cons: 77.10164479691657
finished_reconf: true
global_termination_time: 759802.728
local_termination_time: 53294.401280000166
node_cons: 15634.462060394493
tot_aggregated_send: 10382
tot_msg_rcv: 494
tot_msg_sent: 843
tot_reconf_duration: 25.299999999999997
tot_sleeping_duration: 748152.1644000041
tot_uptimes: 195
tot_uptimes_duration: 11650.563599995869
