comms_cons: 75.87791359808166
finished_reconf: true
global_termination_time: 757991.085
local_termination_time: 204814.89536000005
node_cons: 15603.853001121472
tot_aggregated_send: 10672
tot_msg_rcv: 292
tot_msg_sent: 569
tot_reconf_duration: 13.17
tot_sleeping_duration: 746351.078919999
tot_uptimes: 195
tot_uptimes_duration: 11640.006080001069
