comms_cons: 75.15545599739316
finished_reconf: true
global_termination_time: 761124.308
local_termination_time: 298128.36636000004
node_cons: 15601.335262233684
tot_aggregated_send: 10498
tot_msg_rcv: 291
tot_msg_sent: 635
tot_reconf_duration: 11.31
tot_sleeping_duration: 749484.2958400047
tot_uptimes: 195
tot_uptimes_duration: 11640.012159995269
