comms_cons: 62.92190720073893
finished_reconf: true
global_termination_time: 586208.1147199997
local_termination_time: 586208.0735999998
node_cons: 12102.98389601541
tot_aggregated_send: 6772
tot_msg_rcv: 842
tot_msg_sent: 1955
tot_reconf_duration: 24.59
tot_sleeping_duration: 577194.2307199882
tot_uptimes: 151
tot_uptimes_duration: 9013.884000011489
