comms_cons: 58.0489088003617
finished_reconf: true
global_termination_time: 588187.548
local_termination_time: 15219.17648
node_cons: 12056.969761119168
tot_aggregated_send: 8410
tot_msg_rcv: 125
tot_msg_sent: 288
tot_reconf_duration: 4.390000000000001
tot_sleeping_duration: 579187.5419200006
tot_uptimes: 151
tot_uptimes_duration: 9000.006079999366
