comms_cons: 75.69369600074145
finished_reconf: true
global_termination_time: 767816.1421200002
local_termination_time: 383901.19848
node_cons: 15798.418299680317
tot_aggregated_send: 10788
tot_msg_rcv: 252
tot_msg_sent: 465
tot_reconf_duration: 6.22
tot_sleeping_duration: 756023.781
tot_uptimes: 197
tot_uptimes_duration: 11792.361120000249
