comms_cons: 146.63569919583355
finished_reconf: true
global_termination_time: 1465739.995
local_termination_time: 1124812.48336
node_cons: 30135.95490111684
tot_aggregated_send: 20184
tot_msg_rcv: 735
tot_msg_sent: 1368
tot_reconf_duration: 6.22
tot_sleeping_duration: 1443239.9889200025
tot_uptimes: 376
tot_uptimes_duration: 22500.006079997635
