comms_cons: 47.394534400640126
finished_reconf: true
global_termination_time: 474892.451
local_termination_time: 400079.42212
node_cons: 9738.299681121449
tot_aggregated_send: 6612
tot_msg_rcv: 196
tot_msg_sent: 396
tot_reconf_duration: 12.629999999999999
tot_sleeping_duration: 467632.44491999893
tot_uptimes: 122
tot_uptimes_duration: 7260.006080001069
