comms_cons: 48.672723200833815
finished_reconf: true
global_termination_time: 474357.258
local_termination_time: 47433.751
node_cons: 9729.508334963144
tot_aggregated_send: 6320
tot_msg_rcv: 381
tot_msg_sent: 698
tot_reconf_duration: 5.43
tot_sleeping_duration: 467096.51535999763
tot_uptimes: 122
tot_uptimes_duration: 7260.74264000234
