comms_cons: 285.5173184004685
finished_reconf: true
global_termination_time: 2808490.044
local_termination_time: 363609.2416000001
node_cons: 57865.696848938576
tot_aggregated_send: 38686
tot_msg_rcv: 1638
tot_msg_sent: 3072
tot_reconf_duration: 15.34
tot_sleeping_duration: 2765289.9953600154
tot_uptimes: 720
tot_uptimes_duration: 43200.04863998474
