comms_cons: 283.3256704090994
finished_reconf: true
global_termination_time: 2808796.455
local_termination_time: 1279822.50036
node_cons: 57851.35640334954
tot_aggregated_send: 39034
tot_msg_rcv: 1303
tot_msg_sent: 2727
tot_reconf_duration: 4.8100000000000005
tot_sleeping_duration: 2765596.4367600074
tot_uptimes: 720
tot_uptimes_duration: 43200.0182399929
