comms_cons: 285.5109631973903
finished_reconf: true
global_termination_time: 2810322.619
local_termination_time: 358325.6623600001
node_cons: 57852.239068938215
tot_aggregated_send: 38686
tot_msg_rcv: 1632
tot_msg_sent: 3078
tot_reconf_duration: 5.43
tot_sleeping_duration: 2767122.570360015
tot_uptimes: 720
tot_uptimes_duration: 43200.04863998451
