comms_cons: 102.51612159264178
finished_reconf: true
global_termination_time: 1003587.604
local_termination_time: 533017.4464799999
node_cons: 20658.03212446745
tot_aggregated_send: 12760
tot_msg_rcv: 985
tot_msg_sent: 1836
tot_reconf_duration: 7.819999999999999
tot_sleeping_duration: 988167.5796800095
tot_uptimes: 258
tot_uptimes_duration: 15420.024319990538
