comms_cons: 102.64867839388388
finished_reconf: true
global_termination_time: 1004746.267
local_termination_time: 283094.59504000033
node_cons: 20662.771544471954
tot_aggregated_send: 13282
tot_msg_rcv: 869
tot_msg_sent: 1451
tot_reconf_duration: 11.31
tot_sleeping_duration: 989326.242680006
tot_uptimes: 258
tot_uptimes_duration: 15420.024319993972
