comms_cons: 45.14736640121367
finished_reconf: true
global_termination_time: 432007.223
local_termination_time: 173581.21336000008
node_cons: 8843.377902242892
tot_aggregated_send: 5626
tot_msg_rcv: 484
tot_msg_sent: 752
tot_reconf_duration: 4.390000000000001
tot_sleeping_duration: 425407.21083999786
tot_uptimes: 111
tot_uptimes_duration: 6600.0121600021375
