comms_cons: 84.64701441147112
finished_reconf: true
global_termination_time: 428117.4401600004
local_termination_time: 2618.2013600000005
node_cons: 8804.381036483417
tot_aggregated_send: 0
tot_msg_rcv: 6523
tot_msg_sent: 6341
tot_reconf_duration: 6.22
tot_sleeping_duration: 421548.4078399979
tot_uptimes: 110
tot_uptimes_duration: 6569.032320002545
