comms_cons: 95.03779839278106
finished_reconf: true
global_termination_time: 915643.9530000002
local_termination_time: 414507.08368000074
node_cons: 18833.1723444722
tot_aggregated_send: 11600
tot_msg_rcv: 983
tot_msg_sent: 1864
tot_reconf_duration: 4.8100000000000005
tot_sleeping_duration: 901583.7286800061
tot_uptimes: 235
tot_uptimes_duration: 14060.224319994159
