comms_cons: 736.7608641483763
finished_reconf: true
global_termination_time: 7450937.782
local_termination_time: 2066691.706479999
node_cons: 153309.61684893176
tot_aggregated_send: 103878
tot_msg_rcv: 2477
tot_msg_sent: 5628
tot_reconf_duration: 15.34
tot_sleeping_duration: 7336457.733360017
tot_uptimes: 1909
tot_uptimes_duration: 114480.0486399827
