comms_cons: 735.5747329223552
finished_reconf: true
global_termination_time: 7452221.747
local_termination_time: 2287980.87836
node_cons: 153297.2889455809
tot_aggregated_send: 104458
tot_msg_rcv: 2406
tot_msg_sent: 4940
tot_reconf_duration: 6.279999999999999
tot_sleeping_duration: 7337741.716600011
tot_uptimes: 1909
tot_uptimes_duration: 114480.03039998934
