comms_cons: 735.7124097275799
finished_reconf: true
global_termination_time: 7450922.667
local_termination_time: 4222766.190359999
node_cons: 153295.69464669685
tot_aggregated_send: 102834
tot_msg_rcv: 2938
tot_msg_sent: 6051
tot_reconf_duration: 5.1
tot_sleeping_duration: 7336442.630520013
tot_uptimes: 1909
tot_uptimes_duration: 114480.03647998697
