comms_cons: 737.1337345595507
finished_reconf: true
global_termination_time: 7453945.881
local_termination_time: 4331505.930719999
node_cons: 153323.1262466971
tot_aggregated_send: 102254
tot_msg_rcv: 3242
tot_msg_sent: 6543
tot_reconf_duration: 25.299999999999997
tot_sleeping_duration: 7339465.844520013
tot_uptimes: 1909
tot_uptimes_duration: 114480.03647998697
