comms_cons: 735.7240065701917
finished_reconf: true
global_termination_time: 7452376.541
local_termination_time: 4390583.90136
node_cons: 153292.95148669748
tot_aggregated_send: 102950
tot_msg_rcv: 2899
tot_msg_sent: 5976
tot_reconf_duration: 3.08
tot_sleeping_duration: 7337896.504520013
tot_uptimes: 1909
tot_uptimes_duration: 114480.03647998697
