comms_cons: 725.7318144377763
finished_reconf: true
global_termination_time: 7451055.473
local_termination_time: 4763523.809599999
node_cons: 153310.85829939353
tot_aggregated_send: 107590
tot_msg_rcv: 873
tot_msg_sent: 1844
tot_reconf_duration: 11.899999999999999
tot_sleeping_duration: 7336571.008400001
tot_uptimes: 1909
tot_uptimes_duration: 114484.4645999996
