comms_cons: 468.93310724180276
finished_reconf: true
global_termination_time: 4837623.675
local_termination_time: 2171437.4146799995
node_cons: 99467.87836446556
tot_aggregated_send: 66816
tot_msg_rcv: 1497
tot_msg_sent: 2963
tot_reconf_duration: 5.1
tot_sleeping_duration: 4763343.650680008
tot_uptimes: 1239
tot_uptimes_duration: 74280.02431999124
