comms_cons: 487.77827210780964
finished_reconf: true
global_termination_time: 4837906.009
local_termination_time: 172087.56736000004
node_cons: 99491.76011117562
tot_aggregated_send: 67106
tot_msg_rcv: 2458
tot_msg_sent: 4575
tot_reconf_duration: 22.65
tot_sleeping_duration: 4763625.948200016
tot_uptimes: 1239
tot_uptimes_duration: 74280.06079998391
