comms_cons: 126.72259839193498
finished_reconf: true
global_termination_time: 1273518.577
local_termination_time: 485304.9693600001
node_cons: 26201.899490074557
tot_aggregated_send: 16472
tot_msg_rcv: 980
tot_msg_sent: 1809
tot_reconf_duration: 8.09
tot_sleeping_duration: 1253958.522280004
tot_uptimes: 327
tot_uptimes_duration: 19560.054719995882
