comms_cons: 125.36078719146379
finished_reconf: true
global_termination_time: 1274825.463
local_termination_time: 518229.14736000006
node_cons: 26203.284650065307
tot_aggregated_send: 16646
tot_msg_rcv: 869
tot_msg_sent: 1539
tot_reconf_duration: 9.11
tot_sleeping_duration: 1255265.4082800108
tot_uptimes: 327
tot_uptimes_duration: 19560.054719989013
