comms_cons: 123.4586879989715
finished_reconf: true
global_termination_time: 1274077.424
local_termination_time: 806208.3570399993
node_cons: 26207.008341116903
tot_aggregated_send: 17574
tot_msg_rcv: 387
tot_msg_sent: 804
tot_reconf_duration: 11.899999999999999
tot_sleeping_duration: 1254517.4179200025
tot_uptimes: 327
tot_uptimes_duration: 19560.006079997635
