comms_cons: 129.53849599376403
finished_reconf: true
global_termination_time: 1275286.68
local_termination_time: 255361.65336000005
node_cons: 26197.404544471967
tot_aggregated_send: 17690
tot_msg_rcv: 778
tot_msg_sent: 1222
tot_reconf_duration: 4.8100000000000005
tot_sleeping_duration: 1255726.6556800061
tot_uptimes: 327
tot_uptimes_duration: 19560.024319993972
