comms_cons: 4.921241599993873
finished_reconf: true
global_termination_time: 2894.4022400000017
local_termination_time: 2894.361120000002
node_cons: 576.0286473600016
tot_aggregated_send: 0
tot_msg_rcv: 360
tot_msg_sent: 386
tot_reconf_duration: 24.59
tot_sleeping_duration: 2489.1480000000006
tot_uptimes: 7
tot_uptimes_duration: 405.2542400000011
