comms_cons: 159.229798388751
finished_reconf: true
global_termination_time: 1572223.852
local_termination_time: 492511.44840000034
node_cons: 32303.268967822474
tot_aggregated_send: 21112
tot_msg_rcv: 1108
tot_msg_sent: 1982
tot_reconf_duration: 4.8100000000000005
tot_sleeping_duration: 1548103.809440013
tot_uptimes: 403
tot_uptimes_duration: 24120.042559986876
