comms_cons: 156.31255039424647
finished_reconf: true
global_termination_time: 1572202.11248
local_termination_time: 1572202.07136
node_cons: 32348.431659836526
tot_aggregated_send: 22432
tot_msg_rcv: 446
tot_msg_sent: 878
tot_reconf_duration: 24.59
tot_sleeping_duration: 1548068.4019200024
tot_uptimes: 403
tot_uptimes_duration: 24133.71055999736
