comms_cons: 207.56323842725627
finished_reconf: true
global_termination_time: 430402.8237200001
local_termination_time: 430402.7826000001
node_cons: 26036.176390048706
tot_aggregated_send: 0
tot_msg_rcv: 12800
tot_msg_sent: 18749
tot_reconf_duration: 37.410000000000004
tot_sleeping_duration: 410996.2713599936
tot_uptimes: 319
tot_uptimes_duration: 19406.552360006466
