comms_cons: 129.90087679641
finished_reconf: true
global_termination_time: 1298807.581
local_termination_time: 232768.67336000007
node_cons: 26685.25138000006
tot_aggregated_send: 18386
tot_msg_rcv: 495
tot_msg_sent: 862
tot_reconf_duration: 9.11
tot_sleeping_duration: 1278887.581
tot_uptimes: 333
tot_uptimes_duration: 19920.0
