comms_cons: 127.34041599705516
finished_reconf: true
global_termination_time: 1297885.587
local_termination_time: 1263188.2954799999
node_cons: 26685.67235999994
tot_aggregated_send: 18908
tot_msg_rcv: 149
tot_msg_sent: 298
tot_reconf_duration: 9.42
tot_sleeping_duration: 1277965.587
tot_uptimes: 333
tot_uptimes_duration: 19920.0
