comms_cons: 128.48519679807922
finished_reconf: true
global_termination_time: 1298902.873
local_termination_time: 643917.9713599999
node_cons: 26689.040200000072
tot_aggregated_send: 18676
tot_msg_rcv: 284
tot_msg_sent: 569
tot_reconf_duration: 11.899999999999999
tot_sleeping_duration: 1278982.873
tot_uptimes: 333
tot_uptimes_duration: 19920.0
