comms_cons: 82.57553919636861
finished_reconf: true
global_termination_time: 810157.523
local_termination_time: 198490.10792000074
node_cons: 16641.02398335509
tot_aggregated_send: 11078
tot_msg_rcv: 547
tot_msg_sent: 926
tot_reconf_duration: 7.819999999999999
tot_sleeping_duration: 797737.5047600038
tot_uptimes: 208
tot_uptimes_duration: 12420.018239996338
