comms_cons: 81.88535039925792
finished_reconf: true
global_termination_time: 809423.74
local_termination_time: 207242.59856000025
node_cons: 16638.843042238288
tot_aggregated_send: 11194
tot_msg_rcv: 442
tot_msg_sent: 811
tot_reconf_duration: 6.22
tot_sleeping_duration: 797003.7278400012
tot_uptimes: 208
tot_uptimes_duration: 12420.012159998703
