comms_cons: 62.895718406209774
finished_reconf: true
global_termination_time: 331323.209
local_termination_time: 44434.64136000001
node_cons: 6757.02304224287
tot_aggregated_send: 0
tot_msg_rcv: 4860
tot_msg_sent: 4700
tot_reconf_duration: 6.22
tot_sleeping_duration: 326283.19683999784
tot_uptimes: 85
tot_uptimes_duration: 5040.0121600021375
