comms_cons: 1.0921471999963932
finished_reconf: true
global_termination_time: 4722.754
local_termination_time: 2820.4723599999998
node_cons: 87.90405999999962
tot_aggregated_send: 0
tot_msg_rcv: 110
tot_msg_sent: 56
tot_reconf_duration: 5.57
tot_sleeping_duration: 4662.754
tot_uptimes: 2
tot_uptimes_duration: 60.0
