comms_cons: 64.86433280048668
finished_reconf: true
global_termination_time: 655286.377
local_termination_time: 159267.09336000006
node_cons: 13434.664860000035
tot_aggregated_send: 9164
tot_msg_rcv: 222
tot_msg_sent: 473
tot_reconf_duration: 13.17
tot_sleeping_duration: 645266.377
tot_uptimes: 168
tot_uptimes_duration: 10020.0
