comms_cons: 101.46407679084294
finished_reconf: true
global_termination_time: 994218.5374799999
local_termination_time: 62635.19948000001
node_cons: 20451.644115420946
tot_aggregated_send: 13282
tot_msg_rcv: 690
tot_msg_sent: 1450
tot_reconf_duration: 18.21
tot_sleeping_duration: 978963.1865200142
tot_uptimes: 255
tot_uptimes_duration: 15255.350959985752
