comms_cons: 98.33930239901025
finished_reconf: true
global_termination_time: 995938.829
local_termination_time: 694682.1493599999
node_cons: 20504.584860000086
tot_aggregated_send: 14442
tot_msg_rcv: 169
tot_msg_sent: 336
tot_reconf_duration: 13.17
tot_sleeping_duration: 980638.829
tot_uptimes: 256
tot_uptimes_duration: 15300.0
