comms_cons: 99.2998655962678
finished_reconf: true
global_termination_time: 999333.392
local_termination_time: 637392.7449199985
node_cons: 20495.15490111698
tot_aggregated_send: 14094
tot_msg_rcv: 305
tot_msg_sent: 694
tot_reconf_duration: 6.22
tot_sleeping_duration: 984033.3859200024
tot_uptimes: 256
tot_uptimes_duration: 15300.006079997635
