comms_cons: 89.00999679501219
finished_reconf: true
global_termination_time: 878279.962
local_termination_time: 536398.9403599999
node_cons: 18020.91360335507
tot_aggregated_send: 12006
tot_msg_rcv: 551
tot_msg_sent: 972
tot_reconf_duration: 18.21
tot_sleeping_duration: 864839.9437600037
tot_uptimes: 225
tot_uptimes_duration: 13440.018239996338
