comms_cons: 91.29200639470983
finished_reconf: true
global_termination_time: 879686.17
local_termination_time: 460194.0530000005
node_cons: 18107.283123355155
tot_aggregated_send: 11658
tot_msg_rcv: 842
tot_msg_sent: 1376
tot_reconf_duration: 22.65
tot_sleeping_duration: 866186.1517600038
tot_uptimes: 226
tot_uptimes_duration: 13500.018239996338
