comms_cons: 88.16203519891386
finished_reconf: true
global_termination_time: 880465.671
local_termination_time: 282569.5108400001
node_cons: 18110.865541121442
tot_aggregated_send: 12296
tot_msg_rcv: 373
tot_msg_sent: 731
tot_reconf_duration: 25.299999999999997
tot_sleeping_duration: 866965.664919999
tot_uptimes: 226
tot_uptimes_duration: 13500.006080001069
