comms_cons: 89.48889599579523
finished_reconf: true
global_termination_time: 878969.056
local_termination_time: 395215.64780000073
node_cons: 18093.684104467364
tot_aggregated_send: 11890
tot_msg_rcv: 557
tot_msg_sent: 1155
tot_reconf_duration: 12.629999999999999
tot_sleeping_duration: 865469.0316800094
tot_uptimes: 226
tot_uptimes_duration: 13500.024319990538
