comms_cons: 11.264217599951522
finished_reconf: true
global_termination_time: 103860.829
local_termination_time: 24358.056
node_cons: 2113.5854622394404
tot_aggregated_send: 986
tot_msg_rcv: 212
tot_msg_sent: 515
tot_reconf_duration: 18.21
tot_sleeping_duration: 102300.8168400004
tot_uptimes: 27
tot_uptimes_duration: 1560.0121599995837
