comms_cons: 12.645222399837637
finished_reconf: true
global_termination_time: 105054.267
local_termination_time: 35910.77044000014
node_cons: 2095.822787838617
tot_aggregated_send: 754
tot_msg_rcv: 404
tot_msg_sent: 764
tot_reconf_duration: 5.1
tot_sleeping_duration: 103494.22444000104
tot_uptimes: 27
tot_uptimes_duration: 1560.0425599989685
