comms_cons: 12.640524799834825
finished_reconf: true
global_termination_time: 106981.478
local_termination_time: 48264.107360000016
node_cons: 2175.1579022394526
tot_aggregated_send: 870
tot_msg_rcv: 355
tot_msg_sent: 698
tot_reconf_duration: 4.390000000000001
tot_sleeping_duration: 105361.46584000041
tot_uptimes: 28
tot_uptimes_duration: 1620.0121599995837
