comms_cons: 105.84870399524354
finished_reconf: true
global_termination_time: 1050731.77748
local_termination_time: 1050731.73636
node_cons: 21680.670066553776
tot_aggregated_send: 14648
tot_msg_rcv: 496
tot_msg_sent: 944
tot_reconf_duration: 37.410000000000004
tot_sleeping_duration: 1034578.0304400045
tot_uptimes: 270
tot_uptimes_duration: 16153.747039995316
