comms_cons: 106.58961919582983
finished_reconf: true
global_termination_time: 1052289.549
local_termination_time: 292488.5864800006
node_cons: 21632.30800223833
tot_aggregated_send: 14500
tot_msg_rcv: 609
tot_msg_sent: 1092
tot_reconf_duration: 15.34
tot_sleeping_duration: 1036149.5368400014
tot_uptimes: 270
tot_uptimes_duration: 16140.012159998703
