comms_cons: 106.48115839080184
finished_reconf: true
global_termination_time: 1051802.797
local_termination_time: 529907.4213999982
node_cons: 21619.971888939406
tot_aggregated_send: 13862
tot_msg_rcv: 750
tot_msg_sent: 1573
tot_reconf_duration: 6.22
tot_sleeping_duration: 1035662.7483600156
tot_uptimes: 270
tot_uptimes_duration: 16140.04863998451
