comms_cons: 105.71521279184182
finished_reconf: true
global_termination_time: 1052569.941
local_termination_time: 617543.8333599998
node_cons: 21626.875967817778
tot_aggregated_send: 13630
tot_msg_rcv: 818
tot_msg_sent: 1620
tot_reconf_duration: 11.31
tot_sleeping_duration: 1036429.8984400167
tot_uptimes: 270
tot_uptimes_duration: 16140.042559983442
