comms_cons: 3.0132735999900415
finished_reconf: true
global_termination_time: 13862.865
local_termination_time: 9055.49136
node_cons: 253.39952112000702
tot_aggregated_send: 0
tot_msg_rcv: 290
tot_msg_sent: 168
tot_reconf_duration: 9.11
tot_sleeping_duration: 13682.858919999995
tot_uptimes: 4
tot_uptimes_duration: 180.00608000000466
