comms_cons: 3.013273599996957
finished_reconf: true
global_termination_time: 12462.194
local_termination_time: 5968.996360000001
node_cons: 257.18020000000075
tot_aggregated_send: 0
tot_msg_rcv: 294
tot_msg_sent: 163
tot_reconf_duration: 11.899999999999999
tot_sleeping_duration: 12282.194
tot_uptimes: 4
tot_uptimes_duration: 180.0
