comms_cons: 3.1251199999963686
finished_reconf: true
global_termination_time: 13475.643
local_termination_time: 9801.99136
node_cons: 245.16189999999898
tot_aggregated_send: 0
tot_msg_rcv: 303
tot_msg_sent: 172
tot_reconf_duration: 3.05
tot_sleeping_duration: 13295.643
tot_uptimes: 4
tot_uptimes_duration: 180.0
