comms_cons: 99.3542144111186
finished_reconf: true
global_termination_time: 340852.17060000007
local_termination_time: 340852.12948000006
node_cons: 13976.386401520445
tot_aggregated_send: 0
tot_msg_rcv: 5050
tot_msg_sent: 10050
tot_reconf_duration: 24.59
tot_sleeping_duration: 330439.1809199998
tot_uptimes: 174
tot_uptimes_duration: 10412.989680000308
