comms_cons: 97.30699519929739
finished_reconf: true
global_termination_time: 984526.165
local_termination_time: 4477.599
node_cons: 20252.513442241754
tot_aggregated_send: 14379
tot_msg_rcv: 177
tot_msg_sent: 234
tot_reconf_duration: 5.02
tot_sleeping_duration: 969406.1528399987
tot_uptimes: 253
tot_uptimes_duration: 15120.012160001286
