comms_cons: 98.72089599820755
finished_reconf: true
global_termination_time: 984895.174
local_termination_time: 5260.708
node_cons: 20278.179642242892
tot_aggregated_send: 13897
tot_msg_rcv: 410
tot_msg_sent: 698
tot_reconf_duration: 23.919999999999998
tot_sleeping_duration: 969775.1618399979
tot_uptimes: 253
tot_uptimes_duration: 15120.012160002138
