comms_cons: 21.731097600070992
finished_reconf: true
global_termination_time: 218991.687
local_termination_time: 28602.86648
node_cons: 4509.659560000004
tot_aggregated_send: 3074
tot_msg_rcv: 62
tot_msg_sent: 167
tot_reconf_duration: 7.819999999999999
tot_sleeping_duration: 215631.687
tot_uptimes: 57
tot_uptimes_duration: 3360.0000000000005
