comms_cons: 212.7311615919642
finished_reconf: true
global_termination_time: 2125557.56
local_termination_time: 140270.59736000007
node_cons: 43722.88556559327
tot_aggregated_send: 30044
tot_msg_rcv: 784
tot_msg_sent: 1506
tot_reconf_duration: 13.17
tot_sleeping_duration: 2092917.529600005
tot_uptimes: 545
tot_uptimes_duration: 32640.030399995274
