comms_cons: 210.7579903881606
finished_reconf: true
global_termination_time: 2124490.525
local_termination_time: 588426.8745599996
node_cons: 43735.743123350105
tot_aggregated_send: 29754
tot_msg_rcv: 784
tot_msg_sent: 1495
tot_reconf_duration: 22.65
tot_sleeping_duration: 2091850.506760007
tot_uptimes: 545
tot_uptimes_duration: 32640.018239992904
