comms_cons: 209.96858879187226
finished_reconf: true
global_termination_time: 2125403.995
local_termination_time: 627953.60336
node_cons: 43711.508262233314
tot_aggregated_send: 29812
tot_msg_rcv: 711
tot_msg_sent: 1391
tot_reconf_duration: 4.8100000000000005
tot_sleeping_duration: 2092763.9828400048
tot_uptimes: 545
tot_uptimes_duration: 32640.01215999527
