comms_cons: 73.66632959848764
finished_reconf: true
global_termination_time: 733114.081
local_termination_time: 14672.176600000004
node_cons: 15030.120121121454
tot_aggregated_send: 10208
tot_msg_rcv: 351
tot_msg_sent: 638
tot_reconf_duration: 4.8100000000000005
tot_sleeping_duration: 721894.0749199989
tot_uptimes: 188
tot_uptimes_duration: 11220.006080001069
