comms_cons: 414.58702084782595
finished_reconf: true
global_termination_time: 4232109.007
local_termination_time: 1866828.8042799982
node_cons: 87097.12080446602
tot_aggregated_send: 58580
tot_msg_rcv: 1528
tot_msg_sent: 2907
tot_reconf_duration: 6.279999999999999
tot_sleeping_duration: 4167068.982680009
tot_uptimes: 1084
tot_uptimes_duration: 65040.02431999124
