comms_cons: 418.7581056217256
finished_reconf: true
global_termination_time: 4235728.527
local_termination_time: 2235128.1223599985
node_cons: 87122.94182334826
tot_aggregated_send: 58406
tot_msg_rcv: 1777
tot_msg_sent: 3465
tot_reconf_duration: 25.299999999999997
tot_sleeping_duration: 4170688.5087600066
tot_uptimes: 1085
tot_uptimes_duration: 65040.01823999314
