comms_cons: 424.43025287271587
finished_reconf: true
global_termination_time: 4234417.901
local_termination_time: 904190.6965199992
node_cons: 87119.41639340129
tot_aggregated_send: 58928
tot_msg_rcv: 1817
tot_msg_sent: 3765
tot_reconf_duration: 22.65
tot_sleeping_duration: 4169377.8280400266
tot_uptimes: 1085
tot_uptimes_duration: 65040.07295997278
