comms_cons: 424.5106752408218
finished_reconf: true
global_termination_time: 4235173.637
local_termination_time: 377562.9359600006
node_cons: 87103.50337005014
tot_aggregated_send: 59334
tot_msg_rcv: 1836
tot_msg_sent: 3352
tot_reconf_duration: 10.95
tot_sleeping_duration: 4170133.5822800207
tot_uptimes: 1085
tot_uptimes_duration: 65040.05471997941
