comms_cons: 419.72727045284773
finished_reconf: true
global_termination_time: 4235876.852
local_termination_time: 1681078.8830000001
node_cons: 87101.51961845678
tot_aggregated_send: 58577
tot_msg_rcv: 1844
tot_msg_sent: 3375
tot_reconf_duration: 6.22
tot_sleeping_duration: 4170833.4816800156
tot_uptimes: 1085
tot_uptimes_duration: 65043.37031998439
