comms_cons: 416.0430080502854
finished_reconf: true
global_termination_time: 4234522.58
local_termination_time: 1731330.4970399984
node_cons: 87103.9759678175
tot_aggregated_send: 58000
tot_msg_rcv: 1736
tot_msg_sent: 3500
tot_reconf_duration: 11.31
tot_sleeping_duration: 4169482.537440015
tot_uptimes: 1085
tot_uptimes_duration: 65040.04255998484
