comms_cons: 413.3453504198796
finished_reconf: true
global_termination_time: 4234852.487
local_termination_time: 1773686.1145599985
node_cons: 87095.9827867005
tot_aggregated_send: 58464
tot_msg_rcv: 1376
tot_msg_sent: 2986
tot_reconf_duration: 5.43
tot_sleeping_duration: 4169812.4505200125
tot_uptimes: 1085
tot_uptimes_duration: 65040.036479987204
