comms_cons: 72.99747839963419
finished_reconf: true
global_termination_time: 732998.068
local_termination_time: 53777.274
node_cons: 15078.310334958582
tot_aggregated_send: 10438
tot_msg_rcv: 249
tot_msg_sent: 408
tot_reconf_duration: 22.65
tot_sleeping_duration: 721760.165360001
tot_uptimes: 188
tot_uptimes_duration: 11237.90263999893
