comms_cons: 15.961139199935904
finished_reconf: true
global_termination_time: 162479.461
local_termination_time: 64304.992360000004
node_cons: 3324.6986999999936
tot_aggregated_send: 2262
tot_msg_rcv: 68
tot_msg_sent: 96
tot_reconf_duration: 22.65
tot_sleeping_duration: 160019.461
tot_uptimes: 42
tot_uptimes_duration: 2460.0
