comms_cons: 817.4194830421613
finished_reconf: true
global_termination_time: 4145709.164
local_termination_time: 1268.7233600000002
node_cons: 85265.47732111493
tot_aggregated_send: 0
tot_msg_rcv: 62711
tot_msg_sent: 61532
tot_reconf_duration: 18.21
tot_sleeping_duration: 4082049.157920002
tot_uptimes: 1062
tot_uptimes_duration: 63660.00607999787
