comms_cons: 399.9108095897349
finished_reconf: true
global_termination_time: 4144504.973
local_termination_time: 1350535.99248
node_cons: 85261.57986111504
tot_aggregated_send: 57768
tot_msg_rcv: 1051
tot_msg_sent: 1965
tot_reconf_duration: 15.34
tot_sleeping_duration: 4080844.9669200024
tot_uptimes: 1062
tot_uptimes_duration: 63660.00607999787
