comms_cons: 396.2151487915041
finished_reconf: true
global_termination_time: 4144949.889
local_termination_time: 1350531.2333199997
node_cons: 85249.2845222318
tot_aggregated_send: 56608
tot_msg_rcv: 1187
tot_msg_sent: 2426
tot_reconf_duration: 6.279999999999999
tot_sleeping_duration: 4081289.876840004
tot_uptimes: 1062
tot_uptimes_duration: 63660.0121599955
