comms_cons: 395.95564159638093
finished_reconf: true
global_termination_time: 4144402.935
local_termination_time: 2419116.1594399987
node_cons: 85248.31220111501
tot_aggregated_send: 57014
tot_msg_rcv: 979
tot_msg_sent: 2189
tot_reconf_duration: 5.57
tot_sleeping_duration: 4080742.9289200027
tot_uptimes: 1062
tot_uptimes_duration: 63660.006079997635
