comms_cons: 401.84513919619013
finished_reconf: true
global_termination_time: 4145118.361
local_termination_time: 2167927.33736
node_cons: 85247.67394111473
tot_aggregated_send: 57826
tot_msg_rcv: 978
tot_msg_sent: 2274
tot_reconf_duration: 5.1
tot_sleeping_duration: 4081458.354920002
tot_uptimes: 1062
tot_uptimes_duration: 63660.006079997635
