comms_cons: 409.9762688332156
finished_reconf: true
global_termination_time: 4145529.177
local_termination_time: 984975.1811599983
node_cons: 85253.58120669938
tot_aggregated_send: 57826
tot_msg_rcv: 1526
tot_msg_sent: 2962
tot_reconf_duration: 9.42
tot_sleeping_duration: 4081869.1405200143
tot_uptimes: 1062
tot_uptimes_duration: 63660.036479986215
