comms_cons: 903.7525330358416
finished_reconf: true
global_termination_time: 4592992.736
local_termination_time: 2339459.5256000003
node_cons: 94510.63126446551
tot_aggregated_send: 0
tot_msg_rcv: 69170
tot_msg_sent: 68194
tot_reconf_duration: 22.65
tot_sleeping_duration: 4522432.711680008
tot_uptimes: 1177
tot_uptimes_duration: 70560.02431999124
