comms_cons: 463.0468672798192
finished_reconf: true
global_termination_time: 4590493.789
local_termination_time: 71370.04111999944
node_cons: 94407.16989452696
tot_aggregated_send: 63742
tot_msg_rcv: 2218
tot_msg_sent: 4420
tot_reconf_duration: 5.57
tot_sleeping_duration: 4519993.709960023
tot_uptimes: 1176
tot_uptimes_duration: 70500.07903997728
