comms_cons: 462.2480128649682
finished_reconf: true
global_termination_time: 4591573.212
local_termination_time: 2322298.51436
node_cons: 94406.06454446573
tot_aggregated_send: 63858
tot_msg_rcv: 2106
tot_msg_sent: 4295
tot_reconf_duration: 4.8100000000000005
tot_sleeping_duration: 4521073.187680009
tot_uptimes: 1176
tot_uptimes_duration: 70500.02431999124
