comms_cons: 463.2761536849049
finished_reconf: true
global_termination_time: 4590453.714
local_termination_time: 430187.4913600001
node_cons: 94420.41313116637
tot_aggregated_send: 64090
tot_msg_rcv: 2261
tot_msg_sent: 4064
tot_reconf_duration: 15.34
tot_sleeping_duration: 4519953.653200023
tot_uptimes: 1176
tot_uptimes_duration: 70500.06079997681
