comms_cons: 299.1502720133452
finished_reconf: true
global_termination_time: 2975782.189
local_termination_time: 993731.6560000001
node_cons: 61252.706730867576
tot_aggregated_send: 41584
tot_msg_rcv: 1288
tot_msg_sent: 2598
tot_reconf_duration: 22.65
tot_sleeping_duration: 2930060.0470800083
tot_uptimes: 763
tot_uptimes_duration: 45722.14191999158
