comms_cons: 295.6560896060857
finished_reconf: true
global_termination_time: 2976161.215
local_termination_time: 36829.55328000016
node_cons: 61240.74436374605
tot_aggregated_send: 40890
tot_msg_rcv: 1440
tot_msg_sent: 2608
tot_reconf_duration: 15.34
tot_sleeping_duration: 2930440.593160009
tot_uptimes: 763
tot_uptimes_duration: 45720.62183999047
