comms_cons: 295.0752384036726
finished_reconf: true
global_termination_time: 2974149.472
local_termination_time: 205365.61964000086
node_cons: 61147.31708670442
tot_aggregated_send: 41412
tot_msg_rcv: 1226
tot_msg_sent: 2211
tot_reconf_duration: 6.279999999999999
tot_sleeping_duration: 2928489.435520011
tot_uptimes: 762
tot_uptimes_duration: 45660.03647998924
