comms_cons: 15.11242239986518
finished_reconf: true
global_termination_time: 159765.68
local_termination_time: 2920.0864800000004
node_cons: 3224.2195600000014
tot_aggregated_send: 1972
tot_msg_rcv: 97
tot_msg_sent: 228
tot_reconf_duration: 7.819999999999999
tot_sleeping_duration: 157365.68
tot_uptimes: 41
tot_uptimes_duration: 2400.0
