comms_cons: 17.25066239981564
finished_reconf: true
global_termination_time: 158770.11
local_termination_time: 41959.98872000012
node_cons: 3222.0549011191542
tot_aggregated_send: 1856
tot_msg_rcv: 305
tot_msg_sent: 461
tot_reconf_duration: 6.22
tot_sleeping_duration: 156370.1039200006
tot_uptimes: 41
tot_uptimes_duration: 2400.006079999366
