comms_cons: 61.24542720003468
finished_reconf: true
global_termination_time: 607893.079
local_termination_time: 14088.018359999998
node_cons: 12461.244522242876
tot_aggregated_send: 8178
tot_msg_rcv: 320
tot_msg_sent: 812
tot_reconf_duration: 6.279999999999999
tot_sleeping_duration: 598593.0668399979
tot_uptimes: 156
tot_uptimes_duration: 9300.012160002138
