comms_cons: 61.00262399955798
finished_reconf: true
global_termination_time: 609665.642
local_termination_time: 186734.87436000007
node_cons: 12550.933001121464
tot_aggregated_send: 8410
tot_msg_rcv: 234
tot_msg_sent: 627
tot_reconf_duration: 13.17
tot_sleeping_duration: 600305.6359199989
tot_uptimes: 157
tot_uptimes_duration: 9360.006080001069
