comms_cons: 121.42467839531437
finished_reconf: true
global_termination_time: 607087.0181599994
local_termination_time: 341.4904799999999
node_cons: 12502.576778724902
tot_aggregated_send: 0
tot_msg_rcv: 9436
tot_msg_sent: 9019
tot_reconf_duration: 8.09
tot_sleeping_duration: 597757.9736799957
tot_uptimes: 156
tot_uptimes_duration: 9329.04448000365
