comms_cons: 63.07479040023118
finished_reconf: true
global_termination_time: 608368.835
local_termination_time: 173935.77536000006
node_cons: 12473.548002242873
tot_aggregated_send: 8004
tot_msg_rcv: 609
tot_msg_sent: 974
tot_reconf_duration: 15.34
tot_sleeping_duration: 599068.8228399978
tot_uptimes: 156
tot_uptimes_duration: 9300.012160002138
