comms_cons: 111.47201279612389
finished_reconf: true
global_termination_time: 1137805.957
local_termination_time: 647911.7220000001
node_cons: 23409.727408158094
tot_aggregated_send: 16238
tot_msg_rcv: 197
tot_msg_sent: 509
tot_reconf_duration: 22.65
tot_sleeping_duration: 1120345.9355600013
tot_uptimes: 292
tot_uptimes_duration: 17460.021439998527
