comms_cons: 175.9893632203306
finished_reconf: true
global_termination_time: 363854.92112
local_termination_time: 363854.88
node_cons: 22116.504615282432
tot_aggregated_send: 0
tot_msg_rcv: 10821
tot_msg_sent: 15928
tot_reconf_duration: 24.59
tot_sleeping_duration: 347362.6795999982
tot_uptimes: 272
tot_uptimes_duration: 16492.241520001786
