comms_cons: 148.8075007940962
finished_reconf: true
global_termination_time: 1485300.8932400001
local_termination_time: 18593.92348
node_cons: 30574.37565643795
tot_aggregated_send: 20822
tot_msg_rcv: 600
tot_msg_sent: 1194
tot_reconf_duration: 18.21
tot_sleeping_duration: 1462485.6232800018
tot_uptimes: 381
tot_uptimes_duration: 22815.269959998433
