comms_cons: 63.42866559983141
finished_reconf: true
global_termination_time: 642565.295
local_termination_time: 28484.516600000003
node_cons: 13182.29198000002
tot_aggregated_send: 9106
tot_msg_rcv: 130
tot_msg_sent: 403
tot_reconf_duration: 4.8100000000000005
tot_sleeping_duration: 632725.295
tot_uptimes: 165
tot_uptimes_duration: 9840.0
