comms_cons: 62.89715200026867
finished_reconf: true
global_termination_time: 639209.674
local_termination_time: 444589.6183600001
node_cons: 13110.778980000016
tot_aggregated_send: 9280
tot_msg_rcv: 115
tot_msg_sent: 165
tot_reconf_duration: 11.31
tot_sleeping_duration: 629429.674
tot_uptimes: 164
tot_uptimes_duration: 9780.0
