comms_cons: 265.81941742134364
finished_reconf: true
global_termination_time: 1354326.353
local_termination_time: 554713.0755999997
node_cons: 27828.41498223374
tot_aggregated_send: 0
tot_msg_rcv: 20351
tot_msg_sent: 20052
tot_reconf_duration: 22.65
tot_sleeping_duration: 1333566.3408400046
tot_uptimes: 347
tot_uptimes_duration: 20760.01215999527
