comms_cons: 134.13015039489184
finished_reconf: true
global_termination_time: 1357321.23
local_termination_time: 244382.229
node_cons: 27890.962113679732
tot_aggregated_send: 18676
tot_msg_rcv: 529
tot_msg_sent: 1182
tot_reconf_duration: 6.22
tot_sleeping_duration: 1336497.8428800001
tot_uptimes: 348
tot_uptimes_duration: 20823.387119999767
