comms_cons: 38.857382400331616
finished_reconf: true
global_termination_time: 385320.512
local_termination_time: 94268.96755999987
node_cons: 7888.687121121457
tot_aggregated_send: 5394
tot_msg_rcv: 230
tot_msg_sent: 283
tot_reconf_duration: 11.31
tot_sleeping_duration: 379440.5059199989
tot_uptimes: 99
tot_uptimes_duration: 5880.006080001069
