comms_cons: 295.10343679789025
finished_reconf: true
global_termination_time: 2988233.615
local_termination_time: 1101428.4309599996
node_cons: 61466.08604334948
tot_aggregated_send: 41818
tot_msg_rcv: 973
tot_msg_sent: 2063
tot_reconf_duration: 4.390000000000001
tot_sleeping_duration: 2942333.596760007
tot_uptimes: 766
tot_uptimes_duration: 45900.01823999314
