comms_cons: 186.9008576225254
finished_reconf: true
global_termination_time: 385528.56260000006
local_termination_time: 385528.52148000005
node_cons: 23558.271472720833
tot_aggregated_send: 0
tot_msg_rcv: 11429
tot_msg_sent: 16976
tot_reconf_duration: 24.59
tot_sleeping_duration: 367959.5721199995
tot_uptimes: 289
tot_uptimes_duration: 17568.99048000059
