comms_cons: 40.02785280132967
finished_reconf: true
global_termination_time: 388332.148
local_termination_time: 190096.7244800001
node_cons: 7960.602082242878
tot_aggregated_send: 5046
tot_msg_rcv: 344
tot_msg_sent: 694
tot_reconf_duration: 5.1
tot_sleeping_duration: 382392.13583999785
tot_uptimes: 100
tot_uptimes_duration: 5940.0121600021375
