comms_cons: 76.30382720919106
finished_reconf: true
global_termination_time: 388288.291
local_termination_time: 1493.0893600000004
node_cons: 7984.426841121441
tot_aggregated_send: 0
tot_msg_rcv: 5871
tot_msg_sent: 5726
tot_reconf_duration: 22.65
tot_sleeping_duration: 382348.28491999896
tot_uptimes: 100
tot_uptimes_duration: 5940.006080001069
