comms_cons: 42.82464000099666
finished_reconf: true
global_termination_time: 421046.968
local_termination_time: 222268.30036000008
node_cons: 8630.753682242896
tot_aggregated_send: 5568
tot_msg_rcv: 332
tot_msg_sent: 609
tot_reconf_duration: 25.299999999999997
tot_sleeping_duration: 414626.95583999786
tot_uptimes: 108
tot_uptimes_duration: 6420.0121600021375
