comms_cons: 43.392684800994246
finished_reconf: true
global_termination_time: 421074.839
local_termination_time: 209246.68136000008
node_cons: 8602.34976112146
tot_aggregated_send: 5568
tot_msg_rcv: 392
tot_msg_sent: 635
tot_reconf_duration: 4.390000000000001
tot_sleeping_duration: 414654.8329199989
tot_uptimes: 108
tot_uptimes_duration: 6420.006080001069
