comms_cons: 84.39631359192106
finished_reconf: true
global_termination_time: 802843.3045999998
local_termination_time: 802843.2634799998
node_cons: 16552.94438511687
tot_aggregated_send: 10207
tot_msg_rcv: 955
tot_msg_sent: 1664
tot_reconf_duration: 47.709999999999994
tot_sleeping_duration: 790529.5225200022
tot_uptimes: 206
tot_uptimes_duration: 12313.782079997633
