comms_cons: 58.949632000251555
finished_reconf: true
global_termination_time: 588546.754
local_termination_time: 326126.1797600004
node_cons: 12059.528239999976
tot_aggregated_send: 8294
tot_msg_rcv: 264
tot_msg_sent: 402
tot_reconf_duration: 6.279999999999999
tot_sleeping_duration: 579546.754
tot_uptimes: 151
tot_uptimes_duration: 9000.0
