comms_cons: 58.16670720089882
finished_reconf: true
global_termination_time: 587975.921
local_termination_time: 326129.5514800001
node_cons: 12058.572201121455
tot_aggregated_send: 7946
tot_msg_rcv: 373
tot_msg_sent: 522
tot_reconf_duration: 5.57
tot_sleeping_duration: 578975.9149199988
tot_uptimes: 151
tot_uptimes_duration: 9000.006080001069
