comms_cons: 57.2127232003122
finished_reconf: true
global_termination_time: 588898.117
local_termination_time: 393718.65936000005
node_cons: 12068.893001121425
tot_aggregated_send: 8410
tot_msg_rcv: 120
tot_msg_sent: 166
tot_reconf_duration: 13.17
tot_sleeping_duration: 579898.1109199988
tot_uptimes: 151
tot_uptimes_duration: 9000.006080001069
