comms_cons: 203.8182911749109
finished_reconf: true
global_termination_time: 1998986.466
local_termination_time: 573566.3863599998
node_cons: 41061.17092781743
tot_aggregated_send: 26912
tot_msg_rcv: 1335
tot_msg_sent: 2734
tot_reconf_duration: 5.43
tot_sleeping_duration: 1968326.4234400166
tot_uptimes: 512
tot_uptimes_duration: 30660.04255998344
