comms_cons: 67.08215040012135
finished_reconf: true
global_termination_time: 671129.159
local_termination_time: 7925.475479999999
node_cons: 13744.10976112145
tot_aggregated_send: 9396
tot_msg_rcv: 288
tot_msg_sent: 513
tot_reconf_duration: 4.390000000000001
tot_sleeping_duration: 660869.152919999
tot_uptimes: 172
tot_uptimes_duration: 10260.006080001069
