comms_cons: 69.2723967973
finished_reconf: true
global_termination_time: 673299.936
local_termination_time: 84596.23899999945
node_cons: 13822.662605607156
tot_aggregated_send: 8932
tot_msg_rcv: 547
tot_msg_sent: 1050
tot_reconf_duration: 3.05
tot_sleeping_duration: 662979.9055999947
tot_uptimes: 173
tot_uptimes_duration: 10320.030400005344
