comms_cons: 24.79825920077271
finished_reconf: true
global_termination_time: 219573.73420000018
local_termination_time: 219573.69308000017
node_cons: 4557.916532403984
tot_aggregated_send: 2364
tot_msg_rcv: 504
tot_msg_sent: 898
tot_reconf_duration: 24.59
tot_sleeping_duration: 216194.70259999722
tot_uptimes: 57
tot_uptimes_duration: 3379.0316000029634
