comms_cons: 15.932742399987669
finished_reconf: true
global_termination_time: 3499.925280000006
local_termination_time: 3499.884160000006
node_cons: 1819.678392920008
tot_aggregated_send: 0
tot_msg_rcv: 1121
tot_msg_sent: 1298
tot_reconf_duration: 37.410000000000004
tot_sleeping_duration: 2178.8830000000003
tot_uptimes: 19
tot_uptimes_duration: 1321.0422800000056
