comms_cons: 102.7932735952635
finished_reconf: true
global_termination_time: 1021174.967
local_termination_time: 518269.1744800001
node_cons: 20999.51498223373
tot_aggregated_send: 13572
tot_msg_rcv: 726
tot_msg_sent: 1325
tot_reconf_duration: 22.65
tot_sleeping_duration: 1005514.9548400047
tot_uptimes: 262
tot_uptimes_duration: 15660.012159995269
