comms_cons: 100.76044799758536
finished_reconf: true
global_termination_time: 1021346.979
local_termination_time: 582573.99536
node_cons: 20972.881900000095
tot_aggregated_send: 14732
tot_msg_rcv: 178
tot_msg_sent: 405
tot_reconf_duration: 3.05
tot_sleeping_duration: 1005686.979
tot_uptimes: 262
tot_uptimes_duration: 15660.0
