comms_cons: 296.9811966513895
finished_reconf: true
global_termination_time: 1018449.5315999998
local_termination_time: 1018449.4904799998
node_cons: 41692.43165139933
tot_aggregated_send: 0
tot_msg_rcv: 15083
tot_msg_sent: 30054
tot_reconf_duration: 24.59
tot_sleeping_duration: 987337.479
tot_uptimes: 518
tot_uptimes_duration: 31112.052599999734
