comms_cons: 211.65807998771518
finished_reconf: true
global_termination_time: 2133968.991
local_termination_time: 846622.864759998
node_cons: 43901.994377987394
tot_aggregated_send: 29754
tot_msg_rcv: 749
tot_msg_sent: 1668
tot_reconf_duration: 18.21
tot_sleeping_duration: 2101200.3090000087
tot_uptimes: 547
tot_uptimes_duration: 32768.68199999095
