comms_cons: 212.878297581774
finished_reconf: true
global_termination_time: 2130548.939
local_termination_time: 1039229.8393599999
node_cons: 43816.09126446693
tot_aggregated_send: 28594
tot_msg_rcv: 1137
tot_msg_sent: 2626
tot_reconf_duration: 22.65
tot_sleeping_duration: 2097848.9146800092
tot_uptimes: 546
tot_uptimes_duration: 32700.024319990538
