comms_cons: 212.23023997705405
finished_reconf: true
global_termination_time: 2131785.826
local_termination_time: 815015.0472799992
node_cons: 43791.880826700646
tot_aggregated_send: 28478
tot_msg_rcv: 1332
tot_msg_sent: 2449
tot_reconf_duration: 4.8100000000000005
tot_sleeping_duration: 2099085.789520014
tot_uptimes: 546
tot_uptimes_duration: 32700.036479985807
