comms_cons: 406.95172486405073
finished_reconf: true
global_termination_time: 4043930.2
local_termination_time: 1130290.47736
node_cons: 83164.73306558318
tot_aggregated_send: 56550
tot_msg_rcv: 1826
tot_msg_sent: 3479
tot_reconf_duration: 9.42
tot_sleeping_duration: 3981830.169600011
tot_uptimes: 1036
tot_uptimes_duration: 62100.030399989104
