comms_cons: 405.6737408362492
finished_reconf: true
global_termination_time: 4045165.052
local_termination_time: 444515.60652000085
node_cons: 83166.83522893777
tot_aggregated_send: 56956
tot_msg_rcv: 1630
tot_msg_sent: 3074
tot_reconf_duration: 10.95
tot_sleeping_duration: 3983065.003360015
tot_uptimes: 1036
tot_uptimes_duration: 62100.048639984976
