comms_cons: 407.2046784639265
finished_reconf: true
global_termination_time: 4044399.931
local_termination_time: 742204.8253599999
node_cons: 83158.51339116784
tot_aggregated_send: 56608
tot_msg_rcv: 1966
tot_msg_sent: 3317
tot_reconf_duration: 4.8100000000000005
tot_sleeping_duration: 3982299.8702000226
tot_uptimes: 1036
tot_uptimes_duration: 62100.06079997751
