comms_cons: 408.90311687180537
finished_reconf: true
global_termination_time: 4041923.495
local_termination_time: 1201365.2479599998
node_cons: 83162.57654781736
tot_aggregated_send: 55564
tot_msg_rcv: 2117
tot_msg_sent: 4470
tot_reconf_duration: 7.819999999999999
tot_sleeping_duration: 3979823.4524400155
tot_uptimes: 1036
tot_uptimes_duration: 62100.042559984606
