comms_cons: 57.54408320043987
finished_reconf: true
global_termination_time: 572929.039
local_termination_time: 328375.27836000005
node_cons: 11760.40684112148
tot_aggregated_send: 7830
tot_msg_rcv: 376
tot_msg_sent: 540
tot_reconf_duration: 22.65
tot_sleeping_duration: 564169.032919999
tot_uptimes: 147
tot_uptimes_duration: 8760.006080001069
