comms_cons: 274.8178176127856
finished_reconf: true
global_termination_time: 569472.867
local_termination_time: 332535.76060000004
node_cons: 34502.87881448095
tot_aggregated_send: 0
tot_msg_rcv: 16877
tot_msg_sent: 24893
tot_reconf_duration: 4.390000000000001
tot_sleeping_duration: 543709.6726799991
tot_uptimes: 422
tot_uptimes_duration: 25763.194320000774
