comms_cons: 56.95080960052472
finished_reconf: true
global_termination_time: 568790.34
local_termination_time: 241352.06636000003
node_cons: 11659.94398335968
tot_aggregated_send: 7714
tot_msg_rcv: 249
tot_msg_sent: 693
tot_reconf_duration: 7.819999999999999
tot_sleeping_duration: 560090.3217600002
tot_uptimes: 146
tot_uptimes_duration: 8700.018239999772
