comms_cons: 2.3224575999923256
finished_reconf: true
global_termination_time: 14068.849240000003
local_termination_time: 10263.11436
node_cons: 264.25960936000394
tot_aggregated_send: 0
tot_msg_rcv: 179
tot_msg_sent: 174
tot_reconf_duration: 3.08
tot_sleeping_duration: 13874.617
tot_uptimes: 4
tot_uptimes_duration: 194.232240000003
