comms_cons: 128.91347199519916
finished_reconf: true
global_termination_time: 1286884.8674799998
local_termination_time: 1286884.8263599998
node_cons: 26501.07006655838
tot_aggregated_send: 18070
tot_msg_rcv: 521
tot_msg_sent: 1003
tot_reconf_duration: 37.410000000000004
tot_sleeping_duration: 1267131.120440001
tot_uptimes: 330
tot_uptimes_duration: 19753.74703999875
