comms_cons: 127.44429439147223
finished_reconf: true
global_termination_time: 1288779.189
local_termination_time: 126323.96115999982
node_cons: 26533.10499006994
tot_aggregated_send: 16878
tot_msg_rcv: 727
tot_msg_sent: 1765
tot_reconf_duration: 15.34
tot_sleeping_duration: 1268979.1342800076
tot_uptimes: 331
tot_uptimes_duration: 19800.054719992448
