comms_cons: 126.41463039391215
finished_reconf: true
global_termination_time: 1288320.057
local_termination_time: 398452.76156000065
node_cons: 26473.2778934297
tot_aggregated_send: 17226
tot_msg_rcv: 610
tot_msg_sent: 1381
tot_reconf_duration: 25.299999999999997
tot_sleeping_duration: 1268574.7840400077
tot_uptimes: 330
tot_uptimes_duration: 19745.27295999229
