comms_cons: 127.84764159283459
finished_reconf: true
global_termination_time: 1289955.59
local_termination_time: 501486.76336000004
node_cons: 26525.01678335052
tot_aggregated_send: 18154
tot_msg_rcv: 493
tot_msg_sent: 785
tot_reconf_duration: 9.42
tot_sleeping_duration: 1270155.5717600072
tot_uptimes: 331
tot_uptimes_duration: 19800.018239992904
