comms_cons: 130.95554559408697
finished_reconf: true
global_termination_time: 1287587.452
local_termination_time: 219920.89636000004
node_cons: 26442.544688953065
tot_aggregated_send: 17342
tot_msg_rcv: 877
tot_msg_sent: 1685
tot_reconf_duration: 7.819999999999999
tot_sleeping_duration: 1267847.4033600052
tot_uptimes: 330
tot_uptimes_duration: 19740.048639994813
