comms_cons: 79.40436479925717
finished_reconf: true
global_termination_time: 789705.478
local_termination_time: 458472.26744000067
node_cons: 16268.674161515992
tot_aggregated_send: 10498
tot_msg_rcv: 540
tot_msg_sent: 1031
tot_reconf_duration: 25.299999999999997
tot_sleeping_duration: 777581.268320003
tot_uptimes: 203
tot_uptimes_duration: 12124.209679997002
