comms_cons: 80.72678399884418
finished_reconf: true
global_termination_time: 791964.608
local_termination_time: 370013.31088000094
node_cons: 16232.878922242908
tot_aggregated_send: 10324
tot_msg_rcv: 654
tot_msg_sent: 1292
tot_reconf_duration: 3.08
tot_sleeping_duration: 779844.5958399979
tot_uptimes: 203
tot_uptimes_duration: 12120.012160002138
