comms_cons: 125.96037119142596
finished_reconf: true
global_termination_time: 789614.555
local_termination_time: 352690.4423600001
node_cons: 16239.690643350556
tot_aggregated_send: 0
tot_msg_rcv: 9914
tot_msg_sent: 9233
tot_reconf_duration: 8.09
tot_sleeping_duration: 777494.5367600071
tot_uptimes: 203
tot_uptimes_duration: 12120.018239992904
