comms_cons: 78.71823359878874
finished_reconf: true
global_termination_time: 789390.229
local_termination_time: 514491.89236000006
node_cons: 16249.22503523544
tot_aggregated_send: 10672
tot_msg_rcv: 428
tot_msg_sent: 864
tot_reconf_duration: 15.110000000000001
tot_sleeping_duration: 777270.2098400035
tot_uptimes: 203
tot_uptimes_duration: 12120.019159996591
