comms_cons: 102.42561279756404
finished_reconf: true
global_termination_time: 1024466.059
local_termination_time: 127174.56751999978
node_cons: 21079.86312335514
tot_aggregated_send: 14036
tot_msg_rcv: 500
tot_msg_sent: 1033
tot_reconf_duration: 22.65
tot_sleeping_duration: 1008746.0407600036
tot_uptimes: 263
tot_uptimes_duration: 15720.018239996338
