comms_cons: 101.99201279847098
finished_reconf: true
global_termination_time: 1026026.804
local_termination_time: 503205.56836000003
node_cons: 21057.534901116822
tot_aggregated_send: 14500
tot_msg_rcv: 320
tot_msg_sent: 683
tot_reconf_duration: 6.22
tot_sleeping_duration: 1010306.7979200024
tot_uptimes: 263
tot_uptimes_duration: 15720.006079997635
