comms_cons: 34.1801984001994
finished_reconf: true
global_termination_time: 332601.799
local_termination_time: 106662.65935999998
node_cons: 6849.748002238325
tot_aggregated_send: 4350
tot_msg_rcv: 275
tot_msg_sent: 571
tot_reconf_duration: 15.34
tot_sleeping_duration: 327501.7868400013
tot_uptimes: 86
tot_uptimes_duration: 5100.012159998732
