comms_cons: 34.65264640048895
finished_reconf: true
global_termination_time: 334288.687
local_termination_time: 116112.97287999974
node_cons: 6836.48848336429
tot_aggregated_send: 4234
tot_msg_rcv: 339
tot_msg_sent: 694
tot_reconf_duration: 5.57
tot_sleeping_duration: 329188.66875999677
tot_uptimes: 86
tot_uptimes_duration: 5100.018240003206
