comms_cons: 33.50752000041977
finished_reconf: true
global_termination_time: 332597.377
local_termination_time: 57595.654360000015
node_cons: 6849.443803364301
tot_aggregated_send: 4466
tot_msg_rcv: 174
tot_msg_sent: 452
tot_reconf_duration: 15.110000000000001
tot_sleeping_duration: 327497.3587599968
tot_uptimes: 86
tot_uptimes_duration: 5100.018240003206
