comms_cons: 32.69204480013905
finished_reconf: true
global_termination_time: 334943.358
local_termination_time: 247869.64636000004
node_cons: 6845.0602
tot_aggregated_send: 4872
tot_msg_rcv: 50
tot_msg_sent: 47
tot_reconf_duration: 11.899999999999999
tot_sleeping_duration: 329843.358
tot_uptimes: 86
tot_uptimes_duration: 5100.0
