comms_cons: 132.81557759270973
finished_reconf: true
global_termination_time: 1335029.918
local_termination_time: 718159.6323599998
node_cons: 27403.520342233638
tot_aggregated_send: 18734
tot_msg_rcv: 461
tot_msg_sent: 992
tot_reconf_duration: 5.57
tot_sleeping_duration: 1314569.9058400048
tot_uptimes: 342
tot_uptimes_duration: 20460.01215999527
