comms_cons: 132.37475839308806
finished_reconf: true
global_termination_time: 1333484.199
local_termination_time: 289905.36000000004
node_cons: 27449.295449756155
tot_aggregated_send: 18384
tot_msg_rcv: 530
tot_msg_sent: 1207
tot_reconf_duration: 22.65
tot_sleeping_duration: 1313007.323160003
tot_uptimes: 342
tot_uptimes_duration: 20476.875839997076
