comms_cons: 136.22166398803154
finished_reconf: true
global_termination_time: 1336214.472
local_termination_time: 34165.62548000002
node_cons: 27482.257902238314
tot_aggregated_send: 18328
tot_msg_rcv: 867
tot_msg_sent: 1509
tot_reconf_duration: 4.390000000000001
tot_sleeping_duration: 1315694.4598400013
tot_uptimes: 343
tot_uptimes_duration: 20520.012159998703
