comms_cons: 135.01154558817325
finished_reconf: true
global_termination_time: 1335032.011
local_termination_time: 220818.76936000006
node_cons: 27411.331544471966
tot_aggregated_send: 18038
tot_msg_rcv: 802
tot_msg_sent: 1680
tot_reconf_duration: 11.31
tot_sleeping_duration: 1314571.9866800061
tot_uptimes: 342
tot_uptimes_duration: 20460.024319993972
