comms_cons: 124.73952640269923
finished_reconf: true
global_termination_time: 581301.9807199998
local_termination_time: 581301.9395999998
node_cons: 11942.406142064685
tot_aggregated_send: 0
tot_msg_rcv: 10318
tot_msg_sent: 8640
tot_reconf_duration: 24.59
tot_sleeping_duration: 572408.0203599813
tot_uptimes: 149
tot_uptimes_duration: 8893.96036001842
