comms_cons: 179.0233535931795
finished_reconf: true
global_termination_time: 1811004.0324799998
local_termination_time: 1811003.9913599999
node_cons: 37249.17165983649
tot_aggregated_send: 26028
tot_msg_rcv: 359
tot_msg_sent: 822
tot_reconf_duration: 24.59
tot_sleeping_duration: 1783210.3219200023
tot_uptimes: 464
tot_uptimes_duration: 27793.710559997475
