comms_cons: 25.092723200432427
finished_reconf: true
global_termination_time: 243470.598
local_termination_time: 119943.704
node_cons: 5004.986527202644
tot_aggregated_send: 3127
tot_msg_rcv: 222
tot_msg_sent: 464
tot_reconf_duration: 12.629999999999999
tot_sleeping_duration: 239745.55319999802
tot_uptimes: 63
tot_uptimes_duration: 3725.0448000019824
