comms_cons: 25.04043520000109
finished_reconf: true
global_termination_time: 242974.523
local_termination_time: 16686.987360000003
node_cons: 4987.628530038516
tot_aggregated_send: 3132
tot_msg_rcv: 212
tot_msg_sent: 462
tot_reconf_duration: 4.8100000000000005
tot_sleeping_duration: 239254.5106400011
tot_uptimes: 63
tot_uptimes_duration: 3720.0123599988874
