comms_cons: 553.7245185324981
finished_reconf: true
global_termination_time: 5472941.766
local_termination_time: 296123.8130000009
node_cons: 112562.9778145222
tot_aggregated_send: 75168
tot_msg_rcv: 3003
tot_msg_sent: 5991
tot_reconf_duration: 4.8100000000000005
tot_sleeping_duration: 5388881.686960026
tot_uptimes: 1402
tot_uptimes_duration: 84060.07903997431
