comms_cons: 547.4818241110473
finished_reconf: true
global_termination_time: 5475329.588
local_termination_time: 738726.3614799998
node_cons: 112640.88702893257
tot_aggregated_send: 75980
tot_msg_rcv: 2297
tot_msg_sent: 4936
tot_reconf_duration: 3.05
tot_sleeping_duration: 5391209.539360018
tot_uptimes: 1403
tot_uptimes_duration: 84120.04863998202
