comms_cons: 546.8958913298217
finished_reconf: true
global_termination_time: 5473945.602
local_termination_time: 744705.6070799998
node_cons: 112567.0409711672
tot_aggregated_send: 75690
tot_msg_rcv: 2445
tot_msg_sent: 4988
tot_reconf_duration: 7.819999999999999
tot_sleeping_duration: 5389885.541200021
tot_uptimes: 1402
tot_uptimes_duration: 84060.06079997797
