comms_cons: 68.46469119753371
finished_reconf: true
global_termination_time: 651451.01
local_termination_time: 112611.31035999997
node_cons: 13343.439070088303
tot_aggregated_send: 8120
tot_msg_rcv: 767
tot_msg_sent: 1523
tot_reconf_duration: 5.1
tot_sleeping_duration: 641490.9552799938
tot_uptimes: 167
tot_uptimes_duration: 9960.054720006185
