comms_cons: 66.02318079996661
finished_reconf: true
global_termination_time: 655335.459
local_termination_time: 262176.8461600008
node_cons: 13462.522220726776
tot_aggregated_send: 8816
tot_msg_rcv: 356
tot_msg_sent: 864
tot_reconf_duration: 25.299999999999997
tot_sleeping_duration: 645306.956519995
tot_uptimes: 168
tot_uptimes_duration: 10028.50248000506
