comms_cons: 67.60666239560803
finished_reconf: true
global_termination_time: 654896.362
local_termination_time: 116272.34419999963
node_cons: 13421.035910074503
tot_aggregated_send: 8410
tot_msg_rcv: 577
tot_msg_sent: 1290
tot_reconf_duration: 3.08
tot_sleeping_duration: 644876.3072800041
tot_uptimes: 168
tot_uptimes_duration: 10020.054719995882
