comms_cons: 67.44536959783608
finished_reconf: true
global_termination_time: 651442.663
local_termination_time: 252506.001
node_cons: 13370.43539736398
tot_aggregated_send: 8465
tot_msg_rcv: 617
tot_msg_sent: 1169
tot_reconf_duration: 15.110000000000001
tot_sleeping_duration: 641472.5987599969
tot_uptimes: 167
tot_uptimes_duration: 9970.064240002945
