comms_cons: 68.49374079583257
finished_reconf: true
global_termination_time: 654335.111
local_termination_time: 164623.69136000006
node_cons: 13434.004810079105
tot_aggregated_send: 8294
tot_msg_rcv: 723
tot_msg_sent: 1394
tot_reconf_duration: 12.629999999999999
tot_sleeping_duration: 644315.0562800007
tot_uptimes: 168
tot_uptimes_duration: 10020.054719999316
