comms_cons: 65.90273920065214
finished_reconf: true
global_termination_time: 652914.396
local_termination_time: 356719.26324000093
node_cons: 13425.251183364273
tot_aggregated_send: 8294
tot_msg_rcv: 615
tot_msg_sent: 1108
tot_reconf_duration: 6.22
tot_sleeping_duration: 642894.3777599968
tot_uptimes: 168
tot_uptimes_duration: 10020.018240003206
