comms_cons: 60.14830080030168
finished_reconf: true
global_termination_time: 617950.32
local_termination_time: 268464.34336000006
node_cons: 12780.993941121418
tot_aggregated_send: 8410
tot_msg_rcv: 150
tot_msg_sent: 583
tot_reconf_duration: 5.1
tot_sleeping_duration: 608410.3139199989
tot_uptimes: 159
tot_uptimes_duration: 9540.006080001069
