comms_cons: 61.93000960081508
finished_reconf: true
global_termination_time: 620243.53
local_termination_time: 354194.74576000083
node_cons: 12747.82743576258
tot_aggregated_send: 8120
tot_msg_rcv: 455
tot_msg_sent: 838
tot_reconf_duration: 25.299999999999997
tot_sleeping_duration: 610748.7801599981
tot_uptimes: 159
tot_uptimes_duration: 9494.749840001925
