comms_cons: 62.66688000120492
finished_reconf: true
global_termination_time: 618789.734
local_termination_time: 12032.63816
node_cons: 12704.363983364308
tot_aggregated_send: 8236
tot_msg_rcv: 430
tot_msg_sent: 859
tot_reconf_duration: 7.819999999999999
tot_sleeping_duration: 609309.7157599969
tot_uptimes: 159
tot_uptimes_duration: 9480.018240003206
