comms_cons: 345.242828728085
finished_reconf: true
global_termination_time: 711095.3295999978
local_termination_time: 711095.3295999978
node_cons: 43453.021253647814
tot_aggregated_send: 0
tot_msg_rcv: 21169
tot_msg_sent: 31305
tot_reconf_duration: 37.410000000000004
tot_sleeping_duration: 678681.4248399917
tot_uptimes: 533
tot_uptimes_duration: 32413.90476000613
