comms_cons: 72.60398079788837
finished_reconf: true
global_termination_time: 712318.954
local_termination_time: 105125.88559999969
node_cons: 14642.73614336433
tot_aggregated_send: 9512
tot_msg_rcv: 488
tot_msg_sent: 1037
tot_reconf_duration: 15.34
tot_sleeping_duration: 701398.9357599969
tot_uptimes: 183
tot_uptimes_duration: 10920.018240003206
