comms_cons: 73.18764799853365
finished_reconf: true
global_termination_time: 714131.082
local_termination_time: 303779.7220400007
node_cons: 14628.887211195903
tot_aggregated_send: 8932
tot_msg_rcv: 786
tot_msg_sent: 1407
tot_reconf_duration: 5.1
tot_sleeping_duration: 703211.0212000031
tot_uptimes: 183
tot_uptimes_duration: 10920.06079999695
