comms_cons: 72.95016959712024
finished_reconf: true
global_termination_time: 712388.185
local_termination_time: 325657.3644800001
node_cons: 14632.923207836275
tot_aggregated_send: 9454
tot_msg_rcv: 574
tot_msg_sent: 1060
tot_reconf_duration: 8.09
tot_sleeping_duration: 701468.1424400029
tot_uptimes: 183
tot_uptimes_duration: 10920.042559997179
