comms_cons: 72.83335679871338
finished_reconf: true
global_termination_time: 714283.544
local_termination_time: 342291.00032000017
node_cons: 14638.0727644765
tot_aggregated_send: 9338
tot_msg_rcv: 520
tot_msg_sent: 1213
tot_reconf_duration: 11.899999999999999
tot_sleeping_duration: 703363.5196800026
tot_uptimes: 183
tot_uptimes_duration: 10920.024319997407
