comms_cons: 74.69821439805868
finished_reconf: true
global_termination_time: 712650.361
local_termination_time: 71159.23459999995
node_cons: 14632.564688966877
tot_aggregated_send: 9164
tot_msg_rcv: 789
tot_msg_sent: 1401
tot_reconf_duration: 7.819999999999999
tot_sleeping_duration: 701730.3123599949
tot_uptimes: 183
tot_uptimes_duration: 10920.048640005116
