comms_cons: 1293.961635577036
finished_reconf: true
global_termination_time: 7707383.954
local_termination_time: 2363305.33736
node_cons: 158517.80278781411
tot_aggregated_send: 0
tot_msg_rcv: 98933
tot_msg_sent: 97739
tot_reconf_duration: 5.1
tot_sleeping_duration: 7589003.911440016
tot_uptimes: 1974
tot_uptimes_duration: 118380.0425599846
