comms_cons: 776.1995202381089
finished_reconf: true
global_termination_time: 7710885.53
local_termination_time: 249133.1983200002
node_cons: 158597.78967339895
tot_aggregated_send: 106430
tot_msg_rcv: 3936
tot_msg_sent: 7611
tot_reconf_duration: 4.8100000000000005
tot_sleeping_duration: 7592445.457040027
tot_uptimes: 1975
tot_uptimes_duration: 118440.07295997336
