comms_cons: 765.0777089413598
finished_reconf: true
global_termination_time: 7705271.255
local_termination_time: 1762216.30736
node_cons: 158606.59225004865
tot_aggregated_send: 107590
tot_msg_rcv: 2937
tot_msg_sent: 5759
tot_reconf_duration: 11.31
tot_sleeping_duration: 7586831.200280019
tot_uptimes: 1974
tot_uptimes_duration: 118440.05471998057
