comms_cons: 1246.011865760273
finished_reconf: true
global_termination_time: 2575617.2106
local_termination_time: 2575617.1694799997
node_cons: 156487.09155910075
tot_aggregated_send: 0
tot_msg_rcv: 76493
tot_msg_sent: 112892
tot_reconf_duration: 24.59
tot_sleeping_duration: 2458773.5225200104
tot_uptimes: 1917
tot_uptimes_duration: 116843.6880799896
