comms_cons: 506.5589760674207
finished_reconf: true
global_termination_time: 2578712.59
local_termination_time: 3371.3753600000005
node_cons: 53049.137321116
tot_aggregated_send: 0
tot_msg_rcv: 38719
tot_msg_sent: 38274
tot_reconf_duration: 18.21
tot_sleeping_duration: 2539112.583920002
tot_uptimes: 661
tot_uptimes_duration: 39600.006079997635
