comms_cons: 506.5155584634378
finished_reconf: true
global_termination_time: 2575617.8105999976
local_termination_time: 809.8530399999994
node_cons: 52982.546713982716
tot_aggregated_send: 0
tot_msg_rcv: 38758
tot_msg_sent: 38226
tot_reconf_duration: 13.17
tot_sleeping_duration: 2536062.42460001
tot_uptimes: 660
tot_uptimes_duration: 39555.3859999877
