comms_cons: 251.3458047892153
finished_reconf: true
global_termination_time: 2576187.834
local_termination_time: 1815992.20636
node_cons: 52959.43526223292
tot_aggregated_send: 36134
tot_msg_rcv: 632
tot_msg_sent: 1437
tot_reconf_duration: 11.31
tot_sleeping_duration: 2536647.8218400045
tot_uptimes: 660
tot_uptimes_duration: 39540.01215999527
