comms_cons: 251.10237438678016
finished_reconf: true
global_termination_time: 2578442.263
local_termination_time: 1808464.974
node_cons: 53031.79022223276
tot_aggregated_send: 36128
tot_msg_rcv: 638
tot_msg_sent: 1400
tot_reconf_duration: 5.43
tot_sleeping_duration: 2538842.2508400045
tot_uptimes: 661
tot_uptimes_duration: 39600.01215999527
