comms_cons: 0.6052864000000822
finished_reconf: true
global_termination_time: 6051.924
local_termination_time: 92.54916000000003
node_cons: 111.0987
tot_aggregated_send: 0
tot_msg_rcv: 53
tot_msg_sent: 38
tot_reconf_duration: 22.65
tot_sleeping_duration: 5991.924
tot_uptimes: 2
tot_uptimes_duration: 60.00000000000001
