comms_cons: 70.4763903996305
finished_reconf: true
global_termination_time: 713584.285
local_termination_time: 57386.57436000001
node_cons: 14656.237400000025
tot_aggregated_send: 10208
tot_msg_rcv: 180
tot_msg_sent: 324
tot_reconf_duration: 25.299999999999997
tot_sleeping_duration: 702664.285
tot_uptimes: 183
tot_uptimes_duration: 10920.0
