comms_cons: 70.76712959969545
finished_reconf: true
global_termination_time: 711661.406
local_termination_time: 37192.54836000001
node_cons: 14626.070781120305
tot_aggregated_send: 10092
tot_msg_rcv: 202
tot_msg_sent: 462
tot_reconf_duration: 3.08
tot_sleeping_duration: 700741.3999199996
tot_uptimes: 183
tot_uptimes_duration: 10920.006080000217
