comms_cons: 70.48359679877585
finished_reconf: true
global_termination_time: 709960.057
local_termination_time: 111704.7567199994
node_cons: 14564.58685207921
tot_aggregated_send: 10034
tot_msg_rcv: 216
tot_msg_sent: 464
tot_reconf_duration: 9.11
tot_sleeping_duration: 699092.0842800005
tot_uptimes: 182
tot_uptimes_duration: 10867.972719999394
