comms_cons: 70.82571519934798
finished_reconf: true
global_termination_time: 712841.874
local_termination_time: 107812.82235999996
node_cons: 14631.073660000007
tot_aggregated_send: 9976
tot_msg_rcv: 215
tot_msg_sent: 574
tot_reconf_duration: 6.77
tot_sleeping_duration: 701921.874
tot_uptimes: 183
tot_uptimes_duration: 10920.0
