comms_cons: 70.20664319991
finished_reconf: true
global_termination_time: 711083.913
local_termination_time: 149937.38848000008
node_cons: 14641.435200000013
tot_aggregated_send: 10266
tot_msg_rcv: 128
tot_msg_sent: 277
tot_reconf_duration: 14.4
tot_sleeping_duration: 700163.913
tot_uptimes: 183
tot_uptimes_duration: 10920.0
