comms_cons: 69.21318399982664
finished_reconf: true
global_termination_time: 709636.5129599998
local_termination_time: 709623.17736
node_cons: 14576.591287439844
tot_aggregated_send: 10498
tot_msg_rcv: 13
tot_msg_sent: 8
tot_reconf_duration: 4.8100000000000005
tot_sleeping_duration: 698755.214
tot_uptimes: 182
tot_uptimes_duration: 10881.29895999981
