comms_cons: 71.04878079782064
finished_reconf: true
global_termination_time: 709637.1627999995
local_termination_time: 69336.8950799999
node_cons: 14584.622405199347
tot_aggregated_send: 10034
tot_msg_rcv: 290
tot_msg_sent: 474
tot_reconf_duration: 6.22
tot_sleeping_duration: 698751.296
tot_uptimes: 182
tot_uptimes_duration: 10885.866799999494
