comms_cons: 41.15289600061406
finished_reconf: true
global_termination_time: 396151.324
local_termination_time: 200010.26896000013
node_cons: 8135.179861121437
tot_aggregated_send: 5220
tot_msg_rcv: 410
tot_msg_sent: 625
tot_reconf_duration: 15.34
tot_sleeping_duration: 390091.31791999895
tot_uptimes: 102
tot_uptimes_duration: 6060.006080001069
