comms_cons: 39.56744960032808
finished_reconf: true
global_termination_time: 396746.622
local_termination_time: 153176.20636000007
node_cons: 8148.713682242896
tot_aggregated_send: 5336
tot_msg_rcv: 177
tot_msg_sent: 500
tot_reconf_duration: 25.299999999999997
tot_sleeping_duration: 390686.60983999784
tot_uptimes: 102
tot_uptimes_duration: 6060.0121600021375
