comms_cons: 40.42981120007087
finished_reconf: true
global_termination_time: 401585.513
local_termination_time: 291372.8014800001
node_cons: 8207.472359999989
tot_aggregated_send: 5568
tot_msg_rcv: 237
tot_msg_sent: 340
tot_reconf_duration: 9.42
tot_sleeping_duration: 395465.513
tot_uptimes: 103
tot_uptimes_duration: 6120.0
