comms_cons: 40.08706560064966
finished_reconf: true
global_termination_time: 397539.44
local_termination_time: 237417.05748000008
node_cons: 8120.317902242891
tot_aggregated_send: 5452
tot_msg_rcv: 235
tot_msg_sent: 406
tot_reconf_duration: 4.390000000000001
tot_sleeping_duration: 391479.42783999786
tot_uptimes: 102
tot_uptimes_duration: 6060.0121600021375
