comms_cons: 39.9173504001282
finished_reconf: true
global_termination_time: 400573.174
local_termination_time: 276042.7886000005
node_cons: 8203.126759999972
tot_aggregated_send: 5452
tot_msg_rcv: 154
tot_msg_sent: 462
tot_reconf_duration: 6.22
tot_sleeping_duration: 394453.174
tot_uptimes: 103
tot_uptimes_duration: 6120.0
