comms_cons: 115.00441599103368
finished_reconf: true
global_termination_time: 1126949.908
local_termination_time: 731928.9202799991
node_cons: 23243.6871644719
tot_aggregated_send: 15080
tot_msg_rcv: 787
tot_msg_sent: 1613
tot_reconf_duration: 18.700000000000003
tot_sleeping_duration: 1109609.883680006
tot_uptimes: 289
tot_uptimes_duration: 17340.024319993972
