comms_cons: 59.70093440016489
finished_reconf: true
global_termination_time: 602113.408
local_termination_time: 14226.896880000004
node_cons: 12390.525325439176
tot_aggregated_send: 8700
tot_msg_rcv: 150
tot_msg_sent: 224
tot_reconf_duration: 10.95
tot_sleeping_duration: 592870.9470400007
tot_uptimes: 155
tot_uptimes_duration: 9242.460959999371
