comms_cons: 85.95066879631045
finished_reconf: true
global_termination_time: 854383.67
local_termination_time: 330044.0583600001
node_cons: 17544.88684111689
tot_aggregated_send: 12006
tot_msg_rcv: 438
tot_msg_sent: 620
tot_reconf_duration: 22.65
tot_sleeping_duration: 841303.6639200024
tot_uptimes: 219
tot_uptimes_duration: 13080.006079997635
