comms_cons: 177.26996479133106
finished_reconf: true
global_termination_time: 1849906.311
local_termination_time: 1274416.5083599999
node_cons: 38021.659861116765
tot_aggregated_send: 25520
tot_msg_rcv: 371
tot_msg_sent: 1053
tot_reconf_duration: 15.34
tot_sleeping_duration: 1821526.3049200024
tot_uptimes: 474
tot_uptimes_duration: 28380.006079997635
