comms_cons: 186.52689918578213
finished_reconf: true
global_termination_time: 1848618.175
local_termination_time: 250100.20636000004
node_cons: 38007.39268558858
tot_aggregated_send: 25520
tot_msg_rcv: 937
tot_msg_sent: 1894
tot_reconf_duration: 4.8100000000000005
tot_sleeping_duration: 1820238.1446000084
tot_uptimes: 474
tot_uptimes_duration: 28380.030399991607
