comms_cons: 256.3519486334936
finished_reconf: true
global_termination_time: 1849889.544
local_termination_time: 1096815.7578399999
node_cons: 38011.45584223359
tot_aggregated_send: 0
tot_msg_rcv: 19591
tot_msg_sent: 19373
tot_reconf_duration: 7.819999999999999
tot_sleeping_duration: 1821509.5318400047
tot_uptimes: 474
tot_uptimes_duration: 28380.012159995276
