comms_cons: 28.541196800313426
finished_reconf: true
global_termination_time: 279645.0990400009
local_termination_time: 171083.03892000075
node_cons: 5785.51125768259
tot_aggregated_send: 3712
tot_msg_rcv: 181
tot_msg_sent: 446
tot_reconf_duration: 5.43
tot_sleeping_duration: 275329.83591999894
tot_uptimes: 72
tot_uptimes_duration: 4315.263120001939
