comms_cons: 218.9327679745854
finished_reconf: true
global_termination_time: 2128864.701
local_termination_time: 735945.7015999997
node_cons: 43792.92104781732
tot_aggregated_send: 28536
tot_msg_rcv: 1657
tot_msg_sent: 3083
tot_reconf_duration: 5.57
tot_sleeping_duration: 2096164.6584400164
tot_uptimes: 546
tot_uptimes_duration: 32700.042559983438
