comms_cons: 210.5406335916316
finished_reconf: true
global_termination_time: 2131710.946
local_termination_time: 1375695.6103599998
node_cons: 43819.6736822333
tot_aggregated_send: 30682
tot_msg_rcv: 468
tot_msg_sent: 850
tot_reconf_duration: 25.299999999999997
tot_sleeping_duration: 2099010.9338400047
tot_uptimes: 546
tot_uptimes_duration: 32700.01215999527
