comms_cons: 621.0198907155091
finished_reconf: true
global_termination_time: 2128708.045759999
local_termination_time: 2128708.004639999
node_cons: 87027.99049091141
tot_aggregated_send: 0
tot_msg_rcv: 31640
tot_msg_sent: 62750
tot_reconf_duration: 37.410000000000004
tot_sleeping_duration: 2063751.2214800036
tot_uptimes: 1075
tot_uptimes_duration: 64956.8242799955
