comms_cons: 210.3270719938684
finished_reconf: true
global_termination_time: 2130153.542
local_termination_time: 604297.1074399985
node_cons: 43797.67137999955
tot_aggregated_send: 30798
tot_msg_rcv: 366
tot_msg_sent: 804
tot_reconf_duration: 9.11
tot_sleeping_duration: 2097453.542
tot_uptimes: 546
tot_uptimes_duration: 32700.0
