comms_cons: 210.24289279665524
finished_reconf: true
global_termination_time: 2131266.773
local_termination_time: 677925.7655599995
node_cons: 43802.4515399995
tot_aggregated_send: 30914
tot_msg_rcv: 357
tot_msg_sent: 685
tot_reconf_duration: 12.629999999999999
tot_sleeping_duration: 2098566.773
tot_uptimes: 546
tot_uptimes_duration: 32699.99999999994
