comms_cons: 213.40760318860453
finished_reconf: true
global_termination_time: 2133465.392
local_termination_time: 1427429.36736
node_cons: 43880.51009999982
tot_aggregated_send: 30334
tot_msg_rcv: 777
tot_msg_sent: 1324
tot_reconf_duration: 10.95
tot_sleeping_duration: 2100705.392
tot_uptimes: 547
tot_uptimes_duration: 32760.0
