comms_cons: 216.3040127760902
finished_reconf: true
global_termination_time: 2130463.94
local_termination_time: 146761.70460000055
node_cons: 43792.75535118169
tot_aggregated_send: 28710
tot_msg_rcv: 1258
tot_msg_sent: 2910
tot_reconf_duration: 5.43
tot_sleeping_duration: 2097763.8792000134
tot_uptimes: 546
tot_uptimes_duration: 32700.060799986648
