comms_cons: 32.28413440005017
finished_reconf: true
global_termination_time: 328520.3095600003
local_termination_time: 328504.99508000014
node_cons: 6808.464882840467
tot_aggregated_send: 4872
tot_msg_rcv: 18
tot_msg_sent: 17
tot_reconf_duration: 7.819999999999999
tot_sleeping_duration: 323443.502
tot_uptimes: 85
tot_uptimes_duration: 5076.807560000336
