comms_cons: 147.545139194024
finished_reconf: true
global_termination_time: 1485790.235
local_termination_time: 537303.676
node_cons: 30553.945462233663
tot_aggregated_send: 21328
tot_msg_rcv: 402
tot_msg_sent: 697
tot_reconf_duration: 18.21
tot_sleeping_duration: 1462990.2228400048
tot_uptimes: 381
tot_uptimes_duration: 22800.01215999527
