comms_cons: 148.87866239251042
finished_reconf: true
global_termination_time: 1486936.392
local_termination_time: 55032.69448000002
node_cons: 30535.194184471984
tot_aggregated_send: 20880
tot_msg_rcv: 584
tot_msg_sent: 1164
tot_reconf_duration: 4.390000000000001
tot_sleeping_duration: 1464136.367680006
tot_uptimes: 381
tot_uptimes_duration: 22800.024319993972
