comms_cons: 721.8311167671557
finished_reconf: true
global_termination_time: 2474252.4066
local_termination_time: 2474252.3654799997
node_cons: 101215.60263663493
tot_aggregated_send: 0
tot_msg_rcv: 36720
tot_msg_sent: 72993
tot_reconf_duration: 37.410000000000004
tot_sleeping_duration: 2398699.9048400014
tot_uptimes: 1250
tot_uptimes_duration: 75552.50175999856
