comms_cons: 245.1563072026137
finished_reconf: true
global_termination_time: 2477074.479
local_termination_time: 481629.6103600001
node_cons: 50946.5462199993
tot_aggregated_send: 35728
tot_msg_rcv: 497
tot_msg_sent: 1037
tot_reconf_duration: 8.09
tot_sleeping_duration: 2439034.479
tot_uptimes: 635
tot_uptimes_duration: 38040.0
