comms_cons: 244.13500159739758
finished_reconf: true
global_termination_time: 2474887.974
local_termination_time: 2020905.4309999999
node_cons: 50883.434773676236
tot_aggregated_send: 35783
tot_msg_rcv: 458
tot_msg_sent: 867
tot_reconf_duration: 15.110000000000001
tot_sleeping_duration: 2436902.2268800023
tot_uptimes: 634
tot_uptimes_duration: 37985.74711999786
