comms_cons: 247.12133119117047
finished_reconf: true
global_termination_time: 2474446.542
local_termination_time: 1074921.31936
node_cons: 50870.0900999995
tot_aggregated_send: 35322
tot_msg_rcv: 857
tot_msg_sent: 1382
tot_reconf_duration: 10.95
tot_sleeping_duration: 2436466.542
tot_uptimes: 634
tot_uptimes_duration: 37979.999999999985
