comms_cons: 252.6344895944793
finished_reconf: true
global_termination_time: 2475309.382
local_termination_time: 871380.38536
node_cons: 50865.89654781751
tot_aggregated_send: 33698
tot_msg_rcv: 1679
tot_msg_sent: 3021
tot_reconf_duration: 7.819999999999999
tot_sleeping_duration: 2437329.3394400165
tot_uptimes: 634
tot_uptimes_duration: 37980.042559983674
