comms_cons: 252.56672639144205
finished_reconf: true
global_termination_time: 2478306.45
local_termination_time: 777963.2745999998
node_cons: 50956.48941340157
tot_aggregated_send: 33060
tot_msg_rcv: 1822
tot_msg_sent: 3507
tot_reconf_duration: 15.34
tot_sleeping_duration: 2440266.377040028
tot_uptimes: 635
tot_uptimes_duration: 38040.07295997187
