comms_cons: 312.6304960232989
finished_reconf: true
global_termination_time: 3194929.87
local_termination_time: 2177127.12536
node_cons: 65726.67266335011
tot_aggregated_send: 44080
tot_msg_rcv: 1054
tot_msg_sent: 2383
tot_reconf_duration: 6.279999999999999
tot_sleeping_duration: 3145849.8517600065
tot_uptimes: 819
tot_uptimes_duration: 49080.01823999337
