comms_cons: 311.65191039400463
finished_reconf: true
global_termination_time: 3197074.533
local_termination_time: 1378556.2573599997
node_cons: 65736.02114223219
tot_aggregated_send: 44660
tot_msg_rcv: 878
tot_msg_sent: 1831
tot_reconf_duration: 13.17
tot_sleeping_duration: 3147994.5208400046
tot_uptimes: 819
tot_uptimes_duration: 49080.01215999527
