comms_cons: 314.9271935982921
finished_reconf: true
global_termination_time: 3196933.702
local_termination_time: 1086949.5856799996
node_cons: 65729.13064334923
tot_aggregated_send: 44022
tot_msg_rcv: 1291
tot_msg_sent: 2555
tot_reconf_duration: 8.09
tot_sleeping_duration: 3147853.683760007
tot_uptimes: 819
tot_uptimes_duration: 49080.0182399929
