comms_cons: 312.1955456220144
finished_reconf: true
global_termination_time: 3197444.801
local_termination_time: 871324.9123599998
node_cons: 65738.68822670421
tot_aggregated_send: 44834
tot_msg_rcv: 884
tot_msg_sent: 1733
tot_reconf_duration: 15.110000000000001
tot_sleeping_duration: 3148364.764520011
tot_uptimes: 819
tot_uptimes_duration: 49080.03647998924
