comms_cons: 321.9351680298241
finished_reconf: true
global_termination_time: 3193835.108
local_termination_time: 30016.377600000003
node_cons: 65668.61197005503
tot_aggregated_send: 43906
tot_msg_rcv: 1654
tot_msg_sent: 3372
tot_reconf_duration: 22.65
tot_sleeping_duration: 3144815.053280018
tot_uptimes: 818
tot_uptimes_duration: 49020.05471998238
