comms_cons: 320.05834242426334
finished_reconf: true
global_termination_time: 3193555.452
local_termination_time: 93749.50395999991
node_cons: 65644.36896782137
tot_aggregated_send: 43906
tot_msg_rcv: 1487
tot_msg_sent: 3254
tot_reconf_duration: 4.8100000000000005
tot_sleeping_duration: 3144535.409440013
tot_uptimes: 818
tot_uptimes_duration: 49020.04255998711
