comms_cons: 317.9805120025499
finished_reconf: true
global_termination_time: 3194687.864
local_termination_time: 1115074.82836
node_cons: 65726.60746558307
tot_aggregated_send: 43674
tot_msg_rcv: 1518
tot_msg_sent: 3140
tot_reconf_duration: 6.22
tot_sleeping_duration: 3145607.8336000117
tot_uptimes: 819
tot_uptimes_duration: 49080.030399988405
