comms_cons: 98.10830079743265
finished_reconf: true
global_termination_time: 993789.463
local_termination_time: 431727.84336
node_cons: 20414.937086714777
tot_aggregated_send: 13224
tot_msg_rcv: 523
tot_msg_sent: 1165
tot_reconf_duration: 6.279999999999999
tot_sleeping_duration: 978549.4265200039
tot_uptimes: 255
tot_uptimes_duration: 15240.03647999611
