comms_cons: 99.27737599635961
finished_reconf: true
global_termination_time: 990701.21
local_termination_time: 338397.66500000044
node_cons: 20342.180199999984
tot_aggregated_send: 13978
tot_msg_rcv: 424
tot_msg_sent: 687
tot_reconf_duration: 11.899999999999999
tot_sleeping_duration: 975521.21
tot_uptimes: 254
tot_uptimes_duration: 15180.0
