comms_cons: 103.08948479859713
finished_reconf: true
global_termination_time: 994787.009
local_termination_time: 62770.07136000001
node_cons: 20414.888171202863
tot_aggregated_send: 12760
tot_msg_rcv: 1213
tot_msg_sent: 1696
tot_reconf_duration: 6.22
tot_sleeping_duration: 979546.9481999979
tot_uptimes: 255
tot_uptimes_duration: 15240.060800002117
