comms_cons: 24.546995200247977
finished_reconf: true
global_termination_time: 237777.814
local_termination_time: 115048.82259999968
node_cons: 4831.027701121444
tot_aggregated_send: 3074
tot_msg_rcv: 257
tot_msg_sent: 400
tot_reconf_duration: 7.819999999999999
tot_sleeping_duration: 234177.80791999894
tot_uptimes: 61
tot_uptimes_duration: 3600.0060800010688
