comms_cons: 38.79816960034647
finished_reconf: true
global_termination_time: 386110.294
local_termination_time: 255278.247
node_cons: 7898.057321121429
tot_aggregated_send: 5144
tot_msg_rcv: 230
tot_msg_sent: 523
tot_reconf_duration: 18.21
tot_sleeping_duration: 380230.2879199989
tot_uptimes: 99
tot_uptimes_duration: 5880.006080001069
