comms_cons: 332.8625344407041
finished_reconf: true
global_termination_time: 384070.24728000077
local_termination_time: 384070.20616000076
node_cons: 38504.22300130177
tot_aggregated_send: 0
tot_msg_rcv: 22816
tot_msg_sent: 27774
tot_reconf_duration: 24.59
tot_sleeping_duration: 355339.2317599844
tot_uptimes: 465
tot_uptimes_duration: 28731.015520016386
