comms_cons: 38.14620160049599
finished_reconf: true
global_termination_time: 384971.379
local_termination_time: 348180.4493600001
node_cons: 7880.884060000019
tot_aggregated_send: 5452
tot_msg_rcv: 119
tot_msg_sent: 227
tot_reconf_duration: 5.57
tot_sleeping_duration: 379091.379
tot_uptimes: 99
tot_uptimes_duration: 5880.0
