comms_cons: 40.43792640038502
finished_reconf: true
global_termination_time: 389032.275
local_termination_time: 37282.31452000007
node_cons: 7960.2082622428725
tot_aggregated_send: 5162
tot_msg_rcv: 402
tot_msg_sent: 582
tot_reconf_duration: 4.8100000000000005
tot_sleeping_duration: 383092.2628399979
tot_uptimes: 100
tot_uptimes_duration: 5940.012160002141
