comms_cons: 40.489024000976684
finished_reconf: true
global_termination_time: 385888.06
local_termination_time: 278321.8683600001
node_cons: 7877.470041121504
tot_aggregated_send: 4872
tot_msg_rcv: 470
tot_msg_sent: 813
tot_reconf_duration: 3.05
tot_sleeping_duration: 380008.0539199989
tot_uptimes: 99
tot_uptimes_duration: 5880.006080001069
