comms_cons: 159.13734398515797
finished_reconf: true
global_termination_time: 1565521.625
local_termination_time: 218752.11836000005
node_cons: 32140.19888782246
tot_aggregated_send: 21170
tot_msg_rcv: 977
tot_msg_sent: 2042
tot_reconf_duration: 3.05
tot_sleeping_duration: 1541521.582440013
tot_uptimes: 401
tot_uptimes_duration: 24000.042559986876
