comms_cons: 160.4930047829185
finished_reconf: true
global_termination_time: 1568048.87
local_termination_time: 637407.1079599998
node_cons: 32224.82746558433
tot_aggregated_send: 21170
tot_msg_rcv: 1132
tot_msg_sent: 2092
tot_reconf_duration: 6.22
tot_sleeping_duration: 1543988.839600012
tot_uptimes: 402
tot_uptimes_duration: 24060.030399988173
