comms_cons: 339.13955813689086
finished_reconf: true
global_termination_time: 2129285.116
local_termination_time: 474321.8044800001
node_cons: 43816.11568782655
tot_aggregated_send: 0
tot_msg_rcv: 26259
tot_msg_sent: 25290
tot_reconf_duration: 22.65
tot_sleeping_duration: 2096585.0734400097
tot_uptimes: 546
tot_uptimes_duration: 32700.042559990252
