comms_cons: 209.96858879244084
finished_reconf: true
global_termination_time: 2126477.832
local_termination_time: 1239106.3294399993
node_cons: 43711.885799999385
tot_aggregated_send: 30450
tot_msg_rcv: 537
tot_msg_sent: 927
tot_reconf_duration: 5.1
tot_sleeping_duration: 2093837.832
tot_uptimes: 545
tot_uptimes_duration: 32640.0
