comms_cons: 206.79804159501958
finished_reconf: true
global_termination_time: 2125867.45
local_termination_time: 974487.6043599999
node_cons: 43722.85300111647
tot_aggregated_send: 30682
tot_msg_rcv: 209
tot_msg_sent: 541
tot_reconf_duration: 13.17
tot_sleeping_duration: 2093227.4439200026
tot_uptimes: 545
tot_uptimes_duration: 32640.006079997635
