comms_cons: 211.16405759191665
finished_reconf: true
global_termination_time: 2125080.6634799996
local_termination_time: 2125080.6223599995
node_cons: 43756.727942078745
tot_aggregated_send: 30436
tot_msg_rcv: 546
tot_msg_sent: 1112
tot_reconf_duration: 24.59
tot_sleeping_duration: 2092426.9407600001
tot_uptimes: 545
tot_uptimes_duration: 32653.722719999612
