comms_cons: 214.99467518263214
finished_reconf: true
global_termination_time: 2125478.634
local_termination_time: 511896.20912000054
node_cons: 43709.16702893889
tot_aggregated_send: 28478
tot_msg_rcv: 1530
tot_msg_sent: 2670
tot_reconf_duration: 3.05
tot_sleeping_duration: 2092838.5853600155
tot_uptimes: 545
tot_uptimes_duration: 32640.04863998451
