comms_cons: 211.61048317976767
finished_reconf: true
global_termination_time: 2125988.799
local_termination_time: 1223609.334
node_cons: 43715.62026558382
tot_aggregated_send: 28938
tot_msg_rcv: 1070
tot_msg_sent: 2155
tot_reconf_duration: 7.819999999999999
tot_sleeping_duration: 2093348.768600012
tot_uptimes: 545
tot_uptimes_duration: 32640.030399988173
