comms_cons: 214.20642558435142
finished_reconf: true
global_termination_time: 2125080.8562399903
local_termination_time: 22587.04448
node_cons: 43781.34363717362
tot_aggregated_send: 29580
tot_msg_rcv: 1058
tot_msg_sent: 1918
tot_reconf_duration: 11.31
tot_sleeping_duration: 2092395.2814400098
tot_uptimes: 545
tot_uptimes_duration: 32685.57479998062
