comms_cons: 86.70329601099704
finished_reconf: true
global_termination_time: 433032.294
local_termination_time: 1407.0613600000004
node_cons: 8845.871183362033
tot_aggregated_send: 0
tot_msg_rcv: 6787
tot_msg_sent: 6388
tot_reconf_duration: 6.22
tot_sleeping_duration: 426432.2757599985
tot_uptimes: 111
tot_uptimes_duration: 6600.018240001511
