comms_cons: 44.923923200536485
finished_reconf: true
global_termination_time: 431746.052
local_termination_time: 68604.92947999996
node_cons: 8852.78340336204
tot_aggregated_send: 5684
tot_msg_rcv: 452
tot_msg_sent: 691
tot_reconf_duration: 11.31
tot_sleeping_duration: 425146.0337599985
tot_uptimes: 111
tot_uptimes_duration: 6600.018240001504
