comms_cons: 126.43374079361786
finished_reconf: true
global_termination_time: 1274262.472
local_termination_time: 192733.10536000005
node_cons: 26215.585462238294
tot_aggregated_send: 17458
tot_msg_rcv: 668
tot_msg_sent: 1092
tot_reconf_duration: 18.21
tot_sleeping_duration: 1254702.4598400013
tot_uptimes: 327
tot_uptimes_duration: 19560.012159998703
