comms_cons: 397.1750272551876
finished_reconf: true
global_termination_time: 3936404.98
local_termination_time: 334525.9648400001
node_cons: 81000.66998893846
tot_aggregated_send: 54520
tot_msg_rcv: 1905
tot_msg_sent: 3945
tot_reconf_duration: 13.17
tot_sleeping_duration: 3875924.9313600147
tot_uptimes: 1009
tot_uptimes_duration: 60480.04863998544
