comms_cons: 398.7625792739689
finished_reconf: true
global_termination_time: 3935443.176
local_termination_time: 2011778.11336
node_cons: 80927.8283742209
tot_aggregated_send: 54288
tot_msg_rcv: 2210
tot_msg_sent: 4109
tot_reconf_duration: 18.700000000000003
tot_sleeping_duration: 3875023.1358400127
tot_uptimes: 1008
tot_uptimes_duration: 60420.04015998705
