comms_cons: 396.0978816685578
finished_reconf: true
global_termination_time: 3935283.938
local_termination_time: 2104819.52236
node_cons: 80917.2908055827
tot_aggregated_send: 54868
tot_msg_rcv: 1800
tot_msg_sent: 3535
tot_reconf_duration: 10.95
tot_sleeping_duration: 3874863.907600011
tot_uptimes: 1008
tot_uptimes_duration: 60420.03039998887
