comms_cons: 399.7939456679445
finished_reconf: true
global_termination_time: 3937585.737
local_termination_time: 2107558.8301999993
node_cons: 80988.70604334927
tot_aggregated_send: 54172
tot_msg_rcv: 2299
tot_msg_sent: 4295
tot_reconf_duration: 4.390000000000001
tot_sleeping_duration: 3877105.718760007
tot_uptimes: 1009
tot_uptimes_duration: 60480.01823999337
