comms_cons: 53.743590403924365
finished_reconf: true
global_termination_time: 257256.414
local_termination_time: 1773.4026000000006
node_cons: 5246.845462242866
tot_aggregated_send: 0
tot_msg_rcv: 4382
tot_msg_sent: 3781
tot_reconf_duration: 18.21
tot_sleeping_duration: 253356.40183999785
tot_uptimes: 66
tot_uptimes_duration: 3900.0121600021375
