comms_cons: 2.4540415999918905
finished_reconf: true
global_termination_time: 14856.571
local_termination_time: 8394.406360000003
node_cons: 248.5922011200083
tot_aggregated_send: 0
tot_msg_rcv: 203
tot_msg_sent: 170
tot_reconf_duration: 5.57
tot_sleeping_duration: 14676.564919999995
tot_uptimes: 4
tot_uptimes_duration: 180.00608000000466
