comms_cons: 13.007705599973818
finished_reconf: true
global_termination_time: 108881.34719999963
local_termination_time: 108881.30607999963
node_cons: 2264.6114466386784
tot_aggregated_send: 812
tot_msg_rcv: 374
tot_msg_sent: 791
tot_reconf_duration: 24.59
tot_sleeping_duration: 107215.01544000061
tot_uptimes: 28
tot_uptimes_duration: 1666.3317599990187
