comms_cons: 13.25113599989597
finished_reconf: true
global_termination_time: 112103.135
local_termination_time: 29444.741160000005
node_cons: 2258.080804477748
tot_aggregated_send: 1044
tot_msg_rcv: 389
tot_msg_sent: 581
tot_reconf_duration: 6.279999999999999
tot_sleeping_duration: 110423.11068000167
tot_uptimes: 29
tot_uptimes_duration: 1680.024319998316
