comms_cons: 100.42393599792535
finished_reconf: true
global_termination_time: 990992.425
local_termination_time: 209273.72884000055
node_cons: 20336.680265597955
tot_aggregated_send: 13108
tot_msg_rcv: 756
tot_msg_sent: 1400
tot_reconf_duration: 7.819999999999999
tot_sleeping_duration: 975812.3946000015
tot_uptimes: 254
tot_uptimes_duration: 15180.030399998475
