comms_cons: 898.8465912675193
finished_reconf: true
global_termination_time: 2066845.674
local_termination_time: 727806.8444799988
node_cons: 125316.0197215159
tot_aggregated_send: 0
tot_msg_rcv: 55138
tot_msg_sent: 81479
tot_reconf_duration: 18.21
tot_sleeping_duration: 1973274.8819600304
tot_uptimes: 1532
tot_uptimes_duration: 93570.79203996988
