comms_cons: 206.7645183851311
finished_reconf: true
global_termination_time: 2066511.128
local_termination_time: 1058649.4183999992
node_cons: 42508.43708670066
tot_aggregated_send: 28768
tot_msg_rcv: 920
tot_msg_sent: 1739
tot_reconf_duration: 6.279999999999999
tot_sleeping_duration: 2034771.0915200142
tot_uptimes: 530
tot_uptimes_duration: 31740.036479985807
