comms_cons: 202.85647359493353
finished_reconf: true
global_termination_time: 2067696.37
local_termination_time: 121858.44035999996
node_cons: 42504.04263999963
tot_aggregated_send: 29696
tot_msg_rcv: 291
tot_msg_sent: 846
tot_reconf_duration: 3.08
tot_sleeping_duration: 2035956.37
tot_uptimes: 530
tot_uptimes_duration: 31740.0
