comms_cons: 288.68871680626205
finished_reconf: true
global_termination_time: 2910627.1634799996
local_termination_time: 2910627.1223599995
node_cons: 59905.06794207343
tot_aggregated_send: 41804
tot_msg_rcv: 673
tot_msg_sent: 1401
tot_reconf_duration: 24.59
tot_sleeping_duration: 2865913.4407600034
tot_uptimes: 746
tot_uptimes_duration: 44713.72271999616
