comms_cons: 283.3125375823927
finished_reconf: true
global_termination_time: 2911323.039
local_termination_time: 678810.5132799993
node_cons: 59857.474464466264
tot_aggregated_send: 39962
tot_msg_rcv: 1122
tot_msg_sent: 1977
tot_reconf_duration: 3.05
tot_sleeping_duration: 2866623.0146800093
tot_uptimes: 746
tot_uptimes_duration: 44700.02431999054
