comms_cons: 197.09309439377523
finished_reconf: true
global_termination_time: 1998124.532119999
local_termination_time: 1998124.490999999
node_cons: 41136.4636939143
tot_aggregated_send: 28928
tot_msg_rcv: 302
tot_msg_sent: 726
tot_reconf_duration: 24.59
tot_sleeping_duration: 1967427.690840003
tot_uptimes: 512
tot_uptimes_duration: 30696.841279995962
