comms_cons: 200.2889663884881
finished_reconf: true
global_termination_time: 1998125.40824
local_termination_time: 4431.058480000001
node_cons: 41098.89771382708
tot_aggregated_send: 28072
tot_msg_rcv: 845
tot_msg_sent: 1524
tot_reconf_duration: 18.21
tot_sleeping_duration: 1967450.1516800094
tot_uptimes: 512
tot_uptimes_duration: 30675.25655999058
