comms_cons: 197.84970238497738
finished_reconf: true
global_termination_time: 2001681.995
local_termination_time: 1309860.3681999987
node_cons: 41144.71584223344
tot_aggregated_send: 27492
tot_msg_rcv: 955
tot_msg_sent: 1625
tot_reconf_duration: 7.819999999999999
tot_sleeping_duration: 1970961.9828400048
tot_uptimes: 513
tot_uptimes_duration: 30720.01215999527
