comms_cons: 196.041849592403
finished_reconf: true
global_termination_time: 2001053.589
local_termination_time: 1320191.7435599994
node_cons: 41142.53490111648
tot_aggregated_send: 27840
tot_msg_rcv: 721
tot_msg_sent: 1235
tot_reconf_duration: 6.22
tot_sleeping_duration: 1970333.5829200023
tot_uptimes: 513
tot_uptimes_duration: 30720.006079997635
