comms_cons: 195.69172479789214
finished_reconf: true
global_termination_time: 1998874.653
local_termination_time: 1377309.5291999998
node_cons: 41069.09897999977
tot_aggregated_send: 28826
tot_msg_rcv: 324
tot_msg_sent: 594
tot_reconf_duration: 11.31
tot_sleeping_duration: 1968214.653
tot_uptimes: 512
tot_uptimes_duration: 30660.0
