comms_cons: 178.35484159086693
finished_reconf: true
global_termination_time: 1795423.769
local_termination_time: 858551.9423599999
node_cons: 36893.94485999993
tot_aggregated_send: 25520
tot_msg_rcv: 505
tot_msg_sent: 1083
tot_reconf_duration: 13.17
tot_sleeping_duration: 1767883.769
tot_uptimes: 460
tot_uptimes_duration: 27540.0
