comms_cons: 177.7124415931528
finished_reconf: true
global_termination_time: 1790845.573
local_termination_time: 411719.41736
node_cons: 36811.88834112126
tot_aggregated_send: 25578
tot_msg_rcv: 458
tot_msg_sent: 975
tot_reconf_duration: 11.899999999999999
tot_sleeping_duration: 1763365.566919999
tot_uptimes: 459
tot_uptimes_duration: 27480.00608000107
