comms_cons: 183.02378877630127
finished_reconf: true
global_termination_time: 1790797.489
local_termination_time: 333764.54536000005
node_cons: 36803.15906893912
tot_aggregated_send: 23722
tot_msg_rcv: 1338
tot_msg_sent: 2759
tot_reconf_duration: 5.43
tot_sleeping_duration: 1763317.4403600155
tot_uptimes: 459
tot_uptimes_duration: 27480.04863998451
