comms_cons: 15.586124799962521
finished_reconf: true
global_termination_time: 12337.986240000002
local_termination_time: 781.4570399999996
node_cons: 2198.1434193600026
tot_aggregated_send: 0
tot_msg_rcv: 1117
tot_msg_sent: 1251
tot_reconf_duration: 18.21
tot_sleeping_duration: 10714.824
tot_uptimes: 25
tot_uptimes_duration: 1623.1622400000024
