comms_cons: 80.91779839505465
finished_reconf: true
global_termination_time: 781844.89848
local_termination_time: 159607.70620000016
node_cons: 16113.267833196462
tot_aggregated_send: 10382
tot_msg_rcv: 703
tot_msg_sent: 1213
tot_reconf_duration: 18.21
tot_sleeping_duration: 769829.5596800026
tot_uptimes: 201
tot_uptimes_duration: 12015.33879999735
