comms_cons: 80.0237951963076
finished_reconf: true
global_termination_time: 783048.356
local_termination_time: 343140.84536000004
node_cons: 16102.389964481132
tot_aggregated_send: 10382
tot_msg_rcv: 750
tot_msg_sent: 1031
tot_reconf_duration: 25.299999999999997
tot_sleeping_duration: 771048.3316799992
tot_uptimes: 201
tot_uptimes_duration: 12000.02432000084
