comms_cons: 139.4724607880369
finished_reconf: true
global_termination_time: 1382471.824
local_termination_time: 527532.7511999996
node_cons: 28461.208002233667
tot_aggregated_send: 19140
tot_msg_rcv: 733
tot_msg_sent: 1326
tot_reconf_duration: 15.34
tot_sleeping_duration: 1361231.8118400048
tot_uptimes: 355
tot_uptimes_duration: 21240.01215999527
