comms_cons: 220.43356147718546
finished_reconf: true
global_termination_time: 1385614.125
local_termination_time: 93225.80235999997
node_cons: 28447.3509289577
tot_aggregated_send: 0
tot_msg_rcv: 17076
tot_msg_sent: 16427
tot_reconf_duration: 5.1
tot_sleeping_duration: 1364374.076360002
tot_uptimes: 355
tot_uptimes_duration: 21240.048639998247
