comms_cons: 138.4941055887344
finished_reconf: true
global_termination_time: 1381908.871
local_termination_time: 361507.17036000005
node_cons: 28444.591486719455
tot_aggregated_send: 18270
tot_msg_rcv: 973
tot_msg_sent: 1807
tot_reconf_duration: 3.08
tot_sleeping_duration: 1360668.8345200005
tot_uptimes: 354
tot_uptimes_duration: 21240.036479999544
