comms_cons: 135.6574399938852
finished_reconf: true
global_termination_time: 1383040.963
local_termination_time: 632951.4723599999
node_cons: 28453.168642233766
tot_aggregated_send: 19140
tot_msg_rcv: 554
tot_msg_sent: 925
tot_reconf_duration: 9.42
tot_sleeping_duration: 1361800.9508400047
tot_uptimes: 355
tot_uptimes_duration: 21240.01215999527
