comms_cons: 132.8932607987754
finished_reconf: true
global_termination_time: 1382660.478
local_termination_time: 714836.64
node_cons: 28456.52020000008
tot_aggregated_send: 19360
tot_msg_rcv: 311
tot_msg_sent: 528
tot_reconf_duration: 11.899999999999999
tot_sleeping_duration: 1361420.478
tot_uptimes: 355
tot_uptimes_duration: 21240.0
