comms_cons: 138.72963839057815
finished_reconf: true
global_termination_time: 1383433.563
local_termination_time: 373501.4974000003
node_cons: 28446.346043359677
tot_aggregated_send: 18676
tot_msg_rcv: 813
tot_msg_sent: 1598
tot_reconf_duration: 4.390000000000001
tot_sleeping_duration: 1362193.5447600002
tot_uptimes: 355
tot_uptimes_duration: 21240.018239999772
