comms_cons: 136.23549438973674
finished_reconf: true
global_termination_time: 1384185.348
local_termination_time: 306389.26236000005
node_cons: 28455.76782671483
tot_aggregated_send: 18096
tot_msg_rcv: 931
tot_msg_sent: 1680
tot_reconf_duration: 11.31
tot_sleeping_duration: 1362945.311520004
tot_uptimes: 355
tot_uptimes_duration: 21240.03647999611
