comms_cons: 235.07544318382085
finished_reconf: true
global_termination_time: 2348586.902
local_termination_time: 459921.5001600008
node_cons: 48313.67341182925
tot_aggregated_send: 32770
tot_msg_rcv: 991
tot_msg_sent: 1970
tot_reconf_duration: 18.21
tot_sleeping_duration: 2312523.4634400075
tot_uptimes: 602
tot_uptimes_duration: 36063.43855999241
