comms_cons: 230.6789375953062
finished_reconf: true
global_termination_time: 2346357.87
local_termination_time: 864014.7424799989
node_cons: 48212.52823999942
tot_aggregated_send: 34046
tot_msg_rcv: 302
tot_msg_sent: 713
tot_reconf_duration: 6.279999999999999
tot_sleeping_duration: 2310357.87
tot_uptimes: 601
tot_uptimes_duration: 36000.0
