comms_cons: 231.423987192298
finished_reconf: true
global_termination_time: 2345376.99
local_termination_time: 848965.0503599999
node_cons: 48238.365541116276
tot_aggregated_send: 33582
tot_msg_rcv: 539
tot_msg_sent: 1054
tot_reconf_duration: 25.299999999999997
tot_sleeping_duration: 2309376.9839200024
tot_uptimes: 601
tot_uptimes_duration: 36000.006079997635
