comms_cons: 683.8399741941361
finished_reconf: true
global_termination_time: 2344491.3557599992
local_termination_time: 2344491.314639999
node_cons: 95817.51793106791
tot_aggregated_send: 0
tot_msg_rcv: 34821
tot_msg_sent: 69118
tot_reconf_duration: 24.59
tot_sleeping_duration: 2272957.282040006
tot_uptimes: 1183
tot_uptimes_duration: 71534.07371999312
