comms_cons: 10.16486399998684
finished_reconf: true
global_termination_time: 3298.8886800000005
local_termination_time: 3298.8475600000006
node_cons: 1201.6676135200014
tot_aggregated_send: 0
tot_msg_rcv: 687
tot_msg_sent: 856
tot_reconf_duration: 24.59
tot_sleeping_duration: 2426.391
tot_uptimes: 14
tot_uptimes_duration: 872.4976800000004
