comms_cons: 103.83914241378291
finished_reconf: true
global_termination_time: 452231.15840000036
local_termination_time: 452231.11728000036
node_cons: 9326.902349379705
tot_aggregated_send: 0
tot_msg_rcv: 9022
tot_msg_sent: 6761
tot_reconf_duration: 37.410000000000004
tot_sleeping_duration: 445303.5261599857
tot_uptimes: 116
tot_uptimes_duration: 6927.632240014704
