comms_cons: 255.02952962042357
finished_reconf: true
global_termination_time: 2644352.479
local_termination_time: 6251.17
node_cons: 54424.63786446676
tot_aggregated_send: 36805
tot_msg_rcv: 796
tot_msg_sent: 1162
tot_reconf_duration: 25.35
tot_sleeping_duration: 2603732.454680009
tot_uptimes: 678
tot_uptimes_duration: 40620.02431999077
