comms_cons: 113.03662719277128
finished_reconf: true
global_termination_time: 1101678.37
local_termination_time: 571616.1863199996
node_cons: 22686.663123359758
tot_aggregated_send: 14848
tot_msg_rcv: 844
tot_msg_sent: 1489
tot_reconf_duration: 22.65
tot_sleeping_duration: 1084758.3517600002
tot_uptimes: 283
tot_uptimes_duration: 16920.018239999772
