comms_cons: 110.66761599203221
finished_reconf: true
global_termination_time: 1099329.0902400003
local_termination_time: 129931.60083999993
node_cons: 22632.0107136309
tot_aggregated_send: 14210
tot_msg_rcv: 909
tot_msg_sent: 1701
tot_reconf_duration: 5.57
tot_sleeping_duration: 1082432.565480007
tot_uptimes: 282
tot_uptimes_duration: 16896.52475999319
