comms_cons: 112.77469439160018
finished_reconf: true
global_termination_time: 1099328.3094799998
local_termination_time: 1099328.2683599999
node_cons: 22644.766348794314
tot_aggregated_send: 14822
tot_msg_rcv: 844
tot_msg_sent: 1475
tot_reconf_duration: 37.410000000000004
tot_sleeping_duration: 1082454.550280004
tot_uptimes: 282
tot_uptimes_duration: 16873.759199995722
