comms_cons: 112.21483519076875
finished_reconf: true
global_termination_time: 1099396.988
local_termination_time: 63002.09056000005
node_cons: 22586.57506670563
tot_aggregated_send: 14848
tot_msg_rcv: 812
tot_msg_sent: 1396
tot_reconf_duration: 8.09
tot_sleeping_duration: 1082536.9515200106
tot_uptimes: 282
tot_uptimes_duration: 16860.03647998924
