comms_cons: 113.86140798930529
finished_reconf: true
global_termination_time: 1104355.543
local_termination_time: 391479.08816000033
node_cons: 22671.312250065315
tot_aggregated_send: 14442
tot_msg_rcv: 948
tot_msg_sent: 1917
tot_reconf_duration: 11.31
tot_sleeping_duration: 1087435.4882800109
tot_uptimes: 283
tot_uptimes_duration: 16920.054719989013
