comms_cons: 16.409708800026152
finished_reconf: true
global_termination_time: 144093.65924000094
local_termination_time: 144093.65924000094
node_cons: 3008.868887839006
tot_aggregated_send: 1508
tot_msg_rcv: 348
tot_msg_sent: 637
tot_reconf_duration: 24.59
tot_sleeping_duration: 141871.49668000167
tot_uptimes: 37
tot_uptimes_duration: 2222.1625599992476
