comms_cons: 14.329497600039861
finished_reconf: true
global_termination_time: 146596.992
local_termination_time: 46980.44736000001
node_cons: 2997.317321120291
tot_aggregated_send: 2030
tot_msg_rcv: 48
tot_msg_sent: 100
tot_reconf_duration: 18.21
tot_sleeping_duration: 144376.98591999977
tot_uptimes: 38
tot_uptimes_duration: 2220.0060800002175
