comms_cons: 513.0314237284628
finished_reconf: true
global_termination_time: 1064214.525119998
local_termination_time: 1064214.525119998
node_cons: 64324.23439610742
tot_aggregated_send: 0
tot_msg_rcv: 31586
tot_msg_sent: 46387
tot_reconf_duration: 24.59
tot_sleeping_duration: 1016200.4540400065
tot_uptimes: 788
tot_uptimes_duration: 48014.071079991525
