comms_cons: 104.3461120001209
finished_reconf: true
global_termination_time: 1067617.198
local_termination_time: 482611.26536
node_cons: 21950.704860000013
tot_aggregated_send: 15718
tot_msg_rcv: 38
tot_msg_sent: 104
tot_reconf_duration: 13.17
tot_sleeping_duration: 1051237.198
tot_uptimes: 274
tot_uptimes_duration: 16380.0
