comms_cons: 210.1898046883145
finished_reconf: true
global_termination_time: 1067367.014
local_termination_time: 2857.1403600000003
node_cons: 21963.586841116867
tot_aggregated_send: 0
tot_msg_rcv: 16129
tot_msg_sent: 15817
tot_reconf_duration: 22.65
tot_sleeping_duration: 1050987.0079200023
tot_uptimes: 274
tot_uptimes_duration: 16380.006079997635
