comms_cons: 296.9672317833421
finished_reconf: true
global_termination_time: 1509491.3125999998
local_termination_time: 3289.99848
node_cons: 31056.546610638172
tot_aggregated_send: 0
tot_msg_rcv: 22755
tot_msg_sent: 22383
tot_reconf_duration: 18.21
tot_sleeping_duration: 1486315.9448400012
tot_uptimes: 387
tot_uptimes_duration: 23175.367759998597
