comms_cons: 152.03340798930944
finished_reconf: true
global_termination_time: 1511414.55
local_termination_time: 371050.739
node_cons: 31135.067019753144
tot_aggregated_send: 21052
tot_msg_rcv: 776
tot_msg_sent: 1280
tot_reconf_duration: 22.65
tot_sleeping_duration: 1488185.0441600052
tot_uptimes: 388
tot_uptimes_duration: 23229.505839994818
