comms_cons: 166.23567353979996
finished_reconf: true
global_termination_time: 1008895.023
local_termination_time: 361410.37636000005
node_cons: 20758.49498223373
tot_aggregated_send: 0
tot_msg_rcv: 12752
tot_msg_sent: 12515
tot_reconf_duration: 22.65
tot_sleeping_duration: 993415.0108400048
tot_uptimes: 259
tot_uptimes_duration: 15480.012159995269
