comms_cons: 3.7106687999937407
finished_reconf: true
global_termination_time: 16001.72
local_termination_time: 4086.35848
node_cons: 341.8793799999996
tot_aggregated_send: 0
tot_msg_rcv: 398
tot_msg_sent: 166
tot_reconf_duration: 15.110000000000001
tot_sleeping_duration: 15761.72
tot_uptimes: 5
tot_uptimes_duration: 240.0
