comms_cons: 54.946636800782855
finished_reconf: true
global_termination_time: 528784.97
local_termination_time: 216533.91036000007
node_cons: 10852.850223364314
tot_aggregated_send: 7018
tot_msg_rcv: 520
tot_msg_sent: 812
tot_reconf_duration: 5.1
tot_sleeping_duration: 520684.95175999677
tot_uptimes: 136
tot_uptimes_duration: 8100.018240003206
