comms_cons: 55.42380800142427
finished_reconf: true
global_termination_time: 528238.1
local_termination_time: 131785.9201600008
node_cons: 10894.338859605405
tot_aggregated_send: 6844
tot_msg_rcv: 601
tot_msg_sent: 980
tot_reconf_duration: 25.299999999999997
tot_sleeping_duration: 520127.583599996
tot_uptimes: 136
tot_uptimes_duration: 8110.5164000040095
