comms_cons: 55.32247040151599
finished_reconf: true
global_termination_time: 526772.915
local_termination_time: 103152.70035999997
node_cons: 10790.987164483473
tot_aggregated_send: 6612
tot_msg_rcv: 647
tot_msg_sent: 1149
tot_reconf_duration: 18.700000000000003
tot_sleeping_duration: 518732.89067999745
tot_uptimes: 135
tot_uptimes_duration: 8040.0243200025725
