comms_cons: 53.95601920061704
finished_reconf: true
global_termination_time: 525935.402
local_termination_time: 150788.40404000072
node_cons: 10772.933940000004
tot_aggregated_send: 7076
tot_msg_rcv: 434
tot_msg_sent: 691
tot_reconf_duration: 5.43
tot_sleeping_duration: 517895.402
tot_uptimes: 135
tot_uptimes_duration: 8040.0
