comms_cons: 32.97620480098292
finished_reconf: true
global_termination_time: 306777.79024000047
local_termination_time: 306777.74912000046
node_cons: 6346.63467920553
tot_aggregated_send: 3640
tot_msg_rcv: 456
tot_msg_sent: 918
tot_reconf_duration: 24.59
tot_sleeping_duration: 302062.8974399963
tot_uptimes: 79
tot_uptimes_duration: 4714.892800004118
