comms_cons: 30.97487360031608
finished_reconf: true
global_termination_time: 308110.49
local_termination_time: 60094.89028000007
node_cons: 6270.678182240593
tot_aggregated_send: 4118
tot_msg_rcv: 184
tot_msg_sent: 406
tot_reconf_duration: 3.05
tot_sleeping_duration: 303430.47783999954
tot_uptimes: 79
tot_uptimes_duration: 4680.012160000435
