comms_cons: 29.988620800128654
finished_reconf: true
global_termination_time: 307400.43
local_termination_time: 263253.47636000003
node_cons: 6281.887121121434
tot_aggregated_send: 4350
tot_msg_rcv: 43
tot_msg_sent: 165
tot_reconf_duration: 11.31
tot_sleeping_duration: 302720.4239199989
tot_uptimes: 79
tot_uptimes_duration: 4680.006080001069
