comms_cons: 306.97294084071217
finished_reconf: true
global_termination_time: 3060148.462
local_termination_time: 1663036.6563599997
node_cons: 62913.17022335397
tot_aggregated_send: 42688
tot_msg_rcv: 1415
tot_msg_sent: 2556
tot_reconf_duration: 5.1
tot_sleeping_duration: 3013168.443760003
tot_uptimes: 784
tot_uptimes_duration: 46980.01823999657
