comms_cons: 308.0710400212495
finished_reconf: true
global_termination_time: 3056494.251
local_termination_time: 148770.38336000004
node_cons: 62836.55654782146
tot_aggregated_send: 42514
tot_msg_rcv: 1468
tot_msg_sent: 2843
tot_reconf_duration: 7.819999999999999
tot_sleeping_duration: 3009574.2084400128
tot_uptimes: 783
tot_uptimes_duration: 46920.04255998711
