comms_cons: 308.505894436408
finished_reconf: true
global_termination_time: 3059116.137
local_termination_time: 139537.79496000012
node_cons: 62914.740030059744
tot_aggregated_send: 42630
tot_msg_rcv: 1472
tot_msg_sent: 2790
tot_reconf_duration: 6.22
tot_sleeping_duration: 3012136.082280014
tot_uptimes: 784
tot_uptimes_duration: 46980.05471998581
