comms_cons: 458.169094506997
finished_reconf: true
global_termination_time: 4543827.691
local_termination_time: 229127.61636000007
node_cons: 93443.04918893732
tot_aggregated_send: 63104
tot_msg_rcv: 2178
tot_msg_sent: 4357
tot_reconf_duration: 5.57
tot_sleeping_duration: 4474047.642360015
tot_uptimes: 1164
tot_uptimes_duration: 69780.04863998498
