comms_cons: 25.27728640001939
finished_reconf: true
global_termination_time: 260626.655
local_termination_time: 24418.461600000002
node_cons: 5333.198700000002
tot_aggregated_send: 3770
tot_msg_rcv: 35
tot_msg_sent: 37
tot_reconf_duration: 22.65
tot_sleeping_duration: 256666.655
tot_uptimes: 67
tot_uptimes_duration: 3959.9999999999964
