comms_cons: 24.810790399989386
finished_reconf: true
global_termination_time: 258795.649
local_termination_time: 127266.31307999992
node_cons: 5317.798980000019
tot_aggregated_send: 3422
tot_msg_rcv: 102
tot_msg_sent: 248
tot_reconf_duration: 11.31
tot_sleeping_duration: 254835.649
tot_uptimes: 67
tot_uptimes_duration: 3959.999999999998
