comms_cons: 277.3986496277669
finished_reconf: true
global_termination_time: 2809727.619
local_termination_time: 6026.715999999999
node_cons: 57879.29042893426
tot_aggregated_send: 38429
tot_msg_rcv: 1151
tot_msg_sent: 2583
tot_reconf_duration: 25.35
tot_sleeping_duration: 2766527.5703600184
tot_uptimes: 720
tot_uptimes_duration: 43200.04863998154
