comms_cons: 281.1628416243997
finished_reconf: true
global_termination_time: 2810868.618
local_termination_time: 5705.974
node_cons: 57860.81345340651
tot_aggregated_send: 38678
tot_msg_rcv: 1490
tot_msg_sent: 2566
tot_reconf_duration: 11.719999999999999
tot_sleeping_duration: 2767668.545040024
tot_uptimes: 720
tot_uptimes_duration: 43200.07295997575
