comms_cons: 50.0597375998702
finished_reconf: true
global_termination_time: 13752.379240000002
local_termination_time: 2793.9414800000022
node_cons: 6226.105758800085
tot_aggregated_send: 0
tot_msg_rcv: 3940
tot_msg_sent: 3668
tot_reconf_duration: 18.21
tot_sleeping_duration: 9121.03003999994
tot_uptimes: 64
tot_uptimes_duration: 4631.349200000061
