comms_cons: 2.2632447999967056
finished_reconf: true
global_termination_time: 16627.3
local_termination_time: 5356.442360000001
node_cons: 336.71898000000056
tot_aggregated_send: 0
tot_msg_rcv: 178
tot_msg_sent: 166
tot_reconf_duration: 11.31
tot_sleeping_duration: 16387.3
tot_uptimes: 5
tot_uptimes_duration: 240.0
