comms_cons: 61.02865919852274
finished_reconf: true
global_termination_time: 598710.107
local_termination_time: 105051.17895999966
node_cons: 12322.80312336432
tot_aggregated_send: 8004
tot_msg_rcv: 418
tot_msg_sent: 854
tot_reconf_duration: 22.65
tot_sleeping_duration: 589530.0887599968
tot_uptimes: 154
tot_uptimes_duration: 9180.018240003206
