comms_cons: 117.31954559776914
finished_reconf: true
global_termination_time: 595921.1997599992
local_termination_time: 1046.5883600000004
node_cons: 12264.517324881774
tot_aggregated_send: 0
tot_msg_rcv: 8989
tot_msg_sent: 8841
tot_reconf_duration: 5.1
tot_sleeping_duration: 586766.9118399979
tot_uptimes: 153
tot_uptimes_duration: 9154.287920001312
