comms_cons: 61.37077760144692
finished_reconf: true
global_termination_time: 597014.512
local_termination_time: 164442.5098400001
node_cons: 12222.332124485709
tot_aggregated_send: 8062
tot_msg_rcv: 515
tot_msg_sent: 751
tot_reconf_duration: 7.819999999999999
tot_sleeping_duration: 587894.4876799957
tot_uptimes: 153
tot_uptimes_duration: 9120.024320004275
