comms_cons: 62.17121279900073
finished_reconf: true
global_termination_time: 596192.245
local_termination_time: 350388.9503200007
node_cons: 12232.544284481175
tot_aggregated_send: 7772
tot_msg_rcv: 639
tot_msg_sent: 1037
tot_reconf_duration: 15.34
tot_sleeping_duration: 587072.2206799991
tot_uptimes: 153
tot_uptimes_duration: 9120.02432000084
