comms_cons: 53.8053248002209
finished_reconf: true
global_termination_time: 545807.7844799999
local_termination_time: 251280.62836000006
node_cons: 11218.541070962792
tot_aggregated_send: 7714
tot_msg_rcv: 130
tot_msg_sent: 334
tot_reconf_duration: 22.65
tot_sleeping_duration: 537452.4578399978
tot_uptimes: 140
tot_uptimes_duration: 8355.32664000208
