comms_cons: 54.27182080027279
finished_reconf: true
global_termination_time: 545807.1279599987
local_termination_time: 545807.0868399987
node_cons: 11253.928712802543
tot_aggregated_send: 7703
tot_msg_rcv: 159
tot_msg_sent: 386
tot_reconf_duration: 21.23
tot_sleeping_duration: 537423.9327599967
tot_uptimes: 140
tot_uptimes_duration: 8383.19520000188
