comms_cons: 364.2642688169909
finished_reconf: true
global_termination_time: 3620798.329
local_termination_time: 139165.0183600005
node_cons: 74483.8222156532
tot_aggregated_send: 50576
tot_msg_rcv: 1589
tot_msg_sent: 3201
tot_reconf_duration: 6.279999999999999
tot_sleeping_duration: 3565178.2438800186
tot_uptimes: 928
tot_uptimes_duration: 55620.08511998129
