comms_cons: 1746.5411736000638
finished_reconf: true
global_termination_time: 3619165.0070799994
local_termination_time: 3619164.9659599992
node_cons: 218999.09361241228
tot_aggregated_send: 0
tot_msg_rcv: 107494
tot_msg_sent: 157968
tot_reconf_duration: 37.410000000000004
tot_sleeping_duration: 3455648.7331200144
tot_uptimes: 2680
tot_uptimes_duration: 163516.2739599851
