comms_cons: 365.8633600403437
finished_reconf: true
global_termination_time: 3621144.658
local_termination_time: 2692562.6733599994
node_cons: 74490.08266446616
tot_aggregated_send: 50170
tot_msg_rcv: 1847
tot_msg_sent: 3592
tot_reconf_duration: 10.95
tot_sleeping_duration: 3565524.6336800084
tot_uptimes: 928
tot_uptimes_duration: 55620.02431999124
