comms_cons: 245.22648319853045
finished_reconf: true
global_termination_time: 2459168.528
local_termination_time: 462653.7103600001
node_cons: 50564.69197005113
tot_aggregated_send: 34452
tot_msg_rcv: 895
tot_msg_sent: 1926
tot_reconf_duration: 22.65
tot_sleeping_duration: 2421428.473280021
tot_uptimes: 630
tot_uptimes_duration: 37740.05471997894
