comms_cons: 249.114828788258
finished_reconf: true
global_termination_time: 2461769.488
local_termination_time: 649839.799
node_cons: 50624.04787957448
tot_aggregated_send: 33927
tot_msg_rcv: 1397
tot_msg_sent: 2540
tot_reconf_duration: 4.8100000000000005
tot_sleeping_duration: 2423967.0116000185
tot_uptimes: 631
tot_uptimes_duration: 37802.47639998142
