comms_cons: 248.7292671806722
finished_reconf: true
global_termination_time: 2462133.774
local_termination_time: 920484.4144799989
node_cons: 50624.852124466706
tot_aggregated_send: 34046
tot_msg_rcv: 1437
tot_msg_sent: 2322
tot_reconf_duration: 7.819999999999999
tot_sleeping_duration: 2424333.7496800097
tot_uptimes: 631
tot_uptimes_duration: 37800.02431999054
