comms_cons: 163.03038078841422
finished_reconf: true
global_termination_time: 1653369.496
local_termination_time: 5066.726
node_cons: 34000.48532781783
tot_aggregated_send: 22607
tot_msg_rcv: 768
tot_msg_sent: 1404
tot_reconf_duration: 12.23
tot_sleeping_duration: 1627989.4534400166
tot_uptimes: 424
tot_uptimes_duration: 25380.04255998344
