comms_cons: 159.66402559113553
finished_reconf: true
global_termination_time: 1653421.831
local_termination_time: 6759.052000000001
node_cons: 33999.760183350496
tot_aggregated_send: 22956
tot_msg_rcv: 501
tot_msg_sent: 811
tot_reconf_duration: 11.719999999999999
tot_sleeping_duration: 1628041.812760007
tot_uptimes: 424
tot_uptimes_duration: 25380.018239992904
