comms_cons: 96.00396799984888
finished_reconf: true
global_termination_time: 976465.051
local_termination_time: 61538.24712000019
node_cons: 20117.86076039966
tot_aggregated_send: 12818
tot_msg_rcv: 579
tot_msg_sent: 1196
tot_reconf_duration: 15.34
tot_sleeping_duration: 961456.0674000003
tot_uptimes: 251
tot_uptimes_duration: 15008.98359999973
