comms_cons: 99.19459839309476
finished_reconf: true
global_termination_time: 976477.729
local_termination_time: 277360.29436000006
node_cons: 20091.966505602555
tot_aggregated_send: 12644
tot_msg_rcv: 756
tot_msg_sent: 1677
tot_reconf_duration: 5.1
tot_sleeping_duration: 961477.6985999981
tot_uptimes: 251
tot_uptimes_duration: 15000.03040000191
