comms_cons: 193.3804799089244
finished_reconf: true
global_termination_time: 974766.68
local_termination_time: 1968.9763600000003
node_cons: 20010.654184481155
tot_aggregated_send: 0
tot_msg_rcv: 14946
tot_msg_sent: 14446
tot_reconf_duration: 4.390000000000001
tot_sleeping_duration: 959826.6556799993
tot_uptimes: 250
tot_uptimes_duration: 14940.02432000084
