comms_cons: 93.33911040060977
finished_reconf: true
global_termination_time: 979762.198
local_termination_time: 446167.2776800007
node_cons: 20093.454901121422
tot_aggregated_send: 13572
tot_msg_rcv: 201
tot_msg_sent: 414
tot_reconf_duration: 6.22
tot_sleeping_duration: 964762.191919999
tot_uptimes: 251
tot_uptimes_duration: 15000.006080001069
