comms_cons: 104.4431743864865
finished_reconf: true
global_termination_time: 720802.7085999998
local_termination_time: 720802.6674799998
node_cons: 14987.562135498209
tot_aggregated_send: 4465
tot_msg_rcv: 5179
tot_msg_sent: 6248
tot_reconf_duration: 132.85999999999999
tot_sleeping_duration: 709744.3529200162
tot_uptimes: 185
tot_uptimes_duration: 11058.355679983622
