comms_cons: 71.6086399990751
finished_reconf: true
global_termination_time: 724043.696
local_termination_time: 7005.664
node_cons: 14868.280382240604
tot_aggregated_send: 10261
tot_msg_rcv: 157
tot_msg_sent: 466
tot_reconf_duration: 3.95
tot_sleeping_duration: 712943.6838399995
tot_uptimes: 186
tot_uptimes_duration: 11100.012160000435
