comms_cons: 135.12069117931244
finished_reconf: true
global_termination_time: 680390.574
local_termination_time: 2199.530040000001
node_cons: 14003.913603359715
tot_aggregated_send: 0
tot_msg_rcv: 10450
tot_msg_sent: 10086
tot_reconf_duration: 18.21
tot_sleeping_duration: 669950.5557600003
tot_uptimes: 175
tot_uptimes_duration: 10440.018239999772
