comms_cons: 68.14735360190606
finished_reconf: true
global_termination_time: 680661.115
local_termination_time: 430393.07880000025
node_cons: 14013.549964485726
tot_aggregated_send: 8700
tot_msg_rcv: 629
tot_msg_sent: 1029
tot_reconf_duration: 25.299999999999997
tot_sleeping_duration: 670221.0906799957
tot_uptimes: 175
tot_uptimes_duration: 10440.024320004275
