comms_cons: 68.622937598707
finished_reconf: true
global_termination_time: 681386.369
local_termination_time: 28376.661
node_cons: 13986.574645596836
tot_aggregated_send: 8814
tot_msg_rcv: 608
tot_msg_sent: 1009
tot_reconf_duration: 5.43
tot_sleeping_duration: 670946.3386000023
tot_uptimes: 175
tot_uptimes_duration: 10440.030399997624
