comms_cons: 247.7827007915723
finished_reconf: true
global_termination_time: 2545251.434
local_termination_time: 355730.6673600001
node_cons: 52307.88826223287
tot_aggregated_send: 35612
tot_msg_rcv: 655
tot_msg_sent: 1395
tot_reconf_duration: 4.8100000000000005
tot_sleeping_duration: 2506191.4218400046
tot_uptimes: 652
tot_uptimes_duration: 39060.01215999527
