comms_cons: 40.9348096006241
finished_reconf: true
global_termination_time: 404627.296
local_termination_time: 10190.691080000002
node_cons: 8295.85172000001
tot_aggregated_send: 5510
tot_msg_rcv: 261
tot_msg_sent: 450
tot_reconf_duration: 15.34
tot_sleeping_duration: 398447.296
tot_uptimes: 104
tot_uptimes_duration: 6180.0
