comms_cons: 40.01372159992639
finished_reconf: true
global_termination_time: 404389.7156000002
local_termination_time: 197884.98336000007
node_cons: 8316.170788400297
tot_aggregated_send: 5742
tot_msg_rcv: 115
tot_msg_sent: 225
tot_reconf_duration: 13.17
tot_sleeping_duration: 398192.34
tot_uptimes: 104
tot_uptimes_duration: 6197.375600000203
