comms_cons: 293.8079615802781
finished_reconf: true
global_termination_time: 2974258.74
local_termination_time: 1770857.36436
node_cons: 61173.11368223255
tot_aggregated_send: 41412
tot_msg_rcv: 1174
tot_msg_sent: 2071
tot_reconf_duration: 25.299999999999997
tot_sleeping_duration: 2928598.727840005
tot_uptimes: 762
tot_uptimes_duration: 45660.01215999527
