comms_cons: 298.3153088108612
finished_reconf: true
global_termination_time: 2974927.44
local_termination_time: 278145.4637200001
node_cons: 61153.683370055245
tot_aggregated_send: 41702
tot_msg_rcv: 1201
tot_msg_sent: 2437
tot_reconf_duration: 10.95
tot_sleeping_duration: 2929267.3852800177
tot_uptimes: 762
tot_uptimes_duration: 45660.05471998238
