comms_cons: 299.2475520116536
finished_reconf: true
global_termination_time: 2974217.703
local_termination_time: 91781.67447999997
node_cons: 61154.97347005524
tot_aggregated_send: 41296
tot_msg_rcv: 1343
tot_msg_sent: 2844
tot_reconf_duration: 11.899999999999999
tot_sleeping_duration: 2928557.6482800175
tot_uptimes: 762
tot_uptimes_duration: 45660.05471998238
