comms_cons: 117.948345596087
finished_reconf: true
global_termination_time: 1197505.081
local_termination_time: 954695.1424799998
node_cons: 24590.009761116893
tot_aggregated_send: 16936
tot_msg_rcv: 292
tot_msg_sent: 699
tot_reconf_duration: 4.390000000000001
tot_sleeping_duration: 1179145.0749200024
tot_uptimes: 307
tot_uptimes_duration: 18360.006079997635
