comms_cons: 110.36012799024819
finished_reconf: true
global_termination_time: 1088763.654
local_termination_time: 264204.92248000007
node_cons: 22342.99118335509
tot_aggregated_send: 14732
tot_msg_rcv: 651
tot_msg_sent: 1392
tot_reconf_duration: 6.22
tot_sleeping_duration: 1072083.6357600037
tot_uptimes: 279
tot_uptimes_duration: 16680.018239996338
