comms_cons: 247.37198719062744
finished_reconf: true
global_termination_time: 2479028.225
local_termination_time: 565456.2173599999
node_cons: 50939.742639999204
tot_aggregated_send: 35206
tot_msg_rcv: 876
tot_msg_sent: 1516
tot_reconf_duration: 3.08
tot_sleeping_duration: 2440988.225
tot_uptimes: 635
tot_uptimes_duration: 38040.0
