comms_cons: 246.21998079299254
finished_reconf: true
global_termination_time: 2477699.892
local_termination_time: 1847589.9883599998
node_cons: 50948.35235999916
tot_aggregated_send: 35322
tot_msg_rcv: 732
tot_msg_sent: 1370
tot_reconf_duration: 9.42
tot_sleeping_duration: 2439659.892
tot_uptimes: 635
tot_uptimes_duration: 38040.0
