comms_cons: 255.18210559531587
finished_reconf: true
global_termination_time: 2481158.053
local_termination_time: 316681.2516000001
node_cons: 51024.46887675664
tot_aggregated_send: 33234
tot_msg_rcv: 1942
tot_msg_sent: 3612
tot_reconf_duration: 6.22
tot_sleeping_duration: 2443057.961800032
tot_uptimes: 636
tot_uptimes_duration: 38100.09119996819
