comms_cons: 295.1770240293461
finished_reconf: true
global_termination_time: 2919198.009
local_termination_time: 129551.49835999997
node_cons: 60024.648406705426
tot_aggregated_send: 40368
tot_msg_rcv: 1537
tot_msg_sent: 2961
tot_reconf_duration: 7.819999999999999
tot_sleeping_duration: 2874377.97252001
tot_uptimes: 748
tot_uptimes_duration: 44820.03647998994
