comms_cons: 293.8079616086189
finished_reconf: true
global_termination_time: 2917107.908359997
local_termination_time: 111065.39671999967
node_cons: 60074.05570773631
tot_aggregated_send: 40948
tot_msg_rcv: 1297
tot_msg_sent: 2412
tot_reconf_duration: 6.22
tot_sleeping_duration: 2872249.350520014
tot_uptimes: 748
tot_uptimes_duration: 44858.55783998314
