comms_cons: 108.44384639452363
finished_reconf: true
global_termination_time: 1074270.518359998
local_termination_time: 1074270.518359998
node_cons: 22215.617930872024
tot_aggregated_send: 14950
tot_msg_rcv: 482
tot_msg_sent: 1050
tot_reconf_duration: 24.59
tot_sleeping_duration: 1057704.256440004
tot_uptimes: 276
tot_uptimes_duration: 16566.26191999401
