comms_cons: 105.82643199808328
finished_reconf: true
global_termination_time: 1074307.141
local_termination_time: 273944.38136
node_cons: 22099.461619999973
tot_aggregated_send: 15486
tot_msg_rcv: 195
tot_msg_sent: 404
tot_reconf_duration: 4.390000000000001
tot_sleeping_duration: 1057807.141
tot_uptimes: 276
tot_uptimes_duration: 16500.0
