comms_cons: 314.75613423172706
finished_reconf: true
global_termination_time: 1074271.220759998
local_termination_time: 471595.0784800001
node_cons: 44153.562820637
tot_aggregated_send: 0
tot_msg_rcv: 15996
tot_msg_sent: 31845
tot_reconf_duration: 11.31
tot_sleeping_duration: 1041307.6630000001
tot_uptimes: 543
tot_uptimes_duration: 32963.55775999807
