comms_cons: 134.36700159751706
finished_reconf: true
global_termination_time: 1377233.031
local_termination_time: 748783.1625999997
node_cons: 28295.03897999996
tot_aggregated_send: 19778
tot_msg_rcv: 245
tot_msg_sent: 400
tot_reconf_duration: 11.31
tot_sleeping_duration: 1356113.031
tot_uptimes: 353
tot_uptimes_duration: 21120.0
