comms_cons: 35.42801920049086
finished_reconf: true
global_termination_time: 354342.875
local_termination_time: 80852.08335999998
node_cons: 7255.3373211214475
tot_aggregated_send: 4756
tot_msg_rcv: 180
tot_msg_sent: 448
tot_reconf_duration: 18.21
tot_sleeping_duration: 348942.86891999893
tot_uptimes: 91
tot_uptimes_duration: 5400.006080001069
