comms_cons: 36.14017280042131
finished_reconf: true
global_termination_time: 353872.27
local_termination_time: 74314.46800000001
node_cons: 7267.033489122295
tot_aggregated_send: 4756
tot_msg_rcv: 287
tot_msg_sent: 450
tot_reconf_duration: 22.65
tot_sleeping_duration: 348468.0319199983
tot_uptimes: 91
tot_uptimes_duration: 5404.238080001698
