comms_cons: 75.27920639851556
finished_reconf: true
global_termination_time: 745383.352
local_termination_time: 430904.61348000006
node_cons: 15271.164544467349
tot_aggregated_send: 10034
tot_msg_rcv: 474
tot_msg_sent: 934
tot_reconf_duration: 4.8100000000000005
tot_sleeping_duration: 733983.3276800094
tot_uptimes: 191
tot_uptimes_duration: 11400.024319990538
