comms_cons: 75.77310719759939
finished_reconf: true
global_termination_time: 746559.751
local_termination_time: 310712.79160000006
node_cons: 15357.756783355095
tot_aggregated_send: 10208
tot_msg_rcv: 443
tot_msg_sent: 867
tot_reconf_duration: 9.42
tot_sleeping_duration: 735099.7327600037
tot_uptimes: 192
tot_uptimes_duration: 11460.018239996338
