comms_cons: 76.33250559754838
finished_reconf: true
global_termination_time: 748238.041
local_termination_time: 285770.006
node_cons: 15363.233010711454
tot_aggregated_send: 10087
tot_msg_rcv: 528
tot_msg_sent: 987
tot_reconf_duration: 12.629999999999999
tot_sleeping_duration: 736777.1885200064
tot_uptimes: 192
tot_uptimes_duration: 11460.852479993599
