comms_cons: 75.87791359816143
finished_reconf: true
global_termination_time: 747433.536
local_termination_time: 516307.58836
node_cons: 15361.108341116807
tot_aggregated_send: 10324
tot_msg_rcv: 465
tot_msg_sent: 744
tot_reconf_duration: 11.899999999999999
tot_sleeping_duration: 735973.5299200023
tot_uptimes: 192
tot_uptimes_duration: 11460.006079997635
