comms_cons: 76.16081919782921
finished_reconf: true
global_termination_time: 746995.959
local_termination_time: 334571.88868000073
node_cons: 15360.339685593377
tot_aggregated_send: 9860
tot_msg_rcv: 499
tot_msg_sent: 1217
tot_reconf_duration: 11.31
tot_sleeping_duration: 735535.928600005
tot_uptimes: 192
tot_uptimes_duration: 11460.030399995041
