comms_cons: 609.3410432676841
finished_reconf: true
global_termination_time: 6150708.24972
local_termination_time: 6150708.2086
node_cons: 126607.4924014259
tot_aggregated_send: 88772
tot_msg_rcv: 1279
tot_msg_sent: 2565
tot_reconf_duration: 37.410000000000004
tot_sleeping_duration: 6056192.424760006
tot_uptimes: 1576
tot_uptimes_duration: 94515.82495999266
