comms_cons: 591.3398656703425
finished_reconf: true
global_termination_time: 6151735.14
local_termination_time: 3554298.096959999
node_cons: 126560.91088223053
tot_aggregated_send: 84274
tot_msg_rcv: 1787
tot_msg_sent: 3818
tot_reconf_duration: 18.700000000000003
tot_sleeping_duration: 6057235.127840004
tot_uptimes: 1576
tot_uptimes_duration: 94500.01215999573
