comms_cons: 616.0331073140795
finished_reconf: true
global_termination_time: 6151699.524
local_termination_time: 1276349.8971199978
node_cons: 126539.70702893226
tot_aggregated_send: 85260
tot_msg_rcv: 3027
tot_msg_sent: 5345
tot_reconf_duration: 3.05
tot_sleeping_duration: 6057199.475360018
tot_uptimes: 1576
tot_uptimes_duration: 94500.04863998247
