comms_cons: 1.4934783999977055
finished_reconf: true
global_termination_time: 11231.426
local_termination_time: 5435.000360000001
node_cons: 171.29956000000084
tot_aggregated_send: 0
tot_msg_rcv: 118
tot_msg_sent: 109
tot_reconf_duration: 7.819999999999999
tot_sleeping_duration: 11111.426
tot_uptimes: 3
tot_uptimes_duration: 120.0
