comms_cons: 335.3195965411514
finished_reconf: true
global_termination_time: 1690144.828
local_termination_time: 1436.9793600000003
node_cons: 34731.64988558413
tot_aggregated_send: 0
tot_msg_rcv: 25912
tot_msg_sent: 25056
tot_reconf_duration: 18.21
tot_sleeping_duration: 1664224.7976000118
tot_uptimes: 433
tot_uptimes_duration: 25920.030399988173
