comms_cons: 167.52679679379685
finished_reconf: true
global_termination_time: 1683615.173
local_termination_time: 771720.6113599999
node_cons: 34643.69968111681
tot_aggregated_send: 23838
tot_msg_rcv: 476
tot_msg_sent: 1149
tot_reconf_duration: 12.629999999999999
tot_sleeping_duration: 1657755.1669200023
tot_uptimes: 432
tot_uptimes_duration: 25860.006079997635
