comms_cons: 174.25310717649475
finished_reconf: true
global_termination_time: 1686058.791
local_termination_time: 256552.854
node_cons: 34635.06003006066
tot_aggregated_send: 22265
tot_msg_rcv: 1477
tot_msg_sent: 2742
tot_reconf_duration: 6.22
tot_sleeping_duration: 1660198.7362800145
tot_uptimes: 432
tot_uptimes_duration: 25860.05471998558
