comms_cons: 171.08369278429092
finished_reconf: true
global_termination_time: 1683286.896
local_termination_time: 444162.7566000001
node_cons: 34714.30278670095
tot_aggregated_send: 22852
tot_msg_rcv: 940
tot_msg_sent: 2212
tot_reconf_duration: 5.43
tot_sleeping_duration: 1657366.8595200141
tot_uptimes: 432
tot_uptimes_duration: 25920.036479985807
