comms_cons: 2.7632639999942357
finished_reconf: true
global_termination_time: 13442.429
local_termination_time: 7177.12536
node_cons: 265.7573211200063
tot_aggregated_send: 0
tot_msg_rcv: 262
tot_msg_sent: 158
tot_reconf_duration: 18.21
tot_sleeping_duration: 13262.422919999995
tot_uptimes: 4
tot_uptimes_duration: 180.00608000000466
