comms_cons: 2.355353599992217
finished_reconf: true
global_termination_time: 13825.978
local_termination_time: 10940.34136
node_cons: 258.9048600000001
tot_aggregated_send: 0
tot_msg_rcv: 196
tot_msg_sent: 162
tot_reconf_duration: 13.17
tot_sleeping_duration: 13645.978
tot_uptimes: 4
tot_uptimes_duration: 180.0
