comms_cons: 2.7237887999952193
finished_reconf: true
global_termination_time: 15086.884
local_termination_time: 6320.955520000003
node_cons: 248.3939400000004
tot_aggregated_send: 0
tot_msg_rcv: 245
tot_msg_sent: 169
tot_reconf_duration: 5.43
tot_sleeping_duration: 14906.884
tot_uptimes: 4
tot_uptimes_duration: 180.0
