comms_cons: 35.95532800010177
finished_reconf: true
global_termination_time: 367289.42
local_termination_time: 149143.20248000007
node_cons: 7562.579559999978
tot_aggregated_send: 5394
tot_msg_rcv: 20
tot_msg_sent: 51
tot_reconf_duration: 7.819999999999999
tot_sleeping_duration: 361649.42
tot_uptimes: 95
tot_uptimes_duration: 5640.0
