comms_cons: 46.370828800486876
finished_reconf: true
global_termination_time: 472194.6011200002
local_termination_time: 80060.1
node_cons: 9677.186311920854
tot_aggregated_send: 6314
tot_msg_rcv: 213
tot_msg_sent: 522
tot_reconf_duration: 7.819999999999999
tot_sleeping_duration: 464975.3578399996
tot_uptimes: 121
tot_uptimes_duration: 7219.243280000621
