comms_cons: 273.10212482058574
finished_reconf: true
global_termination_time: 2708203.53
local_termination_time: 893813.60336
node_cons: 55706.41126446641
tot_aggregated_send: 37700
tot_msg_rcv: 1332
tot_msg_sent: 2478
tot_reconf_duration: 22.65
tot_sleeping_duration: 2666623.5056800093
tot_uptimes: 694
tot_uptimes_duration: 41580.02431999054
