comms_cons: 272.6171520116748
finished_reconf: true
global_termination_time: 2708199.522
local_termination_time: 100986.78059999994
node_cons: 55681.61418446639
tot_aggregated_send: 37584
tot_msg_rcv: 1239
tot_msg_sent: 2613
tot_reconf_duration: 4.390000000000001
tot_sleeping_duration: 2666619.4976800093
tot_uptimes: 694
tot_uptimes_duration: 41580.02431999054
