comms_cons: 265.34491519411404
finished_reconf: true
global_termination_time: 2706897.893
local_termination_time: 1119862.121
node_cons: 55693.675511756206
tot_aggregated_send: 39083
tot_msg_rcv: 430
tot_msg_sent: 818
tot_reconf_duration: 11.31
tot_sleeping_duration: 2665315.8791600023
tot_uptimes: 694
tot_uptimes_duration: 41582.01383999782
