comms_cons: 145.1568895983044
finished_reconf: true
global_termination_time: 1485440.031
local_termination_time: 381742.6498400001
node_cons: 30535.161619999988
tot_aggregated_send: 21112
tot_msg_rcv: 349
tot_msg_sent: 602
tot_reconf_duration: 4.390000000000001
tot_sleeping_duration: 1462640.031
tot_uptimes: 381
tot_uptimes_duration: 22800.0
