comms_cons: 114.7114880140616
finished_reconf: true
global_termination_time: 393401.4064800002
local_termination_time: 1632.8600400000014
node_cons: 16087.49549172028
tot_aggregated_send: 0
tot_msg_rcv: 5843
tot_msg_sent: 11591
tot_reconf_duration: 6.22
tot_sleeping_duration: 381393.15499999997
tot_uptimes: 199
tot_uptimes_duration: 12008.251480000192
