comms_cons: 66.36501760029775
finished_reconf: true
global_termination_time: 679550.121
local_termination_time: 217345.29920000065
node_cons: 14014.96244880091
tot_aggregated_send: 9570
tot_msg_rcv: 179
tot_msg_sent: 339
tot_reconf_duration: 25.299999999999997
tot_sleeping_duration: 669109.0417999994
tot_uptimes: 175
tot_uptimes_duration: 10441.079200000648
