comms_cons: 66.52291840017827
finished_reconf: true
global_termination_time: 679845.984
local_termination_time: 348963.9423600001
node_cons: 13983.310041121515
tot_aggregated_send: 9628
tot_msg_rcv: 159
tot_msg_sent: 324
tot_reconf_duration: 3.05
tot_sleeping_duration: 669405.9779199989
tot_uptimes: 175
tot_uptimes_duration: 10440.006080001069
