comms_cons: 96.04904961202077
finished_reconf: true
global_termination_time: 438583.54376000096
local_termination_time: 2085.7210400000013
node_cons: 9101.36600694574
tot_aggregated_send: 0
tot_msg_rcv: 8008
tot_msg_sent: 6583
tot_reconf_duration: 18.21
tot_sleeping_duration: 431804.8754799817
tot_uptimes: 113
tot_uptimes_duration: 6778.668280019221
