comms_cons: 722.7802618748749
finished_reconf: true
global_termination_time: 1708054.434
local_termination_time: 367886.9216400009
node_cons: 103937.24766014982
tot_aggregated_send: 0
tot_msg_rcv: 44301
tot_msg_sent: 65558
tot_reconf_duration: 18.21
tot_sleeping_duration: 1630449.8645600055
tot_uptimes: 1276
tot_uptimes_duration: 77604.56943999454
