comms_cons: 170.65849598687478
finished_reconf: true
global_termination_time: 1709325.927
local_termination_time: 455909.02088000084
node_cons: 35117.08422986351
tot_aggregated_send: 22736
tot_msg_rcv: 1035
tot_msg_sent: 2168
tot_reconf_duration: 6.22
tot_sleeping_duration: 1683105.884080012
tot_uptimes: 438
tot_uptimes_duration: 26220.042919987754
