comms_cons: 74.54711679850031
finished_reconf: true
global_termination_time: 738472.444
local_termination_time: 342486.86936000007
node_cons: 15215.03498223372
tot_aggregated_send: 9860
tot_msg_rcv: 498
tot_msg_sent: 972
tot_reconf_duration: 22.65
tot_sleeping_duration: 727132.4318400047
tot_uptimes: 190
tot_uptimes_duration: 11340.012159995269
