comms_cons: 75.66268159817461
finished_reconf: true
global_termination_time: 737093.5762399989
local_termination_time: 737093.535119999
node_cons: 15188.075566965745
tot_aggregated_send: 9556
tot_msg_rcv: 570
tot_msg_sent: 1376
tot_reconf_duration: 24.59
tot_sleeping_duration: 725775.6655999947
tot_uptimes: 189
tot_uptimes_duration: 11317.910640004266
