comms_cons: 73.8358400000143
finished_reconf: true
global_termination_time: 737560.459
local_termination_time: 397619.82236000005
node_cons: 15111.492201121464
tot_aggregated_send: 10382
tot_msg_rcv: 322
tot_msg_sent: 518
tot_reconf_duration: 5.57
tot_sleeping_duration: 726280.452919999
tot_uptimes: 189
tot_uptimes_duration: 11280.006080001069
