comms_cons: 75.56273919554553
finished_reconf: true
global_termination_time: 740727.263
local_termination_time: 397700.07308000023
node_cons: 15188.41818223375
tot_aggregated_send: 9976
tot_msg_rcv: 521
tot_msg_sent: 988
tot_reconf_duration: 3.05
tot_sleeping_duration: 729387.2508400048
tot_uptimes: 190
tot_uptimes_duration: 11340.012159995269
