comms_cons: 76.31276799968107
finished_reconf: true
global_termination_time: 737224.953
local_termination_time: 289259.43236000004
node_cons: 15112.431888966821
tot_aggregated_send: 9512
tot_msg_rcv: 687
tot_msg_sent: 1400
tot_reconf_duration: 6.22
tot_sleeping_duration: 725944.9043599948
tot_uptimes: 189
tot_uptimes_duration: 11280.048640005109
