comms_cons: 91.57651199803307
finished_reconf: true
global_termination_time: 929986.915
local_termination_time: 112229.514
node_cons: 19146.562811759206
tot_aggregated_send: 13333
tot_msg_rcv: 186
tot_msg_sent: 401
tot_reconf_duration: 13.17
tot_sleeping_duration: 915701.1211600006
tot_uptimes: 239
tot_uptimes_duration: 14285.793839999387
