comms_cons: 92.99041279911566
finished_reconf: true
global_termination_time: 928086.601
local_termination_time: 198363.4754000008
node_cons: 19044.72190000001
tot_aggregated_send: 13108
tot_msg_rcv: 390
tot_msg_sent: 636
tot_reconf_duration: 3.05
tot_sleeping_duration: 913866.601
tot_uptimes: 238
tot_uptimes_duration: 14220.0
