comms_cons: 161.262771193533
finished_reconf: true
global_termination_time: 1621141.48224
local_termination_time: 11788.54548
node_cons: 33384.89718271516
tot_aggregated_send: 23026
tot_msg_rcv: 506
tot_msg_sent: 978
tot_reconf_duration: 18.21
tot_sleeping_duration: 1596227.2417600036
tot_uptimes: 416
tot_uptimes_duration: 24914.24047999637
