comms_cons: 250.95927023843348
finished_reconf: true
global_termination_time: 1273641.818
local_termination_time: 2655.06548
node_cons: 26221.606841116874
tot_aggregated_send: 0
tot_msg_rcv: 19247
tot_msg_sent: 18898
tot_reconf_duration: 22.65
tot_sleeping_duration: 1254081.8119200023
tot_uptimes: 327
tot_uptimes_duration: 19560.006079997635
