comms_cons: 124.17049599785834
finished_reconf: true
global_termination_time: 1272624.152
local_termination_time: 370108.6635600002
node_cons: 26118.954901116835
tot_aggregated_send: 17980
tot_msg_rcv: 254
tot_msg_sent: 640
tot_reconf_duration: 6.22
tot_sleeping_duration: 1253124.1459200024
tot_uptimes: 326
tot_uptimes_duration: 19500.006079997635
