comms_cons: 123.59089919614216
finished_reconf: true
global_termination_time: 1255627.698
local_termination_time: 1112364.7293599998
node_cons: 25819.89869999991
tot_aggregated_send: 18038
tot_msg_rcv: 300
tot_msg_sent: 447
tot_reconf_duration: 22.65
tot_sleeping_duration: 1236367.698
tot_uptimes: 322
tot_uptimes_duration: 19260.0
