comms_cons: 124.26135039751196
finished_reconf: true
global_termination_time: 1256252.731
local_termination_time: 133012.3828400006
node_cons: 25823.497400000066
tot_aggregated_send: 17806
tot_msg_rcv: 334
tot_msg_sent: 747
tot_reconf_duration: 25.299999999999997
tot_sleeping_duration: 1236992.731
tot_uptimes: 322
tot_uptimes_duration: 19260.0
