comms_cons: 123.16798719796755
finished_reconf: true
global_termination_time: 1253714.25048
local_termination_time: 1253714.20936
node_cons: 25858.31750207953
tot_aggregated_send: 18186
tot_msg_rcv: 118
tot_msg_sent: 416
tot_reconf_duration: 37.41
tot_sleeping_duration: 1234440.5277600004
tot_uptimes: 322
tot_uptimes_duration: 19273.722719999612
