comms_cons: 123.16920319672354
finished_reconf: true
global_termination_time: 1254829.064
local_termination_time: 424128.0677200005
node_cons: 25814.534599999977
tot_aggregated_send: 18096
tot_msg_rcv: 234
tot_msg_sent: 391
tot_reconf_duration: 18.700000000000003
tot_sleeping_duration: 1235569.064
tot_uptimes: 322
tot_uptimes_duration: 19260.0
