comms_cons: 122.91261439799288
finished_reconf: true
global_termination_time: 1256545.398
local_termination_time: 631610.5031999986
node_cons: 25808.69520000007
tot_aggregated_send: 18328
tot_msg_rcv: 133
tot_msg_sent: 221
tot_reconf_duration: 14.4
tot_sleeping_duration: 1237285.398
tot_uptimes: 322
tot_uptimes_duration: 19260.0
