comms_cons: 123.24878079918643
finished_reconf: true
global_termination_time: 1254495.145
local_termination_time: 197491.44736000005
node_cons: 25802.225681121476
tot_aggregated_send: 18038
tot_msg_rcv: 165
tot_msg_sent: 530
tot_reconf_duration: 9.629999999999999
tot_sleeping_duration: 1235235.138919999
tot_uptimes: 322
tot_uptimes_duration: 19260.00608000107
