comms_cons: 126.06481919427321
finished_reconf: true
global_termination_time: 1257088.672
local_termination_time: 302165.1723600001
node_cons: 25799.75956000005
tot_aggregated_send: 17690
tot_msg_rcv: 549
tot_msg_sent: 921
tot_reconf_duration: 7.819999999999999
tot_sleeping_duration: 1237828.672
tot_uptimes: 322
tot_uptimes_duration: 19260.0
