comms_cons: 776.8351169227985
finished_reconf: true
global_termination_time: 7910945.216
local_termination_time: 4251894.1963599995
node_cons: 162706.41742446256
tot_aggregated_send: 109620
tot_msg_rcv: 2773
tot_msg_sent: 5681
tot_reconf_duration: 13.17
tot_sleeping_duration: 7789445.1916800095
tot_uptimes: 2026
tot_uptimes_duration: 121500.02431999124
