comms_cons: 793.8111810101342
finished_reconf: true
global_termination_time: 7914933.085
local_termination_time: 634380.8011599983
node_cons: 162773.07145228214
tot_aggregated_send: 109852
tot_msg_rcv: 3596
tot_msg_sent: 7206
tot_reconf_duration: 3.05
tot_sleeping_duration: 7793373.018120024
tot_uptimes: 2027
tot_uptimes_duration: 121560.06687997584
