comms_cons: 789.2335297784535
finished_reconf: true
global_termination_time: 7910589.07
local_termination_time: 1131207.6451999985
node_cons: 162695.95535116515
tot_aggregated_send: 109504
tot_msg_rcv: 3369
tot_msg_sent: 7085
tot_reconf_duration: 5.43
tot_sleeping_duration: 7789089.009200022
tot_uptimes: 2026
tot_uptimes_duration: 121500.06079997821
