comms_cons: 36.93562880019306
finished_reconf: true
global_termination_time: 366635.156
local_termination_time: 156616.42412000048
node_cons: 7484.007662242891
tot_aggregated_send: 4988
tot_msg_rcv: 226
tot_msg_sent: 400
tot_reconf_duration: 9.11
tot_sleeping_duration: 361055.1438399979
tot_uptimes: 94
tot_uptimes_duration: 5580.0121600021375
