comms_cons: 37.64085760047009
finished_reconf: true
global_termination_time: 367224.059
local_termination_time: 180534.0830400003
node_cons: 7556.118182242854
tot_aggregated_send: 4930
tot_msg_rcv: 324
tot_msg_sent: 468
tot_reconf_duration: 3.05
tot_sleeping_duration: 361584.04683999787
tot_uptimes: 95
tot_uptimes_duration: 5640.0121600021375
