comms_cons: 281.9425664167246
finished_reconf: true
global_termination_time: 2809491.241
local_termination_time: 2553110.9988399986
node_cons: 57861.95968111565
tot_aggregated_send: 39324
tot_msg_rcv: 1103
tot_msg_sent: 2426
tot_reconf_duration: 12.629999999999999
tot_sleeping_duration: 2766291.2349200025
tot_uptimes: 720
tot_uptimes_duration: 43200.006079997635
