comms_cons: 282.25223681342516
finished_reconf: true
global_termination_time: 2809874.873
local_termination_time: 2351557.51336
node_cons: 57870.21902335036
tot_aggregated_send: 39498
tot_msg_rcv: 1152
tot_msg_sent: 2250
tot_reconf_duration: 18.700000000000003
tot_sleeping_duration: 2766674.854760007
tot_uptimes: 720
tot_uptimes_duration: 43200.01823999337
