comms_cons: 2.513254399993806
finished_reconf: true
global_termination_time: 16256.658
local_termination_time: 9640.147359999999
node_cons: 327.32161999999926
tot_aggregated_send: 0
tot_msg_rcv: 210
tot_msg_sent: 172
tot_reconf_duration: 4.390000000000001
tot_sleeping_duration: 16016.658
tot_uptimes: 5
tot_uptimes_duration: 240.0
