comms_cons: 27.02202880010954
finished_reconf: true
global_termination_time: 268163.218
local_termination_time: 176890.71336000008
node_cons: 5483.663803362038
tot_aggregated_send: 3654
tot_msg_rcv: 173
tot_msg_sent: 281
tot_reconf_duration: 15.110000000000001
tot_sleeping_duration: 264083.1997599985
tot_uptimes: 69
tot_uptimes_duration: 4080.0182400015037
