comms_cons: 552.6787137373425
finished_reconf: true
global_termination_time: 5465566.09823999
local_termination_time: 328286.5944800001
node_cons: 112482.79065052149
tot_aggregated_send: 75806
tot_msg_rcv: 2873
tot_msg_sent: 5325
tot_reconf_duration: 18.21
tot_sleeping_duration: 5381579.495200016
tot_uptimes: 1400
tot_uptimes_duration: 83986.60303997376
