comms_cons: 1.4211071999953055
finished_reconf: true
global_termination_time: 13260.016
local_termination_time: 5888.10936
node_cons: 275.37740000000025
tot_aggregated_send: 0
tot_msg_rcv: 121
tot_msg_sent: 95
tot_reconf_duration: 25.299999999999997
tot_sleeping_duration: 13080.016
tot_uptimes: 4
tot_uptimes_duration: 180.0
