comms_cons: 1.888230399993761
finished_reconf: true
global_termination_time: 14466.131
local_termination_time: 5779.47836
node_cons: 245.20263999999992
tot_aggregated_send: 0
tot_msg_rcv: 168
tot_msg_sent: 119
tot_reconf_duration: 3.08
tot_sleeping_duration: 14286.131
tot_uptimes: 4
tot_uptimes_duration: 180.0
