comms_cons: 1.7566463999998736
finished_reconf: true
global_termination_time: 13835.033
local_termination_time: 4891.28536
node_cons: 255.89009999999976
tot_aggregated_send: 0
tot_msg_rcv: 159
tot_msg_sent: 108
tot_reconf_duration: 10.95
tot_sleeping_duration: 13655.033
tot_uptimes: 4
tot_uptimes_duration: 180.0
