comms_cons: 1.486899199995088
finished_reconf: true
global_termination_time: 12300.686
local_termination_time: 7083.353360000001
node_cons: 257.18019999999956
tot_aggregated_send: 0
tot_msg_rcv: 119
tot_msg_sent: 107
tot_reconf_duration: 11.899999999999999
tot_sleeping_duration: 12120.686000000002
tot_uptimes: 4
tot_uptimes_duration: 179.9999999999991
