comms_cons: 1.8553343999938698
finished_reconf: true
global_termination_time: 11318.557
local_termination_time: 7248.72136
node_cons: 164.82189999999903
tot_aggregated_send: 0
tot_msg_rcv: 168
tot_msg_sent: 114
tot_reconf_duration: 3.05
tot_sleeping_duration: 11198.557
tot_uptimes: 3
tot_uptimes_duration: 120.0
