comms_cons: 192.35669759401483
finished_reconf: true
global_termination_time: 1947704.634
local_termination_time: 1167821.29436
node_cons: 40016.89220111666
tot_aggregated_send: 28072
tot_msg_rcv: 375
tot_msg_sent: 790
tot_reconf_duration: 5.57
tot_sleeping_duration: 1917824.6279200024
tot_uptimes: 499
tot_uptimes_duration: 29880.006079997635
