comms_cons: 195.14032638430493
finished_reconf: true
global_termination_time: 1945884.401
local_termination_time: 1053038.592
node_cons: 40021.01718718429
tot_aggregated_send: 26444
tot_msg_rcv: 1095
tot_msg_sent: 2122
tot_reconf_duration: 7.819999999999999
tot_sleeping_duration: 1916003.5962000117
tot_uptimes: 499
tot_uptimes_duration: 29880.8047999884
