comms_cons: 192.79092479353903
finished_reconf: true
global_termination_time: 1945868.747
local_termination_time: 654441.3353599998
node_cons: 40016.70208111648
tot_aggregated_send: 28072
tot_msg_rcv: 424
tot_msg_sent: 807
tot_reconf_duration: 5.43
tot_sleeping_duration: 1915988.7409200023
tot_uptimes: 499
tot_uptimes_duration: 29880.006079997635
