comms_cons: 655.8228737203704
finished_reconf: true
global_termination_time: 6629959.666
local_termination_time: 3542049.45636
node_cons: 136341.21148669822
tot_aggregated_send: 92104
tot_msg_rcv: 2530
tot_msg_sent: 5046
tot_reconf_duration: 3.08
tot_sleeping_duration: 6528139.629520013
tot_uptimes: 1698
tot_uptimes_duration: 101820.03647998697
