comms_cons: 500.34872280762306
finished_reconf: true
global_termination_time: 1723331.3005999997
local_termination_time: 1723331.2594799998
node_cons: 70014.93019339872
tot_aggregated_send: 0
tot_msg_rcv: 25568
tot_msg_sent: 50481
tot_reconf_duration: 24.59
tot_sleeping_duration: 1671067.2699999996
tot_uptimes: 861
tot_uptimes_duration: 52264.03060000014
