comms_cons: 167.638015994449
finished_reconf: true
global_termination_time: 1725677.765
local_termination_time: 634380.8011599983
node_cons: 35434.0819
tot_aggregated_send: 24012
tot_msg_rcv: 479
tot_msg_sent: 989
tot_reconf_duration: 3.05
tot_sleeping_duration: 1699217.765
tot_uptimes: 442
tot_uptimes_duration: 26460.0
