comms_cons: 166.1320063981592
finished_reconf: true
global_termination_time: 1723391.823
local_termination_time: 772791.52036
node_cons: 35438.39490111689
tot_aggregated_send: 24186
tot_msg_rcv: 411
tot_msg_sent: 654
tot_reconf_duration: 6.22
tot_sleeping_duration: 1696931.8169200025
tot_uptimes: 442
tot_uptimes_duration: 26460.006079997635
