comms_cons: 55.33107200023636
finished_reconf: true
global_termination_time: 549428.981
local_termination_time: 235864.94668000026
node_cons: 11265.493001121464
tot_aggregated_send: 7540
tot_msg_rcv: 301
tot_msg_sent: 569
tot_reconf_duration: 13.17
tot_sleeping_duration: 541028.974919999
tot_uptimes: 141
tot_uptimes_duration: 8400.006080001069
