comms_cons: 57.358092800241835
finished_reconf: true
global_termination_time: 547098.1219599998
local_termination_time: 52588.499600000025
node_cons: 11280.615131923198
tot_aggregated_send: 7134
tot_msg_rcv: 583
tot_msg_sent: 1001
tot_reconf_duration: 3.05
tot_sleeping_duration: 538676.5586799973
tot_uptimes: 141
tot_uptimes_duration: 8421.563280002374
