comms_cons: 479.13253123307777
finished_reconf: true
global_termination_time: 556210.1276399991
local_termination_time: 556210.0865199992
node_cons: 55155.919388380236
tot_aggregated_send: 0
tot_msg_rcv: 33049
tot_msg_sent: 39775
tot_reconf_duration: 37.410000000000004
tot_sleeping_duration: 515056.19439998345
tot_uptimes: 658
tot_uptimes_duration: 41153.9332400157
