comms_cons: 304.3323648422546
finished_reconf: true
global_termination_time: 3000118.834
local_termination_time: 2149547.5166399996
node_cons: 61708.70848335033
tot_aggregated_send: 41122
tot_msg_rcv: 1711
tot_msg_sent: 3423
tot_reconf_duration: 5.57
tot_sleeping_duration: 2954038.8157600067
tot_uptimes: 769
tot_uptimes_duration: 46080.01823999337
