comms_cons: 297.531039998318
finished_reconf: true
global_termination_time: 3002553.879
local_termination_time: 2182352.5753599997
node_cons: 61735.50182334936
tot_aggregated_send: 42050
tot_msg_rcv: 984
tot_msg_sent: 2188
tot_reconf_duration: 25.299999999999997
tot_sleeping_duration: 2956473.860760007
tot_uptimes: 769
tot_uptimes_duration: 46080.01823999314
