comms_cons: 296.96926080607784
finished_reconf: true
global_termination_time: 3004762.138
local_termination_time: 2168484.37036
node_cons: 61802.01194446721
tot_aggregated_send: 42050
tot_msg_rcv: 908
tot_msg_sent: 2179
tot_reconf_duration: 15.110000000000001
tot_sleeping_duration: 2958622.113680009
tot_uptimes: 770
tot_uptimes_duration: 46140.024319991004
