comms_cons: 298.17557760049516
finished_reconf: true
global_termination_time: 2999406.6099999994
local_termination_time: 138608.10336000007
node_cons: 61729.284508942386
tot_aggregated_send: 42282
tot_msg_rcv: 994
tot_msg_sent: 2044
tot_reconf_duration: 18.700000000000003
tot_sleeping_duration: 2953324.5413600113
tot_uptimes: 769
tot_uptimes_duration: 46082.06863998773
