comms_cons: 590.452992436542
finished_reconf: true
global_termination_time: 2999406.5365999974
local_termination_time: 1140.6294800000023
node_cons: 61737.90647734462
tot_aggregated_send: 0
tot_msg_rcv: 45190
tot_msg_sent: 44552
tot_reconf_duration: 11.899999999999999
tot_sleeping_duration: 2953311.132360008
tot_uptimes: 769
tot_uptimes_duration: 46095.40423998941
