comms_cons: 303.0866176426656
finished_reconf: true
global_termination_time: 3001096.6
local_termination_time: 1248639.9263599997
node_cons: 61705.294464466504
tot_aggregated_send: 41934
tot_msg_rcv: 1518
tot_msg_sent: 2616
tot_reconf_duration: 3.05
tot_sleeping_duration: 2955016.575680009
tot_uptimes: 769
tot_uptimes_duration: 46080.024319991004
