comms_cons: 303.4214272239212
finished_reconf: true
global_termination_time: 3002421.203
local_termination_time: 1654676.729
node_cons: 61712.664027660474
tot_aggregated_send: 41351
tot_msg_rcv: 1571
tot_msg_sent: 3198
tot_reconf_duration: 6.22
tot_sleeping_duration: 2956338.889880014
tot_uptimes: 769
tot_uptimes_duration: 46082.31311998633
