comms_cons: 34.32494080089596
finished_reconf: true
global_termination_time: 322558.01800000045
local_termination_time: 322557.97688000044
node_cons: 6669.220667605506
tot_aggregated_send: 3756
tot_msg_rcv: 435
tot_msg_sent: 1026
tot_reconf_duration: 24.59
tot_sleeping_duration: 317602.20959999633
tot_uptimes: 83
tot_uptimes_duration: 4955.808400004098
