comms_cons: 33.35717120071369
finished_reconf: true
global_termination_time: 321324.3744800002
local_termination_time: 199599.79840000035
node_cons: 6614.440203205943
tot_aggregated_send: 4176
tot_msg_rcv: 310
tot_msg_sent: 585
tot_reconf_duration: 5.43
tot_sleeping_duration: 316390.04567999573
tot_uptimes: 83
tot_uptimes_duration: 4934.328800004441
