comms_cons: 25.3299200003198
finished_reconf: true
global_termination_time: 248670.646
local_termination_time: 103028.02275999948
node_cons: 5072.055842242875
tot_aggregated_send: 3190
tot_msg_rcv: 201
tot_msg_sent: 459
tot_reconf_duration: 7.819999999999999
tot_sleeping_duration: 244890.63383999787
tot_uptimes: 64
tot_uptimes_duration: 3780.0121600021375
