comms_cons: 25.053593599826797
finished_reconf: true
global_termination_time: 246459.074
local_termination_time: 103022.44583999993
node_cons: 5069.874901119158
tot_aggregated_send: 3364
tot_msg_rcv: 157
tot_msg_sent: 287
tot_reconf_duration: 6.22
tot_sleeping_duration: 242679.0679200006
tot_uptimes: 64
tot_uptimes_duration: 3780.006079999366
