comms_cons: 1021.9293197123541
finished_reconf: true
global_termination_time: 3507899.073
local_termination_time: 2366114.02648
node_cons: 143039.81367799564
tot_aggregated_send: 0
tot_msg_rcv: 52128
tot_msg_sent: 103200
tot_reconf_duration: 18.21
tot_sleeping_duration: 3401091.6909999996
tot_uptimes: 1763
tot_uptimes_duration: 106807.3820000002
