comms_cons: 356.67221767510034
finished_reconf: true
global_termination_time: 3513162.676
local_termination_time: 794347.4123599998
node_cons: 72238.08836781741
tot_aggregated_send: 48140
tot_msg_rcv: 2069
tot_msg_sent: 4003
tot_reconf_duration: 9.11
tot_sleeping_duration: 3459222.6334400154
tot_uptimes: 900
tot_uptimes_duration: 53940.04255998437
