comms_cons: 354.1526080429422
finished_reconf: true
global_termination_time: 3510235.449
local_termination_time: 1774041.942239998
node_cons: 72159.31491117484
tot_aggregated_send: 48836
tot_msg_rcv: 1739
tot_msg_sent: 3253
tot_reconf_duration: 7.819999999999999
tot_sleeping_duration: 3456352.9282000177
tot_uptimes: 899
tot_uptimes_duration: 53882.52079998236
