comms_cons: 220.45583357933447
finished_reconf: true
global_termination_time: 2182342.586
local_termination_time: 552606.4663599998
node_cons: 44860.56011116789
tot_aggregated_send: 29580
tot_msg_rcv: 1322
tot_msg_sent: 2606
tot_reconf_duration: 22.65
tot_sleeping_duration: 2148862.525200024
tot_uptimes: 559
tot_uptimes_duration: 33480.060799976345
