comms_cons: 217.84558718928497
finished_reconf: true
global_termination_time: 2180644.6835999987
local_termination_time: 2180644.6424799985
node_cons: 44918.081633752714
tot_aggregated_send: 31074
tot_msg_rcv: 726
tot_msg_sent: 1311
tot_reconf_duration: 24.59
tot_sleeping_duration: 2147123.6317600035
tot_uptimes: 559
tot_uptimes_duration: 33521.05183999514
