comms_cons: 225.24833277228964
finished_reconf: true
global_termination_time: 2182411.9
local_termination_time: 1404597.8581199981
node_cons: 44842.29117926115
tot_aggregated_send: 28826
tot_msg_rcv: 1865
tot_msg_sent: 3544
tot_reconf_duration: 7.819999999999999
tot_sleeping_duration: 2148930.4424800137
tot_uptimes: 559
tot_uptimes_duration: 33481.4575199862
