comms_cons: 266.4025471928438
finished_reconf: true
global_termination_time: 2809671.309
local_termination_time: 5071.996999999999
node_cons: 57879.24158223264
tot_aggregated_send: 39125
tot_msg_rcv: 464
tot_msg_sent: 902
tot_reconf_duration: 25.35
tot_sleeping_duration: 2766471.2968400046
tot_uptimes: 720
tot_uptimes_duration: 43200.01215999527
