comms_cons: 272.7604736131555
finished_reconf: true
global_termination_time: 2810655.42
local_termination_time: 4315.795
node_cons: 57859.15132334946
tot_aggregated_send: 39322
tot_msg_rcv: 794
tot_msg_sent: 1342
tot_reconf_duration: 10.55
tot_sleeping_duration: 2767455.4017600073
tot_uptimes: 720
tot_uptimes_duration: 43200.0182399929
