comms_cons: 2.2967679999917023
finished_reconf: true
global_termination_time: 15648.325
local_termination_time: 6013.214360000001
node_cons: 329.8882400000009
tot_aggregated_send: 0
tot_msg_rcv: 178
tot_msg_sent: 171
tot_reconf_duration: 6.279999999999999
tot_sleeping_duration: 15408.325
tot_uptimes: 5
tot_uptimes_duration: 240.0
