comms_cons: 417.8594880709219
finished_reconf: true
global_termination_time: 4154112.241
local_termination_time: 13194.07348
node_cons: 85410.02965117969
tot_aggregated_send: 58000
tot_msg_rcv: 1851
tot_msg_sent: 3662
tot_reconf_duration: 6.279999999999999
tot_sleeping_duration: 4090332.180200014
tot_uptimes: 1064
tot_uptimes_duration: 63780.060799986495
