comms_cons: 422.7530752851451
finished_reconf: true
global_termination_time: 4155279.877
local_termination_time: 877909.0905999998
node_cons: 85496.66266446565
tot_aggregated_send: 56898
tot_msg_rcv: 2546
tot_msg_sent: 4812
tot_reconf_duration: 10.95
tot_sleeping_duration: 4091439.852680009
tot_uptimes: 1065
tot_uptimes_duration: 63840.024319991004
