comms_cons: 419.23779205768307
finished_reconf: true
global_termination_time: 4153148.28
local_termination_time: 1389747.2264799997
node_cons: 85405.61888781628
tot_aggregated_send: 57304
tot_msg_rcv: 2059
tot_msg_sent: 4358
tot_reconf_duration: 3.05
tot_sleeping_duration: 4089368.2374400157
tot_uptimes: 1064
tot_uptimes_duration: 63780.04255998414
