comms_cons: 421.44514567850064
finished_reconf: true
global_termination_time: 4153590.291
local_termination_time: 13257.066840000001
node_cons: 85422.3494134191
tot_aggregated_send: 57188
tot_msg_rcv: 2404
tot_msg_sent: 4465
tot_reconf_duration: 15.34
tot_sleeping_duration: 4089810.218040014
tot_uptimes: 1064
tot_uptimes_duration: 63780.07295998605
