comms_cons: 2.3372159999965376
finished_reconf: true
global_termination_time: 14182.16
local_termination_time: 4307.784360000001
node_cons: 271.786841120007
tot_aggregated_send: 0
tot_msg_rcv: 201
tot_msg_sent: 154
tot_reconf_duration: 22.65
tot_sleeping_duration: 14002.153919999995
tot_uptimes: 4
tot_uptimes_duration: 180.00608000000466
