comms_cons: 3.000115199990085
finished_reconf: true
global_termination_time: 12789.253
local_termination_time: 10347.840360000002
node_cons: 247.55198000000178
tot_aggregated_send: 0
tot_msg_rcv: 285
tot_msg_sent: 171
tot_reconf_duration: 4.8100000000000005
tot_sleeping_duration: 12609.253
tot_uptimes: 4
tot_uptimes_duration: 180.0
