comms_cons: 86.53684480059941
finished_reconf: true
global_termination_time: 859845.8904799998
local_termination_time: 859845.8493599999
node_cons: 17755.828424963904
tot_aggregated_send: 11889
tot_msg_rcv: 412
tot_msg_sent: 851
tot_reconf_duration: 40.98
tot_sleeping_duration: 846626.9378399969
tot_uptimes: 221
tot_uptimes_duration: 13218.952640002884
