comms_cons: 82.02946559842177
finished_reconf: true
global_termination_time: 863909.331
local_termination_time: 5126.589
node_cons: 17771.072042238287
tot_aggregated_send: 11762
tot_msg_rcv: 183
tot_msg_sent: 523
tot_reconf_duration: 11.719999999999999
tot_sleeping_duration: 850649.3188400014
tot_uptimes: 222
tot_uptimes_duration: 13260.012159998703
