comms_cons: 49.11891199987309
finished_reconf: true
global_termination_time: 13269.308240000002
local_termination_time: 1112.3564800000024
node_cons: 5920.655542560074
tot_aggregated_send: 0
tot_msg_rcv: 3938
tot_msg_sent: 3527
tot_reconf_duration: 18.21
tot_sleeping_duration: 8866.077199999949
tot_uptimes: 58
tot_uptimes_duration: 4403.231040000052
