comms_cons: 13.18722559967591
finished_reconf: true
global_termination_time: 105723.633
local_termination_time: 4578.114
node_cons: 2174.6092289566295
tot_aggregated_send: 575
tot_msg_rcv: 550
tot_msg_sent: 882
tot_reconf_duration: 3.95
tot_sleeping_duration: 104103.58436000251
tot_uptimes: 28
tot_uptimes_duration: 1620.0486399974834
