comms_cons: 10.213427199927324
finished_reconf: true
global_termination_time: 103151.804
local_termination_time: 21.956120000000002
node_cons: 2099.092899999999
tot_aggregated_send: 580
tot_msg_rcv: 546
tot_msg_sent: 429
tot_reconf_duration: 7.55
tot_sleeping_duration: 101591.804
tot_uptimes: 27
tot_uptimes_duration: 1560.0
