comms_cons: 247.78759679717524
finished_reconf: true
global_termination_time: 2469755.67
local_termination_time: 828325.0593599998
node_cons: 50780.87418446662
tot_aggregated_send: 34104
tot_msg_rcv: 1004
tot_msg_sent: 2554
tot_reconf_duration: 4.390000000000001
tot_sleeping_duration: 2431835.6456800094
tot_uptimes: 633
tot_uptimes_duration: 37920.02431999054
