comms_cons: 248.94306558550292
finished_reconf: true
global_termination_time: 2473282.181
local_termination_time: 128104.42867999987
node_cons: 50870.603403349756
tot_aggregated_send: 34568
tot_msg_rcv: 1240
tot_msg_sent: 2030
tot_reconf_duration: 11.31
tot_sleeping_duration: 2435302.162760007
tot_uptimes: 634
tot_uptimes_duration: 37980.01823999289
