comms_cons: 247.73724799213352
finished_reconf: true
global_termination_time: 2469395.295
local_termination_time: 740612.4963599998
node_cons: 50782.27836334967
tot_aggregated_send: 34510
tot_msg_rcv: 1104
tot_msg_sent: 2042
tot_reconf_duration: 5.43
tot_sleeping_duration: 2431475.2767600073
tot_uptimes: 633
tot_uptimes_duration: 37920.0182399929
