comms_cons: 55.99619840157074
finished_reconf: true
global_termination_time: 542190.097
local_termination_time: 328517.4801200009
node_cons: 11095.472663364266
tot_aggregated_send: 7076
tot_msg_rcv: 508
tot_msg_sent: 928
tot_reconf_duration: 6.279999999999999
tot_sleeping_duration: 533910.0787599967
tot_uptimes: 139
tot_uptimes_duration: 8280.018240003206
