comms_cons: 1.1250431999962844
finished_reconf: true
global_termination_time: 5339.65
local_termination_time: 3128.6183600000004
node_cons: 97.49154000000014
tot_aggregated_send: 0
tot_msg_rcv: 118
tot_msg_sent: 50
tot_reconf_duration: 12.629999999999999
tot_sleeping_duration: 5279.65
tot_uptimes: 2
tot_uptimes_duration: 60.0
