comms_cons: 13.162790400037938
finished_reconf: true
global_termination_time: 91402.019
local_termination_time: 59124.45776000008
node_cons: 1868.6924255988888
tot_aggregated_send: 464
tot_msg_rcv: 667
tot_msg_sent: 870
tot_reconf_duration: 15.34
tot_sleeping_duration: 90021.98860000083
tot_uptimes: 24
tot_uptimes_duration: 1380.0303999991738
