comms_cons: 12.850009600038634
finished_reconf: true
global_termination_time: 92298.688
local_termination_time: 32817.301
node_cons: 1874.5577088006125
tot_aggregated_send: 575
tot_msg_rcv: 617
tot_msg_sent: 762
tot_reconf_duration: 12.629999999999999
tot_sleeping_duration: 90911.52879999955
tot_uptimes: 24
tot_uptimes_duration: 1387.1592000004566
