comms_cons: 12.181996799757378
finished_reconf: true
global_termination_time: 89940.41323999992
local_termination_time: 34145.91236000001
node_cons: 1883.0400615993306
tot_aggregated_send: 464
tot_msg_rcv: 551
tot_msg_sent: 835
tot_reconf_duration: 11.899999999999999
tot_sleeping_duration: 88546.17884000042
tot_uptimes: 24
tot_uptimes_duration: 1394.2343999994991
