comms_cons: 10.926086399780168
finished_reconf: true
global_termination_time: 90764.983
local_termination_time: 55833.45036000001
node_cons: 1858.4639833574531
tot_aggregated_send: 870
tot_msg_rcv: 328
tot_msg_sent: 464
tot_reconf_duration: 7.819999999999999
tot_sleeping_duration: 89384.9647600019
tot_uptimes: 24
tot_uptimes_duration: 1380.0182399980986
