comms_cons: 11.060262399987634
finished_reconf: true
global_termination_time: 90087.36
local_termination_time: 13267.6468
node_cons: 1856.2993244805982
tot_aggregated_send: 580
tot_msg_rcv: 404
tot_msg_sent: 697
tot_reconf_duration: 6.22
tot_sleeping_duration: 88707.33567999955
tot_uptimes: 24
tot_uptimes_duration: 1380.024320000448
