comms_cons: 701.5663105259852
finished_reconf: true
global_termination_time: 7077541.398
local_termination_time: 4164928.338679999
node_cons: 145588.50022669786
tot_aggregated_send: 97962
tot_msg_rcv: 2753
tot_msg_sent: 5919
tot_reconf_duration: 9.11
tot_sleeping_duration: 6968821.361520013
tot_uptimes: 1813
tot_uptimes_duration: 108720.0364799872
