comms_cons: 690.3751936958113
finished_reconf: true
global_termination_time: 7077297.462
local_termination_time: 4630978.2999599995
node_cons: 145590.9663822297
tot_aggregated_send: 99296
tot_msg_rcv: 1855
tot_msg_sent: 3782
tot_reconf_duration: 10.95
tot_sleeping_duration: 6968577.449840005
tot_uptimes: 1813
tot_uptimes_duration: 108720.01215999573
