comms_cons: 689.3488384488513
finished_reconf: true
global_termination_time: 7078648.105
local_termination_time: 4790609.899799998
node_cons: 145592.2401999944
tot_aggregated_send: 102080
tot_msg_rcv: 855
tot_msg_sent: 1842
tot_reconf_duration: 11.899999999999999
tot_sleeping_duration: 6969928.105
tot_uptimes: 1813
tot_uptimes_duration: 108720.0
