comms_cons: 706.8564481840901
finished_reconf: true
global_termination_time: 7079116.35
local_termination_time: 955030.5831599993
node_cons: 145580.30331116542
tot_aggregated_send: 98716
tot_msg_rcv: 2733
tot_msg_sent: 5987
tot_reconf_duration: 3.05
tot_sleeping_duration: 6970396.289200022
tot_uptimes: 1813
tot_uptimes_duration: 108720.06079997774
