comms_cons: 205.2125054935862
finished_reconf: true
global_termination_time: 1041119.854
local_termination_time: 2114.71536
node_cons: 21395.201744474278
tot_aggregated_send: 0
tot_msg_rcv: 15761
tot_msg_sent: 15429
tot_reconf_duration: 18.21
tot_sleeping_duration: 1025159.8296800044
tot_uptimes: 267
tot_uptimes_duration: 15960.024319995704
