comms_cons: 103.43063039659216
finished_reconf: true
global_termination_time: 1035724.977
local_termination_time: 104599.84635999969
node_cons: 21297.66406000002
tot_aggregated_send: 14616
tot_msg_rcv: 355
tot_msg_sent: 749
tot_reconf_duration: 5.57
tot_sleeping_duration: 1019824.977
tot_uptimes: 266
tot_uptimes_duration: 15900.0
