comms_cons: 103.16248319907145
finished_reconf: true
global_termination_time: 1035095.531
local_termination_time: 77614.59335999996
node_cons: 21324.465541121448
tot_aggregated_send: 14732
tot_msg_rcv: 333
tot_msg_sent: 615
tot_reconf_duration: 25.299999999999997
tot_sleeping_duration: 1019195.524919999
tot_uptimes: 266
tot_uptimes_duration: 15900.006080001069
