comms_cons: 100.2077951999098
finished_reconf: true
global_termination_time: 1035366.675
local_termination_time: 731062.3273599998
node_cons: 21305.45897999995
tot_aggregated_send: 15138
tot_msg_rcv: 28
tot_msg_sent: 65
tot_reconf_duration: 11.31
tot_sleeping_duration: 1019466.675
tot_uptimes: 266
tot_uptimes_duration: 15900.0
