comms_cons: 340.03342084104514
finished_reconf: true
global_termination_time: 3354620.8764799996
local_termination_time: 3354620.8353599994
node_cons: 69081.35961884125
tot_aggregated_send: 46374
tot_msg_rcv: 1861
tot_msg_sent: 3448
tot_reconf_duration: 37.410000000000004
tot_sleeping_duration: 3303067.0625600275
tot_uptimes: 860
tot_uptimes_duration: 51553.813919972396
