comms_cons: 332.3742208180918
finished_reconf: true
global_termination_time: 3356200.174
local_termination_time: 2037153.666279999
node_cons: 69029.96114223237
tot_aggregated_send: 46284
tot_msg_rcv: 1450
tot_msg_sent: 2786
tot_reconf_duration: 13.17
tot_sleeping_duration: 3304660.161840005
tot_uptimes: 860
tot_uptimes_duration: 51540.0121599955
