comms_cons: 334.1838848209519
finished_reconf: true
global_termination_time: 3357774.567
local_termination_time: 1709182.96036
node_cons: 69023.08692558404
tot_aggregated_send: 46632
tot_msg_rcv: 1329
tot_msg_sent: 2833
tot_reconf_duration: 8.09
tot_sleeping_duration: 3306234.5366000105
tot_uptimes: 860
tot_uptimes_duration: 51540.030399989104
