comms_cons: 335.17637122612507
finished_reconf: true
global_termination_time: 3356706.591
local_termination_time: 1714875.6547199998
node_cons: 69020.54746558356
tot_aggregated_send: 46574
tot_msg_rcv: 1474
tot_msg_sent: 2897
tot_reconf_duration: 6.22
tot_sleeping_duration: 3305166.560600011
tot_uptimes: 860
tot_uptimes_duration: 51540.03039998887
