comms_cons: 390.385689472899
finished_reconf: true
global_termination_time: 808462.0495999998
local_termination_time: 808462.0084799998
node_cons: 49013.228983602916
tot_aggregated_send: 0
tot_msg_rcv: 24019
tot_msg_sent: 35315
tot_reconf_duration: 37.410000000000004
tot_sleeping_duration: 771895.6371999971
tot_uptimes: 598
tot_uptimes_duration: 36566.41240000262
