comms_cons: 159.9703423465876
finished_reconf: true
global_termination_time: 808462.6495999999
local_termination_time: 231.85147999999995
node_cons: 16675.678469521314
tot_aggregated_send: 0
tot_msg_rcv: 12305
tot_msg_sent: 12008
tot_reconf_duration: 18.21
tot_sleeping_duration: 796027.287919999
tot_uptimes: 208
tot_uptimes_duration: 12435.361680000962
