comms_cons: 85.0417151975777
finished_reconf: true
global_termination_time: 811398.349
local_termination_time: 335901.81399999995
node_cons: 16656.07979960222
tot_aggregated_send: 10375
tot_msg_rcv: 914
tot_msg_sent: 1635
tot_reconf_duration: 13.17
tot_sleeping_duration: 798972.5125999984
tot_uptimes: 208
tot_uptimes_duration: 12425.836400001659
