comms_cons: 81.54146559609447
finished_reconf: true
global_termination_time: 810237.902
local_termination_time: 549752.7563599999
node_cons: 16655.782741116793
tot_aggregated_send: 11310
tot_msg_rcv: 425
tot_msg_sent: 657
tot_reconf_duration: 18.700000000000003
tot_sleeping_duration: 797817.8959200024
tot_uptimes: 208
tot_uptimes_duration: 12420.006079997635
