comms_cons: 67.21213439698508
finished_reconf: true
global_termination_time: 648440.3033999982
local_termination_time: 648440.2622799983
node_cons: 13445.905237840489
tot_aggregated_send: 8570
tot_msg_rcv: 549
tot_msg_sent: 1096
tot_reconf_duration: 24.59
tot_sleeping_duration: 638423.4908399979
tot_uptimes: 167
tot_uptimes_duration: 10016.81256000034
