comms_cons: 428.0624896326242
finished_reconf: true
global_termination_time: 4342737.583
local_termination_time: 2693361.5353599996
node_cons: 89430.81580334886
tot_aggregated_send: 60784
tot_msg_rcv: 1378
tot_msg_sent: 2901
tot_reconf_duration: 9.11
tot_sleeping_duration: 4275957.564760006
tot_uptimes: 1113
tot_uptimes_duration: 66780.0182399936
