comms_cons: 433.24558085476394
finished_reconf: true
global_termination_time: 4344266.685
local_termination_time: 1861871.1179199982
node_cons: 89350.93888149466
tot_aggregated_send: 60668
tot_msg_rcv: 1583
tot_msg_sent: 3599
tot_reconf_duration: 9.42
tot_sleeping_duration: 4277546.635320016
tot_uptimes: 1113
tot_uptimes_duration: 66720.04967998294
