comms_cons: 432.83949444435564
finished_reconf: true
global_termination_time: 4344723.851
local_termination_time: 1767784.5671599982
node_cons: 89353.4796855834
tot_aggregated_send: 60552
tot_msg_rcv: 1697
tot_msg_sent: 3538
tot_reconf_duration: 11.31
tot_sleeping_duration: 4278003.82060001
tot_uptimes: 1113
tot_uptimes_duration: 66720.03039998934
