comms_cons: 74.8252415995382
finished_reconf: true
global_termination_time: 756875.8704799998
local_termination_time: 756875.8293599999
node_cons: 15557.371659836655
tot_aggregated_send: 10948
tot_msg_rcv: 183
tot_msg_sent: 241
tot_reconf_duration: 24.59
tot_sleeping_duration: 745282.1599200023
tot_uptimes: 194
tot_uptimes_duration: 11593.710559997475
