comms_cons: 73.70019839991244
finished_reconf: true
global_termination_time: 758418.591
local_termination_time: 472910.9818000003
node_cons: 15596.579560000031
tot_aggregated_send: 10788
tot_msg_rcv: 106
tot_msg_sent: 308
tot_reconf_duration: 7.819999999999999
tot_sleeping_duration: 746778.591
tot_uptimes: 195
tot_uptimes_duration: 11640.0
