comms_cons: 83.52980479639284
finished_reconf: true
global_termination_time: 848831.407
local_termination_time: 203224.80036000005
node_cons: 17441.21906895307
tot_aggregated_send: 11078
tot_msg_rcv: 506
tot_msg_sent: 1115
tot_reconf_duration: 5.43
tot_sleeping_duration: 835811.3583600052
tot_uptimes: 218
tot_uptimes_duration: 13020.048639994813
