comms_cons: 366.3831168517409
finished_reconf: true
global_termination_time: 3657786.558
local_termination_time: 23997.06748
node_cons: 75223.0668734181
tot_aggregated_send: 50518
tot_msg_rcv: 1744
tot_msg_sent: 3426
tot_reconf_duration: 18.21
tot_sleeping_duration: 3601626.485040015
tot_uptimes: 937
tot_uptimes_duration: 56160.072959984966
