comms_cons: 367.6488512561434
finished_reconf: true
global_termination_time: 3657624.868
local_termination_time: 2303234.68436
node_cons: 75216.16556558291
tot_aggregated_send: 50112
tot_msg_rcv: 1899
tot_msg_sent: 3869
tot_reconf_duration: 13.17
tot_sleeping_duration: 3601464.837600011
tot_uptimes: 937
tot_uptimes_duration: 56160.03039998864
