comms_cons: 363.7855040361388
finished_reconf: true
global_termination_time: 3658524.815
local_termination_time: 1091837.0774799988
node_cons: 75209.25878446661
tot_aggregated_send: 51040
tot_msg_rcv: 1256
tot_msg_sent: 2998
tot_reconf_duration: 8.09
tot_sleeping_duration: 3602364.790680009
tot_uptimes: 937
tot_uptimes_duration: 56160.02431999124
