comms_cons: 369.8279296565197
finished_reconf: true
global_termination_time: 3654750.412
local_termination_time: 298185.00748000003
node_cons: 75143.3922934106
tot_aggregated_send: 50518
tot_msg_rcv: 1984
tot_msg_sent: 3711
tot_reconf_duration: 18.700000000000003
tot_sleeping_duration: 3598650.3390400205
tot_uptimes: 936
tot_uptimes_duration: 56100.072959979414
