comms_cons: 368.5713344441873
finished_reconf: true
global_termination_time: 3656439.871
local_termination_time: 447564.33604000026
node_cons: 75204.28303116774
tot_aggregated_send: 50634
tot_msg_rcv: 1895
tot_msg_sent: 3491
tot_reconf_duration: 4.390000000000001
tot_sleeping_duration: 3600279.8102000225
tot_uptimes: 937
tot_uptimes_duration: 56160.06079997728
