comms_cons: 362.63009282512655
finished_reconf: true
global_termination_time: 3657709.345
local_termination_time: 2079601.3335999998
node_cons: 75213.64782670054
tot_aggregated_send: 51098
tot_msg_rcv: 1387
tot_msg_sent: 2632
tot_reconf_duration: 11.31
tot_sleeping_duration: 3601549.3085200135
tot_uptimes: 937
tot_uptimes_duration: 56160.03647998673
