comms_cons: 10.660115200099225
finished_reconf: true
global_termination_time: 87740.284
local_termination_time: 64806.08336000001
node_cons: 1782.8471211202877
tot_aggregated_send: 754
tot_msg_rcv: 350
tot_msg_sent: 516
tot_reconf_duration: 11.31
tot_sleeping_duration: 86420.27791999979
tot_uptimes: 23
tot_uptimes_duration: 1320.0060800002175
