comms_cons: 499.91527043176706
finished_reconf: true
global_termination_time: 2540168.2515999977
local_termination_time: 1486.2020400000015
node_cons: 52245.71933063421
tot_aggregated_send: 0
tot_msg_rcv: 38272
tot_msg_sent: 37709
tot_reconf_duration: 3.05
tot_sleeping_duration: 2501152.883840001
tot_uptimes: 651
tot_uptimes_duration: 39015.36775999627
