comms_cons: 17.428927999794467
finished_reconf: true
global_termination_time: 159529.406
local_termination_time: 65439.549000000006
node_cons: 3225.111463199431
tot_aggregated_send: 1795
tot_msg_rcv: 330
tot_msg_sent: 525
tot_reconf_duration: 6.22
tot_sleeping_duration: 157127.11720000042
tot_uptimes: 41
tot_uptimes_duration: 2402.288799999573
