comms_cons: 15.224268799837546
finished_reconf: true
global_termination_time: 127993.757
local_termination_time: 35825.45136000001
node_cons: 2577.8465055991746
tot_aggregated_send: 1102
tot_msg_rcv: 502
tot_msg_sent: 710
tot_reconf_duration: 5.1
tot_sleeping_duration: 126073.72660000062
tot_uptimes: 33
tot_uptimes_duration: 1920.0303999993848
