comms_cons: 13.39650559998492
finished_reconf: true
global_termination_time: 126986.449
local_termination_time: 921.7704799999999
node_cons: 2576.866043357454
tot_aggregated_send: 986
tot_msg_rcv: 404
tot_msg_sent: 646
tot_reconf_duration: 4.390000000000001
tot_sleeping_duration: 125066.4307600019
tot_uptimes: 33
tot_uptimes_duration: 1920.0182399980986
