comms_cons: 12.743910399977203
finished_reconf: true
global_termination_time: 127111.391
local_termination_time: 88765.514
node_cons: 2577.11588175915
tot_aggregated_send: 1624
tot_msg_rcv: 114
tot_msg_sent: 199
tot_reconf_duration: 3.05
tot_sleeping_duration: 125189.82716000063
tot_uptimes: 33
tot_uptimes_duration: 1921.5638399993768
