comms_cons: 13.8942975999787
finished_reconf: true
global_termination_time: 127179.665
local_termination_time: 61295.52708000003
node_cons: 2586.2471211191582
tot_aggregated_send: 1392
tot_msg_rcv: 263
tot_msg_sent: 456
tot_reconf_duration: 11.31
tot_sleeping_duration: 125259.65892000061
tot_uptimes: 33
tot_uptimes_duration: 1920.0060799993735
