comms_cons: 176.4337023872727
finished_reconf: true
global_termination_time: 1775453.58
local_termination_time: 1228763.3781999995
node_cons: 36482.83118335035
tot_aggregated_send: 24244
tot_msg_rcv: 904
tot_msg_sent: 1669
tot_reconf_duration: 6.22
tot_sleeping_duration: 1748213.5617600072
tot_uptimes: 455
tot_uptimes_duration: 27240.018239992904
