comms_cons: 184.29581438146857
finished_reconf: true
global_termination_time: 1842633.935
local_termination_time: 1200739.1033599998
node_cons: 37847.728483350416
tot_aggregated_send: 24708
tot_msg_rcv: 1178
tot_msg_sent: 2125
tot_reconf_duration: 5.57
tot_sleeping_duration: 1814373.9167600072
tot_uptimes: 472
tot_uptimes_duration: 28260.018239992904
