comms_cons: 183.07661439072314
finished_reconf: true
global_termination_time: 1837293.838
local_termination_time: 278728.03836000006
node_cons: 37772.17137999982
tot_aggregated_send: 26216
tot_msg_rcv: 573
tot_msg_sent: 1036
tot_reconf_duration: 9.11
tot_sleeping_duration: 1809093.838
tot_uptimes: 471
tot_uptimes_duration: 28200.0
