comms_cons: 188.14520317864452
finished_reconf: true
global_termination_time: 1839356.071
local_termination_time: 403022.8343600001
node_cons: 37861.049060616395
tot_aggregated_send: 24766
tot_msg_rcv: 1279
tot_msg_sent: 2553
tot_reconf_duration: 15.34
tot_sleeping_duration: 1811096.0132400177
tot_uptimes: 472
tot_uptimes_duration: 28260.057759982476
