comms_cons: 29.90246400044582
finished_reconf: true
global_termination_time: 300272.312
local_termination_time: 279267.3356000001
node_cons: 6116.459560000017
tot_aggregated_send: 4234
tot_msg_rcv: 143
tot_msg_sent: 167
tot_reconf_duration: 7.819999999999999
tot_sleeping_duration: 295712.312
tot_uptimes: 77
tot_uptimes_duration: 4560.0
