comms_cons: 83.56899839599467
finished_reconf: true
global_termination_time: 842055.05224
local_termination_time: 192927.83988000042
node_cons: 17307.518841593726
tot_aggregated_send: 11658
tot_msg_rcv: 305
tot_msg_sent: 739
tot_reconf_duration: 11.31
tot_sleeping_duration: 829140.8178400047
tot_uptimes: 216
tot_uptimes_duration: 12914.234399995301
