comms_cons: 30.607065600819805
finished_reconf: true
global_termination_time: 291883.204
local_termination_time: 6294.784280000001
node_cons: 5949.318182242866
tot_aggregated_send: 3770
tot_msg_rcv: 360
tot_msg_sent: 522
tot_reconf_duration: 3.05
tot_sleeping_duration: 287443.1918399979
tot_uptimes: 75
tot_uptimes_duration: 4440.0121600021375
