comms_cons: 301.0372927876694
finished_reconf: true
global_termination_time: 3019070.17
local_termination_time: 2196025.223519998
node_cons: 62155.48120862632
tot_aggregated_send: 41876
tot_msg_rcv: 1326
tot_msg_sent: 2553
tot_reconf_duration: 25.299999999999997
tot_sleeping_duration: 2972676.5002400093
tot_uptimes: 774
tot_uptimes_duration: 46393.66975999088
