comms_cons: 304.5002688330002
finished_reconf: true
global_termination_time: 3020749.244
local_termination_time: 2014083.57636
node_cons: 62113.83878446655
tot_aggregated_send: 42340
tot_msg_rcv: 1449
tot_msg_sent: 2493
tot_reconf_duration: 8.09
tot_sleeping_duration: 2974369.219680009
tot_uptimes: 774
tot_uptimes_duration: 46380.02431999077
