comms_cons: 305.6656896004398
finished_reconf: true
global_termination_time: 3022022.298
local_termination_time: 443429.4153600001
node_cons: 62133.63568782187
tot_aggregated_send: 41412
tot_msg_rcv: 1979
tot_msg_sent: 3068
tot_reconf_duration: 22.65
tot_sleeping_duration: 2975642.2554400126
tot_uptimes: 774
tot_uptimes_duration: 46380.04255998734
