comms_cons: 301.49546879766024
finished_reconf: true
global_termination_time: 3020538.284
local_termination_time: 1684419.60436
node_cons: 62118.211544466845
tot_aggregated_send: 42340
tot_msg_rcv: 1222
tot_msg_sent: 2261
tot_reconf_duration: 11.31
tot_sleeping_duration: 2974158.259680009
tot_uptimes: 774
tot_uptimes_duration: 46380.02431999102
