comms_cons: 28.07344640014317
finished_reconf: true
global_termination_time: 277565.9069600007
local_termination_time: 13476.749920000002
node_cons: 5769.683149440923
tot_aggregated_send: 3944
tot_msg_rcv: 118
tot_msg_sent: 204
tot_reconf_duration: 5.1
tot_sleeping_duration: 273262.13
tot_uptimes: 72
tot_uptimes_duration: 4303.776960000687
