comms_cons: 27.955020800520366
finished_reconf: true
global_termination_time: 279288.606
local_termination_time: 148822.12736000004
node_cons: 5734.898699999997
tot_aggregated_send: 3886
tot_msg_rcv: 152
tot_msg_sent: 211
tot_reconf_duration: 22.65
tot_sleeping_duration: 275028.606
tot_uptimes: 72
tot_uptimes_duration: 4260.0
