comms_cons: 27.711590400190932
finished_reconf: true
global_termination_time: 280750.648
local_termination_time: 79028.43835999997
node_cons: 5714.759560000015
tot_aggregated_send: 3944
tot_msg_rcv: 101
tot_msg_sent: 167
tot_reconf_duration: 7.819999999999999
tot_sleeping_duration: 276490.648
tot_uptimes: 72
tot_uptimes_duration: 4260.0
