comms_cons: 15.454540799921395
finished_reconf: true
global_termination_time: 143142.989
local_termination_time: 92560.32635999996
node_cons: 2978.5497611214314
tot_aggregated_send: 1798
tot_msg_rcv: 213
tot_msg_sent: 338
tot_reconf_duration: 4.390000000000001
tot_sleeping_duration: 140922.98291999893
tot_uptimes: 37
tot_uptimes_duration: 2220.0060800010688
