comms_cons: 14.808806399846517
finished_reconf: true
global_termination_time: 146698.511
local_termination_time: 97991.68735999998
node_cons: 2987.9471211214486
tot_aggregated_send: 1972
tot_msg_rcv: 113
tot_msg_sent: 165
tot_reconf_duration: 11.31
tot_sleeping_duration: 144478.50491999893
tot_uptimes: 38
tot_uptimes_duration: 2220.0060800010688
