comms_cons: 145.34110719383148
finished_reconf: true
global_termination_time: 1446647.011
local_termination_time: 495611.6549200003
node_cons: 29736.419560000057
tot_aggregated_send: 20474
tot_msg_rcv: 638
tot_msg_sent: 979
tot_reconf_duration: 7.819999999999999
tot_sleeping_duration: 1424447.011
tot_uptimes: 371
tot_uptimes_duration: 22200.0
