comms_cons: 12.278668799865669
finished_reconf: true
global_termination_time: 119256.947
local_termination_time: 20010.137
node_cons: 2418.899081159146
tot_aggregated_send: 1273
tot_msg_rcv: 150
tot_msg_sent: 446
tot_reconf_duration: 6.22
tot_sleeping_duration: 117456.75856000064
tot_uptimes: 31
tot_uptimes_duration: 1800.188439999365
