comms_cons: 102.44472319656374
finished_reconf: true
global_termination_time: 1030325.1879599987
local_termination_time: 1030325.1468399988
node_cons: 21222.02026503164
tot_aggregated_send: 14718
tot_msg_rcv: 287
tot_msg_sent: 565
tot_reconf_duration: 24.59
tot_sleeping_duration: 1014500.970600005
tot_uptimes: 264
tot_uptimes_duration: 15824.217359993723
