comms_cons: 11.442483199590946
finished_reconf: true
global_termination_time: 112303.451
local_termination_time: 8119.057000000001
node_cons: 2294.469529117751
tot_aggregated_send: 1100
tot_msg_rcv: 214
tot_msg_sent: 426
tot_reconf_duration: 22.65
tot_sleeping_duration: 110612.8529200017
tot_uptimes: 29
tot_uptimes_duration: 1690.59807999832
