comms_cons: 2.2566655999967273
finished_reconf: true
global_termination_time: 14092.486
local_termination_time: 6990.879360000001
node_cons: 252.0062200000002
tot_aggregated_send: 0
tot_msg_rcv: 175
tot_msg_sent: 167
tot_reconf_duration: 8.09
tot_sleeping_duration: 13912.486
tot_uptimes: 4
tot_uptimes_duration: 180.0
