comms_cons: 80.38466559984383
finished_reconf: true
global_termination_time: 811275.292
local_termination_time: 590424.00536
node_cons: 16664.737400000085
tot_aggregated_send: 10498
tot_msg_rcv: 551
tot_msg_sent: 1169
tot_reconf_duration: 25.299999999999997
tot_sleeping_duration: 798855.292
tot_uptimes: 208
tot_uptimes_duration: 12420.0
