comms_cons: 82.24228479398107
finished_reconf: true
global_termination_time: 814473.533
local_termination_time: 470808.14236000006
node_cons: 16741.52754670565
tot_aggregated_send: 11194
tot_msg_rcv: 451
tot_msg_sent: 855
tot_reconf_duration: 22.65
tot_sleeping_duration: 801993.4965200109
tot_uptimes: 209
tot_uptimes_duration: 12480.036479989241
