comms_cons: 81.70833919931442
finished_reconf: true
global_termination_time: 815182.723
local_termination_time: 90441.81851999977
node_cons: 16716.71418448115
tot_aggregated_send: 10788
tot_msg_rcv: 480
tot_msg_sent: 1153
tot_reconf_duration: 4.390000000000001
tot_sleeping_duration: 802702.6986799992
tot_uptimes: 209
tot_uptimes_duration: 12480.02432000084
