comms_cons: 171.30021758248006
finished_reconf: true
global_termination_time: 1722880.82
local_termination_time: 148715.17268000072
node_cons: 35436.520826714725
tot_aggregated_send: 22794
tot_msg_rcv: 1120
tot_msg_sent: 2123
tot_reconf_duration: 4.8100000000000005
tot_sleeping_duration: 1696420.783520004
tot_uptimes: 442
tot_uptimes_duration: 26460.03647999611
