comms_cons: 196.37168637556556
finished_reconf: true
global_termination_time: 1963657.012
local_termination_time: 527725.7083599999
node_cons: 40336.72303116807
tot_aggregated_send: 26274
tot_msg_rcv: 1214
tot_msg_sent: 2359
tot_reconf_duration: 4.390000000000001
tot_sleeping_duration: 1933536.9512000238
tot_uptimes: 503
tot_uptimes_duration: 30120.060799976345
