comms_cons: 197.08651518324194
finished_reconf: true
global_termination_time: 1967747.546
local_termination_time: 1172192.0953599997
node_cons: 40415.19446446679
tot_aggregated_send: 26042
tot_msg_rcv: 1408
tot_msg_sent: 2506
tot_reconf_duration: 3.05
tot_sleeping_duration: 1937567.5216800096
tot_uptimes: 504
tot_uptimes_duration: 30180.024319990538
