comms_cons: 91.82038399919227
finished_reconf: true
global_termination_time: 918925.521
local_termination_time: 205926.44292000076
node_cons: 18892.312085598005
tot_aggregated_send: 12412
tot_msg_rcv: 551
tot_msg_sent: 994
tot_reconf_duration: 9.11
tot_sleeping_duration: 904825.4906000014
tot_uptimes: 236
tot_uptimes_duration: 14100.030399998475
