comms_cons: 94.89180159315025
finished_reconf: true
global_termination_time: 918301.221
local_termination_time: 212198.53972000012
node_cons: 18895.324108943878
tot_aggregated_send: 12238
tot_msg_rcv: 793
tot_msg_sent: 1392
tot_reconf_duration: 11.31
tot_sleeping_duration: 904201.1723600121
tot_uptimes: 236
tot_uptimes_duration: 14100.048639987945
