comms_cons: 915.7096440427143
finished_reconf: true
global_termination_time: 1898571.5320399983
local_termination_time: 1898571.4909199984
node_cons: 114761.11919569246
tot_aggregated_send: 0
tot_msg_rcv: 56404
tot_msg_sent: 82779
tot_reconf_duration: 24.59
tot_sleeping_duration: 1812889.8845600164
tot_uptimes: 1405
tot_uptimes_duration: 85681.64747998184
