comms_cons: 189.73817598860637
finished_reconf: true
global_termination_time: 1900647.643
local_termination_time: 127246.72935999997
node_cons: 39051.82082670996
tot_aggregated_send: 26390
tot_msg_rcv: 875
tot_msg_sent: 1575
tot_reconf_duration: 4.8100000000000005
tot_sleeping_duration: 1871487.6065200071
tot_uptimes: 487
tot_uptimes_duration: 29160.036479992676
