comms_cons: 189.7836031882507
finished_reconf: true
global_termination_time: 1899413.744
local_termination_time: 1026278.0904799998
node_cons: 39060.61526223336
tot_aggregated_send: 25868
tot_msg_rcv: 1010
tot_msg_sent: 1968
tot_reconf_duration: 11.31
tot_sleeping_duration: 1870253.7318400047
tot_uptimes: 487
tot_uptimes_duration: 29160.01215999527
