comms_cons: 122.49875199692869
finished_reconf: true
global_termination_time: 1241889.03
local_termination_time: 904896.2240799986
node_cons: 25563.478979999956
tot_aggregated_send: 18038
tot_msg_rcv: 184
tot_msg_sent: 398
tot_reconf_duration: 11.31
tot_sleeping_duration: 1222809.03
tot_uptimes: 319
tot_uptimes_duration: 19080.0
