comms_cons: 66.43384320726148
finished_reconf: true
global_termination_time: 328508.09060000017
local_termination_time: 1049.6253600000002
node_cons: 6793.858469521686
tot_aggregated_send: 0
tot_msg_rcv: 5228
tot_msg_sent: 4866
tot_reconf_duration: 18.21
tot_sleeping_duration: 323452.7289199989
tot_uptimes: 85
tot_uptimes_duration: 5055.361680001253
