comms_cons: 32.159129600193204
finished_reconf: true
global_termination_time: 328507.7831200002
local_termination_time: 311773.42684000015
node_cons: 6791.6919796803295
tot_aggregated_send: 4698
tot_msg_rcv: 62
tot_msg_sent: 128
tot_reconf_duration: 7.819999999999999
tot_sleeping_duration: 323443.502
tot_uptimes: 85
tot_uptimes_duration: 5064.2811200002325
