comms_cons: 57.852160000514644
finished_reconf: true
global_termination_time: 587646.062
local_termination_time: 397709.3443600001
node_cons: 12075.737321121398
tot_aggregated_send: 8178
tot_msg_rcv: 165
tot_msg_sent: 451
tot_reconf_duration: 18.21
tot_sleeping_duration: 578646.055919999
tot_uptimes: 151
tot_uptimes_duration: 9000.00608000101
