comms_cons: 59.7463423985754
finished_reconf: true
global_termination_time: 592979.264
local_termination_time: 331196.7873600001
node_cons: 12135.506323364372
tot_aggregated_send: 8178
tot_msg_rcv: 321
tot_msg_sent: 583
tot_reconf_duration: 3.05
tot_sleeping_duration: 583919.2457599968
tot_uptimes: 152
tot_uptimes_duration: 9060.018240003206
