comms_cons: 298.15618560073693
finished_reconf: true
global_termination_time: 3044750.729
local_termination_time: 1388853.6343199986
node_cons: 62602.74485999866
tot_aggregated_send: 43616
tot_msg_rcv: 652
tot_msg_sent: 1050
tot_reconf_duration: 13.17
tot_sleeping_duration: 2998010.729
tot_uptimes: 780
tot_uptimes_duration: 46740.0
