comms_cons: 307.0618048211367
finished_reconf: true
global_termination_time: 3042002.232
local_termination_time: 354051.63256000064
node_cons: 62590.894890050826
tot_aggregated_send: 40948
tot_msg_rcv: 1824
tot_msg_sent: 3901
tot_reconf_duration: 4.390000000000001
tot_sleeping_duration: 2995262.1772800204
tot_uptimes: 780
tot_uptimes_duration: 46740.054719979176
