comms_cons: 310.4533376225252
finished_reconf: true
global_termination_time: 3044290.424
local_termination_time: 804905.1750799987
node_cons: 62589.09959341095
tot_aggregated_send: 40890
tot_msg_rcv: 2103
tot_msg_sent: 4194
tot_reconf_duration: 3.05
tot_sleeping_duration: 2997550.3510400206
tot_uptimes: 780
tot_uptimes_duration: 46740.07295997918
