comms_cons: 393.7190656183679
finished_reconf: true
global_termination_time: 4036228.413
local_termination_time: 1949921.38036
node_cons: 83012.09242558373
tot_aggregated_send: 57014
tot_msg_rcv: 861
tot_msg_sent: 1968
tot_reconf_duration: 15.34
tot_sleeping_duration: 3974248.382600011
tot_uptimes: 1034
tot_uptimes_duration: 61980.03039998934
