comms_cons: 399.7168640438088
finished_reconf: true
global_termination_time: 4040625.22
local_termination_time: 1712959.2297599982
node_cons: 83075.77520446664
tot_aggregated_send: 56086
tot_msg_rcv: 1490
tot_msg_sent: 3177
tot_reconf_duration: 3.08
tot_sleeping_duration: 3978585.1956800087
tot_uptimes: 1035
tot_uptimes_duration: 62040.02431999153
