comms_cons: 400.1602112453793
finished_reconf: true
global_termination_time: 4041062.874
local_termination_time: 1590859.52436
node_cons: 83082.58692558341
tot_aggregated_send: 56550
tot_msg_rcv: 1322
tot_msg_sent: 2950
tot_reconf_duration: 8.09
tot_sleeping_duration: 3979022.843600011
tot_uptimes: 1035
tot_uptimes_duration: 62040.030399989104
