comms_cons: 408.0784640731182
finished_reconf: true
global_termination_time: 4036410.41
local_termination_time: 938865.0673599999
node_cons: 83008.461092284
tot_aggregated_send: 55274
tot_msg_rcv: 2339
tot_msg_sent: 4412
tot_reconf_duration: 12.629999999999999
tot_sleeping_duration: 3974430.3431200255
tot_uptimes: 1034
tot_uptimes_duration: 61980.06687997468
