comms_cons: 407.31952645919796
finished_reconf: true
global_termination_time: 4038811.101
local_termination_time: 77801.37259999994
node_cons: 83086.51151116713
tot_aggregated_send: 56260
tot_msg_rcv: 1936
tot_msg_sent: 3714
tot_reconf_duration: 10.95
tot_sleeping_duration: 3976771.040200023
tot_uptimes: 1035
tot_uptimes_duration: 62040.060799977044
