comms_cons: 401.67320964750644
finished_reconf: true
global_termination_time: 4039256.172
local_termination_time: 613203.68736
node_cons: 83075.76820725223
tot_aggregated_send: 56260
tot_msg_rcv: 1528
tot_msg_sent: 3264
tot_reconf_duration: 3.05
tot_sleeping_duration: 3977216.122480019
tot_uptimes: 1035
tot_uptimes_duration: 62040.04951998079
