comms_cons: 399.16006402006275
finished_reconf: true
global_termination_time: 4039766.676
local_termination_time: 1318554.8275199982
node_cons: 83080.05560669978
tot_aggregated_send: 56550
tot_msg_rcv: 1466
tot_msg_sent: 2654
tot_reconf_duration: 6.22
tot_sleeping_duration: 3977726.6395200132
tot_uptimes: 1035
tot_uptimes_duration: 62040.036479986506
