comms_cons: 397.0989312141663
finished_reconf: true
global_termination_time: 4038369.731
local_termination_time: 1451095.7823599998
node_cons: 83086.97596781736
tot_aggregated_send: 56202
tot_msg_rcv: 1415
tot_msg_sent: 2740
tot_reconf_duration: 11.31
tot_sleeping_duration: 3976329.6884400155
tot_uptimes: 1035
tot_uptimes_duration: 62040.042559984606
