comms_cons: 353.5902976199876
finished_reconf: true
global_termination_time: 3544229.29
local_termination_time: 1980169.835759999
node_cons: 72973.44917999826
tot_aggregated_send: 50634
tot_msg_rcv: 1096
tot_msg_sent: 2013
tot_reconf_duration: 18.21
tot_sleeping_duration: 3489749.29
tot_uptimes: 908
tot_uptimes_duration: 54480.0
