comms_cons: 361.1731008510505
finished_reconf: true
global_termination_time: 3546803.216
local_termination_time: 1604414.258999999
node_cons: 72979.5031233493
tot_aggregated_send: 48082
tot_msg_rcv: 2248
tot_msg_sent: 4566
tot_reconf_duration: 22.65
tot_sleeping_duration: 3492323.1977600064
tot_uptimes: 909
tot_uptimes_duration: 54480.01823999337
