comms_cons: 355.5988032373019
finished_reconf: true
global_termination_time: 3547413.388
local_termination_time: 1062313.8423999983
node_cons: 72961.14022670008
tot_aggregated_send: 49706
tot_msg_rcv: 1383
tot_msg_sent: 2960
tot_reconf_duration: 9.11
tot_sleeping_duration: 3492933.3515200135
tot_uptimes: 909
tot_uptimes_duration: 54480.03647998627
