comms_cons: 359.6262784401174
finished_reconf: true
global_termination_time: 3548046.981
local_termination_time: 1211379.6009999989
node_cons: 72956.15906893446
tot_aggregated_send: 49010
tot_msg_rcv: 1991
tot_msg_sent: 3661
tot_reconf_duration: 5.43
tot_sleeping_duration: 3493566.9323600177
tot_uptimes: 909
tot_uptimes_duration: 54480.04863998224
