comms_cons: 359.48840965314815
finished_reconf: true
global_termination_time: 3547904.403
local_termination_time: 795242.0737199998
node_cons: 72969.61684893451
tot_aggregated_send: 48952
tot_msg_rcv: 1980
tot_msg_sent: 3708
tot_reconf_duration: 15.34
tot_sleeping_duration: 3493424.354360018
tot_uptimes: 909
tot_uptimes_duration: 54480.04863998224
