comms_cons: 322.4999999899676
finished_reconf: true
global_termination_time: 3302580.497
local_termination_time: 1149821.6679599998
node_cons: 67912.06988558295
tot_aggregated_send: 46226
tot_msg_rcv: 971
tot_msg_sent: 1821
tot_reconf_duration: 18.21
tot_sleeping_duration: 3251880.4666000116
tot_uptimes: 846
tot_uptimes_duration: 50700.030399988405
