comms_cons: 324.7164159947698
finished_reconf: true
global_termination_time: 3298188.843
local_termination_time: 1956575.7060799995
node_cons: 67813.88579999834
tot_aggregated_send: 46806
tot_msg_rcv: 927
tot_msg_sent: 1622
tot_reconf_duration: 5.1
tot_sleeping_duration: 3247548.843
tot_uptimes: 845
tot_uptimes_duration: 50640.0
