comms_cons: 325.1421184047817
finished_reconf: true
global_termination_time: 3298487.048
local_termination_time: 1965706.7301999987
node_cons: 67823.12019999903
tot_aggregated_send: 47618
tot_msg_rcv: 533
tot_msg_sent: 1267
tot_reconf_duration: 11.899999999999999
tot_sleeping_duration: 3247847.0479999995
tot_uptimes: 845
tot_uptimes_duration: 50640.00000000023
