comms_cons: 274.9914752146128
finished_reconf: true
global_termination_time: 2811073.469
local_termination_time: 4875.875
node_cons: 57850.37590670059
tot_aggregated_send: 38624
tot_msg_rcv: 1059
tot_msg_sent: 2113
tot_reconf_duration: 4.07
tot_sleeping_duration: 2767873.432520014
tot_uptimes: 720
tot_uptimes_duration: 43200.03647998627
