comms_cons: 279.6806336105358
finished_reconf: true
global_termination_time: 2807816.264
local_termination_time: 4120.642
node_cons: 57854.47976893886
tot_aggregated_send: 39492
tot_msg_rcv: 1033
tot_msg_sent: 1984
tot_reconf_duration: 7.08
tot_sleeping_duration: 2764616.215360015
tot_uptimes: 720
tot_uptimes_duration: 43200.048639984976
