comms_cons: 258.75993598852716
finished_reconf: true
global_termination_time: 2638389.627
local_termination_time: 1674942.3531999986
node_cons: 54317.40405999923
tot_aggregated_send: 37874
tot_msg_rcv: 503
tot_msg_sent: 953
tot_reconf_duration: 5.57
tot_sleeping_duration: 2597829.627
tot_uptimes: 676
tot_uptimes_duration: 40560.000000000015
