comms_cons: 257.62218237977214
finished_reconf: true
global_termination_time: 2641688.316
local_termination_time: 820377.669239999
node_cons: 54316.45339116752
tot_aggregated_send: 35322
tot_msg_rcv: 1396
tot_msg_sent: 2439
tot_reconf_duration: 4.8100000000000005
tot_sleeping_duration: 2601128.2552000238
tot_uptimes: 677
tot_uptimes_duration: 40560.060799976345
