comms_cons: 263.4187455762432
finished_reconf: true
global_termination_time: 2639445.534
local_termination_time: 669856.4187599982
node_cons: 54233.698887821614
tot_aggregated_send: 35322
tot_msg_rcv: 1652
tot_msg_sent: 3065
tot_reconf_duration: 3.05
tot_sleeping_duration: 2598945.491440013
tot_uptimes: 676
tot_uptimes_duration: 40500.042559986876
