comms_cons: 259.14284799720616
finished_reconf: true
global_termination_time: 2639990.168
local_termination_time: 638173.5469599996
node_cons: 54317.21393999903
tot_aggregated_send: 37932
tot_msg_rcv: 421
tot_msg_sent: 1035
tot_reconf_duration: 5.43
tot_sleeping_duration: 2599430.168
tot_uptimes: 677
tot_uptimes_duration: 40560.0
