comms_cons: 100.99416961427318
finished_reconf: true
global_termination_time: 759318.499
local_termination_time: 174626.96136000004
node_cons: 15594.504522242882
tot_aggregated_send: 0
tot_msg_rcv: 7805
tot_msg_sent: 7546
tot_reconf_duration: 6.279999999999999
tot_sleeping_duration: 747678.4868399978
tot_uptimes: 195
tot_uptimes_duration: 11640.012160002138
