comms_cons: 73.95559680068834
finished_reconf: true
global_termination_time: 757084.009
local_termination_time: 402461.223
node_cons: 15514.211983522824
tot_aggregated_send: 10379
tot_msg_rcv: 280
tot_msg_sent: 582
tot_reconf_duration: 5.57
tot_sleeping_duration: 745503.2413199978
tot_uptimes: 194
tot_uptimes_duration: 11580.767680002085
