comms_cons: 103.06046721512304
finished_reconf: true
global_termination_time: 757934.534
local_termination_time: 170927.77536000006
node_cons: 15593.390927850027
tot_aggregated_send: 0
tot_msg_rcv: 8117
tot_msg_sent: 7547
tot_reconf_duration: 5.43
tot_sleeping_duration: 746294.4914399926
tot_uptimes: 195
tot_uptimes_duration: 11640.042560007481
