comms_cons: 128.91942399571806
finished_reconf: true
global_termination_time: 1307217.531
local_termination_time: 105023.29667999987
node_cons: 26858.289180000054
tot_aggregated_send: 18792
tot_msg_rcv: 238
tot_msg_sent: 565
tot_reconf_duration: 18.21
tot_sleeping_duration: 1287177.531
tot_uptimes: 335
tot_uptimes_duration: 20040.000000000004
