comms_cons: 122.87813119931462
finished_reconf: true
global_termination_time: 1306344.495
local_termination_time: 274566.8897600004
node_cons: 26842.014901121434
tot_aggregated_send: 18038
tot_msg_rcv: 178
tot_msg_sent: 460
tot_reconf_duration: 6.22
tot_sleeping_duration: 1286304.4889199992
tot_uptimes: 335
tot_uptimes_duration: 20040.00608000107
