comms_cons: 335.32208638741736
finished_reconf: true
global_termination_time: 3442376.227
local_termination_time: 1935895.5350000001
node_cons: 70803.63877287233
tot_aggregated_send: 48185
tot_msg_rcv: 968
tot_msg_sent: 1814
tot_reconf_duration: 15.34
tot_sleeping_duration: 3389513.787080005
tot_uptimes: 882
tot_uptimes_duration: 52862.43991999538
