comms_cons: 342.14151042051236
finished_reconf: true
global_termination_time: 3443895.01
local_termination_time: 931951.0524799998
node_cons: 70800.10822669939
tot_aggregated_send: 48140
tot_msg_rcv: 1273
tot_msg_sent: 2591
tot_reconf_duration: 15.110000000000001
tot_sleeping_duration: 3391034.973520014
tot_uptimes: 882
tot_uptimes_duration: 52860.03647998581
