comms_cons: 342.3016448132779
finished_reconf: true
global_termination_time: 3441197.294
local_termination_time: 764319.5701599993
node_cons: 70785.55046669973
tot_aggregated_send: 48430
tot_msg_rcv: 1212
tot_msg_sent: 2386
tot_reconf_duration: 4.390000000000001
tot_sleeping_duration: 3388337.257520014
tot_uptimes: 882
tot_uptimes_duration: 52860.03647998604
