comms_cons: 340.24610561561417
finished_reconf: true
global_termination_time: 3443890.822
local_termination_time: 821944.23336
node_cons: 70790.20840670013
tot_aggregated_send: 47792
tot_msg_rcv: 1309
tot_msg_sent: 2614
tot_reconf_duration: 7.819999999999999
tot_sleeping_duration: 3391030.785520014
tot_uptimes: 882
tot_uptimes_duration: 52860.03647998627
