comms_cons: 398.9173696540678
finished_reconf: true
global_termination_time: 3962232.69
local_termination_time: 376303.25036000006
node_cons: 81482.71813005036
tot_aggregated_send: 54810
tot_msg_rcv: 2167
tot_msg_sent: 3656
tot_reconf_duration: 13.17
tot_sleeping_duration: 3901392.6352800205
tot_uptimes: 1015
tot_uptimes_duration: 60840.05471997941
