comms_cons: 394.65311364088205
finished_reconf: true
global_termination_time: 3960448.562
local_termination_time: 1136994.24736
node_cons: 81469.01591005048
tot_aggregated_send: 54810
tot_msg_rcv: 1696
tot_msg_sent: 3478
tot_reconf_duration: 3.08
tot_sleeping_duration: 3899608.5072800205
tot_uptimes: 1015
tot_uptimes_duration: 60840.05471997941
