comms_cons: 399.95546247824984
finished_reconf: true
global_termination_time: 3961988.117
local_termination_time: 1686422.8739999998
node_cons: 81468.96702893393
tot_aggregated_send: 55330
tot_msg_rcv: 1972
tot_msg_sent: 3488
tot_reconf_duration: 3.05
tot_sleeping_duration: 3901148.068360018
tot_uptimes: 1015
tot_uptimes_duration: 60840.04863998224
