comms_cons: 187.73619199404018
finished_reconf: true
global_termination_time: 1902621.506
local_termination_time: 480442.47736
node_cons: 39132.95393999977
tot_aggregated_send: 27550
tot_msg_rcv: 349
tot_msg_sent: 635
tot_reconf_duration: 5.43
tot_sleeping_duration: 1873401.506
tot_uptimes: 488
tot_uptimes_duration: 29220.0
