comms_cons: 113.59239679146506
finished_reconf: true
global_termination_time: 1141854.067
local_termination_time: 6482.744
node_cons: 23469.22052559339
tot_aggregated_send: 15188
tot_msg_rcv: 732
tot_msg_sent: 1348
tot_reconf_duration: 7.29
tot_sleeping_duration: 1124334.036600005
tot_uptimes: 293
tot_uptimes_duration: 17520.03039999504
