comms_cons: 116.51982078770617
finished_reconf: true
global_termination_time: 1140643.02
local_termination_time: 5199.58
node_cons: 23468.199220126007
tot_aggregated_send: 14667
tot_msg_rcv: 953
tot_msg_sent: 2091
tot_reconf_duration: 6.46
tot_sleeping_duration: 1123122.9105600254
tot_uptimes: 293
tot_uptimes_duration: 17520.109439974593
