comms_cons: 144.7890815993276
finished_reconf: true
global_termination_time: 1492850.979
local_termination_time: 535828.42236
node_cons: 30700.50770111697
tot_aggregated_send: 21112
tot_msg_rcv: 314
tot_msg_sent: 581
tot_reconf_duration: 7.819999999999999
tot_sleeping_duration: 1469930.9729200024
tot_uptimes: 383
tot_uptimes_duration: 22920.006079997635
