comms_cons: 147.31295359581506
finished_reconf: true
global_termination_time: 1497954.017
local_termination_time: 595808.7584399994
node_cons: 30785.578979999966
tot_aggregated_send: 21170
tot_msg_rcv: 438
tot_msg_sent: 782
tot_reconf_duration: 11.31
tot_sleeping_duration: 1474974.017
tot_uptimes: 384
tot_uptimes_duration: 22980.0
