comms_cons: 79.08856319760514
finished_reconf: true
global_termination_time: 771696.463
local_termination_time: 342468.3033600001
node_cons: 15847.828002233722
tot_aggregated_send: 10324
tot_msg_rcv: 624
tot_msg_sent: 1073
tot_reconf_duration: 15.34
tot_sleeping_duration: 759876.4508400047
tot_uptimes: 198
tot_uptimes_duration: 11820.012159995269
