comms_cons: 77.13454079939841
finished_reconf: true
global_termination_time: 771793.409
local_termination_time: 400327.13736000005
node_cons: 15833.913941121424
tot_aggregated_send: 10150
tot_msg_rcv: 501
tot_msg_sent: 1073
tot_reconf_duration: 5.1
tot_sleeping_duration: 759973.402919999
tot_uptimes: 198
tot_uptimes_duration: 11820.006080001069
