comms_cons: 76.6812031994364
finished_reconf: true
global_termination_time: 772467.5
local_termination_time: 330418.7553600005
node_cons: 15834.378363355108
tot_aggregated_send: 9918
tot_msg_rcv: 513
tot_msg_sent: 1224
tot_reconf_duration: 5.43
tot_sleeping_duration: 760647.4817600036
tot_uptimes: 198
tot_uptimes_duration: 11820.018239996338
