comms_cons: 93.39832319680498
finished_reconf: true
global_termination_time: 931969.792
local_termination_time: 333093.80036000005
node_cons: 19127.8458
tot_aggregated_send: 12992
tot_msg_rcv: 396
tot_msg_sent: 808
tot_reconf_duration: 5.1
tot_sleeping_duration: 917689.792
tot_uptimes: 239
tot_uptimes_duration: 14280.0
