comms_cons: 92.31032959822254
finished_reconf: true
global_termination_time: 932383.338
local_termination_time: 650639.844
node_cons: 19138.813001116916
tot_aggregated_send: 13217
tot_msg_rcv: 236
tot_msg_sent: 577
tot_reconf_duration: 13.17
tot_sleeping_duration: 918103.3319200024
tot_uptimes: 239
tot_uptimes_duration: 14280.006079997635
