comms_cons: 96.34919039008328
finished_reconf: true
global_termination_time: 931727.535
local_termination_time: 241176.49536000006
node_cons: 19126.93046670564
tot_aggregated_send: 12470
tot_msg_rcv: 833
tot_msg_sent: 1341
tot_reconf_duration: 4.390000000000001
tot_sleeping_duration: 917447.4985200107
tot_uptimes: 239
tot_uptimes_duration: 14280.036479989241
