comms_cons: 9.487833599882975
finished_reconf: true
global_termination_time: 86882.346
local_termination_time: 24947.472120000006
node_cons: 1825.8097847991567
tot_aggregated_send: 696
tot_msg_rcv: 285
tot_msg_sent: 462
tot_reconf_duration: 25.299999999999997
tot_sleeping_duration: 85544.44280000063
tot_uptimes: 23
tot_uptimes_duration: 1337.9031999993713
