comms_cons: 10.441190400079412
finished_reconf: true
global_termination_time: 87884.34
local_termination_time: 40587.15636000018
node_cons: 1771.6219000000033
tot_aggregated_send: 522
tot_msg_rcv: 483
tot_msg_sent: 582
tot_reconf_duration: 3.05
tot_sleeping_duration: 86564.34
tot_uptimes: 23
tot_uptimes_duration: 1320.0
