comms_cons: 115.77480959093822
finished_reconf: true
global_termination_time: 1131563.721
local_termination_time: 121872.02791999956
node_cons: 23244.786653598843
tot_aggregated_send: 14848
tot_msg_rcv: 901
tot_msg_sent: 1849
tot_reconf_duration: 18.21
tot_sleeping_duration: 1114222.3786000006
tot_uptimes: 290
tot_uptimes_duration: 17341.342399999106
