comms_cons: 115.44584958970519
finished_reconf: true
global_termination_time: 1128829.656
local_termination_time: 313698.55036000005
node_cons: 23239.156848934726
tot_aggregated_send: 14964
tot_msg_rcv: 791
tot_msg_sent: 1792
tot_reconf_duration: 15.34
tot_sleeping_duration: 1111489.6073600189
tot_uptimes: 290
tot_uptimes_duration: 17340.048639981076
