comms_cons: 115.34198398983247
finished_reconf: true
global_termination_time: 1131115.836
local_termination_time: 351851.38899999997
node_cons: 23236.201847822438
tot_aggregated_send: 15074
tot_msg_rcv: 771
tot_msg_sent: 1685
tot_reconf_duration: 13.17
tot_sleeping_duration: 1113775.793440013
tot_uptimes: 290
tot_uptimes_duration: 17340.042559986876
