comms_cons: 116.05651838907573
finished_reconf: true
global_termination_time: 1129395.06
local_termination_time: 256062.84564000086
node_cons: 23222.524051191333
tot_aggregated_send: 14558
tot_msg_rcv: 1038
tot_msg_sent: 2043
tot_reconf_duration: 3.08
tot_sleeping_duration: 1112054.9992000065
tot_uptimes: 290
tot_uptimes_duration: 17340.060799993516
