comms_cons: 111.39328639598423
finished_reconf: true
global_termination_time: 1131429.502
local_termination_time: 809709.507
node_cons: 23238.828226705606
tot_aggregated_send: 14949
tot_msg_rcv: 639
tot_msg_sent: 1344
tot_reconf_duration: 15.110000000000001
tot_sleeping_duration: 1114089.4655200108
tot_uptimes: 290
tot_uptimes_duration: 17340.03647998924
