comms_cons: 331.32025601609166
finished_reconf: true
global_termination_time: 3326319.03
local_termination_time: 786706.774999998
node_cons: 68377.86823999854
tot_aggregated_send: 47444
tot_msg_rcv: 1005
tot_msg_sent: 1910
tot_reconf_duration: 6.279999999999999
tot_sleeping_duration: 3275259.03
tot_uptimes: 852
tot_uptimes_duration: 51060.0
