comms_cons: 968.7166218687348
finished_reconf: true
global_termination_time: 3323508.7556
local_termination_time: 3323508.7144799996
node_cons: 135667.85572951
tot_aggregated_send: 0
tot_msg_rcv: 49360
tot_msg_sent: 97878
tot_reconf_duration: 24.59
tot_sleeping_duration: 3222213.413920004
tot_uptimes: 1674
tot_uptimes_duration: 101295.34167999592
