comms_cons: 337.3100352323483
finished_reconf: true
global_termination_time: 3323802.607
local_termination_time: 783688.5013599999
node_cons: 68373.54702893323
tot_aggregated_send: 44544
tot_msg_rcv: 2129
tot_msg_sent: 4596
tot_reconf_duration: 3.05
tot_sleeping_duration: 3272742.558360019
tot_uptimes: 852
tot_uptimes_duration: 51060.048639981076
