comms_cons: 654.2663687301724
finished_reconf: true
global_termination_time: 3323509.3555999976
local_termination_time: 1242.2740400000014
node_cons: 68405.28455175034
tot_aggregated_send: 0
tot_msg_rcv: 50076
tot_msg_sent: 49363
tot_reconf_duration: 11.31
tot_sleeping_duration: 3272433.9817600036
tot_uptimes: 852
tot_uptimes_duration: 51075.3738399939
