comms_cons: 2.0592895999968
finished_reconf: true
global_termination_time: 14886.071
local_termination_time: 7181.6993600000005
node_cons: 252.0062200000002
tot_aggregated_send: 0
tot_msg_rcv: 202
tot_msg_sent: 111
tot_reconf_duration: 8.09
tot_sleeping_duration: 14706.071
tot_uptimes: 4
tot_uptimes_duration: 180.0
