comms_cons: 1.5243519999943884
finished_reconf: true
global_termination_time: 12798.109
local_termination_time: 7329.05836
node_cons: 258.17154000000016
tot_aggregated_send: 0
tot_msg_rcv: 123
tot_msg_sent: 109
tot_reconf_duration: 12.629999999999999
tot_sleeping_duration: 12618.109
tot_uptimes: 4
tot_uptimes_duration: 180.0
