comms_cons: 2.2961407999924126
finished_reconf: true
global_termination_time: 12362.341
local_termination_time: 6258.79836
node_cons: 245.16189999999904
tot_aggregated_send: 0
tot_msg_rcv: 230
tot_msg_sent: 119
tot_reconf_duration: 3.05
tot_sleeping_duration: 12182.341
tot_uptimes: 4
tot_uptimes_duration: 180.0
