comms_cons: 102.66841599833606
finished_reconf: true
global_termination_time: 1041399.126
local_termination_time: 460063.5093600001
node_cons: 21391.271720000066
tot_aggregated_send: 14906
tot_msg_rcv: 191
tot_msg_sent: 508
tot_reconf_duration: 15.34
tot_sleeping_duration: 1025439.126
tot_uptimes: 267
tot_uptimes_duration: 15960.0
