comms_cons: 663.6464573036142
finished_reconf: true
global_termination_time: 2274528.4105999996
local_termination_time: 2274528.3694799994
node_cons: 93040.42250451328
tot_aggregated_send: 0
tot_msg_rcv: 33757
tot_msg_sent: 67112
tot_reconf_duration: 24.59
tot_sleeping_duration: 2205068.343920002
tot_uptimes: 1150
tot_uptimes_duration: 69460.06667999706
