comms_cons: 30.59701760032742
finished_reconf: true
global_termination_time: 305203.376
local_termination_time: 1780.1271200000022
node_cons: 6277.147701121438
tot_aggregated_send: 4176
tot_msg_rcv: 130
tot_msg_sent: 344
tot_reconf_duration: 7.819999999999999
tot_sleeping_duration: 300523.3699199989
tot_uptimes: 79
tot_uptimes_duration: 4680.006080001069
