comms_cons: 81.18795519903536
finished_reconf: true
global_termination_time: 813458.5952400002
local_termination_time: 40491.27364000008
node_cons: 16778.85206160315
tot_aggregated_send: 11078
tot_msg_rcv: 403
tot_msg_sent: 859
tot_reconf_duration: 18.21
tot_sleeping_duration: 800946.1808399978
tot_uptimes: 209
tot_uptimes_duration: 12512.414400002337
