comms_cons: 39.32661119989976
finished_reconf: true
global_termination_time: 11408.570360000007
local_termination_time: 3364.3834800000022
node_cons: 5035.702355000064
tot_aggregated_send: 0
tot_msg_rcv: 3056
tot_msg_sent: 2920
tot_reconf_duration: 18.21
tot_sleeping_duration: 7666.245359999962
tot_uptimes: 54
tot_uptimes_duration: 3742.3250000000453
