comms_cons: 1.5197951999949793
finished_reconf: true
global_termination_time: 11904.086
local_termination_time: 7482.837360000001
node_cons: 249.5482400000009
tot_aggregated_send: 0
tot_msg_rcv: 118
tot_msg_sent: 113
tot_reconf_duration: 6.279999999999999
tot_sleeping_duration: 11724.086
tot_uptimes: 4
tot_uptimes_duration: 180.0
