comms_cons: 193.9251903847059
finished_reconf: true
global_termination_time: 1927440.353
local_termination_time: 974832.2885199982
node_cons: 39618.26398335954
tot_aggregated_send: 25926
tot_msg_rcv: 1223
tot_msg_sent: 2326
tot_reconf_duration: 7.819999999999999
tot_sleeping_duration: 1897860.3347600002
tot_uptimes: 494
tot_uptimes_duration: 29580.018239999772
