comms_cons: 192.98767358736572
finished_reconf: true
global_termination_time: 1925556.91124
local_termination_time: 40739.474880000176
node_cons: 39644.47999927111
tot_aggregated_send: 26854
tot_msg_rcv: 781
tot_msg_sent: 1698
tot_reconf_duration: 11.31
tot_sleeping_duration: 1895960.8537200065
tot_uptimes: 494
tot_uptimes_duration: 29596.05751999355
