comms_cons: 94.81263358871801
finished_reconf: true
global_termination_time: 898742.421
local_termination_time: 298641.8393600001
node_cons: 18499.104990074542
tot_aggregated_send: 11484
tot_msg_rcv: 1073
tot_msg_sent: 1853
tot_reconf_duration: 15.34
tot_sleeping_duration: 884942.366280004
tot_uptimes: 231
tot_uptimes_duration: 13800.054719995882
