comms_cons: 92.78906239335683
finished_reconf: true
global_termination_time: 899056.904
local_termination_time: 276272.74436
node_cons: 18486.687465597945
tot_aggregated_send: 11832
tot_msg_rcv: 760
tot_msg_sent: 1512
tot_reconf_duration: 6.22
tot_sleeping_duration: 885256.8736000016
tot_uptimes: 231
tot_uptimes_duration: 13800.030399998475
