comms_cons: 116.5549183963691
finished_reconf: true
global_termination_time: 1188947.2
local_termination_time: 653590.73
node_cons: 24452.602350389516
tot_aggregated_send: 16240
tot_msg_rcv: 422
tot_msg_sent: 1054
tot_reconf_duration: 18.700000000000003
tot_sleeping_duration: 1170704.3264000078
tot_uptimes: 305
tot_uptimes_duration: 18242.873599992192
