comms_cons: 115.2017919989362
finished_reconf: true
global_termination_time: 1190596.702
local_termination_time: 730951.1190799987
node_cons: 24439.520200000068
tot_aggregated_send: 16704
tot_msg_rcv: 281
tot_msg_sent: 525
tot_reconf_duration: 11.899999999999999
tot_sleeping_duration: 1172356.702
tot_uptimes: 305
tot_uptimes_duration: 18240.0
