comms_cons: 121.62981119233729
finished_reconf: true
global_termination_time: 1189062.297
local_termination_time: 326334.01036
node_cons: 24431.888171190174
tot_aggregated_send: 16066
tot_msg_rcv: 899
tot_msg_sent: 1522
tot_reconf_duration: 6.22
tot_sleeping_duration: 1170822.2362000074
tot_uptimes: 305
tot_uptimes_duration: 18240.060799992665
