comms_cons: 604.3563589012774
finished_reconf: true
global_termination_time: 3076134.2725999975
local_termination_time: 3409.61648
node_cons: 63272.886610629765
tot_aggregated_send: 0
tot_msg_rcv: 46213
tot_msg_sent: 45642
tot_reconf_duration: 18.21
tot_sleeping_duration: 3028898.904840004
tot_uptimes: 788
tot_uptimes_duration: 47235.3677599933
