comms_cons: 307.6314880203445
finished_reconf: true
global_termination_time: 3076134.6031199913
local_termination_time: 315860.655
node_cons: 63312.53820636835
tot_aggregated_send: 43150
tot_msg_rcv: 1238
tot_msg_sent: 2371
tot_reconf_duration: 22.65
tot_sleeping_duration: 3028874.1255200137
tot_uptimes: 788
tot_uptimes_duration: 47260.47759997728
