comms_cons: 1.5526911999969817
finished_reconf: true
global_termination_time: 15202.696
local_termination_time: 5791.616359999999
node_cons: 245.16189999999904
tot_aggregated_send: 0
tot_msg_rcv: 120
tot_msg_sent: 116
tot_reconf_duration: 3.05
tot_sleeping_duration: 15022.696
tot_uptimes: 4
tot_uptimes_duration: 180.0
