comms_cons: 2.2829823999945673
finished_reconf: true
global_termination_time: 16048.253
local_termination_time: 5912.19748
node_cons: 331.97956000000204
tot_aggregated_send: 0
tot_msg_rcv: 178
tot_msg_sent: 169
tot_reconf_duration: 7.819999999999999
tot_sleeping_duration: 15808.253
tot_uptimes: 5
tot_uptimes_duration: 240.0
