comms_cons: 288.17021441126724
finished_reconf: true
global_termination_time: 2872373.438
local_termination_time: 808511.772
node_cons: 59080.711831507775
tot_aggregated_send: 40076
tot_msg_rcv: 1186
tot_msg_sent: 2540
tot_reconf_duration: 22.65
tot_sleeping_duration: 2828273.3983200085
tot_uptimes: 736
tot_uptimes_duration: 44100.03967999166
