comms_cons: 288.067283208994
finished_reconf: true
global_termination_time: 2877159.298
local_termination_time: 717914.07636
node_cons: 59136.82082670029
tot_aggregated_send: 40426
tot_msg_rcv: 1094
tot_msg_sent: 2264
tot_reconf_duration: 4.8100000000000005
tot_sleeping_duration: 2832999.261520014
tot_uptimes: 737
tot_uptimes_duration: 44160.03647998604
