comms_cons: 236.53000958486948
finished_reconf: true
global_termination_time: 2368835.406
local_termination_time: 459748.51236000005
node_cons: 48716.83940558356
tot_aggregated_send: 33060
tot_msg_rcv: 987
tot_msg_sent: 1905
tot_reconf_duration: 22.65
tot_sleeping_duration: 2332475.375600012
tot_uptimes: 607
tot_uptimes_duration: 36360.03039998817
