comms_cons: 324.1956861512656
finished_reconf: true
global_termination_time: 2373770.973
local_termination_time: 746017.3383599998
node_cons: 48781.76340334977
tot_aggregated_send: 0
tot_msg_rcv: 24860
tot_msg_sent: 24415
tot_reconf_duration: 11.31
tot_sleeping_duration: 2337350.954760007
tot_uptimes: 608
tot_uptimes_duration: 36420.0182399929
