comms_cons: 235.01358078548566
finished_reconf: true
global_termination_time: 2373140.609
local_termination_time: 1447668.8594799999
node_cons: 48773.77836334976
tot_aggregated_send: 32944
tot_msg_rcv: 977
tot_msg_sent: 1799
tot_reconf_duration: 5.43
tot_sleeping_duration: 2336720.5907600075
tot_uptimes: 608
tot_uptimes_duration: 36420.0182399929
