comms_cons: 33.48154880006164
finished_reconf: true
global_termination_time: 340610.2824800007
local_termination_time: 340593.9580000005
node_cons: 7054.850570720993
tot_aggregated_send: 5046
tot_msg_rcv: 14
tot_msg_sent: 29
tot_reconf_duration: 3.05
tot_sleeping_duration: 335344.63
tot_uptimes: 88
tot_uptimes_duration: 5265.652480000688
