comms_cons: 36.547456000173526
finished_reconf: true
global_termination_time: 372045.193
local_termination_time: 125592.471
node_cons: 7652.290382719245
tot_aggregated_send: 5330
tot_msg_rcv: 54
tot_msg_sent: 171
tot_reconf_duration: 11.899999999999999
tot_sleeping_duration: 366342.33252000064
tot_uptimes: 96
tot_uptimes_duration: 5702.860479999421
