comms_cons: 36.61324800039842
finished_reconf: true
global_termination_time: 370618.84496000025
local_termination_time: 45270.03452000017
node_cons: 7586.010667440316
tot_aggregated_send: 5162
tot_msg_rcv: 111
tot_msg_sent: 291
tot_reconf_duration: 7.819999999999999
tot_sleeping_duration: 364961.346
tot_uptimes: 95
tot_uptimes_duration: 5657.49896000023
