comms_cons: 121.57703679650692
finished_reconf: true
global_termination_time: 1232934.737
local_termination_time: 555213.0093599999
node_cons: 25337.85870000007
tot_aggregated_send: 17690
tot_msg_rcv: 344
tot_msg_sent: 445
tot_reconf_duration: 22.65
tot_sleeping_duration: 1214034.737
tot_uptimes: 316
tot_uptimes_duration: 18900.0
