comms_cons: 122.33701119651161
finished_reconf: true
global_termination_time: 1228008.025
local_termination_time: 518939.0474000004
node_cons: 25243.911540000045
tot_aggregated_send: 17226
tot_msg_rcv: 395
tot_msg_sent: 973
tot_reconf_duration: 12.629999999999999
tot_sleeping_duration: 1209168.025
tot_uptimes: 315
tot_uptimes_duration: 18840.0
