comms_cons: 120.46515199627004
finished_reconf: true
global_termination_time: 1228711.475
local_termination_time: 582957.2795999998
node_cons: 25252.154599999976
tot_aggregated_send: 17748
tot_msg_rcv: 229
tot_msg_sent: 333
tot_reconf_duration: 18.700000000000003
tot_sleeping_duration: 1209871.475
tot_uptimes: 315
tot_uptimes_duration: 18840.0
