comms_cons: 120.62963199981961
finished_reconf: true
global_termination_time: 1233019.352
local_termination_time: 1149739.4153999994
node_cons: 25321.97010000029
tot_aggregated_send: 17922
tot_msg_rcv: 157
tot_msg_sent: 256
tot_reconf_duration: 10.95
tot_sleeping_duration: 1214119.352
tot_uptimes: 316
tot_uptimes_duration: 18900.0
