comms_cons: 114.64255999585308
finished_reconf: true
global_termination_time: 1158394.167
local_termination_time: 698404.8242799992
node_cons: 23811.398700000067
tot_aggregated_send: 16414
tot_msg_rcv: 331
tot_msg_sent: 680
tot_reconf_duration: 22.65
tot_sleeping_duration: 1140634.167
tot_uptimes: 297
tot_uptimes_duration: 17760.0
