comms_cons: 116.65579519163639
finished_reconf: true
global_termination_time: 1158330.952
local_termination_time: 408499.6196000001
node_cons: 23791.27584223371
tot_aggregated_send: 15776
tot_msg_rcv: 564
tot_msg_sent: 1391
tot_reconf_duration: 7.819999999999999
tot_sleeping_duration: 1140570.9398400048
tot_uptimes: 297
tot_uptimes_duration: 17760.01215999527
