comms_cons: 117.85978879260152
finished_reconf: true
global_termination_time: 1161265.626
local_termination_time: 563325.9976399993
node_cons: 23869.44304223382
tot_aggregated_send: 15834
tot_msg_rcv: 688
tot_msg_sent: 1392
tot_reconf_duration: 6.22
tot_sleeping_duration: 1143445.6138400047
tot_uptimes: 298
tot_uptimes_duration: 17820.01215999527
