comms_cons: 237.47027199771478
finished_reconf: true
global_termination_time: 2402840.177
local_termination_time: 1111949.97736
node_cons: 49433.83732111611
tot_aggregated_send: 34742
tot_msg_rcv: 440
tot_msg_sent: 912
tot_reconf_duration: 18.21
tot_sleeping_duration: 2365940.1709200023
tot_uptimes: 616
tot_uptimes_duration: 36900.006079997635
