comms_cons: 241.6420543858644
finished_reconf: true
global_termination_time: 2402764.951
local_termination_time: 518571.0386
node_cons: 49415.0941844666
tot_aggregated_send: 33640
tot_msg_rcv: 1056
tot_msg_sent: 2032
tot_reconf_duration: 4.390000000000001
tot_sleeping_duration: 2365864.9266800093
tot_uptimes: 616
tot_uptimes_duration: 36900.02431999054
