comms_cons: 107.1626367972915
finished_reconf: true
global_termination_time: 1090521.577
local_termination_time: 434625.1183600001
node_cons: 22435.691720000068
tot_aggregated_send: 15834
tot_msg_rcv: 120
tot_msg_sent: 334
tot_reconf_duration: 15.34
tot_sleeping_duration: 1073781.577
tot_uptimes: 280
tot_uptimes_duration: 16740.0
