comms_cons: 107.20148479728937
finished_reconf: true
global_termination_time: 1092788.272
local_termination_time: 857543.5423599998
node_cons: 22421.7858
tot_aggregated_send: 15950
tot_msg_rcv: 115
tot_msg_sent: 229
tot_reconf_duration: 5.1
tot_sleeping_duration: 1076048.272
tot_uptimes: 280
tot_uptimes_duration: 16740.0
