comms_cons: 86.75991039964003
finished_reconf: true
global_termination_time: 864499.4994799999
local_termination_time: 864499.4583599999
node_cons: 17806.907942084115
tot_aggregated_send: 12050
tot_msg_rcv: 370
tot_msg_sent: 766
tot_reconf_duration: 24.59
tot_sleeping_duration: 851225.7767599969
tot_uptimes: 222
tot_uptimes_duration: 13273.722720003047
