comms_cons: 82.3518464001877
finished_reconf: true
global_termination_time: 868612.697
local_termination_time: 428160.1050800001
node_cons: 17843.926759999988
tot_aggregated_send: 12006
tot_msg_rcv: 154
tot_msg_sent: 357
tot_reconf_duration: 6.22
tot_sleeping_duration: 855292.697
tot_uptimes: 223
tot_uptimes_duration: 13320.0
