comms_cons: 81.79896320111419
finished_reconf: true
global_termination_time: 869824.078
local_termination_time: 256588.88788000043
node_cons: 17850.871544485744
tot_aggregated_send: 11310
tot_msg_rcv: 307
tot_msg_sent: 815
tot_reconf_duration: 11.31
tot_sleeping_duration: 856504.0536799957
tot_uptimes: 223
tot_uptimes_duration: 13320.024320004275
