comms_cons: 159.97324799466995
finished_reconf: true
global_termination_time: 1611346.6474799998
local_termination_time: 1611346.6063599999
node_cons: 33151.831659841264
tot_aggregated_send: 23128
tot_msg_rcv: 425
tot_msg_sent: 761
tot_reconf_duration: 24.59
tot_sleeping_duration: 1586612.9369199988
tot_uptimes: 413
tot_uptimes_duration: 24733.71056000091
