comms_cons: 279.4696062058512
finished_reconf: true
global_termination_time: 1613723.429
local_termination_time: 218203.12436000005
node_cons: 33184.57004111685
tot_aggregated_send: 0
tot_msg_rcv: 21417
tot_msg_sent: 21060
tot_reconf_duration: 3.05
tot_sleeping_duration: 1588943.4229200024
tot_uptimes: 414
tot_uptimes_duration: 24780.006079997635
