comms_cons: 930.9281043597098
finished_reconf: true
global_termination_time: 4729935.283599998
local_termination_time: 1864.9980400000015
node_cons: 97337.05475174512
tot_aggregated_send: 0
tot_msg_rcv: 71257
tot_msg_sent: 70237
tot_reconf_duration: 18.21
tot_sleeping_duration: 4657259.909760007
tot_uptimes: 1212
tot_uptimes_duration: 72675.37383999093
