comms_cons: 468.76993287204573
finished_reconf: true
global_termination_time: 4729990.707
local_termination_time: 2049319.53036
node_cons: 97392.93614334881
tot_aggregated_send: 65656
tot_msg_rcv: 1771
tot_msg_sent: 3822
tot_reconf_duration: 15.34
tot_sleeping_duration: 4657270.688760007
tot_uptimes: 1212
tot_uptimes_duration: 72720.0182399936
