comms_cons: 474.0356096892458
finished_reconf: true
global_termination_time: 4730936.082
local_termination_time: 474730.53336
node_cons: 97297.75860782088
tot_aggregated_send: 66120
tot_msg_rcv: 2129
tot_msg_sent: 3801
tot_reconf_duration: 4.390000000000001
tot_sleeping_duration: 4658276.039440013
tot_uptimes: 1212
tot_uptimes_duration: 72660.0425599878
