comms_cons: 64.04746239885296
finished_reconf: true
global_termination_time: 636912.203
local_termination_time: 34677.303600000014
node_cons: 13103.948240000018
tot_aggregated_send: 9048
tot_msg_rcv: 296
tot_msg_sent: 391
tot_reconf_duration: 6.279999999999999
tot_sleeping_duration: 627132.203
tot_uptimes: 164
tot_uptimes_duration: 9780.0
