comms_cons: 63.166899199965194
finished_reconf: true
global_termination_time: 639060.347
local_termination_time: 231696.79588000086
node_cons: 13106.03955999999
tot_aggregated_send: 9164
tot_msg_rcv: 154
tot_msg_sent: 283
tot_reconf_duration: 7.819999999999999
tot_sleeping_duration: 629280.347
tot_uptimes: 164
tot_uptimes_duration: 9780.0
