comms_cons: 85.90561919258855
finished_reconf: true
global_termination_time: 812763.9722400003
local_termination_time: 374960.6286000006
node_cons: 16796.465696066076
tot_aggregated_send: 9860
tot_msg_rcv: 1089
tot_msg_sent: 2108
tot_reconf_duration: 18.21
tot_sleeping_duration: 800238.4035200108
tot_uptimes: 209
tot_uptimes_duration: 12525.568719989562
