comms_cons: 80.65441279900944
finished_reconf: true
global_termination_time: 815660.173
local_termination_time: 747471.5669599987
node_cons: 16741.478700000054
tot_aggregated_send: 11716
tot_msg_rcv: 216
tot_msg_sent: 327
tot_reconf_duration: 22.65
tot_sleeping_duration: 803180.173
tot_uptimes: 209
tot_uptimes_duration: 12480.0
