comms_cons: 79.69384959966774
finished_reconf: true
global_termination_time: 813482.334
local_termination_time: 652366.9433599999
node_cons: 16714.861900000087
tot_aggregated_send: 11890
tot_msg_rcv: 51
tot_msg_sent: 172
tot_reconf_duration: 3.05
tot_sleeping_duration: 801002.334
tot_uptimes: 209
tot_uptimes_duration: 12480.0
