comms_cons: 58.89699840565404
finished_reconf: true
global_termination_time: 299723.892
local_termination_time: 11069.299359999999
node_cons: 6136.606841121436
tot_aggregated_send: 0
tot_msg_rcv: 4564
tot_msg_sent: 4388
tot_reconf_duration: 22.65
tot_sleeping_duration: 295163.8859199989
tot_uptimes: 77
tot_uptimes_duration: 4560.006080001069
