comms_cons: 30.470156800179915
finished_reconf: true
global_termination_time: 298638.515
local_termination_time: 137779.80036000005
node_cons: 6112.388262242865
tot_aggregated_send: 3886
tot_msg_rcv: 224
tot_msg_sent: 522
tot_reconf_duration: 4.8100000000000005
tot_sleeping_duration: 294078.5028399979
tot_uptimes: 77
tot_uptimes_duration: 4560.0121600021375
