comms_cons: 372.19630082690514
finished_reconf: true
global_termination_time: 3755427.703
local_termination_time: 1173335.15436
node_cons: 77219.15208558274
tot_aggregated_send: 52780
tot_msg_rcv: 1237
tot_msg_sent: 2554
tot_reconf_duration: 9.11
tot_sleeping_duration: 3697767.672600012
tot_uptimes: 962
tot_uptimes_duration: 57660.030399988405
