comms_cons: 373.2972288320046
finished_reconf: true
global_termination_time: 3754966.847
local_termination_time: 1085935.5393599998
node_cons: 77219.58120669966
tot_aggregated_send: 52142
tot_msg_rcv: 1462
tot_msg_sent: 3135
tot_reconf_duration: 9.42
tot_sleeping_duration: 3697306.810520014
tot_uptimes: 962
tot_uptimes_duration: 57660.03647998627
