comms_cons: 376.8774912626303
finished_reconf: true
global_termination_time: 3755568.313
local_termination_time: 102645.35535999997
node_cons: 77213.34525005579
tot_aggregated_send: 52606
tot_msg_rcv: 1538
tot_msg_sent: 3139
tot_reconf_duration: 4.8100000000000005
tot_sleeping_duration: 3697908.258280017
tot_uptimes: 962
tot_uptimes_duration: 57660.05471998331
