comms_cons: 377.63950083259715
finished_reconf: true
global_termination_time: 3757491.092
local_termination_time: 1889515.6662799993
node_cons: 77297.72398334966
tot_aggregated_send: 52548
tot_msg_rcv: 1605
tot_msg_sent: 3246
tot_reconf_duration: 7.819999999999999
tot_sleeping_duration: 3699771.0737600066
tot_uptimes: 963
tot_uptimes_duration: 57720.0182399936
