comms_cons: 156.49127038518117
finished_reconf: true
global_termination_time: 1541055.70424
local_termination_time: 4741.120999999999
node_cons: 31703.911385021383
tot_aggregated_send: 20395
tot_msg_rcv: 1189
tot_msg_sent: 2201
tot_reconf_duration: 21.68
tot_sleeping_duration: 1517400.386880014
tot_uptimes: 395
tot_uptimes_duration: 23655.317359986064
