comms_cons: 152.76848638199905
finished_reconf: true
global_termination_time: 1543014.888
local_termination_time: 3986.2980000000002
node_cons: 31739.98174125205
tot_aggregated_send: 19368
tot_msg_rcv: 1428
tot_msg_sent: 2423
tot_reconf_duration: 4.07
tot_sleeping_duration: 1519314.7724800208
tot_uptimes: 396
tot_uptimes_duration: 23700.115519979096
