comms_cons: 154.21244158625402
finished_reconf: true
global_termination_time: 1541628.124
local_termination_time: 5498.986
node_cons: 31670.046723505006
tot_aggregated_send: 19882
tot_msg_rcv: 1206
tot_msg_sent: 2351
tot_reconf_duration: 11.719999999999999
tot_sleeping_duration: 1517987.9963200113
tot_uptimes: 395
tot_uptimes_duration: 23640.12767998877
