comms_cons: 62.568192000684135
finished_reconf: true
global_termination_time: 643842.424
local_termination_time: 312479.0863600001
node_cons: 13196.608002242916
tot_aggregated_send: 8526
tot_msg_rcv: 298
tot_msg_sent: 686
tot_reconf_duration: 15.34
tot_sleeping_duration: 634002.4118399979
tot_uptimes: 165
tot_uptimes_duration: 9840.012160002138
