comms_cons: 64.44984320036825
finished_reconf: true
global_termination_time: 645882.799
local_termination_time: 136945.67548000006
node_cons: 13262.640121121447
tot_aggregated_send: 8874
tot_msg_rcv: 303
tot_msg_sent: 619
tot_reconf_duration: 4.8100000000000005
tot_sleeping_duration: 635982.7929199989
tot_uptimes: 166
tot_uptimes_duration: 9900.006080001069
