comms_cons: 63.47463679980962
finished_reconf: true
global_termination_time: 647805.725
local_termination_time: 164615.52916000033
node_cons: 13264.546760000023
tot_aggregated_send: 8990
tot_msg_rcv: 206
tot_msg_sent: 451
tot_reconf_duration: 6.22
tot_sleeping_duration: 637905.725
tot_uptimes: 166
tot_uptimes_duration: 9900.000000000002
