comms_cons: 131.71683839664897
finished_reconf: true
global_termination_time: 1331817.9594799997
local_termination_time: 1331817.9183599998
node_cons: 27465.09307871984
tot_aggregated_send: 19230
tot_msg_rcv: 262
tot_msg_sent: 528
tot_reconf_duration: 37.410000000000004
tot_sleeping_duration: 1311344.255
tot_uptimes: 342
tot_uptimes_duration: 20473.70447999984
