comms_cons: 131.7682175987369
finished_reconf: true
global_termination_time: 1334980.653
local_termination_time: 363307.47436000005
node_cons: 27402.865800000014
tot_aggregated_send: 19198
tot_msg_rcv: 310
tot_msg_sent: 520
tot_reconf_duration: 5.1
tot_sleeping_duration: 1314520.653
tot_uptimes: 342
tot_uptimes_duration: 20460.0
