comms_cons: 132.90554879574208
finished_reconf: true
global_termination_time: 1332472.939
local_termination_time: 360401.33620000014
node_cons: 27421.33459999998
tot_aggregated_send: 18850
tot_msg_rcv: 553
tot_msg_sent: 797
tot_reconf_duration: 18.700000000000003
tot_sleeping_duration: 1312012.939
tot_uptimes: 342
tot_uptimes_duration: 20460.0
