comms_cons: 373.87024641845164
finished_reconf: true
global_termination_time: 3808824.891
local_termination_time: 1504761.7026799985
node_cons: 78340.06080446577
tot_aggregated_send: 53012
tot_msg_rcv: 1201
tot_msg_sent: 2614
tot_reconf_duration: 6.279999999999999
tot_sleeping_duration: 3750324.866680009
tot_uptimes: 976
tot_uptimes_duration: 58500.02431999077
