comms_cons: 371.00033279309537
finished_reconf: true
global_termination_time: 3810806.7
local_termination_time: 2191917.0947999996
node_cons: 78349.38485999798
tot_aggregated_send: 54694
tot_msg_rcv: 573
tot_msg_sent: 1121
tot_reconf_duration: 13.17
tot_sleeping_duration: 3752306.7
tot_uptimes: 976
tot_uptimes_duration: 58500.0
