comms_cons: 379.22626562237804
finished_reconf: true
global_termination_time: 3807774.316
local_termination_time: 1185690.3483599997
node_cons: 78419.24650446532
tot_aggregated_send: 52838
tot_msg_rcv: 1584
tot_msg_sent: 3216
tot_reconf_duration: 5.43
tot_sleeping_duration: 3749214.2916800096
tot_uptimes: 976
tot_uptimes_duration: 58560.02431999054
