comms_cons: 587.587200051528
finished_reconf: true
global_termination_time: 6029390.929
local_termination_time: 2412847.66548
node_cons: 124052.5647655819
tot_aggregated_send: 84622
tot_msg_rcv: 1609
tot_msg_sent: 3079
tot_reconf_duration: 5.57
tot_sleeping_duration: 5936750.89860001
tot_uptimes: 1545
tot_uptimes_duration: 92640.0303999891
