comms_cons: 609.5281793657562
finished_reconf: true
global_termination_time: 6028184.935119992
local_termination_time: 22015.5046
node_cons: 124045.59430643001
tot_aggregated_send: 82476
tot_msg_rcv: 3329
tot_msg_sent: 6840
tot_reconf_duration: 22.65
tot_sleeping_duration: 5935567.432800027
tot_uptimes: 1544
tot_uptimes_duration: 92617.50231996557
