comms_cons: 601.500736146565
finished_reconf: true
global_termination_time: 6030471.514
local_termination_time: 740312.2683599999
node_cons: 124049.17517004952
tot_aggregated_send: 83694
tot_msg_rcv: 2555
tot_msg_sent: 5174
tot_reconf_duration: 3.05
tot_sleeping_duration: 5937831.45928002
tot_uptimes: 1545
tot_uptimes_duration: 92640.05471998011
