comms_cons: 40.5212928002913
finished_reconf: true
global_termination_time: 412311.166
local_termination_time: 62601.93648000002
node_cons: 8452.859681121447
tot_aggregated_send: 5916
tot_msg_rcv: 80
tot_msg_sent: 163
tot_reconf_duration: 12.629999999999999
tot_sleeping_duration: 406011.15991999896
tot_uptimes: 106
tot_uptimes_duration: 6300.006080001069
