comms_cons: 41.10671360050225
finished_reconf: true
global_termination_time: 411874.454
local_termination_time: 29750.090480000006
node_cons: 8472.734262720016
tot_aggregated_send: 5800
tot_msg_rcv: 161
tot_msg_sent: 287
tot_reconf_duration: 15.34
tot_sleeping_duration: 405562.35352
tot_uptimes: 106
tot_uptimes_duration: 6312.100480000005
