comms_cons: 270.04984322727535
finished_reconf: true
global_termination_time: 2809842.904
local_termination_time: 6929.3949999999995
node_cons: 57874.24143999896
tot_aggregated_send: 39825
tot_msg_rcv: 505
tot_msg_sent: 716
tot_reconf_duration: 21.68
tot_sleeping_duration: 2766642.904
tot_uptimes: 720
tot_uptimes_duration: 43200.0
