comms_cons: 266.84424964163765
finished_reconf: true
global_termination_time: 2809126.554
local_termination_time: 5194.72
node_cons: 57848.577942233256
tot_aggregated_send: 38624
tot_msg_rcv: 825
tot_msg_sent: 1109
tot_reconf_duration: 2.77
tot_sleeping_duration: 2765926.5418400043
tot_uptimes: 720
tot_uptimes_duration: 43200.012159995735
