comms_cons: 281.60291842232056
finished_reconf: true
global_termination_time: 2810704.0
local_termination_time: 5022.161
node_cons: 57863.65441005172
tot_aggregated_send: 38672
tot_msg_rcv: 1491
tot_msg_sent: 2639
tot_reconf_duration: 13.83
tot_sleeping_duration: 2767503.9452800206
tot_uptimes: 720
tot_uptimes_duration: 43200.05471997964
