comms_cons: 277.9319680065598
finished_reconf: true
global_termination_time: 2811350.677
local_termination_time: 5713.254
node_cons: 57854.74052558375
tot_aggregated_send: 39026
tot_msg_rcv: 1117
tot_msg_sent: 2101
tot_reconf_duration: 7.29
tot_sleeping_duration: 2768150.6466000113
tot_uptimes: 720
tot_uptimes_duration: 43200.03039998864
