comms_cons: 244.26520320767713
finished_reconf: true
global_termination_time: 2418279.64548
local_termination_time: 2418279.6043599998
node_cons: 49782.268647662975
tot_aggregated_send: 33336
tot_msg_rcv: 1220
tot_msg_sent: 2568
tot_reconf_duration: 24.59
tot_sleeping_duration: 2381125.892360012
tot_uptimes: 620
tot_uptimes_duration: 37153.75311998802
