comms_cons: 244.05473919796674
finished_reconf: true
global_termination_time: 2419183.239
local_termination_time: 117981.57347999996
node_cons: 49745.875967822074
tot_aggregated_send: 33408
tot_msg_rcv: 1189
tot_msg_sent: 2494
tot_reconf_duration: 11.31
tot_sleeping_duration: 2382043.196440013
tot_uptimes: 620
tot_uptimes_duration: 37140.04255998711
