comms_cons: 36.2777088003383
finished_reconf: true
global_termination_time: 370052.415
local_termination_time: 142616.25604000076
node_cons: 7559.524060000019
tot_aggregated_send: 5278
tot_msg_rcv: 66
tot_msg_sent: 170
tot_reconf_duration: 5.57
tot_sleeping_duration: 364412.415
tot_uptimes: 95
tot_uptimes_duration: 5640.0
