comms_cons: 490.68861448161374
finished_reconf: true
global_termination_time: 4920602.871
local_termination_time: 825494.4063599999
node_cons: 101232.59888781623
tot_aggregated_send: 68556
tot_msg_rcv: 2012
tot_msg_sent: 4012
tot_reconf_duration: 3.05
tot_sleeping_duration: 4845002.828440016
tot_uptimes: 1261
tot_uptimes_duration: 75600.04255998437
