comms_cons: 100.33975039686976
finished_reconf: true
global_termination_time: 1007113.032
local_termination_time: 278413.73748000007
node_cons: 20653.91198000003
tot_aggregated_send: 14152
tot_msg_rcv: 344
tot_msg_sent: 754
tot_reconf_duration: 4.8100000000000005
tot_sleeping_duration: 991693.032
tot_uptimes: 258
tot_uptimes_duration: 15420.0
