comms_cons: 1.4276863999994682
finished_reconf: true
global_termination_time: 8025.513240000009
local_termination_time: 5523.798360000001
node_cons: 251.06736936001354
tot_aggregated_send: 0
tot_msg_rcv: 120
tot_msg_sent: 97
tot_reconf_duration: 22.65
tot_sleeping_duration: 7860.981
tot_uptimes: 3
tot_uptimes_duration: 164.53224000000955
