comms_cons: 1.4540031999972898
finished_reconf: true
global_termination_time: 9081.723
local_termination_time: 4584.784360000001
node_cons: 178.5648600000001
tot_aggregated_send: 0
tot_msg_rcv: 116
tot_msg_sent: 104
tot_reconf_duration: 13.17
tot_sleeping_duration: 8961.723
tot_uptimes: 3
tot_uptimes_duration: 120.0
