comms_cons: 197.29047038846053
finished_reconf: true
global_termination_time: 1976627.376
local_termination_time: 123277.80635999997
node_cons: 40676.80988559307
tot_aggregated_send: 27782
tot_msg_rcv: 713
tot_msg_sent: 1492
tot_reconf_duration: 18.21
tot_sleeping_duration: 1946267.3456000048
tot_uptimes: 507
tot_uptimes_duration: 30360.03039999504
