comms_cons: 194.1324543889199
finished_reconf: true
global_termination_time: 1977938.981
local_termination_time: 1409267.6608799992
node_cons: 40672.888002233485
tot_aggregated_send: 27434
tot_msg_rcv: 666
tot_msg_sent: 1407
tot_reconf_duration: 15.34
tot_sleeping_duration: 1947578.9688400046
tot_uptimes: 507
tot_uptimes_duration: 30360.01215999527
