comms_cons: 199.88455678304837
finished_reconf: true
global_termination_time: 1978324.463
local_termination_time: 764987.2693599999
node_cons: 40658.034184467055
tot_aggregated_send: 26970
tot_msg_rcv: 1259
tot_msg_sent: 2153
tot_reconf_duration: 4.390000000000001
tot_sleeping_duration: 1947964.4386800095
tot_uptimes: 507
tot_uptimes_duration: 30360.024319990538
