comms_cons: 196.14036478508459
finished_reconf: true
global_termination_time: 1975206.655
local_termination_time: 770536.76336
node_cons: 40575.85004111661
tot_aggregated_send: 27028
tot_msg_rcv: 1038
tot_msg_sent: 1748
tot_reconf_duration: 3.05
tot_sleeping_duration: 1944906.6489200024
tot_uptimes: 506
tot_uptimes_duration: 30300.006079997635
