comms_cons: 91.59774079625849
finished_reconf: true
global_termination_time: 895856.858
local_termination_time: 207719.71936000005
node_cons: 18402.075204481134
tot_aggregated_send: 11948
tot_msg_rcv: 704
tot_msg_sent: 1271
tot_reconf_duration: 3.08
tot_sleeping_duration: 882116.8336799991
tot_uptimes: 230
tot_uptimes_duration: 13740.02432000084
