comms_cons: 90.81990399617924
finished_reconf: true
global_termination_time: 893590.411
local_termination_time: 224431.10836000007
node_cons: 18338.080085598005
tot_aggregated_send: 11832
tot_msg_rcv: 718
tot_msg_sent: 1254
tot_reconf_duration: 15.110000000000001
tot_sleeping_duration: 879910.3806000014
tot_uptimes: 229
tot_uptimes_duration: 13680.030399998475
