comms_cons: 88.79869439510568
finished_reconf: true
global_termination_time: 892474.335
local_termination_time: 213679.55536000003
node_cons: 18330.336783359697
tot_aggregated_send: 12122
tot_msg_rcv: 423
tot_msg_sent: 951
tot_reconf_duration: 9.42
tot_sleeping_duration: 878794.3167600002
tot_uptimes: 229
tot_uptimes_duration: 13680.018239999772
