comms_cons: 89.100710395947
finished_reconf: true
global_termination_time: 894767.06
local_termination_time: 289846.24476000044
node_cons: 18415.04410447196
tot_aggregated_send: 11948
tot_msg_rcv: 555
tot_msg_sent: 1040
tot_reconf_duration: 12.629999999999999
tot_sleeping_duration: 881027.035680006
tot_uptimes: 230
tot_uptimes_duration: 13740.024319993972
