comms_cons: 89.51064319583895
finished_reconf: true
global_termination_time: 895250.893
local_termination_time: 602777.8083599998
node_cons: 18413.243403359636
tot_aggregated_send: 12238
tot_msg_rcv: 500
tot_msg_sent: 868
tot_reconf_duration: 11.31
tot_sleeping_duration: 881510.8747600003
tot_uptimes: 230
tot_uptimes_duration: 13740.018239999772
