comms_cons: 91.93962239845516
finished_reconf: true
global_termination_time: 940534.621
local_termination_time: 356891.9323600001
node_cons: 19312.366841121493
tot_aggregated_send: 13456
tot_msg_rcv: 197
tot_msg_sent: 321
tot_reconf_duration: 22.65
tot_sleeping_duration: 926134.614919999
tot_uptimes: 241
tot_uptimes_duration: 14400.006080001069
