comms_cons: 92.58906239957274
finished_reconf: true
global_termination_time: 943006.059
local_termination_time: 262385.9065600007
node_cons: 19368.471980000028
tot_aggregated_send: 13340
tot_msg_rcv: 232
tot_msg_sent: 500
tot_reconf_duration: 4.8100000000000005
tot_sleeping_duration: 928546.059
tot_uptimes: 242
tot_uptimes_duration: 14460.000000000002
