comms_cons: 0.19737599999934904
finished_reconf: true
global_termination_time: 3610.7509600000026
local_termination_time: 3597.4153600000004
node_cons: 57.59820744000342
tot_aggregated_send: 0
tot_msg_rcv: 21
tot_msg_sent: 8
tot_reconf_duration: 13.17
tot_sleeping_duration: 3581.092
tot_uptimes: 1
tot_uptimes_duration: 29.65896000000248
