comms_cons: 106.2257599877251
finished_reconf: true
global_termination_time: 1017849.6348399987
local_termination_time: 1017849.5937199987
node_cons: 20995.682549823607
tot_aggregated_send: 13140
tot_msg_rcv: 1035
tot_msg_sent: 1969
tot_reconf_duration: 37.410000000000004
tot_sleeping_duration: 1002207.454280011
tot_uptimes: 261
tot_uptimes_duration: 15642.180559987726
