comms_cons: 104.26058239284359
finished_reconf: true
global_termination_time: 1018643.232
local_termination_time: 463867.5273600001
node_cons: 20892.57446447202
tot_aggregated_send: 13862
tot_msg_rcv: 765
tot_msg_sent: 1220
tot_reconf_duration: 3.05
tot_sleeping_duration: 1003043.207680006
tot_uptimes: 261
tot_uptimes_duration: 15600.024319993972
