comms_cons: 393.94401285140697
finished_reconf: true
global_termination_time: 3915160.637359997
local_termination_time: 23827.633480000008
node_cons: 80561.75849492308
tot_aggregated_send: 54636
tot_msg_rcv: 1724
tot_msg_sent: 3518
tot_reconf_duration: 5.1
tot_sleeping_duration: 3855000.194720023
tot_uptimes: 1003
tot_uptimes_duration: 60160.44263997393
