comms_cons: 396.0941568695568
finished_reconf: true
global_termination_time: 3915888.663
local_termination_time: 575921.7549599987
node_cons: 80504.93591005131
tot_aggregated_send: 53650
tot_msg_rcv: 2079
tot_msg_sent: 4475
tot_reconf_duration: 3.08
tot_sleeping_duration: 3855768.6082800203
tot_uptimes: 1003
tot_uptimes_duration: 60120.05471998011
