comms_cons: 390.4702656375249
finished_reconf: true
global_termination_time: 3918344.313
local_termination_time: 2511053.4897999982
node_cons: 80597.18019999785
tot_aggregated_send: 55506
tot_msg_rcv: 1186
tot_msg_sent: 2657
tot_reconf_duration: 11.899999999999999
tot_sleeping_duration: 3858164.313
tot_uptimes: 1004
tot_uptimes_duration: 60180.0
