comms_cons: 29.40902400003825
finished_reconf: true
global_termination_time: 298492.115
local_termination_time: 63190.656720000115
node_cons: 6112.3719800000035
tot_aggregated_send: 4060
tot_msg_rcv: 118
tot_msg_sent: 292
tot_reconf_duration: 4.8100000000000005
tot_sleeping_duration: 293932.115
tot_uptimes: 77
tot_uptimes_duration: 4560.0
