comms_cons: 30.198528000454267
finished_reconf: true
global_termination_time: 297316.883
local_termination_time: 171000.40912000046
node_cons: 6121.198980000003
tot_aggregated_send: 4118
tot_msg_rcv: 192
tot_msg_sent: 280
tot_reconf_duration: 11.31
tot_sleeping_duration: 292756.883
tot_uptimes: 77
tot_uptimes_duration: 4560.0
