comms_cons: 31.016320000280707
finished_reconf: true
global_termination_time: 301314.615
local_termination_time: 93346.74971999993
node_cons: 6194.626760000008
tot_aggregated_send: 4118
tot_msg_rcv: 250
tot_msg_sent: 348
tot_reconf_duration: 6.22
tot_sleeping_duration: 296694.615
tot_uptimes: 78
tot_uptimes_duration: 4620.0
