comms_cons: 58.00943360051951
finished_reconf: true
global_termination_time: 566579.1461200005
local_termination_time: 34559.64616000008
node_cons: 11733.796005285556
tot_aggregated_send: 7656
tot_msg_rcv: 458
tot_msg_sent: 704
tot_reconf_duration: 4.390000000000001
tot_sleeping_duration: 557820.4945999964
tot_uptimes: 146
tot_uptimes_duration: 8758.651520004132
