comms_cons: 55.554764800464454
finished_reconf: true
global_termination_time: 569525.433
local_termination_time: 341928.84036000003
node_cons: 11664.658980000013
tot_aggregated_send: 8120
tot_msg_rcv: 106
tot_msg_sent: 218
tot_reconf_duration: 11.31
tot_sleeping_duration: 560825.433
tot_uptimes: 146
tot_uptimes_duration: 8700.0
