comms_cons: 154.9960127956027
finished_reconf: true
global_termination_time: 1571271.466
local_termination_time: 126072.38135999997
node_cons: 32305.20824000005
tot_aggregated_send: 22388
tot_msg_rcv: 419
tot_msg_sent: 751
tot_reconf_duration: 6.279999999999999
tot_sleeping_duration: 1547151.466
tot_uptimes: 403
tot_uptimes_duration: 24120.0
