comms_cons: 152.89229439929113
finished_reconf: true
global_termination_time: 1569836.375
local_termination_time: 1395393.67736
node_cons: 32322.074600000302
tot_aggregated_send: 23142
tot_msg_rcv: 31
tot_msg_sent: 65
tot_reconf_duration: 18.700000000000003
tot_sleeping_duration: 1545716.375
tot_uptimes: 403
tot_uptimes_duration: 24120.0
