comms_cons: 154.81703679737657
finished_reconf: true
global_termination_time: 1573000.688
local_termination_time: 1014997.216
node_cons: 32315.271074154047
tot_aggregated_send: 22440
tot_msg_rcv: 281
tot_msg_sent: 810
tot_reconf_duration: 11.899999999999999
tot_sleeping_duration: 1548878.8725600045
tot_uptimes: 403
tot_uptimes_duration: 24121.815439995495
