comms_cons: 66.36929279879605
finished_reconf: true
global_termination_time: 652710.443
local_termination_time: 330019.4371600003
node_cons: 13423.320121121447
tot_aggregated_send: 8932
tot_msg_rcv: 403
tot_msg_sent: 752
tot_reconf_duration: 4.8100000000000005
tot_sleeping_duration: 642690.4369199988
tot_uptimes: 168
tot_uptimes_duration: 10020.006080001069
