comms_cons: 401.9779964583262
finished_reconf: true
global_termination_time: 2032163.906
local_termination_time: 998.6940399999995
node_cons: 41801.56988558842
tot_aggregated_send: 0
tot_msg_rcv: 30942
tot_msg_sent: 30156
tot_reconf_duration: 18.21
tot_sleeping_duration: 2000963.8756000083
tot_uptimes: 521
tot_uptimes_duration: 31200.030399991607
