comms_cons: 204.72414718032775
finished_reconf: true
global_termination_time: 2031556.154
local_termination_time: 915291.7763599999
node_cons: 41785.36894558386
tot_aggregated_send: 27898
tot_msg_rcv: 1182
tot_msg_sent: 2036
tot_reconf_duration: 6.279999999999999
tot_sleeping_duration: 2000356.123600012
tot_uptimes: 521
tot_uptimes_duration: 31200.030399988173
