comms_cons: 202.67665278925546
finished_reconf: true
global_termination_time: 2033594.26
local_termination_time: 697089.3023599999
node_cons: 41783.76650558379
tot_aggregated_send: 28362
tot_msg_rcv: 788
tot_msg_sent: 1655
tot_reconf_duration: 5.1
tot_sleeping_duration: 2002394.2296000118
tot_uptimes: 521
tot_uptimes_duration: 31200.030399988173
