comms_cons: 228.83115519225552
finished_reconf: true
global_termination_time: 2313164.475999997
local_termination_time: 1730973.7629599995
node_cons: 47585.786869995325
tot_aggregated_send: 33292
tot_msg_rcv: 547
tot_msg_sent: 942
tot_reconf_duration: 5.1
tot_sleeping_duration: 2277631.346
tot_uptimes: 593
tot_uptimes_duration: 35533.129999997094
