comms_cons: 231.89476478424072
finished_reconf: true
global_termination_time: 2315174.774
local_termination_time: 1010932.1224799989
node_cons: 47595.637399999476
tot_aggregated_send: 32480
tot_msg_rcv: 1106
tot_msg_sent: 1660
tot_reconf_duration: 25.299999999999997
tot_sleeping_duration: 2279654.774
tot_uptimes: 593
tot_uptimes_duration: 35520.0
