comms_cons: 230.0877823904936
finished_reconf: true
global_termination_time: 2313164.17148
local_termination_time: 2313164.13036
node_cons: 47613.03980095715
tot_aggregated_send: 33278
tot_msg_rcv: 641
tot_msg_sent: 1052
tot_reconf_duration: 24.59
tot_sleeping_duration: 2277630.4548400017
tot_uptimes: 593
tot_uptimes_duration: 35533.71663999854
