comms_cons: 232.82025598140447
finished_reconf: true
global_termination_time: 2313164.28123999
local_termination_time: 32031.55948
node_cons: 47637.63921381376
tot_aggregated_send: 32132
tot_msg_rcv: 1164
tot_msg_sent: 2089
tot_reconf_duration: 11.31
tot_sleeping_duration: 2277598.7246800093
tot_uptimes: 593
tot_uptimes_duration: 35565.55655998085
