comms_cons: 104.8402559945572
finished_reconf: true
global_termination_time: 1032542.9975999998
local_termination_time: 1032542.9564799998
node_cons: 21261.623707355993
tot_aggregated_send: 13906
tot_msg_rcv: 618
tot_msg_sent: 1412
tot_reconf_duration: 24.59
tot_sleeping_duration: 1016689.2033600028
tot_uptimes: 265
tot_uptimes_duration: 15853.794239996976
