comms_cons: 103.89872639424544
finished_reconf: true
global_termination_time: 1034116.909
local_termination_time: 636577.2223599998
node_cons: 21217.13393999994
tot_aggregated_send: 14500
tot_msg_rcv: 484
tot_msg_sent: 808
tot_reconf_duration: 5.43
tot_sleeping_duration: 1018276.909
tot_uptimes: 265
tot_uptimes_duration: 15840.0
