comms_cons: 27.69185280020954
finished_reconf: true
global_termination_time: 279565.743
local_termination_time: 190809.23736000006
node_cons: 5728.877321121425
tot_aggregated_send: 3712
tot_msg_rcv: 163
tot_msg_sent: 334
tot_reconf_duration: 18.21
tot_sleeping_duration: 275305.73691999895
tot_uptimes: 72
tot_uptimes_duration: 4260.006080001069
