comms_cons: 81.4175999990535
finished_reconf: true
global_termination_time: 804014.816
local_termination_time: 195378.62584000014
node_cons: 16487.617424481163
tot_aggregated_send: 10846
tot_msg_rcv: 493
tot_msg_sent: 1036
tot_reconf_duration: 13.17
tot_sleeping_duration: 791714.7916799992
tot_uptimes: 206
tot_uptimes_duration: 12300.02432000084
