comms_cons: 80.91100159694021
finished_reconf: true
global_termination_time: 802813.33
local_termination_time: 602829.331119999
node_cons: 16476.264544476624
tot_aggregated_send: 11020
tot_msg_rcv: 444
tot_msg_sent: 834
tot_reconf_duration: 4.8100000000000005
tot_sleeping_duration: 790513.3056800026
tot_uptimes: 206
tot_uptimes_duration: 12300.024319997407
