comms_cons: 407.85800925543424
finished_reconf: true
global_termination_time: 2405918.541
local_termination_time: 770919.4209199994
node_cons: 49520.26382893403
tot_aggregated_send: 0
tot_msg_rcv: 31542
tot_msg_sent: 30451
tot_reconf_duration: 22.65
tot_sleeping_duration: 2368958.492360019
tot_uptimes: 617
tot_uptimes_duration: 36960.048639981076
