comms_cons: 237.77886718969205
finished_reconf: true
global_termination_time: 2408230.264
local_termination_time: 1070680.42836
node_cons: 49497.012201116246
tot_aggregated_send: 34626
tot_msg_rcv: 516
tot_msg_sent: 999
tot_reconf_duration: 5.57
tot_sleeping_duration: 2371270.257920002
tot_uptimes: 617
tot_uptimes_duration: 36960.006079997635
