comms_cons: 237.2071039985208
finished_reconf: true
global_termination_time: 2402988.93448
local_termination_time: 2402988.8933599996
node_cons: 49460.85980095708
tot_aggregated_send: 34960
tot_msg_rcv: 390
tot_msg_sent: 704
tot_reconf_duration: 24.59
tot_sleeping_duration: 2366075.2178400015
tot_uptimes: 616
tot_uptimes_duration: 36913.71663999854
