comms_cons: 242.30519037486303
finished_reconf: true
global_termination_time: 2403092.873
local_termination_time: 1065022.3763599999
node_cons: 49419.776547817244
tot_aggregated_send: 32538
tot_msg_rcv: 1557
tot_msg_sent: 2734
tot_reconf_duration: 7.819999999999999
tot_sleeping_duration: 2366192.830440017
tot_uptimes: 616
tot_uptimes_duration: 36900.04255998344
