comms_cons: 237.93944319157364
finished_reconf: true
global_termination_time: 2402989.858239988
local_termination_time: 266953.06576000084
node_cons: 49501.33664733931
tot_aggregated_send: 33756
tot_msg_rcv: 816
tot_msg_sent: 1593
tot_reconf_duration: 11.31
tot_sleeping_duration: 2366032.444000003
tot_uptimes: 616
tot_uptimes_duration: 36957.41423998505
