comms_cons: 543.4079744885026
finished_reconf: true
global_termination_time: 5503178.33
local_termination_time: 1691882.99636
node_cons: 113219.92428446493
tot_aggregated_send: 75980
tot_msg_rcv: 2211
tot_msg_sent: 4403
tot_reconf_duration: 15.34
tot_sleeping_duration: 5418638.305680009
tot_uptimes: 1410
tot_uptimes_duration: 84540.02431999124
