comms_cons: 545.0849792588618
finished_reconf: true
global_termination_time: 5503028.469
local_termination_time: 1448270.8439199983
node_cons: 113207.54746558162
tot_aggregated_send: 76096
tot_msg_rcv: 2082
tot_msg_sent: 4672
tot_reconf_duration: 6.22
tot_sleeping_duration: 5418488.43860001
tot_uptimes: 1410
tot_uptimes_duration: 84540.03039998887
