comms_cons: 544.9574912980083
finished_reconf: true
global_termination_time: 5503892.886
local_termination_time: 1529445.1593599997
node_cons: 113206.46650446505
tot_aggregated_send: 76212
tot_msg_rcv: 2056
tot_msg_sent: 4563
tot_reconf_duration: 5.43
tot_sleeping_duration: 5419352.8616800085
tot_uptimes: 1410
tot_uptimes_duration: 84540.02431999147
