comms_cons: 17.55988479971215
finished_reconf: true
global_termination_time: 89921.819
local_termination_time: 2999.5353600000003
node_cons: 1853.7816199999897
tot_aggregated_send: 0
tot_msg_rcv: 1339
tot_msg_sent: 1330
tot_reconf_duration: 4.390000000000001
tot_sleeping_duration: 88541.819
tot_uptimes: 24
tot_uptimes_duration: 1379.9999999999927
