comms_cons: 76.84171519895834
finished_reconf: true
global_termination_time: 87891.91471999939
local_termination_time: 87891.8735999994
node_cons: 8939.006486157226
tot_aggregated_send: 0
tot_msg_rcv: 5259
tot_msg_sent: 6420
tot_reconf_duration: 24.59
tot_sleeping_duration: 81240.97128000145
tot_uptimes: 105
tot_uptimes_duration: 6650.943439997927
