comms_cons: 144.46607359445034
finished_reconf: true
global_termination_time: 1468612.266
local_termination_time: 1049958.25236
node_cons: 30215.404060000135
tot_aggregated_send: 20938
tot_msg_rcv: 320
tot_msg_sent: 700
tot_reconf_duration: 5.57
tot_sleeping_duration: 1446052.266
tot_uptimes: 377
tot_uptimes_duration: 22560.0
