comms_cons: 149.10639998540728
finished_reconf: true
global_termination_time: 1471615.543
local_termination_time: 512860.06612000096
node_cons: 30220.39489703181
tot_aggregated_send: 19314
tot_msg_rcv: 1192
tot_msg_sent: 2158
tot_reconf_duration: 7.819999999999999
tot_sleeping_duration: 1449054.097640006
tot_uptimes: 377
tot_uptimes_duration: 22561.445359993842
