comms_cons: 273.2821119872463
finished_reconf: true
global_termination_time: 2759387.291
local_termination_time: 392572.62700000004
node_cons: 56779.07409516703
tot_aggregated_send: 38220
tot_msg_rcv: 1095
tot_msg_sent: 2223
tot_reconf_duration: 22.65
tot_sleeping_duration: 2717006.174200024
tot_uptimes: 707
tot_uptimes_duration: 42381.116799976095
