comms_cons: 803.9523267374761
finished_reconf: true
global_termination_time: 2759175.4025999997
local_termination_time: 2759175.3614799995
node_cons: 112646.04967451154
tot_aggregated_send: 0
tot_msg_rcv: 40960
tot_msg_sent: 81237
tot_reconf_duration: 37.410000000000004
tot_sleeping_duration: 2675086.345920003
tot_uptimes: 1390
tot_uptimes_duration: 84089.05667999636
