comms_cons: 278.23527678710485
finished_reconf: true
global_termination_time: 2761679.625
local_termination_time: 805486.3843599999
node_cons: 56804.59517005056
tot_aggregated_send: 37236
tot_msg_rcv: 1586
tot_msg_sent: 3471
tot_reconf_duration: 3.05
tot_sleeping_duration: 2719259.570280021
tot_uptimes: 708
tot_uptimes_duration: 42420.05471997871
