comms_cons: 935.9843347767767
finished_reconf: true
global_termination_time: 4743741.394199997
local_termination_time: 2920.48248
node_cons: 97585.11200014484
tot_aggregated_send: 0
tot_msg_rcv: 71844
tot_msg_sent: 70415
tot_reconf_duration: 18.21
tot_sleeping_duration: 4670880.764760006
tot_uptimes: 1215
tot_uptimes_duration: 72860.62943999073
