comms_cons: 450.8144255817148
finished_reconf: true
global_termination_time: 4745386.896
local_termination_time: 1988700.8713599998
node_cons: 97620.03394111388
tot_aggregated_send: 65598
tot_msg_rcv: 893
tot_msg_sent: 2030
tot_reconf_duration: 5.1
tot_sleeping_duration: 4672486.889920003
tot_uptimes: 1216
tot_uptimes_duration: 72900.00607999763
