comms_cons: 468.29939842706705
finished_reconf: true
global_termination_time: 4745121.516
local_termination_time: 614292.3823599999
node_cons: 97619.11046669888
tot_aggregated_send: 66468
tot_msg_rcv: 1474
tot_msg_sent: 3235
tot_reconf_duration: 4.390000000000001
tot_sleeping_duration: 4672221.479520014
tot_uptimes: 1216
tot_uptimes_duration: 72900.03647998627
