comms_cons: 278.7109440293404
finished_reconf: true
global_termination_time: 2731266.654
local_termination_time: 1738485.3423999983
node_cons: 56165.28104781853
tot_aggregated_send: 36656
tot_msg_rcv: 1812
tot_msg_sent: 3893
tot_reconf_duration: 5.57
tot_sleeping_duration: 2689326.6114400155
tot_uptimes: 700
tot_uptimes_duration: 41940.042559984606
