comms_cons: 271.5038464026256
finished_reconf: true
global_termination_time: 2730750.447
local_termination_time: 1530313.9934799988
node_cons: 56175.54485999894
tot_aggregated_send: 38512
tot_msg_rcv: 909
tot_msg_sent: 1846
tot_reconf_duration: 13.17
tot_sleeping_duration: 2688810.447
tot_uptimes: 700
tot_uptimes_duration: 41940.0
