comms_cons: 271.78675200203185
finished_reconf: true
global_termination_time: 2730225.409
local_termination_time: 1288285.0125599985
node_cons: 56168.646219999144
tot_aggregated_send: 39092
tot_msg_rcv: 775
tot_msg_sent: 1443
tot_reconf_duration: 8.09
tot_sleeping_duration: 2688285.409
tot_uptimes: 700
tot_uptimes_duration: 41940.0
