comms_cons: 271.7388800021785
finished_reconf: true
global_termination_time: 2730415.883
local_termination_time: 2001961.6894399996
node_cons: 56183.0545999993
tot_aggregated_send: 39208
tot_msg_rcv: 777
tot_msg_sent: 1317
tot_reconf_duration: 18.700000000000003
tot_sleeping_duration: 2688475.883
tot_uptimes: 700
tot_uptimes_duration: 41940.0
