comms_cons: 0.8881919999970674
finished_reconf: true
global_termination_time: 9054.395
local_termination_time: 7430.795360000001
node_cons: 167.21198000000055
tot_aggregated_send: 0
tot_msg_rcv: 70
tot_msg_sent: 65
tot_reconf_duration: 4.8100000000000005
tot_sleeping_duration: 8934.395
tot_uptimes: 3
tot_uptimes_duration: 120.0
