comms_cons: 28.76328960004689
finished_reconf: true
global_termination_time: 295356.4104800001
local_termination_time: 295356.36936000007
node_cons: 6077.243518720117
tot_aggregated_send: 4220
tot_msg_rcv: 27
tot_msg_sent: 124
tot_reconf_duration: 24.59
tot_sleeping_duration: 290842.706
tot_uptimes: 76
tot_uptimes_duration: 4513.704480000073
