comms_cons: 29.685350400140855
finished_reconf: true
global_termination_time: 295700.053
local_termination_time: 246118.2486400004
node_cons: 6032.031980000003
tot_aggregated_send: 4002
tot_msg_rcv: 165
tot_msg_sent: 344
tot_reconf_duration: 4.8100000000000005
tot_sleeping_duration: 291200.053
tot_uptimes: 76
tot_uptimes_duration: 4500.0
