comms_cons: 101.1354623968705
finished_reconf: true
global_termination_time: 1012981.724
local_termination_time: 157749.51308000015
node_cons: 20838.843123357437
tot_aggregated_send: 14210
tot_msg_rcv: 366
tot_msg_sent: 796
tot_reconf_duration: 22.65
tot_sleeping_duration: 997441.7057600019
tot_uptimes: 260
tot_uptimes_duration: 15540.01823999807
