comms_cons: 424.34471046886085
finished_reconf: true
global_termination_time: 4189585.225
local_termination_time: 3340.609720000001
node_cons: 86158.96765787846
tot_aggregated_send: 57478
tot_msg_rcv: 2327
tot_msg_sent: 4692
tot_reconf_duration: 25.299999999999997
tot_sleeping_duration: 4125265.1277200296
tot_uptimes: 1073
tot_uptimes_duration: 64320.09727997065
