comms_cons: 423.7603200725193
finished_reconf: true
global_termination_time: 4187707.232
local_termination_time: 233276.722
node_cons: 86143.1832567675
tot_aggregated_send: 58167
tot_msg_rcv: 2232
tot_msg_sent: 4010
tot_reconf_duration: 13.17
tot_sleeping_duration: 4123386.6208000225
tot_uptimes: 1073
tot_uptimes_duration: 64320.6111999774
