comms_cons: 417.68429445735995
finished_reconf: true
global_termination_time: 4186777.523
local_termination_time: 1513306.880999998
node_cons: 86135.6762940483
tot_aggregated_send: 58522
tot_msg_rcv: 1597
tot_msg_sent: 3365
tot_reconf_duration: 7.819999999999999
tot_sleeping_duration: 4122457.0922800223
tot_uptimes: 1073
tot_uptimes_duration: 64320.43071997794
