comms_cons: 420.68748805888396
finished_reconf: true
global_termination_time: 4187624.016
local_termination_time: 618636.1403599998
node_cons: 86139.92853228409
tot_aggregated_send: 57826
tot_msg_rcv: 2049
tot_msg_sent: 4068
tot_reconf_duration: 11.31
tot_sleeping_duration: 4123303.9491200247
tot_uptimes: 1073
tot_uptimes_duration: 64320.06687997491
