comms_cons: 893.6263544704278
finished_reconf: true
global_termination_time: 2127249.753
local_termination_time: 754412.4695999997
node_cons: 128783.8490100958
tot_aggregated_send: 0
tot_msg_rcv: 54994
tot_msg_sent: 80831
tot_reconf_duration: 18.21
tot_sleeping_duration: 2031089.0959200151
tot_uptimes: 1571
tot_uptimes_duration: 96160.65707998481
