comms_cons: 213.4629951871066
finished_reconf: true
global_termination_time: 2131703.934
local_termination_time: 1019825.27236
node_cons: 43793.82823999961
tot_aggregated_send: 30044
tot_msg_rcv: 849
tot_msg_sent: 1552
tot_reconf_duration: 6.279999999999999
tot_sleeping_duration: 2099003.934
tot_uptimes: 546
tot_uptimes_duration: 32700.0
