comms_cons: 215.66700797767626
finished_reconf: true
global_termination_time: 2127172.317
local_termination_time: 927837.1350799997
node_cons: 43789.47446446697
tot_aggregated_send: 28188
tot_msg_rcv: 1624
tot_msg_sent: 2968
tot_reconf_duration: 3.05
tot_sleeping_duration: 2094472.2926800093
tot_uptimes: 545
tot_uptimes_duration: 32700.024319990538
