comms_cons: 215.5135359808017
finished_reconf: true
global_termination_time: 2128609.008
local_termination_time: 1123146.8612799982
node_cons: 43793.76304223328
tot_aggregated_send: 28536
tot_msg_rcv: 1372
tot_msg_sent: 2852
tot_reconf_duration: 6.22
tot_sleeping_duration: 2095908.9958400044
tot_uptimes: 546
tot_uptimes_duration: 32700.012159995327
