comms_cons: 212.32596478704247
finished_reconf: true
global_termination_time: 2127134.244239997
local_termination_time: 259180.70848000006
node_cons: 43739.41140605687
tot_aggregated_send: 29986
tot_msg_rcv: 722
tot_msg_sent: 1563
tot_reconf_duration: 11.31
tot_sleeping_duration: 2094479.985520014
tot_uptimes: 545
tot_uptimes_duration: 32654.258719983045
