comms_cons: 209.9473855941961
finished_reconf: true
global_termination_time: 2127724.433
local_termination_time: 964163.7468399986
node_cons: 43725.791719999535
tot_aggregated_send: 30624
tot_msg_rcv: 438
tot_msg_sent: 848
tot_reconf_duration: 15.34
tot_sleeping_duration: 2095084.4330000002
tot_uptimes: 545
tot_uptimes_duration: 32640.0
