comms_cons: 93.54964479813555
finished_reconf: true
global_termination_time: 945258.621
local_termination_time: 5246.0289999999995
node_cons: 19451.068962237154
tot_aggregated_send: 13681
tot_msg_rcv: 188
tot_msg_sent: 350
tot_reconf_duration: 6.46
tot_sleeping_duration: 930738.6088400022
tot_uptimes: 243
tot_uptimes_duration: 14520.012159997852
