comms_cons: 377.2306880416792
finished_reconf: true
global_termination_time: 3751547.376
local_termination_time: 232136.0014800001
node_cons: 77160.84695228947
tot_aggregated_send: 52548
tot_msg_rcv: 1722
tot_msg_sent: 3066
tot_reconf_duration: 25.299999999999997
tot_sleeping_duration: 3693947.3091200213
tot_uptimes: 961
tot_uptimes_duration: 57600.06687997858
