comms_cons: 378.03425284558114
finished_reconf: true
global_termination_time: 3754555.024
local_termination_time: 286876.80936
node_cons: 77224.70627117259
tot_aggregated_send: 52316
tot_msg_rcv: 1721
tot_msg_sent: 3422
tot_reconf_duration: 13.17
tot_sleeping_duration: 3696894.963200019
tot_uptimes: 962
tot_uptimes_duration: 57660.06079998094
