comms_cons: 378.72846086534895
finished_reconf: true
global_termination_time: 3750884.957
local_termination_time: 964216.1853599999
node_cons: 77130.6477689389
tot_aggregated_send: 52200
tot_msg_rcv: 1876
tot_msg_sent: 3488
tot_reconf_duration: 3.08
tot_sleeping_duration: 3693284.908360014
tot_uptimes: 961
tot_uptimes_duration: 57600.048639985675
