comms_cons: 379.7251072403851
finished_reconf: true
global_termination_time: 3751417.188
local_termination_time: 593674.1433599999
node_cons: 77147.3212722894
tot_aggregated_send: 51736
tot_msg_rcv: 2037
tot_msg_sent: 3943
tot_reconf_duration: 15.34
tot_sleeping_duration: 3693817.1211200217
tot_uptimes: 961
tot_uptimes_duration: 57600.06687997858
