comms_cons: 197.91612158709154
finished_reconf: true
global_termination_time: 1979870.983
local_termination_time: 284396.09972000105
node_cons: 40743.00770112115
tot_aggregated_send: 27956
tot_msg_rcv: 683
tot_msg_sent: 1443
tot_reconf_duration: 7.819999999999999
tot_sleeping_duration: 1949450.9769199989
tot_uptimes: 508
tot_uptimes_duration: 30420.00608000107
