comms_cons: 193.77122559368684
finished_reconf: true
global_termination_time: 1982395.186
local_termination_time: 1254558.8763599999
node_cons: 40747.74712111661
tot_aggregated_send: 28420
tot_msg_rcv: 344
tot_msg_sent: 688
tot_reconf_duration: 11.31
tot_sleeping_duration: 1951975.1799200024
tot_uptimes: 508
tot_uptimes_duration: 30420.006079997635
