comms_cons: 274.71989101109415
finished_reconf: true
global_termination_time: 1392288.7545999999
local_termination_time: 611.5770399999994
node_cons: 28652.392412867233
tot_aggregated_send: 0
tot_msg_rcv: 21106
tot_msg_sent: 20648
tot_reconf_duration: 22.65
tot_sleeping_duration: 1370913.3746800094
tot_uptimes: 357
tot_uptimes_duration: 21375.37991999043
