comms_cons: 142.32019198790235
finished_reconf: true
global_termination_time: 1393074.959
local_termination_time: 12044.842480000001
node_cons: 28607.64525006993
tot_aggregated_send: 18676
tot_msg_rcv: 973
tot_msg_sent: 1983
tot_reconf_duration: 4.8100000000000005
tot_sleeping_duration: 1371714.9042800076
tot_uptimes: 357
tot_uptimes_duration: 21360.054719992448
