comms_cons: 279.0172927895989
finished_reconf: true
global_termination_time: 2809446.267
local_termination_time: 3970.6929999999993
node_cons: 57855.0854644663
tot_aggregated_send: 38852
tot_msg_rcv: 1313
tot_msg_sent: 2244
tot_reconf_duration: 7.55
tot_sleeping_duration: 2766246.2426800095
tot_uptimes: 720
tot_uptimes_duration: 43200.02431999054
