comms_cons: 76.86186239743017
finished_reconf: true
global_termination_time: 753359.169
local_termination_time: 138733.41436000005
node_cons: 15456.071264485738
tot_aggregated_send: 10266
tot_msg_rcv: 561
tot_msg_sent: 855
tot_reconf_duration: 22.65
tot_sleeping_duration: 741839.1446799957
tot_uptimes: 193
tot_uptimes_duration: 11520.024320004275
