comms_cons: 76.56445439589595
finished_reconf: true
global_termination_time: 750895.772
local_termination_time: 476051.7657600004
node_cons: 15445.815662233668
tot_aggregated_send: 10150
tot_msg_rcv: 512
tot_msg_sent: 975
tot_reconf_duration: 15.110000000000001
tot_sleeping_duration: 739375.7598400047
tot_uptimes: 193
tot_uptimes_duration: 11520.012159995269
