comms_cons: 77.14480639760114
finished_reconf: true
global_termination_time: 751652.058
local_termination_time: 399575.5953600001
node_cons: 15440.174523355134
tot_aggregated_send: 10034
tot_msg_rcv: 592
tot_msg_sent: 1099
tot_reconf_duration: 10.95
tot_sleeping_duration: 740132.0397600037
tot_uptimes: 193
tot_uptimes_duration: 11520.018239996338
