comms_cons: 190.94840319059273
finished_reconf: true
global_termination_time: 1908044.326
local_termination_time: 232441.75248000005
node_cons: 39216.58026558851
tot_aggregated_send: 26854
tot_msg_rcv: 718
tot_msg_sent: 1453
tot_reconf_duration: 7.819999999999999
tot_sleeping_duration: 1878764.2956000082
tot_uptimes: 489
tot_uptimes_duration: 29280.030399991607
