comms_cons: 924.9595384318394
finished_reconf: true
global_termination_time: 1907493.8915999997
local_termination_time: 1907493.8504799998
node_cons: 116327.4599716926
tot_aggregated_send: 0
tot_msg_rcv: 56671
tot_msg_sent: 83916
tot_reconf_duration: 24.59
tot_sleeping_duration: 1820642.4601200176
tot_uptimes: 1426
tot_uptimes_duration: 86851.43147998204
