comms_cons: 72.23366399874126
finished_reconf: true
global_termination_time: 739044.018
local_termination_time: 268797.3023600001
node_cons: 15188.410041116918
tot_aggregated_send: 10208
tot_msg_rcv: 244
tot_msg_sent: 527
tot_reconf_duration: 3.05
tot_sleeping_duration: 727704.0119200024
tot_uptimes: 190
tot_uptimes_duration: 11340.006079997635
