comms_cons: 89.7064255978242
finished_reconf: true
global_termination_time: 908222.733
local_termination_time: 514182.53152000037
node_cons: 18647.343042233653
tot_aggregated_send: 11890
tot_msg_rcv: 641
tot_msg_sent: 1103
tot_reconf_duration: 6.22
tot_sleeping_duration: 894302.7208400047
tot_uptimes: 233
tot_uptimes_duration: 13920.012159995269
