comms_cons: 91.70117759776704
finished_reconf: true
global_termination_time: 906501.705
local_termination_time: 467200.1593600005
node_cons: 18654.263403359717
tot_aggregated_send: 12296
tot_msg_rcv: 638
tot_msg_sent: 1004
tot_reconf_duration: 11.31
tot_sleeping_duration: 892581.6867600002
tot_uptimes: 233
tot_uptimes_duration: 13920.018239999772
