comms_cons: 463.1888384721955
finished_reconf: true
global_termination_time: 4629212.435
local_termination_time: 1181172.7213599996
node_cons: 95207.09074669871
tot_aggregated_send: 64032
tot_msg_rcv: 2177
tot_msg_sent: 4193
tot_reconf_duration: 3.05
tot_sleeping_duration: 4558112.398520013
tot_uptimes: 1186
tot_uptimes_duration: 71100.03647998627
