comms_cons: 629.2141121116275
finished_reconf: true
global_termination_time: 6383781.273
local_termination_time: 2521476.24336
node_cons: 131283.19411645064
tot_aggregated_send: 88276
tot_msg_rcv: 2381
tot_msg_sent: 4978
tot_reconf_duration: 5.57
tot_sleeping_duration: 6285741.22068002
tot_uptimes: 1635
tot_uptimes_duration: 98040.05231998092
