comms_cons: 638.0202497323277
finished_reconf: true
global_termination_time: 6383713.385
local_termination_time: 556061.4193599999
node_cons: 131279.75888781555
tot_aggregated_send: 89088
tot_msg_rcv: 2534
tot_msg_sent: 5354
tot_reconf_duration: 3.05
tot_sleeping_duration: 6285673.342440015
tot_uptimes: 1635
tot_uptimes_duration: 98040.04255998484
