comms_cons: 640.303891341747
finished_reconf: true
global_termination_time: 6382006.096
local_termination_time: 1789608.3165999998
node_cons: 131364.41188893229
tot_aggregated_send: 88334
tot_msg_rcv: 3062
tot_msg_sent: 5927
tot_reconf_duration: 6.22
tot_sleeping_duration: 6283906.047360018
tot_uptimes: 1635
tot_uptimes_duration: 98100.04863998247
