comms_cons: 291.3467135973847
finished_reconf: true
global_termination_time: 2928237.463
local_termination_time: 2140088.1442
node_cons: 60181.61022335012
tot_aggregated_send: 39904
tot_msg_rcv: 1476
tot_msg_sent: 2903
tot_reconf_duration: 5.1
tot_sleeping_duration: 2883297.4447600064
tot_uptimes: 750
tot_uptimes_duration: 44940.01823999337
