comms_cons: 289.33347838845094
finished_reconf: true
global_termination_time: 2923674.902
local_termination_time: 2191663.0674799997
node_cons: 60128.701823349744
tot_aggregated_send: 40136
tot_msg_rcv: 1287
tot_msg_sent: 2554
tot_reconf_duration: 25.299999999999997
tot_sleeping_duration: 2878794.8837600066
tot_uptimes: 749
tot_uptimes_duration: 44880.01823999337
