comms_cons: 296.30085122805457
finished_reconf: true
global_termination_time: 2924864.163
local_termination_time: 681802.59436
node_cons: 60181.23268558372
tot_aggregated_send: 40368
tot_msg_rcv: 1591
tot_msg_sent: 3077
tot_reconf_duration: 4.8100000000000005
tot_sleeping_duration: 2879924.132600012
tot_uptimes: 750
tot_uptimes_duration: 44940.030399988624
