comms_cons: 52.38145920388734
finished_reconf: true
global_termination_time: 256733.10760000054
local_termination_time: 256733.06648000053
node_cons: 5307.756853763595
tot_aggregated_send: 0
tot_msg_rcv: 4157
tot_msg_sent: 3803
tot_reconf_duration: 24.59
tot_sleeping_duration: 252794.07575999785
tot_uptimes: 66
tot_uptimes_duration: 3939.0318400026717
