comms_cons: 26.106265600190902
finished_reconf: true
global_termination_time: 259638.76
local_termination_time: 14150.962600000003
node_cons: 5317.798980000004
tot_aggregated_send: 3538
tot_msg_rcv: 150
tot_msg_sent: 280
tot_reconf_duration: 11.31
tot_sleeping_duration: 255678.76
tot_uptimes: 67
tot_uptimes_duration: 3960.0
