comms_cons: 111.78332159187379
finished_reconf: true
global_termination_time: 1087237.908
local_termination_time: 657195.799
node_cons: 22440.29243878474
tot_aggregated_send: 14787
tot_msg_rcv: 811
tot_msg_sent: 1393
tot_reconf_duration: 15.110000000000001
tot_sleeping_duration: 1070494.2388000116
tot_uptimes: 279
tot_uptimes_duration: 16743.669199988595
