comms_cons: 112.09766399284914
finished_reconf: true
global_termination_time: 1090740.915
local_termination_time: 321761.95536000055
node_cons: 22425.536547831663
tot_aggregated_send: 14326
tot_msg_rcv: 874
tot_msg_sent: 1839
tot_reconf_duration: 7.819999999999999
tot_sleeping_duration: 1074000.8724400064
tot_uptimes: 280
tot_uptimes_duration: 16740.042559993744
