comms_cons: 34.02167039990431
finished_reconf: true
global_termination_time: 346795.59148000006
local_termination_time: 346795.55036000005
node_cons: 7121.679800959561
tot_aggregated_send: 4858
tot_msg_rcv: 72
tot_msg_sent: 240
tot_reconf_duration: 24.59
tot_sleeping_duration: 341501.8748400004
tot_uptimes: 89
tot_uptimes_duration: 5293.716639999657
