comms_cons: 33.15258880002606
finished_reconf: true
global_termination_time: 349723.767
local_termination_time: 18564.1004
node_cons: 7165.618980000005
tot_aggregated_send: 4872
tot_msg_rcv: 59
tot_msg_sent: 108
tot_reconf_duration: 11.31
tot_sleeping_duration: 344383.767
tot_uptimes: 90
tot_uptimes_duration: 5340.0
