comms_cons: 387.5537152514414
finished_reconf: true
global_termination_time: 3864872.706
local_termination_time: 1353766.03784
node_cons: 79462.83268558321
tot_aggregated_send: 54172
tot_msg_rcv: 1540
tot_msg_sent: 3193
tot_reconf_duration: 4.8100000000000005
tot_sleeping_duration: 3805532.675600011
tot_uptimes: 990
tot_uptimes_duration: 59340.03039998887
