comms_cons: 2.2435071999925866
finished_reconf: true
global_termination_time: 12243.066
local_termination_time: 6692.510360000001
node_cons: 271.77870000000075
tot_aggregated_send: 0
tot_msg_rcv: 186
tot_msg_sent: 154
tot_reconf_duration: 22.65
tot_sleeping_duration: 12063.066
tot_uptimes: 4
tot_uptimes_duration: 180.0
