comms_cons: 1.5132159999992219
finished_reconf: true
global_termination_time: 10544.36
local_termination_time: 4098.51236
node_cons: 167.21197999999993
tot_aggregated_send: 0
tot_msg_rcv: 118
tot_msg_sent: 112
tot_reconf_duration: 4.8100000000000005
tot_sleeping_duration: 10424.36
tot_uptimes: 3
tot_uptimes_duration: 120.0
