comms_cons: 124.11660799084794
finished_reconf: true
global_termination_time: 717491.018
local_termination_time: 299773.92736000003
node_cons: 14736.593682242867
tot_aggregated_send: 0
tot_msg_rcv: 9488
tot_msg_sent: 9377
tot_reconf_duration: 25.299999999999997
tot_sleeping_duration: 706511.0058399979
tot_uptimes: 184
tot_uptimes_duration: 10980.012160002138
