comms_cons: 71.79223039901147
finished_reconf: true
global_termination_time: 720104.596
local_termination_time: 445482.4476000001
node_cons: 14789.09198000002
tot_aggregated_send: 10208
tot_msg_rcv: 260
tot_msg_sent: 444
tot_reconf_duration: 4.8100000000000005
tot_sleeping_duration: 709064.596
tot_uptimes: 185
tot_uptimes_duration: 11040.0
