comms_cons: 504.5642113362864
finished_reconf: true
global_termination_time: 4997598.616
local_termination_time: 3312728.9298399985
node_cons: 102769.76266446519
tot_aggregated_send: 69542
tot_msg_rcv: 2510
tot_msg_sent: 4638
tot_reconf_duration: 10.95
tot_sleeping_duration: 4920858.591680009
tot_uptimes: 1280
tot_uptimes_duration: 76740.02431999147
