comms_cons: 502.62215688390614
finished_reconf: true
global_termination_time: 4996566.454
local_termination_time: 1695024.3771199987
node_cons: 102759.06702893332
tot_aggregated_send: 69948
tot_msg_rcv: 2206
tot_msg_sent: 4242
tot_reconf_duration: 3.05
tot_sleeping_duration: 4919826.405360018
tot_uptimes: 1280
tot_uptimes_duration: 76740.04863998247
