comms_cons: 500.17187847818377
finished_reconf: true
global_termination_time: 4995651.546
local_termination_time: 1390530.68
node_cons: 102763.38003005034
tot_aggregated_send: 70521
tot_msg_rcv: 1836
tot_msg_sent: 3665
tot_reconf_duration: 6.22
tot_sleeping_duration: 4918911.49128002
tot_uptimes: 1280
tot_uptimes_duration: 76740.05471998011
