comms_cons: 502.104908915731
finished_reconf: true
global_termination_time: 4993849.441
local_termination_time: 1247926.193279999
node_cons: 102681.99163340112
tot_aggregated_send: 69484
tot_msg_rcv: 2183
tot_msg_sent: 4648
tot_reconf_duration: 5.43
tot_sleeping_duration: 4917169.368040026
tot_uptimes: 1279
tot_uptimes_duration: 76680.07295997324
