comms_cons: 59.600972799600584
finished_reconf: true
global_termination_time: 593696.235
local_termination_time: 339317.96672000014
node_cons: 12215.838182242942
tot_aggregated_send: 8236
tot_msg_rcv: 299
tot_msg_sent: 524
tot_reconf_duration: 3.05
tot_sleeping_duration: 584576.2228399978
tot_uptimes: 153
tot_uptimes_duration: 9120.012160002138
