comms_cons: 60.16020480057584
finished_reconf: true
global_termination_time: 596736.625
local_termination_time: 268318.81764000043
node_cons: 12222.323983364318
tot_aggregated_send: 7830
tot_msg_rcv: 499
tot_msg_sent: 815
tot_reconf_duration: 7.819999999999999
tot_sleeping_duration: 587616.6067599969
tot_uptimes: 153
tot_uptimes_duration: 9120.018240003206
