comms_cons: 10.252275200290322
finished_reconf: true
global_termination_time: 184691.064
local_termination_time: 2780.6962399999998
node_cons: 3782.821583360876
tot_aggregated_send: 0
tot_msg_rcv: 411
tot_msg_sent: 1148
tot_reconf_duration: 5.02
tot_sleeping_duration: 181871.04575999934
tot_uptimes: 48
tot_uptimes_duration: 2820.0182400006524
