comms_cons: 48.74389759986024
finished_reconf: true
global_termination_time: 14149.65236000001
local_termination_time: 2134.4819600000083
node_cons: 5979.308351760055
tot_aggregated_send: 0
tot_msg_rcv: 3907
tot_msg_sent: 3500
tot_reconf_duration: 5.57
tot_sleeping_duration: 9689.79851999997
tot_uptimes: 60
tot_uptimes_duration: 4459.85384000004
