comms_cons: 3.6580351999879097
finished_reconf: true
global_termination_time: 16581.257
local_termination_time: 9888.28636
node_cons: 325.5426399999999
tot_aggregated_send: 0
tot_msg_rcv: 381
tot_msg_sent: 175
tot_reconf_duration: 3.08
tot_sleeping_duration: 16341.257000000001
tot_uptimes: 5
tot_uptimes_duration: 240.0
