comms_cons: 3.447500799988606
finished_reconf: true
global_termination_time: 16215.673
local_termination_time: 7462.09536
node_cons: 336.23009999999977
tot_aggregated_send: 0
tot_msg_rcv: 353
tot_msg_sent: 171
tot_reconf_duration: 10.95
tot_sleeping_duration: 15975.673
tot_uptimes: 5
tot_uptimes_duration: 240.0
