comms_cons: 2.519833599991673
finished_reconf: true
global_termination_time: 14352.688
local_termination_time: 2132.0288400000004
node_cons: 245.16190000000026
tot_aggregated_send: 0
tot_msg_rcv: 208
tot_msg_sent: 174
tot_reconf_duration: 3.05
tot_sleeping_duration: 14172.688
tot_uptimes: 4
tot_uptimes_duration: 180.0
