comms_cons: 23.86933760032384
finished_reconf: true
global_termination_time: 248214.521
local_termination_time: 57745.66872000002
node_cons: 5065.561900000009
tot_aggregated_send: 3248
tot_msg_rcv: 122
tot_msg_sent: 258
tot_reconf_duration: 3.05
tot_sleeping_duration: 244434.521
tot_uptimes: 64
tot_uptimes_duration: 3780.0
