comms_cons: 153.16441595671216
finished_reconf: true
global_termination_time: 1155332.022
local_termination_time: 721734.6546399991
node_cons: 23704.441900000107
tot_aggregated_send: 0
tot_msg_rcv: 11734
tot_msg_sent: 11546
tot_reconf_duration: 3.05
tot_sleeping_duration: 1137632.022
tot_uptimes: 296
tot_uptimes_duration: 17700.000000000004
