comms_cons: 82.75380479771611
finished_reconf: true
global_termination_time: 811891.138
local_termination_time: 318380.10236
node_cons: 16648.289283355098
tot_aggregated_send: 10846
tot_msg_rcv: 578
tot_msg_sent: 1155
tot_reconf_duration: 13.17
tot_sleeping_duration: 799471.1197600036
tot_uptimes: 208
tot_uptimes_duration: 12420.018239996338
