comms_cons: 82.43079679764875
finished_reconf: true
global_termination_time: 814040.688
local_termination_time: 670159.4087599991
node_cons: 16727.912245593387
tot_aggregated_send: 11020
tot_msg_rcv: 471
tot_msg_sent: 1038
tot_reconf_duration: 12.629999999999999
tot_sleeping_duration: 801560.6576000049
tot_uptimes: 209
tot_uptimes_duration: 12480.030399995041
