comms_cons: 34.81015680105259
finished_reconf: true
global_termination_time: 299536.6839200003
local_termination_time: 299536.64280000026
node_cons: 6171.841404968702
tot_aggregated_send: 3060
tot_msg_rcv: 846
tot_msg_sent: 1386
tot_reconf_duration: 24.59
tot_sleeping_duration: 294952.33127999376
tot_uptimes: 77
tot_uptimes_duration: 4584.3526400064875
