comms_cons: 59.24237440351243
finished_reconf: true
global_termination_time: 494390.6081200009
local_termination_time: 494390.6081200009
node_cons: 10236.823023862431
tot_aggregated_send: 4988
tot_msg_rcv: 1600
tot_msg_sent: 2416
tot_reconf_duration: 24.59
tot_sleeping_duration: 486770.42155998416
tot_uptimes: 127
tot_uptimes_duration: 7620.186560016737
