comms_cons: 49.41699840044174
finished_reconf: true
global_termination_time: 494476.874
local_termination_time: 73805.682
node_cons: 10137.238201759186
tot_aggregated_send: 7018
tot_msg_rcv: 205
tot_msg_sent: 288
tot_reconf_duration: 6.279999999999999
tot_sleeping_duration: 486912.4901600006
tot_uptimes: 127
tot_uptimes_duration: 7564.383839999384
