comms_cons: 187.28281598768723
finished_reconf: true
global_termination_time: 1869120.693999998
local_termination_time: 1869120.693999998
node_cons: 38520.41558182418
tot_aggregated_send: 26318
tot_msg_rcv: 689
tot_msg_sent: 1459
tot_reconf_duration: 24.59
tot_sleeping_duration: 1840377.5854400096
tot_uptimes: 479
tot_uptimes_duration: 28743.108559988323
