comms_cons: 187.47298558684903
finished_reconf: true
global_termination_time: 1869350.663
local_termination_time: 210152.91836000004
node_cons: 38427.28988558856
tot_aggregated_send: 26216
tot_msg_rcv: 778
tot_msg_sent: 1501
tot_reconf_duration: 18.21
tot_sleeping_duration: 1840670.6326000085
tot_uptimes: 479
tot_uptimes_duration: 28680.030399991607
