comms_cons: 187.579436783406
finished_reconf: true
global_termination_time: 1869978.147
local_termination_time: 396447.7011200009
node_cons: 38409.4783644717
tot_aggregated_send: 25404
tot_msg_rcv: 1102
tot_msg_sent: 2004
tot_reconf_duration: 5.1
tot_sleeping_duration: 1841298.122680006
tot_uptimes: 479
tot_uptimes_duration: 28680.024319993972
