comms_cons: 73.00536959850831
finished_reconf: true
global_termination_time: 721700.8062400001
local_termination_time: 70344.38435999997
node_cons: 14826.365323838918
tot_aggregated_send: 9686
tot_msg_rcv: 519
tot_msg_sent: 890
tot_reconf_duration: 18.21
tot_sleeping_duration: 710646.5596800009
tot_uptimes: 185
tot_uptimes_duration: 11054.24655999917
