comms_cons: 71.90446719985052
finished_reconf: true
global_termination_time: 722552.131
local_termination_time: 382804.44336000003
node_cons: 14880.78486
tot_aggregated_send: 10034
tot_msg_rcv: 318
tot_msg_sent: 577
tot_reconf_duration: 13.17
tot_sleeping_duration: 711452.131
tot_uptimes: 186
tot_uptimes_duration: 11100.0
