comms_cons: 43.89704960109363
finished_reconf: true
global_termination_time: 428821.6
local_termination_time: 226796.20488000088
node_cons: 8767.695842242843
tot_aggregated_send: 5626
tot_msg_rcv: 355
tot_msg_sent: 691
tot_reconf_duration: 7.819999999999999
tot_sleeping_duration: 422281.58783999784
tot_uptimes: 110
tot_uptimes_duration: 6540.0121600021375
