comms_cons: 101.7144319958768
finished_reconf: true
global_termination_time: 1025064.839
local_termination_time: 410558.0853600001
node_cons: 21073.817321121493
tot_aggregated_send: 14268
tot_msg_rcv: 449
tot_msg_sent: 743
tot_reconf_duration: 18.21
tot_sleeping_duration: 1009344.832919999
tot_uptimes: 263
tot_uptimes_duration: 15720.006080001069
