comms_cons: 101.96444159615535
finished_reconf: true
global_termination_time: 1025418.432
local_termination_time: 703044.3163599999
node_cons: 21079.846841116894
tot_aggregated_send: 14210
tot_msg_rcv: 469
tot_msg_sent: 819
tot_reconf_duration: 22.65
tot_sleeping_duration: 1009698.4259200024
tot_uptimes: 263
tot_uptimes_duration: 15720.006079997635
