comms_cons: 101.43606399742701
finished_reconf: true
global_termination_time: 1024710.658
local_termination_time: 822436.2033599999
node_cons: 21055.04162000005
tot_aggregated_send: 14268
tot_msg_rcv: 380
tot_msg_sent: 769
tot_reconf_duration: 4.390000000000001
tot_sleeping_duration: 1008990.658
tot_uptimes: 263
tot_uptimes_duration: 15720.0
