comms_cons: 297.52423664987515
finished_reconf: true
global_termination_time: 1022807.2575999998
local_termination_time: 1022807.2164799998
node_cons: 41736.37907751643
tot_aggregated_send: 0
tot_msg_rcv: 15142
tot_msg_sent: 30079
tot_reconf_duration: 24.59
tot_sleeping_duration: 991662.3839200023
tot_uptimes: 515
tot_uptimes_duration: 31144.873679997574
