comms_cons: 110.2022271949396
finished_reconf: true
global_termination_time: 1109972.565
local_termination_time: 423733.75108000013
node_cons: 22823.526505597958
tot_aggregated_send: 15312
tot_msg_rcv: 472
tot_msg_sent: 967
tot_reconf_duration: 5.1
tot_sleeping_duration: 1092932.5346000013
tot_uptimes: 285
tot_uptimes_duration: 17040.030399998475
