comms_cons: 107.45212160066599
finished_reconf: true
global_termination_time: 1111033.737
local_termination_time: 633495.6043599999
node_cons: 22850.94996448582
tot_aggregated_send: 15080
tot_msg_rcv: 454
tot_msg_sent: 798
tot_reconf_duration: 25.299999999999997
tot_sleeping_duration: 1093993.7126799957
tot_uptimes: 285
tot_uptimes_duration: 17040.024320004275
