comms_cons: 107.15515519989565
finished_reconf: true
global_termination_time: 1110842.864
local_termination_time: 567519.4573599999
node_cons: 22834.45300112152
tot_aggregated_send: 15196
tot_msg_rcv: 279
tot_msg_sent: 812
tot_reconf_duration: 13.17
tot_sleeping_duration: 1093802.857919999
tot_uptimes: 285
tot_uptimes_duration: 17040.00608000107
