comms_cons: 108.74759679730933
finished_reconf: true
global_termination_time: 1110536.544
local_termination_time: 189297.5860800006
node_cons: 22827.23654784542
tot_aggregated_send: 14500
tot_msg_rcv: 628
tot_msg_sent: 1401
tot_reconf_duration: 7.819999999999999
tot_sleeping_duration: 1093496.501439996
tot_uptimes: 285
tot_uptimes_duration: 17040.042560004047
