comms_cons: 726.6594826351014
finished_reconf: true
global_termination_time: 3684482.936
local_termination_time: 2480171.0098799993
node_cons: 75791.3868411149
tot_aggregated_send: 0
tot_msg_rcv: 55771
tot_msg_sent: 54677
tot_reconf_duration: 22.65
tot_sleeping_duration: 3627902.9299200024
tot_uptimes: 944
tot_uptimes_duration: 56580.006079997635
