comms_cons: 370.3135936489462
finished_reconf: true
global_termination_time: 3685036.918
local_termination_time: 916435.9025599995
node_cons: 75764.87591005152
tot_aggregated_send: 51562
tot_msg_rcv: 1583
tot_msg_sent: 3141
tot_reconf_duration: 3.08
tot_sleeping_duration: 3628456.86328002
tot_uptimes: 944
tot_uptimes_duration: 56580.05471998011
