comms_cons: 369.67929604499597
finished_reconf: true
global_termination_time: 3684093.812
local_termination_time: 994231.7742399978
node_cons: 75775.3349600579
tot_aggregated_send: 51910
tot_msg_rcv: 1492
tot_msg_sent: 2788
tot_reconf_duration: 8.09
tot_sleeping_duration: 3627511.027280015
tot_uptimes: 944
tot_uptimes_duration: 56582.78471998486
