comms_cons: 372.7254592671331
finished_reconf: true
global_termination_time: 3685147.584
local_termination_time: 1351335.7457999995
node_cons: 75771.2802655837
tot_aggregated_send: 51330
tot_msg_rcv: 1960
tot_msg_sent: 3362
tot_reconf_duration: 7.819999999999999
tot_sleeping_duration: 3628567.553600011
tot_uptimes: 944
tot_uptimes_duration: 56580.030399989104
