comms_cons: 372.0652608476796
finished_reconf: true
global_termination_time: 3684327.566
local_termination_time: 1183733.6947999995
node_cons: 75776.0278267002
tot_aggregated_send: 51446
tot_msg_rcv: 1859
tot_msg_sent: 3246
tot_reconf_duration: 11.31
tot_sleeping_duration: 3627747.5295200134
tot_uptimes: 944
tot_uptimes_duration: 56580.036479986506
