comms_cons: 291.56231039653255
finished_reconf: true
global_termination_time: 2978663.298
local_termination_time: 1192433.2504799997
node_cons: 61236.97300111555
tot_aggregated_send: 43094
tot_msg_rcv: 417
tot_msg_sent: 804
tot_reconf_duration: 13.17
tot_sleeping_duration: 2932943.2919200025
tot_uptimes: 763
tot_uptimes_duration: 45720.006079997635
