comms_cons: 332.8721408265954
finished_reconf: true
global_termination_time: 3296118.282
local_termination_time: 163073.68636000005
node_cons: 67831.80315563973
tot_aggregated_send: 45762
tot_msg_rcv: 1640
tot_msg_sent: 3191
tot_reconf_duration: 18.21
tot_sleeping_duration: 3245478.196880029
tot_uptimes: 845
tot_uptimes_duration: 50640.085119971016
