comms_cons: 323.76963840693634
finished_reconf: true
global_termination_time: 3298701.917
local_termination_time: 1134655.3853599988
node_cons: 67827.52822669968
tot_aggregated_send: 45878
tot_msg_rcv: 1131
tot_msg_sent: 2203
tot_reconf_duration: 15.110000000000001
tot_sleeping_duration: 3248061.8805200136
tot_uptimes: 845
tot_uptimes_duration: 50640.03647998604
