comms_cons: 329.09629440452534
finished_reconf: true
global_termination_time: 3295243.040239997
local_termination_time: 64506.56472000011
node_cons: 67761.92147276668
tot_aggregated_send: 46458
tot_msg_rcv: 1140
tot_msg_sent: 2422
tot_reconf_duration: 11.899999999999999
tot_sleeping_duration: 3244648.7450400214
tot_uptimes: 844
tot_uptimes_duration: 50594.295199976186
