comms_cons: 324.72957440593507
finished_reconf: true
global_termination_time: 3298794.724
local_termination_time: 1096144.1163599999
node_cons: 67814.38278670101
tot_aggregated_send: 45008
tot_msg_rcv: 1443
tot_msg_sent: 2906
tot_reconf_duration: 5.43
tot_sleeping_duration: 3248154.687520013
tot_uptimes: 845
tot_uptimes_duration: 50640.03647998697
