comms_cons: 124.71531519351959
finished_reconf: true
global_termination_time: 1238949.0073599978
local_termination_time: 1238949.0073599978
node_cons: 25589.86536639233
tot_aggregated_send: 17386
tot_msg_rcv: 523
tot_msg_sent: 1046
tot_reconf_duration: 24.59
tot_sleeping_duration: 1219862.7697600035
tot_uptimes: 318
tot_uptimes_duration: 19086.23759999423
