comms_cons: 75.11935999985833
finished_reconf: true
global_termination_time: 746567.21
local_termination_time: 219644.09436000005
node_cons: 15353.484522242883
tot_aggregated_send: 10324
tot_msg_rcv: 341
tot_msg_sent: 752
tot_reconf_duration: 6.279999999999999
tot_sleeping_duration: 735107.1978399978
tot_uptimes: 192
tot_uptimes_duration: 11460.012160002138
