comms_cons: 78.01740799651148
finished_reconf: true
global_termination_time: 744842.12624
local_termination_time: 50378.04836000001
node_cons: 15290.610084953421
tot_aggregated_send: 9396
tot_msg_rcv: 887
tot_msg_sent: 1574
tot_reconf_duration: 5.1
tot_sleeping_duration: 733427.8736000049
tot_uptimes: 191
tot_uptimes_duration: 11414.252639995073
