comms_cons: 76.75813119883207
finished_reconf: true
global_termination_time: 749441.481
local_termination_time: 322512.74236000003
node_cons: 15362.115963359724
tot_aggregated_send: 9802
tot_msg_rcv: 594
tot_msg_sent: 1272
tot_reconf_duration: 12.629999999999999
tot_sleeping_duration: 737981.4627600003
tot_uptimes: 192
tot_uptimes_duration: 11460.018239999772
