comms_cons: 75.37789439714757
finished_reconf: true
global_termination_time: 744997.161
local_termination_time: 219194.84636000008
node_cons: 15270.610466719429
tot_aggregated_send: 9976
tot_msg_rcv: 433
tot_msg_sent: 1048
tot_reconf_duration: 4.390000000000001
tot_sleeping_duration: 733597.1245200004
tot_uptimes: 191
tot_uptimes_duration: 11400.036479999544
