comms_cons: 17.737523200138973
finished_reconf: true
global_termination_time: 157171.86648000008
local_termination_time: 157171.82536000008
node_cons: 3265.3598009606944
tot_aggregated_send: 1668
tot_msg_rcv: 371
tot_msg_sent: 655
tot_reconf_duration: 24.59
tot_sleeping_duration: 154758.1498399996
tot_uptimes: 41
tot_uptimes_duration: 2413.716640000508
