comms_cons: 16.072985600270325
finished_reconf: true
global_termination_time: 163583.805
local_termination_time: 16909.15064
node_cons: 3309.315262239441
tot_aggregated_send: 1798
tot_msg_rcv: 192
tot_msg_sent: 453
tot_reconf_duration: 11.31
tot_sleeping_duration: 161123.79284000042
tot_uptimes: 42
tot_uptimes_duration: 2460.0121599995837
