comms_cons: 375.04305909167516
finished_reconf: true
global_termination_time: 1098189.131
local_termination_time: 533216.1585999997
node_cons: 66509.15373823223
tot_aggregated_send: 0
tot_msg_rcv: 23083
tot_msg_sent: 33922
tot_reconf_duration: 18.21
tot_sleeping_duration: 1048536.8348400048
tot_uptimes: 815
tot_uptimes_duration: 49652.296159995254
