comms_cons: 106.85936639904294
finished_reconf: true
global_termination_time: 1098631.517
local_termination_time: 574506.0369599988
node_cons: 22586.15956000012
tot_aggregated_send: 15486
tot_msg_rcv: 239
tot_msg_sent: 517
tot_reconf_duration: 7.819999999999999
tot_sleeping_duration: 1081771.517
tot_uptimes: 282
tot_uptimes_duration: 16860.0
