comms_cons: 280.3693311918742
finished_reconf: true
global_termination_time: 2806611.485
local_termination_time: 505305.5307200001
node_cons: 57691.724765583145
tot_aggregated_send: 39034
tot_msg_rcv: 1162
tot_msg_sent: 2418
tot_reconf_duration: 5.57
tot_sleeping_duration: 2763531.454600012
tot_uptimes: 719
tot_uptimes_duration: 43080.03039998817
