comms_cons: 966.1730103840127
finished_reconf: true
global_termination_time: 2804666.116
local_termination_time: 1653391.7775999997
node_cons: 170962.67217181556
tot_aggregated_send: 0
tot_msg_rcv: 59159
tot_msg_sent: 87695
tot_reconf_duration: 6.22
tot_sleeping_duration: 2676993.0574400136
tot_uptimes: 2106
tot_uptimes_duration: 127673.05855998608
