comms_cons: 2.6001279999938043
finished_reconf: true
global_termination_time: 14253.51948
local_termination_time: 14253.478360000001
node_cons: 292.76351872000083
tot_aggregated_send: 0
tot_msg_rcv: 218
tot_msg_sent: 176
tot_reconf_duration: 24.59
tot_sleeping_duration: 14059.815
tot_uptimes: 4
tot_uptimes_duration: 193.70448000000033
