comms_cons: 1.8882303999961272
finished_reconf: true
global_termination_time: 18119.613
local_termination_time: 848.6853599999998
node_cons: 331.97955999999994
tot_aggregated_send: 0
tot_msg_rcv: 175
tot_msg_sent: 112
tot_reconf_duration: 7.819999999999999
tot_sleeping_duration: 17879.613
tot_uptimes: 5
tot_uptimes_duration: 240.0
