comms_cons: 29.547187199935028
finished_reconf: true
global_termination_time: 14254.037240000003
local_termination_time: 818.5220399999994
node_cons: 4574.249567800066
tot_aggregated_send: 0
tot_msg_rcv: 2235
tot_msg_sent: 2255
tot_reconf_duration: 6.22
tot_sleeping_duration: 10844.177039999957
tot_uptimes: 50
tot_uptimes_duration: 3409.8602000000474
