comms_cons: 1.980339199996296
finished_reconf: true
global_termination_time: 18017.177
local_termination_time: 5670.18036
node_cons: 328.7339400000004
tot_aggregated_send: 0
tot_msg_rcv: 185
tot_msg_sent: 116
tot_reconf_duration: 5.43
tot_sleeping_duration: 17777.177
tot_uptimes: 5
tot_uptimes_duration: 240.0
