comms_cons: 146.23730559049665
finished_reconf: true
global_termination_time: 1446731.17
local_termination_time: 196223.38988000088
node_cons: 29763.659521101297
tot_aggregated_send: 19488
tot_msg_rcv: 809
tot_msg_sent: 1932
tot_reconf_duration: 18.21
tot_sleeping_duration: 1424521.363920014
tot_uptimes: 371
tot_uptimes_duration: 22209.80607998601
