comms_cons: 144.01210879399034
finished_reconf: true
global_termination_time: 1451955.885
local_termination_time: 746824.0463599999
node_cons: 29818.94189367741
tot_aggregated_send: 20822
tot_msg_rcv: 378
tot_msg_sent: 689
tot_reconf_duration: 9.42
tot_sleeping_duration: 1429695.877880002
tot_uptimes: 372
tot_uptimes_duration: 22260.007119997987
