comms_cons: 143.6560895949422
finished_reconf: true
global_termination_time: 1451505.311
local_termination_time: 1017526.0773199985
node_cons: 29823.299681121487
tot_aggregated_send: 20822
tot_msg_rcv: 326
tot_msg_sent: 686
tot_reconf_duration: 12.629999999999999
tot_sleeping_duration: 1429245.3049199989
tot_uptimes: 372
tot_uptimes_duration: 22260.00608000107
