comms_cons: 147.51910398256223
finished_reconf: true
global_termination_time: 1448356.689
local_termination_time: 311439.717
node_cons: 29737.158482618914
tot_aggregated_send: 19370
tot_msg_rcv: 946
tot_msg_sent: 2106
tot_reconf_duration: 5.43
tot_sleeping_duration: 1426153.7132400158
tot_uptimes: 371
tot_uptimes_duration: 22202.975759984227
