comms_cons: 57.7857407997223
finished_reconf: true
global_termination_time: 576093.395
local_termination_time: 210139.09036000006
node_cons: 11834.733603364297
tot_aggregated_send: 7888
tot_msg_rcv: 270
tot_msg_sent: 626
tot_reconf_duration: 18.21
tot_sleeping_duration: 567273.3767599968
tot_uptimes: 148
tot_uptimes_duration: 8820.018240003206
