comms_cons: 113.4569856033648
finished_reconf: true
global_termination_time: 574352.891
local_termination_time: 84.96548000000014
node_cons: 11817.568483364308
tot_aggregated_send: 0
tot_msg_rcv: 8712
tot_msg_sent: 8531
tot_reconf_duration: 5.57
tot_sleeping_duration: 565532.8727599967
tot_uptimes: 148
tot_uptimes_duration: 8820.018240003206
