comms_cons: 496.71235201762863
finished_reconf: true
global_termination_time: 573156.8545999998
local_termination_time: 573156.8134799999
node_cons: 57526.39109770777
tot_aggregated_send: 0
tot_msg_rcv: 34009
tot_msg_sent: 41489
tot_reconf_duration: 37.410000000000004
tot_sleeping_duration: 530232.5914799785
tot_uptimes: 697
tot_uptimes_duration: 42924.263120021424
