comms_cons: 56.074521600774084
finished_reconf: true
global_termination_time: 575986.676
local_termination_time: 257848.38424000048
node_cons: 11816.528262242875
tot_aggregated_send: 7888
tot_msg_rcv: 228
tot_msg_sent: 407
tot_reconf_duration: 4.8100000000000005
tot_sleeping_duration: 567166.6638399978
tot_uptimes: 148
tot_uptimes_duration: 8820.012160002138
