comms_cons: 406.8896512355811
finished_reconf: true
global_termination_time: 4147973.588
local_termination_time: 1233514.3694799999
node_cons: 85341.94428446585
tot_aggregated_send: 57304
tot_msg_rcv: 1413
tot_msg_sent: 3127
tot_reconf_duration: 15.34
tot_sleeping_duration: 4084253.563680009
tot_uptimes: 1063
tot_uptimes_duration: 63720.024319991004
