comms_cons: 408.67496322899393
finished_reconf: true
global_termination_time: 4146593.997
local_termination_time: 2450209.15548
node_cons: 85248.328483349
tot_aggregated_send: 56144
tot_msg_rcv: 2094
tot_msg_sent: 3877
tot_reconf_duration: 5.57
tot_sleeping_duration: 4082933.978760007
tot_uptimes: 1062
tot_uptimes_duration: 63660.01823999314
