comms_cons: 408.35831041528377
finished_reconf: true
global_termination_time: 4146269.119
local_termination_time: 2468428.52636
node_cons: 85247.68208223156
tot_aggregated_send: 56376
tot_msg_rcv: 1918
tot_msg_sent: 3774
tot_reconf_duration: 5.1
tot_sleeping_duration: 4082609.1068400047
tot_uptimes: 1062
tot_uptimes_duration: 63660.01215999527
