comms_cons: 411.89704964748154
finished_reconf: true
global_termination_time: 4148378.023
local_termination_time: 560205.1469599997
node_cons: 85325.28702893773
tot_aggregated_send: 57942
tot_msg_rcv: 1577
tot_msg_sent: 3086
tot_reconf_duration: 3.05
tot_sleeping_duration: 4084657.9743600152
tot_uptimes: 1063
tot_uptimes_duration: 63720.048639984976
