comms_cons: 1585.388456067081
finished_reconf: true
global_termination_time: 4146692.29
local_termination_time: 604153.2265999999
node_cons: 251723.21795406562
tot_aggregated_send: 0
tot_msg_rcv: 97386
tot_msg_sent: 143584
tot_reconf_duration: 6.22
tot_sleeping_duration: 3958705.156920034
tot_uptimes: 3086
tot_uptimes_duration: 187987.13307996606
