comms_cons: 151.13143039619683
finished_reconf: true
global_termination_time: 1521849.6
local_termination_time: 612531.8372799982
node_cons: 31274.599455917658
tot_aggregated_send: 21808
tot_msg_rcv: 422
tot_msg_sent: 742
tot_reconf_duration: 15.110000000000001
tot_sleeping_duration: 1498508.240720002
tot_uptimes: 390
tot_uptimes_duration: 23341.35927999823
