comms_cons: 156.52062078960847
finished_reconf: true
global_termination_time: 1522167.387
local_termination_time: 582886.7137999983
node_cons: 31259.690927822383
tot_aggregated_send: 20416
tot_msg_rcv: 1221
tot_msg_sent: 2154
tot_reconf_duration: 5.43
tot_sleeping_duration: 1498827.3444400132
tot_uptimes: 390
tot_uptimes_duration: 23340.042559986876
