comms_cons: 265.39932162487236
finished_reconf: true
global_termination_time: 2809134.869
local_termination_time: 7255.351000000001
node_cons: 57854.85734111611
tot_aggregated_send: 39490
tot_msg_rcv: 323
tot_msg_sent: 526
tot_reconf_duration: 7.3999999999999995
tot_sleeping_duration: 2765934.862920002
tot_uptimes: 720
tot_uptimes_duration: 43200.00607999787
