comms_cons: 281.1915584102273
finished_reconf: true
global_termination_time: 2809695.428
local_termination_time: 4331.286999999999
node_cons: 57854.46348670059
tot_aggregated_send: 38562
tot_msg_rcv: 1483
tot_msg_sent: 2694
tot_reconf_duration: 7.08
tot_sleeping_duration: 2766495.3915200136
tot_uptimes: 720
tot_uptimes_duration: 43200.03647998627
