comms_cons: 128.54440959861475
finished_reconf: true
global_termination_time: 1314695.196
local_termination_time: 1082477.0803599998
node_cons: 26998.381899999786
tot_aggregated_send: 19140
tot_msg_rcv: 130
tot_msg_sent: 268
tot_reconf_duration: 3.05
tot_sleeping_duration: 1294535.196
tot_uptimes: 337
tot_uptimes_duration: 20160.0
