comms_cons: 257.40357103231
finished_reconf: true
global_termination_time: 1309784.2306
local_termination_time: 2483.5256000000004
node_cons: 26942.92633303357
tot_aggregated_send: 0
tot_msg_rcv: 19684
tot_msg_sent: 19437
tot_reconf_duration: 6.22
tot_sleeping_duration: 1289668.8612400047
tot_uptimes: 336
tot_uptimes_duration: 20115.369359995166
