comms_cons: 2740.912527406822
finished_reconf: true
global_termination_time: 9400552.653839998
local_termination_time: 9400552.612719998
node_cons: 383817.99199477426
tot_aggregated_send: 0
tot_msg_rcv: 139633
tot_msg_sent: 276972
tot_reconf_duration: 37.410000000000004
tot_sleeping_duration: 9113945.34300001
tot_uptimes: 4745
tot_uptimes_duration: 286607.31083998963
