comms_cons: 938.2635330491541
finished_reconf: true
global_termination_time: 9403431.182
local_termination_time: 2157388.52036
node_cons: 193467.32151004742
tot_aggregated_send: 130558
tot_msg_rcv: 4210
tot_msg_sent: 7840
tot_reconf_duration: 6.279999999999999
tot_sleeping_duration: 9258951.12728002
tot_uptimes: 2409
tot_uptimes_duration: 144480.05471998057
