comms_cons: 916.8898689681687
finished_reconf: true
global_termination_time: 9402891.921
local_termination_time: 4434898.578159999
node_cons: 193398.940085578
tot_aggregated_send: 130790
tot_msg_rcv: 2835
tot_msg_sent: 5736
tot_reconf_duration: 15.110000000000001
tot_sleeping_duration: 9258471.89060001
tot_uptimes: 2408
tot_uptimes_duration: 144420.03039998934
