comms_cons: 140.03827199524255
finished_reconf: true
global_termination_time: 1404437.041
local_termination_time: 310105.73604000075
node_cons: 28850.588240000005
tot_aggregated_send: 19952
tot_msg_rcv: 468
tot_msg_sent: 865
tot_reconf_duration: 6.279999999999999
tot_sleeping_duration: 1382897.041
tot_uptimes: 360
tot_uptimes_duration: 21540.0
