comms_cons: 137.77502719742705
finished_reconf: true
global_termination_time: 1405466.237
local_termination_time: 1334118.3471199991
node_cons: 28849.624060000137
tot_aggregated_send: 20358
tot_msg_rcv: 147
tot_msg_sent: 436
tot_reconf_duration: 5.57
tot_sleeping_duration: 1383926.237
tot_uptimes: 360
tot_uptimes_duration: 21540.0
