comms_cons: 93.9697920033462
finished_reconf: true
global_termination_time: 194809.94580000074
local_termination_time: 194809.90468000073
node_cons: 11895.204142520497
tot_aggregated_send: 0
tot_msg_rcv: 5721
tot_msg_sent: 8562
tot_reconf_duration: 24.59
tot_sleeping_duration: 185951.2371200004
tot_uptimes: 146
tot_uptimes_duration: 8858.70868000035
