comms_cons: 196.1792127893751
finished_reconf: true
global_termination_time: 1963554.169
local_termination_time: 1052656.1473599998
node_cons: 40355.4173211165
tot_aggregated_send: 27724
tot_msg_rcv: 718
tot_msg_sent: 1376
tot_reconf_duration: 18.21
tot_sleeping_duration: 1933434.1629200024
tot_uptimes: 503
tot_uptimes_duration: 30120.006079997635
