comms_cons: 195.2982271868792
finished_reconf: true
global_termination_time: 1962212.633
local_termination_time: 1394386.441279998
node_cons: 40337.6220822332
tot_aggregated_send: 27376
tot_msg_rcv: 740
tot_msg_sent: 1570
tot_reconf_duration: 5.1
tot_sleeping_duration: 1932092.6208400046
tot_uptimes: 503
tot_uptimes_duration: 30120.01215999527
