comms_cons: 144.2101119661442
finished_reconf: true
global_termination_time: 730608.407
local_termination_time: 240986.84660000095
node_cons: 15039.05991575638
tot_aggregated_send: 0
tot_msg_rcv: 11072
tot_msg_sent: 10848
tot_reconf_duration: 7.819999999999999
tot_sleeping_duration: 719384.7771600027
tot_uptimes: 188
tot_uptimes_duration: 11223.629839997304
