comms_cons: 61.25235200119501
finished_reconf: true
global_termination_time: 612776.368
local_termination_time: 183045.02336000005
node_cons: 12557.785462242868
tot_aggregated_send: 8236
tot_msg_rcv: 330
tot_msg_sent: 744
tot_reconf_duration: 18.21
tot_sleeping_duration: 603416.3558399979
tot_uptimes: 157
tot_uptimes_duration: 9360.012160002138
