comms_cons: 78.77276160999938
finished_reconf: true
global_termination_time: 394845.237
local_termination_time: 48801.032480000016
node_cons: 8120.326043362033
tot_aggregated_send: 0
tot_msg_rcv: 6113
tot_msg_sent: 5860
tot_reconf_duration: 4.390000000000001
tot_sleeping_duration: 388785.21875999856
tot_uptimes: 102
tot_uptimes_duration: 6060.018240001504
