comms_cons: 37.62387200035852
finished_reconf: true
global_termination_time: 385734.317
local_termination_time: 142356.53736000005
node_cons: 7877.494464485716
tot_aggregated_send: 4988
tot_msg_rcv: 259
tot_msg_sent: 472
tot_reconf_duration: 3.05
tot_sleeping_duration: 379854.2926799957
tot_uptimes: 99
tot_uptimes_duration: 5880.024320004275
