comms_cons: 2.263244799996742
finished_reconf: true
global_termination_time: 12847.180000000006
local_termination_time: 5360.0963600000005
node_cons: 284.4603300000084
tot_aggregated_send: 0
tot_msg_rcv: 177
tot_msg_sent: 167
tot_reconf_duration: 5.1
tot_sleeping_duration: 12639.91
tot_uptimes: 4
tot_uptimes_duration: 207.2700000000059
