comms_cons: 2.2990399999934614
finished_reconf: true
global_termination_time: 17303.394
local_termination_time: 6070.5963600000005
node_cons: 327.89198000000056
tot_aggregated_send: 0
tot_msg_rcv: 177
tot_msg_sent: 172
tot_reconf_duration: 4.8100000000000005
tot_sleeping_duration: 17063.394
tot_uptimes: 5
tot_uptimes_duration: 240.0
