comms_cons: 1.6382207999976433
finished_reconf: true
global_termination_time: 16535.702
local_termination_time: 11127.19536
node_cons: 325.50189999999895
tot_aggregated_send: 0
tot_msg_rcv: 126
tot_msg_sent: 123
tot_reconf_duration: 3.05
tot_sleeping_duration: 16295.702000000001
tot_uptimes: 5
tot_uptimes_duration: 240.0
