comms_cons: 102.93816319430466
finished_reconf: true
global_termination_time: 1042281.735
local_termination_time: 581352.3236399993
node_cons: 21378.894901116983
tot_aggregated_send: 14152
tot_msg_rcv: 425
tot_msg_sent: 1069
tot_reconf_duration: 6.22
tot_sleeping_duration: 1026321.7289200024
tot_uptimes: 267
tot_uptimes_duration: 15960.006079997635
