comms_cons: 110.94504959346419
finished_reconf: true
global_termination_time: 1109528.985
local_termination_time: 742664.2554799998
node_cons: 22847.334982233733
tot_aggregated_send: 14674
tot_msg_rcv: 744
tot_msg_sent: 1445
tot_reconf_duration: 22.65
tot_sleeping_duration: 1092488.9728400048
tot_uptimes: 285
tot_uptimes_duration: 17040.01215999527
