comms_cons: 108.61601279843174
finished_reconf: true
global_termination_time: 1109920.046
local_termination_time: 871660.9663599998
node_cons: 22831.91897999995
tot_aggregated_send: 16008
tot_msg_rcv: 204
tot_msg_sent: 297
tot_reconf_duration: 11.31
tot_sleeping_duration: 1092880.046
tot_uptimes: 285
tot_uptimes_duration: 17040.0
