comms_cons: 54.13790720058942
finished_reconf: true
global_termination_time: 530148.683
local_termination_time: 271963.72532000026
node_cons: 10850.041900000078
tot_aggregated_send: 7250
tot_msg_rcv: 400
tot_msg_sent: 578
tot_reconf_duration: 3.05
tot_sleeping_duration: 522048.68299999996
tot_uptimes: 136
tot_uptimes_duration: 8100.0
