comms_cons: 171.8684415857431
finished_reconf: true
global_termination_time: 1715503.7964799998
local_termination_time: 1715503.7553599998
node_cons: 35321.08492989039
tot_aggregated_send: 23824
tot_msg_rcv: 656
tot_msg_sent: 1642
tot_reconf_duration: 24.59
tot_sleeping_duration: 1689150.031200022
tot_uptimes: 440
tot_uptimes_duration: 26353.765279977917
