comms_cons: 171.80504318804293
finished_reconf: true
global_termination_time: 1717843.879
local_termination_time: 248345.3307200001
node_cons: 35303.65810558873
tot_aggregated_send: 23838
tot_msg_rcv: 781
tot_msg_sent: 1494
tot_reconf_duration: 25.299999999999997
tot_sleeping_duration: 1691503.8486000083
tot_uptimes: 440
tot_uptimes_duration: 26340.030399991607
