comms_cons: 168.15182079267643
finished_reconf: true
global_termination_time: 1715621.208
local_termination_time: 765000.6153599999
node_cons: 35273.41818223367
tot_aggregated_send: 23896
tot_msg_rcv: 555
tot_msg_sent: 1107
tot_reconf_duration: 3.05
tot_sleeping_duration: 1689281.1958400048
tot_uptimes: 440
tot_uptimes_duration: 26340.01215999527
