comms_cons: 264.2733055834629
finished_reconf: true
global_termination_time: 2700974.782
local_termination_time: 958421.8601599993
node_cons: 55519.13888781695
tot_aggregated_send: 36076
tot_msg_rcv: 1353
tot_msg_sent: 2739
tot_reconf_duration: 3.05
tot_sleeping_duration: 2659514.7394400164
tot_uptimes: 692
tot_uptimes_duration: 41460.04255998344
