comms_cons: 831.8767759220381
finished_reconf: true
global_termination_time: 4227818.849
local_termination_time: 3146.3233600000003
node_cons: 86952.6498855831
tot_aggregated_send: 0
tot_msg_rcv: 63685
tot_msg_sent: 62754
tot_reconf_duration: 18.21
tot_sleeping_duration: 4162898.8186000115
tot_uptimes: 1083
tot_uptimes_duration: 64920.030399989104
