comms_cons: 421.3814144443058
finished_reconf: true
global_termination_time: 4228099.852
local_termination_time: 2747668.475519999
node_cons: 86948.73614334862
tot_aggregated_send: 59450
tot_msg_rcv: 1508
tot_msg_sent: 3089
tot_reconf_duration: 15.34
tot_sleeping_duration: 4163179.8337600064
tot_uptimes: 1083
tot_uptimes_duration: 64920.01823999337
