comms_cons: 420.55300482453674
finished_reconf: true
global_termination_time: 4230929.815
local_termination_time: 2798997.555319999
node_cons: 87016.77266334917
tot_aggregated_send: 58986
tot_msg_rcv: 1568
tot_msg_sent: 3367
tot_reconf_duration: 6.279999999999999
tot_sleeping_duration: 4165949.7967600073
tot_uptimes: 1084
tot_uptimes_duration: 64980.01823999337
