comms_cons: 420.4621888291401
finished_reconf: true
global_termination_time: 4227659.193
local_termination_time: 2958405.64936
node_cons: 86934.81394111467
tot_aggregated_send: 58696
tot_msg_rcv: 1740
tot_msg_sent: 3472
tot_reconf_duration: 5.1
tot_sleeping_duration: 4162739.1869200026
tot_uptimes: 1083
tot_uptimes_duration: 64920.006079997635
