comms_cons: 419.7667456200854
finished_reconf: true
global_termination_time: 4228746.439
local_termination_time: 3072290.278
node_cons: 86962.286460951
tot_aggregated_send: 58907
tot_msg_rcv: 1701
tot_msg_sent: 3194
tot_reconf_duration: 25.299999999999997
tot_sleeping_duration: 4163826.4023600053
tot_uptimes: 1083
tot_uptimes_duration: 64920.036639995174
