comms_cons: 419.58739203859545
finished_reconf: true
global_termination_time: 4229829.019
local_termination_time: 2567600.75536
node_cons: 87020.63208558294
tot_aggregated_send: 58580
tot_msg_rcv: 1843
tot_msg_sent: 3351
tot_reconf_duration: 9.11
tot_sleeping_duration: 4164848.9886000114
tot_uptimes: 1084
tot_uptimes_duration: 64980.030399989104
