comms_cons: 423.6129408593444
finished_reconf: true
global_termination_time: 4228664.932
local_termination_time: 205287.01508000016
node_cons: 86934.49339116729
tot_aggregated_send: 59276
tot_msg_rcv: 1622
tot_msg_sent: 3488
tot_reconf_duration: 4.8100000000000005
tot_sleeping_duration: 4163744.8712000228
tot_uptimes: 1083
tot_uptimes_duration: 64920.06079997728
