comms_cons: 426.8686080956877
finished_reconf: true
global_termination_time: 4229463.988
local_termination_time: 955725.6053599999
node_cons: 87016.72374781752
tot_aggregated_send: 58464
tot_msg_rcv: 2063
tot_msg_sent: 4354
tot_reconf_duration: 6.22
tot_sleeping_duration: 4164483.945440015
tot_uptimes: 1084
tot_uptimes_duration: 64980.04255998484
