comms_cons: 428.15822731047433
finished_reconf: true
global_termination_time: 4226970.151
local_termination_time: 2700063.65836
node_cons: 86943.30410893462
tot_aggregated_send: 58348
tot_msg_rcv: 2322
tot_msg_sent: 4408
tot_reconf_duration: 11.31
tot_sleeping_duration: 4162050.1023600167
tot_uptimes: 1083
tot_uptimes_duration: 64920.048639982706
