comms_cons: 263.6933631826479
finished_reconf: true
global_termination_time: 2683407.193
local_termination_time: 892288.8233599999
node_cons: 55224.436393401105
tot_aggregated_send: 36656
tot_msg_rcv: 1160
tot_msg_sent: 2263
tot_reconf_duration: 22.65
tot_sleeping_duration: 2642187.1200400284
tot_uptimes: 688
tot_uptimes_duration: 41220.072959971614
