comms_cons: 264.79306238876984
finished_reconf: true
global_termination_time: 2684577.148
local_termination_time: 1331951.8107599989
node_cons: 55214.0993799989
tot_aggregated_send: 38164
tot_msg_rcv: 703
tot_msg_sent: 1380
tot_reconf_duration: 15.110000000000001
tot_sleeping_duration: 2643357.148
tot_uptimes: 688
tot_uptimes_duration: 41220.0
