comms_cons: 262.77210239062174
finished_reconf: true
global_termination_time: 2682097.37
local_termination_time: 1455674.3171999985
node_cons: 55206.372359998975
tot_aggregated_send: 38396
tot_msg_rcv: 505
tot_msg_sent: 1038
tot_reconf_duration: 9.42
tot_sleeping_duration: 2640877.37
tot_uptimes: 687
tot_uptimes_duration: 41220.0
