comms_cons: 260.10929919554394
finished_reconf: true
global_termination_time: 2685702.438
local_termination_time: 1033479.8253599998
node_cons: 55218.98274111585
tot_aggregated_send: 38744
tot_msg_rcv: 229
tot_msg_sent: 562
tot_reconf_duration: 18.700000000000003
tot_sleeping_duration: 2644482.431920002
tot_uptimes: 688
tot_uptimes_duration: 41220.006079997635
