comms_cons: 262.8431551922532
finished_reconf: true
global_termination_time: 2685955.968
local_termination_time: 1238376.2743600002
node_cons: 55208.450099999325
tot_aggregated_send: 38744
tot_msg_rcv: 351
tot_msg_sent: 855
tot_reconf_duration: 10.95
tot_sleeping_duration: 2644735.968
tot_uptimes: 688
tot_uptimes_duration: 41220.0
