comms_cons: 265.93189118005677
finished_reconf: true
global_termination_time: 2685410.249
local_termination_time: 1142516.6947999995
node_cons: 55204.248406700164
tot_aggregated_send: 36888
tot_msg_rcv: 1263
tot_msg_sent: 2269
tot_reconf_duration: 7.819999999999999
tot_sleeping_duration: 2644190.212520014
tot_uptimes: 688
tot_uptimes_duration: 41220.03647998581
