comms_cons: 267.2010495747518
finished_reconf: true
global_termination_time: 2682106.796
local_termination_time: 1282908.3873599998
node_cons: 55121.69490111587
tot_aggregated_send: 36424
tot_msg_rcv: 1523
tot_msg_sent: 2666
tot_reconf_duration: 6.22
tot_sleeping_duration: 2640946.7899200027
tot_uptimes: 687
tot_uptimes_duration: 41160.006079997635
