comms_cons: 273.84892159035735
finished_reconf: true
global_termination_time: 2682064.7312399913
local_termination_time: 17488.26048
node_cons: 55182.96752169408
tot_aggregated_send: 35380
tot_msg_rcv: 2097
tot_msg_sent: 4144
tot_reconf_duration: 11.31
tot_sleeping_duration: 2640864.12740004
tot_uptimes: 687
tot_uptimes_duration: 41200.60383995145
