comms_cons: 270.7842559899476
finished_reconf: true
global_termination_time: 2682997.171
local_termination_time: 641993.2311999996
node_cons: 55201.01092781682
tot_aggregated_send: 36424
tot_msg_rcv: 1691
tot_msg_sent: 3042
tot_reconf_duration: 5.43
tot_sleeping_duration: 2641777.128440017
tot_uptimes: 688
tot_uptimes_duration: 41220.04255998344
