comms_cons: 87.25237761195663
finished_reconf: true
global_termination_time: 447187.488
local_termination_time: 1220.0203600000002
node_cons: 9165.29198000001
tot_aggregated_send: 0
tot_msg_rcv: 6651
tot_msg_sent: 6610
tot_reconf_duration: 4.8100000000000005
tot_sleeping_duration: 440347.488
tot_uptimes: 115
tot_uptimes_duration: 6840.0
