comms_cons: 44.91024640068416
finished_reconf: true
global_termination_time: 448563.168
local_termination_time: 45855.251600000025
node_cons: 9164.737902242881
tot_aggregated_send: 5916
tot_msg_rcv: 366
tot_msg_sent: 545
tot_reconf_duration: 4.390000000000001
tot_sleeping_duration: 441723.15583999787
tot_uptimes: 115
tot_uptimes_duration: 6840.0121600021375
