comms_cons: 53.11780480015835
finished_reconf: true
global_termination_time: 545683.446
local_termination_time: 80656.27547999994
node_cons: 11201.633682240581
tot_aggregated_send: 7424
tot_msg_rcv: 198
tot_msg_sent: 450
tot_reconf_duration: 25.299999999999997
tot_sleeping_duration: 537343.4338399996
tot_uptimes: 140
tot_uptimes_duration: 8340.012160000435
