comms_cons: 86.91781119710734
finished_reconf: true
global_termination_time: 873402.602
local_termination_time: 601601.5844799979
node_cons: 17919.97004111692
tot_aggregated_send: 12354
tot_msg_rcv: 276
tot_msg_sent: 581
tot_reconf_duration: 3.05
tot_sleeping_duration: 860022.5959200023
tot_uptimes: 224
tot_uptimes_duration: 13380.006079997635
