comms_cons: 88.20733439578387
finished_reconf: true
global_termination_time: 868891.1118399989
local_termination_time: 56664.99448000001
node_cons: 17910.753659758448
tot_aggregated_send: 12238
tot_msg_rcv: 503
tot_msg_sent: 665
tot_reconf_duration: 11.31
tot_sleeping_duration: 855526.366
tot_uptimes: 223
tot_uptimes_duration: 13364.745839998825
