comms_cons: 748.3274699442932
finished_reconf: true
global_termination_time: 4822239.016
local_termination_time: 2859360.63936
node_cons: 99146.51836446556
tot_aggregated_send: 0
tot_msg_rcv: 57300
tot_msg_sent: 56441
tot_reconf_duration: 5.1
tot_sleeping_duration: 4748198.991680008
tot_uptimes: 1235
tot_uptimes_duration: 74040.02431999124
