comms_cons: 486.0009473166933
finished_reconf: true
global_termination_time: 4821478.255
local_termination_time: 224626.97136000005
node_cons: 99146.20595563961
tot_aggregated_send: 66642
tot_msg_rcv: 2282
tot_msg_sent: 4942
tot_reconf_duration: 4.8100000000000005
tot_sleeping_duration: 4747438.169880028
tot_uptimes: 1235
tot_uptimes_duration: 74040.08511997195
