comms_cons: 13.513676800106396
finished_reconf: true
global_termination_time: 133834.88520000075
local_termination_time: 133819.57072000057
node_cons: 2826.2000988009872
tot_aggregated_send: 1914
tot_msg_rcv: 47
tot_msg_sent: 93
tot_reconf_duration: 11.31
tot_sleeping_duration: 131735.676
tot_uptimes: 35
tot_uptimes_duration: 2099.2092000007397
