comms_cons: 54.73894399979512
finished_reconf: true
global_termination_time: 559312.6579599997
local_termination_time: 559299.3223599999
node_cons: 11536.104457439802
tot_aggregated_send: 8294
tot_msg_rcv: 17
tot_msg_sent: 8
tot_reconf_duration: 9.42
tot_sleeping_duration: 550706.749
tot_uptimes: 144
tot_uptimes_duration: 8605.908959999797
