comms_cons: 55.80152319879989
finished_reconf: true
global_termination_time: 564997.245
local_termination_time: 67090.34635999997
node_cons: 11574.937902242877
tot_aggregated_send: 8004
tot_msg_rcv: 129
tot_msg_sent: 347
tot_reconf_duration: 4.390000000000001
tot_sleeping_duration: 556357.2328399979
tot_uptimes: 145
tot_uptimes_duration: 8640.012160002138
