comms_cons: 308.9072255723885
finished_reconf: true
global_termination_time: 814536.922
local_termination_time: 633214.0417199988
node_cons: 49568.38269023754
tot_aggregated_send: 0
tot_msg_rcv: 18923
tot_msg_sent: 28029
tot_reconf_duration: 4.390000000000001
tot_sleeping_duration: 777522.4178400014
tot_uptimes: 608
tot_uptimes_duration: 37014.504159998614
