comms_cons: 47.54850560007616
finished_reconf: true
global_termination_time: 478886.176
local_termination_time: 92111.83535999995
node_cons: 9809.044060000002
tot_aggregated_send: 6786
tot_msg_rcv: 156
tot_msg_sent: 285
tot_reconf_duration: 5.57
tot_sleeping_duration: 471566.176
tot_uptimes: 123
tot_uptimes_duration: 7320.0
