comms_cons: 115.3128832028563
finished_reconf: true
global_termination_time: 577521.184
local_termination_time: 1084.2034800000004
node_cons: 11840.754982238279
tot_aggregated_send: 0
tot_msg_rcv: 9004
tot_msg_sent: 8523
tot_reconf_duration: 22.65
tot_sleeping_duration: 568701.1718400012
tot_uptimes: 148
tot_uptimes_duration: 8820.012159998703
