comms_cons: 59.95326080007837
finished_reconf: true
global_termination_time: 576994.019
local_termination_time: 145075.35848000055
node_cons: 11815.974184485758
tot_aggregated_send: 7598
tot_msg_rcv: 579
tot_msg_sent: 935
tot_reconf_duration: 4.390000000000001
tot_sleeping_duration: 568173.9946799957
tot_uptimes: 148
tot_uptimes_duration: 8820.024320004275
