comms_cons: 58.912691199968194
finished_reconf: true
global_termination_time: 575161.447
local_termination_time: 97150.116
node_cons: 11814.146323359693
tot_aggregated_send: 7538
tot_msg_rcv: 424
tot_msg_sent: 993
tot_reconf_duration: 3.05
tot_sleeping_duration: 566341.4287600003
tot_uptimes: 148
tot_uptimes_duration: 8820.018239999772
