comms_cons: 81.59586559752685
finished_reconf: true
global_termination_time: 827497.48424
local_termination_time: 75591.91711999972
node_cons: 16978.10573048151
tot_aggregated_send: 11368
tot_msg_rcv: 363
tot_msg_sent: 671
tot_reconf_duration: 4.390000000000001
tot_sleeping_duration: 814822.2459199989
tot_uptimes: 212
tot_uptimes_duration: 12675.23832000111
