comms_cons: 53.613900800351935
finished_reconf: true
global_termination_time: 539600.1720399993
local_termination_time: 539600.1309199993
node_cons: 11156.976646801979
tot_aggregated_send: 7642
tot_msg_rcv: 137
tot_msg_sent: 369
tot_reconf_duration: 24.59
tot_sleeping_duration: 531292.7908399978
tot_uptimes: 139
tot_uptimes_duration: 8307.381200001459
