comms_cons: 55.23238400051183
finished_reconf: true
global_termination_time: 543605.499
local_termination_time: 191399.42548000006
node_cons: 11175.723042242877
tot_aggregated_send: 7424
tot_msg_rcv: 336
tot_msg_sent: 635
tot_reconf_duration: 6.22
tot_sleeping_duration: 535265.4868399978
tot_uptimes: 140
tot_uptimes_duration: 8340.012160002138
