comms_cons: 284.7781184018778
finished_reconf: true
global_termination_time: 2859977.394
local_termination_time: 255505.60636000006
node_cons: 58839.69568782198
tot_aggregated_send: 39846
tot_msg_rcv: 1182
tot_msg_sent: 2257
tot_reconf_duration: 22.65
tot_sleeping_duration: 2816057.3514400125
tot_uptimes: 733
tot_uptimes_duration: 43920.04255998734
