comms_cons: 283.8069503884018
finished_reconf: true
global_termination_time: 2861165.106
local_termination_time: 1889515.6662799993
node_cons: 58819.507701115836
tot_aggregated_send: 39788
tot_msg_rcv: 1134
tot_msg_sent: 2215
tot_reconf_duration: 7.819999999999999
tot_sleeping_duration: 2817245.0999200027
tot_uptimes: 733
tot_uptimes_duration: 43920.006079997635
