comms_cons: 243.2759039997181
finished_reconf: true
global_termination_time: 2445813.903
local_termination_time: 1296077.2173600001
node_cons: 50307.71009999954
tot_aggregated_send: 35032
tot_msg_rcv: 678
tot_msg_sent: 1266
tot_reconf_duration: 10.95
tot_sleeping_duration: 2408253.903
tot_uptimes: 627
tot_uptimes_duration: 37560.0
