comms_cons: 249.73355521814216
finished_reconf: true
global_termination_time: 2451973.962
local_termination_time: 7021.661200000002
node_cons: 50379.30444235759
tot_aggregated_send: 32712
tot_msg_rcv: 1636
tot_msg_sent: 3610
tot_reconf_duration: 4.390000000000001
tot_sleeping_duration: 2414353.840400031
tot_uptimes: 628
tot_uptimes_duration: 37620.12159996886
