comms_cons: 63.86429440032303
finished_reconf: true
global_termination_time: 628989.546
local_termination_time: 182071.05236000006
node_cons: 12959.493603364299
tot_aggregated_send: 8700
tot_msg_rcv: 383
tot_msg_sent: 624
tot_reconf_duration: 18.21
tot_sleeping_duration: 619329.5277599967
tot_uptimes: 162
tot_uptimes_duration: 9660.018240003206
