comms_cons: 63.31164160038414
finished_reconf: true
global_termination_time: 629074.641
local_termination_time: 154755.86336000005
node_cons: 12941.288262242877
tot_aggregated_send: 8642
tot_msg_rcv: 287
tot_msg_sent: 694
tot_reconf_duration: 4.8100000000000005
tot_sleeping_duration: 619414.6288399978
tot_uptimes: 162
tot_uptimes_duration: 9660.012160002138
