comms_cons: 0.822399999997285
finished_reconf: true
global_termination_time: 5181.135
local_termination_time: 2139.338240000003
node_cons: 98.22486000000009
tot_aggregated_send: 0
tot_msg_rcv: 78
tot_msg_sent: 46
tot_reconf_duration: 13.17
tot_sleeping_duration: 5121.135
tot_uptimes: 2
tot_uptimes_duration: 60.0
