comms_cons: 111.08321279721851
finished_reconf: true
global_termination_time: 1125733.492
local_termination_time: 660421.3384799979
node_cons: 23146.56299383413
tot_aggregated_send: 16414
tot_msg_rcv: 183
tot_msg_sent: 287
tot_reconf_duration: 4.8100000000000005
tot_sleeping_duration: 1108451.9154400046
tot_uptimes: 289
tot_uptimes_duration: 17281.576559995534
