comms_cons: 349.256057324703
finished_reconf: true
global_termination_time: 1766041.015239999
local_termination_time: 193.48247999999995
node_cons: 36389.94236247541
tot_aggregated_send: 0
tot_msg_rcv: 26836
tot_msg_sent: 26246
tot_reconf_duration: 18.21
tot_sleeping_duration: 1738882.5289200023
tot_uptimes: 453
tot_uptimes_duration: 27158.48631999665
