comms_cons: 181.07302398211067
finished_reconf: true
global_termination_time: 1767923.793
local_termination_time: 398964.4113600001
node_cons: 36334.56056670552
tot_aggregated_send: 23780
tot_msg_rcv: 1311
tot_msg_sent: 2433
tot_reconf_duration: 15.34
tot_sleeping_duration: 1740803.7565200108
tot_uptimes: 453
tot_uptimes_duration: 27120.03647998924
