comms_cons: 182.248473573613
finished_reconf: true
global_termination_time: 1769951.452
local_termination_time: 91488.21371999993
node_cons: 36402.58894558405
tot_aggregated_send: 23548
tot_msg_rcv: 1421
tot_msg_sent: 2732
tot_reconf_duration: 6.279999999999999
tot_sleeping_duration: 1742771.4216000119
tot_uptimes: 454
tot_uptimes_duration: 27180.030399988173
