comms_cons: 175.21067519573612
finished_reconf: true
global_termination_time: 1766441.696
local_termination_time: 396833.50536
node_cons: 36320.60579999987
tot_aggregated_send: 25462
tot_msg_rcv: 419
tot_msg_sent: 750
tot_reconf_duration: 5.1
tot_sleeping_duration: 1739321.696
tot_uptimes: 453
tot_uptimes_duration: 27120.0
