comms_cons: 351.93994851888095
finished_reconf: true
global_termination_time: 1766280.671
local_termination_time: 1339.2623600000004
node_cons: 36344.50382894376
tot_aggregated_send: 0
tot_msg_rcv: 27277
tot_msg_sent: 26218
tot_reconf_duration: 22.65
tot_sleeping_duration: 1739160.622360012
tot_uptimes: 453
tot_uptimes_duration: 27120.048639987945
