comms_cons: 174.72381439393266
finished_reconf: true
global_termination_time: 1766964.71
local_termination_time: 587946.8379199984
node_cons: 36326.472359999956
tot_aggregated_send: 25462
tot_msg_rcv: 349
tot_msg_sent: 746
tot_reconf_duration: 9.42
tot_sleeping_duration: 1739844.71
tot_uptimes: 453
tot_uptimes_duration: 27120.0
