comms_cons: 176.21006719012377
finished_reconf: true
global_termination_time: 1766961.516
local_termination_time: 666421.8063599998
node_cons: 36328.55009999983
tot_aggregated_send: 25230
tot_msg_rcv: 576
tot_msg_sent: 976
tot_reconf_duration: 10.95
tot_sleeping_duration: 1739841.516
tot_uptimes: 453
tot_uptimes_duration: 27120.0
