comms_cons: 179.31151358509834
finished_reconf: true
global_termination_time: 1767990.814
local_termination_time: 162962.73160000012
node_cons: 36319.731172298874
tot_aggregated_send: 24186
tot_msg_rcv: 1024
tot_msg_sent: 2042
tot_reconf_duration: 4.390000000000001
tot_sleeping_duration: 1740870.7471200158
tot_uptimes: 453
tot_uptimes_duration: 27120.066879984282
