comms_cons: 177.75183358867707
finished_reconf: true
global_termination_time: 1766442.194
local_termination_time: 430697.5153600001
node_cons: 36329.063403354994
tot_aggregated_send: 24418
tot_msg_rcv: 802
tot_msg_sent: 1799
tot_reconf_duration: 11.31
tot_sleeping_duration: 1739322.1757600035
tot_uptimes: 453
tot_uptimes_duration: 27120.018239996338
