comms_cons: 357.30300162394013
finished_reconf: true
global_termination_time: 3610212.769
local_termination_time: 2269104.43336
node_cons: 74241.11836446635
tot_aggregated_send: 50054
tot_msg_rcv: 1375
tot_msg_sent: 2878
tot_reconf_duration: 5.1
tot_sleeping_duration: 3554772.744680009
tot_uptimes: 925
tot_uptimes_duration: 55440.024319991004
