comms_cons: 365.4811392727877
finished_reconf: true
global_termination_time: 3609210.927
local_termination_time: 391028.25536
node_cons: 74247.04191228957
tot_aggregated_send: 49938
tot_msg_rcv: 2012
tot_msg_sent: 3602
tot_reconf_duration: 9.42
tot_sleeping_duration: 3553770.8601200217
tot_uptimes: 925
tot_uptimes_duration: 55440.06687997858
