comms_cons: 714.0945929835111
finished_reconf: true
global_termination_time: 3621113.387
local_termination_time: 3236.5963600000005
node_cons: 74499.94174446589
tot_aggregated_send: 0
tot_msg_rcv: 54776
tot_msg_sent: 53762
tot_reconf_duration: 18.21
tot_sleeping_duration: 3565493.3626800096
tot_uptimes: 928
tot_uptimes_duration: 55620.02431999077
