comms_cons: 353.39421441925447
finished_reconf: true
global_termination_time: 3623248.383
local_termination_time: 2306359.1073599993
node_cons: 74482.10579999838
tot_aggregated_send: 51040
tot_msg_rcv: 830
tot_msg_sent: 1844
tot_reconf_duration: 5.1
tot_sleeping_duration: 3567628.383
tot_uptimes: 928
tot_uptimes_duration: 55620.0
