comms_cons: 363.8240320308956
finished_reconf: true
global_termination_time: 3621207.298
local_termination_time: 350849.00656000024
node_cons: 74506.01197005992
tot_aggregated_send: 50750
tot_msg_rcv: 1541
tot_msg_sent: 3007
tot_reconf_duration: 22.65
tot_sleeping_duration: 3565587.2432800136
tot_uptimes: 928
tot_uptimes_duration: 55620.05471998628
