comms_cons: 365.4285056326831
finished_reconf: true
global_termination_time: 3618762.331
local_termination_time: 813292.2133599999
node_cons: 74481.2148900507
tot_aggregated_send: 50170
tot_msg_rcv: 1771
tot_msg_sent: 3602
tot_reconf_duration: 4.390000000000001
tot_sleeping_duration: 3563142.2762800204
tot_uptimes: 927
tot_uptimes_duration: 55620.05471997941
