comms_cons: 367.3254592552996
finished_reconf: true
global_termination_time: 3621722.612
local_termination_time: 828470.3582799983
node_cons: 74479.38702893423
tot_aggregated_send: 49764
tot_msg_rcv: 2055
tot_msg_sent: 4013
tot_reconf_duration: 3.05
tot_sleeping_duration: 3566102.563360018
tot_uptimes: 928
tot_uptimes_duration: 55620.04863998201
