comms_cons: 247.63513599264232
finished_reconf: true
global_termination_time: 2508865.275
local_termination_time: 966833.2363599999
node_cons: 51585.20579999904
tot_aggregated_send: 36366
tot_msg_rcv: 407
tot_msg_sent: 866
tot_reconf_duration: 5.1
tot_sleeping_duration: 2470345.275
tot_uptimes: 643
tot_uptimes_duration: 38519.99999999988
