comms_cons: 473.63888629820275
finished_reconf: true
global_termination_time: 2508941.837
local_termination_time: 708478.5783599999
node_cons: 51584.893391167636
tot_aggregated_send: 0
tot_msg_rcv: 36536
tot_msg_sent: 35456
tot_reconf_duration: 4.8100000000000005
tot_sleeping_duration: 2470421.7762000235
tot_uptimes: 643
tot_uptimes_duration: 38520.060799976345
