comms_cons: 246.2798207923867
finished_reconf: true
global_termination_time: 2508981.209
local_termination_time: 1485281.3906
node_cons: 51604.67965339968
tot_aggregated_send: 35960
tot_msg_rcv: 502
tot_msg_sent: 972
tot_reconf_duration: 18.700000000000003
tot_sleeping_duration: 2470460.4583999994
tot_uptimes: 643
tot_uptimes_duration: 38520.750600000145
