comms_cons: 249.62800640026487
finished_reconf: true
global_termination_time: 2509018.482
local_termination_time: 739321.0144399996
node_cons: 51594.44019999926
tot_aggregated_send: 35728
tot_msg_rcv: 717
tot_msg_sent: 1497
tot_reconf_duration: 11.899999999999999
tot_sleeping_duration: 2470498.482
tot_uptimes: 643
tot_uptimes_duration: 38520.0
