comms_cons: 209.65278708903196
finished_reconf: true
global_termination_time: 1417543.839
local_termination_time: 474809.60320000065
node_cons: 29169.98454447205
tot_aggregated_send: 0
tot_msg_rcv: 16142
tot_msg_sent: 15724
tot_reconf_duration: 4.8100000000000005
tot_sleeping_duration: 1395763.814680006
tot_uptimes: 364
tot_uptimes_duration: 21780.02431999403
