comms_cons: 137.7487103982981
finished_reconf: true
global_termination_time: 1416644.599
local_termination_time: 918075.6287999983
node_cons: 29098.438979999963
tot_aggregated_send: 20474
tot_msg_rcv: 129
tot_msg_sent: 334
tot_reconf_duration: 11.31
tot_sleeping_duration: 1394924.599
tot_uptimes: 363
tot_uptimes_duration: 21720.0
