comms_cons: 786.1755521367811
finished_reconf: true
global_termination_time: 7926441.351
local_termination_time: 2949496.851759998
node_cons: 163044.25810557988
tot_aggregated_send: 110780
tot_msg_rcv: 2986
tot_msg_sent: 5728
tot_reconf_duration: 25.299999999999997
tot_sleeping_duration: 7804701.32060001
tot_uptimes: 2030
tot_uptimes_duration: 121740.03039998934
