comms_cons: 782.9705857478604
finished_reconf: true
global_termination_time: 7927186.082
local_termination_time: 5192602.387
node_cons: 163103.87299510327
tot_aggregated_send: 110540
tot_msg_rcv: 3064
tot_msg_sent: 5402
tot_reconf_duration: 9.11
tot_sleeping_duration: 7805385.109920009
tot_uptimes: 2031
tot_uptimes_duration: 121800.97207999136
