comms_cons: 783.3451393712124
finished_reconf: true
global_termination_time: 7930039.92
local_termination_time: 5202203.736639999
node_cons: 163110.74380334502
tot_aggregated_send: 109620
tot_msg_rcv: 3377
tot_msg_sent: 6066
tot_reconf_duration: 15.110000000000001
tot_sleeping_duration: 7808239.901760006
tot_uptimes: 2031
tot_uptimes_duration: 121800.0182399936
