comms_cons: 782.2800577566626
finished_reconf: true
global_termination_time: 7927749.088
local_termination_time: 5301037.15336
node_cons: 163103.00050111144
tot_aggregated_send: 109562
tot_msg_rcv: 3134
tot_msg_sent: 6205
tot_reconf_duration: 9.42
tot_sleeping_duration: 7805949.081920003
tot_uptimes: 2031
tot_uptimes_duration: 121800.00607999787
