comms_cons: 778.5290753424929
finished_reconf: true
global_termination_time: 7929402.376
local_termination_time: 5438602.539119998
node_cons: 163115.61902334483
tot_aggregated_send: 109562
tot_msg_rcv: 2937
tot_msg_sent: 5832
tot_reconf_duration: 18.700000000000003
tot_sleeping_duration: 7807602.357760007
tot_uptimes: 2031
tot_uptimes_duration: 121800.0182399936
