comms_cons: 2.184294399997003
finished_reconf: true
global_termination_time: 17114.037
local_termination_time: 6420.00748
node_cons: 355.7174000000015
tot_aggregated_send: 0
tot_msg_rcv: 179
tot_msg_sent: 153
tot_reconf_duration: 25.299999999999997
tot_sleeping_duration: 16874.037
tot_uptimes: 5
tot_uptimes_duration: 240.0
