comms_cons: 2.309299199992369
finished_reconf: true
global_termination_time: 17840.024
local_termination_time: 7303.024359999999
node_cons: 325.50189999999907
tot_aggregated_send: 0
tot_msg_rcv: 177
tot_msg_sent: 174
tot_reconf_duration: 3.05
tot_sleeping_duration: 17600.024
tot_uptimes: 5
tot_uptimes_duration: 240.0
