comms_cons: 2.283609599993857
finished_reconf: true
global_termination_time: 16311.24
local_termination_time: 6586.093360000001
node_cons: 331.97956000000084
tot_aggregated_send: 0
tot_msg_rcv: 178
tot_msg_sent: 169
tot_reconf_duration: 7.819999999999999
tot_sleeping_duration: 16071.24
tot_uptimes: 5
tot_uptimes_duration: 240.0
