comms_cons: 149.41425919490365
finished_reconf: true
global_termination_time: 1529913.501
local_termination_time: 755869.7677599981
node_cons: 31418.91790223373
tot_aggregated_send: 21112
tot_msg_rcv: 517
tot_msg_sent: 1082
tot_reconf_duration: 4.390000000000001
tot_sleeping_duration: 1506453.4888400047
tot_uptimes: 392
tot_uptimes_duration: 23460.01215999527
