comms_cons: 63.02873599734359
finished_reconf: true
global_termination_time: 615116.73
local_termination_time: 1197.7124800000004
node_cons: 12619.92826223828
tot_aggregated_send: 8062
tot_msg_rcv: 471
tot_msg_sent: 1047
tot_reconf_duration: 4.8100000000000005
tot_sleeping_duration: 605696.7178400012
tot_uptimes: 158
tot_uptimes_duration: 9420.012159998703
