comms_cons: 88.74183681129693
finished_reconf: true
global_termination_time: 425305.50960000016
local_termination_time: 3607.40936
node_cons: 8722.108021853724
tot_aggregated_send: 0
tot_msg_rcv: 7190
tot_msg_sent: 6295
tot_reconf_duration: 18.21
tot_sleeping_duration: 418810.0810399899
tot_uptimes: 109
tot_uptimes_duration: 6495.428560010245
