comms_cons: 43.276300800647434
finished_reconf: true
global_termination_time: 428837.112
local_termination_time: 326126.1797600004
node_cons: 8765.58823999997
tot_aggregated_send: 5974
tot_msg_rcv: 258
tot_msg_sent: 344
tot_reconf_duration: 6.279999999999999
tot_sleeping_duration: 422297.112
tot_uptimes: 110
tot_uptimes_duration: 6540.0
