comms_cons: 43.3306112003291
finished_reconf: true
global_termination_time: 428064.207
local_termination_time: 87954.35659999994
node_cons: 8763.591980000008
tot_aggregated_send: 5684
tot_msg_rcv: 268
tot_msg_sent: 634
tot_reconf_duration: 4.8100000000000005
tot_sleeping_duration: 421524.207
tot_uptimes: 110
tot_uptimes_duration: 6540.0
