comms_cons: 38.133043200276404
finished_reconf: true
global_termination_time: 380690.6436800004
local_termination_time: 35228.63660000002
node_cons: 7835.444955520499
tot_aggregated_send: 5336
tot_msg_rcv: 160
tot_msg_sent: 300
tot_reconf_duration: 4.8100000000000005
tot_sleeping_duration: 374843.808
tot_uptimes: 98
tot_uptimes_duration: 5846.835680000368
