comms_cons: 2.2566655999946543
finished_reconf: true
global_termination_time: 16841.735
local_termination_time: 5136.82236
node_cons: 336.23009999999977
tot_aggregated_send: 0
tot_msg_rcv: 177
tot_msg_sent: 166
tot_reconf_duration: 10.95
tot_sleeping_duration: 16601.735
tot_uptimes: 5
tot_uptimes_duration: 240.0
