comms_cons: 395.4720576253348
finished_reconf: true
global_termination_time: 3932703.526239994
local_termination_time: 80852.12447999997
node_cons: 80965.21326363299
tot_aggregated_send: 54868
tot_msg_rcv: 1709
tot_msg_sent: 3530
tot_reconf_duration: 18.21
tot_sleeping_duration: 3872255.0691200276
tot_uptimes: 1008
tot_uptimes_duration: 60448.45711996639
