comms_cons: 384.10391681700014
finished_reconf: true
global_termination_time: 3935314.582
local_termination_time: 2625564.486039999
node_cons: 80910.94894558344
tot_aggregated_send: 54462
tot_msg_rcv: 1304
tot_msg_sent: 2617
tot_reconf_duration: 6.279999999999999
tot_sleeping_duration: 3874894.551600011
tot_uptimes: 1008
tot_uptimes_duration: 60420.03039998887
