comms_cons: 393.3124096359243
finished_reconf: true
global_termination_time: 3935241.1
local_termination_time: 1562798.1739199993
node_cons: 80920.32184781742
tot_aggregated_send: 54056
tot_msg_rcv: 1926
tot_msg_sent: 3800
tot_reconf_duration: 13.17
tot_sleeping_duration: 3874821.057440015
tot_uptimes: 1008
tot_uptimes_duration: 60420.04255998472
