comms_cons: 387.9964160292358
finished_reconf: true
global_termination_time: 3934897.335
local_termination_time: 1091657.0741199988
node_cons: 80906.54632334884
tot_aggregated_send: 55216
tot_msg_rcv: 1256
tot_msg_sent: 2502
tot_reconf_duration: 3.05
tot_sleeping_duration: 3874477.316760007
tot_uptimes: 1008
tot_uptimes_duration: 60420.01823999337
