comms_cons: 200.5205119850669
finished_reconf: true
global_termination_time: 2003771.7357999985
local_termination_time: 2003771.6946799986
node_cons: 41316.91311837512
tot_aggregated_send: 28116
tot_msg_rcv: 685
tot_msg_sent: 1676
tot_reconf_duration: 24.59
tot_sleeping_duration: 1972940.130200017
tot_uptimes: 514
tot_uptimes_duration: 30831.605599981645
