comms_cons: 40.455500799896896
finished_reconf: true
global_termination_time: 397217.59
local_termination_time: 326032.8733600001
node_cons: 8215.511720000044
tot_aggregated_send: 5394
tot_msg_rcv: 247
tot_msg_sent: 508
tot_reconf_duration: 15.34
tot_sleeping_duration: 391097.59
tot_uptimes: 102
tot_uptimes_duration: 6120.0
