comms_cons: 39.85610880055246
finished_reconf: true
global_termination_time: 397174.03624000016
local_termination_time: 5624.835
node_cons: 8188.170366562955
tot_aggregated_send: 5160
tot_msg_rcv: 255
tot_msg_sent: 643
tot_reconf_duration: 22.65
tot_sleeping_duration: 391081.869199998
tot_uptimes: 102
tot_uptimes_duration: 6092.1670400021985
