comms_cons: 148.5994111990353
finished_reconf: true
global_termination_time: 1521449.435
local_termination_time: 69912.7592799998
node_cons: 31258.79198000005
tot_aggregated_send: 21866
tot_msg_rcv: 224
tot_msg_sent: 496
tot_reconf_duration: 4.8100000000000005
tot_sleeping_duration: 1498109.435
tot_uptimes: 390
tot_uptimes_duration: 23340.0
