comms_cons: 22.37585920008807
finished_reconf: true
global_termination_time: 219129.703
local_termination_time: 27911.68536
node_cons: 4515.2002
tot_aggregated_send: 3074
tot_msg_rcv: 164
tot_msg_sent: 163
tot_reconf_duration: 11.899999999999999
tot_sleeping_duration: 215769.703
tot_uptimes: 57
tot_uptimes_duration: 3360.0
