comms_cons: 17.329612799967066
finished_reconf: true
global_termination_time: 14381.109360000013
local_termination_time: 1181.3070400000015
node_cons: 2490.8802055200426
tot_aggregated_send: 0
tot_msg_rcv: 1238
tot_msg_sent: 1395
tot_reconf_duration: 18.21
tot_sleeping_duration: 12539.323679999981
tot_uptimes: 30
tot_uptimes_duration: 1841.7856800000318
