comms_cons: 260.2086143952191
finished_reconf: true
global_termination_time: 2664446.775
local_termination_time: 1465752.1233599999
node_cons: 54826.24554111599
tot_aggregated_send: 38454
tot_msg_rcv: 305
tot_msg_sent: 791
tot_reconf_duration: 25.299999999999997
tot_sleeping_duration: 2623526.768920002
tot_uptimes: 683
tot_uptimes_duration: 40920.006079997635
