comms_cons: 266.01582081337204
finished_reconf: true
global_termination_time: 2664857.419
local_termination_time: 1305655.7243599999
node_cons: 54802.8662199992
tot_aggregated_send: 37874
tot_msg_rcv: 883
tot_msg_sent: 1675
tot_reconf_duration: 8.09
tot_sleeping_duration: 2623937.419
tot_uptimes: 683
tot_uptimes_duration: 40920.0
