comms_cons: 264.1331200039033
finished_reconf: true
global_termination_time: 2665747.514
local_termination_time: 1119971.2125599985
node_cons: 54809.031539999254
tot_aggregated_send: 38396
tot_msg_rcv: 602
tot_msg_sent: 1149
tot_reconf_duration: 12.629999999999999
tot_sleeping_duration: 2624827.514
tot_uptimes: 683
tot_uptimes_duration: 40920.0
