comms_cons: 272.60217601796666
finished_reconf: true
global_termination_time: 2666139.895
local_termination_time: 1056776.7995999998
node_cons: 54812.76056670052
tot_aggregated_send: 36076
tot_msg_rcv: 1935
tot_msg_sent: 3423
tot_reconf_duration: 15.34
tot_sleeping_duration: 2625219.858520014
tot_uptimes: 683
tot_uptimes_duration: 40920.03647998604
