comms_cons: 108.5938431942703
finished_reconf: true
global_termination_time: 1052189.702
local_termination_time: 254394.54944000067
node_cons: 21618.43464671023
tot_aggregated_send: 14036
tot_msg_rcv: 905
tot_msg_sent: 1565
tot_reconf_duration: 5.1
tot_sleeping_duration: 1036049.6655200074
tot_uptimes: 270
tot_uptimes_duration: 16140.036479992676
