comms_cons: 207.34245109130353
finished_reconf: true
global_termination_time: 1048751.2876
local_termination_time: 461.42747999999904
node_cons: 21555.847471759585
tot_aggregated_send: 0
tot_msg_rcv: 15952
tot_msg_sent: 15562
tot_reconf_duration: 3.05
tot_sleeping_duration: 1032655.9137600003
tot_uptimes: 269
tot_uptimes_duration: 16095.373839999666
