comms_cons: 107.14947839448533
finished_reconf: true
global_termination_time: 1051128.281
local_termination_time: 232716.61340000082
node_cons: 21618.86650448115
tot_aggregated_send: 14094
tot_msg_rcv: 684
tot_msg_sent: 1509
tot_reconf_duration: 5.43
tot_sleeping_duration: 1034988.2566799991
tot_uptimes: 270
tot_uptimes_duration: 16140.02432000084
