comms_cons: 79.20040959834473
finished_reconf: true
global_termination_time: 798587.558
local_termination_time: 630316.5566799996
node_cons: 16397.80676000014
tot_aggregated_send: 11484
tot_msg_rcv: 211
tot_msg_sent: 343
tot_reconf_duration: 6.22
tot_sleeping_duration: 786347.558
tot_uptimes: 205
tot_uptimes_duration: 12240.0
