comms_cons: 224.42309118702545
finished_reconf: true
global_termination_time: 2251562.2401999985
local_termination_time: 2251562.1990799983
node_cons: 46371.21445879729
tot_aggregated_send: 32176
tot_msg_rcv: 679
tot_msg_sent: 1255
tot_reconf_duration: 24.59
tot_sleeping_duration: 2216955.951
tot_uptimes: 577
tot_uptimes_duration: 34606.2891999986
