comms_cons: 51.69998080061089
finished_reconf: true
global_termination_time: 513797.406
local_termination_time: 170038.66648000007
node_cons: 10549.95088224289
tot_aggregated_send: 7018
tot_msg_rcv: 315
tot_msg_sent: 525
tot_reconf_duration: 18.700000000000003
tot_sleeping_duration: 505937.3938399979
tot_uptimes: 132
tot_uptimes_duration: 7860.0121600021375
