comms_cons: 51.226905600245885
finished_reconf: true
global_termination_time: 517927.876
local_termination_time: 127464.54791999956
node_cons: 10611.42012112144
tot_aggregated_send: 7192
tot_msg_rcv: 147
tot_msg_sent: 447
tot_reconf_duration: 4.8100000000000005
tot_sleeping_duration: 510007.8699199989
tot_uptimes: 133
tot_uptimes_duration: 7920.006080001069
