comms_cons: 51.30342400009802
finished_reconf: true
global_termination_time: 513995.688
local_termination_time: 94348.32579999957
node_cons: 10533.003042242875
tot_aggregated_send: 6960
tot_msg_rcv: 235
tot_msg_sent: 601
tot_reconf_duration: 6.22
tot_sleeping_duration: 506135.6758399979
tot_uptimes: 132
tot_uptimes_duration: 7860.0121600021375
