comms_cons: 52.772390401325865
finished_reconf: true
global_termination_time: 513070.541
local_termination_time: 46018.425920000154
node_cons: 10612.302786727458
tot_aggregated_send: 6728
tot_msg_rcv: 418
tot_msg_sent: 875
tot_reconf_duration: 5.43
tot_sleeping_duration: 505150.5045199945
tot_uptimes: 132
tot_uptimes_duration: 7920.036480005561
