comms_cons: 91.01007359858919
finished_reconf: true
global_termination_time: 915832.989
local_termination_time: 362627.93600000045
node_cons: 18807.12406000004
tot_aggregated_send: 13050
tot_msg_rcv: 293
tot_msg_sent: 490
tot_reconf_duration: 5.57
tot_sleeping_duration: 901792.989
tot_uptimes: 235
tot_uptimes_duration: 14040.0
