comms_cons: 92.11503359625225
finished_reconf: true
global_termination_time: 915750.574
local_termination_time: 241607.01564000087
node_cons: 18853.604234961225
tot_aggregated_send: 12876
tot_msg_rcv: 438
tot_msg_sent: 687
tot_reconf_duration: 25.299999999999997
tot_sleeping_duration: 901695.8713599992
tot_uptimes: 235
tot_uptimes_duration: 14054.702640000876
