comms_cons: 92.0054143981698
finished_reconf: true
global_termination_time: 921062.526
local_termination_time: 90002.76735999995
node_cons: 18884.05004112144
tot_aggregated_send: 12818
tot_msg_rcv: 401
tot_msg_sent: 765
tot_reconf_duration: 3.05
tot_sleeping_duration: 906962.5199199988
tot_uptimes: 236
tot_uptimes_duration: 14100.006080001069
