comms_cons: 48.82424320066085
finished_reconf: true
global_termination_time: 491470.508
local_termination_time: 153071.25436000005
node_cons: 10050.072201121453
tot_aggregated_send: 6960
tot_msg_rcv: 176
tot_msg_sent: 285
tot_reconf_duration: 5.57
tot_sleeping_duration: 483970.5019199989
tot_uptimes: 126
tot_uptimes_duration: 7500.006080001069
