comms_cons: 48.001843200307135
finished_reconf: true
global_termination_time: 487126.787
local_termination_time: 12344.90136
node_cons: 9966.350781120304
tot_aggregated_send: 6844
tot_msg_rcv: 106
tot_msg_sent: 346
tot_reconf_duration: 3.08
tot_sleeping_duration: 479686.78091999976
tot_uptimes: 125
tot_uptimes_duration: 7440.0060800002175
