comms_cons: 48.034739200322534
finished_reconf: true
global_termination_time: 489717.175
local_termination_time: 204002.31436000005
node_cons: 10073.266841121436
tot_aggregated_send: 7076
tot_msg_rcv: 72
tot_msg_sent: 153
tot_reconf_duration: 22.65
tot_sleeping_duration: 482217.1689199989
tot_uptimes: 126
tot_uptimes_duration: 7500.006080001069
