comms_cons: 414.600652456723
finished_reconf: true
global_termination_time: 2919428.974
local_termination_time: 2103703.1348400004
node_cons: 60020.905799999004
tot_aggregated_send: 0
tot_msg_rcv: 31679
tot_msg_sent: 31338
tot_reconf_duration: 5.1
tot_sleeping_duration: 2874608.974
tot_uptimes: 748
tot_uptimes_duration: 44820.0
