comms_cons: 289.5977407958722
finished_reconf: true
global_termination_time: 2915728.069
local_termination_time: 1454090.4329599987
node_cons: 59944.658784466956
tot_aggregated_send: 40368
tot_msg_rcv: 1208
tot_msg_sent: 2442
tot_reconf_duration: 8.09
tot_sleeping_duration: 2870968.044680009
tot_uptimes: 747
tot_uptimes_duration: 44760.024319991004
