comms_cons: 293.9340608271093
finished_reconf: true
global_termination_time: 2919914.144
local_termination_time: 242932.04860000007
node_cons: 60028.95593452814
tot_aggregated_send: 40310
tot_msg_rcv: 1345
tot_msg_sent: 3021
tot_reconf_duration: 10.95
tot_sleeping_duration: 2875094.064960023
tot_uptimes: 748
tot_uptimes_duration: 44820.07903997705
