comms_cons: 155.7230847924402
finished_reconf: true
global_termination_time: 1567736.905
local_termination_time: 583748.7228399988
node_cons: 32224.86824000009
tot_aggregated_send: 22272
tot_msg_rcv: 472
tot_msg_sent: 925
tot_reconf_duration: 6.279999999999999
tot_sleeping_duration: 1543676.905
tot_uptimes: 402
tot_uptimes_duration: 24060.0
