comms_cons: 155.29793279242594
finished_reconf: true
global_termination_time: 1568021.227
local_termination_time: 630872.9920799986
node_cons: 32223.904059999983
tot_aggregated_send: 22272
tot_msg_rcv: 449
tot_msg_sent: 883
tot_reconf_duration: 5.57
tot_sleeping_duration: 1543961.227
tot_uptimes: 402
tot_uptimes_duration: 24060.0
