comms_cons: 153.9908991963201
finished_reconf: true
global_termination_time: 1568091.892
local_termination_time: 584313.7243599999
node_cons: 32250.705541116946
tot_aggregated_send: 22736
tot_msg_rcv: 208
tot_msg_sent: 461
tot_reconf_duration: 25.299999999999997
tot_sleeping_duration: 1544031.8859200024
tot_uptimes: 402
tot_uptimes_duration: 24060.006079997635
