comms_cons: 162.09713918215184
finished_reconf: true
global_termination_time: 1573239.444
local_termination_time: 107716.95535999996
node_cons: 32302.723031191355
tot_aggregated_send: 20764
tot_msg_rcv: 1423
tot_msg_sent: 2452
tot_reconf_duration: 4.390000000000001
tot_sleeping_duration: 1549119.3832000063
tot_uptimes: 403
tot_uptimes_duration: 24120.06079999351
