comms_cons: 41.36530560112407
finished_reconf: true
global_termination_time: 198154.7637200001
local_termination_time: 198154.7226000001
node_cons: 4068.9024848015983
tot_aggregated_send: 0
tot_msg_rcv: 3362
tot_msg_sent: 2928
tot_reconf_duration: 24.59
tot_sleeping_duration: 195140.94051999893
tot_uptimes: 51
tot_uptimes_duration: 3013.823200001183
