comms_cons: 20.8501120002149
finished_reconf: true
global_termination_time: 201602.192
local_termination_time: 102232.82135999996
node_cons: 4103.896403364292
tot_aggregated_send: 2494
tot_msg_rcv: 211
tot_msg_sent: 463
tot_reconf_duration: 4.8100000000000005
tot_sleeping_duration: 198542.1737599968
tot_uptimes: 52
tot_uptimes_duration: 3060.0182400032063
