comms_cons: 90.41050881266187
finished_reconf: true
global_termination_time: 458891.553
local_termination_time: 3210.18936
node_cons: 9408.340804480036
tot_aggregated_send: 0
tot_msg_rcv: 6953
tot_msg_sent: 6788
tot_reconf_duration: 6.279999999999999
tot_sleeping_duration: 451871.52868
tot_uptimes: 118
tot_uptimes_duration: 7020.024320000019
