comms_cons: 45.671084800638226
finished_reconf: true
global_termination_time: 463803.743
local_termination_time: 365540.48192000034
node_cons: 9484.270041121506
tot_aggregated_send: 6264
tot_msg_rcv: 211
tot_msg_sent: 466
tot_reconf_duration: 3.05
tot_sleeping_duration: 456723.73691999895
tot_uptimes: 119
tot_uptimes_duration: 7080.006080001069
