comms_cons: 9.746131200161791
finished_reconf: true
global_termination_time: 88691.594
local_termination_time: 40512.52660000001
node_cons: 1771.6952044811574
tot_aggregated_send: 464
tot_msg_rcv: 367
tot_msg_sent: 650
tot_reconf_duration: 3.08
tot_sleeping_duration: 87371.56967999913
tot_uptimes: 23
tot_uptimes_duration: 1320.02432000087
