comms_cons: 10.944345599986748
finished_reconf: true
global_termination_time: 87506.998
local_termination_time: 47953.10892000015
node_cons: 1774.0282622394388
tot_aggregated_send: 812
tot_msg_rcv: 387
tot_msg_sent: 465
tot_reconf_duration: 4.8100000000000005
tot_sleeping_duration: 86186.98584000043
tot_uptimes: 23
tot_uptimes_duration: 1320.0121599995837
