comms_cons: 9.355622400146764
finished_reconf: true
global_termination_time: 91801.486
local_termination_time: 35207.79504000006
node_cons: 1863.1952622405788
tot_aggregated_send: 638
tot_msg_rcv: 351
tot_msg_sent: 433
tot_reconf_duration: 11.31
tot_sleeping_duration: 90421.47383999957
tot_uptimes: 24
tot_uptimes_duration: 1380.012160000435
