comms_cons: 76.37602560282129
finished_reconf: true
global_termination_time: 684660.1132400001
local_termination_time: 37473.911200000126
node_cons: 14104.901947481878
tot_aggregated_send: 4002
tot_msg_rcv: 2956
tot_msg_sent: 4656
tot_reconf_duration: 18.21
tot_sleeping_duration: 674144.6742799688
tot_uptimes: 176
tot_uptimes_duration: 10515.438960031272
