comms_cons: 69.5158272001141
finished_reconf: true
global_termination_time: 690509.838
local_termination_time: 285586.1216400004
node_cons: 14152.21138
tot_aggregated_send: 9628
tot_msg_rcv: 366
tot_msg_sent: 572
tot_reconf_duration: 9.11
tot_sleeping_duration: 679949.838
tot_uptimes: 177
tot_uptimes_duration: 10560.0
