comms_cons: 69.85919999791912
finished_reconf: true
global_termination_time: 688091.155
local_termination_time: 16186.366
node_cons: 14186.196978803468
tot_aggregated_send: 9162
tot_msg_rcv: 469
tot_msg_sent: 989
tot_reconf_duration: 22.65
tot_sleeping_duration: 677519.5057999975
tot_uptimes: 177
tot_uptimes_duration: 10571.649200002576
