comms_cons: 70.58159359903456
finished_reconf: true
global_termination_time: 686383.182
local_termination_time: 253259.87484000012
node_cons: 14066.072685600333
tot_aggregated_send: 9106
tot_msg_rcv: 574
tot_msg_sent: 1048
tot_reconf_duration: 4.8100000000000005
tot_sleeping_duration: 675883.1515999999
tot_uptimes: 176
tot_uptimes_duration: 10500.030400000236
