comms_cons: 253.25921918699623
finished_reconf: true
global_termination_time: 2498304.72
local_termination_time: 1329512.0523599999
node_cons: 51345.82894558345
tot_aggregated_send: 33930
tot_msg_rcv: 1598
tot_msg_sent: 2968
tot_reconf_duration: 6.279999999999999
tot_sleeping_duration: 2459964.6896000123
tot_uptimes: 640
tot_uptimes_duration: 38340.03039998817
