comms_cons: 248.0806720022627
finished_reconf: true
global_termination_time: 2496494.105
local_termination_time: 560897.2253599998
node_cons: 51348.2462199992
tot_aggregated_send: 35670
tot_msg_rcv: 707
tot_msg_sent: 1329
tot_reconf_duration: 8.09
tot_sleeping_duration: 2458154.105
tot_uptimes: 640
tot_uptimes_duration: 38340.0
