comms_cons: 246.63509759800726
finished_reconf: true
global_termination_time: 2497488.682
local_termination_time: 1341598.306
node_cons: 51363.65488655738
tot_aggregated_send: 36074
tot_msg_rcv: 498
tot_msg_sent: 916
tot_reconf_duration: 18.700000000000003
tot_sleeping_duration: 2459147.9349600016
tot_uptimes: 640
tot_uptimes_duration: 38340.747039998416
