comms_cons: 255.6338432068662
finished_reconf: true
global_termination_time: 2495717.2902399916
local_termination_time: 61022.78288000018
node_cons: 51409.34726819867
tot_aggregated_send: 33640
tot_msg_rcv: 1810
tot_msg_sent: 3404
tot_reconf_duration: 11.31
tot_sleeping_duration: 2457334.924080022
tot_uptimes: 640
tot_uptimes_duration: 38382.366159969686
