comms_cons: 254.94417279346513
finished_reconf: true
global_termination_time: 2497125.285
local_termination_time: 541394.4913599999
node_cons: 51344.71535117208
tot_aggregated_send: 33176
tot_msg_rcv: 1963
tot_msg_sent: 3610
tot_reconf_duration: 5.43
tot_sleeping_duration: 2458785.22420002
tot_uptimes: 640
tot_uptimes_duration: 38340.06079997978
