comms_cons: 11.53333760007697
finished_reconf: true
global_termination_time: 84134.118
local_termination_time: 32269.315040000005
node_cons: 1695.7089455991795
tot_aggregated_send: 464
tot_msg_rcv: 535
tot_msg_sent: 754
tot_reconf_duration: 6.279999999999999
tot_sleeping_duration: 82874.08760000061
tot_uptimes: 22
tot_uptimes_duration: 1260.0303999993848
