comms_cons: 9.17798400008244
finished_reconf: true
global_termination_time: 80490.319
local_termination_time: 39690.298
node_cons: 1622.191544480022
tot_aggregated_send: 743
tot_msg_rcv: 240
tot_msg_sent: 412
tot_reconf_duration: 11.31
tot_sleeping_duration: 79290.29467999998
tot_uptimes: 21
tot_uptimes_duration: 1200.0243200000186
