comms_cons: 9.633932800095938
finished_reconf: true
global_termination_time: 80639.781
local_termination_time: 59938.30236000001
node_cons: 1614.1820811191515
tot_aggregated_send: 580
tot_msg_rcv: 308
tot_msg_sent: 576
tot_reconf_duration: 5.43
tot_sleeping_duration: 79439.77492000064
tot_uptimes: 21
tot_uptimes_duration: 1200.0060799993662
