comms_cons: 23.79101440009662
finished_reconf: true
global_termination_time: 235536.957
local_termination_time: 75159.021
node_cons: 4825.236573200599
tot_aggregated_send: 3246
tot_msg_rcv: 138
tot_msg_sent: 233
tot_reconf_duration: 3.05
tot_sleeping_duration: 231936.43819999954
tot_uptimes: 61
tot_uptimes_duration: 3600.5188000004564
