comms_cons: 24.857471999887302
finished_reconf: true
global_termination_time: 237273.394
local_termination_time: 119656.102
node_cons: 4831.911463200621
tot_aggregated_send: 2955
tot_msg_rcv: 299
tot_msg_sent: 525
tot_reconf_duration: 6.22
tot_sleeping_duration: 233671.10519999955
tot_uptimes: 61
tot_uptimes_duration: 3602.2888000004605
