comms_cons: 23.890329599796054
finished_reconf: true
global_termination_time: 234997.476
local_termination_time: 187830.33148000008
node_cons: 4835.7589800000005
tot_aggregated_send: 3190
tot_msg_rcv: 160
tot_msg_sent: 282
tot_reconf_duration: 11.31
tot_sleeping_duration: 231397.476
tot_uptimes: 61
tot_uptimes_duration: 3600.0
