comms_cons: 579.8701632545512
finished_reconf: true
global_termination_time: 5850974.4294799995
local_termination_time: 5850974.388359999
node_cons: 120401.08794207082
tot_aggregated_send: 84260
tot_msg_rcv: 1256
tot_msg_sent: 2621
tot_reconf_duration: 24.59
tot_sleeping_duration: 5761080.706760003
tot_uptimes: 1499
tot_uptimes_duration: 89893.72271999618
