comms_cons: 564.1006080333082
finished_reconf: true
global_termination_time: 5855137.284
local_termination_time: 2786693.3564799987
node_cons: 120464.03368222999
tot_aggregated_send: 81084
tot_msg_rcv: 1634
tot_msg_sent: 3022
tot_reconf_duration: 25.299999999999997
tot_sleeping_duration: 5765197.271840004
tot_uptimes: 1500
tot_uptimes_duration: 89940.0121599955
