comms_cons: 578.8814784896655
finished_reconf: true
global_termination_time: 5851119.975
local_termination_time: 1275933.1503599996
node_cons: 120353.51888781476
tot_aggregated_send: 81316
tot_msg_rcv: 2193
tot_msg_sent: 4476
tot_reconf_duration: 3.05
tot_sleeping_duration: 5761239.9324400155
tot_uptimes: 1499
tot_uptimes_duration: 89880.04255998414
