comms_cons: 245.82522878192012
finished_reconf: true
global_termination_time: 2500498.668
local_termination_time: 540818.491999998
node_cons: 51424.56650558337
tot_aggregated_send: 34220
tot_msg_rcv: 1050
tot_msg_sent: 2094
tot_reconf_duration: 5.1
tot_sleeping_duration: 2462098.637600012
tot_uptimes: 641
tot_uptimes_duration: 38400.03039998817
