comms_cons: 213.85752319539938
finished_reconf: true
global_termination_time: 2176492.257
local_termination_time: 510590.57636000053
node_cons: 44774.133603354654
tot_aggregated_send: 30334
tot_msg_rcv: 740
tot_msg_sent: 1432
tot_reconf_duration: 18.21
tot_sleeping_duration: 2143072.238760004
tot_uptimes: 558
tot_uptimes_duration: 33420.01823999634
