comms_cons: 218.40312318549775
finished_reconf: true
global_termination_time: 2174567.2662399933
local_termination_time: 290380.09148000006
node_cons: 44719.55353382724
tot_aggregated_send: 30392
tot_msg_rcv: 999
tot_msg_sent: 1804
tot_reconf_duration: 6.22
tot_sleeping_duration: 2141175.8496800023
tot_uptimes: 557
tot_uptimes_duration: 33391.416559990845
