comms_cons: 40.13374720139864
finished_reconf: true
global_termination_time: 217037.44136000017
local_termination_time: 110112.75659999995
node_cons: 4444.33061904021
tot_aggregated_send: 0
tot_msg_rcv: 3077
tot_msg_sent: 3023
tot_reconf_duration: 4.8100000000000005
tot_sleeping_duration: 213723.178
tot_uptimes: 56
tot_uptimes_duration: 3314.2633600001573
