comms_cons: 22.67192320026684
finished_reconf: true
global_termination_time: 217037.52324000013
local_termination_time: 146934.45832000065
node_cons: 4444.3059693601335
tot_aggregated_send: 2784
tot_msg_rcv: 261
tot_msg_sent: 401
tot_reconf_duration: 7.819999999999999
tot_sleeping_duration: 213726.331
tot_uptimes: 56
tot_uptimes_duration: 3311.1922400001204
