comms_cons: 21.494246400073813
finished_reconf: true
global_termination_time: 220413.078
local_termination_time: 200792.39044000022
node_cons: 4514.398980000001
tot_aggregated_send: 3074
tot_msg_rcv: 61
tot_msg_sent: 132
tot_reconf_duration: 11.31
tot_sleeping_duration: 217053.078
tot_uptimes: 57
tot_uptimes_duration: 3360.0
