comms_cons: 0.9079295999970022
finished_reconf: true
global_termination_time: 7064.503000000001
local_termination_time: 2088.97336
node_cons: 86.30161999999983
tot_aggregated_send: 0
tot_msg_rcv: 82
tot_msg_sent: 55
tot_reconf_duration: 4.390000000000001
tot_sleeping_duration: 7004.503000000001
tot_uptimes: 2
tot_uptimes_duration: 60.00000000000091
