comms_cons: 109.2357119965018
finished_reconf: true
global_termination_time: 1087369.531
local_termination_time: 429600.65084000013
node_cons: 22341.48650559796
tot_aggregated_send: 13978
tot_msg_rcv: 911
tot_msg_sent: 1715
tot_reconf_duration: 5.1
tot_sleeping_duration: 1070689.5006000015
tot_uptimes: 279
tot_uptimes_duration: 16680.030399998475
