comms_cons: 108.69794559394644
finished_reconf: true
global_termination_time: 1085903.047
local_termination_time: 502964.01336000004
node_cons: 22368.9099644767
tot_aggregated_send: 14790
tot_msg_rcv: 685
tot_msg_sent: 1046
tot_reconf_duration: 25.299999999999997
tot_sleeping_duration: 1069223.0226800025
tot_uptimes: 279
tot_uptimes_duration: 16680.024319997523
