comms_cons: 110.9732479949721
finished_reconf: true
global_termination_time: 1085992.264
local_termination_time: 178787.07276000088
node_cons: 22341.95906896687
tot_aggregated_send: 13862
tot_msg_rcv: 1198
tot_msg_sent: 1809
tot_reconf_duration: 5.43
tot_sleeping_duration: 1069312.2153599947
tot_uptimes: 279
tot_uptimes_duration: 16680.048640005116
