comms_cons: 33.606553600045615
finished_reconf: true
global_termination_time: 342923.92
local_termination_time: 108030.30535999997
node_cons: 7014.309180000017
tot_aggregated_send: 4930
tot_msg_rcv: 79
tot_msg_sent: 99
tot_reconf_duration: 18.21
tot_sleeping_duration: 337703.92
tot_uptimes: 88
tot_uptimes_duration: 5220.0
