comms_cons: 99.50244481012426
finished_reconf: true
global_termination_time: 340555.07848000014
local_termination_time: 1666.8024800000023
node_cons: 13894.087326720266
tot_aggregated_send: 0
tot_msg_rcv: 5113
tot_msg_sent: 10009
tot_reconf_duration: 5.57
tot_sleeping_duration: 330184.262
tot_uptimes: 172
tot_uptimes_duration: 10370.816480000183
