comms_cons: 33.672345600109516
finished_reconf: true
global_termination_time: 345358.536
local_termination_time: 25680.64976
node_cons: 7091.208835761438
tot_aggregated_send: 4988
tot_msg_rcv: 23
tot_msg_sent: 107
tot_reconf_duration: 12.629999999999999
tot_sleeping_duration: 340075.44615999894
tot_uptimes: 89
tot_uptimes_duration: 5283.08984000107
