comms_cons: 49.32574080088478
finished_reconf: true
global_termination_time: 486932.051
local_termination_time: 214350.95580000026
node_cons: 9977.52712112144
tot_aggregated_send: 6670
tot_msg_rcv: 314
tot_msg_sent: 513
tot_reconf_duration: 11.31
tot_sleeping_duration: 479492.0449199989
tot_uptimes: 125
tot_uptimes_duration: 7440.006080001069
