comms_cons: 172.6812799334708
finished_reconf: true
global_termination_time: 866452.669
local_termination_time: 2196.42536
node_cons: 17762.712201121456
tot_aggregated_send: 0
tot_msg_rcv: 13420
tot_msg_sent: 12825
tot_reconf_duration: 5.57
tot_sleeping_duration: 853192.6629199989
tot_uptimes: 222
tot_uptimes_duration: 13260.006080001069
