comms_cons: 92.40389118893256
finished_reconf: true
global_termination_time: 869757.748
local_termination_time: 41191.30748000011
node_cons: 17843.95932448575
tot_aggregated_send: 10962
tot_msg_rcv: 1169
tot_msg_sent: 1913
tot_reconf_duration: 6.22
tot_sleeping_duration: 856437.7236799957
tot_uptimes: 223
tot_uptimes_duration: 13320.024320004275
