comms_cons: 128.42536321097515
finished_reconf: true
global_termination_time: 268628.962
local_termination_time: 3164.6740400000012
node_cons: 16125.520272360909
tot_aggregated_send: 0
tot_msg_rcv: 7920
tot_msg_sent: 11600
tot_reconf_duration: 18.21
tot_sleeping_duration: 256604.47275999933
tot_uptimes: 198
tot_uptimes_duration: 12024.489240000661
