comms_cons: 332.5309311867088
finished_reconf: true
global_termination_time: 3388977.025
local_termination_time: 1668436.6957999985
node_cons: 69675.6442844659
tot_aggregated_send: 46864
tot_msg_rcv: 1144
tot_msg_sent: 2535
tot_reconf_duration: 15.34
tot_sleeping_duration: 3336957.0006800094
tot_uptimes: 868
tot_uptimes_duration: 52020.02431999054
