comms_cons: 331.4871167876964
finished_reconf: true
global_termination_time: 3388053.475
local_termination_time: 1701116.86
node_cons: 69667.7788931923
tot_aggregated_send: 47210
tot_msg_rcv: 1114
tot_msg_sent: 2061
tot_reconf_duration: 6.279999999999999
tot_sleeping_duration: 3336030.1362000047
tot_uptimes: 868
tot_uptimes_duration: 52023.33879999537
