comms_cons: 331.24321277945023
finished_reconf: true
global_termination_time: 3386724.798
local_termination_time: 2032216.6395999999
node_cons: 69689.14554111534
tot_aggregated_send: 46458
tot_msg_rcv: 1410
tot_msg_sent: 2479
tot_reconf_duration: 25.299999999999997
tot_sleeping_duration: 3334704.791920002
tot_uptimes: 868
tot_uptimes_duration: 52020.006079997635
