comms_cons: 506.58154246341405
finished_reconf: true
global_termination_time: 3387623.59
local_termination_time: 1043238.3104799999
node_cons: 69665.42708983025
tot_aggregated_send: 0
tot_msg_rcv: 38771
tot_msg_sent: 38226
tot_reconf_duration: 7.819999999999999
tot_sleeping_duration: 3335603.569440006
tot_uptimes: 868
tot_uptimes_duration: 52020.020559993805
