comms_cons: 332.32673918966117
finished_reconf: true
global_termination_time: 3386801.241
local_termination_time: 1544847.7583599978
node_cons: 69663.72024861962
tot_aggregated_send: 46980
tot_msg_rcv: 1147
tot_msg_sent: 2384
tot_reconf_duration: 5.43
tot_sleeping_duration: 3334780.071240014
tot_uptimes: 868
tot_uptimes_duration: 52021.16975998599
