comms_cons: 190.79022079165753
finished_reconf: true
global_termination_time: 1932190.883
local_termination_time: 1753973.1817199998
node_cons: 39696.48823999979
tot_aggregated_send: 27724
tot_msg_rcv: 453
tot_msg_sent: 822
tot_reconf_duration: 6.279999999999999
tot_sleeping_duration: 1902550.883
tot_uptimes: 495
tot_uptimes_duration: 29640.0
