comms_cons: 263.70652159108243
finished_reconf: true
global_termination_time: 2611051.497
local_termination_time: 1821697.9526
node_cons: 53674.70848335004
tot_aggregated_send: 36076
tot_msg_rcv: 1337
tot_msg_sent: 2668
tot_reconf_duration: 5.57
tot_sleeping_duration: 2570971.478760007
tot_uptimes: 669
tot_uptimes_duration: 40080.01823999314
