comms_cons: 260.7218368076472
finished_reconf: true
global_termination_time: 2615991.344
local_termination_time: 212272.52036000005
node_cons: 53755.94950086688
tot_aggregated_send: 36946
tot_msg_rcv: 823
tot_msg_sent: 1861
tot_reconf_duration: 6.22
tot_sleeping_duration: 2575851.3120800094
tot_uptimes: 670
tot_uptimes_duration: 40140.03191999084
