comms_cons: 124.24110719469064
finished_reconf: true
global_termination_time: 1283881.259
local_termination_time: 619469.9265199982
node_cons: 26404.173067511372
tot_aggregated_send: 16878
tot_msg_rcv: 738
tot_msg_sent: 1269
tot_reconf_duration: 25.299999999999997
tot_sleeping_duration: 1264187.5953200066
tot_uptimes: 329
tot_uptimes_duration: 19693.66367999348
