comms_cons: 125.19622399461392
finished_reconf: true
global_termination_time: 1280221.217
local_termination_time: 596585.5953599999
node_cons: 26283.996783350594
tot_aggregated_send: 17922
tot_msg_rcv: 301
tot_msg_sent: 806
tot_reconf_duration: 9.42
tot_sleeping_duration: 1260601.198760007
tot_uptimes: 328
tot_uptimes_duration: 19620.018239992904
