comms_cons: 131.3609343916064
finished_reconf: true
global_termination_time: 1283827.288
local_termination_time: 304730.42148
node_cons: 26360.097017906108
tot_aggregated_send: 16472
tot_msg_rcv: 1211
tot_msg_sent: 2284
tot_reconf_duration: 6.22
tot_sleeping_duration: 1264147.1907200103
tot_uptimes: 329
tot_uptimes_duration: 19680.097279989626
