comms_cons: 122.7487615948342
finished_reconf: true
global_termination_time: 1282184.627
local_termination_time: 381551.46424000093
node_cons: 26359.05638746332
tot_aggregated_send: 17342
tot_msg_rcv: 439
tot_msg_sent: 877
tot_reconf_duration: 5.43
tot_sleeping_duration: 1262504.5056800125
tot_uptimes: 329
tot_uptimes_duration: 19680.12131998752
