comms_cons: 92.37259521276549
finished_reconf: true
global_termination_time: 671990.949
local_termination_time: 94653.82163999978
node_cons: 13849.246841119262
tot_aggregated_send: 0
tot_msg_rcv: 7092
tot_msg_sent: 6949
tot_reconf_duration: 22.65
tot_sleeping_duration: 661670.9429200006
tot_uptimes: 173
tot_uptimes_duration: 10320.006079999424
