comms_cons: 70.99635200029373
finished_reconf: true
global_termination_time: 674423.375
local_termination_time: 51327.535760000086
node_cons: 13826.991888966868
tot_aggregated_send: 8352
tot_msg_rcv: 917
tot_msg_sent: 1522
tot_reconf_duration: 6.22
tot_sleeping_duration: 664103.326359995
tot_uptimes: 173
tot_uptimes_duration: 10320.048640005116
