comms_cons: 327.4567168499364
finished_reconf: true
global_termination_time: 3212557.817
local_termination_time: 233037.65436000004
node_cons: 66070.32825229391
tot_aggregated_send: 43558
tot_msg_rcv: 2102
tot_msg_sent: 4109
tot_reconf_duration: 22.65
tot_sleeping_duration: 3163237.750120018
tot_uptimes: 823
tot_uptimes_duration: 49320.06687998155
