comms_cons: 319.96811522933905
finished_reconf: true
global_termination_time: 3212054.114
local_termination_time: 1336699.414639999
node_cons: 66043.6707467003
tot_aggregated_send: 45414
tot_msg_rcv: 1065
tot_msg_sent: 2154
tot_reconf_duration: 3.05
tot_sleeping_duration: 3162734.077520014
tot_uptimes: 823
tot_uptimes_duration: 49320.036479986506
