comms_cons: 46.10096000084627
finished_reconf: true
global_termination_time: 459310.148
local_termination_time: 182351.960480001
node_cons: 9410.472713842782
tot_aggregated_send: 6264
tot_msg_rcv: 224
tot_msg_sent: 519
tot_reconf_duration: 5.57
tot_sleeping_duration: 452287.8114399979
tot_uptimes: 118
tot_uptimes_duration: 7022.3365600020625
