comms_cons: 45.39339520018368
finished_reconf: true
global_termination_time: 457952.912
local_termination_time: 16804.435
node_cons: 9417.673001119163
tot_aggregated_send: 6489
tot_msg_rcv: 125
tot_msg_sent: 285
tot_reconf_duration: 13.17
tot_sleeping_duration: 450932.90592000063
tot_uptimes: 118
tot_uptimes_duration: 7020.006079999366
