comms_cons: 47.03792640065987
finished_reconf: true
global_termination_time: 457975.518
local_termination_time: 2696.31548
node_cons: 9406.344544485733
tot_aggregated_send: 6032
tot_msg_rcv: 360
tot_msg_sent: 758
tot_reconf_duration: 4.8100000000000005
tot_sleeping_duration: 450955.4936799957
tot_uptimes: 118
tot_uptimes_duration: 7020.024320004275
