comms_cons: 461.6401409041797
finished_reconf: true
global_termination_time: 4564049.071
local_termination_time: 650672.2331199991
node_cons: 93855.10255340103
tot_aggregated_send: 63162
tot_msg_rcv: 2418
tot_msg_sent: 4586
tot_reconf_duration: 13.17
tot_sleeping_duration: 4493968.998040027
tot_uptimes: 1169
tot_uptimes_duration: 70080.07295997278
