comms_cons: 459.8858432697932
finished_reconf: true
global_termination_time: 4561853.56
local_termination_time: 881159.6103599998
node_cons: 93849.56465004981
tot_aggregated_send: 63162
tot_msg_rcv: 2151
tot_msg_sent: 4586
tot_reconf_duration: 9.11
tot_sleeping_duration: 4491773.505280021
tot_uptimes: 1169
tot_uptimes_duration: 70080.05471997941
