comms_cons: 461.84008967556156
finished_reconf: true
global_termination_time: 4563243.406
local_termination_time: 1223016.3227999993
node_cons: 93849.96934781606
tot_aggregated_send: 63220
tot_msg_rcv: 2451
tot_msg_sent: 4525
tot_reconf_duration: 9.42
tot_sleeping_duration: 4493163.363440016
tot_uptimes: 1169
tot_uptimes_duration: 70080.04255998414
