comms_cons: 460.9818496947011
finished_reconf: true
global_termination_time: 4562869.261
local_termination_time: 1235017.37036
node_cons: 93862.55530558244
tot_aggregated_send: 63568
tot_msg_rcv: 2330
tot_msg_sent: 4168
tot_reconf_duration: 18.700000000000003
tot_sleeping_duration: 4492789.230600012
tot_uptimes: 1169
tot_uptimes_duration: 70080.03039998864
