comms_cons: 456.29285126380057
finished_reconf: true
global_termination_time: 4563434.856
local_termination_time: 1200182.3743599998
node_cons: 93845.64003005045
tot_aggregated_send: 63510
tot_msg_rcv: 1921
tot_msg_sent: 3922
tot_reconf_duration: 6.22
tot_sleeping_duration: 4493354.80128002
tot_uptimes: 1169
tot_uptimes_duration: 70080.05471997987
