comms_cons: 457.2736576701073
finished_reconf: true
global_termination_time: 4564046.195
local_termination_time: 793602.2040799996
node_cons: 93852.5766734009
tot_aggregated_send: 63452
tot_msg_rcv: 2013
tot_msg_sent: 4037
tot_reconf_duration: 11.31
tot_sleeping_duration: 4493966.122040028
tot_uptimes: 1169
tot_uptimes_duration: 70080.07295997278
