comms_cons: 3.0198527999942972
finished_reconf: true
global_termination_time: 16452.845
local_termination_time: 5693.7793599999995
node_cons: 327.32161999999926
tot_aggregated_send: 0
tot_msg_rcv: 284
tot_msg_sent: 175
tot_reconf_duration: 4.390000000000001
tot_sleeping_duration: 16212.845000000001
tot_uptimes: 5
tot_uptimes_duration: 240.0
