comms_cons: 500.1047296363499
finished_reconf: true
global_termination_time: 3641890.063
local_termination_time: 2146456.11836
node_cons: 74883.83022334885
tot_aggregated_send: 0
tot_msg_rcv: 38199
tot_msg_sent: 37814
tot_reconf_duration: 5.1
tot_sleeping_duration: 3585970.044760007
tot_uptimes: 933
tot_uptimes_duration: 55920.0182399929
