comms_cons: 364.22451202243263
finished_reconf: true
global_termination_time: 3642614.859
local_termination_time: 1184928.1434799999
node_cons: 74889.30836781715
tot_aggregated_send: 50112
tot_msg_rcv: 1647
tot_msg_sent: 3601
tot_reconf_duration: 9.11
tot_sleeping_duration: 3586694.816440016
tot_uptimes: 933
tot_uptimes_duration: 55920.04255998414
