comms_cons: 361.6257344169324
finished_reconf: true
global_termination_time: 3640902.917
local_termination_time: 1078770.1593599997
node_cons: 74889.72120669976
tot_aggregated_send: 50982
tot_msg_rcv: 1352
tot_msg_sent: 2631
tot_reconf_duration: 9.42
tot_sleeping_duration: 3584982.8805200136
tot_uptimes: 933
tot_uptimes_duration: 55920.03647998627
