comms_cons: 364.47569922641304
finished_reconf: true
global_termination_time: 3640223.335
local_termination_time: 711393.6713599998
node_cons: 74891.8233700506
tot_aggregated_send: 51156
tot_msg_rcv: 1339
tot_msg_sent: 2903
tot_reconf_duration: 10.95
tot_sleeping_duration: 3584303.2802800206
tot_uptimes: 933
tot_uptimes_duration: 55920.05471997941
