comms_cons: 355.9221888019984
finished_reconf: true
global_termination_time: 3642593.017
local_termination_time: 1977640.7868399997
node_cons: 74892.28782670025
tot_aggregated_send: 49822
tot_msg_rcv: 1459
tot_msg_sent: 2817
tot_reconf_duration: 11.31
tot_sleeping_duration: 3586672.9805200137
tot_uptimes: 933
tot_uptimes_duration: 55920.036479986506
