comms_cons: 356.7213568124666
finished_reconf: true
global_termination_time: 3642618.753
local_termination_time: 2006000.2900799995
node_cons: 74884.2865044661
tot_aggregated_send: 49532
tot_msg_rcv: 1672
tot_msg_sent: 3018
tot_reconf_duration: 5.43
tot_sleeping_duration: 3586698.728680009
tot_uptimes: 933
tot_uptimes_duration: 55920.024319991004
