comms_cons: 13.041228799870282
finished_reconf: true
global_termination_time: 108527.561
local_termination_time: 50924.98604000006
node_cons: 2187.0730011191486
tot_aggregated_send: 1218
tot_msg_rcv: 424
tot_msg_sent: 342
tot_reconf_duration: 13.17
tot_sleeping_duration: 106907.55492000064
tot_uptimes: 28
tot_uptimes_duration: 1620.0060799993662
