comms_cons: 13.158399999515023
finished_reconf: true
global_termination_time: 112401.293
local_termination_time: 60737.3260000001
node_cons: 2255.5223255957653
tot_aggregated_send: 928
tot_msg_rcv: 372
tot_msg_sent: 700
tot_reconf_duration: 4.390000000000001
tot_sleeping_duration: 110721.26260000317
tot_uptimes: 29
tot_uptimes_duration: 1680.030399996831
