comms_cons: 12.432703999891022
finished_reconf: true
global_termination_time: 109746.792
local_termination_time: 5817.151920000001
node_cons: 2264.87898
tot_aggregated_send: 1102
tot_msg_rcv: 272
tot_msg_sent: 515
tot_reconf_duration: 11.31
tot_sleeping_duration: 108066.792
tot_uptimes: 29
tot_uptimes_duration: 1680.0
