comms_cons: 78.87047679694541
finished_reconf: true
global_termination_time: 781158.083
local_termination_time: 324268.2178400002
node_cons: 16098.774982233721
tot_aggregated_send: 10730
tot_msg_rcv: 444
tot_msg_sent: 814
tot_reconf_duration: 22.65
tot_sleeping_duration: 769158.0708400047
tot_uptimes: 201
tot_uptimes_duration: 12000.012159995269
