comms_cons: 78.66223359934301
finished_reconf: true
global_termination_time: 782612.384
local_termination_time: 45347.643000000004
node_cons: 16074.580826721727
tot_aggregated_send: 10611
tot_msg_rcv: 351
tot_msg_sent: 996
tot_reconf_duration: 4.8100000000000005
tot_sleeping_duration: 770612.3475199987
tot_uptimes: 201
tot_uptimes_duration: 12000.036480001276
