comms_cons: 78.97139199814211
finished_reconf: true
global_termination_time: 781095.472
local_termination_time: 113648.27435999998
node_cons: 16078.635842242895
tot_aggregated_send: 10788
tot_msg_rcv: 451
tot_msg_sent: 765
tot_reconf_duration: 7.819999999999999
tot_sleeping_duration: 769095.4598399978
tot_uptimes: 201
tot_uptimes_duration: 12000.012160002138
