comms_cons: 1999.512339534817
finished_reconf: true
global_termination_time: 10149809.250599997
local_termination_time: 3570.0254800000002
node_cons: 208848.99917509107
tot_aggregated_send: 0
tot_msg_rcv: 153165
tot_msg_sent: 150746
tot_reconf_duration: 18.21
tot_sleeping_duration: 9993853.858520012
tot_uptimes: 2600
tot_uptimes_duration: 155955.39207998407
