comms_cons: 1008.0502786522391
finished_reconf: true
global_termination_time: 10150457.616
local_termination_time: 2505344.6954799998
node_cons: 208807.9159100468
tot_aggregated_send: 140998
tot_msg_rcv: 4261
tot_msg_sent: 7958
tot_reconf_duration: 3.08
tot_sleeping_duration: 9994517.56128002
tot_uptimes: 2600
tot_uptimes_duration: 155940.0547199808
