comms_cons: 1023.1910339423562
finished_reconf: true
global_termination_time: 10149809.476119988
local_termination_time: 55652.32952000007
node_cons: 208910.32157529832
tot_aggregated_send: 140650
tot_msg_rcv: 4951
tot_msg_sent: 9916
tot_reconf_duration: 22.65
tot_sleeping_duration: 9993812.789880028
tot_uptimes: 2600
tot_uptimes_duration: 155996.6862399596
