comms_cons: 1018.2402563019975
finished_reconf: true
global_termination_time: 10150737.464
local_termination_time: 889034.8033599999
node_cons: 208807.89959339696
tot_aggregated_send: 141288
tot_msg_rcv: 4645
tot_msg_sent: 8833
tot_reconf_duration: 3.05
tot_sleeping_duration: 9994797.391040025
tot_uptimes: 2600
tot_uptimes_duration: 155940.07295997348
