comms_cons: 1018.9321731399185
finished_reconf: true
global_termination_time: 10151685.008
local_termination_time: 1152972.09536
node_cons: 208814.39353563098
tot_aggregated_send: 140534
tot_msg_rcv: 4929
tot_msg_sent: 9408
tot_reconf_duration: 7.819999999999999
tot_sleeping_duration: 9995744.922880031
tot_uptimes: 2600
tot_uptimes_duration: 155940.08511996898
