comms_cons: 282.95587200296086
finished_reconf: true
global_termination_time: 2810042.043
local_termination_time: 2378870.5842399984
node_cons: 57853.36080446696
tot_aggregated_send: 39440
tot_msg_rcv: 1245
tot_msg_sent: 2322
tot_reconf_duration: 6.279999999999999
tot_sleeping_duration: 2766842.0186800095
tot_uptimes: 720
tot_uptimes_duration: 43200.02431999077
