comms_cons: 285.4032768370205
finished_reconf: true
global_termination_time: 2808739.53
local_termination_time: 946150.3343199996
node_cons: 57854.04250670125
tot_aggregated_send: 38744
tot_msg_rcv: 1617
tot_msg_sent: 3018
tot_reconf_duration: 6.77
tot_sleeping_duration: 2765539.493520013
tot_uptimes: 720
tot_uptimes_duration: 43200.03647998674
