comms_cons: 280.8316416134568
finished_reconf: true
global_termination_time: 2809149.777
local_termination_time: 276624.07036000007
node_cons: 57851.37268558375
tot_aggregated_send: 39788
tot_msg_rcv: 920
tot_msg_sent: 1976
tot_reconf_duration: 4.8100000000000005
tot_sleeping_duration: 2765949.7466000114
tot_uptimes: 720
tot_uptimes_duration: 43200.03039998864
