comms_cons: 285.7018112142662
finished_reconf: true
global_termination_time: 2808419.44
local_termination_time: 531475.2534399995
node_cons: 57855.484688934666
tot_aggregated_send: 39092
tot_msg_rcv: 1662
tot_msg_sent: 2671
tot_reconf_duration: 7.819999999999999
tot_sleeping_duration: 2765219.391360018
tot_uptimes: 720
tot_uptimes_duration: 43200.048639981775
