comms_cons: 117.97884160271065
finished_reconf: true
global_termination_time: 574367.7195999988
local_termination_time: 574367.6784799988
node_cons: 11894.308887125831
tot_aggregated_send: 0
tot_msg_rcv: 9363
tot_msg_sent: 8564
tot_reconf_duration: 24.59
tot_sleeping_duration: 565509.6795199945
tot_uptimes: 148
tot_uptimes_duration: 8858.040080004335
