comms_cons: 133.11695358711376
finished_reconf: true
global_termination_time: 1312756.261
local_termination_time: 108030.34647999996
node_cons: 27019.018026705642
tot_aggregated_send: 17980
tot_msg_rcv: 753
tot_msg_sent: 1500
tot_reconf_duration: 18.21
tot_sleeping_duration: 1292596.2245200106
tot_uptimes: 337
tot_uptimes_duration: 20160.03647998924
