comms_cons: 129.3913663936736
finished_reconf: true
global_termination_time: 1311446.448
local_termination_time: 976457.0854799999
node_cons: 26922.43638111691
tot_aggregated_send: 18270
tot_msg_rcv: 458
tot_msg_sent: 938
tot_reconf_duration: 6.279999999999999
tot_sleeping_duration: 1291346.4419200025
tot_uptimes: 336
tot_uptimes_duration: 20100.006079997635
