comms_cons: 130.3352063941098
finished_reconf: true
global_termination_time: 1311696.58
local_termination_time: 369823.19236000004
node_cons: 26948.289964467356
tot_aggregated_send: 18502
tot_msg_rcv: 466
tot_msg_sent: 843
tot_reconf_duration: 25.299999999999997
tot_sleeping_duration: 1291596.5556800095
tot_uptimes: 336
tot_uptimes_duration: 20100.024319990538
