comms_cons: 525.3119869135406
finished_reconf: true
global_termination_time: 1083132.2286799985
local_termination_time: 1083132.1875599986
node_cons: 66122.14027887209
tot_aggregated_send: 0
tot_msg_rcv: 32157
tot_msg_sent: 47687
tot_reconf_duration: 24.59
tot_sleeping_duration: 1033775.4347600035
tot_uptimes: 810
tot_uptimes_duration: 49356.793919995085
