comms_cons: 112.16540799276034
finished_reconf: true
global_termination_time: 1089129.746
local_termination_time: 48780.68728000008
node_cons: 22340.51418447657
tot_aggregated_send: 14384
tot_msg_rcv: 918
tot_msg_sent: 1746
tot_reconf_duration: 4.390000000000001
tot_sleeping_duration: 1072449.7216800028
tot_uptimes: 279
tot_uptimes_duration: 16680.024319997407
