comms_cons: 118.87298558194821
finished_reconf: true
global_termination_time: 1129135.53036
local_termination_time: 511649.86848000006
node_cons: 23262.169230208365
tot_aggregated_send: 12934
tot_msg_rcv: 1809
tot_msg_sent: 3324
tot_reconf_duration: 18.21
tot_sleeping_duration: 1111781.2062000236
tot_uptimes: 290
tot_uptimes_duration: 17354.324159976328
