comms_cons: 109.9647487985122
finished_reconf: true
global_termination_time: 1129974.111
local_termination_time: 581149.26336
node_cons: 23224.79198000011
tot_aggregated_send: 16472
tot_msg_rcv: 70
tot_msg_sent: 172
tot_reconf_duration: 4.8100000000000005
tot_sleeping_duration: 1112634.111
tot_uptimes: 290
tot_uptimes_duration: 17340.0
