comms_cons: 112.57011199719018
finished_reconf: true
global_termination_time: 1135892.015
local_termination_time: 566302.0573599989
node_cons: 23307.046760000154
tot_aggregated_send: 16356
tot_msg_rcv: 295
tot_msg_sent: 459
tot_reconf_duration: 6.22
tot_sleeping_duration: 1118492.015
tot_uptimes: 291
tot_uptimes_duration: 17400.0
