comms_cons: 111.46480639754803
finished_reconf: true
global_termination_time: 1130167.678
local_termination_time: 545441.1996799983
node_cons: 23233.618979999952
tot_aggregated_send: 16182
tot_msg_rcv: 246
tot_msg_sent: 514
tot_reconf_duration: 11.31
tot_sleeping_duration: 1112827.678
tot_uptimes: 290
tot_uptimes_duration: 17340.0
