comms_cons: 62.127385600412566
finished_reconf: true
global_termination_time: 629714.309
local_termination_time: 226605.4812800008
node_cons: 12940.701620000038
tot_aggregated_send: 9048
tot_msg_rcv: 165
tot_msg_sent: 230
tot_reconf_duration: 4.390000000000001
tot_sleeping_duration: 620054.309
tot_uptimes: 162
tot_uptimes_duration: 9660.0
