comms_cons: 734.8883649432315
finished_reconf: true
global_termination_time: 7425333.235
local_termination_time: 4047298.2247999986
node_cons: 152730.57148669782
tot_aggregated_send: 103298
tot_msg_rcv: 2825
tot_msg_sent: 5574
tot_reconf_duration: 3.08
tot_sleeping_duration: 7311273.198520013
tot_uptimes: 1902
tot_uptimes_duration: 114060.0364799872
