comms_cons: 724.340697708559
finished_reconf: true
global_termination_time: 7426626.835
local_termination_time: 4610277.825439998
node_cons: 152743.51596334614
tot_aggregated_send: 103414
tot_msg_rcv: 2252
tot_msg_sent: 4428
tot_reconf_duration: 12.629999999999999
tot_sleeping_duration: 7312566.816760006
tot_uptimes: 1902
tot_uptimes_duration: 114060.0182399936
