comms_cons: 48.08737280013318
finished_reconf: true
global_termination_time: 490444.377
local_termination_time: 1197.6713600000003
node_cons: 10049.031980000012
tot_aggregated_send: 7076
tot_msg_rcv: 63
tot_msg_sent: 170
tot_reconf_duration: 4.8100000000000005
tot_sleeping_duration: 482944.377
tot_uptimes: 126
tot_uptimes_duration: 7500.0
