comms_cons: 142.31025922006867
finished_reconf: true
global_termination_time: 487078.53200000053
local_termination_time: 1177.0890400000014
node_cons: 19941.525159000772
tot_aggregated_send: 0
tot_msg_rcv: 7254
tot_msg_sent: 14374
tot_reconf_duration: 6.22
tot_sleeping_duration: 472191.991
tot_uptimes: 246
tot_uptimes_duration: 14886.541000000554
