comms_cons: 155.00296318532503
finished_reconf: true
global_termination_time: 1501696.772
local_termination_time: 23494.42008
node_cons: 30875.411296796236
tot_aggregated_send: 20010
tot_msg_rcv: 1456
tot_msg_sent: 2094
tot_reconf_duration: 18.21
tot_sleeping_duration: 1478656.680800003
tot_uptimes: 385
tot_uptimes_duration: 23040.091199997158
