comms_cons: 152.75854718428306
finished_reconf: true
global_termination_time: 1498593.282
local_termination_time: 264201.407
node_cons: 30791.108707831667
tot_aggregated_send: 19997
tot_msg_rcv: 1010
tot_msg_sent: 2212
tot_reconf_duration: 15.34
tot_sleeping_duration: 1475613.2394400062
tot_uptimes: 384
tot_uptimes_duration: 22980.042559993744
