comms_cons: 146.2600511928709
finished_reconf: true
global_termination_time: 1500954.671
local_termination_time: 1062383.07236
node_cons: 30865.446382238562
tot_aggregated_send: 20242
tot_msg_rcv: 639
tot_msg_sent: 1347
tot_reconf_duration: 10.95
tot_sleeping_duration: 1477914.6588400016
tot_uptimes: 385
tot_uptimes_duration: 23040.012159998703
