comms_cons: 177.33575679554303
finished_reconf: true
global_termination_time: 1798904.765
local_termination_time: 911972.5549999981
node_cons: 36964.92823999991
tot_aggregated_send: 26100
tot_msg_rcv: 279
tot_msg_sent: 575
tot_reconf_duration: 6.279999999999999
tot_sleeping_duration: 1771304.765
tot_uptimes: 461
tot_uptimes_duration: 27600.0
