comms_cons: 179.24372479052843
finished_reconf: true
global_termination_time: 1794983.706
local_termination_time: 578201.8274799978
node_cons: 36885.48512383376
tot_aggregated_send: 25404
tot_msg_rcv: 628
tot_msg_sent: 1212
tot_reconf_duration: 5.1
tot_sleeping_duration: 1767441.8394400047
tot_uptimes: 460
tot_uptimes_duration: 27541.866559995455
