comms_cons: 73.167283199576
finished_reconf: true
global_termination_time: 746305.2424799999
local_termination_time: 635040.4063599979
node_cons: 15374.025881757269
tot_aggregated_send: 10962
tot_msg_rcv: 44
tot_msg_sent: 115
tot_reconf_duration: 4.8100000000000005
tot_sleeping_duration: 734828.398640002
tot_uptimes: 192
tot_uptimes_duration: 11476.843839997888
