comms_cons: 859.9265856924108
finished_reconf: true
global_termination_time: 8765338.373
local_termination_time: 5933881.03336
node_cons: 180299.1201999929
tot_aggregated_send: 125222
tot_msg_rcv: 1878
tot_msg_sent: 3603
tot_reconf_duration: 11.899999999999999
tot_sleeping_duration: 8630698.373
tot_uptimes: 2245
tot_uptimes_duration: 134640.0
