comms_cons: 880.7646402607537
finished_reconf: true
global_termination_time: 8767259.045
local_termination_time: 1414692.51436
node_cons: 180371.8037478127
tot_aggregated_send: 120582
tot_msg_rcv: 4548
tot_msg_sent: 8740
tot_reconf_duration: 6.22
tot_sleeping_duration: 8632559.002440017
tot_uptimes: 2246
tot_uptimes_duration: 134700.04255998437
