comms_cons: 414.27112944651293
finished_reconf: true
global_termination_time: 857712.0625999998
local_termination_time: 857712.0214799999
node_cons: 52112.76976088176
tot_aggregated_send: 0
tot_msg_rcv: 25388
tot_msg_sent: 37576
tot_reconf_duration: 24.59
tot_sleeping_duration: 818817.8306799979
tot_uptimes: 643
tot_uptimes_duration: 38894.23192000186
