comms_cons: 168.55774713589895
finished_reconf: true
global_termination_time: 857712.3862399999
local_termination_time: 2305.6423600000003
node_cons: 17622.01222048135
tot_aggregated_send: 0
tot_msg_rcv: 12926
tot_msg_sent: 12693
tot_reconf_duration: 18.21
tot_sleeping_duration: 844570.2779199989
tot_uptimes: 220
tot_uptimes_duration: 13142.108320000989
