comms_cons: 86.02961919984126
finished_reconf: true
global_termination_time: 861821.897
local_termination_time: 377854.44136000006
node_cons: 17681.331980000024
tot_aggregated_send: 11832
tot_msg_rcv: 487
tot_msg_sent: 757
tot_reconf_duration: 4.8100000000000005
tot_sleeping_duration: 848621.897
tot_uptimes: 221
tot_uptimes_duration: 13200.0
