comms_cons: 107.478438389611
finished_reconf: true
global_termination_time: 1055173.699
local_termination_time: 327316.42136000004
node_cons: 21702.525394537253
tot_aggregated_send: 13398
tot_msg_rcv: 955
tot_msg_sent: 1984
tot_reconf_duration: 7.819999999999999
tot_sleeping_duration: 1038973.619960017
tot_uptimes: 271
tot_uptimes_duration: 16200.079039982986
