comms_cons: 15.546649599704963
finished_reconf: true
global_termination_time: 148028.65948000006
local_termination_time: 148028.61836000005
node_cons: 3024.347942078421
tot_aggregated_send: 1668
tot_msg_rcv: 211
tot_msg_sent: 483
tot_reconf_duration: 24.59
tot_sleeping_duration: 145794.93676000126
tot_uptimes: 38
tot_uptimes_duration: 2233.72271999881
