comms_cons: 103.54056319834991
finished_reconf: true
global_termination_time: 1053991.63
local_termination_time: 213387.16636000006
node_cons: 21619.906760000034
tot_aggregated_send: 15254
tot_msg_rcv: 140
tot_msg_sent: 343
tot_reconf_duration: 6.22
tot_sleeping_duration: 1037851.6299999999
tot_uptimes: 270
tot_uptimes_duration: 16140.0
