comms_cons: 212.50533119369646
finished_reconf: true
global_termination_time: 2160234.873
local_termination_time: 1303886.5223599996
node_cons: 44432.17004111612
tot_aggregated_send: 30508
tot_msg_rcv: 569
tot_msg_sent: 1222
tot_reconf_duration: 3.05
tot_sleeping_duration: 2127054.8669200027
tot_uptimes: 554
tot_uptimes_duration: 33180.006079997635
