comms_cons: 213.14101759174847
finished_reconf: true
global_termination_time: 2161760.993
local_termination_time: 1380164.1462799981
node_cons: 44435.393939999456
tot_aggregated_send: 30102
tot_msg_rcv: 786
tot_msg_sent: 1510
tot_reconf_duration: 5.43
tot_sleeping_duration: 2128580.993
tot_uptimes: 554
tot_uptimes_duration: 33180.0
