comms_cons: 292.3792128207145
finished_reconf: true
global_termination_time: 2895300.796
local_termination_time: 636644.6443599998
node_cons: 59552.812425583325
tot_aggregated_send: 40310
tot_msg_rcv: 1467
tot_msg_sent: 2664
tot_reconf_duration: 15.34
tot_sleeping_duration: 2850840.7656000117
tot_uptimes: 742
tot_uptimes_duration: 44460.030399988405
