comms_cons: 287.41818239993626
finished_reconf: true
global_termination_time: 2896760.663
local_termination_time: 1263249.9829999988
node_cons: 59537.926043349566
tot_aggregated_send: 40774
tot_msg_rcv: 933
tot_msg_sent: 1979
tot_reconf_duration: 4.390000000000001
tot_sleeping_duration: 2852300.644760007
tot_uptimes: 742
tot_uptimes_duration: 44460.01823999314
