comms_cons: 284.83667840072764
finished_reconf: true
global_termination_time: 2896077.588
local_termination_time: 955029.61336
node_cons: 59536.10632334945
tot_aggregated_send: 41412
tot_msg_rcv: 597
tot_msg_sent: 1285
tot_reconf_duration: 3.05
tot_sleeping_duration: 2851617.5697600073
tot_uptimes: 742
tot_uptimes_duration: 44460.0182399929
