comms_cons: 457.50876805941
finished_reconf: true
global_termination_time: 4581888.016
local_termination_time: 503197.57268000074
node_cons: 94249.48026558648
tot_aggregated_send: 64438
tot_msg_rcv: 1809
tot_msg_sent: 3292
tot_reconf_duration: 7.819999999999999
tot_sleeping_duration: 4511507.985600008
tot_uptimes: 1174
tot_uptimes_duration: 70380.03039999184
