comms_cons: 8.73059840016963
finished_reconf: true
global_termination_time: 71585.479
local_termination_time: 44802.11448000001
node_cons: 1470.865462240581
tot_aggregated_send: 406
tot_msg_rcv: 356
tot_msg_sent: 565
tot_reconf_duration: 18.21
tot_sleeping_duration: 70505.46683999957
tot_uptimes: 19
tot_uptimes_duration: 1080.012160000435
