comms_cons: 10.4496512001258
finished_reconf: true
global_termination_time: 73323.683
local_termination_time: 10334.555040000003
node_cons: 1463.2959633605924
tot_aggregated_send: 406
tot_msg_rcv: 541
tot_msg_sent: 639
tot_reconf_duration: 12.629999999999999
tot_sleeping_duration: 72243.66475999956
tot_uptimes: 19
tot_uptimes_duration: 1080.0182400004414
