comms_cons: 9.139136000150563
finished_reconf: true
global_termination_time: 72031.528
local_termination_time: 36316.811
node_cons: 1476.769800081164
tot_aggregated_send: 404
tot_msg_rcv: 356
tot_msg_sent: 629
tot_reconf_duration: 18.700000000000003
tot_sleeping_duration: 70947.60327999912
tot_uptimes: 19
tot_uptimes_duration: 1083.9247200008722
