comms_cons: 9.324608000099879
finished_reconf: true
global_termination_time: 72067.114
local_termination_time: 22846.885359999997
node_cons: 1462.2964822402969
tot_aggregated_send: 464
tot_msg_rcv: 433
tot_msg_sent: 522
tot_reconf_duration: 11.899999999999999
tot_sleeping_duration: 70987.10183999977
tot_uptimes: 19
tot_uptimes_duration: 1080.012160000224
