comms_cons: 8.054316800118968
finished_reconf: true
global_termination_time: 71407.452
local_termination_time: 27835.323920000003
node_cons: 1453.4939400000003
tot_aggregated_send: 464
tot_msg_rcv: 296
tot_msg_sent: 464
tot_reconf_duration: 5.43
tot_sleeping_duration: 70327.452
tot_uptimes: 19
tot_uptimes_duration: 1080.0
