comms_cons: 1155.641878165888
finished_reconf: true
global_termination_time: 6448624.05
local_termination_time: 1798092.9595599994
node_cons: 132649.94151004942
tot_aggregated_send: 0
tot_msg_rcv: 88409
tot_msg_sent: 87241
tot_reconf_duration: 6.279999999999999
tot_sleeping_duration: 6349563.99528002
tot_uptimes: 1652
tot_uptimes_duration: 99060.05471998034
