comms_cons: 642.9654785183209
finished_reconf: true
global_termination_time: 6448834.234
local_termination_time: 3158125.9016
node_cons: 132652.37506669806
tot_aggregated_send: 90074
tot_msg_rcv: 2535
tot_msg_sent: 5118
tot_reconf_duration: 8.09
tot_sleeping_duration: 6349774.197520013
tot_uptimes: 1652
tot_uptimes_duration: 99060.03647998697
