comms_cons: 407.03877125025764
finished_reconf: true
global_termination_time: 4070672.488
local_termination_time: 473415.77168000024
node_cons: 83727.13748893343
tot_aggregated_send: 56144
tot_msg_rcv: 2059
tot_msg_sent: 3662
tot_reconf_duration: 9.42
tot_sleeping_duration: 4008152.4393600184
tot_uptimes: 1043
tot_uptimes_duration: 62520.048639981775
