comms_cons: 411.2681088691111
finished_reconf: true
global_termination_time: 4071963.199
local_termination_time: 240878.90960000007
node_cons: 83729.23965228851
tot_aggregated_send: 56202
tot_msg_rcv: 2070
tot_msg_sent: 4237
tot_reconf_duration: 10.95
tot_sleeping_duration: 4009443.132120022
tot_uptimes: 1043
tot_uptimes_duration: 62520.06687997811
