comms_cons: 800.528116585584
finished_reconf: true
global_termination_time: 4072463.385
local_termination_time: 1716.2984800000022
node_cons: 83730.48904670437
tot_aggregated_send: 0
tot_msg_rcv: 61233
tot_msg_sent: 60439
tot_reconf_duration: 11.899999999999999
tot_sleeping_duration: 4009943.34852001
tot_uptimes: 1043
tot_uptimes_duration: 62520.03647998994
