comms_cons: 120.6283135941909
finished_reconf: true
global_termination_time: 609785.8469999991
local_termination_time: 2826.4843600000004
node_cons: 12606.487463120236
tot_aggregated_send: 0
tot_msg_rcv: 9270
tot_msg_sent: 9063
tot_reconf_duration: 18.21
tot_sleeping_duration: 600389.4629199989
tot_uptimes: 157
tot_uptimes_duration: 9396.384080000164
