comms_cons: 36.2532736001025
finished_reconf: true
global_termination_time: 357601.946
local_termination_time: 69728.82463999948
node_cons: 7315.081899999993
tot_aggregated_send: 4698
tot_msg_rcv: 232
tot_msg_sent: 582
tot_reconf_duration: 3.05
tot_sleeping_duration: 352141.946
tot_uptimes: 92
tot_uptimes_duration: 5460.0
