comms_cons: 33.39601920012615
finished_reconf: true
global_termination_time: 342909.838
local_termination_time: 191036.51472000056
node_cons: 6996.505800000017
tot_aggregated_send: 4988
tot_msg_rcv: 34
tot_msg_sent: 54
tot_reconf_duration: 5.1
tot_sleeping_duration: 337689.838
tot_uptimes: 88
tot_uptimes_duration: 5220.0
