comms_cons: 92.5956608003331
finished_reconf: true
global_termination_time: 950513.938
local_termination_time: 139207.41136000006
node_cons: 19553.37870000002
tot_aggregated_send: 13746
tot_msg_rcv: 115
tot_msg_sent: 213
tot_reconf_duration: 22.65
tot_sleeping_duration: 935933.938
tot_uptimes: 244
tot_uptimes_duration: 14580.0
