comms_cons: 92.81735679941318
finished_reconf: true
global_termination_time: 950682.702
local_termination_time: 43933.42340000008
node_cons: 19533.614361119187
tot_aggregated_send: 13630
tot_msg_rcv: 133
tot_msg_sent: 345
tot_reconf_duration: 8.09
tot_sleeping_duration: 936102.6959200007
tot_uptimes: 244
tot_uptimes_duration: 14580.006079999366
