comms_cons: 93.70096639939942
finished_reconf: true
global_termination_time: 949500.731
local_termination_time: 146840.99636000008
node_cons: 19543.139380000048
tot_aggregated_send: 13282
tot_msg_rcv: 334
tot_msg_sent: 626
tot_reconf_duration: 15.110000000000001
tot_sleeping_duration: 934920.731
tot_uptimes: 244
tot_uptimes_duration: 14580.0
