comms_cons: 93.0496256005335
finished_reconf: true
global_termination_time: 948367.656
local_termination_time: 132301.57272000008
node_cons: 19446.421900000012
tot_aggregated_send: 13688
tot_msg_rcv: 165
tot_msg_sent: 290
tot_reconf_duration: 3.05
tot_sleeping_duration: 933847.656
tot_uptimes: 243
tot_uptimes_duration: 14520.0
