comms_cons: 93.72133120036352
finished_reconf: true
global_termination_time: 949690.067
local_termination_time: 164685.75236000004
node_cons: 19537.987121121456
tot_aggregated_send: 13688
tot_msg_rcv: 216
tot_msg_sent: 341
tot_reconf_duration: 11.31
tot_sleeping_duration: 935110.0609199989
tot_uptimes: 244
tot_uptimes_duration: 14580.006080001069
