comms_cons: 285.2299392308106
finished_reconf: true
global_termination_time: 404978.683
local_termination_time: 189306.15720000063
node_cons: 39719.443893511234
tot_aggregated_send: 0
tot_msg_rcv: 19707
tot_msg_sent: 23646
tot_reconf_duration: 15.34
tot_sleeping_duration: 375330.7276799765
tot_uptimes: 475
tot_uptimes_duration: 29647.955320023488
