comms_cons: 1.8158591999940004
finished_reconf: true
global_termination_time: 13341.635000000006
local_termination_time: 6434.06636
node_cons: 280.7913700000065
tot_aggregated_send: 0
tot_msg_rcv: 162
tot_msg_sent: 114
tot_reconf_duration: 4.390000000000001
tot_sleeping_duration: 13136.385
tot_uptimes: 4
tot_uptimes_duration: 205.25000000000546
