comms_cons: 2.2698239999924996
finished_reconf: true
global_termination_time: 16203.46
local_termination_time: 9288.36036
node_cons: 336.7189799999993
tot_aggregated_send: 0
tot_msg_rcv: 179
tot_msg_sent: 166
tot_reconf_duration: 11.31
tot_sleeping_duration: 15963.46
tot_uptimes: 5
tot_uptimes_duration: 240.0
