comms_cons: 0.9539839999989612
finished_reconf: true
global_termination_time: 10990.875
local_termination_time: 7370.1723600000005
node_cons: 181.5117200000002
tot_aggregated_send: 0
tot_msg_rcv: 80
tot_msg_sent: 65
tot_reconf_duration: 15.34
tot_sleeping_duration: 10870.875
tot_uptimes: 3
tot_uptimes_duration: 120.0
