comms_cons: 423.6741632336207
finished_reconf: true
global_termination_time: 4263844.685
local_termination_time: 2450509.6636
node_cons: 87671.80428446575
tot_aggregated_send: 59682
tot_msg_rcv: 1641
tot_msg_sent: 3073
tot_reconf_duration: 15.34
tot_sleeping_duration: 4198384.660680009
tot_uptimes: 1092
tot_uptimes_duration: 65460.02431999124
