comms_cons: 427.7401088537176
finished_reconf: true
global_termination_time: 4259681.626
local_termination_time: 535575.1885999988
node_cons: 87577.1889678162
tot_aggregated_send: 59740
tot_msg_rcv: 1847
tot_msg_sent: 3427
tot_reconf_duration: 4.8100000000000005
tot_sleeping_duration: 4194281.583440016
tot_uptimes: 1091
tot_uptimes_duration: 65400.04255998391
