comms_cons: 1211.1188757523832
finished_reconf: true
global_termination_time: 4152770.212
local_termination_time: 2153790.8221999994
node_cons: 169608.74710799448
tot_aggregated_send: 0
tot_msg_rcv: 61697
tot_msg_sent: 122386
tot_reconf_duration: 18.21
tot_sleeping_duration: 4026120.4599999995
tot_uptimes: 2098
tot_uptimes_duration: 126649.75200000021
