comms_cons: 416.1539904438612
finished_reconf: true
global_termination_time: 4152722.2592399972
local_termination_time: 448583.919
node_cons: 85428.99714340181
tot_aggregated_send: 57532
tot_msg_rcv: 1897
tot_msg_sent: 3821
tot_reconf_duration: 5.1
tot_sleeping_duration: 4088926.836280024
tot_uptimes: 1064
tot_uptimes_duration: 63795.42295997316
