comms_cons: 417.5019072600835
finished_reconf: true
global_termination_time: 4155222.284
local_termination_time: 1936036.1846399992
node_cons: 85492.41212446612
tot_aggregated_send: 58406
tot_msg_rcv: 1744
tot_msg_sent: 3306
tot_reconf_duration: 7.819999999999999
tot_sleeping_duration: 4091382.259680009
tot_uptimes: 1065
tot_uptimes_duration: 63840.02431999124
