comms_cons: 2.3027199999937005
finished_reconf: true
global_termination_time: 19172.01
local_termination_time: 4871.121360000001
node_cons: 328.2858000000005
tot_aggregated_send: 0
tot_msg_rcv: 178
tot_msg_sent: 172
tot_reconf_duration: 5.1
tot_sleeping_duration: 18932.01
tot_uptimes: 5
tot_uptimes_duration: 240.0
