comms_cons: 2.6382591999912814
finished_reconf: true
global_termination_time: 15703.398
local_termination_time: 11025.14736
node_cons: 327.8919800000018
tot_aggregated_send: 0
tot_msg_rcv: 228
tot_msg_sent: 173
tot_reconf_duration: 4.8100000000000005
tot_sleeping_duration: 15463.398
tot_uptimes: 5
tot_uptimes_duration: 240.0
