comms_cons: 59.58123520599683
finished_reconf: true
global_termination_time: 301488.286
local_termination_time: 9488.46336
node_cons: 6216.938700000006
tot_aggregated_send: 0
tot_msg_rcv: 4611
tot_msg_sent: 4445
tot_reconf_duration: 22.65
tot_sleeping_duration: 296868.286
tot_uptimes: 78
tot_uptimes_duration: 4620.0
