comms_cons: 322.4675840382772
finished_reconf: true
global_termination_time: 3237250.602
local_termination_time: 763231.8427199988
node_cons: 66632.71639340554
tot_aggregated_send: 42978
tot_msg_rcv: 2150
tot_msg_sent: 3887
tot_reconf_duration: 22.65
tot_sleeping_duration: 3187510.5290400246
tot_uptimes: 830
tot_uptimes_duration: 49740.07295997528
