comms_cons: 316.9681663981528
finished_reconf: true
global_termination_time: 3238286.537
local_termination_time: 1608157.56536
node_cons: 66610.35560669958
tot_aggregated_send: 43616
tot_msg_rcv: 1244
tot_msg_sent: 3317
tot_reconf_duration: 6.22
tot_sleeping_duration: 3188546.500520014
tot_uptimes: 830
tot_uptimes_duration: 49740.03647998582
