comms_cons: 331.66519682490826
finished_reconf: true
global_termination_time: 3236543.023239997
local_termination_time: 62807.82524000019
node_cons: 66562.70004171577
tot_aggregated_send: 42978
tot_msg_rcv: 2560
tot_msg_sent: 4871
tot_reconf_duration: 11.31
tot_sleeping_duration: 3186843.739400029
tot_uptimes: 829
tot_uptimes_duration: 49699.28383996801
