comms_cons: 97.28663039611723
finished_reconf: true
global_termination_time: 960924.972759998
local_termination_time: 960924.9316399981
node_cons: 19906.97832135175
tot_aggregated_send: 13513
tot_msg_rcv: 504
tot_msg_sent: 769
tot_reconf_duration: 46.41
tot_sleeping_duration: 946104.9925200043
tot_uptimes: 247
tot_uptimes_duration: 14819.980239993856
