comms_cons: 256.45624319845166
finished_reconf: true
global_termination_time: 2563998.102
local_termination_time: 1392355.1014799988
node_cons: 52711.59266335067
tot_aggregated_send: 36308
tot_msg_rcv: 931
tot_msg_sent: 1740
tot_reconf_duration: 6.279999999999999
tot_sleeping_duration: 2524638.0837600064
tot_uptimes: 657
tot_uptimes_duration: 39360.0182399936
