comms_cons: 257.21546880604683
finished_reconf: true
global_termination_time: 2562250.689
local_termination_time: 1661730.1573599998
node_cons: 52710.636624467246
tot_aggregated_send: 35960
tot_msg_rcv: 1046
tot_msg_sent: 2089
tot_reconf_duration: 5.57
tot_sleeping_duration: 2522890.664680009
tot_uptimes: 657
tot_uptimes_duration: 39360.024319991004
