comms_cons: 259.3146752126981
finished_reconf: true
global_termination_time: 2562029.666
local_termination_time: 1770702.9504799999
node_cons: 52737.41453919197
tot_aggregated_send: 35322
tot_msg_rcv: 1387
tot_msg_sent: 2706
tot_reconf_duration: 25.299999999999997
tot_sleeping_duration: 2522669.6532000056
tot_uptimes: 657
tot_uptimes_duration: 39360.012799994554
