comms_cons: 503.82147205050615
finished_reconf: true
global_termination_time: 2560922.449
local_termination_time: 2140.3526
node_cons: 52631.173325754295
tot_aggregated_send: 0
tot_msg_rcv: 38580
tot_msg_sent: 37996
tot_reconf_duration: 6.22
tot_sleeping_duration: 2521622.429160004
tot_uptimes: 656
tot_uptimes_duration: 39300.01983999634
