comms_cons: 61.69378560102444
finished_reconf: true
global_termination_time: 621755.828
local_termination_time: 380206.95836000005
node_cons: 12782.523042242841
tot_aggregated_send: 8004
tot_msg_rcv: 425
tot_msg_sent: 949
tot_reconf_duration: 6.22
tot_sleeping_duration: 612215.8158399978
tot_uptimes: 160
tot_uptimes_duration: 9540.012160002138
