comms_cons: 52.47569920102036
finished_reconf: true
global_termination_time: 518257.1754000008
local_termination_time: 518257.1342800008
node_cons: 10714.361520086852
tot_aggregated_send: 7062
tot_msg_rcv: 280
tot_msg_sent: 634
tot_reconf_duration: 24.59
tot_sleeping_duration: 510280.3506799957
tot_uptimes: 133
tot_uptimes_duration: 7976.824720005097
