comms_cons: 58.107308801174824
finished_reconf: true
global_termination_time: 561816.307
local_termination_time: 73164.93935999997
node_cons: 11519.403123364318
tot_aggregated_send: 7308
tot_msg_rcv: 554
tot_msg_sent: 969
tot_reconf_duration: 22.65
tot_sleeping_duration: 553236.2887599968
tot_uptimes: 144
tot_uptimes_duration: 8580.018240003204
