comms_cons: 938.1792339892878
finished_reconf: true
global_termination_time: 4756432.137599997
local_termination_time: 2936.37748
node_cons: 97899.45103398367
tot_aggregated_send: 0
tot_msg_rcv: 71949
tot_msg_sent: 70643
tot_reconf_duration: 18.21
tot_sleeping_duration: 4683336.751600007
tot_uptimes: 1219
tot_uptimes_duration: 73095.38599998987
