comms_cons: 467.5133120587252
finished_reconf: true
global_termination_time: 4757287.891
local_termination_time: 466967.7918800005
node_cons: 97858.32702893259
tot_aggregated_send: 66236
tot_msg_rcv: 1623
tot_msg_sent: 3201
tot_reconf_duration: 3.05
tot_sleeping_duration: 4684207.842360019
tot_uptimes: 1219
tot_uptimes_duration: 73080.04863998154
