comms_cons: 471.3614784728236
finished_reconf: true
global_termination_time: 4759506.223
local_termination_time: 1422071.1433599999
node_cons: 97864.80468893293
tot_aggregated_send: 65134
tot_msg_rcv: 2096
tot_msg_sent: 4413
tot_reconf_duration: 7.819999999999999
tot_sleeping_duration: 4686426.174360019
tot_uptimes: 1219
tot_uptimes_duration: 73080.04863998177
