comms_cons: 474.8848256889641
finished_reconf: true
global_termination_time: 4758832.928
local_termination_time: 1477713.5275199981
node_cons: 97862.63188893344
tot_aggregated_send: 65250
tot_msg_rcv: 2383
tot_msg_sent: 4547
tot_reconf_duration: 6.22
tot_sleeping_duration: 4685752.879360018
tot_uptimes: 1219
tot_uptimes_duration: 73080.04863998224
