comms_cons: 400.5811712232099
finished_reconf: true
global_termination_time: 4048934.753
local_termination_time: 2155896.8180799987
node_cons: 83256.96917999782
tot_aggregated_send: 58348
tot_msg_rcv: 814
tot_msg_sent: 1724
tot_reconf_duration: 18.21
tot_sleeping_duration: 3986774.753
tot_uptimes: 1037
tot_uptimes_duration: 62160.0
