comms_cons: 408.90010248460635
finished_reconf: true
global_termination_time: 4047764.236
local_termination_time: 2155876.041
node_cons: 83263.02312334918
tot_aggregated_send: 56318
tot_msg_rcv: 2076
tot_msg_sent: 3756
tot_reconf_duration: 22.65
tot_sleeping_duration: 3985604.2177600064
tot_uptimes: 1037
tot_uptimes_duration: 62160.0182399936
