comms_cons: 65.52287999976123
finished_reconf: true
global_termination_time: 654760.654
local_termination_time: 490205.36136000097
node_cons: 13460.155344158204
tot_aggregated_send: 9222
tot_msg_rcv: 276
tot_msg_sent: 462
tot_reconf_duration: 18.21
tot_sleeping_duration: 644726.7285600014
tot_uptimes: 168
tot_uptimes_duration: 10033.925439998624
