comms_cons: 67.6390719991297
finished_reconf: true
global_termination_time: 653662.383
local_termination_time: 106689.01439999978
node_cons: 13425.340804476542
tot_aggregated_send: 8700
tot_msg_rcv: 591
tot_msg_sent: 990
tot_reconf_duration: 6.279999999999999
tot_sleeping_duration: 643642.3586800026
tot_uptimes: 168
tot_uptimes_duration: 10020.024319997407
