comms_cons: 67.63998720034445
finished_reconf: true
global_termination_time: 654362.05
local_termination_time: 122644.50479999982
node_cons: 13433.972245607178
tot_aggregated_send: 8642
tot_msg_rcv: 598
tot_msg_sent: 1042
tot_reconf_duration: 12.629999999999999
tot_sleeping_duration: 644342.0195999946
tot_uptimes: 168
tot_uptimes_duration: 10020.030400005358
