comms_cons: 66.58319999740212
finished_reconf: true
global_termination_time: 654272.907
local_termination_time: 185891.08916000076
node_cons: 13431.682664481119
tot_aggregated_send: 8874
tot_msg_rcv: 438
tot_msg_sent: 810
tot_reconf_duration: 10.95
tot_sleeping_duration: 644252.8826799992
tot_uptimes: 168
tot_uptimes_duration: 10020.02432000084
