comms_cons: 66.98346239974603
finished_reconf: true
global_termination_time: 658178.283
local_termination_time: 299245.25720000017
node_cons: 13507.763983359717
tot_aggregated_send: 8874
tot_msg_rcv: 439
tot_msg_sent: 868
tot_reconf_duration: 7.819999999999999
tot_sleeping_duration: 648098.2647600003
tot_uptimes: 169
tot_uptimes_duration: 10080.018239999768
