comms_cons: 131.43412478358627
finished_reconf: true
global_termination_time: 658265.123
local_termination_time: 2236.7653600000003
node_cons: 13512.535967839738
tot_aggregated_send: 0
tot_msg_rcv: 10225
tot_msg_sent: 9750
tot_reconf_duration: 11.31
tot_sleeping_duration: 648185.0804400003
tot_uptimes: 169
tot_uptimes_duration: 10080.04255999979
