comms_cons: 66.98213759991745
finished_reconf: true
global_termination_time: 657309.704
local_termination_time: 25353.34548
node_cons: 13504.510222242881
tot_aggregated_send: 8758
tot_msg_rcv: 436
tot_msg_sent: 987
tot_reconf_duration: 5.43
tot_sleeping_duration: 647229.6918399979
tot_uptimes: 169
tot_uptimes_duration: 10080.012160002138
