comms_cons: 12.514265599929605
finished_reconf: true
global_termination_time: 111396.82
local_termination_time: 13609.79
node_cons: 2301.4435767194555
tot_aggregated_send: 1158
tot_msg_rcv: 280
tot_msg_sent: 465
tot_reconf_duration: 22.65
tot_sleeping_duration: 109701.01352000042
tot_uptimes: 29
tot_uptimes_duration: 1695.8064799995936
