comms_cons: 360.1405504116937
finished_reconf: true
global_termination_time: 3681787.12
local_termination_time: 2020000.8493599999
node_cons: 75698.19742446607
tot_aggregated_send: 51388
tot_msg_rcv: 1084
tot_msg_sent: 2267
tot_reconf_duration: 13.17
tot_sleeping_duration: 3625267.095680009
tot_uptimes: 943
tot_uptimes_duration: 56520.024319991004
