comms_cons: 362.6520832298157
finished_reconf: true
global_termination_time: 3679341.767
local_termination_time: 1966402.2431599984
node_cons: 75684.49520446625
tot_aggregated_send: 50982
tot_msg_rcv: 1347
tot_msg_sent: 2792
tot_reconf_duration: 3.08
tot_sleeping_duration: 3622821.742680009
tot_uptimes: 943
tot_uptimes_duration: 56520.024319991004
