comms_cons: 370.349747241782
finished_reconf: true
global_termination_time: 3680220.92
local_termination_time: 1611730.0563599986
node_cons: 75700.84822669966
tot_aggregated_send: 50866
tot_msg_rcv: 1717
tot_msg_sent: 3708
tot_reconf_duration: 15.110000000000001
tot_sleeping_duration: 3623700.8835200137
tot_uptimes: 943
tot_uptimes_duration: 56520.03647998627
