comms_cons: 364.8962176106967
finished_reconf: true
global_termination_time: 3679792.554
local_termination_time: 343003.03036000003
node_cons: 75686.89339116747
tot_aggregated_send: 51504
tot_msg_rcv: 1368
tot_msg_sent: 2591
tot_reconf_duration: 4.8100000000000005
tot_sleeping_duration: 3623272.4932000227
tot_uptimes: 943
tot_uptimes_duration: 56520.060799977044
