comms_cons: 362.6746176219846
finished_reconf: true
global_termination_time: 3680043.987
local_termination_time: 957108.3441599982
node_cons: 75695.66340334892
tot_aggregated_send: 50808
tot_msg_rcv: 1578
tot_msg_sent: 2737
tot_reconf_duration: 11.31
tot_sleeping_duration: 3623523.968760007
tot_uptimes: 943
tot_uptimes_duration: 56520.01823999314
