comms_cons: 135.623628797232
finished_reconf: true
global_termination_time: 1388046.618
local_termination_time: 764422.3263599998
node_cons: 28541.531719999963
tot_aggregated_send: 20068
tot_msg_rcv: 210
tot_msg_sent: 336
tot_reconf_duration: 15.34
tot_sleeping_duration: 1366746.618
tot_uptimes: 356
tot_uptimes_duration: 21299.99999999997
