comms_cons: 93.24042239855065
finished_reconf: true
global_termination_time: 991127.998
local_termination_time: 643932.77
node_cons: 20333.58405999996
tot_aggregated_send: 13450
tot_msg_rcv: 212
tot_msg_sent: 510
tot_reconf_duration: 5.57
tot_sleeping_duration: 975947.998
tot_uptimes: 254
tot_uptimes_duration: 15180.0
