comms_cons: 97.93139199859559
finished_reconf: true
global_termination_time: 994528.677
local_termination_time: 384368.13836000004
node_cons: 20412.908262238292
tot_aggregated_send: 13746
tot_msg_rcv: 383
tot_msg_sent: 756
tot_reconf_duration: 4.8100000000000005
tot_sleeping_duration: 979288.6648400014
tot_uptimes: 255
tot_uptimes_duration: 15240.012159998703
