comms_cons: 132.2550783819213
finished_reconf: true
global_termination_time: 992705.016
local_termination_time: 174802.65336000003
node_cons: 20417.028406723985
tot_aggregated_send: 0
tot_msg_rcv: 10237
tot_msg_sent: 9865
tot_reconf_duration: 7.819999999999999
tot_sleeping_duration: 977464.979519997
tot_uptimes: 255
tot_uptimes_duration: 15240.036480002978
