comms_cons: 118.96572159817762
finished_reconf: true
global_termination_time: 1210142.575
local_termination_time: 6273.125999999999
node_cons: 24859.49344112147
tot_aggregated_send: 17143
tot_msg_rcv: 299
tot_msg_sent: 640
tot_reconf_duration: 25.35
tot_sleeping_duration: 1191602.5689199988
tot_uptimes: 310
tot_uptimes_duration: 18540.00608000107
