comms_cons: 184.18470398352733
finished_reconf: true
global_termination_time: 1828523.43924
local_termination_time: 108030.34647999996
node_cons: 37642.92532383182
tot_aggregated_send: 25288
tot_msg_rcv: 881
tot_msg_sent: 1825
tot_reconf_duration: 18.21
tot_sleeping_duration: 1800429.192680006
tot_uptimes: 469
tot_uptimes_duration: 28094.246559994004
