comms_cons: 84.0887551992803
finished_reconf: true
global_termination_time: 868612.697
local_termination_time: 252255.16976000043
node_cons: 17843.926760000028
tot_aggregated_send: 12354
tot_msg_rcv: 123
tot_msg_sent: 304
tot_reconf_duration: 6.22
tot_sleeping_duration: 855292.697
tot_uptimes: 223
tot_uptimes_duration: 13320.0
