comms_cons: 84.89141760000204
finished_reconf: true
global_termination_time: 869824.078
local_termination_time: 237305.29236000005
node_cons: 17850.838980000022
tot_aggregated_send: 12528
tot_msg_rcv: 122
tot_msg_sent: 253
tot_reconf_duration: 11.31
tot_sleeping_duration: 856504.078
tot_uptimes: 223
tot_uptimes_duration: 13320.0
