comms_cons: 11.053696000031543
finished_reconf: true
global_termination_time: 74547.24207999991
local_termination_time: 74547.20095999991
node_cons: 1602.691032721036
tot_aggregated_send: 264
tot_msg_rcv: 567
tot_msg_sent: 849
tot_reconf_duration: 37.41
tot_sleeping_duration: 73388.25159999913
tot_uptimes: 20
tot_uptimes_duration: 1158.990480000779
