comms_cons: 10.423334400152479
finished_reconf: true
global_termination_time: 76076.558
local_termination_time: 20738.634360000004
node_cons: 1544.3611422403021
tot_aggregated_send: 522
tot_msg_rcv: 543
tot_msg_sent: 521
tot_reconf_duration: 13.17
tot_sleeping_duration: 74936.54583999977
tot_uptimes: 20
tot_uptimes_duration: 1140.012160000224
