comms_cons: 9.27134720015532
finished_reconf: true
global_termination_time: 77525.605
local_termination_time: 12521.33736
node_cons: 1557.2431233608734
tot_aggregated_send: 464
tot_msg_rcv: 379
tot_msg_sent: 567
tot_reconf_duration: 22.65
tot_sleeping_duration: 76385.58675999934
tot_uptimes: 20
tot_uptimes_duration: 1140.0182400006524
