comms_cons: 9.856896000091435
finished_reconf: true
global_termination_time: 75070.064
local_termination_time: 14062.52636
node_cons: 1534.9230422405817
tot_aggregated_send: 406
tot_msg_rcv: 502
tot_msg_sent: 591
tot_reconf_duration: 6.22
tot_sleeping_duration: 73930.05183999956
tot_uptimes: 20
tot_uptimes_duration: 1140.012160000435
