comms_cons: 37.46854400016207
finished_reconf: true
global_termination_time: 380720.258
local_termination_time: 98680.51647999996
node_cons: 7798.949761121439
tot_aggregated_send: 5452
tot_msg_rcv: 72
tot_msg_sent: 171
tot_reconf_duration: 4.390000000000001
tot_sleeping_duration: 374900.2519199989
tot_uptimes: 98
tot_uptimes_duration: 5820.006080001069
