comms_cons: 445.5048320649155
finished_reconf: true
global_termination_time: 602013.868
local_termination_time: 266627.4894800001
node_cons: 59951.50106818471
tot_aggregated_send: 0
tot_msg_rcv: 30617
tot_msg_sent: 37098
tot_reconf_duration: 15.34
tot_sleeping_duration: 557256.0865599808
tot_uptimes: 724
tot_uptimes_duration: 44757.78144001917
