comms_cons: 58.75225600033448
finished_reconf: true
global_termination_time: 604193.198
local_termination_time: 398570.4921600008
node_cons: 12379.932201121457
tot_aggregated_send: 8410
tot_msg_rcv: 173
tot_msg_sent: 347
tot_reconf_duration: 5.57
tot_sleeping_duration: 594953.191919999
tot_uptimes: 155
tot_uptimes_duration: 9240.006080001069
