comms_cons: 58.969369600483176
finished_reconf: true
global_termination_time: 602209.737
local_termination_time: 303118.45036
node_cons: 12379.302082242848
tot_aggregated_send: 8120
tot_msg_rcv: 313
tot_msg_sent: 530
tot_reconf_duration: 5.1
tot_sleeping_duration: 592969.7248399978
tot_uptimes: 155
tot_uptimes_duration: 9240.012160002138
