comms_cons: 59.812134400274076
finished_reconf: true
global_termination_time: 601880.875
local_termination_time: 283307.7803600001
node_cons: 12403.12684112148
tot_aggregated_send: 8236
tot_msg_rcv: 288
tot_msg_sent: 567
tot_reconf_duration: 22.65
tot_sleeping_duration: 592640.868919999
tot_uptimes: 155
tot_uptimes_duration: 9240.006080001069
