comms_cons: 54.83825920013868
finished_reconf: true
global_termination_time: 550134.9337999995
local_termination_time: 1876.9906800000012
node_cons: 11288.257195199325
tot_aggregated_send: 7830
tot_msg_rcv: 203
tot_msg_sent: 301
tot_reconf_duration: 5.43
tot_sleeping_duration: 541710.077
tot_uptimes: 141
tot_uptimes_duration: 8424.856799999485
