comms_cons: 1630.812062673344
finished_reconf: true
global_termination_time: 8263430.680599998
local_termination_time: 2767.66348
node_cons: 170044.81988069485
tot_aggregated_send: 0
tot_msg_rcv: 125136
tot_msg_sent: 122734
tot_reconf_duration: 18.21
tot_sleeping_duration: 8136455.2581200125
tot_uptimes: 2117
tot_uptimes_duration: 126975.42247998562
