comms_cons: 812.3464129310252
finished_reconf: true
global_termination_time: 8269971.529
local_termination_time: 3315951.1362799997
node_cons: 170092.19208557965
tot_aggregated_send: 114724
tot_msg_rcv: 2819
tot_msg_sent: 5928
tot_reconf_duration: 9.11
tot_sleeping_duration: 8142951.498600011
tot_uptimes: 2118
tot_uptimes_duration: 127020.03039998934
