comms_cons: 839.2405122817256
finished_reconf: true
global_termination_time: 8263430.37611999
local_termination_time: 21483.668840000006
node_cons: 170095.29873754559
tot_aggregated_send: 112694
tot_msg_rcv: 4976
tot_msg_sent: 9889
tot_reconf_duration: 22.65
tot_sleeping_duration: 8136421.757720026
tot_uptimes: 2117
tot_uptimes_duration: 127008.61839996377
