comms_cons: 816.7742529374826
finished_reconf: true
global_termination_time: 8264719.26
local_termination_time: 3423066.2123600002
node_cons: 170012.27306558035
tot_aggregated_send: 115014
tot_msg_rcv: 3096
tot_msg_sent: 6034
tot_reconf_duration: 9.42
tot_sleeping_duration: 8137759.22960001
tot_uptimes: 2117
tot_uptimes_duration: 126960.03039998934
