comms_cons: 828.3417602090556
finished_reconf: true
global_termination_time: 8268862.338
local_termination_time: 236162.06236000004
node_cons: 170084.01959339823
tot_aggregated_send: 115188
tot_msg_rcv: 3507
tot_msg_sent: 7208
tot_reconf_duration: 3.05
tot_sleeping_duration: 8141842.265040027
tot_uptimes: 2118
tot_uptimes_duration: 127020.07295997324
