comms_cons: 327.82573442723225
finished_reconf: true
global_termination_time: 3275869.285
local_termination_time: 574868.5423599998
node_cons: 67330.95489005039
tot_aggregated_send: 45066
tot_msg_rcv: 1437
tot_msg_sent: 3324
tot_reconf_duration: 4.390000000000001
tot_sleeping_duration: 3225589.230280021
tot_uptimes: 839
tot_uptimes_duration: 50280.05471997894
