comms_cons: 84.75924480615618
finished_reconf: true
global_termination_time: 289235.0986000001
local_termination_time: 289235.0574800001
node_cons: 11890.68211440014
tot_aggregated_send: 0
tot_msg_rcv: 4348
tot_msg_sent: 8535
tot_reconf_duration: 37.410000000000004
tot_sleeping_duration: 280392.769
tot_uptimes: 148
tot_uptimes_duration: 8842.329600000085
