comms_cons: 62.13425280493516
finished_reconf: true
global_termination_time: 452691.8391600003
local_termination_time: 452691.7980400003
node_cons: 9324.185143475399
tot_aggregated_send: 2552
tot_msg_rcv: 2684
tot_msg_sent: 4211
tot_reconf_duration: 37.410000000000004
tot_sleeping_duration: 445766.2361999739
tot_uptimes: 116
tot_uptimes_duration: 6925.602960026428
