comms_cons: 44.72540160026663
finished_reconf: true
global_termination_time: 455958.669
local_termination_time: 362224.35336000007
node_cons: 9327.004060000021
tot_aggregated_send: 6612
tot_msg_rcv: 75
tot_msg_sent: 111
tot_reconf_duration: 5.57
tot_sleeping_duration: 448998.669
tot_uptimes: 117
tot_uptimes_duration: 6960.0
