comms_cons: 70.58228479838726
finished_reconf: true
global_termination_time: 714167.112
local_termination_time: 620968.617999999
node_cons: 14646.60917999997
tot_aggregated_send: 10208
tot_msg_rcv: 188
tot_msg_sent: 333
tot_reconf_duration: 18.21
tot_sleeping_duration: 703247.112
tot_uptimes: 183
tot_uptimes_duration: 10920.0
