comms_cons: 345.1349887304057
finished_reconf: true
global_termination_time: 713013.5323599989
local_termination_time: 713013.491239999
node_cons: 43361.95898099434
tot_aggregated_send: 0
tot_msg_rcv: 21200
tot_msg_sent: 31257
tot_reconf_duration: 24.59
tot_sleeping_duration: 680654.6333600029
tot_uptimes: 531
tot_uptimes_duration: 32358.89899999604
