comms_cons: 72.43699199595378
finished_reconf: true
global_termination_time: 717967.148
local_termination_time: 127020.55735999996
node_cons: 14710.674901121454
tot_aggregated_send: 9686
tot_msg_rcv: 398
tot_msg_sent: 926
tot_reconf_duration: 6.22
tot_sleeping_duration: 706987.141919999
tot_uptimes: 184
tot_uptimes_duration: 10980.006080001069
