comms_cons: 240.4697599881147
finished_reconf: true
global_termination_time: 2431459.356
local_termination_time: 358891.60136000003
node_cons: 49977.46604334974
tot_aggregated_send: 34104
tot_msg_rcv: 811
tot_msg_sent: 1635
tot_reconf_duration: 4.390000000000001
tot_sleeping_duration: 2394139.3377600075
tot_uptimes: 623
tot_uptimes_duration: 37320.0182399929
