comms_cons: 238.24599038867763
finished_reconf: true
global_termination_time: 2431191.094
local_termination_time: 577588.9403599999
node_cons: 49975.63818223303
tot_aggregated_send: 34104
tot_msg_rcv: 653
tot_msg_sent: 1455
tot_reconf_duration: 3.05
tot_sleeping_duration: 2393871.081840005
tot_uptimes: 623
tot_uptimes_duration: 37320.01215999527
