comms_cons: 82.00572800038508
finished_reconf: true
global_termination_time: 816933.896
local_termination_time: 620101.2557999995
node_cons: 16797.029761121474
tot_aggregated_send: 11484
tot_msg_rcv: 363
tot_msg_sent: 617
tot_reconf_duration: 4.390000000000001
tot_sleeping_duration: 804393.8899199988
tot_uptimes: 210
tot_uptimes_duration: 12540.006080001069
