comms_cons: 80.49651200051116
finished_reconf: true
global_termination_time: 819449.305
local_termination_time: 620117.2023599998
node_cons: 16806.41897999994
tot_aggregated_send: 11716
tot_msg_rcv: 164
tot_msg_sent: 355
tot_reconf_duration: 11.31
tot_sleeping_duration: 806909.305
tot_uptimes: 210
tot_uptimes_duration: 12540.0
