comms_cons: 12.778060800119668
finished_reconf: true
global_termination_time: 84561.754
local_termination_time: 47727.35348000001
node_cons: 1691.3307811191435
tot_aggregated_send: 464
tot_msg_rcv: 720
tot_msg_sent: 760
tot_reconf_duration: 3.08
tot_sleeping_duration: 83301.74792000063
tot_uptimes: 22
tot_uptimes_duration: 1260.0060799993662
