comms_cons: 106.04417279452976
finished_reconf: true
global_termination_time: 1061285.789
local_termination_time: 197753.53100000045
node_cons: 21779.106505593398
tot_aggregated_send: 14094
tot_msg_rcv: 656
tot_msg_sent: 1368
tot_reconf_duration: 5.1
tot_sleeping_duration: 1045025.7586000051
tot_uptimes: 272
tot_uptimes_duration: 16260.030399995041
