comms_cons: 106.59162239426969
finished_reconf: true
global_termination_time: 1057731.107
local_termination_time: 315563.4813600005
node_cons: 21704.244650069897
tot_aggregated_send: 13630
tot_msg_rcv: 825
tot_msg_sent: 1746
tot_reconf_duration: 9.11
tot_sleeping_duration: 1041531.0522800076
tot_uptimes: 271
tot_uptimes_duration: 16200.054719992448
