comms_cons: 108.27389438927705
finished_reconf: true
global_termination_time: 1057782.176
local_termination_time: 530538.0833599999
node_cons: 21698.364544472035
tot_aggregated_send: 14384
tot_msg_rcv: 793
tot_msg_sent: 1280
tot_reconf_duration: 4.8100000000000005
tot_sleeping_duration: 1041582.1516800061
tot_uptimes: 271
tot_uptimes_duration: 16200.024319993972
