comms_cons: 108.11724799480879
finished_reconf: true
global_termination_time: 1057165.10012
local_termination_time: 8111.032240000005
node_cons: 21722.879694243547
tot_aggregated_send: 13746
tot_msg_rcv: 846
tot_msg_sent: 1841
tot_reconf_duration: 7.819999999999999
tot_sleeping_duration: 1040949.8199599974
tot_uptimes: 271
tot_uptimes_duration: 16215.280160002627
