comms_cons: 212.51944958950023
finished_reconf: true
global_termination_time: 2115776.129
local_termination_time: 650149.27736
node_cons: 43470.51268558383
tot_aggregated_send: 29638
tot_msg_rcv: 921
tot_msg_sent: 1742
tot_reconf_duration: 4.8100000000000005
tot_sleeping_duration: 2083316.098600012
tot_uptimes: 542
tot_uptimes_duration: 32460.030399988173
