comms_cons: 11.935296000046556
finished_reconf: true
global_termination_time: 107087.734
local_termination_time: 18114.127360000002
node_cons: 2187.105565600318
tot_aggregated_send: 522
tot_msg_rcv: 529
tot_msg_sent: 764
tot_reconf_duration: 13.17
tot_sleeping_duration: 105467.70359999976
tot_uptimes: 28
tot_uptimes_duration: 1620.030400000236
