comms_cons: 12.77280640011299
finished_reconf: true
global_termination_time: 107472.935
local_termination_time: 20623.64868
node_cons: 2194.599023360868
tot_aggregated_send: 638
tot_msg_rcv: 674
tot_msg_sent: 629
tot_reconf_duration: 18.700000000000003
tot_sleeping_duration: 105852.91675999934
tot_uptimes: 28
tot_uptimes_duration: 1620.0182400006524
