comms_cons: 11.375436799852068
finished_reconf: true
global_termination_time: 105828.14
local_termination_time: 35992.99336000001
node_cons: 2175.7201211202873
tot_aggregated_send: 638
tot_msg_rcv: 463
tot_msg_sent: 628
tot_reconf_duration: 4.8100000000000005
tot_sleeping_duration: 104208.13391999979
tot_uptimes: 28
tot_uptimes_duration: 1620.0060800002175
