comms_cons: 55.10080000042708
finished_reconf: true
global_termination_time: 545837.6403599989
local_termination_time: 545837.599239999
node_cons: 11252.806734400545
tot_aggregated_send: 7468
tot_msg_rcv: 290
tot_msg_sent: 616
tot_reconf_duration: 24.59
tot_sleeping_duration: 537458.6907599985
tot_uptimes: 140
tot_uptimes_duration: 8378.949600000386
