comms_cons: 53.25267200067483
finished_reconf: true
global_termination_time: 549170.313
local_termination_time: 158503.68644000066
node_cons: 11279.102862646614
tot_aggregated_send: 7076
tot_msg_rcv: 392
tot_msg_sent: 627
tot_reconf_duration: 22.65
tot_sleeping_duration: 540769.757239995
tot_uptimes: 141
tot_uptimes_duration: 8400.555760004936
