comms_cons: 53.472256000765654
finished_reconf: true
global_termination_time: 548182.414
local_termination_time: 112158.8210399998
node_cons: 11251.798887847734
tot_aggregated_send: 6902
tot_msg_rcv: 345
tot_msg_sent: 880
tot_reconf_duration: 3.05
tot_sleeping_duration: 539782.3714399942
tot_uptimes: 141
tot_uptimes_duration: 8400.042560005779
