comms_cons: 272.22147842676844
finished_reconf: true
global_termination_time: 2811265.661
local_termination_time: 5194.775
node_cons: 57877.31592446692
tot_aggregated_send: 38895
tot_msg_rcv: 799
tot_msg_sent: 1682
tot_reconf_duration: 23.919999999999998
tot_sleeping_duration: 2768065.636680009
tot_uptimes: 720
tot_uptimes_duration: 43200.024319991004
