comms_cons: 282.7726592206224
finished_reconf: true
global_termination_time: 2808759.373
local_termination_time: 4371.156
node_cons: 57859.208311185175
tot_aggregated_send: 39255
tot_msg_rcv: 1358
tot_msg_sent: 2367
tot_reconf_duration: 10.55
tot_sleeping_duration: 2765559.3122000103
tot_uptimes: 720
tot_uptimes_duration: 43200.0607999897
