comms_cons: 33.931296000782666
finished_reconf: true
global_termination_time: 325089.98136000015
local_termination_time: 53375.53636000001
node_cons: 6692.194201283055
tot_aggregated_send: 4234
tot_msg_rcv: 342
tot_msg_sent: 581
tot_reconf_duration: 5.57
tot_sleeping_duration: 320097.7258399979
tot_uptimes: 84
tot_uptimes_duration: 4992.255520002276
