comms_cons: 32.330188799967
finished_reconf: true
global_termination_time: 325249.114
local_termination_time: 278527.70656000066
node_cons: 6688.739379999989
tot_aggregated_send: 4466
tot_msg_rcv: 113
tot_msg_sent: 334
tot_reconf_duration: 15.110000000000001
tot_sleeping_duration: 320269.114
tot_uptimes: 84
tot_uptimes_duration: 4980.0
