comms_cons: 56.92981759956398
finished_reconf: true
global_termination_time: 572598.834
local_termination_time: 291308.04096000013
node_cons: 11740.259560000028
tot_aggregated_send: 8236
tot_msg_rcv: 192
tot_msg_sent: 225
tot_reconf_duration: 7.819999999999999
tot_sleeping_duration: 563838.834
tot_uptimes: 147
tot_uptimes_duration: 8760.0
