comms_cons: 353.71157762548506
finished_reconf: true
global_termination_time: 3546531.891
local_termination_time: 1227176.0973599998
node_cons: 72957.20746558307
tot_aggregated_send: 48720
tot_msg_rcv: 1621
tot_msg_sent: 3422
tot_reconf_duration: 6.22
tot_sleeping_duration: 3492051.8606000114
tot_uptimes: 909
tot_uptimes_duration: 54480.03039998864
