comms_cons: 351.67860481977243
finished_reconf: true
global_termination_time: 3546282.672
local_termination_time: 1264310.9983999992
node_cons: 72964.1196855832
tot_aggregated_send: 48836
tot_msg_rcv: 1447
tot_msg_sent: 3170
tot_reconf_duration: 11.31
tot_sleeping_duration: 3491802.641600011
tot_uptimes: 909
tot_uptimes_duration: 54480.03039998864
