comms_cons: 292.50023680187263
finished_reconf: true
global_termination_time: 2902564.718
local_termination_time: 446710.1083600001
node_cons: 59723.48619488392
tot_aggregated_send: 39208
tot_msg_rcv: 1857
tot_msg_sent: 3393
tot_reconf_duration: 22.65
tot_sleeping_duration: 2857984.637720026
tot_uptimes: 744
tot_uptimes_duration: 44580.08027997386
