comms_cons: 286.03071999777
finished_reconf: true
global_termination_time: 2900121.548
local_termination_time: 1395174.0583599997
node_cons: 59619.205799998694
tot_aggregated_send: 41412
tot_msg_rcv: 615
tot_msg_sent: 1448
tot_reconf_duration: 5.1
tot_sleeping_duration: 2855601.548
tot_uptimes: 743
tot_uptimes_duration: 44520.0
