comms_cons: 284.6589119920376
finished_reconf: true
global_termination_time: 2902712.616
local_termination_time: 1822504.617
node_cons: 59727.00482271607
tot_aggregated_send: 41565
tot_msg_rcv: 657
tot_msg_sent: 1044
tot_reconf_duration: 25.299999999999997
tot_sleeping_duration: 2858132.595520002
tot_uptimes: 744
tot_uptimes_duration: 44580.02047999785
