comms_cons: 285.5307007898898
finished_reconf: true
global_termination_time: 2903354.281
local_termination_time: 1793301.9965999997
node_cons: 59710.504859998786
tot_aggregated_send: 41876
tot_msg_rcv: 545
tot_msg_sent: 978
tot_reconf_duration: 13.17
tot_sleeping_duration: 2858774.281
tot_uptimes: 744
tot_uptimes_duration: 44580.0
