comms_cons: 707.5691455024961
finished_reconf: true
global_termination_time: 2426939.482
local_termination_time: 1394839.8584799997
node_cons: 99167.3568289977
tot_aggregated_send: 0
tot_msg_rcv: 36002
tot_msg_sent: 71545
tot_reconf_duration: 18.21
tot_sleeping_duration: 2352897.1909999996
tot_uptimes: 1227
tot_uptimes_duration: 74042.29100000036
