comms_cons: 245.54952959561265
finished_reconf: true
global_termination_time: 2426449.56348
local_termination_time: 2426449.52236
node_cons: 49942.956788784395
tot_aggregated_send: 33626
tot_msg_rcv: 1299
tot_msg_sent: 2397
tot_reconf_duration: 24.59
tot_sleeping_duration: 2389175.804280011
tot_uptimes: 622
tot_uptimes_duration: 37273.75919998909
