comms_cons: 48.24527360077531
finished_reconf: true
global_termination_time: 483120.823
local_termination_time: 355960.24128000037
node_cons: 9906.55732112147
tot_aggregated_send: 6728
tot_msg_rcv: 215
tot_msg_sent: 390
tot_reconf_duration: 18.21
tot_sleeping_duration: 475740.8169199989
tot_uptimes: 124
tot_uptimes_duration: 7380.006080001069
