comms_cons: 48.71897600088514
finished_reconf: true
global_termination_time: 481763.345
local_termination_time: 96539.20047999996
node_cons: 9888.376403362061
tot_aggregated_send: 6496
tot_msg_rcv: 270
tot_msg_sent: 639
tot_reconf_duration: 4.8100000000000005
tot_sleeping_duration: 474383.32675999845
tot_uptimes: 124
tot_uptimes_duration: 7380.018240001533
