comms_cons: 49.15360640088477
finished_reconf: true
global_termination_time: 480393.452
local_termination_time: 137497.8188000003
node_cons: 9887.797902242892
tot_aggregated_send: 6612
tot_msg_rcv: 338
tot_msg_sent: 522
tot_reconf_duration: 4.390000000000001
tot_sleeping_duration: 473013.43983999785
tot_uptimes: 124
tot_uptimes_duration: 7380.0121600021375
