comms_cons: 801.9154509833605
finished_reconf: true
global_termination_time: 4070025.9375999966
local_termination_time: 2756.48448
node_cons: 83794.78913486564
tot_aggregated_send: 0
tot_msg_rcv: 61423
tot_msg_sent: 60459
tot_reconf_duration: 18.21
tot_sleeping_duration: 4007464.2796800057
tot_uptimes: 1043
tot_uptimes_duration: 62561.65791999089
