comms_cons: 396.53237120386785
finished_reconf: true
global_termination_time: 4071756.697
local_termination_time: 2475375.711559999
node_cons: 83721.84405999824
tot_aggregated_send: 56376
tot_msg_rcv: 1388
tot_msg_sent: 2505
tot_reconf_duration: 5.57
tot_sleeping_duration: 4009236.697
tot_uptimes: 1043
tot_uptimes_duration: 62520.0
