comms_cons: 410.3270464575289
finished_reconf: true
global_termination_time: 4070025.399119997
local_termination_time: 246283.696
node_cons: 83768.26392278392
tot_aggregated_send: 56316
tot_msg_rcv: 1994
tot_msg_sent: 4057
tot_reconf_duration: 22.65
tot_sleeping_duration: 4007488.0539200073
tot_uptimes: 1043
tot_uptimes_duration: 62537.34519998962
