comms_cons: 1.6776959999944572
finished_reconf: true
global_termination_time: 15058.732
local_termination_time: 9791.42836
node_cons: 252.00622000000018
tot_aggregated_send: 0
tot_msg_rcv: 132
tot_msg_sent: 123
tot_reconf_duration: 8.09
tot_sleeping_duration: 14878.732
tot_uptimes: 4
tot_uptimes_duration: 180.0
