comms_cons: 73.06234880815803
finished_reconf: true
global_termination_time: 340853.8217200002
local_termination_time: 1805.8240400000016
node_cons: 7036.342907049445
tot_aggregated_send: 0
tot_msg_rcv: 6022
tot_msg_sent: 5079
tot_reconf_duration: 18.21
tot_sleeping_duration: 335617.3663599931
tot_uptimes: 88
tot_uptimes_duration: 5236.45536000705
