comms_cons: 33.93551360048663
finished_reconf: true
global_termination_time: 341158.862
local_termination_time: 44809.91548000001
node_cons: 7020.3387
tot_aggregated_send: 4756
tot_msg_rcv: 133
tot_msg_sent: 269
tot_reconf_duration: 22.65
tot_sleeping_duration: 335938.862
tot_uptimes: 88
tot_uptimes_duration: 5220.0
