comms_cons: 33.514444800084426
finished_reconf: true
global_termination_time: 340853.33304000087
local_termination_time: 39562.44860000002
node_cons: 7070.10115656117
tot_aggregated_send: 4988
tot_msg_rcv: 11
tot_msg_sent: 95
tot_reconf_duration: 4.8100000000000005
tot_sleeping_duration: 335578.076
tot_uptimes: 88
tot_uptimes_duration: 5275.25704000087
