comms_cons: 367.75636482712656
finished_reconf: true
global_termination_time: 3654765.6212399974
local_termination_time: 26204.887840000003
node_cons: 75161.7717382109
tot_aggregated_send: 51156
tot_msg_rcv: 1709
tot_msg_sent: 3030
tot_reconf_duration: 18.21
tot_sleeping_duration: 3598651.3250800176
tot_uptimes: 936
tot_uptimes_duration: 56114.29615997958
