comms_cons: 361.19656322649814
finished_reconf: true
global_termination_time: 3655510.597
local_termination_time: 2714865.1033599996
node_cons: 75219.11242558312
tot_aggregated_send: 50344
tot_msg_rcv: 1592
tot_msg_sent: 2963
tot_reconf_duration: 15.34
tot_sleeping_duration: 3599350.566600011
tot_uptimes: 937
tot_uptimes_duration: 56160.03039998887
