comms_cons: 362.5211264249356
finished_reconf: true
global_termination_time: 3658018.287
local_termination_time: 1758829.7956799995
node_cons: 75209.26692558345
tot_aggregated_send: 50924
tot_msg_rcv: 1391
tot_msg_sent: 2787
tot_reconf_duration: 8.09
tot_sleeping_duration: 3601858.256600011
tot_uptimes: 937
tot_uptimes_duration: 56160.03039998887
