comms_cons: 365.2671168502256
finished_reconf: true
global_termination_time: 3658431.044
local_termination_time: 1392036.15
node_cons: 75226.5036203768
tot_aggregated_send: 51037
tot_msg_rcv: 1555
tot_msg_sent: 2926
tot_reconf_duration: 15.110000000000001
tot_sleeping_duration: 3602265.2604000163
tot_uptimes: 937
tot_uptimes_duration: 56165.78359998413
