comms_cons: 368.4002816463573
finished_reconf: true
global_termination_time: 3655113.899
local_termination_time: 536648.5663599999
node_cons: 75215.46481005095
tot_aggregated_send: 51214
tot_msg_rcv: 1707
tot_msg_sent: 3074
tot_reconf_duration: 12.629999999999999
tot_sleeping_duration: 3598953.8442800203
tot_uptimes: 937
tot_uptimes_duration: 56160.05471997963
