comms_cons: 366.4582528177446
finished_reconf: true
global_termination_time: 3657984.867
local_termination_time: 356176.8231600008
node_cons: 75213.18337005099
tot_aggregated_send: 51388
tot_msg_rcv: 1408
tot_msg_sent: 2903
tot_reconf_duration: 10.95
tot_sleeping_duration: 3601824.8122800207
tot_uptimes: 937
tot_uptimes_duration: 56160.05471997964
