comms_cons: 363.9797504404389
finished_reconf: true
global_termination_time: 3657174.52
local_termination_time: 708219.0533199996
node_cons: 75202.44702893452
tot_aggregated_send: 50228
tot_msg_rcv: 1603
tot_msg_sent: 3491
tot_reconf_duration: 3.05
tot_sleeping_duration: 3601014.471360018
tot_uptimes: 937
tot_uptimes_duration: 56160.04863998224
