comms_cons: 52.40458240069012
finished_reconf: true
global_termination_time: 507193.860600001
local_termination_time: 507193.860600001
node_cons: 10488.768406884828
tot_aggregated_send: 6656
tot_msg_rcv: 433
tot_msg_sent: 877
tot_reconf_duration: 24.59
tot_sleeping_duration: 499385.5146799974
tot_uptimes: 130
tot_uptimes_duration: 7808.345920003587
