comms_cons: 51.97968640062114
finished_reconf: true
global_termination_time: 509659.685
local_termination_time: 222663.99460000006
node_cons: 10448.358182242859
tot_aggregated_send: 6960
tot_msg_rcv: 356
tot_msg_sent: 585
tot_reconf_duration: 3.05
tot_sleeping_duration: 501859.67283999786
tot_uptimes: 131
tot_uptimes_duration: 7800.0121600021375
