comms_cons: 51.18517760055885
finished_reconf: true
global_termination_time: 508605.7
local_termination_time: 222672.52320000017
node_cons: 10459.55898000001
tot_aggregated_send: 7076
tot_msg_rcv: 247
tot_msg_sent: 455
tot_reconf_duration: 11.31
tot_sleeping_duration: 500805.7
tot_uptimes: 131
tot_uptimes_duration: 7800.0
