comms_cons: 1.6776959999944572
finished_reconf: true
global_termination_time: 19196.709
local_termination_time: 8623.12536
node_cons: 331.97955999999965
tot_aggregated_send: 0
tot_msg_rcv: 132
tot_msg_sent: 123
tot_reconf_duration: 7.819999999999999
tot_sleeping_duration: 18956.709
tot_uptimes: 5
tot_uptimes_duration: 240.0
