comms_cons: 1.4803199999951098
finished_reconf: true
global_termination_time: 13101.754
local_termination_time: 4574.8733600000005
node_cons: 265.74918
tot_aggregated_send: 0
tot_msg_rcv: 123
tot_msg_sent: 102
tot_reconf_duration: 18.21
tot_sleeping_duration: 12921.754
tot_uptimes: 4
tot_uptimes_duration: 180.0
