comms_cons: 118.31736958848121
finished_reconf: true
global_termination_time: 1141746.573
local_termination_time: 29252.537680000005
node_cons: 23465.852685595713
tot_aggregated_send: 14964
tot_msg_rcv: 1036
tot_msg_sent: 1982
tot_reconf_duration: 4.8100000000000005
tot_sleeping_duration: 1124226.5426000033
tot_uptimes: 293
tot_uptimes_duration: 17520.030399996773
