comms_cons: 112.73584639589993
finished_reconf: true
global_termination_time: 1140405.17536
local_termination_time: 441950.03436000005
node_cons: 23501.125629156824
tot_aggregated_send: 15544
tot_msg_rcv: 485
tot_msg_sent: 1107
tot_reconf_duration: 7.819999999999999
tot_sleeping_duration: 1122861.8549200024
tot_uptimes: 293
tot_uptimes_duration: 17543.320439997595
