comms_cons: 115.76895999377912
finished_reconf: true
global_termination_time: 1141768.722
local_termination_time: 253910.90060000055
node_cons: 23467.743042233702
tot_aggregated_send: 15486
tot_msg_rcv: 661
tot_msg_sent: 1449
tot_reconf_duration: 6.22
tot_sleeping_duration: 1124248.7098400048
tot_uptimes: 293
tot_uptimes_duration: 17520.01215999527
