comms_cons: 113.48462079670064
finished_reconf: true
global_termination_time: 1142206.464
local_termination_time: 74597.96671999968
node_cons: 23474.638980000054
tot_aggregated_send: 16240
tot_msg_rcv: 322
tot_msg_sent: 687
tot_reconf_duration: 11.31
tot_sleeping_duration: 1124686.464
tot_uptimes: 293
tot_uptimes_duration: 17520.0
