comms_cons: 558.0372993207031
finished_reconf: true
global_termination_time: 5549089.912
local_termination_time: 530361.1223599999
node_cons: 114169.74525004934
tot_aggregated_send: 76734
tot_msg_rcv: 2679
tot_msg_sent: 5404
tot_reconf_duration: 4.8100000000000005
tot_sleeping_duration: 5463829.85728002
tot_uptimes: 1422
tot_uptimes_duration: 85260.05471997964
