comms_cons: 551.3466689052191
finished_reconf: true
global_termination_time: 5551272.186
local_termination_time: 1209930.4790799988
node_cons: 114173.81654781569
tot_aggregated_send: 77430
tot_msg_rcv: 2188
tot_msg_sent: 4182
tot_reconf_duration: 7.819999999999999
tot_sleeping_duration: 5466012.143440016
tot_uptimes: 1422
tot_uptimes_duration: 85260.04255998437
