comms_cons: 552.5877569164853
finished_reconf: true
global_termination_time: 5551109.448
local_termination_time: 1268053.4823599998
node_cons: 114171.63560669904
tot_aggregated_send: 76734
tot_msg_rcv: 2434
tot_msg_sent: 4821
tot_reconf_duration: 6.22
tot_sleeping_duration: 5465849.411520014
tot_uptimes: 1422
tot_uptimes_duration: 85260.03647998697
