comms_cons: 291.6145855954043
finished_reconf: true
global_termination_time: 2949349.392
local_termination_time: 126729.47983999967
node_cons: 60687.580816755944
tot_aggregated_send: 40078
tot_msg_rcv: 1397
tot_msg_sent: 2847
tot_reconf_duration: 22.65
tot_sleeping_duration: 2904049.300800032
tot_uptimes: 756
tot_uptimes_duration: 45300.09119996795
