comms_cons: 297.3941119986269
finished_reconf: true
global_termination_time: 2950648.956
local_termination_time: 546293.5093599999
node_cons: 60663.30525005533
tot_aggregated_send: 39556
tot_msg_rcv: 1962
tot_msg_sent: 3683
tot_reconf_duration: 4.8100000000000005
tot_sleeping_duration: 2905348.9012800176
tot_uptimes: 756
tot_uptimes_duration: 45300.05471998238
