comms_cons: 48.153792000647336
finished_reconf: true
global_termination_time: 482571.45
local_termination_time: 13313.020800000002
node_cons: 9887.781620000012
tot_aggregated_send: 6670
tot_msg_rcv: 189
tot_msg_sent: 460
tot_reconf_duration: 4.390000000000001
tot_sleeping_duration: 475191.45
tot_uptimes: 124
tot_uptimes_duration: 7380.0
