comms_cons: 2.3092991999944803
finished_reconf: true
global_termination_time: 18199.436
local_termination_time: 5426.64836
node_cons: 328.9240599999996
tot_aggregated_send: 0
tot_msg_rcv: 180
tot_msg_sent: 171
tot_reconf_duration: 5.57
tot_sleeping_duration: 17959.436
tot_uptimes: 5
tot_uptimes_duration: 240.0
