comms_cons: 29.343232000102105
finished_reconf: true
global_termination_time: 299006.772
local_termination_time: 129358.24035999998
node_cons: 6136.598700000019
tot_aggregated_send: 4176
tot_msg_rcv: 73
tot_msg_sent: 211
tot_reconf_duration: 22.65
tot_sleeping_duration: 294446.772
tot_uptimes: 77
tot_uptimes_duration: 4560.0
