comms_cons: 49.65849599987071
finished_reconf: true
global_termination_time: 12802.893240000003
local_termination_time: 481.0714799999991
node_cons: 5622.197584320055
tot_aggregated_send: 0
tot_msg_rcv: 3924
tot_msg_sent: 3623
tot_reconf_duration: 18.21
tot_sleeping_duration: 8622.558359999965
tot_uptimes: 58
tot_uptimes_duration: 4180.3348800000385
