comms_cons: 2.3158783999923473
finished_reconf: true
global_termination_time: 17170.967
local_termination_time: 9419.683359999999
node_cons: 328.28579999999806
tot_aggregated_send: 0
tot_msg_rcv: 180
tot_msg_sent: 172
tot_reconf_duration: 5.1
tot_sleeping_duration: 16930.967
tot_uptimes: 5
tot_uptimes_duration: 240.0
