comms_cons: 2.21588479999568
finished_reconf: true
global_termination_time: 13994.427
local_termination_time: 8610.13636
node_cons: 258.9048600000001
tot_aggregated_send: 0
tot_msg_rcv: 174
tot_msg_sent: 162
tot_reconf_duration: 13.17
tot_sleeping_duration: 13814.427
tot_uptimes: 4
tot_uptimes_duration: 180.0
