comms_cons: 2.2632447999925214
finished_reconf: true
global_termination_time: 12986.027
local_termination_time: 5929.7213600000005
node_cons: 257.18020000000075
tot_aggregated_send: 0
tot_msg_rcv: 181
tot_msg_sent: 163
tot_reconf_duration: 11.899999999999999
tot_sleeping_duration: 12806.027
tot_uptimes: 4
tot_uptimes_duration: 180.0
