comms_cons: 2.23034879999263
finished_reconf: true
global_termination_time: 13606.041
local_termination_time: 7217.960360000001
node_cons: 261.851719999999
tot_aggregated_send: 0
tot_msg_rcv: 179
tot_msg_sent: 160
tot_reconf_duration: 15.34
tot_sleeping_duration: 13426.041000000001
tot_uptimes: 4
tot_uptimes_duration: 180.0
