comms_cons: 153.4586751915578
finished_reconf: true
global_termination_time: 1529049.4477199977
local_termination_time: 1529049.4477199977
node_cons: 31539.280279913302
tot_aggregated_send: 21214
tot_msg_rcv: 591
tot_msg_sent: 1518
tot_reconf_duration: 24.59
tot_sleeping_duration: 1505520.0324400028
tot_uptimes: 392
tot_uptimes_duration: 23529.41527999495
