comms_cons: 152.11768319418317
finished_reconf: true
global_termination_time: 1531329.737
local_termination_time: 1264511.2344799999
node_cons: 31501.734901116844
tot_aggregated_send: 21228
tot_msg_rcv: 675
tot_msg_sent: 1218
tot_reconf_duration: 6.22
tot_sleeping_duration: 1507809.7309200023
tot_uptimes: 393
tot_uptimes_duration: 23520.006079997635
