comms_cons: 1076.9665562157459
finished_reconf: true
global_termination_time: 5475987.446
local_termination_time: 3146.36448
node_cons: 112661.4336033523
tot_aggregated_send: 0
tot_msg_rcv: 82385
tot_msg_sent: 81306
tot_reconf_duration: 18.21
tot_sleeping_duration: 5391867.427760003
tot_uptimes: 1403
tot_uptimes_duration: 84120.0182399968
