comms_cons: 532.3599296245367
finished_reconf: true
global_termination_time: 5474038.301
local_termination_time: 2798997.555319999
node_cons: 112564.89266334806
tot_aggregated_send: 75980
tot_msg_rcv: 1568
tot_msg_sent: 3367
tot_reconf_duration: 6.279999999999999
tot_sleeping_duration: 5389978.282760007
tot_uptimes: 1402
tot_uptimes_duration: 84060.01823999337
