comms_cons: 535.8955776203379
finished_reconf: true
global_termination_time: 5477307.683
local_termination_time: 3072290.278
node_cons: 112671.07831983274
tot_aggregated_send: 76539
tot_msg_rcv: 1705
tot_msg_sent: 3209
tot_reconf_duration: 25.299999999999997
tot_sleeping_duration: 5393187.652440003
tot_uptimes: 1403
tot_uptimes_duration: 84120.0305599973
