comms_cons: 550.3951617164535
finished_reconf: true
global_termination_time: 5472544.219
local_termination_time: 784157.4207599981
node_cons: 112560.51446446491
tot_aggregated_send: 76212
tot_msg_rcv: 2593
tot_msg_sent: 4852
tot_reconf_duration: 3.05
tot_sleeping_duration: 5388484.194680008
tot_uptimes: 1402
tot_uptimes_duration: 84060.02431999124
