comms_cons: 549.0232193295769
finished_reconf: true
global_termination_time: 5474153.937
local_termination_time: 868329.52536
node_cons: 112567.00840669923
tot_aggregated_send: 75574
tot_msg_rcv: 2612
tot_msg_sent: 5262
tot_reconf_duration: 7.819999999999999
tot_sleeping_duration: 5390093.900520013
tot_uptimes: 1402
tot_uptimes_duration: 84060.03647998697
