comms_cons: 337.13432321948324
finished_reconf: true
global_termination_time: 3415601.834
local_termination_time: 1133318.7956399992
node_cons: 70223.7571089335
tot_aggregated_send: 46052
tot_msg_rcv: 1696
tot_msg_sent: 3493
tot_reconf_duration: 4.8100000000000005
tot_sleeping_duration: 3363161.7853600187
tot_uptimes: 875
tot_uptimes_duration: 52440.04863998131
