comms_cons: 347.9409920448771
finished_reconf: true
global_termination_time: 3412024.072
local_termination_time: 448773.8315200008
node_cons: 70144.3160567525
tot_aggregated_send: 45472
tot_msg_rcv: 2393
tot_msg_sent: 5020
tot_reconf_duration: 5.43
tot_sleeping_duration: 3359643.9808000345
tot_uptimes: 874
tot_uptimes_duration: 52380.09119996568
