comms_cons: 35.77111040047525
finished_reconf: true
global_termination_time: 346430.213
local_termination_time: 37774.770560000055
node_cons: 7075.914184481181
tot_aggregated_send: 4524
tot_msg_rcv: 333
tot_msg_sent: 580
tot_reconf_duration: 4.390000000000001
tot_sleeping_duration: 341150.1886799991
tot_uptimes: 89
tot_uptimes_duration: 5280.02432000087
