comms_cons: 362.51341445356735
finished_reconf: true
global_termination_time: 3583792.14
local_termination_time: 265970.73564000084
node_cons: 73678.39339117183
tot_aggregated_send: 49822
tot_msg_rcv: 1900
tot_msg_sent: 3376
tot_reconf_duration: 4.8100000000000005
tot_sleeping_duration: 3528772.07920002
tot_uptimes: 918
tot_uptimes_duration: 55020.060799980245
