comms_cons: 445.37236483471634
finished_reconf: true
global_termination_time: 4590961.899
local_termination_time: 2203264.34136
node_cons: 94408.06894558284
tot_aggregated_send: 62988
tot_msg_rcv: 1571
tot_msg_sent: 3135
tot_reconf_duration: 6.279999999999999
tot_sleeping_duration: 4520461.868600012
tot_uptimes: 1176
tot_uptimes_duration: 70500.03039998887
