comms_cons: 446.81100162119014
finished_reconf: true
global_termination_time: 4591338.897
local_termination_time: 2802756.64736
node_cons: 94433.90624669877
tot_aggregated_send: 63916
tot_msg_rcv: 1265
tot_msg_sent: 2731
tot_reconf_duration: 25.299999999999997
tot_sleeping_duration: 4520838.860520014
tot_uptimes: 1176
tot_uptimes_duration: 70500.03647998627
