comms_cons: 458.8334080387795
finished_reconf: true
global_termination_time: 4591869.397
local_termination_time: 615729.0703599999
node_cons: 94410.17654781594
tot_aggregated_send: 63800
tot_msg_rcv: 2062
tot_msg_sent: 3878
tot_reconf_duration: 7.819999999999999
tot_sleeping_duration: 4521369.354440017
tot_uptimes: 1176
tot_uptimes_duration: 70500.04255998392
