comms_cons: 71.91400319723522
finished_reconf: true
global_termination_time: 708779.973
local_termination_time: 280370.81044000067
node_cons: 14548.112685602571
tot_aggregated_send: 9570
tot_msg_rcv: 431
tot_msg_sent: 929
tot_reconf_duration: 4.8100000000000005
tot_sleeping_duration: 697919.9425999981
tot_uptimes: 182
tot_uptimes_duration: 10860.03040000191
