comms_cons: 75.42494719447907
finished_reconf: true
global_termination_time: 707705.476
local_termination_time: 138088.23756000068
node_cons: 14549.017150123378
tot_aggregated_send: 8758
tot_msg_rcv: 955
tot_msg_sent: 1750
tot_reconf_duration: 5.43
tot_sleeping_duration: 696845.3989199975
tot_uptimes: 182
tot_uptimes_duration: 10860.07708000252
