comms_cons: 97.53809281357144
finished_reconf: true
global_termination_time: 464751.70760000055
local_termination_time: 464751.66648000054
node_cons: 9644.797028244753
tot_aggregated_send: 0
tot_msg_rcv: 7883
tot_msg_sent: 6939
tot_reconf_duration: 24.59
tot_sleeping_duration: 457573.661439997
tot_uptimes: 120
tot_uptimes_duration: 7178.046160003532
