comms_cons: 782.9238274253512
finished_reconf: true
global_termination_time: 7801639.633
local_termination_time: 2123926.9053599997
node_cons: 160449.66468893143
tot_aggregated_send: 107880
tot_msg_rcv: 3528
tot_msg_sent: 7592
tot_reconf_duration: 7.819999999999999
tot_sleeping_duration: 7681819.584360017
tot_uptimes: 1998
tot_uptimes_duration: 119820.04863998294
