comms_cons: 120.04311039658073
finished_reconf: true
global_termination_time: 612719.2615999999
local_termination_time: 1389.8570400000017
node_cons: 12557.751189521307
tot_aggregated_send: 0
tot_msg_rcv: 9187
tot_msg_sent: 9057
tot_reconf_duration: 3.05
tot_sleeping_duration: 603343.8999199988
tot_uptimes: 157
tot_uptimes_duration: 9375.361680000962
