comms_cons: 63.351116799370125
finished_reconf: true
global_termination_time: 614772.28
local_termination_time: 183037.06436000005
node_cons: 12621.834901121449
tot_aggregated_send: 8294
tot_msg_rcv: 525
tot_msg_sent: 810
tot_reconf_duration: 6.22
tot_sleeping_duration: 605352.2739199989
tot_uptimes: 158
tot_uptimes_duration: 9420.006080001069
