comms_cons: 183.69199362147356
finished_reconf: true
global_termination_time: 380816.3926000001
local_termination_time: 380816.35148000007
node_cons: 23014.08788269
tot_aggregated_send: 0
tot_msg_rcv: 11344
tot_msg_sent: 16574
tot_reconf_duration: 37.410000000000004
tot_sleeping_duration: 363666.8144799926
tot_uptimes: 280
tot_uptimes_duration: 17149.578120007434
