comms_cons: 39.46987520038296
finished_reconf: true
global_termination_time: 382208.931
local_termination_time: 70971.62299999999
node_cons: 7797.195204483456
tot_aggregated_send: 4869
tot_msg_rcv: 372
tot_msg_sent: 758
tot_reconf_duration: 3.08
tot_sleeping_duration: 376388.9066799974
tot_uptimes: 98
tot_uptimes_duration: 5820.0243200025725
