comms_cons: 38.468582400574014
finished_reconf: true
global_termination_time: 382301.326
local_termination_time: 150331.69736000008
node_cons: 7798.941620000028
tot_aggregated_send: 5220
tot_msg_rcv: 225
tot_msg_sent: 402
tot_reconf_duration: 4.390000000000001
tot_sleeping_duration: 376481.326
tot_uptimes: 98
tot_uptimes_duration: 5820.0
