comms_cons: 39.021235200803
finished_reconf: true
global_termination_time: 382944.187
local_termination_time: 101585.24847999997
node_cons: 7883.94770111917
tot_aggregated_send: 5046
tot_msg_rcv: 253
tot_msg_sent: 632
tot_reconf_duration: 7.819999999999999
tot_sleeping_duration: 377064.1809200006
tot_uptimes: 99
tot_uptimes_duration: 5880.006079999366
