comms_cons: 39.26529280095128
finished_reconf: true
global_termination_time: 382144.682
local_termination_time: 41396.005480000014
node_cons: 7801.434901121442
tot_aggregated_send: 4988
tot_msg_rcv: 346
tot_msg_sent: 634
tot_reconf_duration: 6.22
tot_sleeping_duration: 376324.6759199989
tot_uptimes: 98
tot_uptimes_duration: 5820.006080001069
