comms_cons: 486.9984831709278
finished_reconf: true
global_termination_time: 2470725.2163599967
local_termination_time: 1925.3794800000003
node_cons: 50852.56609438987
tot_aggregated_send: 0
tot_msg_rcv: 37343
tot_msg_sent: 36676
tot_reconf_duration: 18.21
tot_sleeping_duration: 2432765.6667600037
tot_uptimes: 633
tot_uptimes_duration: 37959.549599992984
