comms_cons: 112.35865601298805
finished_reconf: true
global_termination_time: 487072.23528000043
local_termination_time: 1175.4556000000005
node_cons: 10026.076139803537
tot_aggregated_send: 0
tot_msg_rcv: 9771
tot_msg_sent: 7303
tot_reconf_duration: 18.21
tot_sleeping_duration: 479602.9694399679
tot_uptimes: 125
tot_uptimes_duration: 7469.265840032516
