comms_cons: 142.6342784175584
finished_reconf: true
global_termination_time: 487071.63528000034
local_termination_time: 487071.5941600003
node_cons: 20011.73007592045
tot_aggregated_send: 0
tot_msg_rcv: 7284
tot_msg_sent: 14392
tot_reconf_duration: 37.410000000000004
tot_sleeping_duration: 472164.29600000003
tot_uptimes: 247
tot_uptimes_duration: 14907.339280000306
