comms_cons: 47.982105600311066
finished_reconf: true
global_termination_time: 488284.266
local_termination_time: 245200.82848000008
node_cons: 10060.393001121462
tot_aggregated_send: 7076
tot_msg_rcv: 54
tot_msg_sent: 163
tot_reconf_duration: 13.17
tot_sleeping_duration: 480784.25991999893
tot_uptimes: 126
tot_uptimes_duration: 7500.006080001069
