comms_cons: 48.232742400108606
finished_reconf: true
global_termination_time: 490235.908
local_termination_time: 17505.677
node_cons: 10060.752305121448
tot_aggregated_send: 7071
tot_msg_rcv: 93
tot_msg_sent: 167
tot_reconf_duration: 12.629999999999999
tot_sleeping_duration: 482735.08591999894
tot_uptimes: 126
tot_uptimes_duration: 7500.822080001073
