comms_cons: 29.074111999769638
finished_reconf: true
global_termination_time: 287338.246
local_termination_time: 59268.33536000001
node_cons: 5880.203403359736
tot_aggregated_send: 3828
tot_msg_rcv: 192
tot_msg_sent: 399
tot_reconf_duration: 11.31
tot_sleeping_duration: 282958.22776000015
tot_uptimes: 74
tot_uptimes_duration: 4380.018239999801
