comms_cons: 301.2229823966677
finished_reconf: true
global_termination_time: 3040233.871
local_termination_time: 1932653.23136
node_cons: 62520.680199998955
tot_aggregated_send: 43442
tot_msg_rcv: 727
tot_msg_sent: 1615
tot_reconf_duration: 11.899999999999999
tot_sleeping_duration: 2993553.871
tot_uptimes: 779
tot_uptimes_duration: 46680.0
