comms_cons: 135.52458879505184
finished_reconf: true
global_termination_time: 1374701.667
local_termination_time: 588414.3055999989
node_cons: 28286.228262233784
tot_aggregated_send: 19488
tot_msg_rcv: 298
tot_msg_sent: 814
tot_reconf_duration: 4.8100000000000005
tot_sleeping_duration: 1353581.6548400046
tot_uptimes: 353
tot_uptimes_duration: 21120.01215999527
