comms_cons: 252.62239360036142
finished_reconf: true
global_termination_time: 2497888.189119997
local_termination_time: 91002.30783999992
node_cons: 51363.660223081904
tot_aggregated_send: 33930
tot_msg_rcv: 1491
tot_msg_sent: 2975
tot_reconf_duration: 4.390000000000001
tot_sleeping_duration: 2459532.925040025
tot_uptimes: 640
tot_uptimes_duration: 38355.26407997211
