comms_cons: 253.75974399410325
finished_reconf: true
global_termination_time: 2501970.993
local_termination_time: 570941.7565599995
node_cons: 51421.82331116795
tot_aggregated_send: 33698
tot_msg_rcv: 1661
tot_msg_sent: 3211
tot_reconf_duration: 3.05
tot_sleeping_duration: 2463570.932200023
tot_uptimes: 641
tot_uptimes_duration: 38400.06079997658
