comms_cons: 3.6648063999985796
finished_reconf: true
global_termination_time: 15082.889
local_termination_time: 5224.71436
node_cons: 258.1796811200064
tot_aggregated_send: 0
tot_msg_rcv: 393
tot_msg_sent: 164
tot_reconf_duration: 12.629999999999999
tot_sleeping_duration: 14902.882919999995
tot_uptimes: 4
tot_uptimes_duration: 180.00608000000466
