comms_cons: 2.368511999996394
finished_reconf: true
global_termination_time: 18734.359
local_termination_time: 6054.075360000001
node_cons: 346.76274112000726
tot_aggregated_send: 0
tot_msg_rcv: 200
tot_msg_sent: 161
tot_reconf_duration: 18.700000000000003
tot_sleeping_duration: 18494.352919999998
tot_uptimes: 5
tot_uptimes_duration: 240.00608000000466
