comms_cons: 2.946508799989514
finished_reconf: true
global_termination_time: 17727.225
local_termination_time: 6447.89236
node_cons: 336.238241120006
tot_aggregated_send: 0
tot_msg_rcv: 280
tot_msg_sent: 167
tot_reconf_duration: 10.95
tot_sleeping_duration: 17487.218919999992
tot_uptimes: 5
tot_uptimes_duration: 240.00608000000466
