comms_cons: 121.78876799696349
finished_reconf: true
global_termination_time: 1241457.454
local_termination_time: 345737.7993600005
node_cons: 25488.611720000077
tot_aggregated_send: 17516
tot_msg_rcv: 257
tot_msg_sent: 738
tot_reconf_duration: 15.34
tot_sleeping_duration: 1222437.454
tot_uptimes: 318
tot_uptimes_duration: 19020.0
