comms_cons: 121.82046719721066
finished_reconf: true
global_termination_time: 1238071.485
local_termination_time: 541562.3133599999
node_cons: 25476.30824000008
tot_aggregated_send: 17980
tot_msg_rcv: 191
tot_msg_sent: 345
tot_reconf_duration: 6.279999999999999
tot_sleeping_duration: 1219051.485
tot_uptimes: 318
tot_uptimes_duration: 19020.0
