comms_cons: 123.19019519448412
finished_reconf: true
global_termination_time: 1238831.728
local_termination_time: 524584.7057599991
node_cons: 25502.1374000001
tot_aggregated_send: 17690
tot_msg_rcv: 362
tot_msg_sent: 672
tot_reconf_duration: 25.299999999999997
tot_sleeping_duration: 1219811.728
tot_uptimes: 318
tot_uptimes_duration: 19020.0
