comms_cons: 26.198374400142573
finished_reconf: true
global_termination_time: 266567.56512000016
local_termination_time: 102722.3516399995
node_cons: 5493.260059680219
tot_aggregated_send: 3712
tot_msg_rcv: 91
tot_msg_sent: 179
tot_reconf_duration: 6.22
tot_sleeping_duration: 262471.364
tot_uptimes: 69
tot_uptimes_duration: 4096.201120000158
