comms_cons: 31.120870399971228
finished_reconf: true
global_termination_time: 314314.841
local_termination_time: 124330.54123999944
node_cons: 6441.13792335927
tot_aggregated_send: 4408
tot_msg_rcv: 95
tot_msg_sent: 228
tot_reconf_duration: 7.819999999999999
tot_sleeping_duration: 309512.3627600006
tot_uptimes: 81
tot_uptimes_duration: 4802.478239999444
