comms_cons: 104.8730751946747
finished_reconf: true
global_termination_time: 1055661.212
local_termination_time: 427827.803
node_cons: 21704.72705399963
tot_aggregated_send: 14555
tot_msg_rcv: 433
tot_msg_sent: 952
tot_reconf_duration: 6.22
tot_sleeping_duration: 1039457.8660000004
tot_uptimes: 271
tot_uptimes_duration: 16203.345999999729
