comms_cons: 517.1618559921992
finished_reconf: true
global_termination_time: 597884.5575999998
local_termination_time: 597884.5164799999
node_cons: 59786.694825404506
tot_aggregated_send: 0
tot_msg_rcv: 35487
tot_msg_sent: 43117
tot_reconf_duration: 24.59
tot_sleeping_duration: 553259.2389999958
tot_uptimes: 717
tot_uptimes_duration: 44625.31860000408
