comms_cons: 473.71143688491554
finished_reconf: true
global_termination_time: 4709984.628
local_termination_time: 25410.424480000005
node_cons: 96897.04721117145
tot_aggregated_send: 65830
tot_msg_rcv: 2043
tot_msg_sent: 4129
tot_reconf_duration: 5.1
tot_sleeping_duration: 4637624.567200019
tot_uptimes: 1207
tot_uptimes_duration: 72360.06079998071
