comms_cons: 8.967449600143663
finished_reconf: true
global_termination_time: 80511.401
local_termination_time: 34824.9892400001
node_cons: 1615.3445222405808
tot_aggregated_send: 638
tot_msg_rcv: 200
tot_msg_sent: 525
tot_reconf_duration: 6.279999999999999
tot_sleeping_duration: 79311.38883999956
tot_uptimes: 21
tot_uptimes_duration: 1200.012160000435
