comms_cons: 11.790553599992958
finished_reconf: true
global_termination_time: 83089.325
local_termination_time: 55653.80448000001
node_cons: 1721.513682238316
tot_aggregated_send: 696
tot_msg_rcv: 592
tot_msg_sent: 505
tot_reconf_duration: 25.299999999999997
tot_sleeping_duration: 81829.31284000126
tot_uptimes: 22
tot_uptimes_duration: 1260.0121599987397
