comms_cons: 9.224038399980842
finished_reconf: true
global_termination_time: 85601.707
local_termination_time: 62103.19036000001
node_cons: 1697.7677011196183
tot_aggregated_send: 870
tot_msg_rcv: 190
tot_msg_sent: 342
tot_reconf_duration: 7.819999999999999
tot_sleeping_duration: 84341.70092000028
tot_uptimes: 22
tot_uptimes_duration: 1260.0060799997154
