comms_cons: 11.015462400022788
finished_reconf: true
global_termination_time: 80571.038
local_termination_time: 24474.36348
node_cons: 1622.1752622402964
tot_aggregated_send: 348
tot_msg_rcv: 520
tot_msg_sent: 807
tot_reconf_duration: 11.31
tot_sleeping_duration: 79371.02583999978
tot_uptimes: 21
tot_uptimes_duration: 1200.012160000224
