comms_cons: 9.710899200026878
finished_reconf: true
global_termination_time: 80098.463
local_termination_time: 39991.03832000004
node_cons: 1614.1739400000001
tot_aggregated_send: 754
tot_msg_rcv: 321
tot_msg_sent: 401
tot_reconf_duration: 5.43
tot_sleeping_duration: 78898.463
tot_uptimes: 21
tot_uptimes_duration: 1200.0
