comms_cons: 73.02911999610018
finished_reconf: true
global_termination_time: 725463.6738399987
local_termination_time: 725463.6327199987
node_cons: 14954.10095646941
tot_aggregated_send: 9846
tot_msg_rcv: 341
tot_msg_sent: 912
tot_reconf_duration: 24.59
tot_sleeping_duration: 714320.5015200067
tot_uptimes: 186
tot_uptimes_duration: 11143.172319992067
