comms_cons: 73.509785598842
finished_reconf: true
global_termination_time: 725464.15124
local_termination_time: 16394.81348
node_cons: 14914.06281047691
tot_aggregated_send: 9744
tot_msg_rcv: 483
tot_msg_sent: 944
tot_reconf_duration: 22.65
tot_sleeping_duration: 714348.9129200024
tot_uptimes: 186
tot_uptimes_duration: 11115.238319997674
