comms_cons: 72.61463040061744
finished_reconf: true
global_termination_time: 729501.227
local_termination_time: 219137.36336000005
node_cons: 14949.78012112145
tot_aggregated_send: 10266
tot_msg_rcv: 249
tot_msg_sent: 522
tot_reconf_duration: 4.8100000000000005
tot_sleeping_duration: 718341.220919999
tot_uptimes: 187
tot_uptimes_duration: 11160.006080001069
