comms_cons: 89.15473919874455
finished_reconf: true
global_termination_time: 899790.979
local_termination_time: 259441.15960000054
node_cons: 18508.96684112145
tot_aggregated_send: 12238
tot_msg_rcv: 450
tot_msg_sent: 863
tot_reconf_duration: 22.65
tot_sleeping_duration: 885990.972919999
tot_uptimes: 231
tot_uptimes_duration: 13800.006080001069
