comms_cons: 757.0570752823963
finished_reconf: true
global_termination_time: 7637142.733359998
local_termination_time: 7637142.733359998
node_cons: 157204.18678526522
tot_aggregated_send: 110290
tot_msg_rcv: 1646
tot_msg_sent: 3133
tot_reconf_duration: 37.410000000000004
tot_sleeping_duration: 7519776.501840005
tot_uptimes: 1956
tot_uptimes_duration: 117366.23151999316
