comms_cons: 761.1314369662805
finished_reconf: true
global_termination_time: 7637866.049
local_termination_time: 1648407.81436
node_cons: 157085.58056669732
tot_aggregated_send: 106894
tot_msg_rcv: 2937
tot_msg_sent: 5857
tot_reconf_duration: 15.34
tot_sleeping_duration: 7520566.012520012
tot_uptimes: 1956
tot_uptimes_duration: 117300.03647998697
