comms_cons: 3199.794223312892
finished_reconf: true
global_termination_time: 7638379.67
local_termination_time: 2682237.66848
node_cons: 463766.0372369901
tot_aggregated_send: 0
tot_msg_rcv: 196518
tot_msg_sent: 289834
tot_reconf_duration: 5.57
tot_sleeping_duration: 7292032.789360017
tot_uptimes: 5676
tot_uptimes_duration: 346346.88063998375
