comms_cons: 1303.5403748193557
finished_reconf: true
global_termination_time: 7639338.39
local_termination_time: 2685278.50936
node_cons: 157152.01464669732
tot_aggregated_send: 0
tot_msg_rcv: 99869
tot_msg_sent: 98260
tot_reconf_duration: 5.1
tot_sleeping_duration: 7521978.353520013
tot_uptimes: 1957
tot_uptimes_duration: 117360.03647998697
