comms_cons: 756.7551233874901
finished_reconf: true
global_termination_time: 7639323.329
local_termination_time: 3499397.35156
node_cons: 157165.59194446367
tot_aggregated_send: 105676
tot_msg_rcv: 3122
tot_msg_sent: 6223
tot_reconf_duration: 15.110000000000001
tot_sleeping_duration: 7521963.304680008
tot_uptimes: 1957
tot_uptimes_duration: 117360.02431999147
