comms_cons: 296.46339844413296
finished_reconf: true
global_termination_time: 2961108.706
local_termination_time: 921999.78736
node_cons: 60904.27640334972
tot_aggregated_send: 41644
tot_msg_rcv: 1095
tot_msg_sent: 2321
tot_reconf_duration: 4.8100000000000005
tot_sleeping_duration: 2915628.6877600066
tot_uptimes: 759
tot_uptimes_duration: 45480.01823999314
