comms_cons: 300.6130880055134
finished_reconf: true
global_termination_time: 2963300.559
local_termination_time: 126867.3199599999
node_cons: 60901.91888781897
tot_aggregated_send: 40832
tot_msg_rcv: 1720
tot_msg_sent: 3139
tot_reconf_duration: 3.05
tot_sleeping_duration: 2917820.516440015
tot_uptimes: 759
tot_uptimes_duration: 45480.04255998517
