comms_cons: 299.0773696072725
finished_reconf: true
global_termination_time: 2961172.556
local_termination_time: 34089.94672000002
node_cons: 60908.42097117639
tot_aggregated_send: 41064
tot_msg_rcv: 1487
tot_msg_sent: 2906
tot_reconf_duration: 7.819999999999999
tot_sleeping_duration: 2915692.4952000165
tot_uptimes: 759
tot_uptimes_duration: 45480.06079998324
