comms_cons: 79.727705596669
finished_reconf: true
global_termination_time: 750167.90524
local_termination_time: 130963.47671999995
node_cons: 15469.134170565181
tot_aggregated_send: 8816
tot_msg_rcv: 1075
tot_msg_sent: 2227
tot_reconf_duration: 18.21
tot_sleeping_duration: 738633.6221999961
tot_uptimes: 193
tot_uptimes_duration: 11534.283040003851
