comms_cons: 74.40417279829744
finished_reconf: true
global_termination_time: 750297.269
local_termination_time: 447559.8658400006
node_cons: 15429.421900000087
tot_aggregated_send: 10788
tot_msg_rcv: 174
tot_msg_sent: 347
tot_reconf_duration: 3.05
tot_sleeping_duration: 738777.269
tot_uptimes: 193
tot_uptimes_duration: 11520.0
