comms_cons: 27.792147200110126
finished_reconf: true
global_termination_time: 284110.024
local_termination_time: 188582.62088000088
node_cons: 5795.107701121406
tot_aggregated_send: 3712
tot_msg_rcv: 166
tot_msg_sent: 346
tot_reconf_duration: 7.819999999999999
tot_sleeping_duration: 279790.0179199989
tot_uptimes: 73
tot_uptimes_duration: 4320.006080001069
