comms_cons: 533.3738109026812
finished_reconf: true
global_termination_time: 1107797.1605999998
local_termination_time: 1107797.1194799999
node_cons: 66835.51592371312
tot_aggregated_send: 0
tot_msg_rcv: 32897
tot_msg_sent: 48171
tot_reconf_duration: 37.410000000000004
tot_sleeping_duration: 1057920.601120004
tot_uptimes: 814
tot_uptimes_duration: 49876.55947999582
