comms_cons: 113.09707518805423
finished_reconf: true
global_termination_time: 1110302.358
local_termination_time: 1175.817560000001
node_cons: 22837.440566710226
tot_aggregated_send: 14790
tot_msg_rcv: 722
tot_msg_sent: 1679
tot_reconf_duration: 15.34
tot_sleeping_duration: 1093262.3215200072
tot_uptimes: 285
tot_uptimes_duration: 17040.036479992676
