comms_cons: 109.51078399636957
finished_reconf: true
global_termination_time: 1110527.926
local_termination_time: 440388.05136000004
node_cons: 22828.972085593377
tot_aggregated_send: 14500
tot_msg_rcv: 693
tot_msg_sent: 1452
tot_reconf_duration: 9.11
tot_sleeping_duration: 1093487.8956000048
tot_uptimes: 285
tot_uptimes_duration: 17040.03039999504
