comms_cons: 111.00426239726833
finished_reconf: true
global_termination_time: 1110066.081
local_termination_time: 375869.47032000066
node_cons: 22829.35236000001
tot_aggregated_send: 15776
tot_msg_rcv: 408
tot_msg_sent: 688
tot_reconf_duration: 9.42
tot_sleeping_duration: 1093026.081
tot_uptimes: 285
tot_uptimes_duration: 17040.0
