comms_cons: 109.16866559748169
finished_reconf: true
global_termination_time: 1112565.556
local_termination_time: 696175.3793599989
node_cons: 22822.537902238317
tot_aggregated_send: 15660
tot_msg_rcv: 294
tot_msg_sent: 639
tot_reconf_duration: 4.390000000000001
tot_sleeping_duration: 1095525.5438400013
tot_uptimes: 285
tot_uptimes_duration: 17040.012159998703
