comms_cons: 114.73340799287787
finished_reconf: true
global_termination_time: 1111843.865
local_termination_time: 145845.60636000006
node_cons: 22831.984108948487
tot_aggregated_send: 14500
tot_msg_rcv: 1131
tot_msg_sent: 1808
tot_reconf_duration: 11.31
tot_sleeping_duration: 1094803.8163600084
tot_uptimes: 285
tot_uptimes_duration: 17040.04863999138
