comms_cons: 62.563494400993186
finished_reconf: true
global_termination_time: 609606.5494799998
local_termination_time: 609606.5083599999
node_cons: 12584.840506567554
tot_aggregated_send: 7932
tot_msg_rcv: 458
tot_msg_sent: 1121
tot_reconf_duration: 24.59
tot_sleeping_duration: 600232.8024399942
tot_uptimes: 157
tot_uptimes_duration: 9373.747040005619
