comms_cons: 62.41687039803121
finished_reconf: true
global_termination_time: 612051.875
local_termination_time: 135537.9666400004
node_cons: 12539.99836448115
tot_aggregated_send: 8178
tot_msg_rcv: 439
tot_msg_sent: 870
tot_reconf_duration: 5.1
tot_sleeping_duration: 602691.8506799991
tot_uptimes: 157
tot_uptimes_duration: 9360.02432000084
