comms_cons: 118.85626239737353
finished_reconf: true
global_termination_time: 611225.683
local_termination_time: 120446.45347999995
node_cons: 12537.198182242862
tot_aggregated_send: 0
tot_msg_rcv: 9127
tot_msg_sent: 8939
tot_reconf_duration: 3.05
tot_sleeping_duration: 601865.6708399978
tot_uptimes: 157
tot_uptimes_duration: 9360.012160002138
