comms_cons: 61.659583999880525
finished_reconf: true
global_termination_time: 611120.688
local_termination_time: 129692.05847999996
node_cons: 12543.700265604899
tot_aggregated_send: 8294
tot_msg_rcv: 324
tot_msg_sent: 753
tot_reconf_duration: 7.819999999999999
tot_sleeping_duration: 601760.6575999963
tot_uptimes: 157
tot_uptimes_duration: 9360.030400003641
