comms_cons: 1.326425600002146
finished_reconf: true
global_termination_time: 5841.633
local_termination_time: 1486.6754800000006
node_cons: 100.85938000000017
tot_aggregated_send: 0
tot_msg_rcv: 153
tot_msg_sent: 48
tot_reconf_duration: 15.110000000000001
tot_sleeping_duration: 5781.633
tot_uptimes: 2
tot_uptimes_duration: 60.0
