comms_cons: 37.90613760033305
finished_reconf: true
global_termination_time: 381719.455
local_termination_time: 18582.235
node_cons: 7802.84223367946
tot_aggregated_send: 4869
tot_msg_rcv: 341
tot_msg_sent: 550
tot_reconf_duration: 4.8100000000000005
tot_sleeping_duration: 375896.9678800004
tot_uptimes: 98
tot_uptimes_duration: 5822.487119999589
