comms_cons: 79.13150080880706
finished_reconf: true
global_termination_time: 345469.2294800005
local_termination_time: 345469.2294800005
node_cons: 7173.03429641364
tot_aggregated_send: 0
tot_msg_rcv: 6847
tot_msg_sent: 5178
tot_reconf_duration: 37.410000000000004
tot_sleeping_duration: 340150.1618799903
tot_uptimes: 89
tot_uptimes_duration: 5319.067600010174
