comms_cons: 32.882841600374434
finished_reconf: true
global_termination_time: 170642.519
local_termination_time: 6365.249360000001
node_cons: 3485.3787000000025
tot_aggregated_send: 0
tot_msg_rcv: 2525
tot_msg_sent: 2473
tot_reconf_duration: 22.65
tot_sleeping_duration: 168062.519
tot_uptimes: 44
tot_uptimes_duration: 2580.0
