comms_cons: 16.842751999930574
finished_reconf: true
global_termination_time: 167048.45
local_termination_time: 108061.18635999995
node_cons: 3378.430041119137
tot_aggregated_send: 2204
tot_msg_rcv: 125
tot_msg_sent: 231
tot_reconf_duration: 3.05
tot_sleeping_duration: 164528.44392000063
tot_uptimes: 43
tot_uptimes_duration: 2520.006079999366
