comms_cons: 224.78695038300174
finished_reconf: true
global_termination_time: 2226887.9
local_termination_time: 18593.92348
node_cons: 45818.61225154467
tot_aggregated_send: 30914
tot_msg_rcv: 1108
tot_msg_sent: 2143
tot_reconf_duration: 18.21
tot_sleeping_duration: 2192687.837960011
tot_uptimes: 571
tot_uptimes_duration: 34200.06203998893
