comms_cons: 226.9172351918896
finished_reconf: true
global_termination_time: 2226433.613
local_termination_time: 467367.2043600001
node_cons: 45797.99888781754
tot_aggregated_send: 30682
tot_msg_rcv: 1423
tot_msg_sent: 2385
tot_reconf_duration: 3.05
tot_sleeping_duration: 2192233.570440016
tot_uptimes: 571
tot_uptimes_duration: 34200.04255998356
