comms_cons: 112.53784319863018
finished_reconf: true
global_termination_time: 1149378.278
local_termination_time: 527258.9793599978
node_cons: 23629.237123037063
tot_aggregated_send: 16820
tot_msg_rcv: 63
tot_msg_sent: 223
tot_reconf_duration: 5.57
tot_sleeping_duration: 1131736.998640002
tot_uptimes: 295
tot_uptimes_duration: 17641.279359997832
