comms_cons: 112.99775999612756
finished_reconf: true
global_termination_time: 1148952.478
local_termination_time: 572923.7927199989
node_cons: 23654.317400000098
tot_aggregated_send: 16472
tot_msg_rcv: 236
tot_msg_sent: 467
tot_reconf_duration: 25.299999999999997
tot_sleeping_duration: 1131312.478
tot_uptimes: 295
tot_uptimes_duration: 17640.0
