comms_cons: 113.46458879803102
finished_reconf: true
global_termination_time: 1146958.351999998
local_termination_time: 1146958.351999998
node_cons: 23657.49115847851
tot_aggregated_send: 16458
tot_msg_rcv: 208
tot_msg_sent: 578
tot_reconf_duration: 24.59
tot_sleeping_duration: 1129315.2616799993
tot_uptimes: 294
tot_uptimes_duration: 17643.090319998853
