comms_cons: 1.3224191999956318
finished_reconf: true
global_termination_time: 9230.074480000001
local_termination_time: 9230.033360000001
node_cons: 229.8412198400071
tot_aggregated_send: 0
tot_msg_rcv: 102
tot_msg_sent: 98
tot_reconf_duration: 37.410000000000004
tot_sleeping_duration: 9096.363919999996
tot_uptimes: 3
tot_uptimes_duration: 133.710560000005
