comms_cons: 1.4803199999993306
finished_reconf: true
global_termination_time: 14800.34
local_termination_time: 5637.906360000001
node_cons: 261.5393800000008
tot_aggregated_send: 0
tot_msg_rcv: 121
tot_msg_sent: 104
tot_reconf_duration: 15.110000000000001
tot_sleeping_duration: 14620.34
tot_uptimes: 4
tot_uptimes_duration: 180.0
