comms_cons: 33.03416320369692
finished_reconf: true
global_termination_time: 333870.473
local_termination_time: 189.24711999999997
node_cons: 6829.043450000007
tot_aggregated_send: 0
tot_msg_rcv: 0
tot_msg_sent: 0
tot_reconf_duration: 7.55
tot_sleeping_duration: 328770.473
tot_uptimes: 86
tot_uptimes_duration: 5100.0
