comms_cons: 396.3925504291933
finished_reconf: true
global_termination_time: 4064592.017
local_termination_time: 2605285.573359998
node_cons: 83589.25123638574
tot_aggregated_send: 56608
tot_msg_rcv: 1045
tot_msg_sent: 2597
tot_reconf_duration: 15.34
tot_sleeping_duration: 4002180.9494000087
tot_uptimes: 1041
tot_uptimes_duration: 62411.0675999911
