comms_cons: 407.42993285190187
finished_reconf: true
global_termination_time: 4064026.165
local_termination_time: 436789.7470800006
node_cons: 83569.82532893404
tot_aggregated_send: 57014
tot_msg_rcv: 1604
tot_msg_sent: 3306
tot_reconf_duration: 11.899999999999999
tot_sleeping_duration: 4001626.1163600176
tot_uptimes: 1041
tot_uptimes_duration: 62400.04863998224
