comms_cons: 406.6510528471508
finished_reconf: true
global_termination_time: 4064718.631
local_termination_time: 909182.76336
node_cons: 83564.2846889345
tot_aggregated_send: 55796
tot_msg_rcv: 2060
tot_msg_sent: 3952
tot_reconf_duration: 7.819999999999999
tot_sleeping_duration: 4002318.5823600176
tot_uptimes: 1041
tot_uptimes_duration: 62400.04863998247
