comms_cons: 33.970720000805464
finished_reconf: true
global_termination_time: 328480.405
local_termination_time: 139732.45420000065
node_cons: 6779.3431233642905
tot_aggregated_send: 4292
tot_msg_rcv: 358
tot_msg_sent: 513
tot_reconf_duration: 22.65
tot_sleeping_duration: 323440.3867599968
tot_uptimes: 85
tot_uptimes_duration: 5040.018240003206
