comms_cons: 64.09659520688867
finished_reconf: true
global_termination_time: 326672.43
local_termination_time: 286.6680399999998
node_cons: 6702.593682241739
tot_aggregated_send: 0
tot_msg_rcv: 4943
tot_msg_sent: 4796
tot_reconf_duration: 25.299999999999997
tot_sleeping_duration: 321692.4178399987
tot_uptimes: 84
tot_uptimes_duration: 4980.0121600012935
