comms_cons: 125.70406398900045
finished_reconf: true
global_termination_time: 636090.935
local_termination_time: 2360.8954400000007
node_cons: 13045.85498224288
tot_aggregated_send: 0
tot_msg_rcv: 9721
tot_msg_sent: 9383
tot_reconf_duration: 22.65
tot_sleeping_duration: 626370.9228399979
tot_uptimes: 163
tot_uptimes_duration: 9720.012160002138
