comms_cons: 62.404339200177226
finished_reconf: true
global_termination_time: 635297.022
local_termination_time: 51419.219600000026
node_cons: 13021.049761119179
tot_aggregated_send: 9222
tot_msg_rcv: 93
tot_msg_sent: 170
tot_reconf_duration: 4.390000000000001
tot_sleeping_duration: 625577.0159200006
tot_uptimes: 163
tot_uptimes_duration: 9720.006079999366
