comms_cons: 24.94832639977271
finished_reconf: true
global_termination_time: 251321.374
local_termination_time: 70683.3453999998
node_cons: 5157.118980000021
tot_aggregated_send: 3538
tot_msg_rcv: 90
tot_msg_sent: 164
tot_reconf_duration: 11.31
tot_sleeping_duration: 247481.374
tot_uptimes: 65
tot_uptimes_duration: 3840.0
