comms_cons: 239.34194557761825
finished_reconf: true
global_termination_time: 2357003.871
local_termination_time: 862263.2204799999
node_cons: 48449.21074670043
tot_aggregated_send: 31552
tot_msg_rcv: 1655
tot_msg_sent: 3172
tot_reconf_duration: 3.05
tot_sleeping_duration: 2320823.834520014
tot_uptimes: 604
tot_uptimes_duration: 36180.03647998581
