comms_cons: 138.80611838816642
finished_reconf: true
global_termination_time: 1373532.841
local_termination_time: 410289.39456000074
node_cons: 28224.10988558883
tot_aggregated_send: 18676
tot_msg_rcv: 836
tot_msg_sent: 1585
tot_reconf_duration: 18.21
tot_sleeping_duration: 1352472.8106000083
tot_uptimes: 352
tot_uptimes_duration: 21060.030399991607
