comms_cons: 139.20238078470405
finished_reconf: true
global_termination_time: 1372228.043
local_termination_time: 178497.70936000004
node_cons: 28220.228707827064
tot_aggregated_send: 18270
tot_msg_rcv: 994
tot_msg_sent: 1893
tot_reconf_duration: 15.34
tot_sleeping_duration: 1351168.0004400099
tot_uptimes: 352
tot_uptimes_duration: 21060.04255999031
