comms_cons: 136.38666879083107
finished_reconf: true
global_termination_time: 1372944.343
local_termination_time: 393851.5975600002
node_cons: 28206.322787831636
tot_aggregated_send: 17516
tot_msg_rcv: 1115
tot_msg_sent: 2100
tot_reconf_duration: 5.1
tot_sleeping_duration: 1351884.3004400062
tot_uptimes: 352
tot_uptimes_duration: 21060.042559993744
