comms_cons: 137.1373247916005
finished_reconf: true
global_termination_time: 1373567.863
local_termination_time: 526540.40236
node_cons: 28233.7462467103
tot_aggregated_send: 18618
tot_msg_rcv: 790
tot_msg_sent: 1436
tot_reconf_duration: 25.299999999999997
tot_sleeping_duration: 1352507.826520007
tot_uptimes: 352
tot_uptimes_duration: 21060.036479992676
