comms_cons: 136.11813118791272
finished_reconf: true
global_termination_time: 1372000.28
local_termination_time: 355490.65436000004
node_cons: 28211.768367827048
tot_aggregated_send: 17516
tot_msg_rcv: 1176
tot_msg_sent: 1998
tot_reconf_duration: 9.11
tot_sleeping_duration: 1350940.2374400098
tot_uptimes: 352
tot_uptimes_duration: 21060.04255999031
