comms_cons: 138.53454079096647
finished_reconf: true
global_termination_time: 1374786.023
local_termination_time: 590967.2183999992
node_cons: 28305.139728953032
tot_aggregated_send: 18676
tot_msg_rcv: 720
tot_msg_sent: 1659
tot_reconf_duration: 18.700000000000003
tot_sleeping_duration: 1353665.9743600052
tot_uptimes: 353
tot_uptimes_duration: 21120.048639994813
