comms_cons: 122.7290239936507
finished_reconf: true
global_termination_time: 617634.879
local_termination_time: 415617.0893600001
node_cons: 12724.486841121481
tot_aggregated_send: 0
tot_msg_rcv: 9509
tot_msg_sent: 9146
tot_reconf_duration: 22.65
tot_sleeping_duration: 608154.872919999
tot_uptimes: 159
tot_uptimes_duration: 9480.006080001069
