comms_cons: 65.15694080081091
finished_reconf: true
global_termination_time: 616535.5195999998
local_termination_time: 616535.4784799998
node_cons: 12682.693972965739
tot_aggregated_send: 7630
tot_msg_rcv: 785
tot_msg_sent: 1479
tot_reconf_duration: 37.410000000000004
tot_sleeping_duration: 607101.6949599955
tot_uptimes: 158
tot_uptimes_duration: 9433.824640004263
