comms_cons: 64.90721279979023
finished_reconf: true
global_termination_time: 617105.957
local_termination_time: 193680.43936000005
node_cons: 12697.96776895765
tot_aggregated_send: 8120
tot_msg_rcv: 692
tot_msg_sent: 1054
tot_reconf_duration: 3.08
tot_sleeping_duration: 607625.9083600019
tot_uptimes: 159
tot_uptimes_duration: 9480.048639998247
