comms_cons: 64.82593280000248
finished_reconf: true
global_termination_time: 617545.352
local_termination_time: 190443.98452000038
node_cons: 12699.70604336433
tot_aggregated_send: 7946
tot_msg_rcv: 688
tot_msg_sent: 1219
tot_reconf_duration: 4.390000000000001
tot_sleeping_duration: 608065.3337599967
tot_uptimes: 159
tot_uptimes_duration: 9480.018240003206
