comms_cons: 156.83496959631432
finished_reconf: true
global_termination_time: 1590218.448
local_termination_time: 1133369.6123599997
node_cons: 32705.30579999986
tot_aggregated_send: 22852
tot_msg_rcv: 348
tot_msg_sent: 638
tot_reconf_duration: 5.1
tot_sleeping_duration: 1565798.448
tot_uptimes: 408
tot_uptimes_duration: 24420.0
