comms_cons: 157.6031615897658
finished_reconf: true
global_termination_time: 1588500.916
local_termination_time: 946162.147119998
node_cons: 32706.84304223386
tot_aggregated_send: 21750
tot_msg_rcv: 634
tot_msg_sent: 1571
tot_reconf_duration: 6.22
tot_sleeping_duration: 1564080.9038400047
tot_uptimes: 407
tot_uptimes_duration: 24420.012159995284
