comms_cons: 159.1383167873853
finished_reconf: true
global_termination_time: 1588467.93924
local_termination_time: 62807.82524000019
node_cons: 32659.146771659638
tot_aggregated_send: 21634
tot_msg_rcv: 863
tot_msg_sent: 1692
tot_reconf_duration: 11.31
tot_sleeping_duration: 1564088.7101200153
tot_uptimes: 407
tot_uptimes_duration: 24379.22911998476
