comms_cons: 158.56404479321407
finished_reconf: true
global_termination_time: 1591777.129
local_termination_time: 837261.5963599999
node_cons: 32719.211720000007
tot_aggregated_send: 22620
tot_msg_rcv: 508
tot_msg_sent: 972
tot_reconf_duration: 15.34
tot_sleeping_duration: 1567357.129
tot_uptimes: 408
tot_uptimes_duration: 24420.0
