comms_cons: 306.07508481629213
finished_reconf: true
global_termination_time: 3049382.664
local_termination_time: 1866915.03336
node_cons: 62672.78034223284
tot_aggregated_send: 41644
tot_msg_rcv: 1640
tot_msg_sent: 3237
tot_reconf_duration: 5.57
tot_sleeping_duration: 3002582.6518400046
tot_uptimes: 781
tot_uptimes_duration: 46800.01215999552
