comms_cons: 303.61859200759056
finished_reconf: true
global_termination_time: 3048889.148
local_termination_time: 1198114.7582799993
node_cons: 62682.408527826265
tot_aggregated_send: 42166
tot_msg_rcv: 1312
tot_msg_sent: 2670
tot_reconf_duration: 12.629999999999999
tot_sleeping_duration: 3002089.1054400094
tot_uptimes: 781
tot_uptimes_duration: 46800.04255999054
