comms_cons: 61.943168000931664
finished_reconf: true
global_termination_time: 594410.2792400001
local_termination_time: 229185.82244000022
node_cons: 12255.501606084035
tot_aggregated_send: 6960
tot_msg_rcv: 857
tot_msg_sent: 1597
tot_reconf_duration: 18.21
tot_sleeping_duration: 585276.020519997
tot_uptimes: 153
tot_uptimes_duration: 9134.25872000301
