comms_cons: 61.31814399997827
finished_reconf: true
global_termination_time: 595135.014
local_termination_time: 250472.32336000004
node_cons: 12215.838182242862
tot_aggregated_send: 8062
tot_msg_rcv: 502
tot_msg_sent: 756
tot_reconf_duration: 3.05
tot_sleeping_duration: 586015.0018399978
tot_uptimes: 153
tot_uptimes_duration: 9120.012160002138
