comms_cons: 741.1664064620887
finished_reconf: true
global_termination_time: 2548007.228
local_termination_time: 1683140.2462799982
node_cons: 103753.28577086957
tot_aggregated_send: 0
tot_msg_rcv: 37804
tot_msg_sent: 74850
tot_reconf_duration: 18.21
tot_sleeping_duration: 2470540.046080006
tot_uptimes: 1281
tot_uptimes_duration: 77467.18191999444
