comms_cons: 254.87288320413163
finished_reconf: true
global_termination_time: 2547470.435
local_termination_time: 962234.865
node_cons: 52393.10316510651
tot_aggregated_send: 35783
tot_msg_rcv: 923
tot_msg_sent: 2034
tot_reconf_duration: 5.57
tot_sleeping_duration: 2508347.5529200095
tot_uptimes: 653
tot_uptimes_duration: 39122.88207999058
