comms_cons: 255.6795904002227
finished_reconf: true
global_termination_time: 2549175.311
local_termination_time: 1000982.7513599999
node_cons: 52388.62208223283
tot_aggregated_send: 35728
tot_msg_rcv: 1045
tot_msg_sent: 2088
tot_reconf_duration: 5.1
tot_sleeping_duration: 2510055.298840005
tot_uptimes: 653
tot_uptimes_duration: 39120.01215999527
