comms_cons: 265.3501503759122
finished_reconf: true
global_termination_time: 2632940.088
local_termination_time: 461149.5538000007
node_cons: 54155.79781452714
tot_aggregated_send: 35612
tot_msg_rcv: 1641
tot_msg_sent: 3079
tot_reconf_duration: 4.8100000000000005
tot_sleeping_duration: 2592500.008960024
tot_uptimes: 675
tot_uptimes_duration: 40440.07903997612
