comms_cons: 268.9828735987737
finished_reconf: true
global_termination_time: 2635059.815
local_termination_time: 2192.92184
node_cons: 54155.28444237252
tot_aggregated_send: 35090
tot_msg_rcv: 1997
tot_msg_sent: 3795
tot_reconf_duration: 4.390000000000001
tot_sleeping_duration: 2594619.69340002
tot_uptimes: 675
tot_uptimes_duration: 40440.12159998013
