comms_cons: 265.8989952062949
finished_reconf: true
global_termination_time: 2629818.738
local_termination_time: 222954.75608000017
node_cons: 54073.09215787826
tot_aggregated_send: 35728
tot_msg_rcv: 1650
tot_msg_sent: 3038
tot_reconf_duration: 3.05
tot_sleeping_duration: 2589438.6407200303
tot_uptimes: 674
tot_uptimes_duration: 40380.09727996949
