comms_cons: 522.9638529129031
finished_reconf: true
global_termination_time: 2629576.536239997
local_termination_time: 2172.030480000002
node_cons: 54103.30397053358
tot_aggregated_send: 0
tot_msg_rcv: 40432
tot_msg_sent: 39049
tot_reconf_duration: 11.31
tot_sleeping_duration: 2589182.253200016
tot_uptimes: 674
tot_uptimes_duration: 40394.28303998092
