comms_cons: 266.262003195328
finished_reconf: true
global_termination_time: 2631175.039
local_termination_time: 2197.8160800000005
node_cons: 54076.28349229871
tot_aggregated_send: 35670
tot_msg_rcv: 1594
tot_msg_sent: 3205
tot_reconf_duration: 5.43
tot_sleeping_duration: 2590794.972120015
tot_uptimes: 674
tot_uptimes_duration: 40380.06687998475
