comms_cons: 89.69423359753813
finished_reconf: true
global_termination_time: 903295.096
local_termination_time: 303266.57412000047
node_cons: 18569.15956000004
tot_aggregated_send: 12992
tot_msg_rcv: 242
tot_msg_sent: 399
tot_reconf_duration: 7.819999999999999
tot_sleeping_duration: 889435.096
tot_uptimes: 232
tot_uptimes_duration: 13860.0
