comms_cons: 138.39347199911938
finished_reconf: true
global_termination_time: 1431774.777
local_termination_time: 5870.322999999999
node_cons: 29433.881440000045
tot_aggregated_send: 20743
tot_msg_rcv: 95
tot_msg_sent: 197
tot_reconf_duration: 21.68
tot_sleeping_duration: 1409814.777
tot_uptimes: 367
tot_uptimes_duration: 21960.0
