comms_cons: 65.6669952003999
finished_reconf: true
global_termination_time: 670850.009
local_termination_time: 215165.81236000004
node_cons: 13768.906841121445
tot_aggregated_send: 9512
tot_msg_rcv: 198
tot_msg_sent: 271
tot_reconf_duration: 22.65
tot_sleeping_duration: 660590.0029199988
tot_uptimes: 172
tot_uptimes_duration: 10260.006080001069
