comms_cons: 66.0886912003201
finished_reconf: true
global_termination_time: 670789.915
local_termination_time: 221959.317480001
node_cons: 13745.64211272138
tot_aggregated_send: 9338
tot_msg_rcv: 217
tot_msg_sent: 491
tot_reconf_duration: 4.390000000000001
tot_sleeping_duration: 660528.764519999
tot_uptimes: 172
tot_uptimes_duration: 10261.150480001
