comms_cons: 155.7822975813159
finished_reconf: true
global_termination_time: 1520391.109
local_termination_time: 380798.36292000033
node_cons: 31256.450746705705
tot_aggregated_send: 20300
tot_msg_rcv: 1108
tot_msg_sent: 2270
tot_reconf_duration: 3.05
tot_sleeping_duration: 1497051.0725200106
tot_uptimes: 390
tot_uptimes_duration: 23340.03647998924
