comms_cons: 1.565849599994827
finished_reconf: true
global_termination_time: 10201.47748000001
local_termination_time: 2846.9883600000003
node_cons: 250.70384872001438
tot_aggregated_send: 0
tot_msg_rcv: 131
tot_msg_sent: 106
tot_reconf_duration: 15.34
tot_sleeping_duration: 10029.803
tot_uptimes: 3
tot_uptimes_duration: 171.6744800000106
