comms_cons: 25.350284799975345
finished_reconf: true
global_termination_time: 259250.425
local_termination_time: 125592.471
node_cons: 5322.430382719241
tot_aggregated_send: 3648
tot_msg_rcv: 34
tot_msg_sent: 172
tot_reconf_duration: 11.899999999999999
tot_sleeping_duration: 255287.56452000057
tot_uptimes: 67
tot_uptimes_duration: 3962.860479999421
