comms_cons: 25.237811199887794
finished_reconf: true
global_termination_time: 249534.068
local_termination_time: 21283.177359999998
node_cons: 5067.389761120012
tot_aggregated_send: 3306
tot_msg_rcv: 185
tot_msg_sent: 345
tot_reconf_duration: 4.390000000000001
tot_sleeping_duration: 245754.06191999998
tot_uptimes: 64
tot_uptimes_duration: 3780.0060800000065
