comms_cons: 377.4230140882812
finished_reconf: true
global_termination_time: 2669586.093
local_termination_time: 1815338.15536
node_cons: 54887.59526223283
tot_aggregated_send: 0
tot_msg_rcv: 28879
tot_msg_sent: 28488
tot_reconf_duration: 11.31
tot_sleeping_duration: 2628606.0808400046
tot_uptimes: 684
tot_uptimes_duration: 40980.01215999527
