comms_cons: 98.62923519572958
finished_reconf: true
global_termination_time: 969805.17124
local_termination_time: 104966.22279999957
node_cons: 19951.272372719774
tot_aggregated_send: 13108
tot_msg_rcv: 636
tot_msg_sent: 1247
tot_reconf_duration: 4.8100000000000005
tot_sleeping_duration: 954909.9207600002
tot_uptimes: 249
tot_uptimes_duration: 14895.250479999813
