comms_cons: 93.70754560024261
finished_reconf: true
global_termination_time: 970927.424
local_termination_time: 721012.0004399995
node_cons: 19939.678979999946
tot_aggregated_send: 13688
tot_msg_rcv: 190
tot_msg_sent: 365
tot_reconf_duration: 11.31
tot_sleeping_duration: 956047.424
tot_uptimes: 249
tot_uptimes_duration: 14880.0
