comms_cons: 104.52365439160982
finished_reconf: true
global_termination_time: 1054990.584
local_termination_time: 4459.942
node_cons: 21702.10988783625
tot_aggregated_send: 13854
tot_msg_rcv: 666
tot_msg_sent: 1367
tot_reconf_duration: 7.55
tot_sleeping_duration: 1038790.5414400029
tot_uptimes: 271
tot_uptimes_duration: 16200.042559997179
