comms_cons: 69.51645439840769
finished_reconf: true
global_termination_time: 705446.853
local_termination_time: 40220.944360000016
node_cons: 14477.360200000023
tot_aggregated_send: 10208
tot_msg_rcv: 136
tot_msg_sent: 222
tot_reconf_duration: 11.899999999999999
tot_sleeping_duration: 694646.853
tot_uptimes: 181
tot_uptimes_duration: 10800.0
