comms_cons: 95.32171519748923
finished_reconf: true
global_termination_time: 951724.727
local_termination_time: 525531.9114799999
node_cons: 19528.589761116877
tot_aggregated_send: 13224
tot_msg_rcv: 394
tot_msg_sent: 870
tot_reconf_duration: 4.390000000000001
tot_sleeping_duration: 937144.7209200023
tot_uptimes: 244
tot_uptimes_duration: 14580.006079997635
