comms_cons: 219.17230074546285
finished_reconf: true
global_termination_time: 746734.4901199989
local_termination_time: 746734.448999999
node_cons: 30720.448776080666
tot_aggregated_send: 0
tot_msg_rcv: 11189
tot_msg_sent: 22125
tot_reconf_duration: 37.410000000000004
tot_sleeping_duration: 723829.6013999985
tot_uptimes: 379
tot_uptimes_duration: 22904.888720000454
