comms_cons: 73.56861440007188
finished_reconf: true
global_termination_time: 746932.108
local_termination_time: 120462.02003999954
node_cons: 15350.90162000002
tot_aggregated_send: 10846
tot_msg_rcv: 108
tot_msg_sent: 228
tot_reconf_duration: 4.390000000000001
tot_sleeping_duration: 735472.108
tot_uptimes: 192
tot_uptimes_duration: 11460.0
