comms_cons: 74.08837120043523
finished_reconf: true
global_termination_time: 748218.899
local_termination_time: 20750.12448
node_cons: 15360.298980000058
tot_aggregated_send: 10730
tot_msg_rcv: 193
tot_msg_sent: 338
tot_reconf_duration: 11.31
tot_sleeping_duration: 736758.8989999999
tot_uptimes: 192
tot_uptimes_duration: 11460.00000000003
