comms_cons: 74.42391039808317
finished_reconf: true
global_termination_time: 749027.131
local_termination_time: 91680.89659999995
node_cons: 15352.313940000035
tot_aggregated_send: 10614
tot_msg_rcv: 239
tot_msg_sent: 459
tot_reconf_duration: 5.43
tot_sleeping_duration: 737567.131
tot_uptimes: 192
tot_uptimes_duration: 11460.0
