comms_cons: 131.53857279668324
finished_reconf: true
global_termination_time: 1330740.897
local_termination_time: 338865.7652800004
node_cons: 27319.741900000106
tot_aggregated_send: 18966
tot_msg_rcv: 389
tot_msg_sent: 638
tot_reconf_duration: 3.05
tot_sleeping_duration: 1310340.897
tot_uptimes: 341
tot_uptimes_duration: 20400.0
