comms_cons: 130.58458879795097
finished_reconf: true
global_termination_time: 1329196.971
local_termination_time: 306961.420600001
node_cons: 27343.180943522813
tot_aggregated_send: 19314
tot_msg_rcv: 134
tot_msg_sent: 400
tot_reconf_duration: 11.31
tot_sleeping_duration: 1308787.843319998
tot_uptimes: 341
tot_uptimes_duration: 20409.12768000207
