comms_cons: 53.26520320102339
finished_reconf: true
global_termination_time: 552102.247
local_termination_time: 241565.78548000054
node_cons: 11336.41118336431
tot_aggregated_send: 7308
tot_msg_rcv: 229
tot_msg_sent: 559
tot_reconf_duration: 6.22
tot_sleeping_duration: 543642.2287599968
tot_uptimes: 142
tot_uptimes_duration: 8460.018240003206
