comms_cons: 442.7815168822971
finished_reconf: true
global_termination_time: 4466828.14
local_termination_time: 2077107.9463599997
node_cons: 91846.55370670029
tot_aggregated_send: 62234
tot_msg_rcv: 1702
tot_msg_sent: 3363
tot_reconf_duration: 13.17
tot_sleeping_duration: 4398248.103520012
tot_uptimes: 1144
tot_uptimes_duration: 68580.0364799872
