comms_cons: 445.8628544646599
finished_reconf: true
global_termination_time: 4461565.407
local_termination_time: 1743977.1552799994
node_cons: 91759.34763116845
tot_aggregated_send: 61364
tot_msg_rcv: 2281
tot_msg_sent: 4123
tot_reconf_duration: 8.09
tot_sleeping_duration: 4393045.346200021
tot_uptimes: 1143
tot_uptimes_duration: 68520.06079997821
