comms_cons: 446.48323846753124
finished_reconf: true
global_termination_time: 4460841.383119997
local_termination_time: 168295.4156000001
node_cons: 91799.4935853157
tot_aggregated_send: 62582
tot_msg_rcv: 1722
tot_msg_sent: 3558
tot_reconf_duration: 22.65
tot_sleeping_duration: 4392306.106880028
tot_uptimes: 1143
tot_uptimes_duration: 68535.27623996878
