comms_cons: 448.92540806079154
finished_reconf: true
global_termination_time: 4465867.777
local_termination_time: 777433.9748399998
node_cons: 91841.51187443847
tot_aggregated_send: 62234
tot_msg_rcv: 1934
tot_msg_sent: 4066
tot_reconf_duration: 9.42
tot_sleeping_duration: 4397287.702680029
tot_uptimes: 1144
tot_uptimes_duration: 68580.0743199708
