comms_cons: 449.1696576851953
finished_reconf: true
global_termination_time: 4462454.797
local_termination_time: 582502.0326399981
node_cons: 91765.57058170966
tot_aggregated_send: 61944
tot_msg_rcv: 2029
tot_msg_sent: 4298
tot_reconf_duration: 12.629999999999999
tot_sleeping_duration: 4393934.693160037
tot_uptimes: 1143
tot_uptimes_duration: 68520.10383996426
