comms_cons: 442.2819520426024
finished_reconf: true
global_termination_time: 4461610.406
local_termination_time: 2735067.0443599997
node_cons: 91763.68782670013
tot_aggregated_send: 62234
tot_msg_rcv: 1683
tot_msg_sent: 3307
tot_reconf_duration: 11.31
tot_sleeping_duration: 4393090.369520013
tot_uptimes: 1143
tot_uptimes_duration: 68520.03647998697
