comms_cons: 438.7259648380258
finished_reconf: true
global_termination_time: 4462954.5
local_termination_time: 2896704.9113600003
node_cons: 91755.68650446601
tot_aggregated_send: 62408
tot_msg_rcv: 1314
tot_msg_sent: 2962
tot_reconf_duration: 5.43
tot_sleeping_duration: 4394434.4756800085
tot_uptimes: 1143
tot_uptimes_duration: 68520.02431999124
