comms_cons: 13.67878399958031
finished_reconf: true
global_termination_time: 129833.146
local_termination_time: 54366.45936000001
node_cons: 2682.003123357445
tot_aggregated_send: 1276
tot_msg_rcv: 235
tot_msg_sent: 568
tot_reconf_duration: 22.65
tot_sleeping_duration: 127853.1277600019
tot_uptimes: 34
tot_uptimes_duration: 1980.0182399980986
