comms_cons: 43.8898432004413
finished_reconf: true
global_termination_time: 447680.046
local_termination_time: 171184.34536000006
node_cons: 9165.30012112144
tot_aggregated_send: 6148
tot_msg_rcv: 118
tot_msg_sent: 405
tot_reconf_duration: 4.8100000000000005
tot_sleeping_duration: 440840.0399199989
tot_uptimes: 115
tot_uptimes_duration: 6840.006080001069
