comms_cons: 133.2491647895832
finished_reconf: true
global_termination_time: 1280361.603
local_termination_time: 707449.8993199986
node_cons: 26279.805933438845
tot_aggregated_send: 16994
tot_msg_rcv: 1279
tot_msg_sent: 1981
tot_reconf_duration: 6.279999999999999
tot_sleeping_duration: 1260741.5300400008
tot_uptimes: 328
tot_uptimes_duration: 19620.072959999085
