comms_cons: 125.67201919166244
finished_reconf: true
global_termination_time: 1279943.347
local_termination_time: 769759.8283599999
node_cons: 26305.553682233767
tot_aggregated_send: 17226
tot_msg_rcv: 636
tot_msg_sent: 1237
tot_reconf_duration: 25.299999999999997
tot_sleeping_duration: 1260323.3348400048
tot_uptimes: 328
tot_uptimes_duration: 19620.01215999527
