comms_cons: 132.76754558639487
finished_reconf: true
global_termination_time: 1278787.221
local_termination_time: 784321.6905999997
node_cons: 26275.452192298933
tot_aggregated_send: 16588
tot_msg_rcv: 1257
tot_msg_sent: 2335
tot_reconf_duration: 3.08
tot_sleeping_duration: 1259167.1541200157
tot_uptimes: 328
tot_uptimes_duration: 19620.066879984282
