comms_cons: 130.12147198923128
finished_reconf: true
global_termination_time: 1278437.132
local_termination_time: 371082.4483600001
node_cons: 26301.971264467404
tot_aggregated_send: 17342
tot_msg_rcv: 850
tot_msg_sent: 1585
tot_reconf_duration: 22.65
tot_sleeping_duration: 1258817.1076800094
tot_uptimes: 328
tot_uptimes_duration: 19620.024319990538
