comms_cons: 127.99873279161316
finished_reconf: true
global_termination_time: 1282409.105
local_termination_time: 747135.2585999988
node_cons: 26376.955305588737
tot_aggregated_send: 17342
tot_msg_rcv: 667
tot_msg_sent: 1447
tot_reconf_duration: 18.700000000000003
tot_sleeping_duration: 1262729.0746000083
tot_uptimes: 329
tot_uptimes_duration: 19680.030399991607
