comms_cons: 190.22440959048845
finished_reconf: true
global_termination_time: 1927216.517
local_termination_time: 735578.6918399998
node_cons: 39614.545799999716
tot_aggregated_send: 27376
tot_msg_rcv: 495
tot_msg_sent: 1042
tot_reconf_duration: 5.1
tot_sleeping_duration: 1897636.517
tot_uptimes: 494
tot_uptimes_duration: 29580.0
