comms_cons: 191.61822718924265
finished_reconf: true
global_termination_time: 1925750.1073999992
local_termination_time: 1925750.0662799992
node_cons: 39699.30855583696
tot_aggregated_send: 27408
tot_msg_rcv: 531
tot_msg_sent: 1184
tot_reconf_duration: 37.410000000000004
tot_sleeping_duration: 1896139.5728400014
tot_uptimes: 494
tot_uptimes_duration: 29610.534559997905
