comms_cons: 192.82977278991228
finished_reconf: true
global_termination_time: 1927330.826
local_termination_time: 482395.9334000004
node_cons: 39618.60621999979
tot_aggregated_send: 27608
tot_msg_rcv: 721
tot_msg_sent: 980
tot_reconf_duration: 8.09
tot_sleeping_duration: 1897750.826
tot_uptimes: 494
tot_uptimes_duration: 29580.0
