comms_cons: 189.58078079556185
finished_reconf: true
global_termination_time: 1927628.504
local_termination_time: 1201503.4775599993
node_cons: 39620.4218936768
tot_aggregated_send: 28014
tot_msg_rcv: 284
tot_msg_sent: 517
tot_reconf_duration: 9.42
tot_sleeping_duration: 1898048.496880002
tot_uptimes: 494
tot_uptimes_duration: 29580.00711999787
