comms_cons: 195.11100157796727
finished_reconf: true
global_termination_time: 1929608.607
local_termination_time: 689686.8729599988
node_cons: 39698.68207380019
tot_aggregated_send: 25984
tot_msg_rcv: 1228
tot_msg_sent: 2444
tot_reconf_duration: 7.819999999999999
tot_sleeping_duration: 1899968.5304400297
tot_uptimes: 495
tot_uptimes_duration: 29640.07655997039
