comms_cons: 433.0943168777152
finished_reconf: true
global_termination_time: 4283469.992
local_termination_time: 1321452.84436
node_cons: 88063.68320781684
tot_aggregated_send: 58928
tot_msg_rcv: 2426
tot_msg_sent: 4473
tot_reconf_duration: 8.09
tot_sleeping_duration: 4217709.9494400155
tot_uptimes: 1097
tot_uptimes_duration: 65760.04255998437
