comms_cons: 432.09840648043917
finished_reconf: true
global_termination_time: 4280711.39
local_termination_time: 1348637.4210399985
node_cons: 88065.07650893403
tot_aggregated_send: 59102
tot_msg_rcv: 2222
tot_msg_sent: 4352
tot_reconf_duration: 9.11
tot_sleeping_duration: 4214951.341360018
tot_uptimes: 1097
tot_uptimes_duration: 65760.04863998224
