comms_cons: 137.55196158967908
finished_reconf: true
global_termination_time: 1369044.733
local_termination_time: 883282.9973599999
node_cons: 28149.783123355173
tot_aggregated_send: 18328
tot_msg_rcv: 872
tot_msg_sent: 1707
tot_reconf_duration: 22.65
tot_sleeping_duration: 1348044.7147600036
tot_uptimes: 351
tot_uptimes_duration: 21000.01823999634
