comms_cons: 138.26417919037482
finished_reconf: true
global_termination_time: 1369406.07
local_termination_time: 361468.31636000006
node_cons: 28125.588967820186
tot_aggregated_send: 18096
tot_msg_rcv: 972
tot_msg_sent: 1949
tot_reconf_duration: 4.8100000000000005
tot_sleeping_duration: 1348406.0274400148
tot_uptimes: 351
tot_uptimes_duration: 21000.042559985173
