comms_cons: 135.64994559605316
finished_reconf: true
global_termination_time: 1368089.735
local_termination_time: 1142743.5123599996
node_cons: 28123.141899999788
tot_aggregated_send: 19720
tot_msg_rcv: 328
tot_msg_sent: 570
tot_reconf_duration: 3.05
tot_sleeping_duration: 1347089.735
tot_uptimes: 351
tot_uptimes_duration: 21000.0
