comms_cons: 220.45071999617375
finished_reconf: true
global_termination_time: 2255273.666
local_termination_time: 1100132.13948
node_cons: 46364.708239999505
tot_aggregated_send: 32538
tot_msg_rcv: 333
tot_msg_sent: 636
tot_reconf_duration: 6.279999999999999
tot_sleeping_duration: 2220653.666
tot_uptimes: 578
tot_uptimes_duration: 34620.0
