comms_cons: 224.23775358817696
finished_reconf: true
global_termination_time: 2250583.9964799997
local_termination_time: 2250583.9553599996
node_cons: 46327.59165983578
tot_aggregated_send: 31886
tot_msg_rcv: 680
tot_msg_sent: 1515
tot_reconf_duration: 24.59
tot_sleeping_duration: 2216010.2859200025
tot_uptimes: 577
tot_uptimes_duration: 34573.710559997475
