comms_cons: 336.7711933392237
finished_reconf: true
global_termination_time: 2253272.344
local_termination_time: 1041187.86636
node_cons: 46362.736403350034
tot_aggregated_send: 0
tot_msg_rcv: 26066
tot_msg_sent: 25121
tot_reconf_duration: 4.8100000000000005
tot_sleeping_duration: 2218652.325760007
tot_uptimes: 578
tot_uptimes_duration: 34620.0182399929
