comms_cons: 226.6844095719277
finished_reconf: true
global_termination_time: 2252294.38
local_termination_time: 1053718.53736
node_cons: 46286.483983350045
tot_aggregated_send: 29000
tot_msg_rcv: 1852
tot_msg_sent: 3601
tot_reconf_duration: 7.819999999999999
tot_sleeping_duration: 2217734.3617600068
tot_uptimes: 577
tot_uptimes_duration: 34560.0182399929
