comms_cons: 225.38097918123918
finished_reconf: true
global_termination_time: 2251237.36
local_termination_time: 1275948.618999998
node_cons: 46284.31118334992
tot_aggregated_send: 30160
tot_msg_rcv: 1425
tot_msg_sent: 2672
tot_reconf_duration: 6.22
tot_sleeping_duration: 2216677.341760007
tot_uptimes: 577
tot_uptimes_duration: 34560.0182399929
