comms_cons: 38.314016001205516
finished_reconf: true
global_termination_time: 367871.102
local_termination_time: 218343.58036000005
node_cons: 7566.8789467262895
tot_aggregated_send: 4756
tot_msg_rcv: 376
tot_msg_sent: 691
tot_reconf_duration: 10.95
tot_sleeping_duration: 362231.0655199953
tot_uptimes: 95
tot_uptimes_duration: 5640.03648000471
