comms_cons: 336.6053117378117
finished_reconf: true
global_termination_time: 1712717.2636
local_termination_time: 263.64104
node_cons: 35217.944190638074
tot_aggregated_send: 0
tot_msg_rcv: 25749
tot_msg_sent: 25413
tot_reconf_duration: 6.22
tot_sleeping_duration: 1686421.8958400013
tot_uptimes: 439
tot_uptimes_duration: 26295.367759998604
