comms_cons: 69.41055999611095
finished_reconf: true
global_termination_time: 661894.6201599983
local_termination_time: 661894.5790399984
node_cons: 13701.609450788783
tot_aggregated_send: 8384
tot_msg_rcv: 710
tot_msg_sent: 1455
tot_reconf_duration: 37.410000000000004
tot_sleeping_duration: 651699.8429600067
tot_uptimes: 170
tot_uptimes_duration: 10194.7771999916
