comms_cons: 68.40191999860829
finished_reconf: true
global_termination_time: 666401.615
local_termination_time: 145859.49436000007
node_cons: 13683.235305597991
tot_aggregated_send: 8990
tot_msg_rcv: 542
tot_msg_sent: 864
tot_reconf_duration: 18.700000000000003
tot_sleeping_duration: 656201.5846000016
tot_uptimes: 171
tot_uptimes_duration: 10200.030399998475
