comms_cons: 69.68645759837526
finished_reconf: true
global_termination_time: 665965.379
local_termination_time: 86254.75135999997
node_cons: 13666.311888966868
tot_aggregated_send: 8352
tot_msg_rcv: 724
tot_msg_sent: 1515
tot_reconf_duration: 6.22
tot_sleeping_duration: 655765.3303599948
tot_uptimes: 171
tot_uptimes_duration: 10200.048640005116
