comms_cons: 70.87234560008586
finished_reconf: true
global_termination_time: 664038.31
local_termination_time: 218154.05436000004
node_cons: 13673.19154448114
tot_aggregated_send: 8352
tot_msg_rcv: 911
tot_msg_sent: 1511
tot_reconf_duration: 11.31
tot_sleeping_duration: 653838.2856799992
tot_uptimes: 171
tot_uptimes_duration: 10200.02432000084
