comms_cons: 406.0274496389395
finished_reconf: true
global_termination_time: 4035187.325
local_termination_time: 363721.21536000003
node_cons: 82997.8171089335
tot_aggregated_send: 56144
tot_msg_rcv: 1920
tot_msg_sent: 3649
tot_reconf_duration: 4.8100000000000005
tot_sleeping_duration: 3973207.276360018
tot_uptimes: 1034
tot_uptimes_duration: 61980.048639981775
