comms_cons: 405.8755968502388
finished_reconf: true
global_termination_time: 4034939.034
local_termination_time: 1495977.6423599997
node_cons: 82997.23860781621
tot_aggregated_send: 56028
tot_msg_rcv: 1942
tot_msg_sent: 3720
tot_reconf_duration: 4.390000000000001
tot_sleeping_duration: 3972958.991440016
tot_uptimes: 1034
tot_uptimes_duration: 61980.04255998391
