comms_cons: 391.58227840839
finished_reconf: true
global_termination_time: 4000795.404
local_termination_time: 2542625.4193999995
node_cons: 82275.76476558374
tot_aggregated_send: 55738
tot_msg_rcv: 1339
tot_msg_sent: 2441
tot_reconf_duration: 5.57
tot_sleeping_duration: 3939355.3736000108
tot_uptimes: 1025
tot_uptimes_duration: 61440.030399989104
