comms_cons: 399.2221760410934
finished_reconf: true
global_termination_time: 4006143.922
local_termination_time: 1001538.6633599999
node_cons: 82369.08450893412
tot_aggregated_send: 55274
tot_msg_rcv: 1752
tot_msg_sent: 3653
tot_reconf_duration: 15.110000000000001
tot_sleeping_duration: 3944643.873360018
tot_uptimes: 1026
tot_uptimes_duration: 61500.04863998224
