comms_cons: 396.3441664403648
finished_reconf: true
global_termination_time: 4000978.205
local_termination_time: 1612461.89636
node_cons: 82276.65560670044
tot_aggregated_send: 55390
tot_msg_rcv: 1654
tot_msg_sent: 3198
tot_reconf_duration: 6.22
tot_sleeping_duration: 3939538.168520013
tot_uptimes: 1025
tot_uptimes_duration: 61440.03647998697
