comms_cons: 391.86373121891927
finished_reconf: true
global_termination_time: 4006207.377
local_termination_time: 2079269.8274799997
node_cons: 82355.9065044664
tot_aggregated_send: 55622
tot_msg_rcv: 1170
tot_msg_sent: 2769
tot_reconf_duration: 5.43
tot_sleeping_duration: 3944707.3526800084
tot_uptimes: 1026
tot_uptimes_duration: 61500.02431999147
