comms_cons: 189.42018558233121
finished_reconf: true
global_termination_time: 1865062.775
local_termination_time: 224187.28436000005
node_cons: 38346.974308934456
tot_aggregated_send: 25172
tot_msg_rcv: 1238
tot_msg_sent: 2380
tot_reconf_duration: 18.21
tot_sleeping_duration: 1836442.7263600188
tot_uptimes: 478
tot_uptimes_duration: 28620.048639981076
