comms_cons: 193.0922239762277
finished_reconf: true
global_termination_time: 1861962.296
local_termination_time: 338975.8743600001
node_cons: 38252.54097117275
tot_aggregated_send: 24244
tot_msg_rcv: 1733
tot_msg_sent: 3371
tot_reconf_duration: 7.819999999999999
tot_sleeping_duration: 1833402.2352000205
tot_uptimes: 477
tot_uptimes_duration: 28560.06079997978
