comms_cons: 191.1457791787876
finished_reconf: true
global_termination_time: 1859518.48
local_termination_time: 731678.2423599999
node_cons: 38250.34374781776
tot_aggregated_send: 24882
tot_msg_rcv: 1492
tot_msg_sent: 2678
tot_reconf_duration: 6.22
tot_sleeping_duration: 1830958.4374400165
tot_uptimes: 477
tot_uptimes_duration: 28560.04255998344
