comms_cons: 262.70087678882294
finished_reconf: true
global_termination_time: 2808622.935
local_termination_time: 5646.216
node_cons: 57851.633442232625
tot_aggregated_send: 38507
tot_msg_rcv: 488
tot_msg_sent: 934
tot_reconf_duration: 5.02
tot_sleeping_duration: 2765422.922840005
tot_uptimes: 720
tot_uptimes_duration: 43200.01215999527
