comms_cons: 261.7863679969086
finished_reconf: true
global_termination_time: 2811240.182
local_termination_time: 5785.209
node_cons: 57850.1722411158
tot_aggregated_send: 39377
tot_msg_rcv: 116
tot_msg_sent: 297
tot_reconf_duration: 3.95
tot_sleeping_duration: 2768040.1759200026
tot_uptimes: 720
tot_uptimes_duration: 43200.006079997635
