comms_cons: 2.296140799994524
finished_reconf: true
global_termination_time: 18164.272
local_termination_time: 5688.548360000001
node_cons: 331.97956000000084
tot_aggregated_send: 0
tot_msg_rcv: 180
tot_msg_sent: 169
tot_reconf_duration: 7.819999999999999
tot_sleeping_duration: 17924.272
tot_uptimes: 5
tot_uptimes_duration: 240.0
