comms_cons: 60.21941760033903
finished_reconf: true
global_termination_time: 615723.873
local_termination_time: 196425.47036000006
node_cons: 12621.826760000018
tot_aggregated_send: 8816
tot_msg_rcv: 106
tot_msg_sent: 231
tot_reconf_duration: 6.22
tot_sleeping_duration: 606303.873
tot_uptimes: 158
tot_uptimes_duration: 9420.0
