comms_cons: 125.70897278607401
finished_reconf: true
global_termination_time: 1228698.104
local_termination_time: 531842.5391599992
node_cons: 25251.546167817814
tot_aggregated_send: 16530
tot_msg_rcv: 901
tot_msg_sent: 1676
tot_reconf_duration: 18.21
tot_sleeping_duration: 1209858.0614400166
tot_uptimes: 315
tot_uptimes_duration: 18840.04255998344
