comms_cons: 121.03816959679196
finished_reconf: true
global_termination_time: 1226639.13
local_termination_time: 1105252.81436
node_cons: 25261.125541116933
tot_aggregated_send: 17632
tot_msg_rcv: 208
tot_msg_sent: 557
tot_reconf_duration: 25.299999999999997
tot_sleeping_duration: 1207799.1239200023
tot_uptimes: 315
tot_uptimes_duration: 18840.006079997635
