comms_cons: 160.3614207844683
finished_reconf: true
global_termination_time: 1588265.604
local_termination_time: 980301.7123599999
node_cons: 32638.912425584167
tot_aggregated_send: 21808
tot_msg_rcv: 833
tot_msg_sent: 1733
tot_reconf_duration: 15.34
tot_sleeping_duration: 1563905.5736000119
tot_uptimes: 407
tot_uptimes_duration: 24360.030399988173
