comms_cons: 158.35476478985825
finished_reconf: true
global_termination_time: 1586543.01
local_termination_time: 301982.6156000001
node_cons: 32624.596403350548
tot_aggregated_send: 21982
tot_msg_rcv: 699
tot_msg_sent: 1388
tot_reconf_duration: 4.8100000000000005
tot_sleeping_duration: 1562182.991760007
tot_uptimes: 407
tot_uptimes_duration: 24360.018239992904
