comms_cons: 12.099775999885146
finished_reconf: true
global_termination_time: 116430.728
local_termination_time: 58796.06636000001
node_cons: 2338.412663357452
tot_aggregated_send: 1044
tot_msg_rcv: 274
tot_msg_sent: 521
tot_reconf_duration: 6.279999999999999
tot_sleeping_duration: 114690.7097600019
tot_uptimes: 30
tot_uptimes_duration: 1740.0182399980986
