comms_cons: 11.086816000157397
finished_reconf: true
global_termination_time: 115806.013
local_termination_time: 65972.88035999995
node_cons: 2364.217399999984
tot_aggregated_send: 754
tot_msg_rcv: 370
tot_msg_sent: 561
tot_reconf_duration: 25.299999999999997
tot_sleeping_duration: 114066.013
tot_uptimes: 30
tot_uptimes_duration: 1740.0
