comms_cons: 13.660300800106395
finished_reconf: true
global_termination_time: 116253.363
local_termination_time: 52145.244000000006
node_cons: 2336.974445438886
tot_aggregated_send: 693
tot_msg_rcv: 563
tot_msg_sent: 821
tot_reconf_duration: 4.390000000000001
tot_sleeping_duration: 114512.50204000084
tot_uptimes: 30
tot_uptimes_duration: 1740.8609599991614
