comms_cons: 232.33786878695759
finished_reconf: true
global_termination_time: 2294436.714
local_termination_time: 915729.2643199996
node_cons: 47193.95368223315
tot_aggregated_send: 31726
tot_msg_rcv: 1288
tot_msg_sent: 2300
tot_reconf_duration: 25.299999999999997
tot_sleeping_duration: 2259216.701840005
tot_uptimes: 588
tot_uptimes_duration: 35220.01215999527
