comms_cons: 230.14041599295516
finished_reconf: true
global_termination_time: 2293558.939
local_termination_time: 662020.0590799985
node_cons: 47166.994645583814
tot_aggregated_send: 32190
tot_msg_rcv: 932
tot_msg_sent: 1858
tot_reconf_duration: 5.43
tot_sleeping_duration: 2258338.9086000114
tot_uptimes: 588
tot_uptimes_duration: 35220.030399988405
