comms_cons: 452.9935744669618
finished_reconf: true
global_termination_time: 521913.79792000074
local_termination_time: 521913.75680000073
node_cons: 52387.09904625278
tot_aggregated_send: 0
tot_msg_rcv: 31053
tot_msg_sent: 37797
tot_reconf_duration: 24.59
tot_sleeping_duration: 482814.68975999067
tot_uptimes: 638
tot_uptimes_duration: 39099.10816001008
