comms_cons: 52.45596160039444
finished_reconf: true
global_termination_time: 526265.181
local_termination_time: 103636.28003999981
node_cons: 10771.521620000014
tot_aggregated_send: 7192
tot_msg_rcv: 261
tot_msg_sent: 520
tot_reconf_duration: 4.390000000000001
tot_sleeping_duration: 518225.181
tot_uptimes: 135
tot_uptimes_duration: 8040.0
