comms_cons: 52.488857600527794
finished_reconf: true
global_termination_time: 522049.915
local_termination_time: 207464.45440000037
node_cons: 10689.370041121429
tot_aggregated_send: 6844
tot_msg_rcv: 400
tot_msg_sent: 734
tot_reconf_duration: 3.05
tot_sleeping_duration: 514069.9089199989
tot_uptimes: 134
tot_uptimes_duration: 7980.006080001069
