comms_cons: 171.16433918794755
finished_reconf: true
global_termination_time: 1702829.68124
local_termination_time: 223149.07348000098
node_cons: 35073.293948796236
tot_aggregated_send: 23606
tot_msg_rcv: 733
tot_msg_sent: 1675
tot_reconf_duration: 6.22
tot_sleeping_duration: 1676642.342040003
tot_uptimes: 437
tot_uptimes_duration: 26187.339199997223
