comms_cons: 168.82227199545494
finished_reconf: true
global_termination_time: 1704852.319
local_termination_time: 1077202.3294799998
node_cons: 35043.59898000003
tot_aggregated_send: 24476
tot_msg_rcv: 399
tot_msg_sent: 785
tot_reconf_duration: 11.31
tot_sleeping_duration: 1678692.319
tot_uptimes: 437
tot_uptimes_duration: 26160.0
