comms_cons: 56.9041280007758
finished_reconf: true
global_termination_time: 560399.959
local_termination_time: 67330.3046399995
node_cons: 11495.151979999935
tot_aggregated_send: 7482
tot_msg_rcv: 356
tot_msg_sent: 812
tot_reconf_duration: 4.8100000000000005
tot_sleeping_duration: 551819.959
tot_uptimes: 144
tot_uptimes_duration: 8579.999999999942
