comms_cons: 57.17198720163144
finished_reconf: true
global_termination_time: 556477.782
local_termination_time: 274374.9065600007
node_cons: 11423.655262242874
tot_aggregated_send: 7250
tot_msg_rcv: 570
tot_msg_sent: 869
tot_reconf_duration: 11.31
tot_sleeping_duration: 547957.7698399979
tot_uptimes: 143
tot_uptimes_duration: 8520.012160002138
