comms_cons: 89.35114239884139
finished_reconf: true
global_termination_time: 902465.795
local_termination_time: 361044.90536000003
node_cons: 18564.501619999966
tot_aggregated_send: 12934
tot_msg_rcv: 187
tot_msg_sent: 459
tot_reconf_duration: 4.390000000000001
tot_sleeping_duration: 888605.795
tot_uptimes: 232
tot_uptimes_duration: 13860.0
