comms_cons: 89.01125119856042
finished_reconf: true
global_termination_time: 903940.132
local_termination_time: 365810.95336000004
node_cons: 18566.98675999999
tot_aggregated_send: 12934
tot_msg_rcv: 182
tot_msg_sent: 414
tot_reconf_duration: 6.22
tot_sleeping_duration: 890080.132
tot_uptimes: 232
tot_uptimes_duration: 13860.0
