comms_cons: 87.70731519944955
finished_reconf: true
global_termination_time: 902335.708
local_termination_time: 649697.0963999982
node_cons: 18573.898979999944
tot_aggregated_send: 13166
tot_msg_rcv: 53
tot_msg_sent: 112
tot_reconf_duration: 11.31
tot_sleeping_duration: 888475.708
tot_uptimes: 232
tot_uptimes_duration: 13860.0
