comms_cons: 1610.4615057914805
finished_reconf: true
global_termination_time: 3331996.4675999996
local_termination_time: 3331996.4264799994
node_cons: 202163.84050656794
tot_aggregated_send: 0
tot_msg_rcv: 98947
tot_msg_sent: 145837
tot_reconf_duration: 37.410000000000004
tot_sleeping_duration: 3181053.198200018
tot_uptimes: 2477
tot_uptimes_duration: 150943.26939998148
