comms_cons: 333.1285696190068
finished_reconf: true
global_termination_time: 3334279.217
local_termination_time: 393795.1243600001
node_cons: 68536.62525005522
tot_aggregated_send: 46632
tot_msg_rcv: 1323
tot_msg_sent: 2678
tot_reconf_duration: 4.8100000000000005
tot_sleeping_duration: 3283099.162280018
tot_uptimes: 854
tot_uptimes_duration: 51180.05471998261
