comms_cons: 501.51347814278233
finished_reconf: true
global_termination_time: 1032895.8985999998
local_termination_time: 1032895.8574799999
node_cons: 63157.25089483393
tot_aggregated_send: 0
tot_msg_rcv: 30690
tot_msg_sent: 45533
tot_reconf_duration: 37.410000000000004
tot_sleeping_duration: 985766.3630400036
tot_uptimes: 779
tot_uptimes_duration: 47129.53555999636
