comms_cons: 105.955263990348
finished_reconf: true
global_termination_time: 1033820.92
local_termination_time: 93053.74647999968
node_cons: 21227.701847822453
tot_aggregated_send: 13862
tot_msg_rcv: 828
tot_msg_sent: 1414
tot_reconf_duration: 13.17
tot_sleeping_duration: 1017980.8774400131
tot_uptimes: 265
tot_uptimes_duration: 15840.042559986876
