comms_cons: 106.36202879116288
finished_reconf: true
global_termination_time: 1033385.21
local_termination_time: 212363.24392000074
node_cons: 21214.0159100653
tot_aggregated_send: 13630
tot_msg_rcv: 846
tot_msg_sent: 1691
tot_reconf_duration: 3.08
tot_sleeping_duration: 1017545.1552800109
tot_uptimes: 265
tot_uptimes_duration: 15840.054719989013
