comms_cons: 105.19564159543023
finished_reconf: true
global_termination_time: 1035559.837
local_termination_time: 574455.0253599999
node_cons: 21310.668226701007
tot_aggregated_send: 13920
tot_msg_rcv: 638
tot_msg_sent: 1432
tot_reconf_duration: 15.110000000000001
tot_sleeping_duration: 1019659.8005200143
tot_uptimes: 266
tot_uptimes_duration: 15900.036479985807
