comms_cons: 105.78128639520439
finished_reconf: true
global_termination_time: 1033284.007
local_termination_time: 377854.44136000006
node_cons: 21216.308262233695
tot_aggregated_send: 13804
tot_msg_rcv: 816
tot_msg_sent: 1460
tot_reconf_duration: 4.8100000000000005
tot_sleeping_duration: 1017443.9948400047
tot_uptimes: 265
tot_uptimes_duration: 15840.012159995269
