comms_cons: 445.4118400797591
finished_reconf: true
global_termination_time: 4447445.105
local_termination_time: 942164.4343599998
node_cons: 91439.34022669942
tot_aggregated_send: 61480
tot_msg_rcv: 2158
tot_msg_sent: 4062
tot_reconf_duration: 9.11
tot_sleeping_duration: 4379165.068520014
tot_uptimes: 1139
tot_uptimes_duration: 68280.0364799865
