comms_cons: 142.53441277044706
finished_reconf: true
global_termination_time: 711590.051
local_termination_time: 1974.6173600000002
node_cons: 14629.484765597977
tot_aggregated_send: 0
tot_msg_rcv: 11094
tot_msg_sent: 10568
tot_reconf_duration: 5.57
tot_sleeping_duration: 700670.0206000016
tot_uptimes: 183
tot_uptimes_duration: 10920.030399998475
