comms_cons: 612.3437374740945
finished_reconf: true
global_termination_time: 709367.7081599983
local_termination_time: 709367.6670399983
node_cons: 70568.13085549854
tot_aggregated_send: 0
tot_msg_rcv: 42182
tot_msg_sent: 50890
tot_reconf_duration: 37.410000000000004
tot_sleeping_duration: 656703.5348399834
tot_uptimes: 839
tot_uptimes_duration: 52664.173320014874
