comms_cons: 74.8460735989151
finished_reconf: true
global_termination_time: 711650.086
local_termination_time: 3298.576320000001
node_cons: 14634.300226724006
tot_aggregated_send: 8816
tot_msg_rcv: 819
tot_msg_sent: 1741
tot_reconf_duration: 9.11
tot_sleeping_duration: 700730.049519997
tot_uptimes: 183
tot_uptimes_duration: 10920.036480002978
