comms_cons: 71.47110399892382
finished_reconf: true
global_termination_time: 712951.178
local_termination_time: 376158.8297200001
node_cons: 14628.428262238282
tot_aggregated_send: 9860
tot_msg_rcv: 308
tot_msg_sent: 696
tot_reconf_duration: 4.8100000000000005
tot_sleeping_duration: 702031.1658400013
tot_uptimes: 183
tot_uptimes_duration: 10920.012159998703
