comms_cons: 73.80289279960223
finished_reconf: true
global_termination_time: 710059.446
local_termination_time: 293852.01612000045
node_cons: 14566.983446723923
tot_aggregated_send: 9106
tot_msg_rcv: 728
tot_msg_sent: 1383
tot_reconf_duration: 18.700000000000003
tot_sleeping_duration: 699199.409519997
tot_uptimes: 182
tot_uptimes_duration: 10860.036480002964
