comms_cons: 72.67384319564111
finished_reconf: true
global_termination_time: 711910.549
local_termination_time: 358442.24236000003
node_cons: 14627.857902238224
tot_aggregated_send: 9802
tot_msg_rcv: 490
tot_msg_sent: 754
tot_reconf_duration: 4.390000000000001
tot_sleeping_duration: 700990.5368400012
tot_uptimes: 183
tot_uptimes_duration: 10920.012159998703
