comms_cons: 71.80538879641318
finished_reconf: true
global_termination_time: 713811.516
local_termination_time: 563143.4517999995
node_cons: 14626.030041116917
tot_aggregated_send: 9976
tot_msg_rcv: 359
tot_msg_sent: 579
tot_reconf_duration: 3.05
tot_sleeping_duration: 702891.5099200023
tot_uptimes: 183
tot_uptimes_duration: 10920.006079997635
