comms_cons: 442.0201216751725
finished_reconf: true
global_termination_time: 4363700.613
local_termination_time: 2663857.4595599994
node_cons: 89754.67452334802
tot_aggregated_send: 60262
tot_msg_rcv: 2402
tot_msg_sent: 4521
tot_reconf_duration: 10.95
tot_sleeping_duration: 4296680.594760006
tot_uptimes: 1118
tot_uptimes_duration: 67020.01823999314
