comms_cons: 439.7537280727175
finished_reconf: true
global_termination_time: 4363402.624
local_termination_time: 724365.1843599988
node_cons: 89760.68499005029
tot_aggregated_send: 59914
tot_msg_rcv: 2057
tot_msg_sent: 4869
tot_reconf_duration: 15.34
tot_sleeping_duration: 4296382.56928002
tot_uptimes: 1118
tot_uptimes_duration: 67020.05471997964
