comms_cons: 151.4962111900552
finished_reconf: true
global_termination_time: 1509854.8734799998
local_termination_time: 1509854.83236
node_cons: 31080.474489899683
tot_aggregated_send: 20912
tot_msg_rcv: 645
tot_msg_sent: 1467
tot_reconf_duration: 37.410000000000004
tot_sleeping_duration: 1486681.108200015
tot_uptimes: 387
tot_uptimes_duration: 23173.765279984786
