comms_cons: 155.0866431835363
finished_reconf: true
global_termination_time: 1514242.232
local_termination_time: 587147.272119998
node_cons: 31095.803311168427
tot_aggregated_send: 20010
tot_msg_rcv: 1112
tot_msg_sent: 2450
tot_reconf_duration: 3.05
tot_sleeping_duration: 1491022.1712000237
tot_uptimes: 388
tot_uptimes_duration: 23220.06079997634
