comms_cons: 152.57822718604447
finished_reconf: true
global_termination_time: 1510005.541
local_termination_time: 336202.98936000007
node_cons: 31026.65596782247
tot_aggregated_send: 20590
tot_msg_rcv: 802
tot_msg_sent: 1799
tot_reconf_duration: 11.31
tot_sleeping_duration: 1486845.4984400133
tot_uptimes: 387
tot_uptimes_duration: 23160.042559986876
