comms_cons: 2.223769599996836
finished_reconf: true
global_termination_time: 15056.044
local_termination_time: 6106.81436
node_cons: 261.8517200000002
tot_aggregated_send: 0
tot_msg_rcv: 178
tot_msg_sent: 160
tot_reconf_duration: 15.34
tot_sleeping_duration: 14876.044
tot_uptimes: 4
tot_uptimes_duration: 180.0
