comms_cons: 1.5263743999949575
finished_reconf: true
global_termination_time: 17850.961
local_termination_time: 5613.898360000001
node_cons: 327.89198000000056
tot_aggregated_send: 0
tot_msg_rcv: 118
tot_msg_sent: 114
tot_reconf_duration: 4.8100000000000005
tot_sleeping_duration: 17610.961
tot_uptimes: 5
tot_uptimes_duration: 240.0
