comms_cons: 87.61850241039907
finished_reconf: true
global_termination_time: 406503.63460000016
local_termination_time: 2387.1403600000003
node_cons: 8400.739880729157
tot_aggregated_send: 0
tot_msg_rcv: 7255
tot_msg_sent: 6057
tot_reconf_duration: 18.21
tot_sleeping_duration: 400248.21211999335
tot_uptimes: 105
tot_uptimes_duration: 6255.422480006833
