comms_cons: 79.85077761006437
finished_reconf: true
global_termination_time: 408598.119
local_termination_time: 2022.1836000000008
node_cons: 8386.11870000001
tot_aggregated_send: 0
tot_msg_rcv: 6121
tot_msg_sent: 6015
tot_reconf_duration: 22.65
tot_sleeping_duration: 402358.119
tot_uptimes: 105
tot_uptimes_duration: 6240.0
