comms_cons: 11.99827199992755
finished_reconf: true
global_termination_time: 104264.259
local_termination_time: 5583.433999999999
node_cons: 2118.330286719805
tot_aggregated_send: 575
tot_msg_rcv: 537
tot_msg_sent: 715
tot_reconf_duration: 21.68
tot_sleeping_duration: 102704.22252000014
tot_uptimes: 27
tot_uptimes_duration: 1560.0364799998551
