comms_cons: 11.010764800236519
finished_reconf: true
global_termination_time: 107767.378
local_termination_time: 659.24624
node_cons: 2177.1840244794594
tot_aggregated_send: 464
tot_msg_rcv: 522
tot_msg_sent: 689
tot_reconf_duration: 5.87
tot_sleeping_duration: 106147.35368000041
tot_uptimes: 28
tot_uptimes_duration: 1620.0243199995966
