comms_cons: 11.772697599883557
finished_reconf: true
global_termination_time: 105064.261
local_termination_time: 1115.14212
node_cons: 2107.6734681193398
tot_aggregated_send: 522
tot_msg_rcv: 551
tot_msg_sent: 717
tot_reconf_duration: 13.83
tot_sleeping_duration: 103504.22192000049
tot_uptimes: 27
tot_uptimes_duration: 1560.0390799995075
