comms_cons: 128.5835391888814
finished_reconf: true
global_termination_time: 1271325.072
local_termination_time: 395363.46336000005
node_cons: 26144.889964471953
tot_aggregated_send: 16878
tot_msg_rcv: 847
tot_msg_sent: 1818
tot_reconf_duration: 25.299999999999997
tot_sleeping_duration: 1251825.047680006
tot_uptimes: 326
tot_uptimes_duration: 19500.024319993972
