comms_cons: 126.28774399534957
finished_reconf: true
global_termination_time: 1272300.063
local_termination_time: 768938.5085599985
node_cons: 26135.94344670097
tot_aggregated_send: 17690
tot_msg_rcv: 465
tot_msg_sent: 1040
tot_reconf_duration: 18.700000000000003
tot_sleeping_duration: 1252800.0265200143
tot_uptimes: 326
tot_uptimes_duration: 19500.036479985807
