comms_cons: 127.22725119429772
finished_reconf: true
global_termination_time: 1270267.237
local_termination_time: 763127.0893599999
node_cons: 26126.668341116903
tot_aggregated_send: 17284
tot_msg_rcv: 655
tot_msg_sent: 1399
tot_reconf_duration: 11.899999999999999
tot_sleeping_duration: 1250767.2309200023
tot_uptimes: 326
tot_uptimes_duration: 19500.006079997635
