comms_cons: 131.24451838318222
finished_reconf: true
global_termination_time: 1268800.952
local_termination_time: 61312.94516000016
node_cons: 26034.391452292115
tot_aggregated_send: 16878
tot_msg_rcv: 1144
tot_msg_sent: 1926
tot_reconf_duration: 3.05
tot_sleeping_duration: 1249360.885120021
tot_uptimes: 325
tot_uptimes_duration: 19440.066879979146
