comms_cons: 12.896256000088224
finished_reconf: true
global_termination_time: 79262.492
local_termination_time: 42153.26536000001
node_cons: 1631.5454622405796
tot_aggregated_send: 290
tot_msg_rcv: 813
tot_msg_sent: 857
tot_reconf_duration: 18.21
tot_sleeping_duration: 78062.47983999956
tot_uptimes: 21
tot_uptimes_duration: 1200.012160000435
