comms_cons: 10.02109440001036
finished_reconf: true
global_termination_time: 80580.089
local_termination_time: 45491.975360000004
node_cons: 1637.5994056003083
tot_aggregated_send: 522
tot_msg_rcv: 376
tot_msg_sent: 625
tot_reconf_duration: 22.65
tot_sleeping_duration: 79380.05859999977
tot_uptimes: 21
tot_uptimes_duration: 1200.030400000236
