comms_cons: 10.858188800011114
finished_reconf: true
global_termination_time: 80537.626
local_termination_time: 18279.41636
node_cons: 1622.984623360588
tot_aggregated_send: 406
tot_msg_rcv: 494
tot_msg_sent: 753
tot_reconf_duration: 11.899999999999999
tot_sleeping_duration: 79337.60775999956
tot_uptimes: 21
tot_uptimes_duration: 1200.0182400004414
