comms_cons: 13.981350399836032
finished_reconf: true
global_termination_time: 80403.533
local_termination_time: 13494.27336
node_cons: 1626.4121878383355
tot_aggregated_send: 116
tot_msg_rcv: 958
tot_msg_sent: 1052
tot_reconf_duration: 14.4
tot_sleeping_duration: 79203.49044000125
tot_uptimes: 21
tot_uptimes_duration: 1200.0425599987575
