comms_cons: 11.936550399966734
finished_reconf: true
global_termination_time: 81687.805
local_termination_time: 31415.41248
node_cons: 1612.8023255991754
tot_aggregated_send: 406
tot_msg_rcv: 647
tot_msg_sent: 763
tot_reconf_duration: 4.390000000000001
tot_sleeping_duration: 80487.7746000006
tot_uptimes: 21
tot_uptimes_duration: 1200.0303999993848
