comms_cons: 188.46776318544218
finished_reconf: true
global_termination_time: 1898387.626
local_termination_time: 169626.60612000045
node_cons: 39076.04754670536
tot_aggregated_send: 25578
tot_msg_rcv: 928
tot_msg_sent: 2140
tot_reconf_duration: 22.65
tot_sleeping_duration: 1869227.5895200106
tot_uptimes: 487
tot_uptimes_duration: 29160.03647998924
