comms_cons: 373.58379489201377
finished_reconf: true
global_termination_time: 1898117.6405999998
local_termination_time: 1069.6270400000014
node_cons: 39074.26419063331
tot_aggregated_send: 0
tot_msg_rcv: 28584
tot_msg_sent: 28196
tot_reconf_duration: 6.22
tot_sleeping_duration: 1868942.2728400046
tot_uptimes: 487
tot_uptimes_duration: 29175.367759995162
