comms_cons: 186.8002495957737
finished_reconf: true
global_termination_time: 1899818.014
local_termination_time: 1542772.130479999
node_cons: 39060.59897999986
tot_aggregated_send: 27260
tot_msg_rcv: 402
tot_msg_sent: 729
tot_reconf_duration: 11.31
tot_sleeping_duration: 1870658.014
tot_uptimes: 487
tot_uptimes_duration: 29160.0
