comms_cons: 640.8985723734909
finished_reconf: true
global_termination_time: 1323176.0555999998
local_termination_time: 1323176.01448
node_cons: 80608.06100399024
tot_aggregated_send: 0
tot_msg_rcv: 39273
tot_msg_sent: 58139
tot_reconf_duration: 24.59
tot_sleeping_duration: 1263000.7996000058
tot_uptimes: 993
tot_uptimes_duration: 60175.255999994144
