comms_cons: 259.64399342891676
finished_reconf: true
global_termination_time: 1323176.6556
local_termination_time: 1079.0094800000006
node_cons: 27179.631189521333
tot_aggregated_send: 0
tot_msg_rcv: 19847
tot_msg_sent: 19613
tot_reconf_duration: 3.05
tot_sleeping_duration: 1302881.2939199992
tot_uptimes: 339
tot_uptimes_duration: 20295.361680000962
