comms_cons: 131.95243519362614
finished_reconf: true
global_termination_time: 1323843.686
local_termination_time: 427649.2587600004
node_cons: 27243.714901116837
tot_aggregated_send: 18850
tot_msg_rcv: 396
tot_msg_sent: 810
tot_reconf_duration: 6.22
tot_sleeping_duration: 1303503.6799200024
tot_uptimes: 340
tot_uptimes_duration: 20340.006079997635
