comms_cons: 63.47079679948119
finished_reconf: true
global_termination_time: 606684.616
local_termination_time: 248771.14136000007
node_cons: 12459.682787845442
tot_aggregated_send: 7598
tot_msg_rcv: 653
tot_msg_sent: 1397
tot_reconf_duration: 5.1
tot_sleeping_duration: 597384.573439996
tot_uptimes: 156
tot_uptimes_duration: 9300.042560004047
