comms_cons: 61.640524799798754
finished_reconf: true
global_termination_time: 607720.329
local_termination_time: 184213.20136000006
node_cons: 12468.099685602567
tot_aggregated_send: 8236
tot_msg_rcv: 384
tot_msg_sent: 749
tot_reconf_duration: 11.31
tot_sleeping_duration: 598420.2985999981
tot_uptimes: 156
tot_uptimes_duration: 9300.03040000191
