comms_cons: 61.16682239950198
finished_reconf: true
global_termination_time: 608100.569
local_termination_time: 310706.23444000067
node_cons: 12460.0983633597
tot_aggregated_send: 8410
tot_msg_rcv: 309
tot_msg_sent: 578
tot_reconf_duration: 5.43
tot_sleeping_duration: 598800.5507600002
tot_uptimes: 156
tot_uptimes_duration: 9300.018239999772
