comms_cons: 30.336691200227797
finished_reconf: true
global_termination_time: 301288.059
local_termination_time: 734.5511999999998
node_cons: 6190.362640000007
tot_aggregated_send: 4176
tot_msg_rcv: 146
tot_msg_sent: 289
tot_reconf_duration: 3.08
tot_sleeping_duration: 296668.059
tot_uptimes: 78
tot_uptimes_duration: 4620.0
