comms_cons: 30.666630400255205
finished_reconf: true
global_termination_time: 299801.589
local_termination_time: 192648.4337200001
node_cons: 6116.467701121406
tot_aggregated_send: 4002
tot_msg_rcv: 259
tot_msg_sent: 400
tot_reconf_duration: 7.819999999999999
tot_sleeping_duration: 295241.5829199989
tot_uptimes: 77
tot_uptimes_duration: 4560.006080001069
