comms_cons: 71.95671040031566
finished_reconf: true
global_termination_time: 736542.187
local_termination_time: 158978.06936000008
node_cons: 15121.80486000002
tot_aggregated_send: 10556
tot_msg_rcv: 159
tot_msg_sent: 222
tot_reconf_duration: 13.17
tot_sleeping_duration: 725262.187
tot_uptimes: 189
tot_uptimes_duration: 11279.999999999985
