comms_cons: 72.10145280051232
finished_reconf: true
global_termination_time: 739884.299
local_termination_time: 232565.61536000005
node_cons: 15190.791980000058
tot_aggregated_send: 10440
tot_msg_rcv: 126
tot_msg_sent: 393
tot_reconf_duration: 4.8100000000000005
tot_sleeping_duration: 728544.299
tot_uptimes: 190
tot_uptimes_duration: 11340.00000000003
