comms_cons: 1.7829631999962203
finished_reconf: true
global_termination_time: 14317.027
local_termination_time: 10303.52036
node_cons: 271.7786999999995
tot_aggregated_send: 0
tot_msg_rcv: 148
tot_msg_sent: 123
tot_reconf_duration: 22.65
tot_sleeping_duration: 14137.027
tot_uptimes: 4
tot_uptimes_duration: 180.0
