comms_cons: 1.5263743999949575
finished_reconf: true
global_termination_time: 14864.765
local_termination_time: 7085.222240000005
node_cons: 251.63956000000084
tot_aggregated_send: 0
tot_msg_rcv: 121
tot_msg_sent: 111
tot_reconf_duration: 7.819999999999999
tot_sleeping_duration: 14684.765
tot_uptimes: 4
tot_uptimes_duration: 180.0
