comms_cons: 183.3181311834459
finished_reconf: true
global_termination_time: 1808934.932
local_termination_time: 487415.6768800004
node_cons: 37205.92374782216
tot_aggregated_send: 24070
tot_msg_rcv: 1347
tot_msg_sent: 2449
tot_reconf_duration: 6.22
tot_sleeping_duration: 1781154.889440013
tot_uptimes: 464
tot_uptimes_duration: 27780.042559986818
