comms_cons: 112.70169599843146
finished_reconf: true
global_termination_time: 1144289.031
local_termination_time: 5457.984
node_cons: 23549.8891822383
tot_aggregated_send: 16522
tot_msg_rcv: 142
tot_msg_sent: 466
tot_reconf_duration: 7.55
tot_sleeping_duration: 1126709.0188400014
tot_uptimes: 294
tot_uptimes_duration: 17580.012159998703
