comms_cons: 113.13655039729551
finished_reconf: true
global_termination_time: 1146248.574
local_termination_time: 6043.454999999999
node_cons: 23549.5361022383
tot_aggregated_send: 16580
tot_msg_rcv: 208
tot_msg_sent: 408
tot_reconf_duration: 7.29
tot_sleeping_duration: 1128668.5618400013
tot_uptimes: 294
tot_uptimes_duration: 17580.012159998703
