comms_cons: 0.8684543999971327
finished_reconf: true
global_termination_time: 7119.386
local_termination_time: 2320.4713600000005
node_cons: 98.22486000000009
tot_aggregated_send: 0
tot_msg_rcv: 83
tot_msg_sent: 48
tot_reconf_duration: 13.17
tot_sleeping_duration: 7059.386
tot_uptimes: 2
tot_uptimes_duration: 60.0
