comms_cons: 0.8816127999970892
finished_reconf: true
global_termination_time: 5170.534
local_termination_time: 2137.010320000002
node_cons: 100.85937999999956
tot_aggregated_send: 0
tot_msg_rcv: 90
tot_msg_sent: 44
tot_reconf_duration: 15.110000000000001
tot_sleeping_duration: 5110.534
tot_uptimes: 2
tot_uptimes_duration: 60.0
