comms_cons: 0.769766399997459
finished_reconf: true
global_termination_time: 5306.41
local_termination_time: 2433.6883600000006
node_cons: 90.95956000000021
tot_aggregated_send: 0
tot_msg_rcv: 65
tot_msg_sent: 52
tot_reconf_duration: 7.819999999999999
tot_sleeping_duration: 5246.41
tot_uptimes: 2
tot_uptimes_duration: 60.0
