comms_cons: 892.6280258076821
finished_reconf: true
global_termination_time: 9029137.603
local_termination_time: 2103324.1373599996
node_cons: 185766.98499004752
tot_aggregated_send: 125164
tot_msg_rcv: 3550
tot_msg_sent: 6960
tot_reconf_duration: 15.34
tot_sleeping_duration: 8890417.54828002
tot_uptimes: 2313
tot_uptimes_duration: 138720.0547199808
