comms_cons: 883.025420942957
finished_reconf: true
global_termination_time: 9029433.83
local_termination_time: 2492013.694
node_cons: 185780.48624669603
tot_aggregated_send: 124737
tot_msg_rcv: 3321
tot_msg_sent: 6156
tot_reconf_duration: 25.299999999999997
tot_sleeping_duration: 8890713.793520013
tot_uptimes: 2313
tot_uptimes_duration: 138720.0364799872
