comms_cons: 900.3332226048869
finished_reconf: true
global_termination_time: 9030980.595
local_termination_time: 1792060.2625999989
node_cons: 185754.5837478134
tot_aggregated_send: 126498
tot_msg_rcv: 3718
tot_msg_sent: 6627
tot_reconf_duration: 6.22
tot_sleeping_duration: 8892260.552440016
tot_uptimes: 2313
tot_uptimes_duration: 138720.04255998507
