comms_cons: 901.2362690433081
finished_reconf: true
global_termination_time: 9029490.235
local_termination_time: 1825171.7865599985
node_cons: 185761.48782669636
tot_aggregated_send: 125106
tot_msg_rcv: 4159
tot_msg_sent: 7717
tot_reconf_duration: 11.31
tot_sleeping_duration: 8890770.198520012
tot_uptimes: 2313
tot_uptimes_duration: 138720.0364799872
