comms_cons: 1.6513791999972744
finished_reconf: true
global_termination_time: 10184.799
local_termination_time: 7177.12536
node_cons: 185.40918000000005
tot_aggregated_send: 0
tot_msg_rcv: 152
tot_msg_sent: 99
tot_reconf_duration: 18.21
tot_sleeping_duration: 10064.799
tot_uptimes: 3
tot_uptimes_duration: 120.0
