comms_cons: 10.737254399945428
finished_reconf: true
global_termination_time: 112286.193
local_termination_time: 1694.9194800000002
node_cons: 2264.8789799999995
tot_aggregated_send: 1508
tot_msg_rcv: 19
tot_msg_sent: 105
tot_reconf_duration: 11.31
tot_sleeping_duration: 110606.193
tot_uptimes: 29
tot_uptimes_duration: 1680.0
