comms_cons: 81.64787200012466
finished_reconf: true
global_termination_time: 817152.863
local_termination_time: 272645.3033600001
node_cons: 16801.695842238296
tot_aggregated_send: 11368
tot_msg_rcv: 291
tot_msg_sent: 751
tot_reconf_duration: 7.819999999999999
tot_sleeping_duration: 804612.8508400014
tot_uptimes: 210
tot_uptimes_duration: 12540.012159998703
