comms_cons: 2.3027199999948995
finished_reconf: true
global_termination_time: 12602.621
local_termination_time: 6070.331359999999
node_cons: 246.98161999999923
tot_aggregated_send: 0
tot_msg_rcv: 180
tot_msg_sent: 170
tot_reconf_duration: 4.390000000000001
tot_sleeping_duration: 12422.621
tot_uptimes: 4
tot_uptimes_duration: 180.0
