comms_cons: 49.469632003514384
finished_reconf: true
global_termination_time: 287703.418
local_termination_time: 30698.074360000002
node_cons: 5895.578700000008
tot_aggregated_send: 0
tot_msg_rcv: 3825
tot_msg_sent: 3695
tot_reconf_duration: 22.65
tot_sleeping_duration: 283323.418
tot_uptimes: 74
tot_uptimes_duration: 4380.0
