comms_cons: 29.910297600096378
finished_reconf: true
global_termination_time: 284296.89
local_termination_time: 130501.38343999987
node_cons: 5792.943042242869
tot_aggregated_send: 3712
tot_msg_rcv: 370
tot_msg_sent: 465
tot_reconf_duration: 6.22
tot_sleeping_duration: 279976.8778399979
tot_uptimes: 73
tot_uptimes_duration: 4320.0121600021375
