comms_cons: 27.099724800062955
finished_reconf: true
global_termination_time: 271646.295
local_termination_time: 14339.832680000003
node_cons: 5554.079560000005
tot_aggregated_send: 3828
tot_msg_rcv: 124
tot_msg_sent: 167
tot_reconf_duration: 7.819999999999999
tot_sleeping_duration: 267506.295
tot_uptimes: 70
tot_uptimes_duration: 4140.0
