comms_cons: 1.486899199995088
finished_reconf: true
global_termination_time: 13290.541
local_termination_time: 6936.124360000001
node_cons: 258.9048600000001
tot_aggregated_send: 0
tot_msg_rcv: 120
tot_msg_sent: 106
tot_reconf_duration: 13.17
tot_sleeping_duration: 13110.541
tot_uptimes: 4
tot_uptimes_duration: 180.0
