comms_cons: 411.93029126169523
finished_reconf: true
global_termination_time: 4107702.561
local_termination_time: 665824.0403999992
node_cons: 84443.36674893345
tot_aggregated_send: 56898
tot_msg_rcv: 2009
tot_msg_sent: 3704
tot_reconf_duration: 4.390000000000001
tot_sleeping_duration: 4044642.5123600187
tot_uptimes: 1052
tot_uptimes_duration: 63060.048639981775
