comms_cons: 650.2706247077239
finished_reconf: true
global_termination_time: 4109375.689
local_termination_time: 894455.2664799999
node_cons: 84528.3402655827
tot_aggregated_send: 0
tot_msg_rcv: 49822
tot_msg_sent: 49016
tot_reconf_duration: 7.819999999999999
tot_sleeping_duration: 4046255.658600011
tot_uptimes: 1053
tot_uptimes_duration: 63120.03039998864
