comms_cons: 1593.7056529103688
finished_reconf: true
global_termination_time: 4106295.149
local_termination_time: 894454.7175999999
node_cons: 249027.6368840832
tot_aggregated_send: 0
tot_msg_rcv: 97968
tot_msg_sent: 144267
tot_reconf_duration: 6.22
tot_sleeping_duration: 3920321.145920021
tot_uptimes: 3045
tot_uptimes_duration: 185974.00307997892
