comms_cons: 270.05607682293453
finished_reconf: true
global_termination_time: 2807806.781
local_termination_time: 5994.4039999999995
node_cons: 57877.32406558439
tot_aggregated_send: 39243
tot_msg_rcv: 636
tot_msg_sent: 1169
tot_reconf_duration: 23.919999999999998
tot_sleeping_duration: 2764606.7506000106
tot_uptimes: 720
tot_uptimes_duration: 43200.030399989104
