comms_cons: 274.48983042917865
finished_reconf: true
global_termination_time: 2811125.816
local_termination_time: 3986.2889999999998
node_cons: 57860.77274781806
tot_aggregated_send: 39428
tot_msg_rcv: 801
tot_msg_sent: 1492
tot_reconf_duration: 11.719999999999999
tot_sleeping_duration: 2767925.773440016
tot_uptimes: 720
tot_uptimes_duration: 43200.04255998437
