comms_cons: 101.64590081444696
finished_reconf: true
global_termination_time: 681341.166
local_termination_time: 462975.00464000046
node_cons: 13983.318182242945
tot_aggregated_send: 0
tot_msg_rcv: 7903
tot_msg_sent: 7546
tot_reconf_duration: 3.05
tot_sleeping_duration: 670901.1538399978
tot_uptimes: 175
tot_uptimes_duration: 10440.012160002138
