comms_cons: 67.76576000079965
finished_reconf: true
global_termination_time: 680598.892
local_termination_time: 508990.48936000007
node_cons: 13989.787701121459
tot_aggregated_send: 9048
tot_msg_rcv: 488
tot_msg_sent: 764
tot_reconf_duration: 7.819999999999999
tot_sleeping_duration: 670158.885919999
tot_uptimes: 175
tot_uptimes_duration: 10440.006080001069
