comms_cons: 70.55116799799107
finished_reconf: true
global_termination_time: 681884.767
local_termination_time: 446575.51336000004
node_cons: 13986.550222238275
tot_aggregated_send: 8932
tot_msg_rcv: 642
tot_msg_sent: 1149
tot_reconf_duration: 5.43
tot_sleeping_duration: 671444.7548400012
tot_uptimes: 175
tot_uptimes_duration: 10440.012159998703
