comms_cons: 121.92636158944106
finished_reconf: true
global_termination_time: 1198398.992
local_termination_time: 59517.55836
node_cons: 24614.823123355127
tot_aggregated_send: 16472
tot_msg_rcv: 800
tot_msg_sent: 1260
tot_reconf_duration: 22.65
tot_sleeping_duration: 1180038.9737600037
tot_uptimes: 307
tot_uptimes_duration: 18360.018239996338
