comms_cons: 234.5761278591877
finished_reconf: true
global_termination_time: 1193182.8735999998
local_termination_time: 1094.2134800000006
node_cons: 24528.411189521335
tot_aggregated_send: 0
tot_msg_rcv: 17953
tot_msg_sent: 17702
tot_reconf_duration: 3.05
tot_sleeping_duration: 1174867.5119199988
tot_uptimes: 306
tot_uptimes_duration: 18315.36168000097
