comms_cons: 105.48698881379107
finished_reconf: true
global_termination_time: 487081.6953600006
local_termination_time: 1175.4556000000005
node_cons: 10038.621070100022
tot_aggregated_send: 0
tot_msg_rcv: 8770
tot_msg_sent: 7256
tot_reconf_duration: 18.21
tot_sleeping_duration: 479603.06063998566
tot_uptimes: 125
tot_uptimes_duration: 7478.634720014947
