comms_cons: 56.937305604299645
finished_reconf: true
global_termination_time: 265075.2886000005
local_termination_time: 265075.2474800005
node_cons: 5467.149592729329
tot_aggregated_send: 0
tot_msg_rcv: 4705
tot_msg_sent: 3949
tot_reconf_duration: 24.59
tot_sleeping_duration: 261017.21811999354
tot_uptimes: 68
tot_uptimes_duration: 4058.070480006956
