comms_cons: 27.8571903997947
finished_reconf: true
global_termination_time: 268873.153
local_termination_time: 1652.9099200000014
node_cons: 5470.502081119155
tot_aggregated_send: 3480
tot_msg_rcv: 293
tot_msg_sent: 461
tot_reconf_duration: 5.43
tot_sleeping_duration: 264793.1469200006
tot_uptimes: 69
tot_uptimes_duration: 4080.006079999366
