comms_cons: 127.02461439981002
finished_reconf: true
global_termination_time: 1319940.982
local_termination_time: 4179.621
node_cons: 27158.681660000042
tot_aggregated_send: 18962
tot_msg_rcv: 120
tot_msg_sent: 225
tot_reconf_duration: 2.77
tot_sleeping_duration: 1299660.982
tot_uptimes: 339
tot_uptimes_duration: 20280.0
