comms_cons: 128.29342719813488
finished_reconf: true
global_termination_time: 1317136.229
local_termination_time: 5459.339
node_cons: 27084.841041119194
tot_aggregated_send: 18900
tot_msg_rcv: 193
tot_msg_sent: 407
tot_reconf_duration: 7.55
tot_sleeping_duration: 1296916.2229200008
tot_uptimes: 338
tot_uptimes_duration: 20220.006079999366
