comms_cons: 129.96557439960608
finished_reconf: true
global_termination_time: 1321330.674
local_termination_time: 4719.274
node_cons: 27160.055942237166
tot_aggregated_send: 18903
tot_msg_rcv: 284
tot_msg_sent: 566
tot_reconf_duration: 3.77
tot_sleeping_duration: 1301050.6618400023
tot_uptimes: 339
tot_uptimes_duration: 20280.012159997852
