comms_cons: 0.19737599999934904
finished_reconf: true
global_termination_time: 3486.5489600000024
local_termination_time: 3473.21336
node_cons: 57.59820744000342
tot_aggregated_send: 0
tot_msg_rcv: 21
tot_msg_sent: 8
tot_reconf_duration: 13.17
tot_sleeping_duration: 3456.89
tot_uptimes: 1
tot_uptimes_duration: 29.65896000000248
