comms_cons: 0.921087999999507
finished_reconf: true
global_termination_time: 5142.237
local_termination_time: 855.1763599999999
node_cons: 86.30161999999999
tot_aggregated_send: 0
tot_msg_rcv: 85
tot_msg_sent: 54
tot_reconf_duration: 4.390000000000001
tot_sleeping_duration: 5082.237
tot_uptimes: 2
tot_uptimes_duration: 60.0
