comms_cons: 47.649881599829094
finished_reconf: true
global_termination_time: 162950.91016000079
local_termination_time: 162950.86904000078
node_cons: 6731.473134241071
tot_aggregated_send: 0
tot_msg_rcv: 2422
tot_msg_sent: 4820
tot_reconf_duration: 24.59
tot_sleeping_duration: 157948.61000000002
tot_uptimes: 83
tot_uptimes_duration: 5002.300160000785
