comms_cons: 15.816396800037268
finished_reconf: true
global_termination_time: 162951.57796000023
local_termination_time: 162935.25348000004
node_cons: 3342.518817440287
tot_aggregated_send: 2378
tot_msg_rcv: 18
tot_msg_sent: 8
tot_reconf_duration: 7.819999999999999
tot_sleeping_duration: 160463.229
tot_uptimes: 42
tot_uptimes_duration: 2488.348960000236
