comms_cons: 99.37286399689054
finished_reconf: true
global_termination_time: 1010232.336
local_termination_time: 564168.5383599999
node_cons: 20734.670223350495
tot_aggregated_send: 13572
tot_msg_rcv: 484
tot_msg_sent: 1048
tot_reconf_duration: 5.1
tot_sleeping_duration: 994752.3177600071
tot_uptimes: 259
tot_uptimes_duration: 15480.018239992904
