comms_cons: 102.57630719462789
finished_reconf: true
global_termination_time: 1008876.3772400001
local_termination_time: 73555.09127999953
node_cons: 20752.806610558302
tot_aggregated_send: 13456
tot_msg_rcv: 673
tot_msg_sent: 1462
tot_reconf_duration: 4.390000000000001
tot_sleeping_duration: 993382.0942000013
tot_uptimes: 259
tot_uptimes_duration: 15494.283039998714
