comms_cons: 105.16851199107906
finished_reconf: true
global_termination_time: 1009291.914
local_termination_time: 314766.64348000055
node_cons: 20731.918887831715
tot_aggregated_send: 12760
tot_msg_rcv: 1183
tot_msg_sent: 2042
tot_reconf_duration: 3.05
tot_sleeping_duration: 993811.8714400063
tot_uptimes: 259
tot_uptimes_duration: 15480.042559993744
