comms_cons: 48.68608000365231
finished_reconf: true
global_termination_time: 248762.932
local_termination_time: 6824.1413600000005
node_cons: 5092.194982240587
tot_aggregated_send: 0
tot_msg_rcv: 3765
tot_msg_sent: 3635
tot_reconf_duration: 22.65
tot_sleeping_duration: 244982.91983999958
tot_uptimes: 64
tot_uptimes_duration: 3780.012160000435
