comms_cons: 72.95202560792846
finished_reconf: true
global_termination_time: 345181.4067200001
local_termination_time: 345181.3656000001
node_cons: 7121.871331533891
tot_aggregated_send: 0
tot_msg_rcv: 5941
tot_msg_sent: 5148
tot_reconf_duration: 24.59
tot_sleeping_duration: 339887.54703998973
tot_uptimes: 89
tot_uptimes_duration: 5293.859680010362
