comms_cons: 100.44589441121344
finished_reconf: true
global_termination_time: 345181.92448000016
local_termination_time: 2111.0510400000016
node_cons: 14054.553385720219
tot_aggregated_send: 0
tot_msg_rcv: 5141
tot_msg_sent: 10123
tot_reconf_duration: 6.22
tot_sleeping_duration: 334691.927
tot_uptimes: 174
tot_uptimes_duration: 10489.997480000147
