comms_cons: 64.98275840683718
finished_reconf: true
global_termination_time: 326703.738
local_termination_time: 29891.20636
node_cons: 6674.206043363159
tot_aggregated_send: 0
tot_msg_rcv: 5064
tot_msg_sent: 4813
tot_reconf_duration: 4.390000000000001
tot_sleeping_duration: 321723.7197599977
tot_uptimes: 84
tot_uptimes_duration: 4980.018240002355
