comms_cons: 34.3500032012314
finished_reconf: true
global_termination_time: 322558.01800000045
local_termination_time: 322557.97688000044
node_cons: 6669.220667604367
tot_aggregated_send: 3756
tot_msg_rcv: 442
tot_msg_sent: 1022
tot_reconf_duration: 24.59
tot_sleeping_duration: 317602.2095999972
tot_uptimes: 83
tot_uptimes_duration: 4955.808400003247
