comms_cons: 31.488051199985396
finished_reconf: true
global_termination_time: 322713.019
local_termination_time: 248525.14536000005
node_cons: 6603.238980000005
tot_aggregated_send: 4408
tot_msg_rcv: 153
tot_msg_sent: 225
tot_reconf_duration: 11.31
tot_sleeping_duration: 317793.019
tot_uptimes: 83
tot_uptimes_duration: 4920.0
