comms_cons: 249.5132862424605
finished_reconf: true
global_termination_time: 1372612.8
local_termination_time: 96437.48851999978
node_cons: 28205.89640335514
tot_aggregated_send: 0
tot_msg_rcv: 19295
tot_msg_sent: 18629
tot_reconf_duration: 4.8100000000000005
tot_sleeping_duration: 1351552.7817600037
tot_uptimes: 352
tot_uptimes_duration: 21060.018239996338
