comms_cons: 137.36053759603269
finished_reconf: true
global_termination_time: 1376964.854
local_termination_time: 1142511.6671999986
node_cons: 28295.03898000012
tot_aggregated_send: 19430
tot_msg_rcv: 481
tot_msg_sent: 967
tot_reconf_duration: 11.31
tot_sleeping_duration: 1355844.854
tot_uptimes: 353
tot_uptimes_duration: 21120.0
