comms_cons: 136.97236479807745
finished_reconf: true
global_termination_time: 1373903.427
local_termination_time: 589883.7306799985
node_cons: 28217.2248600001
tot_aggregated_send: 19546
tot_msg_rcv: 472
tot_msg_sent: 801
tot_reconf_duration: 13.17
tot_sleeping_duration: 1352843.427
tot_uptimes: 352
tot_uptimes_duration: 21060.0
