comms_cons: 140.30216318828644
finished_reconf: true
global_termination_time: 1368301.889
local_termination_time: 115751.75443999961
node_cons: 28150.592414939612
tot_aggregated_send: 18212
tot_msg_rcv: 1027
tot_msg_sent: 2086
tot_reconf_duration: 22.65
tot_sleeping_duration: 1347301.2663600151
tot_uptimes: 351
tot_uptimes_duration: 21000.622639984736
