comms_cons: 137.18745599570116
finished_reconf: true
global_termination_time: 1369146.96
local_termination_time: 672408.1945999998
node_cons: 28136.151540000054
tot_aggregated_send: 19256
tot_msg_rcv: 563
tot_msg_sent: 1033
tot_reconf_duration: 12.629999999999999
tot_sleeping_duration: 1348146.96
tot_uptimes: 351
tot_uptimes_duration: 21000.0
