comms_cons: 54.6931584019884
finished_reconf: true
global_termination_time: 494172.4833600005
local_termination_time: 494172.44224000047
node_cons: 10204.378411128992
tot_aggregated_send: 5612
tot_msg_rcv: 962
tot_msg_sent: 1739
tot_reconf_duration: 24.59
tot_sleeping_duration: 486576.5272799938
tot_uptimes: 127
tot_uptimes_duration: 7595.956080006697
