comms_cons: 369.6251264058174
finished_reconf: true
global_termination_time: 3742936.282
local_termination_time: 2662350.71436
node_cons: 76978.51235999867
tot_aggregated_send: 53708
tot_msg_rcv: 796
tot_msg_sent: 1676
tot_reconf_duration: 9.42
tot_sleeping_duration: 3685456.282
tot_uptimes: 959
tot_uptimes_duration: 57480.0
