comms_cons: 376.7202944604716
finished_reconf: true
global_termination_time: 3742055.899
local_termination_time: 990118.7155999999
node_cons: 76974.28887675359
tot_aggregated_send: 49068
tot_msg_rcv: 2547
tot_msg_sent: 5646
tot_reconf_duration: 6.22
tot_sleeping_duration: 3684575.8078000336
tot_uptimes: 959
tot_uptimes_duration: 57480.09119996661
