comms_cons: 264.53559038411794
finished_reconf: true
global_termination_time: 2683448.069
local_termination_time: 1569059.79936
node_cons: 55214.45242558336
tot_aggregated_send: 37410
tot_msg_rcv: 887
tot_msg_sent: 1910
tot_reconf_duration: 15.34
tot_sleeping_duration: 2642228.0386000117
tot_uptimes: 688
tot_uptimes_duration: 41220.03039998817
