comms_cons: 268.91729919450745
finished_reconf: true
global_termination_time: 2684007.542
local_termination_time: 173192.70436000006
node_cons: 55224.42011117494
tot_aggregated_send: 37294
tot_msg_rcv: 1108
tot_msg_sent: 2471
tot_reconf_duration: 22.65
tot_sleeping_duration: 2642787.481200018
tot_uptimes: 688
tot_uptimes_duration: 41220.06079998198
