comms_cons: 196.2838527997636
finished_reconf: true
global_termination_time: 2049595.759
local_termination_time: 5046.152999999999
node_cons: 42107.77463999965
tot_aggregated_send: 29804
tot_msg_rcv: 5
tot_msg_sent: 25
tot_reconf_duration: 7.08
tot_sleeping_duration: 2018155.759
tot_uptimes: 525
tot_uptimes_duration: 31440.0
