comms_cons: 73.30544639811423
finished_reconf: true
global_termination_time: 738984.408
local_termination_time: 526474.8936799994
node_cons: 15191.824059999952
tot_aggregated_send: 10614
tot_msg_rcv: 185
tot_msg_sent: 343
tot_reconf_duration: 5.57
tot_sleeping_duration: 727644.408
tot_uptimes: 190
tot_uptimes_duration: 11340.0
