comms_cons: 72.39751679957534
finished_reconf: true
global_termination_time: 735877.302
local_termination_time: 393351.19036000007
node_cons: 15114.547701116864
tot_aggregated_send: 10614
tot_msg_rcv: 107
tot_msg_sent: 283
tot_reconf_duration: 7.819999999999999
tot_sleeping_duration: 724597.2959200024
tot_uptimes: 189
tot_uptimes_duration: 11280.006079997635
