comms_cons: 113.73331200508116
finished_reconf: true
global_termination_time: 574444.605
local_termination_time: 3236.5963600000005
node_cons: 11834.725462242879
tot_aggregated_send: 0
tot_msg_rcv: 8772
tot_msg_sent: 8514
tot_reconf_duration: 18.21
tot_sleeping_duration: 565624.5928399978
tot_uptimes: 148
tot_uptimes_duration: 8820.01216000214
