comms_cons: 57.97040640130074
finished_reconf: true
global_termination_time: 573044.738
local_termination_time: 399733.40136
node_cons: 11736.582082242847
tot_aggregated_send: 7598
tot_msg_rcv: 343
tot_msg_sent: 870
tot_reconf_duration: 5.1
tot_sleeping_duration: 564284.7258399979
tot_uptimes: 147
tot_uptimes_duration: 8760.012160002138
