comms_cons: 59.2989567995946
finished_reconf: true
global_termination_time: 572009.515
local_termination_time: 317065.853
node_cons: 11761.842998962413
tot_aggregated_send: 7538
tot_msg_rcv: 563
tot_msg_sent: 913
tot_reconf_duration: 22.65
tot_sleeping_duration: 563248.4363599983
tot_uptimes: 147
tot_uptimes_duration: 8761.078640001768
