comms_cons: 114.88369920421734
finished_reconf: true
global_termination_time: 576072.26
local_termination_time: 767.6370399999995
node_cons: 11815.990466726036
tot_aggregated_send: 0
tot_msg_rcv: 8924
tot_msg_sent: 8537
tot_reconf_duration: 4.390000000000001
tot_sleeping_duration: 567252.2235199956
tot_uptimes: 148
tot_uptimes_duration: 8820.036480004497
