comms_cons: 342.0090621329714
finished_reconf: true
global_termination_time: 2182214.71
local_termination_time: 590211.4483599999
node_cons: 44836.292685583765
tot_aggregated_send: 0
tot_msg_rcv: 26452
tot_msg_sent: 25535
tot_reconf_duration: 4.8100000000000005
tot_sleeping_duration: 2148734.679600012
tot_uptimes: 559
tot_uptimes_duration: 33480.03039998817
