comms_cons: 2.736947199990955
finished_reconf: true
global_termination_time: 17764.956
local_termination_time: 7089.3463600000005
node_cons: 341.887521120007
tot_aggregated_send: 0
tot_msg_rcv: 252
tot_msg_sent: 164
tot_reconf_duration: 15.110000000000001
tot_sleeping_duration: 17524.949919999992
tot_uptimes: 5
tot_uptimes_duration: 240.00608000000466
