comms_cons: 2.973798399990172
finished_reconf: true
global_termination_time: 18863.777
local_termination_time: 5102.633360000001
node_cons: 338.5115400000002
tot_aggregated_send: 0
tot_msg_rcv: 285
tot_msg_sent: 167
tot_reconf_duration: 12.629999999999999
tot_sleeping_duration: 18623.777
tot_uptimes: 5
tot_uptimes_duration: 240.0
