comms_cons: 2.723788799993929
finished_reconf: true
global_termination_time: 16605.356
local_termination_time: 7462.839360000001
node_cons: 346.754600000001
tot_aggregated_send: 0
tot_msg_rcv: 250
tot_msg_sent: 164
tot_reconf_duration: 18.700000000000003
tot_sleeping_duration: 16365.356
tot_uptimes: 5
tot_uptimes_duration: 240.0
