comms_cons: 858.3178555779584
finished_reconf: true
global_termination_time: 1060030.068
local_termination_time: 368619.3200800006
node_cons: 104971.37884074265
tot_aggregated_send: 0
tot_msg_rcv: 59230
tot_msg_sent: 71226
tot_reconf_duration: 5.57
tot_sleeping_duration: 981640.363160011
tot_uptimes: 1259
tot_uptimes_duration: 78389.70483998905
