comms_cons: 644.1901568831618
finished_reconf: true
global_termination_time: 6496156.6684799995
local_termination_time: 6496156.627359999
node_cons: 133674.59750207057
tot_aggregated_send: 93296
tot_msg_rcv: 1475
tot_msg_sent: 3141
tot_reconf_duration: 37.410000000000004
tot_sleeping_duration: 6396362.945760002
tot_uptimes: 1664
tot_uptimes_duration: 99793.72271999641
