comms_cons: 647.4827969253654
finished_reconf: true
global_termination_time: 6501490.468
local_termination_time: 1955124.880239998
node_cons: 133720.0363511728
tot_aggregated_send: 90538
tot_msg_rcv: 2821
tot_msg_sent: 5054
tot_reconf_duration: 15.34
tot_sleeping_duration: 6401640.4272000175
tot_uptimes: 1665
tot_uptimes_duration: 99850.04079998285
