comms_cons: 637.3249536845777
finished_reconf: true
global_termination_time: 6496427.763
local_termination_time: 4106207.5753599997
node_cons: 133620.29824111244
tot_aggregated_send: 89320
tot_msg_rcv: 2665
tot_msg_sent: 4884
tot_reconf_duration: 10.95
tot_sleeping_duration: 6396647.756920002
tot_uptimes: 1664
tot_uptimes_duration: 99780.00607999787
