comms_cons: 472.2763584553943
finished_reconf: true
global_termination_time: 4840058.988
local_termination_time: 2277999.7329199985
node_cons: 99585.54785245986
tot_aggregated_send: 66758
tot_msg_rcv: 1607
tot_msg_sent: 3418
tot_reconf_duration: 25.299999999999997
tot_sleeping_duration: 4765711.571680012
tot_uptimes: 1240
tot_uptimes_duration: 74347.41631998727
