comms_cons: 491.43210890640455
finished_reconf: true
global_termination_time: 4839795.465
local_termination_time: 351089.2103600001
node_cons: 99556.23593452643
tot_aggregated_send: 66932
tot_msg_rcv: 2882
tot_msg_sent: 4880
tot_reconf_duration: 10.95
tot_sleeping_duration: 4765455.385960023
tot_uptimes: 1240
tot_uptimes_duration: 74340.07903997703
