comms_cons: 483.21194886989485
finished_reconf: true
global_termination_time: 4837698.949
local_termination_time: 951134.0393599999
node_cons: 99465.12702893282
tot_aggregated_send: 67686
tot_msg_rcv: 1842
tot_msg_sent: 3916
tot_reconf_duration: 3.05
tot_sleeping_duration: 4763418.900360018
tot_uptimes: 1239
tot_uptimes_duration: 74280.04863998177
