comms_cons: 34.42798080074214
finished_reconf: true
global_termination_time: 332819.7850400004
local_termination_time: 9845.0242
node_cons: 6855.332519803371
tot_aggregated_send: 4408
tot_msg_rcv: 340
tot_msg_sent: 483
tot_reconf_duration: 4.390000000000001
tot_sleeping_duration: 327704.4968399979
tot_uptimes: 86
tot_uptimes_duration: 5115.288200002513
