comms_cons: 464.88718058778096
finished_reconf: true
global_termination_time: 1029251.271
local_termination_time: 123779.24611999918
node_cons: 62412.71922358992
tot_aggregated_send: 0
tot_msg_rcv: 28533
tot_msg_sent: 42126
tot_reconf_duration: 18.21
tot_sleeping_duration: 982658.2986000066
tot_uptimes: 770
tot_uptimes_duration: 46592.972399993334
