comms_cons: 136.83181436321775
finished_reconf: true
global_termination_time: 1117259.0012400001
local_termination_time: 102157.31147999997
node_cons: 23021.411674186023
tot_aggregated_send: 6902
tot_msg_rcv: 5697
tot_msg_sent: 8210
tot_reconf_duration: 18.21
tot_sleeping_duration: 1100084.4810800403
tot_uptimes: 287
tot_uptimes_duration: 17174.520159959677
