comms_cons: 110.4390784002679
finished_reconf: true
global_termination_time: 1119224.657
local_termination_time: 118513.26663999949
node_cons: 22984.804060000024
tot_aggregated_send: 16182
tot_msg_rcv: 202
tot_msg_sent: 402
tot_reconf_duration: 5.57
tot_sleeping_duration: 1102064.657
tot_uptimes: 287
tot_uptimes_duration: 17160.0
