comms_cons: 109.87984639857319
finished_reconf: true
global_termination_time: 1118798.097
local_termination_time: 197045.01716000077
node_cons: 22981.42264000002
tot_aggregated_send: 15776
tot_msg_rcv: 269
tot_msg_sent: 656
tot_reconf_duration: 3.08
tot_sleeping_duration: 1101638.097
tot_uptimes: 287
tot_uptimes_duration: 17160.0
