comms_cons: 109.7614207973822
finished_reconf: true
global_termination_time: 1118969.99
local_termination_time: 309520.71044000064
node_cons: 22993.40019999999
tot_aggregated_send: 15892
tot_msg_rcv: 294
tot_msg_sent: 497
tot_reconf_duration: 11.899999999999999
tot_sleeping_duration: 1101809.99
tot_uptimes: 287
tot_uptimes_duration: 17160.0
