comms_cons: 110.53872639856411
finished_reconf: true
global_termination_time: 1119814.906
local_termination_time: 563881.5383599998
node_cons: 22992.607121116784
tot_aggregated_send: 16066
tot_msg_rcv: 221
tot_msg_sent: 513
tot_reconf_duration: 11.31
tot_sleeping_duration: 1102654.8999200023
tot_uptimes: 287
tot_uptimes_duration: 17160.006079997635
