comms_cons: 2.2895615999945456
finished_reconf: true
global_termination_time: 12090.847
local_termination_time: 10032.69236
node_cons: 245.16189999999898
tot_aggregated_send: 0
tot_msg_rcv: 176
tot_msg_sent: 172
tot_reconf_duration: 3.05
tot_sleeping_duration: 11910.847
tot_uptimes: 4
tot_uptimes_duration: 180.0
