comms_cons: 370.9874172958288
finished_reconf: true
global_termination_time: 2182430.154
local_termination_time: 977525.830119999
node_cons: 44860.54382893422
tot_aggregated_send: 0
tot_msg_rcv: 28606
tot_msg_sent: 27781
tot_reconf_duration: 22.65
tot_sleeping_duration: 2148950.105360019
tot_uptimes: 559
tot_uptimes_duration: 33480.048639981076
