comms_cons: 215.76549119308785
finished_reconf: true
global_termination_time: 2179570.56648
local_termination_time: 2179570.52536
node_cons: 44881.48794207182
tot_aggregated_send: 31422
tot_msg_rcv: 436
tot_msg_sent: 937
tot_reconf_duration: 24.59
tot_sleeping_duration: 2146076.8437600057
tot_uptimes: 559
tot_uptimes_duration: 33493.722719994475
