comms_cons: 216.88130557577998
finished_reconf: true
global_termination_time: 2180489.226
local_termination_time: 996388.0504799979
node_cons: 44833.918887817425
tot_aggregated_send: 28710
tot_msg_rcv: 1456
tot_msg_sent: 2798
tot_reconf_duration: 3.05
tot_sleeping_duration: 2147009.183440016
tot_uptimes: 559
tot_uptimes_duration: 33480.04255998344
