comms_cons: 110.78714879703777
finished_reconf: true
global_termination_time: 1110201.455
local_termination_time: 146641.93948000006
node_cons: 22820.70190000002
tot_aggregated_send: 15834
tot_msg_rcv: 368
tot_msg_sent: 637
tot_reconf_duration: 3.05
tot_sleeping_duration: 1093161.455
tot_uptimes: 285
tot_uptimes_duration: 17040.0
