comms_cons: 15.559807999672685
finished_reconf: true
global_termination_time: 148605.277
local_termination_time: 63021.889160000166
node_cons: 3058.9141844766154
tot_aggregated_send: 1508
tot_msg_rcv: 270
tot_msg_sent: 587
tot_reconf_duration: 4.390000000000001
tot_sleeping_duration: 146325.25268000254
tot_uptimes: 39
tot_uptimes_duration: 2280.0243199974648
