comms_cons: 133.10379519385108
finished_reconf: true
global_termination_time: 1333905.884
local_termination_time: 586396.3494799999
node_cons: 27404.468240000082
tot_aggregated_send: 19024
tot_msg_rcv: 458
tot_msg_sent: 749
tot_reconf_duration: 6.279999999999999
tot_sleeping_duration: 1313445.884
tot_uptimes: 342
tot_uptimes_duration: 20460.0
