comms_cons: 134.84195839099144
finished_reconf: true
global_termination_time: 1334052.538
local_termination_time: 84272.47251999978
node_cons: 27402.528967831662
tot_aggregated_send: 18328
tot_msg_rcv: 710
tot_msg_sent: 1459
tot_reconf_duration: 4.8100000000000005
tot_sleeping_duration: 1313592.495440006
tot_uptimes: 342
tot_uptimes_duration: 20460.042559993744
