comms_cons: 139.2806911831791
finished_reconf: true
global_termination_time: 1334553.161
local_termination_time: 120537.40435999942
node_cons: 27402.09979199232
tot_aggregated_send: 17052
tot_msg_rcv: 1381
tot_msg_sent: 2736
tot_reconf_duration: 4.390000000000001
tot_sleeping_duration: 1314093.0130000056
tot_uptimes: 342
tot_uptimes_duration: 20460.14799999424
