comms_cons: 135.47951359298744
finished_reconf: true
global_termination_time: 1333516.793
local_termination_time: 144116.05036000005
node_cons: 27404.41118335514
tot_aggregated_send: 18270
tot_msg_rcv: 814
tot_msg_sent: 1508
tot_reconf_duration: 6.22
tot_sleeping_duration: 1313056.7747600037
tot_uptimes: 342
tot_uptimes_duration: 20460.018239996338
