comms_cons: 171.651903986872
finished_reconf: true
global_termination_time: 1721788.03024
local_termination_time: 162361.54248000006
node_cons: 35393.45127830384
tot_aggregated_send: 23142
tot_msg_rcv: 1032
tot_msg_sent: 1916
tot_reconf_duration: 18.21
tot_sleeping_duration: 1695373.7493600121
tot_uptimes: 441
tot_uptimes_duration: 26414.280879987986
