comms_cons: 168.79498239742009
finished_reconf: true
global_termination_time: 1724403.064
local_termination_time: 620508.6433599999
node_cons: 35445.298979999854
tot_aggregated_send: 25056
tot_msg_rcv: 193
tot_msg_sent: 406
tot_reconf_duration: 11.31
tot_sleeping_duration: 1697943.064
tot_uptimes: 442
tot_uptimes_duration: 26460.0
