comms_cons: 10.053644800270298
finished_reconf: true
global_termination_time: 69539.816
local_termination_time: 40876.98912000009
node_cons: 1372.7139411200064
tot_aggregated_send: 290
tot_msg_rcv: 539
tot_msg_sent: 699
tot_reconf_duration: 5.1
tot_sleeping_duration: 68519.80992
tot_uptimes: 18
tot_uptimes_duration: 1020.0060800000065
