comms_cons: 10.31681280022906
finished_reconf: true
global_termination_time: 68608.532
local_termination_time: 13374.857360000002
node_cons: 1400.1618233608724
tot_aggregated_send: 232
tot_msg_rcv: 646
tot_msg_sent: 692
tot_reconf_duration: 25.299999999999997
tot_sleeping_duration: 67588.51375999936
tot_uptimes: 18
tot_uptimes_duration: 1020.0182400006506
