comms_cons: 9.160755200114206
finished_reconf: true
global_termination_time: 69434.872
local_termination_time: 11869.429
node_cons: 1410.705105760012
tot_aggregated_send: 462
tot_msg_rcv: 434
tot_msg_sent: 498
tot_reconf_duration: 22.65
tot_sleeping_duration: 68404.29215999998
tot_uptimes: 18
tot_uptimes_duration: 1030.5798400000094
