comms_cons: 9.383820800096554
finished_reconf: true
global_termination_time: 69747.027
local_termination_time: 9316.335360000001
node_cons: 1391.207164480881
tot_aggregated_send: 348
tot_msg_rcv: 455
tot_msg_sent: 624
tot_reconf_duration: 18.700000000000003
tot_sleeping_duration: 68727.00267999935
tot_uptimes: 18
tot_uptimes_duration: 1020.0243200006571
