comms_cons: 8.673894400109585
finished_reconf: true
global_termination_time: 70445.075
local_termination_time: 45419.21648000001
node_cons: 1452.6764033608704
tot_aggregated_send: 522
tot_msg_rcv: 327
tot_msg_sent: 470
tot_reconf_duration: 4.8100000000000005
tot_sleeping_duration: 69365.05675999934
tot_uptimes: 19
tot_uptimes_duration: 1080.0182400006524
