comms_cons: 9.580569600225058
finished_reconf: true
global_termination_time: 68563.76
local_termination_time: 45138.09248000002
node_cons: 1371.7579022405916
tot_aggregated_send: 406
tot_msg_rcv: 466
tot_msg_sent: 586
tot_reconf_duration: 4.390000000000001
tot_sleeping_duration: 67543.74783999956
tot_uptimes: 18
tot_uptimes_duration: 1020.012160000435
