comms_cons: 18.494131200159014
finished_reconf: true
global_termination_time: 183698.697
local_termination_time: 76551.38935999997
node_cons: 3806.7468411214454
tot_aggregated_send: 2494
tot_msg_rcv: 104
tot_msg_sent: 213
tot_reconf_duration: 22.65
tot_sleeping_duration: 180878.69091999892
tot_uptimes: 48
tot_uptimes_duration: 2820.0060800010688
