comms_cons: 788.4548290031844
finished_reconf: true
global_termination_time: 7868066.419
local_termination_time: 632798.2980000001
node_cons: 161810.79489004752
tot_aggregated_send: 109905
tot_msg_rcv: 3366
tot_msg_sent: 6568
tot_reconf_duration: 4.390000000000001
tot_sleeping_duration: 7747226.36428002
tot_uptimes: 2015
tot_uptimes_duration: 120840.05471997987
