comms_cons: 1.4276863999976135
finished_reconf: true
global_termination_time: 12673.391
local_termination_time: 6343.66736
node_cons: 271.7787000000007
tot_aggregated_send: 0
tot_msg_rcv: 119
tot_msg_sent: 97
tot_reconf_duration: 22.65
tot_sleeping_duration: 12493.391
tot_uptimes: 4
tot_uptimes_duration: 179.99999999999997
