comms_cons: 195.94447998824577
finished_reconf: true
global_termination_time: 1947292.022
local_termination_time: 1270493.38136
node_cons: 40096.20826223347
tot_aggregated_send: 27318
tot_msg_rcv: 840
tot_msg_sent: 1624
tot_reconf_duration: 4.8100000000000005
tot_sleeping_duration: 1917352.0098400048
tot_uptimes: 499
tot_uptimes_duration: 29940.01215999527
