comms_cons: 1338.9968101702825
finished_reconf: true
global_termination_time: 7774388.162
local_termination_time: 2400170.0556000005
node_cons: 159885.16894557996
tot_aggregated_send: 0
tot_msg_rcv: 102767
tot_msg_sent: 100752
tot_reconf_duration: 6.279999999999999
tot_sleeping_duration: 7654988.131600011
tot_uptimes: 1991
tot_uptimes_duration: 119400.03039998884
