comms_cons: 768.806272123966
finished_reconf: true
global_termination_time: 7774296.576
local_termination_time: 5002526.169399999
node_cons: 159893.7759633458
tot_aggregated_send: 109214
tot_msg_rcv: 2481
tot_msg_sent: 5159
tot_reconf_duration: 12.629999999999999
tot_sleeping_duration: 7654896.557760007
tot_uptimes: 1991
tot_uptimes_duration: 119400.0182399936
