comms_cons: 763.2215745150405
finished_reconf: true
global_termination_time: 7773811.059
local_termination_time: 5234201.591359999
node_cons: 159902.01088222783
tot_aggregated_send: 108344
tot_msg_rcv: 2406
tot_msg_sent: 5255
tot_reconf_duration: 18.700000000000003
tot_sleeping_duration: 7654411.046840005
tot_uptimes: 1991
tot_uptimes_duration: 119400.01215999573
