comms_cons: 978.5842114113639
finished_reconf: true
global_termination_time: 9898100.167
local_termination_time: 2281588.3403600003
node_cons: 203589.18104781274
tot_aggregated_send: 138214
tot_msg_rcv: 3429
tot_msg_sent: 7096
tot_reconf_duration: 5.57
tot_sleeping_duration: 9746060.124440014
tot_uptimes: 2535
tot_uptimes_duration: 152040.04255998484
