comms_cons: 976.9483521883858
finished_reconf: true
global_termination_time: 9897981.138
local_termination_time: 2648462.2686799983
node_cons: 203599.49370669416
tot_aggregated_send: 137750
tot_msg_rcv: 3606
tot_msg_sent: 7133
tot_reconf_duration: 13.17
tot_sleeping_duration: 9745941.101520015
tot_uptimes: 2535
tot_uptimes_duration: 152040.03647998627
