comms_cons: 964.2672896635235
finished_reconf: true
global_termination_time: 9897700.936
local_termination_time: 5930594.711999999
node_cons: 203604.3652820684
tot_aggregated_send: 142384
tot_msg_rcv: 1381
tot_msg_sent: 2798
tot_reconf_duration: 11.899999999999999
tot_sleeping_duration: 9745655.973280003
tot_uptimes: 2535
tot_uptimes_duration: 152044.9627199974
