comms_cons: 982.949273864311
finished_reconf: true
global_termination_time: 9896950.244
local_termination_time: 1852128.34748
node_cons: 203604.9962028833
tot_aggregated_send: 137866
tot_msg_rcv: 3783
tot_msg_sent: 7752
tot_reconf_duration: 11.31
tot_sleeping_duration: 9744904.211720023
tot_uptimes: 2535
tot_uptimes_duration: 152046.03227997804
