comms_cons: 137.03815678944656
finished_reconf: true
global_termination_time: 1354352.91648
local_termination_time: 1354352.87536
node_cons: 27866.833784317798
tot_aggregated_send: 18650
tot_msg_rcv: 773
tot_msg_sent: 1405
tot_reconf_duration: 37.410000000000004
tot_sleeping_duration: 1333579.1816000014
tot_uptimes: 347
tot_uptimes_duration: 20773.734879998316
