comms_cons: 134.83868159339727
finished_reconf: true
global_termination_time: 1356835.639
local_termination_time: 464807.11036000005
node_cons: 27895.180386701046
tot_aggregated_send: 18270
tot_msg_rcv: 832
tot_msg_sent: 1393
tot_reconf_duration: 12.629999999999999
tot_sleeping_duration: 1336015.6025200142
tot_uptimes: 348
tot_uptimes_duration: 20820.036479985807
