comms_cons: 58.673305600973606
finished_reconf: true
global_termination_time: 589833.478
local_termination_time: 278958.14336
node_cons: 12137.317902242818
tot_aggregated_send: 7888
tot_msg_rcv: 312
tot_msg_sent: 718
tot_reconf_duration: 4.390000000000001
tot_sleeping_duration: 580773.4658399979
tot_uptimes: 152
tot_uptimes_duration: 9060.012160002138
