comms_cons: 77.41274880937476
finished_reconf: true
global_termination_time: 589250.607
local_termination_time: 256218.47312000042
node_cons: 12061.66026560714
tot_aggregated_send: 0
tot_msg_rcv: 6077
tot_msg_sent: 5689
tot_reconf_duration: 7.819999999999999
tot_sleeping_duration: 580250.5765999946
tot_uptimes: 151
tot_uptimes_duration: 9000.030400005344
