comms_cons: 78.04904959950021
finished_reconf: true
global_termination_time: 791315.426
local_termination_time: 443273.70836000005
node_cons: 16244.038980000021
tot_aggregated_send: 11484
tot_msg_rcv: 157
tot_msg_sent: 222
tot_reconf_duration: 11.31
tot_sleeping_duration: 779195.426
tot_uptimes: 203
tot_uptimes_duration: 12120.0
