comms_cons: 163.95267839551823
finished_reconf: true
global_termination_time: 1666152.06412
local_termination_time: 1666152.023
node_cons: 34272.36931080132
tot_aggregated_send: 24056
tot_msg_rcv: 221
tot_msg_sent: 642
tot_reconf_duration: 24.59
tot_sleeping_duration: 1640581.506919999
tot_uptimes: 427
tot_uptimes_duration: 25570.557200000985
