comms_cons: 398.67219186582355
finished_reconf: true
global_termination_time: 825429.0040799996
local_termination_time: 825428.9629599997
node_cons: 50092.93137667983
tot_aggregated_send: 0
tot_msg_rcv: 24472
tot_msg_sent: 36122
tot_reconf_duration: 24.59
tot_sleeping_duration: 788043.2399599993
tot_uptimes: 616
tot_uptimes_duration: 37385.76412000037
