comms_cons: 165.2985343454386
finished_reconf: true
global_termination_time: 825429.6040799997
local_termination_time: 1499.3744800000004
node_cons: 17002.668268236503
tot_aggregated_send: 0
tot_msg_rcv: 12880
tot_msg_sent: 12243
tot_reconf_duration: 18.21
tot_sleeping_duration: 812750.0379200024
tot_uptimes: 212
tot_uptimes_duration: 12679.566159997368
