comms_cons: 82.10015999966198
finished_reconf: true
global_termination_time: 828694.52
local_termination_time: 197694.93936000005
node_cons: 17040.608240000023
tot_aggregated_send: 11890
tot_msg_rcv: 187
tot_msg_sent: 402
tot_reconf_duration: 6.279999999999999
tot_sleeping_duration: 815974.52
tot_uptimes: 213
tot_uptimes_duration: 12720.0
