comms_cons: 87.70199039262641
finished_reconf: true
global_termination_time: 826336.341
local_termination_time: 41182.39724000011
node_cons: 16957.77489008257
tot_aggregated_send: 10266
tot_msg_rcv: 1084
tot_msg_sent: 1981
tot_reconf_duration: 4.390000000000001
tot_sleeping_duration: 813676.2862799981
tot_uptimes: 212
tot_uptimes_duration: 12660.0547200019
