comms_cons: 266.6549759975504
finished_reconf: true
global_termination_time: 2742277.204
local_termination_time: 1545609.6113999982
node_cons: 56449.90933559674
tot_aggregated_send: 39614
tot_msg_rcv: 320
tot_msg_sent: 596
tot_reconf_duration: 25.299999999999997
tot_sleeping_duration: 2700144.603600002
tot_uptimes: 703
tot_uptimes_duration: 42132.60039999825
