comms_cons: 25.284492800498434
finished_reconf: true
global_termination_time: 244357.479
local_termination_time: 55133.085
node_cons: 4988.022082241725
tot_aggregated_send: 3186
tot_msg_rcv: 249
tot_msg_sent: 409
tot_reconf_duration: 5.1
tot_sleeping_duration: 240637.4668399987
tot_uptimes: 63
tot_uptimes_duration: 3720.0121600012862
