comms_cons: 253.19393281095478
finished_reconf: true
global_termination_time: 2546290.432
local_termination_time: 1783679.4483599998
node_cons: 52406.40917999915
tot_aggregated_send: 36598
tot_msg_rcv: 685
tot_msg_sent: 1201
tot_reconf_duration: 18.21
tot_sleeping_duration: 2507170.432
tot_uptimes: 653
tot_uptimes_duration: 39120.0
