comms_cons: 255.5482304052855
finished_reconf: true
global_termination_time: 2544877.4406
local_termination_time: 2544877.3994799997
node_cons: 52354.58052070515
tot_aggregated_send: 35424
tot_msg_rcv: 1075
tot_msg_sent: 2342
tot_reconf_duration: 24.59
tot_sleeping_duration: 2505802.61812001
tot_uptimes: 652
tot_uptimes_duration: 39074.822479989714
