comms_cons: 255.13782399009565
finished_reconf: true
global_termination_time: 2546993.256
local_termination_time: 536911.3521999995
node_cons: 52389.11906893409
tot_aggregated_send: 35496
tot_msg_rcv: 1072
tot_msg_sent: 2210
tot_reconf_duration: 5.43
tot_sleeping_duration: 2507873.2073600185
tot_uptimes: 653
tot_uptimes_duration: 39120.04863998131
