comms_cons: 84.74582399953955
finished_reconf: true
global_termination_time: 852750.4251200003
local_termination_time: 19663.2786
node_cons: 17589.570770797203
tot_aggregated_send: 12064
tot_msg_rcv: 311
tot_msg_sent: 505
tot_reconf_duration: 22.65
tot_sleeping_duration: 839637.0479200024
tot_uptimes: 219
tot_uptimes_duration: 13113.377199997893
