comms_cons: 112.5219839963959
finished_reconf: true
global_termination_time: 1158469.46624
local_termination_time: 35343.72448000001
node_cons: 23827.288502882555
tot_aggregated_send: 10034
tot_msg_rcv: 2755
tot_msg_sent: 4312
tot_reconf_duration: 18.21
tot_sleeping_duration: 1140693.0963199981
tot_uptimes: 297
tot_uptimes_duration: 17776.36992000189
