comms_cons: 113.0878271995171
finished_reconf: true
global_termination_time: 1163274.444
local_termination_time: 167577.71836000006
node_cons: 23867.905800000044
tot_aggregated_send: 16472
tot_msg_rcv: 226
tot_msg_sent: 490
tot_reconf_duration: 5.1
tot_sleeping_duration: 1145454.444
tot_uptimes: 298
tot_uptimes_duration: 17820.0
