comms_cons: 114.24744960012636
finished_reconf: true
global_termination_time: 1159069.376
local_termination_time: 175282.45020000066
node_cons: 23798.524860000052
tot_aggregated_send: 16588
tot_msg_rcv: 220
tot_msg_sent: 556
tot_reconf_duration: 13.17
tot_sleeping_duration: 1141309.376
tot_uptimes: 297
tot_uptimes_duration: 17760.0
