comms_cons: 179.32267518985074
finished_reconf: true
global_termination_time: 1799046.601
local_termination_time: 224612.13736000008
node_cons: 36990.76554112133
tot_aggregated_send: 25520
tot_msg_rcv: 599
tot_msg_sent: 1137
tot_reconf_duration: 25.299999999999997
tot_sleeping_duration: 1771446.594919999
tot_uptimes: 461
tot_uptimes_duration: 27600.00608000107
