comms_cons: 177.82344959172775
finished_reconf: true
global_termination_time: 1797076.527
local_termination_time: 775511.1553599999
node_cons: 36960.58263999981
tot_aggregated_send: 25868
tot_msg_rcv: 350
tot_msg_sent: 810
tot_reconf_duration: 3.08
tot_sleeping_duration: 1769476.527
tot_uptimes: 461
tot_uptimes_duration: 27600.0
