comms_cons: 179.04563839291703
finished_reconf: true
global_termination_time: 1799268.031
local_termination_time: 702535.5643599998
node_cons: 36973.55153999988
tot_aggregated_send: 25868
tot_msg_rcv: 545
tot_msg_sent: 801
tot_reconf_duration: 12.629999999999999
tot_sleeping_duration: 1771668.031
tot_uptimes: 461
tot_uptimes_duration: 27600.0
