comms_cons: 177.40812799714354
finished_reconf: true
global_termination_time: 1797788.78
local_termination_time: 434377.12636
node_cons: 36972.560199999825
tot_aggregated_send: 25926
tot_msg_rcv: 296
tot_msg_sent: 743
tot_reconf_duration: 11.899999999999999
tot_sleeping_duration: 1770188.78
tot_uptimes: 461
tot_uptimes_duration: 27600.0
