comms_cons: 179.31014398395183
finished_reconf: true
global_termination_time: 1798271.948
local_termination_time: 560447.6343199996
node_cons: 36962.43489005138
tot_aggregated_send: 24128
tot_msg_rcv: 1082
tot_msg_sent: 2045
tot_reconf_duration: 4.390000000000001
tot_sleeping_duration: 1770671.8932800214
tot_uptimes: 461
tot_uptimes_duration: 27600.05471997871
