comms_cons: 177.94603518828333
finished_reconf: true
global_termination_time: 1798249.719
local_termination_time: 777953.3645999997
node_cons: 36963.81464558397
tot_aggregated_send: 24302
tot_msg_rcv: 934
tot_msg_sent: 1812
tot_reconf_duration: 5.43
tot_sleeping_duration: 1770649.6886000119
tot_uptimes: 461
tot_uptimes_duration: 27600.030399988194
