comms_cons: 13.39857279947322
finished_reconf: true
global_termination_time: 93238.496
local_termination_time: 30340.76736
node_cons: 1855.4247655980353
tot_aggregated_send: 174
tot_msg_rcv: 809
tot_msg_sent: 1055
tot_reconf_duration: 5.57
tot_sleeping_duration: 91858.46560000147
tot_uptimes: 24
tot_uptimes_duration: 1380.0303999985335
