comms_cons: 11.210227199982256
finished_reconf: true
global_termination_time: 91188.936
local_termination_time: 17739.15236
node_cons: 1860.207662240583
tot_aggregated_send: 580
tot_msg_rcv: 424
tot_msg_sent: 701
tot_reconf_duration: 9.11
tot_sleeping_duration: 89808.92383999957
tot_uptimes: 24
tot_uptimes_duration: 1380.012160000435
