comms_cons: 10.796467200129946
finished_reconf: true
global_termination_time: 96965.525
local_termination_time: 50917.01636000001
node_cons: 1943.046382240578
tot_aggregated_send: 754
tot_msg_rcv: 463
tot_msg_sent: 424
tot_reconf_duration: 10.95
tot_sleeping_duration: 95525.51283999956
tot_uptimes: 25
tot_uptimes_duration: 1440.012160000435
