comms_cons: 11.03457280010861
finished_reconf: true
global_termination_time: 90140.69323999975
local_termination_time: 49718.59348000002
node_cons: 1927.6526493596568
tot_aggregated_send: 638
tot_msg_rcv: 448
tot_msg_sent: 592
tot_reconf_duration: 11.899999999999999
tot_sleeping_duration: 88713.141
tot_uptimes: 24
tot_uptimes_duration: 1427.5522399997426
