comms_cons: 71.25273599921653
finished_reconf: true
global_termination_time: 724908.27
local_termination_time: 5393.246
node_cons: 14878.832042240603
tot_aggregated_send: 10428
tot_msg_rcv: 110
tot_msg_sent: 292
tot_reconf_duration: 11.719999999999999
tot_sleeping_duration: 713808.2578399996
tot_uptimes: 186
tot_uptimes_duration: 11100.012160000435
