comms_cons: 121.91257599498252
finished_reconf: true
global_termination_time: 615155.574
local_termination_time: 502561.08136000007
node_cons: 12644.154982238313
tot_aggregated_send: 0
tot_msg_rcv: 9443
tot_msg_sent: 9087
tot_reconf_duration: 22.65
tot_sleeping_duration: 605735.5618400013
tot_uptimes: 158
tot_uptimes_duration: 9420.012159998703
