comms_cons: 63.24139520161285
finished_reconf: true
global_termination_time: 615536.867
local_termination_time: 174719.79148000007
node_cons: 12647.778105607193
tot_aggregated_send: 7888
tot_msg_rcv: 631
tot_msg_sent: 1093
tot_reconf_duration: 25.299999999999997
tot_sleeping_duration: 606116.8365999947
tot_uptimes: 158
tot_uptimes_duration: 9420.030400005342
