comms_cons: 63.134630398881406
finished_reconf: true
global_termination_time: 619089.774
local_termination_time: 298316.22760000004
node_cons: 12714.271944481123
tot_aggregated_send: 8236
tot_msg_rcv: 454
tot_msg_sent: 906
tot_reconf_duration: 15.110000000000001
tot_sleeping_duration: 609609.7496799991
tot_uptimes: 159
tot_uptimes_duration: 9480.02432000084
