comms_cons: 61.98264319910734
finished_reconf: true
global_termination_time: 620198.077
local_termination_time: 273675.1234000008
node_cons: 12706.52050111683
tot_aggregated_send: 8642
tot_msg_rcv: 262
tot_msg_sent: 517
tot_reconf_duration: 9.42
tot_sleeping_duration: 610718.0709200024
tot_uptimes: 159
tot_uptimes_duration: 9480.006079997635
