comms_cons: 62.721395198022414
finished_reconf: true
global_termination_time: 619261.166
local_termination_time: 48986.72636000001
node_cons: 12709.11154448
tot_aggregated_send: 8236
tot_msg_rcv: 373
tot_msg_sent: 926
tot_reconf_duration: 11.31
tot_sleeping_duration: 609781.14168
tot_uptimes: 159
tot_uptimes_duration: 9480.02431999999
