comms_cons: 62.75240959919124
finished_reconf: true
global_termination_time: 615472.271
local_termination_time: 300824.15836000006
node_cons: 12620.794645593365
tot_aggregated_send: 8236
tot_msg_rcv: 432
tot_msg_sent: 870
tot_reconf_duration: 5.43
tot_sleeping_duration: 606052.2406000049
tot_uptimes: 158
tot_uptimes_duration: 9420.030399995041
