comms_cons: 63.14058240083772
finished_reconf: true
global_termination_time: 616444.095
local_termination_time: 320694.63644000026
node_cons: 12634.260566724039
tot_aggregated_send: 7830
tot_msg_rcv: 575
tot_msg_sent: 1192
tot_reconf_duration: 15.34
tot_sleeping_duration: 607024.058519997
tot_uptimes: 158
tot_uptimes_duration: 9420.036480002978
