comms_cons: 32.60056319992382
finished_reconf: true
global_termination_time: 12010.545240000003
local_termination_time: 3413.245440000005
node_cons: 3695.9645124400613
tot_aggregated_send: 0
tot_msg_rcv: 2387
tot_msg_sent: 2568
tot_reconf_duration: 18.21
tot_sleeping_duration: 9268.771279999959
tot_uptimes: 41
tot_uptimes_duration: 2741.7739600000446
