comms_cons: 2.29614079999466
finished_reconf: true
global_termination_time: 12584.402
local_termination_time: 5342.179359999999
node_cons: 245.161899999999
tot_aggregated_send: 0
tot_msg_rcv: 176
tot_msg_sent: 172
tot_reconf_duration: 3.05
tot_sleeping_duration: 12404.402
tot_uptimes: 4
tot_uptimes_duration: 179.99999999999997
