comms_cons: 36.514560000098925
finished_reconf: true
global_termination_time: 353415.127
local_termination_time: 105017.10235999998
node_cons: 7237.97394000002
tot_aggregated_send: 4582
tot_msg_rcv: 335
tot_msg_sent: 633
tot_reconf_duration: 5.43
tot_sleeping_duration: 348015.127
tot_uptimes: 91
tot_uptimes_duration: 5400.0
