comms_cons: 32.027583999933775
finished_reconf: true
global_termination_time: 10758.292480000007
local_termination_time: 2663.774600000002
node_cons: 4700.351893840014
tot_aggregated_send: 0
tot_msg_rcv: 2540
tot_msg_sent: 2328
tot_reconf_duration: 18.21
tot_sleeping_duration: 7266.415919999998
tot_uptimes: 49
tot_uptimes_duration: 3491.87656000001
