comms_cons: 1.3224191999998527
finished_reconf: true
global_termination_time: 12777.538
local_termination_time: 7455.924360000002
node_cons: 256.3789799999994
tot_aggregated_send: 0
tot_msg_rcv: 107
tot_msg_sent: 94
tot_reconf_duration: 11.31
tot_sleeping_duration: 12597.538
tot_uptimes: 4
tot_uptimes_duration: 180.0
