comms_cons: 94.62108159463897
finished_reconf: true
global_termination_time: 947918.9591200005
local_termination_time: 688922.5725999998
node_cons: 19520.551850797536
tot_aggregated_send: 13224
tot_msg_rcv: 381
tot_msg_sent: 777
tot_reconf_duration: 4.8100000000000005
tot_sleeping_duration: 933345.3819200024
tot_uptimes: 243
tot_uptimes_duration: 14573.577199998079
