comms_cons: 98.84840959365138
finished_reconf: true
global_termination_time: 950232.467
local_termination_time: 61875.08784000003
node_cons: 19528.61418448576
tot_aggregated_send: 12528
tot_msg_rcv: 926
tot_msg_sent: 1572
tot_reconf_duration: 4.390000000000001
tot_sleeping_duration: 935652.4426799957
tot_uptimes: 244
tot_uptimes_duration: 14580.024320004275
