comms_cons: 98.21512319128803
finished_reconf: true
global_termination_time: 951423.718
local_termination_time: 80548.56543999958
node_cons: 19526.81074671712
tot_aggregated_send: 12470
tot_msg_rcv: 826
tot_msg_sent: 1632
tot_reconf_duration: 3.05
tot_sleeping_duration: 936843.6815200022
tot_uptimes: 244
tot_uptimes_duration: 14580.036479997842
