comms_cons: 56.975871999876446
finished_reconf: true
global_termination_time: 563273.351
local_termination_time: 260874.59636000005
node_cons: 11593.713603362017
tot_aggregated_send: 7714
tot_msg_rcv: 321
tot_msg_sent: 626
tot_reconf_duration: 18.21
tot_sleeping_duration: 554633.3327599985
tot_uptimes: 145
tot_uptimes_duration: 8640.018240001504
