comms_cons: 58.64559359948663
finished_reconf: true
global_termination_time: 562926.2981599984
local_termination_time: 16164.812240000005
node_cons: 11649.91607959756
tot_aggregated_send: 7134
tot_msg_rcv: 511
tot_msg_sent: 1269
tot_reconf_duration: 3.08
tot_sleeping_duration: 554228.9617600002
tot_uptimes: 145
tot_uptimes_duration: 8697.336399998167
