comms_cons: 56.21926400061586
finished_reconf: true
global_termination_time: 563448.816
local_termination_time: 131089.41936000006
node_cons: 11581.331380000076
tot_aggregated_send: 7888
tot_msg_rcv: 201
tot_msg_sent: 456
tot_reconf_duration: 9.11
tot_sleeping_duration: 554808.8159999999
tot_uptimes: 145
tot_uptimes_duration: 8640.00000000003
