comms_cons: 139.9178559936848
finished_reconf: true
global_termination_time: 1396915.978
local_termination_time: 176361.79472000012
node_cons: 28701.899380000064
tot_aggregated_send: 19836
tot_msg_rcv: 572
tot_msg_sent: 857
tot_reconf_duration: 15.110000000000001
tot_sleeping_duration: 1375495.978
tot_uptimes: 358
tot_uptimes_duration: 21420.0
