comms_cons: 138.93359359165697
finished_reconf: true
global_termination_time: 1396409.546
local_termination_time: 881995.4793599999
node_cons: 28696.250099999983
tot_aggregated_send: 20010
tot_msg_rcv: 421
tot_msg_sent: 686
tot_reconf_duration: 10.95
tot_sleeping_duration: 1374989.546
tot_uptimes: 358
tot_uptimes_duration: 21420.0
