comms_cons: 81.91229441068418
finished_reconf: true
global_termination_time: 522575.149
local_termination_time: 25531.869360000004
node_cons: 10689.370041120026
tot_aggregated_send: 0
tot_msg_rcv: 6355
tot_msg_sent: 6096
tot_reconf_duration: 3.05
tot_sleeping_duration: 514595.14291999995
tot_uptimes: 134
tot_uptimes_duration: 7980.0060800000065
