comms_cons: 41.565990399910284
finished_reconf: true
global_termination_time: 10434.86336000001
local_termination_time: 1330.0735200000183
node_cons: 4470.93047252004
tot_aggregated_send: 0
tot_msg_rcv: 3403
tot_msg_sent: 2914
tot_reconf_duration: 18.21
tot_sleeping_duration: 7114.324679999981
tot_uptimes: 40
tot_uptimes_duration: 3320.5386800000297
