comms_cons: 2.2895615999945456
finished_reconf: true
global_termination_time: 13959.449
local_termination_time: 5794.12036
node_cons: 246.98162000000042
tot_aggregated_send: 0
tot_msg_rcv: 178
tot_msg_sent: 170
tot_reconf_duration: 4.390000000000001
tot_sleeping_duration: 13779.449
tot_uptimes: 4
tot_uptimes_duration: 180.0000000000009
