comms_cons: 2.257292799996017
finished_reconf: true
global_termination_time: 11803.929
local_termination_time: 6787.843360000001
node_cons: 256.3789800000005
tot_aggregated_send: 0
tot_msg_rcv: 179
tot_msg_sent: 164
tot_reconf_duration: 11.31
tot_sleeping_duration: 11623.929
tot_uptimes: 4
tot_uptimes_duration: 180.0
