comms_cons: 163.48654079227154
finished_reconf: true
global_termination_time: 1645501.212
local_termination_time: 1006127.9583599999
node_cons: 33835.932360000064
tot_aggregated_send: 23374
tot_msg_rcv: 439
tot_msg_sent: 1036
tot_reconf_duration: 9.42
tot_sleeping_duration: 1620241.212
tot_uptimes: 422
tot_uptimes_duration: 25260.0
