comms_cons: 167.17151998377224
finished_reconf: true
global_termination_time: 1646879.027
local_termination_time: 541675.6845599985
node_cons: 33829.16674893469
tot_aggregated_send: 22504
tot_msg_rcv: 982
tot_msg_sent: 1924
tot_reconf_duration: 4.390000000000001
tot_sleeping_duration: 1621618.978360019
tot_uptimes: 422
tot_uptimes_duration: 25260.048639981076
