comms_cons: 167.7827583813581
finished_reconf: true
global_termination_time: 1645358.118
local_termination_time: 974232.5383599998
node_cons: 33830.56278670091
tot_aggregated_send: 21866
tot_msg_rcv: 1079
tot_msg_sent: 2557
tot_reconf_duration: 5.43
tot_sleeping_duration: 1620098.0815200142
tot_uptimes: 422
tot_uptimes_duration: 25260.036479985807
