comms_cons: 283.99116799902947
finished_reconf: true
global_termination_time: 2808405.909
local_termination_time: 1727550.995
node_cons: 57882.49518958179
tot_aggregated_send: 38916
tot_msg_rcv: 1407
tot_msg_sent: 2842
tot_reconf_duration: 18.700000000000003
tot_sleeping_duration: 2765196.722600013
tot_uptimes: 720
tot_uptimes_duration: 43209.18639998697
