comms_cons: 281.72792321152576
finished_reconf: true
global_termination_time: 2810785.562
local_termination_time: 616588.9963599999
node_cons: 57849.00702893495
tot_aggregated_send: 39846
tot_msg_rcv: 1053
tot_msg_sent: 1922
tot_reconf_duration: 3.05
tot_sleeping_duration: 2767585.513360018
tot_uptimes: 720
tot_uptimes_duration: 43200.04863998201
