comms_cons: 252.95384958351568
finished_reconf: true
global_termination_time: 2471331.155
local_termination_time: 1100132.13948
node_cons: 50783.497792284805
tot_aggregated_send: 32828
tot_msg_rcv: 1896
tot_msg_sent: 3726
tot_reconf_duration: 6.279999999999999
tot_sleeping_duration: 2433411.0881200256
tot_uptimes: 633
tot_uptimes_duration: 37920.06687997421
