comms_cons: 245.58179839617983
finished_reconf: true
global_termination_time: 2469256.824
local_termination_time: 1067043.1482399988
node_cons: 50781.80579999908
tot_aggregated_send: 35264
tot_msg_rcv: 692
tot_msg_sent: 1371
tot_reconf_duration: 5.1
tot_sleeping_duration: 2431336.824
tot_uptimes: 633
tot_uptimes_duration: 37920.0
