comms_cons: 246.9007487883748
finished_reconf: true
global_termination_time: 2469393.291
local_termination_time: 1735380.1190000002
node_cons: 50793.124163996785
tot_aggregated_send: 34853
tot_msg_rcv: 883
tot_msg_sent: 1792
tot_reconf_duration: 12.629999999999999
tot_sleeping_duration: 2431472.475000002
tot_uptimes: 633
tot_uptimes_duration: 37920.81599999801
