comms_cons: 244.2791167919783
finished_reconf: true
global_termination_time: 2469244.956
local_termination_time: 1522201.67936
node_cons: 50791.04019999946
tot_aggregated_send: 35554
tot_msg_rcv: 557
tot_msg_sent: 1018
tot_reconf_duration: 11.899999999999999
tot_sleeping_duration: 2431324.956
tot_uptimes: 633
tot_uptimes_duration: 37920.0
