comms_cons: 84.55650559917802
finished_reconf: true
global_termination_time: 860766.136
local_termination_time: 766553.8133599999
node_cons: 17681.733941116825
tot_aggregated_send: 12586
tot_msg_rcv: 95
tot_msg_sent: 171
tot_reconf_duration: 5.1
tot_sleeping_duration: 847566.1299200024
tot_uptimes: 221
tot_uptimes_duration: 13200.006079997635
