comms_cons: 85.35196159893084
finished_reconf: true
global_termination_time: 862217.956
local_termination_time: 419096.0983600001
node_cons: 17678.941900000093
tot_aggregated_send: 12296
tot_msg_rcv: 215
tot_msg_sent: 462
tot_reconf_duration: 3.05
tot_sleeping_duration: 849017.956
tot_uptimes: 221
tot_uptimes_duration: 13200.000000000002
