comms_cons: 716.9869498839329
finished_reconf: true
global_termination_time: 1486438.8355999999
local_termination_time: 1486438.79448
node_cons: 89911.14317995014
tot_aggregated_send: 0
tot_msg_rcv: 44147
tot_msg_sent: 64831
tot_reconf_duration: 37.410000000000004
tot_sleeping_duration: 1419328.7979600057
tot_uptimes: 1102
tot_uptimes_duration: 67110.03763999432
