comms_cons: 144.2430079922905
finished_reconf: true
global_termination_time: 1489213.047
local_termination_time: 819146.2610799986
node_cons: 30630.10008558419
tot_aggregated_send: 20010
tot_msg_rcv: 706
tot_msg_sent: 1208
tot_reconf_duration: 15.110000000000001
tot_sleeping_duration: 1466353.0166000118
tot_uptimes: 382
tot_uptimes_duration: 22860.030399988173
