comms_cons: 149.69277438675252
finished_reconf: true
global_termination_time: 1488066.147
local_termination_time: 257007.39599999998
node_cons: 30618.348611342975
tot_aggregated_send: 20181
tot_msg_rcv: 878
tot_msg_sent: 1695
tot_reconf_duration: 6.22
tot_sleeping_duration: 1465205.8767600127
tot_uptimes: 382
tot_uptimes_duration: 22860.27023998725
