comms_cons: 676.8449085688292
finished_reconf: true
global_termination_time: 2325572.1166
local_termination_time: 2325572.0754799997
node_cons: 94784.38029151765
tot_aggregated_send: 0
tot_msg_rcv: 34511
tot_msg_sent: 68364
tot_reconf_duration: 24.59
tot_sleeping_duration: 2254809.6169199995
tot_uptimes: 1166
tot_uptimes_duration: 70762.49968000037
