comms_cons: 236.64698878945154
finished_reconf: true
global_termination_time: 2325573.0311199916
local_termination_time: 139030.69236000098
node_cons: 47861.28248501286
tot_aggregated_send: 30972
tot_msg_rcv: 1560
tot_msg_sent: 3437
tot_reconf_duration: 4.390000000000001
tot_sleeping_duration: 2289833.4337600116
tot_uptimes: 596
tot_uptimes_duration: 35739.597359980165
