comms_cons: 814.577542591097
finished_reconf: true
global_termination_time: 8167706.445
local_termination_time: 4187123.0444399985
node_cons: 168001.97506669685
tot_aggregated_send: 113970
tot_msg_rcv: 3457
tot_msg_sent: 6384
tot_reconf_duration: 8.09
tot_sleeping_duration: 8042246.408520013
tot_uptimes: 2092
tot_uptimes_duration: 125460.0364799872
