comms_cons: 809.0610370074514
finished_reconf: true
global_termination_time: 8166227.365
local_termination_time: 5813935.5632
node_cons: 168003.77445814045
tot_aggregated_send: 112056
tot_msg_rcv: 3545
tot_msg_sent: 7368
tot_reconf_duration: 9.42
tot_sleeping_duration: 8040767.33356001
tot_uptimes: 2092
tot_uptimes_duration: 125460.0314399898
