comms_cons: 824.8643138613669
finished_reconf: true
global_termination_time: 8168201.955
local_termination_time: 670737.1293599999
node_cons: 167997.56967339874
tot_aggregated_send: 111882
tot_msg_rcv: 4312
tot_msg_sent: 9178
tot_reconf_duration: 4.8100000000000005
tot_sleeping_duration: 8042741.882040027
tot_uptimes: 2092
tot_uptimes_duration: 125460.07295997348
