comms_cons: 104.69480959390994
finished_reconf: true
global_termination_time: 1027247.63
local_termination_time: 517389.17980000074
node_cons: 21173.652792789737
tot_aggregated_send: 13630
tot_msg_rcv: 783
tot_msg_sent: 1500
tot_reconf_duration: 25.299999999999997
tot_sleeping_duration: 1011460.2548000077
tot_uptimes: 264
tot_uptimes_duration: 15787.375199992326
