comms_cons: 102.2997567943153
finished_reconf: true
global_termination_time: 1029395.943
local_termination_time: 527563.6324799998
node_cons: 21149.980085584175
tot_aggregated_send: 13804
tot_msg_rcv: 585
tot_msg_sent: 1159
tot_reconf_duration: 15.110000000000001
tot_sleeping_duration: 1013615.9126000118
tot_uptimes: 264
tot_uptimes_duration: 15780.030399988173
