comms_cons: 101.4716287942086
finished_reconf: true
global_termination_time: 1030344.658
local_termination_time: 484575.48436
node_cons: 21154.830882233633
tot_aggregated_send: 13920
tot_msg_rcv: 429
tot_msg_sent: 1074
tot_reconf_duration: 18.700000000000003
tot_sleeping_duration: 1014564.6458400048
tot_uptimes: 264
tot_uptimes_duration: 15780.012159995269
