comms_cons: 57.27851519944545
finished_reconf: true
global_termination_time: 582172.863
local_termination_time: 24371.37036
node_cons: 11978.224060000017
tot_aggregated_send: 8526
tot_msg_rcv: 69
tot_msg_sent: 111
tot_reconf_duration: 5.57
tot_sleeping_duration: 573232.863
tot_uptimes: 150
tot_uptimes_duration: 8940.0
