comms_cons: 191.15576318430092
finished_reconf: true
global_termination_time: 1893113.966
local_termination_time: 773287.9983599989
node_cons: 38918.941823350346
tot_aggregated_send: 26332
tot_msg_rcv: 1001
tot_msg_sent: 1721
tot_reconf_duration: 25.299999999999997
tot_sleeping_duration: 1864073.947760007
tot_uptimes: 485
tot_uptimes_duration: 29040.018239992904
