comms_cons: 190.19055998530527
finished_reconf: true
global_termination_time: 1890666.078
local_termination_time: 789057.3670000001
node_cons: 38891.12454446719
tot_aggregated_send: 26384
tot_msg_rcv: 836
tot_msg_sent: 1688
tot_reconf_duration: 4.8100000000000005
tot_sleeping_duration: 1861626.0536800094
tot_uptimes: 485
tot_uptimes_duration: 29040.024319990538
