comms_cons: 190.5336319827665
finished_reconf: true
global_termination_time: 1891197.053
local_termination_time: 407094.99536
node_cons: 38893.071888934406
tot_aggregated_send: 26390
tot_msg_rcv: 883
tot_msg_sent: 1687
tot_reconf_duration: 6.22
tot_sleeping_duration: 1862157.004360019
tot_uptimes: 485
tot_uptimes_duration: 29040.048639981076
