comms_cons: 281.0897408078441
finished_reconf: true
global_termination_time: 2809165.076
local_termination_time: 7005.664
node_cons: 57850.22108782171
tot_aggregated_send: 39261
tot_msg_rcv: 1019
tot_msg_sent: 2444
tot_reconf_duration: 3.95
tot_sleeping_duration: 2765965.033440013
tot_uptimes: 720
tot_uptimes_duration: 43200.04255998711
