comms_cons: 283.50506880750385
finished_reconf: false
global_termination_time: 2810442.956
local_termination_time: 0
node_cons: 57891.94988117523
tot_aggregated_send: 39265
tot_msg_rcv: 1355
tot_msg_sent: 2470
tot_reconf_duration: 34.67
tot_sleeping_duration: 2767242.905200017
tot_uptimes: 720
tot_uptimes_duration: 43200.05079998239
