comms_cons: 192.23911037997527
finished_reconf: true
global_termination_time: 1894030.541
local_termination_time: 754555.2563599999
node_cons: 38969.08260558401
tot_aggregated_send: 25346
tot_msg_rcv: 1365
tot_msg_sent: 2507
tot_reconf_duration: 3.05
tot_sleeping_duration: 1864930.5106000118
tot_uptimes: 486
tot_uptimes_duration: 29100.030399988173
