comms_cons: 189.23878398501233
finished_reconf: true
global_termination_time: 1897028.641
local_termination_time: 1050554.053
node_cons: 38975.5521244672
tot_aggregated_send: 26212
tot_msg_rcv: 860
tot_msg_sent: 1692
tot_reconf_duration: 7.819999999999999
tot_sleeping_duration: 1867928.6166800095
tot_uptimes: 486
tot_uptimes_duration: 29100.024319990538
