comms_cons: 160.12519679146075
finished_reconf: true
global_termination_time: 1589486.2912400002
local_termination_time: 173318.01848000006
node_cons: 32775.995073832324
tot_aggregated_send: 22272
tot_msg_rcv: 774
tot_msg_sent: 1292
tot_reconf_duration: 18.21
tot_sleeping_duration: 1565026.794680006
tot_uptimes: 408
tot_uptimes_duration: 24459.496559994237
