comms_cons: 44.06090240015659
finished_reconf: true
global_termination_time: 448320.61
local_termination_time: 64264.08848000001
node_cons: 9174.118980000008
tot_aggregated_send: 6496
tot_msg_rcv: 95
tot_msg_sent: 106
tot_reconf_duration: 11.31
tot_sleeping_duration: 441480.61
tot_uptimes: 115
tot_uptimes_duration: 6840.0
