comms_cons: 25.237811200105202
finished_reconf: true
global_termination_time: 252690.54
local_termination_time: 53075.23148000002
node_cons: 5149.133940000005
tot_aggregated_send: 3480
tot_msg_rcv: 129
tot_msg_sent: 227
tot_reconf_duration: 5.43
tot_sleeping_duration: 248850.54
tot_uptimes: 65
tot_uptimes_duration: 3840.0
