comms_cons: 156.25004799583846
finished_reconf: true
global_termination_time: 1584728.657
local_termination_time: 1192109.3053599999
node_cons: 32572.065541116946
tot_aggregated_send: 22794
tot_msg_rcv: 282
tot_msg_sent: 673
tot_reconf_duration: 25.299999999999997
tot_sleeping_duration: 1560428.6509200023
tot_uptimes: 406
tot_uptimes_duration: 24300.006079997635
