comms_cons: 156.88760319530184
finished_reconf: true
global_termination_time: 1582912.763
local_termination_time: 863909.4086399982
node_cons: 32550.500501116945
tot_aggregated_send: 22794
tot_msg_rcv: 363
tot_msg_sent: 689
tot_reconf_duration: 9.42
tot_sleeping_duration: 1558612.7569200024
tot_uptimes: 406
tot_uptimes_duration: 24300.006079997635
