comms_cons: 160.16404478413355
finished_reconf: true
global_termination_time: 1581586.3711200003
local_termination_time: 211619.0072800008
node_cons: 32601.959001970296
tot_aggregated_send: 21634
tot_msg_rcv: 900
tot_msg_sent: 1810
tot_reconf_duration: 4.390000000000001
tot_sleeping_duration: 1557242.8331200227
tot_uptimes: 406
tot_uptimes_duration: 24343.537999977765
