comms_cons: 161.90815998020983
finished_reconf: true
global_termination_time: 1584514.078
local_termination_time: 1016907.0699199993
node_cons: 32548.360265584302
tot_aggregated_send: 20648
tot_msg_rcv: 1514
tot_msg_sent: 2448
tot_reconf_duration: 7.819999999999999
tot_sleeping_duration: 1560214.0476000118
tot_uptimes: 406
tot_uptimes_duration: 24300.030399988173
