comms_cons: 120.52436479342315
finished_reconf: true
global_termination_time: 1240095.77
local_termination_time: 519784.23636000004
node_cons: 25488.32380335052
tot_aggregated_send: 16240
tot_msg_rcv: 632
tot_msg_sent: 1447
tot_reconf_duration: 15.110000000000001
tot_sleeping_duration: 1221075.751760007
tot_uptimes: 318
tot_uptimes_duration: 19020.018239992904
