comms_cons: 119.81381119772679
finished_reconf: true
global_termination_time: 1240599.272
local_termination_time: 553717.0323599998
node_cons: 25482.666382242838
tot_aggregated_send: 16704
tot_msg_rcv: 526
tot_msg_sent: 981
tot_reconf_duration: 10.95
tot_sleeping_duration: 1221579.259839998
tot_uptimes: 318
tot_uptimes_duration: 19020.012160002138
