comms_cons: 73.2557056023511
finished_reconf: true
global_termination_time: 654501.07024
local_termination_time: 143369.19536000004
node_cons: 13460.748146274385
tot_aggregated_send: 5684
tot_msg_rcv: 1935
tot_msg_sent: 3520
tot_reconf_duration: 18.21
tot_sleeping_duration: 644466.7020799743
tot_uptimes: 168
tot_uptimes_duration: 10034.368160025682
