comms_cons: 64.45642240024655
finished_reconf: true
global_termination_time: 657200.258
local_termination_time: 414439.60280000034
node_cons: 13501.261900000083
tot_aggregated_send: 9396
tot_msg_rcv: 111
tot_msg_sent: 290
tot_reconf_duration: 3.05
tot_sleeping_duration: 647120.258
tot_uptimes: 169
tot_uptimes_duration: 10080.0
