comms_cons: 202.8561919854487
finished_reconf: true
global_termination_time: 1982111.405
local_termination_time: 16832.742720000006
node_cons: 40778.771843342096
tot_aggregated_send: 26854
tot_msg_rcv: 1405
tot_msg_sent: 2573
tot_reconf_duration: 18.21
tot_sleeping_duration: 1951675.2267600133
tot_uptimes: 508
tot_uptimes_duration: 30436.17823998685
