comms_cons: 196.99440639239072
finished_reconf: true
global_termination_time: 1982545.269
local_termination_time: 403245.98280000023
node_cons: 40739.305799999674
tot_aggregated_send: 28362
tot_msg_rcv: 540
tot_msg_sent: 1040
tot_reconf_duration: 5.1
tot_sleeping_duration: 1952125.269
tot_uptimes: 508
tot_uptimes_duration: 30420.0
