comms_cons: 390.69179487133067
finished_reconf: true
global_termination_time: 1982101.287
local_termination_time: 399893.4832400009
node_cons: 40740.90003006036
tot_aggregated_send: 0
tot_msg_rcv: 29966
tot_msg_sent: 29417
tot_reconf_duration: 6.22
tot_sleeping_duration: 1951681.2322800145
tot_uptimes: 508
tot_uptimes_duration: 30420.05471998558
