comms_cons: 574.5783745374017
finished_reconf: true
global_termination_time: 5684470.683239988
local_termination_time: 39716.41948000001
node_cons: 116993.98587827601
tot_aggregated_send: 78822
tot_msg_rcv: 2957
tot_msg_sent: 5551
tot_reconf_duration: 18.21
tot_sleeping_duration: 5597115.002360018
tot_uptimes: 1456
tot_uptimes_duration: 87355.68087996985
