comms_cons: 557.5343936454308
finished_reconf: true
global_termination_time: 5687679.103
local_termination_time: 2279908.303439999
node_cons: 116983.60080446501
tot_aggregated_send: 78996
tot_msg_rcv: 1901
tot_msg_sent: 3844
tot_reconf_duration: 6.279999999999999
tot_sleeping_duration: 5600319.078680009
tot_uptimes: 1457
tot_uptimes_duration: 87360.02431999124
