comms_cons: 570.7356225014556
finished_reconf: true
global_termination_time: 5684718.488
local_termination_time: 601643.58136
node_cons: 116901.30525004953
tot_aggregated_send: 78880
tot_msg_rcv: 2657
tot_msg_sent: 5211
tot_reconf_duration: 4.8100000000000005
tot_sleeping_duration: 5597418.43328002
tot_uptimes: 1456
tot_uptimes_duration: 87300.05471997987
