comms_cons: 272.1729152088408
finished_reconf: true
global_termination_time: 2713318.82
local_termination_time: 667122.1498799981
node_cons: 55761.962325583874
tot_aggregated_send: 37990
tot_msg_rcv: 1113
tot_msg_sent: 2265
tot_reconf_duration: 4.390000000000001
tot_sleeping_duration: 2671678.7896000114
tot_uptimes: 695
tot_uptimes_duration: 41640.03039998864
