comms_cons: 388.7120768389709
finished_reconf: true
global_termination_time: 3868822.975239997
local_termination_time: 9727.889160000002
node_cons: 79581.81470165424
tot_aggregated_send: 53882
tot_msg_rcv: 1756
tot_msg_sent: 3443
tot_reconf_duration: 18.21
tot_sleeping_duration: 3809407.6761200144
tot_uptimes: 991
tot_uptimes_duration: 59415.29911998223
