comms_cons: 388.6853312482094
finished_reconf: true
global_termination_time: 3870758.257
local_termination_time: 1695989.15436
node_cons: 79629.37650893502
tot_aggregated_send: 53592
tot_msg_rcv: 1940
tot_msg_sent: 3545
tot_reconf_duration: 9.11
tot_sleeping_duration: 3811298.2083600173
tot_uptimes: 992
tot_uptimes_duration: 59460.048639982706
