comms_cons: 390.2457088557187
finished_reconf: true
global_termination_time: 3869035.635
local_termination_time: 1680180.2535999997
node_cons: 79557.18450893438
tot_aggregated_send: 53592
tot_msg_rcv: 2126
tot_msg_sent: 3597
tot_reconf_duration: 15.110000000000001
tot_sleeping_duration: 3809635.5863600173
tot_uptimes: 991
tot_uptimes_duration: 59400.04863998247
