comms_cons: 385.3890560369631
finished_reconf: true
global_termination_time: 3873336.056
local_termination_time: 358859.74604000075
node_cons: 79623.53898353325
tot_aggregated_send: 53708
tot_msg_rcv: 1569
tot_msg_sent: 3300
tot_reconf_duration: 4.8100000000000005
tot_sleeping_duration: 3813876.0059600184
tot_uptimes: 992
tot_uptimes_duration: 59460.05003998149
