comms_cons: 151.24154878669734
finished_reconf: true
global_termination_time: 1499667.69624
local_termination_time: 642996.5445999999
node_cons: 30879.42715271072
tot_aggregated_send: 20996
tot_msg_rcv: 775
tot_msg_sent: 1215
tot_reconf_duration: 6.22
tot_sleeping_duration: 1476612.445760007
tot_uptimes: 385
tot_uptimes_duration: 23055.250479992945
