comms_cons: 55.04767360006639
finished_reconf: true
global_termination_time: 548706.736
local_termination_time: 150397.04736000006
node_cons: 11256.160804481136
tot_aggregated_send: 7540
tot_msg_rcv: 247
tot_msg_sent: 579
tot_reconf_duration: 6.279999999999999
tot_sleeping_duration: 540306.7116799993
tot_uptimes: 141
tot_uptimes_duration: 8400.02432000084
