comms_cons: 56.44358400102421
finished_reconf: true
global_termination_time: 551321.492
local_termination_time: 297949.25108000013
node_cons: 11334.898364485707
tot_aggregated_send: 7540
tot_msg_rcv: 400
tot_msg_sent: 640
tot_reconf_duration: 5.1
tot_sleeping_duration: 542861.4676799957
tot_uptimes: 142
tot_uptimes_duration: 8460.024320004275
