comms_cons: 57.63939840031416
finished_reconf: true
global_termination_time: 548992.23
local_termination_time: 20171.42208
node_cons: 11282.02252895998
tot_aggregated_send: 7076
tot_msg_rcv: 652
tot_msg_sent: 1032
tot_reconf_duration: 25.299999999999997
tot_sleeping_duration: 540592.18136
tot_uptimes: 141
tot_uptimes_duration: 8400.048639999977
