comms_cons: 55.52186880061351
finished_reconf: true
global_termination_time: 552011.481
local_termination_time: 146672.8505600007
node_cons: 11343.323403364304
tot_aggregated_send: 7540
tot_msg_rcv: 266
tot_msg_sent: 633
tot_reconf_duration: 11.31
tot_sleeping_duration: 543551.4627599969
tot_uptimes: 142
tot_uptimes_duration: 8460.018240003206
