comms_cons: 56.81041919959721
finished_reconf: true
global_termination_time: 568723.414
local_termination_time: 108637.23219999962
node_cons: 11667.193001121444
tot_aggregated_send: 7946
tot_msg_rcv: 234
tot_msg_sent: 454
tot_reconf_duration: 13.17
tot_sleeping_duration: 560023.4079199989
tot_uptimes: 146
tot_uptimes_duration: 8700.006080001069
