comms_cons: 55.166592001036214
finished_reconf: true
global_termination_time: 569126.352
local_termination_time: 340905.6397200001
node_cons: 11655.269761121388
tot_aggregated_send: 7598
tot_msg_rcv: 266
tot_msg_sent: 521
tot_reconf_duration: 4.390000000000001
tot_sleeping_duration: 560426.3459199988
tot_uptimes: 146
tot_uptimes_duration: 8700.006080001069
