comms_cons: 95.65464321361954
finished_reconf: true
global_termination_time: 564792.461
local_termination_time: 169760.60036000004
node_cons: 11573.11004112143
tot_aggregated_send: 0
tot_msg_rcv: 7398
tot_msg_sent: 7142
tot_reconf_duration: 3.05
tot_sleeping_duration: 556152.4549199989
tot_uptimes: 145
tot_uptimes_duration: 8640.006080001069
