comms_cons: 56.00243200106137
finished_reconf: true
global_termination_time: 566280.207
local_termination_time: 167248.75660000005
node_cons: 11659.968406728569
tot_aggregated_send: 7076
tot_msg_rcv: 440
tot_msg_sent: 995
tot_reconf_duration: 7.819999999999999
tot_sleeping_duration: 557580.1705199936
tot_uptimes: 146
tot_uptimes_duration: 8700.036480006413
