comms_cons: 55.08935040065043
finished_reconf: true
global_termination_time: 564618.056
local_termination_time: 383129.8214800005
node_cons: 11584.327121121443
tot_aggregated_send: 7946
tot_msg_rcv: 160
tot_msg_sent: 267
tot_reconf_duration: 11.31
tot_sleeping_duration: 555978.0499199989
tot_uptimes: 145
tot_uptimes_duration: 8640.006080001069
