comms_cons: 58.496921602028614
finished_reconf: true
global_termination_time: 569501.367
local_termination_time: 138163.49412000092
node_cons: 11670.188707850026
tot_aggregated_send: 6960
tot_msg_rcv: 658
tot_msg_sent: 1275
tot_reconf_duration: 15.34
tot_sleeping_duration: 560801.3244399924
tot_uptimes: 146
tot_uptimes_duration: 8700.042560007481
