comms_cons: 82.78607359909738
finished_reconf: true
global_termination_time: 845959.686
local_termination_time: 448438.52736000007
node_cons: 17359.971980000024
tot_aggregated_send: 12296
tot_msg_rcv: 84
tot_msg_sent: 203
tot_reconf_duration: 4.8100000000000005
tot_sleeping_duration: 832999.686
tot_uptimes: 217
tot_uptimes_duration: 12960.0
