comms_cons: 84.85852159732913
finished_reconf: true
global_termination_time: 847522.601
local_termination_time: 343293.18436000013
node_cons: 17437.92190000009
tot_aggregated_send: 11948
tot_msg_rcv: 314
tot_msg_sent: 636
tot_reconf_duration: 3.05
tot_sleeping_duration: 834502.601
tot_uptimes: 218
tot_uptimes_duration: 13020.0
