comms_cons: 86.98920959349806
finished_reconf: true
global_termination_time: 850922.36448
local_termination_time: 136929.8054400002
node_cons: 17479.047833196462
tot_aggregated_send: 11310
tot_msg_rcv: 641
tot_msg_sent: 1271
tot_reconf_duration: 18.21
tot_sleeping_duration: 837887.0256800026
tot_uptimes: 218
tot_uptimes_duration: 13035.33879999735
