comms_cons: 22.158745599216996
finished_reconf: true
global_termination_time: 106216.19271999995
local_termination_time: 106216.15159999995
node_cons: 2221.058061438513
tot_aggregated_send: 0
tot_msg_rcv: 1790
tot_msg_sent: 1576
tot_reconf_duration: 24.59
tot_sleeping_duration: 104582.38776000105
tot_uptimes: 28
tot_uptimes_duration: 1633.8049599988954
