comms_cons: 10.55580159995073
finished_reconf: true
global_termination_time: 106216.16887999969
local_termination_time: 59643.104
node_cons: 2255.8249179198083
tot_aggregated_send: 1506
tot_msg_rcv: 29
tot_msg_sent: 69
tot_reconf_duration: 22.65
tot_sleeping_duration: 104554.43159999984
tot_uptimes: 28
tot_uptimes_duration: 1661.737279999863
