comms_cons: 9.520153599997649
finished_reconf: true
global_termination_time: 3365.5690400000008
local_termination_time: 3365.527920000001
node_cons: 1055.6461285600014
tot_aggregated_send: 0
tot_msg_rcv: 694
tot_msg_sent: 752
tot_reconf_duration: 24.59
tot_sleeping_duration: 2602.1240000000003
tot_uptimes: 12
tot_uptimes_duration: 763.4450400000006
