comms_cons: 270.33932801139133
finished_reconf: true
global_termination_time: 2809884.481
local_termination_time: 4176.204
node_cons: 57874.24143999896
tot_aggregated_send: 40173
tot_msg_rcv: 328
tot_msg_sent: 588
tot_reconf_duration: 21.68
tot_sleeping_duration: 2766684.481
tot_uptimes: 720
tot_uptimes_duration: 43200.0
