comms_cons: 276.9016192147082
finished_reconf: true
global_termination_time: 2808514.15
local_termination_time: 7365.178
node_cons: 57851.03588781711
tot_aggregated_send: 38101
tot_msg_rcv: 1297
tot_msg_sent: 2689
tot_reconf_duration: 4.55
tot_sleeping_duration: 2765314.107440016
tot_uptimes: 720
tot_uptimes_duration: 43200.042559983674
