comms_cons: 836.5442692884905
finished_reconf: true
global_termination_time: 2876295.3855999997
local_termination_time: 2876295.3444799995
node_cons: 117077.3275551101
tot_aggregated_send: 0
tot_msg_rcv: 42692
tot_msg_sent: 84457
tot_reconf_duration: 24.59
tot_sleeping_duration: 2788883.9335200046
tot_uptimes: 1444
tot_uptimes_duration: 87411.45207999539
