comms_cons: 285.95142400681874
finished_reconf: true
global_termination_time: 2879959.465
local_termination_time: 247907.484
node_cons: 59218.94019384165
tot_aggregated_send: 41178
tot_msg_rcv: 721
tot_msg_sent: 1563
tot_reconf_duration: 5.43
tot_sleeping_duration: 2835738.728439998
tot_uptimes: 738
tot_uptimes_duration: 44220.73656000206
