comms_cons: 233.79089919680067
finished_reconf: true
global_termination_time: 2357893.116
local_termination_time: 832885.0252799992
node_cons: 48449.18632334993
tot_aggregated_send: 32886
tot_msg_rcv: 844
tot_msg_sent: 1804
tot_reconf_duration: 3.05
tot_sleeping_duration: 2321713.097760007
tot_uptimes: 604
tot_uptimes_duration: 36180.0182399929
