comms_cons: 367.3952127010267
finished_reconf: true
global_termination_time: 759443.3271199979
local_termination_time: 759443.3271199979
node_cons: 46207.64049399531
tot_aggregated_send: 0
tot_msg_rcv: 22542
tot_msg_sent: 33300
tot_reconf_duration: 37.410000000000004
tot_sleeping_duration: 724972.2011200011
tot_uptimes: 567
tot_uptimes_duration: 34471.12599999687
