comms_cons: 78.29644159541343
finished_reconf: true
global_termination_time: 762871.09
local_termination_time: 92067.67383999965
node_cons: 15673.714645591112
tot_aggregated_send: 10034
tot_msg_rcv: 584
tot_msg_sent: 1281
tot_reconf_duration: 5.43
tot_sleeping_duration: 751171.0596000066
tot_uptimes: 196
tot_uptimes_duration: 11700.030399993339
