comms_cons: 13.230771199861302
finished_reconf: true
global_termination_time: 132868.492
local_termination_time: 71092.53903999983
node_cons: 2752.3917200000155
tot_aggregated_send: 1856
tot_msg_rcv: 53
tot_msg_sent: 102
tot_reconf_duration: 15.34
tot_sleeping_duration: 130828.492
tot_uptimes: 35
tot_uptimes_duration: 2040.0
