comms_cons: 13.697894400032135
finished_reconf: true
global_termination_time: 132104.831
local_termination_time: 2148.2053600000004
node_cons: 2658.1458000000002
tot_aggregated_send: 1566
tot_msg_rcv: 169
tot_msg_sent: 347
tot_reconf_duration: 5.1
tot_sleeping_duration: 130124.831
tot_uptimes: 34
tot_uptimes_duration: 1980.0
