comms_cons: 13.270246399920543
finished_reconf: true
global_termination_time: 134106.278
local_termination_time: 13969.401320000003
node_cons: 2749.4448600000005
tot_aggregated_send: 1856
tot_msg_rcv: 57
tot_msg_sent: 104
tot_reconf_duration: 13.17
tot_sleeping_duration: 132066.278
tot_uptimes: 35
tot_uptimes_duration: 2040.0
