comms_cons: 101.7012735982636
finished_reconf: true
global_termination_time: 1036266.51
local_termination_time: 153582.30936000004
node_cons: 21298.62824000003
tot_aggregated_send: 15080
tot_msg_rcv: 96
tot_msg_sent: 282
tot_reconf_duration: 6.279999999999999
tot_sleeping_duration: 1020366.51
tot_uptimes: 266
tot_uptimes_duration: 15900.0
