comms_cons: 101.99075839681961
finished_reconf: true
global_termination_time: 1035372.371
local_termination_time: 239301.33988000045
node_cons: 21307.984860000044
tot_aggregated_send: 14732
tot_msg_rcv: 305
tot_msg_sent: 465
tot_reconf_duration: 13.17
tot_sleeping_duration: 1019472.371
tot_uptimes: 266
tot_uptimes_duration: 15899.999999999996
