comms_cons: 101.84006399931239
finished_reconf: true
global_termination_time: 1037157.858
local_termination_time: 185424.83436000004
node_cons: 21294.241900000015
tot_aggregated_send: 14848
tot_msg_rcv: 183
tot_msg_sent: 448
tot_reconf_duration: 3.05
tot_sleeping_duration: 1021257.858
tot_uptimes: 266
tot_uptimes_duration: 15900.0
