comms_cons: 103.30562559894537
finished_reconf: true
global_termination_time: 1035059.1922400004
local_termination_time: 250192.09408000062
node_cons: 21356.80964936044
tot_aggregated_send: 14790
tot_msg_rcv: 334
tot_msg_sent: 577
tot_reconf_duration: 6.22
tot_sleeping_duration: 1019115.68
tot_uptimes: 266
tot_uptimes_duration: 15943.512240000302
