comms_cons: 101.31212799918312
finished_reconf: true
global_termination_time: 1035059.2224799999
local_termination_time: 1035059.1813599999
node_cons: 21341.859800958093
tot_aggregated_send: 15182
tot_msg_rcv: 32
tot_msg_sent: 183
tot_reconf_duration: 24.59
tot_sleeping_duration: 1019145.5058400013
tot_uptimes: 266
tot_uptimes_duration: 15913.716639998544
