comms_cons: 31.955801600239763
finished_reconf: true
global_termination_time: 311105.123
local_termination_time: 206522.81436000005
node_cons: 6367.6917199999925
tot_aggregated_send: 4176
tot_msg_rcv: 289
tot_msg_sent: 392
tot_reconf_duration: 15.34
tot_sleeping_duration: 306365.123
tot_uptimes: 80
tot_uptimes_duration: 4739.999999999993
