comms_cons: 72.22050559736066
finished_reconf: true
global_termination_time: 709059.28024
local_termination_time: 14513.858000000002
node_cons: 14568.902474958031
tot_aggregated_send: 9280
tot_msg_rcv: 524
tot_msg_sent: 1173
tot_reconf_duration: 5.1
tot_sleeping_duration: 698184.0176000015
tot_uptimes: 182
tot_uptimes_duration: 10875.262639998517
