comms_cons: 73.31265279849256
finished_reconf: true
global_termination_time: 713770.226
local_termination_time: 363562.40916000033
node_cons: 14628.460826719405
tot_aggregated_send: 9338
tot_msg_rcv: 583
tot_msg_sent: 1222
tot_reconf_duration: 4.8100000000000005
tot_sleeping_duration: 702850.1895200005
tot_uptimes: 183
tot_uptimes_duration: 10920.036479999544
