comms_cons: 176.40151038996638
finished_reconf: true
global_termination_time: 1775035.513
local_termination_time: 1025373.4873599998
node_cons: 36478.54263999983
tot_aggregated_send: 25346
tot_msg_rcv: 482
tot_msg_sent: 984
tot_reconf_duration: 3.08
tot_sleeping_duration: 1747795.513
tot_uptimes: 455
tot_uptimes_duration: 27240.0
