comms_cons: 179.44858878491064
finished_reconf: true
global_termination_time: 1772229.9406799986
local_termination_time: 10317.22412
node_cons: 36491.9384409291
tot_aggregated_send: 24244
tot_msg_rcv: 962
tot_msg_sent: 2070
tot_reconf_duration: 22.65
tot_sleeping_duration: 1744999.7840400217
tot_uptimes: 454
tot_uptimes_duration: 27230.15663997701
