comms_cons: 177.50744319053643
finished_reconf: true
global_termination_time: 1773940.493
local_termination_time: 729578.864
node_cons: 36503.577927034275
tot_aggregated_send: 25112
tot_msg_rcv: 663
tot_msg_sent: 1205
tot_reconf_duration: 18.700000000000003
tot_sleeping_duration: 1746697.637640004
tot_uptimes: 455
tot_uptimes_duration: 27242.855359995854
