comms_cons: 183.15659517375948
finished_reconf: true
global_termination_time: 1774476.35
local_termination_time: 384909.6556000001
node_cons: 36480.99781451871
tot_aggregated_send: 23490
tot_msg_rcv: 1491
tot_msg_sent: 2858
tot_reconf_duration: 4.8100000000000005
tot_sleeping_duration: 1747236.2709600308
tot_uptimes: 455
tot_uptimes_duration: 27240.07903996925
