comms_cons: 361.9165565717769
finished_reconf: true
global_termination_time: 1244465.205
local_termination_time: 446686.68304000073
node_cons: 50696.89915499921
tot_aggregated_send: 0
tot_msg_rcv: 18443
tot_msg_sent: 36566
tot_reconf_duration: 13.17
tot_sleeping_duration: 1206616.8000000003
tot_uptimes: 627
tot_uptimes_duration: 37848.40499999996
