comms_cons: 245.30023664628814
finished_reconf: true
global_termination_time: 1244465.205
local_termination_time: 446678.6819200007
node_cons: 25556.583042233666
tot_aggregated_send: 0
tot_msg_rcv: 18841
tot_msg_sent: 18444
tot_reconf_duration: 6.22
tot_sleeping_duration: 1225385.1928400048
tot_uptimes: 319
tot_uptimes_duration: 19080.01215999527
