comms_cons: 552.8527168718678
finished_reconf: true
global_termination_time: 5620345.206
local_termination_time: 2256346.56848
node_cons: 115617.82080446507
tot_aggregated_send: 78996
tot_msg_rcv: 1606
tot_msg_sent: 3427
tot_reconf_duration: 6.279999999999999
tot_sleeping_duration: 5534005.18168001
tot_uptimes: 1440
tot_uptimes_duration: 86340.02431999124
