comms_cons: 957.399886869419
finished_reconf: true
global_termination_time: 5621736.206
local_termination_time: 1740460.24036
node_cons: 115624.65968558165
tot_aggregated_send: 0
tot_msg_rcv: 73479
tot_msg_sent: 72039
tot_reconf_duration: 11.31
tot_sleeping_duration: 5535396.175600011
tot_uptimes: 1440
tot_uptimes_duration: 86340.03039998887
