comms_cons: 564.27824649837
finished_reconf: true
global_termination_time: 5620219.12
local_termination_time: 1866627.8783599997
node_cons: 115616.69092781577
tot_aggregated_send: 77720
tot_msg_rcv: 2851
tot_msg_sent: 5196
tot_reconf_duration: 5.43
tot_sleeping_duration: 5533879.077440016
tot_uptimes: 1440
tot_uptimes_duration: 86340.0425599846
