comms_cons: 463.78096645309273
finished_reconf: true
global_termination_time: 4696182.486
local_termination_time: 3002557.0953999995
node_cons: 96577.24080446591
tot_aggregated_send: 65134
tot_msg_rcv: 1758
tot_msg_sent: 3600
tot_reconf_duration: 6.279999999999999
tot_sleeping_duration: 4624062.461680008
tot_uptimes: 1203
tot_uptimes_duration: 72120.02431999124
