comms_cons: 97.30636799686674
finished_reconf: true
global_termination_time: 993132.644
local_termination_time: 113826.98783999965
node_cons: 20412.891980000026
tot_aggregated_send: 14152
tot_msg_rcv: 234
tot_msg_sent: 404
tot_reconf_duration: 4.8100000000000005
tot_sleeping_duration: 977892.644
tot_uptimes: 255
tot_uptimes_duration: 15240.0
