comms_cons: 117.19909119571277
finished_reconf: true
global_termination_time: 1174982.367
local_termination_time: 140286.7747200001
node_cons: 24126.761744476553
tot_aggregated_send: 16530
tot_msg_rcv: 425
tot_msg_sent: 859
tot_reconf_duration: 18.21
tot_sleeping_duration: 1156982.3426800028
tot_uptimes: 301
tot_uptimes_duration: 18000.024319997407
