comms_cons: 179.99741442245312
finished_reconf: true
global_termination_time: 373723.2900400003
local_termination_time: 373723.2489200003
node_cons: 22683.283123165013
tot_aggregated_send: 0
tot_msg_rcv: 11023
tot_msg_sent: 16334
tot_reconf_duration: 24.59
tot_sleeping_duration: 356807.7635999966
tot_uptimes: 279
tot_uptimes_duration: 16915.526440003712
