comms_cons: 72.91630080913615
finished_reconf: true
global_termination_time: 373723.8900400004
local_termination_time: 1841.9180400000014
node_cons: 7694.487865681981
tot_aggregated_send: 0
tot_msg_rcv: 5567
tot_msg_sent: 5514
tot_reconf_duration: 18.21
tot_sleeping_duration: 367995.9149199989
tot_uptimes: 96
tot_uptimes_duration: 5727.9751200014725
