comms_cons: 74.41733119944216
finished_reconf: true
global_termination_time: 749345.602
local_termination_time: 472796.6596000006
node_cons: 15369.66918000005
tot_aggregated_send: 10672
tot_msg_rcv: 250
tot_msg_sent: 389
tot_reconf_duration: 18.21
tot_sleeping_duration: 737885.602
tot_uptimes: 192
tot_uptimes_duration: 11460.0
