comms_cons: 78.45514879536603
finished_reconf: true
global_termination_time: 747778.612
local_termination_time: 99741.85783999965
node_cons: 15352.609894555619
tot_aggregated_send: 9570
tot_msg_rcv: 836
tot_msg_sent: 1518
tot_reconf_duration: 5.57
tot_sleeping_duration: 736318.5329600032
tot_uptimes: 192
tot_uptimes_duration: 11460.079039996723
