comms_cons: 79.17471999592101
finished_reconf: true
global_termination_time: 746952.718
local_termination_time: 131997.71128000034
node_cons: 15349.244756793874
tot_aggregated_send: 9222
tot_msg_rcv: 942
tot_msg_sent: 1871
tot_reconf_duration: 3.08
tot_sleeping_duration: 735492.6268000046
tot_uptimes: 192
tot_uptimes_duration: 11460.091199995426
