comms_cons: 37.354752001142856
finished_reconf: true
global_termination_time: 188737.919
local_termination_time: 1513.1083600000004
node_cons: 3860.486323363156
tot_aggregated_send: 0
tot_msg_rcv: 2890
tot_msg_sent: 2787
tot_reconf_duration: 3.05
tot_sleeping_duration: 185857.90075999763
tot_uptimes: 49
tot_uptimes_duration: 2880.018240002355
