comms_cons: 37.304064000484544
finished_reconf: true
global_termination_time: 365495.468
local_termination_time: 134461.42896000063
node_cons: 7483.999521121461
tot_aggregated_send: 4930
tot_msg_rcv: 281
tot_msg_sent: 459
tot_reconf_duration: 9.11
tot_sleeping_duration: 359915.4619199989
tot_uptimes: 94
tot_uptimes_duration: 5580.00608000107
