comms_cons: 37.16492800099418
finished_reconf: true
global_termination_time: 362190.585
local_termination_time: 37323.80748000002
node_cons: 7411.840085603744
tot_aggregated_send: 4582
tot_msg_rcv: 322
tot_msg_sent: 744
tot_reconf_duration: 15.110000000000001
tot_sleeping_duration: 356670.55459999724
tot_uptimes: 93
tot_uptimes_duration: 5520.03040000279
