comms_cons: 35.98822400007145
finished_reconf: true
global_termination_time: 366346.437
local_termination_time: 112125.28335999999
node_cons: 7486.978980000025
tot_aggregated_send: 5220
tot_msg_rcv: 86
tot_msg_sent: 164
tot_reconf_duration: 11.31
tot_sleeping_duration: 360766.437
tot_uptimes: 94
tot_uptimes_duration: 5580.0
