comms_cons: 210.271231991082
finished_reconf: true
global_termination_time: 2179456.513
local_termination_time: 692376.8203599999
node_cons: 44840.34770111645
tot_aggregated_send: 30218
tot_msg_rcv: 483
tot_msg_sent: 1259
tot_reconf_duration: 7.819999999999999
tot_sleeping_duration: 2145976.506920002
tot_uptimes: 559
tot_uptimes_duration: 33480.006079997635
