comms_cons: 266.81945598562965
finished_reconf: true
global_termination_time: 2664928.639
local_termination_time: 743846.6201999995
node_cons: 54816.641744466375
tot_aggregated_send: 36888
tot_msg_rcv: 1297
tot_msg_sent: 2370
tot_reconf_duration: 18.21
tot_sleeping_duration: 2624008.6146800094
tot_uptimes: 683
tot_uptimes_duration: 40920.02431999054
