comms_cons: 276.4302655855958
finished_reconf: true
global_termination_time: 2666303.998
local_termination_time: 1243656.3579199994
node_cons: 54802.57283005068
tot_aggregated_send: 35206
tot_msg_rcv: 2453
tot_msg_sent: 4356
tot_reconf_duration: 7.819999999999999
tot_sleeping_duration: 2625383.9432800217
tot_uptimes: 683
tot_uptimes_duration: 40920.05471997871
