comms_cons: 223.53489919151676
finished_reconf: true
global_termination_time: 2247273.26
local_termination_time: 1199298.4674799999
node_cons: 46220.22917999941
tot_aggregated_send: 32190
tot_msg_rcv: 642
tot_msg_sent: 1144
tot_reconf_duration: 18.21
tot_sleeping_duration: 2212773.26
tot_uptimes: 576
tot_uptimes_duration: 34500.0
