comms_cons: 220.58741758542274
finished_reconf: true
global_termination_time: 2244572.79
local_termination_time: 514302.50136000005
node_cons: 46136.03242558367
tot_aggregated_send: 31204
tot_msg_rcv: 718
tot_msg_sent: 1606
tot_reconf_duration: 15.34
tot_sleeping_duration: 2210132.7596000116
tot_uptimes: 575
tot_uptimes_duration: 34440.03039998817
