comms_cons: 223.61447678257258
finished_reconf: true
global_termination_time: 2243962.4
local_termination_time: 1254901.0034799997
node_cons: 46122.10208223295
tot_aggregated_send: 31030
tot_msg_rcv: 984
tot_msg_sent: 1975
tot_reconf_duration: 5.1
tot_sleeping_duration: 2209522.3878400046
tot_uptimes: 575
tot_uptimes_duration: 34440.01215999527
