comms_cons: 226.21479679463204
finished_reconf: true
global_termination_time: 2246980.819
local_termination_time: 10929.751760000003
node_cons: 46206.16026558347
tot_aggregated_send: 31320
tot_msg_rcv: 1032
tot_msg_sent: 2033
tot_reconf_duration: 7.819999999999999
tot_sleeping_duration: 2212480.788600012
tot_uptimes: 576
tot_uptimes_duration: 34500.030399988056
