comms_cons: 305.6189248116454
finished_reconf: true
global_termination_time: 3090539.922279998
local_termination_time: 3090539.881159998
node_cons: 63656.98964703289
tot_aggregated_send: 44704
tot_msg_rcv: 539
tot_msg_sent: 1208
tot_reconf_duration: 24.59
tot_sleeping_duration: 3043024.166920002
tot_uptimes: 792
tot_uptimes_duration: 47515.75535999588
