comms_cons: 302.8734719949879
finished_reconf: true
global_termination_time: 3093768.64
local_termination_time: 1630063.894239998
node_cons: 63652.63045335608
tot_aggregated_send: 44602
tot_msg_rcv: 516
tot_msg_sent: 917
tot_reconf_duration: 11.31
tot_sleeping_duration: 3046242.671760002
tot_uptimes: 793
tot_uptimes_duration: 47525.96823999798
