comms_cons: 344.0029437285737
finished_reconf: true
global_termination_time: 1748378.3416
local_termination_time: 2235.7860400000013
node_cons: 35957.294751750276
tot_aggregated_send: 0
tot_msg_rcv: 26360
tot_msg_sent: 25923
tot_reconf_duration: 18.21
tot_sleeping_duration: 1721542.9677600071
tot_uptimes: 448
tot_uptimes_duration: 26835.373839992797
