comms_cons: 174.4708863848807
finished_reconf: true
global_termination_time: 1748378.1821200005
local_termination_time: 87530.37607999991
node_cons: 36021.273085264744
tot_aggregated_send: 24186
tot_msg_rcv: 629
tot_msg_sent: 1702
tot_reconf_duration: 22.65
tot_sleeping_duration: 1721499.5306000118
tot_uptimes: 448
tot_uptimes_duration: 26878.651519988663
