comms_cons: 173.5977983853552
finished_reconf: true
global_termination_time: 1748805.0
local_termination_time: 678029.59636
node_cons: 35918.54454446732
tot_aggregated_send: 24360
tot_msg_rcv: 582
tot_msg_sent: 1443
tot_reconf_duration: 4.8100000000000005
tot_sleeping_duration: 1721984.9756800095
tot_uptimes: 448
tot_uptimes_duration: 26820.024319990538
