comms_cons: 44.33583360023275
finished_reconf: true
global_termination_time: 439016.746
local_termination_time: 23601.62456
node_cons: 9015.231540000008
tot_aggregated_send: 6090
tot_msg_rcv: 254
tot_msg_sent: 395
tot_reconf_duration: 12.629999999999999
tot_sleeping_duration: 432296.746
tot_uptimes: 113
tot_uptimes_duration: 6720.0
