comms_cons: 44.12669440041183
finished_reconf: true
global_termination_time: 438581.69212
local_termination_time: 68184.11111999971
node_cons: 9006.019429680031
tot_aggregated_send: 6090
tot_msg_rcv: 213
tot_msg_sent: 403
tot_reconf_duration: 4.8100000000000005
tot_sleeping_duration: 431860.641
tot_uptimes: 113
tot_uptimes_duration: 6721.051120000018
