comms_cons: 129.61744639304013
finished_reconf: true
global_termination_time: 1282779.523
local_termination_time: 228786.75836000007
node_cons: 26360.04824000004
tot_aggregated_send: 17922
tot_msg_rcv: 682
tot_msg_sent: 1097
tot_reconf_duration: 6.279999999999999
tot_sleeping_duration: 1263099.523
tot_uptimes: 329
tot_uptimes_duration: 19680.0
