comms_cons: 385.3616512961493
finished_reconf: true
global_termination_time: 3801208.062
local_termination_time: 739822.7983599998
node_cons: 78178.27535117217
tot_aggregated_send: 52142
tot_msg_rcv: 2130
tot_msg_sent: 4298
tot_reconf_duration: 5.43
tot_sleeping_duration: 3742828.0012000194
tot_uptimes: 974
tot_uptimes_duration: 58380.06079998071
