comms_cons: 50.34403840049324
finished_reconf: true
global_termination_time: 513779.626
local_termination_time: 117439.58363999976
node_cons: 10531.07198000001
tot_aggregated_send: 7018
tot_msg_rcv: 207
tot_msg_sent: 427
tot_reconf_duration: 4.8100000000000005
tot_sleeping_duration: 505919.626
tot_uptimes: 132
tot_uptimes_duration: 7860.0
