comms_cons: 51.265126400470606
finished_reconf: true
global_termination_time: 515514.362
local_termination_time: 107615.11871999994
node_cons: 10610.849761119165
tot_aggregated_send: 7134
tot_msg_rcv: 244
tot_msg_sent: 414
tot_reconf_duration: 4.390000000000001
tot_sleeping_duration: 507594.35592000064
tot_uptimes: 133
tot_uptimes_duration: 7920.006079999366
