comms_cons: 135.97295359282452
finished_reconf: true
global_termination_time: 1377912.852
local_termination_time: 595558.295
node_cons: 28320.382756714498
tot_aggregated_send: 18500
tot_msg_rcv: 641
tot_msg_sent: 1527
tot_reconf_duration: 22.65
tot_sleeping_duration: 1356785.4255200042
tot_uptimes: 353
tot_uptimes_duration: 21127.426479995833
