comms_cons: 135.13018879660316
finished_reconf: true
global_termination_time: 1374586.923
local_termination_time: 628830.8035999998
node_cons: 28285.641620000064
tot_aggregated_send: 18966
tot_msg_rcv: 454
tot_msg_sent: 1119
tot_reconf_duration: 4.390000000000001
tot_sleeping_duration: 1353466.923
tot_uptimes: 353
tot_uptimes_duration: 21120.0
