comms_cons: 138.79285759462007
finished_reconf: true
global_termination_time: 1371951.7772400004
local_termination_time: 129301.89547999996
node_cons: 28283.655142720305
tot_aggregated_send: 19082
tot_msg_rcv: 833
tot_msg_sent: 1179
tot_reconf_duration: 6.22
tot_sleeping_duration: 1350835.1167600001
tot_uptimes: 352
tot_uptimes_duration: 21116.660480000195
