comms_cons: 137.03060479629337
finished_reconf: true
global_termination_time: 1371951.6644799998
local_termination_time: 1371951.6233599999
node_cons: 28251.091659841277
tot_aggregated_send: 19648
tot_msg_rcv: 475
tot_msg_sent: 703
tot_reconf_duration: 24.59
tot_sleeping_duration: 1350877.953919999
tot_uptimes: 352
tot_uptimes_duration: 21073.71056000091
