comms_cons: 107.23044481334625
finished_reconf: true
global_termination_time: 445651.60572000063
local_termination_time: 1398.5006000000005
node_cons: 9239.532971467275
tot_aggregated_send: 0
tot_msg_rcv: 9567
tot_msg_sent: 6729
tot_reconf_duration: 18.21
tot_sleeping_duration: 438769.75075998023
tot_uptimes: 115
tot_uptimes_duration: 6881.85496002037
