comms_cons: 44.64492160038879
finished_reconf: true
global_termination_time: 446768.719
local_termination_time: 8958.4256
node_cons: 9164.72976112002
tot_aggregated_send: 6264
tot_msg_rcv: 177
tot_msg_sent: 344
tot_reconf_duration: 4.390000000000001
tot_sleeping_duration: 439928.71292
tot_uptimes: 115
tot_uptimes_duration: 6840.0060800000065
