comms_cons: 44.09379840015794
finished_reconf: true
global_termination_time: 448320.61
local_termination_time: 64260.31072000002
node_cons: 9166.133940000012
tot_aggregated_send: 6496
tot_msg_rcv: 95
tot_msg_sent: 111
tot_reconf_duration: 5.43
tot_sleeping_duration: 441480.61
tot_uptimes: 115
tot_uptimes_duration: 6840.0
