comms_cons: 43.662035200097016
finished_reconf: true
global_termination_time: 448469.549
local_termination_time: 55230.72168000014
node_cons: 9179.599861120014
tot_aggregated_send: 6438
tot_msg_rcv: 37
tot_msg_sent: 161
tot_reconf_duration: 15.34
tot_sleeping_duration: 441629.54292
tot_uptimes: 115
tot_uptimes_duration: 6840.006080000005
