comms_cons: 2.261222399991952
finished_reconf: true
global_termination_time: 15765.743
local_termination_time: 7854.72536
node_cons: 338.5115400000002
tot_aggregated_send: 0
tot_msg_rcv: 179
tot_msg_sent: 165
tot_reconf_duration: 12.629999999999999
tot_sleeping_duration: 15525.743
tot_uptimes: 5
tot_uptimes_duration: 240.0
