comms_cons: 2.2435071999925866
finished_reconf: true
global_termination_time: 17662.685
local_termination_time: 8197.710360000001
node_cons: 337.5201999999996
tot_aggregated_send: 0
tot_msg_rcv: 176
tot_msg_sent: 165
tot_reconf_duration: 11.899999999999999
tot_sleeping_duration: 17422.685
tot_uptimes: 5
tot_uptimes_duration: 239.9999999999991
