comms_cons: 716.5478266848814
finished_reconf: true
global_termination_time: 1745963.521
local_termination_time: 284487.4924800001
node_cons: 105390.82090905368
tot_aggregated_send: 0
tot_msg_rcv: 44180
tot_msg_sent: 64732
tot_reconf_duration: 18.21
tot_sleeping_duration: 1667273.3852800175
tot_uptimes: 1284
tot_uptimes_duration: 78690.13571998247
