comms_cons: 296.73731818453217
finished_reconf: true
global_termination_time: 1745963.521
local_termination_time: 284490.9636000001
node_cons: 35942.8038289346
tot_aggregated_send: 0
tot_msg_rcv: 23006
tot_msg_sent: 22096
tot_reconf_duration: 22.65
tot_sleeping_duration: 1719143.4723600189
tot_uptimes: 448
tot_uptimes_duration: 26820.048639981076
