comms_cons: 172.30451199403723
finished_reconf: true
global_termination_time: 1743248.0604799998
local_termination_time: 1743248.0193599998
node_cons: 35883.39165983655
tot_aggregated_send: 25216
tot_msg_rcv: 327
tot_msg_sent: 645
tot_reconf_duration: 24.59
tot_sleeping_duration: 1716474.3499200023
tot_uptimes: 447
tot_uptimes_duration: 26773.710559997475
