comms_cons: 179.7336191778822
finished_reconf: true
global_termination_time: 1748760.804
local_termination_time: 203267.69136000006
node_cons: 35918.031172294286
tot_aggregated_send: 22736
tot_msg_rcv: 1558
tot_msg_sent: 3024
tot_reconf_duration: 4.390000000000001
tot_sleeping_duration: 1721940.7371200193
tot_uptimes: 448
tot_uptimes_duration: 26820.066879980848
