comms_cons: 175.78859517821817
finished_reconf: true
global_termination_time: 1743304.108
local_termination_time: 773336.21136
node_cons: 35835.83074670097
tot_aggregated_send: 22910
tot_msg_rcv: 1243
tot_msg_sent: 2565
tot_reconf_duration: 3.05
tot_sleeping_duration: 1716544.0715200142
tot_uptimes: 447
tot_uptimes_duration: 26760.036479985807
