comms_cons: 175.34932478700586
finished_reconf: true
global_termination_time: 1743248.15724
local_termination_time: 148734.9610400003
node_cons: 35878.2466338274
tot_aggregated_send: 24128
tot_msg_rcv: 898
tot_msg_sent: 1625
tot_reconf_duration: 11.31
tot_sleeping_duration: 1716464.8206800094
tot_uptimes: 447
tot_uptimes_duration: 26783.336559990654
