comms_cons: 138.07109119706604
finished_reconf: true
global_termination_time: 1405295.171
local_termination_time: 294628.4763600001
node_cons: 28849.624060000056
tot_aggregated_send: 20010
tot_msg_rcv: 341
tot_msg_sent: 635
tot_reconf_duration: 5.57
tot_sleeping_duration: 1383755.171
tot_uptimes: 360
tot_uptimes_duration: 21540.0
