comms_cons: 138.12435199583044
finished_reconf: true
global_termination_time: 1403557.726
local_termination_time: 224693.84636000008
node_cons: 28876.41740000007
tot_aggregated_send: 19952
tot_msg_rcv: 367
tot_msg_sent: 675
tot_reconf_duration: 25.299999999999997
tot_sleeping_duration: 1382017.726
tot_uptimes: 360
tot_uptimes_duration: 21540.0
