comms_cons: 117.32664321493024
finished_reconf: true
global_termination_time: 401161.07828000083
local_termination_time: 401161.0371600008
node_cons: 16502.160311921118
tot_aggregated_send: 0
tot_msg_rcv: 5960
tot_msg_sent: 11872
tot_reconf_duration: 24.59
tot_sleeping_duration: 388861.775
tot_uptimes: 203
tot_uptimes_duration: 12299.303280000808
