comms_cons: 39.0804480000344
finished_reconf: true
global_termination_time: 401161.84096000023
local_termination_time: 401145.51648000005
node_cons: 8238.943617440278
tot_aggregated_send: 5916
tot_msg_rcv: 16
tot_msg_sent: 8
tot_reconf_duration: 6.22
tot_sleeping_duration: 395015.092
tot_uptimes: 103
tot_uptimes_duration: 6146.74896000023
