comms_cons: 113.53067520039987
finished_reconf: true
global_termination_time: 1143692.026
local_termination_time: 918439.3169199983
node_cons: 23474.638979999952
tot_aggregated_send: 16182
tot_msg_rcv: 391
tot_msg_sent: 683
tot_reconf_duration: 11.31
tot_sleeping_duration: 1126172.026
tot_uptimes: 293
tot_uptimes_duration: 17520.0
