comms_cons: 15.047257600097153
finished_reconf: true
global_termination_time: 307726.497
local_termination_time: 1115.42712
node_cons: 6276.805464477752
tot_aggregated_send: 0
tot_msg_rcv: 336
tot_msg_sent: 1952
tot_reconf_duration: 7.55
tot_sleeping_duration: 303046.4726800017
tot_uptimes: 79
tot_uptimes_duration: 4680.024319998316
