comms_cons: 185.90984311582832
finished_reconf: true
global_termination_time: 951862.3316399992
local_termination_time: 1043.5883600000002
node_cons: 19591.83697295898
tot_aggregated_send: 0
tot_msg_rcv: 14152
tot_msg_sent: 14104
tot_reconf_duration: 18.21
tot_sleeping_duration: 937249.107
tot_uptimes: 244
tot_uptimes_duration: 14613.224639999215
