comms_cons: 385.80884484948103
finished_reconf: true
global_termination_time: 3823209.592
local_termination_time: 389492.30636
node_cons: 78678.3197289382
tot_aggregated_send: 53070
tot_msg_rcv: 1864
tot_msg_sent: 3706
tot_reconf_duration: 18.700000000000003
tot_sleeping_duration: 3764469.543360015
tot_uptimes: 980
tot_uptimes_duration: 58740.04863998521
