comms_cons: 378.6270080284774
finished_reconf: true
global_termination_time: 3826381.388
local_termination_time: 1880348.9980799987
node_cons: 78660.26650446595
tot_aggregated_send: 52780
tot_msg_rcv: 1606
tot_msg_sent: 3164
tot_reconf_duration: 5.43
tot_sleeping_duration: 3767641.363680009
tot_uptimes: 980
tot_uptimes_duration: 58740.024319991004
