comms_cons: 14.375551999923891
finished_reconf: true
global_termination_time: 140144.236
local_termination_time: 101669.61235999997
node_cons: 2842.674982239456
tot_aggregated_send: 1508
tot_msg_rcv: 286
tot_msg_sent: 391
tot_reconf_duration: 22.65
tot_sleeping_duration: 138044.2238400004
tot_uptimes: 36
tot_uptimes_duration: 2100.0121599995846
