comms_cons: 86.89189759026411
finished_reconf: true
global_termination_time: 848448.13
local_termination_time: 459360.27136
node_cons: 17446.183944471934
tot_aggregated_send: 11252
tot_msg_rcv: 678
tot_msg_sent: 1277
tot_reconf_duration: 9.11
tot_sleeping_duration: 835428.1056800061
tot_uptimes: 218
tot_uptimes_duration: 13020.024319993972
