comms_cons: 85.84891519678966
finished_reconf: true
global_termination_time: 848181.284
local_termination_time: 315868.39552000037
node_cons: 17449.171544481145
tot_aggregated_send: 11542
tot_msg_rcv: 468
tot_msg_sent: 1038
tot_reconf_duration: 11.31
tot_sleeping_duration: 835161.2596799991
tot_uptimes: 218
tot_uptimes_duration: 13020.02432000084
