comms_cons: 87.83579519286285
finished_reconf: true
global_termination_time: 849216.988
local_termination_time: 349058.81636000006
node_cons: 17454.66870782708
tot_aggregated_send: 11020
tot_msg_rcv: 768
tot_msg_sent: 1563
tot_reconf_duration: 15.34
tot_sleeping_duration: 836196.9454400097
tot_uptimes: 218
tot_uptimes_duration: 13020.04255999031
