comms_cons: 32.77757440032796
finished_reconf: true
global_termination_time: 328507.2665600003
local_termination_time: 311773.42684000015
node_cons: 6791.000305840461
tot_aggregated_send: 4698
tot_msg_rcv: 103
tot_msg_sent: 180
tot_reconf_duration: 7.819999999999999
tot_sleeping_duration: 323443.502
tot_uptimes: 85
tot_uptimes_duration: 5063.764560000331
