comms_cons: 72.90762239824151
finished_reconf: true
global_termination_time: 786555.652
local_termination_time: 4448.360000000001
node_cons: 16164.272042233688
tot_aggregated_send: 10776
tot_msg_rcv: 104
tot_msg_sent: 202
tot_reconf_duration: 11.719999999999999
tot_sleeping_duration: 774495.6398400047
tot_uptimes: 202
tot_uptimes_duration: 12060.012159995269
