comms_cons: 62.51715840052347
finished_reconf: true
global_termination_time: 623329.1304399995
local_termination_time: 623329.0893199996
node_cons: 12837.088450041087
tot_aggregated_send: 8744
tot_msg_rcv: 273
tot_msg_sent: 484
tot_reconf_duration: 24.59
tot_sleeping_duration: 613766.9980799988
tot_uptimes: 160
tot_uptimes_duration: 9562.132360000789
