comms_cons: 62.705382400773686
finished_reconf: true
global_termination_time: 623628.476
local_termination_time: 28458.598360000004
node_cons: 12778.218182241744
tot_aggregated_send: 8468
tot_msg_rcv: 308
tot_msg_sent: 754
tot_reconf_duration: 3.05
tot_sleeping_duration: 614088.4638399987
tot_uptimes: 160
tot_uptimes_duration: 9540.012160001286
