comms_cons: 62.99703040067139
finished_reconf: true
global_termination_time: 626748.773
local_termination_time: 287543.2983600001
node_cons: 12865.04398336432
tot_aggregated_send: 8410
tot_msg_rcv: 370
tot_msg_sent: 795
tot_reconf_duration: 7.819999999999999
tot_sleeping_duration: 617148.7547599969
tot_uptimes: 161
tot_uptimes_duration: 9600.018240003206
