comms_cons: 85.99139839793128
finished_reconf: true
global_termination_time: 874418.4947999984
local_termination_time: 874418.4536799984
node_cons: 18018.247989440762
tot_aggregated_send: 12572
tot_msg_rcv: 106
tot_msg_sent: 392
tot_reconf_duration: 24.59
tot_sleeping_duration: 860986.9378399978
tot_uptimes: 224
tot_uptimes_duration: 13431.55696000054
