comms_cons: 46.8044288004964
finished_reconf: true
global_termination_time: 467690.214
local_termination_time: 68437.70727999952
node_cons: 9566.421620000012
tot_aggregated_send: 6438
tot_msg_rcv: 216
tot_msg_sent: 460
tot_reconf_duration: 4.390000000000001
tot_sleeping_duration: 460550.214
tot_uptimes: 120
tot_uptimes_duration: 7140.0
