comms_cons: 44.218803202476316
finished_reconf: true
global_termination_time: 233308.873
local_termination_time: 187.09359999999998
node_cons: 4746.046043359737
tot_aggregated_send: 0
tot_msg_rcv: 3410
tot_msg_sent: 3311
tot_reconf_duration: 4.390000000000001
tot_sleeping_duration: 229768.8547600002
tot_uptimes: 60
tot_uptimes_duration: 3540.018239999801
