comms_cons: 23.30415360007587
finished_reconf: true
global_termination_time: 233937.022
local_termination_time: 116428.18800000001
node_cons: 4755.946971759192
tot_aggregated_send: 3128
tot_msg_rcv: 124
tot_msg_sent: 291
tot_reconf_duration: 7.819999999999999
tot_sleeping_duration: 230393.0881600006
tot_uptimes: 60
tot_uptimes_duration: 3543.9338399993867
