comms_cons: 39.89626880055562
finished_reconf: true
global_termination_time: 396076.329
local_termination_time: 14165.719400000004
node_cons: 8129.7071211203
tot_aggregated_send: 5394
tot_msg_rcv: 215
tot_msg_sent: 455
tot_reconf_duration: 11.31
tot_sleeping_duration: 390016.3229199998
tot_uptimes: 102
tot_uptimes_duration: 6060.0060800002175
