comms_cons: 380.5086592594534
finished_reconf: true
global_termination_time: 3783202.7088399995
local_termination_time: 3783202.6677199993
node_cons: 77842.6256856415
tot_aggregated_send: 52406
tot_msg_rcv: 1690
tot_msg_sent: 3739
tot_reconf_duration: 37.410000000000004
tot_sleeping_duration: 3725105.753720027
tot_uptimes: 969
tot_uptimes_duration: 58096.955119972874
