comms_cons: 613.3339845327926
finished_reconf: true
global_termination_time: 3786937.901
local_termination_time: 2240892.9930799995
node_cons: 77858.02894558356
tot_aggregated_send: 0
tot_msg_rcv: 47105
tot_msg_sent: 46119
tot_reconf_duration: 6.279999999999999
tot_sleeping_duration: 3728797.870600011
tot_uptimes: 970
tot_uptimes_duration: 58140.03039998887
