comms_cons: 1500.3251596969046
finished_reconf: true
global_termination_time: 3785396.54
local_termination_time: 2240893.251959999
node_cons: 229822.7394861623
tot_aggregated_send: 0
tot_msg_rcv: 92175
tot_msg_sent: 135866
tot_reconf_duration: 5.57
tot_sleeping_duration: 3613764.594200022
tot_uptimes: 2819
tot_uptimes_duration: 171631.94579997766
