comms_cons: 609.9318981271705
finished_reconf: true
global_termination_time: 3786399.356
local_termination_time: 2241891.64736
node_cons: 77856.40208223253
tot_aggregated_send: 0
tot_msg_rcv: 46647
tot_msg_sent: 46060
tot_reconf_duration: 5.1
tot_sleeping_duration: 3728259.3438400044
tot_uptimes: 970
tot_uptimes_duration: 58140.012159995735
