comms_cons: 373.25740801889367
finished_reconf: true
global_termination_time: 3784858.821
local_termination_time: 2716411.9504799997
node_cons: 77883.86624670042
tot_aggregated_send: 52780
tot_msg_rcv: 1277
tot_msg_sent: 2675
tot_reconf_duration: 25.299999999999997
tot_sleeping_duration: 3726718.7845200133
tot_uptimes: 970
tot_uptimes_duration: 58140.03647998697
