comms_cons: 375.15256323341026
finished_reconf: true
global_termination_time: 3784435.472
local_termination_time: 707595.0597199998
node_cons: 77870.02822670033
tot_aggregated_send: 53012
tot_msg_rcv: 1178
tot_msg_sent: 2831
tot_reconf_duration: 15.110000000000001
tot_sleeping_duration: 3726295.4355200133
tot_uptimes: 970
tot_uptimes_duration: 58140.03647998674
