comms_cons: 162.5134463899719
finished_reconf: true
global_termination_time: 1618953.41
local_termination_time: 274431.44736000005
node_cons: 33278.68556558417
tot_aggregated_send: 22794
tot_msg_rcv: 695
tot_msg_sent: 1212
tot_reconf_duration: 13.17
tot_sleeping_duration: 1594113.3796000117
tot_uptimes: 415
tot_uptimes_duration: 24840.030399988173
