comms_cons: 158.47319039290548
finished_reconf: true
global_termination_time: 1616185.5060000003
local_termination_time: 637889.0733199996
node_cons: 33217.49473111717
tot_aggregated_send: 22446
tot_msg_rcv: 499
tot_msg_sent: 1142
tot_reconf_duration: 4.390000000000001
tot_sleeping_duration: 1591382.2699200024
tot_uptimes: 414
tot_uptimes_duration: 24803.23607999785
