comms_cons: 157.30111999217115
finished_reconf: true
global_termination_time: 1618031.032
local_termination_time: 642353.8245199992
node_cons: 33264.918182233756
tot_aggregated_send: 22388
tot_msg_rcv: 451
tot_msg_sent: 1069
tot_reconf_duration: 3.05
tot_sleeping_duration: 1593191.0198400046
tot_uptimes: 415
tot_uptimes_duration: 24840.01215999527
