comms_cons: 557.7889148736274
finished_reconf: true
global_termination_time: 1616219.073
local_termination_time: 927686.4935999999
node_cons: 98218.582436628
tot_aggregated_send: 0
tot_msg_rcv: 34219
tot_msg_sent: 50562
tot_reconf_duration: 6.22
tot_sleeping_duration: 1542873.191240007
tot_uptimes: 1201
tot_uptimes_duration: 73345.88175999295
