comms_cons: 157.9994879932805
finished_reconf: true
global_termination_time: 1617976.505
local_termination_time: 929646.1030799986
node_cons: 33268.150222233606
tot_aggregated_send: 22214
tot_msg_rcv: 586
tot_msg_sent: 1215
tot_reconf_duration: 5.43
tot_sleeping_duration: 1593136.4928400046
tot_uptimes: 415
tot_uptimes_duration: 24840.01215999527
