comms_cons: 1.5329535999949357
finished_reconf: true
global_termination_time: 13904.717
local_termination_time: 5880.29936
node_cons: 246.98161999999923
tot_aggregated_send: 0
tot_msg_rcv: 119
tot_msg_sent: 114
tot_reconf_duration: 4.390000000000001
tot_sleeping_duration: 13724.717
tot_uptimes: 4
tot_uptimes_duration: 180.0
