comms_cons: 110.95225599987018
finished_reconf: true
global_termination_time: 1131573.433
local_termination_time: 923101.1523599998
node_cons: 23242.997321116738
tot_aggregated_send: 16414
tot_msg_rcv: 118
tot_msg_sent: 332
tot_reconf_duration: 18.21
tot_sleeping_duration: 1114233.4269200026
tot_uptimes: 290
tot_uptimes_duration: 17340.006079997576
