comms_cons: 73.17128959970941
finished_reconf: true
global_termination_time: 715343.193
local_termination_time: 341522.8164800001
node_cons: 14807.29732112148
tot_aggregated_send: 9918
tot_msg_rcv: 462
tot_msg_sent: 741
tot_reconf_duration: 18.21
tot_sleeping_duration: 704303.186919999
tot_uptimes: 184
tot_uptimes_duration: 11040.006080001069
