comms_cons: 52.384217604283165
finished_reconf: true
global_termination_time: 308134.7092400004
local_termination_time: 68184.18859999995
node_cons: 6332.675400479728
tot_aggregated_send: 0
tot_msg_rcv: 4056
tot_msg_sent: 3905
tot_reconf_duration: 4.8100000000000005
tot_sleeping_duration: 303410.1809200006
tot_uptimes: 79
tot_uptimes_duration: 4724.528319999794
