comms_cons: 132.07086079482323
finished_reconf: true
global_termination_time: 1310312.9071999986
local_termination_time: 38183.75448000002
node_cons: 26981.32643328409
tot_aggregated_send: 18212
tot_msg_rcv: 605
tot_msg_sent: 1256
tot_reconf_duration: 4.390000000000001
tot_sleeping_duration: 1290167.0036799957
tot_uptimes: 336
tot_uptimes_duration: 20145.90352000302
