comms_cons: 132.91299839373553
finished_reconf: true
global_termination_time: 1312550.971
local_termination_time: 475033.4996000005
node_cons: 27002.69490112143
tot_aggregated_send: 18212
tot_msg_rcv: 715
tot_msg_sent: 1275
tot_reconf_duration: 6.22
tot_sleeping_duration: 1292390.9649199988
tot_uptimes: 337
tot_uptimes_duration: 20160.00608000107
