comms_cons: 395.43686373241417
finished_reconf: true
global_termination_time: 1359507.549
local_termination_time: 464282.371
node_cons: 55351.09122212264
tot_aggregated_send: 0
tot_msg_rcv: 20186
tot_msg_sent: 39919
tot_reconf_duration: 18.21
tot_sleeping_duration: 1318188.3839199976
tot_uptimes: 686
tot_uptimes_duration: 41319.165080002625
