comms_cons: 137.79578879071101
finished_reconf: true
global_termination_time: 1358427.0609999981
local_termination_time: 1358427.0609999981
node_cons: 27995.85929959535
tot_aggregated_send: 18604
tot_msg_rcv: 769
tot_msg_sent: 1570
tot_reconf_duration: 24.59
tot_sleeping_duration: 1337543.9646000017
tot_uptimes: 348
tot_uptimes_duration: 20883.096399996488
