comms_cons: 134.38576639288928
finished_reconf: true
global_termination_time: 1360822.324
local_termination_time: 201417.08436000004
node_cons: 27968.963983350513
tot_aggregated_send: 18966
tot_msg_rcv: 530
tot_msg_sent: 930
tot_reconf_duration: 7.819999999999999
tot_sleeping_duration: 1339942.3057600071
tot_uptimes: 349
tot_uptimes_duration: 20880.018239992904
