comms_cons: 566.0926012641495
finished_reconf: true
global_termination_time: 2132772.236
local_termination_time: 678030.2685999998
node_cons: 128764.31431023082
tot_aggregated_send: 0
tot_msg_rcv: 34773
tot_msg_sent: 51270
tot_reconf_duration: 4.390000000000001
tot_sleeping_duration: 2036612.151840004
tot_uptimes: 1576
tot_uptimes_duration: 96160.08415999601
