comms_cons: 146.71615999016484
finished_reconf: true
global_termination_time: 1475222.471
local_termination_time: 539876.5073599999
node_cons: 30301.004924467434
tot_aggregated_send: 20358
tot_msg_rcv: 610
tot_msg_sent: 1332
tot_reconf_duration: 9.42
tot_sleeping_duration: 1452602.4466800094
tot_uptimes: 378
tot_uptimes_duration: 22620.024319990538
