comms_cons: 143.21546239741858
finished_reconf: true
global_termination_time: 1475477.346
local_termination_time: 667099.475
node_cons: 30306.798443037107
tot_aggregated_send: 20180
tot_msg_rcv: 470
tot_msg_sent: 1118
tot_reconf_duration: 10.95
tot_sleeping_duration: 1452854.5466400022
tot_uptimes: 378
tot_uptimes_duration: 22622.79935999785
