comms_cons: 5.44757759999407
finished_reconf: true
global_termination_time: 3487.3036800000004
local_termination_time: 3487.2625600000006
node_cons: 704.480845520001
tot_aggregated_send: 0
tot_msg_rcv: 347
tot_msg_sent: 479
tot_reconf_duration: 24.59
tot_sleeping_duration: 2986.118
tot_uptimes: 9
tot_uptimes_duration: 501.1856800000005
