comms_cons: 99.59483521427937
finished_reconf: true
global_termination_time: 504928.83
local_termination_time: 792.5403599999999
node_cons: 10394.626841121444
tot_aggregated_send: 0
tot_msg_rcv: 7669
tot_msg_sent: 7468
tot_reconf_duration: 22.65
tot_sleeping_duration: 497188.82391999895
tot_uptimes: 130
tot_uptimes_duration: 7740.006080001069
