comms_cons: 306.22228480838294
finished_reconf: true
global_termination_time: 3100189.005
local_termination_time: 466496.90036
node_cons: 63717.00208112013
tot_aggregated_send: 44776
tot_msg_rcv: 578
tot_msg_sent: 1190
tot_reconf_duration: 5.43
tot_sleeping_duration: 3052608.9989199988
tot_uptimes: 794
tot_uptimes_duration: 47580.00608000107
