comms_cons: 35.46251520011117
finished_reconf: true
global_termination_time: 348811.46
local_termination_time: 266373.04436
node_cons: 7158.706759999971
tot_aggregated_send: 4698
tot_msg_rcv: 285
tot_msg_sent: 408
tot_reconf_duration: 6.22
tot_sleeping_duration: 343471.46
tot_uptimes: 90
tot_uptimes_duration: 5340.0
