comms_cons: 155.4408063956894
finished_reconf: true
global_termination_time: 1591881.151
local_termination_time: 55996.63236000001
node_cons: 32708.999560000055
tot_aggregated_send: 22736
tot_msg_rcv: 257
tot_msg_sent: 633
tot_reconf_duration: 7.819999999999999
tot_sleeping_duration: 1567461.151
tot_uptimes: 408
tot_uptimes_duration: 24420.0
