comms_cons: 19.78394239988351
finished_reconf: true
global_termination_time: 194304.192
local_termination_time: 18539.552600000003
node_cons: 3967.426841119156
tot_aggregated_send: 2494
tot_msg_rcv: 185
tot_msg_sent: 328
tot_reconf_duration: 22.65
tot_sleeping_duration: 191364.18592000066
tot_uptimes: 50
tot_uptimes_duration: 2940.006079999366
