comms_cons: 19.56654080016188
finished_reconf: true
global_termination_time: 191902.742
local_termination_time: 105725.45735999997
node_cons: 3947.2877011214428
tot_aggregated_send: 2494
tot_msg_rcv: 146
tot_msg_sent: 334
tot_reconf_duration: 7.819999999999999
tot_sleeping_duration: 188962.73591999893
tot_uptimes: 50
tot_uptimes_duration: 2940.0060800010688
