comms_cons: 50.2742527998684
finished_reconf: true
global_termination_time: 15016.995360000006
local_termination_time: 976.9209999999978
node_cons: 6580.691651240069
tot_aggregated_send: 0
tot_msg_rcv: 3945
tot_msg_sent: 3696
tot_reconf_duration: 18.21
tot_sleeping_duration: 10120.832199999959
tot_uptimes: 66
tot_uptimes_duration: 4896.163160000049
