comms_cons: 121.29868159582807
finished_reconf: true
global_termination_time: 609812.7130000001
local_termination_time: 3333.8703600000003
node_cons: 12572.653611121585
tot_aggregated_send: 0
tot_msg_rcv: 9396
tot_msg_sent: 9038
tot_reconf_duration: 18.21
tot_sleeping_duration: 600441.5969199989
tot_uptimes: 157
tot_uptimes_duration: 9371.116080001171
