comms_cons: 60.61205120090348
finished_reconf: true
global_termination_time: 613561.611
local_termination_time: 154674.22844000068
node_cons: 12621.84304224288
tot_aggregated_send: 7946
tot_msg_rcv: 391
tot_msg_sent: 875
tot_reconf_duration: 6.22
tot_sleeping_duration: 604141.5988399979
tot_uptimes: 158
tot_uptimes_duration: 9420.012160002138
