comms_cons: 434.5140477487676
finished_reconf: true
global_termination_time: 2214378.0405999976
local_termination_time: 3570.0254800000002
node_cons: 45598.102892863564
tot_aggregated_send: 0
tot_msg_rcv: 33157
tot_msg_sent: 32884
tot_reconf_duration: 18.21
tot_sleeping_duration: 2180342.6606800095
tot_uptimes: 568
tot_uptimes_duration: 34035.3799199881
