comms_cons: 221.3506047824764
finished_reconf: true
global_termination_time: 2215527.583
local_termination_time: 382053.45336000004
node_cons: 45559.35268558365
tot_aggregated_send: 30798
tot_msg_rcv: 984
tot_msg_sent: 1862
tot_reconf_duration: 4.8100000000000005
tot_sleeping_duration: 2181507.552600012
tot_uptimes: 568
tot_uptimes_duration: 34020.03039998817
