comms_cons: 176.95187192940222
finished_reconf: true
global_termination_time: 893714.398
local_termination_time: 1936.8413600000003
node_cons: 18348.303123359718
tot_aggregated_send: 0
tot_msg_rcv: 13681
tot_msg_sent: 13213
tot_reconf_duration: 22.65
tot_sleeping_duration: 880034.3797600003
tot_uptimes: 229
tot_uptimes_duration: 13680.018239999772
