comms_cons: 66.5453184036668
finished_reconf: true
global_termination_time: 556352.8284799998
local_termination_time: 556352.7873599998
node_cons: 11460.161917779575
tot_aggregated_send: 4742
tot_msg_rcv: 1839
tot_msg_sent: 3535
tot_reconf_duration: 24.59
tot_sleeping_duration: 547819.0206399851
tot_uptimes: 143
tot_uptimes_duration: 8533.807840014604
