comms_cons: 820.6592697572337
finished_reconf: true
global_termination_time: 1694892.5685599984
local_termination_time: 1694892.5274399985
node_cons: 103103.13138878143
tot_aggregated_send: 0
tot_msg_rcv: 50365
tot_msg_sent: 74370
tot_reconf_duration: 24.59
tot_sleeping_duration: 1617917.4093600102
tot_uptimes: 1262
tot_uptimes_duration: 76975.15919998825
