comms_cons: 283.33324798552655
finished_reconf: true
global_termination_time: 2884231.856
local_termination_time: 1664309.00436
node_cons: 59299.37490111569
tot_aggregated_send: 40542
tot_msg_rcv: 824
tot_msg_sent: 1699
tot_reconf_duration: 6.22
tot_sleeping_duration: 2839951.8499200027
tot_uptimes: 739
tot_uptimes_duration: 44280.006079997635
