comms_cons: 194.5613183826403
finished_reconf: true
global_termination_time: 1940164.73
local_termination_time: 510240.916
node_cons: 39879.46382893444
tot_aggregated_send: 25924
tot_msg_rcv: 1274
tot_msg_sent: 2375
tot_reconf_duration: 22.65
tot_sleeping_duration: 1910404.681360019
tot_uptimes: 497
tot_uptimes_duration: 29760.048639981076
