comms_cons: 190.92243199488217
finished_reconf: true
global_termination_time: 1939781.014
local_termination_time: 1060263.0863599998
node_cons: 39883.00554111664
tot_aggregated_send: 27782
tot_msg_rcv: 446
tot_msg_sent: 791
tot_reconf_duration: 25.299999999999997
tot_sleeping_duration: 1910021.0079200023
tot_uptimes: 497
tot_uptimes_duration: 29760.006079997635
