comms_cons: 192.04026879314333
finished_reconf: true
global_termination_time: 1940166.941
local_termination_time: 482181.65952000086
node_cons: 39856.013939999735
tot_aggregated_send: 27956
tot_msg_rcv: 425
tot_msg_sent: 808
tot_reconf_duration: 5.43
tot_sleeping_duration: 1910406.941
tot_uptimes: 497
tot_uptimes_duration: 29760.0
