comms_cons: 30.512307199950847
finished_reconf: true
global_termination_time: 7302.361240000003
local_termination_time: 3329.059480000002
node_cons: 3097.351065320015
tot_aggregated_send: 0
tot_msg_rcv: 2447
tot_msg_sent: 2189
tot_reconf_duration: 18.21
tot_sleeping_duration: 5007.647359999992
tot_uptimes: 33
tot_uptimes_duration: 2294.713880000011
