comms_cons: 1.4013695999995917
finished_reconf: true
global_termination_time: 9484.472
local_termination_time: 5718.942360000001
node_cons: 191.43870000000075
tot_aggregated_send: 0
tot_msg_rcv: 118
tot_msg_sent: 95
tot_reconf_duration: 22.65
tot_sleeping_duration: 9364.472
tot_uptimes: 3
tot_uptimes_duration: 120.0
