comms_cons: 1.4540031999990357
finished_reconf: true
global_termination_time: 9702.019
local_termination_time: 5438.7483600000005
node_cons: 181.1993800000008
tot_aggregated_send: 0
tot_msg_rcv: 117
tot_msg_sent: 102
tot_reconf_duration: 15.110000000000001
tot_sleeping_duration: 9582.019
tot_uptimes: 3
tot_uptimes_duration: 120.0
