comms_cons: 1.4934783999950663
finished_reconf: true
global_termination_time: 9957.037
local_termination_time: 6724.0963600000005
node_cons: 175.55009999999976
tot_aggregated_send: 0
tot_msg_rcv: 119
tot_msg_sent: 107
tot_reconf_duration: 10.95
tot_sleeping_duration: 9837.037
tot_uptimes: 3
tot_uptimes_duration: 120.0
