comms_cons: 1.5000575999950445
finished_reconf: true
global_termination_time: 10750.12
local_termination_time: 5638.52936
node_cons: 176.03898000000055
tot_aggregated_send: 0
tot_msg_rcv: 122
tot_msg_sent: 106
tot_reconf_duration: 11.31
tot_sleeping_duration: 10630.12
tot_uptimes: 3
tot_uptimes_duration: 120.0
