comms_cons: 149.75575039422824
finished_reconf: true
global_termination_time: 1499972.464
local_termination_time: 814722.2569599986
node_cons: 30858.124059999984
tot_aggregated_send: 21344
tot_msg_rcv: 495
tot_msg_sent: 923
tot_reconf_duration: 5.57
tot_sleeping_duration: 1476932.464
tot_uptimes: 385
tot_uptimes_duration: 23040.0
