comms_cons: 148.40764159413789
finished_reconf: true
global_termination_time: 1502351.359
local_termination_time: 464968.72936000006
node_cons: 30884.925541121465
tot_aggregated_send: 21402
tot_msg_rcv: 308
tot_msg_sent: 847
tot_reconf_duration: 25.299999999999997
tot_sleeping_duration: 1479311.3529199988
tot_uptimes: 385
tot_uptimes_duration: 23040.00608000107
