comms_cons: 435.5646588872379
finished_reconf: true
global_termination_time: 1498818.884
local_termination_time: 531219.103
node_cons: 60979.81606939609
tot_aggregated_send: 0
tot_msg_rcv: 22221
tot_msg_sent: 43983
tot_reconf_duration: 13.17
tot_sleeping_duration: 1453290.9294000024
tot_uptimes: 752
tot_uptimes_duration: 45527.95459999787
