comms_cons: 149.12871039711854
finished_reconf: true
global_termination_time: 1498923.988
local_termination_time: 548320.1124799978
node_cons: 30774.402639999993
tot_aggregated_send: 21344
tot_msg_rcv: 454
tot_msg_sent: 868
tot_reconf_duration: 3.08
tot_sleeping_duration: 1475943.988
tot_uptimes: 384
tot_uptimes_duration: 22980.0
