comms_cons: 40.740288000126554
finished_reconf: true
global_termination_time: 406257.897
local_termination_time: 77376.39835999996
node_cons: 8363.814901119164
tot_aggregated_send: 5684
tot_msg_rcv: 164
tot_msg_sent: 344
tot_reconf_duration: 6.22
tot_sleeping_duration: 400017.8909200006
tot_uptimes: 105
tot_uptimes_duration: 6240.006079999366
