comms_cons: 40.48181760027786
finished_reconf: true
global_termination_time: 409006.284
local_termination_time: 124649.50367999986
node_cons: 8370.718980000027
tot_aggregated_send: 5800
tot_msg_rcv: 131
tot_msg_sent: 222
tot_reconf_duration: 11.31
tot_sleeping_duration: 402766.284
tot_uptimes: 105
tot_uptimes_duration: 6240.0
