comms_cons: 2.2961407999966332
finished_reconf: true
global_termination_time: 17385.38
local_termination_time: 7056.996360000002
node_cons: 327.89197999999936
tot_aggregated_send: 0
tot_msg_rcv: 177
tot_msg_sent: 172
tot_reconf_duration: 4.8100000000000005
tot_sleeping_duration: 17145.38
tot_uptimes: 5
tot_uptimes_duration: 240.0
