comms_cons: 480.5443264506864
finished_reconf: true
global_termination_time: 4939121.083
local_termination_time: 3619178.51636
node_cons: 101584.12554111394
tot_aggregated_send: 68440
tot_msg_rcv: 1527
tot_msg_sent: 3072
tot_reconf_duration: 25.299999999999997
tot_sleeping_duration: 4863281.076920002
tot_uptimes: 1265
tot_uptimes_duration: 75840.00607999787
