comms_cons: 496.8086464964057
finished_reconf: true
global_termination_time: 4937136.381119988
local_termination_time: 167366.64636000004
node_cons: 101653.67608971818
tot_aggregated_send: 68614
tot_msg_rcv: 2321
tot_msg_sent: 4575
tot_reconf_duration: 22.65
tot_sleeping_duration: 4861241.745280017
tot_uptimes: 1265
tot_uptimes_duration: 75894.63583997096
