comms_cons: 2.2961407999966332
finished_reconf: true
global_termination_time: 11753.016
local_termination_time: 5424.09936
node_cons: 248.58405999999962
tot_aggregated_send: 0
tot_msg_rcv: 179
tot_msg_sent: 169
tot_reconf_duration: 5.57
tot_sleeping_duration: 11573.016
tot_uptimes: 4
tot_uptimes_duration: 180.0
