comms_cons: 2.2961407999924126
finished_reconf: true
global_termination_time: 15078.309
local_termination_time: 6401.607360000001
node_cons: 247.55198000000055
tot_aggregated_send: 0
tot_msg_rcv: 179
tot_msg_sent: 170
tot_reconf_duration: 4.8100000000000005
tot_sleeping_duration: 14898.309
tot_uptimes: 4
tot_uptimes_duration: 180.0
