comms_cons: 1.5329535999991566
finished_reconf: true
global_termination_time: 12898.159
local_termination_time: 4804.910360000001
node_cons: 251.63956000000084
tot_aggregated_send: 0
tot_msg_rcv: 122
tot_msg_sent: 111
tot_reconf_duration: 7.819999999999999
tot_sleeping_duration: 12718.159
tot_uptimes: 4
tot_uptimes_duration: 180.0
