comms_cons: 1.5000575999950445
finished_reconf: true
global_termination_time: 11916.341
local_termination_time: 6679.76936
node_cons: 256.3789800000005
tot_aggregated_send: 0
tot_msg_rcv: 120
tot_msg_sent: 108
tot_reconf_duration: 11.31
tot_sleeping_duration: 11736.341
tot_uptimes: 4
tot_uptimes_duration: 180.0
