comms_cons: 2.277030399995988
finished_reconf: true
global_termination_time: 11870.457
local_termination_time: 4842.851360000001
node_cons: 248.3939400000004
tot_aggregated_send: 0
tot_msg_rcv: 177
tot_msg_sent: 169
tot_reconf_duration: 5.43
tot_sleeping_duration: 11690.457
tot_uptimes: 4
tot_uptimes_duration: 180.0
