comms_cons: 53.36186880036438
finished_reconf: true
global_termination_time: 531629.977
local_termination_time: 8608.946600000003
node_cons: 10943.39154000002
tot_aggregated_send: 7540
tot_msg_rcv: 234
tot_msg_sent: 337
tot_reconf_duration: 12.629999999999999
tot_sleeping_duration: 523469.97699999996
tot_uptimes: 137
tot_uptimes_duration: 8160.000000000004
