comms_cons: 40.39691520008819
finished_reconf: true
global_termination_time: 409614.293
local_termination_time: 120406.778
node_cons: 8364.056563840657
tot_aggregated_send: 5797
tot_msg_rcv: 114
tot_msg_sent: 229
tot_reconf_duration: 6.22
tot_sleeping_duration: 403374.1064399995
tot_uptimes: 105
tot_uptimes_duration: 6240.186560000482
