comms_cons: 979.1399799701953
finished_reconf: true
global_termination_time: 2234586.234
local_termination_time: 476022.6502800008
node_cons: 136065.44594985686
tot_aggregated_send: 0
tot_msg_rcv: 60044
tot_msg_sent: 88778
tot_reconf_duration: 18.21
tot_sleeping_duration: 2132987.491080014
tot_uptimes: 1665
tot_uptimes_duration: 101598.74291998583
