comms_cons: 220.3176703922138
finished_reconf: true
global_termination_time: 2236214.985
local_termination_time: 534562.5041999986
node_cons: 45966.851379999454
tot_aggregated_send: 31784
tot_msg_rcv: 549
tot_msg_sent: 1154
tot_reconf_duration: 9.11
tot_sleeping_duration: 2201894.985
tot_uptimes: 573
tot_uptimes_duration: 34320.0
