comms_cons: 220.74594559398196
finished_reconf: true
global_termination_time: 2236773.975
local_termination_time: 1174566.4812399987
node_cons: 45974.9993799993
tot_aggregated_send: 32306
tot_msg_rcv: 423
tot_msg_sent: 823
tot_reconf_duration: 15.110000000000001
tot_sleeping_duration: 2202453.975
tot_uptimes: 573
tot_uptimes_duration: 34320.0
