comms_cons: 38.42315520091915
finished_reconf: true
global_termination_time: 369317.317
local_termination_time: 121289.62779999958
node_cons: 7576.724904523417
tot_aggregated_send: 3828
tot_msg_rcv: 674
tot_msg_sent: 1339
tot_reconf_duration: 18.21
tot_sleeping_duration: 363677.2903199974
tot_uptimes: 95
tot_uptimes_duration: 5640.02668000254
