comms_cons: 36.271500800391
finished_reconf: true
global_termination_time: 365263.943
local_termination_time: 202125.33536000006
node_cons: 7480.0667600000115
tot_aggregated_send: 4698
tot_msg_rcv: 237
tot_msg_sent: 578
tot_reconf_duration: 6.22
tot_sleeping_duration: 359683.943
tot_uptimes: 94
tot_uptimes_duration: 5580.0
