comms_cons: 419.185657669334
finished_reconf: true
global_termination_time: 4167400.961
local_termination_time: 789988.7808799981
node_cons: 85733.45654781662
tot_aggregated_send: 57420
tot_msg_rcv: 2133
tot_msg_sent: 4159
tot_reconf_duration: 7.819999999999999
tot_sleeping_duration: 4103380.918440016
tot_uptimes: 1068
tot_uptimes_duration: 64020.04255998415
