comms_cons: 37.90277120088692
finished_reconf: true
global_termination_time: 367696.674
local_termination_time: 309893.63036
node_cons: 7560.414901121402
tot_aggregated_send: 4988
tot_msg_rcv: 313
tot_msg_sent: 460
tot_reconf_duration: 6.22
tot_sleeping_duration: 362056.66791999893
tot_uptimes: 95
tot_uptimes_duration: 5640.006080001069
