comms_cons: 2.2689215999934884
finished_reconf: true
global_termination_time: 13456.736
local_termination_time: 4399.8063600000005
node_cons: 256.3789800000005
tot_aggregated_send: 0
tot_msg_rcv: 180
tot_msg_sent: 164
tot_reconf_duration: 11.31
tot_sleeping_duration: 13276.736
tot_uptimes: 4
tot_uptimes_duration: 180.0
