comms_cons: 528.0358656188475
finished_reconf: true
global_termination_time: 5449414.749
local_termination_time: 2080516.1018399997
node_cons: 112082.8363811138
tot_aggregated_send: 76444
tot_msg_rcv: 1319
tot_msg_sent: 2495
tot_reconf_duration: 6.279999999999999
tot_sleeping_duration: 5365714.742920002
tot_uptimes: 1396
tot_uptimes_duration: 83700.00607999787
