comms_cons: 545.883654487401
finished_reconf: true
global_termination_time: 5448689.430119997
local_termination_time: 350849.00656000024
node_cons: 112126.80898749977
tot_aggregated_send: 76502
tot_msg_rcv: 2184
tot_msg_sent: 4284
tot_reconf_duration: 22.65
tot_sleeping_duration: 5364973.18644001
tot_uptimes: 1396
tot_uptimes_duration: 83716.24367998738
