comms_cons: 542.5142528601316
finished_reconf: true
global_termination_time: 5449628.502
local_termination_time: 813292.2133599999
node_cons: 112080.31860781509
tot_aggregated_send: 76154
tot_msg_rcv: 2064
tot_msg_sent: 4241
tot_reconf_duration: 4.390000000000001
tot_sleeping_duration: 5365928.459440016
tot_uptimes: 1396
tot_uptimes_duration: 83700.0425599839
