comms_cons: 535.2771328675365
finished_reconf: true
global_termination_time: 5449966.256
local_termination_time: 1907373.6993599997
node_cons: 112082.78746558136
tot_aggregated_send: 75574
tot_msg_rcv: 1986
tot_msg_sent: 3799
tot_reconf_duration: 6.22
tot_sleeping_duration: 5366266.225600011
tot_uptimes: 1396
tot_uptimes_duration: 83700.03039998864
