comms_cons: 86.29999359574553
finished_reconf: true
global_termination_time: 850535.384
local_termination_time: 108342.87047999997
node_cons: 17464.58754670563
tot_aggregated_send: 11484
tot_msg_rcv: 541
tot_msg_sent: 1092
tot_reconf_duration: 22.65
tot_sleeping_duration: 837515.3475200107
tot_uptimes: 218
tot_uptimes_duration: 13020.036479989241
