comms_cons: 85.55591679825245
finished_reconf: true
global_termination_time: 852266.471
local_termination_time: 381263.41644000023
node_cons: 17520.66012112145
tot_aggregated_send: 11832
tot_msg_rcv: 473
tot_msg_sent: 699
tot_reconf_duration: 4.8100000000000005
tot_sleeping_duration: 839186.4649199989
tot_uptimes: 219
tot_uptimes_duration: 13080.006080001069
