comms_cons: 2.4027647999915493
finished_reconf: true
global_termination_time: 15011.599
local_termination_time: 7080.7716
node_cons: 258.9048600000001
tot_aggregated_send: 0
tot_msg_rcv: 256
tot_msg_sent: 109
tot_reconf_duration: 13.17
tot_sleeping_duration: 14831.599
tot_uptimes: 4
tot_uptimes_duration: 180.0
