comms_cons: 1.6053247999946965
finished_reconf: true
global_termination_time: 14328.084
local_termination_time: 5810.896360000001
node_cons: 261.5393800000008
tot_aggregated_send: 0
tot_msg_rcv: 139
tot_msg_sent: 105
tot_reconf_duration: 15.110000000000001
tot_sleeping_duration: 14148.084
tot_uptimes: 4
tot_uptimes_duration: 180.0
