comms_cons: 1.6842751999986563
finished_reconf: true
global_termination_time: 11839.77
local_termination_time: 6829.224480000001
node_cons: 271.778700000002
tot_aggregated_send: 0
tot_msg_rcv: 158
tot_msg_sent: 98
tot_reconf_duration: 22.65
tot_sleeping_duration: 11659.769999999999
tot_uptimes: 4
tot_uptimes_duration: 180.0
