comms_cons: 1.7265087999961457
finished_reconf: true
global_termination_time: 14750.131
local_termination_time: 3972.4933600000004
node_cons: 247.55197999999993
tot_aggregated_send: 0
tot_msg_rcv: 145
tot_msg_sent: 117
tot_reconf_duration: 4.8100000000000005
tot_sleeping_duration: 14570.131
tot_uptimes: 4
tot_uptimes_duration: 180.0
