comms_cons: 1.5658495999969382
finished_reconf: true
global_termination_time: 14152.32
local_termination_time: 4853.285360000001
node_cons: 249.46676000000033
tot_aggregated_send: 0
tot_msg_rcv: 124
tot_msg_sent: 114
tot_reconf_duration: 6.22
tot_sleeping_duration: 13972.32
tot_uptimes: 4
tot_uptimes_duration: 180.0
