comms_cons: 51.804620800684
finished_reconf: true
global_termination_time: 517231.843
local_termination_time: 296912.997
node_cons: 10629.6254622429
tot_aggregated_send: 7232
tot_msg_rcv: 234
tot_msg_sent: 408
tot_reconf_duration: 18.21
tot_sleeping_duration: 509311.83083999786
tot_uptimes: 133
tot_uptimes_duration: 7920.0121600021375
