comms_cons: 55.055372801829364
finished_reconf: true
global_termination_time: 517296.946
local_termination_time: 292991.30436000007
node_cons: 10635.663123364338
tot_aggregated_send: 6438
tot_msg_rcv: 729
tot_msg_sent: 1202
tot_reconf_duration: 22.65
tot_sleeping_duration: 509376.9277599968
tot_uptimes: 133
tot_uptimes_duration: 7920.018240003206
