comms_cons: 51.49539840042269
finished_reconf: true
global_termination_time: 518926.686
local_termination_time: 213157.42836000005
node_cons: 10612.444060000023
tot_aggregated_send: 7308
tot_msg_rcv: 175
tot_msg_sent: 344
tot_reconf_duration: 5.57
tot_sleeping_duration: 511006.686
tot_uptimes: 133
tot_uptimes_duration: 7920.0
