comms_cons: 51.745408000026806
finished_reconf: true
global_termination_time: 520011.167
local_termination_time: 128086.51735999997
node_cons: 10691.181620000014
tot_aggregated_send: 7424
tot_msg_rcv: 155
tot_msg_sent: 286
tot_reconf_duration: 4.390000000000001
tot_sleeping_duration: 512031.167
tot_uptimes: 134
tot_uptimes_duration: 7980.0
