comms_cons: 52.40363520099341
finished_reconf: true
global_termination_time: 517134.731
local_termination_time: 142184.96899999998
node_cons: 10609.05446448572
tot_aggregated_send: 6958
tot_msg_rcv: 309
tot_msg_sent: 698
tot_reconf_duration: 3.05
tot_sleeping_duration: 509214.70667999575
tot_uptimes: 133
tot_uptimes_duration: 7920.024320004275
