comms_cons: 102.62602241514402
finished_reconf: true
global_termination_time: 517867.746
local_termination_time: 2951.2973600000005
node_cons: 10613.359324485737
tot_aggregated_send: 0
tot_msg_rcv: 7936
tot_msg_sent: 7660
tot_reconf_duration: 6.22
tot_sleeping_duration: 509947.7216799957
tot_uptimes: 133
tot_uptimes_duration: 7920.024320004275
