comms_cons: 67.989452800003
finished_reconf: true
global_termination_time: 702152.652
local_termination_time: 400503.96576000086
node_cons: 14389.38823999998
tot_aggregated_send: 10150
tot_msg_rcv: 71
tot_msg_sent: 113
tot_reconf_duration: 6.279999999999999
tot_sleeping_duration: 691412.652
tot_uptimes: 180
tot_uptimes_duration: 10740.0
