comms_cons: 68.45657600013669
finished_reconf: true
global_termination_time: 701257.107
local_termination_time: 140644.26536000008
node_cons: 14398.744860000037
tot_aggregated_send: 10092
tot_msg_rcv: 145
tot_msg_sent: 168
tot_reconf_duration: 13.17
tot_sleeping_duration: 690517.107
tot_uptimes: 180
tot_uptimes_duration: 10740.0
