comms_cons: 69.3316095999554
finished_reconf: true
global_termination_time: 696771.6179599997
local_termination_time: 696771.5768399998
node_cons: 14357.909599680188
tot_aggregated_send: 9904
tot_msg_rcv: 215
tot_msg_sent: 418
tot_reconf_duration: 24.59
tot_sleeping_duration: 686073.6968399996
tot_uptimes: 179
tot_uptimes_duration: 10697.921120000115
