comms_cons: 54.12049920029777
finished_reconf: true
global_termination_time: 548939.094
local_termination_time: 60669.02136000001
node_cons: 11268.119380000016
tot_aggregated_send: 7946
tot_msg_rcv: 120
tot_msg_sent: 160
tot_reconf_duration: 15.110000000000001
tot_sleeping_duration: 540539.094
tot_uptimes: 141
tot_uptimes_duration: 8400.0
