comms_cons: 55.46391040066027
finished_reconf: true
global_termination_time: 547641.115
local_termination_time: 13882.753
node_cons: 11305.12895208002
tot_aggregated_send: 7538
tot_msg_rcv: 313
tot_msg_sent: 580
tot_reconf_duration: 22.65
tot_sleeping_duration: 539221.1222799999
tot_uptimes: 141
tot_uptimes_duration: 8419.992720000004
