comms_cons: 53.6007424000094
finished_reconf: true
global_termination_time: 549180.817
local_termination_time: 88353.7753199999
node_cons: 11256.046760000017
tot_aggregated_send: 8004
tot_msg_rcv: 32
tot_msg_sent: 111
tot_reconf_duration: 6.22
tot_sleeping_duration: 540780.817
tot_uptimes: 141
tot_uptimes_duration: 8400.0
