comms_cons: 20.935014399972083
finished_reconf: true
global_termination_time: 10764.342240000004
local_termination_time: 3255.7240400000014
node_cons: 3130.1538873200166
tot_aggregated_send: 0
tot_msg_rcv: 1583
tot_msg_sent: 1598
tot_reconf_duration: 18.21
tot_sleeping_duration: 8445.130359999992
tot_uptimes: 37
tot_uptimes_duration: 2319.2118800000117
