comms_cons: 1.5263743999991783
finished_reconf: true
global_termination_time: 15169.069
local_termination_time: 6567.63436
node_cons: 249.54824000000212
tot_aggregated_send: 0
tot_msg_rcv: 119
tot_msg_sent: 113
tot_reconf_duration: 6.279999999999999
tot_sleeping_duration: 14989.069
tot_uptimes: 4
tot_uptimes_duration: 180.0
