comms_cons: 1.4803199999951098
finished_reconf: true
global_termination_time: 12021.012
local_termination_time: 5165.48236
node_cons: 258.9048600000001
tot_aggregated_send: 0
tot_msg_rcv: 119
tot_msg_sent: 106
tot_reconf_duration: 13.17
tot_sleeping_duration: 11841.012
tot_uptimes: 4
tot_uptimes_duration: 180.0
