comms_cons: 420.19368966085005
finished_reconf: true
global_termination_time: 486413.9736000001
local_termination_time: 486413.9324800001
node_cons: 48518.63688712934
tot_aggregated_send: 0
tot_msg_rcv: 28870
tot_msg_sent: 34998
tot_reconf_duration: 24.59
tot_sleeping_duration: 450203.9335199927
tot_uptimes: 585
tot_uptimes_duration: 36210.04008000739
