comms_cons: 96.73265921405249
finished_reconf: true
global_termination_time: 486414.5736000002
local_termination_time: 2322.3003600000006
node_cons: 9991.176049521691
tot_aggregated_send: 0
tot_msg_rcv: 7499
tot_msg_sent: 7202
tot_reconf_duration: 6.22
tot_sleeping_duration: 478959.2119199989
tot_uptimes: 125
tot_uptimes_duration: 7455.361680001253
