comms_cons: 50.068940800650466
finished_reconf: true
global_termination_time: 486987.995
local_termination_time: 16124.082760000001
node_cons: 9977.527121121442
tot_aggregated_send: 6438
tot_msg_rcv: 424
tot_msg_sent: 748
tot_reconf_duration: 11.31
tot_sleeping_duration: 479547.9889199989
tot_uptimes: 125
tot_uptimes_duration: 7440.006080001069
