comms_cons: 49.515059200453976
finished_reconf: true
global_termination_time: 494747.294
local_termination_time: 17034.816680000004
node_cons: 10129.371980000014
tot_aggregated_send: 6960
tot_msg_rcv: 222
tot_msg_sent: 344
tot_reconf_duration: 4.8100000000000005
tot_sleeping_duration: 487187.294
tot_uptimes: 127
tot_uptimes_duration: 7560.0
