comms_cons: 143.33026561969956
finished_reconf: true
global_termination_time: 489861.9326000001
local_termination_time: 489861.8914800001
node_cons: 20131.42115440019
tot_aggregated_send: 0
tot_msg_rcv: 7286
tot_msg_sent: 14498
tot_reconf_duration: 24.59
tot_sleeping_duration: 474852.20300000004
tot_uptimes: 249
tot_uptimes_duration: 15009.729600000108
