comms_cons: 692.9708545247513
finished_reconf: true
global_termination_time: 6985455.11
local_termination_time: 2344840.134959999
node_cons: 143656.5052278156
tot_aggregated_send: 97730
tot_msg_rcv: 2599
tot_msg_sent: 4996
tot_reconf_duration: 6.279999999999999
tot_sleeping_duration: 6878175.067440015
tot_uptimes: 1789
tot_uptimes_duration: 107280.04255998507
