comms_cons: 684.8124929228543
finished_reconf: true
global_termination_time: 6984413.808
local_termination_time: 4094446.216
node_cons: 143674.6414265404
tot_aggregated_send: 96570
tot_msg_rcv: 2405
tot_msg_sent: 5112
tot_reconf_duration: 12.629999999999999
tot_sleeping_duration: 6877126.660960011
tot_uptimes: 1789
tot_uptimes_duration: 107287.14703998901
