comms_cons: 703.1939265718879
finished_reconf: true
global_termination_time: 6986533.31
local_termination_time: 2234517.5257200003
node_cons: 143735.70721004976
tot_aggregated_send: 96280
tot_msg_rcv: 3569
tot_msg_sent: 7030
tot_reconf_duration: 5.43
tot_sleeping_duration: 6879193.255280019
tot_uptimes: 1790
tot_uptimes_duration: 107340.0547199808
