comms_cons: 784.4542906042193
finished_reconf: true
global_termination_time: 1623301.3163199977
local_termination_time: 1623301.2751999977
node_cons: 98460.81838877297
tot_aggregated_send: 0
tot_msg_rcv: 48208
tot_msg_sent: 71026
tot_reconf_duration: 24.59
tot_sleeping_duration: 1549793.157120016
tot_uptimes: 1207
tot_uptimes_duration: 73508.15919998173
