comms_cons: 162.39502078946165
finished_reconf: true
global_termination_time: 1624492.34
local_termination_time: 688123.32936
node_cons: 33427.98012111693
tot_aggregated_send: 22678
tot_msg_rcv: 769
tot_msg_sent: 1237
tot_reconf_duration: 4.8100000000000005
tot_sleeping_duration: 1599532.3339200024
tot_uptimes: 417
tot_uptimes_duration: 24960.006079997635
