comms_cons: 518.3789377160401
finished_reconf: true
global_termination_time: 5113038.34
local_termination_time: 270989.3193600001
node_cons: 105172.72175340078
tot_aggregated_send: 70180
tot_msg_rcv: 2857
tot_msg_sent: 5753
tot_reconf_duration: 5.57
tot_sleeping_duration: 5034498.267040026
tot_uptimes: 1310
tot_uptimes_duration: 78540.07295997301
