comms_cons: 515.9563073086199
finished_reconf: true
global_termination_time: 5113334.623
local_termination_time: 1715447.7854799996
node_cons: 105185.62008558246
tot_aggregated_send: 71340
tot_msg_rcv: 2504
tot_msg_sent: 4577
tot_reconf_duration: 15.110000000000001
tot_sleeping_duration: 5034794.59260001
tot_uptimes: 1310
tot_uptimes_duration: 78540.03039998934
