comms_cons: 189.92033277718033
finished_reconf: true
global_termination_time: 1857714.186
local_termination_time: 268912.0373600001
node_cons: 38192.35639342023
tot_aggregated_send: 24592
tot_msg_rcv: 1543
tot_msg_sent: 2731
tot_reconf_duration: 22.65
tot_sleeping_duration: 1829214.1130400146
tot_uptimes: 476
tot_uptimes_duration: 28500.07295998535
