comms_cons: 180.15374079535164
finished_reconf: true
global_termination_time: 1853806.69
local_termination_time: 1293882.8663599999
node_cons: 38195.85739999988
tot_aggregated_send: 26680
tot_msg_rcv: 221
tot_msg_sent: 482
tot_reconf_duration: 25.299999999999997
tot_sleeping_duration: 1825306.69
tot_uptimes: 475
tot_uptimes_duration: 28500.0
