comms_cons: 182.44121599501742
finished_reconf: true
global_termination_time: 1856213.696
local_termination_time: 1275391.6605599984
node_cons: 38179.38485999972
tot_aggregated_send: 26622
tot_msg_rcv: 306
tot_msg_sent: 802
tot_reconf_duration: 13.17
tot_sleeping_duration: 1827713.696
tot_uptimes: 476
tot_uptimes_duration: 28500.0
