comms_cons: 41.66270080053961
finished_reconf: true
global_termination_time: 409416.792
local_termination_time: 10347.64048
node_cons: 8365.995842240593
tot_aggregated_send: 5452
tot_msg_rcv: 304
tot_msg_sent: 576
tot_reconf_duration: 7.819999999999999
tot_sleeping_duration: 403176.7798399996
tot_uptimes: 105
tot_uptimes_duration: 6240.012160000435
