comms_cons: 27.843174400306232
finished_reconf: true
global_termination_time: 272714.911
local_termination_time: 59416.51296000003
node_cons: 5551.988240000003
tot_aggregated_send: 3712
tot_msg_rcv: 235
tot_msg_sent: 285
tot_reconf_duration: 6.279999999999999
tot_sleeping_duration: 268574.911
tot_uptimes: 70
tot_uptimes_duration: 4140.0
