comms_cons: 159.65889281756324
finished_reconf: true
global_termination_time: 329246.5165200004
local_termination_time: 329246.4754000004
node_cons: 20087.3334973235
tot_aggregated_send: 0
tot_msg_rcv: 9805
tot_msg_sent: 14462
tot_reconf_duration: 37.410000000000004
tot_sleeping_duration: 314282.71463999787
tot_uptimes: 246
tot_uptimes_duration: 14963.801880002587
