comms_cons: 114.62940159352016
finished_reconf: true
global_termination_time: 1157918.457
local_termination_time: 571885.0602799982
node_cons: 23811.348297034416
tot_aggregated_send: 15950
tot_msg_rcv: 441
tot_msg_sent: 1032
tot_reconf_duration: 18.21
tot_sleeping_duration: 1140153.991640004
tot_uptimes: 297
tot_uptimes_duration: 17764.46535999584
