comms_cons: 113.06184319569336
finished_reconf: true
global_termination_time: 1158187.527
local_termination_time: 696266.3259599986
node_cons: 23786.601620000052
tot_aggregated_send: 16240
tot_msg_rcv: 303
tot_msg_sent: 641
tot_reconf_duration: 4.390000000000001
tot_sleeping_duration: 1140427.527
tot_uptimes: 297
tot_uptimes_duration: 17760.0
