comms_cons: 115.70181119725456
finished_reconf: true
global_termination_time: 1157669.147
local_termination_time: 746261.8893599999
node_cons: 23784.7819000001
tot_aggregated_send: 16472
tot_msg_rcv: 420
tot_msg_sent: 694
tot_reconf_duration: 3.05
tot_sleeping_duration: 1139909.147
tot_uptimes: 297
tot_uptimes_duration: 17760.0
