comms_cons: 203.97111039429777
finished_reconf: true
global_termination_time: 2092137.98
local_termination_time: 967024.6563599999
node_cons: 43002.42752111642
tot_aggregated_send: 30044
tot_msg_rcv: 274
tot_msg_sent: 684
tot_reconf_duration: 15.110000000000001
tot_sleeping_duration: 2060037.9739200023
tot_uptimes: 536
tot_uptimes_duration: 32100.006079997635
