comms_cons: 333.4613181436809
finished_reconf: true
global_termination_time: 2091251.026
local_termination_time: 651421.7893599999
node_cons: 42988.472685583845
tot_aggregated_send: 0
tot_msg_rcv: 25732
tot_msg_sent: 24953
tot_reconf_duration: 4.8100000000000005
tot_sleeping_duration: 2059150.995600012
tot_uptimes: 536
tot_uptimes_duration: 32100.030399988173
