comms_cons: 206.68528639342458
finished_reconf: true
global_termination_time: 2091533.298
local_termination_time: 870028.1763599999
node_cons: 42998.060199999636
tot_aggregated_send: 29986
tot_msg_rcv: 451
tot_msg_sent: 977
tot_reconf_duration: 11.899999999999999
tot_sleeping_duration: 2059433.298
tot_uptimes: 536
tot_uptimes_duration: 32100.0
