comms_cons: 57.98969599959501
finished_reconf: true
global_termination_time: 584405.53
local_termination_time: 362020.35636000003
node_cons: 11986.018980000013
tot_aggregated_send: 8236
tot_msg_rcv: 182
tot_msg_sent: 396
tot_reconf_duration: 11.31
tot_sleeping_duration: 575465.53
tot_uptimes: 150
tot_uptimes_duration: 8940.0
