comms_cons: 519.0156544874751
finished_reconf: true
global_termination_time: 5183417.649
local_termination_time: 2572981.8823599997
node_cons: 106641.98754669928
tot_aggregated_send: 72732
tot_msg_rcv: 1932
tot_msg_sent: 4223
tot_reconf_duration: 22.65
tot_sleeping_duration: 5103797.612520014
tot_uptimes: 1328
tot_uptimes_duration: 79620.03647998697
