comms_cons: 521.4304641064507
finished_reconf: true
global_termination_time: 5184032.934
local_termination_time: 2524645.5733999982
node_cons: 106617.7689678166
tot_aggregated_send: 72384
tot_msg_rcv: 2284
tot_msg_sent: 4587
tot_reconf_duration: 4.8100000000000005
tot_sleeping_duration: 5104412.891440015
tot_uptimes: 1328
tot_uptimes_duration: 79620.04255998484
