comms_cons: 521.7126785070404
finished_reconf: true
global_termination_time: 5185110.475
local_termination_time: 2354180.899079999
node_cons: 106617.21489005101
tot_aggregated_send: 72442
tot_msg_rcv: 2324
tot_msg_sent: 4531
tot_reconf_duration: 4.390000000000001
tot_sleeping_duration: 5105490.42028002
tot_uptimes: 1328
tot_uptimes_duration: 79620.05471998057
