comms_cons: 522.5463809182435
finished_reconf: true
global_termination_time: 5187228.888
local_termination_time: 2295460.4277999983
node_cons: 106695.73517005028
tot_aggregated_send: 72616
tot_msg_rcv: 2390
tot_msg_sent: 4418
tot_reconf_duration: 3.05
tot_sleeping_duration: 5107548.833280019
tot_uptimes: 1329
tot_uptimes_duration: 79680.05471998034
