comms_cons: 523.2316097372835
finished_reconf: true
global_termination_time: 5183269.021
local_termination_time: 2185891.6743599996
node_cons: 106621.88097116744
tot_aggregated_send: 72152
tot_msg_rcv: 2557
tot_msg_sent: 4819
tot_reconf_duration: 7.819999999999999
tot_sleeping_duration: 5103648.960200021
tot_uptimes: 1328
tot_uptimes_duration: 79620.06079997821
