comms_cons: 130.6826495968673
finished_reconf: true
global_termination_time: 1321858.462
local_termination_time: 140647.6960400008
node_cons: 27167.291380000064
tot_aggregated_send: 19024
tot_msg_rcv: 267
tot_msg_sent: 572
tot_reconf_duration: 9.11
tot_sleeping_duration: 1301578.462
tot_uptimes: 339
tot_uptimes_duration: 20280.0
