comms_cons: 131.5050495930872
finished_reconf: true
global_termination_time: 1322312.484
local_termination_time: 216497.96436000007
node_cons: 27160.881620000062
tot_aggregated_send: 18618
tot_msg_rcv: 454
tot_msg_sent: 916
tot_reconf_duration: 4.390000000000001
tot_sleeping_duration: 1302032.484
tot_uptimes: 339
tot_uptimes_duration: 20280.0
