comms_cons: 130.4655359962656
finished_reconf: true
global_termination_time: 1325701.952
local_termination_time: 451598.5543600001
node_cons: 27239.401900000106
tot_aggregated_send: 19198
tot_msg_rcv: 226
tot_msg_sent: 406
tot_reconf_duration: 3.05
tot_sleeping_duration: 1305361.952
tot_uptimes: 340
tot_uptimes_duration: 20340.0
