comms_cons: 131.60436479570038
finished_reconf: true
global_termination_time: 1326399.776
local_termination_time: 239682.3547600009
node_cons: 27243.706760000045
tot_aggregated_send: 18908
tot_msg_rcv: 346
tot_msg_sent: 749
tot_reconf_duration: 6.22
tot_sleeping_duration: 1306059.776
tot_uptimes: 340
tot_uptimes_duration: 20340.0
