comms_cons: 295.82518400649025
finished_reconf: true
global_termination_time: 2966053.462
local_termination_time: 122890.98599999999
node_cons: 60984.80002287944
tot_aggregated_send: 42281
tot_msg_rcv: 942
tot_msg_sent: 1740
tot_reconf_duration: 3.08
tot_sleeping_duration: 2920511.5520799994
tot_uptimes: 760
tot_uptimes_duration: 45541.90992000046
