comms_cons: 298.293888023925
finished_reconf: true
global_termination_time: 2966740.823
local_termination_time: 317563.15036
node_cons: 60985.52349229444
tot_aggregated_send: 40310
tot_msg_rcv: 1766
tot_msg_sent: 3262
tot_reconf_duration: 5.43
tot_sleeping_duration: 2921200.756120018
tot_uptimes: 760
tot_uptimes_duration: 45540.06687998178
