comms_cons: 430.64811522433325
finished_reconf: true
global_termination_time: 4337572.867
local_termination_time: 2731917.03636
node_cons: 89202.12917999756
tot_aggregated_send: 62408
tot_msg_rcv: 1092
tot_msg_sent: 1955
tot_reconf_duration: 18.21
tot_sleeping_duration: 4270972.867
tot_uptimes: 1111
tot_uptimes_duration: 66600.0
