comms_cons: 434.1877248482281
finished_reconf: true
global_termination_time: 4336973.457
local_termination_time: 819350.0484799998
node_cons: 89181.65591005459
tot_aggregated_send: 60726
tot_msg_rcv: 1833
tot_msg_sent: 3435
tot_reconf_duration: 3.08
tot_sleeping_duration: 4270373.402280018
tot_uptimes: 1111
tot_uptimes_duration: 66600.05471998284
