comms_cons: 433.33751045279706
finished_reconf: true
global_termination_time: 4335270.497
local_termination_time: 3162178.3406799994
node_cons: 89193.56019999748
tot_aggregated_send: 61654
tot_msg_rcv: 1495
tot_msg_sent: 2715
tot_reconf_duration: 11.899999999999999
tot_sleeping_duration: 4268670.497
tot_uptimes: 1111
tot_uptimes_duration: 66600.0
