comms_cons: 438.54994568773526
finished_reconf: true
global_termination_time: 4336351.823
local_termination_time: 462591.25636000006
node_cons: 89192.8241089335
tot_aggregated_send: 60088
tot_msg_rcv: 2276
tot_msg_sent: 4293
tot_reconf_duration: 11.31
tot_sleeping_duration: 4269751.774360018
tot_uptimes: 1111
tot_uptimes_duration: 66600.04863998201
