comms_cons: 270.44191362765184
finished_reconf: true
global_termination_time: 403682.53500000015
local_termination_time: 1053.7996000000005
node_cons: 40558.226302802905
tot_aggregated_send: 0
tot_msg_rcv: 18510
tot_msg_sent: 22597
tot_reconf_duration: 4.390000000000001
tot_sleeping_duration: 373397.04979999777
tot_uptimes: 492
tot_uptimes_duration: 30285.485200002367
