comms_cons: 908.2381304569022
finished_reconf: true
global_termination_time: 2381511.344
local_termination_time: 665765.4439199993
node_cons: 144851.99099764015
tot_aggregated_send: 0
tot_msg_rcv: 55720
tot_msg_sent: 82327
tot_reconf_duration: 18.21
tot_sleeping_duration: 2273350.5808800263
tot_uptimes: 1781
tot_uptimes_duration: 108160.76311997368
