comms_cons: 374.54793569387317
finished_reconf: true
global_termination_time: 2381511.344
local_termination_time: 665768.9150399993
node_cons: 48957.89609417329
tot_aggregated_send: 0
tot_msg_rcv: 29060
tot_msg_sent: 27868
tot_reconf_duration: 22.65
tot_sleeping_duration: 2344971.2862000195
tot_uptimes: 610
tot_uptimes_duration: 36540.05779998051
