comms_cons: 230.90360319652316
finished_reconf: true
global_termination_time: 2381169.753
local_termination_time: 860471.8521999987
node_cons: 48964.22297991443
tot_aggregated_send: 34278
tot_msg_rcv: 258
tot_msg_sent: 560
tot_reconf_duration: 25.299999999999997
tot_sleeping_duration: 2344627.6577200037
tot_uptimes: 610
tot_uptimes_duration: 36542.09527999628
