comms_cons: 235.0682367955086
finished_reconf: true
global_termination_time: 2383426.768
local_termination_time: 704455.84136
node_cons: 49025.2848599994
tot_aggregated_send: 34510
tot_msg_rcv: 417
tot_msg_sent: 802
tot_reconf_duration: 13.17
tot_sleeping_duration: 2346826.768
tot_uptimes: 611
tot_uptimes_duration: 36600.0
