comms_cons: 206.5743487917497
finished_reconf: true
global_termination_time: 2095476.427
local_termination_time: 1007138.3519999981
node_cons: 43087.791973997046
tot_aggregated_send: 29986
tot_msg_rcv: 317
tot_msg_sent: 1096
tot_reconf_duration: 13.17
tot_sleeping_duration: 2063310.701000002
tot_uptimes: 537
tot_uptimes_duration: 32165.725999998045
