comms_cons: 239.43024639742785
finished_reconf: true
global_termination_time: 2357051.418
local_termination_time: 766035.726
node_cons: 48453.58894558818
tot_aggregated_send: 32185
tot_msg_rcv: 1417
tot_msg_sent: 2790
tot_reconf_duration: 6.279999999999999
tot_sleeping_duration: 2320871.3876000084
tot_uptimes: 604
tot_uptimes_duration: 36180.03039999161
