comms_cons: 1137.4742780918166
finished_reconf: true
global_termination_time: 2356483.816119999
local_termination_time: 2356483.774999999
node_cons: 142663.85639518365
tot_aggregated_send: 0
tot_msg_rcv: 69976
tot_msg_sent: 102910
tot_reconf_duration: 24.59
tot_sleeping_duration: 2249963.679320008
tot_uptimes: 1747
tot_uptimes_duration: 106520.13679999129
