comms_cons: 49.39663360110623
finished_reconf: true
global_termination_time: 482008.192
local_termination_time: 112337.62335999998
node_cons: 9912.594982242885
tot_aggregated_send: 6380
tot_msg_rcv: 391
tot_msg_sent: 737
tot_reconf_duration: 22.65
tot_sleeping_duration: 474628.17983999784
tot_uptimes: 124
tot_uptimes_duration: 7380.0121600021375
