comms_cons: 48.07877120056122
finished_reconf: true
global_termination_time: 481717.055
local_termination_time: 126077.85159999994
node_cons: 9898.97968112143
tot_aggregated_send: 6728
tot_msg_rcv: 182
tot_msg_sent: 398
tot_reconf_duration: 12.629999999999999
tot_sleeping_duration: 474337.0489199989
tot_uptimes: 124
tot_uptimes_duration: 7380.006080001069
