comms_cons: 49.98096640031728
finished_reconf: true
global_termination_time: 483051.088
local_termination_time: 279531.07180000027
node_cons: 9892.447701121453
tot_aggregated_send: 6438
tot_msg_rcv: 468
tot_msg_sent: 690
tot_reconf_duration: 7.819999999999999
tot_sleeping_duration: 475671.0819199989
tot_uptimes: 124
tot_uptimes_duration: 7380.006080001069
