comms_cons: 19.072128000385234
finished_reconf: true
global_termination_time: 183133.606
local_termination_time: 96216.92335999999
node_cons: 3711.0071211191703
tot_aggregated_send: 2204
tot_msg_rcv: 240
tot_msg_sent: 454
tot_reconf_duration: 11.31
tot_sleeping_duration: 180373.59992000062
tot_uptimes: 47
tot_uptimes_duration: 2760.006079999366
