comms_cons: 91.36535039645676
finished_reconf: true
global_termination_time: 917180.72
local_termination_time: 695431.1613599999
node_cons: 18803.71004112152
tot_aggregated_send: 12412
tot_msg_rcv: 597
tot_msg_sent: 878
tot_reconf_duration: 3.05
tot_sleeping_duration: 903140.713919999
tot_uptimes: 235
tot_uptimes_duration: 14040.006080001069
