comms_cons: 108.69496319969335
finished_reconf: true
global_termination_time: 1119851.968
local_termination_time: 888792.9861999996
node_cons: 23007.998700000062
tot_aggregated_send: 16298
tot_msg_rcv: 93
tot_msg_sent: 130
tot_reconf_duration: 22.65
tot_sleeping_duration: 1102691.968
tot_uptimes: 287
tot_uptimes_duration: 17160.0
