comms_cons: 109.43308799943951
finished_reconf: true
global_termination_time: 1119169.8544799997
local_termination_time: 1119169.8133599998
node_cons: 23046.41750207725
tot_aggregated_send: 16272
tot_msg_rcv: 61
tot_msg_sent: 302
tot_reconf_duration: 37.410000000000004
tot_sleeping_duration: 1101996.1317600019
tot_uptimes: 287
tot_uptimes_duration: 17173.72271999791
