comms_cons: 111.00488959767557
finished_reconf: true
global_termination_time: 1120359.772
local_termination_time: 468725.6033600005
node_cons: 22984.165800000002
tot_aggregated_send: 15718
tot_msg_rcv: 421
tot_msg_sent: 733
tot_reconf_duration: 5.1
tot_sleeping_duration: 1103199.772
tot_uptimes: 287
tot_uptimes_duration: 17160.0
