comms_cons: 110.22791679799549
finished_reconf: true
global_termination_time: 1123195.887
local_termination_time: 200490.04080000028
node_cons: 23069.951380000057
tot_aggregated_send: 16066
tot_msg_rcv: 260
tot_msg_sent: 428
tot_reconf_duration: 9.11
tot_sleeping_duration: 1105975.887
tot_uptimes: 288
tot_uptimes_duration: 17220.0
