comms_cons: 110.46476799793155
finished_reconf: true
global_termination_time: 1123374.028
local_termination_time: 426523.69236000004
node_cons: 23078.099380000018
tot_aggregated_send: 16240
tot_msg_rcv: 173
tot_msg_sent: 377
tot_reconf_duration: 15.110000000000001
tot_sleeping_duration: 1106154.028
tot_uptimes: 288
tot_uptimes_duration: 17220.0
