comms_cons: 110.8127743993188
finished_reconf: true
global_termination_time: 1119843.464
local_termination_time: 74897.92435999996
node_cons: 22983.201620000036
tot_aggregated_send: 15776
tot_msg_rcv: 367
tot_msg_sent: 699
tot_reconf_duration: 4.390000000000001
tot_sleeping_duration: 1102683.464
tot_uptimes: 287
tot_uptimes_duration: 17160.0
