comms_cons: 109.04459519869293
finished_reconf: true
global_termination_time: 1123778.445
local_termination_time: 492476.20360000053
node_cons: 23068.19956000004
tot_aggregated_send: 16066
tot_msg_rcv: 159
tot_msg_sent: 349
tot_reconf_duration: 7.819999999999999
tot_sleeping_duration: 1106558.445
tot_uptimes: 288
tot_uptimes_duration: 17220.0
