comms_cons: 5.449311999998228
finished_reconf: true
global_termination_time: 3052.1118000000006
local_termination_time: 3052.0706800000007
node_cons: 701.8351422000011
tot_aggregated_send: 0
tot_msg_rcv: 348
tot_msg_sent: 479
tot_reconf_duration: 24.59
tot_sleeping_duration: 2552.902
tot_uptimes: 8
tot_uptimes_duration: 499.20980000000066
