comms_cons: 1300.808444151429
finished_reconf: true
global_termination_time: 4458113.518759999
local_termination_time: 4458113.477639999
node_cons: 182276.61419174875
tot_aggregated_send: 0
tot_msg_rcv: 66193
tot_msg_sent: 131522
tot_reconf_duration: 24.59
tot_sleeping_duration: 4322009.544920003
tot_uptimes: 2251
tot_uptimes_duration: 136103.9738399965
