comms_cons: 437.4904832394816
finished_reconf: true
global_termination_time: 4461328.942
local_termination_time: 2529813.26436
node_cons: 91756.84080446613
tot_aggregated_send: 62408
tot_msg_rcv: 1358
tot_msg_sent: 2730
tot_reconf_duration: 6.279999999999999
tot_sleeping_duration: 4392808.917680009
tot_uptimes: 1143
tot_uptimes_duration: 68520.02431999124
