comms_cons: 447.08190725505784
finished_reconf: true
global_termination_time: 4458116.683
local_termination_time: 533657.2913599999
node_cons: 91752.47074669949
tot_aggregated_send: 61770
tot_msg_rcv: 2055
tot_msg_sent: 4128
tot_reconf_duration: 3.05
tot_sleeping_duration: 4389596.646520014
tot_uptimes: 1142
tot_uptimes_duration: 68520.0364799865
