comms_cons: 442.2331776492399
finished_reconf: true
global_termination_time: 4459140.955
local_termination_time: 1345125.01036
node_cons: 91676.45188893337
tot_aggregated_send: 62466
tot_msg_rcv: 1518
tot_msg_sent: 3230
tot_reconf_duration: 6.22
tot_sleeping_duration: 4390680.906360018
tot_uptimes: 1142
tot_uptimes_duration: 68460.04863998201
