comms_cons: 201.06978562645762
finished_reconf: true
global_termination_time: 420419.0216000001
local_termination_time: 420418.9804800001
node_cons: 25159.879634122408
tot_aggregated_send: 0
tot_msg_rcv: 12448
tot_msg_sent: 18113
tot_reconf_duration: 24.59
tot_sleeping_duration: 401653.9085199983
tot_uptimes: 304
tot_uptimes_duration: 18765.113080001767
