comms_cons: 41.96116480048818
finished_reconf: true
global_termination_time: 422381.919
local_termination_time: 190180.85048000052
node_cons: 8680.861899999994
tot_aggregated_send: 5974
tot_msg_rcv: 115
tot_msg_sent: 288
tot_reconf_duration: 3.05
tot_sleeping_duration: 415901.919
tot_uptimes: 109
tot_uptimes_duration: 6480.0
