comms_cons: 564.0312128965896
finished_reconf: true
global_termination_time: 5683867.669
local_termination_time: 821432.089119998
node_cons: 116898.9070289327
tot_aggregated_send: 78938
tot_msg_rcv: 2180
tot_msg_sent: 4609
tot_reconf_duration: 3.05
tot_sleeping_duration: 5596567.620360017
tot_uptimes: 1456
tot_uptimes_duration: 87300.04863998224
