comms_cons: 931.0309587574296
finished_reconf: true
global_termination_time: 5682151.221
local_termination_time: 895923.4274799998
node_cons: 116905.35212446445
tot_aggregated_send: 0
tot_msg_rcv: 71324
tot_msg_sent: 70185
tot_reconf_duration: 7.819999999999999
tot_sleeping_duration: 5594851.196680008
tot_uptimes: 1456
tot_uptimes_duration: 87300.024319991
