comms_cons: 1.565849599994827
finished_reconf: true
global_termination_time: 13918.391
local_termination_time: 4833.58536
node_cons: 258.9048600000001
tot_aggregated_send: 0
tot_msg_rcv: 131
tot_msg_sent: 107
tot_reconf_duration: 13.17
tot_sleeping_duration: 13738.391
tot_uptimes: 4
tot_uptimes_duration: 180.0
