comms_cons: 31.599897600187585
finished_reconf: true
global_termination_time: 319119.727
local_termination_time: 297995.75536000007
node_cons: 6594.411980000004
tot_aggregated_send: 4582
tot_msg_rcv: 61
tot_msg_sent: 159
tot_reconf_duration: 4.8100000000000005
tot_sleeping_duration: 314199.727
tot_uptimes: 82
tot_uptimes_duration: 4920.0
