comms_cons: 33.14663680076139
finished_reconf: true
global_termination_time: 321486.161
local_termination_time: 53550.364
node_cons: 6593.849761121447
tot_aggregated_send: 4173
tot_msg_rcv: 286
tot_msg_sent: 579
tot_reconf_duration: 4.390000000000001
tot_sleeping_duration: 316566.15491999895
tot_uptimes: 83
tot_uptimes_duration: 4920.006080001069
