comms_cons: 33.67297280093543
finished_reconf: true
global_termination_time: 319441.833
local_termination_time: 107191.80847999967
node_cons: 6511.706323364283
tot_aggregated_send: 3944
tot_msg_rcv: 418
tot_msg_sent: 757
tot_reconf_duration: 3.05
tot_sleeping_duration: 314581.8147599968
tot_uptimes: 82
tot_uptimes_duration: 4860.018240003206
