comms_cons: 274.1147198109371
finished_reconf: true
global_termination_time: 1392514.051
local_termination_time: 3514.86736
node_cons: 28607.01790223823
tot_aggregated_send: 0
tot_msg_rcv: 21013
tot_msg_sent: 20650
tot_reconf_duration: 4.390000000000001
tot_sleeping_duration: 1371154.0388400014
tot_uptimes: 357
tot_uptimes_duration: 21360.012159998645
