comms_cons: 139.0191231937761
finished_reconf: true
global_termination_time: 1392330.77636
local_termination_time: 189297.5860800006
node_cons: 28632.135012395098
tot_aggregated_send: 19430
tot_msg_rcv: 481
tot_msg_sent: 1219
tot_reconf_duration: 7.819999999999999
tot_sleeping_duration: 1370955.4847600039
tot_uptimes: 357
tot_uptimes_duration: 21375.29159999633
