comms_cons: 137.0184191960315
finished_reconf: true
global_termination_time: 1392471.309
local_termination_time: 960883.2400799986
node_cons: 28616.39897999996
tot_aggregated_send: 20242
tot_msg_rcv: 188
tot_msg_sent: 396
tot_reconf_duration: 11.31
tot_sleeping_duration: 1371111.309
tot_uptimes: 357
tot_uptimes_duration: 21360.0
