comms_cons: 216.01487358356738
finished_reconf: true
global_termination_time: 2143538.32
local_termination_time: 335280.45236000005
node_cons: 44032.88454447149
tot_aggregated_send: 29812
tot_msg_rcv: 1049
tot_msg_sent: 1972
tot_reconf_duration: 4.8100000000000005
tot_sleeping_duration: 2110658.2956800056
tot_uptimes: 549
tot_uptimes_duration: 32880.02431999397
