comms_cons: 188.72435199152872
finished_reconf: true
global_termination_time: 1914894.618
local_termination_time: 1560284.387239999
node_cons: 39384.48485999967
tot_aggregated_send: 27318
tot_msg_rcv: 449
tot_msg_sent: 918
tot_reconf_duration: 13.17
tot_sleeping_duration: 1885494.618
tot_uptimes: 491
tot_uptimes_duration: 29400.0
