comms_cons: 195.6929791788289
finished_reconf: true
global_termination_time: 1914721.566
local_termination_time: 962283.80536
node_cons: 39377.292830051345
tot_aggregated_send: 25578
tot_msg_rcv: 1431
tot_msg_sent: 2736
tot_reconf_duration: 7.819999999999999
tot_sleeping_duration: 1885321.5112800214
tot_uptimes: 491
tot_uptimes_duration: 29400.05471997871
