comms_cons: 188.89887999336432
finished_reconf: true
global_termination_time: 1913012.471
local_termination_time: 1115746.60436
node_cons: 39307.091719999844
tot_aggregated_send: 27318
tot_msg_rcv: 477
tot_msg_sent: 916
tot_reconf_duration: 15.34
tot_sleeping_duration: 1883672.471
tot_uptimes: 490
tot_uptimes_duration: 29339.99999999997
