comms_cons: 42.340089600570344
finished_reconf: true
global_termination_time: 423226.935
local_termination_time: 53537.39048000001
node_cons: 8697.568002242868
tot_aggregated_send: 5974
tot_msg_rcv: 183
tot_msg_sent: 278
tot_reconf_duration: 15.34
tot_sleeping_duration: 416746.92283999786
tot_uptimes: 109
tot_uptimes_duration: 6480.0121600021375
