comms_cons: 43.493088001130644
finished_reconf: true
global_termination_time: 423078.24
local_termination_time: 115039.43843999985
node_cons: 8711.085541121425
tot_aggregated_send: 5510
tot_msg_rcv: 366
tot_msg_sent: 734
tot_reconf_duration: 25.299999999999997
tot_sleeping_duration: 416598.2339199989
tot_uptimes: 109
tot_uptimes_duration: 6480.006080001069
