comms_cons: 42.64613760040438
finished_reconf: true
global_termination_time: 419221.669
local_termination_time: 89129.06723999971
node_cons: 8608.759521121443
tot_aggregated_send: 5742
tot_msg_rcv: 281
tot_msg_sent: 459
tot_reconf_duration: 9.11
tot_sleeping_duration: 412801.6629199989
tot_uptimes: 108
tot_uptimes_duration: 6420.006080001069
