comms_cons: 42.48189440086669
finished_reconf: true
global_termination_time: 422712.011
local_termination_time: 139408.919
node_cons: 8724.267337368581
tot_aggregated_send: 5798
tot_msg_rcv: 189
tot_msg_sent: 470
tot_reconf_duration: 18.700000000000003
tot_sleeping_duration: 416215.46675999364
tot_uptimes: 109
tot_uptimes_duration: 6496.544240006391
