comms_cons: 44.78524160122315
finished_reconf: true
global_termination_time: 420480.971
local_termination_time: 89124.69055999986
node_cons: 8602.366043364302
tot_aggregated_send: 5162
tot_msg_rcv: 599
tot_msg_sent: 1047
tot_reconf_duration: 4.390000000000001
tot_sleeping_duration: 414060.9527599968
tot_uptimes: 108
tot_uptimes_duration: 6420.018240003206
