comms_cons: 15.040051199926625
finished_reconf: true
global_termination_time: 155793.292
local_termination_time: 95785.03447999996
node_cons: 3157.98918000001
tot_aggregated_send: 2204
tot_msg_rcv: 41
tot_msg_sent: 41
tot_reconf_duration: 18.21
tot_sleeping_duration: 153453.292
tot_uptimes: 40
tot_uptimes_duration: 2340.0
