comms_cons: 329.7731965470259
finished_reconf: true
global_termination_time: 1777984.294
local_termination_time: 1101835.85424
node_cons: 36561.240121116796
tot_aggregated_send: 0
tot_msg_rcv: 25410
tot_msg_sent: 24713
tot_reconf_duration: 4.8100000000000005
tot_sleeping_duration: 1750684.2879200024
tot_uptimes: 456
tot_uptimes_duration: 27300.006079997635
