comms_cons: 175.69851519217383
finished_reconf: true
global_termination_time: 1778183.318
local_termination_time: 1247852.68336
node_cons: 36565.3277011168
tot_aggregated_send: 24940
tot_msg_rcv: 572
tot_msg_sent: 1193
tot_reconf_duration: 7.819999999999999
tot_sleeping_duration: 1750883.3119200023
tot_uptimes: 456
tot_uptimes_duration: 27300.006079997635
