comms_cons: 173.91564799783842
finished_reconf: true
global_termination_time: 1778749.497
local_termination_time: 1432396.8225199983
node_cons: 36570.058979999965
tot_aggregated_send: 25636
tot_msg_rcv: 225
tot_msg_sent: 573
tot_reconf_duration: 11.31
tot_sleeping_duration: 1751449.497
tot_uptimes: 456
tot_uptimes_duration: 27300.0
