comms_cons: 773.9218188473126
finished_reconf: true
global_termination_time: 3926523.3465999975
local_termination_time: 1247.8936000000003
node_cons: 80769.87405510122
tot_aggregated_send: 0
tot_msg_rcv: 59327
tot_msg_sent: 58304
tot_reconf_duration: 5.57
tot_sleeping_duration: 3866207.95452001
tot_uptimes: 1006
tot_uptimes_duration: 60315.392079987476
