comms_cons: 395.52802565764637
finished_reconf: true
global_termination_time: 3927566.67
local_termination_time: 2192529.34236
node_cons: 80767.1271644665
tot_aggregated_send: 54404
tot_msg_rcv: 1839
tot_msg_sent: 3875
tot_reconf_duration: 18.700000000000003
tot_sleeping_duration: 3867266.645680009
tot_uptimes: 1006
tot_uptimes_duration: 60300.02431999124
