comms_cons: 394.25769606172287
finished_reconf: true
global_termination_time: 3927325.379
local_termination_time: 284034.1316400009
node_cons: 80768.95538501712
tot_aggregated_send: 54404
tot_msg_rcv: 1802
tot_msg_sent: 3719
tot_reconf_duration: 15.34
tot_sleeping_duration: 3867020.581640016
tot_uptimes: 1006
tot_uptimes_duration: 60304.7973599844
