comms_cons: 51.19651840392645
finished_reconf: true
global_termination_time: 370618.6025200008
local_termination_time: 370618.56140000076
node_cons: 7673.602414342843
tot_aggregated_send: 2526
tot_msg_rcv: 2222
tot_msg_sent: 3033
tot_reconf_duration: 37.410000000000004
tot_sleeping_duration: 364925.69763998373
tot_uptimes: 95
tot_uptimes_duration: 5692.904880017049
