comms_cons: 75.25670399918968
finished_reconf: true
global_termination_time: 772151.702
local_termination_time: 363642.22936000006
node_cons: 15833.922082238256
tot_aggregated_send: 10324
tot_msg_rcv: 357
tot_msg_sent: 758
tot_reconf_duration: 5.1
tot_sleeping_duration: 760331.6898400014
tot_uptimes: 198
tot_uptimes_duration: 11820.012159998703
