comms_cons: 79.66878719593733
finished_reconf: true
global_termination_time: 775054.179
local_termination_time: 256726.00636000006
node_cons: 15913.354890079125
tot_aggregated_send: 10034
tot_msg_rcv: 731
tot_msg_sent: 1345
tot_reconf_duration: 4.390000000000001
tot_sleeping_duration: 763174.1242800007
tot_uptimes: 199
tot_uptimes_duration: 11880.054719999318
