comms_cons: 78.98138879828583
finished_reconf: true
global_termination_time: 772290.67
local_termination_time: 414376.2003600001
node_cons: 15834.402786714803
tot_aggregated_send: 9628
tot_msg_rcv: 690
tot_msg_sent: 1687
tot_reconf_duration: 5.43
tot_sleeping_duration: 760470.633520004
tot_uptimes: 198
tot_uptimes_duration: 11820.03647999611
