comms_cons: 2.269823999996502
finished_reconf: true
global_termination_time: 14326.493
local_termination_time: 5203.423360000001
node_cons: 249.54824000000073
tot_aggregated_send: 0
tot_msg_rcv: 176
tot_msg_sent: 169
tot_reconf_duration: 6.279999999999999
tot_sleeping_duration: 14146.493
tot_uptimes: 4
tot_uptimes_duration: 179.9999999999999
