comms_cons: 1.532953599997575
finished_reconf: true
global_termination_time: 17284.971
local_termination_time: 6811.220359999999
node_cons: 327.3216199999992
tot_aggregated_send: 0
tot_msg_rcv: 119
tot_msg_sent: 114
tot_reconf_duration: 4.390000000000001
tot_sleeping_duration: 17044.971
tot_uptimes: 5
tot_uptimes_duration: 240.0
