comms_cons: 220.27580158066314
finished_reconf: true
global_termination_time: 2178577.078
local_termination_time: 337930.0290400003
node_cons: 44755.4230311678
tot_aggregated_send: 29406
tot_msg_rcv: 1568
tot_msg_sent: 2506
tot_reconf_duration: 4.390000000000001
tot_sleeping_duration: 2145157.017200024
tot_uptimes: 558
tot_uptimes_duration: 33420.060799976345
