comms_cons: 217.66687997892998
finished_reconf: true
global_termination_time: 2174312.467
local_termination_time: 672740.98636
node_cons: 44679.708406700614
tot_aggregated_send: 28710
tot_msg_rcv: 1690
tot_msg_sent: 2684
tot_reconf_duration: 7.819999999999999
tot_sleeping_duration: 2140952.4305200144
tot_uptimes: 557
tot_uptimes_duration: 33360.03647998581
