comms_cons: 218.0017919915596
finished_reconf: true
global_termination_time: 2174234.9012399972
local_termination_time: 166549.93148000006
node_cons: 44704.8600783043
tot_aggregated_send: 30624
tot_msg_rcv: 933
tot_msg_sent: 1578
tot_reconf_duration: 11.31
tot_sleeping_duration: 2140859.620360009
tot_uptimes: 557
tot_uptimes_duration: 33375.280879988626
