comms_cons: 131.10023038823516
finished_reconf: true
global_termination_time: 1295407.539
local_termination_time: 439641.5423600001
node_cons: 26600.144765584213
tot_aggregated_send: 17400
tot_msg_rcv: 954
tot_msg_sent: 1573
tot_reconf_duration: 5.57
tot_sleeping_duration: 1275547.508600012
tot_uptimes: 332
tot_uptimes_duration: 19860.030399988173
