comms_cons: 133.95874558681825
finished_reconf: true
global_termination_time: 1299915.367
local_termination_time: 376319.93936
node_cons: 26679.88721117753
tot_aggregated_send: 17226
tot_msg_rcv: 1141
tot_msg_sent: 1994
tot_reconf_duration: 5.1
tot_sleeping_duration: 1279995.306200017
tot_uptimes: 333
tot_uptimes_duration: 19920.060799983214
