comms_cons: 129.75171839583393
finished_reconf: true
global_termination_time: 1294764.908
local_termination_time: 859775.2054399985
node_cons: 26613.075662238283
tot_aggregated_send: 17400
tot_msg_rcv: 757
tot_msg_sent: 1564
tot_reconf_duration: 15.110000000000001
tot_sleeping_duration: 1274904.8958400015
tot_uptimes: 332
tot_uptimes_duration: 19860.012159998703
