comms_cons: 131.50078719206337
finished_reconf: true
global_termination_time: 1295708.7
local_termination_time: 302011.7816800003
node_cons: 26623.355687831696
tot_aggregated_send: 17748
tot_msg_rcv: 803
tot_msg_sent: 1436
tot_reconf_duration: 22.65
tot_sleeping_duration: 1275848.657440006
tot_uptimes: 332
tot_uptimes_duration: 19860.042559993744
