comms_cons: 130.6214143950763
finished_reconf: true
global_termination_time: 1295238.25
local_termination_time: 742705.3743599999
node_cons: 26609.715963350543
tot_aggregated_send: 17458
tot_msg_rcv: 772
tot_msg_sent: 1624
tot_reconf_duration: 12.629999999999999
tot_sleeping_duration: 1275378.231760007
tot_uptimes: 332
tot_uptimes_duration: 19860.018239992904
