comms_cons: 130.97871359138003
finished_reconf: true
global_termination_time: 1295677.775
local_termination_time: 489188.03248
node_cons: 26598.50161999998
tot_aggregated_send: 18096
tot_msg_rcv: 713
tot_msg_sent: 1099
tot_reconf_duration: 4.390000000000001
tot_sleeping_duration: 1275817.775
tot_uptimes: 332
tot_uptimes_duration: 19860.0
