comms_cons: 130.19578879017152
finished_reconf: true
global_termination_time: 1296960.045
local_termination_time: 42419.46536000001
node_cons: 26683.580971200554
tot_aggregated_send: 16994
tot_msg_rcv: 997
tot_msg_sent: 1798
tot_reconf_duration: 7.819999999999999
tot_sleeping_duration: 1277039.9841999994
tot_uptimes: 333
tot_uptimes_duration: 19920.060800000385
