comms_cons: 89.91792640252287
finished_reconf: true
global_termination_time: 185829.49948000017
local_termination_time: 1191.4280400000014
node_cons: 11370.982415199951
tot_aggregated_send: 0
tot_msg_rcv: 5499
tot_msg_sent: 8167
tot_reconf_duration: 18.21
tot_sleeping_duration: 177355.82268000022
tot_uptimes: 139
tot_uptimes_duration: 8473.676799999952
