comms_cons: 38.17909760036658
finished_reconf: true
global_termination_time: 381825.436
local_termination_time: 226067.06936000005
node_cons: 7817.717321121429
tot_aggregated_send: 5220
tot_msg_rcv: 193
tot_msg_sent: 390
tot_reconf_duration: 18.21
tot_sleeping_duration: 376005.4299199989
tot_uptimes: 98
tot_uptimes_duration: 5820.006080001069
