comms_cons: 38.765273600750554
finished_reconf: true
global_termination_time: 380281.534
local_termination_time: 151844.8859200003
node_cons: 7823.746841121431
tot_aggregated_send: 5104
tot_msg_rcv: 284
tot_msg_sent: 504
tot_reconf_duration: 22.65
tot_sleeping_duration: 374461.5279199989
tot_uptimes: 98
tot_uptimes_duration: 5820.006080001069
