comms_cons: 37.192217600162984
finished_reconf: true
global_termination_time: 382258.629
local_termination_time: 358164.7410400003
node_cons: 7799.511980000001
tot_aggregated_send: 5452
tot_msg_rcv: 64
tot_msg_sent: 137
tot_reconf_duration: 4.8100000000000005
tot_sleeping_duration: 376438.629
tot_uptimes: 98
tot_uptimes_duration: 5819.999999999996
