comms_cons: 38.415948800194265
finished_reconf: true
global_termination_time: 379525.823
local_termination_time: 208926.90992000027
node_cons: 7803.599559999981
tot_aggregated_send: 5336
tot_msg_rcv: 220
tot_msg_sent: 283
tot_reconf_duration: 7.819999999999999
tot_sleeping_duration: 373705.823
tot_uptimes: 98
tot_uptimes_duration: 5820.0
