comms_cons: 451.7226945066119
finished_reconf: true
global_termination_time: 4449074.358
local_termination_time: 172379.14136000004
node_cons: 91514.71535117137
tot_aggregated_send: 60900
tot_msg_rcv: 2588
tot_msg_sent: 5170
tot_reconf_duration: 5.43
tot_sleeping_duration: 4380734.2972000195
tot_uptimes: 1140
tot_uptimes_duration: 68340.06079998048
