comms_cons: 849.7001537515737
finished_reconf: true
global_termination_time: 8542642.648319999
local_termination_time: 8542642.607199999
node_cons: 175782.62593206236
tot_aggregated_send: 121832
tot_msg_rcv: 2309
tot_msg_sent: 5006
tot_reconf_duration: 37.410000000000004
tot_sleeping_duration: 8411401.555600008
tot_uptimes: 2188
tot_uptimes_duration: 131241.09271999163
