comms_cons: 847.9444161944613
finished_reconf: true
global_termination_time: 8544501.145
local_termination_time: 1939693.537879998
node_cons: 175813.99842548167
tot_aggregated_send: 119074
tot_msg_rcv: 3422
tot_msg_sent: 6388
tot_reconf_duration: 15.34
tot_sleeping_duration: 8413214.239320025
tot_uptimes: 2189
tot_uptimes_duration: 131286.90567997587
