comms_cons: 853.169126622073
finished_reconf: true
global_termination_time: 8543785.356
local_termination_time: 2119422.78536
node_cons: 175711.19290669682
tot_aggregated_send: 118900
tot_msg_rcv: 3775
tot_msg_sent: 7000
tot_reconf_duration: 5.57
tot_sleeping_duration: 8412565.319520013
tot_uptimes: 2188
tot_uptimes_duration: 131220.03647998697
