comms_cons: 843.8124225682614
finished_reconf: true
global_termination_time: 8545453.408
local_termination_time: 5897991.91636
node_cons: 175794.9550666962
tot_aggregated_send: 119538
tot_msg_rcv: 2912
tot_msg_sent: 5804
tot_reconf_duration: 8.09
tot_sleeping_duration: 8414173.371520013
tot_uptimes: 2189
tot_uptimes_duration: 131280.03647998697
