comms_cons: 856.9158402250351
finished_reconf: true
global_termination_time: 8542851.079
local_termination_time: 887771.8562799982
node_cons: 175709.63117228152
tot_aggregated_send: 118726
tot_msg_rcv: 3850
tot_msg_sent: 7670
tot_reconf_duration: 4.390000000000001
tot_sleeping_duration: 8411631.012120023
tot_uptimes: 2188
tot_uptimes_duration: 131220.06687997584
