comms_cons: 857.3422786377532
finished_reconf: true
global_termination_time: 8547521.7
local_termination_time: 951134.0393599999
node_cons: 175788.1433111641
tot_aggregated_send: 118842
tot_msg_rcv: 3972
tot_msg_sent: 7495
tot_reconf_duration: 3.05
tot_sleeping_duration: 8416241.639200022
tot_uptimes: 2189
tot_uptimes_duration: 131280.06079997774
