comms_cons: 142.8488511999999
finished_reconf: true
global_termination_time: 1462184.91648
local_termination_time: 1462184.87536
node_cons: 30098.903518719864
tot_aggregated_send: 21620
tot_msg_rcv: 27
tot_msg_sent: 64
tot_reconf_duration: 24.59
tot_sleeping_duration: 1439731.212
tot_uptimes: 375
tot_uptimes_duration: 22453.704479999855
