comms_cons: 143.6897279990061
finished_reconf: true
global_termination_time: 1462768.249
local_termination_time: 521880.1303600001
node_cons: 30051.301900000115
tot_aggregated_send: 20996
tot_msg_rcv: 322
tot_msg_sent: 522
tot_reconf_duration: 3.05
tot_sleeping_duration: 1440328.249
tot_uptimes: 375
tot_uptimes_duration: 22440.0
