comms_cons: 111.51148799154805
finished_reconf: true
global_termination_time: 1083176.6249599997
local_termination_time: 358549.52236000006
node_cons: 22313.811931916327
tot_aggregated_send: 14616
tot_msg_rcv: 890
tot_msg_sent: 1444
tot_reconf_duration: 22.65
tot_sleeping_duration: 1066535.0616800024
tot_uptimes: 278
tot_uptimes_duration: 16641.563279997208
