comms_cons: 110.18844159135912
finished_reconf: true
global_termination_time: 1089101.636
local_termination_time: 78658.39303999982
node_cons: 22345.163983359736
tot_aggregated_send: 15022
tot_msg_rcv: 626
tot_msg_sent: 1100
tot_reconf_duration: 7.819999999999999
tot_sleeping_duration: 1072421.6177600003
tot_uptimes: 279
tot_uptimes_duration: 16680.018239999772
