comms_cons: 131.3471487830891
finished_reconf: true
global_termination_time: 689036.524
local_termination_time: 88058.24535999996
node_cons: 14144.006323362017
tot_aggregated_send: 0
tot_msg_rcv: 10158
tot_msg_sent: 9806
tot_reconf_duration: 3.05
tot_sleeping_duration: 678476.5057599985
tot_uptimes: 177
tot_uptimes_duration: 10560.018240001504
