comms_cons: 70.91782399857375
finished_reconf: true
global_termination_time: 679007.2988399988
local_termination_time: 16524.56548
node_cons: 13963.417179839833
tot_aggregated_send: 8758
tot_msg_rcv: 703
tot_msg_sent: 1318
tot_reconf_duration: 4.390000000000001
tot_sleeping_duration: 668583.5082799989
tot_uptimes: 174
tot_uptimes_duration: 10423.790559999863
