comms_cons: 69.70771839824201
finished_reconf: true
global_termination_time: 681273.184
local_termination_time: 327533.32800000004
node_cons: 13994.567826719403
tot_aggregated_send: 8979
tot_msg_rcv: 505
tot_msg_sent: 1111
tot_reconf_duration: 11.31
tot_sleeping_duration: 670833.1475200005
tot_uptimes: 175
tot_uptimes_duration: 10440.036479999544
