comms_cons: 66.65973759777614
finished_reconf: true
global_termination_time: 648242.595
local_termination_time: 304630.36548000004
node_cons: 13354.389988957646
tot_aggregated_send: 8178
tot_msg_rcv: 675
tot_msg_sent: 1278
tot_reconf_duration: 13.17
tot_sleeping_duration: 638282.5463600018
tot_uptimes: 167
tot_uptimes_duration: 9960.048639998247
