comms_cons: 65.43796479852486
finished_reconf: true
global_termination_time: 649266.812
local_termination_time: 316572.0033600001
node_cons: 13340.598182242964
tot_aggregated_send: 9106
tot_msg_rcv: 318
tot_msg_sent: 522
tot_reconf_duration: 3.05
tot_sleeping_duration: 639306.7998399979
tot_uptimes: 167
tot_uptimes_duration: 9960.012160002152
