comms_cons: 127.38627198663865
finished_reconf: true
global_termination_time: 647829.537
local_termination_time: 418618.78728000034
node_cons: 13266.72770112146
tot_aggregated_send: 0
tot_msg_rcv: 9794
tot_msg_sent: 9568
tot_reconf_duration: 7.819999999999999
tot_sleeping_duration: 637929.5309199989
tot_uptimes: 166
tot_uptimes_duration: 9900.006080001069
