comms_cons: 188.65807997833676
finished_reconf: true
global_termination_time: 1838116.05472
local_termination_time: 35395.43328000016
node_cons: 37809.91051411202
tot_aggregated_send: 24476
tot_msg_rcv: 1395
tot_msg_sent: 2804
tot_reconf_duration: 18.21
tot_sleeping_duration: 1809897.0992800356
tot_uptimes: 471
tot_uptimes_duration: 28218.955439964295
