comms_cons: 182.98444159123164
finished_reconf: true
global_termination_time: 1842522.538
local_termination_time: 1225502.5136799987
node_cons: 37865.534600000086
tot_aggregated_send: 26390
tot_msg_rcv: 510
tot_msg_sent: 912
tot_reconf_duration: 18.700000000000003
tot_sleeping_duration: 1814262.538
tot_uptimes: 472
tot_uptimes_duration: 28260.0
