comms_cons: 186.8020991822521
finished_reconf: true
global_termination_time: 1838241.718
local_termination_time: 653367.12536
node_cons: 37764.015170051396
tot_aggregated_send: 24940
tot_msg_rcv: 1119
tot_msg_sent: 2333
tot_reconf_duration: 3.05
tot_sleeping_duration: 1810041.6632800214
tot_uptimes: 471
tot_uptimes_duration: 28200.05471997871
