comms_cons: 187.1888959839426
finished_reconf: true
global_termination_time: 1841834.585
local_termination_time: 815163.5184799997
node_cons: 37855.54782670074
tot_aggregated_send: 24998
tot_msg_rcv: 1131
tot_msg_sent: 2321
tot_reconf_duration: 11.31
tot_sleeping_duration: 1813574.5485200142
tot_uptimes: 472
tot_uptimes_duration: 28260.036479985807
