comms_cons: 209.94785919018867
finished_reconf: true
global_termination_time: 2114783.643
local_termination_time: 633328.4593599999
node_cons: 43470.88208223322
tot_aggregated_send: 29464
tot_msg_rcv: 818
tot_msg_sent: 1629
tot_reconf_duration: 5.1
tot_sleeping_duration: 2082323.630840005
tot_uptimes: 542
tot_uptimes_duration: 32460.01215999527
