comms_cons: 211.502630390598
finished_reconf: true
global_termination_time: 2112726.162239997
local_termination_time: 233909.91736000008
node_cons: 43500.941709425795
tot_aggregated_send: 29754
tot_msg_rcv: 845
tot_msg_sent: 1547
tot_reconf_duration: 13.17
tot_sleeping_duration: 2080251.8852800075
tot_uptimes: 542
tot_uptimes_duration: 32474.276959989686
