comms_cons: 137.4526463963428
finished_reconf: true
global_termination_time: 1462639.07
local_termination_time: 7479.206000000001
node_cons: 30079.651501121476
tot_aggregated_send: 20103
tot_msg_rcv: 247
tot_msg_sent: 542
tot_reconf_duration: 23.919999999999998
tot_sleeping_duration: 1440199.063919999
tot_uptimes: 375
tot_uptimes_duration: 22440.00608000107
