comms_cons: 378.0282240112283
finished_reconf: true
global_termination_time: 3816215.751
local_termination_time: 2305447.4693199988
node_cons: 78516.90917999802
tot_aggregated_send: 55042
tot_msg_rcv: 808
tot_msg_sent: 1607
tot_reconf_duration: 18.21
tot_sleeping_duration: 3757595.751
tot_uptimes: 978
tot_uptimes_duration: 58620.0
