comms_cons: 380.672166451729
finished_reconf: true
global_termination_time: 3817891.868
local_termination_time: 2204727.7180000003
node_cons: 78512.74008558365
tot_aggregated_send: 53403
tot_msg_rcv: 1476
tot_msg_sent: 2980
tot_reconf_duration: 15.110000000000001
tot_sleeping_duration: 3759271.837600011
tot_uptimes: 978
tot_uptimes_duration: 58620.03039998887
