comms_cons: 387.718726468895
finished_reconf: true
global_termination_time: 3814507.161
local_termination_time: 2050808.4215999998
node_cons: 78418.41268558326
tot_aggregated_send: 52432
tot_msg_rcv: 2317
tot_msg_sent: 4181
tot_reconf_duration: 4.8100000000000005
tot_sleeping_duration: 3755947.130600011
tot_uptimes: 977
tot_uptimes_duration: 58560.03039998887
