comms_cons: 378.28130561730586
finished_reconf: true
global_termination_time: 3815373.303
local_termination_time: 2840185.393759999
node_cons: 78508.34019999794
tot_aggregated_send: 55100
tot_msg_rcv: 840
tot_msg_sent: 1555
tot_reconf_duration: 11.899999999999999
tot_sleeping_duration: 3756753.303
tot_uptimes: 978
tot_uptimes_duration: 58620.0
