comms_cons: 387.7969856711769
finished_reconf: true
global_termination_time: 3816364.335
local_termination_time: 2027596.795
node_cons: 78500.71817734005
tot_aggregated_send: 52487
tot_msg_rcv: 2271
tot_msg_sent: 4185
tot_reconf_duration: 4.390000000000001
tot_sleeping_duration: 3757742.4107600134
tot_uptimes: 978
tot_uptimes_duration: 58621.924239986634
