comms_cons: 433.423334470878
finished_reconf: true
global_termination_time: 4280063.93448
local_termination_time: 4280063.89336
node_cons: 88121.90705436707
tot_aggregated_send: 59160
tot_msg_rcv: 2308
tot_msg_sent: 4409
tot_reconf_duration: 37.410000000000004
tot_sleeping_duration: 4214290.144880023
tot_uptimes: 1097
tot_uptimes_duration: 65773.78959997738
