comms_cons: 422.33125122316073
finished_reconf: true
global_termination_time: 4283459.903
local_termination_time: 3047989.88136
node_cons: 88068.80019999752
tot_aggregated_send: 62118
tot_msg_rcv: 634
tot_msg_sent: 1439
tot_reconf_duration: 11.899999999999999
tot_sleeping_duration: 4217699.903
tot_uptimes: 1097
tot_uptimes_duration: 65760.0
