comms_cons: 37.69262080202036
finished_reconf: true
global_termination_time: 316927.3722400002
local_termination_time: 39607.14648000001
node_cons: 6551.410452812815
tot_aggregated_send: 2378
tot_msg_rcv: 1238
tot_msg_sent: 2114
tot_reconf_duration: 18.21
tot_sleeping_duration: 312053.0770399906
tot_uptimes: 82
tot_uptimes_duration: 4874.295200009568
