comms_cons: 31.67947520018177
finished_reconf: true
global_termination_time: 320594.645
local_termination_time: 57076.84836
node_cons: 6618.6386999999995
tot_aggregated_send: 4466
tot_msg_rcv: 136
tot_msg_sent: 213
tot_reconf_duration: 22.65
tot_sleeping_duration: 315674.645
tot_uptimes: 83
tot_uptimes_duration: 4920.0
