comms_cons: 30.771545600115793
finished_reconf: true
global_termination_time: 317027.255
local_termination_time: 127464.54791999956
node_cons: 6514.080121121434
tot_aggregated_send: 4292
tot_msg_rcv: 96
tot_msg_sent: 289
tot_reconf_duration: 4.8100000000000005
tot_sleeping_duration: 312167.24891999894
tot_uptimes: 82
tot_uptimes_duration: 4860.006080001069
