comms_cons: 2.685791999992873
finished_reconf: true
global_termination_time: 17105.303
local_termination_time: 6329.90436
node_cons: 352.1187000000008
tot_aggregated_send: 0
tot_msg_rcv: 248
tot_msg_sent: 160
tot_reconf_duration: 22.65
tot_sleeping_duration: 16865.303
tot_uptimes: 5
tot_uptimes_duration: 240.0
