comms_cons: 34.11973120018761
finished_reconf: true
global_termination_time: 341954.189
local_termination_time: 130574.21435999997
node_cons: 6998.1163811214365
tot_aggregated_send: 4698
tot_msg_rcv: 144
tot_msg_sent: 344
tot_reconf_duration: 6.279999999999999
tot_sleeping_duration: 336734.18291999894
tot_uptimes: 88
tot_uptimes_duration: 5220.006080001069
