comms_cons: 34.830406400375274
finished_reconf: true
global_termination_time: 341687.129
local_termination_time: 175938.97308000017
node_cons: 7023.953682242894
tot_aggregated_send: 4408
tot_msg_rcv: 269
tot_msg_sent: 616
tot_reconf_duration: 25.299999999999997
tot_sleeping_duration: 336467.1168399979
tot_uptimes: 88
tot_uptimes_duration: 5220.0121600021375
