comms_cons: 34.46842880062333
finished_reconf: true
global_termination_time: 340833.487
local_termination_time: 228935.67236000006
node_cons: 7020.354982242862
tot_aggregated_send: 4524
tot_msg_rcv: 213
tot_msg_sent: 502
tot_reconf_duration: 22.65
tot_sleeping_duration: 335613.4748399979
tot_uptimes: 88
tot_uptimes_duration: 5220.0121600021375
