comms_cons: 112.15562239389723
finished_reconf: true
global_termination_time: 1135759.784
local_termination_time: 654978.3815999988
node_cons: 23316.52556559345
tot_aggregated_send: 15428
tot_msg_rcv: 463
tot_msg_sent: 1156
tot_reconf_duration: 13.17
tot_sleeping_duration: 1118359.7536000048
tot_uptimes: 291
tot_uptimes_duration: 17400.03039999504
