comms_cons: 115.95307519183402
finished_reconf: true
global_termination_time: 1139146.62
local_termination_time: 570355.7864799998
node_cons: 23399.48380335051
tot_aggregated_send: 14732
tot_msg_rcv: 932
tot_msg_sent: 1962
tot_reconf_duration: 15.110000000000001
tot_sleeping_duration: 1121686.6017600072
tot_uptimes: 292
tot_uptimes_duration: 17460.018239992904
