comms_cons: 118.31390079351638
finished_reconf: true
global_termination_time: 1138594.099
local_termination_time: 618977.6030799987
node_cons: 23385.504544481235
tot_aggregated_send: 15254
tot_msg_rcv: 1102
tot_msg_sent: 1625
tot_reconf_duration: 4.8100000000000005
tot_sleeping_duration: 1121134.0746799991
tot_uptimes: 292
tot_uptimes_duration: 17460.02432000084
