comms_cons: 114.59292158946884
finished_reconf: true
global_termination_time: 1137499.109
local_termination_time: 5886.753479999999
node_cons: 23383.138887822457
tot_aggregated_send: 15428
tot_msg_rcv: 585
tot_msg_sent: 1403
tot_reconf_duration: 3.05
tot_sleeping_duration: 1120039.066440013
tot_uptimes: 292
tot_uptimes_duration: 17460.042559986876
