comms_cons: 279.6087296063086
finished_reconf: true
global_termination_time: 579588.357
local_termination_time: 291180.0614800001
node_cons: 35072.003493485594
tot_aggregated_send: 0
tot_msg_rcv: 17215
tot_msg_sent: 25284
tot_reconf_duration: 18.21
tot_sleeping_duration: 553414.1416799957
tot_uptimes: 432
tot_uptimes_duration: 26174.215320004187
