comms_cons: 115.51164160264065
finished_reconf: true
global_termination_time: 585325.078
local_termination_time: 291183.5326000001
node_cons: 12001.426841121478
tot_aggregated_send: 0
tot_msg_rcv: 8931
tot_msg_sent: 8627
tot_reconf_duration: 22.65
tot_sleeping_duration: 576385.0719199989
tot_uptimes: 150
tot_uptimes_duration: 8940.006080001069
