comms_cons: 58.187071999723564
finished_reconf: true
global_termination_time: 579314.1466399991
local_termination_time: 579314.1055199992
node_cons: 11967.422036323147
tot_aggregated_send: 8048
tot_msg_rcv: 243
tot_msg_sent: 553
tot_reconf_duration: 24.59
tot_sleeping_duration: 570401.5037599967
tot_uptimes: 149
tot_uptimes_duration: 8912.642880002328
