comms_cons: 115.2267904023089
finished_reconf: true
global_termination_time: 580085.903
local_termination_time: 292295.4193600001
node_cons: 11894.47004112151
tot_aggregated_send: 0
tot_msg_rcv: 8923
tot_msg_sent: 8590
tot_reconf_duration: 3.05
tot_sleeping_duration: 571205.8969199989
tot_uptimes: 149
tot_uptimes_duration: 8880.006080001069
