comms_cons: 36.96257280059653
finished_reconf: true
global_termination_time: 364172.1
local_termination_time: 152905.07048000005
node_cons: 7502.394982242863
tot_aggregated_send: 4814
tot_msg_rcv: 239
tot_msg_sent: 566
tot_reconf_duration: 22.65
tot_sleeping_duration: 358592.08783999784
tot_uptimes: 94
tot_uptimes_duration: 5580.0121600021375
