comms_cons: 37.51459840053401
finished_reconf: true
global_termination_time: 362729.52348000015
local_termination_time: 79865.71235999996
node_cons: 7417.763990963104
tot_aggregated_send: 4640
tot_msg_rcv: 359
tot_msg_sent: 702
tot_reconf_duration: 4.390000000000001
tot_sleeping_duration: 357194.19683999784
tot_uptimes: 93
tot_uptimes_duration: 5535.326640002313
