comms_cons: 37.383641600788394
finished_reconf: true
global_termination_time: 365956.785
local_termination_time: 273991.5683600001
node_cons: 7475.770041121504
tot_aggregated_send: 4814
tot_msg_rcv: 285
tot_msg_sent: 583
tot_reconf_duration: 3.05
tot_sleeping_duration: 360376.7789199989
tot_uptimes: 94
tot_uptimes_duration: 5580.006080001069
