comms_cons: 36.929676800126884
finished_reconf: true
global_termination_time: 362729.3808000008
local_termination_time: 46376.23148000002
node_cons: 7469.548647201113
tot_aggregated_send: 4988
tot_msg_rcv: 240
tot_msg_sent: 384
tot_reconf_duration: 6.22
tot_sleeping_duration: 357157.236
tot_uptimes: 93
tot_uptimes_duration: 5572.144800000824
