comms_cons: 36.844147200522215
finished_reconf: true
global_termination_time: 364432.508
local_termination_time: 286129.01444000023
node_cons: 7486.978980000006
tot_aggregated_send: 5046
tot_msg_rcv: 214
tot_msg_sent: 341
tot_reconf_duration: 11.31
tot_sleeping_duration: 358852.508
tot_uptimes: 94
tot_uptimes_duration: 5580.0
