comms_cons: 65.22618879914882
finished_reconf: true
global_termination_time: 663066.635
local_termination_time: 129443.45695999991
node_cons: 13583.421620000017
tot_aggregated_send: 9570
tot_msg_rcv: 116
tot_msg_sent: 228
tot_reconf_duration: 4.390000000000001
tot_sleeping_duration: 652926.635
tot_uptimes: 170
tot_uptimes_duration: 10140.0
