comms_cons: 300.0384639979281
finished_reconf: true
global_termination_time: 3086585.982
local_termination_time: 2008825.1474799998
node_cons: 63502.957399998784
tot_aggregated_send: 45008
tot_msg_rcv: 179
tot_msg_sent: 417
tot_reconf_duration: 25.299999999999997
tot_sleeping_duration: 3039185.982
tot_uptimes: 791
tot_uptimes_duration: 47400.0
