comms_cons: 301.130611183925
finished_reconf: true
global_termination_time: 3088501.402
local_termination_time: 933985.4703599999
node_cons: 63477.120030050646
tot_aggregated_send: 42166
tot_msg_rcv: 1096
tot_msg_sent: 2509
tot_reconf_duration: 6.22
tot_sleeping_duration: 3041101.347280021
tot_uptimes: 791
tot_uptimes_duration: 47400.05471997894
