comms_cons: 137.83486719109385
finished_reconf: true
global_termination_time: 1377256.0454799999
local_termination_time: 1377256.00436
node_cons: 28331.447942074938
tot_aggregated_send: 19126
tot_msg_rcv: 535
tot_msg_sent: 1289
tot_reconf_duration: 24.59
tot_sleeping_duration: 1356122.3227600039
tot_uptimes: 353
tot_uptimes_duration: 21133.722719996178
