comms_cons: 66.4874495984006
finished_reconf: true
global_termination_time: 651183.48
local_termination_time: 1478.18712
node_cons: 13353.10532783571
tot_aggregated_send: 8642
tot_msg_rcv: 543
tot_msg_sent: 920
tot_reconf_duration: 12.23
tot_sleeping_duration: 641223.4374400032
tot_uptimes: 167
tot_uptimes_duration: 9960.042559996784
