comms_cons: 683.9633410058152
finished_reconf: true
global_termination_time: 6766181.183239997
local_termination_time: 45549.187440000045
node_cons: 139192.75045275563
tot_aggregated_send: 93206
tot_msg_rcv: 3612
tot_msg_sent: 7139
tot_reconf_duration: 18.21
tot_sleeping_duration: 6662246.888040027
tot_uptimes: 1733
tot_uptimes_duration: 103934.29519997025
