comms_cons: 663.1181953200025
finished_reconf: true
global_termination_time: 6769595.697
local_termination_time: 2624892.9783599996
node_cons: 139247.14556558075
tot_aggregated_send: 93322
tot_msg_rcv: 2423
tot_msg_sent: 5046
tot_reconf_duration: 13.17
tot_sleeping_duration: 6665615.66660001
tot_uptimes: 1734
tot_uptimes_duration: 103980.0303999891
