comms_cons: 683.4143489934908
finished_reconf: true
global_termination_time: 6766486.1
local_termination_time: 127174.56751999978
node_cons: 139179.7526756379
tot_aggregated_send: 93090
tot_msg_rcv: 3619
tot_msg_sent: 7165
tot_reconf_duration: 22.65
tot_sleeping_duration: 6662566.014880028
tot_uptimes: 1733
tot_uptimes_duration: 103920.08511997195
