comms_cons: 676.9295105893013
finished_reconf: true
global_termination_time: 6770907.675
local_termination_time: 990421.527
node_cons: 139233.44331116602
tot_aggregated_send: 93260
tot_msg_rcv: 3257
tot_msg_sent: 6372
tot_reconf_duration: 3.05
tot_sleeping_duration: 6666927.614200022
tot_uptimes: 1734
tot_uptimes_duration: 103980.06079997797
