comms_cons: 674.8002113582648
finished_reconf: true
global_termination_time: 6767550.454
local_termination_time: 1809947.5623599999
node_cons: 139237.74817116623
tot_aggregated_send: 94308
tot_msg_rcv: 2737
tot_msg_sent: 5520
tot_reconf_duration: 6.22
tot_sleeping_duration: 6663570.393200022
tot_uptimes: 1734
tot_uptimes_duration: 103980.06079997821
