comms_cons: 89.62019841182907
finished_reconf: true
global_termination_time: 451582.21
local_termination_time: 1376.0020400000014
node_cons: 9245.656403362023
tot_aggregated_send: 0
tot_msg_rcv: 6943
tot_msg_sent: 6677
tot_reconf_duration: 4.8100000000000005
tot_sleeping_duration: 444682.1917599985
tot_uptimes: 116
tot_uptimes_duration: 6900.018240001504
