comms_cons: 47.1872768010633
finished_reconf: true
global_termination_time: 452198.173
local_termination_time: 12480.774040000002
node_cons: 9245.102325607164
tot_aggregated_send: 5684
tot_msg_rcv: 496
tot_msg_sent: 993
tot_reconf_duration: 4.390000000000001
tot_sleeping_duration: 445298.14259999467
tot_uptimes: 116
tot_uptimes_duration: 6900.030400005344
