comms_cons: 32.78744319993727
finished_reconf: true
global_termination_time: 9151.247240000002
local_termination_time: 1436.2554800000023
node_cons: 4126.493185480012
tot_aggregated_send: 0
tot_msg_rcv: 2550
tot_msg_sent: 2432
tot_reconf_duration: 5.57
tot_sleeping_duration: 6075.123919999994
tot_uptimes: 42
tot_uptimes_duration: 3076.1233200000083
