comms_cons: 1.7040127999943702
finished_reconf: true
global_termination_time: 15072.883
local_termination_time: 6156.728360000001
node_cons: 271.77870000000075
tot_aggregated_send: 0
tot_msg_rcv: 156
tot_msg_sent: 103
tot_reconf_duration: 22.65
tot_sleeping_duration: 14892.883
tot_uptimes: 4
tot_uptimes_duration: 180.0
