comms_cons: 82.58869759659106
finished_reconf: true
global_termination_time: 837143.873
local_termination_time: 556730.952119998
node_cons: 17199.300121116932
tot_aggregated_send: 11832
tot_msg_rcv: 248
tot_msg_sent: 473
tot_reconf_duration: 4.8100000000000005
tot_sleeping_duration: 824303.8669200024
tot_uptimes: 215
tot_uptimes_duration: 12840.006079997635
