comms_cons: 85.39143679788309
finished_reconf: true
global_termination_time: 836169.482
local_termination_time: 81541.32547999994
node_cons: 17196.934464476533
tot_aggregated_send: 11136
tot_msg_rcv: 561
tot_msg_sent: 1282
tot_reconf_duration: 3.05
tot_sleeping_duration: 823329.4576800026
tot_uptimes: 215
tot_uptimes_duration: 12840.024319997407
