comms_cons: 816.2267331918569
finished_reconf: true
global_termination_time: 2806320.2
local_termination_time: 1118730.3694799999
node_cons: 114268.1252514715
tot_aggregated_send: 0
tot_msg_rcv: 41627
tot_msg_sent: 82435
tot_reconf_duration: 18.21
tot_sleeping_duration: 2721000.262680004
tot_uptimes: 1408
tot_uptimes_duration: 85319.93731999623
