comms_cons: 551.3501186657315
finished_reconf: true
global_termination_time: 2806320.2
local_termination_time: 1118733.8405999998
node_cons: 57714.88684111599
tot_aggregated_send: 0
tot_msg_rcv: 42175
tot_msg_sent: 41627
tot_reconf_duration: 22.65
tot_sleeping_duration: 2763240.1939200023
tot_uptimes: 719
tot_uptimes_duration: 43080.00607999787
