comms_cons: 280.7410431947823
finished_reconf: true
global_termination_time: 2807323.272
local_termination_time: 1243785.1803599999
node_cons: 57692.67266334948
tot_aggregated_send: 38802
tot_msg_rcv: 1278
tot_msg_sent: 2591
tot_reconf_duration: 6.279999999999999
tot_sleeping_duration: 2764243.253760007
tot_uptimes: 719
tot_uptimes_duration: 43080.01823999289
