comms_cons: 283.8195584327992
finished_reconf: true
global_termination_time: 2806220.804
local_termination_time: 1030938.9373599999
node_cons: 57690.114184466634
tot_aggregated_send: 38860
tot_msg_rcv: 1492
tot_msg_sent: 2786
tot_reconf_duration: 4.390000000000001
tot_sleeping_duration: 2763140.779680009
tot_uptimes: 719
tot_uptimes_duration: 43080.02431999077
