comms_cons: 282.1424128016292
finished_reconf: true
global_termination_time: 2806397.55
local_termination_time: 77346.55635999997
node_cons: 57692.60746558345
tot_aggregated_send: 39324
tot_msg_rcv: 1238
tot_msg_sent: 2322
tot_reconf_duration: 6.22
tot_sleeping_duration: 2763317.5196000114
tot_uptimes: 719
tot_uptimes_duration: 43080.030399988405
