comms_cons: 133.56295678285673
finished_reconf: true
global_termination_time: 1303745.645
local_termination_time: 286114.83936
node_cons: 26759.238607822404
tot_aggregated_send: 17284
tot_msg_rcv: 979
tot_msg_sent: 2037
tot_reconf_duration: 4.390000000000001
tot_sleeping_duration: 1283765.6024400133
tot_uptimes: 334
tot_uptimes_duration: 19980.042559986876
