comms_cons: 440.1695612782104
finished_reconf: true
global_termination_time: 1513057.265
local_termination_time: 635543.2555999998
node_cons: 61627.24720699915
tot_aggregated_send: 0
tot_msg_rcv: 22446
tot_msg_sent: 44457
tot_reconf_duration: 13.17
tot_sleeping_duration: 1467045.7919999997
tot_uptimes: 763
tot_uptimes_duration: 46011.4730000002
