comms_cons: 114.87941119480872
finished_reconf: true
global_termination_time: 1130330.5504799997
local_termination_time: 1130330.5093599998
node_cons: 23270.052365441697
tot_aggregated_send: 15588
tot_msg_rcv: 698
tot_msg_sent: 1174
tot_reconf_duration: 24.59
tot_sleeping_duration: 1112976.8095199985
tot_uptimes: 290
tot_uptimes_duration: 17353.740960001232
