comms_cons: 17.954636800177276
finished_reconf: true
global_termination_time: 169297.208
local_termination_time: 32523.699560000005
node_cons: 3461.1519800000037
tot_aggregated_send: 2088
tot_msg_rcv: 238
tot_msg_sent: 403
tot_reconf_duration: 4.8100000000000005
tot_sleeping_duration: 166717.208
tot_uptimes: 44
tot_uptimes_duration: 2580.0
