comms_cons: 18.61467520017336
finished_reconf: true
global_termination_time: 171391.539
local_termination_time: 137563.34836000003
node_cons: 3465.2477011214023
tot_aggregated_send: 1856
tot_msg_rcv: 340
tot_msg_sent: 632
tot_reconf_duration: 7.819999999999999
tot_sleeping_duration: 168811.53291999892
tot_uptimes: 44
tot_uptimes_duration: 2580.0060800010688
