comms_cons: 44.28522239998935
finished_reconf: true
global_termination_time: 444403.31
local_termination_time: 70797.40435999996
node_cons: 9082.570041121426
tot_aggregated_send: 6206
tot_msg_rcv: 177
tot_msg_sent: 349
tot_reconf_duration: 3.05
tot_sleeping_duration: 437623.3039199989
tot_uptimes: 114
tot_uptimes_duration: 6780.006080001069
