comms_cons: 195.9600895822749
finished_reconf: true
global_termination_time: 1948198.346
local_termination_time: 1057911.87512
node_cons: 40043.7018233503
tot_aggregated_send: 27086
tot_msg_rcv: 919
tot_msg_sent: 1780
tot_reconf_duration: 25.299999999999997
tot_sleeping_duration: 1918318.327760007
tot_uptimes: 499
tot_uptimes_duration: 29880.018239992904
