comms_cons: 196.8180223832071
finished_reconf: true
global_termination_time: 1944806.187
local_termination_time: 618581.3613599999
node_cons: 40015.32232558392
tot_aggregated_send: 26854
tot_msg_rcv: 1029
tot_msg_sent: 2033
tot_reconf_duration: 4.390000000000001
tot_sleeping_duration: 1914926.1566000117
tot_uptimes: 499
tot_uptimes_duration: 29880.030399988173
