comms_cons: 197.2845183837101
finished_reconf: true
global_termination_time: 1945399.46
local_termination_time: 505969.11496000015
node_cons: 40019.97212446707
tot_aggregated_send: 26738
tot_msg_rcv: 1103
tot_msg_sent: 2146
tot_reconf_duration: 7.819999999999999
tot_sleeping_duration: 1915519.4356800094
tot_uptimes: 499
tot_uptimes_duration: 29880.024319990538
