comms_cons: 194.85021438611872
finished_reconf: true
global_termination_time: 1945759.156
local_termination_time: 125609.53747999997
node_cons: 40024.71968558392
tot_aggregated_send: 27260
tot_msg_rcv: 734
tot_msg_sent: 1623
tot_reconf_duration: 11.31
tot_sleeping_duration: 1915879.1256000118
tot_uptimes: 499
tot_uptimes_duration: 29880.030399988173
