comms_cons: 579.3294851886187
finished_reconf: true
global_termination_time: 2945400.025
local_termination_time: 1610626.6575999998
node_cons: 60607.134982232696
tot_aggregated_send: 0
tot_msg_rcv: 44338
tot_msg_sent: 43716
tot_reconf_duration: 22.65
tot_sleeping_duration: 2900160.012840004
tot_uptimes: 755
tot_uptimes_duration: 45240.0121599955
