comms_cons: 291.95728001066203
finished_reconf: true
global_termination_time: 2946105.18
local_termination_time: 1111093.23336
node_cons: 60597.224284466916
tot_aggregated_send: 40890
tot_msg_rcv: 1111
tot_msg_sent: 2375
tot_reconf_duration: 15.34
tot_sleeping_duration: 2900865.155680009
tot_uptimes: 755
tot_uptimes_duration: 45240.024319991004
