comms_cons: 292.857632020387
finished_reconf: true
global_termination_time: 2946094.176
local_termination_time: 2431531.8239199994
node_cons: 60594.244859998755
tot_aggregated_send: 42340
tot_msg_rcv: 792
tot_msg_sent: 1380
tot_reconf_duration: 13.17
tot_sleeping_duration: 2900854.176
tot_uptimes: 755
tot_uptimes_duration: 45240.00000000001
