comms_cons: 297.5025152354602
finished_reconf: true
global_termination_time: 2945010.516
local_termination_time: 709286.2175599996
node_cons: 60580.53446446655
tot_aggregated_send: 41122
tot_msg_rcv: 1482
tot_msg_sent: 2614
tot_reconf_duration: 3.05
tot_sleeping_duration: 2899770.4916800093
tot_uptimes: 755
tot_uptimes_duration: 45240.02431999077
