comms_cons: 296.55744002415275
finished_reconf: true
global_termination_time: 2943089.7039199993
local_termination_time: 2943089.662799999
node_cons: 60564.71804382614
tot_aggregated_send: 40702
tot_msg_rcv: 1385
tot_msg_sent: 2987
tot_reconf_duration: 24.59
tot_sleeping_duration: 2897883.337360008
tot_uptimes: 754
tot_uptimes_duration: 45206.36655999074
