comms_cons: 291.7026176108063
finished_reconf: true
global_termination_time: 2947423.548
local_termination_time: 615368.1603599999
node_cons: 60583.75836334957
tot_aggregated_send: 41586
tot_msg_rcv: 893
tot_msg_sent: 1859
tot_reconf_duration: 5.43
tot_sleeping_duration: 2902183.529760007
tot_uptimes: 755
tot_uptimes_duration: 45240.01823999314
