comms_cons: 70.38129280805839
finished_reconf: true
global_termination_time: 339124.9086000001
local_termination_time: 339124.8674800001
node_cons: 6961.103707369297
tot_aggregated_send: 0
tot_msg_rcv: 5695
tot_msg_sent: 5000
tot_reconf_duration: 24.59
tot_sleeping_duration: 333951.11435999314
tot_uptimes: 87
tot_uptimes_duration: 5173.79424000693
