comms_cons: 5.2370431999974905
finished_reconf: true
global_termination_time: 3565.8192400000016
local_termination_time: 3565.7781200000018
node_cons: 642.4376913600022
tot_aggregated_send: 0
tot_msg_rcv: 360
tot_msg_sent: 434
tot_reconf_duration: 24.59
tot_sleeping_duration: 3110.969
tot_uptimes: 8
tot_uptimes_duration: 454.8502400000016
