comms_cons: 127.95156479210681
finished_reconf: true
global_termination_time: 1272361.766
local_termination_time: 362069.07320000016
node_cons: 26128.41742446735
tot_aggregated_send: 17284
tot_msg_rcv: 661
tot_msg_sent: 1502
tot_reconf_duration: 13.17
tot_sleeping_duration: 1252861.7416800095
tot_uptimes: 326
tot_uptimes_duration: 19500.024319990538
