comms_cons: 127.79893759052162
finished_reconf: true
global_termination_time: 1274721.526
local_termination_time: 801840.0893599999
node_cons: 26208.032245584207
tot_aggregated_send: 17110
tot_msg_rcv: 750
tot_msg_sent: 1565
tot_reconf_duration: 12.629999999999999
tot_sleeping_duration: 1255161.495600012
tot_uptimes: 327
tot_uptimes_duration: 19560.030399988173
