comms_cons: 126.95287039317361
finished_reconf: true
global_termination_time: 1274216.234
local_termination_time: 593658.0263599999
node_cons: 26196.817902233724
tot_aggregated_send: 17806
tot_msg_rcv: 503
tot_msg_sent: 987
tot_reconf_duration: 4.390000000000001
tot_sleeping_duration: 1254656.2218400047
tot_uptimes: 327
tot_uptimes_duration: 19560.01215999527
