comms_cons: 44.59381760013484
finished_reconf: true
global_termination_time: 455958.095
local_termination_time: 402815.4973600005
node_cons: 9353.797399999996
tot_aggregated_send: 6554
tot_msg_rcv: 76
tot_msg_sent: 148
tot_reconf_duration: 25.299999999999997
tot_sleeping_duration: 448998.095
tot_uptimes: 117
tot_uptimes_duration: 6960.0
