comms_cons: 44.772083200409554
finished_reconf: true
global_termination_time: 452104.52548000007
local_termination_time: 452104.48436000006
node_cons: 9290.859800962984
tot_aggregated_send: 6250
tot_msg_rcv: 140
tot_msg_sent: 414
tot_reconf_duration: 24.59
tot_sleeping_duration: 445190.80883999786
tot_uptimes: 116
tot_uptimes_duration: 6913.716640002211
