comms_cons: 23.167244799882283
finished_reconf: true
global_termination_time: 182603.68416000076
local_termination_time: 182603.64304000075
node_cons: 3799.6344052010922
tot_aggregated_send: 1218
tot_msg_rcv: 782
tot_msg_sent: 1522
tot_reconf_duration: 24.59
tot_sleeping_duration: 179790.95735999994
tot_uptimes: 47
tot_uptimes_duration: 2812.7268000008044
