comms_cons: 18.47502079988722
finished_reconf: true
global_termination_time: 184134.877
local_termination_time: 13969.401320000003
node_cons: 3793.8648600000024
tot_aggregated_send: 2552
tot_msg_rcv: 94
tot_msg_sent: 162
tot_reconf_duration: 13.17
tot_sleeping_duration: 181314.877
tot_uptimes: 48
tot_uptimes_duration: 2820.0
