comms_cons: 279.93823999910705
finished_reconf: true
global_termination_time: 2774381.593
local_termination_time: 443542.62136000005
node_cons: 57047.964544466326
tot_aggregated_send: 38164
tot_msg_rcv: 1485
tot_msg_sent: 2899
tot_reconf_duration: 4.8100000000000005
tot_sleeping_duration: 2731781.5686800093
tot_uptimes: 711
tot_uptimes_duration: 42600.02431999054
