comms_cons: 276.4198783740027
finished_reconf: true
global_termination_time: 2771348.692
local_termination_time: 2056869.3933599999
node_cons: 56969.514901115755
tot_aggregated_send: 37294
tot_msg_rcv: 1572
tot_msg_sent: 3148
tot_reconf_duration: 6.22
tot_sleeping_duration: 2728808.6859200024
tot_uptimes: 710
tot_uptimes_duration: 42540.006079997605
