comms_cons: 272.1942975901467
finished_reconf: true
global_termination_time: 2770500.689
local_termination_time: 2171752.6787999994
node_cons: 56976.41897999908
tot_aggregated_send: 39324
tot_msg_rcv: 694
tot_msg_sent: 1353
tot_reconf_duration: 11.31
tot_sleeping_duration: 2727960.689
tot_uptimes: 710
tot_uptimes_duration: 42540.0
