comms_cons: 14.961100799705214
finished_reconf: true
global_termination_time: 142733.93072000012
local_termination_time: 142733.8896000001
node_cons: 2946.822841439612
tot_aggregated_send: 1726
tot_msg_rcv: 186
tot_msg_sent: 361
tot_reconf_duration: 24.59
tot_sleeping_duration: 140558.1057600004
tot_uptimes: 37
tot_uptimes_duration: 2175.8249599997
