comms_cons: 16.995327999321525
finished_reconf: true
global_termination_time: 143512.254
local_termination_time: 89375.22671999995
node_cons: 2916.9854622383123
tot_aggregated_send: 1102
tot_msg_rcv: 562
tot_msg_sent: 920
tot_reconf_duration: 18.21
tot_sleeping_duration: 141352.24184000125
tot_uptimes: 37
tot_uptimes_duration: 2160.0121599987324
