comms_cons: 15.7374463994013
finished_reconf: true
global_termination_time: 147641.119
local_termination_time: 86471.51835999997
node_cons: 2981.140804476605
tot_aggregated_send: 1102
tot_msg_rcv: 447
tot_msg_sent: 843
tot_reconf_duration: 6.279999999999999
tot_sleeping_duration: 145421.09468000254
tot_uptimes: 38
tot_uptimes_duration: 2220.0243199974648
