comms_cons: 16.809855999392852
finished_reconf: true
global_termination_time: 142734.24924000015
local_termination_time: 39636.5903600002
node_cons: 2926.677799117651
tot_aggregated_send: 1160
tot_msg_rcv: 513
tot_msg_sent: 881
tot_reconf_duration: 7.819999999999999
tot_sleeping_duration: 140556.4611600019
tot_uptimes: 37
tot_uptimes_duration: 2177.788079998245
