comms_cons: 293.9949440073839
finished_reconf: true
global_termination_time: 2994430.297
local_termination_time: 376766.46236
node_cons: 61546.426043349245
tot_aggregated_send: 41818
tot_msg_rcv: 949
tot_msg_sent: 1918
tot_reconf_duration: 4.390000000000001
tot_sleeping_duration: 2948470.2787600067
tot_uptimes: 767
tot_uptimes_duration: 45960.0182399929
