comms_cons: 36.639564800133186
finished_reconf: true
global_termination_time: 373665.367
local_termination_time: 1197.6713600000003
node_cons: 7638.831980000009
tot_aggregated_send: 5336
tot_msg_rcv: 63
tot_msg_sent: 170
tot_reconf_duration: 4.8100000000000005
tot_sleeping_duration: 367965.367
tot_uptimes: 96
tot_uptimes_duration: 5700.0
