comms_cons: 107.30863361262242
finished_reconf: true
global_termination_time: 368005.5576000002
local_termination_time: 1175.2590400000015
node_cons: 15042.228109400257
tot_aggregated_send: 0
tot_msg_rcv: 5467
tot_msg_sent: 10842
tot_reconf_duration: 4.390000000000001
tot_sleeping_duration: 356776.083
tot_uptimes: 187
tot_uptimes_duration: 11229.474600000176
