comms_cons: 103.9752320146479
finished_reconf: true
global_termination_time: 484859.7697200002
local_termination_time: 1258.3591600000016
node_cons: 10007.668210505184
tot_aggregated_send: 0
tot_msg_rcv: 8560
tot_msg_sent: 7237
tot_reconf_duration: 18.21
tot_sleeping_duration: 477404.2513999814
tot_uptimes: 125
tot_uptimes_duration: 7455.518320018804
