comms_cons: 296.16071042450596
finished_reconf: true
global_termination_time: 2952767.263
local_termination_time: 555298.9517599992
node_cons: 60743.60454446656
tot_aggregated_send: 41006
tot_msg_rcv: 1392
tot_msg_sent: 2616
tot_reconf_duration: 4.8100000000000005
tot_sleeping_duration: 2907407.238680009
tot_uptimes: 757
tot_uptimes_duration: 45360.02431999077
