comms_cons: 0.7105536000015844
finished_reconf: true
global_termination_time: 5791.044
local_termination_time: 1128.5643600000003
node_cons: 95.69897999999992
tot_aggregated_send: 0
tot_msg_rcv: 60
tot_msg_sent: 48
tot_reconf_duration: 11.31
tot_sleeping_duration: 5731.044
tot_uptimes: 2
tot_uptimes_duration: 60.0
