comms_cons: 288.31370241030913
finished_reconf: true
global_termination_time: 2901680.54
local_termination_time: 1868662.9723599998
node_cons: 59710.51300111562
tot_aggregated_send: 41702
tot_msg_rcv: 740
tot_msg_sent: 1380
tot_reconf_duration: 13.17
tot_sleeping_duration: 2857100.533920002
tot_uptimes: 744
tot_uptimes_duration: 44580.006079997635
