comms_cons: 300.92618244590386
finished_reconf: true
global_termination_time: 2900209.915239997
local_termination_time: 137861.55984000058
node_cons: 59648.169009987854
tot_aggregated_send: 37874
tot_msg_rcv: 2740
tot_msg_sent: 5125
tot_reconf_duration: 11.31
tot_sleeping_duration: 2855674.5828800355
tot_uptimes: 743
tot_uptimes_duration: 44535.332359961874
