comms_cons: 293.9514688196697
finished_reconf: true
global_termination_time: 2902441.033
local_termination_time: 519920.56136000005
node_cons: 59700.09977452293
tot_aggregated_send: 39324
tot_msg_rcv: 1574
tot_msg_sent: 3781
tot_reconf_duration: 5.43
tot_sleeping_duration: 2857860.9539600266
tot_uptimes: 744
tot_uptimes_duration: 44580.07903997315
