comms_cons: 416.2128318406804
finished_reconf: true
global_termination_time: 1138698.448
local_termination_time: 355453.0516000001
node_cons: 69214.93016847974
tot_aggregated_send: 0
tot_msg_rcv: 25573
tot_msg_sent: 37688
tot_reconf_duration: 18.21
tot_sleeping_duration: 1087025.4076799992
tot_uptimes: 850
tot_uptimes_duration: 51673.0403200009
