comms_cons: 382.2637376564803
finished_reconf: true
global_termination_time: 3782261.943239997
local_termination_time: 15878.411479999999
node_cons: 77795.20335499226
tot_aggregated_send: 52084
tot_msg_rcv: 2108
tot_msg_sent: 3906
tot_reconf_duration: 5.1
tot_sleeping_duration: 3724167.6358800316
tot_uptimes: 969
tot_uptimes_duration: 58094.30735996575
