comms_cons: 380.74613763810464
finished_reconf: true
global_termination_time: 3783010.353
local_termination_time: 1845197.61036
node_cons: 77775.67640334963
tot_aggregated_send: 52780
tot_msg_rcv: 1727
tot_msg_sent: 3365
tot_reconf_duration: 4.8100000000000005
tot_sleeping_duration: 3724930.3347600065
tot_uptimes: 969
tot_uptimes_duration: 58080.0182399936
