comms_cons: 381.85642886337706
finished_reconf: true
global_termination_time: 3783500.568
local_termination_time: 2647655.236119999
node_cons: 77794.54716446662
tot_aggregated_send: 52374
tot_msg_rcv: 1906
tot_msg_sent: 3759
tot_reconf_duration: 18.700000000000003
tot_sleeping_duration: 3725420.5436800085
tot_uptimes: 969
tot_uptimes_duration: 58080.02431999124
