comms_cons: 380.868128070129
finished_reconf: true
global_termination_time: 3784446.24
local_termination_time: 1156997.2836799994
node_cons: 77864.88410893439
tot_aggregated_send: 52606
tot_msg_rcv: 1687
tot_msg_sent: 3596
tot_reconf_duration: 11.31
tot_sleeping_duration: 3726306.191360018
tot_uptimes: 970
tot_uptimes_duration: 58140.04863998224
