comms_cons: 2.204031999992717
finished_reconf: true
global_termination_time: 13204.99
local_termination_time: 8137.535360000001
node_cons: 261.8517200000002
tot_aggregated_send: 0
tot_msg_rcv: 175
tot_msg_sent: 160
tot_reconf_duration: 15.34
tot_sleeping_duration: 13024.99
tot_uptimes: 4
tot_uptimes_duration: 180.0
