comms_cons: 215.59380478706163
finished_reconf: true
global_termination_time: 2158719.813
local_termination_time: 386311.07736000005
node_cons: 44378.46312335008
tot_aggregated_send: 29928
tot_msg_rcv: 999
tot_msg_sent: 1842
tot_reconf_duration: 22.65
tot_sleeping_duration: 2125599.7947600074
tot_uptimes: 553
tot_uptimes_duration: 33120.0182399929
