comms_cons: 2.6387903999947073
finished_reconf: true
global_termination_time: 13402.016
local_termination_time: 10943.343359999999
node_cons: 245.16189999999898
tot_aggregated_send: 0
tot_msg_rcv: 228
tot_msg_sent: 173
tot_reconf_duration: 3.05
tot_sleeping_duration: 13222.016
tot_uptimes: 4
tot_uptimes_duration: 180.0
