comms_cons: 135.57712639345266
finished_reconf: true
global_termination_time: 1388262.011
local_termination_time: 581417.7803599999
node_cons: 28526.67790223373
tot_aggregated_send: 18676
tot_msg_rcv: 650
tot_msg_sent: 1281
tot_reconf_duration: 4.390000000000001
tot_sleeping_duration: 1366961.9988400047
tot_uptimes: 356
tot_uptimes_duration: 21300.01215999527
