comms_cons: 134.83412479593082
finished_reconf: true
global_termination_time: 1387419.755
local_termination_time: 668957.4307599991
node_cons: 28524.85004111694
tot_aggregated_send: 18850
tot_msg_rcv: 480
tot_msg_sent: 1164
tot_reconf_duration: 3.05
tot_sleeping_duration: 1366119.7489200023
tot_uptimes: 356
tot_uptimes_duration: 21300.006079997635
