comms_cons: 134.18278399737585
finished_reconf: true
global_termination_time: 1389658.32
local_termination_time: 694335.0241599984
node_cons: 28531.327701116963
tot_aggregated_send: 19198
tot_msg_rcv: 388
tot_msg_sent: 809
tot_reconf_duration: 7.819999999999999
tot_sleeping_duration: 1368358.3139200024
tot_uptimes: 356
tot_uptimes_duration: 21300.006079997635
