comms_cons: 10.98851839983697
finished_reconf: true
global_termination_time: 81413.03783999966
local_termination_time: 81412.99671999966
node_cons: 1715.3860931178406
tot_aggregated_send: 406
tot_msg_rcv: 473
tot_msg_sent: 791
tot_reconf_duration: 37.410000000000004
tot_sleeping_duration: 80169.88376000126
tot_uptimes: 21
tot_uptimes_duration: 1243.1540799983923
