comms_cons: 9.603788800085233
finished_reconf: true
global_termination_time: 84200.53
local_termination_time: 72513.5176399995
node_cons: 1699.527662240583
tot_aggregated_send: 696
tot_msg_rcv: 301
tot_msg_sent: 463
tot_reconf_duration: 9.11
tot_sleeping_duration: 82940.51783999956
tot_uptimes: 22
tot_uptimes_duration: 1260.012160000435
