comms_cons: 9.573363199901266
finished_reconf: true
global_termination_time: 82759.101
local_termination_time: 18224.61836
node_cons: 1707.6756622391601
tot_aggregated_send: 638
tot_msg_rcv: 354
tot_msg_sent: 464
tot_reconf_duration: 15.110000000000001
tot_sleeping_duration: 81499.08884000062
tot_uptimes: 22
tot_uptimes_duration: 1260.0121599993727
