comms_cons: 11.573439999771377
finished_reconf: true
global_termination_time: 82641.964
local_termination_time: 35307.83236000001
node_cons: 1693.7126855991728
tot_aggregated_send: 522
tot_msg_rcv: 536
tot_msg_sent: 701
tot_reconf_duration: 4.8100000000000005
tot_sleeping_duration: 81381.93360000063
tot_uptimes: 22
tot_uptimes_duration: 1260.0303999993848
