comms_cons: 10.5878144000107
finished_reconf: true
global_termination_time: 81534.071
local_termination_time: 42427.135360000015
node_cons: 1610.98260559804
tot_aggregated_send: 522
tot_msg_rcv: 445
tot_msg_sent: 643
tot_reconf_duration: 3.05
tot_sleeping_duration: 80334.04060000146
tot_uptimes: 21
tot_uptimes_duration: 1200.0303999985335
