comms_cons: 0.7434495999996027
finished_reconf: true
global_termination_time: 6415.647
local_termination_time: 645.7293599999998
node_cons: 93.13235999999995
tot_aggregated_send: 0
tot_msg_rcv: 63
tot_msg_sent: 50
tot_reconf_duration: 9.42
tot_sleeping_duration: 6355.647
tot_uptimes: 2
tot_uptimes_duration: 60.0
