comms_cons: 1.21715199999598
finished_reconf: true
global_termination_time: 6604.418
local_termination_time: 2155.1913600000003
node_cons: 87.71393999999977
tot_aggregated_send: 0
tot_msg_rcv: 127
tot_msg_sent: 56
tot_reconf_duration: 5.43
tot_sleeping_duration: 6544.418
tot_uptimes: 2
tot_uptimes_duration: 60.0
