comms_cons: 952.8857601534227
finished_reconf: true
global_termination_time: 9787818.236
local_termination_time: 6074498.88736
node_cons: 201346.91824111014
tot_aggregated_send: 135430
tot_msg_rcv: 3084
tot_msg_sent: 6319
tot_reconf_duration: 10.95
tot_sleeping_duration: 9637458.229920002
tot_uptimes: 2507
tot_uptimes_duration: 150360.00607999787
