comms_cons: 93.15551999832988
finished_reconf: true
global_termination_time: 946996.644
local_termination_time: 5418.57
node_cons: 19451.894640000028
tot_aggregated_send: 13796
tot_msg_rcv: 138
tot_msg_sent: 225
tot_reconf_duration: 7.08
tot_sleeping_duration: 932476.644
tot_uptimes: 243
tot_uptimes_duration: 14520.0
