comms_cons: 1.4941055999981032
finished_reconf: true
global_termination_time: 9724.27548
local_termination_time: 9724.23436
node_cons: 212.4316598400069
tot_aggregated_send: 0
tot_msg_rcv: 117
tot_msg_sent: 109
tot_reconf_duration: 24.59
tot_sleeping_duration: 9590.564919999995
tot_uptimes: 3
tot_uptimes_duration: 133.710560000005
