comms_cons: 138.42897919686527
finished_reconf: true
global_termination_time: 1392990.942
local_termination_time: 220230.06596000012
node_cons: 28611.65956000002
tot_aggregated_send: 19778
tot_msg_rcv: 422
tot_msg_sent: 839
tot_reconf_duration: 7.819999999999999
tot_sleeping_duration: 1371630.942
tot_uptimes: 357
tot_uptimes_duration: 21360.0
