comms_cons: 43.21218560029172
finished_reconf: true
global_termination_time: 435253.98
local_termination_time: 11884.28744
node_cons: 8933.900200000011
tot_aggregated_send: 6264
tot_msg_rcv: 141
tot_msg_sent: 163
tot_reconf_duration: 11.899999999999999
tot_sleeping_duration: 428593.98
tot_uptimes: 112
tot_uptimes_duration: 6660.0
