comms_cons: 42.71367039996588
finished_reconf: true
global_termination_time: 436662.434
local_termination_time: 118856.38231999961
node_cons: 8924.271980000007
tot_aggregated_send: 6322
tot_msg_rcv: 58
tot_msg_sent: 112
tot_reconf_duration: 4.8100000000000005
tot_sleeping_duration: 430002.434
tot_uptimes: 112
tot_uptimes_duration: 6660.0
