comms_cons: 43.587200000282635
finished_reconf: true
global_termination_time: 435010.726
local_termination_time: 64208.95636000001
node_cons: 8933.098980000008
tot_aggregated_send: 6090
tot_msg_rcv: 197
tot_msg_sent: 338
tot_reconf_duration: 11.31
tot_sleeping_duration: 428350.726
tot_uptimes: 112
tot_uptimes_duration: 6660.0
