comms_cons: 107.82650879763139
finished_reconf: true
global_termination_time: 1095384.757
local_termination_time: 555199.6413599999
node_cons: 22529.557400000096
tot_aggregated_send: 15834
tot_msg_rcv: 173
tot_msg_sent: 382
tot_reconf_duration: 25.299999999999997
tot_sleeping_duration: 1078584.757
tot_uptimes: 281
tot_uptimes_duration: 16800.0
