comms_cons: 406.8117312713528
finished_reconf: true
global_termination_time: 4015469.08348
local_termination_time: 4015469.04236
node_cons: 82658.76263101696
tot_aggregated_send: 55506
tot_msg_rcv: 2211
tot_msg_sent: 4116
tot_reconf_duration: 37.410000000000004
tot_sleeping_duration: 3953775.3121200157
tot_uptimes: 1029
tot_uptimes_duration: 61693.77135998459
