comms_cons: 399.85904646116705
finished_reconf: true
global_termination_time: 4017597.6
local_termination_time: 448478.8222000006
node_cons: 82595.53046669945
tot_aggregated_send: 55854
tot_msg_rcv: 1377
tot_msg_sent: 3545
tot_reconf_duration: 4.390000000000001
tot_sleeping_duration: 3955917.563520014
tot_uptimes: 1029
tot_uptimes_duration: 61680.03647998627
