comms_cons: 400.5453312652934
finished_reconf: true
global_termination_time: 4019098.137
local_termination_time: 1041766.3843599999
node_cons: 82674.05074669988
tot_aggregated_send: 56434
tot_msg_rcv: 1381
tot_msg_sent: 3064
tot_reconf_duration: 3.05
tot_sleeping_duration: 3957358.1005200134
tot_uptimes: 1030
tot_uptimes_duration: 61740.036479986506
