comms_cons: 400.779219248372
finished_reconf: true
global_termination_time: 4017323.975
local_termination_time: 1069073.87936
node_cons: 82600.19654781708
tot_aggregated_send: 56260
tot_msg_rcv: 1516
tot_msg_sent: 3140
tot_reconf_duration: 7.819999999999999
tot_sleeping_duration: 3955643.932440016
tot_uptimes: 1029
tot_uptimes_duration: 61680.04255998437
