comms_cons: 45.016172802093976
finished_reconf: true
global_termination_time: 210360.50040000092
local_termination_time: 2854.6873600000004
node_cons: 4359.649021201545
tot_aggregated_send: 0
tot_msg_rcv: 3699
tot_msg_sent: 3138
tot_reconf_duration: 18.21
tot_sleeping_duration: 207123.06959999978
tot_uptimes: 54
tot_uptimes_duration: 3237.4308000011515
