comms_cons: 22.913478400582196
finished_reconf: true
global_termination_time: 212476.745
local_termination_time: 9601.008600000001
node_cons: 4359.216143364296
tot_aggregated_send: 2552
tot_msg_rcv: 357
tot_msg_sent: 573
tot_reconf_duration: 15.34
tot_sleeping_duration: 209236.7267599968
tot_uptimes: 55
tot_uptimes_duration: 3240.0182400032063
