comms_cons: 20.856064000470194
finished_reconf: true
global_termination_time: 210359.92184000023
local_termination_time: 210344.60736000005
node_cons: 4297.770727760331
tot_aggregated_send: 2842
tot_msg_rcv: 89
tot_msg_sent: 239
tot_reconf_duration: 5.57
tot_sleeping_duration: 207155.884
tot_uptimes: 54
tot_uptimes_duration: 3204.0378400002373
