comms_cons: 21.36924160001195
finished_reconf: true
global_termination_time: 211352.287
local_termination_time: 14386.491080000003
node_cons: 4356.244860000003
tot_aggregated_send: 2900
tot_msg_rcv: 126
tot_msg_sent: 222
tot_reconf_duration: 13.17
tot_sleeping_duration: 208112.287
tot_uptimes: 55
tot_uptimes_duration: 3240.0
