comms_cons: 21.796889600052644
finished_reconf: true
global_termination_time: 212015.704
local_termination_time: 77315.18591999958
node_cons: 4353.71898000002
tot_aggregated_send: 2842
tot_msg_rcv: 191
tot_msg_sent: 280
tot_reconf_duration: 11.31
tot_sleeping_duration: 208775.704
tot_uptimes: 55
tot_uptimes_duration: 3240.0
