comms_cons: 122.9513151900434
finished_reconf: true
global_termination_time: 1192826.928
local_termination_time: 227205.41148000007
node_cons: 24512.317792303584
tot_aggregated_send: 15892
tot_msg_rcv: 989
tot_msg_sent: 1807
tot_reconf_duration: 6.279999999999999
tot_sleeping_duration: 1174526.8611200124
tot_uptimes: 306
tot_uptimes_duration: 18300.066879987717
