comms_cons: 122.00468479324803
finished_reconf: true
global_termination_time: 1191730.879
local_termination_time: 567651.42236
node_cons: 24618.42996446743
tot_aggregated_send: 15718
tot_msg_rcv: 1044
tot_msg_sent: 1782
tot_reconf_duration: 25.299999999999997
tot_sleeping_duration: 1173370.8546800094
tot_uptimes: 306
tot_uptimes_duration: 18360.024319990538
