comms_cons: 118.22520319414417
finished_reconf: true
global_termination_time: 1193797.774
local_termination_time: 587564.8259199993
node_cons: 24529.135305593332
tot_aggregated_send: 15950
tot_msg_rcv: 694
tot_msg_sent: 1325
tot_reconf_duration: 18.700000000000003
tot_sleeping_duration: 1175497.7436000048
tot_uptimes: 306
tot_uptimes_duration: 18300.03039999504
