comms_cons: 118.95193599541817
finished_reconf: true
global_termination_time: 1194204.03
local_termination_time: 439270.4791600003
node_cons: 24509.66976111681
tot_aggregated_send: 16472
tot_msg_rcv: 506
tot_msg_sent: 1102
tot_reconf_duration: 4.390000000000001
tot_sleeping_duration: 1175904.0239200024
tot_uptimes: 306
tot_uptimes_duration: 18300.006079997635
