comms_cons: 563.6681921026443
finished_reconf: true
global_termination_time: 5682293.408
local_termination_time: 2663920.8168399995
node_cons: 116915.58056669876
tot_aggregated_send: 78706
tot_msg_rcv: 2492
tot_msg_sent: 4475
tot_reconf_duration: 15.34
tot_sleeping_duration: 5594993.371520013
tot_uptimes: 1456
tot_uptimes_duration: 87300.03647998697
