comms_cons: 568.1926529090013
finished_reconf: true
global_termination_time: 5680933.869
local_termination_time: 282025.92628000036
node_cons: 116820.96085813032
tot_aggregated_send: 79750
tot_msg_rcv: 2155
tot_msg_sent: 4456
tot_reconf_duration: 4.8100000000000005
tot_sleeping_duration: 5593693.817560019
tot_uptimes: 1455
tot_uptimes_duration: 87240.05143998051
