comms_cons: 565.6893568877558
finished_reconf: true
global_termination_time: 5685146.445
local_termination_time: 1186160.2391999986
node_cons: 116903.2118889326
tot_aggregated_send: 79692
tot_msg_rcv: 2075
tot_msg_sent: 4214
tot_reconf_duration: 6.22
tot_sleeping_duration: 5597846.396360018
tot_uptimes: 1456
tot_uptimes_duration: 87300.04863998224
