comms_cons: 565.4138753173387
finished_reconf: true
global_termination_time: 5683711.153
local_termination_time: 1762180.1983999992
node_cons: 116910.11596781589
tot_aggregated_send: 79576
tot_msg_rcv: 2242
tot_msg_sent: 4121
tot_reconf_duration: 11.31
tot_sleeping_duration: 5596411.110440016
tot_uptimes: 1456
tot_uptimes_duration: 87300.0425599846
