comms_cons: 38.89685760039309
finished_reconf: true
global_termination_time: 386184.742
local_termination_time: 92519.42735999999
node_cons: 7888.7034033597565
tot_aggregated_send: 5162
tot_msg_rcv: 235
tot_msg_sent: 515
tot_reconf_duration: 11.31
tot_sleeping_duration: 380304.72376000026
tot_uptimes: 99
tot_uptimes_duration: 5880.018239999799
