comms_cons: 68.1414528066232
finished_reconf: true
global_termination_time: 319795.77316000086
local_termination_time: 1880.3213600000004
node_cons: 6606.37040408664
tot_aggregated_send: 0
tot_msg_rcv: 5597
tot_msg_sent: 4757
tot_reconf_duration: 18.21
tot_sleeping_duration: 314880.43243999593
tot_uptimes: 82
tot_uptimes_duration: 4915.340720004955
