comms_cons: 36.3249664000831
finished_reconf: true
global_termination_time: 363932.015
local_termination_time: 212554.96336000005
node_cons: 7480.074901121442
tot_aggregated_send: 5104
tot_msg_rcv: 131
tot_msg_sent: 286
tot_reconf_duration: 6.22
tot_sleeping_duration: 358352.00891999895
tot_uptimes: 94
tot_uptimes_duration: 5580.006080001069
