comms_cons: 270.4745407975894
finished_reconf: true
global_termination_time: 2645600.91
local_termination_time: 232599.78268000024
node_cons: 54421.07709901285
tot_aggregated_send: 34452
tot_msg_rcv: 2417
tot_msg_sent: 4241
tot_reconf_duration: 22.65
tot_sleeping_duration: 2604980.80664002
tot_uptimes: 678
tot_uptimes_duration: 40620.10335998039
