comms_cons: 263.7889535849031
finished_reconf: true
global_termination_time: 2645242.763
local_termination_time: 505299.22136
node_cons: 54396.77710893377
tot_aggregated_send: 35380
tot_msg_rcv: 1537
tot_msg_sent: 3180
tot_reconf_duration: 4.8100000000000005
tot_sleeping_duration: 2604622.7143600187
tot_uptimes: 678
tot_uptimes_duration: 40620.048639981076
