comms_cons: 271.51742079698215
finished_reconf: true
global_termination_time: 2647107.083
local_termination_time: 305688.51452000043
node_cons: 54394.42773452719
tot_aggregated_send: 34742
tot_msg_rcv: 2381
tot_msg_sent: 4146
tot_reconf_duration: 3.05
tot_sleeping_duration: 2606487.003960024
tot_uptimes: 678
tot_uptimes_duration: 40620.07903997612
