comms_cons: 265.60230398189225
finished_reconf: true
global_termination_time: 2646176.892
local_termination_time: 513675.80348000006
node_cons: 54398.6837478169
tot_aggregated_send: 35148
tot_msg_rcv: 1770
tot_msg_sent: 3452
tot_reconf_duration: 6.22
tot_sleeping_duration: 2605556.8494400163
tot_uptimes: 678
tot_uptimes_duration: 40620.04255998344
