comms_cons: 188.19801599107512
finished_reconf: true
global_termination_time: 1894843.4278399998
local_termination_time: 1894843.3867199998
node_cons: 39020.882149997684
tot_aggregated_send: 27318
tot_msg_rcv: 476
tot_msg_sent: 810
tot_reconf_duration: 24.59
tot_sleeping_duration: 1865726.5578400013
tot_uptimes: 486
tot_uptimes_duration: 29116.869999998424
