comms_cons: 292.6129085891798
finished_reconf: true
global_termination_time: 1895404.538
local_termination_time: 1040443.070359999
node_cons: 38971.456403350356
tot_aggregated_send: 0
tot_msg_rcv: 22430
tot_msg_sent: 22045
tot_reconf_duration: 4.8100000000000005
tot_sleeping_duration: 1866304.519760007
tot_uptimes: 486
tot_uptimes_duration: 29100.018239992904
