comms_cons: 432.00332803127014
finished_reconf: true
global_termination_time: 4370049.008
local_termination_time: 1969495.04336
node_cons: 89921.35684893423
tot_aggregated_send: 61074
tot_msg_rcv: 1629
tot_msg_sent: 2957
tot_reconf_duration: 15.34
tot_sleeping_duration: 4302908.959360018
tot_uptimes: 1120
tot_uptimes_duration: 67140.04863998247
