comms_cons: 429.1943040125249
finished_reconf: true
global_termination_time: 4369358.146
local_termination_time: 2877527.72536
node_cons: 89827.07022334883
tot_aggregated_send: 60320
tot_msg_rcv: 1605
tot_msg_sent: 3310
tot_reconf_duration: 5.1
tot_sleeping_duration: 4302278.127760006
tot_uptimes: 1119
tot_uptimes_duration: 67080.01823999337
