comms_cons: 446.9919104179845
finished_reconf: true
global_termination_time: 4573271.945
local_termination_time: 3128980.0072
node_cons: 94096.0248599973
tot_aggregated_send: 65598
tot_msg_rcv: 762
tot_msg_sent: 1580
tot_reconf_duration: 13.17
tot_sleeping_duration: 4503011.945
tot_uptimes: 1172
tot_uptimes_duration: 70260.0
