comms_cons: 453.9246336773614
finished_reconf: true
global_termination_time: 4574812.409
local_termination_time: 1634239.6873599999
node_cons: 94093.55596781656
tot_aggregated_send: 63046
tot_msg_rcv: 1827
tot_msg_sent: 4120
tot_reconf_duration: 11.31
tot_sleeping_duration: 4504552.366440016
tot_uptimes: 1172
tot_uptimes_duration: 70260.04255998437
