comms_cons: 561.4095488615891
finished_reconf: true
global_termination_time: 5770328.594
local_termination_time: 3457894.05284
node_cons: 118669.11394111355
tot_aggregated_send: 79460
tot_msg_rcv: 2060
tot_msg_sent: 3810
tot_reconf_duration: 5.1
tot_sleeping_duration: 5681708.587920002
tot_uptimes: 1478
tot_uptimes_duration: 88620.00607999784
