comms_cons: 438.3427520670855
finished_reconf: true
global_termination_time: 4385895.428
local_termination_time: 830416.4425999998
node_cons: 90232.51283005103
tot_aggregated_send: 61190
tot_msg_rcv: 1714
tot_msg_sent: 3723
tot_reconf_duration: 7.819999999999999
tot_sleeping_duration: 4318515.37328002
tot_uptimes: 1124
tot_uptimes_duration: 67380.05471998011
