comms_cons: 434.5822016501649
finished_reconf: true
global_termination_time: 4385316.726
local_termination_time: 984207.5003599998
node_cons: 90229.28349228577
tot_aggregated_send: 60726
tot_msg_rcv: 1777
tot_msg_sent: 3550
tot_reconf_duration: 5.43
tot_sleeping_duration: 4317936.659120023
tot_uptimes: 1124
tot_uptimes_duration: 67380.06687997631
