comms_cons: 436.2245632977482
finished_reconf: true
global_termination_time: 4299880.352479997
local_termination_time: 13086.95648
node_cons: 88482.49970100974
tot_aggregated_send: 59392
tot_msg_rcv: 2430
tot_msg_sent: 4481
tot_reconf_duration: 5.57
tot_sleeping_duration: 4233804.971120018
tot_uptimes: 1102
tot_uptimes_duration: 66075.38135997916
