comms_cons: 434.62815367195554
finished_reconf: true
global_termination_time: 4301333.738
local_termination_time: 402395.9641600003
node_cons: 88488.77067005036
tot_aggregated_send: 59566
tot_msg_rcv: 2215
tot_msg_sent: 4279
tot_reconf_duration: 25.299999999999997
tot_sleeping_duration: 4235273.683280021
tot_uptimes: 1102
tot_uptimes_duration: 66060.05471997964
