comms_cons: 434.0574976716635
finished_reconf: true
global_termination_time: 4302785.385
local_termination_time: 586300.8407999985
node_cons: 88472.30627116727
tot_aggregated_send: 59624
tot_msg_rcv: 2115
tot_msg_sent: 4235
tot_reconf_duration: 13.17
tot_sleeping_duration: 4236725.324200022
tot_uptimes: 1102
tot_uptimes_duration: 66060.06079997728
