comms_cons: 435.8091264924192
finished_reconf: true
global_termination_time: 4302036.923
local_termination_time: 1434950.9933599997
node_cons: 88467.1893478163
tot_aggregated_send: 59102
tot_msg_rcv: 2379
tot_msg_sent: 4758
tot_reconf_duration: 9.42
tot_sleeping_duration: 4235976.880440016
tot_uptimes: 1102
tot_uptimes_duration: 66060.04255998414
