comms_cons: 428.71445764343395
finished_reconf: true
global_termination_time: 4301496.693
local_termination_time: 2538354.334
node_cons: 88472.92293303482
tot_aggregated_send: 61474
tot_msg_rcv: 1314
tot_msg_sent: 2375
tot_reconf_duration: 11.899999999999999
tot_sleeping_duration: 4235434.8836400015
tot_uptimes: 1102
tot_uptimes_duration: 66061.80935999798
