comms_cons: 432.71509766715405
finished_reconf: true
global_termination_time: 4300460.952
local_termination_time: 2367821.5691199987
node_cons: 88458.53888781677
tot_aggregated_send: 60436
tot_msg_rcv: 1905
tot_msg_sent: 3429
tot_reconf_duration: 3.05
tot_sleeping_duration: 4234400.909440015
tot_uptimes: 1102
tot_uptimes_duration: 66060.0425599846
