comms_cons: 159.2070143907337
finished_reconf: true
global_termination_time: 1681657.758
local_termination_time: 5640.117000000001
node_cons: 34551.65397366207
tot_aggregated_send: 22035
tot_msg_rcv: 786
tot_msg_sent: 1379
tot_reconf_duration: 3.95
tot_sleeping_duration: 1655857.6908800132
tot_uptimes: 431
tot_uptimes_duration: 25800.067119986634
