comms_cons: 172.50565117929864
finished_reconf: true
global_termination_time: 1680653.074
local_termination_time: 4072.808
node_cons: 34555.92240269977
tot_aggregated_send: 22438
tot_msg_rcv: 1474
tot_msg_sent: 2307
tot_reconf_duration: 7.08
tot_sleeping_duration: 1654852.9935200152
tot_uptimes: 431
tot_uptimes_duration: 25800.080479984914
