comms_cons: 33.291033600266914
finished_reconf: true
global_termination_time: 326130.952
local_termination_time: 14292.50436
node_cons: 6672.410781121438
tot_aggregated_send: 4118
tot_msg_rcv: 246
tot_msg_sent: 696
tot_reconf_duration: 3.08
tot_sleeping_duration: 321150.9459199989
tot_uptimes: 84
tot_uptimes_duration: 4980.006080001069
