comms_cons: 65.87752960137345
finished_reconf: true
global_termination_time: 646718.5114799999
local_termination_time: 646718.4703599999
node_cons: 13307.867942084113
tot_aggregated_send: 8860
tot_msg_rcv: 447
tot_msg_sent: 705
tot_reconf_duration: 24.59
tot_sleeping_duration: 636804.7887599969
tot_uptimes: 166
tot_uptimes_duration: 9913.722720003047
