comms_cons: 65.73278720181744
finished_reconf: true
global_termination_time: 647553.753
local_termination_time: 122879.97847999996
node_cons: 13280.86174448575
tot_aggregated_send: 8468
tot_msg_rcv: 541
tot_msg_sent: 982
tot_reconf_duration: 18.21
tot_sleeping_duration: 637653.7286799958
tot_uptimes: 166
tot_uptimes_duration: 9900.024320004275
