comms_cons: 64.03535360095113
finished_reconf: true
global_termination_time: 648490.528
local_termination_time: 335938.4059600006
node_cons: 13343.37394112142
tot_aggregated_send: 8700
tot_msg_rcv: 270
tot_msg_sent: 763
tot_reconf_duration: 5.1
tot_sleeping_duration: 638530.521919999
tot_uptimes: 167
tot_uptimes_duration: 9960.006080001069
