comms_cons: 63.20637440051213
finished_reconf: true
global_termination_time: 647365.806
local_termination_time: 483704.1929600006
node_cons: 13273.984859999997
tot_aggregated_send: 9106
tot_msg_rcv: 174
tot_msg_sent: 327
tot_reconf_duration: 13.17
tot_sleeping_duration: 637465.806
tot_uptimes: 166
tot_uptimes_duration: 9900.0
