comms_cons: 64.0491392010411
finished_reconf: true
global_termination_time: 650726.645
local_termination_time: 215237.71520000018
node_cons: 13367.223123364303
tot_aggregated_send: 8642
tot_msg_rcv: 351
tot_msg_sent: 742
tot_reconf_duration: 22.65
tot_sleeping_duration: 640766.6267599968
tot_uptimes: 167
tot_uptimes_duration: 9960.018240003206
