comms_cons: 38.00803840033145
finished_reconf: true
global_termination_time: 371646.0304800006
local_termination_time: 258259.08236000006
node_cons: 7711.377261842264
tot_aggregated_send: 5104
tot_msg_rcv: 254
tot_msg_sent: 419
tot_reconf_duration: 18.21
tot_sleeping_duration: 365905.4419199989
tot_uptimes: 96
tot_uptimes_duration: 5740.588560001692
