comms_cons: 37.76460800075204
finished_reconf: true
global_termination_time: 372812.209
local_termination_time: 140211.53136000005
node_cons: 7639.698363364291
tot_aggregated_send: 4988
tot_msg_rcv: 232
tot_msg_sent: 520
tot_reconf_duration: 5.43
tot_sleeping_duration: 367112.19075999677
tot_uptimes: 96
tot_uptimes_duration: 5700.018240003206
