comms_cons: 11.039897599924638
finished_reconf: true
global_termination_time: 99259.34659999995
local_termination_time: 99259.30547999995
node_cons: 2060.3230017585206
tot_aggregated_send: 914
tot_msg_rcv: 220
tot_msg_sent: 543
tot_reconf_duration: 24.59
tot_sleeping_duration: 97745.58276000105
tot_uptimes: 26
tot_uptimes_duration: 1513.763839998901
