comms_cons: 11.710630399899312
finished_reconf: true
global_termination_time: 104871.532
local_termination_time: 44951.3383600001
node_cons: 2097.3845222383
tot_aggregated_send: 812
tot_msg_rcv: 271
tot_msg_sent: 697
tot_reconf_duration: 6.279999999999999
tot_sleeping_duration: 103311.51984000127
tot_uptimes: 27
tot_uptimes_duration: 1560.0121599987324
