comms_cons: 12.231359999901795
finished_reconf: true
global_termination_time: 104237.173
local_termination_time: 43541.044360000014
node_cons: 2094.826043359742
tot_aggregated_send: 812
tot_msg_rcv: 348
tot_msg_sent: 700
tot_reconf_duration: 4.390000000000001
tot_sleeping_duration: 102677.1547600002
tot_uptimes: 27
tot_uptimes_duration: 1560.0182399998012
