comms_cons: 11.219417599918621
finished_reconf: true
global_termination_time: 99540.315
local_termination_time: 52107.21336000001
node_cons: 2016.9630422383036
tot_aggregated_send: 870
tot_msg_rcv: 257
tot_msg_sent: 579
tot_reconf_duration: 6.22
tot_sleeping_duration: 98040.30284000127
tot_uptimes: 26
tot_uptimes_duration: 1500.0121599987324
