comms_cons: 298.40024320284016
finished_reconf: true
global_termination_time: 3041614.26
local_termination_time: 2060710.923
node_cons: 62541.727863192995
tot_aggregated_send: 43827
tot_msg_rcv: 462
tot_msg_sent: 1066
tot_reconf_duration: 25.299999999999997
tot_sleeping_duration: 2994932.1312000044
tot_uptimes: 779
tot_uptimes_duration: 46682.12879999564
