comms_cons: 311.30356481900964
finished_reconf: true
global_termination_time: 3040496.5242399895
local_termination_time: 4658.95672
node_cons: 62585.025936107515
tot_aggregated_send: 40426
tot_msg_rcv: 2285
tot_msg_sent: 4601
tot_reconf_duration: 11.31
tot_sleeping_duration: 2993767.8708000276
tot_uptimes: 779
tot_uptimes_duration: 46728.65343996172
