comms_cons: 167.92092159561898
finished_reconf: true
global_termination_time: 1757586.722
local_termination_time: 632052.6079199994
node_cons: 36159.53197999998
tot_aggregated_send: 24012
tot_msg_rcv: 581
tot_msg_sent: 930
tot_reconf_duration: 4.8100000000000005
tot_sleeping_duration: 1730586.722
tot_uptimes: 451
tot_uptimes_duration: 27000.0
