comms_cons: 165.64451839484556
finished_reconf: true
global_termination_time: 1760116.217
local_termination_time: 632053.0832799983
node_cons: 36158.96161999992
tot_aggregated_send: 23200
tot_msg_rcv: 749
tot_msg_sent: 1228
tot_reconf_duration: 4.390000000000001
tot_sleeping_duration: 1733116.217
tot_uptimes: 451
tot_uptimes_duration: 27000.0
