comms_cons: 152.42158078578612
finished_reconf: true
global_termination_time: 1486011.071
local_termination_time: 561383.9253599999
node_cons: 30537.76894558425
tot_aggregated_send: 20010
tot_msg_rcv: 1122
tot_msg_sent: 2036
tot_reconf_duration: 6.279999999999999
tot_sleeping_duration: 1463211.0406000118
tot_uptimes: 381
tot_uptimes_duration: 22800.030399988173
