comms_cons: 81.60714879629029
finished_reconf: true
global_termination_time: 824210.95
local_termination_time: 450899.54036000004
node_cons: 16986.10554111684
tot_aggregated_send: 11832
tot_msg_rcv: 188
tot_msg_sent: 383
tot_reconf_duration: 25.299999999999997
tot_sleeping_duration: 811550.9439200023
tot_uptimes: 212
tot_uptimes_duration: 12660.006079997635
