comms_cons: 84.09721599391295
finished_reconf: true
global_termination_time: 826228.175
local_termination_time: 93038.21727999981
node_cons: 16962.400265588793
tot_aggregated_send: 11252
tot_msg_rcv: 541
tot_msg_sent: 991
tot_reconf_duration: 7.819999999999999
tot_sleeping_duration: 813568.1446000084
tot_uptimes: 212
tot_uptimes_duration: 12660.030399991607
