comms_cons: 924.106880196617
finished_reconf: true
global_termination_time: 9288472.095
local_termination_time: 1940915.09536
node_cons: 191057.09708669607
tot_aggregated_send: 129398
tot_msg_rcv: 3627
tot_msg_sent: 7434
tot_reconf_duration: 6.279999999999999
tot_sleeping_duration: 9145792.058520013
tot_uptimes: 2379
tot_uptimes_duration: 142680.0364799872
