comms_cons: 919.2298114010171
finished_reconf: true
global_termination_time: 9292320.479
local_termination_time: 4262369.347759998
node_cons: 191151.63778021612
tot_aggregated_send: 129224
tot_msg_rcv: 3473
tot_msg_sent: 7020
tot_reconf_duration: 13.17
tot_sleeping_duration: 9149576.824840013
tot_uptimes: 2380
tot_uptimes_duration: 142743.65415998735
