comms_cons: 937.7484482904641
finished_reconf: true
global_termination_time: 9290715.098
local_termination_time: 553723.6310399984
node_cons: 191134.92402667616
tot_aggregated_send: 129282
tot_msg_rcv: 4710
tot_msg_sent: 8539
tot_reconf_duration: 4.390000000000001
tot_sleeping_duration: 9147975.021520028
tot_uptimes: 2380
tot_uptimes_duration: 142740.07647997234
