comms_cons: 926.394387425015
finished_reconf: true
global_termination_time: 9293524.875
local_termination_time: 1883119.4953599998
node_cons: 191136.29906892995
tot_aggregated_send: 130152
tot_msg_rcv: 3570
tot_msg_sent: 7084
tot_reconf_duration: 5.43
tot_sleeping_duration: 9150784.826360017
tot_uptimes: 2380
tot_uptimes_duration: 142740.0486399827
