comms_cons: 1384.809815182281
finished_reconf: true
global_termination_time: 8437875.885
local_termination_time: 2106443.61636
node_cons: 173541.35836446265
tot_aggregated_send: 0
tot_msg_rcv: 106131
tot_msg_sent: 104351
tot_reconf_duration: 5.1
tot_sleeping_duration: 8308275.860680008
tot_uptimes: 2161
tot_uptimes_duration: 129600.02431999147
