comms_cons: 844.0971202542698
finished_reconf: true
global_termination_time: 8434470.644
local_termination_time: 744705.6070799998
node_cons: 173464.77725339885
tot_aggregated_send: 116638
tot_msg_rcv: 3864
tot_msg_sent: 7794
tot_reconf_duration: 7.819999999999999
tot_sleeping_duration: 8304930.571040025
tot_uptimes: 2160
tot_uptimes_duration: 129540.07295997371
