comms_cons: 80.13338880074522
finished_reconf: true
global_termination_time: 167371.5728800009
local_termination_time: 167371.5317600009
node_cons: 10073.529349400122
tot_aggregated_send: 0
tot_msg_rcv: 4932
tot_msg_sent: 7246
tot_reconf_duration: 24.59
tot_sleeping_duration: 159873.3382800008
tot_uptimes: 123
tot_uptimes_duration: 7498.234600000074
