comms_cons: 13.159852799926554
finished_reconf: true
global_termination_time: 99289.134
local_termination_time: 12455.685040000002
node_cons: 2015.4502233594487
tot_aggregated_send: 522
tot_msg_rcv: 750
tot_msg_sent: 729
tot_reconf_duration: 5.1
tot_sleeping_duration: 97789.11576000041
tot_uptimes: 26
tot_uptimes_duration: 1500.0182399995902
