comms_cons: 12.449100799968441
finished_reconf: true
global_termination_time: 100881.761
local_termination_time: 31466.669360000004
node_cons: 2012.6989222405844
tot_aggregated_send: 580
tot_msg_rcv: 551
tot_msg_sent: 762
tot_reconf_duration: 3.08
tot_sleeping_duration: 99381.74883999956
tot_uptimes: 26
tot_uptimes_duration: 1500.012160000435
