comms_cons: 14.050431999839152
finished_reconf: true
global_termination_time: 100909.771
local_termination_time: 34069.097
node_cons: 2026.9278360808771
tot_aggregated_send: 522
tot_msg_rcv: 737
tot_msg_sent: 878
tot_reconf_duration: 9.42
tot_sleeping_duration: 99405.56227999933
tot_uptimes: 26
tot_uptimes_duration: 1504.2087200006572
