comms_cons: 13.830732799833699
finished_reconf: true
global_termination_time: 100475.544
local_termination_time: 59216.80348000002
node_cons: 2019.5812455991813
tot_aggregated_send: 522
tot_msg_rcv: 762
tot_msg_sent: 819
tot_reconf_duration: 8.129999999999999
tot_sleeping_duration: 98975.51360000062
tot_uptimes: 26
tot_uptimes_duration: 1500.0303999993848
