comms_cons: 13.231398399742947
finished_reconf: true
global_termination_time: 99731.123
local_termination_time: 49539.23568000005
node_cons: 2023.8915444788813
tot_aggregated_send: 522
tot_msg_rcv: 606
tot_msg_sent: 883
tot_reconf_duration: 11.31
tot_sleeping_duration: 98231.09868000084
tot_uptimes: 26
tot_uptimes_duration: 1500.0243199991673
