comms_cons: 15.300403200077193
finished_reconf: true
global_termination_time: 99143.036
local_termination_time: 12462.295359999998
node_cons: 2015.898363358591
tot_aggregated_send: 464
tot_msg_rcv: 860
tot_msg_sent: 1004
tot_reconf_duration: 5.43
tot_sleeping_duration: 97643.01776000105
tot_uptimes: 26
tot_uptimes_duration: 1500.0182399989499
