comms_cons: 92.84533119757478
finished_reconf: true
global_termination_time: 938198.941
local_termination_time: 546218.4532799983
node_cons: 19290.152663355162
tot_aggregated_send: 12818
tot_msg_rcv: 421
tot_msg_sent: 872
tot_reconf_duration: 6.279999999999999
tot_sleeping_duration: 923798.9227600037
tot_uptimes: 241
tot_uptimes_duration: 14400.018239996338
