comms_cons: 94.33717119826953
finished_reconf: true
global_termination_time: 937543.248
local_termination_time: 347182.4004000004
node_cons: 19289.180342233703
tot_aggregated_send: 12876
tot_msg_rcv: 533
tot_msg_sent: 929
tot_reconf_duration: 5.57
tot_sleeping_duration: 923143.2358400048
tot_uptimes: 241
tot_uptimes_duration: 14400.012159995269
