comms_cons: 67.24663039838082
finished_reconf: true
global_termination_time: 682569.635
local_termination_time: 364696.78836000006
node_cons: 14009.918700000053
tot_aggregated_send: 9686
tot_msg_rcv: 152
tot_msg_sent: 384
tot_reconf_duration: 22.65
tot_sleeping_duration: 672129.635
tot_uptimes: 175
tot_uptimes_duration: 10440.0
