comms_cons: 66.94398719919664
finished_reconf: true
global_termination_time: 679792.199
local_termination_time: 478756.47756000067
node_cons: 13985.121619999958
tot_aggregated_send: 9628
tot_msg_rcv: 188
tot_msg_sent: 359
tot_reconf_duration: 4.390000000000001
tot_sleeping_duration: 669352.199
tot_uptimes: 175
tot_uptimes_duration: 10440.0
