comms_cons: 66.91046399978576
finished_reconf: true
global_termination_time: 681747.988
local_termination_time: 259713.92576000086
node_cons: 13989.779559999992
tot_aggregated_send: 9686
tot_msg_rcv: 136
tot_msg_sent: 348
tot_reconf_duration: 7.819999999999999
tot_sleeping_duration: 671307.988
tot_uptimes: 175
tot_uptimes_duration: 10440.0
