comms_cons: 67.01573120025496
finished_reconf: true
global_termination_time: 681972.507
local_termination_time: 252766.18936000005
node_cons: 13987.606760000022
tot_aggregated_send: 9744
tot_msg_rcv: 154
tot_msg_sent: 288
tot_reconf_duration: 6.22
tot_sleeping_duration: 671532.507
tot_uptimes: 175
tot_uptimes_duration: 10440.0
