comms_cons: 134.0674943907415
finished_reconf: true
global_termination_time: 1327398.5767199988
local_termination_time: 1327398.535599999
node_cons: 27325.06978902917
tot_aggregated_send: 18024
tot_msg_rcv: 684
tot_msg_sent: 1669
tot_reconf_duration: 24.59
tot_sleeping_duration: 1307016.443360007
tot_uptimes: 340
tot_uptimes_duration: 20382.133359991873
