comms_cons: 131.8208511987605
finished_reconf: true
global_termination_time: 1329352.856
local_termination_time: 914153.7643599999
node_cons: 27333.484860000102
tot_aggregated_send: 19140
tot_msg_rcv: 328
tot_msg_sent: 568
tot_reconf_duration: 13.17
tot_sleeping_duration: 1308952.856
tot_uptimes: 341
tot_uptimes_duration: 20400.0
