comms_cons: 137.2678079920676
finished_reconf: true
global_termination_time: 1328782.039
local_termination_time: 385117.20736
node_cons: 27321.602325584143
tot_aggregated_send: 17690
tot_msg_rcv: 1138
tot_msg_sent: 2035
tot_reconf_duration: 4.390000000000001
tot_sleeping_duration: 1308382.008600012
tot_uptimes: 341
tot_uptimes_duration: 20400.030399988173
