comms_cons: 59.62133759976804
finished_reconf: true
global_termination_time: 588835.623
local_termination_time: 150596.22328000033
node_cons: 12059.552663359707
tot_aggregated_send: 8062
tot_msg_rcv: 364
tot_msg_sent: 636
tot_reconf_duration: 6.279999999999999
tot_sleeping_duration: 579835.6047600002
tot_uptimes: 151
tot_uptimes_duration: 9000.018239999772
