comms_cons: 60.97790719955055
finished_reconf: true
global_termination_time: 589079.867
local_termination_time: 160668.11736000006
node_cons: 12057.556403364306
tot_aggregated_send: 7482
tot_msg_rcv: 565
tot_msg_sent: 1223
tot_reconf_duration: 4.8100000000000005
tot_sleeping_duration: 580079.8487599967
tot_uptimes: 151
tot_uptimes_duration: 9000.018240003206
