comms_cons: 117.17555199627789
finished_reconf: true
global_termination_time: 1171906.102
local_termination_time: 326923.2743600001
node_cons: 24126.729180000068
tot_aggregated_send: 16646
tot_msg_rcv: 427
tot_msg_sent: 737
tot_reconf_duration: 18.21
tot_sleeping_duration: 1153906.102
tot_uptimes: 301
tot_uptimes_duration: 18000.0
