comms_cons: 116.24593919498322
finished_reconf: true
global_termination_time: 1169932.08648
local_termination_time: 362239.473240001
node_cons: 24046.316129836698
tot_aggregated_send: 16530
tot_msg_rcv: 320
tot_msg_sent: 818
tot_reconf_duration: 3.05
tot_sleeping_duration: 1151976.7659200027
tot_uptimes: 300
tot_uptimes_duration: 17955.32055999746
