comms_cons: 117.49793278954402
finished_reconf: true
global_termination_time: 1156754.848
local_termination_time: 136929.8054400002
node_cons: 23805.450591182143
tot_aggregated_send: 15776
tot_msg_rcv: 695
tot_msg_sent: 1388
tot_reconf_duration: 18.21
tot_sleeping_duration: 1138994.7872000134
tot_uptimes: 297
tot_uptimes_duration: 17760.060799986648
