comms_cons: 115.91297279284164
finished_reconf: true
global_termination_time: 1156536.544
local_termination_time: 492124.3246800007
node_cons: 23787.212685584196
tot_aggregated_send: 16008
tot_msg_rcv: 446
tot_msg_sent: 1165
tot_reconf_duration: 4.8100000000000005
tot_sleeping_duration: 1138776.5136000118
tot_uptimes: 297
tot_uptimes_duration: 17760.030399988173
