comms_cons: 226.00209906812552
finished_reconf: true
global_termination_time: 1155478.911
local_termination_time: 725901.231479998
node_cons: 23711.401514951038
tot_aggregated_send: 0
tot_msg_rcv: 17241
tot_msg_sent: 17110
tot_reconf_duration: 6.22
tot_sleeping_duration: 1137776.928360007
tot_uptimes: 296
tot_uptimes_duration: 17701.98263999319
