comms_cons: 13.33791999977724
finished_reconf: true
global_termination_time: 112446.826
local_termination_time: 19083.46236
node_cons: 2270.3924255977536
tot_aggregated_send: 812
tot_msg_rcv: 407
tot_msg_sent: 810
tot_reconf_duration: 15.34
tot_sleeping_duration: 110766.79560000167
tot_uptimes: 29
tot_uptimes_duration: 1680.0303999983225
