comms_cons: 12.583756799737262
finished_reconf: true
global_termination_time: 110469.336
local_termination_time: 60731.36608000013
node_cons: 2285.28367135847
tot_aggregated_send: 1102
tot_msg_rcv: 305
tot_msg_sent: 504
tot_reconf_duration: 25.299999999999997
tot_sleeping_duration: 108788.28576000113
tot_uptimes: 29
tot_uptimes_duration: 1681.0502399988545
