comms_cons: 13.131110399763763
finished_reconf: true
global_termination_time: 112394.652
local_termination_time: 53085.03248000001
node_cons: 2280.3031233597253
tot_aggregated_send: 928
tot_msg_rcv: 385
tot_msg_sent: 682
tot_reconf_duration: 22.65
tot_sleeping_duration: 110714.6337600002
tot_uptimes: 29
tot_uptimes_duration: 1680.0182399998012
