comms_cons: 752.7079489879799
finished_reconf: true
global_termination_time: 7578979.479
local_termination_time: 2812650.1093599997
node_cons: 155893.99810558016
tot_aggregated_send: 104342
tot_msg_rcv: 3266
tot_msg_sent: 6800
tot_reconf_duration: 25.299999999999997
tot_sleeping_duration: 7462579.448600011
tot_uptimes: 1941
tot_uptimes_duration: 116400.03039998934
