comms_cons: 765.20000021838
finished_reconf: true
global_termination_time: 7582587.403
local_termination_time: 109355.08535999997
node_cons: 155946.5778145249
tot_aggregated_send: 105154
tot_msg_rcv: 3829
tot_msg_sent: 7322
tot_reconf_duration: 4.8100000000000005
tot_sleeping_duration: 7466127.323960022
tot_uptimes: 1942
tot_uptimes_duration: 116460.07903997775
