comms_cons: 762.4024706319594
finished_reconf: true
global_termination_time: 7580890.926
local_termination_time: 626617.30736
node_cons: 155944.15517004815
tot_aggregated_send: 104458
tot_msg_rcv: 3840
tot_msg_sent: 7581
tot_reconf_duration: 3.05
tot_sleeping_duration: 7464430.871280019
tot_uptimes: 1942
tot_uptimes_duration: 116460.05471998011
