comms_cons: 754.3836609668422
finished_reconf: true
global_termination_time: 7578267.869
local_termination_time: 1964399.84236
node_cons: 155875.03225004877
tot_aggregated_send: 104690
tot_msg_rcv: 3299
tot_msg_sent: 6673
tot_reconf_duration: 11.31
tot_sleeping_duration: 7461867.81428002
tot_uptimes: 1941
tot_uptimes_duration: 116400.05471998057
