comms_cons: 400.5364608300557
finished_reconf: true
global_termination_time: 4071122.813
local_termination_time: 2476647.0253600003
node_cons: 83722.84894558332
tot_aggregated_send: 55796
tot_msg_rcv: 1773
tot_msg_sent: 3309
tot_reconf_duration: 6.279999999999999
tot_sleeping_duration: 4008602.782600011
tot_uptimes: 1043
tot_uptimes_duration: 62520.03039998887
