comms_cons: 412.826489703562
finished_reconf: true
global_termination_time: 4072572.847
local_termination_time: 400553.0396000001
node_cons: 83729.23965228428
tot_aggregated_send: 56028
tot_msg_rcv: 2304
tot_msg_sent: 4411
tot_reconf_duration: 10.95
tot_sleeping_duration: 4010052.7801200254
tot_uptimes: 1043
tot_uptimes_duration: 62520.06687997491
