comms_cons: 405.6928512332605
finished_reconf: true
global_termination_time: 4072010.754
local_termination_time: 453317.63360000093
node_cons: 83723.27911469009
tot_aggregated_send: 56550
tot_msg_rcv: 1763
tot_msg_sent: 3351
tot_reconf_duration: 4.390000000000001
tot_sleeping_duration: 4009488.485520021
tot_uptimes: 1043
tot_uptimes_duration: 62522.268479979306
