comms_cons: 212.83243516768636
finished_reconf: true
global_termination_time: 2062524.177
local_termination_time: 384926.6603600001
node_cons: 42450.368252294014
tot_aggregated_send: 26738
tot_msg_rcv: 1954
tot_msg_sent: 3657
tot_reconf_duration: 22.65
tot_sleeping_duration: 2030844.110120019
tot_uptimes: 529
tot_uptimes_duration: 31680.066879980848
