comms_cons: 210.87580157432384
finished_reconf: true
global_termination_time: 2063391.666
local_termination_time: 681460.6329999991
node_cons: 42423.71074670529
tot_aggregated_send: 27898
tot_msg_rcv: 1419
tot_msg_sent: 2735
tot_reconf_duration: 3.05
tot_sleeping_duration: 2031711.6295200107
tot_uptimes: 529
tot_uptimes_duration: 31680.03647998924
