comms_cons: 196.77729279158757
finished_reconf: true
global_termination_time: 2062401.839
local_termination_time: 1091703.037879999
node_cons: 42427.98304223326
tot_aggregated_send: 28014
tot_msg_rcv: 598
tot_msg_sent: 1297
tot_reconf_duration: 6.22
tot_sleeping_duration: 2030721.8268400047
tot_uptimes: 529
tot_uptimes_duration: 31680.01215999527
