comms_cons: 404.72474845427683
finished_reconf: true
global_termination_time: 2061307.1735999999
local_termination_time: 331.3050399999995
node_cons: 42375.11641063316
tot_aggregated_send: 0
tot_msg_rcv: 30945
tot_msg_sent: 30569
tot_reconf_duration: 11.31
tot_sleeping_duration: 2029671.8058400047
tot_uptimes: 528
tot_uptimes_duration: 31635.367759995162
