comms_cons: 202.75778559482953
finished_reconf: true
global_termination_time: 2064127.533
local_termination_time: 872700.1190799986
node_cons: 42440.351719999584
tot_aggregated_send: 30102
tot_msg_rcv: 208
tot_msg_sent: 508
tot_reconf_duration: 15.34
tot_sleeping_duration: 2032447.533
tot_uptimes: 529
tot_uptimes_duration: 31680.0
