comms_cons: 140.10982397953939
finished_reconf: true
global_termination_time: 1333031.219
local_termination_time: 258536.63676000043
node_cons: 27416.869413425018
tot_aggregated_send: 16704
tot_msg_rcv: 1514
tot_msg_sent: 3079
tot_reconf_duration: 15.34
tot_sleeping_duration: 1312571.1460400114
tot_uptimes: 342
tot_uptimes_duration: 20460.072959988785
