comms_cons: 133.44556799111137
finished_reconf: true
global_termination_time: 1332920.433
local_termination_time: 291783.91599999997
node_cons: 27440.631732401296
tot_aggregated_send: 18442
tot_msg_rcv: 508
tot_msg_sent: 1333
tot_reconf_duration: 18.700000000000003
tot_sleeping_duration: 1312446.0213999988
tot_uptimes: 342
tot_uptimes_duration: 20474.41160000098
