comms_cons: 132.11033599567563
finished_reconf: true
global_termination_time: 1335047.837
local_termination_time: 667171.2483599999
node_cons: 27412.100200000074
tot_aggregated_send: 19140
tot_msg_rcv: 313
tot_msg_sent: 627
tot_reconf_duration: 11.899999999999999
tot_sleeping_duration: 1314587.837
tot_uptimes: 342
tot_uptimes_duration: 20460.0
