comms_cons: 134.88268799226287
finished_reconf: true
global_termination_time: 1334052.538
local_termination_time: 84272.47251999978
node_cons: 27402.553391186757
tot_aggregated_send: 18328
tot_msg_rcv: 713
tot_msg_sent: 1462
tot_reconf_duration: 4.8100000000000005
tot_sleeping_duration: 1313592.4772000099
tot_uptimes: 342
tot_uptimes_duration: 20460.060799990082
