comms_cons: 128.84110079853536
finished_reconf: true
global_termination_time: 1320020.776
local_termination_time: 7438.4039999999995
node_cons: 27162.763801119196
tot_aggregated_send: 19075
tot_msg_rcv: 153
tot_msg_sent: 355
tot_reconf_duration: 5.77
tot_sleeping_duration: 1299740.7699200006
tot_uptimes: 339
tot_uptimes_duration: 20280.006079999366
