comms_cons: 400.50311039151535
finished_reconf: true
global_termination_time: 4193504.095
local_termination_time: 2304623.0657200003
node_cons: 86213.36452223206
tot_aggregated_send: 57246
tot_msg_rcv: 1201
tot_msg_sent: 2426
tot_reconf_duration: 6.279999999999999
tot_sleeping_duration: 4129124.0828400045
tot_uptimes: 1074
tot_uptimes_duration: 64380.0121599955
