comms_cons: 406.0492479962195
finished_reconf: true
global_termination_time: 4191155.336
local_termination_time: 2167927.33736
node_cons: 86211.75394111469
tot_aggregated_send: 58464
tot_msg_rcv: 979
tot_msg_sent: 2274
tot_reconf_duration: 5.1
tot_sleeping_duration: 4126775.3299200023
tot_uptimes: 1074
tot_uptimes_duration: 64380.006079997635
