comms_cons: 407.32724480932535
finished_reconf: true
global_termination_time: 4191171.788
local_termination_time: 1770867.7784799999
node_cons: 86222.72928334908
tot_aggregated_send: 58464
tot_msg_rcv: 1131
tot_msg_sent: 2317
tot_reconf_duration: 13.17
tot_sleeping_duration: 4126791.7697600066
tot_uptimes: 1074
tot_uptimes_duration: 64380.0182399936
