comms_cons: 406.18300801176724
finished_reconf: true
global_termination_time: 4191273.352
local_termination_time: 1414210.393719999
node_cons: 86215.83878446612
tot_aggregated_send: 58580
tot_msg_rcv: 1125
tot_msg_sent: 2032
tot_reconf_duration: 8.09
tot_sleeping_duration: 4126893.327680009
tot_uptimes: 1074
tot_uptimes_duration: 64380.02431999124
