comms_cons: 422.4507392527844
finished_reconf: true
global_termination_time: 4190266.133
local_termination_time: 466316.6293600001
node_cons: 86219.77151117193
tot_aggregated_send: 58232
tot_msg_rcv: 1973
tot_msg_sent: 4004
tot_reconf_duration: 10.95
tot_sleeping_duration: 4125886.0722000194
tot_uptimes: 1074
tot_uptimes_duration: 64380.06079998071
