comms_cons: 419.0953984652709
finished_reconf: true
global_termination_time: 4192509.899
local_termination_time: 990538.5033999992
node_cons: 86210.86303116797
tot_aggregated_send: 57826
tot_msg_rcv: 2023
tot_msg_sent: 3851
tot_reconf_duration: 4.390000000000001
tot_sleeping_duration: 4128129.8382000225
tot_uptimes: 1074
tot_uptimes_duration: 64380.06079997774
