comms_cons: 405.46951679582406
finished_reconf: true
global_termination_time: 4189249.205
local_termination_time: 2051871.619639998
node_cons: 86131.87022223162
tot_aggregated_send: 58058
tot_msg_rcv: 1104
tot_msg_sent: 2467
tot_reconf_duration: 5.43
tot_sleeping_duration: 4124929.192840005
tot_uptimes: 1073
tot_uptimes_duration: 64320.0121599955
