comms_cons: 189.7836031980441
finished_reconf: true
global_termination_time: 1944288.743
local_termination_time: 961073.5903599999
node_cons: 39946.8648599998
tot_aggregated_send: 27956
tot_msg_rcv: 284
tot_msg_sent: 606
tot_reconf_duration: 13.17
tot_sleeping_duration: 1914468.743
tot_uptimes: 498
tot_uptimes_duration: 29820.0
