comms_cons: 193.84954878591745
finished_reconf: true
global_termination_time: 1938878.38124
local_termination_time: 141879.2974000008
node_cons: 39884.427513831724
tot_aggregated_send: 26912
tot_msg_rcv: 926
tot_msg_sent: 1626
tot_reconf_duration: 11.31
tot_sleeping_duration: 1909103.124680006
tot_uptimes: 497
tot_uptimes_duration: 29775.256559994014
