comms_cons: 189.19868159484193
finished_reconf: true
global_termination_time: 1939962.84
local_termination_time: 556793.0549999999
node_cons: 39859.81509319346
tot_aggregated_send: 27896
tot_msg_rcv: 274
tot_msg_sent: 587
tot_reconf_duration: 5.43
tot_sleeping_duration: 1910200.0012000047
tot_uptimes: 497
tot_uptimes_duration: 29762.83879999537
