comms_cons: 48.96842239987069
finished_reconf: true
global_termination_time: 13119.299240000002
local_termination_time: 897.8844799999991
node_cons: 5249.985256560069
tot_aggregated_send: 0
tot_msg_rcv: 3907
tot_msg_sent: 3535
tot_reconf_duration: 18.21
tot_sleeping_duration: 9216.942199999952
tot_uptimes: 56
tot_uptimes_duration: 3902.35704000005
