comms_cons: 1.6645375999987215
finished_reconf: true
global_termination_time: 18153.956
local_termination_time: 11393.93736
node_cons: 331.97955999999965
tot_aggregated_send: 0
tot_msg_rcv: 130
tot_msg_sent: 123
tot_reconf_duration: 7.819999999999999
tot_sleeping_duration: 17913.956
tot_uptimes: 5
tot_uptimes_duration: 240.0
