comms_cons: 55.70608640144841
finished_reconf: true
global_termination_time: 561371.441
local_termination_time: 131443.92760000055
node_cons: 11509.492425607164
tot_aggregated_send: 7308
tot_msg_rcv: 412
tot_msg_sent: 747
tot_reconf_duration: 15.34
tot_sleeping_duration: 552791.4105999946
tot_uptimes: 144
tot_uptimes_duration: 8580.030400005344
