comms_cons: 57.08834560044524
finished_reconf: true
global_termination_time: 562358.715
local_termination_time: 195874.12148000006
node_cons: 11576.532201121456
tot_aggregated_send: 7540
tot_msg_rcv: 382
tot_msg_sent: 755
tot_reconf_duration: 5.57
tot_sleeping_duration: 553718.7089199988
tot_uptimes: 145
tot_uptimes_duration: 8640.006080001069
