comms_cons: 56.14689280046669
finished_reconf: true
global_termination_time: 562652.462
local_termination_time: 329701.51836000005
node_cons: 11585.128341121399
tot_aggregated_send: 7830
tot_msg_rcv: 203
tot_msg_sent: 501
tot_reconf_duration: 11.899999999999999
tot_sleeping_duration: 554012.455919999
tot_uptimes: 145
tot_uptimes_duration: 8640.006080001069
