comms_cons: 1193.5849183187006
finished_reconf: true
global_termination_time: 6037678.361159996
local_termination_time: 3619.2084800000002
node_cons: 124304.47854516732
tot_aggregated_send: 0
tot_msg_rcv: 91705
tot_msg_sent: 89710
tot_reconf_duration: 18.21
tot_sleeping_duration: 5944863.014360017
tot_uptimes: 1547
tot_uptimes_duration: 92815.34679997852
