comms_cons: 612.0526209553262
finished_reconf: true
global_termination_time: 6037678.101119997
local_termination_time: 125141.85459999995
node_cons: 124256.84544420174
tot_aggregated_send: 83114
tot_msg_rcv: 3391
tot_msg_sent: 6521
tot_reconf_duration: 22.65
tot_sleeping_duration: 5944902.830960023
tot_uptimes: 1547
tot_uptimes_duration: 92775.27015997435
