comms_cons: 588.5597824072703
finished_reconf: true
global_termination_time: 6038516.212
local_termination_time: 3768828.02236
node_cons: 124221.80019999595
tot_aggregated_send: 87058
tot_msg_rcv: 768
tot_msg_sent: 1631
tot_reconf_duration: 11.899999999999999
tot_sleeping_duration: 5945756.212
tot_uptimes: 1547
tot_uptimes_duration: 92760.0
