comms_cons: 606.1326401287839
finished_reconf: true
global_termination_time: 6038811.162
local_termination_time: 525408.871
node_cons: 124209.87145228287
tot_aggregated_send: 84156
tot_msg_rcv: 2711
tot_msg_sent: 5259
tot_reconf_duration: 3.05
tot_sleeping_duration: 5946051.095120024
tot_uptimes: 1547
tot_uptimes_duration: 92760.06687997514
