comms_cons: 603.2271105444278
finished_reconf: true
global_termination_time: 6038716.463
local_termination_time: 2345052.9440399995
node_cons: 124213.07092781633
tot_aggregated_send: 82708
tot_msg_rcv: 2892
tot_msg_sent: 6087
tot_reconf_duration: 5.43
tot_sleeping_duration: 5945956.420440015
tot_uptimes: 1547
tot_uptimes_duration: 92760.04255998507
