comms_cons: 143.36797439406686
finished_reconf: true
global_termination_time: 1447026.481
local_termination_time: 853476.9223599999
node_cons: 29746.319380000026
tot_aggregated_send: 20822
tot_msg_rcv: 344
tot_msg_sent: 626
tot_reconf_duration: 15.110000000000001
tot_sleeping_duration: 1424826.481
tot_uptimes: 371
tot_uptimes_duration: 22200.0
