comms_cons: 146.37432318347288
finished_reconf: true
global_termination_time: 1448052.025
local_termination_time: 266071.40436
node_cons: 29731.85931340657
tot_aggregated_send: 19488
tot_msg_rcv: 777
tot_msg_sent: 1985
tot_reconf_duration: 4.390000000000001
tot_sleeping_duration: 1425851.9520400248
tot_uptimes: 371
tot_uptimes_duration: 22200.07295997505
