comms_cons: 287.35413739655394
finished_reconf: true
global_termination_time: 1447215.229
local_termination_time: 450896.20248000004
node_cons: 29734.295606701
tot_aggregated_send: 0
tot_msg_rcv: 22209
tot_msg_sent: 21468
tot_reconf_duration: 6.22
tot_sleeping_duration: 1425015.1925200142
tot_uptimes: 371
tot_uptimes_duration: 22200.036479985807
