comms_cons: 59.408742405470846
finished_reconf: true
global_termination_time: 282178.0487200001
local_termination_time: 282178.00760000007
node_cons: 5836.382484805305
tot_aggregated_send: 0
tot_msg_rcv: 4822
tot_msg_sent: 4206
tot_reconf_duration: 24.59
tot_sleeping_duration: 277844.22551999614
tot_uptimes: 73
tot_uptimes_duration: 4333.82320000395
