comms_cons: 29.19191040043063
finished_reconf: true
global_termination_time: 285410.95
local_termination_time: 46500.843960000035
node_cons: 5899.185541119161
tot_aggregated_send: 3828
tot_msg_rcv: 225
tot_msg_sent: 384
tot_reconf_duration: 25.299999999999997
tot_sleeping_duration: 281030.94392000063
tot_uptimes: 74
tot_uptimes_duration: 4380.006079999366
