comms_cons: 92.51013119998602
finished_reconf: true
global_termination_time: 932932.943
local_termination_time: 721015.1185599986
node_cons: 19125.06190000009
tot_aggregated_send: 13108
tot_msg_rcv: 283
tot_msg_sent: 670
tot_reconf_duration: 3.05
tot_sleeping_duration: 918652.943
tot_uptimes: 239
tot_uptimes_duration: 14280.0
