comms_cons: 97.26994559104216
finished_reconf: true
global_termination_time: 931893.961
local_termination_time: 193830.3665200004
node_cons: 19129.399324481154
tot_aggregated_send: 11948
tot_msg_rcv: 1040
tot_msg_sent: 1796
tot_reconf_duration: 6.22
tot_sleeping_duration: 917613.9366799991
tot_uptimes: 239
tot_uptimes_duration: 14280.02432000084
