comms_cons: 94.05918079617705
finished_reconf: true
global_termination_time: 930421.161
local_termination_time: 64655.52848000001
node_cons: 19136.344108959995
tot_aggregated_send: 12470
tot_msg_rcv: 557
tot_msg_sent: 1270
tot_reconf_duration: 11.31
tot_sleeping_duration: 916141.11236
tot_uptimes: 239
tot_uptimes_duration: 14280.048639999979
