comms_cons: 44.665420801394404
finished_reconf: true
global_termination_time: 416406.0944800001
local_termination_time: 416406.0533600001
node_cons: 8567.856788808438
tot_aggregated_send: 5032
tot_msg_rcv: 629
tot_msg_sent: 1127
tot_reconf_duration: 24.59
tot_sleeping_duration: 410032.3352799938
tot_uptimes: 107
tot_uptimes_duration: 6373.759200006287
