comms_cons: 43.028595200685345
finished_reconf: true
global_termination_time: 418781.675
local_termination_time: 84952.50535999997
node_cons: 8603.33836448574
tot_aggregated_send: 5510
tot_msg_rcv: 333
tot_msg_sent: 698
tot_reconf_duration: 5.1
tot_sleeping_duration: 412361.6506799957
tot_uptimes: 108
tot_uptimes_duration: 6420.024320004275
