comms_cons: 43.022016000124125
finished_reconf: true
global_termination_time: 420187.537
local_termination_time: 201117.17348000052
node_cons: 8602.92012111916
tot_aggregated_send: 5626
tot_msg_rcv: 335
tot_msg_sent: 579
tot_reconf_duration: 4.8100000000000005
tot_sleeping_duration: 413767.53092000063
tot_uptimes: 108
tot_uptimes_duration: 6420.006079999366
