comms_cons: 42.70976640043941
finished_reconf: true
global_termination_time: 421407.163
local_termination_time: 97973.69035999998
node_cons: 8611.763403364319
tot_aggregated_send: 5626
tot_msg_rcv: 289
tot_msg_sent: 576
tot_reconf_duration: 11.31
tot_sleeping_duration: 414987.1447599968
tot_uptimes: 108
tot_uptimes_duration: 6420.018240003206
