comms_cons: 100.22095359901748
finished_reconf: true
global_termination_time: 1069640.042
local_termination_time: 7305.149
node_cons: 21948.743901116864
tot_aggregated_send: 14952
tot_msg_rcv: 76
tot_msg_sent: 205
tot_reconf_duration: 11.719999999999999
tot_sleeping_duration: 1053260.0359200023
tot_uptimes: 274
tot_uptimes_duration: 16380.006079997635
