comms_cons: 189.8015872216622
finished_reconf: true
global_termination_time: 393301.8636000001
local_termination_time: 393301.8224800001
node_cons: 23815.598767928524
tot_aggregated_send: 0
tot_msg_rcv: 11700
tot_msg_sent: 17149
tot_reconf_duration: 37.410000000000004
tot_sleeping_duration: 375553.69631999376
tot_uptimes: 289
tot_uptimes_duration: 17748.167280006335
