comms_cons: 40.06669440023104
finished_reconf: true
global_termination_time: 393703.02
local_termination_time: 127898.12195999992
node_cons: 8046.834458165003
tot_aggregated_send: 5162
tot_msg_rcv: 291
tot_msg_sent: 637
tot_reconf_duration: 9.42
tot_sleeping_duration: 387702.9885599963
tot_uptimes: 101
tot_uptimes_duration: 6000.031440003731
