comms_cons: 110.00681599073715
finished_reconf: true
global_termination_time: 1074307.141
local_termination_time: 273944.38136
node_cons: 22099.510466710162
tot_aggregated_send: 14210
tot_msg_rcv: 763
tot_msg_sent: 1747
tot_reconf_duration: 4.390000000000001
tot_sleeping_duration: 1057807.1045200075
tot_uptimes: 276
tot_uptimes_duration: 16500.036479992676
