comms_cons: 96.95767039524505
finished_reconf: true
global_termination_time: 998051.393
local_termination_time: 333884.38536
node_cons: 20521.065541116848
tot_aggregated_send: 13398
tot_msg_rcv: 454
tot_msg_sent: 885
tot_reconf_duration: 25.299999999999997
tot_sleeping_duration: 982751.3869200024
tot_uptimes: 256
tot_uptimes_duration: 15300.006079997635
