comms_cons: 60.048985600203835
finished_reconf: true
global_termination_time: 612327.928
local_termination_time: 5374.945
node_cons: 12565.5396422406
tot_aggregated_send: 8735
tot_msg_rcv: 100
tot_msg_sent: 292
tot_reconf_duration: 23.919999999999998
tot_sleeping_duration: 602967.9158399994
tot_uptimes: 157
tot_uptimes_duration: 9360.012160000435
