comms_cons: 24.514099200198785
finished_reconf: true
global_termination_time: 244144.041
local_termination_time: 62799.96832000004
node_cons: 4996.438980000001
tot_aggregated_send: 3364
tot_msg_rcv: 140
tot_msg_sent: 222
tot_reconf_duration: 11.31
tot_sleeping_duration: 240424.041
tot_uptimes: 63
tot_uptimes_duration: 3720.0
