comms_cons: 103.49109759687316
finished_reconf: true
global_termination_time: 1039050.035999998
local_termination_time: 1039050.035999998
node_cons: 21488.30301735248
tot_aggregated_send: 14790
tot_msg_rcv: 253
tot_msg_sent: 688
tot_reconf_duration: 24.59
tot_sleeping_duration: 1023026.9517600036
tot_uptimes: 267
tot_uptimes_duration: 16023.08423999435
