comms_cons: 101.53679359557994
finished_reconf: true
global_termination_time: 1039078.744
local_termination_time: 518429.1719600001
node_cons: 21404.80554111685
tot_aggregated_send: 13920
tot_msg_rcv: 614
tot_msg_sent: 899
tot_reconf_duration: 25.299999999999997
tot_sleeping_duration: 1023118.7379200023
tot_uptimes: 267
tot_uptimes_duration: 15960.006079997635
