comms_cons: 160.8202047894446
finished_reconf: true
global_termination_time: 1607652.958
local_termination_time: 330618.7482000002
node_cons: 33050.51498223374
tot_aggregated_send: 22678
tot_msg_rcv: 622
tot_msg_sent: 1143
tot_reconf_duration: 22.65
tot_sleeping_duration: 1582992.9458400048
tot_uptimes: 412
tot_uptimes_duration: 24660.01215999527
