comms_cons: 161.17066239231224
finished_reconf: true
global_termination_time: 1604519.112
local_termination_time: 13573.163440000002
node_cons: 32945.4023255934
tot_aggregated_send: 22446
tot_msg_rcv: 712
tot_msg_sent: 1339
tot_reconf_duration: 4.390000000000001
tot_sleeping_duration: 1579919.081600005
tot_uptimes: 411
tot_uptimes_duration: 24600.03039999504
