comms_cons: 163.25031678908064
finished_reconf: true
global_termination_time: 1605319.613
local_termination_time: 134307.65648000003
node_cons: 33030.37584223828
tot_aggregated_send: 21982
tot_msg_rcv: 976
tot_msg_sent: 1856
tot_reconf_duration: 7.819999999999999
tot_sleeping_duration: 1580659.6008400011
tot_uptimes: 412
tot_uptimes_duration: 24660.01215999871
