comms_cons: 56.52848640020592
finished_reconf: true
global_termination_time: 563780.105
local_termination_time: 361239.2833200006
node_cons: 11575.885799999985
tot_aggregated_send: 7888
tot_msg_rcv: 244
tot_msg_sent: 460
tot_reconf_duration: 5.1
tot_sleeping_duration: 555140.105
tot_uptimes: 145
tot_uptimes_duration: 8640.0
