comms_cons: 51.133542400509825
finished_reconf: true
global_termination_time: 522108.783
local_termination_time: 317180.80436000007
node_cons: 10709.949180000043
tot_aggregated_send: 7366
tot_msg_rcv: 131
tot_msg_sent: 275
tot_reconf_duration: 18.21
tot_sleeping_duration: 514128.783
tot_uptimes: 134
tot_uptimes_duration: 7980.0
