comms_cons: 54.581670401764455
finished_reconf: true
global_termination_time: 519626.8404800001
local_termination_time: 519626.79936000006
node_cons: 10737.028647689292
tot_aggregated_send: 6598
tot_msg_rcv: 576
tot_msg_sent: 1122
tot_reconf_duration: 24.59
tot_sleeping_duration: 511633.08735999314
tot_uptimes: 134
tot_uptimes_duration: 7993.753120006921
