comms_cons: 88.72709119776741
finished_reconf: true
global_termination_time: 920034.863
local_termination_time: 7264.617
node_cons: 18888.68896223829
tot_aggregated_send: 12521
tot_msg_rcv: 352
tot_msg_sent: 613
tot_reconf_duration: 6.46
tot_sleeping_duration: 905934.8508400014
tot_uptimes: 236
tot_uptimes_duration: 14100.012159998703
