comms_cons: 868.827647298162
finished_reconf: true
global_termination_time: 2382194.484
local_termination_time: 1578549.8405999998
node_cons: 144854.0018573466
tot_aggregated_send: 0
tot_msg_rcv: 53374
tot_msg_sent: 78681
tot_reconf_duration: 5.57
tot_sleeping_duration: 2274019.399760007
tot_uptimes: 1773
tot_uptimes_duration: 108175.08423999338
