comms_cons: 236.2238719874773
finished_reconf: true
global_termination_time: 2383196.234
local_termination_time: 1419119.5050000001
node_cons: 49030.24419462983
tot_aggregated_send: 33053
tot_msg_rcv: 992
tot_msg_sent: 1858
tot_reconf_duration: 13.17
tot_sleeping_duration: 2346592.530240007
tot_uptimes: 611
tot_uptimes_duration: 36603.70375999296
