comms_cons: 237.72733438474623
finished_reconf: true
global_termination_time: 2382654.642
local_termination_time: 1057563.8743599998
node_cons: 49020.216783349744
tot_aggregated_send: 32944
tot_msg_rcv: 1128
tot_msg_sent: 2062
tot_reconf_duration: 9.42
tot_sleeping_duration: 2346054.6237600073
tot_uptimes: 611
tot_uptimes_duration: 36600.0182399929
