comms_cons: 239.658048001455
finished_reconf: true
global_termination_time: 2382984.848
local_termination_time: 272916.1660800006
node_cons: 49014.0052500556
tot_aggregated_send: 33234
tot_msg_rcv: 1031
tot_msg_sent: 2158
tot_reconf_duration: 4.8100000000000005
tot_sleeping_duration: 2346384.793280018
tot_uptimes: 611
tot_uptimes_duration: 36600.05471998226
