comms_cons: 10.276710399995629
finished_reconf: true
global_termination_time: 3559.345720000002
local_termination_time: 3559.304600000002
node_cons: 1196.2755140800025
tot_aggregated_send: 0
tot_msg_rcv: 707
tot_msg_sent: 853
tot_reconf_duration: 24.59
tot_sleeping_duration: 2690.8750000000005
tot_uptimes: 13
tot_uptimes_duration: 868.4707200000014
