comms_cons: 97.17158399893846
finished_reconf: true
global_termination_time: 982494.26
local_termination_time: 592917.1313599978
node_cons: 20254.96526415389
tot_aggregated_send: 14326
tot_msg_rcv: 157
tot_msg_sent: 286
tot_reconf_duration: 5.57
tot_sleeping_duration: 967372.9745600045
tot_uptimes: 252
tot_uptimes_duration: 15121.285439995467
