comms_cons: 193.35150070868784
finished_reconf: true
global_termination_time: 986553.395
local_termination_time: 649507.7104799999
node_cons: 20254.143042233813
tot_aggregated_send: 0
tot_msg_rcv: 14773
tot_msg_sent: 14616
tot_reconf_duration: 6.22
tot_sleeping_duration: 971433.3828400047
tot_uptimes: 253
tot_uptimes_duration: 15120.012159995269
