comms_cons: 2.1185023999972206
finished_reconf: true
global_termination_time: 11943.151
local_termination_time: 6597.9093600000015
node_cons: 247.94579999999928
tot_aggregated_send: 0
tot_msg_rcv: 166
tot_msg_sent: 156
tot_reconf_duration: 5.1
tot_sleeping_duration: 11763.151
tot_uptimes: 4
tot_uptimes_duration: 180.0
