comms_cons: 81.41227519758428
finished_reconf: true
global_termination_time: 817168.269
local_termination_time: 184758.2260000009
node_cons: 16798.4827867148
tot_aggregated_send: 10498
tot_msg_rcv: 647
tot_msg_sent: 1230
tot_reconf_duration: 5.43
tot_sleeping_duration: 804628.2325200039
tot_uptimes: 210
tot_uptimes_duration: 12540.03647999611
