comms_cons: 22.31006719962894
finished_reconf: true
global_termination_time: 221242.236
local_termination_time: 100809.46363999949
node_cons: 4507.486760000005
tot_aggregated_send: 2842
tot_msg_rcv: 146
tot_msg_sent: 403
tot_reconf_duration: 6.22
tot_sleeping_duration: 217882.236
tot_uptimes: 57
tot_uptimes_duration: 3360.0
