comms_cons: 376.7401726918618
finished_reconf: true
global_termination_time: 779844.700119998
local_termination_time: 779844.700119998
node_cons: 47253.77967376241
tot_aggregated_send: 0
tot_msg_rcv: 23193
tot_msg_sent: 34068
tot_reconf_duration: 24.59
tot_sleeping_duration: 744579.2882799958
tot_uptimes: 578
tot_uptimes_duration: 35265.41184000219
