comms_cons: 79.57542399820527
finished_reconf: true
global_termination_time: 783331.502
local_termination_time: 338046.5936800002
node_cons: 16076.560804481107
tot_aggregated_send: 10672
tot_msg_rcv: 496
tot_msg_sent: 927
tot_reconf_duration: 6.279999999999999
tot_sleeping_duration: 771331.4776799992
tot_uptimes: 201
tot_uptimes_duration: 12000.02432000084
