comms_cons: 77.88456959657509
finished_reconf: true
global_termination_time: 783759.065
local_termination_time: 469285.80736000004
node_cons: 16075.580342233698
tot_aggregated_send: 10730
tot_msg_rcv: 241
tot_msg_sent: 867
tot_reconf_duration: 5.57
tot_sleeping_duration: 771759.0528400047
tot_uptimes: 201
tot_uptimes_duration: 12000.012159995269
