comms_cons: 79.1276927987538
finished_reconf: true
global_termination_time: 779845.5471200001
local_termination_time: 10344.2306
node_cons: 16040.172790283206
tot_aggregated_send: 10440
tot_msg_rcv: 537
tot_msg_sent: 1049
tot_reconf_duration: 22.65
tot_sleeping_duration: 767889.3005999977
tot_uptimes: 200
tot_uptimes_duration: 11956.24652000238
