comms_cons: 281.0371071951656
finished_reconf: true
global_termination_time: 2859959.577
local_termination_time: 1426095.80336
node_cons: 58843.23739999898
tot_aggregated_send: 41180
tot_msg_rcv: 516
tot_msg_sent: 1020
tot_reconf_duration: 25.299999999999997
tot_sleeping_duration: 2816039.577
tot_uptimes: 733
tot_uptimes_duration: 43920.0
