comms_cons: 280.46471679840505
finished_reconf: true
global_termination_time: 2860857.765
local_termination_time: 2261098.6593600004
node_cons: 58829.39937999938
tot_aggregated_send: 41760
tot_msg_rcv: 340
tot_msg_sent: 529
tot_reconf_duration: 15.110000000000001
tot_sleeping_duration: 2816937.765
tot_uptimes: 733
tot_uptimes_duration: 43920.0
