comms_cons: 284.0930687981952
finished_reconf: true
global_termination_time: 2860223.846
local_termination_time: 1236126.3863600001
node_cons: 58823.75009999917
tot_aggregated_send: 40948
tot_msg_rcv: 790
tot_msg_sent: 1442
tot_reconf_duration: 10.95
tot_sleeping_duration: 2816303.846
tot_uptimes: 733
tot_uptimes_duration: 43920.0
