comms_cons: 392.95040005230874
finished_reconf: true
global_termination_time: 3946420.242
local_termination_time: 1161088.3563599999
node_cons: 81156.24934781631
tot_aggregated_send: 55216
tot_msg_rcv: 1489
tot_msg_sent: 3020
tot_reconf_duration: 9.42
tot_sleeping_duration: 3885820.199440016
tot_uptimes: 1011
tot_uptimes_duration: 60600.04255998391
