comms_cons: 398.1896512463892
finished_reconf: true
global_termination_time: 3944275.683
local_termination_time: 732412.70436
node_cons: 81149.98082669964
tot_aggregated_send: 55100
tot_msg_rcv: 1936
tot_msg_sent: 3487
tot_reconf_duration: 4.8100000000000005
tot_sleeping_duration: 3883675.646520014
tot_uptimes: 1011
tot_uptimes_duration: 60600.03647998627
