comms_cons: 399.33112326479403
finished_reconf: true
global_termination_time: 3945684.871
local_termination_time: 739853.9651999987
node_cons: 81147.58260558249
tot_aggregated_send: 54578
tot_msg_rcv: 2111
tot_msg_sent: 4007
tot_reconf_duration: 3.05
tot_sleeping_duration: 3885084.8406000114
tot_uptimes: 1011
tot_uptimes_duration: 60600.030399988405
