comms_cons: 402.6592256666802
finished_reconf: true
global_termination_time: 3945307.447
local_termination_time: 965316.5386399991
node_cons: 81158.79968558329
tot_aggregated_send: 53940
tot_msg_rcv: 2624
tot_msg_sent: 4638
tot_reconf_duration: 11.31
tot_sleeping_duration: 3884707.4166000113
tot_uptimes: 1011
tot_uptimes_duration: 60600.030399989104
