comms_cons: 398.76300165021354
finished_reconf: true
global_termination_time: 3946682.58
local_termination_time: 988550.2569999989
node_cons: 81150.7983633493
tot_aggregated_send: 54926
tot_msg_rcv: 2141
tot_msg_sent: 3543
tot_reconf_duration: 5.43
tot_sleeping_duration: 3886082.5617600065
tot_uptimes: 1011
tot_uptimes_duration: 60600.0182399936
