comms_cons: 87.48811519848006
finished_reconf: true
global_termination_time: 884229.474
local_termination_time: 298115.57236000005
node_cons: 18163.76579999999
tot_aggregated_send: 12528
tot_msg_rcv: 287
tot_msg_sent: 482
tot_reconf_duration: 5.1
tot_sleeping_duration: 870669.474
tot_uptimes: 227
tot_uptimes_duration: 13559.999999999996
