comms_cons: 86.95070719853817
finished_reconf: true
global_termination_time: 886097.863
local_termination_time: 237487.34236000007
node_cons: 18174.724860000046
tot_aggregated_send: 12644
tot_msg_rcv: 176
tot_msg_sent: 396
tot_reconf_duration: 13.17
tot_sleeping_duration: 872537.863
tot_uptimes: 227
tot_uptimes_duration: 13560.0
