comms_cons: 87.1612415976534
finished_reconf: true
global_termination_time: 884666.432
local_termination_time: 715074.0433599999
node_cons: 18167.459560000116
tot_aggregated_send: 12702
tot_msg_rcv: 147
tot_msg_sent: 399
tot_reconf_duration: 7.819999999999999
tot_sleeping_duration: 871106.432
tot_uptimes: 227
tot_uptimes_duration: 13560.0
