comms_cons: 38.94886400051954
finished_reconf: true
global_termination_time: 390072.119
local_termination_time: 107641.19435999998
node_cons: 7979.054600000016
tot_aggregated_send: 5452
tot_msg_rcv: 195
tot_msg_sent: 273
tot_reconf_duration: 18.700000000000003
tot_sleeping_duration: 384132.11900000006
tot_uptimes: 100
tot_uptimes_duration: 5939.999999999993
