comms_cons: 443.1354368170731
finished_reconf: true
global_termination_time: 4572316.955
local_termination_time: 2857139.688239998
node_cons: 94004.74208223182
tot_aggregated_send: 63510
tot_msg_rcv: 1173
tot_msg_sent: 2671
tot_reconf_duration: 5.1
tot_sleeping_duration: 4502116.942840004
tot_uptimes: 1171
tot_uptimes_duration: 70200.01215999573
