comms_cons: 441.73406722145586
finished_reconf: true
global_termination_time: 4565964.298
local_termination_time: 2866962.7075199992
node_cons: 93951.83368223144
tot_aggregated_send: 62988
tot_msg_rcv: 1347
tot_msg_sent: 2806
tot_reconf_duration: 25.299999999999997
tot_sleeping_duration: 4495824.285840005
tot_uptimes: 1170
tot_uptimes_duration: 70140.01215999573
