comms_cons: 442.767001608858
finished_reconf: true
global_termination_time: 4567978.347
local_termination_time: 2904164.681
node_cons: 93936.06556335438
tot_aggregated_send: 65301
tot_msg_rcv: 665
tot_msg_sent: 1332
tot_reconf_duration: 13.17
tot_sleeping_duration: 4497837.808760002
tot_uptimes: 1170
tot_uptimes_duration: 70140.53823999781
