comms_cons: 459.0445697062521
finished_reconf: true
global_termination_time: 4571713.662
local_termination_time: 1232144.984
node_cons: 94009.49718718258
tot_aggregated_send: 62868
tot_msg_rcv: 2316
tot_msg_sent: 4589
tot_reconf_duration: 7.819999999999999
tot_sleeping_duration: 4501512.857200011
tot_uptimes: 1171
tot_uptimes_duration: 70200.80479998887
