comms_cons: 63.27874559935569
finished_reconf: true
global_termination_time: 636732.21424
local_termination_time: 403765.4427200006
node_cons: 13136.663971598371
tot_aggregated_send: 8816
tot_msg_rcv: 225
tot_msg_sent: 576
tot_reconf_duration: 15.34
tot_sleeping_duration: 626936.9698400012
tot_uptimes: 164
tot_uptimes_duration: 9795.244399998744
