comms_cons: 382.1431999925187
finished_reconf: true
global_termination_time: 3873271.426
local_termination_time: 2736418.3553599995
node_cons: 79625.40304223164
tot_aggregated_send: 53998
tot_msg_rcv: 1360
tot_msg_sent: 2726
tot_reconf_duration: 6.22
tot_sleeping_duration: 3813811.4138400047
tot_uptimes: 992
tot_uptimes_duration: 59460.0121599955
