comms_cons: 60.3434496060295
finished_reconf: true
global_termination_time: 295304.2205600002
local_termination_time: 295304.1794400002
node_cons: 6085.894101441185
tot_aggregated_send: 0
tot_msg_rcv: 4789
tot_msg_sent: 4366
tot_reconf_duration: 24.59
tot_sleeping_duration: 290784.0555999993
tot_uptimes: 76
tot_uptimes_duration: 4520.164960000871
