comms_cons: 30.422220799884148
finished_reconf: true
global_termination_time: 296815.377
local_termination_time: 81686.32935999996
node_cons: 6112.3719800000035
tot_aggregated_send: 4060
tot_msg_rcv: 220
tot_msg_sent: 344
tot_reconf_duration: 4.8100000000000005
tot_sleeping_duration: 292255.377
tot_uptimes: 77
tot_uptimes_duration: 4560.0
