comms_cons: 450.7536318005896
finished_reconf: true
global_termination_time: 935461.5767199998
local_termination_time: 935461.5355999998
node_cons: 56570.59357340424
tot_aggregated_send: 0
tot_msg_rcv: 27716
tot_msg_sent: 40794
tot_reconf_duration: 24.59
tot_sleeping_duration: 893238.126119996
tot_uptimes: 694
tot_uptimes_duration: 42223.45060000386
