comms_cons: 91.30613759943135
finished_reconf: true
global_termination_time: 936732.977
local_termination_time: 719774.1243999982
node_cons: 19208.185799999996
tot_aggregated_send: 13746
tot_msg_rcv: 20
tot_msg_sent: 112
tot_reconf_duration: 5.1
tot_sleeping_duration: 922392.977
tot_uptimes: 240
tot_uptimes_duration: 14340.0
