comms_cons: 92.27985919828919
finished_reconf: true
global_termination_time: 936544.412
local_termination_time: 192538.13936000006
node_cons: 19216.618980000025
tot_aggregated_send: 13514
tot_msg_rcv: 174
tot_msg_sent: 338
tot_reconf_duration: 11.31
tot_sleeping_duration: 922204.412
tot_uptimes: 240
tot_uptimes_duration: 14340.0
