comms_cons: 261.79898222500185
finished_reconf: true
global_termination_time: 1334453.923
local_termination_time: 615513.6377199998
node_cons: 27426.698700000077
tot_aggregated_send: 0
tot_msg_rcv: 20031
tot_msg_sent: 19761
tot_reconf_duration: 22.65
tot_sleeping_duration: 1313993.923
tot_uptimes: 342
tot_uptimes_duration: 20460.0
