comms_cons: 782.1335361004034
finished_reconf: true
global_termination_time: 7892751.42548
local_termination_time: 7892751.38436
node_cons: 162436.32564318157
tot_aggregated_send: 113654
tot_msg_rcv: 1675
tot_msg_sent: 3549
tot_reconf_duration: 37.410000000000004
tot_sleeping_duration: 7771477.696680009
tot_uptimes: 2022
tot_uptimes_duration: 121273.72879999061
