comms_cons: 790.7800193498811
finished_reconf: true
global_termination_time: 7895166.865
local_termination_time: 314529.4233600001
node_cons: 162398.00453451974
tot_aggregated_send: 110780
tot_msg_rcv: 3070
tot_msg_sent: 6343
tot_reconf_duration: 22.65
tot_sleeping_duration: 7773906.785960026
tot_uptimes: 2022
tot_uptimes_duration: 121260.07903997408
