comms_cons: 794.1213826240354
finished_reconf: true
global_termination_time: 7892775.369
local_termination_time: 1320513.5551999987
node_cons: 162458.18911228154
tot_aggregated_send: 109504
tot_msg_rcv: 3709
tot_msg_sent: 7487
tot_reconf_duration: 7.819999999999999
tot_sleeping_duration: 7771455.302120025
tot_uptimes: 2022
tot_uptimes_duration: 121320.06687997538
