comms_cons: 793.6544002319301
finished_reconf: true
global_termination_time: 7895474.436
local_termination_time: 1345125.01036
node_cons: 162375.68445339886
tot_aggregated_send: 109678
tot_msg_rcv: 3659
tot_msg_sent: 7289
tot_reconf_duration: 6.22
tot_sleeping_duration: 7774214.363040026
tot_uptimes: 2022
tot_uptimes_duration: 121260.07295997348
