comms_cons: 92.54365439699319
finished_reconf: true
global_termination_time: 932552.962
local_termination_time: 126262.403
node_cons: 19178.48151655576
tot_aggregated_send: 12294
tot_msg_rcv: 546
tot_msg_sent: 1226
tot_reconf_duration: 22.65
tot_sleeping_duration: 918252.9449600033
tot_uptimes: 239
tot_uptimes_duration: 14300.017039996805
