comms_cons: 93.03501439754078
finished_reconf: true
global_termination_time: 936734.349
local_termination_time: 431196.88436
node_cons: 19214.06050112144
tot_aggregated_send: 13166
tot_msg_rcv: 285
tot_msg_sent: 689
tot_reconf_duration: 9.42
tot_sleeping_duration: 922394.342919999
tot_uptimes: 240
tot_uptimes_duration: 14340.006080001069
