comms_cons: 93.7404415966881
finished_reconf: true
global_termination_time: 932011.532
local_termination_time: 719309.6207599991
node_cons: 19137.08834111689
tot_aggregated_send: 13050
tot_msg_rcv: 476
tot_msg_sent: 722
tot_reconf_duration: 11.899999999999999
tot_sleeping_duration: 917731.5259200024
tot_uptimes: 239
tot_uptimes_duration: 14280.006079997635
