comms_cons: 108.17183999371532
finished_reconf: true
global_termination_time: 1133490.279
local_termination_time: 314530.18832000066
node_cons: 23330.06408519577
tot_aggregated_send: 14848
tot_msg_rcv: 499
tot_msg_sent: 1094
tot_reconf_duration: 22.65
tot_sleeping_duration: 1116089.7522000032
tot_uptimes: 291
tot_uptimes_duration: 17400.52679999679
