comms_cons: 114.94728959300842
finished_reconf: true
global_termination_time: 1135472.964
local_termination_time: 243141.26036000007
node_cons: 23333.02252895771
tot_aggregated_send: 15254
tot_msg_rcv: 722
tot_msg_sent: 1496
tot_reconf_duration: 25.299999999999997
tot_sleeping_duration: 1118072.9153600016
tot_uptimes: 291
tot_uptimes_duration: 17400.048639998247
