comms_cons: 116.75573758921219
finished_reconf: true
global_termination_time: 1134643.767
local_termination_time: 299536.4194800001
node_cons: 23309.675772308216
tot_aggregated_send: 14964
tot_msg_rcv: 920
tot_msg_sent: 1863
tot_reconf_duration: 8.09
tot_sleeping_duration: 1117243.700120009
tot_uptimes: 291
tot_uptimes_duration: 17400.06687999115
