comms_cons: 115.30608639572313
finished_reconf: true
global_termination_time: 1132851.79224
local_termination_time: 44590.29848000001
node_cons: 23333.10025279657
tot_aggregated_send: 15022
tot_msg_rcv: 861
tot_msg_sent: 1642
tot_reconf_duration: 11.31
tot_sleeping_duration: 1115437.4970400028
tot_uptimes: 291
tot_uptimes_duration: 17414.295199997418
