comms_cons: 116.24753918888612
finished_reconf: true
global_termination_time: 1132991.448
local_termination_time: 191398.68944000066
node_cons: 23306.039068953076
tot_aggregated_send: 14674
tot_msg_rcv: 1051
tot_msg_sent: 1944
tot_reconf_duration: 5.43
tot_sleeping_duration: 1115591.3993600053
tot_uptimes: 291
tot_uptimes_duration: 17400.048639994813
