comms_cons: 43.38324480014049
finished_reconf: true
global_termination_time: 444217.093
local_termination_time: 201680.59936000008
node_cons: 9098.939380000033
tot_aggregated_send: 6496
tot_msg_rcv: 54
tot_msg_sent: 44
tot_reconf_duration: 15.110000000000001
tot_sleeping_duration: 437437.093
tot_uptimes: 114
tot_uptimes_duration: 6780.0
