comms_cons: 44.593817600532915
finished_reconf: true
global_termination_time: 444792.66
local_termination_time: 99956.66435999997
node_cons: 9084.951980000009
tot_aggregated_send: 6148
tot_msg_rcv: 228
tot_msg_sent: 402
tot_reconf_duration: 4.8100000000000005
tot_sleeping_duration: 438012.66
tot_uptimes: 114
tot_uptimes_duration: 6780.0
