comms_cons: 361.7044672060349
finished_reconf: true
global_termination_time: 3673346.244
local_termination_time: 1176313.795
node_cons: 75546.44802958
tot_aggregated_send: 51211
tot_msg_rcv: 1199
tot_msg_sent: 2566
tot_reconf_duration: 15.110000000000001
tot_sleeping_duration: 3616941.5176000134
tot_uptimes: 941
tot_uptimes_duration: 56404.72639998654
