comms_cons: 46.55567360136665
finished_reconf: true
global_termination_time: 426904.8122400002
local_termination_time: 47318.30748000001
node_cons: 8800.881606086514
tot_aggregated_send: 4930
tot_msg_rcv: 750
tot_msg_sent: 1396
tot_reconf_duration: 18.21
tot_sleeping_duration: 420350.55351999536
tot_uptimes: 110
tot_uptimes_duration: 6554.258720004858
