comms_cons: 42.58058240029817
finished_reconf: true
global_termination_time: 431814.804
local_termination_time: 385233.4533600001
node_cons: 8841.541900000075
tot_aggregated_send: 6264
tot_msg_rcv: 102
tot_msg_sent: 106
tot_reconf_duration: 3.05
tot_sleeping_duration: 425214.804
tot_uptimes: 111
tot_uptimes_duration: 6600.0
