comms_cons: 195.36955519357178
finished_reconf: true
global_termination_time: 2014511.692
local_termination_time: 1403719.24336
node_cons: 41390.458979999756
tot_aggregated_send: 28304
tot_msg_rcv: 456
tot_msg_sent: 935
tot_reconf_duration: 11.31
tot_sleeping_duration: 1983611.692
tot_uptimes: 516
tot_uptimes_duration: 30900.0
