comms_cons: 587.2636796364419
finished_reconf: true
global_termination_time: 1215448.3005999997
local_termination_time: 1215448.2594799998
node_cons: 73731.91840599736
tot_aggregated_send: 0
tot_msg_rcv: 36090
tot_msg_sent: 53169
tot_reconf_duration: 24.59
tot_sleeping_duration: 1160408.3266000005
tot_uptimes: 901
tot_uptimes_duration: 55039.97399999925
