comms_cons: 563.0013439349455
finished_reconf: true
global_termination_time: 868589.389
local_termination_time: 422154.5174800001
node_cons: 85915.50086392727
tot_aggregated_send: 0
tot_msg_rcv: 38868
tot_msg_sent: 46706
tot_reconf_duration: 15.34
tot_sleeping_duration: 804441.017719993
tot_uptimes: 1033
tot_uptimes_duration: 64148.3712800069
