comms_cons: 87.46388479666987
finished_reconf: true
global_termination_time: 869774.196
local_termination_time: 342708.3638800004
node_cons: 17843.06848335513
tot_aggregated_send: 11948
tot_msg_rcv: 418
tot_msg_sent: 928
tot_reconf_duration: 5.57
tot_sleeping_duration: 856454.1777600037
tot_uptimes: 223
tot_uptimes_duration: 13320.018239996338
