comms_cons: 86.97702399627313
finished_reconf: true
global_termination_time: 869461.683
local_termination_time: 356221.60560000007
node_cons: 17842.43022335969
tot_aggregated_send: 11774
tot_msg_rcv: 459
tot_msg_sent: 987
tot_reconf_duration: 5.1
tot_sleeping_duration: 856141.6647600002
tot_uptimes: 223
tot_uptimes_duration: 13320.018239999772
