comms_cons: 131.60373759872354
finished_reconf: true
global_termination_time: 1329006.932
local_termination_time: 474321.7633600001
node_cons: 27346.37498223826
tot_aggregated_send: 18618
tot_msg_rcv: 534
tot_msg_sent: 851
tot_reconf_duration: 22.65
tot_sleeping_duration: 1308606.9198400015
tot_uptimes: 341
tot_uptimes_duration: 20400.012159998645
