comms_cons: 134.348927989515
finished_reconf: true
global_termination_time: 1326681.935
local_termination_time: 283041.20936000004
node_cons: 27247.91053895309
tot_aggregated_send: 17516
tot_msg_rcv: 913
tot_msg_sent: 1991
tot_reconf_duration: 6.279999999999999
tot_sleeping_duration: 1306338.8563600052
tot_uptimes: 340
tot_uptimes_duration: 20343.07863999484
