comms_cons: 133.46032639117712
finished_reconf: true
global_termination_time: 1329402.632
local_termination_time: 12906.959480000001
node_cons: 27349.981823358317
tot_aggregated_send: 18328
tot_msg_rcv: 640
tot_msg_sent: 1319
tot_reconf_duration: 25.299999999999997
tot_sleeping_duration: 1309002.6137600013
tot_uptimes: 341
tot_uptimes_duration: 20400.01823999871
