comms_cons: 136.46888318601663
finished_reconf: true
global_termination_time: 1328717.363
local_termination_time: 238349.97699999998
node_cons: 27326.919705195593
tot_aggregated_send: 17050
tot_msg_rcv: 1126
tot_msg_sent: 2566
tot_reconf_duration: 5.43
tot_sleeping_duration: 1308314.4162000031
tot_uptimes: 341
tot_uptimes_duration: 20402.946799996687
