comms_cons: 56.23304960016545
finished_reconf: true
global_termination_time: 555791.174
local_termination_time: 251361.66896000013
node_cons: 11433.017321120013
tot_aggregated_send: 7714
tot_msg_rcv: 326
tot_msg_sent: 508
tot_reconf_duration: 18.21
tot_sleeping_duration: 547271.1679199999
tot_uptimes: 143
tot_uptimes_duration: 8520.006080000006
