comms_cons: 55.0224768003651
finished_reconf: true
global_termination_time: 555818.314
local_termination_time: 158630.088
node_cons: 11439.054982242867
tot_aggregated_send: 7865
tot_msg_rcv: 148
tot_msg_sent: 350
tot_reconf_duration: 22.65
tot_sleeping_duration: 547298.3018399979
tot_uptimes: 143
tot_uptimes_duration: 8520.012160002138
