comms_cons: 57.24624639972075
finished_reconf: true
global_termination_time: 555552.6206399992
local_termination_time: 555552.5795199992
node_cons: 11485.398318563726
tot_aggregated_send: 7410
tot_msg_rcv: 444
tot_msg_sent: 847
tot_reconf_duration: 24.59
tot_sleeping_duration: 546999.9655999964
tot_uptimes: 143
tot_uptimes_duration: 8552.655040002763
