comms_cons: 2.3039743999942104
finished_reconf: true
global_termination_time: 13347.415
local_termination_time: 970.4693599999999
node_cons: 256.3789799999995
tot_aggregated_send: 0
tot_msg_rcv: 238
tot_msg_sent: 111
tot_reconf_duration: 11.31
tot_sleeping_duration: 13167.415
tot_uptimes: 4
tot_uptimes_duration: 179.99999999999955
