comms_cons: 356.71367043875443
finished_reconf: true
global_termination_time: 3522452.072
local_termination_time: 1694245.6565599993
node_cons: 72497.46312334933
tot_aggregated_send: 48720
tot_msg_rcv: 1917
tot_msg_sent: 3581
tot_reconf_duration: 22.65
tot_sleeping_duration: 3468332.0537600066
tot_uptimes: 903
tot_uptimes_duration: 54120.01823999337
