comms_cons: 354.65616003671954
finished_reconf: true
global_termination_time: 3521911.375
local_termination_time: 1609272.7463599998
node_cons: 72392.34232558301
tot_aggregated_send: 48604
tot_msg_rcv: 1644
tot_msg_sent: 3657
tot_reconf_duration: 4.390000000000001
tot_sleeping_duration: 3467851.344600011
tot_uptimes: 902
tot_uptimes_duration: 54060.03039998864
