comms_cons: 353.13981443650613
finished_reconf: true
global_termination_time: 3522925.587
local_termination_time: 323468.18136000005
node_cons: 72482.07968558313
tot_aggregated_send: 49242
tot_msg_rcv: 1362
tot_msg_sent: 3073
tot_reconf_duration: 11.31
tot_sleeping_duration: 3468805.556600011
tot_uptimes: 903
tot_uptimes_duration: 54120.03039998864
