comms_cons: 14.40907519951266
finished_reconf: true
global_termination_time: 162597.464
local_termination_time: 1813.12612
node_cons: 3328.381582238304
tot_aggregated_send: 1566
tot_msg_rcv: 259
tot_msg_sent: 365
tot_reconf_duration: 25.35
tot_sleeping_duration: 160137.45184000127
tot_uptimes: 42
tot_uptimes_duration: 2460.0121599987324
