comms_cons: 15.443264000292501
finished_reconf: true
global_termination_time: 161533.424
local_termination_time: 2485.58324
node_cons: 3299.1166478397613
tot_aggregated_send: 1276
tot_msg_rcv: 396
tot_msg_sent: 676
tot_reconf_duration: 3.77
tot_sleeping_duration: 159073.3814400002
tot_uptimes: 42
tot_uptimes_duration: 2460.04255999982
