comms_cons: 194.35875198697985
finished_reconf: true
global_termination_time: 1951767.106
local_termination_time: 858423.2899199984
node_cons: 40196.5185124616
tot_aggregated_send: 26912
tot_msg_rcv: 894
tot_msg_sent: 1736
tot_reconf_duration: 18.21
tot_sleeping_duration: 1921765.7696800134
tot_uptimes: 500
tot_uptimes_duration: 30001.336319986498
