comms_cons: 193.58700799234478
finished_reconf: true
global_termination_time: 1951842.934
local_termination_time: 1395129.9003599999
node_cons: 40102.46050111646
tot_aggregated_send: 28188
tot_msg_rcv: 493
tot_msg_sent: 743
tot_reconf_duration: 9.42
tot_sleeping_duration: 1921902.9279200023
tot_uptimes: 500
tot_uptimes_duration: 29940.006079997635
