comms_cons: 77.68061439815351
finished_reconf: true
global_termination_time: 783827.064
local_termination_time: 329361.44304000074
node_cons: 16085.893001116834
tot_aggregated_send: 10904
tot_msg_rcv: 274
tot_msg_sent: 629
tot_reconf_duration: 13.17
tot_sleeping_duration: 771827.0579200024
tot_uptimes: 201
tot_uptimes_duration: 12000.006079997635
