comms_cons: 79.65068799569892
finished_reconf: true
global_termination_time: 779801.321
local_termination_time: 296270.00636000006
node_cons: 15994.240826705613
tot_aggregated_send: 10382
tot_msg_rcv: 597
tot_msg_sent: 1127
tot_reconf_duration: 4.8100000000000005
tot_sleeping_duration: 767861.2845200107
tot_uptimes: 200
tot_uptimes_duration: 11940.036479989241
