comms_cons: 76.13289599871241
finished_reconf: true
global_termination_time: 783397.17
local_termination_time: 215936.748
node_cons: 16086.079935121115
tot_aggregated_send: 10962
tot_msg_rcv: 167
tot_msg_sent: 442
tot_reconf_duration: 11.31
tot_sleeping_duration: 771395.1379199992
tot_uptimes: 201
tot_uptimes_duration: 12002.03208000082
