comms_cons: 66.01632000743453
finished_reconf: true
global_termination_time: 374045.7432400004
local_termination_time: 16483.606600000006
node_cons: 7713.2072493604965
tot_aggregated_send: 0
tot_msg_rcv: 5106
tot_msg_sent: 4928
tot_reconf_duration: 22.65
tot_sleeping_duration: 368308.291
tot_uptimes: 96
tot_uptimes_duration: 5737.4522400003625
