comms_cons: 36.77772800009703
finished_reconf: true
global_termination_time: 375739.624
local_termination_time: 332194.5373200002
node_cons: 7719.171980000006
tot_aggregated_send: 5394
tot_msg_rcv: 65
tot_msg_sent: 131
tot_reconf_duration: 4.8100000000000005
tot_sleeping_duration: 369979.624
tot_uptimes: 97
tot_uptimes_duration: 5760.0
