comms_cons: 66.00014080679895
finished_reconf: true
global_termination_time: 378355.116
local_termination_time: 13977.107240000003
node_cons: 7718.601620000009
tot_aggregated_send: 0
tot_msg_rcv: 5098
tot_msg_sent: 4935
tot_reconf_duration: 4.390000000000001
tot_sleeping_duration: 372595.116
tot_uptimes: 97
tot_uptimes_duration: 5760.0
