comms_cons: 10.935257600140732
finished_reconf: true
global_termination_time: 74665.061
local_termination_time: 5438.7483600000005
node_cons: 1547.0363678403316
tot_aggregated_send: 464
tot_msg_rcv: 564
tot_msg_sent: 635
tot_reconf_duration: 15.110000000000001
tot_sleeping_duration: 73525.01843999975
tot_uptimes: 20
tot_uptimes_duration: 1140.0425600002472
