comms_cons: 10.204339200059213
finished_reconf: true
global_termination_time: 75494.421
local_termination_time: 33992.13900000009
node_cons: 1543.6359633586
tot_aggregated_send: 580
tot_msg_rcv: 455
tot_msg_sent: 516
tot_reconf_duration: 12.629999999999999
tot_sleeping_duration: 74354.40276000106
tot_uptimes: 20
tot_uptimes_duration: 1140.0182399989499
