comms_cons: 9.48062720004772
finished_reconf: true
global_termination_time: 75138.396
local_termination_time: 43817.747760000086
node_cons: 1533.0164033597305
tot_aggregated_send: 638
tot_msg_rcv: 338
tot_msg_sent: 465
tot_reconf_duration: 4.8100000000000005
tot_sleeping_duration: 73998.37776000019
tot_uptimes: 20
tot_uptimes_duration: 1140.0182399998012
