comms_cons: 9.188947200056475
finished_reconf: true
global_termination_time: 73497.238
local_termination_time: 35378.6603600002
node_cons: 1453.6752941605534
tot_aggregated_send: 522
tot_msg_rcv: 352
tot_msg_sent: 522
tot_reconf_duration: 5.43
tot_sleeping_duration: 72417.10255999959
tot_uptimes: 19
tot_uptimes_duration: 1080.135440000413
