comms_cons: 17.477216000081285
finished_reconf: true
global_termination_time: 178650.406
local_termination_time: 123056.84787999946
node_cons: 3621.8319799999986
tot_aggregated_send: 2436
tot_msg_rcv: 50
tot_msg_sent: 170
tot_reconf_duration: 4.8100000000000005
tot_sleeping_duration: 175950.406
tot_uptimes: 46
tot_uptimes_duration: 2700.0
