comms_cons: 150.7284992020555
finished_reconf: true
global_termination_time: 174225.64544000066
local_termination_time: 174225.60432000065
node_cons: 17468.448162239576
tot_aggregated_send: 0
tot_msg_rcv: 10338
tot_msg_sent: 12571
tot_reconf_duration: 24.59
tot_sleeping_duration: 161204.69328000103
tot_uptimes: 208
tot_uptimes_duration: 13020.952159999655
