comms_cons: 18.125696000318367
finished_reconf: true
global_termination_time: 178715.982
local_termination_time: 6819.6236800000015
node_cons: 3625.919560000003
tot_aggregated_send: 2378
tot_msg_rcv: 152
tot_msg_sent: 225
tot_reconf_duration: 7.819999999999999
tot_sleeping_duration: 176015.982
tot_uptimes: 46
tot_uptimes_duration: 2700.0
