comms_cons: 105.43167999966184
finished_reconf: true
global_termination_time: 1075452.316
local_termination_time: 130092.07835999997
node_cons: 22105.871380000033
tot_aggregated_send: 15370
tot_msg_rcv: 255
tot_msg_sent: 400
tot_reconf_duration: 9.11
tot_sleeping_duration: 1058952.316
tot_uptimes: 276
tot_uptimes_duration: 16500.0
