comms_cons: 149.1899391978569
finished_reconf: true
global_termination_time: 1527500.148
local_termination_time: 807232.3865599994
node_cons: 31420.50405999998
tot_aggregated_send: 22040
tot_msg_rcv: 188
tot_msg_sent: 448
tot_reconf_duration: 5.57
tot_sleeping_duration: 1504040.148
tot_uptimes: 392
tot_uptimes_duration: 23460.0
