comms_cons: 151.62074239626915
finished_reconf: true
global_termination_time: 1525909.21048
local_termination_time: 1525909.16936
node_cons: 31384.35165984128
tot_aggregated_send: 21620
tot_msg_rcv: 431
tot_msg_sent: 993
tot_reconf_duration: 24.59
tot_sleeping_duration: 1502495.499919999
tot_uptimes: 391
tot_uptimes_duration: 23413.71056000091
