comms_cons: 150.07217919122118
finished_reconf: true
global_termination_time: 1528012.695
local_termination_time: 778163.1886399991
node_cons: 31417.122605584274
tot_aggregated_send: 20532
tot_msg_rcv: 817
tot_msg_sent: 1461
tot_reconf_duration: 3.05
tot_sleeping_duration: 1504552.664600012
tot_uptimes: 392
tot_uptimes_duration: 23460.030399988173
