comms_cons: 151.9215615928051
finished_reconf: true
global_termination_time: 1528861.014
local_termination_time: 667276.4195999989
node_cons: 31421.411183350665
tot_aggregated_send: 20474
tot_msg_rcv: 930
tot_msg_sent: 1688
tot_reconf_duration: 6.22
tot_sleeping_duration: 1505400.995760007
tot_uptimes: 392
tot_uptimes_duration: 23460.018239992904
