comms_cons: 154.48922238829863
finished_reconf: true
global_termination_time: 1525909.4972400002
local_termination_time: 9381.29948
node_cons: 31377.84610271069
tot_aggregated_send: 20822
tot_msg_rcv: 942
tot_msg_sent: 1716
tot_reconf_duration: 11.31
tot_sleeping_duration: 1502487.1767600072
tot_uptimes: 391
tot_uptimes_duration: 23422.32047999301
