comms_cons: 454.22921606917174
finished_reconf: true
global_termination_time: 4493260.122119999
local_termination_time: 4493260.080999998
node_cons: 92491.19024173741
tot_aggregated_send: 62440
tot_msg_rcv: 2323
tot_msg_sent: 4276
tot_reconf_duration: 37.410000000000004
tot_sleeping_duration: 4424223.238280013
tot_uptimes: 1151
tot_uptimes_duration: 69036.88383998524
