comms_cons: 453.5040448732913
finished_reconf: true
global_termination_time: 4493260.275239998
local_termination_time: 283410.3205600002
node_cons: 92417.05893165364
tot_aggregated_send: 62640
tot_msg_rcv: 2245
tot_msg_sent: 4043
tot_reconf_duration: 5.1
tot_sleeping_duration: 4424245.986120015
tot_uptimes: 1151
tot_uptimes_duration: 69014.28911998222
