comms_cons: 451.4018752785228
finished_reconf: true
global_termination_time: 4494974.066
local_termination_time: 1230568.4403999993
node_cons: 92477.89640334866
tot_aggregated_send: 62872
tot_msg_rcv: 1850
tot_msg_sent: 3888
tot_reconf_duration: 4.8100000000000005
tot_sleeping_duration: 4425914.047760007
tot_uptimes: 1152
tot_uptimes_duration: 69060.01823999337
