comms_cons: 452.5383680777368
finished_reconf: true
global_termination_time: 4493316.196
local_termination_time: 584454.9943599998
node_cons: 92406.39968558186
tot_aggregated_send: 62234
tot_msg_rcv: 2085
tot_msg_sent: 4465
tot_reconf_duration: 11.31
tot_sleeping_duration: 4424316.165600012
tot_uptimes: 1151
tot_uptimes_duration: 69000.0303999884
