comms_cons: 1.2171519999993474
finished_reconf: true
global_termination_time: 4053.341
local_termination_time: 672.4880399999995
node_cons: 86.30161999999999
tot_aggregated_send: 0
tot_msg_rcv: 124
tot_msg_sent: 58
tot_reconf_duration: 4.390000000000001
tot_sleeping_duration: 3993.341
tot_uptimes: 2
tot_uptimes_duration: 60.0
