comms_cons: 0.15132159999950093
finished_reconf: true
global_termination_time: 3551.8109600000025
local_termination_time: 3538.4753600000004
node_cons: 38.85405744000391
tot_aggregated_send: 0
tot_msg_rcv: 14
tot_msg_sent: 8
tot_reconf_duration: 6.22
tot_sleeping_duration: 3529.102
tot_uptimes: 1
tot_uptimes_duration: 22.708960000002662
