comms_cons: 65.0689151992502
finished_reconf: true
global_termination_time: 659019.707
local_termination_time: 411648.83236
node_cons: 13505.57490112141
tot_aggregated_send: 9222
tot_msg_rcv: 189
tot_msg_sent: 479
tot_reconf_duration: 6.22
tot_sleeping_duration: 648939.700919999
tot_uptimes: 169
tot_uptimes_duration: 10080.006080001069
