comms_cons: 155.38817278554757
finished_reconf: true
global_termination_time: 1524680.2472400002
local_termination_time: 294793.90216000035
node_cons: 31380.50319941625
tot_aggregated_send: 20590
tot_msg_rcv: 1000
tot_msg_sent: 2028
tot_reconf_duration: 18.21
tot_sleeping_duration: 1501262.9402800181
tot_uptimes: 391
tot_uptimes_duration: 23417.306959982205
