comms_cons: 149.70969599528
finished_reconf: true
global_termination_time: 1525405.537
local_termination_time: 1372729.8977999985
node_cons: 31344.97138000019
tot_aggregated_send: 22156
tot_msg_rcv: 143
tot_msg_sent: 456
tot_reconf_duration: 9.11
tot_sleeping_duration: 1502005.537
tot_uptimes: 391
tot_uptimes_duration: 23400.0
