comms_cons: 152.1258623929978
finished_reconf: true
global_termination_time: 1525805.974
local_termination_time: 763168.4905999989
node_cons: 31345.401893677412
tot_aggregated_send: 21692
tot_msg_rcv: 509
tot_msg_sent: 921
tot_reconf_duration: 9.42
tot_sleeping_duration: 1502405.9668800018
tot_uptimes: 391
tot_uptimes_duration: 23400.007119997987
