comms_cons: 101.17556479233433
finished_reconf: true
global_termination_time: 997298.45524
local_termination_time: 64738.16072000002
node_cons: 20518.51599607953
tot_aggregated_send: 13108
tot_msg_rcv: 693
tot_msg_sent: 1576
tot_reconf_duration: 4.390000000000001
tot_sleeping_duration: 981979.1465200004
tot_uptimes: 256
tot_uptimes_duration: 15319.308719999623
