comms_cons: 12.597958399923932
finished_reconf: true
global_termination_time: 112345.978
local_termination_time: 79912.28335999997
node_cons: 2256.4620822394504
tot_aggregated_send: 986
tot_msg_rcv: 347
tot_msg_sent: 581
tot_reconf_duration: 5.1
tot_sleeping_duration: 110665.96584000043
tot_uptimes: 29
tot_uptimes_duration: 1680.0121599995837
