comms_cons: 12.435315199931209
finished_reconf: true
global_termination_time: 111692.079
local_termination_time: 8400.291000000001
node_cons: 2304.3135357597403
tot_aggregated_send: 1100
tot_msg_rcv: 267
tot_msg_sent: 524
tot_reconf_duration: 22.65
tot_sleeping_duration: 109994.12916000019
tot_uptimes: 29
tot_uptimes_duration: 1697.9498399998056
