comms_cons: 11.422073599933018
finished_reconf: true
global_termination_time: 110969.60023999968
local_termination_time: 28839.41336
node_cons: 2334.0547827193104
tot_aggregated_send: 1044
tot_msg_rcv: 222
tot_msg_sent: 469
tot_reconf_duration: 4.390000000000001
tot_sleeping_duration: 109230.9197600002
tot_uptimes: 29
tot_uptimes_duration: 1738.6804799994861
