comms_cons: 198.5142015958879
finished_reconf: true
global_termination_time: 2013963.806
local_termination_time: 1024999.8373599998
node_cons: 41382.66405999961
tot_aggregated_send: 28942
tot_msg_rcv: 422
tot_msg_sent: 809
tot_reconf_duration: 5.57
tot_sleeping_duration: 1983063.806
tot_uptimes: 516
tot_uptimes_duration: 30900.0
