comms_cons: 173.2262399861137
finished_reconf: true
global_termination_time: 1713890.425
local_termination_time: 153955.31236000004
node_cons: 35219.73568783156
tot_aggregated_send: 23258
tot_msg_rcv: 1051
tot_msg_sent: 2020
tot_reconf_duration: 22.65
tot_sleeping_duration: 1687610.3824400064
tot_uptimes: 439
tot_uptimes_duration: 26280.042559993744
