comms_cons: 53.21591040059467
finished_reconf: true
global_termination_time: 530263.846
local_termination_time: 132210.96036000008
node_cons: 10880.2736822429
tot_aggregated_send: 7192
tot_msg_rcv: 308
tot_msg_sent: 589
tot_reconf_duration: 25.299999999999997
tot_sleeping_duration: 522163.8338399979
tot_uptimes: 136
tot_uptimes_duration: 8100.0121600021375
