comms_cons: 53.62768640117546
finished_reconf: true
global_termination_time: 529760.599
local_termination_time: 140217.41136000006
node_cons: 10861.267121121442
tot_aggregated_send: 7134
tot_msg_rcv: 330
tot_msg_sent: 687
tot_reconf_duration: 11.31
tot_sleeping_duration: 521660.592919999
tot_uptimes: 136
tot_uptimes_duration: 8100.006080001069
