comms_cons: 68.05285760045838
finished_reconf: true
global_termination_time: 665232.117
local_termination_time: 118808.64235999997
node_cons: 13666.287465602576
tot_aggregated_send: 8816
tot_msg_rcv: 483
tot_msg_sent: 1044
tot_reconf_duration: 6.22
tot_sleeping_duration: 655032.0865999981
tot_uptimes: 171
tot_uptimes_duration: 10200.03040000191
