comms_cons: 43.12874240079645
finished_reconf: true
global_termination_time: 427002.757
local_termination_time: 83035.08035999995
node_cons: 8791.437431441982
tot_aggregated_send: 5800
tot_msg_rcv: 253
tot_msg_sent: 502
tot_reconf_duration: 25.299999999999997
tot_sleeping_duration: 420462.74203999847
tot_uptimes: 110
tot_uptimes_duration: 6540.014960001485
