comms_cons: 67.25776639942205
finished_reconf: true
global_termination_time: 660555.867
local_termination_time: 333715.3143600001
node_cons: 13594.63596335972
tot_aggregated_send: 8990
tot_msg_rcv: 427
tot_msg_sent: 806
tot_reconf_duration: 12.629999999999999
tot_sleeping_duration: 650415.8487600002
tot_uptimes: 170
tot_uptimes_duration: 10140.018239999772
