comms_cons: 67.92418560009797
finished_reconf: true
global_termination_time: 663003.717
local_termination_time: 85031.79383999993
node_cons: 13592.38708784543
tot_aggregated_send: 8874
tot_msg_rcv: 523
tot_msg_sent: 926
tot_reconf_duration: 10.95
tot_sleeping_duration: 652863.6744399959
tot_uptimes: 170
tot_uptimes_duration: 10140.042560004047
