comms_cons: 66.64792319973976
finished_reconf: true
global_termination_time: 662747.958
local_termination_time: 236220.29736000006
node_cons: 13583.44604336433
tot_aggregated_send: 9222
tot_msg_rcv: 327
tot_msg_sent: 581
tot_reconf_duration: 4.390000000000001
tot_sleeping_duration: 652607.9397599968
tot_uptimes: 170
tot_uptimes_duration: 10140.018240003206
