comms_cons: 47.7386752009005
finished_reconf: true
global_termination_time: 471394.137
local_termination_time: 17107.59448
node_cons: 9661.327521120304
tot_aggregated_send: 6264
tot_msg_rcv: 308
tot_msg_sent: 683
tot_reconf_duration: 15.110000000000001
tot_sleeping_duration: 464194.13091999973
tot_uptimes: 121
tot_uptimes_duration: 7200.0060800002175
