comms_cons: 269.6868927807249
finished_reconf: true
global_termination_time: 2737542.41
local_termination_time: 869214.694
node_cons: 56329.75502398951
tot_aggregated_send: 37349
tot_msg_rcv: 1198
tot_msg_sent: 2443
tot_reconf_duration: 5.57
tot_sleeping_duration: 2695479.5340000074
tot_uptimes: 702
tot_uptimes_duration: 42062.875999992946
