comms_cons: 275.95796479672674
finished_reconf: true
global_termination_time: 2737721.733
local_termination_time: 470872.42848
node_cons: 56324.350466699965
tot_aggregated_send: 38338
tot_msg_rcv: 1282
tot_msg_sent: 2324
tot_reconf_duration: 4.390000000000001
tot_sleeping_duration: 2695661.696520014
tot_uptimes: 702
tot_uptimes_duration: 42060.03647998581
