comms_cons: 113.61349119915269
finished_reconf: true
global_termination_time: 1154200.297
local_termination_time: 240622.15752000036
node_cons: 23713.092360000013
tot_aggregated_send: 16762
tot_msg_rcv: 166
tot_msg_sent: 340
tot_reconf_duration: 9.42
tot_sleeping_duration: 1136500.297
tot_uptimes: 296
tot_uptimes_duration: 17700.0
