comms_cons: 61.805631999226826
finished_reconf: true
global_termination_time: 624980.574
local_termination_time: 427649.1764800001
node_cons: 12860.940121116848
tot_aggregated_send: 8990
tot_msg_rcv: 117
tot_msg_sent: 287
tot_reconf_duration: 4.8100000000000005
tot_sleeping_duration: 615380.5679200024
tot_uptimes: 161
tot_uptimes_duration: 9600.006079997635
