comms_cons: 154.62435839701385
finished_reconf: true
global_termination_time: 1559485.316
local_termination_time: 538067.4565999998
node_cons: 32090.017400000117
tot_aggregated_send: 22388
tot_msg_rcv: 382
tot_msg_sent: 732
tot_reconf_duration: 25.299999999999997
tot_sleeping_duration: 1535545.316
tot_uptimes: 400
tot_uptimes_duration: 23940.0
