comms_cons: 157.01288959013579
finished_reconf: true
global_termination_time: 1561164.087
local_termination_time: 70723.85547999995
node_cons: 32059.85078112149
tot_aggregated_send: 21750
tot_msg_rcv: 724
tot_msg_sent: 1390
tot_reconf_duration: 3.08
tot_sleeping_duration: 1537224.0809199992
tot_uptimes: 400
tot_uptimes_duration: 23940.006080001072
