comms_cons: 153.85459199459268
finished_reconf: true
global_termination_time: 1559281.125
local_termination_time: 585829.6433599999
node_cons: 32066.64621999985
tot_aggregated_send: 22620
tot_msg_rcv: 250
tot_msg_sent: 515
tot_reconf_duration: 8.09
tot_sleeping_duration: 1535341.125
tot_uptimes: 400
tot_uptimes_duration: 23939.999999999884
