comms_cons: 154.01241599746447
finished_reconf: true
global_termination_time: 1558963.404
local_termination_time: 184054.38236000008
node_cons: 32068.03138000007
tot_aggregated_send: 22504
tot_msg_rcv: 274
tot_msg_sent: 630
tot_reconf_duration: 9.11
tot_sleeping_duration: 1535023.404
tot_uptimes: 400
tot_uptimes_duration: 23940.0
