comms_cons: 152.2361087977871
finished_reconf: true
global_termination_time: 1558542.566
local_termination_time: 1085757.3333599998
node_cons: 32076.179379999874
tot_aggregated_send: 22330
tot_msg_rcv: 324
tot_msg_sent: 485
tot_reconf_duration: 15.110000000000001
tot_sleeping_duration: 1534602.566
tot_uptimes: 400
tot_uptimes_duration: 23940.0
