comms_cons: 93.02257279134379
finished_reconf: true
global_termination_time: 678483.6143199985
local_termination_time: 678483.5731999986
node_cons: 14010.542780976659
tot_aggregated_send: 4498
tot_msg_rcv: 3996
tot_msg_sent: 5652
tot_reconf_duration: 37.410000000000004
tot_sleeping_duration: 668058.1176799862
tot_uptimes: 174
tot_uptimes_duration: 10425.496640012425
