comms_cons: 66.75256320023138
finished_reconf: true
global_termination_time: 681404.422
local_termination_time: 24160.558360000003
node_cons: 13994.030100000022
tot_aggregated_send: 9918
tot_msg_rcv: 64
tot_msg_sent: 164
tot_reconf_duration: 10.95
tot_sleeping_duration: 670964.422
tot_uptimes: 175
tot_uptimes_duration: 10440.0
