comms_cons: 128.06412799672444
finished_reconf: true
global_termination_time: 1291147.088
local_termination_time: 588826.2652399989
node_cons: 26519.12580000001
tot_aggregated_send: 18560
tot_msg_rcv: 329
tot_msg_sent: 576
tot_reconf_duration: 5.1
tot_sleeping_duration: 1271347.088
tot_uptimes: 331
tot_uptimes_duration: 19800.0
