comms_cons: 128.11676159674454
finished_reconf: true
global_termination_time: 1291414.087
local_termination_time: 321727.7394400002
node_cons: 26530.08486000002
tot_aggregated_send: 18502
tot_msg_rcv: 345
tot_msg_sent: 626
tot_reconf_duration: 13.17
tot_sleeping_duration: 1271614.087
tot_uptimes: 331
tot_uptimes_duration: 19800.0
