comms_cons: 127.25761919772108
finished_reconf: true
global_termination_time: 1289332.409
local_termination_time: 323068.284
node_cons: 26525.65876384285
tot_aggregated_send: 18673
tot_msg_rcv: 208
tot_msg_sent: 461
tot_reconf_duration: 8.09
tot_sleeping_duration: 1269530.562439998
tot_uptimes: 331
tot_uptimes_duration: 19801.84656000207
