comms_cons: 127.87097599366132
finished_reconf: true
global_termination_time: 1291320.537
local_termination_time: 424547.2544400007
node_cons: 26529.35154000005
tot_aggregated_send: 18502
tot_msg_rcv: 307
tot_msg_sent: 627
tot_reconf_duration: 12.629999999999999
tot_sleeping_duration: 1271520.537
tot_uptimes: 331
tot_uptimes_duration: 19800.0
