comms_cons: 242.07543665986978
finished_reconf: true
global_termination_time: 1653870.4315999998
local_termination_time: 1653870.3904799998
node_cons: 34190.80843199697
tot_aggregated_send: 8061
tot_msg_rcv: 12174
tot_msg_sent: 16570
tot_reconf_duration: 137.90999999999997
tot_sleeping_duration: 1628475.7141601215
tot_uptimes: 424
tot_uptimes_duration: 25394.71743987833
