comms_cons: 162.92793599664802
finished_reconf: true
global_termination_time: 1654612.367
local_termination_time: 4712.951
node_cons: 33998.711821116834
tot_aggregated_send: 23776
tot_msg_rcv: 239
tot_msg_sent: 749
tot_reconf_duration: 10.96
tot_sleeping_duration: 1629232.3609200025
tot_uptimes: 424
tot_uptimes_duration: 25380.006079997635
