comms_cons: 164.35192959312784
finished_reconf: true
global_termination_time: 1658788.179
local_termination_time: 7073.531
node_cons: 34070.21938223826
tot_aggregated_send: 23717
tot_msg_rcv: 391
tot_msg_sent: 872
tot_reconf_duration: 4.45
tot_sleeping_duration: 1633348.1668400015
tot_uptimes: 425
tot_uptimes_duration: 25440.012159998703
