comms_cons: 164.54579199584373
finished_reconf: true
global_termination_time: 1659200.672
local_termination_time: 6843.127
node_cons: 34069.29594223684
tot_aggregated_send: 23891
tot_msg_rcv: 421
tot_msg_sent: 698
tot_reconf_duration: 3.77
tot_sleeping_duration: 1633760.6598400024
tot_uptimes: 425
tot_uptimes_duration: 25440.01215999764
