comms_cons: 98.61562879713988
finished_reconf: true
global_termination_time: 998668.23
local_termination_time: 161340.72136000005
node_cons: 20495.23638112146
tot_aggregated_send: 14210
tot_msg_rcv: 204
tot_msg_sent: 575
tot_reconf_duration: 6.279999999999999
tot_sleeping_duration: 983368.223919999
tot_uptimes: 256
tot_uptimes_duration: 15300.006080001069
