comms_cons: 99.61566719642664
finished_reconf: true
global_termination_time: 996023.414
local_termination_time: 217982.46336000005
node_cons: 20493.625800000038
tot_aggregated_send: 13978
tot_msg_rcv: 355
tot_msg_sent: 808
tot_reconf_duration: 5.1
tot_sleeping_duration: 980723.414
tot_uptimes: 256
tot_uptimes_duration: 15300.0
