comms_cons: 98.19404799928832
finished_reconf: true
global_termination_time: 997759.012
local_termination_time: 264951.0822800008
node_cons: 20503.85154000004
tot_aggregated_send: 14326
tot_msg_rcv: 198
tot_msg_sent: 401
tot_reconf_duration: 12.629999999999999
tot_sleeping_duration: 982459.012
tot_uptimes: 256
tot_uptimes_duration: 15300.0
