comms_cons: 98.03007999803978
finished_reconf: true
global_termination_time: 994411.837
local_termination_time: 403925.8644000003
node_cons: 20431.754599999967
tot_aggregated_send: 14268
tot_msg_rcv: 199
tot_msg_sent: 433
tot_reconf_duration: 18.700000000000003
tot_sleeping_duration: 979171.837
tot_uptimes: 255
tot_uptimes_duration: 15240.0
