comms_cons: 56.70612480088949
finished_reconf: true
global_termination_time: 561030.502
local_termination_time: 46108.80936000001
node_cons: 11519.39498224287
tot_aggregated_send: 7482
tot_msg_rcv: 395
tot_msg_sent: 742
tot_reconf_duration: 22.65
tot_sleeping_duration: 552450.4898399978
tot_uptimes: 144
tot_uptimes_duration: 8580.012160002138
