comms_cons: 812.819020976764
finished_reconf: true
global_termination_time: 8152363.245
local_termination_time: 2201892.0696
node_cons: 167678.1570866974
tot_aggregated_send: 113564
tot_msg_rcv: 3475
tot_msg_sent: 6503
tot_reconf_duration: 6.279999999999999
tot_sleeping_duration: 8027143.208520013
tot_uptimes: 2088
tot_uptimes_duration: 125220.0364799872
