comms_cons: 810.7007361870265
finished_reconf: true
global_termination_time: 8150511.155
local_termination_time: 2577906.1244799998
node_cons: 167687.4974244627
tot_aggregated_send: 112868
tot_msg_rcv: 3469
tot_msg_sent: 6884
tot_reconf_duration: 13.17
tot_sleeping_duration: 8025291.130680009
tot_uptimes: 2088
tot_uptimes_duration: 125220.02431999147
