comms_cons: 807.3777089569892
finished_reconf: true
global_termination_time: 8150883.147
local_termination_time: 2601833.9182799994
node_cons: 167673.7952044629
tot_aggregated_send: 112694
tot_msg_rcv: 3345
tot_msg_sent: 6677
tot_reconf_duration: 3.08
tot_sleeping_duration: 8025663.122680008
tot_uptimes: 2088
tot_uptimes_duration: 125220.02431999147
