comms_cons: 818.3299330533415
finished_reconf: true
global_termination_time: 8150942.992
local_termination_time: 1100602.4109599986
node_cons: 167673.80331116906
tot_aggregated_send: 112868
tot_msg_rcv: 4029
tot_msg_sent: 7484
tot_reconf_duration: 3.05
tot_sleeping_duration: 8025722.931200018
tot_uptimes: 2088
tot_uptimes_duration: 125220.06079998141
