comms_cons: 618.1166784928882
finished_reconf: true
global_termination_time: 6280520.772
local_termination_time: 3171182.93
node_cons: 129209.58047686126
tot_aggregated_send: 87051
tot_msg_rcv: 2191
tot_msg_sent: 4707
tot_reconf_duration: 13.17
tot_sleeping_duration: 6184037.056080011
tot_uptimes: 1609
tot_uptimes_duration: 96483.71591998916
