comms_cons: 57.25219840144737
finished_reconf: true
global_termination_time: 559084.862
local_termination_time: 36552.58156000014
node_cons: 11501.02394448346
tot_aggregated_send: 7482
tot_msg_rcv: 409
tot_msg_sent: 811
tot_reconf_duration: 9.11
tot_sleeping_duration: 550504.8376799973
tot_uptimes: 144
tot_uptimes_duration: 8580.024320002572
