comms_cons: 242.18035199264267
finished_reconf: true
global_termination_time: 2463031.631
local_termination_time: 1143112.1643599998
node_cons: 50632.08485999917
tot_aggregated_send: 35380
tot_msg_rcv: 396
tot_msg_sent: 1034
tot_reconf_duration: 13.17
tot_sleeping_duration: 2425231.631
tot_uptimes: 631
tot_uptimes_duration: 37800.0
