comms_cons: 247.39765757357833
finished_reconf: true
global_termination_time: 2462588.986
local_termination_time: 1138994.1370399983
node_cons: 50622.69560670023
tot_aggregated_send: 32886
tot_msg_rcv: 1513
tot_msg_sent: 3204
tot_reconf_duration: 6.22
tot_sleeping_duration: 2424788.949520014
tot_uptimes: 631
tot_uptimes_duration: 37800.03647998581
