comms_cons: 245.16793601023443
finished_reconf: true
global_termination_time: 2467418.503
local_termination_time: 489199.63152000087
node_cons: 50720.3228063973
tot_aggregated_send: 35090
tot_msg_rcv: 791
tot_msg_sent: 1383
tot_reconf_duration: 15.34
tot_sleeping_duration: 2429554.805400002
tot_uptimes: 632
tot_uptimes_duration: 37863.6975999985
