comms_cons: 36.85876480122434
finished_reconf: true
global_termination_time: 354662.163
local_termination_time: 4611.11336
node_cons: 7264.973682241448
tot_aggregated_send: 4466
tot_msg_rcv: 405
tot_msg_sent: 732
tot_reconf_duration: 25.299999999999997
tot_sleeping_duration: 349262.1508399989
tot_uptimes: 91
tot_uptimes_duration: 5400.012160001075
