comms_cons: 69.3974016078548
finished_reconf: true
global_termination_time: 354675.741
local_termination_time: 5724.788480000001
node_cons: 7261.366841119162
tot_aggregated_send: 0
tot_msg_rcv: 5347
tot_msg_sent: 5200
tot_reconf_duration: 22.65
tot_sleeping_duration: 349275.73492000066
tot_uptimes: 91
tot_uptimes_duration: 5400.006079999366
