comms_cons: 35.62636800029624
finished_reconf: true
global_termination_time: 353655.313
local_termination_time: 77073.62651999977
node_cons: 7237.148262242867
tot_aggregated_send: 4756
tot_msg_rcv: 197
tot_msg_sent: 462
tot_reconf_duration: 4.8100000000000005
tot_sleeping_duration: 348255.3008399979
tot_uptimes: 91
tot_uptimes_duration: 5400.0121600021375
