comms_cons: 36.53492480037625
finished_reconf: true
global_termination_time: 353353.6384800002
local_termination_time: 225208.28136000005
node_cons: 7258.480028720235
tot_aggregated_send: 4698
tot_msg_rcv: 333
tot_msg_sent: 523
tot_reconf_duration: 5.43
tot_sleeping_duration: 347938.324
tot_uptimes: 91
tot_uptimes_duration: 5415.3144800001755
