comms_cons: 337.5942336456794
finished_reconf: true
global_termination_time: 3333818.742
local_termination_time: 157052.06112000046
node_cons: 68538.65407452747
tot_aggregated_send: 46052
tot_msg_rcv: 1828
tot_msg_sent: 3432
tot_reconf_duration: 6.279999999999999
tot_sleeping_duration: 3282638.662960023
tot_uptimes: 854
tot_uptimes_duration: 51180.079039976816
