comms_cons: 1613.6110289955557
finished_reconf: true
global_termination_time: 3330470.288519998
local_termination_time: 3330470.247399998
node_cons: 202816.84868628057
tot_aggregated_send: 0
tot_msg_rcv: 98952
tot_msg_sent: 146307
tot_reconf_duration: 37.410000000000004
tot_sleeping_duration: 3179039.335640022
tot_uptimes: 2486
tot_uptimes_duration: 151430.95287997596
