comms_cons: 656.1655047332893
finished_reconf: true
global_termination_time: 3330470.888519996
local_termination_time: 1652.2574800000004
node_cons: 68534.92123198383
tot_aggregated_send: 0
tot_msg_rcv: 50256
tot_msg_sent: 49475
tot_reconf_duration: 5.1
tot_sleeping_duration: 3279292.4005200067
tot_uptimes: 853
tot_uptimes_duration: 51178.48799998904
