comms_cons: 333.82860801659695
finished_reconf: true
global_termination_time: 3333374.632
local_termination_time: 243623.61416000035
node_cons: 68547.96998893382
tot_aggregated_send: 46922
tot_msg_rcv: 1274
tot_msg_sent: 2544
tot_reconf_duration: 13.17
tot_sleeping_duration: 3282194.5833600187
tot_uptimes: 854
tot_uptimes_duration: 51180.04863998154
