comms_cons: 334.220793641153
finished_reconf: true
global_termination_time: 3332861.144
local_termination_time: 1131337.4313599998
node_cons: 68542.86934781718
tot_aggregated_send: 46110
tot_msg_rcv: 1325
tot_msg_sent: 3365
tot_reconf_duration: 9.42
tot_sleeping_duration: 3281681.1014400157
tot_uptimes: 854
tot_uptimes_duration: 51180.04255998414
