comms_cons: 333.5709568273567
finished_reconf: true
global_termination_time: 3334205.427
local_termination_time: 1184771.82236
node_cons: 68547.21224558378
tot_aggregated_send: 46748
tot_msg_rcv: 1231
tot_msg_sent: 2721
tot_reconf_duration: 12.629999999999999
tot_sleeping_duration: 3283025.3966000113
tot_uptimes: 854
tot_uptimes_duration: 51180.03039998887
