comms_cons: 337.26357764126266
finished_reconf: true
global_termination_time: 3334089.771
local_termination_time: 1459550.5771999985
node_cons: 68536.02232558347
tot_aggregated_send: 46458
tot_msg_rcv: 1786
tot_msg_sent: 3019
tot_reconf_duration: 4.390000000000001
tot_sleeping_duration: 3282909.7406000113
tot_uptimes: 854
tot_uptimes_duration: 51180.03039998887
