comms_cons: 400.33011843144834
finished_reconf: true
global_termination_time: 4062868.098
local_termination_time: 2356328.9764799997
node_cons: 83574.46428446592
tot_aggregated_send: 55912
tot_msg_rcv: 1578
tot_msg_sent: 3357
tot_reconf_duration: 15.34
tot_sleeping_duration: 4000468.073680009
tot_uptimes: 1041
tot_uptimes_duration: 62400.02431999124
