comms_cons: 400.64582403097484
finished_reconf: true
global_termination_time: 4067296.378
local_termination_time: 2400169.97336
node_cons: 83642.5089455833
tot_aggregated_send: 55448
tot_msg_rcv: 1761
tot_msg_sent: 3688
tot_reconf_duration: 6.279999999999999
tot_sleeping_duration: 4004836.3476000116
tot_uptimes: 1042
tot_uptimes_duration: 62460.03039998884
