comms_cons: 396.27500161166927
finished_reconf: true
global_termination_time: 4062650.917999997
local_termination_time: 2830798.24648
node_cons: 83591.78699222693
tot_aggregated_send: 56840
tot_msg_rcv: 1085
tot_msg_sent: 2306
tot_reconf_duration: 13.17
tot_sleeping_duration: 4000235.755840005
tot_uptimes: 1041
tot_uptimes_duration: 62415.162159991916
