comms_cons: 402.6690688422987
finished_reconf: true
global_termination_time: 4064133.343
local_termination_time: 1217245.696639999
node_cons: 83574.18450893422
tot_aggregated_send: 56260
tot_msg_rcv: 1673
tot_msg_sent: 3269
tot_reconf_duration: 15.110000000000001
tot_sleeping_duration: 4001733.2943600174
tot_uptimes: 1041
tot_uptimes_duration: 62400.04863998247
