comms_cons: 403.4297344490254
finished_reconf: true
global_termination_time: 4067840.384
local_termination_time: 778077.4865199982
node_cons: 83638.16331116782
tot_aggregated_send: 56492
tot_msg_rcv: 1623
tot_msg_sent: 3204
tot_reconf_duration: 3.05
tot_sleeping_duration: 4005380.323200023
tot_uptimes: 1042
tot_uptimes_duration: 62460.06079997751
