comms_cons: 400.4566208341077
finished_reconf: true
global_termination_time: 4064647.341
local_termination_time: 2267022.33136
node_cons: 83561.01464558348
tot_aggregated_send: 56260
tot_msg_rcv: 1527
tot_msg_sent: 3079
tot_reconf_duration: 5.43
tot_sleeping_duration: 4002247.310600011
tot_uptimes: 1041
tot_uptimes_duration: 62400.030399989075
