comms_cons: 2.2961407999924126
finished_reconf: true
global_termination_time: 17164.144
local_termination_time: 4889.63136
node_cons: 328.9240599999996
tot_aggregated_send: 0
tot_msg_rcv: 178
tot_msg_sent: 171
tot_reconf_duration: 5.57
tot_sleeping_duration: 16924.144
tot_uptimes: 5
tot_uptimes_duration: 240.0
