comms_cons: 345.7889024441002
finished_reconf: true
global_termination_time: 565266.363
local_termination_time: 353240.51600000047
node_cons: 56410.63104354228
tot_aggregated_send: 0
tot_msg_rcv: 23769
tot_msg_sent: 28788
tot_reconf_duration: 15.34
tot_sleeping_duration: 523152.99531998276
tot_uptimes: 679
tot_uptimes_duration: 42113.36768001725
