comms_cons: 79.00366081003246
finished_reconf: true
global_termination_time: 565266.363
local_termination_time: 358636.95136
node_cons: 11577.504522242836
tot_aggregated_send: 0
tot_msg_rcv: 6090
tot_msg_sent: 5919
tot_reconf_duration: 6.279999999999999
tot_sleeping_duration: 556626.3508399979
tot_uptimes: 145
tot_uptimes_duration: 8640.012160002138
