comms_cons: 80.59983360990518
finished_reconf: true
global_termination_time: 566755.737
local_termination_time: 353229.67824000044
node_cons: 11656.706504485726
tot_aggregated_send: 0
tot_msg_rcv: 6270
tot_msg_sent: 5980
tot_reconf_duration: 5.43
tot_sleeping_duration: 558055.7126799957
tot_uptimes: 146
tot_uptimes_duration: 8700.024320004275
