comms_cons: 131.82743039242354
finished_reconf: true
global_termination_time: 1308323.6646799985
local_termination_time: 1308323.6235599986
node_cons: 27014.944963114787
tot_aggregated_send: 18314
tot_msg_rcv: 574
tot_msg_sent: 1148
tot_reconf_duration: 24.59
tot_sleeping_duration: 1288173.1406000024
tot_uptimes: 336
tot_uptimes_duration: 20150.524079996067
