comms_cons: 519.560908908254
finished_reconf: true
global_termination_time: 5147257.533
local_termination_time: 19000.393480000002
node_cons: 105895.74918894136
tot_aggregated_send: 71978
tot_msg_rcv: 2517
tot_msg_sent: 4473
tot_reconf_duration: 5.57
tot_sleeping_duration: 5068177.484360011
tot_uptimes: 1319
tot_uptimes_duration: 79080.04863998841
