comms_cons: 516.7620864922029
finished_reconf: true
global_termination_time: 5148868.57
local_termination_time: 908374.1320799995
node_cons: 105892.38405116671
tot_aggregated_send: 70934
tot_msg_rcv: 2562
tot_msg_sent: 5048
tot_reconf_duration: 3.08
tot_sleeping_duration: 5069788.509200023
tot_uptimes: 1319
tot_uptimes_duration: 79080.06079997751
