comms_cons: 505.92586884226523
finished_reconf: true
global_termination_time: 5148860.477
local_termination_time: 1696918.2785999996
node_cons: 105900.94492446465
tot_aggregated_send: 72210
tot_msg_rcv: 1495
tot_msg_sent: 3192
tot_reconf_duration: 9.42
tot_sleeping_duration: 5069780.452680009
tot_uptimes: 1319
tot_uptimes_duration: 79080.02431999095
