comms_cons: 507.24144645787135
finished_reconf: true
global_termination_time: 5150007.805
local_termination_time: 1777095.32436
node_cons: 105905.30410446532
tot_aggregated_send: 71978
tot_msg_rcv: 1774
tot_msg_sent: 3346
tot_reconf_duration: 12.629999999999999
tot_sleeping_duration: 5070927.780680008
tot_uptimes: 1319
tot_uptimes_duration: 79080.02431999124
