comms_cons: 518.6367681181449
finished_reconf: true
global_termination_time: 5148012.019
local_termination_time: 2028072.2083599996
node_cons: 105892.30260558205
tot_aggregated_send: 71804
tot_msg_rcv: 2380
tot_msg_sent: 4645
tot_reconf_duration: 3.05
tot_sleeping_duration: 5068931.988600011
tot_uptimes: 1319
tot_uptimes_duration: 79080.0303999891
