comms_cons: 114.3572159787519
finished_reconf: true
global_termination_time: 969075.03836
local_termination_time: 78777.00383999995
node_cons: 19973.866741587768
tot_aggregated_send: 6844
tot_msg_rcv: 4148
tot_msg_sent: 6395
tot_reconf_duration: 18.21
tot_sleeping_duration: 954176.5039600091
tot_uptimes: 249
tot_uptimes_duration: 14898.534399990851
