comms_cons: 94.16213759954742
finished_reconf: true
global_termination_time: 971907.93
local_termination_time: 110650.43035999997
node_cons: 19932.84824000003
tot_aggregated_send: 14036
tot_msg_rcv: 105
tot_msg_sent: 171
tot_reconf_duration: 6.279999999999999
tot_sleeping_duration: 957027.93
tot_uptimes: 249
tot_uptimes_duration: 14880.0
