comms_cons: 95.61551359910958
finished_reconf: true
global_termination_time: 969075.5164399986
local_termination_time: 347965.4162400005
node_cons: 20004.56585815825
tot_aggregated_send: 14152
tot_msg_rcv: 116
tot_msg_sent: 265
tot_reconf_duration: 4.8100000000000005
tot_sleeping_duration: 954140.465
tot_uptimes: 249
tot_uptimes_duration: 14935.051439998671
