comms_cons: 94.73390079978554
finished_reconf: true
global_termination_time: 972418.336
local_termination_time: 810663.1936799994
node_cons: 20010.621620000053
tot_aggregated_send: 14210
tot_msg_rcv: 55
tot_msg_sent: 134
tot_reconf_duration: 4.390000000000001
tot_sleeping_duration: 957478.336
tot_uptimes: 250
tot_uptimes_duration: 14940.0
