comms_cons: 96.31353599777309
finished_reconf: true
global_termination_time: 971805.374
local_termination_time: 92411.17775999948
node_cons: 19934.939560000046
tot_aggregated_send: 13862
tot_msg_rcv: 265
tot_msg_sent: 512
tot_reconf_duration: 7.819999999999999
tot_sleeping_duration: 956925.374
tot_uptimes: 249
tot_uptimes_duration: 14880.000000000004
