comms_cons: 702.1433929344863
finished_reconf: true
global_termination_time: 3554562.441
local_termination_time: 2936.3363600000002
node_cons: 73134.17802670515
tot_aggregated_send: 0
tot_msg_rcv: 53941
tot_msg_sent: 52777
tot_reconf_duration: 18.21
tot_sleeping_duration: 3499962.4045200096
tot_uptimes: 911
tot_uptimes_duration: 54600.03647999017
