comms_cons: 358.0632448320529
finished_reconf: true
global_termination_time: 3552764.505
local_termination_time: 1756898.4770799987
node_cons: 73041.4802267007
tot_aggregated_send: 48720
tot_msg_rcv: 1930
tot_msg_sent: 3773
tot_reconf_duration: 9.11
tot_sleeping_duration: 3498224.468520013
tot_uptimes: 910
tot_uptimes_duration: 54540.03647998674
