comms_cons: 108.75724799492033
finished_reconf: true
global_termination_time: 1076648.915
local_termination_time: 443429.4153600001
node_cons: 22124.27498223833
tot_aggregated_send: 14616
tot_msg_rcv: 770
tot_msg_sent: 1144
tot_reconf_duration: 22.65
tot_sleeping_duration: 1060148.9028400013
tot_uptimes: 276
tot_uptimes_duration: 16500.012159998703
