comms_cons: 46.134950400493295
finished_reconf: true
global_termination_time: 459305.0194800001
local_termination_time: 459304.97836000007
node_cons: 9451.54885260182
tot_aggregated_send: 6366
tot_msg_rcv: 227
tot_msg_sent: 418
tot_reconf_duration: 24.59
tot_sleeping_duration: 452271.2960799988
tot_uptimes: 118
tot_uptimes_duration: 7033.723400001341
