comms_cons: 47.422873601080724
finished_reconf: true
global_termination_time: 463208.256
local_termination_time: 6636.780720000001
node_cons: 9510.911264483457
tot_aggregated_send: 6032
tot_msg_rcv: 379
tot_msg_sent: 797
tot_reconf_duration: 22.65
tot_sleeping_duration: 456128.2316799974
tot_uptimes: 119
tot_uptimes_duration: 7080.0243200025725
