comms_cons: 46.45475840064181
finished_reconf: true
global_termination_time: 459791.36
local_termination_time: 28458.598360000004
node_cons: 9403.930041120308
tot_aggregated_send: 6090
tot_msg_rcv: 275
tot_msg_sent: 695
tot_reconf_duration: 3.05
tot_sleeping_duration: 452771.3539199998
tot_uptimes: 118
tot_uptimes_duration: 7020.0060800002175
