comms_cons: 47.016153600943554
finished_reconf: true
global_termination_time: 461170.567
local_termination_time: 287543.2983600001
node_cons: 9490.747701121452
tot_aggregated_send: 6090
tot_msg_rcv: 335
tot_msg_sent: 721
tot_reconf_duration: 7.819999999999999
tot_sleeping_duration: 454090.5609199989
tot_uptimes: 119
tot_uptimes_duration: 7080.006080001069
