comms_cons: 119.14931199421937
finished_reconf: true
global_termination_time: 1174410.892
local_termination_time: 197251.03436000008
node_cons: 24107.97790223832
tot_aggregated_send: 16182
tot_msg_rcv: 710
tot_msg_sent: 1218
tot_reconf_duration: 4.390000000000001
tot_sleeping_duration: 1156410.8798400012
tot_uptimes: 301
tot_uptimes_duration: 18000.012159998703
