comms_cons: 66.88414719954952
finished_reconf: true
global_termination_time: 680623.776
local_termination_time: 106115.14735999997
node_cons: 13999.991720000036
tot_aggregated_send: 9860
tot_msg_rcv: 88
tot_msg_sent: 218
tot_reconf_duration: 15.34
tot_sleeping_duration: 670183.776
tot_uptimes: 175
tot_uptimes_duration: 10440.0
