comms_cons: 67.75918079920699
finished_reconf: true
global_termination_time: 680754.823
local_termination_time: 184598.61236000006
node_cons: 13985.691980000018
tot_aggregated_send: 9686
tot_msg_rcv: 211
tot_msg_sent: 402
tot_reconf_duration: 4.8100000000000005
tot_sleeping_duration: 670314.823
tot_uptimes: 175
tot_uptimes_duration: 10440.0
