comms_cons: 279.11180797826745
finished_reconf: true
global_termination_time: 2779308.935
local_termination_time: 785131.3883599999
node_cons: 57146.53430893392
tot_aggregated_send: 38338
tot_msg_rcv: 1477
tot_msg_sent: 2609
tot_reconf_duration: 18.21
tot_sleeping_duration: 2736648.8863600185
tot_uptimes: 712
tot_uptimes_duration: 42660.04863998131
