comms_cons: 273.24733439339445
finished_reconf: true
global_termination_time: 2778079.134
local_termination_time: 1284354.2247599992
node_cons: 57156.09739999905
tot_aggregated_send: 40020
tot_msg_rcv: 548
tot_msg_sent: 964
tot_reconf_duration: 25.299999999999997
tot_sleeping_duration: 2735419.134
tot_uptimes: 712
tot_uptimes_duration: 42660.0
