comms_cons: 274.1157887944172
finished_reconf: true
global_termination_time: 2777876.055
local_termination_time: 1035640.3623599999
node_cons: 57139.62485999905
tot_aggregated_send: 39962
tot_msg_rcv: 610
tot_msg_sent: 1092
tot_reconf_duration: 13.17
tot_sleeping_duration: 2735216.055
tot_uptimes: 712
tot_uptimes_duration: 42660.0
