comms_cons: 275.72339201526427
finished_reconf: true
global_termination_time: 2778739.407
local_termination_time: 599408.1573599998
node_cons: 57125.922639998935
tot_aggregated_send: 39904
tot_msg_rcv: 672
tot_msg_sent: 1332
tot_reconf_duration: 3.08
tot_sleeping_duration: 2736079.407
tot_uptimes: 712
tot_uptimes_duration: 42660.0
