comms_cons: 270.43206399093947
finished_reconf: true
global_termination_time: 2777655.234
local_termination_time: 1743424.598
node_cons: 57137.55168479347
tot_aggregated_send: 39610
tot_msg_rcv: 499
tot_msg_sent: 995
tot_reconf_duration: 10.95
tot_sleeping_duration: 2734994.5308000045
tot_uptimes: 712
tot_uptimes_duration: 42660.70319999568
