comms_cons: 73.05669120022478
finished_reconf: true
global_termination_time: 719778.4444799998
local_termination_time: 719778.4033599999
node_cons: 14834.360506566134
tot_aggregated_send: 9802
tot_msg_rcv: 430
tot_msg_sent: 872
tot_reconf_duration: 24.59
tot_sleeping_duration: 708724.6974399952
tot_uptimes: 185
tot_uptimes_duration: 11053.747040004557
