comms_cons: 69.14206720044233
finished_reconf: true
global_termination_time: 723753.241
local_termination_time: 237292.593
node_cons: 14885.607605445664
tot_aggregated_send: 9847
tot_msg_rcv: 193
tot_msg_sent: 470
tot_reconf_duration: 15.34
tot_sleeping_duration: 712651.8400399958
tot_uptimes: 186
tot_uptimes_duration: 11101.400960004219
