comms_cons: 72.29882879928559
finished_reconf: true
global_termination_time: 720213.879
local_termination_time: 199391.58636000004
node_cons: 14789.10826224288
tot_aggregated_send: 9454
tot_msg_rcv: 605
tot_msg_sent: 930
tot_reconf_duration: 4.8100000000000005
tot_sleeping_duration: 709173.8668399978
tot_uptimes: 185
tot_uptimes_duration: 11040.012160002138
