comms_cons: 72.03566080034338
finished_reconf: true
global_termination_time: 724045.591
local_termination_time: 249122.70136000004
node_cons: 14867.050041121436
tot_aggregated_send: 9860
tot_msg_rcv: 421
tot_msg_sent: 668
tot_reconf_duration: 3.05
tot_sleeping_duration: 712945.5849199989
tot_uptimes: 186
tot_uptimes_duration: 11100.006080001069
