comms_cons: 45.232000000630926
finished_reconf: true
global_termination_time: 449457.382
local_termination_time: 143649.17236000006
node_cons: 9245.63198000001
tot_aggregated_send: 6148
tot_msg_rcv: 208
tot_msg_sent: 519
tot_reconf_duration: 4.8100000000000005
tot_sleeping_duration: 442557.382
tot_uptimes: 116
tot_uptimes_duration: 6900.0
