comms_cons: 215.00825599160063
finished_reconf: true
global_termination_time: 2170607.153
local_termination_time: 758633.2623599998
node_cons: 44595.62579999951
tot_aggregated_send: 31146
tot_msg_rcv: 494
tot_msg_sent: 1040
tot_reconf_duration: 5.1
tot_sleeping_duration: 2137307.153
tot_uptimes: 556
tot_uptimes_duration: 33300.0
