comms_cons: 631.9236475697143
finished_reconf: true
global_termination_time: 2169627.2545999996
local_termination_time: 2169627.2134799995
node_cons: 88548.66777839726
tot_aggregated_send: 0
tot_msg_rcv: 32207
tot_msg_sent: 63841
tot_reconf_duration: 37.410000000000004
tot_sleeping_duration: 2103534.749
tot_uptimes: 1091
tot_uptimes_duration: 66092.50559999986
