comms_cons: 214.63000959447112
finished_reconf: true
global_termination_time: 2170581.804
local_termination_time: 794172.1617199997
node_cons: 44609.21937999952
tot_aggregated_send: 31204
tot_msg_rcv: 445
tot_msg_sent: 973
tot_reconf_duration: 15.110000000000001
tot_sleeping_duration: 2137281.804
tot_uptimes: 556
tot_uptimes_duration: 33300.0
