comms_cons: 214.7421247920926
finished_reconf: true
global_termination_time: 2170781.611
local_termination_time: 615231.4467199988
node_cons: 44601.4923599996
tot_aggregated_send: 31320
tot_msg_rcv: 457
tot_msg_sent: 862
tot_reconf_duration: 9.42
tot_sleeping_duration: 2137481.611
tot_uptimes: 556
tot_uptimes_duration: 33300.0
