comms_cons: 112.41941759714523
finished_reconf: true
global_termination_time: 1143722.416
local_termination_time: 5746.8
node_cons: 23491.77150111687
tot_aggregated_send: 16333
tot_msg_rcv: 262
tot_msg_sent: 492
tot_reconf_duration: 23.919999999999998
tot_sleeping_duration: 1126202.4099200023
tot_uptimes: 293
tot_uptimes_duration: 17520.006079997635
