comms_cons: 112.86702079535414
finished_reconf: true
global_termination_time: 1137598.517
local_termination_time: 7167.016
node_cons: 23393.275041116867
tot_aggregated_send: 16171
tot_msg_rcv: 310
tot_msg_sent: 674
tot_reconf_duration: 10.55
tot_sleeping_duration: 1120138.5109200024
tot_uptimes: 292
tot_uptimes_duration: 17460.006079997635
