comms_cons: 1.8553343999938698
finished_reconf: true
global_termination_time: 11374.455
local_termination_time: 5584.571360000001
node_cons: 171.6662200000002
tot_aggregated_send: 0
tot_msg_rcv: 173
tot_msg_sent: 109
tot_reconf_duration: 8.09
tot_sleeping_duration: 11254.455
tot_uptimes: 3
tot_uptimes_duration: 120.0
