comms_cons: 2.5000959999976704
finished_reconf: true
global_termination_time: 12699.232
local_termination_time: 6549.862360000001
node_cons: 251.63956000000084
tot_aggregated_send: 0
tot_msg_rcv: 266
tot_msg_sent: 114
tot_reconf_duration: 7.819999999999999
tot_sleeping_duration: 12519.232
tot_uptimes: 4
tot_uptimes_duration: 180.0
