comms_cons: 296.854131199703
finished_reconf: true
global_termination_time: 2992769.952
local_termination_time: 1294659.4413599998
node_cons: 61565.193603349566
tot_aggregated_send: 41702
tot_msg_rcv: 1152
tot_msg_sent: 2267
tot_reconf_duration: 18.21
tot_sleeping_duration: 2946809.933760007
tot_uptimes: 767
tot_uptimes_duration: 45960.01823999314
