comms_cons: 305.59289600870625
finished_reconf: true
global_termination_time: 2993738.486
local_termination_time: 1041700.26536
node_cons: 61571.28825228954
tot_aggregated_send: 40136
tot_msg_rcv: 2280
tot_msg_sent: 4032
tot_reconf_duration: 22.65
tot_sleeping_duration: 2947778.419120022
tot_uptimes: 767
tot_uptimes_duration: 45960.06687997811
