comms_cons: 305.8215808295645
finished_reconf: true
global_termination_time: 2993584.23
local_termination_time: 1090039.8245999976
node_cons: 61545.81699357414
tot_aggregated_send: 39208
tot_msg_rcv: 2676
tot_msg_sent: 4600
tot_reconf_duration: 3.05
tot_sleeping_duration: 2947623.307600018
tot_uptimes: 767
tot_uptimes_duration: 45960.92239998176
