comms_cons: 199.7839871901388
finished_reconf: true
global_termination_time: 2005575.247
local_termination_time: 506534.1175200004
node_cons: 41226.79137999967
tot_aggregated_send: 28710
tot_msg_rcv: 620
tot_msg_sent: 1036
tot_reconf_duration: 9.11
tot_sleeping_duration: 1974795.247
tot_uptimes: 514
tot_uptimes_duration: 30780.0
