comms_cons: 198.98853119401107
finished_reconf: true
global_termination_time: 2006246.25
local_termination_time: 806737.4103599999
node_cons: 41231.57968111652
tot_aggregated_send: 28594
tot_msg_rcv: 502
tot_msg_sent: 1149
tot_reconf_duration: 12.629999999999999
tot_sleeping_duration: 1975466.2439200024
tot_uptimes: 514
tot_uptimes_duration: 30780.006079997635
