comms_cons: 199.9879423832933
finished_reconf: true
global_termination_time: 2005097.932
local_termination_time: 1149177.35836
node_cons: 41225.09654781759
tot_aggregated_send: 27492
tot_msg_rcv: 1097
tot_msg_sent: 1808
tot_reconf_duration: 7.819999999999999
tot_sleeping_duration: 1974317.8894400166
tot_uptimes: 514
tot_uptimes_duration: 30780.04255998344
