comms_cons: 529.3554941081717
finished_reconf: true
global_termination_time: 1094647.7265999997
local_termination_time: 1094647.6854799998
node_cons: 66556.61336418497
tot_aggregated_send: 0
tot_msg_rcv: 32477
tot_msg_sent: 47980
tot_reconf_duration: 37.410000000000004
tot_sleeping_duration: 1044979.45880001
tot_uptimes: 811
tot_uptimes_duration: 49668.26779998974
