comms_cons: 111.98767999220688
finished_reconf: true
global_termination_time: 1099031.808
local_termination_time: 106603.38847999943
node_cons: 22612.61496830804
tot_aggregated_send: 14964
tot_msg_rcv: 717
tot_msg_sent: 1341
tot_reconf_duration: 15.34
tot_sleeping_duration: 1082159.6771200087
tot_uptimes: 282
tot_uptimes_duration: 16872.130879991033
