comms_cons: 108.22783999759473
finished_reconf: true
global_termination_time: 1096953.954
local_termination_time: 728814.4363599998
node_cons: 22502.125800000005
tot_aggregated_send: 15776
tot_msg_rcv: 214
tot_msg_sent: 460
tot_reconf_duration: 5.1
tot_sleeping_duration: 1080153.954
tot_uptimes: 281
tot_uptimes_duration: 16800.0
