comms_cons: 109.66614399425114
finished_reconf: true
global_termination_time: 1095076.795
local_termination_time: 389508.68
node_cons: 22515.221154162748
tot_aggregated_send: 15421
tot_msg_rcv: 438
tot_msg_sent: 810
tot_reconf_duration: 13.17
tot_sleeping_duration: 1078275.1995599978
tot_uptimes: 281
tot_uptimes_duration: 16801.595440002042
