comms_cons: 108.09625599876787
finished_reconf: true
global_termination_time: 1100459.324
local_termination_time: 306532.81736000004
node_cons: 22579.722640000058
tot_aggregated_send: 16008
tot_msg_rcv: 134
tot_msg_sent: 288
tot_reconf_duration: 3.08
tot_sleeping_duration: 1083599.324
tot_uptimes: 282
tot_uptimes_duration: 16860.0
