comms_cons: 216.61254388079877
finished_reconf: true
global_termination_time: 1095640.738
local_termination_time: 2645.36736
node_cons: 22525.98312335513
tot_aggregated_send: 0
tot_msg_rcv: 16687
tot_msg_sent: 16237
tot_reconf_duration: 22.65
tot_sleeping_duration: 1078840.7197600035
tot_uptimes: 281
tot_uptimes_duration: 16800.018239996338
