comms_cons: 108.96989439777731
finished_reconf: true
global_termination_time: 1096517.322
local_termination_time: 719543.8443599999
node_cons: 22512.359681119193
tot_aggregated_send: 15718
tot_msg_rcv: 333
tot_msg_sent: 512
tot_reconf_duration: 12.629999999999999
tot_sleeping_duration: 1079717.3159200007
tot_uptimes: 281
tot_uptimes_duration: 16800.006079999366
