comms_cons: 108.1231999982547
finished_reconf: true
global_termination_time: 1098372.091
local_termination_time: 793971.667
node_cons: 22623.046631756893
tot_aggregated_send: 15948
tot_msg_rcv: 137
tot_msg_sent: 349
tot_reconf_duration: 18.700000000000003
tot_sleeping_duration: 1081495.5771600024
tot_uptimes: 282
tot_uptimes_duration: 16876.5138399977
