comms_cons: 112.82742399103513
finished_reconf: true
global_termination_time: 1099535.975
local_termination_time: 137094.31936000095
node_cons: 22579.76331119133
tot_aggregated_send: 14732
tot_msg_rcv: 838
tot_msg_sent: 1578
tot_reconf_duration: 3.05
tot_sleeping_duration: 1082675.9142000065
tot_uptimes: 282
tot_uptimes_duration: 16860.060799993516
