comms_cons: 112.21313279022958
finished_reconf: true
global_termination_time: 1096588.495
local_termination_time: 34638.810440000045
node_cons: 22505.89283005152
tot_aggregated_send: 14732
tot_msg_rcv: 810
tot_msg_sent: 1514
tot_reconf_duration: 7.819999999999999
tot_sleeping_duration: 1079788.4402800214
tot_uptimes: 281
tot_uptimes_duration: 16800.05471997871
