comms_cons: 113.11353598912456
finished_reconf: true
global_termination_time: 1095978.035
local_termination_time: 173433.74204000077
node_cons: 22503.72817119135
tot_aggregated_send: 14674
tot_msg_rcv: 943
tot_msg_sent: 1576
tot_reconf_duration: 6.22
tot_sleeping_duration: 1079177.9742000063
tot_uptimes: 281
tot_uptimes_duration: 16800.060799993516
