comms_cons: 2.302719999994502
finished_reconf: true
global_termination_time: 15210.177
local_termination_time: 3983.88736
node_cons: 246.98161999999982
tot_aggregated_send: 0
tot_msg_rcv: 179
tot_msg_sent: 170
tot_reconf_duration: 4.390000000000001
tot_sleeping_duration: 15030.177
tot_uptimes: 4
tot_uptimes_duration: 180.0
