comms_cons: 11.47871360005994
finished_reconf: true
global_termination_time: 112679.746
local_termination_time: 19025.878760000003
node_cons: 2257.108483360873
tot_aggregated_send: 464
tot_msg_rcv: 500
tot_msg_sent: 780
tot_reconf_duration: 5.57
tot_sleeping_duration: 110999.72775999935
tot_uptimes: 29
tot_uptimes_duration: 1680.0182400006524
