comms_cons: 13.496448000065126
finished_reconf: true
global_termination_time: 111812.16
local_termination_time: 32454.08936
node_cons: 2264.4063822405833
tot_aggregated_send: 754
tot_msg_rcv: 601
tot_msg_sent: 698
tot_reconf_duration: 10.95
tot_sleeping_duration: 110132.14783999957
tot_uptimes: 29
tot_uptimes_duration: 1680.012160000435
