comms_cons: 374.2775296661686
finished_reconf: true
global_termination_time: 3684144.531
local_termination_time: 1957366.1003599998
node_cons: 75791.40312334918
tot_aggregated_send: 50866
tot_msg_rcv: 2210
tot_msg_sent: 3812
tot_reconf_duration: 22.65
tot_sleeping_duration: 3627564.512760007
tot_uptimes: 944
tot_uptimes_duration: 56580.01823999337
