comms_cons: 1782.243285751422
finished_reconf: true
global_termination_time: 3682604.8005999997
local_termination_time: 3682604.7594799995
node_cons: 223846.42261631208
tot_aggregated_send: 0
tot_msg_rcv: 109406
tot_msg_sent: 161486
tot_reconf_duration: 37.410000000000004
tot_sleeping_duration: 3515468.4153600293
tot_uptimes: 2742
tot_uptimes_duration: 167136.3852399702
