comms_cons: 372.4820352370041
finished_reconf: true
global_termination_time: 3683905.482
local_termination_time: 2117557.5793600003
node_cons: 75781.19636781835
tot_aggregated_send: 50808
tot_msg_rcv: 1927
tot_msg_sent: 3881
tot_reconf_duration: 15.110000000000001
tot_sleeping_duration: 3627325.4394400152
tot_uptimes: 944
tot_uptimes_duration: 56580.04255998484
