comms_cons: 371.512243259471
finished_reconf: true
global_termination_time: 3684363.158
local_termination_time: 2325215.4763599997
node_cons: 75777.80410446633
tot_aggregated_send: 51272
tot_msg_rcv: 1781
tot_msg_sent: 3415
tot_reconf_duration: 12.629999999999999
tot_sleeping_duration: 3627783.1336800084
tot_uptimes: 944
tot_uptimes_duration: 56580.02431999124
