comms_cons: 370.41553922803485
finished_reconf: true
global_termination_time: 3684677.254
local_termination_time: 2422722.5346
node_cons: 75775.51452334895
tot_aggregated_send: 51678
tot_msg_rcv: 1610
tot_msg_sent: 3013
tot_reconf_duration: 10.95
tot_sleeping_duration: 3628097.235760007
tot_uptimes: 944
tot_uptimes_duration: 56580.01823999337
