comms_cons: 369.5361536319163
finished_reconf: true
global_termination_time: 3683399.51
local_termination_time: 1589518.4583599998
node_cons: 75766.62232558316
tot_aggregated_send: 51736
tot_msg_rcv: 1469
tot_msg_sent: 2961
tot_reconf_duration: 4.390000000000001
tot_sleeping_duration: 3626819.479600011
tot_uptimes: 944
tot_uptimes_duration: 56580.03039998887
