comms_cons: 371.65305605415983
finished_reconf: true
global_termination_time: 3685085.495
local_termination_time: 798660.5123599998
node_cons: 75776.06039116801
tot_aggregated_send: 51156
tot_msg_rcv: 1792
tot_msg_sent: 3542
tot_reconf_duration: 11.31
tot_sleeping_duration: 3628505.434200023
tot_uptimes: 944
tot_uptimes_duration: 56580.06079997751
