comms_cons: 213.21213437786562
finished_reconf: true
global_termination_time: 2096297.77
local_termination_time: 125198.41179999984
node_cons: 43087.05059118174
tot_aggregated_send: 28594
tot_msg_rcv: 1325
tot_msg_sent: 2488
tot_reconf_duration: 18.21
tot_sleeping_duration: 2064137.7092000132
tot_uptimes: 537
tot_uptimes_duration: 32160.060799986648
