comms_cons: 207.82937598686075
finished_reconf: true
global_termination_time: 2092634.369
local_termination_time: 408503.9875200004
node_cons: 43016.29810558376
tot_aggregated_send: 29174
tot_msg_rcv: 765
tot_msg_sent: 1650
tot_reconf_duration: 25.299999999999997
tot_sleeping_duration: 2060534.3386000118
tot_uptimes: 536
tot_uptimes_duration: 32100.030399988173
