comms_cons: 211.74497278322545
finished_reconf: true
global_termination_time: 2096234.516
local_termination_time: 1316021.36236
node_cons: 43072.875842233356
tot_aggregated_send: 28942
tot_msg_rcv: 1201
tot_msg_sent: 2041
tot_reconf_duration: 7.819999999999999
tot_sleeping_duration: 2064074.5038400048
tot_uptimes: 537
tot_uptimes_duration: 32160.01215999527
