comms_cons: 116.76203519579575
finished_reconf: true
global_termination_time: 1173138.00524
local_termination_time: 2668.86648
node_cons: 24145.8053238458
tot_aggregated_send: 16472
tot_msg_rcv: 442
tot_msg_sent: 833
tot_reconf_duration: 18.21
tot_sleeping_duration: 1155123.7586799958
tot_uptimes: 301
tot_uptimes_duration: 18014.246560004307
