comms_cons: 118.11700479715485
finished_reconf: true
global_termination_time: 1173692.656
local_termination_time: 591690.9110799987
node_cons: 24108.564544476638
tot_aggregated_send: 16240
tot_msg_rcv: 567
tot_msg_sent: 1147
tot_reconf_duration: 4.8100000000000005
tot_sleeping_duration: 1155692.6316800024
tot_uptimes: 301
tot_uptimes_duration: 18000.024319997407
