comms_cons: 120.54975999209985
finished_reconf: true
global_termination_time: 1175758.19
local_termination_time: 18159.922359999997
node_cons: 24197.747826712544
tot_aggregated_send: 16066
tot_msg_rcv: 865
tot_msg_sent: 1391
tot_reconf_duration: 11.31
tot_sleeping_duration: 1157698.1535200055
tot_uptimes: 302
tot_uptimes_duration: 18060.036479994407
