comms_cons: 150.6588543829411
finished_reconf: true
global_termination_time: 1464682.684
local_termination_time: 319421.1776800008
node_cons: 30131.731452294305
tot_aggregated_send: 19604
tot_msg_rcv: 1138
tot_msg_sent: 2157
tot_reconf_duration: 3.05
tot_sleeping_duration: 1442182.6171200192
tot_uptimes: 376
tot_uptimes_duration: 22500.06687998073
