comms_cons: 150.37607678625417
finished_reconf: true
global_termination_time: 1464645.281
local_termination_time: 708168.9363599999
node_cons: 30135.99560670116
tot_aggregated_send: 19778
tot_msg_rcv: 1101
tot_msg_sent: 1979
tot_reconf_duration: 6.22
tot_sleeping_duration: 1442145.2445200142
tot_uptimes: 376
tot_uptimes_duration: 22500.036479985807
