comms_cons: 102.8449599816191
finished_reconf: true
global_termination_time: 867677.0862400002
local_termination_time: 25496.338480000002
node_cons: 17901.110809586033
tot_aggregated_send: 8178
tot_msg_rcv: 3025
tot_msg_sent: 4431
tot_reconf_duration: 18.21
tot_sleeping_duration: 854326.5398400106
tot_uptimes: 223
tot_uptimes_duration: 13350.546399989558
