comms_cons: 85.20721919999507
finished_reconf: true
global_termination_time: 871785.833
local_termination_time: 812904.6043599999
node_cons: 17924.34824000006
tot_aggregated_send: 12818
tot_msg_rcv: 68
tot_msg_sent: 65
tot_reconf_duration: 6.279999999999999
tot_sleeping_duration: 858405.833
tot_uptimes: 224
tot_uptimes_duration: 13380.0
