comms_cons: 197.2378367979029
finished_reconf: true
global_termination_time: 2010643.811
local_termination_time: 1650882.9293599997
node_cons: 41301.6857999995
tot_aggregated_send: 29116
tot_msg_rcv: 276
tot_msg_sent: 587
tot_reconf_duration: 5.1
tot_sleeping_duration: 1979803.811
tot_uptimes: 515
tot_uptimes_duration: 30840.0
