comms_cons: 202.40677758287453
finished_reconf: true
global_termination_time: 2005898.43524
local_termination_time: 34058.29480000014
node_cons: 41248.86326494389
tot_aggregated_send: 27898
tot_msg_rcv: 1010
tot_msg_sent: 1856
tot_reconf_duration: 11.31
tot_sleeping_duration: 1975104.1826000118
tot_uptimes: 514
tot_uptimes_duration: 30794.252639988204
