comms_cons: 74.68112640001625
finished_reconf: true
global_termination_time: 776223.468
local_termination_time: 632726.1993599999
node_cons: 15932.049179999984
tot_aggregated_send: 11020
tot_msg_rcv: 149
tot_msg_sent: 183
tot_reconf_duration: 18.21
tot_sleeping_duration: 764343.468
tot_uptimes: 199
tot_uptimes_duration: 11880.000000000007
