comms_cons: 76.92400640089271
finished_reconf: true
global_termination_time: 772765.1821200001
local_termination_time: 167311.57548000006
node_cons: 15861.99165303991
tot_aggregated_send: 10556
tot_msg_rcv: 380
tot_msg_sent: 756
tot_reconf_duration: 4.8100000000000005
tot_sleeping_duration: 760923.9127600002
tot_uptimes: 198
tot_uptimes_duration: 11841.269359999918
