comms_cons: 83.56962559573506
finished_reconf: true
global_termination_time: 795961.036
local_termination_time: 217857.75068000026
node_cons: 16316.01907008371
tot_aggregated_send: 9918
tot_msg_rcv: 919
tot_msg_sent: 1866
tot_reconf_duration: 5.1
tot_sleeping_duration: 783780.9812799972
tot_uptimes: 204
tot_uptimes_duration: 12180.05472000275
