comms_cons: 80.85836799454307
finished_reconf: true
global_termination_time: 795767.157
local_termination_time: 302052.1881200005
node_cons: 16329.5638033551
tot_aggregated_send: 10672
tot_msg_rcv: 524
tot_msg_sent: 1094
tot_reconf_duration: 15.110000000000001
tot_sleeping_duration: 783587.1387600037
tot_uptimes: 204
tot_uptimes_duration: 12180.018239996338
