comms_cons: 80.1422399934145
finished_reconf: true
global_termination_time: 791731.858
local_termination_time: 539189.7400399994
node_cons: 16241.49678335058
tot_aggregated_send: 10962
tot_msg_rcv: 470
tot_msg_sent: 749
tot_reconf_duration: 9.42
tot_sleeping_duration: 779611.8397600071
tot_uptimes: 203
tot_uptimes_duration: 12120.018239992904
