comms_cons: 158.49691519020644
finished_reconf: true
global_termination_time: 1576580.2
local_termination_time: 269738.81736000004
node_cons: 32383.584544476576
tot_aggregated_send: 21924
tot_msg_rcv: 714
tot_msg_sent: 1452
tot_reconf_duration: 4.8100000000000005
tot_sleeping_duration: 1552400.1756800027
tot_uptimes: 404
tot_uptimes_duration: 24180.024319997407
