comms_cons: 160.17720318661702
finished_reconf: true
global_termination_time: 1574615.5941999985
local_termination_time: 1574615.5530799986
node_cons: 32472.44330551758
tot_aggregated_send: 21576
tot_msg_rcv: 939
tot_msg_sent: 1830
tot_reconf_duration: 24.59
tot_sleeping_duration: 1550389.2685200004
tot_uptimes: 404
tot_uptimes_duration: 24226.325679998146
