comms_cons: 395.36839042564867
finished_reconf: true
global_termination_time: 3932703.526239994
local_termination_time: 80852.12447999997
node_cons: 80965.156275809
tot_aggregated_send: 54868
tot_msg_rcv: 1701
tot_msg_sent: 3523
tot_reconf_duration: 18.21
tot_sleeping_duration: 3872255.1116800155
tot_uptimes: 1008
tot_uptimes_duration: 60448.41455997835
