comms_cons: 382.27917440905196
finished_reconf: true
global_termination_time: 3935314.582
local_termination_time: 2037912.19936
node_cons: 80910.93266334882
tot_aggregated_send: 54462
tot_msg_rcv: 1176
tot_msg_sent: 2466
tot_reconf_duration: 6.279999999999999
tot_sleeping_duration: 3874894.563760007
tot_uptimes: 1008
tot_uptimes_duration: 60420.01823999314
