comms_cons: 385.3047552055235
finished_reconf: true
global_termination_time: 3935117.597
local_termination_time: 2653863.9843599983
node_cons: 80936.7536822317
tot_aggregated_send: 54056
tot_msg_rcv: 1492
tot_msg_sent: 3015
tot_reconf_duration: 25.299999999999997
tot_sleeping_duration: 3874697.5848400043
tot_uptimes: 1008
tot_uptimes_duration: 60420.0121599955
