comms_cons: 386.4207872218467
finished_reconf: true
global_termination_time: 3933335.121
local_termination_time: 1968827.3573599998
node_cons: 80909.78650446584
tot_aggregated_send: 54114
tot_msg_rcv: 1481
tot_msg_sent: 3138
tot_reconf_duration: 5.43
tot_sleeping_duration: 3872915.096680009
tot_uptimes: 1008
tot_uptimes_duration: 60420.024319991004
