comms_cons: 53.074406400163085
finished_reconf: true
global_termination_time: 539999.93
local_termination_time: 395992.6773600001
node_cons: 11117.678700000048
tot_aggregated_send: 7656
tot_msg_rcv: 130
tot_msg_sent: 281
tot_reconf_duration: 22.65
tot_sleeping_duration: 531719.93
tot_uptimes: 139
tot_uptimes_duration: 8280.0
