comms_cons: 54.68631039990923
finished_reconf: true
global_termination_time: 540639.897
local_termination_time: 272823.72436000005
node_cons: 11097.539560000025
tot_aggregated_send: 7482
tot_msg_rcv: 314
tot_msg_sent: 516
tot_reconf_duration: 7.819999999999999
tot_sleeping_duration: 532359.897
tot_uptimes: 139
tot_uptimes_duration: 8280.0
