comms_cons: 34.49474559992752
finished_reconf: true
global_termination_time: 353104.394
local_termination_time: 82762.7375599996
node_cons: 7239.128240000007
tot_aggregated_send: 5162
tot_msg_rcv: 28
tot_msg_sent: 53
tot_reconf_duration: 6.279999999999999
tot_sleeping_duration: 347704.394
tot_uptimes: 91
tot_uptimes_duration: 5400.0
