comms_cons: 34.553958400075636
finished_reconf: true
global_termination_time: 353185.241
local_termination_time: 154935.40436000004
node_cons: 7243.392359999986
tot_aggregated_send: 5046
tot_msg_rcv: 40
tot_msg_sent: 166
tot_reconf_duration: 9.42
tot_sleeping_duration: 347785.241
tot_uptimes: 91
tot_uptimes_duration: 5400.0
