comms_cons: 34.83686400014327
finished_reconf: true
global_termination_time: 354055.374
local_termination_time: 1930.3486400000018
node_cons: 7239.793660000006
tot_aggregated_send: 5104
tot_msg_rcv: 79
tot_msg_sent: 112
tot_reconf_duration: 6.77
tot_sleeping_duration: 348655.374
tot_uptimes: 91
tot_uptimes_duration: 5399.999999999998
