comms_cons: 95.29131519716871
finished_reconf: true
global_termination_time: 927805.118
local_termination_time: 338519.57236000005
node_cons: 19047.530223355094
tot_aggregated_send: 12122
tot_msg_rcv: 791
tot_msg_sent: 1570
tot_reconf_duration: 5.1
tot_sleeping_duration: 913585.0997600037
tot_uptimes: 238
tot_uptimes_duration: 14220.018239996338
