comms_cons: 92.36548479786029
finished_reconf: true
global_termination_time: 928620.631
local_termination_time: 386127.007360001
node_cons: 19103.101497527015
tot_aggregated_send: 12354
tot_msg_rcv: 557
tot_msg_sent: 1128
tot_reconf_duration: 25.299999999999997
tot_sleeping_duration: 914379.5973199948
tot_uptimes: 238
tot_uptimes_duration: 14241.033680005232
