comms_cons: 49.82440320161139
finished_reconf: true
global_termination_time: 467042.221
local_termination_time: 77041.64035999996
node_cons: 9575.36266448573
tot_aggregated_send: 5800
tot_msg_rcv: 677
tot_msg_sent: 1096
tot_reconf_duration: 10.95
tot_sleeping_duration: 459902.19667999574
tot_uptimes: 120
tot_uptimes_duration: 7140.024320004275
