comms_cons: 50.8784704036641
finished_reconf: true
global_termination_time: 247307.5536000002
local_termination_time: 737.7105999999999
node_cons: 5106.726610643113
tot_aggregated_send: 0
tot_msg_rcv: 4074
tot_msg_sent: 3654
tot_reconf_duration: 18.21
tot_sleeping_duration: 243512.18583999787
tot_uptimes: 64
tot_uptimes_duration: 3795.367760002322
