comms_cons: 24.146918400487113
finished_reconf: true
global_termination_time: 212487.0097600009
local_termination_time: 212487.0097600009
node_cons: 4453.408117999794
tot_aggregated_send: 2146
tot_msg_rcv: 487
tot_msg_sent: 1038
tot_reconf_duration: 24.59
tot_sleeping_duration: 209186.02776000104
tot_uptimes: 55
tot_uptimes_duration: 3300.9819999998344
