comms_cons: 24.599628800447316
finished_reconf: true
global_termination_time: 218366.505
local_termination_time: 38333.71560000011
node_cons: 4425.240121121431
tot_aggregated_send: 2320
tot_msg_rcv: 550
tot_msg_sent: 869
tot_reconf_duration: 4.8100000000000005
tot_sleeping_duration: 215066.49891999894
tot_uptimes: 56
tot_uptimes_duration: 3300.0060800010688
