comms_cons: 57.316518403644594
finished_reconf: true
global_termination_time: 449840.19600000087
local_termination_time: 449840.15488000086
node_cons: 9351.716279780438
tot_aggregated_send: 3770
tot_msg_rcv: 1951
tot_msg_sent: 2990
tot_reconf_duration: 24.59
tot_sleeping_duration: 442881.0301599856
tot_uptimes: 116
tot_uptimes_duration: 6959.165840015252
