comms_cons: 45.423424000214744
finished_reconf: true
global_termination_time: 451047.151
local_termination_time: 34319.20992000006
node_cons: 9256.98486000001
tot_aggregated_send: 6264
tot_msg_rcv: 246
tot_msg_sent: 394
tot_reconf_duration: 13.17
tot_sleeping_duration: 444147.151
tot_uptimes: 116
tot_uptimes_duration: 6900.0
