comms_cons: 145.175590413712
finished_reconf: true
global_termination_time: 300071.574
local_termination_time: 345.00703999999945
node_cons: 18226.943712321656
tot_aggregated_send: 0
tot_msg_rcv: 8934
tot_msg_sent: 13130
tot_reconf_duration: 18.21
tot_sleeping_duration: 286477.6871199988
tot_uptimes: 224
tot_uptimes_duration: 13593.886880001219
