comms_cons: 716.14680268258
finished_reconf: true
global_termination_time: 1482118.61836
local_termination_time: 1482118.57724
node_cons: 89906.91334339342
tot_aggregated_send: 0
tot_msg_rcv: 44006
tot_msg_sent: 64840
tot_reconf_duration: 24.59
tot_sleeping_duration: 1414998.7377600032
tot_uptimes: 1100
tot_uptimes_duration: 67119.8805999968
