comms_cons: 142.11777919445183
finished_reconf: true
global_termination_time: 1484088.636
local_termination_time: 846205.8373599999
node_cons: 30535.731980000124
tot_aggregated_send: 20764
tot_msg_rcv: 323
tot_msg_sent: 514
tot_reconf_duration: 4.8100000000000005
tot_sleeping_duration: 1461288.636
tot_uptimes: 381
tot_uptimes_duration: 22800.0
