comms_cons: 145.54506239641637
finished_reconf: true
global_termination_time: 1485493.137
local_termination_time: 142968.79736000003
node_cons: 30539.819560000018
tot_aggregated_send: 20706
tot_msg_rcv: 492
tot_msg_sent: 924
tot_reconf_duration: 7.819999999999999
tot_sleeping_duration: 1462693.137
tot_uptimes: 381
tot_uptimes_duration: 22800.0
