comms_cons: 8.217420800123241
finished_reconf: true
global_termination_time: 64151.65236000012
local_termination_time: 43620.91536000001
node_cons: 1346.702983280742
tot_aggregated_send: 522
tot_msg_rcv: 298
tot_msg_sent: 428
tot_reconf_duration: 9.11
tot_sleeping_duration: 63155.13883999956
tot_uptimes: 17
tot_uptimes_duration: 996.5135200005534
