comms_cons: 8.3963136001017
finished_reconf: true
global_termination_time: 65818.289
local_termination_time: 32170.988360000003
node_cons: 1316.214982240302
tot_aggregated_send: 348
tot_msg_rcv: 366
tot_msg_sent: 564
tot_reconf_duration: 22.65
tot_sleeping_duration: 64858.27683999978
tot_uptimes: 17
tot_uptimes_duration: 960.012160000224
