comms_cons: 7.858521600122229
finished_reconf: true
global_termination_time: 65282.932
local_termination_time: 33568.10436000002
node_cons: 1302.6078222405888
tot_aggregated_send: 522
tot_msg_rcv: 276
tot_msg_sent: 397
tot_reconf_duration: 12.629999999999999
tot_sleeping_duration: 64322.919839999566
tot_uptimes: 17
tot_uptimes_duration: 960.012160000435
