comms_cons: 9.62645120006404
finished_reconf: true
global_termination_time: 67012.474
local_termination_time: 34672.18236000001
node_cons: 1381.9564822405846
tot_aggregated_send: 290
tot_msg_rcv: 481
tot_msg_sent: 694
tot_reconf_duration: 11.899999999999999
tot_sleeping_duration: 65992.46183999957
tot_uptimes: 18
tot_uptimes_duration: 1020.012160000435
