comms_cons: 7.848192000045356
finished_reconf: true
global_termination_time: 64497.74
local_termination_time: 12994.649360000001
node_cons: 1291.980121120293
tot_aggregated_send: 406
tot_msg_rcv: 261
tot_msg_sent: 528
tot_reconf_duration: 4.8100000000000005
tot_sleeping_duration: 63537.73391999978
tot_uptimes: 17
tot_uptimes_duration: 960.0060800002175
