comms_cons: 9.522611200102212
finished_reconf: true
global_termination_time: 64601.56
local_termination_time: 27452.87136
node_cons: 1296.0921244808824
tot_aggregated_send: 232
tot_msg_rcv: 519
tot_msg_sent: 697
tot_reconf_duration: 7.819999999999999
tot_sleeping_duration: 63641.53567999934
tot_uptimes: 17
tot_uptimes_duration: 960.0243200006589
