comms_cons: 9.902323200207988
finished_reconf: true
global_termination_time: 64151.45920000005
local_termination_time: 64138.08248000001
node_cons: 1322.3142524012408
tot_aggregated_send: 348
tot_msg_rcv: 559
tot_msg_sent: 597
tot_reconf_duration: 5.43
tot_sleeping_duration: 63169.42759999912
tot_uptimes: 17
tot_uptimes_duration: 982.0316000009261
