comms_cons: 282.16215040967575
finished_reconf: true
global_termination_time: 2810394.978
local_termination_time: 2427007.7023199997
node_cons: 57853.336381116154
tot_aggregated_send: 39440
tot_msg_rcv: 1129
tot_msg_sent: 2318
tot_reconf_duration: 6.279999999999999
tot_sleeping_duration: 2767194.9719200023
tot_uptimes: 720
tot_uptimes_duration: 43200.006079997635
