comms_cons: 289.90336642882187
finished_reconf: false
global_termination_time: 2810141.599
local_termination_time: 0
node_cons: 57844.80814111611
tot_aggregated_send: 37990
tot_msg_rcv: 2302
tot_msg_sent: 3771
tot_reconf_duration: 0
tot_sleeping_duration: 2766941.592920002
tot_uptimes: 720
tot_uptimes_duration: 43200.00607999787
