comms_cons: 282.2664640176564
finished_reconf: false
global_termination_time: 2809968.952
local_termination_time: 0
node_cons: 57844.80814111611
tot_aggregated_send: 39092
tot_msg_rcv: 1141
tot_msg_sent: 2669
tot_reconf_duration: 0
tot_sleeping_duration: 2766768.945920002
tot_uptimes: 720
tot_uptimes_duration: 43200.00607999787
