comms_cons: 283.97146882680335
finished_reconf: false
global_termination_time: 2808182.016
local_termination_time: 0
node_cons: 57844.80814111611
tot_aggregated_send: 38686
tot_msg_rcv: 1401
tot_msg_sent: 3075
tot_reconf_duration: 0
tot_sleeping_duration: 2764982.009920002
tot_uptimes: 720
tot_uptimes_duration: 43200.00607999787
