comms_cons: 286.5175808409556
finished_reconf: true
global_termination_time: 2808321.027
local_termination_time: 1672359.6064799996
node_cons: 57853.45042558388
tot_aggregated_send: 38106
tot_msg_rcv: 1787
tot_msg_sent: 3656
tot_reconf_duration: 6.34
tot_sleeping_duration: 2765120.996600011
tot_uptimes: 720
tot_uptimes_duration: 43200.03039998887
