comms_cons: 283.8073728362679
finished_reconf: true
global_termination_time: 2811286.07
local_termination_time: 1578387.968999998
node_cons: 57854.05064781809
tot_aggregated_send: 39034
tot_msg_rcv: 1374
tot_msg_sent: 2729
tot_reconf_duration: 6.77
tot_sleeping_duration: 2768086.0274400157
tot_uptimes: 720
tot_uptimes_duration: 43200.04255998437
