comms_cons: 283.41877760880914
finished_reconf: true
global_termination_time: 2808868.988
local_termination_time: 513116.61768000026
node_cons: 57849.44429116822
tot_aggregated_send: 39150
tot_msg_rcv: 1309
tot_msg_sent: 2619
tot_reconf_duration: 3.3600000000000003
tot_sleeping_duration: 2765668.927200023
tot_uptimes: 720
tot_uptimes_duration: 43200.060799977044
