comms_cons: 281.5856576106226
finished_reconf: true
global_termination_time: 2808495.963
local_termination_time: 2005776.2774399987
node_cons: 57855.443983350175
tot_aggregated_send: 39498
tot_msg_rcv: 1041
tot_msg_sent: 2260
tot_reconf_duration: 7.819999999999999
tot_sleeping_duration: 2765295.944760007
tot_uptimes: 720
tot_uptimes_duration: 43200.01823999337
