comms_cons: 284.2429248314796
finished_reconf: true
global_termination_time: 2810836.148
local_termination_time: 2204454.21436
node_cons: 57852.19022223318
tot_aggregated_send: 38744
tot_msg_rcv: 1442
tot_msg_sent: 3017
tot_reconf_duration: 5.43
tot_sleeping_duration: 2767636.135840005
tot_uptimes: 720
tot_uptimes_duration: 43200.0121599955
