comms_cons: 252.98427519369784
finished_reconf: true
global_termination_time: 2468524.391
local_termination_time: 642803.4891999996
node_cons: 50783.4733689346
tot_aggregated_send: 32944
tot_msg_rcv: 1788
tot_msg_sent: 3720
tot_reconf_duration: 6.279999999999999
tot_sleeping_duration: 2430604.3423600183
tot_uptimes: 633
tot_uptimes_duration: 37920.04863998154
