comms_cons: 251.0730879942628
finished_reconf: true
global_termination_time: 2470242.712
local_termination_time: 1590616.7065199981
node_cons: 50782.509188934346
tot_aggregated_send: 33466
tot_msg_rcv: 1669
tot_msg_sent: 3027
tot_reconf_duration: 5.57
tot_sleeping_duration: 2432322.6633600187
tot_uptimes: 633
tot_uptimes_duration: 37920.04863998131
