comms_cons: 243.99151360005484
finished_reconf: true
global_termination_time: 2466734.74848
local_termination_time: 2466734.70736
node_cons: 50763.70121983559
tot_aggregated_send: 35412
tot_msg_rcv: 503
tot_msg_sent: 1171
tot_reconf_duration: 37.410000000000004
tot_sleeping_duration: 2428861.0379200024
tot_uptimes: 632
tot_uptimes_duration: 37873.710559997475
