comms_cons: 246.54691839209656
finished_reconf: true
global_termination_time: 2468050.747
local_termination_time: 864595.5683599999
node_cons: 50792.031539999276
tot_aggregated_send: 35206
tot_msg_rcv: 829
tot_msg_sent: 1439
tot_reconf_duration: 12.629999999999999
tot_sleeping_duration: 2430130.747
tot_uptimes: 633
tot_uptimes_duration: 37920.0
