comms_cons: 252.04679039200516
finished_reconf: true
global_termination_time: 2471433.54
local_termination_time: 607465.4913599999
node_cons: 50779.135875635
tot_aggregated_send: 33292
tot_msg_rcv: 1634
tot_msg_sent: 3383
tot_reconf_duration: 3.05
tot_sleeping_duration: 2433513.454880033
tot_uptimes: 633
tot_uptimes_duration: 37920.08511996688
