comms_cons: 46.23924480032316
finished_reconf: true
global_termination_time: 481337.054
local_termination_time: 252339.155
node_cons: 9890.211583202794
tot_aggregated_send: 6435
tot_msg_rcv: 185
tot_msg_sent: 408
tot_reconf_duration: 4.8100000000000005
tot_sleeping_duration: 473955.6651999979
tot_uptimes: 124
tot_uptimes_duration: 7381.388800002082
