comms_cons: 414.7188544411031
finished_reconf: true
global_termination_time: 4137047.559
local_termination_time: 1012393.9623599999
node_cons: 85092.50465005083
tot_aggregated_send: 57014
tot_msg_rcv: 1975
tot_msg_sent: 4045
tot_reconf_duration: 9.11
tot_sleeping_duration: 4073507.50428002
tot_uptimes: 1060
tot_uptimes_duration: 63540.054719979875
