comms_cons: 414.2421056643304
finished_reconf: true
global_termination_time: 4137469.556
local_termination_time: 743482.7347199997
node_cons: 85097.25224558258
tot_aggregated_send: 57362
tot_msg_rcv: 1886
tot_msg_sent: 3713
tot_reconf_duration: 12.629999999999999
tot_sleeping_duration: 4073929.5256000115
tot_uptimes: 1060
tot_uptimes_duration: 63540.03039998864
