comms_cons: 346.9769536063947
finished_reconf: true
global_termination_time: 3499045.23
local_termination_time: 2451937.8621599996
node_cons: 71993.17638111554
tot_aggregated_send: 48778
tot_msg_rcv: 1406
tot_msg_sent: 2554
tot_reconf_duration: 6.279999999999999
tot_sleeping_duration: 3445285.223920002
tot_uptimes: 897
tot_uptimes_duration: 53760.00607999764
