comms_cons: 349.3501376185342
finished_reconf: true
global_termination_time: 3500739.662
local_termination_time: 2212938.24136
node_cons: 72000.0259206669
tot_aggregated_send: 48488
tot_msg_rcv: 1381
tot_msg_sent: 3230
tot_reconf_duration: 11.31
tot_sleeping_duration: 3446979.641880009
tot_uptimes: 897
tot_uptimes_duration: 53760.020119991386
