comms_cons: 40.830515200037546
finished_reconf: true
global_termination_time: 414705.235
local_termination_time: 79502.10567999985
node_cons: 8540.76918000002
tot_aggregated_send: 6032
tot_msg_rcv: 75
tot_msg_sent: 99
tot_reconf_duration: 18.21
tot_sleeping_duration: 408345.235
tot_uptimes: 107
tot_uptimes_duration: 6360.0
