comms_cons: 756.174438620711
finished_reconf: true
global_termination_time: 7490624.779239997
local_termination_time: 225225.15348000007
node_cons: 154137.3439139525
tot_aggregated_send: 104052
tot_msg_rcv: 3799
tot_msg_sent: 7081
tot_reconf_duration: 18.21
tot_sleeping_duration: 7375529.473240029
tot_uptimes: 1919
tot_uptimes_duration: 115095.30599996843
