comms_cons: 736.2571585209871
finished_reconf: true
global_termination_time: 7496131.563
local_termination_time: 3279754.407039998
node_cons: 154190.40184781468
tot_aggregated_send: 104516
tot_msg_rcv: 2439
tot_msg_sent: 4950
tot_reconf_duration: 13.17
tot_sleeping_duration: 7380991.520440015
tot_uptimes: 1920
tot_uptimes_duration: 115140.04255998507
