comms_cons: 515.3737345066451
finished_reconf: true
global_termination_time: 2622036.3825999973
local_termination_time: 667.5274799999992
node_cons: 53953.44661062954
tot_aggregated_send: 0
tot_msg_rcv: 39417
tot_msg_sent: 38915
tot_reconf_duration: 18.21
tot_sleeping_duration: 2581761.0148400045
tot_uptimes: 672
tot_uptimes_duration: 40275.367759992834
