comms_cons: 261.3126655966783
finished_reconf: true
global_termination_time: 2625990.463
local_termination_time: 2187171.53736
node_cons: 54009.33614334974
tot_aggregated_send: 36540
tot_msg_rcv: 1114
tot_msg_sent: 2064
tot_reconf_duration: 15.34
tot_sleeping_duration: 2585670.444760007
tot_uptimes: 673
tot_uptimes_duration: 40320.01823999314
