comms_cons: 264.70815999747305
finished_reconf: true
global_termination_time: 2627322.853
local_termination_time: 1032408.4243599998
node_cons: 53999.49064334963
tot_aggregated_send: 36598
tot_msg_rcv: 1259
tot_msg_sent: 2377
tot_reconf_duration: 8.09
tot_sleeping_duration: 2587002.8347600074
tot_uptimes: 673
tot_uptimes_duration: 40320.01823999293
