comms_cons: 261.21397759678126
finished_reconf: true
global_termination_time: 2626608.466
local_termination_time: 386944.3891600003
node_cons: 53994.47418446672
tot_aggregated_send: 36424
tot_msg_rcv: 1070
tot_msg_sent: 2209
tot_reconf_duration: 4.390000000000001
tot_sleeping_duration: 2586288.441680009
tot_uptimes: 673
tot_uptimes_duration: 40320.02431999077
