comms_cons: 1900.7789236384685
finished_reconf: true
global_termination_time: 6520075.74012
local_termination_time: 6520075.699
node_cons: 266169.9053586747
tot_aggregated_send: 0
tot_msg_rcv: 96854
tot_msg_sent: 192054
tot_reconf_duration: 37.410000000000004
tot_sleeping_duration: 6321331.077999997
tot_uptimes: 3291
tot_uptimes_duration: 198744.66212000255
