comms_cons: 645.1914497188292
finished_reconf: true
global_termination_time: 6520993.815
local_termination_time: 2552819.6808399986
node_cons: 134121.86624669828
tot_aggregated_send: 89958
tot_msg_rcv: 2498
tot_msg_sent: 5609
tot_reconf_duration: 25.299999999999997
tot_sleeping_duration: 6420853.778520013
tot_uptimes: 1670
tot_uptimes_duration: 100140.0364799872
