comms_cons: 640.3887105064146
finished_reconf: true
global_termination_time: 6524360.686
local_termination_time: 2916587.448
node_cons: 134172.01520446435
tot_aggregated_send: 90883
tot_msg_rcv: 2035
tot_msg_sent: 4419
tot_reconf_duration: 3.08
tot_sleeping_duration: 6424160.661680008
tot_uptimes: 1671
tot_uptimes_duration: 100200.02431999147
