comms_cons: 638.3931841052828
finished_reconf: true
global_termination_time: 6522002.379
local_termination_time: 3919908.24048
node_cons: 134188.3519444647
tot_aggregated_send: 90712
tot_msg_rcv: 2032
tot_msg_sent: 4287
tot_reconf_duration: 15.110000000000001
tot_sleeping_duration: 6421802.354680008
tot_uptimes: 1671
tot_uptimes_duration: 100200.02431999147
