comms_cons: 641.5370944890359
finished_reconf: true
global_termination_time: 6520780.564
local_termination_time: 4378353.3213599995
node_cons: 134112.8790233461
tot_aggregated_send: 90654
tot_msg_rcv: 2279
tot_msg_sent: 4576
tot_reconf_duration: 18.700000000000003
tot_sleeping_duration: 6420640.545760007
tot_uptimes: 1670
tot_uptimes_duration: 100140.0182399936
