comms_cons: 658.3125889443908
finished_reconf: true
global_termination_time: 6520524.082
local_termination_time: 1144758.4183599998
node_cons: 134091.67517004846
tot_aggregated_send: 90074
tot_msg_rcv: 3498
tot_msg_sent: 6486
tot_reconf_duration: 3.05
tot_sleeping_duration: 6420384.0272800205
tot_uptimes: 1670
tot_uptimes_duration: 100140.05471997987
