comms_cons: 655.6011329694268
finished_reconf: true
global_termination_time: 6524633.067
local_termination_time: 1283579.4983599999
node_cons: 134178.48468893257
tot_aggregated_send: 89784
tot_msg_rcv: 3332
tot_msg_sent: 6531
tot_reconf_duration: 7.819999999999999
tot_sleeping_duration: 6424433.018360018
tot_uptimes: 1671
tot_uptimes_duration: 100200.0486399827
