comms_cons: 742.6388939132952
finished_reconf: true
global_termination_time: 3766382.7535999976
local_termination_time: 2243.2075999999997
node_cons: 77475.92591397995
tot_aggregated_send: 0
tot_msg_rcv: 56948
tot_msg_sent: 55929
tot_reconf_duration: 5.57
tot_sleeping_duration: 3708527.367600011
tot_uptimes: 965
tot_uptimes_duration: 57855.385999986436
