comms_cons: 744.0020619100684
finished_reconf: true
global_termination_time: 3769683.754
local_termination_time: 2567.94236
node_cons: 77535.0827878218
tot_aggregated_send: 0
tot_msg_rcv: 57100
tot_msg_sent: 55982
tot_reconf_duration: 5.1
tot_sleeping_duration: 3711783.7114400123
tot_uptimes: 966
tot_uptimes_duration: 57900.04255998781
