comms_cons: 379.0217600376439
finished_reconf: true
global_termination_time: 3768858.603
local_termination_time: 1047543.8203599999
node_cons: 77548.66008558289
tot_aggregated_send: 53186
tot_msg_rcv: 1646
tot_msg_sent: 2777
tot_reconf_duration: 15.110000000000001
tot_sleeping_duration: 3710958.5726000117
tot_uptimes: 966
tot_uptimes_duration: 57900.03039998864
