comms_cons: 381.80316808168476
finished_reconf: true
global_termination_time: 3771533.341
local_termination_time: 2409437.225319999
node_cons: 77534.69710893472
tot_aggregated_send: 52142
tot_msg_rcv: 2056
tot_msg_sent: 3834
tot_reconf_duration: 4.8100000000000005
tot_sleeping_duration: 3713633.2923600175
tot_uptimes: 966
tot_uptimes_duration: 57900.04863998247
