comms_cons: 261.2600320237198
finished_reconf: true
global_termination_time: 2808792.453
local_termination_time: 5341.384
node_cons: 57853.26848111611
tot_aggregated_send: 38853
tot_msg_rcv: 339
tot_msg_sent: 518
tot_reconf_duration: 6.23
tot_sleeping_duration: 2765592.4469200023
tot_uptimes: 720
tot_uptimes_duration: 43200.00607999787
