comms_cons: 276.71457281132666
finished_reconf: true
global_termination_time: 2807850.7
local_termination_time: 7447.5109999999995
node_cons: 57849.952224466615
tot_aggregated_send: 39203
tot_msg_rcv: 1052
tot_msg_sent: 1804
tot_reconf_duration: 3.77
tot_sleeping_duration: 2764650.6756800096
tot_uptimes: 720
tot_uptimes_duration: 43200.02431999077
