comms_cons: 11.429324800122908
finished_reconf: true
global_termination_time: 92239.954
local_termination_time: 59213.30348000001
node_cons: 1855.2102222394424
tot_aggregated_send: 638
tot_msg_rcv: 401
tot_msg_sent: 700
tot_reconf_duration: 5.43
tot_sleeping_duration: 90859.94184000042
tot_uptimes: 24
tot_uptimes_duration: 1380.0121599995837
