comms_cons: 458.28796170256334
finished_reconf: true
global_termination_time: 4527840.651
local_termination_time: 405511.7188800004
node_cons: 93118.32405116767
tot_aggregated_send: 62930
tot_msg_rcv: 2422
tot_msg_sent: 4306
tot_reconf_duration: 3.08
tot_sleeping_duration: 4458300.590200022
tot_uptimes: 1160
tot_uptimes_duration: 69540.06079997774
