comms_cons: 448.74749444701376
finished_reconf: true
global_termination_time: 4526860.343
local_termination_time: 2933077.1057199985
node_cons: 93130.22019999732
tot_aggregated_send: 65134
tot_msg_rcv: 996
tot_msg_sent: 2077
tot_reconf_duration: 11.899999999999999
tot_sleeping_duration: 4457320.343
tot_uptimes: 1160
tot_uptimes_duration: 69540.0
