comms_cons: 88.3489983956536
finished_reconf: true
global_termination_time: 933932.71424
local_termination_time: 36459.64248000001
node_cons: 19246.474701671686
tot_aggregated_send: 10440
tot_msg_rcv: 834
tot_msg_sent: 2157
tot_reconf_duration: 18.21
tot_sleeping_duration: 919577.4151200062
tot_uptimes: 240
tot_uptimes_duration: 14355.299119993775
