comms_cons: 90.128460799109
finished_reconf: true
global_termination_time: 936140.615
local_termination_time: 336961.53536000004
node_cons: 19207.791980000027
tot_aggregated_send: 13398
tot_msg_rcv: 89
tot_msg_sent: 212
tot_reconf_duration: 4.8100000000000005
tot_sleeping_duration: 921800.615
tot_uptimes: 240
tot_uptimes_duration: 14340.0
