comms_cons: 91.69431039956841
finished_reconf: true
global_termination_time: 933932.0823999993
local_termination_time: 933932.0412799993
node_cons: 19275.538995840696
tot_aggregated_send: 13616
tot_msg_rcv: 66
tot_msg_sent: 254
tot_reconf_duration: 24.59
tot_sleeping_duration: 919561.5478399987
tot_uptimes: 240
tot_uptimes_duration: 14370.534560000488
