comms_cons: 56.56138240037762
finished_reconf: true
global_termination_time: 568044.355
local_termination_time: 143811.90836000006
node_cons: 11680.058700000007
tot_aggregated_send: 7946
tot_msg_rcv: 206
tot_msg_sent: 445
tot_reconf_duration: 22.65
tot_sleeping_duration: 559344.355
tot_uptimes: 146
tot_uptimes_duration: 8700.0
