comms_cons: 58.00222720074154
finished_reconf: true
global_termination_time: 572531.99
local_termination_time: 219874.32636000006
node_cons: 11755.059023364323
tot_aggregated_send: 7714
tot_msg_rcv: 362
tot_msg_sent: 740
tot_reconf_duration: 18.700000000000003
tot_sleeping_duration: 563771.9717599967
tot_uptimes: 147
tot_uptimes_duration: 8760.018240003206
