comms_cons: 56.71928320073013
finished_reconf: true
global_termination_time: 567983.966
local_termination_time: 449694.30636000005
node_cons: 11665.468341121477
tot_aggregated_send: 7946
tot_msg_rcv: 221
tot_msg_sent: 454
tot_reconf_duration: 11.899999999999999
tot_sleeping_duration: 559283.9599199989
tot_uptimes: 146
tot_uptimes_duration: 8700.006080001127
