comms_cons: 58.79831040032957
finished_reconf: true
global_termination_time: 569149.347
local_termination_time: 254577.36136000007
node_cons: 11655.269761121466
tot_aggregated_send: 7424
tot_msg_rcv: 530
tot_msg_sent: 983
tot_reconf_duration: 4.390000000000001
tot_sleeping_duration: 560449.3409199989
tot_uptimes: 146
tot_uptimes_duration: 8700.006080001069
