comms_cons: 57.72590080072188
finished_reconf: true
global_termination_time: 569200.07
local_termination_time: 242624.74896000014
node_cons: 11653.45004112143
tot_aggregated_send: 7598
tot_msg_rcv: 365
tot_msg_sent: 811
tot_reconf_duration: 3.05
tot_sleeping_duration: 560500.0639199988
tot_uptimes: 146
tot_uptimes_duration: 8700.006080001069
