comms_cons: 59.35754240192488
finished_reconf: true
global_termination_time: 568590.97
local_termination_time: 239670.41036000004
node_cons: 11670.156143364304
tot_aggregated_send: 7424
tot_msg_rcv: 619
tot_msg_sent: 979
tot_reconf_duration: 15.34
tot_sleeping_duration: 559890.9517599967
tot_uptimes: 146
tot_uptimes_duration: 8700.018240003206
