comms_cons: 40.994995200409065
finished_reconf: true
global_termination_time: 409020.0067200006
local_termination_time: 409019.9656000006
node_cons: 8445.120942323641
tot_aggregated_send: 5728
tot_msg_rcv: 174
tot_msg_sent: 328
tot_reconf_duration: 24.59
tot_sleeping_duration: 402737.9098399979
tot_uptimes: 105
tot_uptimes_duration: 6282.096880002704
