comms_cons: 41.5871232008436
finished_reconf: true
global_termination_time: 410878.618
local_termination_time: 60824.89732000003
node_cons: 8466.474982242864
tot_aggregated_send: 5510
tot_msg_rcv: 304
tot_msg_sent: 507
tot_reconf_duration: 22.65
tot_sleeping_duration: 404578.6058399979
tot_uptimes: 106
tot_uptimes_duration: 6300.0121600021375
