comms_cons: 42.12724480043947
finished_reconf: true
global_termination_time: 411662.71
local_termination_time: 215545.60836000004
node_cons: 8442.26454448345
tot_aggregated_send: 5510
tot_msg_rcv: 311
tot_msg_sent: 582
tot_reconf_duration: 4.8100000000000005
tot_sleeping_duration: 405362.6856799975
tot_uptimes: 106
tot_uptimes_duration: 6300.0243200025725
