comms_cons: 0.5394944000000191
finished_reconf: true
global_termination_time: 4259.856
local_termination_time: 58.99847999999998
node_cons: 97.49154
tot_aggregated_send: 0
tot_msg_rcv: 34
tot_msg_sent: 47
tot_reconf_duration: 12.629999999999999
tot_sleeping_duration: 4199.856
tot_uptimes: 2
tot_uptimes_duration: 60.0
