comms_cons: 1.0131968000022589
finished_reconf: true
global_termination_time: 4882.43
local_termination_time: 1462.8103600000002
node_cons: 95.21009999999976
tot_aggregated_send: 0
tot_msg_rcv: 105
tot_msg_sent: 48
tot_reconf_duration: 10.95
tot_sleeping_duration: 4822.43
tot_uptimes: 2
tot_uptimes_duration: 60.0
