comms_cons: 90.1093503978896
finished_reconf: true
global_termination_time: 912365.247
local_termination_time: 6273.237
node_cons: 18734.119962238292
tot_aggregated_send: 12923
tot_msg_rcv: 249
tot_msg_sent: 524
tot_reconf_duration: 10.96
tot_sleeping_duration: 898385.2348400013
tot_uptimes: 234
tot_uptimes_duration: 13980.012159998703
