comms_cons: 87.71389439740304
finished_reconf: true
global_termination_time: 912675.236
local_termination_time: 5459.339
node_cons: 18729.481041116862
tot_aggregated_send: 12462
tot_msg_rcv: 322
tot_msg_sent: 548
tot_reconf_duration: 7.55
tot_sleeping_duration: 898695.2299200024
tot_uptimes: 234
tot_uptimes_duration: 13980.006079997635
