comms_cons: 90.45509119484088
finished_reconf: true
global_termination_time: 910994.43024
local_termination_time: 2998.6634000000017
node_cons: 18772.794713906478
tot_aggregated_send: 11600
tot_msg_rcv: 677
tot_msg_sent: 1471
tot_reconf_duration: 25.35
tot_sleeping_duration: 897000.1289600101
tot_uptimes: 234
tot_uptimes_duration: 13994.301279989886
