comms_cons: 199.69250559137788
finished_reconf: true
global_termination_time: 2067355.484
local_termination_time: 743960.1231999996
node_cons: 42524.62174446691
tot_aggregated_send: 28304
tot_msg_rcv: 664
tot_msg_sent: 1386
tot_reconf_duration: 18.21
tot_sleeping_duration: 2035615.4596800094
tot_uptimes: 530
tot_uptimes_duration: 31740.024319990538
