comms_cons: 205.11971839210256
finished_reconf: true
global_termination_time: 2068723.473
local_termination_time: 603490.9103599999
node_cons: 42507.23393999954
tot_aggregated_send: 29638
tot_msg_rcv: 500
tot_msg_sent: 1039
tot_reconf_duration: 5.43
tot_sleeping_duration: 2036983.473
tot_uptimes: 530
tot_uptimes_duration: 31740.0
