comms_cons: 222.8527423906505
finished_reconf: true
global_termination_time: 2201705.763
local_termination_time: 890520.0055999998
node_cons: 45237.96826223325
tot_aggregated_send: 30102
tot_msg_rcv: 1218
tot_msg_sent: 2554
tot_reconf_duration: 4.8100000000000005
tot_sleeping_duration: 2167925.7508400045
tot_uptimes: 564
tot_uptimes_duration: 33780.01215999527
