comms_cons: 239.99816945566255
finished_reconf: true
global_termination_time: 1216294.072
local_termination_time: 3050.12136
node_cons: 25010.477321116872
tot_aggregated_send: 0
tot_msg_rcv: 18442
tot_msg_sent: 18036
tot_reconf_duration: 18.21
tot_sleeping_duration: 1197634.0659200023
tot_uptimes: 312
tot_uptimes_duration: 18660.006079997635
