comms_cons: 122.95664638677792
finished_reconf: true
global_termination_time: 1213667.653
local_termination_time: 165552.40708000015
node_cons: 24913.968945584198
tot_aggregated_send: 16472
tot_msg_rcv: 704
tot_msg_sent: 1514
tot_reconf_duration: 6.279999999999999
tot_sleeping_duration: 1195067.6226000118
tot_uptimes: 311
tot_uptimes_duration: 18600.030399988173
