comms_cons: 119.32597759714425
finished_reconf: true
global_termination_time: 1213208.488
local_termination_time: 571290.5453199985
node_cons: 24925.91938000002
tot_aggregated_send: 17632
tot_msg_rcv: 170
tot_msg_sent: 334
tot_reconf_duration: 15.110000000000001
tot_sleeping_duration: 1194608.488
tot_uptimes: 311
tot_uptimes_duration: 18600.0
