comms_cons: 119.10325759728514
finished_reconf: true
global_termination_time: 1213159.197
local_termination_time: 711670.5653599999
node_cons: 24918.19236000006
tot_aggregated_send: 17632
tot_msg_rcv: 131
tot_msg_sent: 340
tot_reconf_duration: 9.42
tot_sleeping_duration: 1194559.197
tot_uptimes: 311
tot_uptimes_duration: 18599.99999999997
