comms_cons: 120.86428799504573
finished_reconf: true
global_termination_time: 1213518.791
local_termination_time: 392053.85332000017
node_cons: 24930.794599999976
tot_aggregated_send: 17110
tot_msg_rcv: 407
tot_msg_sent: 853
tot_reconf_duration: 18.700000000000003
tot_sleeping_duration: 1194918.791
tot_uptimes: 311
tot_uptimes_duration: 18600.0
