comms_cons: 158.63509119527637
finished_reconf: true
global_termination_time: 1671783.401
local_termination_time: 5194.775
node_cons: 34418.019642233645
tot_aggregated_send: 22908
tot_msg_rcv: 507
tot_msg_sent: 696
tot_reconf_duration: 23.919999999999998
tot_sleeping_duration: 1646103.3888400048
tot_uptimes: 429
tot_uptimes_duration: 25680.01215999527
