comms_cons: 160.921126383559
finished_reconf: true
global_termination_time: 1670146.379
local_termination_time: 2894.71024
node_cons: 34320.161373420364
tot_aggregated_send: 21750
tot_msg_rcv: 855
tot_msg_sent: 1854
tot_reconf_duration: 10.96
tot_sleeping_duration: 1644526.3060400146
tot_uptimes: 428
tot_uptimes_duration: 25620.07295998535
