comms_cons: 154.33660799131022
finished_reconf: true
global_termination_time: 1669696.552
local_termination_time: 6091.647
node_cons: 34324.009986705576
tot_aggregated_send: 21628
tot_msg_rcv: 628
tot_msg_sent: 1203
tot_reconf_duration: 13.83
tot_sleeping_duration: 1644076.5155200108
tot_uptimes: 428
tot_uptimes_duration: 25620.03647998924
