comms_cons: 165.12476158857953
finished_reconf: true
global_termination_time: 1672360.789
local_termination_time: 6914.188
node_cons: 34389.363071182095
tot_aggregated_send: 22500
tot_msg_rcv: 878
tot_msg_sent: 1720
tot_reconf_duration: 2.77
tot_sleeping_duration: 1646680.7282000133
tot_uptimes: 429
tot_uptimes_duration: 25680.060799986648
