comms_cons: 55.496460803406734
finished_reconf: true
global_termination_time: 487626.29824000027
local_termination_time: 23672.95532
node_cons: 10026.389572905842
tot_aggregated_send: 3944
tot_msg_rcv: 1662
tot_msg_sent: 2829
tot_reconf_duration: 18.21
tot_sleeping_duration: 480156.79831998097
tot_uptimes: 125
tot_uptimes_duration: 7469.499920019298
