comms_cons: 50.34592000131223
finished_reconf: true
global_termination_time: 489753.068
local_termination_time: 51297.199360000006
node_cons: 10073.274982240588
tot_aggregated_send: 6380
tot_msg_rcv: 421
tot_msg_sent: 851
tot_reconf_duration: 22.65
tot_sleeping_duration: 482253.0558399996
tot_uptimes: 126
tot_uptimes_duration: 7500.012160000435
