comms_cons: 48.85056000080505
finished_reconf: true
global_termination_time: 490426.781
local_termination_time: 162068.77236000006
node_cons: 10048.469761121461
tot_aggregated_send: 6554
tot_msg_rcv: 232
tot_msg_sent: 639
tot_reconf_duration: 4.390000000000001
tot_sleeping_duration: 482926.77491999895
tot_uptimes: 126
tot_uptimes_duration: 7500.006080001069
