comms_cons: 49.723577600343525
finished_reconf: true
global_termination_time: 489550.882
local_termination_time: 60435.997040000155
node_cons: 10053.135842238315
tot_aggregated_send: 6554
tot_msg_rcv: 375
tot_msg_sent: 628
tot_reconf_duration: 7.819999999999999
tot_sleeping_duration: 482050.8698400012
tot_uptimes: 126
tot_uptimes_duration: 7500.012159998732
