comms_cons: 697.0978185176559
finished_reconf: true
global_termination_time: 3549320.1215999974
local_termination_time: 3453.9603600000005
node_cons: 72994.04289286697
tot_aggregated_send: 0
tot_msg_rcv: 53289
tot_msg_sent: 52665
tot_reconf_duration: 18.21
tot_sleeping_duration: 3494824.741680006
tot_uptimes: 909
tot_uptimes_duration: 54495.37991999154
