comms_cons: 349.1055104148392
finished_reconf: true
global_termination_time: 3552590.119
local_termination_time: 1442152.1536399983
node_cons: 73040.07878446639
tot_aggregated_send: 49764
tot_msg_rcv: 1092
tot_msg_sent: 2206
tot_reconf_duration: 8.09
tot_sleeping_duration: 3498050.094680009
tot_uptimes: 910
tot_uptimes_duration: 54540.024319991004
