comms_cons: 351.24277761506755
finished_reconf: true
global_termination_time: 3550046.626
local_termination_time: 276164.84836000006
node_cons: 73035.66525005962
tot_aggregated_send: 49706
tot_msg_rcv: 1118
tot_msg_sent: 2562
tot_reconf_duration: 4.8100000000000005
tot_sleeping_duration: 3495506.571280014
tot_uptimes: 910
tot_uptimes_duration: 54540.054719986045
