comms_cons: 350.97041281631954
finished_reconf: true
global_termination_time: 3550061.74
local_termination_time: 2288634.28
node_cons: 73038.86834909845
tot_aggregated_send: 49240
tot_msg_rcv: 1313
tot_msg_sent: 2792
tot_reconf_duration: 5.43
tot_sleeping_duration: 3495519.921920015
tot_uptimes: 910
tot_uptimes_duration: 54541.81807998498
