comms_cons: 259.22636782834957
finished_reconf: true
global_termination_time: 1321478.253
local_termination_time: 2628.66748
node_cons: 27179.657321116876
tot_aggregated_send: 0
tot_msg_rcv: 19807
tot_msg_sent: 19594
tot_reconf_duration: 18.21
tot_sleeping_duration: 1301198.2469200024
tot_uptimes: 339
tot_uptimes_duration: 20280.006079997635
