comms_cons: 131.62347519012297
finished_reconf: true
global_termination_time: 1323345.753
local_termination_time: 637290.1213599999
node_cons: 27160.906043355153
tot_aggregated_send: 18038
tot_msg_rcv: 722
tot_msg_sent: 1246
tot_reconf_duration: 4.390000000000001
tot_sleeping_duration: 1303065.7347600036
tot_uptimes: 339
tot_uptimes_duration: 20280.018239996338
