comms_cons: 129.95949439355874
finished_reconf: true
global_termination_time: 1320854.498
local_termination_time: 644014.8117199998
node_cons: 27159.0863233552
tot_aggregated_send: 18154
tot_msg_rcv: 549
tot_msg_sent: 1050
tot_reconf_duration: 3.05
tot_sleeping_duration: 1300574.4797600035
tot_uptimes: 339
tot_uptimes_duration: 20280.018239996338
