comms_cons: 128.86741760060028
finished_reconf: true
global_termination_time: 1322179.904
local_termination_time: 984858.0113599998
node_cons: 27170.27897999994
tot_aggregated_send: 19024
tot_msg_rcv: 220
tot_msg_sent: 343
tot_reconf_duration: 11.31
tot_sleeping_duration: 1301899.904
tot_uptimes: 339
tot_uptimes_duration: 20279.999999999985
