comms_cons: 846.0308943798528
finished_reconf: true
global_termination_time: 4294106.354
local_termination_time: 1612.5784800000006
node_cons: 88300.63464669957
tot_aggregated_send: 0
tot_msg_rcv: 64837
tot_msg_sent: 63753
tot_reconf_duration: 5.1
tot_sleeping_duration: 4228166.317520013
tot_uptimes: 1100
tot_uptimes_duration: 65940.0364799865
