comms_cons: 434.60456970488025
finished_reconf: true
global_termination_time: 4290611.119
local_termination_time: 264187.71599999996
node_cons: 88233.42256533026
tot_aggregated_send: 59269
tot_msg_rcv: 2370
tot_msg_sent: 4418
tot_reconf_duration: 13.17
tot_sleeping_duration: 4224729.46276002
tot_uptimes: 1099
tot_uptimes_duration: 65881.65623997955
