comms_cons: 430.00553604723115
finished_reconf: true
global_termination_time: 4291023.06
local_termination_time: 624468.9576799984
node_cons: 88224.36320781661
tot_aggregated_send: 60378
tot_msg_rcv: 1672
tot_msg_sent: 3308
tot_reconf_duration: 8.09
tot_sleeping_duration: 4225143.017440015
tot_uptimes: 1099
tot_uptimes_duration: 65880.04255998431
