comms_cons: 437.5888256864939
finished_reconf: true
global_termination_time: 4291160.956
local_termination_time: 2145175.2563600005
node_cons: 88226.1530655836
tot_aggregated_send: 59218
tot_msg_rcv: 2828
tot_msg_sent: 4466
tot_reconf_duration: 9.42
tot_sleeping_duration: 4225280.925600011
tot_uptimes: 1099
tot_uptimes_duration: 65880.0303999891
