comms_cons: 431.4184704670702
finished_reconf: true
global_termination_time: 4290554.186
local_termination_time: 1032842.9073599998
node_cons: 88228.73596781662
tot_aggregated_send: 59682
tot_msg_rcv: 1887
tot_msg_sent: 4004
tot_reconf_duration: 11.31
tot_sleeping_duration: 4224674.143440016
tot_uptimes: 1099
tot_uptimes_duration: 65880.04255998437
