comms_cons: 431.9280128694941
finished_reconf: true
global_termination_time: 4293987.51
local_termination_time: 295519.2203600001
node_cons: 88314.56499005042
tot_aggregated_send: 59624
tot_msg_rcv: 1930
tot_msg_sent: 4095
tot_reconf_duration: 15.34
tot_sleeping_duration: 4228047.45528002
tot_uptimes: 1100
tot_uptimes_duration: 65940.05471997964
