comms_cons: 104.27022079577311
finished_reconf: true
global_termination_time: 1027535.5024799998
local_termination_time: 1027535.4613599998
node_cons: 21181.204224308593
tot_aggregated_send: 14312
tot_msg_rcv: 593
tot_msg_sent: 941
tot_reconf_duration: 24.59
tot_sleeping_duration: 1011741.7676000083
tot_uptimes: 264
tot_uptimes_duration: 15793.734879991447
