comms_cons: 101.80121599618957
finished_reconf: true
global_termination_time: 1030290.895
local_termination_time: 203720.18436000004
node_cons: 21160.19498223829
tot_aggregated_send: 14094
tot_msg_rcv: 413
tot_msg_sent: 967
tot_reconf_duration: 22.65
tot_sleeping_duration: 1014510.8828400014
tot_uptimes: 264
tot_uptimes_duration: 15780.012159998703
