comms_cons: 358.8775040497761
finished_reconf: true
global_termination_time: 3573729.406
local_termination_time: 1595245.18
node_cons: 73541.89126446642
tot_aggregated_send: 49569
tot_msg_rcv: 1492
tot_msg_sent: 3487
tot_reconf_duration: 22.65
tot_sleeping_duration: 3518829.3816800085
tot_uptimes: 916
tot_uptimes_duration: 54900.02431999124
