comms_cons: 702.2376521409125
finished_reconf: true
global_termination_time: 3570380.033
local_termination_time: 3524.17836
node_cons: 73438.37290670942
tot_aggregated_send: 0
tot_msg_rcv: 53713
tot_msg_sent: 53021
tot_reconf_duration: 5.57
tot_sleeping_duration: 3515539.9965200066
tot_uptimes: 915
tot_uptimes_duration: 54840.036479993374
