comms_cons: 360.8587264584858
finished_reconf: true
global_termination_time: 3571985.235
local_termination_time: 964216.1853599999
node_cons: 73434.99148670446
tot_aggregated_send: 49706
tot_msg_rcv: 1830
tot_msg_sent: 3312
tot_reconf_duration: 3.08
tot_sleeping_duration: 3517145.19852001
tot_uptimes: 915
tot_uptimes_duration: 54840.03647998971
