comms_cons: 362.58629124777167
finished_reconf: true
global_termination_time: 3570780.942
local_termination_time: 1191486.2773599997
node_cons: 73434.96702893365
tot_aggregated_send: 49184
tot_msg_rcv: 2092
tot_msg_sent: 3835
tot_reconf_duration: 3.05
tot_sleeping_duration: 3515940.8933600183
tot_uptimes: 915
tot_uptimes_duration: 54840.048639981775
