comms_cons: 551.8297857136553
finished_reconf: true
global_termination_time: 5554544.129
local_termination_time: 2477776.11936
node_cons: 114250.90278669898
tot_aggregated_send: 75748
tot_msg_rcv: 2601
tot_msg_sent: 5525
tot_reconf_duration: 5.43
tot_sleeping_duration: 5469224.092520013
tot_uptimes: 1423
tot_uptimes_duration: 85320.03647998674
