comms_cons: 181.8415679942116
finished_reconf: true
global_termination_time: 1826377.053
local_termination_time: 691633.0307599991
node_cons: 37527.33266335038
tot_aggregated_send: 25172
tot_msg_rcv: 780
tot_msg_sent: 1686
tot_reconf_duration: 6.279999999999999
tot_sleeping_duration: 1798357.0347600072
tot_uptimes: 468
tot_uptimes_duration: 28020.018239992904
