comms_cons: 180.15165439204773
finished_reconf: true
global_termination_time: 1826954.537
local_termination_time: 438999.92480000027
node_cons: 37525.35268558397
tot_aggregated_send: 25404
tot_msg_rcv: 695
tot_msg_sent: 1283
tot_reconf_duration: 4.8100000000000005
tot_sleeping_duration: 1798934.5066000118
tot_uptimes: 468
tot_uptimes_duration: 28020.030399988143
