comms_cons: 178.24929279168202
finished_reconf: true
global_termination_time: 1830328.566
local_termination_time: 678810.5132799993
node_cons: 37603.29446446723
tot_aggregated_send: 25172
tot_msg_rcv: 696
tot_msg_sent: 1224
tot_reconf_duration: 3.05
tot_sleeping_duration: 1802248.5416800096
tot_uptimes: 469
tot_uptimes_duration: 28080.024319990538
