comms_cons: 179.31637759210278
finished_reconf: true
global_termination_time: 1828114.077
local_termination_time: 790155.7543599999
node_cons: 37609.75584223359
tot_aggregated_send: 25288
tot_msg_rcv: 682
tot_msg_sent: 1287
tot_reconf_duration: 7.819999999999999
tot_sleeping_duration: 1800034.0648400048
tot_uptimes: 469
tot_uptimes_duration: 28080.01215999527
