comms_cons: 369.1824191000342
finished_reconf: true
global_termination_time: 930293.96
local_termination_time: 308037.33744000026
node_cons: 56509.21562071884
tot_aggregated_send: 0
tot_msg_rcv: 22662
tot_msg_sent: 33452
tot_reconf_duration: 18.21
tot_sleeping_duration: 888109.8775200001
tot_uptimes: 695
tot_uptimes_duration: 42184.08247999981
