comms_cons: 90.83243519734108
finished_reconf: true
global_termination_time: 929882.881
local_termination_time: 418352.66348000005
node_cons: 19128.49220111687
tot_aggregated_send: 13166
tot_msg_rcv: 236
tot_msg_sent: 404
tot_reconf_duration: 5.57
tot_sleeping_duration: 915602.8749200024
tot_uptimes: 239
tot_uptimes_duration: 14280.006079997635
