comms_cons: 92.41802239709749
finished_reconf: true
global_termination_time: 932558.869
local_termination_time: 329435.09172000055
node_cons: 19129.383042238253
tot_aggregated_send: 12760
tot_msg_rcv: 410
tot_msg_sent: 877
tot_reconf_duration: 6.22
tot_sleeping_duration: 918278.8568400013
tot_uptimes: 239
tot_uptimes_duration: 14280.012159998703
