comms_cons: 297.7745920048151
finished_reconf: true
global_termination_time: 3027449.239
local_termination_time: 2222006.5321999993
node_cons: 62297.85739999852
tot_aggregated_send: 43616
tot_msg_rcv: 506
tot_msg_sent: 1138
tot_reconf_duration: 25.299999999999997
tot_sleeping_duration: 2980949.239
tot_uptimes: 776
tot_uptimes_duration: 46500.0
