comms_cons: 298.3272447962083
finished_reconf: true
global_termination_time: 3029173.261
local_termination_time: 965286.0038399998
node_cons: 62281.38485999852
tot_aggregated_send: 43732
tot_msg_rcv: 520
tot_msg_sent: 1092
tot_reconf_duration: 13.17
tot_sleeping_duration: 2982673.261
tot_uptimes: 776
tot_uptimes_duration: 46499.99999999977
