comms_cons: 302.25080320289163
finished_reconf: true
global_termination_time: 3027177.6414799998
local_termination_time: 3027177.6003599996
node_cons: 62332.69378431622
tot_aggregated_send: 43242
tot_msg_rcv: 1003
tot_msg_sent: 1693
tot_reconf_duration: 37.410000000000004
tot_sleeping_duration: 2980663.9066000013
tot_uptimes: 776
tot_uptimes_duration: 46513.734879998316
