comms_cons: 299.4745599997884
finished_reconf: true
global_termination_time: 3031839.231
local_termination_time: 1672023.4533999984
node_cons: 62360.99968111577
tot_aggregated_send: 43732
tot_msg_rcv: 574
tot_msg_sent: 1213
tot_reconf_duration: 12.629999999999999
tot_sleeping_duration: 2985279.2249200023
tot_uptimes: 777
tot_uptimes_duration: 46560.006079997635
