comms_cons: 299.53123840518066
finished_reconf: true
global_termination_time: 3033489.236
local_termination_time: 1816161.2983600001
node_cons: 62369.23459999903
tot_aggregated_send: 43732
tot_msg_rcv: 574
tot_msg_sent: 1221
tot_reconf_duration: 18.700000000000003
tot_sleeping_duration: 2986929.236
tot_uptimes: 777
tot_uptimes_duration: 46560.0
