comms_cons: 300.7681280061386
finished_reconf: true
global_termination_time: 3027233.55
local_termination_time: 973889.4093599998
node_cons: 62278.370099998705
tot_aggregated_send: 43442
tot_msg_rcv: 775
tot_msg_sent: 1498
tot_reconf_duration: 10.95
tot_sleeping_duration: 2980733.55
tot_uptimes: 776
tot_uptimes_duration: 46500.0
