comms_cons: 308.3376896223382
finished_reconf: true
global_termination_time: 3029813.983
local_termination_time: 646554.7989199983
node_cons: 62267.74773451924
tot_aggregated_send: 40716
tot_msg_rcv: 2184
tot_msg_sent: 3964
tot_reconf_duration: 3.05
tot_sleeping_duration: 2983313.9039600296
tot_uptimes: 776
tot_uptimes_duration: 46500.07903997041
