comms_cons: 301.86920319736197
finished_reconf: true
global_termination_time: 3029185.294
local_termination_time: 951283.69236
node_cons: 62272.03631228468
tot_aggregated_send: 41122
tot_msg_rcv: 1503
tot_msg_sent: 3257
tot_reconf_duration: 6.22
tot_sleeping_duration: 2982685.2271200255
tot_uptimes: 776
tot_uptimes_duration: 46500.066879974445
