comms_cons: 310.28290561010726
finished_reconf: true
global_termination_time: 3030319.02
local_termination_time: 518071.57736000005
node_cons: 62351.34928607372
tot_aggregated_send: 40948
tot_msg_rcv: 2208
tot_msg_sent: 4006
tot_reconf_duration: 5.43
tot_sleeping_duration: 2983758.9189200336
tot_uptimes: 777
tot_uptimes_duration: 46560.10107996635
