comms_cons: 519.7570305083034
finished_reconf: true
global_termination_time: 5167456.934
local_termination_time: 946530.688
node_cons: 106294.02702893253
tot_aggregated_send: 71336
tot_msg_rcv: 2662
tot_msg_sent: 5003
tot_reconf_duration: 3.05
tot_sleeping_duration: 5088076.885360018
tot_uptimes: 1324
tot_uptimes_duration: 79380.04863998177
