comms_cons: 891.2908817778335
finished_reconf: true
global_termination_time: 5166395.615
local_termination_time: 1367914.14936
node_cons: 106305.22782669887
tot_aggregated_send: 0
tot_msg_rcv: 68302
tot_msg_sent: 67168
tot_reconf_duration: 11.31
tot_sleeping_duration: 5087015.578520013
tot_uptimes: 1324
tot_uptimes_duration: 79380.0364799865
