comms_cons: 175.0342912206885
finished_reconf: true
global_termination_time: 361783.658
local_termination_time: 13587.993440000004
node_cons: 22054.027450722588
tot_aggregated_send: 0
tot_msg_rcv: 10717
tot_msg_sent: 15887
tot_reconf_duration: 18.21
tot_sleeping_duration: 345331.6055199981
tot_uptimes: 270
tot_uptimes_duration: 16452.052480001905
