comms_cons: 71.0763520083801
finished_reconf: true
global_termination_time: 361783.658
local_termination_time: 16984.92436
node_cons: 7422.0468411214415
tot_aggregated_send: 0
tot_msg_rcv: 5485
tot_msg_sent: 5320
tot_reconf_duration: 22.65
tot_sleeping_duration: 356263.6519199989
tot_uptimes: 93
tot_uptimes_duration: 5520.006080001069
