comms_cons: 169.20449279656202
finished_reconf: true
global_termination_time: 1708928.024
local_termination_time: 896272.6623599998
node_cons: 35116.15220111671
tot_aggregated_send: 24592
tot_msg_rcv: 377
tot_msg_sent: 749
tot_reconf_duration: 5.57
tot_sleeping_duration: 1682708.0179200023
tot_uptimes: 438
tot_uptimes_duration: 26220.006079997635
