comms_cons: 169.0196479945903
finished_reconf: true
global_termination_time: 1709193.534
local_termination_time: 671214.5056799994
node_cons: 35115.50579999992
tot_aggregated_send: 24708
tot_msg_rcv: 347
tot_msg_sent: 635
tot_reconf_duration: 5.1
tot_sleeping_duration: 1682973.534
tot_uptimes: 438
tot_uptimes_duration: 26220.0
