comms_cons: 175.3287551828648
finished_reconf: true
global_termination_time: 1706817.134
local_termination_time: 517368.05636000005
node_cons: 35116.03535116827
tot_aggregated_send: 22794
tot_msg_rcv: 1294
tot_msg_sent: 2562
tot_reconf_duration: 5.43
tot_sleeping_duration: 1680597.0732000237
tot_uptimes: 438
tot_uptimes_duration: 26220.060799976345
