comms_cons: 96.40958721299708
finished_reconf: true
global_termination_time: 482450.797
local_termination_time: 2936.3363600000002
node_cons: 9906.565462242874
tot_aggregated_send: 0
tot_msg_rcv: 7529
tot_msg_sent: 7125
tot_reconf_duration: 18.21
tot_sleeping_duration: 475070.7848399979
tot_uptimes: 124
tot_uptimes_duration: 7380.0121600021375
