comms_cons: 47.50147840056531
finished_reconf: true
global_termination_time: 481347.72
local_termination_time: 45991.767600000014
node_cons: 9912.594982242867
tot_aggregated_send: 6554
tot_msg_rcv: 217
tot_msg_sent: 448
tot_reconf_duration: 22.65
tot_sleeping_duration: 473967.70783999783
tot_uptimes: 124
tot_uptimes_duration: 7380.0121600021375
