comms_cons: 48.535385601073195
finished_reconf: true
global_termination_time: 483801.646
local_termination_time: 172402.18636000005
node_cons: 9890.283042242874
tot_aggregated_send: 6090
tot_msg_rcv: 355
tot_msg_sent: 933
tot_reconf_duration: 6.22
tot_sleeping_duration: 476421.63383999787
tot_uptimes: 124
tot_uptimes_duration: 7380.0121600021375
