comms_cons: 131.14382079410427
finished_reconf: true
global_termination_time: 1306328.04748
local_termination_time: 1306328.00636
node_cons: 26885.352365434635
tot_aggregated_send: 18256
tot_msg_rcv: 557
tot_msg_sent: 1119
tot_reconf_duration: 24.59
tot_sleeping_duration: 1286274.306520004
tot_uptimes: 335
tot_uptimes_duration: 20053.74095999595
