comms_cons: 17.861913599698156
finished_reconf: true
global_termination_time: 191014.377
local_termination_time: 12441.319080000005
node_cons: 3862.8601211191553
tot_aggregated_send: 2146
tot_msg_rcv: 209
tot_msg_sent: 359
tot_reconf_duration: 4.8100000000000005
tot_sleeping_duration: 188134.37092000063
tot_uptimes: 49
tot_uptimes_duration: 2880.006079999366
