comms_cons: 21.349503999917548
finished_reconf: true
global_termination_time: 192739.929
local_termination_time: 55338.44868000015
node_cons: 3942.646043359746
tot_aggregated_send: 2204
tot_msg_rcv: 403
tot_msg_sent: 638
tot_reconf_duration: 4.390000000000001
tot_sleeping_duration: 189799.9107600002
tot_uptimes: 50
tot_uptimes_duration: 2940.018239999801
