comms_cons: 431.59302372927505
finished_reconf: true
global_termination_time: 2194130.671
local_termination_time: 906245.1096399991
node_cons: 45101.51498223781
tot_aggregated_send: 0
tot_msg_rcv: 33076
tot_msg_sent: 32523
tot_reconf_duration: 22.65
tot_sleeping_duration: 2160470.6588400016
tot_uptimes: 562
tot_uptimes_duration: 33660.0121599987
