comms_cons: 221.2671231894143
finished_reconf: true
global_termination_time: 2195663.318
local_termination_time: 363339.5199200003
node_cons: 45157.636403354605
tot_aggregated_send: 30682
tot_msg_rcv: 1032
tot_msg_sent: 1916
tot_reconf_duration: 4.8100000000000005
tot_sleeping_duration: 2161943.2997600036
tot_uptimes: 563
tot_uptimes_duration: 33720.01823999634
