comms_cons: 14.220703999716811
finished_reconf: true
global_termination_time: 137805.831
local_termination_time: 111.40276000000026
node_cons: 2817.9023255980374
tot_aggregated_send: 928
tot_msg_rcv: 492
tot_msg_sent: 743
tot_reconf_duration: 4.390000000000001
tot_sleeping_duration: 135705.80060000147
tot_uptimes: 36
tot_uptimes_duration: 2100.0303999985335
