comms_cons: 1.0197759999994538
finished_reconf: true
global_termination_time: 6997.904
local_termination_time: 785.3693599999999
node_cons: 111.09869999999998
tot_aggregated_send: 0
tot_msg_rcv: 118
tot_msg_sent: 37
tot_reconf_duration: 22.65
tot_sleeping_duration: 6937.904
tot_uptimes: 2
tot_uptimes_duration: 60.0
