comms_cons: 363.11717124556674
finished_reconf: true
global_termination_time: 3640317.294999989
local_termination_time: 502673.16136
node_cons: 74961.09709891916
tot_aggregated_send: 50692
tot_msg_rcv: 1369
tot_msg_sent: 3130
tot_reconf_duration: 13.17
tot_sleeping_duration: 3584347.7563600186
tot_uptimes: 933
tot_uptimes_duration: 55969.53863997082
