comms_cons: 364.5478016445897
finished_reconf: true
global_termination_time: 3641425.064
local_termination_time: 555106.4024799998
node_cons: 74881.11962781695
tot_aggregated_send: 50344
tot_msg_rcv: 1629
tot_msg_sent: 3438
tot_reconf_duration: 3.08
tot_sleeping_duration: 3585505.0214400156
tot_uptimes: 933
tot_uptimes_duration: 55920.04255998414
