comms_cons: 366.03093125196625
finished_reconf: true
global_termination_time: 3641820.796
local_termination_time: 832094.3827999985
node_cons: 74887.54840670025
tot_aggregated_send: 50924
tot_msg_rcv: 1576
tot_msg_sent: 3133
tot_reconf_duration: 7.819999999999999
tot_sleeping_duration: 3585900.7595200134
tot_uptimes: 933
tot_uptimes_duration: 55920.036479986506
