comms_cons: 366.7443456341194
finished_reconf: true
global_termination_time: 3641527.725
local_termination_time: 753242.2874799977
node_cons: 74900.40570165076
tot_aggregated_send: 50344
tot_msg_rcv: 1680
tot_msg_sent: 3719
tot_reconf_duration: 11.31
tot_sleeping_duration: 3585601.6258800207
tot_uptimes: 933
tot_uptimes_duration: 55926.09911997954
