comms_cons: 59.17332480011913
finished_reconf: true
global_termination_time: 566692.473
local_termination_time: 153560.76436000006
node_cons: 11667.225565607185
tot_aggregated_send: 7366
tot_msg_rcv: 591
tot_msg_sent: 1037
tot_reconf_duration: 13.17
tot_sleeping_duration: 557992.4425999946
tot_uptimes: 146
tot_uptimes_duration: 8700.030400005344
