comms_cons: 114.11964160660519
finished_reconf: true
global_termination_time: 567425.421
local_termination_time: 2544.4153600000004
node_cons: 11660.31878448346
tot_aggregated_send: 0
tot_msg_rcv: 8927
tot_msg_sent: 8417
tot_reconf_duration: 8.09
tot_sleeping_duration: 558725.3966799974
tot_uptimes: 146
tot_uptimes_duration: 8700.024320002572
