comms_cons: 57.59298560040989
finished_reconf: true
global_termination_time: 567018.387
local_termination_time: 88807.53651999978
node_cons: 11655.848262242875
tot_aggregated_send: 7772
tot_msg_rcv: 340
tot_msg_sent: 640
tot_reconf_duration: 4.8100000000000005
tot_sleeping_duration: 558318.3748399979
tot_uptimes: 146
tot_uptimes_duration: 8700.012160002138
