comms_cons: 131.92142079472103
finished_reconf: true
global_termination_time: 1322272.9134799999
local_termination_time: 1322272.87236
node_cons: 27224.097502074936
tot_aggregated_send: 18766
tot_msg_rcv: 457
tot_msg_sent: 829
tot_reconf_duration: 37.410000000000004
tot_sleeping_duration: 1301979.1907600036
tot_uptimes: 339
tot_uptimes_duration: 20293.722719996178
