comms_cons: 133.97617919033115
finished_reconf: true
global_termination_time: 1323278.269
local_termination_time: 485057.1673600001
node_cons: 27175.784284472003
tot_aggregated_send: 17458
tot_msg_rcv: 950
tot_msg_sent: 1955
tot_reconf_duration: 15.34
tot_sleeping_duration: 1302998.2446800063
tot_uptimes: 339
tot_uptimes_duration: 20280.024319993972
