comms_cons: 133.62355198603464
finished_reconf: true
global_termination_time: 1323311.969
local_termination_time: 482065.6013600001
node_cons: 27162.524765584214
tot_aggregated_send: 16936
tot_msg_rcv: 1088
tot_msg_sent: 2287
tot_reconf_duration: 5.57
tot_sleeping_duration: 1303031.9386000119
tot_uptimes: 339
tot_uptimes_duration: 20280.030399988173
