comms_cons: 134.01467518885806
finished_reconf: true
global_termination_time: 1324581.107
local_termination_time: 515722.08636
node_cons: 27242.234646701007
tot_aggregated_send: 17632
tot_msg_rcv: 897
tot_msg_sent: 1841
tot_reconf_duration: 5.1
tot_sleeping_duration: 1304241.0705200143
tot_uptimes: 340
tot_uptimes_duration: 20340.036479985807
