comms_cons: 131.13066239619732
finished_reconf: true
global_termination_time: 1323018.857
local_termination_time: 648698.613
node_cons: 27171.940386387825
tot_aggregated_send: 18500
tot_msg_rcv: 451
tot_msg_sent: 980
tot_reconf_duration: 9.42
tot_sleeping_duration: 1302735.6994000091
tot_uptimes: 339
tot_uptimes_duration: 20283.15759999083
