comms_cons: 606.7338880946855
finished_reconf: true
global_termination_time: 6053564.289239997
local_termination_time: 294793.94328000036
node_cons: 124570.86231164372
tot_aggregated_send: 84738
tot_msg_rcv: 2479
tot_msg_sent: 5002
tot_reconf_duration: 18.21
tot_sleeping_duration: 5960550.000120021
tot_uptimes: 1551
tot_uptimes_duration: 93014.28911997582
