comms_cons: 608.3290369320872
finished_reconf: true
global_termination_time: 6053564.160999993
local_termination_time: 395278.1623600001
node_cons: 124603.82137115551
tot_aggregated_send: 84274
tot_msg_rcv: 2813
tot_msg_sent: 5376
tot_reconf_duration: 22.65
tot_sleeping_duration: 5960529.760200024
tot_uptimes: 1551
tot_uptimes_duration: 93034.40079996968
