comms_cons: 579.9932672276632
finished_reconf: true
global_termination_time: 6055435.342
local_termination_time: 2943693.6195999985
node_cons: 124544.17596334737
tot_aggregated_send: 83346
tot_msg_rcv: 1737
tot_msg_sent: 3072
tot_reconf_duration: 12.629999999999999
tot_sleeping_duration: 5962435.323760007
tot_uptimes: 1551
tot_uptimes_duration: 93000.0182399936
