comms_cons: 588.1379392029905
finished_reconf: true
global_termination_time: 6055778.332
local_termination_time: 3078511.0641999985
node_cons: 124543.16019999594
tot_aggregated_send: 87232
tot_msg_rcv: 671
tot_msg_sent: 1489
tot_reconf_duration: 11.899999999999999
tot_sleeping_duration: 5962778.332
tot_uptimes: 1551
tot_uptimes_duration: 93000.0
