comms_cons: 609.7404801616802
finished_reconf: true
global_termination_time: 6055785.92
local_termination_time: 417294.45399999997
node_cons: 124533.6052500488
tot_aggregated_send: 83923
tot_msg_rcv: 3071
tot_msg_sent: 5681
tot_reconf_duration: 4.8100000000000005
tot_sleeping_duration: 5962785.86528002
tot_uptimes: 1551
tot_uptimes_duration: 93000.05471997964
