comms_cons: 606.0025601386159
finished_reconf: true
global_termination_time: 6053881.685
local_termination_time: 1717287.8451599993
node_cons: 124537.6684066984
tot_aggregated_send: 83346
tot_msg_rcv: 2947
tot_msg_sent: 5816
tot_reconf_duration: 7.819999999999999
tot_sleeping_duration: 5960881.648520013
tot_uptimes: 1551
tot_uptimes_duration: 93000.03647998674
