comms_cons: 19.165209600176585
finished_reconf: true
global_termination_time: 192440.082
local_termination_time: 109416.37615999953
node_cons: 3943.191979999999
tot_aggregated_send: 2668
tot_msg_rcv: 75
tot_msg_sent: 170
tot_reconf_duration: 4.8100000000000005
tot_sleeping_duration: 189500.082
tot_uptimes: 50
tot_uptimes_duration: 2940.0
