comms_cons: 18.79677439995563
finished_reconf: true
global_termination_time: 191991.54148000016
local_termination_time: 67856.78411999946
node_cons: 3966.9917823994924
tot_aggregated_send: 2784
tot_msg_rcv: 17
tot_msg_sent: 55
tot_reconf_duration: 7.819999999999999
tot_sleeping_duration: 189036.81988000055
tot_uptimes: 50
tot_uptimes_duration: 2954.7215999996115
