comms_cons: 212.34920318423784
finished_reconf: true
global_termination_time: 2111215.851
local_termination_time: 90206.49287999973
node_cons: 43418.00624670057
tot_aggregated_send: 29464
tot_msg_rcv: 971
tot_msg_sent: 1840
tot_reconf_duration: 25.299999999999997
tot_sleeping_duration: 2078815.814520014
tot_uptimes: 541
tot_uptimes_duration: 32400.036479985807
