comms_cons: 415.9350780578239
finished_reconf: true
global_termination_time: 2115612.667
local_termination_time: 2926.0273600000005
node_cons: 43481.85742446692
tot_aggregated_send: 0
tot_msg_rcv: 31844
tot_msg_sent: 31375
tot_reconf_duration: 13.17
tot_sleeping_duration: 2083152.6426800094
tot_uptimes: 542
tot_uptimes_duration: 32460.024319990538
