comms_cons: 211.63306238823964
finished_reconf: true
global_termination_time: 2110564.9271199964
local_termination_time: 5576.586
node_cons: 43450.220333580946
tot_aggregated_send: 29404
tot_msg_rcv: 960
tot_msg_sent: 1802
tot_reconf_duration: 22.65
tot_sleeping_duration: 2078138.1447200105
tot_uptimes: 541
tot_uptimes_duration: 32426.782399986078
