comms_cons: 209.02643198733017
finished_reconf: true
global_termination_time: 2111419.532
local_termination_time: 224626.97136000005
node_cons: 43390.18082670518
tot_aggregated_send: 29464
tot_msg_rcv: 789
tot_msg_sent: 1517
tot_reconf_duration: 4.8100000000000005
tot_sleeping_duration: 2079019.4955200108
tot_uptimes: 541
tot_uptimes_duration: 32400.03647998924
