comms_cons: 286.21987202295065
finished_reconf: true
global_termination_time: 2810899.103
local_termination_time: 4741.120999999999
node_cons: 57874.3472745331
tot_aggregated_send: 38375
tot_msg_rcv: 1749
tot_msg_sent: 3379
tot_reconf_duration: 21.68
tot_sleeping_duration: 2767699.0239600195
tot_uptimes: 720
tot_uptimes_duration: 43200.07903998068
