comms_cons: 9.546419199865259
finished_reconf: true
global_termination_time: 92131.269
local_termination_time: 48569.92500000018
node_cons: 1854.7620822383
tot_aggregated_send: 754
tot_msg_rcv: 263
tot_msg_sent: 434
tot_reconf_duration: 5.1
tot_sleeping_duration: 90751.25684000127
tot_uptimes: 24
tot_uptimes_duration: 1380.0121599987324
