comms_cons: 11.785228799931534
finished_reconf: true
global_termination_time: 90620.032
local_termination_time: 55395.123
node_cons: 1868.3556622394433
tot_aggregated_send: 580
tot_msg_rcv: 493
tot_msg_sent: 720
tot_reconf_duration: 15.110000000000001
tot_sleeping_duration: 89240.01984000043
tot_uptimes: 24
tot_uptimes_duration: 1380.0121599995837
