comms_cons: 12.19376639995398
finished_reconf: true
global_termination_time: 90395.945
local_termination_time: 9707.07384
node_cons: 1863.9964822394415
tot_aggregated_send: 696
tot_msg_rcv: 548
tot_msg_sent: 612
tot_reconf_duration: 11.899999999999999
tot_sleeping_duration: 89015.93284000042
tot_uptimes: 24
tot_uptimes_duration: 1380.0121599995837
