comms_cons: 10.231910400045928
finished_reconf: true
global_termination_time: 92060.443
local_termination_time: 34002.68648000001
node_cons: 1855.226504480882
tot_aggregated_send: 696
tot_msg_rcv: 277
tot_msg_sent: 582
tot_reconf_duration: 5.43
tot_sleeping_duration: 90680.41867999935
tot_uptimes: 24
tot_uptimes_duration: 1380.024320000659
