comms_cons: 256.09475199798584
finished_reconf: true
global_termination_time: 2550810.797
local_termination_time: 1217785.35736
node_cons: 52469.61662446662
tot_aggregated_send: 35786
tot_msg_rcv: 1049
tot_msg_sent: 2089
tot_reconf_duration: 5.57
tot_sleeping_duration: 2511630.7726800092
tot_uptimes: 654
tot_uptimes_duration: 39180.02431999054
