comms_cons: 255.82561280370223
finished_reconf: true
global_termination_time: 2548894.537
local_termination_time: 1232641.0603599998
node_cons: 52388.63022334951
tot_aggregated_send: 35670
tot_msg_rcv: 1067
tot_msg_sent: 2147
tot_reconf_duration: 5.1
tot_sleeping_duration: 2509774.5187600073
tot_uptimes: 653
tot_uptimes_duration: 39120.0182399929
