comms_cons: 257.8263168061793
finished_reconf: true
global_termination_time: 2552504.496
local_termination_time: 98858.26347999997
node_cons: 52472.7128300645
tot_aggregated_send: 35322
tot_msg_rcv: 1310
tot_msg_sent: 2556
tot_reconf_duration: 7.819999999999999
tot_sleeping_duration: 2513324.441280011
tot_uptimes: 654
tot_uptimes_duration: 39180.05471998901
