comms_cons: 23.64032000039397
finished_reconf: true
global_termination_time: 215107.10404000076
local_termination_time: 215107.06292000075
node_cons: 4522.623063283636
tot_aggregated_send: 2248
tot_msg_rcv: 354
tot_msg_sent: 992
tot_reconf_duration: 24.59
tot_sleeping_duration: 211754.43051999807
tot_uptimes: 56
tot_uptimes_duration: 3352.6735200027033
