comms_cons: 22.077324800437573
finished_reconf: true
global_termination_time: 215272.963
local_termination_time: 21281.077480000004
node_cons: 4449.466841120009
tot_aggregated_send: 2726
tot_msg_rcv: 185
tot_msg_sent: 444
tot_reconf_duration: 22.65
tot_sleeping_duration: 211972.95692
tot_uptimes: 56
tot_uptimes_duration: 3300.006080000003
