comms_cons: 203.60650238567794
finished_reconf: true
global_termination_time: 2034732.053
local_termination_time: 599493.3380799997
node_cons: 41891.558672615574
tot_aggregated_send: 28536
tot_msg_rcv: 744
tot_msg_sent: 1667
tot_reconf_duration: 25.299999999999997
tot_sleeping_duration: 2003472.007240018
tot_uptimes: 522
tot_uptimes_duration: 31260.045759981964
