comms_cons: 203.40248318759527
finished_reconf: true
global_termination_time: 2035722.798
local_termination_time: 674746.2523599999
node_cons: 41887.93940558385
tot_aggregated_send: 28188
tot_msg_rcv: 798
tot_msg_sent: 1930
tot_reconf_duration: 22.65
tot_sleeping_duration: 2004462.7676000118
tot_uptimes: 522
tot_uptimes_duration: 31260.030399988173
