comms_cons: 203.14485758802618
finished_reconf: true
global_termination_time: 2036445.892
local_termination_time: 875035.8493599999
node_cons: 41861.322605583875
tot_aggregated_send: 28478
tot_msg_rcv: 806
tot_msg_sent: 1593
tot_reconf_duration: 3.05
tot_sleeping_duration: 2005185.8616000118
tot_uptimes: 522
tot_uptimes_duration: 31260.030399988173
