comms_cons: 203.76468478688446
finished_reconf: true
global_termination_time: 2035749.253
local_termination_time: 913270.91536
node_cons: 41865.61932446711
tot_aggregated_send: 28420
tot_msg_rcv: 922
tot_msg_sent: 1630
tot_reconf_duration: 6.22
tot_sleeping_duration: 2004489.2286800095
tot_uptimes: 522
tot_uptimes_duration: 31260.024319990538
