comms_cons: 68.99773440024572
finished_reconf: true
global_termination_time: 687935.527
local_termination_time: 208695.05440000037
node_cons: 14146.371980000018
tot_aggregated_send: 9628
tot_msg_rcv: 282
tot_msg_sent: 576
tot_reconf_duration: 4.8100000000000005
tot_sleeping_duration: 677375.527
tot_uptimes: 177
tot_uptimes_duration: 10560.0
