comms_cons: 67.87760640032818
finished_reconf: true
global_termination_time: 690596.12
local_termination_time: 351876.5520800001
node_cons: 14148.286759999983
tot_aggregated_send: 9976
tot_msg_rcv: 114
tot_msg_sent: 227
tot_reconf_duration: 6.22
tot_sleeping_duration: 680036.12
tot_uptimes: 177
tot_uptimes_duration: 10560.0
