comms_cons: 68.32561919913282
finished_reconf: true
global_termination_time: 687362.49
local_termination_time: 231020.4748400006
node_cons: 14155.198980000017
tot_aggregated_send: 9686
tot_msg_rcv: 243
tot_msg_sent: 456
tot_reconf_duration: 11.31
tot_sleeping_duration: 676802.49
tot_uptimes: 177
tot_uptimes_duration: 10560.0
