comms_cons: 0.9079296000020243
finished_reconf: true
global_termination_time: 7410.349
local_termination_time: 1329.5973600000002
node_cons: 92.71137999999986
tot_aggregated_send: 0
tot_msg_rcv: 87
tot_msg_sent: 51
tot_reconf_duration: 9.11
tot_sleeping_duration: 7350.349
tot_uptimes: 2
tot_uptimes_duration: 60.0
