comms_cons: 0.8421375999972197
finished_reconf: true
global_termination_time: 6033.206
local_termination_time: 2353.7113600000007
node_cons: 88.7889024000059
tot_aggregated_send: 0
tot_msg_rcv: 73
tot_msg_sent: 55
tot_reconf_duration: 6.22
tot_sleeping_duration: 5973.204399999996
tot_uptimes: 2
tot_uptimes_duration: 60.001600000004146
