comms_cons: 0.815820800001819
finished_reconf: true
global_termination_time: 6710.528
local_termination_time: 1289.5033600000002
node_cons: 95.69897999999992
tot_aggregated_send: 0
tot_msg_rcv: 73
tot_msg_sent: 50
tot_reconf_duration: 11.31
tot_sleeping_duration: 6650.528
tot_uptimes: 2
tot_uptimes_duration: 60.0
