comms_cons: 371.60042241658005
finished_reconf: true
global_termination_time: 3807788.945
local_termination_time: 2744921.826679998
node_cons: 78352.35614334869
tot_aggregated_send: 52490
tot_msg_rcv: 1217
tot_msg_sent: 2775
tot_reconf_duration: 15.34
tot_sleeping_duration: 3749288.9267600067
tot_uptimes: 976
tot_uptimes_duration: 58500.01823999314
