comms_cons: 378.5368384210625
finished_reconf: true
global_termination_time: 3810661.47
local_termination_time: 943561.7893599999
node_cons: 78344.33306558324
tot_aggregated_send: 53244
tot_msg_rcv: 1388
tot_msg_sent: 2904
tot_reconf_duration: 9.42
tot_sleeping_duration: 3752161.4396000113
tot_uptimes: 976
tot_uptimes_duration: 58500.03039998887
