comms_cons: 376.69007363357014
finished_reconf: true
global_termination_time: 3810190.633
local_termination_time: 786397.1921999987
node_cons: 78348.72009677206
tot_aggregated_send: 53766
tot_msg_rcv: 1051
tot_msg_sent: 2438
tot_reconf_duration: 12.629999999999999
tot_sleeping_duration: 3751690.5818000194
tot_uptimes: 976
tot_uptimes_duration: 58500.051199980546
