comms_cons: 383.3632384454332
finished_reconf: true
global_termination_time: 3809502.051
local_termination_time: 276279.68952000083
node_cons: 78346.45965228943
tot_aggregated_send: 52780
tot_msg_rcv: 1945
tot_msg_sent: 3544
tot_reconf_duration: 10.95
tot_sleeping_duration: 3751001.9841200216
tot_uptimes: 976
tot_uptimes_duration: 58500.06687997858
