comms_cons: 28.054336000467305
finished_reconf: true
global_termination_time: 276907.189
local_termination_time: 20459.14
node_cons: 5654.611831522026
tot_aggregated_send: 3594
tot_msg_rcv: 223
tot_msg_sent: 448
tot_reconf_duration: 22.65
tot_sleeping_duration: 272707.14931999845
tot_uptimes: 71
tot_uptimes_duration: 4200.039680001508
