comms_cons: 27.908966400539153
finished_reconf: true
global_termination_time: 276495.145
local_termination_time: 208168.68736000007
node_cons: 5632.263042242869
tot_aggregated_send: 3712
tot_msg_rcv: 185
tot_msg_sent: 345
tot_reconf_duration: 6.22
tot_sleeping_duration: 272295.1328399979
tot_uptimes: 71
tot_uptimes_duration: 4200.0121600021375
