comms_cons: 30.856448000701807
finished_reconf: true
global_termination_time: 297349.54604000074
local_termination_time: 297349.50492000073
node_cons: 6211.099171042212
tot_aggregated_send: 3930
tot_msg_rcv: 245
tot_msg_sent: 515
tot_reconf_duration: 24.59
tot_sleeping_duration: 292735.87467999913
tot_uptimes: 77
tot_uptimes_duration: 4613.671360001637
