comms_cons: 1638.5369939038865
finished_reconf: true
global_termination_time: 3382590.577119999
local_termination_time: 3382590.535999999
node_cons: 205843.51812685636
tot_aggregated_send: 0
tot_msg_rcv: 100554
tot_msg_sent: 148494
tot_reconf_duration: 37.410000000000004
tot_sleeping_duration: 3228899.228840041
tot_uptimes: 2520
tot_uptimes_duration: 153691.34827995795
