comms_cons: 664.7196999816616
finished_reconf: true
global_termination_time: 3382591.177119997
local_termination_time: 2144.052480000002
node_cons: 69631.52409725887
tot_aggregated_send: 0
tot_msg_rcv: 50765
tot_msg_sent: 50264
tot_reconf_duration: 5.1
tot_sleeping_duration: 3330593.7176000117
tot_uptimes: 867
tot_uptimes_duration: 51997.459519985365
