comms_cons: 342.092710440427
finished_reconf: true
global_termination_time: 3382647.133
local_termination_time: 2704580.166039998
node_cons: 69669.67452334921
tot_aggregated_send: 46690
tot_msg_rcv: 1716
tot_msg_sent: 3591
tot_reconf_duration: 10.95
tot_sleeping_duration: 3330627.1147600063
tot_uptimes: 867
tot_uptimes_duration: 52020.01823999337
