comms_cons: 341.26185603883835
finished_reconf: true
global_termination_time: 3382966.45
local_termination_time: 408715.1063600001
node_cons: 69595.36941340634
tot_aggregated_send: 46980
tot_msg_rcv: 1639
tot_msg_sent: 3250
tot_reconf_duration: 15.34
tot_sleeping_duration: 3331006.377040024
tot_uptimes: 867
tot_uptimes_duration: 51960.07295997598
