comms_cons: 231.03421438167678
finished_reconf: true
global_termination_time: 2318782.097
local_termination_time: 307341.30876000045
node_cons: 47672.41126446677
tot_aggregated_send: 32132
tot_msg_rcv: 1081
tot_msg_sent: 1903
tot_reconf_duration: 22.65
tot_sleeping_duration: 2283202.0726800095
tot_uptimes: 594
tot_uptimes_duration: 35580.02431999054
