comms_cons: 369.2181244975888
finished_reconf: true
global_termination_time: 2314395.061
local_termination_time: 363721.25648000004
node_cons: 47567.844544471336
tot_aggregated_send: 0
tot_msg_rcv: 28331
tot_msg_sent: 27788
tot_reconf_duration: 4.8100000000000005
tot_sleeping_duration: 2278875.036680006
tot_uptimes: 593
tot_uptimes_duration: 35520.02431999397
