comms_cons: 905.5579832565888
finished_reconf: true
global_termination_time: 2313568.991
local_termination_time: 363721.8876
node_cons: 140114.00524046793
tot_aggregated_send: 0
tot_msg_rcv: 55585
tot_msg_sent: 82055
tot_reconf_duration: 4.390000000000001
tot_sleeping_duration: 2208932.6626800057
tot_uptimes: 1709
tot_uptimes_duration: 104636.32831999427
