comms_cons: 226.3520511922024
finished_reconf: true
global_termination_time: 2313487.419
local_termination_time: 1369795.7649599987
node_cons: 47571.90770112093
tot_aggregated_send: 31900
tot_msg_rcv: 765
tot_msg_sent: 1741
tot_reconf_duration: 7.819999999999999
tot_sleeping_duration: 2277967.412919999
tot_uptimes: 593
tot_uptimes_duration: 35520.00608000107
