comms_cons: 77.44439039895396
finished_reconf: true
global_termination_time: 781536.4707199988
local_termination_time: 781536.4295999989
node_cons: 16175.16236119521
tot_aggregated_send: 11226
tot_msg_rcv: 161
tot_msg_sent: 384
tot_reconf_duration: 37.410000000000004
tot_sleeping_duration: 769494.3799200024
tot_uptimes: 201
tot_uptimes_duration: 12042.090799996397
