comms_cons: 78.41748479929235
finished_reconf: true
global_termination_time: 785642.988
local_termination_time: 219231.77436000004
node_cons: 16152.522640000008
tot_aggregated_send: 11136
tot_msg_rcv: 263
tot_msg_sent: 520
tot_reconf_duration: 3.08
tot_sleeping_duration: 773582.988
tot_uptimes: 202
tot_uptimes_duration: 12060.0
