comms_cons: 78.87761919859987
finished_reconf: true
global_termination_time: 784150.028
local_termination_time: 173531.24736000004
node_cons: 16072.141900000008
tot_aggregated_send: 10846
tot_msg_rcv: 389
tot_msg_sent: 752
tot_reconf_duration: 3.05
tot_sleeping_duration: 772150.028
tot_uptimes: 201
tot_uptimes_duration: 12000.0
