comms_cons: 56.871232000663106
finished_reconf: true
global_termination_time: 553753.957
local_termination_time: 235209.032
node_cons: 11349.2209277201
tot_aggregated_send: 7237
tot_msg_rcv: 481
tot_msg_sent: 927
tot_reconf_duration: 15.34
tot_sleeping_duration: 545293.6215199999
tot_uptimes: 142
tot_uptimes_duration: 8460.335480000067
