comms_cons: 55.58170880017934
finished_reconf: true
global_termination_time: 552932.966
local_termination_time: 371413.4958800009
node_cons: 11336.476381121405
tot_aggregated_send: 7598
tot_msg_rcv: 276
tot_msg_sent: 574
tot_reconf_duration: 6.279999999999999
tot_sleeping_duration: 544472.9599199989
tot_uptimes: 142
tot_uptimes_duration: 8460.006080001069
