comms_cons: 55.21922560094388
finished_reconf: true
global_termination_time: 552879.596
local_termination_time: 328746.0774800001
node_cons: 11335.520342242886
tot_aggregated_send: 7482
tot_msg_rcv: 327
tot_msg_sent: 584
tot_reconf_duration: 5.57
tot_sleeping_duration: 544419.5838399979
tot_uptimes: 142
tot_uptimes_duration: 8460.012160002138
