comms_cons: 55.41660160109069
finished_reconf: true
global_termination_time: 551529.223
local_termination_time: 185412.96436000004
node_cons: 11334.504544485735
tot_aggregated_send: 7424
tot_msg_rcv: 356
tot_msg_sent: 643
tot_reconf_duration: 4.8100000000000005
tot_sleeping_duration: 543069.1986799957
tot_uptimes: 142
tot_uptimes_duration: 8460.024320004275
