comms_cons: 36.79731840024898
finished_reconf: true
global_termination_time: 338503.65116000077
local_termination_time: 338503.61004000076
node_cons: 7010.497060722186
tot_aggregated_send: 4046
tot_msg_rcv: 550
tot_msg_sent: 994
tot_reconf_duration: 24.59
tot_sleeping_duration: 333292.9686799991
tot_uptimes: 87
tot_uptimes_duration: 5210.682480001618
