comms_cons: 152.06979195659827
finished_reconf: true
global_termination_time: 1126817.262
local_termination_time: 117992.55799999999
node_cons: 23175.15228656492
tot_aggregated_send: 0
tot_msg_rcv: 11642
tot_msg_sent: 11471
tot_reconf_duration: 25.299999999999997
tot_sleeping_duration: 1109535.1149599964
tot_uptimes: 289
tot_uptimes_duration: 17282.147040003663
