comms_cons: 110.07659519859087
finished_reconf: true
global_termination_time: 1128591.324
local_termination_time: 703538.8875599985
node_cons: 23236.144860000102
tot_aggregated_send: 16240
tot_msg_rcv: 95
tot_msg_sent: 396
tot_reconf_duration: 13.17
tot_sleeping_duration: 1111251.324
tot_uptimes: 290
tot_uptimes_duration: 17340.000000000007
