comms_cons: 111.54050559640419
finished_reconf: true
global_termination_time: 1128060.049
local_termination_time: 27035.49248
node_cons: 23143.938607840853
tot_aggregated_send: 14964
tot_msg_rcv: 705
tot_msg_sent: 1284
tot_reconf_duration: 4.390000000000001
tot_sleeping_duration: 1110780.0064399997
tot_uptimes: 289
tot_uptimes_duration: 17280.042560000613
