comms_cons: 154.1381247565517
finished_reconf: true
global_termination_time: 1127084.763
local_termination_time: 113687.20747999997
node_cons: 23145.35092782707
tot_aggregated_send: 0
tot_msg_rcv: 11934
tot_msg_sent: 11495
tot_reconf_duration: 5.43
tot_sleeping_duration: 1109804.7204400098
tot_uptimes: 289
tot_uptimes_duration: 17280.04255999031
