comms_cons: 265.305759993987
finished_reconf: true
global_termination_time: 2644066.327239997
local_termination_time: 229185.41636000006
node_cons: 54434.00974718243
tot_aggregated_send: 36424
tot_msg_rcv: 1235
tot_msg_sent: 2665
tot_reconf_duration: 18.21
tot_sleeping_duration: 2603432.06244001
tot_uptimes: 678
tot_uptimes_duration: 40634.26479998755
