comms_cons: 59.002892797964826
finished_reconf: true
global_termination_time: 584398.432
local_termination_time: 312454.4443600001
node_cons: 11978.224060000026
tot_aggregated_send: 7946
tot_msg_rcv: 330
tot_msg_sent: 693
tot_reconf_duration: 5.57
tot_sleeping_duration: 575458.432
tot_uptimes: 150
tot_uptimes_duration: 8940.0
