comms_cons: 59.897036801744484
finished_reconf: true
global_termination_time: 588470.989
local_termination_time: 407613.14836000005
node_cons: 12085.373682242862
tot_aggregated_send: 7714
tot_msg_rcv: 482
tot_msg_sent: 908
tot_reconf_duration: 25.299999999999997
tot_sleeping_duration: 579470.9768399978
tot_uptimes: 151
tot_uptimes_duration: 9000.012160002138
