comms_cons: 59.30741760118939
finished_reconf: true
global_termination_time: 588624.687
local_termination_time: 216308.47036000006
node_cons: 12059.47118336431
tot_aggregated_send: 7656
tot_msg_rcv: 425
tot_msg_sent: 933
tot_reconf_duration: 6.22
tot_sleeping_duration: 579624.6687599968
tot_uptimes: 151
tot_uptimes_duration: 9000.018240003206
