comms_cons: 59.96282880177745
finished_reconf: true
global_termination_time: 588383.412
local_termination_time: 312427.2571600003
node_cons: 12058.42278672859
tot_aggregated_send: 7250
tot_msg_rcv: 639
tot_msg_sent: 1225
tot_reconf_duration: 5.43
tot_sleeping_duration: 579383.3755199936
tot_uptimes: 151
tot_uptimes_duration: 9000.036480006413
