comms_cons: 8.742444800067917
finished_reconf: true
global_termination_time: 77377.707
local_termination_time: 36549.46932000013
node_cons: 1538.8313800000005
tot_aggregated_send: 522
tot_msg_rcv: 316
tot_msg_sent: 490
tot_reconf_duration: 9.11
tot_sleeping_duration: 76237.707
tot_uptimes: 20
tot_uptimes_duration: 1140.0
