comms_cons: 8.34963200001222
finished_reconf: true
global_termination_time: 79218.328
local_termination_time: 38722.83736000001
node_cons: 1613.3319799999963
tot_aggregated_send: 754
tot_msg_rcv: 280
tot_msg_sent: 236
tot_reconf_duration: 4.8100000000000005
tot_sleeping_duration: 78018.328
tot_uptimes: 21
tot_uptimes_duration: 1200.0
