comms_cons: 8.738432000272947
finished_reconf: true
global_termination_time: 76772.467
local_termination_time: 47958.9832400001
node_cons: 1530.610041120295
tot_aggregated_send: 696
tot_msg_rcv: 225
tot_msg_sent: 408
tot_reconf_duration: 3.05
tot_sleeping_duration: 75632.4609199998
tot_uptimes: 20
tot_uptimes_duration: 1140.0060800002175
