comms_cons: 394.60828146833813
finished_reconf: true
global_termination_time: 812658.0522399979
local_termination_time: 812658.011119998
node_cons: 49642.607412717145
tot_aggregated_send: 0
tot_msg_rcv: 24180
tot_msg_sent: 35794
tot_reconf_duration: 24.59
tot_sleeping_duration: 775608.6017599995
tot_uptimes: 611
tot_uptimes_duration: 37049.45047999836
