comms_cons: 82.9068287947624
finished_reconf: true
global_termination_time: 814929.564
local_termination_time: 85532.49499999973
node_cons: 16717.26012112153
tot_aggregated_send: 11078
tot_msg_rcv: 536
tot_msg_sent: 987
tot_reconf_duration: 4.8100000000000005
tot_sleeping_duration: 802449.5579199989
tot_uptimes: 209
tot_uptimes_duration: 12480.006080001127
