comms_cons: 282.72200959536934
finished_reconf: true
global_termination_time: 2809329.786
local_termination_time: 6044.201
node_cons: 57854.48791005109
tot_aggregated_send: 38158
tot_msg_rcv: 1669
tot_msg_sent: 3146
tot_reconf_duration: 7.08
tot_sleeping_duration: 2766129.7312800204
tot_uptimes: 720
tot_uptimes_duration: 43200.054719979176
