comms_cons: 158.70483838756795
finished_reconf: true
global_termination_time: 1578891.898
local_termination_time: 400840.4823600001
node_cons: 32488.167546705678
tot_aggregated_send: 21576
tot_msg_rcv: 927
tot_msg_sent: 1617
tot_reconf_duration: 22.65
tot_sleeping_duration: 1554651.8615200107
tot_uptimes: 405
tot_uptimes_duration: 24240.03647998924
