comms_cons: 154.84751359624892
finished_reconf: true
global_termination_time: 1578899.651
local_termination_time: 1208465.3990399993
node_cons: 32472.71898000013
tot_aggregated_send: 22852
tot_msg_rcv: 256
tot_msg_sent: 427
tot_reconf_duration: 11.31
tot_sleeping_duration: 1554659.651
tot_uptimes: 405
tot_uptimes_duration: 24240.0
