comms_cons: 271.2033791883622
finished_reconf: true
global_termination_time: 2681782.459
local_termination_time: 689107.912
node_cons: 55156.77586644499
tot_aggregated_send: 36596
tot_msg_rcv: 1659
tot_msg_sent: 2966
tot_reconf_duration: 22.65
tot_sleeping_duration: 2640612.9166800254
tot_uptimes: 687
tot_uptimes_duration: 41169.54231997451
