comms_cons: 272.8595264032682
finished_reconf: true
global_termination_time: 2680258.361
local_termination_time: 238885.11104000077
node_cons: 55119.31559564427
tot_aggregated_send: 36482
tot_msg_rcv: 1818
tot_msg_sent: 3173
tot_reconf_duration: 4.390000000000001
tot_sleeping_duration: 2639098.275880026
tot_uptimes: 687
tot_uptimes_duration: 41160.085119973985
