comms_cons: 1058.5509507397735
finished_reconf: true
global_termination_time: 10592468.473
local_termination_time: 2845651.962279998
node_cons: 217905.11303596324
tot_aggregated_send: 145696
tot_msg_rcv: 5218
tot_msg_sent: 9978
tot_reconf_duration: 15.34
tot_sleeping_duration: 10429746.82900002
tot_uptimes: 2713
tot_uptimes_duration: 162721.64399997867
