comms_cons: 4434.146337690124
finished_reconf: true
global_termination_time: 10588924.613
local_termination_time: 2872961.062719999
node_cons: 642344.9121383681
tot_aggregated_send: 0
tot_msg_rcv: 272388
tot_msg_sent: 401580
tot_reconf_duration: 5.57
tot_sleeping_duration: 10109210.387400042
tot_uptimes: 7867
tot_uptimes_duration: 479714.22559995647
