comms_cons: 1065.821907529284
finished_reconf: true
global_termination_time: 10589394.974
local_termination_time: 228386.6826000001
node_cons: 217832.61267564332
tot_aggregated_send: 146914
tot_msg_rcv: 5053
tot_msg_sent: 10031
tot_reconf_duration: 22.65
tot_sleeping_duration: 10426734.888880022
tot_uptimes: 2712
tot_uptimes_duration: 162660.08511997858
