comms_cons: 1045.7639426566027
finished_reconf: true
global_termination_time: 10589960.146
local_termination_time: 4122422.0133599997
node_cons: 217818.94038669474
tot_aggregated_send: 146624
tot_msg_rcv: 4075
tot_msg_sent: 8249
tot_reconf_duration: 12.629999999999999
tot_sleeping_duration: 10427300.109520013
tot_uptimes: 2712
tot_uptimes_duration: 162660.0364799872
