comms_cons: 1248.262534572631
finished_reconf: true
global_termination_time: 2733177.393
local_termination_time: 2087819.2200799996
node_cons: 165487.1362899044
tot_aggregated_send: 0
tot_msg_rcv: 76684
tot_msg_sent: 113044
tot_reconf_duration: 5.57
tot_sleeping_duration: 2609592.9477200075
tot_uptimes: 2024
tot_uptimes_duration: 123584.44527999237
