comms_cons: 276.5605120221845
finished_reconf: true
global_termination_time: 2731542.41
local_termination_time: 2052063.342119998
node_cons: 56217.374739261235
tot_aggregated_send: 37584
tot_msg_rcv: 1489
tot_msg_sent: 2960
tot_reconf_duration: 25.299999999999997
tot_sleeping_duration: 2689583.4724800135
tot_uptimes: 700
tot_uptimes_duration: 41958.93751998665
