comms_cons: 275.009875201363
finished_reconf: true
global_termination_time: 2732662.029
local_termination_time: 1919275.3583199987
node_cons: 56161.86706334994
tot_aggregated_send: 37932
tot_msg_rcv: 1253
tot_msg_sent: 2615
tot_reconf_duration: 3.08
tot_sleeping_duration: 2690722.010760007
tot_uptimes: 700
tot_uptimes_duration: 41940.01823999314
