comms_cons: 273.1419136101421
finished_reconf: true
global_termination_time: 2730417.123
local_termination_time: 1791607.0036399981
node_cons: 56250.4202267008
tot_aggregated_send: 38570
tot_msg_rcv: 914
tot_msg_sent: 2032
tot_reconf_duration: 9.11
tot_sleeping_duration: 2688417.086520014
tot_uptimes: 700
tot_uptimes_duration: 42000.03647998627
