comms_cons: 274.94435200527295
finished_reconf: true
global_termination_time: 2730968.418
local_termination_time: 258620.33536000006
node_cons: 56188.50011117687
tot_aggregated_send: 37468
tot_msg_rcv: 1486
tot_msg_sent: 2836
tot_reconf_duration: 22.65
tot_sleeping_duration: 2689028.3572000167
tot_uptimes: 700
tot_uptimes_duration: 41940.06079998345
