comms_cons: 275.84332160236215
finished_reconf: true
global_termination_time: 2732884.348
local_termination_time: 777207.620999999
node_cons: 56174.884810056086
tot_aggregated_send: 37816
tot_msg_rcv: 1384
tot_msg_sent: 2726
tot_reconf_duration: 12.629999999999999
tot_sleeping_duration: 2690944.2932800176
tot_uptimes: 700
tot_uptimes_duration: 41940.05471998284
