comms_cons: 275.2047680117794
finished_reconf: true
global_termination_time: 2730423.539
local_termination_time: 267602.421
node_cons: 56164.7011213357
tot_aggregated_send: 37697
tot_msg_rcv: 1350
tot_msg_sent: 2783
tot_reconf_duration: 4.8100000000000005
tot_sleeping_duration: 2688483.1587600172
tot_uptimes: 700
tot_uptimes_duration: 41940.380239982565
