comms_cons: 273.1254143992094
finished_reconf: true
global_termination_time: 2732223.956
local_termination_time: 868457.2179599988
node_cons: 56161.85074670073
tot_aggregated_send: 37990
tot_msg_rcv: 1228
tot_msg_sent: 2295
tot_reconf_duration: 3.05
tot_sleeping_duration: 2690283.9195200135
tot_uptimes: 700
tot_uptimes_duration: 41940.03647998627
