comms_cons: 55.75872000026694
finished_reconf: true
global_termination_time: 569457.646
local_termination_time: 392108.72372000007
node_cons: 11656.225799999986
tot_aggregated_send: 8236
tot_msg_rcv: 68
tot_msg_sent: 171
tot_reconf_duration: 5.1
tot_sleeping_duration: 560757.646
tot_uptimes: 146
tot_uptimes_duration: 8700.0
