comms_cons: 56.86402560054213
finished_reconf: true
global_termination_time: 568233.433
local_termination_time: 281592.91944000067
node_cons: 11653.482640000038
tot_aggregated_send: 7888
tot_msg_rcv: 236
tot_msg_sent: 519
tot_reconf_duration: 3.08
tot_sleeping_duration: 559533.433
tot_uptimes: 146
tot_uptimes_duration: 8700.0
