comms_cons: 55.26430720015917
finished_reconf: true
global_termination_time: 565757.265
local_termination_time: 225900.65136000005
node_cons: 11575.491980000013
tot_aggregated_send: 8004
tot_msg_rcv: 107
tot_msg_sent: 288
tot_reconf_duration: 4.8100000000000005
tot_sleeping_duration: 557117.265
tot_uptimes: 145
tot_uptimes_duration: 8640.0
