comms_cons: 56.58174720036889
finished_reconf: true
global_termination_time: 566316.071
local_termination_time: 272158.85536000005
node_cons: 11662.092359999993
tot_aggregated_send: 8062
tot_msg_rcv: 198
tot_msg_sent: 340
tot_reconf_duration: 9.42
tot_sleeping_duration: 557616.071
tot_uptimes: 146
tot_uptimes_duration: 8700.0
