comms_cons: 55.43941760019422
finished_reconf: true
global_termination_time: 565772.135
local_termination_time: 119285.27951999949
node_cons: 11587.433936400752
tot_aggregated_send: 8004
tot_msg_rcv: 141
tot_msg_sent: 281
tot_reconf_duration: 12.629999999999999
tot_sleeping_duration: 557131.1473999994
tot_uptimes: 145
tot_uptimes_duration: 8640.98760000056
