comms_cons: 56.996908800500435
finished_reconf: true
global_termination_time: 569747.896
local_termination_time: 218071.24884000057
node_cons: 11653.4419
tot_aggregated_send: 8062
tot_msg_rcv: 255
tot_msg_sent: 346
tot_reconf_duration: 3.05
tot_sleeping_duration: 561047.896
tot_uptimes: 146
tot_uptimes_duration: 8700.0
