comms_cons: 169.8821503858884
finished_reconf: true
global_termination_time: 1685987.0254799998
local_termination_time: 1685986.98436
node_cons: 34695.77448989729
tot_aggregated_send: 23348
tot_msg_rcv: 830
tot_msg_sent: 1642
tot_reconf_duration: 37.410000000000004
tot_sleeping_duration: 1660113.260200017
tot_uptimes: 432
tot_uptimes_duration: 25873.765279983054
