comms_cons: 492.03925721691894
finished_reconf: true
global_termination_time: 1685987.1811999986
local_termination_time: 214190.25360000008
node_cons: 68959.03302679589
tot_aggregated_send: 0
tot_msg_rcv: 25041
tot_msg_sent: 49746
tot_reconf_duration: 13.17
tot_sleeping_duration: 1634500.1400000006
tot_uptimes: 849
tot_uptimes_duration: 51487.04119999801
