comms_cons: 133.9095935806475
finished_reconf: true
global_termination_time: 978620.442
local_termination_time: 276806.37736000004
node_cons: 20091.974646721705
tot_aggregated_send: 0
tot_msg_rcv: 10427
tot_msg_sent: 9929
tot_reconf_duration: 5.1
tot_sleeping_duration: 963620.4055199987
tot_uptimes: 251
tot_uptimes_duration: 15000.036480001276
