comms_cons: 97.28067839845676
finished_reconf: true
global_termination_time: 979476.274
local_termination_time: 265970.73564000084
node_cons: 20091.548262242886
tot_aggregated_send: 13166
tot_msg_rcv: 553
tot_msg_sent: 1068
tot_reconf_duration: 4.8100000000000005
tot_sleeping_duration: 964476.2618399978
tot_uptimes: 251
tot_uptimes_duration: 15000.012160002138
