comms_cons: 96.26090240034922
finished_reconf: true
global_termination_time: 975669.754
local_termination_time: 520618.8552000006
node_cons: 20010.62161999997
tot_aggregated_send: 13630
tot_msg_rcv: 422
tot_msg_sent: 579
tot_reconf_duration: 4.390000000000001
tot_sleeping_duration: 960729.754
tot_uptimes: 250
tot_uptimes_duration: 14940.0
