comms_cons: 94.01739519986226
finished_reconf: true
global_termination_time: 976787.719
local_termination_time: 299527.34648000007
node_cons: 20092.373940000016
tot_aggregated_send: 13166
tot_msg_rcv: 370
tot_msg_sent: 754
tot_reconf_duration: 5.43
tot_sleeping_duration: 961787.719
tot_uptimes: 251
tot_uptimes_duration: 14999.999999999996
