comms_cons: 292.33359359385577
finished_reconf: true
global_termination_time: 3023270.592
local_termination_time: 1485000.769599998
node_cons: 62210.732802395985
tot_aggregated_send: 43442
tot_msg_rcv: 375
tot_msg_sent: 616
tot_reconf_duration: 11.31
tot_sleeping_duration: 2976821.4704000023
tot_uptimes: 775
tot_uptimes_duration: 46449.12159999786
