comms_cons: 345.7764352457853
finished_reconf: true
global_termination_time: 3324828.855
local_termination_time: 949070.2513599999
node_cons: 68377.0017534017
tot_aggregated_send: 44022
tot_msg_rcv: 3187
tot_msg_sent: 5347
tot_reconf_duration: 5.57
tot_sleeping_duration: 3273768.7820400274
tot_uptimes: 852
tot_uptimes_duration: 51060.072959972546
