comms_cons: 328.45795840385694
finished_reconf: true
global_termination_time: 3324029.231
local_termination_time: 2476508.46536
node_cons: 68386.49153999837
tot_aggregated_send: 48198
tot_msg_rcv: 577
tot_msg_sent: 1149
tot_reconf_duration: 12.629999999999999
tot_sleeping_duration: 3272969.231
tot_uptimes: 852
tot_uptimes_duration: 51060.0
