comms_cons: 125.06119681651933
finished_reconf: true
global_termination_time: 431366.4437600005
local_termination_time: 2509.3608000000036
node_cons: 17439.251180640757
tot_aggregated_send: 0
tot_msg_rcv: 6443
tot_msg_sent: 12565
tot_reconf_duration: 6.22
tot_sleeping_duration: 418348.666
tot_uptimes: 214
tot_uptimes_duration: 13017.777760000545
