comms_cons: 10.758764800194049
finished_reconf: true
global_termination_time: 104339.696
local_termination_time: 5545.085
node_cons: 2121.3559244800244
tot_aggregated_send: 404
tot_msg_rcv: 485
tot_msg_sent: 748
tot_reconf_duration: 23.919999999999998
tot_sleeping_duration: 102779.67167999997
tot_uptimes: 27
tot_uptimes_duration: 1560.0243200000186
