comms_cons: 651.5841793439309
finished_reconf: true
global_termination_time: 6546822.465
local_termination_time: 3163950.32236
node_cons: 134654.0714866986
tot_aggregated_send: 89668
tot_msg_rcv: 3270
tot_msg_sent: 6099
tot_reconf_duration: 3.08
tot_sleeping_duration: 6446262.428520013
tot_uptimes: 1677
tot_uptimes_duration: 100560.0364799872
