comms_cons: 643.358739298862
finished_reconf: true
global_termination_time: 6544303.933
local_termination_time: 3586224.7253999994
node_cons: 134590.0600855818
tot_aggregated_send: 90712
tot_msg_rcv: 2206
tot_msg_sent: 4866
tot_reconf_duration: 15.110000000000001
tot_sleeping_duration: 6443803.902600011
tot_uptimes: 1676
tot_uptimes_duration: 100500.03039998934
