comms_cons: 659.8359297867166
finished_reconf: true
global_termination_time: 6547104.554
local_termination_time: 199751.30736000006
node_cons: 134656.4696734044
tot_aggregated_send: 90596
tot_msg_rcv: 3357
tot_msg_sent: 6338
tot_reconf_duration: 4.8100000000000005
tot_sleeping_duration: 6446544.481040022
tot_uptimes: 1677
tot_uptimes_duration: 100560.07295997668
