comms_cons: 653.8406209575535
finished_reconf: true
global_termination_time: 6547018.312
local_termination_time: 467894.46836
node_cons: 134655.89931339974
tot_aggregated_send: 90944
tot_msg_rcv: 2727
tot_msg_sent: 5709
tot_reconf_duration: 4.390000000000001
tot_sleeping_duration: 6446458.239040026
tot_uptimes: 1677
tot_uptimes_duration: 100560.07295997324
