comms_cons: 1314.6765572664187
finished_reconf: true
global_termination_time: 2952519.183
local_termination_time: 265609.2134800001
node_cons: 178983.58448375727
tot_aggregated_send: 0
tot_msg_rcv: 80793
tot_msg_sent: 119031
tot_reconf_duration: 18.21
tot_sleeping_duration: 2818868.0588000272
tot_uptimes: 2190
tot_uptimes_duration: 133651.12419997255
