comms_cons: 291.6816255950238
finished_reconf: true
global_termination_time: 2951513.15
local_termination_time: 1860829.99236
node_cons: 60691.06554111574
tot_aggregated_send: 42572
tot_msg_rcv: 622
tot_msg_sent: 1139
tot_reconf_duration: 25.299999999999997
tot_sleeping_duration: 2906213.1439200025
tot_uptimes: 756
tot_uptimes_duration: 45300.006079997635
