comms_cons: 292.6362368055187
finished_reconf: true
global_termination_time: 2951157.6494799997
local_termination_time: 2951157.6083599995
node_cons: 60725.8937843172
tot_aggregated_send: 42372
tot_msg_rcv: 705
tot_msg_sent: 1401
tot_reconf_duration: 37.410000000000004
tot_sleeping_duration: 2905843.9146000003
tot_uptimes: 756
tot_uptimes_duration: 45313.734879998985
