comms_cons: 291.5967232062589
finished_reconf: true
global_termination_time: 2955310.966
local_termination_time: 2043532.9300799984
node_cons: 60749.84189367588
tot_aggregated_send: 42456
tot_msg_rcv: 579
tot_msg_sent: 1286
tot_reconf_duration: 9.42
tot_sleeping_duration: 2909950.958880002
tot_uptimes: 757
tot_uptimes_duration: 45360.00711999787
