comms_cons: 298.6107776363309
finished_reconf: true
global_termination_time: 2954430.186
local_termination_time: 240706.537
node_cons: 60745.66772963578
tot_aggregated_send: 40249
tot_msg_rcv: 1718
tot_msg_sent: 3421
tot_reconf_duration: 4.390000000000001
tot_sleeping_duration: 2909068.1948800324
tot_uptimes: 757
tot_uptimes_duration: 45361.9911199678
