comms_cons: 300.2677824298512
finished_reconf: true
global_termination_time: 2951158.2322399956
local_termination_time: 25387.505999999998
node_cons: 60704.80352867058
tot_aggregated_send: 39779
tot_msg_rcv: 1891
tot_msg_sent: 3968
tot_reconf_duration: 11.31
tot_sleeping_duration: 2905833.7777600316
tot_uptimes: 756
tot_uptimes_duration: 45324.45447996394
