comms_cons: 299.1610176158495
finished_reconf: true
global_termination_time: 2954084.864
local_termination_time: 2001631.1080399984
node_cons: 60757.9449900517
tot_aggregated_send: 40020
tot_msg_rcv: 1799
tot_msg_sent: 3651
tot_reconf_duration: 15.34
tot_sleeping_duration: 2908724.8092800207
tot_uptimes: 757
tot_uptimes_duration: 45360.05471997964
