comms_cons: 40.46928640057107
finished_reconf: true
global_termination_time: 408719.018
local_termination_time: 258786.01912
node_cons: 8361.900121121438
tot_aggregated_send: 5394
tot_msg_rcv: 233
tot_msg_sent: 525
tot_reconf_duration: 4.8100000000000005
tot_sleeping_duration: 402479.0119199989
tot_uptimes: 105
tot_uptimes_duration: 6240.006080001069
