comms_cons: 40.09364480025381
finished_reconf: true
global_termination_time: 408952.91
local_termination_time: 274225.3783600001
node_cons: 8365.97956000002
tot_aggregated_send: 5800
tot_msg_rcv: 103
tot_msg_sent: 191
tot_reconf_duration: 7.819999999999999
tot_sleeping_duration: 402712.91
tot_uptimes: 105
tot_uptimes_duration: 6240.0
