comms_cons: 41.03797760054252
finished_reconf: true
global_termination_time: 404572.402
local_termination_time: 190003.93248000008
node_cons: 8283.47490112144
tot_aggregated_send: 5452
tot_msg_rcv: 322
tot_msg_sent: 463
tot_reconf_duration: 6.22
tot_sleeping_duration: 398392.39591999893
tot_uptimes: 104
tot_uptimes_duration: 6180.006080001069
