comms_cons: 70.77433600039275
finished_reconf: true
global_termination_time: 703032.2174799999
local_termination_time: 703032.1763599999
node_cons: 14530.377502079555
tot_aggregated_send: 9776
tot_msg_rcv: 330
tot_msg_sent: 652
tot_reconf_duration: 37.410000000000004
tot_sleeping_duration: 692218.4947600003
tot_uptimes: 181
tot_uptimes_duration: 10813.722719999641
