comms_cons: 70.75271679809201
finished_reconf: true
global_termination_time: 703585.457
local_termination_time: 4468.7016
node_cons: 14495.589964484398
tot_aggregated_send: 9686
tot_msg_rcv: 334
tot_msg_sent: 734
tot_reconf_duration: 25.299999999999997
tot_sleeping_duration: 692785.4326799968
tot_uptimes: 181
tot_uptimes_duration: 10800.02432000327
