comms_cons: 71.8974975995369
finished_reconf: true
global_termination_time: 705361.185
local_termination_time: 140130.73836000008
node_cons: 14473.595803364333
tot_aggregated_send: 9338
tot_msg_rcv: 506
tot_msg_sent: 1084
tot_reconf_duration: 9.11
tot_sleeping_duration: 694561.1667599969
tot_uptimes: 181
tot_uptimes_duration: 10800.018240003206
