comms_cons: 72.8132607982783
finished_reconf: true
global_termination_time: 705232.667
local_termination_time: 71310.947
node_cons: 14504.678878636787
tot_aggregated_send: 9394
tot_msg_rcv: 635
tot_msg_sent: 1039
tot_reconf_duration: 22.65
tot_sleeping_duration: 694423.1672400024
tot_uptimes: 181
tot_uptimes_duration: 10809.499759997576
