comms_cons: 71.4112639974713
finished_reconf: true
global_termination_time: 705467.181
local_termination_time: 181362.80336000002
node_cons: 14471.843983364282
tot_aggregated_send: 9396
tot_msg_rcv: 473
tot_msg_sent: 985
tot_reconf_duration: 7.819999999999999
tot_sleeping_duration: 694667.1627599967
tot_uptimes: 181
tot_uptimes_duration: 10800.018240003206
