comms_cons: 28.96163840077056
finished_reconf: true
global_termination_time: 278960.456
local_termination_time: 55082.35160000011
node_cons: 5711.720342242867
tot_aggregated_send: 3538
tot_msg_rcv: 287
tot_msg_sent: 577
tot_reconf_duration: 5.57
tot_sleeping_duration: 274700.44383999787
tot_uptimes: 72
tot_uptimes_duration: 4260.0121600021375
