comms_cons: 29.14711040077688
finished_reconf: true
global_termination_time: 280208.274
local_termination_time: 133597.911360001
node_cons: 5722.964503041343
tot_aggregated_send: 3654
tot_msg_rcv: 314
tot_msg_sent: 463
tot_reconf_duration: 9.11
tot_sleeping_duration: 275943.454639999
tot_uptimes: 72
tot_uptimes_duration: 4264.819360000984
