comms_cons: 28.10696960064888
finished_reconf: true
global_termination_time: 275233.966
local_termination_time: 30689.716360000002
node_cons: 5654.583123364295
tot_aggregated_send: 3654
tot_msg_rcv: 231
tot_msg_sent: 387
tot_reconf_duration: 22.65
tot_sleeping_duration: 271033.9477599968
tot_uptimes: 71
tot_uptimes_duration: 4200.018240003203
