comms_cons: 135.45685757651145
finished_reconf: true
global_termination_time: 683984.9591599983
local_termination_time: 37.95703999999999
node_cons: 14158.289698480707
tot_aggregated_send: 0
tot_msg_rcv: 10403
tot_msg_sent: 10184
tot_reconf_duration: 18.21
tot_sleeping_duration: 673429.6488399978
tot_uptimes: 176
tot_uptimes_duration: 10555.310320000513
