comms_cons: 68.21972480029234
finished_reconf: true
global_termination_time: 685535.497
local_termination_time: 104943.90835999997
node_cons: 14066.056403362029
tot_aggregated_send: 9396
tot_msg_rcv: 389
tot_msg_sent: 584
tot_reconf_duration: 4.8100000000000005
tot_sleeping_duration: 675035.4787599985
tot_uptimes: 176
tot_uptimes_duration: 10500.018240001504
