comms_cons: 66.186752000593
finished_reconf: true
global_termination_time: 686875.916
local_termination_time: 199846.5227200001
node_cons: 14070.127701121422
tot_aggregated_send: 9338
tot_msg_rcv: 251
tot_msg_sent: 471
tot_reconf_duration: 7.819999999999999
tot_sleeping_duration: 676375.909919999
tot_uptimes: 176
tot_uptimes_duration: 10500.006080001069
