comms_cons: 289.22821119565424
finished_reconf: true
global_termination_time: 2891838.162
local_termination_time: 1731870.1941999996
node_cons: 59459.204765584094
tot_aggregated_send: 38918
tot_msg_rcv: 1554
tot_msg_sent: 3489
tot_reconf_duration: 5.57
tot_sleeping_duration: 2847438.131600011
tot_uptimes: 741
tot_uptimes_duration: 44400.03039998887
