comms_cons: 285.71860480655374
finished_reconf: true
global_termination_time: 2890033.082
local_termination_time: 351756.2313600001
node_cons: 59455.78263999891
tot_aggregated_send: 41876
tot_msg_rcv: 565
tot_msg_sent: 986
tot_reconf_duration: 3.08
tot_sleeping_duration: 2845633.082
tot_uptimes: 741
tot_uptimes_duration: 44400.0
