comms_cons: 285.9918719976497
finished_reconf: true
global_termination_time: 2887957.76
local_termination_time: 617056.9953599998
node_cons: 59383.63952111571
tot_aggregated_send: 41586
tot_msg_rcv: 614
tot_msg_sent: 1269
tot_reconf_duration: 9.11
tot_sleeping_duration: 2843617.753920002
tot_uptimes: 740
tot_uptimes_duration: 44340.006079997635
