comms_cons: 286.4739648098508
finished_reconf: true
global_termination_time: 2888867.052
local_termination_time: 1693235.8667599983
node_cons: 59381.936547818084
tot_aggregated_send: 39150
tot_msg_rcv: 1373
tot_msg_sent: 3018
tot_reconf_duration: 7.819999999999999
tot_sleeping_duration: 2844527.009440016
tot_uptimes: 740
tot_uptimes_duration: 44340.04255998437
