comms_cons: 283.4087232142498
finished_reconf: false
global_termination_time: 2808249.695
local_termination_time: 0
node_cons: 57917.21393005866
tot_aggregated_send: 39033
tot_msg_rcv: 1357
tot_msg_sent: 2685
tot_reconf_duration: 53.27
tot_sleeping_duration: 2765049.6402800153
tot_uptimes: 720
tot_uptimes_duration: 43200.05471998481
