comms_cons: 272.24071680102014
finished_reconf: true
global_termination_time: 2808700.224
local_termination_time: 4322.9890000000005
node_cons: 57851.66600670043
tot_aggregated_send: 39493
tot_msg_rcv: 619
tot_msg_sent: 1267
tot_reconf_duration: 5.02
tot_sleeping_duration: 2765500.1875200137
tot_uptimes: 720
tot_uptimes_duration: 43200.036479986156
