comms_cons: 50.588774403596176
finished_reconf: true
global_termination_time: 242576.53360000008
local_termination_time: 242576.49248000007
node_cons: 5032.91928399902
tot_aggregated_send: 0
tot_msg_rcv: 4083
tot_msg_sent: 3605
tot_reconf_duration: 24.59
tot_sleeping_duration: 238842.75760000083
tot_uptimes: 63
tot_uptimes_duration: 3733.775999999254
