comms_cons: 116.09296000833693
finished_reconf: true
global_termination_time: 242577.09248000017
local_termination_time: 276.8970399999999
node_cons: 14560.662626317697
tot_aggregated_send: 0
tot_msg_rcv: 7177
tot_msg_sent: 10468
tot_reconf_duration: 18.21
tot_sleeping_duration: 231721.2796000019
tot_uptimes: 178
tot_uptimes_duration: 10855.812879998264
