comms_cons: 85.52490239780538
finished_reconf: true
global_termination_time: 844086.7902400001
local_termination_time: 194049.55636000005
node_cons: 17410.020511602983
tot_aggregated_send: 10904
tot_msg_rcv: 593
tot_msg_sent: 1503
tot_reconf_duration: 22.65
tot_sleeping_duration: 831107.5058399979
tot_uptimes: 217
tot_uptimes_duration: 12979.284400002216
