comms_cons: 82.1215743974476
finished_reconf: true
global_termination_time: 846629.008
local_termination_time: 361755.4766400009
node_cons: 17369.761346078
tot_aggregated_send: 11948
tot_msg_rcv: 158
tot_msg_sent: 376
tot_reconf_duration: 11.31
tot_sleeping_duration: 833668.2892800015
tot_uptimes: 217
tot_uptimes_duration: 12960.718719998491
