comms_cons: 236.33910397159758
finished_reconf: true
global_termination_time: 2315318.98
local_termination_time: 1065408.7313199986
node_cons: 47569.86522781725
tot_aggregated_send: 31030
tot_msg_rcv: 1809
tot_msg_sent: 3083
tot_reconf_duration: 6.279999999999999
tot_sleeping_duration: 2279798.937440017
tot_uptimes: 593
tot_uptimes_duration: 35520.04255998341
