comms_cons: 228.22586879151712
finished_reconf: true
global_termination_time: 2315238.729
local_termination_time: 1156824.1963599988
node_cons: 47579.16485999931
tot_aggregated_send: 33408
tot_msg_rcv: 421
tot_msg_sent: 860
tot_reconf_duration: 13.17
tot_sleeping_duration: 2279718.729
tot_uptimes: 593
tot_uptimes_duration: 35520.0
