comms_cons: 229.8904063963732
finished_reconf: true
global_termination_time: 2314218.114
local_termination_time: 405370.7423600001
node_cons: 47565.47078111944
tot_aggregated_send: 33060
tot_msg_rcv: 669
tot_msg_sent: 1213
tot_reconf_duration: 3.08
tot_sleeping_duration: 2278698.10792
tot_uptimes: 593
tot_uptimes_duration: 35520.00608000001
