comms_cons: 228.83358719257828
finished_reconf: true
global_termination_time: 2313438.658
local_termination_time: 1834184.4562799993
node_cons: 47577.4401999996
tot_aggregated_send: 33292
tot_msg_rcv: 494
tot_msg_sent: 995
tot_reconf_duration: 11.899999999999999
tot_sleeping_duration: 2277918.658
tot_uptimes: 593
tot_uptimes_duration: 35520.0
