comms_cons: 235.95642877198873
finished_reconf: true
global_termination_time: 2313478.365
local_termination_time: 551570.6253599998
node_cons: 47568.72721005082
tot_aggregated_send: 30856
tot_msg_rcv: 1714
tot_msg_sent: 3294
tot_reconf_duration: 5.43
tot_sleeping_duration: 2277958.3102800213
tot_uptimes: 593
tot_uptimes_duration: 35520.05471997871
