comms_cons: 18.37633280012216
finished_reconf: true
global_termination_time: 160690.3487200001
local_termination_time: 160690.3076000001
node_cons: 3348.5472648024834
tot_aggregated_send: 1566
tot_msg_rcv: 402
tot_msg_sent: 825
tot_reconf_duration: 24.59
tot_sleeping_duration: 158214.50551999826
tot_uptimes: 42
tot_uptimes_duration: 2475.8432000018443
