comms_cons: 17.355929599748638
finished_reconf: true
global_termination_time: 160872.006
local_termination_time: 63851.82636000001
node_cons: 3300.488262238301
tot_aggregated_send: 1972
tot_msg_rcv: 262
tot_msg_sent: 404
tot_reconf_duration: 4.8100000000000005
tot_sleeping_duration: 158411.99384000126
tot_uptimes: 42
tot_uptimes_duration: 2460.0121599987324
