comms_cons: 15.336115199986775
finished_reconf: true
global_termination_time: 162062.653
local_termination_time: 110186.26615999981
node_cons: 3304.575842240593
tot_aggregated_send: 2030
tot_msg_rcv: 128
tot_msg_sent: 173
tot_reconf_duration: 7.819999999999999
tot_sleeping_duration: 159602.64083999954
tot_uptimes: 42
tot_uptimes_duration: 2460.012160000435
