comms_cons: 392.3857340705663
finished_reconf: true
global_termination_time: 1993622.6805999998
local_termination_time: 2880.9564800000003
node_cons: 41018.70661063782
tot_aggregated_send: 0
tot_msg_rcv: 30061
tot_msg_sent: 29576
tot_reconf_duration: 18.21
tot_sleeping_duration: 1963007.3128400012
tot_uptimes: 511
tot_uptimes_duration: 30615.367759998597
