comms_cons: 193.1135743889144
finished_reconf: true
global_termination_time: 1994891.505
local_termination_time: 533657.2913599999
node_cons: 40977.55004111659
tot_aggregated_send: 27318
tot_msg_rcv: 654
tot_msg_sent: 1380
tot_reconf_duration: 3.05
tot_sleeping_duration: 1964291.4989200023
tot_uptimes: 511
tot_uptimes_duration: 30600.006079997635
