comms_cons: 1.5066367999950228
finished_reconf: true
global_termination_time: 10917.546
local_termination_time: 5434.8333600000005
node_cons: 169.12676000000033
tot_aggregated_send: 0
tot_msg_rcv: 118
tot_msg_sent: 111
tot_reconf_duration: 6.22
tot_sleeping_duration: 10797.546
tot_uptimes: 3
tot_uptimes_duration: 120.0
