comms_cons: 241.78279038726436
finished_reconf: true
global_termination_time: 2404503.691
local_termination_time: 708405.378119999
node_cons: 49433.90245005077
tot_aggregated_send: 32944
tot_msg_rcv: 1344
tot_msg_sent: 2461
tot_reconf_duration: 18.21
tot_sleeping_duration: 2367603.636280021
tot_uptimes: 616
tot_uptimes_duration: 36900.05471997871
