comms_cons: 245.4209023902293
finished_reconf: true
global_termination_time: 2399866.201
local_termination_time: 702532.81436
node_cons: 49359.66524010696
tot_aggregated_send: 31842
tot_msg_rcv: 1859
tot_msg_sent: 3601
tot_reconf_duration: 22.65
tot_sleeping_duration: 2363026.0915600387
tot_uptimes: 615
tot_uptimes_duration: 36840.109439960856
