comms_cons: 238.68021760065048
finished_reconf: true
global_termination_time: 2399892.416
local_termination_time: 903501.3457199998
node_cons: 49341.55235999939
tot_aggregated_send: 34278
tot_msg_rcv: 674
tot_msg_sent: 1326
tot_reconf_duration: 9.42
tot_sleeping_duration: 2363052.416
tot_uptimes: 615
tot_uptimes_duration: 36840.0
