comms_cons: 246.74417278517788
finished_reconf: true
global_termination_time: 2404963.671
local_termination_time: 196989.29236000005
node_cons: 49416.579774531936
tot_aggregated_send: 31784
tot_msg_rcv: 1877
tot_msg_sent: 3842
tot_reconf_duration: 5.43
tot_sleeping_duration: 2368063.5919600204
tot_uptimes: 616
tot_uptimes_duration: 36900.07903997955
