comms_cons: 1.7369087999942614
finished_reconf: true
global_termination_time: 14261.783
local_termination_time: 10670.635360000002
node_cons: 265.7491800000013
tot_aggregated_send: 0
tot_msg_rcv: 141
tot_msg_sent: 123
tot_reconf_duration: 18.21
tot_sleeping_duration: 14081.783
tot_uptimes: 4
tot_uptimes_duration: 180.0
