comms_cons: 17.408563199951963
finished_reconf: true
global_termination_time: 12986.818240000002
local_termination_time: 3150.854040000001
node_cons: 2160.4264384800085
tot_aggregated_send: 0
tot_msg_rcv: 1236
tot_msg_sent: 1409
tot_reconf_duration: 4.390000000000001
tot_sleeping_duration: 11377.807919999996
tot_uptimes: 24
tot_uptimes_duration: 1609.0103200000067
