comms_cons: 106.47182079986057
finished_reconf: true
global_termination_time: 1082662.501
local_termination_time: 402578.504
node_cons: 22264.27587240132
tot_aggregated_send: 15773
tot_msg_rcv: 121
tot_msg_sent: 289
tot_reconf_duration: 6.22
tot_sleeping_duration: 1066041.269399999
tot_uptimes: 278
tot_uptimes_duration: 16621.23160000099
