comms_cons: 223.53215358347282
finished_reconf: true
global_termination_time: 2262414.379
local_termination_time: 994225.3794399985
node_cons: 46541.621744466735
tot_aggregated_send: 31146
tot_msg_rcv: 922
tot_msg_sent: 1907
tot_reconf_duration: 18.21
tot_sleeping_duration: 2227674.3546800097
tot_uptimes: 580
tot_uptimes_duration: 34740.02431999054
