comms_cons: 225.7066751827166
finished_reconf: true
global_termination_time: 2263606.212
local_termination_time: 944049.4753599999
node_cons: 46521.050746700515
tot_aggregated_send: 30856
tot_msg_rcv: 1170
tot_msg_sent: 2279
tot_reconf_duration: 3.05
tot_sleeping_duration: 2228866.175520014
tot_uptimes: 580
tot_uptimes_duration: 34740.03647998581
