comms_cons: 222.90987519518166
finished_reconf: true
global_termination_time: 2262186.686
local_termination_time: 1203052.30048
node_cons: 46537.691719999566
tot_aggregated_send: 32886
tot_msg_rcv: 313
tot_msg_sent: 682
tot_reconf_duration: 15.34
tot_sleeping_duration: 2227446.686
tot_uptimes: 580
tot_uptimes_duration: 34740.0
