comms_cons: 84.0828031959986
finished_reconf: true
global_termination_time: 827385.771
local_termination_time: 51931.19772000002
node_cons: 16958.73092895999
tot_aggregated_send: 10904
tot_msg_rcv: 684
tot_msg_sent: 1193
tot_reconf_duration: 5.1
tot_sleeping_duration: 814725.7223599999
tot_uptimes: 212
tot_uptimes_duration: 12660.048639999979
