comms_cons: 83.20151039689706
finished_reconf: true
global_termination_time: 825348.761
local_termination_time: 522728.58736000006
node_cons: 16972.604284471985
tot_aggregated_send: 11368
tot_msg_rcv: 414
tot_msg_sent: 863
tot_reconf_duration: 15.34
tot_sleeping_duration: 812688.736680006
tot_uptimes: 212
tot_uptimes_duration: 12660.024319993972
