comms_cons: 149.9228287854133
finished_reconf: true
global_termination_time: 1479472.469
local_termination_time: 997908.2167999984
node_cons: 30377.064522233748
tot_aggregated_send: 20184
tot_msg_rcv: 977
tot_msg_sent: 1626
tot_reconf_duration: 6.279999999999999
tot_sleeping_duration: 1456792.4568400048
tot_uptimes: 379
tot_uptimes_duration: 22680.01215999527
