comms_cons: 146.80231678823245
finished_reconf: true
global_termination_time: 1478401.103
local_termination_time: 14383.616960000003
node_cons: 30399.319459141967
tot_aggregated_send: 20300
tot_msg_rcv: 629
tot_msg_sent: 1385
tot_reconf_duration: 22.65
tot_sleeping_duration: 1455721.0725600135
tot_uptimes: 379
tot_uptimes_duration: 22680.030439986498
