comms_cons: 145.92165759253984
finished_reconf: true
global_termination_time: 1474926.356
local_termination_time: 873641.31736
node_cons: 30294.73640335062
tot_aggregated_send: 20300
tot_msg_rcv: 580
tot_msg_sent: 1299
tot_reconf_duration: 4.8100000000000005
tot_sleeping_duration: 1452306.337760007
tot_uptimes: 378
tot_uptimes_duration: 22620.018239992904
