comms_cons: 240.4278526509391
finished_reconf: true
global_termination_time: 1474708.014
local_termination_time: 1186355.7383599998
node_cons: 30303.538980000136
tot_aggregated_send: 0
tot_msg_rcv: 18424
tot_msg_sent: 18119
tot_reconf_duration: 11.31
tot_sleeping_duration: 1452088.014
tot_uptimes: 378
tot_uptimes_duration: 22620.000000000007
