comms_cons: 141.48285439105553
finished_reconf: true
global_termination_time: 1418640.1475199992
local_termination_time: 1418640.1063999992
node_cons: 29239.139009991446
tot_aggregated_send: 19880
tot_msg_rcv: 431
tot_msg_sent: 1191
tot_reconf_duration: 24.59
tot_sleeping_duration: 1396828.5375200056
tot_uptimes: 364
tot_uptimes_duration: 21811.60999999357
