comms_cons: 0.6842367999977418
finished_reconf: true
global_termination_time: 6351.556
local_termination_time: 2151.5393599999998
node_cons: 100.85937999999956
tot_aggregated_send: 0
tot_msg_rcv: 59
tot_msg_sent: 44
tot_reconf_duration: 15.110000000000001
tot_sleeping_duration: 6291.556
tot_uptimes: 2
tot_uptimes_duration: 60.0
