comms_cons: 30.981734403120896
finished_reconf: true
global_termination_time: 319828.594
local_termination_time: 3087.50112
node_cons: 6507.951920000007
tot_aggregated_send: 0
tot_msg_rcv: 0
tot_msg_sent: 0
tot_reconf_duration: 21.68
tot_sleeping_duration: 314968.594
tot_uptimes: 82
tot_uptimes_duration: 4860.0
