comms_cons: 1167.4901374126023
finished_reconf: true
global_termination_time: 2414575.9636
local_termination_time: 2414575.9224799997
node_cons: 146612.8894514584
tot_aggregated_send: 0
tot_msg_rcv: 71679
tot_msg_sent: 105774
tot_reconf_duration: 24.59
tot_sleeping_duration: 2305106.586280012
tot_uptimes: 1799
tot_uptimes_duration: 109469.37731998753
