comms_cons: 10.672089599777092
finished_reconf: true
global_termination_time: 106539.01947999968
local_termination_time: 1728.22624
node_cons: 2249.170212078177
tot_aggregated_send: 812
tot_msg_rcv: 326
tot_msg_sent: 484
tot_reconf_duration: 3.95
tot_sleeping_duration: 104863.28676000104
tot_uptimes: 28
tot_uptimes_duration: 1675.7327199986394
