comms_cons: 11.076447999887755
finished_reconf: true
global_termination_time: 108020.876
local_termination_time: 2583.83012
node_cons: 2195.0335489580616
tot_aggregated_send: 638
tot_msg_rcv: 440
tot_msg_sent: 606
tot_reconf_duration: 18.990000000000002
tot_sleeping_duration: 106400.82736000145
tot_uptimes: 28
tot_uptimes_duration: 1620.048639998553
