comms_cons: 41.080524800828684
finished_reconf: true
global_termination_time: 405454.36
local_termination_time: 199391.16636000006
node_cons: 8280.99790224289
tot_aggregated_send: 5510
tot_msg_rcv: 272
tot_msg_sent: 462
tot_reconf_duration: 4.390000000000001
tot_sleeping_duration: 399274.34783999785
tot_uptimes: 104
tot_uptimes_duration: 6180.0121600021375
