comms_cons: 41.85652480102957
finished_reconf: true
global_termination_time: 399051.37976000045
local_termination_time: 399051.33864000044
node_cons: 8273.197627124027
tot_aggregated_send: 5148
tot_msg_rcv: 425
tot_msg_sent: 789
tot_reconf_duration: 24.59
tot_sleeping_duration: 392897.67967999744
tot_uptimes: 103
tot_uptimes_duration: 6153.700080002993
