comms_cons: 456.49138569114166
finished_reconf: true
global_termination_time: 4519012.331
local_termination_time: 435828.89048000006
node_cons: 92957.63591005115
tot_aggregated_send: 62814
tot_msg_rcv: 2267
tot_msg_sent: 4303
tot_reconf_duration: 3.08
tot_sleeping_duration: 4449592.276280019
tot_uptimes: 1158
tot_uptimes_duration: 69420.05471998034
