comms_cons: 455.15386890894416
finished_reconf: true
global_termination_time: 4518924.104
local_termination_time: 2724884.3253199984
node_cons: 92959.96082669945
tot_aggregated_send: 62524
tot_msg_rcv: 2071
tot_msg_sent: 4584
tot_reconf_duration: 4.8100000000000005
tot_sleeping_duration: 4449504.067520014
tot_uptimes: 1158
tot_uptimes_duration: 69420.0364799865
