comms_cons: 159.62973438419306
finished_reconf: true
global_termination_time: 1547700.103
local_termination_time: 451318.9363600001
node_cons: 31835.561272294435
tot_aggregated_send: 20474
tot_msg_rcv: 1293
tot_msg_sent: 2495
tot_reconf_duration: 15.34
tot_sleeping_duration: 1523940.036120019
tot_uptimes: 397
tot_uptimes_duration: 23760.066879980848
