comms_cons: 151.3676543951224
finished_reconf: true
global_termination_time: 1546523.424
local_termination_time: 1239995.0733599998
node_cons: 31821.56579999986
tot_aggregated_send: 22388
tot_msg_rcv: 192
tot_msg_sent: 427
tot_reconf_duration: 5.1
tot_sleeping_duration: 1522763.424
tot_uptimes: 397
tot_uptimes_duration: 23760.0
