comms_cons: 157.5722623883864
finished_reconf: true
global_termination_time: 1548236.362
local_termination_time: 473667.9503600001
node_cons: 31821.237108934707
tot_aggregated_send: 21054
tot_msg_rcv: 975
tot_msg_sent: 1920
tot_reconf_duration: 4.8100000000000005
tot_sleeping_duration: 1524476.313360019
tot_uptimes: 397
tot_uptimes_duration: 23760.048639981076
