comms_cons: 159.96917757891637
finished_reconf: true
global_termination_time: 1548633.984
local_termination_time: 345194.06799999997
node_cons: 31821.874634051102
tot_aggregated_send: 20239
tot_msg_rcv: 1335
tot_msg_sent: 2743
tot_reconf_duration: 4.390000000000001
tot_sleeping_duration: 1524873.0332800215
tot_uptimes: 397
tot_uptimes_duration: 23760.950719978428
