comms_cons: 74.43706880026627
finished_reconf: true
global_termination_time: 737578.747
local_termination_time: 375977.52736000007
node_cons: 15128.657321121482
tot_aggregated_send: 10092
tot_msg_rcv: 423
tot_msg_sent: 799
tot_reconf_duration: 18.21
tot_sleeping_duration: 726298.7409199988
tot_uptimes: 189
tot_uptimes_duration: 11280.006080001069
