comms_cons: 76.14548479938207
finished_reconf: true
global_termination_time: 735721.9574399985
local_termination_time: 735721.9163199986
node_cons: 15219.632893851209
tot_aggregated_send: 9544
tot_msg_rcv: 635
tot_msg_sent: 1395
tot_reconf_duration: 37.410000000000004
tot_sleeping_duration: 724393.4808799902
tot_uptimes: 189
tot_uptimes_duration: 11328.476560008348
