comms_cons: 74.58804479985032
finished_reconf: true
global_termination_time: 741615.335
local_termination_time: 32412.134480000008
node_cons: 15191.259070081423
tot_aggregated_send: 9918
tot_msg_rcv: 367
tot_msg_sent: 1052
tot_reconf_duration: 5.1
tot_sleeping_duration: 730275.2802799989
tot_uptimes: 190
tot_uptimes_duration: 11340.054720001048
