comms_cons: 77.23385599816925
finished_reconf: true
global_termination_time: 739840.147
local_termination_time: 301568.7863600001
node_cons: 15195.3357723174
tot_aggregated_send: 9686
tot_msg_rcv: 772
tot_msg_sent: 1282
tot_reconf_duration: 8.09
tot_sleeping_duration: 728500.080120002
tot_uptimes: 190
tot_uptimes_duration: 11340.06687999802
