comms_cons: 74.82649599789026
finished_reconf: true
global_termination_time: 737110.645
local_termination_time: 369824.80360000004
node_cons: 15124.480085602558
tot_aggregated_send: 9860
tot_msg_rcv: 476
tot_msg_sent: 1038
tot_reconf_duration: 15.110000000000001
tot_sleeping_duration: 725830.6145999981
tot_uptimes: 189
tot_uptimes_duration: 11280.03040000191
