comms_cons: 40.54228480142821
finished_reconf: true
global_termination_time: 372122.89428000036
local_termination_time: 372122.85316000035
node_cons: 7705.204110646793
tot_aggregated_send: 4408
tot_msg_rcv: 628
tot_msg_sent: 1127
tot_reconf_duration: 24.59
tot_sleeping_duration: 366393.3865199953
tot_uptimes: 96
tot_uptimes_duration: 5729.507760005057
