comms_cons: 38.37074560031478
finished_reconf: true
global_termination_time: 372434.009
local_termination_time: 61135.11716000006
node_cons: 7663.066841121432
tot_aggregated_send: 5046
tot_msg_rcv: 341
tot_msg_sent: 444
tot_reconf_duration: 22.65
tot_sleeping_duration: 366734.00291999895
tot_uptimes: 96
tot_uptimes_duration: 5700.006080001069
