comms_cons: 244.14753279470278
finished_reconf: true
global_termination_time: 2487579.528
local_termination_time: 1201252.7693599998
node_cons: 51194.46485999919
tot_aggregated_send: 36134
tot_msg_rcv: 390
tot_msg_sent: 585
tot_reconf_duration: 13.17
tot_sleeping_duration: 2449359.528
tot_uptimes: 638
tot_uptimes_duration: 38220.00000000003
