comms_cons: 360.3559424218455
finished_reconf: true
global_termination_time: 3635598.375
local_termination_time: 1156461.2003599997
node_cons: 74817.0919444657
tot_aggregated_send: 50866
tot_msg_rcv: 1285
tot_msg_sent: 2621
tot_reconf_duration: 15.110000000000001
tot_sleeping_duration: 3579738.3506800095
tot_uptimes: 932
tot_uptimes_duration: 55860.02431999077
