comms_cons: 366.6417664484857
finished_reconf: true
global_termination_time: 3638993.718
local_termination_time: 2653880.8633599994
node_cons: 74811.44266446613
tot_aggregated_send: 50170
tot_msg_rcv: 1846
tot_msg_sent: 3712
tot_reconf_duration: 10.95
tot_sleeping_duration: 3583133.6936800084
tot_uptimes: 932
tot_uptimes_duration: 55860.02431999124
