comms_cons: 110.53762559400842
finished_reconf: true
global_termination_time: 1118384.792
local_termination_time: 328204.44236000004
node_cons: 22997.800085588777
tot_aggregated_send: 14906
tot_msg_rcv: 622
tot_msg_sent: 1273
tot_reconf_duration: 15.110000000000001
tot_sleeping_duration: 1101224.7616000082
tot_uptimes: 287
tot_uptimes_duration: 17160.030399991607
