comms_cons: 109.25327999466587
finished_reconf: true
global_termination_time: 1119847.536
local_termination_time: 492541.09808000055
node_cons: 23002.683446705563
tot_aggregated_send: 15080
tot_msg_rcv: 436
tot_msg_sent: 1091
tot_reconf_duration: 18.700000000000003
tot_sleeping_duration: 1102687.4995200108
tot_uptimes: 287
tot_uptimes_duration: 17160.03647998924
