comms_cons: 106.98021759831575
finished_reconf: true
global_termination_time: 1117209.698
local_termination_time: 707942.22
node_cons: 22992.118241121403
tot_aggregated_send: 15370
tot_msg_rcv: 289
tot_msg_sent: 603
tot_reconf_duration: 10.95
tot_sleeping_duration: 1100049.6919199992
tot_uptimes: 287
tot_uptimes_duration: 17160.00608000107
