comms_cons: 112.35299839683056
finished_reconf: true
global_termination_time: 1120313.079
local_termination_time: 379165.73736
node_cons: 22983.24232559793
tot_aggregated_send: 15718
tot_msg_rcv: 514
tot_msg_sent: 845
tot_reconf_duration: 4.390000000000001
tot_sleeping_duration: 1103153.0486000015
tot_uptimes: 287
tot_uptimes_duration: 17160.030399998475
