comms_cons: 110.56844799356318
finished_reconf: true
global_termination_time: 1116316.627
local_termination_time: 304139.92936000094
node_cons: 22921.690467513254
tot_aggregated_send: 14732
tot_msg_rcv: 658
tot_msg_sent: 1416
tot_reconf_duration: 11.31
tot_sleeping_duration: 1099209.583320005
tot_uptimes: 286
tot_uptimes_duration: 17107.04367999494
