comms_cons: 1.546111999999113
finished_reconf: true
global_termination_time: 15669.81
local_termination_time: 4099.007360000001
node_cons: 329.8882400000009
tot_aggregated_send: 0
tot_msg_rcv: 122
tot_msg_sent: 113
tot_reconf_duration: 6.279999999999999
tot_sleeping_duration: 15429.81
tot_uptimes: 5
tot_uptimes_duration: 240.00000000000045
