comms_cons: 2.277030399991767
finished_reconf: true
global_termination_time: 15621.013
local_termination_time: 9321.61436
node_cons: 334.15236000000067
tot_aggregated_send: 0
tot_msg_rcv: 178
tot_msg_sent: 168
tot_reconf_duration: 9.42
tot_sleeping_duration: 15381.013
tot_uptimes: 5
tot_uptimes_duration: 240.00000000000045
