comms_cons: 408.10566406781874
finished_reconf: true
global_termination_time: 4048019.413
local_termination_time: 1286974.6218399997
node_cons: 83238.79640334938
tot_aggregated_send: 55854
tot_msg_rcv: 1939
tot_msg_sent: 4236
tot_reconf_duration: 4.8100000000000005
tot_sleeping_duration: 3985859.3947600066
tot_uptimes: 1037
tot_uptimes_duration: 62160.0182399936
