comms_cons: 411.74670087234165
finished_reconf: true
global_termination_time: 4046046.194
local_termination_time: 2548401.9790000003
node_cons: 83279.77919622346
tot_aggregated_send: 55562
tot_msg_rcv: 2491
tot_msg_sent: 4531
tot_reconf_duration: 18.700000000000003
tot_sleeping_duration: 3983869.6558400113
tot_uptimes: 1037
tot_uptimes_duration: 62176.53815998905
