comms_cons: 408.5969664773585
finished_reconf: true
global_termination_time: 4046743.18
local_termination_time: 1057726.74736
node_cons: 83242.9084067002
tot_aggregated_send: 56086
tot_msg_rcv: 2015
tot_msg_sent: 4004
tot_reconf_duration: 7.819999999999999
tot_sleeping_duration: 3984583.1435200134
tot_uptimes: 1037
tot_uptimes_duration: 62160.03647998674
