comms_cons: 406.99719045735014
finished_reconf: true
global_termination_time: 4048612.249
local_termination_time: 947756.4713599999
node_cons: 83239.67906893398
tot_aggregated_send: 56550
tot_msg_rcv: 1774
tot_msg_sent: 3537
tot_reconf_duration: 5.43
tot_sleeping_duration: 3986452.200360018
tot_uptimes: 1037
tot_uptimes_duration: 62160.04863998224
