comms_cons: 39.1133440003925
finished_reconf: true
global_termination_time: 386155.613
local_termination_time: 103593.18135999997
node_cons: 7879.28976111916
tot_aggregated_send: 5162
tot_msg_rcv: 312
tot_msg_sent: 471
tot_reconf_duration: 4.390000000000001
tot_sleeping_duration: 380275.6069200007
tot_uptimes: 99
tot_uptimes_duration: 5880.006079999366
