comms_cons: 37.79750400047338
finished_reconf: true
global_termination_time: 386008.599
local_termination_time: 140217.41136000006
node_cons: 7888.678980000006
tot_aggregated_send: 5336
tot_msg_rcv: 127
tot_msg_sent: 282
tot_reconf_duration: 11.31
tot_sleeping_duration: 380128.599
tot_uptimes: 99
tot_uptimes_duration: 5880.0
