comms_cons: 35.80400640022084
finished_reconf: true
global_termination_time: 362697.15760000015
local_termination_time: 298129.8194000008
node_cons: 7432.883274001275
tot_aggregated_send: 5104
tot_msg_rcv: 113
tot_msg_sent: 224
tot_reconf_duration: 15.110000000000001
tot_sleeping_duration: 357161.41159999924
tot_uptimes: 93
tot_uptimes_duration: 5535.74600000096
