comms_cons: 37.89681920041193
finished_reconf: true
global_termination_time: 366256.569
local_termination_time: 79738.21967999986
node_cons: 7502.386841121453
tot_aggregated_send: 4872
tot_msg_rcv: 385
tot_msg_sent: 504
tot_reconf_duration: 22.65
tot_sleeping_duration: 360676.56291999895
tot_uptimes: 94
tot_uptimes_duration: 5580.006080001069
