comms_cons: 37.98892800084684
finished_reconf: true
global_termination_time: 363740.542
local_termination_time: 69611.19891999956
node_cons: 7482.247701121449
tot_aggregated_send: 4756
tot_msg_rcv: 386
tot_msg_sent: 632
tot_reconf_duration: 7.819999999999999
tot_sleeping_duration: 358160.53591999895
tot_uptimes: 94
tot_uptimes_duration: 5580.006080001069
