comms_cons: 36.488243200574736
finished_reconf: true
global_termination_time: 366365.137
local_termination_time: 149931.2306800007
node_cons: 7486.987121121436
tot_aggregated_send: 5046
tot_msg_rcv: 161
tot_msg_sent: 339
tot_reconf_duration: 11.31
tot_sleeping_duration: 360785.1309199989
tot_uptimes: 94
tot_uptimes_duration: 5580.006080001069
