comms_cons: 43.92273919992275
finished_reconf: true
global_termination_time: 445691.841
local_termination_time: 40594.02860000002
node_cons: 9169.37956000001
tot_aggregated_send: 6496
tot_msg_rcv: 71
tot_msg_sent: 109
tot_reconf_duration: 7.819999999999999
tot_sleeping_duration: 438851.841
tot_uptimes: 115
tot_uptimes_duration: 6840.0
