comms_cons: 159.3757951900166
finished_reconf: true
global_termination_time: 1585041.6877199977
local_termination_time: 1585041.6877199977
node_cons: 32664.04842102554
tot_aggregated_send: 21968
tot_msg_rcv: 679
tot_msg_sent: 1578
tot_reconf_duration: 24.59
tot_sleeping_duration: 1560672.2663600086
tot_uptimes: 406
tot_uptimes_duration: 24369.421359989155
