comms_cons: 59.78644480546857
finished_reconf: true
global_termination_time: 289570.7667200001
local_termination_time: 289570.72560000006
node_cons: 5997.062484806162
tot_aggregated_send: 0
tot_msg_rcv: 4777
tot_msg_sent: 4310
tot_reconf_duration: 24.59
tot_sleeping_duration: 285116.9435199955
tot_uptimes: 75
tot_uptimes_duration: 4453.823200004588
