comms_cons: 86.7001536107243
finished_reconf: true
global_termination_time: 392604.07668000035
local_termination_time: 1084.8056000000004
node_cons: 8092.06321008768
tot_aggregated_send: 0
tot_msg_rcv: 7327
tot_msg_sent: 5842
tot_reconf_duration: 18.21
tot_sleeping_duration: 386579.1819599946
tot_uptimes: 101
tot_uptimes_duration: 6024.89472000573
