comms_cons: 38.72517120012523
finished_reconf: true
global_termination_time: 394017.623
local_termination_time: 85627.36847999995
node_cons: 8068.365541119146
tot_aggregated_send: 5568
tot_msg_rcv: 109
tot_msg_sent: 209
tot_reconf_duration: 25.299999999999997
tot_sleeping_duration: 388017.6169200007
tot_uptimes: 101
tot_uptimes_duration: 6000.006079999366
