comms_cons: 633.1088006345183
finished_reconf: true
global_termination_time: 3219447.7795999977
local_termination_time: 2008.9863600000003
node_cons: 66227.67951286759
tot_aggregated_send: 0
tot_msg_rcv: 48421
tot_msg_sent: 47807
tot_reconf_duration: 5.1
tot_sleeping_duration: 3169992.399680006
tot_uptimes: 825
tot_uptimes_duration: 49455.37991999177
