comms_cons: 323.2924160404875
finished_reconf: true
global_termination_time: 3219447.831439997
local_termination_time: 180007.67528000037
node_cons: 66267.70874621603
tot_aggregated_send: 45008
tot_msg_rcv: 1345
tot_msg_sent: 2787
tot_reconf_duration: 25.299999999999997
tot_sleeping_duration: 3169983.043280014
tot_uptimes: 825
tot_uptimes_duration: 49464.788159983116
