comms_cons: 323.5838208118405
finished_reconf: true
global_termination_time: 3221130.458
local_termination_time: 1294568.06736
node_cons: 66215.04638223283
tot_aggregated_send: 44834
tot_msg_rcv: 1395
tot_msg_sent: 2953
tot_reconf_duration: 10.95
tot_sleeping_duration: 3171690.4458400044
tot_uptimes: 825
tot_uptimes_duration: 49440.0121599955
