comms_cons: 325.368384044919
finished_reconf: true
global_termination_time: 3219605.266
local_termination_time: 1334046.9811999996
node_cons: 66206.15418446643
tot_aggregated_send: 44660
tot_msg_rcv: 1660
tot_msg_sent: 3134
tot_reconf_duration: 4.390000000000001
tot_sleeping_duration: 3170165.241680009
tot_uptimes: 825
tot_uptimes_duration: 49440.024319991004
