comms_cons: 553.5810945058088
finished_reconf: true
global_termination_time: 5600977.714
local_termination_time: 3179643.6023600004
node_cons: 115216.11266334826
tot_aggregated_send: 77140
tot_msg_rcv: 2241
tot_msg_sent: 4761
tot_reconf_duration: 6.279999999999999
tot_sleeping_duration: 5514937.695760006
tot_uptimes: 1435
tot_uptimes_duration: 86040.0182399936
