comms_cons: 562.0846401246888
finished_reconf: true
global_termination_time: 5599083.729
local_termination_time: 495336.94568000076
node_cons: 115131.42702893307
tot_aggregated_send: 77894
tot_msg_rcv: 2539
tot_msg_sent: 4999
tot_reconf_duration: 3.05
tot_sleeping_duration: 5513103.680360018
tot_uptimes: 1434
tot_uptimes_duration: 85980.04863998247
