comms_cons: 196.24706558106544
finished_reconf: true
global_termination_time: 1946681.84
local_termination_time: 525749.9253599999
node_cons: 40040.16011116809
tot_aggregated_send: 25926
tot_msg_rcv: 1338
tot_msg_sent: 2563
tot_reconf_duration: 22.65
tot_sleeping_duration: 1916801.7792000237
tot_uptimes: 499
tot_uptimes_duration: 29880.060799976345
