comms_cons: 960.3213442287533
finished_reconf: true
global_termination_time: 9674843.393
local_termination_time: 2203701.14144
node_cons: 199010.78151004718
tot_aggregated_send: 134560
tot_msg_rcv: 3950
tot_msg_sent: 7452
tot_reconf_duration: 6.279999999999999
tot_sleeping_duration: 9526223.338280018
tot_uptimes: 2478
tot_uptimes_duration: 148620.05471998057
