comms_cons: 969.5417155043054
finished_reconf: true
global_termination_time: 9674880.586
local_termination_time: 955441.638
node_cons: 199010.7325945146
tot_aggregated_send: 133977
tot_msg_rcv: 4679
tot_msg_sent: 8707
tot_reconf_duration: 6.22
tot_sleeping_duration: 9526260.506960029
tot_uptimes: 2478
tot_uptimes_duration: 148620.07903997134
