comms_cons: 294.4865663798881
finished_reconf: true
global_termination_time: 2912209.083
local_termination_time: 2019895.1673599998
node_cons: 59884.08312334925
tot_aggregated_send: 40368
tot_msg_rcv: 1622
tot_msg_sent: 2770
tot_reconf_duration: 22.65
tot_sleeping_duration: 2867509.0647600074
tot_uptimes: 746
tot_uptimes_duration: 44700.0182399929
