comms_cons: 293.6231168207434
finished_reconf: true
global_termination_time: 2910404.193
local_termination_time: 272716.721
node_cons: 59863.52469942175
tot_aggregated_send: 40656
tot_msg_rcv: 1416
tot_msg_sent: 2557
tot_reconf_duration: 6.279999999999999
tot_sleeping_duration: 2865702.926040013
tot_uptimes: 746
tot_uptimes_duration: 44701.26695998723
