comms_cons: 292.465804787006
finished_reconf: true
global_termination_time: 2910272.998
local_termination_time: 1333497.79736
node_cons: 59859.864544466596
tot_aggregated_send: 40890
tot_msg_rcv: 1301
tot_msg_sent: 2263
tot_reconf_duration: 4.8100000000000005
tot_sleeping_duration: 2865572.9736800096
tot_uptimes: 746
tot_uptimes_duration: 44700.02431999077
