comms_cons: 13.4090367998689
finished_reconf: true
global_termination_time: 115549.847
local_termination_time: 12662.103120000003
node_cons: 2338.355606718044
tot_aggregated_send: 986
tot_msg_rcv: 407
tot_msg_sent: 646
tot_reconf_duration: 6.22
tot_sleeping_duration: 113809.81052000145
tot_uptimes: 30
tot_uptimes_duration: 1740.03647999854
