comms_cons: 13.67815679955639
finished_reconf: true
global_termination_time: 115159.354
local_termination_time: 59923.48896000012
node_cons: 2345.2596855957527
tot_aggregated_send: 1102
tot_msg_rcv: 401
tot_msg_sent: 576
tot_reconf_duration: 11.31
tot_sleeping_duration: 113419.32360000318
tot_uptimes: 30
tot_uptimes_duration: 1740.030399996831
