comms_cons: 398.3834560403154
finished_reconf: true
global_termination_time: 4036908.26
local_termination_time: 681411.9773599999
node_cons: 83011.79636781695
tot_aggregated_send: 56608
tot_msg_rcv: 1161
tot_msg_sent: 2783
tot_reconf_duration: 15.110000000000001
tot_sleeping_duration: 3974928.2174400156
tot_uptimes: 1034
tot_uptimes_duration: 61980.04255998437
