comms_cons: 401.1226816404575
finished_reconf: true
global_termination_time: 4035610.815
local_termination_time: 431196.88436
node_cons: 83004.08563005092
tot_aggregated_send: 56840
tot_msg_rcv: 1220
tot_msg_sent: 2905
tot_reconf_duration: 9.42
tot_sleeping_duration: 3973630.76028002
tot_uptimes: 1034
tot_uptimes_duration: 61980.054719979875
