comms_cons: 398.73828481851905
finished_reconf: true
global_termination_time: 4035616.372
local_termination_time: 1027932.3457599981
node_cons: 83008.9732191031
tot_aggregated_send: 55680
tot_msg_rcv: 1687
tot_msg_sent: 3239
tot_reconf_duration: 11.31
tot_sleeping_duration: 3973634.583920011
tot_uptimes: 1034
tot_uptimes_duration: 61981.788079989026
