comms_cons: 273.7078784197249
finished_reconf: true
global_termination_time: 2807982.781
local_termination_time: 5135.642
node_cons: 57855.077323349775
tot_aggregated_send: 39316
tot_msg_rcv: 872
tot_msg_sent: 1414
tot_reconf_duration: 7.55
tot_sleeping_duration: 2764782.762760007
tot_uptimes: 720
tot_uptimes_duration: 43200.01823999314
