comms_cons: 279.90038403276225
finished_reconf: true
global_termination_time: 2810037.986
local_termination_time: 4199.215
node_cons: 57852.700949619146
tot_aggregated_send: 39085
tot_msg_rcv: 1165
tot_msg_sent: 2293
tot_reconf_duration: 5.77
tot_sleeping_duration: 2766837.937240015
tot_uptimes: 720
tot_uptimes_duration: 43200.04875998519
