comms_cons: 19.737600000298787
finished_reconf: true
global_termination_time: 193091.641
local_termination_time: 2481.558560000001
node_cons: 3943.1919800000023
tot_aggregated_send: 2552
tot_msg_rcv: 161
tot_msg_sent: 287
tot_reconf_duration: 4.8100000000000005
tot_sleeping_duration: 190151.641
tot_uptimes: 50
tot_uptimes_duration: 2940.0
