comms_cons: 58.278553600475924
finished_reconf: true
global_termination_time: 591184.475
local_termination_time: 207700.31236000007
node_cons: 12138.904060000026
tot_aggregated_send: 8526
tot_msg_rcv: 105
tot_msg_sent: 227
tot_reconf_duration: 5.57
tot_sleeping_duration: 582124.475
tot_uptimes: 152
tot_uptimes_duration: 9060.0
