comms_cons: 58.60814080030591
finished_reconf: true
global_termination_time: 591056.685
local_termination_time: 305883.22208000015
node_cons: 12138.265799999986
tot_aggregated_send: 8526
tot_msg_rcv: 154
tot_msg_sent: 228
tot_reconf_duration: 5.1
tot_sleeping_duration: 581996.685
tot_uptimes: 152
tot_uptimes_duration: 9060.0
