comms_cons: 58.2199680004598
finished_reconf: true
global_termination_time: 587717.261
local_termination_time: 362298.6069200003
node_cons: 12068.884859999995
tot_aggregated_send: 8410
tot_msg_rcv: 161
tot_msg_sent: 278
tot_reconf_duration: 13.17
tot_sleeping_duration: 578717.261
tot_uptimes: 151
tot_uptimes_duration: 9000.0
