comms_cons: 216.4556799959288
finished_reconf: true
global_termination_time: 2205747.325
local_termination_time: 1555770.174119998
node_cons: 45319.32405999959
tot_aggregated_send: 31958
tot_msg_rcv: 307
tot_msg_sent: 635
tot_reconf_duration: 5.57
tot_sleeping_duration: 2171907.325
tot_uptimes: 565
tot_uptimes_duration: 33840.0
