comms_cons: 218.69260799037374
finished_reconf: true
global_termination_time: 2205993.965
local_termination_time: 765077.2801599983
node_cons: 45329.644859999564
tot_aggregated_send: 31378
tot_msg_rcv: 540
tot_msg_sent: 1322
tot_reconf_duration: 13.17
tot_sleeping_duration: 2172153.965
tot_uptimes: 565
tot_uptimes_duration: 33840.0
