comms_cons: 382.7466428823624
finished_reconf: true
global_termination_time: 2204133.969
local_termination_time: 611720.00836
node_cons: 45318.357108934244
tot_aggregated_send: 0
tot_msg_rcv: 29550
tot_msg_sent: 28627
tot_reconf_duration: 4.8100000000000005
tot_sleeping_duration: 2170293.920360019
tot_uptimes: 565
tot_uptimes_duration: 33840.048639981076
