comms_cons: 212.17342077910033
finished_reconf: true
global_termination_time: 2087409.487
local_termination_time: 63250.88104000006
node_cons: 42919.501847817446
tot_aggregated_send: 28768
tot_msg_rcv: 1280
tot_msg_sent: 2201
tot_reconf_duration: 13.17
tot_sleeping_duration: 2055369.4444400165
tot_uptimes: 535
tot_uptimes_duration: 32040.04255998344
