comms_cons: 55.627136004989936
finished_reconf: true
global_termination_time: 287607.82124000025
local_termination_time: 48331.76304000015
node_cons: 5909.3371604795275
tot_aggregated_send: 0
tot_msg_rcv: 4273
tot_msg_sent: 4181
tot_reconf_duration: 4.8100000000000005
tot_sleeping_duration: 283199.4529200006
tot_uptimes: 74
tot_uptimes_duration: 4408.368319999645
