comms_cons: 0.6513407999978506
finished_reconf: true
global_termination_time: 4696.617
local_termination_time: 2294.5923600000006
node_cons: 111.09870000000012
tot_aggregated_send: 0
tot_msg_rcv: 62
tot_msg_sent: 37
tot_reconf_duration: 22.65
tot_sleeping_duration: 4636.617
tot_uptimes: 2
tot_uptimes_duration: 60.0
