comms_cons: 199.06741757868892
finished_reconf: true
global_termination_time: 1952127.034
local_termination_time: 634270.8814799999
node_cons: 40093.83446446712
tot_aggregated_send: 25868
tot_msg_rcv: 1557
tot_msg_sent: 2832
tot_reconf_duration: 3.05
tot_sleeping_duration: 1922187.0096800094
tot_uptimes: 500
tot_uptimes_duration: 29940.024319990538
