comms_cons: 197.09285757793404
finished_reconf: true
global_termination_time: 1951421.208
local_termination_time: 1483530.6300000001
node_cons: 40098.17188893436
tot_aggregated_send: 26097
tot_msg_rcv: 1238
tot_msg_sent: 2621
tot_reconf_duration: 6.22
tot_sleeping_duration: 1921481.159360019
tot_uptimes: 500
tot_uptimes_duration: 29940.048639981076
