comms_cons: 192.02115839075105
finished_reconf: true
global_termination_time: 1950678.501
local_termination_time: 532195.8594799998
node_cons: 40097.033939999645
tot_aggregated_send: 27782
tot_msg_rcv: 436
tot_msg_sent: 968
tot_reconf_duration: 5.43
tot_sleeping_duration: 1920738.501
tot_uptimes: 500
tot_uptimes_duration: 29940.0
