comms_cons: 47.24524800048847
finished_reconf: true
global_termination_time: 465074.504
local_termination_time: 53993.973
node_cons: 9568.98824000001
tot_aggregated_send: 6262
tot_msg_rcv: 282
tot_msg_sent: 637
tot_reconf_duration: 6.279999999999999
tot_sleeping_duration: 457934.504
tot_uptimes: 120
tot_uptimes_duration: 7140.0
