comms_cons: 46.91752960074328
finished_reconf: true
global_termination_time: 467028.661
local_termination_time: 239895.277
node_cons: 9567.512844324257
tot_aggregated_send: 6376
tot_msg_rcv: 232
tot_msg_sent: 524
tot_reconf_duration: 5.1
tot_sleeping_duration: 459888.56611999683
tot_uptimes: 120
tot_uptimes_duration: 7140.094880003166
