comms_cons: 46.77027840053936
finished_reconf: true
global_termination_time: 464923.065
local_termination_time: 24183.75048
node_cons: 9594.82554112144
tot_aggregated_send: 6322
tot_msg_rcv: 229
tot_msg_sent: 557
tot_reconf_duration: 25.299999999999997
tot_sleeping_duration: 457783.05891999893
tot_uptimes: 120
tot_uptimes_duration: 7140.006080001069
