comms_cons: 47.968947200884315
finished_reconf: true
global_termination_time: 465164.624
local_termination_time: 39213.061600000015
node_cons: 9566.99198000001
tot_aggregated_send: 6264
tot_msg_rcv: 393
tot_msg_sent: 634
tot_reconf_duration: 4.8100000000000005
tot_sleeping_duration: 458024.624
tot_uptimes: 120
tot_uptimes_duration: 7140.0
