comms_cons: 861.391904201158
finished_reconf: true
global_termination_time: 8742964.045
local_termination_time: 3773080.0823600003
node_cons: 179809.50522781402
tot_aggregated_send: 119886
tot_msg_rcv: 3678
tot_msg_sent: 7361
tot_reconf_duration: 6.279999999999999
tot_sleeping_duration: 8608684.002440015
tot_uptimes: 2239
tot_uptimes_duration: 134280.04255998507
