comms_cons: 859.395635400771
finished_reconf: true
global_termination_time: 8744724.534
local_termination_time: 4056195.38048
node_cons: 179899.1855655799
tot_aggregated_send: 120640
tot_msg_rcv: 3485
tot_msg_sent: 6495
tot_reconf_duration: 13.17
tot_sleeping_duration: 8610384.50360001
tot_uptimes: 2240
tot_uptimes_duration: 134340.0303999898
