comms_cons: 882.1833282779246
finished_reconf: true
global_termination_time: 8745108.661
local_termination_time: 189212.715
node_cons: 179924.82843092352
tot_aggregated_send: 120812
tot_msg_rcv: 4402
tot_msg_sent: 8874
tot_reconf_duration: 22.65
tot_sleeping_duration: 8610759.094360024
tot_uptimes: 2240
tot_uptimes_duration: 134349.5666399775
