comms_cons: 315.99239678751064
finished_reconf: true
global_termination_time: 3278170.384
local_termination_time: 1850536.0934799998
node_cons: 67412.83220111547
tot_aggregated_send: 45704
tot_msg_rcv: 864
tot_msg_sent: 1461
tot_reconf_duration: 5.57
tot_sleeping_duration: 3227830.3779200027
tot_uptimes: 840
tot_uptimes_duration: 50340.006079997635
