comms_cons: 321.41713278353626
finished_reconf: true
global_termination_time: 3279673.348
local_termination_time: 1094079.2269199993
node_cons: 67416.27064334917
tot_aggregated_send: 45588
tot_msg_rcv: 1238
tot_msg_sent: 2027
tot_reconf_duration: 8.09
tot_sleeping_duration: 3229333.3297600076
tot_uptimes: 840
tot_uptimes_duration: 50340.0182399929
