comms_cons: 644.6491782848782
finished_reconf: true
global_termination_time: 3283231.646
local_termination_time: 619.403479999999
node_cons: 67501.7764822322
tot_aggregated_send: 0
tot_msg_rcv: 49259
tot_msg_sent: 48721
tot_reconf_duration: 11.899999999999999
tot_sleeping_duration: 3232831.633840005
tot_uptimes: 841
tot_uptimes_duration: 50400.01215999527
