comms_cons: 326.5592192038027
finished_reconf: true
global_termination_time: 3279079.676
local_termination_time: 165024.67952000085
node_cons: 67411.84082670018
tot_aggregated_send: 45646
tot_msg_rcv: 1410
tot_msg_sent: 2580
tot_reconf_duration: 4.8100000000000005
tot_sleeping_duration: 3228739.6395200137
tot_uptimes: 840
tot_uptimes_duration: 50340.03647998627
