comms_cons: 326.92432638893933
finished_reconf: true
global_termination_time: 3282391.967
local_termination_time: 1145730.3953599997
node_cons: 67489.77446446562
tot_aggregated_send: 45820
tot_msg_rcv: 1375
tot_msg_sent: 2494
tot_reconf_duration: 3.05
tot_sleeping_duration: 3231991.9426800096
tot_uptimes: 841
tot_uptimes_duration: 50400.02431999054
