comms_cons: 475.1109117754309
finished_reconf: true
global_termination_time: 976913.8373999991
local_termination_time: 976913.7962799992
node_cons: 59844.735804794436
tot_aggregated_send: 0
tot_msg_rcv: 29085
tot_msg_sent: 43128
tot_reconf_duration: 37.410000000000004
tot_sleeping_duration: 932258.1742000025
tot_uptimes: 730
tot_uptimes_duration: 44655.66319999663
