comms_cons: 98.34222079251032
finished_reconf: true
global_termination_time: 979204.081
local_termination_time: 525342.7625999998
node_cons: 20119.389964476617
tot_aggregated_send: 12992
tot_msg_rcv: 685
tot_msg_sent: 1270
tot_reconf_duration: 25.299999999999997
tot_sleeping_duration: 964204.0566800026
tot_uptimes: 251
tot_uptimes_duration: 15000.024319997407
