comms_cons: 100.97878398887813
finished_reconf: true
global_termination_time: 982528.881
local_termination_time: 325515.77736000007
node_cons: 20183.281847822433
tot_aggregated_send: 12876
tot_msg_rcv: 794
tot_msg_sent: 1678
tot_reconf_duration: 13.17
tot_sleeping_duration: 967468.8384400131
tot_uptimes: 252
tot_uptimes_duration: 15060.042559986876
