comms_cons: 105.57830398270633
finished_reconf: true
global_termination_time: 981104.119
local_termination_time: 252689.16160000008
node_cons: 20169.612192298962
tot_aggregated_send: 11600
tot_msg_rcv: 1475
tot_msg_sent: 2974
tot_reconf_duration: 3.08
tot_sleeping_duration: 966044.0521200157
tot_uptimes: 252
tot_uptimes_duration: 15060.066879984282
