comms_cons: 101.06434559062154
finished_reconf: true
global_termination_time: 980222.871
local_termination_time: 274980.56596000015
node_cons: 20176.41577231285
tot_aggregated_send: 12064
tot_msg_rcv: 1084
tot_msg_sent: 2214
tot_reconf_duration: 8.09
tot_sleeping_duration: 965162.8041200055
tot_uptimes: 252
tot_uptimes_duration: 15060.066879994614
