comms_cons: 98.81363199769231
finished_reconf: true
global_termination_time: 977498.125
local_termination_time: 418582.40836000006
node_cons: 20105.527521121443
tot_aggregated_send: 13108
tot_msg_rcv: 669
tot_msg_sent: 1242
tot_reconf_duration: 15.110000000000001
tot_sleeping_duration: 962498.118919999
tot_uptimes: 251
tot_uptimes_duration: 15000.006080001069
