comms_cons: 90.56331519927191
finished_reconf: true
global_termination_time: 935282.591
local_termination_time: 500822.933
node_cons: 19214.710622721406
tot_aggregated_send: 13453
tot_msg_rcv: 75
tot_msg_sent: 238
tot_reconf_duration: 8.09
tot_sleeping_duration: 920940.750519999
tot_uptimes: 240
tot_uptimes_duration: 14341.840480001003
