comms_cons: 92.47128319768566
finished_reconf: true
global_termination_time: 933595.6330000005
local_termination_time: 213153.35036000004
node_cons: 19289.09687000068
tot_aggregated_send: 13166
tot_msg_rcv: 286
tot_msg_sent: 603
tot_reconf_duration: 11.899999999999999
tot_sleeping_duration: 919202.103
tot_uptimes: 240
tot_uptimes_duration: 14393.530000000494
