comms_cons: 16.085171200163455
finished_reconf: true
global_termination_time: 81204.4264799999
local_termination_time: 780.3793599999999
node_cons: 1633.2677087198645
tot_aggregated_send: 0
tot_msg_rcv: 1279
tot_msg_sent: 1164
tot_reconf_duration: 4.390000000000001
tot_sleeping_duration: 79989.112
tot_uptimes: 21
tot_uptimes_duration: 1215.314479999899
