comms_cons: 237.44332798038772
finished_reconf: true
global_termination_time: 2367270.48
local_termination_time: 1968702.0903599998
node_cons: 48694.51932446698
tot_aggregated_send: 32538
tot_msg_rcv: 1054
tot_msg_sent: 2498
tot_reconf_duration: 6.22
tot_sleeping_duration: 2330910.455680009
tot_uptimes: 607
tot_uptimes_duration: 36360.02431999077
