comms_cons: 236.17801598904217
finished_reconf: true
global_termination_time: 2368097.297
local_termination_time: 1929786.5773199985
node_cons: 48693.44650446661
tot_aggregated_send: 33060
tot_msg_rcv: 842
tot_msg_sent: 1995
tot_reconf_duration: 5.43
tot_sleeping_duration: 2331737.2726800092
tot_uptimes: 607
tot_uptimes_duration: 36360.02431999054
