comms_cons: 187.89537279323332
finished_reconf: true
global_termination_time: 1903061.487
local_termination_time: 727192.8746799984
node_cons: 39136.56621999957
tot_aggregated_send: 27260
tot_msg_rcv: 376
tot_msg_sent: 923
tot_reconf_duration: 8.09
tot_sleeping_duration: 1873841.487
tot_uptimes: 488
tot_uptimes_duration: 29219.999999999884
