comms_cons: 640.433958529881
finished_reconf: true
global_termination_time: 6444507.058
local_termination_time: 2729210.8376
node_cons: 132567.95836446443
tot_aggregated_send: 89146
tot_msg_rcv: 2769
tot_msg_sent: 5425
tot_reconf_duration: 5.1
tot_sleeping_duration: 6345507.033680009
tot_uptimes: 1651
tot_uptimes_duration: 99000.02431999147
