comms_cons: 129.72271359516603
finished_reconf: true
global_termination_time: 1313872.633
local_termination_time: 735697.8809599996
node_cons: 27019.65088223364
tot_aggregated_send: 17748
tot_msg_rcv: 761
tot_msg_sent: 1209
tot_reconf_duration: 18.700000000000003
tot_sleeping_duration: 1293712.6208400046
tot_uptimes: 337
tot_uptimes_duration: 20160.01215999527
