comms_cons: 293.78257279277415
finished_reconf: true
global_termination_time: 846605.921
local_termination_time: 576245.5965999998
node_cons: 51518.123460358955
tot_aggregated_send: 0
tot_msg_rcv: 17955
tot_msg_sent: 26699
tot_reconf_duration: 4.390000000000001
tot_sleeping_duration: 808135.2997600003
tot_uptimes: 631
tot_uptimes_duration: 38470.62123999973
