comms_cons: 32.84994560061404
finished_reconf: true
global_termination_time: 315768.807
local_termination_time: 9853.908280000005
node_cons: 6433.748262240591
tot_aggregated_send: 3944
tot_msg_rcv: 354
tot_msg_sent: 695
tot_reconf_duration: 4.8100000000000005
tot_sleeping_duration: 310968.7948399995
tot_uptimes: 81
tot_uptimes_duration: 4800.012160000435
