comms_cons: 259.60270078183396
finished_reconf: true
global_termination_time: 2623043.65
local_termination_time: 396570.46636
node_cons: 53914.11790223274
tot_aggregated_send: 36656
tot_msg_rcv: 943
tot_msg_sent: 1859
tot_reconf_duration: 4.390000000000001
tot_sleeping_duration: 2582783.6378400046
tot_uptimes: 672
tot_uptimes_duration: 40260.01215999527
