comms_cons: 857.9065337165353
finished_reconf: true
global_termination_time: 2070970.891
local_termination_time: 755496.8274799997
node_cons: 125694.89255663243
tot_aggregated_send: 0
tot_msg_rcv: 52646
tot_msg_sent: 77751
tot_reconf_duration: 18.21
tot_sleeping_duration: 1977117.1468800327
tot_uptimes: 1541
tot_uptimes_duration: 93853.74411996732
