comms_cons: 352.3840189211715
finished_reconf: true
global_termination_time: 2072738.87
local_termination_time: 755500.2985999997
node_cons: 42611.02382893432
tot_aggregated_send: 0
tot_msg_rcv: 27227
tot_msg_sent: 26337
tot_reconf_duration: 22.65
tot_sleeping_duration: 2040938.821360019
tot_uptimes: 531
tot_uptimes_duration: 31800.048639981076
