comms_cons: 209.38662397853187
finished_reconf: true
global_termination_time: 2074411.121
local_termination_time: 871517.673879998
node_cons: 42669.141510051166
tot_aggregated_send: 27492
tot_msg_rcv: 1246
tot_msg_sent: 3087
tot_reconf_duration: 6.279999999999999
tot_sleeping_duration: 2042551.0662800213
tot_uptimes: 532
tot_uptimes_duration: 31860.05471997871
