comms_cons: 205.4032511924357
finished_reconf: true
global_termination_time: 2074601.547
local_termination_time: 1700962.52836
node_cons: 42676.70019999982
tot_aggregated_send: 30044
tot_msg_rcv: 433
tot_msg_sent: 743
tot_reconf_duration: 11.899999999999999
tot_sleeping_duration: 2042741.547
tot_uptimes: 532
tot_uptimes_duration: 31860.0
