comms_cons: 790.6517633964361
finished_reconf: true
global_termination_time: 7927502.988
local_termination_time: 1738223.972239998
node_cons: 163120.41104005466
tot_aggregated_send: 109736
tot_msg_rcv: 3646
tot_msg_sent: 6790
tot_reconf_duration: 15.34
tot_sleeping_duration: 7805695.983280015
tot_uptimes: 2031
tot_uptimes_duration: 121807.00471998518
