comms_cons: 1323.4080933098335
finished_reconf: true
global_termination_time: 7928915.884
local_termination_time: 3379066.77336
node_cons: 163097.18278781453
tot_aggregated_send: 0
tot_msg_rcv: 101264
tot_msg_sent: 99885
tot_reconf_duration: 5.1
tot_sleeping_duration: 7807115.841440015
tot_uptimes: 2031
tot_uptimes_duration: 121800.04255998507
