comms_cons: 785.6562369611513
finished_reconf: true
global_termination_time: 7929087.881
local_termination_time: 3628812.59536
node_cons: 163094.43148669734
tot_aggregated_send: 111128
tot_msg_rcv: 2944
tot_msg_sent: 5343
tot_reconf_duration: 3.08
tot_sleeping_duration: 7807287.844520013
tot_uptimes: 2031
tot_uptimes_duration: 121800.0364799872
