comms_cons: 780.8544897286271
finished_reconf: true
global_termination_time: 7927886.12
local_termination_time: 3811333.5021599997
node_cons: 163110.76008558055
tot_aggregated_send: 109968
tot_msg_rcv: 2922
tot_msg_sent: 5794
tot_reconf_duration: 15.110000000000001
tot_sleeping_duration: 7806086.089600011
tot_uptimes: 2031
tot_uptimes_duration: 121800.03039998934
