comms_cons: 95.03717119639808
finished_reconf: true
global_termination_time: 954973.133
local_termination_time: 403040.5263600001
node_cons: 19609.516403355123
tot_aggregated_send: 13340
tot_msg_rcv: 350
tot_msg_sent: 755
tot_reconf_duration: 4.8100000000000005
tot_sleeping_duration: 940333.1147600036
tot_uptimes: 245
tot_uptimes_duration: 14640.018239996338
