comms_cons: 97.3458431916331
finished_reconf: true
global_termination_time: 956269.229
local_termination_time: 204843.06604000076
node_cons: 19610.43977455103
tot_aggregated_send: 11890
tot_msg_rcv: 969
tot_msg_sent: 1937
tot_reconf_duration: 5.43
tot_sleeping_duration: 941629.1499600067
tot_uptimes: 245
tot_uptimes_duration: 14640.079039993288
