comms_cons: 147.67559678660007
finished_reconf: true
global_termination_time: 1414556.479
local_termination_time: 286275.90712000045
node_cons: 29091.657086714793
tot_aggregated_send: 18734
tot_msg_rcv: 1443
tot_msg_sent: 2270
tot_reconf_duration: 6.279999999999999
tot_sleeping_duration: 1392836.442520004
tot_uptimes: 363
tot_uptimes_duration: 21720.03647999611
