comms_cons: 139.24939519597265
finished_reconf: true
global_termination_time: 1413243.62
local_termination_time: 110209.55135999995
node_cons: 29019.899681121464
tot_aggregated_send: 20358
tot_msg_rcv: 238
tot_msg_sent: 569
tot_reconf_duration: 12.629999999999999
tot_sleeping_duration: 1391583.6139199992
tot_uptimes: 362
tot_uptimes_duration: 21660.00608000107
