comms_cons: 141.95526399299635
finished_reconf: true
global_termination_time: 1414569.208
local_termination_time: 423501.4026800003
node_cons: 29097.95010000006
tot_aggregated_send: 20068
tot_msg_rcv: 590
tot_msg_sent: 918
tot_reconf_duration: 10.95
tot_sleeping_duration: 1392849.208
tot_uptimes: 363
tot_uptimes_duration: 21720.0
