comms_cons: 142.23943038869555
finished_reconf: true
global_termination_time: 1412052.30412
local_termination_time: 108943.95559999994
node_cons: 29029.67801862862
tot_aggregated_send: 19430
tot_msg_rcv: 785
tot_msg_sent: 1405
tot_reconf_duration: 4.8100000000000005
tot_sleeping_duration: 1390377.0643600086
tot_uptimes: 362
tot_uptimes_duration: 21675.23975999147
