comms_cons: 143.33507838967242
finished_reconf: true
global_termination_time: 1416660.739
local_termination_time: 142029.88736000005
node_cons: 29090.502786705627
tot_aggregated_send: 19488
tot_msg_rcv: 785
tot_msg_sent: 1515
tot_reconf_duration: 5.43
tot_sleeping_duration: 1394940.702520011
tot_uptimes: 363
tot_uptimes_duration: 21720.03647998924
