comms_cons: 116.12287999881625
finished_reconf: true
global_termination_time: 1173871.611
local_termination_time: 4766.458
node_cons: 24134.491501119188
tot_aggregated_send: 16681
tot_msg_rcv: 364
tot_msg_sent: 605
tot_reconf_duration: 23.919999999999998
tot_sleeping_duration: 1155871.6049200008
tot_uptimes: 301
tot_uptimes_duration: 18000.006079999366
