comms_cons: 13.341926399996959
finished_reconf: true
global_termination_time: 113575.92
local_termination_time: 46172.09236
node_cons: 2334.067063360866
tot_aggregated_send: 812
tot_msg_rcv: 551
tot_msg_sent: 665
tot_reconf_duration: 3.08
tot_sleeping_duration: 111835.90175999935
tot_uptimes: 30
tot_uptimes_duration: 1740.0182400006524
