comms_cons: 12.847308799792277
finished_reconf: true
global_termination_time: 114681.116
local_termination_time: 15112.10748
node_cons: 2345.243403360873
tot_aggregated_send: 986
tot_msg_rcv: 390
tot_msg_sent: 576
tot_reconf_duration: 11.31
tot_sleeping_duration: 112941.09775999933
tot_uptimes: 30
tot_uptimes_duration: 1740.0182400006524
