comms_cons: 14.79787519992309
finished_reconf: true
global_termination_time: 116312.837
local_termination_time: 37550.14696000003
node_cons: 2337.250222239443
tot_aggregated_send: 812
tot_msg_rcv: 635
tot_msg_sent: 803
tot_reconf_duration: 5.43
tot_sleeping_duration: 114572.82484000042
tot_uptimes: 30
tot_uptimes_duration: 1740.0121599995837
