comms_cons: 88.60823679395983
finished_reconf: true
global_termination_time: 855738.2263999982
local_termination_time: 855738.1852799982
node_cons: 17731.699176784277
tot_aggregated_send: 11252
tot_msg_rcv: 738
tot_msg_sent: 1477
tot_reconf_duration: 45.989999999999995
tot_sleeping_duration: 842542.3752000099
tot_uptimes: 220
tot_uptimes_duration: 13195.851199988276
