comms_cons: 87.83296639506857
finished_reconf: true
global_termination_time: 856862.875
local_termination_time: 2386.07612
node_cons: 17627.005007554995
tot_aggregated_send: 11252
tot_msg_rcv: 661
tot_msg_sent: 1437
tot_reconf_duration: 23.919999999999998
tot_sleeping_duration: 843722.8289600037
tot_uptimes: 220
tot_uptimes_duration: 13140.046039996245
