comms_cons: 84.35975679548662
finished_reconf: true
global_termination_time: 856454.293
local_termination_time: 4523.576
node_cons: 17604.761746710217
tot_aggregated_send: 11244
tot_msg_rcv: 642
tot_msg_sent: 937
tot_reconf_duration: 7.55
tot_sleeping_duration: 843314.2565200073
tot_uptimes: 220
tot_uptimes_duration: 13140.036479992676
