comms_cons: 84.72693759678936
finished_reconf: true
global_termination_time: 858356.942
local_termination_time: 5252.438999999999
node_cons: 17608.827605595703
tot_aggregated_send: 11879
tot_msg_rcv: 317
tot_msg_sent: 682
tot_reconf_duration: 10.55
tot_sleeping_duration: 845216.9116000033
tot_uptimes: 220
tot_uptimes_duration: 13140.030399996773
