comms_cons: 86.31670399639799
finished_reconf: true
global_termination_time: 861800.665
local_termination_time: 5322.073
node_cons: 17679.968506714813
tot_aggregated_send: 12001
tot_msg_rcv: 415
tot_msg_sent: 703
tot_reconf_duration: 3.77
tot_sleeping_duration: 848600.6285200039
tot_uptimes: 221
tot_uptimes_duration: 13200.03647999611
