comms_cons: 38.22515200034977
finished_reconf: true
global_termination_time: 387860.793
local_termination_time: 252502.337
node_cons: 7969.018980000006
tot_aggregated_send: 5566
tot_msg_rcv: 78
tot_msg_sent: 166
tot_reconf_duration: 11.31
tot_sleeping_duration: 381920.793
tot_uptimes: 100
tot_uptimes_duration: 5940.0
