comms_cons: 811.5741121250034
finished_reconf: true
global_termination_time: 8165755.17248
local_termination_time: 8165755.13136
node_cons: 168060.11750206476
tot_aggregated_send: 117366
tot_msg_rcv: 2091
tot_msg_sent: 3896
tot_reconf_duration: 37.410000000000004
tot_sleeping_duration: 8040281.449760007
tot_uptimes: 2092
tot_uptimes_duration: 125473.72271999321
