comms_cons: 820.2550530308189
finished_reconf: true
global_termination_time: 8167139.329
local_termination_time: 2196449.9008399984
node_cons: 168011.85671968438
tot_aggregated_send: 113448
tot_msg_rcv: 3888
tot_msg_sent: 7337
tot_reconf_duration: 15.34
tot_sleeping_duration: 8041679.265520022
tot_uptimes: 2092
tot_uptimes_duration: 125460.06347997789
