comms_cons: 813.5920065686709
finished_reconf: true
global_termination_time: 8167083.757
local_termination_time: 3607501.9521199977
node_cons: 168050.67102149097
tot_aggregated_send: 114840
tot_msg_rcv: 3072
tot_msg_sent: 5748
tot_reconf_duration: 25.299999999999997
tot_sleeping_duration: 8041604.807320017
tot_uptimes: 2092
tot_uptimes_duration: 125478.94967998286
