comms_cons: 811.4456321889729
finished_reconf: true
global_termination_time: 8168897.436
local_termination_time: 3793201.3173199994
node_cons: 168008.87370669693
tot_aggregated_send: 113854
tot_msg_rcv: 3097
tot_msg_sent: 6384
tot_reconf_duration: 13.17
tot_sleeping_duration: 8043437.399520013
tot_uptimes: 2092
tot_uptimes_duration: 125460.0364799872
