comms_cons: 822.7088578632437
finished_reconf: true
global_termination_time: 8165825.265
local_termination_time: 920690.0845599985
node_cons: 167996.97489004725
tot_aggregated_send: 111940
tot_msg_rcv: 4104
tot_msg_sent: 9002
tot_reconf_duration: 4.390000000000001
tot_sleeping_duration: 8040365.21028002
tot_uptimes: 2092
tot_uptimes_duration: 125460.05471997987
