comms_cons: 2.710630399994273
finished_reconf: true
global_termination_time: 17158.111
local_termination_time: 4171.52036
node_cons: 342.19172000000015
tot_aggregated_send: 0
tot_msg_rcv: 247
tot_msg_sent: 165
tot_reconf_duration: 15.34
tot_sleeping_duration: 16918.111
tot_uptimes: 5
tot_uptimes_duration: 239.99999999999997
