comms_cons: 2.1558143999929467
finished_reconf: true
global_termination_time: 18577.954
local_termination_time: 11341.68436
node_cons: 329.89638112000466
tot_aggregated_send: 0
tot_msg_rcv: 202
tot_msg_sent: 125
tot_reconf_duration: 6.279999999999999
tot_sleeping_duration: 18337.94792
tot_uptimes: 5
tot_uptimes_duration: 240.00608000000466
