comms_cons: 324.75687680817254
finished_reconf: true
global_termination_time: 3300516.726
local_termination_time: 881410.5335599995
node_cons: 67918.14011116752
tot_aggregated_send: 44254
tot_msg_rcv: 1845
tot_msg_sent: 3261
tot_reconf_duration: 22.65
tot_sleeping_duration: 3249816.665200023
tot_uptimes: 846
tot_uptimes_duration: 50700.06079997681
