comms_cons: 101.71443199531475
finished_reconf: true
global_termination_time: 1005308.7064799998
local_termination_time: 1005308.6653599999
node_cons: 20716.58192543922
tot_aggregated_send: 13778
tot_msg_rcv: 567
tot_msg_sent: 1114
tot_reconf_duration: 37.410000000000004
tot_sleeping_duration: 989874.9655200004
tot_uptimes: 258
tot_uptimes_duration: 15433.740959999384
