comms_cons: 101.2419839946194
finished_reconf: true
global_termination_time: 1006941.99
local_termination_time: 218387.15436000004
node_cons: 20672.133603355116
tot_aggregated_send: 13688
tot_msg_rcv: 495
tot_msg_sent: 1206
tot_reconf_duration: 18.21
tot_sleeping_duration: 991521.9717600036
tot_uptimes: 258
tot_uptimes_duration: 15420.018239996338
