comms_cons: 847.4690491913067
finished_reconf: true
global_termination_time: 1006492.46
local_termination_time: 185412.86192000075
node_cons: 99947.5124347253
tot_aggregated_send: 0
tot_msg_rcv: 58362
tot_msg_sent: 70447
tot_reconf_duration: 5.57
tot_sleeping_duration: 931854.709160024
tot_uptimes: 1195
tot_uptimes_duration: 74637.75083997595
