comms_cons: 104.18089599501633
finished_reconf: true
global_termination_time: 1010141.706
local_termination_time: 218304.30488000045
node_cons: 20762.10996448118
tot_aggregated_send: 13398
tot_msg_rcv: 886
tot_msg_sent: 1550
tot_reconf_duration: 25.299999999999997
tot_sleeping_duration: 994661.6816799991
tot_uptimes: 259
tot_uptimes_duration: 15480.02432000084
