comms_cons: 103.49125119237141
finished_reconf: true
global_termination_time: 1007602.663
local_termination_time: 316850.5743600001
node_cons: 20731.967768948507
tot_aggregated_send: 13340
tot_msg_rcv: 756
tot_msg_sent: 1633
tot_reconf_duration: 3.08
tot_sleeping_duration: 992122.6143600085
tot_uptimes: 259
tot_uptimes_duration: 15480.048639991379
