comms_cons: 102.58351359246306
finished_reconf: true
global_termination_time: 1005514.283
local_termination_time: 718758.0747999984
node_cons: 20667.92380335511
tot_aggregated_send: 13746
tot_msg_rcv: 696
tot_msg_sent: 1150
tot_reconf_duration: 15.110000000000001
tot_sleeping_duration: 990094.2647600037
tot_uptimes: 258
tot_uptimes_duration: 15420.018239996338
