comms_cons: 222.31774718634009
finished_reconf: true
global_termination_time: 2224255.424
local_termination_time: 402683.0463600001
node_cons: 45744.23498223319
tot_aggregated_send: 31088
tot_msg_rcv: 919
tot_msg_sent: 1784
tot_reconf_duration: 22.65
tot_sleeping_duration: 2190115.411840005
tot_uptimes: 570
tot_uptimes_duration: 34140.01215999527
