comms_cons: 71.61521919964574
finished_reconf: true
global_termination_time: 712069.657
local_termination_time: 190765.07136000006
node_cons: 14639.805565602592
tot_aggregated_send: 9976
tot_msg_rcv: 336
tot_msg_sent: 573
tot_reconf_duration: 13.17
tot_sleeping_duration: 701149.6265999981
tot_uptimes: 183
tot_uptimes_duration: 10920.03040000191
