comms_cons: 129.43431678439836
finished_reconf: true
global_termination_time: 653728.6448399988
local_termination_time: 1555.0420400000014
node_cons: 13500.087752000156
tot_aggregated_send: 0
tot_msg_rcv: 9959
tot_msg_sent: 9710
tot_reconf_duration: 18.21
tot_sleeping_duration: 643664.8968399987
tot_uptimes: 168
tot_uptimes_duration: 10063.748000000101
