comms_cons: 64.62090239988723
finished_reconf: true
global_termination_time: 653877.861
local_termination_time: 30380.454600000005
node_cons: 13420.921900000025
tot_aggregated_send: 9454
tot_msg_rcv: 138
tot_msg_sent: 230
tot_reconf_duration: 3.05
tot_sleeping_duration: 643857.861
tot_uptimes: 168
tot_uptimes_duration: 10020.000000000002
