comms_cons: 124.09687038780014
finished_reconf: true
global_termination_time: 1236437.19
local_termination_time: 366643.74736000004
node_cons: 25395.126176780122
tot_aggregated_send: 15718
tot_msg_rcv: 1098
tot_msg_sent: 2046
tot_reconf_duration: 5.57
tot_sleeping_duration: 1217477.0988000147
tot_uptimes: 317
tot_uptimes_duration: 18960.091199985123
