comms_cons: 123.65855998941109
finished_reconf: true
global_termination_time: 1235906.433
local_termination_time: 612760.3160399992
node_cons: 25394.43907006529
tot_aggregated_send: 15370
tot_msg_rcv: 1139
tot_msg_sent: 2287
tot_reconf_duration: 5.1
tot_sleeping_duration: 1216946.378280011
tot_uptimes: 317
tot_uptimes_duration: 18960.054719989013
