comms_cons: 121.20860159636803
finished_reconf: true
global_termination_time: 1240847.059
local_termination_time: 714966.5133599999
node_cons: 25488.307521116854
tot_aggregated_send: 16936
tot_msg_rcv: 453
tot_msg_sent: 1034
tot_reconf_duration: 15.110000000000001
tot_sleeping_duration: 1221827.0529200023
tot_uptimes: 318
tot_uptimes_duration: 19020.006079997635
