comms_cons: 126.07006079379337
finished_reconf: true
global_termination_time: 1240998.187
local_termination_time: 298162.3131200005
node_cons: 25498.5712644766
tot_aggregated_send: 16530
tot_msg_rcv: 839
tot_msg_sent: 1792
tot_reconf_duration: 22.65
tot_sleeping_duration: 1221978.1626800024
tot_uptimes: 318
tot_uptimes_duration: 19020.024319997407
