comms_cons: 345.7745664016165
finished_reconf: true
global_termination_time: 3599473.056
local_termination_time: 2768317.01832
node_cons: 74013.97986111521
tot_aggregated_send: 50344
tot_msg_rcv: 628
tot_msg_sent: 1583
tot_reconf_duration: 15.34
tot_sleeping_duration: 3544213.049920002
tot_uptimes: 922
tot_uptimes_duration: 55260.00607999787
