comms_cons: 361.00328322396234
finished_reconf: true
global_termination_time: 3599420.713
local_termination_time: 743679.1786799994
node_cons: 74006.03144596236
tot_aggregated_send: 50924
tot_msg_rcv: 1446
tot_msg_sent: 2500
tot_reconf_duration: 9.42
tot_sleeping_duration: 3544160.639000027
tot_uptimes: 922
tot_uptimes_duration: 55260.07399997313
