comms_cons: 362.75888006296486
finished_reconf: true
global_termination_time: 3600972.655
local_termination_time: 373013.56236000004
node_cons: 74088.44779340675
tot_aggregated_send: 49532
tot_msg_rcv: 1656
tot_msg_sent: 3948
tot_reconf_duration: 10.95
tot_sleeping_duration: 3545652.582040023
tot_uptimes: 923
tot_uptimes_duration: 55320.072959976445
