comms_cons: 358.69745280958034
finished_reconf: true
global_termination_time: 3598634.626
local_termination_time: 674076.7546799985
node_cons: 73997.33888781742
tot_aggregated_send: 50054
tot_msg_rcv: 1496
tot_msg_sent: 2969
tot_reconf_duration: 3.05
tot_sleeping_duration: 3543374.5834400156
tot_uptimes: 922
tot_uptimes_duration: 55260.04255998437
