comms_cons: 28.1984511993973
finished_reconf: true
global_termination_time: 148885.121
local_termination_time: 110850.90335999997
node_cons: 3077.6573211214404
tot_aggregated_send: 0
tot_msg_rcv: 2154
tot_msg_sent: 2132
tot_reconf_duration: 18.21
tot_sleeping_duration: 146605.11491999894
tot_uptimes: 39
tot_uptimes_duration: 2280.0060800010688
