comms_cons: 14.540659200016341
finished_reconf: true
global_termination_time: 150894.89
local_termination_time: 135931.51236000005
node_cons: 3083.6868411214236
tot_aggregated_send: 2030
tot_msg_rcv: 27
tot_msg_sent: 153
tot_reconf_duration: 22.65
tot_sleeping_duration: 148614.88391999895
tot_uptimes: 39
tot_uptimes_duration: 2280.0060800010688
