comms_cons: 122.88692479621663
finished_reconf: true
global_termination_time: 147462.09812000016
local_termination_time: 107627.15059999995
node_cons: 14529.600100521098
tot_aggregated_send: 0
tot_msg_rcv: 8483
tot_msg_sent: 10195
tot_reconf_duration: 4.390000000000001
tot_sleeping_duration: 136615.46743999934
tot_uptimes: 177
tot_uptimes_duration: 10846.630680000806
