comms_cons: 14.73740799996741
finished_reconf: true
global_termination_time: 147467.371
local_termination_time: 122691.35135999997
node_cons: 2983.19956000001
tot_aggregated_send: 1972
tot_msg_rcv: 101
tot_msg_sent: 167
tot_reconf_duration: 7.819999999999999
tot_sleeping_duration: 145247.371
tot_uptimes: 38
tot_uptimes_duration: 2220.0
