comms_cons: 2.3158783999944585
finished_reconf: true
global_termination_time: 18743.684
local_termination_time: 5286.50236
node_cons: 328.7339400000004
tot_aggregated_send: 0
tot_msg_rcv: 181
tot_msg_sent: 171
tot_reconf_duration: 5.43
tot_sleeping_duration: 18503.684
tot_uptimes: 5
tot_uptimes_duration: 240.0
