comms_cons: 226.1007871918032
finished_reconf: true
global_termination_time: 2290877.399
local_termination_time: 435678.4913600001
node_cons: 47090.226219999466
tot_aggregated_send: 32944
tot_msg_rcv: 499
tot_msg_sent: 923
tot_reconf_duration: 8.09
tot_sleeping_duration: 2255717.399
tot_uptimes: 587
tot_uptimes_duration: 35160.0
