comms_cons: 227.2587263901917
finished_reconf: true
global_termination_time: 2290565.098
local_termination_time: 371713.96160000004
node_cons: 47091.61137999941
tot_aggregated_send: 32828
tot_msg_rcv: 612
tot_msg_sent: 1102
tot_reconf_duration: 9.11
tot_sleeping_duration: 2255405.098
tot_uptimes: 587
tot_uptimes_duration: 35160.0
