comms_cons: 226.5744895915287
finished_reconf: true
global_termination_time: 2293290.568
local_termination_time: 1353451.84436
node_cons: 47184.974599999674
tot_aggregated_send: 33002
tot_msg_rcv: 493
tot_msg_sent: 943
tot_reconf_duration: 18.700000000000003
tot_sleeping_duration: 2258070.568
tot_uptimes: 588
tot_uptimes_duration: 35220.0
