comms_cons: 74.37852799837309
finished_reconf: true
global_termination_time: 752991.7474799998
local_termination_time: 752991.7063599998
node_cons: 15477.031659841254
tot_aggregated_send: 10600
tot_msg_rcv: 172
tot_msg_sent: 532
tot_reconf_duration: 24.59
tot_sleeping_duration: 741458.0369199988
tot_uptimes: 193
tot_uptimes_duration: 11533.710560000909
