comms_cons: 78.27260799718847
finished_reconf: true
global_termination_time: 755092.319
local_termination_time: 319173.0594400007
node_cons: 15512.151980000019
tot_aggregated_send: 10092
tot_msg_rcv: 705
tot_msg_sent: 1099
tot_reconf_duration: 4.8100000000000005
tot_sleeping_duration: 743512.319
tot_uptimes: 194
tot_uptimes_duration: 11580.0
