comms_cons: 73.60871679929002
finished_reconf: true
global_termination_time: 753171.805
local_termination_time: 651635.118
node_cons: 15440.647121116772
tot_aggregated_send: 10545
tot_msg_rcv: 175
tot_msg_sent: 468
tot_reconf_duration: 11.31
tot_sleeping_duration: 741651.7989200024
tot_uptimes: 193
tot_uptimes_duration: 11520.006079997635
