comms_cons: 44.497472002045996
finished_reconf: true
global_termination_time: 215346.3829600007
local_termination_time: 2650.7036
node_cons: 4502.068060562367
tot_aggregated_send: 0
tot_msg_rcv: 3536
tot_msg_sent: 3222
tot_reconf_duration: 18.21
tot_sleeping_duration: 212002.58991999892
tot_uptimes: 56
tot_uptimes_duration: 3343.793040001765
