comms_cons: 21.395558400088877
finished_reconf: true
global_termination_time: 222086.112
local_termination_time: 215330.28800000044
node_cons: 4529.798699999996
tot_aggregated_send: 3190
tot_msg_rcv: 33
tot_msg_sent: 29
tot_reconf_duration: 22.65
tot_sleeping_duration: 218726.112
tot_uptimes: 57
tot_uptimes_duration: 3360.0
