comms_cons: 51.916467200336875
finished_reconf: true
global_termination_time: 529684.464
local_termination_time: 244181.00136000005
node_cons: 10854.428240000014
tot_aggregated_send: 7656
tot_msg_rcv: 66
tot_msg_sent: 169
tot_reconf_duration: 6.279999999999999
tot_sleeping_duration: 521584.46400000004
tot_uptimes: 136
tot_uptimes_duration: 8100.0
