comms_cons: 52.12042240037996
finished_reconf: true
global_termination_time: 529944.165
local_termination_time: 428437.31872000056
node_cons: 10853.464060000024
tot_aggregated_send: 7540
tot_msg_rcv: 97
tot_msg_sent: 285
tot_reconf_duration: 5.57
tot_sleeping_duration: 521844.16500000004
tot_uptimes: 136
tot_uptimes_duration: 8100.0
