comms_cons: 92.93621759821693
finished_reconf: true
global_termination_time: 906002.786
local_termination_time: 136206.5148000003
node_cons: 18646.492906719424
tot_aggregated_send: 12180
tot_msg_rcv: 659
tot_msg_sent: 1288
tot_reconf_duration: 5.57
tot_sleeping_duration: 892082.7495200004
tot_uptimes: 233
tot_uptimes_duration: 13920.036479999544
