comms_cons: 91.60282879648763
finished_reconf: true
global_termination_time: 906001.366
local_termination_time: 233085.385480001
node_cons: 18648.353970557582
tot_aggregated_send: 12122
tot_msg_rcv: 634
tot_msg_sent: 1167
tot_reconf_duration: 5.1
tot_sleeping_duration: 892079.4629600019
tot_uptimes: 233
tot_uptimes_duration: 13921.903039998171
