comms_cons: 92.05804799598963
finished_reconf: true
global_termination_time: 903207.6972400004
local_termination_time: 208310.09940000036
node_cons: 18642.730528313612
tot_aggregated_send: 11832
tot_msg_rcv: 683
tot_msg_sent: 1478
tot_reconf_duration: 8.09
tot_sleeping_duration: 889293.0263600051
tot_uptimes: 232
tot_uptimes_duration: 13914.670879995218
