comms_cons: 179.5968319259257
finished_reconf: true
global_termination_time: 906136.175
local_termination_time: 575395.8856399981
node_cons: 18649.54026559579
tot_aggregated_send: 0
tot_msg_rcv: 13837
tot_msg_sent: 13460
tot_reconf_duration: 7.819999999999999
tot_sleeping_duration: 892216.1446000033
tot_uptimes: 233
tot_uptimes_duration: 13920.030399996773
