comms_cons: 180.94743678424905
finished_reconf: true
global_termination_time: 1782882.411
local_termination_time: 247708.10692000075
node_cons: 36641.62082670547
tot_aggregated_send: 23780
tot_msg_rcv: 1218
tot_msg_sent: 2504
tot_reconf_duration: 4.8100000000000005
tot_sleeping_duration: 1755522.3745200108
tot_uptimes: 457
tot_uptimes_duration: 27360.03647998924
