comms_cons: 175.38831359138877
finished_reconf: true
global_termination_time: 1773768.578
local_termination_time: 427100.4621200005
node_cons: 36478.53446446728
tot_aggregated_send: 24650
tot_msg_rcv: 690
tot_msg_sent: 1318
tot_reconf_duration: 3.05
tot_sleeping_duration: 1746528.5536800094
tot_uptimes: 455
tot_uptimes_duration: 27240.024319990538
