comms_cons: 180.75694079266927
finished_reconf: true
global_termination_time: 1823123.04
local_termination_time: 822341.3593599999
node_cons: 37456.324859999906
tot_aggregated_send: 26216
tot_msg_rcv: 458
tot_msg_sent: 800
tot_reconf_duration: 13.17
tot_sleeping_duration: 1795163.04
tot_uptimes: 467
tot_uptimes_duration: 27960.0
