comms_cons: 186.34119678691277
finished_reconf: true
global_termination_time: 1826076.734
local_termination_time: 620101.6757999995
node_cons: 37525.36896781775
tot_aggregated_send: 24998
tot_msg_rcv: 1226
tot_msg_sent: 2097
tot_reconf_duration: 4.8100000000000005
tot_sleeping_duration: 1798056.6914400165
tot_uptimes: 468
tot_uptimes_duration: 28020.04255998344
