comms_cons: 185.51432958140845
finished_reconf: true
global_termination_time: 1822470.729
local_termination_time: 620112.1123599999
node_cons: 37446.95188893462
tot_aggregated_send: 24708
tot_msg_rcv: 1163
tot_msg_sent: 2327
tot_reconf_duration: 6.22
tot_sleeping_duration: 1794510.680360019
tot_uptimes: 467
tot_uptimes_duration: 27960.048639981076
