comms_cons: 187.18658558132086
finished_reconf: true
global_termination_time: 1824196.317
local_termination_time: 577214.1973599998
node_cons: 37526.19464558391
tot_aggregated_send: 24766
tot_msg_rcv: 1358
tot_msg_sent: 2329
tot_reconf_duration: 5.43
tot_sleeping_duration: 1796176.2866000119
tot_uptimes: 468
tot_uptimes_duration: 28020.030399988173
