comms_cons: 330.4164480317816
finished_reconf: true
global_termination_time: 3287523.77
local_termination_time: 615755.8841599983
node_cons: 67571.95860781733
tot_aggregated_send: 45298
tot_msg_rcv: 1609
tot_msg_sent: 3314
tot_reconf_duration: 4.390000000000001
tot_sleeping_duration: 3237063.727440016
tot_uptimes: 842
tot_uptimes_duration: 50460.04255998414
