comms_cons: 330.3507200112136
finished_reconf: true
global_termination_time: 3289503.137
local_termination_time: 850525.2324799999
node_cons: 67654.75932446601
tot_aggregated_send: 44544
tot_msg_rcv: 2009
tot_msg_sent: 3658
tot_reconf_duration: 6.22
tot_sleeping_duration: 3238983.1126800096
tot_uptimes: 843
tot_uptimes_duration: 50520.02431999054
