comms_cons: 19.61259520003297
finished_reconf: true
global_termination_time: 200146.17296000026
local_termination_time: 200130.85848000008
node_cons: 4140.251227440341
tot_aggregated_send: 2958
tot_msg_rcv: 15
tot_msg_sent: 8
tot_reconf_duration: 6.22
tot_sleeping_duration: 197060.434
tot_uptimes: 52
tot_uptimes_duration: 3085.73896000025
