comms_cons: 268.0194304367936
finished_reconf: true
global_termination_time: 2810251.109
local_termination_time: 3623.8222400000004
node_cons: 57879.249723349785
tot_aggregated_send: 38396
tot_msg_rcv: 848
tot_msg_sent: 1493
tot_reconf_duration: 25.35
tot_sleeping_duration: 2767051.090760007
tot_uptimes: 720
tot_uptimes_duration: 43200.01823999314
