comms_cons: 281.8471808158014
finished_reconf: true
global_termination_time: 2808070.185079998
local_termination_time: 6991.008
node_cons: 57861.46532781743
tot_aggregated_send: 38905
tot_msg_rcv: 1276
tot_msg_sent: 2657
tot_reconf_duration: 12.23
tot_sleeping_duration: 2764870.1425200137
tot_uptimes: 720
tot_uptimes_duration: 43200.04255998391
