comms_cons: 273.0003264252661
finished_reconf: true
global_termination_time: 2808973.313
local_termination_time: 5389.184
node_cons: 57859.15946446654
tot_aggregated_send: 38791
tot_msg_rcv: 988
tot_msg_sent: 1715
tot_reconf_duration: 10.55
tot_sleeping_duration: 2765773.2886800095
tot_uptimes: 720
tot_uptimes_duration: 43200.02431999071
