comms_cons: 43.61254400036027
finished_reconf: true
global_termination_time: 436279.29848000006
local_termination_time: 436279.25736000005
node_cons: 8969.507942083274
tot_aggregated_send: 6018
tot_msg_rcv: 194
tot_msg_sent: 415
tot_reconf_duration: 24.59
tot_sleeping_duration: 429605.5757599976
tot_uptimes: 112
tot_uptimes_duration: 6673.722720002428
