comms_cons: 70.36454400827108
finished_reconf: true
global_termination_time: 438332.032
local_termination_time: 96868.24035999997
node_cons: 9022.841744483463
tot_aggregated_send: 0
tot_msg_rcv: 5428
tot_msg_sent: 5267
tot_reconf_duration: 18.21
tot_sleeping_duration: 431612.0076799975
tot_uptimes: 113
tot_uptimes_duration: 6720.0243200025725
