comms_cons: 44.14104960007089
finished_reconf: true
global_termination_time: 437788.443
local_termination_time: 92608.19787999975
node_cons: 9008.699560000021
tot_aggregated_send: 6206
tot_msg_rcv: 219
tot_msg_sent: 284
tot_reconf_duration: 7.819999999999999
tot_sleeping_duration: 431068.443
tot_uptimes: 113
tot_uptimes_duration: 6720.0
