comms_cons: 2.269823999996684
finished_reconf: true
global_termination_time: 17200.536
local_termination_time: 9396.44436
node_cons: 334.15236000000004
tot_aggregated_send: 0
tot_msg_rcv: 177
tot_msg_sent: 168
tot_reconf_duration: 9.42
tot_sleeping_duration: 16960.536
tot_uptimes: 5
tot_uptimes_duration: 240.0
