comms_cons: 309.048454436822
finished_reconf: true
global_termination_time: 388769.05800000014
local_termination_time: 32319.637600000002
node_cons: 38581.07475655872
tot_aggregated_send: 0
tot_msg_rcv: 21333
tot_msg_sent: 25642
tot_reconf_duration: 4.390000000000001
tot_sleeping_duration: 359960.16096000094
tot_uptimes: 461
tot_uptimes_duration: 28808.897039999185
