comms_cons: 58.21401600044964
finished_reconf: true
global_termination_time: 585275.289
local_termination_time: 158491.56736000007
node_cons: 11977.593941121455
tot_aggregated_send: 7772
tot_msg_rcv: 313
tot_msg_sent: 764
tot_reconf_duration: 5.1
tot_sleeping_duration: 576335.282919999
tot_uptimes: 150
tot_uptimes_duration: 8940.006080001069
