comms_cons: 56.29163520045873
finished_reconf: true
global_termination_time: 584614.841
local_termination_time: 448455.25428000075
node_cons: 11986.82019999997
tot_aggregated_send: 8236
tot_msg_rcv: 97
tot_msg_sent: 223
tot_reconf_duration: 11.899999999999999
tot_sleeping_duration: 575674.841
tot_uptimes: 150
tot_uptimes_duration: 8940.0
