comms_cons: 71.5882751993542
finished_reconf: true
global_termination_time: 718705.718
local_termination_time: 39716.37836000001
node_cons: 14807.28918000002
tot_aggregated_send: 10266
tot_msg_rcv: 226
tot_msg_sent: 389
tot_reconf_duration: 18.21
tot_sleeping_duration: 707665.718
tot_uptimes: 185
tot_uptimes_duration: 11040.0
