comms_cons: 137.69733118844806
finished_reconf: true
global_termination_time: 1353297.64
local_termination_time: 446836.9024800001
node_cons: 27828.431264472
tot_aggregated_send: 18502
tot_msg_rcv: 877
tot_msg_sent: 1551
tot_reconf_duration: 22.65
tot_sleeping_duration: 1332537.615680006
tot_uptimes: 347
tot_uptimes_duration: 20760.024319993972
