comms_cons: 135.5513663931866
finished_reconf: true
global_termination_time: 1352853.759
local_termination_time: 482013.59436000005
node_cons: 27805.038363350533
tot_aggregated_send: 18618
tot_msg_rcv: 666
tot_msg_sent: 1319
tot_reconf_duration: 5.43
tot_sleeping_duration: 1332093.7407600072
tot_uptimes: 347
tot_uptimes_duration: 20760.018239992904
