comms_cons: 108.00477439612325
finished_reconf: true
global_termination_time: 1086123.667
local_termination_time: 284391.3297200011
node_cons: 22338.670041121528
tot_aggregated_send: 15428
tot_msg_rcv: 293
tot_msg_sent: 695
tot_reconf_duration: 3.05
tot_sleeping_duration: 1069443.6609199988
tot_uptimes: 279
tot_uptimes_duration: 16680.00608000107
