comms_cons: 34.29736960002936
finished_reconf: true
global_termination_time: 349688.637
local_termination_time: 36145.02836000002
node_cons: 7156.221620000022
tot_aggregated_send: 5104
tot_msg_rcv: 55
tot_msg_sent: 54
tot_reconf_duration: 4.390000000000001
tot_sleeping_duration: 344348.637
tot_uptimes: 90
tot_uptimes_duration: 5340.000000000004
