comms_cons: 34.64606720039851
finished_reconf: true
global_termination_time: 348686.23
local_termination_time: 165510.11448000008
node_cons: 7158.706760000009
tot_aggregated_send: 4988
tot_msg_rcv: 109
tot_msg_sent: 169
tot_reconf_duration: 6.22
tot_sleeping_duration: 343346.23
tot_uptimes: 90
tot_uptimes_duration: 5340.0
