comms_cons: 214.20559358320276
finished_reconf: true
global_termination_time: 2115329.3682399974
local_termination_time: 194034.1746000001
node_cons: 43507.76160605687
tot_aggregated_send: 29232
tot_msg_rcv: 1240
tot_msg_sent: 2085
tot_reconf_duration: 18.21
tot_sleeping_duration: 2082855.1095200144
tot_uptimes: 542
tot_uptimes_duration: 32474.258719983045
