comms_cons: 356.2703360268119
finished_reconf: true
global_termination_time: 3571607.28484
local_termination_time: 3571607.2437199997
node_cons: 73486.73400887445
tot_aggregated_send: 51258
tot_msg_rcv: 1140
tot_msg_sent: 1753
tot_reconf_duration: 24.59
tot_sleeping_duration: 3516750.4209200023
tot_uptimes: 915
tot_uptimes_duration: 54856.863919997355
