comms_cons: 349.8226879934982
finished_reconf: true
global_termination_time: 3571923.526
local_termination_time: 1101786.4963599998
node_cons: 73434.92632334885
tot_aggregated_send: 50112
tot_msg_rcv: 1022
tot_msg_sent: 2037
tot_reconf_duration: 3.05
tot_sleeping_duration: 3517083.507760007
tot_uptimes: 915
tot_uptimes_duration: 54840.01823999314
