comms_cons: 290.3611773918937
finished_reconf: true
global_termination_time: 1474746.11
local_termination_time: 484446.35516000027
node_cons: 30296.651183355105
tot_aggregated_send: 0
tot_msg_rcv: 22267
tot_msg_sent: 21867
tot_reconf_duration: 6.22
tot_sleeping_duration: 1452126.0917600037
tot_uptimes: 378
tot_uptimes_duration: 22620.018239996338
