comms_cons: 112.98522879265846
finished_reconf: true
global_termination_time: 1127938.005
local_termination_time: 763714.7693599998
node_cons: 23163.3227411168
tot_aggregated_send: 15892
tot_msg_rcv: 486
tot_msg_sent: 795
tot_reconf_duration: 18.700000000000003
tot_sleeping_duration: 1110657.9989200023
tot_uptimes: 289
tot_uptimes_duration: 17280.006079997635
