comms_cons: 111.08979199606051
finished_reconf: true
global_termination_time: 1123698.568
local_termination_time: 641021.1691199989
node_cons: 23072.450099999973
tot_aggregated_send: 16124
tot_msg_rcv: 249
tot_msg_sent: 512
tot_reconf_duration: 10.95
tot_sleeping_duration: 1106478.568
tot_uptimes: 288
tot_uptimes_duration: 17220.0
