comms_cons: 134.9663359882508
finished_reconf: true
global_termination_time: 1332257.8594799999
local_termination_time: 1332257.81836
node_cons: 27447.748647659097
tot_aggregated_send: 18154
tot_msg_rcv: 730
tot_msg_sent: 1630
tot_reconf_duration: 24.59
tot_sleeping_duration: 1311784.1063600155
tot_uptimes: 342
tot_uptimes_duration: 20473.75311998435
