comms_cons: 133.683404794062
finished_reconf: true
global_termination_time: 1338615.017
local_termination_time: 380347.19236000004
node_cons: 27510.68624670562
tot_aggregated_send: 18444
tot_msg_rcv: 604
tot_msg_sent: 1270
tot_reconf_duration: 25.299999999999997
tot_sleeping_duration: 1318094.9805200107
tot_uptimes: 343
tot_uptimes_duration: 20520.03647998924
