comms_cons: 135.65652479066406
finished_reconf: true
global_termination_time: 1335185.054
local_termination_time: 722721.8024799998
node_cons: 27401.909761116895
tot_aggregated_send: 18386
tot_msg_rcv: 840
tot_msg_sent: 1393
tot_reconf_duration: 4.390000000000001
tot_sleeping_duration: 1314725.0479200024
tot_uptimes: 342
tot_uptimes_duration: 20460.006079997635
