comms_cons: 631.5113723860537
finished_reconf: true
global_termination_time: 1332626.029
local_termination_time: 912963.633
node_cons: 80779.03150730893
tot_aggregated_send: 0
tot_msg_rcv: 38803
tot_msg_sent: 57184
tot_reconf_duration: 6.22
tot_sleeping_duration: 1272304.457120007
tot_uptimes: 990
tot_uptimes_duration: 60321.57187999309
