comms_cons: 126.94399998797124
finished_reconf: true
global_termination_time: 1240998.187
local_termination_time: 248959.60048000005
node_cons: 25498.644534528048
tot_aggregated_send: 16704
tot_msg_rcv: 908
tot_msg_sent: 1682
tot_reconf_duration: 22.65
tot_sleeping_duration: 1221978.1079600237
tot_uptimes: 318
tot_uptimes_duration: 19020.079039976117
