comms_cons: 38.784384000468755
finished_reconf: true
global_termination_time: 391809.066
local_termination_time: 195761.18580000027
node_cons: 8040.531980000008
tot_aggregated_send: 5568
tot_msg_rcv: 99
tot_msg_sent: 228
tot_reconf_duration: 4.8100000000000005
tot_sleeping_duration: 385809.066
tot_uptimes: 101
tot_uptimes_duration: 6000.0
