comms_cons: 43.25166080085149
finished_reconf: true
global_termination_time: 414554.7744800001
local_termination_time: 414554.7333600001
node_cons: 8567.816083205844
tot_aggregated_send: 5496
tot_msg_rcv: 426
tot_msg_sent: 651
tot_reconf_duration: 24.59
tot_sleeping_duration: 408181.04567999573
tot_uptimes: 107
tot_uptimes_duration: 6373.728800004348
