comms_cons: 42.804275200777894
finished_reconf: true
global_termination_time: 414555.5732400003
local_termination_time: 71508.17763999978
node_cons: 8577.410111603242
tot_aggregated_send: 5336
tot_msg_rcv: 425
tot_msg_sent: 744
tot_reconf_duration: 18.21
tot_sleeping_duration: 408168.2088399979
tot_uptimes: 107
tot_uptimes_duration: 6387.364400002407
