comms_cons: 60.35758080609331
finished_reconf: true
global_termination_time: 417325.089
local_termination_time: 300929.05752000044
node_cons: 8520.181900000074
tot_aggregated_send: 0
tot_msg_rcv: 4647
tot_msg_sent: 4527
tot_reconf_duration: 3.05
tot_sleeping_duration: 410965.089
tot_uptimes: 107
tot_uptimes_duration: 6360.0
