comms_cons: 42.988492801142634
finished_reconf: true
global_termination_time: 416745.861
local_termination_time: 278582.09692000074
node_cons: 8524.494901121403
tot_aggregated_send: 5568
tot_msg_rcv: 388
tot_msg_sent: 578
tot_reconf_duration: 6.22
tot_sleeping_duration: 410385.8549199989
tot_uptimes: 107
tot_uptimes_duration: 6360.006080001069
