comms_cons: 42.40294400085409
finished_reconf: true
global_termination_time: 414596.377
local_termination_time: 112724.92339999952
node_cons: 8531.407121121456
tot_aggregated_send: 5742
tot_msg_rcv: 304
tot_msg_sent: 399
tot_reconf_duration: 11.31
tot_sleeping_duration: 408236.3709199989
tot_uptimes: 107
tot_uptimes_duration: 6360.006080001069
