comms_cons: 48.88178560020751
finished_reconf: true
global_termination_time: 491248.748
local_termination_time: 234684.16936000006
node_cons: 10049.882081121435
tot_aggregated_send: 6786
tot_msg_rcv: 182
tot_msg_sent: 460
tot_reconf_duration: 5.43
tot_sleeping_duration: 483748.74191999895
tot_uptimes: 126
tot_uptimes_duration: 7500.006080001069
