comms_cons: 151.46101761547723
finished_reconf: true
global_termination_time: 313652.298
local_termination_time: 56939.818480000016
node_cons: 19021.214892363267
tot_aggregated_send: 0
tot_msg_rcv: 9322
tot_msg_sent: 13699
tot_reconf_duration: 18.21
tot_sleeping_duration: 299465.2287599976
tot_uptimes: 235
tot_uptimes_duration: 14187.06924000242
