comms_cons: 31.694169600387983
finished_reconf: true
global_termination_time: 318321.787
local_termination_time: 202116.35348000008
node_cons: 6522.923403364296
tot_aggregated_send: 4292
tot_msg_rcv: 126
tot_msg_sent: 399
tot_reconf_duration: 11.31
tot_sleeping_duration: 313461.7687599968
tot_uptimes: 82
tot_uptimes_duration: 4860.018240003206
