comms_cons: 77.78650879916869
finished_reconf: true
global_termination_time: 785124.4042400003
local_termination_time: 14376.4786
node_cons: 16238.126583837915
tot_aggregated_send: 10672
tot_msg_rcv: 342
tot_msg_sent: 810
tot_reconf_duration: 18.21
tot_sleeping_duration: 773015.8176800018
tot_uptimes: 202
tot_uptimes_duration: 12108.586559998424
