comms_cons: 78.90497279683615
finished_reconf: true
global_termination_time: 787066.887
local_termination_time: 189694.11652000083
node_cons: 16158.959559999994
tot_aggregated_send: 10904
tot_msg_rcv: 342
tot_msg_sent: 747
tot_reconf_duration: 7.819999999999999
tot_sleeping_duration: 775006.887
tot_uptimes: 202
tot_uptimes_duration: 12060.0
