comms_cons: 95.52340479861608
finished_reconf: true
global_termination_time: 974480.741
local_termination_time: 7306.429
node_cons: 20010.040382238294
tot_aggregated_send: 14263
tot_msg_rcv: 80
tot_msg_sent: 176
tot_reconf_duration: 3.95
tot_sleeping_duration: 959540.7288400013
tot_uptimes: 250
tot_uptimes_duration: 14940.012159998703
