comms_cons: 129.90471678955183
finished_reconf: true
global_termination_time: 1276404.74
local_termination_time: 452333.2711600003
node_cons: 26279.74894558416
tot_aggregated_send: 17342
tot_msg_rcv: 774
tot_msg_sent: 1630
tot_reconf_duration: 6.279999999999999
tot_sleeping_duration: 1256784.7096000118
tot_uptimes: 327
tot_uptimes_duration: 19620.030399988173
