comms_cons: 126.79751039483435
finished_reconf: true
global_termination_time: 1279620.017
local_termination_time: 551382.3297599991
node_cons: 26283.55138000002
tot_aggregated_send: 18444
tot_msg_rcv: 313
tot_msg_sent: 515
tot_reconf_duration: 9.11
tot_sleeping_duration: 1260000.017
tot_uptimes: 328
tot_uptimes_duration: 19620.0
