comms_cons: 126.60354559677903
finished_reconf: true
global_termination_time: 1278888.86
local_termination_time: 402666.7186000005
node_cons: 26296.574599999978
tot_aggregated_send: 18386
tot_msg_rcv: 294
tot_msg_sent: 563
tot_reconf_duration: 18.700000000000003
tot_sleeping_duration: 1259268.86
tot_uptimes: 328
tot_uptimes_duration: 19620.0
