comms_cons: 127.49894399458282
finished_reconf: true
global_termination_time: 1279453.171
local_termination_time: 469152.76136000006
node_cons: 26286.05010000006
tot_aggregated_send: 18154
tot_msg_rcv: 423
tot_msg_sent: 802
tot_reconf_duration: 10.95
tot_sleeping_duration: 1259833.171
tot_uptimes: 328
tot_uptimes_duration: 19620.0
