comms_cons: 125.95941119752864
finished_reconf: true
global_termination_time: 1279987.521
local_termination_time: 695630.44636
node_cons: 26287.348341116904
tot_aggregated_send: 18502
tot_msg_rcv: 189
tot_msg_sent: 454
tot_reconf_duration: 11.899999999999999
tot_sleeping_duration: 1260367.5149200023
tot_uptimes: 328
tot_uptimes_duration: 19620.006079997635
