comms_cons: 130.3405311957191
finished_reconf: true
global_termination_time: 1276395.05436
local_termination_time: 119645.28731999989
node_cons: 26217.3503424834
tot_aggregated_send: 17284
tot_msg_rcv: 888
tot_msg_sent: 1639
tot_reconf_duration: 4.390000000000001
tot_sleeping_duration: 1256819.7080399974
tot_uptimes: 327
tot_uptimes_duration: 19575.346320002514
