comms_cons: 212.744409578884
finished_reconf: true
global_termination_time: 2101177.516
local_termination_time: 1250673.92136
node_cons: 43229.484544467006
tot_aggregated_send: 28826
tot_msg_rcv: 1131
tot_msg_sent: 2378
tot_reconf_duration: 4.8100000000000005
tot_sleeping_duration: 2068897.4916800093
tot_uptimes: 539
tot_uptimes_duration: 32280.024319990538
