comms_cons: 213.7421631765145
finished_reconf: true
global_termination_time: 2103099.831
local_termination_time: 1103619.381639999
node_cons: 43228.90604334996
tot_aggregated_send: 28594
tot_msg_rcv: 1280
tot_msg_sent: 2613
tot_reconf_duration: 4.390000000000001
tot_sleeping_duration: 2070819.8127600069
tot_uptimes: 539
tot_uptimes_duration: 32280.018239992904
