comms_cons: 213.82795517716121
finished_reconf: true
global_termination_time: 2101185.489
local_termination_time: 407877.3183600001
node_cons: 43227.10260558382
tot_aggregated_send: 28826
tot_msg_rcv: 1290
tot_msg_sent: 2384
tot_reconf_duration: 3.05
tot_sleeping_duration: 2068905.458600012
tot_uptimes: 539
tot_uptimes_duration: 32280.030399988173
