comms_cons: 694.730164103961
finished_reconf: true
global_termination_time: 3533116.443
local_termination_time: 2417.0273600000005
node_cons: 72652.11360335373
tot_aggregated_send: 0
tot_msg_rcv: 53163
tot_msg_sent: 52429
tot_reconf_duration: 18.21
tot_sleeping_duration: 3478876.4247600036
tot_uptimes: 905
tot_uptimes_duration: 54240.01823999657
