comms_cons: 346.3165567934682
finished_reconf: true
global_termination_time: 3529204.519
local_termination_time: 2406856.6721599987
node_cons: 72553.96208223212
tot_aggregated_send: 49416
tot_msg_rcv: 1187
tot_msg_sent: 2036
tot_reconf_duration: 5.1
tot_sleeping_duration: 3475024.5068400046
tot_uptimes: 904
tot_uptimes_duration: 54180.01215999527
