comms_cons: 347.1040831976276
finished_reconf: true
global_termination_time: 3529733.312
local_termination_time: 2474301.2594399983
node_cons: 72581.40182334858
tot_aggregated_send: 49416
tot_msg_rcv: 1245
tot_msg_sent: 2096
tot_reconf_duration: 25.299999999999997
tot_sleeping_duration: 3475553.2937600072
tot_uptimes: 904
tot_uptimes_duration: 54180.0182399929
