comms_cons: 342.5723647864806
finished_reconf: true
global_termination_time: 3528282.186
local_termination_time: 1532473.28836
node_cons: 72551.2189222321
tot_aggregated_send: 48778
tot_msg_rcv: 1103
tot_msg_sent: 2188
tot_reconf_duration: 3.08
tot_sleeping_duration: 3474102.173840005
tot_uptimes: 904
tot_uptimes_duration: 54180.01215999527
