comms_cons: 355.67875844097426
finished_reconf: true
global_termination_time: 3528155.07
local_termination_time: 79720.52683999966
node_cons: 72577.89519296859
tot_aggregated_send: 49416
tot_msg_rcv: 1692
tot_msg_sent: 2953
tot_reconf_duration: 22.65
tot_sleeping_duration: 3473974.983000022
tot_uptimes: 904
tot_uptimes_duration: 54180.086999977764
