comms_cons: 356.00051204955
finished_reconf: true
global_termination_time: 3529252.906
local_termination_time: 411350.18936
node_cons: 72553.06303117245
tot_aggregated_send: 49010
tot_msg_rcv: 1728
tot_msg_sent: 3372
tot_reconf_duration: 4.390000000000001
tot_sleeping_duration: 3475072.8452000194
tot_uptimes: 904
tot_uptimes_duration: 54180.06079998071
