comms_cons: 357.0074240510142
finished_reconf: true
global_termination_time: 3528629.152
local_termination_time: 1009996.4657199988
node_cons: 72551.2270289386
tot_aggregated_send: 49010
tot_msg_rcv: 1880
tot_msg_sent: 3372
tot_reconf_duration: 3.05
tot_sleeping_duration: 3474449.1033600145
tot_uptimes: 904
tot_uptimes_duration: 54180.04863998521
