comms_cons: 127.20225279963142
finished_reconf: true
global_termination_time: 1311744.368
local_termination_time: 821763.5453599999
node_cons: 26929.25897999996
tot_aggregated_send: 18792
tot_msg_rcv: 187
tot_msg_sent: 355
tot_reconf_duration: 11.31
tot_sleeping_duration: 1291644.368
tot_uptimes: 336
tot_uptimes_duration: 20100.0
