comms_cons: 505.81976293712927
finished_reconf: true
global_termination_time: 1044715.8485999998
local_termination_time: 1044715.8074799998
node_cons: 63606.85041711949
tot_aggregated_send: 0
tot_msg_rcv: 31016
tot_msg_sent: 45865
tot_reconf_duration: 24.59
tot_sleeping_duration: 997237.5385199992
tot_uptimes: 779
tot_uptimes_duration: 47478.31008000051
