comms_cons: 101.49731839979546
finished_reconf: true
global_termination_time: 1045431.621
local_termination_time: 386944.3891600003
node_cons: 21456.741619999975
tot_aggregated_send: 14384
tot_msg_rcv: 313
tot_msg_sent: 730
tot_reconf_duration: 4.390000000000001
tot_sleeping_duration: 1029411.621
tot_uptimes: 268
tot_uptimes_duration: 16020.0
