comms_cons: 101.3805952000465
finished_reconf: true
global_termination_time: 1049589.71
local_termination_time: 556061.4193599999
node_cons: 21535.261900000092
tot_aggregated_send: 14558
tot_msg_rcv: 185
tot_msg_sent: 666
tot_reconf_duration: 3.05
tot_sleeping_duration: 1033509.71
tot_uptimes: 269
tot_uptimes_duration: 16079.999999999996
