comms_cons: 188.29286398709348
finished_reconf: true
global_termination_time: 1888291.925
local_termination_time: 393939.11036000005
node_cons: 38835.06825229417
tot_aggregated_send: 25404
tot_msg_rcv: 1123
tot_msg_sent: 2092
tot_reconf_duration: 22.65
tot_sleeping_duration: 1859311.858120019
tot_uptimes: 484
tot_uptimes_duration: 28980.066879980848
