comms_cons: 185.2524159866913
finished_reconf: true
global_termination_time: 1887274.016
local_termination_time: 400191.2593600001
node_cons: 38808.41888781768
tot_aggregated_send: 25288
tot_msg_rcv: 998
tot_msg_sent: 1874
tot_reconf_duration: 3.05
tot_sleeping_duration: 1858293.9734400166
tot_uptimes: 484
tot_uptimes_duration: 28980.04255998344
