comms_cons: 183.98732799146063
finished_reconf: true
global_termination_time: 1889677.562
local_termination_time: 494210.19652000035
node_cons: 38812.691183350245
tot_aggregated_send: 25288
tot_msg_rcv: 923
tot_msg_sent: 1754
tot_reconf_duration: 6.22
tot_sleeping_duration: 1860697.543760007
tot_uptimes: 484
tot_uptimes_duration: 28980.018239992904
