comms_cons: 26.48127999993695
finished_reconf: true
global_termination_time: 11172.410240000003
local_termination_time: 2599.0660400000015
node_cons: 3264.264733720024
tot_aggregated_send: 0
tot_msg_rcv: 2012
tot_msg_sent: 2012
tot_reconf_duration: 6.22
tot_sleeping_duration: 8740.880759999985
tot_uptimes: 36
tot_uptimes_duration: 2431.529480000017
