comms_cons: 122.92577279229582
finished_reconf: true
global_termination_time: 1238183.334
local_termination_time: 439192.876
node_cons: 25481.477418462382
tot_aggregated_send: 16348
tot_msg_rcv: 789
tot_msg_sent: 1547
tot_reconf_duration: 9.11
tot_sleeping_duration: 1219162.3436800132
tot_uptimes: 318
tot_uptimes_duration: 19020.990319986828
