comms_cons: 124.28829439143891
finished_reconf: true
global_termination_time: 1235836.965
local_termination_time: 533354.3307999984
node_cons: 25413.872592781936
tot_aggregated_send: 16936
tot_msg_rcv: 746
tot_msg_sent: 1210
tot_reconf_duration: 18.700000000000003
tot_sleeping_duration: 1216876.1898000136
tot_uptimes: 317
tot_uptimes_duration: 18960.77519998653
