comms_cons: 42.22993920004549
finished_reconf: true
global_termination_time: 432004.1922800005
local_termination_time: 431987.8678000003
node_cons: 8895.392513920644
tot_aggregated_send: 6264
tot_msg_rcv: 18
tot_msg_sent: 135
tot_reconf_duration: 5.57
tot_sleeping_duration: 425366.531
tot_uptimes: 111
tot_uptimes_duration: 6637.661280000466
