comms_cons: 42.185830400058485
finished_reconf: true
global_termination_time: 432035.494
local_termination_time: 86506.19823999943
node_cons: 8843.36162000001
tot_aggregated_send: 6264
tot_msg_rcv: 36
tot_msg_sent: 112
tot_reconf_duration: 4.390000000000001
tot_sleeping_duration: 425435.494
tot_uptimes: 111
tot_uptimes_duration: 6600.0
