comms_cons: 82.20773119853327
finished_reconf: true
global_termination_time: 846440.909
local_termination_time: 358958.8933600001
node_cons: 17384.20684112149
tot_aggregated_send: 12064
tot_msg_rcv: 112
tot_msg_sent: 319
tot_reconf_duration: 22.65
tot_sleeping_duration: 833480.9029199989
tot_uptimes: 217
tot_uptimes_duration: 12960.006080001069
