comms_cons: 82.84079359996902
finished_reconf: true
global_termination_time: 845147.827
local_termination_time: 533653.1853599999
node_cons: 17387.797400000087
tot_aggregated_send: 12238
tot_msg_rcv: 125
tot_msg_sent: 229
tot_reconf_duration: 25.299999999999997
tot_sleeping_duration: 832187.827
tot_uptimes: 217
tot_uptimes_duration: 12960.0
