comms_cons: 82.58869759999384
finished_reconf: true
global_termination_time: 846055.823
local_termination_time: 290395.87736000004
node_cons: 17364.059560000034
tot_aggregated_send: 12122
tot_msg_rcv: 146
tot_msg_sent: 285
tot_reconf_duration: 7.819999999999999
tot_sleeping_duration: 833095.823
tot_uptimes: 217
tot_uptimes_duration: 12960.0
