comms_cons: 95.00538879009649
finished_reconf: true
global_termination_time: 932478.198
local_termination_time: 8085.01048
node_cons: 19126.930466719416
tot_aggregated_send: 12180
tot_msg_rcv: 631
tot_msg_sent: 1629
tot_reconf_duration: 4.390000000000001
tot_sleeping_duration: 918198.1615200004
tot_uptimes: 239
tot_uptimes_duration: 14280.036479999544
