comms_cons: 96.6155519927666
finished_reconf: true
global_termination_time: 930342.542
local_termination_time: 334372.036
node_cons: 19136.344108948477
tot_aggregated_send: 12343
tot_msg_rcv: 879
tot_msg_sent: 1463
tot_reconf_duration: 11.31
tot_sleeping_duration: 916062.4933600087
tot_uptimes: 239
tot_uptimes_duration: 14280.048639991379
