comms_cons: 153.7756415930969
finished_reconf: true
global_termination_time: 1545420.697
local_termination_time: 412895.7480000004
node_cons: 31741.22580000006
tot_aggregated_send: 21924
tot_msg_rcv: 466
tot_msg_sent: 983
tot_reconf_duration: 5.1
tot_sleeping_duration: 1521720.6969999997
tot_uptimes: 396
tot_uptimes_duration: 23700.00000000003
