comms_cons: 151.11827199783272
finished_reconf: true
global_termination_time: 1545261.998
local_termination_time: 402578.504
node_cons: 31744.395872401336
tot_aggregated_send: 22037
tot_msg_rcv: 348
tot_msg_sent: 585
tot_reconf_duration: 6.22
tot_sleeping_duration: 1521560.766399999
tot_uptimes: 396
tot_uptimes_duration: 23701.23160000099
