comms_cons: 39.68040960013008
finished_reconf: true
global_termination_time: 393162.802
local_termination_time: 96986.58835999997
node_cons: 8041.580342240581
tot_aggregated_send: 5452
tot_msg_rcv: 234
tot_msg_sent: 345
tot_reconf_duration: 5.57
tot_sleeping_duration: 387162.7898399996
tot_uptimes: 101
tot_uptimes_duration: 6000.012160000435
