comms_cons: 40.55418880083268
finished_reconf: true
global_termination_time: 389533.127
local_termination_time: 118722.94335999996
node_cons: 7968.546382242867
tot_aggregated_send: 5104
tot_msg_rcv: 430
tot_msg_sent: 630
tot_reconf_duration: 10.95
tot_sleeping_duration: 383593.11483999784
tot_uptimes: 100
tot_uptimes_duration: 5940.0121600021375
