comms_cons: 38.21199359995424
finished_reconf: true
global_termination_time: 388071.9819600002
local_termination_time: 388058.64636
node_cons: 8007.833017440211
tot_aggregated_send: 5684
tot_msg_rcv: 57
tot_msg_sent: 66
tot_reconf_duration: 11.899999999999999
tot_sleeping_duration: 382103.593
tot_uptimes: 100
tot_uptimes_duration: 5968.388960000186
