comms_cons: 39.44791040039792
finished_reconf: true
global_termination_time: 392642.509
local_termination_time: 77073.62651999977
node_cons: 8040.548262242868
tot_aggregated_send: 5336
tot_msg_rcv: 197
tot_msg_sent: 462
tot_reconf_duration: 4.8100000000000005
tot_sleeping_duration: 386642.4968399979
tot_uptimes: 101
tot_uptimes_duration: 6000.0121600021375
