comms_cons: 103.16843519914481
finished_reconf: true
global_termination_time: 1045950.212
local_termination_time: 244083.38536000004
node_cons: 21461.399560000013
tot_aggregated_send: 15080
tot_msg_rcv: 202
tot_msg_sent: 399
tot_reconf_duration: 7.819999999999999
tot_sleeping_duration: 1029930.212
tot_uptimes: 268
tot_uptimes_duration: 16020.000000000007
