comms_cons: 107.94739839393495
finished_reconf: true
global_termination_time: 1062875.027
local_termination_time: 39224.73144000004
node_cons: 21877.26750683686
tot_aggregated_send: 14500
tot_msg_rcv: 688
tot_msg_sent: 1218
tot_reconf_duration: 18.21
tot_sleeping_duration: 1046554.9834400024
tot_uptimes: 273
tot_uptimes_duration: 16320.043559997634
