comms_cons: 831.0819772188106
finished_reconf: true
global_termination_time: 1061423.585
local_termination_time: 412674.71856000024
node_cons: 105986.46895621574
tot_aggregated_send: 0
tot_msg_rcv: 57106
tot_msg_sent: 69216
tot_reconf_duration: 5.57
tot_sleeping_duration: 982275.7844800459
tot_uptimes: 1279
tot_uptimes_duration: 79147.80051995405
