comms_cons: 107.71263999680505
finished_reconf: true
global_termination_time: 1062433.488
local_termination_time: 728456.7237999995
node_cons: 21869.63968111687
tot_aggregated_send: 14732
tot_msg_rcv: 606
tot_msg_sent: 1034
tot_reconf_duration: 12.629999999999999
tot_sleeping_duration: 1046113.4819200023
tot_uptimes: 273
tot_uptimes_duration: 16320.006079997635
