comms_cons: 106.64883199553624
finished_reconf: true
global_termination_time: 1061580.087
local_termination_time: 377854.44136000006
node_cons: 21778.696403355127
tot_aggregated_send: 14094
tot_msg_rcv: 768
tot_msg_sent: 1348
tot_reconf_duration: 4.8100000000000005
tot_sleeping_duration: 1045320.0687600037
tot_uptimes: 272
tot_uptimes_duration: 16260.018239996338
