comms_cons: 108.02388479276573
finished_reconf: true
global_termination_time: 1064368.083
local_termination_time: 641538.9483599998
node_cons: 21859.88650446727
tot_aggregated_send: 14790
tot_msg_rcv: 644
tot_msg_sent: 985
tot_reconf_duration: 5.43
tot_sleeping_duration: 1048048.0586800096
tot_uptimes: 273
tot_uptimes_duration: 16320.024319990538
