comms_cons: 506.6713984292799
finished_reconf: true
global_termination_time: 5103077.31948
local_termination_time: 5103077.27836
node_cons: 104975.82422431008
tot_aggregated_send: 73356
tot_msg_rcv: 1266
tot_msg_sent: 2389
tot_reconf_duration: 24.59
tot_sleeping_duration: 5024703.584600004
tot_uptimes: 1307
tot_uptimes_duration: 78373.73487999511
