comms_cons: 516.8416896874686
finished_reconf: true
global_termination_time: 5103077.576239993
local_termination_time: 7005.83448
node_cons: 104992.26161387282
tot_aggregated_send: 70528
tot_msg_rcv: 2862
tot_msg_sent: 5165
tot_reconf_duration: 18.21
tot_sleeping_duration: 5024685.0949600255
tot_uptimes: 1307
tot_uptimes_duration: 78392.48127996706
