comms_cons: 505.21042566665517
finished_reconf: true
global_termination_time: 5105817.69
local_termination_time: 2830821.68444
node_cons: 105012.94894558267
tot_aggregated_send: 71282
tot_msg_rcv: 1847
tot_msg_sent: 3660
tot_reconf_duration: 6.279999999999999
tot_sleeping_duration: 5027397.659600011
tot_uptimes: 1308
tot_uptimes_duration: 78420.0303999891
