comms_cons: 102.36542719473312
finished_reconf: true
global_termination_time: 990067.358
local_termination_time: 94407.39135999997
node_cons: 20334.597086719416
tot_aggregated_send: 12818
tot_msg_rcv: 879
tot_msg_sent: 1861
tot_reconf_duration: 6.279999999999999
tot_sleeping_duration: 974887.3215200005
tot_uptimes: 254
tot_uptimes_duration: 15180.036479999544
