comms_cons: 102.60983039490898
finished_reconf: true
global_termination_time: 993066.619
local_termination_time: 476017.35848000005
node_cons: 20440.74996447654
tot_aggregated_send: 13166
tot_msg_rcv: 881
tot_msg_sent: 1549
tot_reconf_duration: 25.299999999999997
tot_sleeping_duration: 977826.5946800025
tot_uptimes: 255
tot_uptimes_duration: 15240.024319997407
