comms_cons: 104.86649599103563
finished_reconf: true
global_termination_time: 990141.149
local_termination_time: 367787.7733600005
node_cons: 20338.472791186727
tot_aggregated_send: 12296
tot_msg_rcv: 1260
tot_msg_sent: 2384
tot_reconf_duration: 9.11
tot_sleeping_duration: 974961.0882000099
tot_uptimes: 254
tot_uptimes_duration: 15180.060799990082
