comms_cons: 100.27358719202431
finished_reconf: true
global_termination_time: 989650.181
local_termination_time: 855995.4443599998
node_cons: 20331.997902233714
tot_aggregated_send: 13746
tot_msg_rcv: 569
tot_msg_sent: 926
tot_reconf_duration: 4.390000000000001
tot_sleeping_duration: 974470.1688400047
tot_uptimes: 254
tot_uptimes_duration: 15180.012159995269
