comms_cons: 102.67354239228578
finished_reconf: true
global_termination_time: 989645.5391200001
local_termination_time: 7377.351840000003
node_cons: 20358.406129761643
tot_aggregated_send: 12760
tot_msg_rcv: 974
tot_msg_sent: 1871
tot_reconf_duration: 7.819999999999999
tot_sleeping_duration: 974449.2832799989
tot_uptimes: 254
tot_uptimes_duration: 15196.255840001206
