comms_cons: 1150.343654135051
finished_reconf: true
global_termination_time: 2554984.658
local_termination_time: 256959.80448000008
node_cons: 155071.91910251204
tot_aggregated_send: 0
tot_msg_rcv: 70667
tot_msg_sent: 104178
tot_reconf_duration: 18.21
tot_sleeping_duration: 2439191.386960032
tot_uptimes: 1894
tot_uptimes_duration: 115793.27103996786
