comms_cons: 10.921651199876166
finished_reconf: true
global_termination_time: 93302.057
local_termination_time: 41711.958760000176
node_cons: 1876.4339879999632
tot_aggregated_send: 696
tot_msg_rcv: 330
tot_msg_sent: 633
tot_reconf_duration: 15.34
tot_sleeping_duration: 91916.24500000002
tot_uptimes: 24
tot_uptimes_duration: 1385.8119999999763
