comms_cons: 11.567487999824948
finished_reconf: true
global_termination_time: 94304.87
local_termination_time: 32948.85996000012
node_cons: 1943.5271211191475
tot_aggregated_send: 754
tot_msg_rcv: 369
tot_msg_sent: 637
tot_reconf_duration: 11.31
tot_sleeping_duration: 92864.86392000063
tot_uptimes: 25
tot_uptimes_duration: 1440.0060799993662
