comms_cons: 11.64174080000923
finished_reconf: true
global_termination_time: 97319.251
local_termination_time: 43546.28364000008
node_cons: 1935.5339399999998
tot_aggregated_send: 870
tot_msg_rcv: 372
tot_msg_sent: 529
tot_reconf_duration: 5.43
tot_sleeping_duration: 95879.251
tot_uptimes: 25
tot_uptimes_duration: 1440.0
