comms_cons: 782.560038483652
finished_reconf: true
global_termination_time: 7902703.557239998
local_termination_time: 7902703.557239998
node_cons: 162665.91561782322
tot_aggregated_send: 114176
tot_msg_rcv: 1576
tot_msg_sent: 3192
tot_reconf_duration: 37.410000000000004
tot_sleeping_duration: 7781258.364680006
tot_uptimes: 2024
tot_uptimes_duration: 121445.19255999188
