comms_cons: 772.0261569105124
finished_reconf: true
global_termination_time: 7904807.371
local_termination_time: 4209707.59636
node_cons: 162620.97678334574
tot_aggregated_send: 108924
tot_msg_rcv: 2851
tot_msg_sent: 5568
tot_reconf_duration: 9.42
tot_sleeping_duration: 7783367.352760007
tot_uptimes: 2025
tot_uptimes_duration: 121440.0182399936
