comms_cons: 784.5209665700914
finished_reconf: true
global_termination_time: 7905088.817
local_termination_time: 1364957.2393599998
node_cons: 162616.6718889306
tot_aggregated_send: 109214
tot_msg_rcv: 3204
tot_msg_sent: 6822
tot_reconf_duration: 6.22
tot_sleeping_duration: 7783648.768360018
tot_uptimes: 2025
tot_uptimes_duration: 121440.04863998224
