comms_cons: 36.52012800084782
finished_reconf: true
global_termination_time: 182065.82572000066
local_termination_time: 1264.1673600000004
node_cons: 3756.953022319188
tot_aggregated_send: 0
tot_msg_rcv: 2844
tot_msg_sent: 2704
tot_reconf_duration: 3.05
tot_sleeping_duration: 179263.12884000127
tot_uptimes: 47
tot_uptimes_duration: 2802.696879999392
