comms_cons: 783.5052161333664
finished_reconf: true
global_termination_time: 7980549.932
local_termination_time: 4375002.144439998
node_cons: 164147.44492446282
tot_aggregated_send: 111476
tot_msg_rcv: 2560
tot_msg_sent: 5052
tot_reconf_duration: 9.42
tot_sleeping_duration: 7857969.907680009
tot_uptimes: 2044
tot_uptimes_duration: 122580.02431999147
