comms_cons: 782.3646913181333
finished_reconf: true
global_termination_time: 7976949.784
local_termination_time: 4854420.74636
node_cons: 164071.45596334562
tot_aggregated_send: 111592
tot_msg_rcv: 2535
tot_msg_sent: 4788
tot_reconf_duration: 12.629999999999999
tot_sleeping_duration: 7854429.765760006
tot_uptimes: 2043
tot_uptimes_duration: 122520.0182399936
