comms_cons: 799.1306754132299
finished_reconf: true
global_termination_time: 7979820.622
local_termination_time: 2306889.2945199986
node_cons: 164142.07535116602
tot_aggregated_send: 110896
tot_msg_rcv: 3652
tot_msg_sent: 6914
tot_reconf_duration: 5.43
tot_sleeping_duration: 7857240.561200022
tot_uptimes: 2044
tot_uptimes_duration: 122580.06079997867
