comms_cons: 2.171135999992826
finished_reconf: true
global_termination_time: 12315.049
local_termination_time: 7342.280480000001
node_cons: 271.778700000002
tot_aggregated_send: 0
tot_msg_rcv: 176
tot_msg_sent: 153
tot_reconf_duration: 22.65
tot_sleeping_duration: 12135.048999999999
tot_uptimes: 4
tot_uptimes_duration: 180.0
