comms_cons: 1.5125311999976274
finished_reconf: true
global_termination_time: 11358.976
local_termination_time: 5116.12236
node_cons: 168.2440599999996
tot_aggregated_send: 0
tot_msg_rcv: 118
tot_msg_sent: 111
tot_reconf_duration: 5.57
tot_sleeping_duration: 11238.976
tot_uptimes: 3
tot_uptimes_duration: 119.99999999999999
