comms_cons: 1.4803199999993306
finished_reconf: true
global_termination_time: 14725.536
local_termination_time: 4060.1253600000005
node_cons: 258.90485999999953
tot_aggregated_send: 0
tot_msg_rcv: 119
tot_msg_sent: 106
tot_reconf_duration: 13.17
tot_sleeping_duration: 14545.536
tot_uptimes: 4
tot_uptimes_duration: 179.99999999999955
