comms_cons: 709.8430465127755
finished_reconf: true
global_termination_time: 7137111.106719999
local_termination_time: 7137111.065599998
node_cons: 146888.37492565764
tot_aggregated_send: 102344
tot_msg_rcv: 1913
tot_msg_sent: 3634
tot_reconf_duration: 37.410000000000004
tot_sleeping_duration: 7027448.9916000115
tot_uptimes: 1828
tot_uptimes_duration: 109662.11511998717
