comms_cons: 716.7713345806588
finished_reconf: true
global_termination_time: 7137111.706719996
local_termination_time: 297167.0698000003
node_cons: 146826.4236775909
tot_aggregated_send: 99818
tot_msg_rcv: 3147
tot_msg_sent: 5977
tot_reconf_duration: 18.21
tot_sleeping_duration: 7027476.385960029
tot_uptimes: 1828
tot_uptimes_duration: 109635.32075996697
