comms_cons: 704.1565185353596
finished_reconf: true
global_termination_time: 7140330.066
local_termination_time: 2652847.71536
node_cons: 146865.75148669776
tot_aggregated_send: 99354
tot_msg_rcv: 2370
tot_msg_sent: 5303
tot_reconf_duration: 3.08
tot_sleeping_duration: 7030650.029520012
tot_uptimes: 1829
tot_uptimes_duration: 109680.03647998697
