comms_cons: 707.4864833324187
finished_reconf: true
global_termination_time: 7137123.943
local_termination_time: 2957668.94588
node_cons: 146874.34679906134
tot_aggregated_send: 98890
tot_msg_rcv: 2966
tot_msg_sent: 5676
tot_reconf_duration: 9.42
tot_sleeping_duration: 7027443.917280011
tot_uptimes: 1828
tot_uptimes_duration: 109680.02571998932
