comms_cons: 707.2521601261802
finished_reconf: true
global_termination_time: 7141744.396
local_termination_time: 3093948.1329199993
node_cons: 146878.69596334608
tot_aggregated_send: 98658
tot_msg_rcv: 3043
tot_msg_sent: 5797
tot_reconf_duration: 12.629999999999999
tot_sleeping_duration: 7032064.377760006
tot_uptimes: 1829
tot_uptimes_duration: 109680.01823999337
