comms_cons: 704.0446849206663
finished_reconf: true
global_termination_time: 7140026.77
local_termination_time: 3134487.573879999
node_cons: 146886.9390233465
tot_aggregated_send: 99006
tot_msg_rcv: 2763
tot_msg_sent: 5243
tot_reconf_duration: 18.700000000000003
tot_sleeping_duration: 7030346.751760006
tot_uptimes: 1829
tot_uptimes_duration: 109680.01823999337
