comms_cons: 141.30210559524417
finished_reconf: true
global_termination_time: 1419710.303
local_termination_time: 821820.065759998
node_cons: 29197.04517463735
tot_aggregated_send: 20416
tot_msg_rcv: 432
tot_msg_sent: 630
tot_reconf_duration: 18.21
tot_sleeping_duration: 1397923.659240002
tot_uptimes: 364
tot_uptimes_duration: 21786.643759998027
