comms_cons: 153.40748798350802
finished_reconf: true
global_termination_time: 1478944.247
local_termination_time: 37160.789
node_cons: 30402.308749859832
tot_aggregated_send: 19312
tot_msg_rcv: 1391
tot_msg_sent: 2616
tot_reconf_duration: 22.65
tot_sleeping_duration: 1456261.984080015
tot_uptimes: 379
tot_uptimes_duration: 22682.26291998491
