comms_cons: 284.7742976162136
finished_reconf: true
global_termination_time: 2811262.667
local_termination_time: 198848.17936000007
node_cons: 57857.22022670458
tot_aggregated_send: 38918
tot_msg_rcv: 1523
tot_msg_sent: 2843
tot_reconf_duration: 9.11
tot_sleeping_duration: 2768062.630520011
tot_uptimes: 720
tot_uptimes_duration: 43200.03647998924
