comms_cons: 282.3612096186873
finished_reconf: true
global_termination_time: 2808281.472
local_termination_time: 2149786.530879999
node_cons: 57853.42600223274
tot_aggregated_send: 39150
tot_msg_rcv: 1160
tot_msg_sent: 2607
tot_reconf_duration: 6.34
tot_sleeping_duration: 2765081.459840005
tot_uptimes: 720
tot_uptimes_duration: 43200.0121599955
