comms_cons: 287.59719679587636
finished_reconf: true
global_termination_time: 2809329.786
local_termination_time: 2023701.381519998
node_cons: 57848.950041115546
tot_aggregated_send: 38164
tot_msg_rcv: 1951
tot_msg_sent: 3599
tot_reconf_duration: 3.05
tot_sleeping_duration: 2766129.7799200024
tot_uptimes: 720
tot_uptimes_duration: 43200.006079997635
