comms_cons: 62.39838720088172
finished_reconf: true
global_termination_time: 609215.268
local_termination_time: 157418.34448000006
node_cons: 12540.006505604899
tot_aggregated_send: 8178
tot_msg_rcv: 433
tot_msg_sent: 874
tot_reconf_duration: 5.1
tot_sleeping_duration: 599855.2375999964
tot_uptimes: 157
tot_uptimes_duration: 9360.030400003641
