comms_cons: 63.01758720077442
finished_reconf: true
global_termination_time: 610307.307
local_termination_time: 155641.95744000023
node_cons: 12541.527465607172
tot_aggregated_send: 7888
tot_msg_rcv: 636
tot_msg_sent: 1054
tot_reconf_duration: 6.22
tot_sleeping_duration: 600947.2765999947
tot_uptimes: 157
tot_uptimes_duration: 9360.030400005344
