comms_cons: 64.07608319730497
finished_reconf: true
global_termination_time: 609879.829
local_termination_time: 36818.20808000003
node_cons: 12540.438363357429
tot_aggregated_send: 8062
tot_msg_rcv: 690
tot_msg_sent: 988
tot_reconf_duration: 5.43
tot_sleeping_duration: 600519.8107600019
tot_uptimes: 157
tot_uptimes_duration: 9360.018239998068
