comms_cons: 213.69304318018808
finished_reconf: true
global_termination_time: 2103190.823
local_termination_time: 967090.6717599981
node_cons: 43230.54104781736
tot_aggregated_send: 28768
tot_msg_rcv: 1269
tot_msg_sent: 2444
tot_reconf_duration: 5.57
tot_sleeping_duration: 2070910.7804400164
tot_uptimes: 539
tot_uptimes_duration: 32280.04255998344
