comms_cons: 214.7381311723192
finished_reconf: true
global_termination_time: 2101744.406
local_termination_time: 438975.87820000015
node_cons: 43229.55781451842
tot_aggregated_send: 28130
tot_msg_rcv: 1518
tot_msg_sent: 2990
tot_reconf_duration: 4.8100000000000005
tot_sleeping_duration: 2069464.3269600307
tot_uptimes: 539
tot_uptimes_duration: 32280.07903996925
