comms_cons: 213.5517887773836
finished_reconf: true
global_termination_time: 2098775.954
local_termination_time: 379901.41612000094
node_cons: 43150.03535117252
tot_aggregated_send: 28420
tot_msg_rcv: 1302
tot_msg_sent: 2736
tot_reconf_duration: 5.43
tot_sleeping_duration: 2066555.8932000203
tot_uptimes: 538
tot_uptimes_duration: 32220.06079997978
