comms_cons: 78.58611199797785
finished_reconf: true
global_termination_time: 768645.466
local_termination_time: 26204.84672
node_cons: 15771.401744479725
tot_aggregated_send: 10324
tot_msg_rcv: 588
tot_msg_sent: 1032
tot_reconf_duration: 18.21
tot_sleeping_duration: 756885.4416800002
tot_uptimes: 197
tot_uptimes_duration: 11760.024319999779
