comms_cons: 77.86483199791661
finished_reconf: true
global_termination_time: 768602.514
local_termination_time: 636752.9868399977
node_cons: 15752.617902238304
tot_aggregated_send: 10498
tot_msg_rcv: 467
tot_msg_sent: 870
tot_reconf_duration: 4.390000000000001
tot_sleeping_duration: 756842.5018400012
tot_uptimes: 197
tot_uptimes_duration: 11760.012159998703
