comms_cons: 77.38455039752799
finished_reconf: true
global_termination_time: 768500.362
local_termination_time: 708219.0533199996
node_cons: 15750.790041116918
tot_aggregated_send: 10614
tot_msg_rcv: 393
tot_msg_sent: 755
tot_reconf_duration: 3.05
tot_sleeping_duration: 756740.3559200023
tot_uptimes: 197
tot_uptimes_duration: 11760.006079997635
