comms_cons: 78.32537599763741
finished_reconf: true
global_termination_time: 768181.104
local_termination_time: 731632.5548799991
node_cons: 15757.267701116942
tot_aggregated_send: 10382
tot_msg_rcv: 598
tot_msg_sent: 925
tot_reconf_duration: 7.819999999999999
tot_sleeping_duration: 756421.0979200024
tot_uptimes: 197
tot_uptimes_duration: 11760.006079997635
