comms_cons: 120.51841279628145
finished_reconf: true
global_termination_time: 1221396.741
local_termination_time: 461921.5126400009
node_cons: 25101.01878719491
tot_aggregated_send: 17110
tot_msg_rcv: 457
tot_msg_sent: 752
tot_reconf_duration: 18.21
tot_sleeping_duration: 1202669.1162000038
tot_uptimes: 313
tot_uptimes_duration: 18727.62479999615
