comms_cons: 267.03623682834996
finished_reconf: true
global_termination_time: 2808551.393
local_termination_time: 4807.740000000001
node_cons: 57851.641583350094
tot_aggregated_send: 39029
tot_msg_rcv: 559
tot_msg_sent: 999
tot_reconf_duration: 5.02
tot_sleeping_duration: 2765351.3747600066
tot_uptimes: 720
tot_uptimes_duration: 43200.01823999337
