comms_cons: 266.58986242722165
finished_reconf: true
global_termination_time: 2809916.356
local_termination_time: 4975.665
node_cons: 57852.79588335041
tot_aggregated_send: 39318
tot_msg_rcv: 425
tot_msg_sent: 778
tot_reconf_duration: 5.87
tot_sleeping_duration: 2766716.3377600065
tot_uptimes: 720
tot_uptimes_duration: 43200.0182399936
