comms_cons: 274.66844163027787
finished_reconf: true
global_termination_time: 2808227.018
local_termination_time: 5265.231
node_cons: 57857.61134446724
tot_aggregated_send: 39778
tot_msg_rcv: 745
tot_msg_sent: 1225
tot_reconf_duration: 9.41
tot_sleeping_duration: 2765026.993680009
tot_uptimes: 720
tot_uptimes_duration: 43200.02431999124
