comms_cons: 276.2070016226755
finished_reconf: true
global_termination_time: 2810309.782
local_termination_time: 7311.606000000001
node_cons: 57866.5904267009
tot_aggregated_send: 39076
tot_msg_rcv: 952
tot_msg_sent: 1954
tot_reconf_duration: 16.009999999999998
tot_sleeping_duration: 2767109.745520014
tot_uptimes: 720
tot_uptimes_duration: 43200.036479986506
