comms_cons: 273.3526016205703
finished_reconf: true
global_termination_time: 2810535.206
local_termination_time: 6672.623
node_cons: 57859.16760558376
tot_aggregated_send: 38684
tot_msg_rcv: 885
tot_msg_sent: 1979
tot_reconf_duration: 10.55
tot_sleeping_duration: 2767335.175600011
tot_uptimes: 720
tot_uptimes_duration: 43200.03039998864
