comms_cons: 124.51135999994173
finished_reconf: true
global_termination_time: 1260670.221
local_termination_time: 374039.07136
node_cons: 25875.44161999998
tot_aggregated_send: 18212
tot_msg_rcv: 253
tot_msg_sent: 460
tot_reconf_duration: 4.390000000000001
tot_sleeping_duration: 1241350.221
tot_uptimes: 323
tot_uptimes_duration: 19320.0
