comms_cons: 123.36694399624675
finished_reconf: true
global_termination_time: 1258892.616
local_termination_time: 520292.3945200009
node_cons: 25873.621900000104
tot_aggregated_send: 18038
tot_msg_rcv: 231
tot_msg_sent: 481
tot_reconf_duration: 3.05
tot_sleeping_duration: 1239572.616
tot_uptimes: 323
tot_uptimes_duration: 19320.0
