comms_cons: 125.16334079375692
finished_reconf: true
global_termination_time: 1258419.443
local_termination_time: 699795.8321999997
node_cons: 25880.107701116962
tot_aggregated_send: 17748
tot_msg_rcv: 465
tot_msg_sent: 812
tot_reconf_duration: 7.819999999999999
tot_sleeping_duration: 1239099.4369200023
tot_uptimes: 323
tot_uptimes_duration: 19320.006079997635
