comms_cons: 124.4001407988952
finished_reconf: true
global_termination_time: 1259006.162
local_termination_time: 378421.20136
node_cons: 25877.934901121433
tot_aggregated_send: 18270
tot_msg_rcv: 237
tot_msg_sent: 401
tot_reconf_duration: 6.22
tot_sleeping_duration: 1239686.155919999
tot_uptimes: 323
tot_uptimes_duration: 19320.00608000107
