comms_cons: 44.119257600465026
finished_reconf: true
global_termination_time: 441893.739
local_termination_time: 388948.7584800001
node_cons: 9084.951980000009
tot_aggregated_send: 6322
tot_msg_rcv: 155
tot_msg_sent: 228
tot_reconf_duration: 4.8100000000000005
tot_sleeping_duration: 435113.739
tot_uptimes: 114
tot_uptimes_duration: 6780.0
