comms_cons: 43.462822399878064
finished_reconf: true
global_termination_time: 444287.191
local_termination_time: 80097.94591999955
node_cons: 9082.561899999995
tot_aggregated_send: 6438
tot_msg_rcv: 53
tot_msg_sent: 115
tot_reconf_duration: 3.05
tot_sleeping_duration: 437507.191
tot_uptimes: 114
tot_uptimes_duration: 6780.0
