comms_cons: 43.96284160014797
finished_reconf: true
global_termination_time: 441390.335
local_termination_time: 13540.9856
node_cons: 9086.874901119161
tot_aggregated_send: 6264
tot_msg_rcv: 132
tot_msg_sent: 286
tot_reconf_duration: 6.22
tot_sleeping_duration: 434610.32892000064
tot_uptimes: 114
tot_uptimes_duration: 6780.006079999366
