comms_cons: 44.021427200377616
finished_reconf: true
global_termination_time: 441391.343
local_termination_time: 96123.40515999954
node_cons: 9099.972316239418
tot_aggregated_send: 6322
tot_msg_rcv: 151
tot_msg_sent: 218
tot_reconf_duration: 15.34
tot_sleeping_duration: 434610.80484000046
tot_uptimes: 114
tot_uptimes_duration: 6780.538159999545
