comms_cons: 81.97941119771872
finished_reconf: true
global_termination_time: 815748.706
local_termination_time: 4870.837880000004
node_cons: 16747.12129656289
tot_aggregated_send: 11136
tot_msg_rcv: 457
tot_msg_sent: 867
tot_reconf_duration: 18.21
tot_sleeping_duration: 803259.9889599978
tot_uptimes: 209
tot_uptimes_duration: 12488.717040002142
