comms_cons: 81.07548159847651
finished_reconf: true
global_termination_time: 818979.228
local_termination_time: 350872.9773600001
node_cons: 16821.82684111689
tot_aggregated_send: 11310
tot_msg_rcv: 390
tot_msg_sent: 623
tot_reconf_duration: 22.65
tot_sleeping_duration: 806439.2219200024
tot_uptimes: 210
tot_uptimes_duration: 12540.006079997635
