comms_cons: 127.54499838846873
finished_reconf: true
global_termination_time: 818418.52
local_termination_time: 326907.5068800004
node_cons: 16801.703983364325
tot_aggregated_send: 0
tot_msg_rcv: 9926
tot_msg_sent: 9461
tot_reconf_duration: 7.819999999999999
tot_sleeping_duration: 805878.5017599969
tot_uptimes: 210
tot_uptimes_duration: 12540.018240003206
