comms_cons: 80.79257599781779
finished_reconf: true
global_termination_time: 815245.269
local_termination_time: 482540.51736
node_cons: 16719.174901121416
tot_aggregated_send: 11020
tot_msg_rcv: 391
tot_msg_sent: 869
tot_reconf_duration: 6.22
tot_sleeping_duration: 802765.2629199988
tot_uptimes: 209
tot_uptimes_duration: 12480.006080001069
