comms_cons: 284.76318721699795
finished_reconf: true
global_termination_time: 2808597.175
local_termination_time: 1240170.67436
node_cons: 57870.24344670085
tot_aggregated_send: 39092
tot_msg_rcv: 1532
tot_msg_sent: 2658
tot_reconf_duration: 18.700000000000003
tot_sleeping_duration: 2765397.1385200135
tot_uptimes: 720
tot_uptimes_duration: 43200.03647998627
