comms_cons: 284.4918144090024
finished_reconf: true
global_termination_time: 2810431.502
local_termination_time: 2083420.7193599998
node_cons: 57864.387764467116
tot_aggregated_send: 38802
tot_msg_rcv: 1489
tot_msg_sent: 2951
tot_reconf_duration: 14.4
tot_sleeping_duration: 2767231.4776800084
tot_uptimes: 720
tot_uptimes_duration: 43200.02431999124
