comms_cons: 285.28852481489713
finished_reconf: true
global_termination_time: 2808528.265
local_termination_time: 1043574.818
node_cons: 57866.12457909763
tot_aggregated_send: 38673
tot_msg_rcv: 1609
tot_msg_sent: 3081
tot_reconf_duration: 15.34
tot_sleeping_duration: 2765327.896920016
tot_uptimes: 720
tot_uptimes_duration: 43200.368079984095
