comms_cons: 172.82242558839988
finished_reconf: true
global_termination_time: 1735427.911
local_termination_time: 1445405.7309599987
node_cons: 35679.41490111672
tot_aggregated_send: 24128
tot_msg_rcv: 635
tot_msg_sent: 1505
tot_reconf_duration: 6.22
tot_sleeping_duration: 1708787.9049200024
tot_uptimes: 445
tot_uptimes_duration: 26640.006079997635
