comms_cons: 38.376473600032114
finished_reconf: true
global_termination_time: 376623.997
local_termination_time: 3535.6104800000003
node_cons: 7743.414982239169
tot_aggregated_send: 5046
tot_msg_rcv: 281
tot_msg_sent: 506
tot_reconf_duration: 22.65
tot_sleeping_duration: 370863.98484000063
tot_uptimes: 97
tot_uptimes_duration: 5760.012159999373
