comms_cons: 37.225740799995215
finished_reconf: true
global_termination_time: 376206.134
local_termination_time: 129272.75311999946
node_cons: 7734.583003679302
tot_aggregated_send: 5336
tot_msg_rcv: 96
tot_msg_sent: 227
tot_reconf_duration: 11.31
tot_sleeping_duration: 370441.21688000055
tot_uptimes: 97
tot_uptimes_duration: 5764.91711999946
