comms_cons: 25.838400001088097
finished_reconf: true
global_termination_time: 228397.85708000016
local_termination_time: 228397.85708000016
node_cons: 4786.276126726265
tot_aggregated_send: 2538
tot_msg_rcv: 496
tot_msg_sent: 892
tot_reconf_duration: 24.59
tot_sleeping_duration: 224848.2805999955
tot_uptimes: 59
tot_uptimes_duration: 3549.5764800046672
