comms_cons: 161.35916794563394
finished_reconf: true
global_termination_time: 819292.324
local_termination_time: 3053.6813600000005
node_cons: 16821.84312335512
tot_aggregated_send: 0
tot_msg_rcv: 12414
tot_msg_sent: 12111
tot_reconf_duration: 22.65
tot_sleeping_duration: 806752.3057600037
tot_uptimes: 210
tot_uptimes_duration: 12540.018239996338
