comms_cons: 281.1201088143981
finished_reconf: true
global_termination_time: 2809140.908
local_termination_time: 2162501.58036
node_cons: 57869.53732111606
tot_aggregated_send: 39846
tot_msg_rcv: 984
tot_msg_sent: 1898
tot_reconf_duration: 18.21
tot_sleeping_duration: 2765940.901920002
tot_uptimes: 720
tot_uptimes_duration: 43200.00607999787
