comms_cons: 285.8878144136844
finished_reconf: true
global_termination_time: 2808660.874
local_termination_time: 873506.1232799992
node_cons: 57875.59126446695
tot_aggregated_send: 38686
tot_msg_rcv: 1707
tot_msg_sent: 3060
tot_reconf_duration: 22.65
tot_sleeping_duration: 2765460.849680009
tot_uptimes: 720
tot_uptimes_duration: 43200.024319991004
