comms_cons: 278.73438719769626
finished_reconf: true
global_termination_time: 2810088.439
local_termination_time: 1845414.3589599996
node_cons: 57862.68485999886
tot_aggregated_send: 40658
tot_msg_rcv: 618
tot_msg_sent: 1090
tot_reconf_duration: 13.17
tot_sleeping_duration: 2766888.439
tot_uptimes: 720
tot_uptimes_duration: 43200.0
