comms_cons: 284.1951232042537
finished_reconf: true
global_termination_time: 2807767.6
local_termination_time: 832796.1254799999
node_cons: 57851.372685588445
tot_aggregated_send: 39324
tot_msg_rcv: 1431
tot_msg_sent: 2441
tot_reconf_duration: 4.8100000000000005
tot_sleeping_duration: 2764567.569600008
tot_uptimes: 720
tot_uptimes_duration: 43200.03039999208
