comms_cons: 282.8040384149832
finished_reconf: true
global_termination_time: 2809114.264
local_termination_time: 102105.94011999946
node_cons: 57866.80813262275
tot_aggregated_send: 39324
tot_msg_rcv: 1219
tot_msg_sent: 2443
tot_reconf_duration: 11.31
tot_sleeping_duration: 2765909.298240012
tot_uptimes: 720
tot_uptimes_duration: 43204.96575998787
