comms_cons: 283.01870082317186
finished_reconf: true
global_termination_time: 2810238.057
local_termination_time: 443089.33736000006
node_cons: 57852.23092782201
tot_aggregated_send: 39324
tot_msg_rcv: 1254
tot_msg_sent: 2440
tot_reconf_duration: 5.43
tot_sleeping_duration: 2767038.014440013
tot_uptimes: 720
tot_uptimes_duration: 43200.04255998734
