comms_cons: 61.905587202443655
finished_reconf: true
global_termination_time: 539334.3427199977
local_termination_time: 539334.3427199977
node_cons: 11209.308944498742
tot_aggregated_send: 5612
tot_msg_rcv: 1308
tot_msg_sent: 2489
tot_reconf_duration: 24.59
tot_sleeping_duration: 530987.8783999837
tot_uptimes: 139
tot_uptimes_duration: 8346.464320013984
