comms_cons: 53.23888640054187
finished_reconf: true
global_termination_time: 541668.668
local_termination_time: 269117.16836000007
node_cons: 11107.75172000005
tot_aggregated_send: 7714
tot_msg_rcv: 102
tot_msg_sent: 276
tot_reconf_duration: 15.34
tot_sleeping_duration: 533388.668
tot_uptimes: 139
tot_uptimes_duration: 8280.0
