comms_cons: 53.996121600537215
finished_reconf: true
global_termination_time: 539496.411
local_termination_time: 167437.8585200004
node_cons: 11102.278980000012
tot_aggregated_send: 7714
tot_msg_rcv: 213
tot_msg_sent: 280
tot_reconf_duration: 11.31
tot_sleeping_duration: 531216.411
tot_uptimes: 139
tot_uptimes_duration: 8280.0
