comms_cons: 0.7500287999975243
finished_reconf: true
global_termination_time: 4244.969
local_termination_time: 3030.1443600000007
node_cons: 88.78676000000034
tot_aggregated_send: 0
tot_msg_rcv: 61
tot_msg_sent: 53
tot_reconf_duration: 6.22
tot_sleeping_duration: 4184.969
tot_uptimes: 2
tot_uptimes_duration: 60.0
