comms_cons: 74.41795839466126
finished_reconf: true
global_termination_time: 720010.2334799998
local_termination_time: 720010.1923599999
node_cons: 14851.753784322378
tot_aggregated_send: 9602
tot_msg_rcv: 646
tot_msg_sent: 1062
tot_reconf_duration: 37.410000000000004
tot_sleeping_duration: 708956.4985999981
tot_uptimes: 185
tot_uptimes_duration: 11053.73488000175
