comms_cons: 40.350233600708464
finished_reconf: true
global_termination_time: 400045.797
local_termination_time: 365119.56848000013
node_cons: 8198.838182242935
tot_aggregated_send: 5452
tot_msg_rcv: 265
tot_msg_sent: 416
tot_reconf_duration: 3.05
tot_sleeping_duration: 393925.7848399979
tot_uptimes: 103
tot_uptimes_duration: 6120.0121600021375
