comms_cons: 256.9526720141187
finished_reconf: true
global_termination_time: 2810121.909
local_termination_time: 6687.491
node_cons: 57854.70796111611
tot_aggregated_send: 38620
tot_msg_rcv: 179
tot_msg_sent: 256
tot_reconf_duration: 7.29
tot_sleeping_duration: 2766921.902920002
tot_uptimes: 720
tot_uptimes_duration: 43200.00607999787
