comms_cons: 259.1612672000008
finished_reconf: true
global_termination_time: 2808279.782
local_termination_time: 725.9681199999999
node_cons: 57850.843099998965
tot_aggregated_send: 39382
tot_msg_rcv: 5
tot_msg_sent: 4
tot_reconf_duration: 4.45
tot_sleeping_duration: 2765079.782
tot_uptimes: 720
tot_uptimes_duration: 43200.0
