comms_cons: 49.072870402520174
finished_reconf: true
global_termination_time: 218860.71744000076
local_termination_time: 3422.22836
node_cons: 4590.778096005933
tot_aggregated_send: 0
tot_msg_rcv: 4149
tot_msg_sent: 3309
tot_reconf_duration: 18.21
tot_sleeping_duration: 215450.67343999632
tot_uptimes: 57
tot_uptimes_duration: 3410.044000004429
