comms_cons: 21.58635520021359
finished_reconf: true
global_termination_time: 218861.00248000017
local_termination_time: 157167.89524000094
node_cons: 4529.168812081513
tot_aggregated_send: 3132
tot_msg_rcv: 35
tot_msg_sent: 114
tot_reconf_duration: 6.22
tot_sleeping_duration: 215484.80975999904
tot_uptimes: 57
tot_uptimes_duration: 3376.192720001127
