comms_cons: 332.2171904151997
finished_reconf: true
global_termination_time: 3329884.724
local_termination_time: 97253.45759999994
node_cons: 68484.1269522892
tot_aggregated_send: 46632
tot_msg_rcv: 1316
tot_msg_sent: 2544
tot_reconf_duration: 25.299999999999997
tot_sleeping_duration: 3278764.657120022
tot_uptimes: 853
tot_uptimes_duration: 51120.06687997811
