comms_cons: 331.2976064217375
finished_reconf: true
global_termination_time: 3329653.384
local_termination_time: 1477403.1732799984
node_cons: 68462.1002267006
tot_aggregated_send: 46400
tot_msg_rcv: 1280
tot_msg_sent: 2674
tot_reconf_duration: 9.11
tot_sleeping_duration: 3278533.3475200133
tot_uptimes: 853
tot_uptimes_duration: 51120.036479986506
