comms_cons: 332.8065856408692
finished_reconf: true
global_termination_time: 3328618.639
local_termination_time: 2008927.5302799994
node_cons: 68466.86410446695
tot_aggregated_send: 46110
tot_msg_rcv: 1492
tot_msg_sent: 2982
tot_reconf_duration: 12.629999999999999
tot_sleeping_duration: 3277498.614680009
tot_uptimes: 853
tot_uptimes_duration: 51120.02431999124
