comms_cons: 2.2666111999902796
finished_reconf: true
global_termination_time: 14763.529
local_termination_time: 7149.821800000002
node_cons: 248.58405999999962
tot_aggregated_send: 0
tot_msg_rcv: 175
tot_msg_sent: 169
tot_reconf_duration: 5.57
tot_sleeping_duration: 14583.529
tot_uptimes: 4
tot_uptimes_duration: 180.0
