comms_cons: 2.171135999992826
finished_reconf: true
global_termination_time: 14500.06648
local_termination_time: 14500.02536
node_cons: 310.18121984000715
tot_aggregated_send: 0
tot_msg_rcv: 173
tot_msg_sent: 156
tot_reconf_duration: 37.410000000000004
tot_sleeping_duration: 14306.355919999995
tot_uptimes: 4
tot_uptimes_duration: 193.710560000005
