comms_cons: 2.257292799991833
finished_reconf: true
global_termination_time: 15200.919
local_termination_time: 6903.26136
node_cons: 253.81236000000013
tot_aggregated_send: 0
tot_msg_rcv: 177
tot_msg_sent: 166
tot_reconf_duration: 9.42
tot_sleeping_duration: 15020.919
tot_uptimes: 4
tot_uptimes_duration: 180.0
