comms_cons: 2.289561599996655
finished_reconf: true
global_termination_time: 18224.471
local_termination_time: 5886.83448
node_cons: 328.7339400000004
tot_aggregated_send: 0
tot_msg_rcv: 177
tot_msg_sent: 171
tot_reconf_duration: 5.43
tot_sleeping_duration: 17984.471
tot_uptimes: 5
tot_uptimes_duration: 240.0
