comms_cons: 263.4706432000757
finished_reconf: true
global_termination_time: 2623362.69
local_termination_time: 896913.7653599998
node_cons: 53929.00428446673
tot_aggregated_send: 36772
tot_msg_rcv: 1136
tot_msg_sent: 2138
tot_reconf_duration: 15.34
tot_sleeping_duration: 2583102.6656800094
tot_uptimes: 672
tot_uptimes_duration: 40260.02431999077
