comms_cons: 59.240371200646265
finished_reconf: true
global_termination_time: 587298.1724799998
local_termination_time: 587298.1313599999
node_cons: 12102.759800960397
tot_aggregated_send: 8164
tot_msg_rcv: 306
tot_msg_sent: 534
tot_reconf_duration: 24.59
tot_sleeping_duration: 578284.4558399995
tot_uptimes: 151
tot_uptimes_duration: 9013.716640000275
