comms_cons: 58.45086720019381
finished_reconf: true
global_termination_time: 590823.698
local_termination_time: 368395.7573600001
node_cons: 12152.188002242912
tot_aggregated_send: 7714
tot_msg_rcv: 406
tot_msg_sent: 764
tot_reconf_duration: 15.34
tot_sleeping_duration: 581763.6858399978
tot_uptimes: 152
tot_uptimes_duration: 9060.012160002138
