comms_cons: 58.528563201029264
finished_reconf: true
global_termination_time: 588585.841
local_termination_time: 352115.60636000003
node_cons: 12085.365541121433
tot_aggregated_send: 8178
tot_msg_rcv: 219
tot_msg_sent: 499
tot_reconf_duration: 25.299999999999997
tot_sleeping_duration: 579585.834919999
tot_uptimes: 151
tot_uptimes_duration: 9000.006080001069
