comms_cons: 59.199641601324615
finished_reconf: true
global_termination_time: 588372.712
local_termination_time: 242567.94936000006
node_cons: 12059.45490112145
tot_aggregated_send: 7888
tot_msg_rcv: 366
tot_msg_sent: 744
tot_reconf_duration: 6.22
tot_sleeping_duration: 579372.705919999
tot_uptimes: 151
tot_uptimes_duration: 9000.006080001069
