comms_cons: 437.7944958190131
finished_reconf: true
global_termination_time: 905256.7752399999
local_termination_time: 905256.7341199999
node_cons: 54985.95229859352
tot_aggregated_send: 0
tot_msg_rcv: 26915
tot_msg_sent: 39627
tot_reconf_duration: 37.410000000000004
tot_sleeping_duration: 864229.7778400041
tot_uptimes: 672
tot_uptimes_duration: 41026.99739999578
