comms_cons: 90.543577599007
finished_reconf: true
global_termination_time: 905261.95
local_termination_time: 447741.6744800005
node_cons: 18651.68864223367
tot_aggregated_send: 12644
tot_msg_rcv: 311
tot_msg_sent: 808
tot_reconf_duration: 9.42
tot_sleeping_duration: 891341.9378400047
tot_uptimes: 232
tot_uptimes_duration: 13920.012159995269
