comms_cons: 137.69607679740147
finished_reconf: true
global_termination_time: 1412009.76
local_termination_time: 739313.8493599999
node_cons: 29010.304059999977
tot_aggregated_send: 20242
tot_msg_rcv: 226
tot_msg_sent: 461
tot_reconf_duration: 5.57
tot_sleeping_duration: 1390349.76
tot_uptimes: 362
tot_uptimes_duration: 21660.0
