comms_cons: 138.788223996614
finished_reconf: true
global_termination_time: 1412040.764
local_termination_time: 818968.9788399998
node_cons: 29037.097400000108
tot_aggregated_send: 20126
tot_msg_rcv: 346
tot_msg_sent: 623
tot_reconf_duration: 25.299999999999997
tot_sleeping_duration: 1390380.764
tot_uptimes: 362
tot_uptimes_duration: 21660.0
