comms_cons: 89.31824639227654
finished_reconf: true
global_termination_time: 876748.789
local_termination_time: 254282.33760000006
node_cons: 18017.03242559338
tot_aggregated_send: 11426
tot_msg_rcv: 682
tot_msg_sent: 1468
tot_reconf_duration: 15.34
tot_sleeping_duration: 863308.758600005
tot_uptimes: 225
tot_uptimes_duration: 13440.030399995041
