comms_cons: 88.58131839476577
finished_reconf: true
global_termination_time: 875725.471
local_termination_time: 324265.4864800001
node_cons: 18003.7403422337
tot_aggregated_send: 12122
tot_msg_rcv: 473
tot_msg_sent: 868
tot_reconf_duration: 5.57
tot_sleeping_duration: 862285.4588400048
tot_uptimes: 225
tot_uptimes_duration: 13440.012159995269
