comms_cons: 87.25460479721882
finished_reconf: true
global_termination_time: 881224.098
local_termination_time: 368120.05044000066
node_cons: 18116.486020399163
tot_aggregated_send: 11832
tot_msg_rcv: 465
tot_msg_sent: 967
tot_reconf_duration: 25.299999999999997
tot_sleeping_duration: 867719.8944000006
tot_uptimes: 226
tot_uptimes_duration: 13504.203599999368
