comms_cons: 90.11993599425125
finished_reconf: true
global_termination_time: 881053.909
local_termination_time: 54892.10960000001
node_cons: 18107.30754671025
tot_aggregated_send: 11890
tot_msg_rcv: 660
tot_msg_sent: 1146
tot_reconf_duration: 22.65
tot_sleeping_duration: 867553.8725200073
tot_uptimes: 226
tot_uptimes_duration: 13500.036479992705
