comms_cons: 85.0242559987999
finished_reconf: true
global_termination_time: 845286.719
local_termination_time: 350091.95036
node_cons: 17365.84394448113
tot_aggregated_send: 10962
tot_msg_rcv: 740
tot_msg_sent: 1223
tot_reconf_duration: 9.11
tot_sleeping_duration: 832326.6946799991
tot_uptimes: 217
tot_uptimes_duration: 12960.02432000084
