comms_cons: 85.08221439911893
finished_reconf: true
global_termination_time: 842350.541
local_termination_time: 69535.95547999996
node_cons: 17303.899405604912
tot_aggregated_send: 11484
tot_msg_rcv: 475
tot_msg_sent: 973
tot_reconf_duration: 22.65
tot_sleeping_duration: 829450.5105999963
tot_uptimes: 216
tot_uptimes_duration: 12900.030400003641
