comms_cons: 83.72031999720397
finished_reconf: true
global_termination_time: 841734.615
local_termination_time: 426569.8711200009
node_cons: 17296.650515914844
tot_aggregated_send: 11600
tot_msg_rcv: 362
tot_msg_sent: 763
tot_reconf_duration: 11.899999999999999
tot_sleeping_duration: 828829.0957200038
tot_uptimes: 216
tot_uptimes_duration: 12905.519279996166
