comms_cons: 86.9108863933938
finished_reconf: true
global_termination_time: 841836.499
local_termination_time: 86030.50147999969
node_cons: 17279.664544481147
tot_aggregated_send: 11078
tot_msg_rcv: 790
tot_msg_sent: 1342
tot_reconf_duration: 4.8100000000000005
tot_sleeping_duration: 828936.474679999
tot_uptimes: 216
tot_uptimes_duration: 12900.02432000084
