comms_cons: 81.74229121031964
finished_reconf: true
global_termination_time: 412425.286
local_termination_time: 2778.95036
node_cons: 8444.228240000004
tot_aggregated_send: 0
tot_msg_rcv: 6331
tot_msg_sent: 6093
tot_reconf_duration: 6.279999999999999
tot_sleeping_duration: 406125.286
tot_uptimes: 106
tot_uptimes_duration: 6299.999999999996
