comms_cons: 81.9870720106601
finished_reconf: true
global_termination_time: 416653.68
local_termination_time: 2570.6453600000004
node_cons: 8550.405541121441
tot_aggregated_send: 0
tot_msg_rcv: 6329
tot_msg_sent: 6131
tot_reconf_duration: 25.299999999999997
tot_sleeping_duration: 410293.6739199989
tot_uptimes: 107
tot_uptimes_duration: 6360.006080001069
