comms_cons: 42.10030080033069
finished_reconf: true
global_termination_time: 416275.733
local_termination_time: 123473.98135999996
node_cons: 8522.571980000006
tot_aggregated_send: 5626
tot_msg_rcv: 255
tot_msg_sent: 518
tot_reconf_duration: 4.8100000000000005
tot_sleeping_duration: 409915.733
tot_uptimes: 107
tot_uptimes_duration: 6360.0
