comms_cons: 41.80018560095097
finished_reconf: true
global_termination_time: 412419.63312000013
local_termination_time: 103996.56871999994
node_cons: 8468.045424165954
tot_aggregated_send: 5278
tot_msg_rcv: 373
tot_msg_sent: 703
tot_reconf_duration: 7.819999999999999
tot_sleeping_duration: 406103.4076799957
tot_uptimes: 106
tot_uptimes_duration: 6316.225440004433
