comms_cons: 42.90919680087533
finished_reconf: true
global_termination_time: 416139.677
local_termination_time: 92680.72159999996
node_cons: 8531.407121121458
tot_aggregated_send: 5510
tot_msg_rcv: 378
tot_msg_sent: 635
tot_reconf_duration: 11.31
tot_sleeping_duration: 409779.67091999896
tot_uptimes: 107
tot_uptimes_duration: 6360.006080001069
