comms_cons: 40.63313920035176
finished_reconf: true
global_termination_time: 413526.159
local_termination_time: 238799.56936000005
node_cons: 8443.073940000002
tot_aggregated_send: 5742
tot_msg_rcv: 146
tot_msg_sent: 288
tot_reconf_duration: 5.43
tot_sleeping_duration: 407226.159
tot_uptimes: 106
tot_uptimes_duration: 6300.0
