comms_cons: 84.56903679849017
finished_reconf: true
global_termination_time: 854366.596
local_termination_time: 655694.5977199988
node_cons: 17522.566760000143
tot_aggregated_send: 12296
tot_msg_rcv: 215
tot_msg_sent: 343
tot_reconf_duration: 6.22
tot_sleeping_duration: 841286.596
tot_uptimes: 219
tot_uptimes_duration: 13080.0
