comms_cons: 149.73663998987917
finished_reconf: true
global_termination_time: 1508841.927
local_termination_time: 77674.51547999997
node_cons: 31036.001744467387
tot_aggregated_send: 21054
tot_msg_rcv: 551
tot_msg_sent: 1154
tot_reconf_duration: 18.21
tot_sleeping_duration: 1485681.9026800094
tot_uptimes: 387
tot_uptimes_duration: 23160.024319990538
