comms_cons: 590.1279228372663
finished_reconf: true
global_termination_time: 1506229.764
local_termination_time: 600460.7045999998
node_cons: 91641.4834123463
tot_aggregated_send: 0
tot_msg_rcv: 36144
tot_msg_sent: 53552
tot_reconf_duration: 4.390000000000001
tot_sleeping_duration: 1437793.9747600085
tot_uptimes: 1120
tot_uptimes_duration: 68435.78923999153
