comms_cons: 147.4727679919266
finished_reconf: true
global_termination_time: 1504146.575
local_termination_time: 842269.9533599999
node_cons: 30941.527701116967
tot_aggregated_send: 20532
tot_msg_rcv: 608
tot_msg_sent: 1275
tot_reconf_duration: 7.819999999999999
tot_sleeping_duration: 1481046.5689200023
tot_uptimes: 386
tot_uptimes_duration: 23100.006079997635
