comms_cons: 146.24903679864448
finished_reconf: true
global_termination_time: 1504440.278
local_termination_time: 1043338.6259199993
node_cons: 30946.258979999966
tot_aggregated_send: 21634
tot_msg_rcv: 169
tot_msg_sent: 426
tot_reconf_duration: 11.31
tot_sleeping_duration: 1481340.278
tot_uptimes: 386
tot_uptimes_duration: 23100.0
