comms_cons: 81.2736063962781
finished_reconf: true
global_termination_time: 763493.684
local_termination_time: 375885.9854000004
node_cons: 15687.180566714847
tot_aggregated_send: 9512
tot_msg_rcv: 1057
tot_msg_sent: 1784
tot_reconf_duration: 15.34
tot_sleeping_duration: 751793.6475200038
tot_uptimes: 196
tot_uptimes_duration: 11700.03647999611
