comms_cons: 79.2889599971677
finished_reconf: true
global_termination_time: 762422.975
local_termination_time: 367230.60236
node_cons: 15674.860804476513
tot_aggregated_send: 9918
tot_msg_rcv: 822
tot_msg_sent: 1312
tot_reconf_duration: 6.279999999999999
tot_sleeping_duration: 750722.9506800026
tot_uptimes: 196
tot_uptimes_duration: 11700.02431999741
