comms_cons: 78.07599359719488
finished_reconf: true
global_termination_time: 763672.065
local_termination_time: 662870.9483599999
node_cons: 15700.673682238348
tot_aggregated_send: 10092
tot_msg_rcv: 579
tot_msg_sent: 1196
tot_reconf_duration: 25.299999999999997
tot_sleeping_duration: 751972.0528400012
tot_uptimes: 196
tot_uptimes_duration: 11700.012159998703
