comms_cons: 59.48912640080478
finished_reconf: true
global_termination_time: 569153.969
local_termination_time: 349389.8703600001
node_cons: 11653.466323364371
tot_aggregated_send: 7366
tot_msg_rcv: 629
tot_msg_sent: 1047
tot_reconf_duration: 3.05
tot_sleeping_duration: 560453.9507599969
tot_uptimes: 146
tot_uptimes_duration: 8700.018240003206
