comms_cons: 260.7863296147855
finished_reconf: true
global_termination_time: 2606588.266
local_termination_time: 248845.49036000005
node_cons: 53595.26746558854
tot_aggregated_send: 36598
tot_msg_rcv: 952
tot_msg_sent: 2088
tot_reconf_duration: 6.22
tot_sleeping_duration: 2566568.2356000077
tot_uptimes: 668
tot_uptimes_duration: 40020.03039999207
