comms_cons: 311.98434562340384
finished_reconf: true
global_termination_time: 3095382.346
local_termination_time: 305102.00036000006
node_cons: 63650.16870782149
tot_aggregated_send: 42978
tot_msg_rcv: 1488
tot_msg_sent: 2954
tot_reconf_duration: 15.34
tot_sleeping_duration: 3047862.303440013
tot_uptimes: 793
tot_uptimes_duration: 47520.04255998711
