comms_cons: 312.7956928078234
finished_reconf: true
global_termination_time: 3094071.773
local_termination_time: 1816804.48936
node_cons: 63635.82012111563
tot_aggregated_send: 42920
tot_msg_rcv: 1609
tot_msg_sent: 3015
tot_reconf_duration: 4.8100000000000005
tot_sleeping_duration: 3046551.766920002
tot_uptimes: 793
tot_uptimes_duration: 47520.006079997635
