comms_cons: 118.80061439055181
finished_reconf: true
global_termination_time: 1160301.4305999998
local_termination_time: 1160301.38948
node_cons: 23912.835566234855
tot_aggregated_send: 15704
tot_msg_rcv: 830
tot_msg_sent: 1522
tot_reconf_duration: 24.59
tot_sleeping_duration: 1142467.6424400038
tot_uptimes: 298
tot_uptimes_duration: 17833.78815999612
