comms_cons: 5.052825599991011
finished_reconf: true
global_termination_time: 3578.0978000000005
local_termination_time: 3578.0566800000006
node_cons: 610.0078612000007
tot_aggregated_send: 0
tot_msg_rcv: 351
tot_msg_sent: 415
tot_reconf_duration: 24.59
tot_sleeping_duration: 3147.467
tot_uptimes: 7
tot_uptimes_duration: 430.63080000000036
