comms_cons: 89.57884161090311
finished_reconf: true
global_termination_time: 406390.71344000066
local_termination_time: 406390.71344000066
node_cons: 8452.356898340737
tot_aggregated_send: 0
tot_msg_rcv: 7500
tot_msg_sent: 6120
tot_reconf_duration: 24.59
tot_sleeping_duration: 400103.2125599852
tot_uptimes: 105
tot_uptimes_duration: 6287.500880015476
