comms_cons: 39.27124480150232
finished_reconf: true
global_termination_time: 200501.27
local_termination_time: 903.9756
node_cons: 4128.106841120294
tot_aggregated_send: 0
tot_msg_rcv: 3030
tot_msg_sent: 2939
tot_reconf_duration: 22.65
tot_sleeping_duration: 197441.26391999976
tot_uptimes: 52
tot_uptimes_duration: 3060.0060800002175
