comms_cons: 90.53637119974572
finished_reconf: true
global_termination_time: 909235.3574399995
local_termination_time: 909235.3163199995
node_cons: 18700.54700840225
tot_aggregated_send: 12920
tot_msg_rcv: 300
tot_msg_sent: 540
tot_reconf_duration: 24.59
tot_sleeping_duration: 895294.2418399978
tot_uptimes: 233
tot_uptimes_duration: 13941.115600001649
