comms_cons: 426.82462728762755
finished_reconf: true
global_termination_time: 4191694.289
local_termination_time: 269141.9127600004
node_cons: 86239.29951676066
tot_aggregated_send: 56666
tot_msg_rcv: 2647
tot_msg_sent: 5561
tot_reconf_duration: 25.299999999999997
tot_sleeping_duration: 4127314.1978000277
tot_uptimes: 1074
tot_uptimes_duration: 64380.09119997232
