comms_cons: 424.73386248171187
finished_reconf: true
global_termination_time: 4190950.706
local_termination_time: 700863.6123599998
node_cons: 86215.89577228378
tot_aggregated_send: 57768
tot_msg_rcv: 2315
tot_msg_sent: 4474
tot_reconf_duration: 8.09
tot_sleeping_duration: 4126570.639120025
tot_uptimes: 1074
tot_uptimes_duration: 64380.06687997468
