comms_cons: 422.0137216692124
finished_reconf: true
global_termination_time: 4190584.864
local_termination_time: 1172393.95636
node_cons: 86222.02038670015
tot_aggregated_send: 58116
tot_msg_rcv: 1912
tot_msg_sent: 4115
tot_reconf_duration: 12.629999999999999
tot_sleeping_duration: 4126204.8275200133
tot_uptimes: 1074
tot_uptimes_duration: 64380.03647998674
