comms_cons: 423.8769984918107
finished_reconf: true
global_termination_time: 4192843.515
local_termination_time: 2204549.7328399993
node_cons: 86213.31560669963
tot_aggregated_send: 58290
tot_msg_rcv: 2188
tot_msg_sent: 3949
tot_reconf_duration: 6.22
tot_sleeping_duration: 4128463.4785200134
tot_uptimes: 1074
tot_uptimes_duration: 64380.03647998674
