comms_cons: 77.70497280906436
finished_reconf: true
global_termination_time: 396925.596
local_termination_time: 517.0300399999995
node_cons: 8139.06918000001
tot_aggregated_send: 0
tot_msg_rcv: 5964
tot_msg_sent: 5847
tot_reconf_duration: 18.21
tot_sleeping_duration: 390865.596
tot_uptimes: 102
tot_uptimes_duration: 6060.0
