comms_cons: 39.07235200051139
finished_reconf: true
global_termination_time: 394995.324
local_termination_time: 165206.68436000004
node_cons: 8118.490041121425
tot_aggregated_send: 5220
tot_msg_rcv: 232
tot_msg_sent: 487
tot_reconf_duration: 3.05
tot_sleeping_duration: 388935.31791999895
tot_uptimes: 102
tot_uptimes_duration: 6060.006080001069
