comms_cons: 39.597862400523404
finished_reconf: true
global_termination_time: 395122.628
local_termination_time: 385668.58356000023
node_cons: 8129.7152622428675
tot_aggregated_send: 5510
tot_msg_rcv: 198
tot_msg_sent: 310
tot_reconf_duration: 11.31
tot_sleeping_duration: 389062.6158399979
tot_uptimes: 102
tot_uptimes_duration: 6060.0121600021375
