comms_cons: 1161.2878429759555
finished_reconf: true
global_termination_time: 7025325.127
local_termination_time: 1661855.7963599998
node_cons: 144538.6183644642
tot_aggregated_send: 0
tot_msg_rcv: 88922
tot_msg_sent: 87585
tot_reconf_duration: 5.1
tot_sleeping_duration: 6917385.102680009
tot_uptimes: 1800
tot_uptimes_duration: 107940.02431999194
