comms_cons: 209.34356479315505
finished_reconf: true
global_termination_time: 2118445.799
local_termination_time: 1120891.20636
node_cons: 43559.15009999983
tot_aggregated_send: 30508
tot_msg_rcv: 449
tot_msg_sent: 862
tot_reconf_duration: 10.95
tot_sleeping_duration: 2085925.799
tot_uptimes: 543
tot_uptimes_duration: 32520.0
