comms_cons: 212.74944638197675
finished_reconf: true
global_termination_time: 2119321.597
local_termination_time: 577266.0823199996
node_cons: 43548.47888781747
tot_aggregated_send: 28710
tot_msg_rcv: 1174
tot_msg_sent: 2452
tot_reconf_duration: 3.05
tot_sleeping_duration: 2086801.5544400166
tot_uptimes: 543
tot_uptimes_duration: 32520.04255998344
