comms_cons: 226.1599999939017
finished_reconf: true
global_termination_time: 2310047.833
local_termination_time: 1008016.17236
node_cons: 47498.82485999947
tot_aggregated_send: 33234
tot_msg_rcv: 413
tot_msg_sent: 728
tot_reconf_duration: 13.17
tot_sleeping_duration: 2274587.833
tot_uptimes: 592
tot_uptimes_duration: 35460.0
