comms_cons: 228.59430399282678
finished_reconf: true
global_termination_time: 2309658.7357199974
local_termination_time: 2309658.7357199974
node_cons: 47624.64099319265
tot_aggregated_send: 33382
tot_msg_rcv: 433
tot_msg_sent: 929
tot_reconf_duration: 37.410000000000004
tot_sleeping_duration: 2274129.3569200025
tot_uptimes: 592
tot_uptimes_duration: 35529.378799995175
