comms_cons: 228.00492158997326
finished_reconf: true
global_termination_time: 2310654.634
local_termination_time: 1090160.7532399981
node_cons: 47498.36519447374
tot_aggregated_send: 33118
tot_msg_rcv: 480
tot_msg_sent: 1057
tot_reconf_duration: 9.11
tot_sleeping_duration: 2275190.8596800044
tot_uptimes: 592
tot_uptimes_duration: 35463.77431999566
