comms_cons: 347.3388733260335
finished_reconf: true
global_termination_time: 2309927.827
local_termination_time: 701331.52536
node_cons: 47487.50454446682
tot_aggregated_send: 0
tot_msg_rcv: 26857
tot_msg_sent: 25938
tot_reconf_duration: 4.8100000000000005
tot_sleeping_duration: 2274467.8026800095
tot_uptimes: 592
tot_uptimes_duration: 35460.02431999054
