comms_cons: 231.5746815791456
finished_reconf: true
global_termination_time: 2309659.306239997
local_termination_time: 396083.12048000004
node_cons: 47516.77636052374
tot_aggregated_send: 31900
tot_msg_rcv: 1184
tot_msg_sent: 2114
tot_reconf_duration: 11.31
tot_sleeping_duration: 2274184.0132000237
tot_uptimes: 592
tot_uptimes_duration: 35475.29303997336
