comms_cons: 14.657484799728051
finished_reconf: true
global_termination_time: 137800.72524000012
local_termination_time: 79136.64835999996
node_cons: 2834.7789204793226
tot_aggregated_send: 1450
tot_msg_rcv: 196
tot_msg_sent: 580
tot_reconf_duration: 4.8100000000000005
tot_sleeping_duration: 135688.5169200006
tot_uptimes: 36
tot_uptimes_duration: 2112.208319999496
