comms_cons: 17.44706559945015
finished_reconf: true
global_termination_time: 143704.288
local_termination_time: 76110.94871999993
node_cons: 2896.41446447659
tot_aggregated_send: 1276
tot_msg_rcv: 568
tot_msg_sent: 807
tot_reconf_duration: 3.05
tot_sleeping_duration: 141544.26368000254
tot_uptimes: 37
tot_uptimes_duration: 2160.0243199974648
