comms_cons: 113.00302080715107
finished_reconf: true
global_termination_time: 232606.52648000018
local_termination_time: 982.9100399999995
node_cons: 14284.33453532111
tot_aggregated_send: 0
tot_msg_rcv: 6902
tot_msg_sent: 10273
tot_reconf_duration: 18.21
tot_sleeping_duration: 221957.08259999935
tot_uptimes: 175
tot_uptimes_duration: 10649.443880000814
