comms_cons: 37.113267200342634
finished_reconf: true
global_termination_time: 378160.1496000002
local_termination_time: 314702.85448000004
node_cons: 7748.560128400254
tot_aggregated_send: 5336
tot_msg_rcv: 78
tot_msg_sent: 227
tot_reconf_duration: 11.31
tot_sleeping_duration: 372384.794
tot_uptimes: 97
tot_uptimes_duration: 5775.3556000001845
