comms_cons: 59.289971199420776
finished_reconf: true
global_termination_time: 599947.524
local_termination_time: 295143.591
node_cons: 12296.178182242942
tot_aggregated_send: 8118
tot_msg_rcv: 250
tot_msg_sent: 644
tot_reconf_duration: 3.05
tot_sleeping_duration: 590767.5118399978
tot_uptimes: 154
tot_uptimes_duration: 9180.012160002138
