comms_cons: 60.17214080044199
finished_reconf: true
global_termination_time: 600511.066
local_termination_time: 16813.927
node_cons: 12305.116495762893
tot_aggregated_send: 8174
tot_msg_rcv: 275
tot_msg_sent: 696
tot_reconf_duration: 7.819999999999999
tot_sleeping_duration: 591329.2161599979
tot_uptimes: 154
tot_uptimes_duration: 9181.849840002149
