comms_cons: 35.67962880000865
finished_reconf: true
global_termination_time: 358947.65864000085
local_termination_time: 358947.61752000084
node_cons: 7423.203854961172
tot_aggregated_send: 5090
tot_msg_rcv: 108
tot_msg_sent: 225
tot_reconf_duration: 24.59
tot_sleeping_duration: 353428.756
tot_uptimes: 92
tot_uptimes_duration: 5518.902640000859
