comms_cons: 33.34338559991309
finished_reconf: true
global_termination_time: 362813.076
local_termination_time: 98760.03031999961
node_cons: 7422.6952384795095
tot_aggregated_send: 4872
tot_msg_rcv: 40
tot_msg_sent: 156
tot_reconf_duration: 22.65
tot_sleeping_duration: 357292.58568000037
tot_uptimes: 93
tot_uptimes_duration: 5520.490319999619
