comms_cons: 31.18603519952315
finished_reconf: true
global_termination_time: 361735.158
local_termination_time: 49962.42636000001
node_cons: 7397.820121119157
tot_aggregated_send: 0
tot_msg_rcv: 2418
tot_msg_sent: 2322
tot_reconf_duration: 4.8100000000000005
tot_sleeping_duration: 356215.1519200006
tot_uptimes: 93
tot_uptimes_duration: 5520.006079999366
