comms_cons: 34.461849600169984
finished_reconf: true
global_termination_time: 359914.571
local_termination_time: 77348.15635999998
node_cons: 7401.899560000018
tot_aggregated_send: 4930
tot_msg_rcv: 87
tot_msg_sent: 221
tot_reconf_duration: 7.819999999999999
tot_sleeping_duration: 354394.571
tot_uptimes: 93
tot_uptimes_duration: 5520.0
