comms_cons: 143.13707518803022
finished_reconf: true
global_termination_time: 1407041.607
local_termination_time: 208768.23324000096
node_cons: 28928.948262238464
tot_aggregated_send: 19082
tot_msg_rcv: 875
tot_msg_sent: 1799
tot_reconf_duration: 4.8100000000000005
tot_sleeping_duration: 1385441.5948400013
tot_uptimes: 361
tot_uptimes_duration: 21600.01215999882
