comms_cons: 140.33190399227354
finished_reconf: true
global_termination_time: 1404646.369
local_termination_time: 379786.3993600001
node_cons: 28846.20190000011
tot_aggregated_send: 19894
tot_msg_rcv: 509
tot_msg_sent: 926
tot_reconf_duration: 3.05
tot_sleeping_duration: 1383106.369
tot_uptimes: 360
tot_uptimes_duration: 21540.0
