comms_cons: 31.21733119993421
finished_reconf: true
global_termination_time: 14421.260240000003
local_termination_time: 582.5980399999995
node_cons: 4050.47740260002
tot_aggregated_send: 0
tot_msg_rcv: 2442
tot_msg_sent: 2301
tot_reconf_duration: 18.21
tot_sleeping_duration: 11414.72683999999
tot_uptimes: 44
tot_uptimes_duration: 3006.533400000014
