comms_cons: 198.85255679337658
finished_reconf: true
global_termination_time: 2027950.943
local_termination_time: 1592155.8223599999
node_cons: 41711.81897999974
tot_aggregated_send: 29058
tot_msg_rcv: 403
tot_msg_sent: 763
tot_reconf_duration: 11.31
tot_sleeping_duration: 1996810.943
tot_uptimes: 520
tot_uptimes_duration: 31140.0
