comms_cons: 45.55444480071498
finished_reconf: true
global_termination_time: 448640.686
local_termination_time: 181339.78704000032
node_cons: 9179.608002242867
tot_aggregated_send: 6148
tot_msg_rcv: 324
tot_msg_sent: 452
tot_reconf_duration: 15.34
tot_sleeping_duration: 441800.67383999785
tot_uptimes: 115
tot_uptimes_duration: 6840.0121600021375
