comms_cons: 44.63987200058388
finished_reconf: true
global_termination_time: 447070.466
local_termination_time: 243929.33536000006
node_cons: 9167.28824000001
tot_aggregated_send: 6264
tot_msg_rcv: 178
tot_msg_sent: 343
tot_reconf_duration: 6.279999999999999
tot_sleeping_duration: 440230.466
tot_uptimes: 115
tot_uptimes_duration: 6840.0
