comms_cons: 17.78420479987043
finished_reconf: true
global_termination_time: 150800.674480001
local_termination_time: 150800.674480001
node_cons: 3176.453521679971
tot_aggregated_send: 1218
tot_msg_rcv: 444
tot_msg_sent: 1040
tot_reconf_duration: 24.59
tot_sleeping_duration: 148453.35536000103
tot_uptimes: 39
tot_uptimes_duration: 2347.319119999969
