comms_cons: 18.553625599698456
finished_reconf: true
global_termination_time: 155289.856
local_termination_time: 33529.50036000001
node_cons: 3158.0217444766054
tot_aggregated_send: 1392
tot_msg_rcv: 566
tot_msg_sent: 862
tot_reconf_duration: 18.21
tot_sleeping_duration: 152949.83168000253
tot_uptimes: 40
tot_uptimes_duration: 2340.0243199974648
