comms_cons: 17.930201599558114
finished_reconf: true
global_termination_time: 151891.889
local_termination_time: 33560.32936000001
node_cons: 3057.110746717193
tot_aggregated_send: 1160
tot_msg_rcv: 566
tot_msg_sent: 1001
tot_reconf_duration: 3.05
tot_sleeping_duration: 149611.8525200021
tot_uptimes: 39
tot_uptimes_duration: 2280.0364799978997
