comms_cons: 141.6168703949381
finished_reconf: true
global_termination_time: 1427945.886
local_termination_time: 4140.957
node_cons: 29329.64334223831
tot_aggregated_send: 20470
tot_msg_rcv: 356
tot_msg_sent: 698
tot_reconf_duration: 4.07
tot_sleeping_duration: 1406045.8738400012
tot_uptimes: 366
tot_uptimes_duration: 21900.012159998703
