comms_cons: 140.0044031994874
finished_reconf: true
global_termination_time: 1424454.2041599983
local_termination_time: 6341.186000000001
node_cons: 29271.70480335812
tot_aggregated_send: 20815
tot_msg_rcv: 168
tot_msg_sent: 295
tot_reconf_duration: 6.46
tot_sleeping_duration: 1402599.8859199998
tot_uptimes: 365
tot_uptimes_duration: 21854.31823999856
