comms_cons: 63.83139839848013
finished_reconf: true
global_termination_time: 651605.449
local_termination_time: 207970.77248000007
node_cons: 13354.333001121468
tot_aggregated_send: 9164
tot_msg_rcv: 134
tot_msg_sent: 404
tot_reconf_duration: 13.17
tot_sleeping_duration: 641645.4429199989
tot_uptimes: 167
tot_uptimes_duration: 9960.006080001069
