comms_cons: 64.09254399997897
finished_reconf: true
global_termination_time: 653193.341
local_termination_time: 290491.2845200004
node_cons: 13433.931540000025
tot_aggregated_send: 9396
tot_msg_rcv: 85
tot_msg_sent: 261
tot_reconf_duration: 12.629999999999999
tot_sleeping_duration: 643173.341
tot_uptimes: 168
tot_uptimes_duration: 10020.0
