comms_cons: 63.581388800301035
finished_reconf: true
global_termination_time: 649728.102
local_termination_time: 342620.6180400007
node_cons: 13342.401619999959
tot_aggregated_send: 9454
tot_msg_rcv: 39
tot_msg_sent: 170
tot_reconf_duration: 4.390000000000001
tot_sleeping_duration: 639768.102
tot_uptimes: 167
tot_uptimes_duration: 9960.0
