comms_cons: 64.36431359961412
finished_reconf: true
global_termination_time: 649346.112
local_termination_time: 598110.08936
node_cons: 13347.059560000107
tot_aggregated_send: 9396
tot_msg_rcv: 162
tot_msg_sent: 225
tot_reconf_duration: 7.819999999999999
tot_sleeping_duration: 639386.112
tot_uptimes: 167
tot_uptimes_duration: 9960.0
