comms_cons: 63.73355520043656
finished_reconf: true
global_termination_time: 650831.339
local_termination_time: 469735.27536
node_cons: 13343.813940000011
tot_aggregated_send: 9222
tot_msg_rcv: 120
tot_msg_sent: 345
tot_reconf_duration: 5.43
tot_sleeping_duration: 640871.339
tot_uptimes: 167
tot_uptimes_duration: 9960.0
