comms_cons: 30.231423999920853
finished_reconf: true
global_termination_time: 10419.595520000004
local_termination_time: 2162.4627600000017
node_cons: 3138.197313880038
tot_aggregated_send: 0
tot_msg_rcv: 2333
tot_msg_sent: 2261
tot_reconf_duration: 18.21
tot_sleeping_duration: 8094.376599999977
tot_uptimes: 33
tot_uptimes_duration: 2325.2189200000275
