comms_cons: 2.2901887999959447
finished_reconf: true
global_termination_time: 12032.759
local_termination_time: 6130.645480000001
node_cons: 247.55198000000178
tot_aggregated_send: 0
tot_msg_rcv: 178
tot_msg_sent: 170
tot_reconf_duration: 4.8100000000000005
tot_sleeping_duration: 11852.759
tot_uptimes: 4
tot_uptimes_duration: 180.0
