comms_cons: 2.296767999991702
finished_reconf: true
global_termination_time: 12486.923
local_termination_time: 8953.81436
node_cons: 245.16189999999898
tot_aggregated_send: 0
tot_msg_rcv: 177
tot_msg_sent: 172
tot_reconf_duration: 3.05
tot_sleeping_duration: 12306.923
tot_uptimes: 4
tot_uptimes_duration: 180.0
