comms_cons: 213.2234303822477
finished_reconf: true
global_termination_time: 2097374.488
local_termination_time: 541079.7723599998
node_cons: 43150.19290670053
tot_aggregated_send: 28942
tot_msg_rcv: 1258
tot_msg_sent: 2207
tot_reconf_duration: 5.57
tot_sleeping_duration: 2065154.451520014
tot_uptimes: 538
tot_uptimes_duration: 32220.036479985807
