comms_cons: 206.5596159893747
finished_reconf: true
global_termination_time: 2098941.986
local_termination_time: 816963.5128799981
node_cons: 43153.24026558385
tot_aggregated_send: 29580
tot_msg_rcv: 623
tot_msg_sent: 1192
tot_reconf_duration: 7.819999999999999
tot_sleeping_duration: 2066721.9556000119
tot_uptimes: 538
tot_uptimes_duration: 32220.030399988173
