comms_cons: 209.04092158424817
finished_reconf: true
global_termination_time: 2099012.066
local_termination_time: 1802189.6999199993
node_cons: 43151.07560670056
tot_aggregated_send: 28768
tot_msg_rcv: 1006
tot_msg_sent: 1999
tot_reconf_duration: 6.22
tot_sleeping_duration: 2066792.0295200143
tot_uptimes: 538
tot_uptimes_duration: 32220.036479985807
