comms_cons: 2.3158783999923473
finished_reconf: true
global_termination_time: 15881.035
local_termination_time: 7005.847360000001
node_cons: 328.2858000000005
tot_aggregated_send: 0
tot_msg_rcv: 180
tot_msg_sent: 172
tot_reconf_duration: 5.1
tot_sleeping_duration: 15641.035
tot_uptimes: 5
tot_uptimes_duration: 240.0
