comms_cons: 419.7206912073475
finished_reconf: true
global_termination_time: 4352027.204
local_termination_time: 2018461.8003599998
node_cons: 89505.71022334858
tot_aggregated_send: 59914
tot_msg_rcv: 1210
tot_msg_sent: 2672
tot_reconf_duration: 5.1
tot_sleeping_duration: 4285187.185760006
tot_uptimes: 1115
tot_uptimes_duration: 66840.0182399934
