comms_cons: 420.9191167937509
finished_reconf: true
global_termination_time: 4353307.535
local_termination_time: 2141210.4953599996
node_cons: 89533.13368223133
tot_aggregated_send: 60088
tot_msg_rcv: 1178
tot_msg_sent: 2711
tot_reconf_duration: 25.299999999999997
tot_sleeping_duration: 4286467.522840005
tot_uptimes: 1115
tot_uptimes_duration: 66840.0121599955
