comms_cons: 115.58429440844967
finished_reconf: true
global_termination_time: 241136.284
local_termination_time: 21935.39928
node_cons: 14593.792860601183
tot_aggregated_send: 0
tot_msg_rcv: 7062
tot_msg_sent: 10506
tot_reconf_duration: 18.21
tot_sleeping_duration: 230255.72859999913
tot_uptimes: 180
tot_uptimes_duration: 10880.55540000087
