comms_cons: 113.54383359681094
finished_reconf: true
global_termination_time: 1142376.264
local_termination_time: 352737.75136000005
node_cons: 23467.86522784081
tot_aggregated_send: 15138
tot_msg_rcv: 772
tot_msg_sent: 1348
tot_reconf_duration: 6.279999999999999
tot_sleeping_duration: 1124856.2214399995
tot_uptimes: 293
tot_uptimes_duration: 17520.042560000613
