comms_cons: 115.16298879206364
finished_reconf: true
global_termination_time: 1143364.996
local_termination_time: 461104.08136000007
node_cons: 23470.339490069953
tot_aggregated_send: 14326
tot_msg_rcv: 1141
tot_msg_sent: 2039
tot_reconf_duration: 8.09
tot_sleeping_duration: 1125844.9412800076
tot_uptimes: 293
tot_uptimes_duration: 17520.054719992448
