comms_cons: 114.67545599434432
finished_reconf: true
global_termination_time: 1143576.588
local_termination_time: 520107.08536
node_cons: 23465.249761116807
tot_aggregated_send: 15660
tot_msg_rcv: 497
tot_msg_sent: 1273
tot_reconf_duration: 4.390000000000001
tot_sleeping_duration: 1126056.5819200024
tot_uptimes: 293
tot_uptimes_duration: 17520.006079997635
