comms_cons: 100.95038719014298
finished_reconf: true
global_termination_time: 865453.60724
local_termination_time: 22130.642600000003
node_cons: 17800.533806309835
tot_aggregated_send: 7656
tot_msg_rcv: 2973
tot_msg_sent: 4715
tot_reconf_duration: 18.21
tot_sleeping_duration: 852178.1743600076
tot_uptimes: 222
tot_uptimes_duration: 13275.4328799924
