comms_cons: 85.77926399954485
finished_reconf: true
global_termination_time: 866044.222
local_termination_time: 198139.47699999998
node_cons: 17801.42633316153
tot_aggregated_send: 12236
tot_msg_rcv: 230
tot_msg_sent: 571
tot_reconf_duration: 22.65
tot_sleeping_duration: 852772.6255599988
tot_uptimes: 222
tot_uptimes_duration: 13271.596440001129
