comms_cons: 85.30653439979275
finished_reconf: true
global_termination_time: 870444.852
local_termination_time: 151215.63236000005
node_cons: 17846.099559999995
tot_aggregated_send: 12354
tot_msg_rcv: 210
tot_msg_sent: 402
tot_reconf_duration: 7.819999999999999
tot_sleeping_duration: 857124.852
tot_uptimes: 223
tot_uptimes_duration: 13320.0
