comms_cons: 48.54542719986976
finished_reconf: true
global_termination_time: 11336.647560000005
local_termination_time: 1002.7795999999992
node_cons: 4823.871269560045
tot_aggregated_send: 0
tot_msg_rcv: 3879
tot_msg_sent: 3498
tot_reconf_duration: 18.21
tot_sleeping_duration: 7752.523519999972
tot_uptimes: 45
tot_uptimes_duration: 3584.1240400000324
