comms_cons: 82.3004671976192
finished_reconf: true
global_termination_time: 827235.478
local_termination_time: 36229.72536000001
node_cons: 16959.35290671945
tot_aggregated_send: 10962
tot_msg_rcv: 469
tot_msg_sent: 1080
tot_reconf_duration: 5.57
tot_sleeping_duration: 814575.4415200005
tot_uptimes: 212
tot_uptimes_duration: 12660.036479999573
