comms_cons: 84.51295999705721
finished_reconf: true
global_termination_time: 826740.414
local_termination_time: 178490.46936000008
node_cons: 17052.631944481167
tot_aggregated_send: 10904
tot_msg_rcv: 555
tot_msg_sent: 1390
tot_reconf_duration: 15.110000000000001
tot_sleeping_duration: 814020.3896799992
tot_uptimes: 212
tot_uptimes_duration: 12720.02432000084
