comms_cons: 84.82074239598444
finished_reconf: true
global_termination_time: 830440.107
local_termination_time: 153307.64552000083
node_cons: 17038.636403355118
tot_aggregated_send: 11020
tot_msg_rcv: 592
tot_msg_sent: 1281
tot_reconf_duration: 4.8100000000000005
tot_sleeping_duration: 817720.0887600036
tot_uptimes: 213
tot_uptimes_duration: 12720.018239996338
