comms_cons: 83.62988799559015
finished_reconf: true
global_termination_time: 827054.014
local_termination_time: 340252.932
node_cons: 16977.159023355056
tot_aggregated_send: 11234
tot_msg_rcv: 486
tot_msg_sent: 990
tot_reconf_duration: 18.700000000000003
tot_sleeping_duration: 814393.9957600037
tot_uptimes: 212
tot_uptimes_duration: 12660.018239996338
