comms_cons: 83.90839039365457
finished_reconf: true
global_termination_time: 829008.606
local_termination_time: 445436.153
node_cons: 17046.9926801991
tot_aggregated_send: 11183
tot_msg_rcv: 463
tot_msg_sent: 1107
tot_reconf_duration: 10.95
tot_sleeping_duration: 816288.5742000007
tot_uptimes: 213
tot_uptimes_duration: 12720.031799999299
