comms_cons: 83.39919359689685
finished_reconf: true
global_termination_time: 831355.137
local_termination_time: 325258.8978800009
node_cons: 17052.81561656398
tot_aggregated_send: 11368
tot_msg_rcv: 385
tot_msg_sent: 924
tot_reconf_duration: 11.899999999999999
tot_sleeping_duration: 818631.719959997
tot_uptimes: 213
tot_uptimes_duration: 12723.41704000299
