comms_cons: 163.8198335433329
finished_reconf: true
global_termination_time: 828448.655
local_termination_time: 165471.98836000005
node_cons: 17042.715842242855
tot_aggregated_send: 0
tot_msg_rcv: 12605
tot_msg_sent: 12296
tot_reconf_duration: 7.819999999999999
tot_sleeping_duration: 815728.6428399979
tot_uptimes: 213
tot_uptimes_duration: 12720.012160002138
