comms_cons: 83.69967359437669
finished_reconf: true
global_termination_time: 830320.509
local_termination_time: 153349.18236000006
node_cons: 17040.600030080295
tot_aggregated_send: 10788
tot_msg_rcv: 576
tot_msg_sent: 1357
tot_reconf_duration: 6.22
tot_sleeping_duration: 817600.4542799997
tot_uptimes: 213
tot_uptimes_duration: 12720.054720000204
