comms_cons: 19.316140800580435
finished_reconf: true
global_termination_time: 186884.887
local_termination_time: 5892.7789999999995
node_cons: 3790.896244482307
tot_aggregated_send: 1736
tot_msg_rcv: 399
tot_msg_sent: 800
tot_reconf_duration: 10.96
tot_sleeping_duration: 184064.86267999827
tot_uptimes: 48
tot_uptimes_duration: 2820.024320001721
