comms_cons: 85.23942399106879
finished_reconf: true
global_termination_time: 820395.166
local_termination_time: 285381.40736000007
node_cons: 16905.8062467102
tot_aggregated_send: 10788
tot_msg_rcv: 791
tot_msg_sent: 1376
tot_reconf_duration: 25.299999999999997
tot_sleeping_duration: 807795.1295200073
tot_uptimes: 211
tot_uptimes_duration: 12600.036479992676
