comms_cons: 83.85660159862735
finished_reconf: true
global_termination_time: 822627.632
local_termination_time: 229372.29500000048
node_cons: 16896.82796788245
tot_aggregated_send: 10614
tot_msg_rcv: 667
tot_msg_sent: 1465
tot_reconf_duration: 18.700000000000003
tot_sleeping_duration: 810027.6070799982
tot_uptimes: 211
tot_uptimes_duration: 12600.0249200018
