comms_cons: 85.30590719353928
finished_reconf: true
global_termination_time: 822715.344
local_termination_time: 404956.85372000013
node_cons: 16878.8227867148
tot_aggregated_send: 10846
tot_msg_rcv: 785
tot_msg_sent: 1335
tot_reconf_duration: 5.43
tot_sleeping_duration: 810115.3075200039
tot_uptimes: 211
tot_uptimes_duration: 12600.03647999611
