comms_cons: 62.98291839962013
finished_reconf: true
global_termination_time: 602192.987239998
local_termination_time: 602192.987239998
node_cons: 12493.08676344188
tot_aggregated_send: 7526
tot_msg_rcv: 589
tot_msg_sent: 1457
tot_reconf_duration: 24.59
tot_sleeping_duration: 592887.7642799966
tot_uptimes: 155
tot_uptimes_duration: 9305.222960001382
