comms_cons: 85.26705919494214
finished_reconf: true
global_termination_time: 849218.36424
local_termination_time: 341794.03936000005
node_cons: 17477.601606070286
tot_aggregated_send: 11658
tot_msg_rcv: 471
tot_msg_sent: 830
tot_reconf_duration: 18.21
tot_sleeping_duration: 836184.1055200073
tot_uptimes: 218
tot_uptimes_duration: 13034.258719992707
