comms_cons: 284.7739200127869
finished_reconf: false
global_termination_time: 2809313.826
local_termination_time: 0
node_cons: 57844.82442335041
tot_aggregated_send: 38686
tot_msg_rcv: 1520
tot_msg_sent: 3077
tot_reconf_duration: 0
tot_sleeping_duration: 2766113.8077600063
tot_uptimes: 720
tot_uptimes_duration: 43200.0182399936
