comms_cons: 285.58333441004385
finished_reconf: false
global_termination_time: 2807947.582
local_termination_time: 0
node_cons: 57844.83256446693
tot_aggregated_send: 38628
tot_msg_rcv: 1643
tot_msg_sent: 3136
tot_reconf_duration: 0
tot_sleeping_duration: 2764747.557680009
tot_uptimes: 720
tot_uptimes_duration: 43200.024319991004
