comms_cons: 285.85966082301314
finished_reconf: false
global_termination_time: 2810704.0
local_termination_time: 0
node_cons: 57844.82442335009
tot_aggregated_send: 38686
tot_msg_rcv: 1686
tot_msg_sent: 3077
tot_reconf_duration: 0
tot_sleeping_duration: 2767503.981760007
tot_uptimes: 720
tot_uptimes_duration: 43200.01823999337
