comms_cons: 285.937926400661
finished_reconf: true
global_termination_time: 2810173.675
local_termination_time: 1450433.3755599987
node_cons: 57870.22716446718
tot_aggregated_send: 38628
tot_msg_rcv: 1712
tot_msg_sent: 3121
tot_reconf_duration: 18.700000000000003
tot_sleeping_duration: 2766973.650680009
tot_uptimes: 720
tot_uptimes_duration: 43200.024319991004
