comms_cons: 284.7267711951872
finished_reconf: true
global_termination_time: 2810864.495
local_termination_time: 81165.74547999997
node_cons: 57857.96709229396
tot_aggregated_send: 38976
tot_msg_rcv: 1510
tot_msg_sent: 2789
tot_reconf_duration: 9.629999999999999
tot_sleeping_duration: 2767664.428120019
tot_uptimes: 720
tot_uptimes_duration: 43200.066879981314
