comms_cons: 283.6179328117903
finished_reconf: true
global_termination_time: 2809657.526
local_termination_time: 1513706.035119998
node_cons: 57857.371179260896
tot_aggregated_send: 39150
tot_msg_rcv: 1347
tot_msg_sent: 2611
tot_reconf_duration: 7.819999999999999
tot_sleeping_duration: 2766456.0684800134
tot_uptimes: 720
tot_uptimes_duration: 43201.457519986434
