comms_cons: 283.4184256011211
finished_reconf: true
global_termination_time: 2810172.699
local_termination_time: 1533246.3974799998
node_cons: 57853.28746558341
tot_aggregated_send: 39382
tot_msg_rcv: 1313
tot_msg_sent: 2381
tot_reconf_duration: 6.22
tot_sleeping_duration: 2766972.6686000116
tot_uptimes: 720
tot_uptimes_duration: 43200.030399988405
