comms_cons: 45.62480640288092
finished_reconf: true
global_termination_time: 226790.884
local_termination_time: 1173.8113600000004
node_cons: 4665.697902241726
tot_aggregated_send: 0
tot_msg_rcv: 3567
tot_msg_sent: 3366
tot_reconf_duration: 4.390000000000001
tot_sleeping_duration: 223310.87183999873
tot_uptimes: 59
tot_uptimes_duration: 3480.0121600012862
