comms_cons: 399.79656966349984
finished_reconf: true
global_termination_time: 3968534.004
local_termination_time: 306238.2574800001
node_cons: 81633.09361229387
tot_aggregated_send: 55042
tot_msg_rcv: 1829
tot_msg_sent: 3895
tot_reconf_duration: 5.57
tot_sleeping_duration: 3907573.937120018
tot_uptimes: 1017
tot_uptimes_duration: 60960.06687998201
