comms_cons: 401.6789248745299
finished_reconf: true
global_termination_time: 3969567.833
local_termination_time: 361328.289
node_cons: 81644.14261405049
tot_aggregated_send: 54687
tot_msg_rcv: 2234
tot_msg_sent: 4132
tot_reconf_duration: 13.17
tot_sleeping_duration: 3908607.222280021
tot_uptimes: 1017
tot_uptimes_duration: 60960.61071997951
