comms_cons: 402.27393287498626
finished_reconf: true
global_termination_time: 3969156.487
local_termination_time: 371856.1484800001
node_cons: 81629.69591005133
tot_aggregated_send: 54404
tot_msg_rcv: 2272
tot_msg_sent: 4466
tot_reconf_duration: 3.08
tot_sleeping_duration: 3908196.4322800203
tot_uptimes: 1017
tot_uptimes_duration: 60960.05471998011
