comms_cons: 402.6076224603045
finished_reconf: true
global_termination_time: 3970452.883
local_termination_time: 357463.61936000007
node_cons: 81632.91163341067
tot_aggregated_send: 54810
tot_msg_rcv: 2256
tot_msg_sent: 4127
tot_reconf_duration: 5.43
tot_sleeping_duration: 3909492.8100400204
tot_uptimes: 1017
tot_uptimes_duration: 60960.07295997965
