comms_cons: 83.20458239374933
finished_reconf: true
global_termination_time: 799696.785
local_termination_time: 326544.6060000009
node_cons: 16396.342787836213
tot_aggregated_send: 10034
tot_msg_rcv: 805
tot_msg_sent: 1808
tot_reconf_duration: 5.1
tot_sleeping_duration: 787456.7424400029
tot_uptimes: 205
tot_uptimes_duration: 12240.042559997179
