comms_cons: 80.00965119813523
finished_reconf: true
global_termination_time: 799361.8
local_termination_time: 407339.0805200009
node_cons: 16400.378784476583
tot_aggregated_send: 10324
tot_msg_rcv: 617
tot_msg_sent: 1220
tot_reconf_duration: 8.09
tot_sleeping_duration: 787121.7756800026
tot_uptimes: 205
tot_uptimes_duration: 12240.024319997407
