comms_cons: 82.55390719921886
finished_reconf: true
global_termination_time: 801086.586
local_termination_time: 228387.7337200001
node_cons: 16500.49940560717
tot_aggregated_send: 10382
tot_msg_rcv: 668
tot_msg_sent: 1497
tot_reconf_duration: 22.65
tot_sleeping_duration: 788786.5555999946
tot_uptimes: 206
tot_uptimes_duration: 12300.030400005344
