comms_cons: 84.45844479376252
finished_reconf: true
global_termination_time: 803026.19
local_termination_time: 426567.28836000006
node_cons: 16484.610805597997
tot_aggregated_send: 10092
tot_msg_rcv: 1009
tot_msg_sent: 1736
tot_reconf_duration: 10.95
tot_sleeping_duration: 790726.1596000015
tot_uptimes: 206
tot_uptimes_duration: 12300.030399998475
