comms_cons: 84.07135359472512
finished_reconf: true
global_termination_time: 802843.745
local_termination_time: 21185.7556
node_cons: 16480.368406719408
tot_aggregated_send: 10208
tot_msg_rcv: 899
tot_msg_sent: 1671
tot_reconf_duration: 7.819999999999999
tot_sleeping_duration: 790543.7085200005
tot_uptimes: 206
tot_uptimes_duration: 12300.036479999544
