comms_cons: 84.43745279382316
finished_reconf: true
global_termination_time: 803804.13
local_termination_time: 286336.88736000005
node_cons: 16485.12410895307
tot_aggregated_send: 10034
tot_msg_rcv: 944
tot_msg_sent: 1856
tot_reconf_duration: 11.31
tot_sleeping_duration: 791504.0813600052
tot_uptimes: 206
tot_uptimes_duration: 12300.048639994813
