comms_cons: 102.7097600141926
finished_reconf: true
global_termination_time: 482076.46272000007
local_termination_time: 482076.42160000006
node_cons: 9933.8201782602
tot_aggregated_send: 0
tot_msg_rcv: 8426
tot_msg_sent: 7184
tot_reconf_duration: 24.59
tot_sleeping_duration: 474682.566559985
tot_uptimes: 124
tot_uptimes_duration: 7393.896160015072
