comms_cons: 47.89062400010384
finished_reconf: true
global_termination_time: 485496.964
local_termination_time: 123277.80635999997
node_cons: 9986.889180000022
tot_aggregated_send: 6960
tot_msg_rcv: 104
tot_msg_sent: 215
tot_reconf_duration: 18.21
tot_sleeping_duration: 478056.964
tot_uptimes: 125
tot_uptimes_duration: 7440.0
