comms_cons: 48.001843200052264
finished_reconf: true
global_termination_time: 485854.343
local_termination_time: 108061.18635999995
node_cons: 9966.301899999997
tot_aggregated_send: 7076
tot_msg_rcv: 106
tot_msg_sent: 114
tot_reconf_duration: 3.05
tot_sleeping_duration: 478414.343
tot_uptimes: 125
tot_uptimes_duration: 7440.0
