comms_cons: 151.71518079570814
finished_reconf: true
global_termination_time: 1530427.277
local_termination_time: 1028275.3673599998
node_cons: 31419.865800000018
tot_aggregated_send: 22040
tot_msg_rcv: 385
tot_msg_sent: 634
tot_reconf_duration: 5.1
tot_sleeping_duration: 1506967.277
tot_uptimes: 392
tot_uptimes_duration: 23460.0
