comms_cons: 447.02508767273423
finished_reconf: true
global_termination_time: 1533148.755
local_termination_time: 1232234.3375999997
node_cons: 62672.05283899846
tot_aggregated_send: 0
tot_msg_rcv: 22736
tot_msg_sent: 45209
tot_reconf_duration: 13.17
tot_sleeping_duration: 1486356.9940000002
tot_uptimes: 774
tot_uptimes_duration: 46791.760999999824
