comms_cons: 152.13756159685042
finished_reconf: true
global_termination_time: 1531901.022
local_termination_time: 177243.54584000012
node_cons: 31500.65394000004
tot_aggregated_send: 21924
tot_msg_rcv: 393
tot_msg_sent: 807
tot_reconf_duration: 5.43
tot_sleeping_duration: 1508381.022
tot_uptimes: 393
tot_uptimes_duration: 23520.0
