comms_cons: 232.01344638712158
finished_reconf: true
global_termination_time: 2258065.809
local_termination_time: 777158.94636
node_cons: 46525.42080446683
tot_aggregated_send: 30450
tot_msg_rcv: 1678
tot_msg_sent: 3136
tot_reconf_duration: 6.279999999999999
tot_sleeping_duration: 2223325.7846800094
tot_uptimes: 579
tot_uptimes_duration: 34740.02431999054
