comms_cons: 224.8244223907003
finished_reconf: true
global_termination_time: 2262948.343
local_termination_time: 1287155.8959599996
node_cons: 46534.74485999936
tot_aggregated_send: 32480
tot_msg_rcv: 658
tot_msg_sent: 1034
tot_reconf_duration: 13.17
tot_sleeping_duration: 2228208.343
tot_uptimes: 580
tot_uptimes_duration: 34740.0
