comms_cons: 226.5124351930795
finished_reconf: true
global_termination_time: 2262881.0
local_termination_time: 910920.9803599999
node_cons: 46534.01153999946
tot_aggregated_send: 31900
tot_msg_rcv: 857
tot_msg_sent: 1671
tot_reconf_duration: 12.629999999999999
tot_sleeping_duration: 2228141.0
tot_uptimes: 580
tot_uptimes_duration: 34740.0
