comms_cons: 223.28551678270202
finished_reconf: true
global_termination_time: 2258159.282
local_termination_time: 1050554.053
node_cons: 46447.19654781738
tot_aggregated_send: 31142
tot_msg_rcv: 910
tot_msg_sent: 1886
tot_reconf_duration: 7.819999999999999
tot_sleeping_duration: 2223479.2394400164
tot_uptimes: 579
tot_uptimes_duration: 34680.04255998344
