comms_cons: 233.73071358371016
finished_reconf: true
global_termination_time: 2258700.368
local_termination_time: 693315.6083599998
node_cons: 46443.975351167726
tot_aggregated_send: 30334
tot_msg_rcv: 2019
tot_msg_sent: 3172
tot_reconf_duration: 5.43
tot_sleeping_duration: 2224020.3072000234
tot_uptimes: 579
tot_uptimes_duration: 34680.06079997636
