comms_cons: 76.00010239782843
finished_reconf: true
global_termination_time: 658611.34024
local_termination_time: 236974.81100000002
node_cons: 13542.361160327375
tot_aggregated_send: 6264
tot_msg_rcv: 2004
tot_msg_sent: 3288
tot_reconf_duration: 18.21
tot_sleeping_duration: 648516.0213599945
tot_uptimes: 169
tot_uptimes_duration: 10095.318880005507
