comms_cons: 65.12092160039569
finished_reconf: true
global_termination_time: 660843.157
local_termination_time: 262346.7163600001
node_cons: 13592.818980000016
tot_aggregated_send: 9570
tot_msg_rcv: 106
tot_msg_sent: 222
tot_reconf_duration: 11.31
tot_sleeping_duration: 650703.157
tot_uptimes: 170
tot_uptimes_duration: 10140.0
