comms_cons: 169.267871987501
finished_reconf: true
global_termination_time: 1669439.210999999
local_termination_time: 1669439.169879999
node_cons: 34435.12767254651
tot_aggregated_send: 22967
tot_msg_rcv: 975
tot_msg_sent: 1783
tot_reconf_duration: 58.3
tot_sleeping_duration: 1643781.289960009
tot_uptimes: 428
tot_uptimes_duration: 25657.921039989946
