comms_cons: 159.21886719474455
finished_reconf: true
global_termination_time: 1670628.817
local_termination_time: 4452.4890000000005
node_cons: 34310.34036559334
tot_aggregated_send: 22731
tot_msg_rcv: 515
tot_msg_sent: 955
tot_reconf_duration: 3.77
tot_sleeping_duration: 1645008.786600005
tot_uptimes: 428
tot_uptimes_duration: 25620.03039999504
