comms_cons: 3001.162164833486
finished_reconf: true
global_termination_time: 7316504.833
local_termination_time: 1821894.43948
node_cons: 443840.83654990455
tot_aggregated_send: 0
tot_msg_rcv: 184452
tot_msg_sent: 271712
tot_reconf_duration: 5.57
tot_sleeping_duration: 6985038.610080016
tot_uptimes: 5436
tot_uptimes_duration: 331466.22291998414
