comms_cons: 730.2498177970286
finished_reconf: true
global_termination_time: 7315665.647
local_termination_time: 2207206.0382799995
node_cons: 150481.0270633465
tot_aggregated_send: 101500
tot_msg_rcv: 3298
tot_msg_sent: 6195
tot_reconf_duration: 3.08
tot_sleeping_duration: 7203285.628760006
tot_uptimes: 1874
tot_uptimes_duration: 112380.0182399936
