comms_cons: 719.4755329128621
finished_reconf: true
global_termination_time: 7317493.297
local_termination_time: 4455836.059799999
node_cons: 150489.6449244634
tot_aggregated_send: 101964
tot_msg_rcv: 2502
tot_msg_sent: 4889
tot_reconf_duration: 9.42
tot_sleeping_duration: 7205113.272680009
tot_uptimes: 1874
tot_uptimes_duration: 112380.02431999147
