comms_cons: 735.5452417864793
finished_reconf: true
global_termination_time: 7319371.21
local_termination_time: 1777092.643639999
node_cons: 150564.58278669708
tot_aggregated_send: 100514
tot_msg_rcv: 3915
tot_msg_sent: 7369
tot_reconf_duration: 5.43
tot_sleeping_duration: 7206931.173520014
tot_uptimes: 1875
tot_uptimes_duration: 112440.03647998674
