comms_cons: 259.89048321522523
finished_reconf: true
global_termination_time: 2544326.078
local_termination_time: 1351821.66536
node_cons: 52309.94151005075
tot_aggregated_send: 34336
tot_msg_rcv: 1735
tot_msg_sent: 3430
tot_reconf_duration: 6.279999999999999
tot_sleeping_duration: 2505266.0232800213
tot_uptimes: 652
tot_uptimes_duration: 39060.05471997871
