comms_cons: 251.43728639483172
finished_reconf: true
global_termination_time: 2541559.169
local_termination_time: 1511925.7413599999
node_cons: 52238.8848599991
tot_aggregated_send: 36482
tot_msg_rcv: 529
tot_msg_sent: 1206
tot_reconf_duration: 13.17
tot_sleeping_duration: 2502559.169
tot_uptimes: 651
tot_uptimes_duration: 39000.0
