comms_cons: 258.72248320262923
finished_reconf: true
global_termination_time: 2545632.365
local_termination_time: 1308222.9033599996
node_cons: 52305.59587563462
tot_aggregated_send: 34162
tot_msg_rcv: 1666
tot_msg_sent: 3497
tot_reconf_duration: 3.05
tot_sleeping_duration: 2506572.2798800333
tot_uptimes: 652
tot_uptimes_duration: 39060.08511996688
