comms_cons: 815.5964097420164
finished_reconf: true
global_termination_time: 8328825.079
local_termination_time: 5016648.21048
node_cons: 171297.68864222823
tot_aggregated_send: 115884
tot_msg_rcv: 2850
tot_msg_sent: 5231
tot_reconf_duration: 9.42
tot_sleeping_duration: 8200905.066840004
tot_uptimes: 2133
tot_uptimes_duration: 127920.01215999573
