comms_cons: 809.5376641086755
finished_reconf: true
global_termination_time: 8330786.955
local_termination_time: 5247097.749079999
node_cons: 171380.09824111144
tot_aggregated_send: 116058
tot_msg_rcv: 2328
tot_msg_sent: 4659
tot_reconf_duration: 10.95
tot_sleeping_duration: 8202806.948920002
tot_uptimes: 2134
tot_uptimes_duration: 127980.00607999787
