comms_cons: 20.7376384002781
finished_reconf: true
global_termination_time: 210167.26396000021
local_termination_time: 210152.91836000004
node_cons: 4330.56347744029
tot_aggregated_send: 2958
tot_msg_rcv: 70
tot_msg_sent: 124
tot_reconf_duration: 18.21
tot_sleeping_duration: 206951.555
tot_uptimes: 54
tot_uptimes_duration: 3215.708960000222
