comms_cons: 21.81662720016609
finished_reconf: true
global_termination_time: 212676.057
local_termination_time: 58719.580360000014
node_cons: 4345.9322011214335
tot_aggregated_send: 2842
tot_msg_rcv: 188
tot_msg_sent: 286
tot_reconf_duration: 5.57
tot_sleeping_duration: 209436.05091999893
tot_uptimes: 55
tot_uptimes_duration: 3240.0060800010688
