comms_cons: 21.988313600594108
finished_reconf: true
global_termination_time: 213603.675
local_termination_time: 112726.95235999997
node_cons: 4350.7639444834485
tot_aggregated_send: 2668
tot_msg_rcv: 214
tot_msg_sent: 460
tot_reconf_duration: 9.11
tot_sleeping_duration: 210363.65067999743
tot_uptimes: 55
tot_uptimes_duration: 3240.0243200025725
