comms_cons: 32.50058240053422
finished_reconf: true
global_termination_time: 309278.401
local_termination_time: 65964.83403999981
node_cons: 6355.404522242867
tot_aggregated_send: 3944
tot_msg_rcv: 360
tot_msg_sent: 635
tot_reconf_duration: 6.279999999999999
tot_sleeping_duration: 304538.3888399979
tot_uptimes: 80
tot_uptimes_duration: 4740.0121600021375
