comms_cons: 131.27941119678923
finished_reconf: true
global_termination_time: 1321375.0969599998
local_termination_time: 1321375.0558399998
node_cons: 27212.301458556303
tot_aggregated_send: 18952
tot_msg_rcv: 350
tot_msg_sent: 650
tot_reconf_duration: 24.59
tot_sleeping_duration: 1301077.1819200024
tot_uptimes: 339
tot_uptimes_duration: 20297.9150399972
