comms_cons: 90.53406721173728
finished_reconf: true
global_termination_time: 445258.9086000002
local_termination_time: 1422.6586000000004
node_cons: 9204.082892883704
tot_aggregated_send: 0
tot_msg_rcv: 7132
tot_msg_sent: 6624
tot_reconf_duration: 18.21
tot_sleeping_duration: 438403.5286799975
tot_uptimes: 115
tot_uptimes_duration: 6855.379920002757
