comms_cons: 130.23697921733395
finished_reconf: true
global_termination_time: 445258.3086000001
local_termination_time: 445258.2674800001
node_cons: 18300.551555400125
tot_aggregated_send: 0
tot_msg_rcv: 6622
tot_msg_sent: 13172
tot_reconf_duration: 24.59
tot_sleeping_duration: 431615.92000000004
tot_uptimes: 228
tot_uptimes_duration: 13642.388600000064
