comms_cons: 272.7068927870292
finished_reconf: true
global_termination_time: 2767013.061
local_termination_time: 1080145.2731599982
node_cons: 56891.34770111593
tot_aggregated_send: 39034
tot_msg_rcv: 792
tot_msg_sent: 1623
tot_reconf_duration: 7.819999999999999
tot_sleeping_duration: 2724533.054920003
tot_uptimes: 709
tot_uptimes_duration: 42480.006079997635
