comms_cons: 271.8830015836353
finished_reconf: true
global_termination_time: 2768173.58
local_termination_time: 1541887.9320799985
node_cons: 56889.174901115795
tot_aggregated_send: 38860
tot_msg_rcv: 872
tot_msg_sent: 1592
tot_reconf_duration: 6.22
tot_sleeping_duration: 2725693.5739200027
tot_uptimes: 709
tot_uptimes_duration: 42480.006079997635
