comms_cons: 2.789580799990781
finished_reconf: true
global_termination_time: 13404.901
local_termination_time: 7434.826120000004
node_cons: 299.34164368000586
tot_aggregated_send: 0
tot_msg_rcv: 253
tot_msg_sent: 169
tot_reconf_duration: 25.299999999999997
tot_sleeping_duration: 13207.003879999997
tot_uptimes: 4
tot_uptimes_duration: 197.89712000000418
