comms_cons: 1.849382399993181
finished_reconf: true
global_termination_time: 11718.408
local_termination_time: 9931.73736
node_cons: 251.63955999999962
tot_aggregated_send: 0
tot_msg_rcv: 157
tot_msg_sent: 125
tot_reconf_duration: 7.819999999999999
tot_sleeping_duration: 11538.408
tot_uptimes: 4
tot_uptimes_duration: 180.0
