comms_cons: 231.98917119979933
finished_reconf: true
global_termination_time: 2345665.335
local_termination_time: 228266.81736000007
node_cons: 48210.925799999386
tot_aggregated_send: 33814
tot_msg_rcv: 465
tot_msg_sent: 982
tot_reconf_duration: 5.1
tot_sleeping_duration: 2309665.335
tot_uptimes: 601
tot_uptimes_duration: 36000.0
