comms_cons: 84.71226239895694
finished_reconf: true
global_termination_time: 845606.701
local_termination_time: 514590.35636000003
node_cons: 17361.886759999987
tot_aggregated_send: 11890
tot_msg_rcv: 352
tot_msg_sent: 633
tot_reconf_duration: 6.22
tot_sleeping_duration: 832646.701
tot_uptimes: 217
tot_uptimes_duration: 12960.0
