comms_cons: 138.57023358850822
finished_reconf: true
global_termination_time: 1361424.704
local_termination_time: 625573.4694399995
node_cons: 27975.495963350546
tot_aggregated_send: 18560
tot_msg_rcv: 897
tot_msg_sent: 1605
tot_reconf_duration: 12.629999999999999
tot_sleeping_duration: 1340544.685760007
tot_uptimes: 349
tot_uptimes_duration: 20880.018239992904
