comms_cons: 133.6423167980165
finished_reconf: true
global_termination_time: 1362351.539
local_termination_time: 958932.4433599999
node_cons: 27974.488341116907
tot_aggregated_send: 18792
tot_msg_rcv: 513
tot_msg_sent: 1007
tot_reconf_duration: 11.899999999999999
tot_sleeping_duration: 1341471.5329200025
tot_uptimes: 349
tot_uptimes_duration: 20880.006079997635
