comms_cons: 113.59709439254001
finished_reconf: true
global_termination_time: 1119801.4453999982
local_termination_time: 1119801.4042799983
node_cons: 23086.737802317915
tot_aggregated_send: 15356
tot_msg_rcv: 639
tot_msg_sent: 1272
tot_reconf_duration: 24.59
tot_sleeping_duration: 1102584.6085199998
tot_uptimes: 287
tot_uptimes_duration: 17216.83687999841
