comms_cons: 114.20175359290975
finished_reconf: true
global_termination_time: 1119801.8052400001
local_termination_time: 227382.72140000082
node_cons: 23028.431890554515
tot_aggregated_send: 15022
tot_msg_rcv: 793
tot_msg_sent: 1542
tot_reconf_duration: 18.21
tot_sleeping_duration: 1102622.0422000042
tot_uptimes: 287
tot_uptimes_duration: 17179.763039995887
