comms_cons: 112.7326847970996
finished_reconf: true
global_termination_time: 1123744.344
local_termination_time: 561990.9506799984
node_cons: 23064.513941116835
tot_aggregated_send: 15022
tot_msg_rcv: 653
tot_msg_sent: 1459
tot_reconf_duration: 5.1
tot_sleeping_duration: 1106524.3379200024
tot_uptimes: 288
tot_uptimes_duration: 17220.006079997635
