comms_cons: 113.37935359292392
finished_reconf: true
global_termination_time: 1123603.881
local_termination_time: 55746.223760000175
node_cons: 23072.97154446736
tot_aggregated_send: 15080
tot_msg_rcv: 703
tot_msg_sent: 1450
tot_reconf_duration: 11.31
tot_sleeping_duration: 1106383.8566800095
tot_uptimes: 288
tot_uptimes_duration: 17220.024319990538
