comms_cons: 32.78583040024707
finished_reconf: true
global_termination_time: 327167.614
local_termination_time: 22724.574240000005
node_cons: 6702.447504480305
tot_aggregated_send: 4466
tot_msg_rcv: 174
tot_msg_sent: 343
tot_reconf_duration: 15.34
tot_sleeping_duration: 322177.60967999976
tot_uptimes: 84
tot_uptimes_duration: 4990.004320000222
