comms_cons: 32.520985600491656
finished_reconf: true
global_termination_time: 322584.686
local_termination_time: 848.7264799999998
node_cons: 6598.515842241729
tot_aggregated_send: 4350
tot_msg_rcv: 191
tot_msg_sent: 402
tot_reconf_duration: 7.819999999999999
tot_sleeping_duration: 317664.6738399987
tot_uptimes: 83
tot_uptimes_duration: 4920.012160001286
