comms_cons: 276.59295363418283
finished_reconf: true
global_termination_time: 2809185.566
local_termination_time: 6796.478
node_cons: 57851.69043005173
tot_aggregated_send: 38913
tot_msg_rcv: 1068
tot_msg_sent: 2059
tot_reconf_duration: 5.02
tot_sleeping_duration: 2765985.5112800207
tot_uptimes: 720
tot_uptimes_duration: 43200.05471997964
