comms_cons: 269.67465602410033
finished_reconf: true
global_termination_time: 2809313.826
local_termination_time: 4788.199
node_cons: 57877.35663005205
tot_aggregated_send: 38663
tot_msg_rcv: 748
tot_msg_sent: 1577
tot_reconf_duration: 23.919999999999998
tot_sleeping_duration: 2766113.77128002
tot_uptimes: 720
tot_uptimes_duration: 43200.054719979875
