comms_cons: 271.770560017104
finished_reconf: true
global_termination_time: 2809983.225
local_termination_time: 6151.155000000001
node_cons: 57856.978488934896
tot_aggregated_send: 38967
tot_msg_rcv: 752
tot_msg_sent: 1588
tot_reconf_duration: 8.92
tot_sleeping_duration: 2766783.176360018
tot_uptimes: 720
tot_uptimes_duration: 43200.04863998201
