comms_cons: 282.3930496235651
finished_reconf: true
global_termination_time: 2808098.347
local_termination_time: 7174.321000000001
node_cons: 57848.64307117252
tot_aggregated_send: 38914
tot_msg_rcv: 1348
tot_msg_sent: 2661
tot_reconf_duration: 2.77
tot_sleeping_duration: 2764898.28620002
tot_uptimes: 720
tot_uptimes_duration: 43200.060799980245
