comms_cons: 282.01662721109074
finished_reconf: true
global_termination_time: 2811068.34
local_termination_time: 4885.152
node_cons: 57854.50419228935
tot_aggregated_send: 39084
tot_msg_rcv: 1126
tot_msg_sent: 2654
tot_reconf_duration: 7.08
tot_sleeping_duration: 2767868.273120022
tot_uptimes: 720
tot_uptimes_duration: 43200.06687997788
