comms_cons: 16.526464000039763
finished_reconf: true
global_termination_time: 130741.671
local_termination_time: 73821.96147999995
node_cons: 2659.772663358593
tot_aggregated_send: 812
tot_msg_rcv: 615
tot_msg_sent: 1088
tot_reconf_duration: 6.279999999999999
tot_sleeping_duration: 128761.65276000104
tot_uptimes: 34
tot_uptimes_duration: 1980.0182399989499
