comms_cons: 17.455526399283162
finished_reconf: true
global_termination_time: 131294.803
local_termination_time: 52539.35848000001
node_cons: 2655.4759100743518
tot_aggregated_send: 638
tot_msg_rcv: 725
tot_msg_sent: 1291
tot_reconf_duration: 3.08
tot_sleeping_duration: 129314.74828000423
tot_uptimes: 34
tot_uptimes_duration: 1980.0547199957873
