comms_cons: 17.127539199262035
finished_reconf: true
global_termination_time: 130085.595
local_termination_time: 83727.07535999996
node_cons: 2666.1389467149043
tot_aggregated_send: 870
tot_msg_rcv: 691
tot_msg_sent: 1044
tot_reconf_duration: 10.95
tot_sleeping_duration: 128105.5585200038
tot_uptimes: 34
tot_uptimes_duration: 1980.0364799961972
