comms_cons: 16.852659199364332
finished_reconf: true
global_termination_time: 131515.11
local_termination_time: 2160.8316400000017
node_cons: 2661.8965478349173
tot_aggregated_send: 812
tot_msg_rcv: 639
tot_msg_sent: 1109
tot_reconf_duration: 7.819999999999999
tot_sleeping_duration: 129535.06744000378
tot_uptimes: 34
tot_uptimes_duration: 1980.0425599962036
