comms_cons: 18.330559999665375
finished_reconf: true
global_termination_time: 131985.416
local_termination_time: 4567.65436
node_cons: 2659.70960799776
tot_aggregated_send: 870
tot_msg_rcv: 862
tot_msg_sent: 1056
tot_reconf_duration: 6.22
tot_sleeping_duration: 130005.38400000166
tot_uptimes: 34
tot_uptimes_duration: 1980.0319999983267
