comms_cons: 16.974995199292145
finished_reconf: true
global_termination_time: 132251.623
local_termination_time: 61620.61724000001
node_cons: 2666.644108956062
tot_aggregated_send: 812
tot_msg_rcv: 664
tot_msg_sent: 1105
tot_reconf_duration: 11.31
tot_sleeping_duration: 130271.57436000294
tot_uptimes: 34
tot_uptimes_duration: 1980.0486399970614
