comms_cons: 104.67507199609996
finished_reconf: true
global_termination_time: 1080382.605
local_termination_time: 806581.2103599999
node_cons: 22182.3763811215
tot_aggregated_send: 14674
tot_msg_rcv: 412
tot_msg_sent: 824
tot_reconf_duration: 6.279999999999999
tot_sleeping_duration: 1063822.5989199989
tot_uptimes: 277
tot_uptimes_duration: 16560.00608000107
