comms_cons: 108.64890879396215
finished_reconf: true
global_termination_time: 1077059.418
local_termination_time: 418844.84736
node_cons: 22100.466505593362
tot_aggregated_send: 14616
tot_msg_rcv: 739
tot_msg_sent: 1159
tot_reconf_duration: 5.1
tot_sleeping_duration: 1060559.387600005
tot_uptimes: 276
tot_uptimes_duration: 16500.03039999504
