comms_cons: 106.65541119736062
finished_reconf: true
global_termination_time: 1075877.09
local_termination_time: 536067.3721999996
node_cons: 22111.39300112152
tot_aggregated_send: 14674
tot_msg_rcv: 556
tot_msg_sent: 981
tot_reconf_duration: 13.17
tot_sleeping_duration: 1059377.083919999
tot_uptimes: 276
tot_uptimes_duration: 16500.00608000107
