comms_cons: 108.78878079499113
finished_reconf: true
global_termination_time: 1074280.767
local_termination_time: 372733.26936000003
node_cons: 22184.51654784087
tot_aggregated_send: 14152
tot_msg_rcv: 867
tot_msg_sent: 1516
tot_reconf_duration: 7.819999999999999
tot_sleeping_duration: 1057720.7244399993
tot_uptimes: 276
tot_uptimes_duration: 16560.04256000062
