comms_cons: 172.5913023790346
finished_reconf: true
global_termination_time: 1664949.11412
local_termination_time: 36563.25452000008
node_cons: 34251.256505322686
tot_aggregated_send: 21808
tot_msg_rcv: 1531
tot_msg_sent: 2894
tot_reconf_duration: 4.390000000000001
tot_sleeping_duration: 1639373.837880028
tot_uptimes: 427
tot_uptimes_duration: 25575.27623997214
