comms_cons: 352.54569601826176
finished_reconf: true
global_termination_time: 3583801.884
local_termination_time: 1407821.3523599997
node_cons: 73692.34822669973
tot_aggregated_send: 49590
tot_msg_rcv: 1271
tot_msg_sent: 2723
tot_reconf_duration: 15.110000000000001
tot_sleeping_duration: 3528781.847520014
tot_uptimes: 918
tot_uptimes_duration: 55020.03647998627
