comms_cons: 355.4807552342099
finished_reconf: true
global_termination_time: 3583582.989
local_termination_time: 1532110.2493599998
node_cons: 73679.1946455833
tot_aggregated_send: 49822
tot_msg_rcv: 1302
tot_msg_sent: 2907
tot_reconf_duration: 5.43
tot_sleeping_duration: 3528562.958600011
tot_uptimes: 918
tot_uptimes_duration: 55020.03039998887
