comms_cons: 79.35831039673096
finished_reconf: true
global_termination_time: 797134.457
local_termination_time: 527738.0724799999
node_cons: 16423.717400000085
tot_aggregated_send: 11310
tot_msg_rcv: 254
tot_msg_sent: 498
tot_reconf_duration: 25.299999999999997
tot_sleeping_duration: 784894.457
tot_uptimes: 205
tot_uptimes_duration: 12240.0
