comms_cons: 132.30719358425918
finished_reconf: true
global_termination_time: 1278542.862
local_termination_time: 451613.4476800002
node_cons: 26277.17418446731
tot_aggregated_send: 16936
tot_msg_rcv: 1138
tot_msg_sent: 2036
tot_reconf_duration: 4.390000000000001
tot_sleeping_duration: 1258922.8376800094
tot_uptimes: 328
tot_uptimes_duration: 19620.024319990538
