comms_cons: 97.7208575957987
finished_reconf: true
global_termination_time: 993199.864
local_termination_time: 559969.5973999992
node_cons: 20426.879380000013
tot_aggregated_send: 14152
tot_msg_rcv: 199
tot_msg_sent: 502
tot_reconf_duration: 15.110000000000001
tot_sleeping_duration: 977959.864
tot_uptimes: 255
tot_uptimes_duration: 15240.0
