comms_cons: 98.60904959890402
finished_reconf: true
global_termination_time: 994077.325
local_termination_time: 337773.65436000004
node_cons: 20419.152360000007
tot_aggregated_send: 14268
tot_msg_rcv: 264
tot_msg_sent: 456
tot_reconf_duration: 9.42
tot_sleeping_duration: 978837.325
tot_uptimes: 255
tot_uptimes_duration: 15240.0
