comms_cons: 98.05639679704178
finished_reconf: true
global_termination_time: 993303.806
local_termination_time: 498527.21760000003
node_cons: 20422.520199999984
tot_aggregated_send: 14152
tot_msg_rcv: 239
tot_msg_sent: 513
tot_reconf_duration: 11.899999999999999
tot_sleeping_duration: 978063.806
tot_uptimes: 255
tot_uptimes_duration: 15240.0
