comms_cons: 98.18140159726308
finished_reconf: true
global_termination_time: 995058.184
local_termination_time: 396332.20740000077
node_cons: 20414.806759999996
tot_aggregated_send: 13920
tot_msg_rcv: 310
tot_msg_sent: 693
tot_reconf_duration: 6.22
tot_sleeping_duration: 979818.184
tot_uptimes: 255
tot_uptimes_duration: 15240.0
