comms_cons: 158.66208001614368
finished_reconf: true
global_termination_time: 325110.07648000016
local_termination_time: 843.1254799999991
node_cons: 19960.951122530598
tot_aggregated_send: 0
tot_msg_rcv: 9731
tot_msg_sent: 14383
tot_reconf_duration: 18.21
tot_sleeping_duration: 310221.1877999923
tot_uptimes: 247
tot_uptimes_duration: 14888.888680007898
