comms_cons: 117.68122878457007
finished_reconf: true
global_termination_time: 1112150.2525999998
local_termination_time: 1112150.2114799998
node_cons: 22907.900410605
tot_aggregated_send: 13803
tot_msg_rcv: 1419
tot_msg_sent: 2663
tot_reconf_duration: 48.46
tot_sleeping_duration: 1095091.1848400258
tot_uptimes: 285
tot_uptimes_duration: 17059.067759973856
