comms_cons: 108.10248959548154
finished_reconf: true
global_termination_time: 1115230.627
local_termination_time: 5864.157
node_cons: 22904.90402447196
tot_aggregated_send: 15016
tot_msg_rcv: 423
tot_msg_sent: 993
tot_reconf_duration: 5.87
tot_sleeping_duration: 1098130.602680006
tot_uptimes: 286
tot_uptimes_duration: 17100.024319993972
