comms_cons: 300.04247037991934
finished_reconf: true
global_termination_time: 717543.453
local_termination_time: 129577.82411999947
node_cons: 43428.31675435938
tot_aggregated_send: 0
tot_msg_rcv: 18489
tot_msg_sent: 27114
tot_reconf_duration: 18.21
tot_sleeping_duration: 685128.5257600002
tot_uptimes: 532
tot_uptimes_duration: 32414.927239999815
