comms_cons: 73.55671039647744
finished_reconf: true
global_termination_time: 717033.35224
local_termination_time: 85402.793
node_cons: 14735.614365278087
tot_aggregated_send: 9161
tot_msg_rcv: 616
tot_msg_sent: 1402
tot_reconf_duration: 6.22
tot_sleeping_duration: 706034.7207200015
tot_uptimes: 184
tot_uptimes_duration: 10998.631519998555
