comms_cons: 51.29144320029732
finished_reconf: true
global_termination_time: 521100.588
local_termination_time: 2709.871120000002
node_cons: 10689.361900000014
tot_aggregated_send: 7482
tot_msg_rcv: 82
tot_msg_sent: 232
tot_reconf_duration: 3.05
tot_sleeping_duration: 513120.588
tot_uptimes: 134
tot_uptimes_duration: 7980.0
