comms_cons: 169.8091519948379
finished_reconf: true
global_termination_time: 1709348.694
local_termination_time: 613673.0723599999
node_cons: 35115.50579999992
tot_aggregated_send: 24650
tot_msg_rcv: 468
tot_msg_sent: 692
tot_reconf_duration: 5.1
tot_sleeping_duration: 1683128.694
tot_uptimes: 438
tot_uptimes_duration: 26220.0
