comms_cons: 283.84408323388715
finished_reconf: true
global_termination_time: 2810262.975
local_termination_time: 2435438.0049199993
node_cons: 57852.380342233664
tot_aggregated_send: 38976
tot_msg_rcv: 1380
tot_msg_sent: 2786
tot_reconf_duration: 5.57
tot_sleeping_duration: 2767062.9628400044
tot_uptimes: 720
tot_uptimes_duration: 43200.012159995735
