comms_cons: 285.3931904120079
finished_reconf: false
global_termination_time: 2811073.469
local_termination_time: 0
node_cons: 57844.79999999896
tot_aggregated_send: 38628
tot_msg_rcv: 1617
tot_msg_sent: 3132
tot_reconf_duration: 0
tot_sleeping_duration: 2767873.469
tot_uptimes: 720
tot_uptimes_duration: 43200.0
