comms_cons: 283.57009920583585
finished_reconf: false
global_termination_time: 2808733.525
local_termination_time: 0
node_cons: 57844.79999999896
tot_aggregated_send: 39034
tot_msg_rcv: 1341
tot_msg_sent: 2726
tot_reconf_duration: 0
tot_sleeping_duration: 2765533.525
tot_uptimes: 720
tot_uptimes_duration: 43200.0
