comms_cons: 284.4452672143332
finished_reconf: true
global_termination_time: 2809336.571
local_termination_time: 100312.607
node_cons: 57892.53379214133
tot_aggregated_send: 38858
tot_msg_rcv: 1474
tot_msg_sent: 2904
tot_reconf_duration: 22.65
tot_sleeping_duration: 2766123.8935600133
tot_uptimes: 720
tot_uptimes_duration: 43212.677439986815
