comms_cons: 95.28060159529306
finished_reconf: true
global_termination_time: 951837.157
local_termination_time: 809962.5903599999
node_cons: 19531.156381121495
tot_aggregated_send: 13050
tot_msg_rcv: 503
tot_msg_sent: 930
tot_reconf_duration: 6.279999999999999
tot_sleeping_duration: 937257.150919999
tot_uptimes: 244
tot_uptimes_duration: 14580.006080001069
