comms_cons: 97.37341439615025
finished_reconf: true
global_termination_time: 949257.137
local_termination_time: 566910.8154799999
node_cons: 19557.03438783171
tot_aggregated_send: 12760
tot_msg_rcv: 814
tot_msg_sent: 1226
tot_reconf_duration: 25.299999999999997
tot_sleeping_duration: 934677.0944400063
tot_uptimes: 244
tot_uptimes_duration: 14580.042559993744
