comms_cons: 188.67600631528015
finished_reconf: true
global_termination_time: 947384.0873999983
local_termination_time: 1267.0313600000004
node_cons: 19525.141461197738
tot_aggregated_send: 0
tot_msg_rcv: 14587
tot_msg_sent: 14088
tot_reconf_duration: 4.390000000000001
tot_sleeping_duration: 932806.6566000001
tot_uptimes: 243
tot_uptimes_duration: 14577.43079999829
