comms_cons: 245.39560319026074
finished_reconf: true
global_termination_time: 2478677.061
local_termination_time: 555298.9517599992
node_cons: 50942.12454446667
tot_aggregated_send: 34452
tot_msg_rcv: 902
tot_msg_sent: 1944
tot_reconf_duration: 4.8100000000000005
tot_sleeping_duration: 2440637.0366800097
tot_uptimes: 635
tot_uptimes_duration: 38040.02431999054
