comms_cons: 982.2178807642937
finished_reconf: true
global_termination_time: 2477986.376
local_termination_time: 2029358.8158399987
node_cons: 150248.75752962648
tot_aggregated_send: 0
tot_msg_rcv: 60328
tot_msg_sent: 88964
tot_reconf_duration: 6.22
tot_sleeping_duration: 2365783.0072400067
tot_uptimes: 1840
tot_uptimes_duration: 112203.36875999352
