comms_cons: 24.83648000063916
finished_reconf: true
global_termination_time: 234366.701
local_termination_time: 47308.34344000005
node_cons: 4826.369761121444
tot_aggregated_send: 2958
tot_msg_rcv: 296
tot_msg_sent: 521
tot_reconf_duration: 4.390000000000001
tot_sleeping_duration: 230766.69491999893
tot_uptimes: 61
tot_uptimes_duration: 3600.0060800010688
