comms_cons: 24.639731200329713
finished_reconf: true
global_termination_time: 234678.42
local_termination_time: 156629.23120000018
node_cons: 4827.773939999994
tot_aggregated_send: 3132
tot_msg_rcv: 270
tot_msg_sent: 343
tot_reconf_duration: 5.43
tot_sleeping_duration: 231078.42
tot_uptimes: 61
tot_uptimes_duration: 3600.0
