comms_cons: 39.389670400268066
finished_reconf: true
global_termination_time: 405714.119
local_termination_time: 192664.73336000004
node_cons: 8305.786841121431
tot_aggregated_send: 5800
tot_msg_rcv: 33
tot_msg_sent: 154
tot_reconf_duration: 22.65
tot_sleeping_duration: 399534.11291999894
tot_uptimes: 104
tot_uptimes_duration: 6180.006080001069
