comms_cons: 39.639679999956506
finished_reconf: true
global_termination_time: 403989.127
local_termination_time: 64046.046120000094
node_cons: 8282.39394000001
tot_aggregated_send: 5858
tot_msg_rcv: 56
tot_msg_sent: 111
tot_reconf_duration: 5.43
tot_sleeping_duration: 397809.127
tot_uptimes: 104
tot_uptimes_duration: 6180.0
