comms_cons: 81.03519999880379
finished_reconf: true
global_termination_time: 803662.235
local_termination_time: 147938.96832000022
node_cons: 16477.304765607187
tot_aggregated_send: 10788
tot_msg_rcv: 482
tot_msg_sent: 1048
tot_reconf_duration: 5.57
tot_sleeping_duration: 791362.2045999947
tot_uptimes: 206
tot_uptimes_duration: 12300.030400005344
