comms_cons: 80.89784319619689
finished_reconf: true
global_termination_time: 802199.201
local_termination_time: 197950.6599200003
node_cons: 16490.588707827043
tot_aggregated_send: 10962
tot_msg_rcv: 413
tot_msg_sent: 921
tot_reconf_duration: 15.34
tot_sleeping_duration: 789899.1584400097
tot_uptimes: 206
tot_uptimes_duration: 12300.04255999031
