comms_cons: 1635.8019763066168
finished_reconf: true
global_termination_time: 8310464.334599998
local_termination_time: 2321.0154800000023
node_cons: 171008.8510339762
tot_aggregated_send: 0
tot_msg_rcv: 125202
tot_msg_sent: 123429
tot_reconf_duration: 18.21
tot_sleeping_duration: 8182768.948600011
tot_uptimes: 2129
tot_uptimes_duration: 127695.38599998667
