comms_cons: 830.3485122182501
finished_reconf: true
global_termination_time: 8311312.192
local_termination_time: 2471341.660679999
node_cons: 170972.12965116583
tot_aggregated_send: 114724
tot_msg_rcv: 3695
tot_msg_sent: 7788
tot_reconf_duration: 6.279999999999999
tot_sleeping_duration: 8183632.131200021
tot_uptimes: 2129
tot_uptimes_duration: 127680.06079997866
