comms_cons: 826.410009780909
finished_reconf: true
global_termination_time: 8313407.597
local_termination_time: 2934589.8147199997
node_cons: 170967.75962781417
tot_aggregated_send: 115188
tot_msg_rcv: 3393
tot_msg_sent: 7028
tot_reconf_duration: 3.08
tot_sleeping_duration: 8185727.554440015
tot_uptimes: 2129
tot_uptimes_duration: 127680.04255998507
