comms_cons: 814.2250881371807
finished_reconf: true
global_termination_time: 8316935.643
local_termination_time: 3205080.8212399976
node_cons: 171061.32590005378
tot_aggregated_send: 116058
tot_msg_rcv: 2647
tot_msg_sent: 5052
tot_reconf_duration: 9.11
tot_sleeping_duration: 8189191.838280015
tot_uptimes: 2130
tot_uptimes_duration: 127743.804719985
