comms_cons: 815.4187649223859
finished_reconf: true
global_termination_time: 8315193.858
local_termination_time: 4954940.0203599995
node_cons: 171069.27088222763
tot_aggregated_send: 115884
tot_msg_rcv: 2842
tot_msg_sent: 5214
tot_reconf_duration: 18.700000000000003
tot_sleeping_duration: 8187453.845840003
tot_uptimes: 2130
tot_uptimes_duration: 127740.01215999597
