comms_cons: 809.5076288722121
finished_reconf: true
global_termination_time: 8314073.056
local_termination_time: 5159889.523359999
node_cons: 171060.0201999933
tot_aggregated_send: 119248
tot_msg_rcv: 1287
tot_msg_sent: 2504
tot_reconf_duration: 11.899999999999999
tot_sleeping_duration: 8186333.056
tot_uptimes: 2130
tot_uptimes_duration: 127740.0
