comms_cons: 70.33822719726666
finished_reconf: true
global_termination_time: 687855.461
local_termination_time: 475119.0714800005
node_cons: 14174.213682233667
tot_aggregated_send: 9338
tot_msg_rcv: 504
tot_msg_sent: 848
tot_reconf_duration: 25.299999999999997
tot_sleeping_duration: 677295.4488400047
tot_uptimes: 177
tot_uptimes_duration: 10560.012159995269
