comms_cons: 69.83065599738785
finished_reconf: true
global_termination_time: 686944.262
local_termination_time: 357462.76136000006
node_cons: 14080.043803359695
tot_aggregated_send: 9106
tot_msg_rcv: 473
tot_msg_sent: 1034
tot_reconf_duration: 15.110000000000001
tot_sleeping_duration: 676444.2437600002
tot_uptimes: 176
tot_uptimes_duration: 10500.018239999772
