comms_cons: 68.93748479832627
finished_reconf: true
global_termination_time: 684970.524
local_termination_time: 355849.12636
node_cons: 14065.469761116792
tot_aggregated_send: 9454
tot_msg_rcv: 331
tot_msg_sent: 693
tot_reconf_duration: 4.390000000000001
tot_sleeping_duration: 674470.5179200023
tot_uptimes: 176
tot_uptimes_duration: 10500.006079997635
