comms_cons: 92.77987839539857
finished_reconf: true
global_termination_time: 919232.002
local_termination_time: 362582.08836000005
node_cons: 18886.44826223369
tot_aggregated_send: 12644
tot_msg_rcv: 472
tot_msg_sent: 986
tot_reconf_duration: 4.8100000000000005
tot_sleeping_duration: 905131.9898400047
tot_uptimes: 236
tot_uptimes_duration: 14100.012159995269
