comms_cons: 39.44230400095626
finished_reconf: true
global_termination_time: 379670.333
local_termination_time: 27707.72336
node_cons: 7798.95790224287
tot_aggregated_send: 4930
tot_msg_rcv: 369
tot_msg_sent: 696
tot_reconf_duration: 4.390000000000001
tot_sleeping_duration: 373850.32083999785
tot_uptimes: 98
tot_uptimes_duration: 5820.0121600021375
