comms_cons: 38.73290880020706
finished_reconf: true
global_termination_time: 378339.997
local_termination_time: 125307.84847999996
node_cons: 7716.798182242855
tot_aggregated_send: 4988
tot_msg_rcv: 315
tot_msg_sent: 585
tot_reconf_duration: 3.05
tot_sleeping_duration: 372579.98483999784
tot_uptimes: 97
tot_uptimes_duration: 5760.0121600021375
