comms_cons: 3.1711743999895194
finished_reconf: true
global_termination_time: 18313.607
local_termination_time: 5611.67348
node_cons: 338.51968112000645
tot_aggregated_send: 0
tot_msg_rcv: 316
tot_msg_sent: 166
tot_reconf_duration: 12.629999999999999
tot_sleeping_duration: 18073.600919999997
tot_uptimes: 5
tot_uptimes_duration: 240.00608000000466
