comms_cons: 96.4905599918205
finished_reconf: true
global_termination_time: 915236.0202400002
local_termination_time: 362.21047999999985
node_cons: 18877.2454516709
tot_aggregated_send: 11310
tot_msg_rcv: 1142
tot_msg_sent: 2214
tot_reconf_duration: 18.21
tot_sleeping_duration: 901156.4711200071
tot_uptimes: 235
tot_uptimes_duration: 14079.549119993186
