comms_cons: 93.38516479512838
finished_reconf: true
global_termination_time: 917329.334
local_termination_time: 540222.8589599996
node_cons: 18807.148483355053
tot_aggregated_send: 12702
tot_msg_rcv: 623
tot_msg_sent: 869
tot_reconf_duration: 5.57
tot_sleeping_duration: 903289.3157600036
tot_uptimes: 235
tot_uptimes_duration: 14040.018239996338
