comms_cons: 93.89514879801236
finished_reconf: true
global_termination_time: 916638.164
local_termination_time: 389.01879999999954
node_cons: 18830.343123359722
tot_aggregated_send: 11890
tot_msg_rcv: 824
tot_msg_sent: 1558
tot_reconf_duration: 22.65
tot_sleeping_duration: 902598.1457600002
tot_uptimes: 235
tot_uptimes_duration: 14040.018239999772
