comms_cons: 2.2698239999924996
finished_reconf: true
global_termination_time: 17861.957
local_termination_time: 8954.48636
node_cons: 331.97955999999965
tot_aggregated_send: 0
tot_msg_rcv: 176
tot_msg_sent: 169
tot_reconf_duration: 7.819999999999999
tot_sleeping_duration: 17621.957
tot_uptimes: 5
tot_uptimes_duration: 240.0
