comms_cons: 39.685388799825766
finished_reconf: true
global_termination_time: 406390.8227200002
local_termination_time: 328286.5533600001
node_cons: 8399.361139201714
tot_aggregated_send: 5916
tot_msg_rcv: 9
tot_msg_sent: 105
tot_reconf_duration: 18.21
tot_sleeping_duration: 400136.4299199989
tot_uptimes: 105
tot_uptimes_duration: 6254.392800001253
