comms_cons: 119.9497407974897
finished_reconf: true
global_termination_time: 1205884.271
local_termination_time: 321971.50536
node_cons: 24753.248240000037
tot_aggregated_send: 17052
tot_msg_rcv: 372
tot_msg_sent: 807
tot_reconf_duration: 6.279999999999999
tot_sleeping_duration: 1187404.271
tot_uptimes: 309
tot_uptimes_duration: 18480.00000000003
