comms_cons: 121.3994879945786
finished_reconf: true
global_termination_time: 1207025.031
local_termination_time: 639245.5983199995
node_cons: 24831.037902233722
tot_aggregated_send: 16356
tot_msg_rcv: 755
tot_msg_sent: 1342
tot_reconf_duration: 4.390000000000001
tot_sleeping_duration: 1188485.0188400047
tot_uptimes: 310
tot_uptimes_duration: 18540.01215999527
