comms_cons: 123.78827519397345
finished_reconf: true
global_termination_time: 1205732.441
local_termination_time: 227275.44764000084
node_cons: 24748.910746719408
tot_aggregated_send: 16008
tot_msg_rcv: 943
tot_msg_sent: 1864
tot_reconf_duration: 3.05
tot_sleeping_duration: 1187252.4045200006
tot_uptimes: 309
tot_uptimes_duration: 18480.036479999544
