comms_cons: 122.67701758920396
finished_reconf: true
global_termination_time: 1205114.032
local_termination_time: 361471.64384000015
node_cons: 24755.39654782707
tot_aggregated_send: 16472
tot_msg_rcv: 779
tot_msg_sent: 1396
tot_reconf_duration: 7.819999999999999
tot_sleeping_duration: 1186633.9894400095
tot_uptimes: 309
tot_uptimes_duration: 18480.04255999031
