comms_cons: 245.004294382351
finished_reconf: true
global_termination_time: 2474245.103
local_termination_time: 1849306.826999999
node_cons: 50863.707465583386
tot_aggregated_send: 34104
tot_msg_rcv: 1127
tot_msg_sent: 2008
tot_reconf_duration: 6.22
tot_sleeping_duration: 2436265.0726000117
tot_uptimes: 634
tot_uptimes_duration: 37980.03039998817
