comms_cons: 484.4859903692544
finished_reconf: true
global_termination_time: 2471329.1415999974
local_termination_time: 1656.4920400000015
node_cons: 50810.80826951284
tot_aggregated_send: 0
tot_msg_rcv: 36980
tot_msg_sent: 36658
tot_reconf_duration: 11.31
tot_sleeping_duration: 2433393.779920002
tot_uptimes: 633
tot_uptimes_duration: 37935.3616799952
