comms_cons: 266.94727039267053
finished_reconf: true
global_termination_time: 2642372.867
local_termination_time: 688459.146879998
node_cons: 54317.444765583175
tot_aggregated_send: 36424
tot_msg_rcv: 1363
tot_msg_sent: 2786
tot_reconf_duration: 5.57
tot_sleeping_duration: 2601812.8366000117
tot_uptimes: 677
tot_uptimes_duration: 40560.03039998814
