comms_cons: 265.0891263912824
finished_reconf: true
global_termination_time: 2641027.52
local_termination_time: 1606243.60236
node_cons: 54316.404544466845
tot_aggregated_send: 37004
tot_msg_rcv: 1084
tot_msg_sent: 2204
tot_reconf_duration: 4.8100000000000005
tot_sleeping_duration: 2600467.4956800095
tot_uptimes: 677
tot_uptimes_duration: 40560.02431999077
