comms_cons: 265.4456576042572
finished_reconf: true
global_termination_time: 2639325.22
local_termination_time: 152940.28748000006
node_cons: 54240.1928300555
tot_aggregated_send: 36598
tot_msg_rcv: 1192
tot_msg_sent: 2556
tot_reconf_duration: 7.819999999999999
tot_sleeping_duration: 2598825.1652800175
tot_uptimes: 676
tot_uptimes_duration: 40500.05471998238
