comms_cons: 118.65649919767009
finished_reconf: true
global_termination_time: 1228814.23
local_termination_time: 5849.416
node_cons: 25243.376481116873
tot_aggregated_send: 17619
tot_msg_rcv: 122
tot_msg_sent: 294
tot_reconf_duration: 12.23
tot_sleeping_duration: 1209974.2239200023
tot_uptimes: 315
tot_uptimes_duration: 18840.006079997635
