comms_cons: 146.96616959686725
finished_reconf: true
global_termination_time: 1485754.797
local_termination_time: 280125.0351200005
node_cons: 30547.084860000028
tot_aggregated_send: 21402
tot_msg_rcv: 310
tot_msg_sent: 626
tot_reconf_duration: 13.17
tot_sleeping_duration: 1462954.797
tot_uptimes: 381
tot_uptimes_duration: 22800.0
