comms_cons: 151.73671678095096
finished_reconf: true
global_termination_time: 1481957.221
local_termination_time: 270114.90076000086
node_cons: 30459.52840670565
tot_aggregated_send: 19604
tot_msg_rcv: 1076
tot_msg_sent: 2383
tot_reconf_duration: 7.819999999999999
tot_sleeping_duration: 1459217.1845200106
tot_uptimes: 380
tot_uptimes_duration: 22740.03647998924
