comms_cons: 74.33105279977995
finished_reconf: true
global_termination_time: 751359.76
local_termination_time: 609917.68236
node_cons: 15459.637400000085
tot_aggregated_send: 9570
tot_msg_rcv: 617
tot_msg_sent: 1110
tot_reconf_duration: 25.299999999999997
tot_sleeping_duration: 739839.76
tot_uptimes: 193
tot_uptimes_duration: 11520.0
