comms_cons: 76.29502719726875
finished_reconf: true
global_termination_time: 753048.431
local_termination_time: 360058.54036000004
node_cons: 15431.828262238361
tot_aggregated_send: 10382
tot_msg_rcv: 461
tot_msg_sent: 753
tot_reconf_duration: 4.8100000000000005
tot_sleeping_duration: 741528.4188400012
tot_uptimes: 193
tot_uptimes_duration: 11520.012159998761
