comms_cons: 148.8323711609559
finished_reconf: true
global_termination_time: 751052.047239999
local_termination_time: 3350.77148
node_cons: 15482.774802475535
tot_aggregated_send: 0
tot_msg_rcv: 11451
tot_msg_sent: 11167
tot_reconf_duration: 4.390000000000001
tot_sleeping_duration: 739493.5609200024
tot_uptimes: 193
tot_uptimes_duration: 11558.48631999665
