comms_cons: 74.97656319862095
finished_reconf: true
global_termination_time: 754761.528
local_termination_time: 544903.8354799999
node_cons: 15516.25584224297
tot_aggregated_send: 10266
tot_msg_rcv: 375
tot_msg_sent: 755
tot_reconf_duration: 7.819999999999999
tot_sleeping_duration: 743181.5158399979
tot_uptimes: 194
tot_uptimes_duration: 11580.012160002138
