comms_cons: 47.83299200024324
finished_reconf: true
global_termination_time: 485560.808
local_termination_time: 334741.97000000003
node_cons: 9988.80909176146
tot_aggregated_send: 6886
tot_msg_rcv: 93
tot_msg_sent: 291
tot_reconf_duration: 18.21
tot_sleeping_duration: 478119.37415999896
tot_uptimes: 125
tot_uptimes_duration: 7441.43384000106
