comms_cons: 95.7931520138762
finished_reconf: true
global_termination_time: 484605.732
local_termination_time: 715.2685999999999
node_cons: 9968.137902242874
tot_aggregated_send: 0
tot_msg_rcv: 7366
tot_msg_sent: 7194
tot_reconf_duration: 4.390000000000001
tot_sleeping_duration: 477165.7198399979
tot_uptimes: 125
tot_uptimes_duration: 7440.0121600021375
