comms_cons: 141.36789757041686
finished_reconf: true
global_termination_time: 912958.319
local_termination_time: 188294.29536000005
node_cons: 18727.756381121457
tot_aggregated_send: 0
tot_msg_rcv: 10872
tot_msg_sent: 10615
tot_reconf_duration: 6.279999999999999
tot_sleeping_duration: 898978.3129199989
tot_uptimes: 234
tot_uptimes_duration: 13980.006080001069
