comms_cons: 91.63571839724862
finished_reconf: true
global_termination_time: 908779.905
local_termination_time: 167503.02836000005
node_cons: 18643.03004112144
tot_aggregated_send: 11832
tot_msg_rcv: 644
tot_msg_sent: 1452
tot_reconf_duration: 3.05
tot_sleeping_duration: 894859.8989199989
tot_uptimes: 233
tot_uptimes_duration: 13920.006080001069
