comms_cons: 208.79651828916738
finished_reconf: true
global_termination_time: 1061699.867
local_termination_time: 1964.9083600000004
node_cons: 21776.306323359728
tot_aggregated_send: 0
tot_msg_rcv: 16013
tot_msg_sent: 15722
tot_reconf_duration: 3.05
tot_sleeping_duration: 1045439.8487600003
tot_uptimes: 272
tot_uptimes_duration: 16260.018239999772
