comms_cons: 356.00021124029877
finished_reconf: true
global_termination_time: 3556400.398
local_termination_time: 600786.8504399995
node_cons: 73130.3131311761
tot_aggregated_send: 48430
tot_msg_rcv: 1910
tot_msg_sent: 3769
tot_reconf_duration: 15.34
tot_sleeping_duration: 3501800.3372000167
tot_uptimes: 911
tot_uptimes_duration: 54600.06079998345
