comms_cons: 359.5786240476723
finished_reconf: true
global_termination_time: 3555477.356
local_termination_time: 1118244.7337999996
node_cons: 73117.01290670002
tot_aggregated_send: 48430
tot_msg_rcv: 2147
tot_msg_sent: 4077
tot_reconf_duration: 5.57
tot_sleeping_duration: 3500877.319520014
tot_uptimes: 911
tot_uptimes_duration: 54600.03647998627
