comms_cons: 924.2344568337733
finished_reconf: true
global_termination_time: 2072766.999
local_termination_time: 361139.7896
node_cons: 126180.23723335641
tot_aggregated_send: 0
tot_msg_rcv: 56630
tot_msg_sent: 83849
tot_reconf_duration: 4.390000000000001
tot_sleeping_duration: 1978536.77076
tot_uptimes: 1547
tot_uptimes_duration: 94230.22824000023
