comms_cons: 204.53112319203433
finished_reconf: true
global_termination_time: 2073043.889
local_termination_time: 449779.03876000043
node_cons: 42590.82770112107
tot_aggregated_send: 28768
tot_msg_rcv: 786
tot_msg_sent: 1533
tot_reconf_duration: 7.819999999999999
tot_sleeping_duration: 2041243.8829199988
tot_uptimes: 531
tot_uptimes_duration: 31800.00608000107
