comms_cons: 178.77002238257728
finished_reconf: true
global_termination_time: 1781650.97
local_termination_time: 542877.8533999983
node_cons: 36643.503042233664
tot_aggregated_send: 24418
tot_msg_rcv: 725
tot_msg_sent: 2029
tot_reconf_duration: 6.22
tot_sleeping_duration: 1754290.9578400047
tot_uptimes: 457
tot_uptimes_duration: 27360.01215999527
