comms_cons: 148.5657279923319
finished_reconf: true
global_termination_time: 1481562.3535999998
local_termination_time: 1481562.3124799998
node_cons: 30518.125126226805
tot_aggregated_send: 20854
tot_msg_rcv: 605
tot_msg_sent: 1122
tot_reconf_duration: 37.410000000000004
tot_sleeping_duration: 1458808.5654400098
tot_uptimes: 380
tot_uptimes_duration: 22753.7881599901
