comms_cons: 152.7807871814282
finished_reconf: true
global_termination_time: 1486659.308
local_termination_time: 313164.63416000037
node_cons: 30550.113131173006
tot_aggregated_send: 19836
tot_msg_rcv: 1182
tot_msg_sent: 2204
tot_reconf_duration: 15.34
tot_sleeping_duration: 1463859.2472000201
tot_uptimes: 381
tot_uptimes_duration: 22800.06079997978
