comms_cons: 146.99248639552698
finished_reconf: true
global_termination_time: 1482174.993
local_termination_time: 798622.5283599999
node_cons: 30459.846219999985
tot_aggregated_send: 21460
tot_msg_rcv: 367
tot_msg_sent: 515
tot_reconf_duration: 8.09
tot_sleeping_duration: 1459434.993
tot_uptimes: 380
tot_uptimes_duration: 22739.999999999985
