comms_cons: 146.46019839650967
finished_reconf: true
global_termination_time: 1485582.958
local_termination_time: 540108.4443599998
node_cons: 30554.602741116818
tot_aggregated_send: 21576
tot_msg_rcv: 238
tot_msg_sent: 447
tot_reconf_duration: 18.700000000000003
tot_sleeping_duration: 1462782.9519200025
tot_uptimes: 381
tot_uptimes_duration: 22800.006079997635
