comms_cons: 49.04135680045873
finished_reconf: true
global_termination_time: 502973.608
local_termination_time: 470714.6027200006
node_cons: 10314.278700000043
tot_aggregated_send: 7134
tot_msg_rcv: 86
tot_msg_sent: 234
tot_reconf_duration: 22.65
tot_sleeping_duration: 495293.608
tot_uptimes: 129
tot_uptimes_duration: 7680.0
