comms_cons: 53.509260799776186
finished_reconf: true
global_termination_time: 541778.748
local_termination_time: 109420.77299999946
node_cons: 11101.798241121442
tot_aggregated_send: 7656
tot_msg_rcv: 138
tot_msg_sent: 339
tot_reconf_duration: 10.95
tot_sleeping_duration: 533498.7419199989
tot_uptimes: 139
tot_uptimes_duration: 8280.006080001069
