comms_cons: 94.41740799399435
finished_reconf: true
global_termination_time: 912329.914
local_termination_time: 129907.36775999976
node_cons: 18727.86221567706
tot_aggregated_send: 11832
tot_msg_rcv: 822
tot_msg_sent: 1697
tot_reconf_duration: 6.279999999999999
tot_sleeping_duration: 898349.8288800023
tot_uptimes: 234
tot_uptimes_duration: 13980.085119997791
