comms_cons: 91.16797439743982
finished_reconf: true
global_termination_time: 913861.512
local_termination_time: 175823.522
node_cons: 18812.368642242865
tot_aggregated_send: 12751
tot_msg_rcv: 292
tot_msg_sent: 814
tot_reconf_duration: 9.42
tot_sleeping_duration: 899821.4998399979
tot_uptimes: 235
tot_uptimes_duration: 14040.012160002138
