comms_cons: 92.90658559618464
finished_reconf: true
global_termination_time: 916230.968
local_termination_time: 343107.1444400007
node_cons: 18816.74410447196
tot_aggregated_send: 12296
tot_msg_rcv: 612
tot_msg_sent: 1213
tot_reconf_duration: 12.629999999999999
tot_sleeping_duration: 902190.9436800061
tot_uptimes: 235
tot_uptimes_duration: 14040.024319993972
