comms_cons: 93.83098239346909
finished_reconf: true
global_termination_time: 912261.942
local_termination_time: 337747.88636
node_cons: 18744.65530559792
tot_aggregated_send: 11600
tot_msg_rcv: 975
tot_msg_sent: 1686
tot_reconf_duration: 18.700000000000003
tot_sleeping_duration: 898281.9116000015
tot_uptimes: 234
tot_uptimes_duration: 13980.030399998475
