comms_cons: 71.31852799895512
finished_reconf: true
global_termination_time: 712730.271
local_termination_time: 271470.4463200002
node_cons: 14632.499560000031
tot_aggregated_send: 10034
tot_msg_rcv: 290
tot_msg_sent: 516
tot_reconf_duration: 7.819999999999999
tot_sleeping_duration: 701810.271
tot_uptimes: 183
tot_uptimes_duration: 10920.0
