comms_cons: 231.1673983834288
finished_reconf: true
global_termination_time: 2340014.408
local_termination_time: 661626.22336
node_cons: 48154.44312334991
tot_aggregated_send: 31610
tot_msg_rcv: 1217
tot_msg_sent: 2309
tot_reconf_duration: 22.65
tot_sleeping_duration: 2304074.389760007
tot_uptimes: 600
tot_uptimes_duration: 35940.0182399929
