comms_cons: 146.54440961470854
finished_reconf: true
global_termination_time: 302005.7316800003
local_termination_time: 959.4020399999995
node_cons: 18482.126904481123
tot_aggregated_send: 0
tot_msg_rcv: 8964
tot_msg_sent: 13308
tot_reconf_duration: 18.21
tot_sleeping_duration: 288221.26735999953
tot_uptimes: 228
tot_uptimes_duration: 13784.464320000818
