comms_cons: 199.97361918911992
finished_reconf: true
global_termination_time: 2020358.595
local_termination_time: 586252.8316399992
node_cons: 41566.5631233502
tot_aggregated_send: 28478
tot_msg_rcv: 710
tot_msg_sent: 1205
tot_reconf_duration: 22.65
tot_sleeping_duration: 1989338.576760007
tot_uptimes: 518
tot_uptimes_duration: 31020.018239992904
