comms_cons: 29.132697600088918
finished_reconf: true
global_termination_time: 299700.739
local_termination_time: 2849.0906000000004
node_cons: 6126.679861120013
tot_aggregated_send: 4234
tot_msg_rcv: 34
tot_msg_sent: 160
tot_reconf_duration: 15.34
tot_sleeping_duration: 295140.73292
tot_uptimes: 77
tot_uptimes_duration: 4560.006080000005
