comms_cons: 2.172390399994643
finished_reconf: true
global_termination_time: 12760.05148
local_termination_time: 12760.01036
node_cons: 292.77165984000686
tot_aggregated_send: 0
tot_msg_rcv: 161
tot_msg_sent: 168
tot_reconf_duration: 24.59
tot_sleeping_duration: 12566.340919999995
tot_uptimes: 4
tot_uptimes_duration: 193.710560000005
