comms_cons: 2.2895615999946
finished_reconf: true
global_termination_time: 13930.101
local_termination_time: 5886.7123599999995
node_cons: 245.16189999999904
tot_aggregated_send: 0
tot_msg_rcv: 176
tot_msg_sent: 172
tot_reconf_duration: 3.05
tot_sleeping_duration: 13750.101
tot_uptimes: 4
tot_uptimes_duration: 180.0
