comms_cons: 99.61266559698521
finished_reconf: true
global_termination_time: 1010847.052
local_termination_time: 39607.78748000011
node_cons: 20752.473603350525
tot_aggregated_send: 14094
tot_msg_rcv: 361
tot_msg_sent: 685
tot_reconf_duration: 18.21
tot_sleeping_duration: 995367.0337600071
tot_uptimes: 259
tot_uptimes_duration: 15480.018239992904
