comms_cons: 144.57090556632426
finished_reconf: true
global_termination_time: 1013609.461
local_termination_time: 321862.16836000007
node_cons: 20815.466504471948
tot_aggregated_send: 0
tot_msg_rcv: 11182
tot_msg_sent: 10791
tot_reconf_duration: 5.43
tot_sleeping_duration: 998069.4366800061
tot_uptimes: 260
tot_uptimes_duration: 15540.024319993972
