comms_cons: 80.35897599863398
finished_reconf: true
global_termination_time: 781633.707
local_termination_time: 52810.19792000006
node_cons: 16088.551944483468
tot_aggregated_send: 10556
tot_msg_rcv: 624
tot_msg_sent: 1034
tot_reconf_duration: 15.110000000000001
tot_sleeping_duration: 769633.6826799974
tot_uptimes: 201
tot_uptimes_duration: 12000.024320002572
