comms_cons: 81.38815999894508
finished_reconf: true
global_termination_time: 781726.562
local_termination_time: 1735.72348
node_cons: 16093.47601120949
tot_aggregated_send: 10266
tot_msg_rcv: 771
tot_msg_sent: 1334
tot_reconf_duration: 18.700000000000003
tot_sleeping_duration: 769726.501199993
tot_uptimes: 201
tot_uptimes_duration: 12000.060800007072
