comms_cons: 0.5855487999996878
finished_reconf: true
global_termination_time: 6636.196
local_termination_time: 919.5250399999994
node_cons: 111.09869999999997
tot_aggregated_send: 0
tot_msg_rcv: 50
tot_msg_sent: 38
tot_reconf_duration: 22.65
tot_sleeping_duration: 6576.196
tot_uptimes: 2
tot_uptimes_duration: 60.0
