comms_cons: 147.67735039684848
finished_reconf: true
global_termination_time: 1498812.641
local_termination_time: 194255.00999999998
node_cons: 30786.1069717614
tot_aggregated_send: 21572
tot_msg_rcv: 292
tot_msg_sent: 583
tot_reconf_duration: 7.819999999999999
tot_sleeping_duration: 1475828.707159999
tot_uptimes: 384
tot_uptimes_duration: 22983.93384000103
