comms_cons: 148.57212159637044
finished_reconf: true
global_termination_time: 1497396.3422400001
local_termination_time: 76813.86219999962
node_cons: 30797.75104494885
tot_aggregated_send: 21286
tot_msg_rcv: 419
tot_msg_sent: 877
tot_reconf_duration: 6.22
tot_sleeping_duration: 1474402.0896000084
tot_uptimes: 384
tot_uptimes_duration: 22994.25263999164
