comms_cons: 148.3609599978064
finished_reconf: true
global_termination_time: 1497396.1352399979
local_termination_time: 1497396.1352399979
node_cons: 30890.88977559556
tot_aggregated_send: 21678
tot_msg_rcv: 293
tot_msg_sent: 578
tot_reconf_duration: 24.59
tot_sleeping_duration: 1474350.9548400012
tot_uptimes: 384
tot_uptimes_duration: 23045.180399996636
