comms_cons: 44.17080320257262
finished_reconf: true
global_termination_time: 228925.2246000002
local_termination_time: 216.12903999999997
node_cons: 4711.039848400251
tot_aggregated_send: 0
tot_msg_rcv: 3362
tot_msg_sent: 3350
tot_reconf_duration: 22.65
tot_sleeping_duration: 225429.869
tot_uptimes: 59
tot_uptimes_duration: 3495.3556000001845
