comms_cons: 265.94519040361587
finished_reconf: true
global_termination_time: 2660701.467
local_termination_time: 24329.87208
node_cons: 54736.30988558326
tot_aggregated_send: 37236
tot_msg_rcv: 1046
tot_msg_sent: 2140
tot_reconf_duration: 18.21
tot_sleeping_duration: 2619841.436600012
tot_uptimes: 682
tot_uptimes_duration: 40860.03039998817
