comms_cons: 131.75657599630412
finished_reconf: true
global_termination_time: 1329569.189
local_termination_time: 170036.91148000007
node_cons: 27332.75968112148
tot_aggregated_send: 18966
tot_msg_rcv: 316
tot_msg_sent: 744
tot_reconf_duration: 12.629999999999999
tot_sleeping_duration: 1309169.182919999
tot_uptimes: 341
tot_uptimes_duration: 20400.00608000107
