comms_cons: 131.17608959888778
finished_reconf: true
global_termination_time: 1329691.432
local_termination_time: 81115.36995999965
node_cons: 27322.973940000054
tot_aggregated_send: 19140
tot_msg_rcv: 223
tot_msg_sent: 575
tot_reconf_duration: 5.43
tot_sleeping_duration: 1309291.432
tot_uptimes: 341
tot_uptimes_duration: 20400.0
