comms_cons: 613.0826881233241
finished_reconf: true
global_termination_time: 6153157.093
local_termination_time: 640891.8073599999
node_cons: 126566.35639340448
tot_aggregated_send: 85260
tot_msg_rcv: 2469
tot_msg_sent: 5455
tot_reconf_duration: 22.65
tot_sleeping_duration: 6058657.020040024
tot_uptimes: 1576
tot_uptimes_duration: 94500.07295997645
