comms_cons: 598.0953344323993
finished_reconf: true
global_termination_time: 6152877.88
local_termination_time: 3828866.955159999
node_cons: 126551.66019999587
tot_aggregated_send: 88160
tot_msg_rcv: 1042
tot_msg_sent: 1705
tot_reconf_duration: 11.899999999999999
tot_sleeping_duration: 6058377.88
tot_uptimes: 1576
tot_uptimes_duration: 94500.0
