comms_cons: 613.8623553232011
finished_reconf: true
global_termination_time: 6151556.423
local_termination_time: 1397516.38936
node_cons: 126546.1846889329
tot_aggregated_send: 85202
tot_msg_rcv: 2794
tot_msg_sent: 5307
tot_reconf_duration: 7.819999999999999
tot_sleeping_duration: 6057056.3743600175
tot_uptimes: 1576
tot_uptimes_duration: 94500.0486399827
