comms_cons: 270.9182976122122
finished_reconf: true
global_termination_time: 2732603.22
local_termination_time: 6429.674
node_cons: 56172.0683111683
tot_aggregated_send: 37805
tot_msg_rcv: 1112
tot_msg_sent: 2261
tot_reconf_duration: 10.55
tot_sleeping_duration: 2690663.159200023
tot_uptimes: 700
tot_uptimes_duration: 41940.060799977044
