comms_cons: 11.68716800011066
finished_reconf: true
global_termination_time: 108536.645
local_termination_time: 35415.136280000064
node_cons: 2179.823983360873
tot_aggregated_send: 696
tot_msg_rcv: 437
tot_msg_sent: 644
tot_reconf_duration: 7.819999999999999
tot_sleeping_duration: 106916.62675999936
tot_uptimes: 28
tot_uptimes_duration: 1620.0182400006524
