comms_cons: 2.309299199992369
finished_reconf: true
global_termination_time: 18364.462
local_termination_time: 10647.55336
node_cons: 329.8882399999984
tot_aggregated_send: 0
tot_msg_rcv: 180
tot_msg_sent: 171
tot_reconf_duration: 6.279999999999999
tot_sleeping_duration: 18124.462
tot_uptimes: 5
tot_uptimes_duration: 240.0
