comms_cons: 2.269823999996684
finished_reconf: true
global_termination_time: 16954.475
local_termination_time: 4180.909360000001
node_cons: 339.24486000000013
tot_aggregated_send: 0
tot_msg_rcv: 181
tot_msg_sent: 164
tot_reconf_duration: 13.17
tot_sleeping_duration: 16714.475
tot_uptimes: 5
tot_uptimes_duration: 240.0
