comms_cons: 2.1316607999931017
finished_reconf: true
global_termination_time: 15210.807
local_termination_time: 2085.201640000001
node_cons: 266.41459999999944
tot_aggregated_send: 0
tot_msg_rcv: 166
tot_msg_sent: 158
tot_reconf_duration: 18.700000000000003
tot_sleeping_duration: 15030.807
tot_uptimes: 4
tot_uptimes_duration: 179.99999999999977
