comms_cons: 65.6933120001831
finished_reconf: true
global_termination_time: 672479.5272400001
local_termination_time: 369372.1781200009
node_cons: 13879.428273041374
tot_aggregated_send: 9396
tot_msg_rcv: 183
tot_msg_sent: 405
tot_reconf_duration: 18.21
tot_sleeping_duration: 662132.4778799991
tot_uptimes: 173
tot_uptimes_duration: 10347.04936000099
