comms_cons: 69.19344639842139
finished_reconf: true
global_termination_time: 674799.283
local_termination_time: 8589.0582
node_cons: 13829.099560000019
tot_aggregated_send: 8990
tot_msg_rcv: 547
tot_msg_sent: 980
tot_reconf_duration: 7.819999999999999
tot_sleeping_duration: 664479.283
tot_uptimes: 173
tot_uptimes_duration: 10320.0
