comms_cons: 1.4868991999977044
finished_reconf: true
global_termination_time: 9299.537
local_termination_time: 3992.9643600000004
node_cons: 171.2995600000002
tot_aggregated_send: 0
tot_msg_rcv: 117
tot_msg_sent: 109
tot_reconf_duration: 7.819999999999999
tot_sleeping_duration: 9179.537
tot_uptimes: 3
tot_uptimes_duration: 120.0
