comms_cons: 274.640416022339
finished_reconf: true
global_termination_time: 2808507.965
local_termination_time: 6648.406000000001
node_cons: 57848.58608335009
tot_aggregated_send: 39668
tot_msg_rcv: 735
tot_msg_sent: 1340
tot_reconf_duration: 2.77
tot_sleeping_duration: 2765307.9467600062
tot_uptimes: 720
tot_uptimes_duration: 43200.01823999337
