comms_cons: 274.42501122228464
finished_reconf: true
global_termination_time: 2810701.247
local_termination_time: 5457.984
node_cons: 57855.077323350095
tot_aggregated_send: 39142
tot_msg_rcv: 922
tot_msg_sent: 1647
tot_reconf_duration: 7.55
tot_sleeping_duration: 2767501.228760007
tot_uptimes: 720
tot_uptimes_duration: 43200.01823999337
