comms_cons: 275.69366401766405
finished_reconf: true
global_termination_time: 2809712.073
local_termination_time: 6448.583
node_cons: 57851.0277467006
tot_aggregated_send: 39261
tot_msg_rcv: 778
tot_msg_sent: 1864
tot_reconf_duration: 4.55
tot_sleeping_duration: 2766512.0365200136
tot_uptimes: 720
tot_uptimes_duration: 43200.03647998627
