comms_cons: 271.25603203050883
finished_reconf: true
global_termination_time: 2808668.802
local_termination_time: 7360.645
node_cons: 57852.73068558408
tot_aggregated_send: 38796
tot_msg_rcv: 836
tot_msg_sent: 1597
tot_reconf_duration: 5.8100000000000005
tot_sleeping_duration: 2765468.7716000113
tot_uptimes: 720
tot_uptimes_duration: 43200.03039998887
