comms_cons: 278.16782720897515
finished_reconf: true
global_termination_time: 2809778.557
local_termination_time: 5643.098
node_cons: 57879.26600558345
tot_aggregated_send: 39241
tot_msg_rcv: 987
tot_msg_sent: 2050
tot_reconf_duration: 25.35
tot_sleeping_duration: 2766578.5266000116
tot_uptimes: 720
tot_uptimes_duration: 43200.030399988405
