comms_cons: 55.023104000718796
finished_reconf: true
global_termination_time: 547922.9744799999
local_termination_time: 547922.9333599999
node_cons: 11299.359800962677
tot_aggregated_send: 7526
tot_msg_rcv: 246
tot_msg_sent: 592
tot_reconf_duration: 24.59
tot_sleeping_duration: 539509.2578399979
tot_uptimes: 141
tot_uptimes_duration: 8413.716640001978
