comms_cons: 55.3140352006814
finished_reconf: true
global_termination_time: 551986.902
local_termination_time: 366080.3374400007
node_cons: 11335.512201121455
tot_aggregated_send: 7772
tot_msg_rcv: 233
tot_msg_sent: 402
tot_reconf_duration: 5.57
tot_sleeping_duration: 543526.8959199989
tot_uptimes: 142
tot_uptimes_duration: 8460.006080001069
