comms_cons: 55.68478720087188
finished_reconf: true
global_termination_time: 551821.968
local_termination_time: 395853.48936
node_cons: 11334.873941121416
tot_aggregated_send: 7366
tot_msg_rcv: 401
tot_msg_sent: 695
tot_reconf_duration: 5.1
tot_sleeping_duration: 543361.961919999
tot_uptimes: 142
tot_uptimes_duration: 8460.006080001069
