comms_cons: 273.9052544161898
finished_reconf: true
global_termination_time: 2703974.978
local_termination_time: 3090.41048
node_cons: 55620.11640709953
tot_aggregated_send: 37410
tot_msg_rcv: 1499
tot_msg_sent: 2723
tot_reconf_duration: 18.21
tot_sleeping_duration: 2662454.897920015
tot_uptimes: 693
tot_uptimes_duration: 41520.080079985404
