comms_cons: 274.142105606035
finished_reconf: true
global_termination_time: 2704584.033
local_termination_time: 654429.6473599998
node_cons: 55602.90104781713
tot_aggregated_send: 37352
tot_msg_rcv: 1528
tot_msg_sent: 2788
tot_reconf_duration: 5.57
tot_sleeping_duration: 2663063.990440016
tot_uptimes: 693
tot_uptimes_duration: 41520.042559983674
