comms_cons: 1262.710787439551
finished_reconf: true
global_termination_time: 6417979.096599998
local_termination_time: 2443.3464800000024
node_cons: 132043.9536048597
tot_aggregated_send: 0
tot_msg_rcv: 96624
tot_msg_sent: 95296
tot_reconf_duration: 18.21
tot_sleeping_duration: 6319383.7086800095
tot_uptimes: 1644
tot_uptimes_duration: 98595.38791998802
