comms_cons: 630.2751808777209
finished_reconf: true
global_termination_time: 6418017.882
local_termination_time: 3677806.133799999
node_cons: 132091.78492446453
tot_aggregated_send: 88972
tot_msg_rcv: 2357
tot_msg_sent: 4469
tot_reconf_duration: 9.42
tot_sleeping_duration: 6319377.857680009
tot_uptimes: 1644
tot_uptimes_duration: 98640.02431999124
