comms_cons: 45.02478080252583
finished_reconf: true
global_termination_time: 228987.341
local_termination_time: 20217.811360000003
node_cons: 4690.486841120014
tot_aggregated_send: 0
tot_msg_rcv: 3492
tot_msg_sent: 3351
tot_reconf_duration: 22.65
tot_sleeping_duration: 225507.33491999996
tot_uptimes: 59
tot_uptimes_duration: 3480.0060800000065
