comms_cons: 46.60768000315853
finished_reconf: true
global_termination_time: 230899.966
local_termination_time: 19867.828680000006
node_cons: 4746.054184482025
tot_aggregated_send: 0
tot_msg_rcv: 3657
tot_msg_sent: 3427
tot_reconf_duration: 4.390000000000001
tot_sleeping_duration: 227359.94167999848
tot_uptimes: 60
tot_uptimes_duration: 3540.02432000151
