comms_cons: 23.64564480011268
finished_reconf: true
global_termination_time: 228927.5242400005
local_termination_time: 228927.48312000048
node_cons: 4743.8755669587135
tot_aggregated_send: 2886
tot_msg_rcv: 209
tot_msg_sent: 498
tot_reconf_duration: 24.59
tot_sleeping_duration: 225409.61360000147
tot_uptimes: 59
tot_uptimes_duration: 3517.910639999027
