comms_cons: 48.19921920053071
finished_reconf: true
global_termination_time: 468809.464
local_termination_time: 92709.97947999995
node_cons: 9646.786043362024
tot_aggregated_send: 6380
tot_msg_rcv: 367
tot_msg_sent: 579
tot_reconf_duration: 4.390000000000001
tot_sleeping_duration: 461609.4457599985
tot_uptimes: 121
tot_uptimes_duration: 7200.018240001504
