comms_cons: 11.804339199864508
finished_reconf: true
global_termination_time: 104181.758
local_termination_time: 45875.76836000002
node_cons: 2092.9981822383056
tot_aggregated_send: 870
tot_msg_rcv: 282
tot_msg_sent: 644
tot_reconf_duration: 3.05
tot_sleeping_duration: 102621.74584000127
tot_uptimes: 27
tot_uptimes_duration: 1560.0121599987324
