comms_cons: 153.11772158869712
finished_reconf: true
global_termination_time: 1577111.535
local_termination_time: 556105.6629199983
node_cons: 32388.079490060692
tot_aggregated_send: 20126
tot_msg_rcv: 1094
tot_msg_sent: 2053
tot_reconf_duration: 8.09
tot_sleeping_duration: 1552931.4802800145
tot_uptimes: 404
tot_uptimes_duration: 24180.05471998558
