comms_cons: 156.2192383912356
finished_reconf: true
global_termination_time: 1574981.177
local_termination_time: 739971.3023599999
node_cons: 32397.571944467363
tot_aggregated_send: 21460
tot_msg_rcv: 835
tot_msg_sent: 1449
tot_reconf_duration: 15.110000000000001
tot_sleeping_duration: 1550801.1526800094
tot_uptimes: 404
tot_uptimes_duration: 24180.024319990538
