comms_cons: 155.18359039382065
finished_reconf: true
global_termination_time: 1572614.575
local_termination_time: 642950.9375199982
node_cons: 32309.48050111694
tot_aggregated_send: 21982
tot_msg_rcv: 506
tot_msg_sent: 1099
tot_reconf_duration: 9.42
tot_sleeping_duration: 1548494.5689200023
tot_uptimes: 403
tot_uptimes_duration: 24120.006079997635
