comms_cons: 154.17697279618494
finished_reconf: true
global_termination_time: 1576335.607
local_termination_time: 846901.8983599999
node_cons: 32393.188341116915
tot_aggregated_send: 22156
tot_msg_rcv: 517
tot_msg_sent: 761
tot_reconf_duration: 11.899999999999999
tot_sleeping_duration: 1552155.6009200024
tot_uptimes: 404
tot_uptimes_duration: 24180.006079997635
