comms_cons: 159.1498751881851
finished_reconf: true
global_termination_time: 1572739.982
local_termination_time: 321761.95536000055
node_cons: 32307.372830065346
tot_aggregated_send: 20938
tot_msg_rcv: 1026
tot_msg_sent: 2226
tot_reconf_duration: 7.819999999999999
tot_sleeping_duration: 1548619.927280011
tot_uptimes: 403
tot_uptimes_duration: 24120.054719989013
