comms_cons: 271.37884161039153
finished_reconf: true
global_termination_time: 2808203.88
local_termination_time: 4578.114
node_cons: 57850.23737005142
tot_aggregated_send: 39029
tot_msg_rcv: 817
tot_msg_sent: 1402
tot_reconf_duration: 3.95
tot_sleeping_duration: 2765003.8252800205
tot_uptimes: 720
tot_uptimes_duration: 43200.05471997941
