comms_cons: 277.9042944105792
finished_reconf: true
global_termination_time: 2807765.948
local_termination_time: 7334.578
node_cons: 57859.21645228539
tot_aggregated_send: 38965
tot_msg_rcv: 1108
tot_msg_sent: 2166
tot_reconf_duration: 10.55
tot_sleeping_duration: 2764565.8811200247
tot_uptimes: 720
tot_uptimes_duration: 43200.06687997491
