comms_cons: 68.25324800749405
finished_reconf: true
global_termination_time: 466471.496
local_termination_time: 26340.263600000002
node_cons: 9585.205462240592
tot_aggregated_send: 0
tot_msg_rcv: 5274
tot_msg_sent: 5101
tot_reconf_duration: 18.21
tot_sleeping_duration: 459331.48383999954
tot_uptimes: 120
tot_uptimes_duration: 7140.012160000435
