comms_cons: 45.37674240029166
finished_reconf: true
global_termination_time: 467169.862
local_termination_time: 79718.42459999968
node_cons: 9591.218700000025
tot_aggregated_send: 6496
tot_msg_rcv: 130
tot_msg_sent: 271
tot_reconf_duration: 22.65
tot_sleeping_duration: 460029.862
tot_uptimes: 120
tot_uptimes_duration: 7140.0
