comms_cons: 63.06163199770162
finished_reconf: true
global_termination_time: 627218.587
local_termination_time: 319328.28836000006
node_cons: 12885.174982238314
tot_aggregated_send: 8700
tot_msg_rcv: 322
tot_msg_sent: 563
tot_reconf_duration: 22.65
tot_sleeping_duration: 617618.5748400014
tot_uptimes: 161
tot_uptimes_duration: 9600.012159998703
