comms_cons: 223.78129919483888
finished_reconf: true
global_termination_time: 2267307.714
local_termination_time: 860440.3986399982
node_cons: 46618.53776607388
tot_aggregated_send: 32422
tot_msg_rcv: 497
tot_msg_sent: 1094
tot_reconf_duration: 13.17
tot_sleeping_duration: 2232505.1352800047
tot_uptimes: 581
tot_uptimes_duration: 34802.5787199958
