comms_cons: 231.5570239785252
finished_reconf: true
global_termination_time: 2270151.238
local_termination_time: 507160.27436000004
node_cons: 46685.0034922892
tot_aggregated_send: 31030
tot_msg_rcv: 1487
tot_msg_sent: 2678
tot_reconf_duration: 5.43
tot_sleeping_duration: 2235291.1711200224
tot_uptimes: 582
tot_uptimes_duration: 34860.066879977414
