comms_cons: 804.2085123373857
finished_reconf: true
global_termination_time: 2766883.817
local_termination_time: 1531839.5264799998
node_cons: 112547.61988878992
tot_aggregated_send: 0
tot_msg_rcv: 41048
tot_msg_sent: 81187
tot_reconf_duration: 18.21
tot_sleeping_duration: 2682848.7978000045
tot_uptimes: 1385
tot_uptimes_duration: 84035.01919999496
