comms_cons: 147.28259839383338
finished_reconf: true
global_termination_time: 1494411.54
local_termination_time: 261738.795
node_cons: 30695.84976112158
tot_aggregated_send: 21281
tot_msg_rcv: 321
tot_msg_sent: 784
tot_reconf_duration: 4.390000000000001
tot_sleeping_duration: 1471491.533919999
tot_uptimes: 383
tot_uptimes_duration: 22920.006080001127
