comms_cons: 148.17799679822613
finished_reconf: true
global_termination_time: 1493723.55448
local_termination_time: 1493723.51336
node_cons: 30741.631659841278
tot_aggregated_send: 21504
tot_msg_rcv: 372
tot_msg_sent: 645
tot_reconf_duration: 24.59
tot_sleeping_duration: 1470789.843919999
tot_uptimes: 383
tot_uptimes_duration: 22933.71056000091
