comms_cons: 148.2491135937455
finished_reconf: true
global_termination_time: 1494111.696
local_termination_time: 264976.005360001
node_cons: 30694.021899999956
tot_aggregated_send: 21286
tot_msg_rcv: 425
tot_msg_sent: 822
tot_reconf_duration: 3.05
tot_sleeping_duration: 1471191.696
tot_uptimes: 383
tot_uptimes_duration: 22919.999999999884
