comms_cons: 145.9069183965567
finished_reconf: true
global_termination_time: 1495088.506
local_termination_time: 438041.43536000006
node_cons: 30700.49956000006
tot_aggregated_send: 21402
tot_msg_rcv: 192
tot_msg_sent: 583
tot_reconf_duration: 7.819999999999999
tot_sleeping_duration: 1472168.506
tot_uptimes: 383
tot_uptimes_duration: 22920.0
