comms_cons: 147.16354559528713
finished_reconf: true
global_termination_time: 1496258.43
local_termination_time: 323010.6094800005
node_cons: 30778.66676000001
tot_aggregated_send: 21228
tot_msg_rcv: 389
tot_msg_sent: 751
tot_reconf_duration: 6.22
tot_sleeping_duration: 1473278.43
tot_uptimes: 384
tot_uptimes_duration: 22980.0
