comms_cons: 132.94409599576412
finished_reconf: true
global_termination_time: 1317271.9154799997
local_termination_time: 1317271.8743599998
node_cons: 27126.356083200964
tot_aggregated_send: 18314
tot_msg_rcv: 660
tot_msg_sent: 1232
tot_reconf_duration: 24.59
tot_sleeping_duration: 1297038.186679999
tot_uptimes: 338
tot_uptimes_duration: 20233.72880000068
