comms_cons: 131.5708415928234
finished_reconf: true
global_termination_time: 1323031.864
local_termination_time: 668407.8980799996
node_cons: 27160.89790223832
tot_aggregated_send: 17980
tot_msg_rcv: 681
tot_msg_sent: 1337
tot_reconf_duration: 4.390000000000001
tot_sleeping_duration: 1302751.8518400013
tot_uptimes: 339
tot_uptimes_duration: 20280.012159998703
