comms_cons: 128.61020159649487
finished_reconf: true
global_termination_time: 1318551.615
local_termination_time: 1017000.4166399982
node_cons: 27085.199560000132
tot_aggregated_send: 18212
tot_msg_rcv: 390
tot_msg_sent: 946
tot_reconf_duration: 7.819999999999999
tot_sleeping_duration: 1298331.615
tot_uptimes: 338
tot_uptimes_duration: 20220.0
