comms_cons: 130.48346239479847
finished_reconf: true
global_termination_time: 1322398.768
local_termination_time: 721675.70636
node_cons: 27163.383042233825
tot_aggregated_send: 18444
tot_msg_rcv: 402
tot_msg_sent: 986
tot_reconf_duration: 6.22
tot_sleeping_duration: 1302118.7558400047
tot_uptimes: 339
tot_uptimes_duration: 20280.01215999527
