comms_cons: 270.2801152316389
finished_reconf: true
global_termination_time: 2809317.327
local_termination_time: 6499.615999999999
node_cons: 57852.80402446662
tot_aggregated_send: 38622
tot_msg_rcv: 846
tot_msg_sent: 1613
tot_reconf_duration: 5.87
tot_sleeping_duration: 2766117.302680009
tot_uptimes: 720
tot_uptimes_duration: 43200.02431999077
