comms_cons: 261.98374401627075
finished_reconf: true
global_termination_time: 2811181.609
local_termination_time: 5019.595
node_cons: 57852.69812111611
tot_aggregated_send: 39260
tot_msg_rcv: 130
tot_msg_sent: 430
tot_reconf_duration: 5.8100000000000005
tot_sleeping_duration: 2767981.6029200023
tot_uptimes: 720
tot_uptimes_duration: 43200.00607999787
