comms_cons: 13.219391999972006
finished_reconf: true
global_termination_time: 85406.426
local_termination_time: 894.0768799999985
node_cons: 1723.5738610389003
tot_aggregated_send: 290
tot_msg_rcv: 788
tot_msg_sent: 932
tot_reconf_duration: 18.21
tot_sleeping_duration: 84137.68464000084
tot_uptimes: 22
tot_uptimes_duration: 1268.7413599991787
