comms_cons: 10.480947200044456
finished_reconf: true
global_termination_time: 84390.438
local_termination_time: 14630.056359999999
node_cons: 1694.1065055988915
tot_aggregated_send: 406
tot_msg_rcv: 479
tot_msg_sent: 709
tot_reconf_duration: 5.1
tot_sleeping_duration: 83130.40760000082
tot_uptimes: 22
tot_uptimes_duration: 1260.0303999991738
