comms_cons: 10.247577599791867
finished_reconf: true
global_termination_time: 84303.051
local_termination_time: 901.3986799999988
node_cons: 1728.5803886402891
tot_aggregated_send: 696
tot_msg_rcv: 402
tot_msg_sent: 463
tot_reconf_duration: 25.299999999999997
tot_sleeping_duration: 83037.76123999979
tot_uptimes: 22
tot_uptimes_duration: 1265.2897600002161
