comms_cons: 11.56028160009753
finished_reconf: true
global_termination_time: 83470.234
local_termination_time: 43321.24636000001
node_cons: 1699.9730655991739
tot_aggregated_send: 522
tot_msg_rcv: 541
tot_msg_sent: 695
tot_reconf_duration: 9.42
tot_sleeping_duration: 82210.20360000062
tot_uptimes: 22
tot_uptimes_duration: 1260.0303999993848
