comms_cons: 11.286412800095098
finished_reconf: true
global_termination_time: 87803.033
local_termination_time: 41010.15748000001
node_cons: 1778.1239833608731
tot_aggregated_send: 522
tot_msg_rcv: 493
tot_msg_sent: 700
tot_reconf_duration: 7.819999999999999
tot_sleeping_duration: 86483.01475999935
tot_uptimes: 23
tot_uptimes_duration: 1320.0182400006524
