comms_cons: 280.7015680097345
finished_reconf: true
global_termination_time: 2823765.85748
local_termination_time: 2823765.8163599996
node_cons: 58137.5798009567
tot_aggregated_send: 40586
tot_msg_rcv: 736
tot_msg_sent: 1342
tot_reconf_duration: 24.59
tot_sleeping_duration: 2780372.1408400014
tot_uptimes: 724
tot_uptimes_duration: 43393.71663999854
