comms_cons: 276.47176957720717
finished_reconf: true
global_termination_time: 2824865.482
local_termination_time: 1926746.461239999
node_cons: 58120.17739999902
tot_aggregated_send: 37874
tot_msg_rcv: 1267
tot_msg_sent: 2882
tot_reconf_duration: 25.299999999999997
tot_sleeping_duration: 2781485.482
tot_uptimes: 724
tot_uptimes_duration: 43380.0
