comms_cons: 1257.022419401442
finished_reconf: true
global_termination_time: 2825139.761
local_termination_time: 1340080.591519999
node_cons: 171575.49680085335
tot_aggregated_send: 0
tot_msg_rcv: 77143
tot_msg_sent: 113918
tot_reconf_duration: 6.22
tot_sleeping_duration: 2697009.0290800156
tot_uptimes: 2100
tot_uptimes_duration: 128130.73191998433
