comms_cons: 100.62949119280228
finished_reconf: true
global_termination_time: 969103.638
local_termination_time: 100444.60947999997
node_cons: 19949.122450079118
tot_aggregated_send: 12644
tot_msg_rcv: 913
tot_msg_sent: 1738
tot_reconf_duration: 18.21
tot_sleeping_duration: 954223.5832800007
tot_uptimes: 249
tot_uptimes_duration: 14880.054719999316
