comms_cons: 137.9329279931959
finished_reconf: true
global_termination_time: 1447819.925
local_termination_time: 4026.0170000000003
node_cons: 29735.75680782707
tot_aggregated_send: 19770
tot_msg_rcv: 352
tot_msg_sent: 843
tot_reconf_duration: 7.29
tot_sleeping_duration: 1425619.8824400096
tot_uptimes: 371
tot_uptimes_duration: 22200.04255999031
