comms_cons: 133.71130879222562
finished_reconf: true
global_termination_time: 1445204.868
local_termination_time: 6672.623
node_cons: 29740.23273453266
tot_aggregated_send: 18674
tot_msg_rcv: 669
tot_msg_sent: 981
tot_reconf_duration: 10.55
tot_sleeping_duration: 1423004.7889600205
tot_uptimes: 371
tot_uptimes_duration: 22200.07903997955
