comms_cons: 15.717708800085147
finished_reconf: true
global_termination_time: 154731.386
local_termination_time: 13268.69792
node_cons: 3141.70676
tot_aggregated_send: 2088
tot_msg_rcv: 132
tot_msg_sent: 169
tot_reconf_duration: 6.22
tot_sleeping_duration: 152391.386
tot_uptimes: 40
tot_uptimes_duration: 2340.0
