comms_cons: 275.5498047840797
finished_reconf: true
global_termination_time: 2810172.699
local_termination_time: 345.19012
node_cons: 57853.61338558313
tot_aggregated_send: 39382
tot_msg_rcv: 908
tot_msg_sent: 1591
tot_reconf_duration: 6.46
tot_sleeping_duration: 2766972.668600012
tot_uptimes: 720
tot_uptimes_duration: 43200.03039998817
