comms_cons: 376.94868479375936
finished_reconf: true
global_termination_time: 3856338.194
local_termination_time: 2632805.5753599987
node_cons: 79313.46485999794
tot_aggregated_send: 56086
tot_msg_rcv: 422
tot_msg_sent: 786
tot_reconf_duration: 13.17
tot_sleeping_duration: 3797118.194
tot_uptimes: 988
tot_uptimes_duration: 59220.0
