comms_cons: 165.14449919559542
finished_reconf: true
global_termination_time: 1677945.899
local_termination_time: 888372.92
node_cons: 34474.39638111685
tot_aggregated_send: 24126
tot_msg_rcv: 300
tot_msg_sent: 675
tot_reconf_duration: 6.279999999999999
tot_sleeping_duration: 1652205.8929200023
tot_uptimes: 430
tot_uptimes_duration: 25740.006079997635
