comms_cons: 169.92453118320736
finished_reconf: true
global_termination_time: 1680738.332
local_termination_time: 837933.09936
node_cons: 34554.679324467426
tot_aggregated_send: 22272
tot_msg_rcv: 1226
tot_msg_sent: 2332
tot_reconf_duration: 6.22
tot_sleeping_duration: 1654938.3076800094
tot_uptimes: 431
tot_uptimes_duration: 25800.024319990538
