comms_cons: 323.66531203882596
finished_reconf: true
global_termination_time: 374313.19668000116
local_termination_time: 374313.19668000116
node_cons: 37313.09374150064
tot_aggregated_send: 0
tot_msg_rcv: 22286
tot_msg_sent: 26908
tot_reconf_duration: 37.410000000000004
tot_sleeping_duration: 346484.74935998564
tot_uptimes: 448
tot_uptimes_duration: 27828.44732001552
