comms_cons: 38.35861760040842
finished_reconf: true
global_termination_time: 376777.45
local_termination_time: 43205.31084000012
node_cons: 7747.013682242874
tot_aggregated_send: 4872
tot_msg_rcv: 283
tot_msg_sent: 676
tot_reconf_duration: 25.299999999999997
tot_sleeping_duration: 371017.4378399979
tot_uptimes: 97
tot_uptimes_duration: 5760.0121600021375
