comms_cons: 38.24677119999473
finished_reconf: true
global_termination_time: 374313.32336000015
local_termination_time: 90276.32459999995
node_cons: 7665.154973525956
tot_aggregated_send: 4930
tot_msg_rcv: 303
tot_msg_sent: 581
tot_reconf_duration: 9.11
tot_sleeping_duration: 368598.0256799957
tot_uptimes: 96
tot_uptimes_duration: 5715.297680004442
