comms_cons: 37.771187200180975
finished_reconf: true
global_termination_time: 375271.501
local_termination_time: 253473.73388000092
node_cons: 7718.60976112146
tot_aggregated_send: 5162
tot_msg_rcv: 176
tot_msg_sent: 403
tot_reconf_duration: 4.390000000000001
tot_sleeping_duration: 369511.4949199989
tot_uptimes: 97
tot_uptimes_duration: 5760.006080001069
