comms_cons: 39.42256640083787
finished_reconf: true
global_termination_time: 376379.012
local_termination_time: 59039.83308000003
node_cons: 7723.283983362021
tot_aggregated_send: 4930
tot_msg_rcv: 426
tot_msg_sent: 636
tot_reconf_duration: 7.819999999999999
tot_sleeping_duration: 370618.9937599985
tot_uptimes: 97
tot_uptimes_duration: 5760.018240001504
