comms_cons: 40.790694400598206
finished_reconf: true
global_termination_time: 374915.463
local_termination_time: 8163.466480000003
node_cons: 7721.103042240591
tot_aggregated_send: 4698
tot_msg_rcv: 627
tot_msg_sent: 875
tot_reconf_duration: 6.22
tot_sleeping_duration: 369155.45083999954
tot_uptimes: 97
tot_uptimes_duration: 5760.012160000435
