comms_cons: 44.85040640012758
finished_reconf: true
global_termination_time: 460384.623
local_termination_time: 144907.76236000005
node_cons: 9430.538700000003
tot_aggregated_send: 6728
tot_msg_rcv: 52
tot_msg_sent: 37
tot_reconf_duration: 22.65
tot_sleeping_duration: 453364.623
tot_uptimes: 118
tot_uptimes_duration: 7020.0
