comms_cons: 1168.1717374070497
finished_reconf: true
global_termination_time: 2905889.937999987
local_termination_time: 528452.5435999999
node_cons: 176500.17479056242
tot_aggregated_send: 0
tot_msg_rcv: 71700
tot_msg_sent: 105855
tot_reconf_duration: 4.390000000000001
tot_sleeping_duration: 2774079.4726000107
tot_uptimes: 2165
tot_uptimes_duration: 131810.4653999763
