comms_cons: 284.39249918839727
finished_reconf: true
global_termination_time: 2908586.435
local_termination_time: 1341255.59136
node_cons: 59781.4230422325
tot_aggregated_send: 41354
tot_msg_rcv: 609
tot_msg_sent: 1263
tot_reconf_duration: 6.22
tot_sleeping_duration: 2863946.422840005
tot_uptimes: 745
tot_uptimes_duration: 44640.01215999527
