comms_cons: 269.869100618578
finished_reconf: true
global_termination_time: 1349502.19
local_termination_time: 48.65148000000001
node_cons: 27742.069885588804
tot_aggregated_send: 0
tot_msg_rcv: 20999
tot_msg_sent: 20018
tot_reconf_duration: 18.21
tot_sleeping_duration: 1328802.1596000083
tot_uptimes: 346
tot_uptimes_duration: 20700.030399991607
