comms_cons: 134.10657279437743
finished_reconf: true
global_termination_time: 1349213.825
local_termination_time: 556198.803
node_cons: 27724.04002287376
tot_aggregated_send: 19081
tot_msg_rcv: 374
tot_msg_sent: 928
tot_reconf_duration: 3.08
tot_sleeping_duration: 1328511.9150800046
tot_uptimes: 346
tot_uptimes_duration: 20701.90991999535
