comms_cons: 132.57745919976247
finished_reconf: true
global_termination_time: 1346894.393
local_termination_time: 171336.35136000006
node_cons: 27657.487521121493
tot_aggregated_send: 19546
tot_msg_rcv: 213
tot_msg_sent: 392
tot_reconf_duration: 15.110000000000001
tot_sleeping_duration: 1326254.386919999
tot_uptimes: 345
tot_uptimes_duration: 20640.00608000107
