comms_cons: 135.32651519156775
finished_reconf: true
global_termination_time: 1346852.421
local_termination_time: 469783.10460000054
node_cons: 27649.75236000002
tot_aggregated_send: 18966
tot_msg_rcv: 624
tot_msg_sent: 978
tot_reconf_duration: 9.42
tot_sleeping_duration: 1326212.421
tot_uptimes: 345
tot_uptimes_duration: 20640.0
