comms_cons: 134.8145023895278
finished_reconf: true
global_termination_time: 1349447.412
local_termination_time: 559907.94
node_cons: 27745.40445287385
tot_aggregated_send: 18845
tot_msg_rcv: 485
tot_msg_sent: 1160
tot_reconf_duration: 12.629999999999999
tot_sleeping_duration: 1328739.2320800046
tot_uptimes: 346
tot_uptimes_duration: 20708.179919995368
