comms_cons: 139.57835518306962
finished_reconf: true
global_termination_time: 1349578.169
local_termination_time: 116406.54203999956
node_cons: 27732.732250065346
tot_aggregated_send: 17748
tot_msg_rcv: 1202
tot_msg_sent: 2265
tot_reconf_duration: 11.31
tot_sleeping_duration: 1328878.114280011
tot_uptimes: 346
tot_uptimes_duration: 20700.054719989013
