comms_cons: 2.244134399991876
finished_reconf: true
global_termination_time: 14599.227
local_termination_time: 9132.08936
node_cons: 256.3789799999993
tot_aggregated_send: 0
tot_msg_rcv: 177
tot_msg_sent: 164
tot_reconf_duration: 11.31
tot_sleeping_duration: 14419.227
tot_uptimes: 4
tot_uptimes_duration: 180.0
