comms_cons: 117.12354559200391
finished_reconf: true
global_termination_time: 1134991.19
local_termination_time: 340132.69016000035
node_cons: 23305.180826714823
tot_aggregated_send: 15138
tot_msg_rcv: 974
tot_msg_sent: 1691
tot_reconf_duration: 4.8100000000000005
tot_sleeping_duration: 1117591.153520004
tot_uptimes: 291
tot_uptimes_duration: 17400.03647999611
