comms_cons: 116.95151358506382
finished_reconf: true
global_termination_time: 1133627.395
local_termination_time: 200464.13548000055
node_cons: 23304.63912130311
tot_aggregated_send: 14848
tot_msg_rcv: 947
tot_msg_sent: 1981
tot_reconf_duration: 4.390000000000001
tot_sleeping_duration: 1116227.3371200126
tot_uptimes: 291
tot_uptimes_duration: 17400.057879987347
