comms_cons: 115.57680639130318
finished_reconf: true
global_termination_time: 1136034.841
local_termination_time: 815017.1193599999
node_cons: 23309.235842233786
tot_aggregated_send: 15544
tot_msg_rcv: 748
tot_msg_sent: 1275
tot_reconf_duration: 7.819999999999999
tot_sleeping_duration: 1118634.8288400047
tot_uptimes: 291
tot_uptimes_duration: 17400.01215999527
