comms_cons: 0.7276864000000745
finished_reconf: true
global_termination_time: 6123.603999999999
local_termination_time: 936.74136
node_cons: 91.32622000000003
tot_aggregated_send: 0
tot_msg_rcv: 59
tot_msg_sent: 51
tot_reconf_duration: 8.09
tot_sleeping_duration: 6063.603999999999
tot_uptimes: 2
tot_uptimes_duration: 59.99999999999909
