comms_cons: 34.5059392010367
finished_reconf: true
global_termination_time: 322659.223
local_termination_time: 2617.666840000002
node_cons: 6596.424522242868
tot_aggregated_send: 4118
tot_msg_rcv: 490
tot_msg_sent: 636
tot_reconf_duration: 6.279999999999999
tot_sleeping_duration: 317739.21083999786
tot_uptimes: 83
tot_uptimes_duration: 4920.0121600021375
