comms_cons: 33.11562239991737
finished_reconf: true
global_termination_time: 318083.952
local_termination_time: 61862.25
node_cons: 6514.946504482312
tot_aggregated_send: 3998
tot_msg_rcv: 335
tot_msg_sent: 701
tot_reconf_duration: 5.43
tot_sleeping_duration: 313223.9276799983
tot_uptimes: 82
tot_uptimes_duration: 4860.024320001721
