comms_cons: 2.704051199991064
finished_reconf: true
global_termination_time: 15018.072
local_termination_time: 9233.13636
node_cons: 253.3913800000008
tot_aggregated_send: 0
tot_msg_rcv: 244
tot_msg_sent: 166
tot_reconf_duration: 9.11
tot_sleeping_duration: 14838.072
tot_uptimes: 4
tot_uptimes_duration: 180.0
