comms_cons: 2.6921471999939075
finished_reconf: true
global_termination_time: 16498.444
local_termination_time: 5470.655360000001
node_cons: 341.87938000000076
tot_aggregated_send: 0
tot_msg_rcv: 246
tot_msg_sent: 164
tot_reconf_duration: 15.110000000000001
tot_sleeping_duration: 16258.444
tot_uptimes: 5
tot_uptimes_duration: 240.0
