comms_cons: 3.0052991999922196
finished_reconf: true
global_termination_time: 17368.875
local_termination_time: 7218.08936
node_cons: 338.5115400000002
tot_aggregated_send: 0
tot_msg_rcv: 290
tot_msg_sent: 168
tot_reconf_duration: 12.629999999999999
tot_sleeping_duration: 17128.875
tot_uptimes: 5
tot_uptimes_duration: 240.0
