comms_cons: 50.66704640110637
finished_reconf: true
global_termination_time: 494034.234
local_termination_time: 194385.9871600003
node_cons: 10153.623123364296
tot_aggregated_send: 6612
tot_msg_rcv: 410
tot_msg_sent: 680
tot_reconf_duration: 22.65
tot_sleeping_duration: 486474.2157599968
tot_uptimes: 127
tot_uptimes_duration: 7560.018240003206
