comms_cons: 51.89638400141817
finished_reconf: true
global_termination_time: 493978.767
local_termination_time: 20845.099120000003
node_cons: 10133.500265607167
tot_aggregated_send: 6380
tot_msg_rcv: 578
tot_msg_sent: 930
tot_reconf_duration: 7.819999999999999
tot_sleeping_duration: 486418.73659999465
tot_uptimes: 127
tot_uptimes_duration: 7560.030400005344
