comms_cons: 48.21958400010865
finished_reconf: true
global_termination_time: 490235.908
local_termination_time: 17505.677
node_cons: 10059.659681121442
tot_aggregated_send: 7071
tot_msg_rcv: 91
tot_msg_sent: 167
tot_reconf_duration: 12.629999999999999
tot_sleeping_duration: 482735.9019199989
tot_uptimes: 126
tot_uptimes_duration: 7500.006080001069
