comms_cons: 48.599782400207296
finished_reconf: true
global_termination_time: 491566.987
local_termination_time: 12481.767
node_cons: 10066.74824176002
tot_aggregated_send: 6898
tot_msg_rcv: 140
tot_msg_sent: 349
tot_reconf_duration: 10.95
tot_sleeping_duration: 484059.98316
tot_uptimes: 126
tot_uptimes_duration: 7507.003840000005
