comms_cons: 24.157184000308693
finished_reconf: true
global_termination_time: 233492.549
local_termination_time: 20132.302200000006
node_cons: 4746.591980000006
tot_aggregated_send: 2900
tot_msg_rcv: 253
tot_msg_sent: 518
tot_reconf_duration: 4.8100000000000005
tot_sleeping_duration: 229952.549
tot_uptimes: 60
tot_uptimes_duration: 3540.0
