comms_cons: 100.05800959398327
finished_reconf: true
global_termination_time: 960077.669
local_termination_time: 21473.237200000003
node_cons: 19690.315352321973
tot_aggregated_send: 12006
tot_msg_rcv: 1076
tot_msg_sent: 2128
tot_reconf_duration: 5.1
tot_sleeping_duration: 945377.6021199985
tot_uptimes: 246
tot_uptimes_duration: 14700.066880001454
