comms_cons: 98.21680639371388
finished_reconf: true
global_termination_time: 960129.02
local_termination_time: 518845.153360001
node_cons: 19690.559967517846
tot_aggregated_send: 12818
tot_msg_rcv: 714
tot_msg_sent: 1397
tot_reconf_duration: 4.8100000000000005
tot_sleeping_duration: 945428.4763200016
tot_uptimes: 246
tot_uptimes_duration: 14700.543679998373
