comms_cons: 99.33996798906854
finished_reconf: true
global_termination_time: 959777.292
local_termination_time: 321207.08036
node_cons: 19690.73092783624
tot_aggregated_send: 12412
tot_msg_rcv: 886
tot_msg_sent: 1802
tot_reconf_duration: 5.43
tot_sleeping_duration: 945077.2494400028
tot_uptimes: 246
tot_uptimes_duration: 14700.042559997179
