comms_cons: 265.7187071780455
finished_reconf: true
global_termination_time: 2678097.83
local_termination_time: 699902.4001599983
node_cons: 55041.493368933785
tot_aggregated_send: 35206
tot_msg_rcv: 1817
tot_msg_sent: 3364
tot_reconf_duration: 6.279999999999999
tot_sleeping_duration: 2636997.781360019
tot_uptimes: 686
tot_uptimes_duration: 41100.048639981076
