comms_cons: 268.03687679448507
finished_reconf: true
global_termination_time: 2676031.849
local_termination_time: 993143.5143599998
node_cons: 55040.52918893827
tot_aggregated_send: 36076
tot_msg_rcv: 1577
tot_msg_sent: 3087
tot_reconf_duration: 5.57
tot_sleeping_duration: 2634931.8003600156
tot_uptimes: 686
tot_uptimes_duration: 41100.04863998451
