comms_cons: 261.448799985454
finished_reconf: true
global_termination_time: 2676197.12
local_termination_time: 1486358.9743599999
node_cons: 55053.780566700196
tot_aggregated_send: 36830
tot_msg_rcv: 976
tot_msg_sent: 1932
tot_reconf_duration: 15.34
tot_sleeping_duration: 2635097.0835200143
tot_uptimes: 686
tot_uptimes_duration: 41100.03647998581
