comms_cons: 190.84047997646616
finished_reconf: true
global_termination_time: 1853358.537
local_termination_time: 70344.42547999996
node_cons: 38105.91360335492
tot_aggregated_send: 24766
tot_msg_rcv: 1520
tot_msg_sent: 2720
tot_reconf_duration: 18.21
tot_sleeping_duration: 1824918.5187600036
tot_uptimes: 475
tot_uptimes_duration: 28440.018239996338
