comms_cons: 183.54056958563498
finished_reconf: true
global_termination_time: 1849702.37324
local_termination_time: 103580.84300000001
node_cons: 38068.94162038938
tot_aggregated_send: 24996
tot_msg_rcv: 1012
tot_msg_sent: 1889
tot_reconf_duration: 22.65
tot_sleeping_duration: 1821294.469640008
tot_uptimes: 474
tot_uptimes_duration: 28407.90359999219
