comms_cons: 366.9680384067395
finished_reconf: true
global_termination_time: 3767997.129
local_termination_time: 2586007.71848
node_cons: 77468.6080022319
tot_aggregated_send: 51620
tot_msg_rcv: 1259
tot_msg_sent: 2898
tot_reconf_duration: 15.34
tot_sleeping_duration: 3710157.1168400045
tot_uptimes: 965
tot_uptimes_duration: 57840.0121599955
