comms_cons: 372.21799681013437
finished_reconf: true
global_termination_time: 3762860.385
local_termination_time: 2661577.3419999983
node_cons: 77375.02476558364
tot_aggregated_send: 51794
tot_msg_rcv: 1587
tot_msg_sent: 3193
tot_reconf_duration: 5.57
tot_sleeping_duration: 3705080.354600011
tot_uptimes: 964
tot_uptimes_duration: 57780.03039998887
