comms_cons: 71.56195839953021
finished_reconf: true
global_termination_time: 704708.088
local_termination_time: 61483.89336000001
node_cons: 14481.751944483465
tot_aggregated_send: 9570
tot_msg_rcv: 445
tot_msg_sent: 862
tot_reconf_duration: 15.110000000000001
tot_sleeping_duration: 693908.0636799975
tot_uptimes: 181
tot_uptimes_duration: 10800.024320002572
