comms_cons: 71.1672639984688
finished_reconf: true
global_termination_time: 702351.15
local_termination_time: 242929.326
node_cons: 14406.279023364328
tot_aggregated_send: 9568
tot_msg_rcv: 447
tot_msg_sent: 801
tot_reconf_duration: 18.700000000000003
tot_sleeping_duration: 691611.1317599969
tot_uptimes: 180
tot_uptimes_duration: 10740.018240003206
