comms_cons: 71.1079935995074
finished_reconf: true
global_termination_time: 701290.839
local_termination_time: 108368.36935999997
node_cons: 14386.846043359712
tot_aggregated_send: 9280
tot_msg_rcv: 425
tot_msg_sent: 1103
tot_reconf_duration: 4.390000000000001
tot_sleeping_duration: 690550.8207600003
tot_uptimes: 180
tot_uptimes_duration: 10740.018239999772
