comms_cons: 70.39743999829159
finished_reconf: true
global_termination_time: 700777.095
local_termination_time: 109021.5983999998
node_cons: 14401.708002240617
tot_aggregated_send: 9628
tot_msg_rcv: 330
tot_msg_sent: 742
tot_reconf_duration: 15.34
tot_sleeping_duration: 690037.0828399995
tot_uptimes: 180
tot_uptimes_duration: 10740.012160000435
