comms_cons: 79.61615359782067
finished_reconf: true
global_termination_time: 801911.771759998
local_termination_time: 801911.7306399981
node_cons: 16583.395727994885
tot_aggregated_send: 11296
tot_msg_rcv: 169
tot_msg_sent: 637
tot_reconf_duration: 24.59
tot_sleeping_duration: 789551.799760002
tot_uptimes: 206
tot_uptimes_duration: 12359.971999996153
