comms_cons: 79.47484159845068
finished_reconf: true
global_termination_time: 802771.514
local_termination_time: 173192.70436000006
node_cons: 16500.483123357433
tot_aggregated_send: 10904
tot_msg_rcv: 377
tot_msg_sent: 797
tot_reconf_duration: 22.65
tot_sleeping_duration: 790471.4957600018
tot_uptimes: 206
tot_uptimes_duration: 12300.018239998073
