comms_cons: 144.05079676730423
finished_reconf: true
global_termination_time: 804104.428
local_termination_time: 733116.68236
node_cons: 16476.24012112153
tot_aggregated_send: 0
tot_msg_rcv: 11039
tot_msg_sent: 10856
tot_reconf_duration: 4.8100000000000005
tot_sleeping_duration: 791804.4219199988
tot_uptimes: 206
tot_uptimes_duration: 12300.006080001069
