comms_cons: 145.53591036584504
finished_reconf: true
global_termination_time: 802769.732
local_termination_time: 731101.7454799999
node_cons: 16473.85818223835
tot_aggregated_send: 0
tot_msg_rcv: 11211
tot_msg_sent: 10910
tot_reconf_duration: 3.05
tot_sleeping_duration: 790469.7198400012
tot_uptimes: 206
tot_uptimes_duration: 12300.012159998703
