comms_cons: 284.2424320137596
finished_reconf: true
global_termination_time: 2809133.578
local_termination_time: 90680.07219999963
node_cons: 57869.61059118141
tot_aggregated_send: 39092
tot_msg_rcv: 1448
tot_msg_sent: 2664
tot_reconf_duration: 18.21
tot_sleeping_duration: 2765933.517200013
tot_uptimes: 720
tot_uptimes_duration: 43200.06079998688
