comms_cons: 283.76583682446653
finished_reconf: true
global_termination_time: 2808610.445
local_termination_time: 523626.3137600009
node_cons: 57848.99074670097
tot_aggregated_send: 38976
tot_msg_rcv: 1364
tot_msg_sent: 2790
tot_reconf_duration: 3.05
tot_sleeping_duration: 2765410.4085200136
tot_uptimes: 720
tot_uptimes_duration: 43200.036479986506
