comms_cons: 41.33735039990519
finished_reconf: true
global_termination_time: 11226.345240000002
local_termination_time: 2533.422480000002
node_cons: 4970.746875840037
tot_aggregated_send: 0
tot_msg_rcv: 3228
tot_msg_sent: 3054
tot_reconf_duration: 18.21
tot_sleeping_duration: 7532.530679999976
tot_uptimes: 53
tot_uptimes_duration: 3693.814560000026
