comms_cons: 1.4848767999987398
finished_reconf: true
global_termination_time: 15005.488
local_termination_time: 7365.3823600000005
node_cons: 258.17154000000016
tot_aggregated_send: 0
tot_msg_rcv: 119
tot_msg_sent: 107
tot_reconf_duration: 12.629999999999999
tot_sleeping_duration: 14825.488
tot_uptimes: 4
tot_uptimes_duration: 180.0
