comms_cons: 2.467199999991847
finished_reconf: true
global_termination_time: 11976.798
local_termination_time: 5186.90136
node_cons: 255.89009999999976
tot_aggregated_send: 0
tot_msg_rcv: 211
tot_msg_sent: 164
tot_reconf_duration: 10.95
tot_sleeping_duration: 11796.798
tot_uptimes: 4
tot_uptimes_duration: 180.0
