comms_cons: 322.25280000307504
finished_reconf: true
global_termination_time: 3274113.067
local_termination_time: 2037445.4474799999
node_cons: 67329.14334558345
tot_aggregated_send: 45240
tot_msg_rcv: 1296
tot_msg_sent: 2444
tot_reconf_duration: 3.08
tot_sleeping_duration: 3223833.0366000114
tot_uptimes: 839
tot_uptimes_duration: 50280.03039998864
