comms_cons: 321.90009600392216
finished_reconf: true
global_termination_time: 3274961.573
local_termination_time: 1251625.80636
node_cons: 67337.33208558349
tot_aggregated_send: 44834
tot_msg_rcv: 1314
tot_msg_sent: 2779
tot_reconf_duration: 9.11
tot_sleeping_duration: 3224681.542600011
tot_uptimes: 839
tot_uptimes_duration: 50280.03039998864
