comms_cons: 243.66177918951138
finished_reconf: true
global_termination_time: 2427333.095
local_termination_time: 628953.951879998
node_cons: 49898.098364466605
tot_aggregated_send: 33582
tot_msg_rcv: 1013
tot_msg_sent: 2442
tot_reconf_duration: 5.1
tot_sleeping_duration: 2390073.0706800097
tot_uptimes: 622
tot_uptimes_duration: 37260.02431999054
