comms_cons: 247.1100799921508
finished_reconf: true
global_termination_time: 2426075.036
local_termination_time: 32555.0736
node_cons: 49898.58721006
tot_aggregated_send: 33060
tot_msg_rcv: 1533
tot_msg_sent: 2966
tot_reconf_duration: 5.43
tot_sleeping_duration: 2388814.9812800144
tot_uptimes: 622
tot_uptimes_duration: 37260.05471998558
