comms_cons: 86.85927681044812
finished_reconf: true
global_termination_time: 404980.3700400004
local_termination_time: 1260.9741600000016
node_cons: 8334.606028013148
tot_aggregated_send: 0
tot_msg_rcv: 7170
tot_msg_sent: 6027
tot_reconf_duration: 18.21
tot_sleeping_duration: 398774.3380399906
tot_uptimes: 104
tot_uptimes_duration: 6206.0320000098145
