comms_cons: 40.97588480044801
finished_reconf: true
global_termination_time: 406690.504
local_termination_time: 73811.20311999999
node_cons: 8363.88824000001
tot_aggregated_send: 5742
tot_msg_rcv: 201
tot_msg_sent: 285
tot_reconf_duration: 6.279999999999999
tot_sleeping_duration: 400450.504
tot_uptimes: 105
tot_uptimes_duration: 6240.0
