comms_cons: 39.55415039993816
finished_reconf: true
global_termination_time: 404989.637
local_termination_time: 8711.115480000002
node_cons: 8309.377400000012
tot_aggregated_send: 5858
tot_msg_rcv: 62
tot_msg_sent: 92
tot_reconf_duration: 25.299999999999997
tot_sleeping_duration: 398809.637
tot_uptimes: 104
tot_uptimes_duration: 6180.0
