comms_cons: 121.0243839959292
finished_reconf: true
global_termination_time: 1215433.545
local_termination_time: 868188.54236
node_cons: 24992.29640335061
tot_aggregated_send: 16994
tot_msg_rcv: 473
tot_msg_sent: 929
tot_reconf_duration: 4.8100000000000005
tot_sleeping_duration: 1196773.526760007
tot_uptimes: 312
tot_uptimes_duration: 18660.018239992904
