comms_cons: 120.2691135973165
finished_reconf: true
global_termination_time: 1212964.725
local_termination_time: 953357.2523599999
node_cons: 24911.36976111689
tot_aggregated_send: 16820
tot_msg_rcv: 530
tot_msg_sent: 930
tot_reconf_duration: 4.390000000000001
tot_sleeping_duration: 1194364.7189200025
tot_uptimes: 311
tot_uptimes_duration: 18600.006079997635
