comms_cons: 46.02213120093238
finished_reconf: true
global_termination_time: 455697.643
local_termination_time: 67416.30399999999
node_cons: 9329.25531512457
tot_aggregated_send: 6029
tot_msg_rcv: 369
tot_msg_sent: 598
tot_reconf_duration: 4.8100000000000005
tot_sleeping_duration: 448735.1909199966
tot_uptimes: 117
tot_uptimes_duration: 6962.452080003415
