comms_cons: 45.838540800569966
finished_reconf: true
global_termination_time: 454112.707
local_termination_time: 439261.37764000084
node_cons: 9325.401619999951
tot_aggregated_send: 6380
tot_msg_rcv: 245
tot_msg_sent: 343
tot_reconf_duration: 4.390000000000001
tot_sleeping_duration: 447152.707
tot_uptimes: 117
tot_uptimes_duration: 6960.0
