comms_cons: 90.40089601243457
finished_reconf: true
global_termination_time: 449931.61260000017
local_termination_time: 2146.2396000000003
node_cons: 9268.15889752657
tot_aggregated_send: 0
tot_msg_rcv: 7054
tot_msg_sent: 6684
tot_reconf_duration: 6.22
tot_sleeping_duration: 443016.21891999524
tot_uptimes: 116
tot_uptimes_duration: 6915.393680004899
