comms_cons: 34.59343360047019
finished_reconf: true
global_termination_time: 350812.692
local_termination_time: 223911.77436000004
node_cons: 7156.800121121436
tot_aggregated_send: 4930
tot_msg_rcv: 100
tot_msg_sent: 228
tot_reconf_duration: 4.8100000000000005
tot_sleeping_duration: 345472.6859199989
tot_uptimes: 90
tot_uptimes_duration: 5340.006080001069
