comms_cons: 69.7526784080441
finished_reconf: true
global_termination_time: 353089.988
local_termination_time: 143992.68336000008
node_cons: 7236.561620000027
tot_aggregated_send: 0
tot_msg_rcv: 5382
tot_msg_sent: 5220
tot_reconf_duration: 4.390000000000001
tot_sleeping_duration: 347689.988
tot_uptimes: 91
tot_uptimes_duration: 5400.0
