comms_cons: 35.64610560103213
finished_reconf: true
global_termination_time: 350161.849
local_termination_time: 166662.82236000005
node_cons: 7158.714901121441
tot_aggregated_send: 4698
tot_msg_rcv: 260
tot_msg_sent: 460
tot_reconf_duration: 6.22
tot_sleeping_duration: 344821.8429199989
tot_uptimes: 90
tot_uptimes_duration: 5340.006080001069
