comms_cons: 34.86380800024711
finished_reconf: true
global_termination_time: 354953.956
local_termination_time: 8067.197480000001
node_cons: 7245.958980000008
tot_aggregated_send: 4930
tot_msg_rcv: 89
tot_msg_sent: 281
tot_reconf_duration: 11.31
tot_sleeping_duration: 349553.956
tot_uptimes: 91
tot_uptimes_duration: 5400.0
