comms_cons: 379.7717888411725
finished_reconf: true
global_termination_time: 3772922.306239997
local_termination_time: 3585.87048
node_cons: 77635.90016835103
tot_aggregated_send: 52374
tot_msg_rcv: 1701
tot_msg_sent: 3648
tot_reconf_duration: 5.1
tot_sleeping_duration: 3714946.9706400326
tot_uptimes: 967
tot_uptimes_duration: 57975.335599964834
