comms_cons: 381.27964167355265
finished_reconf: true
global_termination_time: 3774443.598
local_termination_time: 1135865.95236
node_cons: 77629.36127228526
tot_aggregated_send: 52258
tot_msg_rcv: 1925
tot_msg_sent: 3768
tot_reconf_duration: 15.34
tot_sleeping_duration: 3716483.5311200246
tot_uptimes: 967
tot_uptimes_duration: 57960.06687997538
