comms_cons: 45.340704000628364
finished_reconf: true
global_termination_time: 440554.047
local_termination_time: 8590.0682
node_cons: 9008.69956000001
tot_aggregated_send: 5742
tot_msg_rcv: 402
tot_msg_sent: 747
tot_reconf_duration: 7.819999999999999
tot_sleeping_duration: 433834.047
tot_uptimes: 113
tot_uptimes_duration: 6720.0
