comms_cons: 1.789542399995707
finished_reconf: true
global_termination_time: 10794.07044
local_termination_time: 10794.02932
node_cons: 237.0355061600007
tot_aggregated_send: 0
tot_msg_rcv: 156
tot_msg_sent: 111
tot_reconf_duration: 37.410000000000004
tot_sleeping_duration: 10654.987
tot_uptimes: 3
tot_uptimes_duration: 139.08344000000034
