comms_cons: 2.4211455999919993
finished_reconf: true
global_termination_time: 13500.524
local_termination_time: 9171.438360000002
node_cons: 247.55198000000178
tot_aggregated_send: 0
tot_msg_rcv: 198
tot_msg_sent: 170
tot_reconf_duration: 4.8100000000000005
tot_sleeping_duration: 13320.524
tot_uptimes: 4
tot_uptimes_duration: 180.0
