comms_cons: 3.039590399994175
finished_reconf: true
global_termination_time: 12522.885
local_termination_time: 8433.24848
node_cons: 246.98161999999923
tot_aggregated_send: 0
tot_msg_rcv: 282
tot_msg_sent: 176
tot_reconf_duration: 4.390000000000001
tot_sleeping_duration: 12342.885
tot_uptimes: 4
tot_uptimes_duration: 180.0
