comms_cons: 283.60455040042154
finished_reconf: false
global_termination_time: 2809295.206
local_termination_time: 0
node_cons: 57844.82051347087
tot_aggregated_send: 39208
tot_msg_rcv: 1344
tot_msg_sent: 2554
tot_reconf_duration: 0
tot_sleeping_duration: 2766095.1906800056
tot_uptimes: 720
tot_uptimes_duration: 43200.01531999395
