comms_cons: 254.4768767785996
finished_reconf: true
global_termination_time: 2592231.575
local_termination_time: 534086.8729199984
node_cons: 53273.980804466526
tot_aggregated_send: 35786
tot_msg_rcv: 897
tot_msg_sent: 1996
tot_reconf_duration: 6.279999999999999
tot_sleeping_duration: 2552451.5506800096
tot_uptimes: 664
tot_uptimes_duration: 39780.02431999054
