comms_cons: 258.45071358649847
finished_reconf: true
global_termination_time: 2591098.577
local_termination_time: 509557.30536000006
node_cons: 53273.008483349666
tot_aggregated_send: 36192
tot_msg_rcv: 1014
tot_msg_sent: 2077
tot_reconf_duration: 5.57
tot_sleeping_duration: 2551318.5587600074
tot_uptimes: 664
tot_uptimes_duration: 39780.0182399929
