comms_cons: 261.5673279918516
finished_reconf: true
global_termination_time: 2591220.932
local_termination_time: 80611.99659999994
node_cons: 53299.850670064436
tot_aggregated_send: 35786
tot_msg_rcv: 1369
tot_msg_sent: 2599
tot_reconf_duration: 25.299999999999997
tot_sleeping_duration: 2551440.877280011
tot_uptimes: 664
tot_uptimes_duration: 39780.05471998901
