comms_cons: 511.06309767855356
finished_reconf: true
global_termination_time: 2591402.725
local_termination_time: 460.72147999999993
node_cons: 53283.34556558792
tot_aggregated_send: 0
tot_msg_rcv: 39223
tot_msg_sent: 38453
tot_reconf_duration: 13.17
tot_sleeping_duration: 2551622.6946000084
tot_uptimes: 664
tot_uptimes_duration: 39780.03039999161
