comms_cons: 258.07798399509534
finished_reconf: true
global_termination_time: 2592383.568
local_termination_time: 1471397.84436
node_cons: 53276.05584223323
tot_aggregated_send: 35902
tot_msg_rcv: 1236
tot_msg_sent: 2088
tot_reconf_duration: 7.819999999999999
tot_sleeping_duration: 2552603.5558400047
tot_uptimes: 664
tot_uptimes_duration: 39780.0121599955
