comms_cons: 253.09524479300893
finished_reconf: true
global_termination_time: 2590474.96
local_termination_time: 1611911.559639998
node_cons: 53273.89118334962
tot_aggregated_send: 35786
tot_msg_rcv: 822
tot_msg_sent: 1861
tot_reconf_duration: 6.22
tot_sleeping_duration: 2550694.941760007
tot_uptimes: 664
tot_uptimes_duration: 39780.0182399929
