comms_cons: 237.9433471832192
finished_reconf: true
global_termination_time: 2349892.627
local_termination_time: 231835.81596000015
node_cons: 48291.30650558355
tot_aggregated_send: 32596
tot_msg_rcv: 1304
tot_msg_sent: 2266
tot_reconf_duration: 5.1
tot_sleeping_duration: 2313832.596600012
tot_uptimes: 602
tot_uptimes_duration: 36060.03039998817
