comms_cons: 463.098950266777
finished_reconf: true
global_termination_time: 2348494.428
local_termination_time: 2810.47436
node_cons: 48302.25742447591
tot_aggregated_send: 0
tot_msg_rcv: 35533
tot_msg_sent: 34854
tot_reconf_duration: 13.17
tot_sleeping_duration: 2312434.4036800023
tot_uptimes: 602
tot_uptimes_duration: 36060.02431999741
