comms_cons: 232.86097918646843
finished_reconf: true
global_termination_time: 2347531.913
local_termination_time: 605939.49336
node_cons: 48290.91268558362
tot_aggregated_send: 33060
tot_msg_rcv: 761
tot_msg_sent: 1572
tot_reconf_duration: 4.8100000000000005
tot_sleeping_duration: 2311471.8826000122
tot_uptimes: 602
tot_uptimes_duration: 36060.03039998817
