comms_cons: 233.86475518521576
finished_reconf: true
global_termination_time: 2347993.228
local_termination_time: 782440.1677199987
node_cons: 48290.350466700394
tot_aggregated_send: 33002
tot_msg_rcv: 970
tot_msg_sent: 1575
tot_reconf_duration: 4.390000000000001
tot_sleeping_duration: 2311933.1915200143
tot_uptimes: 602
tot_uptimes_duration: 36060.03647998581
