comms_cons: 28.601036800595022
finished_reconf: true
global_termination_time: 280664.339
local_termination_time: 45250.78336000001
node_cons: 5719.523403362015
tot_aggregated_send: 3654
tot_msg_rcv: 235
tot_msg_sent: 459
tot_reconf_duration: 11.31
tot_sleeping_duration: 276404.32075999846
tot_uptimes: 72
tot_uptimes_duration: 4260.018240001504
