comms_cons: 83.13602559644559
finished_reconf: true
global_termination_time: 834511.838
local_termination_time: 371050.739
node_cons: 17153.1002615099
tot_aggregated_send: 11308
tot_msg_rcv: 518
tot_msg_sent: 810
tot_reconf_duration: 22.65
tot_sleeping_duration: 821724.4283200075
tot_uptimes: 214
tot_uptimes_duration: 12787.409679992415
