comms_cons: 85.40319999453087
finished_reconf: true
global_termination_time: 837064.94
local_termination_time: 556111.6066399991
node_cons: 17209.95224559339
tot_aggregated_send: 11194
tot_msg_rcv: 574
tot_msg_sent: 1214
tot_reconf_duration: 12.629999999999999
tot_sleeping_duration: 824224.9096000049
tot_uptimes: 215
tot_uptimes_duration: 12840.030399995041
