comms_cons: 83.30583039578397
finished_reconf: true
global_termination_time: 832367.628
local_termination_time: 665493.4263599999
node_cons: 17128.588341116887
tot_aggregated_send: 11484
tot_msg_rcv: 398
tot_msg_sent: 780
tot_reconf_duration: 11.899999999999999
tot_sleeping_duration: 819587.6219200024
tot_uptimes: 214
tot_uptimes_duration: 12780.006079997635
