comms_cons: 262.74846722576456
finished_reconf: true
global_termination_time: 2554194.566
local_termination_time: 937688.8443599999
node_cons: 52550.00547116747
tot_aggregated_send: 33930
tot_msg_rcv: 1994
tot_msg_sent: 4014
tot_reconf_duration: 5.57
tot_sleeping_duration: 2514954.5052000238
tot_uptimes: 655
tot_uptimes_duration: 39240.06079997635
