comms_cons: 253.90734079929211
finished_reconf: true
global_termination_time: 2555182.084
local_termination_time: 998606.071
node_cons: 52563.57831207632
tot_aggregated_send: 36596
tot_msg_rcv: 663
tot_msg_sent: 1334
tot_reconf_duration: 9.42
tot_sleeping_duration: 2515935.791280002
tot_uptimes: 655
tot_uptimes_duration: 39246.292719997815
