comms_cons: 561.843942420338
finished_reconf: true
global_termination_time: 5765648.07
local_termination_time: 3072290.278
node_cons: 118616.23831983248
tot_aggregated_send: 80483
tot_msg_rcv: 1705
tot_msg_sent: 3209
tot_reconf_duration: 25.299999999999997
tot_sleeping_duration: 5677088.039440003
tot_uptimes: 1477
tot_uptimes_duration: 88560.0305599973
