comms_cons: 863.1518850878678
finished_reconf: true
global_termination_time: 8544600.236
local_termination_time: 306764.51268000074
node_cons: 175808.73873229043
tot_aggregated_send: 118262
tot_msg_rcv: 4378
tot_msg_sent: 8553
tot_reconf_duration: 18.21
tot_sleeping_duration: 8413320.169120017
tot_uptimes: 2189
tot_uptimes_duration: 131280.06687998248
