comms_cons: 1450.2155114773911
finished_reconf: true
global_termination_time: 8545155.756
local_termination_time: 3318248.8932399997
node_cons: 175792.52151004787
tot_aggregated_send: 0
tot_msg_rcv: 111080
tot_msg_sent: 109341
tot_reconf_duration: 6.279999999999999
tot_sleeping_duration: 8413875.701280018
tot_uptimes: 2189
tot_uptimes_duration: 131280.05471998034
