comms_cons: 853.760179422861
finished_reconf: true
global_termination_time: 8544445.409
local_termination_time: 3372711.1125599984
node_cons: 175825.3704578853
tot_aggregated_send: 118958
tot_msg_rcv: 3680
tot_msg_sent: 7129
tot_reconf_duration: 25.299999999999997
tot_sleeping_duration: 8413160.11172002
tot_uptimes: 2189
tot_uptimes_duration: 131285.29727997887
