comms_cons: 843.535072173767
finished_reconf: true
global_termination_time: 8545583.305
local_termination_time: 3772407.4543999997
node_cons: 175796.35650893082
tot_aggregated_send: 119596
tot_msg_rcv: 2864
tot_msg_sent: 5751
tot_reconf_duration: 9.11
tot_sleeping_duration: 8414303.256360017
tot_uptimes: 2189
tot_uptimes_duration: 131280.04863998294
