comms_cons: 837.9367617421877
finished_reconf: true
global_termination_time: 8543743.471
local_termination_time: 3948420.467439999
node_cons: 175716.42120669724
tot_aggregated_send: 119016
tot_msg_rcv: 2891
tot_msg_sent: 5455
tot_reconf_duration: 9.42
tot_sleeping_duration: 8412523.434520014
tot_uptimes: 2188
tot_uptimes_duration: 131220.0364799872
