comms_cons: 837.4608897425727
finished_reconf: true
global_termination_time: 8545431.883
local_termination_time: 5930187.390799998
node_cons: 175809.33902334425
tot_aggregated_send: 118610
tot_msg_rcv: 2829
tot_msg_sent: 5849
tot_reconf_duration: 18.700000000000003
tot_sleeping_duration: 8414151.864760006
tot_uptimes: 2189
tot_uptimes_duration: 131280.0182399936
