comms_cons: 863.9822210850202
finished_reconf: true
global_termination_time: 8546968.703
local_termination_time: 659485.736
node_cons: 175790.5496733978
tot_aggregated_send: 117850
tot_msg_rcv: 4667
tot_msg_sent: 8801
tot_reconf_duration: 4.8100000000000005
tot_sleeping_duration: 8415688.630040027
tot_uptimes: 2189
tot_uptimes_duration: 131280.072959973
