comms_cons: 858.3963650388956
finished_reconf: true
global_termination_time: 8545499.131
local_termination_time: 1945617.7335599994
node_cons: 175791.3672100474
tot_aggregated_send: 117972
tot_msg_rcv: 4600
tot_msg_sent: 7899
tot_reconf_duration: 5.43
tot_sleeping_duration: 8414219.076280018
tot_uptimes: 2189
tot_uptimes_duration: 131280.05471998034
