comms_cons: 32.08675840001012
finished_reconf: true
global_termination_time: 328606.97172000114
local_termination_time: 17518.760000000002
node_cons: 6787.731050121548
tot_aggregated_send: 4807
tot_msg_rcv: 13
tot_msg_sent: 57
tot_reconf_duration: 13.17
tot_sleeping_duration: 323551.07463999995
tot_uptimes: 85
tot_uptimes_duration: 5055.89708000115
