comms_cons: 33.067686400188734
finished_reconf: true
global_termination_time: 329225.031
local_termination_time: 61115.31236000001
node_cons: 6759.179560000007
tot_aggregated_send: 4582
tot_msg_rcv: 161
tot_msg_sent: 283
tot_reconf_duration: 7.819999999999999
tot_sleeping_duration: 324185.031
tot_uptimes: 85
tot_uptimes_duration: 5040.0
