comms_cons: 11.514854399994253
finished_reconf: true
global_termination_time: 84640.472
local_termination_time: 5966.520280000003
node_cons: 1694.7447656008903
tot_aggregated_send: 522
tot_msg_rcv: 556
tot_msg_sent: 672
tot_reconf_duration: 5.57
tot_sleeping_duration: 83380.44159999932
tot_uptimes: 22
tot_uptimes_duration: 1260.0304000006654
