comms_cons: 11.00167680012062
finished_reconf: true
global_termination_time: 85579.923
local_termination_time: 40141.231
node_cons: 1729.0249741605487
tot_aggregated_send: 464
tot_msg_rcv: 526
tot_msg_sent: 683
tot_reconf_duration: 18.700000000000003
tot_sleeping_duration: 84307.60755999958
tot_uptimes: 22
tot_uptimes_duration: 1272.3154400004132
