comms_cons: 11.140467200064531
finished_reconf: true
global_termination_time: 84981.507
local_termination_time: 40145.86136000001
node_cons: 1697.7921244788847
tot_aggregated_send: 580
tot_msg_rcv: 476
tot_msg_sent: 637
tot_reconf_duration: 7.819999999999999
tot_sleeping_duration: 83721.48268000083
tot_uptimes: 22
tot_uptimes_duration: 1260.0243199991673
