comms_cons: 12.777433599881126
finished_reconf: true
global_termination_time: 110804.232
local_termination_time: 47201.69336000001
node_cons: 2267.42114223944
tot_aggregated_send: 696
tot_msg_rcv: 510
tot_msg_sent: 737
tot_reconf_duration: 13.17
tot_sleeping_duration: 109124.21984000041
tot_uptimes: 29
tot_uptimes_duration: 1680.0121599995837
