comms_cons: 49.350579201775176
finished_reconf: true
global_termination_time: 457827.346
local_termination_time: 102377.01435999997
node_cons: 9408.2918889669
tot_aggregated_send: 5452
tot_msg_rcv: 708
tot_msg_sent: 1341
tot_reconf_duration: 6.22
tot_sleeping_duration: 450807.29735999485
tot_uptimes: 118
tot_uptimes_duration: 7020.048640005145
