comms_cons: 47.41034240094449
finished_reconf: true
global_termination_time: 459766.384
local_termination_time: 17906.03148
node_cons: 9420.676848971487
tot_aggregated_send: 5916
tot_msg_rcv: 421
tot_msg_sent: 869
tot_reconf_duration: 15.34
tot_sleeping_duration: 452746.3353599914
tot_uptimes: 118
tot_uptimes_duration: 7020.048640008572
