comms_cons: 48.90977280032995
finished_reconf: true
global_termination_time: 488385.379
local_termination_time: 14543.318080000003
node_cons: 10063.331720000013
tot_aggregated_send: 6960
tot_msg_rcv: 198
tot_msg_sent: 276
tot_reconf_duration: 15.34
tot_sleeping_duration: 480885.379
tot_uptimes: 126
tot_uptimes_duration: 7500.0
