comms_cons: 48.8251072005397
finished_reconf: true
global_termination_time: 487035.781
local_termination_time: 44424.63036000001
node_cons: 9968.70012111916
tot_aggregated_send: 6728
tot_msg_rcv: 233
tot_msg_sent: 460
tot_reconf_duration: 4.8100000000000005
tot_sleeping_duration: 479595.77492000064
tot_uptimes: 125
tot_uptimes_duration: 7440.006079999366
