comms_cons: 469.7357696404642
finished_reconf: true
global_termination_time: 4763225.114
local_termination_time: 3024761.412239999
node_cons: 97941.40208223164
tot_aggregated_send: 66410
tot_msg_rcv: 1710
tot_msg_sent: 3278
tot_reconf_duration: 5.1
tot_sleeping_duration: 4690085.101840004
tot_uptimes: 1220
tot_uptimes_duration: 73140.01215999573
