comms_cons: 472.12156165010646
finished_reconf: true
global_termination_time: 4760961.719
local_termination_time: 1637181.2214399995
node_cons: 97945.1202655824
tot_aggregated_send: 66410
tot_msg_rcv: 1806
tot_msg_sent: 3542
tot_reconf_duration: 7.819999999999999
tot_sleeping_duration: 4687821.68860001
tot_uptimes: 1220
tot_uptimes_duration: 73140.03039998887
