comms_cons: 221.17566078476656
finished_reconf: true
global_termination_time: 2231145.375
local_termination_time: 1570894.80336
node_cons: 45895.004284466886
tot_aggregated_send: 30682
tot_msg_rcv: 1002
tot_msg_sent: 1933
tot_reconf_duration: 15.34
tot_sleeping_duration: 2196885.3506800095
tot_uptimes: 572
tot_uptimes_duration: 34260.02431999051
