comms_cons: 219.9952895885988
finished_reconf: true
global_termination_time: 2232692.88
local_termination_time: 577588.9403599999
node_cons: 45878.31446446688
tot_aggregated_send: 31320
tot_msg_rcv: 661
tot_msg_sent: 1457
tot_reconf_duration: 3.05
tot_sleeping_duration: 2198432.8556800094
tot_uptimes: 572
tot_uptimes_duration: 34260.02431999054
