comms_cons: 881.0428152836165
finished_reconf: true
global_termination_time: 2231675.458
local_termination_time: 1315111.9086799985
node_cons: 135738.67936990046
tot_aggregated_send: 0
tot_msg_rcv: 54074
tot_msg_sent: 79840
tot_reconf_duration: 6.22
tot_sleeping_duration: 2130308.5927200117
tot_uptimes: 1655
tot_uptimes_duration: 101366.86527998857
