comms_cons: 47.94787200072308
finished_reconf: true
global_termination_time: 470701.098
local_termination_time: 117385.8672399997
node_cons: 9649.360804485732
tot_aggregated_send: 6380
tot_msg_rcv: 327
tot_msg_sent: 579
tot_reconf_duration: 6.279999999999999
tot_sleeping_duration: 463501.0736799957
tot_uptimes: 121
tot_uptimes_duration: 7200.024320004275
