comms_cons: 47.5347200011408
finished_reconf: true
global_termination_time: 471337.623
local_termination_time: 117408.89035999998
node_cons: 9656.17526224289
tot_aggregated_send: 6322
tot_msg_rcv: 273
tot_msg_sent: 630
tot_reconf_duration: 11.31
tot_sleeping_duration: 464137.6108399979
tot_uptimes: 121
tot_uptimes_duration: 7200.0121600021375
