comms_cons: 185.00773119684294
finished_reconf: true
global_termination_time: 1904983.682
local_termination_time: 938904.9833599998
node_cons: 39131.54976111663
tot_aggregated_send: 27144
tot_msg_rcv: 262
tot_msg_sent: 715
tot_reconf_duration: 4.390000000000001
tot_sleeping_duration: 1875763.6759200024
tot_uptimes: 488
tot_uptimes_duration: 29220.006079997635
