comms_cons: 184.86894079867628
finished_reconf: true
global_termination_time: 1909144.843
local_termination_time: 1401988.5913999993
node_cons: 39221.27897999985
tot_aggregated_send: 27840
tot_msg_rcv: 61
tot_msg_sent: 198
tot_reconf_duration: 11.31
tot_sleeping_duration: 1879864.843
tot_uptimes: 489
tot_uptimes_duration: 29280.0
