comms_cons: 55.837670400362676
finished_reconf: true
global_termination_time: 569257.477
local_termination_time: 151033.781
node_cons: 11658.076544162743
tot_aggregated_send: 8234
tot_msg_rcv: 83
tot_msg_sent: 170
tot_reconf_duration: 6.279999999999999
tot_sleeping_duration: 560557.291559998
tot_uptimes: 146
tot_uptimes_duration: 8700.185440002038
