comms_cons: 245.08835838984623
finished_reconf: true
global_termination_time: 2474560.112
local_termination_time: 548499.2753599999
node_cons: 50862.82476558336
tot_aggregated_send: 35032
tot_msg_rcv: 723
tot_msg_sent: 1497
tot_reconf_duration: 5.57
tot_sleeping_duration: 2436580.081600012
tot_uptimes: 634
tot_uptimes_duration: 37980.03039998817
