comms_cons: 311.0730365684086
finished_reconf: true
global_termination_time: 1889250.65
local_termination_time: 357611.94736000005
node_cons: 38810.80082670538
tot_aggregated_send: 0
tot_msg_rcv: 23894
tot_msg_sent: 23390
tot_reconf_duration: 4.8100000000000005
tot_sleeping_duration: 1860270.6135200106
tot_uptimes: 484
tot_uptimes_duration: 28980.03647998924
