comms_cons: 192.15854718145894
finished_reconf: true
global_termination_time: 1888734.421
local_termination_time: 315776.35036
node_cons: 38810.26710174284
tot_aggregated_send: 25694
tot_msg_rcv: 1371
tot_msg_sent: 2142
tot_reconf_duration: 4.390000000000001
tot_sleeping_duration: 1859754.3571600127
tot_uptimes: 484
tot_uptimes_duration: 28980.063839987386
