comms_cons: 191.61504638081055
finished_reconf: true
global_termination_time: 1886277.4172400003
local_termination_time: 18532.07848
node_cons: 38895.471786065944
tot_aggregated_send: 25926
tot_msg_rcv: 1215
tot_msg_sent: 1983
tot_reconf_duration: 11.31
tot_sleeping_duration: 1857240.7385200106
tot_uptimes: 484
tot_uptimes_duration: 29036.678719989664
