comms_cons: 154.20391679727913
finished_reconf: true
global_termination_time: 1579792.656
local_termination_time: 1094052.987
node_cons: 32483.01095287359
tot_aggregated_send: 22671
tot_msg_rcv: 243
tot_msg_sent: 524
tot_reconf_duration: 13.17
tot_sleeping_duration: 1555546.8560800047
tot_uptimes: 405
tot_uptimes_duration: 24245.799919995246
