comms_cons: 459.4561404580229
finished_reconf: true
global_termination_time: 1576948.1755999997
local_termination_time: 1576948.1344799998
node_cons: 64426.70351351948
tot_aggregated_send: 0
tot_msg_rcv: 23375
tot_msg_sent: 46458
tot_reconf_duration: 24.59
tot_sleeping_duration: 1528857.5779199991
tot_uptimes: 795
tot_uptimes_duration: 48090.59768000056
