comms_cons: 159.92457598230217
finished_reconf: true
global_termination_time: 1576948.9391200002
local_termination_time: 9503.23796
node_cons: 32420.98501085671
tot_aggregated_send: 20822
tot_msg_rcv: 1208
tot_msg_sent: 2277
tot_reconf_duration: 4.390000000000001
tot_sleeping_duration: 1552740.5572000176
tot_uptimes: 404
tot_uptimes_duration: 24208.381919982574
