comms_cons: 162.50488958467713
finished_reconf: true
global_termination_time: 1578674.494
local_termination_time: 683626.70636
node_cons: 32461.542605584276
tot_aggregated_send: 21054
tot_msg_rcv: 1260
tot_msg_sent: 2387
tot_reconf_duration: 3.05
tot_sleeping_duration: 1554434.4636000118
tot_uptimes: 405
tot_uptimes_duration: 24240.030399988173
