comms_cons: 156.75324159353096
finished_reconf: true
global_termination_time: 1579142.996
local_termination_time: 815718.9532399978
node_cons: 32491.587504474017
tot_aggregated_send: 22620
tot_msg_rcv: 398
tot_msg_sent: 807
tot_reconf_duration: 15.34
tot_sleeping_duration: 1554892.9916800046
tot_uptimes: 405
tot_uptimes_duration: 24250.004319995525
