comms_cons: 269.1813887955095
finished_reconf: true
global_termination_time: 2699119.722
local_termination_time: 125819.37739999978
node_cons: 55520.934184470985
tot_aggregated_send: 37236
tot_msg_rcv: 1242
tot_msg_sent: 2436
tot_reconf_duration: 4.390000000000001
tot_sleeping_duration: 2657659.6976800063
tot_uptimes: 692
tot_uptimes_duration: 41460.02431999397
