comms_cons: 265.5438463892568
finished_reconf: true
global_termination_time: 2699188.326
local_termination_time: 1220429.1997999984
node_cons: 55525.56770111598
tot_aggregated_send: 37758
tot_msg_rcv: 923
tot_msg_sent: 1679
tot_reconf_duration: 7.819999999999999
tot_sleeping_duration: 2657728.3199200025
tot_uptimes: 692
tot_uptimes_duration: 41460.006079997635
