comms_cons: 244.66136320291653
finished_reconf: true
global_termination_time: 2411537.013
local_termination_time: 1250673.92136
node_cons: 49576.356220542424
tot_aggregated_send: 32886
tot_msg_rcv: 1398
tot_msg_sent: 2903
tot_reconf_duration: 4.8100000000000005
tot_sleeping_duration: 2374516.9799600122
tot_uptimes: 618
tot_uptimes_duration: 37020.03303998732
