comms_cons: 244.1980799980299
finished_reconf: true
global_termination_time: 2412601.638
local_termination_time: 392242.48892000073
node_cons: 49577.21906893889
tot_aggregated_send: 33350
tot_msg_rcv: 1325
tot_msg_sent: 2441
tot_reconf_duration: 5.43
tot_sleeping_duration: 2375581.589360015
tot_uptimes: 618
tot_uptimes_duration: 37020.04863998474
