comms_cons: 368.62662403548904
finished_reconf: true
global_termination_time: 3684381.302
local_termination_time: 1325957.659759998
node_cons: 75786.5210668698
tot_aggregated_send: 51040
tot_msg_rcv: 1661
tot_msg_sent: 3329
tot_reconf_duration: 15.34
tot_sleeping_duration: 3627797.5160800065
tot_uptimes: 944
tot_uptimes_duration: 56583.78591999365
