comms_cons: 369.13105283612066
finished_reconf: true
global_termination_time: 3685533.029
local_termination_time: 444099.9790400007
node_cons: 75766.61418447006
tot_aggregated_send: 51388
tot_msg_rcv: 1553
tot_msg_sent: 3164
tot_reconf_duration: 4.390000000000001
tot_sleeping_duration: 3628953.0046800063
tot_uptimes: 944
tot_uptimes_duration: 56580.02431999397
