comms_cons: 676.7167752239617
finished_reconf: true
global_termination_time: 3684533.37
local_termination_time: 1102937.85236
node_cons: 75776.01154446622
tot_aggregated_send: 0
tot_msg_rcv: 51824
tot_msg_sent: 51033
tot_reconf_duration: 11.31
tot_sleeping_duration: 3627953.345680009
tot_uptimes: 944
tot_uptimes_duration: 56580.024319991004
