comms_cons: 335.90199683251836
finished_reconf: true
global_termination_time: 3380140.849
local_termination_time: 1955220.6318399985
node_cons: 69500.09418446691
tot_aggregated_send: 46748
tot_msg_rcv: 1396
tot_msg_sent: 2908
tot_reconf_duration: 4.390000000000001
tot_sleeping_duration: 3328240.8246800085
tot_uptimes: 866
tot_uptimes_duration: 51900.02431999147
