comms_cons: 119.6185984153158
finished_reconf: true
global_termination_time: 407185.2868000008
local_termination_time: 2710.375480000002
node_cons: 16723.287635201017
tot_aggregated_send: 0
tot_msg_rcv: 6128
tot_msg_sent: 12051
tot_reconf_duration: 5.57
tot_sleeping_duration: 394701.5500000001
tot_uptimes: 206
tot_uptimes_duration: 12483.736800000741
