comms_cons: 69.88488959997997
finished_reconf: true
global_termination_time: 694188.22
local_termination_time: 111811.20347999997
node_cons: 14226.190466726324
tot_aggregated_send: 9396
tot_msg_rcv: 438
tot_msg_sent: 788
tot_reconf_duration: 4.390000000000001
tot_sleeping_duration: 683568.1835199952
tot_uptimes: 178
tot_uptimes_duration: 10620.03648000471
