comms_cons: 66.04858880056949
finished_reconf: true
global_termination_time: 694310.101
local_termination_time: 256180.43936000005
node_cons: 14228.626760000023
tot_aggregated_send: 9338
tot_msg_rcv: 239
tot_msg_sent: 462
tot_reconf_duration: 6.22
tot_sleeping_duration: 683690.101
tot_uptimes: 178
tot_uptimes_duration: 10620.0
