comms_cons: 127.35357439210226
finished_reconf: true
global_termination_time: 1257733.3534799998
local_termination_time: 1257733.3123599999
node_cons: 25921.272365441546
tot_aggregated_send: 17328
tot_msg_rcv: 682
tot_msg_sent: 1346
tot_reconf_duration: 24.59
tot_sleeping_duration: 1238399.6125199988
tot_uptimes: 323
tot_uptimes_duration: 19333.740960001116
