comms_cons: 127.62990079457983
finished_reconf: true
global_termination_time: 1257733.57924
local_termination_time: 22959.696480000006
node_cons: 25907.57433383447
tot_aggregated_send: 17400
tot_msg_rcv: 771
tot_msg_sent: 1227
tot_reconf_duration: 3.05
tot_sleeping_duration: 1238388.222680004
tot_uptimes: 323
tot_uptimes_duration: 19345.35655999584
