comms_cons: 125.33094399028664
finished_reconf: true
global_termination_time: 1224381.896
local_termination_time: 257773.049
node_cons: 25156.62841719329
tot_aggregated_send: 16412
tot_msg_rcv: 892
tot_msg_sent: 1745
tot_reconf_duration: 6.279999999999999
tot_sleeping_duration: 1205600.641200005
tot_uptimes: 314
tot_uptimes_duration: 18781.25479999496
