comms_cons: 122.21521919418193
finished_reconf: true
global_termination_time: 1228993.233
local_termination_time: 689570.4473599999
node_cons: 25239.552360000096
tot_aggregated_send: 17632
tot_msg_rcv: 372
tot_msg_sent: 572
tot_reconf_duration: 9.42
tot_sleeping_duration: 1210153.233
tot_uptimes: 315
tot_uptimes_duration: 18840.0
