comms_cons: 120.6296319978051
finished_reconf: true
global_termination_time: 1224404.653
local_termination_time: 375483.6268000007
node_cons: 25163.571540000044
tot_aggregated_send: 17632
tot_msg_rcv: 192
tot_msg_sent: 511
tot_reconf_duration: 12.629999999999999
tot_sleeping_duration: 1205624.653
tot_uptimes: 314
tot_uptimes_duration: 18780.0
