comms_cons: 121.55729919829109
finished_reconf: true
global_termination_time: 1224347.313
local_termination_time: 310807.5638800004
node_cons: 25162.580199999993
tot_aggregated_send: 17516
tot_msg_rcv: 331
tot_msg_sent: 629
tot_reconf_duration: 11.899999999999999
tot_sleeping_duration: 1205567.313
tot_uptimes: 314
tot_uptimes_duration: 18780.0
