comms_cons: 125.77553278805638
finished_reconf: true
global_termination_time: 1223992.479239999
local_termination_time: 190180.85048000052
node_cons: 25204.85685030258
tot_aggregated_send: 16356
tot_msg_rcv: 927
tot_msg_sent: 1833
tot_reconf_duration: 3.05
tot_sleeping_duration: 1205171.9303600122
tot_uptimes: 314
tot_uptimes_duration: 18820.548879986978
