comms_cons: 125.50733438892217
finished_reconf: true
global_termination_time: 1229234.169
local_termination_time: 57856.54452000017
node_cons: 25234.174645597956
tot_aggregated_send: 16878
tot_msg_rcv: 858
tot_msg_sent: 1341
tot_reconf_duration: 5.43
tot_sleeping_duration: 1210394.1386000016
tot_uptimes: 315
tot_uptimes_duration: 18840.030399998446
