comms_cons: 286.25451522507615
finished_reconf: true
global_termination_time: 2810868.618
local_termination_time: 805540.3893599999
node_cons: 57848.97446446667
tot_aggregated_send: 38686
tot_msg_rcv: 1742
tot_msg_sent: 3079
tot_reconf_duration: 3.05
tot_sleeping_duration: 2767668.593680009
tot_uptimes: 720
tot_uptimes_duration: 43200.02431999077
