comms_cons: 12.093196799949055
finished_reconf: true
global_termination_time: 97275.126
local_termination_time: 29238.71636
node_cons: 1938.7877011202904
tot_aggregated_send: 812
tot_msg_rcv: 444
tot_msg_sent: 583
tot_reconf_duration: 7.819999999999999
tot_sleeping_duration: 95835.1199199998
tot_uptimes: 25
tot_uptimes_duration: 1440.0060800002175
