comms_cons: 111.56976641475367
finished_reconf: true
global_termination_time: 484850.2814000003
local_termination_time: 484850.2402800003
node_cons: 10049.978631626554
tot_aggregated_send: 0
tot_msg_rcv: 9680
tot_msg_sent: 7282
tot_reconf_duration: 37.410000000000004
tot_sleeping_duration: 477382.6369999805
tot_uptimes: 125
tot_uptimes_duration: 7467.644400019821
