comms_cons: 284.3727616053974
finished_reconf: true
global_termination_time: 2807978.404
local_termination_time: 7116.955000000001
node_cons: 57848.62678894631
tot_aggregated_send: 38798
tot_msg_rcv: 1459
tot_msg_sent: 2966
tot_reconf_duration: 2.77
tot_sleeping_duration: 2764778.3553600092
tot_uptimes: 720
tot_uptimes_duration: 43200.04863999055
