comms_cons: 75.70316159865467
finished_reconf: true
global_termination_time: 735557.7931199991
local_termination_time: 242507.31736000007
node_cons: 15164.322713921652
tot_aggregated_send: 9860
tot_msg_rcv: 576
tot_msg_sent: 1069
tot_reconf_duration: 5.57
tot_sleeping_duration: 724238.3318399979
tot_uptimes: 189
tot_uptimes_duration: 11319.461280001211
