comms_cons: 76.02923519772227
finished_reconf: true
global_termination_time: 741595.297
local_termination_time: 143454.38124000048
node_cons: 15192.755606719411
tot_aggregated_send: 9860
tot_msg_rcv: 589
tot_msg_sent: 1107
tot_reconf_duration: 6.22
tot_sleeping_duration: 730255.2605200005
tot_uptimes: 190
tot_uptimes_duration: 11340.036479999544
