comms_cons: 0.7631872000017017
finished_reconf: true
global_termination_time: 5000.989
local_termination_time: 1681.8523600000003
node_cons: 84.48190000000025
tot_aggregated_send: 0
tot_msg_rcv: 60
tot_msg_sent: 56
tot_reconf_duration: 3.05
tot_sleeping_duration: 4940.989
tot_uptimes: 2
tot_uptimes_duration: 60.0
