comms_cons: 14.41762559970629
finished_reconf: true
global_termination_time: 107838.93
local_termination_time: 22198.599800000004
node_cons: 2177.65118335859
tot_aggregated_send: 812
tot_msg_rcv: 614
tot_msg_sent: 767
tot_reconf_duration: 6.22
tot_sleeping_duration: 106218.91176000104
tot_uptimes: 28
tot_uptimes_duration: 1620.0182399989499
