comms_cons: 13.184716799653327
finished_reconf: true
global_termination_time: 107158.097
local_termination_time: 66637.64315999982
node_cons: 2176.5702222394525
tot_aggregated_send: 1044
tot_msg_rcv: 438
tot_msg_sent: 522
tot_reconf_duration: 5.43
tot_sleeping_duration: 105538.08484000042
tot_uptimes: 28
tot_uptimes_duration: 1620.0121599995837
