comms_cons: 125.1699071981367
finished_reconf: true
global_termination_time: 1273616.186
local_termination_time: 982207.0333599999
node_cons: 26215.569179999988
tot_aggregated_send: 18212
tot_msg_rcv: 247
tot_msg_sent: 567
tot_reconf_duration: 18.21
tot_sleeping_duration: 1254056.186
tot_uptimes: 327
tot_uptimes_duration: 19560.0
