comms_cons: 174.6874111925555
finished_reconf: true
global_termination_time: 1749037.475
local_termination_time: 510981.5743600001
node_cons: 35926.85009999993
tot_aggregated_send: 24940
tot_msg_rcv: 635
tot_msg_sent: 976
tot_reconf_duration: 10.95
tot_sleeping_duration: 1722217.475
tot_uptimes: 448
tot_uptimes_duration: 26820.0
