comms_cons: 122.55048958875102
finished_reconf: true
global_termination_time: 1192261.06
local_termination_time: 79738.26079999986
node_cons: 24534.474982238313
tot_aggregated_send: 15660
tot_msg_rcv: 948
tot_msg_sent: 2018
tot_reconf_duration: 22.65
tot_sleeping_duration: 1173961.0478400015
tot_uptimes: 306
tot_uptimes_duration: 18300.012159998703
