comms_cons: 235.87370865844088
finished_reconf: true
global_termination_time: 1191070.583
local_termination_time: 129562.17759999997
node_cons: 24514.319560000047
tot_aggregated_send: 0
tot_msg_rcv: 18162
tot_msg_sent: 17689
tot_reconf_duration: 7.819999999999999
tot_sleeping_duration: 1172770.583
tot_uptimes: 306
tot_uptimes_duration: 18300.0
