comms_cons: 48.765030401035055
finished_reconf: true
global_termination_time: 487624.953
local_termination_time: 274369.8328400001
node_cons: 9970.614901121406
tot_aggregated_send: 6612
tot_msg_rcv: 276
tot_msg_sent: 524
tot_reconf_duration: 6.22
tot_sleeping_duration: 480184.9469199989
tot_uptimes: 125
tot_uptimes_duration: 7440.006080001069
