comms_cons: 70.52244479949103
finished_reconf: true
global_termination_time: 718939.537
local_termination_time: 556407.1924399986
node_cons: 14800.444860000078
tot_aggregated_send: 10266
tot_msg_rcv: 113
tot_msg_sent: 340
tot_reconf_duration: 13.17
tot_sleeping_duration: 707899.537
tot_uptimes: 185
tot_uptimes_duration: 11040.0
