comms_cons: 130.07799039414286
finished_reconf: true
global_termination_time: 1304301.683
local_termination_time: 876386.1933599999
node_cons: 26839.529761116893
tot_aggregated_send: 18270
tot_msg_rcv: 513
tot_msg_sent: 989
tot_reconf_duration: 4.390000000000001
tot_sleeping_duration: 1284261.6769200023
tot_uptimes: 335
tot_uptimes_duration: 20040.006079997635
