comms_cons: 129.8838527909482
finished_reconf: true
global_termination_time: 1302991.467
local_termination_time: 789040.767359998
node_cons: 26768.573514154214
tot_aggregated_send: 18386
tot_msg_rcv: 431
tot_msg_sent: 924
tot_reconf_duration: 7.819999999999999
tot_sleeping_duration: 1283007.9315600044
tot_uptimes: 334
tot_uptimes_duration: 19983.535439995583
