comms_cons: 255.0802174333741
finished_reconf: true
global_termination_time: 1301387.5676
local_termination_time: 2770.2206
node_cons: 26782.24633303357
tot_aggregated_send: 0
tot_msg_rcv: 19447
tot_msg_sent: 19321
tot_reconf_duration: 6.22
tot_sleeping_duration: 1281392.1982400047
tot_uptimes: 334
tot_uptimes_duration: 19995.369359995166
