comms_cons: 55.471116798307655
finished_reconf: true
global_termination_time: 545395.845
local_termination_time: 375224.51436000003
node_cons: 11174.650222242866
tot_aggregated_send: 7540
tot_msg_rcv: 371
tot_msg_sent: 521
tot_reconf_duration: 5.43
tot_sleeping_duration: 537055.8328399978
tot_uptimes: 140
tot_uptimes_duration: 8340.012160002138
