comms_cons: 243.52662398420114
finished_reconf: true
global_termination_time: 2501123.288
local_termination_time: 1402718.998279999
node_cons: 51421.758182232654
tot_aggregated_send: 34046
tot_msg_rcv: 990
tot_msg_sent: 1977
tot_reconf_duration: 3.05
tot_sleeping_duration: 2462723.275840005
tot_uptimes: 641
tot_uptimes_duration: 38400.01215999527
