comms_cons: 51.41509119998203
finished_reconf: true
global_termination_time: 525957.231
local_termination_time: 74264.87747999941
node_cons: 10772.850603840663
tot_aggregated_send: 7540
tot_msg_rcv: 75
tot_msg_sent: 199
tot_reconf_duration: 4.8100000000000005
tot_sleeping_duration: 517916.66443999956
tot_uptimes: 135
tot_uptimes_duration: 8040.566560000487
