comms_cons: 67.41768959974954
finished_reconf: true
global_termination_time: 669622.753
local_termination_time: 288640.58936000004
node_cons: 13756.033001121428
tot_aggregated_send: 9454
tot_msg_rcv: 340
tot_msg_sent: 453
tot_reconf_duration: 13.17
tot_sleeping_duration: 659362.7469199989
tot_uptimes: 172
tot_uptimes_duration: 10260.006080001069
