comms_cons: 81.05950719884022
finished_reconf: true
global_termination_time: 779158.2232799983
local_termination_time: 779158.1821599983
node_cons: 16095.766634884574
tot_aggregated_send: 10252
tot_msg_rcv: 730
tot_msg_sent: 1342
tot_reconf_duration: 24.59
tot_sleeping_duration: 767162.4253599949
tot_uptimes: 200
tot_uptimes_duration: 11995.797920003388
