comms_cons: 141.34478076906652
finished_reconf: true
global_termination_time: 783863.481
local_termination_time: 315767.7723600001
node_cons: 16072.15004111692
tot_aggregated_send: 0
tot_msg_rcv: 10868
tot_msg_sent: 10615
tot_reconf_duration: 3.05
tot_sleeping_duration: 771863.4749200024
tot_uptimes: 201
tot_uptimes_duration: 12000.006079997635
