comms_cons: 78.0293119986935
finished_reconf: true
global_termination_time: 783070.366
local_termination_time: 239696.45136000004
node_cons: 16075.382081121445
tot_aggregated_send: 10556
tot_msg_rcv: 436
tot_msg_sent: 868
tot_reconf_duration: 5.43
tot_sleeping_duration: 771070.3599199989
tot_uptimes: 201
tot_uptimes_duration: 12000.006080001069
