comms_cons: 66.80485120372215
finished_reconf: true
global_termination_time: 229384.4835600003
local_termination_time: 1074.1180400000014
node_cons: 9395.752090840446
tot_aggregated_send: 0
tot_msg_rcv: 3386
tot_msg_sent: 6766
tot_reconf_duration: 4.390000000000001
tot_sleeping_duration: 222371.944
tot_uptimes: 117
tot_uptimes_duration: 7012.539560000325
