comms_cons: 11.394828799895942
finished_reconf: true
global_termination_time: 110789.033
local_termination_time: 50463.42720000013
node_cons: 2258.0645222394405
tot_aggregated_send: 986
tot_msg_rcv: 260
tot_msg_sent: 486
tot_reconf_duration: 6.279999999999999
tot_sleeping_duration: 109109.02084000042
tot_uptimes: 29
tot_uptimes_duration: 1680.0121599995837
