comms_cons: 224.77836799172775
finished_reconf: true
global_termination_time: 2263791.069
local_termination_time: 506026.0912800008
node_cons: 46523.78579999942
tot_aggregated_send: 32190
tot_msg_rcv: 587
tot_msg_sent: 1388
tot_reconf_duration: 5.1
tot_sleeping_duration: 2229051.069
tot_uptimes: 580
tot_uptimes_duration: 34740.0
