comms_cons: 220.69926399679449
finished_reconf: true
global_termination_time: 2260570.728
local_termination_time: 1436126.2053599989
node_cons: 46454.40485999936
tot_aggregated_send: 32596
tot_msg_rcv: 337
tot_msg_sent: 612
tot_reconf_duration: 13.17
tot_sleeping_duration: 2225890.728
tot_uptimes: 579
tot_uptimes_duration: 34680.0
