comms_cons: 65.23644799962693
finished_reconf: true
global_termination_time: 638068.772
local_termination_time: 46933.29336000001
node_cons: 13110.82782672518
tot_aggregated_send: 8468
tot_msg_rcv: 462
tot_msg_sent: 984
tot_reconf_duration: 11.31
tot_sleeping_duration: 628288.7355199961
tot_uptimes: 164
tot_uptimes_duration: 9780.036480003859
