comms_cons: 78.70719360077442
finished_reconf: true
global_termination_time: 816574.044
local_termination_time: 189858.76008000015
node_cons: 16799.588240000023
tot_aggregated_send: 11310
tot_msg_rcv: 250
tot_msg_sent: 403
tot_reconf_duration: 6.279999999999999
tot_sleeping_duration: 804034.044
tot_uptimes: 210
tot_uptimes_duration: 12540.0
