comms_cons: 79.05566720022865
finished_reconf: true
global_termination_time: 817503.809
local_termination_time: 162704.63036000007
node_cons: 16799.506760000026
tot_aggregated_send: 11716
tot_msg_rcv: 112
tot_msg_sent: 188
tot_reconf_duration: 6.22
tot_sleeping_duration: 804963.809
tot_uptimes: 210
tot_uptimes_duration: 12540.0
