comms_cons: 193.57322239280361
finished_reconf: true
global_termination_time: 1961198.7514799999
local_termination_time: 1961198.71036
node_cons: 40382.439800957865
tot_aggregated_send: 28348
tot_msg_rcv: 311
tot_msg_sent: 762
tot_reconf_duration: 24.59
tot_sleeping_duration: 1931065.0348400013
tot_uptimes: 503
tot_uptimes_duration: 30133.7166399986
