comms_cons: 195.46089598831236
finished_reconf: true
global_termination_time: 1962356.942
local_termination_time: 682403.85136
node_cons: 40341.32398335031
tot_aggregated_send: 27260
tot_msg_rcv: 823
tot_msg_sent: 1625
tot_reconf_duration: 7.819999999999999
tot_sleeping_duration: 1932236.9237600071
tot_uptimes: 503
tot_uptimes_duration: 30120.018239992904
