comms_cons: 132.6298367959253
finished_reconf: true
global_termination_time: 1332999.4224399994
local_termination_time: 1332999.3813199995
node_cons: 27499.13507704064
tot_aggregated_send: 19081
tot_msg_rcv: 411
tot_msg_sent: 665
tot_reconf_duration: 53.800000000000004
tot_sleeping_duration: 1312516.9170799989
tot_uptimes: 342
tot_uptimes_duration: 20482.50536000044
