comms_cons: 129.45333759920825
finished_reconf: true
global_termination_time: 1333338.302
local_termination_time: 5002.835999999999
node_cons: 27414.721140000045
tot_aggregated_send: 19532
tot_msg_rcv: 67
tot_msg_sent: 77
tot_reconf_duration: 13.83
tot_sleeping_duration: 1312878.302
tot_uptimes: 342
tot_uptimes_duration: 20460.0
