comms_cons: 130.94581759577903
finished_reconf: true
global_termination_time: 1334875.7
local_termination_time: 4015.723
node_cons: 27401.828281119193
tot_aggregated_send: 19193
tot_msg_rcv: 236
tot_msg_sent: 474
tot_reconf_duration: 4.33
tot_sleeping_duration: 1314415.6939200007
tot_uptimes: 342
tot_uptimes_duration: 20460.006079999366
