comms_cons: 74.54136320004716
finished_reconf: true
global_termination_time: 756488.528
local_termination_time: 117723.24647999994
node_cons: 15513.184060000012
tot_aggregated_send: 10788
tot_msg_rcv: 173
tot_msg_sent: 368
tot_reconf_duration: 5.57
tot_sleeping_duration: 744908.528
tot_uptimes: 194
tot_uptimes_duration: 11580.0
