comms_cons: 75.04235519979692
finished_reconf: true
global_termination_time: 755838.108
local_termination_time: 236359.41136000006
node_cons: 15509.802640000007
tot_aggregated_send: 10846
tot_msg_rcv: 214
tot_msg_sent: 346
tot_reconf_duration: 3.08
tot_sleeping_duration: 744258.108
tot_uptimes: 194
tot_uptimes_duration: 11580.0
