comms_cons: 75.33400319918397
finished_reconf: true
global_termination_time: 752230.393
local_termination_time: 278359.9574800001
node_cons: 15435.899560000033
tot_aggregated_send: 10672
tot_msg_rcv: 321
tot_msg_sent: 457
tot_reconf_duration: 7.819999999999999
tot_sleeping_duration: 740710.393
tot_uptimes: 193
tot_uptimes_duration: 11520.0
