comms_cons: 74.85939199793789
finished_reconf: true
global_termination_time: 754710.446
local_termination_time: 90879.28735999997
node_cons: 15513.002081121464
tot_aggregated_send: 10730
tot_msg_rcv: 188
tot_msg_sent: 461
tot_reconf_duration: 5.43
tot_sleeping_duration: 743130.439919999
tot_uptimes: 194
tot_uptimes_duration: 11580.006080001069
