comms_cons: 106.68069121109171
finished_reconf: true
global_termination_time: 541119.6826
local_termination_time: 2357.1056
node_cons: 11132.234751764165
tot_aggregated_send: 0
tot_msg_rcv: 8210
tot_msg_sent: 8004
tot_reconf_duration: 18.21
tot_sleeping_duration: 532824.3087599968
tot_uptimes: 139
tot_uptimes_duration: 8295.3738400031
