comms_cons: 56.48963840123406
finished_reconf: true
global_termination_time: 543985.613
local_termination_time: 336510.5523600005
node_cons: 11175.812663364266
tot_aggregated_send: 7192
tot_msg_rcv: 578
tot_msg_sent: 817
tot_reconf_duration: 6.279999999999999
tot_sleeping_duration: 535645.5947599969
tot_uptimes: 140
tot_uptimes_duration: 8340.018240003206
