comms_cons: 56.550732800657286
finished_reconf: true
global_termination_time: 543598.785
local_termination_time: 41875.905120000185
node_cons: 11189.251850406567
tot_aggregated_send: 6960
tot_msg_rcv: 527
tot_msg_sent: 1112
tot_reconf_duration: 11.31
tot_sleeping_duration: 535253.8313999951
tot_uptimes: 140
tot_uptimes_duration: 8344.953600004897
