comms_cons: 56.4413696007189
finished_reconf: true
global_termination_time: 545581.295
local_termination_time: 126739.47
node_cons: 11174.7072100929
tot_aggregated_send: 6842
tot_msg_rcv: 512
tot_msg_sent: 1224
tot_reconf_duration: 5.43
tot_sleeping_duration: 537241.2402799905
tot_uptimes: 140
tot_uptimes_duration: 8340.054720009619
