comms_cons: 31.19510400100721
finished_reconf: true
global_termination_time: 240979.67216000074
local_termination_time: 240979.63104000074
node_cons: 5020.832280805956
tot_aggregated_send: 1540
tot_msg_rcv: 1125
tot_msg_sent: 2079
tot_reconf_duration: 37.410000000000004
tot_sleeping_duration: 237267.9249599963
tot_uptimes: 62
tot_uptimes_duration: 3711.7472000044363
