comms_cons: 24.494988800360737
finished_reconf: true
global_termination_time: 245448.277
local_termination_time: 79824.59175999949
node_cons: 5009.669564639338
tot_aggregated_send: 3306
tot_msg_rcv: 136
tot_msg_sent: 282
tot_reconf_duration: 15.34
tot_sleeping_duration: 241722.48324000053
tot_uptimes: 63
tot_uptimes_duration: 3725.793759999491
