comms_cons: 24.007500800350158
finished_reconf: true
global_termination_time: 240980.32208000025
local_termination_time: 240965.97648000007
node_cons: 4964.9778371203665
tot_aggregated_send: 3248
tot_msg_rcv: 101
tot_msg_sent: 299
tot_reconf_duration: 15.110000000000001
tot_sleeping_duration: 237287.672
tot_uptimes: 62
tot_uptimes_duration: 3692.650080000254
