comms_cons: 25.040435200382976
finished_reconf: true
global_termination_time: 244492.074
local_termination_time: 102232.82135999996
node_cons: 4987.628262242863
tot_aggregated_send: 3132
tot_msg_rcv: 212
tot_msg_sent: 462
tot_reconf_duration: 4.8100000000000005
tot_sleeping_duration: 240772.06183999786
tot_uptimes: 63
tot_uptimes_duration: 3720.0121600021375
