comms_cons: 11.422745600086866
finished_reconf: true
global_termination_time: 102046.403
local_termination_time: 53015.28036000001
node_cons: 2095.7820822383
tot_aggregated_send: 870
tot_msg_rcv: 285
tot_msg_sent: 581
tot_reconf_duration: 5.1
tot_sleeping_duration: 100486.39084000127
tot_uptimes: 27
tot_uptimes_duration: 1560.0121599987324
