comms_cons: 13.245811199709152
finished_reconf: true
global_termination_time: 104953.958
local_termination_time: 74517.73287999973
node_cons: 2094.826043357453
tot_aggregated_send: 928
tot_msg_rcv: 505
tot_msg_sent: 580
tot_reconf_duration: 4.390000000000001
tot_sleeping_duration: 103393.9397600019
tot_uptimes: 27
tot_uptimes_duration: 1560.0182399980986
