comms_cons: 11.945881599895786
finished_reconf: true
global_termination_time: 104577.179
local_termination_time: 69796.55963999948
node_cons: 2092.998182238286
tot_aggregated_send: 928
tot_msg_rcv: 358
tot_msg_sent: 531
tot_reconf_duration: 3.05
tot_sleeping_duration: 103017.16684000127
tot_uptimes: 27
tot_uptimes_duration: 1560.0121599987324
