comms_cons: 12.245817599818128
finished_reconf: true
global_termination_time: 100821.424
local_termination_time: 58169.676960000026
node_cons: 2015.8983633574524
tot_aggregated_send: 870
tot_msg_rcv: 413
tot_msg_sent: 578
tot_reconf_duration: 5.43
tot_sleeping_duration: 99321.4057600019
tot_uptimes: 26
tot_uptimes_duration: 1500.0182399980986
