comms_cons: 515.9974397242563
finished_reconf: true
global_termination_time: 1065158.0873199985
local_termination_time: 1065158.0461999986
node_cons: 64881.78408750831
tot_aggregated_send: 0
tot_msg_rcv: 31646
tot_msg_sent: 46782
tot_reconf_duration: 24.59
tot_sleeping_duration: 1016727.6236400063
tot_uptimes: 793
tot_uptimes_duration: 48430.4636799922
