comms_cons: 1.4474239999973297
finished_reconf: true
global_termination_time: 14680.848
local_termination_time: 7138.96248
node_cons: 265.7491800000013
tot_aggregated_send: 0
tot_msg_rcv: 119
tot_msg_sent: 101
tot_reconf_duration: 18.21
tot_sleeping_duration: 14500.848
tot_uptimes: 4
tot_uptimes_duration: 180.0
