comms_cons: 127.31180798747754
finished_reconf: true
global_termination_time: 636155.1221599984
local_termination_time: 1251.6633600000002
node_cons: 13113.885980712945
tot_aggregated_send: 0
tot_msg_rcv: 9912
tot_msg_sent: 9436
tot_reconf_duration: 18.21
tot_sleeping_duration: 626379.7996800037
tot_uptimes: 163
tot_uptimes_duration: 9775.322479994718
