comms_cons: 64.60774400086929
finished_reconf: true
global_termination_time: 637458.798
local_termination_time: 450969.89136000007
node_cons: 13129.785541121433
tot_aggregated_send: 8758
tot_msg_rcv: 389
tot_msg_sent: 673
tot_reconf_duration: 25.299999999999997
tot_sleeping_duration: 627678.7919199989
tot_uptimes: 164
tot_uptimes_duration: 9780.006080001069
