comms_cons: 389.4623232435289
finished_reconf: true
global_termination_time: 3907511.39
local_termination_time: 2048767.4163199987
node_cons: 80360.88056670004
tot_aggregated_send: 53882
tot_msg_rcv: 1663
tot_msg_sent: 3651
tot_reconf_duration: 15.34
tot_sleeping_duration: 3847511.3535200134
tot_uptimes: 1001
tot_uptimes_duration: 60000.036479986506
