comms_cons: 385.859808033511
finished_reconf: true
global_termination_time: 3903875.83
local_termination_time: 1241921.37
node_cons: 80282.5286179796
tot_aggregated_send: 53991
tot_msg_rcv: 1531
tot_msg_sent: 3127
tot_reconf_duration: 13.17
tot_sleeping_duration: 3843932.108000014
tot_uptimes: 1000
tot_uptimes_duration: 59943.72199998633
