comms_cons: 768.272417232193
finished_reconf: true
global_termination_time: 3901786.7235999973
local_termination_time: 438.58647999999914
node_cons: 80296.413912863
tot_aggregated_send: 0
tot_msg_rcv: 58819
tot_msg_sent: 57951
tot_reconf_duration: 11.899999999999999
tot_sleeping_duration: 3841831.3436800083
tot_uptimes: 1000
tot_uptimes_duration: 59955.3799199888
