comms_cons: 2.1908735999927607
finished_reconf: true
global_termination_time: 18701.319
local_termination_time: 9749.45936
node_cons: 355.7174000000015
tot_aggregated_send: 0
tot_msg_rcv: 180
tot_msg_sent: 153
tot_reconf_duration: 25.299999999999997
tot_sleeping_duration: 18461.319
tot_uptimes: 5
tot_uptimes_duration: 240.0
