comms_cons: 64.81072640704839
finished_reconf: true
global_termination_time: 327178.795
local_termination_time: 131.5040400000002
node_cons: 6698.986841121438
tot_aggregated_send: 0
tot_msg_rcv: 5053
tot_msg_sent: 4797
tot_reconf_duration: 22.65
tot_sleeping_duration: 322198.7889199989
tot_uptimes: 84
tot_uptimes_duration: 4980.006080001069
