comms_cons: 33.25030400027765
finished_reconf: true
global_termination_time: 326292.37
local_termination_time: 11116.582280000002
node_cons: 6676.6667600000055
tot_aggregated_send: 4176
tot_msg_rcv: 340
tot_msg_sent: 537
tot_reconf_duration: 6.22
tot_sleeping_duration: 321312.37
tot_uptimes: 84
tot_uptimes_duration: 4980.0
