comms_cons: 65.31234559865811
finished_reconf: true
global_termination_time: 634252.87
local_termination_time: 117809.69747999996
node_cons: 13021.652685607169
tot_aggregated_send: 8294
tot_msg_rcv: 529
tot_msg_sent: 1105
tot_reconf_duration: 4.8100000000000005
tot_sleeping_duration: 624532.8395999947
tot_uptimes: 163
tot_uptimes_duration: 9720.030400005344
