comms_cons: 255.67429120303305
finished_reconf: true
global_termination_time: 2549382.1
local_termination_time: 438912.96804000024
node_cons: 52387.666043349636
tot_aggregated_send: 35728
tot_msg_rcv: 1044
tot_msg_sent: 2089
tot_reconf_duration: 4.390000000000001
tot_sleeping_duration: 2510262.081760007
tot_uptimes: 653
tot_uptimes_duration: 39120.0182399929
