comms_cons: 90.70085119370776
finished_reconf: true
global_termination_time: 868860.248
local_termination_time: 104121.55835999997
node_cons: 17846.572697264834
tot_aggregated_send: 11194
tot_msg_rcv: 897
tot_msg_sent: 1695
tot_reconf_duration: 8.09
tot_sleeping_duration: 855540.1684800113
tot_uptimes: 223
tot_uptimes_duration: 13320.079519988663
