comms_cons: 88.13559039558245
finished_reconf: true
global_termination_time: 869925.96
local_termination_time: 322388.2316000001
node_cons: 17850.358241121474
tot_aggregated_send: 11716
tot_msg_rcv: 526
tot_msg_sent: 1155
tot_reconf_duration: 10.95
tot_sleeping_duration: 856605.953919999
tot_uptimes: 223
tot_uptimes_duration: 13320.006080001069
