comms_cons: 87.04281599594742
finished_reconf: true
global_termination_time: 869960.995
local_termination_time: 462306.5745200008
node_cons: 17851.99326751472
tot_aggregated_send: 12006
tot_msg_rcv: 364
tot_msg_sent: 860
tot_reconf_duration: 11.899999999999999
tot_sleeping_duration: 856640.731320004
tot_uptimes: 223
tot_uptimes_duration: 13320.263679996075
