comms_cons: 2.2171903999926736
finished_reconf: true
global_termination_time: 14953.1
local_termination_time: 6652.095360000001
node_cons: 261.5393800000008
tot_aggregated_send: 0
tot_msg_rcv: 176
tot_msg_sent: 160
tot_reconf_duration: 15.110000000000001
tot_sleeping_duration: 14773.1
tot_uptimes: 4
tot_uptimes_duration: 180.0
