comms_cons: 408.34515201522504
finished_reconf: true
global_termination_time: 4146269.119
local_termination_time: 2517373.95536
node_cons: 85247.68208223156
tot_aggregated_send: 56376
tot_msg_rcv: 1917
tot_msg_sent: 3773
tot_reconf_duration: 5.1
tot_sleeping_duration: 4082609.1068400047
tot_uptimes: 1062
tot_uptimes_duration: 63660.01215999527
