comms_cons: 416.9490880629701
finished_reconf: true
global_termination_time: 4148076.122
local_termination_time: 265970.73564000084
node_cons: 85327.69339117133
tot_aggregated_send: 57768
tot_msg_rcv: 2004
tot_msg_sent: 3599
tot_reconf_duration: 4.8100000000000005
tot_sleeping_duration: 4084356.06120002
tot_uptimes: 1063
tot_uptimes_duration: 63720.060799980245
