comms_cons: 411.33464965979795
finished_reconf: true
global_termination_time: 4149598.791
local_termination_time: 618478.75136
node_cons: 85329.57560669952
tot_aggregated_send: 57652
tot_msg_rcv: 1653
tot_msg_sent: 3214
tot_reconf_duration: 6.22
tot_sleeping_duration: 4085878.754520014
tot_uptimes: 1063
tot_uptimes_duration: 63720.03647998627
