comms_cons: 406.99589123420986
finished_reconf: true
global_termination_time: 4147845.969
local_termination_time: 1532110.2493599998
node_cons: 85328.49464558279
tot_aggregated_send: 57652
tot_msg_rcv: 1302
tot_msg_sent: 2907
tot_reconf_duration: 5.43
tot_sleeping_duration: 4084125.938600011
tot_uptimes: 1063
tot_uptimes_duration: 63720.03039998887
