comms_cons: 21.763993600273757
finished_reconf: true
global_termination_time: 213511.388
local_termination_time: 77129.19735999996
node_cons: 4358.879380000004
tot_aggregated_send: 2726
tot_msg_rcv: 190
tot_msg_sent: 392
tot_reconf_duration: 15.110000000000001
tot_sleeping_duration: 210271.388
tot_uptimes: 55
tot_uptimes_duration: 3240.0
