comms_cons: 115.03731199727706
finished_reconf: true
global_termination_time: 1193527.436
local_termination_time: 724028.7249199984
node_cons: 24514.319560000124
tot_aggregated_send: 16240
tot_msg_rcv: 357
tot_msg_sent: 888
tot_reconf_duration: 7.819999999999999
tot_sleeping_duration: 1175227.436
tot_uptimes: 306
tot_uptimes_duration: 18300.0
