comms_cons: 119.30846719417069
finished_reconf: true
global_termination_time: 1191218.411
local_termination_time: 576978.8375999978
node_cons: 24531.272802396932
tot_aggregated_send: 16704
tot_msg_rcv: 499
tot_msg_sent: 933
tot_reconf_duration: 11.31
tot_sleeping_duration: 1172909.2894000025
tot_uptimes: 306
tot_uptimes_duration: 18309.121599997743
