comms_cons: 90.54357759775932
finished_reconf: true
global_termination_time: 885602.315
local_termination_time: 277797.9959200003
node_cons: 18191.238105602566
tot_aggregated_send: 11832
tot_msg_rcv: 670
tot_msg_sent: 1261
tot_reconf_duration: 25.299999999999997
tot_sleeping_duration: 872042.284599998
tot_uptimes: 227
tot_uptimes_duration: 13560.03040000191
