comms_cons: 87.41783039490869
finished_reconf: true
global_termination_time: 885185.059
local_termination_time: 533913.36636
node_cons: 18163.412685584262
tot_aggregated_send: 12064
tot_msg_rcv: 361
tot_msg_sent: 862
tot_reconf_duration: 4.8100000000000005
tot_sleeping_duration: 871625.0286000118
tot_uptimes: 227
tot_uptimes_duration: 13560.030399988173
