comms_cons: 90.16198399276126
finished_reconf: true
global_termination_time: 885952.867
local_termination_time: 242560.28136000005
node_cons: 18165.35188894848
tot_aggregated_send: 11310
tot_msg_rcv: 759
tot_msg_sent: 1636
tot_reconf_duration: 6.22
tot_sleeping_duration: 872392.8183600085
tot_uptimes: 227
tot_uptimes_duration: 13560.048639991379
