comms_cons: 370.44421089586683
finished_reconf: true
global_termination_time: 1887040.924
local_termination_time: 2275.9294800000002
node_cons: 38828.965462238055
tot_aggregated_send: 0
tot_msg_rcv: 28298
tot_msg_sent: 28007
tot_reconf_duration: 18.21
tot_sleeping_duration: 1858060.9118400014
tot_uptimes: 484
tot_uptimes_duration: 28980.012159998703
