comms_cons: 187.8270911884177
finished_reconf: true
global_termination_time: 1885157.987
local_termination_time: 954695.1424799998
node_cons: 38729.85790223348
tot_aggregated_send: 26564
tot_msg_rcv: 619
tot_msg_sent: 1365
tot_reconf_duration: 4.390000000000001
tot_sleeping_duration: 1856237.9748400047
tot_uptimes: 483
tot_uptimes_duration: 28920.01215999527
