comms_cons: 468.4711040603062
finished_reconf: true
global_termination_time: 4719504.9184799995
local_termination_time: 4719504.877359999
node_cons: 97102.50422431357
tot_aggregated_send: 67730
tot_msg_rcv: 1143
tot_msg_sent: 2331
tot_reconf_duration: 24.59
tot_sleeping_duration: 4647011.183600003
tot_uptimes: 1209
tot_uptimes_duration: 72493.73487999747
