comms_cons: 69.30591999879312
finished_reconf: true
global_termination_time: 685010.653
local_termination_time: 366632.52400000003
node_cons: 14097.349079920778
tot_aggregated_send: 9510
tot_msg_rcv: 397
tot_msg_sent: 627
tot_reconf_duration: 22.65
tot_sleeping_duration: 674505.3577199995
tot_uptimes: 176
tot_uptimes_duration: 10505.295280000544
