comms_cons: 682.5130496937693
finished_reconf: true
global_termination_time: 6873317.137279999
local_termination_time: 6873317.096159999
node_cons: 141488.69738838167
tot_aggregated_send: 98922
tot_msg_rcv: 1658
tot_msg_sent: 3157
tot_reconf_duration: 37.410000000000004
tot_sleeping_duration: 6767687.64168001
tot_uptimes: 1761
tot_uptimes_duration: 105629.49559999001
