comms_cons: 682.8821121239412
finished_reconf: true
global_termination_time: 6875249.978
local_termination_time: 3101240.4333599997
node_cons: 141432.7981055808
tot_aggregated_send: 95526
tot_msg_rcv: 2888
tot_msg_sent: 5380
tot_reconf_duration: 25.299999999999997
tot_sleeping_duration: 6769649.947600011
tot_uptimes: 1761
tot_uptimes_duration: 105600.03039998934
