comms_cons: 672.7931456762441
finished_reconf: true
global_termination_time: 6875692.024
local_termination_time: 5079691.296359999
node_cons: 141414.56019999462
tot_aggregated_send: 97788
tot_msg_rcv: 1507
tot_msg_sent: 2965
tot_reconf_duration: 11.899999999999999
tot_sleeping_duration: 6770092.023999999
tot_uptimes: 1761
tot_uptimes_duration: 105600.00000000003
