comms_cons: 689.9890433703757
finished_reconf: true
global_termination_time: 6876078.426
local_termination_time: 1240531.7683599999
node_cons: 141404.443031166
tot_aggregated_send: 95932
tot_msg_rcv: 3186
tot_msg_sent: 5754
tot_reconf_duration: 4.390000000000001
tot_sleeping_duration: 6770478.365200022
tot_uptimes: 1761
tot_uptimes_duration: 105600.06079997821
