comms_cons: 2.301043199993788
finished_reconf: true
global_termination_time: 15138.08
local_termination_time: 7890.326360000001
node_cons: 249.54824000000087
tot_aggregated_send: 0
tot_msg_rcv: 178
tot_msg_sent: 170
tot_reconf_duration: 6.279999999999999
tot_sleeping_duration: 14958.08
tot_uptimes: 4
tot_uptimes_duration: 180.0
