comms_cons: 2.5264127999916512
finished_reconf: true
global_termination_time: 19075.744
local_termination_time: 5421.568360000004
node_cons: 327.3216199999992
tot_aggregated_send: 0
tot_msg_rcv: 209
tot_msg_sent: 175
tot_reconf_duration: 4.390000000000001
tot_sleeping_duration: 18835.744
tot_uptimes: 5
tot_uptimes_duration: 240.0
