comms_cons: 146.6960767959889
finished_reconf: true
global_termination_time: 1482743.758
local_termination_time: 136946.41640000037
node_cons: 30455.424544476573
tot_aggregated_send: 20996
tot_msg_rcv: 368
tot_msg_sent: 933
tot_reconf_duration: 4.8100000000000005
tot_sleeping_duration: 1460003.7336800026
tot_uptimes: 380
tot_uptimes_duration: 22740.024319997407
