comms_cons: 149.0333695880082
finished_reconf: true
global_termination_time: 1481525.576
local_termination_time: 248894.38836000004
node_cons: 30453.05074671022
tot_aggregated_send: 20648
tot_msg_rcv: 665
tot_msg_sent: 1340
tot_reconf_duration: 3.05
tot_sleeping_duration: 1458785.539520007
tot_uptimes: 380
tot_uptimes_duration: 22740.036479992676
