comms_cons: 149.23662078767526
finished_reconf: true
global_termination_time: 1480232.79
local_termination_time: 255836.84736000095
node_cons: 30464.229796391784
tot_aggregated_send: 20706
tot_msg_rcv: 700
tot_msg_sent: 1278
tot_reconf_duration: 7.819999999999999
tot_sleeping_duration: 1457489.2424000062
tot_uptimes: 380
tot_uptimes_duration: 22743.54759999385
