comms_cons: 117.86849918751672
finished_reconf: true
global_termination_time: 1253162.392
local_termination_time: 5200.58
node_cons: 25724.772747822462
tot_aggregated_send: 16116
tot_msg_rcv: 613
tot_msg_sent: 1186
tot_reconf_duration: 11.719999999999999
tot_sleeping_duration: 1233962.349440013
tot_uptimes: 321
tot_uptimes_duration: 19200.042559986876
