comms_cons: 203.72472318336187
finished_reconf: true
global_termination_time: 2017822.496
local_termination_time: 828026.9173599998
node_cons: 41486.21498223337
tot_aggregated_send: 27666
tot_msg_rcv: 1053
tot_msg_sent: 2246
tot_reconf_duration: 22.65
tot_sleeping_duration: 1986862.4838400048
tot_uptimes: 517
tot_uptimes_duration: 30960.01215999527
