comms_cons: 203.20426238652044
finished_reconf: true
global_termination_time: 2017912.918
local_termination_time: 783862.3766399992
node_cons: 41461.99640335025
tot_aggregated_send: 28014
tot_msg_rcv: 954
tot_msg_sent: 1917
tot_reconf_duration: 4.8100000000000005
tot_sleeping_duration: 1986952.8997600072
tot_uptimes: 517
tot_uptimes_duration: 30960.018239992904
