comms_cons: 202.44919038590936
finished_reconf: true
global_termination_time: 2021814.98
local_termination_time: 386170.643
node_cons: 41541.77418446694
tot_aggregated_send: 28591
tot_msg_rcv: 783
tot_msg_sent: 1398
tot_reconf_duration: 4.390000000000001
tot_sleeping_duration: 1990794.9556800094
tot_uptimes: 518
tot_uptimes_duration: 31020.024319990538
