comms_cons: 107.91838079511278
finished_reconf: true
global_termination_time: 1058681.1081200002
local_termination_time: 14737.442560000003
node_cons: 21822.036084156895
tot_aggregated_send: 14268
tot_msg_rcv: 791
tot_msg_sent: 1343
tot_reconf_duration: 4.8100000000000005
tot_sleeping_duration: 1042388.7226800026
tot_uptimes: 272
tot_uptimes_duration: 16292.385439997655
