comms_cons: 105.05008639897565
finished_reconf: true
global_termination_time: 1061787.664
local_termination_time: 237622.64236000003
node_cons: 21782.759560000006
tot_aggregated_send: 15370
tot_msg_rcv: 256
tot_msg_sent: 341
tot_reconf_duration: 7.819999999999999
tot_sleeping_duration: 1045527.6640000001
tot_uptimes: 272
tot_uptimes_duration: 16260.0
