comms_cons: 275.9711232213039
finished_reconf: true
global_termination_time: 2766883.817
local_termination_time: 1562710.36236
node_cons: 56905.44917999895
tot_aggregated_send: 39208
tot_msg_rcv: 899
tot_msg_sent: 1839
tot_reconf_duration: 18.21
tot_sleeping_duration: 2724403.817
tot_uptimes: 709
tot_uptimes_duration: 42480.0
