comms_cons: 279.5238912265377
finished_reconf: true
global_termination_time: 2767714.324
local_termination_time: 1531842.9153599998
node_cons: 56911.50312334938
tot_aggregated_send: 38048
tot_msg_rcv: 1438
tot_msg_sent: 3000
tot_reconf_duration: 22.65
tot_sleeping_duration: 2725234.3057600074
tot_uptimes: 709
tot_uptimes_duration: 42480.0182399929
