comms_cons: 276.3663359977414
finished_reconf: true
global_termination_time: 2763705.043
local_termination_time: 176190.10536000005
node_cons: 56821.28499006465
tot_aggregated_send: 38164
tot_msg_rcv: 1322
tot_msg_sent: 2519
tot_reconf_duration: 15.34
tot_sleeping_duration: 2721284.988280011
tot_uptimes: 708
tot_uptimes_duration: 42420.054719989275
