comms_cons: 113.62016639256107
finished_reconf: true
global_termination_time: 1122716.82848
local_termination_time: 1122716.78736
node_cons: 23109.38050656065
tot_aggregated_send: 15356
tot_msg_rcv: 622
tot_msg_sent: 1291
tot_reconf_duration: 24.59
tot_sleeping_duration: 1105483.0814399994
tot_uptimes: 288
tot_uptimes_duration: 17233.747040000453
