comms_cons: 111.46480639515244
finished_reconf: true
global_termination_time: 1124150.355
local_termination_time: 412189.88036
node_cons: 23066.04304223366
tot_aggregated_send: 15544
tot_msg_rcv: 410
tot_msg_sent: 988
tot_reconf_duration: 6.22
tot_sleeping_duration: 1106930.3428400047
tot_uptimes: 288
tot_uptimes_duration: 17220.01215999527
