comms_cons: 321.16988165454563
finished_reconf: true
global_termination_time: 3171659.221
local_termination_time: 108377.70399999974
node_cons: 65244.58374782107
tot_aggregated_send: 43674
tot_msg_rcv: 1713
tot_msg_sent: 3429
tot_reconf_duration: 6.22
tot_sleeping_duration: 3122939.178440013
tot_uptimes: 813
tot_uptimes_duration: 48720.042559986876
