comms_cons: 154.36181758932943
finished_reconf: true
global_termination_time: 1518268.38
local_termination_time: 591383.291119999
node_cons: 31180.45638111692
tot_aggregated_send: 20822
tot_msg_rcv: 957
tot_msg_sent: 1684
tot_reconf_duration: 6.279999999999999
tot_sleeping_duration: 1494988.3739200023
tot_uptimes: 389
tot_uptimes_duration: 23280.006079997635
