comms_cons: 151.09132799541558
finished_reconf: true
global_termination_time: 1516747.427
local_termination_time: 732781.7195999998
node_cons: 31189.804860000106
tot_aggregated_send: 21750
tot_msg_rcv: 471
tot_msg_sent: 744
tot_reconf_duration: 13.17
tot_sleeping_duration: 1493467.427
tot_uptimes: 389
tot_uptimes_duration: 23280.0
