comms_cons: 30.415641599920715
finished_reconf: true
global_termination_time: 10855.175240000002
local_termination_time: 1694.8860400000015
node_cons: 3199.07211020005
tot_aggregated_send: 0
tot_msg_rcv: 2360
tot_msg_sent: 2262
tot_reconf_duration: 18.21
tot_sleeping_duration: 8484.493439999966
tot_uptimes: 34
tot_uptimes_duration: 2370.681800000036
