comms_cons: 0.6381823999978941
finished_reconf: true
global_termination_time: 5191.0
local_termination_time: 2176.1123600000005
node_cons: 111.09870000000012
tot_aggregated_send: 0
tot_msg_rcv: 59
tot_msg_sent: 37
tot_reconf_duration: 22.65
tot_sleeping_duration: 5131.0
tot_uptimes: 2
tot_uptimes_duration: 60.0
