comms_cons: 94.34334079129044
finished_reconf: true
global_termination_time: 915974.251
local_termination_time: 287651.89836000005
node_cons: 18808.128945593347
tot_aggregated_send: 12122
tot_msg_rcv: 763
tot_msg_sent: 1454
tot_reconf_duration: 6.279999999999999
tot_sleeping_duration: 901934.220600005
tot_uptimes: 235
tot_uptimes_duration: 14040.030399995041
