comms_cons: 92.84590719387738
finished_reconf: true
global_termination_time: 914858.501
local_termination_time: 544837.6575999988
node_cons: 18820.087521116842
tot_aggregated_send: 12470
tot_msg_rcv: 550
tot_msg_sent: 1092
tot_reconf_duration: 15.110000000000001
tot_sleeping_duration: 900818.4949200024
tot_uptimes: 235
tot_uptimes_duration: 14040.006079997635
