comms_cons: 92.04318719575735
finished_reconf: true
global_termination_time: 917074.975
local_termination_time: 595083.3293599999
node_cons: 18815.72834111689
tot_aggregated_send: 12760
tot_msg_rcv: 426
tot_msg_sent: 803
tot_reconf_duration: 11.899999999999999
tot_sleeping_duration: 903034.9689200023
tot_uptimes: 235
tot_uptimes_duration: 14040.006079997635
