comms_cons: 91.82343039751147
finished_reconf: true
global_termination_time: 916824.754
local_termination_time: 182253.3744800001
node_cons: 18805.54604335514
tot_aggregated_send: 12760
tot_msg_rcv: 385
tot_msg_sent: 811
tot_reconf_duration: 4.390000000000001
tot_sleeping_duration: 902784.7357600036
tot_uptimes: 235
tot_uptimes_duration: 14040.018239996338
