comms_cons: 34.0868352000937
finished_reconf: true
global_termination_time: 358172.961
local_termination_time: 134352.28536000097
node_cons: 7318.1674030413
tot_aggregated_send: 4872
tot_msg_rcv: 94
tot_msg_sent: 215
tot_reconf_duration: 4.8100000000000005
tot_sleeping_duration: 352712.44163999904
tot_uptimes: 92
tot_uptimes_duration: 5460.519360000966
