comms_cons: 35.58145920045489
finished_reconf: true
global_termination_time: 357432.84
local_termination_time: 193453.78848000005
node_cons: 7321.575842242839
tot_aggregated_send: 4930
tot_msg_rcv: 135
tot_msg_sent: 343
tot_reconf_duration: 7.819999999999999
tot_sleeping_duration: 351972.8278399979
tot_uptimes: 92
tot_uptimes_duration: 5460.0121600021375
