comms_cons: 46.53874560028006
finished_reconf: true
global_termination_time: 456960.174
local_termination_time: 198264.04024000096
node_cons: 9407.657814482733
tot_aggregated_send: 6322
tot_msg_rcv: 290
tot_msg_sent: 463
tot_reconf_duration: 5.57
tot_sleeping_duration: 449939.939679998
tot_uptimes: 118
tot_uptimes_duration: 7020.234320002026
