comms_cons: 45.909657600825625
finished_reconf: true
global_termination_time: 456002.219
local_termination_time: 264338.7643600001
node_cons: 9330.434361121479
tot_aggregated_send: 6264
tot_msg_rcv: 256
tot_msg_sent: 458
tot_reconf_duration: 8.09
tot_sleeping_duration: 449042.2129199989
tot_uptimes: 117
tot_uptimes_duration: 6960.006080001069
