comms_cons: 46.172825601037616
finished_reconf: true
global_termination_time: 458572.158
local_termination_time: 158281.4493600005
node_cons: 9412.606317045482
tot_aggregated_send: 6148
tot_msg_rcv: 283
tot_msg_sent: 587
tot_reconf_duration: 9.42
tot_sleeping_duration: 451552.1326399959
tot_uptimes: 118
tot_uptimes_duration: 7020.025360004103
