comms_cons: 14.008998399939316
finished_reconf: true
global_termination_time: 96369.024
local_termination_time: 21666.811560000002
node_cons: 1936.7289456000365
tot_aggregated_send: 638
tot_msg_rcv: 739
tot_msg_sent: 754
tot_reconf_duration: 6.279999999999999
tot_sleeping_duration: 94928.99359999999
tot_uptimes: 25
tot_uptimes_duration: 1440.030400000025
