comms_cons: 12.76427520006833
finished_reconf: true
global_termination_time: 95082.617
local_termination_time: 26515.368120000003
node_cons: 1987.8828804006107
tot_aggregated_send: 580
tot_msg_rcv: 548
tot_msg_sent: 813
tot_reconf_duration: 25.299999999999997
tot_sleeping_duration: 93623.67339999955
tot_uptimes: 25
tot_uptimes_duration: 1458.943600000457
