comms_cons: 78.76609279737978
finished_reconf: true
global_termination_time: 662954.73124
local_termination_time: 76132.16347999997
node_cons: 13621.493275213701
tot_aggregated_send: 5278
tot_msg_rcv: 2352
tot_msg_sent: 4344
tot_reconf_duration: 18.21
tot_sleeping_duration: 652800.3144399897
tot_uptimes: 170
tot_uptimes_duration: 10154.416800010222
