comms_cons: 66.00974080041105
finished_reconf: true
global_termination_time: 664139.142
local_termination_time: 454537.17476000043
node_cons: 13666.32823999998
tot_aggregated_send: 9628
tot_msg_rcv: 178
tot_msg_sent: 227
tot_reconf_duration: 6.279999999999999
tot_sleeping_duration: 653939.142
tot_uptimes: 171
tot_uptimes_duration: 10200.0
