comms_cons: 44.916825600903074
finished_reconf: true
global_termination_time: 440245.866
local_termination_time: 57283.90860000002
node_cons: 9006.624522240592
tot_aggregated_send: 5800
tot_msg_rcv: 333
tot_msg_sent: 695
tot_reconf_duration: 6.279999999999999
tot_sleeping_duration: 433525.85383999953
tot_uptimes: 113
tot_uptimes_duration: 6720.012160000435
