comms_cons: 45.33068800064855
finished_reconf: true
global_termination_time: 442314.138
local_termination_time: 110774.12903999981
node_cons: 9085.992201121431
tot_aggregated_send: 6090
tot_msg_rcv: 340
tot_msg_sent: 460
tot_reconf_duration: 5.57
tot_sleeping_duration: 435534.1319199989
tot_uptimes: 114
tot_uptimes_duration: 6780.006080001069
