comms_cons: 45.060940800885774
finished_reconf: true
global_termination_time: 440937.336
local_termination_time: 132027.94836000007
node_cons: 9005.02208224288
tot_aggregated_send: 5916
tot_msg_rcv: 353
tot_msg_sent: 580
tot_reconf_duration: 5.1
tot_sleeping_duration: 434217.3238399979
tot_uptimes: 113
tot_uptimes_duration: 6720.0121600021375
