comms_cons: 45.772121600911404
finished_reconf: true
global_termination_time: 441454.581
local_termination_time: 19684.22536
node_cons: 9082.651486725179
tot_aggregated_send: 5684
tot_msg_rcv: 399
tot_msg_sent: 874
tot_reconf_duration: 3.08
tot_sleeping_duration: 434674.54451999615
tot_uptimes: 114
tot_uptimes_duration: 6780.036480003859
