comms_cons: 45.456320000226974
finished_reconf: true
global_termination_time: 443083.89
local_termination_time: 87041.3032399997
node_cons: 9090.791380000011
tot_aggregated_send: 5974
tot_msg_rcv: 363
tot_msg_sent: 572
tot_reconf_duration: 9.11
tot_sleeping_duration: 436303.89
tot_uptimes: 114
tot_uptimes_duration: 6780.0
