comms_cons: 193.3023551870072
finished_reconf: true
global_termination_time: 1946851.858
local_termination_time: 336624.10336000007
node_cons: 40034.10616781759
tot_aggregated_send: 27028
tot_msg_rcv: 746
tot_msg_sent: 1606
tot_reconf_duration: 18.21
tot_sleeping_duration: 1916971.8154400166
tot_uptimes: 499
tot_uptimes_duration: 29880.04255998344
