comms_cons: 196.4828479776924
finished_reconf: true
global_termination_time: 1948201.045
local_termination_time: 822717.167879998
node_cons: 40016.9410478175
tot_aggregated_send: 25984
tot_msg_rcv: 1258
tot_msg_sent: 2620
tot_reconf_duration: 5.57
tot_sleeping_duration: 1918321.0024400165
tot_uptimes: 499
tot_uptimes_duration: 29880.04255998344
