comms_cons: 192.61265919570616
finished_reconf: true
global_termination_time: 1946337.995
local_termination_time: 566946.1030399993
node_cons: 40034.71459999967
tot_aggregated_send: 28188
tot_msg_rcv: 409
tot_msg_sent: 679
tot_reconf_duration: 18.700000000000003
tot_sleeping_duration: 1916457.995
tot_uptimes: 499
tot_uptimes_duration: 29880.0
