comms_cons: 198.36401278189732
finished_reconf: true
global_termination_time: 1945246.72912
local_termination_time: 66676.41047999996
node_cons: 40037.088145515336
tot_aggregated_send: 26100
tot_msg_rcv: 1461
tot_msg_sent: 2591
tot_reconf_duration: 4.390000000000001
tot_sleeping_duration: 1915350.4434400033
tot_uptimes: 499
tot_uptimes_duration: 29896.285679996712
