comms_cons: 2.0856063999931087
finished_reconf: true
global_termination_time: 12366.111
local_termination_time: 5810.525360000001
node_cons: 257.18020000000075
tot_aggregated_send: 0
tot_msg_rcv: 200
tot_msg_sent: 117
tot_reconf_duration: 11.899999999999999
tot_sleeping_duration: 12186.111
tot_uptimes: 4
tot_uptimes_duration: 180.0
