comms_cons: 126.45347839632038
finished_reconf: true
global_termination_time: 1295045.003
local_termination_time: 5152.186000000001
node_cons: 26599.365301120335
tot_aggregated_send: 18323
tot_msg_rcv: 291
tot_msg_sent: 606
tot_reconf_duration: 5.02
tot_sleeping_duration: 1275184.9969199998
tot_uptimes: 332
tot_uptimes_duration: 19860.006080000217
