comms_cons: 125.11006719737537
finished_reconf: true
global_termination_time: 1293804.954
local_termination_time: 5071.617
node_cons: 26600.42998000004
tot_aggregated_send: 18612
tot_msg_rcv: 133
tot_msg_sent: 271
tot_reconf_duration: 5.8100000000000005
tot_sleeping_duration: 1273944.954
tot_uptimes: 332
tot_uptimes_duration: 19860.0
