comms_cons: 125.3864639975617
finished_reconf: true
global_termination_time: 1295356.27
local_termination_time: 5828.901
node_cons: 26626.97344112005
tot_aggregated_send: 18245
tot_msg_rcv: 240
tot_msg_sent: 572
tot_reconf_duration: 25.35
tot_sleeping_duration: 1275496.26392
tot_uptimes: 332
tot_uptimes_duration: 19860.006080000006
