comms_cons: 531.8489152825514
finished_reconf: true
global_termination_time: 5380597.432
local_termination_time: 1421113.6609599986
node_cons: 110632.37074669868
tot_aggregated_send: 74936
tot_msg_rcv: 2006
tot_msg_sent: 3895
tot_reconf_duration: 3.05
tot_sleeping_duration: 5297977.395520014
tot_uptimes: 1378
tot_uptimes_duration: 82620.03647998674
