comms_cons: 529.1229184611645
finished_reconf: true
global_termination_time: 5383341.46
local_termination_time: 2091478.4343599998
node_cons: 110715.94278669884
tot_aggregated_send: 75342
tot_msg_rcv: 1608
tot_msg_sent: 3473
tot_reconf_duration: 5.43
tot_sleeping_duration: 5300661.423520013
tot_uptimes: 1379
tot_uptimes_duration: 82680.03647998674
