comms_cons: 282.21538561897006
finished_reconf: true
global_termination_time: 2808209.102
local_termination_time: 2691296.57936
node_cons: 57851.34826223334
tot_aggregated_send: 39440
tot_msg_rcv: 1136
tot_msg_sent: 2318
tot_reconf_duration: 4.8100000000000005
tot_sleeping_duration: 2765009.089840004
tot_uptimes: 720
tot_uptimes_duration: 43200.012159995735
