comms_cons: 282.476448017736
finished_reconf: true
global_termination_time: 2809600.649
local_termination_time: 2298701.667439999
node_cons: 57859.694523350045
tot_aggregated_send: 39092
tot_msg_rcv: 1180
tot_msg_sent: 2663
tot_reconf_duration: 10.95
tot_sleeping_duration: 2766400.6307600066
tot_uptimes: 720
tot_uptimes_duration: 43200.0182399936
