comms_cons: 279.7373887979294
finished_reconf: false
global_termination_time: 2808259.844
local_termination_time: 0
node_cons: 57844.79999999896
tot_aggregated_send: 40368
tot_msg_rcv: 758
tot_msg_sent: 1392
tot_reconf_duration: 0
tot_sleeping_duration: 2765059.844
tot_uptimes: 720
tot_uptimes_duration: 43200.0
