comms_cons: 285.2741120253414
finished_reconf: true
global_termination_time: 2808193.39
local_termination_time: 2317913.34236
node_cons: 57860.17526223302
tot_aggregated_send: 38860
tot_msg_rcv: 1606
tot_msg_sent: 2894
tot_reconf_duration: 11.31
tot_sleeping_duration: 2764993.377840005
tot_uptimes: 720
tot_uptimes_duration: 43200.0121599955
