comms_cons: 264.78469758969766
finished_reconf: true
global_termination_time: 2653737.241
local_termination_time: 962032.0449199993
node_cons: 54571.716143349564
tot_aggregated_send: 37294
tot_msg_rcv: 1026
tot_msg_sent: 1925
tot_reconf_duration: 15.34
tot_sleeping_duration: 2612997.222760007
tot_uptimes: 680
tot_uptimes_duration: 40740.0182399929
