comms_cons: 258.79283198644964
finished_reconf: true
global_termination_time: 2650532.036
local_termination_time: 1240303.2459599988
node_cons: 54478.09220111604
tot_aggregated_send: 36946
tot_msg_rcv: 821
tot_msg_sent: 1568
tot_reconf_duration: 5.57
tot_sleeping_duration: 2609852.029920002
tot_uptimes: 679
tot_uptimes_duration: 40680.006079997635
