comms_cons: 267.8580864073656
finished_reconf: true
global_termination_time: 2649701.662
local_termination_time: 250011.8087600004
node_cons: 54481.18840670499
tot_aggregated_send: 36830
tot_msg_rcv: 1387
tot_msg_sent: 2495
tot_reconf_duration: 7.819999999999999
tot_sleeping_duration: 2609021.6255200105
tot_uptimes: 679
tot_uptimes_duration: 40680.036479989474
