comms_cons: 265.9779520076119
finished_reconf: true
global_termination_time: 2649264.9534799997
local_termination_time: 2649264.9123599995
node_cons: 54522.33678877501
tot_aggregated_send: 37106
tot_msg_rcv: 1099
tot_msg_sent: 2222
tot_reconf_duration: 24.59
tot_sleeping_duration: 2608571.1942800176
tot_uptimes: 679
tot_uptimes_duration: 40693.75919998222
