comms_cons: 264.1554815838503
finished_reconf: true
global_termination_time: 2650957.153
local_termination_time: 629531.8813599998
node_cons: 54477.926504466355
tot_aggregated_send: 37120
tot_msg_rcv: 1054
tot_msg_sent: 1976
tot_reconf_duration: 5.43
tot_sleeping_duration: 2610277.1286800094
tot_uptimes: 679
tot_uptimes_duration: 40680.02431999054
