comms_cons: 68.56762880005547
finished_reconf: true
global_termination_time: 693317.8384799998
local_termination_time: 693317.7973599999
node_cons: 14271.931659841252
tot_aggregated_send: 9962
tot_msg_rcv: 161
tot_msg_sent: 297
tot_reconf_duration: 24.59
tot_sleeping_duration: 682684.127919999
tot_uptimes: 178
tot_uptimes_duration: 10633.710560000909
