comms_cons: 143.2607615688021
finished_reconf: true
global_termination_time: 721164.5313199987
local_termination_time: 1115.3492800000017
node_cons: 14877.551494076179
tot_aggregated_send: 0
tot_msg_rcv: 11071
tot_msg_sent: 10702
tot_reconf_duration: 22.65
tot_sleeping_duration: 710076.5606000015
tot_uptimes: 185
tot_uptimes_duration: 11087.97071999713
