comms_cons: 72.86780800099703
finished_reconf: true
global_termination_time: 721386.37
local_termination_time: 1446.1511600000017
node_cons: 14788.546043364313
tot_aggregated_send: 9918
tot_msg_rcv: 397
tot_msg_sent: 760
tot_reconf_duration: 4.390000000000001
tot_sleeping_duration: 710346.3517599967
tot_uptimes: 185
tot_uptimes_duration: 11040.018240003206
