comms_cons: 496.65545606896137
finished_reconf: true
global_termination_time: 5012213.475
local_termination_time: 2311106.551399998
node_cons: 103084.7156066992
tot_aggregated_send: 69774
tot_msg_rcv: 1938
tot_msg_sent: 3776
tot_reconf_duration: 6.22
tot_sleeping_duration: 4935233.438520012
tot_uptimes: 1284
tot_uptimes_duration: 76980.03647998697
