comms_cons: 243.6932223916298
finished_reconf: true
global_termination_time: 2450793.2836799985
local_termination_time: 2450793.2425599983
node_cons: 50474.20868087058
tot_aggregated_send: 34960
tot_msg_rcv: 643
tot_msg_sent: 1436
tot_reconf_duration: 24.59
tot_sleeping_duration: 2413122.7717600046
tot_uptimes: 628
tot_uptimes_duration: 37670.51191999372
