comms_cons: 246.75289599053622
finished_reconf: true
global_termination_time: 2454418.424
local_termination_time: 218086.3841600003
node_cons: 50484.31940558345
tot_aggregated_send: 33814
tot_msg_rcv: 1322
tot_msg_sent: 2369
tot_reconf_duration: 22.65
tot_sleeping_duration: 2416738.3936000117
tot_uptimes: 629
tot_uptimes_duration: 37680.03039998817
