comms_cons: 240.99821439192652
finished_reconf: true
global_termination_time: 2450852.672
local_termination_time: 888042.7813599999
node_cons: 50459.5060433498
tot_aggregated_send: 35148
tot_msg_rcv: 484
tot_msg_sent: 998
tot_reconf_duration: 4.390000000000001
tot_sleeping_duration: 2413172.653760007
tot_uptimes: 628
tot_uptimes_duration: 37680.0182399929
