comms_cons: 239.20005759691168
finished_reconf: true
global_termination_time: 2455308.957
local_termination_time: 1762180.1983999992
node_cons: 50468.87897999936
tot_aggregated_send: 35380
tot_msg_rcv: 314
tot_msg_sent: 663
tot_reconf_duration: 11.31
tot_sleeping_duration: 2417628.957
tot_uptimes: 629
tot_uptimes_duration: 37680.0
