comms_cons: 1.6454271999938554
finished_reconf: true
global_termination_time: 8814.80048
local_termination_time: 8814.75936
node_cons: 229.83307872000086
tot_aggregated_send: 0
tot_msg_rcv: 150
tot_msg_sent: 100
tot_reconf_duration: 37.410000000000004
tot_sleeping_duration: 8681.096
tot_uptimes: 3
tot_uptimes_duration: 133.70448000000033
