comms_cons: 36.56577919992323
finished_reconf: true
global_termination_time: 8815.318240000002
local_termination_time: 2400.819480000002
node_cons: 3748.6625208400314
tot_aggregated_send: 0
tot_msg_rcv: 2859
tot_msg_sent: 2697
tot_reconf_duration: 5.57
tot_sleeping_duration: 6021.368679999979
tot_uptimes: 39
tot_uptimes_duration: 2793.949560000023
