comms_cons: 2.8751103999904983
finished_reconf: true
global_termination_time: 14226.288
local_termination_time: 8469.14236
node_cons: 245.2026399999999
tot_aggregated_send: 0
tot_msg_rcv: 273
tot_msg_sent: 164
tot_reconf_duration: 3.08
tot_sleeping_duration: 14046.288
tot_uptimes: 4
tot_uptimes_duration: 180.0
