comms_cons: 2.112550399992311
finished_reconf: true
global_termination_time: 12247.943
local_termination_time: 8510.38636
node_cons: 257.1801999999995
tot_aggregated_send: 0
tot_msg_rcv: 196
tot_msg_sent: 126
tot_reconf_duration: 11.899999999999999
tot_sleeping_duration: 12067.943
tot_uptimes: 4
tot_uptimes_duration: 180.0
