comms_cons: 2.296767999992721
finished_reconf: true
global_termination_time: 18209.008
local_termination_time: 6307.558480000001
node_cons: 329.8882400000021
tot_aggregated_send: 0
tot_msg_rcv: 178
tot_msg_sent: 171
tot_reconf_duration: 6.279999999999999
tot_sleeping_duration: 17969.008
tot_uptimes: 5
tot_uptimes_duration: 240.0
