comms_cons: 2.197452799992739
finished_reconf: true
global_termination_time: 18780.747
local_termination_time: 5702.0163600000005
node_cons: 355.7174000000002
tot_aggregated_send: 0
tot_msg_rcv: 182
tot_msg_sent: 152
tot_reconf_duration: 25.299999999999997
tot_sleeping_duration: 18540.747
tot_uptimes: 5
tot_uptimes_duration: 240.0
