comms_cons: 2.250086399992565
finished_reconf: true
global_termination_time: 18374.065
local_termination_time: 7408.831359999999
node_cons: 336.230100000001
tot_aggregated_send: 0
tot_msg_rcv: 176
tot_msg_sent: 166
tot_reconf_duration: 10.95
tot_sleeping_duration: 18134.064999999995
tot_uptimes: 5
tot_uptimes_duration: 240.0
