comms_cons: 1.677695999998678
finished_reconf: true
global_termination_time: 17173.298
local_termination_time: 11376.84636
node_cons: 331.97955999999965
tot_aggregated_send: 0
tot_msg_rcv: 132
tot_msg_sent: 123
tot_reconf_duration: 7.819999999999999
tot_sleeping_duration: 16933.298
tot_uptimes: 5
tot_uptimes_duration: 240.0
