comms_cons: 2.296140799994524
finished_reconf: true
global_termination_time: 17550.043
local_termination_time: 7324.668360000001
node_cons: 328.7339400000004
tot_aggregated_send: 0
tot_msg_rcv: 178
tot_msg_sent: 171
tot_reconf_duration: 5.43
tot_sleeping_duration: 17310.043
tot_uptimes: 5
tot_uptimes_duration: 240.0
