comms_cons: 715.4084481322391
finished_reconf: true
global_termination_time: 7237663.095
local_termination_time: 4647042.082
node_cons: 148882.83678334634
tot_aggregated_send: 100505
tot_msg_rcv: 2616
tot_msg_sent: 5617
tot_reconf_duration: 9.42
tot_sleeping_duration: 7126483.076760006
tot_uptimes: 1854
tot_uptimes_duration: 111180.0182399936
