comms_cons: 713.8333889273848
finished_reconf: true
global_termination_time: 7238421.015
local_termination_time: 4905400.34048
node_cons: 148895.42274111116
tot_aggregated_send: 100108
tot_msg_rcv: 2566
tot_msg_sent: 5823
tot_reconf_duration: 18.700000000000003
tot_sleeping_duration: 7127241.008920002
tot_uptimes: 1854
tot_uptimes_duration: 111180.00607999787
