comms_cons: 728.5171906032297
finished_reconf: true
global_termination_time: 7238961.262
local_termination_time: 555717.8476799985
node_cons: 148876.66595563747
tot_aggregated_send: 99760
tot_msg_rcv: 3531
tot_msg_sent: 7439
tot_reconf_duration: 4.8100000000000005
tot_sleeping_duration: 7127781.176880028
tot_uptimes: 1854
tot_uptimes_duration: 111180.08511997189
