comms_cons: 726.3946625889296
finished_reconf: true
global_termination_time: 7237379.746
local_termination_time: 1923664.84236
node_cons: 148885.44410893164
tot_aggregated_send: 100572
tot_msg_rcv: 3450
tot_msg_sent: 6385
tot_reconf_duration: 11.31
tot_sleeping_duration: 7126199.697360018
tot_uptimes: 1854
tot_uptimes_duration: 111180.04863998247
