comms_cons: 723.9997377692828
finished_reconf: true
global_termination_time: 7242878.449
local_termination_time: 2013215.793639999
node_cons: 148957.79906893178
tot_aggregated_send: 100688
tot_msg_rcv: 3162
tot_msg_sent: 6193
tot_reconf_duration: 5.43
tot_sleeping_duration: 7131638.400360017
tot_uptimes: 1855
tot_uptimes_duration: 111240.0486399827
