comms_cons: 295.38164480822746
finished_reconf: true
global_termination_time: 2882732.94
local_termination_time: 267017.8886400004
node_cons: 59295.138276534155
tot_aggregated_send: 38976
tot_msg_rcv: 2080
tot_msg_sent: 3843
tot_reconf_duration: 3.05
tot_sleeping_duration: 2838452.8829600187
tot_uptimes: 739
tot_uptimes_duration: 44280.05703998146
