comms_cons: 239.0680447887183
finished_reconf: true
global_termination_time: 2392853.345
local_termination_time: 326933.333
node_cons: 49202.49738719719
tot_aggregated_send: 33387
tot_msg_rcv: 1026
tot_msg_sent: 1924
tot_reconf_duration: 25.299999999999997
tot_sleeping_duration: 2356133.300200002
tot_uptimes: 613
tot_uptimes_duration: 36720.0447999984
