comms_cons: 235.39649918300228
finished_reconf: true
global_termination_time: 2392030.244
local_termination_time: 915444.9105599995
node_cons: 49172.24632334989
tot_aggregated_send: 33176
tot_msg_rcv: 855
tot_msg_sent: 1747
tot_reconf_duration: 3.05
tot_sleeping_duration: 2355310.2257600073
tot_uptimes: 613
tot_uptimes_duration: 36720.0182399929
