comms_cons: 236.2919679889042
finished_reconf: true
global_termination_time: 2393131.911
local_termination_time: 1126876.130759998
node_cons: 49175.48650447117
tot_aggregated_send: 33408
tot_msg_rcv: 828
tot_msg_sent: 1679
tot_reconf_duration: 5.43
tot_sleeping_duration: 2356411.8866800056
tot_uptimes: 613
tot_uptimes_duration: 36720.02431999397
