comms_cons: 85.85260799787785
finished_reconf: true
global_termination_time: 854060.85312
local_termination_time: 854060.812
node_cons: 17561.673734161108
tot_aggregated_send: 11702
tot_msg_rcv: 408
tot_msg_sent: 940
tot_reconf_duration: 24.59
tot_sleeping_duration: 840970.2776799992
tot_uptimes: 219
tot_uptimes_duration: 13090.5754400008
