comms_cons: 84.56966399997896
finished_reconf: true
global_termination_time: 854593.743
local_termination_time: 465564.2110400008
node_cons: 17561.14326880388
tot_aggregated_send: 11252
tot_msg_rcv: 626
tot_msg_sent: 976
tot_reconf_duration: 25.299999999999997
tot_sleeping_duration: 841504.2837999972
tot_uptimes: 219
tot_uptimes_duration: 13089.459200002893
