comms_cons: 85.54739199749514
finished_reconf: true
global_termination_time: 857382.589
local_termination_time: 393106.68960000057
node_cons: 17601.000121121455
tot_aggregated_send: 11832
tot_msg_rcv: 412
tot_msg_sent: 758
tot_reconf_duration: 4.8100000000000005
tot_sleeping_duration: 844242.5829199989
tot_uptimes: 220
tot_uptimes_duration: 13140.006080001069
