comms_cons: 86.22041599835059
finished_reconf: true
global_termination_time: 854829.214
local_termination_time: 295291.14536
node_cons: 17522.59118336428
tot_aggregated_send: 11658
tot_msg_rcv: 514
tot_msg_sent: 933
tot_reconf_duration: 6.22
tot_sleeping_duration: 841749.1957599969
tot_uptimes: 219
tot_uptimes_duration: 13080.018240003206
