comms_cons: 198.11973118074175
finished_reconf: true
global_termination_time: 1954638.9
local_termination_time: 445288.36236
node_cons: 40176.58082670057
tot_aggregated_send: 26448
tot_msg_rcv: 1335
tot_msg_sent: 2332
tot_reconf_duration: 4.8100000000000005
tot_sleeping_duration: 1924638.8635200143
tot_uptimes: 501
tot_uptimes_duration: 30000.03647998569
