comms_cons: 346.1558336259732
finished_reconf: true
global_termination_time: 3434074.632239992
local_termination_time: 224187.32548000006
node_cons: 70696.49949716964
tot_aggregated_send: 47560
tot_msg_rcv: 1644
tot_msg_sent: 3408
tot_reconf_duration: 18.21
tot_sleeping_duration: 3381295.1174400137
tot_uptimes: 880
tot_uptimes_duration: 52779.514799978526
