comms_cons: 335.4826752007045
finished_reconf: true
global_termination_time: 3439568.125
local_termination_time: 548152.0233599999
node_cons: 70705.20232558259
tot_aggregated_send: 47560
tot_msg_rcv: 1076
tot_msg_sent: 2356
tot_reconf_duration: 4.390000000000001
tot_sleeping_duration: 3386768.0946000116
tot_uptimes: 881
tot_uptimes_duration: 52800.03039998817
