comms_cons: 255.92492799842523
finished_reconf: true
global_termination_time: 2588254.388
local_termination_time: 1111466.70836
node_cons: 53191.63640335434
tot_aggregated_send: 36714
tot_msg_rcv: 726
tot_msg_sent: 1460
tot_reconf_duration: 4.8100000000000005
tot_sleeping_duration: 2548534.3697600034
tot_uptimes: 663
tot_uptimes_duration: 39720.01823999634
