comms_cons: 256.5751167930564
finished_reconf: true
global_termination_time: 2590652.81
local_termination_time: 1880039.5804399983
node_cons: 53269.58632334957
tot_aggregated_send: 35960
tot_msg_rcv: 1012
tot_msg_sent: 2025
tot_reconf_duration: 3.05
tot_sleeping_duration: 2550872.791760007
tot_uptimes: 664
tot_uptimes_duration: 39780.01823999302
