comms_cons: 254.52826879555082
finished_reconf: true
global_termination_time: 2587850.805
local_termination_time: 2120092.9160799985
node_cons: 53200.43897999924
tot_aggregated_send: 37294
tot_msg_rcv: 484
tot_msg_sent: 908
tot_reconf_duration: 11.31
tot_sleeping_duration: 2548130.805
tot_uptimes: 663
tot_uptimes_duration: 39720.0
