comms_cons: 267.39212798921676
finished_reconf: true
global_termination_time: 2808694.68
local_termination_time: 5055.087
node_cons: 57853.60524446629
tot_aggregated_send: 39201
tot_msg_rcv: 472
tot_msg_sent: 969
tot_reconf_duration: 6.46
tot_sleeping_duration: 2765494.6556800096
tot_uptimes: 720
tot_uptimes_duration: 43200.02431999054
