comms_cons: 255.47788158651042
finished_reconf: true
global_termination_time: 2606219.938
local_termination_time: 1513305.98036
node_cons: 53597.4158422329
tot_aggregated_send: 36424
tot_msg_rcv: 782
tot_msg_sent: 1625
tot_reconf_duration: 7.819999999999999
tot_sleeping_duration: 2566199.925840005
tot_uptimes: 668
tot_uptimes_duration: 40020.01215999527
