comms_cons: 60.82000640040421
finished_reconf: true
global_termination_time: 565895.0293199995
local_termination_time: 565894.9881999996
node_cons: 11630.66150105344
tot_aggregated_send: 6728
tot_msg_rcv: 871
tot_msg_sent: 1646
tot_reconf_duration: 24.59
tot_sleeping_duration: 557233.8879599895
tot_uptimes: 145
tot_uptimes_duration: 8661.14136001002
