comms_cons: 587.7081348153173
finished_reconf: true
global_termination_time: 3769330.729
local_termination_time: 2443187.8356000003
node_cons: 77536.65266334992
tot_aggregated_send: 0
tot_msg_rcv: 45184
tot_msg_sent: 44142
tot_reconf_duration: 6.279999999999999
tot_sleeping_duration: 3711430.710760006
tot_uptimes: 966
tot_uptimes_duration: 57900.0182399936
