comms_cons: 375.84263045033157
finished_reconf: true
global_termination_time: 3770661.168
local_termination_time: 770989.1043599999
node_cons: 77540.94120669947
tot_aggregated_send: 51852
tot_msg_rcv: 1800
tot_msg_sent: 3474
tot_reconf_duration: 9.42
tot_sleeping_duration: 3712761.1315200143
tot_uptimes: 966
tot_uptimes_duration: 57900.03647998603
