comms_cons: 252.69760637894717
finished_reconf: true
global_termination_time: 2542349.212
local_termination_time: 882223.4679199994
node_cons: 52309.81118334982
tot_aggregated_send: 33756
tot_msg_rcv: 1554
tot_msg_sent: 3100
tot_reconf_duration: 6.22
tot_sleeping_duration: 2503289.1937600067
tot_uptimes: 652
tot_uptimes_duration: 39060.0182399929
