comms_cons: 17.224972799952884
finished_reconf: true
global_termination_time: 13630.427360000003
local_termination_time: 2478.316040000001
node_cons: 2251.6368442800144
tot_aggregated_send: 0
tot_msg_rcv: 1231
tot_msg_sent: 1387
tot_reconf_duration: 18.21
tot_sleeping_duration: 11967.314839999992
tot_uptimes: 26
tot_uptimes_duration: 1663.112520000011
