comms_cons: 73.52168319996315
finished_reconf: true
global_termination_time: 753112.935
local_termination_time: 347067.732480001
node_cons: 15429.478922242906
tot_aggregated_send: 10324
tot_msg_rcv: 209
tot_msg_sent: 641
tot_reconf_duration: 3.08
tot_sleeping_duration: 741592.9228399979
tot_uptimes: 193
tot_uptimes_duration: 11520.012160002138
