comms_cons: 73.7133567997049
finished_reconf: true
global_termination_time: 750344.032
local_termination_time: 295016.50036000006
node_cons: 15432.662081121443
tot_aggregated_send: 10266
tot_msg_rcv: 301
tot_msg_sent: 637
tot_reconf_duration: 5.43
tot_sleeping_duration: 738824.0259199989
tot_uptimes: 193
tot_uptimes_duration: 11520.006080001069
