comms_cons: 10.897036799918553
finished_reconf: true
global_termination_time: 92101.351
local_termination_time: 49754.88748000001
node_cons: 1865.7374244788823
tot_aggregated_send: 696
tot_msg_rcv: 383
tot_msg_sent: 578
tot_reconf_duration: 13.17
tot_sleeping_duration: 90721.32668000083
tot_uptimes: 24
tot_uptimes_duration: 1380.0243199991673
