comms_cons: 10.468761599954913
finished_reconf: true
global_termination_time: 92682.222
local_termination_time: 42452.56836000001
node_cons: 1863.1871211191476
tot_aggregated_send: 812
tot_msg_rcv: 269
tot_msg_sent: 511
tot_reconf_duration: 11.31
tot_sleeping_duration: 91302.21592000063
tot_uptimes: 24
tot_uptimes_duration: 1380.0060799993662
