comms_cons: 1.8625407999947754
finished_reconf: true
global_termination_time: 10351.316440000002
local_termination_time: 10351.275320000002
node_cons: 258.8774992800106
tot_aggregated_send: 0
tot_msg_rcv: 139
tot_msg_sent: 143
tot_reconf_duration: 24.59
tot_sleeping_duration: 10182.918919999995
tot_uptimes: 3
tot_uptimes_duration: 168.39752000000772
