comms_cons: 2.2698239999967202
finished_reconf: true
global_termination_time: 14195.005
local_termination_time: 8643.58736
node_cons: 251.63955999999962
tot_aggregated_send: 0
tot_msg_rcv: 178
tot_msg_sent: 167
tot_reconf_duration: 7.819999999999999
tot_sleeping_duration: 14015.005
tot_uptimes: 4
tot_uptimes_duration: 180.0
