comms_cons: 463.2143168248303
finished_reconf: true
global_termination_time: 4774399.323
local_termination_time: 3032626.7776799994
node_cons: 98193.36485999712
tot_aggregated_send: 68672
tot_msg_rcv: 555
tot_msg_sent: 1178
tot_reconf_duration: 13.17
tot_sleeping_duration: 4701079.323
tot_uptimes: 1223
tot_uptimes_duration: 73320.0
