comms_cons: 471.60191366696597
finished_reconf: true
global_termination_time: 4772662.862
local_termination_time: 766383.1285199983
node_cons: 98186.14026558271
tot_aggregated_send: 66526
tot_msg_rcv: 1610
tot_msg_sent: 3542
tot_reconf_duration: 7.819999999999999
tot_sleeping_duration: 4699342.83160001
tot_uptimes: 1223
tot_uptimes_duration: 73320.0303999891
