comms_cons: 46.85111040060003
finished_reconf: true
global_termination_time: 482006.631
local_termination_time: 265035.76616000035
node_cons: 9892.439560000023
tot_aggregated_send: 6438
tot_msg_rcv: 268
tot_msg_sent: 415
tot_reconf_duration: 7.819999999999999
tot_sleeping_duration: 474626.631
tot_uptimes: 124
tot_uptimes_duration: 7380.0
