comms_cons: 320.6974336315627
finished_reconf: true
global_termination_time: 3181965.159
local_termination_time: 989739.32136
node_cons: 65400.95074670524
tot_aggregated_send: 43674
tot_msg_rcv: 1596
tot_msg_sent: 3475
tot_reconf_duration: 3.05
tot_sleeping_duration: 3133125.12252001
tot_uptimes: 815
tot_uptimes_duration: 48840.03647998994
