comms_cons: 843.94030098478
finished_reconf: true
global_termination_time: 8498698.61
local_termination_time: 2070506.1340799998
node_cons: 174840.7287078137
tot_aggregated_send: 118436
tot_msg_rcv: 3233
tot_msg_sent: 6605
tot_reconf_duration: 15.34
tot_sleeping_duration: 8368138.567440014
tot_uptimes: 2177
tot_uptimes_duration: 130560.04255998484
