comms_cons: 858.2424514589471
finished_reconf: true
global_termination_time: 8495898.612119993
local_termination_time: 12499.89848
node_cons: 174808.30279642472
tot_aggregated_send: 116986
tot_msg_rcv: 4354
tot_msg_sent: 9106
tot_reconf_duration: 22.65
tot_sleeping_duration: 8365370.199800029
tot_uptimes: 2176
tot_uptimes_duration: 130528.41231996327
