comms_cons: 831.9141505500418
finished_reconf: true
global_termination_time: 8496506.044
local_termination_time: 5225176.461399999
node_cons: 174752.34120669664
tot_aggregated_send: 117856
tot_msg_rcv: 2730
tot_msg_sent: 5861
tot_reconf_duration: 9.42
tot_sleeping_duration: 8366006.007520013
tot_uptimes: 2176
tot_uptimes_duration: 130500.0364799872
