comms_cons: 9.750374399996543
finished_reconf: true
global_termination_time: 3173.8448800000015
local_termination_time: 3173.8037600000016
node_cons: 1102.928682320002
tot_aggregated_send: 0
tot_msg_rcv: 695
tot_msg_sent: 785
tot_reconf_duration: 24.59
tot_sleeping_duration: 2375.088
tot_uptimes: 13
tot_uptimes_duration: 798.756880000001
