comms_cons: 173.2628864063923
finished_reconf: true
global_termination_time: 262073.03400000013
local_termination_time: 15877.001880000003
node_cons: 26396.81870843745
tot_aggregated_send: 0
tot_msg_rcv: 11797
tot_msg_sent: 14538
tot_reconf_duration: 4.390000000000001
tot_sleeping_duration: 242363.65604000207
tot_uptimes: 322
tot_uptimes_duration: 19709.377959998066
