comms_cons: 127.68253439537553
finished_reconf: true
global_termination_time: 1271595.355
local_termination_time: 358858.82636000006
node_cons: 26117.056403355135
tot_aggregated_send: 17806
tot_msg_rcv: 556
tot_msg_sent: 1045
tot_reconf_duration: 4.8100000000000005
tot_sleeping_duration: 1252095.3367600036
tot_uptimes: 326
tot_uptimes_duration: 19500.018239996338
