comms_cons: 284.5767168185115
finished_reconf: false
global_termination_time: 2809199.704
local_termination_time: 0
node_cons: 57957.00352006612
tot_aggregated_send: 39033
tot_msg_rcv: 1566
tot_msg_sent: 2655
tot_reconf_duration: 82.57999999999998
tot_sleeping_duration: 2765999.6592800096
tot_uptimes: 720
tot_uptimes_duration: 43200.04471999043
