comms_cons: 269.01032963265084
finished_reconf: true
global_termination_time: 2810670.745
local_termination_time: 5984.894
node_cons: 57850.384047817744
tot_aggregated_send: 38566
tot_msg_rcv: 825
tot_msg_sent: 1497
tot_reconf_duration: 4.07
tot_sleeping_duration: 2767470.702440016
tot_uptimes: 720
tot_uptimes_duration: 43200.04255998414
