comms_cons: 101.82627839214703
finished_reconf: true
global_termination_time: 993064.19824
local_termination_time: 178199.34436000005
node_cons: 20430.97113943915
tot_aggregated_send: 13166
tot_msg_rcv: 759
tot_msg_sent: 1552
tot_reconf_duration: 3.05
tot_sleeping_duration: 977808.9112800007
tot_uptimes: 255
tot_uptimes_duration: 15255.286959999357
