comms_cons: 161.61726078825376
finished_reconf: true
global_termination_time: 1660606.856
local_termination_time: 4625.009
node_cons: 34173.98214558415
tot_aggregated_send: 23005
tot_msg_rcv: 417
tot_msg_sent: 1141
tot_reconf_duration: 21.68
tot_sleeping_duration: 1635106.8256000117
tot_uptimes: 426
tot_uptimes_duration: 25500.030399988173
