comms_cons: 119.05873918936808
finished_reconf: true
global_termination_time: 1167009.826
local_termination_time: 7005.83448
node_cons: 23966.122450065322
tot_aggregated_send: 15718
tot_msg_rcv: 817
tot_msg_sent: 1562
tot_reconf_duration: 18.21
tot_sleeping_duration: 1149129.771280011
tot_uptimes: 299
tot_uptimes_duration: 17880.054719989013
