comms_cons: 121.74872318603077
finished_reconf: true
global_termination_time: 1167798.107
local_termination_time: 476750.78536000004
node_cons: 24028.659070051497
tot_aggregated_send: 15138
tot_msg_rcv: 1153
tot_msg_sent: 2215
tot_reconf_duration: 5.1
tot_sleeping_duration: 1149858.0522800214
tot_uptimes: 300
tot_uptimes_duration: 17940.05471997871
