comms_cons: 120.75589119292938
finished_reconf: true
global_termination_time: 1170322.501
local_termination_time: 697731.6293599999
node_cons: 24039.56928335059
tot_aggregated_send: 15834
tot_msg_rcv: 1021
tot_msg_sent: 1499
tot_reconf_duration: 13.17
tot_sleeping_duration: 1152382.482760007
tot_uptimes: 300
tot_uptimes_duration: 17940.018239992904
