comms_cons: 121.01495038937477
finished_reconf: true
global_termination_time: 1169365.085
local_termination_time: 347075.8876000001
node_cons: 24030.196312308144
tot_aggregated_send: 15196
tot_msg_rcv: 1043
tot_msg_sent: 2154
tot_reconf_duration: 6.22
tot_sleeping_duration: 1151425.0181200088
tot_uptimes: 300
tot_uptimes_duration: 17940.06687999115
