comms_cons: 117.63014399352697
finished_reconf: true
global_termination_time: 1168699.597
local_termination_time: 840354.2433599998
node_cons: 24029.04208111678
tot_aggregated_send: 16124
tot_msg_rcv: 540
tot_msg_sent: 1216
tot_reconf_duration: 5.43
tot_sleeping_duration: 1150759.5909200024
tot_uptimes: 300
tot_uptimes_duration: 17940.006079997635
