comms_cons: 206.13900799158367
finished_reconf: true
global_termination_time: 2086206.365
local_termination_time: 258773.01152000084
node_cons: 42909.148483354715
tot_aggregated_send: 29290
tot_msg_rcv: 760
tot_msg_sent: 1279
tot_reconf_duration: 5.57
tot_sleeping_duration: 2054166.3467600036
tot_uptimes: 535
tot_uptimes_duration: 32040.018239996338
