comms_cons: 353.21281271694454
finished_reconf: true
global_termination_time: 731139.548
local_termination_time: 275265.9164800001
node_cons: 44318.196604961806
tot_aggregated_send: 0
tot_msg_rcv: 21734
tot_msg_sent: 31952
tot_reconf_duration: 18.21
tot_sleeping_duration: 698060.0353599984
tot_uptimes: 542
tot_uptimes_duration: 33079.51264000164
