comms_cons: 75.51010559616563
finished_reconf: true
global_termination_time: 731086.2765999998
local_termination_time: 731086.2354799998
node_cons: 15092.845126240572
tot_aggregated_send: 9892
tot_msg_rcv: 639
tot_msg_sent: 946
tot_reconf_duration: 37.410000000000004
tot_sleeping_duration: 719852.4884399993
tot_uptimes: 188
tot_uptimes_duration: 11233.788160000404
