comms_cons: 76.46188159450705
finished_reconf: true
global_termination_time: 731427.645
local_termination_time: 340113.6418400006
node_cons: 15032.059324481108
tot_aggregated_send: 9570
tot_msg_rcv: 776
tot_msg_sent: 1275
tot_reconf_duration: 6.22
tot_sleeping_duration: 720207.6206799992
tot_uptimes: 188
tot_uptimes_duration: 11220.02432000084
