comms_cons: 88.84721919587132
finished_reconf: true
global_termination_time: 889912.22
local_termination_time: 273051.7414800001
node_cons: 18261.917321116893
tot_aggregated_send: 12412
tot_msg_rcv: 357
tot_msg_sent: 735
tot_reconf_duration: 18.21
tot_sleeping_duration: 876292.2139200023
tot_uptimes: 228
tot_uptimes_duration: 13620.006079997638
