comms_cons: 88.20075519950508
finished_reconf: true
global_termination_time: 893876.205
local_termination_time: 852390.5987599991
node_cons: 18324.051980000102
tot_aggregated_send: 12702
tot_msg_rcv: 212
tot_msg_sent: 492
tot_reconf_duration: 4.8100000000000005
tot_sleeping_duration: 880196.205
tot_uptimes: 229
tot_uptimes_duration: 13680.0
