comms_cons: 12.771468799738942
finished_reconf: true
global_termination_time: 103562.609
local_termination_time: 47468.75148000001
node_cons: 2096.412201120291
tot_aggregated_send: 696
tot_msg_rcv: 509
tot_msg_sent: 736
tot_reconf_duration: 5.57
tot_sleeping_duration: 102002.60291999979
tot_uptimes: 27
tot_uptimes_duration: 1560.006080000218
