comms_cons: 71.54000640425369
finished_reconf: true
global_termination_time: 568044.5433600001
local_termination_time: 176142.7397600004
node_cons: 11714.904458104502
tot_aggregated_send: 3828
tot_msg_rcv: 2873
tot_msg_sent: 4175
tot_reconf_duration: 18.21
tot_sleeping_duration: 559314.0166399818
tot_uptimes: 146
tot_uptimes_duration: 8730.5267200183
