comms_cons: 56.56761599955173
finished_reconf: true
global_termination_time: 568043.8864799999
local_termination_time: 568043.8453599999
node_cons: 11718.453078719816
tot_aggregated_send: 7978
tot_msg_rcv: 204
tot_msg_sent: 416
tot_reconf_duration: 37.410000000000004
tot_sleeping_duration: 559330.182
tot_uptimes: 146
tot_uptimes_duration: 8713.70447999984
