comms_cons: 56.561382400305234
finished_reconf: true
global_termination_time: 568214.136
local_termination_time: 205329.58136000004
node_cons: 11660.28622000001
tot_aggregated_send: 8004
tot_msg_rcv: 233
tot_msg_sent: 360
tot_reconf_duration: 8.09
tot_sleeping_duration: 559514.136
tot_uptimes: 146
tot_uptimes_duration: 8700.0
