comms_cons: 59.644556800226475
finished_reconf: true
global_termination_time: 569362.595
local_termination_time: 215694.56936000002
node_cons: 11664.194523364264
tot_aggregated_send: 7366
tot_msg_rcv: 662
tot_msg_sent: 1037
tot_reconf_duration: 10.95
tot_sleeping_duration: 560662.5767599968
tot_uptimes: 146
tot_uptimes_duration: 8700.018240003192
