comms_cons: 59.38385920090614
finished_reconf: true
global_termination_time: 573315.073
local_termination_time: 186631.80436000004
node_cons: 11745.8246233643
tot_aggregated_send: 7598
tot_msg_rcv: 564
tot_msg_sent: 864
tot_reconf_duration: 11.899999999999999
tot_sleeping_duration: 564555.0547599968
tot_uptimes: 147
tot_uptimes_duration: 8760.018240003206
