comms_cons: 59.48278399945311
finished_reconf: true
global_termination_time: 570472.592
local_termination_time: 246118.2486400004
node_cons: 11736.180121121444
tot_aggregated_send: 7540
tot_msg_rcv: 576
tot_msg_sent: 925
tot_reconf_duration: 4.8100000000000005
tot_sleeping_duration: 561712.5859199988
tot_uptimes: 147
tot_uptimes_duration: 8760.006080001069
