comms_cons: 59.048320000244374
finished_reconf: true
global_termination_time: 572607.989
local_termination_time: 233739.40136000005
node_cons: 11745.007121121444
tot_aggregated_send: 7250
tot_msg_rcv: 534
tot_msg_sent: 1191
tot_reconf_duration: 11.31
tot_sleeping_duration: 563847.9829199989
tot_uptimes: 147
tot_uptimes_duration: 8760.006080001069
