comms_cons: 81.66461439671268
finished_reconf: true
global_termination_time: 807830.157
local_termination_time: 6196.316000000001
node_cons: 16553.817942242884
tot_aggregated_send: 10900
tot_msg_rcv: 643
tot_msg_sent: 870
tot_reconf_duration: 2.77
tot_sleeping_duration: 795470.1448399979
tot_uptimes: 207
tot_uptimes_duration: 12360.012160002138
