comms_cons: 195.6983039973533
finished_reconf: true
global_termination_time: 1990521.9873999993
local_termination_time: 1990521.9462799993
node_cons: 40984.74855583688
tot_aggregated_send: 29090
tot_msg_rcv: 224
tot_msg_sent: 430
tot_reconf_duration: 37.410000000000004
tot_sleeping_duration: 1959951.4528400016
tot_uptimes: 510
tot_uptimes_duration: 30570.53455999789
