comms_cons: 196.32990719569833
finished_reconf: true
global_termination_time: 1994913.175
local_termination_time: 1427139.5443599997
node_cons: 40993.91937999952
tot_aggregated_send: 28942
tot_msg_rcv: 274
tot_msg_sent: 625
tot_reconf_duration: 15.110000000000001
tot_sleeping_duration: 1964313.175
tot_uptimes: 511
tot_uptimes_duration: 30600.0
