comms_cons: 196.59763199505508
finished_reconf: true
global_termination_time: 1991858.004
local_termination_time: 1044842.6543599999
node_cons: 40990.5515399997
tot_aggregated_send: 28652
tot_msg_rcv: 369
tot_msg_sent: 861
tot_reconf_duration: 12.629999999999999
tot_sleeping_duration: 1961258.004
tot_uptimes: 511
tot_uptimes_duration: 30600.0
