comms_cons: 293.785260792895
finished_reconf: true
global_termination_time: 604518.1905999988
local_termination_time: 604518.1494799989
node_cons: 37041.49479511868
tot_aggregated_send: 0
tot_msg_rcv: 17955
tot_msg_sent: 26698
tot_reconf_duration: 24.59
tot_sleeping_duration: 576879.5785199996
tot_uptimes: 454
tot_uptimes_duration: 27638.612079999104
