comms_cons: 118.94994559772977
finished_reconf: true
global_termination_time: 604518.7905999989
local_termination_time: 2213.2874800000004
node_cons: 12432.257431519969
tot_aggregated_send: 0
tot_msg_rcv: 9110
tot_msg_sent: 8967
tot_reconf_duration: 3.05
tot_sleeping_duration: 595237.1509199989
tot_uptimes: 155
tot_uptimes_duration: 9281.639679999964
