comms_cons: 233.22921596997827
finished_reconf: true
global_termination_time: 2310028.532
local_termination_time: 1178124.38536
node_cons: 47487.54525005098
tot_aggregated_send: 30102
tot_msg_rcv: 1894
tot_msg_sent: 3453
tot_reconf_duration: 4.8100000000000005
tot_sleeping_duration: 2274568.4772800216
tot_uptimes: 592
tot_uptimes_duration: 35460.05471997871
