comms_cons: 227.69295359148285
finished_reconf: true
global_termination_time: 2311043.723
local_termination_time: 1000522.79736
node_cons: 47493.73235999947
tot_aggregated_send: 33234
tot_msg_rcv: 451
tot_msg_sent: 923
tot_reconf_duration: 9.42
tot_sleeping_duration: 2275583.723
tot_uptimes: 592
tot_uptimes_duration: 35460.0
