comms_cons: 228.36403199752436
finished_reconf: true
global_termination_time: 2308608.92
local_termination_time: 1351705.78936
node_cons: 47497.1001999996
tot_aggregated_send: 33234
tot_msg_rcv: 557
tot_msg_sent: 919
tot_reconf_duration: 11.899999999999999
tot_sleeping_duration: 2273148.92
tot_uptimes: 592
tot_uptimes_duration: 35460.0
