comms_cons: 90.14842239585002
finished_reconf: true
global_termination_time: 884010.5951599993
local_termination_time: 61135.15828000006
node_cons: 18225.153150953956
tot_aggregated_send: 11832
tot_msg_rcv: 584
tot_msg_sent: 1284
tot_reconf_duration: 22.65
tot_sleeping_duration: 870422.5485200038
tot_uptimes: 227
tot_uptimes_duration: 13588.046639995475
