comms_cons: 90.57781759541786
finished_reconf: true
global_termination_time: 884319.976
local_termination_time: 81116.39935999997
node_cons: 18163.39640335052
tot_aggregated_send: 12006
tot_msg_rcv: 657
tot_msg_sent: 1105
tot_reconf_duration: 4.8100000000000005
tot_sleeping_duration: 870759.9577600071
tot_uptimes: 227
tot_uptimes_duration: 13560.018239992904
