comms_cons: 321.55540455601084
finished_reconf: true
global_termination_time: 1621920.1886
local_termination_time: 665.8850399999995
node_cons: 33386.41475175038
tot_aggregated_send: 0
tot_msg_rcv: 24800
tot_msg_sent: 24075
tot_reconf_duration: 18.21
tot_sleeping_duration: 1597004.8147600072
tot_uptimes: 416
tot_uptimes_duration: 24915.373839992797
