comms_cons: 159.8877183957564
finished_reconf: true
global_termination_time: 1622480.437
local_termination_time: 314010.1273600001
node_cons: 33361.931720000066
tot_aggregated_send: 23490
tot_msg_rcv: 246
tot_msg_sent: 566
tot_reconf_duration: 15.34
tot_sleeping_duration: 1597580.437
tot_uptimes: 416
tot_uptimes_duration: 24900.0
