comms_cons: 98.0430975956324
finished_reconf: true
global_termination_time: 957306.194
local_termination_time: 339415.28704000026
node_cons: 19691.873605315082
tot_aggregated_send: 12876
tot_msg_rcv: 691
tot_msg_sent: 1335
tot_reconf_duration: 6.279999999999999
tot_sleeping_duration: 942606.1601200036
tot_uptimes: 246
tot_uptimes_duration: 14700.033879996336
