comms_cons: 97.22311679142936
finished_reconf: true
global_termination_time: 958228.333
local_termination_time: 619858.8685999988
node_cons: 19689.286043355143
tot_aggregated_send: 13108
tot_msg_rcv: 567
tot_msg_sent: 1102
tot_reconf_duration: 4.390000000000001
tot_sleeping_duration: 943528.3147600036
tot_uptimes: 246
tot_uptimes_duration: 14700.018239996338
