comms_cons: 97.39910399424606
finished_reconf: true
global_termination_time: 958315.555
local_termination_time: 485805.48748000007
node_cons: 19693.952124471965
tot_aggregated_send: 12934
tot_msg_rcv: 595
tot_msg_sent: 1276
tot_reconf_duration: 7.819999999999999
tot_sleeping_duration: 943615.530680006
tot_uptimes: 246
tot_uptimes_duration: 14700.024319993972
