comms_cons: 825.8935566935309
finished_reconf: true
global_termination_time: 4206503.292
local_termination_time: 2485190.0836
node_cons: 86556.94684111474
tot_aggregated_send: 0
tot_msg_rcv: 63083
tot_msg_sent: 62448
tot_reconf_duration: 22.65
tot_sleeping_duration: 4141883.2859200025
tot_uptimes: 1078
tot_uptimes_duration: 64620.00607999787
