comms_cons: 427.954035314811
finished_reconf: true
global_termination_time: 4206361.76
local_termination_time: 596410.5583599999
node_cons: 86544.14627116766
tot_aggregated_send: 57130
tot_msg_rcv: 2579
tot_msg_sent: 5336
tot_reconf_duration: 13.17
tot_sleeping_duration: 4141741.699200022
tot_uptimes: 1078
tot_uptimes_duration: 64620.06079997751
