comms_cons: 424.28343689167116
finished_reconf: true
global_termination_time: 4209100.272
local_termination_time: 764769.6993599999
node_cons: 86530.44405116755
tot_aggregated_send: 58290
tot_msg_rcv: 2011
tot_msg_sent: 4186
tot_reconf_duration: 3.08
tot_sleeping_duration: 4144480.2112000226
tot_uptimes: 1078
tot_uptimes_duration: 64620.06079997751
