comms_cons: 422.72748166304984
finished_reconf: true
global_termination_time: 4206120.059
local_termination_time: 855540.0133599999
node_cons: 86537.22320781645
tot_aggregated_send: 58696
tot_msg_rcv: 1781
tot_msg_sent: 3775
tot_reconf_duration: 8.09
tot_sleeping_duration: 4141500.016440016
tot_uptimes: 1078
tot_uptimes_duration: 64620.04255998414
