comms_cons: 422.46359044651706
finished_reconf: true
global_termination_time: 4205757.472
local_termination_time: 2169975.0543599995
node_cons: 86530.33818223178
tot_aggregated_send: 58696
tot_msg_rcv: 1744
tot_msg_sent: 3772
tot_reconf_duration: 3.05
tot_sleeping_duration: 4141137.4598400043
tot_uptimes: 1078
tot_uptimes_duration: 64620.012159995735
