comms_cons: 422.8417600391665
finished_reconf: true
global_termination_time: 4208924.738
local_termination_time: 1826745.422879999
node_cons: 86536.82398334926
tot_aggregated_send: 58696
tot_msg_rcv: 1804
tot_msg_sent: 3768
tot_reconf_duration: 7.819999999999999
tot_sleeping_duration: 4144304.7197600063
tot_uptimes: 1078
tot_uptimes_duration: 64620.0182399936
