comms_cons: 422.350771275963
finished_reconf: true
global_termination_time: 4208968.113
local_termination_time: 1428590.186119999
node_cons: 86541.58782670036
tot_aggregated_send: 58754
tot_msg_rcv: 1728
tot_msg_sent: 3713
tot_reconf_duration: 11.31
tot_sleeping_duration: 4144348.076520013
tot_uptimes: 1078
tot_uptimes_duration: 64620.03647998697
