comms_cons: 425.11500807687037
finished_reconf: true
global_termination_time: 4206163.147
local_termination_time: 1123268.80936
node_cons: 86547.08499005059
tot_aggregated_send: 58116
tot_msg_rcv: 2227
tot_msg_sent: 4272
tot_reconf_duration: 15.34
tot_sleeping_duration: 4141543.09228002
tot_uptimes: 1078
tot_uptimes_duration: 64620.05471997964
