comms_cons: 209.1725055813239
finished_reconf: true
global_termination_time: 2084314.023
local_termination_time: 194085.44912000094
node_cons: 42880.95102150334
tot_aggregated_send: 28710
tot_msg_rcv: 1080
tot_msg_sent: 2003
tot_reconf_duration: 25.299999999999997
tot_sleeping_duration: 2052315.0733200123
tot_uptimes: 534
tot_uptimes_duration: 31998.949679987825
