comms_cons: 208.44942078391762
finished_reconf: true
global_termination_time: 2083499.648
local_termination_time: 1043827.9353599999
node_cons: 42825.38632335017
tot_aggregated_send: 28826
tot_msg_rcv: 1060
tot_msg_sent: 1797
tot_reconf_duration: 3.05
tot_sleeping_duration: 2051519.6297600071
tot_uptimes: 534
tot_uptimes_duration: 31980.018239992904
