comms_cons: 319.42736615705167
finished_reconf: true
global_termination_time: 2079799.731
local_termination_time: 1137120.59848
node_cons: 42751.499559999706
tot_aggregated_send: 0
tot_msg_rcv: 24481
tot_msg_sent: 24071
tot_reconf_duration: 7.819999999999999
tot_sleeping_duration: 2047879.731
tot_uptimes: 533
tot_uptimes_duration: 31920.0
