comms_cons: 503.9580609035983
finished_reconf: true
global_termination_time: 5000592.911119997
local_termination_time: 162455.1256000001
node_cons: 102886.39082233606
tot_aggregated_send: 69368
tot_msg_rcv: 2478
tot_msg_sent: 4751
tot_reconf_duration: 22.65
tot_sleeping_duration: 4923777.651880013
tot_uptimes: 1281
tot_uptimes_duration: 76815.25923998436
