comms_cons: 502.01269768532234
finished_reconf: true
global_termination_time: 5005154.248
local_termination_time: 224447.8928800004
node_cons: 102922.15339117087
tot_aggregated_send: 69542
tot_msg_rcv: 2154
tot_msg_sent: 4607
tot_reconf_duration: 4.8100000000000005
tot_sleeping_duration: 4928294.187200019
tot_uptimes: 1282
tot_uptimes_duration: 76860.06079998048
