comms_cons: 497.22039688925804
finished_reconf: true
global_termination_time: 5003855.976
local_termination_time: 448478.8222000006
node_cons: 102921.56674893286
tot_aggregated_send: 69716
tot_msg_rcv: 1730
tot_msg_sent: 4129
tot_reconf_duration: 4.390000000000001
tot_sleeping_duration: 4926995.927360018
tot_uptimes: 1282
tot_uptimes_duration: 76860.04863998201
