comms_cons: 51.52462080287691
finished_reconf: true
global_termination_time: 394475.68880000024
local_termination_time: 394475.6476800002
node_cons: 8195.096959865843
tot_aggregated_send: 2784
tot_msg_rcv: 1906
tot_msg_sent: 3148
tot_reconf_duration: 37.410000000000004
tot_sleeping_duration: 388393.31823998096
tot_uptimes: 102
tot_uptimes_duration: 6082.37056001929
