comms_cons: 41.52091520046631
finished_reconf: true
global_termination_time: 397542.085
local_termination_time: 8512.312
node_cons: 8122.931983521447
tot_aggregated_send: 5159
tot_msg_rcv: 454
tot_msg_sent: 698
tot_reconf_duration: 5.57
tot_sleeping_duration: 391481.3173199989
tot_uptimes: 102
tot_uptimes_duration: 6060.767680001073
