comms_cons: 83.99664639964944
finished_reconf: true
global_termination_time: 851468.565
local_termination_time: 513582.5926000001
node_cons: 17529.47898000002
tot_aggregated_send: 12412
tot_msg_rcv: 132
tot_msg_sent: 223
tot_reconf_duration: 11.31
tot_sleeping_duration: 838388.565
tot_uptimes: 219
tot_uptimes_duration: 13080.0
