comms_cons: 258.7730943921997
finished_reconf: true
global_termination_time: 2537927.696
local_termination_time: 438297.33336
node_cons: 52146.678607821574
tot_aggregated_send: 34452
tot_msg_rcv: 1853
tot_msg_sent: 3027
tot_reconf_duration: 4.390000000000001
tot_sleeping_duration: 2498987.653440013
tot_uptimes: 650
tot_uptimes_duration: 38940.042559986876
