comms_cons: 243.90410238281245
finished_reconf: true
global_termination_time: 2541376.588
local_termination_time: 1585112.35836
node_cons: 52229.44675999916
tot_aggregated_send: 33814
tot_msg_rcv: 1070
tot_msg_sent: 2188
tot_reconf_duration: 6.22
tot_sleeping_duration: 2502376.588
tot_uptimes: 651
tot_uptimes_duration: 39000.0
