comms_cons: 253.63894400981044
finished_reconf: true
global_termination_time: 2540032.627
local_termination_time: 927330.9650799996
node_cons: 52241.831719999165
tot_aggregated_send: 36308
tot_msg_rcv: 865
tot_msg_sent: 1378
tot_reconf_duration: 15.34
tot_sleeping_duration: 2501032.627
tot_uptimes: 651
tot_uptimes_duration: 39000.0
