comms_cons: 250.55470079394374
finished_reconf: true
global_termination_time: 2505663.303
local_termination_time: 401557.7572000006
node_cons: 51503.93418446651
tot_aggregated_send: 34974
tot_msg_rcv: 902
tot_msg_sent: 2207
tot_reconf_duration: 4.390000000000001
tot_sleeping_duration: 2467203.2786800093
tot_uptimes: 642
tot_uptimes_duration: 38460.02431999054
