comms_cons: 252.96428798368626
finished_reconf: true
global_termination_time: 2503735.745
local_termination_time: 141828.93328000078
node_cons: 51508.624688943375
tot_aggregated_send: 34742
tot_msg_rcv: 1268
tot_msg_sent: 2439
tot_reconf_duration: 7.819999999999999
tot_sleeping_duration: 2465275.696360012
tot_uptimes: 642
tot_uptimes_duration: 38460.04863998818
