comms_cons: 68.47509119876703
finished_reconf: true
global_termination_time: 673199.016
local_termination_time: 328147.3678000003
node_cons: 13843.225462238312
tot_aggregated_send: 9222
tot_msg_rcv: 446
tot_msg_sent: 739
tot_reconf_duration: 18.21
tot_sleeping_duration: 662879.0038400012
tot_uptimes: 173
tot_uptimes_duration: 10320.012159998703
