comms_cons: 70.01052159657202
finished_reconf: true
global_termination_time: 675219.023
local_termination_time: 57977.79448000001
node_cons: 13825.446505597974
tot_aggregated_send: 8816
tot_msg_rcv: 659
tot_msg_sent: 1168
tot_reconf_duration: 5.1
tot_sleeping_duration: 664898.9926000015
tot_uptimes: 173
tot_uptimes_duration: 10320.030399998475
