comms_cons: 68.41710079841695
finished_reconf: true
global_termination_time: 672106.663
local_termination_time: 617249.8233599999
node_cons: 13825.04454448122
tot_aggregated_send: 9106
tot_msg_rcv: 423
tot_msg_sent: 870
tot_reconf_duration: 4.8100000000000005
tot_sleeping_duration: 661786.638679999
tot_uptimes: 173
tot_uptimes_duration: 10320.02432000084
