comms_cons: 67.85752320114175
finished_reconf: true
global_termination_time: 673543.908
local_termination_time: 468058.37348
node_cons: 13834.656482242834
tot_aggregated_send: 9280
tot_msg_rcv: 345
tot_msg_sent: 689
tot_reconf_duration: 11.899999999999999
tot_sleeping_duration: 663223.8958399979
tot_uptimes: 173
tot_uptimes_duration: 10320.012160002138
