comms_cons: 152.88048638532155
finished_reconf: true
global_termination_time: 1557509.584
local_termination_time: 5452.981000000001
node_cons: 31982.251135654096
tot_aggregated_send: 19947
tot_msg_rcv: 1178
tot_msg_sent: 2113
tot_reconf_duration: 5.02
tot_sleeping_duration: 1533629.4988800194
tot_uptimes: 399
tot_uptimes_duration: 23880.08511998062
