comms_cons: 152.49263998634862
finished_reconf: true
global_termination_time: 1560727.239
local_termination_time: 6064.339
node_cons: 32070.641373415834
tot_aggregated_send: 20927
tot_msg_rcv: 688
tot_msg_sent: 1562
tot_reconf_duration: 10.96
tot_sleeping_duration: 1536787.1660400182
tot_uptimes: 400
tot_uptimes_duration: 23940.072959981917
