comms_cons: 149.54051839375083
finished_reconf: true
global_termination_time: 1560837.917
local_termination_time: 6379.929
node_cons: 32065.749905598008
tot_aggregated_send: 20640
tot_msg_rcv: 745
tot_msg_sent: 1347
tot_reconf_duration: 7.3999999999999995
tot_sleeping_duration: 1536897.8866000012
tot_uptimes: 400
tot_uptimes_duration: 23940.030399998475
