comms_cons: 148.75571199496412
finished_reconf: true
global_termination_time: 1561053.296
local_termination_time: 6851.415
node_cons: 32068.47948559341
tot_aggregated_send: 21044
tot_msg_rcv: 546
tot_msg_sent: 1020
tot_reconf_duration: 9.41
tot_sleeping_duration: 1537113.2656000052
tot_uptimes: 400
tot_uptimes_duration: 23940.03039999504
