comms_cons: 154.29442559228514
finished_reconf: true
global_termination_time: 1556931.22024
local_termination_time: 3347.02512
node_cons: 32005.43644392031
tot_aggregated_send: 21170
tot_msg_rcv: 794
tot_msg_sent: 1486
tot_reconf_duration: 7.08
tot_sleeping_duration: 1533035.9089599997
tot_uptimes: 399
tot_uptimes_duration: 23895.311280000198
