comms_cons: 1100.3382914963072
finished_reconf: true
global_termination_time: 11088505.006
local_termination_time: 2867205.37736
node_cons: 228092.26721116313
tot_aggregated_send: 153874
tot_msg_rcv: 4312
tot_msg_sent: 9058
tot_reconf_duration: 5.1
tot_sleeping_duration: 10918164.94520002
tot_uptimes: 2840
tot_uptimes_duration: 170340.06079997867
