comms_cons: 149.55179519210566
finished_reconf: true
global_termination_time: 1497311.4932400004
local_termination_time: 40347.85848000002
node_cons: 30851.830362720284
tot_aggregated_send: 20474
tot_msg_rcv: 743
tot_msg_sent: 1513
tot_reconf_duration: 6.22
tot_sleeping_duration: 1474276.8527600002
tot_uptimes: 384
tot_uptimes_duration: 23034.640480000176
