comms_cons: 1.4737407999993524
finished_reconf: true
global_termination_time: 8166.7
local_termination_time: 6670.322480000001
node_cons: 176.03898000000177
tot_aggregated_send: 0
tot_msg_rcv: 118
tot_msg_sent: 106
tot_reconf_duration: 11.31
tot_sleeping_duration: 8046.699999999999
tot_uptimes: 3
tot_uptimes_duration: 120.0
