comms_cons: 54.877107201086844
finished_reconf: true
global_termination_time: 541503.759
local_termination_time: 261788.00336000006
node_cons: 11104.829283364325
tot_aggregated_send: 7366
tot_msg_rcv: 344
tot_msg_sent: 631
tot_reconf_duration: 13.17
tot_sleeping_duration: 533223.7407599967
tot_uptimes: 139
tot_uptimes_duration: 8280.018240003206
