comms_cons: 282.4516352229176
finished_reconf: true
global_termination_time: 2809188.639
local_termination_time: 7173.689
node_cons: 57852.738826709465
tot_aggregated_send: 39202
tot_msg_rcv: 1313
tot_msg_sent: 2416
tot_reconf_duration: 5.8100000000000005
tot_sleeping_duration: 2765988.602520007
tot_uptimes: 720
tot_uptimes_duration: 43200.03647999291
