comms_cons: 279.4637056094539
finished_reconf: true
global_termination_time: 2808879.18
local_termination_time: 4157.441
node_cons: 57857.61948558344
tot_aggregated_send: 39372
tot_msg_rcv: 1161
tot_msg_sent: 1943
tot_reconf_duration: 9.41
tot_sleeping_duration: 2765679.1496000118
tot_uptimes: 720
tot_uptimes_duration: 43200.030399988405
