comms_cons: 720.0480138185104
finished_reconf: true
global_termination_time: 4009929.996
local_termination_time: 2023831.95548
node_cons: 82439.5002655834
tot_aggregated_send: 0
tot_msg_rcv: 55208
tot_msg_sent: 54236
tot_reconf_duration: 7.819999999999999
tot_sleeping_duration: 3948369.9656000105
tot_uptimes: 1027
tot_uptimes_duration: 61560.030399989104
