comms_cons: 2.525619199995256
finished_reconf: true
global_termination_time: 13410.114
local_termination_time: 6889.41136
node_cons: 258.9048600000001
tot_aggregated_send: 0
tot_msg_rcv: 220
tot_msg_sent: 162
tot_reconf_duration: 13.17
tot_sleeping_duration: 13230.114
tot_uptimes: 4
tot_uptimes_duration: 180.0
