comms_cons: 2.23034879999263
finished_reconf: true
global_termination_time: 14210.554
local_termination_time: 6458.113360000001
node_cons: 261.5393800000008
tot_aggregated_send: 0
tot_msg_rcv: 178
tot_msg_sent: 160
tot_reconf_duration: 15.110000000000001
tot_sleeping_duration: 14030.554
tot_uptimes: 4
tot_uptimes_duration: 180.0
