comms_cons: 1.671116799994479
finished_reconf: true
global_termination_time: 15911.712
local_termination_time: 10821.58536
node_cons: 329.80675999999914
tot_aggregated_send: 0
tot_msg_rcv: 131
tot_msg_sent: 123
tot_reconf_duration: 6.22
tot_sleeping_duration: 15671.712
tot_uptimes: 5
tot_uptimes_duration: 240.0
