comms_cons: 167.07878399705302
finished_reconf: true
global_termination_time: 1743989.58
local_termination_time: 6540.403
node_cons: 35864.13150112135
tot_aggregated_send: 24917
tot_msg_rcv: 126
tot_msg_sent: 352
tot_reconf_duration: 23.919999999999998
tot_sleeping_duration: 1717229.5739199992
tot_uptimes: 447
tot_uptimes_duration: 26760.00608000107
