comms_cons: 332.63119361318064
finished_reconf: true
global_termination_time: 3327549.934
local_termination_time: 857420.2034799998
node_cons: 68457.28476558291
tot_aggregated_send: 46574
tot_msg_rcv: 1413
tot_msg_sent: 2571
tot_reconf_duration: 5.57
tot_sleeping_duration: 3276429.9036000115
tot_uptimes: 853
tot_uptimes_duration: 51120.030399988405
