comms_cons: 329.5799488097307
finished_reconf: true
global_termination_time: 3325507.543
local_termination_time: 732986.6344799978
node_cons: 68378.79768830004
tot_aggregated_send: 46458
tot_msg_rcv: 1193
tot_msg_sent: 2443
tot_reconf_duration: 5.1
tot_sleeping_duration: 3274445.6521200137
tot_uptimes: 852
tot_uptimes_duration: 51061.890879986226
