comms_cons: 107.86065918950382
finished_reconf: true
global_termination_time: 1048481.16
local_termination_time: 282056.82236000005
node_cons: 21561.927546714855
tot_aggregated_send: 13804
tot_msg_rcv: 865
tot_msg_sent: 1726
tot_reconf_duration: 22.65
tot_sleeping_duration: 1032401.123520004
tot_uptimes: 269
tot_uptimes_duration: 16080.03647999611
