comms_cons: 108.64155518323977
finished_reconf: true
global_termination_time: 1045739.054
local_termination_time: 135084.79448000054
node_cons: 21461.84763117755
tot_aggregated_send: 13340
tot_msg_rcv: 1072
tot_msg_sent: 2101
tot_reconf_duration: 8.09
tot_sleeping_duration: 1029718.9932000168
tot_uptimes: 268
tot_uptimes_duration: 16020.060799983214
