comms_cons: 107.96258559345443
finished_reconf: true
global_termination_time: 1045358.922
local_termination_time: 219814.99736000007
node_cons: 21457.36896783625
tot_aggregated_send: 13688
tot_msg_rcv: 1032
tot_msg_sent: 1690
tot_reconf_duration: 4.8100000000000005
tot_sleeping_duration: 1029338.8794400028
tot_uptimes: 268
tot_uptimes_duration: 16020.042559997179
