comms_cons: 109.30275839178594
finished_reconf: true
global_termination_time: 1047279.885
local_termination_time: 90193.14335999997
node_cons: 21538.59163343422
tot_aggregated_send: 13340
tot_msg_rcv: 1114
tot_msg_sent: 2162
tot_reconf_duration: 5.43
tot_sleeping_duration: 1031199.8120400043
tot_uptimes: 269
tot_uptimes_duration: 16080.072959995654
