comms_cons: 192.92988162372092
finished_reconf: true
global_termination_time: 401150.2272800008
local_termination_time: 401150.1861600008
node_cons: 24206.636578724738
tot_aggregated_send: 0
tot_msg_rcv: 11892
tot_msg_sent: 17430
tot_reconf_duration: 37.410000000000004
tot_sleeping_duration: 383110.0227999973
tot_uptimes: 298
tot_uptimes_duration: 18040.204480003504
