comms_cons: 40.77788160065098
finished_reconf: true
global_termination_time: 404647.186
local_termination_time: 132838.30936000004
node_cons: 8295.859861121435
tot_aggregated_send: 5510
tot_msg_rcv: 237
tot_msg_sent: 451
tot_reconf_duration: 15.34
tot_sleeping_duration: 398467.1799199989
tot_uptimes: 104
tot_uptimes_duration: 6180.006080001069
