comms_cons: 31.059168001343316
finished_reconf: true
global_termination_time: 287497.1096000001
local_termination_time: 287497.0684800001
node_cons: 5916.667425128713
tot_aggregated_send: 3350
tot_msg_rcv: 477
tot_msg_sent: 893
tot_reconf_duration: 24.59
tot_sleeping_duration: 283103.3275199936
tot_uptimes: 74
tot_uptimes_duration: 4393.782080006495
