comms_cons: 28.710656000201244
finished_reconf: true
global_termination_time: 291062.469
local_termination_time: 186511.35536000005
node_cons: 5975.926841121428
tot_aggregated_send: 4002
tot_msg_rcv: 91
tot_msg_sent: 271
tot_reconf_duration: 22.65
tot_sleeping_duration: 286622.4629199989
tot_uptimes: 75
tot_uptimes_duration: 4440.006080001069
