comms_cons: 128.90212479479547
finished_reconf: true
global_termination_time: 601796.9389599987
local_termination_time: 601796.9389599987
node_cons: 12463.775946319929
tot_aggregated_send: 0
tot_msg_rcv: 10581
tot_msg_sent: 9010
tot_reconf_duration: 24.59
tot_sleeping_duration: 592513.6060799988
tot_uptimes: 155
tot_uptimes_duration: 9283.33287999993
