comms_cons: 44.83724800267372
finished_reconf: true
global_termination_time: 252514.01424000054
local_termination_time: 80852.16559999996
node_cons: 5242.341280482167
tot_aggregated_send: 0
tot_msg_rcv: 3456
tot_msg_sent: 3358
tot_reconf_duration: 18.21
tot_sleeping_duration: 248617.36591999893
tot_uptimes: 65
tot_uptimes_duration: 3896.648320001608
