comms_cons: 660.3512513168289
finished_reconf: true
global_termination_time: 6711548.362
local_termination_time: 2607384.316039998
node_cons: 138036.52394446387
tot_aggregated_send: 92858
tot_msg_rcv: 2456
tot_msg_sent: 5054
tot_reconf_duration: 9.11
tot_sleeping_duration: 6608468.337680008
tot_uptimes: 1719
tot_uptimes_duration: 103080.02431999147
