comms_cons: 659.8869185180152
finished_reconf: true
global_termination_time: 6712145.399
local_termination_time: 4634444.183479999
node_cons: 138049.52274111164
tot_aggregated_send: 91988
tot_msg_rcv: 2809
tot_msg_sent: 5501
tot_reconf_duration: 18.700000000000003
tot_sleeping_duration: 6609065.392920002
tot_uptimes: 1719
tot_uptimes_duration: 103080.00607999787
