comms_cons: 659.7187777075682
finished_reconf: true
global_termination_time: 6715228.837
local_termination_time: 4688073.697959999
node_cons: 138119.33824111288
tot_aggregated_send: 93380
tot_msg_rcv: 2410
tot_msg_sent: 4482
tot_reconf_duration: 10.95
tot_sleeping_duration: 6612088.830920002
tot_uptimes: 1720
tot_uptimes_duration: 103140.00607999787
