comms_cons: 674.7622017635202
finished_reconf: true
global_termination_time: 6715571.056
local_termination_time: 795933.6073599999
node_cons: 138110.49489004826
tot_aggregated_send: 93612
tot_msg_rcv: 3079
tot_msg_sent: 5868
tot_reconf_duration: 4.390000000000001
tot_sleeping_duration: 6612431.00128002
tot_uptimes: 1720
tot_uptimes_duration: 103140.05471997964
