comms_cons: 671.7106177299506
finished_reconf: true
global_termination_time: 6716204.098
local_termination_time: 1038099.7943599999
node_cons: 138115.15283004864
tot_aggregated_send: 93206
tot_msg_rcv: 2868
tot_msg_sent: 6020
tot_reconf_duration: 7.819999999999999
tot_sleeping_duration: 6613064.04328002
tot_uptimes: 1720
tot_uptimes_duration: 103140.05471997987
