comms_cons: 673.1282369334469
finished_reconf: true
global_termination_time: 6714315.486
local_termination_time: 1115074.82836
node_cons: 138112.97188893167
tot_aggregated_send: 93206
tot_msg_rcv: 3006
tot_msg_sent: 6099
tot_reconf_duration: 6.22
tot_sleeping_duration: 6611175.437360018
tot_uptimes: 1720
tot_uptimes_duration: 103140.04863998224
