comms_cons: 77.46350079837757
finished_reconf: true
global_termination_time: 787658.5969199984
local_termination_time: 787658.5557999985
node_cons: 16252.167297994678
tot_aggregated_send: 11470
tot_msg_rcv: 85
tot_msg_sent: 218
tot_reconf_duration: 24.59
tot_sleeping_duration: 775545.9949200024
tot_uptimes: 202
tot_uptimes_duration: 12112.601999995997
