comms_cons: 130.20894718787687
finished_reconf: true
global_termination_time: 1272079.18524
local_termination_time: 440030.58136000007
node_cons: 26155.690278299393
tot_aggregated_send: 17342
tot_msg_rcv: 961
tot_msg_sent: 1487
tot_reconf_duration: 18.21
tot_sleeping_duration: 1252563.9043600154
tot_uptimes: 326
tot_uptimes_duration: 19515.28087998456
