comms_cons: 127.64590718598066
finished_reconf: true
global_termination_time: 1273765.922
local_termination_time: 709329.1614799988
node_cons: 26203.25208558418
tot_aggregated_send: 16298
tot_msg_rcv: 1137
tot_msg_sent: 1965
tot_reconf_duration: 9.11
tot_sleeping_duration: 1254205.8916000118
tot_uptimes: 327
tot_uptimes_duration: 19560.030399988173
