comms_cons: 127.76054399272067
finished_reconf: true
global_termination_time: 1276449.343
local_termination_time: 561512.1084799998
node_cons: 26211.408226701016
tot_aggregated_send: 16704
tot_msg_rcv: 855
tot_msg_sent: 1861
tot_reconf_duration: 15.110000000000001
tot_sleeping_duration: 1256889.3065200143
tot_uptimes: 327
tot_uptimes_duration: 19560.036479985807
