comms_cons: 128.51997438818515
finished_reconf: true
global_termination_time: 1276597.603
local_termination_time: 510448.828
node_cons: 26208.048527817875
tot_aggregated_send: 16815
tot_msg_rcv: 859
tot_msg_sent: 1861
tot_reconf_duration: 12.629999999999999
tot_sleeping_duration: 1257037.5604400164
tot_uptimes: 327
tot_uptimes_duration: 19560.04255998344
