comms_cons: 196.10510079020906
finished_reconf: true
global_termination_time: 1961420.915
local_termination_time: 211655.12736000007
node_cons: 40348.61370671453
tot_aggregated_send: 27492
tot_msg_rcv: 775
tot_msg_sent: 1539
tot_reconf_duration: 13.17
tot_sleeping_duration: 1931300.878520004
tot_uptimes: 503
tot_uptimes_duration: 30120.03647999611
