comms_cons: 301.6865277783307
finished_reconf: true
global_termination_time: 1960575.758
local_termination_time: 1357490.15548
node_cons: 40341.307701116646
tot_aggregated_send: 0
tot_msg_rcv: 23059
tot_msg_sent: 22794
tot_reconf_duration: 7.819999999999999
tot_sleeping_duration: 1930455.7519200023
tot_uptimes: 503
tot_uptimes_duration: 30120.006079997635
