comms_cons: 301.63852137786154
finished_reconf: true
global_termination_time: 1962625.802
local_termination_time: 1358626.45536
node_cons: 40346.0389799998
tot_aggregated_send: 0
tot_msg_rcv: 23056
tot_msg_sent: 22791
tot_reconf_duration: 11.31
tot_sleeping_duration: 1932505.802
tot_uptimes: 503
tot_uptimes_duration: 30120.0
