comms_cons: 457.33260807506554
finished_reconf: true
global_termination_time: 4575531.168
local_termination_time: 1201365.2479599998
node_cons: 94088.81654781688
tot_aggregated_send: 62814
tot_msg_rcv: 2155
tot_msg_sent: 4543
tot_reconf_duration: 7.819999999999999
tot_sleeping_duration: 4505271.1254400145
tot_uptimes: 1172
tot_uptimes_duration: 70260.0425599846
