comms_cons: 129.58392319450058
finished_reconf: true
global_termination_time: 1298049.96
local_termination_time: 58807.39436000001
node_cons: 26677.04632335514
tot_aggregated_send: 18386
tot_msg_rcv: 436
tot_msg_sent: 874
tot_reconf_duration: 3.05
tot_sleeping_duration: 1278129.9417600036
tot_uptimes: 333
tot_uptimes_duration: 19920.018239996338
