comms_cons: 30.738022400266704
finished_reconf: true
global_termination_time: 308566.50624000013
local_termination_time: 112309.38935999997
node_cons: 6377.883670481658
tot_aggregated_send: 4060
tot_msg_rcv: 207
tot_msg_sent: 404
tot_reconf_duration: 7.819999999999999
tot_sleeping_duration: 303811.2679199989
tot_uptimes: 80
tot_uptimes_duration: 4755.238320001226
