comms_cons: 130.8455680175124
finished_reconf: true
global_termination_time: 450322.9094400003
local_termination_time: 2870.485480000002
node_cons: 18245.30836816044
tot_aggregated_send: 0
tot_msg_rcv: 6736
tot_msg_sent: 13150
tot_reconf_duration: 5.57
tot_sleeping_duration: 436702.48799999995
tot_uptimes: 226
tot_uptimes_duration: 13620.421440000311
