comms_cons: 242.18160640747303
finished_reconf: true
global_termination_time: 2411983.442
local_termination_time: 352819.69836000004
node_cons: 49580.440265588404
tot_aggregated_send: 33814
tot_msg_rcv: 1023
tot_msg_sent: 1974
tot_reconf_duration: 7.819999999999999
tot_sleeping_duration: 2374963.411600008
tot_uptimes: 618
tot_uptimes_duration: 37020.03039999184
