comms_cons: 292.0179200004368
finished_reconf: true
global_termination_time: 2916625.213
local_termination_time: 555717.8476799985
node_cons: 59940.24525005528
tot_aggregated_send: 40310
tot_msg_rcv: 1313
tot_msg_sent: 2762
tot_reconf_duration: 4.8100000000000005
tot_sleeping_duration: 2871865.1582800173
tot_uptimes: 747
tot_uptimes_duration: 44760.05471998232
