comms_cons: 289.680166406805
finished_reconf: true
global_termination_time: 2914979.061
local_termination_time: 887821.95936
node_cons: 59937.81446447118
tot_aggregated_send: 40194
tot_msg_rcv: 1359
tot_msg_sent: 2475
tot_reconf_duration: 3.05
tot_sleeping_duration: 2870219.036680006
tot_uptimes: 747
tot_uptimes_duration: 44760.024319994205
