comms_cons: 288.2419327838697
finished_reconf: true
global_termination_time: 2916583.54
local_termination_time: 1435901.6644799998
node_cons: 59941.04650446612
tot_aggregated_send: 40774
tot_msg_rcv: 1060
tot_msg_sent: 1977
tot_reconf_duration: 5.43
tot_sleeping_duration: 2871823.5156800095
tot_uptimes: 747
tot_uptimes_duration: 44760.02431999054
