comms_cons: 39.70547200036143
finished_reconf: true
global_termination_time: 401514.847
local_termination_time: 289710.8503600001
node_cons: 8219.417321121467
tot_aggregated_send: 5510
tot_msg_rcv: 135
tot_msg_sent: 390
tot_reconf_duration: 18.21
tot_sleeping_duration: 395394.84091999894
tot_uptimes: 103
tot_uptimes_duration: 6120.006080001069
