comms_cons: 58.77759999849424
finished_reconf: true
global_termination_time: 586504.48
local_termination_time: 348327.8338400006
node_cons: 12058.564060000026
tot_aggregated_send: 8236
tot_msg_rcv: 238
tot_msg_sent: 459
tot_reconf_duration: 5.57
tot_sleeping_duration: 577504.48
tot_uptimes: 151
tot_uptimes_duration: 9000.0
