comms_cons: 58.42987520021379
finished_reconf: true
global_termination_time: 582884.986
local_termination_time: 155053.97236000007
node_cons: 11977.585800000024
tot_aggregated_send: 8178
tot_msg_rcv: 243
tot_msg_sent: 460
tot_reconf_duration: 5.1
tot_sleeping_duration: 573944.986
tot_uptimes: 150
tot_uptimes_duration: 8940.0
