comms_cons: 118.67239040166221
finished_reconf: true
global_termination_time: 583031.143
local_termination_time: 2626.9953600000003
node_cons: 11991.53242560489
tot_aggregated_send: 0
tot_msg_rcv: 9391
tot_msg_sent: 8644
tot_reconf_duration: 15.34
tot_sleeping_duration: 574091.1125999964
tot_uptimes: 150
tot_uptimes_duration: 8940.030400003641
