comms_cons: 38.21857280001601
finished_reconf: true
global_termination_time: 401230.571
local_termination_time: 238529.86920000016
node_cons: 8201.211980000007
tot_aggregated_send: 5568
tot_msg_rcv: 111
tot_msg_sent: 130
tot_reconf_duration: 4.8100000000000005
tot_sleeping_duration: 395110.571
tot_uptimes: 103
tot_uptimes_duration: 6120.0
