comms_cons: 47.759040003265376
finished_reconf: true
global_termination_time: 396577.24224000034
local_termination_time: 74516.98447999996
node_cons: 8170.466451601077
tot_aggregated_send: 0
tot_msg_rcv: 3715
tot_msg_sent: 3543
tot_reconf_duration: 4.390000000000001
tot_sleeping_duration: 390479.77783999953
tot_uptimes: 102
tot_uptimes_duration: 6097.4644000007975
