comms_cons: 40.58708480046952
finished_reconf: true
global_termination_time: 397879.723
local_termination_time: 100364.97735999998
node_cons: 8124.967701119171
tot_aggregated_send: 5394
tot_msg_rcv: 340
tot_msg_sent: 435
tot_reconf_duration: 7.819999999999999
tot_sleeping_duration: 391819.7169200006
tot_uptimes: 102
tot_uptimes_duration: 6060.006079999366
