comms_cons: 734.688205015262
finished_reconf: true
global_termination_time: 7289921.880239991
local_termination_time: 57989.79160000001
node_cons: 150001.57879163566
tot_aggregated_send: 101210
tot_msg_rcv: 3495
tot_msg_sent: 6962
tot_reconf_duration: 18.21
tot_sleeping_duration: 7177915.271120019
tot_uptimes: 1867
tot_uptimes_duration: 112006.60911997063
