comms_cons: 3092.7697108278153
finished_reconf: true
global_termination_time: 7289921.998999988
local_termination_time: 3930687.72848
node_cons: 442034.1242783592
tot_aggregated_send: 0
tot_msg_rcv: 189989
tot_msg_sent: 280094
tot_reconf_duration: 5.57
tot_sleeping_duration: 6959805.075760022
tot_uptimes: 5406
tot_uptimes_duration: 330116.9232399661
