comms_cons: 733.5909186225267
finished_reconf: true
global_termination_time: 7293782.763
local_termination_time: 1926255.9753599998
node_cons: 150003.2837478143
tot_aggregated_send: 101616
tot_msg_rcv: 3613
tot_msg_sent: 6271
tot_reconf_duration: 6.22
tot_sleeping_duration: 7181762.720440016
tot_uptimes: 1868
tot_uptimes_duration: 112020.0425599846
