comms_cons: 88.0190463982306
finished_reconf: true
global_termination_time: 877440.0475999998
local_termination_time: 877440.0064799999
node_cons: 18047.983001764052
tot_aggregated_send: 12282
tot_msg_rcv: 386
tot_msg_sent: 712
tot_reconf_duration: 24.59
tot_sleeping_duration: 863986.2837599968
tot_uptimes: 225
tot_uptimes_duration: 13453.763840002997
