comms_cons: 90.49094399549999
finished_reconf: true
global_termination_time: 881533.965
local_termination_time: 93818.73635999998
node_cons: 18101.294308960005
tot_aggregated_send: 11832
tot_msg_rcv: 710
tot_msg_sent: 1213
tot_reconf_duration: 18.21
tot_sleeping_duration: 868033.91636
tot_uptimes: 226
tot_uptimes_duration: 13500.048639999979
