comms_cons: 113.88102401707121
finished_reconf: true
global_termination_time: 508552.0539200004
local_termination_time: 2287.1866
node_cons: 10503.73096833172
tot_aggregated_send: 0
tot_msg_rcv: 9713
tot_msg_sent: 7591
tot_reconf_duration: 18.21
tot_sleeping_duration: 500726.06303999166
tot_uptimes: 131
tot_uptimes_duration: 7825.990880008743
