comms_cons: 51.311808000757
finished_reconf: true
global_termination_time: 510353.596
local_termination_time: 26526.173600000002
node_cons: 10471.16676140002
tot_aggregated_send: 7134
tot_msg_rcv: 265
tot_msg_sent: 401
tot_reconf_duration: 13.17
tot_sleeping_duration: 502546.8134
tot_uptimes: 131
tot_uptimes_duration: 7806.782600000002
