comms_cons: 65.0446464060369
finished_reconf: true
global_termination_time: 313670.31960000016
local_termination_time: 1426.0630400000014
node_cons: 6472.522892884798
tot_aggregated_send: 0
tot_msg_rcv: 5238
tot_msg_sent: 4644
tot_reconf_duration: 18.21
tot_sleeping_duration: 308854.9396799966
tot_uptimes: 81
tot_uptimes_duration: 4815.379920003579
