comms_cons: 150.77064961479272
finished_reconf: true
global_termination_time: 313669.71960000007
local_termination_time: 313669.67848000006
node_cons: 18967.11823488183
tot_aggregated_send: 0
tot_msg_rcv: 9263
tot_msg_sent: 13653
tot_reconf_duration: 24.59
tot_sleeping_duration: 299529.5216799987
tot_uptimes: 230
tot_uptimes_duration: 14140.19792000134
