comms_cons: 31.461734400785566
finished_reconf: true
global_termination_time: 317763.153
local_termination_time: 189842.63724000048
node_cons: 6518.1758422428375
tot_aggregated_send: 4234
tot_msg_rcv: 157
tot_msg_sent: 391
tot_reconf_duration: 7.819999999999999
tot_sleeping_duration: 312903.14083999785
tot_uptimes: 82
tot_uptimes_duration: 4860.0121600021375
