comms_cons: 19.434956802302814
finished_reconf: true
global_termination_time: 344021.679
local_termination_time: 328.65011999999996
node_cons: 7099.37772224059
tot_aggregated_send: 0
tot_msg_rcv: 248
tot_msg_sent: 2706
tot_reconf_duration: 21.68
tot_sleeping_duration: 338741.66683999955
tot_uptimes: 89
tot_uptimes_duration: 5280.012160000435
