comms_cons: 245.31205118587022
finished_reconf: true
global_termination_time: 2470006.781
local_termination_time: 250100.20636000004
node_cons: 50781.452685588025
tot_aggregated_send: 34452
tot_msg_rcv: 939
tot_msg_sent: 1895
tot_reconf_duration: 4.8100000000000005
tot_sleeping_duration: 2432086.7506000083
tot_uptimes: 633
tot_uptimes_duration: 37920.03039999161
