comms_cons: 236.60839679427139
finished_reconf: true
global_termination_time: 2470814.911
local_termination_time: 1150091.4000000001
node_cons: 50784.992154629545
tot_aggregated_send: 34275
tot_msg_rcv: 625
tot_msg_sent: 1063
tot_reconf_duration: 6.22
tot_sleeping_duration: 2432893.667240007
tot_uptimes: 633
tot_uptimes_duration: 37921.243759992765
