comms_cons: 232.2589183952407
finished_reconf: true
global_termination_time: 2361257.063
local_termination_time: 812822.8133599999
node_cons: 48533.8882399994
tot_aggregated_send: 34278
tot_msg_rcv: 306
tot_msg_sent: 718
tot_reconf_duration: 6.279999999999999
tot_sleeping_duration: 2325017.063
tot_uptimes: 605
tot_uptimes_duration: 36240.0
