comms_cons: 228.41666559663716
finished_reconf: true
global_termination_time: 2360339.575
local_termination_time: 908800.7443599998
node_cons: 48532.9240599993
tot_aggregated_send: 33640
tot_msg_rcv: 372
tot_msg_sent: 706
tot_reconf_duration: 5.57
tot_sleeping_duration: 2324099.575
tot_uptimes: 605
tot_uptimes_duration: 36240.0
