comms_cons: 118.21506559114266
finished_reconf: true
global_termination_time: 1172420.657
local_termination_time: 6740.303999999999
node_cons: 24131.5309923105
tot_aggregated_send: 15755
tot_msg_rcv: 744
tot_msg_sent: 1469
tot_reconf_duration: 21.68
tot_sleeping_duration: 1154420.590120007
tot_uptimes: 301
tot_uptimes_duration: 18000.066879992883
