comms_cons: 38.929126400814546
finished_reconf: true
global_termination_time: 381729.046
local_termination_time: 187486.80236000003
node_cons: 7807.866382242847
tot_aggregated_send: 5162
tot_msg_rcv: 299
tot_msg_sent: 456
tot_reconf_duration: 10.95
tot_sleeping_duration: 375909.03383999784
tot_uptimes: 98
tot_uptimes_duration: 5820.0121600021375
