comms_cons: 129.031270397945
finished_reconf: true
global_termination_time: 1322486.585
local_termination_time: 5445.99
node_cons: 27170.852042238308
tot_aggregated_send: 19012
tot_msg_rcv: 190
tot_msg_sent: 410
tot_reconf_duration: 11.719999999999999
tot_sleeping_duration: 1302206.5728400014
tot_uptimes: 339
tot_uptimes_duration: 20280.012159998703
