comms_cons: 117.452505588072
finished_reconf: true
global_termination_time: 1143673.1805999998
local_termination_time: 24358.056
node_cons: 23503.307490698826
tot_aggregated_send: 15122
tot_msg_rcv: 911
tot_msg_sent: 1819
tot_reconf_duration: 18.21
tot_sleeping_duration: 1126138.7681200155
tot_uptimes: 293
tot_uptimes_duration: 17534.412479984167
