comms_cons: 118.32298239332071
finished_reconf: true
global_termination_time: 1144422.683
local_termination_time: 43931.33476000008
node_cons: 23570.462414272122
tot_aggregated_send: 15544
tot_msg_rcv: 995
tot_msg_sent: 1444
tot_reconf_duration: 22.65
tot_sleeping_duration: 1126842.6204800059
tot_uptimes: 294
tot_uptimes_duration: 17580.0625199941
