comms_cons: 113.79182079683501
finished_reconf: true
global_termination_time: 1144976.896
local_termination_time: 665991.1253599998
node_cons: 23556.77154000004
tot_aggregated_send: 16356
tot_msg_rcv: 313
tot_msg_sent: 627
tot_reconf_duration: 12.629999999999999
tot_sleeping_duration: 1127396.896
tot_uptimes: 294
tot_uptimes_duration: 17580.0
