comms_cons: 1.4013695999953708
finished_reconf: true
global_termination_time: 10176.81048
local_termination_time: 10176.76936
node_cons: 212.4316598400069
tot_aggregated_send: 0
tot_msg_rcv: 102
tot_msg_sent: 110
tot_reconf_duration: 24.59
tot_sleeping_duration: 10043.099919999995
tot_uptimes: 3
tot_uptimes_duration: 133.710560000005
