comms_cons: 32.30387200027142
finished_reconf: true
global_termination_time: 317448.849
local_termination_time: 16596.529599999998
node_cons: 6541.92182336088
tot_aggregated_send: 4176
tot_msg_rcv: 231
tot_msg_sent: 503
tot_reconf_duration: 25.299999999999997
tot_sleeping_duration: 312588.83075999934
tot_uptimes: 82
tot_uptimes_duration: 4860.018240000652
