comms_cons: 2.684940799994785
finished_reconf: true
global_termination_time: 14391.84548
local_termination_time: 14391.80436
node_cons: 310.1730787200009
tot_aggregated_send: 0
tot_msg_rcv: 246
tot_msg_sent: 160
tot_reconf_duration: 37.410000000000004
tot_sleeping_duration: 14198.141
tot_uptimes: 4
tot_uptimes_duration: 193.70448000000033
