comms_cons: 3.348575999990112
finished_reconf: true
global_termination_time: 19102.308
local_termination_time: 6160.84136
node_cons: 336.23009999999977
tot_aggregated_send: 0
tot_msg_rcv: 340
tot_msg_sent: 168
tot_reconf_duration: 10.95
tot_sleeping_duration: 18862.308
tot_uptimes: 5
tot_uptimes_duration: 240.0
