comms_cons: 3.1185407999896935
finished_reconf: true
global_termination_time: 15770.769
local_termination_time: 6703.44036
node_cons: 325.51004112000527
tot_aggregated_send: 0
tot_msg_rcv: 297
tot_msg_sent: 177
tot_reconf_duration: 3.05
tot_sleeping_duration: 15530.762919999996
tot_uptimes: 5
tot_uptimes_duration: 240.00608000000466
