comms_cons: 56.910079999017206
finished_reconf: true
global_termination_time: 568508.026
local_termination_time: 272946.39
node_cons: 11653.45818224294
tot_aggregated_send: 7942
tot_msg_rcv: 242
tot_msg_sent: 467
tot_reconf_duration: 3.05
tot_sleeping_duration: 559808.0138399978
tot_uptimes: 146
tot_uptimes_duration: 8700.012160002138
