comms_cons: 145.6377983922049
finished_reconf: true
global_termination_time: 1477886.062
local_termination_time: 447694.6779600002
node_cons: 30372.718887817937
tot_aggregated_send: 19430
tot_msg_rcv: 1012
tot_msg_sent: 1695
tot_reconf_duration: 3.05
tot_sleeping_duration: 1455206.0194400165
tot_uptimes: 379
tot_uptimes_duration: 22680.04255998344
