comms_cons: 146.95363838861581
finished_reconf: true
global_termination_time: 1479279.024
local_termination_time: 483222.6805600002
node_cons: 30377.00746558417
tot_aggregated_send: 19894
tot_msg_rcv: 840
tot_msg_sent: 1603
tot_reconf_duration: 6.22
tot_sleeping_duration: 1456598.9936000118
tot_uptimes: 379
tot_uptimes_duration: 22680.030399988173
