comms_cons: 273.2557951872685
finished_reconf: true
global_termination_time: 2759387.291
local_termination_time: 392572.62700000004
node_cons: 56779.065954050195
tot_aggregated_send: 38220
tot_msg_rcv: 1092
tot_msg_sent: 2222
tot_reconf_duration: 22.65
tot_sleeping_duration: 2717006.180280022
tot_uptimes: 707
tot_uptimes_duration: 42381.11071997846
