comms_cons: 276.1136063752294
finished_reconf: true
global_termination_time: 2759329.446
local_termination_time: 1193730.7526799985
node_cons: 56730.71654781693
tot_aggregated_send: 37236
tot_msg_rcv: 1764
tot_msg_sent: 2967
tot_reconf_duration: 7.819999999999999
tot_sleeping_duration: 2716969.4034400163
tot_uptimes: 707
tot_uptimes_duration: 42360.04255998344
