comms_cons: 272.48477440012203
finished_reconf: true
global_termination_time: 2764096.009
local_termination_time: 918453.0663599998
node_cons: 56821.219861115795
tot_aggregated_send: 39556
tot_msg_rcv: 537
tot_msg_sent: 1323
tot_reconf_duration: 15.34
tot_sleeping_duration: 2721676.002920002
tot_uptimes: 708
tot_uptimes_duration: 42420.006079997635
