comms_cons: 100.22621439192562
finished_reconf: true
global_termination_time: 995359.4104799998
local_termination_time: 995359.3693599999
node_cons: 20458.144224308588
tot_aggregated_send: 13732
tot_msg_rcv: 499
tot_msg_sent: 1002
tot_reconf_duration: 24.59
tot_sleeping_duration: 980105.6756000085
tot_uptimes: 255
tot_uptimes_duration: 15253.734879991447
