comms_cons: 100.66161279312846
finished_reconf: true
global_termination_time: 998364.803
local_termination_time: 494158.97648000007
node_cons: 20511.46174446739
tot_aggregated_send: 13804
tot_msg_rcv: 520
tot_msg_sent: 975
tot_reconf_duration: 18.21
tot_sleeping_duration: 983064.7786800094
tot_uptimes: 256
tot_uptimes_duration: 15300.024319990538
