comms_cons: 99.84399359468158
finished_reconf: true
global_termination_time: 995359.5942400002
local_termination_time: 299478.97092000075
node_cons: 20463.785753830787
tot_aggregated_send: 13572
tot_msg_rcv: 556
tot_msg_sent: 1046
tot_reconf_duration: 11.31
tot_sleeping_duration: 980088.1776800072
tot_uptimes: 255
tot_uptimes_duration: 15271.4165599931
