comms_cons: 140.6842047908242
finished_reconf: true
global_termination_time: 1387209.39224
local_termination_time: 55052.85648000002
node_cons: 28548.20662159835
tot_aggregated_send: 19024
tot_msg_rcv: 903
tot_msg_sent: 1456
tot_reconf_duration: 6.22
tot_sleeping_duration: 1365895.1578400014
tot_uptimes: 356
tot_uptimes_duration: 21314.234399998735
