comms_cons: 135.8604799995516
finished_reconf: true
global_termination_time: 1390336.53
local_termination_time: 610576.7325199991
node_cons: 28616.39897999996
tot_aggregated_send: 20184
tot_msg_rcv: 170
tot_msg_sent: 296
tot_reconf_duration: 11.31
tot_sleeping_duration: 1368976.53
tot_uptimes: 357
tot_uptimes_duration: 21360.0
