comms_cons: 37.843328000604764
finished_reconf: true
global_termination_time: 185830.5506000002
local_termination_time: 1177.8046000000004
node_cons: 3821.278469519401
tot_aggregated_send: 0
tot_msg_rcv: 3014
tot_msg_sent: 2733
tot_reconf_duration: 18.21
tot_sleeping_duration: 182995.18892000063
tot_uptimes: 48
tot_uptimes_duration: 2835.3616799995507
