comms_cons: 89.95717120231454
finished_reconf: true
global_termination_time: 185829.9506000001
local_termination_time: 185829.9094800001
node_cons: 11380.258645999013
tot_aggregated_send: 0
tot_msg_rcv: 5493
tot_msg_sent: 8178
tot_reconf_duration: 24.59
tot_sleeping_duration: 177355.81660000086
tot_uptimes: 139
tot_uptimes_duration: 8474.133999999243
