comms_cons: 17.994131199919583
finished_reconf: true
global_termination_time: 186849.365
local_termination_time: 169638.40236000007
node_cons: 3782.5119799999993
tot_aggregated_send: 2552
tot_msg_rcv: 60
tot_msg_sent: 123
tot_reconf_duration: 4.8100000000000005
tot_sleeping_duration: 184029.365
tot_uptimes: 48
tot_uptimes_duration: 2820.0
