comms_cons: 242.5014143969059
finished_reconf: true
global_termination_time: 2470368.159
local_termination_time: 1064212.1323599997
node_cons: 50781.80579999908
tot_aggregated_send: 35728
tot_msg_rcv: 361
tot_msg_sent: 769
tot_reconf_duration: 5.1
tot_sleeping_duration: 2432448.159
tot_uptimes: 633
tot_uptimes_duration: 37920.0
