comms_cons: 249.56104320645122
finished_reconf: true
global_termination_time: 2469091.7191199935
local_termination_time: 578688.1835999998
node_cons: 50821.51722637186
tot_aggregated_send: 33930
tot_msg_rcv: 1323
tot_msg_sent: 2677
tot_reconf_duration: 4.390000000000001
tot_sleeping_duration: 2431141.3415200138
tot_uptimes: 633
tot_uptimes_duration: 37950.37759997952
