comms_cons: 11.271423999997973
finished_reconf: true
global_termination_time: 76846.328
local_termination_time: 41752.31236000001
node_cons: 1534.0484833597332
tot_aggregated_send: 290
tot_msg_rcv: 609
tot_msg_sent: 816
tot_reconf_duration: 5.57
tot_sleeping_duration: 75706.3097600002
tot_uptimes: 20
tot_uptimes_duration: 1140.0182399998012
