comms_cons: 10.651724799919515
finished_reconf: true
global_termination_time: 76840.955
local_termination_time: 28722.21868
node_cons: 1547.0119444788859
tot_aggregated_send: 406
tot_msg_rcv: 527
tot_msg_sent: 686
tot_reconf_duration: 15.110000000000001
tot_sleeping_duration: 75700.93068000083
tot_uptimes: 20
tot_uptimes_duration: 1140.0243199991673
