comms_cons: 82.75975679800472
finished_reconf: true
global_termination_time: 822490.226
local_termination_time: 383666.18436
node_cons: 16879.87118335968
tot_aggregated_send: 11252
tot_msg_rcv: 402
tot_msg_sent: 925
tot_reconf_duration: 6.22
tot_sleeping_duration: 809890.2077600003
tot_uptimes: 211
tot_uptimes_duration: 12600.018239999772
