comms_cons: 26.507596800661574
finished_reconf: true
global_termination_time: 253070.777
local_termination_time: 110373.10175999974
node_cons: 5176.158105604863
tot_aggregated_send: 3132
tot_msg_rcv: 336
tot_msg_sent: 561
tot_reconf_duration: 25.299999999999997
tot_sleeping_duration: 249230.74659999638
tot_uptimes: 65
tot_uptimes_duration: 3840.0304000036413
