comms_cons: 24.790425600329705
finished_reconf: true
global_termination_time: 252589.772
local_termination_time: 190428.6331600008
node_cons: 5154.139521121456
tot_aggregated_send: 3538
tot_msg_rcv: 63
tot_msg_sent: 167
tot_reconf_duration: 9.11
tot_sleeping_duration: 248749.76591999893
tot_uptimes: 65
tot_uptimes_duration: 3840.0060800010688
