comms_cons: 25.248947200295664
finished_reconf: true
global_termination_time: 248873.342
local_termination_time: 90931.96835999996
node_cons: 5078.579681121421
tot_aggregated_send: 3306
tot_msg_rcv: 194
tot_msg_sent: 338
tot_reconf_duration: 12.629999999999999
tot_sleeping_duration: 245093.33591999894
tot_uptimes: 64
tot_uptimes_duration: 3780.0060800010688
