comms_cons: 103.97123839658212
finished_reconf: true
global_termination_time: 1035966.976
local_termination_time: 369221.0735600002
node_cons: 21298.628239999973
tot_aggregated_send: 14674
tot_msg_rcv: 437
tot_msg_sent: 691
tot_reconf_duration: 6.279999999999999
tot_sleeping_duration: 1020066.976
tot_uptimes: 266
tot_uptimes_duration: 15899.999999999985
