comms_cons: 107.75528319305228
finished_reconf: true
global_termination_time: 1032090.2178399988
local_termination_time: 2713.1866
node_cons: 21296.457620958932
tot_aggregated_send: 13630
tot_msg_rcv: 1034
tot_msg_sent: 1713
tot_reconf_duration: 22.65
tot_sleeping_duration: 1016208.4411999997
tot_uptimes: 265
tot_uptimes_duration: 15881.776639999181
