comms_cons: 106.11283839367343
finished_reconf: true
global_termination_time: 1034340.659
local_termination_time: 2724.2040400000033
node_cons: 21220.420265588793
tot_aggregated_send: 13688
tot_msg_rcv: 809
tot_msg_sent: 1630
tot_reconf_duration: 7.819999999999999
tot_sleeping_duration: 1018500.6286000083
tot_uptimes: 265
tot_uptimes_duration: 15840.030399991607
