comms_cons: 356.4876224031893
finished_reconf: true
global_termination_time: 3655985.405
local_termination_time: 2590204.15636
node_cons: 75216.12485999812
tot_aggregated_send: 52200
tot_msg_rcv: 660
tot_msg_sent: 1324
tot_reconf_duration: 13.17
tot_sleeping_duration: 3599825.405
tot_uptimes: 937
tot_uptimes_duration: 56160.0
