comms_cons: 131.5912063834582
finished_reconf: true
global_termination_time: 674281.958
local_termination_time: 10001.37448
node_cons: 13849.263123362032
tot_aggregated_send: 0
tot_msg_rcv: 10156
tot_msg_sent: 9845
tot_reconf_duration: 22.65
tot_sleeping_duration: 663961.9397599985
tot_uptimes: 173
tot_uptimes_duration: 10320.018240001504
