comms_cons: 118.20190719345632
finished_reconf: true
global_termination_time: 1189506.459
local_termination_time: 742664.2143599999
node_cons: 24454.134982233736
tot_aggregated_send: 15776
tot_msg_rcv: 746
tot_msg_sent: 1444
tot_reconf_duration: 22.65
tot_sleeping_duration: 1171266.4468400048
tot_uptimes: 305
tot_uptimes_duration: 18240.01215999527
