comms_cons: 119.31939839253157
finished_reconf: true
global_termination_time: 1184755.1382400002
local_termination_time: 237362.41568000024
node_cons: 24394.877782720003
tot_aggregated_send: 16298
tot_msg_rcv: 609
tot_msg_sent: 1228
tot_reconf_duration: 6.22
tot_sleeping_duration: 1166542.7177600004
tot_uptimes: 304
tot_uptimes_duration: 18212.42047999997
