comms_cons: 114.33991679843174
finished_reconf: true
global_termination_time: 1185526.937
local_termination_time: 871660.9663599998
node_cons: 24358.378979999954
tot_aggregated_send: 16878
tot_msg_rcv: 204
tot_msg_sent: 297
tot_reconf_duration: 11.31
tot_sleeping_duration: 1167346.937
tot_uptimes: 304
tot_uptimes_duration: 18180.0
