comms_cons: 106.8217727958646
finished_reconf: true
global_termination_time: 1067006.815
local_termination_time: 233965.26716000077
node_cons: 21962.128988479326
tot_aggregated_send: 14674
tot_msg_rcv: 520
tot_msg_sent: 1043
tot_reconf_duration: 18.21
tot_sleeping_duration: 1050623.3946800004
tot_uptimes: 274
tot_uptimes_duration: 16383.42031999948
