comms_cons: 158.23812478591995
finished_reconf: true
global_termination_time: 1572935.735
local_termination_time: 946367.8388399996
node_cons: 32304.27662446731
tot_aggregated_send: 21228
tot_msg_rcv: 1017
tot_msg_sent: 1805
tot_reconf_duration: 5.57
tot_sleeping_duration: 1548815.7106800096
tot_uptimes: 403
tot_uptimes_duration: 24120.024319990538
