comms_cons: 155.95335679525687
finished_reconf: true
global_termination_time: 1570056.276
local_termination_time: 1029560.1848399987
node_cons: 32303.60580000002
tot_aggregated_send: 22620
tot_msg_rcv: 392
tot_msg_sent: 692
tot_reconf_duration: 5.1
tot_sleeping_duration: 1545936.276
tot_uptimes: 403
tot_uptimes_duration: 24120.0
