comms_cons: 155.25000959651376
finished_reconf: true
global_termination_time: 1573328.295
local_termination_time: 768140.1033599998
node_cons: 32322.08274111682
tot_aggregated_send: 22620
tot_msg_rcv: 298
tot_msg_sent: 679
tot_reconf_duration: 18.700000000000003
tot_sleeping_duration: 1549208.2889200023
tot_uptimes: 403
tot_uptimes_duration: 24120.006079997635
