comms_cons: 98.65761279479582
finished_reconf: true
global_termination_time: 941631.655
local_termination_time: 365910.99232000014
node_cons: 19387.399728953016
tot_aggregated_send: 12412
tot_msg_rcv: 1062
tot_msg_sent: 1523
tot_reconf_duration: 18.700000000000003
tot_sleeping_duration: 927171.6063600052
tot_uptimes: 242
tot_uptimes_duration: 14460.048639994813
