comms_cons: 97.72869119010949
finished_reconf: true
global_termination_time: 943316.416
local_termination_time: 550969.9035999998
node_cons: 19367.942325588807
tot_aggregated_send: 12586
tot_msg_rcv: 870
tot_msg_sent: 1399
tot_reconf_duration: 4.390000000000001
tot_sleeping_duration: 928856.3856000083
tot_uptimes: 242
tot_uptimes_duration: 14460.030399991607
