comms_cons: 66.91607039894446
finished_reconf: true
global_termination_time: 652866.169
local_termination_time: 22418.445480000002
node_cons: 13422.798607838013
tot_aggregated_send: 8294
tot_msg_rcv: 562
tot_msg_sent: 1314
tot_reconf_duration: 4.390000000000001
tot_sleeping_duration: 642846.1264400015
tot_uptimes: 168
tot_uptimes_duration: 10020.042559998503
