comms_cons: 41.330534400289686
finished_reconf: true
global_termination_time: 420823.762
local_termination_time: 313918.98736
node_cons: 8604.826759999967
tot_aggregated_send: 6032
tot_msg_rcv: 81
tot_msg_sent: 169
tot_reconf_duration: 6.22
tot_sleeping_duration: 414403.762
tot_uptimes: 108
tot_uptimes_duration: 6419.999999999996
