comms_cons: 42.04766720078413
finished_reconf: true
global_termination_time: 420660.82048000005
local_termination_time: 420660.77936000004
node_cons: 8648.139800962983
tot_aggregated_send: 5844
tot_msg_rcv: 189
tot_msg_sent: 357
tot_reconf_duration: 24.59
tot_sleeping_duration: 414227.10383999784
tot_uptimes: 108
tot_uptimes_duration: 6433.716640002211
