comms_cons: 164.3155199922361
finished_reconf: true
global_termination_time: 1651281.85524
local_termination_time: 25618.603479999998
node_cons: 33931.00290382737
tot_aggregated_send: 23490
tot_msg_rcv: 496
tot_msg_sent: 988
tot_reconf_duration: 6.22
tot_sleeping_duration: 1625947.6086800094
tot_uptimes: 423
tot_uptimes_duration: 25334.24655999057
