comms_cons: 2.2303487999968143
finished_reconf: true
global_termination_time: 14582.739
local_termination_time: 6837.85736
node_cons: 261.8517200000002
tot_aggregated_send: 0
tot_msg_rcv: 178
tot_msg_sent: 160
tot_reconf_duration: 15.34
tot_sleeping_duration: 14402.739
tot_uptimes: 4
tot_uptimes_duration: 180.0
