comms_cons: 1.506636799997662
finished_reconf: true
global_termination_time: 12345.012
local_termination_time: 7324.62248
node_cons: 253.39138000000077
tot_aggregated_send: 0
tot_msg_rcv: 119
tot_msg_sent: 110
tot_reconf_duration: 9.11
tot_sleeping_duration: 12165.012
tot_uptimes: 4
tot_uptimes_duration: 180.0
