comms_cons: 1.8027007999997942
finished_reconf: true
global_termination_time: 13945.783
local_termination_time: 5941.354360000001
node_cons: 251.63956000000084
tot_aggregated_send: 0
tot_msg_rcv: 163
tot_msg_sent: 111
tot_reconf_duration: 7.819999999999999
tot_sleeping_duration: 13765.783
tot_uptimes: 4
tot_uptimes_duration: 180.0
