comms_cons: 0.7302911999996098
finished_reconf: true
global_termination_time: 7137.165
local_termination_time: 373.2253599999999
node_cons: 93.13236000000002
tot_aggregated_send: 0
tot_msg_rcv: 61
tot_msg_sent: 50
tot_reconf_duration: 9.42
tot_sleeping_duration: 7077.165
tot_uptimes: 2
tot_uptimes_duration: 60.0
