comms_cons: 91.79067519851986
finished_reconf: true
global_termination_time: 903708.357
local_termination_time: 350945.30016000086
node_cons: 18562.714464481214
tot_aggregated_send: 12006
tot_msg_rcv: 672
tot_msg_sent: 1273
tot_reconf_duration: 3.05
tot_sleeping_duration: 889848.3326799991
tot_uptimes: 232
tot_uptimes_duration: 13860.02432000084
