comms_cons: 805.4894093998802
finished_reconf: true
global_termination_time: 4091657.2605999974
local_termination_time: 710.5903599999999
node_cons: 84161.30289286283
tot_aggregated_send: 0
tot_msg_rcv: 61701
tot_msg_sent: 60727
tot_reconf_duration: 18.21
tot_sleeping_duration: 4028821.880680009
tot_uptimes: 1048
tot_uptimes_duration: 62835.3799199888
