comms_cons: 404.9694720245099
finished_reconf: true
global_termination_time: 4093676.738
local_termination_time: 2656777.759879998
node_cons: 84253.20355766584
tot_aggregated_send: 57304
tot_msg_rcv: 1419
tot_msg_sent: 2829
tot_reconf_duration: 25.299999999999997
tot_sleeping_duration: 4030779.914880009
tot_uptimes: 1049
tot_uptimes_duration: 62896.823119991226
