comms_cons: 402.3479872171929
finished_reconf: true
global_termination_time: 4095004.993
local_termination_time: 2614848.798119998
node_cons: 84200.55400401846
tot_aggregated_send: 57130
tot_msg_rcv: 1288
tot_msg_sent: 2735
tot_reconf_duration: 3.08
tot_sleeping_duration: 4032124.954640014
tot_uptimes: 1049
tot_uptimes_duration: 62880.038359985454
