comms_cons: 806.3324366010862
finished_reconf: true
global_termination_time: 4093284.862
local_termination_time: 312.83347999999916
node_cons: 84212.52090558752
tot_aggregated_send: 0
tot_msg_rcv: 61765
tot_msg_sent: 60789
tot_reconf_duration: 11.899999999999999
tot_sleeping_duration: 4030404.8316000076
tot_uptimes: 1049
tot_uptimes_duration: 62880.030399992305
