comms_cons: 412.54138887623253
finished_reconf: true
global_termination_time: 4091967.623
local_termination_time: 221395.96124000094
node_cons: 84122.59339117169
tot_aggregated_send: 55854
tot_msg_rcv: 2311
tot_msg_sent: 4538
tot_reconf_duration: 4.8100000000000005
tot_sleeping_duration: 4029147.5622000196
tot_uptimes: 1048
tot_uptimes_duration: 62820.06079998048
