comms_cons: 10.96815360011147
finished_reconf: true
global_termination_time: 85439.937
local_termination_time: 39606.810000000005
node_cons: 1704.2915400000059
tot_aggregated_send: 580
tot_msg_rcv: 566
tot_msg_sent: 522
tot_reconf_duration: 12.629999999999999
tot_sleeping_duration: 84179.937
tot_uptimes: 22
tot_uptimes_duration: 1260.0
