comms_cons: 10.134476800087313
finished_reconf: true
global_termination_time: 89240.092
local_termination_time: 27538.013359999997
node_cons: 1792.890882240578
tot_aggregated_send: 580
tot_msg_rcv: 386
tot_msg_sent: 576
tot_reconf_duration: 18.700000000000003
tot_sleeping_duration: 87920.07983999957
tot_uptimes: 23
tot_uptimes_duration: 1320.012160000435
