comms_cons: 9.210880000152493
finished_reconf: true
global_termination_time: 88321.58
local_termination_time: 31858.72436
node_cons: 1773.4579022405812
tot_aggregated_send: 812
tot_msg_rcv: 239
tot_msg_sent: 349
tot_reconf_duration: 4.390000000000001
tot_sleeping_duration: 87001.56783999957
tot_uptimes: 23
tot_uptimes_duration: 1320.012160000435
