comms_cons: 2.2829823999945673
finished_reconf: true
global_termination_time: 15052.373
local_termination_time: 3932.8633600000003
node_cons: 247.55197999999993
tot_aggregated_send: 0
tot_msg_rcv: 176
tot_msg_sent: 170
tot_reconf_duration: 4.8100000000000005
tot_sleeping_duration: 14872.373
tot_uptimes: 4
tot_uptimes_duration: 180.0
