comms_cons: 148.58465279552095
finished_reconf: true
global_termination_time: 1499018.372
local_termination_time: 935635.6834799988
node_cons: 30804.577400000115
tot_aggregated_send: 21518
tot_msg_rcv: 394
tot_msg_sent: 672
tot_reconf_duration: 25.299999999999997
tot_sleeping_duration: 1476038.372
tot_uptimes: 384
tot_uptimes_duration: 22980.0
