comms_cons: 150.04239359017902
finished_reconf: true
global_termination_time: 1501473.274
local_termination_time: 729476.0569599997
node_cons: 30867.711540000055
tot_aggregated_send: 21228
tot_msg_rcv: 544
tot_msg_sent: 1033
tot_reconf_duration: 12.629999999999999
tot_sleeping_duration: 1478433.274
tot_uptimes: 385
tot_uptimes_duration: 23040.0
