comms_cons: 13.297190399502853
finished_reconf: true
global_termination_time: 124225.265
local_termination_time: 5816.648999999999
node_cons: 2525.0141467183275
tot_aggregated_send: 903
tot_msg_rcv: 368
tot_msg_sent: 750
tot_reconf_duration: 25.35
tot_sleeping_duration: 122365.22852000124
tot_uptimes: 32
tot_uptimes_duration: 1860.036479998751
