comms_cons: 0.7566079999975025
finished_reconf: true
global_termination_time: 6663.064
local_termination_time: 2640.1733600000002
node_cons: 95.69897999999992
tot_aggregated_send: 0
tot_msg_rcv: 66
tot_msg_sent: 49
tot_reconf_duration: 11.31
tot_sleeping_duration: 6603.064
tot_uptimes: 2
tot_uptimes_duration: 60.0
