comms_cons: 71.85830400048711
finished_reconf: true
global_termination_time: 697759.296
local_termination_time: 148478.05584000013
node_cons: 14321.40870785003
tot_aggregated_send: 8584
tot_msg_rcv: 832
tot_msg_sent: 1506
tot_reconf_duration: 15.34
tot_sleeping_duration: 687079.2534399924
tot_uptimes: 179
tot_uptimes_duration: 10680.042560007481
