comms_cons: 71.08728320138968
finished_reconf: true
global_termination_time: 696979.769
local_termination_time: 211940.55436000007
node_cons: 14309.072663364312
tot_aggregated_send: 9280
tot_msg_rcv: 536
tot_msg_sent: 988
tot_reconf_duration: 6.279999999999999
tot_sleeping_duration: 686299.7507599968
tot_uptimes: 179
tot_uptimes_duration: 10680.018240003206
