comms_cons: 74.74629119945438
finished_reconf: true
global_termination_time: 781671.084
local_termination_time: 217268.8237200001
node_cons: 16075.572201116867
tot_aggregated_send: 10962
tot_msg_rcv: 92
tot_msg_sent: 307
tot_reconf_duration: 5.57
tot_sleeping_duration: 769671.0779200024
tot_uptimes: 201
tot_uptimes_duration: 12000.006079997635
