comms_cons: 78.88523519751094
finished_reconf: true
global_termination_time: 781173.936
local_termination_time: 124010.243
node_cons: 16104.457912468206
tot_aggregated_send: 10786
tot_msg_rcv: 396
tot_msg_sent: 809
tot_reconf_duration: 22.65
tot_sleeping_duration: 769169.6796800088
tot_uptimes: 201
tot_uptimes_duration: 12004.256319991167
