comms_cons: 135.0446591991746
finished_reconf: true
global_termination_time: 1396411.181
local_termination_time: 743781.0219599996
node_cons: 28696.738979999962
tot_aggregated_send: 19720
tot_msg_rcv: 272
tot_msg_sent: 534
tot_reconf_duration: 11.31
tot_sleeping_duration: 1374991.181
tot_uptimes: 358
tot_uptimes_duration: 21420.0
