comms_cons: 406.2317309202919
finished_reconf: true
global_termination_time: 1394162.517119999
local_termination_time: 1394162.475999999
node_cons: 56889.24413367777
tot_aggregated_send: 0
tot_msg_rcv: 20731
tot_msg_sent: 41013
tot_reconf_duration: 24.59
tot_sleeping_duration: 1351701.09
tot_uptimes: 701
tot_uptimes_duration: 42461.42711999905
