comms_cons: 116.71500799724691
finished_reconf: true
global_termination_time: 1185599.178
local_termination_time: 100447.94035999998
node_cons: 24368.42274112148
tot_aggregated_send: 17052
tot_msg_rcv: 183
tot_msg_sent: 505
tot_reconf_duration: 18.700000000000003
tot_sleeping_duration: 1167419.171919999
tot_uptimes: 304
tot_uptimes_duration: 18180.00608000107
