comms_cons: 117.65583359529586
finished_reconf: true
global_termination_time: 1184318.416
local_termination_time: 229944.66136000006
node_cons: 24359.180200000028
tot_aggregated_send: 17052
tot_msg_rcv: 320
tot_msg_sent: 511
tot_reconf_duration: 11.899999999999999
tot_sleeping_duration: 1166138.416
tot_uptimes: 304
tot_uptimes_duration: 18180.0
