comms_cons: 385.94903047211113
finished_reconf: true
global_termination_time: 3788400.557
local_termination_time: 352184.5346400009
node_cons: 77934.05591005024
tot_aggregated_send: 51504
tot_msg_rcv: 2393
tot_msg_sent: 4765
tot_reconf_duration: 3.08
tot_sleeping_duration: 3730200.5022800206
tot_uptimes: 971
tot_uptimes_duration: 58200.054719979176
