comms_cons: 380.62734726615327
finished_reconf: true
global_termination_time: 3789102.375
local_termination_time: 870427.7523999992
node_cons: 77936.36454446649
tot_aggregated_send: 52722
tot_msg_rcv: 1590
tot_msg_sent: 3541
tot_reconf_duration: 4.8100000000000005
tot_sleeping_duration: 3730902.3506800085
tot_uptimes: 971
tot_uptimes_duration: 58200.024319991266
