comms_cons: 378.76252163999493
finished_reconf: true
global_termination_time: 3787930.1
local_termination_time: 1296744.72336
node_cons: 77946.99224558336
tot_aggregated_send: 53418
tot_msg_rcv: 1314
tot_msg_sent: 2838
tot_reconf_duration: 12.629999999999999
tot_sleeping_duration: 3729730.069600011
tot_uptimes: 971
tot_uptimes_duration: 58200.03039998887
