comms_cons: 382.2689024402707
finished_reconf: true
global_termination_time: 3790199.834
local_termination_time: 2509707.7573599997
node_cons: 77944.70266446567
tot_aggregated_send: 52954
tot_msg_rcv: 1845
tot_msg_sent: 3302
tot_reconf_duration: 10.95
tot_sleeping_duration: 3731999.809680009
tot_uptimes: 971
tot_uptimes_duration: 58200.024319991004
