comms_cons: 80.11491839935344
finished_reconf: true
global_termination_time: 818821.664
local_termination_time: 115767.2163199996
node_cons: 16829.630429600904
tot_aggregated_send: 11658
tot_msg_rcv: 142
tot_msg_sent: 377
tot_reconf_duration: 25.299999999999997
tot_sleeping_duration: 806278.5175999993
tot_uptimes: 210
tot_uptimes_duration: 12543.146400000667
