comms_cons: 79.9905407999703
finished_reconf: true
global_termination_time: 818518.357
local_termination_time: 106047.15259999994
node_cons: 16811.579380000025
tot_aggregated_send: 11600
tot_msg_rcv: 190
tot_msg_sent: 368
tot_reconf_duration: 15.110000000000001
tot_sleeping_duration: 805978.357
tot_uptimes: 210
tot_uptimes_duration: 12540.0
