comms_cons: 79.96422399860802
finished_reconf: true
global_termination_time: 818002.963
local_termination_time: 408861.4386000001
node_cons: 16812.35119240017
tot_aggregated_send: 11774
tot_msg_rcv: 92
tot_msg_sent: 289
tot_reconf_duration: 12.629999999999999
tot_sleeping_duration: 805459.8713999998
tot_uptimes: 210
tot_uptimes_duration: 12543.091600000102
