comms_cons: 81.21364479879057
finished_reconf: true
global_termination_time: 818988.043
local_termination_time: 314259.37036000006
node_cons: 16811.89986112149
tot_aggregated_send: 11600
tot_msg_rcv: 278
tot_msg_sent: 466
tot_reconf_duration: 15.34
tot_sleeping_duration: 806448.0369199988
tot_uptimes: 210
tot_uptimes_duration: 12540.006080001069
