comms_cons: 100.14920959532492
finished_reconf: true
global_termination_time: 997906.176
local_termination_time: 945844.9952799993
node_cons: 20497.327701116952
tot_aggregated_send: 13978
tot_msg_rcv: 491
tot_msg_sent: 753
tot_reconf_duration: 7.819999999999999
tot_sleeping_duration: 982606.1699200023
tot_uptimes: 256
tot_uptimes_duration: 15300.006079997635
