comms_cons: 1.032934399996589
finished_reconf: true
global_termination_time: 7459.883
local_termination_time: 2627.0843600000003
node_cons: 87.26579999999987
tot_aggregated_send: 0
tot_msg_rcv: 102
tot_msg_sent: 55
tot_reconf_duration: 5.1
tot_sleeping_duration: 7399.883
tot_uptimes: 2
tot_uptimes_duration: 60.0
