comms_cons: 269.1932095875409
finished_reconf: true
global_termination_time: 2730415.445
local_termination_time: 1259383.1543599998
node_cons: 56182.429885583464
tot_aggregated_send: 38280
tot_msg_rcv: 1017
tot_msg_sent: 1619
tot_reconf_duration: 18.21
tot_sleeping_duration: 2688475.4146000114
tot_uptimes: 700
tot_uptimes_duration: 41940.030399988405
