comms_cons: 270.40257920359414
finished_reconf: true
global_termination_time: 2733194.107
local_termination_time: 1471807.6414399985
node_cons: 56166.18823999907
tot_aggregated_send: 39266
tot_msg_rcv: 601
tot_msg_sent: 1232
tot_reconf_duration: 6.279999999999999
tot_sleeping_duration: 2691254.107
tot_uptimes: 700
tot_uptimes_duration: 41940.0
