comms_cons: 166.82567038668785
finished_reconf: true
global_termination_time: 1641216.984
local_termination_time: 255911.7221200005
node_cons: 33748.810466714815
tot_aggregated_send: 22156
tot_msg_rcv: 990
tot_msg_sent: 2210
tot_reconf_duration: 4.390000000000001
tot_sleeping_duration: 1616016.947520004
tot_uptimes: 421
tot_uptimes_duration: 25200.03647999611
