comms_cons: 29.2313856002996
finished_reconf: true
global_termination_time: 295152.856
local_termination_time: 268573.41308000014
node_cons: 6032.031980000003
tot_aggregated_send: 4234
tot_msg_rcv: 96
tot_msg_sent: 112
tot_reconf_duration: 4.8100000000000005
tot_sleeping_duration: 290652.856
tot_uptimes: 76
tot_uptimes_duration: 4500.0
