comms_cons: 48.60981120295438
finished_reconf: true
global_termination_time: 362229.52620000014
local_termination_time: 362229.48508000013
node_cons: 7465.032275944602
tot_aggregated_send: 2146
tot_msg_rcv: 1984
tot_msg_sent: 3257
tot_reconf_duration: 37.410000000000004
tot_sleeping_duration: 356692.38691998174
tot_uptimes: 93
tot_uptimes_duration: 5537.139280018366
