comms_cons: 36.00691200027842
finished_reconf: true
global_termination_time: 362799.837
local_termination_time: 136986.45468000026
node_cons: 7399.808240000007
tot_aggregated_send: 5104
tot_msg_rcv: 140
tot_msg_sent: 230
tot_reconf_duration: 6.279999999999999
tot_sleeping_duration: 357279.837
tot_uptimes: 93
tot_uptimes_duration: 5520.0
