comms_cons: 37.26894080035882
finished_reconf: true
global_termination_time: 364760.773
local_termination_time: 99264.00707999991
node_cons: 7492.1638033606
tot_aggregated_send: 4814
tot_msg_rcv: 281
tot_msg_sent: 569
tot_reconf_duration: 15.110000000000001
tot_sleeping_duration: 359180.7547599995
tot_uptimes: 94
tot_uptimes_duration: 5580.018240000441
