comms_cons: 36.54150400020252
finished_reconf: true
global_termination_time: 364122.356
local_termination_time: 103580.84300000001
node_cons: 7519.296804319316
tot_aggregated_send: 5102
tot_msg_rcv: 170
tot_msg_sent: 283
tot_reconf_duration: 22.65
tot_sleeping_duration: 358529.7211200006
tot_uptimes: 94
tot_uptimes_duration: 5592.634879999474
