comms_cons: 154.59146239586144
finished_reconf: true
global_termination_time: 1566276.802
local_termination_time: 1474505.454239999
node_cons: 32227.326220000163
tot_aggregated_send: 22736
tot_msg_rcv: 246
tot_msg_sent: 515
tot_reconf_duration: 8.09
tot_sleeping_duration: 1542216.802
tot_uptimes: 402
tot_uptimes_duration: 24060.0
