comms_cons: 63.4234880002296
finished_reconf: true
global_termination_time: 643792.28
local_termination_time: 443285.17336
node_cons: 13181.721619999958
tot_aggregated_send: 8874
tot_msg_rcv: 212
tot_msg_sent: 554
tot_reconf_duration: 4.390000000000001
tot_sleeping_duration: 633952.28
tot_uptimes: 165
tot_uptimes_duration: 9840.0
