comms_cons: 65.76035839982724
finished_reconf: true
global_termination_time: 644665.987
local_termination_time: 213242.09136000005
node_cons: 13271.49154448114
tot_aggregated_send: 8642
tot_msg_rcv: 454
tot_msg_sent: 900
tot_reconf_duration: 11.31
tot_sleeping_duration: 634765.9626799991
tot_uptimes: 166
tot_uptimes_duration: 9900.02432000084
