comms_cons: 77.60824319770374
finished_reconf: true
global_termination_time: 737540.469
local_termination_time: 199896.99936000005
node_cons: 15114.620971208278
tot_aggregated_send: 9338
tot_msg_rcv: 948
tot_msg_sent: 1510
tot_reconf_duration: 7.819999999999999
tot_sleeping_duration: 726260.4081999939
tot_uptimes: 189
tot_uptimes_duration: 11280.060800006191
