comms_cons: 76.2680959993873
finished_reconf: true
global_termination_time: 740041.383
local_termination_time: 309069.8318400001
node_cons: 15191.666504476536
tot_aggregated_send: 9918
tot_msg_rcv: 628
tot_msg_sent: 1046
tot_reconf_duration: 5.43
tot_sleeping_duration: 728701.3586800026
tot_uptimes: 190
tot_uptimes_duration: 11340.024319997407
