comms_cons: 152.66375678866257
finished_reconf: true
global_termination_time: 1518670.836
local_termination_time: 125198.45291999984
node_cons: 31196.67360335975
tot_aggregated_send: 20764
tot_msg_rcv: 824
tot_msg_sent: 1616
tot_reconf_duration: 18.21
tot_sleeping_duration: 1495390.81776
tot_uptimes: 389
tot_uptimes_duration: 23280.018239999772
