comms_cons: 148.55888639491286
finished_reconf: true
global_termination_time: 1512562.42
local_termination_time: 785822.9473599999
node_cons: 31097.54162000007
tot_aggregated_send: 20938
tot_msg_rcv: 463
tot_msg_sent: 1179
tot_reconf_duration: 4.390000000000001
tot_sleeping_duration: 1489342.42
tot_uptimes: 388
tot_uptimes_duration: 23220.0
