comms_cons: 22.01800959995591
finished_reconf: true
global_termination_time: 8592.908240000002
local_termination_time: 3462.8990400000016
node_cons: 2911.642886480011
tot_aggregated_send: 0
tot_msg_rcv: 1588
tot_msg_sent: 1757
tot_reconf_duration: 6.22
tot_sleeping_duration: 6424.725919999995
tot_uptimes: 31
tot_uptimes_duration: 2168.1823200000076
