comms_cons: 63.476748800896765
finished_reconf: true
global_termination_time: 637273.215
local_termination_time: 172087.56736000004
node_cons: 13126.17870000001
tot_aggregated_send: 8758
tot_msg_rcv: 385
tot_msg_sent: 506
tot_reconf_duration: 22.65
tot_sleeping_duration: 627493.215
tot_uptimes: 164
tot_uptimes_duration: 9780.0
