comms_cons: 65.19329280132686
finished_reconf: true
global_termination_time: 638005.483
local_termination_time: 223098.46336000008
node_cons: 13101.389761121469
tot_aggregated_send: 7946
tot_msg_rcv: 630
tot_msg_sent: 1333
tot_reconf_duration: 4.390000000000001
tot_sleeping_duration: 628225.4769199989
tot_uptimes: 164
tot_uptimes_duration: 9780.006080001069
