comms_cons: 233.30615678351984
finished_reconf: true
global_termination_time: 2313968.7550399965
local_termination_time: 19728.101
node_cons: 47627.89610234172
tot_aggregated_send: 32188
tot_msg_rcv: 1136
tot_msg_sent: 2137
tot_reconf_duration: 22.65
tot_sleeping_duration: 2278421.9758000094
tot_uptimes: 593
tot_uptimes_duration: 35546.77923998679
