comms_cons: 230.06293118186022
finished_reconf: true
global_termination_time: 2317002.136
local_termination_time: 1530237.2573599997
node_cons: 47645.77004111598
tot_aggregated_send: 31900
tot_msg_rcv: 1079
tot_msg_sent: 1988
tot_reconf_duration: 3.05
tot_sleeping_duration: 2281422.129920002
tot_uptimes: 594
tot_uptimes_duration: 35580.006079997635
