comms_cons: 230.26921597987175
finished_reconf: true
global_termination_time: 2317081.649
local_termination_time: 1584185.313999999
node_cons: 47652.24770111633
tot_aggregated_send: 31610
tot_msg_rcv: 1186
tot_msg_sent: 2203
tot_reconf_duration: 7.819999999999999
tot_sleeping_duration: 2281501.642920003
tot_uptimes: 594
tot_uptimes_duration: 35580.006079997635
