comms_cons: 1.50281599999794
finished_reconf: true
global_termination_time: 10503.583
local_termination_time: 4461.15336
node_cons: 168.24405999999962
tot_aggregated_send: 0
tot_msg_rcv: 117
tot_msg_sent: 111
tot_reconf_duration: 5.57
tot_sleeping_duration: 10383.583
tot_uptimes: 3
tot_uptimes_duration: 120.0
