comms_cons: 1.4474239999976939
finished_reconf: true
global_termination_time: 12647.305
local_termination_time: 5792.961360000001
node_cons: 266.4145999999997
tot_aggregated_send: 0
tot_msg_rcv: 119
tot_msg_sent: 101
tot_reconf_duration: 18.700000000000003
tot_sleeping_duration: 12467.305
tot_uptimes: 4
tot_uptimes_duration: 179.99999999999906
