comms_cons: 1.506636799997134
finished_reconf: true
global_termination_time: 10272.481
local_termination_time: 6159.26436
node_cons: 168.0539400000004
tot_aggregated_send: 0
tot_msg_rcv: 117
tot_msg_sent: 111
tot_reconf_duration: 5.43
tot_sleeping_duration: 10152.481
tot_uptimes: 3
tot_uptimes_duration: 120.0
