comms_cons: 74.8866687961361
finished_reconf: true
global_termination_time: 721982.205
local_termination_time: 280516.7910400003
node_cons: 14800.493706714788
tot_aggregated_send: 9512
tot_msg_rcv: 713
tot_msg_sent: 1157
tot_reconf_duration: 13.17
tot_sleeping_duration: 710942.1685200039
tot_uptimes: 185
tot_uptimes_duration: 11040.03647999611
