comms_cons: 71.6546943995345
finished_reconf: true
global_termination_time: 724847.741
local_termination_time: 496008.61148
node_cons: 14879.076482238237
tot_aggregated_send: 10382
tot_msg_rcv: 168
tot_msg_sent: 342
tot_reconf_duration: 11.899999999999999
tot_sleeping_duration: 713747.7288400014
tot_uptimes: 186
tot_uptimes_duration: 11100.012159998703
