comms_cons: 72.47646719705233
finished_reconf: true
global_termination_time: 725891.466
local_termination_time: 289803.8225600002
node_cons: 14868.910466710151
tot_aggregated_send: 9918
tot_msg_rcv: 284
tot_msg_sent: 814
tot_reconf_duration: 4.390000000000001
tot_sleeping_duration: 714791.4295200073
tot_uptimes: 186
tot_uptimes_duration: 11100.036479992676
