comms_cons: 73.55608319974341
finished_reconf: true
global_termination_time: 720806.118
local_termination_time: 213948.65536000003
node_cons: 14793.220265602547
tot_aggregated_send: 9512
tot_msg_rcv: 509
tot_msg_sent: 1160
tot_reconf_duration: 7.819999999999999
tot_sleeping_duration: 709766.0875999981
tot_uptimes: 185
tot_uptimes_duration: 11040.03040000191
