comms_cons: 74.53506559426094
finished_reconf: true
global_termination_time: 724285.85
local_termination_time: 106019.11891999983
node_cons: 14870.32278671482
tot_aggregated_send: 9454
tot_msg_rcv: 593
tot_msg_sent: 1283
tot_reconf_duration: 5.43
tot_sleeping_duration: 713185.8135200038
tot_uptimes: 186
tot_uptimes_duration: 11100.03647999611
