comms_cons: 91.11534079738344
finished_reconf: true
global_termination_time: 915628.7385999999
local_termination_time: 110306.89347999997
node_cons: 18860.836985633625
tot_aggregated_send: 13108
tot_msg_rcv: 258
tot_msg_sent: 482
tot_reconf_duration: 11.31
tot_sleeping_duration: 901554.4458400047
tot_uptimes: 235
tot_uptimes_duration: 14074.292759995209
