comms_cons: 4.427801600009428
finished_reconf: true
global_termination_time: 43756.07196000005
local_termination_time: 43740.757480000015
node_cons: 958.9882574400676
tot_aggregated_send: 638
tot_msg_rcv: 27
tot_msg_sent: 8
tot_reconf_duration: 18.21
tot_sleeping_duration: 43058.343
tot_uptimes: 12
tot_uptimes_duration: 697.7289600000513
