comms_cons: 8.737177600223017
finished_reconf: true
global_termination_time: 44709.136
local_termination_time: 2462.05836
node_cons: 889.70162
tot_aggregated_send: 0
tot_msg_rcv: 691
tot_msg_sent: 637
tot_reconf_duration: 4.390000000000001
tot_sleeping_duration: 44049.136
tot_uptimes: 12
tot_uptimes_duration: 660.0
