comms_cons: 4.527116799993177
finished_reconf: true
global_termination_time: 44301.963
local_termination_time: 1693.8047600000039
node_cons: 900.1082646400055
tot_aggregated_send: 522
tot_msg_rcv: 58
tot_msg_sent: 108
tot_reconf_duration: 11.31
tot_sleeping_duration: 43641.20924
tot_uptimes: 12
tot_uptimes_duration: 660.7537600000039
