comms_cons: 99.72814080462851
finished_reconf: true
global_termination_time: 207780.33728000044
local_termination_time: 2085.7210400000013
node_cons: 12535.947068520903
tot_aggregated_send: 0
tot_msg_rcv: 6146
tot_msg_sent: 9011
tot_reconf_duration: 18.21
tot_sleeping_duration: 198436.6345999998
tot_uptimes: 154
tot_uptimes_duration: 9343.702680000664
