comms_cons: 163.6555903422438
finished_reconf: true
global_termination_time: 825722.458
local_termination_time: 2172.4563600000006
node_cons: 16972.588002238288
tot_aggregated_send: 0
tot_msg_rcv: 12640
tot_msg_sent: 12234
tot_reconf_duration: 15.34
tot_sleeping_duration: 813062.4458400012
tot_uptimes: 212
tot_uptimes_duration: 12660.012159998703
