comms_cons: 55.86211840035781
finished_reconf: true
global_termination_time: 555200.9104799998
local_termination_time: 555200.8693599999
node_cons: 11477.457502084108
tot_aggregated_send: 7688
tot_msg_rcv: 267
tot_msg_sent: 534
tot_reconf_duration: 37.410000000000004
tot_sleeping_duration: 546667.1877599969
tot_uptimes: 143
tot_uptimes_duration: 8533.722720003047
