comms_cons: 58.06144000190168
finished_reconf: true
global_termination_time: 561176.368
local_termination_time: 64354.18536000001
node_cons: 11509.500566728595
tot_aggregated_send: 7192
tot_msg_rcv: 537
tot_msg_sent: 1096
tot_reconf_duration: 15.34
tot_sleeping_duration: 552596.3315199936
tot_uptimes: 144
tot_uptimes_duration: 8580.036480006413
