comms_cons: 56.08309759981071
finished_reconf: true
global_termination_time: 557667.088
local_termination_time: 207480.88828000036
node_cons: 11420.672268403834
tot_aggregated_send: 7598
tot_msg_rcv: 294
tot_msg_sent: 632
tot_reconf_duration: 9.11
tot_sleeping_duration: 549147.0723999972
tot_uptimes: 143
tot_uptimes_duration: 8520.015600002836
