comms_cons: 58.30017280145796
finished_reconf: true
global_termination_time: 561319.087
local_termination_time: 197091.81848000005
node_cons: 11501.430034802625
tot_aggregated_send: 7134
tot_msg_rcv: 677
tot_msg_sent: 1051
tot_reconf_duration: 9.42
tot_sleeping_duration: 552739.0737999982
tot_uptimes: 144
tot_uptimes_duration: 8580.013200001966
