comms_cons: 54.83105280067458
finished_reconf: true
global_termination_time: 556790.138
local_termination_time: 181788.25836000004
node_cons: 11424.45648224287
tot_aggregated_send: 7714
tot_msg_rcv: 221
tot_msg_sent: 399
tot_reconf_duration: 11.899999999999999
tot_sleeping_duration: 548270.1258399979
tot_uptimes: 143
tot_uptimes_duration: 8520.012160002138
