comms_cons: 55.91787520069946
finished_reconf: true
global_termination_time: 555714.901
local_termination_time: 160399.68160000007
node_cons: 11427.425350642954
tot_aggregated_send: 7656
tot_msg_rcv: 270
tot_msg_sent: 573
tot_reconf_duration: 11.31
tot_sleeping_duration: 547192.0732399977
tot_uptimes: 143
tot_uptimes_duration: 8522.827760002197
