comms_cons: 127.52268798894967
finished_reconf: true
global_termination_time: 1268477.8681200005
local_termination_time: 92054.549
node_cons: 26124.699340555082
tot_aggregated_send: 17398
tot_msg_rcv: 717
tot_msg_sent: 1266
tot_reconf_duration: 22.65
tot_sleeping_duration: 1248990.2350800042
tot_uptimes: 325
tot_uptimes_duration: 19487.63303999629
