comms_cons: 126.88843519782945
finished_reconf: true
global_termination_time: 1272507.072
local_termination_time: 21924.4836
node_cons: 26118.94676000004
tot_aggregated_send: 17806
tot_msg_rcv: 553
tot_msg_sent: 927
tot_reconf_duration: 6.22
tot_sleeping_duration: 1253007.072
tot_uptimes: 326
tot_uptimes_duration: 19500.0
