comms_cons: 270.14849284006766
finished_reconf: true
global_termination_time: 2808077.228
local_termination_time: 6752.5160000000005
node_cons: 57857.619485584
tot_aggregated_send: 38734
tot_msg_rcv: 850
tot_msg_sent: 1476
tot_reconf_duration: 9.41
tot_sleeping_duration: 2764877.1976000117
tot_uptimes: 720
tot_uptimes_duration: 43200.03039998881
