comms_cons: 259.39811841073305
finished_reconf: true
global_termination_time: 2809380.34
local_termination_time: 5471.12
node_cons: 57866.54972111611
tot_aggregated_send: 38967
tot_msg_rcv: 165
tot_msg_sent: 295
tot_reconf_duration: 16.009999999999998
tot_sleeping_duration: 2766180.333920002
tot_uptimes: 720
tot_uptimes_duration: 43200.00607999787
