comms_cons: 352.39237762359414
finished_reconf: true
global_termination_time: 3539285.986
local_termination_time: 2806295.0025199996
node_cons: 72796.60080446694
tot_aggregated_send: 49068
tot_msg_rcv: 1472
tot_msg_sent: 3021
tot_reconf_duration: 6.279999999999999
tot_sleeping_duration: 3484925.961680009
tot_uptimes: 907
tot_uptimes_duration: 54360.02431999124
