comms_cons: 354.09159680739054
finished_reconf: true
global_termination_time: 3541159.53
local_termination_time: 662392.9031999987
node_cons: 72792.21446446603
tot_aggregated_send: 49242
tot_msg_rcv: 1611
tot_msg_sent: 2966
tot_reconf_duration: 3.05
tot_sleeping_duration: 3486799.5056800093
tot_uptimes: 907
tot_uptimes_duration: 54360.02431999077
