comms_cons: 354.02551042168517
finished_reconf: true
global_termination_time: 3538281.987
local_termination_time: 746450.5747599992
node_cons: 72798.70026558352
tot_aggregated_send: 48894
tot_msg_rcv: 1744
tot_msg_sent: 3171
tot_reconf_duration: 7.819999999999999
tot_sleeping_duration: 3483921.9566000113
tot_uptimes: 907
tot_uptimes_duration: 54360.03039998887
