comms_cons: 3.0790655999945633
finished_reconf: true
global_termination_time: 14779.591
local_termination_time: 255.47959999999986
node_cons: 278.1093223999999
tot_aggregated_send: 0
tot_msg_rcv: 292
tot_msg_sent: 174
tot_reconf_duration: 15.34
tot_sleeping_duration: 14587.449400000001
tot_uptimes: 4
tot_uptimes_duration: 192.14159999999987
