comms_cons: 3.0244095999936498
finished_reconf: true
global_termination_time: 13643.287
local_termination_time: 5982.338360000001
node_cons: 258.17154000000016
tot_aggregated_send: 0
tot_msg_rcv: 292
tot_msg_sent: 166
tot_reconf_duration: 12.629999999999999
tot_sleeping_duration: 13463.287
tot_uptimes: 4
tot_uptimes_duration: 180.0
