comms_cons: 78.80691199745725
finished_reconf: true
global_termination_time: 797616.8690799987
local_termination_time: 797616.8279599987
node_cons: 16483.343291356483
tot_aggregated_send: 11470
tot_msg_rcv: 122
tot_msg_sent: 386
tot_reconf_duration: 24.59
tot_sleeping_duration: 785331.6188400013
tot_uptimes: 205
tot_uptimes_duration: 12285.250239997345
