comms_cons: 119.55064319620318
finished_reconf: true
global_termination_time: 605792.748
local_termination_time: 191980.69360000006
node_cons: 12483.483123359703
tot_aggregated_send: 0
tot_msg_rcv: 9194
tot_msg_sent: 8977
tot_reconf_duration: 22.65
tot_sleeping_duration: 596492.7297600002
tot_uptimes: 156
tot_uptimes_duration: 9300.018239999772
