comms_cons: 64.21361920052462
finished_reconf: true
global_termination_time: 605674.914999998
local_termination_time: 605674.914999998
node_cons: 12569.275756322431
tot_aggregated_send: 7584
tot_msg_rcv: 715
tot_msg_sent: 1461
tot_reconf_duration: 24.59
tot_sleeping_duration: 596312.7921199962
tot_uptimes: 156
tot_uptimes_duration: 9362.122880001798
