comms_cons: 60.746380799175455
finished_reconf: true
global_termination_time: 608029.337
local_termination_time: 236894.97112000047
node_cons: 12459.264544485737
tot_aggregated_send: 8004
tot_msg_rcv: 339
tot_msg_sent: 890
tot_reconf_duration: 4.8100000000000005
tot_sleeping_duration: 598729.3126799958
tot_uptimes: 156
tot_uptimes_duration: 9300.024320004275
