comms_cons: 62.79188479970236
finished_reconf: true
global_termination_time: 607235.096
local_termination_time: 62559.35936000001
node_cons: 12461.195606724004
tot_aggregated_send: 7714
tot_msg_rcv: 694
tot_msg_sent: 1136
tot_reconf_duration: 6.22
tot_sleeping_duration: 597935.0595199971
tot_uptimes: 156
tot_uptimes_duration: 9300.036480002978
