comms_cons: 523.6763201137505
finished_reconf: true
global_termination_time: 5232843.892239997
local_termination_time: 156627.50080000027
node_cons: 107682.3053327665
tot_aggregated_send: 73254
tot_msg_rcv: 2033
tot_msg_sent: 4306
tot_reconf_duration: 5.57
tot_sleeping_duration: 5152429.59704002
tot_uptimes: 1341
tot_uptimes_duration: 80414.29519997735
