comms_cons: 54.94947840074829
finished_reconf: true
global_termination_time: 561501.126
local_termination_time: 189458.78236000004
node_cons: 11497.156381121455
tot_aggregated_send: 7830
tot_msg_rcv: 175
tot_msg_sent: 347
tot_reconf_duration: 6.279999999999999
tot_sleeping_duration: 552921.119919999
tot_uptimes: 144
tot_uptimes_duration: 8580.006080001076
