comms_cons: 56.17320960067045
finished_reconf: true
global_termination_time: 565143.809
local_termination_time: 202610.02536000006
node_cons: 11589.495662242898
tot_aggregated_send: 7540
tot_msg_rcv: 351
tot_msg_sent: 647
tot_reconf_duration: 15.110000000000001
tot_sleeping_duration: 556503.7968399979
tot_uptimes: 145
tot_uptimes_duration: 8640.012160002138
