comms_cons: 54.716416000922216
finished_reconf: true
global_termination_time: 561430.452
local_termination_time: 377698.42604000034
node_cons: 11505.795963364315
tot_aggregated_send: 7424
tot_msg_rcv: 342
tot_msg_sent: 550
tot_reconf_duration: 12.629999999999999
tot_sleeping_duration: 552850.4337599968
tot_uptimes: 144
tot_uptimes_duration: 8580.018240003206
