comms_cons: 53.1665152001622
finished_reconf: true
global_termination_time: 564956.383
local_termination_time: 311652.82336000004
node_cons: 11579.587701121456
tot_aggregated_send: 7656
tot_msg_rcv: 138
tot_msg_sent: 287
tot_reconf_duration: 7.819999999999999
tot_sleeping_duration: 556316.376919999
tot_uptimes: 145
tot_uptimes_duration: 8640.006080001069
