comms_cons: 27.6063232000248
finished_reconf: true
global_termination_time: 280162.357
local_termination_time: 55947.89936000001
node_cons: 5710.671980000003
tot_aggregated_send: 3944
tot_msg_rcv: 82
tot_msg_sent: 170
tot_reconf_duration: 4.8100000000000005
tot_sleeping_duration: 275902.357
tot_uptimes: 72
tot_uptimes_duration: 4260.0
