comms_cons: 27.474739200164937
finished_reconf: true
global_termination_time: 279422.459
local_termination_time: 90512.17535999998
node_cons: 5714.759560000018
tot_aggregated_send: 3944
tot_msg_rcv: 65
tot_msg_sent: 167
tot_reconf_duration: 7.819999999999999
tot_sleeping_duration: 275162.459
tot_uptimes: 72
tot_uptimes_duration: 4260.000000000002
