comms_cons: 27.85038079986305
finished_reconf: true
global_termination_time: 280578.939
local_termination_time: 34804.108
node_cons: 5715.651463199162
tot_aggregated_send: 3883
tot_msg_rcv: 119
tot_msg_sent: 231
tot_reconf_duration: 6.22
tot_sleeping_duration: 276316.6502000007
tot_uptimes: 72
tot_uptimes_duration: 4262.288799999369
