comms_cons: 41.04007680106569
finished_reconf: true
global_termination_time: 396784.679
local_termination_time: 8678.982800000003
node_cons: 8127.148642242832
tot_aggregated_send: 5046
tot_msg_rcv: 385
tot_msg_sent: 806
tot_reconf_duration: 9.42
tot_sleeping_duration: 390724.6668399979
tot_uptimes: 102
tot_uptimes_duration: 6060.012160002108
