comms_cons: 544.2998139551944
finished_reconf: true
global_termination_time: 1868118.899
local_termination_time: 446175.2788000007
node_cons: 76232.58787899817
tot_aggregated_send: 0
tot_msg_rcv: 27730
tot_msg_sent: 55000
tot_reconf_duration: 13.17
tot_sleeping_duration: 1811199.7780000002
tot_uptimes: 945
tot_uptimes_duration: 56919.120999999985
