comms_cons: 184.0110591944262
finished_reconf: true
global_termination_time: 1867757.381
local_termination_time: 761933.4723599999
node_cons: 38423.03937999979
tot_aggregated_send: 26970
tot_msg_rcv: 300
tot_msg_sent: 698
tot_reconf_duration: 15.110000000000001
tot_sleeping_duration: 1839077.381
tot_uptimes: 479
tot_uptimes_duration: 28680.0
