comms_cons: 130.22935039775268
finished_reconf: true
global_termination_time: 1329107.797
local_termination_time: 221059.64156000022
node_cons: 27330.975262238302
tot_aggregated_send: 18618
tot_msg_rcv: 367
tot_msg_sent: 809
tot_reconf_duration: 11.31
tot_sleeping_duration: 1308707.7848400015
tot_uptimes: 341
tot_uptimes_duration: 20400.012159998703
