comms_cons: 118.48543998946101
finished_reconf: true
global_termination_time: 1150212.4412400003
local_termination_time: 128458.0113199996
node_cons: 23666.209379434757
tot_aggregated_send: 15196
tot_msg_rcv: 979
tot_msg_sent: 1834
tot_reconf_duration: 3.05
tot_sleeping_duration: 1132540.9942800044
tot_uptimes: 295
tot_uptimes_duration: 17671.446959996072
