comms_cons: 118.33251838454586
finished_reconf: true
global_termination_time: 1151214.503
local_termination_time: 255836.84736000095
node_cons: 23635.37864311116
tot_aggregated_send: 14326
tot_msg_rcv: 1142
tot_msg_sent: 2519
tot_reconf_duration: 7.819999999999999
tot_sleeping_duration: 1133570.9189200066
tot_uptimes: 295
tot_uptimes_duration: 17643.584079993394
