comms_cons: 116.83958398795941
finished_reconf: true
global_termination_time: 1154173.355
local_termination_time: 607068.3083599998
node_cons: 23715.707826700946
tot_aggregated_send: 15428
tot_msg_rcv: 711
tot_msg_sent: 1617
tot_reconf_duration: 11.31
tot_sleeping_duration: 1136473.3185200142
tot_uptimes: 296
tot_uptimes_duration: 17700.036479985807
