comms_cons: 1386.7401511852083
finished_reconf: true
global_termination_time: 7041541.954599998
local_termination_time: 3262.9154800000024
node_cons: 144898.33475174307
tot_aggregated_send: 0
tot_msg_rcv: 106200
tot_msg_sent: 104572
tot_reconf_duration: 18.21
tot_sleeping_duration: 6933346.580760007
tot_uptimes: 1804
tot_uptimes_duration: 108195.37383999093
