comms_cons: 702.624531380773
finished_reconf: true
global_termination_time: 7042112.522
local_termination_time: 2089583.4985199992
node_cons: 144860.62599745917
tot_aggregated_send: 97672
tot_msg_rcv: 3168
tot_msg_sent: 5953
tot_reconf_duration: 5.57
tot_sleeping_duration: 6933932.490680012
tot_uptimes: 1804
tot_uptimes_duration: 108180.03131998796
