comms_cons: 697.993491338328
finished_reconf: true
global_termination_time: 7043027.102
local_termination_time: 2645540.5840399982
node_cons: 144857.24334558102
tot_aggregated_send: 97962
tot_msg_rcv: 2899
tot_msg_sent: 5230
tot_reconf_duration: 3.08
tot_sleeping_duration: 6934847.071600011
tot_uptimes: 1804
tot_uptimes_duration: 108180.03039998934
