comms_cons: 693.6850561347783
finished_reconf: true
global_termination_time: 7046297.404
local_termination_time: 2721243.2945599994
node_cons: 144945.76394446357
tot_aggregated_send: 97672
tot_msg_rcv: 2658
tot_msg_sent: 5105
tot_reconf_duration: 9.11
tot_sleeping_duration: 6938057.379680009
tot_uptimes: 1805
tot_uptimes_duration: 108240.02431999147
