comms_cons: 707.9133953723456
finished_reconf: true
global_termination_time: 7046677.553
local_termination_time: 828470.3582799983
node_cons: 144937.5751700483
tot_aggregated_send: 97556
tot_msg_rcv: 3358
tot_msg_sent: 6683
tot_reconf_duration: 3.05
tot_sleeping_duration: 6938437.49828002
tot_uptimes: 1805
tot_uptimes_duration: 108240.05471997987
