comms_cons: 707.3436033903967
finished_reconf: true
global_termination_time: 7042115.406
local_termination_time: 1907373.6993599997
node_cons: 144861.53188893138
tot_aggregated_send: 97556
tot_msg_rcv: 3292
tot_msg_sent: 6664
tot_reconf_duration: 6.22
tot_sleeping_duration: 6933935.3573600175
tot_uptimes: 1804
tot_uptimes_duration: 108180.04863998224
