comms_cons: 207.87640319109664
finished_reconf: true
global_termination_time: 2099037.127
local_termination_time: 1286992.565479999
node_cons: 43153.56621999972
tot_aggregated_send: 29928
tot_msg_rcv: 457
tot_msg_sent: 1211
tot_reconf_duration: 8.09
tot_sleeping_duration: 2066817.1269999999
tot_uptimes: 538
tot_uptimes_duration: 32220.0
