comms_cons: 207.02353278038905
finished_reconf: true
global_termination_time: 2098697.202
local_termination_time: 789454.2345999989
node_cons: 43153.24840670068
tot_aggregated_send: 28014
tot_msg_rcv: 1219
tot_msg_sent: 2234
tot_reconf_duration: 7.819999999999999
tot_sleeping_duration: 2066477.1655200142
tot_uptimes: 538
tot_uptimes_duration: 32220.036479985807
