comms_cons: 83.4168319997456
finished_reconf: true
global_termination_time: 833043.591
local_termination_time: 18593.92348
node_cons: 17137.181744485748
tot_aggregated_send: 11600
tot_msg_rcv: 390
tot_msg_sent: 688
tot_reconf_duration: 18.21
tot_sleeping_duration: 820263.5666799957
tot_uptimes: 214
tot_uptimes_duration: 12780.024320004275
