comms_cons: 145.03841276615938
finished_reconf: true
global_termination_time: 834345.822
local_termination_time: 415878.46124000096
node_cons: 17118.96012112153
tot_aggregated_send: 0
tot_msg_rcv: 11138
tot_msg_sent: 10907
tot_reconf_duration: 4.8100000000000005
tot_sleeping_duration: 821565.8159199989
tot_uptimes: 214
tot_uptimes_duration: 12780.006080001127
