comms_cons: 128.73520639379956
finished_reconf: true
global_termination_time: 1275048.86524
local_termination_time: 9965.395359999999
node_cons: 26214.049902715175
tot_aggregated_send: 17632
tot_msg_rcv: 688
tot_msg_sent: 1246
tot_reconf_duration: 3.05
tot_sleeping_duration: 1255474.6247600038
tot_uptimes: 327
tot_uptimes_duration: 19574.24047999637
