comms_cons: 72.38338559976856
finished_reconf: true
global_termination_time: 718660.804
local_termination_time: 362379.34236
node_cons: 14791.112663364273
tot_aggregated_send: 9744
tot_msg_rcv: 386
tot_msg_sent: 871
tot_reconf_duration: 6.279999999999999
tot_sleeping_duration: 707620.7857599969
tot_uptimes: 185
tot_uptimes_duration: 11040.018240003206
