comms_cons: 73.08833279899181
finished_reconf: true
global_termination_time: 716884.88
local_termination_time: 422144.3426800007
node_cons: 14709.78406000003
tot_aggregated_send: 9860
tot_msg_rcv: 500
tot_msg_sent: 749
tot_reconf_duration: 5.57
tot_sleeping_duration: 705904.88
tot_uptimes: 184
tot_uptimes_duration: 10980.0
