comms_cons: 72.95205119931443
finished_reconf: true
global_termination_time: 717108.639
local_termination_time: 313698.30736000004
node_cons: 14736.601823364297
tot_aggregated_send: 9512
tot_msg_rcv: 565
tot_msg_sent: 1012
tot_reconf_duration: 25.299999999999997
tot_sleeping_duration: 706128.6207599968
tot_uptimes: 184
tot_uptimes_duration: 10980.018240003206
