comms_cons: 72.398143995783
finished_reconf: true
global_termination_time: 716973.118
local_termination_time: 294781.67980000074
node_cons: 14712.880265593389
tot_aggregated_send: 9396
tot_msg_rcv: 545
tot_msg_sent: 1064
tot_reconf_duration: 7.819999999999999
tot_sleeping_duration: 705993.087600005
tot_uptimes: 184
tot_uptimes_duration: 10980.030399995041
