comms_cons: 208.79091199675818
finished_reconf: true
global_termination_time: 2158099.752
local_termination_time: 287051.0157200006
node_cons: 44351.82189999961
tot_aggregated_send: 30856
tot_msg_rcv: 299
tot_msg_sent: 580
tot_reconf_duration: 3.05
tot_sleeping_duration: 2124979.752
tot_uptimes: 553
tot_uptimes_duration: 33120.0
