comms_cons: 214.32464638680665
finished_reconf: true
global_termination_time: 2157464.3902399973
local_termination_time: 24767.74948
node_cons: 44375.19476271094
tot_aggregated_send: 30160
tot_msg_rcv: 773
tot_msg_sent: 1642
tot_reconf_duration: 6.22
tot_sleeping_duration: 2124330.1497600037
tot_uptimes: 553
tot_uptimes_duration: 33134.240479993576
