comms_cons: 74.46338560014914
finished_reconf: true
global_termination_time: 759351.199
local_termination_time: 241800.98136000006
node_cons: 15594.488240000022
tot_aggregated_send: 11136
tot_msg_rcv: 71
tot_msg_sent: 111
tot_reconf_duration: 6.279999999999999
tot_sleeping_duration: 747711.199
tot_uptimes: 195
tot_uptimes_duration: 11640.0
