comms_cons: 2.1579775999947928
finished_reconf: true
global_termination_time: 13427.48248
local_termination_time: 13427.44136
node_cons: 292.771659840007
tot_aggregated_send: 0
tot_msg_rcv: 159
tot_msg_sent: 168
tot_reconf_duration: 24.59
tot_sleeping_duration: 13233.771919999996
tot_uptimes: 4
tot_uptimes_duration: 193.710560000005
