comms_cons: 161.17724159256366
finished_reconf: true
global_termination_time: 1623777.341
local_termination_time: 364312.0910000005
node_cons: 33348.66406000004
tot_aggregated_send: 23200
tot_msg_rcv: 433
tot_msg_sent: 865
tot_reconf_duration: 5.57
tot_sleeping_duration: 1598877.341
tot_uptimes: 416
tot_uptimes_duration: 24900.0
