comms_cons: 66.66045439498805
finished_reconf: true
global_termination_time: 649410.983
local_termination_time: 90458.77535999996
node_cons: 13370.829964476528
tot_aggregated_send: 8526
tot_msg_rcv: 522
tot_msg_sent: 1084
tot_reconf_duration: 25.299999999999997
tot_sleeping_duration: 639450.9586800026
tot_uptimes: 167
tot_uptimes_duration: 9960.024319997407
