comms_cons: 65.77971839952757
finished_reconf: true
global_termination_time: 648493.873
local_termination_time: 350458.00136000005
node_cons: 13347.06770112146
tot_aggregated_send: 8990
tot_msg_rcv: 376
tot_msg_sent: 632
tot_reconf_duration: 7.819999999999999
tot_sleeping_duration: 638533.866919999
tot_uptimes: 167
tot_uptimes_duration: 9960.006080001069
