comms_cons: 64.60774399999643
finished_reconf: true
global_termination_time: 648429.0872799994
local_termination_time: 648397.6127999993
node_cons: 13430.199143919177
tot_aggregated_send: 9280
tot_msg_rcv: 173
tot_msg_sent: 367
tot_reconf_duration: 11.31
tot_sleeping_duration: 638410.536
tot_uptimes: 167
tot_uptimes_duration: 10018.551279999432
