comms_cons: 65.80474879968268
finished_reconf: true
global_termination_time: 649304.102
local_termination_time: 74310.61407999937
node_cons: 13343.854645607182
tot_aggregated_send: 8700
tot_msg_rcv: 370
tot_msg_sent: 931
tot_reconf_duration: 5.43
tot_sleeping_duration: 639344.0715999946
tot_uptimes: 167
tot_uptimes_duration: 9960.030400005344
