comms_cons: 254.06207983799771
finished_reconf: true
global_termination_time: 1279094.985
local_termination_time: 714.9004799999991
node_cons: 26295.98245006073
tot_aggregated_send: 0
tot_msg_rcv: 19644
tot_msg_sent: 18972
tot_reconf_duration: 18.21
tot_sleeping_duration: 1259474.9302800144
tot_uptimes: 328
tot_uptimes_duration: 19620.05471998558
