comms_cons: 127.53121279589575
finished_reconf: true
global_termination_time: 1279540.292
local_termination_time: 358774.2738000007
node_cons: 26283.551380000023
tot_aggregated_send: 18154
tot_msg_rcv: 426
tot_msg_sent: 804
tot_reconf_duration: 9.11
tot_sleeping_duration: 1259920.292
tot_uptimes: 328
tot_uptimes_duration: 19620.0
