comms_cons: 127.36697599539578
finished_reconf: true
global_termination_time: 1278710.593
local_termination_time: 496714.9054800001
node_cons: 26291.699380000024
tot_aggregated_send: 18212
tot_msg_rcv: 406
tot_msg_sent: 740
tot_reconf_duration: 15.110000000000001
tot_sleeping_duration: 1259090.593
tot_uptimes: 328
tot_uptimes_duration: 19620.0
