comms_cons: 128.32792319241705
finished_reconf: true
global_termination_time: 1280506.347
local_termination_time: 772283.782
node_cons: 26292.61334239699
tot_aggregated_send: 18092
tot_msg_rcv: 545
tot_msg_sent: 869
tot_reconf_duration: 10.95
tot_sleeping_duration: 1260881.4454000024
tot_uptimes: 328
tot_uptimes_duration: 19624.90159999777
