comms_cons: 131.69467519076366
finished_reconf: true
global_termination_time: 1281709.539
local_termination_time: 241369.20740000036
node_cons: 26366.919685593388
tot_aggregated_send: 17342
tot_msg_rcv: 994
tot_msg_sent: 1681
tot_reconf_duration: 11.31
tot_sleeping_duration: 1262029.5086000052
tot_uptimes: 329
tot_uptimes_duration: 19680.030399995034
