comms_cons: 170.9473535979734
finished_reconf: true
global_termination_time: 1760593.234
local_termination_time: 1336112.2853599999
node_cons: 36168.35897999998
tot_aggregated_send: 25056
tot_msg_rcv: 224
tot_msg_sent: 703
tot_reconf_duration: 11.31
tot_sleeping_duration: 1733593.234
tot_uptimes: 451
tot_uptimes_duration: 27000.0
