comms_cons: 314.2561151666737
finished_reconf: true
global_termination_time: 647639.12
local_termination_time: 28125.971880000005
node_cons: 39566.711667802214
tot_aggregated_send: 0
tot_msg_rcv: 19239
tot_msg_sent: 28526
tot_reconf_duration: 18.21
tot_sleeping_duration: 618108.1397999981
tot_uptimes: 487
tot_uptimes_duration: 29530.98020000183
