comms_cons: 64.67699840033542
finished_reconf: true
global_termination_time: 648334.26
local_termination_time: 116476.49747999995
node_cons: 13342.971980000015
tot_aggregated_send: 9280
tot_msg_rcv: 205
tot_msg_sent: 346
tot_reconf_duration: 4.8100000000000005
tot_sleeping_duration: 638374.26
tot_uptimes: 167
tot_uptimes_duration: 9960.0
