comms_cons: 128.40624638623441
finished_reconf: true
global_termination_time: 649434.937
local_termination_time: 28111.100760000005
node_cons: 13342.40976112145
tot_aggregated_send: 0
tot_msg_rcv: 9890
tot_msg_sent: 9627
tot_reconf_duration: 4.390000000000001
tot_sleeping_duration: 639474.9309199989
tot_uptimes: 167
tot_uptimes_duration: 9960.006080001069
