comms_cons: 367.8825471954256
finished_reconf: true
global_termination_time: 3760806.635
local_termination_time: 1911597.30336
node_cons: 77375.95638111499
tot_aggregated_send: 53186
tot_msg_rcv: 931
tot_msg_sent: 1799
tot_reconf_duration: 6.279999999999999
tot_sleeping_duration: 3703026.6289200024
tot_uptimes: 964
tot_uptimes_duration: 57780.006079997635
