comms_cons: 38.7659008001432
finished_reconf: true
global_termination_time: 388488.27780000085
local_termination_time: 152577.5804800001
node_cons: 8060.560349444023
tot_aggregated_send: 5394
tot_msg_rcv: 131
tot_msg_sent: 368
tot_reconf_duration: 25.299999999999997
tot_sleeping_duration: 382494.1008399979
tot_uptimes: 100
tot_uptimes_duration: 5994.17696000298
