comms_cons: 345.0359165936304
finished_reconf: true
global_termination_time: 1183904.9584799998
local_termination_time: 1183904.9173599998
node_cons: 48362.05438780211
tot_aggregated_send: 0
tot_msg_rcv: 17576
tot_msg_sent: 34866
tot_reconf_duration: 24.59
tot_sleeping_duration: 1147811.8582799977
tot_uptimes: 599
tot_uptimes_duration: 36093.10020000202
