comms_cons: 65.17571840528387
finished_reconf: true
global_termination_time: 278087.2616400004
local_termination_time: 278087.2205200004
node_cons: 5796.036368653724
tot_aggregated_send: 0
tot_msg_rcv: 5719
tot_msg_sent: 4189
tot_reconf_duration: 37.410000000000004
tot_sleeping_duration: 273796.57187999017
tot_uptimes: 72
tot_uptimes_duration: 4290.689760010238
