comms_cons: 27.941862400517497
finished_reconf: true
global_termination_time: 283126.125
local_termination_time: 177973.57136000006
node_cons: 5818.84554112146
tot_aggregated_send: 3886
tot_msg_rcv: 94
tot_msg_sent: 267
tot_reconf_duration: 25.299999999999997
tot_sleeping_duration: 278806.11891999893
tot_uptimes: 73
tot_uptimes_duration: 4320.006080001069
