comms_cons: 409.5303232102716
finished_reconf: true
global_termination_time: 4165441.923
local_termination_time: 1654420.3663599999
node_cons: 85731.33266334861
tot_aggregated_send: 57420
tot_msg_rcv: 1742
tot_msg_sent: 3083
tot_reconf_duration: 6.279999999999999
tot_sleeping_duration: 4101421.904760007
tot_uptimes: 1067
tot_uptimes_duration: 64020.01823999314
