comms_cons: 413.0063808520895
finished_reconf: true
global_termination_time: 4165988.56
local_termination_time: 636033.5614399995
node_cons: 85659.6648100502
tot_aggregated_send: 57826
tot_msg_rcv: 1665
tot_msg_sent: 3284
tot_reconf_duration: 12.629999999999999
tot_sleeping_duration: 4102028.5052800206
tot_uptimes: 1067
tot_uptimes_duration: 63960.05471997941
