comms_cons: 412.82634884914626
finished_reconf: true
global_termination_time: 4168783.37
local_termination_time: 1340536.827999999
node_cons: 85731.25118334853
tot_aggregated_send: 57594
tot_msg_rcv: 1816
tot_msg_sent: 3338
tot_reconf_duration: 6.22
tot_sleeping_duration: 4104763.351760007
tot_uptimes: 1068
tot_uptimes_duration: 64020.01823999314
