comms_cons: 410.88482562991715
finished_reconf: true
global_termination_time: 4167958.382
local_termination_time: 1485000.769599998
node_cons: 85750.37722574579
tot_aggregated_send: 57594
tot_msg_rcv: 1722
tot_msg_sent: 3137
tot_reconf_duration: 11.31
tot_sleeping_duration: 4103929.242160009
tot_uptimes: 1068
tot_uptimes_duration: 64029.139839990996
