comms_cons: 407.17478401545185
finished_reconf: true
global_termination_time: 4167902.044
local_termination_time: 1533186.7944799997
node_cons: 85730.18650446531
tot_aggregated_send: 57072
tot_msg_rcv: 1623
tot_msg_sent: 3194
tot_reconf_duration: 5.43
tot_sleeping_duration: 4103882.019680009
tot_uptimes: 1068
tot_uptimes_duration: 64020.02431999077
