comms_cons: 211.28837757573527
finished_reconf: true
global_termination_time: 2096072.475
local_termination_time: 1255911.5565199992
node_cons: 43070.73560670056
tot_aggregated_send: 28246
tot_msg_rcv: 1422
tot_msg_sent: 2445
tot_reconf_duration: 6.22
tot_sleeping_duration: 2063912.4385200143
tot_uptimes: 537
tot_uptimes_duration: 32160.036479985807
