comms_cons: 209.14531198964937
finished_reconf: true
global_termination_time: 2098007.48
local_termination_time: 1011871.5541199979
node_cons: 43175.39191367679
tot_aggregated_send: 29928
tot_msg_rcv: 704
tot_msg_sent: 1157
tot_reconf_duration: 15.34
tot_sleeping_duration: 2065778.532880002
tot_uptimes: 538
tot_uptimes_duration: 32228.94711999793
