comms_cons: 1.6119039999988956
finished_reconf: true
global_termination_time: 10491.481
local_termination_time: 5428.085360000001
node_cons: 169.1289024000059
tot_aggregated_send: 0
tot_msg_rcv: 132
tot_msg_sent: 113
tot_reconf_duration: 6.22
tot_sleeping_duration: 10371.479399999997
tot_uptimes: 3
tot_uptimes_duration: 120.00160000000415
