comms_cons: 366.4803584290575
finished_reconf: true
global_termination_time: 3708417.452
local_termination_time: 2401029.3306000005
node_cons: 76249.61022334911
tot_aggregated_send: 51620
tot_msg_rcv: 1373
tot_msg_sent: 2709
tot_reconf_duration: 5.1
tot_sleeping_duration: 3651477.433760007
tot_uptimes: 950
tot_uptimes_duration: 56940.01823999314
