comms_cons: 62.9037312003836
finished_reconf: true
global_termination_time: 636170.5856799994
local_termination_time: 636170.5445599995
node_cons: 13080.938721123017
tot_aggregated_send: 8918
tot_msg_rcv: 157
tot_msg_sent: 485
tot_reconf_duration: 24.59
tot_sleeping_duration: 626426.3395999973
tot_uptimes: 163
tot_uptimes_duration: 9744.24608000223
