comms_cons: 242.0882431903066
finished_reconf: true
global_termination_time: 2500851.942
local_termination_time: 1362232.34036
node_cons: 51508.56770111615
tot_aggregated_send: 35148
tot_msg_rcv: 560
tot_msg_sent: 1088
tot_reconf_duration: 7.819999999999999
tot_sleeping_duration: 2462391.935920002
tot_uptimes: 641
tot_uptimes_duration: 38460.006079997635
