comms_cons: 123.55576961355915
finished_reconf: true
global_termination_time: 425304.9096000001
local_termination_time: 425304.86848000006
node_cons: 17319.166201400192
tot_aggregated_send: 0
tot_msg_rcv: 6325
tot_msg_sent: 12452
tot_reconf_duration: 37.410000000000004
tot_sleeping_duration: 412408.447
tot_uptimes: 215
tot_uptimes_duration: 12896.462600000115
