comms_cons: 42.45429760038506
finished_reconf: true
global_termination_time: 427002.757
local_termination_time: 195458.5410400008
node_cons: 8804.066986561085
tot_aggregated_send: 6090
tot_msg_rcv: 145
tot_msg_sent: 218
tot_reconf_duration: 25.299999999999997
tot_sleeping_duration: 420453.3099599992
tot_uptimes: 110
tot_uptimes_duration: 6549.447040000785
