comms_cons: 47.1297215998709
finished_reconf: true
global_termination_time: 11111.698360000004
local_termination_time: 2873.499480000002
node_cons: 4862.50125888005
tot_aggregated_send: 0
tot_msg_rcv: 3691
tot_msg_sent: 3470
tot_reconf_duration: 18.21
tot_sleeping_duration: 7498.724439999968
tot_uptimes: 51
tot_uptimes_duration: 3612.973920000036
