comms_cons: 74.12126719909885
finished_reconf: true
global_termination_time: 756434.853
local_termination_time: 277306.7232800004
node_cons: 15526.46800223832
tot_aggregated_send: 10324
tot_msg_rcv: 255
tot_msg_sent: 687
tot_reconf_duration: 15.34
tot_sleeping_duration: 744854.8408400012
tot_uptimes: 194
tot_uptimes_duration: 11580.012159998703
