comms_cons: 73.00938239939755
finished_reconf: true
global_termination_time: 754684.111
local_termination_time: 272244.59136
node_cons: 15512.545799999993
tot_aggregated_send: 10092
tot_msg_rcv: 304
tot_msg_sent: 701
tot_reconf_duration: 5.1
tot_sleeping_duration: 743104.111
tot_uptimes: 194
tot_uptimes_duration: 11580.0
