comms_cons: 251.22675183790207
finished_reconf: true
global_termination_time: 1282853.165
local_termination_time: 473966.77220000065
node_cons: 26382.294982238338
tot_aggregated_send: 0
tot_msg_rcv: 19177
tot_msg_sent: 19008
tot_reconf_duration: 22.65
tot_sleeping_duration: 1263173.1528400013
tot_uptimes: 329
tot_uptimes_duration: 19680.012159998703
