comms_cons: 130.59280638888103
finished_reconf: true
global_termination_time: 1281013.3233599989
local_termination_time: 1281013.282239999
node_cons: 26437.09115776256
tot_aggregated_send: 17328
tot_msg_rcv: 799
tot_msg_sent: 1722
tot_reconf_duration: 24.59
tot_sleeping_duration: 1261294.3555199972
tot_uptimes: 329
tot_uptimes_duration: 19718.967840001875
