comms_cons: 141.8146559937843
finished_reconf: true
global_termination_time: 1427862.8544799997
local_termination_time: 1427862.8133599998
node_cons: 29393.277502079538
tot_aggregated_send: 20216
tot_msg_rcv: 399
tot_msg_sent: 939
tot_reconf_duration: 37.410000000000004
tot_sleeping_duration: 1405949.13176
tot_uptimes: 366
tot_uptimes_duration: 21913.722719999612
