comms_cons: 265.1424894233491
finished_reconf: true
global_termination_time: 1432596.581
local_termination_time: 311195.86636000004
node_cons: 29411.41464670561
tot_aggregated_send: 0
tot_msg_rcv: 20556
tot_msg_sent: 19745
tot_reconf_duration: 5.1
tot_sleeping_duration: 1410636.5445200107
tot_uptimes: 367
tot_uptimes_duration: 21960.03647998924
