comms_cons: 145.9279103854828
finished_reconf: true
global_termination_time: 1429505.325
local_termination_time: 541450.95136
node_cons: 29422.34114223377
tot_aggregated_send: 19314
tot_msg_rcv: 1017
tot_msg_sent: 1850
tot_reconf_duration: 13.17
tot_sleeping_duration: 1407545.3128400047
tot_uptimes: 367
tot_uptimes_duration: 21960.01215999527
