comms_cons: 148.9038399780275
finished_reconf: true
global_termination_time: 1428360.76
local_termination_time: 420523.31860000105
node_cons: 29329.52533910703
tot_aggregated_send: 18386
tot_msg_rcv: 1562
tot_msg_sent: 2684
tot_reconf_duration: 3.08
tot_sleeping_duration: 1406459.8319200098
tot_uptimes: 366
tot_uptimes_duration: 21900.928079990263
