comms_cons: 148.1175295809587
finished_reconf: true
global_termination_time: 1429982.977
local_termination_time: 196404.94336000003
node_cons: 29415.124688953067
tot_aggregated_send: 18328
tot_msg_rcv: 1452
tot_msg_sent: 2733
tot_reconf_duration: 7.819999999999999
tot_sleeping_duration: 1408022.9283600051
tot_uptimes: 367
tot_uptimes_duration: 21960.048639994813
