comms_cons: 146.40098558393598
finished_reconf: true
global_termination_time: 1432545.924
local_termination_time: 301332.73104000074
node_cons: 29419.855967827087
tot_aggregated_send: 18908
tot_msg_rcv: 1153
tot_msg_sent: 2191
tot_reconf_duration: 11.31
tot_sleeping_duration: 1410585.8814400097
tot_uptimes: 367
tot_uptimes_duration: 21960.042559990325
