comms_cons: 94.76021759910911
finished_reconf: true
global_termination_time: 961196.857
local_termination_time: 734715.0633599999
node_cons: 19770.565799999997
tot_aggregated_send: 13920
tot_msg_rcv: 138
tot_msg_sent: 345
tot_reconf_duration: 5.1
tot_sleeping_duration: 946436.857
tot_uptimes: 247
tot_uptimes_duration: 14760.0
