comms_cons: 94.87415039908234
finished_reconf: true
global_termination_time: 959797.117
local_termination_time: 319872.93736000004
node_cons: 19717.665541121445
tot_aggregated_send: 13630
tot_msg_rcv: 234
tot_msg_sent: 557
tot_reconf_duration: 25.299999999999997
tot_sleeping_duration: 945097.110919999
tot_uptimes: 246
tot_uptimes_duration: 14700.006080001069
