comms_cons: 95.80631039533745
finished_reconf: true
global_termination_time: 962749.832
local_termination_time: 18582.235
node_cons: 19772.14363071309
tot_aggregated_send: 13047
tot_msg_rcv: 385
tot_msg_sent: 1130
tot_reconf_duration: 4.8100000000000005
tot_sleeping_duration: 947988.3595200053
tot_uptimes: 247
tot_uptimes_duration: 14761.472479994818
