comms_cons: 98.49612159605849
finished_reconf: true
global_termination_time: 962257.577
local_termination_time: 517010.7823600001
node_cons: 19767.798182233757
tot_aggregated_send: 12876
tot_msg_rcv: 698
tot_msg_sent: 1396
tot_reconf_duration: 3.05
tot_sleeping_duration: 947497.5648400048
tot_uptimes: 247
tot_uptimes_duration: 14760.012159995269
