comms_cons: 809.8633401703397
finished_reconf: true
global_termination_time: 1927655.474
local_termination_time: 256959.80448000008
node_cons: 117054.53513693582
tot_aggregated_send: 0
tot_msg_rcv: 49722
tot_msg_sent: 73373
tot_reconf_duration: 18.21
tot_sleeping_duration: 1840254.5733600156
tot_uptimes: 1432
tot_uptimes_duration: 87400.9006399845
