comms_cons: 194.84188158090882
finished_reconf: true
global_termination_time: 1932009.255
local_termination_time: 723960.5378399998
node_cons: 39698.62026558859
tot_aggregated_send: 25578
tot_msg_rcv: 1419
tot_msg_sent: 2617
tot_reconf_duration: 7.819999999999999
tot_sleeping_duration: 1902369.2246000085
tot_uptimes: 495
tot_uptimes_duration: 29640.030399991607
