comms_cons: 197.02758397463307
finished_reconf: true
global_termination_time: 1930411.279
local_termination_time: 727708.44236
node_cons: 39696.49631228503
tot_aggregated_send: 25404
tot_msg_rcv: 1609
tot_msg_sent: 2934
tot_reconf_duration: 6.22
tot_sleeping_duration: 1900771.2121200261
tot_uptimes: 495
tot_uptimes_duration: 29640.06687997398
