comms_cons: 137.1561599892327
finished_reconf: true
global_termination_time: 1365625.005
local_termination_time: 132838.30936000004
node_cons: 28059.56499006992
tot_aggregated_send: 18038
tot_msg_rcv: 948
tot_msg_sent: 1861
tot_reconf_duration: 15.34
tot_sleeping_duration: 1344684.9502800074
tot_uptimes: 350
tot_uptimes_duration: 20940.054719992448
