comms_cons: 136.86460798557286
finished_reconf: true
global_termination_time: 1368883.499
local_termination_time: 687492.3512799992
node_cons: 28130.03506670559
tot_aggregated_send: 17748
tot_msg_rcv: 1192
tot_msg_sent: 1863
tot_reconf_duration: 8.09
tot_sleeping_duration: 1347883.462520011
tot_uptimes: 351
tot_uptimes_duration: 21000.03647998924
