comms_cons: 137.54538239107268
finished_reconf: true
global_termination_time: 1365386.629
local_termination_time: 306731.1685600002
node_cons: 28131.808642242882
tot_aggregated_send: 19082
tot_msg_rcv: 644
tot_msg_sent: 1180
tot_reconf_duration: 9.42
tot_sleeping_duration: 1344386.616839998
tot_uptimes: 350
tot_uptimes_duration: 21000.012160002138
