comms_cons: 139.24674558956437
finished_reconf: true
global_termination_time: 1368915.06
local_termination_time: 266271.39336000005
node_cons: 28136.208527836272
tot_aggregated_send: 18096
tot_msg_rcv: 1110
tot_msg_sent: 1959
tot_reconf_duration: 12.629999999999999
tot_sleeping_duration: 1347915.0174400029
tot_uptimes: 351
tot_uptimes_duration: 21000.04255999718
