comms_cons: 139.93771519135913
finished_reconf: true
global_termination_time: 1369647.683
local_termination_time: 388633.8154400002
node_cons: 28125.580826705635
tot_aggregated_send: 18734
tot_msg_rcv: 967
tot_msg_sent: 1568
tot_reconf_duration: 4.8100000000000005
tot_sleeping_duration: 1348647.6465200107
tot_uptimes: 351
tot_uptimes_duration: 21000.03647998924
