comms_cons: 136.24975999244683
finished_reconf: true
global_termination_time: 1369241.969
local_termination_time: 594032.9663999992
node_cons: 28124.977902233728
tot_aggregated_send: 18792
tot_msg_rcv: 639
tot_msg_sent: 1278
tot_reconf_duration: 4.390000000000001
tot_sleeping_duration: 1348241.9568400048
tot_uptimes: 351
tot_uptimes_duration: 21000.01215999527
