comms_cons: 137.92853758936639
finished_reconf: true
global_termination_time: 1365354.4502400002
local_termination_time: 132795.88032000017
node_cons: 28063.30370391109
tot_aggregated_send: 18038
tot_msg_rcv: 967
tot_msg_sent: 1958
tot_reconf_duration: 3.05
tot_sleeping_duration: 1344399.1389600066
tot_uptimes: 350
tot_uptimes_duration: 20955.31127999333
