comms_cons: 139.06561278965287
finished_reconf: true
global_termination_time: 1369727.827
local_termination_time: 180265.77036000002
node_cons: 28129.684688953068
tot_aggregated_send: 18270
tot_msg_rcv: 944
tot_msg_sent: 1924
tot_reconf_duration: 7.819999999999999
tot_sleeping_duration: 1348727.7783600052
tot_uptimes: 351
tot_uptimes_duration: 21000.048639994813
