comms_cons: 263.174579199989
finished_reconf: true
global_termination_time: 2809744.352
local_termination_time: 6853.5199999999995
node_cons: 57859.68367999896
tot_aggregated_send: 39951
tot_msg_rcv: 5
tot_msg_sent: 45
tot_reconf_duration: 10.96
tot_sleeping_duration: 2766544.352
tot_uptimes: 720
tot_uptimes_duration: 43200.0
