comms_cons: 278.85344000667186
finished_reconf: true
global_termination_time: 2808384.763
local_termination_time: 6923.321
node_cons: 57853.60524446661
tot_aggregated_send: 39665
tot_msg_rcv: 939
tot_msg_sent: 1780
tot_reconf_duration: 6.46
tot_sleeping_duration: 2765184.7386800093
tot_uptimes: 720
tot_uptimes_duration: 43200.02431999077
