comms_cons: 104.69297279652915
finished_reconf: true
global_termination_time: 1053138.359
local_termination_time: 628344.2014399986
node_cons: 21622.087701116954
tot_aggregated_send: 14442
tot_msg_rcv: 502
tot_msg_sent: 968
tot_reconf_duration: 7.819999999999999
tot_sleeping_duration: 1036998.3529200023
tot_uptimes: 270
tot_uptimes_duration: 16140.006079997635
