comms_cons: 104.89828479949358
finished_reconf: true
global_termination_time: 1056978.31
local_termination_time: 720353.3276799985
node_cons: 21700.246760000155
tot_aggregated_send: 14616
tot_msg_rcv: 501
tot_msg_sent: 826
tot_reconf_duration: 6.22
tot_sleeping_duration: 1040778.31
tot_uptimes: 271
tot_uptimes_duration: 16200.0
