comms_cons: 79.49172479565279
finished_reconf: true
global_termination_time: 763714.141
local_termination_time: 152442.2438400006
node_cons: 15678.760932321986
tot_aggregated_send: 9802
tot_msg_rcv: 765
tot_msg_sent: 1516
tot_reconf_duration: 9.11
tot_sleeping_duration: 752014.0741199985
tot_uptimes: 196
tot_uptimes_duration: 11700.066880001456
