comms_cons: 77.94440959708021
finished_reconf: true
global_termination_time: 767906.125
local_termination_time: 493124.78699999995
node_cons: 15753.204544481145
tot_aggregated_send: 10086
tot_msg_rcv: 517
tot_msg_sent: 1244
tot_reconf_duration: 4.8100000000000005
tot_sleeping_duration: 756146.1006799992
tot_uptimes: 197
tot_uptimes_duration: 11760.02432000084
