comms_cons: 78.65433599527421
finished_reconf: true
global_termination_time: 768175.582
local_termination_time: 419893.70848000003
node_cons: 15772.059023350455
tot_aggregated_send: 10324
tot_msg_rcv: 600
tot_msg_sent: 1031
tot_reconf_duration: 18.700000000000003
tot_sleeping_duration: 756415.5637600071
tot_uptimes: 197
tot_uptimes_duration: 11760.018239992904
