comms_cons: 76.54899199814842
finished_reconf: true
global_termination_time: 766954.529
local_termination_time: 607863.8813599999
node_cons: 15750.79004111692
tot_aggregated_send: 10846
tot_msg_rcv: 268
tot_msg_sent: 521
tot_reconf_duration: 3.05
tot_sleeping_duration: 755194.5229200023
tot_uptimes: 197
tot_uptimes_duration: 11760.006079997635
