comms_cons: 80.97867519611512
finished_reconf: true
global_termination_time: 764778.65
local_termination_time: 492834.9514400002
node_cons: 15674.787465597941
tot_aggregated_send: 9686
tot_msg_rcv: 995
tot_msg_sent: 1628
tot_reconf_duration: 6.22
tot_sleeping_duration: 753078.6196000015
tot_uptimes: 196
tot_uptimes_duration: 11700.030399998475
