comms_cons: 151.49139199072994
finished_reconf: true
global_termination_time: 1502155.743
local_termination_time: 837630.64736
node_cons: 30861.21212447666
tot_aggregated_send: 20010
tot_msg_rcv: 985
tot_msg_sent: 2030
tot_reconf_duration: 7.819999999999999
tot_sleeping_duration: 1479115.7186800025
tot_uptimes: 385
tot_uptimes_duration: 23040.024319997407
