comms_cons: 119.8664447919246
finished_reconf: true
global_termination_time: 1175072.75
local_termination_time: 309843.76736000006
node_cons: 24119.917424471943
tot_aggregated_send: 15428
tot_msg_rcv: 998
tot_msg_sent: 1793
tot_reconf_duration: 13.17
tot_sleeping_duration: 1157072.725680006
tot_uptimes: 301
tot_uptimes_duration: 18000.024319993972
