comms_cons: 120.28751358663567
finished_reconf: true
global_termination_time: 1170774.817
local_termination_time: 547777.2588799989
node_cons: 24037.08410893921
tot_aggregated_send: 15196
tot_msg_rcv: 1030
tot_msg_sent: 2057
tot_reconf_duration: 11.31
tot_sleeping_duration: 1152834.7683600155
tot_uptimes: 300
tot_uptimes_duration: 17940.04863998451
