comms_cons: 407.52593283083513
finished_reconf: true
global_termination_time: 4115434.218
local_termination_time: 2561766.0806
node_cons: 84614.18019999767
tot_aggregated_send: 59276
tot_msg_rcv: 875
tot_msg_sent: 1789
tot_reconf_duration: 11.899999999999999
tot_sleeping_duration: 4052254.218
tot_uptimes: 1054
tot_uptimes_duration: 63180.0
