comms_cons: 1.5066367999971157
finished_reconf: true
global_termination_time: 10971.051
local_termination_time: 4056.0823600000003
node_cons: 171.6662200000002
tot_aggregated_send: 0
tot_msg_rcv: 120
tot_msg_sent: 109
tot_reconf_duration: 8.09
tot_sleeping_duration: 10851.051
tot_uptimes: 3
tot_uptimes_duration: 120.0
