comms_cons: 1.4651391999945842
finished_reconf: true
global_termination_time: 8378.147
local_termination_time: 6214.05836
node_cons: 177.83154000000016
tot_aggregated_send: 0
tot_msg_rcv: 117
tot_msg_sent: 105
tot_reconf_duration: 12.629999999999999
tot_sleeping_duration: 8258.147
tot_uptimes: 3
tot_uptimes_duration: 120.0
