comms_cons: 243.147494393942
finished_reconf: true
global_termination_time: 2467182.001
local_termination_time: 1338374.0443600002
node_cons: 50709.41009999952
tot_aggregated_send: 35728
tot_msg_rcv: 369
tot_msg_sent: 860
tot_reconf_duration: 10.95
tot_sleeping_duration: 2429322.001
tot_uptimes: 632
tot_uptimes_duration: 37860.0
