comms_cons: 121.19715199056397
finished_reconf: true
global_termination_time: 1186160.7511200004
local_termination_time: 40942.435480000015
node_cons: 24411.865826388457
tot_aggregated_send: 15660
tot_msg_rcv: 952
tot_msg_sent: 1808
tot_reconf_duration: 4.8100000000000005
tot_sleeping_duration: 1167934.213520009
tot_uptimes: 304
tot_uptimes_duration: 18226.537599991352
