comms_cons: 44.2967808001631
finished_reconf: true
global_termination_time: 456343.92
local_termination_time: 121133.09747999997
node_cons: 9350.206841121453
tot_aggregated_send: 6612
tot_msg_rcv: 25
tot_msg_sent: 95
tot_reconf_duration: 22.65
tot_sleeping_duration: 449383.9139199989
tot_uptimes: 117
tot_uptimes_duration: 6960.006080001069
