comms_cons: 64.72021759936837
finished_reconf: true
global_termination_time: 642864.79
local_termination_time: 284727.07636000006
node_cons: 13200.513603364348
tot_aggregated_send: 8700
tot_msg_rcv: 337
tot_msg_sent: 801
tot_reconf_duration: 18.21
tot_sleeping_duration: 633024.7717599969
tot_uptimes: 165
tot_uptimes_duration: 9840.018240003214
