comms_cons: 51.223795200569135
finished_reconf: true
global_termination_time: 501507.4712000006
local_termination_time: 501507.4300800006
node_cons: 10378.935110846624
tot_aggregated_send: 6772
tot_msg_rcv: 329
tot_msg_sent: 683
tot_reconf_duration: 24.59
tot_sleeping_duration: 493781.1516399957
tot_uptimes: 129
tot_uptimes_duration: 7726.319560004929
