comms_cons: 51.02987520092641
finished_reconf: true
global_termination_time: 501508.23824000015
local_termination_time: 82896.92391999955
node_cons: 10309.926436086529
tot_aggregated_send: 6496
tot_msg_rcv: 395
tot_msg_sent: 864
tot_reconf_duration: 4.390000000000001
tot_sleeping_duration: 493812.96951999527
tot_uptimes: 129
tot_uptimes_duration: 7695.268720004868
