comms_cons: 85.4701312110788
finished_reconf: true
global_termination_time: 506035.523
local_termination_time: 307013.08936000004
node_cons: 10374.487701121454
tot_aggregated_send: 0
tot_msg_rcv: 6613
tot_msg_sent: 6377
tot_reconf_duration: 7.819999999999999
tot_sleeping_duration: 498295.5169199989
tot_uptimes: 130
tot_uptimes_duration: 7740.006080001069
