comms_cons: 34.33199360018547
finished_reconf: true
global_termination_time: 337995.291
local_termination_time: 13336.064720000002
node_cons: 6915.7719800000095
tot_aggregated_send: 4524
tot_msg_rcv: 233
tot_msg_sent: 461
tot_reconf_duration: 4.8100000000000005
tot_sleeping_duration: 332835.291
tot_uptimes: 87
tot_uptimes_duration: 5160.0
