comms_cons: 34.053939200141265
finished_reconf: true
global_termination_time: 334416.5666000001
local_termination_time: 334416.52548000007
node_cons: 6880.739284001302
tot_aggregated_send: 4350
tot_msg_rcv: 239
tot_msg_sent: 586
tot_reconf_duration: 24.59
tot_sleeping_duration: 329302.79059999913
tot_uptimes: 86
tot_uptimes_duration: 5113.776000000957
