comms_cons: 33.928934400163705
finished_reconf: true
global_termination_time: 335253.26
local_termination_time: 45422.20436000001
node_cons: 6837.363042240591
tot_aggregated_send: 4466
tot_msg_rcv: 226
tot_msg_sent: 465
tot_reconf_duration: 6.22
tot_sleeping_duration: 330153.24783999956
tot_uptimes: 86
tot_uptimes_duration: 5100.012160000435
