comms_cons: 1127.257298843894
finished_reconf: true
global_termination_time: 2336151.9995999997
local_termination_time: 2336151.9584799996
node_cons: 141361.3300053405
tot_aggregated_send: 0
tot_msg_rcv: 69358
tot_msg_sent: 101974
tot_reconf_duration: 24.59
tot_sleeping_duration: 2230604.6233600113
tot_uptimes: 1730
tot_uptimes_duration: 105547.3762399889
