comms_cons: 460.8720382531872
finished_reconf: true
global_termination_time: 2336152.5995999975
local_termination_time: 140.85004000000018
node_cons: 48081.79857286707
tot_aggregated_send: 0
tot_msg_rcv: 35356
tot_msg_sent: 34691
tot_reconf_duration: 13.17
tot_sleeping_duration: 2300257.2196800066
tot_uptimes: 599
tot_uptimes_duration: 35895.3799199908
