comms_cons: 231.11413758578635
finished_reconf: true
global_termination_time: 2338537.991
local_termination_time: 1156180.43336
node_cons: 48053.94770111631
tot_aggregated_send: 32306
tot_msg_rcv: 1062
tot_msg_sent: 1760
tot_reconf_duration: 7.819999999999999
tot_sleeping_duration: 2302657.9849200025
tot_uptimes: 599
tot_uptimes_duration: 35880.006079997635
