comms_cons: 31.5478912003206
finished_reconf: true
global_termination_time: 309628.762
local_termination_time: 258683.953
node_cons: 6371.095362081402
tot_aggregated_send: 4285
tot_msg_rcv: 221
tot_msg_sent: 290
tot_reconf_duration: 13.17
tot_sleeping_duration: 304884.01927999896
tot_uptimes: 80
tot_uptimes_duration: 4744.742720001028
