comms_cons: 31.955174400829353
finished_reconf: true
global_termination_time: 311115.874
local_termination_time: 149835.19336000003
node_cons: 6359.660501121415
tot_aggregated_send: 4060
tot_msg_rcv: 282
tot_msg_sent: 515
tot_reconf_duration: 9.42
tot_sleeping_duration: 306375.86791999894
tot_uptimes: 80
tot_uptimes_duration: 4740.006080001069
