comms_cons: 108.21896960944294
finished_reconf: true
global_termination_time: 547527.5395999999
local_termination_time: 2309.9346
node_cons: 11276.626333042741
tot_aggregated_send: 0
tot_msg_rcv: 8318
tot_msg_sent: 8129
tot_reconf_duration: 6.22
tot_sleeping_duration: 539112.1702399978
tot_uptimes: 141
tot_uptimes_duration: 8415.369360002034
