comms_cons: 54.49551360057653
finished_reconf: true
global_termination_time: 549643.209
local_termination_time: 381190.51936000003
node_cons: 11262.958979999972
tot_aggregated_send: 7772
tot_msg_rcv: 173
tot_msg_sent: 338
tot_reconf_duration: 11.31
tot_sleeping_duration: 541243.209
tot_uptimes: 141
tot_uptimes_duration: 8399.99999999997
