comms_cons: 48.54917120109307
finished_reconf: true
global_termination_time: 477178.448
local_termination_time: 253083.55640000085
node_cons: 9852.741900086883
tot_aggregated_send: 6380
tot_msg_rcv: 367
tot_msg_sent: 633
tot_reconf_duration: 25.299999999999997
tot_sleeping_duration: 469845.8232799949
tot_uptimes: 123
tot_uptimes_duration: 7332.624720005115
