comms_cons: 49.33610880120165
finished_reconf: true
global_termination_time: 478651.204
local_termination_time: 66085.90047999997
node_cons: 9812.123983364316
tot_aggregated_send: 6264
tot_msg_rcv: 424
tot_msg_sent: 810
tot_reconf_duration: 7.819999999999999
tot_sleeping_duration: 471331.1857599968
tot_uptimes: 123
tot_uptimes_duration: 7320.018240003206
