comms_cons: 47.936678400161036
finished_reconf: true
global_termination_time: 478062.625
local_termination_time: 100067.98219999963
node_cons: 9808.862081121453
tot_aggregated_send: 6612
tot_msg_rcv: 214
tot_msg_sent: 460
tot_reconf_duration: 5.43
tot_sleeping_duration: 470742.61891999893
tot_uptimes: 123
tot_uptimes_duration: 7320.006080001069
