comms_cons: 278.80578559802535
finished_reconf: false
global_termination_time: 2810088.439
local_termination_time: 0
node_cons: 57844.79999999896
tot_aggregated_send: 40658
tot_msg_rcv: 616
tot_msg_sent: 1102
tot_reconf_duration: 0
tot_sleeping_duration: 2766888.439
tot_uptimes: 720
tot_uptimes_duration: 43200.0
