comms_cons: 284.16222720404164
finished_reconf: true
global_termination_time: 2807767.6
local_termination_time: 338783.28652000084
node_cons: 57875.59940559268
tot_aggregated_send: 39324
tot_msg_rcv: 1445
tot_msg_sent: 2422
tot_reconf_duration: 22.65
tot_sleeping_duration: 2764567.569600005
tot_uptimes: 720
tot_uptimes_duration: 43200.03039999528
