comms_cons: 158.56866561734824
finished_reconf: true
global_termination_time: 330862.9416000001
local_termination_time: 330862.90048000007
node_cons: 19905.89899732085
tot_aggregated_send: 0
tot_msg_rcv: 9772
tot_msg_sent: 14329
tot_reconf_duration: 37.410000000000004
tot_sleeping_duration: 316034.6397199995
tot_uptimes: 245
tot_uptimes_duration: 14828.301880000608
