comms_cons: 66.37895040754668
finished_reconf: true
global_termination_time: 331360.797
local_termination_time: 957.7134799999999
node_cons: 6779.326841121438
tot_aggregated_send: 0
tot_msg_rcv: 5234
tot_msg_sent: 4854
tot_reconf_duration: 22.65
tot_sleeping_duration: 326320.79091999895
tot_uptimes: 85
tot_uptimes_duration: 5040.006080001069
