comms_cons: 35.19214080097092
finished_reconf: true
global_termination_time: 334311.681
local_termination_time: 2067.6461600000016
node_cons: 6843.778241121439
tot_aggregated_send: 4234
tot_msg_rcv: 426
tot_msg_sent: 689
tot_reconf_duration: 10.95
tot_sleeping_duration: 329211.6749199989
tot_uptimes: 86
tot_uptimes_duration: 5100.006080001069
