comms_cons: 33.36312320055265
finished_reconf: true
global_termination_time: 332349.822
local_termination_time: 61257.48748000002
node_cons: 6837.363042242871
tot_aggregated_send: 4640
tot_msg_rcv: 145
tot_msg_sent: 286
tot_reconf_duration: 6.22
tot_sleeping_duration: 327249.80983999785
tot_uptimes: 86
tot_uptimes_duration: 5100.0121600021375
