comms_cons: 15.763763200031113
finished_reconf: true
global_termination_time: 143309.363
local_termination_time: 74812.03335999997
node_cons: 2902.8677011191617
tot_aggregated_send: 1508
tot_msg_rcv: 314
tot_msg_sent: 574
tot_reconf_duration: 7.819999999999999
tot_sleeping_duration: 141149.35692000063
tot_uptimes: 37
tot_uptimes_duration: 2160.006079999366
