comms_cons: 553.4225664598168
finished_reconf: true
global_termination_time: 5586921.6794799995
local_termination_time: 5586921.638359999
node_cons: 114937.97608319251
tot_aggregated_send: 80504
tot_msg_rcv: 1179
tot_msg_sent: 2433
tot_reconf_duration: 24.59
tot_sleeping_duration: 5501107.950680003
tot_uptimes: 1431
tot_uptimes_duration: 85813.72879999725
