comms_cons: 547.0926144727282
finished_reconf: true
global_termination_time: 5589666.047
local_termination_time: 3963134.714999999
node_cons: 115000.92182334735
tot_aggregated_send: 78010
tot_msg_rcv: 1527
tot_msg_sent: 3618
tot_reconf_duration: 25.299999999999997
tot_sleeping_duration: 5503806.028760007
tot_uptimes: 1432
tot_uptimes_duration: 85860.01823999337
