comms_cons: 560.3452673149696
finished_reconf: true
global_termination_time: 5587732.225
local_termination_time: 309428.44636000006
node_cons: 114917.04011117561
tot_aggregated_send: 76618
tot_msg_rcv: 2814
tot_msg_sent: 5737
tot_reconf_duration: 22.65
tot_sleeping_duration: 5501932.164200015
tot_uptimes: 1431
tot_uptimes_duration: 85800.06079998438
