comms_cons: 556.5213696894377
finished_reconf: true
global_termination_time: 5590732.09
local_termination_time: 671203.9540399984
node_cons: 114970.73888781563
tot_aggregated_send: 78416
tot_msg_rcv: 2112
tot_msg_sent: 4060
tot_reconf_duration: 3.05
tot_sleeping_duration: 5504872.047440016
tot_uptimes: 1432
tot_uptimes_duration: 85860.04255998437
