comms_cons: 552.3633152953687
finished_reconf: true
global_termination_time: 5588751.349
local_termination_time: 1759799.6943599998
node_cons: 114981.93968558166
tot_aggregated_send: 77140
tot_msg_rcv: 2350
tot_msg_sent: 4466
tot_reconf_duration: 11.31
tot_sleeping_duration: 5502891.318600012
tot_uptimes: 1432
tot_uptimes_duration: 85860.03039998887
