comms_cons: 551.0637120821016
finished_reconf: true
global_termination_time: 5587440.986
local_termination_time: 1817695.7903599998
node_cons: 114893.60650446467
tot_aggregated_send: 77140
tot_msg_rcv: 2307
tot_msg_sent: 4311
tot_reconf_duration: 5.43
tot_sleeping_duration: 5501640.961680008
tot_uptimes: 1431
tot_uptimes_duration: 85800.02431999124
