comms_cons: 88.33891839831388
finished_reconf: true
global_termination_time: 899963.453
local_termination_time: 645214.9566399981
node_cons: 18482.34190000009
tot_aggregated_send: 12992
tot_msg_rcv: 137
tot_msg_sent: 298
tot_reconf_duration: 3.05
tot_sleeping_duration: 886163.453
tot_uptimes: 231
tot_uptimes_duration: 13800.0
