comms_cons: 112.18193919790164
finished_reconf: true
global_termination_time: 1138752.496
local_termination_time: 750326.7633599999
node_cons: 23384.901620000055
tot_aggregated_send: 15834
tot_msg_rcv: 389
tot_msg_sent: 828
tot_reconf_duration: 4.390000000000001
tot_sleeping_duration: 1121292.496
tot_uptimes: 292
tot_uptimes_duration: 17460.0
