comms_cons: 223.44244467214435
finished_reconf: true
global_termination_time: 1135102.3639199995
local_termination_time: 1604.5946000000004
node_cons: 23343.116420634407
tot_aggregated_send: 0
tot_msg_rcv: 17121
tot_msg_sent: 16840
tot_reconf_duration: 6.22
tot_sleeping_duration: 1117675.4261600038
tot_uptimes: 291
tot_uptimes_duration: 17426.937759995795
