comms_cons: 40.71866880035323
finished_reconf: true
global_termination_time: 408078.346
local_termination_time: 58896.54320000004
node_cons: 8371.520200000012
tot_aggregated_send: 5742
tot_msg_rcv: 168
tot_msg_sent: 279
tot_reconf_duration: 11.899999999999999
tot_sleeping_duration: 401838.346
tot_uptimes: 105
tot_uptimes_duration: 6240.0
