comms_cons: 86.14339839766103
finished_reconf: true
global_termination_time: 846784.825
local_termination_time: 520854.13180000026
node_cons: 17360.39022335049
tot_aggregated_send: 11542
tot_msg_rcv: 563
tot_msg_sent: 990
tot_reconf_duration: 5.1
tot_sleeping_duration: 833824.806760007
tot_uptimes: 217
tot_uptimes_duration: 12960.018239992904
