comms_cons: 84.52298240014173
finished_reconf: true
global_termination_time: 846576.749
local_termination_time: 509967.3550400003
node_cons: 17371.333001121435
tot_aggregated_send: 11948
tot_msg_rcv: 330
tot_msg_sent: 569
tot_reconf_duration: 13.17
tot_sleeping_duration: 833616.742919999
tot_uptimes: 217
tot_uptimes_duration: 12960.006080001069
