comms_cons: 84.78117119896542
finished_reconf: true
global_termination_time: 850801.754
local_termination_time: 513056.2264400002
node_cons: 17442.24304223365
tot_aggregated_send: 11542
tot_msg_rcv: 473
tot_msg_sent: 871
tot_reconf_duration: 6.22
tot_sleeping_duration: 837781.7418400047
tot_uptimes: 218
tot_uptimes_duration: 13020.012159995269
