comms_cons: 86.0625151953698
finished_reconf: true
global_termination_time: 846945.879
local_termination_time: 583480.8805599984
node_cons: 17368.823403359635
tot_aggregated_send: 11484
tot_msg_rcv: 560
tot_msg_sent: 1037
tot_reconf_duration: 11.31
tot_sleeping_duration: 833985.8607600002
tot_uptimes: 217
tot_uptimes_duration: 12960.018239999772
