comms_cons: 253.08602883552217
finished_reconf: true
global_termination_time: 577525.133
local_termination_time: 133637.86960000006
node_cons: 34860.93703060723
tot_aggregated_send: 0
tot_msg_rcv: 15597
tot_msg_sent: 22869
tot_reconf_duration: 18.21
tot_sleeping_duration: 551508.5475999946
tot_uptimes: 428
tot_uptimes_duration: 26016.58540000544
