comms_cons: 103.39898881491612
finished_reconf: true
global_termination_time: 579740.8
local_termination_time: 134666.25036000003
node_cons: 11921.094982242868
tot_aggregated_send: 0
tot_msg_rcv: 7954
tot_msg_sent: 7763
tot_reconf_duration: 22.65
tot_sleeping_duration: 570860.7878399979
tot_uptimes: 149
tot_uptimes_duration: 8880.012160002138
