comms_cons: 47.62808320082562
finished_reconf: true
global_termination_time: 465551.37984000106
local_termination_time: 465551.37984000106
node_cons: 9688.175165125725
tot_aggregated_send: 6308
tot_msg_rcv: 287
tot_msg_sent: 644
tot_reconf_duration: 24.59
tot_sleeping_duration: 458340.9377599968
tot_uptimes: 120
tot_uptimes_duration: 7210.442080004257
