comms_cons: 79.89349760128879
finished_reconf: true
global_termination_time: 593047.9615999998
local_termination_time: 593047.9204799999
node_cons: 12200.816795397563
tot_aggregated_send: 3944
tot_msg_rcv: 3318
tot_msg_sent: 4880
tot_reconf_duration: 37.410000000000004
tot_sleeping_duration: 583974.0153599718
tot_uptimes: 152
tot_uptimes_duration: 9073.946240028039
