comms_cons: 59.263564799625655
finished_reconf: true
global_termination_time: 594549.327
local_termination_time: 24358.056
node_cons: 12236.417321120307
tot_aggregated_send: 8278
tot_msg_rcv: 207
tot_msg_sent: 521
tot_reconf_duration: 18.21
tot_sleeping_duration: 585429.3209199997
tot_uptimes: 153
tot_uptimes_duration: 9120.006080000217
