comms_cons: 60.51548159851896
finished_reconf: true
global_termination_time: 595323.08
local_termination_time: 202766.80876000042
node_cons: 12224.05952112147
tot_aggregated_send: 8062
tot_msg_rcv: 389
tot_msg_sent: 747
tot_reconf_duration: 9.11
tot_sleeping_duration: 586203.0739199988
tot_uptimes: 153
tot_uptimes_duration: 9120.006080001069
