comms_cons: 504.43593612497233
finished_reconf: true
global_termination_time: 4993255.147
local_termination_time: 21405.473440000005
node_cons: 102682.19803563488
tot_aggregated_send: 68846
tot_msg_rcv: 2534
tot_msg_sent: 5291
tot_reconf_duration: 5.57
tot_sleeping_duration: 4916575.061880032
tot_uptimes: 1279
tot_uptimes_duration: 76680.08511996851
