comms_cons: 506.11429134002645
finished_reconf: true
global_termination_time: 4993105.353239997
local_termination_time: 205391.70408000064
node_cons: 102700.6033549915
tot_aggregated_send: 68846
tot_msg_rcv: 2800
tot_msg_sent: 5280
tot_reconf_duration: 5.1
tot_sleeping_duration: 4916411.045880032
tot_uptimes: 1279
tot_uptimes_duration: 76694.30735996598
