comms_cons: 501.8356864824791
finished_reconf: true
global_termination_time: 4995309.502
local_termination_time: 2223707.1053600004
node_cons: 102775.43636781718
tot_aggregated_send: 68730
tot_msg_rcv: 2620
tot_msg_sent: 4927
tot_reconf_duration: 15.110000000000001
tot_sleeping_duration: 4918569.459440015
tot_uptimes: 1280
tot_uptimes_duration: 76740.04255998484
