comms_cons: 133.393279996973
finished_reconf: true
global_termination_time: 1347635.625
local_termination_time: 778198.6410399984
node_cons: 27733.460200000074
tot_aggregated_send: 19372
tot_msg_rcv: 276
tot_msg_sent: 627
tot_reconf_duration: 11.899999999999999
tot_sleeping_duration: 1326935.625
tot_uptimes: 346
tot_uptimes_duration: 20700.0
