comms_cons: 0.7237119999976113
finished_reconf: true
global_termination_time: 5854.455
local_termination_time: 2983.5733600000003
node_cons: 92.71138000000016
tot_aggregated_send: 0
tot_msg_rcv: 60
tot_msg_sent: 50
tot_reconf_duration: 9.11
tot_sleeping_duration: 5794.455
tot_uptimes: 2
tot_uptimes_duration: 60.0
