comms_cons: 147.0612991964932
finished_reconf: true
global_termination_time: 1521893.524
local_termination_time: 598239.8163599999
node_cons: 31258.2297611169
tot_aggregated_send: 20938
tot_msg_rcv: 468
tot_msg_sent: 945
tot_reconf_duration: 4.390000000000001
tot_sleeping_duration: 1498553.5179200023
tot_uptimes: 390
tot_uptimes_duration: 23340.006079997635
