comms_cons: 150.703155196429
finished_reconf: true
global_termination_time: 1520132.6068399977
local_termination_time: 1520132.6068399977
node_cons: 31379.958882878458
tot_aggregated_send: 22026
tot_msg_rcv: 297
tot_msg_sent: 582
tot_reconf_duration: 24.59
tot_sleeping_duration: 1496722.1769199988
tot_uptimes: 390
tot_uptimes_duration: 23410.4299199988
