comms_cons: 237.0886783977148
finished_reconf: true
global_termination_time: 2399808.715
local_termination_time: 1111949.97736
node_cons: 49353.49732111611
tot_aggregated_send: 34684
tot_msg_rcv: 440
tot_msg_sent: 912
tot_reconf_duration: 18.21
tot_sleeping_duration: 2362968.708920002
tot_uptimes: 615
tot_uptimes_duration: 36840.006079997635
