comms_cons: 241.1394047821173
finished_reconf: true
global_termination_time: 2398617.183999989
local_termination_time: 98374.65735999998
node_cons: 49415.90767669027
tot_aggregated_send: 32886
tot_msg_rcv: 1273
tot_msg_sent: 2492
tot_reconf_duration: 15.34
tot_sleeping_duration: 2361727.657520011
tot_uptimes: 615
tot_uptimes_duration: 36889.52647997829
