comms_cons: 1160.0667965750076
finished_reconf: true
global_termination_time: 2398616.9765999997
local_termination_time: 2398616.9354799995
node_cons: 145583.2173045672
tot_aggregated_send: 0
tot_msg_rcv: 71292
tot_msg_sent: 105033
tot_reconf_duration: 24.59
tot_sleeping_duration: 2289916.5852000206
tot_uptimes: 1785
tot_uptimes_duration: 108700.39139997914
