comms_cons: 137.03878399073093
finished_reconf: true
global_termination_time: 1354302.137
local_termination_time: 7132.602000000001
node_cons: 27801.47493006993
tot_aggregated_send: 17976
tot_msg_rcv: 1028
tot_msg_sent: 1826
tot_reconf_duration: 2.77
tot_sleeping_duration: 1333542.0822800077
tot_uptimes: 347
tot_uptimes_duration: 20760.054719992448
