comms_cons: 131.2132607922542
finished_reconf: true
global_termination_time: 1353016.066
local_termination_time: 6874.655
node_cons: 27803.843323350542
tot_aggregated_send: 18671
tot_msg_rcv: 440
tot_msg_sent: 832
tot_reconf_duration: 4.55
tot_sleeping_duration: 1332256.0477600072
tot_uptimes: 347
tot_uptimes_duration: 20760.018239992904
