comms_cons: 137.51906559492184
finished_reconf: true
global_termination_time: 1406808.075
local_termination_time: 423594.7973600001
node_cons: 28947.1617444766
tot_aggregated_send: 19198
tot_msg_rcv: 531
tot_msg_sent: 1173
tot_reconf_duration: 18.21
tot_sleeping_duration: 1385208.0506800024
tot_uptimes: 361
tot_uptimes_duration: 21600.024319997407
