comms_cons: 138.98559999406655
finished_reconf: true
global_termination_time: 1407298.564
local_termination_time: 855359.29936
node_cons: 28926.541900000106
tot_aggregated_send: 20242
tot_msg_rcv: 309
tot_msg_sent: 574
tot_reconf_duration: 3.05
tot_sleeping_duration: 1385698.564
tot_uptimes: 361
tot_uptimes_duration: 21600.0
