comms_cons: 138.27164159791946
finished_reconf: true
global_termination_time: 1407237.157
local_termination_time: 274015.8064800001
node_cons: 28933.019560000055
tot_aggregated_send: 20010
tot_msg_rcv: 313
tot_msg_sent: 692
tot_reconf_duration: 7.819999999999999
tot_sleeping_duration: 1385637.157
tot_uptimes: 361
tot_uptimes_duration: 21600.0
