comms_cons: 140.72908799226656
finished_reconf: true
global_termination_time: 1404577.01924
local_termination_time: 162524.11148000005
node_cons: 28870.927152715198
tot_aggregated_send: 19662
tot_msg_rcv: 605
tot_msg_sent: 1122
tot_reconf_duration: 6.22
tot_sleeping_duration: 1383021.7687600036
tot_uptimes: 360
tot_uptimes_duration: 21555.25047999638
