comms_cons: 35.31056640087588
finished_reconf: true
global_termination_time: 352783.743
local_termination_time: 278571.56336000003
node_cons: 7245.967121121435
tot_aggregated_send: 4756
tot_msg_rcv: 255
tot_msg_sent: 356
tot_reconf_duration: 11.31
tot_sleeping_duration: 347383.73691999895
tot_uptimes: 91
tot_uptimes_duration: 5400.006080001069
