comms_cons: 33.59339520072809
finished_reconf: true
global_termination_time: 331158.637
local_termination_time: 127008.07035999998
node_cons: 6769.416143364315
tot_aggregated_send: 4350
tot_msg_rcv: 243
tot_msg_sent: 513
tot_reconf_duration: 15.34
tot_sleeping_duration: 326118.6187599968
tot_uptimes: 85
tot_uptimes_duration: 5040.018240003206
