comms_cons: 141.7449663907641
finished_reconf: true
global_termination_time: 1424597.905
local_termination_time: 489324.32
node_cons: 29258.670805584225
tot_aggregated_send: 19430
tot_msg_rcv: 678
tot_msg_sent: 1437
tot_reconf_duration: 10.95
tot_sleeping_duration: 1402757.8746000119
tot_uptimes: 365
tot_uptimes_duration: 21840.030399988173
