comms_cons: 145.03424638952464
finished_reconf: true
global_termination_time: 1427628.568
local_termination_time: 368973.8921200005
node_cons: 29339.51837802305
tot_aggregated_send: 18792
tot_msg_rcv: 1103
tot_msg_sent: 2149
tot_reconf_duration: 11.31
tot_sleeping_duration: 1405728.5236400126
tot_uptimes: 366
tot_uptimes_duration: 21900.04435998731
