comms_cons: 300.80892159554975
finished_reconf: true
global_termination_time: 3037178.354
local_termination_time: 1974532.2973599997
node_cons: 62431.13836446623
tot_aggregated_send: 42862
tot_msg_rcv: 1047
tot_msg_sent: 1811
tot_reconf_duration: 5.1
tot_sleeping_duration: 2990558.3296800093
tot_uptimes: 778
tot_uptimes_duration: 46620.02431999077
