comms_cons: 303.702451208923
finished_reconf: true
global_termination_time: 3035989.753
local_termination_time: 1929420.291119999
node_cons: 62458.578105583314
tot_aggregated_send: 42108
tot_msg_rcv: 1451
tot_msg_sent: 2602
tot_reconf_duration: 25.299999999999997
tot_sleeping_duration: 2989369.7226000116
tot_uptimes: 778
tot_uptimes_duration: 46620.030399988405
