comms_cons: 304.79622400876366
finished_reconf: true
global_termination_time: 3034675.135119997
local_termination_time: 208839.50199999998
node_cons: 62478.22091061126
tot_aggregated_send: 42454
tot_msg_rcv: 1320
tot_msg_sent: 2554
tot_reconf_duration: 22.65
tot_sleeping_duration: 2988037.747360017
tot_uptimes: 778
tot_uptimes_duration: 46637.387759979465
