comms_cons: 307.5777088272025
finished_reconf: true
global_termination_time: 3035453.493
local_termination_time: 544453.9383599999
node_cons: 62437.050343331604
tot_aggregated_send: 42108
tot_msg_rcv: 1681
tot_msg_sent: 2961
tot_reconf_duration: 9.42
tot_sleeping_duration: 2988833.43476002
tot_uptimes: 778
tot_uptimes_duration: 46620.05823997967
