comms_cons: 306.7785088077341
finished_reconf: true
global_termination_time: 3036078.965
local_termination_time: 556744.2833199996
node_cons: 62430.21489005028
tot_aggregated_send: 41586
tot_msg_rcv: 1672
tot_msg_sent: 3371
tot_reconf_duration: 4.390000000000001
tot_sleeping_duration: 2989458.910280021
tot_uptimes: 778
tot_uptimes_duration: 46620.05471997871
