comms_cons: 300.6487295879208
finished_reconf: true
global_termination_time: 3037155.112
local_termination_time: 1617922.5873599998
node_cons: 62431.59464558316
tot_aggregated_send: 42224
tot_msg_rcv: 1209
tot_msg_sent: 2263
tot_reconf_duration: 5.43
tot_sleeping_duration: 2990535.081600012
tot_uptimes: 778
tot_uptimes_duration: 46620.030399988405
