comms_cons: 245.43157763654776
finished_reconf: true
global_termination_time: 505084.7010800006
local_termination_time: 505084.6599600006
node_cons: 30899.96305384433
tot_aggregated_send: 0
tot_msg_rcv: 15038
tot_msg_sent: 22265
tot_reconf_duration: 24.59
tot_sleeping_duration: 482032.7445199974
tot_uptimes: 378
tot_uptimes_duration: 23051.956560003193
