comms_cons: 49.90323200039166
finished_reconf: true
global_termination_time: 509036.734
local_termination_time: 127246.72935999997
node_cons: 10450.74012112144
tot_aggregated_send: 7018
tot_msg_rcv: 160
tot_msg_sent: 407
tot_reconf_duration: 4.8100000000000005
tot_sleeping_duration: 501236.7279199989
tot_uptimes: 131
tot_uptimes_duration: 7800.006080001069
