comms_cons: 307.87366400912435
finished_reconf: true
global_termination_time: 3040300.521
local_termination_time: 187083.43876000043
node_cons: 62510.579313405695
tot_aggregated_send: 41296
tot_msg_rcv: 1889
tot_msg_sent: 3610
tot_reconf_duration: 4.390000000000001
tot_sleeping_duration: 2993620.448040025
tot_uptimes: 779
tot_uptimes_duration: 46680.07295997528
