comms_cons: 770.1786753201297
finished_reconf: true
global_termination_time: 7757155.919719998
local_termination_time: 7757155.919719998
node_cons: 159698.96541654321
tot_aggregated_send: 111392
tot_msg_rcv: 1838
tot_msg_sent: 3832
tot_reconf_duration: 37.410000000000004
tot_sleeping_duration: 7637926.522680006
tot_uptimes: 1987
tot_uptimes_duration: 119229.39703999175
