comms_cons: 770.7511681665325
finished_reconf: true
global_termination_time: 7762362.872
local_termination_time: 2579933.5596000003
node_cons: 159642.5465055804
tot_aggregated_send: 107532
tot_msg_rcv: 3052
tot_msg_sent: 6563
tot_reconf_duration: 5.1
tot_sleeping_duration: 7643142.841600011
tot_uptimes: 1988
tot_uptimes_duration: 119220.03039998934
