comms_cons: 765.3668993603079
finished_reconf: true
global_termination_time: 7757183.534
local_termination_time: 3323267.2376
node_cons: 159559.45520446324
tot_aggregated_send: 107358
tot_msg_rcv: 3055
tot_msg_sent: 5918
tot_reconf_duration: 3.08
tot_sleeping_duration: 7638023.5096800085
tot_uptimes: 1987
tot_uptimes_duration: 119160.02431999147
