comms_cons: 778.860166600243
finished_reconf: true
global_termination_time: 7762610.246
local_termination_time: 1703291.6335599986
node_cons: 159646.25654781464
tot_aggregated_send: 108460
tot_msg_rcv: 3536
tot_msg_sent: 6385
tot_reconf_duration: 7.819999999999999
tot_sleeping_duration: 7643390.203440015
tot_uptimes: 1988
tot_uptimes_duration: 119220.04255998507
