comms_cons: 778.3332034055131
finished_reconf: true
global_termination_time: 7758601.41
local_termination_time: 2156158.9593599997
node_cons: 159570.6478266975
tot_aggregated_send: 107416
tot_msg_rcv: 3814
tot_msg_sent: 7070
tot_reconf_duration: 11.31
tot_sleeping_duration: 7639441.373520013
tot_uptimes: 1987
tot_uptimes_duration: 119160.0364799872
