comms_cons: 236.42417917755606
finished_reconf: true
global_termination_time: 2352048.738
local_termination_time: 577451.09436
node_cons: 48371.27710893411
tot_aggregated_send: 31610
tot_msg_rcv: 1414
tot_msg_sent: 2912
tot_reconf_duration: 4.8100000000000005
tot_sleeping_duration: 2315928.689360019
tot_uptimes: 603
tot_uptimes_duration: 36120.048639981076
