comms_cons: 230.53516799512067
finished_reconf: true
global_termination_time: 2351360.127
local_termination_time: 1756415.57148
node_cons: 48389.43806371948
tot_aggregated_send: 33930
tot_msg_rcv: 362
tot_msg_sent: 748
tot_reconf_duration: 11.31
tot_sleeping_duration: 2315233.10752
tot_uptimes: 603
tot_uptimes_duration: 36127.01948000002
