comms_cons: 158.2055551920271
finished_reconf: true
global_termination_time: 1599626.957
local_termination_time: 1343697.299
node_cons: 32888.277927034906
tot_aggregated_send: 22908
tot_msg_rcv: 338
tot_msg_sent: 799
tot_reconf_duration: 18.700000000000003
tot_sleeping_duration: 1575084.101640004
tot_uptimes: 410
tot_uptimes_duration: 24542.85535999597
