comms_cons: 868.6549633844494
finished_reconf: true
global_termination_time: 8766288.506
local_termination_time: 3360053.7351199994
node_cons: 180290.59733004804
tot_aggregated_send: 122380
tot_msg_rcv: 3143
tot_msg_sent: 6505
tot_reconf_duration: 5.57
tot_sleeping_duration: 8631648.451280018
tot_uptimes: 2245
tot_uptimes_duration: 134640.05471998057
