comms_cons: 875.6306370297044
finished_reconf: true
global_termination_time: 8766980.579
local_termination_time: 2924499.3203600002
node_cons: 180370.72278669642
tot_aggregated_send: 122438
tot_msg_rcv: 3627
tot_msg_sent: 7024
tot_reconf_duration: 5.43
tot_sleeping_duration: 8632280.542520013
tot_uptimes: 2246
tot_uptimes_duration: 134700.03647998697
