comms_cons: 32.902579200268065
finished_reconf: true
global_termination_time: 343236.383
local_termination_time: 194123.81652000087
node_cons: 7042.216785281181
tot_aggregated_send: 4814
tot_msg_rcv: 72
tot_msg_sent: 115
tot_reconf_duration: 25.299999999999997
tot_sleeping_duration: 338002.7314799991
tot_uptimes: 88
tot_uptimes_duration: 5233.651520000858
