comms_cons: 82.71948799488463
finished_reconf: true
global_termination_time: 804053.147
local_termination_time: 337162.74168000073
node_cons: 16473.923345593405
tot_aggregated_send: 10614
tot_msg_rcv: 676
tot_msg_sent: 1283
tot_reconf_duration: 3.08
tot_sleeping_duration: 791753.116600005
tot_uptimes: 206
tot_uptimes_duration: 12300.030399995041
