comms_cons: 81.76629759738675
finished_reconf: true
global_termination_time: 803602.551
local_termination_time: 571451.6033599998
node_cons: 16480.710643350438
tot_aggregated_send: 10846
tot_msg_rcv: 597
tot_msg_sent: 985
tot_reconf_duration: 8.09
tot_sleeping_duration: 791302.5327600071
tot_uptimes: 206
tot_uptimes_duration: 12300.018239992874
