comms_cons: 81.26012799629427
finished_reconf: true
global_termination_time: 805208.548
local_termination_time: 432286.47712000046
node_cons: 16562.83236
tot_aggregated_send: 11078
tot_msg_rcv: 409
tot_msg_sent: 864
tot_reconf_duration: 9.42
tot_sleeping_duration: 792848.548
tot_uptimes: 207
tot_uptimes_duration: 12360.0
