comms_cons: 81.91685119750085
finished_reconf: true
global_termination_time: 803281.924
local_termination_time: 446818.21236000006
node_cons: 16486.867822233697
tot_aggregated_send: 10846
tot_msg_rcv: 568
tot_msg_sent: 1037
tot_reconf_duration: 12.629999999999999
tot_sleeping_duration: 790981.9118400047
tot_uptimes: 206
tot_uptimes_duration: 12300.012159995269
