comms_cons: 81.8129791964126
finished_reconf: true
global_termination_time: 802995.774
local_termination_time: 548461.0228399996
node_cons: 16495.119023350453
tot_aggregated_send: 10788
tot_msg_rcv: 556
tot_msg_sent: 1091
tot_reconf_duration: 18.700000000000003
tot_sleeping_duration: 790695.7557600071
tot_uptimes: 206
tot_uptimes_duration: 12300.018239992904
