comms_cons: 82.6090623958015
finished_reconf: true
global_termination_time: 807004.389
local_termination_time: 615670.075879998
node_cons: 16568.221607667772
tot_aggregated_send: 10788
tot_msg_rcv: 613
tot_msg_sent: 1156
tot_reconf_duration: 10.95
tot_sleeping_duration: 794641.9158800091
tot_uptimes: 207
tot_uptimes_duration: 12362.4731199909
