comms_cons: 82.46557439456784
finished_reconf: true
global_termination_time: 805184.134
local_termination_time: 507912.77436000004
node_cons: 16565.472250074505
tot_aggregated_send: 10614
tot_msg_rcv: 640
tot_msg_sent: 1281
tot_reconf_duration: 11.31
tot_sleeping_duration: 792824.079280004
tot_uptimes: 207
tot_uptimes_duration: 12360.054719995882
