comms_cons: 116.85975039712412
finished_reconf: true
global_termination_time: 1205683.954
local_termination_time: 575346.4834799998
node_cons: 24775.47870000007
tot_aggregated_send: 16994
tot_msg_rcv: 295
tot_msg_sent: 473
tot_reconf_duration: 22.65
tot_sleeping_duration: 1187203.954
tot_uptimes: 309
tot_uptimes_duration: 18480.0
