comms_cons: 69.28960000017513
finished_reconf: true
global_termination_time: 709138.1004799999
local_termination_time: 5646.216
node_cons: 14567.51899983994
tot_aggregated_send: 10435
tot_msg_rcv: 33
tot_msg_sent: 63
tot_reconf_duration: 5.02
tot_sleeping_duration: 698263.78992
tot_uptimes: 182
tot_uptimes_duration: 10874.31055999994
