comms_cons: 69.95895040001767
finished_reconf: true
global_termination_time: 709995.858
local_termination_time: 6902.041
node_cons: 14556.439962240604
tot_aggregated_send: 10255
tot_msg_rcv: 144
tot_msg_sent: 234
tot_reconf_duration: 10.96
tot_sleeping_duration: 699135.8458399996
tot_uptimes: 182
tot_uptimes_duration: 10860.012160000435
