comms_cons: 70.26585599941458
finished_reconf: true
global_termination_time: 713348.744
local_termination_time: 7361.296
node_cons: 14637.812042240643
tot_aggregated_send: 10312
tot_msg_rcv: 134
tot_msg_sent: 234
tot_reconf_duration: 11.719999999999999
tot_sleeping_duration: 702428.7318399996
tot_uptimes: 183
tot_uptimes_duration: 10920.012160000464
