comms_cons: 124.79520641618863
finished_reconf: true
global_termination_time: 426830.4189600006
local_termination_time: 426830.3778400006
node_cons: 17484.65793556228
tot_aggregated_send: 0
tot_msg_rcv: 6383
tot_msg_sent: 12585
tot_reconf_duration: 24.59
tot_sleeping_duration: 413797.36091999896
tot_uptimes: 214
tot_uptimes_duration: 13033.058040001677
