comms_cons: 740.6131392563827
finished_reconf: true
global_termination_time: 2545594.7265999997
local_termination_time: 2545594.6854799995
node_cons: 103722.65251751269
tot_aggregated_send: 0
tot_msg_rcv: 37750
tot_msg_sent: 74818
tot_reconf_duration: 24.59
tot_sleeping_duration: 2468156.892920003
tot_uptimes: 1278
tot_uptimes_duration: 77437.83367999695
