comms_cons: 254.12125439103622
finished_reconf: true
global_termination_time: 2545594.7721199966
local_termination_time: 208528.976
node_cons: 52366.59166134201
tot_aggregated_send: 35494
tot_msg_rcv: 1009
tot_msg_sent: 2121
tot_reconf_duration: 22.65
tot_sleeping_duration: 2506509.0118800094
tot_uptimes: 652
tot_uptimes_duration: 39085.76023998717
