comms_cons: 247.58187518883835
finished_reconf: true
global_termination_time: 2548934.929
local_termination_time: 275603.4773600001
node_cons: 52385.854464471195
tot_aggregated_send: 35148
tot_msg_rcv: 846
tot_msg_sent: 1637
tot_reconf_duration: 3.05
tot_sleeping_duration: 2509814.904680006
tot_uptimes: 653
tot_uptimes_duration: 39120.02431999397
