comms_cons: 79.43420159838739
finished_reconf: true
global_termination_time: 777898.669
local_termination_time: 519591.73236
node_cons: 16005.553001121432
tot_aggregated_send: 10266
tot_msg_rcv: 596
tot_msg_sent: 1211
tot_reconf_duration: 13.17
tot_sleeping_duration: 765958.6629199989
tot_uptimes: 200
tot_uptimes_duration: 11940.006080001069
