comms_cons: 79.13459199584062
finished_reconf: true
global_termination_time: 777696.4421200003
local_termination_time: 357212.97436000005
node_cons: 16068.54475414778
tot_aggregated_send: 10382
tot_msg_rcv: 614
tot_msg_sent: 1032
tot_reconf_duration: 22.65
tot_sleeping_duration: 765719.0066800094
tot_uptimes: 200
tot_uptimes_duration: 11977.435439990833
