comms_cons: 97.09806079717747
finished_reconf: true
global_termination_time: 955583.2387999985
local_termination_time: 227382.72140000082
node_cons: 19703.561526158777
tot_aggregated_send: 13166
tot_msg_rcv: 574
tot_msg_sent: 1018
tot_reconf_duration: 18.21
tot_sleeping_duration: 940886.5753599994
tot_uptimes: 245
tot_uptimes_duration: 14696.663439999073
