comms_cons: 454.2565117973344
finished_reconf: true
global_termination_time: 955693.877
local_termination_time: 528452.5435999999
node_cons: 58101.73183611596
tot_aggregated_send: 0
tot_msg_rcv: 27855
tot_msg_sent: 41190
tot_reconf_duration: 4.390000000000001
tot_sleeping_duration: 912306.4459200023
tot_uptimes: 718
tot_uptimes_duration: 43387.431079997725
