comms_cons: 62.26554880079465
finished_reconf: true
global_termination_time: 611288.514
local_termination_time: 194385.9871600003
node_cons: 12563.8231233643
tot_aggregated_send: 8178
tot_msg_rcv: 434
tot_msg_sent: 852
tot_reconf_duration: 22.65
tot_sleeping_duration: 601928.4957599967
tot_uptimes: 157
tot_uptimes_duration: 9360.018240003206
