comms_cons: 60.85760000062254
finished_reconf: true
global_termination_time: 612571.958
local_termination_time: 307869.8769600006
node_cons: 12545.832359999995
tot_aggregated_send: 8700
tot_msg_rcv: 210
tot_msg_sent: 340
tot_reconf_duration: 9.42
tot_sleeping_duration: 603211.958
tot_uptimes: 157
tot_uptimes_duration: 9360.0
