comms_cons: 243.91068159046063
finished_reconf: true
global_termination_time: 2434008.476
local_termination_time: 913982.7583599999
node_cons: 50059.40848334973
tot_aggregated_send: 34394
tot_msg_rcv: 939
tot_msg_sent: 1740
tot_reconf_duration: 5.57
tot_sleeping_duration: 2396628.457760007
tot_uptimes: 624
tot_uptimes_duration: 37380.0182399929
