comms_cons: 244.15345919581114
finished_reconf: true
global_termination_time: 2431691.799
local_termination_time: 102733.30047999996
node_cons: 49977.47418446664
tot_aggregated_send: 33930
tot_msg_rcv: 1030
tot_msg_sent: 2149
tot_reconf_duration: 4.390000000000001
tot_sleeping_duration: 2394371.7746800096
tot_uptimes: 623
tot_uptimes_duration: 37320.02431999054
