comms_cons: 1177.1097406517192
finished_reconf: true
global_termination_time: 2431299.7148399996
local_termination_time: 2431299.6737199994
node_cons: 147887.84684894446
tot_aggregated_send: 0
tot_msg_rcv: 72221
tot_msg_sent: 106693
tot_reconf_duration: 24.59
tot_sleeping_duration: 2320878.1662000073
tot_uptimes: 1816
tot_uptimes_duration: 110421.54863999216
