comms_cons: 185.25116159663142
finished_reconf: true
global_termination_time: 1888690.045
local_termination_time: 7260.8409999999985
node_cons: 38838.64529999979
tot_aggregated_send: 27409
tot_msg_rcv: 283
tot_msg_sent: 465
tot_reconf_duration: 25.35
tot_sleeping_duration: 1859710.045
tot_uptimes: 484
tot_uptimes_duration: 28980.0
