comms_cons: 183.53443839699347
finished_reconf: true
global_termination_time: 1886582.632
local_termination_time: 6344.036
node_cons: 38820.13575999979
tot_aggregated_send: 26842
tot_msg_rcv: 346
tot_msg_sent: 707
tot_reconf_duration: 11.719999999999999
tot_sleeping_duration: 1857602.632
tot_uptimes: 484
tot_uptimes_duration: 28980.0
