comms_cons: 114.53664001538587
finished_reconf: true
global_termination_time: 526418.6369599988
local_termination_time: 276.8970399999999
node_cons: 10850.397318491301
tot_aggregated_send: 0
tot_msg_rcv: 9558
tot_msg_sent: 7846
tot_reconf_duration: 18.21
tot_sleeping_duration: 518333.7466399903
tot_uptimes: 135
tot_uptimes_duration: 8084.890320008431
