comms_cons: 28.685939200177398
finished_reconf: true
global_termination_time: 289275.214
local_termination_time: 204729.24636000005
node_cons: 5961.336482242859
tot_aggregated_send: 4118
tot_msg_rcv: 78
tot_msg_sent: 164
tot_reconf_duration: 11.899999999999999
tot_sleeping_duration: 284835.20183999784
tot_uptimes: 75
tot_uptimes_duration: 4440.0121600021375
