comms_cons: 29.96825600083495
finished_reconf: true
global_termination_time: 289496.705
local_termination_time: 134237.21536000006
node_cons: 5951.700121121434
tot_aggregated_send: 3828
tot_msg_rcv: 266
tot_msg_sent: 461
tot_reconf_duration: 4.8100000000000005
tot_sleeping_duration: 285056.69891999895
tot_uptimes: 75
tot_uptimes_duration: 4440.006080001069
