comms_cons: 96.41880319407096
finished_reconf: true
global_termination_time: 923744.444
local_termination_time: 284618.1215600007
node_cons: 18964.53661566329
tot_aggregated_send: 11542
tot_msg_rcv: 1008
tot_msg_sent: 2106
tot_reconf_duration: 3.08
tot_sleeping_duration: 909584.3588800125
tot_uptimes: 237
tot_uptimes_duration: 14160.085119987489
