comms_cons: 94.5102079958197
finished_reconf: true
global_termination_time: 923094.983
local_termination_time: 457003.92436
node_cons: 18966.22604335966
tot_aggregated_send: 12528
tot_msg_rcv: 678
tot_msg_sent: 1159
tot_reconf_duration: 4.390000000000001
tot_sleeping_duration: 908934.9647600002
tot_uptimes: 237
tot_uptimes_duration: 14160.018239999772
