comms_cons: 95.79440639170078
finished_reconf: true
global_termination_time: 920488.5731200003
local_termination_time: 178452.78828000033
node_cons: 18947.456410871768
tot_aggregated_send: 12064
tot_msg_rcv: 923
tot_msg_sent: 1573
tot_reconf_duration: 7.819999999999999
tot_sleeping_duration: 906346.0512000065
tot_uptimes: 236
tot_uptimes_duration: 14142.521919993858
