comms_cons: 93.92852479854199
finished_reconf: true
global_termination_time: 920619.944
local_termination_time: 438270.94612000044
node_cons: 18887.322786710207
tot_aggregated_send: 12354
tot_msg_rcv: 643
tot_msg_sent: 1279
tot_reconf_duration: 5.43
tot_sleeping_duration: 906519.9075200073
tot_uptimes: 236
tot_uptimes_duration: 14100.036479992676
