comms_cons: 293.67890560791864
finished_reconf: true
global_termination_time: 2951201.672
local_termination_time: 2060419.004879998
node_cons: 60667.400971168514
tot_aggregated_send: 39034
tot_msg_rcv: 1880
tot_msg_sent: 3723
tot_reconf_duration: 7.819999999999999
tot_sleeping_duration: 2905901.6112000225
tot_uptimes: 756
tot_uptimes_duration: 45300.06079997728
