comms_cons: 297.4403071766309
finished_reconf: true
global_termination_time: 2954938.254
local_termination_time: 1959650.7283599998
node_cons: 60745.519324466135
tot_aggregated_send: 39788
tot_msg_rcv: 1817
tot_msg_sent: 3606
tot_reconf_duration: 6.22
tot_sleeping_duration: 2909578.2296800097
tot_uptimes: 757
tot_uptimes_duration: 45360.02431999054
