comms_cons: 34.55521280000064
finished_reconf: true
global_termination_time: 343251.057
local_termination_time: 11899.11096
node_cons: 7000.2239833597405
tot_aggregated_send: 4582
tot_msg_rcv: 210
tot_msg_sent: 460
tot_reconf_duration: 7.819999999999999
tot_sleeping_duration: 338031.0387600002
tot_uptimes: 88
tot_uptimes_duration: 5220.018239999801
