comms_cons: 151.7492479958547
finished_reconf: true
global_termination_time: 1529050.861
local_termination_time: 612216.8323599999
node_cons: 31429.10020000008
tot_aggregated_send: 22156
tot_msg_rcv: 397
tot_msg_sent: 512
tot_reconf_duration: 11.899999999999999
tot_sleeping_duration: 1505590.861
tot_uptimes: 392
tot_uptimes_duration: 23460.0
