comms_cons: 70.1032576015202
finished_reconf: true
global_termination_time: 691217.126
local_termination_time: 399051.8199600001
node_cons: 14228.643042242842
tot_aggregated_send: 8990
tot_msg_rcv: 593
tot_msg_sent: 1074
tot_reconf_duration: 6.22
tot_sleeping_duration: 680597.1138399979
tot_uptimes: 178
tot_uptimes_duration: 10620.012160002138
