comms_cons: 541.9477436957103
finished_reconf: true
global_termination_time: 1118543.1115999997
local_termination_time: 1118543.0704799998
node_cons: 68220.07759465859
tot_aggregated_send: 0
tot_msg_rcv: 33177
tot_msg_sent: 49192
tot_reconf_duration: 37.410000000000004
tot_sleeping_duration: 1067632.5254800145
tot_uptimes: 838
tot_uptimes_duration: 50910.58611998503
