comms_cons: 114.22772478837418
finished_reconf: true
global_termination_time: 1119895.865
local_termination_time: 536412.5213599999
node_cons: 22998.120566700985
tot_aggregated_send: 15022
tot_msg_rcv: 777
tot_msg_sent: 1564
tot_reconf_duration: 15.34
tot_sleeping_duration: 1102735.8285200142
tot_uptimes: 287
tot_uptimes_duration: 17160.036479985807
