comms_cons: 115.67514879225902
finished_reconf: true
global_termination_time: 1123075.843
local_termination_time: 29448.5856
node_cons: 23063.639313415817
tot_aggregated_send: 14906
tot_msg_rcv: 922
tot_msg_sent: 1753
tot_reconf_duration: 4.390000000000001
tot_sleeping_duration: 1105855.7700400183
tot_uptimes: 288
tot_uptimes_duration: 17220.072959981917
