comms_cons: 108.05866239764498
finished_reconf: true
global_termination_time: 1097835.836
local_termination_time: 277939.9976800002
node_cons: 22582.465800000005
tot_aggregated_send: 15776
tot_msg_rcv: 244
tot_msg_sent: 404
tot_reconf_duration: 5.1
tot_sleeping_duration: 1080975.836
tot_uptimes: 282
tot_uptimes_duration: 16860.0
