comms_cons: 107.97187839830269
finished_reconf: true
global_termination_time: 1100548.4
local_termination_time: 310450.4343600001
node_cons: 22609.90554112145
tot_aggregated_send: 15950
tot_msg_rcv: 173
tot_msg_sent: 288
tot_reconf_duration: 25.299999999999997
tot_sleeping_duration: 1083688.3939199988
tot_uptimes: 282
tot_uptimes_duration: 16860.00608000107
