comms_cons: 108.16267519825655
finished_reconf: true
global_termination_time: 1102133.253
local_termination_time: 237616.86536000008
node_cons: 22676.407521121488
tot_aggregated_send: 15892
tot_msg_rcv: 183
tot_msg_sent: 365
tot_reconf_duration: 15.110000000000001
tot_sleeping_duration: 1085213.2469199991
tot_uptimes: 283
tot_uptimes_duration: 16920.00608000107
