comms_cons: 108.70812159751884
finished_reconf: true
global_termination_time: 1100068.46
local_termination_time: 301221.853
node_cons: 22591.426971761484
tot_aggregated_send: 15772
tot_msg_rcv: 228
tot_msg_sent: 523
tot_reconf_duration: 7.819999999999999
tot_sleeping_duration: 1083204.526159999
tot_uptimes: 282
tot_uptimes_duration: 16863.933840001075
