comms_cons: 97.55105279735922
finished_reconf: true
global_termination_time: 1017757.143
local_termination_time: 576244.92436
node_cons: 20894.931980000107
tot_aggregated_send: 13920
tot_msg_rcv: 325
tot_msg_sent: 583
tot_reconf_duration: 4.8100000000000005
tot_sleeping_duration: 1002157.143
tot_uptimes: 261
tot_uptimes_duration: 15600.0
