comms_cons: 191.03459839425335
finished_reconf: true
global_termination_time: 1944228.94
local_termination_time: 1077059.3930000002
node_cons: 39937.51638111661
tot_aggregated_send: 27954
tot_msg_rcv: 272
tot_msg_sent: 810
tot_reconf_duration: 6.279999999999999
tot_sleeping_duration: 1914408.9339200023
tot_uptimes: 498
tot_uptimes_duration: 29820.006079997635
