comms_cons: 193.63901438672067
finished_reconf: true
global_termination_time: 1943145.424
local_termination_time: 1058277.6875599995
node_cons: 39936.544059999826
tot_aggregated_send: 27492
tot_msg_rcv: 652
tot_msg_sent: 1288
tot_reconf_duration: 5.57
tot_sleeping_duration: 1913325.424
tot_uptimes: 498
tot_uptimes_duration: 29820.0
