comms_cons: 54.68437760009013
finished_reconf: true
global_termination_time: 549765.579
local_termination_time: 211333.76036000007
node_cons: 11255.180342242886
tot_aggregated_send: 7598
tot_msg_rcv: 194
tot_msg_sent: 519
tot_reconf_duration: 5.57
tot_sleeping_duration: 541365.5668399979
tot_uptimes: 141
tot_uptimes_duration: 8400.012160002138
