comms_cons: 55.200115199640706
finished_reconf: true
global_termination_time: 553705.244
local_termination_time: 166477.79408000017
node_cons: 11345.833001121462
tot_aggregated_send: 7772
tot_msg_rcv: 223
tot_msg_sent: 395
tot_reconf_duration: 13.17
tot_sleeping_duration: 545245.2379199988
tot_uptimes: 142
tot_uptimes_duration: 8460.006080001069
