comms_cons: 57.60335360141323
finished_reconf: true
global_termination_time: 552934.036
local_termination_time: 205245.41036000004
node_cons: 11338.60840672857
tot_aggregated_send: 7134
tot_msg_rcv: 573
tot_msg_sent: 1049
tot_reconf_duration: 7.819999999999999
tot_sleeping_duration: 544473.9995199936
tot_uptimes: 142
tot_uptimes_duration: 8460.036480006413
