comms_cons: 57.5957823995148
finished_reconf: true
global_termination_time: 553307.659
local_termination_time: 229638.14036000005
node_cons: 11343.315262242873
tot_aggregated_send: 7250
tot_msg_rcv: 579
tot_msg_sent: 926
tot_reconf_duration: 11.31
tot_sleeping_duration: 544847.6468399978
tot_uptimes: 142
tot_uptimes_duration: 8460.012160002138
