comms_cons: 55.08106239964219
finished_reconf: true
global_termination_time: 551408.272
local_termination_time: 348856.42860000057
node_cons: 11335.322081121436
tot_aggregated_send: 7656
tot_msg_rcv: 203
tot_msg_sent: 513
tot_reconf_duration: 5.43
tot_sleeping_duration: 542948.265919999
tot_uptimes: 142
tot_uptimes_duration: 8460.006080001069
