comms_cons: 237.40476158430852
finished_reconf: true
global_termination_time: 2405636.06
local_termination_time: 1043151.9563599998
node_cons: 49514.20174446661
tot_aggregated_send: 33292
tot_msg_rcv: 944
tot_msg_sent: 1848
tot_reconf_duration: 18.21
tot_sleeping_duration: 2368676.0356800095
tot_uptimes: 617
tot_uptimes_duration: 36960.02431999054
