comms_cons: 237.9321280017119
finished_reconf: true
global_termination_time: 2407150.947
local_termination_time: 986033.7840799986
node_cons: 49506.59153999933
tot_aggregated_send: 34916
tot_msg_rcv: 446
tot_msg_sent: 801
tot_reconf_duration: 12.629999999999999
tot_sleeping_duration: 2370190.947
tot_uptimes: 617
tot_uptimes_duration: 36960.0
