comms_cons: 112.35957759333786
finished_reconf: true
global_termination_time: 1123156.6884799998
local_termination_time: 1123156.6473599998
node_cons: 23109.380506556052
tot_aggregated_send: 15530
tot_msg_rcv: 430
tot_msg_sent: 1117
tot_reconf_duration: 24.59
tot_sleeping_duration: 1105922.9414400028
tot_uptimes: 288
tot_uptimes_duration: 17233.74703999702
