comms_cons: 113.27424639149412
finished_reconf: true
global_termination_time: 1123414.974
local_termination_time: 527965.1833599999
node_cons: 23064.53836446733
tot_aggregated_send: 15138
tot_msg_rcv: 681
tot_msg_sent: 1398
tot_reconf_duration: 5.1
tot_sleeping_duration: 1106194.9496800094
tot_uptimes: 288
tot_uptimes_duration: 17220.024319990538
