comms_cons: 113.39216639325072
finished_reconf: true
global_termination_time: 1124890.978
local_termination_time: 770358.9913599999
node_cons: 23172.28554111693
tot_aggregated_send: 15486
tot_msg_rcv: 607
tot_msg_sent: 1141
tot_reconf_duration: 25.299999999999997
tot_sleeping_duration: 1107610.9719200023
tot_uptimes: 289
tot_uptimes_duration: 17280.006079997635
