comms_cons: 114.64318719526591
finished_reconf: true
global_termination_time: 1126611.458
local_termination_time: 317232.5963600001
node_cons: 23168.711264476595
tot_aggregated_send: 15254
tot_msg_rcv: 734
tot_msg_sent: 1437
tot_reconf_duration: 22.65
tot_sleeping_duration: 1109331.4336800028
tot_uptimes: 289
tot_uptimes_duration: 17280.024319997407
