comms_cons: 114.01095679406083
finished_reconf: true
global_termination_time: 1127752.34
local_termination_time: 731331.6941599983
node_cons: 23144.460121116943
tot_aggregated_send: 15544
tot_msg_rcv: 628
tot_msg_sent: 1157
tot_reconf_duration: 4.8100000000000005
tot_sleeping_duration: 1110472.3339200024
tot_uptimes: 289
tot_uptimes_duration: 17280.006079997635
