comms_cons: 422.94798721245496
finished_reconf: true
global_termination_time: 4317935.322
local_termination_time: 2301548.9763599997
node_cons: 88796.55614334856
tot_aggregated_send: 60900
tot_msg_rcv: 1131
tot_msg_sent: 2254
tot_reconf_duration: 15.34
tot_sleeping_duration: 4251635.303760006
tot_uptimes: 1106
tot_uptimes_duration: 66300.01823999337
