comms_cons: 429.25535366215587
finished_reconf: true
global_termination_time: 4317470.649
local_termination_time: 840073.593
node_cons: 88795.44116596195
tot_aggregated_send: 59851
tot_msg_rcv: 1789
tot_msg_sent: 3605
tot_reconf_duration: 12.629999999999999
tot_sleeping_duration: 4251168.715000027
tot_uptimes: 1106
tot_uptimes_duration: 66301.93399997335
