comms_cons: 425.36514562975657
finished_reconf: true
global_termination_time: 4317100.27
local_termination_time: 2172434.11636
node_cons: 88783.09022223184
tot_aggregated_send: 60436
tot_msg_rcv: 1431
tot_msg_sent: 2786
tot_reconf_duration: 5.43
tot_sleeping_duration: 4250800.257840005
tot_uptimes: 1106
tot_uptimes_duration: 66300.0121599955
