comms_cons: 18.514495999958786
finished_reconf: true
global_termination_time: 14276.822240000016
local_termination_time: 1573.5963600000025
node_cons: 2527.507557560084
tot_aggregated_send: 0
tot_msg_rcv: 1299
tot_msg_sent: 1514
tot_reconf_duration: 4.390000000000001
tot_sleeping_duration: 12393.666199999954
tot_uptimes: 31
tot_uptimes_duration: 1883.1560400000626
