comms_cons: 223.64016638882225
finished_reconf: true
global_termination_time: 2256459.80348
local_termination_time: 2256459.7623599996
node_cons: 46407.93165983578
tot_aggregated_send: 32176
tot_msg_rcv: 532
tot_msg_sent: 1283
tot_reconf_duration: 24.59
tot_sleeping_duration: 2221826.092920002
tot_uptimes: 578
tot_uptimes_duration: 34633.710559997475
