comms_cons: 228.09428477924183
finished_reconf: true
global_termination_time: 2256666.855
local_termination_time: 1172329.58336
node_cons: 46362.728262233206
tot_aggregated_send: 30972
tot_msg_rcv: 1314
tot_msg_sent: 2383
tot_reconf_duration: 4.8100000000000005
tot_sleeping_duration: 2222046.8428400047
tot_uptimes: 578
tot_uptimes_duration: 34620.01215999527
