comms_cons: 220.9066687830664
finished_reconf: true
global_termination_time: 2180354.0566000002
local_termination_time: 2180354.01548
node_cons: 44899.01769070635
tot_aggregated_send: 29844
tot_msg_rcv: 1218
tot_msg_sent: 2513
tot_reconf_duration: 37.410000000000004
tot_sleeping_duration: 2146860.2441200097
tot_uptimes: 559
tot_uptimes_duration: 33493.81247999038
