comms_cons: 224.42302717927583
finished_reconf: true
global_termination_time: 2184024.34
local_termination_time: 146082.32136000006
node_cons: 44934.88687341071
tot_aggregated_send: 29290
tot_msg_rcv: 1686
tot_msg_sent: 3136
tot_reconf_duration: 18.21
tot_sleeping_duration: 2150484.2670400213
tot_uptimes: 560
tot_uptimes_duration: 33540.07295997848
