comms_cons: 215.0687231956403
finished_reconf: true
global_termination_time: 2181027.773
local_termination_time: 1206214.7163599997
node_cons: 44850.24752111618
tot_aggregated_send: 31784
tot_msg_rcv: 338
tot_msg_sent: 567
tot_reconf_duration: 15.110000000000001
tot_sleeping_duration: 2147547.766920002
tot_uptimes: 559
tot_uptimes_duration: 33480.006079997635
