comms_cons: 2.355353599994072
finished_reconf: true
global_termination_time: 12131.788480000001
local_termination_time: 12131.747360000001
node_cons: 310.18121984000703
tot_aggregated_send: 0
tot_msg_rcv: 198
tot_msg_sent: 158
tot_reconf_duration: 37.410000000000004
tot_sleeping_duration: 11938.077919999996
tot_uptimes: 4
tot_uptimes_duration: 193.710560000005
