comms_cons: 2.28890239999177
finished_reconf: true
global_termination_time: 12147.387
local_termination_time: 7436.40436
node_cons: 248.5840599999984
tot_aggregated_send: 0
tot_msg_rcv: 178
tot_msg_sent: 169
tot_reconf_duration: 5.57
tot_sleeping_duration: 11967.387000000002
tot_uptimes: 4
tot_uptimes_duration: 180.0
