comms_cons: 80.39249919919962
finished_reconf: true
global_termination_time: 766472.717
local_termination_time: 88266.524
node_cons: 15767.94829688497
tot_aggregated_send: 9673
tot_msg_rcv: 869
tot_msg_sent: 1678
tot_reconf_duration: 15.34
tot_sleeping_duration: 754712.3610799963
tot_uptimes: 197
tot_uptimes_duration: 11760.355920003683
