comms_cons: 78.81392000087453
finished_reconf: true
global_termination_time: 765921.373
local_termination_time: 48846.24220000004
node_cons: 15754.228483362036
tot_aggregated_send: 10208
tot_msg_rcv: 609
tot_msg_sent: 1162
tot_reconf_duration: 5.57
tot_sleeping_duration: 754161.3547599986
tot_uptimes: 197
tot_uptimes_duration: 11760.018240001504
