comms_cons: 77.32607359938142
finished_reconf: true
global_termination_time: 768258.701
local_termination_time: 556134.3271199989
node_cons: 15772.04274112139
tot_aggregated_send: 10208
tot_msg_rcv: 514
tot_msg_sent: 1031
tot_reconf_duration: 18.700000000000003
tot_sleeping_duration: 756498.6949199989
tot_uptimes: 197
tot_uptimes_duration: 11760.006080001069
