comms_cons: 69.23950079986955
finished_reconf: true
global_termination_time: 698477.339
local_termination_time: 3553.9872399999995
node_cons: 14312.64150112145
tot_aggregated_send: 9918
tot_msg_rcv: 207
tot_msg_sent: 399
tot_reconf_duration: 8.92
tot_sleeping_duration: 687797.332919999
tot_uptimes: 179
tot_uptimes_duration: 10680.006080001069
