comms_cons: 68.41052159919037
finished_reconf: true
global_termination_time: 698543.438
local_termination_time: 5779.402
node_cons: 14306.715182236858
tot_aggregated_send: 10145
tot_msg_rcv: 77
tot_msg_sent: 176
tot_reconf_duration: 4.55
tot_sleeping_duration: 687863.4258400023
tot_uptimes: 179
tot_uptimes_duration: 10680.01215999764
