comms_cons: 68.47631360039708
finished_reconf: true
global_termination_time: 697698.823
local_termination_time: 7154.9800000000005
node_cons: 14326.324702242882
tot_aggregated_send: 10131
tot_msg_rcv: 101
tot_msg_sent: 176
tot_reconf_duration: 18.990000000000002
tot_sleeping_duration: 687018.8108399978
tot_uptimes: 179
tot_uptimes_duration: 10680.012160002138
