comms_cons: 69.25168639974247
finished_reconf: true
global_termination_time: 702168.653
local_termination_time: 5692.545
node_cons: 14391.129182241742
tot_aggregated_send: 10026
tot_msg_rcv: 149
tot_msg_sent: 350
tot_reconf_duration: 7.55
tot_sleeping_duration: 691428.6408399987
tot_uptimes: 180
tot_uptimes_duration: 10740.012160001286
