comms_cons: 691.562502541544
finished_reconf: true
global_termination_time: 6999644.196
local_termination_time: 3547347.378
node_cons: 143989.84008558138
tot_aggregated_send: 96845
tot_msg_rcv: 2805
tot_msg_sent: 5461
tot_reconf_duration: 15.110000000000001
tot_sleeping_duration: 6892124.165600011
tot_uptimes: 1793
tot_uptimes_duration: 107520.03039998934
