comms_cons: 704.0396993765808
finished_reconf: true
global_termination_time: 6998768.13
local_termination_time: 827402.6603599999
node_cons: 144000.1282522823
tot_aggregated_send: 97962
tot_msg_rcv: 3250
tot_msg_sent: 5797
tot_reconf_duration: 22.65
tot_sleeping_duration: 6891248.063120025
tot_uptimes: 1793
tot_uptimes_duration: 107520.06687997538
