comms_cons: 704.4702017880026
finished_reconf: true
global_termination_time: 6999571.33
local_termination_time: 1467858.9431999987
node_cons: 143979.96468893203
tot_aggregated_send: 96976
tot_msg_rcv: 3421
tot_msg_sent: 6679
tot_reconf_duration: 7.819999999999999
tot_sleeping_duration: 6892051.281360018
tot_uptimes: 1793
tot_uptimes_duration: 107520.04863998259
