comms_cons: 701.1949313759022
finished_reconf: true
global_termination_time: 6998256.385
local_termination_time: 1555792.4932799982
node_cons: 143977.7837478149
tot_aggregated_send: 97208
tot_msg_rcv: 3075
tot_msg_sent: 6294
tot_reconf_duration: 6.22
tot_sleeping_duration: 6890736.342440015
tot_uptimes: 1793
tot_uptimes_duration: 107520.04255998484
