comms_cons: 188.08147198760554
finished_reconf: true
global_termination_time: 1876454.9254799997
local_termination_time: 1876454.8843599998
node_cons: 38615.02492990404
tot_aggregated_send: 26028
tot_msg_rcv: 742
tot_msg_sent: 1818
tot_reconf_duration: 24.59
tot_sleeping_duration: 1847641.1602000117
tot_uptimes: 481
tot_uptimes_duration: 28813.76527998822
