comms_cons: 188.3822335894547
finished_reconf: true
global_termination_time: 1878591.401
local_termination_time: 883564.1593599998
node_cons: 38664.39614335025
tot_aggregated_send: 26622
tot_msg_rcv: 744
tot_msg_sent: 1267
tot_reconf_duration: 15.34
tot_sleeping_duration: 1849731.3827600072
tot_uptimes: 482
tot_uptimes_duration: 28860.018239992904
