comms_cons: 188.6090751871663
finished_reconf: true
global_termination_time: 1879743.336
local_termination_time: 981530.7394399984
node_cons: 38658.91526223338
tot_aggregated_send: 26216
tot_msg_rcv: 829
tot_msg_sent: 1622
tot_reconf_duration: 11.31
tot_sleeping_duration: 1850883.3238400046
tot_uptimes: 482
tot_uptimes_duration: 28860.01215999527
