comms_cons: 809.1044878163542
finished_reconf: true
global_termination_time: 4113387.029
local_termination_time: 255.66448
node_cons: 84604.97836447036
tot_aggregated_send: 0
tot_msg_rcv: 61895
tot_msg_sent: 61082
tot_reconf_duration: 5.1
tot_sleeping_duration: 4050207.004680006
tot_uptimes: 1054
tot_uptimes_duration: 63180.02431999444
