comms_cons: 408.817356839412
finished_reconf: true
global_termination_time: 4110363.601
local_termination_time: 393832.80636000005
node_cons: 84535.63813005514
tot_aggregated_send: 57478
tot_msg_rcv: 1525
tot_msg_sent: 3134
tot_reconf_duration: 13.17
tot_sleeping_duration: 4047243.5462800167
tot_uptimes: 1053
tot_uptimes_duration: 63120.054719983076
