comms_cons: 407.41918722105595
finished_reconf: true
global_termination_time: 4110046.811
local_termination_time: 729122.3635199991
node_cons: 84528.7150666997
tot_aggregated_send: 57536
tot_msg_rcv: 1510
tot_msg_sent: 2880
tot_reconf_duration: 8.09
tot_sleeping_duration: 4046926.774520014
tot_uptimes: 1053
tot_uptimes_duration: 63120.036479986506
