comms_cons: 414.8545984647951
finished_reconf: true
global_termination_time: 4109028.32
local_termination_time: 1894830.1132799983
node_cons: 84524.24454446584
tot_aggregated_send: 56666
tot_msg_rcv: 2038
tot_msg_sent: 4350
tot_reconf_duration: 4.8100000000000005
tot_sleeping_duration: 4045908.295680009
tot_uptimes: 1053
tot_uptimes_duration: 63120.024319991004
