comms_cons: 408.2854144513117
finished_reconf: true
global_termination_time: 4110755.555
local_termination_time: 2270545.5926
node_cons: 84534.86410446593
tot_aggregated_send: 57362
tot_msg_rcv: 1580
tot_msg_sent: 3115
tot_reconf_duration: 12.629999999999999
tot_sleeping_duration: 4047635.5306800087
tot_uptimes: 1053
tot_uptimes_duration: 63120.02431999124
