comms_cons: 415.1083648727882
finished_reconf: true
global_termination_time: 4111185.543
local_termination_time: 1559205.4235199983
node_cons: 84528.33212446586
tot_aggregated_send: 56724
tot_msg_rcv: 2081
tot_msg_sent: 4289
tot_reconf_duration: 7.819999999999999
tot_sleeping_duration: 4048065.518680009
tot_uptimes: 1053
tot_uptimes_duration: 63120.024319991004
