comms_cons: 84.64798719905531
finished_reconf: true
global_termination_time: 848756.6429199984
local_termination_time: 848756.6017999984
node_cons: 17537.607297999275
tot_aggregated_send: 12050
tot_msg_rcv: 247
tot_msg_sent: 568
tot_reconf_duration: 24.59
tot_sleeping_duration: 835684.0409199989
tot_uptimes: 218
tot_uptimes_duration: 13072.601999999431
