comms_cons: 86.09008639871821
finished_reconf: true
global_termination_time: 852156.262
local_termination_time: 44804.42436000001
node_cons: 17538.90616784316
tot_aggregated_send: 11542
tot_msg_rcv: 448
tot_msg_sent: 1096
tot_reconf_duration: 18.21
tot_sleeping_duration: 839076.2194399977
tot_uptimes: 219
tot_uptimes_duration: 13080.042560002345
