comms_cons: 84.68648959880541
finished_reconf: true
global_termination_time: 849434.825
local_termination_time: 551048.6143999991
node_cons: 17441.352201116788
tot_aggregated_send: 11948
tot_msg_rcv: 289
tot_msg_sent: 634
tot_reconf_duration: 5.57
tot_sleeping_duration: 836414.8189200023
tot_uptimes: 218
tot_uptimes_duration: 13020.006079997635
