comms_cons: 571.1569472622691
finished_reconf: true
global_termination_time: 5803859.46
local_termination_time: 1243216.1635199992
node_cons: 119406.11242558181
tot_aggregated_send: 81432
tot_msg_rcv: 1870
tot_msg_sent: 3510
tot_reconf_duration: 15.34
tot_sleeping_duration: 5714699.429600011
tot_uptimes: 1487
tot_uptimes_duration: 89160.0303999891
