comms_cons: 129.72618239534975
finished_reconf: true
global_termination_time: 1300717.023
local_termination_time: 529813.5929599986
node_cons: 26768.130805597935
tot_aggregated_send: 17690
tot_msg_rcv: 753
tot_msg_sent: 1274
tot_reconf_duration: 10.95
tot_sleeping_duration: 1280736.9926000016
tot_uptimes: 334
tot_uptimes_duration: 19980.030399998475
