comms_cons: 131.5501567890435
finished_reconf: true
global_termination_time: 1297595.03424
local_termination_time: 144080.10836000004
node_cons: 26696.12246719169
tot_aggregated_send: 17690
tot_msg_rcv: 785
tot_msg_sent: 1519
tot_reconf_duration: 3.05
tot_sleeping_duration: 1277660.769440006
tot_uptimes: 333
tot_uptimes_duration: 19934.264799993776
