comms_cons: 1067.0122233266993
finished_reconf: true
global_termination_time: 1318936.817
local_termination_time: 203659.7443600005
node_cons: 131431.75423833512
tot_aggregated_send: 0
tot_msg_rcv: 73366
tot_msg_sent: 88813
tot_reconf_duration: 5.57
tot_sleeping_duration: 1220785.816119986
tot_uptimes: 1574
tot_uptimes_duration: 98151.0008800141
