comms_cons: 129.4969983935041
finished_reconf: true
global_termination_time: 1322215.714
local_termination_time: 354468.2653600001
node_cons: 27172.087822238314
tot_aggregated_send: 18038
tot_msg_rcv: 489
tot_msg_sent: 1156
tot_reconf_duration: 12.629999999999999
tot_sleeping_duration: 1301935.7018400012
tot_uptimes: 339
tot_uptimes_duration: 20280.012159998703
