comms_cons: 138.65159678308905
finished_reconf: true
global_termination_time: 1321744.766
local_termination_time: 256197.07360000006
node_cons: 27165.5884067194
tot_aggregated_send: 17168
tot_msg_rcv: 1462
tot_msg_sent: 2445
tot_reconf_duration: 7.819999999999999
tot_sleeping_duration: 1301464.7295200005
tot_uptimes: 339
tot_uptimes_duration: 20280.036479999544
