comms_cons: 133.32748799280603
finished_reconf: true
global_termination_time: 1322001.241
local_termination_time: 378109.74236000003
node_cons: 27162.32650447656
tot_aggregated_send: 18154
tot_msg_rcv: 660
tot_msg_sent: 1451
tot_reconf_duration: 5.43
tot_sleeping_duration: 1301721.2166800026
tot_uptimes: 339
tot_uptimes_duration: 20280.024319997407
