comms_cons: 446.39699843940343
finished_reconf: true
global_termination_time: 4536165.409
local_termination_time: 2928868.947679999
node_cons: 93282.31220111497
tot_aggregated_send: 63046
tot_msg_rcv: 1670
tot_msg_sent: 3133
tot_reconf_duration: 5.57
tot_sleeping_duration: 4466505.402920002
tot_uptimes: 1162
tot_uptimes_duration: 69660.00607999787
