comms_cons: 446.32634885700355
finished_reconf: true
global_termination_time: 4536723.797
local_termination_time: 2974166.44136
node_cons: 93281.6739411147
tot_aggregated_send: 63278
tot_msg_rcv: 1659
tot_msg_sent: 2902
tot_reconf_duration: 5.1
tot_sleeping_duration: 4467063.790920002
tot_uptimes: 1162
tot_uptimes_duration: 69660.00607999787
