comms_cons: 799.4626434294539
finished_reconf: true
global_termination_time: 7954143.785
local_termination_time: 2006588.92136
node_cons: 163593.15313116563
tot_aggregated_send: 108982
tot_msg_rcv: 4118
tot_msg_sent: 8411
tot_reconf_duration: 15.34
tot_sleeping_duration: 7831983.7242000215
tot_uptimes: 2037
tot_uptimes_duration: 122160.06079997844
