comms_cons: 3446.61193322654
finished_reconf: true
global_termination_time: 7949433.417
local_termination_time: 2119381.08748
node_cons: 484001.27860717947
tot_aggregated_send: 0
tot_msg_rcv: 211321
tot_msg_sent: 312548
tot_reconf_duration: 5.57
tot_sleeping_duration: 7587974.33220006
tot_uptimes: 5929
tot_uptimes_duration: 361459.08479994076
