comms_cons: 795.7651074201647
finished_reconf: true
global_termination_time: 7953752.225
local_termination_time: 2412347.01936
node_cons: 163606.6706700481
tot_aggregated_send: 110490
tot_msg_rcv: 3585
tot_msg_sent: 6876
tot_reconf_duration: 25.299999999999997
tot_sleeping_duration: 7831592.170280019
tot_uptimes: 2037
tot_uptimes_duration: 122160.05471998057
