comms_cons: 790.3780609744276
finished_reconf: true
global_termination_time: 7949321.613
local_termination_time: 4354728.153399998
node_cons: 163504.32836781483
tot_aggregated_send: 110258
tot_msg_rcv: 3371
tot_msg_sent: 6504
tot_reconf_duration: 9.11
tot_sleeping_duration: 7827221.570440015
tot_uptimes: 2036
tot_uptimes_duration: 122100.04255998507
