comms_cons: 799.9132482300419
finished_reconf: true
global_termination_time: 7953327.592
local_termination_time: 637889.0733199996
node_cons: 163578.27489004773
tot_aggregated_send: 110258
tot_msg_rcv: 3772
tot_msg_sent: 7552
tot_reconf_duration: 4.390000000000001
tot_sleeping_duration: 7831167.537280019
tot_uptimes: 2037
tot_uptimes_duration: 122160.05471998011
