comms_cons: 65.86562560690867
finished_reconf: true
global_termination_time: 401834.43924000015
local_termination_time: 25317.179840000004
node_cons: 8221.616090481653
tot_aggregated_send: 0
tot_msg_rcv: 5065
tot_msg_sent: 4947
tot_reconf_duration: 4.8100000000000005
tot_sleeping_duration: 395699.2009199989
tot_uptimes: 103
tot_uptimes_duration: 6135.2383200012255
