comms_cons: 66.64632320698877
finished_reconf: true
global_termination_time: 403964.755
local_termination_time: 26181.91536
node_cons: 8283.466760000007
tot_aggregated_send: 0
tot_msg_rcv: 5141
tot_msg_sent: 4988
tot_reconf_duration: 6.22
tot_sleeping_duration: 397784.755
tot_uptimes: 104
tot_uptimes_duration: 6180.0
