comms_cons: 248.36479998117068
finished_reconf: true
global_termination_time: 2485504.185
local_termination_time: 209916.44736000008
node_cons: 51102.2341844712
tot_aggregated_send: 34452
tot_msg_rcv: 1089
tot_msg_sent: 2209
tot_reconf_duration: 4.390000000000001
tot_sleeping_duration: 2447344.1606800063
tot_uptimes: 637
tot_uptimes_duration: 38160.02431999397
