comms_cons: 15.161356800001004
finished_reconf: true
global_termination_time: 3628.2940400000025
local_termination_time: 3628.2529200000026
node_cons: 1663.5948585600036
tot_aggregated_send: 0
tot_msg_rcv: 1115
tot_msg_sent: 1184
tot_reconf_duration: 37.410000000000004
tot_sleeping_duration: 2423.819
tot_uptimes: 16
tot_uptimes_duration: 1204.4750400000025
