comms_cons: 107.30079999844564
finished_reconf: true
global_termination_time: 1089060.46
local_termination_time: 7364.754
node_cons: 22339.900382236017
tot_aggregated_send: 15771
tot_msg_rcv: 188
tot_msg_sent: 350
tot_reconf_duration: 3.95
tot_sleeping_duration: 1072380.4478400028
tot_uptimes: 279
tot_uptimes_duration: 16680.012159997
