comms_cons: 108.11066879616085
finished_reconf: true
global_termination_time: 1083594.8323199986
local_termination_time: 1083594.7911999987
node_cons: 22365.51712183817
tot_aggregated_send: 15427
tot_msg_rcv: 353
tot_msg_sent: 651
tot_reconf_duration: 35.3
tot_sleeping_duration: 1066927.48376
tot_uptimes: 278
tot_uptimes_duration: 16667.348559998565
