comms_cons: 69.46347519868637
finished_reconf: true
global_termination_time: 694677.5
local_termination_time: 139897.18036000006
node_cons: 14227.75220112146
tot_aggregated_send: 9686
tot_msg_rcv: 296
tot_msg_sent: 575
tot_reconf_duration: 5.57
tot_sleeping_duration: 684057.4939199989
tot_uptimes: 178
tot_uptimes_duration: 10620.006080001069
