comms_cons: 68.79211520048709
finished_reconf: true
global_termination_time: 691298.206
local_termination_time: 139840.32356000025
node_cons: 14226.141620000117
tot_aggregated_send: 9860
tot_msg_rcv: 194
tot_msg_sent: 402
tot_reconf_duration: 4.390000000000001
tot_sleeping_duration: 680678.206
tot_uptimes: 178
tot_uptimes_duration: 10620.000000000058
