comms_cons: 68.18087679909536
finished_reconf: true
global_termination_time: 693474.576
local_termination_time: 462503.9550000009
node_cons: 14240.715554001237
tot_aggregated_send: 9976
tot_msg_rcv: 127
tot_msg_sent: 261
tot_reconf_duration: 11.31
tot_sleeping_duration: 682850.709999999
tot_uptimes: 178
tot_uptimes_duration: 10623.866000000911
