comms_cons: 418.7521280299401
finished_reconf: true
global_termination_time: 4280804.687
local_termination_time: 2103089.809439999
node_cons: 88060.23662446602
tot_aggregated_send: 58638
tot_msg_rcv: 1640
tot_msg_sent: 3369
tot_reconf_duration: 5.57
tot_sleeping_duration: 4215044.662680008
tot_uptimes: 1097
tot_uptimes_duration: 65760.024319991
