comms_cons: 426.94179845598495
finished_reconf: true
global_termination_time: 4277610.742119994
local_termination_time: 55652.32952000007
node_cons: 88042.3981986091
tot_aggregated_send: 59740
tot_msg_rcv: 1506
tot_msg_sent: 3646
tot_reconf_duration: 22.65
tot_sleeping_duration: 4211881.3623600155
tot_uptimes: 1096
tot_uptimes_duration: 65729.37975997868
