comms_cons: 425.5721280206939
finished_reconf: true
global_termination_time: 4281312.627
local_termination_time: 382053.45336000004
node_cons: 88059.2289678161
tot_aggregated_send: 60320
tot_msg_rcv: 1450
tot_msg_sent: 2914
tot_reconf_duration: 4.8100000000000005
tot_sleeping_duration: 4215552.584440017
tot_uptimes: 1097
tot_uptimes_duration: 65760.0425599839
