comms_cons: 415.36463362164733
finished_reconf: true
global_termination_time: 4281172.345
local_termination_time: 1152972.09536
node_cons: 88063.31654781652
tot_aggregated_send: 59624
tot_msg_rcv: 1242
tot_msg_sent: 2267
tot_reconf_duration: 7.819999999999999
tot_sleeping_duration: 4215412.302440016
tot_uptimes: 1097
tot_uptimes_duration: 65760.04255998414
