comms_cons: 32.995507200194886
finished_reconf: true
global_termination_time: 330861.056
local_termination_time: 31703.258440000005
node_cons: 6752.7100411214415
tot_aggregated_send: 4582
tot_msg_rcv: 144
tot_msg_sent: 289
tot_reconf_duration: 3.05
tot_sleeping_duration: 325821.0499199989
tot_uptimes: 85
tot_uptimes_duration: 5040.006080001069
