comms_cons: 26.22469119996602
finished_reconf: true
global_termination_time: 260794.258
local_termination_time: 114254.54535999997
node_cons: 5309.8139400000155
tot_aggregated_send: 3654
tot_msg_rcv: 163
tot_msg_sent: 169
tot_reconf_duration: 5.43
tot_sleeping_duration: 256834.258
tot_uptimes: 67
tot_uptimes_duration: 3960.0
