comms_cons: 99.79330559060645
finished_reconf: true
global_termination_time: 974259.99124
local_termination_time: 6729.209
node_cons: 20039.47242166823
tot_aggregated_send: 12923
tot_msg_rcv: 824
tot_msg_sent: 1421
tot_reconf_duration: 10.55
tot_sleeping_duration: 959304.6921200088
tot_uptimes: 250
tot_uptimes_duration: 14955.299119991192
