comms_cons: 69.50329599946782
finished_reconf: true
global_termination_time: 693609.665
local_termination_time: 6687.812
node_cons: 14254.621582236005
tot_aggregated_send: 9719
tot_msg_rcv: 321
tot_msg_sent: 524
tot_reconf_duration: 25.35
tot_sleeping_duration: 682989.652840003
tot_uptimes: 178
tot_uptimes_duration: 10620.012159997
