comms_cons: 69.31970559906856
finished_reconf: true
global_termination_time: 697397.223
local_termination_time: 7055.263
node_cons: 14305.900382240603
tot_aggregated_send: 9913
tot_msg_rcv: 215
tot_msg_sent: 408
tot_reconf_duration: 3.95
tot_sleeping_duration: 686717.2108399996
tot_uptimes: 179
tot_uptimes_duration: 10680.012160000435
