comms_cons: 68.59536639989159
finished_reconf: true
global_termination_time: 698508.564
local_termination_time: 7483.366999999999
node_cons: 14308.371942242882
tot_aggregated_send: 10143
tot_msg_rcv: 107
tot_msg_sent: 176
tot_reconf_duration: 5.77
tot_sleeping_duration: 687828.5518399979
tot_uptimes: 179
tot_uptimes_duration: 10680.012160002138
