comms_cons: 312.85507844676476
finished_reconf: true
global_termination_time: 3103146.358
local_termination_time: 1775714.43836
node_cons: 63824.33368223244
tot_aggregated_send: 42978
tot_msg_rcv: 1518
tot_msg_sent: 3055
tot_reconf_duration: 25.299999999999997
tot_sleeping_duration: 3055506.3458400047
tot_uptimes: 795
tot_uptimes_duration: 47640.01215999527
