comms_cons: 314.79333764161737
finished_reconf: true
global_termination_time: 3107396.256
local_termination_time: 728582.2950799997
node_cons: 63874.49888781723
tot_aggregated_send: 42978
tot_msg_rcv: 1729
tot_msg_sent: 3139
tot_reconf_duration: 3.05
tot_sleeping_duration: 3059696.2134400164
tot_uptimes: 796
tot_uptimes_duration: 47700.04255998391
