comms_cons: 314.5662464235552
finished_reconf: true
global_termination_time: 3105420.148
local_termination_time: 122689.79247999996
node_cons: 63878.81836970172
tot_aggregated_send: 42688
tot_msg_rcv: 1692
tot_msg_sent: 3433
tot_reconf_duration: 6.22
tot_sleeping_duration: 3057720.094520013
tot_uptimes: 796
tot_uptimes_duration: 47700.05347998731
