comms_cons: 114.93204479386023
finished_reconf: true
global_termination_time: 1160642.446
local_termination_time: 542305.2214799998
node_cons: 23867.905800000004
tot_aggregated_send: 16414
tot_msg_rcv: 247
tot_msg_sent: 808
tot_reconf_duration: 5.1
tot_sleeping_duration: 1142822.446
tot_uptimes: 298
tot_uptimes_duration: 17820.0
