comms_cons: 264.92652800653127
finished_reconf: true
global_termination_time: 2611032.805
local_termination_time: 11814.182600000002
node_cons: 53675.64817118189
tot_aggregated_send: 35902
tot_msg_rcv: 1515
tot_msg_sent: 2852
tot_reconf_duration: 6.22
tot_sleeping_duration: 2570952.744200013
tot_uptimes: 669
tot_uptimes_duration: 40080.06079998711
