comms_cons: 263.72618241168493
finished_reconf: true
global_termination_time: 2606270.7971999994
local_termination_time: 2606270.7560799993
node_cons: 53647.0414868585
tot_aggregated_send: 35888
tot_msg_rcv: 1384
tot_msg_sent: 2813
tot_reconf_duration: 24.59
tot_sleeping_duration: 2566230.7312800144
tot_uptimes: 668
tot_uptimes_duration: 40040.065919984794
