comms_cons: 78.93626879908498
finished_reconf: true
global_termination_time: 799124.985
local_termination_time: 401882.5623600005
node_cons: 16405.520199999974
tot_aggregated_send: 11484
tot_msg_rcv: 176
tot_msg_sent: 337
tot_reconf_duration: 11.899999999999999
tot_sleeping_duration: 786884.985
tot_uptimes: 205
tot_uptimes_duration: 12240.0
