comms_cons: 77.87203840018772
finished_reconf: true
global_termination_time: 798331.648
local_termination_time: 115066.18387999947
node_cons: 16397.814901121455
tot_aggregated_send: 11426
tot_msg_rcv: 121
tot_msg_sent: 289
tot_reconf_duration: 6.22
tot_sleeping_duration: 786091.641919999
tot_uptimes: 205
tot_uptimes_duration: 12240.006080001069
