comms_cons: 734.151553074826
finished_reconf: true
global_termination_time: 3724468.178
local_termination_time: 2296.01136
node_cons: 76570.98650558387
tot_aggregated_send: 0
tot_msg_rcv: 56300
tot_msg_sent: 55284
tot_reconf_duration: 5.1
tot_sleeping_duration: 3667288.1476000105
tot_uptimes: 954
tot_uptimes_duration: 57180.03039998934
