comms_cons: 373.2972288603811
finished_reconf: true
global_termination_time: 3723412.37
local_termination_time: 670628.0146799984
node_cons: 76575.07949005086
tot_aggregated_send: 52026
tot_msg_rcv: 1461
tot_msg_sent: 3252
tot_reconf_duration: 8.09
tot_sleeping_duration: 3666232.3152800202
tot_uptimes: 954
tot_uptimes_duration: 57180.05471997964
