comms_cons: 376.85121926930725
finished_reconf: true
global_termination_time: 3720318.733
local_termination_time: 827162.021479999
node_cons: 76494.35654781733
tot_aggregated_send: 51330
tot_msg_rcv: 2059
tot_msg_sent: 3890
tot_reconf_duration: 7.819999999999999
tot_sleeping_duration: 3663198.690440016
tot_uptimes: 953
tot_uptimes_duration: 57120.04255998437
