comms_cons: 377.12240645410674
finished_reconf: true
global_termination_time: 3723006.299
local_termination_time: 668462.4424799989
node_cons: 76572.556312285
tot_aggregated_send: 51504
tot_msg_rcv: 2037
tot_msg_sent: 3778
tot_reconf_duration: 6.22
tot_sleeping_duration: 3665826.232120025
tot_uptimes: 954
tot_uptimes_duration: 57180.066879975144
