comms_cons: 11.25231360001101
finished_reconf: true
global_termination_time: 92852.923
local_termination_time: 3391.95224
node_cons: 1856.6578089591435
tot_aggregated_send: 348
tot_msg_rcv: 558
tot_msg_sent: 805
tot_reconf_duration: 6.46
tot_sleeping_duration: 91472.87436000063
tot_uptimes: 24
tot_uptimes_duration: 1380.0486399993606
