comms_cons: 188.53784958965335
finished_reconf: true
global_termination_time: 1903889.128
local_termination_time: 74911.60147999997
node_cons: 39136.215842238045
tot_aggregated_send: 26564
tot_msg_rcv: 757
tot_msg_sent: 1335
tot_reconf_duration: 7.819999999999999
tot_sleeping_duration: 1874669.1158400013
tot_uptimes: 488
tot_uptimes_duration: 29220.012159998703
