comms_cons: 73.71993599974026
finished_reconf: true
global_termination_time: 746931.465
local_termination_time: 522129.09456000023
node_cons: 15353.386759999983
tot_aggregated_send: 10730
tot_msg_rcv: 188
tot_msg_sent: 287
tot_reconf_duration: 6.22
tot_sleeping_duration: 735471.465
tot_uptimes: 192
tot_uptimes_duration: 11460.0
