comms_cons: 35.494784000081495
finished_reconf: true
global_termination_time: 373349.3462400002
local_termination_time: 231851.58436000004
node_cons: 7664.952209360277
tot_aggregated_send: 4872
tot_msg_rcv: 193
tot_msg_sent: 329
tot_reconf_duration: 3.05
tot_sleeping_duration: 367628.054
tot_uptimes: 96
tot_uptimes_duration: 5721.2922400002135
