comms_cons: 472.1365504377702
finished_reconf: true
global_termination_time: 4817412.592
local_termination_time: 3126170.879639999
node_cons: 99093.60182334742
tot_aggregated_send: 66062
tot_msg_rcv: 1988
tot_msg_sent: 3712
tot_reconf_duration: 25.299999999999997
tot_sleeping_duration: 4743432.5737600075
tot_uptimes: 1234
tot_uptimes_duration: 73980.0182399929
