comms_cons: 474.8527872428397
finished_reconf: true
global_termination_time: 4817920.117
local_termination_time: 954694.5425999998
node_cons: 99063.418887816
tot_aggregated_send: 67338
tot_msg_rcv: 1576
tot_msg_sent: 3260
tot_reconf_duration: 3.05
tot_sleeping_duration: 4743940.0744400155
tot_uptimes: 1234
tot_uptimes_duration: 73980.04255998414
