comms_cons: 747.029633137159
finished_reconf: true
global_termination_time: 4815746.703
local_termination_time: 988475.5024799999
node_cons: 99069.89654781634
tot_aggregated_send: 0
tot_msg_rcv: 57219
tot_msg_sent: 56325
tot_reconf_duration: 7.819999999999999
tot_sleeping_duration: 4741766.660440016
tot_uptimes: 1234
tot_uptimes_duration: 73980.04255998437
