comms_cons: 101.90478079402267
finished_reconf: true
global_termination_time: 998366.918
local_termination_time: 497485.8010800006
node_cons: 20492.66161999997
tot_aggregated_send: 13108
tot_msg_rcv: 816
tot_msg_sent: 1565
tot_reconf_duration: 4.390000000000001
tot_sleeping_duration: 983066.918
tot_uptimes: 256
tot_uptimes_duration: 15300.0
