comms_cons: 172.9079551889013
finished_reconf: true
global_termination_time: 1719212.1897199997
local_termination_time: 1719212.1485999997
node_cons: 35404.25611149545
tot_aggregated_send: 23954
tot_msg_rcv: 752
tot_msg_sent: 1574
tot_reconf_duration: 24.59
tot_sleeping_duration: 1692796.310040018
tot_uptimes: 441
tot_uptimes_duration: 26415.87967998171
