comms_cons: 167.526169598616
finished_reconf: true
global_termination_time: 1725025.384
local_termination_time: 1238192.2446799984
node_cons: 35438.46823999997
tot_aggregated_send: 24534
tot_msg_rcv: 248
tot_msg_sent: 681
tot_reconf_duration: 6.279999999999999
tot_sleeping_duration: 1698565.384
tot_uptimes: 442
tot_uptimes_duration: 26460.0
