comms_cons: 169.69135358607247
finished_reconf: true
global_termination_time: 1721633.701
local_termination_time: 250157.09236000004
node_cons: 35360.27654782234
tot_aggregated_send: 23200
tot_msg_rcv: 863
tot_msg_sent: 1730
tot_reconf_duration: 7.819999999999999
tot_sleeping_duration: 1695233.658440013
tot_uptimes: 441
tot_uptimes_duration: 26400.042559986876
