comms_cons: 396.02382084900194
finished_reconf: true
global_termination_time: 3953831.67948
local_termination_time: 3953831.6383599997
node_cons: 81373.34705436387
tot_aggregated_send: 55422
tot_msg_rcv: 1499
tot_msg_sent: 3272
tot_reconf_duration: 37.410000000000004
tot_sleeping_duration: 3893097.8898800253
tot_uptimes: 1013
tot_uptimes_duration: 60733.789599974756
