comms_cons: 395.563372852271
finished_reconf: true
global_termination_time: 3953832.376239995
local_termination_time: 148906.48436000006
node_cons: 81360.13824500257
tot_aggregated_send: 55274
tot_msg_rcv: 1490
tot_msg_sent: 3358
tot_reconf_duration: 18.21
tot_sleeping_duration: 3893088.9788800217
tot_uptimes: 1013
tot_uptimes_duration: 60743.39735997358
