comms_cons: 386.0976192066492
finished_reconf: true
global_termination_time: 3957410.966
local_termination_time: 2317635.74036
node_cons: 81392.97266334943
tot_aggregated_send: 55100
tot_msg_rcv: 1168
tot_msg_sent: 2415
tot_reconf_duration: 6.279999999999999
tot_sleeping_duration: 3896630.9477600064
tot_uptimes: 1014
tot_uptimes_duration: 60780.01823999337
