comms_cons: 399.28811527998175
finished_reconf: true
global_termination_time: 3955038.397
local_termination_time: 612251.5913599998
node_cons: 81310.13117228438
tot_aggregated_send: 54520
tot_msg_rcv: 2211
tot_msg_sent: 3959
tot_reconf_duration: 4.390000000000001
tot_sleeping_duration: 3894318.3301200247
tot_uptimes: 1013
tot_uptimes_duration: 60720.06687997491
