comms_cons: 391.8577408231486
finished_reconf: true
global_termination_time: 3958866.861
local_termination_time: 1382989.3643599998
node_cons: 81392.92374781637
tot_aggregated_send: 55158
tot_msg_rcv: 1435
tot_msg_sent: 2967
tot_reconf_duration: 6.22
tot_sleeping_duration: 3898086.818440016
tot_uptimes: 1014
tot_uptimes_duration: 60780.04255998391
