comms_cons: 114.20706559143372
finished_reconf: true
global_termination_time: 1142401.358
local_termination_time: 6108.626
node_cons: 23469.565464469684
tot_aggregated_send: 15652
tot_msg_rcv: 548
tot_msg_sent: 1158
tot_reconf_duration: 7.55
tot_sleeping_duration: 1124881.3336800076
tot_uptimes: 293
tot_uptimes_duration: 17520.02431999227
