comms_cons: 29.64587519994597
finished_reconf: true
global_termination_time: 303779.583
local_termination_time: 12494.17748
node_cons: 6190.3219000000445
tot_aggregated_send: 4350
tot_msg_rcv: 42
tot_msg_sent: 114
tot_reconf_duration: 3.05
tot_sleeping_duration: 299159.583
tot_uptimes: 78
tot_uptimes_duration: 4620.000000000029
