comms_cons: 29.803776000039168
finished_reconf: true
global_termination_time: 300695.51
local_termination_time: 80501.72147999996
node_cons: 6194.626760000008
tot_aggregated_send: 4350
tot_msg_rcv: 69
tot_msg_sent: 111
tot_reconf_duration: 6.22
tot_sleeping_duration: 296075.51
tot_uptimes: 78
tot_uptimes_duration: 4620.0
