comms_cons: 30.15857920021334
finished_reconf: true
global_termination_time: 303159.245
local_termination_time: 115131.4673599997
node_cons: 6201.538980000023
tot_aggregated_send: 4234
tot_msg_rcv: 127
tot_msg_sent: 222
tot_reconf_duration: 11.31
tot_sleeping_duration: 298539.245
tot_uptimes: 78
tot_uptimes_duration: 4620.0
