comms_cons: 30.218265600428484
finished_reconf: true
global_termination_time: 303059.049
local_termination_time: 55363.34548000002
node_cons: 6193.553940000007
tot_aggregated_send: 4234
tot_msg_rcv: 132
tot_msg_sent: 227
tot_reconf_duration: 5.43
tot_sleeping_duration: 298439.049
tot_uptimes: 78
tot_uptimes_duration: 4620.0
