comms_cons: 300.0312576068272
finished_reconf: true
global_termination_time: 3068031.377
local_termination_time: 1316569.9413599998
node_cons: 63084.78485999863
tot_aggregated_send: 44602
tot_msg_rcv: 346
tot_msg_sent: 655
tot_reconf_duration: 13.17
tot_sleeping_duration: 3020931.377
tot_uptimes: 786
tot_uptimes_duration: 47100.0
