comms_cons: 302.86286720557655
finished_reconf: true
global_termination_time: 3071892.331
local_termination_time: 1269673.0624799998
node_cons: 63155.76003005082
tot_aggregated_send: 41180
tot_msg_rcv: 1536
tot_msg_sent: 3318
tot_reconf_duration: 6.22
tot_sleeping_duration: 3024732.2762800204
tot_uptimes: 787
tot_uptimes_duration: 47160.054719979176
