comms_cons: 168.86550398922708
finished_reconf: true
global_termination_time: 1674338.636
local_termination_time: 439746.11536000005
node_cons: 34416.30312335511
tot_aggregated_send: 23026
tot_msg_rcv: 857
tot_msg_sent: 1784
tot_reconf_duration: 22.65
tot_sleeping_duration: 1648658.6177600035
tot_uptimes: 429
tot_uptimes_duration: 25680.018239996338
