comms_cons: 169.2505471849335
finished_reconf: true
global_termination_time: 1672563.977
local_termination_time: 58048.288360000006
node_cons: 34392.09268559219
tot_aggregated_send: 22736
tot_msg_rcv: 898
tot_msg_sent: 2091
tot_reconf_duration: 4.8100000000000005
tot_sleeping_duration: 1646883.9466000057
tot_uptimes: 429
tot_uptimes_duration: 25680.03039999419
