comms_cons: 168.41498878741882
finished_reconf: true
global_termination_time: 1672287.702
local_termination_time: 122516.56935999995
node_cons: 34389.71074671016
tot_aggregated_send: 23200
tot_msg_rcv: 766
tot_msg_sent: 1632
tot_reconf_duration: 3.05
tot_sleeping_duration: 1646607.6655200073
tot_uptimes: 429
tot_uptimes_duration: 25680.036479992676
