comms_cons: 167.6800575905424
finished_reconf: true
global_termination_time: 1672571.221
local_termination_time: 501665.44936
node_cons: 34393.991183355036
tot_aggregated_send: 23432
tot_msg_rcv: 663
tot_msg_sent: 1392
tot_reconf_duration: 6.22
tot_sleeping_duration: 1646891.2027600035
tot_uptimes: 429
tot_uptimes_duration: 25680.018239996338
