comms_cons: 191.18497278989514
finished_reconf: true
global_termination_time: 1946209.65
local_termination_time: 1195775.4251599982
node_cons: 40015.297902233266
tot_aggregated_send: 27318
tot_msg_rcv: 598
tot_msg_sent: 1143
tot_reconf_duration: 4.390000000000001
tot_sleeping_duration: 1916329.6378400046
tot_uptimes: 499
tot_uptimes_duration: 29880.01215999527
