comms_cons: 2077.008396422504
finished_reconf: true
global_termination_time: 7137219.71268
local_termination_time: 7137219.67156
node_cons: 290666.69686851755
tot_aggregated_send: 0
tot_msg_rcv: 105973
tot_msg_sent: 209720
tot_reconf_duration: 37.410000000000004
tot_sleeping_duration: 6920180.210000001
tot_uptimes: 3586
tot_uptimes_duration: 217039.50267999896
