comms_cons: 708.4682113266222
finished_reconf: true
global_termination_time: 7137789.117
local_termination_time: 4005862.09336
node_cons: 146815.57810558056
tot_aggregated_send: 99760
tot_msg_rcv: 2717
tot_msg_sent: 5206
tot_reconf_duration: 25.299999999999997
tot_sleeping_duration: 7028169.08660001
tot_uptimes: 1828
tot_uptimes_duration: 109620.03039998934
