comms_cons: 705.8817409290212
finished_reconf: true
global_termination_time: 7137717.393
local_termination_time: 4321934.349799999
node_cons: 146793.58394446413
tot_aggregated_send: 97846
tot_msg_rcv: 3116
tot_msg_sent: 6325
tot_reconf_duration: 9.11
tot_sleeping_duration: 7028097.368680009
tot_uptimes: 1828
tot_uptimes_duration: 109620.02431999147
