comms_cons: 695.7442433000843
finished_reconf: true
global_termination_time: 7139857.479
local_termination_time: 4819557.851399999
node_cons: 146876.40638222964
tot_aggregated_send: 99122
tot_msg_rcv: 2320
tot_msg_sent: 4307
tot_reconf_duration: 10.95
tot_sleeping_duration: 7030177.466840005
tot_uptimes: 1829
tot_uptimes_duration: 109680.01215999573
