comms_cons: 47.62682880063407
finished_reconf: true
global_termination_time: 475231.284
local_termination_time: 47118.41380000006
node_cons: 9727.126043364313
tot_aggregated_send: 6322
tot_msg_rcv: 220
tot_msg_sent: 697
tot_reconf_duration: 4.390000000000001
tot_sleeping_duration: 467971.2657599968
tot_uptimes: 122
tot_uptimes_duration: 7260.018240003206
