comms_cons: 48.04123520034611
finished_reconf: true
global_termination_time: 474899.742
local_termination_time: 75312.66843999988
node_cons: 9729.603042242876
tot_aggregated_send: 6496
tot_msg_rcv: 285
tot_msg_sent: 522
tot_reconf_duration: 6.22
tot_sleeping_duration: 467639.7298399979
tot_uptimes: 122
tot_uptimes_duration: 7260.012160002138
