comms_cons: 30.146521600089756
finished_reconf: true
global_termination_time: 294472.941
local_termination_time: 217663.21136000004
node_cons: 6032.040121121434
tot_aggregated_send: 3654
tot_msg_rcv: 235
tot_msg_sent: 693
tot_reconf_duration: 4.8100000000000005
tot_sleeping_duration: 289972.9349199989
tot_uptimes: 76
tot_uptimes_duration: 4500.006080001069
