comms_cons: 65.29198079920644
finished_reconf: true
global_termination_time: 644510.34
local_termination_time: 325037.83348000003
node_cons: 13274.017424481122
tot_aggregated_send: 8816
tot_msg_rcv: 360
tot_msg_sent: 748
tot_reconf_duration: 13.17
tot_sleeping_duration: 634610.3156799991
tot_uptimes: 166
tot_uptimes_duration: 9900.02432000084
