comms_cons: 65.88061439723792
finished_reconf: true
global_termination_time: 643562.551
local_termination_time: 229770.63836000007
node_cons: 13196.28752112147
tot_aggregated_send: 8758
tot_msg_rcv: 514
tot_msg_sent: 741
tot_reconf_duration: 15.110000000000001
tot_sleeping_duration: 633722.5449199989
tot_uptimes: 165
tot_uptimes_duration: 9840.006080001069
