comms_cons: 128.8881663868211
finished_reconf: true
global_termination_time: 647881.972
local_termination_time: 1294.6816000000003
node_cons: 13271.50782672258
tot_aggregated_send: 0
tot_msg_rcv: 10012
tot_msg_sent: 9578
tot_reconf_duration: 11.31
tot_sleeping_duration: 637981.935519998
tot_uptimes: 166
tot_uptimes_duration: 9900.036480001916
