comms_cons: 66.23843840079681
finished_reconf: true
global_termination_time: 645030.155
local_termination_time: 47236.6421200001
node_cons: 13263.490222242881
tot_aggregated_send: 8642
tot_msg_rcv: 498
tot_msg_sent: 927
tot_reconf_duration: 5.43
tot_sleeping_duration: 635130.1428399979
tot_uptimes: 166
tot_uptimes_duration: 9900.012160002138
