comms_cons: 65.1468928007862
finished_reconf: true
global_termination_time: 644812.843
local_termination_time: 324528.9044800001
node_cons: 13276.956143364307
tot_aggregated_send: 8874
tot_msg_rcv: 341
tot_msg_sent: 686
tot_reconf_duration: 15.34
tot_sleeping_duration: 634912.8247599968
tot_uptimes: 166
tot_uptimes_duration: 9900.018240003177
