comms_cons: 68.22693119962855
finished_reconf: true
global_termination_time: 665745.9172400001
local_termination_time: 40449.07788000018
node_cons: 13691.997695048687
tot_aggregated_send: 8526
tot_msg_rcv: 552
tot_msg_sent: 1292
tot_reconf_duration: 5.1
tot_sleeping_duration: 655525.5498799937
tot_uptimes: 171
tot_uptimes_duration: 10220.36736000648
