comms_cons: 67.0994496000328
finished_reconf: true
global_termination_time: 666859.988
local_termination_time: 252242.74548000007
node_cons: 13670.220226719428
tot_aggregated_send: 8700
tot_msg_rcv: 508
tot_msg_sent: 990
tot_reconf_duration: 9.11
tot_sleeping_duration: 656659.9515200005
tot_uptimes: 171
tot_uptimes_duration: 10200.036479999544
