comms_cons: 131.7293695820763
finished_reconf: true
global_termination_time: 667335.193
local_termination_time: 338424.3226000001
node_cons: 13668.443983355124
tot_aggregated_send: 0
tot_msg_rcv: 10162
tot_msg_sent: 9861
tot_reconf_duration: 7.819999999999999
tot_sleeping_duration: 657135.1747600037
tot_uptimes: 171
tot_uptimes_duration: 10200.018239996338
