comms_cons: 13.317388800043453
finished_reconf: true
global_termination_time: 97263.584
local_termination_time: 64917.56960000001
node_cons: 1940.9686422382997
tot_aggregated_send: 522
tot_msg_rcv: 662
tot_msg_sent: 841
tot_reconf_duration: 9.42
tot_sleeping_duration: 95823.57184000127
tot_uptimes: 25
tot_uptimes_duration: 1440.0121599987324
