comms_cons: 13.03857920007788
finished_reconf: true
global_termination_time: 96487.932
local_termination_time: 49464.154360000015
node_cons: 1945.3278222394483
tot_aggregated_send: 638
tot_msg_rcv: 646
tot_msg_sent: 699
tot_reconf_duration: 12.629999999999999
tot_sleeping_duration: 95047.91984000041
tot_uptimes: 25
tot_uptimes_duration: 1440.0121599995837
