comms_cons: 1565.4069295911156
finished_reconf: true
global_termination_time: 9655400.853
local_termination_time: 2865810.56436
node_cons: 198607.45464669584
tot_aggregated_send: 0
tot_msg_rcv: 119774
tot_msg_sent: 118159
tot_reconf_duration: 5.1
tot_sleeping_duration: 9507080.816520013
tot_uptimes: 2473
tot_uptimes_duration: 148320.0364799872
