comms_cons: 959.6224642135805
finished_reconf: true
global_termination_time: 9659000.394
local_termination_time: 2936833.9889599984
node_cons: 198715.2506700469
tot_aggregated_send: 134212
tot_msg_rcv: 4055
tot_msg_sent: 7590
tot_reconf_duration: 25.299999999999997
tot_sleeping_duration: 9510620.339280019
tot_uptimes: 2474
tot_uptimes_duration: 148380.0547199808
