comms_cons: 962.9084930478597
finished_reconf: true
global_termination_time: 9655248.519
local_termination_time: 2958438.0060799997
node_cons: 198618.42998892989
tot_aggregated_send: 133690
tot_msg_rcv: 4544
tot_msg_sent: 8121
tot_reconf_duration: 13.17
tot_sleeping_duration: 9506928.470360016
tot_uptimes: 2473
tot_uptimes_duration: 148320.04863998294
