comms_cons: 950.8368321833311
finished_reconf: true
global_termination_time: 9653976.865
local_termination_time: 4320282.610359998
node_cons: 198621.0482266949
tot_aggregated_send: 135430
tot_msg_rcv: 2887
tot_msg_sent: 6203
tot_reconf_duration: 15.110000000000001
tot_sleeping_duration: 9505656.828520013
tot_uptimes: 2473
tot_uptimes_duration: 148320.0364799872
