comms_cons: 43.9046464017078
finished_reconf: true
global_termination_time: 427442.574
local_termination_time: 199929.28236000004
node_cons: 8787.851264485727
tot_aggregated_send: 5568
tot_msg_rcv: 368
tot_msg_sent: 737
tot_reconf_duration: 22.65
tot_sleeping_duration: 420902.54967999575
tot_uptimes: 110
tot_uptimes_duration: 6540.024320004275
