comms_cons: 772.6217281897073
finished_reconf: true
global_termination_time: 7680536.966
local_termination_time: 252617.4438400001
node_cons: 157973.2505911648
tot_aggregated_send: 107126
tot_msg_rcv: 3483
tot_msg_sent: 6824
tot_reconf_duration: 18.21
tot_sleeping_duration: 7562576.905200022
tot_uptimes: 1967
tot_uptimes_duration: 117960.06079997774
