comms_cons: 762.9045761506177
finished_reconf: true
global_termination_time: 7678601.509
local_termination_time: 2048953.5965199992
node_cons: 157969.32870781474
tot_aggregated_send: 107358
tot_msg_rcv: 2917
tot_msg_sent: 5682
tot_reconf_duration: 15.34
tot_sleeping_duration: 7560641.466440015
tot_uptimes: 1967
tot_uptimes_duration: 117960.04255998507
