comms_cons: 1293.268893175889
finished_reconf: true
global_termination_time: 7678566.922
local_termination_time: 2080516.1840799996
node_cons: 157957.01708669754
tot_aggregated_send: 0
tot_msg_rcv: 98948
tot_msg_sent: 97620
tot_reconf_duration: 6.279999999999999
tot_sleeping_duration: 7560606.885520013
tot_uptimes: 1967
tot_uptimes_duration: 117960.0364799872
