comms_cons: 762.7295233561118
finished_reconf: true
global_termination_time: 7679068.416
local_termination_time: 2163793.11936
node_cons: 157966.36556558026
tot_aggregated_send: 107242
tot_msg_rcv: 3063
tot_msg_sent: 5625
tot_reconf_duration: 13.17
tot_sleeping_duration: 7561108.385600011
tot_uptimes: 1967
tot_uptimes_duration: 117960.03039998934
