comms_cons: 751.7268609063884
finished_reconf: true
global_termination_time: 7679233.204
local_termination_time: 2609343.988
node_cons: 157968.10789590573
tot_aggregated_send: 107237
tot_msg_rcv: 2474
tot_msg_sent: 4548
tot_reconf_duration: 12.629999999999999
tot_sleeping_duration: 7561271.324720006
tot_uptimes: 1967
tot_uptimes_duration: 117961.87927999347
