comms_cons: 749.417395324435
finished_reconf: true
global_termination_time: 7676306.229
local_termination_time: 5388051.239599999
node_cons: 157882.97824111202
tot_aggregated_send: 106082
tot_msg_rcv: 2686
tot_msg_sent: 5139
tot_reconf_duration: 10.95
tot_sleeping_duration: 7558406.222920002
tot_uptimes: 1966
tot_uptimes_duration: 117900.00607999787
