comms_cons: 767.7880322099618
finished_reconf: true
global_termination_time: 7680489.012
local_termination_time: 1164204.0037199988
node_cons: 157959.14097116553
tot_aggregated_send: 106082
tot_msg_rcv: 3496
tot_msg_sent: 7118
tot_reconf_duration: 7.819999999999999
tot_sleeping_duration: 7562528.951200021
tot_uptimes: 1967
tot_uptimes_duration: 117960.06079997821
