comms_cons: 38.68035840056785
finished_reconf: true
global_termination_time: 384035.897
local_termination_time: 276774.69564000034
node_cons: 7879.297902242831
tot_aggregated_send: 5394
tot_msg_rcv: 197
tot_msg_sent: 288
tot_reconf_duration: 4.390000000000001
tot_sleeping_duration: 378155.88483999786
tot_uptimes: 99
tot_uptimes_duration: 5880.012160002152
