comms_cons: 200.54549758036165
finished_reconf: true
global_termination_time: 1974185.895
local_termination_time: 703581.2936799985
node_cons: 40580.26894558391
tot_aggregated_send: 27028
tot_msg_rcv: 1189
tot_msg_sent: 2265
tot_reconf_duration: 6.279999999999999
tot_sleeping_duration: 1943885.8646000118
tot_uptimes: 506
tot_uptimes_duration: 30300.030399988173
