comms_cons: 469.97199349773234
finished_reconf: true
global_termination_time: 3129027.518
local_termination_time: 2098292.46136
node_cons: 64360.892663349536
tot_aggregated_send: 0
tot_msg_rcv: 35989
tot_msg_sent: 35444
tot_reconf_duration: 6.279999999999999
tot_sleeping_duration: 3080967.4997600075
tot_uptimes: 802
tot_uptimes_duration: 48060.0182399929
