comms_cons: 311.317408009802
finished_reconf: true
global_termination_time: 3135003.733
local_termination_time: 1388655.5793599999
node_cons: 64436.903345583894
tot_aggregated_send: 43268
tot_msg_rcv: 1432
tot_msg_sent: 2618
tot_reconf_duration: 3.08
tot_sleeping_duration: 3086883.702600011
tot_uptimes: 803
tot_uptimes_duration: 48120.03039998887
