comms_cons: 309.17039361633545
finished_reconf: true
global_termination_time: 3129120.175
local_termination_time: 1111466.70836
node_cons: 64358.90454447101
tot_aggregated_send: 44196
tot_msg_rcv: 1009
tot_msg_sent: 1788
tot_reconf_duration: 4.8100000000000005
tot_sleeping_duration: 3081060.1506800056
tot_uptimes: 802
tot_uptimes_duration: 48060.024319994205
