comms_cons: 308.92126080571654
finished_reconf: true
global_termination_time: 3130193.615
local_termination_time: 2108128.2252399987
node_cons: 64360.81932446628
tot_aggregated_send: 43732
tot_msg_rcv: 1129
tot_msg_sent: 2093
tot_reconf_duration: 6.22
tot_sleeping_duration: 3082133.590680009
tot_uptimes: 802
tot_uptimes_duration: 48060.024319991004
