comms_cons: 305.69746559697563
finished_reconf: true
global_termination_time: 3130973.564
local_termination_time: 2243287.15536
node_cons: 64359.72208111574
tot_aggregated_send: 43500
tot_msg_rcv: 883
tot_msg_sent: 2082
tot_reconf_duration: 5.43
tot_sleeping_duration: 3082913.5579200024
tot_uptimes: 802
tot_uptimes_duration: 48060.006079997635
