comms_cons: 96.25307518980281
finished_reconf: true
global_termination_time: 777473.9845999997
local_termination_time: 777473.9434799998
node_cons: 16096.21185985489
tot_aggregated_send: 6902
tot_msg_rcv: 3070
tot_msg_sent: 4664
tot_reconf_duration: 66.16
tot_sleeping_duration: 765520.0140399886
tot_uptimes: 200
tot_uptimes_duration: 11953.970560011072
