comms_cons: 76.83910399941834
finished_reconf: true
global_termination_time: 779569.664
local_termination_time: 6655.026
node_cons: 15996.448962241462
tot_aggregated_send: 11303
tot_msg_rcv: 142
tot_msg_sent: 234
tot_reconf_duration: 6.46
tot_sleeping_duration: 767629.6518399989
tot_uptimes: 200
tot_uptimes_duration: 11940.012160001075
