comms_cons: 52.19342080463246
finished_reconf: true
global_termination_time: 267105.267
local_termination_time: 10759.96672
node_cons: 5493.878700000005
tot_aggregated_send: 0
tot_msg_rcv: 4004
tot_msg_sent: 3930
tot_reconf_duration: 22.65
tot_sleeping_duration: 263025.267
tot_uptimes: 69
tot_uptimes_duration: 4080.0
