comms_cons: 26.79708160028827
finished_reconf: true
global_termination_time: 264785.217
local_termination_time: 111264.84971999968
node_cons: 5398.147121121452
tot_aggregated_send: 3422
tot_msg_rcv: 196
tot_msg_sent: 455
tot_reconf_duration: 11.31
tot_sleeping_duration: 260765.21091999894
tot_uptimes: 68
tot_uptimes_duration: 4020.0060800010688
