comms_cons: 79.18192640059297
finished_reconf: true
global_termination_time: 790355.1494799998
local_termination_time: 790355.1083599998
node_cons: 16297.857502084118
tot_aggregated_send: 11194
tot_msg_rcv: 332
tot_msg_sent: 510
tot_reconf_duration: 37.410000000000004
tot_sleeping_duration: 778221.4267599967
tot_uptimes: 203
tot_uptimes_duration: 12133.722720003047
