comms_cons: 79.72204800028979
finished_reconf: true
global_termination_time: 791342.439
local_termination_time: 123720.50535999995
node_cons: 16263.04554112144
tot_aggregated_send: 10614
tot_msg_rcv: 546
tot_msg_sent: 959
tot_reconf_duration: 25.299999999999997
tot_sleeping_duration: 779222.432919999
tot_uptimes: 203
tot_uptimes_duration: 12120.006080001069
