comms_cons: 77.94440960033897
finished_reconf: true
global_termination_time: 790621.082
local_termination_time: 154178.3366000001
node_cons: 16246.581142238303
tot_aggregated_send: 10440
tot_msg_rcv: 486
tot_msg_sent: 921
tot_reconf_duration: 13.17
tot_sleeping_duration: 778501.0698400013
tot_uptimes: 203
tot_uptimes_duration: 12120.012159998703
