comms_cons: 78.41873920038732
finished_reconf: true
global_termination_time: 792381.994
local_termination_time: 108039.64635999997
node_cons: 16241.067662242885
tot_aggregated_send: 10788
tot_msg_rcv: 405
tot_msg_sent: 728
tot_reconf_duration: 9.11
tot_sleeping_duration: 780261.9818399978
tot_uptimes: 203
tot_uptimes_duration: 12120.012160002138
