comms_cons: 78.34041600080559
finished_reconf: true
global_termination_time: 795941.411
local_termination_time: 134761.49136000007
node_cons: 16329.555662242901
tot_aggregated_send: 10730
tot_msg_rcv: 374
tot_msg_sent: 804
tot_reconf_duration: 15.110000000000001
tot_sleeping_duration: 783761.3988399978
tot_uptimes: 204
tot_uptimes_duration: 12180.012160002134
