comms_cons: 79.48519680028562
finished_reconf: true
global_termination_time: 790589.158
local_termination_time: 304730.38036
node_cons: 16237.143042242848
tot_aggregated_send: 10788
tot_msg_rcv: 495
tot_msg_sent: 798
tot_reconf_duration: 6.22
tot_sleeping_duration: 778469.1458399979
tot_uptimes: 203
tot_uptimes_duration: 12120.012160002138
