comms_cons: 291.83163519987556
finished_reconf: true
global_termination_time: 2978177.736
local_termination_time: 2413519.517359998
node_cons: 61228.35712303678
tot_aggregated_send: 43094
tot_msg_rcv: 366
tot_msg_sent: 896
tot_reconf_duration: 5.57
tot_sleeping_duration: 2932456.456640002
tot_uptimes: 763
tot_uptimes_duration: 45721.27935999818
