comms_cons: 305.03948801999115
finished_reconf: true
global_termination_time: 2982783.784
local_termination_time: 511896.20912000054
node_cons: 61303.66773452356
tot_aggregated_send: 40194
tot_msg_rcv: 2262
tot_msg_sent: 3911
tot_reconf_duration: 3.05
tot_sleeping_duration: 2937003.7049600263
tot_uptimes: 764
tot_uptimes_duration: 45780.079039973614
