comms_cons: 298.06351360236266
finished_reconf: true
global_termination_time: 2978063.439
local_termination_time: 1104536.9067999993
node_cons: 61227.57560669978
tot_aggregated_send: 41064
tot_msg_rcv: 1387
tot_msg_sent: 2853
tot_reconf_duration: 6.22
tot_sleeping_duration: 2932343.402520014
tot_uptimes: 763
tot_uptimes_duration: 45720.03647998581
