comms_cons: 300.2482304263303
finished_reconf: true
global_termination_time: 2976553.4562399955
local_termination_time: 22587.04448
node_cons: 61263.03070053117
tot_aggregated_send: 41238
tot_msg_rcv: 1546
tot_msg_sent: 2850
tot_reconf_duration: 11.31
tot_sleeping_duration: 2930812.1032000165
tot_uptimes: 763
tot_uptimes_duration: 45741.35303997935
