comms_cons: 50.925760000291845
finished_reconf: true
global_termination_time: 490901.1
local_termination_time: 122575.8709599999
node_cons: 10126.998182242858
tot_aggregated_send: 6554
tot_msg_rcv: 427
tot_msg_sent: 757
tot_reconf_duration: 3.05
tot_sleeping_duration: 483341.08783999784
tot_uptimes: 126
tot_uptimes_duration: 7560.0121600021375
