comms_cons: 51.07388800094368
finished_reconf: true
global_termination_time: 494812.263
local_termination_time: 149049.52500000046
node_cons: 10131.303042242875
tot_aggregated_send: 6612
tot_msg_rcv: 480
tot_msg_sent: 670
tot_reconf_duration: 6.22
tot_sleeping_duration: 487252.25083999784
tot_uptimes: 127
tot_uptimes_duration: 7560.0121600021375
