comms_cons: 49.74345600072141
finished_reconf: true
global_termination_time: 492296.058
local_termination_time: 181444.08036000005
node_cons: 10138.215262242871
tot_aggregated_send: 6554
tot_msg_rcv: 300
tot_msg_sent: 705
tot_reconf_duration: 11.31
tot_sleeping_duration: 484736.0458399979
tot_uptimes: 127
tot_uptimes_duration: 7560.0121600021375
