comms_cons: 316.1726464135942
finished_reconf: true
global_termination_time: 3126991.797
local_termination_time: 496030.5673600001
node_cons: 64302.92966346235
tot_aggregated_send: 42224
tot_msg_rcv: 1998
tot_msg_sent: 3832
tot_reconf_duration: 22.65
tot_sleeping_duration: 3078991.669320042
tot_uptimes: 801
tot_uptimes_duration: 48000.12767995789
