comms_cons: 309.72790401159057
finished_reconf: true
global_termination_time: 3128758.115
local_termination_time: 1611834.966639999
node_cons: 64370.22485999858
tot_aggregated_send: 44892
tot_msg_rcv: 752
tot_msg_sent: 1432
tot_reconf_duration: 13.17
tot_sleeping_duration: 3080698.115
tot_uptimes: 802
tot_uptimes_duration: 48060.0
