comms_cons: 310.9329920209307
finished_reconf: true
global_termination_time: 3129444.323
local_termination_time: 830051.579999999
node_cons: 64365.13235999874
tot_aggregated_send: 44602
tot_msg_rcv: 810
tot_msg_sent: 1848
tot_reconf_duration: 9.42
tot_sleeping_duration: 3081384.323
tot_uptimes: 802
tot_uptimes_duration: 48060.0
