comms_cons: 311.5824896069035
finished_reconf: true
global_termination_time: 3128648.207
local_termination_time: 695183.1573599998
node_cons: 64377.734599998614
tot_aggregated_send: 44892
tot_msg_rcv: 916
tot_msg_sent: 1549
tot_reconf_duration: 18.700000000000003
tot_sleeping_duration: 3080588.207
tot_uptimes: 802
tot_uptimes_duration: 48060.0
