comms_cons: 621.3629125548717
finished_reconf: true
global_termination_time: 3126949.9295999976
local_termination_time: 1391.4454800000024
node_cons: 64307.98525733959
tot_aggregated_send: 0
tot_msg_rcv: 48024
tot_msg_sent: 46415
tot_reconf_duration: 11.31
tot_sleeping_duration: 3078934.5253600115
tot_uptimes: 801
tot_uptimes_duration: 48015.40423998574
