comms_cons: 319.99009925433006
finished_reconf: true
global_termination_time: 3126979.678
local_termination_time: 662942.2507199997
node_cons: 64373.31011898605
tot_aggregated_send: 41818
tot_msg_rcv: 2170
tot_msg_sent: 4649
tot_reconf_duration: 15.34
tot_sleeping_duration: 3078919.5746400394
tot_uptimes: 801
tot_uptimes_duration: 48060.10335996072
