comms_cons: 233.78529279679285
finished_reconf: true
global_termination_time: 2313643.39
local_termination_time: 436940.50664000044
node_cons: 47582.16870781759
tot_aggregated_send: 31958
tot_msg_rcv: 1202
tot_msg_sent: 2374
tot_reconf_duration: 15.34
tot_sleeping_duration: 2278123.3474400165
tot_uptimes: 593
tot_uptimes_duration: 35520.042559983674
