comms_cons: 455.74135663403
finished_reconf: true
global_termination_time: 2313748.954
local_termination_time: 2183.28848
node_cons: 47576.663403354505
tot_aggregated_send: 0
tot_msg_rcv: 34931
tot_msg_sent: 34336
tot_reconf_duration: 11.31
tot_sleeping_duration: 2278228.9357600035
tot_uptimes: 593
tot_uptimes_duration: 35520.01823999634
