comms_cons: 911.1809784489733
finished_reconf: true
global_termination_time: 2496353.958
local_termination_time: 467921.0504800001
node_cons: 151857.94096893523
tot_aggregated_send: 0
tot_msg_rcv: 55807
tot_msg_sent: 82687
tot_reconf_duration: 18.21
tot_sleeping_duration: 2382960.969360015
tot_uptimes: 1862
tot_uptimes_duration: 113392.9886399851
