comms_cons: 251.42419836967667
finished_reconf: true
global_termination_time: 2502351.102
local_termination_time: 447332.64436000003
node_cons: 51423.65117229353
tot_aggregated_send: 33002
tot_msg_rcv: 1661
tot_msg_sent: 3552
tot_reconf_duration: 4.390000000000001
tot_sleeping_duration: 2463951.035120019
tot_uptimes: 641
tot_uptimes_duration: 38400.06687998085
