comms_cons: 246.1404287756692
finished_reconf: true
global_termination_time: 2496705.488
local_termination_time: 984363.218359998
node_cons: 51341.47093881903
tot_aggregated_send: 33292
tot_msg_rcv: 1287
tot_msg_sent: 2833
tot_reconf_duration: 3.05
tot_sleeping_duration: 2458365.4364400147
tot_uptimes: 640
tot_uptimes_duration: 38340.05155998486
