comms_cons: 250.99917438233774
finished_reconf: true
global_termination_time: 2495627.5192399924
local_termination_time: 50229.425120000094
node_cons: 51400.10345493342
tot_aggregated_send: 34626
tot_msg_rcv: 1201
tot_msg_sent: 2322
tot_reconf_duration: 11.31
tot_sleeping_duration: 2457252.0566000114
tot_uptimes: 640
tot_uptimes_duration: 38375.46263998072
