comms_cons: 369.37527656183346
finished_reconf: true
global_termination_time: 1270961.91
local_termination_time: 365855.7494800001
node_cons: 51743.45822899938
tot_aggregated_send: 0
tot_msg_rcv: 18833
tot_msg_sent: 37311
tot_reconf_duration: 18.21
tot_sleeping_duration: 1232337.0189999999
tot_uptimes: 640
tot_uptimes_duration: 38624.891000000076
