comms_cons: 184.38894079159112
finished_reconf: true
global_termination_time: 1861869.146
local_termination_time: 1282722.2353599998
node_cons: 38266.56917999976
tot_aggregated_send: 26100
tot_msg_rcv: 603
tot_msg_sent: 1324
tot_reconf_duration: 18.21
tot_sleeping_duration: 1833309.146
tot_uptimes: 477
tot_uptimes_duration: 28560.0
