comms_cons: 184.29655039525701
finished_reconf: true
global_termination_time: 1865594.258
local_termination_time: 1027286.3169599988
node_cons: 38332.799559999745
tot_aggregated_send: 26854
tot_msg_rcv: 381
tot_msg_sent: 777
tot_reconf_duration: 7.819999999999999
tot_sleeping_duration: 1836974.258
tot_uptimes: 478
tot_uptimes_duration: 28619.999999999884
