comms_cons: 185.80381438650184
finished_reconf: true
global_termination_time: 1863528.715
local_termination_time: 63928.90992000015
node_cons: 38330.643042233474
tot_aggregated_send: 26100
tot_msg_rcv: 686
tot_msg_sent: 1456
tot_reconf_duration: 6.22
tot_sleeping_duration: 1834908.7028400048
tot_uptimes: 478
tot_uptimes_duration: 28620.01215999527
