comms_cons: 183.02676479296593
finished_reconf: true
global_termination_time: 1861892.92
local_termination_time: 1731570.0647999984
node_cons: 38257.19897999989
tot_aggregated_send: 26622
tot_msg_rcv: 393
tot_msg_sent: 804
tot_reconf_duration: 11.31
tot_sleeping_duration: 1833332.92
tot_uptimes: 477
tot_uptimes_duration: 28560.0
