comms_cons: 400.85645443379804
finished_reconf: true
global_termination_time: 4062868.098
local_termination_time: 2356328.9353599995
node_cons: 83574.47242558308
tot_aggregated_send: 55912
tot_msg_rcv: 1597
tot_msg_sent: 3418
tot_reconf_duration: 15.34
tot_sleeping_duration: 4000468.0676000114
tot_uptimes: 1041
tot_uptimes_duration: 62400.030399989104
