comms_cons: 394.9205888268811
finished_reconf: true
global_termination_time: 4062651.298999993
local_termination_time: 2812032.276279999
node_cons: 83628.53724110576
tot_aggregated_send: 55970
tot_msg_rcv: 1247
tot_msg_sent: 2809
tot_reconf_duration: 25.299999999999997
tot_sleeping_duration: 4000220.992920002
tot_uptimes: 1041
tot_uptimes_duration: 62430.30607999116
