comms_cons: 404.08851205196515
finished_reconf: true
global_termination_time: 4063628.742
local_termination_time: 2169869.71736
node_cons: 83569.03225005162
tot_aggregated_send: 56782
tot_msg_rcv: 1501
tot_msg_sent: 3136
tot_reconf_duration: 11.31
tot_sleeping_duration: 4001228.6872800197
tot_uptimes: 1041
tot_uptimes_duration: 62400.05471998034
