comms_cons: 291.86709759655673
finished_reconf: true
global_termination_time: 2961130.822
local_termination_time: 850398.2056399982
node_cons: 60919.049624956126
tot_aggregated_send: 42746
tot_msg_rcv: 522
tot_msg_sent: 1095
tot_reconf_duration: 13.17
tot_sleeping_duration: 2915648.249360002
tot_uptimes: 759
tot_uptimes_duration: 45482.57263999793
