comms_cons: 154.75605118148113
finished_reconf: true
global_termination_time: 1515518.68
local_termination_time: 210152.91836000004
node_cons: 31196.722450065325
tot_aggregated_send: 20184
tot_msg_rcv: 1146
tot_msg_sent: 2193
tot_reconf_duration: 18.21
tot_sleeping_duration: 1492238.625280011
tot_uptimes: 389
tot_uptimes_duration: 23280.054719989013
