comms_cons: 152.453222389675
finished_reconf: true
global_termination_time: 1516420.294
local_termination_time: 1157026.2862799994
node_cons: 31188.080200000244
tot_aggregated_send: 20880
tot_msg_rcv: 710
tot_msg_sent: 1582
tot_reconf_duration: 11.899999999999999
tot_sleeping_duration: 1493140.294
tot_uptimes: 389
tot_uptimes_duration: 23280.0
