comms_cons: 152.71102718381383
finished_reconf: true
global_termination_time: 1517782.779
local_termination_time: 624994.0502399988
node_cons: 31187.319685584127
tot_aggregated_send: 19778
tot_msg_rcv: 1228
tot_msg_sent: 2204
tot_reconf_duration: 11.31
tot_sleeping_duration: 1494502.748600012
tot_uptimes: 389
tot_uptimes_duration: 23280.030399988173
