comms_cons: 289.4689855967148
finished_reconf: true
global_termination_time: 595742.7449599986
local_termination_time: 595742.7038399987
node_cons: 36469.53462503716
tot_aggregated_send: 0
tot_msg_rcv: 17711
tot_msg_sent: 26286
tot_reconf_duration: 24.59
tot_sleeping_duration: 568531.2876000007
tot_uptimes: 448
tot_uptimes_duration: 27211.45735999794
