comms_cons: 119.18904959855557
finished_reconf: true
global_termination_time: 599900.124
local_termination_time: 1197.7124800000004
node_cons: 12298.560121116849
tot_aggregated_send: 0
tot_msg_rcv: 9236
tot_msg_sent: 8878
tot_reconf_duration: 4.8100000000000005
tot_sleeping_duration: 590720.1179200023
tot_uptimes: 154
tot_uptimes_duration: 9180.006079997635
