comms_cons: 59.35096320059397
finished_reconf: true
global_termination_time: 598320.411
local_termination_time: 69621.29439999977
node_cons: 12296.170041121431
tot_aggregated_send: 7946
tot_msg_rcv: 374
tot_msg_sent: 701
tot_reconf_duration: 3.05
tot_sleeping_duration: 589140.404919999
tot_uptimes: 154
tot_uptimes_duration: 9180.006080001069
