comms_cons: 61.74797439978921
finished_reconf: true
global_termination_time: 600681.942
local_termination_time: 87956.30287999974
node_cons: 12300.499324483462
tot_aggregated_send: 7946
tot_msg_rcv: 510
tot_msg_sent: 929
tot_reconf_duration: 6.22
tot_sleeping_duration: 591501.9176799974
tot_uptimes: 154
tot_uptimes_duration: 9180.024320002572
