comms_cons: 274.96450561741716
finished_reconf: true
global_termination_time: 2772189.7793599977
local_termination_time: 2772189.7793599977
node_cons: 57083.13722527382
tot_aggregated_send: 39716
tot_msg_rcv: 627
tot_msg_sent: 1449
tot_reconf_duration: 24.59
tot_sleeping_duration: 2729583.5478400015
tot_uptimes: 710
tot_uptimes_duration: 42606.23151999636
