comms_cons: 23.16003839986852
finished_reconf: true
global_termination_time: 223843.292
local_termination_time: 19084.51348
node_cons: 4600.2361433585975
tot_aggregated_send: 2784
tot_msg_rcv: 224
tot_msg_sent: 513
tot_reconf_duration: 15.34
tot_sleeping_duration: 220423.27376000103
tot_uptimes: 58
tot_uptimes_duration: 3420.01823999895
