comms_cons: 22.770611200523827
finished_reconf: true
global_termination_time: 223525.445
local_termination_time: 178799.52080000076
node_cons: 4599.907521121454
tot_aggregated_send: 3016
tot_msg_rcv: 168
tot_msg_sent: 277
tot_reconf_duration: 15.110000000000001
tot_sleeping_duration: 220105.43891999894
tot_uptimes: 58
tot_uptimes_duration: 3420.0060800010688
