comms_cons: 44.14448640236192
finished_reconf: true
global_termination_time: 225541.303
local_termination_time: 2821.1014800000003
node_cons: 4610.146841119155
tot_aggregated_send: 0
tot_msg_rcv: 3421
tot_msg_sent: 3288
tot_reconf_duration: 22.65
tot_sleeping_duration: 222121.29692000063
tot_uptimes: 58
tot_uptimes_duration: 3420.006079999366
