comms_cons: 22.599552000148456
finished_reconf: true
global_termination_time: 224701.464
local_termination_time: 3263.029920000001
node_cons: 4592.181893680007
tot_aggregated_send: 3074
tot_msg_rcv: 134
tot_msg_sent: 227
tot_reconf_duration: 9.42
tot_sleeping_duration: 221281.45688
tot_uptimes: 58
tot_uptimes_duration: 3420.0071200000034
