comms_cons: 113.39387519270372
finished_reconf: true
global_termination_time: 1134465.27524
local_termination_time: 27049.705280000002
node_cons: 23351.929041682106
tot_aggregated_send: 13456
tot_msg_rcv: 1409
tot_msg_sent: 2372
tot_reconf_duration: 18.21
tot_sleeping_duration: 1117043.9161199986
tot_uptimes: 291
tot_uptimes_duration: 17421.35912000155
