comms_cons: 111.75429119913161
finished_reconf: true
global_termination_time: 1137360.465
local_termination_time: 509032.32736000005
node_cons: 23409.706841116902
tot_aggregated_send: 16588
tot_msg_rcv: 136
tot_msg_sent: 262
tot_reconf_duration: 22.65
tot_sleeping_duration: 1119900.4589200024
tot_uptimes: 292
tot_uptimes_duration: 17460.006079997635
