comms_cons: 11.79713279993604
finished_reconf: true
global_termination_time: 103530.879
local_termination_time: 71052.39635999997
node_cons: 2106.757424478882
tot_aggregated_send: 928
tot_msg_rcv: 328
tot_msg_sent: 537
tot_reconf_duration: 13.17
tot_sleeping_duration: 101970.85468000083
tot_uptimes: 27
tot_uptimes_duration: 1560.0243199991673
