comms_cons: 302.64076800508644
finished_reconf: true
global_termination_time: 3000953.7050799956
local_termination_time: 26204.887840000003
node_cons: 61792.6929169433
tot_aggregated_send: 41992
tot_msg_rcv: 1427
tot_msg_sent: 2579
tot_reconf_duration: 18.21
tot_sleeping_duration: 2954823.784440007
tot_uptimes: 769
tot_uptimes_duration: 46129.92063998843
