comms_cons: 2.3092991999944803
finished_reconf: true
global_termination_time: 13028.598
local_termination_time: 6314.861360000001
node_cons: 246.981619999998
tot_aggregated_send: 0
tot_msg_rcv: 181
tot_msg_sent: 170
tot_reconf_duration: 4.390000000000001
tot_sleeping_duration: 12848.598000000002
tot_uptimes: 4
tot_uptimes_duration: 180.0
