comms_cons: 96.81950719829868
finished_reconf: true
global_termination_time: 999013.304
local_termination_time: 5329.823
node_cons: 20501.035041119183
tot_aggregated_send: 14199
tot_msg_rcv: 178
tot_msg_sent: 339
tot_reconf_duration: 10.55
tot_sleeping_duration: 983713.2979200006
tot_uptimes: 256
tot_uptimes_duration: 15300.006079999366
