comms_cons: 147.9855999941122
finished_reconf: true
global_termination_time: 1491265.5721200001
local_termination_time: 132469.48656000022
node_cons: 30641.877283030648
tot_aggregated_send: 20938
tot_msg_rcv: 451
tot_msg_sent: 1104
tot_reconf_duration: 7.819999999999999
tot_sleeping_duration: 1468389.3527600071
tot_uptimes: 382
tot_uptimes_duration: 22876.219359993003
