comms_cons: 269.1459774195106
finished_reconf: true
global_termination_time: 1347852.751
local_termination_time: 295206.64548000006
node_cons: 27725.811888934662
tot_aggregated_send: 0
tot_msg_rcv: 20890
tot_msg_sent: 20020
tot_reconf_duration: 6.22
tot_sleeping_duration: 1327152.7023600189
tot_uptimes: 346
tot_uptimes_duration: 20700.048639981076
