comms_cons: 138.84085758381934
finished_reconf: true
global_termination_time: 1347709.881
local_termination_time: 398680.08836000005
node_cons: 27732.748532294394
tot_aggregated_send: 17980
tot_msg_rcv: 1087
tot_msg_sent: 2036
tot_reconf_duration: 11.31
tot_sleeping_duration: 1327009.8141200193
tot_uptimes: 346
tot_uptimes_duration: 20700.066879980848
