comms_cons: 682.4954875252009
finished_reconf: true
global_termination_time: 1413032.3778399988
local_termination_time: 1413032.3367199989
node_cons: 85661.51379331098
tot_aggregated_send: 0
tot_msg_rcv: 41954
tot_msg_sent: 61781
tot_reconf_duration: 24.59
tot_sleeping_duration: 1349083.071960004
tot_uptimes: 1046
tot_uptimes_duration: 63949.30587999485
