comms_cons: 140.24222719572424
finished_reconf: true
global_termination_time: 1414197.657
local_termination_time: 311176.9663600001
node_cons: 29103.91172000008
tot_aggregated_send: 20416
tot_msg_rcv: 334
tot_msg_sent: 566
tot_reconf_duration: 15.34
tot_sleeping_duration: 1392477.657
tot_uptimes: 363
tot_uptimes_duration: 21720.0
