comms_cons: 140.05045759575964
finished_reconf: true
global_termination_time: 1414484.109
local_termination_time: 482187.53952000086
node_cons: 29098.438980000043
tot_aggregated_send: 20416
tot_msg_rcv: 300
tot_msg_sent: 570
tot_reconf_duration: 11.31
tot_sleeping_duration: 1392764.109
tot_uptimes: 363
tot_uptimes_duration: 21720.0
