comms_cons: 178.99434238460276
finished_reconf: true
global_termination_time: 1783671.8305999998
local_termination_time: 1783671.7894799998
node_cons: 36686.90370733428
tot_aggregated_send: 24868
tot_msg_rcv: 755
tot_msg_sent: 1583
tot_reconf_duration: 24.59
tot_sleeping_duration: 1756298.036360019
tot_uptimes: 457
tot_uptimes_duration: 27373.794239980867
