comms_cons: 1.6651647999937902
finished_reconf: true
global_termination_time: 13387.308
local_termination_time: 11258.35336
node_cons: 249.5482399999984
tot_aggregated_send: 0
tot_msg_rcv: 130
tot_msg_sent: 123
tot_reconf_duration: 6.279999999999999
tot_sleeping_duration: 13207.308
tot_uptimes: 4
tot_uptimes_duration: 180.0
