comms_cons: 366.26406405480657
finished_reconf: true
global_termination_time: 3653698.006
local_termination_time: 2023831.91436
node_cons: 75128.56026558373
tot_aggregated_send: 50808
tot_msg_rcv: 1585
tot_msg_sent: 3277
tot_reconf_duration: 7.819999999999999
tot_sleeping_duration: 3597597.9756000107
tot_uptimes: 936
tot_uptimes_duration: 56100.030399989104
