comms_cons: 366.704870440142
finished_reconf: true
global_termination_time: 3652727.77
local_termination_time: 2547899.38036
node_cons: 75125.30650446641
tot_aggregated_send: 50634
tot_msg_rcv: 1689
tot_msg_sent: 3414
tot_reconf_duration: 5.43
tot_sleeping_duration: 3596627.745680009
tot_uptimes: 936
tot_uptimes_duration: 56100.024319991004
