comms_cons: 43.226598400100656
finished_reconf: true
global_termination_time: 433980.94
local_termination_time: 61848.975
node_cons: 8958.379555920219
tot_aggregated_send: 6204
tot_msg_rcv: 147
tot_msg_sent: 220
tot_reconf_duration: 22.65
tot_sleeping_duration: 427313.56071999983
tot_uptimes: 112
tot_uptimes_duration: 6667.379280000161
