comms_cons: 42.21214720013474
finished_reconf: true
global_termination_time: 431329.11388000054
local_termination_time: 232403.8716000001
node_cons: 8901.414062320731
tot_aggregated_send: 6322
tot_msg_rcv: 22
tot_msg_sent: 72
tot_reconf_duration: 11.31
tot_sleeping_duration: 424692.777
tot_uptimes: 111
tot_uptimes_duration: 6636.336880000541
