comms_cons: 445.08036486649513
finished_reconf: true
global_termination_time: 515638.1716000001
local_termination_time: 515638.1304800001
node_cons: 51355.95116068062
tot_aggregated_send: 0
tot_msg_rcv: 30610
tot_msg_sent: 37039
tot_reconf_duration: 24.59
tot_sleeping_duration: 477309.1514799992
tot_uptimes: 619
tot_uptimes_duration: 38329.02012000095
