comms_cons: 51.56181760037947
finished_reconf: true
global_termination_time: 517035.842
local_termination_time: 12889.511840000005
node_cons: 10612.444060000016
tot_aggregated_send: 7250
tot_msg_rcv: 184
tot_msg_sent: 404
tot_reconf_duration: 5.57
tot_sleeping_duration: 509115.842
tot_uptimes: 133
tot_uptimes_duration: 7920.0
