comms_cons: 52.963187200734104
finished_reconf: true
global_termination_time: 520763.697
local_termination_time: 93019.48647999995
node_cons: 10691.776403364303
tot_aggregated_send: 6960
tot_msg_rcv: 438
tot_msg_sent: 653
tot_reconf_duration: 4.8100000000000005
tot_sleeping_duration: 512783.6787599968
tot_uptimes: 134
tot_uptimes_duration: 7980.018240003206
