comms_cons: 102.65954561502951
finished_reconf: true
global_termination_time: 518132.583
local_termination_time: 226.71503999999996
node_cons: 10625.744284482318
tot_aggregated_send: 0
tot_msg_rcv: 7947
tot_msg_sent: 7654
tot_reconf_duration: 15.34
tot_sleeping_duration: 510212.55867999827
tot_uptimes: 133
tot_uptimes_duration: 7920.024320001721
