comms_cons: 208.51534078535875
finished_reconf: true
global_termination_time: 2057392.671
local_termination_time: 9727.889160000002
node_cons: 42283.6343089481
tot_aggregated_send: 28304
tot_msg_rcv: 1192
tot_msg_sent: 2196
tot_reconf_duration: 18.21
tot_sleeping_duration: 2025832.6223600085
tot_uptimes: 527
tot_uptimes_duration: 31560.04863999138
