comms_cons: 202.6229503886555
finished_reconf: true
global_termination_time: 2054928.215
local_termination_time: 469470.37336
node_cons: 42265.79022335011
tot_aggregated_send: 28826
tot_msg_rcv: 730
tot_msg_sent: 1241
tot_reconf_duration: 5.1
tot_sleeping_duration: 2023368.1967600072
tot_uptimes: 527
tot_uptimes_duration: 31560.018239992904
