comms_cons: 206.75684478435593
finished_reconf: true
global_termination_time: 2056501.121
local_termination_time: 358859.74604000075
node_cons: 42265.40454446697
tot_aggregated_send: 28594
tot_msg_rcv: 913
tot_msg_sent: 1919
tot_reconf_duration: 4.8100000000000005
tot_sleeping_duration: 2024941.0966800095
tot_uptimes: 527
tot_uptimes_duration: 31560.024319990538
