comms_cons: 208.10873598151053
finished_reconf: true
global_termination_time: 2053643.686
local_termination_time: 483614.77384000056
node_cons: 42184.502325583744
tot_aggregated_send: 28130
tot_msg_rcv: 1178
tot_msg_sent: 2323
tot_reconf_duration: 4.390000000000001
tot_sleeping_duration: 2022143.6556000118
tot_uptimes: 526
tot_uptimes_duration: 31500.030399988173
