comms_cons: 207.6329727837106
finished_reconf: true
global_termination_time: 2055744.5
local_termination_time: 1299673.9790399992
node_cons: 42266.23836335006
tot_aggregated_send: 28652
tot_msg_rcv: 1107
tot_msg_sent: 1800
tot_reconf_duration: 5.43
tot_sleeping_duration: 2024184.481760007
tot_uptimes: 527
tot_uptimes_duration: 31560.018239992904
