comms_cons: 45.475430400669126
finished_reconf: true
global_termination_time: 451023.43912000034
local_termination_time: 387109.27096000017
node_cons: 9294.37307968047
tot_aggregated_send: 6148
tot_msg_rcv: 289
tot_msg_sent: 475
tot_reconf_duration: 4.8100000000000005
tot_sleeping_duration: 444087.038
tot_uptimes: 116
tot_uptimes_duration: 6936.401120000344
