comms_cons: 44.80435200039938
finished_reconf: true
global_termination_time: 451651.324
local_termination_time: 23565.479600000002
node_cons: 9243.241900000015
tot_aggregated_send: 6438
tot_msg_rcv: 142
tot_msg_sent: 230
tot_reconf_duration: 3.05
tot_sleeping_duration: 444751.324
tot_uptimes: 116
tot_uptimes_duration: 6900.0
