comms_cons: 45.9293952006328
finished_reconf: true
global_termination_time: 452076.306
local_termination_time: 77255.43727999953
node_cons: 9249.727701121452
tot_aggregated_send: 6032
tot_msg_rcv: 315
tot_msg_sent: 634
tot_reconf_duration: 7.819999999999999
tot_sleeping_duration: 445176.2999199989
tot_uptimes: 116
tot_uptimes_duration: 6900.006080001069
