comms_cons: 45.166208000518594
finished_reconf: true
global_termination_time: 451500.656
local_termination_time: 390865.12192000024
node_cons: 9247.546760000014
tot_aggregated_send: 6206
tot_msg_rcv: 233
tot_msg_sent: 426
tot_reconf_duration: 6.22
tot_sleeping_duration: 444600.65599999996
tot_uptimes: 116
tot_uptimes_duration: 6900.00000000003
