comms_cons: 145.42005758847074
finished_reconf: true
global_termination_time: 1437920.325
local_termination_time: 869616.6273599999
node_cons: 29573.67266335058
tot_aggregated_send: 19662
tot_msg_rcv: 817
tot_msg_sent: 1624
tot_reconf_duration: 6.279999999999999
tot_sleeping_duration: 1415840.306760007
tot_uptimes: 369
tot_uptimes_duration: 22080.018239992904
