comms_cons: 144.26124799551894
finished_reconf: true
global_termination_time: 1437672.13
local_termination_time: 678902.8397999983
node_cons: 29572.053941116847
tot_aggregated_send: 20300
tot_msg_rcv: 636
tot_msg_sent: 989
tot_reconf_duration: 5.1
tot_sleeping_duration: 1415592.1239200023
tot_uptimes: 369
tot_uptimes_duration: 22080.006079997635
