comms_cons: 145.7292799867618
finished_reconf: true
global_termination_time: 1440610.947
local_termination_time: 439261.7976400009
node_cons: 29571.684544467375
tot_aggregated_send: 19894
tot_msg_rcv: 804
tot_msg_sent: 1452
tot_reconf_duration: 4.8100000000000005
tot_sleeping_duration: 1418530.9226800094
tot_uptimes: 369
tot_uptimes_duration: 22080.024319990538
