comms_cons: 281.7207742030198
finished_reconf: true
global_termination_time: 1436433.986
local_termination_time: 682570.5593599998
node_cons: 29500.138979999963
tot_aggregated_send: 0
tot_msg_rcv: 21540
tot_msg_sent: 21279
tot_reconf_duration: 11.31
tot_sleeping_duration: 1414413.986
tot_uptimes: 368
tot_uptimes_duration: 22020.0
