comms_cons: 429.26115848523494
finished_reconf: true
global_termination_time: 4241201.675
local_termination_time: 197828.31036000006
node_cons: 87257.83336893789
tot_aggregated_send: 59160
tot_msg_rcv: 2250
tot_msg_sent: 3837
tot_reconf_duration: 6.279999999999999
tot_sleeping_duration: 4176041.6263600145
tot_uptimes: 1087
tot_uptimes_duration: 65160.04863998521
