comms_cons: 424.27091205986335
finished_reconf: true
global_termination_time: 4241285.523
local_termination_time: 376612.52656000067
node_cons: 87267.18184781676
tot_aggregated_send: 59334
tot_msg_rcv: 1689
tot_msg_sent: 3463
tot_reconf_duration: 13.17
tot_sleeping_duration: 4176125.4804400154
tot_uptimes: 1087
tot_uptimes_duration: 65160.04255998437
