comms_cons: 426.75653768849764
finished_reconf: true
global_termination_time: 4242264.797
local_termination_time: 1418888.4943199994
node_cons: 87255.24232558266
tot_aggregated_send: 59044
tot_msg_rcv: 1874
tot_msg_sent: 3945
tot_reconf_duration: 4.390000000000001
tot_sleeping_duration: 4177104.7666000114
tot_uptimes: 1087
tot_uptimes_duration: 65160.03039998887
