comms_cons: 0.7631871999974807
finished_reconf: true
global_termination_time: 5833.25
local_termination_time: 3094.6573600000006
node_cons: 84.48190000000025
tot_aggregated_send: 0
tot_msg_rcv: 60
tot_msg_sent: 56
tot_reconf_duration: 3.05
tot_sleeping_duration: 5773.25
tot_uptimes: 2
tot_uptimes_duration: 60.0
