comms_cons: 271.26259198829126
finished_reconf: true
global_termination_time: 2681782.459
local_termination_time: 689107.912
node_cons: 55156.816572029165
tot_aggregated_send: 36596
tot_msg_rcv: 1663
tot_msg_sent: 2971
tot_reconf_duration: 22.65
tot_sleeping_duration: 2640612.8862800375
tot_uptimes: 687
tot_uptimes_duration: 41169.572719962685
