comms_cons: 267.86562559406633
finished_reconf: true
global_termination_time: 2679645.08
local_termination_time: 949419.163119998
node_cons: 55129.24960367632
tot_aggregated_send: 37932
tot_msg_rcv: 931
tot_msg_sent: 1851
tot_reconf_duration: 9.11
tot_sleeping_duration: 2638482.3628800022
tot_uptimes: 687
tot_uptimes_duration: 41162.71711999795
