comms_cons: 274.24450562028557
finished_reconf: true
global_termination_time: 2683487.567
local_termination_time: 78533.04947999997
node_cons: 55209.05295564458
tot_aggregated_send: 36076
tot_msg_rcv: 2050
tot_msg_sent: 3557
tot_reconf_duration: 11.31
tot_sleeping_duration: 2642267.4818800255
tot_uptimes: 688
tot_uptimes_duration: 41220.08511997422
