comms_cons: 479.2614016534803
finished_reconf: true
global_termination_time: 4929217.872
local_termination_time: 2169602.2784800003
node_cons: 101397.66522781683
tot_aggregated_send: 67918
tot_msg_rcv: 1662
tot_msg_sent: 3267
tot_reconf_duration: 6.279999999999999
tot_sleeping_duration: 4853497.829440015
tot_uptimes: 1263
tot_uptimes_duration: 75720.0425599846
