comms_cons: 481.05756162988143
finished_reconf: true
global_termination_time: 4930467.484
local_termination_time: 2406856.6310399985
node_cons: 101396.03836446548
tot_aggregated_send: 68672
tot_msg_rcv: 1598
tot_msg_sent: 2848
tot_reconf_duration: 5.1
tot_sleeping_duration: 4854747.45968001
tot_uptimes: 1263
tot_uptimes_duration: 75720.02431999124
