comms_cons: 493.77519367889704
finished_reconf: true
global_termination_time: 4925391.180119997
local_termination_time: 79720.52683999966
node_cons: 101361.28155196754
tot_aggregated_send: 69136
tot_msg_rcv: 2091
tot_msg_sent: 3824
tot_reconf_duration: 22.65
tot_sleeping_duration: 4849714.912120019
tot_uptimes: 1262
tot_uptimes_duration: 75676.26799997792
