comms_cons: 573.1369664935523
finished_reconf: true
global_termination_time: 5781161.3784799995
local_termination_time: 5781161.337359999
node_cons: 118972.38564318346
tot_aggregated_send: 83146
tot_msg_rcv: 1287
tot_msg_sent: 2679
tot_reconf_duration: 37.410000000000004
tot_sleeping_duration: 5692347.649680009
tot_uptimes: 1481
tot_uptimes_duration: 88813.72879999061
