comms_cons: 574.2496897191901
finished_reconf: true
global_termination_time: 5782736.327
local_termination_time: 2780736.6313599995
node_cons: 118924.07242558183
tot_aggregated_send: 79808
tot_msg_rcv: 2489
tot_msg_sent: 4986
tot_reconf_duration: 15.34
tot_sleeping_duration: 5693936.29660001
tot_uptimes: 1481
tot_uptimes_duration: 88800.03039998934
