comms_cons: 582.6667073777738
finished_reconf: true
global_termination_time: 5781239.165
local_termination_time: 920246.1663599999
node_cons: 118909.82153229263
tot_aggregated_send: 79750
tot_msg_rcv: 2996
tot_msg_sent: 5816
tot_reconf_duration: 4.8100000000000005
tot_sleeping_duration: 5692439.098120017
tot_uptimes: 1481
tot_uptimes_duration: 88800.06687998225
