comms_cons: 583.3215105087095
finished_reconf: true
global_termination_time: 5784025.685
local_termination_time: 1584185.313999999
node_cons: 118994.23283005008
tot_aggregated_send: 79982
tot_msg_rcv: 2928
tot_msg_sent: 5749
tot_reconf_duration: 7.819999999999999
tot_sleeping_duration: 5695165.63028002
tot_uptimes: 1482
tot_uptimes_duration: 88860.05471998034
