comms_cons: 50.99537920170284
finished_reconf: true
global_termination_time: 490985.028
local_termination_time: 9585.710800000004
node_cons: 10049.064544485738
tot_aggregated_send: 6322
tot_msg_rcv: 501
tot_msg_sent: 928
tot_reconf_duration: 4.8100000000000005
tot_sleeping_duration: 483485.0036799957
tot_uptimes: 126
tot_uptimes_duration: 7500.024320004275
