comms_cons: 99.88000001417915
finished_reconf: true
global_termination_time: 489334.0
local_termination_time: 2910.7723600000004
node_cons: 10063.356143364304
tot_aggregated_send: 0
tot_msg_rcv: 7931
tot_msg_sent: 7250
tot_reconf_duration: 15.34
tot_sleeping_duration: 481833.9817599968
tot_uptimes: 126
tot_uptimes_duration: 7500.018240003206
