comms_cons: 176.8119295909823
finished_reconf: true
global_termination_time: 1787974.203
local_termination_time: 665208.0123599998
node_cons: 36719.56263999982
tot_aggregated_send: 25636
tot_msg_rcv: 370
tot_msg_sent: 868
tot_reconf_duration: 3.08
tot_sleeping_duration: 1760554.203
tot_uptimes: 458
tot_uptimes_duration: 27420.0
