comms_cons: 176.9870591933335
finished_reconf: true
global_termination_time: 1787919.679
local_termination_time: 473718.45396000013
node_cons: 36735.899379999864
tot_aggregated_send: 25520
tot_msg_rcv: 409
tot_msg_sent: 972
tot_reconf_duration: 15.110000000000001
tot_sleeping_duration: 1760499.679
tot_uptimes: 458
tot_uptimes_duration: 27420.0
