comms_cons: 179.06671358581156
finished_reconf: true
global_termination_time: 1791007.132
local_termination_time: 185816.83236000006
node_cons: 36801.76303118661
tot_aggregated_send: 24012
tot_msg_rcv: 1160
tot_msg_sent: 2046
tot_reconf_duration: 4.390000000000001
tot_sleeping_duration: 1763527.07120001
tot_uptimes: 459
tot_uptimes_duration: 27480.060799990082
