comms_cons: 183.59285117742786
finished_reconf: true
global_termination_time: 1791739.242
local_termination_time: 531942.377
node_cons: 36799.9270289346
tot_aggregated_send: 23838
tot_msg_rcv: 1327
tot_msg_sent: 2739
tot_reconf_duration: 3.05
tot_sleeping_duration: 1764259.193360019
tot_uptimes: 459
tot_uptimes_duration: 27480.048639981076
