comms_cons: 187.3987327902383
finished_reconf: true
global_termination_time: 1869224.773
local_termination_time: 1047076.3733599999
node_cons: 38433.311264467164
tot_aggregated_send: 26216
tot_msg_rcv: 776
tot_msg_sent: 1492
tot_reconf_duration: 22.65
tot_sleeping_duration: 1840544.7486800095
tot_uptimes: 479
tot_uptimes_duration: 28680.024319990538
