comms_cons: 187.82026878664416
finished_reconf: true
global_termination_time: 1869530.367
local_termination_time: 466966.8573600001
node_cons: 38406.71074670546
tot_aggregated_send: 26216
tot_msg_rcv: 817
tot_msg_sent: 1514
tot_reconf_duration: 3.05
tot_sleeping_duration: 1840850.3305200108
tot_uptimes: 479
tot_uptimes_duration: 28680.03647998924
