comms_cons: 900.8776568633687
finished_reconf: true
global_termination_time: 1864014.083239999
local_termination_time: 1864014.042119999
node_cons: 113098.41123241358
tot_aggregated_send: 0
tot_msg_rcv: 55357
tot_msg_sent: 81571
tot_reconf_duration: 24.59
tot_sleeping_duration: 1779574.1892800163
tot_uptimes: 1378
tot_uptimes_duration: 84439.89395998267
