comms_cons: 366.22997090208327
finished_reconf: true
global_termination_time: 1864014.683239999
local_termination_time: 240.42803999999995
node_cons: 38389.080303592156
tot_aggregated_send: 0
tot_msg_rcv: 27971
tot_msg_sent: 27691
tot_reconf_duration: 11.31
tot_sleeping_duration: 1835356.1908400047
tot_uptimes: 478
tot_uptimes_duration: 28658.492399994284
