comms_cons: 10.425919999938555
finished_reconf: true
global_termination_time: 81586.08147999969
local_termination_time: 81586.0403599997
node_cons: 1709.803212959022
tot_aggregated_send: 612
tot_msg_rcv: 397
tot_msg_sent: 575
tot_reconf_duration: 37.410000000000004
tot_sleeping_duration: 80347.0968400004
tot_uptimes: 21
tot_uptimes_duration: 1238.9846399992748
