comms_cons: 11.061907200212397
finished_reconf: true
global_termination_time: 83738.398
local_termination_time: 6312.682640000002
node_cons: 1694.0739411202915
tot_aggregated_send: 464
tot_msg_rcv: 455
tot_msg_sent: 763
tot_reconf_duration: 5.1
tot_sleeping_duration: 82478.39191999978
tot_uptimes: 22
tot_uptimes_duration: 1260.0060800002175
