comms_cons: 10.533926400041494
finished_reconf: true
global_termination_time: 84811.424
local_termination_time: 46459.38660000001
node_cons: 1702.0345233597297
tot_aggregated_send: 406
tot_msg_rcv: 451
tot_msg_sent: 744
tot_reconf_duration: 10.95
tot_sleeping_duration: 83551.4057600002
tot_uptimes: 22
tot_uptimes_duration: 1260.0182399998012
