comms_cons: 14.15868159998964
finished_reconf: true
global_termination_time: 3278.9988800000033
local_termination_time: 3278.9577600000034
node_cons: 1548.802174320005
tot_aggregated_send: 0
tot_msg_rcv: 1040
tot_msg_sent: 1103
tot_reconf_duration: 37.410000000000004
tot_sleeping_duration: 2160.2540000000004
tot_uptimes: 15
tot_uptimes_duration: 1118.744880000003
