comms_cons: 0.4342271999985679
finished_reconf: true
global_termination_time: 3279.087880000004
local_termination_time: 3248.9343600000007
node_cons: 74.13006232000572
tot_aggregated_send: 0
tot_msg_rcv: 41
tot_msg_sent: 24
tot_reconf_duration: 10.95
tot_sleeping_duration: 3234.831
tot_uptimes: 1
tot_uptimes_duration: 44.256880000004
