comms_cons: 45.84386560016243
finished_reconf: true
global_termination_time: 467453.652
local_termination_time: 112622.98095999964
node_cons: 9578.344860000008
tot_aggregated_send: 6728
tot_msg_rcv: 78
tot_msg_sent: 162
tot_reconf_duration: 13.17
tot_sleeping_duration: 460313.652
tot_uptimes: 120
tot_uptimes_duration: 7140.0
