comms_cons: 45.63991039991678
finished_reconf: true
global_termination_time: 468171.138
local_termination_time: 98657.25211999971
node_cons: 9566.421620000012
tot_aggregated_send: 6844
tot_msg_rcv: 38
tot_msg_sent: 54
tot_reconf_duration: 4.390000000000001
tot_sleeping_duration: 461031.138
tot_uptimes: 120
tot_uptimes_duration: 7140.0
