comms_cons: 47.30444800088777
finished_reconf: true
global_termination_time: 467031.063
local_termination_time: 52125.59588000009
node_cons: 9571.079560000011
tot_aggregated_send: 6496
tot_msg_rcv: 295
tot_msg_sent: 399
tot_reconf_duration: 7.819999999999999
tot_sleeping_duration: 459891.063
tot_uptimes: 120
tot_uptimes_duration: 7140.0
