comms_cons: 45.910284799871235
finished_reconf: true
global_termination_time: 468795.532
local_termination_time: 87702.8966399995
node_cons: 9657.113204959363
tot_aggregated_send: 6844
tot_msg_rcv: 27
tot_msg_sent: 107
tot_reconf_duration: 11.31
tot_sleeping_duration: 461594.8193600005
tot_uptimes: 121
tot_uptimes_duration: 7200.712639999503
