comms_cons: 77.94566399987323
finished_reconf: true
global_termination_time: 781318.9457999994
local_termination_time: 781318.9046799995
node_cons: 16152.643166320666
tot_aggregated_send: 11052
tot_msg_rcv: 252
tot_msg_sent: 544
tot_reconf_duration: 37.410000000000004
tot_sleeping_duration: 769293.672919999
tot_uptimes: 201
tot_uptimes_duration: 12025.27288000047
