comms_cons: 73.69985280009138
finished_reconf: true
global_termination_time: 781454.618
local_termination_time: 120564.69335999996
node_cons: 16088.527521121458
tot_aggregated_send: 10614
tot_msg_rcv: 192
tot_msg_sent: 395
tot_reconf_duration: 15.110000000000001
tot_sleeping_duration: 769454.6119199989
tot_uptimes: 201
tot_uptimes_duration: 12000.006080001069
