comms_cons: 74.37801600019033
finished_reconf: true
global_termination_time: 782036.92
local_termination_time: 138292.95996000015
node_cons: 16083.367121121451
tot_aggregated_send: 10498
tot_msg_rcv: 288
tot_msg_sent: 520
tot_reconf_duration: 11.31
tot_sleeping_duration: 770036.9139199989
tot_uptimes: 201
tot_uptimes_duration: 12000.006080001069
