comms_cons: 133.467551995582
finished_reconf: true
global_termination_time: 1353690.906
local_termination_time: 1037409.8983599999
node_cons: 27810.440501116933
tot_aggregated_send: 19256
tot_msg_rcv: 351
tot_msg_sent: 679
tot_reconf_duration: 9.42
tot_sleeping_duration: 1332930.8999200023
tot_uptimes: 347
tot_uptimes_duration: 20760.006079997635
