comms_cons: 134.74410879012493
finished_reconf: true
global_termination_time: 1353338.265
local_termination_time: 512917.21436
node_cons: 27823.059023355076
tot_aggregated_send: 18154
tot_msg_rcv: 867
tot_msg_sent: 1459
tot_reconf_duration: 18.700000000000003
tot_sleeping_duration: 1332578.2467600035
tot_uptimes: 347
tot_uptimes_duration: 20760.018239996338
