comms_cons: 133.95153919511
finished_reconf: true
global_termination_time: 1354242.214
local_termination_time: 547136.6063599999
node_cons: 27812.52638223824
tot_aggregated_send: 18212
tot_msg_rcv: 759
tot_msg_sent: 1388
tot_reconf_duration: 10.95
tot_sleeping_duration: 1333482.2018400012
tot_uptimes: 347
tot_uptimes_duration: 20760.012159998703
