comms_cons: 20.948800000384786
finished_reconf: true
global_termination_time: 195987.861
local_termination_time: 32489.253200000003
node_cons: 4047.774982241727
tot_aggregated_send: 2320
tot_msg_rcv: 356
tot_msg_sent: 509
tot_reconf_duration: 22.65
tot_sleeping_duration: 192987.8488399987
tot_uptimes: 51
tot_uptimes_duration: 3000.0121600012862
