comms_cons: 20.408678400411542
finished_reconf: true
global_termination_time: 194279.642
local_termination_time: 56677.89228000016
node_cons: 3947.2958422405845
tot_aggregated_send: 2378
tot_msg_rcv: 321
tot_msg_sent: 403
tot_reconf_duration: 7.819999999999999
tot_sleeping_duration: 191339.62983999957
tot_uptimes: 50
tot_uptimes_duration: 2940.012160000435
