comms_cons: 248.55124479996505
finished_reconf: true
global_termination_time: 2450367.024
local_termination_time: 895562.6833599999
node_cons: 50386.04563005147
tot_aggregated_send: 33408
tot_msg_rcv: 1409
tot_msg_sent: 2962
tot_reconf_duration: 9.42
tot_sleeping_duration: 2412746.969280021
tot_uptimes: 628
tot_uptimes_duration: 37620.054719979176
