comms_cons: 247.3020735903311
finished_reconf: true
global_termination_time: 2445899.394
local_termination_time: 429020.25636000006
node_cons: 50310.072951172544
tot_aggregated_send: 33698
tot_msg_rcv: 1279
tot_msg_sent: 2613
tot_reconf_duration: 12.629999999999999
tot_sleeping_duration: 2408339.33320002
tot_uptimes: 627
tot_uptimes_duration: 37560.06079998001
