comms_cons: 247.86325758468107
finished_reconf: true
global_termination_time: 2446428.35
local_termination_time: 67179.6602399997
node_cons: 50307.80779340588
tot_aggregated_send: 33524
tot_msg_rcv: 1361
tot_msg_sent: 2788
tot_reconf_duration: 10.95
tot_sleeping_duration: 2408868.2770400248
tot_uptimes: 627
tot_uptimes_duration: 37560.07295997505
