comms_cons: 245.35733759118008
finished_reconf: true
global_termination_time: 2447051.159
local_termination_time: 1599111.76036
node_cons: 50301.30304223292
tot_aggregated_send: 33988
tot_msg_rcv: 1171
tot_msg_sent: 2133
tot_reconf_duration: 6.22
tot_sleeping_duration: 2409491.1468400047
tot_uptimes: 627
tot_uptimes_duration: 37560.01215999527
