comms_cons: 244.17401598025347
finished_reconf: true
global_termination_time: 2445697.52
local_termination_time: 1838930.7700399992
node_cons: 50300.23022223287
tot_aggregated_send: 33466
tot_msg_rcv: 1093
tot_msg_sent: 2554
tot_reconf_duration: 5.43
tot_sleeping_duration: 2408137.5078400047
tot_uptimes: 627
tot_uptimes_duration: 37560.01215999527
