comms_cons: 372.0808448366552
finished_reconf: true
global_termination_time: 3667137.609
local_termination_time: 215850.5936000001
node_cons: 75473.71509340606
tot_aggregated_send: 50518
tot_msg_rcv: 2099
tot_msg_sent: 3936
tot_reconf_duration: 25.299999999999997
tot_sleeping_duration: 3610797.536040024
tot_uptimes: 940
tot_uptimes_duration: 56340.07295997597
