comms_cons: 372.50428166180836
finished_reconf: true
global_termination_time: 3669739.797
local_termination_time: 1201505.9185999986
node_cons: 75459.8363678168
tot_aggregated_send: 50402
tot_msg_rcv: 2159
tot_msg_sent: 4057
tot_reconf_duration: 15.110000000000001
tot_sleeping_duration: 3613399.7544400156
tot_uptimes: 940
tot_uptimes_duration: 56340.04255998414
