comms_cons: 48.317644800000984
finished_reconf: true
global_termination_time: 486913.879
local_termination_time: 58667.036080000034
node_cons: 9970.688239999972
tot_aggregated_send: 6960
tot_msg_rcv: 157
tot_msg_sent: 227
tot_reconf_duration: 6.279999999999999
tot_sleeping_duration: 479473.8790000001
tot_uptimes: 125
tot_uptimes_duration: 7439.999999999971
