comms_cons: 130.4704511668794
finished_reconf: true
global_termination_time: 1319378.7452400003
local_termination_time: 4840.433999999999
node_cons: 27149.159344190943
tot_aggregated_send: 11405
tot_msg_rcv: 3158
tot_msg_sent: 5272
tot_reconf_duration: 21.68
tot_sleeping_duration: 1299125.0350800368
tot_uptimes: 338
tot_uptimes_duration: 20253.710159963346
