comms_cons: 297.608614404426
finished_reconf: true
global_termination_time: 3007653.987
local_termination_time: 1918744.5601999986
node_cons: 61879.68485999869
tot_aggregated_send: 43210
tot_msg_rcv: 700
tot_msg_sent: 1324
tot_reconf_duration: 13.17
tot_sleeping_duration: 2961453.987
tot_uptimes: 771
tot_uptimes_duration: 46200.0
