comms_cons: 300.08350721782324
finished_reconf: true
global_termination_time: 3005732.1455199993
local_termination_time: 3005732.104399999
node_cons: 61874.55600551103
tot_aggregated_send: 42604
tot_msg_rcv: 1007
tot_msg_sent: 1999
tot_reconf_duration: 37.410000000000004
tot_sleeping_duration: 2959560.559840005
tot_uptimes: 770
tot_uptimes_duration: 46171.58567999443
