comms_cons: 297.23080320757083
finished_reconf: true
global_termination_time: 3005795.526
local_termination_time: 1809913.5443600002
node_cons: 61806.86274111589
tot_aggregated_send: 43094
tot_msg_rcv: 592
tot_msg_sent: 1491
tot_reconf_duration: 18.700000000000003
tot_sleeping_duration: 2959655.519920002
tot_uptimes: 770
tot_uptimes_duration: 46140.006079997635
