comms_cons: 309.406272015
finished_reconf: true
global_termination_time: 3008612.676
local_termination_time: 373983.66836
node_cons: 61867.9000189993
tot_aggregated_send: 39788
tot_msg_rcv: 2553
tot_msg_sent: 4686
tot_reconf_duration: 4.390000000000001
tot_sleeping_duration: 2962412.5726400297
tot_uptimes: 771
tot_uptimes_duration: 46200.103359970555
