comms_cons: 307.7069632175992
finished_reconf: true
global_termination_time: 3007900.216
local_termination_time: 1447410.115879998
node_cons: 61891.85400213517
tot_aggregated_send: 40658
tot_msg_rcv: 2104
tot_msg_sent: 4007
tot_reconf_duration: 15.34
tot_sleeping_duration: 2961693.328560018
tot_uptimes: 771
tot_uptimes_duration: 46206.88743998227
