comms_cons: 69.43092479858502
finished_reconf: true
global_termination_time: 693116.815
local_termination_time: 482766.1663600001
node_cons: 14230.815842238291
tot_aggregated_send: 9570
tot_msg_rcv: 292
tot_msg_sent: 691
tot_reconf_duration: 7.819999999999999
tot_sleeping_duration: 682496.8028400012
tot_uptimes: 178
tot_uptimes_duration: 10620.012159998703
