comms_cons: 100.71439359771693
finished_reconf: true
global_termination_time: 998472.618
local_termination_time: 537898.3513599999
node_cons: 20503.884104471963
tot_aggregated_send: 13282
tot_msg_rcv: 624
tot_msg_sent: 1402
tot_reconf_duration: 12.629999999999999
tot_sleeping_duration: 983172.593680006
tot_uptimes: 256
tot_uptimes_duration: 15300.024319993972
