comms_cons: 583.5182019803078
finished_reconf: true
global_termination_time: 2934617.461119997
local_termination_time: 1649.4034800000024
node_cons: 60400.94682954738
tot_aggregated_send: 0
tot_msg_rcv: 45088
tot_msg_sent: 43599
tot_reconf_duration: 11.31
tot_sleeping_duration: 2889519.934720035
tot_uptimes: 752
tot_uptimes_duration: 45097.52639996154
