comms_cons: 303.2719360464435
finished_reconf: true
global_termination_time: 2935940.314
local_termination_time: 914319.0122399979
node_cons: 60369.648915642094
tot_aggregated_send: 38860
tot_msg_rcv: 2526
tot_msg_sent: 4708
tot_reconf_duration: 15.34
tot_sleeping_duration: 2890870.248880027
tot_uptimes: 752
tot_uptimes_duration: 45070.06511997257
