comms_cons: 67.21310720074386
finished_reconf: true
global_termination_time: 671148.018
local_termination_time: 246592.05436000004
node_cons: 13762.869180000009
tot_aggregated_send: 9396
tot_msg_rcv: 312
tot_msg_sent: 508
tot_reconf_duration: 18.21
tot_sleeping_duration: 660888.018
tot_uptimes: 172
tot_uptimes_duration: 10260.0
