comms_cons: 67.68023039705547
finished_reconf: true
global_termination_time: 675230.92
local_termination_time: 334317.2742400005
node_cons: 13833.374523355129
tot_aggregated_send: 9280
tot_msg_rcv: 314
tot_msg_sent: 693
tot_reconf_duration: 10.95
tot_sleeping_duration: 664910.9017600036
tot_uptimes: 173
tot_uptimes_duration: 10320.018239996338
