comms_cons: 68.71974399945127
finished_reconf: true
global_termination_time: 674540.521
local_termination_time: 246602.10272000008
node_cons: 13829.132124481115
tot_aggregated_send: 8932
tot_msg_rcv: 472
tot_msg_sent: 1041
tot_reconf_duration: 7.819999999999999
tot_sleeping_duration: 664220.496679999
tot_uptimes: 173
tot_uptimes_duration: 10320.02432000084
