comms_cons: 110.47855359836527
finished_reconf: true
global_termination_time: 1115734.125
local_termination_time: 512499.011
node_cons: 22918.32046272134
tot_aggregated_send: 15943
tot_msg_rcv: 272
tot_msg_sent: 578
tot_reconf_duration: 13.17
tot_sleeping_duration: 1098631.484519999
tot_uptimes: 286
tot_uptimes_duration: 17102.64048000099
