comms_cons: 13.194214400004139
finished_reconf: true
global_termination_time: 95961.948
local_termination_time: 60153.653920000055
node_cons: 1932.4077689583366
tot_aggregated_send: 580
tot_msg_rcv: 602
tot_msg_sent: 823
tot_reconf_duration: 3.08
tot_sleeping_duration: 94521.89936000123
tot_uptimes: 25
tot_uptimes_duration: 1440.048639998764
