comms_cons: 12.476044799678029
finished_reconf: true
global_termination_time: 93134.544
local_termination_time: 20819.195480000002
node_cons: 1858.8550667183274
tot_aggregated_send: 406
tot_msg_rcv: 557
tot_msg_sent: 933
tot_reconf_duration: 8.09
tot_sleeping_duration: 91754.50752000125
tot_uptimes: 24
tot_uptimes_duration: 1380.036479998751
