comms_cons: 11.763609600032314
finished_reconf: true
global_termination_time: 94627.274
local_termination_time: 24062.209120000003
node_cons: 1958.9756878409
tot_aggregated_send: 638
tot_msg_rcv: 464
tot_msg_sent: 686
tot_reconf_duration: 22.65
tot_sleeping_duration: 93187.23143999933
tot_uptimes: 25
tot_uptimes_duration: 1440.042560000671
