comms_cons: 11.710975999855748
finished_reconf: true
global_termination_time: 92195.094
local_termination_time: 20461.282359999997
node_cons: 1864.02090559889
tot_aggregated_send: 696
tot_msg_rcv: 452
tot_msg_sent: 632
tot_reconf_duration: 11.899999999999999
tot_sleeping_duration: 90815.06360000082
tot_uptimes: 24
tot_uptimes_duration: 1380.0303999991738
