comms_cons: 11.139839999902716
finished_reconf: true
global_termination_time: 91390.33947999984
local_termination_time: 41236.6057200002
node_cons: 1893.3323052789326
tot_aggregated_send: 696
tot_msg_rcv: 351
tot_msg_sent: 646
tot_reconf_duration: 4.8100000000000005
tot_sleeping_duration: 89981.22796000063
tot_uptimes: 24
tot_uptimes_duration: 1409.1115199992055
