comms_cons: 12.513843199954042
finished_reconf: true
global_termination_time: 93295.742
local_termination_time: 2224.6563600000004
node_cons: 1852.0367233201898
tot_aggregated_send: 464
tot_msg_rcv: 612
tot_msg_sent: 826
tot_reconf_duration: 3.05
tot_sleeping_duration: 91915.68611999987
tot_uptimes: 24
tot_uptimes_duration: 1380.0558800001418
