comms_cons: 919.7733176357033
finished_reconf: true
global_termination_time: 2293456.478
local_termination_time: 1009768.9325999997
node_cons: 138655.39175661586
tot_aggregated_send: 0
tot_msg_rcv: 56631
tot_msg_sent: 83171
tot_reconf_duration: 18.21
tot_sleeping_duration: 2189923.496240015
tot_uptimes: 1694
tot_uptimes_duration: 103532.98175998524
