comms_cons: 44.02863359994516
finished_reconf: true
global_termination_time: 450937.13712000055
local_termination_time: 176189.53536000007
node_cons: 9322.222601680784
tot_aggregated_send: 6612
tot_msg_rcv: 19
tot_msg_sent: 60
tot_reconf_duration: 25.299999999999997
tot_sleeping_duration: 444000.718
tot_uptimes: 116
tot_uptimes_duration: 6936.419120000559
