comms_cons: 22.77061120019989
finished_reconf: true
global_termination_time: 228384.5502400001
local_termination_time: 74524.15759999993
node_cons: 4676.1435293601435
tot_aggregated_send: 3190
tot_msg_rcv: 97
tot_msg_sent: 174
tot_reconf_duration: 3.05
tot_sleeping_duration: 224895.378
tot_uptimes: 59
tot_uptimes_duration: 3489.1722400001163
