comms_cons: 0.7631872000017017
finished_reconf: true
global_termination_time: 6024.514
local_termination_time: 1669.1693600000003
node_cons: 88.86823999999996
tot_aggregated_send: 0
tot_msg_rcv: 63
tot_msg_sent: 53
tot_reconf_duration: 6.279999999999999
tot_sleeping_duration: 5964.514
tot_uptimes: 2
tot_uptimes_duration: 60.0
