comms_cons: 0.6513407999988329
finished_reconf: true
global_termination_time: 5756.866
local_termination_time: 2053.6033600000005
node_cons: 114.69740000000024
tot_aggregated_send: 0
tot_msg_rcv: 62
tot_msg_sent: 35
tot_reconf_duration: 25.299999999999997
tot_sleeping_duration: 5696.866
tot_uptimes: 2
tot_uptimes_duration: 60.0
