comms_cons: 5.2370431999947025
finished_reconf: true
global_termination_time: 3346.2714400000004
local_termination_time: 3346.2303200000006
node_cons: 661.4504201600007
tot_aggregated_send: 0
tot_msg_rcv: 345
tot_msg_sent: 449
tot_reconf_duration: 24.59
tot_sleeping_duration: 2877.2219999999998
tot_uptimes: 8
tot_uptimes_duration: 469.04944000000035
