comms_cons: 2.2171903999926736
finished_reconf: true
global_termination_time: 16232.2
local_termination_time: 7337.840480000001
node_cons: 346.0891800000013
tot_aggregated_send: 0
tot_msg_rcv: 178
tot_msg_sent: 159
tot_reconf_duration: 18.21
tot_sleeping_duration: 15992.199999999999
tot_uptimes: 5
tot_uptimes_duration: 240.0
