comms_cons: 2.2961407999924126
finished_reconf: true
global_termination_time: 18784.284
local_termination_time: 8184.752360000001
node_cons: 329.88823999999966
tot_aggregated_send: 0
tot_msg_rcv: 178
tot_msg_sent: 171
tot_reconf_duration: 6.279999999999999
tot_sleeping_duration: 18544.284
tot_uptimes: 5
tot_uptimes_duration: 239.9999999999991
