comms_cons: 1.4803199999993306
finished_reconf: true
global_termination_time: 16190.032
local_termination_time: 4060.1253600000005
node_cons: 339.24485999999956
tot_aggregated_send: 0
tot_msg_rcv: 119
tot_msg_sent: 106
tot_reconf_duration: 13.17
tot_sleeping_duration: 15950.032
tot_uptimes: 5
tot_uptimes_duration: 239.99999999999955
