comms_cons: 2.480358399996024
finished_reconf: true
global_termination_time: 17666.778
local_termination_time: 5081.2793599999995
node_cons: 327.32161999999926
tot_aggregated_send: 0
tot_msg_rcv: 202
tot_msg_sent: 175
tot_reconf_duration: 4.390000000000001
tot_sleeping_duration: 17426.778
tot_uptimes: 5
tot_uptimes_duration: 240.0
