comms_cons: 598.2196282916265
finished_reconf: true
global_termination_time: 2049518.5476399981
local_termination_time: 2049518.5065199982
node_cons: 83878.00162495539
tot_aggregated_send: 0
tot_msg_rcv: 30428
tot_msg_sent: 60500
tot_reconf_duration: 24.59
tot_sleeping_duration: 1986901.2149999999
tot_uptimes: 1034
tot_uptimes_duration: 62617.332639998116
