comms_cons: 205.02737918930453
finished_reconf: true
global_termination_time: 2049519.1165199983
local_termination_time: 101230.36219999962
node_cons: 42150.663952875475
tot_aggregated_send: 28536
tot_msg_rcv: 837
tot_msg_sent: 1789
tot_reconf_duration: 22.65
tot_sleeping_duration: 2018062.8766000015
tot_uptimes: 525
tot_uptimes_duration: 31456.23991999688
