comms_cons: 202.01433598832043
finished_reconf: true
global_termination_time: 2049542.274
local_termination_time: 408754.8903600001
node_cons: 42182.65818223797
tot_aggregated_send: 28536
tot_msg_rcv: 713
tot_msg_sent: 1456
tot_reconf_duration: 3.05
tot_sleeping_duration: 2018042.2618400012
tot_uptimes: 525
tot_uptimes_duration: 31500.012159998703
