comms_cons: 201.76452479183112
finished_reconf: true
global_termination_time: 2051307.025
local_termination_time: 1580860.6334399986
node_cons: 42193.85897999972
tot_aggregated_send: 29522
tot_msg_rcv: 292
tot_msg_sent: 853
tot_reconf_duration: 11.31
tot_sleeping_duration: 2019807.025
tot_uptimes: 526
tot_uptimes_duration: 31500.0
