comms_cons: 222.9899647798409
finished_reconf: true
global_termination_time: 2209062.851
local_termination_time: 232313.6462800008
node_cons: 45398.7052500556
tot_aggregated_send: 30160
tot_msg_rcv: 1309
tot_msg_sent: 2425
tot_reconf_duration: 4.8100000000000005
tot_sleeping_duration: 2175162.796280018
tot_uptimes: 566
tot_uptimes_duration: 33900.054719982145
