comms_cons: 1.5526911999990913
finished_reconf: true
global_termination_time: 14760.861
local_termination_time: 6641.936360000001
node_cons: 245.20263999999992
tot_aggregated_send: 0
tot_msg_rcv: 120
tot_msg_sent: 116
tot_reconf_duration: 3.08
tot_sleeping_duration: 14580.861
tot_uptimes: 4
tot_uptimes_duration: 180.0
