comms_cons: 1.4803199999951098
finished_reconf: true
global_termination_time: 17143.962
local_termination_time: 4598.248360000001
node_cons: 346.754600000001
tot_aggregated_send: 0
tot_msg_rcv: 124
tot_msg_sent: 101
tot_reconf_duration: 18.700000000000003
tot_sleeping_duration: 16903.962
tot_uptimes: 5
tot_uptimes_duration: 240.0
