comms_cons: 70.9566720001945
finished_reconf: true
global_termination_time: 720753.357
local_termination_time: 437474.25336000003
node_cons: 14789.09198000002
tot_aggregated_send: 10266
tot_msg_rcv: 133
tot_msg_sent: 386
tot_reconf_duration: 4.8100000000000005
tot_sleeping_duration: 709713.357
tot_uptimes: 185
tot_uptimes_duration: 11040.0
