comms_cons: 75.86215680520354
finished_reconf: true
global_termination_time: 605665.5072400002
local_termination_time: 79501.92159999996
node_cons: 12511.613742918613
tot_aggregated_send: 4060
tot_msg_rcv: 3178
tot_msg_sent: 4298
tot_reconf_duration: 18.21
tot_sleeping_duration: 596339.9773199714
tot_uptimes: 156
tot_uptimes_duration: 9325.529920028828
