comms_cons: 61.47283200061749
finished_reconf: true
global_termination_time: 606128.369
local_termination_time: 165006.59160000057
node_cons: 12470.617424485758
tot_aggregated_send: 8120
tot_msg_rcv: 361
tot_msg_sent: 862
tot_reconf_duration: 13.17
tot_sleeping_duration: 596828.3446799957
tot_uptimes: 156
tot_uptimes_duration: 9300.024320004275
