comms_cons: 61.3522944008966
finished_reconf: true
global_termination_time: 607779.162
local_termination_time: 107751.98735999997
node_cons: 12456.915204485742
tot_aggregated_send: 8178
tot_msg_rcv: 389
tot_msg_sent: 758
tot_reconf_duration: 3.08
tot_sleeping_duration: 598479.1376799957
tot_uptimes: 156
tot_uptimes_duration: 9300.024320004275
