comms_cons: 59.9299328005284
finished_reconf: true
global_termination_time: 606101.647
local_termination_time: 486867.18236000004
node_cons: 12463.327701121456
tot_aggregated_send: 8526
tot_msg_rcv: 175
tot_msg_sent: 408
tot_reconf_duration: 7.819999999999999
tot_sleeping_duration: 596801.6409199989
tot_uptimes: 156
tot_uptimes_duration: 9300.006080001069
