comms_cons: 86.37775999705207
finished_reconf: true
global_termination_time: 876227.8051200002
local_termination_time: 109349.87199999999
node_cons: 18027.652332560767
tot_aggregated_send: 12122
tot_msg_rcv: 279
tot_msg_sent: 727
tot_reconf_duration: 4.8100000000000005
tot_sleeping_duration: 862769.1640799997
tot_uptimes: 225
tot_uptimes_duration: 13458.641040000555
