comms_cons: 164.52519039221102
finished_reconf: true
global_termination_time: 1668321.396
local_termination_time: 1517872.4855199992
node_cons: 34313.62675999995
tot_aggregated_send: 23548
tot_msg_rcv: 513
tot_msg_sent: 945
tot_reconf_duration: 6.22
tot_sleeping_duration: 1642701.396
tot_uptimes: 428
tot_uptimes_duration: 25620.0
