comms_cons: 427.59342083454595
finished_reconf: true
global_termination_time: 4415625.442
local_termination_time: 2957168.8131199977
node_cons: 90843.89845702576
tot_aggregated_send: 61248
tot_msg_rcv: 1297
tot_msg_sent: 2446
tot_reconf_duration: 25.299999999999997
tot_sleeping_duration: 4347806.516640008
tot_uptimes: 1131
tot_uptimes_duration: 67818.92535999138
