comms_cons: 439.38755203615204
finished_reconf: true
global_termination_time: 4416202.265
local_termination_time: 555938.4703599999
node_cons: 90788.43145228495
tot_aggregated_send: 62176
tot_msg_rcv: 1520
tot_msg_sent: 3088
tot_reconf_duration: 3.05
tot_sleeping_duration: 4348402.198120024
tot_uptimes: 1131
tot_uptimes_duration: 67800.06687997561
