comms_cons: 440.00377604659343
finished_reconf: true
global_termination_time: 4412795.479
local_termination_time: 1762174.4473599999
node_cons: 90792.69560669943
tot_aggregated_send: 61422
tot_msg_rcv: 1921
tot_msg_sent: 3536
tot_reconf_duration: 6.22
tot_sleeping_duration: 4344995.442520014
tot_uptimes: 1131
tot_uptimes_duration: 67800.0364799865
