comms_cons: 437.7207552290382
finished_reconf: true
global_termination_time: 4412073.56
local_termination_time: 1866627.9194799997
node_cons: 90711.2827866994
tot_aggregated_send: 60842
tot_msg_rcv: 1977
tot_msg_sent: 3712
tot_reconf_duration: 5.43
tot_sleeping_duration: 4344333.523520013
tot_uptimes: 1130
tot_uptimes_duration: 67740.0364799865
