comms_cons: 33.93356800053299
finished_reconf: true
global_termination_time: 174171.083
local_termination_time: 521.4700399999995
node_cons: 3565.7268411214327
tot_aggregated_send: 0
tot_msg_rcv: 2619
tot_msg_sent: 2537
tot_reconf_duration: 22.65
tot_sleeping_duration: 171531.07691999894
tot_uptimes: 45
tot_uptimes_duration: 2640.0060800010688
