comms_cons: 34.631936000726846
finished_reconf: true
global_termination_time: 175837.191
local_termination_time: 3204.03036
node_cons: 3621.261620000002
tot_aggregated_send: 0
tot_msg_rcv: 2655
tot_msg_sent: 2608
tot_reconf_duration: 4.390000000000001
tot_sleeping_duration: 173137.191
tot_uptimes: 46
tot_uptimes_duration: 2700.0
