comms_cons: 177.95713278351175
finished_reconf: true
global_termination_time: 1782696.92112
local_termination_time: 323623.9705200004
node_cons: 36686.18845638103
tot_aggregated_send: 24534
tot_msg_rcv: 785
tot_msg_sent: 1730
tot_reconf_duration: 22.65
tot_sleeping_duration: 1755321.6935200142
tot_uptimes: 457
tot_uptimes_duration: 27375.227599985898
