comms_cons: 177.14495999014395
finished_reconf: true
global_termination_time: 1783565.402
local_termination_time: 490962.280480001
node_cons: 36643.72369942219
tot_aggregated_send: 25056
tot_msg_rcv: 629
tot_msg_sent: 1240
tot_reconf_duration: 4.8100000000000005
tot_sleeping_duration: 1756203.7950400133
tot_uptimes: 457
tot_uptimes_duration: 27361.60695998679
