comms_cons: 175.23699199467222
finished_reconf: true
global_termination_time: 1783592.217
local_termination_time: 946290.1495999998
node_cons: 36650.415262233466
tot_aggregated_send: 25056
tot_msg_rcv: 540
tot_msg_sent: 1039
tot_reconf_duration: 11.31
tot_sleeping_duration: 1756232.2048400047
tot_uptimes: 457
tot_uptimes_duration: 27360.01215999527
