comms_cons: 89.99653119348545
finished_reconf: true
global_termination_time: 875428.926
local_termination_time: 362719.59896000015
node_cons: 18006.80398335513
tot_aggregated_send: 11658
tot_msg_rcv: 689
tot_msg_sent: 1332
tot_reconf_duration: 7.819999999999999
tot_sleeping_duration: 861988.9077600036
tot_uptimes: 225
tot_uptimes_duration: 13440.018239996338
