comms_cons: 2.2895615999950505
finished_reconf: true
global_termination_time: 19121.911
local_termination_time: 5690.78136
node_cons: 328.92405999999966
tot_aggregated_send: 0
tot_msg_rcv: 177
tot_msg_sent: 171
tot_reconf_duration: 5.57
tot_sleeping_duration: 18881.911
tot_uptimes: 5
tot_uptimes_duration: 240.0
