comms_cons: 2.2895615999945456
finished_reconf: true
global_termination_time: 16530.248
local_termination_time: 7120.40948
node_cons: 329.80676000000153
tot_aggregated_send: 0
tot_msg_rcv: 177
tot_msg_sent: 171
tot_reconf_duration: 6.22
tot_sleeping_duration: 16290.247999999998
tot_uptimes: 5
tot_uptimes_duration: 240.0
