comms_cons: 370.02924805336005
finished_reconf: true
global_termination_time: 3693073.915239989
local_termination_time: 11358.884520000003
node_cons: 75999.38801162953
tot_aggregated_send: 51562
tot_msg_rcv: 1448
tot_msg_sent: 3230
tot_reconf_duration: 5.57
tot_sleeping_duration: 3636321.246120025
tot_uptimes: 946
tot_uptimes_duration: 56752.669119963655
