comms_cons: 374.74661125065984
finished_reconf: true
global_termination_time: 3694165.971
local_termination_time: 880112.0912399989
node_cons: 76005.89591005056
tot_aggregated_send: 50924
tot_msg_rcv: 2080
tot_msg_sent: 3954
tot_reconf_duration: 3.08
tot_sleeping_duration: 3637405.9162800205
tot_uptimes: 947
tot_uptimes_duration: 56760.05471997941
