comms_cons: 372.21422724481505
finished_reconf: true
global_termination_time: 3694545.553
local_termination_time: 1221404.9493199987
node_cons: 76014.04394446628
tot_aggregated_send: 51388
tot_msg_rcv: 1706
tot_msg_sent: 3479
tot_reconf_duration: 9.11
tot_sleeping_duration: 3637785.528680009
tot_uptimes: 947
tot_uptimes_duration: 56760.024319991004
