comms_cons: 371.9567424470106
finished_reconf: true
global_termination_time: 3693800.556
local_termination_time: 1350590.0430799986
node_cons: 75941.85194446596
tot_aggregated_send: 51098
tot_msg_rcv: 1733
tot_msg_sent: 3704
tot_reconf_duration: 15.110000000000001
tot_sleeping_duration: 3637100.531680009
tot_uptimes: 946
tot_uptimes_duration: 56700.024319991004
