comms_cons: 533.7597633475916
finished_reconf: true
global_termination_time: 5262436.52148
local_termination_time: 5262436.480359999
node_cons: 108287.25519547495
tot_aggregated_send: 72126
tot_msg_rcv: 3000
tot_msg_sent: 6001
tot_reconf_duration: 37.410000000000004
tot_sleeping_duration: 5181602.725800031
tot_uptimes: 1348
tot_uptimes_duration: 80833.79567996896
