comms_cons: 531.8472129224143
finished_reconf: true
global_termination_time: 5265354.769
local_termination_time: 200452.4934800001
node_cons: 108316.29441228749
tot_aggregated_send: 72906
tot_msg_rcv: 2651
tot_msg_sent: 5281
tot_reconf_duration: 13.17
tot_sleeping_duration: 5184474.702120023
tot_uptimes: 1349
tot_uptimes_duration: 80880.06687997811
