comms_cons: 534.6948097657471
finished_reconf: true
global_termination_time: 5265060.38
local_termination_time: 786171.4753199995
node_cons: 108309.41205452631
tot_aggregated_send: 71978
tot_msg_rcv: 3079
tot_msg_sent: 6214
tot_reconf_duration: 8.09
tot_sleeping_duration: 5184180.300960023
tot_uptimes: 1349
tot_uptimes_duration: 80880.07903997728
