comms_cons: 71.87372159744714
finished_reconf: true
global_termination_time: 703844.245
local_termination_time: 417911.2433600001
node_cons: 14485.93732112148
tot_aggregated_send: 9454
tot_msg_rcv: 500
tot_msg_sent: 970
tot_reconf_duration: 18.21
tot_sleeping_duration: 693044.238919999
tot_uptimes: 181
tot_uptimes_duration: 10800.006080001069
