comms_cons: 71.51873279795372
finished_reconf: true
global_termination_time: 701589.267
local_termination_time: 189437.61432000066
node_cons: 14387.408262238281
tot_aggregated_send: 9338
tot_msg_rcv: 487
tot_msg_sent: 1045
tot_reconf_duration: 4.8100000000000005
tot_sleeping_duration: 690849.2548400012
tot_uptimes: 180
tot_uptimes_duration: 10740.012159998703
