comms_cons: 85.69892478772326
finished_reconf: true
global_termination_time: 746137.44924
local_termination_time: 16766.676240000004
node_cons: 15390.260536233065
tot_aggregated_send: 7308
tot_msg_rcv: 2080
tot_msg_sent: 3639
tot_reconf_duration: 18.21
tot_sleeping_duration: 734662.0710800051
tot_uptimes: 192
tot_uptimes_duration: 11475.378159994812
