comms_cons: 74.6476031991203
finished_reconf: true
global_termination_time: 746657.696
local_termination_time: 652423.0483599999
node_cons: 15362.83300112151
tot_aggregated_send: 10614
tot_msg_rcv: 279
tot_msg_sent: 453
tot_reconf_duration: 13.17
tot_sleeping_duration: 735197.689919999
tot_uptimes: 192
tot_uptimes_duration: 11460.006080001069
