comms_cons: 75.58247679796068
finished_reconf: true
global_termination_time: 752790.902
local_termination_time: 381764.64320000017
node_cons: 15432.670222242874
tot_aggregated_send: 10382
tot_msg_rcv: 354
tot_msg_sent: 753
tot_reconf_duration: 5.43
tot_sleeping_duration: 741270.8898399979
tot_uptimes: 193
tot_uptimes_duration: 11520.012160002138
