comms_cons: 94.38520319655423
finished_reconf: true
global_termination_time: 948330.36324
local_termination_time: 319394.4763600001
node_cons: 19486.06904160296
tot_aggregated_send: 13282
tot_msg_rcv: 330
tot_msg_sent: 733
tot_reconf_duration: 18.21
tot_sleeping_duration: 933796.1288399978
tot_uptimes: 243
tot_uptimes_duration: 14534.23440000217
