comms_cons: 92.80024319938308
finished_reconf: true
global_termination_time: 949291.649
local_termination_time: 485444.70936000004
node_cons: 19531.15638112142
tot_aggregated_send: 12412
tot_msg_rcv: 587
tot_msg_sent: 1107
tot_reconf_duration: 6.279999999999999
tot_sleeping_duration: 934711.6429199988
tot_uptimes: 244
tot_uptimes_duration: 14580.006080001069
