comms_cons: 94.18845440013705
finished_reconf: true
global_termination_time: 949344.794
local_termination_time: 386311.07736000005
node_cons: 19553.403123364355
tot_aggregated_send: 12818
tot_msg_rcv: 471
tot_msg_sent: 1027
tot_reconf_duration: 22.65
tot_sleeping_duration: 934764.7757599967
tot_uptimes: 244
tot_uptimes_duration: 14580.018240003206
