comms_cons: 95.44445439658452
finished_reconf: true
global_termination_time: 949022.89
local_termination_time: 356995.0845600002
node_cons: 19531.091183350487
tot_aggregated_send: 12934
tot_msg_rcv: 610
tot_msg_sent: 963
tot_reconf_duration: 6.22
tot_sleeping_duration: 934442.8717600071
tot_uptimes: 244
tot_uptimes_duration: 14580.018239992904
