comms_cons: 41.317376001624254
finished_reconf: true
global_termination_time: 377044.73248000053
local_termination_time: 377044.6913600005
node_cons: 7799.618607439059
tot_aggregated_send: 3930
tot_msg_rcv: 676
tot_msg_sent: 1673
tot_reconf_duration: 24.59
tot_sleeping_duration: 371244.7135200012
tot_uptimes: 97
tot_uptimes_duration: 5800.018959999281
