comms_cons: 276.87847681312604
finished_reconf: true
global_termination_time: 2811326.725
local_termination_time: 6802.123
node_cons: 57879.25786446665
tot_aggregated_send: 38893
tot_msg_rcv: 1183
tot_msg_sent: 2007
tot_reconf_duration: 25.35
tot_sleeping_duration: 2768126.7006800096
tot_uptimes: 720
tot_uptimes_duration: 43200.0243199908
