comms_cons: 266.3654912083828
finished_reconf: true
global_termination_time: 2808218.589
local_termination_time: 5629.121
node_cons: 57850.33520111611
tot_aggregated_send: 39436
tot_msg_rcv: 293
tot_msg_sent: 757
tot_reconf_duration: 4.07
tot_sleeping_duration: 2765018.5829200023
tot_uptimes: 720
tot_uptimes_duration: 43200.00607999787
