comms_cons: 457.2593281026834
finished_reconf: true
global_termination_time: 4516105.8618399985
local_termination_time: 4516105.820719998
node_cons: 92981.7075042936
tot_aggregated_send: 61802
tot_msg_rcv: 2427
tot_msg_sent: 5271
tot_reconf_duration: 37.410000000000004
tot_sleeping_duration: 4446702.646960016
tot_uptimes: 1157
tot_uptimes_duration: 69403.2148799824
