comms_cons: 451.32994567096887
finished_reconf: true
global_termination_time: 4520191.724
local_termination_time: 789286.7759599987
node_cons: 92965.80836781711
tot_aggregated_send: 63336
tot_msg_rcv: 1729
tot_msg_sent: 3534
tot_reconf_duration: 9.11
tot_sleeping_duration: 4450771.681440015
tot_uptimes: 1158
tot_uptimes_duration: 69420.04255998484
