comms_cons: 453.63481606893566
finished_reconf: true
global_termination_time: 4516112.713
local_termination_time: 2492207.59636
node_cons: 92879.6045444658
tot_aggregated_send: 63220
tot_msg_rcv: 1900
tot_msg_sent: 3828
tot_reconf_duration: 4.8100000000000005
tot_sleeping_duration: 4446752.688680009
tot_uptimes: 1157
tot_uptimes_duration: 69360.02431999124
