comms_cons: 43.781484800679294
finished_reconf: true
global_termination_time: 424334.05
local_termination_time: 171876.723
node_cons: 8683.66208224288
tot_aggregated_send: 5564
tot_msg_rcv: 392
tot_msg_sent: 698
tot_reconf_duration: 5.1
tot_sleeping_duration: 417854.03783999785
tot_uptimes: 109
tot_uptimes_duration: 6480.0121600021375
