comms_cons: 42.949017600526545
finished_reconf: true
global_termination_time: 426408.914
local_termination_time: 275133.76136000006
node_cons: 8774.944859999989
tot_aggregated_send: 5916
tot_msg_rcv: 218
tot_msg_sent: 394
tot_reconf_duration: 13.17
tot_sleeping_duration: 419868.914
tot_uptimes: 110
tot_uptimes_duration: 6540.0
