comms_cons: 43.87038720082829
finished_reconf: true
global_termination_time: 423723.181
local_termination_time: 214254.25736000005
node_cons: 8683.28454448573
tot_aggregated_send: 5336
tot_msg_rcv: 415
tot_msg_sent: 918
tot_reconf_duration: 4.8100000000000005
tot_sleeping_duration: 417243.1566799957
tot_uptimes: 109
tot_uptimes_duration: 6480.024320004275
