comms_cons: 105.1089983966978
finished_reconf: true
global_termination_time: 1055061.116
local_termination_time: 247708.10692000075
node_cons: 21698.331980000028
tot_aggregated_send: 14848
tot_msg_rcv: 372
tot_msg_sent: 755
tot_reconf_duration: 4.8100000000000005
tot_sleeping_duration: 1038861.1159999999
tot_uptimes: 271
tot_uptimes_duration: 16200.0
