comms_cons: 157.9985151856728
finished_reconf: true
global_termination_time: 1563487.734
local_termination_time: 426136.02224000095
node_cons: 32142.58082670104
tot_aggregated_send: 21576
tot_msg_rcv: 805
tot_msg_sent: 1634
tot_reconf_duration: 4.8100000000000005
tot_sleeping_duration: 1539487.6975200141
tot_uptimes: 401
tot_uptimes_duration: 24000.036479985807
