comms_cons: 162.20148477759278
finished_reconf: true
global_termination_time: 1563085.736
local_termination_time: 543604.2855999998
node_cons: 32140.239593402104
tot_aggregated_send: 20648
tot_msg_rcv: 1436
tot_msg_sent: 2568
tot_reconf_duration: 3.05
tot_sleeping_duration: 1539085.6630400284
tot_uptimes: 401
tot_uptimes_duration: 24000.072959971614
