comms_cons: 30.790656000473057
finished_reconf: true
global_termination_time: 309144.396
local_termination_time: 131545.50848000008
node_cons: 6381.225541121462
tot_aggregated_send: 4350
tot_msg_rcv: 121
tot_msg_sent: 209
tot_reconf_duration: 25.299999999999997
tot_sleeping_duration: 304404.38991999894
tot_uptimes: 80
tot_uptimes_duration: 4740.006080001069
