comms_cons: 30.56038400026663
finished_reconf: true
global_termination_time: 309628.762
local_termination_time: 258683.953
node_cons: 6372.510952882856
tot_aggregated_send: 4459
tot_msg_rcv: 70
tot_msg_sent: 116
tot_reconf_duration: 13.17
tot_sleeping_duration: 304882.9620799979
tot_uptimes: 80
tot_uptimes_duration: 4745.799920002115
