comms_cons: 15.809817599963642
finished_reconf: true
global_termination_time: 12804.497240000002
local_termination_time: 953.3751599999995
node_cons: 2333.479041600019
tot_aggregated_send: 0
tot_msg_rcv: 1120
tot_msg_sent: 1282
tot_reconf_duration: 18.21
tot_sleeping_duration: 11080.262839999989
tot_uptimes: 28
tot_uptimes_duration: 1724.2344000000144
