comms_cons: 631.5137024836125
finished_reconf: true
global_termination_time: 6426900.362
local_termination_time: 2646151.82536
node_cons: 132166.2746466984
tot_aggregated_send: 90190
tot_msg_rcv: 1845
tot_msg_sent: 3952
tot_reconf_duration: 5.1
tot_sleeping_duration: 6328200.3255200125
tot_uptimes: 1646
tot_uptimes_duration: 98700.03647998697
