comms_cons: 625.9999616686324
finished_reconf: true
global_termination_time: 6429154.614
local_termination_time: 3742321.2623599996
node_cons: 132254.5182411125
tot_aggregated_send: 89088
tot_msg_rcv: 2007
tot_msg_sent: 4053
tot_reconf_duration: 10.95
tot_sleeping_duration: 6330394.607920002
tot_uptimes: 1647
tot_uptimes_duration: 98760.00607999787
