comms_cons: 1.5329535999974448
finished_reconf: true
global_termination_time: 11924.723
local_termination_time: 5144.277360000001
node_cons: 248.3939400000004
tot_aggregated_send: 0
tot_msg_rcv: 120
tot_msg_sent: 113
tot_reconf_duration: 5.43
tot_sleeping_duration: 11744.723
tot_uptimes: 4
tot_uptimes_duration: 180.0
