comms_cons: 1.486899199995088
finished_reconf: true
global_termination_time: 11356.386
local_termination_time: 7284.1622000000025
node_cons: 181.51172000000142
tot_aggregated_send: 0
tot_msg_rcv: 124
tot_msg_sent: 102
tot_reconf_duration: 15.34
tot_sleeping_duration: 11236.385999999999
tot_uptimes: 3
tot_uptimes_duration: 120.0
