comms_cons: 96.60091519876919
finished_reconf: true
global_termination_time: 982137.0
local_termination_time: 298512.21264000086
node_cons: 20173.86823999999
tot_aggregated_send: 14036
tot_msg_rcv: 185
tot_msg_sent: 461
tot_reconf_duration: 6.279999999999999
tot_sleeping_duration: 967077.0
tot_uptimes: 252
tot_uptimes_duration: 15060.0
