comms_cons: 98.36590079696778
finished_reconf: true
global_termination_time: 987005.62
local_termination_time: 161569.61836000005
node_cons: 20253.24406000004
tot_aggregated_send: 13920
tot_msg_rcv: 339
tot_msg_sent: 691
tot_reconf_duration: 5.57
tot_sleeping_duration: 971885.62
tot_uptimes: 253
tot_uptimes_duration: 15120.0
