comms_cons: 96.89187839706236
finished_reconf: true
global_termination_time: 982608.848
local_termination_time: 711893.0503599999
node_cons: 20176.326219999984
tot_aggregated_send: 14210
tot_msg_rcv: 176
tot_msg_sent: 341
tot_reconf_duration: 8.09
tot_sleeping_duration: 967548.848
tot_uptimes: 252
tot_uptimes_duration: 15060.0
