comms_cons: 97.81296639907146
finished_reconf: true
global_termination_time: 985013.337
local_termination_time: 251347.8764800001
node_cons: 20251.64162000005
tot_aggregated_send: 14152
tot_msg_rcv: 255
tot_msg_sent: 460
tot_reconf_duration: 4.390000000000001
tot_sleeping_duration: 969893.337
tot_uptimes: 253
tot_uptimes_duration: 15120.0
