comms_cons: 540.683232216061
finished_reconf: true
global_termination_time: 2747387.2695999974
local_termination_time: 2024.7514800000024
node_cons: 56524.34289286373
tot_aggregated_send: 0
tot_msg_rcv: 41400
tot_msg_sent: 40776
tot_reconf_duration: 18.21
tot_sleeping_duration: 2705191.889680009
tot_uptimes: 704
tot_uptimes_duration: 42195.37991998857
