comms_cons: 269.14254078508475
finished_reconf: true
global_termination_time: 2751500.654
local_termination_time: 1631160.39636
node_cons: 56580.208002232794
tot_aggregated_send: 37816
tot_msg_rcv: 1186
tot_msg_sent: 1907
tot_reconf_duration: 15.34
tot_sleeping_duration: 2709260.641840005
tot_uptimes: 705
tot_uptimes_duration: 42240.01215999527
