comms_cons: 276.31619840260976
finished_reconf: true
global_termination_time: 2747626.903
local_termination_time: 1220460.647359999
node_cons: 56490.04692558393
tot_aggregated_send: 37932
tot_msg_rcv: 1398
tot_msg_sent: 2668
tot_reconf_duration: 8.09
tot_sleeping_duration: 2705446.8726000115
tot_uptimes: 704
tot_uptimes_duration: 42180.03039998864
