comms_cons: 276.85128321395854
finished_reconf: true
global_termination_time: 2747668.566
local_termination_time: 627587.451
node_cons: 56493.24991037836
tot_aggregated_send: 38162
tot_msg_rcv: 1362
tot_msg_sent: 2557
tot_reconf_duration: 9.42
tot_sleeping_duration: 2705487.4924000152
tot_uptimes: 704
tot_uptimes_duration: 42181.07359998452
