comms_cons: 277.28572159572485
finished_reconf: true
global_termination_time: 2748768.243
local_termination_time: 171893.69836000004
node_cons: 56485.625250060024
tot_aggregated_send: 37294
tot_msg_rcv: 1482
tot_msg_sent: 3369
tot_reconf_duration: 4.8100000000000005
tot_sleeping_duration: 2706588.188280014
tot_uptimes: 704
tot_uptimes_duration: 42180.05471998581
