comms_cons: 51.5860416014892
finished_reconf: true
global_termination_time: 490108.093
local_termination_time: 13501.1846
node_cons: 10067.318732327774
tot_aggregated_send: 4930
tot_msg_rcv: 933
tot_msg_sent: 1978
tot_reconf_duration: 18.21
tot_sleeping_duration: 482608.02611999423
tot_uptimes: 126
tot_uptimes_duration: 7500.066880005797
