comms_cons: 49.81672960041855
finished_reconf: true
global_termination_time: 488209.18564000085
local_termination_time: 488209.14452000085
node_cons: 10154.796419439777
tot_aggregated_send: 6554
tot_msg_rcv: 280
tot_msg_sent: 736
tot_reconf_duration: 24.59
tot_sleeping_duration: 480650.258680001
tot_uptimes: 126
tot_uptimes_duration: 7558.926959999815
