comms_cons: 112.08983039557397
finished_reconf: true
global_termination_time: 1124953.819
local_termination_time: 470321.19436
node_cons: 23150.72864223368
tot_aggregated_send: 15892
tot_msg_rcv: 395
tot_msg_sent: 750
tot_reconf_duration: 9.42
tot_sleeping_duration: 1107673.8068400046
tot_uptimes: 289
tot_uptimes_duration: 17280.01215999527
