comms_cons: 113.61644799358646
finished_reconf: true
global_termination_time: 1126829.987
local_termination_time: 389249.01548000006
node_cons: 23146.42374783622
tot_aggregated_send: 14848
tot_msg_rcv: 903
tot_msg_sent: 1518
tot_reconf_duration: 6.22
tot_sleeping_duration: 1109549.9444400028
tot_uptimes: 289
tot_uptimes_duration: 17280.04255999718
