comms_cons: 121.57292157108708
finished_reconf: true
global_termination_time: 888427.582
local_termination_time: 45234.439120000185
node_cons: 18276.795110722705
tot_aggregated_send: 5104
tot_msg_rcv: 5628
tot_msg_sent: 7753
tot_reconf_duration: 18.21
tot_sleeping_duration: 874796.4648000577
tot_uptimes: 228
tot_uptimes_duration: 13631.117199942273
