comms_cons: 87.24019199961447
finished_reconf: true
global_termination_time: 887397.488
local_termination_time: 771212.7733599999
node_cons: 18249.551380000004
tot_aggregated_send: 12876
tot_msg_rcv: 155
tot_msg_sent: 229
tot_reconf_duration: 9.11
tot_sleeping_duration: 873777.488
tot_uptimes: 228
tot_uptimes_duration: 13620.0
