comms_cons: 190.3823103878776
finished_reconf: true
global_termination_time: 1906739.139
local_termination_time: 893368.6661599992
node_cons: 39212.84579999974
tot_aggregated_send: 27028
tot_msg_rcv: 637
tot_msg_sent: 1272
tot_reconf_duration: 5.1
tot_sleeping_duration: 1877459.139
tot_uptimes: 489
tot_uptimes_duration: 29280.0
