comms_cons: 189.05989119178813
finished_reconf: true
global_termination_time: 1907279.497
local_termination_time: 1122902.998879999
node_cons: 39223.80485999968
tot_aggregated_send: 27318
tot_msg_rcv: 444
tot_msg_sent: 974
tot_reconf_duration: 13.17
tot_sleeping_duration: 1877999.497
tot_uptimes: 489
tot_uptimes_duration: 29280.0
