comms_cons: 556.9482875409985
finished_reconf: true
global_termination_time: 1906257.630479998
local_termination_time: 1906257.630479998
node_cons: 78082.10160443814
tot_aggregated_send: 0
tot_msg_rcv: 28365
tot_msg_sent: 56288
tot_reconf_duration: 37.410000000000004
tot_sleeping_duration: 1847981.8285199981
tot_uptimes: 961
tot_uptimes_duration: 58275.80195999997
