comms_cons: 188.94146559326364
finished_reconf: true
global_termination_time: 1907051.853
local_termination_time: 433924.2183200002
node_cons: 39216.90621999981
tot_aggregated_send: 27492
tot_msg_rcv: 421
tot_msg_sent: 805
tot_reconf_duration: 8.09
tot_sleeping_duration: 1877771.853
tot_uptimes: 489
tot_uptimes_duration: 29280.0
