comms_cons: 526.7511168731497
finished_reconf: true
global_termination_time: 5303718.2934799995
local_termination_time: 5303718.252359999
node_cons: 109153.48794207134
tot_aggregated_send: 76198
tot_msg_rcv: 1303
tot_msg_sent: 2561
tot_reconf_duration: 24.59
tot_sleeping_duration: 5222224.570760003
tot_uptimes: 1359
tot_uptimes_duration: 81493.72271999618
