comms_cons: 519.3048320434286
finished_reconf: true
global_termination_time: 5305203.285
local_termination_time: 2156827.168
node_cons: 109110.28080446567
tot_aggregated_send: 74122
tot_msg_rcv: 1787
tot_msg_sent: 3022
tot_reconf_duration: 6.279999999999999
tot_sleeping_duration: 5223723.260680009
tot_uptimes: 1359
tot_uptimes_duration: 81480.02431999147
