comms_cons: 85.84602879844361
finished_reconf: true
global_termination_time: 850903.9604799999
local_termination_time: 850903.9193599999
node_cons: 17485.55608319981
tot_aggregated_send: 11644
tot_msg_rcv: 462
tot_msg_sent: 941
tot_reconf_duration: 24.59
tot_sleeping_duration: 837870.2316800001
tot_uptimes: 218
tot_uptimes_duration: 13033.72879999983
