comms_cons: 2.276441599990489
finished_reconf: true
global_termination_time: 14946.497
local_termination_time: 9407.263359999999
node_cons: 247.94579999999803
tot_aggregated_send: 0
tot_msg_rcv: 176
tot_msg_sent: 170
tot_reconf_duration: 5.1
tot_sleeping_duration: 14766.497
tot_uptimes: 4
tot_uptimes_duration: 180.0
