comms_cons: 2.2895615999924344
finished_reconf: true
global_termination_time: 13095.274
local_termination_time: 8448.20136
node_cons: 256.3789799999993
tot_aggregated_send: 0
tot_msg_rcv: 184
tot_msg_sent: 164
tot_reconf_duration: 11.31
tot_sleeping_duration: 12915.274
tot_uptimes: 4
tot_uptimes_duration: 180.0
