comms_cons: 284.00988162857715
finished_reconf: true
global_termination_time: 2811154.722
local_termination_time: 2118598.4333599997
node_cons: 57865.664284467035
tot_aggregated_send: 38860
tot_msg_rcv: 1414
tot_msg_sent: 2892
tot_reconf_duration: 15.34
tot_sleeping_duration: 2767954.6976800086
tot_uptimes: 720
tot_uptimes_duration: 43200.02431999124
