comms_cons: 283.42311680129535
finished_reconf: false
global_termination_time: 2810368.715
local_termination_time: 0
node_cons: 57844.81628223294
tot_aggregated_send: 39208
tot_msg_rcv: 1316
tot_msg_sent: 2554
tot_reconf_duration: 0
tot_sleeping_duration: 2767168.7028400046
tot_uptimes: 720
tot_uptimes_duration: 43200.0121599955
