comms_cons: 283.8567936121884
finished_reconf: false
global_termination_time: 2810731.31
local_termination_time: 0
node_cons: 57844.8081411158
tot_aggregated_send: 38860
tot_msg_rcv: 1383
tot_msg_sent: 2901
tot_reconf_duration: 0
tot_sleeping_duration: 2767531.3039200027
tot_uptimes: 720
tot_uptimes_duration: 43200.006079997635
