comms_cons: 284.42539521539493
finished_reconf: false
global_termination_time: 2808126.438
local_termination_time: 0
node_cons: 57844.80814111611
tot_aggregated_send: 39092
tot_msg_rcv: 1470
tot_msg_sent: 2669
tot_reconf_duration: 0
tot_sleeping_duration: 2764926.431920002
tot_uptimes: 720
tot_uptimes_duration: 43200.00607999787
