comms_cons: 282.0202560213213
finished_reconf: false
global_termination_time: 2810842.075
local_termination_time: 0
node_cons: 57844.79999999896
tot_aggregated_send: 39556
tot_msg_rcv: 1104
tot_msg_sent: 2204
tot_reconf_duration: 0
tot_sleeping_duration: 2767642.075
tot_uptimes: 720
tot_uptimes_duration: 43200.0
