comms_cons: 163.1851520182137
finished_reconf: true
global_termination_time: 339417.755
local_termination_time: 9965.750600000001
node_cons: 20535.045337246887
tot_aggregated_send: 0
tot_msg_rcv: 10017
tot_msg_sent: 14786
tot_reconf_duration: 18.21
tot_sleeping_duration: 324100.11783999484
tot_uptimes: 250
tot_uptimes_duration: 15317.637160005119
