comms_cons: 34.26520320039863
finished_reconf: true
global_termination_time: 339325.46848000016
local_termination_time: 9921.85772
node_cons: 6932.548988720242
tot_aggregated_send: 4524
tot_msg_rcv: 216
tot_msg_sent: 469
tot_reconf_duration: 3.05
tot_sleeping_duration: 334151.154
tot_uptimes: 87
tot_uptimes_duration: 5174.3144800001755
