comms_cons: 598.7159420260391
finished_reconf: true
global_termination_time: 1346531.011
local_termination_time: 585108.7872399979
node_cons: 81505.74324740621
tot_aggregated_send: 0
tot_msg_rcv: 36845
tot_msg_sent: 54156
tot_reconf_duration: 18.21
tot_sleeping_duration: 1285678.8720400236
tot_uptimes: 1001
tot_uptimes_duration: 60852.13895997623
