comms_cons: 134.23444479378034
finished_reconf: true
global_termination_time: 1347753.337
local_termination_time: 634458.2197199997
node_cons: 27724.864059999974
tot_aggregated_send: 19256
tot_msg_rcv: 397
tot_msg_sent: 749
tot_reconf_duration: 5.57
tot_sleeping_duration: 1327053.337
tot_uptimes: 346
tot_uptimes_duration: 20700.0
