comms_cons: 132.42644479688096
finished_reconf: true
global_termination_time: 1346697.203
local_termination_time: 673451.9993599999
node_cons: 27643.88580000001
tot_aggregated_send: 19430
tot_msg_rcv: 179
tot_msg_sent: 518
tot_reconf_duration: 5.1
tot_sleeping_duration: 1326057.203
tot_uptimes: 345
tot_uptimes_duration: 20640.0
