comms_cons: 245.8392958467415
finished_reconf: true
global_termination_time: 1347236.832
local_termination_time: 586066.6875999998
node_cons: 27723.84012111695
tot_aggregated_send: 0
tot_msg_rcv: 18911
tot_msg_sent: 18458
tot_reconf_duration: 4.8100000000000005
tot_sleeping_duration: 1326536.8259200023
tot_uptimes: 346
tot_uptimes_duration: 20700.006079997635
