comms_cons: 136.7817407866178
finished_reconf: true
global_termination_time: 1344869.791
local_termination_time: 244988.31900000092
node_cons: 27642.994890051552
tot_aggregated_send: 17922
tot_msg_rcv: 1058
tot_msg_sent: 1811
tot_reconf_duration: 4.390000000000001
tot_sleeping_duration: 1324229.7362800213
tot_uptimes: 345
tot_uptimes_duration: 20640.05471997871
