comms_cons: 133.74293119148876
finished_reconf: true
global_termination_time: 1346848.553
local_termination_time: 811061.87536
node_cons: 27641.110041116935
tot_aggregated_send: 18270
tot_msg_rcv: 687
tot_msg_sent: 1371
tot_reconf_duration: 3.05
tot_sleeping_duration: 1326208.5469200024
tot_uptimes: 345
tot_uptimes_duration: 20640.006079997635
