comms_cons: 470.33476489232277
finished_reconf: true
global_termination_time: 4671296.965959996
local_termination_time: 178968.03736000005
node_cons: 96156.55549837767
tot_aggregated_send: 65134
tot_msg_rcv: 2082
tot_msg_sent: 4274
tot_reconf_duration: 6.279999999999999
tot_sleeping_duration: 4599491.120360011
tot_uptimes: 1197
tot_uptimes_duration: 71805.84559998533
