comms_cons: 469.014995280429
finished_reconf: true
global_termination_time: 4672959.594
local_termination_time: 208527.478
node_cons: 96110.8201840503
tot_aggregated_send: 65643
tot_msg_rcv: 1918
tot_msg_sent: 3726
tot_reconf_duration: 15.34
tot_sleeping_duration: 4601197.09328002
tot_uptimes: 1197
tot_uptimes_duration: 71762.50071997984
