comms_cons: 398.169894452534
finished_reconf: true
global_termination_time: 3961950.736
local_termination_time: 966808.1153599998
node_cons: 81469.00776893379
tot_aggregated_send: 55216
tot_msg_rcv: 1698
tot_msg_sent: 3604
tot_reconf_duration: 3.08
tot_sleeping_duration: 3901110.687360018
tot_uptimes: 1015
tot_uptimes_duration: 60840.04863998201
