comms_cons: 1.6454271999961487
finished_reconf: true
global_termination_time: 10751.28048
local_termination_time: 10751.23936
node_cons: 212.4235187200008
tot_aggregated_send: 0
tot_msg_rcv: 135
tot_msg_sent: 115
tot_reconf_duration: 24.59
tot_sleeping_duration: 10617.576
tot_uptimes: 3
tot_uptimes_duration: 133.70448000000033
