comms_cons: 1.454003199997308
finished_reconf: true
global_termination_time: 14249.426
local_termination_time: 4005.3733600000005
node_cons: 265.74918
tot_aggregated_send: 0
tot_msg_rcv: 120
tot_msg_sent: 101
tot_reconf_duration: 18.21
tot_sleeping_duration: 14069.426
tot_uptimes: 4
tot_uptimes_duration: 180.0
