comms_cons: 1.5263743999975967
finished_reconf: true
global_termination_time: 12469.953
local_termination_time: 5031.692360000001
node_cons: 249.46676000000033
tot_aggregated_send: 0
tot_msg_rcv: 119
tot_msg_sent: 113
tot_reconf_duration: 6.22
tot_sleeping_duration: 12289.953
tot_uptimes: 4
tot_uptimes_duration: 180.0
