comms_cons: 475.0919360809359
finished_reconf: true
global_termination_time: 4734708.74248
local_termination_time: 4734708.701359999
node_cons: 97441.36333660144
tot_aggregated_send: 65804
tot_msg_rcv: 1918
tot_msg_sent: 4488
tot_reconf_duration: 37.410000000000004
tot_sleeping_duration: 4661974.940720026
tot_uptimes: 1213
tot_uptimes_duration: 72733.80175997346
