comms_cons: 472.6243200741968
finished_reconf: true
global_termination_time: 4735761.839
local_termination_time: 1342665.28436
node_cons: 97406.51067004973
tot_aggregated_send: 65192
tot_msg_rcv: 2022
tot_msg_sent: 4621
tot_reconf_duration: 25.299999999999997
tot_sleeping_duration: 4663041.784280021
tot_uptimes: 1213
tot_uptimes_duration: 72720.05471997941
