comms_cons: 473.85400330121706
finished_reconf: true
global_termination_time: 4739922.653
local_termination_time: 1282056.7663599998
node_cons: 97470.35370669908
tot_aggregated_send: 65656
tot_msg_rcv: 2133
tot_msg_sent: 4235
tot_reconf_duration: 13.17
tot_sleeping_duration: 4667142.616520014
tot_uptimes: 1214
tot_uptimes_duration: 72780.0364799865
