comms_cons: 479.3608769422276
finished_reconf: true
global_termination_time: 4734818.321
local_termination_time: 1269865.0913599979
node_cons: 97376.31148669991
tot_aggregated_send: 64322
tot_msg_rcv: 3016
tot_msg_sent: 5523
tot_reconf_duration: 3.08
tot_sleeping_duration: 4662098.284520013
tot_uptimes: 1213
tot_uptimes_duration: 72720.03647998697
