comms_cons: 475.74250249836575
finished_reconf: true
global_termination_time: 4735752.011
local_termination_time: 237873.70492000028
node_cons: 97402.92011117174
tot_aggregated_send: 66178
tot_msg_rcv: 2177
tot_msg_sent: 3954
tot_reconf_duration: 22.65
tot_sleeping_duration: 4663031.9502000185
tot_uptimes: 1213
tot_uptimes_duration: 72720.06079998094
