comms_cons: 476.67450248613636
finished_reconf: true
global_termination_time: 4735380.803
local_termination_time: 502062.1783600001
node_cons: 97376.30331116784
tot_aggregated_send: 65366
tot_msg_rcv: 2344
tot_msg_sent: 4741
tot_reconf_duration: 3.05
tot_sleeping_duration: 4662660.742200022
tot_uptimes: 1213
tot_uptimes_duration: 72720.06079997797
