comms_cons: 472.6635392991298
finished_reconf: true
global_termination_time: 4735393.542
local_termination_time: 934163.5023999993
node_cons: 97380.59188893391
tot_aggregated_send: 65424
tot_msg_rcv: 2166
tot_msg_sent: 4252
tot_reconf_duration: 6.22
tot_sleeping_duration: 4662673.493360017
tot_uptimes: 1213
tot_uptimes_duration: 72720.04863998247
