comms_cons: 248.37795840777014
finished_reconf: true
global_termination_time: 2494379.874
local_termination_time: 1028267.47836
node_cons: 51274.80485999929
tot_aggregated_send: 35554
tot_msg_rcv: 760
tot_msg_sent: 1438
tot_reconf_duration: 13.17
tot_sleeping_duration: 2456099.874
tot_uptimes: 639
tot_uptimes_duration: 38279.999999999985
