comms_cons: 246.07205759450113
finished_reconf: true
global_termination_time: 2494584.038
local_termination_time: 456343.60936000006
node_cons: 51267.90621999924
tot_aggregated_send: 36076
tot_msg_rcv: 404
tot_msg_sent: 921
tot_reconf_duration: 8.09
tot_sleeping_duration: 2456304.038
tot_uptimes: 639
tot_uptimes_duration: 38279.99999999997
