comms_cons: 247.4305535966325
finished_reconf: true
global_termination_time: 2496615.049
local_termination_time: 680443.0313999992
node_cons: 51349.63137999922
tot_aggregated_send: 36076
tot_msg_rcv: 554
tot_msg_sent: 978
tot_reconf_duration: 9.11
tot_sleeping_duration: 2458275.049
tot_uptimes: 640
tot_uptimes_duration: 38340.0
