comms_cons: 248.82693118632804
finished_reconf: true
global_termination_time: 2494460.134
local_termination_time: 587320.5137999995
node_cons: 51261.15145228447
tot_aggregated_send: 33988
tot_msg_rcv: 1261
tot_msg_sent: 2570
tot_reconf_duration: 3.05
tot_sleeping_duration: 2456180.0671200263
tot_uptimes: 639
tot_uptimes_duration: 38280.06687997398
