comms_cons: 253.417625584402
finished_reconf: true
global_termination_time: 2493136.293
local_termination_time: 456304.02236000006
node_cons: 51264.37535117219
tot_aggregated_send: 34162
tot_msg_rcv: 1504
tot_msg_sent: 2852
tot_reconf_duration: 5.43
tot_sleeping_duration: 2454856.2322000205
tot_uptimes: 639
tot_uptimes_duration: 38280.060799979794
