comms_cons: 90.29544959245794
finished_reconf: true
global_termination_time: 884629.3501200001
local_termination_time: 63869.644
node_cons: 18184.295355117858
tot_aggregated_send: 11945
tot_msg_rcv: 660
tot_msg_sent: 1121
tot_reconf_duration: 4.390000000000001
tot_sleeping_duration: 871053.2980400018
tot_uptimes: 227
tot_uptimes_duration: 13576.052079998371
