comms_cons: 91.46466559536887
finished_reconf: true
global_termination_time: 888028.432
local_termination_time: 80060.1
node_cons: 18247.864688962287
tot_aggregated_send: 11828
tot_msg_rcv: 732
tot_msg_sent: 1343
tot_reconf_duration: 7.819999999999999
tot_sleeping_duration: 874408.3833599983
tot_uptimes: 228
tot_uptimes_duration: 13620.048640001682
