comms_cons: 9.941798399863945
finished_reconf: true
global_termination_time: 81360.964
local_termination_time: 17618.176640000005
node_cons: 1615.3608044808852
tot_aggregated_send: 696
tot_msg_rcv: 352
tot_msg_sent: 463
tot_reconf_duration: 6.279999999999999
tot_sleeping_duration: 80160.93967999936
tot_uptimes: 21
tot_uptimes_duration: 1200.024320000659
