comms_cons: 10.471846400074062
finished_reconf: true
global_termination_time: 85235.332
local_termination_time: 54007.817120000094
node_cons: 1693.6964033608706
tot_aggregated_send: 696
tot_msg_rcv: 370
tot_msg_sent: 524
tot_reconf_duration: 4.8100000000000005
tot_sleeping_duration: 83975.31375999934
tot_uptimes: 22
tot_uptimes_duration: 1260.0182400006524
