comms_cons: 76.48319999888547
finished_reconf: true
global_termination_time: 778922.117
local_termination_time: 3911.803
node_cons: 15993.040382238287
tot_aggregated_send: 11363
tot_msg_rcv: 86
tot_msg_sent: 176
tot_reconf_duration: 3.95
tot_sleeping_duration: 766982.1048400012
tot_uptimes: 200
tot_uptimes_duration: 11940.012159998703
