comms_cons: 52.752652800272486
finished_reconf: true
global_termination_time: 531714.804
local_termination_time: 13902.3136
node_cons: 10936.859560000034
tot_aggregated_send: 7598
tot_msg_rcv: 137
tot_msg_sent: 283
tot_reconf_duration: 7.819999999999999
tot_sleeping_duration: 523554.80399999995
tot_uptimes: 137
tot_uptimes_duration: 8160.000000000015
