comms_cons: 52.45596160037128
finished_reconf: true
global_termination_time: 534029.703
local_termination_time: 369659.85136000003
node_cons: 10934.686759999977
tot_aggregated_send: 7714
tot_msg_rcv: 90
tot_msg_sent: 169
tot_reconf_duration: 6.22
tot_sleeping_duration: 525869.703
tot_uptimes: 137
tot_uptimes_duration: 8160.0
