comms_cons: 52.9099264004702
finished_reconf: true
global_termination_time: 534460.654
local_termination_time: 133405.31608000016
node_cons: 10941.598980000012
tot_aggregated_send: 7714
tot_msg_rcv: 164
tot_msg_sent: 164
tot_reconf_duration: 11.31
tot_sleeping_duration: 526300.654
tot_uptimes: 137
tot_uptimes_duration: 8160.0
