comms_cons: 0.9013504000001411
finished_reconf: true
global_termination_time: 4251.374
local_termination_time: 103.28104000000019
node_cons: 88.78890240000061
tot_aggregated_send: 0
tot_msg_rcv: 82
tot_msg_sent: 55
tot_reconf_duration: 6.22
tot_sleeping_duration: 4191.372399999999
tot_uptimes: 2
tot_uptimes_duration: 60.00160000000045
