comms_cons: 225.60734706802157
finished_reconf: true
global_termination_time: 1154564.891
local_termination_time: 438047.7326000001
node_cons: 23731.066841116903
tot_aggregated_send: 0
tot_msg_rcv: 17199
tot_msg_sent: 17092
tot_reconf_duration: 22.65
tot_sleeping_duration: 1136864.8849200024
tot_uptimes: 296
tot_uptimes_duration: 17700.006079997635
