comms_cons: 49.20518399988152
finished_reconf: true
global_termination_time: 14347.408240000002
local_termination_time: 1258.3258000000053
node_cons: 6188.300864320109
tot_aggregated_send: 0
tot_msg_rcv: 3891
tot_msg_sent: 3587
tot_reconf_duration: 5.57
tot_sleeping_duration: 9731.473359999924
tot_uptimes: 66
tot_uptimes_duration: 4615.934880000079
