comms_cons: 2.914585599990368
finished_reconf: true
global_termination_time: 14770.22
local_termination_time: 8412.486640000003
node_cons: 255.89010000000098
tot_aggregated_send: 0
tot_msg_rcv: 278
tot_msg_sent: 164
tot_reconf_duration: 10.95
tot_sleeping_duration: 14590.22
tot_uptimes: 4
tot_uptimes_duration: 180.0
