comms_cons: 3.6779519999906514
finished_reconf: true
global_termination_time: 18167.773
local_termination_time: 4274.585360000001
node_cons: 337.5202000000007
tot_aggregated_send: 0
tot_msg_rcv: 394
tot_msg_sent: 165
tot_reconf_duration: 11.899999999999999
tot_sleeping_duration: 17927.773
tot_uptimes: 5
tot_uptimes_duration: 240.0
