comms_cons: 498.1250176491214
finished_reconf: true
global_termination_time: 5025100.641119998
local_termination_time: 5025100.641119998
node_cons: 103436.4941847905
tot_aggregated_send: 72428
tot_msg_rcv: 1084
tot_msg_sent: 2200
tot_reconf_duration: 24.59
tot_sleeping_duration: 4947876.517920002
tot_uptimes: 1287
tot_uptimes_duration: 77224.12319999537
