comms_cons: 499.16892165223413
finished_reconf: true
global_termination_time: 5027213.378
local_termination_time: 695532.4239199993
node_cons: 103418.43614334807
tot_aggregated_send: 69310
tot_msg_rcv: 2348
tot_msg_sent: 4212
tot_reconf_duration: 15.34
tot_sleeping_duration: 4949993.359760007
tot_uptimes: 1288
tot_uptimes_duration: 77220.01823999337
