comms_cons: 810.5229966249229
finished_reconf: true
global_termination_time: 5028653.387
local_termination_time: 634538.6974799999
node_cons: 103408.23212446502
tot_aggregated_send: 0
tot_msg_rcv: 61943
tot_msg_sent: 61251
tot_reconf_duration: 7.819999999999999
tot_sleeping_duration: 4951433.36268001
tot_uptimes: 1288
tot_uptimes_duration: 77220.024319991
