comms_cons: 7.013427200052792
finished_reconf: true
global_termination_time: 68031.864
local_termination_time: 22160.694480000002
node_cons: 1372.3119800000015
tot_aggregated_send: 870
tot_msg_rcv: 83
tot_msg_sent: 113
tot_reconf_duration: 4.8100000000000005
tot_sleeping_duration: 67011.864
tot_uptimes: 18
tot_uptimes_duration: 1020.0
