comms_cons: 269.4254464260625
finished_reconf: true
global_termination_time: 2808394.697
local_termination_time: 6661.647
node_cons: 57850.34334223295
tot_aggregated_send: 39030
tot_msg_rcv: 757
tot_msg_sent: 1165
tot_reconf_duration: 4.07
tot_sleeping_duration: 2765194.684840005
tot_uptimes: 720
tot_uptimes_duration: 43200.0121599955
