comms_cons: 262.63969282649754
finished_reconf: true
global_termination_time: 2809056.008
local_termination_time: 6998.252
node_cons: 57856.92964223326
tot_aggregated_send: 38677
tot_msg_rcv: 427
tot_msg_sent: 815
tot_reconf_duration: 8.92
tot_sleeping_duration: 2765855.995840004
tot_uptimes: 720
tot_uptimes_duration: 43200.012159995735
