comms_cons: 267.1263552344634
finished_reconf: true
global_termination_time: 2809021.247
local_termination_time: 6674.0560000000005
node_cons: 57852.71440335041
tot_aggregated_send: 39376
tot_msg_rcv: 445
tot_msg_sent: 780
tot_reconf_duration: 5.8100000000000005
tot_sleeping_duration: 2765821.2287600064
tot_uptimes: 720
tot_uptimes_duration: 43200.0182399936
