comms_cons: 261.2468736307616
finished_reconf: true
global_termination_time: 2809625.259
local_termination_time: 6851.415
node_cons: 57857.59506223326
tot_aggregated_send: 38618
tot_msg_rcv: 297
tot_msg_sent: 793
tot_reconf_duration: 9.41
tot_sleeping_duration: 2766425.2468400043
tot_uptimes: 720
tot_uptimes_duration: 43200.012159995735
