comms_cons: 1.5329535999949357
finished_reconf: true
global_termination_time: 12051.249
local_termination_time: 5117.75536
node_cons: 253.81236000000013
tot_aggregated_send: 0
tot_msg_rcv: 122
tot_msg_sent: 111
tot_reconf_duration: 9.42
tot_sleeping_duration: 11871.249
tot_uptimes: 4
tot_uptimes_duration: 180.0
