comms_cons: 1.4737407999994616
finished_reconf: true
global_termination_time: 11986.483
local_termination_time: 7133.667480000001
node_cons: 266.4146000000022
tot_aggregated_send: 0
tot_msg_rcv: 123
tot_msg_sent: 101
tot_reconf_duration: 18.700000000000003
tot_sleeping_duration: 11806.483
tot_uptimes: 4
tot_uptimes_duration: 180.0
