comms_cons: 1.5197951999993458
finished_reconf: true
global_termination_time: 14620.932
local_termination_time: 5633.13536
node_cons: 255.89009999999976
tot_aggregated_send: 0
tot_msg_rcv: 123
tot_msg_sent: 108
tot_reconf_duration: 10.95
tot_sleeping_duration: 14440.932
tot_uptimes: 4
tot_uptimes_duration: 180.0
