comms_cons: 372.3432444934642
finished_reconf: true
global_termination_time: 2504603.448
local_termination_time: 1787151.14936
node_cons: 51508.57584223299
tot_aggregated_send: 0
tot_msg_rcv: 28565
tot_msg_sent: 28029
tot_reconf_duration: 7.819999999999999
tot_sleeping_duration: 2466143.4358400046
tot_uptimes: 642
tot_uptimes_duration: 38460.01215999527
