comms_cons: 360.4876032723855
finished_reconf: true
global_termination_time: 3546153.107
local_termination_time: 1565968.01748
node_cons: 72955.26826223238
tot_aggregated_send: 48604
tot_msg_rcv: 2125
tot_msg_sent: 4063
tot_reconf_duration: 4.8100000000000005
tot_sleeping_duration: 3491673.0948400046
tot_uptimes: 909
tot_uptimes_duration: 54480.0121599955
