comms_cons: 357.5347264278377
finished_reconf: true
global_termination_time: 3548327.072
local_termination_time: 1639165.3304799998
node_cons: 72961.56120669984
tot_aggregated_send: 49474
tot_msg_rcv: 1743
tot_msg_sent: 3125
tot_reconf_duration: 9.42
tot_sleeping_duration: 3493847.035520014
tot_uptimes: 909
tot_uptimes_duration: 54480.03647998627
