comms_cons: 3.1185407999896935
finished_reconf: true
global_termination_time: 14264.251
local_termination_time: 7433.41936
node_cons: 261.8517200000014
tot_aggregated_send: 0
tot_msg_rcv: 310
tot_msg_sent: 163
tot_reconf_duration: 15.34
tot_sleeping_duration: 14084.250999999998
tot_uptimes: 4
tot_uptimes_duration: 180.0
