comms_cons: 2.598783999991412
finished_reconf: true
global_termination_time: 15057.22
local_termination_time: 6439.590360000001
node_cons: 249.5482400000009
tot_aggregated_send: 0
tot_msg_rcv: 225
tot_msg_sent: 169
tot_reconf_duration: 6.279999999999999
tot_sleeping_duration: 14877.22
tot_uptimes: 4
tot_uptimes_duration: 180.0
