comms_cons: 3.1711743999895194
finished_reconf: true
global_termination_time: 17840.006
local_termination_time: 4160.183360000001
node_cons: 327.89198000000056
tot_aggregated_send: 0
tot_msg_rcv: 309
tot_msg_sent: 173
tot_reconf_duration: 4.8100000000000005
tot_sleeping_duration: 17600.006
tot_uptimes: 5
tot_uptimes_duration: 240.0
