comms_cons: 254.89421438368288
finished_reconf: true
global_termination_time: 2568853.304
local_termination_time: 498475.14136
node_cons: 52790.387211172085
tot_aggregated_send: 35206
tot_msg_rcv: 1088
tot_msg_sent: 2449
tot_reconf_duration: 5.1
tot_sleeping_duration: 2529433.24320002
tot_uptimes: 658
tot_uptimes_duration: 39420.06079997978
