comms_cons: 253.68079358595008
finished_reconf: true
global_termination_time: 2566591.382
local_termination_time: 861755.4173599998
node_cons: 52789.374184466535
tot_aggregated_send: 36134
tot_msg_rcv: 853
tot_msg_sent: 1571
tot_reconf_duration: 4.390000000000001
tot_sleeping_duration: 2527171.3576800097
tot_uptimes: 658
tot_uptimes_duration: 39420.02431999054
