comms_cons: 253.35816318447155
finished_reconf: true
global_termination_time: 2565594.672
local_termination_time: 1066374.8893599997
node_cons: 52787.54632334942
tot_aggregated_send: 35670
tot_msg_rcv: 860
tot_msg_sent: 1978
tot_reconf_duration: 3.05
tot_sleeping_duration: 2526174.653760007
tot_uptimes: 658
tot_uptimes_duration: 39420.0182399929
