comms_cons: 308.5019072329883
finished_reconf: true
global_termination_time: 3048444.598
local_termination_time: 415177.3184800001
node_cons: 62686.080566700424
tot_aggregated_send: 41586
tot_msg_rcv: 1882
tot_msg_sent: 3422
tot_reconf_duration: 15.34
tot_sleeping_duration: 3001644.561520014
tot_uptimes: 781
tot_uptimes_duration: 46800.03647998627
