comms_cons: 306.1651840308582
finished_reconf: true
global_termination_time: 3044860.14448
local_termination_time: 3044860.1033599996
node_cons: 62636.69307101324
tot_aggregated_send: 42558
tot_msg_rcv: 1347
tot_msg_sent: 2629
tot_reconf_duration: 24.59
tot_sleeping_duration: 2998106.3731200183
tot_uptimes: 780
tot_uptimes_duration: 46753.771359981154
