comms_cons: 304.0649344363635
finished_reconf: true
global_termination_time: 3044860.490239988
local_termination_time: 142937.58336000005
node_cons: 62676.12806827809
tot_aggregated_send: 43152
tot_msg_rcv: 1088
tot_msg_sent: 1976
tot_reconf_duration: 11.31
tot_sleeping_duration: 2998063.7993600187
tot_uptimes: 780
tot_uptimes_duration: 46796.690879969625
