comms_cons: 64.41804159814396
finished_reconf: true
global_termination_time: 672057.776
local_termination_time: 5166.925
node_cons: 13834.46903007682
tot_aggregated_send: 8456
tot_msg_rcv: 422
tot_msg_sent: 913
tot_reconf_duration: 11.719999999999999
tot_sleeping_duration: 661737.7212800023
tot_uptimes: 173
tot_uptimes_duration: 10320.054719997614
