comms_cons: 425.0007230311947
finished_reconf: true
global_termination_time: 882050.854
local_termination_time: 358340.8914800001
node_cons: 53331.3228408352
tot_aggregated_send: 0
tot_msg_rcv: 26143
tot_msg_sent: 38454
tot_reconf_duration: 18.21
tot_sleeping_duration: 842240.1044400032
tot_uptimes: 652
tot_uptimes_duration: 39810.74955999697
