comms_cons: 92.24163839142041
finished_reconf: true
global_termination_time: 881264.8025999998
local_termination_time: 881264.7614799999
node_cons: 18145.813972955406
tot_aggregated_send: 11110
tot_msg_rcv: 968
tot_msg_sent: 1944
tot_reconf_duration: 37.410000000000004
tot_sleeping_duration: 867750.9779600033
tot_uptimes: 226
tot_uptimes_duration: 13513.824639996543
