comms_cons: 0.9013504000012449
finished_reconf: true
global_termination_time: 10502.8
local_termination_time: 6854.222360000001
node_cons: 169.12676000000033
tot_aggregated_send: 0
tot_msg_rcv: 72
tot_msg_sent: 65
tot_reconf_duration: 6.22
tot_sleeping_duration: 10382.8
tot_uptimes: 3
tot_uptimes_duration: 120.0
