comms_cons: 1.9606015999935218
finished_reconf: true
global_termination_time: 14534.624
local_termination_time: 4519.436600000003
node_cons: 256.3789800000005
tot_aggregated_send: 0
tot_msg_rcv: 190
tot_msg_sent: 108
tot_reconf_duration: 11.31
tot_sleeping_duration: 14354.624
tot_uptimes: 4
tot_uptimes_duration: 180.0
