comms_cons: 72.77973760022725
finished_reconf: true
global_termination_time: 739750.812
local_termination_time: 41851.95444000014
node_cons: 15224.229738160215
tot_aggregated_send: 10730
tot_msg_rcv: 120
tot_msg_sent: 213
tot_reconf_duration: 25.299999999999997
tot_sleeping_duration: 728406.62056
tot_uptimes: 190
tot_uptimes_duration: 11344.19144000014
