comms_cons: 214.78397434847489
finished_reconf: true
global_termination_time: 737212.3383199995
local_termination_time: 737212.2971999996
node_cons: 30092.73886983715
tot_aggregated_send: 0
tot_msg_rcv: 10953
tot_msg_sent: 21688
tot_reconf_duration: 24.59
tot_sleeping_duration: 714763.2377600017
tot_uptimes: 372
tot_uptimes_duration: 22449.10055999783
