comms_cons: 48.67950080054433
finished_reconf: true
global_termination_time: 491093.994
local_termination_time: 20717.8246
node_cons: 10049.873940000032
tot_aggregated_send: 6960
tot_msg_rcv: 154
tot_msg_sent: 285
tot_reconf_duration: 5.43
tot_sleeping_duration: 483593.994
tot_uptimes: 126
tot_uptimes_duration: 7500.000000000015
