comms_cons: 370.4782397003368
finished_reconf: true
global_termination_time: 1944972.229
local_termination_time: 583680.2911999986
node_cons: 40040.127546710115
tot_aggregated_send: 0
tot_msg_rcv: 28644
tot_msg_sent: 27671
tot_reconf_duration: 22.65
tot_sleeping_duration: 1915092.1925200073
tot_uptimes: 499
tot_uptimes_duration: 29880.036479992792
