comms_cons: 197.67829757775527
finished_reconf: true
global_termination_time: 1944877.096
local_termination_time: 768227.389
node_cons: 40017.985253565
tot_aggregated_send: 26329
tot_msg_rcv: 1154
tot_msg_sent: 2564
tot_reconf_duration: 5.57
tot_sleeping_duration: 1914996.2736000258
tot_uptimes: 499
tot_uptimes_duration: 29880.822399974102
