comms_cons: 194.0207935915848
finished_reconf: true
global_termination_time: 1946622.01
local_termination_time: 1093843.2017199998
node_cons: 40043.677399999804
tot_aggregated_send: 27898
tot_msg_rcv: 630
tot_msg_sent: 962
tot_reconf_duration: 25.299999999999997
tot_sleeping_duration: 1916742.01
tot_uptimes: 499
tot_uptimes_duration: 29880.0
