comms_cons: 192.02115839200897
finished_reconf: true
global_termination_time: 1944235.343
local_termination_time: 1428278.9123599997
node_cons: 39949.499379999565
tot_aggregated_send: 27840
tot_msg_rcv: 488
tot_msg_sent: 858
tot_reconf_duration: 15.110000000000001
tot_sleeping_duration: 1914415.343
tot_uptimes: 498
tot_uptimes_duration: 29820.0
