comms_cons: 372.33196769858336
finished_reconf: true
global_termination_time: 1944150.4
local_termination_time: 587082.67536
node_cons: 39935.58525006051
tot_aggregated_send: 0
tot_msg_rcv: 28853
tot_msg_sent: 27742
tot_reconf_duration: 4.8100000000000005
tot_sleeping_duration: 1914330.3452800142
tot_uptimes: 498
tot_uptimes_duration: 29820.05471998558
