comms_cons: 192.35011839360808
finished_reconf: true
global_termination_time: 1947098.525
local_termination_time: 1418376.7624399995
node_cons: 40022.112359999635
tot_aggregated_send: 27840
tot_msg_rcv: 473
tot_msg_sent: 924
tot_reconf_duration: 9.42
tot_sleeping_duration: 1917218.525
tot_uptimes: 499
tot_uptimes_duration: 29880.0
