comms_cons: 191.79134079533034
finished_reconf: true
global_termination_time: 1945181.775
local_termination_time: 1482643.636
node_cons: 40032.13342319389
tot_aggregated_send: 28298
tot_msg_rcv: 274
tot_msg_sent: 579
tot_reconf_duration: 11.899999999999999
tot_sleeping_duration: 1915296.8062000044
tot_uptimes: 499
tot_uptimes_duration: 29884.96879999549
