comms_cons: 202.1817727698292
finished_reconf: true
global_termination_time: 1944195.9
local_termination_time: 760071.1357199998
node_cons: 39939.72167675232
tot_aggregated_send: 25288
tot_msg_rcv: 1891
tot_msg_sent: 3551
tot_reconf_duration: 7.819999999999999
tot_sleeping_duration: 1914375.8088000354
tot_uptimes: 498
tot_uptimes_duration: 29820.091199964518
