comms_cons: 194.97884158518758
finished_reconf: true
global_termination_time: 1944018.598
local_termination_time: 994182.7303599998
node_cons: 39949.81986112113
tot_aggregated_send: 26332
tot_msg_rcv: 1160
tot_msg_sent: 2144
tot_reconf_duration: 15.34
tot_sleeping_duration: 1914198.5919199989
tot_uptimes: 498
tot_uptimes_duration: 29820.00608000107
