comms_cons: 43.16017920000599
finished_reconf: true
global_termination_time: 439860.044
local_termination_time: 112612.916
node_cons: 9034.747612880614
tot_aggregated_send: 6319
tot_msg_rcv: 67
tot_msg_sent: 174
tot_reconf_duration: 15.110000000000001
tot_sleeping_duration: 433127.98407999956
tot_uptimes: 113
tot_uptimes_duration: 6732.059920000451
