comms_cons: 26.665497599979417
finished_reconf: true
global_termination_time: 258238.031
local_termination_time: 9984.937600000003
node_cons: 5308.971980000007
tot_aggregated_send: 3480
tot_msg_rcv: 229
tot_msg_sent: 344
tot_reconf_duration: 4.8100000000000005
tot_sleeping_duration: 254278.031
tot_uptimes: 67
tot_uptimes_duration: 3960.0
