comms_cons: 50.65228800402949
finished_reconf: true
global_termination_time: 258021.69260000018
local_termination_time: 74.21304000000003
node_cons: 5328.962768400253
tot_aggregated_send: 0
tot_msg_rcv: 3865
tot_msg_sent: 3832
tot_reconf_duration: 4.390000000000001
tot_sleeping_duration: 254046.337
tot_uptimes: 67
tot_uptimes_duration: 3975.3556000001845
