comms_cons: 56.12783360427268
finished_reconf: true
global_termination_time: 269759.1808400007
local_termination_time: 2603.2316
node_cons: 5625.423503125193
tot_aggregated_send: 0
tot_msg_rcv: 4489
tot_msg_sent: 4040
tot_reconf_duration: 18.21
tot_sleeping_duration: 265576.4367599968
tot_uptimes: 70
tot_uptimes_duration: 4182.744080003875
