comms_cons: 26.593126400223625
finished_reconf: true
global_termination_time: 272005.005
local_termination_time: 146321.94948000007
node_cons: 5547.60189999999
tot_aggregated_send: 3886
tot_msg_rcv: 42
tot_msg_sent: 114
tot_reconf_duration: 3.05
tot_sleeping_duration: 267865.005
tot_uptimes: 70
tot_uptimes_duration: 4140.0
