comms_cons: 244.25943039969374
finished_reconf: true
global_termination_time: 2441624.092479998
local_termination_time: 50392.07500000018
node_cons: 50263.95198318853
tot_aggregated_send: 34162
tot_msg_rcv: 968
tot_msg_sent: 1996
tot_reconf_duration: 13.17
tot_sleeping_duration: 2404099.0236800057
tot_uptimes: 626
tot_uptimes_duration: 37525.06879999197
