comms_cons: 243.71222398568057
finished_reconf: true
global_termination_time: 2442692.81
local_termination_time: 484947.6183200007
node_cons: 50216.67446446669
tot_aggregated_send: 33698
tot_msg_rcv: 1155
tot_msg_sent: 2189
tot_reconf_duration: 3.05
tot_sleeping_duration: 2405192.7856800095
tot_uptimes: 626
tot_uptimes_duration: 37500.02431999054
