comms_cons: 240.2131711841876
finished_reconf: true
global_termination_time: 2445276.916
local_termination_time: 1662629.3064799998
node_cons: 50300.22208111603
tot_aggregated_send: 33756
tot_msg_rcv: 783
tot_msg_sent: 1972
tot_reconf_duration: 5.43
tot_sleeping_duration: 2407716.9099200023
tot_uptimes: 627
tot_uptimes_duration: 37560.006079997635
