comms_cons: 264.54117122468773
finished_reconf: true
global_termination_time: 547527.5287599971
local_termination_time: 547527.4876399972
node_cons: 33263.88667823914
tot_aggregated_send: 0
tot_msg_rcv: 16239
tot_msg_sent: 23969
tot_reconf_duration: 24.59
tot_sleeping_duration: 522710.13259999774
tot_uptimes: 406
tot_uptimes_duration: 24817.396159999327
