comms_cons: 747.275232118211
finished_reconf: true
global_termination_time: 7531537.55348
local_termination_time: 7531537.51236
node_cons: 154964.70564318387
tot_aggregated_send: 108260
tot_msg_rcv: 1770
tot_msg_sent: 3548
tot_reconf_duration: 37.410000000000004
tot_sleeping_duration: 7415843.824680008
tot_uptimes: 1929
tot_uptimes_duration: 115693.72879999211
