comms_cons: 739.6226049334684
finished_reconf: true
global_termination_time: 7531870.389
local_termination_time: 3364078.35008
node_cons: 154913.45370669718
tot_aggregated_send: 104168
tot_msg_rcv: 2534
tot_msg_sent: 5714
tot_reconf_duration: 13.17
tot_sleeping_duration: 7416190.352520013
tot_uptimes: 1929
tot_uptimes_duration: 115680.03647998697
