comms_cons: 755.5160961940163
finished_reconf: true
global_termination_time: 7535046.194
local_termination_time: 267372.4652400005
node_cons: 155006.7082522815
tot_aggregated_send: 105560
tot_msg_rcv: 3315
tot_msg_sent: 5958
tot_reconf_duration: 22.65
tot_sleeping_duration: 7419306.1271200245
tot_uptimes: 1930
tot_uptimes_duration: 115740.06687997514
