comms_cons: 746.8751105730296
finished_reconf: true
global_termination_time: 7536085.678
local_termination_time: 1377309.5291999998
node_cons: 154991.30039116534
tot_aggregated_send: 104632
tot_msg_rcv: 3026
tot_msg_sent: 5861
tot_reconf_duration: 11.31
tot_sleeping_duration: 7420345.617200023
tot_uptimes: 1930
tot_uptimes_duration: 115740.06079997797
