comms_cons: 323.88085758909295
finished_reconf: true
global_termination_time: 3332921.722
local_termination_time: 2090138.64636
node_cons: 68564.38554111539
tot_aggregated_send: 46574
tot_msg_rcv: 827
tot_msg_sent: 1827
tot_reconf_duration: 25.299999999999997
tot_sleeping_duration: 3281741.7159200027
tot_uptimes: 854
tot_uptimes_duration: 51180.006079997635
