comms_cons: 336.11258882319254
finished_reconf: true
global_termination_time: 3337405.476
local_termination_time: 543296.8373599999
node_cons: 68623.23377116784
tot_aggregated_send: 46342
tot_msg_rcv: 1549
tot_msg_sent: 3196
tot_reconf_duration: 9.42
tot_sleeping_duration: 3286165.415200023
tot_uptimes: 855
tot_uptimes_duration: 51240.060799977044
