comms_cons: 336.3540480393882
finished_reconf: true
global_termination_time: 3331804.961
local_termination_time: 224447.8928800004
node_cons: 68536.64153228921
tot_aggregated_send: 45936
tot_msg_rcv: 1638
tot_msg_sent: 3550
tot_reconf_duration: 4.8100000000000005
tot_sleeping_duration: 3280624.894120022
tot_uptimes: 854
tot_uptimes_duration: 51180.06687997811
