comms_cons: 407.69790085924683
finished_reconf: true
global_termination_time: 4056490.3469999977
local_termination_time: 4056490.3469999977
node_cons: 83528.29027076246
tot_aggregated_send: 56782
tot_msg_rcv: 1719
tot_msg_sent: 3466
tot_reconf_duration: 37.410000000000004
tot_sleeping_duration: 3994147.1898000236
tot_uptimes: 1039
tot_uptimes_duration: 62343.157199973764
