comms_cons: 402.6297280069572
finished_reconf: true
global_termination_time: 4059993.491
local_termination_time: 2744259.763999998
node_cons: 83480.85662446654
tot_aggregated_send: 56086
tot_msg_rcv: 1742
tot_msg_sent: 3369
tot_reconf_duration: 5.57
tot_sleeping_duration: 3997653.4666800085
tot_uptimes: 1040
tot_uptimes_duration: 62340.02431999124
