comms_cons: 410.4585664783049
finished_reconf: true
global_termination_time: 4059649.804
local_termination_time: 1206824.226399999
node_cons: 83481.7637478166
tot_aggregated_send: 56028
tot_msg_rcv: 2120
tot_msg_sent: 4238
tot_reconf_duration: 6.22
tot_sleeping_duration: 3997309.761440016
tot_uptimes: 1040
tot_uptimes_duration: 62340.04255998414
