comms_cons: 35.915852799956774
finished_reconf: true
global_termination_time: 364676.523
local_termination_time: 123277.80635999997
node_cons: 7496.349180000017
tot_aggregated_send: 5278
tot_msg_rcv: 82
tot_msg_sent: 99
tot_reconf_duration: 18.21
tot_sleeping_duration: 359096.523
tot_uptimes: 94
tot_uptimes_duration: 5580.0
