comms_cons: 37.37706240049359
finished_reconf: true
global_termination_time: 365739.482
local_termination_time: 108061.18635999995
node_cons: 7475.778182240575
tot_aggregated_send: 4814
tot_msg_rcv: 287
tot_msg_sent: 580
tot_reconf_duration: 3.05
tot_sleeping_duration: 360159.46983999957
tot_uptimes: 94
tot_uptimes_duration: 5580.012160000435
