comms_cons: 42.594284802040704
finished_reconf: true
global_termination_time: 213636.75
local_termination_time: 6454.865360000001
node_cons: 4369.143123362017
tot_aggregated_send: 0
tot_msg_rcv: 3358
tot_msg_sent: 3116
tot_reconf_duration: 22.65
tot_sleeping_duration: 210396.7317599985
tot_uptimes: 55
tot_uptimes_duration: 3240.0182400015037
