comms_cons: 380.8962048282593
finished_reconf: true
global_termination_time: 3835020.776919998
local_termination_time: 3835020.735799998
node_cons: 78997.71543911383
tot_aggregated_send: 55144
tot_msg_rcv: 906
tot_msg_sent: 1843
tot_reconf_duration: 24.59
tot_sleeping_duration: 3776048.168840001
tot_uptimes: 983
tot_uptimes_duration: 58972.608079997066
