comms_cons: 386.43812481688303
finished_reconf: true
global_termination_time: 3838005.289
local_termination_time: 764987.2693599999
node_cons: 78899.89046669939
tot_aggregated_send: 53128
tot_msg_rcv: 1959
tot_msg_sent: 3649
tot_reconf_duration: 4.390000000000001
tot_sleeping_duration: 3779085.2525200136
tot_uptimes: 983
tot_uptimes_duration: 58920.03647998604
