comms_cons: 241.36121600106765
finished_reconf: true
global_termination_time: 2439611.641
local_termination_time: 943996.9241199979
node_cons: 50139.110223350086
tot_aggregated_send: 34452
tot_msg_rcv: 663
tot_msg_sent: 1572
tot_reconf_duration: 5.1
tot_sleeping_duration: 2402171.6227600067
tot_uptimes: 625
tot_uptimes_duration: 37440.01823999314
