comms_cons: 245.38773119513422
finished_reconf: true
global_termination_time: 2443681.823
local_termination_time: 222006.72436000008
node_cons: 50218.51046670491
tot_aggregated_send: 34104
tot_msg_rcv: 1043
tot_msg_sent: 2150
tot_reconf_duration: 4.390000000000001
tot_sleeping_duration: 2406181.7865200103
tot_uptimes: 626
tot_uptimes_duration: 37500.03647998924
