comms_cons: 246.64825600084632
finished_reconf: true
global_termination_time: 2440042.258
local_termination_time: 179819.47548000005
node_cons: 50142.84468893853
tot_aggregated_send: 33756
tot_msg_rcv: 1294
tot_msg_sent: 2439
tot_reconf_duration: 7.819999999999999
tot_sleeping_duration: 2402602.2093600156
tot_uptimes: 625
tot_uptimes_duration: 37440.04863998451
