comms_cons: 39.78740480101018
finished_reconf: true
global_termination_time: 192725.5287200001
local_termination_time: 192725.48760000008
node_cons: 3988.5380614415826
tot_aggregated_send: 0
tot_msg_rcv: 3192
tot_msg_sent: 2854
tot_reconf_duration: 24.59
tot_sleeping_duration: 189771.72375999892
tot_uptimes: 50
tot_uptimes_duration: 2953.804960001171
