comms_cons: 18.902041600065008
finished_reconf: true
global_termination_time: 192726.29380000083
local_termination_time: 12527.17248
node_cons: 4037.2405872011054
tot_aggregated_send: 2784
tot_msg_rcv: 12
tot_msg_sent: 76
tot_reconf_duration: 22.65
tot_sleeping_duration: 189734.149
tot_uptimes: 50
tot_uptimes_duration: 2992.144800000824
