comms_cons: 109.99764479574237
finished_reconf: true
global_termination_time: 1121740.435
local_termination_time: 4361.365000000001
node_cons: 23065.50254447656
tot_aggregated_send: 15596
tot_msg_rcv: 383
tot_msg_sent: 740
tot_reconf_duration: 5.8100000000000005
tot_sleeping_duration: 1104520.4106800025
tot_uptimes: 288
tot_uptimes_duration: 17220.024319997407
