comms_cons: 285.2214784023846
finished_reconf: true
global_termination_time: 2887283.138
local_termination_time: 2490500.1262399987
node_cons: 59392.12428446602
tot_aggregated_send: 40948
tot_msg_rcv: 860
tot_msg_sent: 1544
tot_reconf_duration: 15.34
tot_sleeping_duration: 2842943.1136800093
tot_uptimes: 740
tot_uptimes_duration: 44340.02431999054
