comms_cons: 289.9265920066126
finished_reconf: true
global_termination_time: 2886423.53923999
local_termination_time: 194088.9776000001
node_cons: 59452.866156055534
tot_aggregated_send: 40020
tot_msg_rcv: 1269
tot_msg_sent: 2777
tot_reconf_duration: 13.17
tot_sleeping_duration: 2842035.9505200074
tot_uptimes: 740
tot_uptimes_duration: 44387.58871998254
