comms_cons: 290.512409616973
finished_reconf: true
global_termination_time: 2888030.505
local_termination_time: 454896.0254800001
node_cons: 59375.45074670456
tot_aggregated_send: 39962
tot_msg_rcv: 1353
tot_msg_sent: 2842
tot_reconf_duration: 3.05
tot_sleeping_duration: 2843690.4685200104
tot_uptimes: 740
tot_uptimes_duration: 44340.03647998924
