comms_cons: 288.8488448054091
finished_reconf: true
global_termination_time: 2888817.728
local_termination_time: 993657.782
node_cons: 59384.372777984834
tot_aggregated_send: 39668
tot_msg_rcv: 1347
tot_msg_sent: 2889
tot_reconf_duration: 7.819999999999999
tot_sleeping_duration: 2844475.8660000106
tot_uptimes: 740
tot_uptimes_duration: 44341.86199998943
