comms_cons: 789.3132033757818
finished_reconf: true
global_termination_time: 7927547.605
local_termination_time: 3444883.8669199995
node_cons: 163174.77148669737
tot_aggregated_send: 109736
tot_msg_rcv: 3574
tot_msg_sent: 6661
tot_reconf_duration: 3.08
tot_sleeping_duration: 7805687.568520013
tot_uptimes: 2031
tot_uptimes_duration: 121860.0364799872
