comms_cons: 49.121561600482394
finished_reconf: true
global_termination_time: 490630.0191200001
local_termination_time: 223392.04336000004
node_cons: 10073.84341192303
tot_aggregated_send: 6612
tot_msg_rcv: 273
tot_msg_sent: 582
tot_reconf_duration: 8.09
tot_sleeping_duration: 483114.8158399979
tot_uptimes: 126
tot_uptimes_duration: 7515.203280002257
