comms_cons: 166.28893439527064
finished_reconf: true
global_termination_time: 1703886.173
local_termination_time: 1051747.5233599998
node_cons: 35036.68675999991
tot_aggregated_send: 24302
tot_msg_rcv: 317
tot_msg_sent: 657
tot_reconf_duration: 6.22
tot_sleeping_duration: 1677726.173
tot_uptimes: 437
tot_uptimes_duration: 26160.0
