comms_cons: 957.2059668680605
finished_reconf: true
global_termination_time: 4866867.056
local_termination_time: 2399459.4166
node_cons: 100134.42312334813
tot_aggregated_send: 0
tot_msg_rcv: 73233
tot_msg_sent: 72255
tot_reconf_duration: 22.65
tot_sleeping_duration: 4792107.037760006
tot_uptimes: 1247
tot_uptimes_duration: 74760.01823999337
