comms_cons: 477.6757504420086
finished_reconf: true
global_termination_time: 4863887.479
local_termination_time: 1470946.22536
node_cons: 100035.72836781637
tot_aggregated_send: 67222
tot_msg_rcv: 1657
tot_msg_sent: 3724
tot_reconf_duration: 9.11
tot_sleeping_duration: 4789187.436440016
tot_uptimes: 1246
tot_uptimes_duration: 74700.04255998437
