comms_cons: 489.3658048783544
finished_reconf: true
global_termination_time: 4863903.509
local_termination_time: 1773999.4145599988
node_cons: 100048.73530558248
tot_aggregated_send: 67164
tot_msg_rcv: 2467
tot_msg_sent: 4749
tot_reconf_duration: 18.700000000000003
tot_sleeping_duration: 4789203.478600011
tot_uptimes: 1246
tot_uptimes_duration: 74700.03039998887
