comms_cons: 346.3626109255112
finished_reconf: true
global_termination_time: 1760701.884
local_termination_time: 993851.9225999998
node_cons: 36183.76684111677
tot_aggregated_send: 0
tot_msg_rcv: 26562
tot_msg_sent: 26083
tot_reconf_duration: 22.65
tot_sleeping_duration: 1733701.8779200024
tot_uptimes: 451
tot_uptimes_duration: 27000.006079997635
