comms_cons: 53.8448000006966
finished_reconf: true
global_termination_time: 528188.57
local_termination_time: 208839.50199999998
node_cons: 10876.71183152521
tot_aggregated_send: 7190
tot_msg_rcv: 373
tot_msg_sent: 622
tot_reconf_duration: 22.65
tot_sleeping_duration: 520088.53031999606
tot_uptimes: 136
tot_uptimes_duration: 8100.039680003887
