comms_cons: 36.30200319991156
finished_reconf: true
global_termination_time: 9010.019240000003
local_termination_time: 2486.679440000003
node_cons: 3716.8751398400295
tot_aggregated_send: 0
tot_msg_rcv: 2922
tot_msg_sent: 2594
tot_reconf_duration: 18.21
tot_sleeping_duration: 6252.628679999982
tot_uptimes: 40
tot_uptimes_duration: 2757.3905600000217
