comms_cons: 402.96116483693584
finished_reconf: true
global_termination_time: 4128779.252
local_termination_time: 2686821.5457200003
node_cons: 84940.22800223157
tot_aggregated_send: 57594
tot_msg_rcv: 1252
tot_msg_sent: 2401
tot_reconf_duration: 15.34
tot_sleeping_duration: 4065359.239840004
tot_uptimes: 1058
tot_uptimes_duration: 63420.0121599955
