comms_cons: 412.2539264364458
finished_reconf: true
global_termination_time: 4129299.332
local_termination_time: 960095.1853599999
node_cons: 84931.81650893339
tot_aggregated_send: 56608
tot_msg_rcv: 2104
tot_msg_sent: 3949
tot_reconf_duration: 9.11
tot_sleeping_duration: 4065879.2833600184
tot_uptimes: 1058
tot_uptimes_duration: 63420.048639981775
