comms_cons: 411.64763523399984
finished_reconf: true
global_termination_time: 4130157.178
local_termination_time: 786176.5978399987
node_cons: 84939.96450893338
tot_aggregated_send: 56666
tot_msg_rcv: 2061
tot_msg_sent: 3841
tot_reconf_duration: 15.110000000000001
tot_sleeping_duration: 4066737.129360018
tot_uptimes: 1058
tot_uptimes_duration: 63420.048639981775
