comms_cons: 420.37931528775255
finished_reconf: true
global_termination_time: 4130285.737
local_termination_time: 4359.686480000001
node_cons: 84950.2038289337
tot_aggregated_send: 56782
tot_msg_rcv: 2597
tot_msg_sent: 4513
tot_reconf_duration: 22.65
tot_sleeping_duration: 4066865.688360018
tot_uptimes: 1058
tot_uptimes_duration: 63420.04863998201
