comms_cons: 410.5282240666449
finished_reconf: true
global_termination_time: 4127786.404999993
local_termination_time: 655409.2553599998
node_cons: 84988.11620892407
tot_aggregated_send: 57768
tot_msg_rcv: 1476
tot_msg_sent: 3153
tot_reconf_duration: 18.700000000000003
tot_sleeping_duration: 4064334.036360018
tot_uptimes: 1058
tot_uptimes_duration: 63452.368639974855
