comms_cons: 413.5733888768338
finished_reconf: true
global_termination_time: 4127786.6061199894
local_termination_time: 76823.504
node_cons: 85001.58712451711
tot_aggregated_send: 57706
tot_msg_rcv: 1783
tot_msg_sent: 3372
tot_reconf_duration: 10.95
tot_sleeping_duration: 4064316.31708002
tot_uptimes: 1058
tot_uptimes_duration: 63470.28903996962
