comms_cons: 411.80009603013673
finished_reconf: true
global_termination_time: 4203179.85
local_termination_time: 2798011.653039999
node_cons: 86454.39266334921
tot_aggregated_send: 58000
tot_msg_rcv: 1467
tot_msg_sent: 3124
tot_reconf_duration: 6.279999999999999
tot_sleeping_duration: 4138619.831760006
tot_uptimes: 1077
tot_uptimes_duration: 64560.01823999337
