comms_cons: 422.0584256447347
finished_reconf: true
global_termination_time: 4203333.71
local_termination_time: 1532742.0180399981
node_cons: 86451.85046670443
tot_aggregated_send: 59044
tot_msg_rcv: 1737
tot_msg_sent: 3368
tot_reconf_duration: 4.390000000000001
tot_sleeping_duration: 4138773.67352001
tot_uptimes: 1077
tot_uptimes_duration: 64560.03647999017
