comms_cons: 68.04208640061995
finished_reconf: true
global_termination_time: 690589.303
local_termination_time: 242747.95136000006
node_cons: 14146.371980000018
tot_aggregated_send: 9860
tot_msg_rcv: 138
tot_msg_sent: 344
tot_reconf_duration: 4.8100000000000005
tot_sleeping_duration: 680029.303
tot_uptimes: 177
tot_uptimes_duration: 10560.0
