comms_cons: 11.638604799898562
finished_reconf: true
global_termination_time: 108404.055
local_termination_time: 14153.50648
node_cons: 2175.1579022394412
tot_aggregated_send: 1160
tot_msg_rcv: 205
tot_msg_sent: 404
tot_reconf_duration: 4.390000000000001
tot_sleeping_duration: 106784.04284000042
tot_uptimes: 28
tot_uptimes_duration: 1620.0121599995837
