comms_cons: 431.24024327266517
finished_reconf: true
global_termination_time: 4306329.773
local_termination_time: 1299994.809399998
node_cons: 88553.25171341411
tot_aggregated_send: 60030
tot_msg_rcv: 1634
tot_msg_sent: 3882
tot_reconf_duration: 13.17
tot_sleeping_duration: 4240209.260040018
tot_uptimes: 1103
tot_uptimes_duration: 66120.5129599825
