comms_cons: 433.17515527613193
finished_reconf: true
global_termination_time: 4304265.871
local_termination_time: 1450997.2184799998
node_cons: 88538.90334558285
tot_aggregated_send: 60204
tot_msg_rcv: 1920
tot_msg_sent: 3717
tot_reconf_duration: 3.08
tot_sleeping_duration: 4238145.840600011
tot_uptimes: 1103
tot_uptimes_duration: 66120.03039998887
