comms_cons: 435.5833536858696
finished_reconf: true
global_termination_time: 4305702.67
local_termination_time: 1496637.81136
node_cons: 88545.69878446602
tot_aggregated_send: 59972
tot_msg_rcv: 2291
tot_msg_sent: 3943
tot_reconf_duration: 8.09
tot_sleeping_duration: 4239582.645680008
tot_uptimes: 1103
tot_uptimes_duration: 66120.02431999124
