comms_cons: 434.99812489379065
finished_reconf: true
global_termination_time: 4306889.708
local_termination_time: 1757972.11936
node_cons: 88547.5063170258
tot_aggregated_send: 59102
tot_msg_rcv: 2200
tot_msg_sent: 4812
tot_reconf_duration: 9.42
tot_sleeping_duration: 4240769.682640009
tot_uptimes: 1103
tot_uptimes_duration: 66120.02535999124
