comms_cons: 435.30357768721484
finished_reconf: true
global_termination_time: 4304989.85
local_termination_time: 1893166.3113600002
node_cons: 88560.09902334902
tot_aggregated_send: 59508
tot_msg_rcv: 2258
tot_msg_sent: 4397
tot_reconf_duration: 18.700000000000003
tot_sleeping_duration: 4238869.831760006
tot_uptimes: 1103
tot_uptimes_duration: 66120.01823999337
