comms_cons: 407.65679999930705
finished_reconf: true
global_termination_time: 4221694.783
local_termination_time: 2164076.830359998
node_cons: 86855.57395638656
tot_aggregated_send: 58638
tot_msg_rcv: 1034
tot_msg_sent: 2290
tot_reconf_duration: 5.1
tot_sleeping_duration: 4156833.9554000082
tot_uptimes: 1082
tot_uptimes_duration: 64860.82759999158
