comms_cons: 424.24291205458377
finished_reconf: true
global_termination_time: 4219139.261
local_termination_time: 1084080.8991999985
node_cons: 86773.21046669982
tot_aggregated_send: 58406
tot_msg_rcv: 2115
tot_msg_sent: 3961
tot_reconf_duration: 4.390000000000001
tot_sleeping_duration: 4154339.224520013
tot_uptimes: 1081
tot_uptimes_duration: 64800.03647998674
