comms_cons: 422.80633606570433
finished_reconf: true
global_termination_time: 4222360.833
local_termination_time: 1115972.8223599999
node_cons: 86858.2246889334
tot_aggregated_send: 58580
tot_msg_rcv: 1945
tot_msg_sent: 3739
tot_reconf_duration: 7.819999999999999
tot_sleeping_duration: 4157500.784360018
tot_uptimes: 1082
tot_uptimes_duration: 64860.048639981775
