comms_cons: 129.379967994826
finished_reconf: true
global_termination_time: 1311196.38324
local_termination_time: 5046.152999999999
node_cons: 26952.041231597294
tot_aggregated_send: 18668
tot_msg_rcv: 309
tot_msg_sent: 687
tot_reconf_duration: 7.08
tot_sleeping_duration: 1291075.0788400022
tot_uptimes: 336
tot_uptimes_duration: 20121.30439999795
