comms_cons: 496.08060121143234
finished_reconf: true
global_termination_time: 1703526.7525999998
local_termination_time: 1703526.7114799998
node_cons: 69472.97942352023
tot_aggregated_send: 0
tot_msg_rcv: 25293
tot_msg_sent: 50106
tot_reconf_duration: 24.59
tot_sleeping_duration: 1651667.4649199985
tot_uptimes: 862
tot_uptimes_duration: 51859.28768000128
