comms_cons: 396.9876672567069
finished_reconf: true
global_termination_time: 3976586.43
local_termination_time: 75021.03747999996
node_cons: 81794.75407451864
tot_aggregated_send: 56202
tot_msg_rcv: 1285
tot_msg_sent: 2852
tot_reconf_duration: 6.279999999999999
tot_sleeping_duration: 3915506.3509600298
tot_uptimes: 1019
tot_uptimes_duration: 61080.079039970646
