comms_cons: 400.7451776702515
finished_reconf: true
global_termination_time: 3977243.359
local_termination_time: 692630.8619199984
node_cons: 81804.11069451869
tot_aggregated_send: 54926
tot_msg_rcv: 1976
tot_msg_sent: 4008
tot_reconf_duration: 13.17
tot_sleeping_duration: 3916163.2799600298
tot_uptimes: 1019
tot_uptimes_duration: 61080.079039970646
