comms_cons: 399.826572869641
finished_reconf: true
global_termination_time: 3973486.915
local_termination_time: 755500.9029199983
node_cons: 81710.03591005069
tot_aggregated_send: 55216
tot_msg_rcv: 1829
tot_msg_sent: 3724
tot_reconf_duration: 3.08
tot_sleeping_duration: 3912466.86028002
tot_uptimes: 1018
tot_uptimes_duration: 61020.0547199797
