comms_cons: 396.84902405767514
finished_reconf: true
global_termination_time: 3973155.572
local_termination_time: 853165.0523599999
node_cons: 81716.8313489338
tot_aggregated_send: 55622
tot_msg_rcv: 1484
tot_msg_sent: 3212
tot_reconf_duration: 8.09
tot_sleeping_duration: 3912135.523360018
tot_uptimes: 1018
tot_uptimes_duration: 61020.04863998201
