comms_cons: 400.75223045802966
finished_reconf: true
global_termination_time: 3974544.895
local_termination_time: 1743954.803999999
node_cons: 81720.6745233493
tot_aggregated_send: 55274
tot_msg_rcv: 1930
tot_msg_sent: 3708
tot_reconf_duration: 10.95
tot_sleeping_duration: 3913524.8767600064
tot_uptimes: 1018
tot_uptimes_duration: 61020.01823999337
