comms_cons: 128.68300159690426
finished_reconf: true
global_termination_time: 1299951.175
local_termination_time: 123471.599
node_cons: 26690.04782224061
tot_aggregated_send: 18547
tot_msg_rcv: 369
tot_msg_sent: 643
tot_reconf_duration: 12.629999999999999
tot_sleeping_duration: 1280031.1628399997
tot_uptimes: 333
tot_uptimes_duration: 19920.012160000435
