comms_cons: 128.3404543972092
finished_reconf: true
global_termination_time: 1303018.909
local_termination_time: 691800.4982799983
node_cons: 26769.380200000072
tot_aggregated_send: 19024
tot_msg_rcv: 204
tot_msg_sent: 279
tot_reconf_duration: 11.899999999999999
tot_sleeping_duration: 1283038.909
tot_uptimes: 334
tot_uptimes_duration: 19980.0
