comms_cons: 249.56942079062705
finished_reconf: true
global_termination_time: 2555678.45
local_termination_time: 885552.539
node_cons: 52564.82651303637
tot_aggregated_send: 36419
tot_msg_rcv: 536
tot_msg_sent: 979
tot_reconf_duration: 12.629999999999999
tot_sleeping_duration: 2516434.480640002
tot_uptimes: 655
tot_uptimes_duration: 39243.96935999789
