comms_cons: 253.8583103891159
finished_reconf: true
global_termination_time: 2556682.266
local_termination_time: 1214952.67636
node_cons: 52558.528341116216
tot_aggregated_send: 36482
tot_msg_rcv: 776
tot_msg_sent: 1326
tot_reconf_duration: 11.899999999999999
tot_sleeping_duration: 2517442.2599200024
tot_uptimes: 655
tot_uptimes_duration: 39240.006079997635
