comms_cons: 244.52317438729426
finished_reconf: true
global_termination_time: 2556501.866
local_termination_time: 826207.4250799997
node_cons: 52546.56702894311
tot_aggregated_send: 34742
tot_msg_rcv: 786
tot_msg_sent: 1639
tot_reconf_duration: 3.05
tot_sleeping_duration: 2517261.817360012
tot_uptimes: 655
tot_uptimes_duration: 39240.048639987945
