comms_cons: 249.77891838636123
finished_reconf: true
global_termination_time: 2554994.842
local_termination_time: 1037674.8763599998
node_cons: 52549.790927816946
tot_aggregated_send: 34916
tot_msg_rcv: 833
tot_msg_sent: 2219
tot_reconf_duration: 5.43
tot_sleeping_duration: 2515754.7994400165
tot_uptimes: 655
tot_uptimes_duration: 39240.04255998344
