comms_cons: 50.24430080101509
finished_reconf: true
global_termination_time: 478252.202
local_termination_time: 214017.40948000006
node_cons: 9810.040804485734
tot_aggregated_send: 6206
tot_msg_rcv: 560
tot_msg_sent: 872
tot_reconf_duration: 6.279999999999999
tot_sleeping_duration: 470932.1776799957
tot_uptimes: 123
tot_uptimes_duration: 7320.024320004275
