comms_cons: 49.39068160080599
finished_reconf: true
global_termination_time: 473921.559
local_termination_time: 234895.65436000007
node_cons: 9755.521823364328
tot_aggregated_send: 6206
tot_msg_rcv: 509
tot_msg_sent: 793
tot_reconf_duration: 25.299999999999997
tot_sleeping_duration: 466661.5407599968
tot_uptimes: 122
tot_uptimes_duration: 7260.018240003206
