comms_cons: 50.58465280094161
finished_reconf: true
global_termination_time: 473963.612
local_termination_time: 86619.04000000001
node_cons: 9737.1940789692
tot_aggregated_send: 5912
tot_msg_rcv: 662
tot_msg_sent: 1118
tot_reconf_duration: 7.819999999999999
tot_sleeping_duration: 466699.5533599932
tot_uptimes: 122
tot_uptimes_duration: 7264.058640006857
