comms_cons: 50.73346560167554
finished_reconf: true
global_termination_time: 479808.288
local_termination_time: 313715.6961200009
node_cons: 9809.934901121405
tot_aggregated_send: 6090
tot_msg_rcv: 636
tot_msg_sent: 986
tot_reconf_duration: 6.22
tot_sleeping_duration: 472488.28191999893
tot_uptimes: 123
tot_uptimes_duration: 7320.006080001069
