comms_cons: 92.2111039985347
finished_reconf: true
global_termination_time: 915227.3854399996
local_termination_time: 46421.24760000002
node_cons: 18841.953387278674
tot_aggregated_send: 12644
tot_msg_rcv: 433
tot_msg_sent: 938
tot_reconf_duration: 7.819999999999999
tot_sleeping_duration: 901163.6559200006
tot_uptimes: 235
tot_uptimes_duration: 14063.72951999899
