comms_cons: 91.64230399638963
finished_reconf: true
global_termination_time: 916438.795
local_termination_time: 47339.19736000001
node_cons: 18808.014901116865
tot_aggregated_send: 12702
tot_msg_rcv: 359
tot_msg_sent: 868
tot_reconf_duration: 6.22
tot_sleeping_duration: 902398.7889200024
tot_uptimes: 235
tot_uptimes_duration: 14040.006079997635
