comms_cons: 953.9701698256163
finished_reconf: true
global_termination_time: 9605851.729
local_termination_time: 3179723.88148
node_cons: 197563.059070047
tot_aggregated_send: 133052
tot_msg_rcv: 4162
tot_msg_sent: 7785
tot_reconf_duration: 5.1
tot_sleeping_duration: 9458311.67428002
tot_uptimes: 2460
tot_uptimes_duration: 147540.05471998057
