comms_cons: 964.9348227127357
finished_reconf: true
global_termination_time: 9607367.791
local_termination_time: 1044823.4603599999
node_cons: 197640.6314522806
tot_aggregated_send: 133052
tot_msg_rcv: 4580
tot_msg_sent: 9032
tot_reconf_duration: 3.05
tot_sleeping_duration: 9459767.724120023
tot_uptimes: 2461
tot_uptimes_duration: 147600.06687997584
