comms_cons: 960.1081538699233
finished_reconf: true
global_termination_time: 9608015.188
local_termination_time: 1563838.9124799997
node_cons: 197643.85535116392
tot_aggregated_send: 132472
tot_msg_rcv: 4752
tot_msg_sent: 8705
tot_reconf_duration: 5.43
tot_sleeping_duration: 9460415.12720002
tot_uptimes: 2461
tot_uptimes_duration: 147600.06079997844
