comms_cons: 233.1142143890042
finished_reconf: true
global_termination_time: 2400763.128
local_termination_time: 1026644.19536
node_cons: 49337.22304223312
tot_aggregated_send: 33408
tot_msg_rcv: 726
tot_msg_sent: 1298
tot_reconf_duration: 6.22
tot_sleeping_duration: 2363923.1158400048
tot_uptimes: 615
tot_uptimes_duration: 36840.01215999527
