comms_cons: 164.62461441825565
finished_reconf: true
global_termination_time: 341485.45648000017
local_termination_time: 929.0190399999996
node_cons: 20644.159911645453
tot_aggregated_send: 0
tot_msg_rcv: 10161
tot_msg_sent: 14858
tot_reconf_duration: 18.21
tot_sleeping_duration: 326086.32971999614
tot_uptimes: 248
tot_uptimes_duration: 15399.126760004054
