comms_cons: 33.8947776001485
finished_reconf: true
global_termination_time: 341485.05716000043
local_termination_time: 327441.1475600007
node_cons: 7068.462792081459
tot_aggregated_send: 4814
tot_msg_rcv: 104
tot_msg_sent: 232
tot_reconf_duration: 25.299999999999997
tot_sleeping_duration: 336231.80443999934
tot_uptimes: 88
tot_uptimes_duration: 5253.252720001095
