comms_cons: 516.6805569051972
finished_reconf: true
global_termination_time: 2621520.905
local_termination_time: 1812464.1443999992
node_cons: 53938.914982232985
tot_aggregated_send: 0
tot_msg_rcv: 39630
tot_msg_sent: 38902
tot_reconf_duration: 22.65
tot_sleeping_duration: 2581260.892840004
tot_uptimes: 672
tot_uptimes_duration: 40260.0121599955
