comms_cons: 263.6028544034485
finished_reconf: true
global_termination_time: 2621093.3284799997
local_termination_time: 2621093.2873599995
node_cons: 53959.98121214081
tot_aggregated_send: 36468
tot_msg_rcv: 1142
tot_msg_sent: 2456
tot_reconf_duration: 24.59
tot_sleeping_duration: 2580819.5510400133
tot_uptimes: 672
tot_uptimes_duration: 40273.77743998654
