comms_cons: 2.2895615999945456
finished_reconf: true
global_termination_time: 18923.957
local_termination_time: 8558.33336
node_cons: 331.97955999999965
tot_aggregated_send: 0
tot_msg_rcv: 179
tot_msg_sent: 169
tot_reconf_duration: 7.819999999999999
tot_sleeping_duration: 18683.957
tot_uptimes: 5
tot_uptimes_duration: 240.0
