comms_cons: 288.14922241426785
finished_reconf: true
global_termination_time: 2905014.189
local_termination_time: 2022105.7435199982
node_cons: 59723.43841639314
tot_aggregated_send: 41760
tot_msg_rcv: 714
tot_msg_sent: 1323
tot_reconf_duration: 18.21
tot_sleeping_duration: 2860429.641400004
tot_uptimes: 744
tot_uptimes_duration: 44584.54759999574
