comms_cons: 1400.6062856674303
finished_reconf: true
global_termination_time: 2903893.6306
local_termination_time: 2903893.5894799996
node_cons: 175572.48027268765
tot_aggregated_send: 0
tot_msg_rcv: 86260
tot_msg_sent: 126624
tot_reconf_duration: 37.410000000000004
tot_sleeping_duration: 2772809.4801200195
tot_uptimes: 2138
tot_uptimes_duration: 131084.1504799804
