comms_cons: 292.6084288114721
finished_reconf: true
global_termination_time: 2906321.202
local_termination_time: 1828063.6411999986
node_cons: 59779.532685583756
tot_aggregated_send: 40368
tot_msg_rcv: 1320
tot_msg_sent: 2786
tot_reconf_duration: 4.8100000000000005
tot_sleeping_duration: 2861681.171600011
tot_uptimes: 745
tot_uptimes_duration: 44640.03039998864
