comms_cons: 290.34759682811114
finished_reconf: true
global_termination_time: 2904309.263
local_termination_time: 1873864.82036
node_cons: 59709.80410446702
tot_aggregated_send: 40774
tot_msg_rcv: 1043
tot_msg_sent: 2314
tot_reconf_duration: 12.629999999999999
tot_sleeping_duration: 2859729.238680009
tot_uptimes: 744
tot_uptimes_duration: 44580.024319991004
