comms_cons: 293.4579392188026
finished_reconf: true
global_termination_time: 2908100.403
local_termination_time: 1909954.7296
node_cons: 59787.87080558393
tot_aggregated_send: 40310
tot_msg_rcv: 1452
tot_msg_sent: 2840
tot_reconf_duration: 10.95
tot_sleeping_duration: 2863460.372600011
tot_uptimes: 745
tot_uptimes_duration: 44640.03039998864
