comms_cons: 295.488390440609
finished_reconf: true
global_termination_time: 2905321.946
local_termination_time: 548313.2147599991
node_cons: 59788.39225005124
tot_aggregated_send: 39730
tot_msg_rcv: 1758
tot_msg_sent: 3423
tot_reconf_duration: 11.31
tot_sleeping_duration: 2860681.8912800206
tot_uptimes: 745
tot_uptimes_duration: 44640.05471997941
