comms_cons: 2.277030399995988
finished_reconf: true
global_termination_time: 12540.763
local_termination_time: 5446.38136
node_cons: 248.3939400000004
tot_aggregated_send: 0
tot_msg_rcv: 177
tot_msg_sent: 169
tot_reconf_duration: 5.43
tot_sleeping_duration: 12360.763
tot_uptimes: 4
tot_uptimes_duration: 180.0
