comms_cons: 2.2059135999958253
finished_reconf: true
global_termination_time: 15086.884
local_termination_time: 6330.865520000003
node_cons: 261.8517200000002
tot_aggregated_send: 0
tot_msg_rcv: 175
tot_msg_sent: 160
tot_reconf_duration: 15.34
tot_sleeping_duration: 14906.884
tot_uptimes: 4
tot_uptimes_duration: 180.0
