comms_cons: 127.56473599615111
finished_reconf: true
global_termination_time: 1295795.591
local_termination_time: 481945.53500000003
node_cons: 26638.809354641253
tot_aggregated_send: 18384
tot_msg_rcv: 374
tot_msg_sent: 632
tot_reconf_duration: 22.65
tot_sleeping_duration: 1275924.007239999
tot_uptimes: 332
tot_uptimes_duration: 19871.58376000088
