comms_cons: 127.71543039809137
finished_reconf: true
global_termination_time: 1294869.851
local_termination_time: 477239.24836
node_cons: 26610.42486
tot_aggregated_send: 18502
tot_msg_rcv: 235
tot_msg_sent: 675
tot_reconf_duration: 13.17
tot_sleeping_duration: 1275009.851
tot_uptimes: 332
tot_uptimes_duration: 19859.999999999985
