comms_cons: 126.73373439691086
finished_reconf: true
global_termination_time: 1294661.198
local_termination_time: 502489.5111200005
node_cons: 26609.691540000047
tot_aggregated_send: 18618
tot_msg_rcv: 198
tot_msg_sent: 447
tot_reconf_duration: 12.629999999999999
tot_sleeping_duration: 1274801.198
tot_uptimes: 332
tot_uptimes_duration: 19860.0
