comms_cons: 125.20217599733095
finished_reconf: true
global_termination_time: 1293804.954
local_termination_time: 542461.8796399991
node_cons: 26617.93459999998
tot_aggregated_send: 18618
tot_msg_rcv: 137
tot_msg_sent: 275
tot_reconf_duration: 18.700000000000003
tot_sleeping_duration: 1273944.954
tot_uptimes: 332
tot_uptimes_duration: 19860.0
