comms_cons: 73.61466879826938
finished_reconf: true
global_termination_time: 740037.911
local_termination_time: 398704.7299600006
node_cons: 15199.130100000037
tot_aggregated_send: 10556
tot_msg_rcv: 237
tot_msg_sent: 396
tot_reconf_duration: 10.95
tot_sleeping_duration: 728697.911
tot_uptimes: 190
tot_uptimes_duration: 11340.0
