comms_cons: 75.35815679945371
finished_reconf: true
global_termination_time: 740256.135
local_termination_time: 6918.391560000003
node_cons: 15188.434464481068
tot_aggregated_send: 9802
tot_msg_rcv: 486
tot_msg_sent: 1166
tot_reconf_duration: 3.05
tot_sleeping_duration: 728916.1106799992
tot_uptimes: 190
tot_uptimes_duration: 11340.024320000783
