comms_cons: 423.4902528555591
finished_reconf: true
global_termination_time: 4219079.129
local_termination_time: 215883.99604000078
node_cons: 86814.3128210841
tot_aggregated_send: 58638
tot_msg_rcv: 1904
tot_msg_sent: 3825
tot_reconf_duration: 25.299999999999997
tot_sleeping_duration: 4154269.6029200247
tot_uptimes: 1081
tot_uptimes_duration: 64809.526079974865
