comms_cons: 421.364000044148
finished_reconf: true
global_termination_time: 4216595.294
local_termination_time: 1925640.9743599999
node_cons: 86699.70934781671
tot_aggregated_send: 59102
tot_msg_rcv: 1747
tot_msg_sent: 3196
tot_reconf_duration: 9.42
tot_sleeping_duration: 4151855.251440015
tot_uptimes: 1080
tot_uptimes_duration: 64740.04255998437
