comms_cons: 416.9896960191327
finished_reconf: true
global_termination_time: 4218300.74
local_termination_time: 3277934.1606799983
node_cons: 86783.3601999976
tot_aggregated_send: 60842
tot_msg_rcv: 760
tot_msg_sent: 1778
tot_reconf_duration: 11.899999999999999
tot_sleeping_duration: 4153500.74
tot_uptimes: 1081
tot_uptimes_duration: 64800.0
