comms_cons: 217.66223999364863
finished_reconf: true
global_termination_time: 2217708.46
local_termination_time: 1208413.30336
node_cons: 45573.61986111644
tot_aggregated_send: 30914
tot_msg_rcv: 843
tot_msg_sent: 1325
tot_reconf_duration: 15.34
tot_sleeping_duration: 2183688.453920002
tot_uptimes: 568
tot_uptimes_duration: 34020.006079997635
