comms_cons: 218.44980478873177
finished_reconf: true
global_termination_time: 2214157.77
local_termination_time: 1135167.6770000001
node_cons: 45564.219447340634
tot_aggregated_send: 30737
tot_msg_rcv: 768
tot_msg_sent: 1698
tot_reconf_duration: 5.57
tot_sleeping_duration: 2180134.875760014
tot_uptimes: 568
tot_uptimes_duration: 34022.89423998585
