comms_cons: 218.3307519924962
finished_reconf: true
global_termination_time: 2215478.847
local_termination_time: 926080.1651999996
node_cons: 45559.73836447139
tot_aggregated_send: 31262
tot_msg_rcv: 643
tot_msg_sent: 1280
tot_reconf_duration: 5.1
tot_sleeping_duration: 2181458.8226800063
tot_uptimes: 568
tot_uptimes_duration: 34020.02431999397
