comms_cons: 320.20576615675407
finished_reconf: true
global_termination_time: 2214265.105
local_termination_time: 1326480.7948399996
node_cons: 45568.1471211164
tot_aggregated_send: 0
tot_msg_rcv: 24542
tot_msg_sent: 24127
tot_reconf_duration: 11.31
tot_sleeping_duration: 2180245.098920002
tot_uptimes: 568
tot_uptimes_duration: 34020.006079997635
