comms_cons: 841.9464577859624
finished_reconf: true
global_termination_time: 8495204.146
local_termination_time: 2707320.77
node_cons: 174773.91438781333
tot_aggregated_send: 118009
tot_msg_rcv: 3419
tot_msg_sent: 6542
tot_reconf_duration: 25.299999999999997
tot_sleeping_duration: 8364704.103440015
tot_uptimes: 2176
tot_uptimes_duration: 130500.04255998484
