comms_cons: 832.0924801434934
finished_reconf: true
global_termination_time: 8490969.087
local_termination_time: 4269917.93336
node_cons: 174671.57208557974
tot_aggregated_send: 117276
tot_msg_rcv: 3092
tot_msg_sent: 6106
tot_reconf_duration: 9.11
tot_sleeping_duration: 8360529.05660001
tot_uptimes: 2175
tot_uptimes_duration: 130440.0303999891
