comms_cons: 853.3178754047583
finished_reconf: true
global_termination_time: 8492947.862
local_termination_time: 922947.5849999981
node_cons: 174663.39959339806
tot_aggregated_send: 118030
tot_msg_rcv: 4065
tot_msg_sent: 7602
tot_reconf_duration: 3.05
tot_sleeping_duration: 8362507.789040026
tot_uptimes: 2175
tot_uptimes_duration: 130440.07295997319
