comms_cons: 502.22981127878813
finished_reconf: true
global_termination_time: 5046036.698
local_termination_time: 1530332.36836
node_cons: 103807.79188893379
tot_aggregated_send: 70122
tot_msg_rcv: 2008
tot_msg_sent: 4206
tot_reconf_duration: 6.22
tot_sleeping_duration: 4968516.649360017
tot_uptimes: 1293
tot_uptimes_duration: 77520.0486399827
