comms_cons: 500.65100168742856
finished_reconf: true
global_termination_time: 5048156.157
local_termination_time: 1580860.6334399986
node_cons: 103814.69596781676
tot_aggregated_send: 70238
tot_msg_rcv: 1852
tot_msg_sent: 4006
tot_reconf_duration: 11.31
tot_sleeping_duration: 4970636.114440015
tot_uptimes: 1293
tot_uptimes_duration: 77520.04255998484
