comms_cons: 53.4625792005363
finished_reconf: true
global_termination_time: 541141.863
local_termination_time: 266119.17936000007
node_cons: 11111.649180000044
tot_aggregated_send: 7424
tot_msg_rcv: 252
tot_msg_sent: 450
tot_reconf_duration: 18.21
tot_sleeping_duration: 532861.863
tot_uptimes: 139
tot_uptimes_duration: 8280.0
