comms_cons: 56.96032000115956
finished_reconf: true
global_termination_time: 543672.361
local_termination_time: 3382.4854800000003
node_cons: 11174.210223364307
tot_aggregated_send: 6960
tot_msg_rcv: 594
tot_msg_sent: 1103
tot_reconf_duration: 5.1
tot_sleeping_duration: 535332.3427599969
tot_uptimes: 140
tot_uptimes_duration: 8340.018240003206
