comms_cons: 54.097062400309525
finished_reconf: true
global_termination_time: 540352.945
local_termination_time: 23034.384560000002
node_cons: 11094.293940000016
tot_aggregated_send: 7598
tot_msg_rcv: 223
tot_msg_sent: 401
tot_reconf_duration: 5.43
tot_sleeping_duration: 532072.945
tot_uptimes: 139
tot_uptimes_duration: 8280.0
