comms_cons: 185.84266239785586
finished_reconf: true
global_termination_time: 1911400.854
local_termination_time: 696355.0461999987
node_cons: 39290.40189999983
tot_aggregated_send: 27550
tot_msg_rcv: 240
tot_msg_sent: 457
tot_reconf_duration: 3.05
tot_sleeping_duration: 1882060.854
tot_uptimes: 490
tot_uptimes_duration: 29340.0
