comms_cons: 52.372313602333804
finished_reconf: true
global_termination_time: 466688.6983600005
local_termination_time: 466688.6572400005
node_cons: 9641.957705526398
tot_aggregated_send: 5438
tot_msg_rcv: 1026
tot_msg_sent: 1497
tot_reconf_duration: 24.59
tot_sleeping_duration: 459512.77267999575
tot_uptimes: 120
tot_uptimes_duration: 7175.925680004759
