comms_cons: 47.423500800556134
finished_reconf: true
global_termination_time: 469901.25
local_termination_time: 162009.5496000001
node_cons: 9671.566841121434
tot_aggregated_send: 6554
tot_msg_rcv: 268
tot_msg_sent: 386
tot_reconf_duration: 22.65
tot_sleeping_duration: 462701.24391999893
tot_uptimes: 121
tot_uptimes_duration: 7200.006080001069
