comms_cons: 320.2408384155277
finished_reconf: true
global_termination_time: 3238170.524
local_termination_time: 1520063.360999999
node_cons: 66612.54468893493
tot_aggregated_send: 43964
tot_msg_rcv: 1580
tot_msg_sent: 3129
tot_reconf_duration: 7.819999999999999
tot_sleeping_duration: 3188430.4753600177
tot_uptimes: 830
tot_uptimes_duration: 49740.04863998224
