comms_cons: 321.2628223918189
finished_reconf: true
global_termination_time: 3238729.306
local_termination_time: 1251741.7609599996
node_cons: 66610.3414668635
tot_aggregated_send: 44196
tot_msg_rcv: 1581
tot_msg_sent: 3053
tot_reconf_duration: 6.22
tot_sleeping_duration: 3188989.280080011
tot_uptimes: 830
tot_uptimes_duration: 49740.02591998875
