comms_cons: 322.03930880523365
finished_reconf: true
global_termination_time: 3239178.947
local_termination_time: 664849.972879998
node_cons: 66631.86515543271
tot_aggregated_send: 46284
tot_msg_rcv: 919
tot_msg_sent: 1745
tot_reconf_duration: 15.34
tot_sleeping_duration: 3189432.096040005
tot_uptimes: 830
tot_uptimes_duration: 49746.850959995645
