comms_cons: 81.06232319795157
finished_reconf: true
global_termination_time: 796244.408
local_termination_time: 386076.48536000005
node_cons: 16326.93742447653
tot_aggregated_send: 10846
tot_msg_rcv: 553
tot_msg_sent: 922
tot_reconf_duration: 13.17
tot_sleeping_duration: 784064.3836800026
tot_uptimes: 204
tot_uptimes_duration: 12180.024319997407
