comms_cons: 81.16759039891957
finished_reconf: true
global_termination_time: 794992.23
local_termination_time: 275390.91436000005
node_cons: 16319.663983359727
tot_aggregated_send: 10904
tot_msg_rcv: 565
tot_msg_sent: 868
tot_reconf_duration: 7.819999999999999
tot_sleeping_duration: 782812.2117600002
tot_uptimes: 204
tot_uptimes_duration: 12180.018239999772
