comms_cons: 179.40820479995247
finished_reconf: true
global_termination_time: 1884945.451
local_termination_time: 6700.219999999999
node_cons: 38733.49463999979
tot_aggregated_send: 27252
tot_msg_rcv: 5
tot_msg_sent: 12
tot_reconf_duration: 7.08
tot_sleeping_duration: 1856025.451
tot_uptimes: 483
tot_uptimes_duration: 28920.0
