comms_cons: 763.5755009813647
finished_reconf: true
global_termination_time: 7669517.843
local_termination_time: 2549494.7531199977
node_cons: 157820.633775454
tot_aggregated_send: 106662
tot_msg_rcv: 3416
tot_msg_sent: 5982
tot_reconf_duration: 15.34
tot_sleeping_duration: 7551668.849680016
tot_uptimes: 1965
tot_uptimes_duration: 117848.99331998476
