comms_cons: 749.3577216686692
finished_reconf: true
global_termination_time: 7672261.089
local_termination_time: 5297121.4588399995
node_cons: 157803.92019999388
tot_aggregated_send: 109910
tot_msg_rcv: 1371
tot_msg_sent: 2617
tot_reconf_duration: 11.899999999999999
tot_sleeping_duration: 7554421.089
tot_uptimes: 1965
tot_uptimes_duration: 117840.0
