comms_cons: 99.37541759466541
finished_reconf: true
global_termination_time: 992677.86
local_termination_time: 137725.19040000084
node_cons: 20412.354184481173
tot_aggregated_send: 13688
tot_msg_rcv: 370
tot_msg_sent: 1046
tot_reconf_duration: 4.390000000000001
tot_sleeping_duration: 977437.8356799991
tot_uptimes: 255
tot_uptimes_duration: 15240.02432000084
