comms_cons: 98.52351999946089
finished_reconf: true
global_termination_time: 990481.5082400003
local_termination_time: 37773.87648000001
node_cons: 20392.490100481908
tot_aggregated_send: 13804
tot_msg_rcv: 409
tot_msg_sent: 761
tot_reconf_duration: 3.05
tot_sleeping_duration: 975254.9599199989
tot_uptimes: 254
tot_uptimes_duration: 15226.548320001399
