comms_cons: 97.18199039860572
finished_reconf: true
global_termination_time: 993579.041
local_termination_time: 499350.42236
node_cons: 20421.727121116863
tot_aggregated_send: 14326
tot_msg_rcv: 162
tot_msg_sent: 283
tot_reconf_duration: 11.31
tot_sleeping_duration: 978339.0349200023
tot_uptimes: 255
tot_uptimes_duration: 15240.006079997635
