comms_cons: 124.72518399239182
finished_reconf: true
global_termination_time: 1213287.413
local_termination_time: 268992.94636000006
node_cons: 24920.78340335973
tot_aggregated_send: 16414
tot_msg_rcv: 984
tot_msg_sent: 1559
tot_reconf_duration: 11.31
tot_sleeping_duration: 1194687.39476
tot_uptimes: 311
tot_uptimes_duration: 18600.018239999772
