comms_cons: 191.82581759206442
finished_reconf: true
global_termination_time: 1925387.322
local_termination_time: 743928.6680399983
node_cons: 39624.77153999976
tot_aggregated_send: 27492
tot_msg_rcv: 573
tot_msg_sent: 1091
tot_reconf_duration: 12.629999999999999
tot_sleeping_duration: 1895807.322
tot_uptimes: 494
tot_uptimes_duration: 29580.0
