comms_cons: 194.87956478340365
finished_reconf: true
global_termination_time: 1922225.62112
local_termination_time: 52815.62084000013
node_cons: 39555.06517757221
tot_aggregated_send: 25578
tot_msg_rcv: 1351
tot_msg_sent: 2690
tot_reconf_duration: 4.390000000000001
tot_sleeping_duration: 1892689.3227200205
tot_uptimes: 493
tot_uptimes_duration: 29536.298399979423
