comms_cons: 357.2720832015633
finished_reconf: true
global_termination_time: 3671945.218
local_termination_time: 2139661.123119998
node_cons: 75579.28217479213
tot_aggregated_send: 50866
tot_msg_rcv: 1117
tot_msg_sent: 2320
tot_reconf_duration: 25.299999999999997
tot_sleeping_duration: 3615526.304800004
tot_uptimes: 941
tot_uptimes_duration: 56418.913199995644
