comms_cons: 356.52747520253627
finished_reconf: true
global_termination_time: 3672860.72
local_termination_time: 2082414.5303599997
node_cons: 75537.49300111525
tot_aggregated_send: 51272
tot_msg_rcv: 823
tot_msg_sent: 2096
tot_reconf_duration: 13.17
tot_sleeping_duration: 3616460.7139200023
tot_uptimes: 941
tot_uptimes_duration: 56400.00607999787
