comms_cons: 366.89137282319837
finished_reconf: true
global_termination_time: 3674940.257
local_termination_time: 1865262.9385199982
node_cons: 75612.34394446661
tot_aggregated_send: 50982
tot_msg_rcv: 1564
tot_msg_sent: 3219
tot_reconf_duration: 9.11
tot_sleeping_duration: 3618480.232680009
tot_uptimes: 942
tot_uptimes_duration: 56460.02431999124
