comms_cons: 366.4462976240174
finished_reconf: true
global_termination_time: 3678070.725
local_termination_time: 738726.3614799998
node_cons: 75604.15517005042
tot_aggregated_send: 51388
tot_msg_rcv: 1454
tot_msg_sent: 2856
tot_reconf_duration: 3.05
tot_sleeping_duration: 3621610.6702800207
tot_uptimes: 942
tot_uptimes_duration: 56460.05471997919
