comms_cons: 107.20273919500355
finished_reconf: true
global_termination_time: 1035943.996
local_termination_time: 4610.21
node_cons: 21298.185435677064
tot_aggregated_send: 13566
tot_msg_rcv: 1052
tot_msg_sent: 1678
tot_reconf_duration: 5.87
tot_sleeping_duration: 1020043.9108800023
tot_uptimes: 266
tot_uptimes_duration: 15900.085119997788
