comms_cons: 106.37776639061454
finished_reconf: true
global_termination_time: 1035637.93
local_termination_time: 7147.497
node_cons: 21295.757317906133
tot_aggregated_send: 13336
tot_msg_rcv: 911
tot_msg_sent: 1921
tot_reconf_duration: 4.07
tot_sleeping_duration: 1019737.8327200104
tot_uptimes: 266
tot_uptimes_duration: 15900.097279989626
