comms_cons: 43.876684800112
finished_reconf: true
global_termination_time: 456077.972
local_termination_time: 4300.932000000001
node_cons: 9323.209801120303
tot_aggregated_send: 6318
tot_msg_rcv: 59
tot_msg_sent: 292
tot_reconf_duration: 2.77
tot_sleeping_duration: 449117.96591999975
tot_uptimes: 117
tot_uptimes_duration: 6960.0060800002175
