comms_cons: 282.9121792193108
finished_reconf: true
global_termination_time: 2813950.586
local_termination_time: 945573.0975999999
node_cons: 57851.36454447128
tot_aggregated_send: 39208
tot_msg_rcv: 1237
tot_msg_sent: 2556
tot_reconf_duration: 4.8100000000000005
tot_sleeping_duration: 2770750.561680006
tot_uptimes: 721
tot_uptimes_duration: 43200.024319994205
