comms_cons: 186.14758399603377
finished_reconf: true
global_termination_time: 1897101.488
local_termination_time: 1151351.0635599995
node_cons: 38999.25739999984
tot_aggregated_send: 27318
tot_msg_rcv: 301
tot_msg_sent: 674
tot_reconf_duration: 25.299999999999997
tot_sleeping_duration: 1868001.488
tot_uptimes: 486
tot_uptimes_duration: 29100.0
