comms_cons: 189.8960767840309
finished_reconf: true
global_termination_time: 1896216.906
local_termination_time: 1089804.9053599997
node_cons: 38973.40374781757
tot_aggregated_send: 25578
tot_msg_rcv: 1015
tot_msg_sent: 2271
tot_reconf_duration: 6.22
tot_sleeping_duration: 1867116.8634400165
tot_uptimes: 486
tot_uptimes_duration: 29100.04255998344
