comms_cons: 141.63162881344155
finished_reconf: true
global_termination_time: 293978.24648000015
local_termination_time: 1935.5080400000015
node_cons: 17732.070950559813
tot_aggregated_send: 0
tot_msg_rcv: 8767
tot_msg_sent: 12758
tot_reconf_duration: 18.21
tot_sleeping_duration: 280753.9434400003
tot_uptimes: 215
tot_uptimes_duration: 13224.30303999984
