comms_cons: 422.05019527288704
finished_reconf: true
global_termination_time: 4172013.709
local_termination_time: 2128531.444
node_cons: 85835.35556342118
tot_aggregated_send: 57824
tot_msg_rcv: 2218
tot_msg_sent: 4105
tot_reconf_duration: 22.65
tot_sleeping_duration: 4107932.606040012
tot_uptimes: 1069
tot_uptimes_duration: 64081.10295998771
