comms_cons: 422.4635904754988
finished_reconf: true
global_termination_time: 4171294.559
local_termination_time: 232520.355
node_cons: 85827.46119661364
tot_aggregated_send: 57587
tot_msg_rcv: 2262
tot_msg_sent: 4364
tot_reconf_duration: 13.17
tot_sleeping_duration: 4107209.737240018
tot_uptimes: 1069
tot_uptimes_duration: 64084.821759981976
