comms_cons: 418.80597125300284
finished_reconf: true
global_termination_time: 4174053.616
local_termination_time: 2259450.6953600002
node_cons: 85823.6963678176
tot_aggregated_send: 58290
tot_msg_rcv: 1715
tot_msg_sent: 3651
tot_reconf_duration: 15.110000000000001
tot_sleeping_duration: 4109973.5734400153
tot_uptimes: 1069
tot_uptimes_duration: 64080.042559984606
