comms_cons: 421.6429568732231
finished_reconf: true
global_termination_time: 4170943.766
local_termination_time: 1711094.8018399987
node_cons: 85811.61560670029
tot_aggregated_send: 57536
tot_msg_rcv: 2138
tot_msg_sent: 4411
tot_reconf_duration: 6.22
tot_sleeping_duration: 4106863.7295200126
tot_uptimes: 1069
tot_uptimes_duration: 64080.03647998697
