comms_cons: 182.70401919360575
finished_reconf: true
global_termination_time: 1842415.082
local_termination_time: 837597.0643599998
node_cons: 37847.51393999974
tot_aggregated_send: 26622
tot_msg_rcv: 456
tot_msg_sent: 691
tot_reconf_duration: 5.43
tot_sleeping_duration: 1814155.082
tot_uptimes: 472
tot_uptimes_duration: 28260.0
