comms_cons: 107.80023677887772
finished_reconf: true
global_termination_time: 887717.5202400001
local_termination_time: 59138.36648000001
node_cons: 18288.07291861343
tot_aggregated_send: 5800
tot_msg_rcv: 4258
tot_msg_sent: 6336
tot_reconf_duration: 18.21
tot_sleeping_duration: 874077.9804800199
tot_uptimes: 228
tot_uptimes_duration: 13639.53975998015
