comms_cons: 88.63498239932262
finished_reconf: true
global_termination_time: 891505.654
local_termination_time: 138008.0522000002
node_cons: 18335.404860000042
tot_aggregated_send: 12702
tot_msg_rcv: 316
tot_msg_sent: 454
tot_reconf_duration: 13.17
tot_sleeping_duration: 877825.654
tot_uptimes: 229
tot_uptimes_duration: 13680.0
