comms_cons: 87.7204735983518
finished_reconf: true
global_termination_time: 888719.264
local_termination_time: 208724.75336000003
node_cons: 18241.36264000001
tot_aggregated_send: 12528
tot_msg_rcv: 283
tot_msg_sent: 522
tot_reconf_duration: 3.08
tot_sleeping_duration: 875099.264
tot_uptimes: 228
tot_uptimes_duration: 13620.0
