comms_cons: 88.52971519903338
finished_reconf: true
global_termination_time: 889664.163
local_termination_time: 77635.5231999996
node_cons: 18241.32190000001
tot_aggregated_send: 12528
tot_msg_rcv: 347
tot_msg_sent: 581
tot_reconf_duration: 3.05
tot_sleeping_duration: 876044.163
tot_uptimes: 228
tot_uptimes_duration: 13620.0
