comms_cons: 223.3623935935483
finished_reconf: true
global_termination_time: 2275683.166
local_termination_time: 1074270.1384799997
node_cons: 46775.76485999934
tot_aggregated_send: 32944
tot_msg_rcv: 274
tot_msg_sent: 731
tot_reconf_duration: 13.17
tot_sleeping_duration: 2240763.166
tot_uptimes: 583
tot_uptimes_duration: 34920.0
