comms_cons: 363.14511330850155
finished_reconf: true
global_termination_time: 2271804.05
local_termination_time: 877522.1145999999
node_cons: 46684.149749089425
tot_aggregated_send: 0
tot_msg_rcv: 28091
tot_msg_sent: 27105
tot_reconf_duration: 4.8100000000000005
tot_sleeping_duration: 2236943.9919200223
tot_uptimes: 582
tot_uptimes_duration: 34860.05807997752
