comms_cons: 223.00856319261646
finished_reconf: true
global_termination_time: 2274966.274
local_termination_time: 1240005.860999999
node_cons: 46783.2745999997
tot_aggregated_send: 32480
tot_msg_rcv: 444
tot_msg_sent: 972
tot_reconf_duration: 18.700000000000003
tot_sleeping_duration: 2240046.274
tot_uptimes: 583
tot_uptimes_duration: 34920.0
