comms_cons: 224.52240639087015
finished_reconf: true
global_termination_time: 2272884.927
local_termination_time: 1092845.04936
node_cons: 46772.75009999969
tot_aggregated_send: 32712
tot_msg_rcv: 436
tot_msg_sent: 978
tot_reconf_duration: 10.95
tot_sleeping_duration: 2237964.927
tot_uptimes: 583
tot_uptimes_duration: 34920.0
