comms_cons: 230.535500790595
finished_reconf: true
global_termination_time: 2275477.532
local_termination_time: 152623.40136000008
node_cons: 46763.906748938716
tot_aggregated_send: 30798
tot_msg_rcv: 1389
tot_msg_sent: 2854
tot_reconf_duration: 4.390000000000001
tot_sleeping_duration: 2240557.4833600153
tot_uptimes: 583
tot_uptimes_duration: 34920.04863998451
