comms_cons: 226.7721599763321
finished_reconf: true
global_termination_time: 2272291.505
local_termination_time: 969448.4755999978
node_cons: 46682.892570214455
tot_aggregated_send: 29754
tot_msg_rcv: 1625
tot_msg_sent: 3089
tot_reconf_duration: 3.05
tot_sleeping_duration: 2237430.6008400186
tot_uptimes: 582
tot_uptimes_duration: 34860.90415998129
