comms_cons: 13.876787199598878
finished_reconf: true
global_termination_time: 120582.117
local_termination_time: 94891.91947999969
node_cons: 2420.852124476615
tot_aggregated_send: 1160
tot_msg_rcv: 368
tot_msg_sent: 582
tot_reconf_duration: 7.819999999999999
tot_sleeping_duration: 118782.09268000253
tot_uptimes: 31
tot_uptimes_duration: 1800.0243199974648
