comms_cons: 62.705670404511686
finished_reconf: true
global_termination_time: 269904.1597200001
local_termination_time: 269904.1186000001
node_cons: 5612.8534560159105
tot_aggregated_send: 0
tot_msg_rcv: 5481
tot_msg_sent: 4051
tot_reconf_duration: 37.410000000000004
tot_sleeping_duration: 265750.2757199882
tot_uptimes: 70
tot_uptimes_duration: 4153.884000011873
