comms_cons: 130.8104448102477
finished_reconf: true
global_termination_time: 269904.6774800002
local_termination_time: 2723.0154800000023
node_cons: 16465.151409403497
tot_aggregated_send: 0
tot_msg_rcv: 8025
tot_msg_sent: 11856
tot_reconf_duration: 18.21
tot_sleeping_duration: 257626.5428799976
tot_uptimes: 203
tot_uptimes_duration: 12278.134600002597
