comms_cons: 29.13928960008751
finished_reconf: true
global_termination_time: 271372.605
local_termination_time: 31287.14932
node_cons: 5564.00380336316
tot_aggregated_send: 3364
tot_msg_rcv: 435
tot_msg_sent: 629
tot_reconf_duration: 15.110000000000001
tot_sleeping_duration: 267232.5867599976
tot_uptimes: 70
tot_uptimes_duration: 4140.018240002355
