comms_cons: 27.560268800170878
finished_reconf: true
global_termination_time: 272615.943
local_termination_time: 104524.5692799998
node_cons: 5559.628341121447
tot_aggregated_send: 3654
tot_msg_rcv: 197
tot_msg_sent: 338
tot_reconf_duration: 11.899999999999999
tot_sleeping_duration: 268475.93691999896
tot_uptimes: 70
tot_uptimes_duration: 4140.006080001069
