comms_cons: 68.85515519883214
finished_reconf: true
global_termination_time: 689978.047999999
local_termination_time: 689978.0068799991
node_cons: 14221.148103117845
tot_aggregated_send: 9614
tot_msg_rcv: 240
tot_msg_sent: 610
tot_reconf_duration: 24.59
tot_sleeping_duration: 679382.2639200006
tot_uptimes: 177
tot_uptimes_duration: 10595.784079998368
