comms_cons: 386.55268485321454
finished_reconf: true
global_termination_time: 690064.816
local_termination_time: 329442.1664800001
node_cons: 68362.83003630574
tot_aggregated_send: 0
tot_msg_rcv: 26714
tot_msg_sent: 32042
tot_reconf_duration: 15.34
tot_sleeping_duration: 639025.2354799799
tot_uptimes: 821
tot_uptimes_duration: 51039.58052002019
