comms_cons: 66.9711936010036
finished_reconf: true
global_termination_time: 692998.433
local_termination_time: 340272.0154000003
node_cons: 14227.12208224285
tot_aggregated_send: 9280
tot_msg_rcv: 316
tot_msg_sent: 582
tot_reconf_duration: 5.1
tot_sleeping_duration: 682378.4208399978
tot_uptimes: 178
tot_uptimes_duration: 10620.012160002138
