comms_cons: 54.69946880063194
finished_reconf: true
global_termination_time: 553854.23
local_termination_time: 423733.75108000013
node_cons: 11334.882082242844
tot_aggregated_send: 7714
tot_msg_rcv: 221
tot_msg_sent: 379
tot_reconf_duration: 5.1
tot_sleeping_duration: 545394.2178399978
tot_uptimes: 142
tot_uptimes_duration: 8460.012160002138
