comms_cons: 138.16977920007034
finished_reconf: true
global_termination_time: 1424199.738
local_termination_time: 930961.43436
node_cons: 29252.288240000085
tot_aggregated_send: 20822
tot_msg_rcv: 56
tot_msg_sent: 123
tot_reconf_duration: 6.279999999999999
tot_sleeping_duration: 1402359.738
tot_uptimes: 365
tot_uptimes_duration: 21840.0
