comms_cons: 139.86620159795277
finished_reconf: true
global_termination_time: 1426029.338
local_termination_time: 327441.1475600007
node_cons: 29365.477187840945
tot_aggregated_send: 20764
tot_msg_rcv: 130
tot_msg_sent: 365
tot_reconf_duration: 25.299999999999997
tot_sleeping_duration: 1404124.0954399994
tot_uptimes: 366
tot_uptimes_duration: 21905.242560000683
