comms_cons: 141.16915199643773
finished_reconf: true
global_termination_time: 1427314.88
local_termination_time: 123236.96435999998
node_cons: 29339.458980000065
tot_aggregated_send: 20532
tot_msg_rcv: 352
tot_msg_sent: 572
tot_reconf_duration: 11.31
tot_sleeping_duration: 1405414.88
tot_uptimes: 366
tot_uptimes_duration: 21900.0
