comms_cons: 49.4018175998625
finished_reconf: true
global_termination_time: 11275.035240000003
local_termination_time: 2715.4372800000056
node_cons: 5067.382023800083
tot_aggregated_send: 0
tot_msg_rcv: 3862
tot_msg_sent: 3646
tot_reconf_duration: 18.21
tot_sleeping_duration: 7509.051039999945
tot_uptimes: 53
tot_uptimes_duration: 3765.984200000058
