comms_cons: 2.2632447999947507
finished_reconf: true
global_termination_time: 12689.552
local_termination_time: 4560.71136
node_cons: 261.8517200000002
tot_aggregated_send: 0
tot_msg_rcv: 181
tot_msg_sent: 162
tot_reconf_duration: 15.34
tot_sleeping_duration: 12509.552
tot_uptimes: 4
tot_uptimes_duration: 180.00000000000003
