comms_cons: 2.228326399992061
finished_reconf: true
global_termination_time: 12848.106
local_termination_time: 6829.29636
node_cons: 258.17154000000016
tot_aggregated_send: 0
tot_msg_rcv: 175
tot_msg_sent: 163
tot_reconf_duration: 12.629999999999999
tot_sleeping_duration: 12668.106
tot_uptimes: 4
tot_uptimes_duration: 180.0
