comms_cons: 132.78761599134018
finished_reconf: true
global_termination_time: 614040.2134399986
local_termination_time: 614040.2134399986
node_cons: 12710.388092377014
tot_aggregated_send: 0
tot_msg_rcv: 10991
tot_msg_sent: 9195
tot_reconf_duration: 24.59
tot_sleeping_duration: 604572.7041999858
tot_uptimes: 158
tot_uptimes_duration: 9467.509240012689
