comms_cons: 187.40193279132234
finished_reconf: true
global_termination_time: 1886394.915
local_termination_time: 474582.83564000035
node_cons: 38811.14579999976
tot_aggregated_send: 27144
tot_msg_rcv: 474
tot_msg_sent: 866
tot_reconf_duration: 5.1
tot_sleeping_duration: 1857414.915
tot_uptimes: 484
tot_uptimes_duration: 28980.0
