comms_cons: 192.66529277968613
finished_reconf: true
global_termination_time: 1888854.933
local_termination_time: 475048.3890000005
node_cons: 38808.427028934515
tot_aggregated_send: 25752
tot_msg_rcv: 1260
tot_msg_sent: 2272
tot_reconf_duration: 3.05
tot_sleeping_duration: 1859874.884360019
tot_uptimes: 484
tot_uptimes_duration: 28980.048639981076
