comms_cons: 193.14353277648942
finished_reconf: true
global_termination_time: 1886936.046
local_termination_time: 574420.9163599998
node_cons: 38819.6278267007
tot_aggregated_send: 25520
tot_msg_rcv: 1342
tot_msg_sent: 2494
tot_reconf_duration: 11.31
tot_sleeping_duration: 1857956.0095200143
tot_uptimes: 484
tot_uptimes_duration: 28980.036479985807
