comms_cons: 192.75802878101672
finished_reconf: true
global_termination_time: 1887231.021
local_termination_time: 516657.56348000007
node_cons: 38811.64278670079
tot_aggregated_send: 25462
tot_msg_rcv: 1277
tot_msg_sent: 2560
tot_reconf_duration: 5.43
tot_sleeping_duration: 1858250.9845200141
tot_uptimes: 484
tot_uptimes_duration: 28980.036479985807
