comms_cons: 60.06809599888453
finished_reconf: true
global_termination_time: 591914.79
local_termination_time: 445316.56136000005
node_cons: 12162.114982233716
tot_aggregated_send: 8062
tot_msg_rcv: 391
tot_msg_sent: 677
tot_reconf_duration: 22.65
tot_sleeping_duration: 582854.7778400048
tot_uptimes: 152
tot_uptimes_duration: 9060.012159995269
