comms_cons: 60.13496960067018
finished_reconf: true
global_termination_time: 587629.1074799999
local_termination_time: 32523.699560000005
node_cons: 12076.71824320565
tot_aggregated_send: 7830
tot_msg_rcv: 432
tot_msg_sent: 877
tot_reconf_duration: 4.8100000000000005
tot_sleeping_duration: 578614.7786799957
tot_uptimes: 151
tot_uptimes_duration: 9014.328800004208
