comms_cons: 44.699712000718776
finished_reconf: true
global_termination_time: 440564.951
local_termination_time: 146960.987
node_cons: 9002.93285544565
tot_aggregated_send: 5856
tot_msg_rcv: 299
tot_msg_sent: 639
tot_reconf_duration: 3.05
tot_sleeping_duration: 433844.42003999575
tot_uptimes: 113
tot_uptimes_duration: 6720.530960004224
