comms_cons: 44.73918720078076
finished_reconf: true
global_termination_time: 441701.444
local_termination_time: 110828.28635999998
node_cons: 9093.80340336432
tot_aggregated_send: 6090
tot_msg_rcv: 253
tot_msg_sent: 457
tot_reconf_duration: 11.31
tot_sleeping_duration: 434921.4257599968
tot_uptimes: 114
tot_uptimes_duration: 6780.018240003206
