comms_cons: 61.6740480007802
finished_reconf: true
global_termination_time: 617899.09624
local_termination_time: 157386.07836000004
node_cons: 12743.538561602913
tot_aggregated_send: 8410
tot_msg_rcv: 339
tot_msg_sent: 624
tot_reconf_duration: 22.65
tot_sleeping_duration: 608404.8618399978
tot_uptimes: 159
tot_uptimes_duration: 9494.23440000217
