comms_cons: 62.95761920034234
finished_reconf: true
global_termination_time: 617898.858759999
local_termination_time: 617898.8176399991
node_cons: 12772.229486003094
tot_aggregated_send: 8280
tot_msg_rcv: 384
tot_msg_sent: 906
tot_reconf_duration: 24.59
tot_sleeping_duration: 608385.1647599968
tot_uptimes: 159
tot_uptimes_duration: 9513.694000002288
