comms_cons: 75.3615551974844
finished_reconf: true
global_termination_time: 756175.708
local_termination_time: 559718.7953599999
node_cons: 15520.97897999994
tot_aggregated_send: 10672
tot_msg_rcv: 270
tot_msg_sent: 512
tot_reconf_duration: 11.31
tot_sleeping_duration: 744595.708
tot_uptimes: 194
tot_uptimes_duration: 11580.0
