comms_cons: 1.6513791999945442
finished_reconf: true
global_termination_time: 14887.389
local_termination_time: 10305.52536
node_cons: 246.98161999999923
tot_aggregated_send: 0
tot_msg_rcv: 128
tot_msg_sent: 123
tot_reconf_duration: 4.390000000000001
tot_sleeping_duration: 14707.389
tot_uptimes: 4
tot_uptimes_duration: 180.0
