comms_cons: 164.56741118846043
finished_reconf: true
global_termination_time: 1623032.8974799998
local_termination_time: 1623032.8563599999
node_cons: 33392.9005065503
tot_aggregated_send: 22374
tot_msg_rcv: 942
tot_msg_sent: 1699
tot_reconf_duration: 24.59
tot_sleeping_duration: 1598119.1504400072
tot_uptimes: 416
tot_uptimes_duration: 24913.74703999273
