comms_cons: 158.6038015968816
finished_reconf: true
global_termination_time: 1626482.245
local_termination_time: 967025.9380799986
node_cons: 33427.409761116876
tot_aggregated_send: 23142
tot_msg_rcv: 343
tot_msg_sent: 622
tot_reconf_duration: 4.390000000000001
tot_sleeping_duration: 1601522.2389200025
tot_uptimes: 417
tot_uptimes_duration: 24960.006079997635
