comms_cons: 194.02060799216193
finished_reconf: true
global_termination_time: 1954528.277
local_termination_time: 794814.6769999991
node_cons: 40204.35739999979
tot_aggregated_send: 28188
tot_msg_rcv: 514
tot_msg_sent: 788
tot_reconf_duration: 25.299999999999997
tot_sleeping_duration: 1924528.277
tot_uptimes: 501
tot_uptimes_duration: 30000.0
