comms_cons: 199.52838397873631
finished_reconf: true
global_termination_time: 1955234.712
local_termination_time: 514784.21848000004
node_cons: 40179.68672753754
tot_aggregated_send: 26448
tot_msg_rcv: 1318
tot_msg_sent: 2562
tot_reconf_duration: 6.22
tot_sleeping_duration: 1925233.7859600165
tot_uptimes: 501
tot_uptimes_duration: 30000.92603998346
