comms_cons: 13.21761279960928
finished_reconf: true
global_termination_time: 112792.897
local_termination_time: 67337.91235999997
node_cons: 2274.2817444766138
tot_aggregated_send: 1044
tot_msg_rcv: 398
tot_msg_sent: 567
tot_reconf_duration: 18.21
tot_sleeping_duration: 111112.87268000253
tot_uptimes: 29
tot_uptimes_duration: 1680.0243199974648
