comms_cons: 14.699967999551799
finished_reconf: true
global_termination_time: 111452.087
local_termination_time: 62849.13960000002
node_cons: 2256.4865055957544
tot_aggregated_send: 638
tot_msg_rcv: 601
tot_msg_sent: 995
tot_reconf_duration: 5.1
tot_sleeping_duration: 109772.05660000317
tot_uptimes: 29
tot_uptimes_duration: 1680.030399996831
