comms_cons: 12.947865599733356
finished_reconf: true
global_termination_time: 111790.288
local_termination_time: 67322.67211999971
node_cons: 2283.8936822382866
tot_aggregated_send: 928
tot_msg_rcv: 365
tot_msg_sent: 675
tot_reconf_duration: 25.299999999999997
tot_sleeping_duration: 110110.27584000127
tot_uptimes: 29
tot_uptimes_duration: 1680.0121599987324
