comms_cons: 12.809702399750467
finished_reconf: true
global_termination_time: 111587.178
local_termination_time: 68184.11111999971
node_cons: 2256.0682622382988
tot_aggregated_send: 986
tot_msg_rcv: 323
tot_msg_sent: 638
tot_reconf_duration: 4.8100000000000005
tot_sleeping_duration: 109907.16584000127
tot_uptimes: 29
tot_uptimes_duration: 1680.0121599987324
