comms_cons: 12.41495039980868
finished_reconf: true
global_termination_time: 110304.714
local_termination_time: 95881.33135999997
node_cons: 2255.4897611191504
tot_aggregated_send: 1102
tot_msg_rcv: 264
tot_msg_sent: 521
tot_reconf_duration: 4.390000000000001
tot_sleeping_duration: 108624.70792000064
tot_uptimes: 29
tot_uptimes_duration: 1680.0060799993662
