comms_cons: 29.97546240069181
finished_reconf: true
global_termination_time: 286997.934
local_termination_time: 131238.49636000005
node_cons: 5869.01892224285
tot_aggregated_send: 3596
tot_msg_rcv: 322
tot_msg_sent: 638
tot_reconf_duration: 3.08
tot_sleeping_duration: 282617.92183999787
tot_uptimes: 74
tot_uptimes_duration: 4380.0121600021375
