comms_cons: 54.6014080014174
finished_reconf: true
global_termination_time: 536195.82
local_termination_time: 179170.60260000007
node_cons: 11037.346841121438
tot_aggregated_send: 7192
tot_msg_rcv: 371
tot_msg_sent: 737
tot_reconf_duration: 22.65
tot_sleeping_duration: 527975.8139199989
tot_uptimes: 138
tot_uptimes_duration: 8220.006080001069
