comms_cons: 55.95176320112779
finished_reconf: true
global_termination_time: 533411.408
local_termination_time: 270809.13036
node_cons: 10939.064924485714
tot_aggregated_send: 6728
tot_msg_rcv: 616
tot_msg_sent: 1160
tot_reconf_duration: 9.42
tot_sleeping_duration: 525251.3836799958
tot_uptimes: 137
tot_uptimes_duration: 8160.024320004275
