comms_cons: 53.2652032007626
finished_reconf: true
global_termination_time: 531855.192
local_termination_time: 338630.3895200004
node_cons: 10942.400199999967
tot_aggregated_send: 7482
tot_msg_rcv: 233
tot_msg_sent: 381
tot_reconf_duration: 11.899999999999999
tot_sleeping_duration: 523695.19200000004
tot_uptimes: 137
tot_uptimes_duration: 8160.0
