comms_cons: 53.278361601002096
finished_reconf: true
global_termination_time: 534059.815
local_termination_time: 288396.25340000034
node_cons: 10934.694901121407
tot_aggregated_send: 7308
tot_msg_rcv: 268
tot_msg_sent: 522
tot_reconf_duration: 6.22
tot_sleeping_duration: 525899.8089199988
tot_uptimes: 137
tot_uptimes_duration: 8160.006080001069
