comms_cons: 1129.4123516357113
finished_reconf: true
global_termination_time: 2518276.816
local_termination_time: 665765.4439199993
node_cons: 153187.13397222402
tot_aggregated_send: 0
tot_msg_rcv: 69288
tot_msg_sent: 102376
tot_reconf_duration: 18.21
tot_sleeping_duration: 2403891.151480038
tot_uptimes: 1883
tot_uptimes_duration: 114385.6645199619
