comms_cons: 251.56229120941524
finished_reconf: true
global_termination_time: 2516521.944
local_termination_time: 1022813.54936
node_cons: 51755.120199999255
tot_aggregated_send: 35612
tot_msg_rcv: 895
tot_msg_sent: 1729
tot_reconf_duration: 11.899999999999999
tot_sleeping_duration: 2477881.944
tot_uptimes: 645
tot_uptimes_duration: 38640.0
