comms_cons: 220.9032191954974
finished_reconf: true
global_termination_time: 2246008.751
local_termination_time: 1410706.9623599988
node_cons: 46213.38485999937
tot_aggregated_send: 32364
tot_msg_rcv: 385
tot_msg_sent: 827
tot_reconf_duration: 13.17
tot_sleeping_duration: 2211508.751
tot_uptimes: 576
tot_uptimes_duration: 34500.0
