comms_cons: 28.29056000004902
finished_reconf: true
global_termination_time: 287277.238
local_termination_time: 31573.352360000004
node_cons: 5873.34824000001
tot_aggregated_send: 4118
tot_msg_rcv: 71
tot_msg_sent: 111
tot_reconf_duration: 6.279999999999999
tot_sleeping_duration: 282897.238
tot_uptimes: 74
tot_uptimes_duration: 4380.0
