comms_cons: 581.0416384386475
finished_reconf: true
global_termination_time: 6024251.923
local_termination_time: 3017792.4162
node_cons: 123892.82452223042
tot_aggregated_send: 83114
tot_msg_rcv: 1922
tot_msg_sent: 3278
tot_reconf_duration: 6.279999999999999
tot_sleeping_duration: 5931731.910840005
tot_uptimes: 1543
tot_uptimes_duration: 92520.0121599955
