comms_cons: 218.20159358132872
finished_reconf: true
global_termination_time: 2162475.482
local_termination_time: 440098.96836000006
node_cons: 44434.986505583685
tot_aggregated_send: 30044
tot_msg_rcv: 1088
tot_msg_sent: 2033
tot_reconf_duration: 5.1
tot_sleeping_duration: 2129295.451600012
tot_uptimes: 554
tot_uptimes_duration: 33180.03039998817
