comms_cons: 215.32468478691425
finished_reconf: true
global_termination_time: 2166446.405
local_termination_time: 1390234.8914799998
node_cons: 44516.83932446683
tot_aggregated_send: 30392
tot_msg_rcv: 766
tot_msg_sent: 1571
tot_reconf_duration: 6.22
tot_sleeping_duration: 2133206.3806800093
tot_uptimes: 555
tot_uptimes_duration: 33240.02431999054
