comms_cons: 2.382297599991419
finished_reconf: true
global_termination_time: 15763.72
local_termination_time: 7859.9713600000005
node_cons: 346.08918000000006
tot_aggregated_send: 0
tot_msg_rcv: 202
tot_msg_sent: 161
tot_reconf_duration: 18.21
tot_sleeping_duration: 15523.72
tot_uptimes: 5
tot_uptimes_duration: 240.0
