comms_cons: 772.3340289950082
finished_reconf: true
global_termination_time: 7736559.377
local_termination_time: 2248255.1973599996
node_cons: 159174.44499004833
tot_aggregated_send: 107184
tot_msg_rcv: 3592
tot_msg_sent: 6612
tot_reconf_duration: 15.34
tot_sleeping_duration: 7617699.3222800195
tot_uptimes: 1982
tot_uptimes_duration: 118860.05471998057
