comms_cons: 772.5986945699826
finished_reconf: true
global_termination_time: 7739014.958
local_termination_time: 3770693.879239999
node_cons: 159160.52278781438
tot_aggregated_send: 107590
tot_msg_rcv: 3322
tot_msg_sent: 6516
tot_reconf_duration: 5.1
tot_sleeping_duration: 7620154.915440015
tot_uptimes: 1982
tot_uptimes_duration: 118860.04255998484
