comms_cons: 764.1023361383551
finished_reconf: true
global_termination_time: 7736161.608
local_termination_time: 4109276.3883599997
node_cons: 159164.56692557977
tot_aggregated_send: 108634
tot_msg_rcv: 2578
tot_msg_sent: 4927
tot_reconf_duration: 8.09
tot_sleeping_duration: 7617301.577600011
tot_uptimes: 1982
tot_uptimes_duration: 118860.0303999891
