comms_cons: 760.8324737184598
finished_reconf: true
global_termination_time: 7735999.477
local_termination_time: 5354424.9785199985
node_cons: 159168.4263822291
tot_aggregated_send: 107880
tot_msg_rcv: 2588
tot_msg_sent: 5174
tot_reconf_duration: 10.95
tot_sleeping_duration: 7617139.464840004
tot_uptimes: 1982
tot_uptimes_duration: 118860.01215999573
