comms_cons: 758.6361536579521
finished_reconf: true
global_termination_time: 7738033.754
local_termination_time: 5557230.076959998
node_cons: 159169.70019999382
tot_aggregated_send: 111824
tot_msg_rcv: 1127
tot_msg_sent: 2357
tot_reconf_duration: 11.899999999999999
tot_sleeping_duration: 7619173.754
tot_uptimes: 1982
tot_uptimes_duration: 118860.0
