comms_cons: 219.60774399890514
finished_reconf: true
global_termination_time: 2211954.477
local_termination_time: 136231.91036000004
node_cons: 45493.27986112092
tot_aggregated_send: 31958
tot_msg_rcv: 564
tot_msg_sent: 857
tot_reconf_duration: 15.34
tot_sleeping_duration: 2177994.470919999
tot_uptimes: 567
tot_uptimes_duration: 33960.00608000107
