comms_cons: 46.435993600840995
finished_reconf: true
global_termination_time: 467639.0222400002
local_termination_time: 143824.54348000052
node_cons: 9606.961962724516
tot_aggregated_send: 5742
tot_msg_rcv: 530
tot_msg_sent: 785
tot_reconf_duration: 18.21
tot_sleeping_duration: 460482.7617599968
tot_uptimes: 120
tot_uptimes_duration: 7156.260480003373
