comms_cons: 45.732019200252296
finished_reconf: true
global_termination_time: 467638.6434800001
local_termination_time: 467638.6023600001
node_cons: 9607.648779841555
tot_aggregated_send: 6775
tot_msg_rcv: 52
tot_msg_sent: 123
tot_reconf_duration: 21.23
tot_sleeping_duration: 460484.93291999894
tot_uptimes: 120
tot_uptimes_duration: 7153.710560001142
