comms_cons: 45.73201919993298
finished_reconf: true
global_termination_time: 470047.744
local_termination_time: 348603.2460800002
node_cons: 9647.33198000001
tot_aggregated_send: 6612
tot_msg_rcv: 131
tot_msg_sent: 208
tot_reconf_duration: 4.8100000000000005
tot_sleeping_duration: 462847.744
tot_uptimes: 121
tot_uptimes_duration: 7200.0
