comms_cons: 45.53464320017569
finished_reconf: true
global_termination_time: 469579.839
local_termination_time: 243472.08744000067
node_cons: 9644.941899999996
tot_aggregated_send: 6554
tot_msg_rcv: 135
tot_msg_sent: 232
tot_reconf_duration: 3.05
tot_sleeping_duration: 462379.839
tot_uptimes: 121
tot_uptimes_duration: 7200.0
