comms_cons: 37.93566720011755
finished_reconf: true
global_termination_time: 400798.149
local_termination_time: 270041.25236
node_cons: 8200.64161999995
tot_aggregated_send: 5684
tot_msg_rcv: 16
tot_msg_sent: 66
tot_reconf_duration: 4.390000000000001
tot_sleeping_duration: 394678.149
tot_uptimes: 103
tot_uptimes_duration: 6120.0
