comms_cons: 32.29729280032034
finished_reconf: true
global_termination_time: 313954.579
local_termination_time: 95060.81491999983
node_cons: 6435.736381121436
tot_aggregated_send: 4234
tot_msg_rcv: 271
tot_msg_sent: 404
tot_reconf_duration: 6.279999999999999
tot_sleeping_duration: 309154.57291999896
tot_uptimes: 81
tot_uptimes_duration: 4800.006080001069
