comms_cons: 371.90672609460256
finished_reconf: true
global_termination_time: 1896032.1778399998
local_termination_time: 307.17203999999947
node_cons: 39006.19347224066
tot_aggregated_send: 0
tot_msg_rcv: 28391
tot_msg_sent: 28135
tot_reconf_duration: 13.17
tot_sleeping_duration: 1866914.6956799992
tot_uptimes: 486
tot_uptimes_duration: 29117.482160000654
