comms_cons: 188.63238398813058
finished_reconf: true
global_termination_time: 1897448.932
local_termination_time: 1419820.1175599995
node_cons: 38972.282081116486
tot_aggregated_send: 26390
tot_msg_rcv: 772
tot_msg_sent: 1509
tot_reconf_duration: 5.43
tot_sleeping_duration: 1868348.9259200024
tot_uptimes: 486
tot_uptimes_duration: 29100.006079997605
