comms_cons: 134.20972799860857
finished_reconf: true
global_termination_time: 1365332.206
local_termination_time: 327308.9923600001
node_cons: 28059.49172000008
tot_aggregated_send: 19952
tot_msg_rcv: 171
tot_msg_sent: 276
tot_reconf_duration: 15.34
tot_sleeping_duration: 1344392.206
tot_uptimes: 350
tot_uptimes_duration: 20940.0
