comms_cons: 140.25829758467643
finished_reconf: true
global_termination_time: 1366262.446
local_termination_time: 287291.282
node_cons: 28096.262222132944
tot_aggregated_send: 18268
tot_msg_rcv: 1064
tot_msg_sent: 1986
tot_reconf_duration: 22.65
tot_sleeping_duration: 1345302.3985600201
tot_uptimes: 350
tot_uptimes_duration: 20960.04743997974
