comms_cons: 0.7368704000016431
finished_reconf: true
global_termination_time: 5066.086
local_termination_time: 1472.7923600000004
node_cons: 87.71394000000008
tot_aggregated_send: 0
tot_msg_rcv: 59
tot_msg_sent: 53
tot_reconf_duration: 5.43
tot_sleeping_duration: 5006.086
tot_uptimes: 2
tot_uptimes_duration: 60.0
