comms_cons: 59.40360960430124
finished_reconf: true
global_termination_time: 489587.581
local_termination_time: 21489.30748
node_cons: 10067.400143544357
tot_aggregated_send: 3538
tot_msg_rcv: 2111
tot_msg_sent: 3386
tot_reconf_duration: 18.21
tot_sleeping_duration: 482087.45331998187
tot_uptimes: 126
tot_uptimes_duration: 7500.127680018188
