comms_cons: 50.11439360133016
finished_reconf: true
global_termination_time: 491299.002
local_termination_time: 99481.82735999995
node_cons: 10076.881823364289
tot_aggregated_send: 6380
tot_msg_rcv: 444
tot_msg_sent: 793
tot_reconf_duration: 25.299999999999997
tot_sleeping_duration: 483798.9837599968
tot_uptimes: 126
tot_uptimes_duration: 7500.018240003206
