comms_cons: 109.44029438919053
finished_reconf: true
global_termination_time: 1069220.492
local_termination_time: 448048.54248000006
node_cons: 21945.27279118213
tot_aggregated_send: 13572
tot_msg_rcv: 913
tot_msg_sent: 2151
tot_reconf_duration: 9.11
tot_sleeping_duration: 1052840.4312000135
tot_uptimes: 274
tot_uptimes_duration: 16380.060799986648
