comms_cons: 106.96388479539513
finished_reconf: true
global_termination_time: 1070700.519
local_termination_time: 479341.59036000003
node_cons: 22029.328341121407
tot_aggregated_send: 14732
tot_msg_rcv: 407
tot_msg_sent: 1118
tot_reconf_duration: 11.899999999999999
tot_sleeping_duration: 1054260.5129199992
tot_uptimes: 275
tot_uptimes_duration: 16440.00608000106
