comms_cons: 104.96284159846155
finished_reconf: true
global_termination_time: 1068477.406
local_termination_time: 802822.7923599998
node_cons: 21938.789761121483
tot_aggregated_send: 14790
tot_msg_rcv: 340
tot_msg_sent: 823
tot_reconf_duration: 4.390000000000001
tot_sleeping_duration: 1052097.3999199988
tot_uptimes: 274
tot_uptimes_duration: 16380.006080001069
