comms_cons: 45.43595520053314
finished_reconf: true
global_termination_time: 447792.774
local_termination_time: 8418.357480000002
node_cons: 9165.300121119164
tot_aggregated_send: 6032
tot_msg_rcv: 297
tot_msg_sent: 577
tot_reconf_duration: 4.8100000000000005
tot_sleeping_duration: 440952.76792000065
tot_uptimes: 115
tot_uptimes_duration: 6840.006079999366
