comms_cons: 45.383321600278165
finished_reconf: true
global_termination_time: 446816.162
local_termination_time: 117794.91559999996
node_cons: 9184.162741121458
tot_aggregated_send: 6090
tot_msg_rcv: 300
tot_msg_sent: 508
tot_reconf_duration: 18.700000000000003
tot_sleeping_duration: 439976.15591999894
tot_uptimes: 115
tot_uptimes_duration: 6840.006080001069
