comms_cons: 45.23713280074716
finished_reconf: true
global_termination_time: 444540.726
local_termination_time: 300759.8343600001
node_cons: 9099.268002242907
tot_aggregated_send: 5974
tot_msg_rcv: 330
tot_msg_sent: 571
tot_reconf_duration: 15.34
tot_sleeping_duration: 437760.7138399979
tot_uptimes: 114
tot_uptimes_duration: 6780.0121600021375
