comms_cons: 279.34144637552413
finished_reconf: true
global_termination_time: 2824226.449
local_termination_time: 184932.10760000008
node_cons: 58116.70081676064
tot_aggregated_send: 37700
tot_msg_rcv: 1623
tot_msg_sent: 3134
tot_reconf_duration: 22.65
tot_sleeping_duration: 2780846.3578000288
tot_uptimes: 724
tot_uptimes_duration: 43380.091199971386
