comms_cons: 276.6428287946624
finished_reconf: true
global_termination_time: 2825380.859
local_termination_time: 1459947.78636
node_cons: 58120.18554111585
tot_aggregated_send: 40774
tot_msg_rcv: 483
tot_msg_sent: 791
tot_reconf_duration: 25.299999999999997
tot_sleeping_duration: 2782000.852920003
tot_uptimes: 724
tot_uptimes_duration: 43380.006079997635
