comms_cons: 280.56340480702835
finished_reconf: true
global_termination_time: 2822688.6384799997
local_termination_time: 2822688.5973599995
node_cons: 58057.24794207354
tot_aggregated_send: 40296
tot_msg_rcv: 772
tot_msg_sent: 1575
tot_reconf_duration: 24.59
tot_sleeping_duration: 2779354.9157600035
tot_uptimes: 723
tot_uptimes_duration: 43333.72271999618
