comms_cons: 489.3996864820534
finished_reconf: true
global_termination_time: 4879904.945119997
local_termination_time: 89331.599
node_cons: 100423.93109845373
tot_aggregated_send: 68148
tot_msg_rcv: 2166
tot_msg_sent: 4071
tot_reconf_duration: 22.65
tot_sleeping_duration: 4804928.714800014
tot_uptimes: 1250
tot_uptimes_duration: 74976.23031998251
