comms_cons: 76.8633599955828
finished_reconf: true
global_termination_time: 734510.2244799999
local_termination_time: 734510.1833599999
node_cons: 15173.162631037205
tot_aggregated_send: 9486
tot_msg_rcv: 779
tot_msg_sent: 1419
tot_reconf_duration: 37.410000000000004
tot_sleeping_duration: 723216.4531200019
tot_uptimes: 189
tot_uptimes_duration: 11293.771359997889
