comms_cons: 77.35788799509993
finished_reconf: true
global_termination_time: 735342.499
local_termination_time: 10837.706479999999
node_cons: 15110.9190700791
tot_aggregated_send: 9454
tot_msg_rcv: 839
tot_msg_sent: 1464
tot_reconf_duration: 5.1
tot_sleeping_duration: 724062.4442800006
tot_uptimes: 189
tot_uptimes_duration: 11280.054719999316
