comms_cons: 73.59555839987638
finished_reconf: true
global_termination_time: 734819.53
local_termination_time: 415075.48836
node_cons: 15120.088341121407
tot_aggregated_send: 10324
tot_msg_rcv: 291
tot_msg_sent: 572
tot_reconf_duration: 11.899999999999999
tot_sleeping_duration: 723539.523919999
tot_uptimes: 189
tot_uptimes_duration: 11280.006080001069
