comms_cons: 250.4444543940248
finished_reconf: true
global_termination_time: 2467063.18848
local_termination_time: 2467063.14736
node_cons: 50763.798913251376
tot_aggregated_send: 33788
tot_msg_rcv: 1469
tot_msg_sent: 2809
tot_reconf_duration: 37.410000000000004
tot_sleeping_duration: 2429189.4049600204
tot_uptimes: 632
tot_uptimes_duration: 37873.78351997939
