comms_cons: 246.09497600471386
finished_reconf: true
global_termination_time: 2468947.38
local_termination_time: 754169.1701999985
node_cons: 50795.39937999925
tot_aggregated_send: 35554
tot_msg_rcv: 763
tot_msg_sent: 1088
tot_reconf_duration: 15.110000000000001
tot_sleeping_duration: 2431027.38
tot_uptimes: 633
tot_uptimes_duration: 37920.0
