comms_cons: 245.7909375993184
finished_reconf: true
global_termination_time: 2468591.266
local_termination_time: 948319.1853599999
node_cons: 50792.031539999276
tot_aggregated_send: 35090
tot_msg_rcv: 714
tot_msg_sent: 1555
tot_reconf_duration: 12.629999999999999
tot_sleeping_duration: 2430671.266
tot_uptimes: 633
tot_uptimes_duration: 37920.0
