comms_cons: 96.20889599431355
finished_reconf: true
global_termination_time: 954617.8
local_termination_time: 212108.6977200001
node_cons: 19611.569651186743
tot_aggregated_send: 12180
tot_msg_rcv: 865
tot_msg_sent: 1580
tot_reconf_duration: 6.279999999999999
tot_sleeping_duration: 939977.73920001
tot_uptimes: 245
tot_uptimes_duration: 14640.060799990082
