comms_cons: 95.30629119799565
finished_reconf: true
global_termination_time: 955528.02
local_termination_time: 479516.6472400005
node_cons: 19637.325541116847
tot_aggregated_send: 12934
tot_msg_rcv: 526
tot_msg_sent: 1026
tot_reconf_duration: 25.299999999999997
tot_sleeping_duration: 940888.0139200024
tot_uptimes: 245
tot_uptimes_duration: 14640.006079997635
