comms_cons: 96.62871039326185
finished_reconf: true
global_termination_time: 952912.714
local_termination_time: 521435.9041200005
node_cons: 19610.382786710208
tot_aggregated_send: 12412
tot_msg_rcv: 760
tot_msg_sent: 1515
tot_reconf_duration: 5.43
tot_sleeping_duration: 938272.6775200074
tot_uptimes: 245
tot_uptimes_duration: 14640.036479992676
