comms_cons: 107.09621759583135
finished_reconf: true
global_termination_time: 1059677.694
local_termination_time: 750293.2446799994
node_cons: 21778.11790223831
tot_aggregated_send: 14152
tot_msg_rcv: 745
tot_msg_sent: 1381
tot_reconf_duration: 4.390000000000001
tot_sleeping_duration: 1043417.6818400013
tot_uptimes: 272
tot_uptimes_duration: 16260.012159998703
