comms_cons: 0.6628224000000456
finished_reconf: true
global_termination_time: 6592.117
local_termination_time: 109.2000400000002
node_cons: 88.86823999999999
tot_aggregated_send: 0
tot_msg_rcv: 46
tot_msg_sent: 54
tot_reconf_duration: 6.279999999999999
tot_sleeping_duration: 6532.117
tot_uptimes: 2
tot_uptimes_duration: 60.0
