comms_cons: 31.714431999642343
finished_reconf: true
global_termination_time: 158247.61660000018
local_termination_time: 2696.6963600000004
node_cons: 3258.890328400247
tot_aggregated_send: 0
tot_msg_rcv: 2497
tot_msg_sent: 2320
tot_reconf_duration: 18.21
tot_sleeping_duration: 155832.261
tot_uptimes: 41
tot_uptimes_duration: 2415.3556000001845
