comms_cons: 31.16567039979481
finished_reconf: true
global_termination_time: 161584.08
local_termination_time: 502.35303999999945
node_cons: 3324.6987000000017
tot_aggregated_send: 0
tot_msg_rcv: 2377
tot_msg_sent: 2360
tot_reconf_duration: 22.65
tot_sleeping_duration: 159124.08
tot_uptimes: 42
tot_uptimes_duration: 2460.0
