comms_cons: 16.211148799931003
finished_reconf: true
global_termination_time: 161986.909
local_termination_time: 36106.05860000002
node_cons: 3304.559560000001
tot_aggregated_send: 2262
tot_msg_rcv: 93
tot_msg_sent: 109
tot_reconf_duration: 7.819999999999999
tot_sleeping_duration: 159526.909
tot_uptimes: 42
tot_uptimes_duration: 2460.0
