comms_cons: 116.826854392404
finished_reconf: true
global_termination_time: 1143292.696
local_termination_time: 69196.07559999995
node_cons: 23490.08754671256
tot_aggregated_send: 15486
tot_msg_rcv: 832
tot_msg_sent: 1439
tot_reconf_duration: 22.65
tot_sleeping_duration: 1125772.6595200056
tot_uptimes: 293
tot_uptimes_duration: 17520.036479994407
