comms_cons: 173.99912959214518
finished_reconf: true
global_termination_time: 1747948.7959199992
local_termination_time: 1747948.7547999993
node_cons: 35996.73521382637
tot_aggregated_send: 24798
tot_msg_rcv: 517
tot_msg_sent: 1131
tot_reconf_duration: 37.410000000000004
tot_sleeping_duration: 1721103.4393600095
tot_uptimes: 448
tot_uptimes_duration: 26845.35655998988
