comms_cons: 173.4981503947837
finished_reconf: true
global_termination_time: 1752333.191
local_termination_time: 591772.3287999994
node_cons: 36026.67739999997
tot_aggregated_send: 25172
tot_msg_rcv: 410
tot_msg_sent: 788
tot_reconf_duration: 25.299999999999997
tot_sleeping_duration: 1725453.191
tot_uptimes: 449
tot_uptimes_duration: 26880.0
