comms_cons: 180.16606718227402
finished_reconf: true
global_termination_time: 1751398.901
local_termination_time: 284391.3297200011
node_cons: 35996.55145230352
tot_aggregated_send: 23432
tot_msg_rcv: 1386
tot_msg_sent: 2567
tot_reconf_duration: 3.05
tot_sleeping_duration: 1724518.8341200124
tot_uptimes: 449
tot_uptimes_duration: 26880.066879987717
