comms_cons: 622.6304389839947
finished_reconf: true
global_termination_time: 3162214.983
local_termination_time: 608.0413599999999
node_cons: 65019.838026701225
tot_aggregated_send: 0
tot_msg_rcv: 47715
tot_msg_sent: 46920
tot_reconf_duration: 18.21
tot_sleeping_duration: 3113674.9465200133
tot_uptimes: 810
tot_uptimes_duration: 48540.03647998697
