comms_cons: 315.058534408162
finished_reconf: true
global_termination_time: 3159223.625
local_termination_time: 2525038.42048
node_cons: 65029.44182334921
tot_aggregated_send: 43384
tot_msg_rcv: 1455
tot_msg_sent: 3047
tot_reconf_duration: 25.299999999999997
tot_sleeping_duration: 3110683.606760007
tot_uptimes: 810
tot_uptimes_duration: 48540.01823999314
