comms_cons: 313.6988159981455
finished_reconf: true
global_termination_time: 3158456.824
local_termination_time: 1688294.61836
node_cons: 64925.738784466426
tot_aggregated_send: 43848
tot_msg_rcv: 1256
tot_msg_sent: 2576
tot_reconf_duration: 8.09
tot_sleeping_duration: 3109976.7996800095
tot_uptimes: 809
tot_uptimes_duration: 48480.02431999077
