comms_cons: 315.8231168122474
finished_reconf: true
global_termination_time: 3158597.462
local_termination_time: 656557.2342399989
node_cons: 64931.95295117222
tot_aggregated_send: 44312
tot_msg_rcv: 1249
tot_msg_sent: 2441
tot_reconf_duration: 12.629999999999999
tot_sleeping_duration: 3110117.4012000193
tot_uptimes: 809
tot_uptimes_duration: 48480.060799980245
