comms_cons: 282.1551808129059
finished_reconf: false
global_termination_time: 2808613.788
local_termination_time: 0
node_cons: 57844.79999999896
tot_aggregated_send: 39266
tot_msg_rcv: 1124
tot_msg_sent: 2496
tot_reconf_duration: 0
tot_sleeping_duration: 2765413.788
tot_uptimes: 720
tot_uptimes_duration: 43200.0
