comms_cons: 282.1592192133419
finished_reconf: false
global_termination_time: 2809134.869
local_termination_time: 0
node_cons: 57844.80814111611
tot_aggregated_send: 39498
tot_msg_rcv: 1124
tot_msg_sent: 2263
tot_reconf_duration: 0
tot_sleeping_duration: 2765934.862920002
tot_uptimes: 720
tot_uptimes_duration: 43200.00607999787
