comms_cons: 285.2806912129704
finished_reconf: false
global_termination_time: 2811022.959
local_termination_time: 0
node_cons: 57844.79999999896
tot_aggregated_send: 38686
tot_msg_rcv: 1601
tot_msg_sent: 3074
tot_reconf_duration: 0
tot_sleeping_duration: 2767822.959
tot_uptimes: 720
tot_uptimes_duration: 43200.0
