comms_cons: 285.7577152399906
finished_reconf: true
global_termination_time: 2810893.849
local_termination_time: 621657.4253999993
node_cons: 57851.38082670067
tot_aggregated_send: 38686
tot_msg_rcv: 1667
tot_msg_sent: 3080
tot_reconf_duration: 4.8100000000000005
tot_sleeping_duration: 2767693.8125200137
tot_uptimes: 720
tot_uptimes_duration: 43200.03647998627
