comms_cons: 552.6607227441724
finished_reconf: true
global_termination_time: 1895051.576
local_termination_time: 153811.18784000014
node_cons: 77426.68397699844
tot_aggregated_send: 0
tot_msg_rcv: 28138
tot_msg_sent: 55863
tot_reconf_duration: 13.17
tot_sleeping_duration: 1837240.6729999997
tot_uptimes: 959
tot_uptimes_duration: 57810.903000000195
