comms_cons: 375.8973564907336
finished_reconf: true
global_termination_time: 1895453.113
local_termination_time: 153803.1867200001
node_cons: 38973.42003006047
tot_aggregated_send: 0
tot_msg_rcv: 28996
tot_msg_sent: 28139
tot_reconf_duration: 6.22
tot_sleeping_duration: 1866353.0582800144
tot_uptimes: 486
tot_uptimes_duration: 29100.05471998558
