comms_cons: 190.09940478501701
finished_reconf: true
global_termination_time: 1894039.603
local_termination_time: 795320.4683199995
node_cons: 38972.31464558385
tot_aggregated_send: 25926
tot_msg_rcv: 989
tot_msg_sent: 1979
tot_reconf_duration: 5.43
tot_sleeping_duration: 1864939.5726000117
tot_uptimes: 486
tot_uptimes_duration: 29100.030399988173
