comms_cons: 74.45680639990704
finished_reconf: true
global_termination_time: 745107.647
local_termination_time: 477548.90664000035
node_cons: 15270.56976111679
tot_aggregated_send: 10266
tot_msg_rcv: 414
tot_msg_sent: 637
tot_reconf_duration: 4.390000000000001
tot_sleeping_duration: 733707.6409200024
tot_uptimes: 191
tot_uptimes_duration: 11400.006079997635
