comms_cons: 908.6735634610111
finished_reconf: true
global_termination_time: 4622428.500599997
local_termination_time: 176.63303999999997
node_cons: 95087.55917510032
tot_aggregated_send: 0
tot_msg_rcv: 69497
tot_msg_sent: 68616
tot_reconf_duration: 18.21
tot_sleeping_duration: 4551433.10852001
tot_uptimes: 1184
tot_uptimes_duration: 70995.39207998727
