comms_cons: 92.4186496030165
finished_reconf: true
global_termination_time: 192941.0671600004
local_termination_time: 2664.327040000001
node_cons: 11558.511828961397
tot_aggregated_send: 0
tot_msg_rcv: 5741
tot_msg_sent: 8305
tot_reconf_duration: 18.21
tot_sleeping_duration: 184327.33851999938
tot_uptimes: 142
tot_uptimes_duration: 8613.728640001033
