comms_cons: 128.722956793283
finished_reconf: true
global_termination_time: 1279828.2414799999
local_termination_time: 1279828.20036
node_cons: 26335.16180095353
tot_aggregated_send: 17631
tot_msg_rcv: 612
tot_msg_sent: 1323
tot_reconf_duration: 33.59
tot_sleeping_duration: 1260194.5248400047
tot_uptimes: 328
tot_uptimes_duration: 19633.71663999511
