comms_cons: 18.646022399783725
finished_reconf: true
global_termination_time: 154118.666
local_termination_time: 34346.34
node_cons: 3142.052826397461
tot_aggregated_send: 1392
tot_msg_rcv: 684
tot_msg_sent: 760
tot_reconf_duration: 6.279999999999999
tot_sleeping_duration: 151778.46840000188
tot_uptimes: 40
tot_uptimes_duration: 2340.197599998104
