comms_cons: 18.355622399569086
finished_reconf: true
global_termination_time: 155207.456
local_termination_time: 19709.504680000002
node_cons: 3167.6499644777455
tot_aggregated_send: 1392
tot_msg_rcv: 659
tot_msg_sent: 738
tot_reconf_duration: 25.299999999999997
tot_sleeping_duration: 152867.4316800017
tot_uptimes: 40
tot_uptimes_duration: 2340.024319998316
