comms_cons: 17.611641599886013
finished_reconf: true
global_termination_time: 153187.605
local_termination_time: 88331.52647999996
node_cons: 3151.1611422383016
tot_aggregated_send: 1450
tot_msg_rcv: 531
tot_msg_sent: 697
tot_reconf_duration: 13.17
tot_sleeping_duration: 150847.59284000128
tot_uptimes: 40
tot_uptimes_duration: 2340.0121599987324
