comms_cons: 15.389375999623951
finished_reconf: true
global_termination_time: 155836.837
local_termination_time: 19112.327360000003
node_cons: 3164.043123358312
tot_aggregated_send: 1508
tot_msg_rcv: 306
tot_msg_sent: 526
tot_reconf_duration: 22.65
tot_sleeping_duration: 153496.81876000128
tot_uptimes: 40
tot_uptimes_duration: 2340.018239998737
