comms_cons: 16.08019199962468
finished_reconf: true
global_termination_time: 154248.549
local_termination_time: 90412.2954799994
node_cons: 3137.4263233574393
tot_aggregated_send: 1798
tot_msg_rcv: 237
tot_msg_sent: 409
tot_reconf_duration: 3.05
tot_sleeping_duration: 151908.5307600019
tot_uptimes: 40
tot_uptimes_duration: 2340.0182399980986
