comms_cons: 16.242060799741154
finished_reconf: true
global_termination_time: 153131.56
local_termination_time: 9071.361359999999
node_cons: 3141.747465598037
tot_aggregated_send: 1276
tot_msg_rcv: 474
tot_msg_sent: 718
tot_reconf_duration: 6.22
tot_sleeping_duration: 150791.52960000146
tot_uptimes: 40
tot_uptimes_duration: 2340.0303999985335
