comms_cons: 170.34927359177306
finished_reconf: true
global_termination_time: 1712574.0214799999
local_termination_time: 1712573.98036
node_cons: 35240.7286476728
tot_aggregated_send: 24230
tot_msg_rcv: 488
tot_msg_sent: 1174
tot_reconf_duration: 24.59
tot_sleeping_duration: 1686280.2683600052
tot_uptimes: 439
tot_uptimes_duration: 26293.753119994653
