comms_cons: 174.69256318232883
finished_reconf: true
global_termination_time: 1713064.574
local_termination_time: 163429.28128000078
node_cons: 35218.35731821994
tot_aggregated_send: 23142
tot_msg_rcv: 1147
tot_msg_sent: 2263
tot_reconf_duration: 18.21
tot_sleeping_duration: 1686781.057840015
tot_uptimes: 439
tot_uptimes_duration: 26283.51615998507
