comms_cons: 173.7061631837159
finished_reconf: true
global_termination_time: 1713287.047
local_termination_time: 602304.4216799985
node_cons: 35195.50082670109
tot_aggregated_send: 23432
tot_msg_rcv: 992
tot_msg_sent: 1978
tot_reconf_duration: 4.8100000000000005
tot_sleeping_duration: 1687007.010520014
tot_uptimes: 439
tot_uptimes_duration: 26280.036479985865
