comms_cons: 14.81698559973921
finished_reconf: true
global_termination_time: 129346.53747999968
local_termination_time: 129346.49635999968
node_cons: 2738.166042957875
tot_aggregated_send: 1450
tot_msg_rcv: 307
tot_msg_sent: 495
tot_reconf_duration: 24.59
tot_sleeping_duration: 127326.54284000126
tot_uptimes: 34
tot_uptimes_duration: 2019.9946399984183
