comms_cons: 14.461081599786542
finished_reconf: true
global_termination_time: 130944.285
local_termination_time: 12655.56136
node_cons: 2657.197902239442
tot_aggregated_send: 1508
tot_msg_rcv: 286
tot_msg_sent: 404
tot_reconf_duration: 4.390000000000001
tot_sleeping_duration: 128964.27284000043
tot_uptimes: 34
tot_uptimes_duration: 1980.0121599995837
