comms_cons: 0.6973951999996275
finished_reconf: true
global_termination_time: 5907.974
local_termination_time: 506.2565999999991
node_cons: 100.8593800000001
tot_aggregated_send: 0
tot_msg_rcv: 58
tot_msg_sent: 46
tot_reconf_duration: 15.110000000000001
tot_sleeping_duration: 5847.974
tot_uptimes: 2
tot_uptimes_duration: 60.00000000000006
