comms_cons: 99.8675391974631
finished_reconf: true
global_termination_time: 998197.7944799998
local_termination_time: 998197.7533599999
node_cons: 20555.901925441536
tot_aggregated_send: 13778
tot_msg_rcv: 401
tot_msg_sent: 1001
tot_reconf_duration: 37.410000000000004
tot_sleeping_duration: 982884.0535199987
tot_uptimes: 256
tot_uptimes_duration: 15313.740960001116
