comms_cons: 99.53477119795525
finished_reconf: true
global_termination_time: 1001875.559
local_termination_time: 304714.7303600001
node_cons: 20587.871720000065
tot_aggregated_send: 13456
tot_msg_rcv: 545
tot_msg_sent: 1127
tot_reconf_duration: 15.34
tot_sleeping_duration: 986515.559
tot_uptimes: 257
tot_uptimes_duration: 15360.0
