comms_cons: 98.08271359559883
finished_reconf: true
global_termination_time: 1002060.196
local_termination_time: 426690.08348000003
node_cons: 20584.957424476535
tot_aggregated_send: 13282
tot_msg_rcv: 543
tot_msg_sent: 1083
tot_reconf_duration: 13.17
tot_sleeping_duration: 986700.1716800026
tot_uptimes: 257
tot_uptimes_duration: 15360.024319997407
