comms_cons: 96.81950719888016
finished_reconf: true
global_termination_time: 998291.873
local_termination_time: 347863.34500000044
node_cons: 20493.24012111686
tot_aggregated_send: 13514
tot_msg_rcv: 368
tot_msg_sent: 834
tot_reconf_duration: 4.8100000000000005
tot_sleeping_duration: 982991.8669200024
tot_uptimes: 256
tot_uptimes_duration: 15300.006079997635
