comms_cons: 100.72134399476325
finished_reconf: true
global_termination_time: 1000648.746
local_termination_time: 246855.18836000003
node_cons: 20577.700265602558
tot_aggregated_send: 12876
tot_msg_rcv: 912
tot_msg_sent: 1520
tot_reconf_duration: 7.819999999999999
tot_sleeping_duration: 985288.7155999981
tot_uptimes: 257
tot_uptimes_duration: 15360.03040000191
