comms_cons: 149.019929563992
finished_reconf: true
global_termination_time: 998977.656
local_termination_time: 301670.47032000014
node_cons: 20495.21188895764
tot_aggregated_send: 0
tot_msg_rcv: 11674
tot_msg_sent: 10974
tot_reconf_duration: 6.22
tot_sleeping_duration: 983677.6073600018
tot_uptimes: 256
tot_uptimes_duration: 15300.048639998247
