comms_cons: 96.1030655979845
finished_reconf: true
global_termination_time: 998551.172
local_termination_time: 367565.6300800006
node_cons: 20502.09154448115
tot_aggregated_send: 12876
tot_msg_rcv: 577
tot_msg_sent: 1154
tot_reconf_duration: 11.31
tot_sleeping_duration: 983251.1476799992
tot_uptimes: 256
tot_uptimes_duration: 15300.02432000084
