comms_cons: 99.56492799888692
finished_reconf: true
global_termination_time: 1002601.162
local_termination_time: 370309.146
node_cons: 20574.446504476546
tot_aggregated_send: 13392
tot_msg_rcv: 628
tot_msg_sent: 1114
tot_reconf_duration: 5.43
tot_sleeping_duration: 987241.1376800026
tot_uptimes: 257
tot_uptimes_duration: 15360.024319997407
