comms_cons: 2.711974399990414
finished_reconf: true
global_termination_time: 17778.578
local_termination_time: 2529.1317600000034
node_cons: 328.9240599999984
tot_aggregated_send: 0
tot_msg_rcv: 239
tot_msg_sent: 173
tot_reconf_duration: 5.57
tot_sleeping_duration: 17538.578
tot_uptimes: 5
tot_uptimes_duration: 240.0
