comms_cons: 2.9869567999945246
finished_reconf: true
global_termination_time: 14710.389
local_termination_time: 3992.9643600000004
node_cons: 251.63956000000022
tot_aggregated_send: 0
tot_msg_rcv: 284
tot_msg_sent: 170
tot_reconf_duration: 7.819999999999999
tot_sleeping_duration: 14530.389
tot_uptimes: 4
tot_uptimes_duration: 180.0
