comms_cons: 40.81077760097221
finished_reconf: true
global_termination_time: 403302.656
local_termination_time: 4179.621
node_cons: 8278.830506728595
tot_aggregated_send: 5390
tot_msg_rcv: 287
tot_msg_sent: 526
tot_reconf_duration: 2.77
tot_sleeping_duration: 397122.6195199936
tot_uptimes: 104
tot_uptimes_duration: 6180.036480006413
