comms_cons: 41.546086400366185
finished_reconf: true
global_termination_time: 399742.1442400009
local_termination_time: 399742.1031200009
node_cons: 8273.936982644987
tot_aggregated_send: 5277
tot_msg_rcv: 418
tot_msg_sent: 621
tot_reconf_duration: 44.779999999999994
tot_sleeping_duration: 393608.3684799972
tot_uptimes: 103
tot_uptimes_duration: 6133.7757600037
