comms_cons: 302.00501744364107
finished_reconf: true
global_termination_time: 1036173.081
local_termination_time: 316402.9228400006
node_cons: 42341.77563199954
tot_aggregated_send: 0
tot_msg_rcv: 15367
tot_msg_sent: 30536
tot_reconf_duration: 11.31
tot_sleeping_duration: 1004562.6130000001
tot_uptimes: 522
tot_uptimes_duration: 31610.46799999992
