comms_cons: 60.857599998975054
finished_reconf: true
global_termination_time: 620356.441
local_termination_time: 168705.43336000005
node_cons: 12701.292201120033
tot_aggregated_send: 8932
tot_msg_rcv: 90
tot_msg_sent: 228
tot_reconf_duration: 5.57
tot_sleeping_duration: 610876.4349199999
tot_uptimes: 159
tot_uptimes_duration: 9480.006080000005
