comms_cons: 62.2918656003256
finished_reconf: true
global_termination_time: 623811.241
local_termination_time: 18056.362040000004
node_cons: 12794.57938000002
tot_aggregated_send: 8700
tot_msg_rcv: 260
tot_msg_sent: 508
tot_reconf_duration: 15.110000000000001
tot_sleeping_duration: 614271.241
tot_uptimes: 160
tot_uptimes_duration: 9540.0
