comms_cons: 61.17998079860194
finished_reconf: true
global_termination_time: 621515.392
local_termination_time: 98679.17647999995
node_cons: 12778.201900000002
tot_aggregated_send: 9048
tot_msg_rcv: 79
tot_msg_sent: 172
tot_reconf_duration: 3.05
tot_sleeping_duration: 611975.392
tot_uptimes: 160
tot_uptimes_duration: 9540.0
