comms_cons: 141.6009087707427
finished_reconf: true
global_termination_time: 778593.253
local_termination_time: 489481.9613600001
node_cons: 15991.81004111692
tot_aggregated_send: 0
tot_msg_rcv: 10872
tot_msg_sent: 10650
tot_reconf_duration: 3.05
tot_sleeping_duration: 766653.2469200024
tot_uptimes: 200
tot_uptimes_duration: 11940.006079997635
