comms_cons: 381.2596800233862
finished_reconf: true
global_termination_time: 3821604.956
local_termination_time: 1770167.186119998
node_cons: 78585.09117926031
tot_aggregated_send: 52316
tot_msg_rcv: 1857
tot_msg_sent: 3774
tot_reconf_duration: 7.819999999999999
tot_sleeping_duration: 3762923.498480013
tot_uptimes: 979
tot_uptimes_duration: 58681.45751998667
