comms_cons: 10.763571200277402
finished_reconf: true
global_termination_time: 55646.33744000007
local_termination_time: 3574.4243600000004
node_cons: 1185.9319961600875
tot_aggregated_send: 0
tot_msg_rcv: 832
tot_msg_sent: 803
tot_reconf_duration: 22.65
tot_sleeping_duration: 54783.624
tot_uptimes: 15
tot_uptimes_duration: 862.713440000065
