comms_cons: 5.6712704000134675
finished_reconf: true
global_termination_time: 55646.6506400001
local_termination_time: 55631.336160000064
node_cons: 1183.5727529601336
tot_aggregated_send: 812
tot_msg_rcv: 28
tot_msg_sent: 22
tot_reconf_duration: 4.8100000000000005
tot_sleeping_duration: 54767.606
tot_uptimes: 15
tot_uptimes_duration: 879.0446400001019
