comms_cons: 910.1485432523397
finished_reconf: true
global_termination_time: 2182342.586
local_termination_time: 552603.0774799997
node_cons: 132743.64789416888
tot_aggregated_send: 0
tot_msg_rcv: 55809
tot_msg_sent: 82528
tot_reconf_duration: 18.21
tot_sleeping_duration: 2083224.6482000202
tot_uptimes: 1631
tot_uptimes_duration: 99117.93779997985
