comms_cons: 223.27636477802605
finished_reconf: true
global_termination_time: 2181826.136
local_termination_time: 1446387.03736
node_cons: 44837.34104781745
tot_aggregated_send: 29290
tot_msg_rcv: 1565
tot_msg_sent: 3081
tot_reconf_duration: 5.57
tot_sleeping_duration: 2148346.0934400163
tot_uptimes: 559
tot_uptimes_duration: 33480.04255998344
