comms_cons: 216.40423039462655
finished_reconf: true
global_termination_time: 2181532.157
local_termination_time: 1746882.2553599998
node_cons: 44850.24752111619
tot_aggregated_send: 31436
tot_msg_rcv: 542
tot_msg_sent: 914
tot_reconf_duration: 15.110000000000001
tot_sleeping_duration: 2148052.1509200027
tot_uptimes: 559
tot_uptimes_duration: 33480.006079997635
