comms_cons: 374.76532449468885
finished_reconf: true
global_termination_time: 2185980.952
local_termination_time: 553630.7473599999
node_cons: 44916.66525006029
tot_aggregated_send: 0
tot_msg_rcv: 29049
tot_msg_sent: 27914
tot_reconf_duration: 4.8100000000000005
tot_sleeping_duration: 2152440.8972800146
tot_uptimes: 560
tot_uptimes_duration: 33540.05471998558
