comms_cons: 217.19317759349184
finished_reconf: true
global_termination_time: 2183600.777
local_termination_time: 1435685.0578799979
node_cons: 44924.090774316704
tot_aggregated_send: 31262
tot_msg_rcv: 654
tot_msg_sent: 1097
tot_reconf_duration: 9.42
tot_sleeping_duration: 2150059.852120002
tot_uptimes: 560
tot_uptimes_duration: 33540.92487999797
