comms_cons: 220.29540477778121
finished_reconf: true
global_termination_time: 2180959.265
local_termination_time: 1454520.2657599992
node_cons: 44838.23188893415
tot_aggregated_send: 29638
tot_msg_rcv: 1451
tot_msg_sent: 2394
tot_reconf_duration: 6.22
tot_sleeping_duration: 2147479.216360019
tot_uptimes: 559
tot_uptimes_duration: 33480.048639981076
