comms_cons: 222.32334078298584
finished_reconf: true
global_termination_time: 2182217.965
local_termination_time: 649792.7904399994
node_cons: 44837.19977452317
tot_aggregated_send: 29058
tot_msg_rcv: 1471
tot_msg_sent: 3264
tot_reconf_duration: 5.43
tot_sleeping_duration: 2148737.885960027
tot_uptimes: 559
tot_uptimes_duration: 33480.079039972916
