comms_cons: 511.0149117304702
finished_reconf: true
global_termination_time: 1056806.7575599996
local_termination_time: 1056806.7164399996
node_cons: 64198.22757599029
tot_aggregated_send: 0
tot_msg_rcv: 31387
tot_msg_sent: 46284
tot_reconf_duration: 37.410000000000004
tot_sleeping_duration: 1008899.793560006
tot_uptimes: 785
tot_uptimes_duration: 47906.96399999365
