comms_cons: 105.33957119550905
finished_reconf: true
global_termination_time: 1058679.006
local_termination_time: 130992.80483999991
node_cons: 21806.49740000002
tot_aggregated_send: 15080
tot_msg_rcv: 317
tot_msg_sent: 614
tot_reconf_duration: 25.299999999999997
tot_sleeping_duration: 1042419.006
tot_uptimes: 272
tot_uptimes_duration: 16260.0
