comms_cons: 104.6290175981207
finished_reconf: true
global_termination_time: 1061330.231
local_termination_time: 584776.2073599999
node_cons: 21784.940501116922
tot_aggregated_send: 15312
tot_msg_rcv: 193
tot_msg_sent: 398
tot_reconf_duration: 9.42
tot_sleeping_duration: 1045070.2249200023
tot_uptimes: 272
tot_uptimes_duration: 16260.006079997635
