comms_cons: 28.7977856003401
finished_reconf: true
global_termination_time: 287431.875
local_termination_time: 195992.953
node_cons: 5871.368262242864
tot_aggregated_send: 3706
tot_msg_rcv: 147
tot_msg_sent: 524
tot_reconf_duration: 4.8100000000000005
tot_sleeping_duration: 283051.86283999786
tot_uptimes: 74
tot_uptimes_duration: 4380.0121600021375
