comms_cons: 28.501094400230723
finished_reconf: true
global_termination_time: 283172.9926000002
local_termination_time: 44322.35780000006
node_cons: 5812.355158400274
tot_aggregated_send: 3886
tot_msg_rcv: 154
tot_msg_sent: 292
tot_reconf_duration: 4.390000000000001
tot_sleeping_duration: 278836.627
tot_uptimes: 73
tot_uptimes_duration: 4336.365600000194
