comms_cons: 287.06889599226184
finished_reconf: true
global_termination_time: 2818433.697
local_termination_time: 363601.1263600001
node_cons: 57929.412157872954
tot_aggregated_send: 37526
tot_msg_rcv: 1966
tot_msg_sent: 4140
tot_reconf_duration: 3.05
tot_sleeping_duration: 2775173.5997200347
tot_uptimes: 722
tot_uptimes_duration: 43260.09727996559
