comms_cons: 136.8749311905537
finished_reconf: true
global_termination_time: 1344788.6034799998
local_termination_time: 1344788.5623599999
node_cons: 27688.760506557242
tot_aggregated_send: 18372
tot_msg_rcv: 850
tot_msg_sent: 1583
tot_reconf_duration: 24.59
tot_sleeping_duration: 1324134.8564400019
tot_uptimes: 345
tot_uptimes_duration: 20653.7470399979
