comms_cons: 135.5440767932715
finished_reconf: true
global_termination_time: 1345358.577
local_termination_time: 159607.70620000016
node_cons: 27661.72988559339
tot_aggregated_send: 18618
tot_msg_rcv: 715
tot_msg_sent: 1268
tot_reconf_duration: 18.21
tot_sleeping_duration: 1324718.546600005
tot_uptimes: 345
tot_uptimes_duration: 20640.03039999504
