comms_cons: 132.49850879298705
finished_reconf: true
global_termination_time: 1347315.84
local_termination_time: 67247.23159999994
node_cons: 27725.76304223371
tot_aggregated_send: 18502
tot_msg_rcv: 457
tot_msg_sent: 1180
tot_reconf_duration: 6.22
tot_sleeping_duration: 1326615.8278400048
tot_uptimes: 346
tot_uptimes_duration: 20700.01215999527
