comms_cons: 49.67296000365733
finished_reconf: true
global_termination_time: 258384.69920000073
local_termination_time: 37054.15360000001
node_cons: 5329.443094043828
tot_aggregated_send: 0
tot_msg_rcv: 3830
tot_msg_sent: 3720
tot_reconf_duration: 4.8100000000000005
tot_sleeping_duration: 254409.41083999787
tot_uptimes: 67
tot_uptimes_duration: 3975.288360002858
