comms_cons: 101.21441279622402
finished_reconf: true
global_termination_time: 1020921.739
local_termination_time: 544951.3743599999
node_cons: 20979.35956000012
tot_aggregated_send: 14500
tot_msg_rcv: 309
tot_msg_sent: 575
tot_reconf_duration: 7.819999999999999
tot_sleeping_duration: 1005261.739
tot_uptimes: 262
tot_uptimes_duration: 15660.0
