comms_cons: 198.8916927105119
finished_reconf: true
global_termination_time: 1523616.40224
local_termination_time: 34635.88004000016
node_cons: 31380.00102079896
tot_aggregated_send: 10962
tot_msg_rcv: 8169
tot_msg_sent: 11103
tot_reconf_duration: 18.21
tot_sleeping_duration: 1500199.4703200606
tot_uptimes: 391
tot_uptimes_duration: 23416.93191993946
