comms_cons: 150.3024511963196
finished_reconf: true
global_termination_time: 1523615.56
local_termination_time: 397073.36636000004
node_cons: 31350.3065400002
tot_aggregated_send: 22040
tot_msg_rcv: 283
tot_msg_sent: 522
tot_reconf_duration: 3.08
tot_sleeping_duration: 1500205.46
tot_uptimes: 391
tot_uptimes_duration: 23410.100000000097
