comms_cons: 151.36765439284943
finished_reconf: true
global_termination_time: 1525459.724
local_termination_time: 231790.7615600007
node_cons: 31353.119380000073
tot_aggregated_send: 21750
tot_msg_rcv: 457
tot_msg_sent: 800
tot_reconf_duration: 15.110000000000001
tot_sleeping_duration: 1502059.724
tot_uptimes: 391
tot_uptimes_duration: 23400.0
