comms_cons: 152.4407039938826
finished_reconf: true
global_termination_time: 1524541.744
local_termination_time: 291646.44736000005
node_cons: 31343.21956000006
tot_aggregated_send: 21808
tot_msg_rcv: 556
tot_msg_sent: 805
tot_reconf_duration: 7.819999999999999
tot_sleeping_duration: 1501141.744
tot_uptimes: 391
tot_uptimes_duration: 23400.0
