comms_cons: 81.5391616092831
finished_reconf: true
global_termination_time: 371886.6738400001
local_termination_time: 371886.6327200001
node_cons: 7684.3063912127645
tot_aggregated_send: 0
tot_msg_rcv: 6839
tot_msg_sent: 5556
tot_reconf_duration: 24.59
tot_sleeping_duration: 366172.77303999057
tot_uptimes: 96
tot_uptimes_duration: 5713.90080000952
