comms_cons: 37.179059200534695
finished_reconf: true
global_termination_time: 371887.1826800004
local_termination_time: 137604.33336000005
node_cons: 7690.265516641895
tot_aggregated_send: 5278
tot_msg_rcv: 142
tot_msg_sent: 230
tot_reconf_duration: 18.21
tot_sleeping_duration: 366162.36091999896
tot_uptimes: 96
tot_uptimes_duration: 5724.821760001418
