comms_cons: 36.514560000086924
finished_reconf: true
global_termination_time: 371887.5364000009
local_termination_time: 55985.38036000001
node_cons: 7729.9908556012315
tot_aggregated_send: 5452
tot_msg_rcv: 9
tot_msg_sent: 88
tot_reconf_duration: 15.34
tot_sleeping_duration: 366130.136
tot_uptimes: 96
tot_uptimes_duration: 5757.400400000915
