comms_cons: 37.27116800013634
finished_reconf: true
global_termination_time: 376083.314
local_termination_time: 55947.89936000001
node_cons: 7719.171980000006
tot_aggregated_send: 5336
tot_msg_rcv: 101
tot_msg_sent: 228
tot_reconf_duration: 4.8100000000000005
tot_sleeping_duration: 370323.314
tot_uptimes: 97
tot_uptimes_duration: 5760.0
