comms_cons: 108.21781761278646
finished_reconf: true
global_termination_time: 371887.1504800002
local_termination_time: 1431.9910400000015
node_cons: 15128.787559720273
tot_aggregated_send: 0
tot_msg_rcv: 5550
tot_msg_sent: 10897
tot_reconf_duration: 6.22
tot_sleeping_duration: 360594.887
tot_uptimes: 186
tot_uptimes_duration: 11292.263480000187
