comms_cons: 11.434649599884523
finished_reconf: true
global_termination_time: 103468.865
local_termination_time: 68563.44039999979
node_cons: 2119.6068411191627
tot_aggregated_send: 1044
tot_msg_rcv: 306
tot_msg_sent: 388
tot_reconf_duration: 22.65
tot_sleeping_duration: 101908.85892000064
tot_uptimes: 27
tot_uptimes_duration: 1560.0060799993662
