comms_cons: 11.22964479977618
finished_reconf: true
global_termination_time: 102027.812
local_termination_time: 66502.14735999996
node_cons: 2095.3801211191476
tot_aggregated_send: 1102
tot_msg_rcv: 253
tot_msg_sent: 351
tot_reconf_duration: 4.8100000000000005
tot_sleeping_duration: 100467.80592000064
tot_uptimes: 27
tot_uptimes_duration: 1560.0060799993662
