comms_cons: 204.42687998930592
finished_reconf: true
global_termination_time: 2058060.468
local_termination_time: 864683.4490399983
node_cons: 42356.33153999964
tot_aggregated_send: 29232
tot_msg_rcv: 623
tot_msg_sent: 1217
tot_reconf_duration: 12.629999999999999
tot_sleeping_duration: 2026440.468
tot_uptimes: 528
tot_uptimes_duration: 31620.0
