comms_cons: 204.44863999167504
finished_reconf: true
global_termination_time: 2059899.452
local_termination_time: 1039693.7263599999
node_cons: 42354.05824111641
tot_aggregated_send: 29580
tot_msg_rcv: 519
tot_msg_sent: 976
tot_reconf_duration: 10.95
tot_sleeping_duration: 2028279.4459200024
tot_uptimes: 528
tot_uptimes_duration: 31620.006079997635
