comms_cons: 213.53538557039013
finished_reconf: true
global_termination_time: 2058276.858
local_termination_time: 17032.907520000004
node_cons: 42343.46844012334
tot_aggregated_send: 27086
tot_msg_rcv: 1870
tot_msg_sent: 3502
tot_reconf_duration: 3.05
tot_sleeping_duration: 2026656.748560027
tot_uptimes: 528
tot_uptimes_duration: 31620.10943997289
