comms_cons: 209.46324477868217
finished_reconf: true
global_termination_time: 2056179.958
local_termination_time: 86551.94135999997
node_cons: 42269.55725342003
tot_aggregated_send: 27724
tot_msg_rcv: 1319
tot_msg_sent: 2794
tot_reconf_duration: 7.819999999999999
tot_sleeping_duration: 2024619.8850400147
tot_uptimes: 527
tot_uptimes_duration: 31560.07295998535
