comms_cons: 305.45308157346903
finished_reconf: true
global_termination_time: 635979.174
local_termination_time: 268532.0694800001
node_cons: 38206.43254759784
tot_aggregated_send: 0
tot_msg_rcv: 18891
tot_msg_sent: 27535
tot_reconf_duration: 18.21
tot_sleeping_duration: 607464.0856000015
tot_uptimes: 464
tot_uptimes_duration: 28515.08839999849
