comms_cons: 67.60785919925311
finished_reconf: true
global_termination_time: 636109.292
local_termination_time: 149302.6527600004
node_cons: 13026.180195690846
tot_aggregated_send: 8004
tot_msg_rcv: 867
tot_msg_sent: 1405
tot_reconf_duration: 8.09
tot_sleeping_duration: 626389.2068799919
tot_uptimes: 163
tot_uptimes_duration: 9720.085120008094
