comms_cons: 65.17401600127874
finished_reconf: true
global_termination_time: 637090.506
local_termination_time: 433685.1897600004
node_cons: 13108.220501121426
tot_aggregated_send: 8642
tot_msg_rcv: 458
tot_msg_sent: 807
tot_reconf_duration: 9.42
tot_sleeping_duration: 627310.4999199989
tot_uptimes: 164
tot_uptimes_duration: 9780.006080001069
