comms_cons: 128.6634623966413
finished_reconf: true
global_termination_time: 1314983.854
local_termination_time: 6130.8589999999995
node_cons: 27013.029281119194
tot_aggregated_send: 18836
tot_msg_rcv: 203
tot_msg_sent: 517
tot_reconf_duration: 13.83
tot_sleeping_duration: 1294823.8479200006
tot_uptimes: 337
tot_uptimes_duration: 20160.006079999366
