comms_cons: 128.82896639465238
finished_reconf: true
global_termination_time: 1315031.454
local_termination_time: 7467.443
node_cons: 27007.02692112005
tot_aggregated_send: 18434
tot_msg_rcv: 393
tot_msg_sent: 754
tot_reconf_duration: 9.41
tot_sleeping_duration: 1294871.44792
tot_uptimes: 337
tot_uptimes_duration: 20160.006080000006
