comms_cons: 118.26769919842964
finished_reconf: true
global_termination_time: 1221419.477
local_termination_time: 216497.96436000007
node_cons: 25072.041620000058
tot_aggregated_send: 17284
tot_msg_rcv: 243
tot_msg_sent: 449
tot_reconf_duration: 4.390000000000001
tot_sleeping_duration: 1202699.477
tot_uptimes: 313
tot_uptimes_duration: 18720.0
