comms_cons: 119.16904960002624
finished_reconf: true
global_termination_time: 1223067.642
local_termination_time: 239687.1359600006
node_cons: 25161.778980000036
tot_aggregated_send: 17458
tot_msg_rcv: 199
tot_msg_sent: 456
tot_reconf_duration: 11.31
tot_sleeping_duration: 1204287.642
tot_uptimes: 314
tot_uptimes_duration: 18780.0
