comms_cons: 81.20693119479554
finished_reconf: true
global_termination_time: 742504.9302400002
local_termination_time: 79568.96615999982
node_cons: 15335.518252799098
tot_aggregated_send: 8352
tot_msg_rcv: 1518
tot_msg_sent: 2471
tot_reconf_duration: 18.21
tot_sleeping_duration: 731070.435040001
tot_uptimes: 191
tot_uptimes_duration: 11434.495199999306
