comms_cons: 77.37859839437169
finished_reconf: true
global_termination_time: 745211.023
local_termination_time: 108540.39583999992
node_cons: 15270.577902242883
tot_aggregated_send: 9802
tot_msg_rcv: 755
tot_msg_sent: 1205
tot_reconf_duration: 4.390000000000001
tot_sleeping_duration: 733811.0108399979
tot_uptimes: 191
tot_uptimes_duration: 11400.012160002138
