comms_cons: 76.12196479597398
finished_reconf: true
global_termination_time: 743130.516
local_termination_time: 177252.99488000042
node_cons: 15268.750041121437
tot_aggregated_send: 10208
tot_msg_rcv: 549
tot_msg_sent: 813
tot_reconf_duration: 3.05
tot_sleeping_duration: 731730.5099199989
tot_uptimes: 191
tot_uptimes_duration: 11400.006080001069
