comms_cons: 39.19229440009857
finished_reconf: true
global_termination_time: 392374.872
local_termination_time: 5620.26648
node_cons: 8040.531980000011
tot_aggregated_send: 5510
tot_msg_rcv: 160
tot_msg_sent: 287
tot_reconf_duration: 4.8100000000000005
tot_sleeping_duration: 386374.872
tot_uptimes: 101
tot_uptimes_duration: 6000.0
