comms_cons: 62.247699199988226
finished_reconf: true
global_termination_time: 587766.479
local_termination_time: 126621.14147999996
node_cons: 12057.999070083702
tot_aggregated_send: 7366
tot_msg_rcv: 750
tot_msg_sent: 1345
tot_reconf_duration: 5.1
tot_sleeping_duration: 578766.4242799972
tot_uptimes: 151
tot_uptimes_duration: 9000.05472000275
