comms_cons: 76.76442879830529
finished_reconf: true
global_termination_time: 730945.411
local_termination_time: 433649.9141600008
node_cons: 15045.181162960529
tot_aggregated_send: 9338
tot_msg_rcv: 829
tot_msg_sent: 1500
tot_reconf_duration: 15.34
tot_sleeping_duration: 719724.8363599996
tot_uptimes: 188
tot_uptimes_duration: 11220.574640000355
