comms_cons: 74.80904959635399
finished_reconf: true
global_termination_time: 732496.427
local_termination_time: 502269.6563600001
node_cons: 15038.971544476535
tot_aggregated_send: 9918
tot_msg_rcv: 531
tot_msg_sent: 921
tot_reconf_duration: 11.31
tot_sleeping_duration: 721276.4026800026
tot_uptimes: 188
tot_uptimes_duration: 11220.0243199974
