comms_cons: 76.73363199459614
finished_reconf: true
global_termination_time: 730804.933
local_termination_time: 451620.28536000004
node_cons: 15031.002786710204
tot_aggregated_send: 9338
tot_msg_rcv: 814
tot_msg_sent: 1511
tot_reconf_duration: 5.43
tot_sleeping_duration: 719584.8965200073
tot_uptimes: 188
tot_uptimes_duration: 11220.036479992676
