comms_cons: 265.0628096009354
finished_reconf: true
global_termination_time: 2809932.431
local_termination_time: 4933.228
node_cons: 57851.633442232946
tot_aggregated_send: 38565
tot_msg_rcv: 499
tot_msg_sent: 1224
tot_reconf_duration: 5.02
tot_sleeping_duration: 2766732.418840004
tot_uptimes: 720
tot_uptimes_duration: 43200.0121599955
