comms_cons: 95.29407359021664
finished_reconf: true
global_termination_time: 885617.95
local_termination_time: 194494.1766000001
node_cons: 18165.408876798494
tot_aggregated_send: 11078
tot_msg_rcv: 1358
tot_msg_sent: 2051
tot_reconf_duration: 6.22
tot_sleeping_duration: 872057.8588000011
tot_uptimes: 227
tot_uptimes_duration: 13560.09119999886
