comms_cons: 100.49727999641942
finished_reconf: true
global_termination_time: 1004484.625
local_termination_time: 536171.2843599999
node_cons: 20658.023983359813
tot_aggregated_send: 12992
tot_msg_rcv: 706
tot_msg_sent: 1577
tot_reconf_duration: 7.819999999999999
tot_sleeping_duration: 989064.6067600002
tot_uptimes: 258
tot_uptimes_duration: 15420.018239999772
