comms_cons: 22.382438401217506
finished_reconf: true
global_termination_time: 251733.65124000015
local_termination_time: 2686.0841200000004
node_cons: 5171.0646204802115
tot_aggregated_send: 0
tot_msg_rcv: 298
tot_msg_sent: 3104
tot_reconf_duration: 7.55
tot_sleeping_duration: 247879.42291999998
tot_uptimes: 65
tot_uptimes_duration: 3854.228320000155
