comms_cons: 8.770073601333955
finished_reconf: true
global_termination_time: 252121.714
local_termination_time: 887.2001199999999
node_cons: 5151.374640000005
tot_aggregated_send: 0
tot_msg_rcv: 149
tot_msg_sent: 1184
tot_reconf_duration: 7.08
tot_sleeping_duration: 248281.714
tot_uptimes: 65
tot_uptimes_duration: 3840.0
