comms_cons: 41.59432960092427
finished_reconf: true
global_termination_time: 400892.443
local_termination_time: 73479.55583999993
node_cons: 8214.930056002784
tot_aggregated_send: 5278
tot_msg_rcv: 405
tot_msg_sent: 640
tot_reconf_duration: 9.11
tot_sleeping_duration: 394766.558999998
tot_uptimes: 103
tot_uptimes_duration: 6125.884000002072
