comms_cons: 41.49521280107426
finished_reconf: true
global_termination_time: 401539.114
local_termination_time: 25010.850360000004
node_cons: 8201.916508240374
tot_aggregated_send: 5278
tot_msg_rcv: 393
tot_msg_sent: 636
tot_reconf_duration: 4.8100000000000005
tot_sleeping_duration: 395418.5878399997
tot_uptimes: 103
tot_uptimes_duration: 6120.5261600002705
