comms_cons: 413.9004608254054
finished_reconf: true
global_termination_time: 4226469.35
local_termination_time: 2902093.5165999997
node_cons: 86934.81394111467
tot_aggregated_send: 58696
tot_msg_rcv: 1371
tot_msg_sent: 2844
tot_reconf_duration: 5.1
tot_sleeping_duration: 4161549.3439200018
tot_uptimes: 1083
tot_uptimes_duration: 64920.006079997635
