comms_cons: 713.0838409820121
finished_reconf: true
global_termination_time: 4226996.457
local_termination_time: 1115972.8634799998
node_cons: 86938.53212446543
tot_aggregated_send: 0
tot_msg_rcv: 54732
tot_msg_sent: 53652
tot_reconf_duration: 7.819999999999999
tot_sleeping_duration: 4162076.4326800094
tot_uptimes: 1083
tot_uptimes_duration: 64920.02431999077
