comms_cons: 1747.9854487957161
finished_reconf: true
global_termination_time: 4223404.137
local_termination_time: 1115972.3145999997
node_cons: 256516.19534121218
tot_aggregated_send: 0
tot_msg_rcv: 107348
tot_msg_sent: 158338
tot_reconf_duration: 6.22
tot_sleeping_duration: 4031837.4838400143
tot_uptimes: 3135
tot_uptimes_duration: 191566.653159986
