comms_cons: 82.77575679592462
finished_reconf: true
global_termination_time: 795769.457
local_termination_time: 366684.2826000001
node_cons: 16313.251486724032
tot_aggregated_send: 10382
tot_msg_rcv: 801
tot_msg_sent: 1398
tot_reconf_duration: 3.08
tot_sleeping_duration: 783589.4205199971
tot_uptimes: 204
tot_uptimes_duration: 12180.036480002978
