comms_cons: 79.59516159991132
finished_reconf: true
global_termination_time: 794630.187
local_termination_time: 477795.33136000007
node_cons: 16329.547521121436
tot_aggregated_send: 10962
tot_msg_rcv: 337
tot_msg_sent: 799
tot_reconf_duration: 15.110000000000001
tot_sleeping_duration: 782450.180919999
tot_uptimes: 204
tot_uptimes_duration: 12180.006080001069
