comms_cons: 81.39191039905687
finished_reconf: true
global_termination_time: 795918.887
local_termination_time: 33735.299280000065
node_cons: 16339.852666359557
tot_aggregated_send: 10556
tot_msg_rcv: 604
tot_msg_sent: 1211
tot_reconf_duration: 22.65
tot_sleeping_duration: 783738.8317600003
tot_uptimes: 204
tot_uptimes_duration: 12180.05523999966
