comms_cons: 81.72761599741119
finished_reconf: true
global_termination_time: 794820.217
local_termination_time: 487778.72448000003
node_cons: 16334.463446714748
tot_aggregated_send: 10498
tot_msg_rcv: 654
tot_msg_sent: 1269
tot_reconf_duration: 18.700000000000003
tot_sleeping_duration: 782640.1805200038
tot_uptimes: 204
tot_uptimes_duration: 12180.03647999611
