comms_cons: 80.17591039305934
finished_reconf: true
global_termination_time: 794753.815
local_termination_time: 430552.40996000054
node_cons: 16314.997902233627
tot_aggregated_send: 11020
tot_msg_rcv: 414
tot_msg_sent: 752
tot_reconf_duration: 4.390000000000001
tot_sleeping_duration: 782573.8028400047
tot_uptimes: 204
tot_uptimes_duration: 12180.012159995269
