comms_cons: 157.78978555308896
finished_reconf: true
global_termination_time: 795990.319
local_termination_time: 2655.8743600000003
node_cons: 16313.190608155946
tot_aggregated_send: 0
tot_msg_rcv: 12198
tot_msg_sent: 11783
tot_reconf_duration: 3.05
tot_sleeping_duration: 783810.297560003
tot_uptimes: 204
tot_uptimes_duration: 12180.021439996955
