comms_cons: 81.27943679880657
finished_reconf: true
global_termination_time: 794318.386
local_termination_time: 58049.91580000005
node_cons: 16317.540030092901
tot_aggregated_send: 10382
tot_msg_rcv: 704
tot_msg_sent: 1268
tot_reconf_duration: 6.22
tot_sleeping_duration: 782138.3312799905
tot_uptimes: 204
tot_uptimes_duration: 12180.054720009619
