comms_cons: 81.90508799418512
finished_reconf: true
global_termination_time: 794923.935
local_termination_time: 243231.93936000005
node_cons: 16316.426504471943
tot_aggregated_send: 10614
tot_msg_rcv: 676
tot_msg_sent: 1159
tot_reconf_duration: 5.43
tot_sleeping_duration: 782743.910680006
tot_uptimes: 204
tot_uptimes_duration: 12180.024319993972
