comms_cons: 0.7105535999996204
finished_reconf: true
global_termination_time: 7166.288
local_termination_time: 554.9163599999998
node_cons: 98.22485999999995
tot_aggregated_send: 0
tot_msg_rcv: 61
tot_msg_sent: 46
tot_reconf_duration: 13.17
tot_sleeping_duration: 7106.288
tot_uptimes: 2
tot_uptimes_duration: 60.0
