comms_cons: 0.6644991999996452
finished_reconf: true
global_termination_time: 6309.919
local_termination_time: 395.4120399999995
node_cons: 87.71394000000001
tot_aggregated_send: 0
tot_msg_rcv: 46
tot_msg_sent: 54
tot_reconf_duration: 5.43
tot_sleeping_duration: 6249.919
tot_uptimes: 2
tot_uptimes_duration: 60.0
