comms_cons: 147.62872319351436
finished_reconf: true
global_termination_time: 1479287.427999998
local_termination_time: 1479287.427999998
node_cons: 30486.399299595356
tot_aggregated_send: 21040
tot_msg_rcv: 467
tot_msg_sent: 930
tot_reconf_duration: 24.59
tot_sleeping_duration: 1456544.3316000013
tot_uptimes: 379
tot_uptimes_duration: 22743.096399996488
