comms_cons: 148.77413118978004
finished_reconf: true
global_termination_time: 1480575.468
local_termination_time: 210152.91836000004
node_cons: 30473.613603355134
tot_aggregated_send: 20706
tot_msg_rcv: 653
tot_msg_sent: 1254
tot_reconf_duration: 18.21
tot_sleeping_duration: 1457835.449760004
tot_uptimes: 380
tot_uptimes_duration: 22740.018239996338
