comms_cons: 107.40543999745351
finished_reconf: true
global_termination_time: 1095010.177
local_termination_time: 262539.83036
node_cons: 22515.72752111685
tot_aggregated_send: 15834
tot_msg_rcv: 155
tot_msg_sent: 336
tot_reconf_duration: 15.110000000000001
tot_sleeping_duration: 1078210.1709200023
tot_uptimes: 281
tot_uptimes_duration: 16800.006079997635
