comms_cons: 145.8802111876921
finished_reconf: true
global_termination_time: 1438316.16
local_termination_time: 161060.37952000037
node_cons: 29589.898026714825
tot_aggregated_send: 19604
tot_msg_rcv: 891
tot_msg_sent: 1678
tot_reconf_duration: 18.21
tot_sleeping_duration: 1416236.1235200039
tot_uptimes: 369
tot_uptimes_duration: 22080.03647999611
