comms_cons: 145.9535999909349
finished_reconf: true
global_termination_time: 1438665.293
local_termination_time: 1176944.4125199993
node_cons: 29599.518105593466
tot_aggregated_send: 19314
tot_msg_rcv: 1042
tot_msg_sent: 1829
tot_reconf_duration: 25.299999999999997
tot_sleeping_duration: 1416585.262600005
tot_uptimes: 369
tot_uptimes_duration: 22080.03039999504
