comms_cons: 143.58383358994584
finished_reconf: true
global_termination_time: 1439581.466
local_termination_time: 610887.292999999
node_cons: 29577.548367831645
tot_aggregated_send: 19256
tot_msg_rcv: 872
tot_msg_sent: 1696
tot_reconf_duration: 9.11
tot_sleeping_duration: 1417501.423440006
tot_uptimes: 369
tot_uptimes_duration: 22080.042559993744
