comms_cons: 147.95293438377038
finished_reconf: true
global_termination_time: 1436582.796
local_termination_time: 317162.47648000054
node_cons: 29501.98852783627
tot_aggregated_send: 19082
tot_msg_rcv: 1202
tot_msg_sent: 2206
tot_reconf_duration: 12.629999999999999
tot_sleeping_duration: 1414562.753440003
tot_uptimes: 368
tot_uptimes_duration: 22020.04255999718
