comms_cons: 146.63125758898812
finished_reconf: true
global_termination_time: 1436531.4882400003
local_termination_time: 161045.80764000083
node_cons: 29558.060897192154
tot_aggregated_send: 19198
tot_msg_rcv: 1009
tot_msg_sent: 2080
tot_reconf_duration: 3.05
tot_sleeping_duration: 1414459.8534400063
tot_uptimes: 368
tot_uptimes_duration: 22071.63479999412
