comms_cons: 227.85621758468602
finished_reconf: true
global_termination_time: 2277208.195
local_termination_time: 4312.869000000001
node_cons: 46842.02236558821
tot_aggregated_send: 31780
tot_msg_rcv: 1005
tot_msg_sent: 1847
tot_reconf_duration: 2.77
tot_sleeping_duration: 2242228.1646000086
tot_uptimes: 584
tot_uptimes_duration: 34980.03039999161
