comms_cons: 813.974886551502
finished_reconf: true
global_termination_time: 8265635.667
local_termination_time: 3524229.401319999
node_cons: 170006.4227878139
tot_aggregated_send: 114202
tot_msg_rcv: 3147
tot_msg_sent: 6369
tot_reconf_duration: 5.1
tot_sleeping_duration: 8138675.624440015
tot_uptimes: 2117
tot_uptimes_duration: 126960.04255998484
