comms_cons: 805.3329153053268
finished_reconf: true
global_termination_time: 8264232.559
local_termination_time: 3936447.316159999
node_cons: 170010.4669255793
tot_aggregated_send: 115652
tot_msg_rcv: 2334
tot_msg_sent: 4418
tot_reconf_duration: 8.09
tot_sleeping_duration: 8137272.528600011
tot_uptimes: 2117
tot_uptimes_duration: 126960.0303999891
