comms_cons: 835.6726850652269
finished_reconf: true
global_termination_time: 8262655.773
local_termination_time: 339368.4786000001
node_cons: 169925.7133911643
tot_aggregated_send: 114666
tot_msg_rcv: 4412
tot_msg_sent: 7939
tot_reconf_duration: 4.8100000000000005
tot_sleeping_duration: 8135755.712200022
tot_uptimes: 2116
tot_uptimes_duration: 126900.06079997774
