comms_cons: 833.6141314626449
finished_reconf: true
global_termination_time: 8264682.462
local_termination_time: 339384.48248
node_cons: 170005.48303116887
tot_aggregated_send: 115072
tot_msg_rcv: 4138
tot_msg_sent: 7493
tot_reconf_duration: 4.390000000000001
tot_sleeping_duration: 8137722.401200019
tot_uptimes: 2117
tot_uptimes_duration: 126960.0607999812
