comms_cons: 822.6782274084469
finished_reconf: true
global_termination_time: 8264757.591
local_termination_time: 1345887.658999998
node_cons: 170006.8872100477
tot_aggregated_send: 114202
tot_msg_rcv: 3579
tot_msg_sent: 7261
tot_reconf_duration: 5.43
tot_sleeping_duration: 8137797.536280019
tot_uptimes: 2117
tot_uptimes_duration: 126960.05471998034
