comms_cons: 11.638604799936125
finished_reconf: true
global_termination_time: 114733.22003999975
local_termination_time: 111879.77727999953
node_cons: 2374.624554559675
tot_aggregated_send: 1508
tot_msg_rcv: 74
tot_msg_sent: 187
tot_reconf_duration: 4.390000000000001
tot_sleeping_duration: 112964.241
tot_uptimes: 30
tot_uptimes_duration: 1768.979039999758
