comms_cons: 277.2660352212138
finished_reconf: true
global_termination_time: 2810990.39
local_termination_time: 7307.689
node_cons: 57852.828447817425
tot_aggregated_send: 39202
tot_msg_rcv: 1072
tot_msg_sent: 1868
tot_reconf_duration: 5.87
tot_sleeping_duration: 2767790.347440016
tot_uptimes: 720
tot_uptimes_duration: 43200.04255998391
