comms_cons: 281.4615936065975
finished_reconf: true
global_termination_time: 2810799.56
local_termination_time: 5495.314
node_cons: 57854.93061117712
tot_aggregated_send: 39432
tot_msg_rcv: 1032
tot_msg_sent: 2316
tot_reconf_duration: 7.3999999999999995
tot_sleeping_duration: 2767599.4992000167
tot_uptimes: 720
tot_uptimes_duration: 43200.06079998368
