comms_cons: 271.53016323414437
finished_reconf: true
global_termination_time: 2807812.454
local_termination_time: 4929.018
node_cons: 57855.06918223263
tot_aggregated_send: 38794
tot_msg_rcv: 835
tot_msg_sent: 1642
tot_reconf_duration: 7.55
tot_sleeping_duration: 2764612.4418400046
tot_uptimes: 720
tot_uptimes_duration: 43200.01215999527
