comms_cons: 275.643603208654
finished_reconf: true
global_termination_time: 2740922.499
local_termination_time: 1103465.660239998
node_cons: 56324.88938699167
tot_aggregated_send: 38106
tot_msg_rcv: 1239
tot_msg_sent: 2552
tot_reconf_duration: 4.8100000000000005
tot_sleeping_duration: 2698862.486000005
tot_uptimes: 702
tot_uptimes_duration: 42060.01299999445
