comms_cons: 275.1288063954702
finished_reconf: true
global_termination_time: 2737613.59223999
local_termination_time: 169380.93920000063
node_cons: 56396.10045052359
tot_aggregated_send: 37932
tot_msg_rcv: 1266
tot_msg_sent: 2618
tot_reconf_duration: 11.31
tot_sleeping_duration: 2695506.9892000165
tot_uptimes: 702
tot_uptimes_duration: 42106.60303997353
