comms_cons: 59.70624000078024
finished_reconf: true
global_termination_time: 608232.768
local_termination_time: 210145.7022800008
node_cons: 12465.087662242899
tot_aggregated_send: 7946
tot_msg_rcv: 344
tot_msg_sent: 785
tot_reconf_duration: 9.11
tot_sleeping_duration: 598932.7558399979
tot_uptimes: 156
tot_uptimes_duration: 9300.012160002138
