comms_cons: 59.45685760095439
finished_reconf: true
global_termination_time: 606363.409
local_termination_time: 231989.39136000007
node_cons: 12458.669761121468
tot_aggregated_send: 7946
tot_msg_rcv: 335
tot_msg_sent: 757
tot_reconf_duration: 4.390000000000001
tot_sleeping_duration: 597063.4029199989
tot_uptimes: 156
tot_uptimes_duration: 9300.006080001069
