comms_cons: 428.51477743034434
finished_reconf: true
global_termination_time: 976964.945
local_termination_time: 278414.36860000005
node_cons: 59449.77174647085
tot_aggregated_send: 0
tot_msg_rcv: 26224
tot_msg_sent: 38909
tot_reconf_duration: 4.390000000000001
tot_sleeping_duration: 932570.762680006
tot_uptimes: 730
tot_uptimes_duration: 44394.18231999399
