comms_cons: 90.20449281252529
finished_reconf: true
global_termination_time: 459739.85808000027
local_termination_time: 1681.1803600000003
node_cons: 9450.708268241788
tot_aggregated_send: 0
tot_msg_rcv: 6926
tot_msg_sent: 6782
tot_reconf_duration: 18.21
tot_sleeping_duration: 452700.29191999894
tot_uptimes: 118
tot_uptimes_duration: 7039.566160001326
