comms_cons: 45.96887040048548
finished_reconf: true
global_termination_time: 463785.317
local_termination_time: 102862.22287999948
node_cons: 9490.747701121454
tot_aggregated_send: 6438
tot_msg_rcv: 149
tot_msg_sent: 400
tot_reconf_duration: 7.819999999999999
tot_sleeping_duration: 456705.3109199989
tot_uptimes: 119
tot_uptimes_duration: 7080.006080001071
