comms_cons: 292.4389119914766
finished_reconf: true
global_termination_time: 604503.9865999998
local_termination_time: 604503.9454799999
node_cons: 36832.98775039762
tot_aggregated_send: 0
tot_msg_rcv: 17900
tot_msg_sent: 26547
tot_reconf_duration: 24.59
tot_sleeping_duration: 577021.0930000015
tot_uptimes: 451
tot_uptimes_duration: 27482.8935999983
