comms_cons: 60.28583679956262
finished_reconf: true
global_termination_time: 604504.3894399987
local_termination_time: 66756.82699999999
node_cons: 12446.296061677584
tot_aggregated_send: 8407
tot_msg_rcv: 196
tot_msg_sent: 560
tot_reconf_duration: 4.8100000000000005
tot_sleeping_duration: 595214.0503200005
tot_uptimes: 155
tot_uptimes_duration: 9290.339119998192
