comms_cons: 60.903654398988955
finished_reconf: true
global_termination_time: 608126.435
local_termination_time: 65718.32359999996
node_cons: 12463.32770111686
tot_aggregated_send: 8468
tot_msg_rcv: 271
tot_msg_sent: 518
tot_reconf_duration: 7.819999999999999
tot_sleeping_duration: 598826.4289200024
tot_uptimes: 156
tot_uptimes_duration: 9300.006079997635
