comms_cons: 1.5000575999950445
finished_reconf: true
global_termination_time: 12653.865
local_termination_time: 4778.07736
node_cons: 256.3789800000005
tot_aggregated_send: 0
tot_msg_rcv: 120
tot_msg_sent: 108
tot_reconf_duration: 11.31
tot_sleeping_duration: 12473.865
tot_uptimes: 4
tot_uptimes_duration: 180.0
