comms_cons: 514.9456000497145
finished_reconf: true
global_termination_time: 5202242.47548
local_termination_time: 5202242.434359999
node_cons: 107064.65608318367
tot_aggregated_send: 75038
tot_msg_rcv: 1016
tot_msg_sent: 2214
tot_reconf_duration: 24.59
tot_sleeping_duration: 5122308.746680009
tot_uptimes: 1333
tot_uptimes_duration: 79933.72879999038
