comms_cons: 505.7496832244717
finished_reconf: true
global_termination_time: 5207493.703
local_termination_time: 2732300.7714399993
node_cons: 107100.80848334836
tot_aggregated_send: 72384
tot_msg_rcv: 1350
tot_msg_sent: 3137
tot_reconf_duration: 5.57
tot_sleeping_duration: 5127513.684760006
tot_uptimes: 1334
tot_uptimes_duration: 79980.01823999337
