comms_cons: 523.7803072992709
finished_reconf: true
global_termination_time: 5203318.673
local_termination_time: 629756.197
node_cons: 107050.77792660907
tot_aggregated_send: 72034
tot_msg_rcv: 2549
tot_msg_sent: 5025
tot_reconf_duration: 22.65
tot_sleeping_duration: 5123393.3412400205
tot_uptimes: 1333
tot_uptimes_duration: 79925.33175997924
