comms_cons: 135.01508479693652
finished_reconf: true
global_termination_time: 1355495.2095999997
local_termination_time: 1355495.1684799998
node_cons: 27929.82742511774
tot_aggregated_send: 19126
tot_msg_rcv: 393
tot_msg_sent: 1001
tot_reconf_duration: 24.59
tot_sleeping_duration: 1334661.4275200013
tot_uptimes: 348
tot_uptimes_duration: 20833.782079998273
