comms_cons: 139.2781631850874
finished_reconf: true
global_termination_time: 1357336.799
local_termination_time: 467906.9465600007
node_cons: 27884.56082670563
tot_aggregated_send: 17922
tot_msg_rcv: 1036
tot_msg_sent: 2211
tot_reconf_duration: 4.8100000000000005
tot_sleeping_duration: 1336516.7625200108
tot_uptimes: 348
tot_uptimes_duration: 20820.03647998924
