comms_cons: 71.15052159762025
finished_reconf: true
global_termination_time: 694452.665
local_termination_time: 381371.114600001
node_cons: 14228.894335751844
tot_aggregated_send: 9222
tot_msg_rcv: 546
tot_msg_sent: 1046
tot_reconf_duration: 4.8100000000000005
tot_sleeping_duration: 683831.0351600061
tot_uptimes: 178
tot_uptimes_duration: 10621.629839993897
