comms_cons: 113.16910079281864
finished_reconf: true
global_termination_time: 1115370.308999998
local_termination_time: 1115370.308999998
node_cons: 23014.795581831328
tot_aggregated_send: 15240
tot_msg_rcv: 618
tot_msg_sent: 1338
tot_reconf_duration: 24.59
tot_sleeping_duration: 1098207.2004400045
tot_uptimes: 286
tot_uptimes_duration: 17163.10855999349
