comms_cons: 87.96390399360936
finished_reconf: true
global_termination_time: 868902.3902400004
local_termination_time: 69180.91919999989
node_cons: 17916.527972711076
tot_aggregated_send: 11890
tot_msg_rcv: 533
tot_msg_sent: 946
tot_reconf_duration: 4.8100000000000005
tot_sleeping_duration: 855526.7397600071
tot_uptimes: 223
tot_uptimes_duration: 13375.650479993317
