comms_cons: 87.66126079525519
finished_reconf: true
global_termination_time: 872341.632
local_termination_time: 541668.3267199987
node_cons: 17921.797902233706
tot_aggregated_send: 11716
tot_msg_rcv: 601
tot_msg_sent: 1007
tot_reconf_duration: 4.390000000000001
tot_sleeping_duration: 858961.6198400047
tot_uptimes: 224
tot_uptimes_duration: 13380.012159995269
