comms_cons: 86.52963839828153
finished_reconf: true
global_termination_time: 869234.401
local_termination_time: 401176.6768000003
node_cons: 17846.107701116944
tot_aggregated_send: 12180
tot_msg_rcv: 336
tot_msg_sent: 636
tot_reconf_duration: 7.819999999999999
tot_sleeping_duration: 855914.3949200022
tot_uptimes: 223
tot_uptimes_duration: 13320.006079997693
