comms_cons: 232.7523582611315
finished_reconf: true
global_termination_time: 1180735.713
local_termination_time: 419621.9308800004
node_cons: 24273.30770111688
tot_aggregated_send: 0
tot_msg_rcv: 17863
tot_msg_sent: 17514
tot_reconf_duration: 7.819999999999999
tot_sleeping_duration: 1162615.7069200024
tot_uptimes: 303
tot_uptimes_duration: 18120.006079997635
