comms_cons: 91.63509759796119
finished_reconf: true
global_termination_time: 917218.517
local_termination_time: 51291.93848000002
node_cons: 18808.00676000003
tot_aggregated_send: 13108
tot_msg_rcv: 361
tot_msg_sent: 459
tot_reconf_duration: 6.22
tot_sleeping_duration: 903178.517
tot_uptimes: 235
tot_uptimes_duration: 14040.0
