comms_cons: 2.2500863999962757
finished_reconf: true
global_termination_time: 13257.28648
local_termination_time: 13257.24536
node_cons: 292.77165984000686
tot_aggregated_send: 0
tot_msg_rcv: 173
tot_msg_sent: 168
tot_reconf_duration: 24.59
tot_sleeping_duration: 13063.575919999996
tot_uptimes: 4
tot_uptimes_duration: 193.710560000005
