comms_cons: 17.92831999996037
finished_reconf: true
global_termination_time: 13257.804240000003
local_termination_time: 1880.2070400000016
node_cons: 2470.5700639600354
tot_aggregated_send: 0
tot_msg_rcv: 1277
tot_msg_sent: 1447
tot_reconf_duration: 4.390000000000001
tot_sleeping_duration: 11417.170599999976
tot_uptimes: 30
tot_uptimes_duration: 1840.6336400000264
