comms_cons: 40.89035520070754
finished_reconf: true
global_termination_time: 397011.548
local_termination_time: 138684.25136000005
node_cons: 8118.547063364284
tot_aggregated_send: 5336
tot_msg_rcv: 356
tot_msg_sent: 523
tot_reconf_duration: 3.08
tot_sleeping_duration: 390951.5297599968
tot_uptimes: 102
tot_uptimes_duration: 6060.018240003206
