comms_cons: 259.19501423130407
finished_reconf: true
global_termination_time: 1523246.944
local_termination_time: 447999.70436000003
node_cons: 31339.13198000005
tot_aggregated_send: 0
tot_msg_rcv: 19917
tot_msg_sent: 19480
tot_reconf_duration: 4.8100000000000005
tot_sleeping_duration: 1499846.944
tot_uptimes: 391
tot_uptimes_duration: 23400.0
