comms_cons: 153.26207358883892
finished_reconf: true
global_termination_time: 1525791.206
local_termination_time: 403526.60936
node_cons: 31338.626748934646
tot_aggregated_send: 20242
tot_msg_rcv: 949
tot_msg_sent: 2102
tot_reconf_duration: 4.390000000000001
tot_sleeping_duration: 1502391.157360019
tot_uptimes: 391
tot_uptimes_duration: 23400.048639981076
