comms_cons: 33.10653440032347
finished_reconf: true
global_termination_time: 336596.369
local_termination_time: 148906.48436000006
node_cons: 6933.969179999996
tot_aggregated_send: 4756
tot_msg_rcv: 58
tot_msg_sent: 217
tot_reconf_duration: 18.21
tot_sleeping_duration: 331436.369
tot_uptimes: 87
tot_uptimes_duration: 5160.0
