comms_cons: 33.982195200175624
finished_reconf: true
global_termination_time: 338388.022
local_termination_time: 107626.47835999996
node_cons: 6915.796403362017
tot_aggregated_send: 4640
tot_msg_rcv: 177
tot_msg_sent: 349
tot_reconf_duration: 4.8100000000000005
tot_sleeping_duration: 333228.0037599985
tot_uptimes: 87
tot_uptimes_duration: 5160.018240001504
