comms_cons: 35.356620800612255
finished_reconf: true
global_termination_time: 337238.307
local_termination_time: 82111.6314399996
node_cons: 6919.867701121449
tot_aggregated_send: 4350
tot_msg_rcv: 392
tot_msg_sent: 632
tot_reconf_duration: 7.819999999999999
tot_sleeping_duration: 332078.3009199989
tot_uptimes: 87
tot_uptimes_duration: 5160.006080001069
