comms_cons: 34.816780800353946
finished_reconf: true
global_termination_time: 337658.998
local_termination_time: 5370.070760000002
node_cons: 6917.686760000008
tot_aggregated_send: 4408
tot_msg_rcv: 306
tot_msg_sent: 578
tot_reconf_duration: 6.22
tot_sleeping_duration: 332498.998
tot_uptimes: 87
tot_uptimes_duration: 5160.0
