comms_cons: 20.849484799935375
finished_reconf: true
global_termination_time: 205811.691
local_termination_time: 66005.62435999996
node_cons: 4184.220121119156
tot_aggregated_send: 2726
tot_msg_rcv: 156
tot_msg_sent: 287
tot_reconf_duration: 4.8100000000000005
tot_sleeping_duration: 202691.6849200006
tot_uptimes: 53
tot_uptimes_duration: 3120.00607999937
