comms_cons: 31.604454399939755
finished_reconf: true
global_termination_time: 7400.039400000012
local_termination_time: 3531.721600000002
node_cons: 3298.3477126000184
tot_aggregated_send: 0
tot_msg_rcv: 2456
tot_msg_sent: 2346
tot_reconf_duration: 18.21
tot_sleeping_duration: 4955.216
tot_uptimes: 34
tot_uptimes_duration: 2444.8234000000125
