comms_cons: 0.5658111999981333
finished_reconf: true
global_termination_time: 7399.29748
local_termination_time: 7399.25636
node_cons: 149.49307872000088
tot_aggregated_send: 0
tot_msg_rcv: 46
tot_msg_sent: 39
tot_reconf_duration: 37.410000000000004
tot_sleeping_duration: 7325.593
tot_uptimes: 2
tot_uptimes_duration: 73.70448000000033
