comms_cons: 1.4934783999976826
finished_reconf: true
global_termination_time: 11086.006
local_termination_time: 5691.77036
node_cons: 178.56486000000012
tot_aggregated_send: 0
tot_msg_rcv: 123
tot_msg_sent: 104
tot_reconf_duration: 13.17
tot_sleeping_duration: 10966.006
tot_uptimes: 3
tot_uptimes_duration: 120.00000000000001
