comms_cons: 33.63287040006299
finished_reconf: true
global_termination_time: 342578.197
local_termination_time: 111883.93551999978
node_cons: 7014.309180000017
tot_aggregated_send: 4930
tot_msg_rcv: 83
tot_msg_sent: 99
tot_reconf_duration: 18.21
tot_sleeping_duration: 337358.197
tot_uptimes: 88
tot_uptimes_duration: 5220.0
