comms_cons: 33.92893440018319
finished_reconf: true
global_termination_time: 342294.061
local_termination_time: 47711.80236000001
node_cons: 7020.3387
tot_aggregated_send: 4814
tot_msg_rcv: 132
tot_msg_sent: 211
tot_reconf_duration: 22.65
tot_sleeping_duration: 337074.061
tot_uptimes: 88
tot_uptimes_duration: 5220.0
