comms_cons: 174.21063678877508
finished_reconf: true
global_termination_time: 1746548.57324
local_termination_time: 306764.47156000073
node_cons: 35955.809747187006
tot_aggregated_send: 24592
tot_msg_rcv: 614
tot_msg_sent: 1272
tot_reconf_duration: 18.21
tot_sleeping_duration: 1719714.3084400096
tot_uptimes: 448
tot_uptimes_duration: 26834.264799990342
