comms_cons: 170.41129599345962
finished_reconf: true
global_termination_time: 1752265.34
local_termination_time: 1258726.526999999
node_cons: 36013.15986111686
tot_aggregated_send: 24012
tot_msg_rcv: 729
tot_msg_sent: 1160
tot_reconf_duration: 15.34
tot_sleeping_duration: 1725385.3339200024
tot_uptimes: 449
tot_uptimes_duration: 26880.006079997635
