comms_cons: 176.23957758806392
finished_reconf: true
global_termination_time: 1748718.246
local_termination_time: 319467.17400000046
node_cons: 35946.37810558406
tot_aggregated_send: 24476
tot_msg_rcv: 878
tot_msg_sent: 1433
tot_reconf_duration: 25.299999999999997
tot_sleeping_duration: 1721898.2156000119
tot_uptimes: 448
tot_uptimes_duration: 26820.030399988173
