comms_cons: 174.4021823908409
finished_reconf: true
global_termination_time: 1746582.089
local_termination_time: 319017.9634800001
node_cons: 35942.77126446728
tot_aggregated_send: 24592
tot_msg_rcv: 712
tot_msg_sent: 1204
tot_reconf_duration: 22.65
tot_sleeping_duration: 1719762.0646800094
tot_uptimes: 448
tot_uptimes_duration: 26820.024319990538
