comms_cons: 0.5592320000000535
finished_reconf: true
global_termination_time: 7281.911
local_termination_time: 75.41003999999997
node_cons: 111.0987
tot_aggregated_send: 0
tot_msg_rcv: 47
tot_msg_sent: 38
tot_reconf_duration: 22.65
tot_sleeping_duration: 7221.911
tot_uptimes: 2
tot_uptimes_duration: 60.00000000000001
