comms_cons: 63.64187519951355
finished_reconf: true
global_termination_time: 623440.43
local_termination_time: 392380.49220000015
node_cons: 12794.603803359692
tot_aggregated_send: 8468
tot_msg_rcv: 462
tot_msg_sent: 743
tot_reconf_duration: 15.110000000000001
tot_sleeping_duration: 613900.4117600003
tot_uptimes: 160
tot_uptimes_duration: 9540.018239999772
