comms_cons: 61.98984960063344
finished_reconf: true
global_termination_time: 619933.87424
local_termination_time: 242188.99848000007
node_cons: 12744.899092724358
tot_aggregated_send: 8468
tot_msg_rcv: 284
tot_msg_sent: 670
tot_reconf_duration: 22.65
tot_sleeping_duration: 610438.6237599968
tot_uptimes: 159
tot_uptimes_duration: 9495.250480003248
