comms_cons: 63.79317759947709
finished_reconf: true
global_termination_time: 621867.717
local_termination_time: 275332.55136000004
node_cons: 12786.868642242856
tot_aggregated_send: 8352
tot_msg_rcv: 480
tot_msg_sent: 865
tot_reconf_duration: 9.42
tot_sleeping_duration: 612327.7048399978
tot_uptimes: 160
tot_uptimes_duration: 9540.012160002138
