comms_cons: 185.54269438019247
finished_reconf: true
global_termination_time: 1802074.499
local_termination_time: 354554.43236000004
node_cons: 37052.17225005595
tot_aggregated_send: 24128
tot_msg_rcv: 1457
tot_msg_sent: 2618
tot_reconf_duration: 11.31
tot_sleeping_duration: 1774414.444280018
tot_uptimes: 462
tot_uptimes_duration: 27660.054719982145
