comms_cons: 685.830745123026
finished_reconf: true
global_termination_time: 1833940.78
local_termination_time: 427471.1060000005
node_cons: 111128.83450258969
tot_aggregated_send: 0
tot_msg_rcv: 42197
tot_msg_sent: 62046
tot_reconf_duration: 18.21
tot_sleeping_duration: 1750965.3466000054
tot_uptimes: 1364
tot_uptimes_duration: 82975.43339999465
