comms_cons: 180.27728639265894
finished_reconf: true
global_termination_time: 1834360.927
local_termination_time: 1266895.3053599999
node_cons: 37687.988239999875
tot_aggregated_send: 25752
tot_msg_rcv: 557
tot_msg_sent: 1093
tot_reconf_duration: 6.279999999999999
tot_sleeping_duration: 1806220.927
tot_uptimes: 470
tot_uptimes_duration: 28140.0
