comms_cons: 282.9923774034284
finished_reconf: true
global_termination_time: 1836252.709
local_termination_time: 432399.50648000004
node_cons: 37766.37268558399
tot_aggregated_send: 0
tot_msg_rcv: 21891
tot_msg_sent: 21123
tot_reconf_duration: 4.8100000000000005
tot_sleeping_duration: 1808052.6786000119
tot_uptimes: 471
tot_uptimes_duration: 28200.030399988173
