comms_cons: 181.42185598684912
finished_reconf: true
global_termination_time: 1837463.509
local_termination_time: 352709.20196000056
node_cons: 37765.82674893903
tot_aggregated_send: 25056
tot_msg_rcv: 850
tot_msg_sent: 1668
tot_reconf_duration: 4.390000000000001
tot_sleeping_duration: 1809263.4603600155
tot_uptimes: 471
tot_uptimes_duration: 28200.04863998451
