comms_cons: 180.34370558586832
finished_reconf: true
global_termination_time: 1834164.947
local_termination_time: 629327.2100000001
node_cons: 37683.65074670089
tot_aggregated_send: 24302
tot_msg_rcv: 1068
tot_msg_sent: 2042
tot_reconf_duration: 3.05
tot_sleeping_duration: 1806024.9105200141
tot_uptimes: 470
tot_uptimes_duration: 28140.036479985807
