comms_cons: 180.93834878571093
finished_reconf: true
global_termination_time: 1835699.809
local_termination_time: 432401.0942000006
node_cons: 37768.29560670079
tot_aggregated_send: 24186
tot_msg_rcv: 1043
tot_msg_sent: 2272
tot_reconf_duration: 6.22
tot_sleeping_duration: 1807499.772520014
tot_uptimes: 471
tot_uptimes_duration: 28200.036479985807
