comms_cons: 181.50039039254222
finished_reconf: true
global_termination_time: 1837470.358
local_termination_time: 510900.89136000007
node_cons: 37767.173939999826
tot_aggregated_send: 26390
tot_msg_rcv: 412
tot_msg_sent: 785
tot_reconf_duration: 5.43
tot_sleeping_duration: 1809270.358
tot_uptimes: 471
tot_uptimes_duration: 28200.0
