comms_cons: 789.1748481304946
finished_reconf: true
global_termination_time: 7946274.954479998
local_termination_time: 7946274.954479998
node_cons: 163552.49494053857
tot_aggregated_send: 114060
tot_msg_rcv: 1939
tot_msg_sent: 3949
tot_reconf_duration: 37.410000000000004
tot_sleeping_duration: 7824167.64144001
tot_uptimes: 2035
tot_uptimes_duration: 122107.3130399884
