comms_cons: 783.2905345580608
finished_reconf: true
global_termination_time: 7948823.32
local_termination_time: 2913589.295519999
node_cons: 163509.83370669684
tot_aggregated_send: 110258
tot_msg_rcv: 3045
tot_msg_sent: 5750
tot_reconf_duration: 13.17
tot_sleeping_duration: 7826723.283520013
tot_uptimes: 2036
tot_uptimes_duration: 122100.03647998697
