comms_cons: 779.7939392931529
finished_reconf: true
global_termination_time: 7946952.297
local_termination_time: 4485292.467359999
node_cons: 163512.46822669613
tot_aggregated_send: 111418
tot_msg_rcv: 2409
tot_msg_sent: 4696
tot_reconf_duration: 15.110000000000001
tot_sleeping_duration: 7824852.260520013
tot_uptimes: 2036
tot_uptimes_duration: 122100.03647998697
