comms_cons: 798.752192230231
finished_reconf: true
global_termination_time: 7949897.592
local_termination_time: 191886.47199999998
node_cons: 163535.4602898008
tot_aggregated_send: 110546
tot_msg_rcv: 3712
tot_msg_sent: 7147
tot_reconf_duration: 22.65
tot_sleeping_duration: 7827788.031440025
tot_uptimes: 2036
tot_uptimes_duration: 122109.56055997493
