comms_cons: 777.8075009013313
finished_reconf: true
global_termination_time: 7948717.121
local_termination_time: 4718583.8766
node_cons: 163506.79452334606
tot_aggregated_send: 110258
tot_msg_rcv: 2745
tot_msg_sent: 5220
tot_reconf_duration: 10.95
tot_sleeping_duration: 7826617.102760007
tot_uptimes: 2036
tot_uptimes_duration: 122100.0182399936
