comms_cons: 797.4698369919251
finished_reconf: true
global_termination_time: 7948292.231
local_termination_time: 891599.2423599999
node_cons: 163496.1558756326
tot_aggregated_send: 110432
tot_msg_rcv: 3468
tot_msg_sent: 7310
tot_reconf_duration: 3.05
tot_sleeping_duration: 7826192.1458800305
tot_uptimes: 2036
tot_uptimes_duration: 122100.08511996875
