comms_cons: 795.5613826056497
finished_reconf: true
global_termination_time: 7948396.716
local_termination_time: 1096166.3073599997
node_cons: 163500.44445339913
tot_aggregated_send: 110142
tot_msg_rcv: 3920
tot_msg_sent: 6857
tot_reconf_duration: 6.22
tot_sleeping_duration: 7826296.643040027
tot_uptimes: 2036
tot_uptimes_duration: 122100.07295997371
