comms_cons: 87.31256319702672
finished_reconf: true
global_termination_time: 861207.037
local_termination_time: 457340.464
node_cons: 17709.19810558877
tot_aggregated_send: 11401
tot_msg_rcv: 531
tot_msg_sent: 1339
tot_reconf_duration: 25.299999999999997
tot_sleeping_duration: 848007.0066000085
tot_uptimes: 221
tot_uptimes_duration: 13200.030399991607
