comms_cons: 89.33861119697443
finished_reconf: true
global_termination_time: 859101.624
local_termination_time: 337726.45900000003
node_cons: 17685.843207840877
tot_aggregated_send: 10727
tot_msg_rcv: 856
tot_msg_sent: 1996
tot_reconf_duration: 8.09
tot_sleeping_duration: 845901.5814399993
tot_uptimes: 221
tot_uptimes_duration: 13200.042560000613
