comms_cons: 85.3394303985824
finished_reconf: true
global_termination_time: 862475.191
local_termination_time: 506676.55336
node_cons: 17700.194599999963
tot_aggregated_send: 11774
tot_msg_rcv: 372
tot_msg_sent: 826
tot_reconf_duration: 18.700000000000003
tot_sleeping_duration: 849275.191
tot_uptimes: 221
tot_uptimes_duration: 13200.0
