comms_cons: 171.23078393751416
finished_reconf: true
global_termination_time: 857562.8627999995
local_termination_time: 1423.4644800000026
node_cons: 17633.286391911857
tot_aggregated_send: 0
tot_msg_rcv: 13291
tot_msg_sent: 12731
tot_reconf_duration: 3.05
tot_sleeping_duration: 844396.9595200056
tot_uptimes: 220
tot_uptimes_duration: 13165.903279993901
