comms_cons: 88.7875583987855
finished_reconf: true
global_termination_time: 861767.956
local_termination_time: 259495.97436000005
node_cons: 17690.191544481146
tot_aggregated_send: 11542
tot_msg_rcv: 737
tot_msg_sent: 1218
tot_reconf_duration: 11.31
tot_sleeping_duration: 848567.9316799991
tot_uptimes: 221
tot_uptimes_duration: 13200.02432000084
