comms_cons: 86.74760319674034
finished_reconf: true
global_termination_time: 857765.376
local_termination_time: 478095.01736000006
node_cons: 17601.882786710208
tot_aggregated_send: 11658
tot_msg_rcv: 480
tot_msg_sent: 1047
tot_reconf_duration: 5.43
tot_sleeping_duration: 844625.3395200074
tot_uptimes: 220
tot_uptimes_duration: 13140.036479992676
