comms_cons: 84.65422079543765
finished_reconf: true
global_termination_time: 845834.813
local_termination_time: 7370.317
node_cons: 17361.509153429604
tot_aggregated_send: 10840
tot_msg_rcv: 691
tot_msg_sent: 1336
tot_reconf_duration: 5.87
tot_sleeping_duration: 832874.7400400077
tot_uptimes: 217
tot_uptimes_duration: 12960.07295999222
