comms_cons: 84.4759551954265
finished_reconf: true
global_termination_time: 842229.426
local_termination_time: 7438.4039999999995
node_cons: 17280.976365593382
tot_aggregated_send: 11192
tot_msg_rcv: 536
tot_msg_sent: 1112
tot_reconf_duration: 5.77
tot_sleeping_duration: 829329.3956000049
tot_uptimes: 216
tot_uptimes_duration: 12900.030399995041
