comms_cons: 71.75046400826116
finished_reconf: true
global_termination_time: 344915.23860000016
local_termination_time: 2201.9926
node_cons: 7115.2184695216865
tot_aggregated_send: 0
tot_msg_rcv: 5794
tot_msg_sent: 5109
tot_reconf_duration: 18.21
tot_sleeping_duration: 339619.8769199989
tot_uptimes: 89
tot_uptimes_duration: 5295.361680001253
