comms_cons: 35.573734400773546
finished_reconf: true
global_termination_time: 346168.873
local_termination_time: 295291.14536
node_cons: 7078.374901121401
tot_aggregated_send: 4640
tot_msg_rcv: 360
tot_msg_sent: 407
tot_reconf_duration: 6.22
tot_sleeping_duration: 340888.86691999895
tot_uptimes: 89
tot_uptimes_duration: 5280.006080001069
