comms_cons: 100.62886399574431
finished_reconf: true
global_termination_time: 1028799.677
local_termination_time: 5295.362
node_cons: 21145.368324471958
tot_aggregated_send: 14314
tot_msg_rcv: 349
tot_msg_sent: 632
tot_reconf_duration: 11.719999999999999
tot_sleeping_duration: 1013019.6526800061
tot_uptimes: 264
tot_uptimes_duration: 15780.024319993972
