comms_cons: 26.26416639989013
finished_reconf: true
global_termination_time: 260150.417
local_termination_time: 70719.92335999997
node_cons: 5308.980121119153
tot_aggregated_send: 3422
tot_msg_rcv: 167
tot_msg_sent: 403
tot_reconf_duration: 4.8100000000000005
tot_sleeping_duration: 256190.41092000064
tot_uptimes: 67
tot_uptimes_duration: 3960.006079999366
