comms_cons: 68.69893759878954
finished_reconf: true
global_termination_time: 689822.957
local_termination_time: 119611.35875999974
node_cons: 14143.981900000004
tot_aggregated_send: 9802
tot_msg_rcv: 235
tot_msg_sent: 404
tot_reconf_duration: 3.05
tot_sleeping_duration: 679262.957
tot_uptimes: 177
tot_uptimes_duration: 10560.0
