comms_cons: 68.25033599912861
finished_reconf: true
global_termination_time: 690609.622
local_termination_time: 230528.69636000006
node_cons: 14147.213940000012
tot_aggregated_send: 9860
tot_msg_rcv: 170
tot_msg_sent: 343
tot_reconf_duration: 5.43
tot_sleeping_duration: 680049.622
tot_uptimes: 177
tot_uptimes_duration: 10560.0
