comms_cons: 196.3759615946162
finished_reconf: true
global_termination_time: 1994289.251
local_termination_time: 1251654.9652799983
node_cons: 40991.2848599996
tot_aggregated_send: 28826
tot_msg_rcv: 336
tot_msg_sent: 686
tot_reconf_duration: 13.17
tot_sleeping_duration: 1963689.251
tot_uptimes: 511
tot_uptimes_duration: 30600.0
