comms_cons: 198.19090558838656
finished_reconf: true
global_termination_time: 1994430.182
local_termination_time: 839128.24136
node_cons: 40979.98082670536
tot_aggregated_send: 26564
tot_msg_rcv: 1248
tot_msg_sent: 2311
tot_reconf_duration: 4.8100000000000005
tot_sleeping_duration: 1963830.1455200107
tot_uptimes: 511
tot_uptimes_duration: 30600.03647998924
