comms_cons: 196.33614079716327
finished_reconf: true
global_termination_time: 1994166.675
local_termination_time: 10976.437120000002
node_cons: 40980.78208112112
tot_aggregated_send: 29000
tot_msg_rcv: 321
tot_msg_sent: 520
tot_reconf_duration: 5.43
tot_sleeping_duration: 1963566.668919999
tot_uptimes: 511
tot_uptimes_duration: 30600.00608000107
