comms_cons: 96.22205439754111
finished_reconf: true
global_termination_time: 969600.405
local_termination_time: 4864.724
node_cons: 19956.819642241753
tot_aggregated_send: 13665
tot_msg_rcv: 299
tot_msg_sent: 661
tot_reconf_duration: 23.919999999999998
tot_sleeping_duration: 954720.3928399987
tot_uptimes: 249
tot_uptimes_duration: 14880.012160001286
