comms_cons: 95.66282239979117
finished_reconf: true
global_termination_time: 969101.8095199981
local_termination_time: 969101.7683999982
node_cons: 20087.443278637616
tot_aggregated_send: 14035
tot_msg_rcv: 161
tot_msg_sent: 343
tot_reconf_duration: 63.07
tot_sleeping_duration: 954163.94976
tot_uptimes: 249
tot_uptimes_duration: 14937.859759998166
