comms_cons: 151.57126399707948
finished_reconf: true
global_termination_time: 1535067.9994799998
local_termination_time: 1535067.9583599998
node_cons: 31625.379800956973
tot_aggregated_send: 22200
tot_msg_rcv: 247
tot_msg_sent: 590
tot_reconf_duration: 24.59
tot_sleeping_duration: 1511474.282840002
tot_uptimes: 394
tot_uptimes_duration: 23593.716639997692
