comms_cons: 133.95376638722337
finished_reconf: true
global_termination_time: 1309687.313
local_termination_time: 180569.30236000006
node_cons: 26922.47708671483
tot_aggregated_send: 17458
tot_msg_rcv: 925
tot_msg_sent: 1979
tot_reconf_duration: 6.279999999999999
tot_sleeping_duration: 1289587.276520004
tot_uptimes: 336
tot_uptimes_duration: 20100.03647999611
