comms_cons: 129.76156159877243
finished_reconf: true
global_termination_time: 1309255.403
local_termination_time: 360693.24436000054
node_cons: 26924.886220000077
tot_aggregated_send: 18908
tot_msg_rcv: 300
tot_msg_sent: 515
tot_reconf_duration: 8.09
tot_sleeping_duration: 1289155.403
tot_uptimes: 336
tot_uptimes_duration: 20100.0
