comms_cons: 130.06935679369195
finished_reconf: true
global_termination_time: 1309415.673
local_termination_time: 611591.537
node_cons: 26960.007323193786
tot_aggregated_send: 18674
tot_msg_rcv: 342
tot_msg_sent: 753
tot_reconf_duration: 18.700000000000003
tot_sleeping_duration: 1289300.2042000045
tot_uptimes: 336
tot_uptimes_duration: 20115.468799995375
