comms_cons: 134.3353599863996
finished_reconf: true
global_termination_time: 1314179.239
local_termination_time: 79263.73659999995
node_cons: 27004.908406701044
tot_aggregated_send: 17748
tot_msg_rcv: 926
tot_msg_sent: 1745
tot_reconf_duration: 7.819999999999999
tot_sleeping_duration: 1294019.2025200143
tot_uptimes: 337
tot_uptimes_duration: 20160.036479985807
