comms_cons: 134.64689278516212
finished_reconf: true
global_termination_time: 1310651.103
local_termination_time: 80997.89735999997
node_cons: 26922.395606705635
tot_aggregated_send: 17342
tot_msg_rcv: 1030
tot_msg_sent: 2095
tot_reconf_duration: 6.22
tot_sleeping_duration: 1290551.0665200106
tot_uptimes: 336
tot_uptimes_duration: 20100.03647998924
