comms_cons: 132.16296959463818
finished_reconf: true
global_termination_time: 1310837.26
local_termination_time: 248722.9782400005
node_cons: 26929.299685597995
tot_aggregated_send: 17980
tot_msg_rcv: 659
tot_msg_sent: 1449
tot_reconf_duration: 11.31
tot_sleeping_duration: 1290737.2296000016
tot_uptimes: 336
tot_uptimes_duration: 20100.030399998475
