comms_cons: 193.72528639296036
finished_reconf: true
global_termination_time: 1956854.466
local_termination_time: 783078.7974799998
node_cons: 40334.821899999784
tot_aggregated_send: 28014
tot_msg_rcv: 561
tot_msg_sent: 870
tot_reconf_duration: 3.05
tot_sleeping_duration: 1926734.466
tot_uptimes: 502
tot_uptimes_duration: 30120.0
