comms_cons: 195.71866879182298
finished_reconf: true
global_termination_time: 1956822.501599999
local_termination_time: 1956822.460479999
node_cons: 40338.69509943725
tot_aggregated_send: 27884
tot_msg_rcv: 669
tot_msg_sent: 1194
tot_reconf_duration: 24.59
tot_sleeping_duration: 1926721.4546400006
tot_uptimes: 502
tot_uptimes_duration: 30101.046959998144
