comms_cons: 95.82072319777714
finished_reconf: true
global_termination_time: 962406.199
local_termination_time: 74945.32035999998
node_cons: 19794.406841119195
tot_aggregated_send: 13456
tot_msg_rcv: 317
tot_msg_sent: 791
tot_reconf_duration: 22.65
tot_sleeping_duration: 947646.1929200008
tot_uptimes: 247
tot_uptimes_duration: 14760.006079999366
