comms_cons: 96.60302079729726
finished_reconf: true
global_termination_time: 962776.943
local_termination_time: 281447.3433200003
node_cons: 19767.7819000001
tot_aggregated_send: 13572
tot_msg_rcv: 417
tot_msg_sent: 694
tot_reconf_duration: 3.05
tot_sleeping_duration: 948016.943
tot_uptimes: 247
tot_uptimes_duration: 14760.000000000004
