comms_cons: 732.8867210738208
finished_reconf: true
global_termination_time: 3723753.6399199963
local_termination_time: 3050.16248
node_cons: 76660.02736357492
tot_aggregated_send: 0
tot_msg_rcv: 56079
tot_msg_sent: 55313
tot_reconf_duration: 18.21
tot_sleeping_duration: 3666520.407520014
tot_uptimes: 954
tot_uptimes_duration: 57233.23239998263
