comms_cons: 364.5471744182389
finished_reconf: true
global_termination_time: 3727180.722
local_termination_time: 2155604.4715599995
node_cons: 76678.75810558331
tot_aggregated_send: 51330
tot_msg_rcv: 1367
tot_msg_sent: 2712
tot_reconf_duration: 25.299999999999997
tot_sleeping_duration: 3669940.6916000107
tot_uptimes: 955
tot_uptimes_duration: 57240.030399989104
