comms_cons: 367.3492480240941
finished_reconf: true
global_termination_time: 3725486.251
local_termination_time: 2043136.66336
node_cons: 76662.29370670031
tot_aggregated_send: 51562
tot_msg_rcv: 1267
tot_msg_sent: 3005
tot_reconf_duration: 13.17
tot_sleeping_duration: 3668246.2145200134
tot_uptimes: 955
tot_uptimes_duration: 57240.03647998674
