comms_cons: 369.03671041973996
finished_reconf: true
global_termination_time: 3725911.168
local_termination_time: 1627515.762359999
node_cons: 76648.5914867005
tot_aggregated_send: 51620
tot_msg_rcv: 1505
tot_msg_sent: 2966
tot_reconf_duration: 3.08
tot_sleeping_duration: 3668671.1315200133
tot_uptimes: 955
tot_uptimes_duration: 57240.03647998674
