comms_cons: 370.80371202147245
finished_reconf: true
global_termination_time: 3725912.675
local_termination_time: 1114730.01236
node_cons: 76655.3950667002
tot_aggregated_send: 51098
tot_msg_rcv: 1886
tot_msg_sent: 3376
tot_reconf_duration: 8.09
tot_sleeping_duration: 3668672.6385200135
tot_uptimes: 955
tot_uptimes_duration: 57240.036479986506
