comms_cons: 375.8104448468341
finished_reconf: true
global_termination_time: 3723753.6921199965
local_termination_time: 135082.51260000007
node_cons: 76616.5615519597
tot_aggregated_send: 51736
tot_msg_rcv: 1872
tot_msg_sent: 3512
tot_reconf_duration: 22.65
tot_sleeping_duration: 3666557.4241200252
tot_uptimes: 954
tot_uptimes_duration: 57196.267999971285
