comms_cons: 369.7970944261192
finished_reconf: true
global_termination_time: 3724804.811
local_termination_time: 1037331.7723999992
node_cons: 76576.88563005094
tot_aggregated_send: 51504
tot_msg_rcv: 1547
tot_msg_sent: 3156
tot_reconf_duration: 9.42
tot_sleeping_duration: 3667624.7562800203
tot_uptimes: 954
tot_uptimes_duration: 57180.05471997961
