comms_cons: 61.970111999157375
finished_reconf: true
global_termination_time: 608029.605
local_termination_time: 3255.0376
node_cons: 12461.244522236
tot_aggregated_send: 8062
tot_msg_rcv: 427
tot_msg_sent: 930
tot_reconf_duration: 6.279999999999999
tot_sleeping_duration: 598729.592840003
tot_uptimes: 156
tot_uptimes_duration: 9300.012159997
