comms_cons: 63.59910399937319
finished_reconf: true
global_termination_time: 611215.153
local_termination_time: 373219.6072000002
node_cons: 12550.23224560258
tot_aggregated_send: 8178
tot_msg_rcv: 623
tot_msg_sent: 866
tot_reconf_duration: 12.629999999999999
tot_sleeping_duration: 601855.1225999981
tot_uptimes: 157
tot_uptimes_duration: 9360.03040000191
