comms_cons: 61.38856960016499
finished_reconf: true
global_termination_time: 607320.464
local_termination_time: 358203.4123200007
node_cons: 12473.556143359745
tot_aggregated_send: 8352
tot_msg_rcv: 348
tot_msg_sent: 630
tot_reconf_duration: 15.34
tot_sleeping_duration: 598020.4457600003
tot_uptimes: 156
tot_uptimes_duration: 9300.018239999772
