comms_cons: 173.18442878052252
finished_reconf: true
global_termination_time: 1689868.15
local_termination_time: 165588.32964000085
node_cons: 34715.489651177486
tot_aggregated_send: 22504
tot_msg_rcv: 1257
tot_msg_sent: 2562
tot_reconf_duration: 6.279999999999999
tot_sleeping_duration: 1663948.0892000168
tot_uptimes: 433
tot_uptimes_duration: 25920.060799983214
