comms_cons: 33.067059200802774
finished_reconf: true
global_termination_time: 326633.798
local_termination_time: 178528.1759600006
node_cons: 6672.378182242854
tot_aggregated_send: 4466
tot_msg_rcv: 212
tot_msg_sent: 348
tot_reconf_duration: 3.05
tot_sleeping_duration: 321653.7858399979
tot_uptimes: 84
tot_uptimes_duration: 4980.0121600021375
