comms_cons: 79.72371840174586
finished_reconf: true
global_termination_time: 555225.2767199997
local_termination_time: 555225.2355999998
node_cons: 11477.71416161019
tot_aggregated_send: 3396
tot_msg_rcv: 3799
tot_msg_sent: 4936
tot_reconf_duration: 37.410000000000004
tot_sleeping_duration: 546691.3623199922
tot_uptimes: 143
tot_uptimes_duration: 8533.914400007598
