comms_cons: 55.42380799945397
finished_reconf: true
global_termination_time: 555226.014
local_termination_time: 197501.65436000007
node_cons: 11415.844060000025
tot_aggregated_send: 7946
tot_msg_rcv: 193
tot_msg_sent: 285
tot_reconf_duration: 5.57
tot_sleeping_duration: 546706.014
tot_uptimes: 143
tot_uptimes_duration: 8520.0
