comms_cons: 55.042214400241726
finished_reconf: true
global_termination_time: 556171.517
local_termination_time: 8634.252760000003
node_cons: 11412.462640000016
tot_aggregated_send: 8004
tot_msg_rcv: 131
tot_msg_sent: 231
tot_reconf_duration: 3.08
tot_sleeping_duration: 547651.517
tot_uptimes: 143
tot_uptimes_duration: 8520.0
