comms_cons: 54.46324479956405
finished_reconf: true
global_termination_time: 555226.1405599986
local_termination_time: 298792.65236000007
node_cons: 11491.086137838103
tot_aggregated_send: 8178
tot_msg_rcv: 15
tot_msg_sent: 84
tot_reconf_duration: 12.629999999999999
tot_sleeping_duration: 546657.108
tot_uptimes: 143
tot_uptimes_duration: 8569.032559998566
