comms_cons: 55.43523840050181
finished_reconf: true
global_termination_time: 557864.237
local_termination_time: 57008.14136000001
node_cons: 11423.647121119164
tot_aggregated_send: 7656
tot_msg_rcv: 197
tot_msg_sent: 571
tot_reconf_duration: 11.31
tot_sleeping_duration: 549344.2309200007
tot_uptimes: 143
tot_uptimes_duration: 8520.006079999366
