comms_cons: 365.9482624275038
finished_reconf: true
global_termination_time: 3707124.307
local_termination_time: 2728273.13636
node_cons: 76249.61836446563
tot_aggregated_send: 51852
tot_msg_rcv: 1262
tot_msg_sent: 2508
tot_reconf_duration: 5.1
tot_sleeping_duration: 3650184.2826800095
tot_uptimes: 950
tot_uptimes_duration: 56940.02431999054
