comms_cons: 368.02133763633447
finished_reconf: true
global_termination_time: 3706051.445
local_termination_time: 1792778.7174799999
node_cons: 76277.05810558303
tot_aggregated_send: 52200
tot_msg_rcv: 1233
tot_msg_sent: 2504
tot_reconf_duration: 25.299999999999997
tot_sleeping_duration: 3649111.4146000114
tot_uptimes: 950
tot_uptimes_duration: 56940.03039998864
