comms_cons: 371.97480963467893
finished_reconf: true
global_termination_time: 3706203.739
local_termination_time: 859435.5383599999
node_cons: 76255.12093228489
tot_aggregated_send: 51910
tot_msg_rcv: 1491
tot_msg_sent: 3137
tot_reconf_duration: 9.11
tot_sleeping_duration: 3649263.672120025
tot_uptimes: 950
tot_uptimes_duration: 56940.066879975144
