comms_cons: 373.4932224557847
finished_reconf: true
global_termination_time: 3706200.368
local_termination_time: 171981.367
node_cons: 76270.60073523188
tot_aggregated_send: 51388
tot_msg_rcv: 1722
tot_msg_sent: 3658
tot_reconf_duration: 18.700000000000003
tot_sleeping_duration: 3649258.4664800344
tot_uptimes: 950
tot_uptimes_duration: 56941.90151996541
