comms_cons: 369.2349696203123
finished_reconf: true
global_termination_time: 3705377.443
local_termination_time: 2328138.9056000006
node_cons: 76169.73464558383
tot_aggregated_send: 51504
tot_msg_rcv: 1549
tot_msg_sent: 3067
tot_reconf_duration: 5.43
tot_sleeping_duration: 3648497.4126000106
tot_uptimes: 949
tot_uptimes_duration: 56880.030399989104
