comms_cons: 46.88995840072286
finished_reconf: true
global_termination_time: 459574.775
local_termination_time: 118893.33595999992
node_cons: 9410.415842242883
tot_aggregated_send: 6090
tot_msg_rcv: 343
tot_msg_sent: 694
tot_reconf_duration: 7.819999999999999
tot_sleeping_duration: 452554.7628399979
tot_uptimes: 118
tot_uptimes_duration: 7020.0121600021375
