comms_cons: 103.71256319659014
finished_reconf: true
global_termination_time: 1032934.96
local_termination_time: 1402.9212400000001
node_cons: 21216.634147831657
tot_aggregated_send: 13862
tot_msg_rcv: 614
tot_msg_sent: 1286
tot_reconf_duration: 5.02
tot_sleeping_duration: 1017094.9174400062
tot_uptimes: 265
tot_uptimes_duration: 15840.042559993748
