comms_cons: 169.59861753702225
finished_reconf: true
global_termination_time: 1248350.205
local_termination_time: 598779.27236
node_cons: 25632.610041116935
tot_aggregated_send: 0
tot_msg_rcv: 13061
tot_msg_sent: 12717
tot_reconf_duration: 3.05
tot_sleeping_duration: 1229210.1989200024
tot_uptimes: 320
tot_uptimes_duration: 19140.006079997635
