comms_cons: 219.31062394317624
finished_reconf: true
global_termination_time: 750237.6926799995
local_termination_time: 312.5450399999995
node_cons: 30700.616021519476
tot_aggregated_send: 0
tot_msg_rcv: 11194
tot_msg_sent: 22136
tot_reconf_duration: 6.22
tot_sleeping_duration: 727315.983
tot_uptimes: 377
tot_uptimes_duration: 22921.70967999957
