comms_cons: 340.29687013107724
finished_reconf: true
global_termination_time: 1727835.4896
local_termination_time: 1057.9324800000004
node_cons: 35548.75043175949
tot_aggregated_send: 0
tot_msg_rcv: 26083
tot_msg_sent: 25640
tot_reconf_duration: 13.17
tot_sleeping_duration: 1701300.1157600004
tot_uptimes: 443
tot_uptimes_duration: 26535.373839999666
