comms_cons: 170.37496319307888
finished_reconf: true
global_termination_time: 1732539.784
local_termination_time: 1135621.8163599998
node_cons: 35605.987121116836
tot_aggregated_send: 24070
tot_msg_rcv: 514
tot_msg_sent: 1312
tot_reconf_duration: 11.31
tot_sleeping_duration: 1705959.7779200024
tot_uptimes: 444
tot_uptimes_duration: 26580.006079997635
