comms_cons: 0.7500288000004707
finished_reconf: true
global_termination_time: 6087.435
local_termination_time: 2013.1093600000002
node_cons: 86.87197999999962
tot_aggregated_send: 0
tot_msg_rcv: 59
tot_msg_sent: 54
tot_reconf_duration: 4.8100000000000005
tot_sleeping_duration: 6027.435
tot_uptimes: 2
tot_uptimes_duration: 59.99999999999977
