comms_cons: 50.71109120369419
finished_reconf: true
global_termination_time: 231790.02848000062
local_termination_time: 255.15903999999998
node_cons: 4819.194249685446
tot_aggregated_send: 0
tot_msg_rcv: 4233
tot_msg_sent: 3476
tot_reconf_duration: 18.21
tot_sleeping_duration: 228209.39735999654
tot_uptimes: 60
tot_uptimes_duration: 3580.6311200040655
