comms_cons: 1.5658495999969382
finished_reconf: true
global_termination_time: 11947.403
local_termination_time: 5262.827359999999
node_cons: 245.16189999999904
tot_aggregated_send: 0
tot_msg_rcv: 122
tot_msg_sent: 116
tot_reconf_duration: 3.05
tot_sleeping_duration: 11767.403
tot_uptimes: 4
tot_uptimes_duration: 180.0
