comms_cons: 502.92335333825974
finished_reconf: true
global_termination_time: 1041689.2175999999
local_termination_time: 1041689.1764799999
node_cons: 63142.373544522954
tot_aggregated_send: 0
tot_msg_rcv: 30905
tot_msg_sent: 45536
tot_reconf_duration: 24.59
tot_sleeping_duration: 994557.7909199967
tot_uptimes: 774
tot_uptimes_duration: 47131.42668000309
