comms_cons: 104.17505279591455
finished_reconf: true
global_termination_time: 1041709.994
local_termination_time: 195760.67836000005
node_cons: 21458.153940000022
tot_aggregated_send: 14906
tot_msg_rcv: 353
tot_msg_sent: 575
tot_reconf_duration: 5.43
tot_sleeping_duration: 1025689.994
tot_uptimes: 267
tot_uptimes_duration: 16020.0
