comms_cons: 77.15447039923727
finished_reconf: true
global_termination_time: 778929.165
local_termination_time: 331348.15236000007
node_cons: 15998.287701116866
tot_aggregated_send: 10962
tot_msg_rcv: 246
tot_msg_sent: 519
tot_reconf_duration: 7.819999999999999
tot_sleeping_duration: 766989.1589200024
tot_uptimes: 200
tot_uptimes_duration: 11940.006079997635
