comms_cons: 918.02149136811
finished_reconf: true
global_termination_time: 9413195.58
local_termination_time: 4434898.578159999
node_cons: 193639.95194446083
tot_aggregated_send: 130964
tot_msg_rcv: 2834
tot_msg_sent: 5735
tot_reconf_duration: 15.110000000000001
tot_sleeping_duration: 9268595.555680009
tot_uptimes: 2411
tot_uptimes_duration: 144600.02431999147
