comms_cons: 911.2488320714215
finished_reconf: true
global_termination_time: 9410550.745
local_termination_time: 5411075.699
node_cons: 193561.8652820701
tot_aggregated_send: 133684
tot_msg_rcv: 1580
tot_msg_sent: 3239
tot_reconf_duration: 11.899999999999999
tot_sleeping_duration: 9266005.782280002
tot_uptimes: 2410
tot_uptimes_duration: 144544.96271999832
