comms_cons: 110.03774718989791
finished_reconf: true
global_termination_time: 1068403.786
local_termination_time: 562378.2123599999
node_cons: 21941.413368943926
tot_aggregated_send: 13746
tot_msg_rcv: 919
tot_msg_sent: 2061
tot_reconf_duration: 6.279999999999999
tot_sleeping_duration: 1052023.7373600123
tot_uptimes: 274
tot_uptimes_duration: 16380.048639987945
