comms_cons: 111.7246527876357
finished_reconf: true
global_termination_time: 1073282.468
local_termination_time: 585238.499759998
node_cons: 22020.84617677084
tot_aggregated_send: 13456
tot_msg_rcv: 1075
tot_msg_sent: 2450
tot_reconf_duration: 5.57
tot_sleeping_duration: 1056842.3768000219
tot_uptimes: 275
tot_uptimes_duration: 16440.091199978255
