comms_cons: 109.77510399224532
finished_reconf: true
global_termination_time: 1069279.79
local_termination_time: 712200.0015999979
node_cons: 21967.209964467424
tot_aggregated_send: 14152
tot_msg_rcv: 866
tot_msg_sent: 1667
tot_reconf_duration: 25.299999999999997
tot_sleeping_duration: 1052899.7656800095
tot_uptimes: 274
tot_uptimes_duration: 16380.024319990538
