comms_cons: 110.00259199113437
finished_reconf: true
global_termination_time: 1069023.678
local_termination_time: 648713.0394799999
node_cons: 21950.73742446742
tot_aggregated_send: 14268
tot_msg_rcv: 892
tot_msg_sent: 1559
tot_reconf_duration: 13.17
tot_sleeping_duration: 1052643.6536800095
tot_uptimes: 274
tot_uptimes_duration: 16380.024319990538
