comms_cons: 111.36611839192925
finished_reconf: true
global_termination_time: 1067027.18
local_termination_time: 799300.0076799984
node_cons: 21945.240226710208
tot_aggregated_send: 14036
tot_msg_rcv: 1095
tot_msg_sent: 1796
tot_reconf_duration: 9.11
tot_sleeping_duration: 1050647.1435200074
tot_uptimes: 274
tot_uptimes_duration: 16380.036479992676
