comms_cons: 108.97254399363221
finished_reconf: true
global_termination_time: 1066764.0346
local_termination_time: 40449.57436000001
node_cons: 21944.04799511456
tot_aggregated_send: 14500
tot_msg_rcv: 718
tot_msg_sent: 1345
tot_reconf_duration: 3.05
tot_sleeping_duration: 1050378.742520004
tot_uptimes: 274
tot_uptimes_duration: 16385.29207999591
