comms_cons: 112.61791998554943
finished_reconf: true
global_termination_time: 1073547.704
local_termination_time: 297313.71012000093
node_cons: 22021.67188893925
tot_aggregated_send: 13514
tot_msg_rcv: 1222
tot_msg_sent: 2381
tot_reconf_duration: 6.22
tot_sleeping_duration: 1057107.6553600156
tot_uptimes: 275
tot_uptimes_duration: 16440.04863998451
