comms_cons: 109.97808639286077
finished_reconf: true
global_termination_time: 1066857.948
local_termination_time: 753178.3934799997
node_cons: 21948.211544471877
tot_aggregated_send: 13920
tot_msg_rcv: 886
tot_msg_sent: 1909
tot_reconf_duration: 11.31
tot_sleeping_duration: 1050477.923680006
tot_uptimes: 274
tot_uptimes_duration: 16380.024319993972
