comms_cons: 7.2568576001468985
finished_reconf: true
global_termination_time: 62142.476
local_termination_time: 39243.507
node_cons: 1222.1591638405555
tot_aggregated_send: 406
tot_msg_rcv: 237
tot_msg_sent: 460
tot_reconf_duration: 9.42
tot_sleeping_duration: 61239.289439999586
tot_uptimes: 16
tot_uptimes_duration: 903.1865600004166
