comms_cons: 9.256096000153555
finished_reconf: true
global_termination_time: 64320.24
local_termination_time: 43893.061
node_cons: 1301.3067444805401
tot_aggregated_send: 406
tot_msg_rcv: 479
tot_msg_sent: 520
tot_reconf_duration: 10.95
tot_sleeping_duration: 63359.49567999959
tot_uptimes: 17
tot_uptimes_duration: 960.7443200004054
