comms_cons: 8.78193920014213
finished_reconf: true
global_termination_time: 63970.754
local_termination_time: 26671.49836
node_cons: 1294.6580833608746
tot_aggregated_send: 232
tot_msg_rcv: 404
tot_msg_sent: 699
tot_reconf_duration: 6.77
tot_sleeping_duration: 63010.73575999935
tot_uptimes: 17
tot_uptimes_duration: 960.0182400006524
