comms_cons: 2.309299199992369
finished_reconf: true
global_termination_time: 16240.639
local_termination_time: 7506.77436
node_cons: 325.5426399999999
tot_aggregated_send: 0
tot_msg_rcv: 177
tot_msg_sent: 174
tot_reconf_duration: 3.08
tot_sleeping_duration: 16000.639
tot_uptimes: 5
tot_uptimes_duration: 240.0
