comms_cons: 2.4343039999961764
finished_reconf: true
global_termination_time: 18198.272
local_termination_time: 4001.6413600000005
node_cons: 325.50190000000026
tot_aggregated_send: 0
tot_msg_rcv: 194
tot_msg_sent: 176
tot_reconf_duration: 3.05
tot_sleeping_duration: 17958.272
tot_uptimes: 5
tot_uptimes_duration: 240.0
