comms_cons: 200.0866303892454
finished_reconf: true
global_termination_time: 1996872.801
local_termination_time: 360686.24008000013
node_cons: 41059.734184471716
tot_aggregated_send: 27840
tot_msg_rcv: 943
tot_msg_sent: 1629
tot_reconf_duration: 4.390000000000001
tot_sleeping_duration: 1966212.776680006
tot_uptimes: 512
tot_uptimes_duration: 30660.02431999409
