comms_cons: 307.78763520188556
finished_reconf: true
global_termination_time: 3099709.761
local_termination_time: 1719133.49248
node_cons: 63730.47614334964
tot_aggregated_send: 42630
tot_msg_rcv: 1433
tot_msg_sent: 2717
tot_reconf_duration: 15.34
tot_sleeping_duration: 3052129.742760007
tot_uptimes: 794
tot_uptimes_duration: 47580.01823999314
