comms_cons: 303.88071680324236
finished_reconf: true
global_termination_time: 3096180.142
local_termination_time: 1772077.5635999998
node_cons: 63640.298784466795
tot_aggregated_send: 43036
tot_msg_rcv: 1119
tot_msg_sent: 2034
tot_reconf_duration: 8.09
tot_sleeping_duration: 3048660.117680009
tot_uptimes: 793
tot_uptimes_duration: 47520.024319991004
