comms_cons: 311.8045503998369
finished_reconf: true
global_termination_time: 3097299.55
local_termination_time: 363721.21536000003
node_cons: 63716.24153228514
tot_aggregated_send: 43152
tot_msg_rcv: 1502
tot_msg_sent: 2738
tot_reconf_duration: 4.8100000000000005
tot_sleeping_duration: 3049719.483120025
tot_uptimes: 794
tot_uptimes_duration: 47580.06687997491
