comms_cons: 306.7132864070531
finished_reconf: true
global_termination_time: 3098118.585
local_termination_time: 1667934.46736
node_cons: 63717.03464558343
tot_aggregated_send: 42688
tot_msg_rcv: 1315
tot_msg_sent: 2615
tot_reconf_duration: 5.43
tot_sleeping_duration: 3050538.554600011
tot_uptimes: 794
tot_uptimes_duration: 47580.03039998864
