comms_cons: 270.05277443045736
finished_reconf: true
global_termination_time: 2808339.019
local_termination_time: 7448.945000000001
node_cons: 57860.7564655847
tot_aggregated_send: 38852
tot_msg_rcv: 833
tot_msg_sent: 1361
tot_reconf_duration: 11.719999999999999
tot_sleeping_duration: 2765138.9886000105
tot_uptimes: 720
tot_uptimes_duration: 43200.03039998934
