comms_cons: 246.005267185267
finished_reconf: true
global_termination_time: 2416360.834
local_termination_time: 1144846.8455999997
node_cons: 49656.12232558366
tot_aggregated_send: 32944
tot_msg_rcv: 1542
tot_msg_sent: 2905
tot_reconf_duration: 4.390000000000001
tot_sleeping_duration: 2379280.8036000114
tot_uptimes: 619
tot_uptimes_duration: 37080.030399988405
