comms_cons: 90.09521919615649
finished_reconf: true
global_termination_time: 896929.641
local_termination_time: 518603.7213600001
node_cons: 18428.643123350557
tot_aggregated_send: 12238
tot_msg_rcv: 509
tot_msg_sent: 947
tot_reconf_duration: 22.65
tot_sleeping_duration: 883189.622760007
tot_uptimes: 230
tot_uptimes_duration: 13740.018239992904
