comms_cons: 90.62497279433639
finished_reconf: true
global_termination_time: 898306.141
local_termination_time: 276038.82604000025
node_cons: 18486.768945588745
tot_aggregated_send: 12470
tot_msg_rcv: 431
tot_msg_sent: 873
tot_reconf_duration: 6.279999999999999
tot_sleeping_duration: 884506.1106000084
tot_uptimes: 231
tot_uptimes_duration: 13800.030399991607
