comms_cons: 92.3681215964389
finished_reconf: true
global_termination_time: 901090.247
local_termination_time: 88248.65187999974
node_cons: 18489.243207840835
tot_aggregated_send: 11774
tot_msg_rcv: 742
tot_msg_sent: 1523
tot_reconf_duration: 8.09
tot_sleeping_duration: 887290.2044399994
tot_uptimes: 231
tot_uptimes_duration: 13800.04256000061
