comms_cons: 89.96523519885494
finished_reconf: true
global_termination_time: 901619.593
local_termination_time: 307154.26048000006
node_cons: 18498.743803364297
tot_aggregated_send: 12528
tot_msg_rcv: 343
tot_msg_sent: 803
tot_reconf_duration: 15.110000000000001
tot_sleeping_duration: 887819.5747599967
tot_uptimes: 231
tot_uptimes_duration: 13800.018240003206
