comms_cons: 90.22714879379583
finished_reconf: true
global_termination_time: 896805.052
local_termination_time: 500199.63548000006
node_cons: 18410.68492447653
tot_aggregated_send: 12296
tot_msg_rcv: 436
tot_msg_sent: 982
tot_reconf_duration: 9.42
tot_sleeping_duration: 883065.0276800026
tot_uptimes: 230
tot_uptimes_duration: 13740.024319997407
