comms_cons: 90.33493119473381
finished_reconf: true
global_termination_time: 899903.741
local_termination_time: 335235.38640000083
node_cons: 18488.8602655888
tot_aggregated_send: 12470
tot_msg_rcv: 389
tot_msg_sent: 871
tot_reconf_duration: 7.819999999999999
tot_sleeping_duration: 886103.7106000084
tot_uptimes: 231
tot_uptimes_duration: 13800.030399991607
