comms_cons: 93.62085759282779
finished_reconf: true
global_termination_time: 896606.02524
local_termination_time: 305206.3457200001
node_cons: 18433.70450165443
tot_aggregated_send: 11310
tot_msg_rcv: 991
tot_msg_sent: 1926
tot_reconf_duration: 11.31
tot_sleeping_duration: 882850.7261200191
tot_uptimes: 230
tot_uptimes_duration: 13755.29911998089
