comms_cons: 68.6228415979878
finished_reconf: true
global_termination_time: 658990.604
local_termination_time: 25447.138000000003
node_cons: 13504.151634563159
tot_aggregated_send: 8462
tot_msg_rcv: 670
tot_msg_sent: 1299
tot_reconf_duration: 5.1
tot_sleeping_duration: 648910.5249599976
tot_uptimes: 169
tot_uptimes_duration: 10080.079040002345
