comms_cons: 66.96372479998033
finished_reconf: true
global_termination_time: 658999.3
local_termination_time: 90011.8647199994
node_cons: 13520.215698803193
tot_aggregated_send: 8816
tot_msg_rcv: 427
tot_msg_sent: 936
tot_reconf_duration: 9.11
tot_sleeping_duration: 648911.2907999976
tot_uptimes: 169
tot_uptimes_duration: 10088.009200002372
