comms_cons: 59.5962752001341
finished_reconf: true
global_termination_time: 593162.839
local_termination_time: 4896.790480000001
node_cons: 12146.210100000017
tot_aggregated_send: 8120
tot_msg_rcv: 334
tot_msg_sent: 606
tot_reconf_duration: 10.95
tot_sleeping_duration: 584102.839
tot_uptimes: 152
tot_uptimes_duration: 9060.0
