comms_cons: 60.758911998148115
finished_reconf: true
global_termination_time: 594643.052
local_termination_time: 103343.23959999994
node_cons: 12220.15118336203
tot_aggregated_send: 7946
tot_msg_rcv: 421
tot_msg_sent: 868
tot_reconf_duration: 6.22
tot_sleeping_duration: 585523.0337599985
tot_uptimes: 153
tot_uptimes_duration: 9120.018240001504
