comms_cons: 60.38389759985257
finished_reconf: true
global_termination_time: 594773.983
local_termination_time: 43968.73860000002
node_cons: 12227.079685607167
tot_aggregated_send: 8178
tot_msg_rcv: 367
tot_msg_sent: 633
tot_reconf_duration: 11.31
tot_sleeping_duration: 585653.9525999946
tot_uptimes: 153
tot_uptimes_duration: 9120.030400005344
