comms_cons: 278.72683522632633
finished_reconf: true
global_termination_time: 2810293.456
local_termination_time: 7399.453
node_cons: 57859.175746700275
tot_aggregated_send: 39139
tot_msg_rcv: 1142
tot_msg_sent: 2084
tot_reconf_duration: 10.55
tot_sleeping_duration: 2767093.419520014
tot_uptimes: 720
tot_uptimes_duration: 43200.03647998604
