comms_cons: 121.06670079238602
finished_reconf: true
global_termination_time: 1221044.288
local_termination_time: 516357.06744000065
node_cons: 25084.005565588777
tot_aggregated_send: 16008
tot_msg_rcv: 888
tot_msg_sent: 1506
tot_reconf_duration: 13.17
tot_sleeping_duration: 1202324.2576000083
tot_uptimes: 313
tot_uptimes_duration: 18720.030399991607
