comms_cons: 123.73564159213012
finished_reconf: true
global_termination_time: 1221355.752
local_termination_time: 467533.37604000076
node_cons: 25070.319627817884
tot_aggregated_send: 15950
tot_msg_rcv: 1100
tot_msg_sent: 1758
tot_reconf_duration: 3.08
tot_sleeping_duration: 1202635.7094400167
tot_uptimes: 313
tot_uptimes_duration: 18720.04255998344
