comms_cons: 121.40597759170878
finished_reconf: true
global_termination_time: 1220942.453
local_termination_time: 455612.489480001
node_cons: 25074.74741719328
tot_aggregated_send: 16704
tot_msg_rcv: 525
tot_msg_sent: 1225
tot_reconf_duration: 4.8100000000000005
tot_sleeping_duration: 1202220.858200005
tot_uptimes: 313
tot_uptimes_duration: 18721.594799994957
