comms_cons: 123.99188479664677
finished_reconf: true
global_termination_time: 1223373.893
local_termination_time: 310006.13588000095
node_cons: 25150.61888783632
tot_aggregated_send: 16762
tot_msg_rcv: 680
tot_msg_sent: 1406
tot_reconf_duration: 3.05
tot_sleeping_duration: 1204593.8504400027
tot_uptimes: 314
tot_uptimes_duration: 18780.04255999718
