comms_cons: 600.5020996765626
finished_reconf: true
global_termination_time: 3628116.51
local_termination_time: 2462942.74536
node_cons: 74642.80208223204
tot_aggregated_send: 0
tot_msg_rcv: 46027
tot_msg_sent: 45246
tot_reconf_duration: 5.1
tot_sleeping_duration: 3572376.4978400045
tot_uptimes: 930
tot_uptimes_duration: 55740.01215999527
