comms_cons: 357.5018240007461
finished_reconf: true
global_termination_time: 3630297.663
local_termination_time: 2649973.8333599996
node_cons: 74670.24182334881
tot_aggregated_send: 50750
tot_msg_rcv: 1401
tot_msg_sent: 2188
tot_reconf_duration: 25.299999999999997
tot_sleeping_duration: 3574557.644760007
tot_uptimes: 930
tot_uptimes_duration: 55740.01823999314
