comms_cons: 361.3350848081892
finished_reconf: true
global_termination_time: 3628767.081
local_termination_time: 1224952.375
node_cons: 74652.14994542627
tot_aggregated_send: 49703
tot_msg_rcv: 1721
tot_msg_sent: 3495
tot_reconf_duration: 8.09
tot_sleeping_duration: 3573023.120040009
tot_uptimes: 930
tot_uptimes_duration: 55743.960959990975
