comms_cons: 360.18119040438677
finished_reconf: true
global_termination_time: 3630607.874
local_termination_time: 1119883.70348
node_cons: 74648.26394446603
tot_aggregated_send: 49590
tot_msg_rcv: 1616
tot_msg_sent: 3538
tot_reconf_duration: 9.11
tot_sleeping_duration: 3574867.8496800093
tot_uptimes: 930
tot_uptimes_duration: 55740.02431999077
