comms_cons: 363.040883207699
finished_reconf: true
global_termination_time: 3630828.886
local_termination_time: 246892.50776000042
node_cons: 74650.79522893779
tot_aggregated_send: 50112
tot_msg_rcv: 1767
tot_msg_sent: 3302
tot_reconf_duration: 10.95
tot_sleeping_duration: 3575088.837360015
tot_uptimes: 930
tot_uptimes_duration: 55740.04863998474
