comms_cons: 361.5665152334655
finished_reconf: true
global_termination_time: 3630599.259
local_termination_time: 1981804.8432799983
node_cons: 74643.2746455839
tot_aggregated_send: 49822
tot_msg_rcv: 1663
tot_msg_sent: 3471
tot_reconf_duration: 5.43
tot_sleeping_duration: 3574859.2286000107
tot_uptimes: 930
tot_uptimes_duration: 55740.03039998934
