comms_cons: 87.59546879831883
finished_reconf: true
global_termination_time: 880172.7254399986
local_termination_time: 880172.6843199986
node_cons: 18173.377673758325
tot_aggregated_send: 12398
tot_msg_rcv: 233
tot_msg_sent: 682
tot_reconf_duration: 24.59
tot_sleeping_duration: 866625.3135999999
tot_uptimes: 226
tot_uptimes_duration: 13547.41183999872
