comms_cons: 574.9598844532343
finished_reconf: true
global_termination_time: 1187195.1738399987
local_termination_time: 1187195.1327199987
node_cons: 72263.00336622293
tot_aggregated_send: 0
tot_msg_rcv: 35300
tot_msg_sent: 52089
tot_reconf_duration: 37.410000000000004
tot_sleeping_duration: 1133265.2256800104
tot_uptimes: 880
tot_uptimes_duration: 53929.948159988395
