comms_cons: 118.30059519560865
finished_reconf: true
global_termination_time: 1187730.581
local_termination_time: 346205.64936000004
node_cons: 24441.269283355112
tot_aggregated_send: 16240
tot_msg_rcv: 528
tot_msg_sent: 1213
tot_reconf_duration: 13.17
tot_sleeping_duration: 1169490.5627600036
tot_uptimes: 305
tot_uptimes_duration: 18240.018239996338
