comms_cons: 122.06417919204438
finished_reconf: true
global_termination_time: 1189532.738
local_termination_time: 307311.3275200004
node_cons: 24427.607768948514
tot_aggregated_send: 15602
tot_msg_rcv: 909
tot_msg_sent: 2044
tot_reconf_duration: 3.08
tot_sleeping_duration: 1171292.6893600083
tot_uptimes: 305
tot_uptimes_duration: 18240.04863999138
