comms_cons: 121.75632638760382
finished_reconf: true
global_termination_time: 1188174.106
local_termination_time: 227243.98188000044
node_cons: 24431.87188895309
tot_aggregated_send: 15022
tot_msg_rcv: 1152
tot_msg_sent: 2333
tot_reconf_duration: 6.22
tot_sleeping_duration: 1169934.057360005
tot_uptimes: 305
tot_uptimes_duration: 18240.048639994813
