comms_cons: 29.71189760038512
finished_reconf: true
global_termination_time: 287810.734
local_termination_time: 198655.531
node_cons: 5916.719153361276
tot_aggregated_send: 3768
tot_msg_rcv: 280
tot_msg_sent: 467
tot_reconf_duration: 22.65
tot_sleeping_duration: 283414.94575999904
tot_uptimes: 74
tot_uptimes_duration: 4395.788240000955
