comms_cons: 30.093260800365574
finished_reconf: true
global_termination_time: 287638.488
local_termination_time: 273933.79036000004
node_cons: 5951.691980000003
tot_aggregated_send: 3596
tot_msg_rcv: 285
tot_msg_sent: 693
tot_reconf_duration: 4.8100000000000005
tot_sleeping_duration: 283198.488
tot_uptimes: 74
tot_uptimes_duration: 4440.0
