comms_cons: 61.705267199109784
finished_reconf: true
global_termination_time: 592685.4184399995
local_termination_time: 592685.3773199995
node_cons: 12191.695324002501
tot_aggregated_send: 7700
tot_msg_rcv: 609
tot_msg_sent: 1069
tot_reconf_duration: 24.59
tot_sleeping_duration: 583605.2824399975
tot_uptimes: 152
tot_uptimes_duration: 9080.136000001847
