comms_cons: 60.07467520138808
finished_reconf: true
global_termination_time: 594957.887
local_termination_time: 349625.7232000002
node_cons: 12219.26848336432
tot_aggregated_send: 8062
tot_msg_rcv: 317
tot_msg_sent: 752
tot_reconf_duration: 5.57
tot_sleeping_duration: 585837.8687599968
tot_uptimes: 153
tot_uptimes_duration: 9120.018240003206
