comms_cons: 61.1602431998562
finished_reconf: true
global_termination_time: 595637.52
local_termination_time: 162856.13896000013
node_cons: 12222.323983364278
tot_aggregated_send: 7830
tot_msg_rcv: 481
tot_msg_sent: 985
tot_reconf_duration: 7.819999999999999
tot_sleeping_duration: 586517.5017599968
tot_uptimes: 153
tot_uptimes_duration: 9120.018240003206
