comms_cons: 58.075225599764565
finished_reconf: true
global_termination_time: 558786.747
local_termination_time: 167031.34836000006
node_cons: 11519.419405597962
tot_aggregated_send: 7366
tot_msg_rcv: 549
tot_msg_sent: 912
tot_reconf_duration: 22.65
tot_sleeping_duration: 550206.7166000014
tot_uptimes: 144
tot_uptimes_duration: 8580.030399998475
