comms_cons: 110.18930560734876
finished_reconf: true
global_termination_time: 557888.741
local_termination_time: 1399.40036
node_cons: 11415.876624485738
tot_aggregated_send: 0
tot_msg_rcv: 8498
tot_msg_sent: 8246
tot_reconf_duration: 5.57
tot_sleeping_duration: 549368.7166799958
tot_uptimes: 143
tot_uptimes_duration: 8520.024320004275
