comms_cons: 481.27759363231195
finished_reconf: true
global_termination_time: 557088.3065999998
local_termination_time: 557088.2654799998
node_cons: 55549.064035345385
tot_aggregated_send: 0
tot_msg_rcv: 33089
tot_msg_sent: 40062
tot_reconf_duration: 37.410000000000004
tot_sleeping_duration: 515640.7627199802
tot_uptimes: 668
tot_uptimes_duration: 41447.54388001959
