comms_cons: 56.818809599999284
finished_reconf: true
global_termination_time: 557995.416
local_termination_time: 121982.12395999963
node_cons: 11414.852685607166
tot_aggregated_send: 7308
tot_msg_rcv: 396
tot_msg_sent: 932
tot_reconf_duration: 4.8100000000000005
tot_sleeping_duration: 549475.3855999946
tot_uptimes: 143
tot_uptimes_duration: 8520.030400005344
