comms_cons: 57.99627520117199
finished_reconf: true
global_termination_time: 558419.393
local_termination_time: 177199.3588800009
node_cons: 11511.316285442657
tot_aggregated_send: 7482
tot_msg_rcv: 524
tot_msg_sent: 810
tot_reconf_duration: 12.629999999999999
tot_sleeping_duration: 549835.2520399981
tot_uptimes: 144
tot_uptimes_duration: 8584.140960001969
