comms_cons: 57.39036160033954
finished_reconf: true
global_termination_time: 558020.603
local_termination_time: 131997.17948000008
node_cons: 11414.266043364327
tot_aggregated_send: 7424
tot_msg_rcv: 483
tot_msg_sent: 816
tot_reconf_duration: 4.390000000000001
tot_sleeping_duration: 549500.5847599967
tot_uptimes: 143
tot_uptimes_duration: 8520.018240003206
