comms_cons: 56.44953600041607
finished_reconf: true
global_termination_time: 557129.648
local_termination_time: 131999.22956000068
node_cons: 11492.7619
tot_aggregated_send: 7714
tot_msg_rcv: 286
tot_msg_sent: 580
tot_reconf_duration: 3.05
tot_sleeping_duration: 548549.648
tot_uptimes: 143
tot_uptimes_duration: 8580.0
