comms_cons: 112.7125632067346
finished_reconf: true
global_termination_time: 561372.705
local_termination_time: 3543.56536
node_cons: 11504.0278267286
tot_aggregated_send: 0
tot_msg_rcv: 8829
tot_msg_sent: 8302
tot_reconf_duration: 11.31
tot_sleeping_duration: 552792.6685199935
tot_uptimes: 144
tot_uptimes_duration: 8580.036480006413
