comms_cons: 58.05527680117501
finished_reconf: true
global_termination_time: 557451.633
local_termination_time: 80438.46535999971
node_cons: 11415.727210092902
tot_aggregated_send: 6960
tot_msg_rcv: 579
tot_msg_sent: 1283
tot_reconf_duration: 5.43
tot_sleeping_duration: 548931.5782799904
tot_uptimes: 143
tot_uptimes_duration: 8520.054720009619
