comms_cons: 32.52819200146209
finished_reconf: true
global_termination_time: 291888.4547200001
local_termination_time: 291888.4136000001
node_cons: 5997.067037409839
tot_aggregated_send: 3350
tot_msg_rcv: 636
tot_msg_sent: 957
tot_reconf_duration: 24.59
tot_sleeping_duration: 287434.6281199928
tot_uptimes: 75
tot_uptimes_duration: 4453.8266000073345
