comms_cons: 215.62012159212975
finished_reconf: true
global_termination_time: 2176820.9814799996
local_termination_time: 2176820.9403599994
node_cons: 44801.13980095728
tot_aggregated_send: 31422
tot_msg_rcv: 472
tot_msg_sent: 878
tot_reconf_duration: 24.59
tot_sleeping_duration: 2143387.2648400012
tot_uptimes: 558
tot_uptimes_duration: 33433.71663999854
