comms_cons: 211.3305151832141
finished_reconf: true
global_termination_time: 2178110.928
local_termination_time: 1233201.03836
node_cons: 44755.95268558377
tot_aggregated_send: 29058
tot_msg_rcv: 1022
tot_msg_sent: 2041
tot_reconf_duration: 4.8100000000000005
tot_sleeping_duration: 2144690.897600012
tot_uptimes: 558
tot_uptimes_duration: 33420.03039998817
