comms_cons: 219.55567358497888
finished_reconf: true
global_termination_time: 2182372.743
local_termination_time: 287828.24536
node_cons: 44835.746748943326
tot_aggregated_send: 29870
tot_msg_rcv: 1273
tot_msg_sent: 2228
tot_reconf_duration: 4.390000000000001
tot_sleeping_duration: 2148892.694360012
tot_uptimes: 559
tot_uptimes_duration: 33480.048639987945
