comms_cons: 229.98909439254592
finished_reconf: true
global_termination_time: 2257582.201
local_termination_time: 915021.1453599998
node_cons: 46444.124765583554
tot_aggregated_send: 31088
tot_msg_rcv: 1431
tot_msg_sent: 2438
tot_reconf_duration: 5.57
tot_sleeping_duration: 2222902.170600012
tot_uptimes: 579
tot_uptimes_duration: 34680.03039998817
