comms_cons: 223.62700799899292
finished_reconf: true
global_termination_time: 2258186.503
local_termination_time: 1502814.3574799998
node_cons: 46454.404859999355
tot_aggregated_send: 32654
tot_msg_rcv: 476
tot_msg_sent: 859
tot_reconf_duration: 13.17
tot_sleeping_duration: 2223506.503
tot_uptimes: 579
tot_uptimes_duration: 34680.0
