comms_cons: 229.12063999056556
finished_reconf: true
global_termination_time: 2259021.187
local_termination_time: 762892.688999998
node_cons: 46443.08454446687
tot_aggregated_send: 31146
tot_msg_rcv: 1299
tot_msg_sent: 2380
tot_reconf_duration: 4.8100000000000005
tot_sleeping_duration: 2224341.1626800094
tot_uptimes: 579
tot_uptimes_duration: 34680.02431999054
