comms_cons: 224.48442239786
finished_reconf: true
global_termination_time: 2260610.784
local_termination_time: 494645.6403600001
node_cons: 46440.694464466855
tot_aggregated_send: 32306
tot_msg_rcv: 591
tot_msg_sent: 1223
tot_reconf_duration: 3.05
tot_sleeping_duration: 2225930.7596800094
tot_uptimes: 579
tot_uptimes_duration: 34680.02431999054
