comms_cons: 226.02556799777864
finished_reconf: true
global_termination_time: 2260216.579
local_termination_time: 47517.049480000016
node_cons: 46447.196547821884
tot_aggregated_send: 31958
tot_msg_rcv: 827
tot_msg_sent: 1569
tot_reconf_duration: 7.819999999999999
tot_sleeping_duration: 2225536.536440013
tot_uptimes: 579
tot_uptimes_duration: 34680.042559986876
