comms_cons: 444.48908778713565
finished_reconf: true
global_termination_time: 2257852.247
local_termination_time: 3188.0963600000005
node_cons: 46444.999324471384
tot_aggregated_send: 0
tot_msg_rcv: 34030
tot_msg_sent: 33530
tot_reconf_duration: 6.22
tot_sleeping_duration: 2223172.2226800057
tot_uptimes: 579
tot_uptimes_duration: 34680.02431999397
