comms_cons: 34.25131520010734
finished_reconf: true
global_termination_time: 346724.76152000093
local_termination_time: 1667.9073600000004
node_cons: 7153.759995281246
tot_aggregated_send: 5046
tot_msg_rcv: 59
tot_msg_sent: 100
tot_reconf_duration: 5.1
tot_sleeping_duration: 341387.32
tot_uptimes: 89
tot_uptimes_duration: 5337.441520000924
