comms_cons: 411.3314304387698
finished_reconf: true
global_termination_time: 4173682.215
local_termination_time: 917010.2223599998
node_cons: 85810.53464558246
tot_aggregated_send: 58290
tot_msg_rcv: 1324
tot_msg_sent: 2905
tot_reconf_duration: 5.43
tot_sleeping_duration: 4109602.184600011
tot_uptimes: 1069
tot_uptimes_duration: 64080.03039998864
