comms_cons: 0.6973951999996275
finished_reconf: true
global_termination_time: 6672.845
local_termination_time: 873.0053599999999
node_cons: 111.09869999999998
tot_aggregated_send: 0
tot_msg_rcv: 67
tot_msg_sent: 38
tot_reconf_duration: 22.65
tot_sleeping_duration: 6612.845
tot_uptimes: 2
tot_uptimes_duration: 60.0
