comms_cons: 289.8598143838442
finished_reconf: true
global_termination_time: 2951767.136
local_termination_time: 1855199.0963599999
node_cons: 60665.25266334938
tot_aggregated_send: 39962
tot_msg_rcv: 1377
tot_msg_sent: 2718
tot_reconf_duration: 6.279999999999999
tot_sleeping_duration: 2906467.1177600073
tot_uptimes: 756
tot_uptimes_duration: 45300.0182399929
