comms_cons: 293.61109761206154
finished_reconf: true
global_termination_time: 2949639.712
local_termination_time: 137142.92736000006
node_cons: 60663.28896782158
tot_aggregated_send: 40542
tot_msg_rcv: 1188
tot_msg_sent: 2897
tot_reconf_duration: 4.8100000000000005
tot_sleeping_duration: 2904339.669440013
tot_uptimes: 756
tot_uptimes_duration: 45300.04255998711
