comms_cons: 291.94856319078997
finished_reconf: true
global_termination_time: 2951486.759
local_termination_time: 1719144.914119999
node_cons: 60664.1065044664
tot_aggregated_send: 41238
tot_msg_rcv: 1092
tot_msg_sent: 2044
tot_reconf_duration: 5.43
tot_sleeping_duration: 2906186.7346800095
tot_uptimes: 756
tot_uptimes_duration: 45300.02431999077
