comms_cons: 53.640217600072724
finished_reconf: true
global_termination_time: 547236.08224
local_termination_time: 33982.90848000001
node_cons: 11275.171819360055
tot_aggregated_send: 8004
tot_msg_rcv: 36
tot_msg_sent: 113
tot_reconf_duration: 6.279999999999999
tot_sleeping_duration: 538821.86
tot_uptimes: 141
tot_uptimes_duration: 8414.222240000032
