comms_cons: 193.66654079317405
finished_reconf: true
global_termination_time: 1954277.67648
local_termination_time: 1954277.63536
node_cons: 40221.76794207922
tot_aggregated_send: 28058
tot_msg_rcv: 439
tot_msg_sent: 938
tot_reconf_duration: 24.59
tot_sleeping_duration: 1924263.9537600004
tot_uptimes: 501
tot_uptimes_duration: 30013.722719999612
