comms_cons: 822.4747001577476
finished_reconf: true
global_termination_time: 1954411.707
local_termination_time: 352445.75520000013
node_cons: 118639.25312346673
tot_aggregated_send: 0
tot_msg_rcv: 50471
tot_msg_sent: 74539
tot_reconf_duration: 4.390000000000001
tot_sleeping_duration: 1865813.2816800072
tot_uptimes: 1451
tot_uptimes_duration: 88598.4253199927
