comms_cons: 231.12731518513698
finished_reconf: true
global_termination_time: 2317642.394
local_termination_time: 608699.1299199994
node_cons: 47648.18454446681
tot_aggregated_send: 32190
tot_msg_rcv: 1021
tot_msg_sent: 1920
tot_reconf_duration: 4.8100000000000005
tot_sleeping_duration: 2282062.3696800093
tot_uptimes: 594
tot_uptimes_duration: 35580.02431999054
