comms_cons: 224.837580792016
finished_reconf: true
global_termination_time: 2321263.376
local_termination_time: 1200456.0857199996
node_cons: 47730.406759999365
tot_aggregated_send: 32016
tot_msg_rcv: 777
tot_msg_sent: 1381
tot_reconf_duration: 6.22
tot_sleeping_duration: 2285623.376
tot_uptimes: 595
tot_uptimes_duration: 35640.0
