comms_cons: 451.66928649571366
finished_reconf: true
global_termination_time: 4464932.345
local_termination_time: 219181.25228000034
node_cons: 91859.48453452675
tot_aggregated_send: 62176
tot_msg_rcv: 2364
tot_msg_sent: 4112
tot_reconf_duration: 22.65
tot_sleeping_duration: 4396352.265960023
tot_uptimes: 1144
tot_uptimes_duration: 68580.07903997705
