comms_cons: 445.2995264633778
finished_reconf: true
global_termination_time: 4466153.038
local_termination_time: 1068645.3862399978
node_cons: 91836.15279893964
tot_aggregated_send: 62118
tot_msg_rcv: 1847
tot_msg_sent: 3718
tot_reconf_duration: 5.43
tot_sleeping_duration: 4397572.919360013
tot_uptimes: 1144
tot_uptimes_duration: 68580.11863998673
