comms_cons: 1114.3367163780265
finished_reconf: true
global_termination_time: 3137234.89
local_termination_time: 2167928.8996
node_cons: 190541.39281278403
tot_aggregated_send: 0
tot_msg_rcv: 68446
tot_msg_sent: 100928
tot_reconf_duration: 5.57
tot_sleeping_duration: 2994939.2748000077
tot_uptimes: 2332
tot_uptimes_duration: 142295.61519999255
