comms_cons: 308.3276287897435
finished_reconf: true
global_termination_time: 3134589.049
local_termination_time: 2051871.619639998
node_cons: 64440.062081115415
tot_aggregated_send: 43500
tot_msg_rcv: 1043
tot_msg_sent: 2321
tot_reconf_duration: 5.43
tot_sleeping_duration: 3086469.0429200027
tot_uptimes: 803
tot_uptimes_duration: 48120.006079997635
