comms_cons: 66.21997440733979
finished_reconf: true
global_termination_time: 325055.1636000002
local_termination_time: 1640.1606000000004
node_cons: 6713.542892885979
tot_aggregated_send: 0
tot_msg_rcv: 5243
tot_msg_sent: 4819
tot_reconf_duration: 18.21
tot_sleeping_duration: 320059.78367999574
tot_uptimes: 84
tot_uptimes_duration: 4995.37992000446
