comms_cons: 76.24634879926717
finished_reconf: true
global_termination_time: 758531.886
local_termination_time: 7350.339
node_cons: 15601.900183364314
tot_aggregated_send: 10718
tot_msg_rcv: 375
tot_msg_sent: 496
tot_reconf_duration: 11.719999999999999
tot_sleeping_duration: 746891.8677599968
tot_uptimes: 195
tot_uptimes_duration: 11640.018240003206
