comms_cons: 76.13512959744536
finished_reconf: true
global_termination_time: 757789.205
local_termination_time: 5244.665
node_cons: 15600.319464481146
tot_aggregated_send: 10197
tot_msg_rcv: 440
tot_msg_sent: 936
tot_reconf_duration: 10.55
tot_sleeping_duration: 746149.1806799991
tot_uptimes: 195
tot_uptimes_duration: 11640.02432000084
