comms_cons: 55.18163200101523
finished_reconf: true
global_termination_time: 524569.4688399996
local_termination_time: 524569.4277199997
node_cons: 10817.533826728783
tot_aggregated_send: 6540
tot_msg_rcv: 595
tot_msg_sent: 1249
tot_reconf_duration: 24.59
tot_sleeping_duration: 516515.59235999314
tot_uptimes: 135
tot_uptimes_duration: 8053.87648000654
