comms_cons: 51.35065599982311
finished_reconf: true
global_termination_time: 524569.539119999
local_termination_time: 257098.59736000007
node_cons: 10818.934431678743
tot_aggregated_send: 7714
tot_msg_rcv: 11
tot_msg_sent: 79
tot_reconf_duration: 4.390000000000001
tot_sleeping_duration: 516494.13
tot_uptimes: 135
tot_uptimes_duration: 8075.409119999036
