comms_cons: 328.73057920943467
finished_reconf: true
global_termination_time: 3287028.47
local_termination_time: 2330545.83848
node_cons: 67586.79614334916
tot_aggregated_send: 45646
tot_msg_rcv: 1482
tot_msg_sent: 2837
tot_reconf_duration: 15.34
tot_sleeping_duration: 3236568.451760007
tot_uptimes: 842
tot_uptimes_duration: 50460.01823999314
