comms_cons: 325.2169664202511
finished_reconf: true
global_termination_time: 3285492.6
local_termination_time: 2505672.4418799984
node_cons: 67573.52848334945
tot_aggregated_send: 45646
tot_msg_rcv: 1306
tot_msg_sent: 2479
tot_reconf_duration: 5.57
tot_sleeping_duration: 3235032.581760007
tot_uptimes: 842
tot_uptimes_duration: 50460.0182399929
