comms_cons: 323.1906432103995
finished_reconf: true
global_termination_time: 3283617.638
local_termination_time: 586423.0425999998
node_cons: 67506.20079116781
tot_aggregated_send: 45414
tot_msg_rcv: 1213
tot_msg_sent: 2496
tot_reconf_duration: 15.110000000000001
tot_sleeping_duration: 3233217.5772000225
tot_uptimes: 841
tot_uptimes_duration: 50400.060799977044
