comms_cons: 326.13687680889154
finished_reconf: true
global_termination_time: 3286978.202
local_termination_time: 492578.26868000027
node_cons: 67583.16481005099
tot_aggregated_send: 46342
tot_msg_rcv: 1079
tot_msg_sent: 2150
tot_reconf_duration: 12.629999999999999
tot_sleeping_duration: 3236518.1472800206
tot_uptimes: 842
tot_uptimes_duration: 50460.05471997941
