comms_cons: 327.86480642259465
finished_reconf: true
global_termination_time: 3283421.612
local_termination_time: 440748.43936
node_cons: 67511.07601117204
tot_aggregated_send: 45530
tot_msg_rcv: 1405
tot_msg_sent: 2898
tot_reconf_duration: 18.700000000000003
tot_sleeping_duration: 3233021.5512000197
tot_uptimes: 841
tot_uptimes_duration: 50400.060799980245
