comms_cons: 329.5006912188774
finished_reconf: true
global_termination_time: 3282547.974
local_termination_time: 1705257.92836
node_cons: 67500.9859206671
tot_aggregated_send: 45472
tot_msg_rcv: 1381
tot_msg_sent: 3229
tot_reconf_duration: 11.31
tot_sleeping_duration: 3232147.953880009
tot_uptimes: 841
tot_uptimes_duration: 50400.020119991386
