comms_cons: 1.5072639999980233
finished_reconf: true
global_termination_time: 10040.89748
local_termination_time: 10040.85636
node_cons: 212.42351872000063
tot_aggregated_send: 0
tot_msg_rcv: 117
tot_msg_sent: 111
tot_reconf_duration: 24.59
tot_sleeping_duration: 9907.193
tot_uptimes: 3
tot_uptimes_duration: 133.70448000000033
