comms_cons: 1.493478399999287
finished_reconf: true
global_termination_time: 13471.669
local_termination_time: 6670.322480000001
node_cons: 256.37898000000297
tot_aggregated_send: 0
tot_msg_rcv: 119
tot_msg_sent: 108
tot_reconf_duration: 11.31
tot_sleeping_duration: 13291.668999999998
tot_uptimes: 4
tot_uptimes_duration: 180.0000000000009
