comms_cons: 245.6410111998184
finished_reconf: true
global_termination_time: 2509120.696
local_termination_time: 7091.531
node_cons: 51607.729581116066
tot_aggregated_send: 35939
tot_msg_rcv: 460
tot_msg_sent: 937
tot_reconf_duration: 21.68
tot_sleeping_duration: 2470600.689920002
tot_uptimes: 643
tot_uptimes_duration: 38520.006079997635
