comms_cons: 254.40716800011995
finished_reconf: true
global_termination_time: 2510578.003
local_termination_time: 7260.8409999999985
node_cons: 51612.80299340646
tot_aggregated_send: 34137
tot_msg_rcv: 1541
tot_msg_sent: 2990
tot_reconf_duration: 25.35
tot_sleeping_duration: 2472057.9300400247
tot_uptimes: 643
tot_uptimes_duration: 38520.072959975514
