comms_cons: 251.21359358385655
finished_reconf: true
global_termination_time: 2510295.258
local_termination_time: 2851.49124
node_cons: 51583.70108781738
tot_aggregated_send: 34916
tot_msg_rcv: 1115
tot_msg_sent: 2152
tot_reconf_duration: 3.95
tot_sleeping_duration: 2471775.2154400162
tot_uptimes: 643
tot_uptimes_duration: 38520.042559983674
