comms_cons: 158.25733118902863
finished_reconf: true
global_termination_time: 1564443.789
local_termination_time: 612169.9563599998
node_cons: 32156.856143350506
tot_aggregated_send: 21344
tot_msg_rcv: 1032
tot_msg_sent: 1680
tot_reconf_duration: 15.34
tot_sleeping_duration: 1540443.7707600072
tot_uptimes: 401
tot_uptimes_duration: 24000.018239992904
