comms_cons: 154.96647679456038
finished_reconf: true
global_termination_time: 1562937.816
local_termination_time: 744624.9759599987
node_cons: 32140.182639999995
tot_aggregated_send: 22562
tot_msg_rcv: 356
tot_msg_sent: 636
tot_reconf_duration: 3.08
tot_sleeping_duration: 1538937.816
tot_uptimes: 401
tot_uptimes_duration: 24000.0
