comms_cons: 157.9190143898412
finished_reconf: true
global_termination_time: 1564174.62
local_termination_time: 208413.66704000076
node_cons: 32146.676547831645
tot_aggregated_send: 21112
tot_msg_rcv: 798
tot_msg_sent: 2092
tot_reconf_duration: 7.819999999999999
tot_sleeping_duration: 1540174.5774400062
tot_uptimes: 401
tot_uptimes_duration: 24000.042559993744
