comms_cons: 281.67223040947675
finished_reconf: true
global_termination_time: 2807765.948
local_termination_time: 7326.828
node_cons: 57849.984788934256
tot_aggregated_send: 38971
tot_msg_rcv: 1328
tot_msg_sent: 2512
tot_reconf_duration: 3.77
tot_sleeping_duration: 2764565.8993600183
tot_uptimes: 720
tot_uptimes_duration: 43200.04863998154
