comms_cons: 281.7277248093247
finished_reconf: true
global_termination_time: 2808021.614
local_termination_time: 6483.62
node_cons: 57879.29857005569
tot_aggregated_send: 38951
tot_msg_rcv: 1309
tot_msg_sent: 2560
tot_reconf_duration: 25.35
tot_sleeping_duration: 2764821.5592800174
tot_uptimes: 720
tot_uptimes_duration: 43200.05471998261
