comms_cons: 2.2566655999946543
finished_reconf: true
global_termination_time: 13396.437
local_termination_time: 6366.33336
node_cons: 253.39137999999954
tot_aggregated_send: 0
tot_msg_rcv: 176
tot_msg_sent: 166
tot_reconf_duration: 9.11
tot_sleeping_duration: 13216.437
tot_uptimes: 4
tot_uptimes_duration: 180.0
