comms_cons: 2.1651839999942757
finished_reconf: true
global_termination_time: 15275.908
local_termination_time: 181.56051999999997
node_cons: 256.3871211200062
tot_aggregated_send: 0
tot_msg_rcv: 163
tot_msg_sent: 165
tot_reconf_duration: 11.31
tot_sleeping_duration: 15095.901919999995
tot_uptimes: 4
tot_uptimes_duration: 180.00608000000466
