comms_cons: 87.74083839954783
finished_reconf: true
global_termination_time: 925097.072
local_termination_time: 6272.517
node_cons: 18970.49290000003
tot_aggregated_send: 13158
tot_msg_rcv: 76
tot_msg_sent: 102
tot_reconf_duration: 7.55
tot_sleeping_duration: 910937.072
tot_uptimes: 237
tot_uptimes_duration: 14160.000000000002
