comms_cons: 55.53502720200931
finished_reconf: true
global_termination_time: 529054.158
local_termination_time: 53121.08748000002
node_cons: 10880.298105607171
tot_aggregated_send: 6728
tot_msg_rcv: 623
tot_msg_sent: 1090
tot_reconf_duration: 25.299999999999997
tot_sleeping_duration: 520954.1275999947
tot_uptimes: 136
tot_uptimes_duration: 8100.030400005344
