comms_cons: 37.261670400484974
finished_reconf: true
global_termination_time: 364744.728
local_termination_time: 149901.27836000005
node_cons: 7475.818922242852
tot_aggregated_send: 4872
tot_msg_rcv: 265
tot_msg_sent: 526
tot_reconf_duration: 3.08
tot_sleeping_duration: 359164.71583999787
tot_uptimes: 94
tot_uptimes_duration: 5580.0121600021375
