comms_cons: 37.78177920048762
finished_reconf: true
global_termination_time: 368740.275
local_termination_time: 1811.3558400000004
node_cons: 7577.3790233631225
tot_aggregated_send: 4930
tot_msg_rcv: 303
tot_msg_sent: 509
tot_reconf_duration: 18.700000000000003
tot_sleeping_duration: 363100.2567599977
tot_uptimes: 95
tot_uptimes_duration: 5640.018240002326
