comms_cons: 366.0072064482449
finished_reconf: true
global_termination_time: 540159.0920000005
local_termination_time: 24429.480600000003
node_cons: 53756.882667214086
tot_aggregated_send: 0
tot_msg_rcv: 25244
tot_msg_sent: 30387
tot_reconf_duration: 4.390000000000001
tot_sleeping_duration: 500016.5071999894
tot_uptimes: 644
tot_uptimes_duration: 40142.584800011115
