comms_cons: 54.59119360098032
finished_reconf: true
global_termination_time: 543552.231
local_termination_time: 218264.365
node_cons: 11181.739522081341
tot_aggregated_send: 7482
tot_msg_rcv: 296
tot_msg_sent: 519
tot_reconf_duration: 7.819999999999999
tot_sleeping_duration: 535209.3482799991
tot_uptimes: 140
tot_uptimes_duration: 8342.882720001013
