comms_cons: 133.0457023817389
finished_reconf: true
global_termination_time: 671336.7355999999
local_termination_time: 3150.0443600000003
node_cons: 13783.471034004751
tot_aggregated_send: 0
tot_msg_rcv: 10301
tot_msg_sent: 9918
tot_reconf_duration: 18.21
tot_sleeping_duration: 661061.3495999963
tot_uptimes: 172
tot_uptimes_duration: 10275.386000003535
