comms_cons: 66.71308799926777
finished_reconf: true
global_termination_time: 675256.346
local_termination_time: 130992.80483999991
node_cons: 13852.837400000004
tot_aggregated_send: 9686
tot_msg_rcv: 188
tot_msg_sent: 266
tot_reconf_duration: 25.299999999999997
tot_sleeping_duration: 664936.346
tot_uptimes: 173
tot_uptimes_duration: 10320.0
