comms_cons: 64.01561600025508
finished_reconf: true
global_termination_time: 674933.222
local_termination_time: 188683.09536000006
node_cons: 13826.92676000002
tot_aggregated_send: 9280
tot_msg_rcv: 101
tot_msg_sent: 349
tot_reconf_duration: 6.22
tot_sleeping_duration: 664613.222
tot_uptimes: 173
tot_uptimes_duration: 10320.0
