comms_cons: 141.57322237019167
finished_reconf: true
global_termination_time: 714080.9866
local_termination_time: 1101.9804800000004
node_cons: 14667.194751759573
tot_aggregated_send: 0
tot_msg_rcv: 10958
tot_msg_sent: 10557
tot_reconf_duration: 18.21
tot_sleeping_duration: 703145.6127600003
tot_uptimes: 183
tot_uptimes_duration: 10935.373839999666
