comms_cons: 70.0754560002256
finished_reconf: true
global_termination_time: 716598.431
local_termination_time: 388169.42236
node_cons: 14710.772663359674
tot_aggregated_send: 9396
tot_msg_rcv: 382
tot_msg_sent: 872
tot_reconf_duration: 6.279999999999999
tot_sleeping_duration: 705618.4127600002
tot_uptimes: 184
tot_uptimes_duration: 10980.018239999772
