comms_cons: 69.29934080032793
finished_reconf: true
global_termination_time: 718213.753
local_termination_time: 312766.937
node_cons: 14712.219433202847
tot_aggregated_send: 10147
tot_msg_rcv: 93
tot_msg_sent: 294
tot_reconf_duration: 5.57
tot_sleeping_duration: 707231.9341999979
tot_uptimes: 184
tot_uptimes_duration: 10981.818800002104
