comms_cons: 71.89091839870312
finished_reconf: true
global_termination_time: 715964.524
local_termination_time: 167459.09336000006
node_cons: 14708.76826224288
tot_aggregated_send: 9976
tot_msg_rcv: 316
tot_msg_sent: 635
tot_reconf_duration: 4.8100000000000005
tot_sleeping_duration: 704984.5118399978
tot_uptimes: 184
tot_uptimes_duration: 10980.012160002138
