comms_cons: 2.940902399993721
finished_reconf: true
global_termination_time: 17247.455
local_termination_time: 5658.294360000001
node_cons: 341.87938000000076
tot_aggregated_send: 0
tot_msg_rcv: 285
tot_msg_sent: 162
tot_reconf_duration: 15.110000000000001
tot_sleeping_duration: 17007.455
tot_uptimes: 5
tot_uptimes_duration: 240.0
