comms_cons: 43.1976319998955
finished_reconf: true
global_termination_time: 13766.641240000003
local_termination_time: 3069.1991600000074
node_cons: 5936.152914320062
tot_aggregated_send: 0
tot_msg_rcv: 3469
tot_msg_sent: 3096
tot_reconf_duration: 18.21
tot_sleeping_duration: 9351.83635999996
tot_uptimes: 60
tot_uptimes_duration: 4414.804880000043
