comms_cons: 1.671116799994479
finished_reconf: true
global_termination_time: 15883.348
local_termination_time: 10122.908360000001
node_cons: 328.9240600000021
tot_aggregated_send: 0
tot_msg_rcv: 131
tot_msg_sent: 123
tot_reconf_duration: 5.57
tot_sleeping_duration: 15643.348
tot_uptimes: 5
tot_uptimes_duration: 240.0
