comms_cons: 2.237555199991898
finished_reconf: true
global_termination_time: 16297.762
local_termination_time: 5704.292360000001
node_cons: 341.87938000000076
tot_aggregated_send: 0
tot_msg_rcv: 178
tot_msg_sent: 162
tot_reconf_duration: 15.110000000000001
tot_sleeping_duration: 16057.762
tot_uptimes: 5
tot_uptimes_duration: 240.0
