comms_cons: 1.506636799997134
finished_reconf: true
global_termination_time: 17642.727
local_termination_time: 4739.58036
node_cons: 334.15236000000016
tot_aggregated_send: 0
tot_msg_rcv: 119
tot_msg_sent: 110
tot_reconf_duration: 9.42
tot_sleeping_duration: 17402.727
tot_uptimes: 5
tot_uptimes_duration: 240.0
