comms_cons: 2.250086399996749
finished_reconf: true
global_termination_time: 16471.826
local_termination_time: 5968.996360000001
node_cons: 337.5202000000007
tot_aggregated_send: 0
tot_msg_rcv: 177
tot_msg_sent: 165
tot_reconf_duration: 11.899999999999999
tot_sleeping_duration: 16231.826000000001
tot_uptimes: 5
tot_uptimes_duration: 240.0
