comms_cons: 2.269823999994611
finished_reconf: true
global_termination_time: 15024.424
local_termination_time: 4496.1633600000005
node_cons: 249.46676000000033
tot_aggregated_send: 0
tot_msg_rcv: 176
tot_msg_sent: 169
tot_reconf_duration: 6.22
tot_sleeping_duration: 14844.424
tot_uptimes: 4
tot_uptimes_duration: 180.0
