comms_cons: 121.24080639391688
finished_reconf: true
global_termination_time: 615452.827
local_termination_time: 2359.16748
node_cons: 12638.14174448346
tot_aggregated_send: 0
tot_msg_rcv: 9328
tot_msg_sent: 9099
tot_reconf_duration: 18.21
tot_sleeping_duration: 606032.8026799975
tot_uptimes: 158
tot_uptimes_duration: 9420.024320002572
