comms_cons: 60.89087360053626
finished_reconf: true
global_termination_time: 616167.592
local_termination_time: 385747.0529600001
node_cons: 12631.273001121426
tot_aggregated_send: 8642
tot_msg_rcv: 216
tot_msg_sent: 397
tot_reconf_duration: 13.17
tot_sleeping_duration: 606747.5859199989
tot_uptimes: 158
tot_uptimes_duration: 9420.006080001069
