comms_cons: 121.77710079409069
finished_reconf: true
global_termination_time: 612443.1651999986
local_termination_time: 3024.07436
node_cons: 12601.810682162602
tot_aggregated_send: 0
tot_msg_rcv: 9419
tot_msg_sent: 9088
tot_reconf_duration: 4.390000000000001
tot_sleeping_duration: 603036.2577599968
tot_uptimes: 157
tot_uptimes_duration: 9406.90744000193
