comms_cons: 64.20442880064338
finished_reconf: true
global_termination_time: 615970.305
local_termination_time: 46971.25660000002
node_cons: 12617.570746726326
tot_aggregated_send: 7888
tot_msg_rcv: 704
tot_msg_sent: 1166
tot_reconf_duration: 3.05
tot_sleeping_duration: 606550.2685199954
tot_uptimes: 158
tot_uptimes_duration: 9420.03648000471
