comms_cons: 63.08102399947594
finished_reconf: true
global_termination_time: 612443.0661200001
local_termination_time: 37452.89420000003
node_cons: 12570.132985285021
tot_aggregated_send: 7830
tot_msg_rcv: 595
tot_msg_sent: 1162
tot_reconf_duration: 11.31
tot_sleeping_duration: 603066.8345999963
tot_uptimes: 157
tot_uptimes_duration: 9376.231520003741
