comms_cons: 81.14785279968156
finished_reconf: true
global_termination_time: 830589.388
local_termination_time: 401783.15364000085
node_cons: 17039.00579999999
tot_aggregated_send: 12064
tot_msg_rcv: 42
tot_msg_sent: 228
tot_reconf_duration: 5.1
tot_sleeping_duration: 817869.388
tot_uptimes: 213
tot_uptimes_duration: 12720.0
