comms_cons: 81.92419839883323
finished_reconf: true
global_termination_time: 830339.925
local_termination_time: 380729.31236000004
node_cons: 17042.699560000034
tot_aggregated_send: 12064
tot_msg_rcv: 163
tot_msg_sent: 225
tot_reconf_duration: 7.819999999999999
tot_sleeping_duration: 817619.925
tot_uptimes: 213
tot_uptimes_duration: 12720.0
