comms_cons: 83.5433087983129
finished_reconf: true
global_termination_time: 828005.5309199984
local_termination_time: 828005.4897999985
node_cons: 17135.92358023758
tot_aggregated_send: 11702
tot_msg_rcv: 369
tot_msg_sent: 626
tot_reconf_duration: 24.59
tot_sleeping_duration: 815232.9167600002
tot_uptimes: 213
tot_uptimes_duration: 12772.614159998164
