comms_cons: 133.360383994424
finished_reconf: true
global_termination_time: 1345221.434
local_termination_time: 1111982.6075199991
node_cons: 27671.317400000105
tot_aggregated_send: 19430
tot_msg_rcv: 341
tot_msg_sent: 499
tot_reconf_duration: 25.299999999999997
tot_sleeping_duration: 1324581.434
tot_uptimes: 345
tot_uptimes_duration: 20640.0
