comms_cons: 134.82434559114404
finished_reconf: true
global_termination_time: 1340884.473
local_termination_time: 325165.838
node_cons: 27572.555818462464
tot_aggregated_send: 18324
tot_msg_rcv: 658
tot_msg_sent: 1512
tot_reconf_duration: 7.819999999999999
tot_sleeping_duration: 1320300.5026800132
tot_uptimes: 344
tot_uptimes_duration: 20583.970319986867
