comms_cons: 136.76666878919949
finished_reconf: true
global_termination_time: 1341812.295
local_termination_time: 279200.493
node_cons: 27566.740295756423
tot_aggregated_send: 18441
tot_msg_rcv: 889
tot_msg_sent: 1457
tot_reconf_duration: 6.22
tot_sleeping_duration: 1321231.0451600025
tot_uptimes: 344
tot_uptimes_duration: 20581.249839997326
