comms_cons: 132.26823679593588
finished_reconf: true
global_termination_time: 1340551.82
local_termination_time: 1034467.9933599998
node_cons: 27577.451719999997
tot_aggregated_send: 19140
tot_msg_rcv: 280
tot_msg_sent: 684
tot_reconf_duration: 15.34
tot_sleeping_duration: 1319971.82
tot_uptimes: 344
tot_uptimes_duration: 20580.0
