comms_cons: 2.68431359999535
finished_reconf: true
global_termination_time: 12473.044
local_termination_time: 7275.57836
node_cons: 271.77870000000075
tot_aggregated_send: 0
tot_msg_rcv: 253
tot_msg_sent: 155
tot_reconf_duration: 22.65
tot_sleeping_duration: 12293.044
tot_uptimes: 4
tot_uptimes_duration: 180.0
