comms_cons: 38.38305280061542
finished_reconf: true
global_termination_time: 182603.65304000076
local_termination_time: 182603.65304000076
node_cons: 3799.5601710399274
tot_aggregated_send: 0
tot_msg_rcv: 3116
tot_msg_sent: 2716
tot_reconf_duration: 24.59
tot_sleeping_duration: 179790.98168000084
tot_uptimes: 47
tot_uptimes_duration: 2812.671359999935
