comms_cons: 52.594124801154635
finished_reconf: true
global_termination_time: 182604.24304000085
local_termination_time: 2124.412040000001
node_cons: 7335.865930561138
tot_aggregated_send: 0
tot_msg_rcv: 2716
tot_msg_sent: 5278
tot_reconf_duration: 4.390000000000001
tot_sleeping_duration: 177130.08
tot_uptimes: 91
tot_uptimes_duration: 5474.1630400008435
