comms_cons: 18.000691200030936
finished_reconf: true
global_termination_time: 182882.112
local_termination_time: 107906.27135999997
node_cons: 3706.2595600000113
tot_aggregated_send: 2552
tot_msg_rcv: 75
tot_msg_sent: 109
tot_reconf_duration: 7.819999999999999
tot_sleeping_duration: 180122.112
tot_uptimes: 47
tot_uptimes_duration: 2760.0
