comms_cons: 58.73124480056981
finished_reconf: true
global_termination_time: 564542.8967599991
local_termination_time: 564542.8556399992
node_cons: 11647.493909367384
tot_aggregated_send: 7526
tot_msg_rcv: 550
tot_msg_sent: 849
tot_reconf_duration: 24.59
tot_sleeping_duration: 555869.1845199936
tot_uptimes: 145
tot_uptimes_duration: 8673.712240005494
