comms_cons: 58.627878400544034
finished_reconf: true
global_termination_time: 569762.212
local_termination_time: 70566.63631999961
node_cons: 11656.250223364315
tot_aggregated_send: 7598
tot_msg_rcv: 496
tot_msg_sent: 818
tot_reconf_duration: 5.1
tot_sleeping_duration: 561062.1937599969
tot_uptimes: 146
tot_uptimes_duration: 8700.018240003206
