comms_cons: 58.350924798802176
finished_reconf: true
global_termination_time: 569708.672
local_termination_time: 267351.7984400002
node_cons: 11655.840121121444
tot_aggregated_send: 7598
tot_msg_rcv: 459
tot_msg_sent: 812
tot_reconf_duration: 4.8100000000000005
tot_sleeping_duration: 561008.665919999
tot_uptimes: 146
tot_uptimes_duration: 8700.006080001069
