comms_cons: 1.4671615999951533
finished_reconf: true
global_termination_time: 12089.203
local_termination_time: 6100.779360000001
node_cons: 266.414600000001
tot_aggregated_send: 0
tot_msg_rcv: 122
tot_msg_sent: 101
tot_reconf_duration: 18.700000000000003
tot_sleeping_duration: 11909.203
tot_uptimes: 4
tot_uptimes_duration: 180.0
