comms_cons: 277.6585664055429
finished_reconf: true
global_termination_time: 2810042.685
local_termination_time: 3983.707
node_cons: 57874.241439998965
tot_aggregated_send: 39941
tot_msg_rcv: 774
tot_msg_sent: 1487
tot_reconf_duration: 21.68
tot_sleeping_duration: 2766842.685
tot_uptimes: 720
tot_uptimes_duration: 43200.0
