comms_cons: 47.100492800260255
finished_reconf: true
global_termination_time: 469630.283
local_termination_time: 416261.9603600001
node_cons: 9665.537321119193
tot_aggregated_send: 6612
tot_msg_rcv: 215
tot_msg_sent: 332
tot_reconf_duration: 18.21
tot_sleeping_duration: 462430.2769200006
tot_uptimes: 121
tot_uptimes_duration: 7200.006079999366
