comms_cons: 48.21189760076654
finished_reconf: true
global_termination_time: 469135.1
local_termination_time: 891.8104799999999
node_cons: 9671.566841121443
tot_aggregated_send: 6322
tot_msg_rcv: 384
tot_msg_sent: 621
tot_reconf_duration: 22.65
tot_sleeping_duration: 461935.0939199989
tot_uptimes: 121
tot_uptimes_duration: 7200.006080001069
