comms_cons: 681.5222336955846
finished_reconf: true
global_termination_time: 6954052.61
local_termination_time: 3748498.23336
node_cons: 143030.6271644641
tot_aggregated_send: 96222
tot_msg_rcv: 2458
tot_msg_sent: 4906
tot_reconf_duration: 18.700000000000003
tot_sleeping_duration: 6847252.585680009
tot_uptimes: 1781
tot_uptimes_duration: 106800.02431999147
