comms_cons: 694.2203841431073
finished_reconf: true
global_termination_time: 6948390.099
local_termination_time: 1612326.4546799995
node_cons: 142935.5284066973
tot_aggregated_send: 96628
tot_msg_rcv: 2997
tot_msg_sent: 5892
tot_reconf_duration: 7.819999999999999
tot_sleeping_duration: 6841650.062520014
tot_uptimes: 1780
tot_uptimes_duration: 106740.0364799865
