comms_cons: 32.20058879994453
finished_reconf: true
global_termination_time: 7968.424360000004
local_termination_time: 1789.2974800000025
node_cons: 3315.4946282800183
tot_aggregated_send: 0
tot_msg_rcv: 2522
tot_msg_sent: 2370
tot_reconf_duration: 5.57
tot_sleeping_duration: 5497.97583999999
tot_uptimes: 34
tot_uptimes_duration: 2470.4485200000136
