comms_cons: 1.8290175999981777
finished_reconf: true
global_termination_time: 9595.788
local_termination_time: 5800.95236
node_cons: 173.48189368000527
tot_aggregated_send: 0
tot_msg_rcv: 169
tot_msg_sent: 109
tot_reconf_duration: 9.42
tot_sleeping_duration: 9475.780879999997
tot_uptimes: 3
tot_uptimes_duration: 120.00712000000385
