comms_cons: 1.7369087999968642
finished_reconf: true
global_termination_time: 8666.555
local_termination_time: 7138.863359999999
node_cons: 166.64161999999922
tot_aggregated_send: 0
tot_msg_rcv: 150
tot_msg_sent: 114
tot_reconf_duration: 4.390000000000001
tot_sleeping_duration: 8546.555
tot_uptimes: 3
tot_uptimes_duration: 120.0
