comms_cons: 2.036979199999469
finished_reconf: true
global_termination_time: 9574.174
local_termination_time: 1788.6214800000005
node_cons: 164.82190000000026
tot_aggregated_send: 0
tot_msg_rcv: 192
tot_msg_sent: 117
tot_reconf_duration: 3.05
tot_sleeping_duration: 9454.174
tot_uptimes: 3
tot_uptimes_duration: 120.0
