comms_cons: 1.7369087999963726
finished_reconf: true
global_termination_time: 9115.226
local_termination_time: 4043.8953600000004
node_cons: 169.12676000000033
tot_aggregated_send: 0
tot_msg_rcv: 152
tot_msg_sent: 112
tot_reconf_duration: 6.22
tot_sleeping_duration: 8995.226
tot_uptimes: 3
tot_uptimes_duration: 120.0
