comms_cons: 96.39151359751212
finished_reconf: true
global_termination_time: 972986.1812400001
local_termination_time: 68400.18135999996
node_cons: 20058.09354383891
tot_aggregated_send: 13456
tot_msg_rcv: 337
tot_msg_sent: 858
tot_reconf_duration: 25.299999999999997
tot_sleeping_duration: 958031.9346800009
tot_uptimes: 250
tot_uptimes_duration: 14954.246559999177
