comms_cons: 99.20243199203313
finished_reconf: true
global_termination_time: 974766.68
local_termination_time: 435157.0733600001
node_cons: 20008.826323359786
tot_aggregated_send: 13166
tot_msg_rcv: 633
tot_msg_sent: 1279
tot_reconf_duration: 3.05
tot_sleeping_duration: 959826.6617600003
tot_uptimes: 250
tot_uptimes_duration: 14940.018239999772
