comms_cons: 101.49359999217562
finished_reconf: true
global_termination_time: 975001.132
local_termination_time: 19713.30804
node_cons: 20013.17188895308
tot_aggregated_send: 12644
tot_msg_rcv: 976
tot_msg_sent: 1808
tot_reconf_duration: 6.22
tot_sleeping_duration: 960061.0833600052
tot_uptimes: 250
tot_uptimes_duration: 14940.048639994813
