comms_cons: 79.75368959915315
finished_reconf: true
global_termination_time: 804632.995
local_termination_time: 185437.04452000084
node_cons: 16557.604060000034
tot_aggregated_send: 11542
tot_msg_rcv: 235
tot_msg_sent: 345
tot_reconf_duration: 5.57
tot_sleeping_duration: 792272.995
tot_uptimes: 207
tot_uptimes_duration: 12360.0
