comms_cons: 68.04866560141838
finished_reconf: true
global_termination_time: 682040.206
local_termination_time: 268449.5671600004
node_cons: 13983.342605607237
tot_aggregated_send: 9222
tot_msg_rcv: 401
tot_msg_sent: 720
tot_reconf_duration: 3.05
tot_sleeping_duration: 671600.1755999946
tot_uptimes: 175
tot_uptimes_duration: 10440.030400005344
