comms_cons: 38.89685760008664
finished_reconf: true
global_termination_time: 397306.356
local_termination_time: 5994.928999999999
node_cons: 8143.797722240592
tot_aggregated_send: 5605
tot_msg_rcv: 73
tot_msg_sent: 234
tot_reconf_duration: 21.68
tot_sleeping_duration: 391246.34383999964
tot_uptimes: 102
tot_uptimes_duration: 6060.012160000435
