comms_cons: 39.38309120021496
finished_reconf: true
global_termination_time: 395405.285
local_termination_time: 7405.2570000000005
node_cons: 8130.272042240593
tot_aggregated_send: 5672
tot_msg_rcv: 138
tot_msg_sent: 176
tot_reconf_duration: 11.719999999999999
tot_sleeping_duration: 389345.2728399996
tot_uptimes: 102
tot_uptimes_duration: 6060.012160000435
