comms_cons: 11.436531199950863
finished_reconf: true
global_termination_time: 88747.994
local_termination_time: 34449.11960000001
node_cons: 1779.875803358594
tot_aggregated_send: 522
tot_msg_rcv: 542
tot_msg_sent: 676
tot_reconf_duration: 9.11
tot_sleeping_duration: 87427.97576000105
tot_uptimes: 23
tot_uptimes_duration: 1320.0182399989499
