comms_cons: 11.98606720008
finished_reconf: true
global_termination_time: 89248.652
local_termination_time: 29842.33836
node_cons: 1798.2794056008904
tot_aggregated_send: 290
tot_msg_rcv: 630
tot_msg_sent: 904
tot_reconf_duration: 22.65
tot_sleeping_duration: 87928.62159999934
tot_uptimes: 23
tot_uptimes_duration: 1320.0304000006636
