comms_cons: 9.5680384000988
finished_reconf: true
global_termination_time: 87240.42
local_termination_time: 35794.254360000006
node_cons: 1782.3663822405783
tot_aggregated_send: 638
tot_msg_rcv: 354
tot_msg_sent: 463
tot_reconf_duration: 10.95
tot_sleeping_duration: 85920.40783999956
tot_uptimes: 23
tot_uptimes_duration: 1320.012160000435
