comms_cons: 157.74220800395614
finished_reconf: true
global_termination_time: 300832.4700000004
local_termination_time: 26192.118960000003
node_cons: 29984.413780796698
tot_aggregated_send: 0
tot_msg_rcv: 10858
tot_msg_sent: 13117
tot_reconf_duration: 4.390000000000001
tot_sleeping_duration: 278443.7828000029
tot_uptimes: 359
tot_uptimes_duration: 22388.687199997505
