comms_cons: 70.95071999935736
finished_reconf: true
global_termination_time: 719113.274
local_termination_time: 224938.2640000009
node_cons: 14813.964464001236
tot_aggregated_send: 10440
tot_msg_rcv: 119
tot_msg_sent: 226
tot_reconf_duration: 15.34
tot_sleeping_duration: 708065.3779999991
tot_uptimes: 185
tot_uptimes_duration: 11047.89600000091
