comms_cons: 113.54446079116353
finished_reconf: true
global_termination_time: 1119312.161
local_termination_time: 79502.14679999984
node_cons: 23002.009885588803
tot_aggregated_send: 15370
tot_msg_rcv: 680
tot_msg_sent: 1209
tot_reconf_duration: 18.21
tot_sleeping_duration: 1102152.1306000084
tot_uptimes: 287
tot_uptimes_duration: 17160.030399991607
