comms_cons: 197.99566710282545
finished_reconf: true
global_termination_time: 1118174.439
local_termination_time: 234844.9976000001
node_cons: 22985.817086705625
tot_aggregated_send: 0
tot_msg_rcv: 15406
tot_msg_sent: 14690
tot_reconf_duration: 6.279999999999999
tot_sleeping_duration: 1101014.4025200107
tot_uptimes: 287
tot_uptimes_duration: 17160.03647998924
