comms_cons: 111.44506879696091
finished_reconf: true
global_termination_time: 1117039.518
local_termination_time: 872415.554
node_cons: 22999.84125719578
tot_aggregated_send: 15425
tot_msg_rcv: 569
tot_msg_sent: 945
tot_reconf_duration: 15.110000000000001
tot_sleeping_duration: 1099877.9632000031
tot_uptimes: 287
tot_uptimes_duration: 17161.55479999684
