comms_cons: 48.58739200070899
finished_reconf: true
global_termination_time: 480778.009
local_termination_time: 258657.4409600006
node_cons: 9902.65986112144
tot_aggregated_send: 6728
tot_msg_rcv: 264
tot_msg_sent: 393
tot_reconf_duration: 15.34
tot_sleeping_duration: 473398.00291999895
tot_uptimes: 124
tot_uptimes_duration: 7380.006080001069
