comms_cons: 48.896614401367685
finished_reconf: true
global_termination_time: 483660.324
local_termination_time: 215452.54236000005
node_cons: 9912.603123364297
tot_aggregated_send: 6322
tot_msg_rcv: 373
tot_msg_sent: 737
tot_reconf_duration: 22.65
tot_sleeping_duration: 476280.3057599968
tot_uptimes: 124
tot_uptimes_duration: 7380.018240003206
