comms_cons: 49.500953601200166
finished_reconf: true
global_termination_time: 482550.292
local_termination_time: 213975.36748000007
node_cons: 9898.987822242882
tot_aggregated_send: 5974
tot_msg_rcv: 565
tot_msg_sent: 984
tot_reconf_duration: 12.629999999999999
tot_sleeping_duration: 475170.2798399979
tot_uptimes: 124
tot_uptimes_duration: 7380.0121600021375
