comms_cons: 48.397849600495356
finished_reconf: true
global_termination_time: 483221.247
local_termination_time: 334681.9103600001
node_cons: 9885.970041121507
tot_aggregated_send: 6670
tot_msg_rcv: 222
tot_msg_sent: 465
tot_reconf_duration: 3.05
tot_sleeping_duration: 475841.2409199989
tot_uptimes: 124
tot_uptimes_duration: 7380.006080001069
