comms_cons: 795.8458369935079
finished_reconf: true
global_termination_time: 7975655.193
local_termination_time: 4532329.27548
node_cons: 164058.51148669733
tot_aggregated_send: 110722
tot_msg_rcv: 3562
tot_msg_sent: 6679
tot_reconf_duration: 3.08
tot_sleeping_duration: 7853135.156520013
tot_uptimes: 2043
tot_uptimes_duration: 122520.0364799872
