comms_cons: 783.1958017433791
finished_reconf: true
global_termination_time: 7976458.185
local_termination_time: 4790219.244359999
node_cons: 164074.8482266964
tot_aggregated_send: 111012
tot_msg_rcv: 2813
tot_msg_sent: 5217
tot_reconf_duration: 15.110000000000001
tot_sleeping_duration: 7853938.148520012
tot_uptimes: 2043
tot_uptimes_duration: 122520.0364799872
