comms_cons: 349.04360321790074
finished_reconf: true
global_termination_time: 3507899.073
local_termination_time: 2504873.9636000004
node_cons: 72170.05732111544
tot_aggregated_send: 50054
tot_msg_rcv: 983
tot_msg_sent: 2015
tot_reconf_duration: 18.21
tot_sleeping_duration: 3454019.066920002
tot_uptimes: 899
tot_uptimes_duration: 53880.00607999787
