comms_cons: 353.886489658498
finished_reconf: true
global_termination_time: 3507406.644959999
local_termination_time: 3507406.6038399986
node_cons: 72254.06698732331
tot_aggregated_send: 48752
tot_msg_rcv: 1674
tot_msg_sent: 3360
tot_reconf_duration: 37.410000000000004
tot_sleeping_duration: 3453483.3707200247
tot_uptimes: 899
tot_uptimes_duration: 53923.274239974024
