comms_cons: 131.09616639123652
finished_reconf: true
global_termination_time: 1335101.927
local_termination_time: 534037.8613599999
node_cons: 27426.714982233738
tot_aggregated_send: 17632
tot_msg_rcv: 737
tot_msg_sent: 1556
tot_reconf_duration: 22.65
tot_sleeping_duration: 1314641.9148400046
tot_uptimes: 342
tot_uptimes_duration: 20460.01215999527
