comms_cons: 132.1103359970661
finished_reconf: true
global_termination_time: 1332826.4470399993
local_termination_time: 1332826.4059199993
node_cons: 27465.98850568058
tot_aggregated_send: 19242
tot_msg_rcv: 295
tot_msg_sent: 542
tot_reconf_duration: 24.59
tot_sleeping_duration: 1312339.0719199989
tot_uptimes: 342
tot_uptimes_duration: 20487.37512000039
