comms_cons: 1157.632966160577
finished_reconf: true
global_termination_time: 2394636.2835999997
local_termination_time: 2394636.2424799995
node_cons: 145333.4957863055
tot_aggregated_send: 0
tot_msg_rcv: 71104
tot_msg_sent: 104851
tot_reconf_duration: 24.59
tot_sleeping_duration: 2286122.390720007
tot_uptimes: 1779
tot_uptimes_duration: 108513.89287999278
