comms_cons: 472.4884287126944
finished_reconf: true
global_termination_time: 2394636.8835999975
local_termination_time: 3330.3553600000005
node_cons: 49293.734751751486
tot_aggregated_send: 0
tot_msg_rcv: 36261
tot_msg_sent: 35553
tot_reconf_duration: 18.21
tot_sleeping_duration: 2357841.5097600035
tot_uptimes: 614
tot_uptimes_duration: 36795.373839994136
