comms_cons: 471.82005750045835
finished_reconf: true
global_termination_time: 2395785.46
local_termination_time: 317.7630399999995
node_cons: 49266.33742447127
tot_aggregated_send: 0
tot_msg_rcv: 36157
tot_msg_sent: 35556
tot_reconf_duration: 13.17
tot_sleeping_duration: 2359005.435680006
tot_uptimes: 614
tot_uptimes_duration: 36780.02431999397
