comms_cons: 349.3661375235514
finished_reconf: true
global_termination_time: 725163.0625999998
local_termination_time: 725163.0214799999
node_cons: 43838.95362900281
tot_aggregated_send: 0
tot_msg_rcv: 21497
tot_msg_sent: 31602
tot_reconf_duration: 24.59
tot_sleeping_duration: 692447.9315999974
tot_uptimes: 537
tot_uptimes_duration: 32715.131000002388
