comms_cons: 71.71985919935561
finished_reconf: true
global_termination_time: 725880.57
local_termination_time: 721077.7263599988
node_cons: 14878.258979999939
tot_aggregated_send: 10324
tot_msg_rcv: 197
tot_msg_sent: 380
tot_reconf_duration: 11.31
tot_sleeping_duration: 714780.57
tot_uptimes: 186
tot_uptimes_duration: 11100.0
