comms_cons: 128.39564800998605
finished_reconf: true
global_termination_time: 265077.2674800005
local_termination_time: 265077.2263600005
node_cons: 16163.020577009936
tot_aggregated_send: 0
tot_msg_rcv: 7885
tot_msg_sent: 11628
tot_reconf_duration: 37.410000000000004
tot_sleeping_duration: 253044.24447999313
tot_uptimes: 198
tot_uptimes_duration: 12033.023000007399
