comms_cons: 26.54609920009644
finished_reconf: true
global_termination_time: 267826.927
local_termination_time: 228040.28336000006
node_cons: 5475.499521120318
tot_aggregated_send: 3712
tot_msg_rcv: 97
tot_msg_sent: 225
tot_reconf_duration: 9.11
tot_sleeping_duration: 263746.92091999983
tot_uptimes: 69
tot_uptimes_duration: 4080.0060800002175
