comms_cons: 44.9174528002871
finished_reconf: true
global_termination_time: 450996.964
local_termination_time: 83555.82695999992
node_cons: 9274.732972439955
tot_aggregated_send: 6322
tot_msg_rcv: 161
tot_msg_sent: 345
tot_reconf_duration: 15.34
tot_sleeping_duration: 444085.91004000005
tot_uptimes: 116
tot_uptimes_duration: 6911.0539599999465
