comms_cons: 551.4868988804412
finished_reconf: true
global_termination_time: 1140845.6213999982
local_termination_time: 1140845.5802799982
node_cons: 69225.47249323533
tot_aggregated_send: 0
tot_msg_rcv: 33916
tot_msg_sent: 49906
tot_reconf_duration: 37.410000000000004
tot_sleeping_duration: 1089184.1802400008
tot_uptimes: 846
tot_uptimes_duration: 51661.44115999754
