comms_cons: 115.92473599394509
finished_reconf: true
global_termination_time: 1141853.55
local_termination_time: 144741.21536000006
node_cons: 23480.184990074515
tot_aggregated_send: 15196
tot_msg_rcv: 683
tot_msg_sent: 1740
tot_reconf_duration: 15.34
tot_sleeping_duration: 1124333.495280004
tot_uptimes: 293
tot_uptimes_duration: 17520.054719995882
