comms_cons: 112.83390719763086
finished_reconf: true
global_termination_time: 1143532.377
local_termination_time: 213407.658
node_cons: 23476.275963041302
tot_aggregated_send: 16296
tot_msg_rcv: 220
tot_msg_sent: 635
tot_reconf_duration: 9.42
tot_sleeping_duration: 1126009.237639999
tot_uptimes: 293
tot_uptimes_duration: 17523.13936000096
