comms_cons: 116.67651839452827
finished_reconf: true
global_termination_time: 1140845.98212
local_termination_time: 53126.10748000001
node_cons: 23486.22615975004
tot_aggregated_send: 15312
tot_msg_rcv: 915
tot_msg_sent: 1508
tot_reconf_duration: 4.8100000000000005
tot_sleeping_duration: 1123310.7362800075
tot_uptimes: 293
tot_uptimes_duration: 17535.245839992538
