comms_cons: 117.40399359164488
finished_reconf: true
global_termination_time: 1142941.438
local_termination_time: 43930.27836000002
node_cons: 23465.33117230819
tot_aggregated_send: 14964
tot_msg_rcv: 897
tot_msg_sent: 1984
tot_reconf_duration: 4.390000000000001
tot_sleeping_duration: 1125421.371120009
tot_uptimes: 293
tot_uptimes_duration: 17520.06687999115
