comms_cons: 272.94289919451
finished_reconf: true
global_termination_time: 2638848.668
local_termination_time: 782614.5253599999
node_cons: 54238.1340745229
tot_aggregated_send: 34742
tot_msg_rcv: 2323
tot_msg_sent: 4420
tot_reconf_duration: 6.279999999999999
tot_sleeping_duration: 2598348.5889600273
tot_uptimes: 676
tot_uptimes_duration: 40500.079039972916
