comms_cons: 260.3915775919933
finished_reconf: true
global_termination_time: 2638376.19
local_termination_time: 1429392.0447999993
node_cons: 54236.42579999893
tot_aggregated_send: 37874
tot_msg_rcv: 602
tot_msg_sent: 1102
tot_reconf_duration: 5.1
tot_sleeping_duration: 2597876.19
tot_uptimes: 676
tot_uptimes_duration: 40500.0
