comms_cons: 259.6810240008743
finished_reconf: true
global_termination_time: 2638412.753
local_termination_time: 1105995.6943599998
node_cons: 54242.29235999902
tot_aggregated_send: 38570
tot_msg_rcv: 328
tot_msg_sent: 572
tot_reconf_duration: 9.42
tot_sleeping_duration: 2597912.753
tot_uptimes: 676
tot_uptimes_duration: 40500.0
