comms_cons: 262.524512001545
finished_reconf: true
global_termination_time: 2641535.432
local_termination_time: 826206.6110799985
node_cons: 54335.23459999905
tot_aggregated_send: 37816
tot_msg_rcv: 711
tot_msg_sent: 1375
tot_reconf_duration: 18.700000000000003
tot_sleeping_duration: 2600975.432
tot_uptimes: 677
tot_uptimes_duration: 40560.0
