comms_cons: 271.579468814608
finished_reconf: true
global_termination_time: 2638337.6582399877
local_termination_time: 83788.27171999968
node_cons: 54322.193728338236
tot_aggregated_send: 35090
tot_msg_rcv: 2169
tot_msg_sent: 4019
tot_reconf_duration: 11.31
tot_sleeping_duration: 2597779.902640033
tot_uptimes: 676
tot_uptimes_duration: 40557.755599954515
