comms_cons: 122.78531839339169
finished_reconf: true
global_termination_time: 618452.098
local_termination_time: 2882.03236
node_cons: 12702.256381121448
tot_aggregated_send: 0
tot_msg_rcv: 9494
tot_msg_sent: 9167
tot_reconf_duration: 6.279999999999999
tot_sleeping_duration: 608972.0919199989
tot_uptimes: 159
tot_uptimes_duration: 9480.006080001069
