comms_cons: 121.25333759489205
finished_reconf: true
global_termination_time: 615656.465
local_termination_time: 1660.1173600000002
node_cons: 12647.76996448574
tot_aggregated_send: 0
tot_msg_rcv: 9340
tot_msg_sent: 9090
tot_reconf_duration: 25.299999999999997
tot_sleeping_duration: 606236.4406799957
tot_uptimes: 158
tot_uptimes_duration: 9420.024320004275
