comms_cons: 60.92997119960773
finished_reconf: true
global_termination_time: 613482.7920000001
local_termination_time: 389277.59436
node_cons: 12632.873661121512
tot_aggregated_send: 8526
tot_msg_rcv: 213
tot_msg_sent: 522
tot_reconf_duration: 4.390000000000001
tot_sleeping_duration: 604052.685919999
tot_uptimes: 158
tot_uptimes_duration: 9430.106080001162
