comms_cons: 2.408614399995881
finished_reconf: true
global_termination_time: 14346.89048
local_termination_time: 14346.84936
node_cons: 292.7635187200006
tot_aggregated_send: 0
tot_msg_rcv: 197
tot_msg_sent: 169
tot_reconf_duration: 24.59
tot_sleeping_duration: 14153.186
tot_uptimes: 4
tot_uptimes_duration: 193.70448000000033
