comms_cons: 32.29071359976845
finished_reconf: true
global_termination_time: 153137.92904000028
local_termination_time: 153137.88792000027
node_cons: 3199.259476803255
tot_aggregated_send: 0
tot_msg_rcv: 2620
tot_msg_sent: 2284
tot_reconf_duration: 24.59
tot_sleeping_duration: 150773.57783999786
tot_uptimes: 40
tot_uptimes_duration: 2364.3512000024202
