comms_cons: 42.23188480026741
finished_reconf: true
global_termination_time: 428686.836
local_termination_time: 25379.30372
node_cons: 8772.418980000008
tot_aggregated_send: 6148
tot_msg_rcv: 107
tot_msg_sent: 164
tot_reconf_duration: 11.31
tot_sleeping_duration: 422146.836
tot_uptimes: 110
tot_uptimes_duration: 6540.0
