comms_cons: 235.60726398847305
finished_reconf: true
global_termination_time: 2385359.591
local_termination_time: 613994.803
node_cons: 49034.0816562236
tot_aggregated_send: 32928
tot_msg_rcv: 842
tot_msg_sent: 2041
tot_reconf_duration: 18.21
tot_sleeping_duration: 2348758.1328400117
tot_uptimes: 611
tot_uptimes_duration: 36601.45815998828
