comms_cons: 238.6670591838271
finished_reconf: true
global_termination_time: 2386069.161
local_termination_time: 31365.53748
node_cons: 49103.16410894779
tot_aggregated_send: 33176
tot_msg_rcv: 1065
tot_msg_sent: 2035
tot_reconf_duration: 11.31
tot_sleeping_duration: 2349409.1123600085
tot_uptimes: 612
tot_uptimes_duration: 36660.04863999138
