comms_cons: 234.29089919207115
finished_reconf: true
global_termination_time: 2385283.762
local_termination_time: 479109.2713200002
node_cons: 49014.77393999934
tot_aggregated_send: 34104
tot_msg_rcv: 483
tot_msg_sent: 1023
tot_reconf_duration: 5.43
tot_sleeping_duration: 2348683.762
tot_uptimes: 611
tot_uptimes_duration: 36600.0
