comms_cons: 235.25245439273417
finished_reconf: true
global_termination_time: 2389095.731
local_termination_time: 1123716.21236
node_cons: 49108.571719999454
tot_aggregated_send: 34220
tot_msg_rcv: 563
tot_msg_sent: 974
tot_reconf_duration: 15.34
tot_sleeping_duration: 2352435.731
tot_uptimes: 612
tot_uptimes_duration: 36660.0
