comms_cons: 63.22673920022101
finished_reconf: true
global_termination_time: 619955.9914799999
local_termination_time: 619955.9503599999
node_cons: 12745.48794208411
tot_aggregated_send: 8454
tot_msg_rcv: 446
tot_msg_sent: 710
tot_reconf_duration: 24.59
tot_sleeping_duration: 610462.2687599969
tot_uptimes: 159
tot_uptimes_duration: 9493.722720003047
