comms_cons: 163.73898878260442
finished_reconf: true
global_termination_time: 1615020.708
local_termination_time: 6879.544000000001
node_cons: 33187.36741791309
tot_aggregated_send: 20759
tot_msg_rcv: 1310
tot_msg_sent: 2820
tot_reconf_duration: 5.02
tot_sleeping_duration: 1590240.6107200054
tot_uptimes: 414
tot_uptimes_duration: 24780.09727999482
