comms_cons: 160.45478398432599
finished_reconf: true
global_termination_time: 1616197.098
local_termination_time: 7116.955000000001
node_cons: 33184.26307118878
tot_aggregated_send: 21456
tot_msg_rcv: 1004
tot_msg_sent: 1930
tot_reconf_duration: 2.77
tot_sleeping_duration: 1591417.0372000083
tot_uptimes: 414
tot_uptimes_duration: 24780.060799991603
