comms_cons: 157.91059198784401
finished_reconf: true
global_termination_time: 1616888.366
local_termination_time: 6629.293
node_cons: 33265.936647822455
tot_aggregated_send: 21455
tot_msg_rcv: 1032
tot_msg_sent: 1515
tot_reconf_duration: 3.77
tot_sleeping_duration: 1592048.323440013
tot_uptimes: 415
tot_uptimes_duration: 24840.042559986876
