comms_cons: 346.39550722492163
finished_reconf: true
global_termination_time: 3492655.712
local_termination_time: 2409746.12348
node_cons: 71844.7998611153
tot_aggregated_send: 48430
tot_msg_rcv: 1498
tot_msg_sent: 2723
tot_reconf_duration: 15.34
tot_sleeping_duration: 3439015.705920002
tot_uptimes: 895
tot_uptimes_duration: 53640.00607999787
