comms_cons: 343.4651328081118
finished_reconf: true
global_termination_time: 3490421.33
local_termination_time: 2489822.71436
node_cons: 71752.17266334953
tot_aggregated_send: 48430
tot_msg_rcv: 1277
tot_msg_sent: 2496
tot_reconf_duration: 6.279999999999999
tot_sleeping_duration: 3436841.311760007
tot_uptimes: 894
tot_uptimes_duration: 53580.01823999314
