comms_cons: 346.0968704053174
finished_reconf: true
global_termination_time: 3490085.338
local_termination_time: 2484166.4343600003
node_cons: 71751.20034223275
tot_aggregated_send: 48662
tot_msg_rcv: 1392
tot_msg_sent: 2550
tot_reconf_duration: 5.57
tot_sleeping_duration: 3436505.3258400047
tot_uptimes: 894
tot_uptimes_duration: 53580.0121599955
