comms_cons: 352.4852736600796
finished_reconf: true
global_termination_time: 3493836.276
local_termination_time: 324690.18536
node_cons: 71849.42787005534
tot_aggregated_send: 48662
tot_msg_rcv: 1781
tot_msg_sent: 3132
tot_reconf_duration: 18.700000000000003
tot_sleeping_duration: 3440196.221280017
tot_uptimes: 895
tot_uptimes_duration: 53640.05471998284
