comms_cons: 1.811564799992619
finished_reconf: true
global_termination_time: 13582.552
local_termination_time: 5051.182360000001
node_cons: 256.3789800000005
tot_aggregated_send: 0
tot_msg_rcv: 166
tot_msg_sent: 109
tot_reconf_duration: 11.31
tot_sleeping_duration: 13402.552
tot_uptimes: 4
tot_uptimes_duration: 180.0
