comms_cons: 1.6119039999946747
finished_reconf: true
global_termination_time: 11203.697
local_termination_time: 5974.633360000001
node_cons: 168.0539400000004
tot_aggregated_send: 0
tot_msg_rcv: 132
tot_msg_sent: 113
tot_reconf_duration: 5.43
tot_sleeping_duration: 11083.697
tot_uptimes: 3
tot_uptimes_duration: 120.0
