comms_cons: 127.75856638485811
finished_reconf: true
global_termination_time: 652391.1095999999
local_termination_time: 2469.65848
node_cons: 13468.107989521308
tot_aggregated_send: 0
tot_msg_rcv: 9741
tot_msg_sent: 9675
tot_reconf_duration: 22.65
tot_sleeping_duration: 642355.7479199988
tot_uptimes: 168
tot_uptimes_duration: 10035.361680000962
