comms_cons: 64.12711679931252
finished_reconf: true
global_termination_time: 657769.648
local_termination_time: 445253.425
node_cons: 13513.006971761448
tot_aggregated_send: 9276
tot_msg_rcv: 124
tot_msg_sent: 347
tot_reconf_duration: 7.819999999999999
tot_sleeping_duration: 647685.7141599989
tot_uptimes: 169
tot_uptimes_duration: 10083.93384000106
