comms_cons: 55.6481280017232
finished_reconf: true
global_termination_time: 536529.26124
local_termination_time: 199181.24484000012
node_cons: 11051.762137210073
tot_aggregated_send: 6032
tot_msg_rcv: 846
tot_msg_sent: 1581
tot_reconf_duration: 18.21
tot_sleeping_duration: 528293.9864399926
tot_uptimes: 138
tot_uptimes_duration: 8235.274800007523
