comms_cons: 53.69285120045346
finished_reconf: true
global_termination_time: 537782.447
local_termination_time: 226624.36136000004
node_cons: 11013.111980000012
tot_aggregated_send: 7424
tot_msg_rcv: 219
tot_msg_sent: 518
tot_reconf_duration: 4.8100000000000005
tot_sleeping_duration: 529562.447
tot_uptimes: 138
tot_uptimes_duration: 8220.0
