comms_cons: 110.6890879958173
finished_reconf: true
global_termination_time: 1116007.987
local_termination_time: 423370.4686000001
node_cons: 22909.692360000012
tot_aggregated_send: 16008
tot_msg_rcv: 302
tot_msg_sent: 514
tot_reconf_duration: 9.42
tot_sleeping_duration: 1098907.987
tot_uptimes: 286
tot_uptimes_duration: 17100.0
