comms_cons: 110.17180799866912
finished_reconf: true
global_termination_time: 1115268.507
local_termination_time: 168066.24836000006
node_cons: 22914.05154000004
tot_aggregated_send: 16124
tot_msg_rcv: 226
tot_msg_sent: 395
tot_reconf_duration: 12.629999999999999
tot_sleeping_duration: 1098168.507
tot_uptimes: 286
tot_uptimes_duration: 17100.0
