comms_cons: 109.194982398081
finished_reconf: true
global_termination_time: 1113104.692
local_termination_time: 549121.8446799985
node_cons: 22907.519560000124
tot_aggregated_send: 16240
tot_msg_rcv: 74
tot_msg_sent: 283
tot_reconf_duration: 7.819999999999999
tot_sleeping_duration: 1096004.692
tot_uptimes: 286
tot_uptimes_duration: 17100.0
