comms_cons: 187.39023998205772
finished_reconf: true
global_termination_time: 1847986.1494399996
local_termination_time: 1847986.1083199997
node_cons: 38063.904527332124
tot_aggregated_send: 25506
tot_msg_rcv: 1034
tot_msg_sent: 1943
tot_reconf_duration: 24.59
tot_sleeping_duration: 1819583.9752000205
tot_uptimes: 474
tot_uptimes_duration: 28402.1742399793
