comms_cons: 188.1910911819721
finished_reconf: true
global_termination_time: 1853498.502
local_termination_time: 94234.95235999998
node_cons: 38111.98382894369
tot_aggregated_send: 25230
tot_msg_rcv: 1123
tot_msg_sent: 2250
tot_reconf_duration: 22.65
tot_sleeping_duration: 1825058.4533600123
tot_uptimes: 475
tot_uptimes_duration: 28440.048639987945
