comms_cons: 65.83210240047843
finished_reconf: true
global_termination_time: 665982.209
local_termination_time: 265031.765
node_cons: 13678.639861121444
tot_aggregated_send: 9554
tot_msg_rcv: 161
tot_msg_sent: 291
tot_reconf_duration: 15.34
tot_sleeping_duration: 655782.2029199989
tot_uptimes: 171
tot_uptimes_duration: 10200.006080001069
