comms_cons: 66.70713599789667
finished_reconf: true
global_termination_time: 664514.3577199988
local_termination_time: 21930.313360000004
node_cons: 13717.744350078478
tot_aggregated_send: 9396
tot_msg_rcv: 249
tot_msg_sent: 493
tot_reconf_duration: 3.05
tot_sleeping_duration: 654272.683
tot_uptimes: 171
tot_uptimes_duration: 10241.674719998846
