comms_cons: 95.85719039422276
finished_reconf: true
global_termination_time: 947969.876
local_termination_time: 82206.94047999996
node_cons: 19467.0254622337
tot_aggregated_send: 13108
tot_msg_rcv: 542
tot_msg_sent: 920
tot_reconf_duration: 18.21
tot_sleeping_duration: 933449.8638400048
tot_uptimes: 243
tot_uptimes_duration: 14520.012159995269
