comms_cons: 97.57611519531794
finished_reconf: true
global_termination_time: 948184.891
local_termination_time: 770696.9718399987
node_cons: 19448.82826223377
tot_aggregated_send: 12818
tot_msg_rcv: 792
tot_msg_sent: 1221
tot_reconf_duration: 4.8100000000000005
tot_sleeping_duration: 933664.8788400047
tot_uptimes: 243
tot_uptimes_duration: 14520.012159995269
