comms_cons: 96.77533439735404
finished_reconf: true
global_termination_time: 951624.206
local_termination_time: 336115.88836000004
node_cons: 19557.026246724
tot_aggregated_send: 12470
tot_msg_rcv: 687
tot_msg_sent: 1554
tot_reconf_duration: 25.299999999999997
tot_sleeping_duration: 937044.169519997
tot_uptimes: 244
tot_uptimes_duration: 14580.036480002978
