comms_cons: 97.55065599359719
finished_reconf: true
global_termination_time: 954358.242
local_termination_time: 343818.01499999996
node_cons: 19624.437450552956
tot_aggregated_send: 12579
tot_msg_rcv: 727
tot_msg_sent: 1520
tot_reconf_duration: 13.17
tot_sleeping_duration: 939715.5589600052
tot_uptimes: 245
tot_uptimes_duration: 14642.683039994736
