comms_cons: 94.24658559690164
finished_reconf: true
global_termination_time: 953693.372
local_termination_time: 736687.4413599998
node_cons: 19628.37902335506
tot_aggregated_send: 12586
tot_msg_rcv: 621
tot_msg_sent: 1118
tot_reconf_duration: 18.700000000000003
tot_sleeping_duration: 939053.3537600037
tot_uptimes: 245
tot_uptimes_duration: 14640.018239996338
