comms_cons: 97.05103359360439
finished_reconf: true
global_termination_time: 955438.838
local_termination_time: 223853.50848000008
node_cons: 19611.51259455104
tot_aggregated_send: 12296
tot_msg_rcv: 815
tot_msg_sent: 1641
tot_reconf_duration: 6.22
tot_sleeping_duration: 940798.7589600066
tot_uptimes: 245
tot_uptimes_duration: 14640.079039993288
