comms_cons: 1.5000575999971557
finished_reconf: true
global_termination_time: 14992.098
local_termination_time: 5762.115360000001
node_cons: 256.3789800000005
tot_aggregated_send: 0
tot_msg_rcv: 120
tot_msg_sent: 108
tot_reconf_duration: 11.31
tot_sleeping_duration: 14812.098
tot_uptimes: 4
tot_uptimes_duration: 180.0
