comms_cons: 19.75935999987188
finished_reconf: true
global_termination_time: 201434.822
local_termination_time: 12498.84736
node_cons: 4128.106841120293
tot_aggregated_send: 2726
tot_msg_rcv: 64
tot_msg_sent: 212
tot_reconf_duration: 22.65
tot_sleeping_duration: 198374.8159199998
tot_uptimes: 52
tot_uptimes_duration: 3060.0060800002175
