comms_cons: 20.046822399893397
finished_reconf: true
global_termination_time: 201433.073
local_termination_time: 12441.319080000005
node_cons: 4103.871980000004
tot_aggregated_send: 2842
tot_msg_rcv: 92
tot_msg_sent: 113
tot_reconf_duration: 4.8100000000000005
tot_sleeping_duration: 198373.073
tot_uptimes: 52
tot_uptimes_duration: 3060.0
