comms_cons: 30.34240000048218
finished_reconf: true
global_termination_time: 303139.925
local_termination_time: 252412.68744000018
node_cons: 6196.799559999978
tot_aggregated_send: 4118
tot_msg_rcv: 152
tot_msg_sent: 341
tot_reconf_duration: 7.819999999999999
tot_sleeping_duration: 298519.925
tot_uptimes: 78
tot_uptimes_duration: 4620.0
