comms_cons: 30.085811200535215
finished_reconf: true
global_termination_time: 301820.053
local_termination_time: 132213.70648000008
node_cons: 6194.634901121439
tot_aggregated_send: 4176
tot_msg_rcv: 109
tot_msg_sent: 287
tot_reconf_duration: 6.22
tot_sleeping_duration: 297200.04691999895
tot_uptimes: 78
tot_uptimes_duration: 4620.006080001069
