comms_cons: 220.67918079483078
finished_reconf: true
global_termination_time: 2243080.727
local_termination_time: 857744.7074799999
node_cons: 46149.52554111637
tot_aggregated_send: 32538
tot_msg_rcv: 272
tot_msg_sent: 731
tot_reconf_duration: 25.299999999999997
tot_sleeping_duration: 2208640.7209200026
tot_uptimes: 575
tot_uptimes_duration: 34440.006079997635
