comms_cons: 223.19935999420852
finished_reconf: true
global_termination_time: 2241664.501519998
local_termination_time: 2241664.460399998
node_cons: 46243.450388631805
tot_aggregated_send: 32222
tot_msg_rcv: 607
tot_msg_sent: 1095
tot_reconf_duration: 37.410000000000004
tot_sleeping_duration: 2207166.631760004
tot_uptimes: 575
tot_uptimes_duration: 34497.8697599945
