comms_cons: 222.76106238932525
finished_reconf: true
global_termination_time: 2244178.249
local_termination_time: 665208.0123599998
node_cons: 46119.34263999941
tot_aggregated_send: 32074
tot_msg_rcv: 568
tot_msg_sent: 1216
tot_reconf_duration: 3.08
tot_sleeping_duration: 2209738.249
tot_uptimes: 575
tot_uptimes_duration: 34440.0
