comms_cons: 279.74100479801467
finished_reconf: true
global_termination_time: 2809877.825
local_termination_time: 6725.589000000002
node_cons: 57848.602365583436
tot_aggregated_send: 39320
tot_msg_rcv: 1026
tot_msg_sent: 2173
tot_reconf_duration: 2.77
tot_sleeping_duration: 2766677.794600012
tot_uptimes: 720
tot_uptimes_duration: 43200.030399988405
