comms_cons: 275.3122304166862
finished_reconf: true
global_termination_time: 2808998.887
local_termination_time: 6312.036
node_cons: 57851.03588781743
tot_aggregated_send: 39261
tot_msg_rcv: 843
tot_msg_sent: 1741
tot_reconf_duration: 4.55
tot_sleeping_duration: 2765798.8444400164
tot_uptimes: 720
tot_uptimes_duration: 43200.04255998391
