comms_cons: 278.76791040275793
finished_reconf: true
global_termination_time: 2809923.35
local_termination_time: 4001.792
node_cons: 57866.598567822024
tot_aggregated_send: 38612
tot_msg_rcv: 1254
tot_msg_sent: 2506
tot_reconf_duration: 16.009999999999998
tot_sleeping_duration: 2766723.3074400127
tot_uptimes: 720
tot_uptimes_duration: 43200.04255998734
