comms_cons: 276.72714881488315
finished_reconf: true
global_termination_time: 2808339.019
local_termination_time: 7446.545
node_cons: 57854.479768934885
tot_aggregated_send: 38854
tot_msg_rcv: 1165
tot_msg_sent: 2041
tot_reconf_duration: 7.08
tot_sleeping_duration: 2765138.970360018
tot_uptimes: 720
tot_uptimes_duration: 43200.04863998201
