comms_cons: 28.218188799754934
finished_reconf: true
global_termination_time: 275686.435
local_termination_time: 31603.49048
node_cons: 5631.3884833597385
tot_aggregated_send: 3712
tot_msg_rcv: 231
tot_msg_sent: 346
tot_reconf_duration: 5.57
tot_sleeping_duration: 271486.41676000017
tot_uptimes: 71
tot_uptimes_duration: 4200.018239999801
