comms_cons: 76.77599999961978
finished_reconf: true
global_termination_time: 763577.973
local_termination_time: 243878.8100000009
node_cons: 15705.47741848235
tot_aggregated_send: 10614
tot_msg_rcv: 363
tot_msg_sent: 692
tot_reconf_duration: 18.21
tot_sleeping_duration: 751867.1826799982
tot_uptimes: 196
tot_uptimes_duration: 11710.790320001746
