comms_cons: 77.01674239794893
finished_reconf: true
global_termination_time: 763363.282
local_termination_time: 301231.90036
node_cons: 15686.8438033551
tot_aggregated_send: 10208
tot_msg_rcv: 423
tot_msg_sent: 1076
tot_reconf_duration: 15.110000000000001
tot_sleeping_duration: 751663.2637600036
tot_uptimes: 196
tot_uptimes_duration: 11700.018239996338
