comms_cons: 80.69126399446054
finished_reconf: true
global_termination_time: 764638.061
local_termination_time: 199849.37736000004
node_cons: 15681.72410895767
tot_aggregated_send: 9628
tot_msg_rcv: 951
tot_msg_sent: 1685
tot_reconf_duration: 11.31
tot_sleeping_duration: 752938.0123600018
tot_uptimes: 196
tot_uptimes_duration: 11700.048639998247
