comms_cons: 228.48245758605256
finished_reconf: true
global_termination_time: 2266011.3856
local_termination_time: 2266011.34448
node_cons: 46649.07998958594
tot_aggregated_send: 31538
tot_msg_rcv: 1082
tot_msg_sent: 2107
tot_reconf_duration: 24.59
tot_sleeping_duration: 2231197.57920001
tot_uptimes: 581
tot_uptimes_duration: 34813.806399990135
