comms_cons: 124.25477119378218
finished_reconf: true
global_termination_time: 1253040.401
local_termination_time: 920109.5321599982
node_cons: 25738.10084735447
tot_aggregated_send: 17922
tot_msg_rcv: 340
tot_msg_sent: 624
tot_reconf_duration: 18.21
tot_sleeping_duration: 1233836.9867600042
tot_uptimes: 321
tot_uptimes_duration: 19203.41423999588
