comms_cons: 123.73899519678417
finished_reconf: true
global_termination_time: 1252743.719
local_termination_time: 683761.5379199993
node_cons: 25724.15897999994
tot_aggregated_send: 18154
tot_msg_rcv: 256
tot_msg_sent: 396
tot_reconf_duration: 11.31
tot_sleeping_duration: 1233543.719
tot_uptimes: 321
tot_uptimes_duration: 19199.999999999985
