comms_cons: 100.23925119375163
finished_reconf: true
global_termination_time: 997546.49
local_termination_time: 411638.96836000006
node_cons: 20494.321047827063
tot_aggregated_send: 13166
tot_msg_rcv: 727
tot_msg_sent: 1343
tot_reconf_duration: 5.57
tot_sleeping_duration: 982246.4474400097
tot_uptimes: 256
tot_uptimes_duration: 15300.04255999031
