comms_cons: 100.55089279650969
finished_reconf: true
global_termination_time: 997332.012
local_termination_time: 442254.7646400008
node_cons: 20540.768658311645
tot_aggregated_send: 13108
tot_msg_rcv: 728
tot_msg_sent: 1447
tot_reconf_duration: 25.299999999999997
tot_sleeping_duration: 982017.2911200062
tot_uptimes: 256
tot_uptimes_duration: 15314.72087999375
