comms_cons: 99.60908799743079
finished_reconf: true
global_termination_time: 997882.961
local_termination_time: 557891.4292799992
node_cons: 20507.235662233674
tot_aggregated_send: 13688
tot_msg_rcv: 544
tot_msg_sent: 908
tot_reconf_duration: 15.110000000000001
tot_sleeping_duration: 982582.9488400047
tot_uptimes: 256
tot_uptimes_duration: 15300.012159995269
