comms_cons: 99.71435519641642
finished_reconf: true
global_termination_time: 1001468.053
local_termination_time: 671696.0803599998
node_cons: 20592.459023350464
tot_aggregated_send: 13630
tot_msg_rcv: 494
tot_msg_sent: 1032
tot_reconf_duration: 18.700000000000003
tot_sleeping_duration: 986108.034760007
tot_uptimes: 257
tot_uptimes_duration: 15360.018239992904
