comms_cons: 99.39197439774811
finished_reconf: true
global_termination_time: 996849.341
local_termination_time: 620299.8183599999
node_cons: 20583.208341116893
tot_aggregated_send: 14326
tot_msg_rcv: 325
tot_msg_sent: 456
tot_reconf_duration: 11.899999999999999
tot_sleeping_duration: 981489.3349200024
tot_uptimes: 256
tot_uptimes_duration: 15360.006079997635
