comms_cons: 100.26666239701129
finished_reconf: true
global_termination_time: 999023.928
local_termination_time: 388630.6837200001
node_cons: 20495.19774911605
tot_aggregated_send: 12992
tot_msg_rcv: 787
tot_msg_sent: 1460
tot_reconf_duration: 6.22
tot_sleeping_duration: 983723.8899200029
tot_uptimes: 256
tot_uptimes_duration: 15300.038079997059
