comms_cons: 19.495424000195868
finished_reconf: true
global_termination_time: 188508.124
local_termination_time: 105820.795
node_cons: 3863.32041576122
tot_aggregated_send: 2143
tot_msg_rcv: 179
tot_msg_sent: 642
tot_reconf_duration: 4.8100000000000005
tot_sleeping_duration: 185627.7741599991
tot_uptimes: 49
tot_uptimes_duration: 2880.349840000912
