comms_cons: 20.942220799995212
finished_reconf: true
global_termination_time: 190409.178
local_termination_time: 16408.232960000005
node_cons: 3862.314184477747
tot_aggregated_send: 2146
tot_msg_rcv: 394
tot_msg_sent: 643
tot_reconf_duration: 4.390000000000001
tot_sleeping_duration: 187529.1536800017
tot_uptimes: 49
tot_uptimes_duration: 2880.024319998316
