comms_cons: 359.82926080361193
finished_reconf: true
global_termination_time: 3658197.643
local_termination_time: 2285226.51836
node_cons: 75205.18208223232
tot_aggregated_send: 50750
tot_msg_rcv: 1350
tot_msg_sent: 2593
tot_reconf_duration: 5.1
tot_sleeping_duration: 3602037.630840005
tot_uptimes: 937
tot_uptimes_duration: 56160.0121599955
