comms_cons: 72.82434559826528
finished_reconf: true
global_termination_time: 701752.554
local_termination_time: 180545.81
node_cons: 14417.312931405593
tot_aggregated_send: 9046
tot_msg_rcv: 701
tot_msg_sent: 1322
tot_reconf_duration: 22.65
tot_sleeping_duration: 691008.3013999959
tot_uptimes: 180
tot_uptimes_duration: 10744.252600004169
