comms_cons: 72.74809599557642
finished_reconf: true
global_termination_time: 703919.253
local_termination_time: 129907.69995999993
node_cons: 14469.752663359712
tot_aggregated_send: 9338
tot_msg_rcv: 616
tot_msg_sent: 1104
tot_reconf_duration: 6.279999999999999
tot_sleeping_duration: 693119.2347600003
tot_uptimes: 181
tot_uptimes_duration: 10800.018239999772
