comms_cons: 73.52943999678062
finished_reconf: true
global_termination_time: 703069.555
local_termination_time: 36473.78064000008
node_cons: 14465.423345604888
tot_aggregated_send: 9106
tot_msg_rcv: 729
tot_msg_sent: 1339
tot_reconf_duration: 3.08
tot_sleeping_duration: 692269.5245999964
tot_uptimes: 181
tot_uptimes_duration: 10800.030400003641
