comms_cons: 70.25018239877257
finished_reconf: true
global_termination_time: 705472.773
local_termination_time: 127898.12195999992
node_cons: 14474.010034800722
tot_aggregated_send: 9744
tot_msg_rcv: 243
tot_msg_sent: 690
tot_reconf_duration: 9.42
tot_sleeping_duration: 694672.7597999995
tot_uptimes: 181
tot_uptimes_duration: 10800.013200000525
