comms_cons: 2.329036799996488
finished_reconf: true
global_termination_time: 18079.615
local_termination_time: 10179.553360000002
node_cons: 328.9240600000021
tot_aggregated_send: 0
tot_msg_rcv: 183
tot_msg_sent: 171
tot_reconf_duration: 5.57
tot_sleeping_duration: 17839.615
tot_uptimes: 5
tot_uptimes_duration: 240.0
