comms_cons: 57.47589120182225
finished_reconf: true
global_termination_time: 550286.423
local_termination_time: 257134.66872000057
node_cons: 11255.196624485767
tot_aggregated_send: 6786
tot_msg_rcv: 671
tot_msg_sent: 1279
tot_reconf_duration: 5.57
tot_sleeping_duration: 541886.3986799957
tot_uptimes: 141
tot_uptimes_duration: 8400.02432000429
