comms_cons: 0.583872000000021
finished_reconf: true
global_termination_time: 5400.87
local_termination_time: 69.02247999999994
node_cons: 88.86824000000001
tot_aggregated_send: 0
tot_msg_rcv: 34
tot_msg_sent: 54
tot_reconf_duration: 6.279999999999999
tot_sleeping_duration: 5340.87
tot_uptimes: 2
tot_uptimes_duration: 60.00000000000001
