comms_cons: 194.53761912720117
finished_reconf: true
global_termination_time: 845273.5302399991
local_termination_time: 1666.3974800000024
node_cons: 17430.04916348336
tot_aggregated_send: 0
tot_msg_rcv: 16902
tot_msg_sent: 12657
tot_reconf_duration: 18.21
tot_sleeping_duration: 832274.7849199965
tot_uptimes: 217
tot_uptimes_duration: 12998.745320002505
