comms_cons: 84.5153535980608
finished_reconf: true
global_termination_time: 848655.783
local_termination_time: 244529.9236000001
node_cons: 17442.308240000024
tot_aggregated_send: 12122
tot_msg_rcv: 264
tot_msg_sent: 460
tot_reconf_duration: 6.279999999999999
tot_sleeping_duration: 835635.783
tot_uptimes: 218
tot_uptimes_duration: 13020.0
