comms_cons: 84.31244799885066
finished_reconf: true
global_termination_time: 845575.488
local_termination_time: 314356.5500400003
node_cons: 17361.004060000036
tot_aggregated_send: 12064
tot_msg_rcv: 292
tot_msg_sent: 459
tot_reconf_duration: 5.57
tot_sleeping_duration: 832615.488
tot_uptimes: 217
tot_uptimes_duration: 12960.0
