comms_cons: 83.58215679885055
finished_reconf: true
global_termination_time: 847056.399
local_termination_time: 170191.02744000067
node_cons: 17359.971980000024
tot_aggregated_send: 12122
tot_msg_rcv: 180
tot_msg_sent: 402
tot_reconf_duration: 4.8100000000000005
tot_sleeping_duration: 834096.399
tot_uptimes: 217
tot_uptimes_duration: 12960.0
