comms_cons: 83.81040639915719
finished_reconf: true
global_termination_time: 845434.418
local_termination_time: 8990.289520000002
node_cons: 17360.813940000022
tot_aggregated_send: 12064
tot_msg_rcv: 214
tot_msg_sent: 459
tot_reconf_duration: 5.43
tot_sleeping_duration: 832474.418
tot_uptimes: 217
tot_uptimes_duration: 12960.0
