comms_cons: 100.91176959860375
finished_reconf: true
global_termination_time: 1017149.967
local_termination_time: 406420.9416000001
node_cons: 20909.25614335976
tot_aggregated_send: 12876
tot_msg_rcv: 893
tot_msg_sent: 1569
tot_reconf_duration: 15.34
tot_sleeping_duration: 1001549.9487600002
tot_uptimes: 261
tot_uptimes_duration: 15600.018239999772
