comms_cons: 100.73677439751751
finished_reconf: true
global_termination_time: 1017101.925
local_termination_time: 439000.9759200003
node_cons: 20894.948262233655
tot_aggregated_send: 13920
tot_msg_rcv: 461
tot_msg_sent: 930
tot_reconf_duration: 4.8100000000000005
tot_sleeping_duration: 1001501.9128400048
tot_uptimes: 261
tot_uptimes_duration: 15600.01215999524
