comms_cons: 49.05988480023175
finished_reconf: true
global_termination_time: 502804.077
local_termination_time: 155088.12236000004
node_cons: 10294.147701121414
tot_aggregated_send: 7018
tot_msg_rcv: 152
tot_msg_sent: 286
tot_reconf_duration: 7.819999999999999
tot_sleeping_duration: 495124.0709199989
tot_uptimes: 129
tot_uptimes_duration: 7680.006080001069
