comms_cons: 2.4515647999905767
finished_reconf: true
global_termination_time: 11797.91648
local_termination_time: 11797.87536
node_cons: 310.1730787200009
tot_aggregated_send: 0
tot_msg_rcv: 212
tot_msg_sent: 160
tot_reconf_duration: 37.410000000000004
tot_sleeping_duration: 11604.212
tot_uptimes: 4
tot_uptimes_duration: 193.70448000000033
