comms_cons: 2.5790463999914772
finished_reconf: true
global_termination_time: 13519.623
local_termination_time: 7193.536360000001
node_cons: 266.42274112000723
tot_aggregated_send: 0
tot_msg_rcv: 234
tot_msg_sent: 158
tot_reconf_duration: 18.700000000000003
tot_sleeping_duration: 13339.616919999995
tot_uptimes: 4
tot_uptimes_duration: 180.00608000000466
