comms_cons: 88.25464319972659
finished_reconf: true
global_termination_time: 865533.262
local_termination_time: 212819.15356000024
node_cons: 17762.114646728616
tot_aggregated_send: 11368
tot_msg_rcv: 720
tot_msg_sent: 1328
tot_reconf_duration: 5.1
tot_sleeping_duration: 852273.2255199936
tot_uptimes: 222
tot_uptimes_duration: 13260.036480006413
