comms_cons: 85.7603519973197
finished_reconf: true
global_termination_time: 859733.611
local_termination_time: 351944.27
node_cons: 17694.635285761033
tot_aggregated_send: 12062
tot_msg_rcv: 276
tot_msg_sent: 696
tot_reconf_duration: 9.42
tot_sleeping_duration: 846528.3511599993
tot_uptimes: 221
tot_uptimes_duration: 13205.25984000077
