comms_cons: 13.144127999906825
finished_reconf: true
global_termination_time: 108446.4751599998
local_termination_time: 108446.4340399998
node_cons: 2240.6278142397305
tot_aggregated_send: 870
tot_msg_rcv: 404
tot_msg_sent: 724
tot_reconf_duration: 24.59
tot_sleeping_duration: 106798.055
tot_uptimes: 28
tot_uptimes_duration: 1648.420159999805
