comms_cons: 13.326950400014162
finished_reconf: true
global_termination_time: 111380.454
local_termination_time: 19697.985
node_cons: 2255.5141844800237
tot_aggregated_send: 1100
tot_msg_rcv: 396
tot_msg_sent: 529
tot_reconf_duration: 4.390000000000001
tot_sleeping_duration: 109700.42967999999
tot_uptimes: 29
tot_uptimes_duration: 1680.0243200000186
