comms_cons: 266.39180802296414
finished_reconf: true
global_termination_time: 2810549.245
local_termination_time: 7339.0380000000005
node_cons: 57848.569801115795
tot_aggregated_send: 38682
tot_msg_rcv: 644
tot_msg_sent: 1164
tot_reconf_duration: 2.77
tot_sleeping_duration: 2767349.2389200022
tot_uptimes: 720
tot_uptimes_duration: 43200.006079997635
