comms_cons: 281.1950335937092
finished_reconf: true
global_termination_time: 2810695.243
local_termination_time: 4458.657
node_cons: 57850.42475340619
tot_aggregated_send: 39320
tot_msg_rcv: 1029
tot_msg_sent: 2390
tot_reconf_duration: 4.07
tot_sleeping_duration: 2767495.1700400244
tot_uptimes: 720
tot_uptimes_duration: 43200.072959975514
