comms_cons: 281.4318592171991
finished_reconf: true
global_termination_time: 2809426.68
local_termination_time: 6091.647
node_cons: 57863.66255116793
tot_aggregated_send: 38912
tot_msg_rcv: 1383
tot_msg_sent: 2481
tot_reconf_duration: 13.83
tot_sleeping_duration: 2766226.6192000234
tot_uptimes: 720
tot_uptimes_duration: 43200.06079997681
