comms_cons: 276.2822784329603
finished_reconf: true
global_termination_time: 2808176.527
local_termination_time: 4214.707
node_cons: 57859.175746703455
tot_aggregated_send: 39139
tot_msg_rcv: 970
tot_msg_sent: 1882
tot_reconf_duration: 10.55
tot_sleeping_duration: 2764976.4905200116
tot_uptimes: 720
tot_uptimes_duration: 43200.03647998841
