comms_cons: 256.4298240328755
finished_reconf: true
global_termination_time: 534324.48
local_termination_time: 18794.7776
node_cons: 32216.76809748438
tot_aggregated_send: 0
tot_msg_rcv: 15760
tot_msg_sent: 23216
tot_reconf_duration: 18.21
tot_sleeping_duration: 510282.62867999676
tot_uptimes: 394
tot_uptimes_duration: 24041.85132000324
