comms_cons: 105.24088321371552
finished_reconf: true
global_termination_time: 534453.526
local_termination_time: 21413.734360000002
node_cons: 10957.014982242878
tot_aggregated_send: 0
tot_msg_rcv: 8127
tot_msg_sent: 7869
tot_reconf_duration: 22.65
tot_sleeping_duration: 526293.5138399978
tot_uptimes: 137
tot_uptimes_duration: 8160.0121600021375
