comms_cons: 105.59141121341854
finished_reconf: true
global_termination_time: 534324.48
local_termination_time: 18779.947600000003
node_cons: 10932.226043362884
tot_aggregated_send: 0
tot_msg_rcv: 8156
tot_msg_sent: 7892
tot_reconf_duration: 4.390000000000001
tot_sleeping_duration: 526164.4617599979
tot_uptimes: 137
tot_uptimes_duration: 8160.018240002144
