comms_cons: 54.18033920096689
finished_reconf: true
global_termination_time: 532165.721
local_termination_time: 58120.552360000016
node_cons: 10930.39818224288
tot_aggregated_send: 7076
tot_msg_rcv: 400
tot_msg_sent: 760
tot_reconf_duration: 3.05
tot_sleeping_duration: 524005.7088399979
tot_uptimes: 137
tot_uptimes_duration: 8160.0121600021375
