comms_cons: 29.56692480029027
finished_reconf: true
global_termination_time: 295773.022
local_termination_time: 58774.008
node_cons: 6029.650041119162
tot_aggregated_send: 4056
tot_msg_rcv: 147
tot_msg_sent: 291
tot_reconf_duration: 3.05
tot_sleeping_duration: 291273.0159200006
tot_uptimes: 76
tot_uptimes_duration: 4500.006079999366
