comms_cons: 38.58763520066828
finished_reconf: true
global_termination_time: 381144.039
local_termination_time: 160399.68160000007
node_cons: 7812.1253506429475
tot_aggregated_send: 5162
tot_msg_rcv: 246
tot_msg_sent: 457
tot_reconf_duration: 11.31
tot_sleeping_duration: 375321.21123999776
tot_uptimes: 98
tot_uptimes_duration: 5822.8277600021975
