comms_cons: 1068.3878201693033
finished_reconf: true
global_termination_time: 2477672.098
local_termination_time: 279749.3324800001
node_cons: 150435.97947473914
tot_aggregated_send: 0
tot_msg_rcv: 65630
tot_msg_sent: 96759
tot_reconf_duration: 18.21
tot_sleeping_duration: 2365341.067160012
tot_uptimes: 1837
tot_uptimes_duration: 112331.03083998794
