comms_cons: 246.67457279956244
finished_reconf: true
global_termination_time: 2477745.404
local_termination_time: 365008.78636
node_cons: 50953.45300112067
tot_aggregated_send: 35322
tot_msg_rcv: 731
tot_msg_sent: 1439
tot_reconf_duration: 13.17
tot_sleeping_duration: 2439705.3979199994
tot_uptimes: 635
tot_uptimes_duration: 38040.00608000107
