comms_cons: 245.74627841108105
finished_reconf: true
global_termination_time: 2477431.66248
local_termination_time: 2477431.6213599998
node_cons: 50987.319800957004
tot_aggregated_send: 35482
tot_msg_rcv: 585
tot_msg_sent: 1284
tot_reconf_duration: 24.59
tot_sleeping_duration: 2439377.945840001
tot_uptimes: 635
tot_uptimes_duration: 38053.71663999854
