comms_cons: 251.5037055758009
finished_reconf: true
global_termination_time: 2478009.51
local_termination_time: 241259.29136000006
node_cons: 50941.62033104333
tot_aggregated_send: 33466
tot_msg_rcv: 1657
tot_msg_sent: 3103
tot_reconf_duration: 4.390000000000001
tot_sleeping_duration: 2439969.4362800266
tot_uptimes: 635
tot_uptimes_duration: 38040.07371997315
