comms_cons: 269.74525438932284
finished_reconf: true
global_termination_time: 2731319.575
local_termination_time: 824303.1483599999
node_cons: 56165.256624466296
tot_aggregated_send: 38164
tot_msg_rcv: 950
tot_msg_sent: 1885
tot_reconf_duration: 5.57
tot_sleeping_duration: 2689379.5506800096
tot_uptimes: 700
tot_uptimes_duration: 41940.02431999054
