comms_cons: 1.5132159999971122
finished_reconf: true
global_termination_time: 10728.524
local_termination_time: 7067.38136
node_cons: 167.21198000000055
tot_aggregated_send: 0
tot_msg_rcv: 118
tot_msg_sent: 112
tot_reconf_duration: 4.8100000000000005
tot_sleeping_duration: 10608.524
tot_uptimes: 3
tot_uptimes_duration: 120.0
