comms_cons: 13.783423999980457
finished_reconf: true
global_termination_time: 9542.220240000002
local_termination_time: 340.46203999999955
node_cons: 1604.7627553600032
tot_aggregated_send: 0
tot_msg_rcv: 986
tot_msg_sent: 1108
tot_reconf_duration: 4.390000000000001
tot_sleeping_duration: 8348.194
tot_uptimes: 19
tot_uptimes_duration: 1194.0262400000024
