comms_cons: 1.5855871999989826
finished_reconf: true
global_termination_time: 10281.139
local_termination_time: 6881.60236
node_cons: 164.82189999999903
tot_aggregated_send: 0
tot_msg_rcv: 125
tot_msg_sent: 116
tot_reconf_duration: 3.05
tot_sleeping_duration: 10161.139
tot_uptimes: 3
tot_uptimes_duration: 120.0
