comms_cons: 2.2171903999926736
finished_reconf: true
global_termination_time: 16907.305
local_termination_time: 7401.670360000001
node_cons: 352.1187000000008
tot_aggregated_send: 0
tot_msg_rcv: 181
tot_msg_sent: 156
tot_reconf_duration: 22.65
tot_sleeping_duration: 16667.305
tot_uptimes: 5
tot_uptimes_duration: 240.0
