comms_cons: 18.560550399949296
finished_reconf: true
global_termination_time: 13272.002240000005
local_termination_time: 2637.091040000001
node_cons: 2308.2312572000483
tot_aggregated_send: 0
tot_msg_rcv: 1280
tot_msg_sent: 1540
tot_reconf_duration: 4.390000000000001
tot_sleeping_duration: 11552.607439999969
tot_uptimes: 28
tot_uptimes_duration: 1719.3948000000364
