comms_cons: 59.26543359962021
finished_reconf: true
global_termination_time: 591801.775
local_termination_time: 24409.263320000002
node_cons: 12142.326219999939
tot_aggregated_send: 8352
tot_msg_rcv: 257
tot_msg_sent: 399
tot_reconf_duration: 8.09
tot_sleeping_duration: 582741.775
tot_uptimes: 152
tot_uptimes_duration: 9059.999999999942
