comms_cons: 58.32523519929266
finished_reconf: true
global_termination_time: 592544.613
local_termination_time: 117604.71635999996
node_cons: 12151.867521121449
tot_aggregated_send: 8584
tot_msg_rcv: 120
tot_msg_sent: 161
tot_reconf_duration: 15.110000000000001
tot_sleeping_duration: 583484.606919999
tot_uptimes: 152
tot_uptimes_duration: 9060.006080001069
