comms_cons: 58.63383039732957
finished_reconf: true
global_termination_time: 591485.918
local_termination_time: 270345.83436000004
node_cons: 12144.132359999994
tot_aggregated_send: 8410
tot_msg_rcv: 162
tot_msg_sent: 340
tot_reconf_duration: 9.42
tot_sleeping_duration: 582425.918
tot_uptimes: 152
tot_uptimes_duration: 9060.0
