comms_cons: 58.462771199220825
finished_reconf: true
global_termination_time: 591493.521
local_termination_time: 220044.2297600004
node_cons: 12146.210099999993
tot_aggregated_send: 8468
tot_msg_rcv: 138
tot_msg_sent: 280
tot_reconf_duration: 10.95
tot_sleeping_duration: 582433.521
tot_uptimes: 152
tot_uptimes_duration: 9060.0
