comms_cons: 238.25511678331443
finished_reconf: true
global_termination_time: 2415872.399
local_termination_time: 677902.6357999995
node_cons: 49654.28632334988
tot_aggregated_send: 33234
tot_msg_rcv: 908
tot_msg_sent: 2071
tot_reconf_duration: 3.05
tot_sleeping_duration: 2378792.380760007
tot_uptimes: 619
tot_uptimes_duration: 37080.0182399929
