comms_cons: 232.14707199830116
finished_reconf: true
global_termination_time: 2416311.984
local_termination_time: 1461685.0019999999
node_cons: 49665.478979999396
tot_aggregated_send: 34789
tot_msg_rcv: 143
tot_msg_sent: 353
tot_reconf_duration: 11.31
tot_sleeping_duration: 2379231.984
tot_uptimes: 619
tot_uptimes_duration: 37080.0
