comms_cons: 295.75527043508305
finished_reconf: true
global_termination_time: 2896437.664
local_termination_time: 945854.4384799999
node_cons: 59540.50894558341
tot_aggregated_send: 39150
tot_msg_rcv: 1971
tot_msg_sent: 3831
tot_reconf_duration: 6.279999999999999
tot_sleeping_duration: 2851977.6336000115
tot_uptimes: 742
tot_uptimes_duration: 44460.030399988405
