comms_cons: 291.685913607917
finished_reconf: true
global_termination_time: 2892701.682799998
local_termination_time: 2892701.641679998
node_cons: 59554.07683613595
tot_aggregated_send: 40412
tot_msg_rcv: 1374
tot_msg_sent: 2546
tot_reconf_duration: 24.59
tot_sleeping_duration: 2848250.0893600155
tot_uptimes: 741
tot_uptimes_duration: 44451.59343998309
