comms_cons: 165.4536575428689
finished_reconf: true
global_termination_time: 1108436.642
local_termination_time: 178815.82936000006
node_cons: 22743.18650559344
tot_aggregated_send: 0
tot_msg_rcv: 12896
tot_msg_sent: 12254
tot_reconf_duration: 5.1
tot_sleeping_duration: 1091456.6116000048
tot_uptimes: 284
tot_uptimes_duration: 16980.03039999507
