comms_cons: 111.57986559693875
finished_reconf: true
global_termination_time: 1111217.478
local_termination_time: 554596.9273599999
node_cons: 22820.759564956043
tot_aggregated_send: 14616
tot_msg_rcv: 826
tot_msg_sent: 1517
tot_reconf_duration: 3.08
tot_sleeping_duration: 1094177.4653600028
tot_uptimes: 285
tot_uptimes_duration: 17040.01263999706
