comms_cons: 110.15617279846369
finished_reconf: true
global_termination_time: 1107610.836
local_termination_time: 499904.55352000083
node_cons: 22751.114523355147
tot_aggregated_send: 15080
tot_msg_rcv: 547
tot_msg_sent: 1117
tot_reconf_duration: 10.95
tot_sleeping_duration: 1090630.8177600035
tot_uptimes: 284
tot_uptimes_duration: 16980.018239996338
