comms_cons: 108.81640959502387
finished_reconf: true
global_termination_time: 1107069.919639998
local_termination_time: 1799.6534800000006
node_cons: 22760.792308438653
tot_aggregated_send: 14616
tot_msg_rcv: 753
tot_msg_sent: 1169
tot_reconf_duration: 3.05
tot_sleeping_duration: 1090074.661679999
tot_uptimes: 284
tot_uptimes_duration: 16995.25795999897
