comms_cons: 279.24932478896426
finished_reconf: true
global_termination_time: 2809744.352
local_termination_time: 2443993.401
node_cons: 57870.442811755674
tot_aggregated_send: 39955
tot_msg_rcv: 830
tot_msg_sent: 1659
tot_reconf_duration: 13.17
tot_sleeping_duration: 2766538.5581600023
tot_uptimes: 720
tot_uptimes_duration: 43205.79383999761
