comms_cons: 288.6900608089189
finished_reconf: true
global_termination_time: 2808527.039
local_termination_time: 1116084.7630799995
node_cons: 57850.802325583616
tot_aggregated_send: 38454
tot_msg_rcv: 2115
tot_msg_sent: 3309
tot_reconf_duration: 4.390000000000001
tot_sleeping_duration: 2765327.0086000115
tot_uptimes: 720
tot_uptimes_duration: 43200.03039998864
