comms_cons: 839.2424185366448
finished_reconf: true
global_termination_time: 1793594.039
local_termination_time: 617686.9584799998
node_cons: 108340.60432693195
tot_aggregated_send: 0
tot_msg_rcv: 51672
tot_msg_sent: 75887
tot_reconf_duration: 18.21
tot_sleeping_duration: 1712700.9283600186
tot_uptimes: 1330
tot_uptimes_duration: 80893.11063998137
