comms_cons: 179.00687359231702
finished_reconf: true
global_termination_time: 1794696.708
local_termination_time: 826474.4754399986
node_cons: 36884.58823999991
tot_aggregated_send: 25694
tot_msg_rcv: 591
tot_msg_sent: 923
tot_reconf_duration: 6.279999999999999
tot_sleeping_duration: 1767156.708
tot_uptimes: 460
tot_uptimes_duration: 27540.0
