comms_cons: 4.789657599998014
finished_reconf: true
global_termination_time: 3197.434400000001
local_termination_time: 3197.393280000001
node_cons: 554.5178266000017
tot_aggregated_send: 0
tot_msg_rcv: 355
tot_msg_sent: 371
tot_reconf_duration: 24.59
tot_sleeping_duration: 2808.245
tot_uptimes: 7
tot_uptimes_duration: 389.1894000000011
