comms_cons: 31.836748800428765
finished_reconf: true
global_termination_time: 319340.143
local_termination_time: 49335.47760000002
node_cons: 6525.424860000002
tot_aggregated_send: 4466
tot_msg_rcv: 152
tot_msg_sent: 221
tot_reconf_duration: 13.17
tot_sleeping_duration: 314480.143
tot_uptimes: 82
tot_uptimes_duration: 4859.999999999998
