comms_cons: 280.1495424238734
finished_reconf: true
global_termination_time: 2782019.679
local_termination_time: 978763.5873599999
node_cons: 57232.87940558809
tot_aggregated_send: 38802
tot_msg_rcv: 1300
tot_msg_sent: 2480
tot_reconf_duration: 22.65
tot_sleeping_duration: 2739299.6486000083
tot_uptimes: 713
tot_uptimes_duration: 42720.03039999184
