comms_cons: 277.1810112012688
finished_reconf: true
global_termination_time: 2781084.288
local_termination_time: 548172.9993599999
node_cons: 57222.95242558338
tot_aggregated_send: 38744
tot_msg_rcv: 1083
tot_msg_sent: 2302
tot_reconf_duration: 15.34
tot_sleeping_duration: 2738364.257600012
tot_uptimes: 713
tot_uptimes_duration: 42720.030399988376
