comms_cons: 278.70807040442133
finished_reconf: true
global_termination_time: 2780042.931
local_termination_time: 257817.02336000005
node_cons: 57125.93888782172
tot_aggregated_send: 38976
tot_msg_rcv: 1119
tot_msg_sent: 2267
tot_reconf_duration: 3.05
tot_sleeping_duration: 2737382.888440013
tot_uptimes: 712
tot_uptimes_duration: 42660.04255998711
