comms_cons: 1340.8218629904627
finished_reconf: true
global_termination_time: 2779070.6276
local_termination_time: 2779070.5864799996
node_cons: 168072.4295108286
tot_aggregated_send: 0
tot_msg_rcv: 82540
tot_msg_sent: 121257
tot_reconf_duration: 24.59
tot_sleeping_duration: 2653574.708040004
tot_uptimes: 2065
tot_uptimes_duration: 125495.91955999588
