comms_cons: 546.9358274440043
finished_reconf: true
global_termination_time: 2779071.2275999975
local_termination_time: 64.43903999999996
node_cons: 57157.684551750826
tot_aggregated_send: 0
tot_msg_rcv: 41886
tot_msg_sent: 41244
tot_reconf_duration: 11.31
tot_sleeping_duration: 2736395.8537600036
tot_uptimes: 712
tot_uptimes_duration: 42675.3738399939
