comms_cons: 286.36093440873753
finished_reconf: true
global_termination_time: 2794155.431
local_termination_time: 743049.252879998
node_cons: 57450.76175340186
tot_aggregated_send: 37178
tot_msg_rcv: 2045
tot_msg_sent: 4303
tot_reconf_duration: 5.57
tot_sleeping_duration: 2751255.358040028
tot_uptimes: 716
tot_uptimes_duration: 42900.07295997231
