comms_cons: 278.6133632172141
finished_reconf: true
global_termination_time: 2798991.661
local_termination_time: 743048.2732399988
node_cons: 57530.365799998945
tot_aggregated_send: 39788
tot_msg_rcv: 822
tot_msg_sent: 1736
tot_reconf_duration: 5.1
tot_sleeping_duration: 2756031.661
tot_uptimes: 717
tot_uptimes_duration: 42960.0
