comms_cons: 278.50474241389014
finished_reconf: true
global_termination_time: 2796187.989
local_termination_time: 1584475.554119998
node_cons: 57550.407564792884
tot_aggregated_send: 39962
tot_msg_rcv: 809
tot_msg_sent: 1560
tot_reconf_duration: 13.17
tot_sleeping_duration: 2753221.2058000043
tot_uptimes: 717
tot_uptimes_duration: 42966.78319999552
