comms_cons: 287.29943039832506
finished_reconf: true
global_termination_time: 2795261.248
local_termination_time: 431172.8617600008
node_cons: 57449.208160102535
tot_aggregated_send: 36830
tot_msg_rcv: 2407
tot_msg_sent: 4430
tot_reconf_duration: 4.390000000000001
tot_sleeping_duration: 2752361.1385600423
tot_uptimes: 716
tot_uptimes_duration: 42900.10943995789
