comms_cons: 283.28654079790397
finished_reconf: true
global_termination_time: 2797098.13
local_termination_time: 948100.6595199992
node_cons: 57544.320566699935
tot_aggregated_send: 37178
tot_msg_rcv: 2050
tot_msg_sent: 3830
tot_reconf_duration: 15.34
tot_sleeping_duration: 2754138.093520014
tot_uptimes: 717
tot_uptimes_duration: 42960.03647998581
