comms_cons: 280.9697408278153
finished_reconf: true
global_termination_time: 2771376.591
local_termination_time: 915718.3243599999
node_cons: 56969.62080446668
tot_aggregated_send: 38280
tot_msg_rcv: 1580
tot_msg_sent: 2845
tot_reconf_duration: 6.279999999999999
tot_sleeping_duration: 2728836.5666800095
tot_uptimes: 710
tot_uptimes_duration: 42540.02431999077
