comms_cons: 278.610188793684
finished_reconf: true
global_termination_time: 2769300.057
local_termination_time: 1126128.2026799985
node_cons: 57003.869060867546
tot_aggregated_send: 38512
tot_msg_rcv: 1236
tot_msg_sent: 2599
tot_reconf_duration: 25.299999999999997
tot_sleeping_duration: 2726753.7450800086
tot_uptimes: 710
tot_uptimes_duration: 42546.31191999139
