comms_cons: 273.29899519088855
finished_reconf: true
global_termination_time: 2770038.255
local_termination_time: 2003396.3533599998
node_cons: 56978.944859998985
tot_aggregated_send: 40078
tot_msg_rcv: 429
tot_msg_sent: 1032
tot_reconf_duration: 13.17
tot_sleeping_duration: 2727498.2549999994
tot_uptimes: 710
tot_uptimes_duration: 42540.00000000006
