comms_cons: 276.0763903888363
finished_reconf: true
global_termination_time: 2771448.921
local_termination_time: 216351.59104000076
node_cons: 56965.25074670458
tot_aggregated_send: 38918
tot_msg_rcv: 834
tot_msg_sent: 2210
tot_reconf_duration: 3.05
tot_sleeping_duration: 2728908.8845200106
tot_uptimes: 710
tot_uptimes_duration: 42540.03647998924
