comms_cons: 276.1033344048344
finished_reconf: true
global_termination_time: 2768154.1231199964
local_termination_time: 428698.22152000037
node_cons: 56909.827945258614
tot_aggregated_send: 39382
tot_msg_rcv: 902
tot_msg_sent: 1683
tot_reconf_duration: 5.43
tot_sleeping_duration: 2725657.8916000114
tot_uptimes: 709
tot_uptimes_duration: 42496.23151998478
