comms_cons: 110.30748799930805
finished_reconf: true
global_termination_time: 1145776.12
local_termination_time: 249116.11736000006
node_cons: 23546.168262238298
tot_aggregated_send: 16182
tot_msg_rcv: 175
tot_msg_sent: 409
tot_reconf_duration: 4.8100000000000005
tot_sleeping_duration: 1128196.1078400014
tot_uptimes: 294
tot_uptimes_duration: 17580.012159998703
