comms_cons: 119.1733375990525
finished_reconf: true
global_termination_time: 597113.897
local_termination_time: 1272.4503600000003
node_cons: 12219.252201121448
tot_aggregated_send: 0
tot_msg_rcv: 9284
tot_msg_sent: 8828
tot_reconf_duration: 5.57
tot_sleeping_duration: 587993.8909199989
tot_uptimes: 153
tot_uptimes_duration: 9120.006080001069
