comms_cons: 59.45703039912917
finished_reconf: true
global_termination_time: 599705.593
local_termination_time: 948.7237599999985
node_cons: 12304.423944479722
tot_aggregated_send: 7830
tot_msg_rcv: 333
tot_msg_sent: 875
tot_reconf_duration: 9.11
tot_sleeping_duration: 590525.5686800001
tot_uptimes: 154
tot_uptimes_duration: 9180.02431999978
