comms_cons: 61.678463997740906
finished_reconf: true
global_termination_time: 593966.416
local_termination_time: 199244.74872000012
node_cons: 12218.236403359708
tot_aggregated_send: 7772
tot_msg_rcv: 558
tot_msg_sent: 1045
tot_reconf_duration: 4.8100000000000005
tot_sleeping_duration: 584846.3977600002
tot_uptimes: 153
tot_uptimes_duration: 9120.018239999772
