comms_cons: 62.13550079944056
finished_reconf: true
global_termination_time: 594787.281
local_termination_time: 87129.24747999995
node_cons: 12228.864104481147
tot_aggregated_send: 7772
tot_msg_rcv: 630
tot_msg_sent: 1046
tot_reconf_duration: 12.629999999999999
tot_sleeping_duration: 585667.2566799991
tot_uptimes: 153
tot_uptimes_duration: 9120.024320000855
