comms_cons: 60.578943999623476
finished_reconf: true
global_termination_time: 594623.103
local_termination_time: 40163.08660000002
node_cons: 12237.115305607165
tot_aggregated_send: 7946
tot_msg_rcv: 406
tot_msg_sent: 854
tot_reconf_duration: 18.700000000000003
tot_sleeping_duration: 585503.0725999946
tot_uptimes: 153
tot_uptimes_duration: 9120.030400005344
