comms_cons: 56.179788800328126
finished_reconf: true
global_termination_time: 568238.834
local_termination_time: 2742.1910400000033
node_cons: 11694.962737681451
tot_aggregated_send: 8236
tot_msg_rcv: 144
tot_msg_sent: 159
tot_reconf_duration: 25.299999999999997
tot_sleeping_duration: 559530.390879999
tot_uptimes: 146
tot_uptimes_duration: 8708.443120001073
