comms_cons: 55.69950720004099
finished_reconf: true
global_termination_time: 568448.434
local_termination_time: 21483.509359999996
node_cons: 11666.459681119155
tot_aggregated_send: 8236
tot_msg_rcv: 67
tot_msg_sent: 163
tot_reconf_duration: 12.629999999999999
tot_sleeping_duration: 559748.4279200007
tot_uptimes: 146
tot_uptimes_duration: 8700.006079999359
