comms_cons: 56.746227200330694
finished_reconf: true
global_termination_time: 566453.032
local_termination_time: 54985.31136000001
node_cons: 11674.694600000012
tot_aggregated_send: 8004
tot_msg_rcv: 232
tot_msg_sent: 389
tot_reconf_duration: 18.700000000000003
tot_sleeping_duration: 557753.032
tot_uptimes: 146
tot_uptimes_duration: 8700.0
