comms_cons: 56.521907200396946
finished_reconf: true
global_termination_time: 567220.219
local_termination_time: 31701.156200000005
node_cons: 11653.44190000002
tot_aggregated_send: 8120
tot_msg_rcv: 183
tot_msg_sent: 288
tot_reconf_duration: 3.05
tot_sleeping_duration: 558520.219
tot_uptimes: 146
tot_uptimes_duration: 8700.0
