comms_cons: 278.7696959900636
finished_reconf: true
global_termination_time: 2808086.666
local_termination_time: 4747.052
node_cons: 57855.08546447121
tot_aggregated_send: 39432
tot_msg_rcv: 1034
tot_msg_sent: 1903
tot_reconf_duration: 7.55
tot_sleeping_duration: 2764886.641680006
tot_uptimes: 720
tot_uptimes_duration: 43200.024319994205
