comms_cons: 322.0978943998787
finished_reconf: true
global_termination_time: 3279688.951
local_termination_time: 1585852.9573599997
node_cons: 67425.77937999838
tot_aggregated_send: 47734
tot_msg_rcv: 481
tot_msg_sent: 742
tot_reconf_duration: 15.110000000000001
tot_sleeping_duration: 3229348.951
tot_uptimes: 840
tot_uptimes_duration: 50340.0
