comms_cons: 326.7929024004624
finished_reconf: true
global_termination_time: 3275110.192
local_termination_time: 1105124.095
node_cons: 67331.52525005076
tot_aggregated_send: 44019
tot_msg_rcv: 1964
tot_msg_sent: 3689
tot_reconf_duration: 4.8100000000000005
tot_sleeping_duration: 3224830.1372800204
tot_uptimes: 839
tot_uptimes_duration: 50280.054719979176
