comms_cons: 322.00296960978653
finished_reconf: true
global_termination_time: 3279780.906
local_termination_time: 2009141.49636
node_cons: 67422.41968111556
tot_aggregated_send: 46748
tot_msg_rcv: 657
tot_msg_sent: 1537
tot_reconf_duration: 12.629999999999999
tot_sleeping_duration: 3229440.899920002
tot_uptimes: 840
tot_uptimes_duration: 50340.006079997635
