comms_cons: 320.86758400731225
finished_reconf: true
global_termination_time: 3275680.956
local_termination_time: 1520909.5263199997
node_cons: 67350.3145999988
tot_aggregated_send: 47502
tot_msg_rcv: 407
tot_msg_sent: 861
tot_reconf_duration: 18.700000000000003
tot_sleeping_duration: 3225400.956
tot_uptimes: 839
tot_uptimes_duration: 50280.0
