comms_cons: 2.2698239999924996
finished_reconf: true
global_termination_time: 12260.621
local_termination_time: 10784.98736
node_cons: 251.63955999999962
tot_aggregated_send: 0
tot_msg_rcv: 178
tot_msg_sent: 167
tot_reconf_duration: 7.819999999999999
tot_sleeping_duration: 12080.621
tot_uptimes: 4
tot_uptimes_duration: 180.0
