comms_cons: 33.21180160027152
finished_reconf: true
global_termination_time: 330720.078
local_termination_time: 118777.4259599999
node_cons: 6752.701899999992
tot_aggregated_send: 4524
tot_msg_rcv: 178
tot_msg_sent: 346
tot_reconf_duration: 3.05
tot_sleeping_duration: 325680.078
tot_uptimes: 85
tot_uptimes_duration: 5040.0
