comms_cons: 32.797312000180916
finished_reconf: true
global_termination_time: 331005.093
local_termination_time: 94287.88771999968
node_cons: 6763.927121121455
tot_aggregated_send: 4698
tot_msg_rcv: 122
tot_msg_sent: 165
tot_reconf_duration: 11.31
tot_sleeping_duration: 325965.0869199989
tot_uptimes: 85
tot_uptimes_duration: 5040.006080001069
