comms_cons: 570.423846417084
finished_reconf: true
global_termination_time: 5851930.786
local_termination_time: 3313546.2943599997
node_cons: 120367.21300111298
tot_aggregated_send: 84042
tot_msg_rcv: 1000
tot_msg_sent: 1659
tot_reconf_duration: 13.17
tot_sleeping_duration: 5762050.779920002
tot_uptimes: 1499
tot_uptimes_duration: 89880.00607999763
