comms_cons: 584.4066689302188
finished_reconf: true
global_termination_time: 5852047.936
local_termination_time: 659485.736
node_cons: 120355.90896781447
tot_aggregated_send: 80614
tot_msg_rcv: 2803
tot_msg_sent: 5407
tot_reconf_duration: 4.8100000000000005
tot_sleeping_duration: 5762167.893440016
tot_uptimes: 1499
tot_uptimes_duration: 89880.04255998367
