comms_cons: 898.5810962091361
finished_reconf: true
global_termination_time: 5853909.301
local_termination_time: 941951.5763599998
node_cons: 120445.06782669747
tot_aggregated_send: 0
tot_msg_rcv: 68949
tot_msg_sent: 67630
tot_reconf_duration: 11.31
tot_sleeping_duration: 5763969.264520014
tot_uptimes: 1500
tot_uptimes_duration: 89940.03647998604
