comms_cons: 272.41240321545575
finished_reconf: true
global_termination_time: 638152.929
local_termination_time: 384477.48092000076
node_cons: 38795.96425399754
tot_aggregated_send: 0
tot_msg_rcv: 16690
tot_msg_sent: 24715
tot_reconf_duration: 18.21
tot_sleeping_duration: 609197.5630000017
tot_uptimes: 474
tot_uptimes_duration: 28955.365999998292
