comms_cons: 64.56816639988685
finished_reconf: true
global_termination_time: 637988.407
local_termination_time: 171370.254
node_cons: 13110.835967840832
tot_aggregated_send: 8515
tot_msg_rcv: 361
tot_msg_sent: 939
tot_reconf_duration: 11.31
tot_sleeping_duration: 628208.3644399995
tot_uptimes: 164
tot_uptimes_duration: 9780.042560000613
