comms_cons: 65.10839039945485
finished_reconf: true
global_termination_time: 638448.296
local_termination_time: 228041.468
node_cons: 13102.834645607161
tot_aggregated_send: 8408
tot_msg_rcv: 442
tot_msg_sent: 1047
tot_reconf_duration: 5.43
tot_sleeping_duration: 628668.2655999946
tot_uptimes: 164
tot_uptimes_duration: 9780.030400005344
