comms_cons: 234.96027520114117
finished_reconf: true
global_termination_time: 2340340.807
local_termination_time: 381743.3410400003
node_cons: 48144.524284467065
tot_aggregated_send: 32770
tot_msg_rcv: 976
tot_msg_sent: 1967
tot_reconf_duration: 15.34
tot_sleeping_duration: 2304400.782680009
tot_uptimes: 600
tot_uptimes_duration: 35940.02431999077
