comms_cons: 388.2208640437552
finished_reconf: true
global_termination_time: 3856058.433
local_termination_time: 250574.08068000025
node_cons: 79306.25654782137
tot_aggregated_send: 53998
tot_msg_rcv: 1759
tot_msg_sent: 3250
tot_reconf_duration: 7.819999999999999
tot_sleeping_duration: 3796838.390440013
tot_uptimes: 988
tot_uptimes_duration: 59220.042559987574
