comms_cons: 147.52665598310202
finished_reconf: true
global_termination_time: 1422804.294
local_termination_time: 100444.60947999997
node_cons: 29268.611296784726
tot_aggregated_send: 18560
tot_msg_rcv: 1307
tot_msg_sent: 2556
tot_reconf_duration: 18.21
tot_sleeping_duration: 1400964.2028000115
tot_uptimes: 365
tot_uptimes_duration: 21840.091199988557
