comms_cons: 28.777420800360893
finished_reconf: true
global_termination_time: 280175.564
local_termination_time: 23521.052440000003
node_cons: 5708.290041119161
tot_aggregated_send: 3596
tot_msg_rcv: 257
tot_msg_sent: 521
tot_reconf_duration: 3.05
tot_sleeping_duration: 275915.5579200007
tot_uptimes: 72
tot_uptimes_duration: 4260.006079999366
