comms_cons: 129.66945279841963
finished_reconf: true
global_termination_time: 1314642.091
local_termination_time: 7448.945000000001
node_cons: 27010.163901119195
tot_aggregated_send: 18838
tot_msg_rcv: 289
tot_msg_sent: 582
tot_reconf_duration: 11.719999999999999
tot_sleeping_duration: 1294482.0849200008
tot_uptimes: 337
tot_uptimes_duration: 20160.006079999366
