comms_cons: 13.019398399822492
finished_reconf: true
global_termination_time: 112466.178
local_termination_time: 57289.45936000001
node_cons: 2274.289885598035
tot_aggregated_send: 1044
tot_msg_rcv: 366
tot_msg_sent: 568
tot_reconf_duration: 18.21
tot_sleeping_duration: 110786.14760000147
tot_uptimes: 29
tot_uptimes_duration: 1680.0303999985335
