comms_cons: 11.741407999981636
finished_reconf: true
global_termination_time: 111443.694
local_termination_time: 96132.16191999984
node_cons: 2255.4897611191504
tot_aggregated_send: 1276
tot_msg_rcv: 158
tot_msg_sent: 347
tot_reconf_duration: 4.390000000000001
tot_sleeping_duration: 109763.68792000064
tot_uptimes: 29
tot_uptimes_duration: 1680.0060799993662
