comms_cons: 13.145868799634407
finished_reconf: true
global_termination_time: 108797.017
local_termination_time: 65545.21863999999
node_cons: 2173.354464477739
tot_aggregated_send: 812
tot_msg_rcv: 424
tot_msg_sent: 762
tot_reconf_duration: 3.05
tot_sleeping_duration: 107176.99268000168
tot_uptimes: 28
tot_uptimes_duration: 1620.0243199983233
