comms_cons: 246.18050559112388
finished_reconf: true
global_termination_time: 2416603.241
local_termination_time: 504298.3649200007
node_cons: 49656.114184466904
tot_aggregated_send: 33060
tot_msg_rcv: 1572
tot_msg_sent: 2786
tot_reconf_duration: 4.390000000000001
tot_sleeping_duration: 2379523.2166800094
tot_uptimes: 619
tot_uptimes_duration: 37080.02431999077
