comms_cons: 245.96027520918727
finished_reconf: true
global_termination_time: 2414106.089
local_termination_time: 491183.64456000074
node_cons: 49654.31074670069
tot_aggregated_send: 33060
tot_msg_rcv: 1534
tot_msg_sent: 2790
tot_reconf_duration: 3.05
tot_sleeping_duration: 2377026.0525200143
tot_uptimes: 619
tot_uptimes_duration: 37080.03647998604
