comms_cons: 109.90461439597739
finished_reconf: true
global_termination_time: 1107516.724
local_termination_time: 923759.1183599998
node_cons: 22752.380200000065
tot_aggregated_send: 15602
tot_msg_rcv: 361
tot_msg_sent: 741
tot_reconf_duration: 11.899999999999999
tot_sleeping_duration: 1090536.724
tot_uptimes: 284
tot_uptimes_duration: 16980.0
