comms_cons: 68.22035199853518
finished_reconf: true
global_termination_time: 683918.155
local_termination_time: 90600.72135999997
node_cons: 14065.46976112145
tot_aggregated_send: 9396
tot_msg_rcv: 274
tot_msg_sent: 700
tot_reconf_duration: 4.390000000000001
tot_sleeping_duration: 673418.1489199989
tot_uptimes: 176
tot_uptimes_duration: 10500.006080001069
