comms_cons: 67.37003519985346
finished_reconf: true
global_termination_time: 684376.901
local_termination_time: 168068.07216000033
node_cons: 14067.963042238287
tot_aggregated_send: 9570
tot_msg_rcv: 201
tot_msg_sent: 468
tot_reconf_duration: 6.22
tot_sleeping_duration: 673876.8888400012
tot_uptimes: 176
tot_uptimes_duration: 10500.012159998705
