comms_cons: 23.055372800423626
finished_reconf: true
global_termination_time: 221312.976
local_termination_time: 127446.77975999976
node_cons: 4507.5845222428625
tot_aggregated_send: 2842
tot_msg_rcv: 256
tot_msg_sent: 406
tot_reconf_duration: 6.279999999999999
tot_sleeping_duration: 217952.96383999786
tot_uptimes: 57
tot_uptimes_duration: 3360.0121600021375
