comms_cons: 22.07979520028667
finished_reconf: true
global_termination_time: 221492.171
local_termination_time: 159594.2745600007
node_cons: 4506.4220811214245
tot_aggregated_send: 3074
tot_msg_rcv: 112
tot_msg_sent: 170
tot_reconf_duration: 5.43
tot_sleeping_duration: 218132.16491999893
tot_uptimes: 57
tot_uptimes_duration: 3360.0060800010688
