comms_cons: 74.75662719782991
finished_reconf: true
global_termination_time: 724604.3232400004
local_termination_time: 32702.778480000004
node_cons: 14937.846174967657
tot_aggregated_send: 9164
tot_msg_rcv: 740
tot_msg_sent: 1457
tot_reconf_duration: 6.279999999999999
tot_sleeping_duration: 713454.7205999948
tot_uptimes: 186
tot_uptimes_duration: 11149.602640005702
