comms_cons: 74.0613759969516
finished_reconf: true
global_termination_time: 726682.704
local_termination_time: 43708.722360000014
node_cons: 14977.638105593383
tot_aggregated_send: 9744
tot_msg_rcv: 485
tot_msg_sent: 1027
tot_reconf_duration: 25.299999999999997
tot_sleeping_duration: 715522.673600005
tot_uptimes: 187
tot_uptimes_duration: 11160.030399995041
