comms_cons: 34.488793600401934
finished_reconf: true
global_termination_time: 345503.715
local_termination_time: 18472.762040000005
node_cons: 7080.9225022406
tot_aggregated_send: 4698
tot_msg_rcv: 143
tot_msg_sent: 401
tot_reconf_duration: 8.09
tot_sleeping_duration: 340223.7028399996
tot_uptimes: 89
tot_uptimes_duration: 5280.012160000442
