comms_cons: 34.540800000399166
finished_reconf: true
global_termination_time: 345470.1814800002
local_termination_time: 233429.40548000007
node_cons: 7098.880989841676
tot_aggregated_send: 4814
tot_msg_rcv: 144
tot_msg_sent: 291
tot_reconf_duration: 6.22
tot_sleeping_duration: 340174.86091999896
tot_uptimes: 89
tot_uptimes_duration: 5295.320560001244
