comms_cons: 101.85882881495245
finished_reconf: true
global_termination_time: 512305.329
local_termination_time: 2119.19236
node_cons: 10531.080121121444
tot_aggregated_send: 0
tot_msg_rcv: 7884
tot_msg_sent: 7597
tot_reconf_duration: 4.8100000000000005
tot_sleeping_duration: 504445.32291999896
tot_uptimes: 132
tot_uptimes_duration: 7860.006080001069
