comms_cons: 51.05521920092259
finished_reconf: true
global_termination_time: 510732.97512000013
local_termination_time: 168807.7493200002
node_cons: 10471.863060801676
tot_aggregated_send: 6786
tot_msg_rcv: 390
tot_msg_sent: 585
tot_reconf_duration: 4.390000000000001
tot_sleeping_duration: 502916.7679199989
tot_uptimes: 131
tot_uptimes_duration: 7816.207200001227
