comms_cons: 55.58136320252862
finished_reconf: true
global_termination_time: 563371.7405999998
local_termination_time: 563371.6994799998
node_cons: 11635.39422496387
tot_aggregated_send: 0
tot_msg_rcv: 110
tot_msg_sent: 8337
tot_reconf_duration: 33.98
tot_sleeping_duration: 554716.587959997
tot_uptimes: 145
tot_uptimes_duration: 8655.152640002838
