comms_cons: 13.685363199963865
finished_reconf: true
global_termination_time: 9940.282240000002
local_termination_time: 1400.9860400000014
node_cons: 1768.0378733600035
tot_aggregated_send: 0
tot_msg_rcv: 939
tot_msg_sent: 1141
tot_reconf_duration: 18.21
tot_sleeping_duration: 8638.333999999999
tot_uptimes: 21
tot_uptimes_duration: 1301.948240000003
