comms_cons: 1.4211071999978944
finished_reconf: true
global_termination_time: 16617.196
local_termination_time: 4629.750360000001
node_cons: 352.1187000000008
tot_aggregated_send: 0
tot_msg_rcv: 119
tot_msg_sent: 97
tot_reconf_duration: 22.65
tot_sleeping_duration: 16377.196
tot_uptimes: 5
tot_uptimes_duration: 240.0
