comms_cons: 62.46706560553303
finished_reconf: true
global_termination_time: 283325.08780000085
local_termination_time: 2287.110960000001
node_cons: 5879.088055045144
tot_aggregated_send: 0
tot_msg_rcv: 5252
tot_msg_sent: 4240
tot_reconf_duration: 18.21
tot_sleeping_duration: 278952.900439997
tot_uptimes: 73
tot_uptimes_duration: 4372.187360003838
