comms_cons: 5.263359999996303
finished_reconf: true
global_termination_time: 3250.7710400000005
local_termination_time: 3250.7299200000007
node_cons: 656.7700795600011
tot_aggregated_send: 0
tot_msg_rcv: 352
tot_msg_sent: 446
tot_reconf_duration: 24.59
tot_sleeping_duration: 2785.2169999999996
tot_uptimes: 8
tot_uptimes_duration: 465.5540400000009
