comms_cons: 97.00372479549799
finished_reconf: true
global_termination_time: 974261.878
local_termination_time: 440290.10956000024
node_cons: 20115.783123350557
tot_aggregated_send: 13746
tot_msg_rcv: 374
tot_msg_sent: 624
tot_reconf_duration: 22.65
tot_sleeping_duration: 959261.8597600071
tot_uptimes: 250
tot_uptimes_duration: 15000.018239992904
