comms_cons: 101.71659518768752
finished_reconf: true
global_termination_time: 975901.998
local_termination_time: 283.5044799999999
node_cons: 20012.329894545055
tot_aggregated_send: 12238
tot_msg_rcv: 1002
tot_msg_sent: 2223
tot_reconf_duration: 5.57
tot_sleeping_duration: 960961.9189600112
tot_uptimes: 250
tot_uptimes_duration: 14940.079039988821
