comms_cons: 102.93905918814116
finished_reconf: true
global_termination_time: 974747.566
local_termination_time: 110239.48783999993
node_cons: 20008.89962783859
tot_aggregated_send: 12354
tot_msg_rcv: 1194
tot_msg_sent: 2098
tot_reconf_duration: 3.08
tot_sleeping_duration: 959807.5234400011
tot_uptimes: 250
tot_uptimes_duration: 14940.042559998925
