comms_cons: 98.8794239942884
finished_reconf: true
global_termination_time: 974895.133
local_termination_time: 351945.8894000008
node_cons: 20019.57080558881
tot_aggregated_send: 13166
tot_msg_rcv: 590
tot_msg_sent: 1274
tot_reconf_duration: 10.95
tot_sleeping_duration: 959955.1026000084
tot_uptimes: 250
tot_uptimes_duration: 14940.03039999161
