comms_cons: 100.2406911909791
finished_reconf: true
global_termination_time: 976779.027
local_termination_time: 458973.67936
node_cons: 20090.994184471896
tot_aggregated_send: 13108
tot_msg_rcv: 734
tot_msg_sent: 1394
tot_reconf_duration: 4.390000000000001
tot_sleeping_duration: 961779.0026800061
tot_uptimes: 251
tot_uptimes_duration: 15000.024319993972
