comms_cons: 99.53602559325962
finished_reconf: true
global_termination_time: 974574.029
local_termination_time: 231908.95148000095
node_cons: 20020.1174205529
tot_aggregated_send: 13108
tot_msg_rcv: 680
tot_msg_sent: 1342
tot_reconf_duration: 7.819999999999999
tot_sleeping_duration: 959630.4159600053
tot_uptimes: 250
tot_uptimes_duration: 14943.6130399947
