comms_cons: 100.47754239059084
finished_reconf: true
global_termination_time: 974259.99124
local_termination_time: 308171.78732000064
node_cons: 20040.480078313132
tot_aggregated_send: 12934
tot_msg_rcv: 857
tot_msg_sent: 1481
tot_reconf_duration: 11.31
tot_sleeping_duration: 959304.7103600051
tot_uptimes: 250
tot_uptimes_duration: 14955.280879994854
