comms_cons: 23.26405120005429
finished_reconf: true
global_termination_time: 232895.992
local_termination_time: 51716.290720000026
node_cons: 4760.579380000005
tot_aggregated_send: 3248
tot_msg_rcv: 128
tot_msg_sent: 160
tot_reconf_duration: 15.110000000000001
tot_sleeping_duration: 229355.992
tot_uptimes: 60
tot_uptimes_duration: 3540.0
