comms_cons: 22.783769599911412
finished_reconf: true
global_termination_time: 232630.662
local_termination_time: 103863.81135999998
node_cons: 4765.454600000019
tot_aggregated_send: 3364
tot_msg_rcv: 58
tot_msg_sent: 41
tot_reconf_duration: 18.700000000000003
tot_sleeping_duration: 229090.662
tot_uptimes: 60
tot_uptimes_duration: 3540.0
