comms_cons: 429.8520319975092
finished_reconf: true
global_termination_time: 4374293.314
local_termination_time: 2950821.7665999997
node_cons: 89998.68485999746
tot_aggregated_send: 63104
tot_msg_rcv: 772
tot_msg_sent: 1459
tot_reconf_duration: 13.17
tot_sleeping_duration: 4307093.314
tot_uptimes: 1121
tot_uptimes_duration: 67200.0
