comms_cons: 429.7605504336049
finished_reconf: true
global_termination_time: 4375843.414
local_termination_time: 794007.0569599997
node_cons: 89984.97446446528
tot_aggregated_send: 60668
tot_msg_rcv: 1420
tot_msg_sent: 3233
tot_reconf_duration: 3.05
tot_sleeping_duration: 4308643.389680009
tot_uptimes: 1121
tot_uptimes_duration: 67200.02431999077
