comms_cons: 652.3141767142525
finished_reconf: true
global_termination_time: 4375765.115
local_termination_time: 879792.2845199982
node_cons: 89991.43584223132
tot_aggregated_send: 0
tot_msg_rcv: 49961
tot_msg_sent: 49188
tot_reconf_duration: 7.819999999999999
tot_sleeping_duration: 4308565.1028400045
tot_uptimes: 1121
tot_uptimes_duration: 67200.01215999527
