comms_cons: 287.5708799938646
finished_reconf: true
global_termination_time: 2955557.678
local_termination_time: 1992896.4473599999
node_cons: 60771.3973999989
tot_aggregated_send: 42514
tot_msg_rcv: 358
tot_msg_sent: 837
tot_reconf_duration: 25.299999999999997
tot_sleeping_duration: 2910197.678
tot_uptimes: 757
tot_uptimes_duration: 45360.0
