comms_cons: 857.8550085795454
finished_reconf: true
global_termination_time: 2950457.3126
local_termination_time: 2950457.2714799996
node_cons: 120059.24653363529
tot_aggregated_send: 0
tot_msg_rcv: 43803
tot_msg_sent: 86585
tot_reconf_duration: 37.410000000000004
tot_sleeping_duration: 2860831.8878400004
tot_uptimes: 1478
tot_uptimes_duration: 89625.42475999935
