comms_cons: 138.82476159719207
finished_reconf: true
global_termination_time: 1411931.022
local_termination_time: 665626.1067599991
node_cons: 29018.098979999962
tot_aggregated_send: 20300
tot_msg_rcv: 309
tot_msg_sent: 491
tot_reconf_duration: 11.31
tot_sleeping_duration: 1390271.022
tot_uptimes: 362
tot_uptimes_duration: 21660.0
