comms_cons: 0.8881919999991605
finished_reconf: true
global_termination_time: 9477.962
local_termination_time: 7488.247360000001
node_cons: 169.2082400000009
tot_aggregated_send: 0
tot_msg_rcv: 70
tot_msg_sent: 65
tot_reconf_duration: 6.279999999999999
tot_sleeping_duration: 9357.962
tot_uptimes: 3
tot_uptimes_duration: 120.0
