comms_cons: 1.5066367999992436
finished_reconf: true
global_termination_time: 14491.127
local_termination_time: 6649.110360000001
node_cons: 258.9048600000001
tot_aggregated_send: 0
tot_msg_rcv: 123
tot_msg_sent: 106
tot_reconf_duration: 13.17
tot_sleeping_duration: 14311.127
tot_uptimes: 4
tot_uptimes_duration: 180.0
