comms_cons: 1.5461119999948922
finished_reconf: true
global_termination_time: 10289.51
local_termination_time: 6646.8243600000005
node_cons: 164.8626399999999
tot_aggregated_send: 0
tot_msg_rcv: 121
tot_msg_sent: 114
tot_reconf_duration: 3.08
tot_sleeping_duration: 10169.51
tot_uptimes: 3
tot_uptimes_duration: 120.0
