comms_cons: 1.5000575999992654
finished_reconf: true
global_termination_time: 8265.033
local_termination_time: 5123.07936
node_cons: 173.05137999999954
tot_aggregated_send: 0
tot_msg_rcv: 119
tot_msg_sent: 108
tot_reconf_duration: 9.11
tot_sleeping_duration: 8145.032999999999
tot_uptimes: 3
tot_uptimes_duration: 120.0
