comms_cons: 1.4408447999973333
finished_reconf: true
global_termination_time: 8531.562
local_termination_time: 6806.237360000001
node_cons: 181.1993800000008
tot_aggregated_send: 0
tot_msg_rcv: 117
tot_msg_sent: 102
tot_reconf_duration: 15.110000000000001
tot_sleeping_duration: 8411.562
tot_uptimes: 3
tot_uptimes_duration: 120.0
