comms_cons: 1.4717183999966554
finished_reconf: true
global_termination_time: 9981.224
local_termination_time: 4491.33636
node_cons: 177.83154000000016
tot_aggregated_send: 0
tot_msg_rcv: 118
tot_msg_sent: 105
tot_reconf_duration: 12.629999999999999
tot_sleeping_duration: 9861.224
tot_uptimes: 3
tot_uptimes_duration: 120.0
