comms_cons: 169.49992959524474
finished_reconf: true
global_termination_time: 1708712.517
local_termination_time: 650745.5600399993
node_cons: 35120.951379999926
tot_aggregated_send: 24534
tot_msg_rcv: 425
tot_msg_sent: 804
tot_reconf_duration: 9.11
tot_sleeping_duration: 1682492.517
tot_uptimes: 438
tot_uptimes_duration: 26220.0
