comms_cons: 324.5868029511834
finished_reconf: true
global_termination_time: 1709851.172
local_termination_time: 1258117.8254799999
node_cons: 35117.04304223358
tot_aggregated_send: 0
tot_msg_rcv: 24823
tot_msg_sent: 24514
tot_reconf_duration: 6.22
tot_sleeping_duration: 1683631.1598400048
tot_uptimes: 438
tot_uptimes_duration: 26220.01215999527
