comms_cons: 77.2003328001703
finished_reconf: true
global_termination_time: 775440.39524
local_termination_time: 70698.15511999944
node_cons: 15933.69387160066
tot_aggregated_send: 10730
tot_msg_rcv: 361
tot_msg_sent: 642
tot_reconf_duration: 4.390000000000001
tot_sleeping_duration: 763545.1508399996
tot_uptimes: 199
tot_uptimes_duration: 11895.244400000476
