comms_cons: 78.134579196863
finished_reconf: true
global_termination_time: 775630.499
local_termination_time: 448260.12636000005
node_cons: 15915.783042238252
tot_aggregated_send: 10440
tot_msg_rcv: 506
tot_msg_sent: 930
tot_reconf_duration: 6.22
tot_sleeping_duration: 763750.4868400013
tot_uptimes: 199
tot_uptimes_duration: 11880.012159998707
