comms_cons: 76.89768959972704
finished_reconf: true
global_termination_time: 775544.343
local_termination_time: 508026.62500000047
node_cons: 15922.68712111917
tot_aggregated_send: 10614
tot_msg_rcv: 328
tot_msg_sent: 746
tot_reconf_duration: 11.31
tot_sleeping_duration: 763664.3369200006
tot_uptimes: 199
tot_uptimes_duration: 11880.006079999366
