comms_cons: 77.89772799933472
finished_reconf: true
global_termination_time: 776051.684
local_termination_time: 153652.62588000044
node_cons: 15941.677400000048
tot_aggregated_send: 10904
tot_msg_rcv: 380
tot_msg_sent: 556
tot_reconf_duration: 25.299999999999997
tot_sleeping_duration: 764171.684
tot_uptimes: 199
tot_uptimes_duration: 11880.0
