comms_cons: 76.80558079867454
finished_reconf: true
global_termination_time: 776227.84
local_termination_time: 671982.4843599998
node_cons: 15914.693939999934
tot_aggregated_send: 11136
tot_msg_rcv: 195
tot_msg_sent: 343
tot_reconf_duration: 5.43
tot_sleeping_duration: 764347.84
tot_uptimes: 199
tot_uptimes_duration: 11880.0
