comms_cons: 96.2455167965137
finished_reconf: true
global_termination_time: 970483.478
local_termination_time: 395075.4054800005
node_cons: 19932.84823999999
tot_aggregated_send: 13978
tot_msg_rcv: 249
tot_msg_sent: 401
tot_reconf_duration: 6.279999999999999
tot_sleeping_duration: 955603.478
tot_uptimes: 249
tot_uptimes_duration: 14880.0
