comms_cons: 95.70104319846493
finished_reconf: true
global_termination_time: 971985.494
local_termination_time: 123998.57879999957
node_cons: 19931.245800000037
tot_aggregated_send: 13978
tot_msg_rcv: 166
tot_msg_sent: 402
tot_reconf_duration: 5.1
tot_sleeping_duration: 957105.494
tot_uptimes: 249
tot_uptimes_duration: 14880.0
