comms_cons: 95.96483839902992
finished_reconf: true
global_termination_time: 972023.421
local_termination_time: 150700.21336000008
node_cons: 19936.69138000005
tot_aggregated_send: 13920
tot_msg_rcv: 210
tot_msg_sent: 456
tot_reconf_duration: 9.11
tot_sleeping_duration: 957143.421
tot_uptimes: 249
tot_uptimes_duration: 14880.0
