comms_cons: 94.02334719753365
finished_reconf: true
global_termination_time: 966803.322
local_termination_time: 898519.8041999985
node_cons: 19851.35393999994
tot_aggregated_send: 13978
tot_msg_rcv: 100
tot_msg_sent: 213
tot_reconf_duration: 5.43
tot_sleeping_duration: 951983.322
tot_uptimes: 248
tot_uptimes_duration: 14820.0
