comms_cons: 286.6958463934433
finished_reconf: true
global_termination_time: 2825092.133839999
local_termination_time: 2825092.0927199987
node_cons: 58177.053520943664
tot_aggregated_send: 38904
tot_msg_rcv: 1609
tot_msg_sent: 3062
tot_reconf_duration: 24.59
tot_sleeping_duration: 2781668.9372000103
tot_uptimes: 724
tot_uptimes_duration: 43423.196639988804
