comms_cons: 280.0835711800283
finished_reconf: true
global_termination_time: 2825948.172
local_termination_time: 394475.40740000084
node_cons: 58093.42476558313
tot_aggregated_send: 38976
tot_msg_rcv: 1349
tot_msg_sent: 2246
tot_reconf_duration: 5.57
tot_sleeping_duration: 2782568.1416000114
tot_uptimes: 724
tot_uptimes_duration: 43380.03039998817
