comms_cons: 101.97164799787723
finished_reconf: true
global_termination_time: 1034325.683
local_termination_time: 373184.4627200006
node_cons: 21240.518700000062
tot_aggregated_send: 14906
tot_msg_rcv: 235
tot_msg_sent: 358
tot_reconf_duration: 22.65
tot_sleeping_duration: 1018485.683
tot_uptimes: 265
tot_uptimes_duration: 15840.0
