comms_cons: 102.80062719835499
finished_reconf: true
global_termination_time: 1033073.434
local_termination_time: 361465.15936000005
node_cons: 21218.28823999999
tot_aggregated_send: 14732
tot_msg_rcv: 318
tot_msg_sent: 575
tot_reconf_duration: 6.279999999999999
tot_sleeping_duration: 1017233.434
tot_uptimes: 265
tot_uptimes_duration: 15840.0
