comms_cons: 102.3992959976454
finished_reconf: true
global_termination_time: 1031447.992
local_termination_time: 322510.07436
node_cons: 21216.685800000003
tot_aggregated_send: 14790
tot_msg_rcv: 256
tot_msg_sent: 518
tot_reconf_duration: 5.1
tot_sleeping_duration: 1015607.992
tot_uptimes: 265
tot_uptimes_duration: 15840.0
