comms_cons: 102.74480639422217
finished_reconf: true
global_termination_time: 1030564.4342400001
local_termination_time: 342882.93236000004
node_cons: 21159.05272936011
tot_aggregated_send: 14500
tot_msg_rcv: 364
tot_msg_sent: 752
tot_reconf_duration: 4.8100000000000005
tot_sleeping_duration: 1014767.182
tot_uptimes: 264
tot_uptimes_duration: 15797.25224000006
