comms_cons: 26.65422080031491
finished_reconf: true
global_termination_time: 248239.6656000001
local_termination_time: 248239.6244800001
node_cons: 5113.251142881291
tot_aggregated_send: 2770
tot_msg_rcv: 382
tot_msg_sent: 893
tot_reconf_duration: 24.59
tot_sleeping_duration: 244445.89567999914
tot_uptimes: 64
tot_uptimes_duration: 3793.769920000952
