comms_cons: 93.57561601324116
finished_reconf: true
global_termination_time: 686016.852
local_termination_time: 311284.7000000009
node_cons: 14070.12770112146
tot_aggregated_send: 0
tot_msg_rcv: 7255
tot_msg_sent: 6968
tot_reconf_duration: 7.819999999999999
tot_sleeping_duration: 675516.845919999
tot_uptimes: 176
tot_uptimes_duration: 10500.006080001069
