comms_cons: 94.63845761278306
finished_reconf: true
global_termination_time: 686969.587
local_termination_time: 314194.77036
node_cons: 14066.906504483453
tot_aggregated_send: 0
tot_msg_rcv: 7360
tot_msg_sent: 7025
tot_reconf_duration: 5.43
tot_sleeping_duration: 676469.5626799975
tot_uptimes: 176
tot_uptimes_duration: 10500.024320002572
