comms_cons: 184.26268162295875
finished_reconf: true
global_termination_time: 380704.2704800002
local_termination_time: 1098.4290400000014
node_cons: 23199.20505832021
tot_aggregated_send: 0
tot_msg_rcv: 11302
tot_msg_sent: 16704
tot_reconf_duration: 18.21
tot_sleeping_duration: 363396.96960000007
tot_uptimes: 283
tot_uptimes_duration: 17307.300880000133
