comms_cons: 706.5523841311896
finished_reconf: true
global_termination_time: 7211167.975
local_termination_time: 4893902.4816
node_cons: 148333.05902334547
tot_aggregated_send: 99122
tot_msg_rcv: 2928
tot_msg_sent: 5342
tot_reconf_duration: 18.700000000000003
tot_sleeping_duration: 7100407.956760006
tot_uptimes: 1847
tot_uptimes_duration: 110760.0182399936
