comms_cons: 704.6963521122351
finished_reconf: true
global_termination_time: 7209371.434
local_termination_time: 4967348.07636
node_cons: 148322.53452334672
tot_aggregated_send: 98890
tot_msg_rcv: 2786
tot_msg_sent: 5433
tot_reconf_duration: 10.95
tot_sleeping_duration: 7098611.415760007
tot_uptimes: 1847
tot_uptimes_duration: 110760.0182399936
