comms_cons: 724.2643074020136
finished_reconf: true
global_termination_time: 7210793.779
local_termination_time: 440026.289
node_cons: 148314.81957436336
tot_aggregated_send: 99180
tot_msg_rcv: 3581
tot_msg_sent: 7323
tot_reconf_duration: 4.390000000000001
tot_sleeping_duration: 7100032.869400024
tot_uptimes: 1847
tot_uptimes_duration: 110760.90959997638
