comms_cons: 325.8604864009981
finished_reconf: true
global_termination_time: 3277915.525
local_termination_time: 770216.9883599998
node_cons: 67411.30303116722
tot_aggregated_send: 44312
tot_msg_rcv: 1723
tot_msg_sent: 3493
tot_reconf_duration: 4.390000000000001
tot_sleeping_duration: 3227575.4642000236
tot_uptimes: 840
tot_uptimes_duration: 50340.06079997658
