comms_cons: 327.7723264140621
finished_reconf: true
global_termination_time: 3275053.058239997
local_termination_time: 1565.7006000000003
node_cons: 67360.72379605555
tot_aggregated_send: 45414
tot_msg_rcv: 1351
tot_msg_sent: 3052
tot_reconf_duration: 11.31
tot_sleeping_duration: 3224757.789520014
tot_uptimes: 839
tot_uptimes_duration: 50295.26871998282
