comms_cons: 121.73744638946411
finished_reconf: true
global_termination_time: 1192892.111
local_termination_time: 229490.24852000037
node_cons: 24524.613131177553
tot_aggregated_send: 15892
tot_msg_rcv: 881
tot_msg_sent: 1732
tot_reconf_duration: 15.34
tot_sleeping_duration: 1174592.050200017
tot_uptimes: 306
tot_uptimes_duration: 18300.060799983214
