comms_cons: 121.4855551860725
finished_reconf: true
global_termination_time: 1193513.899
local_termination_time: 281269.22436000005
node_cons: 24512.277086705588
tot_aggregated_send: 15776
tot_msg_rcv: 951
tot_msg_sent: 1739
tot_reconf_duration: 6.279999999999999
tot_sleeping_duration: 1175213.8625200107
tot_uptimes: 306
tot_uptimes_duration: 18300.03647998924
