comms_cons: 119.8886527890958
finished_reconf: true
global_termination_time: 1193104.722
local_termination_time: 612760.3160399992
node_cons: 24510.70721119132
tot_aggregated_send: 14790
tot_msg_rcv: 1143
tot_msg_sent: 2290
tot_reconf_duration: 5.1
tot_sleeping_duration: 1174804.6612000067
tot_uptimes: 306
tot_uptimes_duration: 18300.060799993516
