comms_cons: 117.79399679635371
finished_reconf: true
global_termination_time: 1195071.439
local_termination_time: 714966.5544799998
node_cons: 24604.56752111685
tot_aggregated_send: 16414
tot_msg_rcv: 455
tot_msg_sent: 1035
tot_reconf_duration: 15.110000000000001
tot_sleeping_duration: 1176711.4329200024
tot_uptimes: 307
tot_uptimes_duration: 18360.006079997635
