comms_cons: 117.88435199920573
finished_reconf: true
global_termination_time: 1197524.608
local_termination_time: 144063.53248000008
node_cons: 24590.13482372018
tot_aggregated_send: 17284
tot_msg_rcv: 228
tot_msg_sent: 407
tot_reconf_duration: 4.390000000000001
tot_sleeping_duration: 1179164.50852
tot_uptimes: 307
tot_uptimes_duration: 18360.09948000009
