comms_cons: 236.75841905764457
finished_reconf: true
global_termination_time: 1195152.923
local_termination_time: 443.8004799999998
node_cons: 24588.198182233704
tot_aggregated_send: 0
tot_msg_rcv: 18226
tot_msg_sent: 17758
tot_reconf_duration: 3.05
tot_sleeping_duration: 1176792.9108400047
tot_uptimes: 307
tot_uptimes_duration: 18360.01215999527
