comms_cons: 92.08179199607174
finished_reconf: true
global_termination_time: 909871.12
local_termination_time: 481400.92336
node_cons: 18726.178364476516
tot_aggregated_send: 11542
tot_msg_rcv: 745
tot_msg_sent: 1709
tot_reconf_duration: 5.1
tot_sleeping_duration: 895891.0956800026
tot_uptimes: 234
tot_uptimes_duration: 13980.024319997403
