comms_cons: 91.89168639561495
finished_reconf: true
global_termination_time: 910585.534
local_termination_time: 374353.59232000017
node_cons: 18731.632085593366
tot_aggregated_send: 11832
tot_msg_rcv: 683
tot_msg_sent: 1452
tot_reconf_duration: 9.11
tot_sleeping_duration: 896605.503600005
tot_uptimes: 234
tot_uptimes_duration: 13980.030399995041
