comms_cons: 89.9771391988858
finished_reconf: true
global_termination_time: 910705.399
local_termination_time: 467470.57336000004
node_cons: 18735.38019999998
tot_aggregated_send: 12760
tot_msg_rcv: 356
tot_msg_sent: 560
tot_reconf_duration: 11.899999999999999
tot_sleeping_duration: 896725.399
tot_uptimes: 234
tot_uptimes_duration: 13980.0
