comms_cons: 92.4104703971163
finished_reconf: true
global_termination_time: 910848.374
local_termination_time: 266742.46036
node_cons: 18725.79268559798
tot_aggregated_send: 12238
tot_msg_rcv: 529
tot_msg_sent: 1278
tot_reconf_duration: 4.8100000000000005
tot_sleeping_duration: 896868.3436000015
tot_uptimes: 234
tot_uptimes_duration: 13980.030399998475
