comms_cons: 50.19929600087986
finished_reconf: true
global_termination_time: 488125.486
local_termination_time: 220570.91736000005
node_cons: 10050.072201121453
tot_aggregated_send: 6438
tot_msg_rcv: 382
tot_msg_sent: 810
tot_reconf_duration: 5.57
tot_sleeping_duration: 480625.4799199989
tot_uptimes: 126
tot_uptimes_duration: 7500.006080001069
