comms_cons: 49.937382400643635
finished_reconf: true
global_termination_time: 490142.774
local_termination_time: 92097.3383199996
node_cons: 10049.040121121441
tot_aggregated_send: 6438
tot_msg_rcv: 397
tot_msg_sent: 755
tot_reconf_duration: 4.8100000000000005
tot_sleeping_duration: 482642.7679199989
tot_uptimes: 126
tot_uptimes_duration: 7500.006080001069
