comms_cons: 49.409792000495855
finished_reconf: true
global_termination_time: 490494.254
local_termination_time: 92465.96035999997
node_cons: 10053.135842240605
tot_aggregated_send: 6728
tot_msg_rcv: 265
tot_msg_sent: 517
tot_reconf_duration: 7.819999999999999
tot_sleeping_duration: 482994.24183999957
tot_uptimes: 126
tot_uptimes_duration: 7500.012160000435
