comms_cons: 224.60404482938412
finished_reconf: true
global_termination_time: 468295.12648000015
local_termination_time: 311.3814799999991
node_cons: 28091.705923525144
tot_aggregated_send: 0
tot_msg_rcv: 13895
tot_msg_sent: 20239
tot_reconf_duration: 18.21
tot_sleeping_duration: 447333.9787999963
tot_uptimes: 342
tot_uptimes_duration: 20961.147680003814
