comms_cons: 60.3970559986119
finished_reconf: true
global_termination_time: 603459.819
local_termination_time: 483559.60536000005
node_cons: 12379.924060000027
tot_aggregated_send: 8236
tot_msg_rcv: 253
tot_msg_sent: 691
tot_reconf_duration: 5.57
tot_sleeping_duration: 594219.819
tot_uptimes: 155
tot_uptimes_duration: 9240.0
