comms_cons: 315.49992296212434
finished_reconf: true
global_termination_time: 1608180.771
local_termination_time: 1338.4733600000002
node_cons: 33044.48546223371
tot_aggregated_send: 0
tot_msg_rcv: 24123
tot_msg_sent: 23831
tot_reconf_duration: 18.21
tot_sleeping_duration: 1583520.7588400047
tot_uptimes: 412
tot_uptimes_duration: 24660.01215999527
