comms_cons: 317.88028135843473
finished_reconf: true
global_termination_time: 1608065.364759999
local_termination_time: 306.1410399999995
node_cons: 33083.552667110846
tot_aggregated_send: 0
tot_msg_rcv: 24455
tot_msg_sent: 23859
tot_reconf_duration: 13.17
tot_sleeping_duration: 1583371.064680006
tot_uptimes: 412
tot_uptimes_duration: 24694.300079993132
