comms_cons: 162.7953791887689
finished_reconf: true
global_termination_time: 1609003.333
local_termination_time: 440026.289
node_cons: 33107.22700989914
tot_aggregated_send: 22098
tot_msg_rcv: 842
tot_msg_sent: 1804
tot_reconf_duration: 4.390000000000001
tot_sleeping_duration: 1584282.4477200157
tot_uptimes: 413
tot_uptimes_duration: 24720.885279984446
