comms_cons: 161.5268159932289
finished_reconf: true
global_termination_time: 1610094.606
local_termination_time: 512493.9453600001
node_cons: 33104.254464472026
tot_aggregated_send: 22678
tot_msg_rcv: 651
tot_msg_sent: 1222
tot_reconf_duration: 3.05
tot_sleeping_duration: 1585374.5816800059
tot_uptimes: 413
tot_uptimes_duration: 24720.024319993972
