comms_cons: 157.63555199311637
finished_reconf: true
global_termination_time: 1611038.675
local_termination_time: 989882.598999998
node_cons: 33120.63183623086
tot_aggregated_send: 22446
tot_msg_rcv: 468
tot_msg_sent: 1045
tot_reconf_duration: 11.31
tot_sleeping_duration: 1586314.796840007
tot_uptimes: 413
tot_uptimes_duration: 24723.87815999321
