comms_cons: 1014.741856297393
finished_reconf: true
global_termination_time: 10201417.706
local_termination_time: 2928114.129759998
node_cons: 209882.47810557784
tot_aggregated_send: 141520
tot_msg_rcv: 4493
tot_msg_sent: 8222
tot_reconf_duration: 25.299999999999997
tot_sleeping_duration: 10044697.67560001
tot_uptimes: 2613
tot_uptimes_duration: 156720.03039998934
