comms_cons: 1016.684403504597
finished_reconf: true
global_termination_time: 10201608.852
local_termination_time: 2932305.422639998
node_cons: 209868.1060816529
tot_aggregated_send: 141752
tot_msg_rcv: 4482
tot_msg_sent: 8297
tot_reconf_duration: 13.17
tot_sleeping_duration: 10044887.252880014
tot_uptimes: 2613
tot_uptimes_duration: 156721.59911998553
