comms_cons: 1028.5756803309089
finished_reconf: true
global_termination_time: 10203028.155
local_termination_time: 280486.8743600001
node_cons: 209878.95267563546
tot_aggregated_send: 141868
tot_msg_rcv: 4960
tot_msg_sent: 9510
tot_reconf_duration: 22.65
tot_sleeping_duration: 10046308.069880027
tot_uptimes: 2613
tot_uptimes_duration: 156720.0851199724
