comms_cons: 1007.1704962157354
finished_reconf: true
global_termination_time: 10202533.495
local_termination_time: 6117149.462599999
node_cons: 209873.49088222565
tot_aggregated_send: 141404
tot_msg_rcv: 3973
tot_msg_sent: 7706
tot_reconf_duration: 18.700000000000003
tot_sleeping_duration: 10045813.482840003
tot_uptimes: 2613
tot_uptimes_duration: 156720.01215999573
