comms_cons: 1001.0138817591419
finished_reconf: true
global_termination_time: 10203053.926
local_termination_time: 6167460.926879999
node_cons: 209862.9663822269
tot_aggregated_send: 142622
tot_msg_rcv: 3240
tot_msg_sent: 6285
tot_reconf_duration: 10.95
tot_sleeping_duration: 10046333.913840005
tot_uptimes: 2613
tot_uptimes_duration: 156720.01215999573
