comms_cons: 1022.5622594920382
finished_reconf: true
global_termination_time: 10202443.633
local_termination_time: 1227734.007
node_cons: 209856.68330627016
tot_aggregated_send: 142677
tot_msg_rcv: 4168
tot_msg_sent: 8576
tot_reconf_duration: 4.390000000000001
tot_sleeping_duration: 10045721.66012003
tot_uptimes: 2613
tot_uptimes_duration: 156721.97287996858
