comms_cons: 602.9040954856437
finished_reconf: true
global_termination_time: 2064801.9907199978
local_termination_time: 2064801.9907199978
node_cons: 84527.42218431065
tot_aggregated_send: 0
tot_msg_rcv: 30686
tot_msg_sent: 60949
tot_reconf_duration: 37.410000000000004
tot_sleeping_duration: 2001712.6558400032
tot_uptimes: 1047
tot_uptimes_duration: 63089.33487999461
