comms_cons: 204.1581823937845
finished_reconf: true
global_termination_time: 2068978.468
local_termination_time: 414435.5513600001
node_cons: 42504.04263999965
tot_aggregated_send: 29696
tot_msg_rcv: 350
tot_msg_sent: 984
tot_reconf_duration: 3.08
tot_sleeping_duration: 2037238.468
tot_uptimes: 530
tot_uptimes_duration: 31740.0
