comms_cons: 205.52665599111475
finished_reconf: true
global_termination_time: 2066397.861
local_termination_time: 814226.5743599999
node_cons: 42512.23137999961
tot_aggregated_send: 29638
tot_msg_rcv: 564
tot_msg_sent: 1036
tot_reconf_duration: 9.11
tot_sleeping_duration: 2034657.861
tot_uptimes: 530
tot_uptimes_duration: 31740.0
