comms_cons: 42.554265600209284
finished_reconf: true
global_termination_time: 436225.59
local_termination_time: 384860.9193600001
node_cons: 8921.881900000075
tot_aggregated_send: 6322
tot_msg_rcv: 32
tot_msg_sent: 114
tot_reconf_duration: 3.05
tot_sleeping_duration: 429565.59
tot_uptimes: 112
tot_uptimes_duration: 6660.0
