comms_cons: 95.35234559298961
finished_reconf: true
global_termination_time: 940667.544
local_termination_time: 48662.18748000001
node_cons: 19312.383123359716
tot_aggregated_send: 12644
tot_msg_rcv: 584
tot_msg_sent: 1265
tot_reconf_duration: 22.65
tot_sleeping_duration: 926267.5257600002
tot_uptimes: 241
tot_uptimes_duration: 14400.018239999772
