comms_cons: 183.52020471802942
finished_reconf: true
global_termination_time: 939156.925
local_termination_time: 897707.4997999994
node_cons: 19292.219560000118
tot_aggregated_send: 0
tot_msg_rcv: 13978
tot_msg_sent: 13916
tot_reconf_duration: 7.819999999999999
tot_sleeping_duration: 924756.925
tot_uptimes: 241
tot_uptimes_duration: 14400.0
