comms_cons: 272.8657406784035
finished_reconf: true
global_termination_time: 939156.925
local_termination_time: 897711.9586799993
node_cons: 38212.564753999635
tot_aggregated_send: 0
tot_msg_rcv: 13916
tot_msg_sent: 27558
tot_reconf_duration: 11.31
tot_sleeping_duration: 910630.2590000001
tot_uptimes: 472
tot_uptimes_duration: 28526.665999999917
