comms_cons: 1.5790079999947835
finished_reconf: true
global_termination_time: 10133.713
local_termination_time: 6856.182960000004
node_cons: 166.64162000000044
tot_aggregated_send: 0
tot_msg_rcv: 127
tot_msg_sent: 112
tot_reconf_duration: 4.390000000000001
tot_sleeping_duration: 10013.713
tot_uptimes: 3
tot_uptimes_duration: 120.0
