comms_cons: 21.11923200011463
finished_reconf: true
global_termination_time: 218240.726
local_termination_time: 22989.232480000002
node_cons: 4424.661620000003
tot_aggregated_send: 3074
tot_msg_rcv: 23
tot_msg_sent: 113
tot_reconf_duration: 4.390000000000001
tot_sleeping_duration: 214940.726
tot_uptimes: 56
tot_uptimes_duration: 3300.0
