comms_cons: 40.80241280130847
finished_reconf: true
global_termination_time: 404122.623
local_termination_time: 203318.9824400002
node_cons: 8285.64770112141
tot_aggregated_send: 5220
tot_msg_rcv: 362
tot_msg_sent: 620
tot_reconf_duration: 7.819999999999999
tot_sleeping_duration: 397942.61691999895
tot_uptimes: 104
tot_uptimes_duration: 6180.006080001069
