comms_cons: 40.78446080082141
finished_reconf: true
global_termination_time: 403322.644
local_termination_time: 223275.68548000007
node_cons: 8283.474901121443
tot_aggregated_send: 5626
tot_msg_rcv: 228
tot_msg_sent: 345
tot_reconf_duration: 6.22
tot_sleeping_duration: 397142.6379199989
tot_uptimes: 104
tot_uptimes_duration: 6180.006080001069
