comms_cons: 288.14002559736133
finished_reconf: true
global_termination_time: 2909796.274
local_termination_time: 1051862.67536
node_cons: 59861.85266334973
tot_aggregated_send: 40484
tot_msg_rcv: 1045
tot_msg_sent: 2266
tot_reconf_duration: 6.279999999999999
tot_sleeping_duration: 2865096.255760007
tot_uptimes: 746
tot_uptimes_duration: 44700.01823999314
