comms_cons: 110.83978240760058
finished_reconf: true
global_termination_time: 608288.764
local_termination_time: 363561.8024800001
node_cons: 12459.248262242876
tot_aggregated_send: 0
tot_msg_rcv: 8549
tot_msg_sent: 8298
tot_reconf_duration: 4.8100000000000005
tot_sleeping_duration: 598988.7518399978
tot_uptimes: 156
tot_uptimes_duration: 9300.012160002138
