comms_cons: 32.96837119991569
finished_reconf: true
global_termination_time: 334194.716
local_termination_time: 44309.44120000013
node_cons: 6841.271380000008
tot_aggregated_send: 4814
tot_msg_rcv: 89
tot_msg_sent: 108
tot_reconf_duration: 9.11
tot_sleeping_duration: 329094.716
tot_uptimes: 86
tot_uptimes_duration: 5100.0
