comms_cons: 30.691968000082703
finished_reconf: true
global_termination_time: 310777.726
local_termination_time: 82591.73059999994
node_cons: 6351.001899999991
tot_aggregated_send: 4466
tot_msg_rcv: 85
tot_msg_sent: 114
tot_reconf_duration: 3.05
tot_sleeping_duration: 306037.726
tot_uptimes: 80
tot_uptimes_duration: 4740.0
