comms_cons: 30.560384000422886
finished_reconf: true
global_termination_time: 307110.597
local_termination_time: 141623.67780000114
node_cons: 6274.9667600000075
tot_aggregated_send: 4350
tot_msg_rcv: 126
tot_msg_sent: 169
tot_reconf_duration: 6.22
tot_sleeping_duration: 302430.597
tot_uptimes: 79
tot_uptimes_duration: 4680.0
