comms_cons: 72.79815680830073
finished_reconf: true
global_termination_time: 367637.12
local_termination_time: 22505.41936
node_cons: 7557.929761121437
tot_aggregated_send: 0
tot_msg_rcv: 5612
tot_msg_sent: 5454
tot_reconf_duration: 4.390000000000001
tot_sleeping_duration: 361997.1139199989
tot_uptimes: 95
tot_uptimes_duration: 5640.006080001069
