comms_cons: 307.0331197749788
finished_reconf: true
global_termination_time: 1567770.041
local_termination_time: 298061.492
node_cons: 32259.93092612955
tot_aggregated_send: 0
tot_msg_rcv: 23696
tot_msg_sent: 22975
tot_reconf_duration: 22.65
tot_sleeping_duration: 1543700.4575600228
tot_uptimes: 402
tot_uptimes_duration: 24069.5834399772
