comms_cons: 160.87279358036315
finished_reconf: true
global_termination_time: 1567140.243
local_termination_time: 261261.67648000005
node_cons: 32231.804814528063
tot_aggregated_send: 20996
tot_msg_rcv: 1293
tot_msg_sent: 2161
tot_reconf_duration: 11.31
tot_sleeping_duration: 1543080.1639600238
tot_uptimes: 402
tot_uptimes_duration: 24060.079039976117
