comms_cons: 137.91381759390669
finished_reconf: true
global_termination_time: 1406343.13824
local_termination_time: 306764.47156000073
node_cons: 28966.197182710614
tot_aggregated_send: 19314
tot_msg_rcv: 589
tot_msg_sent: 1059
tot_reconf_duration: 18.21
tot_sleeping_duration: 1384728.897760007
tot_uptimes: 361
tot_uptimes_duration: 21614.240479992935
