comms_cons: 409.55519971629815
finished_reconf: true
global_termination_time: 1408732.736
local_termination_time: 636804.083519999
node_cons: 57352.30305999886
tot_aggregated_send: 0
tot_msg_rcv: 20877
tot_msg_sent: 41373
tot_reconf_duration: 11.31
tot_sleeping_duration: 1365912.016
tot_uptimes: 709
tot_uptimes_duration: 42820.71999999994
