comms_cons: 2.822476799994893
finished_reconf: true
global_termination_time: 18002.836
local_termination_time: 5443.85736
node_cons: 325.5426399999999
tot_aggregated_send: 0
tot_msg_rcv: 255
tot_msg_sent: 174
tot_reconf_duration: 3.08
tot_sleeping_duration: 17762.836
tot_uptimes: 5
tot_uptimes_duration: 240.0
