comms_cons: 1.5329535999991566
finished_reconf: true
global_termination_time: 18711.875
local_termination_time: 7252.98636
node_cons: 333.73137999999955
tot_aggregated_send: 0
tot_msg_rcv: 122
tot_msg_sent: 111
tot_reconf_duration: 9.11
tot_sleeping_duration: 18471.875
tot_uptimes: 5
tot_uptimes_duration: 240.0
