comms_cons: 1.8540479999930433
finished_reconf: true
global_termination_time: 18482.677
local_termination_time: 6640.77036
node_cons: 328.7339400000004
tot_aggregated_send: 0
tot_msg_rcv: 168
tot_msg_sent: 113
tot_reconf_duration: 5.43
tot_sleeping_duration: 18242.677
tot_uptimes: 5
tot_uptimes_duration: 240.0
