comms_cons: 36.850099200222346
finished_reconf: true
global_termination_time: 368309.501
local_termination_time: 40703.296360000015
node_cons: 7569.127822241738
tot_aggregated_send: 5104
tot_msg_rcv: 159
tot_msg_sent: 338
tot_reconf_duration: 12.629999999999999
tot_sleeping_duration: 362669.4888399987
tot_uptimes: 95
tot_uptimes_duration: 5640.012160001286
