comms_cons: 38.29094400119668
finished_reconf: true
global_termination_time: 374077.093
local_termination_time: 131347.0769600006
node_cons: 7636.458182242855
tot_aggregated_send: 4930
tot_msg_rcv: 310
tot_msg_sent: 580
tot_reconf_duration: 3.05
tot_sleeping_duration: 368377.08083999786
tot_uptimes: 96
tot_uptimes_duration: 5700.0121600021375
