comms_cons: 37.52901120060423
finished_reconf: true
global_termination_time: 368314.551
local_termination_time: 279109.6543200002
node_cons: 7567.3352622428665
tot_aggregated_send: 5046
tot_msg_rcv: 260
tot_msg_sent: 398
tot_reconf_duration: 11.31
tot_sleeping_duration: 362674.53883999784
tot_uptimes: 95
tot_uptimes_duration: 5640.0121600021375
