comms_cons: 108.03049599854647
finished_reconf: true
global_termination_time: 1104736.621
local_termination_time: 364012.3173600001
node_cons: 22686.6468411169
tot_aggregated_send: 15892
tot_msg_rcv: 198
tot_msg_sent: 329
tot_reconf_duration: 22.65
tot_sleeping_duration: 1087816.6149200024
tot_uptimes: 283
tot_uptimes_duration: 16920.006079997635
