comms_cons: 108.06993919656749
finished_reconf: true
global_termination_time: 1105657.571
local_termination_time: 526000.9743599999
node_cons: 22744.748240000074
tot_aggregated_send: 15718
tot_msg_rcv: 240
tot_msg_sent: 468
tot_reconf_duration: 6.279999999999999
tot_sleeping_duration: 1088677.571
tot_uptimes: 284
tot_uptimes_duration: 16980.0
