comms_cons: 109.04366079863814
finished_reconf: true
global_termination_time: 1104035.334
local_termination_time: 206014.00064000086
node_cons: 22664.334901120044
tot_aggregated_send: 15660
tot_msg_rcv: 251
tot_msg_sent: 663
tot_reconf_duration: 6.22
tot_sleeping_duration: 1087115.32792
tot_uptimes: 283
tot_uptimes_duration: 16920.006080000006
