comms_cons: 78.98329599714053
finished_reconf: true
global_termination_time: 806138.633
local_termination_time: 402291.0815200008
node_cons: 16557.612201116866
tot_aggregated_send: 11310
tot_msg_rcv: 216
tot_msg_sent: 479
tot_reconf_duration: 5.57
tot_sleeping_duration: 793778.6269200024
tot_uptimes: 207
tot_uptimes_duration: 12360.006079997635
