comms_cons: 81.68139519503751
finished_reconf: true
global_termination_time: 807508.013
local_termination_time: 360786.3670800006
node_cons: 16556.982082242856
tot_aggregated_send: 11136
tot_msg_rcv: 498
tot_msg_sent: 781
tot_reconf_duration: 5.1
tot_sleeping_duration: 795148.0008399979
tot_uptimes: 207
tot_uptimes_duration: 12360.012160002138
