comms_cons: 78.76543360033459
finished_reconf: true
global_termination_time: 805392.798
local_termination_time: 342425.5283600001
node_cons: 16554.20632335978
tot_aggregated_send: 10498
tot_msg_rcv: 425
tot_msg_sent: 1049
tot_reconf_duration: 3.05
tot_sleeping_duration: 793032.7797600002
tot_uptimes: 207
tot_uptimes_duration: 12360.018239999772
