comms_cons: 93.43121915704577
finished_reconf: true
global_termination_time: 1041614.541
local_termination_time: 2372.16112
node_cons: 21370.508912238296
tot_aggregated_send: 0
tot_msg_rcv: 0
tot_msg_sent: 0
tot_reconf_duration: 2.77
tot_sleeping_duration: 1025654.5288400013
tot_uptimes: 267
tot_uptimes_duration: 15960.012159998703
