comms_cons: 232.5153215951358
finished_reconf: true
global_termination_time: 2395726.673
local_termination_time: 1056797.5513599997
node_cons: 49252.56189999908
tot_aggregated_send: 34162
tot_msg_rcv: 314
tot_msg_sent: 864
tot_reconf_duration: 3.05
tot_sleeping_duration: 2358946.673
tot_uptimes: 614
tot_uptimes_duration: 36780.0
