comms_cons: 174.52048639354092
finished_reconf: true
global_termination_time: 1740039.7171200002
local_termination_time: 162455.1256000001
node_cons: 35803.81064787508
tot_aggregated_send: 24128
tot_msg_rcv: 795
tot_msg_sent: 1602
tot_reconf_duration: 22.65
tot_sleeping_duration: 1713323.4722000037
tot_uptimes: 446
tot_uptimes_duration: 26716.24491999639
