comms_cons: 146.55951359458493
finished_reconf: true
global_termination_time: 1493474.751
local_termination_time: 423412.9603600001
node_cons: 30714.625462233744
tot_aggregated_send: 20416
tot_msg_rcv: 653
tot_msg_sent: 1208
tot_reconf_duration: 18.21
tot_sleeping_duration: 1470554.7388400047
tot_uptimes: 383
tot_uptimes_duration: 22920.01215999527
