comms_cons: 146.2161407993826
finished_reconf: true
global_termination_time: 1491802.647
local_termination_time: 768445.8096799994
node_cons: 30705.238979999966
tot_aggregated_send: 21750
tot_msg_rcv: 166
tot_msg_sent: 308
tot_reconf_duration: 11.31
tot_sleeping_duration: 1468882.647
tot_uptimes: 383
tot_uptimes_duration: 22920.0
