comms_cons: 434.4794940872467
finished_reconf: true
global_termination_time: 1489777.417999999
local_termination_time: 1489777.376879999
node_cons: 60902.743612761114
tot_aggregated_send: 0
tot_msg_rcv: 22124
tot_msg_sent: 43914
tot_reconf_duration: 24.59
tot_sleeping_duration: 1444318.6051599972
tot_uptimes: 751
tot_uptimes_duration: 45458.81284000166
