comms_cons: 650.3399995631785
finished_reconf: true
global_termination_time: 1344906.5045999999
local_termination_time: 1344906.46348
node_cons: 81738.27094823337
tot_aggregated_send: 0
tot_msg_rcv: 39892
tot_msg_sent: 58955
tot_reconf_duration: 24.59
tot_sleeping_duration: 1283887.1784400034
tot_uptimes: 1002
tot_uptimes_duration: 61019.32615999652
