comms_cons: 132.78894079739922
finished_reconf: true
global_termination_time: 1348110.306
local_termination_time: 763382.28536
node_cons: 27721.45004111694
tot_aggregated_send: 18966
tot_msg_rcv: 402
tot_msg_sent: 814
tot_reconf_duration: 3.05
tot_sleeping_duration: 1327410.2999200025
tot_uptimes: 346
tot_uptimes_duration: 20700.006079997635
