comms_cons: 38.63964160053543
finished_reconf: true
global_termination_time: 378132.495
local_termination_time: 80810.68535999996
node_cons: 7730.533001121438
tot_aggregated_send: 5104
tot_msg_rcv: 314
tot_msg_sent: 455
tot_reconf_duration: 13.17
tot_sleeping_duration: 372372.4889199989
tot_uptimes: 97
tot_uptimes_duration: 5760.006080001069
