comms_cons: 37.956659200234554
finished_reconf: true
global_termination_time: 373609.071
local_termination_time: 55795.53236000001
node_cons: 7652.843803358604
tot_aggregated_send: 4988
tot_msg_rcv: 271
tot_msg_sent: 510
tot_reconf_duration: 15.110000000000001
tot_sleeping_duration: 367909.05276000104
tot_uptimes: 96
tot_uptimes_duration: 5700.01823999895
