comms_cons: 37.468544000174994
finished_reconf: true
global_termination_time: 373109.118
local_termination_time: 168036.81820000018
node_cons: 7648.46834112143
tot_aggregated_send: 5162
tot_msg_rcv: 195
tot_msg_sent: 338
tot_reconf_duration: 11.899999999999999
tot_sleeping_duration: 367409.11191999895
tot_uptimes: 96
tot_uptimes_duration: 5700.006080001069
