comms_cons: 38.119884800730375
finished_reconf: true
global_termination_time: 374539.482
local_termination_time: 106718.10735999998
node_cons: 7642.952124485751
tot_aggregated_send: 5046
tot_msg_rcv: 285
tot_msg_sent: 463
tot_reconf_duration: 7.819999999999999
tot_sleeping_duration: 368839.4576799957
tot_uptimes: 96
tot_uptimes_duration: 5700.024320004282
