comms_cons: 55.04816640052036
finished_reconf: true
global_termination_time: 561677.667
local_termination_time: 232796.78536000004
node_cons: 11492.761900000021
tot_aggregated_send: 8004
tot_msg_rcv: 75
tot_msg_sent: 288
tot_reconf_duration: 3.05
tot_sleeping_duration: 553097.6669999999
tot_uptimes: 144
tot_uptimes_duration: 8580.000000000016
