comms_cons: 147.0253823953197
finished_reconf: true
global_termination_time: 1484573.917
local_termination_time: 6379.929
node_cons: 30539.260768961783
tot_aggregated_send: 21220
tot_msg_rcv: 438
tot_msg_sent: 689
tot_reconf_duration: 7.3999999999999995
tot_sleeping_duration: 1461773.9083599986
tot_uptimes: 381
tot_uptimes_duration: 22800.008640001295
