comms_cons: 102.89070079675437
finished_reconf: true
global_termination_time: 1024142.4
local_termination_time: 423659.3786800002
node_cons: 21056.030223359692
tot_aggregated_send: 13862
tot_msg_rcv: 632
tot_msg_sent: 1144
tot_reconf_duration: 5.1
tot_sleeping_duration: 1008422.3817600003
tot_uptimes: 263
tot_uptimes_duration: 15720.018239999772
