comms_cons: 37.03431680067764
finished_reconf: true
global_termination_time: 350452.471
local_termination_time: 120334.63167999986
node_cons: 7157.226505607169
tot_aggregated_send: 4466
tot_msg_rcv: 462
tot_msg_sent: 701
tot_reconf_duration: 5.1
tot_sleeping_duration: 345112.4405999947
tot_uptimes: 90
tot_uptimes_duration: 5340.030400005344
