comms_cons: 36.448768000326815
finished_reconf: true
global_termination_time: 351832.012
local_termination_time: 261157.03436000005
node_cons: 7237.140121121436
tot_aggregated_send: 4640
tot_msg_rcv: 323
tot_msg_sent: 577
tot_reconf_duration: 4.8100000000000005
tot_sleeping_duration: 346432.0059199989
tot_uptimes: 91
tot_uptimes_duration: 5400.006080001069
