comms_cons: 37.173107200652986
finished_reconf: true
global_termination_time: 352931.405
local_termination_time: 203928.0300000009
node_cons: 7237.990222242861
tot_aggregated_send: 4524
tot_msg_rcv: 430
tot_msg_sent: 696
tot_reconf_duration: 5.43
tot_sleeping_duration: 347531.3928399979
tot_uptimes: 91
tot_uptimes_duration: 5400.0121600021375
