comms_cons: 170.76439038749322
finished_reconf: true
global_termination_time: 1715503.7964799998
local_termination_time: 1715503.7553599998
node_cons: 35338.43750207255
tot_aggregated_send: 24102
tot_msg_rcv: 507
tot_msg_sent: 1347
tot_reconf_duration: 37.410000000000004
tot_sleeping_duration: 1689150.0737600054
tot_uptimes: 440
tot_uptimes_duration: 26353.722719994475
