comms_cons: 170.18872318836944
finished_reconf: true
global_termination_time: 1716140.518
local_termination_time: 783251.318
node_cons: 35282.08492447193
tot_aggregated_send: 23655
tot_msg_rcv: 696
tot_msg_sent: 1516
tot_reconf_duration: 9.42
tot_sleeping_duration: 1689800.493680006
tot_uptimes: 440
tot_uptimes_duration: 26340.024319993972
