comms_cons: 177.15440637987902
finished_reconf: true
global_termination_time: 1717118.292
local_termination_time: 535328.84436
node_cons: 35275.84896782244
tot_aggregated_send: 22040
tot_msg_rcv: 1701
tot_msg_sent: 3185
tot_reconf_duration: 4.8100000000000005
tot_sleeping_duration: 1690778.249440013
tot_uptimes: 440
tot_uptimes_duration: 26340.042559986876
