comms_cons: 173.25665278816135
finished_reconf: true
global_termination_time: 1720683.377
local_termination_time: 643765.8678799991
node_cons: 35355.569761116785
tot_aggregated_send: 23780
tot_msg_rcv: 954
tot_msg_sent: 1600
tot_reconf_duration: 4.390000000000001
tot_sleeping_duration: 1694283.3709200025
tot_uptimes: 441
tot_uptimes_duration: 26400.006079997635
