comms_cons: 173.1513855852099
finished_reconf: true
global_termination_time: 1715621.208
local_termination_time: 73685.10759999939
node_cons: 35273.4670289461
tot_aggregated_send: 23374
tot_msg_rcv: 902
tot_msg_sent: 2042
tot_reconf_duration: 3.05
tot_sleeping_duration: 1689281.1593600104
tot_uptimes: 440
tot_uptimes_duration: 26340.048639989676
