comms_cons: 75.56931840074233
finished_reconf: true
global_termination_time: 748479.859
local_termination_time: 278929.16736000095
node_cons: 15352.183685284173
tot_aggregated_send: 9860
tot_msg_rcv: 521
tot_msg_sent: 1106
tot_reconf_duration: 4.8100000000000005
tot_sleeping_duration: 737019.327479997
tot_uptimes: 192
tot_uptimes_duration: 11460.531520003104
