comms_cons: 108.08793599315301
finished_reconf: true
global_termination_time: 1071438.9795599985
local_termination_time: 5208.986680000003
node_cons: 22083.431968954934
tot_aggregated_send: 14906
tot_msg_rcv: 498
tot_msg_sent: 1023
tot_reconf_duration: 4.390000000000001
tot_sleeping_duration: 1054950.9509200023
tot_uptimes: 275
tot_uptimes_duration: 16488.02863999619
