comms_cons: 220.68575998332594
finished_reconf: true
global_termination_time: 2166676.075
local_termination_time: 751695.9953599998
node_cons: 44515.96476558855
tot_aggregated_send: 29522
tot_msg_rcv: 1407
tot_msg_sent: 2615
tot_reconf_duration: 5.57
tot_sleeping_duration: 2133436.044600008
tot_uptimes: 555
tot_uptimes_duration: 33240.03039999184
