comms_cons: 218.46891518933745
finished_reconf: true
global_termination_time: 2166475.455
local_termination_time: 925945.41236
node_cons: 44514.92454446696
tot_aggregated_send: 29870
tot_msg_rcv: 1072
tot_msg_sent: 2264
tot_reconf_duration: 4.8100000000000005
tot_sleeping_duration: 2133235.4306800095
tot_uptimes: 555
tot_uptimes_duration: 33240.02431999054
