comms_cons: 217.1208063811529
finished_reconf: true
global_termination_time: 2166534.469
local_termination_time: 43784.703600000015
node_cons: 44515.80721006024
tot_aggregated_send: 30044
tot_msg_rcv: 863
tot_msg_sent: 2094
tot_reconf_duration: 5.43
tot_sleeping_duration: 2133294.4142800146
tot_uptimes: 555
tot_uptimes_duration: 33240.05471998558
