comms_cons: 39.54104320053214
finished_reconf: true
global_termination_time: 662480.36624
local_termination_time: 3006.69024
node_cons: 13626.00725608178
tot_aggregated_send: 0
tot_msg_rcv: 379
tot_msg_sent: 5631
tot_reconf_duration: 21.68
tot_sleeping_duration: 652326.0975199987
tot_uptimes: 170
tot_uptimes_duration: 10154.268720001317
