comms_cons: 34.33684479881066
finished_reconf: true
global_termination_time: 667160.371
local_termination_time: 2180.72712
node_cons: 13661.56166000002
tot_aggregated_send: 0
tot_msg_rcv: 62
tot_msg_sent: 5157
tot_reconf_duration: 2.77
tot_sleeping_duration: 656960.371
tot_uptimes: 171
tot_uptimes_duration: 10200.0
