comms_cons: 57.12719359130925
finished_reconf: true
global_termination_time: 666062.016
local_termination_time: 1281.5301200000001
node_cons: 13668.06104112145
tot_aggregated_send: 0
tot_msg_rcv: 106
tot_msg_sent: 8577
tot_reconf_duration: 7.55
tot_sleeping_duration: 655862.0099199988
tot_uptimes: 171
tot_uptimes_duration: 10200.006080001069
