comms_cons: 41.80389120044841
finished_reconf: true
global_termination_time: 420761.847
local_termination_time: 36369.673
node_cons: 8600.530041119166
tot_aggregated_send: 5854
tot_msg_rcv: 150
tot_msg_sent: 349
tot_reconf_duration: 3.05
tot_sleeping_duration: 414341.8409200006
tot_uptimes: 108
tot_uptimes_duration: 6420.006079999366
