comms_cons: 42.08056320053394
finished_reconf: true
global_termination_time: 419625.1386400005
local_termination_time: 41324.419600000016
node_cons: 8652.839742960685
tot_aggregated_send: 5800
tot_msg_rcv: 173
tot_msg_sent: 423
tot_reconf_duration: 7.819999999999999
tot_sleeping_duration: 413170.904
tot_uptimes: 108
tot_uptimes_duration: 6454.234640000504
