comms_cons: 41.17921280008491
finished_reconf: true
global_termination_time: 421335.319
local_termination_time: 188469.8076000001
node_cons: 8604.82676000001
tot_aggregated_send: 5974
tot_msg_rcv: 58
tot_msg_sent: 227
tot_reconf_duration: 6.22
tot_sleeping_duration: 414915.319
tot_uptimes: 108
tot_uptimes_duration: 6420.0
