comms_cons: 0.7631871999995921
finished_reconf: true
global_termination_time: 7153.084999999999
local_termination_time: 939.1573599999998
node_cons: 86.87197999999992
tot_aggregated_send: 0
tot_msg_rcv: 62
tot_msg_sent: 54
tot_reconf_duration: 4.8100000000000005
tot_sleeping_duration: 7093.084999999999
tot_uptimes: 2
tot_uptimes_duration: 59.99999999999909
