comms_cons: 91.60220159639846
finished_reconf: true
global_termination_time: 927106.95
local_termination_time: 353577.8703600001
node_cons: 19044.76260558885
tot_aggregated_send: 11948
tot_msg_rcv: 596
tot_msg_sent: 1379
tot_reconf_duration: 3.05
tot_sleeping_duration: 912886.9196000084
tot_uptimes: 238
tot_uptimes_duration: 14220.030399991607
