comms_cons: 442.3383165695117
finished_reconf: true
global_termination_time: 2494588.773
local_termination_time: 893962.2035999998
node_cons: 51287.71940558345
tot_aggregated_send: 0
tot_msg_rcv: 34003
tot_msg_sent: 33231
tot_reconf_duration: 22.65
tot_sleeping_duration: 2456308.742600012
tot_uptimes: 639
tot_uptimes_duration: 38280.03039998817
