comms_cons: 444.7336957670821
finished_reconf: true
global_termination_time: 2489482.499
local_termination_time: 894831.8963599999
node_cons: 51183.17973337621
tot_aggregated_send: 0
tot_msg_rcv: 34348
tot_msg_sent: 33248
tot_reconf_duration: 4.8100000000000005
tot_sleeping_duration: 2451262.448400017
tot_uptimes: 638
tot_uptimes_duration: 38220.05059998273
