comms_cons: 68.363494398601
finished_reconf: true
global_termination_time: 682345.42936
local_termination_time: 6211.473600000001
node_cons: 14007.495399040023
tot_aggregated_send: 9570
tot_msg_rcv: 297
tot_msg_sent: 523
tot_reconf_duration: 4.8100000000000005
tot_sleeping_duration: 671889.146
tot_uptimes: 175
tot_uptimes_duration: 10456.283360000001
