comms_cons: 109.39893759704782
finished_reconf: true
global_termination_time: 1096164.5055999989
local_termination_time: 1096164.464479999
node_cons: 22600.979334879572
tot_aggregated_send: 15402
tot_msg_rcv: 375
tot_msg_sent: 850
tot_reconf_duration: 37.41
tot_sleeping_duration: 1079323.447679999
tot_uptimes: 281
tot_uptimes_duration: 16841.057919999643
