comms_cons: 109.94563839613829
finished_reconf: true
global_termination_time: 1100903.038
local_termination_time: 474673.4913600001
node_cons: 22596.404284472035
tot_aggregated_send: 14848
tot_msg_rcv: 659
tot_msg_sent: 1204
tot_reconf_duration: 15.34
tot_sleeping_duration: 1084043.013680006
tot_uptimes: 282
tot_uptimes_duration: 16860.024319994
