comms_cons: 111.96385279385915
finished_reconf: true
global_termination_time: 1096806.661
local_termination_time: 563103.7184399996
node_cons: 22513.13370670568
tot_aggregated_send: 14210
tot_msg_rcv: 1011
tot_msg_sent: 1796
tot_reconf_duration: 13.17
tot_sleeping_duration: 1080006.6245200108
tot_uptimes: 281
tot_uptimes_duration: 16800.03647998924
