comms_cons: 107.99224319857704
finished_reconf: true
global_termination_time: 1096580.787
local_termination_time: 596870.379119998
node_cons: 22517.381843677278
tot_aggregated_send: 15312
tot_msg_rcv: 391
tot_msg_sent: 712
tot_reconf_duration: 11.899999999999999
tot_sleeping_duration: 1079776.2898800022
tot_uptimes: 281
tot_uptimes_duration: 16804.49711999792
