comms_cons: 111.34105599270342
finished_reconf: true
global_termination_time: 1098532.269
local_termination_time: 289408.48936000007
node_cons: 22582.11268559339
tot_aggregated_send: 14558
tot_msg_rcv: 794
tot_msg_sent: 1572
tot_reconf_duration: 4.8100000000000005
tot_sleeping_duration: 1081672.2386000052
tot_uptimes: 282
tot_uptimes_duration: 16860.03039999504
