comms_cons: 112.15354239296944
finished_reconf: true
global_termination_time: 1100561.619
local_termination_time: 157782.59456000067
node_cons: 22586.232830074485
tot_aggregated_send: 14210
tot_msg_rcv: 1007
tot_msg_sent: 1829
tot_reconf_duration: 7.819999999999999
tot_sleeping_duration: 1083701.564280004
tot_uptimes: 282
tot_uptimes_duration: 16860.054719995882
