comms_cons: 110.31421439060043
finished_reconf: true
global_termination_time: 1096566.167
local_termination_time: 393215.7874400002
node_cons: 22502.622786710213
tot_aggregated_send: 14326
tot_msg_rcv: 691
tot_msg_sent: 1750
tot_reconf_duration: 5.43
tot_sleeping_duration: 1079766.1305200073
tot_uptimes: 281
tot_uptimes_duration: 16800.036479992676
