comms_cons: 38.92417920127201
finished_reconf: true
global_termination_time: 193378.127
local_termination_time: 801.6923599999999
node_cons: 3967.434982239445
tot_aggregated_send: 0
tot_msg_rcv: 3087
tot_msg_sent: 2827
tot_reconf_duration: 22.65
tot_sleeping_duration: 190438.11484000043
tot_uptimes: 50
tot_uptimes_duration: 2940.0121599995837
