comms_cons: 167.3781632055451
finished_reconf: true
global_termination_time: 192308.70020000063
local_termination_time: 192308.65908000062
node_cons: 19434.54985199926
tot_aggregated_send: 0
tot_msg_rcv: 11438
tot_msg_sent: 14001
tot_reconf_duration: 24.59
tot_sleeping_duration: 177819.41220000118
tot_uptimes: 238
tot_uptimes_duration: 14489.287999999422
