comms_cons: 38.37647360126561
finished_reconf: true
global_termination_time: 197510.176
local_termination_time: 469.4194799999999
node_cons: 4025.446760000003
tot_aggregated_send: 0
tot_msg_rcv: 2937
tot_msg_sent: 2896
tot_reconf_duration: 6.22
tot_sleeping_duration: 194510.176
tot_uptimes: 51
tot_uptimes_duration: 3000.0
