comms_cons: 937.3795075072317
finished_reconf: true
global_termination_time: 9287928.80323999
local_termination_time: 164244.37448000006
node_cons: 191138.3717127483
tot_aggregated_send: 128818
tot_msg_rcv: 4664
tot_msg_sent: 8992
tot_reconf_duration: 18.21
tot_sleeping_duration: 9145200.168040024
tot_uptimes: 2379
tot_uptimes_duration: 142728.6351999665
