comms_cons: 919.1705986007526
finished_reconf: true
global_termination_time: 9292320.479
local_termination_time: 4052578.1920399982
node_cons: 191146.7855655788
tot_aggregated_send: 129224
tot_msg_rcv: 3468
tot_msg_sent: 7016
tot_reconf_duration: 13.17
tot_sleeping_duration: 9149580.448600011
tot_uptimes: 2380
tot_uptimes_duration: 142740.03039998934
