comms_cons: 925.0059650459968
finished_reconf: true
global_termination_time: 9289393.464
local_termination_time: 1547450.1203599998
node_cons: 191057.04817116426
tot_aggregated_send: 128528
tot_msg_rcv: 4021
tot_msg_sent: 8046
tot_reconf_duration: 6.22
tot_sleeping_duration: 9146713.403200021
tot_uptimes: 2379
tot_uptimes_duration: 142680.06079997844
