comms_cons: 927.6596482614892
finished_reconf: true
global_termination_time: 9289182.402
local_termination_time: 1557489.5986
node_cons: 191063.94410892978
tot_aggregated_send: 128180
tot_msg_rcv: 4394
tot_msg_sent: 8425
tot_reconf_duration: 11.31
tot_sleeping_duration: 9146502.353360018
tot_uptimes: 2379
tot_uptimes_duration: 142680.04863998247
