comms_cons: 84.94473599631337
finished_reconf: true
global_termination_time: 818962.283
local_termination_time: 133968.58336000098
node_cons: 16826.784506489283
tot_aggregated_send: 10092
tot_msg_rcv: 778
tot_msg_sent: 2040
tot_reconf_duration: 15.34
tot_sleeping_duration: 806411.1606799931
tot_uptimes: 210
tot_uptimes_duration: 12551.122320006922
