comms_cons: 95.65624319216438
finished_reconf: true
global_termination_time: 944301.746
local_termination_time: 6800.518
node_cons: 19368.830430067635
tot_aggregated_send: 12697
tot_msg_rcv: 612
tot_msg_sent: 1231
tot_reconf_duration: 5.02
tot_sleeping_duration: 929841.6912800093
tot_uptimes: 242
tot_uptimes_duration: 14460.054719990745
