comms_cons: 195.69219190675173
finished_reconf: true
global_termination_time: 982684.379
local_termination_time: 219.23803999999998
node_cons: 20190.093603355126
tot_aggregated_send: 0
tot_msg_rcv: 15191
tot_msg_sent: 14550
tot_reconf_duration: 18.21
tot_sleeping_duration: 967624.3607600037
tot_uptimes: 252
tot_uptimes_duration: 15060.018239996338
