comms_cons: 10.291750399896916
finished_reconf: true
global_termination_time: 79938.999
local_termination_time: 57899.204480000015
node_cons: 1627.3275211200091
tot_aggregated_send: 464
tot_msg_rcv: 411
tot_msg_sent: 691
tot_reconf_duration: 15.110000000000001
tot_sleeping_duration: 78738.99291999999
tot_uptimes: 21
tot_uptimes_duration: 1200.0060800000065
