comms_cons: 9.35562240013731
finished_reconf: true
global_termination_time: 77090.076
local_termination_time: 31738.47036
node_cons: 1541.8352622405791
tot_aggregated_send: 406
tot_msg_rcv: 360
tot_msg_sent: 656
tot_reconf_duration: 11.31
tot_sleeping_duration: 75950.06383999957
tot_uptimes: 20
tot_uptimes_duration: 1140.012160000435
