comms_cons: 353.7123264445924
finished_reconf: true
global_termination_time: 411219.7706400004
local_termination_time: 411219.7295200004
node_cons: 40761.86944584957
tot_aggregated_send: 0
tot_msg_rcv: 24361
tot_msg_sent: 29401
tot_reconf_duration: 24.59
tot_sleeping_duration: 380802.6860799931
tot_uptimes: 492
tot_uptimes_duration: 30417.084560007315
