comms_cons: 42.19898880048661
finished_reconf: true
global_termination_time: 411939.903
local_termination_time: 214209.83936000007
node_cons: 8443.28034224288
tot_aggregated_send: 5394
tot_msg_rcv: 383
tot_msg_sent: 637
tot_reconf_duration: 5.57
tot_sleeping_duration: 405639.89083999785
tot_uptimes: 106
tot_uptimes_duration: 6300.0121600021375
