comms_cons: 42.54173440094064
finished_reconf: true
global_termination_time: 411264.342
local_termination_time: 71527.73647999995
node_cons: 8522.5964033643
tot_aggregated_send: 5452
tot_msg_rcv: 318
tot_msg_sent: 697
tot_reconf_duration: 4.8100000000000005
tot_sleeping_duration: 404904.3237599968
tot_uptimes: 106
tot_uptimes_duration: 6360.018240003206
