comms_cons: 2.2895615999966186
finished_reconf: true
global_termination_time: 11959.180240000009
local_termination_time: 7333.66536
node_cons: 306.67907936001143
tot_aggregated_send: 0
tot_msg_rcv: 180
tot_msg_sent: 168
tot_reconf_duration: 9.42
tot_sleeping_duration: 11739.698
tot_uptimes: 4
tot_uptimes_duration: 219.48224000000846
