comms_cons: 895.4225409276596
finished_reconf: true
global_termination_time: 9029252.307639997
local_termination_time: 9029252.266519997
node_cons: 185875.79412054
tot_aggregated_send: 130010
tot_msg_rcv: 1974
tot_msg_sent: 4114
tot_reconf_duration: 37.410000000000004
tot_sleeping_duration: 8890473.374600006
tot_uptimes: 2313
tot_uptimes_duration: 138778.9330399902
