comms_cons: 896.831750626898
finished_reconf: true
global_termination_time: 9033513.373
local_termination_time: 3450242.08536
node_cons: 185835.0540745157
tot_aggregated_send: 126498
tot_msg_rcv: 3386
tot_msg_sent: 6427
tot_reconf_duration: 6.279999999999999
tot_sleeping_duration: 8894733.29396003
tot_uptimes: 2314
tot_uptimes_duration: 138780.07903997158
