comms_cons: 898.604569843412
finished_reconf: true
global_termination_time: 9031066.903
local_termination_time: 4492605.764359999
node_cons: 185757.1069255789
tot_aggregated_send: 124468
tot_msg_rcv: 4202
tot_msg_sent: 7909
tot_reconf_duration: 8.09
tot_sleeping_duration: 8892346.872600012
tot_uptimes: 2313
tot_uptimes_duration: 138720.03039998934
