comms_cons: 905.9432322387377
finished_reconf: true
global_termination_time: 9035603.492
local_termination_time: 237873.70492000028
node_cons: 185857.2845345193
tot_aggregated_send: 126788
tot_msg_rcv: 3720
tot_msg_sent: 7189
tot_reconf_duration: 22.65
tot_sleeping_duration: 8896823.412960026
tot_uptimes: 2314
tot_uptimes_duration: 138780.07903997455
