comms_cons: 883.3207617485712
finished_reconf: true
global_termination_time: 9029808.359
local_termination_time: 5965410.625359999
node_cons: 185771.49902334384
tot_aggregated_send: 126324
tot_msg_rcv: 2782
tot_msg_sent: 5153
tot_reconf_duration: 18.700000000000003
tot_sleeping_duration: 8891088.340760006
tot_uptimes: 2313
tot_uptimes_duration: 138720.0182399936
