comms_cons: 906.2803074189251
finished_reconf: true
global_termination_time: 9033213.076
local_termination_time: 410229.39136000007
node_cons: 185833.08379110738
tot_aggregated_send: 125976
tot_msg_rcv: 3810
tot_msg_sent: 7963
tot_reconf_duration: 4.8100000000000005
tot_sleeping_duration: 8894432.977560034
tot_uptimes: 2314
tot_uptimes_duration: 138780.09843996563
