comms_cons: 171.81991678233078
finished_reconf: true
global_termination_time: 1680073.0318399987
local_termination_time: 1680072.9907199987
node_cons: 34680.42258647251
tot_aggregated_send: 22967
tot_msg_rcv: 1184
tot_msg_sent: 1964
tot_reconf_duration: 56.28
tot_sleeping_duration: 1654229.8695200041
tot_uptimes: 431
tot_uptimes_duration: 25843.162319994502
