comms_cons: 155.7517055950363
finished_reconf: true
global_termination_time: 1686209.255
local_termination_time: 4888.612
node_cons: 34638.6615011168
tot_aggregated_send: 22843
tot_msg_rcv: 308
tot_msg_sent: 522
tot_reconf_duration: 8.92
tot_sleeping_duration: 1660349.2489200023
tot_uptimes: 432
tot_uptimes_duration: 25860.006079997635
