comms_cons: 619.5151035975077
finished_reconf: true
global_termination_time: 1286487.0825999998
local_termination_time: 1286487.04148
node_cons: 77617.41446615002
tot_aggregated_send: 0
tot_msg_rcv: 38202
tot_msg_sent: 55961
tot_reconf_duration: 24.59
tot_sleeping_duration: 1228545.319160006
tot_uptimes: 943
tot_uptimes_duration: 57941.76343999384
