comms_cons: 127.45226239493246
finished_reconf: true
global_termination_time: 1287816.318
local_termination_time: 80997.89735999997
node_cons: 26440.306760000043
tot_aggregated_send: 18386
tot_msg_rcv: 295
tot_msg_sent: 691
tot_reconf_duration: 6.22
tot_sleeping_duration: 1268076.318
tot_uptimes: 330
tot_uptimes_duration: 19740.0
