comms_cons: 34.135084799662465
finished_reconf: true
global_termination_time: 346151.788
local_termination_time: 73203.64923999943
node_cons: 7079.704543359251
tot_aggregated_send: 4930
tot_msg_rcv: 87
tot_msg_sent: 171
tot_reconf_duration: 6.279999999999999
tot_sleeping_duration: 340870.8497600006
tot_uptimes: 89
tot_uptimes_duration: 5280.938239999436
