comms_cons: 335.65249919457955
finished_reconf: true
global_termination_time: 3408736.189
local_termination_time: 862688.885239998
node_cons: 70066.26454335573
tot_aggregated_send: 48778
tot_msg_rcv: 736
tot_msg_sent: 1504
tot_reconf_duration: 6.279999999999999
tot_sleeping_duration: 3356415.250760002
tot_uptimes: 873
tot_uptimes_duration: 52320.93823999795
