comms_cons: 117.99137279635482
finished_reconf: true
global_termination_time: 1184195.928
local_termination_time: 728950.2107599981
node_cons: 24379.3580957542
tot_aggregated_send: 16936
tot_msg_rcv: 369
tot_msg_sent: 629
tot_reconf_duration: 18.21
tot_sleeping_duration: 1166007.2581600044
tot_uptimes: 304
tot_uptimes_duration: 18188.66983999568
