comms_cons: 119.48426239473925
finished_reconf: true
global_termination_time: 1181134.0565999998
local_termination_time: 1181134.0154799998
node_cons: 24314.511142880896
tot_aggregated_send: 16458
tot_msg_rcv: 643
tot_msg_sent: 1058
tot_reconf_duration: 24.59
tot_sleeping_duration: 1163000.286679999
tot_uptimes: 303
tot_uptimes_duration: 18133.769920000632
