comms_cons: 189.2029119935651
finished_reconf: true
global_termination_time: 1899299.805
local_termination_time: 405370.7423600001
node_cons: 39049.4226399998
tot_aggregated_send: 27202
tot_msg_rcv: 571
tot_msg_sent: 984
tot_reconf_duration: 3.08
tot_sleeping_duration: 1870139.805
tot_uptimes: 487
tot_uptimes_duration: 29160.0
