comms_cons: 190.07644799049714
finished_reconf: true
global_termination_time: 1899431.449
local_termination_time: 640812.6183599998
node_cons: 39056.226219999735
tot_aggregated_send: 26912
tot_msg_rcv: 709
tot_msg_sent: 1269
tot_reconf_duration: 8.09
tot_sleeping_duration: 1870271.449
tot_uptimes: 487
tot_uptimes_duration: 29160.0
