comms_cons: 196.1127935778361
finished_reconf: true
global_termination_time: 1900884.354
local_termination_time: 397715.1345600007
node_cons: 39053.7763122987
tot_aggregated_send: 25288
tot_msg_rcv: 1609
tot_msg_sent: 2911
tot_reconf_duration: 6.22
tot_sleeping_duration: 1871724.2871200158
tot_uptimes: 487
tot_uptimes_duration: 29160.066879984282
