comms_cons: 56.84428800075467
finished_reconf: true
global_termination_time: 564048.059
local_termination_time: 162728.08436000004
node_cons: 11573.11004112143
tot_aggregated_send: 7714
tot_msg_rcv: 289
tot_msg_sent: 637
tot_reconf_duration: 3.05
tot_sleeping_duration: 555408.0529199989
tot_uptimes: 145
tot_uptimes_duration: 8640.006080001069
