comms_cons: 82.24031361079103
finished_reconf: true
global_termination_time: 415292.3841600009
local_termination_time: 3410.626480000001
node_cons: 8614.821557362617
tot_aggregated_send: 0
tot_msg_rcv: 6318
tot_msg_sent: 6180
tot_reconf_duration: 18.21
tot_sleeping_duration: 408877.07991999894
tot_uptimes: 107
tot_uptimes_duration: 6415.304240001948
