comms_cons: 58.7265663995172
finished_reconf: true
global_termination_time: 584108.262
local_termination_time: 147241.27248000007
node_cons: 11995.42174448113
tot_aggregated_send: 8062
tot_msg_rcv: 297
tot_msg_sent: 567
tot_reconf_duration: 18.21
tot_sleeping_duration: 575168.2376799992
tot_uptimes: 150
tot_uptimes_duration: 8940.02432000084
