comms_cons: 744.8954490479625
finished_reconf: true
global_termination_time: 1544944.8981599992
local_termination_time: 1544944.8570399992
node_cons: 93431.07902166311
tot_aggregated_send: 0
tot_msg_rcv: 45829
tot_msg_sent: 67391
tot_reconf_duration: 24.59
tot_sleeping_duration: 1475193.07904001
tot_uptimes: 1143
tot_uptimes_duration: 69751.81911998922
