comms_cons: 306.62803817465084
finished_reconf: true
global_termination_time: 1544967.756
local_termination_time: 110.00204000000018
node_cons: 31765.107546710242
tot_aggregated_send: 0
tot_msg_rcv: 23698
tot_msg_sent: 22906
tot_reconf_duration: 22.65
tot_sleeping_duration: 1521267.7195200073
tot_uptimes: 396
tot_uptimes_duration: 23700.036479992676
