comms_cons: 158.29555198206302
finished_reconf: true
global_termination_time: 1546829.316
local_termination_time: 33785.49420000004
node_cons: 31825.324688939305
tot_aggregated_send: 20706
tot_msg_rcv: 1085
tot_msg_sent: 2269
tot_reconf_duration: 7.819999999999999
tot_sleeping_duration: 1523069.2673600155
tot_uptimes: 397
tot_uptimes_duration: 23760.04863998451
