comms_cons: 1.7763839999941309
finished_reconf: true
global_termination_time: 13226.49
local_termination_time: 2797.047480000002
node_cons: 251.63956000000022
tot_aggregated_send: 0
tot_msg_rcv: 154
tot_msg_sent: 116
tot_reconf_duration: 7.819999999999999
tot_sleeping_duration: 13046.49
tot_uptimes: 4
tot_uptimes_duration: 180.0
