comms_cons: 195.65653750366175
finished_reconf: true
global_termination_time: 994568.22
local_termination_time: 219.23803999999998
node_cons: 20431.105462238294
tot_aggregated_send: 0
tot_msg_rcv: 15016
tot_msg_sent: 14722
tot_reconf_duration: 18.21
tot_sleeping_duration: 979328.2078400013
tot_uptimes: 255
tot_uptimes_duration: 15240.012159998703
