comms_cons: 94.1154560006403
finished_reconf: true
global_termination_time: 993272.696
local_termination_time: 526719.8773599999
node_cons: 20410.518182242955
tot_aggregated_send: 13514
tot_msg_rcv: 201
tot_msg_sent: 590
tot_reconf_duration: 3.05
tot_sleeping_duration: 978032.6838399979
tot_uptimes: 255
tot_uptimes_duration: 15240.012160002138
