comms_cons: 98.3591039960495
finished_reconf: true
global_termination_time: 992559.752
local_termination_time: 280209.963
node_cons: 20416.98770112147
tot_aggregated_send: 13688
tot_msg_rcv: 367
tot_msg_sent: 895
tot_reconf_duration: 7.819999999999999
tot_sleeping_duration: 977319.7459199989
tot_uptimes: 255
tot_uptimes_duration: 15240.006080001069
