comms_cons: 100.49154559298489
finished_reconf: true
global_termination_time: 992087.1521200001
local_termination_time: 204586.1576000001
node_cons: 20436.52448303526
tot_aggregated_send: 13398
tot_msg_rcv: 597
tot_msg_sent: 1279
tot_reconf_duration: 6.22
tot_sleeping_duration: 976830.9327600036
tot_uptimes: 255
tot_uptimes_duration: 15256.219359996438
