comms_cons: 85.88487679938632
finished_reconf: true
global_termination_time: 871519.9258399977
local_termination_time: 871519.9258399977
node_cons: 18060.93658399527
tot_aggregated_send: 12618
tot_msg_rcv: 84
tot_msg_sent: 351
tot_reconf_duration: 37.410000000000004
tot_sleeping_duration: 858069.4898400012
tot_uptimes: 224
tot_uptimes_duration: 13450.435999996436
