comms_cons: 86.17049600022825
finished_reconf: true
global_termination_time: 871992.369
local_termination_time: 182314.53096000061
node_cons: 17950.17740000005
tot_aggregated_send: 12644
tot_msg_rcv: 187
tot_msg_sent: 268
tot_reconf_duration: 25.299999999999997
tot_sleeping_duration: 858612.369
tot_uptimes: 224
tot_uptimes_duration: 13380.0
