comms_cons: 85.88125439931552
finished_reconf: true
global_termination_time: 871609.151
local_termination_time: 363565.97140000085
node_cons: 17932.979681121466
tot_aggregated_send: 12702
tot_msg_rcv: 130
tot_msg_sent: 222
tot_reconf_duration: 12.629999999999999
tot_sleeping_duration: 858229.144919999
tot_uptimes: 224
tot_uptimes_duration: 13380.006080001069
