comms_cons: 85.82629119893545
finished_reconf: true
global_termination_time: 871946.805
local_termination_time: 295154.9583600001
node_cons: 17936.65172000006
tot_aggregated_send: 12586
tot_msg_rcv: 125
tot_msg_sent: 334
tot_reconf_duration: 15.34
tot_sleeping_duration: 858566.805
tot_uptimes: 224
tot_uptimes_duration: 13380.0
