comms_cons: 66.4557311997311
finished_reconf: true
global_termination_time: 669760.654
local_termination_time: 4421.335
node_cons: 13741.934224485742
tot_aggregated_send: 8928
tot_msg_rcv: 374
tot_msg_sent: 799
tot_reconf_duration: 2.77
tot_sleeping_duration: 659500.6296799957
tot_uptimes: 172
tot_uptimes_duration: 10260.024320004275
