comms_cons: 55.687603200363284
finished_reconf: true
global_termination_time: 556577.02
local_termination_time: 37711.22236000001
node_cons: 11416.808240000013
tot_aggregated_send: 7888
tot_msg_rcv: 233
tot_msg_sent: 343
tot_reconf_duration: 6.279999999999999
tot_sleeping_duration: 548057.02
tot_uptimes: 143
tot_uptimes_duration: 8520.0
