comms_cons: 55.37712640065288
finished_reconf: true
global_termination_time: 556114.197
local_termination_time: 128218.52335999998
node_cons: 11423.638980000032
tot_aggregated_send: 7830
tot_msg_rcv: 191
tot_msg_sent: 396
tot_reconf_duration: 11.31
tot_sleeping_duration: 547594.197
tot_uptimes: 143
tot_uptimes_duration: 8520.0
