comms_cons: 52.57932160096282
finished_reconf: true
global_termination_time: 522585.94464000047
local_termination_time: 131447.61888000046
node_cons: 10747.608935203556
tot_aggregated_send: 7018
tot_msg_rcv: 262
tot_msg_sent: 710
tot_reconf_duration: 13.17
tot_sleeping_duration: 514572.70783999783
tot_uptimes: 134
tot_uptimes_duration: 8013.236800002633
