comms_cons: 54.37708800127315
finished_reconf: true
global_termination_time: 524153.906
local_termination_time: 57373.353360000016
node_cons: 10771.529761121454
tot_aggregated_send: 6844
tot_msg_rcv: 496
tot_msg_sent: 925
tot_reconf_duration: 4.390000000000001
tot_sleeping_duration: 516113.89991999895
tot_uptimes: 135
tot_uptimes_duration: 8040.006080001069
