comms_cons: 52.27832320073685
finished_reconf: true
global_termination_time: 523955.894
local_termination_time: 166361.3091600008
node_cons: 10780.935262242872
tot_aggregated_send: 7366
tot_msg_rcv: 182
tot_msg_sent: 398
tot_reconf_duration: 11.31
tot_sleeping_duration: 515915.88183999783
tot_uptimes: 135
tot_uptimes_duration: 8040.0121600021375
