comms_cons: 34.613171200285905
finished_reconf: true
global_termination_time: 350397.487
local_termination_time: 90588.21035999997
node_cons: 7174.989180000017
tot_aggregated_send: 4930
tot_msg_rcv: 116
tot_msg_sent: 215
tot_reconf_duration: 18.21
tot_sleeping_duration: 345057.487
tot_uptimes: 90
tot_uptimes_duration: 5340.0
