comms_cons: 100.20876161134818
finished_reconf: true
global_termination_time: 345181.92448000016
local_termination_time: 2109.2210400000013
node_cons: 14037.936439720177
tot_aggregated_send: 0
tot_msg_rcv: 5116
tot_msg_sent: 10113
tot_reconf_duration: 4.390000000000001
tot_sleeping_duration: 334702.481
tot_uptimes: 173
tot_uptimes_duration: 10479.443480000118
