comms_cons: 84.28613119929332
finished_reconf: true
global_termination_time: 850013.827
local_termination_time: 260348.80936000004
node_cons: 17449.13898000002
tot_aggregated_send: 12180
tot_msg_rcv: 235
tot_msg_sent: 396
tot_reconf_duration: 11.31
tot_sleeping_duration: 836993.827
tot_uptimes: 218
tot_uptimes_duration: 13020.0
