comms_cons: 0.7829247999995814
finished_reconf: true
global_termination_time: 6160.522
local_termination_time: 970.8916799999988
node_cons: 86.30161999999999
tot_aggregated_send: 0
tot_msg_rcv: 64
tot_msg_sent: 54
tot_reconf_duration: 4.390000000000001
tot_sleeping_duration: 6100.522
tot_uptimes: 2
tot_uptimes_duration: 60.0
