comms_cons: 85.13484799594791
finished_reconf: true
global_termination_time: 843114.0099599987
local_termination_time: 843113.9688399987
node_cons: 17364.356016159967
tot_aggregated_send: 11586
tot_msg_rcv: 442
tot_msg_sent: 911
tot_reconf_duration: 24.59
tot_sleeping_duration: 830170.7965199987
tot_uptimes: 216
tot_uptimes_duration: 12943.213439999949
