comms_cons: 149.3083647986182
finished_reconf: true
global_termination_time: 1533697.566
local_termination_time: 626038.1163599999
node_cons: 31527.637400000112
tot_aggregated_send: 22214
tot_msg_rcv: 154
tot_msg_sent: 326
tot_reconf_duration: 25.299999999999997
tot_sleeping_duration: 1510177.566
tot_uptimes: 393
tot_uptimes_duration: 23520.0
