comms_cons: 151.81503999019944
finished_reconf: true
global_termination_time: 1529349.999
local_termination_time: 594903.6856399992
node_cons: 31421.419324472095
tot_aggregated_send: 20068
tot_msg_rcv: 1063
tot_msg_sent: 1944
tot_reconf_duration: 6.22
tot_sleeping_duration: 1505889.9746800063
tot_uptimes: 392
tot_uptimes_duration: 23460.024319993972
