comms_cons: 286.64321280432995
finished_reconf: true
global_termination_time: 2902982.797
local_termination_time: 2005776.9114799998
node_cons: 59710.52928334991
tot_aggregated_send: 40484
tot_msg_rcv: 1019
tot_msg_sent: 2066
tot_reconf_duration: 13.17
tot_sleeping_duration: 2858402.778760006
tot_uptimes: 744
tot_uptimes_duration: 44580.01823999337
