comms_cons: 286.6794495995772
finished_reconf: true
global_termination_time: 2904747.411
local_termination_time: 1996209.03736
node_cons: 59696.827063349796
tot_aggregated_send: 40252
tot_msg_rcv: 1025
tot_msg_sent: 2296
tot_reconf_duration: 3.08
tot_sleeping_duration: 2860167.3927600067
tot_uptimes: 744
tot_uptimes_duration: 44580.01823999314
