comms_cons: 291.47311362444884
finished_reconf: true
global_termination_time: 2904974.324
local_termination_time: 60347.11648000001
node_cons: 59708.85347005165
tot_aggregated_send: 40716
tot_msg_rcv: 1206
tot_msg_sent: 2380
tot_reconf_duration: 11.899999999999999
tot_sleeping_duration: 2860394.2692800206
tot_uptimes: 744
tot_uptimes_duration: 44580.05471997964
