comms_cons: 137.0373439763561
finished_reconf: true
global_termination_time: 819157.452
local_termination_time: 208410.25760000007
node_cons: 16797.624544481147
tot_aggregated_send: 0
tot_msg_rcv: 10610
tot_msg_sent: 10218
tot_reconf_duration: 4.8100000000000005
tot_sleeping_duration: 806617.4276799991
tot_uptimes: 210
tot_uptimes_duration: 12540.02432000084
