comms_cons: 81.21772799850457
finished_reconf: true
global_termination_time: 813837.73224
local_termination_time: 82374.89747999996
node_cons: 16739.587152719774
tot_aggregated_send: 11194
tot_msg_rcv: 331
tot_msg_sent: 817
tot_reconf_duration: 6.22
tot_sleeping_duration: 801342.4817600002
tot_uptimes: 209
tot_uptimes_duration: 12495.250479999813
