comms_cons: 193.35688958667478
finished_reconf: true
global_termination_time: 1936341.549879998
local_termination_time: 1936341.549879998
node_cons: 39931.02278326708
tot_aggregated_send: 27201
tot_msg_rcv: 669
tot_msg_sent: 1516
tot_reconf_duration: 58.64
tot_sleeping_duration: 1906579.4963600074
tot_uptimes: 496
tot_uptimes_duration: 29762.053519990615
