comms_cons: 183.15834879632786
finished_reconf: true
global_termination_time: 1938089.353
local_termination_time: 5794.133
node_cons: 39865.25648111658
tot_aggregated_send: 27366
tot_msg_rcv: 162
tot_msg_sent: 311
tot_reconf_duration: 12.23
tot_sleeping_duration: 1908329.3469200023
tot_uptimes: 497
tot_uptimes_duration: 29760.006079997635
