comms_cons: 5.434419199996084
finished_reconf: true
global_termination_time: 3234.2726800000005
local_termination_time: 3234.2315600000006
node_cons: 701.6207415200009
tot_aggregated_send: 0
tot_msg_rcv: 347
tot_msg_sent: 477
tot_reconf_duration: 24.59
tot_sleeping_duration: 2735.223
tot_uptimes: 8
tot_uptimes_duration: 499.04968000000054
