comms_cons: 13.507097600032969
finished_reconf: true
global_termination_time: 138537.42096000025
local_termination_time: 138521.09648000007
node_cons: 2852.36084744034
tot_aggregated_send: 2030
tot_msg_rcv: 15
tot_msg_sent: 8
tot_reconf_duration: 4.8100000000000005
tot_sleeping_duration: 136412.082
tot_uptimes: 36
tot_uptimes_duration: 2125.3389600002556
