comms_cons: 32.889420800587715
finished_reconf: true
global_termination_time: 318476.336
local_termination_time: 17457.15348
node_cons: 6513.509761121436
tot_aggregated_send: 4118
tot_msg_rcv: 303
tot_msg_sent: 578
tot_reconf_duration: 4.390000000000001
tot_sleeping_duration: 313616.329919999
tot_uptimes: 82
tot_uptimes_duration: 4860.006080001068
