comms_cons: 45.87641600055769
finished_reconf: true
global_termination_time: 458989.697
local_termination_time: 2891.8874800000003
node_cons: 9405.749761121442
tot_aggregated_send: 6090
tot_msg_rcv: 205
tot_msg_sent: 678
tot_reconf_duration: 4.390000000000001
tot_sleeping_duration: 451969.6909199989
tot_uptimes: 118
tot_uptimes_duration: 7020.006080001069
