comms_cons: 383.1028224618461
finished_reconf: true
global_termination_time: 3810287.86
local_termination_time: 328536.6467600004
node_cons: 78365.96323452306
tot_aggregated_send: 52548
tot_msg_rcv: 1918
tot_msg_sent: 3763
tot_reconf_duration: 25.299999999999997
tot_sleeping_duration: 3751787.780960026
tot_uptimes: 976
tot_uptimes_duration: 58500.07903997385
