comms_cons: 388.0221056619013
finished_reconf: true
global_termination_time: 3811648.185
local_termination_time: 2548401.9790000003
node_cons: 78459.37105510685
tot_aggregated_send: 52314
tot_msg_rcv: 2366
tot_msg_sent: 4298
tot_reconf_duration: 18.700000000000003
tot_sleeping_duration: 3753071.6529200086
tot_uptimes: 977
tot_uptimes_duration: 58576.53207999142
