comms_cons: 387.17101445364153
finished_reconf: true
global_termination_time: 3814131.067
local_termination_time: 1044714.7589599998
node_cons: 78420.35403133126
tot_aggregated_send: 52200
tot_msg_rcv: 2232
tot_msg_sent: 4415
tot_reconf_duration: 6.22
tot_sleeping_duration: 3755571.01676002
tot_uptimes: 977
tot_uptimes_duration: 58560.05023997987
