comms_cons: 1872.515030162819
finished_reconf: true
global_termination_time: 3875681.0486
local_termination_time: 3875681.0074799997
node_cons: 235007.53623140304
tot_aggregated_send: 0
tot_msg_rcv: 115091
tot_msg_sent: 169519
tot_reconf_duration: 37.410000000000004
tot_sleeping_duration: 3700209.253640021
tot_uptimes: 2872
tot_uptimes_duration: 175471.79495997875
