comms_cons: 391.3774976468853
finished_reconf: true
global_termination_time: 3880517.803
local_termination_time: 2330485.34336
node_cons: 79784.19268558352
tot_aggregated_send: 53882
tot_msg_rcv: 1891
tot_msg_sent: 3715
tot_reconf_duration: 4.8100000000000005
tot_sleeping_duration: 3820937.7726000105
tot_uptimes: 994
tot_uptimes_duration: 59580.030399989104
