comms_cons: 387.1952448586756
finished_reconf: true
global_termination_time: 3879991.751
local_termination_time: 2016787.8513199994
node_cons: 79781.78632334889
tot_aggregated_send: 54984
tot_msg_rcv: 1253
tot_msg_sent: 2615
tot_reconf_duration: 3.05
tot_sleeping_duration: 3820411.7327600066
tot_uptimes: 994
tot_uptimes_duration: 59580.01823999337
