comms_cons: 44.209606399732586
finished_reconf: true
global_termination_time: 442848.762
local_termination_time: 388158.716480001
node_cons: 9084.951980000009
tot_aggregated_send: 6264
tot_msg_rcv: 166
tot_msg_sent: 290
tot_reconf_duration: 4.8100000000000005
tot_sleeping_duration: 436068.762
tot_uptimes: 114
tot_uptimes_duration: 6780.0
