comms_cons: 43.62655360051434
finished_reconf: true
global_termination_time: 438968.7332400002
local_termination_time: 161412.30436000004
node_cons: 9026.691321603104
tot_aggregated_send: 6090
tot_msg_rcv: 185
tot_msg_sent: 354
tot_reconf_duration: 3.05
tot_sleeping_duration: 432230.4588399979
tot_uptimes: 113
tot_uptimes_duration: 6738.274400002323
