comms_cons: 628.083955281303
finished_reconf: true
global_termination_time: 6414567.119
local_termination_time: 3234126.18436
node_cons: 131930.6920855807
tot_aggregated_send: 89668
tot_msg_rcv: 1823
tot_msg_sent: 3974
tot_reconf_duration: 9.11
tot_sleeping_duration: 6316047.088600011
tot_uptimes: 1643
tot_uptimes_duration: 98520.0303999889
