comms_cons: 628.1688577116784
finished_reconf: true
global_termination_time: 6412626.496
local_termination_time: 3710743.3333599996
node_cons: 131935.45596334702
tot_aggregated_send: 88044
tot_msg_rcv: 2536
tot_msg_sent: 4898
tot_reconf_duration: 12.629999999999999
tot_sleeping_duration: 6314106.477760007
tot_uptimes: 1643
tot_uptimes_duration: 98520.0182399936
