comms_cons: 35.90394880026577
finished_reconf: true
global_termination_time: 362834.583
local_termination_time: 30689.716360000002
node_cons: 7422.046841121437
tot_aggregated_send: 4988
tot_msg_rcv: 142
tot_msg_sent: 327
tot_reconf_duration: 22.65
tot_sleeping_duration: 357314.5769199989
tot_uptimes: 93
tot_uptimes_duration: 5520.006080001065
