comms_cons: 35.28424960004501
finished_reconf: true
global_termination_time: 361413.0275600003
local_termination_time: 55087.47976000018
node_cons: 7437.145700480658
tot_aggregated_send: 5278
tot_msg_rcv: 23
tot_msg_sent: 61
tot_reconf_duration: 10.95
tot_sleeping_duration: 355869.8792399998
tot_uptimes: 93
tot_uptimes_duration: 5543.148320000488
