comms_cons: 36.22507520028456
finished_reconf: true
global_termination_time: 361705.207
local_termination_time: 103690.71535999997
node_cons: 7397.241620000008
tot_aggregated_send: 5046
tot_msg_rcv: 174
tot_msg_sent: 286
tot_reconf_duration: 4.390000000000001
tot_sleeping_duration: 356185.207
tot_uptimes: 93
tot_uptimes_duration: 5520.0
