comms_cons: 35.79084800002268
finished_reconf: true
global_termination_time: 365828.166
local_termination_time: 103671.78435999996
node_cons: 7480.0667599999715
tot_aggregated_send: 5278
tot_msg_rcv: 51
tot_msg_sent: 111
tot_reconf_duration: 6.22
tot_sleeping_duration: 360248.1660000001
tot_uptimes: 94
tot_uptimes_duration: 5579.999999999971
