comms_cons: 433.8781440876159
finished_reconf: true
global_termination_time: 4301819.679
local_termination_time: 142021.46936000005
node_cons: 88460.92896782162
tot_aggregated_send: 59682
tot_msg_rcv: 2193
tot_msg_sent: 4071
tot_reconf_duration: 4.8100000000000005
tot_sleeping_duration: 4235759.636440011
tot_uptimes: 1102
tot_uptimes_duration: 66060.04255998804
