comms_cons: 430.858956869952
finished_reconf: true
global_termination_time: 4298398.118
local_termination_time: 208993.66136000006
node_cons: 88380.02674893847
tot_aggregated_send: 59798
tot_msg_rcv: 2025
tot_msg_sent: 3665
tot_reconf_duration: 4.390000000000001
tot_sleeping_duration: 4232398.069360014
tot_uptimes: 1101
tot_uptimes_duration: 66000.04863998567
