comms_cons: 429.5998272529091
finished_reconf: true
global_termination_time: 4298651.828
local_termination_time: 256042.77624000047
node_cons: 88378.22331117242
tot_aggregated_send: 59798
tot_msg_rcv: 1810
tot_msg_sent: 3689
tot_reconf_duration: 3.05
tot_sleeping_duration: 4232651.767200018
tot_uptimes: 1101
tot_uptimes_duration: 66000.06079998118
