comms_cons: 8.616051200180102
finished_reconf: true
global_termination_time: 72458.025
local_termination_time: 33184.086120000095
node_cons: 1480.5018233608773
tot_aggregated_send: 290
tot_msg_rcv: 339
tot_msg_sent: 680
tot_reconf_duration: 25.299999999999997
tot_sleeping_duration: 71378.00675999935
tot_uptimes: 19
tot_uptimes_duration: 1080.0182400006524
