comms_cons: 10.567961600119446
finished_reconf: true
global_termination_time: 77599.62
local_termination_time: 33679.98248000001
node_cons: 1544.3692833608711
tot_aggregated_send: 348
tot_msg_rcv: 508
tot_msg_sent: 750
tot_reconf_duration: 13.17
tot_sleeping_duration: 76459.60175999934
tot_uptimes: 20
tot_uptimes_duration: 1140.0182400006524
