comms_cons: 8.731225600145994
finished_reconf: true
global_termination_time: 72023.571
local_termination_time: 49793.31
node_cons: 1490.8198735205594
tot_aggregated_send: 462
tot_msg_rcv: 372
tot_msg_sent: 494
tot_reconf_duration: 18.700000000000003
tot_sleeping_duration: 70929.15331999958
tot_uptimes: 19
tot_uptimes_duration: 1094.4176800004207
