comms_cons: 7.750924800011111
finished_reconf: true
global_termination_time: 74976.819
local_termination_time: 46976.18936000001
node_cons: 1541.8434033597307
tot_aggregated_send: 638
tot_msg_rcv: 138
tot_msg_sent: 402
tot_reconf_duration: 11.31
tot_sleeping_duration: 73836.8007600002
tot_uptimes: 20
tot_uptimes_duration: 1140.0182399998012
