comms_cons: 484.0921023680775
finished_reconf: true
global_termination_time: 2461674.022919996
local_termination_time: 943.2814799999992
node_cons: 50710.16665799092
tot_aggregated_send: 0
tot_msg_rcv: 36998
tot_msg_sent: 36577
tot_reconf_duration: 18.21
tot_sleeping_duration: 2423820.820920002
tot_uptimes: 631
tot_uptimes_duration: 37853.20199999376
