comms_cons: 246.84264958573118
finished_reconf: true
global_termination_time: 2461673.6471199966
local_termination_time: 87404.41591999984
node_cons: 50665.37287973145
tot_aggregated_send: 34278
tot_msg_rcv: 1040
tot_msg_sent: 2197
tot_reconf_duration: 22.65
tot_sleeping_duration: 2423858.4012800176
tot_uptimes: 631
tot_uptimes_duration: 37815.24583997921
