comms_cons: 249.91073278935562
finished_reconf: true
global_termination_time: 2462949.545
local_termination_time: 801902.0243599999
node_cons: 50627.02492446667
tot_aggregated_send: 33988
tot_msg_rcv: 1449
tot_msg_sent: 2548
tot_reconf_duration: 9.42
tot_sleeping_duration: 2425149.5206800094
tot_uptimes: 631
tot_uptimes_duration: 37800.02431999054
