comms_cons: 486.84769916920186
finished_reconf: true
global_termination_time: 2465366.327
local_termination_time: 2773.6633600000005
node_cons: 50710.73276446692
tot_aggregated_send: 0
tot_msg_rcv: 37395
tot_msg_sent: 36601
tot_reconf_duration: 11.899999999999999
tot_sleeping_duration: 2427506.302680009
tot_uptimes: 632
tot_uptimes_duration: 37860.02431999077
