comms_cons: 117.97821439785268
finished_reconf: true
global_termination_time: 1191924.458
local_termination_time: 580655.7913599999
node_cons: 24519.86020000007
tot_aggregated_send: 17342
tot_msg_rcv: 253
tot_msg_sent: 337
tot_reconf_duration: 11.899999999999999
tot_sleeping_duration: 1173624.458
tot_uptimes: 306
tot_uptimes_duration: 18300.0
