comms_cons: 121.64656639391559
finished_reconf: true
global_termination_time: 1192536.2
local_termination_time: 164189.41016000079
node_cons: 24510.28896782246
tot_aggregated_send: 16472
tot_msg_rcv: 790
tot_msg_sent: 1227
tot_reconf_duration: 4.8100000000000005
tot_sleeping_duration: 1174236.1574400133
tot_uptimes: 306
tot_uptimes_duration: 18300.042559986876
