comms_cons: 121.76971518721862
finished_reconf: true
global_termination_time: 1193724.071
local_termination_time: 556013.9547199989
node_cons: 24514.368406701116
tot_aggregated_send: 16182
tot_msg_rcv: 815
tot_msg_sent: 1513
tot_reconf_duration: 7.819999999999999
tot_sleeping_duration: 1175424.0345200142
tot_uptimes: 306
tot_uptimes_duration: 18300.036479985807
