comms_cons: 121.14938879282249
finished_reconf: true
global_termination_time: 1189608.14
local_termination_time: 386760.3365600002
node_cons: 24431.847465593357
tot_aggregated_send: 16240
tot_msg_rcv: 777
tot_msg_sent: 1397
tot_reconf_duration: 6.22
tot_sleeping_duration: 1171368.109600005
tot_uptimes: 305
tot_uptimes_duration: 18240.03039999504
