comms_cons: 225.45567997599562
finished_reconf: true
global_termination_time: 2273198.417
local_termination_time: 1396476.3174399994
node_cons: 46766.383747817235
tot_aggregated_send: 30566
tot_msg_rcv: 1318
tot_msg_sent: 2385
tot_reconf_duration: 6.22
tot_sleeping_duration: 2238278.3744400167
tot_uptimes: 583
tot_uptimes_duration: 34920.04255998344
