comms_cons: 252.59240319811667
finished_reconf: true
global_termination_time: 2539003.1781999986
local_termination_time: 2539003.1370799984
node_cons: 52316.39074103078
tot_aggregated_send: 36526
tot_msg_rcv: 665
tot_msg_sent: 1199
tot_reconf_duration: 24.59
tot_sleeping_duration: 2499956.8768400047
tot_uptimes: 651
tot_uptimes_duration: 39046.30135999393
