comms_cons: 94.26769919300146
finished_reconf: true
global_termination_time: 909535.9650799987
local_termination_time: 33529.541480000014
node_cons: 18723.699108062174
tot_aggregated_send: 12006
tot_msg_rcv: 839
tot_msg_sent: 1481
tot_reconf_duration: 18.21
tot_sleeping_duration: 895571.088360012
tot_uptimes: 233
tot_uptimes_duration: 13964.87671998667
