comms_cons: 89.84555519711309
finished_reconf: true
global_termination_time: 911995.064
local_termination_time: 417951.72936000006
node_cons: 18726.784060000038
tot_aggregated_send: 13050
tot_msg_rcv: 147
tot_msg_sent: 459
tot_reconf_duration: 5.57
tot_sleeping_duration: 898015.064
tot_uptimes: 234
tot_uptimes_duration: 13980.0
