comms_cons: 91.45871359614279
finished_reconf: true
global_termination_time: 912600.72
local_termination_time: 491663.7058800009
node_cons: 18776.079134321193
tot_aggregated_send: 12760
tot_msg_rcv: 394
tot_msg_sent: 749
tot_reconf_duration: 25.299999999999997
tot_sleeping_duration: 898603.9151199991
tot_uptimes: 234
tot_uptimes_duration: 13996.804880000884
