comms_cons: 92.80744959535285
finished_reconf: true
global_termination_time: 909549.684
local_termination_time: 96715.992
node_cons: 18693.667322789148
tot_aggregated_send: 12062
tot_msg_rcv: 642
tot_msg_sent: 1404
tot_reconf_duration: 22.65
tot_sleeping_duration: 895611.7388000081
tot_uptimes: 233
tot_uptimes_duration: 13937.945199991867
