comms_cons: 93.67057919190559
finished_reconf: true
global_termination_time: 911816.774
local_termination_time: 154254.33048000003
node_cons: 18729.89654782242
tot_aggregated_send: 12180
tot_msg_rcv: 719
tot_msg_sent: 1339
tot_reconf_duration: 7.819999999999999
tot_sleeping_duration: 897836.731440013
tot_uptimes: 234
tot_uptimes_duration: 13980.042559986876
