comms_cons: 92.56934399385646
finished_reconf: true
global_termination_time: 911388.185
local_termination_time: 295206.60436000006
node_cons: 18727.683042233653
tot_aggregated_send: 12296
tot_msg_rcv: 556
tot_msg_sent: 1218
tot_reconf_duration: 6.22
tot_sleeping_duration: 897408.1728400048
tot_uptimes: 234
tot_uptimes_duration: 13980.012159995269
