comms_cons: 57.41730560108609
finished_reconf: true
global_termination_time: 582582.1842400004
local_termination_time: 19835.207480000005
node_cons: 12078.615049360596
tot_aggregated_send: 7250
tot_msg_rcv: 443
tot_msg_sent: 1034
tot_reconf_duration: 22.65
tot_sleeping_duration: 573584.532
tot_uptimes: 150
tot_uptimes_duration: 8997.652240000432
