comms_cons: 58.5680383990937
finished_reconf: true
global_termination_time: 584133.194
local_termination_time: 37783.01088000008
node_cons: 11986.018980000015
tot_aggregated_send: 8120
tot_msg_rcv: 269
tot_msg_sent: 513
tot_reconf_duration: 11.31
tot_sleeping_duration: 575193.194
tot_uptimes: 150
tot_uptimes_duration: 8940.0
