comms_cons: 999.5983106930619
finished_reconf: true
global_termination_time: 9945334.772
local_termination_time: 1965096.58036
node_cons: 204556.34097116382
tot_aggregated_send: 137924
tot_msg_rcv: 4719
tot_msg_sent: 9290
tot_reconf_duration: 7.819999999999999
tot_sleeping_duration: 9792574.711200021
tot_uptimes: 2547
tot_uptimes_duration: 152760.06079997844
