comms_cons: 145.2555775938279
finished_reconf: true
global_termination_time: 1459167.861
local_termination_time: 316619.1783600001
node_cons: 29973.37640336434
tot_aggregated_send: 20358
tot_msg_rcv: 557
tot_msg_sent: 1163
tot_reconf_duration: 4.8100000000000005
tot_sleeping_duration: 1436787.8427599967
tot_uptimes: 374
tot_uptimes_duration: 22380.018240003206
