comms_cons: 145.51937279502178
finished_reconf: true
global_termination_time: 1459884.379
local_termination_time: 1159311.4513599996
node_cons: 29970.96189999979
tot_aggregated_send: 20126
tot_msg_rcv: 714
tot_msg_sent: 1278
tot_reconf_duration: 3.05
tot_sleeping_duration: 1437504.379
tot_uptimes: 374
tot_uptimes_duration: 22380.0
