comms_cons: 147.23967358816563
finished_reconf: true
global_termination_time: 1457525.817
local_termination_time: 528120.34936
node_cons: 29975.29118335526
tot_aggregated_send: 20242
tot_msg_rcv: 746
tot_msg_sent: 1392
tot_reconf_duration: 6.22
tot_sleeping_duration: 1435145.7987600039
tot_uptimes: 374
tot_uptimes_duration: 22380.018239996338
