comms_cons: 84.13383679496812
finished_reconf: true
global_termination_time: 868641.15
local_termination_time: 6853.275
node_cons: 17864.962145584184
tot_aggregated_send: 11869
tot_msg_rcv: 274
tot_msg_sent: 644
tot_reconf_duration: 21.68
tot_sleeping_duration: 855321.1196000119
tot_uptimes: 223
tot_uptimes_duration: 13320.030399988173
