comms_cons: 88.97515519311459
finished_reconf: true
global_termination_time: 867752.108
local_termination_time: 7207.143
node_cons: 17844.35851455563
tot_aggregated_send: 11187
tot_msg_rcv: 778
tot_msg_sent: 1558
tot_reconf_duration: 6.46
tot_sleeping_duration: 854432.0289600033
tot_uptimes: 223
tot_uptimes_duration: 13320.079039996723
