comms_cons: 89.27779839582323
finished_reconf: true
global_termination_time: 868079.425
local_termination_time: 5458.097
node_cons: 17849.904593429645
tot_aggregated_send: 11531
tot_msg_rcv: 691
tot_msg_sent: 1346
tot_reconf_duration: 10.55
tot_sleeping_duration: 854759.3520400077
tot_uptimes: 223
tot_uptimes_duration: 13320.072959992249
