comms_cons: 22.07979520005812
finished_reconf: true
global_termination_time: 217165.83
local_termination_time: 168776.7081200005
node_cons: 4426.264060000013
tot_aggregated_send: 2842
tot_msg_rcv: 171
tot_msg_sent: 343
tot_reconf_duration: 5.57
tot_sleeping_duration: 213865.83
tot_uptimes: 56
tot_uptimes_duration: 3300.0
