comms_cons: 722.0973754754964
finished_reconf: true
global_termination_time: 1490658.490639998
local_termination_time: 1490658.4495199982
node_cons: 90743.58186958675
tot_aggregated_send: 0
tot_msg_rcv: 44306
tot_msg_sent: 65446
tot_reconf_duration: 24.59
tot_sleeping_duration: 1422913.7642400062
tot_uptimes: 1111
tot_uptimes_duration: 67744.72639999184
