comms_cons: 202.31790717271616
finished_reconf: true
global_termination_time: 1960677.8162400005
local_termination_time: 13500.96548
node_cons: 40431.3589738929
tot_aggregated_send: 25694
tot_msg_rcv: 1651
tot_msg_sent: 3406
tot_reconf_duration: 18.21
tot_sleeping_duration: 1930501.0949600206
tot_uptimes: 503
tot_uptimes_duration: 30176.721279979974
