comms_cons: 195.59653759174836
finished_reconf: true
global_termination_time: 1961640.321
local_termination_time: 704421.2133599998
node_cons: 40338.244059999655
tot_aggregated_send: 27782
tot_msg_rcv: 618
tot_msg_sent: 1329
tot_reconf_duration: 5.57
tot_sleeping_duration: 1931520.321
tot_uptimes: 503
tot_uptimes_duration: 30120.0
