comms_cons: 201.56551037763026
finished_reconf: true
global_termination_time: 1961075.092
local_termination_time: 330019.4371600003
node_cons: 40337.30153228948
tot_aggregated_send: 26274
tot_msg_rcv: 1510
tot_msg_sent: 2852
tot_reconf_duration: 4.8100000000000005
tot_sleeping_duration: 1930955.0251200225
tot_uptimes: 503
tot_uptimes_duration: 30120.066879977414
