comms_cons: 66.65123199997662
finished_reconf: true
global_termination_time: 662602.0432400001
local_termination_time: 21441.070480000002
node_cons: 13629.371522719828
tot_aggregated_send: 9048
tot_msg_rcv: 371
tot_msg_sent: 710
tot_reconf_duration: 18.21
tot_sleeping_duration: 652441.7427600003
tot_uptimes: 170
tot_uptimes_duration: 10160.30047999986
