comms_cons: 65.860307201272
finished_reconf: true
global_termination_time: 663065.302
local_termination_time: 131619.36036000005
node_cons: 13608.243123364304
tot_aggregated_send: 8526
tot_msg_rcv: 537
tot_msg_sent: 947
tot_reconf_duration: 22.65
tot_sleeping_duration: 652925.2837599968
tot_uptimes: 170
tot_uptimes_duration: 10140.018240003206
