comms_cons: 66.31833600098578
finished_reconf: true
global_termination_time: 667080.095
local_termination_time: 454896.0254800001
node_cons: 13661.958182242946
tot_aggregated_send: 9048
tot_msg_rcv: 325
tot_msg_sent: 707
tot_reconf_duration: 3.05
tot_sleeping_duration: 656880.0828399978
tot_uptimes: 171
tot_uptimes_duration: 10200.012160002138
