comms_cons: 139.8047359721418
finished_reconf: true
global_termination_time: 705852.6855999999
local_termination_time: 1925.3794800000003
node_cons: 14506.522892885601
tot_aggregated_send: 0
tot_msg_rcv: 10809
tot_msg_sent: 10439
tot_reconf_duration: 18.21
tot_sleeping_duration: 695037.3056799957
tot_uptimes: 181
tot_uptimes_duration: 10815.379920004169
