comms_cons: 70.69911039942949
finished_reconf: true
global_termination_time: 705852.2671200002
local_termination_time: 64660.774080000025
node_cons: 14533.937849680335
tot_aggregated_send: 9744
tot_msg_rcv: 381
tot_msg_sent: 620
tot_reconf_duration: 22.65
tot_sleeping_duration: 695020.916
tot_uptimes: 181
tot_uptimes_duration: 10831.35112000024
