comms_cons: 73.67914239879191
finished_reconf: true
global_termination_time: 706181.635
local_termination_time: 135169.4127200001
node_cons: 14467.210466728624
tot_aggregated_send: 8874
tot_msg_rcv: 751
tot_msg_sent: 1573
tot_reconf_duration: 4.390000000000001
tot_sleeping_duration: 695381.5985199936
tot_uptimes: 181
tot_uptimes_duration: 10800.036480006413
