comms_cons: 70.63429119999321
finished_reconf: true
global_termination_time: 707062.845
local_termination_time: 93988.56
node_cons: 14552.175842242892
tot_aggregated_send: 9968
tot_msg_rcv: 244
tot_msg_sent: 524
tot_reconf_duration: 7.819999999999999
tot_sleeping_duration: 696202.8328399978
tot_uptimes: 182
tot_uptimes_duration: 10860.012160002138
