comms_cons: 70.7392128006613
finished_reconf: true
global_termination_time: 709291.159
local_termination_time: 190180.42036000005
node_cons: 14550.019324485744
tot_aggregated_send: 9628
tot_msg_rcv: 351
tot_msg_sent: 772
tot_reconf_duration: 6.22
tot_sleeping_duration: 698431.1346799957
tot_uptimes: 182
tot_uptimes_duration: 10860.024320004275
