comms_cons: 554.9312065240666
finished_reconf: true
global_termination_time: 5518822.885
local_termination_time: 470414.84444000066
node_cons: 113538.36184781499
tot_aggregated_send: 76966
tot_msg_rcv: 2388
tot_msg_sent: 4991
tot_reconf_duration: 13.17
tot_sleeping_duration: 5434042.842440016
tot_uptimes: 1414
tot_uptimes_duration: 84780.0425599839
