comms_cons: 554.7449281127135
finished_reconf: true
global_termination_time: 5517283.341
local_termination_time: 1152497.4340799996
node_cons: 113452.91306558187
tot_aggregated_send: 77024
tot_msg_rcv: 2420
tot_msg_sent: 4871
tot_reconf_duration: 9.42
tot_sleeping_duration: 5432563.310600011
tot_uptimes: 1413
tot_uptimes_duration: 84720.0303999891
