comms_cons: 538.899104062099
finished_reconf: true
global_termination_time: 5515636.228
local_termination_time: 1730401.1396799982
node_cons: 113444.26260558108
tot_aggregated_send: 77488
tot_msg_rcv: 1396
tot_msg_sent: 3025
tot_reconf_duration: 3.05
tot_sleeping_duration: 5430916.197600012
tot_uptimes: 1413
tot_uptimes_duration: 84720.03039998864
