comms_cons: 34.211628800401755
finished_reconf: true
global_termination_time: 210311.145
local_termination_time: 21973.944359999998
node_cons: 4266.466759999998
tot_aggregated_send: 0
tot_msg_rcv: 2647
tot_msg_sent: 2552
tot_reconf_duration: 6.22
tot_sleeping_duration: 207131.145
tot_uptimes: 54
tot_uptimes_duration: 3180.0
