comms_cons: 231.25230078545562
finished_reconf: true
global_termination_time: 2319090.189
local_termination_time: 722674.7683599999
node_cons: 47650.20522781728
tot_aggregated_send: 32190
tot_msg_rcv: 966
tot_msg_sent: 1993
tot_reconf_duration: 6.279999999999999
tot_sleeping_duration: 2283510.146440016
tot_uptimes: 594
tot_uptimes_duration: 35580.04255998344
