comms_cons: 232.90991358235502
finished_reconf: true
global_termination_time: 2316181.325
local_termination_time: 698319.5283599999
node_cons: 47649.249188934
tot_aggregated_send: 32480
tot_msg_rcv: 1056
tot_msg_sent: 1865
tot_reconf_duration: 5.57
tot_sleeping_duration: 2280601.276360019
tot_uptimes: 594
tot_uptimes_duration: 35580.048639981076
