comms_cons: 234.5207615796812
finished_reconf: true
global_termination_time: 2318120.623
local_termination_time: 37863.66004000007
node_cons: 47676.05881117464
tot_aggregated_send: 32190
tot_msg_rcv: 1264
tot_msg_sent: 2190
tot_reconf_duration: 25.299999999999997
tot_sleeping_duration: 2282540.5622000187
tot_uptimes: 594
tot_uptimes_duration: 35580.0607999815
