comms_cons: 457.04834543621655
finished_reconf: true
global_termination_time: 2319037.145
local_termination_time: 1289.2950400000016
node_cons: 47659.521142233076
tot_aggregated_send: 0
tot_msg_rcv: 35074
tot_msg_sent: 34395
tot_reconf_duration: 13.17
tot_sleeping_duration: 2283457.1328400047
tot_uptimes: 594
tot_uptimes_duration: 35580.01215999527
