comms_cons: 228.71335678750404
finished_reconf: true
global_termination_time: 2316147.672
local_termination_time: 1353589.5296399982
node_cons: 47657.94948719073
tot_aggregated_send: 32712
tot_msg_rcv: 720
tot_msg_sent: 1332
tot_reconf_duration: 11.31
tot_sleeping_duration: 2280566.9472000063
tot_uptimes: 594
tot_uptimes_duration: 35580.72479999346
