comms_cons: 281.143270407076
finished_reconf: true
global_termination_time: 2809745.326
local_termination_time: 1899203.804
node_cons: 57890.93174654463
tot_aggregated_send: 39902
tot_msg_rcv: 968
tot_msg_sent: 1862
tot_reconf_duration: 18.700000000000003
tot_sleeping_duration: 2766529.838960011
tot_uptimes: 720
tot_uptimes_duration: 43215.48703998909
