comms_cons: 1154.4139219062445
finished_reconf: true
global_termination_time: 3966035.712
local_termination_time: 2246828.3233199986
node_cons: 161611.64534183047
tot_aggregated_send: 0
tot_msg_rcv: 58855
tot_msg_sent: 116612
tot_reconf_duration: 18.21
tot_sleeping_duration: 3845358.403440003
tot_uptimes: 1995
tot_uptimes_duration: 120677.308559997
