comms_cons: 399.65659528108245
finished_reconf: true
global_termination_time: 3966196.379
local_termination_time: 2114644.9083600002
node_cons: 81565.67636781809
tot_aggregated_send: 55216
tot_msg_rcv: 1880
tot_msg_sent: 3649
tot_reconf_duration: 15.110000000000001
tot_sleeping_duration: 3905296.336440015
tot_uptimes: 1016
tot_uptimes_duration: 60900.04255998484
