comms_cons: 1.0460927999965455
finished_reconf: true
global_termination_time: 4582.676
local_termination_time: 2278.22936
node_cons: 88.86823999999964
tot_aggregated_send: 0
tot_msg_rcv: 106
tot_msg_sent: 53
tot_reconf_duration: 6.279999999999999
tot_sleeping_duration: 4522.676
tot_uptimes: 2
tot_uptimes_duration: 60.0
