comms_cons: 66.54328319939391
finished_reconf: true
global_termination_time: 673605.652
local_termination_time: 351558.16548000096
node_cons: 13844.645352721334
tot_aggregated_send: 9744
tot_msg_rcv: 140
tot_msg_sent: 232
tot_reconf_duration: 11.31
tot_sleeping_duration: 663277.5815199991
tot_uptimes: 173
tot_uptimes_duration: 10328.070480000984
