comms_cons: 294.97185283374444
finished_reconf: true
global_termination_time: 2915487.848
local_termination_time: 1432565.1175199992
node_cons: 59940.19640334945
tot_aggregated_send: 40136
tot_msg_rcv: 1567
tot_msg_sent: 3131
tot_reconf_duration: 4.8100000000000005
tot_sleeping_duration: 2870727.8297600076
tot_uptimes: 747
tot_uptimes_duration: 44760.0182399929
