comms_cons: 290.39292801924455
finished_reconf: true
global_termination_time: 2910813.7642399925
local_termination_time: 1440.8951600000034
node_cons: 59917.51212716705
tot_aggregated_send: 40600
tot_msg_rcv: 1039
tot_msg_sent: 2498
tot_reconf_duration: 11.31
tot_sleeping_duration: 2866077.2794400165
tot_uptimes: 746
tot_uptimes_duration: 44736.48479997623
