comms_cons: 151.13738239680106
finished_reconf: true
global_termination_time: 1532971.335
local_termination_time: 860106.5483599999
node_cons: 31511.16486000011
tot_aggregated_send: 22098
tot_msg_rcv: 304
tot_msg_sent: 570
tot_reconf_duration: 13.17
tot_sleeping_duration: 1509451.335
tot_uptimes: 393
tot_uptimes_duration: 23520.0
