comms_cons: 156.4727039856853
finished_reconf: true
global_termination_time: 1535830.716
local_termination_time: 217302.171600001
node_cons: 31578.98071134523
tot_aggregated_send: 20590
tot_msg_rcv: 979
tot_msg_sent: 2213
tot_reconf_duration: 3.05
tot_sleeping_duration: 1512249.805760011
tot_uptimes: 394
tot_uptimes_duration: 23580.910239988945
