comms_cons: 153.09203199346638
finished_reconf: true
global_termination_time: 1534298.972
local_termination_time: 267160.19736000005
node_cons: 31501.734901121443
tot_aggregated_send: 21286
tot_msg_rcv: 647
tot_msg_sent: 1337
tot_reconf_duration: 6.22
tot_sleeping_duration: 1510778.965919999
tot_uptimes: 393
tot_uptimes_duration: 23520.00608000107
