comms_cons: 108.78465279624508
finished_reconf: true
global_termination_time: 1081858.536
local_termination_time: 553077.6051999995
node_cons: 22261.801047836183
tot_aggregated_send: 14790
tot_msg_rcv: 479
tot_msg_sent: 1265
tot_reconf_duration: 5.57
tot_sleeping_duration: 1065238.493440003
tot_uptimes: 278
tot_uptimes_duration: 16620.04255999718
