comms_cons: 214.98966388426578
finished_reconf: true
global_termination_time: 1082243.136
local_termination_time: 1681.8523600000003
node_cons: 22258.36260559571
tot_aggregated_send: 0
tot_msg_rcv: 16597
tot_msg_sent: 16078
tot_reconf_duration: 3.05
tot_sleeping_duration: 1065623.1056000032
tot_uptimes: 278
tot_uptimes_duration: 16620.030399996773
