comms_cons: 149.34686719189662
finished_reconf: true
global_termination_time: 1491882.845
local_termination_time: 1145730.3953599997
node_cons: 30694.038182233457
tot_aggregated_send: 20532
tot_msg_rcv: 770
tot_msg_sent: 1397
tot_reconf_duration: 3.05
tot_sleeping_duration: 1468962.8328400047
tot_uptimes: 383
tot_uptimes_duration: 22920.01215999527
