comms_cons: 148.32562558860232
finished_reconf: true
global_termination_time: 1493077.043
local_termination_time: 1205274.0593599998
node_cons: 30698.326760000007
tot_aggregated_send: 20068
tot_msg_rcv: 768
tot_msg_sent: 1708
tot_reconf_duration: 6.22
tot_sleeping_duration: 1470157.043
tot_uptimes: 383
tot_uptimes_duration: 22920.0
