comms_cons: 150.0058815891794
finished_reconf: true
global_termination_time: 1494586.816
local_termination_time: 1026499.4863599999
node_cons: 30697.278363350455
tot_aggregated_send: 20590
tot_msg_rcv: 700
tot_msg_sent: 1510
tot_reconf_duration: 5.43
tot_sleeping_duration: 1471666.7977600072
tot_uptimes: 383
tot_uptimes_duration: 22920.018239992904
