comms_cons: 129.69576960012682
finished_reconf: true
global_termination_time: 1342177.216
local_termination_time: 6629.293
node_cons: 27561.739660000043
tot_aggregated_send: 19253
tot_msg_rcv: 165
tot_msg_sent: 294
tot_reconf_duration: 3.77
tot_sleeping_duration: 1321597.216
tot_uptimes: 344
tot_uptimes_duration: 20580.0
