comms_cons: 360.7048701133958
finished_reconf: true
global_termination_time: 2046333.893
local_termination_time: 428743.7626000001
node_cons: 42129.003431893725
tot_aggregated_send: 0
tot_msg_rcv: 27965
tot_msg_sent: 26863
tot_reconf_duration: 22.65
tot_sleeping_duration: 2014893.8297200191
tot_uptimes: 525
tot_uptimes_duration: 31440.06327998062
