comms_cons: 207.44798717652588
finished_reconf: true
global_termination_time: 2045764.135
local_termination_time: 641385.9550000001
node_cons: 42026.42151005118
tot_aggregated_send: 27664
tot_msg_rcv: 1191
tot_msg_sent: 2676
tot_reconf_duration: 6.279999999999999
tot_sleeping_duration: 2014384.0802800213
tot_uptimes: 524
tot_uptimes_duration: 31380.05471997871
