comms_cons: 202.69857278974436
finished_reconf: true
global_termination_time: 2046565.92
local_termination_time: 626006.8283599999
node_cons: 42132.51739999971
tot_aggregated_send: 29290
tot_msg_rcv: 555
tot_msg_sent: 964
tot_reconf_duration: 25.299999999999997
tot_sleeping_duration: 2015125.92
tot_uptimes: 525
tot_uptimes_duration: 31440.0
