comms_cons: 201.80934399809996
finished_reconf: true
global_termination_time: 2047187.459
local_termination_time: 1047675.0187599991
node_cons: 42116.0448599997
tot_aggregated_send: 29812
tot_msg_rcv: 293
tot_msg_sent: 568
tot_reconf_duration: 13.17
tot_sleeping_duration: 2015747.459
tot_uptimes: 525
tot_uptimes_duration: 31440.0
