comms_cons: 210.6142591682347
finished_reconf: true
global_termination_time: 2045224.147
local_termination_time: 371059.92236
node_cons: 42023.88745452301
tot_aggregated_send: 26912
tot_msg_rcv: 1855
tot_msg_sent: 3246
tot_reconf_duration: 4.390000000000001
tot_sleeping_duration: 2013844.0679600276
tot_uptimes: 524
tot_uptimes_duration: 31380.079039972683
