comms_cons: 212.46210559480087
finished_reconf: true
global_termination_time: 2173276.309
local_termination_time: 1023880.6773599999
node_cons: 44675.9657999995
tot_aggregated_send: 31320
tot_msg_rcv: 367
tot_msg_sent: 606
tot_reconf_duration: 5.1
tot_sleeping_duration: 2139916.309
tot_uptimes: 557
tot_uptimes_duration: 33360.0
