comms_cons: 212.89935998433447
finished_reconf: true
global_termination_time: 2173365.776
local_termination_time: 980720.3823599999
node_cons: 44677.50304223332
tot_aggregated_send: 29290
tot_msg_rcv: 990
tot_msg_sent: 2081
tot_reconf_duration: 6.22
tot_sleeping_duration: 2140005.763840005
tot_uptimes: 557
tot_uptimes_duration: 33360.01215999527
