comms_cons: 217.1859391877212
finished_reconf: true
global_termination_time: 2175547.023
local_termination_time: 64058.89748000001
node_cons: 44764.78782670744
tot_aggregated_send: 30624
tot_msg_rcv: 821
tot_msg_sent: 1566
tot_reconf_duration: 11.31
tot_sleeping_duration: 2142126.986520009
tot_uptimes: 558
tot_uptimes_duration: 33420.03647999097
