comms_cons: 2.4737791999918253
finished_reconf: true
global_termination_time: 14989.266
local_termination_time: 5232.1723600000005
node_cons: 275.38554112000645
tot_aggregated_send: 0
tot_msg_rcv: 225
tot_msg_sent: 151
tot_reconf_duration: 25.299999999999997
tot_sleeping_duration: 14809.259919999995
tot_uptimes: 4
tot_uptimes_duration: 180.00608000000466
