comms_cons: 261.345561597086
finished_reconf: true
global_termination_time: 2625990.463
local_termination_time: 756507.7452799992
node_cons: 54009.35242558356
tot_aggregated_send: 36540
tot_msg_rcv: 1115
tot_msg_sent: 2068
tot_reconf_duration: 15.34
tot_sleeping_duration: 2585670.4326000116
tot_uptimes: 673
tot_uptimes_duration: 40320.030399988405
