comms_cons: 260.87248638578734
finished_reconf: true
global_termination_time: 2623011.799
local_termination_time: 1952074.5735599985
node_cons: 53923.53154446654
tot_aggregated_send: 36772
tot_msg_rcv: 938
tot_msg_sent: 1941
tot_reconf_duration: 11.31
tot_sleeping_duration: 2582751.7746800096
tot_uptimes: 672
tot_uptimes_duration: 40260.02431999054
