comms_cons: 42.45557760106707
finished_reconf: true
global_termination_time: 412592.152
local_termination_time: 204086.4430400003
node_cons: 8444.179324485734
tot_aggregated_send: 5452
tot_msg_rcv: 364
tot_msg_sent: 637
tot_reconf_duration: 6.22
tot_sleeping_duration: 406292.1276799957
tot_uptimes: 106
tot_uptimes_duration: 6300.024320004275
