comms_cons: 55.44354559973835
finished_reconf: true
global_termination_time: 561615.325
local_termination_time: 235685.3506000001
node_cons: 11514.014600000031
tot_aggregated_send: 8004
tot_msg_rcv: 150
tot_msg_sent: 273
tot_reconf_duration: 18.700000000000003
tot_sleeping_duration: 553035.325
tot_uptimes: 144
tot_uptimes_duration: 8580.0
