comms_cons: 55.806502398799836
finished_reconf: true
global_termination_time: 564997.245
local_termination_time: 67090.05747999994
node_cons: 11573.11818224286
tot_aggregated_send: 8004
tot_msg_rcv: 128
tot_msg_sent: 348
tot_reconf_duration: 3.05
tot_sleeping_duration: 556357.2328399979
tot_uptimes: 145
tot_uptimes_duration: 8640.012160002138
