comms_cons: 55.777484799678895
finished_reconf: true
global_termination_time: 561611.845
local_termination_time: 340598.72800000047
node_cons: 11499.239559999947
tot_aggregated_send: 7946
tot_msg_rcv: 190
tot_msg_sent: 341
tot_reconf_duration: 7.819999999999999
tot_sleeping_duration: 553031.8450000001
tot_uptimes: 144
tot_uptimes_duration: 8579.999999999942
