comms_cons: 39.40940800015886
finished_reconf: true
global_termination_time: 399724.428
local_termination_time: 1570.2584800000002
node_cons: 8201.21198000001
tot_aggregated_send: 5800
tot_msg_rcv: 77
tot_msg_sent: 113
tot_reconf_duration: 4.8100000000000005
tot_sleeping_duration: 393604.428
tot_uptimes: 103
tot_uptimes_duration: 6120.0
