comms_cons: 39.55415040013841
finished_reconf: true
global_termination_time: 401386.36
local_termination_time: 49267.567360000015
node_cons: 8198.821900000014
tot_aggregated_send: 5684
tot_msg_rcv: 98
tot_msg_sent: 230
tot_reconf_duration: 3.05
tot_sleeping_duration: 395266.36
tot_uptimes: 103
tot_uptimes_duration: 6120.0
