comms_cons: 201.9877119990903
finished_reconf: true
global_termination_time: 2080240.963
local_termination_time: 1049575.79436
node_cons: 42749.408239999655
tot_aggregated_send: 30334
tot_msg_rcv: 137
tot_msg_sent: 229
tot_reconf_duration: 6.279999999999999
tot_sleeping_duration: 2048320.963
tot_uptimes: 533
tot_uptimes_duration: 31920.0
