comms_cons: 204.335699195167
finished_reconf: true
global_termination_time: 2079978.716
local_termination_time: 845649.0943599999
node_cons: 42758.764859999676
tot_aggregated_send: 29870
tot_msg_rcv: 424
tot_msg_sent: 763
tot_reconf_duration: 13.17
tot_sleeping_duration: 2048058.716
tot_uptimes: 533
tot_uptimes_duration: 31920.0
