comms_cons: 209.5049983798395
finished_reconf: true
global_termination_time: 2076795.41124
local_termination_time: 29704.832600000005
node_cons: 42705.86622846527
tot_aggregated_send: 28710
tot_msg_rcv: 1086
tot_msg_sent: 2047
tot_reconf_duration: 11.31
tot_sleeping_duration: 2044913.0309200108
tot_uptimes: 532
tot_uptimes_duration: 31882.380319989286
