comms_cons: 204.11967999837677
finished_reconf: true
global_termination_time: 2077476.98
local_termination_time: 372861.72448000003
node_cons: 42748.25393999961
tot_aggregated_send: 30218
tot_msg_rcv: 287
tot_msg_sent: 520
tot_reconf_duration: 5.43
tot_sleeping_duration: 2045556.98
tot_uptimes: 533
tot_uptimes_duration: 31920.0
