comms_cons: 484.61488647865974
finished_reconf: true
global_termination_time: 4846300.758
local_termination_time: 2018425.3075599996
node_cons: 99708.49640334866
tot_aggregated_send: 68208
tot_msg_rcv: 1679
tot_msg_sent: 3771
tot_reconf_duration: 4.8100000000000005
tot_sleeping_duration: 4771840.739760007
tot_uptimes: 1242
tot_uptimes_duration: 74460.0182399936
