comms_cons: 480.02190056834775
finished_reconf: true
global_termination_time: 992354.2527199998
local_termination_time: 992354.2115999998
node_cons: 60312.960709945546
tot_aggregated_send: 0
tot_msg_rcv: 29475
tot_msg_sent: 43484
tot_reconf_duration: 24.59
tot_sleeping_duration: 947335.9050800097
tot_uptimes: 734
tot_uptimes_duration: 45018.34763999
