comms_cons: 196.21969910452256
finished_reconf: true
global_termination_time: 992354.8527199998
local_termination_time: 131.54804000000019
node_cons: 20432.486780318097
tot_aggregated_send: 0
tot_msg_rcv: 15079
tot_msg_sent: 14742
tot_reconf_duration: 3.05
tot_sleeping_duration: 977098.4338400014
tot_uptimes: 255
tot_uptimes_duration: 15256.418879998557
