comms_cons: 42.745062400500295
finished_reconf: true
global_termination_time: 436849.413
local_termination_time: 356949.15880000027
node_cons: 8928.367701121451
tot_aggregated_send: 6148
tot_msg_rcv: 121
tot_msg_sent: 228
tot_reconf_duration: 7.819999999999999
tot_sleeping_duration: 430189.40691999893
tot_uptimes: 112
tot_uptimes_duration: 6660.006080001069
