comms_cons: 165.1313407903332
finished_reconf: true
global_termination_time: 1656896.10024
local_termination_time: 297167.0698000003
node_cons: 34107.96532382739
tot_aggregated_send: 23374
tot_msg_rcv: 628
tot_msg_sent: 1096
tot_reconf_duration: 18.21
tot_sleeping_duration: 1631441.8536800095
tot_uptimes: 425
tot_uptimes_duration: 25454.24655999057
