comms_cons: 163.2891647905042
finished_reconf: true
global_termination_time: 1658052.356
local_termination_time: 884041.5360000001
node_cons: 34074.78770111691
tot_aggregated_send: 22500
tot_msg_rcv: 868
tot_msg_sent: 1451
tot_reconf_duration: 7.819999999999999
tot_sleeping_duration: 1632612.3499200023
tot_uptimes: 425
tot_uptimes_duration: 25440.006079997635
