comms_cons: 13.87741440022517
finished_reconf: true
global_termination_time: 125282.006
local_termination_time: 95264.89003999955
node_cons: 2579.408239999999
tot_aggregated_send: 1276
tot_msg_rcv: 309
tot_msg_sent: 525
tot_reconf_duration: 6.279999999999999
tot_sleeping_duration: 123362.006
tot_uptimes: 33
tot_uptimes_duration: 1920.0
