comms_cons: 15.443263999924358
finished_reconf: true
global_termination_time: 127980.861
local_termination_time: 59859.254360000006
node_cons: 2601.6468411191436
tot_aggregated_send: 928
tot_msg_rcv: 550
tot_msg_sent: 871
tot_reconf_duration: 22.65
tot_sleeping_duration: 126060.85492000064
tot_uptimes: 33
tot_uptimes_duration: 1920.0060799993662
