comms_cons: 15.238054399773716
finished_reconf: true
global_termination_time: 125355.846
local_termination_time: 59851.51336000001
node_cons: 2579.3511833574557
tot_aggregated_send: 1102
tot_msg_rcv: 457
tot_msg_sent: 757
tot_reconf_duration: 6.22
tot_sleeping_duration: 123435.8277600019
tot_uptimes: 33
tot_uptimes_duration: 1920.0182399980986
