comms_cons: 100.86279681514495
finished_reconf: true
global_termination_time: 508647.84500000055
local_termination_time: 3552.3323600000003
node_cons: 10517.63932200075
tot_aggregated_send: 0
tot_msg_rcv: 7776
tot_msg_sent: 7552
tot_reconf_duration: 18.21
tot_sleeping_duration: 500811.467
tot_uptimes: 131
tot_uptimes_duration: 7836.37800000055
