comms_cons: 51.34968320094943
finished_reconf: true
global_termination_time: 508658.956
local_termination_time: 10930.6216
node_cons: 10454.843983362025
tot_aggregated_send: 6728
tot_msg_rcv: 323
tot_msg_sent: 753
tot_reconf_duration: 7.819999999999999
tot_sleeping_duration: 500858.9377599985
tot_uptimes: 131
tot_uptimes_duration: 7800.018240001504
