comms_cons: 50.251929600529245
finished_reconf: true
global_termination_time: 509272.938
local_termination_time: 409581.99048000097
node_cons: 10470.365352721328
tot_aggregated_send: 7134
tot_msg_rcv: 172
tot_msg_sent: 332
tot_reconf_duration: 11.31
tot_sleeping_duration: 501464.86751999904
tot_uptimes: 131
tot_uptimes_duration: 7808.070480000984
