comms_cons: 50.91190400124351
finished_reconf: true
global_termination_time: 502243.561
local_termination_time: 205519.99599999998
node_cons: 10314.294982242865
tot_aggregated_send: 6784
tot_msg_rcv: 335
tot_msg_sent: 619
tot_reconf_duration: 22.65
tot_sleeping_duration: 494563.54883999785
tot_uptimes: 129
tot_uptimes_duration: 7680.0121600021375
