comms_cons: 52.061209601521995
finished_reconf: true
global_termination_time: 501142.853
local_termination_time: 160201.39260000008
node_cons: 10308.947164485751
tot_aggregated_send: 6554
tot_msg_rcv: 502
tot_msg_sent: 857
tot_reconf_duration: 18.700000000000003
tot_sleeping_duration: 493462.8286799957
tot_uptimes: 129
tot_uptimes_duration: 7680.024320004275
