comms_cons: 49.85717760014452
finished_reconf: true
global_termination_time: 500967.383
local_termination_time: 115956.41683999966
node_cons: 10298.39010000001
tot_aggregated_send: 7076
tot_msg_rcv: 164
tot_msg_sent: 338
tot_reconf_duration: 10.95
tot_sleeping_duration: 493287.383
tot_uptimes: 129
tot_uptimes_duration: 7680.0
