comms_cons: 51.67937920107464
finished_reconf: true
global_termination_time: 501991.963
local_termination_time: 136200.22400000002
node_cons: 10290.060121121462
tot_aggregated_send: 6606
tot_msg_rcv: 434
tot_msg_sent: 815
tot_reconf_duration: 4.8100000000000005
tot_sleeping_duration: 494311.9569199989
tot_uptimes: 129
tot_uptimes_duration: 7680.006080001069
