comms_cons: 52.37105920171168
finished_reconf: true
global_termination_time: 498189.725
local_termination_time: 64393.20636000002
node_cons: 10209.157902242883
tot_aggregated_send: 6438
tot_msg_rcv: 595
tot_msg_sent: 928
tot_reconf_duration: 4.390000000000001
tot_sleeping_duration: 490569.71283999784
tot_uptimes: 128
tot_uptimes_duration: 7620.0121600021375
