comms_cons: 14.51371520011027
finished_reconf: true
global_termination_time: 144882.977
local_termination_time: 79191.73247999996
node_cons: 2997.3173211214407
tot_aggregated_send: 2030
tot_msg_rcv: 76
tot_msg_sent: 100
tot_reconf_duration: 18.21
tot_sleeping_duration: 142662.97091999894
tot_uptimes: 38
tot_uptimes_duration: 2220.0060800010688
