comms_cons: 421.9870400115615
finished_reconf: true
global_termination_time: 4250816.889
local_termination_time: 1722698.999359998
node_cons: 87418.85210750264
tot_aggregated_send: 59044
tot_msg_rcv: 1762
tot_msg_sent: 3333
tot_reconf_duration: 5.43
tot_sleeping_duration: 4185535.725320012
tot_uptimes: 1089
tot_uptimes_duration: 65281.16367998882
