comms_cons: 16.934860799957132
finished_reconf: true
global_termination_time: 14636.334240000002
local_termination_time: 2918.1689600000022
node_cons: 2452.7653027200213
tot_aggregated_send: 0
tot_msg_rcv: 1240
tot_msg_sent: 1333
tot_reconf_duration: 18.21
tot_sleeping_duration: 12823.013759999985
tot_uptimes: 29
tot_uptimes_duration: 1813.3204800000158
