comms_cons: 15.27752959995965
finished_reconf: true
global_termination_time: 12496.600360000008
local_termination_time: 3303.6630400000013
node_cons: 2108.0063312800203
tot_aggregated_send: 0
tot_msg_rcv: 1069
tot_msg_sent: 1253
tot_reconf_duration: 18.21
tot_sleeping_duration: 10940.754839999992
tot_uptimes: 24
tot_uptimes_duration: 1555.8455200000153
