comms_cons: 2.2895615999945456
finished_reconf: true
global_termination_time: 13991.51
local_termination_time: 6563.81436
node_cons: 245.16189999999781
tot_aggregated_send: 0
tot_msg_rcv: 175
tot_msg_sent: 172
tot_reconf_duration: 3.05
tot_sleeping_duration: 13811.51
tot_uptimes: 4
tot_uptimes_duration: 180.0
