comms_cons: 131.99324798101378
finished_reconf: true
global_termination_time: 744495.61724
local_termination_time: 157885.36636000004
node_cons: 15290.183700481493
tot_aggregated_send: 0
tot_msg_rcv: 10141
tot_msg_sent: 9920
tot_reconf_duration: 4.8100000000000005
tot_sleeping_duration: 733081.388919999
tot_uptimes: 191
tot_uptimes_duration: 11414.2283200011
