comms_cons: 75.18709760023427
finished_reconf: true
global_termination_time: 744987.98
local_termination_time: 249196.22636000003
node_cons: 15275.219559999994
tot_aggregated_send: 10150
tot_msg_rcv: 415
tot_msg_sent: 863
tot_reconf_duration: 7.819999999999999
tot_sleeping_duration: 733587.98
tot_uptimes: 191
tot_uptimes_duration: 11400.0
