comms_cons: 133.59116158145912
finished_reconf: true
global_termination_time: 747259.567
local_termination_time: 161722.36936000007
node_cons: 15353.394901121454
tot_aggregated_send: 0
tot_msg_rcv: 10385
tot_msg_sent: 9918
tot_reconf_duration: 6.22
tot_sleeping_duration: 735799.560919999
tot_uptimes: 192
tot_uptimes_duration: 11460.006080001069
