comms_cons: 0.6973951999996275
finished_reconf: true
global_termination_time: 4016.521
local_termination_time: 352.52735999999993
node_cons: 98.22486000000004
tot_aggregated_send: 0
tot_msg_rcv: 59
tot_msg_sent: 46
tot_reconf_duration: 13.17
tot_sleeping_duration: 3956.521
tot_uptimes: 2
tot_uptimes_duration: 60.0
