comms_cons: 18.172377599954658
finished_reconf: true
global_termination_time: 14799.393240000003
local_termination_time: 958.0204799999984
node_cons: 2684.589372080038
tot_aggregated_send: 0
tot_msg_rcv: 1315
tot_msg_sent: 1447
tot_reconf_duration: 18.21
tot_sleeping_duration: 12812.940519999975
tot_uptimes: 32
tot_uptimes_duration: 1986.4527200000286
