comms_cons: 2.2829823999966767
finished_reconf: true
global_termination_time: 15720.682
local_termination_time: 7824.787360000001
node_cons: 331.9795600000009
tot_aggregated_send: 0
tot_msg_rcv: 178
tot_msg_sent: 169
tot_reconf_duration: 7.819999999999999
tot_sleeping_duration: 15480.682
tot_uptimes: 5
tot_uptimes_duration: 240.0
