comms_cons: 356.27098211422845
finished_reconf: true
global_termination_time: 1977528.669
local_termination_time: 890672.4843599999
node_cons: 40682.839405583894
tot_aggregated_send: 0
tot_msg_rcv: 27613
tot_msg_sent: 26538
tot_reconf_duration: 22.65
tot_sleeping_duration: 1947168.6386000118
tot_uptimes: 507
tot_uptimes_duration: 30360.030399988173
