comms_cons: 26.928665600626797
finished_reconf: true
global_termination_time: 268311.847
local_termination_time: 184529.37784000058
node_cons: 5493.886841121428
tot_aggregated_send: 3538
tot_msg_rcv: 169
tot_msg_sent: 386
tot_reconf_duration: 22.65
tot_sleeping_duration: 264231.84091999894
tot_uptimes: 69
tot_uptimes_duration: 4080.0060800010688
