comms_cons: 27.928704000423945
finished_reconf: true
global_termination_time: 266138.583
local_termination_time: 17110.540080000002
node_cons: 5473.763983362017
tot_aggregated_send: 3422
tot_msg_rcv: 302
tot_msg_sent: 521
tot_reconf_duration: 7.819999999999999
tot_sleeping_duration: 262058.56475999847
tot_uptimes: 69
tot_uptimes_duration: 4080.0182400015037
