comms_cons: 116.03077119374302
finished_reconf: true
global_termination_time: 1204288.139
local_termination_time: 6991.008
node_cons: 24761.3690455888
tot_aggregated_send: 16285
tot_msg_rcv: 465
tot_msg_sent: 886
tot_reconf_duration: 12.23
tot_sleeping_duration: 1185808.1086000083
tot_uptimes: 309
tot_uptimes_duration: 18480.030399991607
