comms_cons: 116.11630079423354
finished_reconf: true
global_termination_time: 1202929.131
local_termination_time: 6655.026
node_cons: 24753.533385593397
tot_aggregated_send: 16233
tot_msg_rcv: 476
tot_msg_sent: 940
tot_reconf_duration: 6.46
tot_sleeping_duration: 1184449.1006000051
tot_uptimes: 309
tot_uptimes_duration: 18480.03039999504
