comms_cons: 260.8868160041349
finished_reconf: true
global_termination_time: 2619198.616
local_termination_time: 407691.8
node_cons: 53852.59430894335
tot_aggregated_send: 36754
tot_msg_rcv: 1028
tot_msg_sent: 1871
tot_reconf_duration: 18.21
tot_sleeping_duration: 2578998.567360012
tot_uptimes: 671
tot_uptimes_duration: 40200.04863998818
