comms_cons: 267.3877696025073
finished_reconf: true
global_termination_time: 2615885.585
local_termination_time: 397767.3663600001
node_cons: 53858.68081676547
tot_aggregated_send: 34742
tot_msg_rcv: 1955
tot_msg_sent: 3942
tot_reconf_duration: 22.65
tot_sleeping_duration: 2575685.493800025
tot_uptimes: 670
tot_uptimes_duration: 40200.09119997482
