comms_cons: 260.08360959711854
finished_reconf: true
global_termination_time: 2615857.71648
local_termination_time: 2615857.6753599998
node_cons: 53799.22794207373
tot_aggregated_send: 37454
tot_msg_rcv: 733
tot_msg_sent: 1345
tot_reconf_duration: 24.59
tot_sleeping_duration: 2575703.9937600037
tot_uptimes: 670
tot_uptimes_duration: 40153.72271999618
