comms_cons: 2.5461503999958066
finished_reconf: true
global_termination_time: 16047.769
local_termination_time: 7345.91448
node_cons: 342.19986112000765
tot_aggregated_send: 0
tot_msg_rcv: 224
tot_msg_sent: 163
tot_reconf_duration: 15.34
tot_sleeping_duration: 15807.762919999996
tot_uptimes: 5
tot_uptimes_duration: 240.00608000000466
