comms_cons: 81.68522879924521
finished_reconf: true
global_termination_time: 830122.044
local_termination_time: 494561.14536000055
node_cons: 17052.91172000006
tot_aggregated_send: 11890
tot_msg_rcv: 132
tot_msg_sent: 393
tot_reconf_duration: 15.34
tot_sleeping_duration: 817402.044
tot_uptimes: 213
tot_uptimes_duration: 12720.0
