comms_cons: 163.59031674522421
finished_reconf: true
global_termination_time: 828256.8135999999
local_termination_time: 801.4895999999999
node_cons: 17083.416130640464
tot_aggregated_send: 0
tot_msg_rcv: 12568
tot_msg_sent: 12295
tot_reconf_duration: 22.65
tot_sleeping_duration: 815521.4458399995
tot_uptimes: 213
tot_uptimes_duration: 12735.367760000328
