comms_cons: 83.64262399743134
finished_reconf: true
global_termination_time: 830296.674
local_termination_time: 256082.53160000007
node_cons: 17038.636403355118
tot_aggregated_send: 11426
tot_msg_rcv: 412
tot_msg_sent: 876
tot_reconf_duration: 4.8100000000000005
tot_sleeping_duration: 817576.6557600037
tot_uptimes: 213
tot_uptimes_duration: 12720.018239996338
