comms_cons: 83.96714879674657
finished_reconf: true
global_termination_time: 828256.4137999995
local_termination_time: 61797.9032400001
node_cons: 17072.22621743303
tot_aggregated_send: 11368
tot_msg_rcv: 446
tot_msg_sent: 949
tot_reconf_duration: 3.05
tot_sleeping_duration: 815509.5248400047
tot_uptimes: 213
tot_uptimes_duration: 12746.888959994776
