comms_cons: 93.1351551996245
finished_reconf: true
global_termination_time: 939094.1370000001
local_termination_time: 230578.61852000037
node_cons: 19297.937833364405
tot_aggregated_send: 13108
tot_msg_rcv: 407
tot_msg_sent: 641
tot_reconf_duration: 3.05
tot_sleeping_duration: 924685.0287599968
tot_uptimes: 241
tot_uptimes_duration: 14409.108240003283
