comms_cons: 95.22984959744433
finished_reconf: true
global_termination_time: 942907.149
local_termination_time: 267184.83836000005
node_cons: 19372.592124481165
tot_aggregated_send: 12586
tot_msg_rcv: 735
tot_msg_sent: 1155
tot_reconf_duration: 7.819999999999999
tot_sleeping_duration: 928447.1246799991
tot_uptimes: 242
tot_uptimes_duration: 14460.02432000084
