comms_cons: 35.10003200043435
finished_reconf: true
global_termination_time: 354101.9710400008
local_termination_time: 354101.9299200008
node_cons: 7335.826606561048
tot_aggregated_send: 5032
tot_msg_rcv: 84
tot_msg_sent: 218
tot_reconf_duration: 24.59
tot_sleeping_duration: 348648.324
tot_uptimes: 91
tot_uptimes_duration: 5453.647040000767
