comms_cons: 34.06612480010136
finished_reconf: true
global_termination_time: 354886.084
local_termination_time: 227294.17936000004
node_cons: 7261.366841121432
tot_aggregated_send: 4988
tot_msg_rcv: 31
tot_msg_sent: 158
tot_reconf_duration: 22.65
tot_sleeping_duration: 349486.0779199989
tot_uptimes: 91
tot_uptimes_duration: 5400.006080001069
