comms_cons: 68.60335360785405
finished_reconf: true
global_termination_time: 354101.93224000017
local_termination_time: 179804.4620000009
node_cons: 7256.175559360204
tot_aggregated_send: 0
tot_msg_rcv: 5261
tot_msg_sent: 5165
tot_reconf_duration: 4.8100000000000005
tot_sleeping_duration: 348687.71
tot_uptimes: 91
tot_uptimes_duration: 5414.222240000148
