comms_cons: 299.5880576342384
finished_reconf: true
global_termination_time: 354102.86000000016
local_termination_time: 179808.20536000098
node_cons: 34975.20340540884
tot_aggregated_send: 0
tot_msg_rcv: 20649
tot_msg_sent: 24886
tot_reconf_duration: 4.390000000000001
tot_sleeping_duration: 327986.92139999353
tot_uptimes: 423
tot_uptimes_duration: 26115.938600006615
