comms_cons: 2321.978247121925
finished_reconf: true
global_termination_time: 7960486.891439999
local_termination_time: 7960486.850319999
node_cons: 325278.0014051656
tot_aggregated_send: 0
tot_msg_rcv: 118208
tot_msg_sent: 234721
tot_reconf_duration: 37.410000000000004
tot_sleeping_duration: 7717598.767000002
tot_uptimes: 4021
tot_uptimes_duration: 242888.12443999696
