comms_cons: 792.6503233797648
finished_reconf: true
global_termination_time: 7960852.98
local_termination_time: 2366746.84436
node_cons: 163741.50597765454
tot_aggregated_send: 110432
tot_msg_rcv: 3425
tot_msg_sent: 6619
tot_reconf_duration: 6.279999999999999
tot_sleeping_duration: 7838572.936880016
tot_uptimes: 2039
tot_uptimes_duration: 122280.04311998491
