comms_cons: 775.3158401177916
finished_reconf: true
global_termination_time: 7963048.449
local_termination_time: 4831162.86436
node_cons: 163826.08492446283
tot_aggregated_send: 110374
tot_msg_rcv: 2569
tot_msg_sent: 4901
tot_reconf_duration: 9.42
tot_sleeping_duration: 7840708.424680009
tot_uptimes: 2040
tot_uptimes_duration: 122340.02431999147
