comms_cons: 805.2559361762533
finished_reconf: true
global_termination_time: 7960610.646
local_termination_time: 451833.25536000007
node_cons: 163739.55781451537
tot_aggregated_send: 111012
tot_msg_rcv: 4288
tot_msg_sent: 7095
tot_reconf_duration: 4.8100000000000005
tot_sleeping_duration: 7838330.566960029
tot_uptimes: 2039
tot_uptimes_duration: 122280.07903997088
