comms_cons: 794.2211137754279
finished_reconf: true
global_termination_time: 7960971.783
local_termination_time: 1684419.60436
node_cons: 163748.3522500478
tot_aggregated_send: 111186
tot_msg_rcv: 3176
tot_msg_sent: 6353
tot_reconf_duration: 11.31
tot_sleeping_duration: 7838691.728280019
tot_uptimes: 2039
tot_uptimes_duration: 122280.05471998012
