comms_cons: 60.43348480280255
finished_reconf: true
global_termination_time: 579204.19
local_termination_time: 4431.310120000002
node_cons: 11915.18923942073
tot_aggregated_send: 5510
tot_msg_rcv: 1249
tot_msg_sent: 2428
tot_reconf_duration: 18.21
tot_sleeping_duration: 570324.0853999845
tot_uptimes: 149
tot_uptimes_duration: 8880.104600015475
