comms_cons: 0.9079295999991135
finished_reconf: true
global_termination_time: 9048.087
local_termination_time: 7168.332360000001
node_cons: 171.29956000000084
tot_aggregated_send: 0
tot_msg_rcv: 73
tot_msg_sent: 65
tot_reconf_duration: 7.819999999999999
tot_sleeping_duration: 8928.087
tot_uptimes: 3
tot_uptimes_duration: 120.0
