comms_cons: 1.4803199999951098
finished_reconf: true
global_termination_time: 11020.109
local_termination_time: 3228.34648
node_cons: 176.03897999999992
tot_aggregated_send: 0
tot_msg_rcv: 118
tot_msg_sent: 106
tot_reconf_duration: 11.31
tot_sleeping_duration: 10900.109
tot_uptimes: 3
tot_uptimes_duration: 120.0
