comms_cons: 95.46419199781981
finished_reconf: true
global_termination_time: 964728.805
local_termination_time: 692165.4673599999
node_cons: 19849.94162000005
tot_aggregated_send: 13398
tot_msg_rcv: 300
tot_msg_sent: 812
tot_reconf_duration: 4.390000000000001
tot_sleeping_duration: 949908.805
tot_uptimes: 248
tot_uptimes_duration: 14820.0
