comms_cons: 268.2370687952622
finished_reconf: true
global_termination_time: 2688425.372
local_termination_time: 1626950.6074799998
node_cons: 55280.853941115725
tot_aggregated_send: 38106
tot_msg_rcv: 870
tot_msg_sent: 1794
tot_reconf_duration: 5.1
tot_sleeping_duration: 2647145.365920002
tot_uptimes: 689
tot_uptimes_duration: 41280.006079997635
