comms_cons: 266.4049663973596
finished_reconf: true
global_termination_time: 2686081.386
local_termination_time: 1726660.9563599997
node_cons: 55211.46485999898
tot_aggregated_send: 38686
tot_msg_rcv: 658
tot_msg_sent: 1148
tot_reconf_duration: 13.17
tot_sleeping_duration: 2644861.386
tot_uptimes: 688
tot_uptimes_duration: 41220.0
