comms_cons: 265.8786303973513
finished_reconf: true
global_termination_time: 2685172.473
local_termination_time: 1252535.6743199995
node_cons: 55214.0993799989
tot_aggregated_send: 38512
tot_msg_rcv: 632
tot_msg_sent: 1268
tot_reconf_duration: 15.110000000000001
tot_sleeping_duration: 2643952.473
tot_uptimes: 688
tot_uptimes_duration: 41220.0
