comms_cons: 265.87438081016364
finished_reconf: true
global_termination_time: 2684220.164
local_termination_time: 1752503.8523600001
node_cons: 55299.314599999336
tot_aggregated_send: 38802
tot_msg_rcv: 579
tot_msg_sent: 1030
tot_reconf_duration: 18.700000000000003
tot_sleeping_duration: 2642940.164
tot_uptimes: 688
tot_uptimes_duration: 41280.0
