comms_cons: 271.55865600163037
finished_reconf: true
global_termination_time: 2685707.573
local_termination_time: 827240.9507999984
node_cons: 55199.65559563539
tot_aggregated_send: 36308
tot_msg_rcv: 1740
tot_msg_sent: 3229
tot_reconf_duration: 4.390000000000001
tot_sleeping_duration: 2644487.4878800325
tot_uptimes: 688
tot_uptimes_duration: 41220.08511996735
