comms_cons: 276.3881407898252
finished_reconf: true
global_termination_time: 2684197.278
local_termination_time: 1040978.5141999987
node_cons: 55197.8358756359
tot_aggregated_send: 35206
tot_msg_rcv: 2393
tot_msg_sent: 4411
tot_reconf_duration: 3.05
tot_sleeping_duration: 2642977.192880032
tot_uptimes: 688
tot_uptimes_duration: 41220.0851199677
