comms_cons: 275.6537216090856
finished_reconf: true
global_termination_time: 2688366.546
local_termination_time: 1672289.7125999997
node_cons: 55282.42374781687
tot_aggregated_send: 35786
tot_msg_rcv: 2207
tot_msg_sent: 3905
tot_reconf_duration: 6.22
tot_sleeping_duration: 2647086.503440017
tot_uptimes: 689
tot_uptimes_duration: 41280.04255998344
