comms_cons: 43.302272000263144
finished_reconf: true
global_termination_time: 438089.313
local_termination_time: 82358.01235999996
node_cons: 9015.231539999997
tot_aggregated_send: 6322
tot_msg_rcv: 97
tot_msg_sent: 163
tot_reconf_duration: 12.629999999999999
tot_sleeping_duration: 431369.313
tot_uptimes: 113
tot_uptimes_duration: 6720.0
