comms_cons: 2.2698239999967202
finished_reconf: true
global_termination_time: 12382.079
local_termination_time: 6253.131360000001
node_cons: 249.54823999999968
tot_aggregated_send: 0
tot_msg_rcv: 176
tot_msg_sent: 169
tot_reconf_duration: 6.279999999999999
tot_sleeping_duration: 12202.079000000002
tot_uptimes: 4
tot_uptimes_duration: 179.9999999999991
