comms_cons: 1.4980351999986599
finished_reconf: true
global_termination_time: 14632.278
local_termination_time: 5613.303360000001
node_cons: 258.17154000000016
tot_aggregated_send: 0
tot_msg_rcv: 121
tot_msg_sent: 107
tot_reconf_duration: 12.629999999999999
tot_sleeping_duration: 14452.278
tot_uptimes: 4
tot_uptimes_duration: 180.0
