comms_cons: 249.75959038849973
finished_reconf: true
global_termination_time: 2518017.884
local_termination_time: 409079.788
node_cons: 51748.77531511115
tot_aggregated_send: 35319
tot_msg_rcv: 894
tot_msg_sent: 1749
tot_reconf_duration: 4.8100000000000005
tot_sleeping_duration: 2479375.431920006
tot_uptimes: 645
tot_uptimes_duration: 38642.452079993964
