comms_cons: 243.8317311887248
finished_reconf: true
global_termination_time: 2515293.515
local_termination_time: 1277444.399
node_cons: 51750.640904950116
tot_aggregated_send: 34912
tot_msg_rcv: 695
tot_msg_sent: 1454
tot_reconf_duration: 7.819999999999999
tot_sleeping_duration: 2476652.722360007
tot_uptimes: 645
tot_uptimes_duration: 38640.79263999313
