comms_cons: 323.90842882216833
finished_reconf: true
global_termination_time: 3224811.293
local_termination_time: 50110.908160000065
node_cons: 66305.30245005041
tot_aggregated_send: 45298
tot_msg_rcv: 1388
tot_msg_sent: 2548
tot_reconf_duration: 18.21
tot_sleeping_duration: 3175311.238280021
tot_uptimes: 826
tot_uptimes_duration: 49500.05471997894
