comms_cons: 319.6833280248515
finished_reconf: true
global_termination_time: 3220623.165
local_termination_time: 2713150.1563600004
node_cons: 66207.74848334983
tot_aggregated_send: 45182
tot_msg_rcv: 1193
tot_msg_sent: 2215
tot_reconf_duration: 5.57
tot_sleeping_duration: 3171183.146760007
tot_uptimes: 825
tot_uptimes_duration: 49440.01823999314
