comms_cons: 319.6833280191256
finished_reconf: true
global_termination_time: 3224976.179
local_termination_time: 2523439.0717599983
node_cons: 66287.4420822324
tot_aggregated_send: 45240
tot_msg_rcv: 1093
tot_msg_sent: 2257
tot_reconf_duration: 5.1
tot_sleeping_duration: 3175476.1668400047
tot_uptimes: 826
tot_uptimes_duration: 49500.01215999527
