comms_cons: 319.96510079043185
finished_reconf: true
global_termination_time: 3223468.551
local_termination_time: 1296063.7989599998
node_cons: 66292.91208558354
tot_aggregated_send: 45240
tot_msg_rcv: 1236
tot_msg_sent: 2156
tot_reconf_duration: 9.11
tot_sleeping_duration: 3173968.5206000116
tot_uptimes: 826
tot_uptimes_duration: 49500.03039998864
