comms_cons: 325.039372838611
finished_reconf: true
global_termination_time: 3221683.006
local_termination_time: 576348.0333599999
node_cons: 66311.34011116823
tot_aggregated_send: 44776
tot_msg_rcv: 1563
tot_msg_sent: 3064
tot_reconf_duration: 22.65
tot_sleeping_duration: 3172182.945200023
tot_uptimes: 826
tot_uptimes_duration: 49500.06079997728
