comms_cons: 326.8802880436433
finished_reconf: true
global_termination_time: 3223548.987
local_termination_time: 699048.1064399986
node_cons: 66287.08896781746
tot_aggregated_send: 44486
tot_msg_rcv: 1828
tot_msg_sent: 3369
tot_reconf_duration: 4.8100000000000005
tot_sleeping_duration: 3174048.944440016
tot_uptimes: 826
tot_uptimes_duration: 49500.04255998414
