comms_cons: 483.458220843626
finished_reconf: true
global_termination_time: 4930723.519
local_termination_time: 1450212.5647999994
node_cons: 101397.63266334824
tot_aggregated_send: 69136
tot_msg_rcv: 1480
tot_msg_sent: 2867
tot_reconf_duration: 6.279999999999999
tot_sleeping_duration: 4855003.500760007
tot_uptimes: 1263
tot_uptimes_duration: 75720.01823999337
