comms_cons: 489.9077120524006
finished_reconf: true
global_termination_time: 4929998.945
local_termination_time: 1320191.7435599994
node_cons: 101477.91560669895
tot_aggregated_send: 69194
tot_msg_rcv: 1803
tot_msg_sent: 3465
tot_reconf_duration: 6.22
tot_sleeping_duration: 4854218.908520013
tot_uptimes: 1263
tot_uptimes_duration: 75780.0364799865
