comms_cons: 487.5252992659772
finished_reconf: true
global_termination_time: 4930303.413
local_termination_time: 1377309.5291999998
node_cons: 101404.48782669909
tot_aggregated_send: 68846
tot_msg_rcv: 1834
tot_msg_sent: 3421
tot_reconf_duration: 11.31
tot_sleeping_duration: 4854583.376520013
tot_uptimes: 1263
tot_uptimes_duration: 75720.0364799865
