comms_cons: 172.78952959362556
finished_reconf: true
global_termination_time: 1735643.786
local_termination_time: 869989.3910799996
node_cons: 35695.68917999987
tot_aggregated_send: 24708
tot_msg_rcv: 528
tot_msg_sent: 1027
tot_reconf_duration: 18.21
tot_sleeping_duration: 1709003.786
tot_uptimes: 445
tot_uptimes_duration: 26640.0
