comms_cons: 175.87628798673677
finished_reconf: true
global_termination_time: 1735997.169
local_termination_time: 854418.8305999998
node_cons: 35701.72684111679
tot_aggregated_send: 23954
tot_msg_rcv: 996
tot_msg_sent: 1782
tot_reconf_duration: 22.65
tot_sleeping_duration: 1709357.1629200024
tot_uptimes: 445
tot_uptimes_duration: 26640.006079997635
