comms_cons: 41.47527680005734
finished_reconf: true
global_termination_time: 424352.3069600002
local_termination_time: 424338.97136
node_cons: 8767.032817440275
tot_aggregated_send: 6264
tot_msg_rcv: 32
tot_msg_sent: 8
tot_reconf_duration: 25.299999999999997
tot_sleeping_duration: 417830.518
tot_uptimes: 109
tot_uptimes_duration: 6521.788960000209
