comms_cons: 136.1900671976091
finished_reconf: true
global_termination_time: 1393578.653
local_termination_time: 898206.4711999986
node_cons: 28605.181900000105
tot_aggregated_send: 19662
tot_msg_rcv: 281
tot_msg_sent: 758
tot_reconf_duration: 3.05
tot_sleeping_duration: 1372218.653
tot_uptimes: 357
tot_uptimes_duration: 21360.0
