comms_cons: 138.85367039031001
finished_reconf: true
global_termination_time: 1389427.88512
local_termination_time: 12410.563800000004
node_cons: 28550.85634191384
tot_aggregated_send: 19314
tot_msg_rcv: 570
tot_msg_sent: 1220
tot_reconf_duration: 6.22
tot_sleeping_duration: 1368111.6718400046
tot_uptimes: 356
tot_uptimes_duration: 21316.21327999537
