comms_cons: 47.10707200016195
finished_reconf: true
global_termination_time: 493155.45
local_termination_time: 332957.52400000085
node_cons: 10128.801619999953
tot_aggregated_send: 6844
tot_msg_rcv: 87
tot_msg_sent: 229
tot_reconf_duration: 4.390000000000001
tot_sleeping_duration: 485595.45
tot_uptimes: 127
tot_uptimes_duration: 7560.0
