comms_cons: 51.95303680107348
finished_reconf: true
global_termination_time: 505594.007
local_termination_time: 234603.52736000007
node_cons: 10370.432685607202
tot_aggregated_send: 6786
tot_msg_rcv: 412
tot_msg_sent: 698
tot_reconf_duration: 4.8100000000000005
tot_sleeping_duration: 497853.97659999464
tot_uptimes: 130
tot_uptimes_duration: 7740.030400005373
