comms_cons: 36.98168320055612
finished_reconf: true
global_termination_time: 367475.78440000094
local_termination_time: 363981.24536000006
node_cons: 7662.282615601292
tot_aggregated_send: 5162
tot_msg_rcv: 145
tot_msg_sent: 314
tot_reconf_duration: 22.65
tot_sleeping_duration: 361776.364
tot_uptimes: 95
tot_uptimes_duration: 5699.420400000934
