comms_cons: 147.56975999744236
finished_reconf: true
global_termination_time: 1549508.643
local_termination_time: 502062.1783600001
node_cons: 31818.790041116947
tot_aggregated_send: 21344
tot_msg_rcv: 321
tot_msg_sent: 764
tot_reconf_duration: 3.05
tot_sleeping_duration: 1525748.6369200023
tot_uptimes: 397
tot_uptimes_duration: 23760.006079997635
