comms_cons: 32.4551936001639
finished_reconf: true
global_termination_time: 329335.85
local_termination_time: 24295.138000000006
node_cons: 6752.7426400000095
tot_aggregated_send: 4640
tot_msg_rcv: 63
tot_msg_sent: 230
tot_reconf_duration: 3.08
tot_sleeping_duration: 324295.85
tot_uptimes: 85
tot_uptimes_duration: 5040.0
