comms_cons: 65.27882240709039
finished_reconf: true
global_termination_time: 331518.019
local_termination_time: 2610.9095200000015
node_cons: 6779.351264483451
tot_aggregated_send: 0
tot_msg_rcv: 5064
tot_msg_sent: 4858
tot_reconf_duration: 22.65
tot_sleeping_duration: 326477.9946799974
tot_uptimes: 85
tot_uptimes_duration: 5040.0243200025725
