comms_cons: 110.43187199968567
finished_reconf: true
global_termination_time: 1147291.64
local_termination_time: 394700.290240001
node_cons: 23543.7619000001
tot_aggregated_send: 16530
tot_msg_rcv: 81
tot_msg_sent: 174
tot_reconf_duration: 3.05
tot_sleeping_duration: 1129711.64
tot_uptimes: 294
tot_uptimes_duration: 17580.0
