comms_cons: 112.66879999752874
finished_reconf: true
global_termination_time: 1148238.324
local_termination_time: 373346.3852000002
node_cons: 23630.579560000046
tot_aggregated_send: 16588
tot_msg_rcv: 193
tot_msg_sent: 344
tot_reconf_duration: 7.819999999999999
tot_sleeping_duration: 1130598.324
tot_uptimes: 295
tot_uptimes_duration: 17640.0
