comms_cons: 112.88654079900708
finished_reconf: true
global_termination_time: 1149413.82
local_termination_time: 217070.03736000005
node_cons: 23635.318980000033
tot_aggregated_send: 16472
tot_msg_rcv: 288
tot_msg_sent: 398
tot_reconf_duration: 11.31
tot_sleeping_duration: 1131773.82
tot_uptimes: 295
tot_uptimes_duration: 17640.0
