comms_cons: 145.93138554910576
finished_reconf: true
global_termination_time: 1092045.67624
local_termination_time: 39484.37148000001
node_cons: 22459.153790968438
tot_aggregated_send: 5858
tot_msg_rcv: 6415
tot_msg_sent: 9920
tot_reconf_duration: 18.21
tot_sleeping_duration: 1075291.0648800533
tot_uptimes: 280
tot_uptimes_duration: 16754.611359946553
