comms_cons: 108.08309759842216
finished_reconf: true
global_termination_time: 1092711.302
local_termination_time: 152586.66788000043
node_cons: 22427.652360000015
tot_aggregated_send: 15660
tot_msg_rcv: 254
tot_msg_sent: 514
tot_reconf_duration: 9.42
tot_sleeping_duration: 1075971.302
tot_uptimes: 280
tot_uptimes_duration: 16740.0
