comms_cons: 106.20663039916172
finished_reconf: true
global_termination_time: 1096261.362
local_termination_time: 976383.4433599999
node_cons: 22512.35154000004
tot_aggregated_send: 15950
tot_msg_rcv: 56
tot_msg_sent: 137
tot_reconf_duration: 12.629999999999999
tot_sleeping_duration: 1079461.362
tot_uptimes: 281
tot_uptimes_duration: 16800.0
