comms_cons: 108.31399679586923
finished_reconf: true
global_termination_time: 1093495.151
local_termination_time: 540956.2866799984
node_cons: 22508.277540000043
tot_aggregated_send: 15718
tot_msg_rcv: 232
tot_msg_sent: 513
tot_reconf_duration: 9.629999999999999
tot_sleeping_duration: 1076695.151
tot_uptimes: 281
tot_uptimes_duration: 16800.0
