comms_cons: 108.96000639689748
finished_reconf: true
global_termination_time: 1094193.006
local_termination_time: 113740.95135999996
node_cons: 22503.646760000036
tot_aggregated_send: 15486
tot_msg_rcv: 326
tot_msg_sent: 749
tot_reconf_duration: 6.22
tot_sleeping_duration: 1077393.006
tot_uptimes: 281
tot_uptimes_duration: 16800.0
