comms_cons: 109.58566399545467
finished_reconf: true
global_termination_time: 1096080.072
local_termination_time: 44475.34036000001
node_cons: 22516.031720000028
tot_aggregated_send: 15428
tot_msg_rcv: 460
tot_msg_sent: 769
tot_reconf_duration: 15.34
tot_sleeping_duration: 1079280.072
tot_uptimes: 281
tot_uptimes_duration: 16800.0
