comms_cons: 21.705408000251605
finished_reconf: true
global_termination_time: 214468.35
local_termination_time: 44872.459760000085
node_cons: 4351.160501121434
tot_aggregated_send: 2842
tot_msg_rcv: 174
tot_msg_sent: 283
tot_reconf_duration: 9.42
tot_sleeping_duration: 211228.34391999894
tot_uptimes: 55
tot_uptimes_duration: 3240.0060800010706
