comms_cons: 21.69945599988527
finished_reconf: true
global_termination_time: 213490.911
local_termination_time: 118902.71923999971
node_cons: 4363.770882241456
tot_aggregated_send: 2784
tot_msg_rcv: 180
tot_msg_sent: 335
tot_reconf_duration: 18.700000000000003
tot_sleeping_duration: 210250.8988399989
tot_uptimes: 55
tot_uptimes_duration: 3240.0121600010734
