comms_cons: 22.309856000171155
finished_reconf: true
global_termination_time: 213644.837
local_termination_time: 97970.31847999996
node_cons: 4348.987701119164
tot_aggregated_send: 2784
tot_msg_rcv: 263
tot_msg_sent: 343
tot_reconf_duration: 7.819999999999999
tot_sleeping_duration: 210404.83092000065
tot_uptimes: 55
tot_uptimes_duration: 3240.006079999366
