comms_cons: 140.23564799613675
finished_reconf: true
global_termination_time: 1416932.716
local_termination_time: 762300.0906799993
node_cons: 29090.453939999956
tot_aggregated_send: 20474
tot_msg_rcv: 324
tot_msg_sent: 517
tot_reconf_duration: 5.43
tot_sleeping_duration: 1395212.716
tot_uptimes: 363
tot_uptimes_duration: 21720.0
