comms_cons: 2.2895615999945456
finished_reconf: true
global_termination_time: 12694.092
local_termination_time: 9500.34936
node_cons: 245.2026399999999
tot_aggregated_send: 0
tot_msg_rcv: 176
tot_msg_sent: 172
tot_reconf_duration: 3.08
tot_sleeping_duration: 12514.092
tot_uptimes: 4
tot_uptimes_duration: 180.0
