comms_cons: 2.309299199992369
finished_reconf: true
global_termination_time: 12108.735240000002
local_termination_time: 7037.044360000001
node_cons: 268.34501936000333
tot_aggregated_send: 0
tot_msg_rcv: 182
tot_msg_sent: 169
tot_reconf_duration: 8.09
tot_sleeping_duration: 11916.533
tot_uptimes: 4
tot_uptimes_duration: 192.20224000000235
