comms_cons: 267.42599680215886
finished_reconf: true
global_termination_time: 2653526.514
local_termination_time: 1392077.383
node_cons: 54591.54840261811
tot_aggregated_send: 36944
tot_msg_rcv: 1274
tot_msg_sent: 2430
tot_reconf_duration: 22.65
tot_sleeping_duration: 2612779.0982400156
tot_uptimes: 680
tot_uptimes_duration: 40747.415759984404
