comms_cons: 266.62865920577286
finished_reconf: true
global_termination_time: 2657511.102
local_termination_time: 284446.6950400008
node_cons: 54635.39074670477
tot_aggregated_send: 37236
tot_msg_rcv: 1078
tot_msg_sent: 2212
tot_reconf_duration: 3.05
tot_sleeping_duration: 2616711.065520011
tot_uptimes: 681
tot_uptimes_duration: 40800.03647998924
