comms_cons: 1.7566463999963073
finished_reconf: true
global_termination_time: 16285.322
local_termination_time: 5236.930360000001
node_cons: 331.97956000000084
tot_aggregated_send: 0
tot_msg_rcv: 140
tot_msg_sent: 127
tot_reconf_duration: 7.819999999999999
tot_sleeping_duration: 16045.322
tot_uptimes: 5
tot_uptimes_duration: 240.0
