comms_cons: 47.46955520067327
finished_reconf: true
global_termination_time: 487152.337
local_termination_time: 188594.89040000082
node_cons: 9966.301899999997
tot_aggregated_send: 6554
tot_msg_rcv: 186
tot_msg_sent: 476
tot_reconf_duration: 3.05
tot_sleeping_duration: 479712.337
tot_uptimes: 125
tot_uptimes_duration: 7440.0
