comms_cons: 94.27398399734932
finished_reconf: true
global_termination_time: 948290.208
local_termination_time: 594727.2417199988
node_cons: 19476.653682233755
tot_aggregated_send: 13108
tot_msg_rcv: 429
tot_msg_sent: 792
tot_reconf_duration: 25.299999999999997
tot_sleeping_duration: 933770.1958400047
tot_uptimes: 243
tot_uptimes_duration: 14520.012159995269
