comms_cons: 246.44367358772902
finished_reconf: true
global_termination_time: 2439796.589
local_termination_time: 791487.8763199996
node_cons: 50138.73268558354
tot_aggregated_send: 33234
tot_msg_rcv: 1374
tot_msg_sent: 2850
tot_reconf_duration: 4.8100000000000005
tot_sleeping_duration: 2402356.558600012
tot_uptimes: 625
tot_uptimes_duration: 37440.03039998817
