comms_cons: 28.144844800482634
finished_reconf: true
global_termination_time: 246661.7017200001
local_termination_time: 246661.6606000001
node_cons: 5117.526034281655
tot_aggregated_send: 2364
tot_msg_rcv: 603
tot_msg_sent: 1310
tot_reconf_duration: 24.59
tot_sleeping_duration: 242864.73919999888
tot_uptimes: 64
tot_uptimes_duration: 3796.9625200012233
