comms_cons: 24.869376000168415
finished_reconf: true
global_termination_time: 247575.498
local_termination_time: 96032.10335999996
node_cons: 5067.960121120293
tot_aggregated_send: 3306
tot_msg_rcv: 129
tot_msg_sent: 345
tot_reconf_duration: 4.8100000000000005
tot_sleeping_duration: 243795.49191999977
tot_uptimes: 64
tot_uptimes_duration: 3780.0060800002175
