comms_cons: 47.429452800816044
finished_reconf: true
global_termination_time: 471666.524
local_termination_time: 9965.395359999999
node_cons: 9644.958182242872
tot_aggregated_send: 6322
tot_msg_rcv: 244
tot_msg_sent: 643
tot_reconf_duration: 3.05
tot_sleeping_duration: 464466.51183999784
tot_uptimes: 121
tot_uptimes_duration: 7200.0121600021375
