comms_cons: 46.62679040034834
finished_reconf: true
global_termination_time: 475998.253
local_termination_time: 224080.43148000006
node_cons: 9731.767701121415
tot_aggregated_send: 6844
tot_msg_rcv: 75
tot_msg_sent: 168
tot_reconf_duration: 7.819999999999999
tot_sleeping_duration: 468738.24691999896
tot_uptimes: 122
tot_uptimes_duration: 7260.006080001069
