comms_cons: 157.72369918468223
finished_reconf: true
global_termination_time: 1544684.03
local_termination_time: 571776.860119999
node_cons: 31742.885227817915
tot_aggregated_send: 20996
tot_msg_rcv: 1057
tot_msg_sent: 1920
tot_reconf_duration: 6.279999999999999
tot_sleeping_duration: 1520983.9874400166
tot_uptimes: 396
tot_uptimes_duration: 23700.04255998344
