comms_cons: 154.14407679185445
finished_reconf: true
global_termination_time: 1545947.867
local_termination_time: 429172.87836000003
node_cons: 31746.671380000033
tot_aggregated_send: 21924
tot_msg_rcv: 527
tot_msg_sent: 978
tot_reconf_duration: 9.11
tot_sleeping_duration: 1522247.867
tot_uptimes: 396
tot_uptimes_duration: 23700.0
