comms_cons: 152.55911679409826
finished_reconf: true
global_termination_time: 1545994.545
local_termination_time: 501445.06536000007
node_cons: 31754.827521121464
tot_aggregated_send: 22098
tot_msg_rcv: 395
tot_msg_sent: 695
tot_reconf_duration: 15.110000000000001
tot_sleeping_duration: 1522294.5389199988
tot_uptimes: 396
tot_uptimes_duration: 23700.00608000107
