comms_cons: 394.4116224622086
finished_reconf: true
global_termination_time: 3916148.491
local_termination_time: 523923.53636
node_cons: 80535.13509340216
tot_aggregated_send: 54520
tot_msg_rcv: 1841
tot_msg_sent: 3587
tot_reconf_duration: 25.299999999999997
tot_sleeping_duration: 3856028.418040027
tot_uptimes: 1003
tot_uptimes_duration: 60120.072959973244
