comms_cons: 394.8183104639708
finished_reconf: true
global_termination_time: 3917831.154
local_termination_time: 2897680.2663600002
node_cons: 80587.01418446643
tot_aggregated_send: 54520
tot_msg_rcv: 1832
tot_msg_sent: 3658
tot_reconf_duration: 4.390000000000001
tot_sleeping_duration: 3857651.129680009
tot_uptimes: 1004
tot_uptimes_duration: 60180.02431999124
