comms_cons: 27.988543999938365
finished_reconf: true
global_termination_time: 11130.334360000003
local_termination_time: 641.4280399999996
node_cons: 3374.332213400026
tot_aggregated_send: 0
tot_msg_rcv: 2058
tot_msg_sent: 2196
tot_reconf_duration: 18.21
tot_sleeping_duration: 8628.763759999983
tot_uptimes: 38
tot_uptimes_duration: 2501.5706000000187
