comms_cons: 498.67531494495876
finished_reconf: true
global_termination_time: 1028201.0595999998
local_termination_time: 1028201.0184799999
node_cons: 62832.95302170962
tot_aggregated_send: 0
tot_msg_rcv: 30498
tot_msg_sent: 45297
tot_reconf_duration: 37.410000000000004
tot_sleeping_duration: 981313.7181200066
tot_uptimes: 773
tot_uptimes_duration: 46887.34147999312
