comms_cons: 104.05788159365284
finished_reconf: true
global_termination_time: 1029924.686
local_termination_time: 418002.6273600009
node_cons: 21135.596074218727
tot_aggregated_send: 13920
tot_msg_rcv: 552
tot_msg_sent: 1345
tot_reconf_duration: 4.390000000000001
tot_sleeping_duration: 1014144.5258400158
tot_uptimes: 264
tot_uptimes_duration: 15780.160159984138
