comms_cons: 104.6625407977774
finished_reconf: true
global_termination_time: 1028952.81
local_termination_time: 139533.17460000006
node_cons: 21140.063983364293
tot_aggregated_send: 13978
tot_msg_rcv: 654
tot_msg_sent: 1276
tot_reconf_duration: 7.819999999999999
tot_sleeping_duration: 1013172.7917599969
tot_uptimes: 264
tot_uptimes_duration: 15780.018240003206
