comms_cons: 105.10090239080593
finished_reconf: true
global_termination_time: 1031241.659
local_termination_time: 608672.2056399982
node_cons: 21218.214901116982
tot_aggregated_send: 13920
tot_msg_rcv: 671
tot_msg_sent: 1383
tot_reconf_duration: 6.22
tot_sleeping_duration: 1015401.6529200024
tot_uptimes: 265
tot_uptimes_duration: 15840.006079997635
