comms_cons: 250.48332797842798
finished_reconf: true
global_termination_time: 2459767.12
local_termination_time: 661166.8401599992
node_cons: 50541.48918893388
tot_aggregated_send: 32654
tot_msg_rcv: 1924
tot_msg_sent: 3492
tot_reconf_duration: 5.57
tot_sleeping_duration: 2422027.071360019
tot_uptimes: 630
tot_uptimes_duration: 37740.048639981076
