comms_cons: 243.54882559351785
finished_reconf: true
global_termination_time: 2457754.908
local_termination_time: 578201.8274799978
node_cons: 50543.285123833164
tot_aggregated_send: 34626
tot_msg_rcv: 803
tot_msg_sent: 1589
tot_reconf_duration: 5.1
tot_sleeping_duration: 2420013.0414400045
tot_uptimes: 630
tot_uptimes_duration: 37741.866559995455
