comms_cons: 243.0948607924524
finished_reconf: true
global_termination_time: 2457982.332
local_termination_time: 1140512.53836
node_cons: 50568.21739999934
tot_aggregated_send: 35438
tot_msg_rcv: 491
tot_msg_sent: 1020
tot_reconf_duration: 25.299999999999997
tot_sleeping_duration: 2420242.332
tot_uptimes: 630
tot_uptimes_duration: 37740.0
