comms_cons: 248.74764798923712
finished_reconf: true
global_termination_time: 2456665.061
local_termination_time: 306154.8264000008
node_cons: 50539.919313415005
tot_aggregated_send: 32886
tot_msg_rcv: 1700
tot_msg_sent: 3223
tot_reconf_duration: 4.390000000000001
tot_sleeping_duration: 2418924.9880400184
tot_uptimes: 630
tot_uptimes_duration: 37740.07295998192
