comms_cons: 148.34184959295007
finished_reconf: true
global_termination_time: 1508343.044
local_termination_time: 688100.64
node_cons: 31021.867701116953
tot_aggregated_send: 21402
tot_msg_rcv: 449
tot_msg_sent: 696
tot_reconf_duration: 7.819999999999999
tot_sleeping_duration: 1485183.0379200024
tot_uptimes: 387
tot_uptimes_duration: 23160.00607999762
