comms_cons: 16.212716800118706
finished_reconf: true
global_termination_time: 158942.636
local_termination_time: 61118.46572000002
node_cons: 3224.227701121432
tot_aggregated_send: 2088
tot_msg_rcv: 150
tot_msg_sent: 226
tot_reconf_duration: 7.819999999999999
tot_sleeping_duration: 156542.62991999893
tot_uptimes: 41
tot_uptimes_duration: 2400.0060800010688
