comms_cons: 2.289561599994491
finished_reconf: true
global_termination_time: 18373.733
local_termination_time: 372.30547999999993
node_cons: 329.88824000000005
tot_aggregated_send: 0
tot_msg_rcv: 177
tot_msg_sent: 171
tot_reconf_duration: 6.279999999999999
tot_sleeping_duration: 18133.733
tot_uptimes: 5
tot_uptimes_duration: 240.0
