comms_cons: 2.2895615999966186
finished_reconf: true
global_termination_time: 15732.679
local_termination_time: 5788.73136
node_cons: 328.9240599999996
tot_aggregated_send: 0
tot_msg_rcv: 177
tot_msg_sent: 171
tot_reconf_duration: 5.57
tot_sleeping_duration: 15492.679
tot_uptimes: 5
tot_uptimes_duration: 240.0
