comms_cons: 1.6382207999945877
finished_reconf: true
global_termination_time: 15064.52
local_termination_time: 10276.21836
node_cons: 247.55198000000178
tot_aggregated_send: 0
tot_msg_rcv: 126
tot_msg_sent: 123
tot_reconf_duration: 4.8100000000000005
tot_sleeping_duration: 14884.52
tot_uptimes: 4
tot_uptimes_duration: 180.0
