comms_cons: 0.7697663999995885
finished_reconf: true
global_termination_time: 5300.376
local_termination_time: 305.7053599999999
node_cons: 86.30162000000006
tot_aggregated_send: 0
tot_msg_rcv: 62
tot_msg_sent: 54
tot_reconf_duration: 4.390000000000001
tot_sleeping_duration: 5240.376
tot_uptimes: 2
tot_uptimes_duration: 60.0
