comms_cons: 94.65495039617525
finished_reconf: true
global_termination_time: 943607.915
local_termination_time: 777307.3923599999
node_cons: 19396.321823359784
tot_aggregated_send: 12992
tot_msg_rcv: 455
tot_msg_sent: 940
tot_reconf_duration: 25.299999999999997
tot_sleeping_duration: 929147.8967600003
tot_uptimes: 242
tot_uptimes_duration: 14460.018239999772
