comms_cons: 96.43258879506443
finished_reconf: true
global_termination_time: 941982.1270799987
local_termination_time: 87002.30959999995
node_cons: 19456.82951583316
tot_aggregated_send: 12818
tot_msg_rcv: 654
tot_msg_sent: 1187
tot_reconf_duration: 22.65
tot_sleeping_duration: 927474.2325200039
tot_uptimes: 242
tot_uptimes_duration: 14507.894559994864
