comms_cons: 98.20425599167888
finished_reconf: true
global_termination_time: 942855.827
local_termination_time: 557620.5795999988
node_cons: 19377.412955667784
tot_aggregated_send: 11890
tot_msg_rcv: 941
tot_msg_sent: 2095
tot_reconf_duration: 11.31
tot_sleeping_duration: 928395.7418800092
tot_uptimes: 242
tot_uptimes_duration: 14460.085119990923
