comms_cons: 188.86672638246526
finished_reconf: true
global_termination_time: 1876218.985
local_termination_time: 871526.733879998
node_cons: 38593.25400213493
tot_aggregated_send: 24824
tot_msg_rcv: 1121
tot_msg_sent: 2762
tot_reconf_duration: 15.34
tot_sleeping_duration: 1847412.0975600185
tot_uptimes: 481
tot_uptimes_duration: 28806.887439981452
