comms_cons: 40.45042560121473
finished_reconf: true
global_termination_time: 387530.394
local_termination_time: 36099.45936000001
node_cons: 7978.486873450337
tot_aggregated_send: 4582
tot_msg_rcv: 519
tot_msg_sent: 1047
tot_reconf_duration: 18.21
tot_sleeping_duration: 381590.32103999227
tot_uptimes: 100
tot_uptimes_duration: 5940.0729600077175
