comms_cons: 38.955443200788174
finished_reconf: true
global_termination_time: 388264.189
local_termination_time: 190772.55236000053
node_cons: 7959.646043364321
tot_aggregated_send: 5104
tot_msg_rcv: 305
tot_msg_sent: 512
tot_reconf_duration: 4.390000000000001
tot_sleeping_duration: 382324.1707599968
tot_uptimes: 100
tot_uptimes_duration: 5940.018240003206
