comms_cons: 198.10062070281782
finished_reconf: true
global_termination_time: 1131178.063
local_termination_time: 147159.78136000005
node_cons: 23225.21836446737
tot_aggregated_send: 0
tot_msg_rcv: 15312
tot_msg_sent: 14799
tot_reconf_duration: 5.1
tot_sleeping_duration: 1113838.0386800095
tot_uptimes: 290
tot_uptimes_duration: 17340.024319990538
