comms_cons: 116.62478079083104
finished_reconf: true
global_termination_time: 1130263.692
local_termination_time: 178714.02448000005
node_cons: 23222.49962783164
tot_aggregated_send: 14732
tot_msg_rcv: 1077
tot_msg_sent: 1919
tot_reconf_duration: 3.08
tot_sleeping_duration: 1112923.6494400061
tot_uptimes: 290
tot_uptimes_duration: 17340.042559993744
