comms_cons: 108.03679999622216
finished_reconf: true
global_termination_time: 1130090.252
local_termination_time: 305719.44336000003
node_cons: 23230.64766223828
tot_aggregated_send: 15138
tot_msg_rcv: 413
tot_msg_sent: 871
tot_reconf_duration: 9.11
tot_sleeping_duration: 1112750.2398400016
tot_uptimes: 290
tot_uptimes_duration: 17340.012159998703
