comms_cons: 110.2410751967644
finished_reconf: true
global_termination_time: 1131536.53
local_termination_time: 512995.53312000044
node_cons: 23238.803803355113
tot_aggregated_send: 14848
tot_msg_rcv: 579
tot_msg_sent: 1329
tot_reconf_duration: 15.110000000000001
tot_sleeping_duration: 1114196.5117600036
tot_uptimes: 290
tot_uptimes_duration: 17340.018239996338
