comms_cons: 112.47142399880163
finished_reconf: true
global_termination_time: 1129596.314
local_termination_time: 524729.1699199984
node_cons: 23234.428341121496
tot_aggregated_send: 15602
tot_msg_rcv: 401
tot_msg_sent: 1092
tot_reconf_duration: 11.899999999999999
tot_sleeping_duration: 1112256.3079199991
tot_uptimes: 290
tot_uptimes_duration: 17340.00608000107
