comms_cons: 113.16412159232567
finished_reconf: true
global_termination_time: 1131930.141
local_termination_time: 358859.78716000076
node_cons: 23224.824544467363
tot_aggregated_send: 15254
tot_msg_rcv: 662
tot_msg_sent: 1287
tot_reconf_duration: 4.8100000000000005
tot_sleeping_duration: 1114590.1166800095
tot_uptimes: 290
tot_uptimes_duration: 17340.024319990538
