comms_cons: 44.883929601856565
finished_reconf: true
global_termination_time: 424360.322
local_termination_time: 122652.25735999996
node_cons: 8694.63742448573
tot_aggregated_send: 5220
tot_msg_rcv: 565
tot_msg_sent: 1038
tot_reconf_duration: 13.17
tot_sleeping_duration: 417880.2976799957
tot_uptimes: 109
tot_uptimes_duration: 6480.024320004275
