comms_cons: 43.56088320067827
finished_reconf: true
global_termination_time: 422477.624
local_termination_time: 4279.29436
node_cons: 8689.512360000012
tot_aggregated_send: 5568
tot_msg_rcv: 363
tot_msg_sent: 690
tot_reconf_duration: 9.42
tot_sleeping_duration: 415997.624
tot_uptimes: 109
tot_uptimes_duration: 6480.0
