comms_cons: 44.547763201315185
finished_reconf: true
global_termination_time: 427137.658
local_termination_time: 66635.05735999998
node_cons: 8782.470882242887
tot_aggregated_send: 5510
tot_msg_rcv: 462
tot_msg_sent: 799
tot_reconf_duration: 18.700000000000003
tot_sleeping_duration: 420597.64583999786
tot_uptimes: 110
tot_uptimes_duration: 6540.0121600021375
