comms_cons: 15.63120640006689
finished_reconf: true
global_termination_time: 80166.722
local_termination_time: 723.7543599999999
node_cons: 1610.9418999999996
tot_aggregated_send: 0
tot_msg_rcv: 1215
tot_msg_sent: 1160
tot_reconf_duration: 3.05
tot_sleeping_duration: 78966.722
tot_uptimes: 21
tot_uptimes_duration: 1200.0
