comms_cons: 8.092415999937362
finished_reconf: true
global_termination_time: 85399.11
local_termination_time: 76596.86271999995
node_cons: 1697.7595600000104
tot_aggregated_send: 1160
tot_msg_rcv: 19
tot_msg_sent: 51
tot_reconf_duration: 7.819999999999999
tot_sleeping_duration: 84139.11
tot_uptimes: 22
tot_uptimes_duration: 1260.0
