comms_cons: 461.988249669331
finished_reconf: true
global_termination_time: 4643599.827
local_termination_time: 927687.00136
node_cons: 95534.92026558252
tot_aggregated_send: 64496
tot_msg_rcv: 1717
tot_msg_sent: 4005
tot_reconf_duration: 7.819999999999999
tot_sleeping_duration: 4572259.79660001
tot_uptimes: 1190
tot_uptimes_duration: 71340.03039998887
