comms_cons: 455.74776328518465
finished_reconf: true
global_termination_time: 4544810.277
local_termination_time: 565291.4808399988
node_cons: 93469.84252893309
tot_aggregated_send: 63858
tot_msg_rcv: 1831
tot_msg_sent: 3582
tot_reconf_duration: 25.299999999999997
tot_sleeping_duration: 4475030.228360018
tot_uptimes: 1164
tot_uptimes_duration: 69780.04863998177
