comms_cons: 450.9204864595896
finished_reconf: true
global_termination_time: 4542821.051
local_termination_time: 1635654.5467999983
node_cons: 93439.59446446512
tot_aggregated_send: 63162
tot_msg_rcv: 1828
tot_msg_sent: 3545
tot_reconf_duration: 3.05
tot_sleeping_duration: 4473041.0266800085
tot_uptimes: 1164
tot_uptimes_duration: 69780.024319991
