comms_cons: 16.577638399957245
finished_reconf: true
global_termination_time: 15022.813240000003
local_termination_time: 2116.499040000001
node_cons: 2668.146237840029
tot_aggregated_send: 0
tot_msg_rcv: 1180
tot_msg_sent: 1338
tot_reconf_duration: 18.21
tot_sleeping_duration: 13048.640679999982
tot_uptimes: 31
tot_uptimes_duration: 1974.1725600000213
