comms_cons: 2.162611199991066
finished_reconf: true
global_termination_time: 15022.29548
local_termination_time: 15022.25436
node_cons: 292.76351871999947
tot_aggregated_send: 0
tot_msg_rcv: 159
tot_msg_sent: 168
tot_reconf_duration: 24.59
tot_sleeping_duration: 14828.591000000002
tot_uptimes: 4
tot_uptimes_duration: 193.70448000000033
