comms_cons: 1.5526911999969817
finished_reconf: true
global_termination_time: 18968.879
local_termination_time: 4144.07536
node_cons: 325.50189999999907
tot_aggregated_send: 0
tot_msg_rcv: 120
tot_msg_sent: 116
tot_reconf_duration: 3.05
tot_sleeping_duration: 18728.879
tot_uptimes: 5
tot_uptimes_duration: 240.0
