comms_cons: 396.99682546656965
finished_reconf: true
global_termination_time: 819206.1613199986
local_termination_time: 819206.1201999986
node_cons: 49953.094250683374
tot_aggregated_send: 0
tot_msg_rcv: 24318
tot_msg_sent: 36023
tot_reconf_duration: 24.59
tot_sleeping_duration: 781924.8311999955
tot_uptimes: 616
tot_uptimes_duration: 37281.33012000301
