comms_cons: 82.43737599987426
finished_reconf: true
global_termination_time: 820520.834
local_termination_time: 322467.92916000076
node_cons: 16889.284860000003
tot_aggregated_send: 11484
tot_msg_rcv: 362
tot_msg_sent: 684
tot_reconf_duration: 13.17
tot_sleeping_duration: 807920.834
tot_uptimes: 211
tot_uptimes_duration: 12600.0
