comms_cons: 84.74792959483635
finished_reconf: true
global_termination_time: 823495.442
local_termination_time: 264314.1227600008
node_cons: 16877.377902233628
tot_aggregated_send: 10962
tot_msg_rcv: 699
tot_msg_sent: 1222
tot_reconf_duration: 4.390000000000001
tot_sleeping_duration: 810895.4298400048
tot_uptimes: 211
tot_uptimes_duration: 12600.012159995269
