comms_cons: 101.16240639793402
finished_reconf: true
global_termination_time: 1021703.944
local_termination_time: 296837.63604000024
node_cons: 20974.70161999997
tot_aggregated_send: 14732
tot_msg_rcv: 242
tot_msg_sent: 402
tot_reconf_duration: 4.390000000000001
tot_sleeping_duration: 1006043.944
tot_uptimes: 262
tot_uptimes_duration: 15660.0
