comms_cons: 6.862732800110356
finished_reconf: true
global_termination_time: 53185.777
local_termination_time: 1197.7124800000004
node_cons: 1050.9682622405824
tot_aggregated_send: 290
tot_msg_rcv: 289
tot_msg_sent: 465
tot_reconf_duration: 4.8100000000000005
tot_sleeping_duration: 52405.76483999957
tot_uptimes: 14
tot_uptimes_duration: 780.012160000435
