comms_cons: 57.239667201012075
finished_reconf: true
global_termination_time: 571737.908
local_termination_time: 237494.33636000004
node_cons: 11740.267701121418
tot_aggregated_send: 7598
tot_msg_rcv: 349
tot_msg_sent: 754
tot_reconf_duration: 7.819999999999999
tot_sleeping_duration: 562977.901919999
tot_uptimes: 147
tot_uptimes_duration: 8760.006080001069
