comms_cons: 54.33761280012242
finished_reconf: true
global_termination_time: 567939.526
local_termination_time: 215261.938
node_cons: 11667.355511761414
tot_aggregated_send: 8053
tot_msg_rcv: 28
tot_msg_sent: 178
tot_reconf_duration: 11.31
tot_sleeping_duration: 559237.512159999
tot_uptimes: 146
tot_uptimes_duration: 8702.013840001047
