comms_cons: 326.8684416048731
finished_reconf: true
global_termination_time: 3314092.168
local_termination_time: 1652534.609
node_cons: 68144.48019999871
tot_aggregated_send: 47264
tot_msg_rcv: 890
tot_msg_sent: 1529
tot_reconf_duration: 11.899999999999999
tot_sleeping_duration: 3263212.168
tot_uptimes: 849
tot_uptimes_duration: 50880.0
