comms_cons: 9.335884800127701
finished_reconf: true
global_termination_time: 85590.696
local_termination_time: 44213.18436000001
node_cons: 1702.515262240579
tot_aggregated_send: 696
tot_msg_rcv: 262
tot_msg_sent: 461
tot_reconf_duration: 11.31
tot_sleeping_duration: 84330.68383999956
tot_uptimes: 22
tot_uptimes_duration: 1260.012160000435
