comms_cons: 562.5321404724325
finished_reconf: true
global_termination_time: 1162096.1095999999
local_termination_time: 1162096.06848
node_cons: 70732.73508954578
tot_aggregated_send: 0
tot_msg_rcv: 34503
tot_msg_sent: 50998
tot_reconf_duration: 37.410000000000004
tot_sleeping_duration: 1109309.0055600095
tot_uptimes: 868
tot_uptimes_duration: 52787.104039990474
