comms_cons: 118.66463359251779
finished_reconf: true
global_termination_time: 1162174.325
local_termination_time: 449183.30036000005
node_cons: 23869.540804467324
tot_aggregated_send: 15602
tot_msg_rcv: 806
tot_msg_sent: 1631
tot_reconf_duration: 6.279999999999999
tot_sleeping_duration: 1144354.3006800094
tot_uptimes: 298
tot_uptimes_duration: 17820.024319990538
