comms_cons: 115.38600959817907
finished_reconf: true
global_termination_time: 1165131.919
local_termination_time: 959223.8675999998
node_cons: 23966.714599999974
tot_aggregated_send: 16820
tot_msg_rcv: 271
tot_msg_sent: 447
tot_reconf_duration: 18.700000000000003
tot_sleeping_duration: 1147251.919
tot_uptimes: 299
tot_uptimes_duration: 17880.0
