comms_cons: 114.91230719713617
finished_reconf: true
global_termination_time: 1163828.363
local_termination_time: 661549.8933999982
node_cons: 23957.480200000067
tot_aggregated_send: 16878
tot_msg_rcv: 193
tot_msg_sent: 395
tot_reconf_duration: 11.899999999999999
tot_sleeping_duration: 1145948.363
tot_uptimes: 299
tot_uptimes_duration: 17880.0
