comms_cons: 100.88545279934304
finished_reconf: true
global_termination_time: 1030527.682
local_termination_time: 67235.03551999979
node_cons: 21144.77898000005
tot_aggregated_send: 14674
tot_msg_rcv: 236
tot_msg_sent: 424
tot_reconf_duration: 11.31
tot_sleeping_duration: 1014747.682
tot_uptimes: 264
tot_uptimes_duration: 15780.0
