comms_cons: 271.88543999868017
finished_reconf: true
global_termination_time: 2757338.695
local_termination_time: 1968273.4072799992
node_cons: 56737.924859998915
tot_aggregated_send: 39556
tot_msg_rcv: 503
tot_msg_sent: 1266
tot_reconf_duration: 13.17
tot_sleeping_duration: 2714978.695
tot_uptimes: 707
tot_uptimes_duration: 42360.0
