comms_cons: 271.8005375994109
finished_reconf: true
global_termination_time: 2755362.62748
local_termination_time: 2755362.5863599996
node_cons: 56708.86936095217
tot_aggregated_send: 39878
tot_msg_rcv: 440
tot_msg_sent: 994
tot_reconf_duration: 37.410000000000004
tot_sleeping_duration: 2713048.9108400047
tot_uptimes: 706
tot_uptimes_duration: 42313.71663999511
