comms_cons: 273.58945279886467
finished_reconf: true
global_termination_time: 2756565.024
local_termination_time: 1978369.543839999
node_cons: 56654.57009999927
tot_aggregated_send: 39498
tot_msg_rcv: 716
tot_msg_sent: 1370
tot_reconf_duration: 10.95
tot_sleeping_duration: 2714265.024
tot_uptimes: 706
tot_uptimes_duration: 42300.0
