comms_cons: 278.1912448024502
finished_reconf: true
global_termination_time: 2755777.781
local_termination_time: 935496.2123599998
node_cons: 56647.13092781739
tot_aggregated_send: 37178
tot_msg_rcv: 1816
tot_msg_sent: 3288
tot_reconf_duration: 5.43
tot_sleeping_duration: 2713477.738440016
tot_uptimes: 706
tot_uptimes_duration: 42300.04255998391
