comms_cons: 58.54172160103214
finished_reconf: true
global_termination_time: 588585.841
local_termination_time: 352115.60636000003
node_cons: 12085.373682242864
tot_aggregated_send: 8178
tot_msg_rcv: 220
tot_msg_sent: 500
tot_reconf_duration: 25.299999999999997
tot_sleeping_duration: 579585.8288399979
tot_uptimes: 151
tot_uptimes_duration: 9000.012160002138
