comms_cons: 59.10753280062601
finished_reconf: true
global_termination_time: 588684.687
local_termination_time: 223098.4463200002
node_cons: 12062.002502242873
tot_aggregated_send: 8004
tot_msg_rcv: 293
tot_msg_sent: 687
tot_reconf_duration: 8.09
tot_sleeping_duration: 579684.6748399979
tot_uptimes: 151
tot_uptimes_duration: 9000.012160002138
