comms_cons: 57.87847679984418
finished_reconf: true
global_termination_time: 587298.2882400004
local_termination_time: 84920.86147999998
node_cons: 12154.906020482002
tot_aggregated_send: 8294
tot_msg_rcv: 133
tot_msg_sent: 370
tot_reconf_duration: 22.65
tot_sleeping_duration: 578243.659919999
tot_uptimes: 151
tot_uptimes_duration: 9054.628320001473
