comms_cons: 59.19166720079584
finished_reconf: true
global_termination_time: 591446.503
local_termination_time: 240528.87292000075
node_cons: 12148.507822242884
tot_aggregated_send: 8062
tot_msg_rcv: 355
tot_msg_sent: 581
tot_reconf_duration: 12.629999999999999
tot_sleeping_duration: 582386.4908399979
tot_uptimes: 152
tot_uptimes_duration: 9060.012160002138
