comms_cons: 60.39047679946875
finished_reconf: true
global_termination_time: 587935.844
local_termination_time: 219578.31836000006
node_cons: 12056.977902242897
tot_aggregated_send: 7772
tot_msg_rcv: 504
tot_msg_sent: 903
tot_reconf_duration: 4.390000000000001
tot_sleeping_duration: 578935.8318399979
tot_uptimes: 151
tot_uptimes_duration: 9000.012160002138
