comms_cons: 57.38378240072493
finished_reconf: true
global_termination_time: 584677.265
local_termination_time: 349873.87636000005
node_cons: 11988.553001121425
tot_aggregated_send: 8062
tot_msg_rcv: 206
tot_msg_sent: 454
tot_reconf_duration: 13.17
tot_sleeping_duration: 575737.2589199989
tot_uptimes: 150
tot_uptimes_duration: 8940.006080001069
