comms_cons: 59.02263040110524
finished_reconf: true
global_termination_time: 585314.67
local_termination_time: 294697.24740000034
node_cons: 11976.63790224282
tot_aggregated_send: 7830
tot_msg_rcv: 327
tot_msg_sent: 815
tot_reconf_duration: 4.390000000000001
tot_sleeping_duration: 576374.6578399979
tot_uptimes: 150
tot_uptimes_duration: 8940.012160002138
