comms_cons: 1043.9106616465997
finished_reconf: true
global_termination_time: 2542401.1469999985
local_termination_time: 367886.9216400009
node_cons: 154622.92369438015
tot_aggregated_send: 0
tot_msg_rcv: 64037
tot_msg_sent: 94632
tot_reconf_duration: 18.21
tot_sleeping_duration: 2426943.1974000097
tot_uptimes: 1900
tot_uptimes_duration: 115457.94959998889
