comms_cons: 259.87843200622467
finished_reconf: true
global_termination_time: 2545071.72
local_termination_time: 694663.5041599993
node_cons: 52309.95779228489
tot_aggregated_send: 34394
tot_msg_rcv: 1730
tot_msg_sent: 3378
tot_reconf_duration: 6.279999999999999
tot_sleeping_duration: 2506011.653120026
tot_uptimes: 652
tot_uptimes_duration: 39060.06687997433
