comms_cons: 251.37886079432752
finished_reconf: true
global_termination_time: 2544152.959
local_termination_time: 595099.1833599999
node_cons: 52308.26579999917
tot_aggregated_send: 36598
tot_msg_rcv: 551
tot_msg_sent: 1058
tot_reconf_duration: 5.1
tot_sleeping_duration: 2505092.959
tot_uptimes: 652
tot_uptimes_duration: 39060.0
