comms_cons: 249.7602176014759
finished_reconf: true
global_termination_time: 2544770.26
local_termination_time: 1372975.79
node_cons: 52314.99671287317
tot_aggregated_send: 36996
tot_msg_rcv: 317
tot_msg_sent: 649
tot_reconf_duration: 9.11
tot_sleeping_duration: 2505709.3000800046
tot_uptimes: 652
tot_uptimes_duration: 39060.959919995395
