comms_cons: 251.6379008058383
finished_reconf: true
global_termination_time: 2543536.104
local_termination_time: 1493816.7280000001
node_cons: 52326.75088223313
tot_aggregated_send: 36654
tot_msg_rcv: 505
tot_msg_sent: 1089
tot_reconf_duration: 18.700000000000003
tot_sleeping_duration: 2504476.0918400045
tot_uptimes: 652
tot_uptimes_duration: 39060.01215999527
