comms_cons: 271.8393856174134
finished_reconf: true
global_termination_time: 2731313.724
local_termination_time: 2307287.65436
node_cons: 56166.18823999939
tot_aggregated_send: 39266
tot_msg_rcv: 781
tot_msg_sent: 1271
tot_reconf_duration: 6.279999999999999
tot_sleeping_duration: 2689373.724
tot_uptimes: 700
tot_uptimes_duration: 41940.0
