comms_cons: 242.64747518883573
finished_reconf: true
global_termination_time: 2439420.913
local_termination_time: 454452.8333600001
node_cons: 50143.14621999933
tot_aggregated_send: 34916
tot_msg_rcv: 695
tot_msg_sent: 1270
tot_reconf_duration: 8.09
tot_sleeping_duration: 2401980.913
tot_uptimes: 625
tot_uptimes_duration: 37440.0
