comms_cons: 483.76173434919656
finished_reconf: true
global_termination_time: 2437014.233279997
local_termination_time: 882.6124799999991
node_cons: 50203.2655550928
tot_aggregated_send: 0
tot_msg_rcv: 37314
tot_msg_sent: 36212
tot_reconf_duration: 22.65
tot_sleeping_duration: 2399544.101200017
tot_uptimes: 625
tot_uptimes_duration: 37470.13207998022
