comms_cons: 249.49607679871195
finished_reconf: true
global_termination_time: 2439031.42
local_termination_time: 86006.28459999994
node_cons: 50138.76525005539
tot_aggregated_send: 32770
tot_msg_rcv: 1719
tot_msg_sent: 3433
tot_reconf_duration: 4.8100000000000005
tot_sleeping_duration: 2401591.3652800177
tot_uptimes: 625
tot_uptimes_duration: 37440.054719982145
