comms_cons: 50.56020479986845
finished_reconf: true
global_termination_time: 12897.900240000003
local_termination_time: 2651.6715600000025
node_cons: 5861.499275440064
tot_aggregated_send: 0
tot_msg_rcv: 3866
tot_msg_sent: 3817
tot_reconf_duration: 5.57
tot_sleeping_duration: 8526.029279999955
tot_uptimes: 63
tot_uptimes_duration: 4371.870960000046
