comms_cons: 196.8287679835649
finished_reconf: true
global_termination_time: 1955963.12812
local_termination_time: 15864.0206
node_cons: 40221.132174150356
tot_aggregated_send: 26796
tot_msg_rcv: 1102
tot_msg_sent: 2017
tot_reconf_duration: 22.65
tot_sleeping_duration: 1925947.912680007
tot_uptimes: 501
tot_uptimes_duration: 30015.215439993
