comms_cons: 192.2407807917967
finished_reconf: true
global_termination_time: 1957913.683
local_termination_time: 1207671.836519998
node_cons: 40256.30976111643
tot_aggregated_send: 27782
tot_msg_rcv: 412
tot_msg_sent: 1025
tot_reconf_duration: 4.390000000000001
tot_sleeping_duration: 1927853.6769200023
tot_uptimes: 502
tot_uptimes_duration: 30060.006079997635
