comms_cons: 182.01543038863872
finished_reconf: true
global_termination_time: 1830746.578
local_termination_time: 605486.8104399985
node_cons: 37603.30263999978
tot_aggregated_send: 26100
tot_msg_rcv: 523
tot_msg_sent: 1042
tot_reconf_duration: 3.08
tot_sleeping_duration: 1802666.578
tot_uptimes: 469
tot_uptimes_duration: 28080.0
