comms_cons: 181.66961279284848
finished_reconf: true
global_termination_time: 1830881.467
local_termination_time: 678995.42
node_cons: 37620.57289207684
tot_aggregated_send: 26152
tot_msg_rcv: 474
tot_msg_sent: 986
tot_reconf_duration: 11.899999999999999
tot_sleeping_duration: 1802797.514280002
tot_uptimes: 469
tot_uptimes_duration: 28083.95271999773
