comms_cons: 188.1633535798953
finished_reconf: true
global_termination_time: 1829728.198
local_termination_time: 203872.1256000001
node_cons: 37603.359593415604
tot_aggregated_send: 24186
tot_msg_rcv: 1442
tot_msg_sent: 2972
tot_reconf_duration: 3.05
tot_sleeping_duration: 1801648.1250400182
tot_uptimes: 469
tot_uptimes_duration: 28080.072959981917
