comms_cons: 143.45287678928636
finished_reconf: true
global_termination_time: 1424318.9062400004
local_termination_time: 4431.058480000001
node_cons: 29330.84994494465
tot_aggregated_send: 19662
tot_msg_rcv: 767
tot_msg_sent: 1374
tot_reconf_duration: 18.21
tot_sleeping_duration: 1402432.333600012
tot_uptimes: 365
tot_uptimes_duration: 21886.572639988502
