comms_cons: 141.68965119328732
finished_reconf: true
global_termination_time: 1427765.731
local_termination_time: 794375.5167599991
node_cons: 29344.931720000004
tot_aggregated_send: 20300
tot_msg_rcv: 380
tot_msg_sent: 856
tot_reconf_duration: 15.34
tot_sleeping_duration: 1405865.731
tot_uptimes: 366
tot_uptimes_duration: 21900.0
