comms_cons: 146.52536318257205
finished_reconf: true
global_termination_time: 1428333.2
local_termination_time: 18539.593720000004
node_cons: 29354.95639341123
tot_aggregated_send: 19140
tot_msg_rcv: 1105
tot_msg_sent: 2026
tot_reconf_duration: 22.65
tot_sleeping_duration: 1406433.1270400216
tot_uptimes: 366
tot_uptimes_duration: 21900.072959978483
