comms_cons: 369.7296832301398
finished_reconf: true
global_termination_time: 3724876.396
local_termination_time: 2240892.910839999
node_cons: 76572.58894558361
tot_aggregated_send: 51562
tot_msg_rcv: 1555
tot_msg_sent: 3079
tot_reconf_duration: 6.279999999999999
tot_sleeping_duration: 3667696.3656000113
tot_uptimes: 954
tot_uptimes_duration: 57180.03039998887
