comms_cons: 365.3962368055237
finished_reconf: true
global_termination_time: 3724874.377
local_termination_time: 2499736.29836
node_cons: 76598.40182334904
tot_aggregated_send: 52026
tot_msg_rcv: 1148
tot_msg_sent: 2364
tot_reconf_duration: 25.299999999999997
tot_sleeping_duration: 3667694.3587600067
tot_uptimes: 954
tot_uptimes_duration: 57180.01823999337
