comms_cons: 369.0339072333515
finished_reconf: true
global_termination_time: 3724776.363
local_termination_time: 707595.0597199998
node_cons: 76584.58008558325
tot_aggregated_send: 52084
tot_msg_rcv: 1177
tot_msg_sent: 2830
tot_reconf_duration: 15.110000000000001
tot_sleeping_duration: 3667596.332600011
tot_uptimes: 954
tot_uptimes_duration: 57180.03039998887
