comms_cons: 372.34515845643267
finished_reconf: true
global_termination_time: 3723802.403
local_termination_time: 1486946.0301999995
node_cons: 76571.43464558349
tot_aggregated_send: 51330
tot_msg_rcv: 1894
tot_msg_sent: 3371
tot_reconf_duration: 5.43
tot_sleeping_duration: 3666622.372600011
tot_uptimes: 954
tot_uptimes_duration: 57180.030399989104
