comms_cons: 132.63009279266595
finished_reconf: true
global_termination_time: 1336268.656
local_termination_time: 92798.26335999998
node_cons: 27497.160566712566
tot_aggregated_send: 18212
tot_msg_rcv: 560
tot_msg_sent: 1387
tot_reconf_duration: 15.34
tot_sleeping_duration: 1315748.6195200055
tot_uptimes: 343
tot_uptimes_duration: 20520.036479994407
