comms_cons: 133.97190399210052
finished_reconf: true
global_termination_time: 1337489.22
local_termination_time: 442218.42036000005
node_cons: 27480.52776894392
tot_aggregated_send: 17980
tot_msg_rcv: 694
tot_msg_sent: 1688
tot_reconf_duration: 3.08
tot_sleeping_duration: 1316969.1713600121
tot_uptimes: 343
tot_uptimes_duration: 20520.048639987945
