comms_cons: 133.7809855904565
finished_reconf: true
global_termination_time: 1336159.528
local_termination_time: 448597.4963600001
node_cons: 27487.306925588837
tot_aggregated_send: 17342
tot_msg_rcv: 1008
tot_msg_sent: 1987
tot_reconf_duration: 8.09
tot_sleeping_duration: 1315639.4976000083
tot_uptimes: 343
tot_uptimes_duration: 20520.030399991607
