comms_cons: 131.60981119460993
finished_reconf: true
global_termination_time: 1338251.216
local_termination_time: 620261.6263599999
node_cons: 27488.683944471948
tot_aggregated_send: 17516
tot_msg_rcv: 877
tot_msg_sent: 1611
tot_reconf_duration: 9.11
tot_sleeping_duration: 1317731.1916800062
tot_uptimes: 343
tot_uptimes_duration: 20520.024319993972
