comms_cons: 134.42529279317853
finished_reconf: true
global_termination_time: 1338409.207
local_termination_time: 578541.4518399996
node_cons: 27491.174523350473
tot_aggregated_send: 18038
tot_msg_rcv: 817
tot_msg_sent: 1577
tot_reconf_duration: 10.95
tot_sleeping_duration: 1317889.188760007
tot_uptimes: 343
tot_uptimes_duration: 20520.018239992904
