comms_cons: 213.7788415895258
finished_reconf: true
global_termination_time: 2153451.061
local_termination_time: 1380824.9574799999
node_cons: 44284.49153999972
tot_aggregated_send: 30566
tot_msg_rcv: 546
tot_msg_sent: 1381
tot_reconf_duration: 12.629999999999999
tot_sleeping_duration: 2120391.061
tot_uptimes: 552
tot_uptimes_duration: 33060.0
