comms_cons: 217.251763192625
finished_reconf: true
global_termination_time: 2208739.955
local_termination_time: 1189189.64936
node_cons: 45404.47137999964
tot_aggregated_send: 31552
tot_msg_rcv: 431
tot_msg_sent: 1038
tot_reconf_duration: 9.11
tot_sleeping_duration: 2174839.955
tot_uptimes: 566
tot_uptimes_duration: 33900.0
