comms_cons: 220.11827198811324
finished_reconf: true
global_termination_time: 2209636.578
local_termination_time: 688115.9353599999
node_cons: 45409.25153999951
tot_aggregated_send: 31494
tot_msg_rcv: 698
tot_msg_sent: 1265
tot_reconf_duration: 12.629999999999999
tot_sleeping_duration: 2175736.578
tot_uptimes: 566
tot_uptimes_duration: 33900.0
