comms_cons: 229.0557567753067
finished_reconf: true
global_termination_time: 2208543.064
local_termination_time: 329079.3286000001
node_cons: 45396.31517005106
tot_aggregated_send: 29232
tot_msg_rcv: 2031
tot_msg_sent: 3552
tot_reconf_duration: 3.05
tot_sleeping_duration: 2174643.009280021
tot_uptimes: 566
tot_uptimes_duration: 33900.05471997871
