comms_cons: 220.63911678070684
finished_reconf: true
global_termination_time: 2208932.544
local_termination_time: 960084.985
node_cons: 45407.499685583585
tot_aggregated_send: 29221
tot_msg_rcv: 1342
tot_msg_sent: 2972
tot_reconf_duration: 11.31
tot_sleeping_duration: 2175032.5136000123
tot_uptimes: 566
tot_uptimes_duration: 33900.03039998817
