comms_cons: 114.3674880043798
finished_reconf: true
global_termination_time: 759808.783
local_termination_time: 19083.51936
node_cons: 15610.705462238284
tot_aggregated_send: 0
tot_msg_rcv: 8866
tot_msg_sent: 8518
tot_reconf_duration: 18.21
tot_sleeping_duration: 748168.7708400013
tot_uptimes: 195
tot_uptimes_duration: 11640.012159998703
