comms_cons: 80.25966079868574
finished_reconf: true
global_termination_time: 794677.579
local_termination_time: 463943.4163600001
node_cons: 16339.778700000057
tot_aggregated_send: 11078
tot_msg_rcv: 446
tot_msg_sent: 675
tot_reconf_duration: 22.65
tot_sleeping_duration: 782497.579
tot_uptimes: 204
tot_uptimes_duration: 12180.0
