comms_cons: 78.76743679921344
finished_reconf: true
global_termination_time: 790319.8
local_termination_time: 290868.6756000001
node_cons: 16244.047121121452
tot_aggregated_send: 11078
tot_msg_rcv: 263
tot_msg_sent: 631
tot_reconf_duration: 11.31
tot_sleeping_duration: 778199.793919999
tot_uptimes: 203
tot_uptimes_duration: 12120.006080001069
