comms_cons: 96.99056639972557
finished_reconf: true
global_termination_time: 987135.051
local_termination_time: 4411.360000000001
node_cons: 20254.468962241754
tot_aggregated_send: 14261
tot_msg_rcv: 131
tot_msg_sent: 350
tot_reconf_duration: 6.46
tot_sleeping_duration: 972015.0388399987
tot_uptimes: 253
tot_uptimes_duration: 15120.012160001286
