comms_cons: 22.665344000196555
finished_reconf: true
global_termination_time: 229460.497
local_termination_time: 69518.11547999995
node_cons: 4666.251980000001
tot_aggregated_send: 3074
tot_msg_rcv: 85
tot_msg_sent: 286
tot_reconf_duration: 4.8100000000000005
tot_sleeping_duration: 225980.497
tot_uptimes: 59
tot_uptimes_duration: 3480.0
