comms_cons: 45.355059202859124
finished_reconf: true
global_termination_time: 233168.546
local_termination_time: 3153.52036
node_cons: 4746.021620000004
tot_aggregated_send: 0
tot_msg_rcv: 3470
tot_msg_sent: 3422
tot_reconf_duration: 4.390000000000001
tot_sleeping_duration: 229628.546
tot_uptimes: 60
tot_uptimes_duration: 3540.0
