comms_cons: 198.7876096124299
finished_reconf: true
global_termination_time: 229329.78644000067
local_termination_time: 229329.74532000066
node_cons: 23009.75906723924
tot_aggregated_send: 0
tot_msg_rcv: 13645
tot_msg_sent: 16569
tot_reconf_duration: 24.59
tot_sleeping_duration: 212170.43928000127
tot_uptimes: 275
tot_uptimes_duration: 17159.347159999397
