comms_cons: 254.5821440071745
finished_reconf: true
global_termination_time: 2544212.375
local_termination_time: 16832.742720000006
node_cons: 52347.650432146824
tot_aggregated_send: 35612
tot_msg_rcv: 930
tot_msg_sent: 2153
tot_reconf_duration: 18.21
tot_sleeping_duration: 2505136.257560009
tot_uptimes: 652
tot_uptimes_duration: 39076.11743999075
