comms_cons: 254.49934720705986
finished_reconf: true
global_termination_time: 2542611.065239997
local_termination_time: 114933.41935999997
node_cons: 52338.3172860565
tot_aggregated_send: 35380
tot_msg_rcv: 979
tot_msg_sent: 2325
tot_reconf_duration: 13.17
tot_sleeping_duration: 2503536.806520014
tot_uptimes: 652
tot_uptimes_duration: 39074.258719983045
