comms_cons: 140.20275199898097
finished_reconf: true
global_termination_time: 1425589.748
local_termination_time: 7260.8409999999985
node_cons: 29358.54158223689
tot_aggregated_send: 20797
tot_msg_rcv: 163
tot_msg_sent: 350
tot_reconf_duration: 25.35
tot_sleeping_duration: 1403689.735840002
tot_uptimes: 366
tot_uptimes_duration: 21900.01215999764
