comms_cons: 412.2772160829715
finished_reconf: true
global_termination_time: 4038174.955
local_termination_time: 2946072.52548
node_cons: 83102.3512644657
tot_aggregated_send: 55042
tot_msg_rcv: 2705
tot_msg_sent: 4915
tot_reconf_duration: 22.65
tot_sleeping_duration: 3976134.930680009
tot_uptimes: 1035
tot_uptimes_duration: 62040.024319991004
