comms_cons: 797.4749965507212
finished_reconf: true
global_termination_time: 4035404.400639997
local_termination_time: 3385.72536
node_cons: 83043.32069965797
tot_aggregated_send: 0
tot_msg_rcv: 61265
tot_msg_sent: 59945
tot_reconf_duration: 5.57
tot_sleeping_duration: 3973391.1395200114
tot_uptimes: 1034
tot_uptimes_duration: 62013.26111998512
