comms_cons: 409.9995392685813
finished_reconf: true
global_termination_time: 4041146.456
local_termination_time: 1736114.8093599998
node_cons: 83092.12008558311
tot_aggregated_send: 55738
tot_msg_rcv: 2351
tot_msg_sent: 4228
tot_reconf_duration: 15.110000000000001
tot_sleeping_duration: 3979106.425600011
tot_uptimes: 1035
tot_uptimes_duration: 62040.030399989104
