comms_cons: 406.62298885325947
finished_reconf: true
global_termination_time: 4035655.812
local_termination_time: 1966711.8307999996
node_cons: 83006.13080558354
tot_aggregated_send: 55970
tot_msg_rcv: 1893
tot_msg_sent: 3941
tot_reconf_duration: 10.95
tot_sleeping_duration: 3973675.7816000106
tot_uptimes: 1034
tot_uptimes_duration: 61980.030399989104
