comms_cons: 407.6281216630821
finished_reconf: true
global_termination_time: 4038411.086
local_termination_time: 156639.1412000002
node_cons: 83092.47313117664
tot_aggregated_send: 55738
tot_msg_rcv: 2086
tot_msg_sent: 4134
tot_reconf_duration: 15.34
tot_sleeping_duration: 3976371.0252000163
tot_uptimes: 1035
tot_uptimes_duration: 62040.060799984145
