comms_cons: 144.4278527946256
finished_reconf: true
global_termination_time: 1438582.025
local_termination_time: 880593.5504799979
node_cons: 29572.638394955462
tot_aggregated_send: 19894
tot_msg_rcv: 720
tot_msg_sent: 1340
tot_reconf_duration: 4.390000000000001
tot_sleeping_duration: 1416500.8623600034
tot_uptimes: 369
tot_uptimes_duration: 22081.16263999656
