comms_cons: 142.2028287912292
finished_reconf: true
global_termination_time: 1435140.951
local_termination_time: 785836.6933599999
node_cons: 29488.92190000011
tot_aggregated_send: 20300
tot_msg_rcv: 422
tot_msg_sent: 892
tot_reconf_duration: 3.05
tot_sleeping_duration: 1413120.951
tot_uptimes: 368
tot_uptimes_duration: 22020.0
