comms_cons: 318.35025922268335
finished_reconf: true
global_termination_time: 3170102.351
local_termination_time: 205902.16436000005
node_cons: 65163.22791564872
tot_aggregated_send: 42978
tot_msg_rcv: 1726
tot_msg_sent: 3686
tot_reconf_duration: 5.43
tot_sleeping_duration: 3121442.2658800217
tot_uptimes: 812
tot_uptimes_duration: 48660.08511997765
