comms_cons: 78.31258239955623
finished_reconf: true
global_termination_time: 766804.688
local_termination_time: 91882.38735999943
node_cons: 15762.050501994643
tot_aggregated_send: 10208
tot_msg_rcv: 528
tot_msg_sent: 1167
tot_reconf_duration: 7.819999999999999
tot_sleeping_duration: 755041.110000004
tot_uptimes: 197
tot_uptimes_duration: 11763.577999995978
