comms_cons: 75.0752511998713
finished_reconf: true
global_termination_time: 763736.107
local_termination_time: 340509.0744000008
node_cons: 15673.673940000013
tot_aggregated_send: 11020
tot_msg_rcv: 106
tot_msg_sent: 285
tot_reconf_duration: 5.43
tot_sleeping_duration: 752036.107
tot_uptimes: 196
tot_uptimes_duration: 11700.0
