comms_cons: 286.4063615999009
finished_reconf: true
global_termination_time: 2810820.314
local_termination_time: 6295.989999999999
node_cons: 57859.79765565374
tot_aggregated_send: 38849
tot_msg_rcv: 1769
tot_msg_sent: 2914
tot_reconf_duration: 10.96
tot_sleeping_duration: 2767620.2288800185
tot_uptimes: 720
tot_uptimes_duration: 43200.08511998115
