comms_cons: 268.1277440214503
finished_reconf: true
global_termination_time: 2811125.816
local_termination_time: 3986.2889999999998
node_cons: 57860.77274781774
tot_aggregated_send: 39428
tot_msg_rcv: 476
tot_msg_sent: 850
tot_reconf_duration: 11.719999999999999
tot_sleeping_duration: 2767925.773440016
tot_uptimes: 720
tot_uptimes_duration: 43200.04255998414
