comms_cons: 270.2589376095677
finished_reconf: true
global_termination_time: 2808070.532
local_termination_time: 7264.617
node_cons: 57853.62966781805
tot_aggregated_send: 39433
tot_msg_rcv: 595
tot_msg_sent: 1049
tot_reconf_duration: 6.46
tot_sleeping_duration: 2764870.489440016
tot_uptimes: 720
tot_uptimes_duration: 43200.04255998437
