comms_cons: 35.798054400460174
finished_reconf: true
global_termination_time: 356785.88512
local_termination_time: 356785.844
node_cons: 7358.485593043199
tot_aggregated_send: 4858
tot_msg_rcv: 171
tot_msg_sent: 412
tot_reconf_duration: 24.59
tot_sleeping_duration: 351315.3157599976
tot_uptimes: 92
tot_uptimes_duration: 5470.569360002373
