comms_cons: 183.3949568221562
finished_reconf: true
global_termination_time: 380815.94148000015
local_termination_time: 3600.725000000004
node_cons: 22987.33696292148
tot_aggregated_send: 0
tot_msg_rcv: 11317
tot_msg_sent: 16556
tot_reconf_duration: 18.21
tot_sleeping_duration: 363666.8691999991
tot_uptimes: 280
tot_uptimes_duration: 17149.072280001077
