comms_cons: 112.94575360578203
finished_reconf: true
global_termination_time: 570338.622
local_termination_time: 350846.4124800001
node_cons: 11760.414982242912
tot_aggregated_send: 0
tot_msg_rcv: 8715
tot_msg_sent: 8453
tot_reconf_duration: 22.65
tot_sleeping_duration: 561578.6098399978
tot_uptimes: 147
tot_uptimes_duration: 8760.01216000214
