comms_cons: 58.752883201295695
finished_reconf: true
global_termination_time: 568997.315
local_termination_time: 303488.4493600001
node_cons: 11659.943983364317
tot_aggregated_send: 7134
tot_msg_rcv: 655
tot_msg_sent: 1141
tot_reconf_duration: 7.819999999999999
tot_sleeping_duration: 560297.2967599968
tot_uptimes: 146
tot_uptimes_duration: 8700.018240003206
