comms_cons: 58.891046399424276
finished_reconf: true
global_termination_time: 568987.261
local_termination_time: 298747.4382800008
node_cons: 11656.698363359697
tot_aggregated_send: 7308
tot_msg_rcv: 541
tot_msg_sent: 1102
tot_reconf_duration: 5.43
tot_sleeping_duration: 560287.2427600003
tot_uptimes: 146
tot_uptimes_duration: 8700.018239999772
