comms_cons: 39.336691201088485
finished_reconf: true
global_termination_time: 378410.64
local_termination_time: 26829.989999999998
node_cons: 7735.130936403161
tot_aggregated_send: 4693
tot_msg_rcv: 414
tot_msg_sent: 873
tot_reconf_duration: 12.629999999999999
tot_sleeping_duration: 372646.6523999977
tot_uptimes: 97
tot_uptimes_duration: 5763.987600002358
