comms_cons: 192.80968958806028
finished_reconf: true
global_termination_time: 1912943.991
local_termination_time: 847523.456
node_cons: 39297.87586686416
tot_aggregated_send: 26736
tot_msg_rcv: 942
tot_msg_sent: 1627
tot_reconf_duration: 6.279999999999999
tot_sleeping_duration: 1883601.6850800116
tot_uptimes: 490
tot_uptimes_duration: 29342.305919988314
