comms_cons: 193.37535358427476
finished_reconf: true
global_termination_time: 1908718.676
local_termination_time: 74638.23159999968
node_cons: 39214.43188893903
tot_aggregated_send: 26158
tot_msg_rcv: 1082
tot_msg_sent: 2151
tot_reconf_duration: 6.22
tot_sleeping_duration: 1879438.6273600156
tot_uptimes: 489
tot_uptimes_duration: 29280.04863998451
