comms_cons: 190.571788788794
finished_reconf: true
global_termination_time: 1908012.01924
local_termination_time: 5473.31048
node_cons: 39241.71565494399
tot_aggregated_send: 26738
tot_msg_rcv: 691
tot_msg_sent: 1537
tot_reconf_duration: 11.31
tot_sleeping_duration: 1878716.7566000118
tot_uptimes: 489
tot_uptimes_duration: 29295.262639988214
