comms_cons: 3.0270591999923275
finished_reconf: true
global_termination_time: 17125.624
local_termination_time: 4329.6813600000005
node_cons: 325.5426399999999
tot_aggregated_send: 0
tot_msg_rcv: 286
tot_msg_sent: 174
tot_reconf_duration: 3.08
tot_sleeping_duration: 16885.624
tot_uptimes: 5
tot_uptimes_duration: 240.0
