comms_cons: 2.4211455999919993
finished_reconf: true
global_termination_time: 18215.335
local_termination_time: 9797.00036
node_cons: 333.7313800000008
tot_aggregated_send: 0
tot_msg_rcv: 197
tot_msg_sent: 170
tot_reconf_duration: 9.11
tot_sleeping_duration: 17975.335
tot_uptimes: 5
tot_uptimes_duration: 240.0
