comms_cons: 2.875737599989788
finished_reconf: true
global_termination_time: 12767.881
local_termination_time: 10601.81136
node_cons: 261.53937999999835
tot_aggregated_send: 0
tot_msg_rcv: 274
tot_msg_sent: 164
tot_reconf_duration: 15.110000000000001
tot_sleeping_duration: 12587.881
tot_uptimes: 4
tot_uptimes_duration: 180.0
