comms_cons: 2.6645759999940384
finished_reconf: true
global_termination_time: 15690.659
local_termination_time: 4014.3143600000003
node_cons: 337.52020000000016
tot_aggregated_send: 0
tot_msg_rcv: 237
tot_msg_sent: 168
tot_reconf_duration: 11.899999999999999
tot_sleeping_duration: 15450.659
tot_uptimes: 5
tot_uptimes_duration: 240.0
