comms_cons: 3.119167999993204
finished_reconf: true
global_termination_time: 16124.907
local_termination_time: 9222.26936
node_cons: 329.80675999999914
tot_aggregated_send: 0
tot_msg_rcv: 303
tot_msg_sent: 171
tot_reconf_duration: 6.22
tot_sleeping_duration: 15884.907
tot_uptimes: 5
tot_uptimes_duration: 240.0
