comms_cons: 462.8532992629807
finished_reconf: true
global_termination_time: 4653598.898
local_termination_time: 16832.701600000004
node_cons: 95731.22793693781
tot_aggregated_send: 65366
tot_msg_rcv: 1574
tot_msg_sent: 3411
tot_reconf_duration: 18.21
tot_sleeping_duration: 4582122.797360015
tot_uptimes: 1192
tot_uptimes_duration: 71476.10063998542
