comms_cons: 458.4925760391857
finished_reconf: true
global_termination_time: 4656734.111
local_termination_time: 2845652.0033999984
node_cons: 95788.32739006309
tot_aggregated_send: 64670
tot_msg_rcv: 1681
tot_msg_sent: 3337
tot_reconf_duration: 15.34
tot_sleeping_duration: 4585212.45628001
tot_uptimes: 1193
tot_uptimes_duration: 71521.65471998951
