comms_cons: 469.09329929492117
finished_reconf: true
global_termination_time: 4656932.98
local_termination_time: 505143.0243200006
node_cons: 95790.75601116715
tot_aggregated_send: 64322
tot_msg_rcv: 2398
tot_msg_sent: 4579
tot_reconf_duration: 18.700000000000003
tot_sleeping_duration: 4585412.919200023
tot_uptimes: 1193
tot_uptimes_duration: 71520.06079997751
