comms_cons: 31.119616000731966
finished_reconf: true
global_termination_time: 301058.277
local_termination_time: 236091.79348000008
node_cons: 6206.715662242889
tot_aggregated_send: 4002
tot_msg_rcv: 275
tot_msg_sent: 453
tot_reconf_duration: 15.110000000000001
tot_sleeping_duration: 296438.26483999786
tot_uptimes: 78
tot_uptimes_duration: 4620.0121600021375
