comms_cons: 31.93606400082406
finished_reconf: true
global_termination_time: 301785.218
local_termination_time: 17505.677
node_cons: 6203.364104483449
tot_aggregated_send: 3765
tot_msg_rcv: 397
tot_msg_sent: 692
tot_reconf_duration: 12.629999999999999
tot_sleeping_duration: 297165.1936799974
tot_uptimes: 78
tot_uptimes_duration: 4620.0243200025725
