comms_cons: 30.823552000276827
finished_reconf: true
global_termination_time: 302707.892
local_termination_time: 1197.6713600000003
node_cons: 6192.711980000006
tot_aggregated_send: 4002
tot_msg_rcv: 223
tot_msg_sent: 460
tot_reconf_duration: 4.8100000000000005
tot_sleeping_duration: 298087.892
tot_uptimes: 78
tot_uptimes_duration: 4620.0
