comms_cons: 38.172652800288326
finished_reconf: true
global_termination_time: 370248.098
local_termination_time: 13741.26136
node_cons: 7556.118182242869
tot_aggregated_send: 4988
tot_msg_rcv: 344
tot_msg_sent: 469
tot_reconf_duration: 3.05
tot_sleeping_duration: 364608.08583999786
tot_uptimes: 95
tot_uptimes_duration: 5640.0121600021375
