comms_cons: 210.84362239541187
finished_reconf: true
global_termination_time: 2136160.2315999996
local_termination_time: 2136160.1904799994
node_cons: 43999.13910951582
tot_aggregated_send: 30958
tot_msg_rcv: 326
tot_msg_sent: 762
tot_reconf_duration: 24.59
tot_sleeping_duration: 2103325.469920002
tot_uptimes: 548
tot_uptimes_duration: 32834.761679997435
