comms_cons: 1.822438399998163
finished_reconf: true
global_termination_time: 14721.892
local_termination_time: 7463.202360000001
node_cons: 248.3939399999992
tot_aggregated_send: 0
tot_msg_rcv: 142
tot_msg_sent: 135
tot_reconf_duration: 5.43
tot_sleeping_duration: 14541.892000000002
tot_uptimes: 4
tot_uptimes_duration: 180.0
