comms_cons: 83.23471361097829
finished_reconf: true
global_termination_time: 408560.2407200001
local_termination_time: 408560.1996000001
node_cons: 8407.27876704589
tot_aggregated_send: 0
tot_msg_rcv: 6601
tot_msg_sent: 6049
tot_reconf_duration: 24.59
tot_sleeping_duration: 402306.4053599957
tot_uptimes: 105
tot_uptimes_duration: 6253.835360004385
