comms_cons: 1.4934783999971775
finished_reconf: true
global_termination_time: 9644.45
local_termination_time: 5096.312360000001
node_cons: 171.6662200000002
tot_aggregated_send: 0
tot_msg_rcv: 118
tot_msg_sent: 109
tot_reconf_duration: 8.09
tot_sleeping_duration: 9524.45
tot_uptimes: 3
tot_uptimes_duration: 120.0
