comms_cons: 1.4408447999952403
finished_reconf: true
global_termination_time: 10548.843
local_termination_time: 6644.469360000001
node_cons: 181.1993800000008
tot_aggregated_send: 0
tot_msg_rcv: 117
tot_msg_sent: 102
tot_reconf_duration: 15.110000000000001
tot_sleeping_duration: 10428.843
tot_uptimes: 3
tot_uptimes_duration: 120.0
