comms_cons: 1.7434879999942396
finished_reconf: true
global_termination_time: 10346.673
local_termination_time: 4160.183360000001
node_cons: 167.21198000000055
tot_aggregated_send: 0
tot_msg_rcv: 153
tot_msg_sent: 112
tot_reconf_duration: 4.8100000000000005
tot_sleeping_duration: 10226.673
tot_uptimes: 3
tot_uptimes_duration: 120.0
