comms_cons: 77.94952319960798
finished_reconf: true
global_termination_time: 776693.482
local_termination_time: 468642.3957200001
node_cons: 15914.892201116863
tot_aggregated_send: 10672
tot_msg_rcv: 411
tot_msg_sent: 764
tot_reconf_duration: 5.57
tot_sleeping_duration: 764813.4759200023
tot_uptimes: 199
tot_uptimes_duration: 11880.006079997635
