comms_cons: 80.42379519981237
finished_reconf: true
global_termination_time: 773599.379
local_termination_time: 450106.9603600005
node_cons: 15914.262082242873
tot_aggregated_send: 10034
tot_msg_rcv: 831
tot_msg_sent: 1358
tot_reconf_duration: 5.1
tot_sleeping_duration: 761719.3668399978
tot_uptimes: 199
tot_uptimes_duration: 11880.012160002152
