comms_cons: 824.2249922017177
finished_reconf: true
global_termination_time: 8269781.162
local_termination_time: 2982898.67836
node_cons: 170114.1862466967
tot_aggregated_send: 113970
tot_msg_rcv: 3717
tot_msg_sent: 7587
tot_reconf_duration: 25.299999999999997
tot_sleeping_duration: 8142761.125520012
tot_uptimes: 2118
tot_uptimes_duration: 127020.0364799872
