comms_cons: 824.4099841915594
finished_reconf: true
global_termination_time: 8267478.513
local_termination_time: 2999960.14448
node_cons: 170097.72998893083
tot_aggregated_send: 114376
tot_msg_rcv: 3762
tot_msg_sent: 7166
tot_reconf_duration: 13.17
tot_sleeping_duration: 8140458.464360017
tot_uptimes: 2118
tot_uptimes_duration: 127020.0486399827
