comms_cons: 810.3293377399806
finished_reconf: true
global_termination_time: 8270472.141
local_termination_time: 5155198.091079999
node_cons: 170096.96410446253
tot_aggregated_send: 115072
tot_msg_rcv: 2644
tot_msg_sent: 5450
tot_reconf_duration: 12.629999999999999
tot_sleeping_duration: 8143452.116680008
tot_uptimes: 2118
tot_uptimes_duration: 127020.02431999147
