comms_cons: 813.2041665332355
finished_reconf: true
global_termination_time: 8268744.964
local_termination_time: 5700331.838759998
node_cons: 170096.5460168663
tot_aggregated_send: 114492
tot_msg_rcv: 2986
tot_msg_sent: 6124
tot_reconf_duration: 10.95
tot_sleeping_duration: 8141723.548080006
tot_uptimes: 2118
tot_uptimes_duration: 127021.415919994
