comms_cons: 161.08199033586092
finished_reconf: true
global_termination_time: 1317432.211
local_termination_time: 110785.91259999997
node_cons: 27099.765082646136
tot_aggregated_send: 8236
tot_msg_rcv: 6527
tot_msg_sent: 9728
tot_reconf_duration: 18.21
tot_sleeping_duration: 1297211.8705200553
tot_uptimes: 338
tot_uptimes_duration: 20220.340479944818
