comms_cons: 129.3417471994517
finished_reconf: true
global_termination_time: 1316025.67712
local_termination_time: 1316025.636
node_cons: 27139.51072968
tot_aggregated_send: 19230
tot_msg_rcv: 132
tot_msg_sent: 299
tot_reconf_duration: 37.410000000000004
tot_sleeping_duration: 1295795.126
tot_uptimes: 338
tot_uptimes_duration: 20230.55111999996
