comms_cons: 130.04446719654413
finished_reconf: true
global_termination_time: 1318583.456
local_termination_time: 346563.00836000004
node_cons: 27092.464860000022
tot_aggregated_send: 18908
tot_msg_rcv: 252
tot_msg_sent: 606
tot_reconf_duration: 13.17
tot_sleeping_duration: 1298363.456
tot_uptimes: 338
tot_uptimes_duration: 20220.0
