comms_cons: 130.33667839843977
finished_reconf: true
global_termination_time: 1317672.14
local_termination_time: 328517.57999999996
node_cons: 27084.37089176146
tot_aggregated_send: 18963
tot_msg_rcv: 267
tot_msg_sent: 581
tot_reconf_duration: 4.8100000000000005
tot_sleeping_duration: 1297449.706159999
tot_uptimes: 338
tot_uptimes_duration: 20222.43384000106
