comms_cons: 128.54301439658136
finished_reconf: true
global_termination_time: 1316789.619
local_termination_time: 211237.92336000007
node_cons: 27091.739681121482
tot_aggregated_send: 18850
tot_msg_rcv: 174
tot_msg_sent: 514
tot_reconf_duration: 12.629999999999999
tot_sleeping_duration: 1296569.6129199988
tot_uptimes: 338
tot_uptimes_duration: 20220.00608000107
