comms_cons: 128.91942399628226
finished_reconf: true
global_termination_time: 1319123.773
local_termination_time: 513903.7330400008
node_cons: 27089.450100000056
tot_aggregated_send: 18966
tot_msg_rcv: 219
tot_msg_sent: 410
tot_reconf_duration: 10.95
tot_sleeping_duration: 1298903.773
tot_uptimes: 338
tot_uptimes_duration: 20220.0
