comms_cons: 129.89314559805294
finished_reconf: true
global_termination_time: 1317300.671
local_termination_time: 117649.82423999942
node_cons: 27078.721900000026
tot_aggregated_send: 18792
tot_msg_rcv: 299
tot_msg_sent: 652
tot_reconf_duration: 3.05
tot_sleeping_duration: 1297080.671
tot_uptimes: 338
tot_uptimes_duration: 20220.0
