comms_cons: 129.11834879816342
finished_reconf: true
global_termination_time: 1319327.634
local_termination_time: 318995.92320000066
node_cons: 27081.953940000032
tot_aggregated_send: 19024
tot_msg_rcv: 187
tot_msg_sent: 413
tot_reconf_duration: 5.43
tot_sleeping_duration: 1299107.634
tot_uptimes: 338
tot_uptimes_duration: 20220.0
