comms_cons: 754.519475412206
finished_reconf: true
global_termination_time: 7533252.419
local_termination_time: 2048767.4163199987
node_cons: 154996.78127228311
tot_aggregated_send: 103646
tot_msg_rcv: 3494
tot_msg_sent: 7542
tot_reconf_duration: 15.34
tot_sleeping_duration: 7417512.352120023
tot_uptimes: 1930
tot_uptimes_duration: 115740.06687997631
