comms_cons: 749.4351361717052
finished_reconf: true
global_termination_time: 7533290.265
local_termination_time: 2390106.17248
node_cons: 154982.87535228312
tot_aggregated_send: 104284
tot_msg_rcv: 3062
tot_msg_sent: 6562
tot_reconf_duration: 5.1
tot_sleeping_duration: 7417550.198120023
tot_uptimes: 1930
tot_uptimes_duration: 115740.06687997631
