comms_cons: 750.055757011334
finished_reconf: true
global_termination_time: 7531313.971
local_termination_time: 3539973.88236
node_cons: 154899.75962781455
tot_aggregated_send: 102544
tot_msg_rcv: 4095
tot_msg_sent: 7362
tot_reconf_duration: 3.08
tot_sleeping_duration: 7415633.928440015
tot_uptimes: 1929
tot_uptimes_duration: 115680.04255998484
