comms_cons: 741.1585985237552
finished_reconf: true
global_termination_time: 7535602.736
local_termination_time: 3815502.6633599997
node_cons: 154988.28836781456
tot_aggregated_send: 104748
tot_msg_rcv: 2621
tot_msg_sent: 5282
tot_reconf_duration: 9.11
tot_sleeping_duration: 7419862.6934400145
tot_uptimes: 1930
tot_uptimes_duration: 115740.04255998507
