comms_cons: 739.2760641056124
finished_reconf: true
global_termination_time: 7531783.745
local_termination_time: 4146373.061079999
node_cons: 154916.08822669805
tot_aggregated_send: 104922
tot_msg_rcv: 2312
tot_msg_sent: 5132
tot_reconf_duration: 15.110000000000001
tot_sleeping_duration: 7416103.708520013
tot_uptimes: 1929
tot_uptimes_duration: 115680.0364799872
