comms_cons: 733.3794881061739
finished_reconf: true
global_termination_time: 7532109.547
local_termination_time: 4966149.22512
node_cons: 154910.39824111213
tot_aggregated_send: 104632
tot_msg_rcv: 2160
tot_msg_sent: 4677
tot_reconf_duration: 10.95
tot_sleeping_duration: 7416429.540920002
tot_uptimes: 1929
tot_uptimes_duration: 115680.00607999787
