comms_cons: 735.3414400666861
finished_reconf: true
global_termination_time: 7535703.524
local_termination_time: 5179548.386359999
node_cons: 154992.020199994
tot_aggregated_send: 107706
tot_msg_rcv: 1328
tot_msg_sent: 2733
tot_reconf_duration: 11.899999999999999
tot_sleeping_duration: 7419963.524
tot_uptimes: 1930
tot_uptimes_duration: 115740.0
