comms_cons: 752.5687361667487
finished_reconf: true
global_termination_time: 7536241.428
local_termination_time: 689674.5557999985
node_cons: 154986.5853945168
tot_aggregated_send: 105154
tot_msg_rcv: 3011
tot_msg_sent: 6222
tot_reconf_duration: 7.819999999999999
tot_sleeping_duration: 7420501.348960029
tot_uptimes: 1930
tot_uptimes_duration: 115740.07903997158
