comms_cons: 757.6268034097063
finished_reconf: true
global_termination_time: 7535665.008
local_termination_time: 1759799.6943599998
node_cons: 154991.31667339994
tot_aggregated_send: 104458
tot_msg_rcv: 3655
tot_msg_sent: 7041
tot_reconf_duration: 11.31
tot_sleeping_duration: 7419924.935040027
tot_uptimes: 1930
tot_uptimes_duration: 115740.07295997394
