comms_cons: 165.4220799873941
finished_reconf: true
global_termination_time: 1642206.817759999
local_termination_time: 1642206.7766399991
node_cons: 33821.35019157804
tot_aggregated_send: 22838
tot_msg_rcv: 760
tot_msg_sent: 1545
tot_reconf_duration: 24.59
tot_sleeping_duration: 1616973.0933600154
tot_uptimes: 421
tot_uptimes_duration: 25233.724399983592
