comms_cons: 164.3759871886226
finished_reconf: true
global_termination_time: 1646287.747
local_termination_time: 1009804.4329199983
node_cons: 33844.01242558413
tot_aggregated_send: 22678
tot_msg_rcv: 749
tot_msg_sent: 1558
tot_reconf_duration: 15.34
tot_sleeping_duration: 1621027.7166000118
tot_uptimes: 422
tot_uptimes_duration: 25260.030399988173
