comms_cons: 165.1122303869991
finished_reconf: true
global_termination_time: 1642207.09748
local_termination_time: 409411.38860000006
node_cons: 33788.92120993782
tot_aggregated_send: 23026
tot_msg_rcv: 729
tot_msg_sent: 1341
tot_reconf_duration: 13.17
tot_sleeping_duration: 1616986.0098400165
tot_uptimes: 421
tot_uptimes_duration: 25221.087639983452
