comms_cons: 55.41660160069486
finished_reconf: true
global_termination_time: 556065.308
local_termination_time: 122600.73291999983
node_cons: 11439.046841121457
tot_aggregated_send: 7598
tot_msg_rcv: 297
tot_msg_sent: 528
tot_reconf_duration: 22.65
tot_sleeping_duration: 547545.3019199988
tot_uptimes: 143
tot_uptimes_duration: 8520.006080001069
