comms_cons: 110.47197440892002
finished_reconf: true
global_termination_time: 556150.693
local_termination_time: 3580.0033600000006
node_cons: 11442.669964485738
tot_aggregated_send: 0
tot_msg_rcv: 8574
tot_msg_sent: 8217
tot_reconf_duration: 25.299999999999997
tot_sleeping_duration: 547630.6686799957
tot_uptimes: 143
tot_uptimes_duration: 8520.024320004275
