comms_cons: 266.49835520796563
finished_reconf: true
global_termination_time: 2701209.48548
local_termination_time: 2701209.4443599996
node_cons: 55566.69980095216
tot_aggregated_send: 39078
tot_msg_rcv: 433
tot_msg_sent: 994
tot_reconf_duration: 24.59
tot_sleeping_duration: 2659735.7688400047
tot_uptimes: 692
tot_uptimes_duration: 41473.71663999508
