comms_cons: 271.5124415914304
finished_reconf: true
global_termination_time: 2702983.736
local_termination_time: 558003.7373599999
node_cons: 55601.33117228424
tot_aggregated_send: 36192
tot_msg_rcv: 1757
tot_msg_sent: 3321
tot_reconf_duration: 4.390000000000001
tot_sleeping_duration: 2661463.669120026
tot_uptimes: 693
tot_uptimes_duration: 41520.06687997398
