comms_cons: 532.6681921857688
finished_reconf: true
global_termination_time: 3415617.125
local_termination_time: 1827831.3037999994
node_cons: 70225.6963811153
tot_aggregated_send: 0
tot_msg_rcv: 40819
tot_msg_sent: 40141
tot_reconf_duration: 6.279999999999999
tot_sleeping_duration: 3363177.118920002
tot_uptimes: 875
tot_uptimes_duration: 52440.006079997635
