comms_cons: 343.393369626916
finished_reconf: true
global_termination_time: 3414969.388
local_termination_time: 1184997.2394399997
node_cons: 70234.36038670022
tot_aggregated_send: 47270
tot_msg_rcv: 1677
tot_msg_sent: 3248
tot_reconf_duration: 12.629999999999999
tot_sleeping_duration: 3362529.3515200135
tot_uptimes: 875
tot_uptimes_duration: 52440.03647998627
