comms_cons: 343.3289728219967
finished_reconf: true
global_termination_time: 3416545.057
local_termination_time: 1627839.8124799998
node_cons: 70224.58278669998
tot_aggregated_send: 47270
tot_msg_rcv: 1774
tot_msg_sent: 3140
tot_reconf_duration: 5.43
tot_sleeping_duration: 3364105.0205200138
tot_uptimes: 875
tot_uptimes_duration: 52440.03647998627
