comms_cons: 125.81175038959823
finished_reconf: true
global_termination_time: 636585.918
local_termination_time: 2748.00736
node_cons: 13120.181744481142
tot_aggregated_send: 0
tot_msg_rcv: 9677
tot_msg_sent: 9445
tot_reconf_duration: 18.21
tot_sleeping_duration: 626805.8936799992
tot_uptimes: 164
tot_uptimes_duration: 9780.02432000084
