comms_cons: 63.58138880031019
finished_reconf: true
global_termination_time: 636011.765
local_termination_time: 370271.8503200002
node_cons: 13032.973001116829
tot_aggregated_send: 8816
tot_msg_rcv: 277
tot_msg_sent: 571
tot_reconf_duration: 13.17
tot_sleeping_duration: 626291.7589200024
tot_uptimes: 163
tot_uptimes_duration: 9720.006079997635
