comms_cons: 66.72009599835393
finished_reconf: true
global_termination_time: 639201.352
local_termination_time: 200520.59636000005
node_cons: 13102.867210088287
tot_aggregated_send: 7714
tot_msg_rcv: 680
tot_msg_sent: 1746
tot_reconf_duration: 5.43
tot_sleeping_duration: 629421.2972799938
tot_uptimes: 164
tot_uptimes_duration: 9780.054720006185
