comms_cons: 406.1314240628245
finished_reconf: true
global_termination_time: 4055719.623
local_termination_time: 24753.758480000004
node_cons: 83401.52151005123
tot_aggregated_send: 57130
tot_msg_rcv: 1517
tot_msg_sent: 3083
tot_reconf_duration: 6.279999999999999
tot_sleeping_duration: 3993439.56828002
tot_uptimes: 1039
tot_uptimes_duration: 62280.05471998011
