comms_cons: 408.95667846833317
finished_reconf: true
global_termination_time: 4059721.196
local_termination_time: 2835267.304519999
node_cons: 83488.14638223145
tot_aggregated_send: 56608
tot_msg_rcv: 1903
tot_msg_sent: 3648
tot_reconf_duration: 10.95
tot_sleeping_duration: 3997381.1838400047
tot_uptimes: 1040
tot_uptimes_duration: 62340.0121599955
