comms_cons: 402.5812480268438
finished_reconf: true
global_termination_time: 4059093.843
local_termination_time: 2910824.62436
node_cons: 83489.42019999772
tot_aggregated_send: 58406
tot_msg_rcv: 939
tot_msg_sent: 1845
tot_reconf_duration: 11.899999999999999
tot_sleeping_duration: 3996753.843
tot_uptimes: 1040
tot_uptimes_duration: 62340.0
