comms_cons: 408.2037504797157
finished_reconf: true
global_termination_time: 4055310.004
local_termination_time: 1129826.0238399997
node_cons: 83403.58026558367
tot_aggregated_send: 56492
tot_msg_rcv: 1838
tot_msg_sent: 3713
tot_reconf_duration: 7.819999999999999
tot_sleeping_duration: 3993029.973600011
tot_uptimes: 1039
tot_uptimes_duration: 62280.03039998934
