comms_cons: 264.1943551890321
finished_reconf: true
global_termination_time: 2661971.34
local_termination_time: 888524.9649599997
node_cons: 54717.53418446645
tot_aggregated_send: 36946
tot_msg_rcv: 1117
tot_msg_sent: 2093
tot_reconf_duration: 4.390000000000001
tot_sleeping_duration: 2621111.3156800093
tot_uptimes: 682
tot_uptimes_duration: 40860.02431999054
