comms_cons: 260.6093183814898
finished_reconf: true
global_termination_time: 2665803.871
local_termination_time: 1665980.2204399996
node_cons: 54800.334901115886
tot_aggregated_send: 36424
tot_msg_rcv: 1072
tot_msg_sent: 2116
tot_reconf_duration: 6.22
tot_sleeping_duration: 2624883.8649200024
tot_uptimes: 683
tot_uptimes_duration: 40920.006079997635
