comms_cons: 98.01378559808121
finished_reconf: true
global_termination_time: 993303.144
local_termination_time: 345306.5449200003
node_cons: 20427.191720000068
tot_aggregated_send: 14268
tot_msg_rcv: 213
tot_msg_sent: 416
tot_reconf_duration: 15.34
tot_sleeping_duration: 978063.144
tot_uptimes: 255
tot_uptimes_duration: 15240.0
