comms_cons: 79.51785599633854
finished_reconf: true
global_termination_time: 781331.7281200005
local_termination_time: 150222.76736000009
node_cons: 16175.498507512275
tot_aggregated_send: 10382
tot_msg_rcv: 669
tot_msg_sent: 1035
tot_reconf_duration: 25.299999999999997
tot_sleeping_duration: 769277.1044400063
tot_uptimes: 201
tot_uptimes_duration: 12054.623679994198
