comms_cons: 80.13465599708648
finished_reconf: true
global_termination_time: 782895.263
local_termination_time: 377939.7120800006
node_cons: 16085.925565588761
tot_aggregated_send: 10672
tot_msg_rcv: 585
tot_msg_sent: 923
tot_reconf_duration: 13.17
tot_sleeping_duration: 770895.2326000085
tot_uptimes: 201
tot_uptimes_duration: 12000.030399991607
