comms_cons: 79.48035199798295
finished_reconf: true
global_termination_time: 784444.187
local_termination_time: 322889.37636
node_cons: 16093.410882242822
tot_aggregated_send: 10266
tot_msg_rcv: 571
tot_msg_sent: 1243
tot_reconf_duration: 18.700000000000003
tot_sleeping_duration: 772444.1748399979
tot_uptimes: 201
tot_uptimes_duration: 12000.012160002138
