comms_cons: 188.53355518501695
finished_reconf: true
global_termination_time: 1888325.894
local_termination_time: 1026488.3373199987
node_cons: 38814.84770111671
tot_aggregated_send: 25404
tot_msg_rcv: 1115
tot_msg_sent: 2137
tot_reconf_duration: 7.819999999999999
tot_sleeping_duration: 1859345.8879200025
tot_uptimes: 484
tot_uptimes_duration: 28980.006079997635
