comms_cons: 160.88817278745168
finished_reconf: true
global_termination_time: 1604472.079
local_termination_time: 521875.25636000006
node_cons: 32945.9971089347
tot_aggregated_send: 21924
tot_msg_rcv: 861
tot_msg_sent: 1668
tot_reconf_duration: 4.8100000000000005
tot_sleeping_duration: 1579872.0303600188
tot_uptimes: 411
tot_uptimes_duration: 24600.048639981076
