comms_cons: 334.2508288234052
finished_reconf: true
global_termination_time: 3328666.513
local_termination_time: 64916.468240000104
node_cons: 68465.92161117206
tot_aggregated_send: 46632
tot_msg_rcv: 1490
tot_msg_sent: 2681
tot_reconf_duration: 11.899999999999999
tot_sleeping_duration: 3277546.4522000197
tot_uptimes: 853
tot_uptimes_duration: 51120.060799980245
