comms_cons: 329.70320001111224
finished_reconf: true
global_termination_time: 3326440.97
local_termination_time: 1817118.7434399994
node_cons: 68376.77092781721
tot_aggregated_send: 46052
tot_msg_rcv: 1444
tot_msg_sent: 2617
tot_reconf_duration: 5.43
tot_sleeping_duration: 3275380.927440016
tot_uptimes: 852
tot_uptimes_duration: 51060.04255998414
