comms_cons: 175.35665278056527
finished_reconf: true
global_termination_time: 1709567.004
local_termination_time: 614143.22836
node_cons: 35117.14894558415
tot_aggregated_send: 22504
tot_msg_rcv: 1300
tot_msg_sent: 2850
tot_reconf_duration: 6.279999999999999
tot_sleeping_duration: 1683346.9736000118
tot_uptimes: 438
tot_uptimes_duration: 26220.030399988173
