comms_cons: 170.59865599064568
finished_reconf: true
global_termination_time: 1709862.205
local_termination_time: 143330.88484000016
node_cons: 35142.93739999997
tot_aggregated_send: 24186
tot_msg_rcv: 608
tot_msg_sent: 1136
tot_reconf_duration: 25.299999999999997
tot_sleeping_duration: 1683642.205
tot_uptimes: 438
tot_uptimes_duration: 26220.0
