comms_cons: 169.55816959397484
finished_reconf: true
global_termination_time: 1709721.924
local_termination_time: 588235.5619599996
node_cons: 35120.951379999926
tot_aggregated_send: 24534
tot_msg_rcv: 433
tot_msg_sent: 804
tot_reconf_duration: 9.11
tot_sleeping_duration: 1683501.924
tot_uptimes: 438
tot_uptimes_duration: 26220.0
