comms_cons: 177.31763197920478
finished_reconf: true
global_termination_time: 1708644.206
local_termination_time: 72771.52559999995
node_cons: 35114.62303117287
tot_aggregated_send: 22562
tot_msg_rcv: 1593
tot_msg_sent: 2796
tot_reconf_duration: 4.390000000000001
tot_sleeping_duration: 1682424.1452000202
tot_uptimes: 438
tot_uptimes_duration: 26220.06079997978
