comms_cons: 716.3176064821779
finished_reconf: true
global_termination_time: 7297342.621
local_termination_time: 4057646.8740000003
node_cons: 150104.79396230148
tot_aggregated_send: 101729
tot_msg_rcv: 2488
tot_msg_sent: 4659
tot_reconf_duration: 15.110000000000001
tot_sleeping_duration: 7185255.784120011
tot_uptimes: 1869
tot_uptimes_duration: 112086.8368799896
