comms_cons: 730.2184641777656
finished_reconf: true
global_termination_time: 7293430.496
local_termination_time: 87530.37607999991
node_cons: 150025.6526756325
tot_aggregated_send: 101616
tot_msg_rcv: 2968
tot_msg_sent: 6402
tot_reconf_duration: 22.65
tot_sleeping_duration: 7181410.410880032
tot_uptimes: 1868
tot_uptimes_duration: 112020.08511996828
