comms_cons: 728.5885889514174
finished_reconf: true
global_termination_time: 7292643.223
local_termination_time: 678029.59636
node_cons: 150001.41781451544
tot_aggregated_send: 101848
tot_msg_rcv: 3021
tot_msg_sent: 5871
tot_reconf_duration: 4.8100000000000005
tot_sleeping_duration: 7180623.14396003
tot_uptimes: 1868
tot_uptimes_duration: 112020.07903997041
