comms_cons: 731.6439617679198
finished_reconf: true
global_termination_time: 7293285.915
local_termination_time: 1086285.2539199982
node_cons: 150000.83117228156
tot_aggregated_send: 101210
tot_msg_rcv: 3485
tot_msg_sent: 6510
tot_reconf_duration: 4.390000000000001
tot_sleeping_duration: 7181265.848120024
tot_uptimes: 1868
tot_uptimes_duration: 112020.06687997514
