comms_cons: 732.7531009755824
finished_reconf: true
global_termination_time: 7292141.063
local_termination_time: 1444296.6991199988
node_cons: 150002.24349228223
tot_aggregated_send: 100804
tot_msg_rcv: 3646
tot_msg_sent: 6924
tot_reconf_duration: 5.43
tot_sleeping_duration: 7180120.9961200245
tot_uptimes: 1868
tot_uptimes_duration: 112020.06687997561
