comms_cons: 252.62154239999978
finished_reconf: true
global_termination_time: 2807898.33
local_termination_time: 4776.218
node_cons: 57854.03439999896
tot_aggregated_send: 38388
tot_msg_rcv: 5
tot_msg_sent: 4
tot_reconf_duration: 6.8
tot_sleeping_duration: 2764698.33
tot_uptimes: 720
tot_uptimes_duration: 43200.0
