comms_cons: 275.57637122572737
finished_reconf: true
global_termination_time: 2810655.42
local_termination_time: 4315.795
node_cons: 57859.15946446661
tot_aggregated_send: 39322
tot_msg_rcv: 934
tot_msg_sent: 1630
tot_reconf_duration: 10.55
tot_sleeping_duration: 2767455.3956800094
tot_uptimes: 720
tot_uptimes_duration: 43200.02431999077
