comms_cons: 128.8938111856085
finished_reconf: true
global_termination_time: 649865.226
local_termination_time: 769.1400399999994
node_cons: 13367.206841119176
tot_aggregated_send: 0
tot_msg_rcv: 9965
tot_msg_sent: 9624
tot_reconf_duration: 22.65
tot_sleeping_duration: 639905.2199200006
tot_uptimes: 167
tot_uptimes_duration: 9960.00607999937
