comms_cons: 64.39720960025625
finished_reconf: true
global_termination_time: 651749.457
local_termination_time: 64456.858360000006
node_cons: 13351.80712111917
tot_aggregated_send: 9338
tot_msg_rcv: 170
tot_msg_sent: 280
tot_reconf_duration: 11.31
tot_sleeping_duration: 641789.4509200007
tot_uptimes: 167
tot_uptimes_duration: 9960.006079999366
