comms_cons: 25.4417663998613
finished_reconf: true
global_termination_time: 259729.007
local_termination_time: 102639.43735999995
node_cons: 5306.581899999989
tot_aggregated_send: 3712
tot_msg_rcv: 41
tot_msg_sent: 114
tot_reconf_duration: 3.05
tot_sleeping_duration: 255769.007
tot_uptimes: 67
tot_uptimes_duration: 3960.0
