comms_cons: 24.98584320029891
finished_reconf: true
global_termination_time: 243795.818
local_termination_time: 134405.52836000005
node_cons: 4989.632663364295
tot_aggregated_send: 3248
tot_msg_rcv: 203
tot_msg_sent: 347
tot_reconf_duration: 6.279999999999999
tot_sleeping_duration: 240075.7997599968
tot_uptimes: 63
tot_uptimes_duration: 3720.0182400032063
