comms_cons: 24.337715200120545
finished_reconf: true
global_termination_time: 241723.162
local_termination_time: 81505.30835999995
node_cons: 4935.113682240571
tot_aggregated_send: 3190
tot_msg_rcv: 182
tot_msg_sent: 328
tot_reconf_duration: 25.299999999999997
tot_sleeping_duration: 238063.14983999956
tot_uptimes: 62
tot_uptimes_duration: 3660.012160000435
