comms_cons: 47.08757120017458
finished_reconf: true
global_termination_time: 487468.212
local_termination_time: 337463.94336000003
node_cons: 9987.554599999949
tot_aggregated_send: 6612
tot_msg_rcv: 152
tot_msg_sent: 393
tot_reconf_duration: 18.700000000000003
tot_sleeping_duration: 480028.212
tot_uptimes: 125
tot_uptimes_duration: 7440.0
