comms_cons: 223.58371198724885
finished_reconf: true
global_termination_time: 2305984.012
local_termination_time: 1135248.9995199982
node_cons: 47409.05490111621
tot_aggregated_send: 31726
tot_msg_rcv: 716
tot_msg_sent: 1541
tot_reconf_duration: 6.22
tot_sleeping_duration: 2270584.0059200022
tot_uptimes: 591
tot_uptimes_duration: 35400.006079997635
