comms_cons: 0.7282688000010229
finished_reconf: true
global_termination_time: 7121.004
local_termination_time: 1752.8943600000002
node_cons: 97.49153999999984
tot_aggregated_send: 0
tot_msg_rcv: 63
tot_msg_sent: 47
tot_reconf_duration: 12.629999999999999
tot_sleeping_duration: 7061.004
tot_uptimes: 2
tot_uptimes_duration: 60.0
