comms_cons: 10.337177600023441
finished_reconf: true
global_termination_time: 91093.58723999992
local_termination_time: 39971.406120000094
node_cons: 1871.4590238399123
tot_aggregated_send: 638
tot_msg_rcv: 344
tot_msg_sent: 588
tot_reconf_duration: 3.3600000000000003
tot_sleeping_duration: 89699.34067999998
tot_uptimes: 24
tot_uptimes_duration: 1394.246559999934
