comms_cons: 11.387372800001682
finished_reconf: true
global_termination_time: 94235.334
local_termination_time: 32068.850480000005
node_cons: 1934.7245444800262
tot_aggregated_send: 406
tot_msg_rcv: 560
tot_msg_sent: 765
tot_reconf_duration: 4.8100000000000005
tot_sleeping_duration: 92795.30967999999
tot_uptimes: 25
tot_uptimes_duration: 1440.0243200000186
