comms_cons: 9.11344640009284
finished_reconf: true
global_termination_time: 91304.302
local_termination_time: 52695.97736000001
node_cons: 1855.1939399999999
tot_aggregated_send: 464
tot_msg_rcv: 359
tot_msg_sent: 563
tot_reconf_duration: 5.43
tot_sleeping_duration: 89924.302
tot_uptimes: 24
tot_uptimes_duration: 1380.0
