comms_cons: 2.1645567999928477
finished_reconf: true
global_termination_time: 12659.146
local_termination_time: 11170.867360000002
node_cons: 275.3774000000015
tot_aggregated_send: 0
tot_msg_rcv: 177
tot_msg_sent: 151
tot_reconf_duration: 25.299999999999997
tot_sleeping_duration: 12479.146
tot_uptimes: 4
tot_uptimes_duration: 180.0
