comms_cons: 1.6711167999986998
finished_reconf: true
global_termination_time: 12720.392
local_termination_time: 11376.84636
node_cons: 251.63955999999962
tot_aggregated_send: 0
tot_msg_rcv: 131
tot_msg_sent: 123
tot_reconf_duration: 7.819999999999999
tot_sleeping_duration: 12540.392
tot_uptimes: 4
tot_uptimes_duration: 180.0
