comms_cons: 2.157977599994471
finished_reconf: true
global_termination_time: 11821.06648
local_termination_time: 11821.02536
node_cons: 292.7716598400071
tot_aggregated_send: 0
tot_msg_rcv: 159
tot_msg_sent: 168
tot_reconf_duration: 24.59
tot_sleeping_duration: 11627.355919999995
tot_uptimes: 4
tot_uptimes_duration: 193.710560000005
