comms_cons: 40.981836800168914
finished_reconf: true
global_termination_time: 413006.818
local_termination_time: 239697.0535600007
node_cons: 8451.058980000007
tot_aggregated_send: 5684
tot_msg_rcv: 205
tot_msg_sent: 340
tot_reconf_duration: 11.31
tot_sleeping_duration: 406706.818
tot_uptimes: 106
tot_uptimes_duration: 6300.0
