comms_cons: 306.3508991712413
finished_reconf: true
global_termination_time: 638509.9965999998
local_termination_time: 638509.9554799999
node_cons: 38362.79230461125
tot_aggregated_send: 0
tot_msg_rcv: 18908
tot_msg_sent: 27654
tot_reconf_duration: 24.59
tot_sleeping_duration: 609884.6051999914
tot_uptimes: 469
tot_uptimes_duration: 28625.391400008528
