comms_cons: 126.57779198806107
finished_reconf: true
global_termination_time: 638510.5965999999
local_termination_time: 1828.2123600000002
node_cons: 13140.74289288332
tot_aggregated_send: 0
tot_msg_rcv: 9786
tot_msg_sent: 9453
tot_reconf_duration: 18.21
tot_sleeping_duration: 628715.2166799975
tot_uptimes: 164
tot_uptimes_duration: 9795.379920002466
