comms_cons: 65.11207679893657
finished_reconf: true
global_termination_time: 638792.838
local_termination_time: 355670.90836000006
node_cons: 13102.37022335968
tot_aggregated_send: 8642
tot_msg_rcv: 441
tot_msg_sent: 813
tot_reconf_duration: 5.1
tot_sleeping_duration: 629012.8197600002
tot_uptimes: 164
tot_uptimes_duration: 9780.018239999772
