comms_cons: 64.50247679998168
finished_reconf: true
global_termination_time: 639115.208
local_termination_time: 369535.10148000007
node_cons: 13129.801823359696
tot_aggregated_send: 8584
tot_msg_rcv: 377
tot_msg_sent: 843
tot_reconf_duration: 25.299999999999997
tot_sleeping_duration: 629335.1897600002
tot_uptimes: 164
tot_uptimes_duration: 9780.018239999772
