comms_cons: 63.476748800399285
finished_reconf: true
global_termination_time: 642852.76
local_termination_time: 247196.69236000004
node_cons: 13186.403983364282
tot_aggregated_send: 8526
tot_msg_rcv: 381
tot_msg_sent: 742
tot_reconf_duration: 7.819999999999999
tot_sleeping_duration: 633012.7417599967
tot_uptimes: 165
tot_uptimes_duration: 9840.018240003206
