comms_cons: 37.9139840011283
finished_reconf: true
global_termination_time: 185767.71492000038
local_termination_time: 1631.8293600000002
node_cons: 3836.760416000525
tot_aggregated_send: 0
tot_msg_rcv: 3022
tot_msg_sent: 2738
tot_reconf_duration: 18.21
tot_sleeping_duration: 182920.79092
tot_uptimes: 48
tot_uptimes_duration: 2846.92400000039
