comms_cons: 88.85015040200786
finished_reconf: true
global_termination_time: 185767.11492000028
local_termination_time: 185767.07380000027
node_cons: 11219.546831362433
tot_aggregated_send: 0
tot_msg_rcv: 5443
tot_msg_sent: 8061
tot_reconf_duration: 24.59
tot_sleeping_duration: 177413.0046799985
tot_uptimes: 137
tot_uptimes_duration: 8354.110240001797
