comms_cons: 142.85416959918243
finished_reconf: true
global_termination_time: 1443590.37
local_termination_time: 228349.67436000003
node_cons: 29670.21360336433
tot_aggregated_send: 20068
tot_msg_rcv: 630
tot_msg_sent: 1015
tot_reconf_duration: 18.21
tot_sleeping_duration: 1421450.351759997
tot_uptimes: 370
tot_uptimes_duration: 22140.018240003206
