comms_cons: 419.605452504204
finished_reconf: true
global_termination_time: 1439194.6774399986
local_termination_time: 1439194.6363199987
node_cons: 58808.45602515667
tot_aggregated_send: 0
tot_msg_rcv: 21376
tot_msg_sent: 42401
tot_reconf_duration: 24.59
tot_sleeping_duration: 1395299.9330000004
tot_uptimes: 724
tot_uptimes_duration: 43894.74443999829
