comms_cons: 0.21053439999930565
finished_reconf: true
global_termination_time: 3511.6059600000026
local_termination_time: 3498.2703600000004
node_cons: 63.45069744000362
tot_aggregated_send: 0
tot_msg_rcv: 23
tot_msg_sent: 8
tot_reconf_duration: 15.34
tot_sleeping_duration: 3479.777
tot_uptimes: 1
tot_uptimes_duration: 31.828960000002553
