comms_cons: 183.43467519318125
finished_reconf: true
global_termination_time: 1848437.73748
local_termination_time: 1848437.69636
node_cons: 38052.57165983645
tot_aggregated_send: 26318
tot_msg_rcv: 453
tot_msg_sent: 1109
tot_reconf_duration: 24.59
tot_sleeping_duration: 1820044.0269200024
tot_uptimes: 474
tot_uptimes_duration: 28393.710559997475
