comms_cons: 290.4992957925135
finished_reconf: true
global_termination_time: 1849623.386
local_termination_time: 911914.2913599999
node_cons: 38004.961899999886
tot_aggregated_send: 0
tot_msg_rcv: 22172
tot_msg_sent: 21982
tot_reconf_duration: 3.05
tot_sleeping_duration: 1821243.386
tot_uptimes: 474
tot_uptimes_duration: 28380.0
