comms_cons: 127.05813759250594
finished_reconf: true
global_termination_time: 1247628.404
local_termination_time: 229185.41636000006
node_cons: 25653.246167827052
tot_aggregated_send: 16820
tot_msg_rcv: 815
tot_msg_sent: 1678
tot_reconf_duration: 18.21
tot_sleeping_duration: 1228488.3614400097
tot_uptimes: 320
tot_uptimes_duration: 19140.04255999031
