comms_cons: 37.28268160143958
finished_reconf: true
global_termination_time: 333877.77272000053
local_termination_time: 333877.7316000005
node_cons: 6914.652619049905
tot_aggregated_send: 3872
tot_msg_rcv: 695
tot_msg_sent: 1100
tot_reconf_duration: 24.59
tot_sleeping_duration: 328738.66935999313
tot_uptimes: 86
tot_uptimes_duration: 5139.103360007386
