comms_cons: 57.02255360016052
finished_reconf: true
global_termination_time: 564692.286
local_termination_time: 301345.1430800006
node_cons: 11584.327121121443
tot_aggregated_send: 7714
tot_msg_rcv: 321
tot_msg_sent: 633
tot_reconf_duration: 11.31
tot_sleeping_duration: 556052.279919999
tot_uptimes: 145
tot_uptimes_duration: 8640.006080001069
