comms_cons: 58.426368000377195
finished_reconf: true
global_termination_time: 561906.3824799999
local_termination_time: 104895.13247999997
node_cons: 11530.039219931981
tot_aggregated_send: 7134
tot_msg_rcv: 579
tot_msg_sent: 1166
tot_reconf_duration: 15.34
tot_sleeping_duration: 553311.0071999909
tot_uptimes: 144
tot_uptimes_duration: 8595.375280008928
