comms_cons: 134.4196351781025
finished_reconf: true
global_termination_time: 926966.058
local_termination_time: 514188.04536000005
node_cons: 19074.937400000013
tot_aggregated_send: 0
tot_msg_rcv: 10300
tot_msg_sent: 10131
tot_reconf_duration: 25.299999999999997
tot_sleeping_duration: 912746.058
tot_uptimes: 238
tot_uptimes_duration: 14220.0
