comms_cons: 94.10997119579123
finished_reconf: true
global_termination_time: 927256.773
local_termination_time: 326062.74496000016
node_cons: 19055.95526223369
tot_aggregated_send: 12180
tot_msg_rcv: 779
tot_msg_sent: 1346
tot_reconf_duration: 11.31
tot_sleeping_duration: 913036.7608400048
tot_uptimes: 238
tot_uptimes_duration: 14220.012159995269
