comms_cons: 50.62910720312401
finished_reconf: true
global_termination_time: 227054.6450400003
local_termination_time: 227054.60392000029
node_cons: 4727.153278011309
tot_aggregated_send: 0
tot_msg_rcv: 4285
tot_msg_sent: 3412
tot_reconf_duration: 24.59
tot_sleeping_duration: 223549.22303999186
tot_uptimes: 59
tot_uptimes_duration: 3505.422000008436
