comms_cons: 45.68596480295132
finished_reconf: true
global_termination_time: 228546.785
local_termination_time: 8900.77636
node_cons: 4690.486841119155
tot_aggregated_send: 0
tot_msg_rcv: 3598
tot_msg_sent: 3346
tot_reconf_duration: 22.65
tot_sleeping_duration: 225066.77892000065
tot_uptimes: 59
tot_uptimes_duration: 3480.006079999366
