comms_cons: 30.178790399919098
finished_reconf: true
global_termination_time: 301330.91
local_termination_time: 107962.20643999959
node_cons: 6190.330041119142
tot_aggregated_send: 4118
tot_msg_rcv: 177
tot_msg_sent: 292
tot_reconf_duration: 3.05
tot_sleeping_duration: 296710.90392000065
tot_uptimes: 78
tot_uptimes_duration: 4620.006079999366
