comms_cons: 30.731443200362612
finished_reconf: true
global_termination_time: 309454.046
local_termination_time: 11768.667
node_cons: 6369.548962561444
tot_aggregated_send: 4348
tot_msg_rcv: 90
tot_msg_sent: 233
tot_reconf_duration: 9.42
tot_sleeping_duration: 304706.6549599989
tot_uptimes: 80
tot_uptimes_duration: 4747.391040001074
