comms_cons: 30.738022399996016
finished_reconf: true
global_termination_time: 308905.793
local_termination_time: 16053.80336
node_cons: 6351.001900000006
tot_aggregated_send: 4408
tot_msg_rcv: 91
tot_msg_sent: 173
tot_reconf_duration: 3.05
tot_sleeping_duration: 304165.793
tot_uptimes: 80
tot_uptimes_duration: 4740.0
