comms_cons: 190.5737343777416
finished_reconf: true
global_termination_time: 1880969.63
local_termination_time: 1266895.3053599999
node_cons: 38652.13336893449
tot_aggregated_send: 25114
tot_msg_rcv: 1403
tot_msg_sent: 2450
tot_reconf_duration: 6.279999999999999
tot_sleeping_duration: 1852109.5813600188
tot_uptimes: 482
tot_uptimes_duration: 28860.048639981076
