comms_cons: 186.6058495920694
finished_reconf: true
global_termination_time: 1877727.67948
local_termination_time: 1877727.63836
node_cons: 38632.36936095786
tot_aggregated_send: 26770
tot_msg_rcv: 540
tot_msg_sent: 1052
tot_reconf_duration: 37.410000000000004
tot_sleeping_duration: 1848913.9628400013
tot_uptimes: 481
tot_uptimes_duration: 28813.716639998544
