comms_cons: 187.01150718890793
finished_reconf: true
global_termination_time: 1879612.635
local_termination_time: 1233292.33236
node_cons: 38655.91137999993
tot_aggregated_send: 26912
tot_msg_rcv: 534
tot_msg_sent: 978
tot_reconf_duration: 9.11
tot_sleeping_duration: 1850752.635
tot_uptimes: 482
tot_uptimes_duration: 28860.0
