comms_cons: 324.84987495374986
finished_reconf: true
global_termination_time: 1877832.321
local_termination_time: 432399.50648000004
node_cons: 38569.78082670079
tot_aggregated_send: 0
tot_msg_rcv: 25119
tot_msg_sent: 24258
tot_reconf_duration: 4.8100000000000005
tot_sleeping_duration: 1849032.2845200142
tot_uptimes: 481
tot_uptimes_duration: 28800.036479985807
