comms_cons: 190.1000319796029
finished_reconf: true
global_termination_time: 1881778.914
local_termination_time: 637458.395
node_cons: 38655.262949537406
tot_aggregated_send: 25284
tot_msg_rcv: 1276
tot_msg_sent: 2334
tot_reconf_duration: 7.819999999999999
tot_sleeping_duration: 1852918.089960017
tot_uptimes: 482
tot_uptimes_duration: 28860.824039983214
