comms_cons: 834.0517753416916
finished_reconf: true
global_termination_time: 1726939.8615999997
local_termination_time: 1726939.8204799998
node_cons: 104676.3321295787
tot_aggregated_send: 0
tot_msg_rcv: 51266
tot_msg_sent: 75505
tot_reconf_duration: 24.59
tot_sleeping_duration: 1648789.7952000136
tot_uptimes: 1279
tot_uptimes_duration: 78150.06639998619
