comms_cons: 339.91804133482844
finished_reconf: true
global_termination_time: 1729336.447
local_termination_time: 1553.8433600000003
node_cons: 35528.17300112136
tot_aggregated_send: 0
tot_msg_rcv: 26030
tot_msg_sent: 25635
tot_reconf_duration: 13.17
tot_sleeping_duration: 1702816.4409199988
tot_uptimes: 443
tot_uptimes_duration: 26520.00608000107
