comms_cons: 82.32678399737586
finished_reconf: true
global_termination_time: 834245.537
local_termination_time: 158193.33336000005
node_cons: 17123.40622000002
tot_aggregated_send: 11890
tot_msg_rcv: 166
tot_msg_sent: 457
tot_reconf_duration: 8.09
tot_sleeping_duration: 821465.537
tot_uptimes: 214
tot_uptimes_duration: 12780.0
