comms_cons: 81.8063999989339
finished_reconf: true
global_termination_time: 830768.669
local_termination_time: 404275.3086000005
node_cons: 17048.240199999975
tot_aggregated_send: 11890
tot_msg_rcv: 149
tot_msg_sent: 395
tot_reconf_duration: 11.899999999999999
tot_sleeping_duration: 818048.669
tot_uptimes: 213
tot_uptimes_duration: 12720.0
