comms_cons: 81.38470399895988
finished_reconf: true
global_termination_time: 834843.186
local_termination_time: 751183.94936
node_cons: 17116.56190000009
tot_aggregated_send: 12238
tot_msg_rcv: 67
tot_msg_sent: 65
tot_reconf_duration: 3.05
tot_sleeping_duration: 822063.186
tot_uptimes: 214
tot_uptimes_duration: 12780.0
