comms_cons: 82.14851839849736
finished_reconf: true
global_termination_time: 829830.066
local_termination_time: 67552.49959999997
node_cons: 17047.447121121473
tot_aggregated_send: 11890
tot_msg_rcv: 198
tot_msg_sent: 398
tot_reconf_duration: 11.31
tot_sleeping_duration: 817110.059919999
tot_uptimes: 213
tot_uptimes_duration: 12720.006080001069
