comms_cons: 256.87192320469495
finished_reconf: true
global_termination_time: 2539119.137
local_termination_time: 583320.8693599999
node_cons: 52255.42252893425
tot_aggregated_send: 34974
tot_msg_rcv: 1356
tot_msg_sent: 2712
tot_reconf_duration: 25.299999999999997
tot_sleeping_duration: 2500119.0883600186
tot_uptimes: 651
tot_uptimes_duration: 39000.04863998131
