comms_cons: 251.39781118227694
finished_reconf: true
global_termination_time: 2535119.815
local_termination_time: 2074252.5050000001
node_cons: 52150.827214309735
tot_aggregated_send: 35319
tot_msg_rcv: 1001
tot_msg_sent: 1891
tot_reconf_duration: 6.22
tot_sleeping_duration: 2496178.5301200068
tot_uptimes: 650
tot_uptimes_duration: 38941.28487999295
