comms_cons: 11.987929599840069
finished_reconf: true
global_termination_time: 90168.446
local_termination_time: 23607.70336
node_cons: 1855.424765598893
tot_aggregated_send: 638
tot_msg_rcv: 487
tot_msg_sent: 698
tot_reconf_duration: 5.57
tot_sleeping_duration: 88788.41560000082
tot_uptimes: 24
tot_uptimes_duration: 1380.0303999991738
