comms_cons: 12.243411199699652
finished_reconf: true
global_termination_time: 92294.415
local_termination_time: 46003.15448000001
node_cons: 1854.7783644800222
tot_aggregated_send: 464
tot_msg_rcv: 523
tot_msg_sent: 875
tot_reconf_duration: 5.1
tot_sleeping_duration: 90914.39067999998
tot_uptimes: 24
tot_uptimes_duration: 1380.0243200000186
