comms_cons: 11.522060799940016
finished_reconf: true
global_termination_time: 92253.034
local_termination_time: 47158.25236000001
node_cons: 1860.2158033603087
tot_aggregated_send: 580
tot_msg_rcv: 420
tot_msg_sent: 753
tot_reconf_duration: 9.11
tot_sleeping_duration: 90873.01575999978
tot_uptimes: 24
tot_uptimes_duration: 1380.0182400002304
