comms_cons: 10.604780799901352
finished_reconf: true
global_termination_time: 91200.823
local_termination_time: 36793.106080000034
node_cons: 1854.3682622405788
tot_aggregated_send: 580
tot_msg_rcv: 312
tot_msg_sent: 720
tot_reconf_duration: 4.8100000000000005
tot_sleeping_duration: 89820.81083999957
tot_uptimes: 24
tot_uptimes_duration: 1380.012160000435
