comms_cons: 65.12092159989115
finished_reconf: true
global_termination_time: 659195.234
local_termination_time: 208455.56812000094
node_cons: 13503.089761116871
tot_aggregated_send: 9396
tot_msg_rcv: 156
tot_msg_sent: 346
tot_reconf_duration: 4.390000000000001
tot_sleeping_duration: 649115.2279200024
tot_uptimes: 169
tot_uptimes_duration: 10080.006079997635
