comms_cons: 192.81003518637564
finished_reconf: true
global_termination_time: 1914983.325
local_termination_time: 413250.04948000005
node_cons: 39378.97137999975
tot_aggregated_send: 26912
tot_msg_rcv: 894
tot_msg_sent: 1500
tot_reconf_duration: 9.11
tot_sleeping_duration: 1885583.325
tot_uptimes: 491
tot_uptimes_duration: 29400.0
