comms_cons: 439.6146752333747
finished_reconf: true
global_termination_time: 4452919.614
local_termination_time: 2317692.0151599986
node_cons: 91614.19606735285
tot_aggregated_send: 63684
tot_msg_rcv: 1058
tot_msg_sent: 2076
tot_reconf_duration: 18.21
tot_sleeping_duration: 4384518.2197600035
tot_uptimes: 1141
tot_uptimes_duration: 68401.39423999656
