comms_cons: 179.75690239205903
finished_reconf: true
global_termination_time: 1814088.017
local_termination_time: 1060649.37136
node_cons: 37281.95078111671
tot_aggregated_send: 26216
tot_msg_rcv: 412
tot_msg_sent: 694
tot_reconf_duration: 3.08
tot_sleeping_duration: 1786248.0109200024
tot_uptimes: 465
tot_uptimes_duration: 27840.006079997576
