comms_cons: 185.30974717865897
finished_reconf: true
global_termination_time: 1813489.895
local_termination_time: 514970.5416000001
node_cons: 37281.97517005141
tot_aggregated_send: 24476
tot_msg_rcv: 1243
tot_msg_sent: 2447
tot_reconf_duration: 3.05
tot_sleeping_duration: 1785649.8402800213
tot_uptimes: 465
tot_uptimes_duration: 27840.05471997871
