comms_cons: 186.58710398045417
finished_reconf: true
global_termination_time: 1818087.483
local_termination_time: 1022370.1414799999
node_cons: 37366.603747817804
tot_aggregated_send: 24534
tot_msg_rcv: 1384
tot_msg_sent: 2443
tot_reconf_duration: 6.22
tot_sleeping_duration: 1790187.4404400166
tot_uptimes: 466
tot_uptimes_duration: 27900.04255998344
