comms_cons: 203.39596799493137
finished_reconf: true
global_termination_time: 2060407.116
local_termination_time: 386138.54128000035
node_cons: 42351.55137999962
tot_aggregated_send: 29812
tot_msg_rcv: 357
tot_msg_sent: 746
tot_reconf_duration: 9.11
tot_sleeping_duration: 2028787.116
tot_uptimes: 528
tot_uptimes_duration: 31620.0
