comms_cons: 207.37335037960776
finished_reconf: true
global_termination_time: 2061001.451
local_termination_time: 906462.65736
node_cons: 42349.86468893438
tot_aggregated_send: 27782
tot_msg_rcv: 1331
tot_msg_sent: 2406
tot_reconf_duration: 7.819999999999999
tot_sleeping_duration: 2029381.4023600188
tot_uptimes: 528
tot_uptimes_duration: 31620.048639981076
