comms_cons: 212.7438399758066
finished_reconf: true
global_termination_time: 2060327.485
local_termination_time: 405416.3395200008
node_cons: 42347.72445341078
tot_aggregated_send: 27376
tot_msg_rcv: 1870
tot_msg_sent: 3092
tot_reconf_duration: 6.22
tot_sleeping_duration: 2028707.4120400215
tot_uptimes: 528
tot_uptimes_duration: 31620.072959978483
