comms_cons: 210.08321917647163
finished_reconf: true
global_termination_time: 2061101.766
local_termination_time: 378251.87388000044
node_cons: 42346.61906893888
tot_aggregated_send: 27782
tot_msg_rcv: 1418
tot_msg_sent: 2731
tot_reconf_duration: 5.43
tot_sleeping_duration: 2029481.7173600155
tot_uptimes: 528
tot_uptimes_duration: 31620.04863998451
