comms_cons: 194.44888319438812
finished_reconf: true
global_termination_time: 1976805.937
local_termination_time: 1009852.2773599998
node_cons: 40672.8798611165
tot_aggregated_send: 28478
tot_msg_rcv: 318
tot_msg_sent: 759
tot_reconf_duration: 15.34
tot_sleeping_duration: 1946445.9309200023
tot_uptimes: 507
tot_uptimes_duration: 30360.006079997635
