comms_cons: 154.56222715281402
finished_reconf: true
global_termination_time: 786122.533
local_termination_time: 1066.5273600000003
node_cons: 16173.069180000024
tot_aggregated_send: 0
tot_msg_rcv: 11847
tot_msg_sent: 11644
tot_reconf_duration: 18.21
tot_sleeping_duration: 774062.533
tot_uptimes: 202
tot_uptimes_duration: 12060.0
