comms_cons: 78.73231359839251
finished_reconf: true
global_termination_time: 786924.054
local_termination_time: 274049.0020000005
node_cons: 16179.106841121487
tot_aggregated_send: 11020
tot_msg_rcv: 328
tot_msg_sent: 618
tot_reconf_duration: 22.65
tot_sleeping_duration: 774864.047919999
tot_uptimes: 202
tot_uptimes_duration: 12060.006080001069
