comms_cons: 155.06979835356157
finished_reconf: true
global_termination_time: 785258.0182799983
local_termination_time: 125.0721600000002
node_cons: 16239.158807037804
tot_aggregated_send: 0
tot_msg_rcv: 11870
tot_msg_sent: 11698
tot_reconf_duration: 11.31
tot_sleeping_duration: 773141.66292
tot_uptimes: 202
tot_uptimes_duration: 12116.355359998342
