comms_cons: 18.171750400051604
finished_reconf: true
global_termination_time: 185466.68796000024
local_termination_time: 185450.36348000006
node_cons: 3852.5806474403257
tot_aggregated_send: 2726
tot_msg_rcv: 28
tot_msg_sent: 8
tot_reconf_duration: 18.21
tot_sleeping_duration: 182607.949
tot_uptimes: 48
tot_uptimes_duration: 2858.73896000025
