comms_cons: 161.5362816047309
finished_reconf: true
global_termination_time: 185466.0158800009
local_termination_time: 185466.0158800009
node_cons: 18686.05490427898
tot_aggregated_send: 0
tot_msg_rcv: 11105
tot_msg_sent: 13447
tot_reconf_duration: 24.59
tot_sleeping_duration: 171535.7233600017
tot_uptimes: 222
tot_uptimes_duration: 13930.292519999208
