comms_cons: 309.6668671706569
finished_reconf: true
global_termination_time: 642927.0755999997
local_termination_time: 642927.0344799998
node_cons: 38847.90622012433
tot_aggregated_send: 0
tot_msg_rcv: 19075
tot_msg_sent: 27992
tot_reconf_duration: 24.59
tot_sleeping_duration: 613939.3885199963
tot_uptimes: 473
tot_uptimes_duration: 28987.687080003365
