comms_cons: 98.58335999076229
finished_reconf: true
global_termination_time: 945286.844
local_termination_time: 2463.274360000002
node_cons: 19473.05498224289
tot_aggregated_send: 12528
tot_msg_rcv: 961
tot_msg_sent: 1496
tot_reconf_duration: 22.65
tot_sleeping_duration: 930766.8318399979
tot_uptimes: 243
tot_uptimes_duration: 14520.012160002138
