comms_cons: 25.623116800378465
finished_reconf: true
global_termination_time: 210980.14688000042
local_termination_time: 210980.1057600004
node_cons: 4416.9652512863395
tot_aggregated_send: 1798
tot_msg_rcv: 714
tot_msg_sent: 1385
tot_reconf_duration: 24.59
tot_sleeping_duration: 207706.38135999572
tot_uptimes: 55
tot_uptimes_duration: 3273.765520004723
