comms_cons: 21.356710399842857
finished_reconf: true
global_termination_time: 213892.122
local_termination_time: 107193.52835999997
node_cons: 4363.097321119164
tot_aggregated_send: 2958
tot_msg_rcv: 130
tot_msg_sent: 158
tot_reconf_duration: 18.21
tot_sleeping_duration: 210652.11592000065
tot_uptimes: 55
tot_uptimes_duration: 3240.006079999366
