comms_cons: 21.533721600398305
finished_reconf: true
global_termination_time: 212089.011
local_termination_time: 86556.10135999996
node_cons: 4372.725541121418
tot_aggregated_send: 2784
tot_msg_rcv: 162
tot_msg_sent: 327
tot_reconf_duration: 25.299999999999997
tot_sleeping_duration: 208849.00491999893
tot_uptimes: 55
tot_uptimes_duration: 3240.0060800010688
