comms_cons: 22.92255999981566
finished_reconf: true
global_termination_time: 213229.642
local_termination_time: 9161.64236
node_cons: 4369.126841119154
tot_aggregated_send: 2610
tot_msg_rcv: 369
tot_msg_sent: 506
tot_reconf_duration: 22.65
tot_sleeping_duration: 209989.63592000064
tot_uptimes: 55
tot_uptimes_duration: 3240.006079999366
