comms_cons: 21.61267200022759
finished_reconf: true
global_termination_time: 214439.601
local_termination_time: 180679.57736000002
node_cons: 4348.987701121404
tot_aggregated_send: 2842
tot_msg_rcv: 159
tot_msg_sent: 284
tot_reconf_duration: 7.819999999999999
tot_sleeping_duration: 211199.59491999893
tot_uptimes: 55
tot_uptimes_duration: 3240.0060800010688
