comms_cons: 86.46384639978785
finished_reconf: true
global_termination_time: 840663.359
local_termination_time: 181151.8080400003
node_cons: 17378.177321121446
tot_aggregated_send: 11600
tot_msg_rcv: 630
tot_msg_sent: 912
tot_reconf_duration: 18.21
tot_sleeping_duration: 827703.352919999
tot_uptimes: 216
tot_uptimes_duration: 12960.006080001069
