comms_cons: 88.75403519437864
finished_reconf: true
global_termination_time: 845707.161
local_termination_time: 176794.85972000056
node_cons: 17384.247546719405
tot_aggregated_send: 10614
tot_msg_rcv: 974
tot_msg_sent: 1903
tot_reconf_duration: 22.65
tot_sleeping_duration: 832747.1245200004
tot_uptimes: 217
tot_uptimes_duration: 12960.036479999544
