comms_cons: 81.1281151997504
finished_reconf: true
global_termination_time: 845263.121
local_termination_time: 233274.26724000004
node_cons: 17365.84394448117
tot_aggregated_send: 10962
tot_msg_rcv: 439
tot_msg_sent: 930
tot_reconf_duration: 9.11
tot_sleeping_duration: 832303.0966799993
tot_uptimes: 217
tot_uptimes_duration: 12960.02432000084
