comms_cons: 80.45703679938575
finished_reconf: true
global_termination_time: 841188.409
local_termination_time: 282072.0723200007
node_cons: 17288.002664485764
tot_aggregated_send: 10904
tot_msg_rcv: 405
tot_msg_sent: 920
tot_reconf_duration: 10.95
tot_sleeping_duration: 828288.3846799957
tot_uptimes: 216
tot_uptimes_duration: 12900.024320004275
