comms_cons: 89.79417599597747
finished_reconf: true
global_termination_time: 846223.974
local_termination_time: 171273.11380000028
node_cons: 17361.96817119594
tot_aggregated_send: 10672
tot_msg_rcv: 1106
tot_msg_sent: 1872
tot_reconf_duration: 6.22
tot_sleeping_duration: 833263.9132000031
tot_uptimes: 217
tot_uptimes_duration: 12960.06079999695
