comms_cons: 82.40510719884098
finished_reconf: true
global_termination_time: 846034.573
local_termination_time: 300888.585
node_cons: 17374.296143359752
tot_aggregated_send: 11468
tot_msg_rcv: 350
tot_msg_sent: 707
tot_reconf_duration: 15.34
tot_sleeping_duration: 833074.5547600002
tot_uptimes: 217
tot_uptimes_duration: 12960.018239999772
