comms_cons: 37.225740800383974
finished_reconf: true
global_termination_time: 363690.341
local_termination_time: 149782.85960000101
node_cons: 7493.267543522826
tot_aggregated_send: 4930
tot_msg_rcv: 265
tot_msg_sent: 464
tot_reconf_duration: 9.11
tot_sleeping_duration: 358103.41331999796
tot_uptimes: 94
tot_uptimes_duration: 5586.927680002089
