comms_cons: 722.5316618284746
finished_reconf: true
global_termination_time: 3661038.951919997
local_termination_time: 3467.1263599999997
node_cons: 75322.23600157631
tot_aggregated_send: 0
tot_msg_rcv: 55447
tot_msg_sent: 54371
tot_reconf_duration: 5.57
tot_sleeping_duration: 3604791.9975200132
tot_uptimes: 938
tot_uptimes_duration: 56246.95439998363
