comms_cons: 371.50236164793836
finished_reconf: true
global_termination_time: 3666201.744
local_termination_time: 721733.2475999998
node_cons: 75371.35650893443
tot_aggregated_send: 50402
tot_msg_rcv: 2058
tot_msg_sent: 4007
tot_reconf_duration: 9.11
tot_sleeping_duration: 3609921.695360018
tot_uptimes: 939
tot_uptimes_duration: 56280.04863998224
