comms_cons: 368.9580288488537
finished_reconf: true
global_termination_time: 3662395.943
local_termination_time: 217211.26448000097
node_cons: 75315.70381501054
tot_aggregated_send: 50634
tot_msg_rcv: 1723
tot_msg_sent: 3721
tot_reconf_duration: 15.34
tot_sleeping_duration: 3606163.7756400206
tot_uptimes: 938
tot_uptimes_duration: 56232.16735997933
