comms_cons: 255.7990014350436
finished_reconf: true
global_termination_time: 1291390.803
local_termination_time: 3359.2363600000003
node_cons: 26543.023828948495
tot_aggregated_send: 0
tot_msg_rcv: 19742
tot_msg_sent: 19137
tot_reconf_duration: 22.65
tot_sleeping_duration: 1271590.7543600088
tot_uptimes: 331
tot_uptimes_duration: 19800.04863999138
