comms_cons: 121.54476799685112
finished_reconf: true
global_termination_time: 1223154.505
local_termination_time: 159674.12936000052
node_cons: 25154.948240000038
tot_aggregated_send: 17632
tot_msg_rcv: 325
tot_msg_sent: 517
tot_reconf_duration: 6.279999999999999
tot_sleeping_duration: 1204374.505
tot_uptimes: 314
tot_uptimes_duration: 18780.0
