comms_cons: 120.918771196247
finished_reconf: true
global_termination_time: 1223837.062
local_termination_time: 531222.557
node_cons: 25153.456562076975
tot_aggregated_send: 17628
tot_msg_rcv: 229
tot_msg_sent: 522
tot_reconf_duration: 5.1
tot_sleeping_duration: 1205056.9792800022
tot_uptimes: 314
tot_uptimes_duration: 18780.082719997736
