comms_cons: 119.5309055999156
finished_reconf: true
global_termination_time: 1225308.778
local_termination_time: 1137616.6233599999
node_cons: 25180.777400000105
tot_aggregated_send: 17980
tot_msg_rcv: 65
tot_msg_sent: 123
tot_reconf_duration: 25.299999999999997
tot_sleeping_duration: 1206528.778
tot_uptimes: 314
tot_uptimes_duration: 18780.0
