comms_cons: 121.90004479444436
finished_reconf: true
global_termination_time: 1224434.64
local_termination_time: 49682.61080000005
node_cons: 25159.212360000038
tot_aggregated_send: 17400
tot_msg_rcv: 382
tot_msg_sent: 746
tot_reconf_duration: 9.42
tot_sleeping_duration: 1205654.64
tot_uptimes: 314
tot_uptimes_duration: 18780.0
