comms_cons: 122.09804799711583
finished_reconf: true
global_termination_time: 1224390.129
local_termination_time: 178066.911
node_cons: 25175.629785921137
tot_aggregated_send: 17340
tot_msg_rcv: 432
tot_msg_sent: 787
tot_reconf_duration: 18.700000000000003
tot_sleeping_duration: 1205607.2797199993
tot_uptimes: 314
tot_uptimes_duration: 18782.84928000081
