comms_cons: 121.13748479562675
finished_reconf: true
global_termination_time: 1224682.658
local_termination_time: 546900.7456399981
node_cons: 25162.733204957363
tot_aggregated_send: 17458
tot_msg_rcv: 268
tot_msg_sent: 687
tot_reconf_duration: 11.31
tot_sleeping_duration: 1205901.945360002
tot_uptimes: 314
tot_uptimes_duration: 18780.712639998063
