comms_cons: 9.36940800018223
finished_reconf: true
global_termination_time: 83235.478
local_termination_time: 30677.593200000003
node_cons: 1711.893603360872
tot_aggregated_send: 696
tot_msg_rcv: 308
tot_msg_sent: 420
tot_reconf_duration: 18.21
tot_sleeping_duration: 81975.45975999936
tot_uptimes: 22
tot_uptimes_duration: 1260.0182400006524
