comms_cons: 90.24275199448562
finished_reconf: true
global_termination_time: 891525.19
local_termination_time: 99397.50335999997
node_cons: 18323.481620000046
tot_aggregated_send: 12296
tot_msg_rcv: 496
tot_msg_sent: 924
tot_reconf_duration: 4.390000000000001
tot_sleeping_duration: 877845.19
tot_uptimes: 229
tot_uptimes_duration: 13680.000000000015
