comms_cons: 52.186841601106586
finished_reconf: true
global_termination_time: 511040.402
local_termination_time: 378412.1026000001
node_cons: 10462.125565607144
tot_aggregated_send: 6786
tot_msg_rcv: 398
tot_msg_sent: 749
tot_reconf_duration: 13.17
tot_sleeping_duration: 503240.37159999466
tot_uptimes: 131
tot_uptimes_duration: 7800.030400005344
