comms_cons: 52.29931520050858
finished_reconf: true
global_termination_time: 508613.438
local_termination_time: 106047.15259999994
node_cons: 10464.735662242876
tot_aggregated_send: 6786
tot_msg_rcv: 420
tot_msg_sent: 744
tot_reconf_duration: 15.110000000000001
tot_sleeping_duration: 500813.4258399979
tot_uptimes: 131
tot_uptimes_duration: 7800.0121600021375
