comms_cons: 52.33392640115462
finished_reconf: true
global_termination_time: 509080.613
local_termination_time: 213488.57436000006
node_cons: 10460.384623364298
tot_aggregated_send: 6786
tot_msg_rcv: 419
tot_msg_sent: 748
tot_reconf_duration: 11.899999999999999
tot_sleeping_duration: 501280.5947599968
tot_uptimes: 131
tot_uptimes_duration: 7800.018240003206
