comms_cons: 30.528115199724667
finished_reconf: true
global_termination_time: 299032.297
local_termination_time: 14566.00248
node_cons: 6136.598700000006
tot_aggregated_send: 4002
tot_msg_rcv: 250
tot_msg_sent: 389
tot_reconf_duration: 22.65
tot_sleeping_duration: 294472.297
tot_uptimes: 77
tot_uptimes_duration: 4560.0
