comms_cons: 31.047872000564087
finished_reconf: true
global_termination_time: 298165.075
local_termination_time: 137131.2405600007
node_cons: 6121.207121121433
tot_aggregated_send: 3828
tot_msg_rcv: 320
tot_msg_sent: 571
tot_reconf_duration: 11.31
tot_sleeping_duration: 293605.06891999894
tot_uptimes: 77
tot_uptimes_duration: 4560.006080001069
