comms_cons: 442.3387392849559
finished_reconf: true
global_termination_time: 4373761.465239997
local_termination_time: 114235.92559999968
node_cons: 90024.67045275697
tot_aggregated_send: 60088
tot_msg_rcv: 2417
tot_msg_sent: 4726
tot_reconf_duration: 18.21
tot_sleeping_duration: 4306547.170040027
tot_uptimes: 1121
tot_uptimes_duration: 67214.29519996967
