comms_cons: 435.2372224505564
finished_reconf: true
global_termination_time: 4375267.181
local_termination_time: 636584.3883599999
node_cons: 89993.64120669987
tot_aggregated_send: 60436
tot_msg_rcv: 2055
tot_msg_sent: 3660
tot_reconf_duration: 9.42
tot_sleeping_duration: 4308067.144520013
tot_uptimes: 1121
tot_uptimes_duration: 67200.03647998674
