comms_cons: 443.8900224647971
finished_reconf: true
global_termination_time: 4374558.583
local_termination_time: 529232.4091999986
node_cons: 90006.27092296824
tot_aggregated_send: 59682
tot_msg_rcv: 2721
tot_msg_sent: 5065
tot_reconf_duration: 18.700000000000003
tot_sleeping_duration: 4307358.526000022
tot_uptimes: 1121
tot_uptimes_duration: 67200.05699997814
