comms_cons: 435.41208326708744
finished_reconf: true
global_termination_time: 4376900.964
local_termination_time: 178187.96120000063
node_cons: 89997.03347005032
tot_aggregated_send: 62292
tot_msg_rcv: 1277
tot_msg_sent: 2612
tot_reconf_duration: 11.899999999999999
tot_sleeping_duration: 4309700.90928002
tot_uptimes: 1121
tot_uptimes_duration: 67200.05471997964
