comms_cons: 434.6018688352522
finished_reconf: true
global_termination_time: 4376938.886
local_termination_time: 586515.2323599999
node_cons: 89986.84303116717
tot_aggregated_send: 60900
tot_msg_rcv: 1697
tot_msg_sent: 3460
tot_reconf_duration: 4.390000000000001
tot_sleeping_duration: 4309738.825200022
tot_uptimes: 1121
tot_uptimes_duration: 67200.06079997728
