comms_cons: 434.96273283480195
finished_reconf: true
global_termination_time: 4375917.844
local_termination_time: 2171752.6787999994
node_cons: 89996.1915444656
tot_aggregated_send: 60668
tot_msg_rcv: 1868
tot_msg_sent: 3575
tot_reconf_duration: 11.31
tot_sleeping_duration: 4308717.819680008
tot_uptimes: 1121
tot_uptimes_duration: 67200.024319991
