comms_cons: 47.83111040086029
finished_reconf: true
global_termination_time: 476513.9054800001
local_termination_time: 476513.86436000007
node_cons: 9853.247942084417
tot_aggregated_send: 6656
tot_msg_rcv: 200
tot_msg_sent: 413
tot_reconf_duration: 24.59
tot_sleeping_duration: 469180.1827599968
tot_uptimes: 123
tot_uptimes_duration: 7333.722720003279
