comms_cons: 119.25963519560725
finished_reconf: true
global_termination_time: 1217786.103
local_termination_time: 577194.5974799999
node_cons: 25003.65742447202
tot_aggregated_send: 16414
tot_msg_rcv: 614
tot_msg_sent: 1099
tot_reconf_duration: 13.17
tot_sleeping_duration: 1199126.0786800059
tot_uptimes: 312
tot_uptimes_duration: 18660.024319993972
