comms_cons: 213.92331518559746
finished_reconf: true
global_termination_time: 2154360.536
local_termination_time: 518569.94636
node_cons: 44273.32604334999
tot_aggregated_send: 30102
tot_msg_rcv: 843
tot_msg_sent: 1570
tot_reconf_duration: 4.390000000000001
tot_sleeping_duration: 2121300.517760007
tot_uptimes: 552
tot_uptimes_duration: 33060.0182399929
