comms_cons: 253.05576959068605
finished_reconf: true
global_termination_time: 2551531.415
local_termination_time: 949070.2513599999
node_cons: 52469.58405999913
tot_aggregated_send: 36772
tot_msg_rcv: 650
tot_msg_sent: 1041
tot_reconf_duration: 5.57
tot_sleeping_duration: 2512351.415
tot_uptimes: 654
tot_uptimes_duration: 39180.0
