comms_cons: 38.067878400361856
finished_reconf: true
global_termination_time: 385603.3563200002
local_termination_time: 385603.3152000002
node_cons: 7934.931948720873
tot_aggregated_send: 5380
tot_msg_rcv: 101
tot_msg_sent: 305
tot_reconf_duration: 24.59
tot_sleeping_duration: 379702.28183999954
tot_uptimes: 99
tot_uptimes_duration: 5901.074480000636
