comms_cons: 70.31253760828925
finished_reconf: true
global_termination_time: 385603.83124000015
local_termination_time: 21330.56336
node_cons: 7898.919982719943
tot_aggregated_send: 0
tot_msg_rcv: 5347
tot_msg_sent: 5340
tot_reconf_duration: 4.8100000000000005
tot_sleeping_duration: 379709.59076000017
tot_uptimes: 99
tot_uptimes_duration: 5894.2404799999495
