comms_cons: 37.92908800019926
finished_reconf: true
global_termination_time: 388466.22
local_termination_time: 358048.69488000043
node_cons: 7964.27956000002
tot_aggregated_send: 5626
tot_msg_rcv: 53
tot_msg_sent: 86
tot_reconf_duration: 7.819999999999999
tot_sleeping_duration: 382526.22
tot_uptimes: 100
tot_uptimes_duration: 5940.0
