comms_cons: 2.9935359999901068
finished_reconf: true
global_termination_time: 17783.288
local_termination_time: 6050.40336
node_cons: 346.0973211200063
tot_aggregated_send: 0
tot_msg_rcv: 295
tot_msg_sent: 160
tot_reconf_duration: 18.21
tot_sleeping_duration: 17543.281919999994
tot_uptimes: 5
tot_uptimes_duration: 240.00608000000466
