comms_cons: 2.276403199996917
finished_reconf: true
global_termination_time: 15776.051
local_termination_time: 9993.22036
node_cons: 341.8793799999984
tot_aggregated_send: 0
tot_msg_rcv: 184
tot_msg_sent: 162
tot_reconf_duration: 15.110000000000001
tot_sleeping_duration: 15536.051
tot_uptimes: 5
tot_uptimes_duration: 240.0
