comms_cons: 2.8494207999926053
finished_reconf: true
global_termination_time: 18612.061
local_termination_time: 4292.26536
node_cons: 355.7174000000002
tot_aggregated_send: 0
tot_msg_rcv: 277
tot_msg_sent: 157
tot_reconf_duration: 25.299999999999997
tot_sleeping_duration: 18372.061
tot_uptimes: 5
tot_uptimes_duration: 240.0
