comms_cons: 2.171135999992826
finished_reconf: true
global_termination_time: 15278.866
local_termination_time: 11276.30436
node_cons: 252.00622000000018
tot_aggregated_send: 0
tot_msg_rcv: 204
tot_msg_sent: 126
tot_reconf_duration: 8.09
tot_sleeping_duration: 15098.866
tot_uptimes: 4
tot_uptimes_duration: 180.0
