comms_cons: 2.763263999994543
finished_reconf: true
global_termination_time: 17228.286
local_termination_time: 6433.982360000001
node_cons: 337.52834112000687
tot_aggregated_send: 0
tot_msg_rcv: 250
tot_msg_sent: 170
tot_reconf_duration: 11.899999999999999
tot_sleeping_duration: 16988.279919999994
tot_uptimes: 5
tot_uptimes_duration: 240.00608000000454
