comms_cons: 37.63960320054154
finished_reconf: true
global_termination_time: 374045.7432400004
local_termination_time: 212613.07436000006
node_cons: 7713.207249360487
tot_aggregated_send: 5046
tot_msg_rcv: 282
tot_msg_sent: 392
tot_reconf_duration: 22.65
tot_sleeping_duration: 368308.291
tot_uptimes: 96
tot_uptimes_duration: 5737.4522400003625
