comms_cons: 38.84790400130873
finished_reconf: true
global_termination_time: 374045.23248000006
local_termination_time: 374045.19136000006
node_cons: 7684.076083205842
tot_aggregated_send: 4756
tot_msg_rcv: 390
tot_msg_sent: 757
tot_reconf_duration: 24.59
tot_sleeping_duration: 368331.5036799957
tot_uptimes: 96
tot_uptimes_duration: 5713.728800004348
