comms_cons: 38.27246080037157
finished_reconf: true
global_termination_time: 376532.151
local_termination_time: 257275.26548000096
node_cons: 7723.283983364272
tot_aggregated_send: 5046
tot_msg_rcv: 253
tot_msg_sent: 518
tot_reconf_duration: 7.819999999999999
tot_sleeping_duration: 370772.1327599968
tot_uptimes: 97
tot_uptimes_duration: 5760.018240003206
