comms_cons: 282.7021888124459
finished_reconf: true
global_termination_time: 2809916.356
local_termination_time: 4993.825
node_cons: 57877.35663005141
tot_aggregated_send: 39301
tot_msg_rcv: 1277
tot_msg_sent: 2391
tot_reconf_duration: 23.919999999999998
tot_sleeping_duration: 2766716.3012800207
tot_uptimes: 720
tot_uptimes_duration: 43200.05471997941
