comms_cons: 274.4184320308055
finished_reconf: true
global_termination_time: 2810628.624
local_termination_time: 5208.616
node_cons: 57853.28476334977
tot_aggregated_send: 39143
tot_msg_rcv: 900
tot_msg_sent: 1667
tot_reconf_duration: 6.23
tot_sleeping_duration: 2767428.6057600067
tot_uptimes: 720
tot_uptimes_duration: 43200.01823999314
