comms_cons: 272.8394240296305
finished_reconf: true
global_termination_time: 2808074.921
local_termination_time: 5999.789000000001
node_cons: 57870.60470223263
tot_aggregated_send: 39189
tot_msg_rcv: 831
tot_msg_sent: 1450
tot_reconf_duration: 18.990000000000002
tot_sleeping_duration: 2764874.908840005
tot_uptimes: 720
tot_uptimes_duration: 43200.01215999527
