comms_cons: 276.6351744121514
finished_reconf: true
global_termination_time: 2809734.993
local_termination_time: 6657.412
node_cons: 57859.18388781711
tot_aggregated_send: 39264
tot_msg_rcv: 909
tot_msg_sent: 1873
tot_reconf_duration: 10.55
tot_sleeping_duration: 2766534.950440016
tot_uptimes: 720
tot_uptimes_duration: 43200.042559983674
