comms_cons: 147.50566396350862
finished_reconf: true
global_termination_time: 920744.103
local_termination_time: 414689.7826000001
node_cons: 18910.674982238324
tot_aggregated_send: 0
tot_msg_rcv: 11427
tot_msg_sent: 10993
tot_reconf_duration: 22.65
tot_sleeping_duration: 906644.0908400014
tot_uptimes: 236
tot_uptimes_duration: 14100.012159998703
