comms_cons: 148.36816636357426
finished_reconf: true
global_termination_time: 915643.9530000002
local_termination_time: 414507.17592000077
node_cons: 18833.164203355365
tot_aggregated_send: 0
tot_msg_rcv: 11583
tot_msg_sent: 10969
tot_reconf_duration: 4.8100000000000005
tot_sleeping_duration: 901583.7347600037
tot_uptimes: 235
tot_uptimes_duration: 14060.218239996524
