comms_cons: 336.74880002720533
finished_reconf: true
global_termination_time: 3393049.55148
local_termination_time: 3393049.5103599997
node_cons: 69786.88794207304
tot_aggregated_send: 48822
tot_msg_rcv: 843
tot_msg_sent: 1517
tot_reconf_duration: 24.59
tot_sleeping_duration: 3340955.8287600037
tot_uptimes: 869
tot_uptimes_duration: 52093.72271999618
