comms_cons: 341.66687365037
finished_reconf: true
global_termination_time: 3393049.742239988
local_termination_time: 210152.95948000005
node_cons: 69834.38145493154
tot_aggregated_send: 47212
tot_msg_rcv: 1647
tot_msg_sent: 3072
tot_reconf_duration: 18.21
tot_sleeping_duration: 3340914.079600008
tot_uptimes: 869
tot_uptimes_duration: 52135.66263997991
