comms_cons: 234.50900479561452
finished_reconf: true
global_termination_time: 2383873.417
local_termination_time: 1123772.79736
node_cons: 49041.757399999406
tot_aggregated_send: 34278
tot_msg_rcv: 460
tot_msg_sent: 906
tot_reconf_duration: 25.299999999999997
tot_sleeping_duration: 2347273.417
tot_uptimes: 611
tot_uptimes_duration: 36600.0
