comms_cons: 237.29858558774623
finished_reconf: true
global_termination_time: 2384037.642
local_termination_time: 1383797.5097599993
node_cons: 49032.79459999959
tot_aggregated_send: 34046
tot_msg_rcv: 705
tot_msg_sent: 1317
tot_reconf_duration: 18.700000000000003
tot_sleeping_duration: 2347437.642
tot_uptimes: 611
tot_uptimes_duration: 36600.0
