comms_cons: 245.60279040037847
finished_reconf: true
global_termination_time: 2382730.7351199966
local_termination_time: 57087.358480000024
node_cons: 49035.1688953157
tot_aggregated_send: 32248
tot_msg_rcv: 1943
tot_msg_sent: 3140
tot_reconf_duration: 4.390000000000001
tot_sleeping_duration: 2346114.448880029
tot_uptimes: 611
tot_uptimes_duration: 36616.28623996739
