comms_cons: 718.5689666172373
finished_reconf: true
global_termination_time: 7129903.025119987
local_termination_time: 118987.11259999995
node_cons: 146727.13715194532
tot_aggregated_send: 99296
tot_msg_rcv: 3425
tot_msg_sent: 6494
tot_reconf_duration: 22.65
tot_sleeping_duration: 7020346.357120024
tot_uptimes: 1826
tot_uptimes_duration: 109556.66799996281
