comms_cons: 84.12948479888303
finished_reconf: true
global_termination_time: 857246.794
local_termination_time: 633817.7813599999
node_cons: 17601.385799999993
tot_aggregated_send: 12412
tot_msg_rcv: 89
tot_msg_sent: 286
tot_reconf_duration: 5.1
tot_sleeping_duration: 844106.794
tot_uptimes: 220
tot_uptimes_duration: 13140.0
