comms_cons: 84.29271039914845
finished_reconf: true
global_termination_time: 857607.321
local_termination_time: 314351.1336000006
node_cons: 17605.44622000006
tot_aggregated_send: 12412
tot_msg_rcv: 117
tot_msg_sent: 283
tot_reconf_duration: 8.09
tot_sleeping_duration: 844467.321
tot_uptimes: 220
tot_uptimes_duration: 13140.0
