comms_cons: 84.56732799922759
finished_reconf: true
global_termination_time: 860139.803
local_termination_time: 447930.82236000005
node_cons: 17687.600501121437
tot_aggregated_send: 12528
tot_msg_rcv: 101
tot_msg_sent: 224
tot_reconf_duration: 9.42
tot_sleeping_duration: 846939.7969199988
tot_uptimes: 221
tot_uptimes_duration: 13200.006080001069
