comms_cons: 85.45848319700956
finished_reconf: true
global_termination_time: 861520.456
local_termination_time: 219476.86936000004
node_cons: 17685.42770111683
tot_aggregated_send: 12412
tot_msg_rcv: 236
tot_msg_sent: 341
tot_reconf_duration: 7.819999999999999
tot_sleeping_duration: 848320.4499200024
tot_uptimes: 221
tot_uptimes_duration: 13200.006079997635
