comms_cons: 400.9980800157461
finished_reconf: true
global_termination_time: 4063867.512
local_termination_time: 2491870.2068399987
node_cons: 83654.79614334878
tot_aggregated_send: 56144
tot_msg_rcv: 1621
tot_msg_sent: 3184
tot_reconf_duration: 15.34
tot_sleeping_duration: 4001407.4937600065
tot_uptimes: 1041
tot_uptimes_duration: 62460.01823999337
