comms_cons: 399.61138562816166
finished_reconf: true
global_termination_time: 4068191.961
local_termination_time: 2604894.041079999
node_cons: 83642.49266334933
tot_aggregated_send: 56376
tot_msg_rcv: 1455
tot_msg_sent: 2904
tot_reconf_duration: 6.279999999999999
tot_sleeping_duration: 4005731.942760007
tot_uptimes: 1042
tot_uptimes_duration: 62460.01823999337
