comms_cons: 398.9824256154482
finished_reconf: true
global_termination_time: 4065915.112
local_termination_time: 2699614.3880000003
node_cons: 83669.75669574548
tot_aggregated_send: 56297
tot_msg_rcv: 1557
tot_msg_sent: 2789
tot_reconf_duration: 25.299999999999997
tot_sleeping_duration: 4003454.022160009
tot_uptimes: 1042
tot_uptimes_duration: 62461.08983999095
