comms_cons: 615.0894085385455
finished_reconf: true
global_termination_time: 3113234.218
local_termination_time: 833200.3405999998
node_cons: 64061.763123349534
tot_aggregated_send: 0
tot_msg_rcv: 47279
tot_msg_sent: 46211
tot_reconf_duration: 22.65
tot_sleeping_duration: 3065414.1997600067
tot_uptimes: 798
tot_uptimes_duration: 47820.01823999314
