comms_cons: 31.69921280008565
finished_reconf: true
global_termination_time: 323729.775
local_termination_time: 138183.795480001
node_cons: 6614.045352721321
tot_aggregated_send: 4640
tot_msg_rcv: 64
tot_msg_sent: 114
tot_reconf_duration: 11.31
tot_sleeping_duration: 318801.70451999904
tot_uptimes: 83
tot_uptimes_duration: 4928.070480000984
