comms_cons: 379.6849917538405
finished_reconf: true
global_termination_time: 1351192.965
local_termination_time: 467473.00960000005
node_cons: 55264.93782499917
tot_aggregated_send: 0
tot_msg_rcv: 19323
tot_msg_sent: 38387
tot_reconf_duration: 13.17
tot_sleeping_duration: 1309933.03
tot_uptimes: 682
tot_uptimes_duration: 41259.93500000007
