comms_cons: 134.64332799449625
finished_reconf: true
global_termination_time: 1352158.186
local_termination_time: 735746.4465999989
node_cons: 27813.800200000074
tot_aggregated_send: 19198
tot_msg_rcv: 407
tot_msg_sent: 860
tot_reconf_duration: 11.899999999999999
tot_sleeping_duration: 1331398.186
tot_uptimes: 347
tot_uptimes_duration: 20760.0
