comms_cons: 0.5789696000000054
finished_reconf: true
global_termination_time: 4131.297
local_termination_time: 48.47548
node_cons: 93.14189368000004
tot_aggregated_send: 0
tot_msg_rcv: 37
tot_msg_sent: 51
tot_reconf_duration: 9.42
tot_sleeping_duration: 4071.28988
tot_uptimes: 2
tot_uptimes_duration: 60.00712000000003
