comms_cons: 14.978022399979782
finished_reconf: true
global_termination_time: 3308.25444
local_termination_time: 3308.2133200000003
node_cons: 1617.9154091600012
tot_aggregated_send: 0
tot_msg_rcv: 1121
tot_msg_sent: 1152
tot_reconf_duration: 37.410000000000004
tot_sleeping_duration: 2137.8940000000002
tot_uptimes: 17
tot_uptimes_duration: 1170.3604400000002
