comms_cons: 503.0376576267128
finished_reconf: true
global_termination_time: 5120491.043
local_termination_time: 3605698.5603599995
node_cons: 105360.11368223061
tot_aggregated_send: 71050
tot_msg_rcv: 1829
tot_msg_sent: 3579
tot_reconf_duration: 25.299999999999997
tot_sleeping_duration: 5041831.030840004
tot_uptimes: 1312
tot_uptimes_duration: 78660.0121599955
