comms_cons: 501.8350592240612
finished_reconf: true
global_termination_time: 5122575.033
local_termination_time: 3617987.48336
node_cons: 105343.6248599968
tot_aggregated_send: 72790
tot_msg_rcv: 1162
tot_msg_sent: 2324
tot_reconf_duration: 13.17
tot_sleeping_duration: 5043915.033
tot_uptimes: 1312
tot_uptimes_duration: 78660.0
