comms_cons: 39.31792640083592
finished_reconf: true
global_termination_time: 380121.758
local_termination_time: 2148.2053600000004
node_cons: 7799.91394112144
tot_aggregated_send: 4872
tot_msg_rcv: 349
tot_msg_sent: 755
tot_reconf_duration: 5.1
tot_sleeping_duration: 374301.7519199989
tot_uptimes: 98
tot_uptimes_duration: 5820.006080001069
