comms_cons: 711.6792704627676
finished_reconf: true
global_termination_time: 7178896.494759999
local_termination_time: 7178896.453639999
node_cons: 147760.83904598403
tot_aggregated_send: 103562
tot_msg_rcv: 1563
tot_msg_sent: 3045
tot_reconf_duration: 37.410000000000004
tot_sleeping_duration: 7068582.800760007
tot_uptimes: 1839
tot_uptimes_duration: 110313.69399999199
