comms_cons: 721.8245569503933
finished_reconf: true
global_termination_time: 7178896.813239997
local_termination_time: 346711.8178000003
node_cons: 147708.76602940413
tot_aggregated_send: 100514
tot_msg_rcv: 3162
tot_msg_sent: 6034
tot_reconf_duration: 18.21
tot_sleeping_duration: 7068602.53628002
tot_uptimes: 1839
tot_uptimes_duration: 110294.27695997688
