comms_cons: 703.2961089162384
finished_reconf: true
global_termination_time: 7179405.99
local_termination_time: 3827407.861999999
node_cons: 147677.34022669774
tot_aggregated_send: 99528
tot_msg_rcv: 2455
tot_msg_sent: 4913
tot_reconf_duration: 9.11
tot_sleeping_duration: 7069125.953520013
tot_uptimes: 1839
tot_uptimes_duration: 110280.0364799872
