comms_cons: 715.5821121551952
finished_reconf: true
global_termination_time: 7179938.042
local_termination_time: 875035.8493599999
node_cons: 147669.12702893134
tot_aggregated_send: 100224
tot_msg_rcv: 2965
tot_msg_sent: 5575
tot_reconf_duration: 3.05
tot_sleeping_duration: 7069657.993360018
tot_uptimes: 1839
tot_uptimes_duration: 110280.04863998224
