comms_cons: 143.28488956163014
finished_reconf: true
global_termination_time: 1275650.84124
local_termination_time: 223395.81224000093
node_cons: 26258.784387319294
tot_aggregated_send: 12354
tot_msg_rcv: 3539
tot_msg_sent: 5888
tot_reconf_duration: 18.21
tot_sleeping_duration: 1256058.5670000305
tot_uptimes: 327
tot_uptimes_duration: 19592.274239969585
