comms_cons: 126.80812799684321
finished_reconf: true
global_termination_time: 1279707.638
local_termination_time: 504294.8067600005
node_cons: 26292.011720000075
tot_aggregated_send: 18444
tot_msg_rcv: 322
tot_msg_sent: 508
tot_reconf_duration: 15.34
tot_sleeping_duration: 1260087.638
tot_uptimes: 328
tot_uptimes_duration: 19620.0
