comms_cons: 124.0113408001828
finished_reconf: true
global_termination_time: 1275911.531
local_termination_time: 415773.34336000093
node_cons: 26253.328933041306
tot_aggregated_send: 18676
tot_msg_rcv: 58
tot_msg_sent: 115
tot_reconf_duration: 25.299999999999997
tot_sleeping_duration: 1256330.521639999
tot_uptimes: 327
tot_uptimes_duration: 19581.009360000957
