comms_cons: 126.76928639668155
finished_reconf: true
global_termination_time: 1276307.386
local_termination_time: 316659.5177600004
node_cons: 26208.72486000002
tot_aggregated_send: 18270
tot_msg_rcv: 372
tot_msg_sent: 626
tot_reconf_duration: 13.17
tot_sleeping_duration: 1256747.386
tot_uptimes: 327
tot_uptimes_duration: 19560.0
