comms_cons: 295.32899841907584
finished_reconf: true
global_termination_time: 2878717.777
local_termination_time: 1837359.178999999
node_cons: 59219.157086700885
tot_aggregated_send: 38570
tot_msg_rcv: 2135
tot_msg_sent: 4181
tot_reconf_duration: 6.279999999999999
tot_sleeping_duration: 2834497.7405200135
tot_uptimes: 738
tot_uptimes_duration: 44220.036479986506
