comms_cons: 294.1635648119815
finished_reconf: true
global_termination_time: 2878651.278
local_termination_time: 1170648.04336
node_cons: 59218.20918893554
tot_aggregated_send: 38802
tot_msg_rcv: 1957
tot_msg_sent: 3952
tot_reconf_duration: 5.57
tot_sleeping_duration: 2834431.2293600175
tot_uptimes: 738
tot_uptimes_duration: 44220.04863998247
