comms_cons: 285.91043840668704
finished_reconf: true
global_termination_time: 2879655.014
local_termination_time: 2098114.1730399993
node_cons: 59244.93739999866
tot_aggregated_send: 41180
tot_msg_rcv: 734
tot_msg_sent: 1542
tot_reconf_duration: 25.299999999999997
tot_sleeping_duration: 2835435.014
tot_uptimes: 738
tot_uptimes_duration: 44220.0
