comms_cons: 31.238041600237963
finished_reconf: true
global_termination_time: 319137.397
local_termination_time: 189972.02836000052
node_cons: 6515.986760000008
tot_aggregated_send: 4582
tot_msg_rcv: 55
tot_msg_sent: 111
tot_reconf_duration: 6.22
tot_sleeping_duration: 314277.397
tot_uptimes: 82
tot_uptimes_duration: 4860.0
