comms_cons: 165.24932474119169
finished_reconf: true
global_termination_time: 833484.2
local_termination_time: 1493.1304800000005
node_cons: 17143.21126448119
tot_aggregated_send: 0
tot_msg_rcv: 12769
tot_msg_sent: 12344
tot_reconf_duration: 22.65
tot_sleeping_duration: 820704.1756799992
tot_uptimes: 214
tot_uptimes_duration: 12780.02432000087
