comms_cons: 83.20056319864925
finished_reconf: true
global_termination_time: 834928.999
local_termination_time: 229190.54436000006
node_cons: 17127.77898000002
tot_aggregated_send: 11774
tot_msg_rcv: 302
tot_msg_sent: 570
tot_reconf_duration: 11.31
tot_sleeping_duration: 822148.999
tot_uptimes: 214
tot_uptimes_duration: 12780.0
