comms_cons: 58.87004800053674
finished_reconf: true
global_termination_time: 600578.806
local_termination_time: 201821.974
node_cons: 12348.141502401439
tot_aggregated_send: 8468
tot_msg_rcv: 131
tot_msg_sent: 348
tot_reconf_duration: 22.65
tot_sleeping_duration: 591379.8643999989
tot_uptimes: 154
tot_uptimes_duration: 9198.941600001068
