comms_cons: 57.78511360012859
finished_reconf: true
global_termination_time: 600029.148
local_termination_time: 296837.63604000024
node_cons: 12297.981619999957
tot_aggregated_send: 8526
tot_msg_rcv: 94
tot_msg_sent: 163
tot_reconf_duration: 4.390000000000001
tot_sleeping_duration: 590849.148
tot_uptimes: 154
tot_uptimes_duration: 9180.0
