comms_cons: 67.8891200067258
finished_reconf: true
global_termination_time: 293933.2199200008
local_termination_time: 1994.6983600000003
node_cons: 6121.523645850281
tot_aggregated_send: 0
tot_msg_rcv: 5867
tot_msg_sent: 4441
tot_reconf_duration: 18.21
tot_sleeping_duration: 289379.9753599931
tot_uptimes: 76
tot_uptimes_duration: 4553.244560007675
