comms_cons: 31.33437440073501
finished_reconf: true
global_termination_time: 296285.469
local_termination_time: 101702.9290799999
node_cons: 6034.044522240587
tot_aggregated_send: 3596
tot_msg_rcv: 415
tot_msg_sent: 752
tot_reconf_duration: 6.279999999999999
tot_sleeping_duration: 291785.45683999953
tot_uptimes: 76
tot_uptimes_duration: 4500.012160000435
