comms_cons: 30.363008000184223
finished_reconf: true
global_termination_time: 296424.43
local_termination_time: 86698.71847999995
node_cons: 6033.072201119147
tot_aggregated_send: 3944
tot_msg_rcv: 269
tot_msg_sent: 402
tot_reconf_duration: 5.57
tot_sleeping_duration: 291924.4239200006
tot_uptimes: 76
tot_uptimes_duration: 4500.006079999366
