comms_cons: 30.178790400703182
finished_reconf: true
global_termination_time: 295339.44
local_termination_time: 4397.654480000001
node_cons: 6036.127701121438
tot_aggregated_send: 3944
tot_msg_rcv: 243
tot_msg_sent: 400
tot_reconf_duration: 7.819999999999999
tot_sleeping_duration: 290839.43391999893
tot_uptimes: 76
tot_uptimes_duration: 4500.006080001069
