comms_cons: 241.6612223756211
finished_reconf: true
global_termination_time: 2387292.841
local_termination_time: 1469279.6603599999
node_cons: 49095.377330050935
tot_aggregated_send: 31610
tot_msg_rcv: 1571
tot_msg_sent: 3551
tot_reconf_duration: 5.57
tot_sleeping_duration: 2350632.7862800215
tot_uptimes: 612
tot_uptimes_duration: 36660.05471997871
