comms_cons: 237.59631360709216
finished_reconf: true
global_termination_time: 2388546.924
local_termination_time: 795026.6394399995
node_cons: 49100.11137999932
tot_aggregated_send: 34162
tot_msg_rcv: 683
tot_msg_sent: 1268
tot_reconf_duration: 9.11
tot_sleeping_duration: 2351886.924
tot_uptimes: 612
tot_uptimes_duration: 36660.0
