comms_cons: 243.47094399490229
finished_reconf: true
global_termination_time: 2388077.962
local_termination_time: 197955.81960000054
node_cons: 49093.80745452738
tot_aggregated_send: 31320
tot_msg_rcv: 1720
tot_msg_sent: 3965
tot_reconf_duration: 4.390000000000001
tot_sleeping_duration: 2351417.882960024
tot_uptimes: 612
tot_uptimes_duration: 36660.07903997612
