comms_cons: 243.14812157182348
finished_reconf: true
global_termination_time: 2389052.213
local_termination_time: 1035345.9058799992
node_cons: 49096.29259451862
tot_aggregated_send: 32016
tot_msg_rcv: 1670
tot_msg_sent: 3272
tot_reconf_duration: 6.22
tot_sleeping_duration: 2352392.1339600305
tot_uptimes: 612
tot_uptimes_duration: 36660.07903996948
