comms_cons: 242.6081023935267
finished_reconf: true
global_termination_time: 2386221.632239997
local_termination_time: 39437.33648000001
node_cons: 49123.6089249956
tot_aggregated_send: 31842
tot_msg_rcv: 1574
tot_msg_sent: 3457
tot_reconf_duration: 11.31
tot_sleeping_duration: 2349546.3148800298
tot_uptimes: 612
tot_uptimes_duration: 36675.31735996733
