comms_cons: 63.988364805482135
finished_reconf: true
global_termination_time: 486803.3828800004
local_termination_time: 486803.3417600004
node_cons: 10052.862944744604
tot_aggregated_send: 3454
tot_msg_rcv: 2450
tot_msg_sent: 3824
tot_reconf_duration: 37.410000000000004
tot_sleeping_duration: 479333.58439998206
tot_uptimes: 125
tot_uptimes_duration: 7469.798480018362
