comms_cons: 48.942668800353026
finished_reconf: true
global_termination_time: 490163.291
local_termination_time: 27487.642359999998
node_cons: 10057.867121120302
tot_aggregated_send: 6902
tot_msg_rcv: 198
tot_msg_sent: 339
tot_reconf_duration: 11.31
tot_sleeping_duration: 482663.2849199998
tot_uptimes: 126
tot_uptimes_duration: 7500.0060800002175
