comms_cons: 123.53139841472316
finished_reconf: true
global_termination_time: 425304.45848000015
local_termination_time: 3621.0884800000017
node_cons: 17275.326698881778
tot_aggregated_send: 0
tot_msg_rcv: 6322
tot_msg_sent: 12451
tot_reconf_duration: 5.57
tot_sleeping_duration: 412408.44455999887
tot_uptimes: 215
tot_uptimes_duration: 12896.013920001307
