comms_cons: 42.43002880027637
finished_reconf: true
global_termination_time: 427002.757
local_termination_time: 195456.4416000001
node_cons: 8801.255836400162
tot_aggregated_send: 6090
tot_msg_rcv: 144
tot_msg_sent: 216
tot_reconf_duration: 25.299999999999997
tot_sleeping_duration: 420455.4093999999
tot_uptimes: 110
tot_uptimes_duration: 6547.347600000096
