comms_cons: 41.54106880015481
finished_reconf: true
global_termination_time: 425304.43216000043
local_termination_time: 336372.3849600006
node_cons: 8722.951934240566
tot_aggregated_send: 6206
tot_msg_rcv: 36
tot_msg_sent: 71
tot_reconf_duration: 5.43
tot_sleeping_duration: 418795.412
tot_uptimes: 109
tot_uptimes_duration: 6509.020160000422
