comms_cons: 294.60341761645185
finished_reconf: true
global_termination_time: 2963216.719
local_termination_time: 1323211.0330799986
node_cons: 60922.44917999877
tot_aggregated_send: 42398
tot_msg_rcv: 831
tot_msg_sent: 1549
tot_reconf_duration: 18.21
tot_sleeping_duration: 2917736.719
tot_uptimes: 759
tot_uptimes_duration: 45480.0
