comms_cons: 296.7548480151052
finished_reconf: true
global_termination_time: 2962662.889
local_termination_time: 409039.7029200007
node_cons: 60915.67813005553
tot_aggregated_send: 41644
tot_msg_rcv: 1197
tot_msg_sent: 2264
tot_reconf_duration: 13.17
tot_sleeping_duration: 2917182.8342800173
tot_uptimes: 759
tot_uptimes_duration: 45480.05471998261
