comms_cons: 300.77826561038665
finished_reconf: true
global_termination_time: 2961562.444
local_termination_time: 1615875.115
node_cons: 60939.621256387516
tot_aggregated_send: 40598
tot_msg_rcv: 1752
tot_msg_sent: 3366
tot_reconf_duration: 18.700000000000003
tot_sleeping_duration: 2916070.1164000086
tot_uptimes: 759
tot_uptimes_duration: 45492.327599991346
