comms_cons: 298.99174402996954
finished_reconf: true
global_termination_time: 2963068.508
local_termination_time: 861541.1273599999
node_cons: 60906.215606700265
tot_aggregated_send: 41180
tot_msg_rcv: 1478
tot_msg_sent: 2787
tot_reconf_duration: 6.22
tot_sleeping_duration: 2917588.4715200136
tot_uptimes: 759
tot_uptimes_duration: 45480.03647998604
