comms_cons: 150.96632318488963
finished_reconf: true
global_termination_time: 1498640.969
local_termination_time: 720624.7953599999
node_cons: 30781.303913401993
tot_aggregated_send: 19488
tot_msg_rcv: 1262
tot_msg_sent: 2196
tot_reconf_duration: 8.09
tot_sleeping_duration: 1475660.8960400284
tot_uptimes: 384
tot_uptimes_duration: 22980.072959971614
