comms_cons: 150.86444799266897
finished_reconf: true
global_termination_time: 1498295.854
local_termination_time: 564204.8283599999
node_cons: 30776.206043350565
tot_aggregated_send: 20938
tot_msg_rcv: 717
tot_msg_sent: 1275
tot_reconf_duration: 4.390000000000001
tot_sleeping_duration: 1475315.8357600071
tot_uptimes: 384
tot_uptimes_duration: 22980.018239992904
