comms_cons: 154.84707838430268
finished_reconf: true
global_termination_time: 1498884.95
local_termination_time: 313060.73736
node_cons: 30785.67667340663
tot_aggregated_send: 19198
tot_msg_rcv: 1352
tot_msg_sent: 2985
tot_reconf_duration: 11.31
tot_sleeping_duration: 1475904.8770400248
tot_uptimes: 384
tot_uptimes_duration: 22980.07295997505
