comms_cons: 153.13614078853072
finished_reconf: true
global_termination_time: 1497877.203
local_termination_time: 469460.92636000004
node_cons: 30777.650927817867
tot_aggregated_send: 19894
tot_msg_rcv: 1168
tot_msg_sent: 2214
tot_reconf_duration: 5.43
tot_sleeping_duration: 1474897.1604400165
tot_uptimes: 384
tot_uptimes_duration: 22980.04255998344
