comms_cons: 79.74613759627687
finished_reconf: true
global_termination_time: 786219.661
local_termination_time: 110704.42839999952
node_cons: 16179.113158198921
tot_aggregated_send: 10672
tot_msg_rcv: 470
tot_msg_sent: 978
tot_reconf_duration: 18.21
tot_sleeping_duration: 774155.1472000007
tot_uptimes: 202
tot_uptimes_duration: 12064.513799999171
