comms_cons: 80.83659519862358
finished_reconf: true
global_termination_time: 787978.735
local_termination_time: 336533.2249200007
node_cons: 16176.155619119165
tot_aggregated_send: 10266
tot_msg_rcv: 695
tot_msg_sent: 1325
tot_reconf_duration: 18.700000000000003
tot_sleeping_duration: 775916.9269200006
tot_uptimes: 202
tot_uptimes_duration: 12061.808079999406
