comms_cons: 80.01623039963236
finished_reconf: true
global_termination_time: 790449.385
local_termination_time: 374398.3080400003
node_cons: 16243.5663822429
tot_aggregated_send: 10440
tot_msg_rcv: 664
tot_msg_sent: 1058
tot_reconf_duration: 10.95
tot_sleeping_duration: 778329.3728399979
tot_uptimes: 203
tot_uptimes_duration: 12120.012160002138
