comms_cons: 80.20702719543469
finished_reconf: true
global_termination_time: 792268.946
local_termination_time: 473847.3348400006
node_cons: 16235.228262238285
tot_aggregated_send: 10440
tot_msg_rcv: 647
tot_msg_sent: 1104
tot_reconf_duration: 4.8100000000000005
tot_sleeping_duration: 780148.9338400014
tot_uptimes: 203
tot_uptimes_duration: 12120.012159998703
