comms_cons: 82.24463361120972
finished_reconf: true
global_termination_time: 419241.887
local_termination_time: 769.1400399999994
node_cons: 8627.138700000016
tot_aggregated_send: 0
tot_msg_rcv: 6313
tot_msg_sent: 6187
tot_reconf_duration: 22.65
tot_sleeping_duration: 412821.887
tot_uptimes: 108
tot_uptimes_duration: 6420.000000000004
