comms_cons: 132.4596607923341
finished_reconf: true
global_termination_time: 1325704.142
local_termination_time: 556040.9103599999
node_cons: 27259.99732111682
tot_aggregated_send: 18734
tot_msg_rcv: 487
tot_msg_sent: 912
tot_reconf_duration: 18.21
tot_sleeping_duration: 1305364.1359200024
tot_uptimes: 340
tot_uptimes_duration: 20340.006079997635
