comms_cons: 131.55768319357875
finished_reconf: true
global_termination_time: 1326774.037
local_termination_time: 834720.4873599998
node_cons: 27250.61897999996
tot_aggregated_send: 18966
tot_msg_rcv: 344
tot_msg_sent: 686
tot_reconf_duration: 11.31
tot_sleeping_duration: 1306434.037
tot_uptimes: 340
tot_uptimes_duration: 20340.0
