comms_cons: 119.82530559686778
finished_reconf: true
global_termination_time: 605654.0024799999
local_termination_time: 2016.95736
node_cons: 12484.208590962802
tot_aggregated_send: 0
tot_msg_rcv: 9214
tot_msg_sent: 8998
tot_reconf_duration: 8.09
tot_sleeping_duration: 596338.6758399978
tot_uptimes: 156
tot_uptimes_duration: 9315.32664000208
