comms_cons: 60.19310079973772
finished_reconf: true
global_termination_time: 608753.397
local_termination_time: 410799.88036
node_cons: 12468.8683411214
tot_aggregated_send: 8584
tot_msg_rcv: 169
tot_msg_sent: 396
tot_reconf_duration: 11.899999999999999
tot_sleeping_duration: 599453.3909199989
tot_uptimes: 156
tot_uptimes_duration: 9300.006080001069
