comms_cons: 63.1583424001281
finished_reconf: true
global_termination_time: 606216.188
local_termination_time: 124335.67395999964
node_cons: 12458.686043364309
tot_aggregated_send: 7772
tot_msg_rcv: 610
tot_msg_sent: 1217
tot_reconf_duration: 4.390000000000001
tot_sleeping_duration: 596916.1697599968
tot_uptimes: 156
tot_uptimes_duration: 9300.018240003206
