comms_cons: 9.26351359999515
finished_reconf: true
global_termination_time: 3474.412160000007
local_termination_time: 3474.3710400000073
node_cons: 1022.4872932400099
tot_aggregated_send: 0
tot_msg_rcv: 678
tot_msg_sent: 726
tot_reconf_duration: 24.59
tot_sleeping_duration: 2735.731
tot_uptimes: 11
tot_uptimes_duration: 738.6811600000071
