comms_cons: 1.1418240000018318
finished_reconf: true
global_termination_time: 3952.483
local_termination_time: 1617.9173600000001
node_cons: 87.9040599999999
tot_aggregated_send: 0
tot_msg_rcv: 119
tot_msg_sent: 54
tot_reconf_duration: 5.57
tot_sleeping_duration: 3892.483
tot_uptimes: 2
tot_uptimes_duration: 60.0
