comms_cons: 15.974924800028981
finished_reconf: true
global_termination_time: 159591.309
local_termination_time: 61908.561360000014
node_cons: 3224.227701121432
tot_aggregated_send: 1972
tot_msg_rcv: 114
tot_msg_sent: 342
tot_reconf_duration: 7.819999999999999
tot_sleeping_duration: 157191.30291999894
tot_uptimes: 41
tot_uptimes_duration: 2400.0060800010688
