comms_cons: 551.657363308511
finished_reconf: true
global_termination_time: 5491657.735
local_termination_time: 606296.6443599999
node_cons: 112966.66593339953
tot_aggregated_send: 76444
tot_msg_rcv: 2291
tot_msg_sent: 5113
tot_reconf_duration: 6.279999999999999
tot_sleeping_duration: 5407297.662040028
tot_uptimes: 1407
tot_uptimes_duration: 84360.07295997231
