comms_cons: 554.4632897411577
finished_reconf: true
global_termination_time: 5491884.16
local_termination_time: 53824.056280000164
node_cons: 112965.70989451635
tot_aggregated_send: 75574
tot_msg_rcv: 2717
tot_msg_sent: 5984
tot_reconf_duration: 5.57
tot_sleeping_duration: 5407524.080960031
tot_uptimes: 1407
tot_uptimes_duration: 84360.07903996995
