comms_cons: 542.8219265032602
finished_reconf: true
global_termination_time: 5492335.853
local_termination_time: 967363.8860799996
node_cons: 112969.07506669847
tot_aggregated_send: 76270
tot_msg_rcv: 2189
tot_msg_sent: 4047
tot_reconf_duration: 8.09
tot_sleeping_duration: 5407975.816520013
tot_uptimes: 1407
tot_uptimes_duration: 84360.0364799865
