comms_cons: 81.52425600079448
finished_reconf: true
global_termination_time: 594747.641
local_termination_time: 76185.09547999997
node_cons: 12236.67783699116
tot_aggregated_send: 3306
tot_msg_rcv: 3729
tot_msg_sent: 5366
tot_reconf_duration: 18.21
tot_sleeping_duration: 585627.4403599766
tot_uptimes: 153
tot_uptimes_duration: 9120.200640023264
