comms_cons: 58.11532800007575
finished_reconf: true
global_termination_time: 593114.464
local_termination_time: 112616.97935999997
node_cons: 12142.334361119163
tot_aggregated_send: 8352
tot_msg_rcv: 138
tot_msg_sent: 343
tot_reconf_duration: 8.09
tot_sleeping_duration: 584054.4579200008
tot_uptimes: 152
tot_uptimes_duration: 9060.006079999366
