comms_cons: 58.74365440026355
finished_reconf: true
global_termination_time: 592955.855
local_termination_time: 301412.5263600001
node_cons: 12148.491539999985
tot_aggregated_send: 8352
tot_msg_rcv: 182
tot_msg_sent: 395
tot_reconf_duration: 12.629999999999999
tot_sleeping_duration: 583895.855
tot_uptimes: 152
tot_uptimes_duration: 9059.99999999997
