comms_cons: 57.99564799989138
finished_reconf: true
global_termination_time: 592791.953
local_termination_time: 233281.14336000005
node_cons: 12147.50020000001
tot_aggregated_send: 8410
tot_msg_rcv: 122
tot_msg_sent: 283
tot_reconf_duration: 11.899999999999999
tot_sleeping_duration: 583731.953
tot_uptimes: 152
tot_uptimes_duration: 9060.0
