comms_cons: 109.59631359846509
finished_reconf: true
global_termination_time: 1123834.19
local_termination_time: 181719.37712000048
node_cons: 23078.099380000054
tot_aggregated_send: 16124
tot_msg_rcv: 140
tot_msg_sent: 394
tot_reconf_duration: 15.110000000000001
tot_sleeping_duration: 1106614.19
tot_uptimes: 288
tot_uptimes_duration: 17220.0
