comms_cons: 111.42000639760226
finished_reconf: true
global_termination_time: 1127937.693
local_termination_time: 341724.14836000005
node_cons: 23144.451980000034
tot_aggregated_send: 16124
tot_msg_rcv: 235
tot_msg_sent: 576
tot_reconf_duration: 4.8100000000000005
tot_sleeping_duration: 1110657.693
tot_uptimes: 289
tot_uptimes_duration: 17280.0
