comms_cons: 112.13448959545403
finished_reconf: true
global_termination_time: 1125523.544
local_termination_time: 272920.3330800002
node_cons: 23155.071540000044
tot_aggregated_send: 16124
tot_msg_rcv: 351
tot_msg_sent: 569
tot_reconf_duration: 12.629999999999999
tot_sleeping_duration: 1108243.544
tot_uptimes: 289
tot_uptimes_duration: 17280.0
