comms_cons: 38.55046400198063
finished_reconf: true
global_termination_time: 284624.2816000005
local_termination_time: 284624.2404800005
node_cons: 5886.283576093907
tot_aggregated_send: 1566
tot_msg_rcv: 1606
tot_msg_sent: 2691
tot_reconf_duration: 37.410000000000004
tot_sleeping_duration: 280266.19287999015
tot_uptimes: 73
tot_uptimes_duration: 4358.088720010376
