comms_cons: 28.837887999981106
finished_reconf: true
global_termination_time: 286157.676
local_termination_time: 155213.7454000008
node_cons: 5895.575215601072
tot_aggregated_send: 3886
tot_msg_rcv: 160
tot_msg_sent: 337
tot_reconf_duration: 18.21
tot_sleeping_duration: 281773.17559999914
tot_uptimes: 74
tot_uptimes_duration: 4384.500400000805
