comms_cons: 29.633971200257985
finished_reconf: true
global_termination_time: 285113.241
local_termination_time: 206113.15736000004
node_cons: 5895.603123360872
tot_aggregated_send: 3770
tot_msg_rcv: 286
tot_msg_sent: 449
tot_reconf_duration: 22.65
tot_sleeping_duration: 280733.22275999933
tot_uptimes: 74
tot_uptimes_duration: 4380.018240000652
