comms_cons: 29.21164800024371
finished_reconf: true
global_termination_time: 287787.638
local_termination_time: 3447.1074800000006
node_cons: 5873.274901120012
tot_aggregated_send: 3828
tot_msg_rcv: 209
tot_msg_sent: 403
tot_reconf_duration: 6.22
tot_sleeping_duration: 283407.63191999996
tot_uptimes: 74
tot_uptimes_duration: 4380.006080000005
