comms_cons: 626.3199873048534
finished_reconf: true
global_termination_time: 6356005.402
local_termination_time: 1716134.9813599999
node_cons: 130747.55368222985
tot_aggregated_send: 87058
tot_msg_rcv: 2877
tot_msg_sent: 5261
tot_reconf_duration: 25.299999999999997
tot_sleeping_duration: 6258385.389840004
tot_uptimes: 1628
tot_uptimes_duration: 97620.0121599955
