comms_cons: 90.26327039963292
finished_reconf: true
global_termination_time: 916493.936
local_termination_time: 189971.2408000003
node_cons: 18807.12406000004
tot_aggregated_send: 13340
tot_msg_rcv: 152
tot_msg_sent: 227
tot_reconf_duration: 5.57
tot_sleeping_duration: 902453.936
tot_uptimes: 235
tot_uptimes_duration: 14040.0
