comms_cons: 91.91142399575484
finished_reconf: true
global_termination_time: 915291.156
local_termination_time: 12085.62136
node_cons: 18803.701900000025
tot_aggregated_send: 12818
tot_msg_rcv: 400
tot_msg_sent: 752
tot_reconf_duration: 3.05
tot_sleeping_duration: 901251.156
tot_uptimes: 235
tot_uptimes_duration: 14040.0
