comms_cons: 90.06266879891636
finished_reconf: true
global_termination_time: 914493.509
local_termination_time: 189972.02836000052
node_cons: 18808.00676000003
tot_aggregated_send: 13282
tot_msg_rcv: 122
tot_msg_sent: 285
tot_reconf_duration: 6.22
tot_sleeping_duration: 900453.509
tot_uptimes: 235
tot_uptimes_duration: 14040.0
