comms_cons: 90.38504959619104
finished_reconf: true
global_termination_time: 911450.517
local_termination_time: 49321.70636000001
node_cons: 18734.578980000024
tot_aggregated_send: 13050
tot_msg_rcv: 234
tot_msg_sent: 454
tot_reconf_duration: 11.31
tot_sleeping_duration: 897470.517
tot_uptimes: 234
tot_uptimes_duration: 13980.0
