comms_cons: 155.9579903833166
finished_reconf: true
global_termination_time: 1512572.4591200002
local_termination_time: 60581.17348000001
node_cons: 31129.345279750152
tot_aggregated_send: 19604
tot_msg_rcv: 1476
tot_msg_sent: 2623
tot_reconf_duration: 4.8100000000000005
tot_sleeping_duration: 1489329.1332800076
tot_uptimes: 388
tot_uptimes_duration: 23243.325839992613
