comms_cons: 148.60501759617563
finished_reconf: true
global_termination_time: 1514132.381
local_termination_time: 495513.43016000075
node_cons: 31097.5579022335
tot_aggregated_send: 21344
tot_msg_rcv: 393
tot_msg_sent: 850
tot_reconf_duration: 4.390000000000001
tot_sleeping_duration: 1490912.368840005
tot_uptimes: 388
tot_uptimes_duration: 23220.012159995153
