comms_cons: 172.4868863928657
finished_reconf: true
global_termination_time: 1725703.977
local_termination_time: 1003996.9704799999
node_cons: 35440.56770111686
tot_aggregated_send: 23896
tot_msg_rcv: 709
tot_msg_sent: 1612
tot_reconf_duration: 7.819999999999999
tot_sleeping_duration: 1699243.9709200023
tot_uptimes: 442
tot_uptimes_duration: 26460.006079997635
