comms_cons: 173.15138559046912
finished_reconf: true
global_termination_time: 1727768.646
local_termination_time: 1227176.0973599998
node_cons: 35518.72675999989
tot_aggregated_send: 23490
tot_msg_rcv: 899
tot_msg_sent: 1929
tot_reconf_duration: 6.22
tot_sleeping_duration: 1701248.646
tot_uptimes: 443
tot_uptimes_duration: 26520.0
