comms_cons: 23.189068800588405
finished_reconf: true
global_termination_time: 229369.773
local_termination_time: 145069.27736000004
node_cons: 4663.861899999988
tot_aggregated_send: 3016
tot_msg_rcv: 158
tot_msg_sent: 349
tot_reconf_duration: 3.05
tot_sleeping_duration: 225889.773
tot_uptimes: 59
tot_uptimes_duration: 3480.0
