comms_cons: 246.4699904067922
finished_reconf: true
global_termination_time: 2438084.265
local_termination_time: 407722.3673600001
node_cons: 50153.03729954632
tot_aggregated_send: 33988
tot_msg_rcv: 1277
tot_msg_sent: 2197
tot_reconf_duration: 15.34
tot_sleeping_duration: 2400644.2309600096
tot_uptimes: 625
tot_uptimes_duration: 37440.03403999028
