comms_cons: 247.25291520987847
finished_reconf: true
global_termination_time: 2440215.604
local_termination_time: 1121935.9629199982
node_cons: 50136.35074670528
tot_aggregated_send: 33698
tot_msg_rcv: 1383
tot_msg_sent: 2500
tot_reconf_duration: 3.05
tot_sleeping_duration: 2402775.5675200103
tot_uptimes: 625
tot_uptimes_duration: 37440.03647998971
