comms_cons: 245.56446079074868
finished_reconf: true
global_termination_time: 2436966.5584799973
local_termination_time: 353155.0494800005
node_cons: 50168.082056543135
tot_aggregated_send: 33988
tot_msg_rcv: 1129
tot_msg_sent: 2207
tot_reconf_duration: 11.31
tot_sleeping_duration: 2399511.2014400093
tot_uptimes: 625
tot_uptimes_duration: 37455.357039987925
