comms_cons: 93.73574400987546
finished_reconf: true
global_termination_time: 326486.02308000025
local_termination_time: 1060.4940400000014
node_cons: 13067.557248120276
tot_aggregated_send: 0
tot_msg_rcv: 4833
tot_msg_sent: 9414
tot_reconf_duration: 4.390000000000001
tot_sleeping_duration: 316731.28400000004
tot_uptimes: 162
tot_uptimes_duration: 9754.739080000192
