comms_cons: 78.4851584071006
finished_reconf: true
global_termination_time: 268361.469
local_termination_time: 3150.854040000001
node_cons: 11004.488874
tot_aggregated_send: 0
tot_msg_rcv: 4002
tot_msg_sent: 7927
tot_reconf_duration: 4.390000000000001
tot_sleeping_duration: 260147.48299999998
tot_uptimes: 137
tot_uptimes_duration: 8213.98599999999
