comms_cons: 26.468748800269612
finished_reconf: true
global_termination_time: 267747.275
local_termination_time: 4351.584000000004
node_cons: 5483.655554000012
tot_aggregated_send: 3712
tot_msg_rcv: 86
tot_msg_sent: 226
tot_reconf_duration: 11.31
tot_sleeping_duration: 263663.409
tot_uptimes: 69
tot_uptimes_duration: 4083.8660000000045
