comms_cons: 105.49935359111466
finished_reconf: true
global_termination_time: 1045774.869
local_termination_time: 274137.309
node_cons: 21483.048127906284
tot_aggregated_send: 14034
tot_msg_rcv: 675
tot_msg_sent: 1327
tot_reconf_duration: 22.65
tot_sleeping_duration: 1029753.7417200102
tot_uptimes: 268
tot_uptimes_duration: 16021.127279989712
