comms_cons: 107.70275839006374
finished_reconf: true
global_termination_time: 1045195.028
local_termination_time: 189082.34016000034
node_cons: 21457.81163454185
tot_aggregated_send: 13456
tot_msg_rcv: 1045
tot_msg_sent: 1870
tot_reconf_duration: 5.1
tot_sleeping_duration: 1029174.9489600136
tot_uptimes: 268
tot_uptimes_duration: 16020.07903998642
