comms_cons: 105.74810879421926
finished_reconf: true
global_termination_time: 1043199.94
local_termination_time: 344822.6209200003
node_cons: 21455.011486710246
tot_aggregated_send: 13514
tot_msg_rcv: 966
tot_msg_sent: 1594
tot_reconf_duration: 3.08
tot_sleeping_duration: 1027179.9035200073
tot_uptimes: 268
tot_uptimes_duration: 16020.036479992676
