comms_cons: 103.89872639741482
finished_reconf: true
global_termination_time: 1046056.834
local_termination_time: 590558.90036
node_cons: 21463.57236000009
tot_aggregated_send: 14848
tot_msg_rcv: 314
tot_msg_sent: 630
tot_reconf_duration: 9.42
tot_sleeping_duration: 1030036.834
tot_uptimes: 268
tot_uptimes_duration: 16020.0
