comms_cons: 103.31380479720345
finished_reconf: true
global_termination_time: 1043323.361
local_termination_time: 439770.43512000045
node_cons: 21456.766043355066
tot_aggregated_send: 14326
tot_msg_rcv: 465
tot_msg_sent: 912
tot_reconf_duration: 4.390000000000001
tot_sleeping_duration: 1027303.3427600038
tot_uptimes: 268
tot_uptimes_duration: 16020.018239996338
