comms_cons: 106.19331839185449
finished_reconf: true
global_termination_time: 1043338.261
local_termination_time: 421805.91436000005
node_cons: 21461.43212447197
tot_aggregated_send: 13920
tot_msg_rcv: 769
tot_msg_sent: 1452
tot_reconf_duration: 7.819999999999999
tot_sleeping_duration: 1027318.2366800061
tot_uptimes: 268
tot_uptimes_duration: 16020.024319993972
