comms_cons: 72.03566080043218
finished_reconf: true
global_termination_time: 711606.056
local_termination_time: 165074.0662000006
node_cons: 14632.507701121422
tot_aggregated_send: 9686
tot_msg_rcv: 397
tot_msg_sent: 866
tot_reconf_duration: 7.819999999999999
tot_sleeping_duration: 700686.0499199989
tot_uptimes: 183
tot_uptimes_duration: 10920.006080001069
