comms_cons: 2.1717631999943268
finished_reconf: true
global_termination_time: 14548.321
local_termination_time: 4907.312360000001
node_cons: 275.3774000000003
tot_aggregated_send: 0
tot_msg_rcv: 179
tot_msg_sent: 151
tot_reconf_duration: 25.299999999999997
tot_sleeping_duration: 14368.321
tot_uptimes: 4
tot_uptimes_duration: 180.00000000000003
