comms_cons: 2.2961407999956513
finished_reconf: true
global_termination_time: 14017.624
local_termination_time: 5487.23036
node_cons: 245.16189999999918
tot_aggregated_send: 0
tot_msg_rcv: 176
tot_msg_sent: 172
tot_reconf_duration: 3.05
tot_sleeping_duration: 13837.624
tot_uptimes: 4
tot_uptimes_duration: 180.0000000000001
