comms_cons: 2.2566655999967637
finished_reconf: true
global_termination_time: 14992.057
local_termination_time: 6724.991360000001
node_cons: 256.3789800000005
tot_aggregated_send: 0
tot_msg_rcv: 179
tot_msg_sent: 164
tot_reconf_duration: 11.31
tot_sleeping_duration: 14812.057
tot_uptimes: 4
tot_uptimes_duration: 180.0
