comms_cons: 167.22352639234828
finished_reconf: true
global_termination_time: 1713689.272
local_termination_time: 5818.936000000001
node_cons: 35192.69794223821
tot_aggregated_send: 24008
tot_msg_rcv: 422
tot_msg_sent: 987
tot_reconf_duration: 2.77
tot_sleeping_duration: 1687409.2598400014
tot_uptimes: 439
tot_uptimes_duration: 26280.012159998703
