comms_cons: 344.58261732694586
finished_reconf: true
global_termination_time: 1750676.5706
local_termination_time: 2262.0443600000003
node_cons: 36030.79043175027
tot_aggregated_send: 0
tot_msg_rcv: 26386
tot_msg_sent: 25987
tot_reconf_duration: 13.17
tot_sleeping_duration: 1723781.1967600072
tot_uptimes: 449
tot_uptimes_duration: 26895.373839992797
