comms_cons: 216.92396158772362
finished_reconf: true
global_termination_time: 2195439.988
local_termination_time: 1820087.72648
node_cons: 45166.455262233256
tot_aggregated_send: 30102
tot_msg_rcv: 958
tot_msg_sent: 1911
tot_reconf_duration: 11.31
tot_sleeping_duration: 2161719.9758400046
tot_uptimes: 563
tot_uptimes_duration: 33720.01215999527
