comms_cons: 218.17899518698405
finished_reconf: true
global_termination_time: 2192627.976
local_termination_time: 1773845.138359998
node_cons: 45079.65582527017
tot_aggregated_send: 30624
tot_msg_rcv: 890
tot_msg_sent: 1647
tot_reconf_duration: 5.43
tot_sleeping_duration: 2158966.824480007
tot_uptimes: 562
tot_uptimes_duration: 33661.15151999309
