comms_cons: 139.5177471893662
finished_reconf: true
global_termination_time: 1381879.395
local_termination_time: 1006697.97336
node_cons: 28390.794982233736
tot_aggregated_send: 19198
tot_msg_rcv: 748
tot_msg_sent: 1259
tot_reconf_duration: 22.65
tot_sleeping_duration: 1360699.3828400047
tot_uptimes: 354
tot_uptimes_duration: 21180.01215999527
