comms_cons: 137.9724031929846
finished_reconf: true
global_termination_time: 1377432.8682400002
local_termination_time: 5636.565640000003
node_cons: 28320.938302710736
tot_aggregated_send: 19314
tot_msg_rcv: 559
tot_msg_sent: 1097
tot_reconf_duration: 4.390000000000001
tot_sleeping_duration: 1356286.5077600072
tot_uptimes: 353
tot_uptimes_duration: 21146.360479993047
