comms_cons: 138.0250367930745
finished_reconf: true
global_termination_time: 1380217.623
local_termination_time: 58807.39436000001
node_cons: 28364.194464471977
tot_aggregated_send: 19488
tot_msg_rcv: 500
tot_msg_sent: 991
tot_reconf_duration: 3.05
tot_sleeping_duration: 1359037.5986800059
tot_uptimes: 354
tot_uptimes_duration: 21180.024319993972
