comms_cons: 84.62824959881033
finished_reconf: true
global_termination_time: 839064.8154799999
local_termination_time: 839064.7743599999
node_cons: 17244.544224322424
tot_aggregated_send: 11702
tot_msg_rcv: 451
tot_msg_sent: 709
tot_reconf_duration: 24.59
tot_sleeping_duration: 826211.0805999981
tot_uptimes: 215
tot_uptimes_duration: 12853.734880001783
