comms_cons: 87.70919679631518
finished_reconf: true
global_termination_time: 842228.859
local_termination_time: 284124.9923600001
node_cons: 17294.01313120517
tot_aggregated_send: 10730
tot_msg_rcv: 878
tot_msg_sent: 1725
tot_reconf_duration: 15.34
tot_sleeping_duration: 829328.7981999962
tot_uptimes: 216
tot_uptimes_duration: 12900.06080000382
