comms_cons: 86.15130239709961
finished_reconf: true
global_termination_time: 840222.327
local_termination_time: 331295.399
node_cons: 17307.51738719327
tot_aggregated_send: 11057
tot_msg_rcv: 640
tot_msg_sent: 1398
tot_reconf_duration: 25.299999999999997
tot_sleeping_duration: 827322.282200005
tot_uptimes: 216
tot_uptimes_duration: 12900.044799994968
