comms_cons: 86.57471999574376
finished_reconf: true
global_termination_time: 841703.177
local_termination_time: 225697.45536000005
node_cons: 17288.495989961404
tot_aggregated_send: 11078
tot_msg_rcv: 689
tot_msg_sent: 1392
tot_reconf_duration: 11.31
tot_sleeping_duration: 828803.149359999
tot_uptimes: 216
tot_uptimes_duration: 12900.027640001033
