comms_cons: 284.55102721573695
finished_reconf: true
global_termination_time: 2808421.122
local_termination_time: 1619200.0465599995
node_cons: 57853.26304223258
tot_aggregated_send: 39092
tot_msg_rcv: 1490
tot_msg_sent: 2669
tot_reconf_duration: 6.22
tot_sleeping_duration: 2765221.1098400047
tot_uptimes: 720
tot_uptimes_duration: 43200.01215999527
