comms_cons: 122.97319039224266
finished_reconf: true
global_termination_time: 1240987.657
local_termination_time: 291183.51704000036
node_cons: 25498.5712644766
tot_aggregated_send: 16588
tot_msg_rcv: 723
tot_msg_sent: 1379
tot_reconf_duration: 22.65
tot_sleeping_duration: 1221967.6326800026
tot_uptimes: 318
tot_uptimes_duration: 19020.024319997407
