comms_cons: 187.2275775169391
finished_reconf: true
global_termination_time: 1240897.022
local_termination_time: 201437.23760000005
node_cons: 25478.440265602563
tot_aggregated_send: 0
tot_msg_rcv: 14529
tot_msg_sent: 13928
tot_reconf_duration: 7.819999999999999
tot_sleeping_duration: 1221876.9915999982
tot_uptimes: 318
tot_uptimes_duration: 19020.03040000191
