comms_cons: 122.32092159850612
finished_reconf: true
global_termination_time: 1240292.074
local_termination_time: 482208.35436000006
node_cons: 25476.243042238264
tot_aggregated_send: 17342
tot_msg_rcv: 429
tot_msg_sent: 821
tot_reconf_duration: 6.22
tot_sleeping_duration: 1221272.0618400015
tot_uptimes: 318
tot_uptimes_duration: 19020.012159998703
