comms_cons: 187.73153271627774
finished_reconf: true
global_termination_time: 1244293.759
local_termination_time: 199603.473600001
node_cons: 25557.178509120728
tot_aggregated_send: 0
tot_msg_rcv: 14604
tot_msg_sent: 13930
tot_reconf_duration: 5.43
tot_sleeping_duration: 1225212.5009199996
tot_uptimes: 319
tot_uptimes_duration: 19081.258080000523
