comms_cons: 138.23576959464592
finished_reconf: true
global_termination_time: 1379905.232
local_termination_time: 396667.3743600001
node_cons: 28366.57640335054
tot_aggregated_send: 18502
tot_msg_rcv: 877
tot_msg_sent: 1632
tot_reconf_duration: 4.8100000000000005
tot_sleeping_duration: 1358725.2137600072
tot_uptimes: 354
tot_uptimes_duration: 21180.018239992904
