comms_cons: 137.62433919589637
finished_reconf: true
global_termination_time: 1378943.832
local_termination_time: 722715.4487199998
node_cons: 28365.981620000064
tot_aggregated_send: 19256
tot_msg_rcv: 557
tot_msg_sent: 1104
tot_reconf_duration: 4.390000000000001
tot_sleeping_duration: 1357763.832
tot_uptimes: 354
tot_uptimes_duration: 21180.0
