comms_cons: 50.93003520328254
finished_reconf: true
global_termination_time: 424351.798480001
local_termination_time: 424351.798480001
node_cons: 8796.245198419072
tot_aggregated_send: 4060
tot_msg_rcv: 1386
tot_msg_sent: 2295
tot_reconf_duration: 24.59
tot_sleeping_duration: 417807.47287998674
tot_uptimes: 109
tot_uptimes_duration: 6544.325600014228
