comms_cons: 41.718707199931096
finished_reconf: true
global_termination_time: 428675.866
local_termination_time: 77674.47435999998
node_cons: 8781.78918000002
tot_aggregated_send: 6264
tot_msg_rcv: 36
tot_msg_sent: 41
tot_reconf_duration: 18.21
tot_sleeping_duration: 422135.866
tot_uptimes: 110
tot_uptimes_duration: 6540.0
