comms_cons: 213.9101567953306
finished_reconf: true
global_termination_time: 2177600.501
local_termination_time: 929113.3152799982
node_cons: 44799.21002703414
tot_aggregated_send: 31494
tot_msg_rcv: 297
tot_msg_sent: 722
tot_reconf_duration: 25.299999999999997
tot_sleeping_duration: 2144168.9456400042
tot_uptimes: 558
tot_uptimes_duration: 33431.555359995924
