comms_cons: 216.81934077694552
finished_reconf: true
global_termination_time: 2176601.255
local_termination_time: 880390.7703999992
node_cons: 44755.985250051104
tot_aggregated_send: 28710
tot_msg_rcv: 1438
tot_msg_sent: 2808
tot_reconf_duration: 4.8100000000000005
tot_sleeping_duration: 2143181.2002800214
tot_uptimes: 558
tot_uptimes_duration: 33420.05471997871
