comms_cons: 215.02880638216314
finished_reconf: true
global_termination_time: 2175829.508
local_termination_time: 912742.55436
node_cons: 44757.867465583826
tot_aggregated_send: 29464
tot_msg_rcv: 989
tot_msg_sent: 2232
tot_reconf_duration: 6.22
tot_sleeping_duration: 2142409.4776000115
tot_uptimes: 558
tot_uptimes_duration: 33420.03039998817
