comms_cons: 217.94915838583123
finished_reconf: true
global_termination_time: 2173935.542239997
local_termination_time: 24103.099520000003
node_cons: 44703.511812414385
tot_aggregated_send: 30334
tot_msg_rcv: 931
tot_msg_sent: 1861
tot_reconf_duration: 11.31
tot_sleeping_duration: 2140561.268280016
tot_uptimes: 557
tot_uptimes_duration: 33374.27395998122
