comms_cons: 183.37773438628565
finished_reconf: true
global_termination_time: 1838491.863
local_termination_time: 1032034.4213599998
node_cons: 37784.56174446711
tot_aggregated_send: 25520
tot_msg_rcv: 794
tot_msg_sent: 1558
tot_reconf_duration: 18.21
tot_sleeping_duration: 1810291.8386800094
tot_uptimes: 471
tot_uptimes_duration: 28200.024319990538
