comms_cons: 188.38675197740662
finished_reconf: true
global_termination_time: 1839447.977
local_termination_time: 90704.85047999996
node_cons: 37870.97197006053
tot_aggregated_send: 24360
tot_msg_rcv: 1544
tot_msg_sent: 2729
tot_reconf_duration: 22.65
tot_sleeping_duration: 1811187.9222800143
tot_uptimes: 472
tot_uptimes_duration: 28260.05471998558
