comms_cons: 182.0279807934694
finished_reconf: true
global_termination_time: 1836975.981
local_termination_time: 410344.75536
node_cons: 37768.33638111663
tot_aggregated_send: 26506
tot_msg_rcv: 412
tot_msg_sent: 749
tot_reconf_duration: 6.279999999999999
tot_sleeping_duration: 1808775.9749200023
tot_uptimes: 471
tot_uptimes_duration: 28200.006079997635
