comms_cons: 180.02664959504236
finished_reconf: true
global_termination_time: 1836478.268
local_termination_time: 1170639.1895999997
node_cons: 37766.725799999644
tot_aggregated_send: 26332
tot_msg_rcv: 292
tot_msg_sent: 739
tot_reconf_duration: 5.1
tot_sleeping_duration: 1808278.268
tot_uptimes: 471
tot_uptimes_duration: 28200.0
