comms_cons: 534.2076987651327
finished_reconf: true
global_termination_time: 1836251.3000399983
local_termination_time: 1836251.2589199983
node_cons: 74732.79417955602
tot_aggregated_send: 0
tot_msg_rcv: 27298
tot_msg_sent: 53897
tot_reconf_duration: 24.59
tot_sleeping_duration: 1780463.8460000001
tot_uptimes: 924
tot_uptimes_duration: 55787.45403999831
