comms_cons: 184.66805118249204
finished_reconf: true
global_termination_time: 1836514.588
local_termination_time: 1037973.84936
node_cons: 37766.4052500514
tot_aggregated_send: 23896
tot_msg_rcv: 1492
tot_msg_sent: 2679
tot_reconf_duration: 4.8100000000000005
tot_sleeping_duration: 1808314.5332800213
tot_uptimes: 471
tot_uptimes_duration: 28200.05471997871
