comms_cons: 63.45105920013416
finished_reconf: true
global_termination_time: 639775.864
local_termination_time: 57989.7157200002
node_cons: 13120.157321119168
tot_aggregated_send: 9106
tot_msg_rcv: 206
tot_msg_sent: 332
tot_reconf_duration: 18.21
tot_sleeping_duration: 629995.8579200006
tot_uptimes: 164
tot_uptimes_duration: 9780.006079999366
