comms_cons: 62.49582079970993
finished_reconf: true
global_termination_time: 637507.4399599987
local_termination_time: 19919.224760000005
node_cons: 13170.787084078373
tot_aggregated_send: 9396
tot_msg_rcv: 21
tot_msg_sent: 81
tot_reconf_duration: 10.95
tot_sleeping_duration: 627682.2592399999
tot_uptimes: 164
tot_uptimes_duration: 9825.18071999877
