comms_cons: 935.7267209155054
finished_reconf: true
global_termination_time: 3205518.581
local_termination_time: 2306929.78448
node_cons: 131137.0731139958
tot_aggregated_send: 0
tot_msg_rcv: 47603
tot_msg_sent: 94622
tot_reconf_duration: 18.21
tot_sleeping_duration: 3107600.4749999996
tot_uptimes: 1623
tot_uptimes_duration: 97918.10599999999
