comms_cons: 324.8670592425863
finished_reconf: true
global_termination_time: 3208917.57
local_termination_time: 687468.6513599999
node_cons: 65969.80840670064
tot_aggregated_send: 44428
tot_msg_rcv: 1758
tot_msg_sent: 3191
tot_reconf_duration: 7.819999999999999
tot_sleeping_duration: 3159657.5335200136
tot_uptimes: 822
tot_uptimes_duration: 49260.036479986506
