comms_cons: 323.5782144204474
finished_reconf: true
global_termination_time: 3209397.995
local_termination_time: 645632.3551199989
node_cons: 65974.56410893414
tot_aggregated_send: 44776
tot_msg_rcv: 1564
tot_msg_sent: 2842
tot_reconf_duration: 11.31
tot_sleeping_duration: 3160137.9463600186
tot_uptimes: 822
tot_uptimes_duration: 49260.048639981775
