comms_cons: 2.2961407999924126
finished_reconf: true
global_termination_time: 15291.922240000002
local_termination_time: 7376.072360000001
node_cons: 255.77643936000194
tot_aggregated_send: 0
tot_msg_rcv: 177
tot_msg_sent: 172
tot_reconf_duration: 4.8100000000000005
tot_sleeping_duration: 15105.78
tot_uptimes: 4
tot_uptimes_duration: 186.14224000000104
