comms_cons: 112.69045759331556
finished_reconf: true
global_termination_time: 1130368.999
local_termination_time: 781321.181239998
node_cons: 23279.365906707877
tot_aggregated_send: 15022
tot_msg_rcv: 704
tot_msg_sent: 1403
tot_reconf_duration: 25.299999999999997
tot_sleeping_duration: 1113009.0225200092
tot_uptimes: 290
tot_uptimes_duration: 17359.976479990873
