comms_cons: 112.97802239336934
finished_reconf: true
global_termination_time: 1129135.2512400001
local_termination_time: 487495.62076000037
node_cons: 23266.29653494899
tot_aggregated_send: 15486
tot_msg_rcv: 576
tot_msg_sent: 1109
tot_reconf_duration: 4.390000000000001
tot_sleeping_duration: 1111763.8286000083
tot_uptimes: 290
tot_uptimes_duration: 17371.422639991797
