comms_cons: 114.8235519918037
finished_reconf: true
global_termination_time: 1131721.931
local_termination_time: 433686.62152000086
node_cons: 23222.45888782003
tot_aggregated_send: 14558
tot_msg_rcv: 1023
tot_msg_sent: 1870
tot_reconf_duration: 3.05
tot_sleeping_duration: 1114381.8884400153
tot_uptimes: 290
tot_uptimes_duration: 17340.042559985013
