comms_cons: 112.83641599712502
finished_reconf: true
global_termination_time: 1130058.072
local_termination_time: 482348.0363600001
node_cons: 23228.895842238384
tot_aggregated_send: 14500
tot_msg_rcv: 965
tot_msg_sent: 1689
tot_reconf_duration: 7.819999999999999
tot_sleeping_duration: 1112718.0598400012
tot_uptimes: 290
tot_uptimes_duration: 17340.01215999876
