comms_cons: 114.83993599583334
finished_reconf: true
global_termination_time: 1135892.015
local_termination_time: 654458.13036
node_cons: 23307.079324467482
tot_aggregated_send: 15428
tot_msg_rcv: 807
tot_msg_sent: 1220
tot_reconf_duration: 6.22
tot_sleeping_duration: 1118491.9906800094
tot_uptimes: 291
tot_uptimes_duration: 17400.024319990538
