comms_cons: 453.170431837323
finished_reconf: true
global_termination_time: 2313458.7305999976
local_termination_time: 351.86103999999943
node_cons: 47606.58661062981
tot_aggregated_send: 0
tot_msg_rcv: 34545
tot_msg_sent: 34331
tot_reconf_duration: 18.21
tot_sleeping_duration: 2277923.3628400047
tot_uptimes: 593
tot_uptimes_duration: 35535.367759992834
