comms_cons: 224.13951359210964
finished_reconf: true
global_termination_time: 2318518.929
local_termination_time: 1302062.9233199984
node_cons: 47650.0749011162
tot_aggregated_send: 31842
tot_msg_rcv: 716
tot_msg_sent: 1509
tot_reconf_duration: 6.22
tot_sleeping_duration: 2282938.922920002
tot_uptimes: 594
tot_uptimes_duration: 35580.006079997635
