comms_cons: 33.92235520077337
finished_reconf: true
global_termination_time: 325090.99136000016
local_termination_time: 53375.53636000001
node_cons: 6693.546591283067
tot_aggregated_send: 4234
tot_msg_rcv: 340
tot_msg_sent: 581
tot_reconf_duration: 5.57
tot_sleeping_duration: 320097.7258399979
tot_uptimes: 84
tot_uptimes_duration: 4993.2655200022855
