comms_cons: 33.033190400326575
finished_reconf: true
global_termination_time: 327312.688
local_termination_time: 26668.83436
node_cons: 6672.402640000048
tot_aggregated_send: 4466
tot_msg_rcv: 205
tot_msg_sent: 349
tot_reconf_duration: 3.08
tot_sleeping_duration: 322332.68799999997
tot_uptimes: 84
tot_uptimes_duration: 4980.000000000029
