comms_cons: 441.2464509731179
finished_reconf: true
global_termination_time: 2238443.447
local_termination_time: 1404997.778519998
node_cons: 46065.594982233015
tot_aggregated_send: 0
tot_msg_rcv: 33848
tot_msg_sent: 33218
tot_reconf_duration: 22.65
tot_sleeping_duration: 2204063.434840005
tot_uptimes: 574
tot_uptimes_duration: 34380.01215999527
