comms_cons: 672.6771464071179
finished_reconf: true
global_termination_time: 3422481.776
local_termination_time: 1088609.3578399997
node_cons: 70408.6231233491
tot_aggregated_send: 0
tot_msg_rcv: 51450
tot_msg_sent: 50793
tot_reconf_duration: 22.65
tot_sleeping_duration: 3369921.757760007
tot_uptimes: 877
tot_uptimes_duration: 52560.01823999314
