comms_cons: 336.30238719151373
finished_reconf: true
global_termination_time: 3421378.049
local_termination_time: 750262.0205199982
node_cons: 70385.42848334885
tot_aggregated_send: 47560
tot_msg_rcv: 1049
tot_msg_sent: 2507
tot_reconf_duration: 5.57
tot_sleeping_duration: 3368818.0307600074
tot_uptimes: 877
tot_uptimes_duration: 52560.0182399929
