comms_cons: 337.41311360727053
finished_reconf: true
global_termination_time: 3422397.083
local_termination_time: 1683949.6761599982
node_cons: 70384.79022334905
tot_aggregated_send: 47270
tot_msg_rcv: 1169
tot_msg_sent: 2845
tot_reconf_duration: 5.1
tot_sleeping_duration: 3369837.064760007
tot_uptimes: 877
tot_uptimes_duration: 52560.01823999314
