comms_cons: 349.8132992446883
finished_reconf: true
global_termination_time: 3422905.633
local_termination_time: 34724.75848000001
node_cons: 70386.3600300592
tot_aggregated_send: 46574
tot_msg_rcv: 2351
tot_msg_sent: 4241
tot_reconf_duration: 6.22
tot_sleeping_duration: 3370345.5782800145
tot_uptimes: 877
tot_uptimes_duration: 52560.05471998564
