comms_cons: 103.99083519777761
finished_reconf: true
global_termination_time: 1045840.858
local_termination_time: 217267.88936000006
node_cons: 21457.320121121462
tot_aggregated_send: 14674
tot_msg_rcv: 434
tot_msg_sent: 698
tot_reconf_duration: 4.8100000000000005
tot_sleeping_duration: 1029820.851919999
tot_uptimes: 268
tot_uptimes_duration: 16020.006080001069
