comms_cons: 100.18147840101425
finished_reconf: true
global_termination_time: 1048755.768
local_termination_time: 521904.5264800001
node_cons: 21535.270041121526
tot_aggregated_send: 14500
tot_msg_rcv: 253
tot_msg_sent: 474
tot_reconf_duration: 3.05
tot_sleeping_duration: 1032675.7619199989
tot_uptimes: 269
tot_uptimes_duration: 16080.006080001069
