comms_cons: 11.678079999869349
finished_reconf: true
global_termination_time: 110818.255
local_termination_time: 88255.07835999996
node_cons: 2253.6618999999837
tot_aggregated_send: 1334
tot_msg_rcv: 153
tot_msg_sent: 288
tot_reconf_duration: 3.05
tot_sleeping_duration: 109138.255
tot_uptimes: 29
tot_uptimes_duration: 1680.0
