comms_cons: 12.553113599639662
finished_reconf: true
global_termination_time: 111154.296
local_termination_time: 77348.65435999999
node_cons: 2264.8871211191677
tot_aggregated_send: 1276
tot_msg_rcv: 290
tot_msg_sent: 342
tot_reconf_duration: 11.31
tot_sleeping_duration: 109474.28992000064
tot_uptimes: 29
tot_uptimes_duration: 1680.0060799993662
