comms_cons: 90.88424319354256
finished_reconf: true
global_termination_time: 703029.24124
local_termination_time: 16108.94036
node_cons: 14505.241416350102
tot_aggregated_send: 4930
tot_msg_rcv: 3764
tot_msg_sent: 5123
tot_reconf_duration: 18.21
tot_sleeping_duration: 692214.8183599776
tot_uptimes: 181
tot_uptimes_duration: 10814.422880022474
