comms_cons: 71.52248319927024
finished_reconf: true
global_termination_time: 704648.54
local_termination_time: 288501.52036
node_cons: 14495.565541121436
tot_aggregated_send: 9686
tot_msg_rcv: 452
tot_msg_sent: 733
tot_reconf_duration: 25.299999999999997
tot_sleeping_duration: 693848.533919999
tot_uptimes: 181
tot_uptimes_duration: 10800.006080001069
