comms_cons: 71.4382079993996
finished_reconf: true
global_termination_time: 704603.246
local_termination_time: 201922.37636000008
node_cons: 14479.117424485763
tot_aggregated_send: 9222
tot_msg_rcv: 569
tot_msg_sent: 1068
tot_reconf_duration: 13.17
tot_sleeping_duration: 693803.2216799958
tot_uptimes: 181
tot_uptimes_duration: 10800.024320004275
