comms_cons: 73.18827519918773
finished_reconf: true
global_termination_time: 704753.775
local_termination_time: 16147.94036
node_cons: 14473.603944482044
tot_aggregated_send: 9222
tot_msg_rcv: 687
tot_msg_sent: 1216
tot_reconf_duration: 9.11
tot_sleeping_duration: 693953.7506799984
tot_uptimes: 181
tot_uptimes_duration: 10800.02432000151
