comms_cons: 72.86393600049092
finished_reconf: true
global_termination_time: 706325.149
local_termination_time: 29065.12036
node_cons: 14481.768226727467
tot_aggregated_send: 9164
tot_msg_rcv: 698
tot_msg_sent: 1213
tot_reconf_duration: 15.110000000000001
tot_sleeping_duration: 695525.1125199945
tot_uptimes: 181
tot_uptimes_duration: 10800.036480005561
