comms_cons: 210.74493438449974
finished_reconf: true
global_termination_time: 2153095.789
local_termination_time: 1694211.4812399999
node_cons: 44275.78675999951
tot_aggregated_send: 29522
tot_msg_rcv: 667
tot_msg_sent: 1843
tot_reconf_duration: 6.22
tot_sleeping_duration: 2120035.789
tot_uptimes: 552
tot_uptimes_duration: 33060.0
