comms_cons: 52.59713280432858
finished_reconf: true
global_termination_time: 254549.60396000012
local_termination_time: 254549.56284000012
node_cons: 5275.440570802188
tot_aggregated_send: 0
tot_msg_rcv: 4212
tot_msg_sent: 3780
tot_reconf_duration: 24.59
tot_sleeping_duration: 250634.70675999852
tot_uptimes: 66
tot_uptimes_duration: 3914.897200001622
