comms_cons: 98.50938881422611
finished_reconf: true
global_termination_time: 498191.96368000034
local_termination_time: 1019.9244799999998
node_cons: 10242.95645776192
tot_aggregated_send: 0
tot_msg_rcv: 7587
tot_msg_sent: 7384
tot_reconf_duration: 4.8100000000000005
tot_sleeping_duration: 490547.13583999895
tot_uptimes: 128
tot_uptimes_duration: 7644.827840001424
