comms_cons: 49.745331200605726
finished_reconf: true
global_termination_time: 498192.0910000005
local_termination_time: 189225.86972000054
node_cons: 10276.301931122063
tot_aggregated_send: 6786
tot_msg_rcv: 305
tot_msg_sent: 470
tot_reconf_duration: 3.05
tot_sleeping_duration: 490520.57491999894
tot_uptimes: 128
tot_uptimes_duration: 7671.516080001544
