comms_cons: 49.96846080059719
finished_reconf: true
global_termination_time: 498605.792
local_termination_time: 398879.76836000005
node_cons: 10218.53898000001
tot_aggregated_send: 6844
tot_msg_rcv: 256
tot_msg_sent: 494
tot_reconf_duration: 11.31
tot_sleeping_duration: 490985.792
tot_uptimes: 128
tot_uptimes_duration: 7620.0
