comms_cons: 52.607283200570535
finished_reconf: true
global_termination_time: 534477.539
local_termination_time: 177109.5829200007
node_cons: 10936.859559999984
tot_aggregated_send: 7598
tot_msg_rcv: 115
tot_msg_sent: 283
tot_reconf_duration: 7.819999999999999
tot_sleeping_duration: 526317.539
tot_uptimes: 137
tot_uptimes_duration: 8160.0
