comms_cons: 130.9727615870902
finished_reconf: true
global_termination_time: 1259375.7829599988
local_termination_time: 297167.0286800003
node_cons: 25952.91608174196
tot_aggregated_send: 16704
tot_msg_rcv: 1198
tot_msg_sent: 2005
tot_reconf_duration: 18.21
tot_sleeping_duration: 1240011.9391200123
tot_uptimes: 323
tot_uptimes_duration: 19363.843839986483
