comms_cons: 124.820582397084
finished_reconf: true
global_termination_time: 1264818.953
local_termination_time: 1023707.4713599999
node_cons: 25958.348240000076
tot_aggregated_send: 18154
tot_msg_rcv: 243
tot_msg_sent: 575
tot_reconf_duration: 6.279999999999999
tot_sleeping_duration: 1245438.953
tot_uptimes: 324
tot_uptimes_duration: 19380.0
