comms_cons: 124.28766719672574
finished_reconf: true
global_termination_time: 1260467.657
local_termination_time: 856586.3833599999
node_cons: 25876.41394111688
tot_aggregated_send: 18154
tot_msg_rcv: 219
tot_msg_sent: 518
tot_reconf_duration: 5.1
tot_sleeping_duration: 1241147.6509200023
tot_uptimes: 323
tot_uptimes_duration: 19320.006079997664
