comms_cons: 124.95874559865482
finished_reconf: true
global_termination_time: 1259813.623
local_termination_time: 335032.62096000015
node_cons: 25876.85394000003
tot_aggregated_send: 18096
tot_msg_rcv: 322
tot_msg_sent: 575
tot_reconf_duration: 5.43
tot_sleeping_duration: 1240493.623
tot_uptimes: 323
tot_uptimes_duration: 19320.0
