comms_cons: 1.4414719999945298
finished_reconf: true
global_termination_time: 9414.72448
local_termination_time: 9414.68336
node_cons: 229.83307872000086
tot_aggregated_send: 0
tot_msg_rcv: 118
tot_msg_sent: 100
tot_reconf_duration: 37.410000000000004
tot_sleeping_duration: 9281.02
tot_uptimes: 3
tot_uptimes_duration: 133.70448000000033
