comms_cons: 86.72043519687799
finished_reconf: true
global_termination_time: 859599.57
local_termination_time: 583686.1914399996
node_cons: 17681.340121116933
tot_aggregated_send: 11948
tot_msg_rcv: 422
tot_msg_sent: 811
tot_reconf_duration: 4.8100000000000005
tot_sleeping_duration: 846399.5639200023
tot_uptimes: 221
tot_uptimes_duration: 13200.006079997635
