comms_cons: 84.4769279996463
finished_reconf: true
global_termination_time: 860080.021
local_termination_time: 637267.64836
node_cons: 17683.246760000147
tot_aggregated_send: 12528
tot_msg_rcv: 85
tot_msg_sent: 227
tot_reconf_duration: 6.22
tot_sleeping_duration: 846880.021
tot_uptimes: 221
tot_uptimes_duration: 13200.0
