comms_cons: 216.16723198513458
finished_reconf: true
global_termination_time: 2158590.098
local_termination_time: 490730.3047600005
node_cons: 44351.84632335011
tot_aggregated_send: 29580
tot_msg_rcv: 1150
tot_msg_sent: 2126
tot_reconf_duration: 3.05
tot_sleeping_duration: 2125470.079760007
tot_uptimes: 553
tot_uptimes_duration: 33120.0182399929
