comms_cons: 850.44034587306
finished_reconf: true
global_termination_time: 8435323.639
local_termination_time: 459748.51236000005
node_cons: 173565.29709898386
tot_aggregated_send: 116580
tot_msg_rcv: 4323
tot_msg_sent: 8357
tot_reconf_duration: 22.65
tot_sleeping_duration: 8305723.535640038
tot_uptimes: 2161
tot_uptimes_duration: 129600.10335996258
