comms_cons: 845.6587330749326
finished_reconf: true
global_termination_time: 8438315.032
local_termination_time: 1206242.8133599998
node_cons: 173542.9607356333
tot_aggregated_send: 116116
tot_msg_rcv: 4168
tot_msg_sent: 8251
tot_reconf_duration: 6.22
tot_sleeping_duration: 8308714.9468800295
tot_uptimes: 2161
tot_uptimes_duration: 129600.08511996968
