comms_cons: 47.23123839987061
finished_reconf: true
global_termination_time: 11255.289240000002
local_termination_time: 2989.0226000000016
node_cons: 4783.082065440059
tot_aggregated_send: 0
tot_msg_rcv: 3764
tot_msg_sent: 3412
tot_reconf_duration: 5.57
tot_sleeping_duration: 7688.80827999996
tot_uptimes: 51
tot_uptimes_duration: 3566.4809600000417
