comms_cons: 2.57246719999361
finished_reconf: true
global_termination_time: 12587.455
local_termination_time: 6860.191360000001
node_cons: 247.9458000000005
tot_aggregated_send: 0
tot_msg_rcv: 219
tot_msg_sent: 171
tot_reconf_duration: 5.1
tot_sleeping_duration: 12407.455
tot_uptimes: 4
tot_uptimes_duration: 180.0
