comms_cons: 3.2573311999885264
finished_reconf: true
global_termination_time: 13483.414
local_termination_time: 2992.8172400000017
node_cons: 253.81235999999947
tot_aggregated_send: 0
tot_msg_rcv: 323
tot_msg_sent: 170
tot_reconf_duration: 9.42
tot_sleeping_duration: 13303.414
tot_uptimes: 4
tot_uptimes_duration: 180.0
