comms_cons: 3.171801599988809
finished_reconf: true
global_termination_time: 12190.538
local_termination_time: 6848.840360000001
node_cons: 266.414600000001
tot_aggregated_send: 0
tot_msg_rcv: 322
tot_msg_sent: 160
tot_reconf_duration: 18.700000000000003
tot_sleeping_duration: 12010.538
tot_uptimes: 4
tot_uptimes_duration: 180.0
