comms_cons: 14.664691199901556
finished_reconf: true
global_termination_time: 131452.57964000085
local_termination_time: 131452.53852000085
node_cons: 2763.5001371994663
tot_aggregated_send: 1378
tot_msg_rcv: 267
tot_msg_sent: 584
tot_reconf_duration: 24.59
tot_sleeping_duration: 129413.66484000126
tot_uptimes: 34
tot_uptimes_duration: 2038.9147999995912
