comms_cons: 13.547199999837623
finished_reconf: true
global_termination_time: 134540.755
local_termination_time: 77778.74547999995
node_cons: 2737.537902238322
tot_aggregated_send: 1508
tot_msg_rcv: 144
tot_msg_sent: 407
tot_reconf_duration: 4.390000000000001
tot_sleeping_duration: 132500.74284000124
tot_uptimes: 35
tot_uptimes_duration: 2040.012159998747
