comms_cons: 14.607078399516572
finished_reconf: true
global_termination_time: 135816.215
local_termination_time: 38703.07336000001
node_cons: 2742.2202655968968
tot_aggregated_send: 1102
tot_msg_rcv: 295
tot_msg_sent: 824
tot_reconf_duration: 7.819999999999999
tot_sleeping_duration: 133776.1846000023
tot_uptimes: 35
tot_uptimes_duration: 2040.0303999976823
