comms_cons: 842.8291073779528
finished_reconf: true
global_termination_time: 8519559.314
local_termination_time: 2953508.01336
node_cons: 175230.14965116535
tot_aggregated_send: 117856
tot_msg_rcv: 3280
tot_msg_sent: 6968
tot_reconf_duration: 6.279999999999999
tot_sleeping_duration: 8388699.25320002
tot_uptimes: 2182
tot_uptimes_duration: 130860.06079997844
