comms_cons: 835.0575873337767
finished_reconf: true
global_termination_time: 8522488.446
local_termination_time: 3517224.65036
node_cons: 175312.89878446222
tot_aggregated_send: 118378
tot_msg_rcv: 2879
tot_msg_sent: 5667
tot_reconf_duration: 8.09
tot_sleeping_duration: 8391568.421680009
tot_uptimes: 2183
tot_uptimes_duration: 130920.02431999147
