comms_cons: 861.0342018575167
finished_reconf: true
global_termination_time: 8520351.648
local_termination_time: 382.71207999999973
node_cons: 175252.4045345155
tot_aggregated_send: 118204
tot_msg_rcv: 4557
tot_msg_sent: 8111
tot_reconf_duration: 22.65
tot_sleeping_duration: 8389491.56896003
tot_uptimes: 2182
tot_uptimes_duration: 130860.07903997134
