comms_cons: 836.831219346542
finished_reconf: true
global_termination_time: 8520093.614
local_termination_time: 3801458.17984
node_cons: 175234.36492446298
tot_aggregated_send: 118494
tot_msg_rcv: 2814
tot_msg_sent: 5884
tot_reconf_duration: 9.42
tot_sleeping_duration: 8389233.589680009
tot_uptimes: 2182
tot_uptimes_duration: 130860.02431999147
