comms_cons: 850.1999042411699
finished_reconf: true
global_termination_time: 8519681.076
local_termination_time: 2606244.403479998
node_cons: 175247.7949049994
tot_aggregated_send: 116928
tot_msg_rcv: 3991
tot_msg_sent: 8306
tot_reconf_duration: 11.31
tot_sleeping_duration: 8388812.938640025
tot_uptimes: 2182
tot_uptimes_duration: 130868.13735997421
