comms_cons: 65.91700480095267
finished_reconf: true
global_termination_time: 671914.166
local_termination_time: 283910.3916000001
node_cons: 13829.10770112146
tot_aggregated_send: 9164
tot_msg_rcv: 276
tot_msg_sent: 579
tot_reconf_duration: 7.819999999999999
tot_sleeping_duration: 661594.1599199988
tot_uptimes: 173
tot_uptimes_duration: 10320.006080001069
