comms_cons: 245.00261759496897
finished_reconf: true
global_termination_time: 2443466.1663999967
local_termination_time: 188556.3046000001
node_cons: 50265.03303594547
tot_aggregated_send: 34336
tot_msg_rcv: 1058
tot_msg_sent: 1844
tot_reconf_duration: 22.65
tot_sleeping_duration: 2405949.904760007
tot_uptimes: 626
tot_uptimes_duration: 37516.26163998968
