comms_cons: 21.969830400413656
finished_reconf: true
global_termination_time: 188362.25
local_termination_time: 82559.53135999996
node_cons: 3862.876403359733
tot_aggregated_send: 1914
tot_msg_rcv: 555
tot_msg_sent: 871
tot_reconf_duration: 4.8100000000000005
tot_sleeping_duration: 185482.2317600002
tot_uptimes: 49
tot_uptimes_duration: 2880.018239999801
