comms_cons: 424.85183999780054
finished_reconf: true
global_termination_time: 4370178.405
local_termination_time: 2600143.2064799983
node_cons: 89911.16085494916
tot_aggregated_send: 60436
tot_msg_rcv: 1293
tot_msg_sent: 2846
tot_reconf_duration: 5.57
tot_sleeping_duration: 4303036.062360007
tot_uptimes: 1120
tot_uptimes_duration: 67142.34263999341
