comms_cons: 438.35456647457227
finished_reconf: true
global_termination_time: 4370216.4
local_termination_time: 596333.82636
node_cons: 89931.28382893291
tot_aggregated_send: 61190
tot_msg_rcv: 1883
tot_msg_sent: 3553
tot_reconf_duration: 22.65
tot_sleeping_duration: 4303076.351360019
tot_uptimes: 1120
tot_uptimes_duration: 67140.04863998154
