comms_cons: 439.781728079469
finished_reconf: true
global_termination_time: 4372740.986
local_termination_time: 304801.7685200004
node_cons: 89915.41965228495
tot_aggregated_send: 61306
tot_msg_rcv: 1941
tot_msg_sent: 3597
tot_reconf_duration: 10.95
tot_sleeping_duration: 4305600.919120024
tot_uptimes: 1120
tot_uptimes_duration: 67140.06687997561
