comms_cons: 383.8454336336491
finished_reconf: true
global_termination_time: 3813554.0684799976
local_termination_time: 183045.02336000005
node_cons: 78457.17296212762
tot_aggregated_send: 53592
tot_msg_rcv: 1732
tot_msg_sent: 3017
tot_reconf_duration: 18.21
tot_sleeping_duration: 3754978.6810400207
tot_uptimes: 977
tot_uptimes_duration: 58575.38743997726
