comms_cons: 369.72597759043964
finished_reconf: true
global_termination_time: 3814159.36
local_termination_time: 2228449.1603599996
node_cons: 78446.2136822315
tot_aggregated_send: 53012
tot_msg_rcv: 996
tot_msg_sent: 2189
tot_reconf_duration: 25.299999999999997
tot_sleeping_duration: 3755599.3478400046
tot_uptimes: 977
tot_uptimes_duration: 58560.01215999527
