comms_cons: 376.2815936126752
finished_reconf: true
global_termination_time: 3817962.306
local_termination_time: 1937882.5354799998
node_cons: 78496.39520446614
tot_aggregated_send: 53534
tot_msg_rcv: 1214
tot_msg_sent: 2445
tot_reconf_duration: 3.08
tot_sleeping_duration: 3759342.2816800084
tot_uptimes: 978
tot_uptimes_duration: 58620.02431999101
