comms_cons: 378.9462848125647
finished_reconf: true
global_termination_time: 3815951.523
local_termination_time: 1921645.6433599999
node_cons: 78503.22320781728
tot_aggregated_send: 52374
tot_msg_rcv: 1740
tot_msg_sent: 3483
tot_reconf_duration: 8.09
tot_sleeping_duration: 3757331.480440016
tot_uptimes: 978
tot_uptimes_duration: 58620.04255998437
