comms_cons: 375.15188480225123
finished_reconf: true
global_termination_time: 3814450.735
local_termination_time: 1617259.9613599998
node_cons: 78432.43366768921
tot_aggregated_send: 52838
tot_msg_rcv: 1215
tot_msg_sent: 2967
tot_reconf_duration: 15.110000000000001
tot_sleeping_duration: 3755890.679520021
tot_uptimes: 977
tot_uptimes_duration: 58560.05547997856
