comms_cons: 383.6286528574552
finished_reconf: true
global_termination_time: 3813990.345
local_termination_time: 1668026.7243599996
node_cons: 78416.0388878166
tot_aggregated_send: 53186
tot_msg_rcv: 1978
tot_msg_sent: 3144
tot_reconf_duration: 3.05
tot_sleeping_duration: 3755430.302440016
tot_uptimes: 977
tot_uptimes_duration: 58560.04255998414
