comms_cons: 39.13308160179573
finished_reconf: true
global_termination_time: 200126.364
local_termination_time: 6391.581480000001
node_cons: 4128.1068411214355
tot_aggregated_send: 0
tot_msg_rcv: 3010
tot_msg_sent: 2938
tot_reconf_duration: 22.65
tot_sleeping_duration: 197066.35791999893
tot_uptimes: 52
tot_uptimes_duration: 3060.0060800010688
