comms_cons: 31.39619200027646
finished_reconf: true
global_termination_time: 310989.27
local_termination_time: 82646.94283999965
node_cons: 6355.396381119157
tot_aggregated_send: 4176
tot_msg_rcv: 193
tot_msg_sent: 403
tot_reconf_duration: 6.279999999999999
tot_sleeping_duration: 306249.26392000064
tot_uptimes: 80
tot_uptimes_duration: 4740.006079999366
