comms_cons: 81.52411520038041
finished_reconf: true
global_termination_time: 854818.756
local_termination_time: 342849.7048000007
node_cons: 17521.045799999996
tot_aggregated_send: 11484
tot_msg_rcv: 248
tot_msg_sent: 659
tot_reconf_duration: 5.1
tot_sleeping_duration: 841738.756
tot_uptimes: 219
tot_uptimes_duration: 13080.0
