comms_cons: 114.43395840277934
finished_reconf: true
global_termination_time: 854094.763
local_termination_time: 290667.11736000003
node_cons: 17548.49368224287
tot_aggregated_send: 0
tot_msg_rcv: 8825
tot_msg_sent: 8568
tot_reconf_duration: 25.299999999999997
tot_sleeping_duration: 841014.7508399979
tot_uptimes: 219
tot_uptimes_duration: 13080.012160002138
