comms_cons: 96.3523839985041
finished_reconf: true
global_termination_time: 977613.658
local_termination_time: 364173.60436000006
node_cons: 20093.44675999999
tot_aggregated_send: 14152
tot_msg_rcv: 206
tot_msg_sent: 287
tot_reconf_duration: 6.22
tot_sleeping_duration: 962613.658
tot_uptimes: 251
tot_uptimes_duration: 15000.0
