comms_cons: 96.59123839854999
finished_reconf: true
global_termination_time: 976901.9844799999
local_termination_time: 976901.9433599999
node_cons: 20136.75980095809
tot_aggregated_send: 14196
tot_msg_rcv: 186
tot_msg_sent: 298
tot_reconf_duration: 24.59
tot_sleeping_duration: 961888.2678400014
tot_uptimes: 251
tot_uptimes_duration: 15013.716639998544
