comms_cons: 95.67472639933241
finished_reconf: true
global_termination_time: 982156.696
local_termination_time: 600579.7832799992
node_cons: 20180.698979999946
tot_aggregated_send: 14384
tot_msg_rcv: 50
tot_msg_sent: 108
tot_reconf_duration: 11.31
tot_sleeping_duration: 967096.696
tot_uptimes: 252
tot_uptimes_duration: 15060.0
