comms_cons: 32.17886720034847
finished_reconf: true
global_termination_time: 323491.701
local_termination_time: 183931.55836000002
node_cons: 6598.4995599999775
tot_aggregated_send: 4466
tot_msg_rcv: 142
tot_msg_sent: 283
tot_reconf_duration: 7.819999999999999
tot_sleeping_duration: 318571.701
tot_uptimes: 83
tot_uptimes_duration: 4920.0
