comms_cons: 278.3317374062366
finished_reconf: true
global_termination_time: 1420175.4056
local_termination_time: 1895.4736000000005
node_cons: 29192.43005079991
tot_aggregated_send: 0
tot_msg_rcv: 21241
tot_msg_sent: 21063
tot_reconf_duration: 6.22
tot_sleeping_duration: 1398380.0484000002
tot_uptimes: 364
tot_uptimes_duration: 21795.357199999897
