comms_cons: 263.31336959040243
finished_reconf: true
global_termination_time: 2647175.524
local_termination_time: 1368036.1853999982
node_cons: 54422.29574671343
tot_aggregated_send: 37874
tot_msg_rcv: 767
tot_msg_sent: 1382
tot_reconf_duration: 18.21
tot_sleeping_duration: 2606550.007520004
tot_uptimes: 678
tot_uptimes_duration: 40625.5164799958
