comms_cons: 265.1942464091697
finished_reconf: true
global_termination_time: 2645440.972
local_termination_time: 1990652.8673599998
node_cons: 54397.122082232905
tot_aggregated_send: 36714
tot_msg_rcv: 1042
tot_msg_sent: 2552
tot_reconf_duration: 5.1
tot_sleeping_duration: 2604820.9598400043
tot_uptimes: 678
tot_uptimes_duration: 40620.0121599955
