comms_cons: 266.74828160198564
finished_reconf: true
global_termination_time: 2645053.867
local_termination_time: 453317.05136
node_cons: 54396.19046670005
tot_aggregated_send: 36656
tot_msg_rcv: 1272
tot_msg_sent: 2616
tot_reconf_duration: 4.390000000000001
tot_sleeping_duration: 2604433.8305200143
tot_uptimes: 678
tot_uptimes_duration: 40620.03647998581
