comms_cons: 266.5948031990623
finished_reconf: true
global_termination_time: 2644053.775
local_termination_time: 15187.488800000003
node_cons: 54398.70003005123
tot_aggregated_send: 37004
tot_msg_rcv: 1246
tot_msg_sent: 2271
tot_reconf_duration: 6.22
tot_sleeping_duration: 2603433.7202800205
tot_uptimes: 678
tot_uptimes_duration: 40620.054719979176
