comms_cons: 60.66680319835315
finished_reconf: true
global_termination_time: 584889.651879998
local_termination_time: 584889.651879998
node_cons: 12103.229725519102
tot_aggregated_send: 7514
tot_msg_rcv: 537
tot_msg_sent: 1169
tot_reconf_duration: 37.410000000000004
tot_sleeping_duration: 575888.5861999986
tot_uptimes: 150
tot_uptimes_duration: 9001.065679999308
