comms_cons: 61.07596799925514
finished_reconf: true
global_termination_time: 588247.931
local_termination_time: 372485.092
node_cons: 12062.199516562463
tot_aggregated_send: 7596
tot_msg_rcv: 581
tot_msg_sent: 1108
tot_reconf_duration: 5.43
tot_sleeping_duration: 579245.0739599982
tot_uptimes: 151
tot_uptimes_duration: 9002.857040001836
