comms_cons: 60.291788799454835
finished_reconf: true
global_termination_time: 588851.503
local_termination_time: 347738.2843600001
node_cons: 12071.848002242912
tot_aggregated_send: 7830
tot_msg_rcv: 476
tot_msg_sent: 858
tot_reconf_duration: 15.34
tot_sleeping_duration: 579851.4908399979
tot_uptimes: 151
tot_uptimes_duration: 9000.012160002138
