comms_cons: 32.165708800057196
finished_reconf: true
global_termination_time: 322448.381
local_termination_time: 1498.7554800000044
node_cons: 6606.767703840022
tot_aggregated_send: 4524
tot_msg_rcv: 136
tot_msg_sent: 229
tot_reconf_duration: 9.11
tot_sleeping_duration: 317523.51443999994
tot_uptimes: 83
tot_uptimes_duration: 4924.866560000011
