comms_cons: 167.44252158735526
finished_reconf: true
global_termination_time: 1661430.476
local_termination_time: 672162.6173599999
node_cons: 34175.28312335512
tot_aggregated_send: 23200
tot_msg_rcv: 817
tot_msg_sent: 1435
tot_reconf_duration: 22.65
tot_sleeping_duration: 1635930.4577600036
tot_uptimes: 426
tot_uptimes_duration: 25500.018239996338
