comms_cons: 166.9681919863077
finished_reconf: true
global_termination_time: 1658670.0974799998
local_termination_time: 1658670.0563599998
node_cons: 34115.95236542079
tot_aggregated_send: 23186
tot_msg_rcv: 783
tot_msg_sent: 1410
tot_reconf_duration: 24.59
tot_sleeping_duration: 1633216.3565200141
tot_uptimes: 425
tot_uptimes_duration: 25453.740959985647
