comms_cons: 164.716851195141
finished_reconf: true
global_termination_time: 1660659.937
local_termination_time: 1075758.3920399994
node_cons: 34152.946759999955
tot_aggregated_send: 23200
tot_msg_rcv: 661
tot_msg_sent: 1175
tot_reconf_duration: 6.22
tot_sleeping_duration: 1635159.937
tot_uptimes: 426
tot_uptimes_duration: 25500.0
