comms_cons: 168.59667201899035
finished_reconf: true
global_termination_time: 349023.9544800002
local_termination_time: 2369.556480000002
node_cons: 21178.941889764632
tot_aggregated_send: 0
tot_msg_rcv: 10365
tot_msg_sent: 15259
tot_reconf_duration: 18.21
tot_sleeping_duration: 333225.43863999675
tot_uptimes: 260
tot_uptimes_duration: 15798.515840003438
