comms_cons: 69.41965440794401
finished_reconf: true
global_termination_time: 349135.334
local_termination_time: 2374.5600000000018
node_cons: 7181.034982240591
tot_aggregated_send: 0
tot_msg_rcv: 5405
tot_msg_sent: 5145
tot_reconf_duration: 22.65
tot_sleeping_duration: 343795.3218399995
tot_uptimes: 90
tot_uptimes_duration: 5340.012160000435
