comms_cons: 289.5117440084917
finished_reconf: true
global_termination_time: 2918429.211
local_termination_time: 271936.6272400005
node_cons: 60044.763123349396
tot_aggregated_send: 40658
tot_msg_rcv: 1080
tot_msg_sent: 2267
tot_reconf_duration: 22.65
tot_sleeping_duration: 2873609.1927600075
tot_uptimes: 748
tot_uptimes_duration: 44820.0182399929
