comms_cons: 360.5407872184475
finished_reconf: true
global_termination_time: 3628741.893
local_termination_time: 1622096.78
node_cons: 74648.05399798062
tot_aggregated_send: 49587
tot_msg_rcv: 1663
tot_msg_sent: 3551
tot_reconf_duration: 8.09
tot_sleeping_duration: 3573000.9910000134
tot_uptimes: 930
tot_uptimes_duration: 55740.90199998673
