comms_cons: 359.7409216251301
finished_reconf: true
global_termination_time: 3629872.907
local_termination_time: 1486726.935
node_cons: 74649.57370069131
tot_aggregated_send: 49698
tot_msg_rcv: 1611
tot_msg_sent: 3369
tot_reconf_duration: 9.11
tot_sleeping_duration: 3574131.9045200204
tot_uptimes: 930
tot_uptimes_duration: 55741.00247997977
