comms_cons: 358.4747520220746
finished_reconf: true
global_termination_time: 3629850.392
local_termination_time: 1351728.8693599997
node_cons: 74656.43636781684
tot_aggregated_send: 49938
tot_msg_rcv: 1420
tot_msg_sent: 3128
tot_reconf_duration: 15.110000000000001
tot_sleeping_duration: 3574110.349440016
tot_uptimes: 930
tot_uptimes_duration: 55740.04255998414
