comms_cons: 359.1651072125524
finished_reconf: true
global_termination_time: 3631003.947
local_termination_time: 354928.93852000084
node_cons: 74654.3909242199
tot_aggregated_send: 50808
tot_msg_rcv: 1197
tot_msg_sent: 2586
tot_reconf_duration: 12.629999999999999
tot_sleeping_duration: 3575262.916840014
tot_uptimes: 930
tot_uptimes_duration: 55741.03015998629
