comms_cons: 364.04154883255353
finished_reconf: true
global_termination_time: 3630305.297
local_termination_time: 324625.34836
node_cons: 74661.34415229839
tot_aggregated_send: 49880
tot_msg_rcv: 1920
tot_msg_sent: 3533
tot_reconf_duration: 18.700000000000003
tot_sleeping_duration: 3574565.2301200144
tot_uptimes: 930
tot_uptimes_duration: 55740.066879985214
