comms_cons: 713.6320201884106
finished_reconf: true
global_termination_time: 3626738.739239997
local_termination_time: 2862.7193600000005
node_cons: 74590.77262606108
tot_aggregated_send: 0
tot_msg_rcv: 54637
tot_msg_sent: 53829
tot_reconf_duration: 11.899999999999999
tot_sleeping_duration: 3571044.48052001
tot_uptimes: 929
tot_uptimes_duration: 55694.25871998718
