comms_cons: 364.50433925358084
finished_reconf: true
global_termination_time: 3631214.52
local_termination_time: 1227734.007
node_cons: 74644.44702404145
tot_aggregated_send: 50747
tot_msg_rcv: 1509
tot_msg_sent: 3145
tot_reconf_duration: 4.390000000000001
tot_sleeping_duration: 3575472.5592800276
tot_uptimes: 930
tot_uptimes_duration: 55741.960719972616
