comms_cons: 851.9692481752111
finished_reconf: true
global_termination_time: 8533719.105
local_termination_time: 4552527.873919999
node_cons: 175550.52918893142
tot_aggregated_send: 119248
tot_msg_rcv: 3414
tot_msg_sent: 6832
tot_reconf_duration: 5.57
tot_sleeping_duration: 8402619.056360018
tot_uptimes: 2186
tot_uptimes_duration: 131100.04863998294
