comms_cons: 855.1512066111424
finished_reconf: true
global_termination_time: 8532539.458
local_termination_time: 4552531.9930799985
node_cons: 175549.88278781332
tot_aggregated_send: 118146
tot_msg_rcv: 3910
tot_msg_sent: 7921
tot_reconf_duration: 5.1
tot_sleeping_duration: 8401439.415440015
tot_uptimes: 2186
tot_uptimes_duration: 131100.04255998507
