comms_cons: 849.7267522386778
finished_reconf: true
global_termination_time: 8531902.564
local_termination_time: 1251276.5339999981
node_cons: 175473.79699963072
tot_aggregated_send: 118610
tot_msg_rcv: 3142
tot_msg_sent: 7402
tot_reconf_duration: 7.819999999999999
tot_sleeping_duration: 8400862.102880033
tot_uptimes: 2185
tot_uptimes_duration: 131040.46111996775
