comms_cons: 171.90876158787873
finished_reconf: true
global_termination_time: 1692323.22
local_termination_time: 620533.8283599999
node_cons: 34793.80082670103
tot_aggregated_send: 23258
tot_msg_rcv: 1005
tot_msg_sent: 1868
tot_reconf_duration: 4.8100000000000005
tot_sleeping_duration: 1666343.1835200142
tot_uptimes: 434
tot_uptimes_duration: 25980.036479985807
