comms_cons: 155.84385281698633
finished_reconf: true
global_termination_time: 325965.3246000001
local_termination_time: 325965.2834800001
node_cons: 19544.01824375932
tot_aggregated_send: 0
tot_msg_rcv: 9621
tot_msg_sent: 14064
tot_reconf_duration: 24.59
tot_sleeping_duration: 311394.2827600007
tot_uptimes: 238
tot_uptimes_duration: 14571.041839999465
