comms_cons: 242.8278528087161
finished_reconf: true
global_termination_time: 2435293.393
local_termination_time: 792239.5933599999
node_cons: 50069.70485999936
tot_aggregated_send: 34684
tot_msg_rcv: 785
tot_msg_sent: 1438
tot_reconf_duration: 13.17
tot_sleeping_duration: 2397913.393
tot_uptimes: 624
tot_uptimes_duration: 37380.0
