comms_cons: 24.353817600306694
finished_reconf: true
global_termination_time: 244868.539
local_termination_time: 26008.104040000006
node_cons: 4985.221900000008
tot_aggregated_send: 3422
tot_msg_rcv: 107
tot_msg_sent: 172
tot_reconf_duration: 3.05
tot_sleeping_duration: 241148.539
tot_uptimes: 63
tot_uptimes_duration: 3720.0
