comms_cons: 787.2078593272237
finished_reconf: true
global_termination_time: 8035154.629
local_termination_time: 5214588.758
node_cons: 165274.274523346
tot_aggregated_send: 112509
tot_msg_rcv: 2220
tot_msg_sent: 4922
tot_reconf_duration: 10.95
tot_sleeping_duration: 7911734.610760006
tot_uptimes: 2058
tot_uptimes_duration: 123420.0182399936
