comms_cons: 62.91162240510672
finished_reconf: true
global_termination_time: 274888.3538400001
local_termination_time: 274888.3127200001
node_cons: 5693.191527848185
tot_aggregated_send: 0
tot_msg_rcv: 5459
tot_msg_sent: 4102
tot_reconf_duration: 37.410000000000004
tot_sleeping_duration: 270674.471279994
tot_uptimes: 71
tot_uptimes_duration: 4213.882560006101
