comms_cons: 28.51465600056937
finished_reconf: true
global_termination_time: 279766.44
local_termination_time: 29063.83136
node_cons: 5710.680121121439
tot_aggregated_send: 3654
tot_msg_rcv: 217
tot_msg_sent: 464
tot_reconf_duration: 4.8100000000000005
tot_sleeping_duration: 275506.43391999893
tot_uptimes: 72
tot_uptimes_duration: 4260.006080001069
