comms_cons: 88.6484863970624
finished_reconf: true
global_termination_time: 871827.374
local_termination_time: 294793.90216000035
node_cons: 17940.56546223832
tot_aggregated_send: 11890
tot_msg_rcv: 551
tot_msg_sent: 1033
tot_reconf_duration: 18.21
tot_sleeping_duration: 858447.3618400013
tot_uptimes: 224
tot_uptimes_duration: 13380.012159998703
