comms_cons: 255.54928630023974
finished_reconf: true
global_termination_time: 872777.695
local_termination_time: 584284.8109599986
node_cons: 35845.48590999983
tot_aggregated_send: 0
tot_msg_rcv: 12988
tot_msg_sent: 25854
tot_reconf_duration: 11.31
tot_sleeping_duration: 846018.825
tot_uptimes: 445
tot_uptimes_duration: 26758.869999999995
