comms_cons: 2.323084799991615
finished_reconf: true
global_termination_time: 14466.131
local_termination_time: 9841.89236
node_cons: 245.2026399999999
tot_aggregated_send: 0
tot_msg_rcv: 180
tot_msg_sent: 173
tot_reconf_duration: 3.08
tot_sleeping_duration: 14286.131
tot_uptimes: 4
tot_uptimes_duration: 180.0
