comms_cons: 2.2895615999924344
finished_reconf: true
global_termination_time: 14451.245
local_termination_time: 7248.72136
node_cons: 245.16189999999904
tot_aggregated_send: 0
tot_msg_rcv: 175
tot_msg_sent: 172
tot_reconf_duration: 3.05
tot_sleeping_duration: 14271.245
tot_uptimes: 4
tot_uptimes_duration: 180.0
