comms_cons: 256.63485441164494
finished_reconf: true
global_termination_time: 2809253.133
local_termination_time: 6171.933
node_cons: 57854.04254111611
tot_aggregated_send: 38562
tot_msg_rcv: 111
tot_msg_sent: 334
tot_reconf_duration: 6.8
tot_sleeping_duration: 2766053.126920002
tot_uptimes: 720
tot_uptimes_duration: 43200.00607999787
