comms_cons: 219.84396799479163
finished_reconf: true
global_termination_time: 2232377.622
local_termination_time: 1501173.7781999996
node_cons: 45886.51137999962
tot_aggregated_send: 32364
tot_msg_rcv: 337
tot_msg_sent: 714
tot_reconf_duration: 9.11
tot_sleeping_duration: 2198117.622
tot_uptimes: 572
tot_uptimes_duration: 34260.0
