comms_cons: 223.4893567862616
finished_reconf: true
global_termination_time: 2230229.444
local_termination_time: 1433913.0449999983
node_cons: 45893.712775114145
tot_aggregated_send: 31668
tot_msg_rcv: 857
tot_msg_sent: 1443
tot_reconf_duration: 10.95
tot_sleeping_duration: 2195965.931920004
tot_uptimes: 572
tot_uptimes_duration: 34263.512079995824
