comms_cons: 221.02164479230697
finished_reconf: true
global_termination_time: 2232313.137
local_termination_time: 1297894.89436
node_cons: 45890.30019999967
tot_aggregated_send: 32074
tot_msg_rcv: 487
tot_msg_sent: 1033
tot_reconf_duration: 11.899999999999999
tot_sleeping_duration: 2198053.137
tot_uptimes: 572
tot_uptimes_duration: 34260.0
