comms_cons: 228.91038718151106
finished_reconf: true
global_termination_time: 2230471.41
local_termination_time: 1186154.6343599998
node_cons: 45882.660030051564
tot_aggregated_send: 29870
tot_msg_rcv: 1666
tot_msg_sent: 3259
tot_reconf_duration: 6.22
tot_sleeping_duration: 2196211.355280021
tot_uptimes: 572
tot_uptimes_duration: 34260.054719979176
