comms_cons: 228.86187517555976
finished_reconf: true
global_termination_time: 2231319.54
local_termination_time: 1518332.8546799996
node_cons: 45895.036848934265
tot_aggregated_send: 29986
tot_msg_rcv: 1668
tot_msg_sent: 3130
tot_reconf_duration: 15.34
tot_sleeping_duration: 2197059.491360019
tot_uptimes: 572
tot_uptimes_duration: 34260.048639981076
