comms_cons: 123.42103679323742
finished_reconf: true
global_termination_time: 613825.838
local_termination_time: 129.9150400000002
node_cons: 12621.93266335971
tot_aggregated_send: 0
tot_msg_rcv: 9643
tot_msg_sent: 9114
tot_reconf_duration: 6.279999999999999
tot_sleeping_duration: 604405.8197600002
tot_uptimes: 158
tot_uptimes_duration: 9420.018239999772
