comms_cons: 121.78664319380378
finished_reconf: true
global_termination_time: 614740.695
local_termination_time: 2512.5343600000006
node_cons: 12647.745541121449
tot_aggregated_send: 0
tot_msg_rcv: 9420
tot_msg_sent: 9089
tot_reconf_duration: 25.299999999999997
tot_sleeping_duration: 605320.6889199989
tot_uptimes: 158
tot_uptimes_duration: 9420.006080001069
