comms_cons: 62.93725440053306
finished_reconf: true
global_termination_time: 615217.944
local_termination_time: 40221.749
node_cons: 12639.022811760296
tot_aggregated_send: 8345
tot_msg_rcv: 467
tot_msg_sent: 755
tot_reconf_duration: 13.17
tot_sleeping_duration: 605792.1501599998
tot_uptimes: 158
tot_uptimes_duration: 9425.79384000021
