comms_cons: 60.27765759958081
finished_reconf: true
global_termination_time: 615963.428
local_termination_time: 112436.28783999993
node_cons: 12620.786504485752
tot_aggregated_send: 8294
tot_msg_rcv: 283
tot_msg_sent: 584
tot_reconf_duration: 5.43
tot_sleeping_duration: 606543.4036799957
tot_uptimes: 158
tot_uptimes_duration: 9420.024320004275
