comms_cons: 276.63020159365936
finished_reconf: true
global_termination_time: 2790979.656
local_termination_time: 1790968.9550799998
node_cons: 57383.616143349594
tot_aggregated_send: 38628
tot_msg_rcv: 1165
tot_msg_sent: 2253
tot_reconf_duration: 15.34
tot_sleeping_duration: 2748139.637760007
tot_uptimes: 715
tot_uptimes_duration: 42840.0182399929
