comms_cons: 278.0698879977198
finished_reconf: true
global_termination_time: 2795443.828
local_termination_time: 1718909.06848
node_cons: 57451.6689455835
tot_aggregated_send: 38744
tot_msg_rcv: 1196
tot_msg_sent: 2325
tot_reconf_duration: 6.279999999999999
tot_sleeping_duration: 2752543.797600012
tot_uptimes: 716
tot_uptimes_duration: 42900.030399988405
