comms_cons: 277.13564159126537
finished_reconf: true
global_termination_time: 2791042.321
local_termination_time: 217663.21136000004
node_cons: 57369.33268558775
tot_aggregated_send: 38396
tot_msg_rcv: 1167
tot_msg_sent: 2560
tot_reconf_duration: 4.8100000000000005
tot_sleeping_duration: 2748202.2906000083
tot_uptimes: 715
tot_uptimes_duration: 42840.03039999161
