comms_cons: 85.67249281012373
finished_reconf: true
global_termination_time: 391793.74324000103
local_termination_time: 2978.4766
node_cons: 8080.821930174842
tot_aggregated_send: 0
tot_msg_rcv: 7170
tot_msg_sent: 5841
tot_reconf_duration: 18.21
tot_sleeping_duration: 385777.2437999899
tot_uptimes: 101
tot_uptimes_duration: 6016.499440011081
