comms_cons: 40.08706560063881
finished_reconf: true
global_termination_time: 395426.347
local_termination_time: 38514.15212000019
node_cons: 8147.160054800545
tot_aggregated_send: 5394
tot_msg_rcv: 241
tot_msg_sent: 458
tot_reconf_duration: 15.34
tot_sleeping_duration: 389357.3937999996
tot_uptimes: 102
tot_uptimes_duration: 6068.953200000404
