comms_cons: 38.59358720017775
finished_reconf: true
global_termination_time: 394931.809
local_termination_time: 388092.11524000095
node_cons: 8137.690453361276
tot_aggregated_send: 5742
tot_msg_rcv: 23
tot_msg_sent: 101
tot_reconf_duration: 11.31
tot_sleeping_duration: 388865.84075999906
tot_uptimes: 102
tot_uptimes_duration: 6065.968240000948
