comms_cons: 14.053171199924803
finished_reconf: true
global_termination_time: 125593.33147999995
local_termination_time: 125593.29035999996
node_cons: 2622.639800960233
tot_aggregated_send: 1392
tot_msg_rcv: 278
tot_msg_sent: 465
tot_reconf_duration: 24.59
tot_sleeping_duration: 123659.61483999976
tot_uptimes: 33
tot_uptimes_duration: 1933.7166400001788
