comms_cons: 14.204774399787768
finished_reconf: true
global_termination_time: 126683.747
local_termination_time: 71172.07735999997
node_cons: 2578.4847655985986
tot_aggregated_send: 1218
tot_msg_rcv: 301
tot_msg_sent: 640
tot_reconf_duration: 5.57
tot_sleeping_duration: 124763.71660000105
tot_uptimes: 33
tot_uptimes_duration: 1920.030399998961
