comms_cons: 16.434841599437274
finished_reconf: true
global_termination_time: 130370.132
local_termination_time: 7037.576840000003
node_cons: 2658.1946467160487
tot_aggregated_send: 1044
tot_msg_rcv: 582
tot_msg_sent: 872
tot_reconf_duration: 5.1
tot_sleeping_duration: 128390.09552000294
tot_uptimes: 34
tot_uptimes_duration: 1980.0364799970484
