comms_cons: 15.704646399742968
finished_reconf: true
global_termination_time: 132276.658
local_termination_time: 9646.610999999999
node_cons: 2658.3507276797536
tot_aggregated_send: 1099
tot_msg_rcv: 467
tot_msg_sent: 822
tot_reconf_duration: 4.390000000000001
tot_sleeping_duration: 130295.78488000018
tot_uptimes: 34
tot_uptimes_duration: 1980.8731199998174
