comms_cons: 14.915449599855355
finished_reconf: true
global_termination_time: 125593.57147999972
local_termination_time: 38143.97020000003
node_cons: 2654.086859839906
tot_aggregated_send: 1160
tot_msg_rcv: 411
tot_msg_sent: 694
tot_reconf_duration: 11.31
tot_sleeping_duration: 123622.90091999978
tot_uptimes: 33
tot_uptimes_duration: 1970.6705599999323
