comms_cons: 16.43398399956837
finished_reconf: true
global_termination_time: 127079.713
local_termination_time: 26869.589480000002
node_cons: 2578.3272100780623
tot_aggregated_send: 870
tot_msg_rcv: 636
tot_msg_sent: 992
tot_reconf_duration: 5.43
tot_sleeping_duration: 125159.65828000146
tot_uptimes: 33
tot_uptimes_duration: 1920.0547199985522
