comms_cons: 92.74040319821707
finished_reconf: true
global_termination_time: 926951.806
local_termination_time: 502452.13884000015
node_cons: 19061.411720000062
tot_aggregated_send: 13050
tot_msg_rcv: 420
tot_msg_sent: 626
tot_reconf_duration: 15.34
tot_sleeping_duration: 912731.806
tot_uptimes: 238
tot_uptimes_duration: 14220.0
