comms_cons: 90.9113856007863
finished_reconf: true
global_termination_time: 924397.761
local_termination_time: 522861.70824000094
node_cons: 18974.177923361316
tot_aggregated_send: 13224
tot_msg_rcv: 190
tot_msg_sent: 404
tot_reconf_duration: 7.819999999999999
tot_sleeping_duration: 910235.2827599992
tot_uptimes: 237
tot_uptimes_duration: 14162.478240000957
