comms_cons: 90.31267839921111
finished_reconf: true
global_termination_time: 924640.452
local_termination_time: 660053.89036
node_cons: 18968.686760000157
tot_aggregated_send: 13224
tot_msg_rcv: 157
tot_msg_sent: 346
tot_reconf_duration: 6.22
tot_sleeping_duration: 910480.452
tot_uptimes: 237
tot_uptimes_duration: 14160.000000000007
