comms_cons: 91.19429119999626
finished_reconf: true
global_termination_time: 928204.512
local_termination_time: 515504.65436000004
node_cons: 19047.95394000002
tot_aggregated_send: 13166
tot_msg_rcv: 234
tot_msg_sent: 461
tot_reconf_duration: 5.43
tot_sleeping_duration: 913984.512
tot_uptimes: 238
tot_uptimes_duration: 14220.0
