comms_cons: 186.81667198462924
finished_reconf: true
global_termination_time: 1868349.134
local_termination_time: 366004.3876400009
node_cons: 38429.74282054519
tot_aggregated_send: 25926
tot_msg_rcv: 782
tot_msg_sent: 1687
tot_reconf_duration: 15.34
tot_sleeping_duration: 1839664.360960011
tot_uptimes: 479
tot_uptimes_duration: 28684.773039989057
