comms_cons: 249.79248638694256
finished_reconf: true
global_termination_time: 2522854.505
local_termination_time: 367340.23536000005
node_cons: 51907.24476558339
tot_aggregated_send: 35264
tot_msg_rcv: 938
tot_msg_sent: 1765
tot_reconf_duration: 5.57
tot_sleeping_duration: 2484094.4746000115
tot_uptimes: 647
tot_uptimes_duration: 38760.03039998817
