comms_cons: 250.1154943982748
finished_reconf: true
global_termination_time: 2523845.859
local_termination_time: 1422828.2111199978
node_cons: 51926.59942367629
tot_aggregated_send: 36366
tot_msg_rcv: 566
tot_msg_sent: 1085
tot_reconf_duration: 13.17
tot_sleeping_duration: 2485079.0818800023
tot_uptimes: 647
tot_uptimes_duration: 38766.77711999789
