comms_cons: 254.06207999635163
finished_reconf: true
global_termination_time: 2524757.832
local_termination_time: 49571.65948000002
node_cons: 51910.316547830844
tot_aggregated_send: 35206
tot_msg_rcv: 1145
tot_msg_sent: 2264
tot_reconf_duration: 7.819999999999999
tot_sleeping_duration: 2485997.7894400065
tot_uptimes: 647
tot_uptimes_duration: 38760.042559993744
