comms_cons: 495.900275214955
finished_reconf: true
global_termination_time: 2521997.884
local_termination_time: 2305.9583600000005
node_cons: 51827.75490111606
tot_aggregated_send: 0
tot_msg_rcv: 37960
tot_msg_sent: 37414
tot_reconf_duration: 6.22
tot_sleeping_duration: 2483297.877920002
tot_uptimes: 646
tot_uptimes_duration: 38700.006079997635
