comms_cons: 495.6138240152143
finished_reconf: true
global_termination_time: 2521420.5768399974
local_termination_time: 1425.5840400000013
node_cons: 51858.075733344616
tot_aggregated_send: 0
tot_msg_rcv: 37908
tot_msg_sent: 37419
tot_reconf_duration: 11.31
tot_sleeping_duration: 2482703.0886000083
tot_uptimes: 646
tot_uptimes_duration: 38717.48823998909
