comms_cons: 115.73470719897965
finished_reconf: true
global_termination_time: 1189970.638
local_termination_time: 583694.3667599981
node_cons: 24429.329761116885
tot_aggregated_send: 16762
tot_msg_rcv: 249
tot_msg_sent: 580
tot_reconf_duration: 4.390000000000001
tot_sleeping_duration: 1171730.6319200024
tot_uptimes: 305
tot_uptimes_duration: 18240.006079997635
