comms_cons: 120.91253759403097
finished_reconf: true
global_termination_time: 1191145.252
local_termination_time: 868719.0488799991
node_cons: 24507.85004111693
tot_aggregated_send: 16472
tot_msg_rcv: 687
tot_msg_sent: 1218
tot_reconf_duration: 3.05
tot_sleeping_duration: 1172845.2459200025
tot_uptimes: 306
tot_uptimes_duration: 18300.006079997635
