comms_cons: 107.3481087963973
finished_reconf: true
global_termination_time: 1067474.117
local_termination_time: 446861.15468000073
node_cons: 21943.47212447197
tot_aggregated_send: 14674
tot_msg_rcv: 534
tot_msg_sent: 1110
tot_reconf_duration: 7.819999999999999
tot_sleeping_duration: 1051094.0926800063
tot_uptimes: 274
tot_uptimes_duration: 16380.024319993972
