comms_cons: 106.6356735966415
finished_reconf: true
global_termination_time: 1068823.122
local_termination_time: 452616.96436000004
node_cons: 21948.17898000003
tot_aggregated_send: 15196
tot_msg_rcv: 383
tot_msg_sent: 629
tot_reconf_duration: 11.31
tot_sleeping_duration: 1052443.122
tot_uptimes: 274
tot_uptimes_duration: 16380.0
