comms_cons: 112.80038399185669
finished_reconf: true
global_termination_time: 1095076.336
local_termination_time: 511869.49708000064
node_cons: 22499.455910060744
tot_aggregated_send: 14616
tot_msg_rcv: 898
tot_msg_sent: 1631
tot_reconf_duration: 3.08
tot_sleeping_duration: 1078276.2812800142
tot_uptimes: 281
tot_uptimes_duration: 16800.05471998558
