comms_cons: 109.79888639435585
finished_reconf: true
global_termination_time: 1091219.317
local_termination_time: 51299.30160000001
node_cons: 22445.70825232197
tot_aggregated_send: 14384
tot_msg_rcv: 760
tot_msg_sent: 1543
tot_reconf_duration: 22.65
tot_sleeping_duration: 1074479.2501199986
tot_uptimes: 280
tot_uptimes_duration: 16740.066880001454
