comms_cons: 111.30095359368337
finished_reconf: true
global_termination_time: 1093817.18
local_termination_time: 313580.2313600001
node_cons: 22499.382605602656
tot_aggregated_send: 14790
tot_msg_rcv: 727
tot_msg_sent: 1401
tot_reconf_duration: 3.05
tot_sleeping_duration: 1077017.149599998
tot_uptimes: 281
tot_uptimes_duration: 16800.03040000191
