comms_cons: 110.06967039259202
finished_reconf: true
global_termination_time: 1091107.951
local_termination_time: 656819.627999999
node_cons: 22422.274645584104
tot_aggregated_send: 14558
tot_msg_rcv: 683
tot_msg_sent: 1489
tot_reconf_duration: 5.43
tot_sleeping_duration: 1074367.9206000117
tot_uptimes: 280
tot_uptimes_duration: 16740.030399988173
