comms_cons: 148.25569276344643
finished_reconf: true
global_termination_time: 833311.952
local_termination_time: 128922.28835999996
node_cons: 17120.956381116855
tot_aggregated_send: 0
tot_msg_rcv: 11456
tot_msg_sent: 11078
tot_reconf_duration: 6.279999999999999
tot_sleeping_duration: 820531.9459200024
tot_uptimes: 214
tot_uptimes_duration: 12780.006079997635
