comms_cons: 55.4034432002652
finished_reconf: true
global_termination_time: 565560.797
local_termination_time: 232542.74792000029
node_cons: 11583.830099999992
tot_aggregated_send: 8236
tot_msg_rcv: 78
tot_msg_sent: 107
tot_reconf_duration: 10.95
tot_sleeping_duration: 556920.797
tot_uptimes: 145
tot_uptimes_duration: 8640.0
