comms_cons: 332.13831684637734
finished_reconf: true
global_termination_time: 3271556.877
local_termination_time: 273577.4283600001
node_cons: 67275.46081676091
tot_aggregated_send: 42572
tot_msg_rcv: 2570
tot_msg_sent: 5341
tot_reconf_duration: 22.65
tot_sleeping_duration: 3221336.785800028
tot_uptimes: 838
tot_uptimes_duration: 50220.09119997185
