comms_cons: 324.1907072320036
finished_reconf: true
global_termination_time: 3272047.06
local_termination_time: 717059.4993599999
node_cons: 67265.10752111537
tot_aggregated_send: 46632
tot_msg_rcv: 857
tot_msg_sent: 1786
tot_reconf_duration: 15.110000000000001
tot_sleeping_duration: 3221827.053920002
tot_uptimes: 838
tot_uptimes_duration: 50220.006079997635
