comms_cons: 324.03758722869486
finished_reconf: true
global_termination_time: 3270117.654
local_termination_time: 1228847.2833999982
node_cons: 67257.37235999845
tot_aggregated_send: 46864
tot_msg_rcv: 769
tot_msg_sent: 1618
tot_reconf_duration: 9.42
tot_sleeping_duration: 3219897.654
tot_uptimes: 838
tot_uptimes_duration: 50219.99999999999
