comms_cons: 647.2753030738163
finished_reconf: true
global_termination_time: 3268809.4625999974
local_termination_time: 1134.5386000000003
node_cons: 67280.59782180251
tot_aggregated_send: 0
tot_msg_rcv: 49817
tot_msg_sent: 48562
tot_reconf_duration: 11.31
tot_sleeping_duration: 3218574.034040024
tot_uptimes: 838
tot_uptimes_duration: 50235.42855997308
