comms_cons: 329.329062412497
finished_reconf: true
global_termination_time: 3269451.207
local_termination_time: 436460.23436000006
node_cons: 67252.05977452354
tot_aggregated_send: 44196
tot_msg_rcv: 1899
tot_msg_sent: 3962
tot_reconf_duration: 5.43
tot_sleeping_duration: 3219231.1279600263
tot_uptimes: 838
tot_uptimes_duration: 50220.07903997385
