comms_cons: 327.0987136198648
finished_reconf: true
global_termination_time: 3267419.6092399945
local_termination_time: 9066.738
node_cons: 67216.32742861003
tot_aggregated_send: 45936
tot_msg_rcv: 1258
tot_msg_sent: 2523
tot_reconf_duration: 11.31
tot_sleeping_duration: 3217232.1794800158
tot_uptimes: 837
tot_uptimes_duration: 50187.429759978695
