comms_cons: 88.40596479370424
finished_reconf: true
global_termination_time: 856294.089
local_termination_time: 333864.72136000055
node_cons: 17625.25126447662
tot_aggregated_send: 11368
tot_msg_rcv: 748
tot_msg_sent: 1323
tot_reconf_duration: 22.65
tot_sleeping_duration: 843154.0646800026
tot_uptimes: 220
tot_uptimes_duration: 13140.024319997436
