comms_cons: 242.7620159908227
finished_reconf: true
global_termination_time: 2468611.169
local_termination_time: 1059465.75936
node_cons: 50809.245541116165
tot_aggregated_send: 35380
tot_msg_rcv: 553
tot_msg_sent: 965
tot_reconf_duration: 25.299999999999997
tot_sleeping_duration: 2430691.162920003
tot_uptimes: 633
tot_uptimes_duration: 37920.006079997635
