comms_cons: 254.49066237360012
finished_reconf: true
global_termination_time: 2468139.154
local_termination_time: 371059.96348000003
node_cons: 50780.9637367563
tot_aggregated_send: 32596
tot_msg_rcv: 2198
tot_msg_sent: 3887
tot_reconf_duration: 4.390000000000001
tot_sleeping_duration: 2430219.062800032
tot_uptimes: 633
tot_uptimes_duration: 37920.09119996795
