comms_cons: 232.25072626142602
finished_reconf: true
global_termination_time: 1307634.388
local_termination_time: 502032.67060000007
node_cons: 26864.367546701145
tot_aggregated_send: 0
tot_msg_rcv: 17918
tot_msg_sent: 17383
tot_reconf_duration: 22.65
tot_sleeping_duration: 1287594.3515200142
tot_uptimes: 335
tot_uptimes_duration: 20040.036479985865
