comms_cons: 129.16741759857658
finished_reconf: true
global_termination_time: 1306742.321
local_termination_time: 1169583.8845599985
node_cons: 26842.088240000077
tot_aggregated_send: 18792
tot_msg_rcv: 276
tot_msg_sent: 564
tot_reconf_duration: 6.279999999999999
tot_sleeping_duration: 1286702.321
tot_uptimes: 335
tot_uptimes_duration: 20040.0
