comms_cons: 129.1082687992324
finished_reconf: true
global_termination_time: 1310197.906
local_termination_time: 613886.0123599999
node_cons: 26948.265541116936
tot_aggregated_send: 19024
tot_msg_rcv: 216
tot_msg_sent: 383
tot_reconf_duration: 25.299999999999997
tot_sleeping_duration: 1290097.8999200023
tot_uptimes: 336
tot_uptimes_duration: 20100.006079997635
