comms_cons: 131.20240639295238
finished_reconf: true
global_termination_time: 1305584.6402400003
local_termination_time: 31365.53748
node_cons: 26926.164176075406
tot_aggregated_send: 18038
tot_msg_rcv: 624
tot_msg_sent: 1279
tot_reconf_duration: 11.31
tot_sleeping_duration: 1285486.9515200038
tot_uptimes: 335
tot_uptimes_duration: 20097.688719996542
