comms_cons: 143.8006015858083
finished_reconf: true
global_termination_time: 1424149.666
local_termination_time: 200333.51768000072
node_cons: 29264.599861116876
tot_aggregated_send: 18908
tot_msg_rcv: 957
tot_msg_sent: 1991
tot_reconf_duration: 15.34
tot_sleeping_duration: 1402309.6599200023
tot_uptimes: 365
tot_uptimes_duration: 21840.006079997635
