comms_cons: 142.1339903896866
finished_reconf: true
global_termination_time: 1423031.338
local_termination_time: 422948.8903600001
node_cons: 29254.770643355176
tot_aggregated_send: 18734
tot_msg_rcv: 838
tot_msg_sent: 2032
tot_reconf_duration: 8.09
tot_sleeping_duration: 1401191.3197600036
tot_uptimes: 365
tot_uptimes_duration: 21840.018239996338
