comms_cons: 147.21832318402662
finished_reconf: true
global_termination_time: 1422371.498
local_termination_time: 527650.1153599998
node_cons: 29264.320085588788
tot_aggregated_send: 18734
tot_msg_rcv: 1271
tot_msg_sent: 2371
tot_reconf_duration: 15.110000000000001
tot_sleeping_duration: 1400531.4676000082
tot_uptimes: 365
tot_uptimes_duration: 21840.030399991607
