comms_cons: 146.32861438504517
finished_reconf: true
global_termination_time: 1423388.915
local_termination_time: 366418.29636000004
node_cons: 29259.15154447197
tot_aggregated_send: 19024
tot_msg_rcv: 1132
tot_msg_sent: 2086
tot_reconf_duration: 11.31
tot_sleeping_duration: 1401548.890680006
tot_uptimes: 365
tot_uptimes_duration: 21840.024319993972
