comms_cons: 114.41886719489773
finished_reconf: true
global_termination_time: 1147219.201
local_termination_time: 513527.30436
node_cons: 23548.148239999995
tot_aggregated_send: 16240
tot_msg_rcv: 402
tot_msg_sent: 749
tot_reconf_duration: 6.279999999999999
tot_sleeping_duration: 1129639.201
tot_uptimes: 294
tot_uptimes_duration: 17580.0
