comms_cons: 685.5329022078594
finished_reconf: true
global_termination_time: 2353818.376
local_termination_time: 617466.9203999991
node_cons: 96057.25644079309
tot_aggregated_send: 0
tot_msg_rcv: 34900
tot_msg_sent: 69297
tot_reconf_duration: 18.21
tot_sleeping_duration: 2282098.788800003
tot_uptimes: 1189
tot_uptimes_duration: 71719.58719999684
