comms_cons: 232.28602238937833
finished_reconf: true
global_termination_time: 2357468.508
local_termination_time: 1006699.3066799985
node_cons: 48453.572663349914
tot_aggregated_send: 32944
tot_msg_rcv: 850
tot_msg_sent: 1513
tot_reconf_duration: 6.279999999999999
tot_sleeping_duration: 2321288.4897600072
tot_uptimes: 604
tot_uptimes_duration: 36180.0182399929
