comms_cons: 115.62530559142692
finished_reconf: true
global_termination_time: 1111195.622
local_termination_time: 185937.92928000036
node_cons: 22825.153368953084
tot_aggregated_send: 14616
tot_msg_rcv: 1097
tot_msg_sent: 1861
tot_reconf_duration: 6.279999999999999
tot_sleeping_duration: 1094155.5733600052
tot_uptimes: 285
tot_uptimes_duration: 17040.048639994813
