comms_cons: 115.41953278883364
finished_reconf: true
global_termination_time: 1114159.053
local_termination_time: 269550.6718400006
node_cons: 22904.54547119136
tot_aggregated_send: 14442
tot_msg_rcv: 1006
tot_msg_sent: 2095
tot_reconf_duration: 5.57
tot_sleeping_duration: 1097058.9922000065
tot_uptimes: 286
tot_uptimes_duration: 17100.060799993516
