comms_cons: 113.5372543919574
finished_reconf: true
global_termination_time: 1112461.087
local_termination_time: 617778.826879999
node_cons: 22828.988367831633
tot_aggregated_send: 13630
tot_msg_rcv: 1284
tot_msg_sent: 2343
tot_reconf_duration: 9.11
tot_sleeping_duration: 1095421.0444400064
tot_uptimes: 285
tot_uptimes_duration: 17040.042559993744
