comms_cons: 112.57369599378083
finished_reconf: true
global_termination_time: 1114572.077
local_termination_time: 470654.8320800002
node_cons: 22914.067822233705
tot_aggregated_send: 14906
tot_msg_rcv: 645
tot_msg_sent: 1559
tot_reconf_duration: 12.629999999999999
tot_sleeping_duration: 1097472.0648400048
tot_uptimes: 286
tot_uptimes_duration: 17100.01215999527
