comms_cons: 113.31544318889033
finished_reconf: true
global_termination_time: 1113472.201
local_termination_time: 313794.98448000004
node_cons: 22902.894184476503
tot_aggregated_send: 14906
tot_msg_rcv: 691
tot_msg_sent: 1628
tot_reconf_duration: 4.390000000000001
tot_sleeping_duration: 1096372.1766800024
tot_uptimes: 286
tot_uptimes_duration: 17100.024319997407
