comms_cons: 220.5850238763548
finished_reconf: true
global_termination_time: 1113245.316
local_termination_time: 1529.0134800000005
node_cons: 22901.06632335973
tot_aggregated_send: 0
tot_msg_rcv: 16983
tot_msg_sent: 16542
tot_reconf_duration: 3.05
tot_sleeping_duration: 1096145.2977600005
tot_uptimes: 286
tot_uptimes_duration: 17100.018239999772
