comms_cons: 50.6341504006734
finished_reconf: true
global_termination_time: 504387.9276800007
local_termination_time: 504387.8865600007
node_cons: 10482.298240885271
tot_aggregated_send: 7108
tot_msg_rcv: 194
tot_msg_sent: 393
tot_reconf_duration: 37.410000000000004
tot_sleeping_duration: 496597.4157599968
tot_uptimes: 130
tot_uptimes_duration: 7790.511920003919
