comms_cons: 50.620364801008165
finished_reconf: true
global_termination_time: 505922.678
local_termination_time: 184626.05348000053
node_cons: 10374.8706433643
tot_aggregated_send: 6728
tot_msg_rcv: 268
tot_msg_sent: 698
tot_reconf_duration: 8.09
tot_sleeping_duration: 498182.6597599968
tot_uptimes: 130
tot_uptimes_duration: 7740.018240003206
