comms_cons: 50.464345600247455
finished_reconf: true
global_termination_time: 505387.359
local_termination_time: 165281.31
node_cons: 10390.691747365567
tot_aggregated_send: 6899
tot_msg_rcv: 190
tot_msg_sent: 583
tot_reconf_duration: 15.110000000000001
tot_sleeping_duration: 497642.64475999586
tot_uptimes: 130
tot_uptimes_duration: 7744.714240004134
