comms_cons: 49.77885440046937
finished_reconf: true
global_termination_time: 505535.55
local_termination_time: 372610.27536
node_cons: 10389.270882242812
tot_aggregated_send: 7018
tot_msg_rcv: 155
tot_msg_sent: 393
tot_reconf_duration: 18.700000000000003
tot_sleeping_duration: 497795.53783999785
tot_uptimes: 130
tot_uptimes_duration: 7740.0121600021375
