comms_cons: 51.30522880108406
finished_reconf: true
global_termination_time: 505363.242
local_termination_time: 167004.04276000086
node_cons: 10380.634158005432
tot_aggregated_send: 6438
tot_msg_rcv: 436
tot_msg_sent: 925
tot_reconf_duration: 10.95
tot_sleeping_duration: 497621.819999996
tot_uptimes: 130
tot_uptimes_duration: 7741.422000004066
