comms_cons: 49.692697600800614
finished_reconf: true
global_termination_time: 506482.951
local_termination_time: 374995.60936
node_cons: 10380.044623364258
tot_aggregated_send: 6612
tot_msg_rcv: 300
tot_msg_sent: 641
tot_reconf_duration: 11.899999999999999
tot_sleeping_duration: 498742.9327599968
tot_uptimes: 130
tot_uptimes_duration: 7740.018240003206
