comms_cons: 50.69931520040184
finished_reconf: true
global_termination_time: 509824.206
local_termination_time: 157518.57472000056
node_cons: 10452.671183364306
tot_aggregated_send: 7018
tot_msg_rcv: 166
tot_msg_sent: 522
tot_reconf_duration: 6.22
tot_sleeping_duration: 502024.1877599968
tot_uptimes: 131
tot_uptimes_duration: 7800.018240003206
