comms_cons: 205.67726718740667
finished_reconf: true
global_termination_time: 2066481.784
local_termination_time: 514593.86236
node_cons: 42506.42454446695
tot_aggregated_send: 29000
tot_msg_rcv: 690
tot_msg_sent: 1572
tot_reconf_duration: 4.8100000000000005
tot_sleeping_duration: 2034741.7596800094
tot_uptimes: 530
tot_uptimes_duration: 31740.02431999053
