comms_cons: 203.93546239142074
finished_reconf: true
global_termination_time: 2068467.589
local_termination_time: 1513401.1333599999
node_cons: 42510.49584223338
tot_aggregated_send: 29000
tot_msg_rcv: 605
tot_msg_sent: 1392
tot_reconf_duration: 7.819999999999999
tot_sleeping_duration: 2036727.5768400047
tot_uptimes: 530
tot_uptimes_duration: 31740.01215999527
