comms_cons: 41.62064640027715
finished_reconf: true
global_termination_time: 419891.7084800001
local_termination_time: 419891.6673600001
node_cons: 8648.12351872012
tot_aggregated_send: 5960
tot_msg_rcv: 126
tot_msg_sent: 240
tot_reconf_duration: 24.59
tot_sleeping_duration: 413458.004
tot_uptimes: 108
tot_uptimes_duration: 6433.704480000073
