comms_cons: 403.14048005041604
finished_reconf: true
global_termination_time: 4008830.3697999995
local_termination_time: 4008830.3286799993
node_cons: 82513.62156531404
tot_aggregated_send: 56350
tot_msg_rcv: 1755
tot_msg_sent: 3169
tot_reconf_duration: 37.410000000000004
tot_sleeping_duration: 3947244.9935600325
tot_uptimes: 1027
tot_uptimes_duration: 61585.37623996744
