comms_cons: 397.1067840218174
finished_reconf: true
global_termination_time: 4013148.633
local_termination_time: 2029365.1712799994
node_cons: 82521.58394446631
tot_aggregated_send: 55332
tot_msg_rcv: 1660
tot_msg_sent: 3365
tot_reconf_duration: 9.11
tot_sleeping_duration: 3951528.6086800084
tot_uptimes: 1028
tot_uptimes_duration: 61620.02431999124
