comms_cons: 399.56595846276394
finished_reconf: true
global_termination_time: 4008851.235
local_termination_time: 271535.65736
node_cons: 82454.34043452346
tot_aggregated_send: 55506
tot_msg_rcv: 1763
tot_msg_sent: 3462
tot_reconf_duration: 18.700000000000003
tot_sleeping_duration: 3947291.1559600257
tot_uptimes: 1027
tot_uptimes_duration: 61560.07903997431
