comms_cons: 400.930316841448
finished_reconf: true
global_termination_time: 4012192.305
local_termination_time: 454896.0254800001
node_cons: 82513.38702893785
tot_aggregated_send: 55912
tot_msg_rcv: 1601
tot_msg_sent: 3427
tot_reconf_duration: 3.05
tot_sleeping_duration: 3950572.256360015
tot_uptimes: 1028
tot_uptimes_duration: 61620.048639984976
