comms_cons: 113.05102079398074
finished_reconf: true
global_termination_time: 1138226.384
local_termination_time: 272725.6023600001
node_cons: 23386.569510307047
tot_aggregated_send: 15080
tot_msg_rcv: 704
tot_msg_sent: 1399
tot_reconf_duration: 5.57
tot_sleeping_duration: 1120766.3351200097
tot_uptimes: 292
tot_uptimes_duration: 17460.048879990296
