comms_cons: 112.24835839365979
finished_reconf: true
global_termination_time: 1137896.301
local_termination_time: 527256.2523599998
node_cons: 23385.930928948455
tot_aggregated_send: 14790
tot_msg_rcv: 713
tot_msg_sent: 1559
tot_reconf_duration: 5.1
tot_sleeping_duration: 1120436.2523600084
tot_uptimes: 292
tot_uptimes_duration: 17460.04863999138
