comms_cons: 110.2871295978623
finished_reconf: true
global_termination_time: 1139883.106
local_termination_time: 650438.5773599999
node_cons: 23395.108341116902
tot_aggregated_send: 15718
tot_msg_rcv: 318
tot_msg_sent: 727
tot_reconf_duration: 11.899999999999999
tot_sleeping_duration: 1122423.0999200023
tot_uptimes: 292
tot_uptimes_duration: 17460.006079997635
