comms_cons: 118.04331518928277
finished_reconf: true
global_termination_time: 1142082.863
local_termination_time: 138718.73584000056
node_cons: 23469.956547831625
tot_aggregated_send: 15080
tot_msg_rcv: 997
tot_msg_sent: 1865
tot_reconf_duration: 7.819999999999999
tot_sleeping_duration: 1124562.8204400062
tot_uptimes: 293
tot_uptimes_duration: 17520.042559993744
