comms_cons: 50.9286144006262
finished_reconf: true
global_termination_time: 497444.636
local_termination_time: 2300.7655200000017
node_cons: 10227.925462242874
tot_aggregated_send: 6496
tot_msg_rcv: 386
tot_msg_sent: 859
tot_reconf_duration: 18.21
tot_sleeping_duration: 489824.62383999786
tot_uptimes: 128
tot_uptimes_duration: 7620.0121600021375
