comms_cons: 57.58115840153529
finished_reconf: true
global_termination_time: 563719.9934799998
local_termination_time: 563719.9523599999
node_cons: 11620.768647691262
tot_aggregated_send: 7468
tot_msg_rcv: 392
tot_msg_sent: 891
tot_reconf_duration: 24.59
tot_sleeping_duration: 555066.2403599914
tot_uptimes: 145
tot_uptimes_duration: 8653.75312000839
