comms_cons: 58.13283840154038
finished_reconf: true
global_termination_time: 564792.461
local_termination_time: 169760.60036000004
node_cons: 11573.134464485722
tot_aggregated_send: 7308
tot_msg_rcv: 532
tot_msg_sent: 996
tot_reconf_duration: 3.05
tot_sleeping_duration: 556152.4366799957
tot_uptimes: 145
tot_uptimes_duration: 8640.024320004275
