comms_cons: 32.5923840001988
finished_reconf: true
global_termination_time: 327502.018
local_termination_time: 8995.118400000003
node_cons: 6683.587121120013
tot_aggregated_send: 4466
tot_msg_rcv: 146
tot_msg_sent: 341
tot_reconf_duration: 11.31
tot_sleeping_duration: 322522.01192
tot_uptimes: 84
tot_uptimes_duration: 4980.006080000005
