comms_cons: 232.88113906341525
finished_reconf: true
global_termination_time: 1164573.039
local_termination_time: 2764.5563600000005
node_cons: 23966.098026710228
tot_aggregated_send: 0
tot_msg_rcv: 18110
tot_msg_sent: 17286
tot_reconf_duration: 18.21
tot_sleeping_duration: 1146693.0025200075
tot_uptimes: 299
tot_uptimes_duration: 17880.036479992676
