comms_cons: 118.484812793397
finished_reconf: true
global_termination_time: 1166029.593
local_termination_time: 196980.92936000007
node_cons: 23949.880804485758
tot_aggregated_send: 15834
tot_msg_rcv: 724
tot_msg_sent: 1451
tot_reconf_duration: 6.279999999999999
tot_sleeping_duration: 1148149.5686799958
tot_uptimes: 299
tot_uptimes_duration: 17880.024320004275
