comms_cons: 116.04518399262778
finished_reconf: true
global_termination_time: 1164842.887
local_termination_time: 228531.63736000005
node_cons: 23948.710222233694
tot_aggregated_send: 15602
tot_msg_rcv: 701
tot_msg_sent: 1336
tot_reconf_duration: 5.43
tot_sleeping_duration: 1146962.8748400048
tot_uptimes: 299
tot_uptimes_duration: 17880.01215999527
