comms_cons: 47.954553601391616
finished_reconf: true
global_termination_time: 472126.647
local_termination_time: 231318.55936000007
node_cons: 9661.343803364325
tot_aggregated_send: 6206
tot_msg_rcv: 337
tot_msg_sent: 745
tot_reconf_duration: 15.110000000000001
tot_sleeping_duration: 464926.6287599968
tot_uptimes: 121
tot_uptimes_duration: 7200.018240003206
