comms_cons: 47.248819200601936
finished_reconf: true
global_termination_time: 467653.999
local_termination_time: 195488.11936000007
node_cons: 9577.619681121449
tot_aggregated_send: 6380
tot_msg_rcv: 289
tot_msg_sent: 512
tot_reconf_duration: 12.629999999999999
tot_sleeping_duration: 460513.99291999894
tot_uptimes: 120
tot_uptimes_duration: 7140.006080001069
