comms_cons: 47.216352000509815
finished_reconf: true
global_termination_time: 467543.018
local_termination_time: 233468.68528000033
node_cons: 9575.34638224285
tot_aggregated_send: 6264
tot_msg_rcv: 282
tot_msg_sent: 630
tot_reconf_duration: 10.95
tot_sleeping_duration: 460403.00583999784
tot_uptimes: 120
tot_uptimes_duration: 7140.0121600021375
