comms_cons: 47.60771840061927
finished_reconf: true
global_termination_time: 467393.494
local_termination_time: 290794.4063600001
node_cons: 9575.82712112144
tot_aggregated_send: 6380
tot_msg_rcv: 341
tot_msg_sent: 515
tot_reconf_duration: 11.31
tot_sleeping_duration: 460253.48791999894
tot_uptimes: 120
tot_uptimes_duration: 7140.006080001069
