comms_cons: 9.1983487999365
finished_reconf: true
global_termination_time: 76021.90047999995
local_termination_time: 76021.85935999996
node_cons: 1578.2279420785287
tot_aggregated_send: 464
tot_msg_rcv: 283
tot_msg_sent: 651
tot_reconf_duration: 24.59
tot_sleeping_duration: 74868.17776000105
tot_uptimes: 20
tot_uptimes_duration: 1153.7227199989065
