comms_cons: 8.373644800009322
finished_reconf: true
global_termination_time: 81058.769
local_termination_time: 40330.14036000001
node_cons: 1615.328239999998
tot_aggregated_send: 812
tot_msg_rcv: 173
tot_msg_sent: 288
tot_reconf_duration: 6.279999999999999
tot_sleeping_duration: 79858.769
tot_uptimes: 21
tot_uptimes_duration: 1200.0
