comms_cons: 8.119987200113934
finished_reconf: true
global_termination_time: 77061.073
local_termination_time: 30217.984
node_cons: 1569.9388786408815
tot_aggregated_send: 464
tot_msg_rcv: 251
tot_msg_sent: 519
tot_reconf_duration: 22.65
tot_sleeping_duration: 75911.57323999934
tot_uptimes: 20
tot_uptimes_duration: 1149.4997600006573
