comms_cons: 8.559539200035239
finished_reconf: true
global_termination_time: 77549.91
local_termination_time: 43711.09136000001
node_cons: 1530.6263233597376
tot_aggregated_send: 754
tot_msg_rcv: 198
tot_msg_sent: 349
tot_reconf_duration: 3.05
tot_sleeping_duration: 76409.8917600002
tot_uptimes: 20
tot_uptimes_duration: 1140.0182399998012
