comms_cons: 83.93868799960197
finished_reconf: true
global_termination_time: 837965.215
local_termination_time: 567697.1073599999
node_cons: 17205.568642233746
tot_aggregated_send: 11542
tot_msg_rcv: 367
tot_msg_sent: 849
tot_reconf_duration: 9.42
tot_sleeping_duration: 825125.2028400047
tot_uptimes: 215
tot_uptimes_duration: 12840.012159995269
