comms_cons: 85.10383359610393
finished_reconf: true
global_termination_time: 837385.524
local_termination_time: 336416.56236000004
node_cons: 17207.66266448576
tot_aggregated_send: 11194
tot_msg_rcv: 526
tot_msg_sent: 1217
tot_reconf_duration: 10.95
tot_sleeping_duration: 824545.4996799957
tot_uptimes: 215
tot_uptimes_duration: 12840.024320004275
