comms_cons: 192.09884157697851
finished_reconf: true
global_termination_time: 1892809.557
local_termination_time: 439251.1563600001
node_cons: 38891.17339116811
tot_aggregated_send: 24824
tot_msg_rcv: 1459
tot_msg_sent: 2916
tot_reconf_duration: 4.8100000000000005
tot_sleeping_duration: 1863769.4962000237
tot_uptimes: 485
tot_uptimes_duration: 29040.060799976345
