comms_cons: 37.12345600052609
finished_reconf: true
global_termination_time: 365845.035
local_termination_time: 22221.309360000003
node_cons: 7489.513001121441
tot_aggregated_send: 4814
tot_msg_rcv: 259
tot_msg_sent: 570
tot_reconf_duration: 13.17
tot_sleeping_duration: 360265.0289199989
tot_uptimes: 94
tot_uptimes_duration: 5580.006080001069
