comms_cons: 38.718592000708554
finished_reconf: true
global_termination_time: 369619.41
local_termination_time: 81022.53935999997
node_cons: 7572.495662240592
tot_aggregated_send: 4698
tot_msg_rcv: 444
tot_msg_sent: 743
tot_reconf_duration: 15.110000000000001
tot_sleeping_duration: 363979.3978399995
tot_uptimes: 95
tot_uptimes_duration: 5640.012160000435
