comms_cons: 38.646220800913284
finished_reconf: true
global_termination_time: 364638.7340000006
local_termination_time: 82111.6314399996
node_cons: 7530.965984243617
tot_aggregated_send: 4640
tot_msg_rcv: 459
tot_msg_sent: 774
tot_reconf_duration: 7.819999999999999
tot_sleeping_duration: 359022.3438399979
tot_uptimes: 94
tot_uptimes_duration: 5616.3901600026875
