comms_cons: 117.13638399425065
finished_reconf: true
global_termination_time: 1154748.9496799984
local_termination_time: 1154748.9085599985
node_cons: 23801.33682199449
tot_aggregated_send: 15878
tot_msg_rcv: 660
tot_msg_sent: 1265
tot_reconf_duration: 24.59
tot_sleeping_duration: 1136998.4316800025
tot_uptimes: 296
tot_uptimes_duration: 17750.51799999585
