comms_cons: 119.67301759070803
finished_reconf: true
global_termination_time: 1156468.313
local_termination_time: 206223.98536000005
node_cons: 23805.401744471954
tot_aggregated_send: 15544
tot_msg_rcv: 1030
tot_msg_sent: 1615
tot_reconf_duration: 18.21
tot_sleeping_duration: 1138708.288680006
tot_uptimes: 297
tot_uptimes_duration: 17760.024319993972
