comms_cons: 126.92855038792273
finished_reconf: true
global_termination_time: 1244196.904
local_termination_time: 385228.8334000004
node_cons: 25559.171348943928
tot_aggregated_send: 16820
tot_msg_rcv: 849
tot_msg_sent: 1624
tot_reconf_duration: 8.09
tot_sleeping_duration: 1225116.855360012
tot_uptimes: 319
tot_uptimes_duration: 19080.048639987945
