comms_cons: 126.09597438912134
finished_reconf: true
global_termination_time: 1247597.854
local_termination_time: 971143.0243599999
node_cons: 25649.044508943873
tot_aggregated_send: 16472
tot_msg_rcv: 826
tot_msg_sent: 1868
tot_reconf_duration: 15.110000000000001
tot_sleeping_duration: 1228457.805360012
tot_uptimes: 320
tot_uptimes_duration: 19140.048639987945
