comms_cons: 127.12266878966022
finished_reconf: true
global_termination_time: 1244249.617
local_termination_time: 590394.3463599999
node_cons: 25565.304104467374
tot_aggregated_send: 16588
tot_msg_rcv: 883
tot_msg_sent: 1852
tot_reconf_duration: 12.629999999999999
tot_sleeping_duration: 1225169.5926800095
tot_uptimes: 319
tot_uptimes_duration: 19080.024319990538
