comms_cons: 126.90862718946323
finished_reconf: true
global_termination_time: 1245351.764
local_termination_time: 588332.1173599998
node_cons: 25573.547164467305
tot_aggregated_send: 16704
tot_msg_rcv: 858
tot_msg_sent: 1727
tot_reconf_duration: 18.700000000000003
tot_sleeping_duration: 1226271.7396800094
tot_uptimes: 319
tot_uptimes_duration: 19080.024319990538
