comms_cons: 128.50082558656894
finished_reconf: true
global_termination_time: 1248996.099
local_termination_time: 938260.3594399985
node_cons: 25643.382963704982
tot_aggregated_send: 16530
tot_msg_rcv: 1032
tot_msg_sent: 1969
tot_reconf_duration: 10.95
tot_sleeping_duration: 1229856.059520011
tot_uptimes: 320
tot_uptimes_duration: 19140.0394799888
