comms_cons: 127.71285759267812
finished_reconf: true
global_termination_time: 1246955.943
local_termination_time: 149933.4630800006
node_cons: 25632.658887831643
tot_aggregated_send: 17052
tot_msg_rcv: 940
tot_msg_sent: 1420
tot_reconf_duration: 3.05
tot_sleeping_duration: 1227815.900440006
tot_uptimes: 320
tot_uptimes_duration: 19140.042559993744
