comms_cons: 129.8123903866299
finished_reconf: true
global_termination_time: 1244266.909
local_termination_time: 614418.2025599994
node_cons: 25563.560391177474
tot_aggregated_send: 15892
tot_msg_rcv: 1395
tot_msg_sent: 2443
tot_reconf_duration: 11.31
tot_sleeping_duration: 1225186.8482000167
tot_uptimes: 319
tot_uptimes_duration: 19080.060799983214
