comms_cons: 101.34662399720476
finished_reconf: true
global_termination_time: 1022124.818
local_termination_time: 166833.88540000084
node_cons: 20987.262866722598
tot_aggregated_send: 14442
tot_msg_rcv: 278
tot_msg_sent: 684
tot_reconf_duration: 13.17
tot_sleeping_duration: 1006464.341519998
tot_uptimes: 262
tot_uptimes_duration: 15660.476480001904
