comms_cons: 101.55653119628926
finished_reconf: true
global_termination_time: 1021293.181
local_termination_time: 174846.12036000003
node_cons: 20979.35956
tot_aggregated_send: 14500
tot_msg_rcv: 305
tot_msg_sent: 631
tot_reconf_duration: 7.819999999999999
tot_sleeping_duration: 1005633.181
tot_uptimes: 262
tot_uptimes_duration: 15660.0
