comms_cons: 2.23034879999263
finished_reconf: true
global_termination_time: 18638.047
local_termination_time: 8163.9803600000005
node_cons: 342.1917200000014
tot_aggregated_send: 0
tot_msg_rcv: 177
tot_msg_sent: 162
tot_reconf_duration: 15.34
tot_sleeping_duration: 18398.047
tot_uptimes: 5
tot_uptimes_duration: 240.0000000000009
