comms_cons: 2.2171903999926736
finished_reconf: true
global_termination_time: 17133.027
local_termination_time: 7213.45048
node_cons: 336.71898000000056
tot_aggregated_send: 0
tot_msg_rcv: 228
tot_msg_sent: 109
tot_reconf_duration: 11.31
tot_sleeping_duration: 16893.027
tot_uptimes: 5
tot_uptimes_duration: 240.0
