comms_cons: 274.3168768082214
finished_reconf: true
global_termination_time: 2810368.715
local_termination_time: 4711.189
node_cons: 57852.80402446661
tot_aggregated_send: 39202
tot_msg_rcv: 844
tot_msg_sent: 1648
tot_reconf_duration: 5.87
tot_sleeping_duration: 2767168.690680009
tot_uptimes: 720
tot_uptimes_duration: 43200.02431999077
