comms_cons: 261.02976000196685
finished_reconf: true
global_termination_time: 2810842.075
local_termination_time: 2186.1641200000004
node_cons: 57857.57877999896
tot_aggregated_send: 39556
tot_msg_rcv: 13
tot_msg_sent: 106
tot_reconf_duration: 9.41
tot_sleeping_duration: 2767642.075
tot_uptimes: 720
tot_uptimes_duration: 43200.0
