comms_cons: 276.198099210828
finished_reconf: true
global_termination_time: 2810785.562
local_termination_time: 4716.656
node_cons: 57854.447204466924
tot_aggregated_send: 39838
tot_msg_rcv: 745
tot_msg_sent: 1397
tot_reconf_duration: 7.08
tot_sleeping_duration: 2767585.537680009
tot_uptimes: 720
tot_uptimes_duration: 43200.024319991004
