comms_cons: 63.89809920627347
finished_reconf: true
global_termination_time: 319547.4856000002
local_termination_time: 1426.8350400000015
node_cons: 6552.838469521686
tot_aggregated_send: 0
tot_msg_rcv: 5010
tot_msg_sent: 4700
tot_reconf_duration: 18.21
tot_sleeping_duration: 314672.12391999894
tot_uptimes: 82
tot_uptimes_duration: 4875.361680001253
