comms_cons: 118.95204478887862
finished_reconf: true
global_termination_time: 1147324.934
local_termination_time: 4447.360000000001
node_cons: 23548.51479678011
tot_aggregated_send: 14841
tot_msg_rcv: 1203
tot_msg_sent: 2036
tot_reconf_duration: 6.46
tot_sleeping_duration: 1129744.8428000147
tot_uptimes: 294
tot_uptimes_duration: 17580.091199985123
