comms_cons: 48.49591040109049
finished_reconf: true
global_termination_time: 475480.0063600002
local_termination_time: 27858.0
node_cons: 9780.847558642257
tot_aggregated_send: 6436
tot_msg_rcv: 362
tot_msg_sent: 573
tot_reconf_duration: 22.65
tot_sleeping_duration: 468198.3865999985
tot_uptimes: 122
tot_uptimes_duration: 7281.619760001675
