comms_cons: 47.18407680043409
finished_reconf: true
global_termination_time: 479788.999
local_termination_time: 223067.27004000076
node_cons: 9812.099559999984
tot_aggregated_send: 6322
tot_msg_rcv: 325
tot_msg_sent: 524
tot_reconf_duration: 7.819999999999999
tot_sleeping_duration: 472468.999
tot_uptimes: 123
tot_uptimes_duration: 7320.0
