comms_cons: 48.119296000918474
finished_reconf: true
global_termination_time: 478455.257
local_termination_time: 142633.54032000067
node_cons: 9809.934901121445
tot_aggregated_send: 6554
tot_msg_rcv: 268
tot_msg_sent: 491
tot_reconf_duration: 6.22
tot_sleeping_duration: 471135.2509199989
tot_uptimes: 123
tot_uptimes_duration: 7320.006080001069
