comms_cons: 59.311488000183985
finished_reconf: true
global_termination_time: 603617.923
local_termination_time: 32691.8326
node_cons: 12382.979560000016
tot_aggregated_send: 8816
tot_msg_rcv: 90
tot_msg_sent: 109
tot_reconf_duration: 7.819999999999999
tot_sleeping_duration: 594377.923
tot_uptimes: 155
tot_uptimes_duration: 9240.0
