comms_cons: 229.7040639898361
finished_reconf: true
global_termination_time: 2319056.66148
local_termination_time: 2319056.6203599996
node_cons: 47693.37165983571
tot_aggregated_send: 33336
tot_msg_rcv: 524
tot_msg_sent: 1052
tot_reconf_duration: 24.59
tot_sleeping_duration: 2283462.9509200025
tot_uptimes: 594
tot_uptimes_duration: 35593.710559997475
