comms_cons: 234.875775991355
finished_reconf: true
global_termination_time: 2322334.226
local_termination_time: 233037.65436000004
node_cons: 47752.75126447592
tot_aggregated_send: 31494
tot_msg_rcv: 1342
tot_msg_sent: 2862
tot_reconf_duration: 22.65
tot_sleeping_duration: 2286694.2016800023
tot_uptimes: 595
tot_uptimes_duration: 35640.02431999741
