comms_cons: 905.0930040569351
finished_reconf: true
global_termination_time: 2320383.232
local_termination_time: 344214.02684000053
node_cons: 141304.03495615054
tot_aggregated_send: 0
tot_msg_rcv: 55461
tot_msg_sent: 82108
tot_reconf_duration: 4.390000000000001
tot_sleeping_duration: 2214858.158560003
tot_uptimes: 1735
tot_uptimes_duration: 105525.0734399963
