comms_cons: 225.31978879048782
finished_reconf: true
global_termination_time: 2321762.65
local_termination_time: 728214.80236
node_cons: 47730.41490111635
tot_aggregated_send: 32248
tot_msg_rcv: 664
tot_msg_sent: 1336
tot_reconf_duration: 6.22
tot_sleeping_duration: 2286122.643920002
tot_uptimes: 595
tot_uptimes_duration: 35640.006079997635
