comms_cons: 30.666278400568455
finished_reconf: true
global_termination_time: 306468.668
local_termination_time: 27001.73
node_cons: 6296.158505600594
tot_aggregated_send: 4173
tot_msg_rcv: 144
tot_msg_sent: 344
tot_reconf_duration: 15.110000000000001
tot_sleeping_duration: 301781.8575999995
tot_uptimes: 79
tot_uptimes_duration: 4686.810400000439
