comms_cons: 390.4584256479322
finished_reconf: true
global_termination_time: 3881729.077
local_termination_time: 2979797.8252
node_cons: 79864.50826223206
tot_aggregated_send: 54462
tot_msg_rcv: 1695
tot_msg_sent: 3190
tot_reconf_duration: 4.8100000000000005
tot_sleeping_duration: 3822089.0648400043
tot_uptimes: 995
tot_uptimes_duration: 59640.0121599955
