comms_cons: 393.73998085808034
finished_reconf: true
global_termination_time: 3883081.689
local_termination_time: 2006399.34436
node_cons: 79872.85452334909
tot_aggregated_send: 53476
tot_msg_rcv: 2199
tot_msg_sent: 4171
tot_reconf_duration: 10.95
tot_sleeping_duration: 3823441.6707600066
tot_uptimes: 995
tot_uptimes_duration: 59640.01823999314
