comms_cons: 392.9895936726341
finished_reconf: true
global_termination_time: 3884263.651
local_termination_time: 798437.3211599992
node_cons: 79873.35968558333
tot_aggregated_send: 53766
tot_msg_rcv: 2082
tot_msg_sent: 3885
tot_reconf_duration: 11.31
tot_sleeping_duration: 3824623.6206000107
tot_uptimes: 995
tot_uptimes_duration: 59640.030399989104
