comms_cons: 393.56116486309793
finished_reconf: true
global_termination_time: 3884929.847
local_termination_time: 398619.8563600001
node_cons: 79878.84056669998
tot_aggregated_send: 53360
tot_msg_rcv: 2181
tot_msg_sent: 4278
tot_reconf_duration: 15.34
tot_sleeping_duration: 3825289.8105200133
tot_uptimes: 995
tot_uptimes_duration: 59640.036479986506
