comms_cons: 26.066790400142928
finished_reconf: true
global_termination_time: 255786.215
local_termination_time: 34824.9892400001
node_cons: 5230.636381121434
tot_aggregated_send: 3306
tot_msg_rcv: 196
tot_msg_sent: 460
tot_reconf_duration: 6.279999999999999
tot_sleeping_duration: 251886.20891999893
tot_uptimes: 66
tot_uptimes_duration: 3900.0060800010688
