comms_cons: 50.24535040391781
finished_reconf: true
global_termination_time: 254332.633
local_termination_time: 10862.31236
node_cons: 5252.866841121435
tot_aggregated_send: 0
tot_msg_rcv: 3887
tot_msg_sent: 3750
tot_reconf_duration: 22.65
tot_sleeping_duration: 250432.62691999893
tot_uptimes: 66
tot_uptimes_duration: 3900.0060800010688
