comms_cons: 1.0329344000023029
finished_reconf: true
global_termination_time: 4919.144
local_termination_time: 1256.4503600000003
node_cons: 101.17171999999988
tot_aggregated_send: 0
tot_msg_rcv: 113
tot_msg_sent: 44
tot_reconf_duration: 15.34
tot_sleeping_duration: 4859.144
tot_uptimes: 2
tot_uptimes_duration: 60.0
