comms_cons: 1.0066176000022442
finished_reconf: true
global_termination_time: 6102.683
local_termination_time: 1892.3613600000003
node_cons: 88.7889024000062
tot_aggregated_send: 0
tot_msg_rcv: 98
tot_msg_sent: 55
tot_reconf_duration: 6.22
tot_sleeping_duration: 6042.681399999996
tot_uptimes: 2
tot_uptimes_duration: 60.0016000000046
