comms_cons: 0.7434495999996027
finished_reconf: true
global_termination_time: 6253.168
local_termination_time: 779.3153599999999
node_cons: 87.71394000000008
tot_aggregated_send: 0
tot_msg_rcv: 60
tot_msg_sent: 53
tot_reconf_duration: 5.43
tot_sleeping_duration: 6193.168
tot_uptimes: 2
tot_uptimes_duration: 60.0
