comms_cons: 350.3459967219113
finished_reconf: true
global_termination_time: 724489.9610399983
local_termination_time: 724489.9199199984
node_cons: 44060.52926015627
tot_aggregated_send: 0
tot_msg_rcv: 21492
tot_msg_sent: 31757
tot_reconf_duration: 24.59
tot_sleeping_duration: 691609.3516000008
tot_uptimes: 539
tot_uptimes_duration: 32880.60943999751
