comms_cons: 75.51317759563146
finished_reconf: true
global_termination_time: 727752.642
local_termination_time: 70973.88500000001
node_cons: 14949.234184478866
tot_aggregated_send: 9509
tot_msg_rcv: 689
tot_msg_sent: 1280
tot_reconf_duration: 4.390000000000001
tot_sleeping_duration: 716592.6176800008
tot_uptimes: 187
tot_uptimes_duration: 11160.024319999138
