comms_cons: 282.2697792199954
finished_reconf: true
global_termination_time: 2808091.53
local_termination_time: 6091.295
node_cons: 57852.86101228508
tot_aggregated_send: 38622
tot_msg_rcv: 1500
tot_msg_sent: 2781
tot_reconf_duration: 5.87
tot_sleeping_duration: 2764891.463120025
tot_uptimes: 720
tot_uptimes_duration: 43200.06687997468
