comms_cons: 48.84460800016472
finished_reconf: true
global_termination_time: 495121.343
local_termination_time: 49680.52680000015
node_cons: 10167.04022832167
tot_aggregated_send: 7134
tot_msg_rcv: 133
tot_msg_sent: 157
tot_reconf_duration: 25.299999999999997
tot_sleeping_duration: 487553.99211999873
tot_uptimes: 127
tot_uptimes_duration: 7567.350880001235
