comms_cons: 144.30438401986643
finished_reconf: true
global_termination_time: 494173.00112000055
local_termination_time: 90.5230400000002
node_cons: 20191.832623680686
tot_aggregated_send: 0
tot_msg_rcv: 7375
tot_msg_sent: 14556
tot_reconf_duration: 6.22
tot_sleeping_duration: 479099.5240000001
tot_uptimes: 251
tot_uptimes_duration: 15073.47712000049
