comms_cons: 331.50597760891117
finished_reconf: true
global_termination_time: 3336428.853
local_termination_time: 2279908.303439999
node_cons: 68618.92894558366
tot_aggregated_send: 45878
tot_msg_rcv: 1438
tot_msg_sent: 3070
tot_reconf_duration: 6.279999999999999
tot_sleeping_duration: 3285188.8226000117
tot_uptimes: 855
tot_uptimes_duration: 51240.03039998864
