comms_cons: 338.3945728234456
finished_reconf: true
global_termination_time: 3338399.217
local_termination_time: 1259530.6035999989
node_cons: 68622.79650893425
tot_aggregated_send: 45530
tot_msg_rcv: 2074
tot_msg_sent: 3830
tot_reconf_duration: 9.11
tot_sleeping_duration: 3287159.168360018
tot_uptimes: 855
tot_uptimes_duration: 51240.048639981775
