comms_cons: 338.3084992305367
finished_reconf: true
global_termination_time: 3338385.821
local_termination_time: 570556.4304799988
node_cons: 68641.16754669984
tot_aggregated_send: 45820
tot_msg_rcv: 2012
tot_msg_sent: 3588
tot_reconf_duration: 22.65
tot_sleeping_duration: 3287145.784520014
tot_uptimes: 855
tot_uptimes_duration: 51240.03647998604
