comms_cons: 329.61134081170314
finished_reconf: true
global_termination_time: 3335219.135
local_termination_time: 1976198.5941999995
node_cons: 68617.78278670005
tot_aggregated_send: 46400
tot_msg_rcv: 1236
tot_msg_sent: 2463
tot_reconf_duration: 5.43
tot_sleeping_duration: 3283979.0985200135
tot_uptimes: 855
tot_uptimes_duration: 51240.03647998627
