comms_cons: 418.5752832518317
finished_reconf: true
global_termination_time: 4214793.664
local_termination_time: 2974261.4436000003
node_cons: 86711.59732111481
tot_aggregated_send: 60610
tot_msg_rcv: 1053
tot_msg_sent: 1958
tot_reconf_duration: 18.21
tot_sleeping_duration: 4150053.657920002
tot_uptimes: 1080
tot_uptimes_duration: 64740.00607999787
