comms_cons: 425.3540352841599
finished_reconf: true
global_termination_time: 4216166.103
local_termination_time: 2939485.657
node_cons: 86743.01406686277
tot_aggregated_send: 58520
tot_msg_rcv: 2066
tot_msg_sent: 4067
tot_reconf_duration: 22.65
tot_sleeping_duration: 4151407.1370800114
tot_uptimes: 1080
tot_uptimes_duration: 64758.96591998893
