comms_cons: 282.6758015957881
finished_reconf: false
global_termination_time: 2811321.658
local_termination_time: 0
node_cons: 57844.79999999896
tot_aggregated_send: 39440
tot_msg_rcv: 1203
tot_msg_sent: 2320
tot_reconf_duration: 0
tot_sleeping_duration: 2768121.658
tot_uptimes: 720
tot_uptimes_duration: 43200.0
