comms_cons: 284.2148608162739
finished_reconf: true
global_termination_time: 2809444.777
local_termination_time: 474532.96336
node_cons: 57850.81860781767
tot_aggregated_send: 39034
tot_msg_rcv: 1434
tot_msg_sent: 2731
tot_reconf_duration: 4.390000000000001
tot_sleeping_duration: 2766244.7344400156
tot_uptimes: 720
tot_uptimes_duration: 43200.04255998414
