comms_cons: 329.8882944096101
finished_reconf: true
global_termination_time: 3328114.203
local_termination_time: 2431774.489679999
node_cons: 68467.57300111555
tot_aggregated_send: 46400
tot_msg_rcv: 1404
tot_msg_sent: 2338
tot_reconf_duration: 13.17
tot_sleeping_duration: 3276994.1969200023
tot_uptimes: 853
tot_uptimes_duration: 51120.00607999787
