comms_cons: 139.8014207967271
finished_reconf: true
global_termination_time: 1419522.892
local_termination_time: 1022577.2992799992
node_cons: 29178.778979999963
tot_aggregated_send: 20706
tot_msg_rcv: 205
tot_msg_sent: 338
tot_reconf_duration: 11.31
tot_sleeping_duration: 1397742.892
tot_uptimes: 364
tot_uptimes_duration: 21780.0
