comms_cons: 517.7106688498051
finished_reconf: true
global_termination_time: 5210895.044
local_termination_time: 2953135.3993599997
node_cons: 107198.28917999678
tot_aggregated_send: 74820
tot_msg_rcv: 1334
tot_msg_sent: 2535
tot_reconf_duration: 18.21
tot_sleeping_duration: 5130855.044
tot_uptimes: 1335
tot_uptimes_duration: 80040.0
