comms_cons: 525.5502337100365
finished_reconf: true
global_termination_time: 5210724.23
local_termination_time: 1197980.5993599999
node_cons: 107184.6357722846
tot_aggregated_send: 72616
tot_msg_rcv: 2498
tot_msg_sent: 4764
tot_reconf_duration: 8.09
tot_sleeping_duration: 5130684.163120024
tot_uptimes: 1335
tot_uptimes_duration: 80040.06687997584
