comms_cons: 527.3362625282041
finished_reconf: true
global_termination_time: 5210201.54
local_termination_time: 1742789.8474799988
node_cons: 107186.40120669927
tot_aggregated_send: 72094
tot_msg_rcv: 2779
tot_msg_sent: 5278
tot_reconf_duration: 9.42
tot_sleeping_duration: 5130161.503520014
tot_uptimes: 1335
tot_uptimes_duration: 80040.03647998697
