comms_cons: 526.4591041342663
finished_reconf: true
global_termination_time: 5208182.134
local_termination_time: 869486.2003599998
node_cons: 107108.64410893328
tot_aggregated_send: 72210
tot_msg_rcv: 2701
tot_msg_sent: 5107
tot_reconf_duration: 11.31
tot_sleeping_duration: 5128202.085360018
tot_uptimes: 1334
tot_uptimes_duration: 79980.04863998247
