comms_cons: 72.22332800018494
finished_reconf: true
global_termination_time: 713506.461
local_termination_time: 25176.601280000006
node_cons: 14669.062234891473
tot_aggregated_send: 9338
tot_msg_rcv: 596
tot_msg_sent: 1043
tot_reconf_duration: 25.299999999999997
tot_sleeping_duration: 702576.8830799914
tot_uptimes: 183
tot_uptimes_duration: 10929.577920008556
