comms_cons: 166.58145918291086
finished_reconf: true
global_termination_time: 1616892.575
local_termination_time: 262310.50620000064
node_cons: 33291.63267565871
tot_aggregated_send: 21170
tot_msg_rcv: 1516
tot_msg_sent: 2634
tot_reconf_duration: 22.65
tot_sleeping_duration: 1592052.4898800158
tot_uptimes: 415
tot_uptimes_duration: 24840.085119984054
