comms_cons: 158.46003199598795
finished_reconf: true
global_termination_time: 1617440.502
local_termination_time: 1004630.3203599999
node_cons: 33295.11740000009
tot_aggregated_send: 23200
tot_msg_rcv: 327
tot_msg_sent: 558
tot_reconf_duration: 25.299999999999997
tot_sleeping_duration: 1592600.502
tot_uptimes: 415
tot_uptimes_duration: 24840.0
