comms_cons: 163.29941118388695
finished_reconf: true
global_termination_time: 1617631.07
local_termination_time: 453175.85088000045
node_cons: 33271.44468893929
tot_aggregated_send: 21344
tot_msg_rcv: 1206
tot_msg_sent: 2271
tot_reconf_duration: 7.819999999999999
tot_sleeping_duration: 1592791.0213600157
tot_uptimes: 415
tot_uptimes_duration: 24840.04863998451
