comms_cons: 798.5690305748873
finished_reconf: true
global_termination_time: 8117869.685
local_termination_time: 5178547.61548
node_cons: 166961.42266446305
tot_aggregated_send: 112926
tot_msg_rcv: 3173
tot_msg_sent: 5278
tot_reconf_duration: 10.95
tot_sleeping_duration: 7993189.660680008
tot_uptimes: 2079
tot_uptimes_duration: 124680.02431999147
