comms_cons: 813.0591362214287
finished_reconf: true
global_termination_time: 8121729.329
local_termination_time: 1421113.6609599986
node_cons: 167031.0833111648
tot_aggregated_send: 112984
tot_msg_rcv: 3620
tot_msg_sent: 6975
tot_reconf_duration: 3.05
tot_sleeping_duration: 7996989.268200022
tot_uptimes: 2080
tot_uptimes_duration: 124740.06079997821
