comms_cons: 811.4746114058905
finished_reconf: true
global_termination_time: 8118833.066
local_termination_time: 2735067.0443599997
node_cons: 167042.27596781432
tot_aggregated_send: 112810
tot_msg_rcv: 3577
tot_msg_sent: 6951
tot_reconf_duration: 11.31
tot_sleeping_duration: 7994093.023440015
tot_uptimes: 2080
tot_uptimes_duration: 124740.04255998507
