comms_cons: 2.151398399997112
finished_reconf: true
global_termination_time: 13440.745
local_termination_time: 8429.148360000001
node_cons: 275.3774000000015
tot_aggregated_send: 0
tot_msg_rcv: 176
tot_msg_sent: 150
tot_reconf_duration: 25.299999999999997
tot_sleeping_duration: 13260.745
tot_uptimes: 4
tot_uptimes_duration: 180.0
