comms_cons: 800.2534401599868
finished_reconf: true
global_termination_time: 8079987.171
local_termination_time: 3072290.278
node_cons: 166257.89088429898
tot_aggregated_send: 111977
tot_msg_rcv: 3390
tot_msg_sent: 6267
tot_reconf_duration: 25.299999999999997
tot_sleeping_duration: 7955847.116120012
tot_uptimes: 2070
tot_uptimes_duration: 124140.05487998878
