comms_cons: 802.4928385816527
finished_reconf: true
global_termination_time: 8080402.846
local_termination_time: 3309113.8790799985
node_cons: 166234.4787844626
tot_aggregated_send: 111476
tot_msg_rcv: 3679
tot_msg_sent: 6818
tot_reconf_duration: 8.09
tot_sleeping_duration: 7956262.821680008
tot_uptimes: 2070
tot_uptimes_duration: 124140.02431999147
