comms_cons: 805.9707650000003
finished_reconf: true
global_termination_time: 8079856.308
local_termination_time: 667121.8843599999
node_cons: 166229.4867489308
tot_aggregated_send: 113042
tot_msg_rcv: 3059
tot_msg_sent: 6401
tot_reconf_duration: 4.390000000000001
tot_sleeping_duration: 7955716.259360017
tot_uptimes: 2070
tot_uptimes_duration: 124140.04863998247
