comms_cons: 808.7198849984113
finished_reconf: true
global_termination_time: 8079642.679
local_termination_time: 784157.4207599981
node_cons: 166227.658887814
tot_aggregated_send: 112694
tot_msg_rcv: 3603
tot_msg_sent: 6623
tot_reconf_duration: 3.05
tot_sleeping_duration: 7955502.6364400145
tot_uptimes: 2070
tot_uptimes_duration: 124140.04255998484
