comms_cons: 810.4016770300375
finished_reconf: true
global_termination_time: 8081743.028
local_termination_time: 868329.52536
node_cons: 166234.15283004832
tot_aggregated_send: 111882
tot_msg_rcv: 3863
tot_msg_sent: 7431
tot_reconf_duration: 7.819999999999999
tot_sleeping_duration: 7957602.973280019
tot_uptimes: 2070
tot_uptimes_duration: 124140.05471998057
