comms_cons: 808.840339440462
finished_reconf: true
global_termination_time: 8080683.845
local_termination_time: 2712680.566359998
node_cons: 166231.05599973473
tot_aggregated_send: 111766
tot_msg_rcv: 3856
tot_msg_sent: 7316
tot_reconf_duration: 5.43
tot_sleeping_duration: 7956543.679160014
tot_uptimes: 2070
tot_uptimes_duration: 124140.16583998525
