comms_cons: 48.55849600183588
finished_reconf: true
global_termination_time: 468182.847
local_termination_time: 182684.79636000004
node_cons: 9564.650781121425
tot_aggregated_send: 6032
tot_msg_rcv: 479
tot_msg_sent: 869
tot_reconf_duration: 3.08
tot_sleeping_duration: 461042.84091999894
tot_uptimes: 120
tot_uptimes_duration: 7140.006080001069
