comms_cons: 47.31102720061144
finished_reconf: true
global_termination_time: 467385.052
local_termination_time: 182676.98636000004
node_cons: 9576.628341121435
tot_aggregated_send: 6438
tot_msg_rcv: 299
tot_msg_sent: 454
tot_reconf_duration: 11.899999999999999
tot_sleeping_duration: 460245.04591999896
tot_uptimes: 120
tot_uptimes_duration: 7140.006080001069
