comms_cons: 36.83756800000539
finished_reconf: true
global_termination_time: 377833.222
local_termination_time: 36333.918999999994
node_cons: 7719.371881760283
tot_aggregated_send: 5451
tot_msg_rcv: 31
tot_msg_sent: 117
tot_reconf_duration: 3.08
tot_sleeping_duration: 372071.3181599998
tot_uptimes: 97
tot_uptimes_duration: 5761.90384000021
