comms_cons: 37.08757760026197
finished_reconf: true
global_termination_time: 378363.543
local_termination_time: 169577.14360000007
node_cons: 7730.556432400094
tot_aggregated_send: 5336
tot_msg_rcv: 79
tot_msg_sent: 222
tot_reconf_duration: 11.899999999999999
tot_sleeping_duration: 372602.23139999993
tot_uptimes: 97
tot_uptimes_duration: 5761.31160000007
