comms_cons: 185.10109442308473
finished_reconf: true
global_termination_time: 384869.43908000074
local_termination_time: 2197.769040000001
node_cons: 23227.84391168792
tot_aggregated_send: 0
tot_msg_rcv: 11403
tot_msg_sent: 16730
tot_reconf_duration: 18.21
tot_sleeping_duration: 367540.74995999486
tot_uptimes: 285
tot_uptimes_duration: 17328.689120005896
