comms_cons: 75.03577600960367
finished_reconf: true
global_termination_time: 385422.642
local_termination_time: 6343.66736
node_cons: 7904.094982242872
tot_aggregated_send: 0
tot_msg_rcv: 5740
tot_msg_sent: 5665
tot_reconf_duration: 22.65
tot_sleeping_duration: 379542.62983999786
tot_uptimes: 99
tot_uptimes_duration: 5880.0121600021375
