comms_cons: 38.92912640056365
finished_reconf: true
global_termination_time: 388277.592
local_termination_time: 237417.05748000008
node_cons: 7959.62976112146
tot_aggregated_send: 5336
tot_msg_rcv: 205
tot_msg_sent: 376
tot_reconf_duration: 4.390000000000001
tot_sleeping_duration: 382337.58591999894
tot_uptimes: 100
tot_uptimes_duration: 5940.006080001069
