comms_cons: 128.79232639749853
finished_reconf: true
global_termination_time: 1297200.809
local_termination_time: 73707.95435999996
node_cons: 26678.841620000043
tot_aggregated_send: 18444
tot_msg_rcv: 375
tot_msg_sent: 756
tot_reconf_duration: 4.390000000000001
tot_sleeping_duration: 1277280.809
tot_uptimes: 333
tot_uptimes_duration: 19920.0
