comms_cons: 500.38900454348067
finished_reconf: true
global_termination_time: 1035351.1635999999
local_termination_time: 1035351.1224799999
node_cons: 62859.82735176351
tot_aggregated_send: 0
tot_msg_rcv: 30723
tot_msg_sent: 45333
tot_reconf_duration: 24.59
tot_sleeping_duration: 988430.7497599963
tot_uptimes: 774
tot_uptimes_duration: 46920.413840003515
