comms_cons: 519.2389249054012
finished_reconf: true
global_termination_time: 5175832.7135999985
local_termination_time: 5175832.672479998
node_cons: 106556.33632269087
tot_aggregated_send: 72474
tot_msg_rcv: 2049
tot_msg_sent: 4399
tot_reconf_duration: 37.410000000000004
tot_sleeping_duration: 5096291.6131200185
tot_uptimes: 1326
tot_uptimes_duration: 79541.10047998081
