comms_cons: 518.0827457104239
finished_reconf: true
global_termination_time: 5177098.853
local_termination_time: 101833.27635999996
node_cons: 106484.93067005448
tot_aggregated_send: 72384
tot_msg_rcv: 2311
tot_msg_sent: 4050
tot_reconf_duration: 25.299999999999997
tot_sleeping_duration: 5097598.798280017
tot_uptimes: 1326
tot_uptimes_duration: 79500.05471998331
