comms_cons: 519.5123968963985
finished_reconf: true
global_termination_time: 5176553.718
local_termination_time: 826936.3903599998
node_cons: 106461.55134893731
tot_aggregated_send: 71108
tot_msg_rcv: 2511
tot_msg_sent: 5343
tot_reconf_duration: 8.09
tot_sleeping_duration: 5097053.669360016
tot_uptimes: 1326
tot_uptimes_duration: 79500.04863998544
