comms_cons: 112.5898495981257
finished_reconf: true
global_termination_time: 1131828.627
local_termination_time: 650732.4281999996
node_cons: 23224.229761116887
tot_aggregated_send: 15544
tot_msg_rcv: 581
tot_msg_sent: 988
tot_reconf_duration: 4.390000000000001
tot_sleeping_duration: 1114488.6209200025
tot_uptimes: 290
tot_uptimes_duration: 17340.006079997635
