comms_cons: 276.6695487972028
finished_reconf: true
global_termination_time: 2753667.472239989
local_termination_time: 18593.92348
node_cons: 56733.56817718047
tot_aggregated_send: 38338
tot_msg_rcv: 1277
tot_msg_sent: 2434
tot_reconf_duration: 18.21
tot_sleeping_duration: 2711315.8374400027
tot_uptimes: 706
tot_uptimes_duration: 42351.63479998615
