comms_cons: 268.74058238140077
finished_reconf: true
global_termination_time: 2754210.53
local_termination_time: 1361385.95836
node_cons: 56650.335842232766
tot_aggregated_send: 38048
tot_msg_rcv: 1117
tot_msg_sent: 1682
tot_reconf_duration: 7.819999999999999
tot_sleeping_duration: 2711910.5178400045
tot_uptimes: 706
tot_uptimes_duration: 42300.01215999527
