comms_cons: 172.42172158892149
finished_reconf: true
global_termination_time: 1744312.573
local_termination_time: 362053.19536000007
node_cons: 35856.409885588706
tot_aggregated_send: 23374
tot_msg_rcv: 925
tot_msg_sent: 1908
tot_reconf_duration: 18.21
tot_sleeping_duration: 1717552.5426000084
tot_uptimes: 447
tot_uptimes_duration: 26760.030399991607
