comms_cons: 170.91445759561054
finished_reconf: true
global_termination_time: 1744387.617
local_termination_time: 828830.0043599998
node_cons: 35839.20405999985
tot_aggregated_send: 24882
tot_msg_rcv: 368
tot_msg_sent: 728
tot_reconf_duration: 5.57
tot_sleeping_duration: 1717627.617
tot_uptimes: 447
tot_uptimes_duration: 26760.0
