comms_cons: 169.08669439255607
finished_reconf: true
global_termination_time: 1743996.404
local_termination_time: 830657.1722799983
node_cons: 35840.103042238305
tot_aggregated_send: 23084
tot_msg_rcv: 928
tot_msg_sent: 1689
tot_reconf_duration: 6.22
tot_sleeping_duration: 1717236.3918400013
tot_uptimes: 447
tot_uptimes_duration: 26760.012159998703
