comms_cons: 341.9918141308936
finished_reconf: true
global_termination_time: 1740146.4566
local_termination_time: 751.3740399999996
node_cons: 35787.25269286711
tot_aggregated_send: 0
tot_msg_rcv: 26163
tot_msg_sent: 25814
tot_reconf_duration: 11.31
tot_sleeping_duration: 1713431.0766800095
tot_uptimes: 446
tot_uptimes_duration: 26715.37991999043
