comms_cons: 285.41577601559135
finished_reconf: true
global_termination_time: 2810391.879
local_termination_time: 5530.335
node_cons: 57859.748808938544
tot_aggregated_send: 38791
tot_msg_rcv: 1679
tot_msg_sent: 2911
tot_reconf_duration: 10.96
tot_sleeping_duration: 2767191.8303600154
tot_uptimes: 720
tot_uptimes_duration: 43200.04863998474
