comms_cons: 275.8078976390171
finished_reconf: true
global_termination_time: 2809328.791
local_termination_time: 6067.088
node_cons: 57857.603203349776
tot_aggregated_send: 38386
tot_msg_rcv: 1209
tot_msg_sent: 2327
tot_reconf_duration: 9.41
tot_sleeping_duration: 2766128.772760007
tot_uptimes: 720
tot_uptimes_duration: 43200.01823999314
