comms_cons: 204.2844415855357
finished_reconf: true
global_termination_time: 2140739.2
local_termination_time: 5452.446
node_cons: 44031.96103565362
tot_aggregated_send: 27952
tot_msg_rcv: 1084
tot_msg_sent: 2015
tot_reconf_duration: 4.07
tot_sleeping_duration: 2107859.1148800193
tot_uptimes: 549
tot_uptimes_duration: 32880.08511998062
