comms_cons: 38.245516800198395
finished_reconf: true
global_termination_time: 380054.673
local_termination_time: 13969.401320000003
node_cons: 7810.86486000001
tot_aggregated_send: 5278
tot_msg_rcv: 197
tot_msg_sent: 338
tot_reconf_duration: 13.17
tot_sleeping_duration: 374234.673
tot_uptimes: 98
tot_uptimes_duration: 5820.0
