comms_cons: 39.271244800955074
finished_reconf: true
global_termination_time: 380721.348
local_termination_time: 57857.01604000016
node_cons: 7797.130041121444
tot_aggregated_send: 4930
tot_msg_rcv: 343
tot_msg_sent: 696
tot_reconf_duration: 3.05
tot_sleeping_duration: 374901.34191999893
tot_uptimes: 98
tot_uptimes_duration: 5820.006080001069
