comms_cons: 282.5571840152143
finished_reconf: true
global_termination_time: 2808960.762
local_termination_time: 6602.535999999999
node_cons: 57874.290286704876
tot_aggregated_send: 39071
tot_msg_rcv: 1202
tot_msg_sent: 2674
tot_reconf_duration: 21.68
tot_sleeping_duration: 2765760.7255200106
tot_uptimes: 720
tot_uptimes_duration: 43200.036479989474
