comms_cons: 265.75328002504574
finished_reconf: true
global_termination_time: 2808098.052
local_termination_time: 221.75412
node_cons: 57850.1722411158
tot_aggregated_send: 38338
tot_msg_rcv: 642
tot_msg_sent: 1413
tot_reconf_duration: 3.95
tot_sleeping_duration: 2764898.0459200023
tot_uptimes: 720
tot_uptimes_duration: 43200.006079997635
