comms_cons: 11.427302400072517
finished_reconf: true
global_termination_time: 75934.035
local_termination_time: 36480.964680000136
node_cons: 1534.0566244797421
tot_aggregated_send: 290
tot_msg_rcv: 627
tot_msg_sent: 821
tot_reconf_duration: 5.57
tot_sleeping_duration: 74794.0106800002
tot_uptimes: 20
tot_uptimes_duration: 1140.0243199998076
