comms_cons: 10.765452800148939
finished_reconf: true
global_termination_time: 77029.175
local_termination_time: 34293.44676000017
node_cons: 1543.2422991208307
tot_aggregated_send: 406
tot_msg_rcv: 536
tot_msg_sent: 694
tot_reconf_duration: 10.95
tot_sleeping_duration: 75887.74691999938
tot_uptimes: 20
tot_uptimes_duration: 1141.4280800006234
