comms_cons: 8.660736000056325
finished_reconf: true
global_termination_time: 76370.058
local_termination_time: 43402.89736000001
node_cons: 1541.827121120288
tot_aggregated_send: 638
tot_msg_rcv: 220
tot_msg_sent: 459
tot_reconf_duration: 11.31
tot_sleeping_duration: 75230.05191999978
tot_uptimes: 20
tot_uptimes_duration: 1140.0060800002175
