comms_cons: 104.39216639448021
finished_reconf: true
global_termination_time: 1018479.92
local_termination_time: 55796.59084000012
node_cons: 20896.069894560234
tot_aggregated_send: 12528
tot_msg_rcv: 1202
tot_msg_sent: 2137
tot_reconf_duration: 5.57
tot_sleeping_duration: 1002879.8409599998
tot_uptimes: 261
tot_uptimes_duration: 15600.079040000157
