comms_cons: 104.04572799369043
finished_reconf: true
global_termination_time: 1018455.0642400001
local_termination_time: 101772.55971999995
node_cons: 20919.852209432334
tot_aggregated_send: 13282
tot_msg_rcv: 833
tot_msg_sent: 1698
tot_reconf_duration: 5.1
tot_sleeping_duration: 1002836.747280006
tot_uptimes: 261
tot_uptimes_duration: 15618.316959994248
