comms_cons: 105.11290879468572
finished_reconf: true
global_termination_time: 1019248.579
local_termination_time: 232197.2279200003
node_cons: 20981.2172145511
tot_aggregated_send: 13456
tot_msg_rcv: 831
tot_msg_sent: 1688
tot_reconf_duration: 9.11
tot_sleeping_duration: 1003588.4999600067
tot_uptimes: 262
tot_uptimes_duration: 15660.079039993318
