comms_cons: 98.87879679790572
finished_reconf: true
global_termination_time: 1018854.798
local_termination_time: 755399.4333599999
node_cons: 20908.935662233678
tot_aggregated_send: 14268
tot_msg_rcv: 188
tot_msg_sent: 573
tot_reconf_duration: 15.110000000000001
tot_sleeping_duration: 1003254.7858400047
tot_uptimes: 261
tot_uptimes_duration: 15600.012159995269
