comms_cons: 171.80145913343205
finished_reconf: true
global_termination_time: 1022316.67
local_termination_time: 225348.99836000003
node_cons: 20979.367701116833
tot_aggregated_send: 0
tot_msg_rcv: 13237
tot_msg_sent: 12876
tot_reconf_duration: 7.819999999999999
tot_sleeping_duration: 1006656.6639200024
tot_uptimes: 262
tot_uptimes_duration: 15660.006079997635
