comms_cons: 161.92947838786844
finished_reconf: true
global_termination_time: 1621616.089
local_termination_time: 559255.0373599998
node_cons: 33348.71290670096
tot_aggregated_send: 22272
tot_msg_rcv: 712
tot_msg_sent: 1627
tot_reconf_duration: 5.57
tot_sleeping_duration: 1596716.052520014
tot_uptimes: 416
tot_uptimes_duration: 24900.03647998581
