comms_cons: 163.51348478715494
finished_reconf: true
global_termination_time: 1622064.176
local_termination_time: 462769.47736000095
node_cons: 33349.15023862542
tot_aggregated_send: 22040
tot_msg_rcv: 890
tot_msg_sent: 1924
tot_reconf_duration: 5.1
tot_sleeping_duration: 1597163.3362400108
tot_uptimes: 416
tot_uptimes_duration: 24900.839759989118
