comms_cons: 160.47723519416402
finished_reconf: true
global_termination_time: 1621598.813
local_termination_time: 947599.18436
node_cons: 33345.26632335518
tot_aggregated_send: 22620
tot_msg_rcv: 605
tot_msg_sent: 1166
tot_reconf_duration: 3.05
tot_sleeping_duration: 1596698.7947600037
tot_uptimes: 416
tot_uptimes_duration: 24900.018239996338
