comms_cons: 159.27180159467392
finished_reconf: true
global_termination_time: 1623285.734
local_termination_time: 953432.1503599999
node_cons: 33348.4902222336
tot_aggregated_send: 22214
tot_msg_rcv: 658
tot_msg_sent: 1336
tot_reconf_duration: 5.43
tot_sleeping_duration: 1598385.7218400047
tot_uptimes: 416
tot_uptimes_duration: 24900.01215999527
