comms_cons: 40.65945600150115
finished_reconf: true
global_termination_time: 205600.758
local_termination_time: 262.2490399999999
node_cons: 4208.454982238305
tot_aggregated_send: 0
tot_msg_rcv: 3180
tot_msg_sent: 3000
tot_reconf_duration: 22.65
tot_sleeping_duration: 202480.74584000127
tot_uptimes: 53
tot_uptimes_duration: 3120.0121599987324
