comms_cons: 21.1330176002958
finished_reconf: true
global_termination_time: 201426.68048000062
local_termination_time: 57844.147480000014
node_cons: 4168.391310720846
tot_aggregated_send: 2552
tot_msg_rcv: 233
tot_msg_sent: 427
tot_reconf_duration: 11.31
tot_sleeping_duration: 198325.088
tot_uptimes: 52
tot_uptimes_duration: 3101.5924800006323
