comms_cons: 156.93365759501285
finished_reconf: true
global_termination_time: 1585708.707
local_termination_time: 665578.2303599998
node_cons: 32632.910099999986
tot_aggregated_send: 22910
tot_msg_rcv: 315
tot_msg_sent: 628
tot_reconf_duration: 10.95
tot_sleeping_duration: 1561348.707
tot_uptimes: 407
tot_uptimes_duration: 24360.0
