comms_cons: 156.97181439226966
finished_reconf: true
global_termination_time: 1587456.088
local_termination_time: 373133.74836
node_cons: 32624.628967822475
tot_aggregated_send: 21924
tot_msg_rcv: 588
tot_msg_sent: 1347
tot_reconf_duration: 4.8100000000000005
tot_sleeping_duration: 1563096.045440013
tot_uptimes: 407
tot_uptimes_duration: 24360.042559986876
