comms_cons: 2.507302399991006
finished_reconf: true
global_termination_time: 14194.94148
local_termination_time: 14194.90036
node_cons: 292.7635187200006
tot_aggregated_send: 0
tot_msg_rcv: 212
tot_msg_sent: 169
tot_reconf_duration: 24.59
tot_sleeping_duration: 14001.237
tot_uptimes: 4
tot_uptimes_duration: 193.70448000000033
