comms_cons: 158.336281594927
finished_reconf: true
global_termination_time: 1615561.756
local_termination_time: 759250.8873599998
node_cons: 33205.17360335048
tot_aggregated_send: 22504
tot_msg_rcv: 479
tot_msg_sent: 1084
tot_reconf_duration: 18.21
tot_sleeping_duration: 1590781.7377600071
tot_uptimes: 414
tot_uptimes_duration: 24780.018239992904
