comms_cons: 158.381081593691
finished_reconf: true
global_termination_time: 1615311.666
local_termination_time: 924159.3303599999
node_cons: 33186.38162000005
tot_aggregated_send: 22446
tot_msg_rcv: 567
tot_msg_sent: 1060
tot_reconf_duration: 4.390000000000001
tot_sleeping_duration: 1590531.666
tot_uptimes: 414
tot_uptimes_duration: 24780.0
