comms_cons: 157.1902463967644
finished_reconf: true
global_termination_time: 1615947.064
local_termination_time: 1126429.1084399985
node_cons: 33195.77898000011
tot_aggregated_send: 23258
tot_msg_rcv: 245
tot_msg_sent: 389
tot_reconf_duration: 11.31
tot_sleeping_duration: 1591167.064
tot_uptimes: 414
tot_uptimes_duration: 24780.0
