comms_cons: 751.9259962424323
finished_reconf: true
global_termination_time: 1699490.282
local_termination_time: 380687.2006000001
node_cons: 103459.80203694572
tot_aggregated_send: 0
tot_msg_rcv: 46121
tot_msg_sent: 68167
tot_reconf_duration: 18.21
tot_sleeping_duration: 1622242.2813600083
tot_uptimes: 1265
tot_uptimes_duration: 77248.00063999146
