comms_cons: 166.71034879365672
finished_reconf: true
global_termination_time: 1701825.002
local_termination_time: 1404761.69236
node_cons: 34956.428239999994
tot_aggregated_send: 24534
tot_msg_rcv: 276
tot_msg_sent: 529
tot_reconf_duration: 6.279999999999999
tot_sleeping_duration: 1675725.002
tot_uptimes: 436
tot_uptimes_duration: 26100.0
