comms_cons: 170.6150591875049
finished_reconf: true
global_termination_time: 1698706.868
local_termination_time: 177941.65748000005
node_cons: 34963.31596782697
tot_aggregated_send: 23548
tot_msg_rcv: 803
tot_msg_sent: 1581
tot_reconf_duration: 11.31
tot_sleeping_duration: 1672606.8254400096
tot_uptimes: 436
tot_uptimes_duration: 26100.04255999031
