comms_cons: 23.0140415999481
finished_reconf: true
global_termination_time: 232926.853
local_termination_time: 55559.26048000002
node_cons: 4746.021620000013
tot_aggregated_send: 3306
tot_msg_rcv: 80
tot_msg_sent: 112
tot_reconf_duration: 4.390000000000001
tot_sleeping_duration: 229386.853
tot_uptimes: 60
tot_uptimes_duration: 3540.0
