comms_cons: 246.07523838566632
finished_reconf: true
global_termination_time: 2486433.049
local_termination_time: 1055926.7730399992
node_cons: 51104.70304223288
tot_aggregated_send: 35090
tot_msg_rcv: 896
tot_msg_sent: 1416
tot_reconf_duration: 6.22
tot_sleeping_duration: 2448273.036840005
tot_uptimes: 637
tot_uptimes_duration: 38160.01215999527
