comms_cons: 1027.5409303749555
finished_reconf: true
global_termination_time: 6781704.872
local_termination_time: 2649796.46336
node_cons: 139477.2309289324
tot_aggregated_send: 0
tot_msg_rcv: 78796
tot_msg_sent: 77382
tot_reconf_duration: 5.1
tot_sleeping_duration: 6677544.8233600175
tot_uptimes: 1737
tot_uptimes_duration: 104160.0486399827
