comms_cons: 671.6138305019435
finished_reconf: true
global_termination_time: 6780861.766
local_termination_time: 904968.38836
node_cons: 139474.43888781418
tot_aggregated_send: 95120
tot_msg_rcv: 2137
tot_msg_sent: 4824
tot_reconf_duration: 3.05
tot_sleeping_duration: 6676701.723440016
tot_uptimes: 1737
tot_uptimes_duration: 104160.04255998408
