comms_cons: 107.51070719578802
finished_reconf: true
global_termination_time: 1078749.20424
local_termination_time: 44804.42436000001
node_cons: 22225.751522715243
tot_aggregated_send: 14674
tot_msg_rcv: 627
tot_msg_sent: 1039
tot_reconf_duration: 18.21
tot_sleeping_duration: 1062168.9037600036
tot_uptimes: 277
tot_uptimes_duration: 16580.300479996426
