comms_cons: 326.72057600980906
finished_reconf: true
global_termination_time: 3259706.766
local_termination_time: 555266.59836
node_cons: 67034.44081675235
tot_aggregated_send: 44196
tot_msg_rcv: 1862
tot_msg_sent: 3601
tot_reconf_duration: 22.65
tot_sleeping_duration: 3209666.6748000346
tot_uptimes: 835
tot_uptimes_duration: 50040.09119996545
