comms_cons: 325.5118975990323
finished_reconf: true
global_termination_time: 3261968.653
local_termination_time: 889988.37836
node_cons: 67092.42003005113
tot_aggregated_send: 43732
tot_msg_rcv: 1828
tot_msg_sent: 3915
tot_reconf_duration: 6.22
tot_sleeping_duration: 3211868.5982800205
tot_uptimes: 836
tot_uptimes_duration: 50100.05471997941
