comms_cons: 472.55761920664304
finished_reconf: true
global_termination_time: 4860650.88
local_termination_time: 3348784.3851199998
node_cons: 99960.84485999703
tot_aggregated_send: 69948
tot_msg_rcv: 630
tot_msg_sent: 1248
tot_reconf_duration: 13.17
tot_sleeping_duration: 4786010.88
tot_uptimes: 1245
tot_uptimes_duration: 74640.0
