comms_cons: 483.503750469996
finished_reconf: true
global_termination_time: 4859120.027
local_termination_time: 1473419.13236
node_cons: 99951.45560669935
tot_aggregated_send: 67628
tot_msg_rcv: 2143
tot_msg_sent: 3718
tot_reconf_duration: 6.22
tot_sleeping_duration: 4784479.990520013
tot_uptimes: 1245
tot_uptimes_duration: 74640.03647998674
