comms_cons: 44.85824000030269
finished_reconf: true
global_termination_time: 450996.964
local_termination_time: 86533.58499999999
node_cons: 9247.62824000005
tot_aggregated_send: 6320
tot_msg_rcv: 154
tot_msg_sent: 345
tot_reconf_duration: 6.279999999999999
tot_sleeping_duration: 444096.964
tot_uptimes: 116
tot_uptimes_duration: 6900.000000000029
