comms_cons: 43.935897600094606
finished_reconf: true
global_termination_time: 452078.386
local_termination_time: 392769.66104000073
node_cons: 9259.619379999993
tot_aggregated_send: 6612
tot_msg_rcv: 21
tot_msg_sent: 44
tot_reconf_duration: 15.110000000000001
tot_sleeping_duration: 445178.386
tot_uptimes: 116
tot_uptimes_duration: 6900.0
