comms_cons: 45.04120320009428
finished_reconf: true
global_termination_time: 453536.548
local_termination_time: 99436.44059999996
node_cons: 9344.842741119179
tot_aggregated_send: 6496
tot_msg_rcv: 135
tot_msg_sent: 215
tot_reconf_duration: 18.700000000000003
tot_sleeping_duration: 446576.5419200006
tot_uptimes: 117
tot_uptimes_duration: 6960.006079999366
