comms_cons: 44.50233600004471
finished_reconf: true
global_termination_time: 450640.835
local_termination_time: 109832.09879999959
node_cons: 9254.458980000027
tot_aggregated_send: 6496
tot_msg_rcv: 104
tot_msg_sent: 164
tot_reconf_duration: 11.31
tot_sleeping_duration: 443740.835
tot_uptimes: 116
tot_uptimes_duration: 6900.0
