comms_cons: 349.1271296497513
finished_reconf: true
global_termination_time: 3458688.5264399997
local_termination_time: 3458688.4853199995
node_cons: 71181.45107515964
tot_aggregated_send: 47534
tot_msg_rcv: 1727
tot_msg_sent: 3805
tot_reconf_duration: 37.410000000000004
tot_sleeping_duration: 3405566.309640028
tot_uptimes: 886
tot_uptimes_duration: 53122.21679997124
