comms_cons: 342.00050562029617
finished_reconf: true
global_termination_time: 3460182.457
local_termination_time: 2505672.4829999986
node_cons: 71188.82034223246
tot_aggregated_send: 48198
tot_msg_rcv: 1305
tot_msg_sent: 2479
tot_reconf_duration: 5.57
tot_sleeping_duration: 3407022.4448400047
tot_uptimes: 887
tot_uptimes_duration: 53160.01215999527
