comms_cons: 336.120287999553
finished_reconf: true
global_termination_time: 3458826.655
local_termination_time: 1731202.3924399985
node_cons: 71140.90230262451
tot_aggregated_send: 47908
tot_msg_rcv: 931
tot_msg_sent: 2248
tot_reconf_duration: 25.299999999999997
tot_sleeping_duration: 3405722.4392400105
tot_uptimes: 886
tot_uptimes_duration: 53104.21575998957
