comms_cons: 349.83511044202635
finished_reconf: true
global_termination_time: 3460550.666
local_termination_time: 921903.7689599987
node_cons: 71187.85339116838
tot_aggregated_send: 47792
tot_msg_rcv: 1863
tot_msg_sent: 3517
tot_reconf_duration: 4.8100000000000005
tot_sleeping_duration: 3407390.6052000225
tot_uptimes: 887
tot_uptimes_duration: 53160.06079997751
