comms_cons: 348.32796802689694
finished_reconf: true
global_termination_time: 3460785.226
local_termination_time: 1089098.4873599997
node_cons: 71187.27489005102
tot_aggregated_send: 47850
tot_msg_rcv: 1718
tot_msg_sent: 3376
tot_reconf_duration: 4.390000000000001
tot_sleeping_duration: 3407625.17128002
tot_uptimes: 887
tot_uptimes_duration: 53160.05471997964
