comms_cons: 345.7743296335427
finished_reconf: true
global_termination_time: 3463396.529
local_termination_time: 2220937.198759998
node_cons: 71188.6465044669
tot_aggregated_send: 48198
tot_msg_rcv: 1395
tot_msg_sent: 2962
tot_reconf_duration: 5.43
tot_sleeping_duration: 3410236.504680009
tot_uptimes: 887
tot_uptimes_duration: 53160.02431999124
