comms_cons: 273.24733442666115
finished_reconf: true
global_termination_time: 2811091.838
local_termination_time: 5254.754000000001
node_cons: 57852.73882670091
tot_aggregated_send: 38680
tot_msg_rcv: 987
tot_msg_sent: 1865
tot_reconf_duration: 5.8100000000000005
tot_sleeping_duration: 2767891.8015200133
tot_uptimes: 720
tot_uptimes_duration: 43200.036479986506
