comms_cons: 269.8064128253927
finished_reconf: true
global_termination_time: 2808061.518
local_termination_time: 4026.1929999999998
node_cons: 57853.30104558408
tot_aggregated_send: 39263
tot_msg_rcv: 659
tot_msg_sent: 1087
tot_reconf_duration: 6.23
tot_sleeping_duration: 2764861.4876000113
tot_uptimes: 720
tot_uptimes_duration: 43200.03039998887
