comms_cons: 267.34641922430745
finished_reconf: true
global_termination_time: 2808343.431
local_termination_time: 5842.12
node_cons: 57866.54972111611
tot_aggregated_send: 38909
tot_msg_rcv: 629
tot_msg_sent: 1098
tot_reconf_duration: 16.009999999999998
tot_sleeping_duration: 2765143.424920002
tot_uptimes: 720
tot_uptimes_duration: 43200.00607999787
