comms_cons: 266.27996163914855
finished_reconf: true
global_termination_time: 2808107.043
local_termination_time: 5894.461
node_cons: 57850.85938223326
tot_aggregated_send: 38856
tot_msg_rcv: 569
tot_msg_sent: 1048
tot_reconf_duration: 4.45
tot_sleeping_duration: 2764907.0308400043
tot_uptimes: 720
tot_uptimes_duration: 43200.012159995735
