comms_cons: 530.4611579699891
finished_reconf: true
global_termination_time: 1823111.893
local_termination_time: 908974.5784799998
node_cons: 74335.73037299878
tot_aggregated_send: 0
tot_msg_rcv: 27010
tot_msg_sent: 53617
tot_reconf_duration: 18.21
tot_sleeping_duration: 1767614.5059999994
tot_uptimes: 919
tot_uptimes_duration: 55497.387000000395
