comms_cons: 185.11237118270859
finished_reconf: true
global_termination_time: 1826543.704
local_termination_time: 493759.61536000005
node_cons: 37539.63614335038
tot_aggregated_send: 25288
tot_msg_rcv: 1057
tot_msg_sent: 1791
tot_reconf_duration: 15.34
tot_sleeping_duration: 1798523.685760007
tot_uptimes: 468
tot_uptimes_duration: 28020.018239992904
