comms_cons: 184.77683198315492
finished_reconf: true
global_termination_time: 1822110.02
local_termination_time: 1139629.8910799986
node_cons: 37474.203671351825
tot_aggregated_send: 24882
tot_msg_rcv: 1075
tot_msg_sent: 2128
tot_reconf_duration: 25.299999999999997
tot_sleeping_duration: 1794148.969760006
tot_uptimes: 467
tot_uptimes_duration: 27961.050239993958
