comms_cons: 181.49226238728664
finished_reconf: true
global_termination_time: 1805426.0
local_termination_time: 782789.4529599986
node_cons: 37124.66848335029
tot_aggregated_send: 25230
tot_msg_rcv: 789
tot_msg_sent: 1566
tot_reconf_duration: 5.57
tot_sleeping_duration: 1777705.981760007
tot_uptimes: 463
tot_uptimes_duration: 27720.018239992904
