comms_cons: 183.0819519831744
finished_reconf: true
global_termination_time: 1807124.88
local_termination_time: 1145426.5554799999
node_cons: 37151.44554111676
tot_aggregated_send: 24882
tot_msg_rcv: 1051
tot_msg_sent: 1895
tot_reconf_duration: 25.299999999999997
tot_sleeping_duration: 1779404.8739200023
tot_uptimes: 463
tot_uptimes_duration: 27720.006079997635
