comms_cons: 354.8954877155337
finished_reconf: true
global_termination_time: 1808138.878
local_termination_time: 2353.19348
node_cons: 37212.81154446719
tot_aggregated_send: 0
tot_msg_rcv: 27094
tot_msg_sent: 26848
tot_reconf_duration: 11.31
tot_sleeping_duration: 1780358.8536800095
tot_uptimes: 464
tot_uptimes_duration: 27780.024319990538
