comms_cons: 38.89525760036899
finished_reconf: true
global_termination_time: 396005.419
local_termination_time: 133576.36336000005
node_cons: 8120.880121121438
tot_aggregated_send: 5394
tot_msg_rcv: 170
tot_msg_sent: 348
tot_reconf_duration: 4.8100000000000005
tot_sleeping_duration: 389945.4129199989
tot_uptimes: 102
tot_uptimes_duration: 6060.006080001069
