comms_cons: 40.863993601142894
finished_reconf: true
global_termination_time: 395662.5023600005
local_termination_time: 395662.4612400005
node_cons: 8199.88673440272
tot_aggregated_send: 5090
tot_msg_rcv: 329
tot_msg_sent: 792
tot_reconf_duration: 24.59
tot_sleeping_duration: 389563.5527599985
tot_uptimes: 102
tot_uptimes_duration: 6098.949600002015
