comms_cons: 138.70269439638116
finished_reconf: true
global_termination_time: 1403510.053
local_termination_time: 1070373.3703599998
node_cons: 28866.789179999992
tot_aggregated_send: 20358
tot_msg_rcv: 276
tot_msg_sent: 448
tot_reconf_duration: 18.21
tot_sleeping_duration: 1381970.053
tot_uptimes: 360
tot_uptimes_duration: 21540.0
