comms_cons: 142.0445823886697
finished_reconf: true
global_termination_time: 1402726.0893999992
local_termination_time: 15769.579479999999
node_cons: 28886.53868583735
tot_aggregated_send: 19256
tot_msg_rcv: 742
tot_msg_sent: 1591
tot_reconf_duration: 3.05
tot_sleeping_duration: 1381155.9648400014
tot_uptimes: 360
tot_uptimes_duration: 21570.12455999799
