comms_cons: 140.78952959395886
finished_reconf: true
global_termination_time: 1409245.929
local_termination_time: 537128.7158799982
node_cons: 28930.86304223383
tot_aggregated_send: 19662
tot_msg_rcv: 520
tot_msg_sent: 1217
tot_reconf_duration: 6.22
tot_sleeping_duration: 1387645.9168400047
tot_uptimes: 361
tot_uptimes_duration: 21600.01215999527
