comms_cons: 90.82018559825116
finished_reconf: true
global_termination_time: 893312.5155199992
local_termination_time: 893312.4743999992
node_cons: 18410.648569998302
tot_aggregated_send: 12096
tot_msg_rcv: 567
tot_msg_sent: 1141
tot_reconf_duration: 37.410000000000004
tot_sleeping_duration: 879600.9055200005
tot_uptimes: 229
tot_uptimes_duration: 13711.609999998705
