comms_cons: 303.8726079937589
finished_reconf: true
global_termination_time: 3077508.82
local_termination_time: 2092532.0091599994
node_cons: 63342.293682232455
tot_aggregated_send: 43036
tot_msg_rcv: 1145
tot_msg_sent: 2005
tot_reconf_duration: 25.299999999999997
tot_sleeping_duration: 3030228.8078400046
tot_uptimes: 789
tot_uptimes_duration: 47280.01215999527
