comms_cons: 309.6973568433253
finished_reconf: true
global_termination_time: 3075296.1299999957
local_termination_time: 18452.64672
node_cons: 63264.213135054895
tot_aggregated_send: 43152
tot_msg_rcv: 1444
tot_msg_sent: 2478
tot_reconf_duration: 11.899999999999999
tot_sleeping_duration: 3028060.840280013
tot_uptimes: 788
tot_uptimes_duration: 47235.28971998219
