comms_cons: 42.36346880015978
finished_reconf: true
global_termination_time: 423400.651
local_termination_time: 158193.33336000005
node_cons: 8687.706220000005
tot_aggregated_send: 5916
tot_msg_rcv: 182
tot_msg_sent: 341
tot_reconf_duration: 8.09
tot_sleeping_duration: 416920.651
tot_uptimes: 109
tot_uptimes_duration: 6480.0
