comms_cons: 42.06082560045853
finished_reconf: true
global_termination_time: 421831.317
local_termination_time: 235935.81136000008
node_cons: 8697.247521121462
tot_aggregated_send: 5742
tot_msg_rcv: 159
tot_msg_sent: 492
tot_reconf_duration: 15.110000000000001
tot_sleeping_duration: 415351.3109199989
tot_uptimes: 109
tot_uptimes_duration: 6480.006080001069
