comms_cons: 694.4766081325965
finished_reconf: true
global_termination_time: 7046673.24
local_termination_time: 2049319.53036
node_cons: 144954.21614334674
tot_aggregated_send: 97904
tot_msg_rcv: 2378
tot_msg_sent: 5274
tot_reconf_duration: 15.34
tot_sleeping_duration: 6938433.221760007
tot_uptimes: 1805
tot_uptimes_duration: 108240.0182399936
