comms_cons: 695.9377665426334
finished_reconf: true
global_termination_time: 7047306.787
local_termination_time: 1890352.42336
node_cons: 144940.76650446368
tot_aggregated_send: 98542
tot_msg_rcv: 2360
tot_msg_sent: 4876
tot_reconf_duration: 5.43
tot_sleeping_duration: 6939066.762680008
tot_uptimes: 1805
tot_uptimes_duration: 108240.02431999147
