comms_cons: 200.54364157691333
finished_reconf: true
global_termination_time: 1962231.6602400003
local_termination_time: 26840.025560000005
node_cons: 40416.46640164531
tot_aggregated_send: 26390
tot_msg_rcv: 1456
tot_msg_sent: 2634
tot_reconf_duration: 18.21
tot_sleeping_duration: 1932066.061120026
tot_uptimes: 503
tot_uptimes_duration: 30165.5991199743
