comms_cons: 192.78947839458084
finished_reconf: true
global_termination_time: 1962493.82
local_termination_time: 655291.1543599999
node_cons: 40365.03739999978
tot_aggregated_send: 28420
tot_msg_rcv: 210
tot_msg_sent: 672
tot_reconf_duration: 25.299999999999997
tot_sleeping_duration: 1932373.82
tot_uptimes: 503
tot_uptimes_duration: 30120.0
