comms_cons: 195.5535615931745
finished_reconf: true
global_termination_time: 1965216.653
local_termination_time: 1518554.3572799992
node_cons: 40419.46675999972
tot_aggregated_send: 27724
tot_msg_rcv: 705
tot_msg_sent: 1294
tot_reconf_duration: 6.22
tot_sleeping_duration: 1935036.6529999997
tot_uptimes: 504
tot_uptimes_duration: 30180.00000000003
