comms_cons: 2.2961407999966332
finished_reconf: true
global_termination_time: 17843.436
local_termination_time: 6306.0653600000005
node_cons: 329.8882400000009
tot_aggregated_send: 0
tot_msg_rcv: 178
tot_msg_sent: 171
tot_reconf_duration: 6.279999999999999
tot_sleeping_duration: 17603.436
tot_uptimes: 5
tot_uptimes_duration: 240.0
