comms_cons: 48.074521601037354
finished_reconf: true
global_termination_time: 471365.398
local_termination_time: 78842.08935999997
node_cons: 9671.566841121456
tot_aggregated_send: 6206
tot_msg_rcv: 367
tot_msg_sent: 734
tot_reconf_duration: 22.65
tot_sleeping_duration: 464165.3919199989
tot_uptimes: 121
tot_uptimes_duration: 7200.006080001069
