comms_cons: 142.1639807935553
finished_reconf: true
global_termination_time: 1436303.121
local_termination_time: 991504.1393599999
node_cons: 29502.67300111694
tot_aggregated_send: 20416
tot_msg_rcv: 333
tot_msg_sent: 859
tot_reconf_duration: 13.17
tot_sleeping_duration: 1414283.1149200024
tot_uptimes: 368
tot_uptimes_duration: 22020.006079997635
