comms_cons: 142.94627839465392
finished_reconf: true
global_termination_time: 1433208.923
local_termination_time: 478019.1464800005
node_cons: 29505.29938000003
tot_aggregated_send: 20358
tot_msg_rcv: 455
tot_msg_sent: 914
tot_reconf_duration: 15.110000000000001
tot_sleeping_duration: 1411188.923
tot_uptimes: 368
tot_uptimes_duration: 22020.0
