comms_cons: 146.14017918869737
finished_reconf: true
global_termination_time: 1431149.742
local_termination_time: 37519.13060000011
node_cons: 29408.638887827074
tot_aggregated_send: 19372
tot_msg_rcv: 975
tot_msg_sent: 1865
tot_reconf_duration: 3.05
tot_sleeping_duration: 1409189.69944001
tot_uptimes: 367
tot_uptimes_duration: 21960.04255999031
