comms_cons: 44.04739840036259
finished_reconf: true
global_termination_time: 444005.08048000006
local_termination_time: 444005.03936000005
node_cons: 9130.171659840418
tot_aggregated_send: 6250
tot_msg_rcv: 144
tot_msg_sent: 299
tot_reconf_duration: 24.59
tot_sleeping_duration: 437211.3699199998
tot_uptimes: 114
tot_uptimes_duration: 6793.710560000294
