comms_cons: 100.51701759531568
finished_reconf: true
global_termination_time: 1015863.65
local_termination_time: 649159.1393599999
node_cons: 20899.01956000012
tot_aggregated_send: 13920
tot_msg_rcv: 480
tot_msg_sent: 878
tot_reconf_duration: 7.819999999999999
tot_sleeping_duration: 1000263.65
tot_uptimes: 261
tot_uptimes_duration: 15600.0
