comms_cons: 101.8715647952686
finished_reconf: true
global_termination_time: 1018740.475
local_termination_time: 660540.9799599998
node_cons: 20896.85490111698
tot_aggregated_send: 14036
tot_msg_rcv: 574
tot_msg_sent: 873
tot_reconf_duration: 6.22
tot_sleeping_duration: 1003140.4689200023
tot_uptimes: 261
tot_uptimes_duration: 15600.006079997635
