comms_cons: 33.988774400390696
finished_reconf: true
global_termination_time: 331616.259
local_termination_time: 83336.17879999957
node_cons: 6755.51836448346
tot_aggregated_send: 4292
tot_msg_rcv: 294
tot_msg_sent: 580
tot_reconf_duration: 5.1
tot_sleeping_duration: 326576.23467999743
tot_uptimes: 85
tot_uptimes_duration: 5040.0243200025725
