comms_cons: 237.43570559533538
finished_reconf: true
global_termination_time: 2404381.302
local_termination_time: 297171.93336
node_cons: 49416.47393999932
tot_aggregated_send: 34742
tot_msg_rcv: 522
tot_msg_sent: 824
tot_reconf_duration: 5.43
tot_sleeping_duration: 2367481.302
tot_uptimes: 616
tot_uptimes_duration: 36900.0
