comms_cons: 242.3777279960746
finished_reconf: true
global_termination_time: 2477560.716
local_termination_time: 1434489.5558399986
node_cons: 50942.48579999907
tot_aggregated_send: 36018
tot_msg_rcv: 302
tot_msg_sent: 520
tot_reconf_duration: 5.1
tot_sleeping_duration: 2439520.716
tot_uptimes: 635
tot_uptimes_duration: 38040.0
