comms_cons: 242.68757759561015
finished_reconf: true
global_termination_time: 2478890.937
local_termination_time: 1380149.9849199983
node_cons: 50981.159536877196
tot_aggregated_send: 35902
tot_msg_rcv: 327
tot_msg_sent: 659
tot_reconf_duration: 25.299999999999997
tot_sleeping_duration: 2440842.5410800017
tot_uptimes: 635
tot_uptimes_duration: 38048.39591999841
