comms_cons: 486.0448383792494
finished_reconf: true
global_termination_time: 2474253.0065999976
local_termination_time: 537.2440399999995
node_cons: 50891.1645517511
tot_aggregated_send: 0
tot_msg_rcv: 37153
tot_msg_sent: 36717
tot_reconf_duration: 11.31
tot_sleeping_duration: 2436257.6327600037
tot_uptimes: 634
tot_uptimes_duration: 37995.3738399939
