comms_cons: 245.34162559387045
finished_reconf: true
global_termination_time: 2478306.45
local_termination_time: 777963.2745999998
node_cons: 50956.39171999925
tot_aggregated_send: 35206
tot_msg_rcv: 627
tot_msg_sent: 1456
tot_reconf_duration: 15.34
tot_sleeping_duration: 2440266.45
tot_uptimes: 635
tot_uptimes_duration: 38040.00000000002
