comms_cons: 69.09441279885837
finished_reconf: true
global_termination_time: 690482.9571200002
local_termination_time: 128033.35359999996
node_cons: 14192.324564161288
tot_aggregated_send: 9396
tot_msg_rcv: 326
tot_msg_sent: 779
tot_reconf_duration: 22.65
tot_sleeping_duration: 679906.7316799992
tot_uptimes: 177
tot_uptimes_duration: 10576.22544000094
