comms_cons: 69.12107519916553
finished_reconf: true
global_termination_time: 692909.531
local_termination_time: 633252.7583599999
node_cons: 14226.141620000039
tot_aggregated_send: 9686
tot_msg_rcv: 242
tot_msg_sent: 577
tot_reconf_duration: 4.390000000000001
tot_sleeping_duration: 682289.531
tot_uptimes: 178
tot_uptimes_duration: 10620.0
