comms_cons: 69.46319359955274
finished_reconf: true
global_termination_time: 693702.951
local_termination_time: 452424.8073600001
node_cons: 14224.321900000086
tot_aggregated_send: 9744
tot_msg_rcv: 294
tot_msg_sent: 520
tot_reconf_duration: 3.05
tot_sleeping_duration: 683082.951
tot_uptimes: 178
tot_uptimes_duration: 10620.000000000002
