comms_cons: 69.93031679873938
finished_reconf: true
global_termination_time: 691796.296
local_termination_time: 54957.13160000002
node_cons: 14228.643042238285
tot_aggregated_send: 9686
tot_msg_rcv: 364
tot_msg_sent: 579
tot_reconf_duration: 6.22
tot_sleeping_duration: 681176.2838400012
tot_uptimes: 178
tot_uptimes_duration: 10620.012159998703
