comms_cons: 185.1030463860472
finished_reconf: true
global_termination_time: 1834911.828
local_termination_time: 565077.4438399987
node_cons: 37704.23802670078
tot_aggregated_send: 25114
tot_msg_rcv: 1057
tot_msg_sent: 1963
tot_reconf_duration: 18.21
tot_sleeping_duration: 1806771.7915200142
tot_uptimes: 470
tot_uptimes_duration: 28140.036479985807
