comms_cons: 181.05923839541836
finished_reconf: true
global_termination_time: 1833819.993
local_termination_time: 1282349.9653599998
node_cons: 37697.35300111657
tot_aggregated_send: 26390
tot_msg_rcv: 328
tot_msg_sent: 802
tot_reconf_duration: 13.17
tot_sleeping_duration: 1805679.9869200024
tot_uptimes: 470
tot_uptimes_duration: 28140.006079997635
