comms_cons: 0.776345600001731
finished_reconf: true
global_termination_time: 5946.907
local_termination_time: 1343.8013600000002
node_cons: 101.17171999999988
tot_aggregated_send: 0
tot_msg_rcv: 72
tot_msg_sent: 46
tot_reconf_duration: 15.34
tot_sleeping_duration: 5886.907
tot_uptimes: 2
tot_uptimes_duration: 60.0
