comms_cons: 0.6644992000002077
finished_reconf: true
global_termination_time: 7349.524
local_termination_time: 2028.4173600000001
node_cons: 105.73460000000006
tot_aggregated_send: 0
tot_msg_rcv: 60
tot_msg_sent: 41
tot_reconf_duration: 18.700000000000003
tot_sleeping_duration: 7289.524
tot_uptimes: 2
tot_uptimes_duration: 60.00000000000023
