comms_cons: 0.8421376000018777
finished_reconf: true
global_termination_time: 4032.299
local_termination_time: 1380.5853600000003
node_cons: 95.69897999999992
tot_aggregated_send: 0
tot_msg_rcv: 80
tot_msg_sent: 48
tot_reconf_duration: 11.31
tot_sleeping_duration: 3972.299
tot_uptimes: 2
tot_uptimes_duration: 60.0
