comms_cons: 1.0526719999965237
finished_reconf: true
global_termination_time: 4349.62
local_termination_time: 3305.2743600000003
node_cons: 96.50020000000012
tot_aggregated_send: 0
tot_msg_rcv: 110
tot_msg_sent: 50
tot_reconf_duration: 11.899999999999999
tot_sleeping_duration: 4289.62
tot_uptimes: 2
tot_uptimes_duration: 60.0
