comms_cons: 468.7877376751383
finished_reconf: true
global_termination_time: 4671128.165
local_termination_time: 447981.54536000005
node_cons: 96095.24965117573
tot_aggregated_send: 64844
tot_msg_rcv: 2049
tot_msg_sent: 4360
tot_reconf_duration: 6.279999999999999
tot_sleeping_duration: 4599368.104200017
tot_uptimes: 1197
tot_uptimes_duration: 71760.06079998391
