comms_cons: 467.4377664971115
finished_reconf: true
global_termination_time: 4668226.618
local_termination_time: 1231090.7513599999
node_cons: 96016.98468893331
tot_aggregated_send: 64960
tot_msg_rcv: 1962
tot_msg_sent: 4125
tot_reconf_duration: 7.819999999999999
tot_sleeping_duration: 4596526.569360018
tot_uptimes: 1196
tot_uptimes_duration: 71700.04863998201
