comms_cons: 470.3032960651664
finished_reconf: true
global_termination_time: 4670984.165
local_termination_time: 471133.5143600001
node_cons: 96107.55313116661
tot_aggregated_send: 63916
tot_msg_rcv: 2404
tot_msg_sent: 5163
tot_reconf_duration: 15.34
tot_sleeping_duration: 4599224.104200022
tot_uptimes: 1197
tot_uptimes_duration: 71760.06079997704
