comms_cons: 25.92925439979185
finished_reconf: true
global_termination_time: 258147.234
local_termination_time: 80022.18859999941
node_cons: 5330.01280239924
tot_aggregated_send: 3596
tot_msg_rcv: 115
tot_msg_sent: 231
tot_reconf_duration: 11.31
tot_sleeping_duration: 254178.11240000057
tot_uptimes: 67
tot_uptimes_duration: 3969.1215999994165
