comms_cons: 112.62995199484929
finished_reconf: true
global_termination_time: 1126157.4815999998
local_termination_time: 1126157.4404799999
node_cons: 23189.734860635755
tot_aggregated_send: 15994
tot_msg_rcv: 416
tot_msg_sent: 709
tot_reconf_duration: 24.59
tot_sleeping_duration: 1108863.723840003
tot_uptimes: 289
tot_uptimes_duration: 17293.75775999679
