comms_cons: 52.041472000238
finished_reconf: true
global_termination_time: 541512.402
local_termination_time: 422211.9173600001
node_cons: 11111.649180000044
tot_aggregated_send: 7424
tot_msg_rcv: 188
tot_msg_sent: 298
tot_reconf_duration: 18.21
tot_sleeping_duration: 533232.402
tot_uptimes: 139
tot_uptimes_duration: 8280.0
