comms_cons: 52.30410240025042
finished_reconf: true
global_termination_time: 541007.04
local_termination_time: 367784.5445200004
node_cons: 11117.686841121478
tot_aggregated_send: 7598
tot_msg_rcv: 136
tot_msg_sent: 215
tot_reconf_duration: 22.65
tot_sleeping_duration: 532727.0339199989
tot_uptimes: 139
tot_uptimes_duration: 8280.006080001069
