comms_cons: 55.01527040124812
finished_reconf: true
global_termination_time: 538084.753
local_termination_time: 118664.94703999955
node_cons: 11012.557902242874
tot_aggregated_send: 7134
tot_msg_rcv: 418
tot_msg_sent: 810
tot_reconf_duration: 4.390000000000001
tot_sleeping_duration: 529864.7408399979
tot_uptimes: 138
tot_uptimes_duration: 8220.012160002138
