comms_cons: 54.837632001019855
finished_reconf: true
global_termination_time: 541875.716
local_termination_time: 49970.54848000001
node_cons: 11102.295262242873
tot_aggregated_send: 7250
tot_msg_rcv: 336
tot_msg_sent: 748
tot_reconf_duration: 11.31
tot_sleeping_duration: 533595.7038399979
tot_uptimes: 139
tot_uptimes_duration: 8280.012160002138
