comms_cons: 74.98063359904238
finished_reconf: true
global_termination_time: 748962.9
local_termination_time: 517714.2743600001
node_cons: 15369.669180000052
tot_aggregated_send: 10498
tot_msg_rcv: 334
tot_msg_sent: 564
tot_reconf_duration: 18.21
tot_sleeping_duration: 737502.9
tot_uptimes: 192
tot_uptimes_duration: 11460.0
