comms_cons: 645.3647934340289
finished_reconf: true
global_termination_time: 748644.8655999998
local_termination_time: 748644.8244799998
node_cons: 74500.67873294422
tot_aggregated_send: 0
tot_msg_rcv: 44350
tot_msg_sent: 53735
tot_reconf_duration: 37.410000000000004
tot_sleeping_duration: 693043.7633199805
tot_uptimes: 898
tot_uptimes_duration: 55601.10228001925
