comms_cons: 77.03550719734005
finished_reconf: true
global_termination_time: 753001.234
local_termination_time: 154962.95436000006
node_cons: 15446.144284481143
tot_aggregated_send: 9918
tot_msg_rcv: 581
tot_msg_sent: 1210
tot_reconf_duration: 15.34
tot_sleeping_duration: 741481.2096799993
tot_uptimes: 193
tot_uptimes_duration: 11520.02432000084
