comms_cons: 45.060940782109455
finished_reconf: true
global_termination_time: 868735.502
local_termination_time: 843.5501199999999
node_cons: 17835.696381119178
tot_aggregated_send: 0
tot_msg_rcv: 0
tot_msg_sent: 0
tot_reconf_duration: 10.96
tot_sleeping_duration: 855415.4959200006
tot_uptimes: 223
tot_uptimes_duration: 13320.006079999366
