comms_cons: 0.9145087999999565
finished_reconf: true
global_termination_time: 7352.645
local_termination_time: 233.83315999999996
node_cons: 88.86824000000004
tot_aggregated_send: 0
tot_msg_rcv: 82
tot_msg_sent: 55
tot_reconf_duration: 6.279999999999999
tot_sleeping_duration: 7292.645
tot_uptimes: 2
tot_uptimes_duration: 60.00000000000003
