comms_cons: 122.85528319266754
finished_reconf: true
global_termination_time: 1221257.9684799998
local_termination_time: 1221257.9273599999
node_cons: 25117.880506557238
tot_aggregated_send: 16806
tot_msg_rcv: 574
tot_msg_sent: 1295
tot_reconf_duration: 24.59
tot_sleeping_duration: 1202524.2214400019
tot_uptimes: 313
tot_uptimes_duration: 18733.7470399979
