comms_cons: 125.93114878590634
finished_reconf: true
global_termination_time: 1221408.778
local_termination_time: 49661.21048000001
node_cons: 25096.904043187293
tot_aggregated_send: 16008
tot_msg_rcv: 1049
tot_msg_sent: 2084
tot_reconf_duration: 22.65
tot_sleeping_duration: 1202688.7292000095
tot_uptimes: 313
tot_uptimes_duration: 18720.048799990487
