comms_cons: 121.69662719353992
finished_reconf: true
global_termination_time: 1223102.964
local_termination_time: 265594.76488000044
node_cons: 25152.976403355133
tot_aggregated_send: 16704
tot_msg_rcv: 569
tot_msg_sent: 1225
tot_reconf_duration: 4.8100000000000005
tot_sleeping_duration: 1204322.9457600038
tot_uptimes: 314
tot_uptimes_duration: 18780.018239996338
