comms_cons: 126.56720638486226
finished_reconf: true
global_termination_time: 1221372.29
local_termination_time: 371947.1343600001
node_cons: 25076.74840670564
tot_aggregated_send: 15834
tot_msg_rcv: 1137
tot_msg_sent: 2268
tot_reconf_duration: 7.819999999999999
tot_sleeping_duration: 1202652.2535200107
tot_uptimes: 313
tot_uptimes_duration: 18720.03647998924
