comms_cons: 121.03030399455619
finished_reconf: true
global_termination_time: 1224705.194
local_termination_time: 529279.4883599998
node_cons: 25153.79393999995
tot_aggregated_send: 17516
tot_msg_rcv: 246
tot_msg_sent: 633
tot_reconf_duration: 5.43
tot_sleeping_duration: 1205925.194
tot_uptimes: 314
tot_uptimes_duration: 18780.0
