comms_cons: 164.11219199459194
finished_reconf: true
global_termination_time: 1660577.994
local_termination_time: 839736.88036
node_cons: 34157.29236000005
tot_aggregated_send: 24070
tot_msg_rcv: 301
tot_msg_sent: 574
tot_reconf_duration: 9.42
tot_sleeping_duration: 1635077.994
tot_uptimes: 426
tot_uptimes_duration: 25500.0
