comms_cons: 328.60509414804704
finished_reconf: true
global_termination_time: 1662998.695
local_termination_time: 783242.4734799999
node_cons: 34152.98746559347
tot_aggregated_send: 0
tot_msg_rcv: 25485
tot_msg_sent: 24463
tot_reconf_duration: 6.22
tot_sleeping_duration: 1637498.664600005
tot_uptimes: 426
tot_uptimes_duration: 25500.03039999504
