comms_cons: 157.5593087884754
finished_reconf: true
global_termination_time: 1588114.259
local_termination_time: 907631.438
node_cons: 32655.880938791506
tot_aggregated_send: 21806
tot_msg_rcv: 812
tot_msg_sent: 1331
tot_reconf_duration: 22.65
tot_sleeping_duration: 1563748.9698000064
tot_uptimes: 407
tot_uptimes_duration: 24365.289199993596
