comms_cons: 155.99941119599077
finished_reconf: true
global_termination_time: 1587425.747
local_termination_time: 113965.56235999998
node_cons: 32628.659560000062
tot_aggregated_send: 22794
tot_msg_rcv: 260
tot_msg_sent: 657
tot_reconf_duration: 7.819999999999999
tot_sleeping_duration: 1563065.747
tot_uptimes: 407
tot_uptimes_duration: 24360.0
