comms_cons: 231.63452159188608
finished_reconf: true
global_termination_time: 2310510.002
local_termination_time: 1436554.4623599998
node_cons: 47511.72312334979
tot_aggregated_send: 32364
tot_msg_rcv: 946
tot_msg_sent: 1898
tot_reconf_duration: 22.65
tot_sleeping_duration: 2275049.983760007
tot_uptimes: 592
tot_uptimes_duration: 35460.0182399929
