comms_cons: 234.0772800065714
finished_reconf: true
global_termination_time: 2310684.496
local_termination_time: 1274850.60936
node_cons: 47515.313682233136
tot_aggregated_send: 32132
tot_msg_rcv: 1320
tot_msg_sent: 2126
tot_reconf_duration: 25.299999999999997
tot_sleeping_duration: 2275224.4838400045
tot_uptimes: 592
tot_uptimes_duration: 35460.01215999527
