comms_cons: 230.85096959691265
finished_reconf: true
global_termination_time: 2309964.831
local_termination_time: 1838894.4828399997
node_cons: 47579.16485999931
tot_aggregated_send: 33118
tot_msg_rcv: 764
tot_msg_sent: 1206
tot_reconf_duration: 13.17
tot_sleeping_duration: 2274444.831
tot_uptimes: 592
tot_uptimes_duration: 35520.0
