comms_cons: 97.79385599704788
finished_reconf: true
global_termination_time: 997818.732
local_termination_time: 312827.6563600005
node_cons: 20493.66650558876
tot_aggregated_send: 13862
tot_msg_rcv: 300
tot_msg_sent: 703
tot_reconf_duration: 5.1
tot_sleeping_duration: 982518.7016000083
tot_uptimes: 256
tot_uptimes_duration: 15300.030399991607
