comms_cons: 100.26168319711816
finished_reconf: true
global_termination_time: 997923.186
local_termination_time: 190383.22136000008
node_cons: 20521.106246719442
tot_aggregated_send: 13746
tot_msg_rcv: 464
tot_msg_sent: 1030
tot_reconf_duration: 25.299999999999997
tot_sleeping_duration: 982623.1495200004
tot_uptimes: 256
tot_uptimes_duration: 15300.036479999544
