comms_cons: 101.178604793114
finished_reconf: true
global_termination_time: 1000593.619
local_termination_time: 92541.17035999997
node_cons: 20577.716547840857
tot_aggregated_send: 12992
tot_msg_rcv: 776
tot_msg_sent: 1610
tot_reconf_duration: 7.819999999999999
tot_sleeping_duration: 985233.5764399993
tot_uptimes: 257
tot_uptimes_duration: 15360.042560000613
