comms_cons: 224.94798707002113
finished_reconf: true
global_termination_time: 1255760.542
local_termination_time: 891918.38036
node_cons: 25793.290041116932
tot_aggregated_send: 0
tot_msg_rcv: 17194
tot_msg_sent: 16996
tot_reconf_duration: 3.05
tot_sleeping_duration: 1236500.5359200023
tot_uptimes: 322
tot_uptimes_duration: 19260.006079997635
