comms_cons: 43.060864000652245
finished_reconf: true
global_termination_time: 446551.493
local_termination_time: 248808.77036000005
node_cons: 9162.901899999995
tot_aggregated_send: 6090
tot_msg_rcv: 165
tot_msg_sent: 290
tot_reconf_duration: 3.05
tot_sleeping_duration: 439711.493
tot_uptimes: 115
tot_uptimes_duration: 6840.0
