comms_cons: 44.11353600013827
finished_reconf: true
global_termination_time: 448382.727
local_termination_time: 255056.11380000028
node_cons: 9167.206760000014
tot_aggregated_send: 6438
tot_msg_rcv: 98
tot_msg_sent: 169
tot_reconf_duration: 6.22
tot_sleeping_duration: 441542.727
tot_uptimes: 115
tot_uptimes_duration: 6840.0
