comms_cons: 115.98489598465947
finished_reconf: true
global_termination_time: 1103709.265
local_termination_time: 171254.49636000005
node_cons: 22664.538497901536
tot_aggregated_send: 14094
tot_msg_rcv: 1265
tot_msg_sent: 2269
tot_reconf_duration: 6.279999999999999
tot_sleeping_duration: 1086789.1677200138
tot_uptimes: 283
tot_uptimes_duration: 16920.097279986192
