comms_cons: 116.33513598566681
finished_reconf: true
global_termination_time: 1103089.004
local_termination_time: 270617.6735600002
node_cons: 22662.903493424983
tot_aggregated_send: 13166
tot_msg_rcv: 1559
tot_msg_sent: 2956
tot_reconf_duration: 5.1
tot_sleeping_duration: 1086168.9310400113
tot_uptimes: 283
tot_uptimes_duration: 16920.072959988785
