comms_cons: 110.6825087936953
finished_reconf: true
global_termination_time: 1102318.513
local_termination_time: 268477.8724800001
node_cons: 22660.135910065343
tot_aggregated_send: 14906
tot_msg_rcv: 544
tot_msg_sent: 1374
tot_reconf_duration: 3.08
tot_sleeping_duration: 1085398.458280011
tot_uptimes: 283
tot_uptimes_duration: 16920.054719989013
