comms_cons: 748.2013760675799
finished_reconf: true
global_termination_time: 7658068.202
local_termination_time: 5722249.2351199975
node_cons: 157570.2742336704
tot_aggregated_send: 109388
tot_msg_rcv: 1378
tot_msg_sent: 2955
tot_reconf_duration: 11.899999999999999
tot_sleeping_duration: 7540402.694880002
tot_uptimes: 1962
tot_uptimes_duration: 117665.5071199974
