comms_cons: 556.8552444756707
finished_reconf: true
global_termination_time: 1148395.8307999994
local_termination_time: 1148395.7896799995
node_cons: 70075.74766963275
tot_aggregated_send: 0
tot_msg_rcv: 34120
tot_msg_sent: 50518
tot_reconf_duration: 37.410000000000004
tot_sleeping_duration: 1096099.3820400038
tot_uptimes: 860
tot_uptimes_duration: 52296.44875999569
