comms_cons: 114.5720703956077
finished_reconf: true
global_termination_time: 1148396.28712
local_termination_time: 364481.02236000006
node_cons: 23662.509443039897
tot_aggregated_send: 15660
tot_msg_rcv: 599
tot_msg_sent: 1156
tot_reconf_duration: 15.34
tot_sleeping_duration: 1130740.0677600002
tot_uptimes: 295
tot_uptimes_duration: 17656.21935999987
