comms_cons: 117.28110079520954
finished_reconf: true
global_termination_time: 1151278.211
local_termination_time: 399073.88344000065
node_cons: 23628.51266335049
tot_aggregated_send: 14384
tot_msg_rcv: 1171
tot_msg_sent: 2272
tot_reconf_duration: 6.279999999999999
tot_sleeping_duration: 1133638.192760007
tot_uptimes: 295
tot_uptimes_duration: 17640.018239992904
