comms_cons: 118.53807359073201
finished_reconf: true
global_termination_time: 1149631.338
local_termination_time: 461778.99836
node_cons: 23637.885565593373
tot_aggregated_send: 15022
tot_msg_rcv: 1113
tot_msg_sent: 1882
tot_reconf_duration: 13.17
tot_sleeping_duration: 1131991.3076000048
tot_uptimes: 295
tot_uptimes_duration: 17640.03039999504
