comms_cons: 121.04705278980326
finished_reconf: true
global_termination_time: 1150396.708
local_termination_time: 441449.44136000006
node_cons: 23624.199627840877
tot_aggregated_send: 13398
tot_msg_rcv: 1733
tot_msg_sent: 3266
tot_reconf_duration: 3.08
tot_sleeping_duration: 1132756.6654399994
tot_uptimes: 295
tot_uptimes_duration: 17640.042560000613
