comms_cons: 331.08432634548086
finished_reconf: true
global_termination_time: 681841.2308799981
local_termination_time: 681841.2308799981
node_cons: 41671.654602644696
tot_aggregated_send: 0
tot_msg_rcv: 20275
tot_msg_sent: 30048
tot_reconf_duration: 24.59
tot_sleeping_duration: 650744.6951199943
tot_uptimes: 511
tot_uptimes_duration: 31096.53576000374
