comms_cons: 69.53619200039158
finished_reconf: true
global_termination_time: 684813.985
local_termination_time: 64519.500600000014
node_cons: 14066.05640336431
tot_aggregated_send: 9454
tot_msg_rcv: 415
tot_msg_sent: 700
tot_reconf_duration: 4.8100000000000005
tot_sleeping_duration: 674313.9667599968
tot_uptimes: 176
tot_uptimes_duration: 10500.018240003206
