comms_cons: 1.4914559999959525
finished_reconf: true
global_termination_time: 16147.635
local_termination_time: 6147.77936
node_cons: 338.5115400000002
tot_aggregated_send: 0
tot_msg_rcv: 120
tot_msg_sent: 107
tot_reconf_duration: 12.629999999999999
tot_sleeping_duration: 15907.635
tot_uptimes: 5
tot_uptimes_duration: 240.0
