comms_cons: 2.2303487999968508
finished_reconf: true
global_termination_time: 18869.703
local_termination_time: 5249.403360000001
node_cons: 346.754600000001
tot_aggregated_send: 0
tot_msg_rcv: 180
tot_msg_sent: 159
tot_reconf_duration: 18.700000000000003
tot_sleeping_duration: 18629.703
tot_uptimes: 5
tot_uptimes_duration: 240.0
