comms_cons: 2.151398399992891
finished_reconf: true
global_termination_time: 18809.412
local_termination_time: 4312.523360000001
node_cons: 336.71898000000056
tot_aggregated_send: 0
tot_msg_rcv: 171
tot_msg_sent: 156
tot_reconf_duration: 11.31
tot_sleeping_duration: 18569.412
tot_uptimes: 5
tot_uptimes_duration: 240.0
