comms_cons: 980.9998402421544
finished_reconf: true
global_termination_time: 9776209.403
local_termination_time: 2767307.300639998
node_cons: 201098.00278781287
tot_aggregated_send: 136126
tot_msg_rcv: 4503
tot_msg_sent: 8476
tot_reconf_duration: 5.1
tot_sleeping_duration: 9626029.360440016
tot_uptimes: 2504
tot_uptimes_duration: 150180.04255998507
