comms_cons: 180.60842238166467
finished_reconf: true
global_termination_time: 1781010.072
local_termination_time: 220340.39636000004
node_cons: 36643.63336893914
tot_aggregated_send: 23896
tot_msg_rcv: 1224
tot_msg_sent: 2330
tot_reconf_duration: 6.279999999999999
tot_sleeping_duration: 1753650.0233600154
tot_uptimes: 457
tot_uptimes_duration: 27360.04863998451
