comms_cons: 177.55287039049696
finished_reconf: true
global_termination_time: 1783813.661
local_termination_time: 767495.6413599999
node_cons: 36655.55937999987
tot_aggregated_send: 25578
tot_msg_rcv: 553
tot_msg_sent: 856
tot_reconf_duration: 15.110000000000001
tot_sleeping_duration: 1756453.661
tot_uptimes: 457
tot_uptimes_duration: 27360.0
