comms_cons: 18.88951040028046
finished_reconf: true
global_termination_time: 172622.848
local_termination_time: 112898.99535999997
node_cons: 3559.7054622428723
tot_aggregated_send: 1856
tot_msg_rcv: 334
tot_msg_sent: 681
tot_reconf_duration: 18.21
tot_sleeping_duration: 169982.83583999786
tot_uptimes: 45
tot_uptimes_duration: 2640.0121600021375
