comms_cons: 17.613145600394255
finished_reconf: true
global_termination_time: 172175.88924000016
local_termination_time: 166190.34844000023
node_cons: 3563.8271527233674
tot_aggregated_send: 2088
tot_msg_rcv: 161
tot_msg_sent: 427
tot_reconf_duration: 6.22
tot_sleeping_duration: 169520.63875999764
tot_uptimes: 45
tot_uptimes_duration: 2655.2504800025126
