comms_cons: 68.46873599895765
finished_reconf: true
global_termination_time: 669792.052
local_termination_time: 151248.08604000031
node_cons: 13746.700804481141
tot_aggregated_send: 8990
tot_msg_rcv: 485
tot_msg_sent: 931
tot_reconf_duration: 6.279999999999999
tot_sleeping_duration: 659532.0276799991
tot_uptimes: 172
tot_uptimes_duration: 10260.02432000084
