comms_cons: 69.72824319768456
finished_reconf: true
global_termination_time: 670820.681
local_termination_time: 153290.13976000086
node_cons: 13742.322605607158
tot_aggregated_send: 8758
tot_msg_rcv: 675
tot_msg_sent: 1167
tot_reconf_duration: 3.05
tot_sleeping_duration: 660560.6505999947
tot_uptimes: 172
tot_uptimes_duration: 10260.030400005346
