comms_cons: 69.92373759900063
finished_reconf: true
global_termination_time: 667018.169
local_termination_time: 186838.09140000035
node_cons: 13673.199685597972
tot_aggregated_send: 8468
tot_msg_rcv: 770
tot_msg_sent: 1390
tot_reconf_duration: 11.31
tot_sleeping_duration: 656818.1386000015
tot_uptimes: 171
tot_uptimes_duration: 10200.030399998475
