comms_cons: 222.01494398668015
finished_reconf: true
global_termination_time: 2234099.483
local_termination_time: 763295.0673599999
node_cons: 45979.225462233095
tot_aggregated_send: 31552
tot_msg_rcv: 810
tot_msg_sent: 1382
tot_reconf_duration: 18.21
tot_sleeping_duration: 2199779.4708400047
tot_uptimes: 573
tot_uptimes_duration: 34320.01215999527
