comms_cons: 220.4680191946218
finished_reconf: true
global_termination_time: 2233125.10248
local_termination_time: 2233125.0613599997
node_cons: 45925.899800957224
tot_aggregated_send: 32234
tot_msg_rcv: 396
tot_msg_sent: 879
tot_reconf_duration: 24.59
tot_sleeping_duration: 2198851.385840001
tot_uptimes: 572
tot_uptimes_duration: 34273.71663999854
