comms_cons: 35.42241280069866
finished_reconf: true
global_termination_time: 350425.787
local_termination_time: 88790.82443999962
node_cons: 7181.034982242882
tot_aggregated_send: 4640
tot_msg_rcv: 237
tot_msg_sent: 507
tot_reconf_duration: 22.65
tot_sleeping_duration: 345085.7748399979
tot_uptimes: 90
tot_uptimes_duration: 5340.0121600021375
