comms_cons: 35.46314240018936
finished_reconf: true
global_termination_time: 349113.932
local_termination_time: 43695.173
node_cons: 7174.503503199432
tot_aggregated_send: 4807
tot_msg_rcv: 236
tot_msg_sent: 347
tot_reconf_duration: 13.17
tot_sleeping_duration: 343769.1832000004
tot_uptimes: 90
tot_uptimes_duration: 5344.748799999572
