comms_cons: 34.488166400447255
finished_reconf: true
global_termination_time: 350584.048
local_termination_time: 328060.3543600001
node_cons: 7154.410041121503
tot_aggregated_send: 4930
tot_msg_rcv: 81
tot_msg_sent: 231
tot_reconf_duration: 3.05
tot_sleeping_duration: 345244.04191999894
tot_uptimes: 90
tot_uptimes_duration: 5340.006080001069
