comms_cons: 35.580940800535025
finished_reconf: true
global_termination_time: 348237.009
local_termination_time: 9177.47072
node_cons: 7165.6352622428685
tot_aggregated_send: 4640
tot_msg_rcv: 254
tot_msg_sent: 514
tot_reconf_duration: 11.31
tot_sleeping_duration: 342896.9968399979
tot_uptimes: 90
tot_uptimes_duration: 5340.0121600021375
