comms_cons: 141.34753279730882
finished_reconf: true
global_termination_time: 1459055.364
local_termination_time: 846604.1703599999
node_cons: 29982.178979999968
tot_aggregated_send: 20938
tot_msg_rcv: 191
tot_msg_sent: 355
tot_reconf_duration: 11.31
tot_sleeping_duration: 1436675.364
tot_uptimes: 374
tot_uptimes_duration: 22380.0
