comms_cons: 201.45510398944407
finished_reconf: true
global_termination_time: 2029720.374
local_termination_time: 908429.5693599998
node_cons: 41707.44621999962
tot_aggregated_send: 29174
tot_msg_rcv: 525
tot_msg_sent: 921
tot_reconf_duration: 8.09
tot_sleeping_duration: 1998580.374
tot_uptimes: 520
tot_uptimes_duration: 31140.0
