comms_cons: 2.6185215999913467
finished_reconf: true
global_termination_time: 16787.289
local_termination_time: 8124.69036
node_cons: 333.7313799999996
tot_aggregated_send: 0
tot_msg_rcv: 230
tot_msg_sent: 168
tot_reconf_duration: 9.11
tot_sleeping_duration: 16547.289
tot_uptimes: 5
tot_uptimes_duration: 240.0
