comms_cons: 63.15436800033152
finished_reconf: true
global_termination_time: 625983.089
local_termination_time: 439270.0156800007
node_cons: 12858.615204481164
tot_aggregated_send: 8236
tot_msg_rcv: 419
tot_msg_sent: 945
tot_reconf_duration: 3.08
tot_sleeping_duration: 616383.0646799991
tot_uptimes: 161
tot_uptimes_duration: 9600.02432000084
