comms_cons: 62.61424640070096
finished_reconf: true
global_termination_time: 626061.621
local_termination_time: 277599.6993600001
node_cons: 12869.278241121465
tot_aggregated_send: 8584
tot_msg_rcv: 356
tot_msg_sent: 577
tot_reconf_duration: 10.95
tot_sleeping_duration: 616461.614919999
tot_uptimes: 161
tot_uptimes_duration: 9600.006080001069
