comms_cons: 143.49200638985985
finished_reconf: true
global_termination_time: 1433679.455
local_termination_time: 338797.00536000007
node_cons: 29505.66056671487
tot_aggregated_send: 19198
tot_msg_rcv: 763
tot_msg_sent: 1849
tot_reconf_duration: 15.34
tot_sleeping_duration: 1411659.418520004
tot_uptimes: 368
tot_uptimes_duration: 22020.03647999611
