comms_cons: 71.52248319997035
finished_reconf: true
global_termination_time: 700359.8797599981
local_termination_time: 700359.8797599981
node_cons: 14495.924400240932
tot_aggregated_send: 9382
tot_msg_rcv: 436
tot_msg_sent: 1052
tot_reconf_duration: 24.59
tot_sleeping_duration: 689558.8855999974
tot_uptimes: 180
tot_uptimes_duration: 10800.994160000671
