comms_cons: 70.35138559870958
finished_reconf: true
global_termination_time: 701935.717
local_termination_time: 272915.6638400005
node_cons: 14386.829761121393
tot_aggregated_send: 9744
tot_msg_rcv: 314
tot_msg_sent: 635
tot_reconf_duration: 4.390000000000001
tot_sleeping_duration: 691195.7109199989
tot_uptimes: 180
tot_uptimes_duration: 10740.006080001069
