comms_cons: 73.5848895991772
finished_reconf: true
global_termination_time: 700392.424
local_termination_time: 9389.569000000003
node_cons: 14389.363747847754
tot_aggregated_send: 8642
tot_msg_rcv: 791
tot_msg_sent: 1752
tot_reconf_duration: 6.22
tot_sleeping_duration: 689652.3814399942
tot_uptimes: 180
tot_uptimes_duration: 10740.042560005779
