comms_cons: 71.42980479981786
finished_reconf: true
global_termination_time: 700670.106
local_termination_time: 47344.28736000001
node_cons: 14396.24340336317
tot_aggregated_send: 9454
tot_msg_rcv: 481
tot_msg_sent: 922
tot_reconf_duration: 11.31
tot_sleeping_duration: 689930.0877599976
tot_uptimes: 180
tot_uptimes_duration: 10740.018240002355
