comms_cons: 0.9671424000021562
finished_reconf: true
global_termination_time: 5284.714
local_termination_time: 1376.3053600000003
node_cons: 88.86823999999996
tot_aggregated_send: 0
tot_msg_rcv: 91
tot_msg_sent: 55
tot_reconf_duration: 6.279999999999999
tot_sleeping_duration: 5224.714
tot_uptimes: 2
tot_uptimes_duration: 60.0
