comms_cons: 112.34109439537885
finished_reconf: true
global_termination_time: 1123180.82848
local_termination_time: 1123180.78736
node_cons: 23109.364224317753
tot_aggregated_send: 15646
tot_msg_rcv: 429
tot_msg_sent: 1001
tot_reconf_duration: 24.59
tot_sleeping_duration: 1105947.0936000017
tot_uptimes: 288
tot_uptimes_duration: 17233.734879998286
