comms_cons: 112.95006079522297
finished_reconf: true
global_termination_time: 1123181.2552400003
local_termination_time: 221930.40736000004
node_cons: 23133.93921383239
tot_aggregated_send: 15428
tot_msg_rcv: 578
tot_msg_sent: 1160
tot_reconf_duration: 11.31
tot_sleeping_duration: 1105915.6986800062
tot_uptimes: 288
tot_uptimes_duration: 17265.556559994293
