comms_cons: 239.4841087880392
finished_reconf: true
global_termination_time: 2391299.047
local_termination_time: 37209.040680000144
node_cons: 49192.858026705246
tot_aggregated_send: 33524
tot_msg_rcv: 940
tot_msg_sent: 1935
tot_reconf_duration: 18.21
tot_sleeping_duration: 2354579.0105200103
tot_uptimes: 613
tot_uptimes_duration: 36720.036479989474
