comms_cons: 241.22577920099738
finished_reconf: true
global_termination_time: 2388804.9452399975
local_termination_time: 87928.47935999997
node_cons: 49124.73629985544
tot_aggregated_send: 33176
tot_msg_rcv: 1276
tot_msg_sent: 2212
tot_reconf_duration: 13.17
tot_sleeping_duration: 2352130.6723200153
tot_uptimes: 612
tot_uptimes_duration: 36674.27291998215
