comms_cons: 240.99609598009116
finished_reconf: true
global_termination_time: 2391188.897
local_termination_time: 307341.30876000045
node_cons: 49198.879405583546
tot_aggregated_send: 33176
tot_msg_rcv: 1203
tot_msg_sent: 2251
tot_reconf_duration: 22.65
tot_sleeping_duration: 2354468.8666000115
tot_uptimes: 613
tot_uptimes_duration: 36720.03039998817
