comms_cons: 42.85420800091909
finished_reconf: true
global_termination_time: 419573.277
local_termination_time: 44207.98524000009
node_cons: 8627.171264485725
tot_aggregated_send: 5568
tot_msg_rcv: 321
tot_msg_sent: 624
tot_reconf_duration: 22.65
tot_sleeping_duration: 413153.2526799957
tot_uptimes: 108
tot_uptimes_duration: 6420.024320004275
