comms_cons: 644.3308224575468
finished_reconf: true
global_termination_time: 6565235.488
local_termination_time: 4671307.368119999
node_cons: 135067.70019999487
tot_aggregated_send: 94018
tot_msg_rcv: 1334
tot_msg_sent: 2582
tot_reconf_duration: 11.899999999999999
tot_sleeping_duration: 6464375.488
tot_uptimes: 1682
tot_uptimes_duration: 100860.0
