comms_cons: 657.7581761590559
finished_reconf: true
global_termination_time: 6564876.019
local_termination_time: 2013709.604
node_cons: 135059.94904053232
tot_aggregated_send: 90536
tot_msg_rcv: 3143
tot_msg_sent: 6294
tot_reconf_duration: 5.43
tot_sleeping_duration: 6464015.245960018
tot_uptimes: 1682
tot_uptimes_duration: 100860.77303998265
