comms_cons: 1.829017599996068
finished_reconf: true
global_termination_time: 9103.361
local_termination_time: 6002.662359999999
node_cons: 166.64161999999922
tot_aggregated_send: 0
tot_msg_rcv: 165
tot_msg_sent: 112
tot_reconf_duration: 4.390000000000001
tot_sleeping_duration: 8983.361
tot_uptimes: 3
tot_uptimes_duration: 120.0
