comms_cons: 20.88958719995775
finished_reconf: true
global_termination_time: 9020.881360000003
local_termination_time: 2138.2257200000086
node_cons: 2607.2682621600125
tot_aggregated_send: 0
tot_msg_rcv: 1599
tot_msg_sent: 1575
tot_reconf_duration: 6.22
tot_sleeping_duration: 7080.013919999994
tot_uptimes: 29
tot_uptimes_duration: 1940.8674400000086
