comms_cons: 149.712998387449
finished_reconf: true
global_termination_time: 1478023.8591200002
local_termination_time: 36429.063920000146
node_cons: 30395.44173638348
tot_aggregated_send: 19952
tot_msg_rcv: 993
tot_msg_sent: 1810
tot_reconf_duration: 4.8100000000000005
tot_sleeping_duration: 1455328.6315200126
tot_uptimes: 379
tot_uptimes_duration: 22695.22759998763
