comms_cons: 0.14474239999952263
finished_reconf: true
global_termination_time: 3485.1869600000023
local_termination_time: 3471.85136
node_cons: 37.10100744000244
tot_aggregated_send: 0
tot_msg_rcv: 13
tot_msg_sent: 8
tot_reconf_duration: 5.57
tot_sleeping_duration: 3463.128
tot_uptimes: 1
tot_uptimes_duration: 22.058960000002116
