comms_cons: 17.170739199911996
finished_reconf: true
global_termination_time: 89104.75191999978
local_termination_time: 2912.6273600000004
node_cons: 1832.9427948796974
tot_aggregated_send: 0
tot_msg_rcv: 1334
tot_msg_sent: 1274
tot_reconf_duration: 22.65
tot_sleeping_duration: 87758.834
tot_uptimes: 23
tot_uptimes_duration: 1345.9179199997743
