comms_cons: 293.42394882120317
finished_reconf: true
global_termination_time: 2929491.83348
local_termination_time: 2929491.79236
node_cons: 60306.81678878395
tot_aggregated_send: 41340
tot_msg_rcv: 1093
tot_msg_sent: 2165
tot_reconf_duration: 24.59
tot_sleeping_duration: 2884478.074280011
tot_uptimes: 751
tot_uptimes_duration: 45013.75919998909
