comms_cons: 294.208665620013
finished_reconf: true
global_termination_time: 2930052.141
local_termination_time: 236912.81112000046
node_cons: 60285.82382894271
tot_aggregated_send: 40890
tot_msg_rcv: 1254
tot_msg_sent: 2574
tot_reconf_duration: 22.65
tot_sleeping_duration: 2885052.0923600122
tot_uptimes: 751
tot_uptimes_duration: 45000.048639987945
