comms_cons: 288.4452863899782
finished_reconf: true
global_termination_time: 2929585.546
local_termination_time: 533258.132119998
node_cons: 60261.00232558764
tot_aggregated_send: 40948
tot_msg_rcv: 916
tot_msg_sent: 1978
tot_reconf_duration: 4.390000000000001
tot_sleeping_duration: 2884585.5156000084
tot_uptimes: 751
tot_uptimes_duration: 45000.03039999161
