comms_cons: 278.7005183912979
finished_reconf: true
global_termination_time: 2930783.237
local_termination_time: 1791906.825239999
node_cons: 60270.36712111576
tot_aggregated_send: 40948
tot_msg_rcv: 451
tot_msg_sent: 962
tot_reconf_duration: 11.31
tot_sleeping_duration: 2885783.2309200023
tot_uptimes: 751
tot_uptimes_duration: 45000.006079997635
