comms_cons: 274.6005119986914
finished_reconf: true
global_termination_time: 2810801.721
local_termination_time: 6108.746
node_cons: 57861.44904558804
tot_aggregated_send: 38905
tot_msg_rcv: 818
tot_msg_sent: 2012
tot_reconf_duration: 12.23
tot_sleeping_duration: 2767601.6906000082
tot_uptimes: 720
tot_uptimes_duration: 43200.03039999184
