comms_cons: 172.91784318746767
finished_reconf: true
global_termination_time: 1712309.13
local_termination_time: 189847.89936000004
node_cons: 35195.47640335964
tot_aggregated_send: 23780
tot_msg_rcv: 876
tot_msg_sent: 1625
tot_reconf_duration: 4.8100000000000005
tot_sleeping_duration: 1686029.11176
tot_uptimes: 439
tot_uptimes_duration: 26280.018239999772
