comms_cons: 67.81084159919364
finished_reconf: true
global_termination_time: 659082.483
local_termination_time: 224415.97636000006
node_cons: 13515.045565602592
tot_aggregated_send: 8642
tot_msg_rcv: 567
tot_msg_sent: 1097
tot_reconf_duration: 13.17
tot_sleeping_duration: 649002.4525999981
tot_uptimes: 169
tot_uptimes_duration: 10080.03040000191
