comms_cons: 65.96792959977357
finished_reconf: true
global_termination_time: 656704.421
local_termination_time: 170183.36848000053
node_cons: 13514.279681121456
tot_aggregated_send: 9164
tot_msg_rcv: 292
tot_msg_sent: 570
tot_reconf_duration: 12.629999999999999
tot_sleeping_duration: 646624.4149199988
tot_uptimes: 169
tot_uptimes_duration: 10080.006080001069
