comms_cons: 65.69393919865777
finished_reconf: true
global_termination_time: 657602.525
local_termination_time: 302969.08948000014
node_cons: 13501.278182238346
tot_aggregated_send: 9338
tot_msg_rcv: 241
tot_msg_sent: 406
tot_reconf_duration: 3.05
tot_sleeping_duration: 647522.5128400013
tot_uptimes: 169
tot_uptimes_duration: 10080.012159998703
