comms_cons: 1.861913599996979
finished_reconf: true
global_termination_time: 11252.877
local_termination_time: 7316.52736
node_cons: 173.05137999999954
tot_aggregated_send: 0
tot_msg_rcv: 175
tot_msg_sent: 108
tot_reconf_duration: 9.11
tot_sleeping_duration: 11132.877
tot_uptimes: 3
tot_uptimes_duration: 120.0
