comms_cons: 1.7763839999947857
finished_reconf: true
global_termination_time: 15066.839
local_termination_time: 5085.067480000001
node_cons: 258.1715399999998
tot_aggregated_send: 0
tot_msg_rcv: 163
tot_msg_sent: 107
tot_reconf_duration: 12.629999999999999
tot_sleeping_duration: 14886.839
tot_uptimes: 4
tot_uptimes_duration: 179.99999999999977
