comms_cons: 12.493900799679295
finished_reconf: true
global_termination_time: 111933.846
local_termination_time: 73334.68235999998
node_cons: 2256.478364476613
tot_aggregated_send: 1160
tot_msg_rcv: 275
tot_msg_sent: 464
tot_reconf_duration: 5.1
tot_sleeping_duration: 110253.82168000254
tot_uptimes: 29
tot_uptimes_duration: 1680.0243199974648
