comms_cons: 13.534041599695222
finished_reconf: true
global_termination_time: 110134.81
local_termination_time: 65400.926
node_cons: 2284.5541805576413
tot_aggregated_send: 926
tot_msg_rcv: 444
tot_msg_sent: 688
tot_reconf_duration: 22.65
tot_sleeping_duration: 108451.61696000175
tot_uptimes: 29
tot_uptimes_duration: 1683.1930399982448
