comms_cons: 12.093196799883245
finished_reconf: true
global_termination_time: 108489.18523999966
local_termination_time: 56931.168
node_cons: 2229.151684238973
tot_aggregated_send: 1157
tot_msg_rcv: 244
tot_msg_sent: 436
tot_reconf_duration: 4.8100000000000005
tot_sleeping_duration: 106829.27508000043
tot_uptimes: 28
tot_uptimes_duration: 1659.9101599992355
