comms_cons: 0.21053439999930565
finished_reconf: true
global_termination_time: 3317.8799600000025
local_termination_time: 3304.5443600000003
node_cons: 63.45069744000362
tot_aggregated_send: 0
tot_msg_rcv: 23
tot_msg_sent: 8
tot_reconf_duration: 15.34
tot_sleeping_duration: 3286.051
tot_uptimes: 1
tot_uptimes_duration: 31.828960000002553
