comms_cons: 294.8205311811505
finished_reconf: true
global_termination_time: 3018220.634
local_termination_time: 2086568.7174799999
node_cons: 62043.31986111573
tot_aggregated_send: 41702
tot_msg_rcv: 953
tot_msg_sent: 2156
tot_reconf_duration: 15.34
tot_sleeping_duration: 2971900.6279200027
tot_uptimes: 773
tot_uptimes_duration: 46320.006079997635
