comms_cons: 295.3519551924074
finished_reconf: true
global_termination_time: 3017048.339
local_termination_time: 1441982.0396799983
node_cons: 62029.43022334941
tot_aggregated_send: 41702
tot_msg_rcv: 923
tot_msg_sent: 2266
tot_reconf_duration: 5.1
tot_sleeping_duration: 2970728.320760007
tot_uptimes: 773
tot_uptimes_duration: 46320.01823999314
