comms_cons: 307.14995203055935
finished_reconf: true
global_termination_time: 3015902.678
local_termination_time: 1261774.67936
node_cons: 62034.908367817385
tot_aggregated_send: 41644
tot_msg_rcv: 1908
tot_msg_sent: 3133
tot_reconf_duration: 9.11
tot_sleeping_duration: 2969582.635440016
tot_uptimes: 773
tot_uptimes_duration: 46320.04255998391
