comms_cons: 306.2109568383476
finished_reconf: true
global_termination_time: 3015417.088
local_termination_time: 667235.6003999993
node_cons: 62035.32934781793
tot_aggregated_send: 41818
tot_msg_rcv: 1763
tot_msg_sent: 2961
tot_reconf_duration: 9.42
tot_sleeping_duration: 2969097.045440016
tot_uptimes: 773
tot_uptimes_duration: 46320.04255998437
