comms_cons: 301.0851200130185
finished_reconf: true
global_termination_time: 3017265.355
local_termination_time: 164477.234
node_cons: 62032.352302938634
tot_aggregated_send: 41699
tot_msg_rcv: 1264
tot_msg_sent: 2801
tot_reconf_duration: 4.8100000000000005
tot_sleeping_duration: 2970942.860360015
tot_uptimes: 773
tot_uptimes_duration: 46322.49463998494
