comms_cons: 293.3091071837587
finished_reconf: true
global_termination_time: 3020535.194
local_termination_time: 1966893.8504399986
node_cons: 62110.20208111552
tot_aggregated_send: 41992
tot_msg_rcv: 749
tot_msg_sent: 1839
tot_reconf_duration: 5.43
tot_sleeping_duration: 2974155.1879200027
tot_uptimes: 774
tot_uptimes_duration: 46380.006079997635
