comms_cons: 11.218163200001612
finished_reconf: true
global_termination_time: 109600.959
local_termination_time: 22979.00184
node_cons: 2256.051980000001
tot_aggregated_send: 1450
tot_msg_rcv: 114
tot_msg_sent: 142
tot_reconf_duration: 4.8100000000000005
tot_sleeping_duration: 107920.959
tot_uptimes: 29
tot_uptimes_duration: 1680.0
