comms_cons: 10.645772800015433
finished_reconf: true
global_termination_time: 108095.847
local_termination_time: 25152.533080000005
node_cons: 2175.14976111915
tot_aggregated_send: 1450
tot_msg_rcv: 56
tot_msg_sent: 112
tot_reconf_duration: 4.390000000000001
tot_sleeping_duration: 106475.84092000063
tot_uptimes: 28
tot_uptimes_duration: 1620.0060799993662
