comms_cons: 377.26830708908165
finished_reconf: true
global_termination_time: 781528.465
local_termination_time: 340649.2204800001
node_cons: 47369.08657384498
tot_aggregated_send: 0
tot_msg_rcv: 23185
tot_msg_sent: 34157
tot_reconf_duration: 18.21
tot_sleeping_duration: 746170.4684399959
tot_uptimes: 580
tot_uptimes_duration: 35357.99656000412
