comms_cons: 81.05041919666992
finished_reconf: true
global_termination_time: 780522.245
local_termination_time: 13086.91536
node_cons: 15995.321753443397
tot_aggregated_send: 10034
tot_msg_rcv: 764
tot_msg_sent: 1523
tot_reconf_duration: 5.57
tot_sleeping_duration: 768582.1720399975
tot_uptimes: 200
tot_uptimes_duration: 11940.072960002522
