comms_cons: 78.83855359774941
finished_reconf: true
global_termination_time: 782209.553
local_termination_time: 506465.41836000007
node_cons: 16088.53566223367
tot_aggregated_send: 10556
tot_msg_rcv: 396
tot_msg_sent: 1031
tot_reconf_duration: 15.110000000000001
tot_sleeping_duration: 770209.5408400047
tot_uptimes: 201
tot_uptimes_duration: 12000.012159995269
