comms_cons: 78.28057599894464
finished_reconf: true
global_termination_time: 782622.241
local_termination_time: 364789.709
node_cons: 16087.819003522765
tot_aggregated_send: 10728
tot_msg_rcv: 301
tot_msg_sent: 870
tot_reconf_duration: 9.42
tot_sleeping_duration: 770616.993319998
tot_uptimes: 201
tot_uptimes_duration: 12005.247680002067
