comms_cons: 280.2384576253903
finished_reconf: true
global_termination_time: 2810132.757
local_termination_time: 4935.555
node_cons: 57855.11802893427
tot_aggregated_send: 39490
tot_msg_rcv: 1040
tot_msg_sent: 2063
tot_reconf_duration: 7.55
tot_sleeping_duration: 2766932.7083600187
tot_uptimes: 720
tot_uptimes_duration: 43200.04863998154
