comms_cons: 231.7983743277259
finished_reconf: true
global_termination_time: 796255.231
local_termination_time: 297724.1898000003
node_cons: 32456.37112899993
tot_aggregated_send: 0
tot_msg_rcv: 11829
tot_msg_sent: 23403
tot_reconf_duration: 11.31
tot_sleeping_duration: 772027.4400000001
tot_uptimes: 401
tot_uptimes_duration: 24227.79099999991
