comms_cons: 0.5526528000000639
finished_reconf: true
global_termination_time: 6817.037
local_termination_time: 84.60248000000004
node_cons: 98.22486000000002
tot_aggregated_send: 0
tot_msg_rcv: 36
tot_msg_sent: 47
tot_reconf_duration: 13.17
tot_sleeping_duration: 6757.037
tot_uptimes: 2
tot_uptimes_duration: 60.00000000000001
