comms_cons: 44.718822400265196
finished_reconf: true
global_termination_time: 455958.669
local_termination_time: 362225.4044800001
node_cons: 9327.004060000023
tot_aggregated_send: 6612
tot_msg_rcv: 74
tot_msg_sent: 111
tot_reconf_duration: 5.57
tot_sleeping_duration: 448998.669
tot_uptimes: 117
tot_uptimes_duration: 6960.0
