comms_cons: 44.17274880006307
finished_reconf: true
global_termination_time: 452693.09124000056
local_termination_time: 452677.7767600004
node_cons: 9308.752771360732
tot_aggregated_send: 6670
tot_msg_rcv: 17
tot_msg_sent: 27
tot_reconf_duration: 6.22
tot_sleeping_duration: 445747.381
tot_uptimes: 116
tot_uptimes_duration: 6945.710240000568
