comms_cons: 15.941401599622727
finished_reconf: true
global_termination_time: 143486.152
local_termination_time: 80415.61335999996
node_cons: 2896.390041119136
tot_aggregated_send: 1624
tot_msg_rcv: 334
tot_msg_sent: 465
tot_reconf_duration: 3.05
tot_sleeping_duration: 141326.14592000065
tot_uptimes: 37
tot_uptimes_duration: 2160.006079999366
