comms_cons: 62.226700800220996
finished_reconf: true
global_termination_time: 630664.652
local_termination_time: 164926.48056000072
node_cons: 12969.105541121473
tot_aggregated_send: 9106
tot_msg_rcv: 143
tot_msg_sent: 209
tot_reconf_duration: 25.299999999999997
tot_sleeping_duration: 621004.6459199989
tot_uptimes: 162
tot_uptimes_duration: 9660.006080001069
