comms_cons: 50.3533312004143
finished_reconf: true
global_termination_time: 506949.757
local_termination_time: 260790.09736000007
node_cons: 10398.24182336205
tot_aggregated_send: 6902
tot_msg_rcv: 192
tot_msg_sent: 559
tot_reconf_duration: 25.299999999999997
tot_sleeping_duration: 499209.73875999846
tot_uptimes: 130
tot_uptimes_duration: 7740.018240001504
