comms_cons: 77.1157119986021
finished_reconf: true
global_termination_time: 765018.912
local_termination_time: 40247.48128000016
node_cons: 15713.465952644232
tot_aggregated_send: 10498
tot_msg_rcv: 416
tot_msg_sent: 809
tot_reconf_duration: 25.299999999999997
tot_sleeping_duration: 753309.3462399968
tot_uptimes: 196
tot_uptimes_duration: 11709.56576000314
