comms_cons: 75.53642239927372
finished_reconf: true
global_termination_time: 759106.764
local_termination_time: 716662.5399199994
node_cons: 15603.869283360953
tot_aggregated_send: 10730
tot_msg_rcv: 263
tot_msg_sent: 489
tot_reconf_duration: 13.17
tot_sleeping_duration: 747466.7457599993
tot_uptimes: 195
tot_uptimes_duration: 11640.018240000652
