comms_cons: 472.68180490299727
finished_reconf: true
global_termination_time: 4663381.815
local_termination_time: 162186.98596000017
node_cons: 95933.62175340057
tot_aggregated_send: 64322
tot_msg_rcv: 2583
tot_msg_sent: 4939
tot_reconf_duration: 5.57
tot_sleeping_duration: 4591741.742040028
tot_uptimes: 1195
tot_uptimes_duration: 71640.07295997255
