comms_cons: 469.40924168235665
finished_reconf: true
global_termination_time: 4664000.795
local_termination_time: 2540614.4960000003
node_cons: 95970.70057909732
tot_aggregated_send: 65074
tot_msg_rcv: 2276
tot_msg_sent: 3997
tot_reconf_duration: 18.700000000000003
tot_sleeping_duration: 4592346.346920015
tot_uptimes: 1195
tot_uptimes_duration: 71654.44807998487
