comms_cons: 60.76015360037691
finished_reconf: true
global_termination_time: 614651.566
local_termination_time: 355479.568
node_cons: 12631.43754704004
tot_aggregated_send: 8575
tot_msg_rcv: 199
tot_msg_sent: 461
tot_reconf_duration: 11.31
tot_sleeping_duration: 605229.5506399999
tot_uptimes: 158
tot_uptimes_duration: 9422.01536000002
