comms_cons: 40.0876928001247
finished_reconf: true
global_termination_time: 399220.37112000014
local_termination_time: 19824.42248
node_cons: 8227.00100080165
tot_aggregated_send: 5394
tot_msg_rcv: 229
tot_msg_sent: 471
tot_reconf_duration: 7.819999999999999
tot_sleeping_duration: 393084.1639199989
tot_uptimes: 103
tot_uptimes_duration: 6136.207200001227
