comms_cons: 79.51734400872708
finished_reconf: true
global_termination_time: 399343.136
local_termination_time: 375.8630399999995
node_cons: 8203.143042242871
tot_aggregated_send: 0
tot_msg_rcv: 6158
tot_msg_sent: 5924
tot_reconf_duration: 6.22
tot_sleeping_duration: 393223.12383999786
tot_uptimes: 103
tot_uptimes_duration: 6120.0121600021375
