comms_cons: 49.94069760188384
finished_reconf: true
global_termination_time: 473024.867
local_termination_time: 37232.28436000001
node_cons: 9738.30782224288
tot_aggregated_send: 5858
tot_msg_rcv: 579
tot_msg_sent: 1154
tot_reconf_duration: 12.629999999999999
tot_sleeping_duration: 465764.8548399979
tot_uptimes: 122
tot_uptimes_duration: 7260.0121600021375
