comms_cons: 47.835833600860035
finished_reconf: true
global_termination_time: 475202.851
local_termination_time: 42439.910160000065
node_cons: 9727.67198000001
tot_aggregated_send: 6322
tot_msg_rcv: 256
tot_msg_sent: 692
tot_reconf_duration: 4.8100000000000005
tot_sleeping_duration: 467942.851
tot_uptimes: 122
tot_uptimes_duration: 7260.0
