comms_cons: 20.06558719996733
finished_reconf: true
global_termination_time: 8910.780360000015
local_termination_time: 1993.0344000000039
node_cons: 2653.963389160026
tot_aggregated_send: 0
tot_msg_rcv: 1547
tot_msg_sent: 1501
tot_reconf_duration: 18.21
tot_sleeping_duration: 6947.199919999996
tot_uptimes: 27
tot_uptimes_duration: 1963.5804400000195
