comms_cons: 16.77695999990344
finished_reconf: true
global_termination_time: 162869.785
local_termination_time: 112774.36035999998
node_cons: 3304.567701119162
tot_aggregated_send: 2030
tot_msg_rcv: 178
tot_msg_sent: 342
tot_reconf_duration: 7.819999999999999
tot_sleeping_duration: 160409.77892000062
tot_uptimes: 42
tot_uptimes_duration: 2460.006079999366
