comms_cons: 134.07737599080096
finished_reconf: true
global_termination_time: 1313924.247
local_termination_time: 404665.67936000007
node_cons: 27015.1287078225
tot_aggregated_send: 17516
tot_msg_rcv: 890
tot_msg_sent: 1972
tot_reconf_duration: 15.34
tot_sleeping_duration: 1293764.204440013
tot_uptimes: 337
tot_uptimes_duration: 20160.042559986876
