comms_cons: 130.44625919612778
finished_reconf: true
global_termination_time: 1312105.422
local_termination_time: 448274.8908000002
node_cons: 27010.400199999996
tot_aggregated_send: 18734
tot_msg_rcv: 350
tot_msg_sent: 743
tot_reconf_duration: 11.899999999999999
tot_sleeping_duration: 1291945.422
tot_uptimes: 337
tot_uptimes_duration: 20160.0
