comms_cons: 205.7077119925436
finished_reconf: true
global_termination_time: 2100085.992
local_termination_time: 988296.7733599999
node_cons: 43151.116381116466
tot_aggregated_send: 29232
tot_msg_rcv: 748
tot_msg_sent: 1286
tot_reconf_duration: 6.279999999999999
tot_sleeping_duration: 2067865.9859200025
tot_uptimes: 538
tot_uptimes_duration: 32220.006079997635
