comms_cons: 118.09006079912018
finished_reconf: true
global_termination_time: 1197027.553
local_termination_time: 1078762.0831999995
node_cons: 24614.79869999991
tot_aggregated_send: 17226
tot_msg_rcv: 278
tot_msg_sent: 445
tot_reconf_duration: 22.65
tot_sleeping_duration: 1178667.553
tot_uptimes: 307
tot_uptimes_duration: 18360.0
