comms_cons: 85.69372159706082
finished_reconf: true
global_termination_time: 850916.371
local_termination_time: 199840.83336000005
node_cons: 17464.55498223828
tot_aggregated_send: 11426
tot_msg_rcv: 610
tot_msg_sent: 988
tot_reconf_duration: 22.65
tot_sleeping_duration: 837896.3588400013
tot_uptimes: 218
tot_uptimes_duration: 13020.012159998703
