comms_cons: 80.38466559956748
finished_reconf: true
global_termination_time: 853227.783
local_termination_time: 560834.8398799989
node_cons: 17529.47897999994
tot_aggregated_send: 11948
tot_msg_rcv: 67
tot_msg_sent: 203
tot_reconf_duration: 11.31
tot_sleeping_duration: 840147.783
tot_uptimes: 219
tot_uptimes_duration: 13080.0
