comms_cons: 79.3842815956217
finished_reconf: true
global_termination_time: 757757.2679199985
local_termination_time: 197502.36448000054
node_cons: 15664.802243597349
tot_aggregated_send: 9802
tot_msg_rcv: 769
tot_msg_sent: 1495
tot_reconf_duration: 5.57
tot_sleeping_duration: 746064.0355200005
tot_uptimes: 195
tot_uptimes_duration: 11693.232399998
