comms_cons: 79.4800127995945
finished_reconf: true
global_termination_time: 759499.255
local_termination_time: 148100.00792000032
node_cons: 15620.390670079127
tot_aggregated_send: 9860
tot_msg_rcv: 842
tot_msg_sent: 1379
tot_reconf_duration: 25.299999999999997
tot_sleeping_duration: 747859.2002800007
tot_uptimes: 195
tot_uptimes_duration: 11640.054719999316
