comms_cons: 77.43060479926697
finished_reconf: true
global_termination_time: 758105.482
local_termination_time: 600751.0003199995
node_cons: 15591.929761116873
tot_aggregated_send: 10150
tot_msg_rcv: 575
tot_msg_sent: 1044
tot_reconf_duration: 4.390000000000001
tot_sleeping_duration: 746465.4759200023
tot_uptimes: 195
tot_uptimes_duration: 11640.006079997635
