comms_cons: 151.18531835988423
finished_reconf: true
global_termination_time: 759402.192
local_termination_time: 336254.2590000009
node_cons: 15596.603983364324
tot_aggregated_send: 0
tot_msg_rcv: 11726
tot_msg_sent: 11256
tot_reconf_duration: 7.819999999999999
tot_sleeping_duration: 747762.1737599968
tot_uptimes: 195
tot_uptimes_duration: 11640.018240003206
