comms_cons: 78.35827199757429
finished_reconf: true
global_termination_time: 759268.097
local_termination_time: 310221.96536000003
node_cons: 15593.366504481139
tot_aggregated_send: 9976
tot_msg_rcv: 660
tot_msg_sent: 1274
tot_reconf_duration: 5.43
tot_sleeping_duration: 747628.0726799992
tot_uptimes: 195
tot_uptimes_duration: 11640.02432000084
