comms_cons: 76.51738239820757
finished_reconf: true
global_termination_time: 762155.525
local_termination_time: 406687.0693600001
node_cons: 15687.164284481181
tot_aggregated_send: 10498
tot_msg_rcv: 328
tot_msg_sent: 804
tot_reconf_duration: 15.34
tot_sleeping_duration: 750455.5006799992
tot_uptimes: 196
tot_uptimes_duration: 11700.02432000084
