comms_cons: 16.310463999841012
finished_reconf: true
global_termination_time: 162044.365
local_termination_time: 120202.33747999996
node_cons: 3300.4882622405803
tot_aggregated_send: 2146
tot_msg_rcv: 103
tot_msg_sent: 230
tot_reconf_duration: 4.8100000000000005
tot_sleeping_duration: 159584.35283999957
tot_uptimes: 42
tot_uptimes_duration: 2460.012160000435
