comms_cons: 206.33749758627286
finished_reconf: true
global_termination_time: 2067258.836
local_termination_time: 50110.908160000065
node_cons: 42524.638026700624
tot_aggregated_send: 29000
tot_msg_rcv: 807
tot_msg_sent: 1556
tot_reconf_duration: 18.21
tot_sleeping_duration: 2035518.799520014
tot_uptimes: 530
tot_uptimes_duration: 31740.036479985807
