comms_cons: 718.8320129329007
finished_reconf: true
global_termination_time: 7286092.02
local_termination_time: 4039031.2229999998
node_cons: 149847.5669049463
tot_aggregated_send: 101671
tot_msg_rcv: 2493
tot_msg_sent: 5093
tot_reconf_duration: 8.09
tot_sleeping_duration: 7174190.167360006
tot_uptimes: 1866
tot_uptimes_duration: 111901.85263999365
