comms_cons: 735.1396609799065
finished_reconf: true
global_termination_time: 7283215.563119996
local_termination_time: 397185.6173600001
node_cons: 149886.64969307923
tot_aggregated_send: 100920
tot_msg_rcv: 3683
tot_msg_sent: 7132
tot_reconf_duration: 22.65
tot_sleeping_duration: 7171299.289040023
tot_uptimes: 1866
tot_uptimes_duration: 111916.27407997329
