comms_cons: 730.6567425789299
finished_reconf: true
global_termination_time: 7284136.41
local_termination_time: 1217969.8903599998
node_cons: 149842.62817116544
tot_aggregated_send: 101674
tot_msg_rcv: 3186
tot_msg_sent: 6195
tot_reconf_duration: 6.22
tot_sleeping_duration: 7172236.349200022
tot_uptimes: 1866
tot_uptimes_duration: 111900.06079997797
