comms_cons: 727.5363329977671
finished_reconf: true
global_termination_time: 7283654.348
local_termination_time: 1400855.949
node_cons: 149843.9164902116
tot_aggregated_send: 101266
tot_msg_rcv: 3040
tot_msg_sent: 6276
tot_reconf_duration: 5.43
tot_sleeping_duration: 7171752.523840018
tot_uptimes: 1866
tot_uptimes_duration: 111901.82415998261
