comms_cons: 13.412006399717164
finished_reconf: true
global_termination_time: 125132.56467999959
local_termination_time: 125132.5235599996
node_cons: 2670.5562908780284
tot_aggregated_send: 1450
tot_msg_rcv: 145
tot_msg_sent: 442
tot_reconf_duration: 24.59
tot_sleeping_duration: 123163.06276000105
tot_uptimes: 33
tot_uptimes_duration: 1969.5019199985327
