comms_cons: 13.526835199517105
finished_reconf: true
global_termination_time: 127111.805
local_termination_time: 118906.53459999996
node_cons: 2595.6173211191594
tot_aggregated_send: 1450
tot_msg_rcv: 216
tot_msg_sent: 390
tot_reconf_duration: 18.21
tot_sleeping_duration: 125191.79892000063
tot_uptimes: 33
tot_uptimes_duration: 1920.0060799993662
