comms_cons: 13.339583999796135
finished_reconf: true
global_termination_time: 125224.276
local_termination_time: 113290.34035999997
node_cons: 2576.8416199999992
tot_aggregated_send: 1508
tot_msg_rcv: 175
tot_msg_sent: 344
tot_reconf_duration: 4.390000000000001
tot_sleeping_duration: 123304.276
tot_uptimes: 33
tot_uptimes_duration: 1920.0
