comms_cons: 213.6192063830388
finished_reconf: true
global_termination_time: 2137881.267
local_termination_time: 100312.607
node_cons: 43993.7137921413
tot_aggregated_send: 29520
tot_msg_rcv: 1029
tot_msg_sent: 1922
tot_reconf_duration: 22.65
tot_sleeping_duration: 2105048.5895600133
tot_uptimes: 548
tot_uptimes_duration: 32832.67743998635
