comms_cons: 212.79375998472239
finished_reconf: true
global_termination_time: 2139459.419
local_termination_time: 513779.64536
node_cons: 43952.57710893423
tot_aggregated_send: 29580
tot_msg_rcv: 837
tot_msg_sent: 1926
tot_reconf_duration: 4.8100000000000005
tot_sleeping_duration: 2106639.370360019
tot_uptimes: 548
tot_uptimes_duration: 32820.048639981076
