comms_cons: 211.89629438882986
finished_reconf: true
global_termination_time: 2136869.835
local_termination_time: 520107.12648000004
node_cons: 43951.97418446684
tot_aggregated_send: 30044
tot_msg_rcv: 697
tot_msg_sent: 1466
tot_reconf_duration: 4.390000000000001
tot_sleeping_duration: 2104049.8106800094
tot_uptimes: 548
tot_uptimes_duration: 32820.02431999054
