comms_cons: 208.5343231904497
finished_reconf: true
global_termination_time: 2135684.238
local_termination_time: 1157318.5589199984
node_cons: 43881.007121116476
tot_aggregated_send: 29290
tot_msg_rcv: 787
tot_msg_sent: 1619
tot_reconf_duration: 11.31
tot_sleeping_duration: 2102924.231920002
tot_uptimes: 547
tot_uptimes_duration: 32760.006079997635
