comms_cons: 12.35482239982498
finished_reconf: true
global_termination_time: 96964.616
local_termination_time: 62187.88204000015
node_cons: 1948.999861119147
tot_aggregated_send: 870
tot_msg_rcv: 548
tot_msg_sent: 459
tot_reconf_duration: 15.34
tot_sleeping_duration: 95524.60992000063
tot_uptimes: 25
tot_uptimes_duration: 1440.006079999367
