comms_cons: 11.008255999970622
finished_reconf: true
global_termination_time: 93178.356
local_termination_time: 53015.28036000001
node_cons: 1854.7783644788826
tot_aggregated_send: 638
tot_msg_rcv: 391
tot_msg_sent: 645
tot_reconf_duration: 5.1
tot_sleeping_duration: 91798.33168000083
tot_uptimes: 24
tot_uptimes_duration: 1380.0243199991673
