comms_cons: 12.059327999968986
finished_reconf: true
global_termination_time: 92953.402
local_termination_time: 39460.36136000002
node_cons: 1858.8387844788897
tot_aggregated_send: 696
tot_msg_rcv: 497
tot_msg_sent: 641
tot_reconf_duration: 8.09
tot_sleeping_duration: 91573.37768000083
tot_uptimes: 24
tot_uptimes_duration: 1380.0243199991673
