comms_cons: 12.863961599822286
finished_reconf: true
global_termination_time: 92662.036
local_termination_time: 56131.99436000001
node_cons: 1868.347521119153
tot_aggregated_send: 638
tot_msg_rcv: 633
tot_msg_sent: 684
tot_reconf_duration: 15.110000000000001
tot_sleeping_duration: 91282.02992000063
tot_uptimes: 24
tot_uptimes_duration: 1380.006079999367
