comms_cons: 11.152371199941637
finished_reconf: true
global_termination_time: 93974.727
local_termination_time: 61949.97308000003
node_cons: 1940.9605011191484
tot_aggregated_send: 928
tot_msg_rcv: 365
tot_msg_sent: 403
tot_reconf_duration: 9.42
tot_sleeping_duration: 92534.72092000063
tot_uptimes: 25
tot_uptimes_duration: 1440.0060799993662
