comms_cons: 13.227289600320315
finished_reconf: true
global_termination_time: 92702.481
local_termination_time: 56278.61836000001
node_cons: 1854.3926855997577
tot_aggregated_send: 522
tot_msg_rcv: 672
tot_msg_sent: 817
tot_reconf_duration: 4.8100000000000005
tot_sleeping_duration: 91322.45060000017
tot_uptimes: 24
tot_uptimes_duration: 1380.0303999998214
