comms_cons: 92.4515455980382
finished_reconf: true
global_termination_time: 934358.009
local_termination_time: 65230.98836000002
node_cons: 19212.246220000034
tot_aggregated_send: 13514
tot_msg_rcv: 197
tot_msg_sent: 341
tot_reconf_duration: 8.09
tot_sleeping_duration: 920018.009
tot_uptimes: 240
tot_uptimes_duration: 14340.0
