comms_cons: 93.01015039817676
finished_reconf: true
global_termination_time: 935879.195
local_termination_time: 8614.784760000004
node_cons: 19211.879560000027
tot_aggregated_send: 13166
tot_msg_rcv: 282
tot_msg_sent: 689
tot_reconf_duration: 7.819999999999999
tot_sleeping_duration: 921539.195
tot_uptimes: 240
tot_uptimes_duration: 14340.0
