comms_cons: 379.42167046371094
finished_reconf: true
global_termination_time: 3762785.432
local_termination_time: 38625.732840000215
node_cons: 77401.86695228623
tot_aggregated_send: 51620
tot_msg_rcv: 1998
tot_msg_sent: 4052
tot_reconf_duration: 25.299999999999997
tot_sleeping_duration: 3705005.365120024
tot_uptimes: 964
tot_uptimes_duration: 57780.06687997618
