comms_cons: 369.05364482828685
finished_reconf: true
global_termination_time: 3759886.955
local_termination_time: 1173923.3531999998
node_cons: 77298.10692558272
tot_aggregated_send: 52258
tot_msg_rcv: 1325
tot_msg_sent: 2511
tot_reconf_duration: 8.09
tot_sleeping_duration: 3702166.9246000117
tot_uptimes: 963
tot_uptimes_duration: 57720.030399988405
