comms_cons: 376.51901444036116
finished_reconf: true
global_termination_time: 3760023.463
local_termination_time: 1525016.8760799987
node_cons: 77299.91445814345
tot_aggregated_send: 52432
tot_msg_rcv: 1720
tot_msg_sent: 3076
tot_reconf_duration: 9.42
tot_sleeping_duration: 3702303.431560011
tot_uptimes: 963
tot_uptimes_duration: 57720.03143998911
