comms_cons: 376.93460485691816
finished_reconf: true
global_termination_time: 3760082.335
local_termination_time: 1553118.9476399992
node_cons: 77304.25596334973
tot_aggregated_send: 52432
tot_msg_rcv: 1723
tot_msg_sent: 3137
tot_reconf_duration: 12.629999999999999
tot_sleeping_duration: 3702362.3167600064
tot_uptimes: 963
tot_uptimes_duration: 57720.0182399936
