comms_cons: 379.22535042808295
finished_reconf: true
global_termination_time: 3759368.882
local_termination_time: 1264436.8934799987
node_cons: 77291.27074669949
tot_aggregated_send: 52374
tot_msg_rcv: 1837
tot_msg_sent: 3428
tot_reconf_duration: 3.05
tot_sleeping_duration: 3701648.845520014
tot_uptimes: 963
tot_uptimes_duration: 57720.03647998627
