comms_cons: 379.09621764121135
finished_reconf: true
global_termination_time: 3761467.51
local_termination_time: 1234202.1613999982
node_cons: 77378.10468893382
tot_aggregated_send: 52432
tot_msg_rcv: 1763
tot_msg_sent: 3425
tot_reconf_duration: 7.819999999999999
tot_sleeping_duration: 3703687.461360018
tot_uptimes: 964
tot_uptimes_duration: 57780.048639981775
