comms_cons: 250.9563968053794
finished_reconf: true
global_termination_time: 2525758.304
local_termination_time: 64082.58228000007
node_cons: 51903.82263999921
tot_aggregated_send: 36192
tot_msg_rcv: 677
tot_msg_sent: 1274
tot_reconf_duration: 3.08
tot_sleeping_duration: 2486998.304
tot_uptimes: 647
tot_uptimes_duration: 38760.0
