comms_cons: 250.56807039887278
finished_reconf: true
global_termination_time: 2529121.312
local_termination_time: 1159371.5543599997
node_cons: 51992.79003479769
tot_aggregated_send: 36424
tot_msg_rcv: 564
tot_msg_sent: 1096
tot_reconf_duration: 9.42
tot_sleeping_duration: 2490301.298800001
tot_uptimes: 648
tot_uptimes_duration: 38820.01319999894
