comms_cons: 249.58853119718088
finished_reconf: true
global_termination_time: 2527613.945
local_termination_time: 1729384.1863600002
node_cons: 51994.85009999947
tot_aggregated_send: 36598
tot_msg_rcv: 420
tot_msg_sent: 918
tot_reconf_duration: 10.95
tot_sleeping_duration: 2488793.945
tot_uptimes: 648
tot_uptimes_duration: 38820.0
