comms_cons: 256.7649344071797
finished_reconf: true
global_termination_time: 2527996.339
local_termination_time: 1060262.23936
node_cons: 51990.68911228511
tot_aggregated_send: 34510
tot_msg_rcv: 1493
tot_msg_sent: 3024
tot_reconf_duration: 7.819999999999999
tot_sleeping_duration: 2489176.272120026
tot_uptimes: 648
tot_uptimes_duration: 38820.066879974445
