comms_cons: 502.10534401903163
finished_reconf: true
global_termination_time: 2525062.1825999976
local_termination_time: 296.5224799999991
node_cons: 51935.62525733589
tot_aggregated_send: 0
tot_msg_rcv: 38827
tot_msg_sent: 37488
tot_reconf_duration: 11.31
tot_sleeping_duration: 2486286.778360015
tot_uptimes: 647
tot_uptimes_duration: 38775.40423998257
