comms_cons: 59.128524805438865
finished_reconf: true
global_termination_time: 278707.73588000087
local_termination_time: 278707.69476000086
node_cons: 5816.570962168361
tot_aggregated_send: 0
tot_msg_rcv: 4797
tot_msg_sent: 4190
tot_reconf_duration: 24.59
tot_sleeping_duration: 274388.70843999466
tot_uptimes: 72
tot_uptimes_duration: 4319.027440006232
