comms_cons: 54.640256004898376
finished_reconf: true
global_termination_time: 280317.178
local_termination_time: 10017.30936
node_cons: 5734.914982242866
tot_aggregated_send: 0
tot_msg_rcv: 4206
tot_msg_sent: 4099
tot_reconf_duration: 22.65
tot_sleeping_duration: 276057.1658399979
tot_uptimes: 72
tot_uptimes_duration: 4260.0121600021375
