comms_cons: 28.686739200232857
finished_reconf: true
global_termination_time: 291769.793
local_termination_time: 43977.64492000016
node_cons: 5951.121620000015
tot_aggregated_send: 4118
tot_msg_rcv: 72
tot_msg_sent: 170
tot_reconf_duration: 4.390000000000001
tot_sleeping_duration: 287329.793
tot_uptimes: 75
tot_uptimes_duration: 4440.0
