comms_cons: 28.553728000090373
finished_reconf: true
global_termination_time: 292251.283
local_termination_time: 1771.6770400000014
node_cons: 5955.779560000007
tot_aggregated_send: 4176
tot_msg_rcv: 54
tot_msg_sent: 110
tot_reconf_duration: 7.819999999999999
tot_sleeping_duration: 287811.283
tot_uptimes: 75
tot_uptimes_duration: 4440.0
