comms_cons: 85.09318400781622
finished_reconf: true
global_termination_time: 291616.147
local_termination_time: 1770.5210400000014
node_cons: 11880.160016000027
tot_aggregated_send: 0
tot_msg_rcv: 4375
tot_msg_sent: 8558
tot_reconf_duration: 6.22
tot_sleeping_duration: 282750.043
tot_uptimes: 148
tot_uptimes_duration: 8866.104000000008
