comms_cons: 126.20026878921425
finished_reconf: true
global_termination_time: 751834.175
local_termination_time: 444728.3093600001
node_cons: 15456.046841116888
tot_aggregated_send: 0
tot_msg_rcv: 9767
tot_msg_sent: 9414
tot_reconf_duration: 22.65
tot_sleeping_duration: 740314.1689200024
tot_uptimes: 193
tot_uptimes_duration: 11520.006079997635
