comms_cons: 73.6936191994106
finished_reconf: true
global_termination_time: 748624.289
local_termination_time: 510722.9773600001
node_cons: 15349.081900000087
tot_aggregated_send: 10904
tot_msg_rcv: 125
tot_msg_sent: 172
tot_reconf_duration: 3.05
tot_sleeping_duration: 737164.289
tot_uptimes: 192
tot_uptimes_duration: 11460.0
