comms_cons: 73.54229759897143
finished_reconf: true
global_termination_time: 749879.404
local_termination_time: 525728.73336
node_cons: 15435.89956000011
tot_aggregated_send: 10614
tot_msg_rcv: 119
tot_msg_sent: 445
tot_reconf_duration: 7.819999999999999
tot_sleeping_duration: 738359.404
tot_uptimes: 193
tot_uptimes_duration: 11520.0
