comms_cons: 54.93757440108048
finished_reconf: true
global_termination_time: 532292.6874799998
local_termination_time: 532292.6463599999
node_cons: 10977.999800962676
tot_aggregated_send: 7004
tot_msg_rcv: 460
tot_msg_sent: 886
tot_reconf_duration: 24.59
tot_sleeping_duration: 524118.97083999787
tot_uptimes: 137
tot_uptimes_duration: 8173.716640001978
