comms_cons: 93.39832319727238
finished_reconf: true
global_termination_time: 923094.0256399983
local_termination_time: 188814.91548000005
node_cons: 19063.323389434143
tot_aggregated_send: 12586
tot_msg_rcv: 469
tot_msg_sent: 1140
tot_reconf_duration: 18.21
tot_sleeping_duration: 908875.5086800026
tot_uptimes: 237
tot_uptimes_duration: 14218.516959995613
