comms_cons: 94.26324479402562
finished_reconf: true
global_termination_time: 927214.121
local_termination_time: 135115.1758400001
node_cons: 19051.215842238264
tot_aggregated_send: 12702
tot_msg_rcv: 584
tot_msg_sent: 1041
tot_reconf_duration: 7.819999999999999
tot_sleeping_duration: 912994.1088400014
tot_uptimes: 238
tot_uptimes_duration: 14220.012159998705
