comms_cons: 436.00617602017746
finished_reconf: true
global_termination_time: 4436665.057
local_termination_time: 1976554.3242799982
node_cons: 91274.792663349
tot_aggregated_send: 62176
tot_msg_rcv: 1330
tot_msg_sent: 2763
tot_reconf_duration: 6.279999999999999
tot_sleeping_duration: 4368505.038760006
tot_uptimes: 1137
tot_uptimes_duration: 68160.0182399936
