comms_cons: 444.66618246266506
finished_reconf: true
global_termination_time: 4434618.355119997
local_termination_time: 55747.434040000146
node_cons: 91238.41712860826
tot_aggregated_send: 61886
tot_msg_rcv: 1933
tot_msg_sent: 3765
tot_reconf_duration: 22.65
tot_sleeping_duration: 4366502.105360019
tot_uptimes: 1136
tot_uptimes_duration: 68116.24975997815
