comms_cons: 440.3461376222893
finished_reconf: true
global_termination_time: 4435557.881
local_termination_time: 790155.7543599999
node_cons: 91196.58468893322
tot_aggregated_send: 62118
tot_msg_rcv: 1638
tot_msg_sent: 3175
tot_reconf_duration: 7.819999999999999
tot_sleeping_duration: 4367457.832360018
tot_uptimes: 1136
tot_uptimes_duration: 68100.04863998177
