comms_cons: 283.99082241837516
finished_reconf: true
global_termination_time: 2809671.309
local_termination_time: 1027232.4125999998
node_cons: 57853.36080446728
tot_aggregated_send: 39150
tot_msg_rcv: 1402
tot_msg_sent: 2614
tot_reconf_duration: 6.279999999999999
tot_sleeping_duration: 2766471.2846800084
tot_uptimes: 720
tot_uptimes_duration: 43200.02431999124
