comms_cons: 285.25373441275843
finished_reconf: true
global_termination_time: 2807911.131
local_termination_time: 2248395.0124799996
node_cons: 57859.68638223256
tot_aggregated_send: 38512
tot_msg_rcv: 1601
tot_msg_sent: 3243
tot_reconf_duration: 10.95
tot_sleeping_duration: 2764711.118840005
tot_uptimes: 720
tot_uptimes_duration: 43200.0121599955
