comms_cons: 286.48728962546494
finished_reconf: true
global_termination_time: 2809190.574
local_termination_time: 1869325.023039998
node_cons: 57848.95818223301
tot_aggregated_send: 38744
tot_msg_rcv: 1782
tot_msg_sent: 3018
tot_reconf_duration: 3.05
tot_sleeping_duration: 2765990.5618400043
tot_uptimes: 720
tot_uptimes_duration: 43200.012159995735
