comms_cons: 50.47562240056577
finished_reconf: true
global_termination_time: 498602.858
local_termination_time: 114163.26435999997
node_cons: 10227.917321121453
tot_aggregated_send: 6786
tot_msg_rcv: 322
tot_msg_sent: 564
tot_reconf_duration: 18.21
tot_sleeping_duration: 490982.85191999894
tot_uptimes: 128
tot_uptimes_duration: 7620.006080001069
