comms_cons: 52.10033920122005
finished_reconf: true
global_termination_time: 498338.66716000077
local_termination_time: 498338.62604000076
node_cons: 10309.85476184595
tot_aggregated_send: 6438
tot_msg_rcv: 509
tot_msg_sent: 971
tot_reconf_duration: 24.59
tot_sleeping_duration: 490663.9385999963
tot_uptimes: 128
tot_uptimes_duration: 7674.728560004427
