comms_cons: 90.25346559931161
finished_reconf: true
global_termination_time: 896052.283
local_termination_time: 399481.5504800005
node_cons: 18432.23368223827
tot_aggregated_send: 12354
tot_msg_rcv: 458
tot_msg_sent: 906
tot_reconf_duration: 25.299999999999997
tot_sleeping_duration: 882312.2708400013
tot_uptimes: 230
tot_uptimes_duration: 13740.012159998703
