comms_cons: 89.83164799770466
finished_reconf: true
global_termination_time: 895704.874
local_termination_time: 371400.1960800002
node_cons: 18412.746382238307
tot_aggregated_send: 12064
tot_msg_rcv: 431
tot_msg_sent: 1158
tot_reconf_duration: 10.95
tot_sleeping_duration: 881964.8618400013
tot_uptimes: 230
tot_uptimes_duration: 13740.012159998703
