comms_cons: 662.6190273409962
finished_reconf: true
global_termination_time: 6653436.124
local_termination_time: 2330545.7973599997
node_cons: 136839.8842844636
tot_aggregated_send: 91930
tot_msg_rcv: 2963
tot_msg_sent: 5822
tot_reconf_duration: 15.34
tot_sleeping_duration: 6551256.099680008
tot_uptimes: 1704
tot_uptimes_duration: 102180.02431999124
