comms_cons: 660.7276289487269
finished_reconf: true
global_termination_time: 6652377.701
local_termination_time: 2653021.830199999
node_cons: 136836.93742446403
tot_aggregated_send: 92394
tot_msg_rcv: 2639
tot_msg_sent: 5394
tot_reconf_duration: 13.17
tot_sleeping_duration: 6550197.676680009
tot_uptimes: 1704
tot_uptimes_duration: 102180.02431999147
