comms_cons: 659.8004545304186
finished_reconf: true
global_termination_time: 6651927.927
local_termination_time: 3657075.4466399993
node_cons: 136823.24334558137
tot_aggregated_send: 92278
tot_msg_rcv: 2709
tot_msg_sent: 5298
tot_reconf_duration: 3.08
tot_sleeping_duration: 6549747.896600011
tot_uptimes: 1704
tot_uptimes_duration: 102180.03039998934
