comms_cons: 660.5368769165593
finished_reconf: true
global_termination_time: 6652580.736
local_termination_time: 3657116.6683599995
node_cons: 136830.06320781534
tot_aggregated_send: 92336
tot_msg_rcv: 2751
tot_msg_sent: 5311
tot_reconf_duration: 8.09
tot_sleeping_duration: 6550400.6934400145
tot_uptimes: 1704
tot_uptimes_duration: 102180.04255998507
