comms_cons: 658.0631169200173
finished_reconf: true
global_termination_time: 6653620.596
local_termination_time: 3757543.6993600004
node_cons: 136839.58008558172
tot_aggregated_send: 92568
tot_msg_rcv: 2528
tot_msg_sent: 4925
tot_reconf_duration: 15.110000000000001
tot_sleeping_duration: 6551440.565600011
tot_uptimes: 1704
tot_uptimes_duration: 102180.03039998934
