comms_cons: 649.7624192780945
finished_reconf: true
global_termination_time: 6649444.506
local_termination_time: 3927642.38
node_cons: 136772.13655830483
tot_aggregated_send: 92566
tot_msg_rcv: 1962
tot_msg_sent: 4233
tot_reconf_duration: 18.700000000000003
tot_sleeping_duration: 6547318.485120008
tot_uptimes: 1703
tot_uptimes_duration: 102126.02087999182
