comms_cons: 651.3386176673916
finished_reconf: true
global_termination_time: 6652676.963
local_termination_time: 4227879.44544
node_cons: 136833.90638223008
tot_aggregated_send: 92858
tot_msg_rcv: 2009
tot_msg_sent: 4131
tot_reconf_duration: 10.95
tot_sleeping_duration: 6550496.950840005
tot_uptimes: 1704
tot_uptimes_duration: 102180.01215999573
