comms_cons: 9.111123199737609
finished_reconf: true
global_termination_time: 106257.983
local_termination_time: 2467.22624
node_cons: 2169.374695597464
tot_aggregated_send: 0
tot_msg_rcv: 0
tot_msg_sent: 0
tot_reconf_duration: 7.3999999999999995
tot_sleeping_duration: 104637.94260000189
tot_uptimes: 28
tot_uptimes_duration: 1620.0403999981063
