comms_cons: 11.885171199743846
finished_reconf: true
global_termination_time: 106796.503
local_termination_time: 2227.5461199999995
node_cons: 2169.3983267180442
tot_aggregated_send: 0
tot_msg_rcv: 0
tot_msg_sent: 0
tot_reconf_duration: 8.92
tot_sleeping_duration: 105176.46652000146
tot_uptimes: 28
tot_uptimes_duration: 1620.03647999854
