comms_cons: 96.99138559498286
finished_reconf: true
global_termination_time: 938191.263
local_termination_time: 9928.66044
node_cons: 19287.610466721733
tot_aggregated_send: 12180
tot_msg_rcv: 813
tot_msg_sent: 1748
tot_reconf_duration: 4.390000000000001
tot_sleeping_duration: 923791.2265199987
tot_uptimes: 241
tot_uptimes_duration: 14400.036480001276
