comms_cons: 92.07590400119554
finished_reconf: true
global_termination_time: 940155.744
local_termination_time: 287851.58236
node_cons: 19290.054901121384
tot_aggregated_send: 12586
tot_msg_rcv: 482
tot_msg_sent: 927
tot_reconf_duration: 6.22
tot_sleeping_duration: 925755.7379199988
tot_uptimes: 241
tot_uptimes_duration: 14400.00608000104
