comms_cons: 41.389747200811556
finished_reconf: true
global_termination_time: 404787.0
local_termination_time: 95745.24535999997
node_cons: 8299.789885607172
tot_aggregated_send: 5452
tot_msg_rcv: 327
tot_msg_sent: 512
tot_reconf_duration: 18.21
tot_sleeping_duration: 398606.96959999466
tot_uptimes: 104
tot_uptimes_duration: 6180.030400005344
