comms_cons: 39.85679360018591
finished_reconf: true
global_termination_time: 405698.001
local_termination_time: 332212.3773200002
node_cons: 8305.778700000043
tot_aggregated_send: 5800
tot_msg_rcv: 105
tot_msg_sent: 153
tot_reconf_duration: 22.65
tot_sleeping_duration: 399518.001
tot_uptimes: 104
tot_uptimes_duration: 6180.0
