comms_cons: 41.613440001410716
finished_reconf: true
global_termination_time: 403180.723
local_termination_time: 147483.59552000085
node_cons: 8281.00604336432
tot_aggregated_send: 5046
tot_msg_rcv: 463
tot_msg_sent: 816
tot_reconf_duration: 4.390000000000001
tot_sleeping_duration: 397000.7047599968
tot_uptimes: 104
tot_uptimes_duration: 6180.018240003206
