comms_cons: 391.3464832537861
finished_reconf: true
global_termination_time: 3906931.347
local_termination_time: 24329.87208
node_cons: 80364.81059116725
tot_aggregated_send: 54578
tot_msg_rcv: 1542
tot_msg_sent: 3362
tot_reconf_duration: 18.21
tot_sleeping_duration: 3846931.2862000233
tot_uptimes: 1001
tot_uptimes_duration: 60000.060799977044
