comms_cons: 382.0547712232075
finished_reconf: true
global_termination_time: 3905341.904
local_termination_time: 2317063.2353999983
node_cons: 80364.39978006313
tot_aggregated_send: 53998
tot_msg_rcv: 1406
tot_msg_sent: 2667
tot_reconf_duration: 15.34
tot_sleeping_duration: 3845339.239280011
tot_uptimes: 1001
tot_uptimes_duration: 60002.66471998906
