comms_cons: 388.226060841315
finished_reconf: true
global_termination_time: 3902660.47
local_termination_time: 807442.3497199988
node_cons: 80265.64604334882
tot_aggregated_send: 54230
tot_msg_rcv: 1585
tot_msg_sent: 3194
tot_reconf_duration: 4.390000000000001
tot_sleeping_duration: 3842720.451760007
tot_uptimes: 1000
tot_uptimes_duration: 59940.01823999314
