comms_cons: 386.01159041038017
finished_reconf: true
global_termination_time: 3904105.622
local_termination_time: 1770167.186119998
node_cons: 80272.23117925992
tot_aggregated_send: 53476
tot_msg_rcv: 1709
tot_msg_sent: 3485
tot_reconf_duration: 7.819999999999999
tot_sleeping_duration: 3844164.164480014
tot_uptimes: 1000
tot_uptimes_duration: 59941.457519986434
