comms_cons: 357.0969024522863
finished_reconf: true
global_termination_time: 3524352.816
local_termination_time: 174210.12856000022
node_cons: 72491.51501452333
tot_aggregated_send: 48314
tot_msg_rcv: 1961
tot_msg_sent: 4002
tot_reconf_duration: 18.21
tot_sleeping_duration: 3470232.7369600264
tot_uptimes: 903
tot_uptimes_duration: 54120.07903997385
