comms_cons: 1262.478592223776
finished_reconf: true
global_termination_time: 3522902.238
local_termination_time: 1726693.73348
node_cons: 214398.51954569676
tot_aggregated_send: 0
tot_msg_rcv: 77448
tot_msg_sent: 114443
tot_reconf_duration: 5.57
tot_sleeping_duration: 3362789.500520012
tot_uptimes: 2625
tot_uptimes_duration: 160112.73747998814
