comms_cons: 347.58571519884117
finished_reconf: true
global_termination_time: 3521985.868
local_termination_time: 1685363.5608399997
node_cons: 72397.34250223212
tot_aggregated_send: 49184
tot_msg_rcv: 1271
tot_msg_sent: 2376
tot_reconf_duration: 8.09
tot_sleeping_duration: 3467925.8558400045
tot_uptimes: 902
tot_uptimes_duration: 54060.01215999527
