comms_cons: 353.77338884668757
finished_reconf: true
global_termination_time: 3525835.657
local_termination_time: 69461.68119999989
node_cons: 72481.63965228935
tot_aggregated_send: 48024
tot_msg_rcv: 1910
tot_msg_sent: 3835
tot_reconf_duration: 10.95
tot_sleeping_duration: 3471715.5901200217
tot_uptimes: 903
tot_uptimes_duration: 54120.066879978345
