comms_cons: 349.74986880555554
finished_reconf: true
global_termination_time: 3523101.906
local_termination_time: 1216437.7714799999
node_cons: 72477.36468893434
tot_aggregated_send: 48546
tot_msg_rcv: 1587
tot_msg_sent: 3023
tot_reconf_duration: 7.819999999999999
tot_sleeping_duration: 3468981.857360018
tot_uptimes: 903
tot_uptimes_duration: 54120.04863998201
