comms_cons: 347.16671361391934
finished_reconf: true
global_termination_time: 3525745.378
local_termination_time: 1441187.4828399988
node_cons: 72482.07968558352
tot_aggregated_send: 48778
tot_msg_rcv: 1437
tot_msg_sent: 2552
tot_reconf_duration: 11.31
tot_sleeping_duration: 3471625.347600011
tot_uptimes: 903
tot_uptimes_duration: 54120.03039998887
