comms_cons: 431.3973248861296
finished_reconf: true
global_termination_time: 4282158.732
local_termination_time: 70866.17235999997
node_cons: 88059.66349340645
tot_aggregated_send: 59566
tot_msg_rcv: 1991
tot_msg_sent: 4012
tot_reconf_duration: 5.1
tot_sleeping_duration: 4216398.659040023
tot_uptimes: 1097
tot_uptimes_duration: 65760.07295997668
