comms_cons: 428.6949568684734
finished_reconf: true
global_termination_time: 4282737.452
local_termination_time: 860357.7715599996
node_cons: 88087.08695228507
tot_aggregated_send: 60204
tot_msg_rcv: 1602
tot_msg_sent: 3353
tot_reconf_duration: 25.299999999999997
tot_sleeping_duration: 4216977.385120024
tot_uptimes: 1097
tot_uptimes_duration: 65760.06687997561
