comms_cons: 437.3496961145313
finished_reconf: true
global_termination_time: 4282450.675
local_termination_time: 900983.1904799998
node_cons: 88056.89591005098
tot_aggregated_send: 58116
tot_msg_rcv: 2896
tot_msg_sent: 5463
tot_reconf_duration: 3.08
tot_sleeping_duration: 4216690.62028002
tot_uptimes: 1097
tot_uptimes_duration: 65760.05471998011
