comms_cons: 429.9453952936807
finished_reconf: true
global_termination_time: 4278979.913
local_termination_time: 1597385.20436
node_cons: 87997.7271644662
tot_aggregated_send: 59624
tot_msg_rcv: 1850
tot_msg_sent: 3875
tot_reconf_duration: 18.700000000000003
tot_sleeping_duration: 4213279.888680008
tot_uptimes: 1096
tot_uptimes_duration: 65700.02431999124
