comms_cons: 429.5881728863726
finished_reconf: true
global_termination_time: 4282781.031
local_termination_time: 1457293.6983599998
node_cons: 88060.08721005094
tot_aggregated_send: 59044
tot_msg_rcv: 1913
tot_msg_sent: 4337
tot_reconf_duration: 5.43
tot_sleeping_duration: 4217020.976280021
tot_uptimes: 1097
tot_uptimes_duration: 65760.05471998011
