comms_cons: 429.2664832803685
finished_reconf: true
global_termination_time: 4280308.556
local_termination_time: 278168.5973600001
node_cons: 88073.53684893424
tot_aggregated_send: 59276
tot_msg_rcv: 1911
tot_msg_sent: 4059
tot_reconf_duration: 15.34
tot_sleeping_duration: 4214548.507360018
tot_uptimes: 1097
tot_uptimes_duration: 65760.04863998247
