comms_cons: 187.14001919448137
finished_reconf: true
global_termination_time: 1900387.672
local_termination_time: 568424.8373599999
node_cons: 39057.61952111659
tot_aggregated_send: 27550
tot_msg_rcv: 264
tot_msg_sent: 630
tot_reconf_duration: 9.11
tot_sleeping_duration: 1871227.6659200024
tot_uptimes: 487
tot_uptimes_duration: 29160.006079997635
