comms_cons: 341.26310393537193
finished_reconf: true
global_termination_time: 880106.48
local_termination_time: 385118.05760000006
node_cons: 53731.535772120376
tot_aggregated_send: 0
tot_msg_rcv: 20840
tot_msg_sent: 31030
tot_reconf_duration: 4.390000000000001
tot_sleeping_duration: 839982.824919999
tot_uptimes: 662
tot_uptimes_duration: 40123.65508000094
