comms_cons: 204.28600318671485
finished_reconf: true
global_termination_time: 2049815.9419199983
local_termination_time: 2049815.9007999983
node_cons: 42218.10959694506
tot_aggregated_send: 28916
tot_msg_rcv: 632
tot_msg_sent: 1502
tot_reconf_duration: 37.410000000000004
tot_sleeping_duration: 2018324.3012800093
tot_uptimes: 525
tot_uptimes_duration: 31491.6406399891
