comms_cons: 208.55338237811463
finished_reconf: true
global_termination_time: 2051467.808
local_termination_time: 628297.1593599999
node_cons: 42187.08522781751
tot_aggregated_send: 27898
tot_msg_rcv: 1243
tot_msg_sent: 2558
tot_reconf_duration: 6.279999999999999
tot_sleeping_duration: 2019967.7654400165
tot_uptimes: 526
tot_uptimes_duration: 31500.04255998344
