comms_cons: 202.9748991931805
finished_reconf: true
global_termination_time: 2052389.139
local_termination_time: 462179.7748000003
node_cons: 42186.064059999655
tot_aggregated_send: 29696
tot_msg_rcv: 406
tot_msg_sent: 749
tot_reconf_duration: 5.57
tot_sleeping_duration: 2020889.139
tot_uptimes: 526
tot_uptimes_duration: 31500.0
