comms_cons: 21.079756799962716
finished_reconf: true
global_termination_time: 201157.995
local_termination_time: 120556.85883999993
node_cons: 4103.3097611214325
tot_aggregated_send: 2262
tot_msg_rcv: 315
tot_msg_sent: 627
tot_reconf_duration: 4.390000000000001
tot_sleeping_duration: 198097.98891999893
tot_uptimes: 52
tot_uptimes_duration: 3060.0060800010688
