comms_cons: 131.4317759681764
finished_reconf: true
global_termination_time: 915451.3158399997
local_termination_time: 915451.2747199998
node_cons: 18989.29867484139
tot_aggregated_send: 5510
tot_msg_rcv: 6352
tot_msg_sent: 8123
tot_reconf_duration: 125.00999999999999
tot_sleeping_duration: 901396.3979200285
tot_uptimes: 235
tot_uptimes_duration: 14054.917919971153
