comms_cons: 19.514508799876513
finished_reconf: true
global_termination_time: 186480.527
local_termination_time: 68862.44979999958
node_cons: 3800.7091800000117
tot_aggregated_send: 2320
tot_msg_rcv: 253
tot_msg_sent: 392
tot_reconf_duration: 18.21
tot_sleeping_duration: 183660.527
tot_uptimes: 48
tot_uptimes_duration: 2820.0
