comms_cons: 145.8583871644241
finished_reconf: true
global_termination_time: 885886.552
local_termination_time: 678029.6374799999
node_cons: 18163.3719800001
tot_aggregated_send: 0
tot_msg_rcv: 11089
tot_msg_sent: 11079
tot_reconf_duration: 4.8100000000000005
tot_sleeping_duration: 872326.552
tot_uptimes: 227
tot_uptimes_duration: 13560.0
