comms_cons: 89.5341695999476
finished_reconf: true
global_termination_time: 889964.668
local_termination_time: 588729.8964399996
node_cons: 18247.799560000112
tot_aggregated_send: 12238
tot_msg_rcv: 528
tot_msg_sent: 842
tot_reconf_duration: 7.819999999999999
tot_sleeping_duration: 876344.668
tot_uptimes: 228
tot_uptimes_duration: 13620.0
