comms_cons: 2.3816703999963504
finished_reconf: true
global_termination_time: 15953.449
local_termination_time: 4826.11536
node_cons: 325.5426399999999
tot_aggregated_send: 0
tot_msg_rcv: 188
tot_msg_sent: 174
tot_reconf_duration: 3.08
tot_sleeping_duration: 15713.449
tot_uptimes: 5
tot_uptimes_duration: 240.0
