comms_cons: 2.6908927999937466
finished_reconf: true
global_termination_time: 16780.724
local_termination_time: 7331.003360000001
node_cons: 332.34622000000024
tot_aggregated_send: 0
tot_msg_rcv: 239
tot_msg_sent: 170
tot_reconf_duration: 8.09
tot_sleeping_duration: 16540.724
tot_uptimes: 5
tot_uptimes_duration: 240.0
