comms_cons: 2.5856255999914555
finished_reconf: true
global_termination_time: 15243.347
local_termination_time: 7489.506360000001
node_cons: 253.82050112000513
tot_aggregated_send: 0
tot_msg_rcv: 226
tot_msg_sent: 167
tot_reconf_duration: 9.42
tot_sleeping_duration: 15063.340919999995
tot_uptimes: 4
tot_uptimes_duration: 180.00608000000466
