comms_cons: 76.10881279990927
finished_reconf: true
global_termination_time: 805998.03
local_termination_time: 262884.9553600001
node_cons: 16560.659560000033
tot_aggregated_send: 11310
tot_msg_rcv: 85
tot_msg_sent: 174
tot_reconf_duration: 7.819999999999999
tot_sleeping_duration: 793638.03
tot_uptimes: 207
tot_uptimes_duration: 12360.0
