comms_cons: 79.73395200043383
finished_reconf: true
global_termination_time: 807402.891
local_termination_time: 276406.96536000003
node_cons: 16565.39898000002
tot_aggregated_send: 11020
tot_msg_rcv: 376
tot_msg_sent: 724
tot_reconf_duration: 11.31
tot_sleeping_duration: 795042.891
tot_uptimes: 207
tot_uptimes_duration: 12360.0
