comms_cons: 41.20209280075377
finished_reconf: true
global_termination_time: 399729.273
local_termination_time: 21483.668840000006
node_cons: 8225.454982242873
tot_aggregated_send: 5278
tot_msg_rcv: 361
tot_msg_sent: 624
tot_reconf_duration: 22.65
tot_sleeping_duration: 393609.26083999785
tot_uptimes: 103
tot_uptimes_duration: 6120.0121600021375
