comms_cons: 37.698816000187215
finished_reconf: true
global_termination_time: 400401.268
local_termination_time: 24802.77736
node_cons: 8205.299560000009
tot_aggregated_send: 5452
tot_msg_rcv: 108
tot_msg_sent: 170
tot_reconf_duration: 7.819999999999999
tot_sleeping_duration: 394281.268
tot_uptimes: 103
tot_uptimes_duration: 6120.0
