comms_cons: 1.750067199994218
finished_reconf: true
global_termination_time: 8338.454
local_termination_time: 5093.5639200000005
node_cons: 168.2440599999996
tot_aggregated_send: 0
tot_msg_rcv: 154
tot_msg_sent: 111
tot_reconf_duration: 5.57
tot_sleeping_duration: 8218.454
tot_uptimes: 3
tot_uptimes_duration: 120.0
