comms_cons: 241.8119167981398
finished_reconf: true
global_termination_time: 2392812.95
local_termination_time: 937997.5413599998
node_cons: 49175.03022335043
tot_aggregated_send: 33234
tot_msg_rcv: 1259
tot_msg_sent: 2261
tot_reconf_duration: 5.1
tot_sleeping_duration: 2356092.9317600066
tot_uptimes: 613
tot_uptimes_duration: 36720.01823999337
