comms_cons: 241.47105279600035
finished_reconf: true
global_termination_time: 2391077.944119997
local_termination_time: 55618.12260000002
node_cons: 49195.87626085293
tot_aggregated_send: 33292
tot_msg_rcv: 1254
tot_msg_sent: 2157
tot_reconf_duration: 5.43
tot_sleeping_duration: 2354342.6922000167
tot_uptimes: 613
tot_uptimes_duration: 36735.25191998028
