comms_cons: 82.24720640057286
finished_reconf: true
global_termination_time: 846652.496
local_termination_time: 460273.8763600001
node_cons: 17357.58190000009
tot_aggregated_send: 11832
tot_msg_rcv: 229
tot_msg_sent: 440
tot_reconf_duration: 3.05
tot_sleeping_duration: 833692.496
tot_uptimes: 217
tot_uptimes_duration: 12960.0
