comms_cons: 54.995532805238476
finished_reconf: true
global_termination_time: 300155.157
local_termination_time: 14397.476359999999
node_cons: 6114.286759999966
tot_aggregated_send: 0
tot_msg_rcv: 4185
tot_msg_sent: 4174
tot_reconf_duration: 6.22
tot_sleeping_duration: 295595.157
tot_uptimes: 77
tot_uptimes_duration: 4559.999999999971
