comms_cons: 2.113523199994494
finished_reconf: true
global_termination_time: 13273.14648
local_termination_time: 13273.10536
node_cons: 310.18202324001464
tot_aggregated_send: 0
tot_msg_rcv: 164
tot_msg_sent: 156
tot_reconf_duration: 37.410000000000004
tot_sleeping_duration: 13079.435319999988
tot_uptimes: 4
tot_uptimes_duration: 193.71116000001075
