comms_cons: 2.2698239999945926
finished_reconf: true
global_termination_time: 17501.151
local_termination_time: 5932.6372800000045
node_cons: 337.5202000000007
tot_aggregated_send: 0
tot_msg_rcv: 180
tot_msg_sent: 165
tot_reconf_duration: 11.899999999999999
tot_sleeping_duration: 17261.151
tot_uptimes: 5
tot_uptimes_duration: 240.0
