comms_cons: 2.256665599994636
finished_reconf: true
global_termination_time: 16729.496
local_termination_time: 6429.1903600000005
node_cons: 336.71898000000056
tot_aggregated_send: 0
tot_msg_rcv: 177
tot_msg_sent: 166
tot_reconf_duration: 11.31
tot_sleeping_duration: 16489.496
tot_uptimes: 5
tot_uptimes_duration: 240.0
