comms_cons: 47.07320320027912
finished_reconf: true
global_termination_time: 478335.242
local_termination_time: 199725.075
node_cons: 9808.578163202847
tot_aggregated_send: 6841
tot_msg_rcv: 82
tot_msg_sent: 231
tot_reconf_duration: 4.390000000000001
tot_sleeping_duration: 471014.3931999979
tot_uptimes: 123
tot_uptimes_duration: 7320.8488000021025
