comms_cons: 750.7552769159387
finished_reconf: true
global_termination_time: 7681257.441
local_termination_time: 3839621.394119999
node_cons: 158033.00334558013
tot_aggregated_send: 107010
tot_msg_rcv: 2448
tot_msg_sent: 4652
tot_reconf_duration: 3.08
tot_sleeping_duration: 7563237.41060001
tot_uptimes: 1968
tot_uptimes_duration: 118020.0303999891
