comms_cons: 751.2042561055615
finished_reconf: true
global_termination_time: 7681703.597
local_termination_time: 4300963.731000001
node_cons: 158051.4301851025
tot_aggregated_send: 106950
tot_msg_rcv: 2523
tot_msg_sent: 4705
tot_reconf_duration: 9.42
tot_sleeping_duration: 7563676.234920009
tot_uptimes: 1968
tot_uptimes_duration: 118027.36207999103
