comms_cons: 766.5096961695663
finished_reconf: true
global_termination_time: 7682002.196
local_termination_time: 1176402.1240399992
node_cons: 158037.31631228194
tot_aggregated_send: 105966
tot_msg_rcv: 3568
tot_msg_sent: 6971
tot_reconf_duration: 6.22
tot_sleeping_duration: 7563982.129120025
tot_uptimes: 1968
tot_uptimes_duration: 118020.06687997561
