comms_cons: 438.5902272366393
finished_reconf: true
global_termination_time: 4485774.366
local_termination_time: 2615987.1295199995
node_cons: 92237.908483349
tot_aggregated_send: 62466
tot_msg_rcv: 1408
tot_msg_sent: 2788
tot_reconf_duration: 5.57
tot_sleeping_duration: 4416894.347760007
tot_uptimes: 1149
tot_uptimes_duration: 68880.01823999337
