comms_cons: 444.9578752514262
finished_reconf: true
global_termination_time: 4485103.178
local_termination_time: 461083.01936000003
node_cons: 92236.92525005006
tot_aggregated_send: 62872
tot_msg_rcv: 1607
tot_msg_sent: 3152
tot_reconf_duration: 4.8100000000000005
tot_sleeping_duration: 4416223.123280021
tot_uptimes: 1149
tot_uptimes_duration: 68880.05471997953
