comms_cons: 191.92842238890032
finished_reconf: true
global_termination_time: 1926387.051
local_termination_time: 920134.4003599999
node_cons: 39632.36546223336
tot_aggregated_send: 26912
tot_msg_rcv: 747
tot_msg_sent: 1513
tot_reconf_duration: 18.21
tot_sleeping_duration: 1896807.0388400047
tot_uptimes: 494
tot_uptimes_duration: 29580.01215999527
