comms_cons: 84.7144063993994
finished_reconf: true
global_termination_time: 850624.267
local_termination_time: 439798.6444800001
node_cons: 17440.328262238287
tot_aggregated_send: 11948
tot_msg_rcv: 289
tot_msg_sent: 639
tot_reconf_duration: 4.8100000000000005
tot_sleeping_duration: 837604.2548400013
tot_uptimes: 218
tot_uptimes_duration: 13020.012159998703
