comms_cons: 85.3789055959746
finished_reconf: true
global_termination_time: 849514.425
local_termination_time: 543883.9675999978
node_cons: 17461.35280239692
tot_aggregated_send: 11832
tot_msg_rcv: 393
tot_msg_sent: 753
tot_reconf_duration: 11.31
tot_sleeping_duration: 836485.3034000023
tot_uptimes: 218
tot_uptimes_duration: 13029.121599997743
