comms_cons: 209.1797119920617
finished_reconf: true
global_termination_time: 2122740.46
local_termination_time: 564452.1493599999
node_cons: 43628.778182233305
tot_aggregated_send: 29696
tot_msg_rcv: 700
tot_msg_sent: 1399
tot_reconf_duration: 3.05
tot_sleeping_duration: 2090160.4478400047
tot_uptimes: 544
tot_uptimes_duration: 32580.01215999527
