comms_cons: 204.9427071945429
finished_reconf: true
global_termination_time: 2121739.379
local_termination_time: 1251054.065759999
node_cons: 43632.018363349984
tot_aggregated_send: 29754
tot_msg_rcv: 466
tot_msg_sent: 930
tot_reconf_duration: 5.43
tot_sleeping_duration: 2089159.3607600073
tot_uptimes: 544
tot_uptimes_duration: 32580.018239992904
