comms_cons: 2.631679999993742
finished_reconf: true
global_termination_time: 16538.06
local_termination_time: 5268.44136
node_cons: 328.93220112000586
tot_aggregated_send: 0
tot_msg_rcv: 228
tot_msg_sent: 172
tot_reconf_duration: 5.57
tot_sleeping_duration: 16298.053919999997
tot_uptimes: 5
tot_uptimes_duration: 240.00608000000466
