comms_cons: 2.3948287999920863
finished_reconf: true
global_termination_time: 17606.009
local_termination_time: 10261.70836
node_cons: 352.11869999999954
tot_aggregated_send: 0
tot_msg_rcv: 207
tot_msg_sent: 157
tot_reconf_duration: 22.65
tot_sleeping_duration: 17366.009
tot_uptimes: 5
tot_uptimes_duration: 240.0
