comms_cons: 2.960639999996803
finished_reconf: true
global_termination_time: 17133.256
local_termination_time: 1087.7916000000005
node_cons: 331.97955999999994
tot_aggregated_send: 0
tot_msg_rcv: 276
tot_msg_sent: 174
tot_reconf_duration: 7.819999999999999
tot_sleeping_duration: 16893.256
tot_uptimes: 5
tot_uptimes_duration: 240.0
