comms_cons: 281.9906944292463
finished_reconf: true
global_termination_time: 2808713.186
local_termination_time: 7361.849
node_cons: 57848.643071173465
tot_aggregated_send: 38798
tot_msg_rcv: 1414
tot_msg_sent: 2646
tot_reconf_duration: 2.77
tot_sleeping_duration: 2765513.1252000197
tot_uptimes: 720
tot_uptimes_duration: 43200.06079998094
