comms_cons: 113.96175359529252
finished_reconf: true
global_termination_time: 1148185.69
local_termination_time: 129644.74635999996
node_cons: 23628.496381121466
tot_aggregated_send: 16414
tot_msg_rcv: 295
tot_msg_sent: 611
tot_reconf_duration: 6.279999999999999
tot_sleeping_duration: 1130545.6839199988
tot_uptimes: 295
tot_uptimes_duration: 17640.00608000107
