comms_cons: 116.66383999333559
finished_reconf: true
global_termination_time: 1150717.23
local_termination_time: 12227.308600000002
node_cons: 23626.516403350535
tot_aggregated_send: 15370
tot_msg_rcv: 676
tot_msg_sent: 1685
tot_reconf_duration: 4.8100000000000005
tot_sleeping_duration: 1133077.211760007
tot_uptimes: 295
tot_uptimes_duration: 17640.018239992904
