comms_cons: 114.07016959791585
finished_reconf: true
global_termination_time: 1150611.603
local_termination_time: 682930.8894399995
node_cons: 23635.318979999953
tot_aggregated_send: 16414
tot_msg_rcv: 296
tot_msg_sent: 628
tot_reconf_duration: 11.31
tot_sleeping_duration: 1132971.603
tot_uptimes: 295
tot_uptimes_duration: 17640.0
