comms_cons: 667.0943687816256
finished_reconf: true
global_termination_time: 3391244.573
local_termination_time: 3569.11036
node_cons: 69742.0946467004
tot_aggregated_send: 0
tot_msg_rcv: 51038
tot_msg_sent: 50354
tot_reconf_duration: 5.1
tot_sleeping_duration: 3339164.5365200136
tot_uptimes: 869
tot_uptimes_duration: 52080.036479986506
