comms_cons: 343.70769284898466
finished_reconf: true
global_termination_time: 3394163.019
local_termination_time: 1105264.9333599997
node_cons: 69836.03636781673
tot_aggregated_send: 46690
tot_msg_rcv: 1844
tot_msg_sent: 3707
tot_reconf_duration: 15.110000000000001
tot_sleeping_duration: 3342022.9764400157
tot_uptimes: 870
tot_uptimes_duration: 52140.04255998391
