comms_cons: 345.5685184335366
finished_reconf: true
global_termination_time: 3391030.593
local_termination_time: 1977120.4893599977
node_cons: 69741.25536862045
tot_aggregated_send: 46168
tot_msg_rcv: 2176
tot_msg_sent: 4179
tot_reconf_duration: 4.390000000000001
tot_sleeping_duration: 3338950.4632400135
tot_uptimes: 869
tot_uptimes_duration: 52080.12975998665
