comms_cons: 339.53935361768004
finished_reconf: true
global_termination_time: 3392017.061
local_termination_time: 517959.06736000004
node_cons: 69743.61560670496
tot_aggregated_send: 47560
tot_msg_rcv: 1276
tot_msg_sent: 2772
tot_reconf_duration: 6.22
tot_sleeping_duration: 3339937.0245200107
tot_uptimes: 869
tot_uptimes_duration: 52080.03647998994
