comms_cons: 44.970086400200785
finished_reconf: true
global_termination_time: 450702.335
local_termination_time: 172134.47036000004
node_cons: 9263.853603364292
tot_aggregated_send: 6322
tot_msg_rcv: 179
tot_msg_sent: 334
tot_reconf_duration: 18.21
tot_sleeping_duration: 443802.3167599968
tot_uptimes: 116
tot_uptimes_duration: 6900.018240003206
