comms_cons: 45.139891200532844
finished_reconf: true
global_termination_time: 450996.578
local_termination_time: 272982.96836000006
node_cons: 9269.874982242905
tot_aggregated_send: 6322
tot_msg_rcv: 225
tot_msg_sent: 314
tot_reconf_duration: 22.65
tot_sleeping_duration: 444096.56583999784
tot_uptimes: 116
tot_uptimes_duration: 6900.0121600021375
