comms_cons: 89.34946561224707
finished_reconf: true
global_termination_time: 449241.88
local_termination_time: 1067.4570400000014
node_cons: 9247.677086727455
tot_aggregated_send: 0
tot_msg_rcv: 6908
tot_msg_sent: 6673
tot_reconf_duration: 6.279999999999999
tot_sleeping_duration: 442341.84351999447
tot_uptimes: 116
tot_uptimes_duration: 6900.036480005561
