comms_cons: 88.7504896121428
finished_reconf: true
global_termination_time: 449717.348
local_termination_time: 3236.9563600000006
node_cons: 9273.473682241734
tot_aggregated_send: 0
tot_msg_rcv: 6836
tot_msg_sent: 6652
tot_reconf_duration: 25.299999999999997
tot_sleeping_duration: 442817.3358399987
tot_uptimes: 116
tot_uptimes_duration: 6900.012160001286
