comms_cons: 45.38234880073582
finished_reconf: true
global_termination_time: 447754.022
local_termination_time: 27708.25344
node_cons: 9174.127121121439
tot_aggregated_send: 6090
tot_msg_rcv: 294
tot_msg_sent: 513
tot_reconf_duration: 11.31
tot_sleeping_duration: 440914.0159199989
tot_uptimes: 115
tot_uptimes_duration: 6840.006080001069
