comms_cons: 184.07943679359934
finished_reconf: true
global_termination_time: 1865320.865
local_termination_time: 588827.2165999988
node_cons: 38329.10579999978
tot_aggregated_send: 26854
tot_msg_rcv: 317
tot_msg_sent: 808
tot_reconf_duration: 5.1
tot_sleeping_duration: 1836700.865
tot_uptimes: 478
tot_uptimes_duration: 28620.0
