comms_cons: 188.8559359813423
finished_reconf: true
global_termination_time: 1862725.595
local_termination_time: 272073.2993600005
node_cons: 38332.89725340641
tot_aggregated_send: 25346
tot_msg_rcv: 1029
tot_msg_sent: 2330
tot_reconf_duration: 7.819999999999999
tot_sleeping_duration: 1834105.5220400249
tot_uptimes: 478
tot_uptimes_duration: 28620.07295997505
