comms_cons: 94.97733119666815
finished_reconf: true
global_termination_time: 940039.015
local_termination_time: 451335.96736000007
node_cons: 19298.7678222337
tot_aggregated_send: 12644
tot_msg_rcv: 753
tot_msg_sent: 1039
tot_reconf_duration: 12.629999999999999
tot_sleeping_duration: 925639.0028400047
tot_uptimes: 241
tot_uptimes_duration: 14400.012159995269
