comms_cons: 96.92200959710775
finished_reconf: true
global_termination_time: 938497.417
local_termination_time: 355449.4050800001
node_cons: 19307.010882238228
tot_aggregated_send: 12238
tot_msg_rcv: 955
tot_msg_sent: 1539
tot_reconf_duration: 18.700000000000003
tot_sleeping_duration: 924097.4048400013
tot_uptimes: 241
tot_uptimes_duration: 14400.012159998703
