comms_cons: 96.15563519564483
finished_reconf: true
global_termination_time: 937547.092
local_termination_time: 486443.1638800009
node_cons: 19299.781607676352
tot_aggregated_send: 12180
tot_msg_rcv: 814
tot_msg_sent: 1622
tot_reconf_duration: 10.95
tot_sleeping_duration: 923144.6188800026
tot_uptimes: 241
tot_uptimes_duration: 14402.473119997245
