comms_cons: 84.60753919835827
finished_reconf: true
global_termination_time: 847643.411
local_termination_time: 365892.23748000007
node_cons: 17464.55498223372
tot_aggregated_send: 11716
tot_msg_rcv: 402
tot_msg_sent: 741
tot_reconf_duration: 22.65
tot_sleeping_duration: 834623.3988400047
tot_uptimes: 218
tot_uptimes_duration: 13020.012159995269
