comms_cons: 84.45123840017993
finished_reconf: true
global_termination_time: 850599.33
local_termination_time: 477061.3703600001
node_cons: 17437.93818223835
tot_aggregated_send: 11310
tot_msg_rcv: 515
tot_msg_sent: 1012
tot_reconf_duration: 3.05
tot_sleeping_duration: 837579.3178400013
tot_uptimes: 218
tot_uptimes_duration: 13020.012159998703
