comms_cons: 82.89134079997694
finished_reconf: true
global_termination_time: 849406.774
local_termination_time: 551609.582639998
node_cons: 17450.09320495735
tot_aggregated_send: 12006
tot_msg_rcv: 193
tot_msg_sent: 400
tot_reconf_duration: 11.31
tot_sleeping_duration: 836386.0613600019
tot_uptimes: 218
tot_uptimes_duration: 13020.712639998063
