comms_cons: 1355.6441627881914
finished_reconf: true
global_termination_time: 4650341.179
local_termination_time: 3148674.38948
node_cons: 189852.37404606922
tot_aggregated_send: 0
tot_msg_rcv: 69064
tot_msg_sent: 136986
tot_reconf_duration: 18.21
tot_sleeping_duration: 4508572.960280002
tot_uptimes: 2340
tot_uptimes_duration: 141768.21871999692
