comms_cons: 471.42899850380826
finished_reconf: true
global_termination_time: 4648768.502319998
local_termination_time: 4648768.461199998
node_cons: 95718.94614971125
tot_aggregated_send: 63832
tot_msg_rcv: 2598
tot_msg_sent: 5223
tot_reconf_duration: 37.410000000000004
tot_sleeping_duration: 4577321.046480033
tot_uptimes: 1191
tot_uptimes_duration: 71447.45583996578
