comms_cons: 306.27255043449884
finished_reconf: true
global_termination_time: 2996773.125
local_termination_time: 1556430.2186799985
node_cons: 61628.419204653284
tot_aggregated_send: 40832
tot_msg_rcv: 2056
tot_msg_sent: 3663
tot_reconf_duration: 5.57
tot_sleeping_duration: 2950753.0688800192
tot_uptimes: 768
tot_uptimes_duration: 46020.05611998087
