comms_cons: 297.7351168171525
finished_reconf: true
global_termination_time: 2994035.411
local_termination_time: 1566094.5804399995
node_cons: 61547.36579999861
tot_aggregated_send: 42688
tot_msg_rcv: 883
tot_msg_sent: 1683
tot_reconf_duration: 5.1
tot_sleeping_duration: 2948075.411
tot_uptimes: 767
tot_uptimes_duration: 45960.0
