comms_cons: 305.16433280821593
finished_reconf: true
global_termination_time: 2997002.331
local_termination_time: 479122.22036000004
node_cons: 61627.40153228396
tot_aggregated_send: 40020
tot_msg_rcv: 2151
tot_msg_sent: 4214
tot_reconf_duration: 4.8100000000000005
tot_sleeping_duration: 2950982.2641200256
tot_uptimes: 768
tot_uptimes_duration: 46020.06687997398
