comms_cons: 295.4961664051016
finished_reconf: true
global_termination_time: 2996729.998
local_termination_time: 1620902.1540399995
node_cons: 61637.93153999897
tot_aggregated_send: 43442
tot_msg_rcv: 439
tot_msg_sent: 1033
tot_reconf_duration: 12.629999999999999
tot_sleeping_duration: 2950709.998
tot_uptimes: 768
tot_uptimes_duration: 46020.0
