comms_cons: 86.64200960893794
finished_reconf: true
global_termination_time: 411894.4114800002
local_termination_time: 2975.3846
node_cons: 8481.032962170573
tot_aggregated_send: 0
tot_msg_rcv: 7035
tot_msg_sent: 6129
tot_reconf_duration: 18.21
tot_sleeping_duration: 405579.02403999225
tot_uptimes: 106
tot_uptimes_duration: 6315.387440007893
