comms_cons: 193.73893119062248
finished_reconf: true
global_termination_time: 1978026.085
local_termination_time: 1379811.6358399985
node_cons: 40656.18189999946
tot_aggregated_send: 27898
tot_msg_rcv: 557
tot_msg_sent: 990
tot_reconf_duration: 3.05
tot_sleeping_duration: 1947666.085
tot_uptimes: 507
tot_uptimes_duration: 30360.0
