comms_cons: 11.962867200076104
finished_reconf: true
global_termination_time: 91952.02
local_termination_time: 3131.4598400000004
node_cons: 1854.368262239442
tot_aggregated_send: 638
tot_msg_rcv: 472
tot_msg_sent: 709
tot_reconf_duration: 4.8100000000000005
tot_sleeping_duration: 90572.00784000043
tot_uptimes: 24
tot_uptimes_duration: 1380.0121599995837
