comms_cons: 10.533926399914098
finished_reconf: true
global_termination_time: 91699.51195999987
local_termination_time: 35496.74536000001
node_cons: 1881.8869496781224
tot_aggregated_send: 812
tot_msg_rcv: 260
tot_msg_sent: 529
tot_reconf_duration: 7.819999999999999
tot_sleeping_duration: 90302.00084000127
tot_uptimes: 24
tot_uptimes_duration: 1397.5111199985986
