comms_cons: 71.01651199911814
finished_reconf: true
global_termination_time: 708990.198
local_termination_time: 132235.6757600009
node_cons: 14597.016108005535
tot_aggregated_send: 9454
tot_msg_rcv: 408
tot_msg_sent: 933
tot_reconf_duration: 25.299999999999997
tot_sleeping_duration: 698114.4259999959
tot_uptimes: 182
tot_uptimes_duration: 10875.7720000041
