comms_cons: 68.22035200055946
finished_reconf: true
global_termination_time: 708251.067
local_termination_time: 369300.76868000027
node_cons: 14548.08012112145
tot_aggregated_send: 9802
tot_msg_rcv: 186
tot_msg_sent: 381
tot_reconf_duration: 4.8100000000000005
tot_sleeping_duration: 697391.0609199989
tot_uptimes: 182
tot_uptimes_duration: 10860.006080001069
