comms_cons: 69.42736000055112
finished_reconf: true
global_termination_time: 710723.948
local_termination_time: 514593.44236
node_cons: 14627.841619999952
tot_aggregated_send: 10092
tot_msg_rcv: 160
tot_msg_sent: 300
tot_reconf_duration: 4.390000000000001
tot_sleeping_duration: 699803.948
tot_uptimes: 183
tot_uptimes_duration: 10919.999999999993
