comms_cons: 97.97086719879803
finished_reconf: true
global_termination_time: 1002918.067
local_termination_time: 6008.034000000001
node_cons: 20579.835062238293
tot_aggregated_send: 14664
tot_msg_rcv: 51
tot_msg_sent: 176
tot_reconf_duration: 9.41
tot_sleeping_duration: 987558.0548400014
tot_uptimes: 257
tot_uptimes_duration: 15360.012159998703
