comms_cons: 63.92280320096855
finished_reconf: true
global_termination_time: 611577.10624
local_termination_time: 64217.89648000001
node_cons: 12578.230278331517
tot_aggregated_send: 7250
tot_msg_rcv: 862
tot_msg_sent: 1604
tot_reconf_duration: 18.21
tot_sleeping_duration: 602201.8253599914
tot_uptimes: 157
tot_uptimes_duration: 9375.280880008591
