comms_cons: 60.567142400107016
finished_reconf: true
global_termination_time: 615525.179
local_termination_time: 444745.58336000005
node_cons: 12619.911980000015
tot_aggregated_send: 8874
tot_msg_rcv: 103
tot_msg_sent: 228
tot_reconf_duration: 4.8100000000000005
tot_sleeping_duration: 606105.179
tot_uptimes: 158
tot_uptimes_duration: 9420.0
