comms_cons: 444.924979228569
finished_reconf: true
global_termination_time: 4552128.273
local_termination_time: 1528754.4485599995
node_cons: 93616.94800223182
tot_aggregated_send: 63568
tot_msg_rcv: 1295
tot_msg_sent: 2763
tot_reconf_duration: 15.34
tot_sleeping_duration: 4482228.260840004
tot_uptimes: 1166
tot_uptimes_duration: 69900.01215999573
