comms_cons: 688.8167560818105
finished_reconf: true
global_termination_time: 4552232.04
local_termination_time: 1357490.15548
node_cons: 93606.72770111433
tot_aggregated_send: 0
tot_msg_rcv: 52724
tot_msg_sent: 51970
tot_reconf_duration: 7.819999999999999
tot_sleeping_duration: 4482332.033920002
tot_uptimes: 1166
tot_uptimes_duration: 69900.00607999763
