comms_cons: 1691.2463893571091
finished_reconf: true
global_termination_time: 4552232.04
local_termination_time: 1357489.6065999998
node_cons: 276167.49024185754
tot_aggregated_send: 0
tot_msg_rcv: 103952
tot_msg_sent: 153111
tot_reconf_duration: 6.22
tot_sleeping_duration: 4345989.289080013
tot_uptimes: 3387
tot_uptimes_duration: 206242.75091998698
