comms_cons: 10.22298879996457
finished_reconf: true
global_termination_time: 79415.33535999943
local_termination_time: 79415.33535999943
node_cons: 1744.958818639258
tot_aggregated_send: 522
tot_msg_rcv: 345
tot_msg_sent: 685
tot_reconf_duration: 37.410000000000004
tot_sleeping_duration: 78150.09559999997
tot_uptimes: 21
tot_uptimes_duration: 1265.239759999451
