comms_cons: 9.993804800041652
finished_reconf: true
global_termination_time: 80507.529
local_termination_time: 43356.54236000001
node_cons: 1624.7337067194653
tot_aggregated_send: 464
tot_msg_rcv: 366
tot_msg_sent: 689
tot_reconf_duration: 13.17
tot_sleeping_duration: 79307.49252000039
tot_uptimes: 21
tot_uptimes_duration: 1200.0364799996023
