comms_cons: 11.251686400199556
finished_reconf: true
global_termination_time: 80233.043
local_termination_time: 43293.91460000002
node_cons: 1619.1958033597346
tot_aggregated_send: 464
tot_msg_rcv: 552
tot_msg_sent: 695
tot_reconf_duration: 9.11
tot_sleeping_duration: 79033.0247600002
tot_uptimes: 21
tot_uptimes_duration: 1200.0182399998012
