comms_cons: 10.20828159996014
finished_reconf: true
global_termination_time: 81687.295
local_termination_time: 48632.88760000002
node_cons: 1627.3438033597347
tot_aggregated_send: 348
tot_msg_rcv: 400
tot_msg_sent: 803
tot_reconf_duration: 15.110000000000001
tot_sleeping_duration: 80487.2767600002
tot_uptimes: 21
tot_uptimes_duration: 1200.0182399998012
