comms_cons: 11.468800000124006
finished_reconf: true
global_termination_time: 82342.229
local_termination_time: 55218.94
node_cons: 1706.8078959197057
tot_aggregated_send: 459
tot_msg_rcv: 527
tot_msg_sent: 758
tot_reconf_duration: 12.629999999999999
tot_sleeping_duration: 81080.34972000023
tot_uptimes: 22
tot_uptimes_duration: 1261.8792799997755
