comms_cons: 9.50161920002449
finished_reconf: true
global_termination_time: 80342.535
local_termination_time: 50099.68336000002
node_cons: 1610.9663233597378
tot_aggregated_send: 522
tot_msg_rcv: 318
tot_msg_sent: 605
tot_reconf_duration: 3.05
tot_sleeping_duration: 79142.5167600002
tot_uptimes: 21
tot_uptimes_duration: 1200.0182399998012
