comms_cons: 10.033907199933022
finished_reconf: true
global_termination_time: 84774.182
local_termination_time: 41114.50736000001
node_cons: 1697.7595599999993
tot_aggregated_send: 696
tot_msg_rcv: 311
tot_msg_sent: 518
tot_reconf_duration: 7.819999999999999
tot_sleeping_duration: 83514.182
tot_uptimes: 22
tot_uptimes_duration: 1260.0
