comms_cons: 161.3219839953922
finished_reconf: true
global_termination_time: 1623867.478
local_termination_time: 610439.8163599999
node_cons: 33375.45740000009
tot_aggregated_send: 23258
tot_msg_rcv: 474
tot_msg_sent: 788
tot_reconf_duration: 25.299999999999997
tot_sleeping_duration: 1598967.478
tot_uptimes: 416
tot_uptimes_duration: 24900.0
