comms_cons: 51.6993536043995
finished_reconf: true
global_termination_time: 316721.001
local_termination_time: 11956.684720000001
node_cons: 6514.080121120018
tot_aggregated_send: 0
tot_msg_rcv: 3969
tot_msg_sent: 3889
tot_reconf_duration: 4.8100000000000005
tot_sleeping_duration: 311860.99491999997
tot_uptimes: 82
tot_uptimes_duration: 4860.0060800000065
