comms_cons: 70.5290240005742
finished_reconf: true
global_termination_time: 731182.012
local_termination_time: 245589.99652000086
node_cons: 15043.502175281183
tot_aggregated_send: 9686
tot_msg_rcv: 404
tot_msg_sent: 630
tot_reconf_duration: 13.17
tot_sleeping_duration: 719960.4904799992
tot_uptimes: 188
tot_uptimes_duration: 11221.521520000853
