comms_cons: 87.69415681200607
finished_reconf: true
global_termination_time: 730439.272
local_termination_time: 238409.32160000052
node_cons: 15034.232124485714
tot_aggregated_send: 0
tot_msg_rcv: 6772
tot_msg_sent: 6557
tot_reconf_duration: 7.819999999999999
tot_sleeping_duration: 719219.2476799957
tot_uptimes: 188
tot_uptimes_duration: 11220.024320004275
