comms_cons: 48.84460800031207
finished_reconf: true
global_termination_time: 497898.296
local_termination_time: 94507.43235999996
node_cons: 10220.339681121432
tot_aggregated_send: 7192
tot_msg_rcv: 68
tot_msg_sent: 163
tot_reconf_duration: 12.629999999999999
tot_sleeping_duration: 490278.2899199989
tot_uptimes: 128
tot_uptimes_duration: 7620.006080001069
