comms_cons: 107.26132479462649
finished_reconf: true
global_termination_time: 1065539.547
local_termination_time: 332995.3180800006
node_cons: 21861.04080447192
tot_aggregated_send: 14210
tot_msg_rcv: 691
tot_msg_sent: 1403
tot_reconf_duration: 6.279999999999999
tot_sleeping_duration: 1049219.522680006
tot_uptimes: 273
tot_uptimes_duration: 16320.024319993972
