comms_cons: 104.96455679868227
finished_reconf: true
global_termination_time: 1065330.555
local_termination_time: 172255.40724000096
node_cons: 21913.569624482785
tot_aggregated_send: 15312
tot_msg_rcv: 183
tot_msg_sent: 459
tot_reconf_duration: 25.299999999999997
tot_sleeping_duration: 1048990.5906799978
tot_uptimes: 273
tot_uptimes_duration: 16339.964320002036
