comms_cons: 105.11113599839393
finished_reconf: true
global_termination_time: 1060565.489
local_termination_time: 416387.93536
node_cons: 21797.5427411214
tot_aggregated_send: 15080
tot_msg_rcv: 275
tot_msg_sent: 621
tot_reconf_duration: 18.700000000000003
tot_sleeping_duration: 1044305.482919999
tot_uptimes: 272
tot_uptimes_duration: 16260.006080001069
