comms_cons: 108.0374079968616
finished_reconf: true
global_termination_time: 1063702.119
local_termination_time: 91882.38735999943
node_cons: 21867.890501994654
tot_aggregated_send: 14384
tot_msg_rcv: 638
tot_msg_sent: 1399
tot_reconf_duration: 7.819999999999999
tot_sleeping_duration: 1047378.5410000039
tot_uptimes: 273
tot_uptimes_duration: 16323.577999995978
