comms_cons: 107.17224959702493
finished_reconf: true
global_termination_time: 1062637.606
local_termination_time: 383652.709600001
node_cons: 21880.07722575187
tot_aggregated_send: 14674
tot_msg_rcv: 504
tot_msg_sent: 1111
tot_reconf_duration: 11.31
tot_sleeping_duration: 1046308.466160006
tot_uptimes: 273
tot_uptimes_duration: 16329.139839993906
