comms_cons: 43.00444160152553
finished_reconf: true
global_termination_time: 352125.64860000054
local_termination_time: 352125.60748000053
node_cons: 7314.961451609325
tot_aggregated_send: 3176
tot_msg_rcv: 1252
tot_msg_sent: 2111
tot_reconf_duration: 24.59
tot_sleeping_duration: 346687.5841999936
tot_uptimes: 91
tot_uptimes_duration: 5438.0644000069515
