comms_cons: 413.6718334479407
finished_reconf: true
global_termination_time: 1192081.716
local_termination_time: 532690.6555999997
node_cons: 72455.16812734891
tot_aggregated_send: 0
tot_msg_rcv: 25382
tot_msg_sent: 37493
tot_reconf_duration: 18.21
tot_sleeping_duration: 1137988.781760007
tot_uptimes: 887
tot_uptimes_duration: 54092.93423999293
