comms_cons: 169.49992953693592
finished_reconf: true
global_termination_time: 1192081.716
local_termination_time: 535770.80936
node_cons: 24534.474982233733
tot_aggregated_send: 0
tot_msg_rcv: 13093
tot_msg_sent: 12670
tot_reconf_duration: 22.65
tot_sleeping_duration: 1173781.7038400047
tot_uptimes: 306
tot_uptimes_duration: 18300.01215999527
