comms_cons: 170.3006463374609
finished_reconf: true
global_termination_time: 1195794.364
local_termination_time: 532676.2555999998
node_cons: 24590.612685584274
tot_aggregated_send: 0
tot_msg_rcv: 13171
tot_msg_sent: 12713
tot_reconf_duration: 4.8100000000000005
tot_sleeping_duration: 1177434.333600012
tot_uptimes: 307
tot_uptimes_duration: 18360.030399988173
