comms_cons: 117.24134399530763
finished_reconf: true
global_termination_time: 1195028.159
local_termination_time: 662133.5346399992
node_cons: 24590.00976111681
tot_aggregated_send: 16646
tot_msg_rcv: 417
tot_msg_sent: 757
tot_reconf_duration: 4.390000000000001
tot_sleeping_duration: 1176668.1529200024
tot_uptimes: 307
tot_uptimes_duration: 18360.006079997576
