comms_cons: 102.23251199746355
finished_reconf: true
global_termination_time: 1038130.521
local_termination_time: 449183.30036000005
node_cons: 21298.62823999999
tot_aggregated_send: 14848
tot_msg_rcv: 229
tot_msg_sent: 462
tot_reconf_duration: 6.279999999999999
tot_sleeping_duration: 1022230.521
tot_uptimes: 266
tot_uptimes_duration: 15900.0
