comms_cons: 104.95797759611581
finished_reconf: true
global_termination_time: 1038790.657
local_termination_time: 251717.49236000003
node_cons: 21374.62260559797
tot_aggregated_send: 14094
tot_msg_rcv: 702
tot_msg_sent: 1157
tot_reconf_duration: 3.05
tot_sleeping_duration: 1022830.6266000016
tot_uptimes: 267
tot_uptimes_duration: 15960.030399998475
