comms_cons: 107.20869119042077
finished_reconf: true
global_termination_time: 1038963.57
local_termination_time: 240347.15636000005
node_cons: 21378.91932447656
tot_aggregated_send: 13804
tot_msg_rcv: 866
tot_msg_sent: 1625
tot_reconf_duration: 6.22
tot_sleeping_duration: 1023003.5456800025
tot_uptimes: 267
tot_uptimes_duration: 15960.024319997407
