comms_cons: 249.68721919107674
finished_reconf: true
global_termination_time: 2458092.967
local_termination_time: 601600.7223599999
node_cons: 50538.04260558351
tot_aggregated_send: 33466
tot_msg_rcv: 1462
tot_msg_sent: 3023
tot_reconf_duration: 3.05
tot_sleeping_duration: 2420352.936600012
tot_uptimes: 630
tot_uptimes_duration: 37740.03039998817
