comms_cons: 247.55458558685882
finished_reconf: true
global_termination_time: 2457084.497239997
local_termination_time: 133345.91536000004
node_cons: 50569.67193717771
tot_aggregated_send: 34336
tot_msg_rcv: 1189
tot_msg_sent: 2101
tot_reconf_duration: 11.31
tot_sleeping_duration: 2419329.2224400137
tot_uptimes: 630
tot_uptimes_duration: 37755.27479998389
