comms_cons: 183.26424319178267
finished_reconf: true
global_termination_time: 1857511.548
local_termination_time: 1244333.91636
node_cons: 38195.87368223354
tot_aggregated_send: 25636
tot_msg_rcv: 722
tot_msg_sent: 1498
tot_reconf_duration: 25.299999999999997
tot_sleeping_duration: 1829011.5358400047
tot_uptimes: 476
tot_uptimes_duration: 28500.01215999527
