comms_cons: 187.20363518460795
finished_reconf: true
global_termination_time: 1857388.851
local_termination_time: 366335.98536000005
node_cons: 38168.064544467146
tot_aggregated_send: 25578
tot_msg_rcv: 901
tot_msg_sent: 1974
tot_reconf_duration: 4.8100000000000005
tot_sleeping_duration: 1828888.8266800095
tot_uptimes: 476
tot_uptimes_duration: 28500.02431999054
