comms_cons: 273.3854976254145
finished_reconf: true
global_termination_time: 2810831.159
local_termination_time: 5296.021000000001
node_cons: 57851.65786558376
tot_aggregated_send: 38913
tot_msg_rcv: 761
tot_msg_sent: 1879
tot_reconf_duration: 5.02
tot_sleeping_duration: 2767631.128600011
tot_uptimes: 720
tot_uptimes_duration: 43200.03039998864
