comms_cons: 69.6799616079888
finished_reconf: true
global_termination_time: 354199.744
local_termination_time: 1057.2940400000014
node_cons: 7255.35360336202
tot_aggregated_send: 0
tot_msg_rcv: 5379
tot_msg_sent: 5212
tot_reconf_duration: 18.21
tot_sleeping_duration: 348799.7257599985
tot_uptimes: 91
tot_uptimes_duration: 5400.018240001504
