comms_cons: 36.494822400116504
finished_reconf: true
global_termination_time: 369865.719
local_termination_time: 66057.6326399995
node_cons: 7558.893941119169
tot_aggregated_send: 5162
tot_msg_rcv: 98
tot_msg_sent: 287
tot_reconf_duration: 5.1
tot_sleeping_duration: 364225.7129200006
tot_uptimes: 95
tot_uptimes_duration: 5640.006079999366
