comms_cons: 37.76477440036881
finished_reconf: true
global_termination_time: 367192.167
local_termination_time: 36797.72848000001
node_cons: 7558.500121121437
tot_aggregated_send: 4930
tot_msg_rcv: 291
tot_msg_sent: 519
tot_reconf_duration: 4.8100000000000005
tot_sleeping_duration: 361552.16091999895
tot_uptimes: 95
tot_uptimes_duration: 5640.006080001069
