comms_cons: 161.34172158940322
finished_reconf: true
global_termination_time: 1619141.306
local_termination_time: 218086.3841600003
node_cons: 33291.55126447195
tot_aggregated_send: 22388
tot_msg_rcv: 746
tot_msg_sent: 1389
tot_reconf_duration: 22.65
tot_sleeping_duration: 1594301.281680006
tot_uptimes: 415
tot_uptimes_duration: 24840.024319993972
