comms_cons: 159.79560959581477
finished_reconf: true
global_termination_time: 1622312.008
local_termination_time: 968622.41536
node_cons: 33351.719560000114
tot_aggregated_send: 22620
tot_msg_rcv: 511
tot_msg_sent: 1157
tot_reconf_duration: 7.819999999999999
tot_sleeping_duration: 1597412.008
tot_uptimes: 416
tot_uptimes_duration: 24900.0
