comms_cons: 77.83256319927428
finished_reconf: true
global_termination_time: 786943.042
local_termination_time: 119994.75935999997
node_cons: 16156.81118335972
tot_aggregated_send: 10904
tot_msg_rcv: 311
tot_msg_sent: 616
tot_reconf_duration: 6.22
tot_sleeping_duration: 774883.0237600002
tot_uptimes: 202
tot_uptimes_duration: 12060.018239999772
