comms_cons: 81.57017599933604
finished_reconf: true
global_termination_time: 813458.5952400002
local_termination_time: 40491.27364000008
node_cons: 16778.87648496744
tot_aggregated_send: 10730
tot_msg_rcv: 570
tot_msg_sent: 1099
tot_reconf_duration: 18.21
tot_sleeping_duration: 800946.1625999946
tot_uptimes: 209
tot_uptimes_duration: 12512.432640005543
