comms_cons: 81.62155520149152
finished_reconf: true
global_termination_time: 815826.642
local_termination_time: 114214.18935999996
node_cons: 16717.284544485745
tot_aggregated_send: 10614
tot_msg_rcv: 568
tot_msg_sent: 1224
tot_reconf_duration: 4.8100000000000005
tot_sleeping_duration: 803346.6176799957
tot_uptimes: 209
tot_uptimes_duration: 12480.024320004275
