comms_cons: 124.48504319739548
finished_reconf: true
global_termination_time: 1264562.008
local_termination_time: 329124.8974000003
node_cons: 25958.34824
tot_aggregated_send: 18386
tot_msg_rcv: 192
tot_msg_sent: 343
tot_reconf_duration: 6.279999999999999
tot_sleeping_duration: 1245182.008
tot_uptimes: 324
tot_uptimes_duration: 19380.0
