comms_cons: 129.74182398794764
finished_reconf: true
global_termination_time: 1258102.12712
local_termination_time: 150505.8046000001
node_cons: 25897.75412639496
tot_aggregated_send: 16472
tot_msg_rcv: 1061
tot_msg_sent: 2187
tot_reconf_duration: 4.8100000000000005
tot_sleeping_duration: 1238765.889520004
tot_uptimes: 323
tot_uptimes_duration: 19336.23759999621
