comms_cons: 125.46488959593711
finished_reconf: true
global_termination_time: 1259386.608
local_termination_time: 167159.58036000005
node_cons: 25884.838980000037
tot_aggregated_send: 17806
tot_msg_rcv: 403
tot_msg_sent: 860
tot_reconf_duration: 11.31
tot_sleeping_duration: 1240066.608
tot_uptimes: 323
tot_uptimes_duration: 19320.0
