comms_cons: 45.612403199889556
finished_reconf: true
global_termination_time: 11766.669240000003
local_termination_time: 741.1475999999991
node_cons: 4834.4698860800445
tot_aggregated_send: 0
tot_msg_rcv: 3654
tot_msg_sent: 3275
tot_reconf_duration: 5.57
tot_sleeping_duration: 8161.810519999971
tot_uptimes: 49
tot_uptimes_duration: 3604.8587200000316
