comms_cons: 1.7303295999979238
finished_reconf: true
global_termination_time: 13047.076
local_termination_time: 5823.1633600000005
node_cons: 261.53938000000096
tot_aggregated_send: 0
tot_msg_rcv: 159
tot_msg_sent: 104
tot_reconf_duration: 15.110000000000001
tot_sleeping_duration: 12867.076
tot_uptimes: 4
tot_uptimes_duration: 180.0000000000001
