comms_cons: 2.386854399990683
finished_reconf: true
global_termination_time: 11996.598
local_termination_time: 10678.571360000002
node_cons: 258.1715400000014
tot_aggregated_send: 0
tot_msg_rcv: 198
tot_msg_sent: 165
tot_reconf_duration: 12.629999999999999
tot_sleeping_duration: 11816.598
tot_uptimes: 4
tot_uptimes_duration: 180.0
