comms_cons: 282.7542784124579
finished_reconf: true
global_termination_time: 2810267.252
local_termination_time: 1577170.61936
node_cons: 57853.36080446697
tot_aggregated_send: 39324
tot_msg_rcv: 1216
tot_msg_sent: 2437
tot_reconf_duration: 6.279999999999999
tot_sleeping_duration: 2767067.227680009
tot_uptimes: 720
tot_uptimes_duration: 43200.024319991004
