comms_cons: 289.86451842905944
finished_reconf: true
global_termination_time: 2810141.599
local_termination_time: 23926.600720000006
node_cons: 57862.76627117221
tot_aggregated_send: 37990
tot_msg_rcv: 2294
tot_msg_sent: 3774
tot_reconf_duration: 13.17
tot_sleeping_duration: 2766941.5382000203
tot_uptimes: 720
tot_uptimes_duration: 43200.06079998001
