comms_cons: 282.95034881299273
finished_reconf: true
global_termination_time: 2807814.694
local_termination_time: 1950588.62836
node_cons: 57861.99224558456
tot_aggregated_send: 39440
tot_msg_rcv: 1250
tot_msg_sent: 2317
tot_reconf_duration: 12.629999999999999
tot_sleeping_duration: 2764614.6636000113
tot_uptimes: 720
tot_uptimes_duration: 43200.030399989104
