comms_cons: 283.00807043010275
finished_reconf: true
global_termination_time: 2810103.003
local_termination_time: 2068899.811599999
node_cons: 57859.69452335066
tot_aggregated_send: 38860
tot_msg_rcv: 1261
tot_msg_sent: 2895
tot_reconf_duration: 10.95
tot_sleeping_duration: 2766902.9847600064
tot_uptimes: 720
tot_uptimes_duration: 43200.0182399936
