comms_cons: 371.85465589677653
finished_reconf: true
global_termination_time: 768490.0053599979
local_termination_time: 768490.0053599979
node_cons: 46800.24200267524
tot_aggregated_send: 0
tot_msg_rcv: 22773
tot_msg_sent: 33745
tot_reconf_duration: 24.59
tot_sleeping_duration: 733563.307240001
tot_uptimes: 575
tot_uptimes_duration: 34926.698119996836
