comms_cons: 153.0277055571628
finished_reconf: true
global_termination_time: 771196.335
local_termination_time: 1681.7033600000004
node_cons: 15857.77126447655
tot_aggregated_send: 0
tot_msg_rcv: 11843
tot_msg_sent: 11415
tot_reconf_duration: 22.65
tot_sleeping_duration: 759376.3106800026
tot_uptimes: 198
tot_uptimes_duration: 11820.024319997407
