comms_cons: 79.02196479735031
finished_reconf: true
global_termination_time: 770716.577
local_termination_time: 387109.27096000017
node_cons: 15833.544544471948
tot_aggregated_send: 10208
tot_msg_rcv: 578
tot_msg_sent: 1226
tot_reconf_duration: 4.8100000000000005
tot_sleeping_duration: 758896.5526800061
tot_uptimes: 198
tot_uptimes_duration: 11820.024319993972
