comms_cons: 77.79994879716557
finished_reconf: true
global_termination_time: 768490.26336
local_termination_time: 77255.43727999953
node_cons: 15777.735012390518
tot_aggregated_send: 10382
tot_msg_rcv: 453
tot_msg_sent: 991
tot_reconf_duration: 7.819999999999999
tot_sleeping_duration: 756714.9717600071
tot_uptimes: 197
tot_uptimes_duration: 11775.291599992895
