comms_cons: 158.02483194959663
finished_reconf: true
global_termination_time: 811918.746
local_termination_time: 1282.4290400000014
node_cons: 16655.109180000025
tot_aggregated_send: 0
tot_msg_rcv: 12026
tot_msg_sent: 11992
tot_reconf_duration: 18.21
tot_sleeping_duration: 799498.746
tot_uptimes: 208
tot_uptimes_duration: 12420.0
