comms_cons: 85.68725759567924
finished_reconf: true
global_termination_time: 836785.886
local_termination_time: 44251.46452000008
node_cons: 17200.389188948477
tot_aggregated_send: 11136
tot_msg_rcv: 601
tot_msg_sent: 1285
tot_reconf_duration: 5.57
tot_sleeping_duration: 823945.8373600087
tot_uptimes: 215
tot_uptimes_duration: 12840.048639991379
