comms_cons: 82.59527679878153
finished_reconf: true
global_termination_time: 836357.678
local_termination_time: 735763.0627199998
node_cons: 17208.920200000055
tot_aggregated_send: 12064
tot_msg_rcv: 152
tot_msg_sent: 337
tot_reconf_duration: 11.899999999999999
tot_sleeping_duration: 823517.678
tot_uptimes: 215
tot_uptimes_duration: 12840.0
