comms_cons: 86.81622399854473
finished_reconf: true
global_termination_time: 836721.609
local_termination_time: 317757.43236000004
node_cons: 17198.754184481088
tot_aggregated_send: 10846
tot_msg_rcv: 783
tot_msg_sent: 1566
tot_reconf_duration: 4.390000000000001
tot_sleeping_duration: 823881.5846799993
tot_uptimes: 215
tot_uptimes_duration: 12840.02432000084
