comms_cons: 255.93866879148868
finished_reconf: true
global_termination_time: 2635060.171
local_termination_time: 1619689.5897999986
node_cons: 54164.5189799992
tot_aggregated_send: 37526
tot_msg_rcv: 403
tot_msg_sent: 972
tot_reconf_duration: 11.31
tot_sleeping_duration: 2594620.171
tot_uptimes: 675
tot_uptimes_duration: 40440.0
