comms_cons: 291.72893443330355
finished_reconf: true
global_termination_time: 2884276.498
local_termination_time: 1050679.0093199986
node_cons: 59322.35966182754
tot_aggregated_send: 39846
tot_msg_rcv: 1553
tot_msg_sent: 2943
tot_reconf_duration: 22.65
tot_sleeping_duration: 2839995.9894400085
tot_uptimes: 739
tot_uptimes_duration: 44280.508559991606
