comms_cons: 1397.7461128268917
finished_reconf: true
global_termination_time: 2883976.52136
local_termination_time: 2883976.48024
node_cons: 175707.37494633254
tot_aggregated_send: 0
tot_msg_rcv: 85670
tot_msg_sent: 126776
tot_reconf_duration: 24.59
tot_sleeping_duration: 2752778.626120016
tot_uptimes: 2160
tot_uptimes_duration: 131197.89523998415
