comms_cons: 289.25938560930007
finished_reconf: true
global_termination_time: 2887723.554
local_termination_time: 71815.18015999954
node_cons: 59378.68278670513
tot_aggregated_send: 40310
tot_msg_rcv: 1211
tot_msg_sent: 2443
tot_reconf_duration: 5.43
tot_sleeping_duration: 2843383.5175200105
tot_uptimes: 740
tot_uptimes_duration: 44340.03647998971
