comms_cons: 80.62872319920041
finished_reconf: true
global_termination_time: 818672.43
local_termination_time: 125296.706
node_cons: 16798.096562079223
tot_aggregated_send: 11828
tot_msg_rcv: 138
tot_msg_sent: 290
tot_reconf_duration: 5.1
tot_sleeping_duration: 806132.3472800006
tot_uptimes: 210
tot_uptimes_duration: 12540.082719999395
