comms_cons: 162.0890815461352
finished_reconf: true
global_termination_time: 816849.5767199999
local_termination_time: 2161.8353600000005
node_cons: 16843.820183910302
tot_aggregated_send: 0
tot_msg_rcv: 12516
tot_msg_sent: 12117
tot_reconf_duration: 22.65
tot_sleeping_duration: 804293.1454400071
tot_uptimes: 210
tot_uptimes_duration: 12556.431279992743
