comms_cons: 53.18087679968161
finished_reconf: true
global_termination_time: 528727.3125999998
local_termination_time: 528727.2714799999
node_cons: 10897.731142881767
tot_aggregated_send: 7352
tot_msg_rcv: 253
tot_msg_sent: 477
tot_reconf_duration: 24.59
tot_sleeping_duration: 520613.5426799985
tot_uptimes: 136
tot_uptimes_duration: 8113.769920001299
