comms_cons: 53.96917760119716
finished_reconf: true
global_termination_time: 528727.7135199993
local_termination_time: 177054.42536000005
node_cons: 10912.373415521854
tot_aggregated_send: 7134
tot_msg_rcv: 360
tot_msg_sent: 708
tot_reconf_duration: 18.21
tot_sleeping_duration: 520596.5378399979
tot_uptimes: 136
tot_uptimes_duration: 8131.175680001383
