comms_cons: 53.541529600851234
finished_reconf: true
global_termination_time: 532953.254
local_termination_time: 396540.5700400008
node_cons: 10932.780121121443
tot_aggregated_send: 7424
tot_msg_rcv: 250
tot_msg_sent: 464
tot_reconf_duration: 4.8100000000000005
tot_sleeping_duration: 524793.2479199988
tot_uptimes: 137
tot_uptimes_duration: 8160.006080001069
