comms_cons: 52.88360960063075
finished_reconf: true
global_termination_time: 533145.208
local_termination_time: 433829.8033600001
node_cons: 10930.381900000079
tot_aggregated_send: 7598
tot_msg_rcv: 152
tot_msg_sent: 288
tot_reconf_duration: 3.05
tot_sleeping_duration: 524985.208
tot_uptimes: 137
tot_uptimes_duration: 8160.0
