comms_cons: 52.62702080041253
finished_reconf: true
global_termination_time: 532796.534
local_termination_time: 412409.2846400004
node_cons: 10934.686759999975
tot_aggregated_send: 7656
tot_msg_rcv: 116
tot_msg_sent: 227
tot_reconf_duration: 6.22
tot_sleeping_duration: 524636.534
tot_uptimes: 137
tot_uptimes_duration: 8160.0
