comms_cons: 110.87925759724816
finished_reconf: true
global_termination_time: 1126277.541
local_termination_time: 278886.7628800009
node_cons: 23167.925155442736
tot_aggregated_send: 16182
tot_msg_rcv: 157
tot_msg_sent: 514
tot_reconf_duration: 15.34
tot_sleeping_duration: 1108990.6900399982
tot_uptimes: 289
tot_uptimes_duration: 17286.85096000199
