comms_cons: 116.51105279366328
finished_reconf: true
global_termination_time: 1125516.585
local_termination_time: 238886.3477200001
node_cons: 23142.08632336431
tot_aggregated_send: 14906
tot_msg_rcv: 998
tot_msg_sent: 1804
tot_reconf_duration: 3.05
tot_sleeping_duration: 1108236.5667599966
tot_uptimes: 289
tot_uptimes_duration: 17280.018240003206
