comms_cons: 10.066176000037169
finished_reconf: true
global_termination_time: 103401.884
local_termination_time: 41134.62248000001
node_cons: 2099.459559999999
tot_aggregated_send: 1392
tot_msg_rcv: 29
tot_msg_sent: 109
tot_reconf_duration: 7.819999999999999
tot_sleeping_duration: 101841.884
tot_uptimes: 27
tot_uptimes_duration: 1560.0
