comms_cons: 60.755430404690244
finished_reconf: true
global_termination_time: 253946.50736000095
local_termination_time: 253946.50736000095
node_cons: 5358.981519774447
tot_aggregated_send: 0
tot_msg_rcv: 5360
tot_msg_sent: 3874
tot_reconf_duration: 37.410000000000004
tot_sleeping_duration: 249982.22151999018
tot_uptimes: 66
tot_uptimes_duration: 3964.28584001078
