comms_cons: 89.35379839782493
finished_reconf: true
global_termination_time: 881868.7171200005
local_termination_time: 149359.03032000066
node_cons: 18164.81725304039
tot_aggregated_send: 12064
tot_msg_rcv: 585
tot_msg_sent: 931
tot_reconf_duration: 6.22
tot_sleeping_duration: 868309.0677600002
tot_uptimes: 226
tot_uptimes_duration: 13559.649360000272
