comms_cons: 1642.0667571325707
finished_reconf: true
global_termination_time: 8333369.624599998
local_termination_time: 2074.2144800000024
node_cons: 171490.89917509732
tot_aggregated_send: 0
tot_msg_rcv: 125806
tot_msg_sent: 123772
tot_reconf_duration: 18.21
tot_sleeping_duration: 8205314.23252001
tot_uptimes: 2135
tot_uptimes_duration: 128055.3920799875
