comms_cons: 819.3155201394593
finished_reconf: true
global_termination_time: 8334824.278
local_termination_time: 1942388.544599999
node_cons: 171466.4649900475
tot_aggregated_send: 115942
tot_msg_rcv: 2835
tot_msg_sent: 5754
tot_reconf_duration: 15.34
tot_sleeping_duration: 8206784.22328002
tot_uptimes: 2135
tot_uptimes_duration: 128040.05471998011
