comms_cons: 815.9430145412766
finished_reconf: true
global_termination_time: 8333439.557
local_termination_time: 4341962.881
node_cons: 171457.63573749966
tot_aggregated_send: 116229
tot_msg_rcv: 2734
tot_msg_sent: 5054
tot_reconf_duration: 8.09
tot_sleeping_duration: 8205398.743320011
tot_uptimes: 2135
tot_uptimes_duration: 128040.81367998943
