comms_cons: 824.7022721759785
finished_reconf: true
global_termination_time: 8333561.327
local_termination_time: 721534.787239999
node_cons: 171456.2446889307
tot_aggregated_send: 115478
tot_msg_rcv: 3238
tot_msg_sent: 6631
tot_reconf_duration: 7.819999999999999
tot_sleeping_duration: 8205521.278360017
tot_uptimes: 2135
tot_uptimes_duration: 128040.04863998247
