comms_cons: 152.48016638992888
finished_reconf: true
global_termination_time: 1544906.875
local_termination_time: 498417.8683600001
node_cons: 31740.84826223387
tot_aggregated_send: 21286
tot_msg_rcv: 574
tot_msg_sent: 1316
tot_reconf_duration: 4.8100000000000005
tot_sleeping_duration: 1521206.8628400047
tot_uptimes: 396
tot_uptimes_duration: 23700.012159995385
