comms_cons: 217.28555508045565
finished_reconf: true
global_termination_time: 1097614.838
local_termination_time: 689.6735999999999
node_cons: 22600.2854622337
tot_aggregated_send: 0
tot_msg_rcv: 16731
tot_msg_sent: 16296
tot_reconf_duration: 18.21
tot_sleeping_duration: 1080754.8258400047
tot_uptimes: 282
tot_uptimes_duration: 16860.01215999527
