comms_cons: 112.56375039381118
finished_reconf: true
global_termination_time: 1097831.282
local_termination_time: 711.2085999999999
node_cons: 22596.469413440886
tot_aggregated_send: 14558
tot_msg_rcv: 810
tot_msg_sent: 1740
tot_reconf_duration: 15.34
tot_sleeping_duration: 1080971.2090399992
tot_uptimes: 282
tot_uptimes_duration: 16860.072960000638
