comms_cons: 108.68613119205293
finished_reconf: true
global_termination_time: 1095754.055
local_termination_time: 539110.43236
node_cons: 22508.008642238354
tot_aggregated_send: 15022
tot_msg_rcv: 533
tot_msg_sent: 964
tot_reconf_duration: 9.42
tot_sleeping_duration: 1078954.0428400012
tot_uptimes: 281
tot_uptimes_duration: 16800.012159998703
