comms_cons: 110.7351423881583
finished_reconf: true
global_termination_time: 1095589.298
local_termination_time: 327192.663
node_cons: 22517.70721862551
tot_aggregated_send: 14205
tot_msg_rcv: 964
tot_msg_sent: 1662
tot_reconf_duration: 12.629999999999999
tot_sleeping_duration: 1078785.2982400109
tot_uptimes: 281
tot_uptimes_duration: 16803.99975998915
