comms_cons: 218.67423987851993
finished_reconf: true
global_termination_time: 1095023.6757199988
local_termination_time: 674.5544799999991
node_cons: 22556.521163433597
tot_aggregated_send: 0
tot_msg_rcv: 16947
tot_msg_sent: 16288
tot_reconf_duration: 3.05
tot_sleeping_duration: 1078180.9727600035
tot_uptimes: 281
tot_uptimes_duration: 16842.702959995193
