comms_cons: 113.72858238624637
finished_reconf: true
global_termination_time: 1099842.057
local_termination_time: 265685.7568800004
node_cons: 22584.035606700993
tot_aggregated_send: 14152
tot_msg_rcv: 1151
tot_msg_sent: 1983
tot_reconf_duration: 6.22
tot_sleeping_duration: 1082982.0205200142
tot_uptimes: 282
tot_uptimes_duration: 16860.036479985807
