comms_cons: 88.20138239647768
finished_reconf: true
global_termination_time: 854373.485
local_termination_time: 600402.3395999998
node_cons: 17520.089761116877
tot_aggregated_send: 11252
tot_msg_rcv: 763
tot_msg_sent: 1391
tot_reconf_duration: 4.390000000000001
tot_sleeping_duration: 841293.4789200024
tot_uptimes: 219
tot_uptimes_duration: 13080.006079997635
