comms_cons: 168.68645753748544
finished_reconf: true
global_termination_time: 853186.2915999999
local_termination_time: 1065.4483600000003
node_cons: 17538.86375399784
tot_aggregated_send: 0
tot_msg_rcv: 12975
tot_msg_sent: 12661
tot_reconf_duration: 3.05
tot_sleeping_duration: 840090.9056000015
tot_uptimes: 219
tot_uptimes_duration: 13095.385999998369
