comms_cons: 90.37609599110867
finished_reconf: true
global_termination_time: 856268.988
local_termination_time: 113985.37259999996
node_cons: 17605.152830079114
tot_aggregated_send: 10614
tot_msg_rcv: 1096
tot_msg_sent: 2025
tot_reconf_duration: 7.819999999999999
tot_sleeping_duration: 843128.9332800007
tot_uptimes: 220
tot_uptimes_duration: 13140.054719999316
