comms_cons: 85.78618879682514
finished_reconf: true
global_termination_time: 858234.128
local_termination_time: 250112.57336000004
node_cons: 17609.86782671481
tot_aggregated_send: 11310
tot_msg_rcv: 507
tot_msg_sent: 1222
tot_reconf_duration: 11.31
tot_sleeping_duration: 845094.091520004
tot_uptimes: 220
tot_uptimes_duration: 13140.03647999611
