comms_cons: 34.76449279999932
finished_reconf: true
global_termination_time: 340986.234
local_termination_time: 203935.97236000004
node_cons: 7000.574361121434
tot_aggregated_send: 4582
tot_msg_rcv: 245
tot_msg_sent: 457
tot_reconf_duration: 8.09
tot_sleeping_duration: 335766.2279199989
tot_uptimes: 88
tot_uptimes_duration: 5220.006080001069
