comms_cons: 72.79491840437571
finished_reconf: true
global_termination_time: 703399.18824
local_termination_time: 18594.767120000004
node_cons: 14520.99941107357
tot_aggregated_send: 4118
tot_msg_rcv: 2691
tot_msg_sent: 4261
tot_reconf_duration: 18.21
tot_sleeping_duration: 692572.996879975
tot_uptimes: 181
tot_uptimes_duration: 10826.191360025063
