comms_cons: 68.7072128004339
finished_reconf: true
global_termination_time: 707753.37
local_termination_time: 197779.72936000006
node_cons: 14556.907121121449
tot_aggregated_send: 9454
tot_msg_rcv: 369
tot_msg_sent: 620
tot_reconf_duration: 11.31
tot_sleeping_duration: 696893.363919999
tot_uptimes: 182
tot_uptimes_duration: 10860.006080001069
