comms_cons: 164.34769919162142
finished_reconf: true
global_termination_time: 1648809.304
local_termination_time: 834176.7557999993
node_cons: 33910.40579999997
tot_aggregated_send: 23548
tot_msg_rcv: 507
tot_msg_sent: 924
tot_reconf_duration: 5.1
tot_sleeping_duration: 1623489.304
tot_uptimes: 423
tot_uptimes_duration: 25320.0
