comms_cons: 120.5528639957874
finished_reconf: true
global_termination_time: 1205291.0132400002
local_termination_time: 95154.49647999997
node_cons: 24829.072600481893
tot_aggregated_send: 16762
tot_msg_rcv: 565
tot_msg_sent: 995
tot_reconf_duration: 18.21
tot_sleeping_duration: 1186766.484919999
tot_uptimes: 309
tot_uptimes_duration: 18524.52832000138
