comms_cons: 120.3779263988539
finished_reconf: true
global_termination_time: 1209759.777
local_termination_time: 805540.3893599999
node_cons: 24829.2019000001
tot_aggregated_send: 16936
tot_msg_rcv: 425
tot_msg_sent: 935
tot_reconf_duration: 3.05
tot_sleeping_duration: 1191219.777
tot_uptimes: 310
tot_uptimes_duration: 18540.0
