comms_cons: 34.9690752004827
finished_reconf: true
global_termination_time: 164686.09184000106
local_termination_time: 164686.09184000106
node_cons: 3499.3119162422886
tot_aggregated_send: 0
tot_msg_rcv: 2816
tot_msg_sent: 2499
tot_reconf_duration: 24.59
tot_sleeping_duration: 162097.65367999935
tot_uptimes: 43
tot_uptimes_duration: 2588.4381600016986
