comms_cons: 17.05377919978656
finished_reconf: true
global_termination_time: 164686.56236000016
local_termination_time: 74619.72935999997
node_cons: 3403.1777890402263
tot_aggregated_send: 2262
tot_msg_rcv: 156
tot_msg_sent: 174
tot_reconf_duration: 6.22
tot_sleeping_duration: 162151.289
tot_uptimes: 43
tot_uptimes_duration: 2535.2733600001666
