comms_cons: 23.553536000306543
finished_reconf: true
global_termination_time: 237570.586
local_termination_time: 182071.05236000006
node_cons: 4845.137321121424
tot_aggregated_send: 3248
tot_msg_rcv: 116
tot_msg_sent: 216
tot_reconf_duration: 18.21
tot_sleeping_duration: 233970.57991999894
tot_uptimes: 61
tot_uptimes_duration: 3600.0060800010688
