comms_cons: 272.6946816173046
finished_reconf: true
global_termination_time: 2730420.749
local_termination_time: 4194.790999999999
node_cons: 56187.14214559589
tot_aggregated_send: 38027
tot_msg_rcv: 1273
tot_msg_sent: 2148
tot_reconf_duration: 21.68
tot_sleeping_duration: 2688480.718600002
tot_uptimes: 700
tot_uptimes_duration: 41940.030399997646
