comms_cons: 34.03482880016334
finished_reconf: true
global_termination_time: 333454.383
local_termination_time: 107125.09435999996
node_cons: 6863.265541119143
tot_aggregated_send: 4350
tot_msg_rcv: 266
tot_msg_sent: 557
tot_reconf_duration: 25.299999999999997
tot_sleeping_duration: 328354.3769200006
tot_uptimes: 86
tot_uptimes_duration: 5100.006079999366
