comms_cons: 66.31094400734901
finished_reconf: true
global_termination_time: 331360.797
local_termination_time: 7476.362360000001
node_cons: 6779.334982241445
tot_aggregated_send: 0
tot_msg_rcv: 5224
tot_msg_sent: 4854
tot_reconf_duration: 22.65
tot_sleeping_duration: 326320.78483999893
tot_uptimes: 85
tot_uptimes_duration: 5040.012160001073
