comms_cons: 50.951302400137564
finished_reconf: true
global_termination_time: 517084.329
local_termination_time: 30349.029
node_cons: 10635.667408160021
tot_aggregated_send: 7480
tot_msg_rcv: 110
tot_msg_sent: 155
tot_reconf_duration: 22.65
tot_sleeping_duration: 509164.30756000004
tot_uptimes: 133
tot_uptimes_duration: 7920.021440000004
