comms_cons: 108.23441919118022
finished_reconf: true
global_termination_time: 1047760.383
local_termination_time: 357018.8891200005
node_cons: 21539.705227822415
tot_aggregated_send: 13804
tot_msg_rcv: 901
tot_msg_sent: 1746
tot_reconf_duration: 6.279999999999999
tot_sleeping_duration: 1031680.3404400131
tot_uptimes: 269
tot_uptimes_duration: 16080.042559986876
