comms_cons: 206.00414069259844
finished_reconf: true
global_termination_time: 1045643.088
local_termination_time: 316.80147999999906
node_cons: 21481.587546710223
tot_aggregated_send: 0
tot_msg_rcv: 15827
tot_msg_sent: 15483
tot_reconf_duration: 22.65
tot_sleeping_duration: 1029623.0515200073
tot_uptimes: 268
tot_uptimes_duration: 16020.036479992676
