comms_cons: 103.80003839845163
finished_reconf: true
global_termination_time: 1047446.647
local_termination_time: 411234.8453600001
node_cons: 21545.99010000005
tot_aggregated_send: 15080
tot_msg_rcv: 243
tot_msg_sent: 454
tot_reconf_duration: 10.95
tot_sleeping_duration: 1031366.647
tot_uptimes: 269
tot_uptimes_duration: 16080.0
