comms_cons: 106.32547839476814
finished_reconf: true
global_termination_time: 1049458.937
local_termination_time: 463236.07136000006
node_cons: 21538.534645593383
tot_aggregated_send: 14094
tot_msg_rcv: 612
tot_msg_sent: 1455
tot_reconf_duration: 5.43
tot_sleeping_duration: 1033378.9066000049
tot_uptimes: 269
tot_uptimes_duration: 16080.030399995041
