comms_cons: 254.98410238560172
finished_reconf: true
global_termination_time: 2566405.603
local_termination_time: 190974.55736000006
node_cons: 52789.93640335435
tot_aggregated_send: 35612
tot_msg_rcv: 1034
tot_msg_sent: 2111
tot_reconf_duration: 4.8100000000000005
tot_sleeping_duration: 2526985.5847600037
tot_uptimes: 658
tot_uptimes_duration: 39420.018239996396
