comms_cons: 249.85169919217432
finished_reconf: true
global_termination_time: 2567414.47
local_termination_time: 1452191.175519999
node_cons: 52787.53004111576
tot_aggregated_send: 35844
tot_msg_rcv: 714
tot_msg_sent: 1418
tot_reconf_duration: 3.05
tot_sleeping_duration: 2527994.463920003
tot_uptimes: 658
tot_uptimes_duration: 39420.006079997635
