comms_cons: 251.57544959735776
finished_reconf: true
global_termination_time: 2568496.499
local_termination_time: 1652372.2043599999
node_cons: 52798.73897999926
tot_aggregated_send: 37294
tot_msg_rcv: 299
tot_msg_sent: 645
tot_reconf_duration: 11.31
tot_sleeping_duration: 2529076.499
tot_uptimes: 658
tot_uptimes_duration: 39420.0
