comms_cons: 14.210099199923484
finished_reconf: true
global_termination_time: 140079.083
local_termination_time: 10251.91848
node_cons: 2822.5195600000015
tot_aggregated_send: 1740
tot_msg_rcv: 136
tot_msg_sent: 283
tot_reconf_duration: 7.819999999999999
tot_sleeping_duration: 137979.083
tot_uptimes: 36
tot_uptimes_duration: 2100.0
