comms_cons: 20.97205120004506
finished_reconf: true
global_termination_time: 213970.861
local_termination_time: 21494.830560000002
node_cons: 4369.118700000005
tot_aggregated_send: 3016
tot_msg_rcv: 76
tot_msg_sent: 95
tot_reconf_duration: 22.65
tot_sleeping_duration: 210730.861
tot_uptimes: 55
tot_uptimes_duration: 3240.0
