comms_cons: 21.35608320012549
finished_reconf: true
global_termination_time: 216758.552
local_termination_time: 37095.57504000007
node_cons: 4422.841900000007
tot_aggregated_send: 3074
tot_msg_rcv: 58
tot_msg_sent: 114
tot_reconf_duration: 3.05
tot_sleeping_duration: 213458.552
tot_uptimes: 56
tot_uptimes_duration: 3300.0
