comms_cons: 20.9104384001638
finished_reconf: true
global_termination_time: 214411.427
local_termination_time: 162697.3799200003
node_cons: 4345.733939999993
tot_aggregated_send: 3016
tot_msg_rcv: 50
tot_msg_sent: 111
tot_reconf_duration: 5.43
tot_sleeping_duration: 211171.427
tot_uptimes: 55
tot_uptimes_duration: 3240.0
