comms_cons: 84.39490559748852
finished_reconf: true
global_termination_time: 858755.439
local_termination_time: 4764.705
node_cons: 17623.909581121457
tot_aggregated_send: 11985
tot_msg_rcv: 349
tot_msg_sent: 493
tot_reconf_duration: 21.68
tot_sleeping_duration: 845615.4329199989
tot_uptimes: 220
tot_uptimes_duration: 13140.006080001069
