comms_cons: 86.99676159617881
finished_reconf: true
global_termination_time: 862093.164
local_termination_time: 1135.7581200000002
node_cons: 17707.348488957676
tot_aggregated_send: 11310
tot_msg_rcv: 657
tot_msg_sent: 1256
tot_reconf_duration: 23.919999999999998
tot_sleeping_duration: 848893.1153600017
tot_uptimes: 221
tot_uptimes_duration: 13200.048639998247
