comms_cons: 87.81258240004118
finished_reconf: true
global_termination_time: 887550.536
local_termination_time: 486174.45736000006
node_cons: 18252.538980000023
tot_aggregated_send: 12818
tot_msg_rcv: 191
tot_msg_sent: 338
tot_reconf_duration: 11.31
tot_sleeping_duration: 873930.536
tot_uptimes: 228
tot_uptimes_duration: 13620.0
