comms_cons: 115.59032959327048
finished_reconf: true
global_termination_time: 1133324.1267599992
local_termination_time: 59568.42
node_cons: 23400.806347436606
tot_aggregated_send: 15310
tot_msg_rcv: 719
tot_msg_sent: 1538
tot_reconf_duration: 22.65
tot_sleeping_duration: 1115870.767800002
tot_uptimes: 291
tot_uptimes_duration: 17453.358959997444
