comms_cons: 279.61600000458725
finished_reconf: false
global_termination_time: 2810820.314
local_termination_time: 0
node_cons: 57844.799999998984
tot_aggregated_send: 40484
tot_msg_rcv: 740
tot_msg_sent: 1276
tot_reconf_duration: 0
tot_sleeping_duration: 2767620.314
tot_uptimes: 720
tot_uptimes_duration: 43200.000000000015
