comms_cons: 282.14142722605584
finished_reconf: true
global_termination_time: 2809268.306
local_termination_time: 671259.684
node_cons: 57881.257912460984
tot_aggregated_send: 39612
tot_msg_rcv: 1134
tot_msg_sent: 2137
tot_reconf_duration: 22.65
tot_sleeping_duration: 2766064.049680013
tot_uptimes: 720
tot_uptimes_duration: 43204.25631998654
