comms_cons: 111.76275199013755
finished_reconf: true
global_termination_time: 1103382.3595199992
local_termination_time: 1103382.3183999993
node_cons: 22751.53508178381
tot_aggregated_send: 14732
tot_msg_rcv: 659
tot_msg_sent: 1596
tot_reconf_duration: 55.78
tot_sleeping_duration: 1086447.4933200115
tot_uptimes: 283
tot_uptimes_duration: 16934.86619998788
