comms_cons: 110.41882239212622
finished_reconf: true
global_termination_time: 1104394.839
local_termination_time: 7304.149
node_cons: 22664.742232317378
tot_aggregated_send: 14319
tot_msg_rcv: 840
tot_msg_sent: 1623
tot_reconf_duration: 6.46
tot_sleeping_duration: 1087474.7721200017
tot_uptimes: 283
tot_uptimes_duration: 16920.06687999802
