comms_cons: 0.7500287999975243
finished_reconf: true
global_termination_time: 5827.658
local_termination_time: 2450.79036
node_cons: 86.30161999999983
tot_aggregated_send: 0
tot_msg_rcv: 59
tot_msg_sent: 54
tot_reconf_duration: 4.390000000000001
tot_sleeping_duration: 5767.658
tot_uptimes: 2
tot_uptimes_duration: 60.0
