comms_cons: 281.20816641477666
finished_reconf: true
global_termination_time: 2811323.313
local_termination_time: 5537.8679999999995
node_cons: 57861.49789228539
tot_aggregated_send: 38905
tot_msg_rcv: 1319
tot_msg_sent: 2518
tot_reconf_duration: 12.23
tot_sleeping_duration: 2768123.246120025
tot_uptimes: 720
tot_uptimes_duration: 43200.06687997491
