comms_cons: 1020.5111545855635
finished_reconf: true
global_termination_time: 1514781.547
local_termination_time: 406709.27304000076
node_cons: 150259.7561514946
tot_aggregated_send: 0
tot_msg_rcv: 70392
tot_msg_sent: 84720
tot_reconf_duration: 5.57
tot_sleeping_duration: 1402569.3049600457
tot_uptimes: 1804
tot_uptimes_duration: 112212.2420399544
