comms_cons: 238.0261566562346
finished_reconf: true
global_termination_time: 1518376.312
local_termination_time: 407537.39636
node_cons: 31178.92721117294
tot_aggregated_send: 0
tot_msg_rcv: 18591
tot_msg_sent: 17587
tot_reconf_duration: 5.1
tot_sleeping_duration: 1495096.25120002
tot_uptimes: 389
tot_uptimes_duration: 23280.06079997978
