comms_cons: 236.4107454605129
finished_reconf: true
global_termination_time: 1516976.823
local_termination_time: 407046.8443600001
node_cons: 31182.946925584245
tot_aggregated_send: 0
tot_msg_rcv: 18351
tot_msg_sent: 17584
tot_reconf_duration: 8.09
tot_sleeping_duration: 1493696.792600012
tot_uptimes: 389
tot_uptimes_duration: 23280.030399988173
