comms_cons: 154.7691007856646
finished_reconf: true
global_termination_time: 1517156.107
local_termination_time: 901229.3383599998
node_cons: 31184.35650893469
tot_aggregated_send: 20010
tot_msg_rcv: 1365
tot_msg_sent: 2149
tot_reconf_duration: 9.11
tot_sleeping_duration: 1493876.058360019
tot_uptimes: 389
tot_uptimes_duration: 23280.048639981076
