comms_cons: 150.60888959506858
finished_reconf: true
global_termination_time: 1518691.345
local_termination_time: 801094.7895999998
node_cons: 31197.33088223365
tot_aggregated_send: 21112
tot_msg_rcv: 627
tot_msg_sent: 1152
tot_reconf_duration: 18.700000000000003
tot_sleeping_duration: 1495411.3328400047
tot_uptimes: 389
tot_uptimes_duration: 23280.01215999527
