comms_cons: 654.8540924734111
finished_reconf: true
global_termination_time: 2249789.14
local_termination_time: 1184975.56848
node_cons: 91690.84144499734
tot_aggregated_send: 0
tot_msg_rcv: 33391
tot_msg_sent: 66143
tot_reconf_duration: 18.21
tot_sleeping_duration: 2181330.5050000004
tot_uptimes: 1133
tot_uptimes_duration: 68458.63499999988
