comms_cons: 225.84629758841922
finished_reconf: true
global_termination_time: 2250207.223
local_termination_time: 1804451.0904799998
node_cons: 46334.132989070036
tot_aggregated_send: 31204
tot_msg_rcv: 922
tot_msg_sent: 2203
tot_reconf_duration: 25.299999999999997
tot_sleeping_duration: 2215629.3472800073
tot_uptimes: 577
tot_uptimes_duration: 34577.87571999291
