comms_cons: 222.8111871910026
finished_reconf: true
global_termination_time: 2247664.142
local_termination_time: 1825470.115
node_cons: 46219.790421756166
tot_aggregated_send: 32132
tot_msg_rcv: 522
tot_msg_sent: 1212
tot_reconf_duration: 13.17
tot_sleeping_duration: 2213159.358160002
tot_uptimes: 576
tot_uptimes_duration: 34504.7838399976
