comms_cons: 55.3705472002949
finished_reconf: true
global_termination_time: 559787.616
local_termination_time: 62824.90472000003
node_cons: 11492.761900000025
tot_aggregated_send: 8004
tot_msg_rcv: 124
tot_msg_sent: 288
tot_reconf_duration: 3.05
tot_sleeping_duration: 551207.616
tot_uptimes: 144
tot_uptimes_duration: 8580.000000000004
