comms_cons: 427.3914112269433
finished_reconf: true
global_termination_time: 4336765.018
local_termination_time: 3539234.536519999
node_cons: 89202.12917999757
tot_aggregated_send: 63278
tot_msg_rcv: 598
tot_msg_sent: 1085
tot_reconf_duration: 18.21
tot_sleeping_duration: 4270165.018
tot_uptimes: 1111
tot_uptimes_duration: 66600.0
