comms_cons: 437.1648192797012
finished_reconf: true
global_termination_time: 4339610.706
local_termination_time: 852162.5173599988
node_cons: 89262.01219228428
tot_aggregated_send: 60610
tot_msg_rcv: 1996
tot_msg_sent: 3840
tot_reconf_duration: 3.08
tot_sleeping_duration: 4272950.639120025
tot_uptimes: 1112
tot_uptimes_duration: 66660.06687997514
