comms_cons: 440.3074176766618
finished_reconf: true
global_termination_time: 4339353.029
local_termination_time: 915601.7825599984
node_cons: 89268.80763116745
tot_aggregated_send: 59856
tot_msg_rcv: 2481
tot_msg_sent: 4587
tot_reconf_duration: 8.09
tot_sleeping_duration: 4272692.968200022
tot_uptimes: 1112
tot_uptimes_duration: 66660.06079997751
