comms_cons: 440.93251849035784
finished_reconf: true
global_termination_time: 4341234.593
local_termination_time: 1798141.6163599999
node_cons: 89270.18465005081
tot_aggregated_send: 59972
tot_msg_rcv: 2577
tot_msg_sent: 4471
tot_reconf_duration: 9.11
tot_sleeping_duration: 4274574.5382800205
tot_uptimes: 1112
tot_uptimes_duration: 66660.05471997987
