comms_cons: 437.41131528108895
finished_reconf: true
global_termination_time: 4339169.862
local_termination_time: 1973821.15036
node_cons: 89274.956668934
tot_aggregated_send: 60552
tot_msg_rcv: 2048
tot_msg_sent: 3884
tot_reconf_duration: 12.629999999999999
tot_sleeping_duration: 4272509.813360018
tot_uptimes: 1112
tot_uptimes_duration: 66660.04863998224
