comms_cons: 437.90373770099234
finished_reconf: true
global_termination_time: 4337817.081
local_termination_time: 2180784.0736
node_cons: 89192.32708781662
tot_aggregated_send: 60146
tot_msg_rcv: 2178
tot_msg_sent: 4235
tot_reconf_duration: 10.95
tot_sleeping_duration: 4271217.038440016
tot_uptimes: 1111
tot_uptimes_duration: 66600.0425599846
