comms_cons: 86.35199999666976
finished_reconf: true
global_termination_time: 850211.67
local_termination_time: 219813.44199999998
node_cons: 17464.579405588778
tot_aggregated_send: 11424
tot_msg_rcv: 550
tot_msg_sent: 1151
tot_reconf_duration: 22.65
tot_sleeping_duration: 837191.6396000084
tot_uptimes: 218
tot_uptimes_duration: 13020.030399991607
