comms_cons: 191.15169279390872
finished_reconf: true
global_termination_time: 1932008.473
local_termination_time: 1454089.58036
node_cons: 39695.524059999836
tot_aggregated_send: 27898
tot_msg_rcv: 406
tot_msg_sent: 749
tot_reconf_duration: 5.57
tot_sleeping_duration: 1902368.473
tot_uptimes: 495
tot_uptimes_duration: 29640.0
