comms_cons: 192.2103551956756
finished_reconf: true
global_termination_time: 1930733.3433199986
local_termination_time: 1930733.3021999986
node_cons: 39784.75819071611
tot_aggregated_send: 27594
tot_msg_rcv: 535
tot_msg_sent: 1084
tot_reconf_duration: 24.59
tot_sleeping_duration: 1901045.9908400013
tot_uptimes: 495
tot_uptimes_duration: 29687.352479997266
