comms_cons: 107.03700479702454
finished_reconf: true
global_termination_time: 1077966.447
local_termination_time: 399251.75836000004
node_cons: 22180.765800000005
tot_aggregated_send: 15486
tot_msg_rcv: 265
tot_msg_sent: 518
tot_reconf_duration: 5.1
tot_sleeping_duration: 1061406.447
tot_uptimes: 277
tot_uptimes_duration: 16560.0
