comms_cons: 111.10888958918429
finished_reconf: true
global_termination_time: 1075235.437
local_termination_time: 39615.733720000026
node_cons: 22099.526748939297
tot_aggregated_send: 14210
tot_msg_rcv: 927
tot_msg_sent: 1749
tot_reconf_duration: 4.390000000000001
tot_sleeping_duration: 1058735.3883600156
tot_uptimes: 276
tot_uptimes_duration: 16500.04863998451
