comms_cons: 146.40161278832613
finished_reconf: true
global_termination_time: 1446063.2052399989
local_termination_time: 1446063.164119999
node_cons: 29809.98813142163
tot_aggregated_send: 19880
tot_msg_rcv: 765
tot_msg_sent: 1608
tot_reconf_duration: 24.59
tot_sleeping_duration: 1423825.2702800126
tot_uptimes: 371
tot_uptimes_duration: 22237.934959986233
