comms_cons: 148.10301438224715
finished_reconf: true
global_termination_time: 1451229.269
local_termination_time: 292487.8264800001
node_cons: 29810.347028934768
tot_aggregated_send: 19546
tot_msg_rcv: 982
tot_msg_sent: 1982
tot_reconf_duration: 3.05
tot_sleeping_duration: 1428969.220360019
tot_uptimes: 372
tot_uptimes_duration: 22260.048639981076
