comms_cons: 45.82475520069628
finished_reconf: true
global_termination_time: 451032.101
local_termination_time: 246732.55236000006
node_cons: 9246.03394112145
tot_aggregated_send: 5916
tot_msg_rcv: 296
tot_msg_sent: 753
tot_reconf_duration: 5.1
tot_sleeping_duration: 444132.09491999896
tot_uptimes: 116
tot_uptimes_duration: 6900.006080001069
