comms_cons: 90.66200321260209
finished_reconf: true
global_termination_time: 453539.788
local_termination_time: 2140.2653600000003
node_cons: 9327.903042241735
tot_aggregated_send: 0
tot_msg_rcv: 7050
tot_msg_sent: 6731
tot_reconf_duration: 6.22
tot_sleeping_duration: 446579.77583999874
tot_uptimes: 117
tot_uptimes_duration: 6960.012160001286
