comms_cons: 6.796313600148813
finished_reconf: true
global_termination_time: 38123.279
local_termination_time: 255.22803999999996
node_cons: 729.0216200000002
tot_aggregated_send: 0
tot_msg_rcv: 514
tot_msg_sent: 519
tot_reconf_duration: 4.390000000000001
tot_sleeping_duration: 37583.279
tot_uptimes: 10
tot_uptimes_duration: 540.0
