comms_cons: 406.70411505702066
finished_reconf: true
global_termination_time: 839795.927
local_termination_time: 308867.0834800001
node_cons: 51153.633495835325
tot_aggregated_send: 0
tot_msg_rcv: 24924
tot_msg_sent: 36892
tot_reconf_duration: 18.21
tot_sleeping_duration: 801611.532440003
tot_uptimes: 631
tot_uptimes_duration: 38184.394559997025
