comms_cons: 85.7144447969118
finished_reconf: true
global_termination_time: 839734.719
local_termination_time: 438128.73684000055
node_cons: 17307.52252895538
tot_aggregated_send: 11426
tot_msg_rcv: 573
tot_msg_sent: 1029
tot_reconf_duration: 25.299999999999997
tot_sleeping_duration: 826834.6703600035
tot_uptimes: 216
tot_uptimes_duration: 12900.048639996545
