comms_cons: 85.30719999407526
finished_reconf: true
global_termination_time: 840483.943
local_termination_time: 283873.99936
node_cons: 17291.0092833551
tot_aggregated_send: 11368
tot_msg_rcv: 503
tot_msg_sent: 1094
tot_reconf_duration: 13.17
tot_sleeping_duration: 827583.9247600036
tot_uptimes: 216
tot_uptimes_duration: 12900.018239996338
