comms_cons: 84.872140795715
finished_reconf: true
global_termination_time: 842821.0
local_termination_time: 497240.6916000001
node_cons: 17285.933065593363
tot_aggregated_send: 11542
tot_msg_rcv: 432
tot_msg_sent: 927
tot_reconf_duration: 9.42
tot_sleeping_duration: 829920.969600005
tot_uptimes: 216
tot_uptimes_duration: 12900.030399995041
