comms_cons: 85.26078079519017
finished_reconf: true
global_termination_time: 842669.194
local_termination_time: 303609.03836000053
node_cons: 17280.52519691523
tot_aggregated_send: 10846
tot_msg_rcv: 728
tot_msg_sent: 1384
tot_reconf_duration: 5.43
tot_sleeping_duration: 829769.1557200035
tot_uptimes: 216
tot_uptimes_duration: 12900.038279996428
