comms_cons: 139.776697595399
finished_reconf: true
global_termination_time: 1424603.502
local_termination_time: 351538.43376000045
node_cons: 29254.395842242917
tot_aggregated_send: 19546
tot_msg_rcv: 593
tot_msg_sent: 1107
tot_reconf_duration: 7.819999999999999
tot_sleeping_duration: 1402763.4898399978
tot_uptimes: 365
tot_uptimes_duration: 21840.012160002138
