comms_cons: 141.76202239574866
finished_reconf: true
global_termination_time: 1424325.43724
local_termination_time: 115130.45735999971
node_cons: 29279.531231598383
tot_aggregated_send: 19836
tot_msg_rcv: 497
tot_msg_sent: 1213
tot_reconf_duration: 11.31
tot_sleeping_duration: 1402470.1928400015
tot_uptimes: 365
tot_uptimes_duration: 21855.244399998744
