comms_cons: 51.10064640150209
finished_reconf: true
global_termination_time: 495978.86284000066
local_termination_time: 485629.651
node_cons: 10267.573890882286
tot_aggregated_send: 6547
tot_msg_rcv: 374
tot_msg_sent: 845
tot_reconf_duration: 6.279999999999999
tot_sleeping_duration: 488317.1409199989
tot_uptimes: 128
tot_uptimes_duration: 7661.721920001728
