comms_cons: 51.5881344012615
finished_reconf: true
global_termination_time: 498615.463
local_termination_time: 169368.21636000002
node_cons: 10213.823983364275
tot_aggregated_send: 6554
tot_msg_rcv: 479
tot_msg_sent: 808
tot_reconf_duration: 7.819999999999999
tot_sleeping_duration: 490995.4447599968
tot_uptimes: 128
tot_uptimes_duration: 7620.018240003206
