comms_cons: 49.646643200840046
finished_reconf: true
global_termination_time: 497828.536
local_termination_time: 307917.73936000007
node_cons: 10210.562081121434
tot_aggregated_send: 6960
tot_msg_rcv: 184
tot_msg_sent: 402
tot_reconf_duration: 5.43
tot_sleeping_duration: 490208.52991999895
tot_uptimes: 128
tot_uptimes_duration: 7620.006080001069
