comms_cons: 12.70321279996567
finished_reconf: true
global_termination_time: 116427.259
local_termination_time: 60099.89236000001
node_cons: 2338.388239999998
tot_aggregated_send: 870
tot_msg_rcv: 392
tot_msg_sent: 669
tot_reconf_duration: 6.279999999999999
tot_sleeping_duration: 114687.259
tot_uptimes: 30
tot_uptimes_duration: 1740.0
