comms_cons: 11.51850239978842
finished_reconf: true
global_termination_time: 114430.034
local_termination_time: 57622.177760000086
node_cons: 2336.4082622382994
tot_aggregated_send: 870
tot_msg_rcv: 296
tot_msg_sent: 584
tot_reconf_duration: 4.8100000000000005
tot_sleeping_duration: 112690.02184000127
tot_uptimes: 30
tot_uptimes_duration: 1740.0121599987324
