comms_cons: 13.46104319965098
finished_reconf: true
global_termination_time: 116430.235
local_termination_time: 48330.186360000014
node_cons: 2335.862325598036
tot_aggregated_send: 870
tot_msg_rcv: 477
tot_msg_sent: 699
tot_reconf_duration: 4.390000000000001
tot_sleeping_duration: 114690.20460000148
tot_uptimes: 30
tot_uptimes_duration: 1740.0303999985263
