comms_cons: 208.2313344279985
finished_reconf: true
global_termination_time: 432811.636
local_termination_time: 76726.61047999996
node_cons: 26156.657839724092
tot_aggregated_send: 0
tot_msg_rcv: 12803
tot_msg_sent: 18846
tot_reconf_duration: 18.21
tot_sleeping_duration: 413295.63251999696
tot_uptimes: 320
tot_uptimes_duration: 19516.00348000302
