comms_cons: 43.57466880059455
finished_reconf: true
global_termination_time: 434348.55
local_termination_time: 259933.45376000085
node_cons: 8928.383983364274
tot_aggregated_send: 6090
tot_msg_rcv: 188
tot_msg_sent: 345
tot_reconf_duration: 7.819999999999999
tot_sleeping_duration: 427688.5317599968
tot_uptimes: 112
tot_uptimes_duration: 6660.018240003206
