comms_cons: 42.88322560028096
finished_reconf: true
global_termination_time: 435511.974
local_termination_time: 412794.2993200002
node_cons: 8933.098980000008
tot_aggregated_send: 6322
tot_msg_rcv: 90
tot_msg_sent: 106
tot_reconf_duration: 11.31
tot_sleeping_duration: 428851.974
tot_uptimes: 112
tot_uptimes_duration: 6660.0
