comms_cons: 261.44581762572216
finished_reconf: true
global_termination_time: 591918.855
local_termination_time: 358546.1334800001
node_cons: 35589.32716112139
tot_aggregated_send: 0
tot_msg_rcv: 16115
tot_msg_sent: 23624
tot_reconf_duration: 18.21
tot_sleeping_duration: 565358.2889199989
tot_uptimes: 436
tot_uptimes_duration: 26560.566080001074
