comms_cons: 61.10823680063962
finished_reconf: true
global_termination_time: 591725.7184799998
local_termination_time: 591725.6773599999
node_cons: 12183.148647691263
tot_aggregated_send: 7526
tot_msg_rcv: 524
tot_msg_sent: 1238
tot_reconf_duration: 24.59
tot_sleeping_duration: 582651.9653599914
tot_uptimes: 152
tot_uptimes_duration: 9073.75312000839
