comms_cons: 33.6181568006047
finished_reconf: true
global_termination_time: 321925.615
local_termination_time: 34782.25968000015
node_cons: 6593.849761121447
tot_aggregated_send: 4234
tot_msg_rcv: 356
tot_msg_sent: 519
tot_reconf_duration: 4.390000000000001
tot_sleeping_duration: 317005.6089199989
tot_uptimes: 83
tot_uptimes_duration: 4920.006080001069
