comms_cons: 50.403878399920586
finished_reconf: true
global_termination_time: 516009.4306000002
local_termination_time: 141680.68636000008
node_cons: 10645.960528400283
tot_aggregated_send: 7540
tot_msg_rcv: 15
tot_msg_sent: 106
tot_reconf_duration: 15.110000000000001
tot_sleeping_duration: 508074.075
tot_uptimes: 133
tot_uptimes_duration: 7935.355600000185
