comms_cons: 165.052595194467
finished_reconf: true
global_termination_time: 1678439.59
local_termination_time: 305743.2583600001
node_cons: 34490.629885593364
tot_aggregated_send: 23432
tot_msg_rcv: 559
tot_msg_sent: 1095
tot_reconf_duration: 18.21
tot_sleeping_duration: 1652699.5596000052
tot_uptimes: 430
tot_uptimes_duration: 25740.03039999504
