comms_cons: 166.52675839487858
finished_reconf: true
global_termination_time: 1679736.159
local_termination_time: 327347.8421200009
node_cons: 34554.72823999978
tot_aggregated_send: 24302
tot_msg_rcv: 376
tot_msg_sent: 633
tot_reconf_duration: 6.279999999999999
tot_sleeping_duration: 1653936.159
tot_uptimes: 431
tot_uptimes_duration: 25799.999999999884
