comms_cons: 171.9539711800216
finished_reconf: true
global_termination_time: 1678257.2951200004
local_termination_time: 33579.49660000003
node_cons: 34526.0455497411
tot_aggregated_send: 22388
tot_msg_rcv: 1300
tot_msg_sent: 2448
tot_reconf_duration: 4.390000000000001
tot_sleeping_duration: 1652476.7992800146
tot_uptimes: 430
tot_uptimes_duration: 25780.495839985902
