comms_cons: 168.2063615878049
finished_reconf: true
global_termination_time: 1680813.501
local_termination_time: 570549.05936
node_cons: 34556.85212446739
tot_aggregated_send: 22504
tot_msg_rcv: 1028
tot_msg_sent: 2035
tot_reconf_duration: 7.819999999999999
tot_sleeping_duration: 1655013.4766800094
tot_uptimes: 431
tot_uptimes_duration: 25800.024319990538
