comms_cons: 168.3090943872921
finished_reconf: true
global_termination_time: 1681794.316
local_termination_time: 513675.80348000006
node_cons: 34554.67118335043
tot_aggregated_send: 22388
tot_msg_rcv: 1029
tot_msg_sent: 2165
tot_reconf_duration: 6.22
tot_sleeping_duration: 1655994.2977600072
tot_uptimes: 431
tot_uptimes_duration: 25800.018239992904
