comms_cons: 817.9598786589323
finished_reconf: true
global_termination_time: 8080988.6442399975
local_termination_time: 16766.22048
node_cons: 166267.30602940824
tot_aggregated_send: 112288
tot_msg_rcv: 4381
tot_msg_sent: 7656
tot_reconf_duration: 18.21
tot_sleeping_duration: 7956834.367280018
tot_uptimes: 2070
tot_uptimes_duration: 124154.27695998055
