comms_cons: 792.5567105116963
finished_reconf: true
global_termination_time: 8083411.583
local_termination_time: 3680998.383239999
node_cons: 166307.99892222867
tot_aggregated_send: 112172
tot_msg_rcv: 2717
tot_msg_sent: 5575
tot_reconf_duration: 3.08
tot_sleeping_duration: 7959211.570840004
tot_uptimes: 2071
tot_uptimes_duration: 124200.01215999573
