comms_cons: 793.633651332446
finished_reconf: true
global_termination_time: 8081000.061
local_termination_time: 3709942.232919998
node_cons: 166234.46250222833
tot_aggregated_send: 112288
tot_msg_rcv: 2829
tot_msg_sent: 5510
tot_reconf_duration: 8.09
tot_sleeping_duration: 7956860.048840004
tot_uptimes: 2070
tot_uptimes_duration: 124140.01215999573
