comms_cons: 818.2265858573522
finished_reconf: true
global_termination_time: 8086871.65
local_termination_time: 402683.0463600001
node_cons: 166334.63197004766
tot_aggregated_send: 112462
tot_msg_rcv: 4413
tot_msg_sent: 7490
tot_reconf_duration: 22.65
tot_sleeping_duration: 7962671.5952800205
tot_uptimes: 2071
tot_uptimes_duration: 124200.05471998011
