comms_cons: 811.188102631933
finished_reconf: true
global_termination_time: 8082910.274
local_termination_time: 418496.97336
node_cons: 166229.49489005248
tot_aggregated_send: 112404
tot_msg_rcv: 3631
tot_msg_sent: 7260
tot_reconf_duration: 4.390000000000001
tot_sleeping_duration: 7958770.219280017
tot_uptimes: 2070
tot_uptimes_duration: 124140.05471998377
