comms_cons: 813.3721346342551
finished_reconf: true
global_termination_time: 8084883.552
local_termination_time: 1803569.83536
node_cons: 166312.32003004823
tot_aggregated_send: 111766
tot_msg_rcv: 4135
tot_msg_sent: 7728
tot_reconf_duration: 6.22
tot_sleeping_duration: 7960683.497280019
tot_uptimes: 2071
tot_uptimes_duration: 124200.05471998057
