comms_cons: 807.3645058184065
finished_reconf: true
global_termination_time: 8084057.703
local_termination_time: 1864007.0964799998
node_cons: 166311.2390689307
tot_aggregated_send: 112288
tot_msg_rcv: 3455
tot_msg_sent: 6969
tot_reconf_duration: 5.43
tot_sleeping_duration: 7959857.654360017
tot_uptimes: 2071
tot_uptimes_duration: 124200.04863998247
