comms_cons: 119.79407359687312
finished_reconf: true
global_termination_time: 1213025.953
local_termination_time: 379302.04236
node_cons: 24912.32580000001
tot_aggregated_send: 17516
tot_msg_rcv: 232
tot_msg_sent: 460
tot_reconf_duration: 5.1
tot_sleeping_duration: 1194425.953
tot_uptimes: 311
tot_uptimes_duration: 18600.0
