comms_cons: 2.282982399992456
finished_reconf: true
global_termination_time: 17141.251
local_termination_time: 10570.68936
node_cons: 331.97955999999965
tot_aggregated_send: 0
tot_msg_rcv: 178
tot_msg_sent: 169
tot_reconf_duration: 7.819999999999999
tot_sleeping_duration: 16901.251
tot_uptimes: 5
tot_uptimes_duration: 240.0
