comms_cons: 174.00010238051155
finished_reconf: true
global_termination_time: 1701667.27436
local_termination_time: 96218.00875999947
node_cons: 34976.33309245574
tot_aggregated_send: 22736
tot_msg_rcv: 1201
tot_msg_sent: 2510
tot_reconf_duration: 4.8100000000000005
tot_sleeping_duration: 1675550.918040018
tot_uptimes: 436
tot_uptimes_duration: 26116.35631998192
