comms_cons: 172.18612478534567
finished_reconf: true
global_termination_time: 1702234.607
local_termination_time: 45855.251600000025
node_cons: 34953.97559565747
tot_aggregated_send: 23142
tot_msg_rcv: 928
tot_msg_sent: 2102
tot_reconf_duration: 4.390000000000001
tot_sleeping_duration: 1676134.521880017
tot_uptimes: 436
tot_uptimes_duration: 26100.085119983203
