comms_cons: 174.3951359848254
finished_reconf: true
global_termination_time: 1701777.326
local_termination_time: 36369.673
node_cons: 34952.13959341692
tot_aggregated_send: 23022
tot_msg_rcv: 1261
tot_msg_sent: 2224
tot_reconf_duration: 3.05
tot_sleeping_duration: 1675677.253040017
tot_uptimes: 436
tot_uptimes_duration: 26100.072959982797
