comms_cons: 158.40144638086738
finished_reconf: true
global_termination_time: 1519893.677
local_termination_time: 114235.88447999969
node_cons: 31277.152002359537
tot_aggregated_send: 20068
tot_msg_rcv: 1507
tot_msg_sent: 2501
tot_reconf_duration: 18.21
tot_sleeping_duration: 1496553.5554000302
tot_uptimes: 390
tot_uptimes_duration: 23340.121599969745
