comms_cons: 151.02887039371043
finished_reconf: true
global_termination_time: 1521828.451
local_termination_time: 945090.9039199983
node_cons: 31263.254361121435
tot_aggregated_send: 21750
tot_msg_rcv: 399
tot_msg_sent: 806
tot_reconf_duration: 8.09
tot_sleeping_duration: 1498488.444919999
tot_uptimes: 390
tot_uptimes_duration: 23340.00608000107
