comms_cons: 150.55841279354428
finished_reconf: true
global_termination_time: 1519298.81
local_termination_time: 813624.6247999994
node_cons: 31268.42020000008
tot_aggregated_send: 21982
tot_msg_rcv: 333
tot_msg_sent: 569
tot_reconf_duration: 11.899999999999999
tot_sleeping_duration: 1495958.81
tot_uptimes: 390
tot_uptimes_duration: 23340.0
