comms_cons: 159.0869375771786
finished_reconf: true
global_termination_time: 1521100.306
local_termination_time: 130863.44479999984
node_cons: 31258.8815322944
tot_aggregated_send: 19604
tot_msg_rcv: 1606
tot_msg_sent: 2973
tot_reconf_duration: 4.8100000000000005
tot_sleeping_duration: 1497760.2391200191
tot_uptimes: 390
tot_uptimes_duration: 23340.066879980848
