comms_cons: 156.40311678160452
finished_reconf: true
global_termination_time: 1521360.563
local_termination_time: 169031.25712000093
node_cons: 31274.276273741976
tot_aggregated_send: 20010
tot_msg_rcv: 1203
tot_msg_sent: 2558
tot_reconf_duration: 11.31
tot_sleeping_duration: 1498015.5911600136
tot_uptimes: 390
tot_uptimes_duration: 23344.97183998651
