comms_cons: 277.53502721781183
finished_reconf: true
global_termination_time: 2787546.097119997
local_termination_time: 124010.243
node_cons: 57340.57935326437
tot_aggregated_send: 39322
tot_msg_rcv: 892
tot_msg_sent: 1968
tot_reconf_duration: 22.65
tot_sleeping_duration: 2744745.6336000077
tot_uptimes: 714
tot_uptimes_duration: 42800.463519989076
