comms_cons: 280.4186624098316
finished_reconf: true
global_termination_time: 2788717.772
local_termination_time: 716262.1964799998
node_cons: 57368.75418447125
tot_aggregated_send: 38512
tot_msg_rcv: 1379
tot_msg_sent: 2731
tot_reconf_duration: 4.390000000000001
tot_sleeping_duration: 2745877.747680006
tot_uptimes: 715
tot_uptimes_duration: 42840.024319994205
