comms_cons: 150.5393023958585
finished_reconf: true
global_termination_time: 1530140.938
local_termination_time: 1222745.6923599998
node_cons: 31417.081899999794
tot_aggregated_send: 22098
tot_msg_rcv: 203
tot_msg_sent: 580
tot_reconf_duration: 3.05
tot_sleeping_duration: 1506680.938
tot_uptimes: 392
tot_uptimes_duration: 23460.0
