comms_cons: 151.2031743943826
finished_reconf: true
global_termination_time: 1530275.87
local_termination_time: 1380406.0800799977
node_cons: 31428.298980000127
tot_aggregated_send: 21924
tot_msg_rcv: 390
tot_msg_sent: 668
tot_reconf_duration: 11.31
tot_sleeping_duration: 1506815.87
tot_uptimes: 392
tot_uptimes_duration: 23460.0
