comms_cons: 410.31838721237267
finished_reconf: true
global_termination_time: 4165924.603
local_termination_time: 2660639.7919599996
node_cons: 85676.80554111433
tot_aggregated_send: 58174
tot_msg_rcv: 1511
tot_msg_sent: 2681
tot_reconf_duration: 25.299999999999997
tot_sleeping_duration: 4101964.5969200023
tot_uptimes: 1067
tot_uptimes_duration: 63960.006079997635
