comms_cons: 1616.8737106165795
finished_reconf: true
global_termination_time: 4163225.483
local_termination_time: 679017.1925999998
node_cons: 252966.28379938097
tot_aggregated_send: 0
tot_msg_rcv: 99269
tot_msg_sent: 146488
tot_reconf_duration: 6.22
tot_sleeping_duration: 3974309.9960400374
tot_uptimes: 3103
tot_uptimes_duration: 188915.4869599626
