comms_cons: 411.48725761629413
finished_reconf: true
global_termination_time: 4165741.206
local_termination_time: 852889.924
node_cons: 85649.8546455831
tot_aggregated_send: 58116
tot_msg_rcv: 1521
tot_msg_sent: 2906
tot_reconf_duration: 5.43
tot_sleeping_duration: 4101781.175600011
tot_uptimes: 1067
tot_uptimes_duration: 63960.030399989104
