comms_cons: 63.58796799959097
finished_reconf: true
global_termination_time: 647008.605
local_termination_time: 19067.459120000003
node_cons: 13267.08622000002
tot_aggregated_send: 9338
tot_msg_rcv: 102
tot_msg_sent: 225
tot_reconf_duration: 8.09
tot_sleeping_duration: 637108.605
tot_uptimes: 166
tot_uptimes_duration: 9900.0
