comms_cons: 63.87807999957067
finished_reconf: true
global_termination_time: 645271.578
local_termination_time: 266912.6893600001
node_cons: 13260.241900000083
tot_aggregated_send: 9338
tot_msg_rcv: 141
tot_msg_sent: 230
tot_reconf_duration: 3.05
tot_sleeping_duration: 635371.578
tot_uptimes: 166
tot_uptimes_duration: 9900.0
