comms_cons: 64.36619519905445
finished_reconf: true
global_termination_time: 646484.5
local_termination_time: 4351.625120000004
node_cons: 13276.690613680024
tot_aggregated_send: 9106
tot_msg_rcv: 219
tot_msg_sent: 459
tot_reconf_duration: 11.31
tot_sleeping_duration: 636580.59288
tot_uptimes: 166
tot_uptimes_duration: 9903.907120000003
