comms_cons: 33.41859200008436
finished_reconf: true
global_termination_time: 333137.484
local_termination_time: 311860.2659600006
node_cons: 6846.793001121417
tot_aggregated_send: 4582
tot_msg_rcv: 157
tot_msg_sent: 338
tot_reconf_duration: 13.17
tot_sleeping_duration: 328037.4779199989
tot_uptimes: 86
tot_uptimes_duration: 5100.006080001069
