comms_cons: 15.487436799982925
finished_reconf: true
global_termination_time: 3595.6066800000003
local_termination_time: 3595.5655600000005
node_cons: 1720.5018765200018
tot_aggregated_send: 0
tot_msg_rcv: 1127
tot_msg_sent: 1225
tot_reconf_duration: 37.410000000000004
tot_sleeping_duration: 2348.631999999999
tot_uptimes: 18
tot_uptimes_duration: 1246.9746800000012
