comms_cons: 232.38392318059985
finished_reconf: true
global_termination_time: 2324571.177
local_termination_time: 1243173.8610799997
node_cons: 47809.88848334999
tot_aggregated_send: 32074
tot_msg_rcv: 1096
tot_msg_sent: 2151
tot_reconf_duration: 5.57
tot_sleeping_duration: 2288871.158760007
tot_uptimes: 596
tot_uptimes_duration: 35700.0182399929
