comms_cons: 234.08206077874576
finished_reconf: true
global_termination_time: 2325697.945
local_termination_time: 581417.7803599999
node_cons: 47808.31046670041
tot_aggregated_send: 31726
tot_msg_rcv: 1293
tot_msg_sent: 2559
tot_reconf_duration: 4.390000000000001
tot_sleeping_duration: 2289997.908520014
tot_uptimes: 596
tot_uptimes_duration: 35700.03647998581
