comms_cons: 871.8536898032864
finished_reconf: true
global_termination_time: 8778807.22
local_termination_time: 2455448.6468399987
node_cons: 180638.70182334483
tot_aggregated_send: 122206
tot_msg_rcv: 3537
tot_msg_sent: 6771
tot_reconf_duration: 25.299999999999997
tot_sleeping_duration: 8643927.201760007
tot_uptimes: 2249
tot_uptimes_duration: 134880.0182399936
