comms_cons: 484.69916814386085
finished_reconf: true
global_termination_time: 4822109.535
local_termination_time: 341708.4383600001
node_cons: 99170.36754670404
tot_aggregated_send: 66468
tot_msg_rcv: 2243
tot_msg_sent: 4961
tot_reconf_duration: 22.65
tot_sleeping_duration: 4748069.49852001
tot_uptimes: 1235
tot_uptimes_duration: 74040.03647999017
