comms_cons: 57.06970880074721
finished_reconf: true
global_termination_time: 584734.888
local_termination_time: 457343.4814800001
node_cons: 11981.287701121455
tot_aggregated_send: 8236
tot_msg_rcv: 136
tot_msg_sent: 302
tot_reconf_duration: 7.819999999999999
tot_sleeping_duration: 575794.8819199989
tot_uptimes: 150
tot_uptimes_duration: 8940.006080001069
