comms_cons: 1.0460927999965455
finished_reconf: true
global_termination_time: 4909.123
local_termination_time: 2684.5553600000003
node_cons: 95.69897999999992
tot_aggregated_send: 0
tot_msg_rcv: 109
tot_msg_sent: 50
tot_reconf_duration: 11.31
tot_sleeping_duration: 4849.123
tot_uptimes: 2
tot_uptimes_duration: 60.0
