comms_cons: 24.731840000329687
finished_reconf: true
global_termination_time: 248783.58
local_termination_time: 5501.249360000001
node_cons: 5079.329283361735
tot_aggregated_send: 3306
tot_msg_rcv: 114
tot_msg_sent: 340
tot_reconf_duration: 13.17
tot_sleeping_duration: 245003.5617599987
tot_uptimes: 64
tot_uptimes_duration: 3780.0182400012927
