comms_cons: 25.23781120007057
finished_reconf: true
global_termination_time: 246482.224
local_termination_time: 5466.390360000001
node_cons: 5077.588341119156
tot_aggregated_send: 3306
tot_msg_rcv: 190
tot_msg_sent: 340
tot_reconf_duration: 11.899999999999999
tot_sleeping_duration: 242702.21792000064
tot_uptimes: 64
tot_uptimes_duration: 3780.006079999366
