comms_cons: 354.3014144597009
finished_reconf: true
global_termination_time: 3532855.899
local_termination_time: 91374.05679999955
node_cons: 72751.99792172667
tot_aggregated_send: 49068
tot_msg_rcv: 1364
tot_msg_sent: 3419
tot_reconf_duration: 25.299999999999997
tot_sleeping_duration: 3478548.4751600237
tot_uptimes: 905
tot_uptimes_duration: 54307.42383997637
