comms_cons: 355.53096966061963
finished_reconf: true
global_termination_time: 3536023.436
local_termination_time: 344619.6840000009
node_cons: 72733.3415262902
tot_aggregated_send: 49358
tot_msg_rcv: 1542
tot_msg_sent: 3139
tot_reconf_duration: 13.17
tot_sleeping_duration: 3481717.6431200216
tot_uptimes: 906
tot_uptimes_duration: 54305.79287997901
