comms_cons: 357.83561604748934
finished_reconf: true
global_termination_time: 3535768.99
local_termination_time: 223594.44436000005
node_cons: 72728.62127228442
tot_aggregated_send: 48546
tot_msg_rcv: 2062
tot_msg_sent: 3781
tot_reconf_duration: 15.34
tot_sleeping_duration: 3481468.9231200255
tot_uptimes: 906
tot_uptimes_duration: 54300.06687997468
