comms_cons: 54.16655360039786
finished_reconf: true
global_termination_time: 535655.457
local_termination_time: 36020.86164000009
node_cons: 11012.541620000024
tot_aggregated_send: 7482
tot_msg_rcv: 291
tot_msg_sent: 460
tot_reconf_duration: 4.390000000000001
tot_sleeping_duration: 527435.457
tot_uptimes: 138
tot_uptimes_duration: 8220.0
