comms_cons: 87.74021119992406
finished_reconf: true
global_termination_time: 896119.572
local_termination_time: 567259.0937599981
node_cons: 18408.479560000113
tot_aggregated_send: 12412
tot_msg_rcv: 376
tot_msg_sent: 548
tot_reconf_duration: 7.819999999999999
tot_sleeping_duration: 882379.572
tot_uptimes: 230
tot_uptimes_duration: 13740.0
