comms_cons: 92.36538879901187
finished_reconf: true
global_termination_time: 943272.573
local_termination_time: 83645.16235999997
node_cons: 19369.31394000004
tot_aggregated_send: 13688
tot_msg_rcv: 103
tot_msg_sent: 248
tot_reconf_duration: 5.43
tot_sleeping_duration: 928812.573
tot_uptimes: 242
tot_uptimes_duration: 14460.0
