comms_cons: 12.707942399822814
finished_reconf: true
global_termination_time: 104760.839
local_termination_time: 40004.484360000104
node_cons: 2113.593603357452
tot_aggregated_send: 812
tot_msg_rcv: 434
tot_msg_sent: 687
tot_reconf_duration: 18.21
tot_sleeping_duration: 103200.82076000191
tot_uptimes: 27
tot_uptimes_duration: 1560.0182399980986
