comms_cons: 11.90897919989073
finished_reconf: true
global_termination_time: 100272.996
local_termination_time: 49980.91152000008
node_cons: 2015.8983633585938
tot_aggregated_send: 870
tot_msg_rcv: 357
tot_msg_sent: 583
tot_reconf_duration: 5.43
tot_sleeping_duration: 98772.97776000104
tot_uptimes: 26
tot_uptimes_duration: 1500.0182399989499
