comms_cons: 39.665024000173084
finished_reconf: true
global_termination_time: 403302.772
local_termination_time: 317353.0092000002
node_cons: 8279.161900000074
tot_aggregated_send: 5858
tot_msg_rcv: 56
tot_msg_sent: 114
tot_reconf_duration: 3.05
tot_sleeping_duration: 397122.772
tot_uptimes: 104
tot_uptimes_duration: 6180.0
