comms_cons: 39.560729600017304
finished_reconf: true
global_termination_time: 403713.513
local_termination_time: 101585.75071999994
node_cons: 8283.466760000012
tot_aggregated_send: 5858
tot_msg_rcv: 44
tot_msg_sent: 111
tot_reconf_duration: 6.22
tot_sleeping_duration: 397533.513
tot_uptimes: 104
tot_uptimes_duration: 6180.0
