comms_cons: 63.7905279987571
finished_reconf: true
global_termination_time: 623131.146
local_termination_time: 375043.58936000004
node_cons: 12791.227822242887
tot_aggregated_send: 8062
tot_msg_rcv: 546
tot_msg_sent: 1089
tot_reconf_duration: 12.629999999999999
tot_sleeping_duration: 613591.1338399978
tot_uptimes: 160
tot_uptimes_duration: 9540.012160002138
