comms_cons: 64.09484799959114
finished_reconf: true
global_termination_time: 623989.79
local_termination_time: 255333.63308000015
node_cons: 12784.720265602544
tot_aggregated_send: 8178
tot_msg_rcv: 519
tot_msg_sent: 1048
tot_reconf_duration: 7.819999999999999
tot_sleeping_duration: 614449.7595999981
tot_uptimes: 160
tot_uptimes_duration: 9540.03040000191
