comms_cons: 86.76711679992482
finished_reconf: true
global_termination_time: 868248.0413999992
local_termination_time: 868248.0002799992
node_cons: 17908.43102920469
tot_aggregated_send: 12224
tot_msg_rcv: 299
tot_msg_sent: 665
tot_reconf_duration: 24.59
tot_sleeping_duration: 854898.4985999957
tot_uptimes: 223
tot_uptimes_duration: 13349.542800003474
