comms_cons: 87.23423999770193
finished_reconf: true
global_termination_time: 870171.138
local_termination_time: 231914.92156000022
node_cons: 17839.621900000013
tot_aggregated_send: 12180
tot_msg_rcv: 384
tot_msg_sent: 696
tot_reconf_duration: 3.05
tot_sleeping_duration: 856851.138
tot_uptimes: 223
tot_uptimes_duration: 13320.0
