comms_cons: 252.338636703892
finished_reconf: true
global_termination_time: 868435.855
local_termination_time: 351636.18848000007
node_cons: 35257.911607360526
tot_aggregated_send: 0
tot_msg_rcv: 12931
tot_msg_sent: 25423
tot_reconf_duration: 11.31
tot_sleeping_duration: 842115.8007599995
tot_uptimes: 434
tot_uptimes_duration: 26320.054240000434
