comms_cons: 47.600512000414795
finished_reconf: true
global_termination_time: 477822.326
local_termination_time: 43354.56660000001
node_cons: 9808.02012112144
tot_aggregated_send: 6728
tot_msg_rcv: 160
tot_msg_sent: 347
tot_reconf_duration: 4.8100000000000005
tot_sleeping_duration: 470502.31991999893
tot_uptimes: 123
tot_uptimes_duration: 7320.006080001069
