comms_cons: 46.900563200343655
finished_reconf: true
global_termination_time: 474829.579
local_termination_time: 403530.88124000095
node_cons: 9744.490453361277
tot_aggregated_send: 6728
tot_msg_rcv: 114
tot_msg_sent: 286
tot_reconf_duration: 11.31
tot_sleeping_duration: 467563.6107599991
tot_uptimes: 122
tot_uptimes_duration: 7265.968240000948
