comms_cons: 80.2270463960344
finished_reconf: true
global_termination_time: 796105.578
local_termination_time: 5452.981000000001
node_cons: 16315.853442240606
tot_aggregated_send: 11015
tot_msg_rcv: 422
tot_msg_sent: 756
tot_reconf_duration: 5.02
tot_sleeping_duration: 783925.5658399995
tot_uptimes: 204
tot_uptimes_duration: 12180.012160000435
