comms_cons: 972.3563459042819
finished_reconf: true
global_termination_time: 9653613.46923999
local_termination_time: 33529.541480000014
node_cons: 198689.00374610408
tot_aggregated_send: 134038
tot_msg_rcv: 4468
tot_msg_sent: 9285
tot_reconf_duration: 18.21
tot_sleeping_duration: 9505245.825800026
tot_uptimes: 2473
tot_uptimes_duration: 148367.64343996358
