comms_cons: 961.4950658449804
finished_reconf: true
global_termination_time: 9655083.584
local_termination_time: 2862717.5563600003
node_cons: 198609.0815100475
tot_aggregated_send: 134212
tot_msg_rcv: 3916
tot_msg_sent: 8013
tot_reconf_duration: 6.279999999999999
tot_sleeping_duration: 9506763.52928002
tot_uptimes: 2473
tot_uptimes_duration: 148320.0547199808
