comms_cons: 949.5415169999362
finished_reconf: true
global_termination_time: 9655298.487
local_termination_time: 3584141.96048
node_cons: 198612.8920855784
tot_aggregated_send: 134386
tot_msg_rcv: 3264
tot_msg_sent: 6674
tot_reconf_duration: 9.11
tot_sleeping_duration: 9506978.45660001
tot_uptimes: 2473
tot_uptimes_duration: 148320.03039998934
