comms_cons: 969.0064131042791
finished_reconf: true
global_termination_time: 9655516.044
local_termination_time: 341708.4383600001
node_cons: 198631.3363934026
tot_aggregated_send: 134618
tot_msg_rcv: 4083
tot_msg_sent: 8582
tot_reconf_duration: 22.65
tot_sleeping_duration: 9507195.971040022
tot_uptimes: 2473
tot_uptimes_duration: 148320.07295997738
