comms_cons: 586.0289985434443
finished_reconf: true
global_termination_time: 5851255.067
local_termination_time: 94816.52735999998
node_cons: 120380.14382893678
tot_aggregated_send: 80736
tot_msg_rcv: 2742
tot_msg_sent: 5593
tot_reconf_duration: 22.65
tot_sleeping_duration: 5761375.018360014
tot_uptimes: 1499
tot_uptimes_duration: 89880.04863998544
