comms_cons: 99.75383039592042
finished_reconf: true
global_termination_time: 997728.6704799999
local_termination_time: 997728.6293599999
node_cons: 20538.476083200952
tot_aggregated_send: 14022
tot_msg_rcv: 375
tot_msg_sent: 764
tot_reconf_duration: 24.59
tot_sleeping_duration: 982414.9416799991
tot_uptimes: 256
tot_uptimes_duration: 15313.728800000681
