comms_cons: 47.5024512004709
finished_reconf: true
global_termination_time: 485966.69736000017
local_termination_time: 31523.035
node_cons: 9995.53808304082
tot_aggregated_send: 6783
tot_msg_rcv: 129
tot_msg_sent: 307
tot_reconf_duration: 6.22
tot_sleeping_duration: 478508.0779999995
tot_uptimes: 125
tot_uptimes_duration: 7458.6193600006045
