comms_cons: 1005.3537622911426
finished_reconf: true
global_termination_time: 5106038.266
local_termination_time: 1889413.438
node_cons: 105036.65434086551
tot_aggregated_send: 0
tot_msg_rcv: 77014
tot_msg_sent: 75791
tot_reconf_duration: 22.65
tot_sleeping_duration: 5027617.134080009
tot_uptimes: 1308
tot_uptimes_duration: 78421.13191999157
