comms_cons: 509.66438407989114
finished_reconf: true
global_termination_time: 5102724.644
local_termination_time: 217296.6722400005
node_cons: 104958.47881117114
tot_aggregated_send: 71166
tot_msg_rcv: 2221
tot_msg_sent: 4078
tot_reconf_duration: 25.299999999999997
tot_sleeping_duration: 5024364.58320002
tot_uptimes: 1307
tot_uptimes_duration: 78360.06079998071
