comms_cons: 496.571699249199
finished_reconf: true
global_termination_time: 5104088.2
local_termination_time: 1314590.3560399995
node_cons: 105016.80022669963
tot_aggregated_send: 70644
tot_msg_rcv: 1696
tot_msg_sent: 3136
tot_reconf_duration: 9.11
tot_sleeping_duration: 5025668.163520013
tot_uptimes: 1308
tot_uptimes_duration: 78420.03647998697
