comms_cons: 4.855449600000909
finished_reconf: true
global_termination_time: 2949.6384800000014
local_termination_time: 2949.5973600000016
node_cons: 607.653470720002
tot_aggregated_send: 0
tot_msg_rcv: 325
tot_msg_sent: 409
tot_reconf_duration: 24.59
tot_sleeping_duration: 2520.766
tot_uptimes: 7
tot_uptimes_duration: 428.87248000000136
