comms_cons: 60.84569600044727
finished_reconf: true
global_termination_time: 602084.665
local_termination_time: 311527.202
node_cons: 12379.450022081302
tot_aggregated_send: 8291
tot_msg_rcv: 319
tot_msg_sent: 638
tot_reconf_duration: 4.390000000000001
tot_sleeping_duration: 592843.822279999
tot_uptimes: 155
tot_uptimes_duration: 9240.842720001005
