comms_cons: 63.239897598943635
finished_reconf: true
global_termination_time: 604366.868
local_termination_time: 219018.06436000002
node_cons: 12383.020265607141
tot_aggregated_send: 7424
tot_msg_rcv: 763
tot_msg_sent: 1425
tot_reconf_duration: 7.819999999999999
tot_sleeping_duration: 595126.8375999946
tot_uptimes: 155
tot_uptimes_duration: 9240.030400005344
