comms_cons: 62.84514560239434
finished_reconf: true
global_termination_time: 600989.40124
local_termination_time: 48780.20604000006
node_cons: 12324.968746088694
tot_aggregated_send: 7482
tot_msg_rcv: 724
tot_msg_sent: 1345
tot_reconf_duration: 6.22
tot_sleeping_duration: 591791.1025199936
tot_uptimes: 154
tot_uptimes_duration: 9198.298720006482
