comms_cons: 13.709132799803704
finished_reconf: true
global_termination_time: 124243.717
local_termination_time: 61657.93400000009
node_cons: 2497.9383633585944
tot_aggregated_send: 1044
tot_msg_rcv: 419
tot_msg_sent: 621
tot_reconf_duration: 5.43
tot_sleeping_duration: 122383.69876000106
tot_uptimes: 32
tot_uptimes_duration: 1860.0182399989499
