comms_cons: 341.6782208375947
finished_reconf: true
global_termination_time: 3407615.395
local_termination_time: 720502.098
node_cons: 70068.91650893402
tot_aggregated_send: 47145
tot_msg_rcv: 1702
tot_msg_sent: 3087
tot_reconf_duration: 9.11
tot_sleeping_duration: 3355295.346360018
tot_uptimes: 873
tot_uptimes_duration: 52320.048639981775
