comms_cons: 341.86844805824296
finished_reconf: true
global_termination_time: 3405300.507
local_termination_time: 569145.9235599985
node_cons: 70069.34563005125
tot_aggregated_send: 46922
tot_msg_rcv: 1785
tot_msg_sent: 3254
tot_reconf_duration: 9.42
tot_sleeping_duration: 3352980.4522800203
tot_uptimes: 873
tot_uptimes_duration: 52320.05471997964
