comms_cons: 340.99167363087656
finished_reconf: true
global_termination_time: 3405716.556
local_termination_time: 514593.86236
node_cons: 70063.10153228517
tot_aggregated_send: 47850
tot_msg_rcv: 1243
tot_msg_sent: 2736
tot_reconf_duration: 4.8100000000000005
tot_sleeping_duration: 3353396.4891200247
tot_uptimes: 873
tot_uptimes_duration: 52320.06687997514
