comms_cons: 336.2569600082603
finished_reconf: true
global_termination_time: 3406497.641
local_termination_time: 1513401.1333599999
node_cons: 70067.140265583
tot_aggregated_send: 47792
tot_msg_rcv: 1052
tot_msg_sent: 2265
tot_reconf_duration: 7.819999999999999
tot_sleeping_duration: 3354177.6106000114
tot_uptimes: 873
tot_uptimes_duration: 52320.030399988405
