comms_cons: 283.1756287859462
finished_reconf: true
global_termination_time: 2798217.155
local_termination_time: 427763.80044000066
node_cons: 57531.07733005048
tot_aggregated_send: 37758
tot_msg_rcv: 1857
tot_msg_sent: 3427
tot_reconf_duration: 5.57
tot_sleeping_duration: 2755257.100280021
tot_uptimes: 717
tot_uptimes_duration: 42960.05471997871
