comms_cons: 278.3931840133902
finished_reconf: true
global_termination_time: 2803457.931
local_termination_time: 616574.1185999997
node_cons: 57616.151379998955
tot_aggregated_send: 40368
tot_msg_rcv: 736
tot_msg_sent: 1210
tot_reconf_duration: 9.11
tot_sleeping_duration: 2760437.931
tot_uptimes: 718
tot_uptimes_duration: 43020.0
