comms_cons: 138.04477439032365
finished_reconf: true
global_termination_time: 1370062.95124
local_termination_time: 37573.861120000096
node_cons: 28164.15771384122
tot_aggregated_send: 18560
tot_msg_rcv: 743
tot_msg_sent: 1678
tot_reconf_duration: 18.21
tot_sleeping_duration: 1349047.694679999
tot_uptimes: 351
tot_uptimes_duration: 21015.256560000882
