comms_cons: 138.67637759043396
finished_reconf: true
global_termination_time: 1372011.923
local_termination_time: 286253.5313600001
node_cons: 28230.131264472006
tot_aggregated_send: 18502
tot_msg_rcv: 806
tot_msg_sent: 1770
tot_reconf_duration: 22.65
tot_sleeping_duration: 1350951.898680006
tot_uptimes: 352
tot_uptimes_duration: 21060.024319993972
