comms_cons: 135.8221247917212
finished_reconf: true
global_termination_time: 1372135.892
local_termination_time: 1092913.1638399984
node_cons: 28203.498182233456
tot_aggregated_send: 18908
tot_msg_rcv: 537
tot_msg_sent: 1199
tot_reconf_duration: 3.05
tot_sleeping_duration: 1351075.8798400047
tot_uptimes: 352
tot_uptimes_duration: 21060.01215999527
