comms_cons: 138.88753919155107
finished_reconf: true
global_termination_time: 1371022.257
local_termination_time: 70683.3453999998
node_cons: 28214.74782671485
tot_aggregated_send: 18908
tot_msg_rcv: 775
tot_msg_sent: 1428
tot_reconf_duration: 11.31
tot_sleeping_duration: 1349962.220520004
tot_uptimes: 352
tot_uptimes_duration: 21060.03647999611
