comms_cons: 206.27107838747435
finished_reconf: true
global_termination_time: 2064791.0
local_termination_time: 311348.08136000007
node_cons: 42440.39242558843
tot_aggregated_send: 29000
tot_msg_rcv: 735
tot_msg_sent: 1617
tot_reconf_duration: 15.34
tot_sleeping_duration: 2033110.9696000083
tot_uptimes: 529
tot_uptimes_duration: 31680.030399991607
