comms_cons: 207.2231551880398
finished_reconf: true
global_termination_time: 2066282.461
local_termination_time: 942362.0883599998
node_cons: 42507.44848335465
tot_aggregated_send: 28942
tot_msg_rcv: 814
tot_msg_sent: 1740
tot_reconf_duration: 5.57
tot_sleeping_duration: 2034542.4427600035
tot_uptimes: 530
tot_uptimes_duration: 31740.018239996338
