comms_cons: 217.65967358525194
finished_reconf: true
global_termination_time: 2148336.977
local_termination_time: 850615.4910799997
node_cons: 44193.5482622333
tot_aggregated_send: 29754
tot_msg_rcv: 1182
tot_msg_sent: 2147
tot_reconf_duration: 4.8100000000000005
tot_sleeping_duration: 2115336.9648400047
tot_uptimes: 551
tot_uptimes_duration: 33000.01215999527
