comms_cons: 215.78522878085428
finished_reconf: true
global_termination_time: 2146613.3332399973
local_termination_time: 12588.572479999999
node_cons: 44141.13582941442
tot_aggregated_send: 29812
tot_msg_rcv: 1006
tot_msg_sent: 1979
tot_reconf_duration: 11.31
tot_sleeping_duration: 2113659.056280016
tot_uptimes: 550
tot_uptimes_duration: 32954.27695998123
