comms_cons: 35.83032320011675
finished_reconf: true
global_termination_time: 367946.62412000017
local_termination_time: 231525.88016000032
node_cons: 7593.069449680255
tot_aggregated_send: 5220
tot_msg_rcv: 87
tot_msg_sent: 139
tot_reconf_duration: 11.31
tot_sleeping_duration: 362287.393
tot_uptimes: 95
tot_uptimes_duration: 5659.231120000186
