comms_cons: 241.98186239071993
finished_reconf: true
global_termination_time: 2403534.2792399894
local_termination_time: 227382.76252000083
node_cons: 49509.04927245329
tot_aggregated_send: 33350
tot_msg_rcv: 1140
tot_msg_sent: 2288
tot_reconf_duration: 18.21
tot_sleeping_duration: 2366578.102920009
tot_uptimes: 616
tot_uptimes_duration: 36956.17631998056
