comms_cons: 239.2456831820756
finished_reconf: true
global_termination_time: 2408071.758
local_termination_time: 528451.87136
node_cons: 49496.0208267004
tot_aggregated_send: 33698
tot_msg_rcv: 920
tot_msg_sent: 1746
tot_reconf_duration: 4.8100000000000005
tot_sleeping_duration: 2371111.721520014
tot_uptimes: 617
tot_uptimes_duration: 36960.03647998581
