comms_cons: 440.70674563410853
finished_reconf: true
global_termination_time: 4494154.705
local_termination_time: 1193781.264
node_cons: 92407.32250989314
tot_aggregated_send: 62405
tot_msg_rcv: 1520
tot_msg_sent: 3061
tot_reconf_duration: 8.09
tot_sleeping_duration: 4425150.719720018
tot_uptimes: 1151
tot_uptimes_duration: 69003.98527998175
