comms_cons: 448.90357123768445
finished_reconf: true
global_termination_time: 4498241.907
local_termination_time: 722039.3798799991
node_cons: 92475.55517005519
tot_aggregated_send: 62698
tot_msg_rcv: 1808
tot_msg_sent: 3724
tot_reconf_duration: 3.05
tot_sleeping_duration: 4429181.852280016
tot_uptimes: 1152
tot_uptimes_duration: 69060.05471998331
