comms_cons: 133.62537598510394
finished_reconf: true
global_termination_time: 1307706.018
local_termination_time: 94787.38500000001
node_cons: 26888.371746125864
tot_aggregated_send: 17746
tot_msg_rcv: 927
tot_msg_sent: 1637
tot_reconf_duration: 22.65
tot_sleeping_duration: 1287648.0545600255
tot_uptimes: 335
tot_uptimes_duration: 20057.96343997447
