comms_cons: 258.75461103069046
finished_reconf: true
global_termination_time: 1304406.802
local_termination_time: 756064.4841599984
node_cons: 26842.033325747798
tot_aggregated_send: 0
tot_msg_rcv: 19955
tot_msg_sent: 19377
tot_reconf_duration: 6.22
tot_sleeping_duration: 1284366.782160009
tot_uptimes: 335
tot_uptimes_duration: 20040.019839990768
