comms_cons: 222.85066239632593
finished_reconf: true
global_termination_time: 2271374.534
local_termination_time: 1329308.3003599998
node_cons: 46690.332359999345
tot_aggregated_send: 32886
tot_msg_rcv: 309
tot_msg_sent: 677
tot_reconf_duration: 9.42
tot_sleeping_duration: 2236514.534
tot_uptimes: 582
tot_uptimes_duration: 34860.0
