comms_cons: 230.7377663813382
finished_reconf: true
global_termination_time: 2273991.455
local_termination_time: 386757.42836
node_cons: 46763.93931340138
tot_aggregated_send: 31030
tot_msg_rcv: 1471
tot_msg_sent: 2568
tot_reconf_duration: 4.390000000000001
tot_sleeping_duration: 2239071.3820400285
tot_uptimes: 583
tot_uptimes_duration: 34920.072959971614
