comms_cons: 138.59030398942141
finished_reconf: true
global_termination_time: 1420557.153
local_termination_time: 698127.5503599999
node_cons: 29171.98080447661
tot_aggregated_send: 18444
tot_msg_rcv: 850
tot_msg_sent: 1770
tot_reconf_duration: 6.279999999999999
tot_sleeping_duration: 1398777.1286800024
tot_uptimes: 364
tot_uptimes_duration: 21780.024319997407
