comms_cons: 140.16327679292226
finished_reconf: true
global_termination_time: 1424820.872
local_termination_time: 531251.7029599997
node_cons: 29251.34034223824
tot_aggregated_send: 19546
tot_msg_rcv: 541
tot_msg_sent: 1217
tot_reconf_duration: 5.57
tot_sleeping_duration: 1402980.8598400012
tot_uptimes: 365
tot_uptimes_duration: 21840.012159998703
