comms_cons: 2.3224575999923256
finished_reconf: true
global_termination_time: 16965.999
local_termination_time: 8634.211640000003
node_cons: 325.5426399999999
tot_aggregated_send: 0
tot_msg_rcv: 179
tot_msg_sent: 174
tot_reconf_duration: 3.08
tot_sleeping_duration: 16725.999
tot_uptimes: 5
tot_uptimes_duration: 240.0
