comms_cons: 82.88133119836196
finished_reconf: true
global_termination_time: 821395.244
local_termination_time: 467997.35284000007
node_cons: 16889.317424481127
tot_aggregated_send: 10846
tot_msg_rcv: 579
tot_msg_sent: 1172
tot_reconf_duration: 13.17
tot_sleeping_duration: 808795.219679999
tot_uptimes: 211
tot_uptimes_duration: 12600.02432000084
