comms_cons: 83.29925119686823
finished_reconf: true
global_termination_time: 826209.315
local_termination_time: 284446.3043600001
node_cons: 16955.89818224295
tot_aggregated_send: 11542
tot_msg_rcv: 423
tot_msg_sent: 696
tot_reconf_duration: 3.05
tot_sleeping_duration: 813549.3028399978
tot_uptimes: 212
tot_uptimes_duration: 12660.012160002138
