comms_cons: 212.81080319179023
finished_reconf: true
global_termination_time: 2173288.733
local_termination_time: 739568.3523599998
node_cons: 44693.80988558824
tot_aggregated_send: 30218
tot_msg_rcv: 830
tot_msg_sent: 1298
tot_reconf_duration: 18.21
tot_sleeping_duration: 2139928.7026000083
tot_uptimes: 557
tot_uptimes_duration: 33360.03039999161
