comms_cons: 211.2515327844887
finished_reconf: true
global_termination_time: 2172859.414
local_termination_time: 399562.8903600001
node_cons: 44699.90453452758
tot_aggregated_send: 28942
tot_msg_rcv: 1078
tot_msg_sent: 2089
tot_reconf_duration: 22.65
tot_sleeping_duration: 2139499.334960024
tot_uptimes: 557
tot_uptimes_duration: 33360.07903997612
