comms_cons: 214.54538239276917
finished_reconf: true
global_termination_time: 2174239.867
local_termination_time: 970847.4920799986
node_cons: 44689.55937999951
tot_aggregated_send: 31088
tot_msg_rcv: 491
tot_msg_sent: 1030
tot_reconf_duration: 15.110000000000001
tot_sleeping_duration: 2140879.867
tot_uptimes: 557
tot_uptimes_duration: 33360.0
