comms_cons: 213.20555519392647
finished_reconf: true
global_termination_time: 2173686.783
local_termination_time: 861571.6473599998
node_cons: 44683.91009999947
tot_aggregated_send: 31088
tot_msg_rcv: 398
tot_msg_sent: 920
tot_reconf_duration: 10.95
tot_sleeping_duration: 2140326.783
tot_uptimes: 557
tot_uptimes_duration: 33360.0
