comms_cons: 215.2722367841651
finished_reconf: true
global_termination_time: 2171364.197999998
local_termination_time: 804965.3489599987
node_cons: 44690.53566781506
tot_aggregated_send: 28884
tot_msg_rcv: 1316
tot_msg_sent: 2519
tot_reconf_duration: 7.819999999999999
tot_sleeping_duration: 2137996.075440016
tot_uptimes: 557
tot_uptimes_duration: 33368.12255998165
