comms_cons: 314.1535616083787
finished_reconf: true
global_termination_time: 3138890.468119994
local_termination_time: 399646.4432000007
node_cons: 64567.23773972176
tot_aggregated_send: 43848
tot_msg_rcv: 1280
tot_msg_sent: 2621
tot_reconf_duration: 10.95
tot_sleeping_duration: 3090681.0822800216
tot_uptimes: 804
tot_uptimes_duration: 48209.38583997241
