comms_cons: 616.395904558055
finished_reconf: true
global_termination_time: 3138890.4935999974
local_termination_time: 1684.4543600000002
node_cons: 64549.75763062907
tot_aggregated_send: 0
tot_msg_rcv: 47109
tot_msg_sent: 46578
tot_reconf_duration: 11.899999999999999
tot_sleeping_duration: 3090695.1258400045
tot_uptimes: 804
tot_uptimes_duration: 48195.367759992834
