comms_cons: 104.10330879589718
finished_reconf: true
global_termination_time: 1022677.664
local_termination_time: 252772.83836000008
node_cons: 20986.673706728634
tot_aggregated_send: 13688
tot_msg_rcv: 765
tot_msg_sent: 1370
tot_reconf_duration: 13.17
tot_sleeping_duration: 1007017.6275199936
tot_uptimes: 262
tot_uptimes_duration: 15660.036480006413
