comms_cons: 107.47025918744816
finished_reconf: true
global_termination_time: 1021217.572
local_termination_time: 40457.07048000002
node_cons: 20979.815772305905
tot_aggregated_send: 13108
tot_msg_rcv: 1187
tot_msg_sent: 2039
tot_reconf_duration: 8.09
tot_sleeping_duration: 1005557.5051200106
tot_uptimes: 262
tot_uptimes_duration: 15660.066879989448
