comms_cons: 103.64584959380649
finished_reconf: true
global_termination_time: 1021624.564
local_termination_time: 182253.56536000007
node_cons: 20975.296403355125
tot_aggregated_send: 13804
tot_msg_rcv: 708
tot_msg_sent: 1241
tot_reconf_duration: 4.8100000000000005
tot_sleeping_duration: 1005964.5457600037
tot_uptimes: 262
tot_uptimes_duration: 15660.018239996338
