comms_cons: 97.45015679559677
finished_reconf: true
global_termination_time: 967680.984
local_termination_time: 204216.59688000043
node_cons: 19850.544544471955
tot_aggregated_send: 12644
tot_msg_rcv: 594
tot_msg_sent: 1573
tot_reconf_duration: 4.8100000000000005
tot_sleeping_duration: 952860.9596800061
tot_uptimes: 248
tot_uptimes_duration: 14820.024319993972
