comms_cons: 165.0069631867318
finished_reconf: true
global_termination_time: 1640790.8909199995
local_termination_time: 1640790.8497999995
node_cons: 33810.14565381841
tot_aggregated_send: 22954
tot_msg_rcv: 706
tot_msg_sent: 1420
tot_reconf_duration: 24.59
tot_sleeping_duration: 1615565.5343600158
tot_uptimes: 421
tot_uptimes_duration: 25225.356559983862
