comms_cons: 164.78754558875988
finished_reconf: true
global_termination_time: 1646478.63
local_termination_time: 1182035.5151599983
node_cons: 33831.692663350535
tot_aggregated_send: 22968
tot_msg_rcv: 630
tot_msg_sent: 1449
tot_reconf_duration: 6.279999999999999
tot_sleeping_duration: 1621218.611760007
tot_uptimes: 422
tot_uptimes_duration: 25260.018239992904
