comms_cons: 164.60751359251677
finished_reconf: true
global_termination_time: 1641447.83
local_termination_time: 579028.29236
node_cons: 33746.9988878179
tot_aggregated_send: 22794
tot_msg_rcv: 651
tot_msg_sent: 1574
tot_reconf_duration: 3.05
tot_sleeping_duration: 1616247.7874400166
tot_uptimes: 421
tot_uptimes_duration: 25200.04255998344
