comms_cons: 31.20514560053224
finished_reconf: true
global_termination_time: 302075.331
local_termination_time: 16231.56272
node_cons: 6204.081142241445
tot_aggregated_send: 4002
tot_msg_rcv: 287
tot_msg_sent: 454
tot_reconf_duration: 13.17
tot_sleeping_duration: 297455.3188399989
tot_uptimes: 78
tot_uptimes_duration: 4620.012160001075
