comms_cons: 59.73719040582711
finished_reconf: true
global_termination_time: 303590.173
local_termination_time: 2527.3874800000003
node_cons: 6216.9387000000015
tot_aggregated_send: 0
tot_msg_rcv: 4631
tot_msg_sent: 4447
tot_reconf_duration: 22.65
tot_sleeping_duration: 298970.173
tot_uptimes: 78
tot_uptimes_duration: 4619.999999999996
