comms_cons: 30.120204800300144
finished_reconf: true
global_termination_time: 302765.522
local_termination_time: 74591.84271999994
node_cons: 6211.5908822406045
tot_aggregated_send: 4118
tot_msg_rcv: 128
tot_msg_sent: 332
tot_reconf_duration: 18.700000000000003
tot_sleeping_duration: 298145.5098399996
tot_uptimes: 78
tot_uptimes_duration: 4620.012160000435
