comms_cons: 146.0845567643209
finished_reconf: true
global_termination_time: 743281.925
local_termination_time: 724887.0555999998
node_cons: 15295.358700000093
tot_aggregated_send: 0
tot_msg_rcv: 11202
tot_msg_sent: 11002
tot_reconf_duration: 22.65
tot_sleeping_duration: 731881.925
tot_uptimes: 191
tot_uptimes_duration: 11400.00000000003
