comms_cons: 56.84428800045994
finished_reconf: true
global_termination_time: 561964.581
local_termination_time: 41864.031960000124
node_cons: 11497.18894560257
tot_aggregated_send: 7598
tot_msg_rcv: 344
tot_msg_sent: 698
tot_reconf_duration: 6.279999999999999
tot_sleeping_duration: 553384.5505999981
tot_uptimes: 144
tot_uptimes_duration: 8580.03040000191
