comms_cons: 364.53911030645594
finished_reconf: true
global_termination_time: 754275.9195999998
local_termination_time: 754275.8784799998
node_cons: 45814.95208200014
tot_aggregated_send: 0
tot_msg_rcv: 22375
tot_msg_sent: 33030
tot_reconf_duration: 24.59
tot_sleeping_duration: 720085.0615999993
tot_uptimes: 562
tot_uptimes_duration: 34190.85800000046
