comms_cons: 149.4219263611908
finished_reconf: true
global_termination_time: 754389.721
local_termination_time: 2981.48136
node_cons: 15530.373603360897
tot_aggregated_send: 0
tot_msg_rcv: 11525
tot_msg_sent: 11184
tot_reconf_duration: 18.21
tot_sleeping_duration: 742809.7027599994
tot_uptimes: 194
tot_uptimes_duration: 11580.018240000652
