comms_cons: 75.0489343989915
finished_reconf: true
global_termination_time: 756778.139
local_termination_time: 124391.59335999996
node_cons: 15509.786323364298
tot_aggregated_send: 10440
tot_msg_rcv: 317
tot_msg_sent: 650
tot_reconf_duration: 3.05
tot_sleeping_duration: 745198.1207599968
tot_uptimes: 194
tot_uptimes_duration: 11580.018240003206
