comms_cons: 299.75395841627864
finished_reconf: true
global_termination_time: 2957819.192
local_termination_time: 613378.3983199996
node_cons: 60835.32998893418
tot_aggregated_send: 40832
tot_msg_rcv: 1656
tot_msg_sent: 3073
tot_reconf_duration: 13.17
tot_sleeping_duration: 2912399.1433600183
tot_uptimes: 758
tot_uptimes_duration: 45420.04863998154
