comms_cons: 298.34051842906644
finished_reconf: true
global_termination_time: 2957112.641
local_termination_time: 1376112.7680000002
node_cons: 60837.430316067126
tot_aggregated_send: 40828
tot_msg_rcv: 1442
tot_msg_sent: 3075
tot_reconf_duration: 10.95
tot_sleeping_duration: 2911688.772280009
tot_uptimes: 758
tot_uptimes_duration: 45423.868719991064
