comms_cons: 297.65088641540285
finished_reconf: true
global_termination_time: 2956968.571
local_termination_time: 1399728.6857999985
node_cons: 60828.04026558372
tot_aggregated_send: 41702
tot_msg_rcv: 1335
tot_msg_sent: 2204
tot_reconf_duration: 7.819999999999999
tot_sleeping_duration: 2911548.540600011
tot_uptimes: 758
tot_uptimes_duration: 45420.03039998864
