comms_cons: 297.0467520065287
finished_reconf: true
global_termination_time: 2957780.652
local_termination_time: 1282234.371
node_cons: 60830.347759574106
tot_aggregated_send: 41409
tot_msg_rcv: 1237
tot_msg_sent: 2504
tot_reconf_duration: 6.22
tot_sleeping_duration: 2912357.2756000184
tot_uptimes: 758
tot_uptimes_duration: 45423.37639998156
