comms_cons: 124.54488319545138
finished_reconf: true
global_termination_time: 1277913.892
local_termination_time: 6209.208
node_cons: 26303.671501119195
tot_aggregated_send: 18189
tot_msg_rcv: 252
tot_msg_sent: 489
tot_reconf_duration: 23.919999999999998
tot_sleeping_duration: 1258293.8859200007
tot_uptimes: 328
tot_uptimes_duration: 19620.006079999366
