comms_cons: 13.553151999573851
finished_reconf: true
global_termination_time: 123501.856
local_termination_time: 68436.90035999997
node_cons: 2496.517902238302
tot_aggregated_send: 1276
tot_msg_rcv: 305
tot_msg_sent: 479
tot_reconf_duration: 4.390000000000001
tot_sleeping_duration: 121641.84384000127
tot_uptimes: 32
tot_uptimes_duration: 1860.0121599987324
