comms_cons: 13.991654399776221
finished_reconf: true
global_termination_time: 123975.573
local_termination_time: 53082.22836000001
node_cons: 2501.192124477745
tot_aggregated_send: 1334
tot_msg_rcv: 329
tot_msg_sent: 464
tot_reconf_duration: 7.819999999999999
tot_sleeping_duration: 122115.5486800017
tot_uptimes: 32
tot_uptimes_duration: 1860.024319998316
