comms_cons: 107.5113343959146
finished_reconf: true
global_termination_time: 1081039.99524
local_termination_time: 182812.403
node_cons: 22198.394151593737
tot_aggregated_send: 15194
tot_msg_rcv: 385
tot_msg_sent: 763
tot_reconf_duration: 3.05
tot_sleeping_duration: 1064464.7508400048
tot_uptimes: 277
tot_uptimes_duration: 16575.24439999531
