comms_cons: 151.40968320196814
finished_reconf: true
global_termination_time: 258251.6000000005
local_termination_time: 9840.7786
node_cons: 25863.70019680657
tot_aggregated_send: 0
tot_msg_rcv: 10406
tot_msg_sent: 12608
tot_reconf_duration: 4.390000000000001
tot_sleeping_duration: 238940.36879999563
tot_uptimes: 311
tot_uptimes_duration: 19311.231200004888
