comms_cons: 212.81037438426736
finished_reconf: true
global_termination_time: 2130011.589
local_termination_time: 1154122.0083599999
node_cons: 43810.04546223319
tot_aggregated_send: 29406
tot_msg_rcv: 985
tot_msg_sent: 1954
tot_reconf_duration: 18.21
tot_sleeping_duration: 2097311.576840005
tot_uptimes: 546
tot_uptimes_duration: 32700.01215999527
