comms_cons: 41.20271360205623
finished_reconf: true
global_termination_time: 204208.9737200001
local_termination_time: 204208.9326000001
node_cons: 4229.566202563293
tot_aggregated_send: 0
tot_msg_rcv: 3237
tot_msg_sent: 3030
tot_reconf_duration: 24.59
tot_sleeping_duration: 201075.16267999765
tot_uptimes: 53
tot_uptimes_duration: 3133.811040002447
