comms_cons: 929.1813954290366
finished_reconf: true
global_termination_time: 9375014.43
local_termination_time: 1687118.62936
node_cons: 192836.91313116372
tot_aggregated_send: 130384
tot_msg_rcv: 3631
tot_msg_sent: 7213
tot_reconf_duration: 15.34
tot_sleeping_duration: 9231014.369200023
tot_uptimes: 2401
tot_uptimes_duration: 144000.06079997797
