comms_cons: 917.6694657409076
finished_reconf: true
global_termination_time: 9373785.809
local_termination_time: 4399746.153359999
node_cons: 192841.41902334354
tot_aggregated_send: 130384
tot_msg_rcv: 3073
tot_msg_sent: 6024
tot_reconf_duration: 18.700000000000003
tot_sleeping_duration: 9229785.790760007
tot_uptimes: 2401
tot_uptimes_duration: 144000.0182399936
