comms_cons: 939.2791490347722
finished_reconf: true
global_termination_time: 9372963.243
local_termination_time: 127246.72935999997
node_cons: 192822.6622378738
tot_aggregated_send: 131080
tot_msg_rcv: 4010
tot_msg_sent: 7673
tot_reconf_duration: 4.8100000000000005
tot_sleeping_duration: 9228963.14572003
tot_uptimes: 2401
tot_uptimes_duration: 144000.09727997065
