comms_cons: 14.382758399705445
finished_reconf: true
global_termination_time: 127555.799
local_termination_time: 33529.50036000001
node_cons: 2595.6173211191503
tot_aggregated_send: 1218
tot_msg_rcv: 340
tot_msg_sent: 629
tot_reconf_duration: 18.21
tot_sleeping_duration: 125635.79292000063
tot_uptimes: 33
tot_uptimes_duration: 1920.0060799993662
