comms_cons: 29.69255680022026
finished_reconf: true
global_termination_time: 294556.02
local_termination_time: 21947.42736
node_cons: 6032.031980000008
tot_aggregated_send: 4060
tot_msg_rcv: 167
tot_msg_sent: 286
tot_reconf_duration: 4.8100000000000005
tot_sleeping_duration: 290056.02
tot_uptimes: 76
tot_uptimes_duration: 4500.0
