comms_cons: 257.36964479768164
finished_reconf: true
global_termination_time: 2587539.767
local_termination_time: 432824.1188400001
node_cons: 53191.65268558364
tot_aggregated_send: 36540
tot_msg_rcv: 872
tot_msg_sent: 1705
tot_reconf_duration: 4.8100000000000005
tot_sleeping_duration: 2547819.7366000116
tot_uptimes: 663
tot_uptimes_duration: 39720.030399988405
