comms_cons: 257.31909119084406
finished_reconf: true
global_termination_time: 2586005.143
local_termination_time: 499014.92236
node_cons: 53191.066043349594
tot_aggregated_send: 36714
tot_msg_rcv: 849
tot_msg_sent: 1548
tot_reconf_duration: 4.390000000000001
tot_sleeping_duration: 2546285.124760007
tot_uptimes: 663
tot_uptimes_duration: 39720.018239992896
