comms_cons: 70.99385600069118
finished_reconf: true
global_termination_time: 698136.515
local_termination_time: 24816.91448
node_cons: 14334.901823363172
tot_aggregated_send: 9570
tot_msg_rcv: 482
tot_msg_sent: 737
tot_reconf_duration: 25.299999999999997
tot_sleeping_duration: 687456.4967599977
tot_uptimes: 179
tot_uptimes_duration: 10680.018240002355
