comms_cons: 1588.9016624952992
finished_reconf: true
global_termination_time: 8052819.033599998
local_termination_time: 2936.37748
node_cons: 165706.41103398104
tot_aggregated_send: 0
tot_msg_rcv: 121899
tot_msg_sent: 119598
tot_reconf_duration: 18.21
tot_sleeping_duration: 7929083.647600007
tot_uptimes: 2063
tot_uptimes_duration: 123735.3859999901
