comms_cons: 792.792787316666
finished_reconf: true
global_termination_time: 8055571.876
local_termination_time: 2201702.9244400007
node_cons: 165668.70104781468
tot_aggregated_send: 111998
tot_msg_rcv: 3007
tot_msg_sent: 5494
tot_reconf_duration: 5.57
tot_sleeping_duration: 7931851.833440015
tot_uptimes: 2063
tot_uptimes_duration: 123720.04255998507
