comms_cons: 791.4248129459907
finished_reconf: true
global_termination_time: 8054674.363
local_termination_time: 2303531.92836
node_cons: 165668.05464669727
tot_aggregated_send: 111070
tot_msg_rcv: 3173
tot_msg_sent: 6048
tot_reconf_duration: 5.1
tot_sleeping_duration: 7930954.326520013
tot_uptimes: 2063
tot_uptimes_duration: 123720.0364799872
