comms_cons: 788.3257601636443
finished_reconf: true
global_termination_time: 8054377.682
local_termination_time: 2731799.5966
node_cons: 165695.47810557974
tot_aggregated_send: 111186
tot_msg_rcv: 3022
tot_msg_sent: 5612
tot_reconf_duration: 25.299999999999997
tot_sleeping_duration: 7930657.651600011
tot_uptimes: 2063
tot_uptimes_duration: 123720.03039998934
