comms_cons: 789.4967553113615
finished_reconf: true
global_termination_time: 8053502.199
local_termination_time: 3321327.00636
node_cons: 165665.29520446295
tot_aggregated_send: 111708
tot_msg_rcv: 2715
tot_msg_sent: 5575
tot_reconf_duration: 3.08
tot_sleeping_duration: 7929782.174680009
tot_uptimes: 2063
tot_uptimes_duration: 123720.02431999147
