comms_cons: 778.2523968711808
finished_reconf: true
global_termination_time: 8053346.053
local_termination_time: 3999267.8263600003
node_cons: 165673.9049244633
tot_aggregated_send: 112636
tot_msg_rcv: 1767
tot_msg_sent: 3887
tot_reconf_duration: 9.42
tot_sleeping_duration: 7929626.028680009
tot_uptimes: 2063
tot_uptimes_duration: 123720.02431999141
