comms_cons: 781.8329216940259
finished_reconf: true
global_termination_time: 8055473.107
local_termination_time: 4089937.715839999
node_cons: 165686.49088222883
tot_aggregated_send: 113158
tot_msg_rcv: 1897
tot_msg_sent: 3778
tot_reconf_duration: 18.700000000000003
tot_sleeping_duration: 7931753.094840004
tot_uptimes: 2063
tot_uptimes_duration: 123720.01215999573
