comms_cons: 10.888575999891478
finished_reconf: true
global_termination_time: 96018.969
local_termination_time: 62789.31436000001
node_cons: 1952.9054622383007
tot_aggregated_send: 986
tot_msg_rcv: 299
tot_msg_sent: 370
tot_reconf_duration: 18.21
tot_sleeping_duration: 94578.95684000126
tot_uptimes: 25
tot_uptimes_duration: 1440.0121599987324
