comms_cons: 11.56028159988178
finished_reconf: true
global_termination_time: 94936.302
local_termination_time: 48981.83776000017
node_cons: 1955.4134568796665
tot_aggregated_send: 754
tot_msg_rcv: 373
tot_msg_sent: 630
tot_reconf_duration: 15.34
tot_sleeping_duration: 93491.50608000024
tot_uptimes: 25
tot_uptimes_duration: 1444.795919999755
