comms_cons: 12.271462400053712
finished_reconf: true
global_termination_time: 94274.72623999992
local_termination_time: 13609.79
node_cons: 1999.1434383199241
tot_aggregated_send: 694
tot_msg_rcv: 517
tot_msg_sent: 654
tot_reconf_duration: 22.65
tot_sleeping_duration: 92804.68535999997
tot_uptimes: 25
tot_uptimes_duration: 1470.040879999944
