comms_cons: 10.921471999948226
finished_reconf: true
global_termination_time: 96399.341
local_termination_time: 35403.6262400001
node_cons: 1934.7408267191813
tot_aggregated_send: 522
tot_msg_rcv: 355
tot_msg_sent: 783
tot_reconf_duration: 4.8100000000000005
tot_sleeping_duration: 94959.3045200006
tot_uptimes: 25
tot_uptimes_duration: 1440.0364799993913
