comms_cons: 11.441228800018937
finished_reconf: true
global_termination_time: 95284.218
local_termination_time: 1693.8683600000002
node_cons: 1943.5271211202905
tot_aggregated_send: 1044
tot_msg_rcv: 352
tot_msg_sent: 343
tot_reconf_duration: 11.31
tot_sleeping_duration: 93844.21191999978
tot_uptimes: 25
tot_uptimes_duration: 1440.0060800002175
