comms_cons: 61.629248000721425
finished_reconf: true
global_termination_time: 603526.814
local_termination_time: 262516.0199600002
node_cons: 12403.143123359743
tot_aggregated_send: 8120
tot_msg_rcv: 451
tot_msg_sent: 798
tot_reconf_duration: 22.65
tot_sleeping_duration: 594286.7957600002
tot_uptimes: 155
tot_uptimes_duration: 9240.018239999772
