comms_cons: 61.68657919817296
finished_reconf: true
global_termination_time: 605443.669
local_termination_time: 54032.97160000002
node_cons: 12465.120226715986
tot_aggregated_send: 8120
tot_msg_rcv: 386
tot_msg_sent: 870
tot_reconf_duration: 9.11
tot_sleeping_duration: 596143.632520003
tot_uptimes: 156
tot_uptimes_duration: 9300.03647999699
