comms_cons: 62.98828799859277
finished_reconf: true
global_termination_time: 606938.042
local_termination_time: 267008.3634800001
node_cons: 12456.850041121512
tot_aggregated_send: 8178
tot_msg_rcv: 584
tot_msg_sent: 811
tot_reconf_duration: 3.05
tot_sleeping_duration: 597638.0359199989
tot_uptimes: 156
tot_uptimes_duration: 9300.006080001069
