comms_cons: 157.0278591883409
finished_reconf: true
global_termination_time: 1559275.821
local_termination_time: 795933.6073599999
node_cons: 32141.977902233735
tot_aggregated_send: 21866
tot_msg_rcv: 666
tot_msg_sent: 1335
tot_reconf_duration: 4.390000000000001
tot_sleeping_duration: 1535275.8088400047
tot_uptimes: 400
tot_uptimes_duration: 24000.01215999527
