comms_cons: 154.90599038891574
finished_reconf: true
global_termination_time: 1561662.777
local_termination_time: 1115074.8694799999
node_cons: 32064.106760000013
tot_aggregated_send: 21460
tot_msg_rcv: 748
tot_msg_sent: 1337
tot_reconf_duration: 6.22
tot_sleeping_duration: 1537722.777
tot_uptimes: 400
tot_uptimes_duration: 23940.0
