comms_cons: 278.13568000714
finished_reconf: true
global_termination_time: 2808842.113
local_termination_time: 4667.452
node_cons: 57852.83658893425
tot_aggregated_send: 39318
tot_msg_rcv: 948
tot_msg_sent: 2009
tot_reconf_duration: 5.87
tot_sleeping_duration: 2765642.0643600184
tot_uptimes: 720
tot_uptimes_duration: 43200.04863998154
