comms_cons: 281.5429248188549
finished_reconf: true
global_termination_time: 2808209.102
local_termination_time: 6281.984
node_cons: 57848.610506700905
tot_aggregated_send: 39436
tot_msg_rcv: 1094
tot_msg_sent: 2262
tot_reconf_duration: 2.77
tot_sleeping_duration: 2765009.065520013
tot_uptimes: 720
tot_uptimes_duration: 43200.036479986506
