comms_cons: 89.61587839442157
finished_reconf: true
global_termination_time: 850745.482
local_termination_time: 289958.35356000066
node_cons: 17440.754646728576
tot_aggregated_send: 10556
tot_msg_rcv: 1141
tot_msg_sent: 1925
tot_reconf_duration: 5.1
tot_sleeping_duration: 837725.4455199935
tot_uptimes: 218
tot_uptimes_duration: 13020.036480006413
