comms_cons: 88.20538879460175
finished_reconf: true
global_termination_time: 848871.588
local_termination_time: 246950.00136000008
node_cons: 17451.71370671483
tot_aggregated_send: 11020
tot_msg_rcv: 822
tot_msg_sent: 1564
tot_reconf_duration: 13.17
tot_sleeping_duration: 835851.5515200039
tot_uptimes: 218
tot_uptimes_duration: 13020.036479996108
