comms_cons: 87.35183999449224
finished_reconf: true
global_termination_time: 846478.672
local_termination_time: 314631.22580000025
node_cons: 17365.876508957655
tot_aggregated_send: 10730
tot_msg_rcv: 859
tot_msg_sent: 1689
tot_reconf_duration: 9.11
tot_sleeping_duration: 833518.6233600018
tot_uptimes: 217
tot_uptimes_duration: 12960.048639998247
