comms_cons: 86.41121279561982
finished_reconf: true
global_termination_time: 849026.135
local_termination_time: 439745.6843600001
node_cons: 17450.96410447656
tot_aggregated_send: 11426
tot_msg_rcv: 554
tot_msg_sent: 1154
tot_reconf_duration: 12.629999999999999
tot_sleeping_duration: 836006.1106800026
tot_uptimes: 218
tot_uptimes_duration: 13020.024319997407
