comms_cons: 87.35701759399575
finished_reconf: true
global_termination_time: 849001.509
local_termination_time: 418340.20736000006
node_cons: 17448.682664481166
tot_aggregated_send: 10904
tot_msg_rcv: 859
tot_msg_sent: 1515
tot_reconf_duration: 10.95
tot_sleeping_duration: 835981.4846799992
tot_uptimes: 218
tot_uptimes_duration: 13020.02432000084
