comms_cons: 86.10856959795761
finished_reconf: true
global_termination_time: 846411.724
local_termination_time: 127246.72935999997
node_cons: 17360.012685602578
tot_aggregated_send: 11484
tot_msg_rcv: 559
tot_msg_sent: 1045
tot_reconf_duration: 4.8100000000000005
tot_sleeping_duration: 833451.6935999981
tot_uptimes: 217
tot_uptimes_duration: 12960.03040000191
