comms_cons: 87.25225599272557
finished_reconf: true
global_termination_time: 845935.2051200002
local_termination_time: 60993.92236000019
node_cons: 17402.715311673586
tot_aggregated_send: 10846
tot_msg_rcv: 782
tot_msg_sent: 1632
tot_reconf_duration: 7.819999999999999
tot_sleeping_duration: 832946.3360000049
tot_uptimes: 217
tot_uptimes_duration: 12988.869119995194
