comms_cons: 632.8427782330599
finished_reconf: true
global_termination_time: 3218375.7797199977
local_termination_time: 1162.2646000000004
node_cons: 66230.61006494325
tot_aggregated_send: 0
tot_msg_rcv: 48379
tot_msg_sent: 47806
tot_reconf_duration: 6.22
tot_sleeping_duration: 3168919.347080009
tot_uptimes: 825
tot_uptimes_duration: 49456.43263998853
