comms_cons: 633.5272006327432
finished_reconf: true
global_termination_time: 3218397.643
local_termination_time: 3532.06536
node_cons: 66215.55968558736
tot_aggregated_send: 0
tot_msg_rcv: 48499
tot_msg_sent: 47793
tot_reconf_duration: 11.31
tot_sleeping_duration: 3168957.6126000085
tot_uptimes: 825
tot_uptimes_duration: 49440.03039999161
