comms_cons: 88.9310463997873
finished_reconf: true
global_termination_time: 894351.475
local_termination_time: 381821.7599600001
node_cons: 18415.744860000006
tot_aggregated_send: 12876
tot_msg_rcv: 247
tot_msg_sent: 394
tot_reconf_duration: 13.17
tot_sleeping_duration: 880611.475
tot_uptimes: 230
tot_uptimes_duration: 13740.0
