comms_cons: 90.85937919184657
finished_reconf: true
global_termination_time: 893874.778
local_termination_time: 5540.5026
node_cons: 18323.506043350524
tot_aggregated_send: 11948
tot_msg_rcv: 583
tot_msg_sent: 1279
tot_reconf_duration: 4.390000000000001
tot_sleeping_duration: 880194.7597600071
tot_uptimes: 229
tot_uptimes_duration: 13680.018239992904
