comms_cons: 45.46227200101475
finished_reconf: true
global_termination_time: 442984.98
local_termination_time: 49325.67848000001
node_cons: 9103.839023364299
tot_aggregated_send: 5684
tot_msg_rcv: 370
tot_msg_sent: 856
tot_reconf_duration: 18.700000000000003
tot_sleeping_duration: 436204.9617599968
tot_uptimes: 114
tot_uptimes_duration: 6780.018240003206
