comms_cons: 9.904038399743298
finished_reconf: true
global_termination_time: 115854.126
local_termination_time: 2298.9681200000005
node_cons: 2364.3422878386195
tot_aggregated_send: 0
tot_msg_rcv: 560
tot_msg_sent: 946
tot_reconf_duration: 25.35
tot_sleeping_duration: 114114.08344000104
tot_uptimes: 30
tot_uptimes_duration: 1740.0425599989685
