comms_cons: 78.71354879799857
finished_reconf: true
global_termination_time: 790539.246
local_termination_time: 365638.1420800006
node_cons: 16235.236403364313
tot_aggregated_send: 10962
tot_msg_rcv: 249
tot_msg_sent: 753
tot_reconf_duration: 4.8100000000000005
tot_sleeping_duration: 778419.2277599969
tot_uptimes: 203
tot_uptimes_duration: 12120.018240003206
