comms_cons: 79.42497919753824
finished_reconf: true
global_termination_time: 790952.936
local_termination_time: 109770.4384799997
node_cons: 16244.055262242902
tot_aggregated_send: 10498
tot_msg_rcv: 551
tot_msg_sent: 1024
tot_reconf_duration: 11.31
tot_sleeping_duration: 778832.9238399978
tot_uptimes: 203
tot_uptimes_duration: 12120.012160002138
