comms_cons: 2.263871999991811
finished_reconf: true
global_termination_time: 13935.521
local_termination_time: 6564.18536
node_cons: 256.3789800000005
tot_aggregated_send: 0
tot_msg_rcv: 180
tot_msg_sent: 164
tot_reconf_duration: 11.31
tot_sleeping_duration: 13755.521
tot_uptimes: 4
tot_uptimes_duration: 180.0
