comms_cons: 10.547712000147309
finished_reconf: true
global_termination_time: 84869.08
local_termination_time: 36042.59736000001
node_cons: 1694.08208224058
tot_aggregated_send: 638
tot_msg_rcv: 381
tot_msg_sent: 584
tot_reconf_duration: 5.1
tot_sleeping_duration: 83609.06783999957
tot_uptimes: 22
tot_uptimes_duration: 1260.012160000435
