comms_cons: 9.875379200055242
finished_reconf: true
global_termination_time: 83163.48
local_termination_time: 47687.27500000009
node_cons: 1712.5508822405784
tot_aggregated_send: 696
tot_msg_rcv: 295
tot_msg_sent: 510
tot_reconf_duration: 18.700000000000003
tot_sleeping_duration: 81903.46783999956
tot_uptimes: 22
tot_uptimes_duration: 1260.012160000435
