comms_cons: 11.81749760010387
finished_reconf: true
global_termination_time: 82939.11
local_termination_time: 39848.394360000006
node_cons: 1693.6964033605877
tot_aggregated_send: 348
tot_msg_rcv: 628
tot_msg_sent: 821
tot_reconf_duration: 4.8100000000000005
tot_sleeping_duration: 81679.09175999956
tot_uptimes: 22
tot_uptimes_duration: 1260.0182400004414
