comms_cons: 542.3964544784241
finished_reconf: true
global_termination_time: 5434978.809
local_termination_time: 276016.16236
node_cons: 111761.57407452188
tot_aggregated_send: 76212
tot_msg_rcv: 2126
tot_msg_sent: 4103
tot_reconf_duration: 6.279999999999999
tot_sleeping_duration: 5351518.729960026
tot_uptimes: 1392
tot_uptimes_duration: 83460.07903997408
