comms_cons: 541.7780096746004
finished_reconf: true
global_termination_time: 5434777.884
local_termination_time: 2538354.334
node_cons: 111771.5229330338
tot_aggregated_send: 77598
tot_msg_rcv: 1679
tot_msg_sent: 3071
tot_reconf_duration: 11.899999999999999
tot_sleeping_duration: 5351316.074640001
tot_uptimes: 1392
tot_uptimes_duration: 83461.80935999798
