comms_cons: 543.8215361105515
finished_reconf: true
global_termination_time: 5431032.903
local_termination_time: 2198610.8984799995
node_cons: 111683.28468893324
tot_aggregated_send: 75516
tot_msg_rcv: 2624
tot_msg_sent: 4517
tot_reconf_duration: 7.819999999999999
tot_sleeping_duration: 5347632.854360017
tot_uptimes: 1391
tot_uptimes_duration: 83400.0486399827
