comms_cons: 539.388320094644
finished_reconf: true
global_termination_time: 5431192.611
local_termination_time: 427175.5083600005
node_cons: 111680.05535116681
tot_aggregated_send: 76154
tot_msg_rcv: 1975
tot_msg_sent: 3854
tot_reconf_duration: 5.43
tot_sleeping_duration: 5347792.550200022
tot_uptimes: 1391
tot_uptimes_duration: 83400.06079997774
