comms_cons: 1160.495509131965
finished_reconf: true
global_termination_time: 3982035.372879998
local_termination_time: 3982035.372879998
node_cons: 162494.6424783478
tot_aggregated_send: 0
tot_msg_rcv: 59144
tot_msg_sent: 117246
tot_reconf_duration: 24.59
tot_sleeping_duration: 3860705.0896400027
tot_uptimes: 2009
tot_uptimes_duration: 121330.2832399952
