comms_cons: 390.12093440392556
finished_reconf: true
global_termination_time: 3982461.359
local_termination_time: 2415113.4083199995
node_cons: 81873.41022334919
tot_aggregated_send: 56144
tot_msg_rcv: 1174
tot_msg_sent: 1976
tot_reconf_duration: 5.1
tot_sleeping_duration: 3921321.3407600066
tot_uptimes: 1020
tot_uptimes_duration: 61140.01823999337
