comms_cons: 393.5414272124315
finished_reconf: true
global_termination_time: 3984098.989
local_termination_time: 2660639.7919599996
node_cons: 81981.17368223165
tot_aggregated_send: 55622
tot_msg_rcv: 1512
tot_msg_sent: 2682
tot_reconf_duration: 25.299999999999997
tot_sleeping_duration: 3922898.9768400043
tot_uptimes: 1021
tot_uptimes_duration: 61200.0121599955
