comms_cons: 394.56023042169505
finished_reconf: true
global_termination_time: 3984699.558
local_termination_time: 601601.5844799979
node_cons: 81951.00702893359
tot_aggregated_send: 56144
tot_msg_rcv: 1174
tot_msg_sent: 2652
tot_reconf_duration: 3.05
tot_sleeping_duration: 3923499.509360018
tot_uptimes: 1021
tot_uptimes_duration: 61200.048639981775
