comms_cons: 394.61847041732335
finished_reconf: true
global_termination_time: 3982769.782
local_termination_time: 679017.7003599999
node_cons: 81877.12026558249
tot_aggregated_send: 56318
tot_msg_rcv: 1316
tot_msg_sent: 2345
tot_reconf_duration: 7.819999999999999
tot_sleeping_duration: 3921629.7516000117
tot_uptimes: 1020
tot_uptimes_duration: 61140.030399988405
