comms_cons: 61.91027199973149
finished_reconf: true
global_termination_time: 620223.723
local_termination_time: 172015.62004000077
node_cons: 12711.604860000034
tot_aggregated_send: 8410
tot_msg_rcv: 313
tot_msg_sent: 687
tot_reconf_duration: 13.17
tot_sleeping_duration: 610743.723
tot_uptimes: 159
tot_uptimes_duration: 9480.0
