comms_cons: 11.407987199820534
finished_reconf: true
global_termination_time: 96262.252
local_termination_time: 73402.77047999996
node_cons: 1938.8202655997577
tot_aggregated_send: 812
tot_msg_rcv: 340
tot_msg_sent: 583
tot_reconf_duration: 7.819999999999999
tot_sleeping_duration: 94822.22160000018
tot_uptimes: 25
tot_uptimes_duration: 1440.0303999998123
