comms_cons: 10.954995199986463
finished_reconf: true
global_termination_time: 98183.262
local_termination_time: 10078.156359999999
node_cons: 2016.979324478601
tot_aggregated_send: 754
tot_msg_rcv: 315
tot_msg_sent: 596
tot_reconf_duration: 6.22
tot_sleeping_duration: 96683.23768000104
tot_uptimes: 26
tot_uptimes_duration: 1500.0243199989563
