comms_cons: 316.16632323176646
finished_reconf: true
global_termination_time: 3103552.663
local_termination_time: 838040.8053599999
node_cons: 63798.59407452249
tot_aggregated_send: 41992
tot_msg_rcv: 1989
tot_msg_sent: 4074
tot_reconf_duration: 6.279999999999999
tot_sleeping_duration: 3055912.583960027
tot_uptimes: 795
tot_uptimes_duration: 47640.079039972916
