comms_cons: 303.8887551969761
finished_reconf: true
global_termination_time: 3102247.697
local_termination_time: 1293882.8663599999
node_cons: 63824.3255411156
tot_aggregated_send: 44776
tot_msg_rcv: 428
tot_msg_sent: 986
tot_reconf_duration: 25.299999999999997
tot_sleeping_duration: 3054607.6909200028
tot_uptimes: 795
tot_uptimes_duration: 47640.006079997635
