comms_cons: 303.6833408018334
finished_reconf: true
global_termination_time: 3101830.531
local_termination_time: 1994853.28336
node_cons: 63804.83824111611
tot_aggregated_send: 45066
tot_msg_rcv: 328
tot_msg_sent: 764
tot_reconf_duration: 10.95
tot_sleeping_duration: 3054190.524920002
tot_uptimes: 795
tot_uptimes_duration: 47640.00607999787
