comms_cons: 307.1995327808339
finished_reconf: true
global_termination_time: 3102984.662
local_termination_time: 1123285.79636
node_cons: 63800.649777132916
tot_aggregated_send: 41122
tot_msg_rcv: 1906
tot_msg_sent: 3665
tot_reconf_duration: 7.819999999999999
tot_sleeping_duration: 3055344.6095600193
tot_uptimes: 795
tot_uptimes_duration: 47640.052439980675
