comms_cons: 317.02984962575715
finished_reconf: true
global_termination_time: 3102289.156
local_termination_time: 802894.813
node_cons: 63811.3293552472
tot_aggregated_send: 41573
tot_msg_rcv: 2303
tot_msg_sent: 4310
tot_reconf_duration: 15.34
tot_sleeping_duration: 3054648.7544800234
tot_uptimes: 795
tot_uptimes_duration: 47640.4015199765
