comms_cons: 97.3124095929645
finished_reconf: true
global_termination_time: 955017.076
local_termination_time: 518829.55236000003
node_cons: 19637.358105584175
tot_aggregated_send: 12818
tot_msg_rcv: 656
tot_msg_sent: 1317
tot_reconf_duration: 25.299999999999997
tot_sleeping_duration: 940377.0456000118
tot_uptimes: 245
tot_uptimes_duration: 14640.030399988173
