comms_cons: 98.66652159156345
finished_reconf: true
global_termination_time: 959011.942
local_termination_time: 500819.1922800003
node_cons: 19703.876367817837
tot_aggregated_send: 12586
tot_msg_rcv: 790
tot_msg_sent: 1622
tot_reconf_duration: 15.110000000000001
tot_sleeping_duration: 944311.8994400166
tot_uptimes: 246
tot_uptimes_duration: 14700.042559983442
