comms_cons: 96.1424767974178
finished_reconf: true
global_termination_time: 954509.399
local_termination_time: 261298.27920000066
node_cons: 19608.962325593406
tot_aggregated_send: 13340
tot_msg_rcv: 460
tot_msg_sent: 813
tot_reconf_duration: 4.390000000000001
tot_sleeping_duration: 939869.3686000049
tot_uptimes: 245
tot_uptimes_duration: 14640.030399995041
