comms_cons: 96.3865343938802
finished_reconf: true
global_termination_time: 953290.059
local_termination_time: 307918.37352000084
node_cons: 19610.374645593376
tot_aggregated_send: 13050
tot_msg_rcv: 495
tot_msg_sent: 1106
tot_reconf_duration: 5.43
tot_sleeping_duration: 938650.028600005
tot_uptimes: 245
tot_uptimes_duration: 14640.030399995041
