comms_cons: 799.1754241351322
finished_reconf: true
global_termination_time: 8033775.407519999
local_termination_time: 8033775.366399999
node_cons: 165352.5004288574
tot_aggregated_send: 114756
tot_msg_rcv: 2161
tot_msg_sent: 4552
tot_reconf_duration: 37.410000000000004
tot_sleeping_duration: 7910323.803600011
tot_uptimes: 2058
tot_uptimes_duration: 123451.60391998757
