comms_cons: 795.099968188709
finished_reconf: true
global_termination_time: 8038436.864
local_termination_time: 3167398.5943599995
node_cons: 165374.11810557978
tot_aggregated_send: 111650
tot_msg_rcv: 3138
tot_msg_sent: 6063
tot_reconf_duration: 25.299999999999997
tot_sleeping_duration: 7914956.833600011
tot_uptimes: 2059
tot_uptimes_duration: 123480.03039998934
