comms_cons: 810.5732866642898
finished_reconf: true
global_termination_time: 8035992.365
local_termination_time: 1071432.3643599998
node_cons: 165265.41489004783
tot_aggregated_send: 111012
tot_msg_rcv: 4219
tot_msg_sent: 7970
tot_reconf_duration: 4.390000000000001
tot_sleeping_duration: 7912572.31028002
tot_uptimes: 2058
tot_uptimes_duration: 123420.05471998034
