comms_cons: 801.1795265637728
finished_reconf: true
global_termination_time: 8034469.432
local_termination_time: 1619689.5897999986
node_cons: 165274.82039116553
tot_aggregated_send: 112694
tot_msg_rcv: 3094
tot_msg_sent: 5986
tot_reconf_duration: 11.31
tot_sleeping_duration: 7911049.371200021
tot_uptimes: 2058
tot_uptimes_duration: 123420.06079997844
