comms_cons: 226.0163839829363
finished_reconf: true
global_termination_time: 2241067.074
local_termination_time: 340306.12336
node_cons: 46041.42525005565
tot_aggregated_send: 30682
tot_msg_rcv: 1339
tot_msg_sent: 2332
tot_reconf_duration: 4.8100000000000005
tot_sleeping_duration: 2206687.019280018
tot_uptimes: 574
tot_uptimes_duration: 34380.0547199822
