comms_cons: 1.486899199995088
finished_reconf: true
global_termination_time: 14955.069
local_termination_time: 6526.54636
node_cons: 255.89009999999976
tot_aggregated_send: 0
tot_msg_rcv: 118
tot_msg_sent: 108
tot_reconf_duration: 10.95
tot_sleeping_duration: 14775.069
tot_uptimes: 4
tot_uptimes_duration: 180.0
