comms_cons: 66.31896320015247
finished_reconf: true
global_termination_time: 672652.415
local_termination_time: 528734.9303599999
node_cons: 13843.209179999969
tot_aggregated_send: 9628
tot_msg_rcv: 211
tot_msg_sent: 242
tot_reconf_duration: 18.21
tot_sleeping_duration: 662332.415
tot_uptimes: 173
tot_uptimes_duration: 10320.0
