comms_cons: 581.943071912056
finished_reconf: true
global_termination_time: 672204.2359599997
local_termination_time: 672204.1948399998
node_cons: 67221.67555417506
tot_aggregated_send: 0
tot_msg_rcv: 39957
tot_msg_sent: 48493
tot_reconf_duration: 24.59
tot_sleeping_duration: 622026.2805199876
tot_uptimes: 812
tot_uptimes_duration: 50177.955440012185
