comms_cons: 332.4729472293318
finished_reconf: true
global_termination_time: 3332834.707
local_termination_time: 1100310.3903599998
node_cons: 68536.03860781809
tot_aggregated_send: 46748
tot_msg_rcv: 1339
tot_msg_sent: 2447
tot_reconf_duration: 4.390000000000001
tot_sleeping_duration: 3281654.664440015
tot_uptimes: 854
tot_uptimes_duration: 51180.04255998484
