comms_cons: 338.4899008260875
finished_reconf: true
global_termination_time: 3331625.136
local_termination_time: 1584185.313999999
node_cons: 68540.696547818
tot_aggregated_send: 45588
tot_msg_rcv: 2038
tot_msg_sent: 3821
tot_reconf_duration: 7.819999999999999
tot_sleeping_duration: 3280445.0934400153
tot_uptimes: 854
tot_uptimes_duration: 51180.042559984606
