comms_cons: 44.0740608008705
finished_reconf: true
global_termination_time: 439805.9544800002
local_termination_time: 133455.65936000005
node_cons: 9049.344788720236
tot_aggregated_send: 5974
tot_msg_rcv: 219
tot_msg_sent: 505
tot_reconf_duration: 22.65
tot_sleeping_duration: 433070.64
tot_uptimes: 113
tot_uptimes_duration: 6735.3144800001755
