comms_cons: 59.14105600012557
finished_reconf: true
global_termination_time: 584734.888
local_termination_time: 434662.6009600006
node_cons: 11981.287701121453
tot_aggregated_send: 8062
tot_msg_rcv: 408
tot_msg_sent: 520
tot_reconf_duration: 7.819999999999999
tot_sleeping_duration: 575794.8819199989
tot_uptimes: 150
tot_uptimes_duration: 8940.006080001069
