comms_cons: 236.2130176013752
finished_reconf: true
global_termination_time: 2375164.45
local_termination_time: 1584140.3431999988
node_cons: 48862.88019999955
tot_aggregated_send: 34104
tot_msg_rcv: 650
tot_msg_sent: 1149
tot_reconf_duration: 11.899999999999999
tot_sleeping_duration: 2338684.45
tot_uptimes: 609
tot_uptimes_duration: 36480.0
