comms_cons: 242.29601918193453
finished_reconf: true
global_termination_time: 2373247.087
local_termination_time: 119736.88119999961
node_cons: 48770.66844011217
tot_aggregated_send: 31726
tot_msg_rcv: 1640
tot_msg_sent: 3462
tot_reconf_duration: 3.05
tot_sleeping_duration: 2336826.977560035
tot_uptimes: 608
tot_uptimes_duration: 36420.109439964755
