comms_cons: 238.45119997641572
finished_reconf: true
global_termination_time: 2374968.485
local_termination_time: 1827112.64536
node_cons: 48855.22374781715
tot_aggregated_send: 31958
tot_msg_rcv: 1504
tot_msg_sent: 2783
tot_reconf_duration: 6.22
tot_sleeping_duration: 2338488.442440016
tot_uptimes: 609
tot_uptimes_duration: 36480.04255998344
