comms_cons: 193.06398078436695
finished_reconf: true
global_termination_time: 1894782.34412
local_termination_time: 89386.16200000001
node_cons: 39030.11288391004
tot_aggregated_send: 25750
tot_msg_rcv: 1269
tot_msg_sent: 2324
tot_reconf_duration: 22.65
tot_sleeping_duration: 1865656.6128400073
tot_uptimes: 486
tot_uptimes_duration: 29125.731279992717
