comms_cons: 191.22147198544693
finished_reconf: true
global_termination_time: 1897353.978
local_termination_time: 92767.1633599997
node_cons: 38971.472685593144
tot_aggregated_send: 25926
tot_msg_rcv: 1098
tot_msg_sent: 2040
tot_reconf_duration: 4.8100000000000005
tot_sleeping_duration: 1868253.9476000047
tot_uptimes: 486
tot_uptimes_duration: 29100.03039999504
