comms_cons: 185.4304895918998
finished_reconf: true
global_termination_time: 1895219.842
local_termination_time: 1232144.984
node_cons: 38976.64410574744
tot_aggregated_send: 26386
tot_msg_rcv: 516
tot_msg_sent: 1283
tot_reconf_duration: 7.819999999999999
tot_sleeping_duration: 1866119.0021600092
tot_uptimes: 486
tot_uptimes_duration: 29100.839839990716
