comms_cons: 187.02033918752392
finished_reconf: true
global_termination_time: 1894876.029
local_termination_time: 927468.7574799998
node_cons: 38972.298363350186
tot_aggregated_send: 25926
tot_msg_rcv: 793
tot_msg_sent: 1707
tot_reconf_duration: 5.43
tot_sleeping_duration: 1865776.0107600072
tot_uptimes: 486
tot_uptimes_duration: 29100.018239992904
