comms_cons: 828.2544130074252
finished_reconf: true
global_termination_time: 8295154.75
local_termination_time: 2049089.01336
node_cons: 170663.08127228214
tot_aggregated_send: 115710
tot_msg_rcv: 3425
tot_msg_sent: 6751
tot_reconf_duration: 15.34
tot_sleeping_duration: 8167714.683120024
tot_uptimes: 2125
tot_uptimes_duration: 127440.06687997608
