comms_cons: 825.1899457892724
finished_reconf: true
global_termination_time: 8299464.226
local_termination_time: 3556612.9531999985
node_cons: 170729.4827878142
tot_aggregated_send: 115594
tot_msg_rcv: 3382
tot_msg_sent: 6447
tot_reconf_duration: 5.1
tot_sleeping_duration: 8171964.183440015
tot_uptimes: 2126
tot_uptimes_duration: 127500.04255998507
