comms_cons: 820.5416641825843
finished_reconf: true
global_termination_time: 8295589.867
local_termination_time: 3697727.6633599997
node_cons: 170676.55810557952
tot_aggregated_send: 115130
tot_msg_rcv: 3278
tot_msg_sent: 6309
tot_reconf_duration: 25.299999999999997
tot_sleeping_duration: 8168149.83660001
tot_uptimes: 2125
tot_uptimes_duration: 127440.03039998934
