comms_cons: 810.9352577183233
finished_reconf: true
global_termination_time: 8295660.13
local_termination_time: 4757800.406439998
node_cons: 170662.69566222755
tot_aggregated_send: 115536
tot_msg_rcv: 2620
tot_msg_sent: 5100
tot_reconf_duration: 15.110000000000001
tot_sleeping_duration: 8168220.117840004
tot_uptimes: 2125
tot_uptimes_duration: 127440.01215999573
