comms_cons: 831.1625922228022
finished_reconf: true
global_termination_time: 8296187.617
local_termination_time: 2023592.3663599999
node_cons: 170649.63163339908
tot_aggregated_send: 115246
tot_msg_rcv: 3698
tot_msg_sent: 7388
tot_reconf_duration: 5.43
tot_sleeping_duration: 8168747.544040026
tot_uptimes: 2125
tot_uptimes_duration: 127440.07295997394
