comms_cons: 103.24080639637867
finished_reconf: true
global_termination_time: 1089003.361
local_termination_time: 1125.7661200000002
node_cons: 22342.51588335053
tot_aggregated_send: 14732
tot_msg_rcv: 343
tot_msg_sent: 617
tot_reconf_duration: 5.87
tot_sleeping_duration: 1072323.3427600071
tot_uptimes: 279
tot_uptimes_duration: 16680.018239992904
