comms_cons: 108.99102719238951
finished_reconf: true
global_termination_time: 1085718.874
local_termination_time: 3970.6929999999993
node_cons: 22344.79732335973
tot_aggregated_send: 14956
tot_msg_rcv: 641
tot_msg_sent: 969
tot_reconf_duration: 7.55
tot_sleeping_duration: 1069038.8557600002
tot_uptimes: 279
tot_uptimes_duration: 16680.018239999772
