comms_cons: 101.80730879474423
finished_reconf: true
global_termination_time: 1084511.632
local_termination_time: 6843.127
node_cons: 22259.356647822457
tot_aggregated_send: 14147
tot_msg_rcv: 428
tot_msg_sent: 899
tot_reconf_duration: 3.77
tot_sleeping_duration: 1067891.589440013
tot_uptimes: 278
tot_uptimes_duration: 16620.042559986876
