comms_cons: 114.72542719282451
finished_reconf: true
global_termination_time: 1123152.72512
local_termination_time: 143299.63940000083
node_cons: 23085.862267511788
tot_aggregated_send: 15022
tot_msg_rcv: 799
tot_msg_sent: 1617
tot_reconf_duration: 4.8100000000000005
tot_sleeping_duration: 1105916.481440006
tot_uptimes: 288
tot_uptimes_duration: 17236.243679993844
