comms_cons: 36.12638720040016
finished_reconf: true
global_termination_time: 349009.259
local_termination_time: 106046.71535999997
node_cons: 7157.2020822428785
tot_aggregated_send: 4524
tot_msg_rcv: 331
tot_msg_sent: 636
tot_reconf_duration: 5.1
tot_sleeping_duration: 343669.2468399979
tot_uptimes: 90
tot_uptimes_duration: 5340.0121600021375
