comms_cons: 36.13317120092961
finished_reconf: true
global_termination_time: 349276.163
local_termination_time: 114786.23799999946
node_cons: 7175.820115120709
tot_aggregated_send: 4524
tot_msg_rcv: 334
tot_msg_sent: 635
tot_reconf_duration: 13.17
tot_sleeping_duration: 343930.4309199995
tot_uptimes: 90
tot_uptimes_duration: 5345.7320800005255
