comms_cons: 34.685542399943685
finished_reconf: true
global_termination_time: 350823.491
local_termination_time: 22087.59208
node_cons: 7175.654600000004
tot_aggregated_send: 4930
tot_msg_rcv: 127
tot_msg_sent: 215
tot_reconf_duration: 18.700000000000003
tot_sleeping_duration: 345483.491
tot_uptimes: 90
tot_uptimes_duration: 5340.0
