comms_cons: 115.80770559807134
finished_reconf: true
global_termination_time: 1174086.063
local_termination_time: 414514.308
node_cons: 24113.39874176146
tot_aggregated_send: 17049
tot_msg_rcv: 205
tot_msg_sent: 349
tot_reconf_duration: 5.57
tot_sleeping_duration: 1156083.1991599991
tot_uptimes: 301
tot_uptimes_duration: 18002.863840001053
