comms_cons: 120.48508799134373
finished_reconf: true
global_termination_time: 1174692.914
local_termination_time: 147256.0658400001
node_cons: 24112.65212448113
tot_aggregated_send: 15776
tot_msg_rcv: 912
tot_msg_sent: 1625
tot_reconf_duration: 7.819999999999999
tot_sleeping_duration: 1156692.8896799993
tot_uptimes: 301
tot_uptimes_duration: 18000.02432000084
