comms_cons: 229.61876466648076
finished_reconf: true
global_termination_time: 1170685.896
local_termination_time: 742646.5731999987
node_cons: 24030.106760000155
tot_aggregated_send: 0
tot_msg_rcv: 17559
tot_msg_sent: 17340
tot_reconf_duration: 6.22
tot_sleeping_duration: 1152745.896
tot_uptimes: 300
tot_uptimes_duration: 17940.0
