comms_cons: 115.63350399852439
finished_reconf: true
global_termination_time: 1170074.885
local_termination_time: 777953.3645999997
node_cons: 24029.033939999976
tot_aggregated_send: 16820
tot_msg_rcv: 238
tot_msg_sent: 517
tot_reconf_duration: 5.43
tot_sleeping_duration: 1152134.885
tot_uptimes: 300
tot_uptimes_duration: 17940.000000000022
