comms_cons: 281.6998400131733
finished_reconf: false
global_termination_time: 2810856.894
local_termination_time: 0
node_cons: 57911.719136867665
tot_aggregated_send: 39614
tot_msg_rcv: 1093
tot_msg_sent: 2109
tot_reconf_duration: 47.290000000000006
tot_sleeping_duration: 2767654.878080008
tot_uptimes: 720
tot_uptimes_duration: 43202.01591999171
