comms_cons: 274.7874944187612
finished_reconf: true
global_termination_time: 2810814.836
local_termination_time: 7016.655
node_cons: 57855.0610411158
tot_aggregated_send: 39435
tot_msg_rcv: 761
tot_msg_sent: 1571
tot_reconf_duration: 7.55
tot_sleeping_duration: 2767614.8299200027
tot_uptimes: 720
tot_uptimes_duration: 43200.006079997635
