comms_cons: 133.08261118086074
finished_reconf: true
global_termination_time: 672090.119
local_termination_time: 2657.6693600000003
node_cons: 13843.225462238282
tot_aggregated_send: 0
tot_msg_rcv: 10258
tot_msg_sent: 9968
tot_reconf_duration: 18.21
tot_sleeping_duration: 661770.1068400013
tot_uptimes: 173
tot_uptimes_duration: 10320.012159998703
