comms_cons: 66.7302399997535
finished_reconf: true
global_termination_time: 674702.641
local_termination_time: 296820.8675200004
node_cons: 13826.926759999982
tot_aggregated_send: 9628
tot_msg_rcv: 171
tot_msg_sent: 343
tot_reconf_duration: 6.22
tot_sleeping_duration: 664382.641
tot_uptimes: 173
tot_uptimes_duration: 10320.0
