comms_cons: 136.49928958929934
finished_reconf: true
global_termination_time: 1346803.989
local_termination_time: 362790.6498000007
node_cons: 27645.545227822426
tot_aggregated_send: 18270
tot_msg_rcv: 790
tot_msg_sent: 1688
tot_reconf_duration: 6.279999999999999
tot_sleeping_duration: 1326163.9464400131
tot_uptimes: 345
tot_uptimes_duration: 20640.042559986876
