comms_cons: 137.17934718868088
finished_reconf: true
global_termination_time: 1346255.159
local_termination_time: 127328.9343199996
node_cons: 27641.19145229438
tot_aggregated_send: 18154
tot_msg_rcv: 884
tot_msg_sent: 1811
tot_reconf_duration: 3.05
tot_sleeping_duration: 1325615.092120019
tot_uptimes: 345
tot_uptimes_duration: 20640.066879980848
