comms_cons: 138.2540351867079
finished_reconf: true
global_termination_time: 1350748.922
local_termination_time: 259411.87052000038
node_cons: 27725.8118889439
tot_aggregated_send: 17806
tot_msg_rcv: 996
tot_msg_sent: 2211
tot_reconf_duration: 6.22
tot_sleeping_duration: 1330048.8733600122
tot_uptimes: 346
tot_uptimes_duration: 20700.048639987945
