comms_cons: 230.5793855965179
finished_reconf: true
global_termination_time: 2322499.446
local_termination_time: 162200.25540000034
node_cons: 47726.14263999939
tot_aggregated_send: 33176
tot_msg_rcv: 596
tot_msg_sent: 1274
tot_reconf_duration: 3.08
tot_sleeping_duration: 2286859.446
tot_uptimes: 595
tot_uptimes_duration: 35640.0
