comms_cons: 401.7346748635798
finished_reconf: true
global_termination_time: 2326495.237
local_termination_time: 492948.80160000006
node_cons: 47808.913391181515
tot_aggregated_send: 0
tot_msg_rcv: 31113
tot_msg_sent: 29952
tot_reconf_duration: 4.8100000000000005
tot_sleeping_duration: 2290795.1762000136
tot_uptimes: 596
tot_uptimes_duration: 35700.06079998665
