comms_cons: 238.97928957549925
finished_reconf: true
global_termination_time: 2324142.852
local_termination_time: 379698.9282000002
node_cons: 47809.76349228915
tot_aggregated_send: 30450
tot_msg_rcv: 2087
tot_msg_sent: 3788
tot_reconf_duration: 5.43
tot_sleeping_duration: 2288442.7851200225
tot_uptimes: 596
tot_uptimes_duration: 35700.066879977414
