comms_cons: 228.46929919618563
finished_reconf: true
global_termination_time: 2362055.707
local_termination_time: 1191176.8310399994
node_cons: 48559.71739999943
tot_aggregated_send: 33872
tot_msg_rcv: 296
tot_msg_sent: 558
tot_reconf_duration: 25.299999999999997
tot_sleeping_duration: 2325815.707
tot_uptimes: 605
tot_uptimes_duration: 36240.0
