comms_cons: 229.66671359835746
finished_reconf: true
global_termination_time: 2365358.087
local_termination_time: 1398249.605879999
node_cons: 48623.58485999927
tot_aggregated_send: 33988
tot_msg_rcv: 254
tot_msg_sent: 666
tot_reconf_duration: 13.17
tot_sleeping_duration: 2329058.087
tot_uptimes: 606
tot_uptimes_duration: 36300.0
