comms_cons: 227.64289279022236
finished_reconf: true
global_termination_time: 2360689.961
local_termination_time: 1029820.358
node_cons: 48535.50471910679
tot_aggregated_send: 31839
tot_msg_rcv: 817
tot_msg_sent: 1944
tot_reconf_duration: 6.22
tot_sleeping_duration: 2324448.6929200096
tot_uptimes: 605
tot_uptimes_duration: 36241.26807999052
