comms_cons: 34.14009600072791
finished_reconf: true
global_termination_time: 333249.83
local_termination_time: 145757.98936000007
node_cons: 6837.444522242868
tot_aggregated_send: 4350
tot_msg_rcv: 261
tot_msg_sent: 579
tot_reconf_duration: 6.279999999999999
tot_sleeping_duration: 328149.8178399979
tot_uptimes: 86
tot_uptimes_duration: 5100.0121600021375
