comms_cons: 57.78357759996413
finished_reconf: true
global_termination_time: 560186.701
local_termination_time: 192100.21536000006
node_cons: 11495.168262242874
tot_aggregated_send: 7134
tot_msg_rcv: 547
tot_msg_sent: 1101
tot_reconf_duration: 4.8100000000000005
tot_sleeping_duration: 551606.6888399979
tot_uptimes: 144
tot_uptimes_duration: 8580.012160002138
