comms_cons: 101.34662401487188
finished_reconf: true
global_termination_time: 559108.617
local_termination_time: 48694.82036000002
node_cons: 11494.589761121455
tot_aggregated_send: 0
tot_msg_rcv: 7716
tot_msg_sent: 7689
tot_reconf_duration: 4.390000000000001
tot_sleeping_duration: 550528.6109199988
tot_uptimes: 144
tot_uptimes_duration: 8580.006080001069
