comms_cons: 57.86083840030717
finished_reconf: true
global_termination_time: 560516.912
local_termination_time: 167963.81460000007
node_cons: 11492.77818224286
tot_aggregated_send: 7250
tot_msg_rcv: 499
tot_msg_sent: 1046
tot_reconf_duration: 3.05
tot_sleeping_duration: 551936.8998399979
tot_uptimes: 144
tot_uptimes_duration: 8580.012160002138
