comms_cons: 54.37050880067998
finished_reconf: true
global_termination_time: 556202.983
local_termination_time: 67818.91935999997
node_cons: 11416.743042242879
tot_aggregated_send: 7598
tot_msg_rcv: 224
tot_msg_sent: 442
tot_reconf_duration: 6.22
tot_sleeping_duration: 547682.9708399979
tot_uptimes: 143
tot_uptimes_duration: 8520.012160002138
