comms_cons: 54.42972160026086
finished_reconf: true
global_termination_time: 556800.701
local_termination_time: 170404.4585200004
node_cons: 11423.638980000012
tot_aggregated_send: 7888
tot_msg_rcv: 152
tot_msg_sent: 233
tot_reconf_duration: 11.31
tot_sleeping_duration: 548280.701
tot_uptimes: 143
tot_uptimes_duration: 8520.0
