comms_cons: 117.30055679618637
finished_reconf: true
global_termination_time: 1184162.259
local_termination_time: 1025115.6423599999
node_cons: 24351.548240000073
tot_aggregated_send: 16994
tot_msg_rcv: 314
tot_msg_sent: 521
tot_reconf_duration: 6.279999999999999
tot_sleeping_duration: 1165982.259
tot_uptimes: 304
tot_uptimes_duration: 18180.0
