comms_cons: 345.85672939085237
finished_reconf: true
global_termination_time: 1185482.437
local_termination_time: 450904.20360000007
node_cons: 48438.03427399933
tot_aggregated_send: 0
tot_msg_rcv: 17631
tot_msg_sent: 34937
tot_reconf_duration: 13.17
tot_sleeping_duration: 1149321.011
tot_uptimes: 600
tot_uptimes_duration: 36161.42599999998
