comms_cons: 119.3093759890679
finished_reconf: true
global_termination_time: 1186796.978
local_termination_time: 266071.40436
node_cons: 24349.0386078224
tot_aggregated_send: 16008
tot_msg_rcv: 553
tot_msg_sent: 1576
tot_reconf_duration: 4.390000000000001
tot_sleeping_duration: 1168616.935440013
tot_uptimes: 304
tot_uptimes_duration: 18180.042559986876
