comms_cons: 462.38279687965036
finished_reconf: true
global_termination_time: 4610316.697
local_termination_time: 56519.983160000156
node_cons: 94808.88617676582
tot_aggregated_send: 64612
tot_msg_rcv: 1825
tot_msg_sent: 3841
tot_reconf_duration: 5.57
tot_sleeping_duration: 4539516.605800023
tot_uptimes: 1181
tot_uptimes_duration: 70800.09119997645
