comms_cons: 465.58172168571537
finished_reconf: true
global_termination_time: 4608654.360239997
local_termination_time: 135161.92936000007
node_cons: 94828.62760388265
tot_aggregated_send: 63916
tot_msg_rcv: 2338
tot_msg_sent: 4510
tot_reconf_duration: 5.1
tot_sleeping_duration: 4537839.048960022
tot_uptimes: 1181
tot_uptimes_duration: 70815.31127997406
