comms_cons: 460.6703360549561
finished_reconf: true
global_termination_time: 4610646.79
local_termination_time: 1318974.507
node_cons: 94822.44265421081
tot_aggregated_send: 65247
tot_msg_rcv: 1582
tot_msg_sent: 3190
tot_reconf_duration: 15.110000000000001
tot_sleeping_duration: 4539846.249840019
tot_uptimes: 1181
tot_uptimes_duration: 70800.5401599803
