comms_cons: 466.1757952932118
finished_reconf: true
global_termination_time: 4612946.833
local_termination_time: 2052633.7413199996
node_cons: 94887.55046669979
tot_aggregated_send: 64148
tot_msg_rcv: 2354
tot_msg_sent: 4354
tot_reconf_duration: 4.390000000000001
tot_sleeping_duration: 4542086.796520012
tot_uptimes: 1182
tot_uptimes_duration: 70860.03647998697
