comms_cons: 339.3156288017334
finished_reconf: true
global_termination_time: 3455319.348
local_termination_time: 2597969.30836
node_cons: 71029.12080446609
tot_aggregated_send: 47502
tot_msg_rcv: 1168
tot_msg_sent: 2904
tot_reconf_duration: 6.279999999999999
tot_sleeping_duration: 3402279.3236800097
tot_uptimes: 885
tot_uptimes_duration: 53040.02431999054
