comms_cons: 345.0934208172384
finished_reconf: true
global_termination_time: 3454687.006
local_termination_time: 1489871.5642799982
node_cons: 71038.47742446625
tot_aggregated_send: 48372
tot_msg_rcv: 1357
tot_msg_sent: 2724
tot_reconf_duration: 13.17
tot_sleeping_duration: 3401646.981680009
tot_uptimes: 885
tot_uptimes_duration: 53040.024319991004
