comms_cons: 347.2864256181496
finished_reconf: true
global_termination_time: 3453765.642
local_termination_time: 1091603.9735999997
node_cons: 71041.13636781668
tot_aggregated_send: 48198
tot_msg_rcv: 1515
tot_msg_sent: 3072
tot_reconf_duration: 15.110000000000001
tot_sleeping_duration: 3400725.599440016
tot_uptimes: 885
tot_uptimes_duration: 53040.04255998391
