comms_cons: 680.4720392385785
finished_reconf: true
global_termination_time: 3453450.7667199974
local_termination_time: 773.8684799999991
node_cons: 71058.73764477934
tot_aggregated_send: 0
tot_msg_rcv: 52138
tot_msg_sent: 51285
tot_reconf_duration: 11.899999999999999
tot_sleeping_duration: 3400394.3235200117
tot_uptimes: 885
tot_uptimes_duration: 53056.44319998576
