comms_cons: 347.5419392175923
finished_reconf: true
global_termination_time: 3455494.918
local_termination_time: 188680.60564000087
node_cons: 71026.61117229372
tot_aggregated_send: 48082
tot_msg_rcv: 1654
tot_msg_sent: 3088
tot_reconf_duration: 4.390000000000001
tot_sleeping_duration: 3402454.851120019
tot_uptimes: 885
tot_uptimes_duration: 53040.06687998155
