comms_cons: 346.1425792305478
finished_reconf: true
global_termination_time: 3453712.318
local_termination_time: 1121166.90236
node_cons: 71031.22840670012
tot_aggregated_send: 48024
tot_msg_rcv: 1656
tot_msg_sent: 2931
tot_reconf_duration: 7.819999999999999
tot_sleeping_duration: 3400672.2815200137
tot_uptimes: 885
tot_uptimes_duration: 53040.03647998627
