comms_cons: 341.5659456192727
finished_reconf: true
global_termination_time: 3455161.049
local_termination_time: 1580860.6334399986
node_cons: 71035.96782670042
tot_aggregated_send: 48372
tot_msg_rcv: 1049
tot_msg_sent: 2495
tot_reconf_duration: 11.31
tot_sleeping_duration: 3402121.0125200134
tot_uptimes: 885
tot_uptimes_duration: 53040.036479986506
