comms_cons: 69.0818752079275
finished_reconf: true
global_termination_time: 355900.24524000054
local_termination_time: 207454.35028000033
node_cons: 7396.020719360753
tot_aggregated_send: 0
tot_msg_rcv: 5332
tot_msg_sent: 5167
tot_reconf_duration: 4.8100000000000005
tot_sleeping_duration: 350381.583
tot_uptimes: 92
tot_uptimes_duration: 5518.662240000558
