comms_cons: 34.94871040023002
finished_reconf: true
global_termination_time: 360299.844
local_termination_time: 343810.06948000006
node_cons: 7405.230295720111
tot_aggregated_send: 4872
tot_msg_rcv: 152
tot_msg_sent: 288
tot_reconf_duration: 7.819999999999999
tot_sleeping_duration: 354777.3565199999
tot_uptimes: 93
tot_uptimes_duration: 5522.487480000069
