comms_cons: 213.98566397549192
finished_reconf: true
global_termination_time: 2099690.3720399993
local_termination_time: 2099690.330919999
node_cons: 43212.6773523854
tot_aggregated_send: 28696
tot_msg_rcv: 1362
tot_msg_sent: 2470
tot_reconf_duration: 24.59
tot_sleeping_duration: 2067442.9604400098
tot_uptimes: 538
tot_uptimes_duration: 32247.41159998963
