comms_cons: 203.60650239360382
finished_reconf: true
global_termination_time: 2102256.233
local_termination_time: 1204479.7143599996
node_cons: 43227.06189999934
tot_aggregated_send: 29522
tot_msg_rcv: 495
tot_msg_sent: 930
tot_reconf_duration: 3.05
tot_sleeping_duration: 2069976.233
tot_uptimes: 539
tot_uptimes_duration: 32280.0
