comms_cons: 2.295404799991506
finished_reconf: true
global_termination_time: 14038.278
local_termination_time: 8633.333359999999
node_cons: 247.94579999999803
tot_aggregated_send: 0
tot_msg_rcv: 178
tot_msg_sent: 170
tot_reconf_duration: 5.1
tot_sleeping_duration: 13858.278
tot_uptimes: 4
tot_uptimes_duration: 180.0
