comms_cons: 2.2375551999918977
finished_reconf: true
global_termination_time: 17262.294
local_termination_time: 9244.21536
node_cons: 346.754600000001
tot_aggregated_send: 0
tot_msg_rcv: 181
tot_msg_sent: 159
tot_reconf_duration: 18.700000000000003
tot_sleeping_duration: 17022.294
tot_uptimes: 5
tot_uptimes_duration: 240.0
