comms_cons: 2.2895615999966186
finished_reconf: true
global_termination_time: 13004.318240000006
local_termination_time: 5805.5073600000005
node_cons: 299.7655793600095
tot_aggregated_send: 0
tot_msg_rcv: 182
tot_msg_sent: 166
tot_reconf_duration: 11.31
tot_sleeping_duration: 12791.916
tot_uptimes: 4
tot_uptimes_duration: 212.4022400000067
