comms_cons: 2.3494015999941675
finished_reconf: true
global_termination_time: 17171.822
local_termination_time: 4501.99336
node_cons: 328.2858000000005
tot_aggregated_send: 0
tot_msg_rcv: 185
tot_msg_sent: 172
tot_reconf_duration: 5.1
tot_sleeping_duration: 16931.822
tot_uptimes: 5
tot_uptimes_duration: 240.0
