comms_cons: 2.2632447999925214
finished_reconf: true
global_termination_time: 12932.495
local_termination_time: 10433.30736
node_cons: 247.55198000000178
tot_aggregated_send: 0
tot_msg_rcv: 173
tot_msg_sent: 170
tot_reconf_duration: 4.8100000000000005
tot_sleeping_duration: 12752.495
tot_uptimes: 4
tot_uptimes_duration: 180.0
