comms_cons: 129.5115519984545
finished_reconf: true
global_termination_time: 1364493.535
local_termination_time: 4710.683
node_cons: 28048.274640000043
tot_aggregated_send: 19480
tot_msg_rcv: 86
tot_msg_sent: 119
tot_reconf_duration: 7.08
tot_sleeping_duration: 1343553.535
tot_uptimes: 350
tot_uptimes_duration: 20940.0
