comms_cons: 278.5628608147378
finished_reconf: false
global_termination_time: 2808366.397
local_termination_time: 0
node_cons: 57900.638413358116
tot_aggregated_send: 40599
tot_msg_rcv: 621
tot_msg_sent: 1119
tot_reconf_duration: 41.11
tot_sleeping_duration: 2765166.3887600005
tot_uptimes: 720
tot_uptimes_duration: 43200.00823999944
