comms_cons: 257.1875072000016
finished_reconf: true
global_termination_time: 2809832.001
local_termination_time: 6055.795
node_cons: 57852.63565999896
tot_aggregated_send: 39085
tot_msg_rcv: 3
tot_msg_sent: 3
tot_reconf_duration: 5.77
tot_sleeping_duration: 2766632.001
tot_uptimes: 720
tot_uptimes_duration: 43200.0
