comms_cons: 278.1735168232906
finished_reconf: true
global_termination_time: 2808610.445
local_termination_time: 6653.548
node_cons: 57854.46348670059
tot_aggregated_send: 38968
tot_msg_rcv: 1088
tot_msg_sent: 2224
tot_reconf_duration: 7.08
tot_sleeping_duration: 2765410.4085200136
tot_uptimes: 720
tot_uptimes_duration: 43200.03647998627
