comms_cons: 180.56748158862595
finished_reconf: true
global_termination_time: 1794525.371
local_termination_time: 587501.8523599999
node_cons: 36880.226323350435
tot_aggregated_send: 24882
tot_msg_rcv: 822
tot_msg_sent: 1741
tot_reconf_duration: 3.05
tot_sleeping_duration: 1766985.3527600071
tot_uptimes: 460
tot_uptimes_duration: 27540.018239992904
