comms_cons: 91.87097599445721
finished_reconf: true
global_termination_time: 896485.56
local_termination_time: 41986.33736000001
node_cons: 18406.453368953076
tot_aggregated_send: 11658
tot_msg_rcv: 734
tot_msg_sent: 1571
tot_reconf_duration: 6.279999999999999
tot_sleeping_duration: 882745.5113600052
tot_uptimes: 230
tot_uptimes_duration: 13740.048639994813
