comms_cons: 92.26137599185338
finished_reconf: true
global_termination_time: 896335.572
local_termination_time: 182125.40960000007
node_cons: 18404.842787831654
tot_aggregated_send: 11600
tot_msg_rcv: 733
tot_msg_sent: 1691
tot_reconf_duration: 5.1
tot_sleeping_duration: 882595.5294400064
tot_uptimes: 230
tot_uptimes_duration: 13740.042559993744
