comms_cons: 90.22714879131792
finished_reconf: true
global_termination_time: 892619.793
local_termination_time: 641583.7353599998
node_cons: 18329.92764011482
tot_aggregated_send: 11658
tot_msg_rcv: 598
tot_msg_sent: 1458
tot_reconf_duration: 9.11
tot_sleeping_duration: 878939.7659200038
tot_uptimes: 229
tot_uptimes_duration: 13680.027079996129
