comms_cons: 91.45892479424225
finished_reconf: true
global_termination_time: 893105.524
local_termination_time: 15073.371000000001
node_cons: 18348.364396005447
tot_aggregated_send: 11830
tot_msg_rcv: 688
tot_msg_sent: 1384
tot_reconf_duration: 22.65
tot_sleeping_duration: 879425.459999996
tot_uptimes: 229
tot_uptimes_duration: 13680.06400000405
