comms_cons: 23.127142400629705
finished_reconf: true
global_termination_time: 228275.96
local_termination_time: 64217.44236000001
node_cons: 4677.629283362015
tot_aggregated_send: 2784
tot_msg_rcv: 159
tot_msg_sent: 573
tot_reconf_duration: 13.17
tot_sleeping_duration: 224795.9417599985
tot_uptimes: 59
tot_uptimes_duration: 3480.0182400015037
