comms_cons: 71.60143359979793
finished_reconf: true
global_termination_time: 744253.717
local_termination_time: 389184.4723600001
node_cons: 15355.567701121463
tot_aggregated_send: 10034
tot_msg_rcv: 273
tot_msg_sent: 576
tot_reconf_duration: 7.819999999999999
tot_sleeping_duration: 732793.7109199989
tot_uptimes: 191
tot_uptimes_duration: 11460.006080001069
