comms_cons: 73.88540160013696
finished_reconf: true
global_termination_time: 749183.789
local_termination_time: 266635.2615600007
node_cons: 15360.29898000002
tot_aggregated_send: 10266
tot_msg_rcv: 332
tot_msg_sent: 632
tot_reconf_duration: 11.31
tot_sleeping_duration: 737723.789
tot_uptimes: 192
tot_uptimes_duration: 11460.0
