comms_cons: 48.39722240074281
finished_reconf: true
global_termination_time: 1053566.592
local_termination_time: 2997.89312
node_cons: 21615.229801121463
tot_aggregated_send: 0
tot_msg_rcv: 87
tot_msg_sent: 7269
tot_reconf_duration: 2.77
tot_sleeping_duration: 1037426.5859199988
tot_uptimes: 270
tot_uptimes_duration: 16140.006080001069
