comms_cons: 631.9768192923145
finished_reconf: true
global_termination_time: 6500229.363
local_termination_time: 3977422.166039998
node_cons: 133702.94410446408
tot_aggregated_send: 89958
tot_msg_rcv: 2015
tot_msg_sent: 4085
tot_reconf_duration: 12.629999999999999
tot_sleeping_duration: 6400389.338680008
tot_uptimes: 1665
tot_uptimes_duration: 99840.02431999147
