comms_cons: 652.5102977509858
finished_reconf: true
global_termination_time: 6501070.756
local_termination_time: 1436183.365759998
node_cons: 133696.45283004944
tot_aggregated_send: 90596
tot_msg_rcv: 3009
tot_msg_sent: 5572
tot_reconf_duration: 7.819999999999999
tot_sleeping_duration: 6401230.70128002
tot_uptimes: 1665
tot_uptimes_duration: 99840.05471998034
