comms_cons: 655.3153025664453
finished_reconf: true
global_termination_time: 6501333.475
local_termination_time: 1485853.3979599997
node_cons: 133694.28817117075
tot_aggregated_send: 90074
tot_msg_rcv: 3381
tot_msg_sent: 6150
tot_reconf_duration: 6.22
tot_sleeping_duration: 6401493.414200018
tot_uptimes: 1665
tot_uptimes_duration: 99840.06079998141
