comms_cons: 246.49617920168853
finished_reconf: true
global_termination_time: 2443837.866
local_termination_time: 1404997.6962799982
node_cons: 50243.29126446682
tot_aggregated_send: 33582
tot_msg_rcv: 1231
tot_msg_sent: 2652
tot_reconf_duration: 22.65
tot_sleeping_duration: 2406337.841680009
tot_uptimes: 626
tot_uptimes_duration: 37500.02431999077
