comms_cons: 248.59039999269606
finished_reconf: true
global_termination_time: 2444049.55
local_termination_time: 353558.15536000003
node_cons: 50219.93092782171
tot_aggregated_send: 33292
tot_msg_rcv: 1527
tot_msg_sent: 2966
tot_reconf_duration: 5.43
tot_sleeping_duration: 2406549.5074400133
tot_uptimes: 626
tot_uptimes_duration: 37500.042559986876
