comms_cons: 142.55762558094648
finished_reconf: true
global_termination_time: 1352234.175
local_termination_time: 297247.8916000001
node_cons: 27806.26593342038
tot_aggregated_send: 17226
tot_msg_rcv: 1591
tot_msg_sent: 2849
tot_reconf_duration: 6.279999999999999
tot_sleeping_duration: 1331474.1020400147
tot_uptimes: 347
tot_uptimes_duration: 20760.07295998535
