comms_cons: 140.58651518324885
finished_reconf: true
global_termination_time: 1354342.855
local_termination_time: 257039.78732000018
node_cons: 27805.301753420434
tot_aggregated_send: 17864
tot_msg_rcv: 1284
tot_msg_sent: 2221
tot_reconf_duration: 5.57
tot_sleeping_duration: 1333582.7820400146
tot_uptimes: 347
tot_uptimes_duration: 20760.07295998535
