comms_cons: 138.04008319309534
finished_reconf: true
global_termination_time: 1353269.917
local_termination_time: 700842.5333599999
node_cons: 27812.534523355072
tot_aggregated_send: 18386
tot_msg_rcv: 924
tot_msg_sent: 1671
tot_reconf_duration: 10.95
tot_sleeping_duration: 1332509.8987600037
tot_uptimes: 347
tot_uptimes_duration: 20760.018239996338
