comms_cons: 135.29216639712715
finished_reconf: true
global_termination_time: 1354223.016
local_termination_time: 1090329.19036
node_cons: 27803.63418447643
tot_aggregated_send: 18966
tot_msg_rcv: 546
tot_msg_sent: 1051
tot_reconf_duration: 4.390000000000001
tot_sleeping_duration: 1333462.9916800025
tot_uptimes: 347
tot_uptimes_duration: 20760.024319997407
