comms_cons: 268.5560766206283
finished_reconf: true
global_termination_time: 1353438.311
local_termination_time: 1341.5194800000027
node_cons: 27801.81446447055
tot_aggregated_send: 0
tot_msg_rcv: 20732
tot_msg_sent: 20086
tot_reconf_duration: 3.05
tot_sleeping_duration: 1332678.286680007
tot_uptimes: 347
tot_uptimes_duration: 20760.02431999291
