comms_cons: 141.28637438206312
finished_reconf: true
global_termination_time: 1353325.742
local_termination_time: 88948.72959999995
node_cons: 27808.316547827075
tot_aggregated_send: 17400
tot_msg_rcv: 1402
tot_msg_sent: 2671
tot_reconf_duration: 7.819999999999999
tot_sleeping_duration: 1332565.6994400097
tot_uptimes: 347
tot_uptimes_duration: 20760.04255999031
