comms_cons: 244.3314047944396
finished_reconf: true
global_termination_time: 2474239.441
local_termination_time: 321734.81424000044
node_cons: 50862.145799999234
tot_aggregated_send: 35438
tot_msg_rcv: 554
tot_msg_sent: 1144
tot_reconf_duration: 5.1
tot_sleeping_duration: 2436259.441
tot_uptimes: 634
tot_uptimes_duration: 37980.0
