comms_cons: 246.21998078856265
finished_reconf: true
global_termination_time: 2477931.524
local_termination_time: 771137.8073599999
node_cons: 50947.939521116066
tot_aggregated_send: 35612
tot_msg_rcv: 659
tot_msg_sent: 1153
tot_reconf_duration: 9.11
tot_sleeping_duration: 2439891.5179200023
tot_uptimes: 635
tot_uptimes_duration: 38040.006079997635
