comms_cons: 448.4059389919441
finished_reconf: true
global_termination_time: 2474515.475
local_termination_time: 283685.60248000006
node_cons: 50861.80896781741
tot_aggregated_send: 0
tot_msg_rcv: 34498
tot_msg_sent: 33660
tot_reconf_duration: 4.8100000000000005
tot_sleeping_duration: 2436535.4324400164
tot_uptimes: 634
tot_uptimes_duration: 37980.042559983674
