comms_cons: 226.31320318776008
finished_reconf: true
global_termination_time: 2349350.565
local_termination_time: 411910.5033600001
node_cons: 48309.10988558357
tot_aggregated_send: 32132
tot_msg_rcv: 751
tot_msg_sent: 1517
tot_reconf_duration: 18.21
tot_sleeping_duration: 2313290.5346000115
tot_uptimes: 602
tot_uptimes_duration: 36060.03039998817
