comms_cons: 232.38447997773847
finished_reconf: true
global_termination_time: 2349495.053
local_termination_time: 880166.0363599999
node_cons: 48290.937108938706
tot_aggregated_send: 31030
tot_msg_rcv: 1500
tot_msg_sent: 2789
tot_reconf_duration: 4.8100000000000005
tot_sleeping_duration: 2313435.0043600155
tot_uptimes: 602
tot_uptimes_duration: 36060.04863998451
