comms_cons: 232.6556479861091
finished_reconf: true
global_termination_time: 2348554.321
local_termination_time: 784397.2963599999
node_cons: 48301.491539999384
tot_aggregated_send: 33234
tot_msg_rcv: 621
tot_msg_sent: 1506
tot_reconf_duration: 12.629999999999999
tot_sleeping_duration: 2312494.321
tot_uptimes: 602
tot_uptimes_duration: 36060.0
