comms_cons: 235.88405758076155
finished_reconf: true
global_termination_time: 2349856.283
local_termination_time: 312687.35352000035
node_cons: 48290.41559563957
tot_aggregated_send: 32016
tot_msg_rcv: 1441
tot_msg_sent: 2396
tot_reconf_duration: 4.390000000000001
tot_sleeping_duration: 2313796.1978800297
tot_uptimes: 602
tot_uptimes_duration: 36060.08511997032
