comms_cons: 86.8460671963185
finished_reconf: true
global_termination_time: 861517.028
local_termination_time: 349563.25272000005
node_cons: 17681.750223350493
tot_aggregated_send: 10614
tot_msg_rcv: 838
tot_msg_sent: 1749
tot_reconf_duration: 5.1
tot_sleeping_duration: 848317.0097600071
tot_uptimes: 221
tot_uptimes_duration: 13200.018239992904
