comms_cons: 87.27940479554293
finished_reconf: true
global_termination_time: 861960.388
local_termination_time: 241310.51836000007
node_cons: 17692.70928335514
tot_aggregated_send: 11600
tot_msg_rcv: 565
tot_msg_sent: 1101
tot_reconf_duration: 13.17
tot_sleeping_duration: 848760.3697600038
tot_uptimes: 221
tot_uptimes_duration: 13200.018239996338
