comms_cons: 84.95347839718814
finished_reconf: true
global_termination_time: 860955.163
local_termination_time: 509133.00448000006
node_cons: 17695.351944471935
tot_aggregated_send: 11368
tot_msg_rcv: 503
tot_msg_sent: 1041
tot_reconf_duration: 15.110000000000001
tot_sleeping_duration: 847755.138680006
tot_uptimes: 221
tot_uptimes_duration: 13200.024319993972
