comms_cons: 86.3602751933485
finished_reconf: true
global_termination_time: 864171.289
local_termination_time: 601623.0526799985
node_cons: 17780.56716446729
tot_aggregated_send: 11310
tot_msg_rcv: 589
tot_msg_sent: 1228
tot_reconf_duration: 18.700000000000003
tot_sleeping_duration: 850911.2646800095
tot_uptimes: 222
tot_uptimes_duration: 13260.024319990538
