comms_cons: 75.84199679685952
finished_reconf: true
global_termination_time: 739987.46924
local_termination_time: 55425.5244800002
node_cons: 15248.094514313996
tot_aggregated_send: 9744
tot_msg_rcv: 614
tot_msg_sent: 1169
tot_reconf_duration: 18.21
tot_sleeping_duration: 728618.2643600046
tot_uptimes: 190
tot_uptimes_duration: 11369.204879995501
