comms_cons: 73.83904639954068
finished_reconf: true
global_termination_time: 743978.309
local_termination_time: 637391.2714399996
node_cons: 15282.484860000077
tot_aggregated_send: 10556
tot_msg_rcv: 271
tot_msg_sent: 396
tot_reconf_duration: 13.17
tot_sleeping_duration: 732578.309
tot_uptimes: 191
tot_uptimes_duration: 11400.0
