comms_cons: 239.23287039368424
finished_reconf: true
global_termination_time: 2396902.5131199886
local_termination_time: 87002.30959999995
node_cons: 49348.23821413626
tot_aggregated_send: 33872
tot_msg_rcv: 890
tot_msg_sent: 1600
tot_reconf_duration: 22.65
tot_sleeping_duration: 2360070.937680006
tot_uptimes: 614
tot_uptimes_duration: 36831.57543998276
