comms_cons: 232.9760511891153
finished_reconf: true
global_termination_time: 2397005.906
local_termination_time: 1547450.1203599998
node_cons: 49256.87490111613
tot_aggregated_send: 33118
tot_msg_rcv: 789
tot_msg_sent: 1504
tot_reconf_duration: 6.22
tot_sleeping_duration: 2360225.899920002
tot_uptimes: 614
tot_uptimes_duration: 36780.006079997635
