comms_cons: 179.68453119121872
finished_reconf: true
global_termination_time: 1837078.128
local_termination_time: 532062.5214799999
node_cons: 37770.435842233586
tot_aggregated_send: 25230
tot_msg_rcv: 572
tot_msg_sent: 1509
tot_reconf_duration: 7.819999999999999
tot_sleeping_duration: 1808878.1158400048
tot_uptimes: 471
tot_uptimes_duration: 28200.01215999527
