comms_cons: 138.43952639403219
finished_reconf: true
global_termination_time: 1384316.053
local_termination_time: 203736.8877600009
node_cons: 28447.924060000056
tot_aggregated_send: 19488
tot_msg_rcv: 514
tot_msg_sent: 1040
tot_reconf_duration: 5.57
tot_sleeping_duration: 1363076.053
tot_uptimes: 355
tot_uptimes_duration: 21240.0
