comms_cons: 35.113817600097484
finished_reconf: true
global_termination_time: 354845.492
local_termination_time: 364.0853599999999
node_cons: 7264.9899644806055
tot_aggregated_send: 4872
tot_msg_rcv: 136
tot_msg_sent: 330
tot_reconf_duration: 25.299999999999997
tot_sleeping_duration: 349445.4676799996
tot_uptimes: 91
tot_uptimes_duration: 5400.024320000446
