comms_cons: 120.08000000370237
finished_reconf: true
global_termination_time: 566309.2895999999
local_termination_time: 2788.0306
node_cons: 11694.712445216735
tot_aggregated_send: 0
tot_msg_rcv: 9792
tot_msg_sent: 8452
tot_reconf_duration: 18.21
tot_sleeping_duration: 557593.8427999874
tot_uptimes: 146
tot_uptimes_duration: 8715.44680001249
