comms_cons: 38.606745600071186
finished_reconf: true
global_termination_time: 393401.64900000056
local_termination_time: 51588.6972400001
node_cons: 8088.204432000763
tot_aggregated_send: 5742
tot_msg_rcv: 44
tot_msg_sent: 81
tot_reconf_duration: 3.05
tot_sleeping_duration: 387364.261
tot_uptimes: 101
tot_uptimes_duration: 6037.388000000559
