comms_cons: 48.40975360110047
finished_reconf: true
global_termination_time: 472187.302
local_termination_time: 427152.3837200001
node_cons: 9648.182081121433
tot_aggregated_send: 6380
tot_msg_rcv: 400
tot_msg_sent: 578
tot_reconf_duration: 5.43
tot_sleeping_duration: 464987.29591999896
tot_uptimes: 121
tot_uptimes_duration: 7200.006080001069
