comms_cons: 254.0159872060289
finished_reconf: true
global_termination_time: 2507918.9941199967
local_termination_time: 26896.41556
node_cons: 51630.77270525885
tot_aggregated_send: 34684
tot_msg_rcv: 1397
tot_msg_sent: 2527
tot_reconf_duration: 22.65
tot_sleeping_duration: 2469382.7626000117
tot_uptimes: 643
tot_uptimes_duration: 38536.23151998478
