comms_cons: 244.64097279289285
finished_reconf: true
global_termination_time: 2510026.924
local_termination_time: 1254985.04636
node_cons: 51588.89955999932
tot_aggregated_send: 35090
tot_msg_rcv: 710
tot_msg_sent: 1384
tot_reconf_duration: 7.819999999999999
tot_sleeping_duration: 2471506.924
tot_uptimes: 643
tot_uptimes_duration: 38520.0
