comms_cons: 247.17396478813006
finished_reconf: true
global_termination_time: 2511490.007
local_termination_time: 1792060.2625999989
node_cons: 51667.06675999919
tot_aggregated_send: 35148
tot_msg_rcv: 842
tot_msg_sent: 1579
tot_reconf_duration: 6.22
tot_sleeping_duration: 2472910.007
tot_uptimes: 644
tot_uptimes_duration: 38580.0
