comms_cons: 246.2528767916308
finished_reconf: true
global_termination_time: 2508087.466
local_termination_time: 1825171.7865599985
node_cons: 51593.63897999931
tot_aggregated_send: 35960
tot_msg_rcv: 499
tot_msg_sent: 970
tot_reconf_duration: 11.31
tot_sleeping_duration: 2469567.466
tot_uptimes: 643
tot_uptimes_duration: 38520.0
