comms_cons: 65.94206079952782
finished_reconf: true
global_termination_time: 628892.4556399991
local_termination_time: 628892.4145199992
node_cons: 13011.882741925709
tot_aggregated_send: 8164
tot_msg_rcv: 658
tot_msg_sent: 1197
tot_reconf_duration: 24.59
tot_sleeping_duration: 619199.7823599948
tot_uptimes: 162
tot_uptimes_duration: 9692.673280004241
