comms_cons: 62.77872640063095
finished_reconf: true
global_termination_time: 630811.018
local_termination_time: 414773.99536000006
node_cons: 12950.123403364307
tot_aggregated_send: 8816
tot_msg_rcv: 241
tot_msg_sent: 485
tot_reconf_duration: 11.31
tot_sleeping_duration: 621150.9997599968
tot_uptimes: 162
tot_uptimes_duration: 9660.018240003206
