comms_cons: 8.218048000173551
finished_reconf: true
global_termination_time: 68960.388
local_termination_time: 39668.21636000001
node_cons: 1386.3238033608745
tot_aggregated_send: 406
tot_msg_rcv: 329
tot_msg_sent: 515
tot_reconf_duration: 15.110000000000001
tot_sleeping_duration: 67940.36975999936
tot_uptimes: 18
tot_uptimes_duration: 1020.0182400006524
