comms_cons: 8.71086080015016
finished_reconf: true
global_termination_time: 72033.676
local_termination_time: 50450.38060000002
node_cons: 1450.2781822405864
tot_aggregated_send: 696
tot_msg_rcv: 279
tot_msg_sent: 349
tot_reconf_duration: 3.05
tot_sleeping_duration: 70953.66383999957
tot_uptimes: 19
tot_uptimes_duration: 1080.012160000435
