comms_cons: 9.178752000144883
finished_reconf: true
global_termination_time: 70831.391
local_termination_time: 48261.40336000001
node_cons: 1461.4952622405892
tot_aggregated_send: 522
tot_msg_rcv: 355
tot_msg_sent: 517
tot_reconf_duration: 11.31
tot_sleeping_duration: 69751.37883999957
tot_uptimes: 19
tot_uptimes_duration: 1080.0121600004422
