comms_cons: 79.3651711956887
finished_reconf: true
global_termination_time: 783957.387
local_termination_time: 74314.46800000001
node_cons: 16104.512972157396
tot_aggregated_send: 10440
tot_msg_rcv: 470
tot_msg_sent: 1155
tot_reconf_duration: 22.65
tot_sleeping_duration: 771953.0895600019
tot_uptimes: 201
tot_uptimes_duration: 12004.29743999803
