comms_cons: 55.88372480051334
finished_reconf: true
global_termination_time: 564736.843
local_termination_time: 212426.0672800008
node_cons: 11576.524060000025
tot_aggregated_send: 8062
tot_msg_rcv: 147
tot_msg_sent: 285
tot_reconf_duration: 5.57
tot_sleeping_duration: 556096.843
tot_uptimes: 145
tot_uptimes_duration: 8640.0
