comms_cons: 11.894220799707682
finished_reconf: true
global_termination_time: 106484.905
local_termination_time: 21112.43072
node_cons: 2175.157902239441
tot_aggregated_send: 1044
tot_msg_rcv: 243
tot_msg_sent: 521
tot_reconf_duration: 4.390000000000001
tot_sleeping_duration: 104864.89284000041
tot_uptimes: 28
tot_uptimes_duration: 1620.0121599995837
