comms_cons: 2.2961407999950287
finished_reconf: true
global_termination_time: 18123.093
local_termination_time: 6499.58736
node_cons: 328.2858000000005
tot_aggregated_send: 0
tot_msg_rcv: 177
tot_msg_sent: 172
tot_reconf_duration: 5.1
tot_sleeping_duration: 17883.093
tot_uptimes: 5
tot_uptimes_duration: 240.0
