comms_cons: 25.33054720023516
finished_reconf: true
global_termination_time: 252248.885
local_termination_time: 173179.83736000003
node_cons: 5166.497321121424
tot_aggregated_send: 3480
tot_msg_rcv: 154
tot_msg_sent: 216
tot_reconf_duration: 18.21
tot_sleeping_duration: 248408.87891999894
tot_uptimes: 65
tot_uptimes_duration: 3840.0060800010688
