comms_cons: 116.22122239475344
finished_reconf: true
global_termination_time: 1160697.411
local_termination_time: 303976.7448400006
node_cons: 23867.53640335513
tot_aggregated_send: 16240
tot_msg_rcv: 438
tot_msg_sent: 989
tot_reconf_duration: 4.8100000000000005
tot_sleeping_duration: 1142877.3927600037
tot_uptimes: 298
tot_uptimes_duration: 17820.018239996338
