comms_cons: 61.91685120039774
finished_reconf: true
global_termination_time: 625160.2714799999
local_termination_time: 625160.2303599999
node_cons: 12906.151659841249
tot_aggregated_send: 8976
tot_msg_rcv: 137
tot_msg_sent: 297
tot_reconf_duration: 24.59
tot_sleeping_duration: 615546.5609199989
tot_uptimes: 161
tot_uptimes_duration: 9613.710560000909
