comms_cons: 61.857638399535865
finished_reconf: true
global_termination_time: 625236.377
local_termination_time: 352692.1209600002
node_cons: 12858.541900000082
tot_aggregated_send: 8990
tot_msg_rcv: 124
tot_msg_sent: 288
tot_reconf_duration: 3.05
tot_sleeping_duration: 615636.377
tot_uptimes: 161
tot_uptimes_duration: 9600.0
