comms_cons: 62.49644800063098
finished_reconf: true
global_termination_time: 625667.714
local_termination_time: 250193.6940800006
node_cons: 12865.01955999999
tot_aggregated_send: 8874
tot_msg_rcv: 226
tot_msg_sent: 399
tot_reconf_duration: 7.819999999999999
tot_sleeping_duration: 616067.714
tot_uptimes: 161
tot_uptimes_duration: 9600.0
