comms_cons: 61.231641599369745
finished_reconf: true
global_termination_time: 626671.094
local_termination_time: 607474.1710399984
node_cons: 12862.846760000137
tot_aggregated_send: 9106
tot_msg_rcv: 38
tot_msg_sent: 162
tot_reconf_duration: 6.22
tot_sleeping_duration: 617071.094
tot_uptimes: 161
tot_uptimes_duration: 9600.0
