comms_cons: 182.80307199088043
finished_reconf: true
global_termination_time: 1848407.764
local_termination_time: 786902.31936
node_cons: 38007.40082670089
tot_aggregated_send: 25810
tot_msg_rcv: 578
tot_msg_sent: 1397
tot_reconf_duration: 4.8100000000000005
tot_sleeping_duration: 1820027.7275200142
tot_uptimes: 474
tot_uptimes_duration: 28380.036479985807
