comms_cons: 91.18771199985079
finished_reconf: true
global_termination_time: 932364.496
local_termination_time: 770696.9307199988
node_cons: 19127.451980000104
tot_aggregated_send: 12992
tot_msg_rcv: 276
tot_msg_sent: 592
tot_reconf_duration: 4.8100000000000005
tot_sleeping_duration: 918084.496
tot_uptimes: 239
tot_uptimes_duration: 14280.0
