comms_cons: 137.05358720114214
finished_reconf: true
global_termination_time: 593048.0027199998
local_termination_time: 593047.9615999998
node_cons: 12200.847431714343
tot_aggregated_send: 0
tot_msg_rcv: 12006
tot_msg_sent: 8822
tot_reconf_duration: 37.410000000000004
tot_sleeping_duration: 583974.0335999741
tot_uptimes: 152
tot_uptimes_duration: 9073.969120025635
