comms_cons: 62.73580800182273
finished_reconf: true
global_termination_time: 594163.093
local_termination_time: 43922.26236000001
node_cons: 12229.589283359748
tot_aggregated_send: 7424
tot_msg_rcv: 725
tot_msg_sent: 1389
tot_reconf_duration: 13.17
tot_sleeping_duration: 585043.0747600002
tot_uptimes: 153
tot_uptimes_duration: 9120.018239999801
