comms_cons: 58.69367039976409
finished_reconf: true
global_termination_time: 595704.203
local_termination_time: 284068.92812000087
node_cons: 12235.214233681161
tot_aggregated_send: 8584
tot_msg_rcv: 115
tot_msg_sent: 223
tot_reconf_duration: 11.899999999999999
tot_sleeping_duration: 586578.6958799991
tot_uptimes: 153
tot_uptimes_duration: 9125.50712000089
