comms_cons: 41.3371136012447
finished_reconf: true
global_termination_time: 387697.07624000014
local_termination_time: 178720.9889600006
node_cons: 7997.449041603068
tot_aggregated_send: 4756
tot_msg_rcv: 568
tot_msg_sent: 958
tot_reconf_duration: 18.21
tot_sleeping_duration: 381742.84183999785
tot_uptimes: 100
tot_uptimes_duration: 5954.234400002293
