comms_cons: 39.33142400069762
finished_reconf: true
global_termination_time: 389566.014
local_termination_time: 262189.94020000065
node_cons: 7964.3039833643115
tot_aggregated_send: 5104
tot_msg_rcv: 295
tot_msg_sent: 579
tot_reconf_duration: 7.819999999999999
tot_sleeping_duration: 383625.9957599968
tot_uptimes: 100
tot_uptimes_duration: 5940.018240003206
