comms_cons: 65.5366655994081
finished_reconf: true
global_termination_time: 646994.433
local_termination_time: 184853.904480001
node_cons: 13263.642818323931
tot_aggregated_send: 8700
tot_msg_rcv: 386
tot_msg_sent: 876
tot_reconf_duration: 4.390000000000001
tot_sleeping_duration: 637093.252119997
tot_uptimes: 166
tot_uptimes_duration: 9901.18088000291
