comms_cons: 115.70620161430621
finished_reconf: true
global_termination_time: 395755.8684800002
local_termination_time: 1426.8084800000024
node_cons: 16190.303612720245
tot_aggregated_send: 0
tot_msg_rcv: 5917
tot_msg_sent: 11668
tot_reconf_duration: 5.57
tot_sleeping_duration: 383670.178
tot_uptimes: 202
tot_uptimes_duration: 12085.690480000165
