comms_cons: 38.78215040019959
finished_reconf: true
global_termination_time: 395755.3367600005
local_termination_time: 306680.94624000095
node_cons: 8172.196576002014
tot_aggregated_send: 5800
tot_msg_rcv: 19
tot_msg_sent: 75
tot_reconf_duration: 8.09
tot_sleeping_duration: 389660.33275999903
tot_uptimes: 102
tot_uptimes_duration: 6095.004000001471
