comms_cons: 39.52188160017392
finished_reconf: true
global_termination_time: 398758.121
local_termination_time: 24054.461000000003
node_cons: 8229.940163199168
tot_aggregated_send: 5739
tot_msg_rcv: 95
tot_msg_sent: 173
tot_reconf_duration: 15.110000000000001
tot_sleeping_duration: 392627.1122000006
tot_uptimes: 103
tot_uptimes_duration: 6131.00879999937
