comms_cons: 39.258713599935646
finished_reconf: true
global_termination_time: 396486.932
local_termination_time: 9646.610999999999
node_cons: 8121.430022080015
tot_aggregated_send: 5623
tot_msg_rcv: 113
tot_msg_sent: 232
tot_reconf_duration: 4.390000000000001
tot_sleeping_duration: 390426.08927999996
tot_uptimes: 102
tot_uptimes_duration: 6060.842720000005
