comms_cons: 39.185715200140486
finished_reconf: true
global_termination_time: 399359.92
local_termination_time: 366360.3893600001
node_cons: 8205.29956000002
tot_aggregated_send: 5858
tot_msg_rcv: 47
tot_msg_sent: 51
tot_reconf_duration: 7.819999999999999
tot_sleeping_duration: 393239.92
tot_uptimes: 103
tot_uptimes_duration: 6120.0
