comms_cons: 50.06694399987266
finished_reconf: true
global_termination_time: 12786.791240000002
local_termination_time: 1011.3074799999991
node_cons: 5747.266986440064
tot_aggregated_send: 0
tot_msg_rcv: 3874
tot_msg_sent: 3735
tot_reconf_duration: 18.21
tot_sleeping_duration: 8513.051279999958
tot_uptimes: 60
tot_uptimes_duration: 4273.739960000045
