comms_cons: 2.204031999995124
finished_reconf: true
global_termination_time: 14225.368
local_termination_time: 5542.75536
node_cons: 261.8517200000002
tot_aggregated_send: 0
tot_msg_rcv: 175
tot_msg_sent: 160
tot_reconf_duration: 15.34
tot_sleeping_duration: 14045.368
tot_uptimes: 4
tot_uptimes_duration: 180.0
