comms_cons: 145.83911680089741
finished_reconf: true
global_termination_time: 180811.43700000012
local_termination_time: 14158.4316
node_cons: 18077.789259843652
tot_aggregated_send: 0
tot_msg_rcv: 9972
tot_msg_sent: 12195
tot_reconf_duration: 4.390000000000001
tot_sleeping_duration: 167314.92643999742
tot_uptimes: 219
tot_uptimes_duration: 13496.510560002711
