comms_cons: 192.55710710962157
finished_reconf: true
global_termination_time: 978270.0191599993
local_termination_time: 3146.36448
node_cons: 20148.603456482055
tot_aggregated_send: 0
tot_msg_rcv: 14758
tot_msg_sent: 14507
tot_reconf_duration: 18.21
tot_sleeping_duration: 963240.9868399978
tot_uptimes: 251
tot_uptimes_duration: 15029.032320001512
