comms_cons: 1.006617599996676
finished_reconf: true
global_termination_time: 6997.63
local_termination_time: 3437.7713599999997
node_cons: 87.90405999999962
tot_aggregated_send: 0
tot_msg_rcv: 100
tot_msg_sent: 53
tot_reconf_duration: 5.57
tot_sleeping_duration: 6937.63
tot_uptimes: 2
tot_uptimes_duration: 60.0
