comms_cons: 70.634291199766
finished_reconf: true
global_termination_time: 707444.656
local_termination_time: 176315.51836000007
node_cons: 14548.465800000029
tot_aggregated_send: 10092
tot_msg_rcv: 242
tot_msg_sent: 402
tot_reconf_duration: 5.1
tot_sleeping_duration: 696584.656
tot_uptimes: 182
tot_uptimes_duration: 10860.0
