comms_cons: 73.20520319759491
finished_reconf: true
global_termination_time: 709515.237
local_termination_time: 111932.53415999979
node_cons: 14545.7063233551
tot_aggregated_send: 9454
tot_msg_rcv: 622
tot_msg_sent: 1051
tot_reconf_duration: 3.05
tot_sleeping_duration: 698655.2187600036
tot_uptimes: 182
tot_uptimes_duration: 10860.018239996338
