comms_cons: 344.69614073028583
finished_reconf: true
global_termination_time: 748818.715
local_termination_time: 174747.74648000053
node_cons: 45422.22454659725
tot_aggregated_send: 0
tot_msg_rcv: 21181
tot_msg_sent: 31212
tot_reconf_duration: 18.21
tot_sleeping_duration: 714914.6856000017
tot_uptimes: 554
tot_uptimes_duration: 33904.02939999828
