comms_cons: 73.58835200050255
finished_reconf: true
global_termination_time: 750354.827
local_termination_time: 714272.5577199998
node_cons: 15435.89956000011
tot_aggregated_send: 10672
tot_msg_rcv: 155
tot_msg_sent: 358
tot_reconf_duration: 7.819999999999999
tot_sleeping_duration: 738834.827
tot_uptimes: 193
tot_uptimes_duration: 11520.0
