comms_cons: 74.13442559986183
finished_reconf: true
global_termination_time: 749354.596
local_termination_time: 607329.1926399991
node_cons: 15360.29897999994
tot_aggregated_send: 10614
tot_msg_rcv: 256
tot_msg_sent: 398
tot_reconf_duration: 11.31
tot_sleeping_duration: 737894.596
tot_uptimes: 192
tot_uptimes_duration: 11460.0
