comms_cons: 719.4168321454226
finished_reconf: true
global_termination_time: 7272785.118
local_termination_time: 2684464.171199999
node_cons: 149600.70918893255
tot_aggregated_send: 101442
tot_msg_rcv: 2448
tot_msg_sent: 5457
tot_reconf_duration: 5.57
tot_sleeping_duration: 7161065.069360017
tot_uptimes: 1863
tot_uptimes_duration: 111720.04863998294
