comms_cons: 715.4820481291116
finished_reconf: true
global_termination_time: 7273499.268
local_termination_time: 2942172.1523599997
node_cons: 149627.5025289319
tot_aggregated_send: 101152
tot_msg_rcv: 2537
tot_msg_sent: 5060
tot_reconf_duration: 25.299999999999997
tot_sleeping_duration: 7161779.219360017
tot_uptimes: 1863
tot_uptimes_duration: 111720.04863998294
