comms_cons: 729.2461313733604
finished_reconf: true
global_termination_time: 7274635.779
local_termination_time: 1084080.4589999989
node_cons: 149597.2951700478
tot_aggregated_send: 101094
tot_msg_rcv: 3384
tot_msg_sent: 6364
tot_reconf_duration: 3.05
tot_sleeping_duration: 7162915.72428002
tot_uptimes: 1863
tot_uptimes_duration: 111720.05471997987
