comms_cons: 89.48369919784277
finished_reconf: true
global_termination_time: 897545.534
local_termination_time: 448653.2885200008
node_cons: 18404.785799999998
tot_aggregated_send: 12702
tot_msg_rcv: 323
tot_msg_sent: 576
tot_reconf_duration: 5.1
tot_sleeping_duration: 883805.534
tot_uptimes: 230
tot_uptimes_duration: 13740.0
