comms_cons: 88.62840319874752
finished_reconf: true
global_termination_time: 897498.76024
local_termination_time: 390903.30236000055
node_cons: 18406.169189360036
tot_aggregated_send: 12876
tot_msg_rcv: 187
tot_msg_sent: 408
tot_reconf_duration: 3.05
tot_sleeping_duration: 883755.648
tot_uptimes: 230
tot_uptimes_duration: 13743.112239999959
