comms_cons: 89.19421439719333
finished_reconf: true
global_termination_time: 900506.199
local_termination_time: 494527.2348800009
node_cons: 18486.64675999999
tot_aggregated_send: 12934
tot_msg_rcv: 222
tot_msg_sent: 401
tot_reconf_duration: 6.22
tot_sleeping_duration: 886706.199
tot_uptimes: 231
tot_uptimes_duration: 13800.0
