comms_cons: 844.4209797213047
finished_reconf: true
global_termination_time: 2902205.8705599983
local_termination_time: 2902205.829439998
node_cons: 118150.2929889506
tot_aggregated_send: 0
tot_msg_rcv: 43138
tot_msg_sent: 85206
tot_reconf_duration: 37.410000000000004
tot_sleeping_duration: 2814006.1019200026
tot_uptimes: 1455
tot_uptimes_duration: 88199.76863999583
