comms_cons: 289.3159680062716
finished_reconf: true
global_termination_time: 2902206.2773599965
local_termination_time: 41956.32248000001
node_cons: 59751.08752103408
tot_aggregated_send: 41470
tot_msg_rcv: 853
tot_msg_sent: 1650
tot_reconf_duration: 3.08
tot_sleeping_duration: 2857585.736
tot_uptimes: 744
tot_uptimes_duration: 44620.54135999642
