comms_cons: 288.6166015924982
finished_reconf: true
global_termination_time: 2903005.991
local_termination_time: 1516329.90236
node_cons: 59699.22525005569
tot_aggregated_send: 39208
tot_msg_rcv: 1426
tot_msg_sent: 3231
tot_reconf_duration: 4.8100000000000005
tot_sleeping_duration: 2858425.9362800173
tot_uptimes: 744
tot_uptimes_duration: 44580.05471998261
