comms_cons: 286.7831424124159
finished_reconf: true
global_termination_time: 2903013.282
local_termination_time: 1014951.2768399988
node_cons: 59705.41235999895
tot_aggregated_send: 41876
tot_msg_rcv: 503
tot_msg_sent: 1210
tot_reconf_duration: 9.42
tot_sleeping_duration: 2858433.282
tot_uptimes: 744
tot_uptimes_duration: 44580.0
