comms_cons: 287.50243841476015
finished_reconf: true
global_termination_time: 2902663.022
local_termination_time: 619100.9091999986
node_cons: 59709.77153999889
tot_aggregated_send: 41006
tot_msg_rcv: 904
tot_msg_sent: 1789
tot_reconf_duration: 12.629999999999999
tot_sleeping_duration: 2858083.022
tot_uptimes: 744
tot_uptimes_duration: 44580.0
