comms_cons: 288.46478080157
finished_reconf: true
global_termination_time: 2903415.669
local_termination_time: 1076803.96636
node_cons: 59718.01459999913
tot_aggregated_send: 41296
tot_msg_rcv: 823
tot_msg_sent: 1725
tot_reconf_duration: 18.700000000000003
tot_sleeping_duration: 2858835.669
tot_uptimes: 744
tot_uptimes_duration: 44580.0
