comms_cons: 275.62900479284696
finished_reconf: true
global_termination_time: 2777679.466
local_termination_time: 576446.2123599999
node_cons: 57146.550591167266
tot_aggregated_send: 38686
tot_msg_rcv: 1122
tot_msg_sent: 2086
tot_reconf_duration: 18.21
tot_sleeping_duration: 2735019.4052000237
tot_uptimes: 712
tot_uptimes_duration: 42660.060799976345
