comms_cons: 809.3432579535356
finished_reconf: true
global_termination_time: 2774501.7336
local_termination_time: 2774501.6924799997
node_cons: 113450.43260763482
tot_aggregated_send: 0
tot_msg_rcv: 41193
tot_msg_sent: 81821
tot_reconf_duration: 37.410000000000004
tot_sleeping_duration: 2689811.942840001
tot_uptimes: 1400
tot_uptimes_duration: 84689.79075999884
