comms_cons: 278.5962239938127
finished_reconf: true
global_termination_time: 2777226.372
local_termination_time: 674315.0843599999
node_cons: 57132.72621999895
tot_aggregated_send: 39324
tot_msg_rcv: 1114
tot_msg_sent: 1907
tot_reconf_duration: 8.09
tot_sleeping_duration: 2734566.372
tot_uptimes: 712
tot_uptimes_duration: 42660.0
