comms_cons: 272.0301823927563
finished_reconf: true
global_termination_time: 2779938.982
local_termination_time: 1089713.6167599992
node_cons: 57137.90019999918
tot_aggregated_send: 40020
tot_msg_rcv: 438
tot_msg_sent: 889
tot_reconf_duration: 11.899999999999999
tot_sleeping_duration: 2737278.982
tot_uptimes: 712
tot_uptimes_duration: 42660.0
