comms_cons: 551.2642690320049
finished_reconf: true
global_termination_time: 2774502.3335999977
local_termination_time: 2758.482480000002
node_cons: 57077.393398455
tot_aggregated_send: 0
tot_msg_rcv: 42589
tot_msg_sent: 41197
tot_reconf_duration: 11.31
tot_sleeping_duration: 2731886.9232800156
tot_uptimes: 711
tot_uptimes_duration: 42615.41031998208
