comms_cons: 1.0987263999994112
finished_reconf: true
global_termination_time: 4671.372
local_termination_time: 625.8893599999999
node_cons: 86.87197999999992
tot_aggregated_send: 0
tot_msg_rcv: 112
tot_msg_sent: 55
tot_reconf_duration: 4.8100000000000005
tot_sleeping_duration: 4611.372
tot_uptimes: 2
tot_uptimes_duration: 60.0
