comms_cons: 143.90026239095872
finished_reconf: true
global_termination_time: 1434640.911
local_termination_time: 645890.3423599999
node_cons: 29490.7497611169
tot_aggregated_send: 20010
tot_msg_rcv: 686
tot_msg_sent: 1176
tot_reconf_duration: 4.390000000000001
tot_sleeping_duration: 1412620.9049200024
tot_uptimes: 368
tot_uptimes_duration: 22020.006079997635
