comms_cons: 44.8767232002996
finished_reconf: true
global_termination_time: 455649.347
local_termination_time: 157180.94336000006
node_cons: 9325.40162000003
tot_aggregated_send: 6612
tot_msg_rcv: 97
tot_msg_sent: 112
tot_reconf_duration: 4.390000000000001
tot_sleeping_duration: 448689.347
tot_uptimes: 117
tot_uptimes_duration: 6960.0
