comms_cons: 697.1129217155077
finished_reconf: true
global_termination_time: 7026182.778
local_termination_time: 3748316.0373599995
node_cons: 144566.05810558033
tot_aggregated_send: 97672
tot_msg_rcv: 2835
tot_msg_sent: 5451
tot_reconf_duration: 25.299999999999997
tot_sleeping_duration: 6918242.747600011
tot_uptimes: 1800
tot_uptimes_duration: 107940.0303999891
