comms_cons: 690.5758337274792
finished_reconf: true
global_termination_time: 7025854.959
local_termination_time: 4171847.4673599997
node_cons: 144542.67064334612
tot_aggregated_send: 97962
tot_msg_rcv: 2436
tot_msg_sent: 4565
tot_reconf_duration: 8.09
tot_sleeping_duration: 6917914.940760006
tot_uptimes: 1800
tot_uptimes_duration: 107940.01823999337
