comms_cons: 705.370995408755
finished_reconf: true
global_termination_time: 7025857.634
local_termination_time: 924529.4483599999
node_cons: 144542.3446889315
tot_aggregated_send: 97208
tot_msg_rcv: 3328
tot_msg_sent: 6676
tot_reconf_duration: 7.819999999999999
tot_sleeping_duration: 6917917.585360018
tot_uptimes: 1800
tot_uptimes_duration: 107940.04863998224
