comms_cons: 703.0756609896971
finished_reconf: true
global_termination_time: 7025379.09
local_termination_time: 1185935.28736
node_cons: 144540.17188893107
tot_aggregated_send: 97788
tot_msg_rcv: 3030
tot_msg_sent: 6043
tot_reconf_duration: 6.22
tot_sleeping_duration: 6917439.041360018
tot_uptimes: 1800
tot_uptimes_duration: 107940.04863998201
