comms_cons: 184.42089598523688
finished_reconf: true
global_termination_time: 1822750.779
local_termination_time: 302869.8054000003
node_cons: 37444.43418446712
tot_aggregated_send: 24940
tot_msg_rcv: 1019
tot_msg_sent: 2071
tot_reconf_duration: 4.390000000000001
tot_sleeping_duration: 1794790.7546800096
tot_uptimes: 467
tot_uptimes_duration: 27960.024319990538
