comms_cons: 2.361932799994811
finished_reconf: true
global_termination_time: 18423.468
local_termination_time: 4564.40336
node_cons: 327.89198000000056
tot_aggregated_send: 0
tot_msg_rcv: 187
tot_msg_sent: 172
tot_reconf_duration: 4.8100000000000005
tot_sleeping_duration: 18183.468
tot_uptimes: 5
tot_uptimes_duration: 240.0
