comms_cons: 468.6818941810034
finished_reconf: true
global_termination_time: 969494.3415199982
local_termination_time: 969494.3003999982
node_cons: 58830.34974635202
tot_aggregated_send: 0
tot_msg_rcv: 28813
tot_msg_sent: 42423
tot_reconf_duration: 24.59
tot_sleeping_duration: 925583.2462800033
tot_uptimes: 719
tot_uptimes_duration: 43911.095239994786
