comms_cons: 96.64249599462516
finished_reconf: true
global_termination_time: 971968.416
local_termination_time: 143330.862
node_cons: 19931.397267674765
tot_aggregated_send: 12756
tot_msg_rcv: 572
tot_msg_sent: 1362
tot_reconf_duration: 5.1
tot_sleeping_duration: 957088.3028800039
tot_uptimes: 249
tot_uptimes_duration: 14880.113119996066
