comms_cons: 93.6950143982194
finished_reconf: true
global_termination_time: 970228.123
local_termination_time: 643478.3714399996
node_cons: 19958.685541116924
tot_aggregated_send: 13108
tot_msg_rcv: 396
tot_msg_sent: 738
tot_reconf_duration: 25.299999999999997
tot_sleeping_duration: 955348.1169200024
tot_uptimes: 249
tot_uptimes_duration: 14880.006079997635
