comms_cons: 95.20213759917947
finished_reconf: true
global_termination_time: 970195.698
local_termination_time: 651588.223119998
node_cons: 19951.279423677413
tot_aggregated_send: 13630
tot_msg_rcv: 272
tot_msg_sent: 568
tot_reconf_duration: 13.17
tot_sleeping_duration: 955308.920880002
tot_uptimes: 249
tot_uptimes_duration: 14886.777119998005
