comms_cons: 101.10232959197396
finished_reconf: true
global_termination_time: 974205.582
local_termination_time: 8586.259040000003
node_cons: 20008.850746719418
tot_aggregated_send: 12702
tot_msg_rcv: 915
tot_msg_sent: 1749
tot_reconf_duration: 3.05
tot_sleeping_duration: 959265.5455200005
tot_uptimes: 250
tot_uptimes_duration: 14940.036479999544
