comms_cons: 121.47960319154161
finished_reconf: true
global_termination_time: 1190092.591
local_termination_time: 11788.62772
node_cons: 24448.138026724024
tot_aggregated_send: 16066
tot_msg_rcv: 836
tot_msg_sent: 1563
tot_reconf_duration: 18.21
tot_sleeping_duration: 1171852.5545199972
tot_uptimes: 305
tot_uptimes_duration: 18240.03648000298
