comms_cons: 117.44613759827166
finished_reconf: true
global_termination_time: 1191191.564
local_termination_time: 138566.67248000007
node_cons: 24507.84190000002
tot_aggregated_send: 17226
tot_msg_rcv: 219
tot_msg_sent: 406
tot_reconf_duration: 3.05
tot_sleeping_duration: 1172891.564
tot_uptimes: 306
tot_uptimes_duration: 18300.0
