comms_cons: 165.87100159307346
finished_reconf: true
global_termination_time: 1666377.0044799987
local_termination_time: 1666376.9633599988
node_cons: 34331.25993406882
tot_aggregated_send: 23605
tot_msg_rcv: 496
tot_msg_sent: 1110
tot_reconf_duration: 39.92
tot_sleeping_duration: 1640778.013760007
tot_uptimes: 427
tot_uptimes_duration: 25598.990719991736
