comms_cons: 66.34394880555232
finished_reconf: true
global_termination_time: 298889.40148000006
local_termination_time: 298889.36036000005
node_cons: 6175.147760014198
tot_aggregated_send: 0
tot_msg_rcv: 5627
tot_msg_sent: 4460
tot_reconf_duration: 37.410000000000004
tot_sleeping_duration: 294315.58147998946
tot_uptimes: 77
tot_uptimes_duration: 4573.8200000105935
