comms_cons: 29.679398400044995
finished_reconf: true
global_termination_time: 300200.911
local_termination_time: 18768.27736
node_cons: 6113.412201120014
tot_aggregated_send: 4002
tot_msg_rcv: 108
tot_msg_sent: 401
tot_reconf_duration: 5.57
tot_sleeping_duration: 295640.90492000006
tot_uptimes: 77
tot_uptimes_duration: 4560.0060800000065
