comms_cons: 31.384038400247164
finished_reconf: true
global_termination_time: 301506.545
local_termination_time: 39116.52308000003
node_cons: 6201.066382242864
tot_aggregated_send: 3886
tot_msg_rcv: 311
tot_msg_sent: 574
tot_reconf_duration: 10.95
tot_sleeping_duration: 296886.53283999785
tot_uptimes: 78
tot_uptimes_duration: 4620.0121600021375
