comms_cons: 30.83733759987277
finished_reconf: true
global_termination_time: 299959.914
local_termination_time: 76009.58035999998
node_cons: 6121.207121119174
tot_aggregated_send: 3886
tot_msg_rcv: 288
tot_msg_sent: 513
tot_reconf_duration: 11.31
tot_sleeping_duration: 295399.9079200006
tot_uptimes: 77
tot_uptimes_duration: 4560.006079999366
