comms_cons: 649.1750273336355
finished_reconf: true
global_termination_time: 6492354.307
local_termination_time: 2082559.1943599998
node_cons: 133545.97684893265
tot_aggregated_send: 90828
tot_msg_rcv: 2732
tot_msg_sent: 5109
tot_reconf_duration: 15.34
tot_sleeping_duration: 6392634.258360018
tot_uptimes: 1663
tot_uptimes_duration: 99720.0486399827
