comms_cons: 644.1057665304073
finished_reconf: true
global_termination_time: 6496552.038
local_termination_time: 2294833.709639999
node_cons: 133609.6630020978
tot_aggregated_send: 89842
tot_msg_rcv: 2853
tot_msg_sent: 5205
tot_reconf_duration: 3.08
tot_sleeping_duration: 6396771.992920013
tot_uptimes: 1664
tot_uptimes_duration: 99780.04507998656
