comms_cons: 650.5107969571021
finished_reconf: true
global_termination_time: 6497434.554
local_termination_time: 1923664.84236
node_cons: 133620.85225004944
tot_aggregated_send: 90132
tot_msg_rcv: 3075
tot_msg_sent: 5666
tot_reconf_duration: 11.31
tot_sleeping_duration: 6397654.49928002
tot_uptimes: 1664
tot_uptimes_duration: 99780.05471998034
