comms_cons: 649.2003137422937
finished_reconf: true
global_termination_time: 6492990.258
local_termination_time: 2013215.793639999
node_cons: 133532.51906893245
tot_aggregated_send: 90248
tot_msg_rcv: 2858
tot_msg_sent: 5568
tot_reconf_duration: 5.43
tot_sleeping_duration: 6393270.209360017
tot_uptimes: 1663
tot_uptimes_duration: 99720.0486399827
