comms_cons: 214.59748477953153
finished_reconf: true
global_termination_time: 2153008.498
local_termination_time: 1262529.99336
node_cons: 44275.89266335009
tot_aggregated_send: 29232
tot_msg_rcv: 1063
tot_msg_sent: 2321
tot_reconf_duration: 6.279999999999999
tot_sleeping_duration: 2119948.4797600075
tot_uptimes: 552
tot_uptimes_duration: 33060.0182399929
