comms_cons: 212.5250495882574
finished_reconf: true
global_termination_time: 2154117.73
local_termination_time: 868061.6691199989
node_cons: 44274.29836446685
tot_aggregated_send: 29522
tot_msg_rcv: 837
tot_msg_sent: 1942
tot_reconf_duration: 5.1
tot_sleeping_duration: 2121057.7056800094
tot_uptimes: 552
tot_uptimes_duration: 33060.02431999054
