comms_cons: 219.21125117409377
finished_reconf: true
global_termination_time: 2153758.1
local_termination_time: 397185.6173600001
node_cons: 44298.14754670518
tot_aggregated_send: 29464
tot_msg_rcv: 1372
tot_msg_sent: 2482
tot_reconf_duration: 22.65
tot_sleeping_duration: 2120698.063520011
tot_uptimes: 552
tot_uptimes_duration: 33060.03647998924
