comms_cons: 273.53779181166783
finished_reconf: true
global_termination_time: 2153942.194
local_termination_time: 1009974.2998399996
node_cons: 44282.7071211163
tot_aggregated_send: 0
tot_msg_rcv: 20873
tot_msg_sent: 20703
tot_reconf_duration: 11.31
tot_sleeping_duration: 2120882.1879200023
tot_uptimes: 552
tot_uptimes_duration: 33060.006079997635
