comms_cons: 279.2673023912386
finished_reconf: true
global_termination_time: 2821063.42
local_termination_time: 1666559.7753599999
node_cons: 58025.99937999878
tot_aggregated_send: 40542
tot_msg_rcv: 680
tot_msg_sent: 1225
tot_reconf_duration: 15.110000000000001
tot_sleeping_duration: 2777743.42
tot_uptimes: 723
tot_uptimes_duration: 43320.0
