comms_cons: 512.121216080216
finished_reconf: true
global_termination_time: 2822967.792
local_termination_time: 1273649.78136
node_cons: 58012.04454446637
tot_aggregated_send: 0
tot_msg_rcv: 39313
tot_msg_sent: 38529
tot_reconf_duration: 4.8100000000000005
tot_sleeping_duration: 2779647.7676800094
tot_uptimes: 723
tot_uptimes_duration: 43320.02431999054
