comms_cons: 278.62911999623645
finished_reconf: true
global_termination_time: 2822381.561
local_termination_time: 1403996.88208
node_cons: 58030.87459999921
tot_aggregated_send: 40716
tot_msg_rcv: 605
tot_msg_sent: 1029
tot_reconf_duration: 18.700000000000003
tot_sleeping_duration: 2779061.561
tot_uptimes: 723
tot_uptimes_duration: 43320.0
