comms_cons: 285.38293120566425
finished_reconf: true
global_termination_time: 2817787.0502399975
local_termination_time: 157351.94648000007
node_cons: 57959.65653499584
tot_aggregated_send: 38222
tot_msg_rcv: 1554
tot_msg_sent: 3598
tot_reconf_duration: 11.31
tot_sleeping_duration: 2774512.7428800296
tot_uptimes: 722
tot_uptimes_duration: 43274.30735996779
