comms_cons: 49.37015040108776
finished_reconf: true
global_termination_time: 475966.28144000034
local_termination_time: 59125.87040000007
node_cons: 9759.149920643875
tot_aggregated_send: 5974
tot_msg_rcv: 473
tot_msg_sent: 1055
tot_reconf_duration: 5.57
tot_sleeping_duration: 468683.54367999744
tot_uptimes: 122
tot_uptimes_duration: 7282.737760002885
