comms_cons: 49.1143552009587
finished_reconf: true
global_termination_time: 479222.711
local_termination_time: 52803.73636000001
node_cons: 9813.875803364304
tot_aggregated_send: 6438
tot_msg_rcv: 394
tot_msg_sent: 633
tot_reconf_duration: 9.11
tot_sleeping_duration: 471902.6927599968
tot_uptimes: 123
tot_uptimes_duration: 7320.018240003206
