comms_cons: 48.943923200679926
finished_reconf: true
global_termination_time: 479978.38
local_termination_time: 71057.68000000001
node_cons: 9826.90416512351
tot_aggregated_send: 6206
tot_msg_rcv: 376
tot_msg_sent: 858
tot_reconf_duration: 18.700000000000003
tot_sleeping_duration: 472658.3579199974
tot_uptimes: 123
tot_uptimes_duration: 7320.0220800026
