comms_cons: 48.92481280073988
finished_reconf: true
global_termination_time: 479885.477
local_termination_time: 126869.687
node_cons: 9809.943042242876
tot_aggregated_send: 6315
tot_msg_rcv: 364
tot_msg_sent: 758
tot_reconf_duration: 6.22
tot_sleeping_duration: 472565.4648399979
tot_uptimes: 123
tot_uptimes_duration: 7320.0121600021375
