comms_cons: 36.55403520082678
finished_reconf: true
global_termination_time: 348598.999
local_termination_time: 23588.99564
node_cons: 7158.723042241444
tot_aggregated_send: 4466
tot_msg_rcv: 397
tot_msg_sent: 693
tot_reconf_duration: 6.22
tot_sleeping_duration: 343258.9868399989
tot_uptimes: 90
tot_uptimes_duration: 5340.012160001075
