comms_cons: 35.98822400092469
finished_reconf: true
global_termination_time: 348277.757
local_termination_time: 61972.12968000005
node_cons: 7157.650222240591
tot_aggregated_send: 4466
tot_msg_rcv: 311
tot_msg_sent: 693
tot_reconf_duration: 5.43
tot_sleeping_duration: 342937.74483999953
tot_uptimes: 90
tot_uptimes_duration: 5340.012160000435
