comms_cons: 475.3259840786275
finished_reconf: true
global_termination_time: 4789936.805
local_termination_time: 1257048.5303599997
node_cons: 98504.23836334792
tot_aggregated_send: 65830
tot_msg_rcv: 2005
tot_msg_sent: 4412
tot_reconf_duration: 5.43
tot_sleeping_duration: 4716376.786760006
tot_uptimes: 1227
tot_uptimes_duration: 73560.01823999314
