comms_cons: 180.13379838835664
finished_reconf: true
global_termination_time: 1797422.82924
local_termination_time: 203308.51848000096
node_cons: 37018.890265436334
tot_aggregated_send: 24940
tot_msg_rcv: 921
tot_msg_sent: 1519
tot_reconf_duration: 18.21
tot_sleeping_duration: 1769794.6282800026
tot_uptimes: 461
tot_uptimes_duration: 27628.200959997368
