comms_cons: 768.7538298198544
finished_reconf: true
global_termination_time: 1798888.796
local_termination_time: 1100415.444519998
node_cons: 108948.45207834613
tot_aggregated_send: 0
tot_msg_rcv: 47279
tot_msg_sent: 69567
tot_reconf_duration: 4.390000000000001
tot_sleeping_duration: 1717527.712760008
tot_uptimes: 1336
tot_uptimes_duration: 81361.08323999209
