comms_cons: 3.1645951999916524
finished_reconf: true
global_termination_time: 16502.657
local_termination_time: 5745.346360000001
node_cons: 328.2939411200055
tot_aggregated_send: 0
tot_msg_rcv: 305
tot_msg_sent: 176
tot_reconf_duration: 5.1
tot_sleeping_duration: 16262.650919999995
tot_uptimes: 5
tot_uptimes_duration: 240.00608000000466
