comms_cons: 2.8619519999957093
finished_reconf: true
global_termination_time: 16241.552
local_termination_time: 5214.714360000001
node_cons: 346.7627411200075
tot_aggregated_send: 0
tot_msg_rcv: 274
tot_msg_sent: 161
tot_reconf_duration: 18.700000000000003
tot_sleeping_duration: 16001.545919999995
tot_uptimes: 5
tot_uptimes_duration: 240.00608000000489
