comms_cons: 69.87110399909785
finished_reconf: true
global_termination_time: 720976.33
local_termination_time: 5194.72
node_cons: 14786.329801121452
tot_aggregated_send: 10088
tot_msg_rcv: 180
tot_msg_sent: 352
tot_reconf_duration: 2.77
tot_sleeping_duration: 709936.323919999
tot_uptimes: 185
tot_uptimes_duration: 11040.006080001069
