comms_cons: 47.25181440031824
finished_reconf: true
global_termination_time: 482397.421
local_termination_time: 158236.7388800009
node_cons: 9890.266760000013
tot_aggregated_send: 6960
tot_msg_rcv: 53
tot_msg_sent: 169
tot_reconf_duration: 6.22
tot_sleeping_duration: 475017.421
tot_uptimes: 124
tot_uptimes_duration: 7380.0
