comms_cons: 133.30242559398368
finished_reconf: true
global_termination_time: 1320405.501
local_termination_time: 7133.372
node_cons: 27165.262452317387
tot_aggregated_send: 17624
tot_msg_rcv: 935
tot_msg_sent: 1704
tot_reconf_duration: 7.55
tot_sleeping_duration: 1300125.434120002
tot_uptimes: 339
tot_uptimes_duration: 20280.06687999802
