comms_cons: 126.74163199140607
finished_reconf: true
global_termination_time: 1321530.661
local_termination_time: 7321.842
node_cons: 27160.132693708354
tot_aggregated_send: 16875
tot_msg_rcv: 784
tot_msg_sent: 1604
tot_reconf_duration: 3.77
tot_sleeping_duration: 1301250.5915200086
tot_uptimes: 339
tot_uptimes_duration: 20280.069479991274
