comms_cons: 224.08997757667333
finished_reconf: true
global_termination_time: 2217585.143
local_termination_time: 786701.1473599998
node_cons: 45559.730223349965
tot_aggregated_send: 30624
tot_msg_rcv: 1174
tot_msg_sent: 2263
tot_reconf_duration: 5.1
tot_sleeping_duration: 2183565.1247600075
tot_uptimes: 568
tot_uptimes_duration: 34020.0182399929
