comms_cons: 225.19155199402516
finished_reconf: true
global_termination_time: 2217210.077
local_termination_time: 387280.87036000006
node_cons: 45559.35268558826
tot_aggregated_send: 30334
tot_msg_rcv: 1337
tot_msg_sent: 2556
tot_reconf_duration: 4.8100000000000005
tot_sleeping_duration: 2183190.0466000084
tot_uptimes: 568
tot_uptimes_duration: 34020.03039999161
