comms_cons: 271.57409282764377
finished_reconf: true
global_termination_time: 315997.5646000001
local_termination_time: 315997.5234800001
node_cons: 31285.717974056508
tot_aggregated_send: 0
tot_msg_rcv: 18712
tot_msg_sent: 22560
tot_reconf_duration: 24.59
tot_sleeping_duration: 292657.5162399878
tot_uptimes: 376
tot_uptimes_duration: 23340.048360012293
