comms_cons: 63.87979520643862
finished_reconf: true
global_termination_time: 316326.531
local_termination_time: 1939.7363600000003
node_cons: 6516.100804484591
tot_aggregated_send: 0
tot_msg_rcv: 5007
tot_msg_sent: 4701
tot_reconf_duration: 6.279999999999999
tot_sleeping_duration: 311466.5066799966
tot_uptimes: 82
tot_uptimes_duration: 4860.024320003424
