comms_cons: 32.25781760038915
finished_reconf: true
global_termination_time: 319422.512
local_termination_time: 203845.22936000006
node_cons: 6513.517902242888
tot_aggregated_send: 4408
tot_msg_rcv: 208
tot_msg_sent: 287
tot_reconf_duration: 4.390000000000001
tot_sleeping_duration: 314562.49983999785
tot_uptimes: 82
tot_uptimes_duration: 4860.0121600021375
