comms_cons: 231.2523007983532
finished_reconf: true
global_termination_time: 2382868.674
local_termination_time: 1302080.3690799996
node_cons: 49022.758979999424
tot_aggregated_send: 34568
tot_msg_rcv: 162
tot_msg_sent: 419
tot_reconf_duration: 11.31
tot_sleeping_duration: 2346268.674
tot_uptimes: 611
tot_uptimes_duration: 36600.0
