comms_cons: 120.36943360910186
finished_reconf: true
global_termination_time: 556354.4795999998
local_termination_time: 2650.62136
node_cons: 11453.700586338206
tot_aggregated_send: 0
tot_msg_rcv: 10025
tot_msg_sent: 8266
tot_reconf_duration: 18.21
tot_sleeping_duration: 547819.0267199862
tot_uptimes: 143
tot_uptimes_duration: 8535.452880013589
