comms_cons: 57.14693120175639
finished_reconf: true
global_termination_time: 556494.531
local_termination_time: 25950.150840000002
node_cons: 11415.876624484315
tot_aggregated_send: 7308
tot_msg_rcv: 451
tot_msg_sent: 927
tot_reconf_duration: 5.57
tot_sleeping_duration: 547974.5066799967
tot_uptimes: 143
tot_uptimes_duration: 8520.024320003213
