comms_cons: 57.627884801776915
finished_reconf: true
global_termination_time: 557696.32
local_termination_time: 2481.558560000001
node_cons: 11414.811980000015
tot_aggregated_send: 7250
tot_msg_rcv: 526
tot_msg_sent: 983
tot_reconf_duration: 4.8100000000000005
tot_sleeping_duration: 549176.32
tot_uptimes: 143
tot_uptimes_duration: 8520.0
