comms_cons: 1.5197951999992
finished_reconf: true
global_termination_time: 11866.043
local_termination_time: 4856.902360000001
node_cons: 249.46676000000033
tot_aggregated_send: 0
tot_msg_rcv: 118
tot_msg_sent: 113
tot_reconf_duration: 6.22
tot_sleeping_duration: 11686.043
tot_uptimes: 4
tot_uptimes_duration: 180.0
