comms_cons: 38.863334400443186
finished_reconf: true
global_termination_time: 388288.291
local_termination_time: 212311.75336000006
node_cons: 7984.426841121433
tot_aggregated_send: 5394
tot_msg_rcv: 185
tot_msg_sent: 328
tot_reconf_duration: 22.65
tot_sleeping_duration: 382348.28491999896
tot_uptimes: 100
tot_uptimes_duration: 5940.006080001069
