comms_cons: 125.64180479252114
finished_reconf: true
global_termination_time: 1276116.062
local_termination_time: 323409.2523600001
node_cons: 26221.639405588834
tot_aggregated_send: 17110
tot_msg_rcv: 612
tot_msg_sent: 1374
tot_reconf_duration: 22.65
tot_sleeping_duration: 1256556.0316000083
tot_uptimes: 327
tot_uptimes_duration: 19560.030399991607
