comms_cons: 125.10090879565558
finished_reconf: true
global_termination_time: 1275449.656
local_termination_time: 400014.3212000002
node_cons: 26201.46770111688
tot_aggregated_send: 17864
tot_msg_rcv: 366
tot_msg_sent: 784
tot_reconf_duration: 7.819999999999999
tot_sleeping_duration: 1255889.6499200023
tot_uptimes: 327
tot_uptimes_duration: 19560.006079997635
