comms_cons: 112.56416000000567
finished_reconf: true
global_termination_time: 1133696.737
local_termination_time: 150490.65600000002
node_cons: 23332.992963842826
tot_aggregated_send: 16277
tot_msg_rcv: 313
tot_msg_sent: 519
tot_reconf_duration: 25.299999999999997
tot_sleeping_duration: 1116296.710439998
tot_uptimes: 291
tot_uptimes_duration: 17400.026560002065
