comms_cons: 112.37994239732964
finished_reconf: true
global_termination_time: 1128907.161
local_termination_time: 464236.812
node_cons: 23331.037122721358
tot_aggregated_send: 16295
tot_msg_rcv: 267
tot_msg_sent: 520
tot_reconf_duration: 15.110000000000001
tot_sleeping_duration: 1111498.260519999
tot_uptimes: 290
tot_uptimes_duration: 17408.900480001
