comms_cons: 115.14063999700775
finished_reconf: true
global_termination_time: 1129867.85
local_termination_time: 5428.306600000001
node_cons: 23228.944688962285
tot_aggregated_send: 15428
tot_msg_rcv: 732
tot_msg_sent: 1340
tot_reconf_duration: 7.819999999999999
tot_sleeping_duration: 1112527.8013599983
tot_uptimes: 290
tot_uptimes_duration: 17340.04864000168
