comms_cons: 110.78714879732165
finished_reconf: true
global_termination_time: 1128612.047
local_termination_time: 1087565.4243599998
node_cons: 23224.221619999895
tot_aggregated_send: 16414
tot_msg_rcv: 186
tot_msg_sent: 239
tot_reconf_duration: 4.390000000000001
tot_sleeping_duration: 1111272.047
tot_uptimes: 290
tot_uptimes_duration: 17340.0
