comms_cons: 253.08167663718552
finished_reconf: true
global_termination_time: 1277824.009
local_termination_time: 1518.4283600000003
node_cons: 26295.933603350535
tot_aggregated_send: 0
tot_msg_rcv: 19501
tot_msg_sent: 18966
tot_reconf_duration: 18.21
tot_sleeping_duration: 1258203.9907600072
tot_uptimes: 328
tot_uptimes_duration: 19620.018239992904
