comms_cons: 130.86216958786025
finished_reconf: true
global_termination_time: 1281641.398
local_termination_time: 426719.10760000005
node_cons: 26357.50604335047
tot_aggregated_send: 17516
tot_msg_rcv: 862
tot_msg_sent: 1514
tot_reconf_duration: 4.390000000000001
tot_sleeping_duration: 1261961.3797600071
tot_uptimes: 329
tot_uptimes_duration: 19680.018239992896
