comms_cons: 295.69557760921
finished_reconf: true
global_termination_time: 2931566.727
local_termination_time: 1607572.583999998
node_cons: 60280.60082069793
tot_aggregated_send: 40600
tot_msg_rcv: 1444
tot_msg_sent: 2900
tot_reconf_duration: 13.17
tot_sleeping_duration: 2886560.9645200158
tot_uptimes: 751
tot_uptimes_duration: 45005.762479984434
