comms_cons: 292.34894720899734
finished_reconf: true
global_termination_time: 2931978.891
local_termination_time: 755869.7677599981
node_cons: 60261.026748934484
tot_aggregated_send: 40368
tot_msg_rcv: 1386
tot_msg_sent: 2682
tot_reconf_duration: 4.390000000000001
tot_sleeping_duration: 2886978.842360018
tot_uptimes: 751
tot_uptimes_duration: 45000.048639981775
