comms_cons: 70.70728959850838
finished_reconf: true
global_termination_time: 709628.9331999986
local_termination_time: 709628.8920799986
node_cons: 14636.922599919593
tot_aggregated_send: 10136
tot_msg_rcv: 224
tot_msg_sent: 386
tot_reconf_duration: 24.59
tot_sleeping_duration: 698722.6379199988
tot_uptimes: 182
tot_uptimes_duration: 10906.295279999671
