comms_cons: 71.29346559813469
finished_reconf: true
global_termination_time: 711699.632
local_termination_time: 364065.2723200007
node_cons: 14653.303379602397
tot_aggregated_send: 9976
tot_msg_rcv: 301
tot_msg_sent: 559
tot_reconf_duration: 22.65
tot_sleeping_duration: 700779.1355999982
tot_uptimes: 183
tot_uptimes_duration: 10920.49640000175
