comms_cons: 146.8609023999127
finished_reconf: true
global_termination_time: 1502506.522
local_termination_time: 429903.9736800007
node_cons: 30865.918980000046
tot_aggregated_send: 21344
tot_msg_rcv: 322
tot_msg_sent: 656
tot_reconf_duration: 11.31
tot_sleeping_duration: 1479466.522
tot_uptimes: 385
tot_uptimes_duration: 23040.0
