comms_cons: 46.67284480028552
finished_reconf: true
global_termination_time: 474316.869
local_termination_time: 71318.86807999964
node_cons: 9751.898700000025
tot_aggregated_send: 6786
tot_msg_rcv: 97
tot_msg_sent: 211
tot_reconf_duration: 22.65
tot_sleeping_duration: 467056.869
tot_uptimes: 122
tot_uptimes_duration: 7260.0
