comms_cons: 29.757632000362243
finished_reconf: true
global_termination_time: 286770.856
local_termination_time: 42273.37036000001
node_cons: 5895.594982238301
tot_aggregated_send: 3770
tot_msg_rcv: 307
tot_msg_sent: 445
tot_reconf_duration: 22.65
tot_sleeping_duration: 282390.84384000127
tot_uptimes: 74
tot_uptimes_duration: 4380.012159998732
