comms_cons: 29.14488320062757
finished_reconf: true
global_termination_time: 284565.916
local_termination_time: 107398.43735999998
node_cons: 5791.853940000016
tot_aggregated_send: 3596
tot_msg_rcv: 258
tot_msg_sent: 575
tot_reconf_duration: 5.43
tot_sleeping_duration: 280245.916
tot_uptimes: 73
tot_uptimes_duration: 4320.0
