comms_cons: 165.262924796312
finished_reconf: true
global_termination_time: 1666526.61
local_termination_time: 675818.5712399989
node_cons: 34245.67171999995
tot_aggregated_send: 24012
tot_msg_rcv: 425
tot_msg_sent: 682
tot_reconf_duration: 15.34
tot_sleeping_duration: 1640966.61
tot_uptimes: 427
tot_uptimes_duration: 25560.0
