comms_cons: 14.139327999783983
finished_reconf: true
global_termination_time: 131256.551
local_termination_time: 41237.1211200001
node_cons: 2655.378182238307
tot_aggregated_send: 1508
tot_msg_rcv: 232
tot_msg_sent: 408
tot_reconf_duration: 3.05
tot_sleeping_duration: 129276.53884000127
tot_uptimes: 34
tot_uptimes_duration: 1980.0121599987324
