comms_cons: 367.4599168277571
finished_reconf: true
global_termination_time: 3643941.793
local_termination_time: 2929220.1489999997
node_cons: 74979.96831101067
tot_aggregated_send: 50099
tot_msg_rcv: 2051
tot_msg_sent: 3701
tot_reconf_duration: 15.34
tot_sleeping_duration: 3587960.3616400207
tot_uptimes: 934
tot_uptimes_duration: 55981.43135997956
