comms_cons: 366.41148802403984
finished_reconf: true
global_termination_time: 3643697.815
local_termination_time: 2977935.4037199994
node_cons: 74965.79708670022
tot_aggregated_send: 50576
tot_msg_rcv: 1745
tot_msg_sent: 3371
tot_reconf_duration: 6.279999999999999
tot_sleeping_duration: 3587717.7785200137
tot_uptimes: 934
tot_uptimes_duration: 55980.03647998627
