comms_cons: 363.0336768355328
finished_reconf: true
global_termination_time: 3646666.309
local_termination_time: 3038198.7391599994
node_cons: 74964.81662446659
tot_aggregated_send: 50924
tot_msg_rcv: 1526
tot_msg_sent: 2729
tot_reconf_duration: 5.57
tot_sleeping_duration: 3590686.284680009
tot_uptimes: 934
tot_uptimes_duration: 55980.024319991004
