comms_cons: 365.53218563589854
finished_reconf: true
global_termination_time: 3644258.805
local_termination_time: 2927575.5142399976
node_cons: 75018.34218893974
tot_aggregated_send: 50228
tot_msg_rcv: 1751
tot_msg_sent: 3578
tot_reconf_duration: 25.299999999999997
tot_sleeping_duration: 3588258.8163600136
tot_uptimes: 934
tot_uptimes_duration: 55999.988639986375
