comms_cons: 365.2395904351858
finished_reconf: true
global_termination_time: 3643649.048
local_termination_time: 2777676.603
node_cons: 75056.20626893999
tot_aggregated_send: 50975
tot_msg_rcv: 1560
tot_msg_sent: 2981
tot_reconf_duration: 13.17
tot_sleeping_duration: 3587608.4793600133
tot_uptimes: 934
tot_uptimes_duration: 56040.56863998645
