comms_cons: 365.1591360400078
finished_reconf: true
global_termination_time: 3646528.706
local_termination_time: 116779.94047999998
node_cons: 74973.47789340118
tot_aggregated_send: 51156
tot_msg_rcv: 1384
tot_msg_sent: 2962
tot_reconf_duration: 11.899999999999999
tot_sleeping_duration: 3590548.6330400277
tot_uptimes: 934
tot_uptimes_duration: 55980.07295997231
