comms_cons: 366.5370368566063
finished_reconf: true
global_termination_time: 3646271.774
local_termination_time: 564070.6085199981
node_cons: 74963.26303116845
tot_aggregated_send: 50170
tot_msg_rcv: 1817
tot_msg_sent: 3725
tot_reconf_duration: 4.390000000000001
tot_sleeping_duration: 3590291.7132000225
tot_uptimes: 934
tot_uptimes_duration: 55980.06079997774
