comms_cons: 363.3223040130135
finished_reconf: true
global_termination_time: 3646937.456
local_termination_time: 2500747.062119998
node_cons: 74965.73188893347
tot_aggregated_send: 50460
tot_msg_rcv: 1724
tot_msg_sent: 3038
tot_reconf_duration: 6.22
tot_sleeping_duration: 3590957.407360018
tot_uptimes: 934
tot_uptimes_duration: 55980.048639981775
