comms_cons: 96.45855999398364
finished_reconf: true
global_termination_time: 954574.5154799998
local_termination_time: 954574.4743599999
node_cons: 19654.703518719827
tot_aggregated_send: 13094
tot_msg_rcv: 510
tot_msg_sent: 1059
tot_reconf_duration: 24.59
tot_sleeping_duration: 939920.811
tot_uptimes: 245
tot_uptimes_duration: 14653.70447999984
