comms_cons: 93.37214079733089
finished_reconf: true
global_termination_time: 955491.084
local_termination_time: 533297.2743599999
node_cons: 19611.50452223833
tot_aggregated_send: 13050
tot_msg_rcv: 335
tot_msg_sent: 807
tot_reconf_duration: 6.279999999999999
tot_sleeping_duration: 940851.0718400013
tot_uptimes: 245
tot_uptimes_duration: 14640.012159998703
