comms_cons: 96.62933759328232
finished_reconf: true
global_termination_time: 954575.3562400003
local_termination_time: 90862.18547999996
node_cons: 19668.58574608443
tot_aggregated_send: 12644
tot_msg_rcv: 684
tot_msg_sent: 1358
tot_reconf_duration: 4.390000000000001
tot_sleeping_duration: 939890.797519997
tot_uptimes: 245
tot_uptimes_duration: 14684.55872000329
