comms_cons: 97.02717439345417
finished_reconf: true
global_termination_time: 954642.861
local_termination_time: 230059.23972000057
node_cons: 19607.15888784083
tot_aggregated_send: 12122
tot_msg_rcv: 874
tot_msg_sent: 1751
tot_reconf_duration: 3.05
tot_sleeping_duration: 940002.8184399995
tot_uptimes: 245
tot_uptimes_duration: 14640.042560000613
