comms_cons: 97.06293759634612
finished_reconf: true
global_termination_time: 957809.352
local_termination_time: 163392.36132000017
node_cons: 19694.017253434213
tot_aggregated_send: 12470
tot_msg_rcv: 764
tot_msg_sent: 1519
tot_reconf_duration: 7.819999999999999
tot_sleeping_duration: 943109.2790400044
tot_uptimes: 246
tot_uptimes_duration: 14700.072959995683
