comms_cons: 80.75310079891004
finished_reconf: true
global_termination_time: 813608.1414799999
local_termination_time: 813608.1003599999
node_cons: 16762.479800958085
tot_aggregated_send: 11644
tot_msg_rcv: 215
tot_msg_sent: 414
tot_reconf_duration: 24.59
tot_sleeping_duration: 801114.4248400014
tot_uptimes: 209
tot_uptimes_duration: 12493.716639998544
