comms_cons: 0.6842367999996346
finished_reconf: true
global_termination_time: 7271.363
local_termination_time: 723.3893599999999
node_cons: 101.17172000000005
tot_aggregated_send: 0
tot_msg_rcv: 60
tot_msg_sent: 44
tot_reconf_duration: 15.34
tot_sleeping_duration: 7211.363
tot_uptimes: 2
tot_uptimes_duration: 60.0
