comms_cons: 0.7697664000017164
finished_reconf: true
global_termination_time: 4304.654
local_termination_time: 1907.2633600000001
node_cons: 114.69739999999993
tot_aggregated_send: 0
tot_msg_rcv: 79
tot_msg_sent: 36
tot_reconf_duration: 25.299999999999997
tot_sleeping_duration: 4244.654
tot_uptimes: 2
tot_uptimes_duration: 60.0
