comms_cons: 116.66350719146745
finished_reconf: true
global_termination_time: 1159461.144
local_termination_time: 399866.2423600001
node_cons: 23805.40174446739
tot_aggregated_send: 15370
tot_msg_rcv: 747
tot_msg_sent: 1615
tot_reconf_duration: 18.21
tot_sleeping_duration: 1141701.1196800095
tot_uptimes: 297
tot_uptimes_duration: 17760.024319990534
