comms_cons: 117.53281279300683
finished_reconf: true
global_termination_time: 1156944.425
local_termination_time: 460119.6789600001
node_cons: 23798.549283350512
tot_aggregated_send: 15602
tot_msg_rcv: 817
tot_msg_sent: 1446
tot_reconf_duration: 13.17
tot_sleeping_duration: 1139184.4067600071
tot_uptimes: 297
tot_uptimes_duration: 17760.018239992904
