comms_cons: 118.86501119155395
finished_reconf: true
global_termination_time: 1158882.207
local_termination_time: 489326.90936000005
node_cons: 23797.840386705637
tot_aggregated_send: 15660
tot_msg_rcv: 962
tot_msg_sent: 1445
tot_reconf_duration: 12.629999999999999
tot_sleeping_duration: 1141122.1705200106
tot_uptimes: 297
tot_uptimes_duration: 17760.03647998924
