comms_cons: 115.26162559626094
finished_reconf: true
global_termination_time: 1154560.132
local_termination_time: 351559.5504800001
node_cons: 23704.474464476625
tot_aggregated_send: 15892
tot_msg_rcv: 517
tot_msg_sent: 1111
tot_reconf_duration: 3.05
tot_sleeping_duration: 1136860.1076800027
tot_uptimes: 296
tot_uptimes_duration: 17700.024319997407
