comms_cons: 116.1427775960289
finished_reconf: true
global_termination_time: 1154281.993
local_termination_time: 632121.0213199995
node_cons: 23707.69022223361
tot_aggregated_send: 15660
tot_msg_rcv: 714
tot_msg_sent: 1278
tot_reconf_duration: 5.43
tot_sleeping_duration: 1136581.9808400047
tot_uptimes: 296
tot_uptimes_duration: 17700.01215999527
