comms_cons: 36.39613440110593
finished_reconf: true
global_termination_time: 342588.147
local_termination_time: 13267.6468
node_cons: 6998.043042242868
tot_aggregated_send: 4350
tot_msg_rcv: 489
tot_msg_sent: 693
tot_reconf_duration: 6.22
tot_sleeping_duration: 337368.13483999786
tot_uptimes: 88
tot_uptimes_duration: 5220.0121600021375
