comms_cons: 22.850188800288375
finished_reconf: true
global_termination_time: 227054.84348000016
local_termination_time: 198141.60148000007
node_cons: 4694.240819841653
tot_aggregated_send: 3074
tot_msg_rcv: 111
tot_msg_sent: 287
tot_reconf_duration: 11.31
tot_sleeping_duration: 223560.53291999892
tot_uptimes: 59
tot_uptimes_duration: 3494.310560001235
