comms_cons: 51.86571520056826
finished_reconf: true
global_termination_time: 517727.3714800001
local_termination_time: 517727.3303600001
node_cons: 10656.639800962985
tot_aggregated_send: 7062
tot_msg_rcv: 229
tot_msg_sent: 594
tot_reconf_duration: 24.59
tot_sleeping_duration: 509793.6548399979
tot_uptimes: 133
tot_uptimes_duration: 7933.716640002211
