comms_cons: 52.25921280042578
finished_reconf: true
global_termination_time: 519395.134
local_termination_time: 66995.99899999947
node_cons: 10723.036887361326
tot_aggregated_send: 7250
tot_msg_rcv: 232
tot_msg_sent: 461
tot_reconf_duration: 18.21
tot_sleeping_duration: 511405.35975999903
tot_uptimes: 134
tot_uptimes_duration: 7989.774240000974
