comms_cons: 64.36431360686966
finished_reconf: true
global_termination_time: 330129.502
local_termination_time: 369.4410399999995
node_cons: 6782.933682242869
tot_aggregated_send: 0
tot_msg_rcv: 4932
tot_msg_sent: 4851
tot_reconf_duration: 25.299999999999997
tot_sleeping_duration: 325089.48983999784
tot_uptimes: 85
tot_uptimes_duration: 5040.0121600021375
