comms_cons: 33.665766400702715
finished_reconf: true
global_termination_time: 330594.817
local_termination_time: 203910.34688000046
node_cons: 6754.529761121458
tot_aggregated_send: 4466
tot_msg_rcv: 248
tot_msg_sent: 403
tot_reconf_duration: 4.390000000000001
tot_sleeping_duration: 325554.8109199989
tot_uptimes: 85
tot_uptimes_duration: 5040.006080001069
