comms_cons: 805.3756610406887
finished_reconf: true
global_termination_time: 7981455.763
local_termination_time: 244403.63248000006
node_cons: 164159.47129675423
tot_aggregated_send: 110664
tot_msg_rcv: 4025
tot_msg_sent: 7722
tot_reconf_duration: 18.21
tot_sleeping_duration: 7858875.671800029
tot_uptimes: 2044
tot_uptimes_duration: 122580.09119997005
