comms_cons: 793.8793601929551
finished_reconf: true
global_termination_time: 7976400.495
local_termination_time: 3632034.74136
node_cons: 164072.2137066971
tot_aggregated_send: 110664
tot_msg_rcv: 3165
tot_msg_sent: 6835
tot_reconf_duration: 13.17
tot_sleeping_duration: 7853880.458520013
tot_uptimes: 2043
tot_uptimes_duration: 122520.0364799872
