comms_cons: 788.2846081654062
finished_reconf: true
global_termination_time: 7978050.021
local_termination_time: 3739600.8622399988
node_cons: 164145.655066697
tot_aggregated_send: 110954
tot_msg_rcv: 3125
tot_msg_sent: 5733
tot_reconf_duration: 8.09
tot_sleeping_duration: 7855469.9845200125
tot_uptimes: 2044
tot_uptimes_duration: 122580.0364799872
