comms_cons: 786.571302548707
finished_reconf: true
global_termination_time: 7980308.41
local_termination_time: 3771691.9929599985
node_cons: 164147.03208557988
tot_aggregated_send: 111476
tot_msg_rcv: 2993
tot_msg_sent: 5083
tot_reconf_duration: 9.11
tot_sleeping_duration: 7857728.379600011
tot_uptimes: 2044
tot_uptimes_duration: 122580.03039998934
