comms_cons: 783.4972417338892
finished_reconf: true
global_termination_time: 7980549.932
local_termination_time: 4943219.5543599995
node_cons: 164147.45306557996
tot_aggregated_send: 111476
tot_msg_rcv: 2558
tot_msg_sent: 5052
tot_reconf_duration: 9.42
tot_sleeping_duration: 7857969.901600011
tot_uptimes: 2044
tot_uptimes_duration: 122580.03039998934
