comms_cons: 778.7942081171085
finished_reconf: true
global_termination_time: 7981042.726
local_termination_time: 5153910.191279998
node_cons: 164149.49824111175
tot_aggregated_send: 111186
tot_msg_rcv: 2476
tot_msg_sent: 4709
tot_reconf_duration: 10.95
tot_sleeping_duration: 7858462.719920002
tot_uptimes: 2044
tot_uptimes_duration: 122580.00607999787
