comms_cons: 801.0333954370944
finished_reconf: true
global_termination_time: 7981040.223
local_termination_time: 1308316.1183599997
node_cons: 164138.8595933992
tot_aggregated_send: 110838
tot_msg_rcv: 3529
tot_msg_sent: 7384
tot_reconf_duration: 3.05
tot_sleeping_duration: 7858460.150040026
tot_uptimes: 2044
tot_uptimes_duration: 122580.07295997394
