comms_cons: 804.8359426265932
finished_reconf: true
global_termination_time: 7978342.852
local_termination_time: 2196483.4153599995
node_cons: 164143.13188893083
tot_aggregated_send: 110316
tot_msg_rcv: 4232
tot_msg_sent: 7782
tot_reconf_duration: 6.22
tot_sleeping_duration: 7855762.803360017
tot_uptimes: 2044
tot_uptimes_duration: 122580.0486399827
