comms_cons: 83.39135999846468
finished_reconf: true
global_termination_time: 839144.414
local_termination_time: 295640.78336000006
node_cons: 17200.324060000035
tot_aggregated_send: 11948
tot_msg_rcv: 268
tot_msg_sent: 459
tot_reconf_duration: 5.57
tot_sleeping_duration: 826304.414
tot_uptimes: 215
tot_uptimes_duration: 12840.0
