comms_cons: 83.90453759694431
finished_reconf: true
global_termination_time: 841756.545
local_termination_time: 388214.61436000007
node_cons: 17280.47394000001
tot_aggregated_send: 11948
tot_msg_rcv: 288
tot_msg_sent: 517
tot_reconf_duration: 5.43
tot_sleeping_duration: 828856.545
tot_uptimes: 216
tot_uptimes_duration: 12899.999999999996
