comms_cons: 2.4343039999955938
finished_reconf: true
global_termination_time: 16827.251
local_termination_time: 1068.525200000003
node_cons: 328.7339400000001
tot_aggregated_send: 0
tot_msg_rcv: 197
tot_msg_sent: 173
tot_reconf_duration: 5.43
tot_sleeping_duration: 16587.251
tot_uptimes: 5
tot_uptimes_duration: 240.0
