comms_cons: 198.56025599421565
finished_reconf: true
global_termination_time: 2008215.2054799998
local_termination_time: 2008215.1643599998
node_cons: 41346.51980095775
tot_aggregated_send: 29102
tot_msg_rcv: 373
tot_msg_sent: 704
tot_reconf_duration: 24.59
tot_sleeping_duration: 1977361.4888400012
tot_uptimes: 515
tot_uptimes_duration: 30853.716639998544
