comms_cons: 14.868198399990685
finished_reconf: true
global_termination_time: 3584.678240000005
local_termination_time: 3584.6371200000053
node_cons: 1588.9030283600075
tot_aggregated_send: 0
tot_msg_rcv: 1126
tot_msg_sent: 1131
tot_reconf_duration: 37.410000000000004
tot_sleeping_duration: 2435.985
tot_uptimes: 13
tot_uptimes_duration: 1148.693240000005
