comms_cons: 52.15234560158126
finished_reconf: true
global_termination_time: 494991.634
local_termination_time: 2799.645800000003
node_cons: 10148.259023364304
tot_aggregated_send: 6380
tot_msg_rcv: 626
tot_msg_sent: 920
tot_reconf_duration: 18.700000000000003
tot_sleeping_duration: 487431.6157599968
tot_uptimes: 127
tot_uptimes_duration: 7560.018240003206
