comms_cons: 50.51572480050044
finished_reconf: true
global_termination_time: 490083.096
local_termination_time: 25079.330840000002
node_cons: 10057.378241121445
tot_aggregated_send: 6496
tot_msg_rcv: 436
tot_msg_sent: 747
tot_reconf_duration: 10.95
tot_sleeping_duration: 482583.08991999895
tot_uptimes: 126
tot_uptimes_duration: 7500.006080001069
