comms_cons: 97.93107201390774
finished_reconf: true
global_termination_time: 491291.377
local_termination_time: 2653.3073600000002
node_cons: 10057.867121121444
tot_aggregated_send: 0
tot_msg_rcv: 7628
tot_msg_sent: 7254
tot_reconf_duration: 11.31
tot_sleeping_duration: 483791.3709199989
tot_uptimes: 126
tot_uptimes_duration: 7500.006080001069
