comms_cons: 170.77416313328862
finished_reconf: true
global_termination_time: 869718.655
local_termination_time: 274.5740399999999
node_cons: 17860.22546223369
tot_aggregated_send: 0
tot_msg_rcv: 13089
tot_msg_sent: 12865
tot_reconf_duration: 18.21
tot_sleeping_duration: 856398.6428400048
tot_uptimes: 223
tot_uptimes_duration: 13320.012159995269
