comms_cons: 84.99668479964576
finished_reconf: true
global_termination_time: 867500.235
local_termination_time: 720971.9043599999
node_cons: 17839.62190000009
tot_aggregated_send: 12354
tot_msg_rcv: 157
tot_msg_sent: 408
tot_reconf_duration: 3.05
tot_sleeping_duration: 854180.235
tot_uptimes: 223
tot_uptimes_duration: 13320.0
