comms_cons: 9.810841599600904
finished_reconf: true
global_termination_time: 115328.715
local_termination_time: 3175.29924
node_cons: 2339.933623359451
tot_aggregated_send: 0
tot_msg_rcv: 388
tot_msg_sent: 1105
tot_reconf_duration: 7.3999999999999995
tot_sleeping_duration: 113588.69676000041
tot_uptimes: 30
tot_uptimes_duration: 1740.0182399995902
