comms_cons: 10.819967999954462
finished_reconf: true
global_termination_time: 115082.373
local_termination_time: 1915.11712
node_cons: 2337.7988267183273
tot_aggregated_send: 0
tot_msg_rcv: 473
tot_msg_sent: 1173
tot_reconf_duration: 5.8100000000000005
tot_sleeping_duration: 113342.33652000125
tot_uptimes: 30
tot_uptimes_duration: 1740.036479998751
