comms_cons: 13.504102399805715
finished_reconf: true
global_termination_time: 114569.432
local_termination_time: 2242.16312
node_cons: 2335.7727044811645
tot_aggregated_send: 0
tot_msg_rcv: 829
tot_msg_sent: 1220
tot_reconf_duration: 4.33
tot_sleeping_duration: 112829.40767999913
tot_uptimes: 30
tot_uptimes_duration: 1740.02432000087
