comms_cons: 31.251200000723134
finished_reconf: true
global_termination_time: 296321.224
local_termination_time: 27836.178280000004
node_cons: 6033.088483362018
tot_aggregated_send: 3712
tot_msg_rcv: 402
tot_msg_sent: 636
tot_reconf_duration: 5.57
tot_sleeping_duration: 291821.20575999847
tot_uptimes: 76
tot_uptimes_duration: 4500.018240001504
