comms_cons: 28.876736000181225
finished_reconf: true
global_termination_time: 296283.456
local_termination_time: 44549.17436000001
node_cons: 6059.865541119161
tot_aggregated_send: 4176
tot_msg_rcv: 62
tot_msg_sent: 151
tot_reconf_duration: 25.299999999999997
tot_sleeping_duration: 291783.4499200006
tot_uptimes: 76
tot_uptimes_duration: 4500.006079999366
