comms_cons: 29.921228800120033
finished_reconf: true
global_termination_time: 296001.406
local_termination_time: 88350.59903999954
node_cons: 6029.650041119142
tot_aggregated_send: 3944
tot_msg_rcv: 198
tot_msg_sent: 405
tot_reconf_duration: 3.05
tot_sleeping_duration: 291501.39992000064
tot_uptimes: 76
tot_uptimes_duration: 4500.006079999366
