comms_cons: 29.42280960004856
finished_reconf: true
global_termination_time: 294627.776
local_termination_time: 124219.56135999944
node_cons: 6033.055294160696
tot_aggregated_send: 4060
tot_msg_rcv: 126
tot_msg_sent: 286
tot_reconf_duration: 5.43
tot_sleeping_duration: 290127.6405599995
tot_uptimes: 76
tot_uptimes_duration: 4500.1354400005075
