comms_cons: 0.769766399997459
finished_reconf: true
global_termination_time: 4534.154
local_termination_time: 3493.4383600000006
node_cons: 84.48190000000025
tot_aggregated_send: 0
tot_msg_rcv: 61
tot_msg_sent: 56
tot_reconf_duration: 3.05
tot_sleeping_duration: 4474.154
tot_uptimes: 2
tot_uptimes_duration: 60.0
