comms_cons: 379.8089724857903
finished_reconf: true
global_termination_time: 1926389.9745999998
local_termination_time: 653.5850399999995
node_cons: 39652.93475175011
tot_aggregated_send: 0
tot_msg_rcv: 29136
tot_msg_sent: 28591
tot_reconf_duration: 18.21
tot_sleeping_duration: 1896794.600760007
tot_uptimes: 494
tot_uptimes_duration: 29595.373839992797
