comms_cons: 184.65840639556924
finished_reconf: true
global_termination_time: 1927476.639
local_termination_time: 1002245.6153599999
node_cons: 39616.06675999988
tot_aggregated_send: 26796
tot_msg_rcv: 444
tot_msg_sent: 827
tot_reconf_duration: 6.22
tot_sleeping_duration: 1897896.639
tot_uptimes: 494
tot_uptimes_duration: 29580.0
