comms_cons: 676.2569280843502
finished_reconf: true
global_termination_time: 6805465.657919999
local_termination_time: 6805465.616799999
node_cons: 140038.35503934647
tot_aggregated_send: 97646
tot_msg_rcv: 1753
tot_msg_sent: 3386
tot_reconf_duration: 37.410000000000004
tot_sleeping_duration: 6700919.315680006
tot_uptimes: 1743
tot_uptimes_duration: 104546.34223999357
