comms_cons: 2860.569287379852
finished_reconf: true
global_termination_time: 6807623.669
local_termination_time: 2071728.3441999997
node_cons: 413715.39812782506
tot_aggregated_send: 0
tot_msg_rcv: 175521
tot_msg_sent: 259273
tot_reconf_duration: 5.57
tot_sleeping_duration: 6498655.906440038
tot_uptimes: 5071
tot_uptimes_duration: 308967.76255996164
