comms_cons: 688.3660034025502
finished_reconf: true
global_termination_time: 6805896.391
local_termination_time: 1017000.3755199983
node_cons: 139962.9728300492
tot_aggregated_send: 93786
tot_msg_rcv: 3931
tot_msg_sent: 6909
tot_reconf_duration: 7.819999999999999
tot_sleeping_duration: 6701376.336280019
tot_uptimes: 1743
tot_uptimes_duration: 104520.05471998034
