comms_cons: 0.8289792000018483
finished_reconf: true
global_termination_time: 7249.775
local_termination_time: 1921.7363600000003
node_cons: 111.09870000000012
tot_aggregated_send: 0
tot_msg_rcv: 87
tot_msg_sent: 39
tot_reconf_duration: 22.65
tot_sleeping_duration: 7189.775
tot_uptimes: 2
tot_uptimes_duration: 60.0
