comms_cons: 1.2237311999959581
finished_reconf: true
global_termination_time: 4360.524
local_termination_time: 2627.7733600000006
node_cons: 90.95956000000021
tot_aggregated_send: 0
tot_msg_rcv: 132
tot_msg_sent: 53
tot_reconf_duration: 7.819999999999999
tot_sleeping_duration: 4300.524
tot_uptimes: 2
tot_uptimes_duration: 60.0
