comms_cons: 122.65328636350498
finished_reconf: true
global_termination_time: 851972.25324
local_termination_time: 86236.75859999996
node_cons: 17558.305064209024
tot_aggregated_send: 4292
tot_msg_rcv: 6183
tot_msg_sent: 8176
tot_reconf_duration: 18.21
tot_sleeping_duration: 838877.7230800232
tot_uptimes: 219
tot_uptimes_duration: 13094.530159976857
