comms_cons: 213.22334719079444
finished_reconf: true
global_termination_time: 2153721.424
local_termination_time: 736800.7144799998
node_cons: 44275.86823999959
tot_aggregated_send: 30740
tot_msg_rcv: 455
tot_msg_sent: 1213
tot_reconf_duration: 6.279999999999999
tot_sleeping_duration: 2120661.424
tot_uptimes: 552
tot_uptimes_duration: 33060.0
