comms_cons: 36.73825280128418
finished_reconf: true
global_termination_time: 350716.627
local_termination_time: 15211.58536
node_cons: 7157.193941121437
tot_aggregated_send: 4408
tot_msg_rcv: 425
tot_msg_sent: 751
tot_reconf_duration: 5.1
tot_sleeping_duration: 345376.6209199989
tot_uptimes: 90
tot_uptimes_duration: 5340.006080001069
