comms_cons: 34.9223936005415
finished_reconf: true
global_termination_time: 345469.91196000023
local_termination_time: 111396.91235999997
node_cons: 7113.940747440339
tot_aggregated_send: 4698
tot_msg_rcv: 208
tot_msg_sent: 402
tot_reconf_duration: 13.17
tot_sleeping_duration: 340170.393
tot_uptimes: 89
tot_uptimes_duration: 5299.518960000249
