comms_cons: 47.00234880312054
finished_reconf: true
global_termination_time: 239945.637
local_termination_time: 3620.9953600000003
node_cons: 4931.498700000005
tot_aggregated_send: 0
tot_msg_rcv: 3627
tot_msg_sent: 3517
tot_reconf_duration: 22.65
tot_sleeping_duration: 236285.637
tot_uptimes: 62
tot_uptimes_duration: 3660.0
