comms_cons: 2.625100799991325
finished_reconf: true
global_termination_time: 17870.763
local_termination_time: 6344.151360000001
node_cons: 329.89638112000716
tot_aggregated_send: 0
tot_msg_rcv: 225
tot_msg_sent: 174
tot_reconf_duration: 6.279999999999999
tot_sleeping_duration: 17630.756919999993
tot_uptimes: 5
tot_uptimes_duration: 240.00608000000466
