comms_cons: 2.4601535999902837
finished_reconf: true
global_termination_time: 15634.934
local_termination_time: 7214.414360000001
node_cons: 334.15236000000016
tot_aggregated_send: 0
tot_msg_rcv: 205
tot_msg_sent: 169
tot_reconf_duration: 9.42
tot_sleeping_duration: 15394.934
tot_uptimes: 5
tot_uptimes_duration: 240.0
