comms_cons: 2.4391359999945275
finished_reconf: true
global_termination_time: 16402.383
local_termination_time: 5448.814360000001
node_cons: 337.528341120007
tot_aggregated_send: 0
tot_msg_rcv: 204
tot_msg_sent: 166
tot_reconf_duration: 11.899999999999999
tot_sleeping_duration: 16162.376919999997
tot_uptimes: 5
tot_uptimes_duration: 240.00608000000466
