comms_cons: 2.517260799991184
finished_reconf: true
global_termination_time: 16063.296
local_termination_time: 4735.0073600000005
node_cons: 329.80676000000034
tot_aggregated_send: 0
tot_msg_rcv: 210
tot_msg_sent: 172
tot_reconf_duration: 6.22
tot_sleeping_duration: 15823.296
tot_uptimes: 5
tot_uptimes_duration: 240.0
