comms_cons: 65.99595520072809
finished_reconf: true
global_termination_time: 657252.686
local_termination_time: 246592.05436000004
node_cons: 13521.857321121439
tot_aggregated_send: 9222
tot_msg_rcv: 300
tot_msg_sent: 509
tot_reconf_duration: 18.21
tot_sleeping_duration: 647172.6799199989
tot_uptimes: 169
tot_uptimes_duration: 10080.006080001069
