comms_cons: 66.26037759945812
finished_reconf: true
global_termination_time: 654359.904
local_termination_time: 207870.0114400002
node_cons: 13425.348945607171
tot_aggregated_send: 8642
tot_msg_rcv: 461
tot_msg_sent: 969
tot_reconf_duration: 6.279999999999999
tot_sleeping_duration: 644339.8735999947
tot_uptimes: 168
tot_uptimes_duration: 10020.030400005344
