comms_cons: 131.08099838330364
finished_reconf: true
global_termination_time: 656781.501
local_termination_time: 378.6014799999991
node_cons: 13504.708483362032
tot_aggregated_send: 0
tot_msg_rcv: 10169
tot_msg_sent: 9754
tot_reconf_duration: 5.57
tot_sleeping_duration: 646701.4827599985
tot_uptimes: 169
tot_uptimes_duration: 10080.018240001504
