comms_cons: 65.43735039994283
finished_reconf: true
global_termination_time: 655024.852
local_termination_time: 191852.1558400001
node_cons: 13420.930041121434
tot_aggregated_send: 9222
tot_msg_rcv: 261
tot_msg_sent: 463
tot_reconf_duration: 3.05
tot_sleeping_duration: 645004.845919999
tot_uptimes: 168
tot_uptimes_duration: 10020.006080001069
