comms_cons: 281.30027521475984
finished_reconf: true
global_termination_time: 2809143.074
local_termination_time: 6240.160000000001
node_cons: 57851.682288938544
tot_aggregated_send: 39261
tot_msg_rcv: 1280
tot_msg_sent: 2214
tot_reconf_duration: 5.02
tot_sleeping_duration: 2765943.025360015
tot_uptimes: 720
tot_uptimes_duration: 43200.04863998474
