comms_cons: 280.1041152190378
finished_reconf: true
global_termination_time: 2809488.578
local_termination_time: 5951.811
node_cons: 57850.22108781743
tot_aggregated_send: 39435
tot_msg_rcv: 1157
tot_msg_sent: 1983
tot_reconf_duration: 3.95
tot_sleeping_duration: 2766288.535440016
tot_uptimes: 720
tot_uptimes_duration: 43200.04255998391
