comms_cons: 280.9061504096983
finished_reconf: true
global_termination_time: 2808303.98
local_termination_time: 7274.548000000001
node_cons: 57863.65441005997
tot_aggregated_send: 38788
tot_msg_rcv: 1151
tot_msg_sent: 2758
tot_reconf_duration: 13.83
tot_sleeping_duration: 2765103.925280014
tot_uptimes: 720
tot_uptimes_duration: 43200.05471998581
