comms_cons: 283.7082624235317
finished_reconf: true
global_termination_time: 2810318.123
local_termination_time: 406516.75948000007
node_cons: 57852.41290670029
tot_aggregated_send: 39266
tot_msg_rcv: 1358
tot_msg_sent: 2498
tot_reconf_duration: 5.57
tot_sleeping_duration: 2767118.086520014
tot_uptimes: 720
tot_uptimes_duration: 43200.03647998604
