comms_cons: 283.52404481249937
finished_reconf: true
global_termination_time: 2810970.309
local_termination_time: 406493.036
node_cons: 57851.95118046077
tot_aggregated_send: 38976
tot_msg_rcv: 1327
tot_msg_sent: 2791
tot_reconf_duration: 5.1
tot_sleeping_duration: 2767770.140680013
tot_uptimes: 720
tot_uptimes_duration: 43200.168319986435
