comms_cons: 284.60491519891156
finished_reconf: true
global_termination_time: 2811106.341
local_termination_time: 343055.06664000085
node_cons: 57898.925646133
tot_aggregated_send: 38570
tot_msg_rcv: 1498
tot_msg_sent: 3191
tot_reconf_duration: 25.299999999999997
tot_sleeping_duration: 2767891.5775600197
tot_uptimes: 720
tot_uptimes_duration: 43214.76343998063
