comms_cons: 281.451916806098
finished_reconf: true
global_termination_time: 2809246.002
local_termination_time: 598244.032
node_cons: 57857.212085583116
tot_aggregated_send: 39432
tot_msg_rcv: 1019
tot_msg_sent: 2329
tot_reconf_duration: 9.11
tot_sleeping_duration: 2766045.9716000115
tot_uptimes: 720
tot_uptimes_duration: 43200.03039998817
