comms_cons: 285.48144002160666
finished_reconf: true
global_termination_time: 2811220.936
local_termination_time: 1012422.05736
node_cons: 57857.64120670065
tot_aggregated_send: 38744
tot_msg_rcv: 1629
tot_msg_sent: 3018
tot_reconf_duration: 9.42
tot_sleeping_duration: 2768020.899520014
tot_uptimes: 720
tot_uptimes_duration: 43200.03647998627
