comms_cons: 284.26208643438525
finished_reconf: true
global_termination_time: 2809158.871
local_termination_time: 1995800.8553999984
node_cons: 57859.68638223319
tot_aggregated_send: 39034
tot_msg_rcv: 1448
tot_msg_sent: 2723
tot_reconf_duration: 10.95
tot_sleeping_duration: 2765958.8588400045
tot_uptimes: 720
tot_uptimes_duration: 43200.0121599955
