comms_cons: 282.3413696241738
finished_reconf: true
global_termination_time: 2809369.247
local_termination_time: 2283995.78436
node_cons: 57860.98462334996
tot_aggregated_send: 39788
tot_msg_rcv: 1159
tot_msg_sent: 1966
tot_reconf_duration: 11.899999999999999
tot_sleeping_duration: 2766169.2287600064
tot_uptimes: 720
tot_uptimes_duration: 43200.01823999337
