comms_cons: 283.90309120984455
finished_reconf: true
global_termination_time: 2810591.464
local_termination_time: 2028655.08536
node_cons: 57853.27118335005
tot_aggregated_send: 39034
tot_msg_rcv: 1389
tot_msg_sent: 2727
tot_reconf_duration: 6.22
tot_sleeping_duration: 2767391.445760007
tot_uptimes: 720
tot_uptimes_duration: 43200.01823999337
