comms_cons: 64.27220479962394
finished_reconf: true
global_termination_time: 655473.498
local_termination_time: 540450.707999998
node_cons: 13442.340115118888
tot_aggregated_send: 9164
tot_msg_rcv: 201
tot_msg_sent: 404
tot_reconf_duration: 13.17
tot_sleeping_duration: 645447.7659200008
tot_uptimes: 168
tot_uptimes_duration: 10025.732079999114
