comms_cons: 68.11591040018418
finished_reconf: true
global_termination_time: 655350.326
local_termination_time: 202185.14880000072
node_cons: 13424.186504485731
tot_aggregated_send: 8352
tot_msg_rcv: 761
tot_msg_sent: 1241
tot_reconf_duration: 5.43
tot_sleeping_duration: 645330.3016799957
tot_uptimes: 168
tot_uptimes_duration: 10020.024320004275
