comms_cons: 67.37095040528986
finished_reconf: true
global_termination_time: 510003.342
local_termination_time: 82207.80899999975
node_cons: 10469.12456690752
tot_aggregated_send: 3480
tot_msg_rcv: 2952
tot_msg_sent: 3812
tot_reconf_duration: 18.21
tot_sleeping_duration: 502203.1960799795
tot_uptimes: 131
tot_uptimes_duration: 7800.145920020543
