comms_cons: 51.86383360084214
finished_reconf: true
global_termination_time: 508664.414
local_termination_time: 105697.12035999996
node_cons: 10451.772201121434
tot_aggregated_send: 6844
tot_msg_rcv: 403
tot_msg_sent: 636
tot_reconf_duration: 5.57
tot_sleeping_duration: 500864.4079199989
tot_uptimes: 131
tot_uptimes_duration: 7800.006080001069
