comms_cons: 50.245977600411166
finished_reconf: true
global_termination_time: 510373.088
local_termination_time: 207980.6913600005
node_cons: 10460.360200000006
tot_aggregated_send: 7076
tot_msg_rcv: 164
tot_msg_sent: 397
tot_reconf_duration: 11.899999999999999
tot_sleeping_duration: 502573.088
tot_uptimes: 131
tot_uptimes_duration: 7800.0
