comms_cons: 82.03729919893362
finished_reconf: true
global_termination_time: 825607.678
local_termination_time: 413002.1486400004
node_cons: 16969.624860000004
tot_aggregated_send: 11716
tot_msg_rcv: 242
tot_msg_sent: 512
tot_reconf_duration: 13.17
tot_sleeping_duration: 812947.678
tot_uptimes: 212
tot_uptimes_duration: 12660.0
