comms_cons: 85.0696831924226
finished_reconf: true
global_termination_time: 827028.036
local_termination_time: 35623.22960000002
node_cons: 16955.922605597985
tot_aggregated_send: 10846
tot_msg_rcv: 685
tot_msg_sent: 1400
tot_reconf_duration: 3.05
tot_sleeping_duration: 814368.0056000015
tot_uptimes: 212
tot_uptimes_duration: 12660.030399998475
