comms_cons: 265.6558527948159
finished_reconf: true
global_termination_time: 2678184.311
local_termination_time: 3433.2347600000035
node_cons: 55037.082639999084
tot_aggregated_send: 38338
tot_msg_rcv: 648
tot_msg_sent: 1392
tot_reconf_duration: 3.08
tot_sleeping_duration: 2637084.311
tot_uptimes: 686
tot_uptimes_duration: 41100.0
