comms_cons: 264.97070079297924
finished_reconf: true
global_termination_time: 2673144.641
local_termination_time: 853476.9223599999
node_cons: 54973.079379999064
tot_aggregated_send: 38454
tot_msg_rcv: 616
tot_msg_sent: 1204
tot_reconf_duration: 15.110000000000001
tot_sleeping_duration: 2632104.641
tot_uptimes: 685
tot_uptimes_duration: 41040.0
