comms_cons: 258.8056255948277
finished_reconf: true
global_termination_time: 2673727.326
local_termination_time: 1552796.1585199984
node_cons: 54967.43009999934
tot_aggregated_send: 37932
tot_msg_rcv: 542
tot_msg_sent: 862
tot_reconf_duration: 10.95
tot_sleeping_duration: 2632687.326
tot_uptimes: 685
tot_uptimes_duration: 41040.0
