comms_cons: 269.1297151969173
finished_reconf: true
global_termination_time: 2675223.547
local_termination_time: 5942.42048
node_cons: 55038.96745452282
tot_aggregated_send: 36366
tot_msg_rcv: 1410
tot_msg_sent: 3129
tot_reconf_duration: 4.390000000000001
tot_sleeping_duration: 2634123.4679600266
tot_uptimes: 686
tot_uptimes_duration: 41100.079039972916
