comms_cons: 267.97544960416724
finished_reconf: true
global_termination_time: 2674074.987
local_termination_time: 624025.4313599998
node_cons: 54959.99092781667
tot_aggregated_send: 36482
tot_msg_rcv: 1279
tot_msg_sent: 2969
tot_reconf_duration: 5.43
tot_sleeping_duration: 2633034.944440017
tot_uptimes: 685
tot_uptimes_duration: 41040.042559983325
