comms_cons: 66.06832639993286
finished_reconf: true
global_termination_time: 647502.172
local_termination_time: 7210.2349600000025
node_cons: 13280.84546224288
tot_aggregated_send: 8700
tot_msg_rcv: 486
tot_msg_sent: 856
tot_reconf_duration: 18.21
tot_sleeping_duration: 637602.1598399979
tot_uptimes: 166
tot_uptimes_duration: 9900.012160002138
