comms_cons: 271.6399872014797
finished_reconf: true
global_termination_time: 2716156.209
local_termination_time: 1080901.38636
node_cons: 55853.45153999921
tot_aggregated_send: 38512
tot_msg_rcv: 989
tot_msg_sent: 1787
tot_reconf_duration: 12.629999999999999
tot_sleeping_duration: 2674456.209
tot_uptimes: 696
tot_uptimes_duration: 41700.0
