comms_cons: 268.3144000031292
finished_reconf: true
global_termination_time: 2716073.641
local_termination_time: 2083963.716
node_cons: 55859.140792076425
tot_aggregated_send: 39088
tot_msg_rcv: 504
tot_msg_sent: 1191
tot_reconf_duration: 10.95
tot_sleeping_duration: 2674367.6882800017
tot_uptimes: 696
tot_uptimes_duration: 41705.95271999785
