comms_cons: 281.85678083981804
finished_reconf: false
global_termination_time: 2808559.522
local_termination_time: 0
node_cons: 57844.832564466924
tot_aggregated_send: 39324
tot_msg_rcv: 1076
tot_msg_sent: 2440
tot_reconf_duration: 0
tot_sleeping_duration: 2765359.497680009
tot_uptimes: 720
tot_uptimes_duration: 43200.024319991004
