comms_cons: 282.97364480176276
finished_reconf: true
global_termination_time: 2810891.965
local_termination_time: 2524136.18572
node_cons: 57861.951539998816
tot_aggregated_send: 39150
tot_msg_rcv: 1256
tot_msg_sent: 2605
tot_reconf_duration: 12.629999999999999
tot_sleeping_duration: 2767691.965
tot_uptimes: 720
tot_uptimes_duration: 43200.0
