comms_cons: 282.7879680117126
finished_reconf: true
global_termination_time: 2807992.152079998
local_termination_time: 437909.6576000005
node_cons: 57855.9056689345
tot_aggregated_send: 39208
tot_msg_rcv: 1219
tot_msg_sent: 2555
tot_reconf_duration: 8.129999999999999
tot_sleeping_duration: 2764792.103440016
tot_uptimes: 720
tot_uptimes_duration: 43200.048639981775
