comms_cons: 283.3123264208331
finished_reconf: true
global_termination_time: 2808046.181
local_termination_time: 373802.71636
node_cons: 57849.42800893424
tot_aggregated_send: 39208
tot_msg_rcv: 1294
tot_msg_sent: 2559
tot_reconf_duration: 3.3600000000000003
tot_sleeping_duration: 2764846.1323600183
tot_uptimes: 720
tot_uptimes_duration: 43200.04863998154
