comms_cons: 283.4755328178818
finished_reconf: true
global_termination_time: 2810561.553
local_termination_time: 499233.03936000005
node_cons: 57851.372685588045
tot_aggregated_send: 39440
tot_msg_rcv: 1323
tot_msg_sent: 2323
tot_reconf_duration: 4.8100000000000005
tot_sleeping_duration: 2767361.522600008
tot_uptimes: 720
tot_uptimes_duration: 43200.03039999184
