comms_cons: 282.8924416219976
finished_reconf: true
global_termination_time: 2810642.0
local_termination_time: 819387.2943599999
node_cons: 57850.794184466635
tot_aggregated_send: 39498
tot_msg_rcv: 1235
tot_msg_sent: 2264
tot_reconf_duration: 4.390000000000001
tot_sleeping_duration: 2767441.9756800095
tot_uptimes: 720
tot_uptimes_duration: 43200.02431999077
