comms_cons: 282.54689279698994
finished_reconf: true
global_termination_time: 2811303.525
local_termination_time: 922232.3936399982
node_cons: 57855.46840670037
tot_aggregated_send: 38802
tot_msg_rcv: 1183
tot_msg_sent: 2959
tot_reconf_duration: 7.819999999999999
tot_sleeping_duration: 2768103.488520014
tot_uptimes: 720
tot_uptimes_duration: 43200.03647998604
