comms_cons: 74.60471040021649
finished_reconf: true
global_termination_time: 752010.9922399989
local_termination_time: 752010.9511199989
node_cons: 15509.419284722884
tot_aggregated_send: 10658
tot_msg_rcv: 183
tot_msg_sent: 498
tot_reconf_duration: 24.59
tot_sleeping_duration: 740453.0937599967
tot_uptimes: 193
tot_uptimes_duration: 11557.898480002128
