comms_cons: 73.78103040024642
finished_reconf: true
global_termination_time: 753187.007
local_termination_time: 403000.81024000095
node_cons: 15467.239753361351
tot_aggregated_send: 10382
tot_msg_rcv: 267
tot_msg_sent: 568
tot_reconf_duration: 18.21
tot_sleeping_duration: 741654.138759999
tot_uptimes: 193
tot_uptimes_duration: 11532.868240000971
