comms_cons: 73.40538880031252
finished_reconf: true
global_termination_time: 752018.952
local_termination_time: 407117.34148000006
node_cons: 15456.046841121486
tot_aggregated_send: 9918
tot_msg_rcv: 442
tot_msg_sent: 797
tot_reconf_duration: 22.65
tot_sleeping_duration: 740498.9459199989
tot_uptimes: 193
tot_uptimes_duration: 11520.006080001069
