comms_cons: 106.03038721258442
finished_reconf: true
global_termination_time: 753142.279
local_termination_time: 530361.1634799999
node_cons: 15431.811980000097
tot_aggregated_send: 0
tot_msg_rcv: 8168
tot_msg_sent: 7948
tot_reconf_duration: 4.8100000000000005
tot_sleeping_duration: 741622.279
tot_uptimes: 193
tot_uptimes_duration: 11520.0
