comms_cons: 14.284531199994772
finished_reconf: true
global_termination_time: 3417.6895200000013
local_termination_time: 3417.6484000000014
node_cons: 1417.759118280002
tot_aggregated_send: 0
tot_msg_rcv: 1153
tot_msg_sent: 1015
tot_reconf_duration: 37.410000000000004
tot_sleeping_duration: 2396.811
tot_uptimes: 13
tot_uptimes_duration: 1020.8785200000011
