comms_cons: 1.4079487999992446
finished_reconf: true
global_termination_time: 6864.822
local_termination_time: 507.7903599999999
node_cons: 90.95956
tot_aggregated_send: 0
tot_msg_rcv: 159
tot_msg_sent: 54
tot_reconf_duration: 7.819999999999999
tot_sleeping_duration: 6804.822
tot_uptimes: 2
tot_uptimes_duration: 60.0
