comms_cons: 515.2969152995712
finished_reconf: true
global_termination_time: 5161405.676
local_termination_time: 3344724.5303599997
node_cons: 106147.073706699
tot_aggregated_send: 71456
tot_msg_rcv: 2192
tot_msg_sent: 4673
tot_reconf_duration: 13.17
tot_sleeping_duration: 5082145.639520014
tot_uptimes: 1322
tot_uptimes_duration: 79260.03647998674
