comms_cons: 515.1974145323404
finished_reconf: true
global_termination_time: 5160159.962
local_termination_time: 515917.63636000006
node_cons: 106135.73710893311
tot_aggregated_send: 71050
tot_msg_rcv: 2550
tot_msg_sent: 4707
tot_reconf_duration: 4.8100000000000005
tot_sleeping_duration: 5080899.913360018
tot_uptimes: 1322
tot_uptimes_duration: 79260.04863998224
