comms_cons: 510.78584325795885
finished_reconf: true
global_termination_time: 5158863.463
local_termination_time: 1972331.205879998
node_cons: 106136.56278669904
tot_aggregated_send: 71920
tot_msg_rcv: 1823
tot_msg_sent: 3892
tot_reconf_duration: 5.43
tot_sleeping_duration: 5079603.426520014
tot_uptimes: 1322
tot_uptimes_duration: 79260.03647998674
