comms_cons: 282.3037567987362
finished_reconf: true
global_termination_time: 2860769.933
local_termination_time: 1172587.03736
node_cons: 58829.71986111586
tot_aggregated_send: 41528
tot_msg_rcv: 465
tot_msg_sent: 915
tot_reconf_duration: 15.34
tot_sleeping_duration: 2816849.9269200023
tot_uptimes: 733
tot_uptimes_duration: 43920.006079997635
