comms_cons: 18.691507200210378
finished_reconf: true
global_termination_time: 206317.331
local_termination_time: 2370.91512
node_cons: 4210.1715011191545
tot_aggregated_send: 2262
tot_msg_rcv: 166
tot_msg_sent: 413
tot_reconf_duration: 23.919999999999998
tot_sleeping_duration: 203197.32492000065
tot_uptimes: 53
tot_uptimes_duration: 3120.006079999366
