comms_cons: 27.27078399854582
finished_reconf: true
global_termination_time: 129016.9125199998
local_termination_time: 129016.8713999998
node_cons: 2722.865557757455
tot_aggregated_send: 0
tot_msg_rcv: 2200
tot_msg_sent: 1941
tot_reconf_duration: 24.59
tot_sleeping_duration: 127008.34468000168
tot_uptimes: 34
tot_uptimes_duration: 2008.5678399981043
