comms_cons: 1262.8826839863173
finished_reconf: true
global_termination_time: 4331892.771439999
local_termination_time: 4331892.730319999
node_cons: 176881.72909615224
tot_aggregated_send: 0
tot_msg_rcv: 64323
tot_msg_sent: 127628
tot_reconf_duration: 24.59
tot_sleeping_duration: 4199817.838
tot_uptimes: 2185
tot_uptimes_duration: 132074.93343999895
