comms_cons: 434.7186944830168
finished_reconf: true
global_termination_time: 4332275.269
local_termination_time: 929693.66736
node_cons: 89105.53932446569
tot_aggregated_send: 59334
tot_msg_rcv: 2269
tot_msg_sent: 4470
tot_reconf_duration: 6.22
tot_sleeping_duration: 4265735.244680009
tot_uptimes: 1110
tot_uptimes_duration: 66540.024319991
