comms_cons: 457.53214090750754
finished_reconf: true
global_termination_time: 4508471.29
local_termination_time: 234665.306
node_cons: 92733.86187388838
tot_aggregated_send: 61763
tot_msg_rcv: 2608
tot_msg_sent: 5172
tot_reconf_duration: 13.17
tot_sleeping_duration: 4439228.588720022
tot_uptimes: 1155
tot_uptimes_duration: 69242.70127997827
