comms_cons: 449.7883776731972
finished_reconf: true
global_termination_time: 4503664.174
local_termination_time: 1717721.1603599996
node_cons: 92716.53446446518
tot_aggregated_send: 62060
tot_msg_rcv: 2044
tot_msg_sent: 4260
tot_reconf_duration: 3.05
tot_sleeping_duration: 4434424.149680008
tot_uptimes: 1154
tot_uptimes_duration: 69240.024319991
