comms_cons: 58.09893120416304
finished_reconf: true
global_termination_time: 448536.05236000015
local_termination_time: 151656.54784000057
node_cons: 9202.775064833115
tot_aggregated_send: 2494
tot_msg_rcv: 2451
tot_msg_sent: 3885
tot_reconf_duration: 18.21
tot_sleeping_duration: 441681.6491599754
tot_uptimes: 115
tot_uptimes_duration: 6854.403200024739
