comms_cons: 45.65306880102111
finished_reconf: true
global_termination_time: 448536.1846000007
local_termination_time: 131643.46712000095
node_cons: 9223.206354886635
tot_aggregated_send: 5858
tot_msg_rcv: 297
tot_msg_sent: 784
tot_reconf_duration: 4.390000000000001
tot_sleeping_duration: 441652.50667999574
tot_uptimes: 115
tot_uptimes_duration: 6883.677920004935
