comms_cons: 45.70146560067499
finished_reconf: true
global_termination_time: 450128.416
local_termination_time: 282920.04404000076
node_cons: 9246.48208112143
tot_aggregated_send: 6148
tot_msg_rcv: 275
tot_msg_sent: 521
tot_reconf_duration: 5.43
tot_sleeping_duration: 443228.40991999896
tot_uptimes: 116
tot_uptimes_duration: 6900.006080001069
