comms_cons: 67.33136640584141
finished_reconf: true
global_termination_time: 490628.9298800004
local_termination_time: 490628.8887600004
node_cons: 10139.96489474011
tot_aggregated_send: 3190
tot_msg_rcv: 2908
tot_msg_sent: 4139
tot_reconf_duration: 37.410000000000004
tot_sleeping_duration: 483094.0813999854
tot_uptimes: 126
tot_uptimes_duration: 7534.848480015004
