comms_cons: 48.48870400037767
finished_reconf: true
global_termination_time: 490965.137
local_termination_time: 1587.9986800000033
node_cons: 10050.954901121444
tot_aggregated_send: 6844
tot_msg_rcv: 123
tot_msg_sent: 403
tot_reconf_duration: 6.22
tot_sleeping_duration: 483465.1309199989
tot_uptimes: 126
tot_uptimes_duration: 7500.006080001069
