comms_cons: 52.69969920114121
finished_reconf: true
global_termination_time: 518830.538
local_termination_time: 117886.40187999974
node_cons: 10613.343042242877
tot_aggregated_send: 6960
tot_msg_rcv: 355
tot_msg_sent: 695
tot_reconf_duration: 6.22
tot_sleeping_duration: 510910.52583999786
tot_uptimes: 133
tot_uptimes_duration: 7920.0121600021375
