comms_cons: 269.27102721050494
finished_reconf: true
global_termination_time: 2615028.246239991
local_termination_time: 88551.14923999946
node_cons: 53826.4906794733
tot_aggregated_send: 34742
tot_msg_rcv: 2218
tot_msg_sent: 3968
tot_reconf_duration: 11.31
tot_sleeping_duration: 2574840.6945600254
tot_uptimes: 670
tot_uptimes_duration: 40187.55167996575
