comms_cons: 159.30774399036642
finished_reconf: true
global_termination_time: 1584442.931
local_termination_time: 995822.807
node_cons: 32544.716697981374
tot_aggregated_send: 21689
tot_msg_rcv: 989
tot_msg_sent: 1535
tot_reconf_duration: 4.8100000000000005
tot_sleeping_duration: 1560142.569000014
tot_uptimes: 406
tot_uptimes_duration: 24300.361999985995
