comms_cons: 12.737958400007127
finished_reconf: true
global_termination_time: 169719.1
local_termination_time: 2945.56524
node_cons: 3461.486006720609
tot_aggregated_send: 0
tot_msg_rcv: 582
tot_msg_sent: 1355
tot_reconf_duration: 5.02
tot_sleeping_duration: 167139.06351999956
tot_uptimes: 44
tot_uptimes_duration: 2580.0364800004536
