comms_cons: 10.118809600396355
finished_reconf: true
global_termination_time: 170360.002
local_termination_time: 2892.88612
node_cons: 3464.267204481166
tot_aggregated_send: 0
tot_msg_rcv: 206
tot_msg_sent: 1332
tot_reconf_duration: 7.08
tot_sleeping_duration: 167779.97767999914
tot_uptimes: 44
tot_uptimes_duration: 2580.02432000087
