comms_cons: 173.0622463328921
finished_reconf: true
global_termination_time: 869748.9765599996
local_termination_time: 3442.76036
node_cons: 17892.070631428214
tot_aggregated_send: 0
tot_msg_rcv: 13414
tot_msg_sent: 12887
tot_reconf_duration: 18.21
tot_sleeping_duration: 856405.1816000085
tot_uptimes: 223
tot_uptimes_duration: 13343.79495999118
