comms_cons: 88.48428799508504
finished_reconf: true
global_termination_time: 870460.704
local_termination_time: 302180.85536000005
node_cons: 17842.06082671941
tot_aggregated_send: 11658
tot_msg_rcv: 570
tot_msg_sent: 1222
tot_reconf_duration: 4.8100000000000005
tot_sleeping_duration: 857140.6675200005
tot_uptimes: 223
tot_uptimes_duration: 13320.036479999544
