comms_cons: 92.3462783953983
finished_reconf: true
global_termination_time: 871053.161
local_termination_time: 205834.66428000035
node_cons: 17931.29295567592
tot_aggregated_send: 10846
tot_msg_rcv: 1092
tot_msg_sent: 2098
tot_reconf_duration: 11.31
tot_sleeping_duration: 857673.075880003
tot_uptimes: 224
tot_uptimes_duration: 13380.08511999694
