comms_cons: 193.74198390739522
finished_reconf: true
global_termination_time: 982590.8497999985
local_termination_time: 1998.4323600000002
node_cons: 20259.915490555428
tot_aggregated_send: 0
tot_msg_rcv: 14855
tot_msg_sent: 14589
tot_reconf_duration: 18.21
tot_sleeping_duration: 967478.6867600018
tot_uptimes: 252
tot_uptimes_duration: 15112.163039996565
