comms_cons: 98.78692479601028
finished_reconf: true
global_termination_time: 984061.601
local_termination_time: 48629.263720000024
node_cons: 20249.821900000035
tot_aggregated_send: 14094
tot_msg_rcv: 400
tot_msg_sent: 521
tot_reconf_duration: 3.05
tot_sleeping_duration: 968941.601
tot_uptimes: 253
tot_uptimes_duration: 15120.0
