comms_cons: 96.58328319904271
finished_reconf: true
global_termination_time: 982694.528
local_termination_time: 512677.95100000093
node_cons: 20185.875554001246
tot_aggregated_send: 14268
tot_msg_rcv: 129
tot_msg_sent: 284
tot_reconf_duration: 11.31
tot_sleeping_duration: 967630.6619999992
tot_uptimes: 252
tot_uptimes_duration: 15063.866000000911
