comms_cons: 10.579007999753465
finished_reconf: true
global_termination_time: 115914.943
local_termination_time: 3087.50112
node_cons: 2359.3258633585933
tot_aggregated_send: 812
tot_msg_rcv: 366
tot_msg_sent: 430
tot_reconf_duration: 21.68
tot_sleeping_duration: 114174.92476000104
tot_uptimes: 30
tot_uptimes_duration: 1740.0182399989499
