comms_cons: 12.055603200328473
finished_reconf: true
global_termination_time: 115838.429
local_termination_time: 3953.796
node_cons: 2344.776244480882
tot_aggregated_send: 750
tot_msg_rcv: 388
tot_msg_sent: 696
tot_reconf_duration: 10.96
tot_sleeping_duration: 114098.40467999934
tot_uptimes: 30
tot_uptimes_duration: 1740.024320000659
