comms_cons: 8.67201280012586
finished_reconf: true
global_termination_time: 113767.071
local_termination_time: 694.9731199999999
node_cons: 2339.7679611200083
tot_aggregated_send: 754
tot_msg_rcv: 223
tot_msg_sent: 342
tot_reconf_duration: 7.29
tot_sleeping_duration: 112027.06491999999
tot_uptimes: 30
tot_uptimes_duration: 1740.0060800000065
