comms_cons: 9.430220799687177
finished_reconf: true
global_termination_time: 115728.139
local_termination_time: 2423.9841200000005
node_cons: 2345.8246067171876
tot_aggregated_send: 522
tot_msg_rcv: 328
tot_msg_sent: 584
tot_reconf_duration: 11.719999999999999
tot_sleeping_duration: 113988.1025200021
tot_uptimes: 30
tot_uptimes_duration: 1740.0364799978997
