comms_cons: 197.20277110293645
finished_reconf: true
global_termination_time: 998066.012
local_termination_time: 3410.626480000001
node_cons: 20511.45360335053
tot_aggregated_send: 0
tot_msg_rcv: 15182
tot_msg_sent: 14791
tot_reconf_duration: 18.21
tot_sleeping_duration: 982765.9937600071
tot_uptimes: 256
tot_uptimes_duration: 15300.018239992904
