comms_cons: 98.82021119734642
finished_reconf: true
global_termination_time: 998398.987
local_termination_time: 333214.338
node_cons: 20494.272201121472
tot_aggregated_send: 14323
tot_msg_rcv: 235
tot_msg_sent: 462
tot_reconf_duration: 5.57
tot_sleeping_duration: 983098.980919999
tot_uptimes: 256
tot_uptimes_duration: 15300.006080001069
