comms_cons: 98.69457920053638
finished_reconf: true
global_termination_time: 998300.598
local_termination_time: 279609.3073600001
node_cons: 20497.686220000065
tot_aggregated_send: 14384
tot_msg_rcv: 218
tot_msg_sent: 399
tot_reconf_duration: 8.09
tot_sleeping_duration: 983000.598
tot_uptimes: 256
tot_uptimes_duration: 15300.0
