comms_cons: 99.305651195658
finished_reconf: true
global_termination_time: 1001505.606
local_termination_time: 379433.95836000005
node_cons: 20579.832360000008
tot_aggregated_send: 14268
tot_msg_rcv: 253
tot_msg_sent: 572
tot_reconf_duration: 9.42
tot_sleeping_duration: 986145.606
tot_uptimes: 257
tot_uptimes_duration: 15360.0
