comms_cons: 98.54983679908504
finished_reconf: true
global_termination_time: 997887.88
local_termination_time: 500503.10736
node_cons: 20512.094599999968
tot_aggregated_send: 14326
tot_msg_rcv: 206
tot_msg_sent: 447
tot_reconf_duration: 18.700000000000003
tot_sleeping_duration: 982587.88
tot_uptimes: 256
tot_uptimes_duration: 15300.0
