comms_cons: 102.56743681469094
finished_reconf: true
global_termination_time: 513311.942
local_termination_time: 1409.71836
node_cons: 10532.136624483459
tot_aggregated_send: 0
tot_msg_rcv: 7981
tot_msg_sent: 7607
tot_reconf_duration: 5.57
tot_sleeping_duration: 505451.9176799974
tot_uptimes: 132
tot_uptimes_duration: 7860.024320002574
