comms_cons: 54.18691840162847
finished_reconf: true
global_termination_time: 515078.075
local_termination_time: 10169.10944
node_cons: 10528.771486726318
tot_aggregated_send: 6264
tot_msg_rcv: 633
tot_msg_sent: 1340
tot_reconf_duration: 3.08
tot_sleeping_duration: 507218.0385199953
tot_uptimes: 132
tot_uptimes_duration: 7860.03648000471
