comms_cons: 101.75365761494832
finished_reconf: true
global_termination_time: 513629.97
local_termination_time: 530.1674799999992
node_cons: 10539.923403362027
tot_aggregated_send: 0
tot_msg_rcv: 7864
tot_msg_sent: 7599
tot_reconf_duration: 11.31
tot_sleeping_duration: 505769.95175999845
tot_uptimes: 132
tot_uptimes_duration: 7860.018240001504
