comms_cons: 41.47319040100069
finished_reconf: true
global_termination_time: 183883.87528000036
local_termination_time: 183883.87528000036
node_cons: 3847.545110643081
tot_aggregated_send: 0
tot_msg_rcv: 3535
tot_msg_sent: 2767
tot_reconf_duration: 24.59
tot_sleeping_duration: 181035.36751999805
tot_uptimes: 48
tot_uptimes_duration: 2848.5077600022905
