comms_cons: 528.7460545279575
finished_reconf: true
global_termination_time: 5235913.12512
local_termination_time: 5235913.084
node_cons: 107720.65284643542
tot_aggregated_send: 72938
tot_msg_rcv: 2650
tot_msg_sent: 4781
tot_reconf_duration: 37.410000000000004
tot_sleeping_duration: 5155502.482800031
tot_uptimes: 1341
tot_uptimes_duration: 80410.64231996931
