comms_cons: 532.6255617644952
finished_reconf: true
global_termination_time: 5239886.832
local_termination_time: 10514.250440000002
node_cons: 107742.99605788638
tot_aggregated_send: 72384
tot_msg_rcv: 3162
tot_msg_sent: 5410
tot_reconf_duration: 5.1
tot_sleeping_duration: 5159426.734720023
tot_uptimes: 1342
tot_uptimes_duration: 80460.09727997729
