comms_cons: 529.7119872853267
finished_reconf: true
global_termination_time: 5239819.232
local_termination_time: 2701858.529039998
node_cons: 107753.15666893318
tot_aggregated_send: 72558
tot_msg_rcv: 2737
tot_msg_sent: 5219
tot_reconf_duration: 12.629999999999999
tot_sleeping_duration: 5159359.183360017
tot_uptimes: 1342
tot_uptimes_duration: 80460.04863998247
