comms_cons: 528.9574337083365
finished_reconf: true
global_termination_time: 5237698.745
local_termination_time: 2816819.8246399993
node_cons: 107741.95860781636
tot_aggregated_send: 72848
tot_msg_rcv: 2615
tot_msg_sent: 4935
tot_reconf_duration: 4.390000000000001
tot_sleeping_duration: 5157238.702440015
tot_uptimes: 1342
tot_uptimes_duration: 80460.0425599846
