comms_cons: 484.42855691562517
finished_reconf: true
global_termination_time: 4787931.52023999
local_termination_time: 215324.83800000043
node_cons: 98581.24958828471
tot_aggregated_send: 65830
tot_msg_rcv: 2591
tot_msg_sent: 5209
tot_reconf_duration: 18.21
tot_sleeping_duration: 4714326.949360014
tot_uptimes: 1227
tot_uptimes_duration: 73604.57087997574
