comms_cons: 15.192627199741949
finished_reconf: true
global_termination_time: 128128.772
local_termination_time: 72300.54495999991
node_cons: 2578.4522011191416
tot_aggregated_send: 1276
tot_msg_rcv: 456
tot_msg_sent: 577
tot_reconf_duration: 5.57
tot_sleeping_duration: 126208.76592000063
tot_uptimes: 33
tot_uptimes_duration: 1920.0060799993662
