comms_cons: 13.342617599760361
finished_reconf: true
global_termination_time: 127005.197
local_termination_time: 18520.390160000006
node_cons: 2575.0300411191556
tot_aggregated_send: 1392
tot_msg_rcv: 228
tot_msg_sent: 408
tot_reconf_duration: 3.05
tot_sleeping_duration: 125085.19092000063
tot_uptimes: 33
tot_uptimes_duration: 1920.0060799993662
