comms_cons: 14.82854399971781
finished_reconf: true
global_termination_time: 127850.481
local_termination_time: 43765.85036000001
node_cons: 2586.263403358591
tot_aggregated_send: 1160
tot_msg_rcv: 404
tot_msg_sent: 690
tot_reconf_duration: 11.31
tot_sleeping_duration: 125930.46276000104
tot_uptimes: 33
tot_uptimes_duration: 1920.0182399989499
