comms_cons: 227.78207998534563
finished_reconf: true
global_termination_time: 2309803.802
local_termination_time: 925593.6765999998
node_cons: 47505.70174446669
tot_aggregated_send: 32190
tot_msg_rcv: 754
tot_msg_sent: 1676
tot_reconf_duration: 18.21
tot_sleeping_duration: 2274343.7776800096
tot_uptimes: 592
tot_uptimes_duration: 35460.02431999054
