comms_cons: 227.2455679955042
finished_reconf: true
global_termination_time: 2310342.384
local_termination_time: 1082778.79636
node_cons: 47501.771719999524
tot_aggregated_send: 33640
tot_msg_rcv: 276
tot_msg_sent: 624
tot_reconf_duration: 15.34
tot_sleeping_duration: 2274882.384
tot_uptimes: 592
tot_uptimes_duration: 35460.0
