comms_cons: 111.99874559309214
finished_reconf: true
global_termination_time: 1118812.335
local_termination_time: 562699.8843599998
node_cons: 22998.088002233657
tot_aggregated_send: 15428
tot_msg_rcv: 501
tot_msg_sent: 1094
tot_reconf_duration: 15.34
tot_sleeping_duration: 1101652.3228400047
tot_uptimes: 287
tot_uptimes_duration: 17160.01215999527
