comms_cons: 203.13105269855234
finished_reconf: true
global_termination_time: 1117024.19
local_termination_time: 282171.94836000004
node_cons: 22984.239070074487
tot_aggregated_send: 0
tot_msg_rcv: 15864
tot_msg_sent: 15009
tot_reconf_duration: 5.1
tot_sleeping_duration: 1099864.135280004
tot_uptimes: 287
tot_uptimes_duration: 17160.054719995882
