comms_cons: 114.19045119215858
finished_reconf: true
global_termination_time: 1117084.296
local_termination_time: 569025.9784799998
node_cons: 22995.181847822518
tot_aggregated_send: 15196
tot_msg_rcv: 826
tot_msg_sent: 1334
tot_reconf_duration: 13.17
tot_sleeping_duration: 1099924.2534400132
tot_uptimes: 287
tot_uptimes_duration: 17160.042559986876
