comms_cons: 111.07743359693701
finished_reconf: true
global_termination_time: 1116402.782
local_termination_time: 694262.1723599999
node_cons: 22913.076482238328
tot_aggregated_send: 15486
tot_msg_rcv: 520
tot_msg_sent: 877
tot_reconf_duration: 11.899999999999999
tot_sleeping_duration: 1099302.7698400011
tot_uptimes: 286
tot_uptimes_duration: 17100.012159998703
