comms_cons: 75.30552319877908
finished_reconf: true
global_termination_time: 733383.1914799998
local_termination_time: 733383.1503599999
node_cons: 15075.404929928392
tot_aggregated_send: 9512
tot_msg_rcv: 590
tot_msg_sent: 1343
tot_reconf_duration: 24.59
tot_sleeping_duration: 722149.4261999936
tot_uptimes: 188
tot_uptimes_duration: 11233.765280006242
