comms_cons: 74.6679679993194
finished_reconf: true
global_termination_time: 734366.042
local_termination_time: 203225.43536000006
node_cons: 15111.500342242893
tot_aggregated_send: 10208
tot_msg_rcv: 448
tot_msg_sent: 693
tot_reconf_duration: 5.57
tot_sleeping_duration: 723086.0298399979
tot_uptimes: 189
tot_uptimes_duration: 11280.012160002138
