comms_cons: 74.38568959761403
finished_reconf: true
global_termination_time: 733614.138
local_termination_time: 67654.78635999997
node_cons: 15030.562787837145
tot_aggregated_send: 9860
tot_msg_rcv: 456
tot_msg_sent: 991
tot_reconf_duration: 5.1
tot_sleeping_duration: 722394.0954400022
tot_uptimes: 188
tot_uptimes_duration: 11220.042559997848
