comms_cons: 74.4097791962352
finished_reconf: true
global_termination_time: 733616.843
local_termination_time: 262939.06288000086
node_cons: 15029.566043359657
tot_aggregated_send: 9686
tot_msg_rcv: 464
tot_msg_sent: 1160
tot_reconf_duration: 4.390000000000001
tot_sleeping_duration: 722396.8247600002
tot_uptimes: 188
tot_uptimes_duration: 11220.018239999772
