comms_cons: 73.97715200006647
finished_reconf: true
global_termination_time: 737676.389
local_termination_time: 540727.7813599999
node_cons: 15114.572124485832
tot_aggregated_send: 9512
tot_msg_rcv: 450
tot_msg_sent: 1282
tot_reconf_duration: 7.819999999999999
tot_sleeping_duration: 726396.3646799957
tot_uptimes: 189
tot_uptimes_duration: 11280.024320004275
