comms_cons: 17.281247999954676
finished_reconf: true
global_termination_time: 14254.504240000002
local_termination_time: 603.0400399999995
node_cons: 2263.964720600016
tot_aggregated_send: 0
tot_msg_rcv: 1275
tot_msg_sent: 1351
tot_reconf_duration: 4.390000000000001
tot_sleeping_duration: 12568.168839999991
tot_uptimes: 28
tot_uptimes_duration: 1686.335400000012
