comms_cons: 204.88652789289358
finished_reconf: true
global_termination_time: 1044848.977
local_termination_time: 2275.45336
node_cons: 21456.757902233698
tot_aggregated_send: 0
tot_msg_rcv: 15652
tot_msg_sent: 15488
tot_reconf_duration: 4.390000000000001
tot_sleeping_duration: 1028828.9648400047
tot_uptimes: 268
tot_uptimes_duration: 16020.012159995269
