comms_cons: 104.66254079218947
finished_reconf: true
global_termination_time: 1043243.4971200001
local_termination_time: 289792.73936000053
node_cons: 21483.11728303527
tot_aggregated_send: 14384
tot_msg_rcv: 479
tot_msg_sent: 1046
tot_reconf_duration: 7.819999999999999
tot_sleeping_duration: 1027207.2777600037
tot_uptimes: 268
tot_uptimes_duration: 16036.219359996438
