comms_cons: 386.11351045444275
finished_reconf: true
global_termination_time: 3851371.802
local_termination_time: 1140766.988719998
node_cons: 79238.3275576598
tot_aggregated_send: 53418
tot_msg_rcv: 1826
tot_msg_sent: 3443
tot_reconf_duration: 9.11
tot_sleeping_duration: 3792203.798880014
tot_uptimes: 987
tot_uptimes_duration: 59168.00311998627
