comms_cons: 388.19684485565324
finished_reconf: true
global_termination_time: 3852751.487
local_termination_time: 13431.4166
node_cons: 79230.17522893565
tot_aggregated_send: 54114
tot_msg_rcv: 1815
tot_msg_sent: 3074
tot_reconf_duration: 10.95
tot_sleeping_duration: 3793591.438360017
tot_uptimes: 987
tot_uptimes_duration: 59160.04863998327
