comms_cons: 757.5985419821168
finished_reconf: true
global_termination_time: 3850011.099
local_termination_time: 726.1673599999999
node_cons: 79151.09276447688
tot_aggregated_send: 0
tot_msg_rcv: 58018
tot_msg_sent: 57131
tot_reconf_duration: 11.899999999999999
tot_sleeping_duration: 3790911.074680001
tot_uptimes: 986
tot_uptimes_duration: 59100.02431999914
