comms_cons: 386.9306240297366
finished_reconf: true
global_termination_time: 3851404.32
local_termination_time: 178990.34536000006
node_cons: 79221.8468032963
tot_aggregated_send: 53476
tot_msg_rcv: 1820
tot_msg_sent: 3515
tot_reconf_duration: 4.8100000000000005
tot_sleeping_duration: 3792244.264120016
tot_uptimes: 987
tot_uptimes_duration: 59160.05587998376
