comms_cons: 112.00332799544614
finished_reconf: true
global_termination_time: 1129519.68
local_termination_time: 7361.296
node_cons: 23234.2083244766
tot_aggregated_send: 15938
tot_msg_rcv: 335
tot_msg_sent: 751
tot_reconf_duration: 11.719999999999999
tot_sleeping_duration: 1112179.6556800024
tot_uptimes: 290
tot_uptimes_duration: 17340.024319997436
