comms_cons: 101.07571839345304
finished_reconf: true
global_termination_time: 989559.645
local_termination_time: 185937.92928000036
node_cons: 20334.580804471956
tot_aggregated_send: 13572
tot_msg_rcv: 692
tot_msg_sent: 1099
tot_reconf_duration: 6.279999999999999
tot_sleeping_duration: 974379.6206800061
tot_uptimes: 254
tot_uptimes_duration: 15180.024319993972
