comms_cons: 105.60919039063563
finished_reconf: true
global_termination_time: 988912.921
local_termination_time: 295943.79024000093
node_cons: 20343.518464547982
tot_aggregated_send: 12180
tot_msg_rcv: 1366
tot_msg_sent: 2508
tot_reconf_duration: 9.11
tot_sleeping_duration: 973729.091960009
tot_uptimes: 254
tot_uptimes_duration: 15183.829039991018
