comms_cons: 2.296140799994524
finished_reconf: true
global_termination_time: 14433.201
local_termination_time: 5783.94736
node_cons: 245.20263999999992
tot_aggregated_send: 0
tot_msg_rcv: 177
tot_msg_sent: 172
tot_reconf_duration: 3.08
tot_sleeping_duration: 14253.201
tot_uptimes: 4
tot_uptimes_duration: 180.0
