comms_cons: 2.2480639999962166
finished_reconf: true
global_termination_time: 14230.241
local_termination_time: 4887.097360000001
node_cons: 258.17154000000016
tot_aggregated_send: 0
tot_msg_rcv: 179
tot_msg_sent: 163
tot_reconf_duration: 12.629999999999999
tot_sleeping_duration: 14050.241
tot_uptimes: 4
tot_uptimes_duration: 180.0
