comms_cons: 49.101196800641304
finished_reconf: true
global_termination_time: 488895.00524000014
local_termination_time: 126795.22435999995
node_cons: 10065.701761603057
tot_aggregated_send: 6670
tot_msg_rcv: 265
tot_msg_sent: 528
tot_reconf_duration: 3.05
tot_sleeping_duration: 481380.77083999786
tot_uptimes: 126
tot_uptimes_duration: 7514.234400002286
