comms_cons: 78.89084159822421
finished_reconf: true
global_termination_time: 792770.801599999
local_termination_time: 61324.17460000002
node_cons: 16378.108012636832
tot_aggregated_send: 11368
tot_msg_rcv: 191
tot_msg_sent: 432
tot_reconf_duration: 7.819999999999999
tot_sleeping_duration: 780547.1358400013
tot_uptimes: 204
tot_uptimes_duration: 12223.665759997617
