comms_cons: 78.24705279826145
finished_reconf: true
global_termination_time: 792868.408
local_termination_time: 322793.43136000005
node_cons: 16324.387121116853
tot_aggregated_send: 11542
tot_msg_rcv: 128
tot_msg_sent: 223
tot_reconf_duration: 11.31
tot_sleeping_duration: 780688.4019200024
tot_uptimes: 204
tot_uptimes_duration: 12180.006079997635
