comms_cons: 80.19386879975004
finished_reconf: true
global_termination_time: 807691.328
local_termination_time: 12196.205920000002
node_cons: 16556.009761116857
tot_aggregated_send: 11252
tot_msg_rcv: 334
tot_msg_sent: 603
tot_reconf_duration: 4.390000000000001
tot_sleeping_duration: 795331.3219200023
tot_uptimes: 207
tot_uptimes_duration: 12360.006079997635
