comms_cons: 138.67848315801422
finished_reconf: true
global_termination_time: 1240295.94924
local_termination_time: 96999.93387999975
node_cons: 25513.24380921107
tot_aggregated_send: 7772
tot_msg_rcv: 5588
tot_msg_sent: 7726
tot_reconf_duration: 18.21
tot_sleeping_duration: 1221260.4640800215
tot_uptimes: 318
tot_uptimes_duration: 19035.485159978372
