comms_cons: 121.004646396341
finished_reconf: true
global_termination_time: 1240825.576
local_termination_time: 388043.4152000007
node_cons: 25498.53870000007
tot_aggregated_send: 17748
tot_msg_rcv: 161
tot_msg_sent: 483
tot_reconf_duration: 22.65
tot_sleeping_duration: 1221805.576
tot_uptimes: 318
tot_uptimes_duration: 19020.0
