comms_cons: 121.2026495968245
finished_reconf: true
global_termination_time: 1241033.421
local_termination_time: 319330.73136000003
node_cons: 25493.182741121407
tot_aggregated_send: 17748
tot_msg_rcv: 167
tot_msg_sent: 507
tot_reconf_duration: 18.700000000000003
tot_sleeping_duration: 1222013.414919999
tot_uptimes: 318
tot_uptimes_duration: 19020.00608000107
