comms_cons: 121.47023359904605
finished_reconf: true
global_termination_time: 1241333.776
local_termination_time: 377982.8023600001
node_cons: 25482.650100000057
tot_aggregated_send: 17632
tot_msg_rcv: 373
tot_msg_sent: 457
tot_reconf_duration: 10.95
tot_sleeping_duration: 1222313.776
tot_uptimes: 318
tot_uptimes_duration: 19020.0
