comms_cons: 122.18952959729098
finished_reconf: true
global_termination_time: 1242972.567
local_termination_time: 209572.67836000008
node_cons: 25554.081620000215
tot_aggregated_send: 17748
tot_msg_rcv: 302
tot_msg_sent: 522
tot_reconf_duration: 4.390000000000001
tot_sleeping_duration: 1223892.567
tot_uptimes: 319
tot_uptimes_duration: 19080.000000000116
