comms_cons: 57.504089600030504
finished_reconf: true
global_termination_time: 585919.4072400004
local_termination_time: 244403.59136000005
node_cons: 12155.64659160347
tot_aggregated_send: 8178
tot_msg_rcv: 221
tot_msg_sent: 341
tot_reconf_duration: 18.21
tot_sleeping_duration: 576859.7228399978
tot_uptimes: 151
tot_uptimes_duration: 9059.684400002589
