comms_cons: 59.570873599297606
finished_reconf: true
global_termination_time: 587579.403
local_termination_time: 239568.84048000007
node_cons: 12057.564544485736
tot_aggregated_send: 7946
tot_msg_rcv: 350
tot_msg_sent: 759
tot_reconf_duration: 4.8100000000000005
tot_sleeping_duration: 578579.3786799958
tot_uptimes: 151
tot_uptimes_duration: 9000.024320004275
