comms_cons: 76.33842559832893
finished_reconf: true
global_termination_time: 748712.941
local_termination_time: 161771.85436000006
node_cons: 15352.520342240614
tot_aggregated_send: 10208
tot_msg_rcv: 525
tot_msg_sent: 869
tot_reconf_duration: 5.57
tot_sleeping_duration: 737252.9288399996
tot_uptimes: 192
tot_uptimes_duration: 11460.012160000435
