comms_cons: 79.33916799562634
finished_reconf: true
global_termination_time: 746736.632
local_termination_time: 155032.46036000006
node_cons: 15351.93907008143
tot_aggregated_send: 9280
tot_msg_rcv: 973
tot_msg_sent: 1806
tot_reconf_duration: 5.1
tot_sleeping_duration: 735276.5772799989
tot_uptimes: 192
tot_uptimes_duration: 11460.054720001048
