comms_cons: 76.61103359699426
finished_reconf: true
global_termination_time: 747055.827
local_termination_time: 198377.94936000006
node_cons: 15349.122605597962
tot_aggregated_send: 10034
tot_msg_rcv: 559
tot_msg_sent: 1050
tot_reconf_duration: 3.05
tot_sleeping_duration: 735595.7966000016
tot_uptimes: 192
tot_uptimes_duration: 11460.030399998475
