comms_cons: 75.44431359909555
finished_reconf: true
global_termination_time: 748860.3
local_termination_time: 430702.68736000004
node_cons: 15360.347826714808
tot_aggregated_send: 10034
tot_msg_rcv: 488
tot_msg_sent: 945
tot_reconf_duration: 11.31
tot_sleeping_duration: 737400.263520004
tot_uptimes: 192
tot_uptimes_duration: 11460.03647999611
