comms_cons: 80.76030719532969
finished_reconf: true
global_termination_time: 748024.714
local_termination_time: 13252.862360000001
node_cons: 15365.853131201713
tot_aggregated_send: 9280
tot_msg_rcv: 1195
tot_msg_sent: 1801
tot_reconf_duration: 15.34
tot_sleeping_duration: 736564.6531999988
tot_uptimes: 192
tot_uptimes_duration: 11460.060800001265
