comms_cons: 70.48741119888496
finished_reconf: true
global_termination_time: 677249.50424
local_termination_time: 109958.99291999955
node_cons: 13926.853299452941
tot_aggregated_send: 8352
tot_msg_rcv: 775
tot_msg_sent: 1587
tot_reconf_duration: 5.57
tot_sleeping_duration: 666854.2172799903
tot_uptimes: 174
tot_uptimes_duration: 10395.28696000966
