comms_cons: 69.87912959849132
finished_reconf: true
global_termination_time: 682763.26
local_termination_time: 396987.43036000006
node_cons: 13985.724544476543
tot_aggregated_send: 9106
tot_msg_rcv: 528
tot_msg_sent: 986
tot_reconf_duration: 4.8100000000000005
tot_sleeping_duration: 672323.2356800026
tot_uptimes: 175
tot_uptimes_duration: 10440.024319997407
