comms_cons: 67.52890879997436
finished_reconf: true
global_termination_time: 678143.513
local_termination_time: 251322.18048000004
node_cons: 13902.970041121434
tot_aggregated_send: 9512
tot_msg_rcv: 230
tot_msg_sent: 522
tot_reconf_duration: 3.05
tot_sleeping_duration: 667763.5069199989
tot_uptimes: 174
tot_uptimes_duration: 10380.006080001069
