comms_cons: 1.8158591999982212
finished_reconf: true
global_termination_time: 11119.464520000007
local_termination_time: 4921.093360000001
node_cons: 232.57443328001054
tot_aggregated_send: 0
tot_msg_rcv: 144
tot_msg_sent: 132
tot_reconf_duration: 6.279999999999999
tot_sleeping_duration: 10952.141
tot_uptimes: 3
tot_uptimes_duration: 167.3235200000072
