comms_cons: 1.690854399997021
finished_reconf: true
global_termination_time: 11120.056440000008
local_termination_time: 6412.29736
node_cons: 220.29559616000856
tot_aggregated_send: 0
tot_msg_rcv: 134
tot_msg_sent: 123
tot_reconf_duration: 5.57
tot_sleeping_duration: 10961.183
tot_uptimes: 3
tot_uptimes_duration: 158.87344000000667
