comms_cons: 2.223769599992652
finished_reconf: true
global_termination_time: 13368.4
local_termination_time: 10715.09036
node_cons: 266.414600000001
tot_aggregated_send: 0
tot_msg_rcv: 180
tot_msg_sent: 157
tot_reconf_duration: 18.700000000000003
tot_sleeping_duration: 13188.4
tot_uptimes: 4
tot_uptimes_duration: 180.0
