comms_cons: 2.2698239999924996
finished_reconf: true
global_termination_time: 14410.002
local_termination_time: 10677.90736
node_cons: 256.3789799999993
tot_aggregated_send: 0
tot_msg_rcv: 181
tot_msg_sent: 164
tot_reconf_duration: 11.31
tot_sleeping_duration: 14230.002
tot_uptimes: 4
tot_uptimes_duration: 180.0
