comms_cons: 21.764620799924163
finished_reconf: true
global_termination_time: 229016.595
local_termination_time: 137134.52536000006
node_cons: 4690.478699999995
tot_aggregated_send: 3132
tot_msg_rcv: 79
tot_msg_sent: 97
tot_reconf_duration: 22.65
tot_sleeping_duration: 225536.595
tot_uptimes: 59
tot_uptimes_duration: 3480.0
