comms_cons: 34.461523200855865
finished_reconf: true
global_termination_time: 226130.491
local_termination_time: 120202.41971999995
node_cons: 4585.91198
tot_aggregated_send: 0
tot_msg_rcv: 2646
tot_msg_sent: 2591
tot_reconf_duration: 4.8100000000000005
tot_sleeping_duration: 222710.491
tot_uptimes: 58
tot_uptimes_duration: 3420.0
