comms_cons: 22.428492799939075
finished_reconf: true
global_termination_time: 228566.674
local_termination_time: 173340.66236000005
node_cons: 4670.339559999973
tot_aggregated_send: 3190
tot_msg_rcv: 96
tot_msg_sent: 123
tot_reconf_duration: 7.819999999999999
tot_sleeping_duration: 225086.674
tot_uptimes: 59
tot_uptimes_duration: 3480.0
