comms_cons: 115.12942079746355
finished_reconf: true
global_termination_time: 1167124.843
local_termination_time: 504902.67036000005
node_cons: 23966.049180000067
tot_aggregated_send: 16936
tot_msg_rcv: 232
tot_msg_sent: 331
tot_reconf_duration: 18.21
tot_sleeping_duration: 1149244.843
tot_uptimes: 299
tot_uptimes_duration: 17880.0
