comms_cons: 117.87294719064757
finished_reconf: true
global_termination_time: 1165957.63
local_termination_time: 26096.331680000003
node_cons: 23947.868262238302
tot_aggregated_send: 16066
tot_msg_rcv: 631
tot_msg_sent: 1219
tot_reconf_duration: 4.8100000000000005
tot_sleeping_duration: 1148077.6178400011
tot_uptimes: 299
tot_uptimes_duration: 17880.012159998703
