comms_cons: 228.9071870648988
finished_reconf: true
global_termination_time: 1164207.9196
local_termination_time: 1545.3904800000005
node_cons: 23966.04747175959
tot_aggregated_send: 0
tot_msg_rcv: 17496
tot_msg_sent: 17294
tot_reconf_duration: 3.05
tot_sleeping_duration: 1146312.5457600004
tot_uptimes: 299
tot_uptimes_duration: 17895.373839999666
