comms_cons: 67.18679040009346
finished_reconf: true
global_termination_time: 681014.755
local_termination_time: 215965.23156000068
node_cons: 13985.691980000018
tot_aggregated_send: 9744
tot_msg_rcv: 124
tot_msg_sent: 344
tot_reconf_duration: 4.8100000000000005
tot_sleeping_duration: 670574.755
tot_uptimes: 175
tot_uptimes_duration: 10440.0
