comms_cons: 67.15791999880508
finished_reconf: true
global_termination_time: 678856.275
local_termination_time: 98776.49735999941
node_cons: 13902.961900000004
tot_aggregated_send: 9628
tot_msg_rcv: 174
tot_msg_sent: 405
tot_reconf_duration: 3.05
tot_sleeping_duration: 668476.275
tot_uptimes: 174
tot_uptimes_duration: 10380.0
