comms_cons: 67.25320959922813
finished_reconf: true
global_termination_time: 680786.671
local_termination_time: 92827.18547999997
node_cons: 13986.53394000003
tot_aggregated_send: 9744
tot_msg_rcv: 135
tot_msg_sent: 343
tot_reconf_duration: 5.43
tot_sleeping_duration: 670346.671
tot_uptimes: 175
tot_uptimes_duration: 10440.0
