comms_cons: 0.7368703999975678
finished_reconf: true
global_termination_time: 4415.938
local_termination_time: 3486.5984400000007
node_cons: 90.95956000000022
tot_aggregated_send: 0
tot_msg_rcv: 61
tot_msg_sent: 51
tot_reconf_duration: 7.819999999999999
tot_sleeping_duration: 4355.938
tot_uptimes: 2
tot_uptimes_duration: 60.0
