comms_cons: 50.241356799869294
finished_reconf: true
global_termination_time: 15002.814240000003
local_termination_time: 2313.632480000002
node_cons: 6561.719413800078
tot_aggregated_send: 0
tot_msg_rcv: 3940
tot_msg_sent: 3696
tot_reconf_duration: 18.21
tot_sleeping_duration: 10120.82003999995
tot_uptimes: 66
tot_uptimes_duration: 4881.994200000056
