comms_cons: 2.1065983999916225
finished_reconf: true
global_termination_time: 15002.29648
local_termination_time: 15002.255360000001
node_cons: 310.18121984000715
tot_aggregated_send: 0
tot_msg_rcv: 162
tot_msg_sent: 157
tot_reconf_duration: 37.410000000000004
tot_sleeping_duration: 14808.585919999996
tot_uptimes: 4
tot_uptimes_duration: 193.710560000005
