comms_cons: 2.2836095999959665
finished_reconf: true
global_termination_time: 19111.918
local_termination_time: 6830.77248
node_cons: 333.73138000000074
tot_aggregated_send: 0
tot_msg_rcv: 179
tot_msg_sent: 168
tot_reconf_duration: 9.11
tot_sleeping_duration: 18871.918
tot_uptimes: 5
tot_uptimes_duration: 240.0
