comms_cons: 2.177715199992804
finished_reconf: true
global_termination_time: 18060.926
local_termination_time: 2336.2414400000007
node_cons: 346.75459999999975
tot_aggregated_send: 0
tot_msg_rcv: 171
tot_msg_sent: 160
tot_reconf_duration: 18.700000000000003
tot_sleeping_duration: 17820.926
tot_uptimes: 5
tot_uptimes_duration: 240.0
