comms_cons: 104.24742399655689
finished_reconf: true
global_termination_time: 1063639.723
local_termination_time: 630885.9923599998
node_cons: 21859.422082233665
tot_aggregated_send: 13514
tot_msg_rcv: 718
tot_msg_sent: 1613
tot_reconf_duration: 5.1
tot_sleeping_duration: 1047319.7108400047
tot_uptimes: 273
tot_uptimes_duration: 16320.012159995269
