comms_cons: 109.0969215891936
finished_reconf: true
global_termination_time: 1062638.914
local_termination_time: 616662.0837199987
node_cons: 21856.71148670097
tot_aggregated_send: 13456
tot_msg_rcv: 1122
tot_msg_sent: 2005
tot_reconf_duration: 3.08
tot_sleeping_duration: 1046318.8775200143
tot_uptimes: 273
tot_uptimes_duration: 16320.036479985807
