comms_cons: 106.55014399655822
finished_reconf: true
global_termination_time: 1063476.471
local_termination_time: 428724.2733600005
node_cons: 21883.26312335516
tot_aggregated_send: 14616
tot_msg_rcv: 545
tot_msg_sent: 1034
tot_reconf_duration: 22.65
tot_sleeping_duration: 1047156.4527600035
tot_uptimes: 273
tot_uptimes_duration: 16320.018239996338
