comms_cons: 108.02338559363295
finished_reconf: true
global_termination_time: 1064568.418
local_termination_time: 523883.554
node_cons: 21873.714594315035
tot_aggregated_send: 14558
tot_msg_rcv: 640
tot_msg_sent: 1220
tot_reconf_duration: 9.42
tot_sleeping_duration: 1048242.1131200037
tot_uptimes: 273
tot_uptimes_duration: 16326.304879996285
