comms_cons: 105.71219199526172
finished_reconf: true
global_termination_time: 1064979.242
local_termination_time: 521329.5241600003
node_cons: 21867.863403350526
tot_aggregated_send: 13862
tot_msg_rcv: 697
tot_msg_sent: 1508
tot_reconf_duration: 11.31
tot_sleeping_duration: 1048659.2237600072
tot_uptimes: 273
tot_uptimes_duration: 16320.018239992904
