comms_cons: 106.14957439077388
finished_reconf: true
global_termination_time: 1063804.136
local_termination_time: 609409.7401599982
node_cons: 21859.862081116775
tot_aggregated_send: 13978
tot_msg_rcv: 662
tot_msg_sent: 1494
tot_reconf_duration: 5.43
tot_sleeping_duration: 1047484.1299200023
tot_uptimes: 273
tot_uptimes_duration: 16320.006079997635
