comms_cons: 49.08015359988804
finished_reconf: true
global_termination_time: 12074.892240000003
local_termination_time: 502.91459999999904
node_cons: 4938.83111456007
tot_aggregated_send: 0
tot_msg_rcv: 3919
tot_msg_sent: 3539
tot_reconf_duration: 18.21
tot_sleeping_duration: 8404.913199999952
tot_uptimes: 49
tot_uptimes_duration: 3669.979040000051
