comms_cons: 2.8224767999932796
finished_reconf: true
global_termination_time: 12388.383
local_termination_time: 6413.0073600000005
node_cons: 249.5482400000009
tot_aggregated_send: 0
tot_msg_rcv: 255
tot_msg_sent: 172
tot_reconf_duration: 6.279999999999999
tot_sleeping_duration: 12208.383
tot_uptimes: 4
tot_uptimes_duration: 180.0
