comms_cons: 2.2764031999966985
finished_reconf: true
global_termination_time: 13491.363
local_termination_time: 7990.226360000001
node_cons: 247.94580000000047
tot_aggregated_send: 0
tot_msg_rcv: 176
tot_msg_sent: 170
tot_reconf_duration: 5.1
tot_sleeping_duration: 13311.363
tot_uptimes: 4
tot_uptimes_duration: 180.0
