comms_cons: 2.546150399991586
finished_reconf: true
global_termination_time: 14442.186
local_termination_time: 9768.535360000002
node_cons: 253.3913800000008
tot_aggregated_send: 0
tot_msg_rcv: 220
tot_msg_sent: 167
tot_reconf_duration: 9.11
tot_sleeping_duration: 14262.186
tot_uptimes: 4
tot_uptimes_duration: 180.0
