comms_cons: 2.4079871999962634
finished_reconf: true
global_termination_time: 13002.59
local_termination_time: 8467.461360000001
node_cons: 247.56012112000803
tot_aggregated_send: 0
tot_msg_rcv: 195
tot_msg_sent: 171
tot_reconf_duration: 4.8100000000000005
tot_sleeping_duration: 12822.583919999995
tot_uptimes: 4
tot_uptimes_duration: 180.00608000000466
