comms_cons: 555.5507452747796
finished_reconf: true
global_termination_time: 1148882.6155199981
local_termination_time: 1148882.5743999982
node_cons: 69773.6652635247
tot_aggregated_send: 0
tot_msg_rcv: 34131
tot_msg_sent: 50309
tot_reconf_duration: 24.59
tot_sleeping_duration: 1096798.7678399934
tot_uptimes: 851
tot_uptimes_duration: 52083.847680004605
