comms_cons: 109.47130879716066
finished_reconf: true
global_termination_time: 1104710.785
local_termination_time: 173240.77348000006
node_cons: 22664.408240000033
tot_aggregated_send: 15718
tot_msg_rcv: 288
tot_msg_sent: 633
tot_reconf_duration: 6.279999999999999
tot_sleeping_duration: 1087790.785
tot_uptimes: 283
tot_uptimes_duration: 16920.0
