comms_cons: 115.69891838739719
finished_reconf: true
global_termination_time: 1103009.193
local_termination_time: 47249.7893600001
node_cons: 22686.70382895308
tot_aggregated_send: 14268
tot_msg_rcv: 1237
tot_msg_sent: 2081
tot_reconf_duration: 22.65
tot_sleeping_duration: 1086089.1443600052
tot_uptimes: 283
tot_uptimes_duration: 16920.048639994813
