comms_cons: 114.2591103905116
finished_reconf: true
global_termination_time: 1104480.322
local_termination_time: 137645.63436000005
node_cons: 22660.078887831638
tot_aggregated_send: 14674
tot_msg_rcv: 1002
tot_msg_sent: 1691
tot_reconf_duration: 3.05
tot_sleeping_duration: 1087560.279440006
tot_uptimes: 283
tot_uptimes_duration: 16920.042559993744
