comms_cons: 109.10287359939097
finished_reconf: true
global_termination_time: 1103052.284
local_termination_time: 449718.40336000005
node_cons: 22663.26208112146
tot_aggregated_send: 15892
tot_msg_rcv: 232
tot_msg_sent: 459
tot_reconf_duration: 5.43
tot_sleeping_duration: 1086132.2779199989
tot_uptimes: 283
tot_uptimes_duration: 16920.00608000107
