comms_cons: 60.02204160061713
finished_reconf: true
global_termination_time: 606930.643
local_termination_time: 254857.26936000003
node_cons: 12477.429180000006
tot_aggregated_send: 8410
tot_msg_rcv: 260
tot_msg_sent: 453
tot_reconf_duration: 18.21
tot_sleeping_duration: 597630.643
tot_uptimes: 156
tot_uptimes_duration: 9300.0
