comms_cons: 289.478220659209
finished_reconf: true
global_termination_time: 994097.473
local_termination_time: 712988.7514799999
node_cons: 40620.915098081816
tot_aggregated_send: 0
tot_msg_rcv: 14716
tot_msg_sent: 29283
tot_reconf_duration: 18.21
tot_sleeping_duration: 963779.1862799984
tot_uptimes: 501
tot_uptimes_duration: 30318.286720001604
