comms_cons: 100.27495679356323
finished_reconf: true
global_termination_time: 995228.067
local_termination_time: 106892.53939999951
node_cons: 20412.32976111686
tot_aggregated_send: 13920
tot_msg_rcv: 510
tot_msg_sent: 811
tot_reconf_duration: 4.390000000000001
tot_sleeping_duration: 979988.0609200024
tot_uptimes: 255
tot_uptimes_duration: 15240.006079997635
