comms_cons: 0.7105536000015844
finished_reconf: true
global_termination_time: 5481.044
local_termination_time: 1624.5623600000001
node_cons: 95.69897999999992
tot_aggregated_send: 0
tot_msg_rcv: 60
tot_msg_sent: 48
tot_reconf_duration: 11.31
tot_sleeping_duration: 5421.044
tot_uptimes: 2
tot_uptimes_duration: 60.0
