comms_cons: 196.77791998696455
finished_reconf: true
global_termination_time: 1979385.668
local_termination_time: 218753.6541600008
node_cons: 40681.38155295553
tot_aggregated_send: 26564
tot_msg_rcv: 1066
tot_msg_sent: 2280
tot_reconf_duration: 18.21
tot_sleeping_duration: 1949022.2233600032
tot_uptimes: 507
tot_uptimes_duration: 30363.444639996887
