comms_cons: 196.58874237980416
finished_reconf: true
global_termination_time: 1975381.475
local_termination_time: 245145.95948000005
node_cons: 40602.52382894816
tot_aggregated_send: 25810
tot_msg_rcv: 1287
tot_msg_sent: 2783
tot_reconf_duration: 22.65
tot_sleeping_duration: 1945081.4263600088
tot_uptimes: 506
tot_uptimes_duration: 30300.04863999138
