comms_cons: 197.31251198538328
finished_reconf: true
global_termination_time: 1975476.87
local_termination_time: 157050.36936000004
node_cons: 40578.29710894357
tot_aggregated_send: 26622
tot_msg_rcv: 1149
tot_msg_sent: 2220
tot_reconf_duration: 4.8100000000000005
tot_sleeping_duration: 1945176.8213600123
tot_uptimes: 506
tot_uptimes_duration: 30300.048639987945
