comms_cons: 1172.7229726408157
finished_reconf: true
global_termination_time: 7163531.469
local_termination_time: 1578277.9948399998
node_cons: 147352.14522781482
tot_aggregated_send: 0
tot_msg_rcv: 89727
tot_msg_sent: 88518
tot_reconf_duration: 6.279999999999999
tot_sleeping_duration: 7053491.426440015
tot_uptimes: 1835
tot_uptimes_duration: 110040.04255998484
