comms_cons: 704.1066112821779
finished_reconf: true
global_termination_time: 7162947.661
local_termination_time: 4057646.8740000003
node_cons: 147373.2339623016
tot_aggregated_send: 99873
tot_msg_rcv: 2488
tot_msg_sent: 4659
tot_reconf_duration: 15.110000000000001
tot_sleeping_duration: 7052900.824120011
tot_uptimes: 1835
tot_uptimes_duration: 110046.8368799896
