comms_cons: 166.55244799495273
finished_reconf: true
global_termination_time: 1687577.214
local_termination_time: 1334118.3471199991
node_cons: 34714.44406000006
tot_aggregated_send: 24418
tot_msg_rcv: 264
tot_msg_sent: 633
tot_reconf_duration: 5.57
tot_sleeping_duration: 1661657.214
tot_uptimes: 433
tot_uptimes_duration: 25920.0
