comms_cons: 168.79658238927726
finished_reconf: true
global_termination_time: 1693416.868
local_termination_time: 1010943.7103599999
node_cons: 34799.599521116776
tot_aggregated_send: 23838
tot_msg_rcv: 549
tot_msg_sent: 1269
tot_reconf_duration: 9.11
tot_sleeping_duration: 1667436.8619200024
tot_uptimes: 434
tot_uptimes_duration: 25980.006079997635
