comms_cons: 167.61169919539873
finished_reconf: true
global_termination_time: 1688044.237
local_termination_time: 586618.6803599999
node_cons: 34721.7500999999
tot_aggregated_send: 24302
tot_msg_rcv: 430
tot_msg_sent: 744
tot_reconf_duration: 10.95
tot_sleeping_duration: 1662124.237
tot_uptimes: 433
tot_uptimes_duration: 25920.0
