comms_cons: 172.64622078446143
finished_reconf: true
global_termination_time: 1688008.751
local_termination_time: 245552.54536000005
node_cons: 34715.38374783159
tot_aggregated_send: 22968
tot_msg_rcv: 1179
tot_msg_sent: 2094
tot_reconf_duration: 6.22
tot_sleeping_duration: 1662088.708440006
tot_uptimes: 433
tot_uptimes_duration: 25920.042559993744
