comms_cons: 89.70143999659925
finished_reconf: true
global_termination_time: 915187.329
local_termination_time: 440433.4523200007
node_cons: 18831.0078029483
tot_aggregated_send: 12586
tot_msg_rcv: 363
tot_msg_sent: 685
tot_reconf_duration: 22.65
tot_sleeping_duration: 901146.8143600088
tot_uptimes: 235
tot_uptimes_duration: 14040.51463999122
