comms_cons: 91.27982079419479
finished_reconf: true
global_termination_time: 916476.95
local_termination_time: 153560.08836000005
node_cons: 18806.974645588776
tot_aggregated_send: 12470
tot_msg_rcv: 472
tot_msg_sent: 932
tot_reconf_duration: 5.43
tot_sleeping_duration: 902436.9196000083
tot_uptimes: 235
tot_uptimes_duration: 14040.030399991607
