comms_cons: 100.31306239905594
finished_reconf: true
global_termination_time: 1007836.704
local_termination_time: 481640.6023600001
node_cons: 20734.260121116862
tot_aggregated_send: 14326
tot_msg_rcv: 342
tot_msg_sent: 579
tot_reconf_duration: 4.8100000000000005
tot_sleeping_duration: 992356.6979200024
tot_uptimes: 259
tot_uptimes_duration: 15480.006079997635
