comms_cons: 263.7009279987434
finished_reconf: true
global_termination_time: 2640683.4
local_termination_time: 1038823.7243599999
node_cons: 54330.70428446672
tot_aggregated_send: 36772
tot_msg_rcv: 1118
tot_msg_sent: 2191
tot_reconf_duration: 15.34
tot_sleeping_duration: 2600123.3756800094
tot_uptimes: 677
tot_uptimes_duration: 40560.02431999077
