comms_cons: 266.81599359237424
finished_reconf: true
global_termination_time: 2639232.678
local_termination_time: 1473630.55336
node_cons: 54317.436624466856
tot_aggregated_send: 36598
tot_msg_rcv: 1400
tot_msg_sent: 2555
tot_reconf_duration: 5.57
tot_sleeping_duration: 2598672.6536800093
tot_uptimes: 676
tot_uptimes_duration: 40560.02431999077
