comms_cons: 59.134476801078165
finished_reconf: true
global_termination_time: 571288.24
local_termination_time: 60004.14660000002
node_cons: 11764.062528971464
tot_aggregated_send: 7250
tot_msg_rcv: 531
tot_msg_sent: 1208
tot_reconf_duration: 25.299999999999997
tot_sleeping_duration: 562528.1913599914
tot_uptimes: 147
tot_uptimes_duration: 8760.04864000855
