comms_cons: 57.52852480034728
finished_reconf: true
global_termination_time: 570151.815
local_termination_time: 217584.17292000074
node_cons: 11740.283983359679
tot_aggregated_send: 7714
tot_msg_rcv: 335
tot_msg_sent: 695
tot_reconf_duration: 7.819999999999999
tot_sleeping_duration: 561391.7967600002
tot_uptimes: 147
tot_uptimes_duration: 8760.018239999772
