comms_cons: 47.91694080098071
finished_reconf: true
global_termination_time: 467506.81
local_termination_time: 158773.15844000067
node_cons: 9567.426505603755
tot_aggregated_send: 6090
tot_msg_rcv: 379
tot_msg_sent: 815
tot_reconf_duration: 5.1
tot_sleeping_duration: 460366.7795999972
tot_uptimes: 120
tot_uptimes_duration: 7140.03040000279
