comms_cons: 47.19918080060025
finished_reconf: true
global_termination_time: 470175.462
local_termination_time: 200451.44236000007
node_cons: 9658.701142242891
tot_aggregated_send: 6670
tot_msg_rcv: 224
tot_msg_sent: 280
tot_reconf_duration: 13.17
tot_sleeping_duration: 462975.44983999786
tot_uptimes: 121
tot_uptimes_duration: 7200.0121600021375
