comms_cons: 2.3165055999916366
finished_reconf: true
global_termination_time: 15845.133
local_termination_time: 9916.43736
node_cons: 325.5426399999999
tot_aggregated_send: 0
tot_msg_rcv: 178
tot_msg_sent: 174
tot_reconf_duration: 3.08
tot_sleeping_duration: 15605.133
tot_uptimes: 5
tot_uptimes_duration: 240.0
