comms_cons: 2.2632447999925214
finished_reconf: true
global_termination_time: 17945.384
local_termination_time: 8677.09136
node_cons: 333.7313800000008
tot_aggregated_send: 0
tot_msg_rcv: 176
tot_msg_sent: 168
tot_reconf_duration: 9.11
tot_sleeping_duration: 17705.384
tot_uptimes: 5
tot_uptimes_duration: 240.0
