comms_cons: 2.2698239999967202
finished_reconf: true
global_termination_time: 18452.897
local_termination_time: 10325.577360000001
node_cons: 336.230100000001
tot_aggregated_send: 0
tot_msg_rcv: 179
tot_msg_sent: 166
tot_reconf_duration: 10.95
tot_sleeping_duration: 18212.897
tot_uptimes: 5
tot_uptimes_duration: 240.0
