comms_cons: 2.3224575999944186
finished_reconf: true
global_termination_time: 16219.715
local_termination_time: 8888.753359999999
node_cons: 325.50189999999895
tot_aggregated_send: 0
tot_msg_rcv: 179
tot_msg_sent: 174
tot_reconf_duration: 3.05
tot_sleeping_duration: 15979.715
tot_uptimes: 5
tot_uptimes_duration: 240.0
