comms_cons: 2.3092991999965897
finished_reconf: true
global_termination_time: 18965.935
local_termination_time: 9903.851359999999
node_cons: 329.80675999999914
tot_aggregated_send: 0
tot_msg_rcv: 180
tot_msg_sent: 171
tot_reconf_duration: 6.22
tot_sleeping_duration: 18725.935
tot_uptimes: 5
tot_uptimes_duration: 240.0
