comms_cons: 2.3033471999937913
finished_reconf: true
global_termination_time: 17717.721
local_termination_time: 8254.17636
node_cons: 328.7339399999979
tot_aggregated_send: 0
tot_msg_rcv: 179
tot_msg_sent: 171
tot_reconf_duration: 5.43
tot_sleeping_duration: 17477.721
tot_uptimes: 5
tot_uptimes_duration: 240.0
