comms_cons: 173.86851839913993
finished_reconf: true
global_termination_time: 1806593.332
local_termination_time: 685361.8013599999
node_cons: 37127.69955999995
tot_aggregated_send: 26158
tot_msg_rcv: 100
tot_msg_sent: 169
tot_reconf_duration: 7.819999999999999
tot_sleeping_duration: 1778873.332
tot_uptimes: 463
tot_uptimes_duration: 27720.0
