comms_cons: 59.186483201214884
finished_reconf: true
global_termination_time: 572865.897
local_termination_time: 395851.4373600001
node_cons: 11760.40684112148
tot_aggregated_send: 7714
tot_msg_rcv: 545
tot_msg_sent: 737
tot_reconf_duration: 22.65
tot_sleeping_duration: 564105.8909199989
tot_uptimes: 147
tot_uptimes_duration: 8760.006080001069
