comms_cons: 2.3882495999963287
finished_reconf: true
global_termination_time: 17732.558
local_termination_time: 5222.651360000001
node_cons: 327.89198000000056
tot_aggregated_send: 0
tot_msg_rcv: 191
tot_msg_sent: 172
tot_reconf_duration: 4.8100000000000005
tot_sleeping_duration: 17492.558
tot_uptimes: 5
tot_uptimes_duration: 240.0
