comms_cons: 135.2093055931211
finished_reconf: true
global_termination_time: 1388333.707
local_termination_time: 7060.873
node_cons: 28539.562551200554
tot_aggregated_send: 17676
tot_msg_rcv: 925
tot_msg_sent: 1951
tot_reconf_duration: 13.83
tot_sleeping_duration: 1367033.6461999996
tot_uptimes: 356
tot_uptimes_duration: 21300.060800000385
