comms_cons: 210.04152958381107
finished_reconf: true
global_termination_time: 2098191.749
local_termination_time: 1347733.95836
node_cons: 43153.207701116546
tot_aggregated_send: 28942
tot_msg_rcv: 1092
tot_msg_sent: 1891
tot_reconf_duration: 7.819999999999999
tot_sleeping_duration: 2065971.7429200022
tot_uptimes: 538
tot_uptimes_duration: 32220.00607999765
