comms_cons: 240.0887936351401
finished_reconf: true
global_termination_time: 634280.771
local_termination_time: 356560.5566000001
node_cons: 38383.99980136414
tot_aggregated_send: 0
tot_msg_rcv: 14782
tot_msg_sent: 21710
tot_reconf_duration: 18.21
tot_sleeping_duration: 605633.0707599968
tot_uptimes: 470
tot_uptimes_duration: 28647.70024000321
