comms_cons: 98.64257281415652
finished_reconf: true
global_termination_time: 634280.771
local_termination_time: 358166.5423600001
node_cons: 13045.846841121482
tot_aggregated_send: 0
tot_msg_rcv: 7586
tot_msg_sent: 7408
tot_reconf_duration: 22.65
tot_sleeping_duration: 624560.7649199988
tot_uptimes: 163
tot_uptimes_duration: 9720.006080001069
