comms_cons: 485.31565448001896
finished_reconf: true
global_termination_time: 4848787.92
local_termination_time: 505399.6179600006
node_cons: 99719.92255340068
tot_aggregated_send: 66932
tot_msg_rcv: 2304
tot_msg_sent: 4529
tot_reconf_duration: 13.17
tot_sleeping_duration: 4774327.847040027
tot_uptimes: 1242
tot_uptimes_duration: 74460.07295997278
