comms_cons: 483.3447104730264
finished_reconf: true
global_termination_time: 4844909.845
local_termination_time: 1267320.8941599994
node_cons: 99625.86405116746
tot_aggregated_send: 67454
tot_msg_rcv: 2055
tot_msg_sent: 3956
tot_reconf_duration: 3.08
tot_sleeping_duration: 4770509.784200022
tot_uptimes: 1241
tot_uptimes_duration: 74400.06079997774
