comms_cons: 480.53719046371293
finished_reconf: true
global_termination_time: 4847161.103
local_termination_time: 1271281.856
node_cons: 99716.91826101043
tot_aggregated_send: 68031
tot_msg_rcv: 1718
tot_msg_sent: 3288
tot_reconf_duration: 8.09
tot_sleeping_duration: 4772698.12164002
tot_uptimes: 1242
tot_uptimes_duration: 74462.98135997995
