comms_cons: 488.8815041083157
finished_reconf: true
global_termination_time: 4848129.791
local_termination_time: 1705634.52136
node_cons: 99708.49640334836
tot_aggregated_send: 67164
tot_msg_rcv: 2325
tot_msg_sent: 4816
tot_reconf_duration: 4.8100000000000005
tot_sleeping_duration: 4773669.772760007
tot_uptimes: 1242
tot_uptimes_duration: 74460.01823999337
