comms_cons: 487.3664577101588
finished_reconf: true
global_termination_time: 4847429.978
local_termination_time: 2779171.49836
node_cons: 99727.37530558283
tot_aggregated_send: 66990
tot_msg_rcv: 2279
tot_msg_sent: 4807
tot_reconf_duration: 18.700000000000003
tot_sleeping_duration: 4772969.947600011
tot_uptimes: 1242
tot_uptimes_duration: 74460.0303999891
