comms_cons: 487.87607689342894
finished_reconf: true
global_termination_time: 4848039.991
local_termination_time: 966579.2115999977
node_cons: 99729.57793132965
tot_aggregated_send: 67570
tot_msg_rcv: 2166
tot_msg_sent: 4417
tot_reconf_duration: 11.31
tot_sleeping_duration: 4773570.820760021
tot_uptimes: 1242
tot_uptimes_duration: 74469.17023997952
