comms_cons: 384.0715328609785
finished_reconf: true
global_termination_time: 3836412.8184799976
local_termination_time: 167059.21136000007
node_cons: 78920.04090989394
tot_aggregated_send: 54056
tot_msg_rcv: 1408
tot_msg_sent: 2914
tot_reconf_duration: 5.1
tot_sleeping_duration: 3777478.4532000157
tot_uptimes: 983
tot_uptimes_duration: 58934.36527998198
