comms_cons: 388.633344066904
finished_reconf: true
global_termination_time: 3841756.392
local_termination_time: 1544117.094519998
node_cons: 78978.40260558292
tot_aggregated_send: 53186
tot_msg_rcv: 2050
tot_msg_sent: 3833
tot_reconf_duration: 3.05
tot_sleeping_duration: 3782776.361600011
tot_uptimes: 984
tot_uptimes_duration: 58980.03039998887
