comms_cons: 12.126092799970154
finished_reconf: true
global_termination_time: 9737.076240000002
local_termination_time: 2800.722040000001
node_cons: 2058.5392793600035
tot_aggregated_send: 0
tot_msg_rcv: 836
tot_msg_sent: 1007
tot_reconf_duration: 18.21
tot_sleeping_duration: 8218.173999999999
tot_uptimes: 26
tot_uptimes_duration: 1518.902240000003
