comms_cons: 44.45565440058605
finished_reconf: true
global_termination_time: 442722.941
local_termination_time: 199947.45036000008
node_cons: 9084.389761121462
tot_aggregated_send: 6148
tot_msg_rcv: 204
tot_msg_sent: 405
tot_reconf_duration: 4.390000000000001
tot_sleeping_duration: 435942.9349199989
tot_uptimes: 114
tot_uptimes_duration: 6780.006080001069
