comms_cons: 230.33121279004823
finished_reconf: true
global_termination_time: 2334625.118
local_termination_time: 1028422.1832399989
node_cons: 47969.90579999936
tot_aggregated_send: 33408
tot_msg_rcv: 534
tot_msg_sent: 1067
tot_reconf_duration: 5.1
tot_sleeping_duration: 2298805.118
tot_uptimes: 598
tot_uptimes_duration: 35820.0
