comms_cons: 232.32659198793817
finished_reconf: true
global_termination_time: 2334564.87548
local_termination_time: 2334564.8343599997
node_cons: 48032.14936095714
tot_aggregated_send: 33382
tot_msg_rcv: 701
tot_msg_sent: 1230
tot_reconf_duration: 37.410000000000004
tot_sleeping_duration: 2298731.158840001
tot_uptimes: 598
tot_uptimes_duration: 35833.71663999854
