comms_cons: 230.92789759618466
finished_reconf: true
global_termination_time: 2336778.166
local_termination_time: 1076518.8006799985
node_cons: 48060.471539999555
tot_aggregated_send: 33756
tot_msg_rcv: 431
tot_msg_sent: 913
tot_reconf_duration: 12.629999999999999
tot_sleeping_duration: 2300898.166
tot_uptimes: 599
tot_uptimes_duration: 35880.0
