comms_cons: 71.49616640054664
finished_reconf: true
global_termination_time: 751747.645
local_termination_time: 311851.7062400009
node_cons: 15432.205799999992
tot_aggregated_send: 9918
tot_msg_rcv: 287
tot_msg_sent: 662
tot_reconf_duration: 5.1
tot_sleeping_duration: 740227.645
tot_uptimes: 193
tot_uptimes_duration: 11520.0
