comms_cons: 74.92392959874903
finished_reconf: true
global_termination_time: 750319.22
local_termination_time: 195838.4480800006
node_cons: 15431.828262242881
tot_aggregated_send: 10150
tot_msg_rcv: 363
tot_msg_sent: 875
tot_reconf_duration: 4.8100000000000005
tot_sleeping_duration: 738799.2078399978
tot_uptimes: 193
tot_uptimes_duration: 11520.012160002138
