comms_cons: 283.2281408255742
finished_reconf: true
global_termination_time: 2804288.844
local_termination_time: 57989.75048000001
node_cons: 57708.9224500577
tot_aggregated_send: 39034
tot_msg_rcv: 1410
tot_msg_sent: 2605
tot_reconf_duration: 18.21
tot_sleeping_duration: 2761208.789280016
tot_uptimes: 719
tot_uptimes_duration: 43080.05471998411
