comms_cons: 282.76624640972284
finished_reconf: true
global_termination_time: 2804147.631239996
local_termination_time: 45068.17732000004
node_cons: 57729.227908302244
tot_aggregated_send: 39150
tot_msg_rcv: 1388
tot_msg_sent: 2439
tot_reconf_duration: 13.17
tot_sleeping_duration: 2761047.300360008
tot_uptimes: 719
tot_uptimes_duration: 43100.33087998751
