comms_cons: 13.206790399911274
finished_reconf: true
global_termination_time: 107921.589
local_termination_time: 65237.75736000001
node_cons: 2175.744544477742
tot_aggregated_send: 812
tot_msg_rcv: 495
tot_msg_sent: 700
tot_reconf_duration: 4.8100000000000005
tot_sleeping_duration: 106301.56468000168
tot_uptimes: 28
tot_uptimes_duration: 1620.024319998316
