comms_cons: 12.42152959962537
finished_reconf: true
global_termination_time: 108782.04
local_termination_time: 73036.42035999997
node_cons: 2177.667465597755
tot_aggregated_send: 1044
tot_msg_rcv: 322
tot_msg_sent: 522
tot_reconf_duration: 6.22
tot_sleeping_duration: 107162.00960000168
tot_uptimes: 28
tot_uptimes_duration: 1620.0303999983225
