comms_cons: 303.43774720439086
finished_reconf: true
global_termination_time: 3029385.196
local_termination_time: 521548.46544000064
node_cons: 62272.060804466375
tot_aggregated_send: 41354
tot_msg_rcv: 1675
tot_msg_sent: 3091
tot_reconf_duration: 6.279999999999999
tot_sleeping_duration: 2982885.171680009
tot_uptimes: 776
tot_uptimes_duration: 46500.02431999077
