comms_cons: 304.0827264149748
finished_reconf: true
global_termination_time: 3025697.554
local_termination_time: 6539.043840000001
node_cons: 62193.852830055184
tot_aggregated_send: 42108
tot_msg_rcv: 1321
tot_msg_sent: 2788
tot_reconf_duration: 7.819999999999999
tot_sleeping_duration: 2979257.4992800173
tot_uptimes: 775
tot_uptimes_duration: 46440.05471998238
