comms_cons: 361.16897282548337
finished_reconf: true
global_termination_time: 3645138.828
local_termination_time: 504920.78608000063
node_cons: 74963.79268558302
tot_aggregated_send: 50576
tot_msg_rcv: 1411
tot_msg_sent: 2908
tot_reconf_duration: 4.8100000000000005
tot_sleeping_duration: 3589158.797600012
tot_uptimes: 934
tot_uptimes_duration: 55980.03039998864
