comms_cons: 358.78170879998817
finished_reconf: true
global_termination_time: 3646597.49
local_termination_time: 2800339.2973599997
node_cons: 74972.5789799983
tot_aggregated_send: 52374
tot_msg_rcv: 759
tot_msg_sent: 1399
tot_reconf_duration: 11.31
tot_sleeping_duration: 3590617.49
tot_uptimes: 934
tot_uptimes_duration: 55980.0
