comms_cons: 66.9104640005436
finished_reconf: true
global_termination_time: 673000.715
local_termination_time: 5045.937000000001
node_cons: 13833.3799622406
tot_aggregated_send: 9617
tot_msg_rcv: 203
tot_msg_sent: 350
tot_reconf_duration: 10.96
tot_sleeping_duration: 662680.7028399995
tot_uptimes: 173
tot_uptimes_duration: 10320.012160000435
