comms_cons: 162.8680959915197
finished_reconf: true
global_termination_time: 1637117.863
local_termination_time: 1171912.67972
node_cons: 33670.98824000006
tot_aggregated_send: 23374
tot_msg_rcv: 487
tot_msg_sent: 894
tot_reconf_duration: 6.279999999999999
tot_sleeping_duration: 1611977.863
tot_uptimes: 420
tot_uptimes_duration: 25140.0
