comms_cons: 161.4930431938214
finished_reconf: true
global_termination_time: 1638834.346
local_termination_time: 735578.6918399998
node_cons: 33669.385799999975
tot_aggregated_send: 23432
tot_msg_rcv: 362
tot_msg_sent: 752
tot_reconf_duration: 5.1
tot_sleeping_duration: 1613694.346
tot_uptimes: 420
tot_uptimes_duration: 25140.0
