comms_cons: 165.53357438482007
finished_reconf: true
global_termination_time: 1639647.023
local_termination_time: 389277.59436
node_cons: 33668.48674893461
tot_aggregated_send: 22272
tot_msg_rcv: 948
tot_msg_sent: 1941
tot_reconf_duration: 4.390000000000001
tot_sleeping_duration: 1614506.974360019
tot_uptimes: 420
tot_uptimes_duration: 25140.048639981076
