comms_cons: 164.5269631881114
finished_reconf: true
global_termination_time: 1636256.93
local_termination_time: 762566.6013999993
node_cons: 33670.939324467465
tot_aggregated_send: 22040
tot_msg_rcv: 995
tot_msg_sent: 1972
tot_reconf_duration: 6.22
tot_sleeping_duration: 1611116.9056800094
tot_uptimes: 420
tot_uptimes_duration: 25140.024319990538
