comms_cons: 198.33719038813695
finished_reconf: true
global_termination_time: 1989762.267
local_termination_time: 808612.4098799981
node_cons: 40906.25470431704
tot_aggregated_send: 28188
tot_msg_rcv: 632
tot_msg_sent: 1327
tot_reconf_duration: 9.11
tot_sleeping_duration: 1959221.652120002
tot_uptimes: 510
tot_uptimes_duration: 30540.61487999803
