comms_cons: 198.09900159203457
finished_reconf: true
global_termination_time: 1990185.576
local_termination_time: 702535.5643599998
node_cons: 40910.211539999706
tot_aggregated_send: 28652
tot_msg_rcv: 599
tot_msg_sent: 859
tot_reconf_duration: 12.629999999999999
tot_sleeping_duration: 1959645.576
tot_uptimes: 510
tot_uptimes_duration: 30540.0
