comms_cons: 198.62961278618764
finished_reconf: true
global_termination_time: 1990218.647
local_termination_time: 687661.7330799997
node_cons: 40899.6245444671
tot_aggregated_send: 27028
tot_msg_rcv: 1135
tot_msg_sent: 2027
tot_reconf_duration: 4.8100000000000005
tot_sleeping_duration: 1959678.6226800096
tot_uptimes: 510
tot_uptimes_duration: 30540.024319990538
