comms_cons: 119.70854399528314
finished_reconf: true
global_termination_time: 1241410.131
local_termination_time: 473672.0904800001
node_cons: 25498.546841116902
tot_aggregated_send: 16588
tot_msg_rcv: 477
tot_msg_sent: 1130
tot_reconf_duration: 22.65
tot_sleeping_duration: 1222390.1249200024
tot_uptimes: 318
tot_uptimes_duration: 19020.006079997635
