comms_cons: 122.37969919743891
finished_reconf: true
global_termination_time: 1235711.254
local_termination_time: 879625.0619599996
node_cons: 25412.169179999986
tot_aggregated_send: 17922
tot_msg_rcv: 290
tot_msg_sent: 389
tot_reconf_duration: 18.21
tot_sleeping_duration: 1216751.254
tot_uptimes: 317
tot_uptimes_duration: 18960.0
