comms_cons: 122.26127359461002
finished_reconf: true
global_termination_time: 1235461.7132400004
local_termination_time: 58815.702480000014
node_cons: 25451.221602710957
tot_aggregated_send: 17342
tot_msg_rcv: 361
tot_msg_sent: 879
tot_reconf_duration: 3.05
tot_sleeping_duration: 1216457.1727600072
tot_uptimes: 317
tot_uptimes_duration: 19004.540479993215
