comms_cons: 1.0197759999966325
finished_reconf: true
global_termination_time: 5259.782
local_termination_time: 2939.7543600000004
node_cons: 90.95956000000021
tot_aggregated_send: 0
tot_msg_rcv: 102
tot_msg_sent: 53
tot_reconf_duration: 7.819999999999999
tot_sleeping_duration: 5199.782
tot_uptimes: 2
tot_uptimes_duration: 60.0
