comms_cons: 15.932799999986702
finished_reconf: true
global_termination_time: 3504.8311600000043
local_termination_time: 3504.7900400000044
node_cons: 1823.6108752400066
tot_aggregated_send: 0
tot_msg_rcv: 1119
tot_msg_sent: 1300
tot_reconf_duration: 37.410000000000004
tot_sleeping_duration: 2180.852
tot_uptimes: 20
tot_uptimes_duration: 1323.9791600000046
