comms_cons: 97.52348159756241
finished_reconf: true
global_termination_time: 979138.215
local_termination_time: 38559.375320000036
node_cons: 20091.556403355124
tot_aggregated_send: 13746
tot_msg_rcv: 321
tot_msg_sent: 756
tot_reconf_duration: 4.8100000000000005
tot_sleeping_duration: 964138.1967600037
tot_uptimes: 251
tot_uptimes_duration: 15000.018239996338
