comms_cons: 191.95742710972175
finished_reconf: true
global_termination_time: 978270.839
local_termination_time: 123.0650400000002
node_cons: 20090.977902238294
tot_aggregated_send: 0
tot_msg_rcv: 14670
tot_msg_sent: 14504
tot_reconf_duration: 4.390000000000001
tot_sleeping_duration: 963270.8268400013
tot_uptimes: 251
tot_uptimes_duration: 15000.012159998703
