comms_cons: 97.22083839524494
finished_reconf: true
global_termination_time: 976649.8141200001
local_termination_time: 110166.97359999995
node_cons: 20115.976751913826
tot_aggregated_send: 13746
tot_msg_rcv: 335
tot_msg_sent: 696
tot_reconf_duration: 7.819999999999999
tot_sleeping_duration: 961634.6108400048
tot_uptimes: 251
tot_uptimes_duration: 15015.20327999536
