comms_cons: 94.14897919822943
finished_reconf: true
global_termination_time: 979005.105
local_termination_time: 660404.1917199999
node_cons: 20093.44676000015
tot_aggregated_send: 13572
tot_msg_rcv: 215
tot_msg_sent: 524
tot_reconf_duration: 6.22
tot_sleeping_duration: 964005.105
tot_uptimes: 251
tot_uptimes_duration: 15000.000000000002
