comms_cons: 98.80642559555801
finished_reconf: true
global_termination_time: 1000946.145
local_termination_time: 673796.8523599999
node_cons: 20575.592663355164
tot_aggregated_send: 13862
tot_msg_rcv: 394
tot_msg_sent: 762
tot_reconf_duration: 6.279999999999999
tot_sleeping_duration: 985586.1267600036
tot_uptimes: 257
tot_uptimes_duration: 15360.018239996338
