comms_cons: 98.79984639905565
finished_reconf: true
global_termination_time: 1001741.892
local_termination_time: 279341.38700000005
node_cons: 20602.06603943931
tot_aggregated_send: 13976
tot_msg_rcv: 297
tot_msg_sent: 744
tot_reconf_duration: 22.65
tot_sleeping_duration: 986378.7050400006
tot_uptimes: 257
tot_uptimes_duration: 15363.186959999439
