comms_cons: 101.01703679653053
finished_reconf: true
global_termination_time: 1001718.368
local_termination_time: 295733.65536000003
node_cons: 20577.716547831682
tot_aggregated_send: 13108
tot_msg_rcv: 850
tot_msg_sent: 1396
tot_reconf_duration: 7.819999999999999
tot_sleeping_duration: 986358.3254400063
tot_uptimes: 257
tot_uptimes_duration: 15360.042559993759
