comms_cons: 163.78035839300853
finished_reconf: true
global_termination_time: 1638597.256
local_termination_time: 613207.9201599993
node_cons: 33682.97938
tot_aggregated_send: 23142
tot_msg_rcv: 603
tot_msg_sent: 1148
tot_reconf_duration: 15.110000000000001
tot_sleeping_duration: 1613457.256
tot_uptimes: 420
tot_uptimes_duration: 25140.0
