comms_cons: 165.78330878888312
finished_reconf: true
global_termination_time: 1637100.68
local_termination_time: 329109.1093600001
node_cons: 33666.67517006996
tot_aggregated_send: 22098
tot_msg_rcv: 1056
tot_msg_sent: 2045
tot_reconf_duration: 3.05
tot_sleeping_duration: 1611960.6252800075
tot_uptimes: 420
tot_uptimes_duration: 25140.054719992448
