comms_cons: 167.67749118214618
finished_reconf: true
global_termination_time: 1636772.517
local_termination_time: 758897.23836
node_cons: 33670.96374781796
tot_aggregated_send: 22156
tot_msg_rcv: 1178
tot_msg_sent: 2152
tot_reconf_duration: 6.22
tot_sleeping_duration: 1611632.4744400166
tot_uptimes: 420
tot_uptimes_duration: 25140.04255998344
