comms_cons: 102.35919359823114
finished_reconf: true
global_termination_time: 1040726.692
local_termination_time: 494974.33256000024
node_cons: 21395.16918000006
tot_aggregated_send: 15080
tot_msg_rcv: 147
tot_msg_sent: 331
tot_reconf_duration: 18.21
tot_sleeping_duration: 1024766.692
tot_uptimes: 267
tot_uptimes_duration: 15960.0
