comms_cons: 265.030540811279
finished_reconf: true
global_termination_time: 2810927.048
local_termination_time: 6085.151
node_cons: 57854.88176446662
tot_aggregated_send: 39084
tot_msg_rcv: 408
tot_msg_sent: 792
tot_reconf_duration: 7.3999999999999995
tot_sleeping_duration: 2767727.023680009
tot_uptimes: 720
tot_uptimes_duration: 43200.02431999077
