comms_cons: 278.1554176037106
finished_reconf: true
global_termination_time: 2810499.267
local_termination_time: 4498.628
node_cons: 57854.47976893426
tot_aggregated_send: 39432
tot_msg_rcv: 932
tot_msg_sent: 1914
tot_reconf_duration: 7.08
tot_sleeping_duration: 2767299.2183600185
tot_uptimes: 720
tot_uptimes_duration: 43200.04863998154
