comms_cons: 93.98282239525423
finished_reconf: true
global_termination_time: 942497.415
local_termination_time: 527523.7323199996
node_cons: 19370.48452223373
tot_aggregated_send: 13050
tot_msg_rcv: 417
tot_msg_sent: 818
tot_reconf_duration: 6.279999999999999
tot_sleeping_duration: 928037.4028400048
tot_uptimes: 242
tot_uptimes_duration: 14460.012159995269
