comms_cons: 97.33393919452072
finished_reconf: true
global_termination_time: 940082.895
local_termination_time: 5468.868640000004
node_cons: 19288.590928957678
tot_aggregated_send: 12354
tot_msg_rcv: 864
tot_msg_sent: 1577
tot_reconf_duration: 5.1
tot_sleeping_duration: 925682.8463600018
tot_uptimes: 241
tot_uptimes_duration: 14400.048639998247
