comms_cons: 97.14154239879552
finished_reconf: true
global_termination_time: 940249.466
local_termination_time: 151407.60340000037
node_cons: 19315.998105602608
tot_aggregated_send: 12296
tot_msg_rcv: 862
tot_msg_sent: 1608
tot_reconf_duration: 25.299999999999997
tot_sleeping_duration: 925849.4355999981
tot_uptimes: 241
tot_uptimes_duration: 14400.03040000191
