comms_cons: 238.00258559007165
finished_reconf: true
global_termination_time: 2373075.775
local_termination_time: 642915.3072799983
node_cons: 48774.93266334989
tot_aggregated_send: 33408
tot_msg_rcv: 969
tot_msg_sent: 1798
tot_reconf_duration: 6.279999999999999
tot_sleeping_duration: 2336655.756760007
tot_uptimes: 608
tot_uptimes_duration: 36420.0182399929
