comms_cons: 61.16024320055469
finished_reconf: true
global_termination_time: 616679.844
local_termination_time: 241782.67836000051
node_cons: 12644.154982242871
tot_aggregated_send: 8758
tot_msg_rcv: 209
tot_msg_sent: 329
tot_reconf_duration: 22.65
tot_sleeping_duration: 607259.8318399979
tot_uptimes: 158
tot_uptimes_duration: 9420.012160002138
