comms_cons: 62.060742400329644
finished_reconf: true
global_termination_time: 614449.262
local_termination_time: 230858.59436000005
node_cons: 12624.00770112142
tot_aggregated_send: 8410
tot_msg_rcv: 332
tot_msg_sent: 690
tot_reconf_duration: 7.819999999999999
tot_sleeping_duration: 605029.2559199989
tot_uptimes: 158
tot_uptimes_duration: 9420.006080001069
