comms_cons: 77.64834559784849
finished_reconf: true
global_termination_time: 748906.588
local_termination_time: 41476.579480000015
node_cons: 15351.939070079061
tot_aggregated_send: 9686
tot_msg_rcv: 824
tot_msg_sent: 1293
tot_reconf_duration: 5.1
tot_sleeping_duration: 737446.5332800007
tot_uptimes: 192
tot_uptimes_duration: 11460.054719999287
