comms_cons: 77.23711999519055
finished_reconf: true
global_termination_time: 749804.372
local_termination_time: 145364.14836000008
node_cons: 15437.749073429619
tot_aggregated_send: 9860
tot_msg_rcv: 678
tot_msg_sent: 1201
tot_reconf_duration: 9.11
tot_sleeping_duration: 738284.2990400078
tot_uptimes: 193
tot_uptimes_duration: 11520.07295999222
