comms_cons: 76.49040639428745
finished_reconf: true
global_termination_time: 752617.56
local_termination_time: 115788.05239999952
node_cons: 15433.75932447195
tot_aggregated_send: 10150
tot_msg_rcv: 547
tot_msg_sent: 929
tot_reconf_duration: 6.22
tot_sleeping_duration: 741097.535680006
tot_uptimes: 193
tot_uptimes_duration: 11520.024319993972
