comms_cons: 76.7996287973571
finished_reconf: true
global_termination_time: 748640.3352400004
local_termination_time: 51506.92996000012
node_cons: 15434.8231138371
tot_aggregated_send: 9744
tot_msg_rcv: 646
tot_msg_sent: 1283
tot_reconf_duration: 11.31
tot_sleeping_duration: 737124.6786800026
tot_uptimes: 192
tot_uptimes_duration: 11515.65655999782
