comms_cons: 39.56730880030448
finished_reconf: true
global_termination_time: 389360.7
local_termination_time: 16701.570200000002
node_cons: 7978.389180000009
tot_aggregated_send: 5104
tot_msg_rcv: 289
tot_msg_sent: 621
tot_reconf_duration: 18.21
tot_sleeping_duration: 383420.7
tot_uptimes: 100
tot_uptimes_duration: 5940.0
