comms_cons: 77.8746944097445
finished_reconf: true
global_termination_time: 392287.864
local_termination_time: 1472.4963600000003
node_cons: 8038.150041119161
tot_aggregated_send: 0
tot_msg_rcv: 6037
tot_msg_sent: 5799
tot_reconf_duration: 3.05
tot_sleeping_duration: 386287.8579200007
tot_uptimes: 101
tot_uptimes_duration: 6000.006079999366
