comms_cons: 76.1520640094141
finished_reconf: true
global_termination_time: 389897.182
local_termination_time: 564.3680399999994
node_cons: 7962.10676000001
tot_aggregated_send: 0
tot_msg_rcv: 5833
tot_msg_sent: 5740
tot_reconf_duration: 6.22
tot_sleeping_duration: 383957.182
tot_uptimes: 100
tot_uptimes_duration: 5940.0
