comms_cons: 1.7566463999998008
finished_reconf: true
global_termination_time: 15267.491
local_termination_time: 5742.651360000001
node_cons: 253.81236000000013
tot_aggregated_send: 0
tot_msg_rcv: 157
tot_msg_sent: 110
tot_reconf_duration: 9.42
tot_sleeping_duration: 15087.491
tot_uptimes: 4
tot_uptimes_duration: 180.0
