comms_cons: 45.27805440025317
finished_reconf: true
global_termination_time: 457633.879
local_termination_time: 214182.21136000004
node_cons: 9408.234901121445
tot_aggregated_send: 6612
tot_msg_rcv: 101
tot_msg_sent: 169
tot_reconf_duration: 6.22
tot_sleeping_duration: 450613.87291999895
tot_uptimes: 118
tot_uptimes_duration: 7020.006080001069
