comms_cons: 2.572467199991499
finished_reconf: true
global_termination_time: 15106.026
local_termination_time: 6311.590400000002
node_cons: 247.9458000000005
tot_aggregated_send: 0
tot_msg_rcv: 221
tot_msg_sent: 170
tot_reconf_duration: 5.1
tot_sleeping_duration: 14926.026
tot_uptimes: 4
tot_uptimes_duration: 180.0
