comms_cons: 2.5994111999907017
finished_reconf: true
global_termination_time: 14621.31
local_termination_time: 7082.182360000001
node_cons: 258.9048600000001
tot_aggregated_send: 0
tot_msg_rcv: 231
tot_msg_sent: 164
tot_reconf_duration: 13.17
tot_sleeping_duration: 14441.31
tot_uptimes: 4
tot_uptimes_duration: 180.0
