comms_cons: 31.772819199927287
finished_reconf: true
global_termination_time: 13789.117240000003
local_termination_time: 128.2870400000002
node_cons: 3560.9817777200237
tot_aggregated_send: 0
tot_msg_rcv: 2436
tot_msg_sent: 2393
tot_reconf_duration: 6.22
tot_sleeping_duration: 11135.991759999986
tot_uptimes: 39
tot_uptimes_duration: 2653.1254800000165
