comms_cons: 2.5264127999944543
finished_reconf: true
global_termination_time: 14752.648
local_termination_time: 7231.79136
node_cons: 248.3939400000004
tot_aggregated_send: 0
tot_msg_rcv: 214
tot_msg_sent: 169
tot_reconf_duration: 5.43
tot_sleeping_duration: 14572.648
tot_uptimes: 4
tot_uptimes_duration: 180.0
