comms_cons: 28.895846400145196
finished_reconf: true
global_termination_time: 291725.058
local_termination_time: 16175.038359999999
node_cons: 5952.085800000004
tot_aggregated_send: 4176
tot_msg_rcv: 104
tot_msg_sent: 112
tot_reconf_duration: 5.1
tot_sleeping_duration: 287285.058
tot_uptimes: 75
tot_uptimes_duration: 4440.0
