comms_cons: 176.7370495801613
finished_reconf: true
global_termination_time: 1733047.929
local_termination_time: 672485.6583599999
node_cons: 35615.42245005137
tot_aggregated_send: 23606
tot_msg_rcv: 1171
tot_msg_sent: 2086
tot_reconf_duration: 18.21
tot_sleeping_duration: 1706467.8742800213
tot_uptimes: 444
tot_uptimes_duration: 26580.054719978707
