comms_cons: 175.64535038605408
finished_reconf: true
global_termination_time: 1727677.508
local_termination_time: 795275.28036
node_cons: 35516.844544467334
tot_aggregated_send: 23606
tot_msg_rcv: 1053
tot_msg_sent: 2039
tot_reconf_duration: 4.8100000000000005
tot_sleeping_duration: 1701157.4836800094
tot_uptimes: 443
tot_uptimes_duration: 26520.024319990538
