comms_cons: 119.20759679992086
finished_reconf: true
global_termination_time: 596384.738
local_termination_time: 2686.0493600000004
node_cons: 12222.731348969182
tot_aggregated_send: 0
tot_msg_rcv: 9294
tot_msg_sent: 8823
tot_reconf_duration: 8.09
tot_sleeping_duration: 587264.6893599931
tot_uptimes: 153
tot_uptimes_duration: 9120.048640006848
