comms_cons: 61.15249279889305
finished_reconf: true
global_termination_time: 594937.223
local_termination_time: 254788.80436000004
node_cons: 12227.85648224287
tot_aggregated_send: 8004
tot_msg_rcv: 485
tot_msg_sent: 805
tot_reconf_duration: 11.899999999999999
tot_sleeping_duration: 585817.2108399979
tot_uptimes: 153
tot_uptimes_duration: 9120.012160002138
