comms_cons: 59.166745600425955
finished_reconf: true
global_termination_time: 595758.2
local_termination_time: 553656.05936
node_cons: 12215.830041121511
tot_aggregated_send: 8410
tot_msg_rcv: 227
tot_msg_sent: 356
tot_reconf_duration: 3.05
tot_sleeping_duration: 586638.193919999
tot_uptimes: 153
tot_uptimes_duration: 9120.006080001069
