comms_cons: 244.42759039276797
finished_reconf: true
global_termination_time: 2449013.9852399905
local_termination_time: 40594.43248000001
node_cons: 50450.75340939819
tot_aggregated_send: 34162
tot_msg_rcv: 1008
tot_msg_sent: 1980
tot_reconf_duration: 13.17
tot_sleeping_duration: 2411349.4082800215
tot_uptimes: 628
tot_uptimes_duration: 37664.5769599693
