comms_cons: 242.63431678580525
finished_reconf: true
global_termination_time: 2449375.305
local_termination_time: 711831.59636
node_cons: 50377.36260558352
tot_aggregated_send: 33756
tot_msg_rcv: 1123
tot_msg_sent: 2000
tot_reconf_duration: 3.05
tot_sleeping_duration: 2411755.2746000118
tot_uptimes: 628
tot_uptimes_duration: 37620.03039998817
