comms_cons: 241.3184767872416
finished_reconf: true
global_termination_time: 2451449.276
local_termination_time: 1268053.4823599998
node_cons: 50381.63490111608
tot_aggregated_send: 34220
tot_msg_rcv: 834
tot_msg_sent: 1625
tot_reconf_duration: 6.22
tot_sleeping_duration: 2413829.2699200027
tot_uptimes: 628
tot_uptimes_duration: 37620.006079997635
