comms_cons: 1930.3555744233292
finished_reconf: true
global_termination_time: 3992394.1396
local_termination_time: 3992394.0984799997
node_cons: 242368.9121301678
tot_aggregated_send: 0
tot_msg_rcv: 118551
tot_msg_sent: 174852
tot_reconf_duration: 37.410000000000004
tot_sleeping_duration: 3811424.6778000174
tot_uptimes: 2973
tot_uptimes_duration: 180969.46179998262
