comms_cons: 403.15357446061097
finished_reconf: true
global_termination_time: 3992432.49
local_termination_time: 51299.30160000001
node_cons: 82138.35267564401
tot_aggregated_send: 55100
tot_msg_rcv: 2005
tot_msg_sent: 4170
tot_reconf_duration: 22.65
tot_sleeping_duration: 3931112.4048800254
tot_uptimes: 1023
tot_uptimes_duration: 61320.08511997468
