comms_cons: 785.6599757110264
finished_reconf: true
global_termination_time: 3992394.7395999976
local_termination_time: 110.20648000000033
node_cons: 82144.25019509689
tot_aggregated_send: 0
tot_msg_rcv: 60128
tot_msg_sent: 59285
tot_reconf_duration: 11.899999999999999
tot_sleeping_duration: 3931059.3475200133
tot_uptimes: 1023
tot_uptimes_duration: 61335.3920799843
