comms_cons: 403.35564807458826
finished_reconf: true
global_termination_time: 3994312.688
local_termination_time: 504516.22892000026
node_cons: 82113.51489005091
tot_aggregated_send: 55274
tot_msg_rcv: 2023
tot_msg_sent: 4010
tot_reconf_duration: 4.390000000000001
tot_sleeping_duration: 3932992.63328002
tot_uptimes: 1023
tot_uptimes_duration: 61320.054719979875
