comms_cons: 393.7322624278848
finished_reconf: true
global_termination_time: 3992750.256
local_termination_time: 1001256.1114799997
node_cons: 82122.87968558294
tot_aggregated_send: 55390
tot_msg_rcv: 1434
tot_msg_sent: 3019
tot_reconf_duration: 11.31
tot_sleeping_duration: 3931430.225600011
tot_uptimes: 1023
tot_uptimes_duration: 61320.03039998887
