comms_cons: 393.4489728246857
finished_reconf: true
global_termination_time: 3992410.093
local_termination_time: 1912905.7764799998
node_cons: 82114.89464558293
tot_aggregated_send: 54926
tot_msg_rcv: 1652
tot_msg_sent: 3224
tot_reconf_duration: 5.43
tot_sleeping_duration: 3931090.062600011
tot_uptimes: 1023
tot_uptimes_duration: 61320.03039998887
