comms_cons: 1251.566873780983
finished_reconf: true
global_termination_time: 2586281.0086
local_termination_time: 2586280.9674799996
node_cons: 157231.79435169793
tot_aggregated_send: 0
tot_msg_rcv: 76798
tot_msg_sent: 113432
tot_reconf_duration: 24.59
tot_sleeping_duration: 2468881.157120012
tot_uptimes: 1928
tot_uptimes_duration: 117399.85147998756
