comms_cons: 153.36773119433016
finished_reconf: true
global_termination_time: 1550464.73
local_termination_time: 849225.9287199997
node_cons: 31919.709180000005
tot_aggregated_send: 22504
tot_msg_rcv: 302
tot_msg_sent: 505
tot_reconf_duration: 18.21
tot_sleeping_duration: 1526644.73
tot_uptimes: 398
tot_uptimes_duration: 23820.0
