comms_cons: 156.55269119037163
finished_reconf: true
global_termination_time: 1548487.91
local_termination_time: 12478.08936
node_cons: 31820.65046671484
tot_aggregated_send: 21170
tot_msg_rcv: 823
tot_msg_sent: 1802
tot_reconf_duration: 4.390000000000001
tot_sleeping_duration: 1524727.8735200039
tot_uptimes: 397
tot_uptimes_duration: 23760.03647999611
