comms_cons: 151.2294911927167
finished_reconf: true
global_termination_time: 1553332.573
local_termination_time: 1087043.8444799997
node_cons: 31903.42676000001
tot_aggregated_send: 21518
tot_msg_rcv: 563
tot_msg_sent: 905
tot_reconf_duration: 6.22
tot_sleeping_duration: 1529512.573
tot_uptimes: 398
tot_uptimes_duration: 23820.0
