comms_cons: 368.0986880375781
finished_reconf: true
global_termination_time: 3671229.353239997
local_termination_time: 46015.783120000095
node_cons: 75564.83912500492
tot_aggregated_send: 51678
tot_msg_rcv: 1482
tot_msg_sent: 2787
tot_reconf_duration: 18.21
tot_sleeping_duration: 3614814.0358800218
tot_uptimes: 941
tot_uptimes_duration: 56415.31735997513
