comms_cons: 361.8771520153339
finished_reconf: true
global_termination_time: 3671320.752
local_termination_time: 1903079.5624799998
node_cons: 75523.79892223259
tot_aggregated_send: 51272
tot_msg_rcv: 1290
tot_msg_sent: 2441
tot_reconf_duration: 3.08
tot_sleeping_duration: 3614920.739840004
tot_uptimes: 941
tot_uptimes_duration: 56400.012159995735
