comms_cons: 364.9153280238453
finished_reconf: true
global_termination_time: 3676228.736
local_termination_time: 236912.81112000046
node_cons: 75630.79639341032
tot_aggregated_send: 51504
tot_msg_rcv: 1297
tot_msg_sent: 2664
tot_reconf_duration: 22.65
tot_sleeping_duration: 3619768.663040021
tot_uptimes: 942
tot_uptimes_duration: 56460.07295997918
