comms_cons: 367.65735043514326
finished_reconf: true
global_termination_time: 3673933.552
local_termination_time: 596281.5824799988
node_cons: 75536.83295116748
tot_aggregated_send: 50344
tot_msg_rcv: 1705
tot_msg_sent: 3832
tot_reconf_duration: 12.629999999999999
tot_sleeping_duration: 3617533.4912000233
tot_uptimes: 941
tot_uptimes_duration: 56400.060799977044
