comms_cons: 362.34286081529234
finished_reconf: true
global_termination_time: 3674018.284
local_termination_time: 333318.78232000064
node_cons: 75526.22153229319
tot_aggregated_send: 51388
tot_msg_rcv: 1122
tot_msg_sent: 2564
tot_reconf_duration: 4.8100000000000005
tot_sleeping_duration: 3617618.217120019
tot_uptimes: 941
tot_uptimes_duration: 56400.066879981314
