comms_cons: 307.24865917011215
finished_reconf: true
global_termination_time: 638760.2055999998
local_termination_time: 638760.1644799998
node_cons: 38504.24362187896
tot_aggregated_send: 0
tot_msg_rcv: 18945
tot_msg_sent: 27753
tot_reconf_duration: 24.59
tot_sleeping_duration: 610029.1746800004
tot_uptimes: 473
tot_uptimes_duration: 28731.030919999357
