comms_cons: 181.52012798426708
finished_reconf: true
global_termination_time: 1800993.3734799998
local_termination_time: 1800993.33236
node_cons: 37105.966348784954
tot_aggregated_send: 25088
tot_msg_rcv: 860
tot_msg_sent: 1641
tot_reconf_duration: 37.410000000000004
tot_sleeping_duration: 1773319.614280011
tot_uptimes: 462
tot_uptimes_duration: 27673.759199988854
