comms_cons: 524.7522939783735
finished_reconf: true
global_termination_time: 1801595.429
local_termination_time: 770359.5430000001
node_cons: 73484.18004539523
tot_aggregated_send: 0
tot_msg_rcv: 26747
tot_msg_sent: 53013
tot_reconf_duration: 13.17
tot_sleeping_duration: 1746728.8904000022
tot_uptimes: 908
tot_uptimes_duration: 54866.53859999764
