comms_cons: 176.40808959610655
finished_reconf: true
global_termination_time: 1802040.126
local_termination_time: 959834.6263599999
node_cons: 37057.26752111668
tot_aggregated_send: 25868
tot_msg_rcv: 302
tot_msg_sent: 643
tot_reconf_duration: 15.110000000000001
tot_sleeping_duration: 1774380.1199200023
tot_uptimes: 462
tot_uptimes_duration: 27660.006079997635
