comms_cons: 177.50681599765966
finished_reconf: true
global_termination_time: 1802470.446
local_termination_time: 321515.55036
node_cons: 37052.90019999982
tot_aggregated_send: 26042
tot_msg_rcv: 253
tot_msg_sent: 685
tot_reconf_duration: 11.899999999999999
tot_sleeping_duration: 1774810.446
tot_uptimes: 462
tot_uptimes_duration: 27660.0
