comms_cons: 484.51713289874294
finished_reconf: true
global_termination_time: 4816376.558319999
local_termination_time: 4816376.517199999
node_cons: 99173.53358523341
tot_aggregated_send: 67428
tot_msg_rcv: 2098
tot_msg_sent: 4116
tot_reconf_duration: 37.410000000000004
tot_sleeping_duration: 4742349.126800031
tot_uptimes: 1234
tot_uptimes_duration: 74027.4315199675
