comms_cons: 474.9857152431857
finished_reconf: true
global_termination_time: 4820494.599
local_termination_time: 2747826.8186000003
node_cons: 99157.50184781647
tot_aggregated_send: 66526
tot_msg_rcv: 2023
tot_msg_sent: 3646
tot_reconf_duration: 13.17
tot_sleeping_duration: 4746454.556440015
tot_uptimes: 1235
tot_uptimes_duration: 74040.0425599846
