comms_cons: 475.3968320558862
finished_reconf: true
global_termination_time: 4819845.078
local_termination_time: 1422415.33036
node_cons: 99152.004650051
tot_aggregated_send: 67628
tot_msg_rcv: 1518
tot_msg_sent: 3110
tot_reconf_duration: 9.11
tot_sleeping_duration: 4745805.023280019
tot_uptimes: 1235
tot_uptimes_duration: 74040.05471998034
