comms_cons: 485.30753929804956
finished_reconf: true
global_termination_time: 4822310.652
local_termination_time: 319017.9634800001
node_cons: 99170.40825228393
tot_aggregated_send: 67396
tot_msg_rcv: 2199
tot_msg_sent: 4167
tot_reconf_duration: 22.65
tot_sleeping_duration: 4748270.585120024
tot_uptimes: 1235
tot_uptimes_duration: 74040.06687997514
