comms_cons: 478.07832964414376
finished_reconf: true
global_termination_time: 4822321.017
local_termination_time: 746792.5943199996
node_cons: 99156.78481004992
tot_aggregated_send: 67802
tot_msg_rcv: 1533
tot_msg_sent: 3329
tot_reconf_duration: 12.629999999999999
tot_sleeping_duration: 4748280.962280021
tot_uptimes: 1235
tot_uptimes_duration: 74040.05471997964
