comms_cons: 481.1915904639142
finished_reconf: true
global_termination_time: 4819682.927
local_termination_time: 569283.8294799998
node_cons: 99165.04415228384
tot_aggregated_send: 67164
tot_msg_rcv: 1863
tot_msg_sent: 4111
tot_reconf_duration: 18.700000000000003
tot_sleeping_duration: 4745642.8601200245
tot_uptimes: 1235
tot_uptimes_duration: 74040.06687997514
