comms_cons: 487.9480449155356
finished_reconf: true
global_termination_time: 4816573.656
local_termination_time: 659485.736
node_cons: 99065.84153228367
tot_aggregated_send: 66462
tot_msg_rcv: 2640
tot_msg_sent: 5060
tot_reconf_duration: 4.8100000000000005
tot_sleeping_duration: 4742593.589120026
tot_uptimes: 1234
tot_uptimes_duration: 73980.06687997491
