comms_cons: 9.16616959998935
finished_reconf: true
global_termination_time: 3090.1756800000035
local_termination_time: 3090.1345600000036
node_cons: 970.0607835200047
tot_aggregated_send: 0
tot_msg_rcv: 696
tot_msg_sent: 694
tot_reconf_duration: 24.59
tot_sleeping_duration: 2390.648
tot_uptimes: 9
tot_uptimes_duration: 699.5276800000033
