comms_cons: 707.2960385364753
finished_reconf: true
global_termination_time: 7153034.267
local_termination_time: 3457721.683999999
node_cons: 147114.96022669747
tot_aggregated_send: 99354
tot_msg_rcv: 2810
tot_msg_sent: 5341
tot_reconf_duration: 9.11
tot_sleeping_duration: 7043174.230520013
tot_uptimes: 1832
tot_uptimes_duration: 109860.03647998697
