comms_cons: 706.3588801189518
finished_reconf: true
global_termination_time: 7156083.483
local_termination_time: 3501930.00936
node_cons: 147203.4482266984
tot_aggregated_send: 99122
tot_msg_rcv: 2848
tot_msg_sent: 5391
tot_reconf_duration: 15.110000000000001
tot_sleeping_duration: 7046163.446520013
tot_uptimes: 1833
tot_uptimes_duration: 109920.0364799872
