comms_cons: 702.9302785062132
finished_reconf: true
global_termination_time: 7151421.22
local_termination_time: 4852585.42936
node_cons: 147117.43452334678
tot_aggregated_send: 99122
tot_msg_rcv: 2543
tot_msg_sent: 5176
tot_reconf_duration: 10.95
tot_sleeping_duration: 7041561.201760006
tot_uptimes: 1832
tot_uptimes_duration: 109860.0182399936
