comms_cons: 713.3921921677128
finished_reconf: true
global_termination_time: 7152514.426
local_termination_time: 1345125.01036
node_cons: 147111.08445339953
tot_aggregated_send: 99644
tot_msg_rcv: 2971
tot_msg_sent: 5813
tot_reconf_duration: 6.22
tot_sleeping_duration: 7042654.3530400265
tot_uptimes: 1832
tot_uptimes_duration: 109860.07295997348
