comms_cons: 2.467199999991847
finished_reconf: true
global_termination_time: 19027.072
local_termination_time: 10611.387359999999
node_cons: 327.32161999999926
tot_aggregated_send: 0
tot_msg_rcv: 203
tot_msg_sent: 172
tot_reconf_duration: 4.390000000000001
tot_sleeping_duration: 18787.072
tot_uptimes: 5
tot_uptimes_duration: 240.0
