comms_cons: 1.1710975999961322
finished_reconf: true
global_termination_time: 7156.0380000000005
local_termination_time: 2427.005200000005
node_cons: 91.32622000000019
tot_aggregated_send: 0
tot_msg_rcv: 125
tot_msg_sent: 53
tot_reconf_duration: 8.09
tot_sleeping_duration: 7096.0380000000005
tot_uptimes: 2
tot_uptimes_duration: 60.00000000000091
