comms_cons: 0.9623103999959094
finished_reconf: true
global_termination_time: 4038.18
local_termination_time: 2740.123360000002
node_cons: 95.21010000000037
tot_aggregated_send: 0
tot_msg_rcv: 98
tot_msg_sent: 48
tot_reconf_duration: 10.95
tot_sleeping_duration: 3978.18
tot_uptimes: 2
tot_uptimes_duration: 60.0
