comms_cons: 114.03807999427684
finished_reconf: true
global_termination_time: 1138947.551
local_termination_time: 842292.574
node_cons: 23413.338105588857
tot_aggregated_send: 14943
tot_msg_rcv: 897
tot_msg_sent: 1493
tot_reconf_duration: 25.299999999999997
tot_sleeping_duration: 1121487.5206000083
tot_uptimes: 292
tot_uptimes_duration: 17460.030399991607
