comms_cons: 113.82736639722876
finished_reconf: true
global_termination_time: 1136702.048
local_termination_time: 440967.6697600004
node_cons: 23391.748642238275
tot_aggregated_send: 16008
tot_msg_rcv: 467
tot_msg_sent: 827
tot_reconf_duration: 9.42
tot_sleeping_duration: 1119242.0358400014
tot_uptimes: 292
tot_uptimes_duration: 17460.012159998703
