comms_cons: 116.28954239517137
finished_reconf: true
global_termination_time: 1136832.195
local_termination_time: 685795.483879998
node_cons: 23398.100668793777
tot_aggregated_send: 15080
tot_msg_rcv: 1029
tot_msg_sent: 1567
tot_reconf_duration: 11.31
tot_sleeping_duration: 1119369.3558000047
tot_uptimes: 292
tot_uptimes_duration: 17462.83919999539
