comms_cons: 240.56323843429533
finished_reconf: true
global_termination_time: 498987.8516000001
local_termination_time: 498987.8104800001
node_cons: 30251.447219124853
tot_aggregated_send: 0
tot_msg_rcv: 14768
tot_msg_sent: 21794
tot_reconf_duration: 24.59
tot_sleeping_duration: 476420.2235199965
tot_uptimes: 368
tot_uptimes_duration: 22567.62808000359
