comms_cons: 98.96203521376137
finished_reconf: true
global_termination_time: 500902.803
local_termination_time: 1865.5380400000015
node_cons: 10308.257321121444
tot_aggregated_send: 0
tot_msg_rcv: 7625
tot_msg_sent: 7416
tot_reconf_duration: 18.21
tot_sleeping_duration: 493222.79691999895
tot_uptimes: 129
tot_uptimes_duration: 7680.006080001069
