comms_cons: 49.18609920015768
finished_reconf: true
global_termination_time: 500676.534
local_termination_time: 168807.7082000002
node_cons: 10289.481620000031
tot_aggregated_send: 7366
tot_msg_rcv: 55
tot_msg_sent: 54
tot_reconf_duration: 4.390000000000001
tot_sleeping_duration: 492996.534
tot_uptimes: 129
tot_uptimes_duration: 7680.0
