comms_cons: 14.067673599511817
finished_reconf: true
global_termination_time: 120403.978
local_termination_time: 51545.73336000001
node_cons: 2418.6711833585955
tot_aggregated_send: 1102
tot_msg_rcv: 398
tot_msg_sent: 639
tot_reconf_duration: 6.22
tot_sleeping_duration: 118603.95976000106
tot_uptimes: 31
tot_uptimes_duration: 1800.0182399989499
