comms_cons: 56.17944319971578
finished_reconf: true
global_termination_time: 566995.008
local_termination_time: 30323.21436
node_cons: 11661.671380000016
tot_aggregated_send: 8062
tot_msg_rcv: 136
tot_msg_sent: 340
tot_reconf_duration: 9.11
tot_sleeping_duration: 558295.008
tot_uptimes: 146
tot_uptimes_duration: 8700.0
