comms_cons: 56.05478399955962
finished_reconf: true
global_termination_time: 566384.019
local_termination_time: 219564.81920000017
node_cons: 11670.131720000012
tot_aggregated_send: 8236
tot_msg_rcv: 124
tot_msg_sent: 160
tot_reconf_duration: 15.34
tot_sleeping_duration: 557684.019
tot_uptimes: 146
tot_uptimes_duration: 8700.0
