comms_cons: 2.2435071999951894
finished_reconf: true
global_termination_time: 14678.217240000009
local_termination_time: 5792.28336
node_cons: 316.0708293600118
tot_aggregated_send: 0
tot_msg_rcv: 179
tot_msg_sent: 162
tot_reconf_duration: 15.34
tot_sleeping_duration: 14457.725
tot_uptimes: 4
tot_uptimes_duration: 220.49224000000868
