comms_cons: 1.0197760000022735
finished_reconf: true
global_termination_time: 4908.492
local_termination_time: 1070.43836
node_cons: 105.73459999999974
tot_aggregated_send: 0
tot_msg_rcv: 112
tot_msg_sent: 43
tot_reconf_duration: 18.700000000000003
tot_sleeping_duration: 4848.492
tot_uptimes: 2
tot_uptimes_duration: 60.0
