comms_cons: 25.67266559871541
finished_reconf: true
global_termination_time: 131842.74
local_termination_time: 3433.6833600000004
node_cons: 2681.9787000000006
tot_aggregated_send: 0
tot_msg_rcv: 2005
tot_msg_sent: 1897
tot_reconf_duration: 22.65
tot_sleeping_duration: 129862.73999999999
tot_uptimes: 34
tot_uptimes_duration: 1980.0
