comms_cons: 13.75052799971107
finished_reconf: true
global_termination_time: 131188.601
local_termination_time: 38558.865480000015
node_cons: 2657.7519799999973
tot_aggregated_send: 1624
tot_msg_rcv: 179
tot_msg_sent: 287
tot_reconf_duration: 4.8100000000000005
tot_sleeping_duration: 129208.601
tot_uptimes: 34
tot_uptimes_duration: 1980.0
