comms_cons: 13.079449599920931
finished_reconf: true
global_termination_time: 132387.631
local_termination_time: 1780.1271200000022
node_cons: 2661.8395600000013
tot_aggregated_send: 1798
tot_msg_rcv: 79
tot_msg_sent: 111
tot_reconf_duration: 7.819999999999999
tot_sleeping_duration: 130407.631
tot_uptimes: 34
tot_uptimes_duration: 1980.0
