comms_cons: 74.60405759774582
finished_reconf: true
global_termination_time: 751993.7744799998
local_termination_time: 751993.7333599998
node_cons: 15494.449360958086
tot_aggregated_send: 10530
tot_msg_rcv: 218
tot_msg_sent: 592
tot_reconf_duration: 37.410000000000004
tot_sleeping_duration: 740460.0578400013
tot_uptimes: 193
tot_uptimes_duration: 11533.716639998544
