comms_cons: 76.72659839547526
finished_reconf: true
global_termination_time: 755298.325
local_termination_time: 325515.77736000007
node_cons: 15523.529283359696
tot_aggregated_send: 9976
tot_msg_rcv: 511
tot_msg_sent: 1174
tot_reconf_duration: 13.17
tot_sleeping_duration: 743718.3067600002
tot_uptimes: 194
tot_uptimes_duration: 11580.018239999772
