comms_cons: 79.12271359272462
finished_reconf: true
global_termination_time: 752986.429
local_termination_time: 252689.16160000008
node_cons: 15429.503345602561
tot_aggregated_send: 8816
tot_msg_rcv: 1113
tot_msg_sent: 2098
tot_reconf_duration: 3.08
tot_sleeping_duration: 741466.3985999981
tot_uptimes: 193
tot_uptimes_duration: 11520.03040000191
