comms_cons: 76.20663039939888
finished_reconf: true
global_termination_time: 752078.309
local_termination_time: 248755.10636000006
node_cons: 15437.667662242906
tot_aggregated_send: 9744
tot_msg_rcv: 619
tot_msg_sent: 1220
tot_reconf_duration: 9.11
tot_sleeping_duration: 740558.2968399979
tot_uptimes: 193
tot_uptimes_duration: 11520.012160002138
