comms_cons: 76.31871999965564
finished_reconf: true
global_termination_time: 755564.96
local_termination_time: 344968.9553600005
node_cons: 15521.780199999974
tot_aggregated_send: 10092
tot_msg_rcv: 524
tot_msg_sent: 984
tot_reconf_duration: 11.899999999999999
tot_sleeping_duration: 743984.96
tot_uptimes: 194
tot_uptimes_duration: 11580.0
