comms_cons: 75.09498879775325
finished_reconf: true
global_termination_time: 752106.272
local_termination_time: 513104.0693600001
node_cons: 15431.828262233685
tot_aggregated_send: 10266
tot_msg_rcv: 342
tot_msg_sent: 806
tot_reconf_duration: 4.8100000000000005
tot_sleeping_duration: 740586.2598400047
tot_uptimes: 193
tot_uptimes_duration: 11520.012159995269
