comms_cons: 138.98559999517744
finished_reconf: true
global_termination_time: 1400436.506
local_termination_time: 627576.8873599999
node_cons: 28770.256381116917
tot_aggregated_send: 20068
tot_msg_rcv: 365
tot_msg_sent: 692
tot_reconf_duration: 6.279999999999999
tot_sleeping_duration: 1378956.4999200024
tot_uptimes: 359
tot_uptimes_duration: 21480.006079997635
