comms_cons: 158.22506235125522
finished_reconf: true
global_termination_time: 909386.955
local_termination_time: 287869.55960000004
node_cons: 18647.43266335968
tot_aggregated_send: 0
tot_msg_rcv: 12327
tot_msg_sent: 11723
tot_reconf_duration: 6.279999999999999
tot_sleeping_duration: 895466.9367600002
tot_uptimes: 233
tot_uptimes_duration: 13920.018239999772
