comms_cons: 91.67002239682898
finished_reconf: true
global_termination_time: 909134.127
local_termination_time: 377347.0926400004
node_cons: 18646.27022223828
tot_aggregated_send: 12528
tot_msg_rcv: 479
tot_msg_sent: 927
tot_reconf_duration: 5.43
tot_sleeping_duration: 895214.1148400012
tot_uptimes: 233
tot_uptimes_duration: 13920.012159998703
