comms_cons: 103.60986879708413
finished_reconf: true
global_termination_time: 1049703.938
local_termination_time: 133762.4254800001
node_cons: 21539.1472078416
tot_aggregated_send: 15022
tot_msg_rcv: 208
tot_msg_sent: 518
tot_reconf_duration: 5.1
tot_sleeping_duration: 1033623.1154399989
tot_uptimes: 269
tot_uptimes_duration: 16080.822560001165
