comms_cons: 110.1041663882645
finished_reconf: true
global_termination_time: 1053731.928
local_termination_time: 100141.40635999995
node_cons: 21615.65888782936
tot_aggregated_send: 13746
tot_msg_rcv: 1125
tot_msg_sent: 1865
tot_reconf_duration: 3.05
tot_sleeping_duration: 1037591.885440008
tot_uptimes: 270
tot_uptimes_duration: 16140.042559992042
