comms_cons: 103.2480127975906
finished_reconf: true
global_termination_time: 1049141.301
local_termination_time: 904896.2240799986
node_cons: 21546.47897999995
tot_aggregated_send: 15196
tot_msg_rcv: 158
tot_msg_sent: 340
tot_reconf_duration: 11.31
tot_sleeping_duration: 1033061.301
tot_uptimes: 269
tot_uptimes_duration: 16080.0
