comms_cons: 396.7213696444587
finished_reconf: true
global_termination_time: 4017152.236
local_termination_time: 796185.47136
node_cons: 82600.1802655831
tot_aggregated_send: 55738
tot_msg_rcv: 1367
tot_msg_sent: 3194
tot_reconf_duration: 7.819999999999999
tot_sleeping_duration: 3955472.205600011
tot_uptimes: 1029
tot_uptimes_duration: 61680.03039998887
