comms_cons: 302.7620480086299
finished_reconf: true
global_termination_time: 3063664.467
local_termination_time: 1843491.6163599999
node_cons: 63011.3136033495
tot_aggregated_send: 42688
tot_msg_rcv: 1120
tot_msg_sent: 2209
tot_reconf_duration: 18.21
tot_sleeping_duration: 3016624.448760007
tot_uptimes: 785
tot_uptimes_duration: 47040.01823999314
