comms_cons: 303.2104832126659
finished_reconf: true
global_termination_time: 3064234.532
local_termination_time: 1915653.6819599997
node_cons: 62993.18967340271
tot_aggregated_send: 41586
tot_msg_rcv: 1524
tot_msg_sent: 2976
tot_reconf_duration: 4.8100000000000005
tot_sleeping_duration: 3017194.459040027
tot_uptimes: 785
tot_uptimes_duration: 47040.07295997301
