comms_cons: 305.178073603033
finished_reconf: true
global_termination_time: 3063160.852999995
local_termination_time: 108432.43035999997
node_cons: 63022.43702233834
tot_aggregated_send: 41702
tot_msg_rcv: 1586
tot_msg_sent: 3100
tot_reconf_duration: 4.390000000000001
tot_sleeping_duration: 3016098.5114000402
tot_uptimes: 785
tot_uptimes_duration: 47062.341599954874
