comms_cons: 306.76229761371354
finished_reconf: true
global_termination_time: 3066586.731
local_termination_time: 1034253.430239999
node_cons: 63071.12331117236
tot_aggregated_send: 41296
tot_msg_rcv: 1751
tot_msg_sent: 3579
tot_reconf_duration: 3.05
tot_sleeping_duration: 3019486.67020002
tot_uptimes: 786
tot_uptimes_duration: 47100.060799980245
