comms_cons: 304.87685121280487
finished_reconf: true
global_termination_time: 3063160.7742399964
local_termination_time: 83406.07947999997
node_cons: 63025.12267164885
tot_aggregated_send: 42920
tot_msg_rcv: 1087
tot_msg_sent: 2333
tot_reconf_duration: 11.31
tot_sleeping_duration: 3016103.445120019
tot_uptimes: 785
tot_uptimes_duration: 47057.32911997766
