comms_cons: 301.09113600488195
finished_reconf: true
global_termination_time: 3068763.699
local_termination_time: 1206829.7683599999
node_cons: 63087.739861115675
tot_aggregated_send: 44254
tot_msg_rcv: 516
tot_msg_sent: 994
tot_reconf_duration: 15.34
tot_sleeping_duration: 3021663.692920002
tot_uptimes: 786
tot_uptimes_duration: 47100.006079997635
