comms_cons: 702.8432442993485
finished_reconf: true
global_termination_time: 2171400.062
local_termination_time: 399559.5014800001
node_cons: 131543.76822670148
tot_aggregated_send: 0
tot_msg_rcv: 43225
tot_msg_sent: 63604
tot_reconf_duration: 18.21
tot_sleeping_duration: 2073178.2255200108
tot_uptimes: 1607
tot_uptimes_duration: 98221.83647998911
