comms_cons: 211.7975871889749
finished_reconf: true
global_termination_time: 2171364.197999998
local_termination_time: 693123.9049999991
node_cons: 44690.51124447375
tot_aggregated_send: 28884
tot_msg_rcv: 1153
tot_msg_sent: 2153
tot_reconf_duration: 7.819999999999999
tot_sleeping_duration: 2137996.0936800023
tot_uptimes: 557
tot_uptimes_duration: 33368.10431999562
