comms_cons: 59.46726400152379
finished_reconf: true
global_termination_time: 589302.2322400002
local_termination_time: 109502.03447999997
node_cons: 12120.533298331748
tot_aggregated_send: 6902
tot_msg_rcv: 836
tot_msg_sent: 1299
tot_reconf_duration: 18.21
tot_sleeping_duration: 580268.7713599914
tot_uptimes: 151
tot_uptimes_duration: 9033.460880008759
