comms_cons: 57.74563840017897
finished_reconf: true
global_termination_time: 589301.9524799999
local_termination_time: 589301.9113599999
node_cons: 12102.751659841248
tot_aggregated_send: 8454
tot_msg_rcv: 83
tot_msg_sent: 239
tot_reconf_duration: 24.59
tot_sleeping_duration: 580288.2419199989
tot_uptimes: 151
tot_uptimes_duration: 9013.710560000909
