comms_cons: 73.8515199999739
finished_reconf: true
global_termination_time: 771397.102
local_termination_time: 415028.2049600002
node_cons: 15831.121900000087
tot_aggregated_send: 11136
tot_msg_rcv: 19
tot_msg_sent: 70
tot_reconf_duration: 3.05
tot_sleeping_duration: 759577.102
tot_uptimes: 198
tot_uptimes_duration: 11820.0
