comms_cons: 11.599756799981435
finished_reconf: true
global_termination_time: 11173.490240000003
local_termination_time: 1996.5020400000014
node_cons: 1867.0783473600038
tot_aggregated_send: 0
tot_msg_rcv: 892
tot_msg_sent: 871
tot_reconf_duration: 18.21
tot_sleeping_duration: 9797.576000000001
tot_uptimes: 22
tot_uptimes_duration: 1375.9142400000032
