comms_cons: 1.5395327999970252
finished_reconf: true
global_termination_time: 13099.105
local_termination_time: 4340.795360000001
node_cons: 247.55198000000055
tot_aggregated_send: 0
tot_msg_rcv: 120
tot_msg_sent: 114
tot_reconf_duration: 4.8100000000000005
tot_sleeping_duration: 12919.105
tot_uptimes: 4
tot_uptimes_duration: 180.0
