comms_cons: 71.04282879996167
finished_reconf: true
global_termination_time: 706260.625
local_termination_time: 219262.14664000084
node_cons: 14471.835842242856
tot_aggregated_send: 9628
tot_msg_rcv: 362
tot_msg_sent: 809
tot_reconf_duration: 7.819999999999999
tot_sleeping_duration: 695460.6128399979
tot_uptimes: 181
tot_uptimes_duration: 10800.01216000214
