comms_cons: 676.0703485671106
finished_reconf: true
global_termination_time: 2319844.1816
local_termination_time: 2319844.1404799996
node_cons: 94687.3336956306
tot_aggregated_send: 0
tot_msg_rcv: 34456
tot_msg_sent: 68301
tot_reconf_duration: 24.59
tot_sleeping_duration: 2249154.158840005
tot_uptimes: 1171
tot_uptimes_duration: 70690.02275999513
