comms_cons: 236.02268797763796
finished_reconf: true
global_termination_time: 2319844.2191199902
local_termination_time: 62819.46948000002
node_cons: 47787.587674194496
tot_aggregated_send: 31436
tot_msg_rcv: 1577
tot_msg_sent: 2860
tot_reconf_duration: 4.390000000000001
tot_sleeping_duration: 2284159.658960024
tot_uptimes: 595
tot_uptimes_duration: 35684.56015996645
