comms_cons: 223.14014718201045
finished_reconf: true
global_termination_time: 2320926.154
local_termination_time: 1298155.84136
node_cons: 47730.439324466686
tot_aggregated_send: 30972
tot_msg_rcv: 942
tot_msg_sent: 2002
tot_reconf_duration: 6.22
tot_sleeping_duration: 2285286.1296800096
tot_uptimes: 595
tot_uptimes_duration: 35640.02431999054
