comms_cons: 66.67153919778755
finished_reconf: true
global_termination_time: 650185.691
local_termination_time: 239725.00436000005
node_cons: 13344.894901121452
tot_aggregated_send: 8526
tot_msg_rcv: 507
tot_msg_sent: 1099
tot_reconf_duration: 6.22
tot_sleeping_duration: 640225.684919999
tot_uptimes: 167
tot_uptimes_duration: 9960.006080001069
