comms_cons: 50.57493760076285
finished_reconf: true
global_termination_time: 494194.865
local_termination_time: 203225.43536000006
node_cons: 10130.428483364314
tot_aggregated_send: 6728
tot_msg_rcv: 381
tot_msg_sent: 578
tot_reconf_duration: 5.57
tot_sleeping_duration: 486634.8467599968
tot_uptimes: 127
tot_uptimes_duration: 7560.018240003206
