comms_cons: 49.93612800100433
finished_reconf: true
global_termination_time: 493009.849
local_termination_time: 93112.58535999997
node_cons: 10128.809761121443
tot_aggregated_send: 6554
tot_msg_rcv: 285
tot_msg_sent: 751
tot_reconf_duration: 4.390000000000001
tot_sleeping_duration: 485449.8429199989
tot_uptimes: 127
tot_uptimes_duration: 7560.006080001069
