comms_cons: 428.7737408620595
finished_reconf: true
global_termination_time: 557267.937
local_termination_time: 337259.95556000073
node_cons: 55675.235425699044
tot_aggregated_send: 0
tot_msg_rcv: 29452
tot_msg_sent: 35718
tot_reconf_duration: 15.34
tot_sleeping_duration: 515703.78187998524
tot_uptimes: 668
tot_uptimes_duration: 41564.155120014846
