comms_cons: 181.6648703961853
finished_reconf: true
global_termination_time: 1852203.077
local_termination_time: 1291830.4286399982
node_cons: 38097.47320495746
tot_aggregated_send: 26448
tot_msg_rcv: 417
tot_msg_sent: 747
tot_reconf_duration: 11.31
tot_sleeping_duration: 1823762.3643600019
tot_uptimes: 475
tot_uptimes_duration: 28440.71263999818
