comms_cons: 107.89274879595743
finished_reconf: true
global_termination_time: 1074270.518359998
local_termination_time: 1074270.518359998
node_cons: 22232.994926396925
tot_aggregated_send: 15286
tot_msg_rcv: 413
tot_msg_sent: 700
tot_reconf_duration: 37.410000000000004
tot_sleeping_duration: 1057704.2807600002
tot_uptimes: 276
tot_uptimes_duration: 16566.237599997665
