comms_cons: 628.7812606558514
finished_reconf: true
global_termination_time: 1075193.066
local_termination_time: 246737.6244800001
node_cons: 107057.78148586131
tot_aggregated_send: 0
tot_msg_rcv: 43295
tot_msg_sent: 52276
tot_reconf_duration: 5.57
tot_sleeping_duration: 995245.1814399821
tot_uptimes: 1291
tot_uptimes_duration: 79947.88456001804
