comms_cons: 105.92414719513064
finished_reconf: true
global_termination_time: 1076622.2
local_termination_time: 250100.20636000004
node_cons: 22100.080826710222
tot_aggregated_send: 13862
tot_msg_rcv: 807
tot_msg_sent: 1431
tot_reconf_duration: 4.8100000000000005
tot_sleeping_duration: 1060122.1635200074
tot_uptimes: 276
tot_uptimes_duration: 16500.036479992676
