comms_cons: 145.92933116614867
finished_reconf: true
global_termination_time: 1075193.066
local_termination_time: 249561.93936000005
node_cons: 22101.98746559799
tot_aggregated_send: 0
tot_msg_rcv: 11385
tot_msg_sent: 10797
tot_reconf_duration: 6.22
tot_sleeping_duration: 1058693.0356000017
tot_uptimes: 276
tot_uptimes_duration: 16500.030399998475
