comms_cons: 308.11709438601304
finished_reconf: true
global_termination_time: 3181488.907
local_termination_time: 1791042.0396799985
node_cons: 65439.56091975065
tot_aggregated_send: 44370
tot_msg_rcv: 800
tot_msg_sent: 1662
tot_reconf_duration: 25.299999999999997
tot_sleeping_duration: 3132642.601160006
tot_uptimes: 815
tot_uptimes_duration: 48846.30583999399
