comms_cons: 308.8737023943134
finished_reconf: true
global_termination_time: 3177194.083
local_termination_time: 1822579.205
node_cons: 65334.30485999855
tot_aggregated_send: 45813
tot_msg_rcv: 439
tot_msg_sent: 695
tot_reconf_duration: 13.17
tot_sleeping_duration: 3128414.083
tot_uptimes: 814
tot_uptimes_duration: 48780.0
