comms_cons: 317.30823681684416
finished_reconf: true
global_termination_time: 3181359.591
local_termination_time: 637889.0733199996
node_cons: 65402.76232558345
tot_aggregated_send: 44138
tot_msg_rcv: 1358
tot_msg_sent: 2733
tot_reconf_duration: 4.390000000000001
tot_sleeping_duration: 3132519.560600011
tot_uptimes: 815
tot_uptimes_duration: 48840.03039998864
