comms_cons: 316.2358272069821
finished_reconf: true
global_termination_time: 3179252.711
local_termination_time: 642353.8245199992
node_cons: 65400.95074670001
tot_aggregated_send: 44312
tot_msg_rcv: 1193
tot_msg_sent: 2561
tot_reconf_duration: 3.05
tot_sleeping_duration: 3130412.6745200143
tot_uptimes: 815
tot_uptimes_duration: 48840.03647998604
