comms_cons: 181.91601918525657
finished_reconf: true
global_termination_time: 1795672.393
local_termination_time: 964966.9814799998
node_cons: 36884.62080446724
tot_aggregated_send: 24766
tot_msg_rcv: 1027
tot_msg_sent: 1857
tot_reconf_duration: 6.279999999999999
tot_sleeping_duration: 1768132.3686800094
tot_uptimes: 460
tot_uptimes_duration: 27540.024319990538
