comms_cons: 180.96404478725228
finished_reconf: true
global_termination_time: 1795716.016
local_termination_time: 915378.8940799986
node_cons: 36883.656624467134
tot_aggregated_send: 24824
tot_msg_rcv: 882
tot_msg_sent: 1799
tot_reconf_duration: 5.57
tot_sleeping_duration: 1768175.9916800095
tot_uptimes: 460
tot_uptimes_duration: 27540.024319990538
