comms_cons: 2.2682111999958448
finished_reconf: true
global_termination_time: 14735.762
local_termination_time: 6971.630720000001
node_cons: 253.8123600000001
tot_aggregated_send: 0
tot_msg_rcv: 178
tot_msg_sent: 166
tot_reconf_duration: 9.42
tot_sleeping_duration: 14555.762
tot_uptimes: 4
tot_uptimes_duration: 180.0
