comms_cons: 11.882662399928295
finished_reconf: true
global_termination_time: 100704.16
local_termination_time: 292.42743999999965
node_cons: 2047.149912639456
tot_aggregated_send: 928
tot_msg_rcv: 369
tot_msg_sent: 510
tot_reconf_duration: 25.299999999999997
tot_sleeping_duration: 99200.9542400004
tot_uptimes: 26
tot_uptimes_duration: 1503.2057599995944
