comms_cons: 170.1578495933276
finished_reconf: true
global_termination_time: 1725129.016
local_termination_time: 196407.8972400005
node_cons: 35454.709885593285
tot_aggregated_send: 24186
tot_msg_rcv: 584
tot_msg_sent: 1093
tot_reconf_duration: 18.21
tot_sleeping_duration: 1698668.985600005
tot_uptimes: 442
tot_uptimes_duration: 26460.03039999504
