comms_cons: 175.21944318054557
finished_reconf: true
global_termination_time: 1722278.1490000002
local_termination_time: 189705.45036000005
node_cons: 35452.74136559804
tot_aggregated_send: 22736
tot_msg_rcv: 1334
tot_msg_sent: 2563
tot_reconf_duration: 4.8100000000000005
tot_sleeping_duration: 1695805.9986000017
tot_uptimes: 442
tot_uptimes_duration: 26472.150399998587
