comms_cons: 410.2361856562129
finished_reconf: true
global_termination_time: 4130014.717
local_termination_time: 1127850.1129599977
node_cons: 84937.32184781616
tot_aggregated_send: 57478
tot_msg_rcv: 1625
tot_msg_sent: 3249
tot_reconf_duration: 13.17
tot_sleeping_duration: 4066594.6744400165
tot_uptimes: 1058
tot_uptimes_duration: 63420.04255998391
