comms_cons: 411.1306752624111
finished_reconf: true
global_termination_time: 4133775.095
local_termination_time: 1622737.1467999995
node_cons: 85010.74692558333
tot_aggregated_send: 57304
tot_msg_rcv: 1759
tot_msg_sent: 3425
tot_reconf_duration: 8.09
tot_sleeping_duration: 4070295.0646000113
tot_uptimes: 1059
tot_uptimes_duration: 63480.030399989104
