comms_cons: 414.3581952594106
finished_reconf: true
global_termination_time: 4130187.125
local_termination_time: 2464984.413
node_cons: 84942.0220439898
tot_aggregated_send: 57418
tot_msg_rcv: 1842
tot_msg_sent: 3720
tot_reconf_duration: 9.42
tot_sleeping_duration: 4066759.7690000064
tot_uptimes: 1058
tot_uptimes_duration: 63427.355999993626
