comms_cons: 416.1278208644487
finished_reconf: true
global_termination_time: 4134397.797
local_termination_time: 2520433.5937200002
node_cons: 85016.88782223193
tot_aggregated_send: 57710
tot_msg_rcv: 1957
tot_msg_sent: 3582
tot_reconf_duration: 12.629999999999999
tot_sleeping_duration: 4070917.784840004
tot_uptimes: 1059
tot_uptimes_duration: 63480.012159995735
