comms_cons: 411.51580165403254
finished_reconf: true
global_termination_time: 4130555.449
local_termination_time: 2536359.44348
node_cons: 84935.54019999766
tot_aggregated_send: 58812
tot_msg_rcv: 1252
tot_msg_sent: 2484
tot_reconf_duration: 11.899999999999999
tot_sleeping_duration: 4067135.449
tot_uptimes: 1058
tot_uptimes_duration: 63420.0
