comms_cons: 417.1238016621656
finished_reconf: true
global_termination_time: 4133496.132
local_termination_time: 1584331.6335599993
node_cons: 85005.72232558274
tot_aggregated_send: 57710
tot_msg_rcv: 2033
tot_msg_sent: 3657
tot_reconf_duration: 4.390000000000001
tot_sleeping_duration: 4070016.1016000113
tot_uptimes: 1059
tot_uptimes_duration: 63480.03039998887
