comms_cons: 78.77934079829859
finished_reconf: true
global_termination_time: 788033.3158799991
local_termination_time: 788033.2747599991
node_cons: 16228.248794561596
tot_aggregated_send: 11064
tot_msg_rcv: 299
tot_msg_sent: 610
tot_reconf_duration: 24.59
tot_sleeping_duration: 775938.576839998
tot_uptimes: 202
tot_uptimes_duration: 12094.739040001165
