comms_cons: 70.95521280014668
finished_reconf: true
global_termination_time: 720117.8285599985
local_termination_time: 6568.487
node_cons: 14853.344930080968
tot_aggregated_send: 10494
tot_msg_rcv: 75
tot_msg_sent: 214
tot_reconf_duration: 2.77
tot_sleeping_duration: 709027.7738399978
tot_uptimes: 185
tot_uptimes_duration: 11090.054720000706
