comms_cons: 71.46675199997429
finished_reconf: true
global_termination_time: 721912.348
local_termination_time: 6278.055
node_cons: 14799.184622241743
tot_aggregated_send: 10311
tot_msg_rcv: 201
tot_msg_sent: 350
tot_reconf_duration: 12.23
tot_sleeping_duration: 710872.3358399987
tot_uptimes: 185
tot_uptimes_duration: 11040.012160001286
