comms_cons: 96.86831359314371
finished_reconf: true
global_termination_time: 920985.823
local_termination_time: 418941.3378400001
node_cons: 18890.576547836255
tot_aggregated_send: 12122
tot_msg_rcv: 1089
tot_msg_sent: 1512
tot_reconf_duration: 7.819999999999999
tot_sleeping_duration: 906885.7804400028
tot_uptimes: 236
tot_uptimes_duration: 14100.042559997179
