comms_cons: 49.97511680185531
finished_reconf: true
global_termination_time: 483046.566
local_termination_time: 266516.7633600001
node_cons: 9906.565462242903
tot_aggregated_send: 5336
tot_msg_rcv: 834
tot_msg_sent: 1425
tot_reconf_duration: 18.21
tot_sleeping_duration: 475666.55383999785
tot_uptimes: 124
tot_uptimes_duration: 7380.0121600021375
