comms_cons: 48.3702784006423
finished_reconf: true
global_termination_time: 482369.62
local_termination_time: 292007.08340000035
node_cons: 9892.439560000023
tot_aggregated_send: 6264
tot_msg_rcv: 389
tot_msg_sent: 699
tot_reconf_duration: 7.819999999999999
tot_sleeping_duration: 474989.62
tot_uptimes: 124
tot_uptimes_duration: 7380.0
