comms_cons: 79.95106560066553
finished_reconf: true
global_termination_time: 797899.815
local_termination_time: 451215.11
node_cons: 16396.932201121464
tot_aggregated_send: 11014
tot_msg_rcv: 325
tot_msg_sent: 813
tot_reconf_duration: 5.57
tot_sleeping_duration: 785659.8089199988
tot_uptimes: 205
tot_uptimes_duration: 12240.006080001069
