comms_cons: 78.4701183999621
finished_reconf: true
global_termination_time: 797334.901
local_termination_time: 592700.1957199998
node_cons: 16423.717400000085
tot_aggregated_send: 11020
tot_msg_rcv: 346
tot_msg_sent: 561
tot_reconf_duration: 25.299999999999997
tot_sleeping_duration: 785094.901
tot_uptimes: 205
tot_uptimes_duration: 12240.0
