comms_cons: 81.90508799499736
finished_reconf: true
global_termination_time: 797498.593
local_termination_time: 37774.81168000006
node_cons: 16395.36232559343
tot_aggregated_send: 10556
tot_msg_rcv: 630
tot_msg_sent: 1263
tot_reconf_duration: 4.390000000000001
tot_sleeping_duration: 785258.562600005
tot_uptimes: 205
tot_uptimes_duration: 12240.03039999507
