comms_cons: 81.56509439857143
finished_reconf: true
global_termination_time: 798615.044
local_termination_time: 427144.9497600004
node_cons: 16397.831183359678
tot_aggregated_send: 10730
tot_msg_rcv: 567
tot_msg_sent: 1100
tot_reconf_duration: 6.22
tot_sleeping_duration: 786375.0257600002
tot_uptimes: 205
tot_uptimes_duration: 12240.018239999772
