comms_cons: 463.435456079426
finished_reconf: true
global_termination_time: 4572423.455119998
local_termination_time: 4572423.455119998
node_cons: 94134.56143821256
tot_aggregated_send: 63336
tot_msg_rcv: 2533
tot_msg_sent: 4567
tot_reconf_duration: 37.410000000000004
tot_sleeping_duration: 4502159.258960017
tot_uptimes: 1171
tot_uptimes_duration: 70264.19615998166
