comms_cons: 460.66216968131033
finished_reconf: true
global_termination_time: 4574610.654
local_termination_time: 2566144.446999999
node_cons: 94084.69640334828
tot_aggregated_send: 63684
tot_msg_rcv: 2098
tot_msg_sent: 4236
tot_reconf_duration: 4.8100000000000005
tot_sleeping_duration: 4504350.635760007
tot_uptimes: 1172
tot_uptimes_duration: 70260.01823999314
