comms_cons: 461.9187905259339
finished_reconf: true
global_termination_time: 4572878.531
local_termination_time: 2531252.17236
node_cons: 94103.57530558275
tot_aggregated_send: 63452
tot_msg_rcv: 2299
tot_msg_sent: 4458
tot_reconf_duration: 18.700000000000003
tot_sleeping_duration: 4502618.500600012
tot_uptimes: 1172
tot_uptimes_duration: 70260.03039998887
