comms_cons: 459.40390407518197
finished_reconf: true
global_termination_time: 4576049.252
local_termination_time: 2504228.8585199993
node_cons: 94084.13418446553
tot_aggregated_send: 63858
tot_msg_rcv: 1905
tot_msg_sent: 4063
tot_reconf_duration: 4.390000000000001
tot_sleeping_duration: 4505789.22768001
tot_uptimes: 1172
tot_uptimes_duration: 70260.024319991
