comms_cons: 155.57475838550627
finished_reconf: true
global_termination_time: 1532519.408
local_termination_time: 263048.7073600005
node_cons: 31499.893391182166
tot_aggregated_send: 20300
tot_msg_rcv: 1014
tot_msg_sent: 2333
tot_reconf_duration: 4.8100000000000005
tot_sleeping_duration: 1508999.3472000135
tot_uptimes: 393
tot_uptimes_duration: 23520.060799986648
