comms_cons: 181.67173118613314
finished_reconf: true
global_termination_time: 1812375.932
local_termination_time: 2717.6040400000034
node_cons: 37304.34171327465
tot_aggregated_send: 25056
tot_msg_rcv: 879
tot_msg_sent: 1679
tot_reconf_duration: 18.21
tot_sleeping_duration: 1784534.5484800038
tot_uptimes: 465
tot_uptimes_duration: 27841.383519996114
