comms_cons: 355.92424931603153
finished_reconf: true
global_termination_time: 1810513.4256
local_termination_time: 2683.7126000000003
node_cons: 37226.43604951655
tot_aggregated_send: 0
tot_msg_rcv: 27232
tot_msg_sent: 26863
tot_reconf_duration: 6.22
tot_sleeping_duration: 1782718.0639200024
tot_uptimes: 464
tot_uptimes_duration: 27795.361679997528
