comms_cons: 527.4176763768749
finished_reconf: true
global_termination_time: 1810512.8255999999
local_termination_time: 1810512.78448
node_cons: 73908.40074839762
tot_aggregated_send: 0
tot_msg_rcv: 26861
tot_msg_sent: 53302
tot_reconf_duration: 24.59
tot_sleeping_duration: 1755341.0500000003
tot_uptimes: 913
tot_uptimes_duration: 55171.77559999947
