comms_cons: 446.301894488246
finished_reconf: true
global_termination_time: 4452403.949
local_termination_time: 231317.25848000008
node_cons: 91618.41568782518
tot_aggregated_send: 61944
tot_msg_rcv: 1846
tot_msg_sent: 4045
tot_reconf_duration: 22.65
tot_sleeping_duration: 4384003.906440009
tot_uptimes: 1141
tot_uptimes_duration: 68400.0425599908
