comms_cons: 439.60486404808194
finished_reconf: true
global_termination_time: 4453077.608
local_termination_time: 1100602.4109599986
node_cons: 91591.79074670379
tot_aggregated_send: 62292
tot_msg_rcv: 1616
tot_msg_sent: 2909
tot_reconf_duration: 3.05
tot_sleeping_duration: 4384677.57152001
tot_uptimes: 1141
tot_uptimes_duration: 68400.03647998994
