comms_cons: 441.8479552469161
finished_reconf: true
global_termination_time: 4453169.296
local_termination_time: 1821943.139639999
node_cons: 91596.08746558224
tot_aggregated_send: 61596
tot_msg_rcv: 1909
tot_msg_sent: 3652
tot_reconf_duration: 6.22
tot_sleeping_duration: 4384769.265600012
tot_uptimes: 1141
tot_uptimes_duration: 68400.03039998864
