comms_cons: 84.25981439940865
finished_reconf: true
global_termination_time: 850417.208
local_termination_time: 236675.2895200004
node_cons: 17441.344060000036
tot_aggregated_send: 12180
tot_msg_rcv: 226
tot_msg_sent: 401
tot_reconf_duration: 5.57
tot_sleeping_duration: 837397.208
tot_uptimes: 218
tot_uptimes_duration: 13020.0
