comms_cons: 83.63187199991671
finished_reconf: true
global_termination_time: 845093.814
local_termination_time: 224423.171
node_cons: 17360.382082242893
tot_aggregated_send: 12116
tot_msg_rcv: 187
tot_msg_sent: 409
tot_reconf_duration: 5.1
tot_sleeping_duration: 832133.8018399979
tot_uptimes: 217
tot_uptimes_duration: 12960.012160002138
