comms_cons: 86.47700479892369
finished_reconf: true
global_termination_time: 850966.846
local_termination_time: 204003.04560000007
node_cons: 17437.962605597888
tot_aggregated_send: 11600
tot_msg_rcv: 550
tot_msg_sent: 994
tot_reconf_duration: 3.05
tot_sleeping_duration: 837946.8156000016
tot_uptimes: 218
tot_uptimes_duration: 13020.030399998417
