comms_cons: 83.77295359740198
finished_reconf: true
global_termination_time: 845949.08
local_termination_time: 603860.7663599998
node_cons: 17360.813939999935
tot_aggregated_send: 12122
tot_msg_rcv: 210
tot_msg_sent: 401
tot_reconf_duration: 5.43
tot_sleeping_duration: 832989.08
tot_uptimes: 217
tot_uptimes_duration: 12960.0
