comms_cons: 76.14304000050701
finished_reconf: true
global_termination_time: 737656.713
local_termination_time: 385251.55112000095
node_cons: 15110.45198000002
tot_aggregated_send: 9396
tot_msg_rcv: 691
tot_msg_sent: 1489
tot_reconf_duration: 4.8100000000000005
tot_sleeping_duration: 726376.713
tot_uptimes: 189
tot_uptimes_duration: 11280.0
