comms_cons: 74.71464959969697
finished_reconf: true
global_termination_time: 733215.19
local_termination_time: 389793.79516000074
node_cons: 15029.574184481085
tot_aggregated_send: 9860
tot_msg_rcv: 510
tot_msg_sent: 986
tot_reconf_duration: 4.390000000000001
tot_sleeping_duration: 721995.1656799992
tot_uptimes: 188
tot_uptimes_duration: 11220.02432000084
