comms_cons: 186.13872639233796
finished_reconf: true
global_termination_time: 1872859.29
local_termination_time: 1124323.2964399995
node_cons: 38491.404522233504
tot_aggregated_send: 26274
tot_msg_rcv: 752
tot_msg_sent: 1266
tot_reconf_duration: 6.279999999999999
tot_sleeping_duration: 1844119.2778400048
tot_uptimes: 480
tot_uptimes_duration: 28740.01215999527
