comms_cons: 185.31632639154063
finished_reconf: true
global_termination_time: 1877726.636
local_termination_time: 1317630.9073599998
node_cons: 38573.83584223355
tot_aggregated_send: 26506
tot_msg_rcv: 543
tot_msg_sent: 1118
tot_reconf_duration: 7.819999999999999
tot_sleeping_duration: 1848926.6238400047
tot_uptimes: 481
tot_uptimes_duration: 28800.01215999527
