comms_cons: 183.7705855912137
finished_reconf: true
global_termination_time: 1873562.546
local_termination_time: 1486010.5582399988
node_cons: 38491.314901116595
tot_aggregated_send: 26158
tot_msg_rcv: 581
tot_msg_sent: 1193
tot_reconf_duration: 6.22
tot_sleeping_duration: 1844822.5399200025
tot_uptimes: 480
tot_uptimes_duration: 28740.006079997635
