comms_cons: 124.9192703907898
finished_reconf: true
global_termination_time: 1241075.72
local_termination_time: 286237.87936
node_cons: 25556.72151007448
tot_aggregated_send: 15892
tot_msg_rcv: 1022
tot_msg_sent: 2073
tot_reconf_duration: 6.279999999999999
tot_sleeping_duration: 1221995.6652800043
tot_uptimes: 318
tot_uptimes_duration: 19080.054719995882
