comms_cons: 125.82671998981844
finished_reconf: true
global_termination_time: 1245314.875
local_termination_time: 350908.80372000014
node_cons: 25555.73290670564
tot_aggregated_send: 16472
tot_msg_rcv: 940
tot_msg_sent: 1714
tot_reconf_duration: 5.57
tot_sleeping_duration: 1226234.838520011
tot_uptimes: 319
tot_uptimes_duration: 19080.03647998924
