comms_cons: 122.60857599394845
finished_reconf: true
global_termination_time: 1243631.049
local_termination_time: 451577.16404000076
node_cons: 25565.29596335055
tot_aggregated_send: 16820
tot_msg_rcv: 625
tot_msg_sent: 1192
tot_reconf_duration: 12.629999999999999
tot_sleeping_duration: 1224551.0307600072
tot_uptimes: 319
tot_uptimes_duration: 19080.018239992907
