comms_cons: 119.93045759783793
finished_reconf: true
global_termination_time: 1244480.347
local_termination_time: 795079.8393599999
node_cons: 25564.28020000007
tot_aggregated_send: 17342
tot_msg_rcv: 370
tot_msg_sent: 516
tot_reconf_duration: 11.899999999999999
tot_sleeping_duration: 1225400.347
tot_uptimes: 319
tot_uptimes_duration: 19080.0
