comms_cons: 124.22187519207195
finished_reconf: true
global_termination_time: 1242071.258
local_termination_time: 490823.4949200007
node_cons: 25554.114184476504
tot_aggregated_send: 16878
tot_msg_rcv: 566
tot_msg_sent: 1437
tot_reconf_duration: 4.390000000000001
tot_sleeping_duration: 1222991.2336800026
tot_uptimes: 319
tot_uptimes_duration: 19080.024319997407
