comms_cons: 129.60428799475716
finished_reconf: true
global_termination_time: 1244995.535
local_termination_time: 146271.63980000024
node_cons: 25558.861676803073
tot_aggregated_send: 16298
tot_msg_rcv: 1412
tot_msg_sent: 1990
tot_reconf_duration: 7.819999999999999
tot_sleeping_duration: 1225915.4437999974
tot_uptimes: 319
tot_uptimes_duration: 19080.091200002294
