comms_cons: 124.82595839087806
finished_reconf: true
global_termination_time: 1243192.885
local_termination_time: 503269.28536000004
node_cons: 25563.4952622383
tot_aggregated_send: 16356
tot_msg_rcv: 877
tot_msg_sent: 1739
tot_reconf_duration: 11.31
tot_sleeping_duration: 1224112.8728400015
tot_uptimes: 319
tot_uptimes_duration: 19080.012159998703
