comms_cons: 13.428147199872196
finished_reconf: true
global_termination_time: 133182.942
local_termination_time: 43977.64492000016
node_cons: 2737.5216200000095
tot_aggregated_send: 1798
tot_msg_rcv: 73
tot_msg_sent: 170
tot_reconf_duration: 4.390000000000001
tot_sleeping_duration: 131142.942
tot_uptimes: 35
tot_uptimes_duration: 2040.0
