comms_cons: 828.7662786436832
finished_reconf: true
global_termination_time: 8230250.176
local_termination_time: 716262.1964799998
node_cons: 169282.4311722864
tot_aggregated_send: 113912
tot_msg_rcv: 4059
tot_msg_sent: 7995
tot_reconf_duration: 4.390000000000001
tot_sleeping_duration: 8103830.109120022
tot_uptimes: 2108
tot_uptimes_duration: 126420.06687997928
