comms_cons: 825.4051714257578
finished_reconf: true
global_termination_time: 8230241.745
local_termination_time: 716267.1095199982
node_cons: 169287.08097116536
tot_aggregated_send: 113970
tot_msg_rcv: 4022
tot_msg_sent: 7463
tot_reconf_duration: 7.819999999999999
tot_sleeping_duration: 8103821.684200021
tot_uptimes: 2108
tot_uptimes_duration: 126420.06079997844
