comms_cons: 828.5320002665109
finished_reconf: true
global_termination_time: 8230078.178
local_termination_time: 2001988.2795199982
node_cons: 169284.89188893096
tot_aggregated_send: 113042
tot_msg_rcv: 4417
tot_msg_sent: 8471
tot_reconf_duration: 6.22
tot_sleeping_duration: 8103658.129360017
tot_uptimes: 2108
tot_uptimes_duration: 126420.0486399827
