comms_cons: 89.32047359248983
finished_reconf: true
global_termination_time: 851430.5453999982
local_termination_time: 851430.5042799982
node_cons: 17639.723819038718
tot_aggregated_send: 10820
tot_msg_rcv: 891
tot_msg_sent: 1866
tot_reconf_duration: 37.410000000000004
tot_sleeping_duration: 838294.6820399992
tot_uptimes: 219
tot_uptimes_duration: 13135.863359999013
