comms_cons: 86.45131519863854
finished_reconf: true
global_termination_time: 852934.822
local_termination_time: 412472.4926800007
node_cons: 17526.944924481126
tot_aggregated_send: 11774
tot_msg_rcv: 497
tot_msg_sent: 870
tot_reconf_duration: 9.42
tot_sleeping_duration: 839854.7976799991
tot_uptimes: 219
tot_uptimes_duration: 13080.02432000084
