comms_cons: 87.29455999771999
finished_reconf: true
global_termination_time: 851475.644
local_termination_time: 67279.99547999997
node_cons: 17539.591672848554
tot_aggregated_send: 11310
tot_msg_rcv: 632
tot_msg_sent: 1326
tot_reconf_duration: 18.700000000000003
tot_sleeping_duration: 838395.5864399936
tot_uptimes: 219
tot_uptimes_duration: 13080.05756000636
