comms_cons: 79.04811519743649
finished_reconf: true
global_termination_time: 776324.481
local_termination_time: 31716.419240000007
node_cons: 15946.607537845757
tot_aggregated_send: 10266
tot_msg_rcv: 527
tot_msg_sent: 1221
tot_reconf_duration: 18.21
tot_sleeping_duration: 764433.6084399958
tot_uptimes: 199
tot_uptimes_duration: 11890.872560004284
