comms_cons: 669.4077438066327
finished_reconf: true
global_termination_time: 774274.987
local_termination_time: 289799.20824000053
node_cons: 77405.86230156863
tot_aggregated_send: 0
tot_msg_rcv: 45919
tot_msg_sent: 55828
tot_reconf_duration: 15.34
tot_sleeping_duration: 716481.8349599922
tot_uptimes: 933
tot_uptimes_duration: 57793.152040007684
