comms_cons: 153.4907839557965
finished_reconf: true
global_termination_time: 774883.657
local_termination_time: 291574.45036
node_cons: 15915.848239999983
tot_aggregated_send: 0
tot_msg_rcv: 11849
tot_msg_sent: 11481
tot_reconf_duration: 6.279999999999999
tot_sleeping_duration: 763003.657
tot_uptimes: 199
tot_uptimes_duration: 11880.0
