comms_cons: 78.52995839556206
finished_reconf: true
global_termination_time: 772766.68
local_termination_time: 427827.803
node_cons: 15839.890771761358
tot_aggregated_send: 10382
tot_msg_rcv: 513
tot_msg_sent: 1041
tot_reconf_duration: 6.22
tot_sleeping_duration: 760943.346159999
tot_uptimes: 198
tot_uptimes_duration: 11823.333840001025
