comms_cons: 46.26956800336439
finished_reconf: true
global_termination_time: 237795.694
local_termination_time: 2504.667040000001
node_cons: 4851.166841121435
tot_aggregated_send: 0
tot_msg_rcv: 3570
tot_msg_sent: 3462
tot_reconf_duration: 22.65
tot_sleeping_duration: 234195.68791999892
tot_uptimes: 61
tot_uptimes_duration: 3600.0060800010688
