comms_cons: 788.2471617412635
finished_reconf: true
global_termination_time: 8046770.633
local_termination_time: 4780481.2813599985
node_cons: 165513.24120669675
tot_aggregated_send: 113158
tot_msg_rcv: 2239
tot_msg_sent: 4411
tot_reconf_duration: 9.42
tot_sleeping_duration: 7923170.596520014
tot_uptimes: 2061
tot_uptimes_duration: 123600.03647998697
