comms_cons: 792.6952897327283
finished_reconf: true
global_termination_time: 8047048.044
local_termination_time: 4991305.8613599995
node_cons: 165517.59224557952
tot_aggregated_send: 112752
tot_msg_rcv: 2675
tot_msg_sent: 5058
tot_reconf_duration: 12.629999999999999
tot_sleeping_duration: 7923448.01360001
tot_uptimes: 2061
tot_uptimes_duration: 123600.03039998909
