comms_cons: 789.8373184993712
finished_reconf: true
global_termination_time: 8047673.663
local_termination_time: 5179832.759759998
node_cons: 165525.82716446155
tot_aggregated_send: 112520
tot_msg_rcv: 2625
tot_msg_sent: 4905
tot_reconf_duration: 18.700000000000003
tot_sleeping_duration: 7924073.638680009
tot_uptimes: 2061
tot_uptimes_duration: 123600.02431999124
