comms_cons: 811.490355447697
finished_reconf: true
global_termination_time: 8048991.752
local_termination_time: 708219.0533199996
node_cons: 165584.97959339852
tot_aggregated_send: 111186
tot_msg_rcv: 3994
tot_msg_sent: 8161
tot_reconf_duration: 3.05
tot_sleeping_duration: 7925331.679040027
tot_uptimes: 2062
tot_uptimes_duration: 123660.07295997324
