comms_cons: 281.912768002322
finished_reconf: true
global_termination_time: 2810928.74
local_termination_time: 1172756.00336
node_cons: 57852.421047817836
tot_aggregated_send: 39498
tot_msg_rcv: 1084
tot_msg_sent: 2268
tot_reconf_duration: 5.57
tot_sleeping_duration: 2767728.697440016
tot_uptimes: 720
tot_uptimes_duration: 43200.04255998414
