comms_cons: 281.6065472127734
finished_reconf: false
global_termination_time: 2808435.257
local_termination_time: 0
node_cons: 57881.44417563988
tot_aggregated_send: 39124
tot_msg_rcv: 1051
tot_msg_sent: 2626
tot_reconf_duration: 26.9
tot_sleeping_duration: 2765235.171880029
tot_uptimes: 720
tot_uptimes_duration: 43200.08511997078
