comms_cons: 282.6329088079857
finished_reconf: true
global_termination_time: 2810196.999
local_termination_time: 19731.38416000001
node_cons: 57849.0803334016
tot_aggregated_send: 38976
tot_msg_rcv: 1186
tot_msg_sent: 2797
tot_reconf_duration: 3.08
tot_sleeping_duration: 2766996.9260400278
tot_uptimes: 720
tot_uptimes_duration: 43200.07295997208
