comms_cons: 285.0444672164012
finished_reconf: true
global_termination_time: 2807941.83
local_termination_time: 172722.93936000005
node_cons: 57855.86763117284
tot_aggregated_send: 38570
tot_msg_rcv: 1560
tot_msg_sent: 3195
tot_reconf_duration: 8.09
tot_sleeping_duration: 2764741.7692000195
tot_uptimes: 720
tot_uptimes_duration: 43200.06079998048
