comms_cons: 283.14404481661666
finished_reconf: true
global_termination_time: 2807936.374
local_termination_time: 1138162.70436
node_cons: 57857.252791177576
tot_aggregated_send: 39208
tot_msg_rcv: 1270
tot_msg_sent: 2557
tot_reconf_duration: 9.11
tot_sleeping_duration: 2764736.313200016
tot_uptimes: 720
tot_uptimes_duration: 43200.06079998391
