comms_cons: 285.7786240186564
finished_reconf: true
global_termination_time: 2810481.157
local_termination_time: 1808980.8200799997
node_cons: 57860.98462334998
tot_aggregated_send: 38396
tot_msg_rcv: 1681
tot_msg_sent: 3359
tot_reconf_duration: 11.899999999999999
tot_sleeping_duration: 2767281.138760007
tot_uptimes: 720
tot_uptimes_duration: 43200.01823999314
