comms_cons: 286.06741760906084
finished_reconf: false
global_termination_time: 2810998.087
local_termination_time: 0
node_cons: 57844.81628223326
tot_aggregated_send: 38396
tot_msg_rcv: 1718
tot_msg_sent: 3366
tot_reconf_duration: 0
tot_sleeping_duration: 2767798.074840004
tot_uptimes: 720
tot_uptimes_duration: 43200.012159995735
