comms_cons: 811.263193732097
finished_reconf: true
global_termination_time: 8203166.284
local_termination_time: 2825653.142879998
node_cons: 168770.9079810139
tot_aggregated_send: 115014
tot_msg_rcv: 2911
tot_msg_sent: 5381
tot_reconf_duration: 25.299999999999997
tot_sleeping_duration: 8077149.442640015
tot_uptimes: 2101
tot_uptimes_duration: 126016.84135998506
