comms_cons: 803.642316925632
finished_reconf: true
global_termination_time: 8203347.511
local_termination_time: 4782679.778559998
node_cons: 168739.41902334458
tot_aggregated_send: 114608
tot_msg_rcv: 2562
tot_msg_sent: 4979
tot_reconf_duration: 18.700000000000003
tot_sleeping_duration: 8077347.492760006
tot_uptimes: 2101
tot_uptimes_duration: 126000.0182399936
