comms_cons: 799.1216704874955
finished_reconf: true
global_termination_time: 8199160.386
local_termination_time: 5374149.86336
node_cons: 168648.55452334584
tot_aggregated_send: 114782
tot_msg_rcv: 2155
tot_msg_sent: 4522
tot_reconf_duration: 10.95
tot_sleeping_duration: 8073220.367760006
tot_uptimes: 2100
tot_uptimes_duration: 125940.0182399936
