comms_cons: 826.7636162463785
finished_reconf: true
global_termination_time: 8202769.158
local_termination_time: 342368.78936000005
node_cons: 168720.63781451515
tot_aggregated_send: 114144
tot_msg_rcv: 3964
tot_msg_sent: 7554
tot_reconf_duration: 4.8100000000000005
tot_sleeping_duration: 8076769.078960029
tot_uptimes: 2101
tot_uptimes_duration: 126000.07903997088
