comms_cons: 823.9043266225704
finished_reconf: true
global_termination_time: 8199258.117
local_termination_time: 1207211.3103599998
node_cons: 168642.18817116463
tot_aggregated_send: 114086
tot_msg_rcv: 3940
tot_msg_sent: 7202
tot_reconf_duration: 6.22
tot_sleeping_duration: 8073318.056200022
tot_uptimes: 2100
tot_uptimes_duration: 125940.06079997797
