comms_cons: 283.0862912101364
finished_reconf: true
global_termination_time: 2810229.782
local_termination_time: 1320725.4360799994
node_cons: 57853.45042558356
tot_aggregated_send: 39382
tot_msg_rcv: 1267
tot_msg_sent: 2380
tot_reconf_duration: 6.34
tot_sleeping_duration: 2767029.7516000117
tot_uptimes: 720
tot_uptimes_duration: 43200.03039998864
