comms_cons: 281.9585792018133
finished_reconf: true
global_termination_time: 2809831.035
local_termination_time: 53218.55252000007
node_cons: 57857.95081005997
tot_aggregated_send: 39324
tot_msg_rcv: 1093
tot_msg_sent: 2439
tot_reconf_duration: 9.629999999999999
tot_sleeping_duration: 2766630.9802800147
tot_uptimes: 720
tot_uptimes_duration: 43200.05471998581
