comms_cons: 182.56684799129738
finished_reconf: true
global_termination_time: 1861781.299
local_termination_time: 1232292.3623599997
node_cons: 38247.817902233335
tot_aggregated_send: 26042
tot_msg_rcv: 557
tot_msg_sent: 1151
tot_reconf_duration: 4.390000000000001
tot_sleeping_duration: 1833221.2868400048
tot_uptimes: 477
tot_uptimes_duration: 28560.01215999527
