comms_cons: 184.5406079930126
finished_reconf: true
global_termination_time: 1860696.9644799998
local_termination_time: 1860696.92336
node_cons: 38293.599800957876
tot_aggregated_send: 26724
tot_msg_rcv: 447
tot_msg_sent: 878
tot_reconf_duration: 24.59
tot_sleeping_duration: 1832123.2478400012
tot_uptimes: 477
tot_uptimes_duration: 28573.716639998544
