comms_cons: 122.83366399671688
finished_reconf: true
global_termination_time: 1243808.495
local_termination_time: 551092.5599599998
node_cons: 25578.87870000007
tot_aggregated_send: 17806
tot_msg_rcv: 366
tot_msg_sent: 498
tot_reconf_duration: 22.65
tot_sleeping_duration: 1224728.495
tot_uptimes: 319
tot_uptimes_duration: 19080.0
