comms_cons: 414.3804414467692
finished_reconf: true
global_termination_time: 854318.6720399993
local_termination_time: 854318.6309199993
node_cons: 52175.6231171563
tot_aggregated_send: 0
tot_msg_rcv: 25365
tot_msg_sent: 37618
tot_reconf_duration: 24.59
tot_sleeping_duration: 815377.4996000015
tot_uptimes: 640
tot_uptimes_duration: 38941.172439997776
