comms_cons: 446.00948485825097
finished_reconf: true
global_termination_time: 4480036.586
local_termination_time: 1159158.7883599997
node_cons: 92154.18702893282
tot_aggregated_send: 62002
tot_msg_rcv: 2065
tot_msg_sent: 3723
tot_reconf_duration: 3.05
tot_sleeping_duration: 4411216.537360018
tot_uptimes: 1148
tot_uptimes_duration: 68820.04863998177
