comms_cons: 445.43815686036515
finished_reconf: true
global_termination_time: 4480678.146
local_termination_time: 1204010.253119999
node_cons: 92160.6484066995
tot_aggregated_send: 62408
tot_msg_rcv: 1869
tot_msg_sent: 3427
tot_reconf_duration: 7.819999999999999
tot_sleeping_duration: 4411858.109520013
tot_uptimes: 1148
tot_uptimes_duration: 68820.0364799865
