comms_cons: 443.33566085684953
finished_reconf: true
global_termination_time: 4480264.89
local_termination_time: 1763236.818519999
node_cons: 92157.39464558249
tot_aggregated_send: 61944
tot_msg_rcv: 1735
tot_msg_sent: 3704
tot_reconf_duration: 5.43
tot_sleeping_duration: 4411444.859600011
tot_uptimes: 1148
tot_uptimes_duration: 68820.03039998887
