comms_cons: 415.1077376660785
finished_reconf: true
global_termination_time: 4124227.688
local_termination_time: 360464.874
node_cons: 84849.32168724005
tot_aggregated_send: 57476
tot_msg_rcv: 1834
tot_msg_sent: 3784
tot_reconf_duration: 6.279999999999999
tot_sleeping_duration: 4060866.378480028
tot_uptimes: 1057
tot_uptimes_duration: 63361.30951997184
