comms_cons: 416.69831689735054
finished_reconf: true
global_termination_time: 4124488.956
local_termination_time: 197502.36448000054
node_cons: 84846.72617675677
tot_aggregated_send: 57188
tot_msg_rcv: 2077
tot_msg_sent: 4070
tot_reconf_duration: 5.57
tot_sleeping_duration: 4061128.8648000304
tot_uptimes: 1057
tot_uptimes_duration: 63360.09119996935
