comms_cons: 415.62624003981864
finished_reconf: true
global_termination_time: 4124169.9502399936
local_termination_time: 40593.886999999995
node_cons: 84888.27980676807
tot_aggregated_send: 57594
tot_msg_rcv: 1946
tot_msg_sent: 3631
tot_reconf_duration: 5.1
tot_sleeping_duration: 4060778.3490400156
tot_uptimes: 1057
tot_uptimes_duration: 63391.6011999778
