comms_cons: 415.94263047488005
finished_reconf: true
global_termination_time: 4124204.21
local_termination_time: 473684.1966000001
node_cons: 84937.35441228941
tot_aggregated_send: 57188
tot_msg_rcv: 1948
tot_msg_sent: 4085
tot_reconf_duration: 13.17
tot_sleeping_duration: 4060784.143120021
tot_uptimes: 1057
tot_uptimes_duration: 63420.06687997881
