comms_cons: 417.94246409217703
finished_reconf: true
global_termination_time: 4126144.095
local_termination_time: 1536050.7755999998
node_cons: 84851.48465005161
tot_aggregated_send: 56840
tot_msg_rcv: 2272
tot_msg_sent: 4413
tot_reconf_duration: 9.11
tot_sleeping_duration: 4062784.04028002
tot_uptimes: 1057
tot_uptimes_duration: 63360.05471998034
