comms_cons: 416.88471688733455
finished_reconf: true
global_termination_time: 4125749.278
local_termination_time: 2116924.3223199993
node_cons: 84843.23074670011
tot_aggregated_send: 57246
tot_msg_rcv: 2109
tot_msg_sent: 4008
tot_reconf_duration: 3.05
tot_sleeping_duration: 4062389.2415200127
tot_uptimes: 1057
tot_uptimes_duration: 63360.03647998697
