comms_cons: 855.1168514078921
finished_reconf: true
global_termination_time: 8589038.821
local_termination_time: 2785082.73136
node_cons: 176675.28918893106
tot_aggregated_send: 119132
tot_msg_rcv: 3639
tot_msg_sent: 7201
tot_reconf_duration: 5.57
tot_sleeping_duration: 8457098.772360018
tot_uptimes: 2200
tot_uptimes_duration: 131940.0486399827
