comms_cons: 861.5269314498834
finished_reconf: true
global_termination_time: 8589507.381
local_termination_time: 597739.5187199998
node_cons: 176673.72745451547
tot_aggregated_send: 119538
tot_msg_rcv: 3738
tot_msg_sent: 7670
tot_reconf_duration: 4.390000000000001
tot_sleeping_duration: 8457567.301960027
tot_uptimes: 2200
tot_uptimes_duration: 131940.07903997134
