comms_cons: 473.4527869737506
finished_reconf: true
global_termination_time: 978752.5395999998
local_termination_time: 978752.4984799998
node_cons: 59488.14843960398
tot_aggregated_send: 0
tot_msg_rcv: 29059
tot_msg_sent: 42902
tot_reconf_duration: 24.59
tot_sleeping_duration: 934350.183199996
tot_uptimes: 729
tot_uptimes_duration: 44402.356400003744
