comms_cons: 192.9564927083281
finished_reconf: true
global_termination_time: 978753.1395999999
local_termination_time: 3453.9603600000005
node_cons: 20130.314751754984
tot_aggregated_send: 0
tot_msg_rcv: 14827
tot_msg_sent: 14497
tot_reconf_duration: 18.21
tot_sleeping_duration: 963737.7657600037
tot_uptimes: 251
tot_uptimes_duration: 15015.373839996231
