comms_cons: 100.10440959450648
finished_reconf: true
global_termination_time: 979193.627
local_termination_time: 269800.4834800001
node_cons: 20105.896848957676
tot_aggregated_send: 12354
tot_msg_rcv: 1030
tot_msg_sent: 1833
tot_reconf_duration: 15.34
tot_sleeping_duration: 964193.5783600018
tot_uptimes: 251
tot_uptimes_duration: 15000.048639998218
