comms_cons: 253.65809279427543
finished_reconf: true
global_termination_time: 2548007.228
local_termination_time: 2211140.439519999
node_cons: 52406.409179999144
tot_aggregated_send: 36424
tot_msg_rcv: 754
tot_msg_sent: 1377
tot_reconf_duration: 18.21
tot_sleeping_duration: 2508887.228
tot_uptimes: 653
tot_uptimes_duration: 39120.0
