comms_cons: 132.11500798902586
finished_reconf: true
global_termination_time: 1282565.245
local_termination_time: 99391.13667999985
node_cons: 26376.30616783167
tot_aggregated_send: 17168
tot_msg_rcv: 1116
tot_msg_sent: 1797
tot_reconf_duration: 18.21
tot_sleeping_duration: 1262885.2024400064
tot_uptimes: 329
tot_uptimes_duration: 19680.042559993744
