comms_cons: 129.13496959281852
finished_reconf: true
global_termination_time: 1281496.064
local_termination_time: 712002.7987999984
node_cons: 26358.478364471935
tot_aggregated_send: 17110
tot_msg_rcv: 827
tot_msg_sent: 1690
tot_reconf_duration: 5.1
tot_sleeping_duration: 1261816.039680006
tot_uptimes: 329
tot_uptimes_duration: 19680.024319993972
