comms_cons: 126.4906431963445
finished_reconf: true
global_termination_time: 1280856.354
local_termination_time: 820618.7883599999
node_cons: 26385.901823355198
tot_aggregated_send: 17690
tot_msg_rcv: 505
tot_msg_sent: 1030
tot_reconf_duration: 25.299999999999997
tot_sleeping_duration: 1261176.3357600037
tot_uptimes: 329
tot_uptimes_duration: 19680.018239996338
