comms_cons: 272.00609921081497
finished_reconf: true
global_termination_time: 2808229.264
local_termination_time: 7333.689
node_cons: 57850.237370051414
tot_aggregated_send: 38797
tot_msg_rcv: 794
tot_msg_sent: 1751
tot_reconf_duration: 3.95
tot_sleeping_duration: 2765029.2092800206
tot_uptimes: 720
tot_uptimes_duration: 43200.05471997941
