comms_cons: 274.62896642606466
finished_reconf: true
global_termination_time: 2810417.004
local_termination_time: 6351.636
node_cons: 57852.86101228539
tot_aggregated_send: 38564
tot_msg_rcv: 1042
tot_msg_sent: 2135
tot_reconf_duration: 5.87
tot_sleeping_duration: 2767216.9371200255
tot_uptimes: 720
tot_uptimes_duration: 43200.06687997491
