comms_cons: 277.44081922335613
finished_reconf: true
global_termination_time: 2809166.22
local_termination_time: 7298.8910000000005
node_cons: 57859.74880893552
tot_aggregated_send: 39371
tot_msg_rcv: 926
tot_msg_sent: 1872
tot_reconf_duration: 10.96
tot_sleeping_duration: 2765966.1713600177
tot_uptimes: 720
tot_uptimes_duration: 43200.04863998247
