comms_cons: 272.7078400135177
finished_reconf: true
global_termination_time: 2807783.353
local_termination_time: 4118.263
node_cons: 57850.400330051736
tot_aggregated_send: 39726
tot_msg_rcv: 610
tot_msg_sent: 1114
tot_reconf_duration: 4.07
tot_sleeping_duration: 2764583.2982800202
tot_uptimes: 720
tot_uptimes_duration: 43200.05471997964
