comms_cons: 0.9145087999990917
finished_reconf: true
global_termination_time: 12183.417
local_termination_time: 6969.043360000001
node_cons: 251.63956000000084
tot_aggregated_send: 0
tot_msg_rcv: 74
tot_msg_sent: 65
tot_reconf_duration: 7.819999999999999
tot_sleeping_duration: 12003.417
tot_uptimes: 4
tot_uptimes_duration: 180.0
