comms_cons: 402.19804146099665
finished_reconf: true
global_termination_time: 833189.2105999998
local_termination_time: 833189.1694799998
node_cons: 50517.263840073334
tot_aggregated_send: 0
tot_msg_rcv: 24720
tot_msg_sent: 36409
tot_reconf_duration: 37.410000000000004
tot_sleeping_duration: 795499.5458800043
tot_uptimes: 620
tot_uptimes_duration: 37689.664719995504
