comms_cons: 88.03781759202792
finished_reconf: true
global_termination_time: 833620.704
local_termination_time: 506164.64336000005
node_cons: 17120.06718509977
tot_aggregated_send: 10788
tot_msg_rcv: 1019
tot_msg_sent: 1574
tot_reconf_duration: 5.57
tot_sleeping_duration: 820840.6419200151
tot_uptimes: 214
tot_uptimes_duration: 12780.06207998487
