comms_cons: 84.31210239805868
finished_reconf: true
global_termination_time: 833758.548
local_termination_time: 57739.119000000006
node_cons: 17128.33953623687
tot_aggregated_send: 11480
tot_msg_rcv: 459
tot_msg_sent: 875
tot_reconf_duration: 7.819999999999999
tot_sleeping_duration: 820974.5898400024
tot_uptimes: 214
tot_uptimes_duration: 12783.958159997645
