comms_cons: 887.6274424787947
finished_reconf: true
global_termination_time: 2301398.162
local_termination_time: 1051762.4647199998
node_cons: 139791.04725316408
tot_aggregated_send: 0
tot_msg_rcv: 54523
tot_msg_sent: 80391
tot_reconf_duration: 18.21
tot_sleeping_duration: 2197017.0432000235
tot_uptimes: 1716
tot_uptimes_duration: 104381.11879997647
