comms_cons: 229.11406078967477
finished_reconf: true
global_termination_time: 2300066.628
local_termination_time: 1748932.5766399992
node_cons: 47327.824059999504
tot_aggregated_send: 32886
tot_msg_rcv: 667
tot_msg_sent: 1271
tot_reconf_duration: 5.57
tot_sleeping_duration: 2264726.628
tot_uptimes: 590
tot_uptimes_duration: 35340.0
