comms_cons: 364.4138173039405
finished_reconf: true
global_termination_time: 2302814.202
local_termination_time: 1057577.2993599998
node_cons: 47326.8408267005
tot_aggregated_send: 0
tot_msg_rcv: 28118
tot_msg_sent: 27270
tot_reconf_duration: 4.8100000000000005
tot_sleeping_duration: 2267474.1655200142
tot_uptimes: 590
tot_uptimes_duration: 35340.03647998581
