comms_cons: 124.37007999082829
finished_reconf: true
global_termination_time: 633951.7835999998
local_termination_time: 2671.3750400000013
node_cons: 13060.378469521307
tot_aggregated_send: 0
tot_msg_rcv: 9511
tot_msg_sent: 9390
tot_reconf_duration: 18.21
tot_sleeping_duration: 624216.421919999
tot_uptimes: 163
tot_uptimes_duration: 9735.361680000962
