comms_cons: 62.54187520080567
finished_reconf: true
global_termination_time: 635299.634
local_termination_time: 331472.28736
node_cons: 13023.52675999998
tot_aggregated_send: 8758
tot_msg_rcv: 277
tot_msg_sent: 471
tot_reconf_duration: 6.22
tot_sleeping_duration: 625579.634
tot_uptimes: 163
tot_uptimes_duration: 9720.0
