comms_cons: 438.88409576848096
finished_reconf: true
global_termination_time: 2385262.93
local_termination_time: 923592.0553599999
node_cons: 49011.574464467056
tot_aggregated_send: 0
tot_msg_rcv: 33507
tot_msg_sent: 33199
tot_reconf_duration: 3.05
tot_sleeping_duration: 2348662.905680009
tot_uptimes: 611
tot_uptimes_duration: 36600.02431999077
