comms_cons: 18.855987200037706
finished_reconf: true
global_termination_time: 193734.257
local_termination_time: 47050.1872400001
node_cons: 3961.3891800000015
tot_aggregated_send: 2726
tot_msg_rcv: 41
tot_msg_sent: 99
tot_reconf_duration: 18.21
tot_sleeping_duration: 190794.257
tot_uptimes: 50
tot_uptimes_duration: 2940.0
