comms_cons: 19.26389760005344
finished_reconf: true
global_termination_time: 192471.831
local_termination_time: 9853.867160000005
node_cons: 3943.1919800000046
tot_aggregated_send: 2668
tot_msg_rcv: 90
tot_msg_sent: 170
tot_reconf_duration: 4.8100000000000005
tot_sleeping_duration: 189531.831
tot_uptimes: 50
tot_uptimes_duration: 2940.0
