comms_cons: 74.23276799970489
finished_reconf: true
global_termination_time: 725998.61
local_termination_time: 260952.78736000005
node_cons: 14867.050041121436
tot_aggregated_send: 9222
tot_msg_rcv: 662
tot_msg_sent: 1399
tot_reconf_duration: 3.05
tot_sleeping_duration: 714898.603919999
tot_uptimes: 186
tot_uptimes_duration: 11100.006080001069
