comms_cons: 73.60213759887469
finished_reconf: true
global_termination_time: 729402.814
local_termination_time: 289236.2154800001
node_cons: 14953.908406724018
tot_aggregated_send: 9454
tot_msg_rcv: 627
tot_msg_sent: 1107
tot_reconf_duration: 7.819999999999999
tot_sleeping_duration: 718242.777519997
tot_uptimes: 187
tot_uptimes_duration: 11160.036480002978
