comms_cons: 73.58698239964453
finished_reconf: true
global_termination_time: 727803.684
local_termination_time: 282724.4846000001
node_cons: 14958.631544481143
tot_aggregated_send: 10150
tot_msg_rcv: 402
tot_msg_sent: 632
tot_reconf_duration: 11.31
tot_sleeping_duration: 716643.6596799991
tot_uptimes: 187
tot_uptimes_duration: 11160.02432000084
