comms_cons: 68.31986560694938
finished_reconf: true
global_termination_time: 337283.74404000025
local_termination_time: 337283.70292000024
node_cons: 6972.559120165245
tot_aggregated_send: 0
tot_msg_rcv: 5370
tot_msg_sent: 5011
tot_reconf_duration: 24.59
tot_sleeping_duration: 332101.3945999964
tot_uptimes: 87
tot_uptimes_duration: 5182.349440003905
