comms_cons: 1.7105919999985693
finished_reconf: true
global_termination_time: 13909.625
local_termination_time: 4625.93836
node_cons: 261.8517200000002
tot_aggregated_send: 0
tot_msg_rcv: 156
tot_msg_sent: 104
tot_reconf_duration: 15.34
tot_sleeping_duration: 13729.625
tot_uptimes: 4
tot_uptimes_duration: 180.0
