comms_cons: 1.0395135999965672
finished_reconf: true
global_termination_time: 15284.453
local_termination_time: 7500.03336
node_cons: 247.55198000000055
tot_aggregated_send: 0
tot_msg_rcv: 84
tot_msg_sent: 74
tot_reconf_duration: 4.8100000000000005
tot_sleeping_duration: 15104.453
tot_uptimes: 4
tot_uptimes_duration: 180.0
