comms_cons: 1.539532799997007
finished_reconf: true
global_termination_time: 13069.973
local_termination_time: 4247.73136
node_cons: 246.98161999999923
tot_aggregated_send: 0
tot_msg_rcv: 120
tot_msg_sent: 114
tot_reconf_duration: 4.390000000000001
tot_sleeping_duration: 12889.973
tot_uptimes: 4
tot_uptimes_duration: 180.0
