comms_cons: 27.27736320012328
finished_reconf: true
global_termination_time: 278257.229
local_termination_time: 164322.65236000007
node_cons: 5729.534600000021
tot_aggregated_send: 4060
tot_msg_rcv: 45
tot_msg_sent: 41
tot_reconf_duration: 18.700000000000003
tot_sleeping_duration: 273997.229
tot_uptimes: 72
tot_uptimes_duration: 4260.0
