comms_cons: 115.7412863928009
finished_reconf: true
global_termination_time: 1123503.911
local_termination_time: 110719.33823999972
node_cons: 23064.54650560244
tot_aggregated_send: 15022
tot_msg_rcv: 943
tot_msg_sent: 1627
tot_reconf_duration: 5.1
tot_sleeping_duration: 1106283.8805999982
tot_uptimes: 288
tot_uptimes_duration: 17220.030400001793
