comms_cons: 114.0590975901699
finished_reconf: true
global_termination_time: 1119127.87
local_termination_time: 100840.46635999996
node_cons: 23011.654387838556
tot_aggregated_send: 14732
tot_msg_rcv: 764
tot_msg_sent: 1841
tot_reconf_duration: 25.299999999999997
tot_sleeping_duration: 1101967.827440001
tot_uptimes: 287
tot_uptimes_duration: 17160.04255999891
