comms_cons: 117.03801598953933
finished_reconf: true
global_termination_time: 1120932.993
local_termination_time: 153837.77336000005
node_cons: 23064.160826728617
tot_aggregated_send: 14152
tot_msg_rcv: 1307
tot_msg_sent: 2331
tot_reconf_duration: 4.8100000000000005
tot_sleeping_duration: 1103712.9565199937
tot_uptimes: 288
tot_uptimes_duration: 17220.036480006413
