comms_cons: 96.41347841295627
finished_reconf: true
global_termination_time: 451679.60524000094
local_termination_time: 451679.60524000094
node_cons: 9357.187112415064
tot_aggregated_send: 0
tot_msg_rcv: 7894
tot_msg_sent: 6762
tot_reconf_duration: 24.59
tot_sleeping_duration: 444716.3536399897
tot_uptimes: 116
tot_uptimes_duration: 6963.251600011237
