comms_cons: 106.6619903953887
finished_reconf: true
global_termination_time: 1064174.571999998
local_termination_time: 1064174.571999998
node_cons: 21970.359299593063
tot_aggregated_send: 14950
tot_msg_rcv: 392
tot_msg_sent: 869
tot_reconf_duration: 24.59
tot_sleeping_duration: 1047791.4756000033
tot_uptimes: 273
tot_uptimes_duration: 16383.096399994785
