comms_cons: 106.11698559395987
finished_reconf: true
global_termination_time: 1069154.041
local_termination_time: 587147.272119998
node_cons: 21936.96190000009
tot_aggregated_send: 15196
tot_msg_rcv: 295
tot_msg_sent: 638
tot_reconf_duration: 3.05
tot_sleeping_duration: 1052774.041
tot_uptimes: 274
tot_uptimes_duration: 16379.999999999996
