comms_cons: 86.96099839108068
finished_reconf: true
global_termination_time: 702240.4276799995
local_termination_time: 702240.4276799995
node_cons: 14444.179120168948
tot_aggregated_send: 6018
tot_msg_rcv: 2772
tot_msg_sent: 4434
tot_reconf_duration: 24.59
tot_sleeping_duration: 691478.0782399928
tot_uptimes: 180
tot_uptimes_duration: 10762.349440006667
