comms_cons: 68.81247999904807
finished_reconf: true
global_termination_time: 706250.558
local_termination_time: 45616.769120000004
node_cons: 14479.09300112145
tot_aggregated_send: 10092
tot_msg_rcv: 31
tot_msg_sent: 336
tot_reconf_duration: 13.17
tot_sleeping_duration: 695450.551919999
tot_uptimes: 181
tot_uptimes_duration: 10800.006080001069
