comms_cons: 69.89804800034287
finished_reconf: true
global_termination_time: 703857.97
local_termination_time: 100312.607
node_cons: 14507.477495760773
tot_aggregated_send: 10148
tot_msg_rcv: 195
tot_msg_sent: 281
tot_reconf_duration: 22.65
tot_sleeping_duration: 693046.3801599995
tot_uptimes: 181
tot_uptimes_duration: 10811.589840000554
