comms_cons: 76.81936639920895
finished_reconf: true
global_termination_time: 790852.487
local_termination_time: 432446.4845200008
node_cons: 16278.628287519356
tot_aggregated_send: 10556
tot_msg_rcv: 370
tot_msg_sent: 751
tot_reconf_duration: 25.299999999999997
tot_sleeping_duration: 778720.8433200005
tot_uptimes: 203
tot_uptimes_duration: 12131.643679999514
