comms_cons: 81.25440639351828
finished_reconf: true
global_termination_time: 790833.598
local_termination_time: 62099.68560000011
node_cons: 16232.870746719416
tot_aggregated_send: 10208
tot_msg_rcv: 693
tot_msg_sent: 1448
tot_reconf_duration: 3.05
tot_sleeping_duration: 778713.5615200005
tot_uptimes: 203
tot_uptimes_duration: 12120.036479999544
