comms_cons: 77.98245119910825
finished_reconf: true
global_termination_time: 787160.989
local_termination_time: 437590.6782400009
node_cons: 16156.786760000025
tot_aggregated_send: 11020
tot_msg_rcv: 308
tot_msg_sent: 524
tot_reconf_duration: 6.22
tot_sleeping_duration: 775100.9889999998
tot_uptimes: 202
tot_uptimes_duration: 12060.00000000003
