comms_cons: 38.56035840105744
finished_reconf: true
global_termination_time: 367318.914
local_termination_time: 206568.6356000001
node_cons: 7560.5126633642985
tot_aggregated_send: 4582
tot_msg_rcv: 408
tot_msg_sent: 870
tot_reconf_duration: 6.279999999999999
tot_sleeping_duration: 361678.8957599968
tot_uptimes: 95
tot_uptimes_duration: 5640.018240003206
