comms_cons: 73.57519360045391
finished_reconf: true
global_termination_time: 753864.769
local_termination_time: 663051.7463599999
node_cons: 15511.58162000004
tot_aggregated_send: 10614
tot_msg_rcv: 156
tot_msg_sent: 413
tot_reconf_duration: 4.390000000000001
tot_sleeping_duration: 742284.769
tot_uptimes: 194
tot_uptimes_duration: 11580.0
