comms_cons: 73.48308479917262
finished_reconf: true
global_termination_time: 751191.4504799999
local_termination_time: 751191.4093599999
node_cons: 15477.023518719823
tot_aggregated_send: 11064
tot_msg_rcv: 40
tot_msg_sent: 64
tot_reconf_duration: 24.59
tot_sleeping_duration: 739657.746
tot_uptimes: 193
tot_uptimes_duration: 11533.70447999984
