comms_cons: 241.87112959995116
finished_reconf: true
global_termination_time: 2442219.364
local_termination_time: 459545.95464000036
node_cons: 50219.42579999926
tot_aggregated_send: 35206
tot_msg_rcv: 517
tot_msg_sent: 1040
tot_reconf_duration: 5.1
tot_sleeping_duration: 2404719.364
tot_uptimes: 626
tot_uptimes_duration: 37500.0
