comms_cons: 68.50920960037702
finished_reconf: true
global_termination_time: 697705.85
local_termination_time: 356658.5000800006
node_cons: 14308.08406000003
tot_aggregated_send: 10150
tot_msg_rcv: 94
tot_msg_sent: 169
tot_reconf_duration: 5.57
tot_sleeping_duration: 687025.85
tot_uptimes: 179
tot_uptimes_duration: 10680.0
