comms_cons: 67.99603199988734
finished_reconf: true
global_termination_time: 698374.47
local_termination_time: 202637.68436000007
node_cons: 14334.877400000045
tot_aggregated_send: 10092
tot_msg_rcv: 75
tot_msg_sent: 168
tot_reconf_duration: 25.299999999999997
tot_sleeping_duration: 687694.47
tot_uptimes: 179
tot_uptimes_duration: 10680.0
