comms_cons: 69.10791680047885
finished_reconf: true
global_termination_time: 700667.976
local_termination_time: 440282.31136
node_cons: 14386.82161999996
tot_aggregated_send: 10092
tot_msg_rcv: 174
tot_msg_sent: 238
tot_reconf_duration: 4.390000000000001
tot_sleeping_duration: 689927.976
tot_uptimes: 180
tot_uptimes_duration: 10740.0
