comms_cons: 90.23191679555471
finished_reconf: true
global_termination_time: 901610.1105999998
local_termination_time: 901610.0694799998
node_cons: 18530.014860638024
tot_aggregated_send: 12456
tot_msg_rcv: 374
tot_msg_sent: 883
tot_reconf_duration: 24.59
tot_sleeping_duration: 887796.3528400012
tot_uptimes: 231
tot_uptimes_duration: 13813.757759998494
