comms_cons: 93.86759039182931
finished_reconf: true
global_termination_time: 902343.146
local_termination_time: 352077.2474800001
node_cons: 18589.347546712568
tot_aggregated_send: 11716
tot_msg_rcv: 877
tot_msg_sent: 1673
tot_reconf_duration: 22.65
tot_sleeping_duration: 888483.1095200055
tot_uptimes: 232
tot_uptimes_duration: 13860.036479994407
