comms_cons: 153.23440635564933
finished_reconf: true
global_termination_time: 928787.472
local_termination_time: 731331.7352799983
node_cons: 19047.120121116935
tot_aggregated_send: 0
tot_msg_rcv: 11744
tot_msg_sent: 11545
tot_reconf_duration: 4.8100000000000005
tot_sleeping_duration: 914567.4659200023
tot_uptimes: 238
tot_uptimes_duration: 14220.006079997635
