comms_cons: 257.51393918401345
finished_reconf: true
global_termination_time: 2600878.923
local_termination_time: 911233.6623199995
node_cons: 53512.44232558793
tot_aggregated_send: 35612
tot_msg_rcv: 1183
tot_msg_sent: 2344
tot_reconf_duration: 4.390000000000001
tot_sleeping_duration: 2560918.8926000083
tot_uptimes: 667
tot_uptimes_duration: 39960.03039999161
