comms_cons: 255.66113280335642
finished_reconf: true
global_termination_time: 2555532.805
local_termination_time: 1261595.3493199984
node_cons: 52567.08917999914
tot_aggregated_send: 36250
tot_msg_rcv: 943
tot_msg_sent: 1666
tot_reconf_duration: 18.21
tot_sleeping_duration: 2516292.805
tot_uptimes: 655
tot_uptimes_duration: 39240.0
