comms_cons: 258.98257282004045
finished_reconf: true
global_termination_time: 2555509.133
local_termination_time: 1526157.580119998
node_cons: 52602.04217479342
tot_aggregated_send: 35322
tot_msg_rcv: 1434
tot_msg_sent: 2607
tot_reconf_duration: 25.299999999999997
tot_sleeping_duration: 2516250.2198000043
tot_uptimes: 655
tot_uptimes_duration: 39258.913199995644
