comms_cons: 1.4540031999951968
finished_reconf: true
global_termination_time: 7334.566
local_termination_time: 2357.0330000000017
node_cons: 105.06918000000005
tot_aggregated_send: 0
tot_msg_rcv: 176
tot_msg_sent: 44
tot_reconf_duration: 18.21
tot_sleeping_duration: 7274.566
tot_uptimes: 2
tot_uptimes_duration: 60.0
