comms_cons: 114.10306559699731
finished_reconf: true
global_termination_time: 1163259.357
local_termination_time: 504627.04660000006
node_cons: 23867.511980000032
tot_aggregated_send: 16298
tot_msg_rcv: 393
tot_msg_sent: 652
tot_reconf_duration: 4.8100000000000005
tot_sleeping_duration: 1145439.357
tot_uptimes: 298
tot_uptimes_duration: 17820.0
