comms_cons: 0.8881919999970674
finished_reconf: true
global_termination_time: 8019.012
local_termination_time: 7429.958360000001
node_cons: 169.12675999999914
tot_aggregated_send: 0
tot_msg_rcv: 70
tot_msg_sent: 65
tot_reconf_duration: 6.22
tot_sleeping_duration: 7899.012000000001
tot_uptimes: 3
tot_uptimes_duration: 120.0
