comms_cons: 157.76732159175774
finished_reconf: true
global_termination_time: 1564262.2335999997
local_termination_time: 1564262.1924799997
node_cons: 32187.84742510538
tot_aggregated_send: 21852
tot_msg_rcv: 776
tot_msg_sent: 1352
tot_reconf_duration: 24.59
tot_sleeping_duration: 1540248.4515200108
tot_uptimes: 401
tot_uptimes_duration: 24013.782079989032
