comms_cons: 154.08389119141478
finished_reconf: true
global_termination_time: 1565292.029
local_termination_time: 757075.397
node_cons: 32156.880566701
tot_aggregated_send: 21734
tot_msg_rcv: 567
tot_msg_sent: 1118
tot_reconf_duration: 15.34
tot_sleeping_duration: 1541291.9925200143
tot_uptimes: 401
tot_uptimes_duration: 24000.036479985807
