comms_cons: 153.38088959324438
finished_reconf: true
global_termination_time: 1567556.458
local_termination_time: 558047.7704399985
node_cons: 32223.306505584183
tot_aggregated_send: 21344
tot_msg_rcv: 686
tot_msg_sent: 1283
tot_reconf_duration: 5.1
tot_sleeping_duration: 1543496.427600012
tot_uptimes: 402
tot_uptimes_duration: 24060.030399988173
