comms_cons: 157.7533759865903
finished_reconf: true
global_termination_time: 1565377.084
local_termination_time: 342372.6063600001
node_cons: 32166.799405584246
tot_aggregated_send: 21750
tot_msg_rcv: 790
tot_msg_sent: 1438
tot_reconf_duration: 22.65
tot_sleeping_duration: 1541377.0536000119
tot_uptimes: 401
tot_uptimes_duration: 24000.030399988173
