comms_cons: 154.70393599388558
finished_reconf: true
global_termination_time: 1566624.581
local_termination_time: 927980.2143599999
node_cons: 32231.723403350465
tot_aggregated_send: 22098
tot_msg_rcv: 492
tot_msg_sent: 924
tot_reconf_duration: 11.31
tot_sleeping_duration: 1542564.562760007
tot_uptimes: 402
tot_uptimes_duration: 24060.018239992904
