comms_cons: 149.12017919587262
finished_reconf: true
global_termination_time: 1506050.138
local_termination_time: 1040902.6194799979
node_cons: 30938.4021127172
tot_aggregated_send: 21518
tot_msg_rcv: 390
tot_msg_sent: 757
tot_reconf_duration: 4.390000000000001
tot_sleeping_duration: 1482948.9875200023
tot_uptimes: 386
tot_uptimes_duration: 23101.150479997857
