comms_cons: 96.02360959130975
finished_reconf: true
global_termination_time: 946975.977
local_termination_time: 4975.665
node_cons: 19450.34915342273
tot_aggregated_send: 12638
tot_msg_rcv: 659
tot_msg_sent: 1298
tot_reconf_duration: 5.87
tot_sleeping_duration: 932455.9040400129
tot_uptimes: 243
tot_uptimes_duration: 14520.072959987083
