comms_cons: 72.6948352008829
finished_reconf: true
global_termination_time: 738447.952
local_termination_time: 232931.507
node_cons: 15215.322237527082
tot_aggregated_send: 9915
tot_msg_rcv: 320
tot_msg_sent: 815
tot_reconf_duration: 15.110000000000001
tot_sleeping_duration: 727100.0783199948
tot_uptimes: 190
tot_uptimes_duration: 11347.873680005257
