comms_cons: 71.07509760071298
finished_reconf: true
global_termination_time: 737107.814
local_termination_time: 255535.5706000001
node_cons: 15129.330882242899
tot_aggregated_send: 9860
tot_msg_rcv: 316
tot_msg_sent: 627
tot_reconf_duration: 18.700000000000003
tot_sleeping_duration: 725827.8018399979
tot_uptimes: 189
tot_uptimes_duration: 11280.012160002138
