comms_cons: 73.52976640096443
finished_reconf: true
global_termination_time: 739601.817
local_termination_time: 204464.6931200009
node_cons: 15207.794233681256
tot_aggregated_send: 10266
tot_msg_rcv: 334
tot_msg_sent: 577
tot_reconf_duration: 11.899999999999999
tot_sleeping_duration: 728256.3098799991
tot_uptimes: 190
tot_uptimes_duration: 11345.507120000926
