comms_cons: 127.8015871954318
finished_reconf: true
global_termination_time: 1290568.577
local_termination_time: 436512.8560000009
node_cons: 26516.382640000065
tot_aggregated_send: 18212
tot_msg_rcv: 384
tot_msg_sent: 829
tot_reconf_duration: 3.08
tot_sleeping_duration: 1270768.577
tot_uptimes: 331
tot_uptimes_duration: 19800.0
