comms_cons: 129.34111999280927
finished_reconf: true
global_termination_time: 1291724.765
local_termination_time: 180289.54536000005
node_cons: 26523.186220000036
tot_aggregated_send: 18212
tot_msg_rcv: 526
tot_msg_sent: 921
tot_reconf_duration: 8.09
tot_sleeping_duration: 1271924.765
tot_uptimes: 331
tot_uptimes_duration: 19800.0
