comms_cons: 126.2943231977079
finished_reconf: true
global_termination_time: 1291935.293
local_termination_time: 485989.93136
node_cons: 26518.16161999998
tot_aggregated_send: 18560
tot_msg_rcv: 184
tot_msg_sent: 452
tot_reconf_duration: 4.390000000000001
tot_sleeping_duration: 1272135.293
tot_uptimes: 331
tot_uptimes_duration: 19800.0
