comms_cons: 1.723750399994305
finished_reconf: true
global_termination_time: 13970.723
local_termination_time: 11216.546360000002
node_cons: 247.55198000000178
tot_aggregated_send: 0
tot_msg_rcv: 139
tot_msg_sent: 123
tot_reconf_duration: 4.8100000000000005
tot_sleeping_duration: 13790.723
tot_uptimes: 4
tot_uptimes_duration: 180.0
