comms_cons: 207.2572799889924
finished_reconf: true
global_termination_time: 2086492.051
local_termination_time: 656755.4228399997
node_cons: 42909.14848335003
tot_aggregated_send: 29348
tot_msg_rcv: 758
tot_msg_sent: 1395
tot_reconf_duration: 5.57
tot_sleeping_duration: 2054452.032760007
tot_uptimes: 535
tot_uptimes_duration: 32040.018239992896
