comms_cons: 212.43567358074412
finished_reconf: true
global_termination_time: 2086140.8461200001
local_termination_time: 15321.990480000002
node_cons: 42956.30715638532
tot_aggregated_send: 28536
tot_msg_rcv: 1385
tot_msg_sent: 2367
tot_reconf_duration: 25.299999999999997
tot_sleeping_duration: 2054085.618520011
tot_uptimes: 535
tot_uptimes_duration: 32055.22759998933
