comms_cons: 209.2899583834552
finished_reconf: true
global_termination_time: 2089716.137
local_termination_time: 501971.17340000084
node_cons: 42988.49710893426
tot_aggregated_send: 29058
tot_msg_rcv: 774
tot_msg_sent: 1979
tot_reconf_duration: 4.8100000000000005
tot_sleeping_duration: 2057616.088360019
tot_uptimes: 536
tot_uptimes_duration: 32100.048639981076
