comms_cons: 207.93592958398784
finished_reconf: true
global_termination_time: 2087181.108
local_termination_time: 739380.4713599989
node_cons: 42905.71818223334
tot_aggregated_send: 29000
tot_msg_rcv: 819
tot_msg_sent: 1786
tot_reconf_duration: 3.05
tot_sleeping_duration: 2055141.0958400047
tot_uptimes: 535
tot_uptimes_duration: 32040.01215999527
