comms_cons: 206.54689918302887
finished_reconf: true
global_termination_time: 2086517.018
local_termination_time: 782528.6735599985
node_cons: 42912.18770111653
tot_aggregated_send: 28652
tot_msg_rcv: 786
tot_msg_sent: 1955
tot_reconf_duration: 7.819999999999999
tot_sleeping_duration: 2054477.0119200023
tot_uptimes: 535
tot_uptimes_duration: 32040.006079997635
