comms_cons: 203.3678399896898
finished_reconf: true
global_termination_time: 2086592.905
local_termination_time: 1026648.7407999983
node_cons: 42908.94208111635
tot_aggregated_send: 28768
tot_msg_rcv: 641
tot_msg_sent: 1501
tot_reconf_duration: 5.43
tot_sleeping_duration: 2054552.8989200024
tot_uptimes: 535
tot_uptimes_duration: 32040.006079997635
