comms_cons: 76.6097727988244
finished_reconf: true
global_termination_time: 763598.429
local_termination_time: 14171.200480000001
node_cons: 15691.053603364317
tot_aggregated_send: 10092
tot_msg_rcv: 515
tot_msg_sent: 1037
tot_reconf_duration: 18.21
tot_sleeping_duration: 751898.4107599969
tot_uptimes: 196
tot_uptimes_duration: 11700.018240003206
