comms_cons: 71.82236160072115
finished_reconf: true
global_termination_time: 760766.305
local_termination_time: 363642.22936000006
node_cons: 15592.893941121423
tot_aggregated_send: 10150
tot_msg_rcv: 244
tot_msg_sent: 522
tot_reconf_duration: 5.1
tot_sleeping_duration: 749126.298919999
tot_uptimes: 195
tot_uptimes_duration: 11640.006080001069
