comms_cons: 74.72718080048189
finished_reconf: true
global_termination_time: 764762.936
local_termination_time: 439882.22136
node_cons: 15672.840121121451
tot_aggregated_send: 10556
tot_msg_rcv: 281
tot_msg_sent: 521
tot_reconf_duration: 4.8100000000000005
tot_sleeping_duration: 753062.9299199989
tot_uptimes: 196
tot_uptimes_duration: 11700.006080001069
