comms_cons: 23.21141760032132
finished_reconf: true
global_termination_time: 202307.50836000047
local_termination_time: 202307.46724000046
node_cons: 4178.853987758989
tot_aggregated_send: 1914
tot_msg_rcv: 531
tot_msg_sent: 1081
tot_reconf_duration: 24.59
tot_sleeping_duration: 199211.57052000123
tot_uptimes: 52
tot_uptimes_duration: 3095.9378399992347
