comms_cons: 224.04488318702698
finished_reconf: true
global_termination_time: 2252066.775
local_termination_time: 1251067.9113599998
node_cons: 46281.817902232986
tot_aggregated_send: 31378
tot_msg_rcv: 866
tot_msg_sent: 1811
tot_reconf_duration: 4.390000000000001
tot_sleeping_duration: 2217506.7628400046
tot_uptimes: 577
tot_uptimes_duration: 34560.01215999527
