comms_cons: 69.85995519805265
finished_reconf: true
global_termination_time: 692877.7302400001
local_termination_time: 162507.35848000005
node_cons: 14249.047152719773
tot_aggregated_send: 9512
tot_msg_rcv: 404
tot_msg_sent: 701
tot_reconf_duration: 6.22
tot_sleeping_duration: 682242.4797600002
tot_uptimes: 178
tot_uptimes_duration: 10635.250479999815
