comms_cons: 138.9859263862662
finished_reconf: true
global_termination_time: 1396593.466
local_termination_time: 141214.17068000027
node_cons: 28689.009188962304
tot_aggregated_send: 17980
tot_msg_rcv: 1106
tot_msg_sent: 2038
tot_reconf_duration: 5.57
tot_sleeping_duration: 1375173.4173599984
tot_uptimes: 358
tot_uptimes_duration: 21420.04864000168
