comms_cons: 139.47246079015892
finished_reconf: true
global_termination_time: 1396313.908
local_termination_time: 313675.37236000097
node_cons: 28700.27777310659
tot_aggregated_send: 18386
tot_msg_rcv: 1115
tot_msg_sent: 1698
tot_reconf_duration: 9.11
tot_sleeping_duration: 1374889.03392001
tot_uptimes: 358
tot_uptimes_duration: 21424.874079989968
