comms_cons: 146.28506878568382
finished_reconf: true
global_termination_time: 1393755.22612
local_termination_time: 2928.8738400000007
node_cons: 28633.450553114355
tot_aggregated_send: 17980
tot_msg_rcv: 1589
tot_msg_sent: 2668
tot_reconf_duration: 7.819999999999999
tot_sleeping_duration: 1372378.9520400043
tot_uptimes: 357
tot_uptimes_duration: 21376.274079995754
