comms_cons: 13.995385599599597
finished_reconf: true
global_termination_time: 99669.85807999958
local_termination_time: 38572.53100000009
node_cons: 2089.3972247163347
tot_aggregated_send: 580
tot_msg_rcv: 650
tot_msg_sent: 897
tot_reconf_duration: 15.34
tot_sleeping_duration: 98124.99960000232
tot_uptimes: 26
tot_uptimes_duration: 1544.8584799972668
