comms_cons: 12.752793599873847
finished_reconf: true
global_termination_time: 103079.053
local_termination_time: 52547.40936000001
node_cons: 2109.3838033574543
tot_aggregated_send: 812
tot_msg_rcv: 441
tot_msg_sent: 686
tot_reconf_duration: 15.110000000000001
tot_sleeping_duration: 101519.0347600019
tot_uptimes: 27
tot_uptimes_duration: 1560.0182399980986
