comms_cons: 13.389401599695812
finished_reconf: true
global_termination_time: 99920.147
local_termination_time: 59578.98548000001
node_cons: 2021.3086422382994
tot_aggregated_send: 696
tot_msg_rcv: 589
tot_msg_sent: 752
tot_reconf_duration: 9.42
tot_sleeping_duration: 98420.13484000126
tot_uptimes: 26
tot_uptimes_duration: 1500.0121599987324
