comms_cons: 232.32882559774941
finished_reconf: true
global_termination_time: 2305019.541
local_termination_time: 1118510.79436
node_cons: 47409.14452223312
tot_aggregated_send: 32016
tot_msg_rcv: 1090
tot_msg_sent: 2207
tot_reconf_duration: 6.279999999999999
tot_sleeping_duration: 2269619.528840005
tot_uptimes: 591
tot_uptimes_duration: 35400.01215999527
