comms_cons: 227.2808191954344
finished_reconf: true
global_termination_time: 2302951.68
local_termination_time: 1318441.8091599983
node_cons: 47338.144859999324
tot_aggregated_send: 33292
tot_msg_rcv: 395
tot_msg_sent: 858
tot_reconf_duration: 13.17
tot_sleeping_duration: 2267611.68
tot_uptimes: 590
tot_uptimes_duration: 35340.0
