comms_cons: 234.10534399437486
finished_reconf: true
global_termination_time: 2300853.248119989
local_termination_time: 42110.64360000002
node_cons: 47399.955356369996
tot_aggregated_send: 31726
tot_msg_rcv: 1474
tot_msg_sent: 2382
tot_reconf_duration: 7.819999999999999
tot_sleeping_duration: 2265461.660520011
tot_uptimes: 590
tot_uptimes_duration: 35391.587599978026
