comms_cons: 1110.7145787610068
finished_reconf: true
global_termination_time: 2300853.2536
local_termination_time: 2300853.2124799998
node_cons: 139315.46965581572
tot_aggregated_send: 0
tot_msg_rcv: 68331
tot_msg_sent: 100491
tot_reconf_duration: 24.59
tot_sleeping_duration: 2196833.7790400144
tot_uptimes: 1699
tot_uptimes_duration: 104019.4745599853
