comms_cons: 232.15267838451908
finished_reconf: true
global_termination_time: 2304085.603
local_termination_time: 124254.40259999996
node_cons: 47408.02278670042
tot_aggregated_send: 32132
tot_msg_rcv: 1062
tot_msg_sent: 2091
tot_reconf_duration: 5.43
tot_sleeping_duration: 2268685.5665200143
tot_uptimes: 591
tot_uptimes_duration: 35400.03647998581
