comms_cons: 88.57576959498654
finished_reconf: true
global_termination_time: 889107.123
local_termination_time: 625703.2563599999
node_cons: 18255.073001116914
tot_aggregated_send: 12354
tot_msg_rcv: 363
tot_msg_sent: 746
tot_reconf_duration: 13.17
tot_sleeping_duration: 875487.1169200024
tot_uptimes: 228
tot_uptimes_duration: 13620.006079997635
