comms_cons: 179.28319999215327
finished_reconf: true
global_termination_time: 1850664.675
local_termination_time: 4300.699
node_cons: 38007.03960559778
tot_aggregated_send: 25631
tot_msg_rcv: 581
tot_msg_sent: 1038
tot_reconf_duration: 4.55
tot_sleeping_duration: 1822284.6446000016
tot_uptimes: 474
tot_uptimes_duration: 28380.030399998475
