comms_cons: 173.87509759238532
finished_reconf: true
global_termination_time: 1848868.43
local_termination_time: 4727.024
node_cons: 38015.244593420204
tot_aggregated_send: 24407
tot_msg_rcv: 671
tot_msg_sent: 1350
tot_reconf_duration: 10.55
tot_sleeping_duration: 1820488.3570400146
tot_uptimes: 474
tot_uptimes_duration: 28380.07295998535
