comms_cons: 469.5960064959483
finished_reconf: true
global_termination_time: 4669494.655
local_termination_time: 1708918.2459999998
node_cons: 96013.43072765956
tot_aggregated_send: 65192
tot_msg_rcv: 2095
tot_msg_sent: 4088
tot_reconf_duration: 4.390000000000001
tot_sleeping_duration: 4597793.781880014
tot_uptimes: 1196
tot_uptimes_duration: 71700.87311998685
