comms_cons: 467.9165504718675
finished_reconf: true
global_termination_time: 4673024.354
local_termination_time: 1077930.06436
node_cons: 96095.1763122837
tot_aggregated_send: 64786
tot_msg_rcv: 2089
tot_msg_sent: 4245
tot_reconf_duration: 6.22
tot_sleeping_duration: 4601264.287120026
tot_uptimes: 1197
tot_uptimes_duration: 71760.06687997491
