comms_cons: 458.8320573929524
finished_reconf: true
global_termination_time: 951075.6395999998
local_termination_time: 951075.5984799998
node_cons: 57624.70980799065
tot_aggregated_send: 0
tot_msg_rcv: 28189
tot_msg_sent: 41551
tot_reconf_duration: 24.59
tot_sleeping_duration: 908064.9476000061
tot_uptimes: 706
tot_uptimes_duration: 43010.69199999372
