comms_cons: 95.7549311985331
finished_reconf: true
global_termination_time: 952472.126
local_termination_time: 315860.655
node_cons: 19553.423690399235
tot_aggregated_send: 13106
tot_msg_rcv: 480
tot_msg_sent: 969
tot_reconf_duration: 22.65
tot_sleeping_duration: 937892.0924000007
tot_uptimes: 244
tot_uptimes_duration: 14580.033599999384
