comms_cons: 102.07516159017145
finished_reconf: true
global_termination_time: 955975.095
local_termination_time: 654595.7104399995
node_cons: 19610.382786719325
tot_aggregated_send: 12238
tot_msg_rcv: 1358
tot_msg_sent: 1918
tot_reconf_duration: 5.43
tot_sleeping_duration: 941335.0585200004
tot_uptimes: 245
tot_uptimes_duration: 14640.036479999544
