comms_cons: 65.73341439972114
finished_reconf: true
global_termination_time: 644963.3894799999
local_termination_time: 644963.34836
node_cons: 13307.876083200943
tot_aggregated_send: 8802
tot_msg_rcv: 423
tot_msg_sent: 766
tot_reconf_duration: 24.59
tot_sleeping_duration: 635049.6606799993
tot_uptimes: 166
tot_uptimes_duration: 9913.728800000681
