comms_cons: 65.36435199940497
finished_reconf: true
global_termination_time: 651150.447
local_termination_time: 577312.1243599999
node_cons: 13342.971980000095
tot_aggregated_send: 8816
tot_msg_rcv: 412
tot_msg_sent: 707
tot_reconf_duration: 4.8100000000000005
tot_sleeping_duration: 641190.447
tot_uptimes: 167
tot_uptimes_duration: 9960.0
