comms_cons: 44.28459520121757
finished_reconf: true
global_termination_time: 427117.19
local_termination_time: 172684.50252000082
node_cons: 8767.687701121411
tot_aggregated_send: 5452
tot_msg_rcv: 415
tot_msg_sent: 864
tot_reconf_duration: 7.819999999999999
tot_sleeping_duration: 420577.18391999893
tot_uptimes: 110
tot_uptimes_duration: 6540.006080001069
