comms_cons: 70.96284159999827
finished_reconf: true
global_termination_time: 681614.601
local_termination_time: 371106.84236
node_cons: 13986.110223364281
tot_aggregated_send: 8642
tot_msg_rcv: 692
tot_msg_sent: 1451
tot_reconf_duration: 5.1
tot_sleeping_duration: 671174.5827599968
tot_uptimes: 175
tot_uptimes_duration: 10440.018240003206
