comms_cons: 136.83278717933155
finished_reconf: true
global_termination_time: 680049.021
local_termination_time: 1232.8573600000004
node_cons: 13985.129761119171
tot_aggregated_send: 0
tot_msg_rcv: 10693
tot_msg_sent: 10101
tot_reconf_duration: 4.390000000000001
tot_sleeping_duration: 669609.0149200006
tot_uptimes: 175
tot_uptimes_duration: 10440.006079999366
