comms_cons: 742.0614082250607
finished_reconf: true
global_termination_time: 7344337.379
local_termination_time: 7976.739960000001
node_cons: 151064.03501452712
tot_aggregated_send: 101094
tot_msg_rcv: 4055
tot_msg_sent: 7640
tot_reconf_duration: 18.21
tot_sleeping_duration: 7231537.29996002
tot_uptimes: 1881
tot_uptimes_duration: 112800.07903997925
