comms_cons: 2807.0050055605234
finished_reconf: true
global_termination_time: 7345964.758
local_termination_time: 2892492.4974800004
node_cons: 446129.8520152535
tot_aggregated_send: 0
tot_msg_rcv: 172333
tot_msg_sent: 254316
tot_reconf_duration: 5.57
tot_sleeping_duration: 7012789.038840026
tot_uptimes: 5464
tot_uptimes_duration: 333175.71915997507
