comms_cons: 734.0264961609291
finished_reconf: true
global_termination_time: 7346400.571
local_termination_time: 615528.9166799985
node_cons: 151125.59117228165
tot_aggregated_send: 102486
tot_msg_rcv: 2804
tot_msg_sent: 6277
tot_reconf_duration: 4.390000000000001
tot_sleeping_duration: 7233540.504120025
tot_uptimes: 1882
tot_uptimes_duration: 112860.06687997514
