comms_cons: 731.01900175119
finished_reconf: true
global_termination_time: 7344559.014
local_termination_time: 888949.0737199998
node_cons: 151043.431452282
tot_aggregated_send: 102370
tot_msg_rcv: 2868
tot_msg_sent: 5872
tot_reconf_duration: 3.05
tot_sleeping_duration: 7231758.947120025
tot_uptimes: 1881
tot_uptimes_duration: 112800.06687997538
