comms_cons: 249.70589439958718
finished_reconf: true
global_termination_time: 2510484.1671199966
local_termination_time: 87018.25747999942
node_cons: 51629.40403302782
tot_aggregated_send: 35148
tot_msg_rcv: 903
tot_msg_sent: 1901
tot_reconf_duration: 22.65
tot_sleeping_duration: 2471948.9577600053
tot_uptimes: 643
tot_uptimes_duration: 38535.209359991466
