comms_cons: 250.57296639136467
finished_reconf: true
global_termination_time: 2512888.161
local_termination_time: 386698.79636000004
node_cons: 51664.59790223315
tot_aggregated_send: 34974
tot_msg_rcv: 1077
tot_msg_sent: 2034
tot_reconf_duration: 4.390000000000001
tot_sleeping_duration: 2474308.148840004
tot_uptimes: 644
tot_uptimes_duration: 38580.0121599955
