comms_cons: 11.10689279986113
finished_reconf: true
global_termination_time: 92859.625
local_termination_time: 47636.64148000001
node_cons: 1856.3808044788832
tot_aggregated_send: 580
tot_msg_rcv: 441
tot_msg_sent: 669
tot_reconf_duration: 6.279999999999999
tot_sleeping_duration: 91479.60068000083
tot_uptimes: 24
tot_uptimes_duration: 1380.0243199991673
