comms_cons: 79.98745599810266
finished_reconf: true
global_termination_time: 800117.19
local_termination_time: 67455.75499999974
node_cons: 16414.121744481155
tot_aggregated_send: 10556
tot_msg_rcv: 502
tot_msg_sent: 1099
tot_reconf_duration: 18.21
tot_sleeping_duration: 787877.165679999
tot_uptimes: 205
tot_uptimes_duration: 12240.02432000084
