comms_cons: 232.0089087277216
finished_reconf: true
global_termination_time: 795343.526
local_termination_time: 316687.3927200001
node_cons: 32491.835883000178
tot_aggregated_send: 0
tot_msg_rcv: 11831
tot_msg_sent: 23432
tot_reconf_duration: 11.31
tot_sleeping_duration: 771089.2489999998
tot_uptimes: 403
tot_uptimes_duration: 24254.277000000096
