comms_cons: 134.30775039357206
finished_reconf: true
global_termination_time: 1357730.589
local_termination_time: 308994.44836000004
node_cons: 27895.929988948476
tot_aggregated_send: 18270
tot_msg_rcv: 692
tot_msg_sent: 1451
tot_reconf_duration: 13.17
tot_sleeping_duration: 1336910.5403600086
tot_uptimes: 348
tot_uptimes_duration: 20820.04863999138
