comms_cons: 132.46091519343713
finished_reconf: true
global_termination_time: 1355676.228
local_termination_time: 894726.2814799998
node_cons: 27898.531944467202
tot_aggregated_send: 18270
tot_msg_rcv: 629
tot_msg_sent: 1236
tot_reconf_duration: 15.110000000000001
tot_sleeping_duration: 1334856.2036800096
tot_uptimes: 348
tot_uptimes_duration: 20820.02431999042
