comms_cons: 131.21619199644374
finished_reconf: true
global_termination_time: 1354533.554
local_termination_time: 706975.9924799999
node_cons: 27813.81648223374
tot_aggregated_send: 18676
tot_msg_rcv: 463
tot_msg_sent: 805
tot_reconf_duration: 11.899999999999999
tot_sleeping_duration: 1333773.5418400047
tot_uptimes: 347
tot_uptimes_duration: 20760.01215999527
