comms_cons: 138.9379519817076
finished_reconf: true
global_termination_time: 1357441.95
local_termination_time: 225356.08804000076
node_cons: 27884.5771089393
tot_aggregated_send: 17574
tot_msg_rcv: 1153
tot_msg_sent: 2391
tot_reconf_duration: 4.8100000000000005
tot_sleeping_duration: 1336621.9013600154
tot_uptimes: 348
tot_uptimes_duration: 20820.04863998451
