comms_cons: 58.20618240130862
finished_reconf: true
global_termination_time: 568813.923
local_termination_time: 410730.4483200002
node_cons: 11657.763042242837
tot_aggregated_send: 7308
tot_msg_rcv: 594
tot_msg_sent: 945
tot_reconf_duration: 6.22
tot_sleeping_duration: 560113.9108399978
tot_uptimes: 146
tot_uptimes_duration: 8700.012160002138
