comms_cons: 43.23850240014346
finished_reconf: true
global_termination_time: 439410.715
local_termination_time: 6520.073
node_cons: 9006.067742241732
tot_aggregated_send: 6316
tot_msg_rcv: 80
tot_msg_sent: 176
tot_reconf_duration: 5.87
tot_sleeping_duration: 432690.70283999876
tot_uptimes: 113
tot_uptimes_duration: 6720.012160001286
