comms_cons: 43.855795200326874
finished_reconf: true
global_termination_time: 437809.7143200007
local_termination_time: 6400.999
node_cons: 9078.204130721599
tot_aggregated_send: 6252
tot_msg_rcv: 142
tot_msg_sent: 270
tot_reconf_duration: 11.719999999999999
tot_sleeping_duration: 431041.7618399995
tot_uptimes: 113
tot_uptimes_duration: 6767.952480001186
