comms_cons: 135.00323837824658
finished_reconf: true
global_termination_time: 681254.4675999999
local_termination_time: 91.61704000000007
node_cons: 14024.458469521309
tot_aggregated_send: 0
tot_msg_rcv: 10430
tot_msg_sent: 10087
tot_reconf_duration: 18.21
tot_sleeping_duration: 670799.105919999
tot_uptimes: 175
tot_uptimes_duration: 10455.361680000962
