comms_cons: 68.82903039659047
finished_reconf: true
global_termination_time: 681706.52
local_termination_time: 279235.0772800004
node_cons: 13986.73220112146
tot_aggregated_send: 9280
tot_msg_rcv: 372
tot_msg_sent: 809
tot_reconf_duration: 5.57
tot_sleeping_duration: 671266.5139199989
tot_uptimes: 175
tot_uptimes_duration: 10440.006080001069
