comms_cons: 0.6644992000014818
finished_reconf: true
global_termination_time: 6554.469000000001
local_termination_time: 1294.4633600000002
node_cons: 105.06918000000005
tot_aggregated_send: 0
tot_msg_rcv: 59
tot_msg_sent: 41
tot_reconf_duration: 18.21
tot_sleeping_duration: 6494.469000000001
tot_uptimes: 2
tot_uptimes_duration: 60.00000000000091
