comms_cons: 0.7697663999995885
finished_reconf: true
global_termination_time: 5309.438
local_termination_time: 490.39935999999994
node_cons: 87.26579999999996
tot_aggregated_send: 0
tot_msg_rcv: 63
tot_msg_sent: 54
tot_reconf_duration: 5.1
tot_sleeping_duration: 5249.438
tot_uptimes: 2
tot_uptimes_duration: 59.99999999999994
