comms_cons: 0.6381823999978941
finished_reconf: true
global_termination_time: 5940.149
local_termination_time: 2172.3493600000006
node_cons: 114.69740000000024
tot_aggregated_send: 0
tot_msg_rcv: 62
tot_msg_sent: 34
tot_reconf_duration: 25.299999999999997
tot_sleeping_duration: 5880.149
tot_uptimes: 2
tot_uptimes_duration: 60.0
