comms_cons: 77.31688959988527
finished_reconf: true
global_termination_time: 160690.9487200002
local_termination_time: 1789.3240400000016
node_cons: 9680.221973439751
tot_aggregated_send: 0
tot_msg_rcv: 4804
tot_msg_sent: 6947
tot_reconf_duration: 18.21
tot_sleeping_duration: 153479.97576000038
tot_uptimes: 118
tot_uptimes_duration: 7210.972959999806
