comms_cons: 57.54888960090017
finished_reconf: true
global_termination_time: 565892.149
local_termination_time: 319541.9892400009
node_cons: 11578.615287846935
tot_aggregated_send: 7598
tot_msg_rcv: 398
tot_msg_sent: 751
tot_reconf_duration: 6.22
tot_sleeping_duration: 557251.2464399948
tot_uptimes: 145
tot_uptimes_duration: 8640.902560005197
