comms_cons: 178.11770878603406
finished_reconf: true
global_termination_time: 1799839.644
local_termination_time: 655409.9133599999
node_cons: 36987.1831233504
tot_aggregated_send: 23896
tot_msg_rcv: 1156
tot_msg_sent: 2021
tot_reconf_duration: 22.65
tot_sleeping_duration: 1772239.6257600072
tot_uptimes: 461
tot_uptimes_duration: 27600.018239992904
