comms_cons: 374.00856929226177
finished_reconf: true
global_termination_time: 2532861.964
local_termination_time: 1065194.2362799994
node_cons: 52066.87640334979
tot_aggregated_send: 0
tot_msg_rcv: 28596
tot_msg_sent: 28251
tot_reconf_duration: 4.8100000000000005
tot_sleeping_duration: 2493981.9457600075
tot_uptimes: 649
tot_uptimes_duration: 38880.0182399929
