comms_cons: 373.2423676928404
finished_reconf: true
global_termination_time: 2532975.804
local_termination_time: 1066246.9393599997
node_cons: 52064.47818223262
tot_aggregated_send: 0
tot_msg_rcv: 28527
tot_msg_sent: 28204
tot_reconf_duration: 3.05
tot_sleeping_duration: 2494095.7918400047
tot_uptimes: 649
tot_uptimes_duration: 38880.01215999527
