comms_cons: 133.03831039157325
finished_reconf: true
global_termination_time: 1311608.4344799998
local_termination_time: 1311608.3933599999
node_cons: 26983.126348785125
tot_aggregated_send: 17954
tot_msg_rcv: 799
tot_msg_sent: 1467
tot_reconf_duration: 37.410000000000004
tot_sleeping_duration: 1291494.675280011
tot_uptimes: 336
tot_uptimes_duration: 20113.759199988854
