comms_cons: 129.30227199669423
finished_reconf: true
global_termination_time: 1314755.967
local_termination_time: 571993.966
node_cons: 27015.425666394414
tot_aggregated_send: 18963
tot_msg_rcv: 178
tot_msg_sent: 513
tot_reconf_duration: 15.110000000000001
tot_sleeping_duration: 1294595.4694000043
tot_uptimes: 337
tot_uptimes_duration: 20160.49759999581
