comms_cons: 135.32038399154132
finished_reconf: true
global_termination_time: 1314403.546
local_termination_time: 380966.69736000005
node_cons: 27000.837108939297
tot_aggregated_send: 17690
tot_msg_rcv: 1103
tot_msg_sent: 1774
tot_reconf_duration: 4.8100000000000005
tot_sleeping_duration: 1294243.4973600155
tot_uptimes: 337
tot_uptimes_duration: 20160.04863998451
