comms_cons: 134.4383999932303
finished_reconf: true
global_termination_time: 1312781.804
local_termination_time: 468038.1898400006
node_cons: 27009.639685584196
tot_aggregated_send: 18096
tot_msg_rcv: 946
tot_msg_sent: 1391
tot_reconf_duration: 11.31
tot_sleeping_duration: 1292621.7736000118
tot_uptimes: 337
tot_uptimes_duration: 20160.030399988173
