comms_cons: 78.34511360070688
finished_reconf: true
global_termination_time: 787896.751
local_termination_time: 326267.96484000015
node_cons: 16173.069180000053
tot_aggregated_send: 11194
tot_msg_rcv: 267
tot_msg_sent: 447
tot_reconf_duration: 18.21
tot_sleeping_duration: 775836.751
tot_uptimes: 202
tot_uptimes_duration: 12060.0
