comms_cons: 59.167372799206134
finished_reconf: true
global_termination_time: 595741.6938399987
local_termination_time: 595741.6527199987
node_cons: 12302.84025087975
tot_aggregated_send: 8454
tot_msg_rcv: 156
tot_msg_sent: 383
tot_reconf_duration: 24.59
tot_sleeping_duration: 586578.5519199988
tot_uptimes: 153
tot_uptimes_duration: 9163.14191999979
