comms_cons: 59.76545280042983
finished_reconf: true
global_termination_time: 596289.56
local_termination_time: 493987.90136
node_cons: 12217.641619999957
tot_aggregated_send: 7888
tot_msg_rcv: 384
tot_msg_sent: 812
tot_reconf_duration: 4.390000000000001
tot_sleeping_duration: 587169.56
tot_uptimes: 153
tot_uptimes_duration: 9120.0
