comms_cons: 228.8122431849374
finished_reconf: true
global_termination_time: 2272306.471
local_termination_time: 579224.7555999989
node_cons: 46686.05188893423
tot_aggregated_send: 30972
tot_msg_rcv: 1186
tot_msg_sent: 2621
tot_reconf_duration: 6.22
tot_sleeping_duration: 2237446.422360019
tot_uptimes: 582
tot_uptimes_duration: 34860.048639981076
