comms_cons: 290.7624191921655
finished_reconf: true
global_termination_time: 2953669.574
local_termination_time: 1196264.82036
node_cons: 60745.60080447081
tot_aggregated_send: 41064
tot_msg_rcv: 920
tot_msg_sent: 2212
tot_reconf_duration: 6.279999999999999
tot_sleeping_duration: 2908309.549680006
tot_uptimes: 757
tot_uptimes_duration: 45360.02431999397
