comms_cons: 580.096006793827
finished_reconf: true
global_termination_time: 2951829.195
local_termination_time: 872.4230399999994
node_cons: 60665.17118334966
tot_aggregated_send: 0
tot_msg_rcv: 44372
tot_msg_sent: 43796
tot_reconf_duration: 6.22
tot_sleeping_duration: 2906529.1767600067
tot_uptimes: 756
tot_uptimes_duration: 45300.01823999314
