comms_cons: 1426.3487241699993
finished_reconf: true
global_termination_time: 2949445.3995999997
local_termination_time: 2949445.3584799995
node_cons: 179110.68601956952
tot_aggregated_send: 0
tot_msg_rcv: 87585
tot_msg_sent: 129212
tot_reconf_duration: 24.59
tot_sleeping_duration: 2815705.8232000177
tot_uptimes: 2190
tot_uptimes_duration: 133739.57639998192
