comms_cons: 15.594585599704729
finished_reconf: true
global_termination_time: 139047.34724000032
local_termination_time: 46508.37092000006
node_cons: 2882.753123838193
tot_aggregated_send: 986
tot_msg_rcv: 464
tot_msg_sent: 920
tot_reconf_duration: 18.21
tot_sleeping_duration: 136912.90068000165
tot_uptimes: 36
tot_uptimes_duration: 2134.4465599986506
