comms_cons: 13.244556799824801
finished_reconf: true
global_termination_time: 139977.637
local_termination_time: 73805.682
node_cons: 2826.322625117485
tot_aggregated_send: 1334
tot_msg_rcv: 209
tot_msg_sent: 470
tot_reconf_duration: 6.279999999999999
tot_sleeping_duration: 137873.23492000185
tot_uptimes: 36
tot_uptimes_duration: 2104.4020799981226
