comms_cons: 15.113190399973973
finished_reconf: true
global_termination_time: 142114.564
local_termination_time: 11956.605680000004
node_cons: 2898.796403359454
tot_aggregated_send: 1218
tot_msg_rcv: 373
tot_msg_sent: 708
tot_reconf_duration: 4.8100000000000005
tot_sleeping_duration: 139954.54576000042
tot_uptimes: 37
tot_uptimes_duration: 2160.01823999959
