comms_cons: 14.730828799816607
finished_reconf: true
global_termination_time: 142210.877
local_termination_time: 47821.98720000013
node_cons: 2907.631544477743
tot_aggregated_send: 1334
tot_msg_rcv: 328
tot_msg_sent: 577
tot_reconf_duration: 11.31
tot_sleeping_duration: 140050.8526800017
tot_uptimes: 37
tot_uptimes_duration: 2160.024319998316
