comms_cons: 198.06086399135333
finished_reconf: true
global_termination_time: 1986545.543
local_termination_time: 1460800.5423599998
node_cons: 40821.19118335015
tot_aggregated_send: 26796
tot_msg_rcv: 1096
tot_msg_sent: 2213
tot_reconf_duration: 6.22
tot_sleeping_duration: 1956065.5247600074
tot_uptimes: 509
tot_uptimes_duration: 30480.018239992896
