comms_cons: 389.32981727372646
finished_reconf: true
global_termination_time: 1981470.7245599995
local_termination_time: 1451.4386000000004
node_cons: 40779.584149194234
tot_aggregated_send: 0
tot_msg_rcv: 29753
tot_msg_sent: 29421
tot_reconf_duration: 11.31
tot_sleeping_duration: 1951026.9417600036
tot_uptimes: 508
tot_uptimes_duration: 30443.78279999591
