comms_cons: 126.33940479518826
finished_reconf: true
global_termination_time: 1257976.282
local_termination_time: 461083.01936000003
node_cons: 25876.036403350692
tot_aggregated_send: 17632
tot_msg_rcv: 525
tot_msg_sent: 1045
tot_reconf_duration: 4.8100000000000005
tot_sleeping_duration: 1238656.263760007
tot_uptimes: 323
tot_uptimes_duration: 19320.01823999302
