comms_cons: 125.45939199147573
finished_reconf: true
global_termination_time: 1256881.042
local_termination_time: 1159367.5939199983
node_cons: 25793.29818223345
tot_aggregated_send: 17400
tot_msg_rcv: 576
tot_msg_sent: 1094
tot_reconf_duration: 3.05
tot_sleeping_duration: 1237621.0298400046
tot_uptimes: 322
tot_uptimes_duration: 19260.01215999527
