comms_cons: 61.43472640382073
finished_reconf: true
global_termination_time: 457760.8689600001
local_termination_time: 457760.8689600001
node_cons: 9518.589840187098
tot_aggregated_send: 2758
tot_msg_rcv: 2434
tot_msg_sent: 4147
tot_reconf_duration: 37.410000000000004
tot_sleeping_duration: 450690.07951997983
tot_uptimes: 118
tot_uptimes_duration: 7070.789440020228
