comms_cons: 262.9723776170103
finished_reconf: true
global_termination_time: 2808842.113
local_termination_time: 4667.452
node_cons: 57852.77145999896
tot_aggregated_send: 39318
tot_msg_rcv: 190
tot_msg_sent: 463
tot_reconf_duration: 5.87
tot_sleeping_duration: 2765642.113
tot_uptimes: 720
tot_uptimes_duration: 43200.0
