comms_cons: 41.094937600024686
finished_reconf: true
global_termination_time: 411957.1790800006
local_termination_time: 411957.1379600006
node_cons: 8529.683291361436
tot_aggregated_send: 5786
tot_msg_rcv: 132
tot_msg_sent: 328
tot_reconf_duration: 24.59
tot_sleeping_duration: 405611.92883999954
tot_uptimes: 106
tot_uptimes_duration: 6345.250240001056
