comms_cons: 45.93500160019311
finished_reconf: true
global_termination_time: 467849.3708400007
local_termination_time: 230085.7443600005
node_cons: 9625.554269760918
tot_aggregated_send: 6728
tot_msg_rcv: 50
tot_msg_sent: 202
tot_reconf_duration: 4.8100000000000005
tot_sleeping_duration: 460665.635
tot_uptimes: 120
tot_uptimes_duration: 7183.735840000678
