comms_cons: 59.96940800064091
finished_reconf: true
global_termination_time: 596619.137
local_termination_time: 20000.980040000006
node_cons: 12215.82190000002
tot_aggregated_send: 8352
tot_msg_rcv: 300
tot_msg_sent: 463
tot_reconf_duration: 3.05
tot_sleeping_duration: 587499.137
tot_uptimes: 153
tot_uptimes_duration: 9120.0
