comms_cons: 59.804927998671864
finished_reconf: true
global_termination_time: 592637.713
local_termination_time: 176276.46660000007
node_cons: 12141.99212448111
tot_aggregated_send: 8120
tot_msg_rcv: 334
tot_msg_sent: 636
tot_reconf_duration: 7.819999999999999
tot_sleeping_duration: 583577.6886799991
tot_uptimes: 152
tot_uptimes_duration: 9060.02432000084
