comms_cons: 113.12934399818526
finished_reconf: true
global_termination_time: 1149444.717
local_termination_time: 5751.423
node_cons: 23636.584622237035
tot_aggregated_send: 16749
tot_msg_rcv: 176
tot_msg_sent: 270
tot_reconf_duration: 12.23
tot_sleeping_duration: 1131804.704840002
tot_uptimes: 295
tot_uptimes_duration: 17640.012159997757
