comms_cons: 419.8331328223124
finished_reconf: true
global_termination_time: 4262584.875
local_termination_time: 2949496.851759998
node_cons: 87685.32182334855
tot_aggregated_send: 58986
tot_msg_rcv: 1710
tot_msg_sent: 3116
tot_reconf_duration: 25.299999999999997
tot_sleeping_duration: 4197124.856760006
tot_uptimes: 1092
tot_uptimes_duration: 65460.01823999337
