comms_cons: 426.255801664742
finished_reconf: true
global_termination_time: 4260568.857
local_termination_time: 1045422.48136
node_cons: 87663.78120669999
tot_aggregated_send: 58580
tot_msg_rcv: 2078
tot_msg_sent: 4130
tot_reconf_duration: 9.42
tot_sleeping_duration: 4195108.820520014
tot_uptimes: 1092
tot_uptimes_duration: 65460.03647998674
