comms_cons: 426.5513280567894
finished_reconf: true
global_termination_time: 4261185.185
local_termination_time: 632798.2980000001
node_cons: 87656.95860781646
tot_aggregated_send: 59851
tot_msg_rcv: 1780
tot_msg_sent: 3202
tot_reconf_duration: 4.390000000000001
tot_sleeping_duration: 4195725.142440015
tot_uptimes: 1092
tot_uptimes_duration: 65460.04255998414
