comms_cons: 330.4096509453726
finished_reconf: true
global_termination_time: 2076234.447
local_termination_time: 461036.9544800001
node_cons: 42667.08012112105
tot_aggregated_send: 0
tot_msg_rcv: 25330
tot_msg_sent: 24888
tot_reconf_duration: 4.8100000000000005
tot_sleeping_duration: 2044374.440919999
tot_uptimes: 532
tot_uptimes_duration: 31860.00608000107
