comms_cons: 34.297369599994056
finished_reconf: true
global_termination_time: 351983.856
local_termination_time: 58815.662440000044
node_cons: 7234.741900000013
tot_aggregated_send: 4872
tot_msg_rcv: 107
tot_msg_sent: 234
tot_reconf_duration: 3.05
tot_sleeping_duration: 346583.856
tot_uptimes: 91
tot_uptimes_duration: 5400.0
