comms_cons: 149.23004158965918
finished_reconf: true
global_termination_time: 1478893.026
local_termination_time: 1126260.3573599998
node_cons: 30375.926504467287
tot_aggregated_send: 20532
tot_msg_rcv: 759
tot_msg_sent: 1391
tot_reconf_duration: 5.43
tot_sleeping_duration: 1456213.0016800095
tot_uptimes: 379
tot_uptimes_duration: 22680.024319990538
