comms_cons: 67.55522559826797
finished_reconf: true
global_termination_time: 667317.504
local_termination_time: 208384.73748000007
node_cons: 13683.21902335513
tot_aggregated_send: 8990
tot_msg_rcv: 419
tot_msg_sent: 859
tot_reconf_duration: 18.700000000000003
tot_sleeping_duration: 657117.4857600037
tot_uptimes: 171
tot_uptimes_duration: 10200.018239996338
