comms_cons: 69.00922879739747
finished_reconf: true
global_termination_time: 666816.41
local_termination_time: 379696.69336000003
node_cons: 13663.777902238222
tot_aggregated_send: 8932
tot_msg_rcv: 629
tot_msg_sent: 928
tot_reconf_duration: 4.390000000000001
tot_sleeping_duration: 656616.3978400014
tot_uptimes: 171
tot_uptimes_duration: 10200.012159998703
