comms_cons: 12.780339200659112
finished_reconf: true
global_termination_time: 200154.951
local_termination_time: 1788.15712
node_cons: 4101.109801119729
tot_aggregated_send: 0
tot_msg_rcv: 108
tot_msg_sent: 1834
tot_reconf_duration: 2.77
tot_sleeping_duration: 197094.9449200002
tot_uptimes: 52
tot_uptimes_duration: 3060.0060799997955
