comms_cons: 326.80860163037096
finished_reconf: true
global_termination_time: 3235999.645
local_termination_time: 2179358.8543599998
node_cons: 66552.29498223244
tot_aggregated_send: 44892
tot_msg_rcv: 1667
tot_msg_sent: 3114
tot_reconf_duration: 22.65
tot_sleeping_duration: 3186319.6328400043
tot_uptimes: 829
tot_uptimes_duration: 49680.0121599955
