comms_cons: 326.8026496293573
finished_reconf: true
global_termination_time: 3233831.760119997
local_termination_time: 130530.18771999994
node_cons: 66550.4461374974
tot_aggregated_send: 44718
tot_msg_rcv: 1666
tot_msg_sent: 3289
tot_reconf_duration: 6.279999999999999
tot_sleeping_duration: 3184136.5264400127
tot_uptimes: 829
tot_uptimes_duration: 49695.23367998417
