comms_cons: 639.0809158525432
finished_reconf: true
global_termination_time: 3238426.035
local_termination_time: 1914.5873600000002
node_cons: 66609.45662447083
tot_aggregated_send: 0
tot_msg_rcv: 49055
tot_msg_sent: 48080
tot_reconf_duration: 5.57
tot_sleeping_duration: 3188686.0106800064
tot_uptimes: 830
tot_uptimes_duration: 49740.024319994205
