comms_cons: 326.80860163645514
finished_reconf: true
global_termination_time: 3234507.258
local_termination_time: 1670375.0406399993
node_cons: 66536.40638223283
tot_aggregated_send: 44718
tot_msg_rcv: 1653
tot_msg_sent: 3302
tot_reconf_duration: 10.95
tot_sleeping_duration: 3184827.245840004
tot_uptimes: 829
tot_uptimes_duration: 49680.0121599955
