comms_cons: 323.9266112231525
finished_reconf: true
global_termination_time: 3235704.99
local_termination_time: 1755583.0673599998
node_cons: 66527.50604334928
tot_aggregated_send: 45762
tot_msg_rcv: 1209
tot_msg_sent: 2263
tot_reconf_duration: 4.390000000000001
tot_sleeping_duration: 3186024.971760007
tot_uptimes: 829
tot_uptimes_duration: 49680.01823999314
