comms_cons: 21.487667200233812
finished_reconf: true
global_termination_time: 216641.365
local_termination_time: 48645.35748000001
node_cons: 4425.2319800000005
tot_aggregated_send: 3016
tot_msg_rcv: 80
tot_msg_sent: 170
tot_reconf_duration: 4.8100000000000005
tot_sleeping_duration: 213341.365
tot_uptimes: 56
tot_uptimes_duration: 3300.0
