comms_cons: 18.566502400035183
finished_reconf: true
global_termination_time: 182252.014
local_termination_time: 71921.28247999997
node_cons: 3711.0071211191703
tot_aggregated_send: 2378
tot_msg_rcv: 163
tot_msg_sent: 281
tot_reconf_duration: 11.31
tot_sleeping_duration: 179492.00792000064
tot_uptimes: 47
tot_uptimes_duration: 2760.006079999366
