comms_cons: 35.01255680046142
finished_reconf: true
global_termination_time: 170541.32512000055
local_termination_time: 2105.707040000001
node_cons: 3528.1225228021813
tot_aggregated_send: 0
tot_msg_rcv: 2806
tot_msg_sent: 2513
tot_reconf_duration: 18.21
tot_sleeping_duration: 167924.89991999892
tot_uptimes: 44
tot_uptimes_duration: 2616.4252000016277
