comms_cons: 17.263820800110498
finished_reconf: true
global_termination_time: 170541.60208000074
local_termination_time: 130193.37147999997
node_cons: 3535.421480242441
tot_aggregated_send: 2378
tot_msg_rcv: 105
tot_msg_sent: 141
tot_reconf_duration: 11.31
tot_sleeping_duration: 167912.72791999893
tot_uptimes: 44
tot_uptimes_duration: 2628.8741600018093
