comms_cons: 164.22377599228665
finished_reconf: true
global_termination_time: 1637977.6754799997
local_termination_time: 1637977.6343599998
node_cons: 33714.301212145685
tot_aggregated_send: 22780
tot_msg_rcv: 652
tot_msg_sent: 1528
tot_reconf_duration: 24.59
tot_sleeping_duration: 1612823.8980400106
tot_uptimes: 420
tot_uptimes_duration: 25153.777439989295
