comms_cons: 159.69754879211547
finished_reconf: true
global_termination_time: 1639069.762
local_termination_time: 976996.3093599998
node_cons: 33670.04034223821
tot_aggregated_send: 22968
tot_msg_rcv: 389
tot_msg_sent: 917
tot_reconf_duration: 5.57
tot_sleeping_duration: 1613929.7498400013
tot_uptimes: 420
tot_uptimes_duration: 25140.012159998703
