comms_cons: 159.59886079314154
finished_reconf: true
global_termination_time: 1639249.717
local_termination_time: 988774.162999998
node_cons: 33669.85022223359
tot_aggregated_send: 22736
tot_msg_rcv: 478
tot_msg_sent: 1044
tot_reconf_duration: 5.43
tot_sleeping_duration: 1614109.7048400047
tot_uptimes: 420
tot_uptimes_duration: 25140.01215999527
