comms_cons: 84.5361407986586
finished_reconf: true
global_termination_time: 853013.369
local_termination_time: 465767.95156000066
node_cons: 17534.639380000004
tot_aggregated_send: 12180
tot_msg_rcv: 219
tot_msg_sent: 450
tot_reconf_duration: 15.110000000000001
tot_sleeping_duration: 839933.369
tot_uptimes: 219
tot_uptimes_duration: 13080.0
