comms_cons: 81.50052479771793
finished_reconf: true
global_termination_time: 808585.623
local_termination_time: 536441.95136
node_cons: 16636.92012111693
tot_aggregated_send: 11194
tot_msg_rcv: 382
tot_msg_sent: 811
tot_reconf_duration: 4.8100000000000005
tot_sleeping_duration: 796165.6169200024
tot_uptimes: 208
tot_uptimes_duration: 12420.006079997635
