comms_cons: 81.70868479898905
finished_reconf: true
global_termination_time: 811857.225
local_termination_time: 513056.2264400002
node_cons: 16638.84304223365
tot_aggregated_send: 11078
tot_msg_rcv: 471
tot_msg_sent: 870
tot_reconf_duration: 6.22
tot_sleeping_duration: 799437.2128400047
tot_uptimes: 208
tot_uptimes_duration: 12420.012159995269
