comms_cons: 889.6292865713017
finished_reconf: true
global_termination_time: 9068467.625
local_termination_time: 4372529.40836
node_cons: 186562.32120669613
tot_aggregated_send: 126034
tot_msg_rcv: 3090
tot_msg_sent: 6093
tot_reconf_duration: 9.42
tot_sleeping_duration: 8929147.588520013
tot_uptimes: 2323
tot_uptimes_duration: 139320.0364799872
