comms_cons: 887.6617793444864
finished_reconf: true
global_termination_time: 9067034.205
local_termination_time: 4422594.22236
node_cons: 186486.33224557893
tot_aggregated_send: 127078
tot_msg_rcv: 2577
tot_msg_sent: 5264
tot_reconf_duration: 12.629999999999999
tot_sleeping_duration: 8927774.17460001
tot_uptimes: 2322
tot_uptimes_duration: 139260.03039998934
