comms_cons: 27.92212480051185
finished_reconf: true
global_termination_time: 280028.314
local_termination_time: 140251.42936000004
node_cons: 5710.680121121433
tot_aggregated_send: 3770
tot_msg_rcv: 130
tot_msg_sent: 344
tot_reconf_duration: 4.8100000000000005
tot_sleeping_duration: 275768.30791999894
tot_uptimes: 72
tot_uptimes_duration: 4260.006080001069
