comms_cons: 28.830681599976987
finished_reconf: true
global_termination_time: 280795.658
local_termination_time: 2128.87548
node_cons: 5708.281900000005
tot_aggregated_send: 3770
tot_msg_rcv: 263
tot_msg_sent: 349
tot_reconf_duration: 3.05
tot_sleeping_duration: 276535.658
tot_uptimes: 72
tot_uptimes_duration: 4260.0
