comms_cons: 88.63259519918822
finished_reconf: true
global_termination_time: 881982.34
local_termination_time: 161423.77396000014
node_cons: 18085.052663364317
tot_aggregated_send: 12064
tot_msg_rcv: 547
tot_msg_sent: 861
tot_reconf_duration: 6.279999999999999
tot_sleeping_duration: 868482.3217599967
tot_uptimes: 226
tot_uptimes_duration: 13500.018240003206
