comms_cons: 90.30015359911282
finished_reconf: true
global_termination_time: 878206.0122400003
local_termination_time: 161418.76948000008
node_cons: 18055.281987210394
tot_aggregated_send: 11426
tot_msg_rcv: 830
tot_msg_sent: 1465
tot_reconf_duration: 5.57
tot_sleeping_duration: 864727.5074399926
tot_uptimes: 225
tot_uptimes_duration: 13478.504800007737
