comms_cons: 88.95141119555068
finished_reconf: true
global_termination_time: 879108.145
local_termination_time: 4143.404400000003
node_cons: 18087.543207831648
tot_aggregated_send: 11600
tot_msg_rcv: 634
tot_msg_sent: 1286
tot_reconf_duration: 8.09
tot_sleeping_duration: 865608.1024400062
tot_uptimes: 226
tot_uptimes_duration: 13500.042559993744
