comms_cons: 89.56985599417091
finished_reconf: true
global_termination_time: 881975.807
local_termination_time: 281933.8257600004
node_cons: 18088.92836782703
tot_aggregated_send: 11600
tot_msg_rcv: 561
tot_msg_sent: 1454
tot_reconf_duration: 9.11
tot_sleeping_duration: 868475.7644400097
tot_uptimes: 226
tot_uptimes_duration: 13500.04255999031
