comms_cons: 235.18666238821456
finished_reconf: true
global_termination_time: 2337073.474
local_termination_time: 1257005.5420000001
node_cons: 48079.13669574702
tot_aggregated_send: 32169
tot_msg_rcv: 1089
tot_msg_sent: 2489
tot_reconf_duration: 25.299999999999997
tot_sleeping_duration: 2301192.384160009
tot_uptimes: 599
tot_uptimes_duration: 35881.08983999072
