comms_cons: 231.73383678697107
finished_reconf: true
global_termination_time: 2337387.135
local_termination_time: 312427.2571600003
node_cons: 48050.750927821806
tot_aggregated_send: 32712
tot_msg_rcv: 764
tot_msg_sent: 1747
tot_reconf_duration: 5.43
tot_sleeping_duration: 2301507.092440013
tot_uptimes: 599
tot_uptimes_duration: 35880.042559986876
