comms_cons: 32.619891200175616
finished_reconf: true
global_termination_time: 330585.187
local_termination_time: 80886.8285199995
node_cons: 6768.4903164007665
tot_aggregated_send: 4640
tot_msg_rcv: 95
tot_msg_sent: 223
tot_reconf_duration: 13.17
tot_sleeping_duration: 325543.6593999994
tot_uptimes: 85
tot_uptimes_duration: 5041.527600000569
