comms_cons: 78.99645439579493
finished_reconf: true
global_termination_time: 782049.474
local_termination_time: 456572.79536000005
node_cons: 16085.909283355097
tot_aggregated_send: 10672
tot_msg_rcv: 428
tot_msg_sent: 907
tot_reconf_duration: 13.17
tot_sleeping_duration: 770049.4557600038
tot_uptimes: 201
tot_uptimes_duration: 12000.018239996338
