comms_cons: 80.03555199600272
finished_reconf: true
global_termination_time: 784085.649
local_termination_time: 223978.14500000002
node_cons: 16109.90939751787
tot_aggregated_send: 10380
tot_msg_rcv: 677
tot_msg_sent: 1108
tot_reconf_duration: 18.700000000000003
tot_sleeping_duration: 772073.3153200016
tot_uptimes: 201
tot_uptimes_duration: 12012.33367999838
