comms_cons: 79.19383039554039
finished_reconf: true
global_termination_time: 784395.226
local_termination_time: 357566.0621600004
node_cons: 16072.150041121538
tot_aggregated_send: 10498
tot_msg_rcv: 438
tot_msg_sent: 1101
tot_reconf_duration: 3.05
tot_sleeping_duration: 772395.219919999
tot_uptimes: 201
tot_uptimes_duration: 12000.006080001083
