comms_cons: 79.00303359636224
finished_reconf: true
global_termination_time: 783278.458
local_termination_time: 379610.3033600001
node_cons: 16088.856143359752
tot_aggregated_send: 10788
tot_msg_rcv: 419
tot_msg_sent: 801
tot_reconf_duration: 15.34
tot_sleeping_duration: 771278.4397600002
tot_uptimes: 201
tot_uptimes_duration: 12000.018239999772
