comms_cons: 58.8904192005003
finished_reconf: true
global_termination_time: 595071.136
local_termination_time: 26201.236680000005
node_cons: 12232.199380000018
tot_aggregated_send: 8468
tot_msg_rcv: 149
tot_msg_sent: 334
tot_reconf_duration: 15.110000000000001
tot_sleeping_duration: 585951.136
tot_uptimes: 153
tot_uptimes_duration: 9120.0
