comms_cons: 59.95624959995676
finished_reconf: true
global_termination_time: 594956.034
local_termination_time: 5278.9890000000005
node_cons: 12243.938058641452
tot_aggregated_send: 8408
tot_msg_rcv: 317
tot_msg_sent: 388
tot_reconf_duration: 22.65
tot_sleeping_duration: 585834.9142399989
tot_uptimes: 153
tot_uptimes_duration: 9121.119760001071
