comms_cons: 60.17994240130594
finished_reconf: true
global_termination_time: 596883.337
local_termination_time: 146003.51736000006
node_cons: 12237.074600000033
tot_aggregated_send: 8236
tot_msg_rcv: 348
tot_msg_sent: 563
tot_reconf_duration: 18.700000000000003
tot_sleeping_duration: 587763.337
tot_uptimes: 153
tot_uptimes_duration: 9120.0
