comms_cons: 150.2586112139765
finished_reconf: true
global_termination_time: 310199.43532000063
local_termination_time: 310199.3942000006
node_cons: 18891.369333646115
tot_aggregated_send: 0
tot_msg_rcv: 9237
tot_msg_sent: 13600
tot_reconf_duration: 37.410000000000004
tot_sleeping_duration: 296128.8105599961
tot_uptimes: 232
tot_uptimes_duration: 14070.624760004543
