comms_cons: 30.65249280019352
finished_reconf: true
global_termination_time: 310199.5286000006
local_termination_time: 310184.2141200004
node_cons: 6403.691789400791
tot_aggregated_send: 4524
tot_msg_rcv: 70
tot_msg_sent: 65
tot_reconf_duration: 11.899999999999999
tot_sleeping_duration: 305429.154
tot_uptimes: 80
tot_uptimes_duration: 4770.374600000621
