comms_cons: 133.93310719100913
finished_reconf: true
global_termination_time: 1320935.0734799998
local_termination_time: 1320935.0323599998
node_cons: 27206.7042243132
tot_aggregated_send: 18314
tot_msg_rcv: 753
tot_msg_sent: 1289
tot_reconf_duration: 24.59
tot_sleeping_duration: 1300641.3386000048
tot_uptimes: 339
tot_uptimes_duration: 20293.73487999488
