comms_cons: 321.78206721859357
finished_reconf: true
global_termination_time: 3248592.4499199996
local_termination_time: 3248592.4087999994
node_cons: 66831.20547934936
tot_aggregated_send: 46444
tot_msg_rcv: 701
tot_msg_sent: 1762
tot_reconf_duration: 24.59
tot_sleeping_duration: 3198706.1076800064
tot_uptimes: 832
tot_uptimes_duration: 49886.34223999333
