comms_cons: 323.2623744167136
finished_reconf: true
global_termination_time: 3251055.663
local_termination_time: 1779426.27936
node_cons: 66863.73614334982
tot_aggregated_send: 44892
tot_msg_rcv: 1289
tot_msg_sent: 2952
tot_reconf_duration: 15.34
tot_sleeping_duration: 3201135.644760007
tot_uptimes: 833
tot_uptimes_duration: 49920.01823999337
