comms_cons: 324.82256642511203
finished_reconf: true
global_termination_time: 3251584.291
local_termination_time: 1411214.4253599998
node_cons: 66847.06260558343
tot_aggregated_send: 44892
tot_msg_rcv: 1573
tot_msg_sent: 2906
tot_reconf_duration: 3.05
tot_sleeping_duration: 3201664.2606000113
tot_uptimes: 833
tot_uptimes_duration: 49920.03039998887
