comms_cons: 46.10703360023509
finished_reconf: true
global_termination_time: 470240.05
local_termination_time: 247303.73052000036
node_cons: 9651.419559999984
tot_aggregated_send: 6844
tot_msg_rcv: 55
tot_msg_sent: 109
tot_reconf_duration: 7.819999999999999
tot_sleeping_duration: 463040.05
tot_uptimes: 121
tot_uptimes_duration: 7200.0
