comms_cons: 93.26673919751698
finished_reconf: true
global_termination_time: 944002.857
local_termination_time: 342783.92036000005
node_cons: 19374.732360000005
tot_aggregated_send: 13514
tot_msg_rcv: 206
tot_msg_sent: 456
tot_reconf_duration: 9.42
tot_sleeping_duration: 929542.857
tot_uptimes: 242
tot_uptimes_duration: 14460.0
