comms_cons: 93.62859519688035
finished_reconf: true
global_termination_time: 948018.224
local_termination_time: 450031.7643600001
node_cons: 19457.150100000046
tot_aggregated_send: 13456
tot_msg_rcv: 210
tot_msg_sent: 565
tot_reconf_duration: 10.95
tot_sleeping_duration: 933498.224
tot_uptimes: 243
tot_uptimes_duration: 14520.0
