comms_cons: 92.82593279947912
finished_reconf: true
global_termination_time: 948146.574
local_termination_time: 337957.00636
node_cons: 19458.448341116815
tot_aggregated_send: 13804
tot_msg_rcv: 83
tot_msg_sent: 222
tot_reconf_duration: 11.899999999999999
tot_sleeping_duration: 933626.5679200024
tot_uptimes: 243
tot_uptimes_duration: 14520.006079997635
