comms_cons: 36.350707200202436
finished_reconf: true
global_termination_time: 349168.295
local_termination_time: 57419.2014800002
node_cons: 7170.516376077733
tot_aggregated_send: 4408
tot_msg_rcv: 363
tot_msg_sent: 755
tot_reconf_duration: 9.11
tot_sleeping_duration: 343822.4062800017
tot_uptimes: 90
tot_uptimes_duration: 5345.8887199983
