comms_cons: 259.0463616162118
finished_reconf: true
global_termination_time: 2537833.777
local_termination_time: 1866973.7444799987
node_cons: 52144.84260558408
tot_aggregated_send: 34046
tot_msg_rcv: 1724
tot_msg_sent: 3605
tot_reconf_duration: 3.05
tot_sleeping_duration: 2498893.746600011
tot_uptimes: 650
tot_uptimes_duration: 38940.03039998887
