comms_cons: 286.2734592281501
finished_reconf: false
global_termination_time: 2809810.052
local_termination_time: 0
node_cons: 57891.17308453045
tot_aggregated_send: 38569
tot_msg_rcv: 1775
tot_msg_sent: 3167
tot_reconf_duration: 34.08
tot_sleeping_duration: 2766609.982960021
tot_uptimes: 720
tot_uptimes_duration: 43200.06903997873
