comms_cons: 53.89743359995982
finished_reconf: true
global_termination_time: 536066.957
local_termination_time: 11990.688280000002
node_cons: 11027.411720000015
tot_aggregated_send: 7540
tot_msg_rcv: 260
tot_msg_sent: 392
tot_reconf_duration: 15.34
tot_sleeping_duration: 527846.957
tot_uptimes: 138
tot_uptimes_duration: 8220.0
