comms_cons: 53.50863360076693
finished_reconf: true
global_termination_time: 537974.238
local_termination_time: 175940.0242000002
node_cons: 11040.937400000039
tot_aggregated_send: 7598
tot_msg_rcv: 211
tot_msg_sent: 324
tot_reconf_duration: 25.299999999999997
tot_sleeping_duration: 529754.238
tot_uptimes: 138
tot_uptimes_duration: 8220.0
