comms_cons: 53.08098560042432
finished_reconf: true
global_termination_time: 537629.905
local_termination_time: 264829.21648000006
node_cons: 11013.111980000012
tot_aggregated_send: 7772
tot_msg_rcv: 126
tot_msg_sent: 170
tot_reconf_duration: 4.8100000000000005
tot_sleeping_duration: 529409.905
tot_uptimes: 138
tot_uptimes_duration: 8220.0
