comms_cons: 155.80665601763394
finished_reconf: true
global_termination_time: 534444.1386799994
local_termination_time: 534444.0975599994
node_cons: 21858.70849851927
tot_aggregated_send: 0
tot_msg_rcv: 7935
tot_msg_sent: 15744
tot_reconf_duration: 24.59
tot_sleeping_duration: 518144.426
tot_uptimes: 270
tot_uptimes_duration: 16299.712679999422
