comms_cons: 87.35203840007988
finished_reconf: true
global_termination_time: 896627.727
local_termination_time: 810167.5145999988
node_cons: 18432.21740000009
tot_aggregated_send: 12760
tot_msg_rcv: 191
tot_msg_sent: 326
tot_reconf_duration: 25.299999999999997
tot_sleeping_duration: 882887.727
tot_uptimes: 230
tot_uptimes_duration: 13740.0
