comms_cons: 195.45550078116844
finished_reconf: true
global_termination_time: 1954958.872
local_termination_time: 1502783.9861199989
node_cons: 40200.77498223328
tot_aggregated_send: 26448
tot_msg_rcv: 1123
tot_msg_sent: 2138
tot_reconf_duration: 22.65
tot_sleeping_duration: 1924958.8598400047
tot_uptimes: 501
tot_uptimes_duration: 30000.012159995276
