comms_cons: 193.57980159107967
finished_reconf: true
global_termination_time: 1954936.083
local_termination_time: 857623.4705199982
node_cons: 40180.61955999982
tot_aggregated_send: 28072
tot_msg_rcv: 431
tot_msg_sent: 920
tot_reconf_duration: 7.819999999999999
tot_sleeping_duration: 1924936.083
tot_uptimes: 501
tot_uptimes_duration: 30000.0
