comms_cons: 195.5870847894897
finished_reconf: true
global_termination_time: 1952006.7942400004
local_termination_time: 66850.58467999985
node_cons: 40167.2294749536
tot_aggregated_send: 27434
tot_msg_rcv: 803
tot_msg_sent: 1491
tot_reconf_duration: 6.22
tot_sleeping_duration: 1922015.1716000051
tot_uptimes: 500
tot_uptimes_duration: 29991.622639995418
