comms_cons: 206.88860789179614
finished_reconf: true
global_termination_time: 1040931.1677199999
local_termination_time: 2254.4643600000004
node_cons: 21417.16220143953
tot_aggregated_send: 0
tot_msg_rcv: 16015
tot_msg_sent: 15428
tot_reconf_duration: 18.21
tot_sleeping_duration: 1024954.7427600003
tot_uptimes: 267
tot_uptimes_duration: 15976.424959999626
