comms_cons: 106.92108799037257
finished_reconf: true
global_termination_time: 1041878.499
local_termination_time: 278169.43880000076
node_cons: 21391.33684894852
tot_aggregated_send: 13282
tot_msg_rcv: 997
tot_msg_sent: 1975
tot_reconf_duration: 15.34
tot_sleeping_duration: 1025918.4503600085
tot_uptimes: 267
tot_uptimes_duration: 15960.048639991379
