comms_cons: 309.41933439781474
finished_reconf: true
global_termination_time: 3149460.162
local_termination_time: 2055614.0621999986
node_cons: 64791.21926214836
tot_aggregated_send: 44254
tot_msg_rcv: 914
tot_msg_sent: 1861
tot_reconf_duration: 25.299999999999997
tot_sleeping_duration: 3101098.0545600075
tot_uptimes: 807
tot_uptimes_duration: 48362.10743999225
