comms_cons: 172.42767358511807
finished_reconf: true
global_termination_time: 1697245.123
local_termination_time: 1025184.0094799999
node_cons: 34898.32684111682
tot_aggregated_send: 23258
tot_msg_rcv: 1053
tot_msg_sent: 1897
tot_reconf_duration: 22.65
tot_sleeping_duration: 1671205.1169200023
tot_uptimes: 435
tot_uptimes_duration: 26040.006079997635
