comms_cons: 170.8503871869259
finished_reconf: true
global_termination_time: 1697247.989
local_termination_time: 661643.0954799998
node_cons: 34874.502082233594
tot_aggregated_send: 23142
tot_msg_rcv: 796
tot_msg_sent: 2030
tot_reconf_duration: 5.1
tot_sleeping_duration: 1671207.9768400048
tot_uptimes: 435
tot_uptimes_duration: 26040.01215999527
