comms_cons: 170.34753918948954
finished_reconf: true
global_termination_time: 1697137.194
local_termination_time: 499015.2049600001
node_cons: 34873.55418446723
tot_aggregated_send: 23722
tot_msg_rcv: 716
tot_msg_sent: 1453
tot_reconf_duration: 4.390000000000001
tot_sleeping_duration: 1671097.1696800094
tot_uptimes: 435
tot_uptimes_duration: 26040.024319990538
