comms_cons: 202.90023669589024
finished_reconf: true
global_termination_time: 1034329.2267199998
local_termination_time: 673.4690399999995
node_cons: 21237.690218079835
tot_aggregated_send: 0
tot_msg_rcv: 15517
tot_msg_sent: 15321
tot_reconf_duration: 4.390000000000001
tot_sleeping_duration: 1018472.82
tot_uptimes: 265
tot_uptimes_duration: 15856.406719999854
