comms_cons: 103.91811839300121
finished_reconf: true
global_termination_time: 1035642.672
local_termination_time: 9132.481000000003
node_cons: 21301.247447350535
tot_aggregated_send: 14558
tot_msg_rcv: 426
tot_msg_sent: 811
tot_reconf_duration: 7.819999999999999
tot_sleeping_duration: 1019742.2777600071
tot_uptimes: 266
tot_uptimes_duration: 15900.394239992907
