comms_cons: 74.23311359984945
finished_reconf: true
global_termination_time: 729254.089
local_termination_time: 189830.4908000003
node_cons: 14977.613682242907
tot_aggregated_send: 9802
tot_msg_rcv: 517
tot_msg_sent: 964
tot_reconf_duration: 25.299999999999997
tot_sleeping_duration: 718094.0768399979
tot_uptimes: 187
tot_uptimes_duration: 11160.012160002138
