comms_cons: 31.494630400048717
finished_reconf: true
global_termination_time: 318476.336
local_termination_time: 17457.15348
node_cons: 6513.501620000005
tot_aggregated_send: 4524
tot_msg_rcv: 92
tot_msg_sent: 171
tot_reconf_duration: 4.390000000000001
tot_sleeping_duration: 313616.336
tot_uptimes: 82
tot_uptimes_duration: 4859.999999999999
