comms_cons: 679.1270785517816
finished_reconf: true
global_termination_time: 6777221.439
local_termination_time: 127862.35459999996
node_cons: 139414.71873228706
tot_aggregated_send: 95294
tot_msg_rcv: 2705
tot_msg_sent: 5223
tot_reconf_duration: 18.21
tot_sleeping_duration: 6673121.372120022
tot_uptimes: 1736
tot_uptimes_duration: 104100.06687997881
