comms_cons: 1.7434879999942396
finished_reconf: true
global_termination_time: 10994.042
local_termination_time: 5224.23636
node_cons: 164.8626399999999
tot_aggregated_send: 0
tot_msg_rcv: 151
tot_msg_sent: 114
tot_reconf_duration: 3.08
tot_sleeping_duration: 10874.042
tot_uptimes: 3
tot_uptimes_duration: 120.0
