comms_cons: 2.1448191999958435
finished_reconf: true
global_termination_time: 12897.062
local_termination_time: 5030.200360000001
node_cons: 266.414600000001
tot_aggregated_send: 0
tot_msg_rcv: 223
tot_msg_sent: 103
tot_reconf_duration: 18.700000000000003
tot_sleeping_duration: 12717.062
tot_uptimes: 4
tot_uptimes_duration: 180.0
