comms_cons: 54.456038401007234
finished_reconf: true
global_termination_time: 540662.303
local_termination_time: 266054.2106000001
node_cons: 11094.484060000024
tot_aggregated_send: 7308
tot_msg_rcv: 280
tot_msg_sent: 689
tot_reconf_duration: 5.57
tot_sleeping_duration: 532382.303
tot_uptimes: 139
tot_uptimes_duration: 8280.0
