comms_cons: 100.90519039678202
finished_reconf: true
global_termination_time: 998584.805
local_termination_time: 413168.4994800005
node_cons: 20497.3358422383
tot_aggregated_send: 13688
tot_msg_rcv: 550
tot_msg_sent: 1099
tot_reconf_duration: 7.819999999999999
tot_sleeping_duration: 983284.7928400013
tot_uptimes: 256
tot_uptimes_duration: 15300.012159998703
