comms_cons: 99.66172159740022
finished_reconf: true
global_termination_time: 997575.829
local_termination_time: 454981.16108000063
node_cons: 20502.058980000027
tot_aggregated_send: 14094
tot_msg_rcv: 368
tot_msg_sent: 686
tot_reconf_duration: 11.31
tot_sleeping_duration: 982275.829
tot_uptimes: 256
tot_uptimes_duration: 15300.0
