comms_cons: 13.316928000354604
finished_reconf: true
global_termination_time: 162975.244
local_termination_time: 2383.81112
node_cons: 3323.430286720044
tot_aggregated_send: 0
tot_msg_rcv: 468
tot_msg_sent: 1557
tot_reconf_duration: 21.68
tot_sleeping_duration: 160515.20751999997
tot_uptimes: 42
tot_uptimes_duration: 2460.0364800000316
