comms_cons: 50.76407040345006
finished_reconf: true
global_termination_time: 228397.88932000106
local_termination_time: 228397.88932000106
node_cons: 4786.327437207763
tot_aggregated_send: 0
tot_msg_rcv: 4258
tot_msg_sent: 3454
tot_reconf_duration: 24.59
tot_sleeping_duration: 224848.2745199953
tot_uptimes: 59
tot_uptimes_duration: 3549.6148000057874
