comms_cons: 22.31006719992394
finished_reconf: true
global_termination_time: 228783.65
local_termination_time: 74508.6200399998
node_cons: 4694.077399999988
tot_aggregated_send: 3306
tot_msg_rcv: 49
tot_msg_sent: 34
tot_reconf_duration: 25.299999999999997
tot_sleeping_duration: 225303.65
tot_uptimes: 59
tot_uptimes_duration: 3480.0
