comms_cons: 143.9361663947076
finished_reconf: true
global_termination_time: 1486476.26
local_termination_time: 4579.374
node_cons: 30537.17146000005
tot_aggregated_send: 20990
tot_msg_rcv: 219
tot_msg_sent: 668
tot_reconf_duration: 5.87
tot_sleeping_duration: 1463676.26
tot_uptimes: 381
tot_uptimes_duration: 22800.0
