comms_cons: 143.56472320031753
finished_reconf: true
global_termination_time: 1485104.052
local_termination_time: 6998.252
node_cons: 30541.32150112148
tot_aggregated_send: 21567
tot_msg_rcv: 75
tot_msg_sent: 179
tot_reconf_duration: 8.92
tot_sleeping_duration: 1462304.0459199988
tot_uptimes: 381
tot_uptimes_duration: 22800.00608000107
