comms_cons: 146.7877439969999
finished_reconf: true
global_termination_time: 1486222.458
local_termination_time: 6558.117
node_cons: 30537.0438011192
tot_aggregated_send: 21395
tot_msg_rcv: 292
tot_msg_sent: 623
tot_reconf_duration: 5.77
tot_sleeping_duration: 1463422.4519200008
tot_uptimes: 381
tot_uptimes_duration: 22800.006079999366
