comms_cons: 144.17658879481306
finished_reconf: true
global_termination_time: 1486380.809
local_termination_time: 6674.0560000000005
node_cons: 30537.089980000048
tot_aggregated_send: 21164
tot_msg_rcv: 279
tot_msg_sent: 471
tot_reconf_duration: 5.8100000000000005
tot_sleeping_duration: 1463580.809
tot_uptimes: 381
tot_uptimes_duration: 22800.0
