comms_cons: 144.55880959900833
finished_reconf: true
global_termination_time: 1487305.986
local_termination_time: 6731.836
node_cons: 30535.08828112148
tot_aggregated_send: 21571
tot_msg_rcv: 167
tot_msg_sent: 234
tot_reconf_duration: 4.33
tot_sleeping_duration: 1464505.979919999
tot_uptimes: 381
tot_uptimes_duration: 22800.00608000107
