comms_cons: 147.0852223911436
finished_reconf: true
global_termination_time: 1485751.467
local_termination_time: 5530.248
node_cons: 30538.82278111688
tot_aggregated_send: 21046
tot_msg_rcv: 496
tot_msg_sent: 814
tot_reconf_duration: 7.08
tot_sleeping_duration: 1462951.4609200023
tot_uptimes: 381
tot_uptimes_duration: 22800.006079997635
