comms_cons: 147.33648639446648
finished_reconf: true
global_termination_time: 1484158.521
local_termination_time: 7326.828
node_cons: 30534.32780111688
tot_aggregated_send: 21397
tot_msg_rcv: 357
tot_msg_sent: 641
tot_reconf_duration: 3.77
tot_sleeping_duration: 1461358.5149200023
tot_uptimes: 381
tot_uptimes_duration: 22800.006079997635
