comms_cons: 35.515776000288035
finished_reconf: true
global_termination_time: 346085.006
local_termination_time: 80149.21675999975
node_cons: 7074.1107811214415
tot_aggregated_send: 4466
tot_msg_rcv: 292
tot_msg_sent: 641
tot_reconf_duration: 3.08
tot_sleeping_duration: 340804.9999199989
tot_uptimes: 89
tot_uptimes_duration: 5280.006080001069
