comms_cons: 34.94996480060382
finished_reconf: true
global_termination_time: 346758.955
local_termination_time: 117407.39035999998
node_cons: 7100.6949822428805
tot_aggregated_send: 4582
tot_msg_rcv: 227
tot_msg_sent: 504
tot_reconf_duration: 22.65
tot_sleeping_duration: 341478.9428399979
tot_uptimes: 89
tot_uptimes_duration: 5280.0121600021375
