comms_cons: 34.99274239996622
finished_reconf: true
global_termination_time: 341393.045
local_termination_time: 180359.82136000006
node_cons: 7006.731540000013
tot_aggregated_send: 4640
tot_msg_rcv: 284
tot_msg_sent: 395
tot_reconf_duration: 12.629999999999999
tot_sleeping_duration: 336173.045
tot_uptimes: 88
tot_uptimes_duration: 5220.0
