comms_cons: 33.91107839999843
finished_reconf: true
global_termination_time: 341699.511
local_termination_time: 45288.607
node_cons: 7006.771765603118
tot_aggregated_send: 4750
tot_msg_rcv: 118
tot_msg_sent: 286
tot_reconf_duration: 11.899999999999999
tot_sleeping_duration: 336478.7405999977
tot_uptimes: 88
tot_uptimes_duration: 5220.770400002322
