comms_cons: 131.7577279889216
finished_reconf: true
global_termination_time: 1293449.537
local_termination_time: 233965.26716000077
node_cons: 26621.90597629716
tot_aggregated_send: 17748
tot_msg_rcv: 828
tot_msg_sent: 1450
tot_reconf_duration: 18.21
tot_sleeping_duration: 1273586.0741200172
tot_uptimes: 332
tot_uptimes_duration: 19863.462879982922
