comms_cons: 127.18874879224445
finished_reconf: true
global_termination_time: 1291808.13724
local_termination_time: 25956.084
node_cons: 26576.217531825976
tot_aggregated_send: 17688
tot_msg_rcv: 466
tot_msg_sent: 1177
tot_reconf_duration: 22.65
tot_sleeping_duration: 1271983.2986800107
tot_uptimes: 331
tot_uptimes_duration: 19824.838559989497
