comms_cons: 123.61007359244775
finished_reconf: true
global_termination_time: 624901.998
local_termination_time: 2105.4674800000003
node_cons: 12879.149961282923
tot_aggregated_send: 0
tot_msg_rcv: 9514
tot_msg_sent: 9272
tot_reconf_duration: 18.21
tot_sleeping_duration: 615301.9824799979
tot_uptimes: 161
tot_uptimes_duration: 9600.015520002169
