comms_cons: 63.84172800000807
finished_reconf: true
global_termination_time: 626282.92
local_termination_time: 86750.36159999993
node_cons: 12858.574464483447
tot_aggregated_send: 8526
tot_msg_rcv: 426
tot_msg_sent: 752
tot_reconf_duration: 3.05
tot_sleeping_duration: 616682.8956799974
tot_uptimes: 161
tot_uptimes_duration: 9600.024320002572
