comms_cons: 814.7099522141004
finished_reconf: true
global_termination_time: 8180256.949
local_termination_time: 3588937.823079999
node_cons: 168244.3720855797
tot_aggregated_send: 113100
tot_msg_rcv: 3657
tot_msg_sent: 7073
tot_reconf_duration: 9.11
tot_sleeping_duration: 8054616.918600011
tot_uptimes: 2095
tot_uptimes_duration: 125640.03039998934
