comms_cons: 824.0839234277623
finished_reconf: true
global_termination_time: 8175002.353119996
local_termination_time: 81253.06259999996
node_cons: 168205.5139419613
tot_aggregated_send: 113912
tot_msg_rcv: 3953
tot_msg_sent: 7388
tot_reconf_duration: 22.65
tot_sleeping_duration: 8049405.075120021
tot_uptimes: 2094
tot_uptimes_duration: 125597.27799997543
