comms_cons: 820.8916226256043
finished_reconf: true
global_termination_time: 8176745.726
local_termination_time: 564452.1493599999
node_cons: 168155.86773451525
tot_aggregated_send: 113970
tot_msg_rcv: 3524
tot_msg_sent: 7273
tot_reconf_duration: 3.05
tot_sleeping_duration: 8051165.646960029
tot_uptimes: 2094
tot_uptimes_duration: 125580.07903997088
