comms_cons: 54.77877760103699
finished_reconf: true
global_termination_time: 535411.426
local_termination_time: 163458.27836000005
node_cons: 11010.74632336429
tot_aggregated_send: 7308
tot_msg_rcv: 379
tot_msg_sent: 639
tot_reconf_duration: 3.05
tot_sleeping_duration: 527191.4077599967
tot_uptimes: 138
tot_uptimes_duration: 8220.018240003206
