comms_cons: 1485.53318203424
finished_reconf: true
global_termination_time: 8140977.479
local_termination_time: 1792004.032359999
node_cons: 167437.14522781392
tot_aggregated_send: 0
tot_msg_rcv: 113728
tot_msg_sent: 112063
tot_reconf_duration: 6.279999999999999
tot_sleeping_duration: 8015937.436440015
tot_uptimes: 2085
tot_uptimes_duration: 125040.04255998484
