comms_cons: 815.1355906114679
finished_reconf: true
global_termination_time: 8137234.845
local_termination_time: 3557900.94836
node_cons: 167382.62624669648
tot_aggregated_send: 112752
tot_msg_rcv: 3944
tot_msg_sent: 7199
tot_reconf_duration: 25.299999999999997
tot_sleeping_duration: 8012254.808520013
tot_uptimes: 2084
tot_uptimes_duration: 124980.03647998697
