comms_cons: 817.1162561757469
finished_reconf: true
global_termination_time: 8139559.84
local_termination_time: 137645.06948000006
node_cons: 167459.40825228614
tot_aggregated_send: 113854
tot_msg_rcv: 3537
tot_msg_sent: 6803
tot_reconf_duration: 22.65
tot_sleeping_duration: 8014519.7731200205
tot_uptimes: 2085
tot_uptimes_duration: 125040.06687997904
