comms_cons: 797.3586561333245
finished_reconf: true
global_termination_time: 8140633.342
local_termination_time: 4531474.832
node_cons: 167455.28142653935
tot_aggregated_send: 114139
tot_msg_rcv: 2292
tot_msg_sent: 4763
tot_reconf_duration: 12.629999999999999
tot_sleeping_duration: 8015586.194960011
tot_uptimes: 2085
tot_uptimes_duration: 125047.14703998901
