comms_cons: 815.9986946259006
finished_reconf: true
global_termination_time: 8139527.929
local_termination_time: 1291958.2699599985
node_cons: 167434.6030311646
tot_aggregated_send: 114028
tot_msg_rcv: 3257
tot_msg_sent: 6741
tot_reconf_duration: 4.390000000000001
tot_sleeping_duration: 8014487.868200022
tot_uptimes: 2085
tot_uptimes_duration: 125040.06079997797
