comms_cons: 816.1941506058487
finished_reconf: true
global_termination_time: 8135861.09
local_termination_time: 1485763.0122799983
node_cons: 167363.63596781399
tot_aggregated_send: 112346
tot_msg_rcv: 3761
tot_msg_sent: 7948
tot_reconf_duration: 11.31
tot_sleeping_duration: 8010881.047440015
tot_uptimes: 2084
tot_uptimes_duration: 124980.04255998484
