comms_cons: 95.28060159738897
finished_reconf: true
global_termination_time: 951738.37
local_termination_time: 198762.6024800001
node_cons: 19540.504860000045
tot_aggregated_send: 13398
tot_msg_rcv: 400
tot_msg_sent: 684
tot_reconf_duration: 13.17
tot_sleeping_duration: 937158.37
tot_uptimes: 244
tot_uptimes_duration: 14580.0
