comms_cons: 96.87934719416195
finished_reconf: true
global_termination_time: 951639.93
local_termination_time: 143177.4372800008
node_cons: 19531.091183355125
tot_aggregated_send: 13050
tot_msg_rcv: 632
tot_msg_sent: 1044
tot_reconf_duration: 6.22
tot_sleeping_duration: 937059.9117600037
tot_uptimes: 244
tot_uptimes_duration: 14580.018239996338
