comms_cons: 209.15936639204452
finished_reconf: true
global_termination_time: 2134068.137
local_termination_time: 1169666.49936
node_cons: 43876.267701116485
tot_aggregated_send: 29348
tot_msg_rcv: 878
tot_msg_sent: 1565
tot_reconf_duration: 7.819999999999999
tot_sleeping_duration: 2101308.1309200022
tot_uptimes: 547
tot_uptimes_duration: 32760.006079997635
