comms_cons: 183.07731198572816
finished_reconf: true
global_termination_time: 1798907.342
local_termination_time: 38301.78040000007
node_cons: 36987.24075389589
tot_aggregated_send: 24360
tot_msg_rcv: 1150
tot_msg_sent: 2316
tot_reconf_duration: 22.65
tot_sleeping_duration: 1771307.2807200179
tot_uptimes: 461
tot_uptimes_duration: 27600.061279982096
