comms_cons: 176.65935358930386
finished_reconf: true
global_termination_time: 1798888.796
local_termination_time: 548186.7643599999
node_cons: 36962.42674893914
tot_aggregated_send: 24708
tot_msg_rcv: 623
tot_msg_sent: 1521
tot_reconf_duration: 4.390000000000001
tot_sleeping_duration: 1771288.7473600155
tot_uptimes: 461
tot_uptimes_duration: 27600.04863998451
