comms_cons: 183.23260158503686
finished_reconf: true
global_termination_time: 1797560.803
local_termination_time: 282466.62432000064
node_cons: 36967.076547822304
tot_aggregated_send: 24302
tot_msg_rcv: 1165
tot_msg_sent: 2386
tot_reconf_duration: 7.819999999999999
tot_sleeping_duration: 1769960.7604400131
tot_uptimes: 461
tot_uptimes_duration: 27600.042559986876
