comms_cons: 183.0530815844418
finished_reconf: true
global_termination_time: 1798225.313
local_termination_time: 537269.7683199997
node_cons: 36964.895606700986
tot_aggregated_send: 24186
tot_msg_rcv: 1138
tot_msg_sent: 2499
tot_reconf_duration: 6.22
tot_sleeping_duration: 1770625.2765200143
tot_uptimes: 461
tot_uptimes_duration: 27600.036479985807
