comms_cons: 57.34430719995165
finished_reconf: true
global_termination_time: 575998.944
local_termination_time: 182632.62632000018
node_cons: 11820.599559999986
tot_aggregated_send: 8178
tot_msg_rcv: 197
tot_msg_sent: 341
tot_reconf_duration: 7.819999999999999
tot_sleeping_duration: 567178.944
tot_uptimes: 148
tot_uptimes_duration: 8820.0
