comms_cons: 132.12349439411335
finished_reconf: true
global_termination_time: 1337081.146
local_termination_time: 503032.70276000095
node_cons: 27480.421900000096
tot_aggregated_send: 18792
tot_msg_rcv: 420
tot_msg_sent: 870
tot_reconf_duration: 3.05
tot_sleeping_duration: 1316561.146
tot_uptimes: 343
tot_uptimes_duration: 20519.999999999993
