comms_cons: 207.71850239659463
finished_reconf: true
global_termination_time: 2109493.552
local_termination_time: 1490783.72036
node_cons: 43391.164059999675
tot_aggregated_send: 30682
tot_msg_rcv: 280
tot_msg_sent: 610
tot_reconf_duration: 5.57
tot_sleeping_duration: 2077093.5520000001
tot_uptimes: 541
tot_uptimes_duration: 32400.0
