comms_cons: 207.9158783914841
finished_reconf: true
global_termination_time: 2111703.108
local_termination_time: 1690040.4245999977
node_cons: 43394.42443239628
tot_aggregated_send: 29870
tot_msg_rcv: 629
tot_msg_sent: 1103
tot_reconf_duration: 5.1
tot_sleeping_duration: 2079300.1964000023
tot_uptimes: 541
tot_uptimes_duration: 32402.911599997664
