comms_cons: 158.56504959096196
finished_reconf: true
global_termination_time: 1591134.41924
local_termination_time: 137855.89948000005
node_cons: 32727.26343494887
tot_aggregated_send: 22330
tot_msg_rcv: 544
tot_msg_sent: 1225
tot_reconf_duration: 6.22
tot_sleeping_duration: 1566699.1566000083
tot_uptimes: 408
tot_uptimes_duration: 24435.262639991648
