comms_cons: 157.4014079951845
finished_reconf: true
global_termination_time: 1591133.909519999
local_termination_time: 1591133.868399999
node_cons: 32774.06644551721
tot_aggregated_send: 22838
tot_msg_rcv: 307
tot_msg_sent: 780
tot_reconf_duration: 24.59
tot_sleeping_duration: 1566682.3238400014
tot_uptimes: 408
tot_uptimes_duration: 24451.585679997865
