comms_cons: 72.98306560043044
finished_reconf: true
global_termination_time: 719778.4444799998
local_termination_time: 719778.4033599999
node_cons: 14851.778207686426
tot_aggregated_send: 9802
tot_msg_rcv: 431
tot_msg_sent: 859
tot_reconf_duration: 37.410000000000004
tot_sleeping_duration: 708724.691359995
tot_uptimes: 185
tot_uptimes_duration: 11053.753120004774
