comms_cons: 71.06754559955903
finished_reconf: true
global_termination_time: 724308.737
local_termination_time: 309520.71044000064
node_cons: 14879.068341121405
tot_aggregated_send: 9976
tot_msg_rcv: 300
tot_msg_sent: 526
tot_reconf_duration: 11.899999999999999
tot_sleeping_duration: 713208.7309199988
tot_uptimes: 186
tot_uptimes_duration: 11100.006080001069
