comms_cons: 175.13235199176052
finished_reconf: true
global_termination_time: 1763380.642
local_termination_time: 788200.895
node_cons: 36258.74801543411
tot_aggregated_send: 25111
tot_msg_rcv: 472
tot_msg_sent: 1036
tot_reconf_duration: 15.110000000000001
tot_sleeping_duration: 1736316.9910400042
tot_uptimes: 452
tot_uptimes_duration: 27063.65095999569
