comms_cons: 277.7744510083904
finished_reconf: true
global_termination_time: 1764603.694
local_termination_time: 369437.74636000005
node_cons: 36239.92896782692
tot_aggregated_send: 0
tot_msg_rcv: 21501
tot_msg_sent: 20720
tot_reconf_duration: 4.8100000000000005
tot_sleeping_duration: 1737543.6514400095
tot_uptimes: 452
tot_uptimes_duration: 27060.04255999031
