comms_cons: 175.3027839921098
finished_reconf: true
global_termination_time: 1766637.589
local_termination_time: 909289.20636
node_cons: 36326.472359999956
tot_aggregated_send: 25230
tot_msg_rcv: 447
tot_msg_sent: 968
tot_reconf_duration: 9.42
tot_sleeping_duration: 1739517.589
tot_uptimes: 453
tot_uptimes_duration: 27120.0
