comms_cons: 174.7550015928471
finished_reconf: true
global_termination_time: 1765888.364
local_termination_time: 927365.056879999
node_cons: 36330.831539999905
tot_aggregated_send: 25288
tot_msg_rcv: 413
tot_msg_sent: 861
tot_reconf_duration: 12.629999999999999
tot_sleeping_duration: 1738768.364
tot_uptimes: 453
tot_uptimes_duration: 27120.0
