comms_cons: 391.2920000719095
finished_reconf: true
global_termination_time: 3917751.044
local_termination_time: 2286131.9603600004
node_cons: 80588.6247655835
tot_aggregated_send: 51736
tot_msg_rcv: 2506
tot_msg_sent: 5233
tot_reconf_duration: 5.57
tot_sleeping_duration: 3857571.0136000114
tot_uptimes: 1004
tot_uptimes_duration: 60180.03039998887
