comms_cons: 384.08983039332605
finished_reconf: true
global_termination_time: 3916239.917
local_termination_time: 2732894.7873599995
node_cons: 80535.03739999773
tot_aggregated_send: 55854
tot_msg_rcv: 860
tot_msg_sent: 1666
tot_reconf_duration: 25.299999999999997
tot_sleeping_duration: 3856119.917
tot_uptimes: 1003
tot_uptimes_duration: 60120.0
