comms_cons: 387.0280192332366
finished_reconf: true
global_termination_time: 3916158.397
local_termination_time: 233110.19412000093
node_cons: 80504.86263999797
tot_aggregated_send: 56318
tot_msg_rcv: 712
tot_msg_sent: 1796
tot_reconf_duration: 3.08
tot_sleeping_duration: 3856038.397
tot_uptimes: 1003
tot_uptimes_duration: 60120.0
