comms_cons: 386.0298944030627
finished_reconf: true
global_termination_time: 3915764.787
local_termination_time: 2242216.40836
node_cons: 80509.18374781644
tot_aggregated_send: 52316
tot_msg_rcv: 2112
tot_msg_sent: 4247
tot_reconf_duration: 6.22
tot_sleeping_duration: 3855644.744440016
tot_uptimes: 1003
tot_uptimes_duration: 60120.042559984155
