comms_cons: 0.7105535999996204
finished_reconf: true
global_termination_time: 4188.183
local_termination_time: 709.5744399999996
node_cons: 100.85938000000002
tot_aggregated_send: 0
tot_msg_rcv: 64
tot_msg_sent: 44
tot_reconf_duration: 15.110000000000001
tot_sleeping_duration: 4128.183
tot_uptimes: 2
tot_uptimes_duration: 60.0
