comms_cons: 0.5921279999997298
finished_reconf: true
global_termination_time: 4305.514
local_termination_time: 279.9684799999994
node_cons: 86.87198000000004
tot_aggregated_send: 0
tot_msg_rcv: 34
tot_msg_sent: 55
tot_reconf_duration: 4.8100000000000005
tot_sleeping_duration: 4245.514
tot_uptimes: 2
tot_uptimes_duration: 60.00000000000003
