comms_cons: 56.22584320159758
finished_reconf: true
global_termination_time: 545297.028
local_termination_time: 119140.90035999997
node_cons: 11198.043123364318
tot_aggregated_send: 7018
tot_msg_rcv: 501
tot_msg_sent: 1027
tot_reconf_duration: 22.65
tot_sleeping_duration: 536957.0097599968
tot_uptimes: 140
tot_uptimes_duration: 8340.018240003206
