comms_cons: 55.5932672007503
finished_reconf: true
global_termination_time: 544877.615
local_termination_time: 325966.6973600005
node_cons: 11185.153001121424
tot_aggregated_send: 7424
tot_msg_rcv: 396
tot_msg_sent: 630
tot_reconf_duration: 13.17
tot_sleeping_duration: 536537.6089199989
tot_uptimes: 140
tot_uptimes_duration: 8340.006080001069
