comms_cons: 54.46919679974802
finished_reconf: true
global_termination_time: 542301.744
local_termination_time: 137716.30636000005
node_cons: 11091.07004111683
tot_aggregated_send: 7598
tot_msg_rcv: 276
tot_msg_sent: 405
tot_reconf_duration: 3.05
tot_sleeping_duration: 534021.7379200023
tot_uptimes: 139
tot_uptimes_duration: 8280.006079997635
