comms_cons: 55.2593280007563
finished_reconf: true
global_termination_time: 542050.796479999
local_termination_time: 50227.79048000002
node_cons: 11148.64202184002
tot_aggregated_send: 7192
tot_msg_rcv: 369
tot_msg_sent: 839
tot_reconf_duration: 5.43
tot_sleeping_duration: 533730.207919999
tot_uptimes: 139
tot_uptimes_duration: 8320.588560000004
