comms_cons: 2.2369279999926084
finished_reconf: true
global_termination_time: 16924.262
local_termination_time: 5051.64436
node_cons: 342.19172000000026
tot_aggregated_send: 0
tot_msg_rcv: 178
tot_msg_sent: 162
tot_reconf_duration: 15.34
tot_sleeping_duration: 16684.262
tot_uptimes: 5
tot_uptimes_duration: 240.0
