comms_cons: 84.10911999825136
finished_reconf: true
global_termination_time: 844545.5790799988
local_termination_time: 130851.01883999966
node_cons: 17425.968729118358
tot_aggregated_send: 12064
tot_msg_rcv: 226
tot_msg_sent: 495
tot_reconf_duration: 6.22
tot_sleeping_duration: 831537.721
tot_uptimes: 217
tot_uptimes_duration: 13007.858079998754
