comms_cons: 357.9297408302608
finished_reconf: true
global_termination_time: 3546599.107
local_termination_time: 855810.8593599999
node_cons: 72979.5112644663
tot_aggregated_send: 49010
tot_msg_rcv: 1754
tot_msg_sent: 3639
tot_reconf_duration: 22.65
tot_sleeping_duration: 3492119.082680009
tot_uptimes: 909
tot_uptimes_duration: 54480.024319991004
