comms_cons: 357.1781888408888
finished_reconf: true
global_termination_time: 3552325.176
local_termination_time: 1015755.8513599999
node_cons: 73049.9242844659
tot_aggregated_send: 49358
tot_msg_rcv: 1688
tot_msg_sent: 3243
tot_reconf_duration: 15.34
tot_sleeping_duration: 3497785.1516800094
tot_uptimes: 910
tot_uptimes_duration: 54540.02431999077
