comms_cons: 699.4405449259895
finished_reconf: true
global_termination_time: 3546450.0855999975
local_termination_time: 1856.2763600000003
node_cons: 72984.67269286269
tot_aggregated_send: 0
tot_msg_rcv: 53637
tot_msg_sent: 52670
tot_reconf_duration: 11.31
tot_sleeping_duration: 3491954.705680009
tot_uptimes: 909
tot_uptimes_duration: 54495.379919988336
