comms_cons: 359.16868487246774
finished_reconf: true
global_termination_time: 3546450.2971199946
local_termination_time: 113287.03603999982
node_cons: 72988.63892413903
tot_aggregated_send: 49184
tot_msg_rcv: 1973
tot_msg_sent: 3433
tot_reconf_duration: 5.43
tot_sleeping_duration: 3491945.9916800093
tot_uptimes: 909
tot_uptimes_duration: 54504.30543998559
