comms_cons: 38.51491840060469
finished_reconf: true
global_termination_time: 381018.997
local_termination_time: 66535.84559999996
node_cons: 7823.754982242884
tot_aggregated_send: 5104
tot_msg_rcv: 301
tot_msg_sent: 448
tot_reconf_duration: 22.65
tot_sleeping_duration: 375198.98483999784
tot_uptimes: 98
tot_uptimes_duration: 5820.0121600021375
