comms_cons: 40.706137600517295
finished_reconf: true
global_termination_time: 380972.7832400002
local_termination_time: 43930.27836000002
node_cons: 7819.383543842547
tot_aggregated_send: 4350
tot_msg_rcv: 667
tot_msg_sent: 1170
tot_reconf_duration: 4.390000000000001
tot_sleeping_duration: 375137.5166799983
tot_uptimes: 98
tot_uptimes_duration: 5835.266560001888
