comms_cons: 674.2486664027529
finished_reconf: true
global_termination_time: 3418419.425
local_termination_time: 1340.3374800000024
node_cons: 70305.10476558322
tot_aggregated_send: 0
tot_msg_rcv: 51722
tot_msg_sent: 50758
tot_reconf_duration: 5.57
tot_sleeping_duration: 3365919.394600011
tot_uptimes: 876
tot_uptimes_duration: 52500.03039998864
