comms_cons: 344.5072768393354
finished_reconf: true
global_termination_time: 3417325.395
local_termination_time: 1428143.7444799996
node_cons: 70310.35074037741
tot_aggregated_send: 47444
tot_msg_rcv: 1613
tot_msg_sent: 3307
tot_reconf_duration: 9.42
tot_sleeping_duration: 3364825.3514000154
tot_uptimes: 876
tot_uptimes_duration: 52500.043599984376
