comms_cons: 115.46246399349084
finished_reconf: true
global_termination_time: 1135969.509
local_termination_time: 146947.07176000086
node_cons: 23309.292830074486
tot_aggregated_send: 15138
tot_msg_rcv: 722
tot_msg_sent: 1688
tot_reconf_duration: 7.819999999999999
tot_sleeping_duration: 1118569.4542800044
tot_uptimes: 291
tot_uptimes_duration: 17400.054719995882
