comms_cons: 695.6560763089864
finished_reconf: true
global_termination_time: 1691805.153
local_termination_time: 796929.6344799978
node_cons: 102839.91707513563
tot_aggregated_send: 0
tot_msg_rcv: 42674
tot_msg_sent: 63062
tot_reconf_duration: 18.21
tot_sleeping_duration: 1615020.098560016
tot_uptimes: 1262
tot_uptimes_duration: 76785.05443998394
