comms_cons: 284.3727293995849
finished_reconf: true
global_termination_time: 1694121.879
local_termination_time: 796915.5455199982
node_cons: 34793.7926855842
tot_aggregated_send: 0
tot_msg_rcv: 21869
tot_msg_sent: 21354
tot_reconf_duration: 4.8100000000000005
tot_sleeping_duration: 1668141.8486000118
tot_uptimes: 434
tot_uptimes_duration: 25980.030399988173
