comms_cons: 2.704051199991064
finished_reconf: true
global_termination_time: 18991.629
local_termination_time: 5155.368480000001
node_cons: 329.8882400000009
tot_aggregated_send: 0
tot_msg_rcv: 239
tot_msg_sent: 172
tot_reconf_duration: 6.279999999999999
tot_sleeping_duration: 18751.629
tot_uptimes: 5
tot_uptimes_duration: 240.0
