comms_cons: 2.5922047999956543
finished_reconf: true
global_termination_time: 16424.771
local_termination_time: 9005.96736
node_cons: 327.32161999999926
tot_aggregated_send: 0
tot_msg_rcv: 221
tot_msg_sent: 173
tot_reconf_duration: 4.390000000000001
tot_sleeping_duration: 16184.771
tot_uptimes: 5
tot_uptimes_duration: 240.0
