comms_cons: 75.71343359628491
finished_reconf: true
global_termination_time: 743855.974
local_termination_time: 466346.8437200006
node_cons: 15289.353603355146
tot_aggregated_send: 10208
tot_msg_rcv: 499
tot_msg_sent: 801
tot_reconf_duration: 18.21
tot_sleeping_duration: 732455.9557600038
tot_uptimes: 191
tot_uptimes_duration: 11400.018239996338
