comms_cons: 75.18051839706452
finished_reconf: true
global_termination_time: 739168.267
local_termination_time: 440035.0213600001
node_cons: 15215.034982238329
tot_aggregated_send: 10150
tot_msg_rcv: 484
tot_msg_sent: 793
tot_reconf_duration: 22.65
tot_sleeping_duration: 727828.2548400012
tot_uptimes: 190
tot_uptimes_duration: 11340.01215999871
