comms_cons: 9.671424000113008
finished_reconf: true
global_termination_time: 82965.662
local_termination_time: 8094.45736
node_cons: 1694.0820822403339
tot_aggregated_send: 754
tot_msg_rcv: 309
tot_msg_sent: 407
tot_reconf_duration: 5.1
tot_sleeping_duration: 81705.64983999975
tot_uptimes: 22
tot_uptimes_duration: 1260.0121600002494
