comms_cons: 8.881920000114986
finished_reconf: true
global_termination_time: 83070.516
local_termination_time: 60375.16336000001
node_cons: 1704.3241044806045
tot_aggregated_send: 638
tot_msg_rcv: 253
tot_msg_sent: 459
tot_reconf_duration: 12.629999999999999
tot_sleeping_duration: 81810.49167999956
tot_uptimes: 22
tot_uptimes_duration: 1260.024320000448
