comms_cons: 10.2461248001994
finished_reconf: true
global_termination_time: 83056.33
local_termination_time: 14170.30472
node_cons: 1697.7921244808813
tot_aggregated_send: 580
tot_msg_rcv: 391
tot_msg_sent: 587
tot_reconf_duration: 7.819999999999999
tot_sleeping_duration: 81796.30567999934
tot_uptimes: 22
tot_uptimes_duration: 1260.024320000659
