comms_cons: 9.929267199974433
finished_reconf: true
global_termination_time: 85327.209
local_termination_time: 8080.941360000004
node_cons: 1698.2027375200298
tot_aggregated_send: 638
tot_msg_rcv: 290
tot_msg_sent: 583
tot_reconf_duration: 6.22
tot_sleeping_duration: 84065.25531999998
tot_uptimes: 22
tot_uptimes_duration: 1261.9536800000233
