comms_cons: 47.10995199987545
finished_reconf: true
global_termination_time: 12955.279240000003
local_termination_time: 382.4033999999978
node_cons: 5366.911771200051
tot_aggregated_send: 0
tot_msg_rcv: 3817
tot_msg_sent: 3341
tot_reconf_duration: 18.21
tot_sleeping_duration: 8965.598439999967
tot_uptimes: 55
tot_uptimes_duration: 3989.6808000000356
