comms_cons: 77.18968320071643
finished_reconf: true
global_termination_time: 790231.678
local_termination_time: 597615.264
node_cons: 16260.891140080892
tot_aggregated_send: 10786
tot_msg_rcv: 260
tot_msg_sent: 688
tot_reconf_duration: 22.65
tot_sleeping_duration: 778110.5932799993
tot_uptimes: 203
tot_uptimes_duration: 12121.084720000625
