comms_cons: 81.40830079905069
finished_reconf: true
global_termination_time: 789856.8754799989
local_termination_time: 789856.8343599989
node_cons: 16315.723736405898
tot_aggregated_send: 10252
tot_msg_rcv: 620
tot_msg_sent: 1502
tot_reconf_duration: 24.59
tot_sleeping_duration: 777696.8078799945
tot_uptimes: 203
tot_uptimes_duration: 12160.067600004382
