comms_cons: 297.0640384254944
finished_reconf: true
global_termination_time: 2924206.468
local_termination_time: 1940915.09536
node_cons: 60102.87303826916
tot_aggregated_send: 39904
tot_msg_rcv: 1768
tot_msg_sent: 3480
tot_reconf_duration: 6.279999999999999
tot_sleeping_duration: 2879326.449480007
tot_uptimes: 749
tot_uptimes_duration: 44880.01851999271
