comms_cons: 295.29548799954466
finished_reconf: true
global_termination_time: 2924331.4
local_termination_time: 108606.71447999997
node_cons: 60110.566378011914
tot_aggregated_send: 40368
tot_msg_rcv: 1496
tot_msg_sent: 3020
tot_reconf_duration: 11.899999999999999
tot_sleeping_duration: 2879451.33564002
tot_uptimes: 749
tot_uptimes_duration: 44880.06435997985
