comms_cons: 45.4030591999556
finished_reconf: true
global_termination_time: 458859.442
local_termination_time: 112393.39935999997
node_cons: 9406.70580000002
tot_aggregated_send: 6612
tot_msg_rcv: 118
tot_msg_sent: 171
tot_reconf_duration: 5.1
tot_sleeping_duration: 451839.442
tot_uptimes: 118
tot_uptimes_duration: 7020.0
