comms_cons: 45.949132800721785
finished_reconf: true
global_termination_time: 460443.321
local_termination_time: 13219.660280000004
node_cons: 9406.311980000013
tot_aggregated_send: 6380
tot_msg_rcv: 202
tot_msg_sent: 402
tot_reconf_duration: 4.8100000000000005
tot_sleeping_duration: 453423.321
tot_uptimes: 118
tot_uptimes_duration: 7020.0
