comms_cons: 2.3290367999965245
finished_reconf: true
global_termination_time: 15136.798
local_termination_time: 4475.33536
node_cons: 245.20263999999992
tot_aggregated_send: 0
tot_msg_rcv: 182
tot_msg_sent: 172
tot_reconf_duration: 3.08
tot_sleeping_duration: 14956.798
tot_uptimes: 4
tot_uptimes_duration: 180.0
