comms_cons: 2.1645567999970683
finished_reconf: true
global_termination_time: 14220.339
local_termination_time: 3973.7084800000002
node_cons: 271.77870000000075
tot_aggregated_send: 0
tot_msg_rcv: 176
tot_msg_sent: 153
tot_reconf_duration: 22.65
tot_sleeping_duration: 14040.339
tot_uptimes: 4
tot_uptimes_duration: 180.0
