comms_cons: 2.55070719999398
finished_reconf: true
global_termination_time: 12084.237
local_termination_time: 7185.610360000001
node_cons: 258.17154000000016
tot_aggregated_send: 0
tot_msg_rcv: 224
tot_msg_sent: 163
tot_reconf_duration: 12.629999999999999
tot_sleeping_duration: 11904.237
tot_uptimes: 4
tot_uptimes_duration: 180.0
