comms_cons: 202.22790389569866
finished_reconf: true
global_termination_time: 1061720.099
local_termination_time: 302685.6713600001
node_cons: 21776.29004111693
tot_aggregated_send: 0
tot_msg_rcv: 15420
tot_msg_sent: 15316
tot_reconf_duration: 3.05
tot_sleeping_duration: 1045460.0929200023
tot_uptimes: 272
tot_uptimes_duration: 16260.006079997635
