comms_cons: 14.415244799799595
finished_reconf: true
global_termination_time: 123745.999
local_termination_time: 6312.682640000002
node_cons: 2497.4902233597345
tot_aggregated_send: 1102
tot_msg_rcv: 391
tot_msg_sent: 697
tot_reconf_duration: 5.1
tot_sleeping_duration: 121885.9807600002
tot_uptimes: 32
tot_uptimes_duration: 1860.0182399998012
