comms_cons: 14.218278399786405
finished_reconf: true
global_termination_time: 120091.859
local_termination_time: 76914.76235999996
node_cons: 2428.125565598891
tot_aggregated_send: 928
tot_msg_rcv: 434
tot_msg_sent: 800
tot_reconf_duration: 13.17
tot_sleeping_duration: 118291.82860000082
tot_uptimes: 31
tot_uptimes_duration: 1800.0303999991738
