comms_cons: 419.13799043348854
finished_reconf: true
global_termination_time: 4224010.608
local_termination_time: 1220734.0585999996
node_cons: 86868.09194446549
tot_aggregated_send: 58464
tot_msg_rcv: 1824
tot_msg_sent: 3419
tot_reconf_duration: 15.110000000000001
tot_sleeping_duration: 4159150.583680009
tot_uptimes: 1082
tot_uptimes_duration: 64860.024319991004
