comms_cons: 423.7450688663105
finished_reconf: true
global_termination_time: 4228789.372
local_termination_time: 424279.99620000017
node_cons: 86942.83151116698
tot_aggregated_send: 57884
tot_msg_rcv: 2166
tot_msg_sent: 4355
tot_reconf_duration: 10.95
tot_sleeping_duration: 4163869.3112000236
tot_uptimes: 1083
tot_uptimes_duration: 64920.060799977044
