comms_cons: 425.0151296785506
finished_reconf: true
global_termination_time: 4226238.696
local_termination_time: 15265.24448
node_cons: 86944.13789340096
tot_aggregated_send: 58406
tot_msg_rcv: 2127
tot_msg_sent: 4066
tot_reconf_duration: 11.899999999999999
tot_sleeping_duration: 4161318.623040028
tot_uptimes: 1083
tot_uptimes_duration: 64920.072959972546
