comms_cons: 1.1184639999963062
finished_reconf: true
global_termination_time: 6796.251
local_termination_time: 3321.0443600000003
node_cons: 84.5226399999999
tot_aggregated_send: 0
tot_msg_rcv: 111
tot_msg_sent: 58
tot_reconf_duration: 3.08
tot_sleeping_duration: 6736.251
tot_uptimes: 2
tot_uptimes_duration: 60.0
