comms_cons: 184.32555511827306
finished_reconf: true
global_termination_time: 933325.874
local_termination_time: 2788.274040000001
node_cons: 19207.22162000003
tot_aggregated_send: 0
tot_msg_rcv: 14147
tot_msg_sent: 13867
tot_reconf_duration: 4.390000000000001
tot_sleeping_duration: 918985.874
tot_uptimes: 240
tot_uptimes_duration: 14340.0
