comms_cons: 95.29203839323648
finished_reconf: true
global_termination_time: 931928.419
local_termination_time: 243082.63264000084
node_cons: 19128.334645597977
tot_aggregated_send: 12470
tot_msg_rcv: 686
tot_msg_sent: 1327
tot_reconf_duration: 5.43
tot_sleeping_duration: 917648.3886000015
tot_uptimes: 239
tot_uptimes_duration: 14280.030399998475
