comms_cons: 14.913023999997638
finished_reconf: true
global_termination_time: 3465.829400000001
local_termination_time: 3465.788280000001
node_cons: 1600.5538816000021
tot_aggregated_send: 0
tot_msg_rcv: 1124
tot_msg_sent: 1140
tot_reconf_duration: 37.410000000000004
tot_sleeping_duration: 2308.435
tot_uptimes: 16
tot_uptimes_duration: 1157.394400000001
