comms_cons: 2.4875647999931827
finished_reconf: true
global_termination_time: 17652.161
local_termination_time: 4143.025360000001
node_cons: 346.7546000000011
tot_aggregated_send: 0
tot_msg_rcv: 219
tot_msg_sent: 159
tot_reconf_duration: 18.700000000000003
tot_sleeping_duration: 17412.161
tot_uptimes: 5
tot_uptimes_duration: 240.00000000000006
