comms_cons: 2.627820799990642
finished_reconf: true
global_termination_time: 16454.754
local_termination_time: 8172.640360000001
node_cons: 331.97956000000204
tot_aggregated_send: 0
tot_msg_rcv: 230
tot_msg_sent: 169
tot_reconf_duration: 7.819999999999999
tot_sleeping_duration: 16214.754
tot_uptimes: 5
tot_uptimes_duration: 240.0000000000009
