comms_cons: 230.3417344325155
finished_reconf: true
global_termination_time: 478310.2058400006
local_termination_time: 478310.1647200006
node_cons: 28977.773708404176
tot_aggregated_send: 0
tot_msg_rcv: 14133
tot_msg_sent: 20877
tot_reconf_duration: 24.59
tot_sleeping_duration: 456693.7902399975
tot_uptimes: 355
tot_uptimes_duration: 21616.41560000308
