comms_cons: 441.16230405330515
finished_reconf: true
global_termination_time: 4395132.827
local_termination_time: 2841970.5463599996
node_cons: 90413.29940558285
tot_aggregated_send: 61364
tot_msg_rcv: 1958
tot_msg_sent: 3732
tot_reconf_duration: 22.65
tot_sleeping_duration: 4327632.796600011
tot_uptimes: 1126
tot_uptimes_duration: 67500.0303999891
