comms_cons: 444.8359617096964
finished_reconf: true
global_termination_time: 4393866.14448
local_termination_time: 4393866.10336
node_cons: 90451.78333660666
tot_aggregated_send: 60468
tot_msg_rcv: 2362
tot_msg_sent: 4782
tot_reconf_duration: 37.410000000000004
tot_sleeping_duration: 4326352.342720023
tot_uptimes: 1126
tot_uptimes_duration: 67513.80175997713
