comms_cons: 446.2994625076948
finished_reconf: true
global_termination_time: 4396260.808
local_termination_time: 2005370.5941999997
node_cons: 90397.39452334924
tot_aggregated_send: 60262
tot_msg_rcv: 2589
tot_msg_sent: 4983
tot_reconf_duration: 10.95
tot_sleeping_duration: 4328760.789760007
tot_uptimes: 1126
tot_uptimes_duration: 67500.0182399936
