comms_cons: 440.92872327400914
finished_reconf: true
global_termination_time: 4394621.632
local_termination_time: 1455592.9837999982
node_cons: 90386.71517005036
tot_aggregated_send: 61538
tot_msg_rcv: 1886
tot_msg_sent: 3593
tot_reconf_duration: 3.05
tot_sleeping_duration: 4327121.57728002
tot_uptimes: 1126
tot_uptimes_duration: 67500.05471997987
