comms_cons: 48.2255360068772
finished_reconf: true
global_termination_time: 487396.377
local_termination_time: 2995.19512
node_cons: 9962.228912240595
tot_aggregated_send: 0
tot_msg_rcv: 0
tot_msg_sent: 0
tot_reconf_duration: 2.77
tot_sleeping_duration: 479956.3648399995
tot_uptimes: 125
tot_uptimes_duration: 7440.012160000435
