comms_cons: 8.37594879999296
finished_reconf: true
global_termination_time: 85418.409
local_termination_time: 2499.9124800000004
node_cons: 1702.5071211202908
tot_aggregated_send: 1102
tot_msg_rcv: 64
tot_msg_sent: 107
tot_reconf_duration: 11.31
tot_sleeping_duration: 84158.40291999979
tot_uptimes: 22
tot_uptimes_duration: 1260.0060800002175
