comms_cons: 1200.58935995557
finished_reconf: true
global_termination_time: 8043835.082
local_termination_time: 3713356.7096000006
node_cons: 165428.6533689315
tot_aggregated_send: 0
tot_msg_rcv: 91877
tot_msg_sent: 90605
tot_reconf_duration: 6.279999999999999
tot_sleeping_duration: 7920295.033360017
tot_uptimes: 2060
tot_uptimes_duration: 123540.0486399827
