comms_cons: 1200.8224287618582
finished_reconf: true
global_termination_time: 8046362.319
local_termination_time: 3714006.40436
node_cons: 165507.39092893127
tot_aggregated_send: 0
tot_msg_rcv: 91970
tot_msg_sent: 90548
tot_reconf_duration: 5.1
tot_sleeping_duration: 7922762.270360017
tot_uptimes: 2061
tot_uptimes_duration: 123600.0486399827
