comms_cons: 798.6158274027946
finished_reconf: true
global_termination_time: 8046748.397
local_termination_time: 1751125.0425999998
node_cons: 165508.930313562
tot_aggregated_send: 111882
tot_msg_rcv: 3110
tot_msg_sent: 6392
tot_reconf_duration: 6.22
tot_sleeping_duration: 7923148.334600024
tot_uptimes: 2061
tot_uptimes_duration: 123600.06239997593
