comms_cons: 50.549247999799725
finished_reconf: true
global_termination_time: 514485.436
local_termination_time: 66924.09559999994
node_cons: 10536.911380000014
tot_aggregated_send: 7250
tot_msg_rcv: 93
tot_msg_sent: 340
tot_reconf_duration: 9.11
tot_sleeping_duration: 506625.436
tot_uptimes: 132
tot_uptimes_duration: 7860.0
