comms_cons: 1402.4987624611626
finished_reconf: true
global_termination_time: 8460666.21
local_termination_time: 2598395.71936
node_cons: 174023.40838018034
tot_aggregated_send: 0
tot_msg_rcv: 107540
tot_msg_sent: 105630
tot_reconf_duration: 5.1
tot_sleeping_duration: 8330706.178200011
tot_uptimes: 2167
tot_uptimes_duration: 129960.03179998975
