comms_cons: 821.7618176411828
finished_reconf: true
global_termination_time: 8461100.353
local_termination_time: 5088944.994359999
node_cons: 174032.60019999318
tot_aggregated_send: 121568
tot_msg_rcv: 1124
tot_msg_sent: 2211
tot_reconf_duration: 11.899999999999999
tot_sleeping_duration: 8331140.353
tot_uptimes: 2167
tot_uptimes_duration: 129960.0
