comms_cons: 845.5332034204971
finished_reconf: true
global_termination_time: 8459870.559
local_termination_time: 2384959.54436
node_cons: 174023.87092781384
tot_aggregated_send: 118146
tot_msg_rcv: 3522
tot_msg_sent: 6848
tot_reconf_duration: 5.43
tot_sleeping_duration: 8329910.516440016
tot_uptimes: 2167
tot_uptimes_duration: 129960.04255998484
