comms_cons: 65.32182399282758
finished_reconf: true
global_termination_time: 654230.7806799985
local_termination_time: 654230.7395599985
node_cons: 13530.546910879235
tot_aggregated_send: 0
tot_msg_rcv: 222
tot_msg_sent: 9704
tot_reconf_duration: 33.98
tot_sleeping_duration: 644160.278759999
tot_uptimes: 168
tot_uptimes_duration: 10070.501919999399
