comms_cons: 12.750489600538613
finished_reconf: true
global_termination_time: 658069.317
local_termination_time: 246.11712
node_cons: 13500.88166000002
tot_aggregated_send: 0
tot_msg_rcv: 128
tot_msg_sent: 1810
tot_reconf_duration: 2.77
tot_sleeping_duration: 647989.317
tot_uptimes: 169
tot_uptimes_duration: 10080.0
