comms_cons: 2.2507135999936922
finished_reconf: true
global_termination_time: 12395.09748
local_termination_time: 12395.05636
node_cons: 292.76351872000083
tot_aggregated_send: 0
tot_msg_rcv: 173
tot_msg_sent: 169
tot_reconf_duration: 24.59
tot_sleeping_duration: 12201.393
tot_uptimes: 4
tot_uptimes_duration: 193.70448000000033
