comms_cons: 282.8570816231394
finished_reconf: false
global_termination_time: 2810863.722
local_termination_time: 0
node_cons: 57844.79999999896
tot_aggregated_send: 39440
tot_msg_rcv: 1232
tot_msg_sent: 2320
tot_reconf_duration: 0
tot_sleeping_duration: 2767663.722
tot_uptimes: 720
tot_uptimes_duration: 43200.0
