comms_cons: 279.2804608072758
finished_reconf: false
global_termination_time: 2808697.81
local_termination_time: 0
node_cons: 57844.79999999896
tot_aggregated_send: 40310
tot_msg_rcv: 689
tot_msg_sent: 1450
tot_reconf_duration: 0
tot_sleeping_duration: 2765497.81
tot_uptimes: 720
tot_uptimes_duration: 43200.0
