comms_cons: 256.7993343999946
finished_reconf: true
global_termination_time: 2808512.433
local_termination_time: 7107.369
node_cons: 57854.69981999896
tot_aggregated_send: 39026
tot_msg_rcv: 3
tot_msg_sent: 3
tot_reconf_duration: 7.29
tot_sleeping_duration: 2765312.433
tot_uptimes: 720
tot_uptimes_duration: 43200.0
