comms_cons: 259.87839999999716
finished_reconf: true
global_termination_time: 2811053.435
local_termination_time: 5747.977
node_cons: 57853.26033999896
tot_aggregated_send: 39491
tot_msg_rcv: 5
tot_msg_sent: 4
tot_reconf_duration: 6.23
tot_sleeping_duration: 2767853.435
tot_uptimes: 720
tot_uptimes_duration: 43200.0
