comms_cons: 263.1285247999991
finished_reconf: true
global_termination_time: 2810840.84
local_termination_time: 4408.612
node_cons: 57850.68013999896
tot_aggregated_send: 39957
tot_msg_rcv: 3
tot_msg_sent: 34
tot_reconf_duration: 4.33
tot_sleeping_duration: 2767640.84
tot_uptimes: 720
tot_uptimes_duration: 43200.0
