comms_cons: 196.54298878224574
finished_reconf: true
global_termination_time: 1938778.706
local_termination_time: 583041.4744799999
node_cons: 39857.20080446711
tot_aggregated_send: 26854
tot_msg_rcv: 1103
tot_msg_sent: 1915
tot_reconf_duration: 6.279999999999999
tot_sleeping_duration: 1909018.6816800095
tot_uptimes: 497
tot_uptimes_duration: 29760.024319990538
