comms_cons: 192.59898879082306
finished_reconf: true
global_termination_time: 1936933.9301200004
local_termination_time: 428726.37560000055
node_cons: 39925.467584152066
tot_aggregated_send: 27434
tot_msg_rcv: 573
tot_msg_sent: 1267
tot_reconf_duration: 22.65
tot_sleeping_duration: 1907139.524680006
tot_uptimes: 497
tot_uptimes_duration: 29794.40543999424
