comms_cons: 195.6595135843018
finished_reconf: true
global_termination_time: 1937598.358
local_termination_time: 1097567.4584799998
node_cons: 39857.119324467036
tot_aggregated_send: 26912
tot_msg_rcv: 975
tot_msg_sent: 1851
tot_reconf_duration: 6.22
tot_sleeping_duration: 1907838.3336800095
tot_uptimes: 497
tot_uptimes_duration: 29760.024319990538
