comms_cons: 192.88911998967055
finished_reconf: true
global_termination_time: 1940390.258
local_termination_time: 783799.7389599996
node_cons: 39856.03022223332
tot_aggregated_send: 27086
tot_msg_rcv: 672
tot_msg_sent: 1559
tot_reconf_duration: 5.43
tot_sleeping_duration: 1910630.2458400046
tot_uptimes: 497
tot_uptimes_duration: 29760.01215999527
