comms_cons: 224.88887678630383
finished_reconf: true
global_termination_time: 2231300.504
local_termination_time: 249133.1983200002
node_cons: 45880.720826700635
tot_aggregated_send: 31204
tot_msg_rcv: 1059
tot_msg_sent: 1918
tot_reconf_duration: 4.8100000000000005
tot_sleeping_duration: 2197040.467520014
tot_uptimes: 572
tot_uptimes_duration: 34260.03647998592
