comms_cons: 299.04890218259743
finished_reconf: true
global_termination_time: 1518516.92
local_termination_time: 2179.90348
node_cons: 31196.681744481175
tot_aggregated_send: 0
tot_msg_rcv: 22954
tot_msg_sent: 22497
tot_reconf_duration: 18.21
tot_sleeping_duration: 1495236.8956799991
tot_uptimes: 389
tot_uptimes_duration: 23280.02432000084
