comms_cons: 150.47946239210987
finished_reconf: true
global_termination_time: 1522184.388
local_termination_time: 698628.6753599999
node_cons: 31273.116143350504
tot_aggregated_send: 21112
tot_msg_rcv: 548
tot_msg_sent: 1212
tot_reconf_duration: 15.34
tot_sleeping_duration: 1498844.3697600071
tot_uptimes: 390
tot_uptimes_duration: 23340.018239992904
