comms_cons: 67.37496959832093
finished_reconf: true
global_termination_time: 665683.435
local_termination_time: 53846.15836000001
node_cons: 13682.561744481141
tot_aggregated_send: 8932
tot_msg_rcv: 463
tot_msg_sent: 845
tot_reconf_duration: 18.21
tot_sleeping_duration: 655483.4106799993
tot_uptimes: 171
tot_uptimes_duration: 10200.02432000084
