comms_cons: 66.84617599996514
finished_reconf: true
global_termination_time: 667094.461
local_termination_time: 385197.42536000005
node_cons: 13664.73394112142
tot_aggregated_send: 8990
tot_msg_rcv: 414
tot_msg_sent: 756
tot_reconf_duration: 5.1
tot_sleeping_duration: 656894.454919999
tot_uptimes: 171
tot_uptimes_duration: 10200.006080001069
