comms_cons: 66.80519680080604
finished_reconf: true
global_termination_time: 664557.874
local_termination_time: 208915.63096000016
node_cons: 13675.684860000038
tot_aggregated_send: 9396
tot_msg_rcv: 306
tot_msg_sent: 452
tot_reconf_duration: 13.17
tot_sleeping_duration: 654357.874
tot_uptimes: 171
tot_uptimes_duration: 10200.0
