comms_cons: 87.18160639853546
finished_reconf: true
global_termination_time: 887697.4564799998
local_termination_time: 887697.4153599999
node_cons: 18288.931659836657
tot_aggregated_send: 12920
tot_msg_rcv: 90
tot_msg_sent: 240
tot_reconf_duration: 24.59
tot_sleeping_duration: 874063.7459200023
tot_uptimes: 228
tot_uptimes_duration: 13633.710559997475
