comms_cons: 840.4424194228476
finished_reconf: true
global_termination_time: 8404654.899
local_termination_time: 2879770.1426799996
node_cons: 172900.27336893146
tot_aggregated_send: 115072
tot_msg_rcv: 4554
tot_msg_sent: 8115
tot_reconf_duration: 6.279999999999999
tot_sleeping_duration: 8275534.850360017
tot_uptimes: 2153
tot_uptimes_duration: 129120.04863998294
