comms_cons: 832.9865985923972
finished_reconf: true
global_termination_time: 8403021.896
local_termination_time: 1641420.06036
node_cons: 172907.1203911655
tot_aggregated_send: 116812
tot_msg_rcv: 3006
tot_msg_sent: 6791
tot_reconf_duration: 11.31
tot_sleeping_duration: 8273901.835200021
tot_uptimes: 2152
tot_uptimes_duration: 129120.06079997867
