comms_cons: 36.02112000053913
finished_reconf: true
global_termination_time: 357616.855
local_termination_time: 73821.92035999996
node_cons: 7319.468240000007
tot_aggregated_send: 4930
tot_msg_rcv: 202
tot_msg_sent: 343
tot_reconf_duration: 6.279999999999999
tot_sleeping_duration: 352156.855
tot_uptimes: 92
tot_uptimes_duration: 5460.0
