comms_cons: 34.96844800010291
finished_reconf: true
global_termination_time: 358709.141
local_termination_time: 12655.56136
node_cons: 7316.901620000008
tot_aggregated_send: 5162
tot_msg_rcv: 41
tot_msg_sent: 112
tot_reconf_duration: 4.390000000000001
tot_sleeping_duration: 353249.141
tot_uptimes: 92
tot_uptimes_duration: 5460.0
