comms_cons: 56.5093759995864
finished_reconf: true
global_termination_time: 569209.723
local_termination_time: 80150.26787999974
node_cons: 11653.482640000018
tot_aggregated_send: 8004
tot_msg_rcv: 181
tot_msg_sent: 404
tot_reconf_duration: 3.08
tot_sleeping_duration: 560509.723
tot_uptimes: 146
tot_uptimes_duration: 8700.0
