comms_cons: 55.56855039998018
finished_reconf: true
global_termination_time: 568873.864
local_termination_time: 102157.25127999953
node_cons: 11672.267907040838
tot_aggregated_send: 8236
tot_msg_rcv: 49
tot_msg_sent: 161
tot_reconf_duration: 15.34
tot_sleeping_duration: 560172.2686399994
tot_uptimes: 146
tot_uptimes_duration: 8701.595360000603
