comms_cons: 148.28166396376062
finished_reconf: true
global_termination_time: 800068.393
local_termination_time: 293652.1983600001
node_cons: 16420.143123355152
tot_aggregated_send: 0
tot_msg_rcv: 11467
tot_msg_sent: 11071
tot_reconf_duration: 22.65
tot_sleeping_duration: 787828.3747600036
tot_uptimes: 205
tot_uptimes_duration: 12240.018239996338
