comms_cons: 356.3606016456961
finished_reconf: true
global_termination_time: 3550268.561
local_termination_time: 2199230.2463599998
node_cons: 73033.29962781782
tot_aggregated_send: 49880
tot_msg_rcv: 1435
tot_msg_sent: 2849
tot_reconf_duration: 3.08
tot_sleeping_duration: 3495728.5184400156
tot_uptimes: 910
tot_uptimes_duration: 54540.042559984606
