comms_cons: 357.9019008693953
finished_reconf: true
global_termination_time: 3548307.555359998
local_termination_time: 172295.32036000004
node_cons: 72982.70786020506
tot_aggregated_send: 49300
tot_msg_rcv: 1731
tot_msg_sent: 3368
tot_reconf_duration: 11.899999999999999
tot_sleeping_duration: 3493814.241200023
tot_uptimes: 909
tot_uptimes_duration: 54493.314159975154
