comms_cons: 350.3122432205571
finished_reconf: true
global_termination_time: 3551053.883
local_termination_time: 737665.84236
node_cons: 73037.54746558354
tot_aggregated_send: 49648
tot_msg_rcv: 1270
tot_msg_sent: 2328
tot_reconf_duration: 6.22
tot_sleeping_duration: 3496513.852600011
tot_uptimes: 910
tot_uptimes_duration: 54540.03039998887
