comms_cons: 827.0530497723812
finished_reconf: true
global_termination_time: 8322138.338
local_termination_time: 2507627.7323600003
node_cons: 171213.13336893125
tot_aggregated_send: 115246
tot_msg_rcv: 3491
tot_msg_sent: 6968
tot_reconf_duration: 6.279999999999999
tot_sleeping_duration: 8194278.289360018
tot_uptimes: 2132
tot_uptimes_duration: 127860.0486399827
