comms_cons: 824.9532289965204
finished_reconf: true
global_termination_time: 8321715.124
local_termination_time: 2543158.883999998
node_cons: 171211.530928931
tot_aggregated_send: 115246
tot_msg_rcv: 3333
tot_msg_sent: 6809
tot_reconf_duration: 5.1
tot_sleeping_duration: 8193855.075360018
tot_uptimes: 2132
tot_uptimes_duration: 127860.0486399827
