comms_cons: 91.27738241284865
finished_reconf: true
global_termination_time: 534191.18
local_termination_time: 37656.13260000002
node_cons: 10932.209761121454
tot_aggregated_send: 0
tot_msg_rcv: 7013
tot_msg_sent: 6860
tot_reconf_duration: 4.390000000000001
tot_sleeping_duration: 526031.173919999
tot_uptimes: 137
tot_uptimes_duration: 8160.006080001069
