comms_cons: 95.09443839793757
finished_reconf: true
global_termination_time: 963697.453
local_termination_time: 449761.0293600001
node_cons: 19767.806323355187
tot_aggregated_send: 13224
tot_msg_rcv: 471
tot_msg_sent: 758
tot_reconf_duration: 3.05
tot_sleeping_duration: 948937.4347600036
tot_uptimes: 247
tot_uptimes_duration: 14760.018239996338
