comms_cons: 93.88483839800875
finished_reconf: true
global_termination_time: 963735.224
local_termination_time: 160578.0231200009
node_cons: 19774.891353760286
tot_aggregated_send: 12412
tot_msg_rcv: 654
tot_msg_sent: 1204
tot_reconf_duration: 7.819999999999999
tot_sleeping_duration: 948974.7521599999
tot_uptimes: 247
tot_uptimes_duration: 14760.471840000217
