comms_cons: 97.02172159418734
finished_reconf: true
global_termination_time: 959063.86624
local_termination_time: 17991.13008
node_cons: 19710.839186070258
tot_aggregated_send: 12760
tot_msg_rcv: 584
tot_msg_sent: 1401
tot_reconf_duration: 6.22
tot_sleeping_duration: 944349.6075200073
tot_uptimes: 246
tot_uptimes_duration: 14714.258719992707
