comms_cons: 91.81873920002921
finished_reconf: true
global_termination_time: 954741.881
local_termination_time: 169439.18296000062
node_cons: 19620.844860000045
tot_aggregated_send: 13398
tot_msg_rcv: 178
tot_msg_sent: 378
tot_reconf_duration: 13.17
tot_sleeping_duration: 940101.881
tot_uptimes: 245
tot_uptimes_duration: 14640.0
