comms_cons: 90.52979200054251
finished_reconf: true
global_termination_time: 954893.604
local_termination_time: 402358.96236000006
node_cons: 19609.50012112146
tot_aggregated_send: 13224
tot_msg_rcv: 180
tot_msg_sent: 356
tot_reconf_duration: 4.8100000000000005
tot_sleeping_duration: 940253.597919999
tot_uptimes: 245
tot_uptimes_duration: 14640.006080001069
