comms_cons: 95.90675839934147
finished_reconf: true
global_termination_time: 951581.876
local_termination_time: 124547.31291999982
node_cons: 19528.59790224289
tot_aggregated_send: 12934
tot_msg_rcv: 536
tot_msg_sent: 1107
tot_reconf_duration: 4.390000000000001
tot_sleeping_duration: 937001.8638399979
tot_uptimes: 244
tot_uptimes_duration: 14580.01216000214
