comms_cons: 60.90337919919773
finished_reconf: true
global_termination_time: 596684.027
local_termination_time: 407490.84088000044
node_cons: 12242.454982242916
tot_aggregated_send: 8004
tot_msg_rcv: 457
tot_msg_sent: 796
tot_reconf_duration: 22.65
tot_sleeping_duration: 587564.0148399979
tot_uptimes: 153
tot_uptimes_duration: 9120.012160002141
