comms_cons: 35.67304960014219
finished_reconf: true
global_termination_time: 353241.663
local_termination_time: 59113.55348000002
node_cons: 7247.759681119166
tot_aggregated_send: 4872
tot_msg_rcv: 210
tot_msg_sent: 340
tot_reconf_duration: 12.629999999999999
tot_sleeping_duration: 347841.6569200006
tot_uptimes: 91
tot_uptimes_duration: 5400.006079999366
