comms_cons: 37.42248960056265
finished_reconf: true
global_termination_time: 355614.062
local_termination_time: 262013.8050800006
node_cons: 7319.419324483453
tot_aggregated_send: 4524
tot_msg_rcv: 446
tot_msg_sent: 718
tot_reconf_duration: 6.22
tot_sleeping_duration: 350154.03767999745
tot_uptimes: 92
tot_uptimes_duration: 5460.0243200025725
