comms_cons: 105.87248639554466
finished_reconf: true
global_termination_time: 1059513.5
local_termination_time: 270638.68036000006
node_cons: 21779.513940000023
tot_aggregated_send: 14964
tot_msg_rcv: 379
tot_msg_sent: 749
tot_reconf_duration: 5.43
tot_sleeping_duration: 1043253.5
tot_uptimes: 272
tot_uptimes_duration: 16260.0
