comms_cons: 27.783961600194566
finished_reconf: true
global_termination_time: 280519.604
local_termination_time: 33206.433440000044
node_cons: 5711.7040600000055
tot_aggregated_send: 4002
tot_msg_rcv: 110
tot_msg_sent: 111
tot_reconf_duration: 5.57
tot_sleeping_duration: 276259.604
tot_uptimes: 72
tot_uptimes_duration: 4260.0
