comms_cons: 27.58160640005101
finished_reconf: true
global_termination_time: 283830.906
local_termination_time: 92163.83435999996
node_cons: 5791.020121121436
tot_aggregated_send: 4060
tot_msg_rcv: 19
tot_msg_sent: 113
tot_reconf_duration: 4.8100000000000005
tot_sleeping_duration: 279510.89991999895
tot_uptimes: 73
tot_uptimes_duration: 4320.006080001071
