comms_cons: 27.19841279999839
finished_reconf: true
global_termination_time: 279911.204
local_termination_time: 13286.331640000004
node_cons: 5708.2819000000045
tot_aggregated_send: 4060
tot_msg_rcv: 18
tot_msg_sent: 56
tot_reconf_duration: 3.05
tot_sleeping_duration: 275651.204
tot_uptimes: 72
tot_uptimes_duration: 4260.0
