comms_cons: 27.961600000272366
finished_reconf: true
global_termination_time: 282537.88
local_termination_time: 154807.72856000022
node_cons: 5799.838980000002
tot_aggregated_send: 4060
tot_msg_rcv: 84
tot_msg_sent: 106
tot_reconf_duration: 11.31
tot_sleeping_duration: 278217.88
tot_uptimes: 73
tot_uptimes_duration: 4320.0
