comms_cons: 33.837452800570965
finished_reconf: true
global_termination_time: 330894.54084000026
local_termination_time: 135348.12836000006
node_cons: 6809.014510003213
tot_aggregated_send: 4408
tot_msg_rcv: 285
tot_msg_sent: 451
tot_reconf_duration: 25.299999999999997
tot_sleeping_duration: 325835.0508399979
tot_uptimes: 85
tot_uptimes_duration: 5059.490000002377
