comms_cons: 32.494668800262325
finished_reconf: true
global_termination_time: 331381.169
local_termination_time: 232543.7990400003
node_cons: 6763.430099999984
tot_aggregated_send: 4756
tot_msg_rcv: 77
tot_msg_sent: 106
tot_reconf_duration: 10.95
tot_sleeping_duration: 326341.169
tot_uptimes: 85
tot_uptimes_duration: 5040.0
