comms_cons: 34.95528960064171
finished_reconf: true
global_termination_time: 333130.079
local_termination_time: 15114.20972
node_cons: 6844.286616964179
tot_aggregated_send: 4292
tot_msg_rcv: 388
tot_msg_sent: 633
tot_reconf_duration: 11.31
tot_sleeping_duration: 328030.0583599969
tot_uptimes: 86
tot_uptimes_duration: 5100.020640003117
