comms_cons: 12.726054399774323
finished_reconf: true
global_termination_time: 83725.617
local_termination_time: 30579.216360000002
node_cons: 1691.363345600318
tot_aggregated_send: 522
tot_msg_rcv: 709
tot_msg_sent: 703
tot_reconf_duration: 3.08
tot_sleeping_duration: 82465.58659999976
tot_uptimes: 22
tot_uptimes_duration: 1260.030400000236
