comms_cons: 12.922726399961071
finished_reconf: true
global_termination_time: 83096.334
local_termination_time: 14739.70436
node_cons: 1699.9839382813857
tot_aggregated_send: 406
tot_msg_rcv: 737
tot_msg_sent: 819
tot_reconf_duration: 9.42
tot_sleeping_duration: 81836.29547999897
tot_uptimes: 22
tot_uptimes_duration: 1260.038520001035
