comms_cons: 12.324723199956644
finished_reconf: true
global_termination_time: 83386.593
local_termination_time: 33779.37652000008
node_cons: 1691.2981822394459
tot_aggregated_send: 464
tot_msg_rcv: 651
tot_msg_sent: 760
tot_reconf_duration: 3.05
tot_sleeping_duration: 82126.58084000042
tot_uptimes: 22
tot_uptimes_duration: 1260.0121599995837
