comms_cons: 13.271500799757877
finished_reconf: true
global_termination_time: 84801.59
local_termination_time: 26868.538360000002
node_cons: 1694.5465044788855
tot_aggregated_send: 406
tot_msg_rcv: 792
tot_msg_sent: 820
tot_reconf_duration: 5.43
tot_sleeping_duration: 83541.56568000083
tot_uptimes: 22
tot_uptimes_duration: 1260.0243199991673
