comms_cons: 219.3636863949937
finished_reconf: true
global_termination_time: 2208651.197
local_termination_time: 1217675.433399999
node_cons: 45399.02579999931
tot_aggregated_send: 31784
tot_msg_rcv: 631
tot_msg_sent: 927
tot_reconf_duration: 5.1
tot_sleeping_duration: 2174751.197
tot_uptimes: 566
tot_uptimes_duration: 33900.0
