comms_cons: 218.35048958969054
finished_reconf: true
global_termination_time: 2208933.57
local_termination_time: 1232866.2323599998
node_cons: 45409.9848599994
tot_aggregated_send: 31726
tot_msg_rcv: 536
tot_msg_sent: 926
tot_reconf_duration: 13.17
tot_sleeping_duration: 2175033.57
tot_uptimes: 566
tot_uptimes_duration: 33900.0
