comms_cons: 218.77813759767997
finished_reconf: true
global_termination_time: 2207848.795
local_termination_time: 78601.32447999995
node_cons: 45396.28263999949
tot_aggregated_send: 31610
tot_msg_rcv: 485
tot_msg_sent: 1158
tot_reconf_duration: 3.08
tot_sleeping_duration: 2173948.795
tot_uptimes: 566
tot_uptimes_duration: 33899.999999999985
