comms_cons: 222.148620778082
finished_reconf: true
global_termination_time: 2208598.953
local_termination_time: 769964.1356399981
node_cons: 45398.737814518405
tot_aggregated_send: 30276
tot_msg_rcv: 1224
tot_msg_sent: 2265
tot_reconf_duration: 4.8100000000000005
tot_sleeping_duration: 2174698.8739600307
tot_uptimes: 566
tot_uptimes_duration: 33900.07903996925
