comms_cons: 226.9359999796304
finished_reconf: true
global_termination_time: 2207849.487
local_termination_time: 572536.7884799988
node_cons: 45413.029413401455
tot_aggregated_send: 29348
tot_msg_rcv: 1720
tot_msg_sent: 3426
tot_reconf_duration: 15.34
tot_sleeping_duration: 2173949.4140400286
tot_uptimes: 566
tot_uptimes_duration: 33900.072959971614
