comms_cons: 231.23782398244617
finished_reconf: true
global_termination_time: 2313519.42
local_termination_time: 528451.87136
node_cons: 47567.86082670048
tot_aggregated_send: 32480
tot_msg_rcv: 920
tot_msg_sent: 1746
tot_reconf_duration: 4.8100000000000005
tot_sleeping_duration: 2277999.383520014
tot_uptimes: 593
tot_uptimes_duration: 35520.03647998581
