comms_cons: 223.87043839278593
finished_reconf: true
global_termination_time: 2310299.059
local_termination_time: 1341255.59136
node_cons: 47489.38675999937
tot_aggregated_send: 32712
tot_msg_rcv: 430
tot_msg_sent: 885
tot_reconf_duration: 6.22
tot_sleeping_duration: 2274839.059
tot_uptimes: 592
tot_uptimes_duration: 35460.0
