comms_cons: 254.10114559109516
finished_reconf: true
global_termination_time: 2575779.327
local_termination_time: 1330354.71236
node_cons: 52951.62405999926
tot_aggregated_send: 36888
tot_msg_rcv: 576
tot_msg_sent: 1157
tot_reconf_duration: 5.57
tot_sleeping_duration: 2536239.327
tot_uptimes: 660
tot_uptimes_duration: 39540.0
