comms_cons: 258.7310015781593
finished_reconf: true
global_termination_time: 2576915.207
local_termination_time: 717297.5115199982
node_cons: 52954.76097116822
tot_aggregated_send: 34684
tot_msg_rcv: 1501
tot_msg_sent: 3139
tot_reconf_duration: 7.819999999999999
tot_sleeping_duration: 2537375.146200023
tot_uptimes: 660
tot_uptimes_duration: 39540.06079997681
