comms_cons: 32.46897920065174
finished_reconf: true
global_termination_time: 310856.409
local_termination_time: 24587.530359999997
node_cons: 6372.287164485726
tot_aggregated_send: 4060
tot_msg_rcv: 365
tot_msg_sent: 511
tot_reconf_duration: 18.700000000000003
tot_sleeping_duration: 306116.3846799957
tot_uptimes: 80
tot_uptimes_duration: 4740.024320004275
