comms_cons: 12.369523199837392
finished_reconf: true
global_termination_time: 114025.546
local_termination_time: 53164.03472000011
node_cons: 2340.8787844777503
tot_aggregated_send: 870
tot_msg_rcv: 426
tot_msg_sent: 585
tot_reconf_duration: 8.09
tot_sleeping_duration: 112285.5216800017
tot_uptimes: 30
tot_uptimes_duration: 1740.0243199983163
