comms_cons: 12.568153599905386
finished_reconf: true
global_termination_time: 113716.388
local_termination_time: 37419.97988000018
node_cons: 2336.4082622394394
tot_aggregated_send: 580
tot_msg_rcv: 626
tot_msg_sent: 704
tot_reconf_duration: 4.8100000000000005
tot_sleeping_duration: 111976.37584000043
tot_uptimes: 30
tot_uptimes_duration: 1740.0121599995837
