comms_cons: 13.909055999875138
finished_reconf: true
global_termination_time: 115002.887
local_termination_time: 30323.08712
node_cons: 2335.8379022383015
tot_aggregated_send: 696
tot_msg_rcv: 655
tot_msg_sent: 763
tot_reconf_duration: 4.390000000000001
tot_sleeping_duration: 113262.87484000127
tot_uptimes: 30
tot_uptimes_duration: 1740.0121599987324
