comms_cons: 13.876000000001302
finished_reconf: true
global_termination_time: 115668.667
local_termination_time: 26339.287360000002
node_cons: 2334.058887837481
tot_aggregated_send: 580
tot_msg_rcv: 602
tot_msg_sent: 927
tot_reconf_duration: 3.05
tot_sleeping_duration: 113928.62444000189
tot_uptimes: 30
tot_uptimes_duration: 1740.0425599981172
