comms_cons: 13.106393599825967
finished_reconf: true
global_termination_time: 112770.673
local_termination_time: 42419.50648000001
node_cons: 2260.1477011191505
tot_aggregated_send: 870
tot_msg_rcv: 486
tot_msg_sent: 637
tot_reconf_duration: 7.819999999999999
tot_sleeping_duration: 111090.66692000063
tot_uptimes: 29
tot_uptimes_duration: 1680.0060799993662
