comms_cons: 542.2445056653628
finished_reconf: true
global_termination_time: 5432089.558
local_termination_time: 649839.799
node_cons: 111762.80416180674
tot_aggregated_send: 75861
tot_msg_rcv: 2220
tot_msg_sent: 4337
tot_reconf_duration: 4.8100000000000005
tot_sleeping_duration: 5348627.069440022
tot_uptimes: 1392
tot_uptimes_duration: 83462.48855997762
