comms_cons: 0.6710783999996417
finished_reconf: true
global_termination_time: 5862.879
local_termination_time: 338.15535999999986
node_cons: 105.06917999999997
tot_aggregated_send: 0
tot_msg_rcv: 60
tot_msg_sent: 41
tot_reconf_duration: 18.21
tot_sleeping_duration: 5802.879
tot_uptimes: 2
tot_uptimes_duration: 60.0
