comms_cons: 432.08378243366826
finished_reconf: true
global_termination_time: 4352931.893
local_termination_time: 2790849.04936
node_cons: 89523.48917999754
tot_aggregated_send: 62698
tot_msg_rcv: 1079
tot_msg_sent: 1897
tot_reconf_duration: 18.21
tot_sleeping_duration: 4286091.893
tot_uptimes: 1115
tot_uptimes_duration: 66840.0
