comms_cons: 438.1423232696937
finished_reconf: true
global_termination_time: 4353743.331
local_termination_time: 1028064.6503599999
node_cons: 89511.18022669981
tot_aggregated_send: 59392
tot_msg_rcv: 2211
tot_msg_sent: 4992
tot_reconf_duration: 9.11
tot_sleeping_duration: 4286903.294520014
tot_uptimes: 1115
tot_uptimes_duration: 66840.03647998674
