comms_cons: 438.30052487856966
finished_reconf: true
global_termination_time: 4351367.31
local_termination_time: 2166205.12048
node_cons: 89524.18716446612
tot_aggregated_send: 60610
tot_msg_rcv: 2017
tot_msg_sent: 3992
tot_reconf_duration: 18.700000000000003
tot_sleeping_duration: 4284527.285680008
tot_uptimes: 1115
tot_uptimes_duration: 66840.02431999124
