comms_cons: 440.4740929062656
finished_reconf: true
global_termination_time: 4351102.943
local_termination_time: 1559762.839639999
node_cons: 89502.95074669928
tot_aggregated_send: 60494
tot_msg_rcv: 2332
tot_msg_sent: 4124
tot_reconf_duration: 3.05
tot_sleeping_duration: 4284262.906520014
tot_uptimes: 1115
tot_uptimes_duration: 66840.0364799865
