comms_cons: 215.63020798625735
finished_reconf: true
global_termination_time: 2159106.048
local_termination_time: 5994.928999999999
node_cons: 44377.21913342453
tot_aggregated_send: 29443
tot_msg_rcv: 995
tot_msg_sent: 2336
tot_reconf_duration: 21.68
tot_sleeping_duration: 2125985.975040011
tot_uptimes: 553
tot_uptimes_duration: 33120.072959988785
