comms_cons: 130.42731519298113
finished_reconf: true
global_termination_time: 1303769.513
local_termination_time: 6528.826999999999
node_cons: 26756.997942238308
tot_aggregated_send: 18208
tot_msg_rcv: 512
tot_msg_sent: 1104
tot_reconf_duration: 2.77
tot_sleeping_duration: 1283789.5008400013
tot_uptimes: 334
tot_uptimes_duration: 19980.012159998703
