comms_cons: 3091.953922036137
finished_reconf: true
global_termination_time: 7928786.843
local_termination_time: 3154519.63448
node_cons: 480582.830139
tot_aggregated_send: 0
tot_msg_rcv: 190069
tot_msg_sent: 279893
tot_reconf_duration: 5.57
tot_sleeping_duration: 7569880.744360013
tot_uptimes: 5875
tot_uptimes_duration: 358906.0986399874
