comms_cons: 1258.7131106195095
finished_reconf: true
global_termination_time: 7929515.417
local_termination_time: 3154825.9593599997
node_cons: 163097.1827878142
tot_aggregated_send: 0
tot_msg_rcv: 96259
tot_msg_sent: 95057
tot_reconf_duration: 5.1
tot_sleeping_duration: 7807715.374440016
tot_uptimes: 2031
tot_uptimes_duration: 121800.04255998484
