comms_cons: 789.2934657756564
finished_reconf: true
global_termination_time: 7927547.605
local_termination_time: 3444883.8669199995
node_cons: 163174.76334558023
tot_aggregated_send: 109736
tot_msg_rcv: 3572
tot_msg_sent: 6660
tot_reconf_duration: 3.08
tot_sleeping_duration: 7805687.574600011
tot_uptimes: 2031
tot_uptimes_duration: 121860.03039998934
