comms_cons: 795.9428866673318
finished_reconf: true
global_termination_time: 7927566.177
local_termination_time: 595753.6433599999
node_cons: 163121.04011116494
tot_aggregated_send: 109678
tot_msg_rcv: 3661
tot_msg_sent: 7638
tot_reconf_duration: 22.65
tot_sleeping_duration: 7805766.116200022
tot_uptimes: 2031
tot_uptimes_duration: 121800.06079997797
