comms_cons: 791.3488641969524
finished_reconf: true
global_termination_time: 7929191.573
local_termination_time: 923474.5995999979
node_cons: 163095.58513467925
tot_aggregated_send: 110084
tot_msg_rcv: 3568
tot_msg_sent: 6626
tot_reconf_duration: 3.05
tot_sleeping_duration: 7807390.644520027
tot_uptimes: 2031
tot_uptimes_duration: 121800.92847997369
