comms_cons: 74.76172799842789
finished_reconf: true
global_termination_time: 744075.283
local_termination_time: 522945.20392000035
node_cons: 15268.750041116919
tot_aggregated_send: 10266
tot_msg_rcv: 343
tot_msg_sent: 754
tot_reconf_duration: 3.05
tot_sleeping_duration: 732675.2769200024
tot_uptimes: 191
tot_uptimes_duration: 11400.006079997635
