comms_cons: 73.69320959994042
finished_reconf: true
global_termination_time: 723494.416
local_termination_time: 99528.02935999997
node_cons: 14893.699405597989
tot_aggregated_send: 9628
tot_msg_rcv: 484
tot_msg_sent: 1088
tot_reconf_duration: 22.65
tot_sleeping_duration: 712394.3856000016
tot_uptimes: 186
tot_uptimes_duration: 11100.030399998475
