comms_cons: 28.33128960019508
finished_reconf: true
global_termination_time: 267129.894
local_termination_time: 72067.48823999944
node_cons: 5467.318922242869
tot_aggregated_send: 3248
tot_msg_rcv: 361
tot_msg_sent: 698
tot_reconf_duration: 3.08
tot_sleeping_duration: 263049.88183999783
tot_uptimes: 69
tot_uptimes_duration: 4080.0121600021375
