comms_cons: 52.52238080426352
finished_reconf: true
global_termination_time: 268628.962
local_termination_time: 1327.4174800000026
node_cons: 5493.878700000006
tot_aggregated_send: 0
tot_msg_rcv: 4058
tot_msg_sent: 3926
tot_reconf_duration: 22.65
tot_sleeping_duration: 264548.962
tot_uptimes: 69
tot_uptimes_duration: 4080.0
