comms_cons: 27.639219200446643
finished_reconf: true
global_termination_time: 267747.275
local_termination_time: 4352.6351200000045
node_cons: 5485.103709285744
tot_aggregated_send: 3190
tot_msg_rcv: 257
tot_msg_sent: 754
tot_reconf_duration: 11.31
tot_sleeping_duration: 263662.3274799957
tot_uptimes: 69
tot_uptimes_duration: 4084.947520004286
