comms_cons: 686.8711611220939
finished_reconf: true
global_termination_time: 2074400.418
local_termination_time: 369340.44760000013
node_cons: 125356.34825914931
tot_aggregated_send: 0
tot_msg_rcv: 42116
tot_msg_sent: 62284
tot_reconf_duration: 18.21
tot_sleeping_duration: 1980799.5075600052
tot_uptimes: 1532
tot_uptimes_duration: 93600.9104399948
