comms_cons: 200.5603327947758
finished_reconf: true
global_termination_time: 2075902.953
local_termination_time: 982322.648999998
node_cons: 42718.82286623074
tot_aggregated_send: 29522
tot_msg_rcv: 265
tot_msg_sent: 698
tot_reconf_duration: 25.299999999999997
tot_sleeping_duration: 2044025.0848400067
tot_uptimes: 532
tot_uptimes_duration: 31877.86815999332
