comms_cons: 206.79741438534072
finished_reconf: true
global_termination_time: 2075042.714
local_termination_time: 312687.35352000035
node_cons: 42666.558607821986
tot_aggregated_send: 28188
tot_msg_rcv: 1171
tot_msg_sent: 2073
tot_reconf_duration: 4.390000000000001
tot_sleeping_duration: 2043182.671440013
tot_uptimes: 532
tot_uptimes_duration: 31860.042559986876
