comms_cons: 203.5015167845063
finished_reconf: true
global_termination_time: 2073099.364
local_termination_time: 465719.58780000027
node_cons: 42590.85212446696
tot_aggregated_send: 27666
tot_msg_rcv: 1229
tot_msg_sent: 2038
tot_reconf_duration: 7.819999999999999
tot_sleeping_duration: 2041299.3396800095
tot_uptimes: 531
tot_uptimes_duration: 31800.024319990538
