comms_cons: 2.230009599995243
finished_reconf: true
global_termination_time: 14485.123
local_termination_time: 5457.46536
node_cons: 258.9048600000001
tot_aggregated_send: 0
tot_msg_rcv: 175
tot_msg_sent: 162
tot_reconf_duration: 13.17
tot_sleeping_duration: 14305.123
tot_uptimes: 4
tot_uptimes_duration: 180.0
