comms_cons: 2.2895615999924344
finished_reconf: true
global_termination_time: 18928.839
local_termination_time: 10711.155359999999
node_cons: 329.80675999999914
tot_aggregated_send: 0
tot_msg_rcv: 177
tot_msg_sent: 171
tot_reconf_duration: 6.22
tot_sleeping_duration: 18688.839
tot_uptimes: 5
tot_uptimes_duration: 240.0
