comms_cons: 88.07825919175899
finished_reconf: true
global_termination_time: 804882.71924
local_termination_time: 27401.55948
node_cons: 16593.951158394553
tot_aggregated_send: 9048
tot_msg_rcv: 1523
tot_msg_sent: 2817
tot_reconf_duration: 18.21
tot_sleeping_duration: 792508.3936400041
tot_uptimes: 207
tot_uptimes_duration: 12374.325599995922
