comms_cons: 8.53322239992931
finished_reconf: true
global_termination_time: 87380.388
local_termination_time: 68906.74647999996
node_cons: 1792.2091800000085
tot_aggregated_send: 1218
tot_msg_rcv: 38
tot_msg_sent: 41
tot_reconf_duration: 18.21
tot_sleeping_duration: 86060.388
tot_uptimes: 23
tot_uptimes_duration: 1320.0
