comms_cons: 12.073459199931204
finished_reconf: true
global_termination_time: 103416.782
local_termination_time: 7892.90236
node_cons: 2096.404059999999
tot_aggregated_send: 1044
tot_msg_rcv: 330
tot_msg_sent: 461
tot_reconf_duration: 5.57
tot_sleeping_duration: 101856.782
tot_uptimes: 27
tot_uptimes_duration: 1560.0
