comms_cons: 14.100723199928595
finished_reconf: true
global_termination_time: 108265.553
local_termination_time: 25321.171480000005
node_cons: 2187.0974244786044
tot_aggregated_send: 754
tot_msg_rcv: 578
tot_msg_sent: 813
tot_reconf_duration: 13.17
tot_sleeping_duration: 106645.52868000104
tot_uptimes: 28
tot_uptimes_duration: 1620.0243199989563
