comms_cons: 13.162873599625755
finished_reconf: true
global_termination_time: 104926.646
local_termination_time: 67914.17935999997
node_cons: 2095.4045444777416
tot_aggregated_send: 986
tot_msg_rcv: 489
tot_msg_sent: 524
tot_reconf_duration: 4.8100000000000005
tot_sleeping_duration: 103366.62168000168
tot_uptimes: 27
tot_uptimes_duration: 1560.024319998316
