comms_cons: 790.6770497527561
finished_reconf: true
global_termination_time: 8073031.921
local_termination_time: 2864134.1962799984
node_cons: 166067.01962781438
tot_aggregated_send: 111360
tot_msg_rcv: 2891
tot_msg_sent: 5926
tot_reconf_duration: 3.08
tot_sleeping_duration: 7949011.878440015
tot_uptimes: 2068
tot_uptimes_duration: 124020.04255998507
