comms_cons: 784.5999425082822
finished_reconf: true
global_termination_time: 8072741.882
local_termination_time: 4708979.15736
node_cons: 166079.9478222284
tot_aggregated_send: 112404
tot_msg_rcv: 2383
tot_msg_sent: 4467
tot_reconf_duration: 12.629999999999999
tot_sleeping_duration: 7948721.8698400045
tot_uptimes: 2068
tot_uptimes_duration: 124020.01215999573
