comms_cons: 279.57652480490765
finished_reconf: true
global_termination_time: 2809831.818
local_termination_time: 1429567.0455999977
node_cons: 57890.99024351275
tot_aggregated_send: 40136
tot_msg_rcv: 736
tot_msg_sent: 1622
tot_reconf_duration: 18.21
tot_sleeping_duration: 2766615.790320005
tot_uptimes: 720
tot_uptimes_duration: 43216.0276799954
