comms_cons: 283.16094081675556
finished_reconf: true
global_termination_time: 2808315.884
local_termination_time: 1303129.3483599997
node_cons: 57851.75022334958
tot_aggregated_send: 39440
tot_msg_rcv: 1277
tot_msg_sent: 2321
tot_reconf_duration: 5.1
tot_sleeping_duration: 2765115.865760007
tot_uptimes: 720
tot_uptimes_duration: 43200.01823999314
