comms_cons: 281.10969602797354
finished_reconf: true
global_termination_time: 2810116.102
local_termination_time: 1411327.7583599999
node_cons: 57862.68485999886
tot_aggregated_send: 39788
tot_msg_rcv: 978
tot_msg_sent: 1960
tot_reconf_duration: 13.17
tot_sleeping_duration: 2766916.102
tot_uptimes: 720
tot_uptimes_duration: 43200.0
