comms_cons: 282.7720831993289
finished_reconf: true
global_termination_time: 2811315.059
local_termination_time: 456938.70888000046
node_cons: 57855.46840670802
tot_aggregated_send: 39208
tot_msg_rcv: 1291
tot_msg_sent: 2480
tot_reconf_duration: 7.819999999999999
tot_sleeping_duration: 2768115.022520008
tot_uptimes: 720
tot_uptimes_duration: 43200.036479991824
