comms_cons: 11.554239999845265
finished_reconf: true
global_termination_time: 97115.86
local_termination_time: 848.7264799999998
node_cons: 1938.8202656003155
tot_aggregated_send: 696
tot_msg_rcv: 364
tot_msg_sent: 695
tot_reconf_duration: 7.819999999999999
tot_sleeping_duration: 95675.82959999976
tot_uptimes: 25
tot_uptimes_duration: 1440.030400000236
