comms_cons: 162.1809343843977
finished_reconf: true
global_termination_time: 1597793.499
local_termination_time: 866442.3053599999
node_cons: 32889.82684111691
tot_aggregated_send: 21866
tot_msg_rcv: 944
tot_msg_sent: 1840
tot_reconf_duration: 22.65
tot_sleeping_duration: 1573253.4929200024
tot_uptimes: 410
tot_uptimes_duration: 24540.006079997635
