comms_cons: 160.2758911860328
finished_reconf: true
global_termination_time: 1598204.258
local_termination_time: 764168.9871599983
node_cons: 32865.06232558423
tot_aggregated_send: 21982
tot_msg_rcv: 635
tot_msg_sent: 1743
tot_reconf_duration: 4.390000000000001
tot_sleeping_duration: 1573664.2276000117
tot_uptimes: 410
tot_uptimes_duration: 24540.030399988173
