comms_cons: 331.0433280173279
finished_reconf: true
global_termination_time: 3257102.033999999
local_termination_time: 355440.4401600003
node_cons: 67018.85012117487
tot_aggregated_send: 44254
tot_msg_rcv: 2222
tot_msg_sent: 3840
tot_reconf_duration: 6.22
tot_sleeping_duration: 3207056.9232000164
tot_uptimes: 835
tot_uptimes_duration: 50045.11079998233
