comms_cons: 182.23193598756086
finished_reconf: true
global_termination_time: 1824164.007
local_termination_time: 805598.2103599999
node_cons: 37527.332663350375
tot_aggregated_send: 25056
tot_msg_rcv: 958
tot_msg_sent: 1685
tot_reconf_duration: 6.279999999999999
tot_sleeping_duration: 1796143.988760007
tot_uptimes: 468
tot_uptimes_duration: 28020.018239992904
