comms_cons: 178.91018879328544
finished_reconf: true
global_termination_time: 1822470.84
local_termination_time: 379099.40748
node_cons: 37444.44232558395
tot_aggregated_send: 25462
tot_msg_rcv: 610
tot_msg_sent: 1121
tot_reconf_duration: 4.390000000000001
tot_sleeping_duration: 1794510.809600012
tot_uptimes: 467
tot_uptimes_duration: 27960.030399988173
