comms_cons: 177.27017598844128
finished_reconf: true
global_termination_time: 1826429.378
local_termination_time: 1403719.24336
node_cons: 37534.163403350416
tot_aggregated_send: 24476
tot_msg_rcv: 775
tot_msg_sent: 1693
tot_reconf_duration: 11.31
tot_sleeping_duration: 1798409.3597600071
tot_uptimes: 468
tot_uptimes_duration: 28020.018239992904
