comms_cons: 0.17105919999943583
finished_reconf: true
global_termination_time: 3569.9898800000046
local_termination_time: 3555.5973599999998
node_cons: 38.51622332000608
tot_aggregated_send: 0
tot_msg_rcv: 16
tot_msg_sent: 9
tot_reconf_duration: 5.57
tot_sleeping_duration: 3546.874
tot_uptimes: 1
tot_uptimes_duration: 23.115880000004836
