comms_cons: 1.513215999995001
finished_reconf: true
global_termination_time: 10309.093
local_termination_time: 7311.7573600000005
node_cons: 169.12676000000033
tot_aggregated_send: 0
tot_msg_rcv: 119
tot_msg_sent: 111
tot_reconf_duration: 6.22
tot_sleeping_duration: 10189.093
tot_uptimes: 3
tot_uptimes_duration: 120.0
