comms_cons: 103.62960639878281
finished_reconf: true
global_termination_time: 1051958.871
local_termination_time: 7280.7609999999995
node_cons: 21621.082781121462
tot_aggregated_send: 15072
tot_msg_rcv: 220
tot_msg_sent: 459
tot_reconf_duration: 7.08
tot_sleeping_duration: 1035818.8649199989
tot_uptimes: 270
tot_uptimes_duration: 16140.006080001069
