comms_cons: 103.32101119783876
finished_reconf: true
global_termination_time: 1056322.056
local_termination_time: 5199.58
node_cons: 21700.580821121464
tot_aggregated_send: 15247
tot_msg_rcv: 163
tot_msg_sent: 295
tot_reconf_duration: 6.46
tot_sleeping_duration: 1040122.0499199991
tot_uptimes: 271
tot_uptimes_duration: 16200.006080001069
