comms_cons: 102.22760959784037
finished_reconf: true
global_termination_time: 1052350.103
local_termination_time: 5586.034
node_cons: 21625.795041121462
tot_aggregated_send: 15011
tot_msg_rcv: 156
tot_msg_sent: 371
tot_reconf_duration: 10.55
tot_sleeping_duration: 1036210.0969199989
tot_uptimes: 270
tot_uptimes_duration: 16140.006080001069
