comms_cons: 196.1522687891247
finished_reconf: true
global_termination_time: 2017637.153
local_termination_time: 829453.158879999
node_cons: 41476.27986111646
tot_aggregated_send: 27608
tot_msg_rcv: 766
tot_msg_sent: 1440
tot_reconf_duration: 15.34
tot_sleeping_duration: 1986677.1469200023
tot_uptimes: 517
tot_uptimes_duration: 30960.006079997635
