comms_cons: 614.8235068070771
finished_reconf: true
global_termination_time: 2017020.81
local_termination_time: 1204009.745359999
node_cons: 123057.55855651076
tot_aggregated_send: 0
tot_msg_rcv: 37588
tot_msg_sent: 55862
tot_reconf_duration: 6.22
tot_sleeping_duration: 1925124.535320004
tot_uptimes: 1508
tot_uptimes_duration: 91896.27467999587
