comms_cons: 69.23978239886794
finished_reconf: true
global_termination_time: 700037.832
local_termination_time: 532385.18436
node_cons: 14411.618700000052
tot_aggregated_send: 9570
tot_msg_rcv: 331
tot_msg_sent: 623
tot_reconf_duration: 22.65
tot_sleeping_duration: 689297.832
tot_uptimes: 180
tot_uptimes_duration: 10740.0
