comms_cons: 70.71324159843616
finished_reconf: true
global_termination_time: 701962.468
local_termination_time: 36946.18648000001
node_cons: 14396.251544476543
tot_aggregated_send: 9686
tot_msg_rcv: 369
tot_msg_sent: 693
tot_reconf_duration: 11.31
tot_sleeping_duration: 691222.4436800026
tot_uptimes: 180
tot_uptimes_duration: 10740.024319997407
