comms_cons: 19.93497600010321
finished_reconf: true
global_termination_time: 204474.52
local_termination_time: 143828.60136000006
node_cons: 4208.438699999994
tot_aggregated_send: 2958
tot_msg_rcv: 35
tot_msg_sent: 37
tot_reconf_duration: 22.65
tot_sleeping_duration: 201354.52
tot_uptimes: 53
tot_uptimes_duration: 3120.0
