comms_cons: 189.8000576106838
finished_reconf: true
global_termination_time: 268530.719
local_termination_time: 95771.96087999975
node_cons: 26470.728669771706
tot_aggregated_send: 0
tot_msg_rcv: 13072
tot_msg_sent: 15777
tot_reconf_duration: 4.390000000000001
tot_sleeping_duration: 248766.14315999128
tot_uptimes: 318
tot_uptimes_duration: 19764.575840008718
