comms_cons: 145.39374078530687
finished_reconf: true
global_termination_time: 1419219.5564799998
local_termination_time: 1419219.5153599998
node_cons: 29215.2286476637
tot_aggregated_send: 19372
tot_msg_rcv: 1041
tot_msg_sent: 1685
tot_reconf_duration: 24.59
tot_sleeping_duration: 1397425.803360012
tot_uptimes: 364
tot_uptimes_duration: 21793.753119987785
