comms_cons: 139.70273279577842
finished_reconf: true
global_termination_time: 1420038.171
local_termination_time: 969630.0444799998
node_cons: 29169.38162000007
tot_aggregated_send: 20068
tot_msg_rcv: 410
tot_msg_sent: 756
tot_reconf_duration: 4.390000000000001
tot_sleeping_duration: 1398258.171
tot_uptimes: 364
tot_uptimes_duration: 21780.0
