comms_cons: 141.76791679381154
finished_reconf: true
global_termination_time: 1421600.331
local_termination_time: 303609.77636
node_cons: 29252.247465588767
tot_aggregated_send: 19372
tot_msg_rcv: 662
tot_msg_sent: 1513
tot_reconf_duration: 6.22
tot_sleeping_duration: 1399760.3006000083
tot_uptimes: 365
tot_uptimes_duration: 21840.030399991607
