comms_cons: 842.5499343603141
finished_reconf: true
global_termination_time: 4426685.628
local_termination_time: 2672455.385439999
node_cons: 91056.01126446598
tot_aggregated_send: 0
tot_msg_rcv: 64447
tot_msg_sent: 63615
tot_reconf_duration: 22.65
tot_sleeping_duration: 4358705.603680008
tot_uptimes: 1134
tot_uptimes_duration: 67980.02431999147
