comms_cons: 447.01996810263904
finished_reconf: true
global_termination_time: 4426571.888
local_termination_time: 241619.99736000007
node_cons: 91033.845933406
tot_aggregated_send: 60378
tot_msg_rcv: 2449
tot_msg_sent: 5117
tot_reconf_duration: 6.279999999999999
tot_sleeping_duration: 4358591.815040023
tot_uptimes: 1134
tot_uptimes_duration: 67980.07295997645
