comms_cons: 445.68879368474103
finished_reconf: true
global_termination_time: 4428357.429
local_termination_time: 599969.9623599999
node_cons: 91126.47313116738
tot_aggregated_send: 60958
tot_msg_rcv: 2263
tot_msg_sent: 4523
tot_reconf_duration: 15.34
tot_sleeping_duration: 4360317.368200022
tot_uptimes: 1135
tot_uptimes_duration: 68040.06079997751
