comms_cons: 360.3291648166111
finished_reconf: true
global_termination_time: 3658315.845
local_termination_time: 2640960.4783599996
node_cons: 75216.14928334924
tot_aggregated_send: 51272
tot_msg_rcv: 1166
tot_msg_sent: 2329
tot_reconf_duration: 13.17
tot_sleeping_duration: 3602155.8267600066
tot_uptimes: 937
tot_uptimes_duration: 56160.01823999337
