comms_cons: 365.40472323683105
finished_reconf: true
global_termination_time: 3658142.778
local_termination_time: 579518.4704799999
node_cons: 75202.4307466996
tot_aggregated_send: 50982
tot_msg_rcv: 1359
tot_msg_sent: 3198
tot_reconf_duration: 3.05
tot_sleeping_duration: 3601982.741520014
tot_uptimes: 937
tot_uptimes_duration: 56160.03647998604
