comms_cons: 2.1059711999937702
finished_reconf: true
global_termination_time: 13715.15848
local_termination_time: 13715.11736
node_cons: 310.181219840007
tot_aggregated_send: 0
tot_msg_rcv: 163
tot_msg_sent: 156
tot_reconf_duration: 37.410000000000004
tot_sleeping_duration: 13521.447919999995
tot_uptimes: 4
tot_uptimes_duration: 193.710560000005
