comms_cons: 2.1842943999927824
finished_reconf: true
global_termination_time: 18691.814
local_termination_time: 7881.481360000001
node_cons: 355.7174000000002
tot_aggregated_send: 0
tot_msg_rcv: 179
tot_msg_sent: 153
tot_reconf_duration: 25.299999999999997
tot_sleeping_duration: 18451.814
tot_uptimes: 5
tot_uptimes_duration: 240.0
