comms_cons: 2.2217471999919374
finished_reconf: true
global_termination_time: 15225.21
local_termination_time: 9083.442360000001
node_cons: 258.1715400000014
tot_aggregated_send: 0
tot_msg_rcv: 174
tot_msg_sent: 163
tot_reconf_duration: 12.629999999999999
tot_sleeping_duration: 15045.21
tot_uptimes: 4
tot_uptimes_duration: 180.0
