comms_cons: 2.302719999992391
finished_reconf: true
global_termination_time: 18133.344
local_termination_time: 11037.25236
node_cons: 325.50189999999895
tot_aggregated_send: 0
tot_msg_rcv: 176
tot_msg_sent: 174
tot_reconf_duration: 3.05
tot_sleeping_duration: 17893.344
tot_uptimes: 5
tot_uptimes_duration: 240.0
