comms_cons: 177.0174335891692
finished_reconf: true
global_termination_time: 1763757.081
local_termination_time: 15073.371000000001
node_cons: 36264.1762548609
tot_aggregated_send: 24590
tot_msg_rcv: 761
tot_msg_sent: 1555
tot_reconf_duration: 22.65
tot_sleeping_duration: 1736697.0230800142
tot_uptimes: 452
tot_uptimes_duration: 27060.05791998581
