comms_cons: 176.91434238767474
finished_reconf: true
global_termination_time: 1765635.748
local_termination_time: 477847.4393600001
node_cons: 36324.323983355
tot_aggregated_send: 23664
tot_msg_rcv: 1020
tot_msg_sent: 2206
tot_reconf_duration: 7.819999999999999
tot_sleeping_duration: 1738515.7297600035
tot_uptimes: 453
tot_uptimes_duration: 27120.018239996338
