comms_cons: 173.63950079589193
finished_reconf: true
global_termination_time: 1766691.539
local_termination_time: 1232765.62836
node_cons: 36329.06340335047
tot_aggregated_send: 24766
tot_msg_rcv: 506
tot_msg_sent: 1120
tot_reconf_duration: 11.31
tot_sleeping_duration: 1739571.5207600072
tot_uptimes: 453
tot_uptimes_duration: 27120.018239992904
