comms_cons: 264.93905918917187
finished_reconf: true
global_termination_time: 2650049.327
local_termination_time: 505299.22136
node_cons: 54477.149673401735
tot_aggregated_send: 35380
tot_msg_rcv: 1611
tot_msg_sent: 3280
tot_reconf_duration: 4.8100000000000005
tot_sleeping_duration: 2609369.254040028
tot_uptimes: 679
tot_uptimes_duration: 40680.07295997208
