comms_cons: 269.5898752112356
finished_reconf: true
global_termination_time: 2646329.4082399975
local_termination_time: 4265.6384800000005
node_cons: 54424.68025277183
tot_aggregated_send: 35786
tot_msg_rcv: 1737
tot_msg_sent: 3452
tot_reconf_duration: 11.31
tot_sleeping_duration: 2605695.113040018
tot_uptimes: 678
tot_uptimes_duration: 40634.29519997962
