comms_cons: 306.3657216307099
finished_reconf: true
global_termination_time: 3047051.641
local_termination_time: 2122534.63036
node_cons: 62699.606246700765
tot_aggregated_send: 42630
tot_msg_rcv: 1343
tot_msg_sent: 2594
tot_reconf_duration: 25.299999999999997
tot_sleeping_duration: 3000251.604520013
tot_uptimes: 781
tot_uptimes_duration: 46800.03647998674
