comms_cons: 307.63333760161584
finished_reconf: true
global_termination_time: 3048953.637
local_termination_time: 565859.468
node_cons: 62673.793237020116
tot_aggregated_send: 42453
tot_msg_rcv: 1514
tot_msg_sent: 2791
tot_reconf_duration: 4.390000000000001
tot_sleeping_duration: 3002151.6716400143
tot_uptimes: 781
tot_uptimes_duration: 46801.96535998606
