comms_cons: 307.1223168238699
finished_reconf: true
global_termination_time: 3047213.377
local_termination_time: 232555.579
node_cons: 62678.32906022771
tot_aggregated_send: 42162
tot_msg_rcv: 1437
tot_msg_sent: 3081
tot_reconf_duration: 7.819999999999999
tot_sleeping_duration: 3000411.502840008
tot_uptimes: 781
tot_uptimes_duration: 46801.87415999177
