comms_cons: 79.20250880830633
finished_reconf: true
global_termination_time: 367875.8557200001
local_termination_time: 367875.8557200001
node_cons: 7605.293393774499
tot_aggregated_send: 0
tot_msg_rcv: 6543
tot_msg_sent: 5501
tot_reconf_duration: 24.59
tot_sleeping_duration: 362220.96387998934
tot_uptimes: 95
tot_uptimes_duration: 5654.891840010816
