comms_cons: 36.58097920025851
finished_reconf: true
global_termination_time: 370134.978
local_termination_time: 50884.26936000001
node_cons: 7569.853001121438
tot_aggregated_send: 5220
tot_msg_rcv: 120
tot_msg_sent: 220
tot_reconf_duration: 13.17
tot_sleeping_duration: 364494.97191999893
tot_uptimes: 95
tot_uptimes_duration: 5640.006080001069
