comms_cons: 232.11454718109604
finished_reconf: true
global_termination_time: 2262496.675
local_termination_time: 1111361.8659199984
node_cons: 46532.26782670053
tot_aggregated_send: 30102
tot_msg_rcv: 1698
tot_msg_sent: 3480
tot_reconf_duration: 11.31
tot_sleeping_duration: 2227756.638520014
tot_uptimes: 580
tot_uptimes_duration: 34740.03647998581
