comms_cons: 282.7589120174472
finished_reconf: true
global_termination_time: 2810282.122
local_termination_time: 4827.21
node_cons: 57852.83658893854
tot_aggregated_send: 39086
tot_msg_rcv: 1387
tot_msg_sent: 2504
tot_reconf_duration: 5.87
tot_sleeping_duration: 2767082.073360015
tot_uptimes: 720
tot_uptimes_duration: 43200.04863998474
