comms_cons: 282.7805952011991
finished_reconf: true
global_termination_time: 2810458.739
local_termination_time: 28.236120000000003
node_cons: 57859.765091181085
tot_aggregated_send: 39440
tot_msg_rcv: 1221
tot_msg_sent: 2320
tot_reconf_duration: 10.96
tot_sleeping_duration: 2767258.6782000135
tot_uptimes: 720
tot_uptimes_duration: 43200.06079998665
