comms_cons: 279.23151362133797
finished_reconf: true
global_termination_time: 2810364.225
local_termination_time: 5783.301999999999
node_cons: 57859.19202893425
tot_aggregated_send: 39603
tot_msg_rcv: 1030
tot_msg_sent: 1808
tot_reconf_duration: 10.55
tot_sleeping_duration: 2767164.1763600186
tot_uptimes: 720
tot_uptimes_duration: 43200.04863998154
