comms_cons: 75.17273599833217
finished_reconf: true
global_termination_time: 743663.1422400001
local_termination_time: 178720.87836000006
node_cons: 15308.397182724346
tot_aggregated_send: 10150
tot_msg_rcv: 421
tot_msg_sent: 855
tot_reconf_duration: 18.21
tot_sleeping_duration: 732248.9017599968
tot_uptimes: 191
tot_uptimes_duration: 11414.240480003238
