comms_cons: 144.09289596829032
finished_reconf: true
global_termination_time: 745470.849
local_termination_time: 240354.56836000006
node_cons: 15273.136381121452
tot_aggregated_send: 0
tot_msg_rcv: 11054
tot_msg_sent: 10846
tot_reconf_duration: 6.279999999999999
tot_sleeping_duration: 734070.8429199989
tot_uptimes: 191
tot_uptimes_duration: 11400.006080001069
