comms_cons: 76.55665919670507
finished_reconf: true
global_termination_time: 745393.262
local_termination_time: 12494.50748
node_cons: 15270.594184483503
tot_aggregated_send: 9918
tot_msg_rcv: 612
tot_msg_sent: 1107
tot_reconf_duration: 4.390000000000001
tot_sleeping_duration: 733993.2376799973
tot_uptimes: 191
tot_uptimes_duration: 11400.024320002602
