comms_cons: 77.8760959968073
finished_reconf: true
global_termination_time: 743743.659
local_termination_time: 237755.96336000005
node_cons: 15268.774464485728
tot_aggregated_send: 9454
tot_msg_rcv: 815
tot_msg_sent: 1567
tot_reconf_duration: 3.05
tot_sleeping_duration: 732343.6346799957
tot_uptimes: 191
tot_uptimes_duration: 11400.024320004275
