comms_cons: 74.05523839950594
finished_reconf: true
global_termination_time: 748181.243
local_termination_time: 240375.21336000005
node_cons: 15353.394901121457
tot_aggregated_send: 10208
tot_msg_rcv: 326
tot_msg_sent: 721
tot_reconf_duration: 6.22
tot_sleeping_duration: 736721.2369199989
tot_uptimes: 192
tot_uptimes_duration: 11460.006080001069
