comms_cons: 92.0101119963463
finished_reconf: true
global_termination_time: 921215.319
local_termination_time: 490337.96236000006
node_cons: 18910.69126447199
tot_aggregated_send: 12876
tot_msg_rcv: 371
tot_msg_sent: 738
tot_reconf_duration: 22.65
tot_sleeping_duration: 907115.294680006
tot_uptimes: 236
tot_uptimes_duration: 14100.024319993972
