comms_cons: 181.42143992204927
finished_reconf: true
global_termination_time: 924862.247
local_termination_time: 624023.1141999987
node_cons: 18966.780121116935
tot_aggregated_send: 0
tot_msg_rcv: 13887
tot_msg_sent: 13688
tot_reconf_duration: 4.8100000000000005
tot_sleeping_duration: 910702.2409200023
tot_uptimes: 237
tot_uptimes_duration: 14160.006079997635
