comms_cons: 181.00177272236834
finished_reconf: true
global_termination_time: 920606.39
local_termination_time: 626047.80436
node_cons: 18884.04190000009
tot_aggregated_send: 0
tot_msg_rcv: 13880
tot_msg_sent: 13630
tot_reconf_duration: 3.05
tot_sleeping_duration: 906506.39
tot_uptimes: 236
tot_uptimes_duration: 14100.0
