comms_cons: 92.30680319662122
finished_reconf: true
global_termination_time: 920433.989
local_termination_time: 690521.8643599999
node_cons: 18890.519560000117
tot_aggregated_send: 12702
tot_msg_rcv: 476
tot_msg_sent: 853
tot_reconf_duration: 7.819999999999999
tot_sleeping_duration: 906333.989
tot_uptimes: 236
tot_uptimes_duration: 14100.0
