comms_cons: 129.05758719768346
finished_reconf: true
global_termination_time: 1318319.106
local_termination_time: 445270.0139200003
node_cons: 27105.338700000077
tot_aggregated_send: 19140
tot_msg_rcv: 152
tot_msg_sent: 324
tot_reconf_duration: 22.65
tot_sleeping_duration: 1298099.106
tot_uptimes: 338
tot_uptimes_duration: 20220.0
