comms_cons: 130.64975359419188
finished_reconf: true
global_termination_time: 1316284.514
local_termination_time: 566866.0173599998
node_cons: 27085.566219999997
tot_aggregated_send: 19024
tot_msg_rcv: 319
tot_msg_sent: 515
tot_reconf_duration: 8.09
tot_sleeping_duration: 1296064.514
tot_uptimes: 338
tot_uptimes_duration: 20220.0
