comms_cons: 129.28318719709122
finished_reconf: true
global_termination_time: 1318637.135
local_termination_time: 316542.12036000006
node_cons: 27091.73154000005
tot_aggregated_send: 19024
tot_msg_rcv: 171
tot_msg_sent: 455
tot_reconf_duration: 12.629999999999999
tot_sleeping_duration: 1298417.135
tot_uptimes: 338
tot_uptimes_duration: 20220.0
