comms_cons: 129.5901567965438
finished_reconf: true
global_termination_time: 1314868.431
local_termination_time: 715376.0876399982
node_cons: 27004.85956000013
tot_aggregated_send: 19024
tot_msg_rcv: 215
tot_msg_sent: 457
tot_reconf_duration: 7.819999999999999
tot_sleeping_duration: 1294708.431
tot_uptimes: 337
tot_uptimes_duration: 20160.0
