comms_cons: 129.84544639622962
finished_reconf: true
global_termination_time: 1314740.265
local_termination_time: 34010.03196000012
node_cons: 27009.59898000004
tot_aggregated_send: 18618
tot_msg_rcv: 294
tot_msg_sent: 822
tot_reconf_duration: 11.31
tot_sleeping_duration: 1294580.265
tot_uptimes: 337
tot_uptimes_duration: 20160.0
