comms_cons: 131.2680319848352
finished_reconf: true
global_termination_time: 657934.326
local_termination_time: 1743.25536
node_cons: 13531.501823362032
tot_aggregated_send: 0
tot_msg_rcv: 10227
tot_msg_sent: 9724
tot_reconf_duration: 25.299999999999997
tot_sleeping_duration: 647854.3077599985
tot_uptimes: 169
tot_uptimes_duration: 10080.018240001504
