comms_cons: 56.29821440012758
finished_reconf: true
global_termination_time: 575503.346
local_termination_time: 197027.80536000006
node_cons: 11818.508240000014
tot_aggregated_send: 8468
tot_msg_rcv: 36
tot_msg_sent: 53
tot_reconf_duration: 6.279999999999999
tot_sleeping_duration: 566683.346
tot_uptimes: 148
tot_uptimes_duration: 8820.0
