comms_cons: 56.11462400020529
finished_reconf: true
global_termination_time: 571798.553
local_termination_time: 77804.51735999997
node_cons: 11742.432360000013
tot_aggregated_send: 8352
tot_msg_rcv: 69
tot_msg_sent: 108
tot_reconf_duration: 9.42
tot_sleeping_duration: 563038.553
tot_uptimes: 147
tot_uptimes_duration: 8760.0
