comms_cons: 275.6355840013446
finished_reconf: true
global_termination_time: 2819813.122
local_termination_time: 2436974.64884
node_cons: 58020.83897999903
tot_aggregated_send: 40658
tot_msg_rcv: 472
tot_msg_sent: 765
tot_reconf_duration: 11.31
tot_sleeping_duration: 2776493.122
tot_uptimes: 723
tot_uptimes_duration: 43320.0
