comms_cons: 240.17369599331883
finished_reconf: true
global_termination_time: 2420516.195
local_termination_time: 378251.87388000044
node_cons: 49737.833939999306
tot_aggregated_send: 34626
tot_msg_rcv: 664
tot_msg_sent: 1215
tot_reconf_duration: 5.43
tot_sleeping_duration: 2383376.195
tot_uptimes: 620
tot_uptimes_duration: 37140.0
