comms_cons: 13.468249599967674
finished_reconf: true
global_termination_time: 8587.901240000003
local_termination_time: 2017.9230400000015
node_cons: 1565.4981624800098
tot_aggregated_send: 0
tot_msg_rcv: 995
tot_msg_sent: 1052
tot_reconf_duration: 18.21
tot_sleeping_duration: 7437.214919999996
tot_uptimes: 19
tot_uptimes_duration: 1150.6863200000075
