comms_cons: 268.1996543928345
finished_reconf: true
global_termination_time: 2709642.136
local_termination_time: 1083113.3380000002
node_cons: 55698.14971383316
tot_aggregated_send: 38391
tot_msg_rcv: 702
tot_msg_sent: 1670
tot_reconf_duration: 12.629999999999999
tot_sleeping_duration: 2668058.1194400047
tot_uptimes: 694
tot_uptimes_duration: 41584.01655999548
