comms_cons: 268.06031999147586
finished_reconf: true
global_termination_time: 2708157.624
local_termination_time: 1122181.8794800001
node_cons: 55701.014599999304
tot_aggregated_send: 38570
tot_msg_rcv: 833
tot_msg_sent: 1340
tot_reconf_duration: 18.700000000000003
tot_sleeping_duration: 2666577.624
tot_uptimes: 694
tot_uptimes_duration: 41580.0
