comms_cons: 263.2673151931079
finished_reconf: true
global_termination_time: 2705346.823
local_termination_time: 1544722.236119999
node_cons: 55610.150099999315
tot_aggregated_send: 38570
tot_msg_rcv: 522
tot_msg_sent: 923
tot_reconf_duration: 10.95
tot_sleeping_duration: 2663826.823
tot_uptimes: 693
tot_uptimes_duration: 41520.0
