comms_cons: 264.8663423821078
finished_reconf: true
global_termination_time: 2706461.302
local_termination_time: 802782.8075999998
node_cons: 55686.28840670014
tot_aggregated_send: 36366
tot_msg_rcv: 1284
tot_msg_sent: 2608
tot_reconf_duration: 7.819999999999999
tot_sleeping_duration: 2664881.2655200143
tot_uptimes: 694
tot_uptimes_duration: 41580.03647998581
