comms_cons: 268.6547903773415
finished_reconf: true
global_termination_time: 2709195.513
local_termination_time: 848044.5256799994
node_cons: 55683.05906893363
tot_aggregated_send: 35786
tot_msg_rcv: 1672
tot_msg_sent: 3375
tot_reconf_duration: 5.43
tot_sleeping_duration: 2667615.4643600187
tot_uptimes: 694
tot_uptimes_duration: 41580.048639981076
