comms_cons: 37.12642560091442
finished_reconf: true
global_termination_time: 357917.537
local_termination_time: 36244.42276000008
node_cons: 7319.484522242868
tot_aggregated_send: 4582
tot_msg_rcv: 368
tot_msg_sent: 693
tot_reconf_duration: 6.279999999999999
tot_sleeping_duration: 352457.5248399979
tot_uptimes: 92
tot_uptimes_duration: 5460.0121600021375
