comms_cons: 36.567820800323275
finished_reconf: true
global_termination_time: 360724.533
local_termination_time: 69171.21559999994
node_cons: 7425.645541121424
tot_aggregated_send: 4930
tot_msg_rcv: 244
tot_msg_sent: 385
tot_reconf_duration: 25.299999999999997
tot_sleeping_duration: 355204.5269199989
tot_uptimes: 93
tot_uptimes_duration: 5520.006080001069
