comms_cons: 37.29490560084611
finished_reconf: true
global_termination_time: 361388.656
local_termination_time: 154891.98764000082
node_cons: 7395.470781121417
tot_aggregated_send: 4814
tot_msg_rcv: 331
tot_msg_sent: 523
tot_reconf_duration: 3.08
tot_sleeping_duration: 355868.64991999895
tot_uptimes: 93
tot_uptimes_duration: 5520.006080001065
