comms_cons: 37.198796800736474
finished_reconf: true
global_termination_time: 362546.315
local_termination_time: 1791.4018000000035
node_cons: 7411.80752112144
tot_aggregated_send: 4698
tot_msg_rcv: 327
tot_msg_sent: 629
tot_reconf_duration: 15.110000000000001
tot_sleeping_duration: 357026.30891999893
tot_uptimes: 93
tot_uptimes_duration: 5520.006080001069
