comms_cons: 70.56094720831993
finished_reconf: true
global_termination_time: 357819.7112000003
local_termination_time: 2788.41436
node_cons: 7370.657627921822
tot_aggregated_send: 0
tot_msg_rcv: 5453
tot_msg_sent: 5270
tot_reconf_duration: 22.65
tot_sleeping_duration: 352338.08391999896
tot_uptimes: 92
tot_uptimes_duration: 5481.627280001354
