comms_cons: 86.62259200043513
finished_reconf: true
global_termination_time: 892172.778
local_termination_time: 146927.86636000004
node_cons: 18332.887121121454
tot_aggregated_send: 12702
tot_msg_rcv: 123
tot_msg_sent: 341
tot_reconf_duration: 11.31
tot_sleeping_duration: 878492.771919999
tot_uptimes: 229
tot_uptimes_duration: 13680.006080001069
