comms_cons: 135.85299841173327
finished_reconf: true
global_termination_time: 278088.2305200004
local_termination_time: 278088.1894000004
node_cons: 17088.368823687797
tot_aggregated_send: 0
tot_msg_rcv: 8350
tot_msg_sent: 12300
tot_reconf_duration: 37.410000000000004
tot_sleeping_duration: 265364.1333999946
tot_uptimes: 210
tot_uptimes_duration: 12724.097120005801
