comms_cons: 27.821875200003756
finished_reconf: true
global_termination_time: 278445.668
local_termination_time: 2615.7662
node_cons: 5716.932360000005
tot_aggregated_send: 3828
tot_msg_rcv: 115
tot_msg_sent: 286
tot_reconf_duration: 9.42
tot_sleeping_duration: 274185.668
tot_uptimes: 72
tot_uptimes_duration: 4260.0
