comms_cons: 525.0814465374752
finished_reconf: true
global_termination_time: 5176447.308
local_termination_time: 1825953.343239998
node_cons: 106457.08082669918
tot_aggregated_send: 70992
tot_msg_rcv: 2957
tot_msg_sent: 5860
tot_reconf_duration: 4.8100000000000005
tot_sleeping_duration: 5096947.271520013
tot_uptimes: 1326
tot_uptimes_duration: 79500.03647998674
