comms_cons: 507.69624324577825
finished_reconf: true
global_termination_time: 5176194.203
local_termination_time: 2840269.7664399985
node_cons: 106467.67596334816
tot_aggregated_send: 72268
tot_msg_rcv: 1520
tot_msg_sent: 3379
tot_reconf_duration: 12.629999999999999
tot_sleeping_duration: 5096694.184760006
tot_uptimes: 1326
tot_uptimes_duration: 79500.0182399936
