comms_cons: 54.20665600058367
finished_reconf: true
global_termination_time: 539546.189
local_termination_time: 379149.6944800001
node_cons: 11091.061900000079
tot_aggregated_send: 7540
tot_msg_rcv: 234
tot_msg_sent: 465
tot_reconf_duration: 3.05
tot_sleeping_duration: 531266.189
tot_uptimes: 139
tot_uptimes_duration: 8280.0
