comms_cons: 350.09925123323774
finished_reconf: true
global_termination_time: 3479016.109
local_termination_time: 119341.53835999998
node_cons: 71527.43501452277
tot_aggregated_send: 48662
tot_msg_rcv: 1592
tot_msg_sent: 2959
tot_reconf_duration: 18.21
tot_sleeping_duration: 3425616.0299600265
tot_uptimes: 891
tot_uptimes_duration: 53400.07903997338
