comms_cons: 343.69740799496867
finished_reconf: true
global_termination_time: 3477297.732
local_termination_time: 2192599.698639998
node_cons: 71510.18034223276
tot_aggregated_send: 47792
tot_msg_rcv: 1430
tot_msg_sent: 3018
tot_reconf_duration: 5.57
tot_sleeping_duration: 3423897.7198400046
tot_uptimes: 891
tot_uptimes_duration: 53400.0121599955
