comms_cons: 348.10547204001927
finished_reconf: true
global_termination_time: 3475519.075
local_termination_time: 1125769.17148
node_cons: 71519.8003867008
tot_aggregated_send: 48488
tot_msg_rcv: 1522
tot_msg_sent: 2900
tot_reconf_duration: 12.629999999999999
tot_sleeping_duration: 3422119.0385200134
tot_uptimes: 891
tot_uptimes_duration: 53400.03647998674
