comms_cons: 349.6982656415921
finished_reconf: true
global_termination_time: 3474982.31
local_termination_time: 1071985.974719998
node_cons: 71447.71972893455
tot_aggregated_send: 47502
tot_msg_rcv: 1843
tot_msg_sent: 3807
tot_reconf_duration: 18.700000000000003
tot_sleeping_duration: 3421642.261360018
tot_uptimes: 890
tot_uptimes_duration: 53340.04863998201
