comms_cons: 345.92595201606207
finished_reconf: true
global_termination_time: 3476441.122
local_termination_time: 681515.077879999
node_cons: 71517.53522893423
tot_aggregated_send: 47850
tot_msg_rcv: 1404
tot_msg_sent: 3326
tot_reconf_duration: 10.95
tot_sleeping_duration: 3423041.073360018
tot_uptimes: 891
tot_uptimes_duration: 53400.04863998201
