comms_cons: 350.13169284723995
finished_reconf: true
global_termination_time: 3478978.223
local_termination_time: 1344259.1369199993
node_cons: 71508.62674893385
tot_aggregated_send: 48604
tot_msg_rcv: 1590
tot_msg_sent: 3023
tot_reconf_duration: 4.390000000000001
tot_sleeping_duration: 3425578.1743600187
tot_uptimes: 891
tot_uptimes_duration: 53400.048639981775
