comms_cons: 348.323212853936
finished_reconf: true
global_termination_time: 3474510.822
local_termination_time: 1344261.729759998
node_cons: 71426.45888781753
tot_aggregated_send: 48662
tot_msg_rcv: 1372
tot_msg_sent: 2910
tot_reconf_duration: 3.05
tot_sleeping_duration: 3421170.7794400156
tot_uptimes: 890
tot_uptimes_duration: 53340.042559984606
