comms_cons: 352.04882565760715
finished_reconf: true
global_termination_time: 3478134.882
local_termination_time: 1432544.6626399993
node_cons: 71513.26840670042
tot_aggregated_send: 48024
tot_msg_rcv: 1887
tot_msg_sent: 3597
tot_reconf_duration: 7.819999999999999
tot_sleeping_duration: 3424734.8455200135
tot_uptimes: 891
tot_uptimes_duration: 53400.036479986506
