comms_cons: 50.41640960025946
finished_reconf: true
global_termination_time: 512692.094
local_termination_time: 131469.24236000006
node_cons: 10532.104060000023
tot_aggregated_send: 7482
tot_msg_rcv: 70
tot_msg_sent: 111
tot_reconf_duration: 5.57
tot_sleeping_duration: 504832.094
tot_uptimes: 132
tot_uptimes_duration: 7860.0
