comms_cons: 135.5584639941514
finished_reconf: true
global_termination_time: 1369434.123
local_termination_time: 785387.806
node_cons: 28131.379521116858
tot_aggregated_send: 19654
tot_msg_rcv: 312
tot_msg_sent: 638
tot_reconf_duration: 9.11
tot_sleeping_duration: 1348434.1169200023
tot_uptimes: 351
tot_uptimes_duration: 21000.006079997635
