comms_cons: 139.7495551898779
finished_reconf: true
global_termination_time: 1368535.348
local_termination_time: 658495.3427199997
node_cons: 28134.367121116793
tot_aggregated_send: 18328
tot_msg_rcv: 944
tot_msg_sent: 1970
tot_reconf_duration: 11.31
tot_sleeping_duration: 1347535.3419200024
tot_uptimes: 351
tot_uptimes_duration: 21000.006079997635
