comms_cons: 209.27119358020752
finished_reconf: true
global_termination_time: 2094507.638
local_termination_time: 5274.4
node_cons: 43096.77113452304
tot_aggregated_send: 28743
tot_msg_rcv: 1036
tot_msg_sent: 2029
tot_reconf_duration: 25.35
tot_sleeping_duration: 2062347.5589600273
tot_uptimes: 537
tot_uptimes_duration: 32160.079039972683
