comms_cons: 52.33295360393214
finished_reconf: true
global_termination_time: 239700.38728000043
local_termination_time: 255.15903999999998
node_cons: 4963.0949728851765
tot_aggregated_send: 0
tot_msg_rcv: 4370
tot_msg_sent: 3580
tot_reconf_duration: 18.21
tot_sleeping_duration: 236012.28735999655
tot_uptimes: 62
tot_uptimes_duration: 3688.099920003864
