comms_cons: 273.2078592037496
finished_reconf: true
global_termination_time: 2696712.417
local_termination_time: 1318268.162
node_cons: 55440.577902232755
tot_aggregated_send: 36827
tot_msg_rcv: 1507
tot_msg_sent: 3192
tot_reconf_duration: 4.390000000000001
tot_sleeping_duration: 2655312.4048400046
tot_uptimes: 691
tot_uptimes_duration: 41400.012159995385
