comms_cons: 109.0856192102921
finished_reconf: true
global_termination_time: 610710.723
local_termination_time: 120053.66547999997
node_cons: 12563.81498224289
tot_aggregated_send: 0
tot_msg_rcv: 8416
tot_msg_sent: 8164
tot_reconf_duration: 22.65
tot_sleeping_duration: 601350.7108399979
tot_uptimes: 157
tot_uptimes_duration: 9360.012160002138
