comms_cons: 61.890534399842934
finished_reconf: true
global_termination_time: 611999.686
local_termination_time: 321952.10040000034
node_cons: 12550.941142242857
tot_aggregated_send: 8352
tot_msg_rcv: 370
tot_msg_sent: 685
tot_reconf_duration: 13.17
tot_sleeping_duration: 602639.6738399978
tot_uptimes: 157
tot_uptimes_duration: 9360.012160002138
