comms_cons: 791.7953017954101
finished_reconf: true
global_termination_time: 2305161.955
local_termination_time: 1404229.5445999997
node_cons: 140003.03883862717
tot_aggregated_send: 0
tot_msg_rcv: 48602
tot_msg_sent: 71747
tot_reconf_duration: 6.22
tot_sleeping_duration: 2200610.355240006
tot_uptimes: 1711
tot_uptimes_duration: 104551.59975999367
