comms_cons: 240.46975999208522
finished_reconf: true
global_termination_time: 2429786.019
local_termination_time: 1598423.4313599998
node_cons: 49991.99937999913
tot_aggregated_send: 35032
tot_msg_rcv: 544
tot_msg_sent: 974
tot_reconf_duration: 15.110000000000001
tot_sleeping_duration: 2392466.019
tot_uptimes: 623
tot_uptimes_duration: 37320.0
