comms_cons: 67.38416639953849
finished_reconf: true
global_termination_time: 668956.324
local_termination_time: 90623.83371999966
node_cons: 13744.688262242878
tot_aggregated_send: 9280
tot_msg_rcv: 323
tot_msg_sent: 639
tot_reconf_duration: 4.8100000000000005
tot_sleeping_duration: 658696.3118399979
tot_uptimes: 172
tot_uptimes_duration: 10260.012160002138
