comms_cons: 66.06832639865911
finished_reconf: true
global_termination_time: 669687.475
local_termination_time: 293860.3210000005
node_cons: 13742.281900000084
tot_aggregated_send: 9570
tot_msg_rcv: 126
tot_msg_sent: 346
tot_reconf_duration: 3.05
tot_sleeping_duration: 659427.475
tot_uptimes: 172
tot_uptimes_duration: 10260.0
