comms_cons: 47.91694080109261
finished_reconf: true
global_termination_time: 465711.822
local_termination_time: 124.0162000000004
node_cons: 9566.446043360886
tot_aggregated_send: 6032
tot_msg_rcv: 381
tot_msg_sent: 870
tot_reconf_duration: 4.390000000000001
tot_sleeping_duration: 458571.80375999934
tot_uptimes: 120
tot_uptimes_duration: 7140.018240000652
