comms_cons: 33.79077120045375
finished_reconf: true
global_termination_time: 332241.295
local_termination_time: 24829.38696
node_cons: 6844.258980000004
tot_aggregated_send: 4640
tot_msg_rcv: 215
tot_msg_sent: 281
tot_reconf_duration: 11.31
tot_sleeping_duration: 327141.295
tot_uptimes: 86
tot_uptimes_duration: 5100.0
