comms_cons: 93.88981759468135
finished_reconf: true
global_termination_time: 918016.229
local_termination_time: 57389.20272000011
node_cons: 18910.683123350518
tot_aggregated_send: 12586
tot_msg_rcv: 653
tot_msg_sent: 1031
tot_reconf_duration: 22.65
tot_sleeping_duration: 903916.2107600071
tot_uptimes: 236
tot_uptimes_duration: 14100.018239992904
