comms_cons: 91.0561279989154
finished_reconf: true
global_termination_time: 917695.757
local_termination_time: 607778.06036
node_cons: 18888.346760000146
tot_aggregated_send: 13108
tot_msg_rcv: 236
tot_msg_sent: 496
tot_reconf_duration: 6.22
tot_sleeping_duration: 903595.757
tot_uptimes: 236
tot_uptimes_duration: 14100.0
