comms_cons: 107.63633919151911
finished_reconf: true
global_termination_time: 1046114.539
local_termination_time: 46985.12448000002
node_cons: 21456.814890069927
tot_aggregated_send: 13978
tot_msg_rcv: 866
tot_msg_sent: 1517
tot_reconf_duration: 4.390000000000001
tot_sleeping_duration: 1030094.4842800075
tot_uptimes: 268
tot_uptimes_duration: 16020.054719992448
