comms_cons: 111.93751039815719
finished_reconf: true
global_termination_time: 1136031.482
local_termination_time: 168107.15236000007
node_cons: 23311.036508962305
tot_aggregated_send: 15254
tot_msg_rcv: 649
tot_msg_sent: 1110
tot_reconf_duration: 9.11
tot_sleeping_duration: 1118631.4333599985
tot_uptimes: 291
tot_uptimes_duration: 17400.04864000168
