comms_cons: 114.19517439274284
finished_reconf: true
global_termination_time: 1139324.993
local_termination_time: 704338.3776799985
node_cons: 23383.09004111693
tot_aggregated_send: 16124
tot_msg_rcv: 480
tot_msg_sent: 753
tot_reconf_duration: 3.05
tot_sleeping_duration: 1121864.9869200024
tot_uptimes: 292
tot_uptimes_duration: 17460.006079997635
