comms_cons: 16.481523200080073
finished_reconf: true
global_termination_time: 164698.064
local_termination_time: 16059.793360000001
node_cons: 3399.0254622428647
tot_aggregated_send: 2204
tot_msg_rcv: 84
tot_msg_sent: 217
tot_reconf_duration: 18.21
tot_sleeping_duration: 162178.05183999788
tot_uptimes: 43
tot_uptimes_duration: 2520.0121600021375
