comms_cons: 152.80191999634485
finished_reconf: true
global_termination_time: 1545610.707
local_termination_time: 396700.9944400002
node_cons: 31752.18486000003
tot_aggregated_send: 22156
tot_msg_rcv: 327
tot_msg_sent: 742
tot_reconf_duration: 13.17
tot_sleeping_duration: 1521910.707
tot_uptimes: 396
tot_uptimes_duration: 23700.0
