comms_cons: 155.81015038954226
finished_reconf: true
global_termination_time: 1549792.741
local_termination_time: 345172.97936
node_cons: 31820.674890065275
tot_aggregated_send: 20706
tot_msg_rcv: 931
tot_msg_sent: 2046
tot_reconf_duration: 4.390000000000001
tot_sleeping_duration: 1526032.686280011
tot_uptimes: 397
tot_uptimes_duration: 23760.054719989013
