comms_cons: 157.52511998277296
finished_reconf: true
global_termination_time: 1543557.964
local_termination_time: 130526.11659999966
node_cons: 31738.490746701027
tot_aggregated_send: 20764
tot_msg_rcv: 1023
tot_msg_sent: 2154
tot_reconf_duration: 3.05
tot_sleeping_duration: 1519857.927520014
tot_uptimes: 396
tot_uptimes_duration: 23700.036479985807
