comms_cons: 156.3543423854813
finished_reconf: true
global_termination_time: 1548382.941
local_termination_time: 429756.41036000004
node_cons: 31822.08721006073
tot_aggregated_send: 20416
tot_msg_rcv: 1133
tot_msg_sent: 2217
tot_reconf_duration: 5.43
tot_sleeping_duration: 1524622.8862800146
tot_uptimes: 397
tot_uptimes_duration: 23760.05471998558
