comms_cons: 56.16663040109664
finished_reconf: true
global_termination_time: 555747.844
local_termination_time: 329963.4622000001
node_cons: 11414.257902242818
tot_aggregated_send: 7772
tot_msg_rcv: 303
tot_msg_sent: 462
tot_reconf_duration: 4.390000000000001
tot_sleeping_duration: 547227.8318399979
tot_uptimes: 143
tot_uptimes_duration: 8520.012160002138
