comms_cons: 54.03496960078393
finished_reconf: true
global_termination_time: 551644.014
local_termination_time: 286152.2133600001
node_cons: 11332.10632336441
tot_aggregated_send: 7308
tot_msg_rcv: 262
tot_msg_sent: 643
tot_reconf_duration: 3.05
tot_sleeping_duration: 543183.9957599967
tot_uptimes: 142
tot_uptimes_duration: 8460.018240003235
