comms_cons: 54.143993603406464
finished_reconf: true
global_termination_time: 463224.0762400002
local_termination_time: 86383.71611999974
node_cons: 9530.784967300891
tot_aggregated_send: 3886
tot_msg_rcv: 1467
tot_msg_sent: 2878
tot_reconf_duration: 18.21
tot_sleeping_duration: 456124.70671998465
tot_uptimes: 119
tot_uptimes_duration: 7099.369520015593
