comms_cons: 46.39651840069227
finished_reconf: true
global_termination_time: 463778.526
local_termination_time: 157744.6866000001
node_cons: 9487.04580000002
tot_aggregated_send: 6496
tot_msg_rcv: 212
tot_msg_sent: 344
tot_reconf_duration: 5.1
tot_sleeping_duration: 456698.526
tot_uptimes: 119
tot_uptimes_duration: 7080.0
