comms_cons: 45.48858880006106
finished_reconf: true
global_termination_time: 463710.081
local_termination_time: 391035.0523600001
node_cons: 9490.739560000022
tot_aggregated_send: 6670
tot_msg_rcv: 77
tot_msg_sent: 167
tot_reconf_duration: 7.819999999999999
tot_sleeping_duration: 456630.081
tot_uptimes: 119
tot_uptimes_duration: 7080.0
