comms_cons: 83.90579199707511
finished_reconf: true
global_termination_time: 849218.2698399997
local_termination_time: 849218.2287199998
node_cons: 17489.76214999333
tot_aggregated_send: 12166
tot_msg_rcv: 169
tot_msg_sent: 419
tot_reconf_duration: 24.59
tot_sleeping_duration: 836181.3998400047
tot_uptimes: 218
tot_uptimes_duration: 13036.86999999499
