comms_cons: 351.716479919296
finished_reconf: true
global_termination_time: 850657.04
local_termination_time: 504921.4583200006
node_cons: 51690.630311760215
tot_aggregated_send: 0
tot_msg_rcv: 21582
tot_msg_sent: 31877
tot_reconf_duration: 4.390000000000001
tot_sleeping_duration: 812057.5861599992
tot_uptimes: 630
tot_uptimes_duration: 38599.45384000075
