comms_cons: 47.916313603326884
finished_reconf: true
global_termination_time: 244079.283
local_termination_time: 3545.48536
node_cons: 5011.838700000005
tot_aggregated_send: 0
tot_msg_rcv: 3708
tot_msg_sent: 3575
tot_reconf_duration: 22.65
tot_sleeping_duration: 240359.283
tot_uptimes: 63
tot_uptimes_duration: 3720.0
