comms_cons: 82.34589441071404
finished_reconf: true
global_termination_time: 422578.669
local_termination_time: 39224.77256000004
node_cons: 8701.473603364302
tot_aggregated_send: 0
tot_msg_rcv: 6375
tot_msg_sent: 6142
tot_reconf_duration: 18.21
tot_sleeping_duration: 416098.6507599968
tot_uptimes: 109
tot_uptimes_duration: 6480.018240003206
