comms_cons: 992.1396427753962
finished_reconf: true
global_termination_time: 3403456.195
local_termination_time: 1586698.9624799998
node_cons: 139002.19821975078
tot_aggregated_send: 0
tot_msg_rcv: 50502
tot_msg_sent: 100298
tot_reconf_duration: 18.21
tot_sleeping_duration: 3299664.2091600033
tot_uptimes: 1721
tot_uptimes_duration: 103791.98583999649
