comms_cons: 670.3981255894569
finished_reconf: true
global_termination_time: 3404528.816
local_termination_time: 1586702.4335999996
node_cons: 70006.91498223228
tot_aggregated_send: 0
tot_msg_rcv: 51394
tot_msg_sent: 50502
tot_reconf_duration: 22.65
tot_sleeping_duration: 3352268.8038400044
tot_uptimes: 872
tot_uptimes_duration: 52260.0121599955
