comms_cons: 338.00316160841686
finished_reconf: true
global_termination_time: 3401876.784
local_termination_time: 141297.38004000075
node_cons: 69991.57225006467
tot_aggregated_send: 47560
tot_msg_rcv: 1255
tot_msg_sent: 2558
tot_reconf_duration: 11.31
tot_sleeping_duration: 3349616.7292800103
tot_uptimes: 872
tot_uptimes_duration: 52260.05471998971
