comms_cons: 234.38764158465239
finished_reconf: true
global_termination_time: 2374677.963
local_termination_time: 753150.3266799995
node_cons: 48855.280804466725
tot_aggregated_send: 32886
tot_msg_rcv: 908
tot_msg_sent: 1832
tot_reconf_duration: 6.279999999999999
tot_sleeping_duration: 2338197.9386800095
tot_uptimes: 609
tot_uptimes_duration: 36480.02431999054
