comms_cons: 237.4456895866893
finished_reconf: true
global_termination_time: 2374716.628
local_termination_time: 526325.6093599999
node_cons: 48853.70278782634
tot_aggregated_send: 33176
tot_msg_rcv: 943
tot_msg_sent: 1971
tot_reconf_duration: 5.1
tot_sleeping_duration: 2338236.5854400094
tot_uptimes: 609
tot_uptimes_duration: 36480.04255999031
