comms_cons: 238.80885759104336
finished_reconf: true
global_termination_time: 2376160.782
local_termination_time: 16706.036480000002
node_cons: 48864.65370670954
tot_aggregated_send: 32944
tot_msg_rcv: 1036
tot_msg_sent: 2318
tot_reconf_duration: 13.17
tot_sleeping_duration: 2339680.7455200073
tot_uptimes: 609
tot_uptimes_duration: 36480.036479992676
