comms_cons: 235.52284158455896
finished_reconf: true
global_termination_time: 2377161.231
local_termination_time: 1084080.4589999989
node_cons: 48850.87818223276
tot_aggregated_send: 32770
tot_msg_rcv: 1108
tot_msg_sent: 1921
tot_reconf_duration: 3.05
tot_sleeping_duration: 2340681.218840005
tot_uptimes: 609
tot_uptimes_duration: 36480.01215999527
