comms_cons: 245.1499711888981
finished_reconf: true
global_termination_time: 2436966.476239997
local_termination_time: 353155.0494800005
node_cons: 50167.963796065495
tot_aggregated_send: 33988
tot_msg_rcv: 1124
tot_msg_sent: 2149
tot_reconf_duration: 11.31
tot_sleeping_duration: 2399511.207520007
tot_uptimes: 625
tot_uptimes_duration: 37455.26871998969
