comms_cons: 132.47877119439693
finished_reconf: true
global_termination_time: 1329334.511
local_termination_time: 329353.61336
node_cons: 27340.99459999998
tot_aggregated_send: 18908
tot_msg_rcv: 433
tot_msg_sent: 795
tot_reconf_duration: 18.700000000000003
tot_sleeping_duration: 1308934.511
tot_uptimes: 341
tot_uptimes_duration: 20400.0
