comms_cons: 21.731097599891335
finished_reconf: true
global_termination_time: 212483.917
local_termination_time: 59647.206480000015
node_cons: 4344.8919799999985
tot_aggregated_send: 2842
tot_msg_rcv: 171
tot_msg_sent: 290
tot_reconf_duration: 4.8100000000000005
tot_sleeping_duration: 209243.917
tot_uptimes: 55
tot_uptimes_duration: 3240.0
