comms_cons: 83.29925119756237
finished_reconf: true
global_termination_time: 820352.311
local_termination_time: 466675.11768000026
node_cons: 16896.153603364342
tot_aggregated_send: 11252
tot_msg_rcv: 494
tot_msg_sent: 915
tot_reconf_duration: 18.21
tot_sleeping_duration: 807752.2927599968
tot_uptimes: 211
tot_uptimes_duration: 12600.018240003206
