comms_cons: 477.36401283729793
finished_reconf: true
global_termination_time: 4859179.747
local_termination_time: 2741887.2506799987
node_cons: 99949.90208223125
tot_aggregated_send: 67918
tot_msg_rcv: 1349
tot_msg_sent: 3289
tot_reconf_duration: 5.1
tot_sleeping_duration: 4784539.734840005
tot_uptimes: 1245
tot_uptimes_duration: 74640.0121599955
