comms_cons: 57.515366400619996
finished_reconf: true
global_termination_time: 575789.5893199996
local_termination_time: 575789.5481999996
node_cons: 11871.591948721165
tot_aggregated_send: 8048
tot_msg_rcv: 212
tot_msg_sent: 481
tot_reconf_duration: 24.59
tot_sleeping_duration: 566948.5148399987
tot_uptimes: 148
tot_uptimes_duration: 8841.074480000847
