comms_cons: 55.442918400510735
finished_reconf: true
global_termination_time: 575790.20224
local_termination_time: 21441.070480000002
node_cons: 11855.1132904815
tot_aggregated_send: 7888
tot_msg_rcv: 199
tot_msg_sent: 339
tot_reconf_duration: 18.21
tot_sleeping_duration: 566954.963919999
tot_uptimes: 148
tot_uptimes_duration: 8835.23832000111
