comms_cons: 66.87756800761828
finished_reconf: true
global_termination_time: 578272.964
local_termination_time: 155451.5417200001
node_cons: 11896.851980000014
tot_aggregated_send: 0
tot_msg_rcv: 5175
tot_msg_sent: 4990
tot_reconf_duration: 4.8100000000000005
tot_sleeping_duration: 569392.964
tot_uptimes: 149
tot_uptimes_duration: 8880.0
