comms_cons: 97.99718399517933
finished_reconf: true
global_termination_time: 980826.869
local_termination_time: 671112.2473999992
node_cons: 20186.171719999988
tot_aggregated_send: 13978
tot_msg_rcv: 351
tot_msg_sent: 566
tot_reconf_duration: 15.34
tot_sleeping_duration: 965766.869
tot_uptimes: 252
tot_uptimes_duration: 15060.0
