comms_cons: 97.76691199619718
finished_reconf: true
global_termination_time: 980579.171
local_termination_time: 223112.19976000086
node_cons: 20173.86824000003
tot_aggregated_send: 13920
tot_msg_rcv: 307
tot_msg_sent: 633
tot_reconf_duration: 6.279999999999999
tot_sleeping_duration: 965519.171
tot_uptimes: 252
tot_uptimes_duration: 15060.0
