comms_cons: 98.83274239598765
finished_reconf: true
global_termination_time: 982613.064
local_termination_time: 512431.04236
node_cons: 20173.811183350488
tot_aggregated_send: 13340
tot_msg_rcv: 464
tot_msg_sent: 1218
tot_reconf_duration: 6.22
tot_sleeping_duration: 967553.0457600071
tot_uptimes: 252
tot_uptimes_duration: 15060.018239992904
