comms_cons: 103.5301823937088
finished_reconf: true
global_termination_time: 1021830.613
local_termination_time: 340970.43852000084
node_cons: 20972.971486714843
tot_aggregated_send: 13224
tot_msg_rcv: 826
tot_msg_sent: 1686
tot_reconf_duration: 3.08
tot_sleeping_duration: 1006170.576520004
tot_uptimes: 262
tot_uptimes_duration: 15660.03647999611
