comms_cons: 163.34636794631203
finished_reconf: true
global_termination_time: 1026232.079
local_termination_time: 150276.16636000006
node_cons: 21060.09878447655
tot_aggregated_send: 0
tot_msg_rcv: 12728
tot_msg_sent: 12101
tot_reconf_duration: 8.09
tot_sleeping_duration: 1010512.0546800026
tot_uptimes: 263
tot_uptimes_duration: 15720.024319997407
