comms_cons: 102.03086079461895
finished_reconf: true
global_termination_time: 1021957.986
local_termination_time: 84107.27500000001
node_cons: 21003.798603918858
tot_aggregated_send: 13570
tot_msg_rcv: 550
tot_msg_sent: 1389
tot_reconf_duration: 22.65
tot_sleeping_duration: 1006294.7747200009
tot_uptimes: 262
tot_uptimes_duration: 15663.211279999116
