comms_cons: 103.08994559365755
finished_reconf: true
global_termination_time: 1026634.417
local_termination_time: 456244.2268400001
node_cons: 21061.88050111684
tot_aggregated_send: 14210
tot_msg_rcv: 555
tot_msg_sent: 905
tot_reconf_duration: 9.42
tot_sleeping_duration: 1010914.4109200024
tot_uptimes: 263
tot_uptimes_duration: 15720.006079997635
