comms_cons: 105.2493439924247
finished_reconf: true
global_termination_time: 1022580.676
local_termination_time: 499350.42236
node_cons: 20984.164108953082
tot_aggregated_send: 13108
tot_msg_rcv: 1117
tot_msg_sent: 1773
tot_reconf_duration: 11.31
tot_sleeping_duration: 1006920.6273600052
tot_uptimes: 262
tot_uptimes_duration: 15660.048639994813
