comms_cons: 60.791807997681374
finished_reconf: true
global_termination_time: 611792.383
local_termination_time: 204776.77448000052
node_cons: 12567.397400000043
tot_aggregated_send: 8642
tot_msg_rcv: 216
tot_msg_sent: 382
tot_reconf_duration: 25.299999999999997
tot_sleeping_duration: 602432.383
tot_uptimes: 157
tot_uptimes_duration: 9360.000000000002
