comms_cons: 59.32464639933022
finished_reconf: true
global_termination_time: 608212.3359599997
local_termination_time: 576978.8375999978
node_cons: 12500.999129836571
tot_aggregated_send: 8932
tot_msg_rcv: 21
tot_msg_sent: 63
tot_reconf_duration: 11.31
tot_sleeping_duration: 598887.7354000022
tot_uptimes: 156
tot_uptimes_duration: 9324.600559997489
