comms_cons: 774.5812154146977
finished_reconf: true
global_termination_time: 1604459.3793999993
local_termination_time: 1604459.3382799993
node_cons: 97213.0951265413
tot_aggregated_send: 0
tot_msg_rcv: 47621
tot_msg_sent: 70110
tot_reconf_duration: 24.59
tot_sleeping_duration: 1531883.0523600113
tot_uptimes: 1187
tot_uptimes_duration: 72576.32703998795
