comms_cons: 73.84188159573718
finished_reconf: true
global_termination_time: 718112.689
local_termination_time: 10003.828720000001
node_cons: 14733.060111193654
tot_aggregated_send: 9512
tot_msg_rcv: 618
tot_msg_sent: 1093
tot_reconf_duration: 22.65
tot_sleeping_duration: 707132.6282000048
tot_uptimes: 184
tot_uptimes_duration: 10980.060799995248
