comms_cons: 71.38494719687071
finished_reconf: true
global_termination_time: 714226.49412
local_termination_time: 43306.46960000002
node_cons: 14646.387233039839
tot_aggregated_send: 9512
tot_msg_rcv: 385
tot_msg_sent: 953
tot_reconf_duration: 3.05
tot_sleeping_duration: 703291.2847600002
tot_uptimes: 183
tot_uptimes_duration: 10935.209359999862
