comms_cons: 289.25632640096296
finished_reconf: true
global_termination_time: 2908141.821
local_termination_time: 731709.4529199984
node_cons: 59818.60838357781
tot_aggregated_send: 41122
tot_msg_rcv: 921
tot_msg_sent: 1923
tot_reconf_duration: 25.299999999999997
tot_sleeping_duration: 2863493.3886000155
tot_uptimes: 745
tot_uptimes_duration: 44648.432399984216
