comms_cons: 42.206822401299064
finished_reconf: true
global_termination_time: 393400.8476000001
local_termination_time: 393400.8064800001
node_cons: 8085.831142884432
tot_aggregated_send: 4800
tot_msg_rcv: 600
tot_msg_sent: 1013
tot_reconf_duration: 24.59
tot_sleeping_duration: 387387.0776799968
tot_uptimes: 101
tot_uptimes_duration: 6013.769920003295
