comms_cons: 72.43041279989696
finished_reconf: true
global_termination_time: 733379.833
local_termination_time: 247866.6627200001
node_cons: 15048.325462242872
tot_aggregated_send: 10150
tot_msg_rcv: 291
tot_msg_sent: 568
tot_reconf_duration: 18.21
tot_sleeping_duration: 722159.8208399978
tot_uptimes: 188
tot_uptimes_duration: 11220.012160002138
