comms_cons: 74.15699839820653
finished_reconf: true
global_termination_time: 734727.523
local_termination_time: 370154.7034400002
node_cons: 15138.318105597964
tot_aggregated_send: 9686
tot_msg_rcv: 468
tot_msg_sent: 1117
tot_reconf_duration: 25.299999999999997
tot_sleeping_duration: 723447.4926000015
tot_uptimes: 189
tot_uptimes_duration: 11280.030399998475
