comms_cons: 77.26515199702186
finished_reconf: true
global_termination_time: 733261.265
local_termination_time: 126784.39135999997
node_cons: 15041.513706719406
tot_aggregated_send: 9338
tot_msg_rcv: 903
tot_msg_sent: 1502
tot_reconf_duration: 13.17
tot_sleeping_duration: 722041.2285200005
tot_uptimes: 188
tot_uptimes_duration: 11220.036479999544
