comms_cons: 77.00083199625594
finished_reconf: true
global_termination_time: 735740.49
local_termination_time: 91311.16583999967
node_cons: 15108.200333443396
tot_aggregated_send: 9164
tot_msg_rcv: 783
tot_msg_sent: 1758
tot_reconf_duration: 3.08
tot_sleeping_duration: 724460.4170399974
tot_uptimes: 189
tot_uptimes_duration: 11280.072960002522
