comms_cons: 76.48809599670736
finished_reconf: true
global_termination_time: 735518.696
local_termination_time: 135543.41188000044
node_cons: 15129.355305600313
tot_aggregated_send: 9512
tot_msg_rcv: 728
tot_msg_sent: 1385
tot_reconf_duration: 18.700000000000003
tot_sleeping_duration: 724238.6655999998
tot_uptimes: 189
tot_uptimes_duration: 11280.030400000207
