comms_cons: 73.62696959931672
finished_reconf: true
global_termination_time: 737429.296
local_termination_time: 393225.69744000025
node_cons: 15124.759861121489
tot_aggregated_send: 9802
tot_msg_rcv: 407
tot_msg_sent: 980
tot_reconf_duration: 15.34
tot_sleeping_duration: 726149.289919999
tot_uptimes: 189
tot_uptimes_duration: 11280.006080001069
