comms_cons: 493.2036544249906
finished_reconf: true
global_termination_time: 5053389.71
local_termination_time: 3078499.0703199995
node_cons: 103966.90208223107
tot_aggregated_send: 69890
tot_msg_rcv: 1697
tot_msg_sent: 3377
tot_reconf_duration: 5.1
tot_sleeping_duration: 4975749.697840004
tot_uptimes: 1295
tot_uptimes_duration: 77640.0121599955
