comms_cons: 506.79906568482596
finished_reconf: true
global_termination_time: 5052039.798
local_termination_time: 1041642.42436
node_cons: 103885.63860781545
tot_aggregated_send: 69948
tot_msg_rcv: 2442
tot_msg_sent: 4640
tot_reconf_duration: 4.390000000000001
tot_sleeping_duration: 4974459.755440016
tot_uptimes: 1294
tot_uptimes_duration: 77580.0425599839
