comms_cons: 496.4441536465995
finished_reconf: true
global_termination_time: 5051363.782
local_termination_time: 1567617.028
node_cons: 103888.40418797897
tot_aggregated_send: 70583
tot_msg_rcv: 1500
tot_msg_sent: 3373
tot_reconf_duration: 6.22
tot_sleeping_duration: 4973783.530000013
tot_uptimes: 1294
tot_uptimes_duration: 77580.25199998659
