comms_cons: 104.90581121456292
finished_reconf: true
global_termination_time: 482277.58580000023
local_termination_time: 482277.5446800002
node_cons: 9946.47908425557
tot_aggregated_send: 0
tot_msg_rcv: 8750
tot_msg_sent: 7195
tot_reconf_duration: 24.59
tot_sleeping_duration: 474874.2356399886
tot_uptimes: 124
tot_uptimes_duration: 7403.350160011614
