comms_cons: 113.67009279615786
finished_reconf: true
global_termination_time: 1154600.398
local_termination_time: 4809.086
node_cons: 23706.34310000004
tot_aggregated_send: 16468
tot_msg_rcv: 327
tot_msg_sent: 482
tot_reconf_duration: 4.45
tot_sleeping_duration: 1136900.398
tot_uptimes: 296
tot_uptimes_duration: 17700.0
