comms_cons: 111.74113279908678
finished_reconf: true
global_termination_time: 1153785.464
local_termination_time: 5445.99
node_cons: 23716.22390112147
tot_aggregated_send: 16692
tot_msg_rcv: 86
tot_msg_sent: 206
tot_reconf_duration: 11.719999999999999
tot_sleeping_duration: 1136085.4579199988
tot_uptimes: 296
tot_uptimes_duration: 17700.00608000107
