comms_cons: 112.74207999742514
finished_reconf: true
global_termination_time: 1154438.773
local_termination_time: 6929.731
node_cons: 23714.63504111919
tot_aggregated_send: 16345
tot_msg_rcv: 219
tot_msg_sent: 572
tot_reconf_duration: 10.55
tot_sleeping_duration: 1136738.7669200005
tot_uptimes: 296
tot_uptimes_duration: 17700.006079999366
