comms_cons: 32.71178240040135
finished_reconf: true
global_termination_time: 317458.7900800007
local_termination_time: 120628.52135999997
node_cons: 6594.282611363787
tot_aggregated_send: 4234
tot_msg_rcv: 256
tot_msg_sent: 481
tot_reconf_duration: 22.65
tot_sleeping_duration: 312556.9798399979
tot_uptimes: 82
tot_uptimes_duration: 4901.810240002815
