comms_cons: 33.507865600488074
finished_reconf: true
global_termination_time: 319739.678
local_termination_time: 11313.10948
node_cons: 6511.6900411214365
tot_aggregated_send: 4060
tot_msg_rcv: 393
tot_msg_sent: 640
tot_reconf_duration: 3.05
tot_sleeping_duration: 314879.67191999895
tot_uptimes: 82
tot_uptimes_duration: 4860.006080001069
