comms_cons: 267.28037120353844
finished_reconf: true
global_termination_time: 2658855.632
local_termination_time: 529751.8973199985
node_cons: 54652.07242558354
tot_aggregated_send: 36888
tot_msg_rcv: 1190
tot_msg_sent: 2547
tot_reconf_duration: 15.34
tot_sleeping_duration: 2618055.601600012
tot_uptimes: 681
tot_uptimes_duration: 40800.030399988405
