comms_cons: 268.10108161405043
finished_reconf: true
global_termination_time: 2662002.278
local_termination_time: 1254116.2333599997
node_cons: 54718.49836446624
tot_aggregated_send: 36656
tot_msg_rcv: 1249
tot_msg_sent: 2845
tot_reconf_duration: 5.1
tot_sleeping_duration: 2621142.2536800094
tot_uptimes: 682
tot_uptimes_duration: 40860.02431999054
