comms_cons: 270.1256384244069
finished_reconf: true
global_termination_time: 2659369.319
local_termination_time: 741038.5029599997
node_cons: 54717.5423255836
tot_aggregated_send: 36714
tot_msg_rcv: 1556
tot_msg_sent: 2787
tot_reconf_duration: 4.390000000000001
tot_sleeping_duration: 2618509.2886000117
tot_uptimes: 682
tot_uptimes_duration: 40860.030399988405
