comms_cons: 271.11692801250535
finished_reconf: true
global_termination_time: 2661148.472
local_termination_time: 89927.15235999998
node_cons: 54718.95464558819
tot_aggregated_send: 36366
tot_msg_rcv: 1706
tot_msg_sent: 3138
tot_reconf_duration: 5.43
tot_sleeping_duration: 2620288.4416000084
tot_uptimes: 682
tot_uptimes_duration: 40860.03039999184
