comms_cons: 476.75061763925015
finished_reconf: true
global_termination_time: 552235.0665599984
local_termination_time: 552235.0254399985
node_cons: 55017.34580720346
tot_aggregated_send: 0
tot_msg_rcv: 32789
tot_msg_sent: 39671
tot_reconf_duration: 24.59
tot_sleeping_duration: 511171.62175999524
tot_uptimes: 659
tot_uptimes_duration: 41063.44480000317
