comms_cons: 55.081062401013405
finished_reconf: true
global_termination_time: 553423.287
local_termination_time: 183773.0556400004
node_cons: 11335.520342240607
tot_aggregated_send: 7540
tot_msg_rcv: 310
tot_msg_sent: 522
tot_reconf_duration: 5.57
tot_sleeping_duration: 544963.2748399996
tot_uptimes: 142
tot_uptimes_duration: 8460.012160000435
