comms_cons: 56.62585600126528
finished_reconf: true
global_termination_time: 555320.396
local_termination_time: 13901.23048
node_cons: 11423.663403364308
tot_aggregated_send: 7308
tot_msg_rcv: 375
tot_msg_sent: 923
tot_reconf_duration: 11.31
tot_sleeping_duration: 546800.3777599967
tot_uptimes: 143
tot_uptimes_duration: 8520.018240003206
