comms_cons: 277.819878405043
finished_reconf: true
global_termination_time: 2778687.039
local_termination_time: 1793518.2391599992
node_cons: 57146.469179998945
tot_aggregated_send: 39324
tot_msg_rcv: 1004
tot_msg_sent: 1899
tot_reconf_duration: 18.21
tot_sleeping_duration: 2736027.039
tot_uptimes: 712
tot_uptimes_duration: 42660.0
