comms_cons: 547.7483586475104
finished_reconf: true
global_termination_time: 2778164.9275999977
local_termination_time: 1909.7986000000003
node_cons: 57149.9059139799
tot_aggregated_send: 0
tot_msg_rcv: 42000
tot_msg_sent: 41250
tot_reconf_duration: 5.57
tot_sleeping_duration: 2735489.5416000118
tot_uptimes: 712
tot_uptimes_duration: 42675.38599998574
