comms_cons: 279.2143744020541
finished_reconf: true
global_termination_time: 2780590.413
local_termination_time: 1133094.9305999998
node_cons: 57219.247822233134
tot_aggregated_send: 39208
tot_msg_rcv: 1148
tot_msg_sent: 2082
tot_reconf_duration: 12.629999999999999
tot_sleeping_duration: 2737870.4008400044
tot_uptimes: 713
tot_uptimes_duration: 42720.0121599955
