comms_cons: 279.65547520023193
finished_reconf: true
global_termination_time: 2778844.571
local_termination_time: 1142520.17948
node_cons: 57147.15088223291
tot_aggregated_send: 38628
tot_msg_rcv: 1282
tot_msg_sent: 2596
tot_reconf_duration: 18.700000000000003
tot_sleeping_duration: 2736184.5588400047
tot_uptimes: 712
tot_uptimes_duration: 42660.01215999527
