comms_cons: 281.6993920026209
finished_reconf: true
global_termination_time: 2779197.693
local_termination_time: 1444385.3500399992
node_cons: 57127.72604334967
tot_aggregated_send: 37758
tot_msg_rcv: 1576
tot_msg_sent: 3482
tot_reconf_duration: 4.390000000000001
tot_sleeping_duration: 2736537.674760007
tot_uptimes: 712
tot_uptimes_duration: 42660.01823999314
