comms_cons: 279.07809921129
finished_reconf: true
global_termination_time: 2779845.141
local_termination_time: 533481.5911599982
node_cons: 57129.16278670022
tot_aggregated_send: 38802
tot_msg_rcv: 1176
tot_msg_sent: 2439
tot_reconf_duration: 5.43
tot_sleeping_duration: 2737185.104520014
tot_uptimes: 712
tot_uptimes_duration: 42660.03647998604
