comms_cons: 33.70524159999833
finished_reconf: true
global_termination_time: 345850.195
local_termination_time: 14159.708359999999
node_cons: 7077.293940000006
tot_aggregated_send: 5046
tot_msg_rcv: 24
tot_msg_sent: 53
tot_reconf_duration: 5.43
tot_sleeping_duration: 340570.195
tot_uptimes: 89
tot_uptimes_duration: 5280.0
