comms_cons: 424.74682849243993
finished_reconf: true
global_termination_time: 2154521.6645999975
local_termination_time: 283.9090399999995
node_cons: 44303.28455174683
tot_aggregated_send: 0
tot_msg_rcv: 32590
tot_msg_sent: 31966
tot_reconf_duration: 11.31
tot_sleeping_duration: 2121446.2907600068
tot_uptimes: 552
tot_uptimes_duration: 33075.3738399905
