comms_cons: 157.0529471894488
finished_reconf: true
global_termination_time: 1591570.711
local_termination_time: 966830.0093599999
node_cons: 32704.920121117117
tot_aggregated_send: 21982
tot_msg_rcv: 574
tot_msg_sent: 1315
tot_reconf_duration: 4.8100000000000005
tot_sleeping_duration: 1567150.704920002
tot_uptimes: 408
tot_uptimes_duration: 24420.00607999775
