comms_cons: 248.69376000049095
finished_reconf: true
global_termination_time: 2446007.875
local_termination_time: 99391.13667999985
node_cons: 50317.64245005999
tot_aggregated_send: 33640
tot_msg_rcv: 1497
tot_msg_sent: 2663
tot_reconf_duration: 18.21
tot_sleeping_duration: 2408447.8202800145
tot_uptimes: 627
tot_uptimes_duration: 37560.05471998558
