comms_cons: 246.9659135916094
finished_reconf: true
global_termination_time: 2443849.888
local_termination_time: 153955.31236000004
node_cons: 50243.33197005998
tot_aggregated_send: 33524
tot_msg_rcv: 1353
tot_msg_sent: 2660
tot_reconf_duration: 22.65
tot_sleeping_duration: 2406349.833280014
tot_uptimes: 626
tot_uptimes_duration: 37500.05471998558
