comms_cons: 294.5573629879067
finished_reconf: true
global_termination_time: 2445717.511
local_termination_time: 1467673.7889199995
node_cons: 50303.46770112081
tot_aggregated_send: 0
tot_msg_rcv: 22615
tot_msg_sent: 22156
tot_reconf_duration: 7.819999999999999
tot_sleeping_duration: 2408157.504919999
tot_uptimes: 627
tot_uptimes_duration: 37560.00608000107
