comms_cons: 48.23080960093884
finished_reconf: true
global_termination_time: 466838.6339600001
local_termination_time: 466838.5928400001
node_cons: 9616.521633047361
tot_aggregated_send: 6250
tot_msg_rcv: 418
tot_msg_sent: 662
tot_reconf_duration: 24.59
tot_sleeping_duration: 459681.70459999464
tot_uptimes: 120
tot_uptimes_duration: 7156.929360005481
