comms_cons: 26.30364160042543
finished_reconf: true
global_termination_time: 251375.673
local_termination_time: 14339.832680000003
node_cons: 5152.379560000004
tot_aggregated_send: 3364
tot_msg_rcv: 291
tot_msg_sent: 343
tot_reconf_duration: 7.819999999999999
tot_sleeping_duration: 247535.673
tot_uptimes: 65
tot_uptimes_duration: 3840.0
