comms_cons: 32.790732800192096
finished_reconf: true
global_termination_time: 326685.214
local_termination_time: 22764.769360000002
node_cons: 6675.14580000001
tot_aggregated_send: 4582
tot_msg_rcv: 174
tot_msg_sent: 228
tot_reconf_duration: 5.1
tot_sleeping_duration: 321705.214
tot_uptimes: 84
tot_uptimes_duration: 4980.0
