comms_cons: 99.90411520417014
finished_reconf: true
global_termination_time: 206347.7544400003
local_termination_time: 3262.4290400000014
node_cons: 12620.280823478217
tot_aggregated_send: 0
tot_msg_rcv: 6105
tot_msg_sent: 9078
tot_reconf_duration: 18.21
tot_sleeping_duration: 196941.06912000163
tot_uptimes: 154
tot_uptimes_duration: 9406.685319998656
