comms_cons: 83.11215360965109
finished_reconf: true
global_termination_time: 381635.42000000045
local_termination_time: 381635.37888000044
node_cons: 7871.6891576886765
tot_aggregated_send: 0
tot_msg_rcv: 6948
tot_msg_sent: 5683
tot_reconf_duration: 24.59
tot_sleeping_duration: 375781.576879994
tot_uptimes: 98
tot_uptimes_duration: 5853.843120006466
