comms_cons: 36.38087680043516
finished_reconf: true
global_termination_time: 362066.516
local_termination_time: 137794.49568000072
node_cons: 7402.282502242865
tot_aggregated_send: 4872
tot_msg_rcv: 198
tot_msg_sent: 459
tot_reconf_duration: 8.09
tot_sleeping_duration: 356546.50383999787
tot_uptimes: 93
tot_uptimes_duration: 5520.0121600021375
