comms_cons: 37.40995840051541
finished_reconf: true
global_termination_time: 363566.623
local_termination_time: 29162.418360000003
node_cons: 7502.394982239453
tot_aggregated_send: 4872
tot_msg_rcv: 312
tot_msg_sent: 502
tot_reconf_duration: 22.65
tot_sleeping_duration: 357986.61084000045
tot_uptimes: 94
tot_uptimes_duration: 5580.012159999584
