comms_cons: 36.80404480045059
finished_reconf: true
global_termination_time: 361678.498
local_termination_time: 123055.98435999996
node_cons: 7406.158241121435
tot_aggregated_send: 4872
tot_msg_rcv: 265
tot_msg_sent: 457
tot_reconf_duration: 10.95
tot_sleeping_duration: 356158.49191999895
tot_uptimes: 93
tot_uptimes_duration: 5520.006080001069
