comms_cons: 37.844812800787615
finished_reconf: true
global_termination_time: 364895.216
local_termination_time: 153422.25016000032
node_cons: 7478.160121121436
tot_aggregated_send: 4988
tot_msg_rcv: 358
tot_msg_sent: 408
tot_reconf_duration: 4.8100000000000005
tot_sleeping_duration: 359315.20991999895
tot_uptimes: 94
tot_uptimes_duration: 5580.006080001069
