comms_cons: 16.436358399684174
finished_reconf: true
global_termination_time: 106538.77347999996
local_termination_time: 106538.73235999997
node_cons: 2330.2991254373983
tot_aggregated_send: 522
tot_msg_rcv: 967
tot_msg_sent: 1007
tot_reconf_duration: 87.88
tot_sleeping_duration: 104887.57252000191
tot_uptimes: 28
tot_uptimes_duration: 1651.2009599980597
