comms_cons: 13.732147200083183
finished_reconf: true
global_termination_time: 108288.284
local_termination_time: 1941.56724
node_cons: 2172.9986478391907
tot_aggregated_send: 580
tot_msg_rcv: 643
tot_msg_sent: 866
tot_reconf_duration: 2.77
tot_sleeping_duration: 106668.2414400006
tot_uptimes: 28
tot_uptimes_duration: 1620.042559999396
