comms_cons: 100.09497599385101
finished_reconf: true
global_termination_time: 994217.7616799985
local_termination_time: 994217.7205599985
node_cons: 20506.052573106706
tot_aggregated_send: 13732
tot_msg_rcv: 446
tot_msg_sent: 1035
tot_reconf_duration: 24.59
tot_sleeping_duration: 978928.2476000084
tot_uptimes: 255
tot_uptimes_duration: 15289.51407999004
