comms_cons: 98.53667839713403
finished_reconf: true
global_termination_time: 997575.829
local_termination_time: 487460.8073200002
node_cons: 20502.058980000027
tot_aggregated_send: 14384
tot_msg_rcv: 196
tot_msg_sent: 397
tot_reconf_duration: 11.31
tot_sleeping_duration: 982275.829
tot_uptimes: 256
tot_uptimes_duration: 15300.0
