comms_cons: 34.90923520060866
finished_reconf: true
global_termination_time: 344695.766
local_termination_time: 59642.95136000001
node_cons: 7078.448240000006
tot_aggregated_send: 4814
tot_msg_rcv: 207
tot_msg_sent: 285
tot_reconf_duration: 6.279999999999999
tot_sleeping_duration: 339415.766
tot_uptimes: 89
tot_uptimes_duration: 5280.0
