comms_cons: 34.2710528003236
finished_reconf: true
global_termination_time: 345224.857
local_termination_time: 55854.50036000001
node_cons: 7082.720501120298
tot_aggregated_send: 4872
tot_msg_rcv: 121
tot_msg_sent: 216
tot_reconf_duration: 9.42
tot_sleeping_duration: 339944.85091999976
tot_uptimes: 89
tot_uptimes_duration: 5280.0060800002175
