comms_cons: 34.725017600457065
finished_reconf: true
global_termination_time: 342240.773
local_termination_time: 32234.663440000004
node_cons: 7004.450100000009
tot_aggregated_send: 4640
tot_msg_rcv: 242
tot_msg_sent: 396
tot_reconf_duration: 10.95
tot_sleeping_duration: 337020.773
tot_uptimes: 88
tot_uptimes_duration: 5220.0
