comms_cons: 33.619712000091745
finished_reconf: true
global_termination_time: 345920.655
local_termination_time: 335349.1873600001
node_cons: 7074.0619000000725
tot_aggregated_send: 5046
tot_msg_rcv: 8
tot_msg_sent: 56
tot_reconf_duration: 3.05
tot_sleeping_duration: 340640.655
tot_uptimes: 89
tot_uptimes_duration: 5280.0
