comms_cons: 172.7412991852394
finished_reconf: true
global_termination_time: 1720412.278
local_termination_time: 830142.8843599989
node_cons: 35370.45614335039
tot_aggregated_send: 23780
tot_msg_rcv: 819
tot_msg_sent: 1656
tot_reconf_duration: 15.34
tot_sleeping_duration: 1694012.259760007
tot_uptimes: 441
tot_uptimes_duration: 26400.018239992904
