comms_cons: 175.37855358474243
finished_reconf: true
global_termination_time: 1722950.259
local_termination_time: 728152.4763599999
node_cons: 35437.544765584025
tot_aggregated_send: 23374
tot_msg_rcv: 1162
tot_msg_sent: 2120
tot_reconf_duration: 5.57
tot_sleeping_duration: 1696490.228600012
tot_uptimes: 442
tot_uptimes_duration: 26460.030399988173
