comms_cons: 173.70964478476137
finished_reconf: true
global_termination_time: 1720929.299
local_termination_time: 517662.31648000004
node_cons: 35384.01438781775
tot_aggregated_send: 23606
tot_msg_rcv: 897
tot_msg_sent: 1899
tot_reconf_duration: 25.299999999999997
tot_sleeping_duration: 1694529.2564400167
tot_uptimes: 441
tot_uptimes_duration: 26400.04255998344
