comms_cons: 175.67883518403676
finished_reconf: true
global_termination_time: 1720524.247
local_termination_time: 591690.9110799987
node_cons: 35356.18082670561
tot_aggregated_send: 23258
tot_msg_rcv: 1231
tot_msg_sent: 2214
tot_reconf_duration: 4.8100000000000005
tot_sleeping_duration: 1694124.2105200107
tot_uptimes: 441
tot_uptimes_duration: 26400.03647998924
