comms_cons: 173.2455807895243
finished_reconf: true
global_termination_time: 1720627.07
local_termination_time: 664059.7015999998
node_cons: 35353.78260558876
tot_aggregated_send: 23722
tot_msg_rcv: 807
tot_msg_sent: 1803
tot_reconf_duration: 3.05
tot_sleeping_duration: 1694227.0396000084
tot_uptimes: 441
tot_uptimes_duration: 26400.030399991607
