comms_cons: 172.62403199059838
finished_reconf: true
global_termination_time: 1721004.362
local_termination_time: 951162.7943599999
node_cons: 35360.23584223369
tot_aggregated_send: 23838
tot_msg_rcv: 718
tot_msg_sent: 1681
tot_reconf_duration: 7.819999999999999
tot_sleeping_duration: 1694604.3498400047
tot_uptimes: 441
tot_uptimes_duration: 26400.01215999527
