comms_cons: 174.08778878586898
finished_reconf: true
global_termination_time: 1722710.433
local_termination_time: 1206824.267519999
node_cons: 35438.405184630545
tot_aggregated_send: 23722
tot_msg_rcv: 880
tot_msg_sent: 1857
tot_reconf_duration: 6.22
tot_sleeping_duration: 1696250.419240007
tot_uptimes: 442
tot_uptimes_duration: 26460.013759993017
