comms_cons: 288.1492224040449
finished_reconf: true
global_termination_time: 2809509.929
local_termination_time: 235296.288
node_cons: 57881.27419470271
tot_aggregated_send: 38220
tot_msg_rcv: 2046
tot_msg_sent: 3531
tot_reconf_duration: 22.65
tot_sleeping_duration: 2766305.660520012
tot_uptimes: 720
tot_uptimes_duration: 43204.26847998786
