comms_cons: 285.3980096006108
finished_reconf: true
global_termination_time: 2807822.459
local_termination_time: 329000.0752000006
node_cons: 57851.37268558344
tot_aggregated_send: 39034
tot_msg_rcv: 1612
tot_msg_sent: 2733
tot_reconf_duration: 4.8100000000000005
tot_sleeping_duration: 2764622.4286000114
tot_uptimes: 720
tot_uptimes_duration: 43200.030399988405
