comms_cons: 108.41754239938993
finished_reconf: true
global_termination_time: 1103461.839
local_termination_time: 202674.52884000057
node_cons: 22660.06264000002
tot_aggregated_send: 15834
tot_msg_rcv: 238
tot_msg_sent: 406
tot_reconf_duration: 3.08
tot_sleeping_duration: 1086541.839
tot_uptimes: 283
tot_uptimes_duration: 16920.0
