comms_cons: 587.7898876389621
finished_reconf: true
global_termination_time: 1214933.3816799985
local_termination_time: 1214933.3405599985
node_cons: 73827.71816776176
tot_aggregated_send: 0
tot_msg_rcv: 36112
tot_msg_sent: 53229
tot_reconf_duration: 37.410000000000004
tot_sleeping_duration: 1159834.863839996
tot_uptimes: 903
tot_uptimes_duration: 55098.51784000251
