comms_cons: 120.63621119192254
finished_reconf: true
global_termination_time: 1215322.572
local_termination_time: 498199.06536000007
node_cons: 24993.31220111688
tot_aggregated_send: 17110
tot_msg_rcv: 303
tot_msg_sent: 923
tot_reconf_duration: 5.57
tot_sleeping_duration: 1196662.5659200023
tot_uptimes: 312
tot_uptimes_duration: 18660.006079997635
