comms_cons: 119.34731519906921
finished_reconf: true
global_termination_time: 1215495.261
local_termination_time: 408735.64
node_cons: 24992.673941121437
tot_aggregated_send: 17742
tot_msg_rcv: 107
tot_msg_sent: 291
tot_reconf_duration: 5.1
tot_sleeping_duration: 1196835.2549199988
tot_uptimes: 312
tot_uptimes_duration: 18660.00608000107
