comms_cons: 120.78613759509948
finished_reconf: true
global_termination_time: 1217239.991
local_termination_time: 394060.0170400003
node_cons: 25002.891540000048
tot_aggregated_send: 17342
tot_msg_rcv: 332
tot_msg_sent: 685
tot_reconf_duration: 12.629999999999999
tot_sleeping_duration: 1198579.991
tot_uptimes: 312
tot_uptimes_duration: 18660.0
