comms_cons: 10.724095999810956
finished_reconf: true
global_termination_time: 96364.033
local_termination_time: 51783.07936000001
node_cons: 1943.5434033585902
tot_aggregated_send: 754
tot_msg_rcv: 326
tot_msg_sent: 550
tot_reconf_duration: 11.31
tot_sleeping_duration: 94924.01476000104
tot_uptimes: 25
tot_uptimes_duration: 1440.0182399989499
