comms_cons: 435.5377152729236
finished_reconf: true
global_termination_time: 4375527.655
local_termination_time: 184876.32164000088
node_cons: 90002.21103613357
tot_aggregated_send: 61480
tot_msg_rcv: 1351
tot_msg_sent: 3370
tot_reconf_duration: 13.17
tot_sleeping_duration: 4308325.021560018
tot_uptimes: 1121
tot_uptimes_duration: 67202.63343998205
