comms_cons: 442.0025280800642
finished_reconf: true
global_termination_time: 4374403.595
local_termination_time: 1451693.1203599998
node_cons: 90067.72082669959
tot_aggregated_send: 60610
tot_msg_rcv: 2161
tot_msg_sent: 4411
tot_reconf_duration: 4.8100000000000005
tot_sleeping_duration: 4307143.558520013
tot_uptimes: 1121
tot_uptimes_duration: 67260.0364799865
