comms_cons: 444.91906569854996
finished_reconf: true
global_termination_time: 4375828.929
local_termination_time: 1281005.8222399987
node_cons: 89984.99888781611
tot_aggregated_send: 59914
tot_msg_rcv: 2658
tot_msg_sent: 5053
tot_reconf_duration: 3.05
tot_sleeping_duration: 4308628.886440015
tot_uptimes: 1121
tot_uptimes_duration: 67200.04255998415
