comms_cons: 11.773292799577082
finished_reconf: true
global_termination_time: 96219.57559999995
local_termination_time: 96219.53447999996
node_cons: 2030.9681650368004
tot_aggregated_send: 696
tot_msg_rcv: 428
tot_msg_sent: 662
tot_reconf_duration: 60.78
tot_sleeping_duration: 94764.43824000235
tot_uptimes: 25
tot_uptimes_duration: 1455.137359997614
