comms_cons: 13.730483200101958
finished_reconf: true
global_termination_time: 96219.59135999966
local_termination_time: 2329.61524
node_cons: 1988.216723279545
tot_aggregated_send: 522
tot_msg_rcv: 768
tot_msg_sent: 801
tot_reconf_duration: 6.23
tot_sleeping_duration: 94741.05784
tot_uptimes: 25
tot_uptimes_duration: 1478.5335199996607
