comms_cons: 11.154796800039485
finished_reconf: true
global_termination_time: 99571.243
local_termination_time: 5177.456
node_cons: 2030.2497211200082
tot_aggregated_send: 861
tot_msg_rcv: 405
tot_msg_sent: 431
tot_reconf_duration: 16.009999999999998
tot_sleeping_duration: 98071.23692
tot_uptimes: 26
tot_uptimes_duration: 1500.0060800000065
