comms_cons: 172.73031678879642
finished_reconf: true
global_termination_time: 1728435.099
local_termination_time: 86030.50147999969
node_cons: 35516.83640335043
tot_aggregated_send: 23896
tot_msg_rcv: 778
tot_msg_sent: 1579
tot_reconf_duration: 4.8100000000000005
tot_sleeping_duration: 1701915.080760007
tot_uptimes: 443
tot_uptimes_duration: 26520.018239992904
