comms_cons: 172.05265918840357
finished_reconf: true
global_termination_time: 1727151.189
local_termination_time: 396608.27168000065
node_cons: 35516.27418446719
tot_aggregated_send: 23838
tot_msg_rcv: 705
tot_msg_sent: 1608
tot_reconf_duration: 4.390000000000001
tot_sleeping_duration: 1700631.1646800095
tot_uptimes: 443
tot_uptimes_duration: 26520.02431999053
