comms_cons: 200.21163518785906
finished_reconf: true
global_termination_time: 2028739.425
local_termination_time: 1459609.3887199997
node_cons: 41730.833682233395
tot_aggregated_send: 28246
tot_msg_rcv: 810
tot_msg_sent: 1375
tot_reconf_duration: 25.299999999999997
tot_sleeping_duration: 1997599.4128400048
tot_uptimes: 520
tot_uptimes_duration: 31140.01215999527
