comms_cons: 206.71555837591578
finished_reconf: true
global_termination_time: 2023808.91424
local_termination_time: 26356.58784
node_cons: 41651.94821942041
tot_aggregated_send: 27318
tot_msg_rcv: 1392
tot_msg_sent: 2709
tot_reconf_duration: 11.31
tot_sleeping_duration: 1992713.6272800146
tot_uptimes: 519
tot_uptimes_duration: 31095.28695998562
