comms_cons: 127.44533759656288
finished_reconf: true
global_termination_time: 1274710.395
local_termination_time: 689470.5673599999
node_cons: 26196.809761116892
tot_aggregated_send: 17458
tot_msg_rcv: 634
tot_msg_sent: 1279
tot_reconf_duration: 4.390000000000001
tot_sleeping_duration: 1255150.3889200024
tot_uptimes: 327
tot_uptimes_duration: 19560.006079997635
