comms_cons: 127.51805439058667
finished_reconf: true
global_termination_time: 1270157.6692400002
local_termination_time: 207475.63196000105
node_cons: 26156.972646079645
tot_aggregated_send: 17516
tot_msg_rcv: 583
tot_msg_sent: 1282
tot_reconf_duration: 6.22
tot_sleeping_duration: 1250629.2705200005
tot_uptimes: 326
tot_uptimes_duration: 19528.398719999706
