comms_cons: 303.380697628216
finished_reconf: true
global_termination_time: 3026654.6222399967
local_termination_time: 76743.34447999996
node_cons: 62310.067091645506
tot_aggregated_send: 42340
tot_msg_rcv: 1219
tot_msg_sent: 2552
tot_reconf_duration: 18.21
tot_sleeping_duration: 2980138.3131200215
tot_uptimes: 776
tot_uptimes_duration: 46516.309119975136
