comms_cons: 306.883340821094
finished_reconf: true
global_termination_time: 3026718.548
local_termination_time: 1719016.5263599998
node_cons: 62284.06822670023
tot_aggregated_send: 41818
tot_msg_rcv: 1700
tot_msg_sent: 3126
tot_reconf_duration: 15.110000000000001
tot_sleeping_duration: 2980218.5115200137
tot_uptimes: 776
tot_uptimes_duration: 46500.03647998627
