comms_cons: 306.2112064077369
finished_reconf: true
global_termination_time: 3028045.116
local_termination_time: 347160.5151600003
node_cons: 62270.080826704994
tot_aggregated_send: 41238
tot_msg_rcv: 1717
tot_msg_sent: 3585
tot_reconf_duration: 4.8100000000000005
tot_sleeping_duration: 2981545.07952001
tot_uptimes: 776
tot_uptimes_duration: 46500.03647998971
