comms_cons: 300.026803194337
finished_reconf: true
global_termination_time: 3028243.97
local_termination_time: 1937513.9613599998
node_cons: 62278.867121115676
tot_aggregated_send: 42340
tot_msg_rcv: 1028
tot_msg_sent: 2233
tot_reconf_duration: 11.31
tot_sleeping_duration: 2981743.963920003
tot_uptimes: 776
tot_uptimes_duration: 46500.006079997635
