comms_cons: 20.744217599974526
finished_reconf: true
global_termination_time: 214357.606
local_termination_time: 48971.92772000003
node_cons: 4344.321620000012
tot_aggregated_send: 2784
tot_msg_rcv: 138
tot_msg_sent: 231
tot_reconf_duration: 4.390000000000001
tot_sleeping_duration: 211117.606
tot_uptimes: 55
tot_uptimes_duration: 3240.0
