comms_cons: 152.6168255968999
finished_reconf: true
global_termination_time: 1545556.04
local_termination_time: 636618.806
node_cons: 31749.6671211168
tot_aggregated_send: 22203
tot_msg_rcv: 296
tot_msg_sent: 697
tot_reconf_duration: 11.31
tot_sleeping_duration: 1521856.0339200024
tot_uptimes: 396
tot_uptimes_duration: 23700.006079997635
