comms_cons: 293.7086463972808
finished_reconf: true
global_termination_time: 2996486.589
local_termination_time: 1796635.977999999
node_cons: 61627.70579999861
tot_aggregated_send: 43094
tot_msg_rcv: 450
tot_msg_sent: 1098
tot_reconf_duration: 5.1
tot_sleeping_duration: 2950466.589
tot_uptimes: 768
tot_uptimes_duration: 46020.0
