comms_cons: 298.58158721140296
finished_reconf: true
global_termination_time: 2998496.955
local_termination_time: 613219.4824799988
node_cons: 61641.29937999878
tot_aggregated_send: 42572
tot_msg_rcv: 987
tot_msg_sent: 1823
tot_reconf_duration: 15.110000000000001
tot_sleeping_duration: 2952476.955
tot_uptimes: 768
tot_uptimes_duration: 46020.0
