comms_cons: 101.87848959725223
finished_reconf: true
global_termination_time: 1019673.652
local_termination_time: 575559.449
node_cons: 20975.715992397192
tot_aggregated_send: 14497
tot_msg_rcv: 347
tot_msg_sent: 641
tot_reconf_duration: 4.8100000000000005
tot_sleeping_duration: 1004013.3204000022
tot_uptimes: 262
tot_uptimes_duration: 15660.331599997822
