comms_cons: 101.8999039965978
finished_reconf: true
global_termination_time: 1018047.346
local_termination_time: 128147.16435999997
node_cons: 20894.377902233697
tot_aggregated_send: 14326
tot_msg_rcv: 409
tot_msg_sent: 754
tot_reconf_duration: 4.390000000000001
tot_sleeping_duration: 1002447.3338400048
tot_uptimes: 261
tot_uptimes_duration: 15600.012159995269
