comms_cons: 1.4013695999953708
finished_reconf: true
global_termination_time: 11095.46248
local_termination_time: 11095.42136
node_cons: 212.42351872000063
tot_aggregated_send: 0
tot_msg_rcv: 103
tot_msg_sent: 109
tot_reconf_duration: 24.59
tot_sleeping_duration: 10961.758
tot_uptimes: 3
tot_uptimes_duration: 133.70448000000033
