comms_cons: 117.89175037327651
finished_reconf: true
global_termination_time: 1001461.762
local_termination_time: 33284.47448000001
node_cons: 20592.062260277282
tot_aggregated_send: 9106
tot_msg_rcv: 3398
tot_msg_sent: 5421
tot_reconf_duration: 18.21
tot_sleeping_duration: 986101.543120032
tot_uptimes: 257
tot_uptimes_duration: 15360.218879968088
