comms_cons: 98.64194559598621
finished_reconf: true
global_termination_time: 999076.968
local_termination_time: 531650.351
node_cons: 20492.66976111688
tot_aggregated_send: 14149
tot_msg_rcv: 263
tot_msg_sent: 581
tot_reconf_duration: 4.390000000000001
tot_sleeping_duration: 983776.9619200024
tot_uptimes: 256
tot_uptimes_duration: 15300.006079997635
