comms_cons: 97.85369599819333
finished_reconf: true
global_termination_time: 998190.67
local_termination_time: 660868.1715599996
node_cons: 20497.31956000012
tot_aggregated_send: 14500
tot_msg_rcv: 146
tot_msg_sent: 227
tot_reconf_duration: 7.819999999999999
tot_sleeping_duration: 982890.67
tot_uptimes: 256
tot_uptimes_duration: 15300.0
