comms_cons: 98.82021119750144
finished_reconf: true
global_termination_time: 999013.304
local_termination_time: 284667.03936000005
node_cons: 20502.058980000027
tot_aggregated_send: 14210
tot_msg_rcv: 296
tot_msg_sent: 514
tot_reconf_duration: 11.31
tot_sleeping_duration: 983713.304
tot_uptimes: 256
tot_uptimes_duration: 15300.0
