comms_cons: 2.250086399992565
finished_reconf: true
global_termination_time: 15300.731
local_termination_time: 4855.251360000001
node_cons: 251.63956000000084
tot_aggregated_send: 0
tot_msg_rcv: 175
tot_msg_sent: 167
tot_reconf_duration: 7.819999999999999
tot_sleeping_duration: 15120.731
tot_uptimes: 4
tot_uptimes_duration: 180.0
