comms_cons: 186.99564151585582
finished_reconf: true
global_termination_time: 1451476.825
local_termination_time: 946290.1495999998
node_cons: 29821.498979999964
tot_aggregated_send: 0
tot_msg_rcv: 14331
tot_msg_sent: 14091
tot_reconf_duration: 11.31
tot_sleeping_duration: 1429216.825
tot_uptimes: 372
tot_uptimes_duration: 22260.0
