comms_cons: 12.819161600057217
finished_reconf: true
global_termination_time: 102634.635
local_termination_time: 165.20912
node_cons: 2095.6815833583105
tot_aggregated_send: 638
tot_msg_rcv: 530
tot_msg_sent: 780
tot_reconf_duration: 5.02
tot_sleeping_duration: 101074.61676000126
tot_uptimes: 27
tot_uptimes_duration: 1560.0182399987389
