comms_cons: 9.026854400106409
finished_reconf: true
global_termination_time: 103824.701
local_termination_time: 1729.57112
node_cons: 2095.0433233597328
tot_aggregated_send: 406
tot_msg_rcv: 459
tot_msg_sent: 508
tot_reconf_duration: 4.55
tot_sleeping_duration: 102264.6827600002
tot_uptimes: 27
tot_uptimes_duration: 1560.0182399998012
