comms_cons: 37.57685119991835
finished_reconf: true
global_termination_time: 9263.997480000002
local_termination_time: 1194.4334800000024
node_cons: 4075.253348080021
tot_aggregated_send: 0
tot_msg_rcv: 2949
tot_msg_sent: 2763
tot_reconf_duration: 18.21
tot_sleeping_duration: 6238.960759999987
tot_uptimes: 39
tot_uptimes_duration: 3025.036720000015
