comms_cons: 1.4408447999973333
finished_reconf: true
global_termination_time: 13488.695
local_termination_time: 5984.413360000001
node_cons: 266.414600000001
tot_aggregated_send: 0
tot_msg_rcv: 118
tot_msg_sent: 101
tot_reconf_duration: 18.700000000000003
tot_sleeping_duration: 13308.695
tot_uptimes: 4
tot_uptimes_duration: 180.0
