comms_cons: 88.13747199779732
finished_reconf: true
global_termination_time: 888582.573
local_termination_time: 347190.71836000006
node_cons: 18271.569964476537
tot_aggregated_send: 11890
tot_msg_rcv: 593
tot_msg_sent: 915
tot_reconf_duration: 25.299999999999997
tot_sleeping_duration: 874962.5486800026
tot_uptimes: 228
tot_uptimes_duration: 13620.024319997407
