comms_cons: 87.39214079655443
finished_reconf: true
global_termination_time: 885810.707
local_termination_time: 535834.9124799998
node_cons: 18174.749283355177
tot_aggregated_send: 11948
tot_msg_rcv: 411
tot_msg_sent: 925
tot_reconf_duration: 13.17
tot_sleeping_duration: 872250.6887600037
tot_uptimes: 227
tot_uptimes_duration: 13560.018239996338
