comms_cons: 91.41140479207401
finished_reconf: true
global_termination_time: 889894.85
local_termination_time: 530292.166759999
node_cons: 18252.123370065245
tot_aggregated_send: 11948
tot_msg_rcv: 726
tot_msg_sent: 1220
tot_reconf_duration: 10.95
tot_sleeping_duration: 876274.7952800109
tot_uptimes: 228
tot_uptimes_duration: 13620.054719989013
