comms_cons: 87.67129599941566
finished_reconf: true
global_termination_time: 887555.596
local_termination_time: 463492.5103600001
node_cons: 18243.744544485748
tot_aggregated_send: 12296
tot_msg_rcv: 329
tot_msg_sent: 700
tot_reconf_duration: 4.8100000000000005
tot_sleeping_duration: 873935.5716799957
tot_uptimes: 228
tot_uptimes_duration: 13620.024320004275
