comms_cons: 152.63677435970166
finished_reconf: true
global_termination_time: 887209.697
local_termination_time: 164411.99248000007
node_cons: 18245.700030083706
tot_aggregated_send: 0
tot_msg_rcv: 11991
tot_msg_sent: 11210
tot_reconf_duration: 6.22
tot_sleeping_duration: 873589.6422799974
tot_uptimes: 228
tot_uptimes_duration: 13620.05472000275
