comms_cons: 462.63915498598766
finished_reconf: true
global_termination_time: 957491.8905999998
local_termination_time: 957491.8494799999
node_cons: 58092.44612796504
tot_aggregated_send: 0
tot_msg_rcv: 28422
tot_msg_sent: 41895
tot_reconf_duration: 24.59
tot_sleeping_duration: 914131.8809599953
tot_uptimes: 714
tot_uptimes_duration: 43360.009640004515
