comms_cons: 94.20098559677149
finished_reconf: true
global_termination_time: 959612.069
local_termination_time: 325760.6585600002
node_cons: 19691.85266335968
tot_aggregated_send: 12876
tot_msg_rcv: 450
tot_msg_sent: 992
tot_reconf_duration: 6.279999999999999
tot_sleeping_duration: 944912.0507600002
tot_uptimes: 246
tot_uptimes_duration: 14700.018239999772
