comms_cons: 95.59480319425475
finished_reconf: true
global_termination_time: 958617.355
local_termination_time: 263790.3473600001
node_cons: 19690.880342238303
tot_aggregated_send: 13050
tot_msg_rcv: 375
tot_msg_sent: 1105
tot_reconf_duration: 5.57
tot_sleeping_duration: 943917.3428400012
tot_uptimes: 246
tot_uptimes_duration: 14700.012159998703
