comms_cons: 96.98345599653302
finished_reconf: true
global_termination_time: 957491.8921200002
local_termination_time: 274049.0020000005
node_cons: 19757.406521923258
tot_aggregated_send: 12992
tot_msg_rcv: 568
tot_msg_sent: 1180
tot_reconf_duration: 22.65
tot_sleeping_duration: 942759.5188399978
tot_uptimes: 246
tot_uptimes_duration: 14732.373280002386
