comms_cons: 96.26685439273612
finished_reconf: true
global_termination_time: 960075.775
local_termination_time: 144079.78016000078
node_cons: 19698.667121121456
tot_aggregated_send: 12644
tot_msg_rcv: 607
tot_msg_sent: 1381
tot_reconf_duration: 11.31
tot_sleeping_duration: 945375.768919999
tot_uptimes: 246
tot_uptimes_duration: 14700.006080001069
