comms_cons: 271.89950079426154
finished_reconf: true
global_termination_time: 2736767.088
local_termination_time: 1287059.97736
node_cons: 56246.5363811159
tot_aggregated_send: 39150
tot_msg_rcv: 732
tot_msg_sent: 1445
tot_reconf_duration: 6.279999999999999
tot_sleeping_duration: 2694767.0819200026
tot_uptimes: 701
tot_uptimes_duration: 42000.006079997635
