comms_cons: 267.2553791962697
finished_reconf: true
global_termination_time: 2732848.982
local_termination_time: 1920532.8107999994
node_cons: 56175.54485999894
tot_aggregated_send: 39382
tot_msg_rcv: 442
tot_msg_sent: 796
tot_reconf_duration: 13.17
tot_sleeping_duration: 2690908.982
tot_uptimes: 700
tot_uptimes_duration: 41940.0
