comms_cons: 271.29041278057446
finished_reconf: true
global_termination_time: 2735522.701
local_termination_time: 1505376.21336
node_cons: 56246.46304223265
tot_aggregated_send: 36888
tot_msg_rcv: 1603
tot_msg_sent: 2743
tot_reconf_duration: 6.22
tot_sleeping_duration: 2693522.6888400046
tot_uptimes: 701
tot_uptimes_duration: 42000.01215999527
