comms_cons: 81.95594239891862
finished_reconf: true
global_termination_time: 813196.297
local_termination_time: 127862.31347999997
node_cons: 16735.481744485754
tot_aggregated_send: 11020
tot_msg_rcv: 477
tot_msg_sent: 959
tot_reconf_duration: 18.21
tot_sleeping_duration: 800716.2726799957
tot_uptimes: 209
tot_uptimes_duration: 12480.024320004275
