comms_cons: 79.33199359835947
finished_reconf: true
global_termination_time: 812504.67
local_termination_time: 424496.84652000084
node_cons: 16717.66208223366
tot_aggregated_send: 10730
tot_msg_rcv: 386
tot_msg_sent: 942
tot_reconf_duration: 5.1
tot_sleeping_duration: 800024.6578400048
tot_uptimes: 209
tot_uptimes_duration: 12480.012159995269
