comms_cons: 127.47262718858693
finished_reconf: true
global_termination_time: 812305.118
local_termination_time: 313979.82860000007
node_cons: 16718.134645602568
tot_aggregated_send: 0
tot_msg_rcv: 9912
tot_msg_sent: 9464
tot_reconf_duration: 5.43
tot_sleeping_duration: 799825.0875999981
tot_uptimes: 209
tot_uptimes_duration: 12480.03040000191
