comms_cons: 25.350284800299853
finished_reconf: true
global_termination_time: 257033.16924000013
local_termination_time: 112297.647
node_cons: 5276.169618800222
tot_aggregated_send: 3420
tot_msg_rcv: 122
tot_msg_sent: 310
tot_reconf_duration: 22.65
tot_sleeping_duration: 253115.76003999996
tot_uptimes: 66
tot_uptimes_duration: 3917.4092000001547
