comms_cons: 46.86426880038625
finished_reconf: true
global_termination_time: 470149.33
local_termination_time: 276655.717
node_cons: 9665.5454622429
tot_aggregated_send: 6594
tot_msg_rcv: 179
tot_msg_sent: 350
tot_reconf_duration: 18.21
tot_sleeping_duration: 462949.3178399979
tot_uptimes: 121
tot_uptimes_duration: 7200.0121600021375
