comms_cons: 46.45573120039421
finished_reconf: true
global_termination_time: 470495.371
local_termination_time: 388935.5874400002
node_cons: 9658.69300112142
tot_aggregated_send: 6786
tot_msg_rcv: 112
tot_msg_sent: 163
tot_reconf_duration: 13.17
tot_sleeping_duration: 463295.3649199989
tot_uptimes: 121
tot_uptimes_duration: 7200.006080001069
