comms_cons: 48.40317440124185
finished_reconf: true
global_termination_time: 471325.889
local_termination_time: 244258.2573200002
node_cons: 9656.17526224287
tot_aggregated_send: 6148
tot_msg_rcv: 405
tot_msg_sent: 804
tot_reconf_duration: 11.31
tot_sleeping_duration: 464125.8768399979
tot_uptimes: 121
tot_uptimes_duration: 7200.0121600021375
