comms_cons: 334.1787967424349
finished_reconf: true
global_termination_time: 690586.5385999999
local_termination_time: 690586.4974799999
node_cons: 42075.38093811966
tot_aggregated_send: 0
tot_msg_rcv: 20459
tot_msg_sent: 30334
tot_reconf_duration: 24.59
tot_sleeping_duration: 659188.48952
tot_uptimes: 519
tot_uptimes_duration: 31398.049079999997
