comms_cons: 68.9829119985902
finished_reconf: true
global_termination_time: 692317.702
local_termination_time: 117223.47759999995
node_cons: 14250.946841121462
tot_aggregated_send: 9802
tot_msg_rcv: 237
tot_msg_sent: 446
tot_reconf_duration: 22.65
tot_sleeping_duration: 681697.6959199989
tot_uptimes: 178
tot_uptimes_duration: 10620.006080001069
