comms_cons: 445.0166206107725
finished_reconf: true
global_termination_time: 918874.5646399991
local_termination_time: 918874.5235199991
node_cons: 55996.431701512156
tot_aggregated_send: 0
tot_msg_rcv: 27281
tot_msg_sent: 40358
tot_reconf_duration: 37.410000000000004
tot_sleeping_duration: 877092.9149600043
tot_uptimes: 685
tot_uptimes_duration: 41781.649679994785
