comms_cons: 93.33058559741458
finished_reconf: true
global_termination_time: 920480.464
local_termination_time: 542403.3724799998
node_cons: 18897.067822238296
tot_aggregated_send: 12644
tot_msg_rcv: 563
tot_msg_sent: 978
tot_reconf_duration: 12.629999999999999
tot_sleeping_duration: 906380.4518400013
tot_uptimes: 236
tot_uptimes_duration: 14100.012159998703
