comms_cons: 182.36344312329908
finished_reconf: true
global_termination_time: 919036.833
local_termination_time: 987.3533599999998
node_cons: 18884.090746707938
tot_aggregated_send: 0
tot_msg_rcv: 14071
tot_msg_sent: 13643
tot_reconf_duration: 3.05
tot_sleeping_duration: 904936.796520009
tot_uptimes: 236
tot_uptimes_duration: 14100.036479990973
