comms_cons: 130.2588736162406
finished_reconf: true
global_termination_time: 446693.61180000036
local_termination_time: 3420.176480000002
node_cons: 18180.37538420051
tot_aggregated_send: 0
tot_msg_rcv: 6692
tot_msg_sent: 13103
tot_reconf_duration: 5.57
tot_sleeping_duration: 433121.684
tot_uptimes: 225
tot_uptimes_duration: 13571.927800000361
