comms_cons: 171.83617279697233
finished_reconf: true
global_termination_time: 1740545.654
local_termination_time: 1236641.95636
node_cons: 35776.0373211167
tot_aggregated_send: 25056
tot_msg_rcv: 325
tot_msg_sent: 737
tot_reconf_duration: 18.21
tot_sleeping_duration: 1713845.6479200025
tot_uptimes: 446
tot_uptimes_duration: 26700.006079997635
