comms_cons: 172.8947967929734
finished_reconf: true
global_termination_time: 1740537.989
local_termination_time: 293271.301
node_cons: 35761.61853654852
tot_aggregated_send: 24938
tot_msg_rcv: 465
tot_msg_sent: 876
tot_reconf_duration: 6.279999999999999
tot_sleeping_duration: 1713836.6519600085
tot_uptimes: 446
tot_uptimes_duration: 26701.337039991515
