comms_cons: 1.3947903999996134
finished_reconf: true
global_termination_time: 11033.269
local_termination_time: 7155.294360000001
node_cons: 195.03740000000025
tot_aggregated_send: 0
tot_msg_rcv: 119
tot_msg_sent: 92
tot_reconf_duration: 25.299999999999997
tot_sleeping_duration: 10913.269
tot_uptimes: 3
tot_uptimes_duration: 120.0
