comms_cons: 1.486899199995088
finished_reconf: true
global_termination_time: 10783.636
local_termination_time: 5621.70136
node_cons: 178.5648600000001
tot_aggregated_send: 0
tot_msg_rcv: 122
tot_msg_sent: 104
tot_reconf_duration: 13.17
tot_sleeping_duration: 10663.636
tot_uptimes: 3
tot_uptimes_duration: 120.0
