comms_cons: 1.546111999999113
finished_reconf: true
global_termination_time: 14256.712
local_termination_time: 7476.558360000001
node_cons: 249.46676000000033
tot_aggregated_send: 0
tot_msg_rcv: 122
tot_msg_sent: 113
tot_reconf_duration: 6.22
tot_sleeping_duration: 14076.712
tot_uptimes: 4
tot_uptimes_duration: 180.0
