comms_cons: 2138.941043104107
finished_reconf: true
global_termination_time: 7348756.403879999
local_termination_time: 7348756.362759999
node_cons: 299349.4136603624
tot_aggregated_send: 0
tot_msg_rcv: 109116
tot_msg_sent: 215991
tot_reconf_duration: 37.410000000000004
tot_sleeping_duration: 7125232.422639999
tot_uptimes: 3695
tot_uptimes_duration: 223523.98124000063
