comms_cons: 725.7526017346393
finished_reconf: true
global_termination_time: 7351391.704
local_termination_time: 2194281.12216
node_cons: 151207.5173300493
tot_aggregated_send: 101616
tot_msg_rcv: 2941
tot_msg_sent: 5751
tot_reconf_duration: 5.57
tot_sleeping_duration: 7238471.649280019
tot_uptimes: 1883
tot_uptimes_duration: 112920.05471998057
