comms_cons: 717.1727553067658
finished_reconf: true
global_termination_time: 7350389.974
local_termination_time: 4347492.782000001
node_cons: 151216.90852750017
tot_aggregated_send: 101674
tot_msg_rcv: 2588
tot_msg_sent: 4742
tot_reconf_duration: 9.42
tot_sleeping_duration: 7237466.810320011
tot_uptimes: 1883
tot_uptimes_duration: 112923.16367998905
