comms_cons: 717.111040103787
finished_reconf: true
global_termination_time: 7349715.404
local_termination_time: 4391165.402879999
node_cons: 151217.06410446332
tot_aggregated_send: 102080
tot_msg_rcv: 2507
tot_msg_sent: 4410
tot_reconf_duration: 12.629999999999999
tot_sleeping_duration: 7236795.379680009
tot_uptimes: 1883
tot_uptimes_duration: 112920.02431999147
