comms_cons: 712.6457856910598
finished_reconf: true
global_termination_time: 7351183.714
local_termination_time: 4534690.88836
node_cons: 151214.76638222946
tot_aggregated_send: 101384
tot_msg_rcv: 2513
tot_msg_sent: 4421
tot_reconf_duration: 10.95
tot_sleeping_duration: 7238263.701840004
tot_uptimes: 1883
tot_uptimes_duration: 112920.01215999573
