comms_cons: 728.0764865469064
finished_reconf: true
global_termination_time: 7349955.284
local_termination_time: 1617922.5873599998
node_cons: 151207.3272100485
tot_aggregated_send: 101790
tot_msg_rcv: 3003
tot_msg_sent: 5868
tot_reconf_duration: 5.43
tot_sleeping_duration: 7237035.22928002
tot_uptimes: 1883
tot_uptimes_duration: 112920.05471998034
