comms_cons: 81.83797759397712
finished_reconf: true
global_termination_time: 825409.7032400004
local_termination_time: 5209.889999999999
node_cons: 17059.79530832172
tot_aggregated_send: 10477
tot_msg_rcv: 694
tot_msg_sent: 1266
tot_reconf_duration: 21.68
tot_sleeping_duration: 812690.9923599991
tot_uptimes: 212
tot_uptimes_duration: 12718.710880001272
