comms_cons: 84.92431359578615
finished_reconf: true
global_termination_time: 828115.67
local_termination_time: 5285.291
node_cons: 17042.389887830584
tot_aggregated_send: 10664
tot_msg_rcv: 802
tot_msg_sent: 1442
tot_reconf_duration: 7.55
tot_sleeping_duration: 815395.627440007
tot_uptimes: 213
tot_uptimes_duration: 12720.042559992951
