comms_cons: 280.1626176141913
finished_reconf: true
global_termination_time: 2809916.356
local_termination_time: 4975.665
node_cons: 57852.836588934566
tot_aggregated_send: 39318
tot_msg_rcv: 1154
tot_msg_sent: 2111
tot_reconf_duration: 5.87
tot_sleeping_duration: 2766716.307360018
tot_uptimes: 720
tot_uptimes_duration: 43200.048639981775
