comms_cons: 276.1421824059762
finished_reconf: true
global_termination_time: 2810414.669
local_termination_time: 4318.713000000001
node_cons: 57848.610506700905
tot_aggregated_send: 39610
tot_msg_rcv: 742
tot_msg_sent: 1620
tot_reconf_duration: 2.77
tot_sleeping_duration: 2767214.6325200135
tot_uptimes: 720
tot_uptimes_duration: 43200.036479986506
