comms_cons: 275.15495681999346
finished_reconf: true
global_termination_time: 2811215.789
local_termination_time: 5253.661999999999
node_cons: 57854.49605116762
tot_aggregated_send: 38446
tot_msg_rcv: 1093
tot_msg_sent: 2284
tot_reconf_duration: 7.08
tot_sleeping_duration: 2768015.728200023
tot_uptimes: 720
tot_uptimes_duration: 43200.06079997658
