comms_cons: 1.8487551999965308
finished_reconf: true
global_termination_time: 13975.177
local_termination_time: 5920.188359999999
node_cons: 245.16189999999906
tot_aggregated_send: 0
tot_msg_rcv: 161
tot_msg_sent: 120
tot_reconf_duration: 3.05
tot_sleeping_duration: 13795.177
tot_uptimes: 4
tot_uptimes_duration: 180.0
