comms_cons: 306.25077758186774
finished_reconf: true
global_termination_time: 3039687.522
local_termination_time: 1725098.4373599999
node_cons: 62512.12476558302
tot_aggregated_send: 40716
tot_msg_rcv: 2169
tot_msg_sent: 3664
tot_reconf_duration: 5.57
tot_sleeping_duration: 2993007.4916000115
tot_uptimes: 779
tot_uptimes_duration: 46680.03039998817
