comms_cons: 300.4463743990186
finished_reconf: true
global_termination_time: 3040960.016
local_termination_time: 1892411.0323599998
node_cons: 62522.40485999866
tot_aggregated_send: 43732
tot_msg_rcv: 674
tot_msg_sent: 1260
tot_reconf_duration: 13.17
tot_sleeping_duration: 2994280.016
tot_uptimes: 779
tot_uptimes_duration: 46680.0
