comms_cons: 300.71344000011726
finished_reconf: true
global_termination_time: 3040295.454
local_termination_time: 1558148.8365199992
node_cons: 62517.31235999866
tot_aggregated_send: 43964
tot_msg_rcv: 663
tot_msg_sent: 1079
tot_reconf_duration: 9.42
tot_sleeping_duration: 2993615.454
tot_uptimes: 779
tot_uptimes_duration: 46680.0
