comms_cons: 307.9327232097837
finished_reconf: true
global_termination_time: 3040300.521
local_termination_time: 187083.43876000043
node_cons: 62510.59559563967
tot_aggregated_send: 41296
tot_msg_rcv: 1893
tot_msg_sent: 3615
tot_reconf_duration: 4.390000000000001
tot_sleeping_duration: 2993620.4358800296
tot_uptimes: 779
tot_uptimes_duration: 46680.08511997078
