comms_cons: 42.402944001049114
finished_reconf: true
global_termination_time: 410422.23
local_termination_time: 153960.62736000004
node_cons: 8456.556143364298
tot_aggregated_send: 5394
tot_msg_rcv: 366
tot_msg_sent: 685
tot_reconf_duration: 15.34
tot_sleeping_duration: 404122.2117599968
tot_uptimes: 106
tot_uptimes_duration: 6300.018240003206
