comms_cons: 41.371430400639035
finished_reconf: true
global_termination_time: 411302.469
local_termination_time: 270616.1062000006
node_cons: 8443.28034224288
tot_aggregated_send: 5684
tot_msg_rcv: 201
tot_msg_sent: 403
tot_reconf_duration: 5.57
tot_sleeping_duration: 405002.45683999785
tot_uptimes: 106
tot_uptimes_duration: 6300.0121600021375
