comms_cons: 41.85687040034473
finished_reconf: true
global_termination_time: 411451.565
local_termination_time: 234772.93856000024
node_cons: 8456.235662242892
tot_aggregated_send: 5510
tot_msg_rcv: 284
tot_msg_sent: 568
tot_reconf_duration: 15.110000000000001
tot_sleeping_duration: 405151.55283999786
tot_uptimes: 106
tot_uptimes_duration: 6300.0121600021375
