comms_cons: 0.7237119999976113
finished_reconf: true
global_termination_time: 5763.66
local_termination_time: 3461.5603600000004
node_cons: 92.71138000000016
tot_aggregated_send: 0
tot_msg_rcv: 60
tot_msg_sent: 50
tot_reconf_duration: 9.11
tot_sleeping_duration: 5703.66
tot_uptimes: 2
tot_uptimes_duration: 60.0
