comms_cons: 1.193510399995861
finished_reconf: true
global_termination_time: 4164.545
local_termination_time: 2276.6673600000004
node_cons: 96.50020000000012
tot_aggregated_send: 0
tot_msg_rcv: 131
tot_msg_sent: 49
tot_reconf_duration: 11.899999999999999
tot_sleeping_duration: 4104.545
tot_uptimes: 2
tot_uptimes_duration: 60.0
