comms_cons: 88.96990079986885
finished_reconf: true
global_termination_time: 898570.3194799998
local_termination_time: 898570.2783599999
node_cons: 18547.38564320327
tot_aggregated_send: 12966
tot_msg_rcv: 198
tot_msg_sent: 358
tot_reconf_duration: 37.41
tot_sleeping_duration: 884756.5906799975
tot_uptimes: 231
tot_uptimes_duration: 13813.728800002413
