comms_cons: 89.68170239822585
finished_reconf: true
global_termination_time: 900127.567
local_termination_time: 221958.45236000008
node_cons: 18490.57138000005
tot_aggregated_send: 12876
tot_msg_rcv: 299
tot_msg_sent: 456
tot_reconf_duration: 9.11
tot_sleeping_duration: 886327.567
tot_uptimes: 231
tot_uptimes_duration: 13800.0
