comms_cons: 88.85867519988
finished_reconf: true
global_termination_time: 898581.948
local_termination_time: 288284.2724400006
node_cons: 18484.161619999966
tot_aggregated_send: 12992
tot_msg_rcv: 170
tot_msg_sent: 344
tot_reconf_duration: 4.390000000000001
tot_sleeping_duration: 884781.948
tot_uptimes: 231
tot_uptimes_duration: 13800.0
