comms_cons: 441.3291264605918
finished_reconf: true
global_termination_time: 4394440.761239997
local_termination_time: 146232.43636000005
node_cons: 90409.20533277154
tot_aggregated_send: 61132
tot_msg_rcv: 1872
tot_msg_sent: 4075
tot_reconf_duration: 5.57
tot_sleeping_duration: 4326926.466040016
tot_uptimes: 1126
tot_uptimes_duration: 67514.29519998055
