comms_cons: 443.7150336866588
finished_reconf: true
global_termination_time: 4396630.34
local_termination_time: 1791612.3343599997
node_cons: 90403.07636781677
tot_aggregated_send: 60958
tot_msg_rcv: 2197
tot_msg_sent: 4287
tot_reconf_duration: 15.110000000000001
tot_sleeping_duration: 4329130.297440015
tot_uptimes: 1126
tot_uptimes_duration: 67500.0425599846
