comms_cons: 98.28729599913721
finished_reconf: true
global_termination_time: 984749.161
local_termination_time: 165449.09328000035
node_cons: 20266.511720000024
tot_aggregated_send: 14094
tot_msg_rcv: 336
tot_msg_sent: 510
tot_reconf_duration: 15.34
tot_sleeping_duration: 969629.161
tot_uptimes: 253
tot_uptimes_duration: 15120.0
