comms_cons: 97.53815679683667
finished_reconf: true
global_termination_time: 984748.278
local_termination_time: 99450.98963999949
node_cons: 20254.20824000003
tot_aggregated_send: 14152
tot_msg_rcv: 213
tot_msg_sent: 460
tot_reconf_duration: 6.279999999999999
tot_sleeping_duration: 969628.278
tot_uptimes: 253
tot_uptimes_duration: 15120.0
