comms_cons: 99.01100799667267
finished_reconf: true
global_termination_time: 984292.568
local_termination_time: 77399.44635999996
node_cons: 20253.252201121453
tot_aggregated_send: 13746
tot_msg_rcv: 438
tot_msg_sent: 865
tot_reconf_duration: 5.57
tot_sleeping_duration: 969172.5619199988
tot_uptimes: 253
tot_uptimes_duration: 15120.006080001069
