comms_cons: 98.18140159595356
finished_reconf: true
global_termination_time: 984768.181
local_termination_time: 325757.0334000008
node_cons: 20252.6058
tot_aggregated_send: 14036
tot_msg_rcv: 311
tot_msg_sent: 576
tot_reconf_duration: 5.1
tot_sleeping_duration: 969648.181
tot_uptimes: 253
tot_uptimes_duration: 15120.0
