comms_cons: 101.8926975940194
finished_reconf: true
global_termination_time: 984787.726
local_termination_time: 70973.88500000001
node_cons: 20251.706748959998
tot_aggregated_send: 12989
tot_msg_rcv: 862
tot_msg_sent: 1636
tot_reconf_duration: 4.390000000000001
tot_sleeping_duration: 969667.6773600001
tot_uptimes: 253
tot_uptimes_duration: 15120.048639999979
