comms_cons: 102.60795519115031
finished_reconf: true
global_termination_time: 987418.377
local_termination_time: 44254.21428000007
node_cons: 20249.887028953126
tot_aggregated_send: 12702
tot_msg_rcv: 968
tot_msg_sent: 1926
tot_reconf_duration: 3.05
tot_sleeping_duration: 972298.3283600052
tot_uptimes: 253
tot_uptimes_duration: 15120.048639994842
