comms_cons: 655.8724540697632
finished_reconf: true
global_termination_time: 2251512.482
local_termination_time: 1043876.4264799998
node_cons: 91897.64597799668
tot_aggregated_send: 0
tot_msg_rcv: 33392
tot_msg_sent: 66297
tot_reconf_duration: 18.21
tot_sleeping_duration: 2182899.4000000004
tot_uptimes: 1136
tot_uptimes_duration: 68613.08199999938
