comms_cons: 443.2835837799419
finished_reconf: true
global_termination_time: 2251512.482
local_termination_time: 1043879.8975999998
node_cons: 46306.61498223317
tot_aggregated_send: 0
tot_msg_rcv: 33983
tot_msg_sent: 33392
tot_reconf_duration: 22.65
tot_sleeping_duration: 2216952.4698400046
tot_uptimes: 577
tot_uptimes_duration: 34560.01215999527
