comms_cons: 223.93623038870675
finished_reconf: true
global_termination_time: 2252034.906
local_termination_time: 422929.0284800001
node_cons: 46296.71242559286
tot_aggregated_send: 31088
tot_msg_rcv: 980
tot_msg_sent: 1969
tot_reconf_duration: 15.34
tot_sleeping_duration: 2217474.8756000046
tot_uptimes: 577
tot_uptimes_duration: 34560.03039999504
