comms_cons: 224.69285758411476
finished_reconf: true
global_termination_time: 2250351.201
local_termination_time: 447981.72544000065
node_cons: 46284.408945588184
tot_aggregated_send: 31320
tot_msg_rcv: 1034
tot_msg_sent: 1798
tot_reconf_duration: 6.279999999999999
tot_sleeping_duration: 2215791.170600008
tot_uptimes: 577
tot_uptimes_duration: 34560.03039999161
