comms_cons: 227.027379203308
finished_reconf: true
global_termination_time: 2249730.348
local_termination_time: 1018451.53736
node_cons: 46282.39640335036
tot_aggregated_send: 31378
tot_msg_rcv: 1097
tot_msg_sent: 2031
tot_reconf_duration: 4.8100000000000005
tot_sleeping_duration: 2215170.329760007
tot_uptimes: 577
tot_uptimes_duration: 34560.01823999314
