comms_cons: 227.4612991943419
finished_reconf: true
global_termination_time: 2248003.117
local_termination_time: 68598.9892799998
node_cons: 46204.01188894566
tot_aggregated_send: 30856
tot_msg_rcv: 1217
tot_msg_sent: 2500
tot_reconf_duration: 6.22
tot_sleeping_duration: 2213503.06836001
tot_uptimes: 576
tot_uptimes_duration: 34500.04863998968
