comms_cons: 225.29865597739067
finished_reconf: true
global_termination_time: 2200955.7381199966
local_termination_time: 37484.83428000007
node_cons: 45258.358018619125
tot_aggregated_send: 29348
tot_msg_rcv: 1809
tot_msg_sent: 3087
tot_reconf_duration: 4.8100000000000005
tot_sleeping_duration: 2167160.4983600117
tot_uptimes: 564
tot_uptimes_duration: 33795.239759984775
