comms_cons: 42.685849605704675
finished_reconf: true
global_termination_time: 430286.287
local_termination_time: 2199.63712
node_cons: 8866.85772224145
tot_aggregated_send: 0
tot_msg_rcv: 127
tot_msg_sent: 6361
tot_reconf_duration: 21.68
tot_sleeping_duration: 423686.2748399989
tot_uptimes: 111
tot_uptimes_duration: 6600.012160001075
