comms_cons: 2.2698239999951157
finished_reconf: true
global_termination_time: 13315.384
local_termination_time: 6439.20236
node_cons: 247.9458000000005
tot_aggregated_send: 0
tot_msg_rcv: 175
tot_msg_sent: 170
tot_reconf_duration: 5.1
tot_sleeping_duration: 13135.384
tot_uptimes: 4
tot_uptimes_duration: 180.0
