comms_cons: 2.276403199994589
finished_reconf: true
global_termination_time: 12486.66
local_termination_time: 7937.911360000001
node_cons: 248.39394000000038
tot_aggregated_send: 0
tot_msg_rcv: 177
tot_msg_sent: 169
tot_reconf_duration: 5.43
tot_sleeping_duration: 12306.66
tot_uptimes: 4
tot_uptimes_duration: 180.0
