comms_cons: 89.60212479977797
finished_reconf: true
global_termination_time: 916997.8391999986
local_termination_time: 247082.4246000001
node_cons: 18870.92609219839
tot_aggregated_send: 13514
tot_msg_rcv: 17
tot_msg_sent: 88
tot_reconf_duration: 4.8100000000000005
tot_sleeping_duration: 902909.4193999999
tot_uptimes: 235
tot_uptimes_duration: 14088.419799998781
