comms_cons: 90.43110400035336
finished_reconf: true
global_termination_time: 920170.14
local_termination_time: 9625.90392
node_cons: 18892.692360000026
tot_aggregated_send: 13398
tot_msg_rcv: 123
tot_msg_sent: 224
tot_reconf_duration: 9.42
tot_sleeping_duration: 906070.14
tot_uptimes: 236
tot_uptimes_duration: 14100.0
