comms_cons: 91.77326080011726
finished_reconf: true
global_termination_time: 918053.165
local_termination_time: 142400.77848000007
node_cons: 18884.04190000001
tot_aggregated_send: 13224
tot_msg_rcv: 321
tot_msg_sent: 404
tot_reconf_duration: 3.05
tot_sleeping_duration: 903953.165
tot_uptimes: 236
tot_uptimes_duration: 14100.0
