comms_cons: 91.62851839795627
finished_reconf: true
global_termination_time: 917218.517
local_termination_time: 51299.13072000002
node_cons: 18814.918980000024
tot_aggregated_send: 13108
tot_msg_rcv: 365
tot_msg_sent: 454
tot_reconf_duration: 11.31
tot_sleeping_duration: 903178.517
tot_uptimes: 235
tot_uptimes_duration: 14040.0
