comms_cons: 272.09957761013175
finished_reconf: true
global_termination_time: 2757491.342
local_termination_time: 1183666.9733599978
node_cons: 56763.415344152905
tot_aggregated_send: 39730
tot_msg_rcv: 411
tot_msg_sent: 1214
tot_reconf_duration: 18.21
tot_sleeping_duration: 2715117.4165600045
tot_uptimes: 707
tot_uptimes_duration: 42373.92543999548
