comms_cons: 270.56959998165746
finished_reconf: true
global_termination_time: 2757774.428
local_termination_time: 1297238.75636
node_cons: 56728.59266334955
tot_aggregated_send: 38686
tot_msg_rcv: 811
tot_msg_sent: 1628
tot_reconf_duration: 6.279999999999999
tot_sleeping_duration: 2715414.4097600067
tot_uptimes: 707
tot_uptimes_duration: 42360.0182399929
