comms_cons: 276.36587520650454
finished_reconf: true
global_termination_time: 2757281.251
local_termination_time: 685689.94236
node_cons: 56806.952685583565
tot_aggregated_send: 38744
tot_msg_rcv: 997
tot_msg_sent: 2265
tot_reconf_duration: 4.8100000000000005
tot_sleeping_duration: 2714861.2206000118
tot_uptimes: 707
tot_uptimes_duration: 42420.030399988405
