comms_cons: 272.56329598817933
finished_reconf: true
global_termination_time: 2757273.0311199897
local_termination_time: 38746.08924000019
node_cons: 56789.84593973594
tot_aggregated_send: 38918
tot_msg_rcv: 821
tot_msg_sent: 1691
tot_reconf_duration: 5.43
tot_sleeping_duration: 2714866.405280007
tot_uptimes: 707
tot_uptimes_duration: 42406.62583998277
