comms_cons: 74.92257280910852
finished_reconf: true
global_termination_time: 377567.231
local_termination_time: 7267.409360000001
node_cons: 7743.406841119161
tot_aggregated_send: 0
tot_msg_rcv: 5837
tot_msg_sent: 5550
tot_reconf_duration: 22.65
tot_sleeping_duration: 371807.22492000065
tot_uptimes: 97
tot_uptimes_duration: 5760.006079999366
