comms_cons: 39.19362560095576
finished_reconf: true
global_termination_time: 378435.886
local_termination_time: 16135.82836
node_cons: 7718.634184484592
tot_aggregated_send: 4930
tot_msg_rcv: 389
tot_msg_sent: 638
tot_reconf_duration: 4.390000000000001
tot_sleeping_duration: 372675.86167999654
tot_uptimes: 97
tot_uptimes_duration: 5760.024320003424
