comms_cons: 11.829401599976325
finished_reconf: true
global_termination_time: 9205.166240000002
local_termination_time: 3406.243040000001
node_cons: 1768.984653480009
tot_aggregated_send: 0
tot_msg_rcv: 828
tot_msg_sent: 969
tot_reconf_duration: 18.21
tot_sleeping_duration: 7902.510919999995
tot_uptimes: 21
tot_uptimes_duration: 1302.6553200000071
