comms_cons: 0.8816127999992005
finished_reconf: true
global_termination_time: 10870.722
local_termination_time: 7052.65836
node_cons: 167.21198000000055
tot_aggregated_send: 0
tot_msg_rcv: 69
tot_msg_sent: 65
tot_reconf_duration: 4.8100000000000005
tot_sleeping_duration: 10750.722
tot_uptimes: 3
tot_uptimes_duration: 120.0
