comms_cons: 50.27887360344746
finished_reconf: true
global_termination_time: 248239.7067200001
local_termination_time: 248239.6656000001
node_cons: 5113.2899203192965
tot_aggregated_send: 0
tot_msg_rcv: 3972
tot_msg_sent: 3660
tot_reconf_duration: 24.59
tot_sleeping_duration: 244445.90784000064
tot_uptimes: 64
tot_uptimes_duration: 3793.798879999462
