comms_cons: 2.243507199995226
finished_reconf: true
global_termination_time: 14276.047
local_termination_time: 7286.67136
node_cons: 256.3789800000005
tot_aggregated_send: 0
tot_msg_rcv: 176
tot_msg_sent: 164
tot_reconf_duration: 11.31
tot_sleeping_duration: 14096.047
tot_uptimes: 4
tot_uptimes_duration: 180.0
