comms_cons: 158.34909438193074
finished_reconf: true
global_termination_time: 1547662.619
local_termination_time: 328286.5533600001
node_cons: 31839.483155649523
tot_aggregated_send: 20706
tot_msg_rcv: 1100
tot_msg_sent: 2262
tot_reconf_duration: 18.21
tot_sleeping_duration: 1523902.5338800228
tot_uptimes: 397
tot_uptimes_duration: 23760.085119977186
