comms_cons: 153.29631999456694
finished_reconf: true
global_termination_time: 1544613.422
local_termination_time: 498324.16636000003
node_cons: 31759.694599999988
tot_aggregated_send: 21982
tot_msg_rcv: 407
tot_msg_sent: 911
tot_reconf_duration: 18.700000000000003
tot_sleeping_duration: 1520913.422
tot_uptimes: 396
tot_uptimes_duration: 23700.0
