comms_cons: 177.82324479198306
finished_reconf: true
global_termination_time: 1800961.252
local_termination_time: 1580668.9965999997
node_cons: 37052.098979999944
tot_aggregated_send: 25752
tot_msg_rcv: 432
tot_msg_sent: 844
tot_reconf_duration: 11.31
tot_sleeping_duration: 1773301.252
tot_uptimes: 462
tot_uptimes_duration: 27660.0
