comms_cons: 33.19197440064915
finished_reconf: true
global_termination_time: 323482.704
local_termination_time: 111207.15435999997
node_cons: 6593.857902242868
tot_aggregated_send: 4234
tot_msg_rcv: 288
tot_msg_sent: 522
tot_reconf_duration: 4.390000000000001
tot_sleeping_duration: 318562.6918399979
tot_uptimes: 83
tot_uptimes_duration: 4920.0121600021375
