comms_cons: 13.651839999766011
finished_reconf: true
global_termination_time: 127669.281
local_termination_time: 14354.14448
node_cons: 2601.654982238302
tot_aggregated_send: 1566
tot_msg_rcv: 264
tot_msg_sent: 245
tot_reconf_duration: 22.65
tot_sleeping_duration: 125749.26884000127
tot_uptimes: 33
tot_uptimes_duration: 1920.0121599987324
