comms_cons: 532.6424575711467
finished_reconf: true
global_termination_time: 614703.8425999999
local_termination_time: 614703.8014799999
node_cons: 61549.38511529823
tot_aggregated_send: 0
tot_msg_rcv: 36581
tot_msg_sent: 44377
tot_reconf_duration: 24.59
tot_sleeping_duration: 568762.1010799855
tot_uptimes: 731
tot_uptimes_duration: 45941.74152001438
