comms_cons: 61.54183680047437
finished_reconf: true
global_termination_time: 618291.997
local_termination_time: 378275.83536
node_cons: 12699.689761121388
tot_aggregated_send: 8816
tot_msg_rcv: 193
tot_msg_sent: 345
tot_reconf_duration: 4.390000000000001
tot_sleeping_duration: 608811.9909199988
tot_uptimes: 159
tot_uptimes_duration: 9480.006080001069
