comms_cons: 60.864179201411964
finished_reconf: true
global_termination_time: 616045.05
local_termination_time: 9130.70648
node_cons: 12624.03212448346
tot_aggregated_send: 8062
tot_msg_rcv: 376
tot_msg_sent: 813
tot_reconf_duration: 7.819999999999999
tot_sleeping_duration: 606625.0256799975
tot_uptimes: 158
tot_uptimes_duration: 9420.024320002572
