comms_cons: 71.22990078552644
finished_reconf: true
global_termination_time: 712690.7135999998
local_termination_time: 712690.6724799998
node_cons: 14686.45751399726
tot_aggregated_send: 0
tot_msg_rcv: 283
tot_msg_sent: 10543
tot_reconf_duration: 33.98
tot_sleeping_duration: 701756.9476000019
tot_uptimes: 183
tot_uptimes_duration: 10933.765999997937
