comms_cons: 41.35685120021464
finished_reconf: true
global_termination_time: 414774.534
local_termination_time: 313794.98448000004
node_cons: 8522.017902240534
tot_aggregated_send: 5394
tot_msg_rcv: 308
tot_msg_sent: 584
tot_reconf_duration: 4.390000000000001
tot_sleeping_duration: 408414.5218399996
tot_uptimes: 107
tot_uptimes_duration: 6360.012160000435
