comms_cons: 41.18579199981763
finished_reconf: true
global_termination_time: 413309.344
local_termination_time: 244144.01036000004
node_cons: 8444.154901121443
tot_aggregated_send: 5568
tot_msg_rcv: 174
tot_msg_sent: 518
tot_reconf_duration: 6.22
tot_sleeping_duration: 407009.3379199989
tot_uptimes: 106
tot_uptimes_duration: 6300.006080001069
