comms_cons: 763.6923708937845
finished_reconf: true
global_termination_time: 1020736.974
local_termination_time: 224896.50760000007
node_cons: 101717.1710859324
tot_aggregated_send: 0
tot_msg_rcv: 52490
tot_msg_sent: 63585
tot_reconf_duration: 15.34
tot_sleeping_duration: 944787.5047199888
tot_uptimes: 1228
tot_uptimes_duration: 75949.46928001127
