comms_cons: 104.92684159009787
finished_reconf: true
global_termination_time: 1020754.792
local_termination_time: 230873.79336000007
node_cons: 20975.66580000004
tot_aggregated_send: 13456
tot_msg_rcv: 928
tot_msg_sent: 1564
tot_reconf_duration: 5.1
tot_sleeping_duration: 1005094.792
tot_uptimes: 262
tot_uptimes_duration: 15660.0
