comms_cons: 99.65260160057869
finished_reconf: true
global_termination_time: 1021738.739
local_termination_time: 748775.5703599999
node_cons: 20975.271980000107
tot_aggregated_send: 14326
tot_msg_rcv: 290
tot_msg_sent: 530
tot_reconf_duration: 4.8100000000000005
tot_sleeping_duration: 1006078.739
tot_uptimes: 262
tot_uptimes_duration: 15660.0
