comms_cons: 129.18819839672258
finished_reconf: true
global_termination_time: 1296821.902
local_termination_time: 758896.1117999995
node_cons: 26679.411980000117
tot_aggregated_send: 18328
tot_msg_rcv: 389
tot_msg_sent: 918
tot_reconf_duration: 4.8100000000000005
tot_sleeping_duration: 1276901.902
tot_uptimes: 333
tot_uptimes_duration: 19920.0
