comms_cons: 132.7162495899364
finished_reconf: true
global_termination_time: 1296106.616
local_termination_time: 157180.94336000006
node_cons: 26598.55860783168
tot_aggregated_send: 17400
tot_msg_rcv: 990
tot_msg_sent: 1782
tot_reconf_duration: 4.390000000000001
tot_sleeping_duration: 1276246.5734400062
tot_uptimes: 332
tot_uptimes_duration: 19860.042559993744
