comms_cons: 130.17507839380139
finished_reconf: true
global_termination_time: 1297983.553
local_termination_time: 639030.59236
node_cons: 26681.351183350656
tot_aggregated_send: 17574
tot_msg_rcv: 682
tot_msg_sent: 1530
tot_reconf_duration: 6.22
tot_sleeping_duration: 1278063.5347600072
tot_uptimes: 333
tot_uptimes_duration: 19920.018239992904
