comms_cons: 39.1534464009423
finished_reconf: true
global_termination_time: 355888.0597200001
local_termination_time: 355888.01860000007
node_cons: 7362.850625923265
tot_aggregated_send: 4002
tot_msg_rcv: 654
tot_msg_sent: 1293
tot_reconf_duration: 24.59
tot_sleeping_duration: 350414.2304399976
tot_uptimes: 92
tot_uptimes_duration: 5473.829280002425
