comms_cons: 292.9362752272887
finished_reconf: true
global_termination_time: 2891232.573239989
local_termination_time: 72092.74459999995
node_cons: 59544.12392828368
tot_aggregated_send: 40020
tot_msg_rcv: 1665
tot_msg_sent: 2839
tot_reconf_duration: 18.21
tot_sleeping_duration: 2846781.9423600156
tot_uptimes: 741
tot_uptimes_duration: 44450.6308799737
