comms_cons: 284.85962238512116
finished_reconf: true
global_termination_time: 2891893.854
local_termination_time: 1206080.82036
node_cons: 59460.15266334943
tot_aggregated_send: 40426
tot_msg_rcv: 1012
tot_msg_sent: 1859
tot_reconf_duration: 6.279999999999999
tot_sleeping_duration: 2847493.8357600067
tot_uptimes: 741
tot_uptimes_duration: 44400.0182399929
