comms_cons: 101.97438079709097
finished_reconf: true
global_termination_time: 1029625.4214799998
local_termination_time: 1029625.3803599998
node_cons: 21181.18794208412
tot_aggregated_send: 14500
tot_msg_rcv: 248
tot_msg_sent: 750
tot_reconf_duration: 24.59
tot_sleeping_duration: 1013831.6987599967
tot_uptimes: 264
tot_uptimes_duration: 15793.722720003047
