comms_cons: 71.92381439963357
finished_reconf: true
global_termination_time: 725206.682
local_termination_time: 246516.14236000006
node_cons: 14871.428240000021
tot_aggregated_send: 10382
tot_msg_rcv: 207
tot_msg_sent: 343
tot_reconf_duration: 6.279999999999999
tot_sleeping_duration: 714106.682
tot_uptimes: 186
tot_uptimes_duration: 11100.0
