comms_cons: 73.7923071977888
finished_reconf: true
global_termination_time: 728752.452
local_termination_time: 71974.83331999987
node_cons: 14949.804544476545
tot_aggregated_send: 10150
tot_msg_rcv: 424
tot_msg_sent: 642
tot_reconf_duration: 4.8100000000000005
tot_sleeping_duration: 717592.4276800026
tot_uptimes: 187
tot_uptimes_duration: 11160.024319997407
