comms_cons: 73.45676799809249
finished_reconf: true
global_termination_time: 725163.0236799995
local_termination_time: 132227.05364000038
node_cons: 14908.137958874488
tot_aggregated_send: 9860
tot_msg_rcv: 421
tot_msg_sent: 884
tot_reconf_duration: 7.819999999999999
tot_sleeping_duration: 714037.1697600036
tot_uptimes: 186
tot_uptimes_duration: 11125.85391999589
