comms_cons: 420.38738562221283
finished_reconf: true
global_termination_time: 4337381.492
local_termination_time: 1693677.5880000002
node_cons: 89184.98034223169
tot_aggregated_send: 59737
tot_msg_rcv: 1429
tot_msg_sent: 2730
tot_reconf_duration: 5.57
tot_sleeping_duration: 4270781.479840004
tot_uptimes: 1111
tot_uptimes_duration: 66600.0121599955
