comms_cons: 430.0631936463897
finished_reconf: true
global_termination_time: 4336846.963
local_termination_time: 1327149.230359999
node_cons: 89188.06840669933
tot_aggregated_send: 59682
tot_msg_rcv: 1796
tot_msg_sent: 3890
tot_reconf_duration: 7.819999999999999
tot_sleeping_duration: 4270246.926520014
tot_uptimes: 1111
tot_uptimes_duration: 66600.03647998627
