comms_cons: 426.3853376636027
finished_reconf: true
global_termination_time: 4338077.136
local_termination_time: 1461685.0019999999
node_cons: 89192.78340334882
tot_aggregated_send: 59622
tot_msg_rcv: 1618
tot_msg_sent: 3567
tot_reconf_duration: 11.31
tot_sleeping_duration: 4271477.117760006
tot_uptimes: 1111
tot_uptimes_duration: 66600.01823999337
