comms_cons: 407.41038079498446
finished_reconf: true
global_termination_time: 4164543.33
local_termination_time: 2192599.698639998
node_cons: 85650.01220111531
tot_aggregated_send: 57478
tot_msg_rcv: 1429
tot_msg_sent: 3017
tot_reconf_duration: 5.57
tot_sleeping_duration: 4100583.323920002
tot_uptimes: 1067
tot_uptimes_duration: 63960.00607999787
