comms_cons: 401.0417151959207
finished_reconf: true
global_termination_time: 4165355.593
local_termination_time: 2367468.61936
node_cons: 85649.36579999789
tot_aggregated_send: 57246
tot_msg_rcv: 1215
tot_msg_sent: 2495
tot_reconf_duration: 5.1
tot_sleeping_duration: 4101395.593
tot_uptimes: 1067
tot_uptimes_duration: 63960.0
