comms_cons: 403.18403840203973
finished_reconf: true
global_termination_time: 4167876.031
local_termination_time: 2437406.911039999
node_cons: 85757.1373999975
tot_aggregated_send: 57246
tot_msg_rcv: 1369
tot_msg_sent: 2666
tot_reconf_duration: 25.299999999999997
tot_sleeping_duration: 4103856.031
tot_uptimes: 1068
tot_uptimes_duration: 64020.0
