comms_cons: 415.54500482974066
finished_reconf: true
global_termination_time: 4164514.591
local_termination_time: 145144.77536000006
node_cons: 85673.2556878162
tot_aggregated_send: 58754
tot_msg_rcv: 1512
tot_msg_sent: 2893
tot_reconf_duration: 22.65
tot_sleeping_duration: 4100554.548440016
tot_uptimes: 1067
tot_uptimes_duration: 63960.04255998391
