comms_cons: 233.67431677345638
finished_reconf: true
global_termination_time: 2281238.682
local_termination_time: 838100.6403199997
node_cons: 46922.783311172745
tot_aggregated_send: 30450
tot_msg_rcv: 1631
tot_msg_sent: 3436
tot_reconf_duration: 3.05
tot_sleeping_duration: 2246198.62120002
tot_uptimes: 585
tot_uptimes_duration: 35040.06079998001
