comms_cons: 226.4895935906033
finished_reconf: true
global_termination_time: 2283120.455
local_termination_time: 1508555.73536
node_cons: 46939.39171999955
tot_aggregated_send: 32770
tot_msg_rcv: 566
tot_msg_sent: 1088
tot_reconf_duration: 15.34
tot_sleeping_duration: 2248080.455
tot_uptimes: 585
tot_uptimes_duration: 35040.0
