comms_cons: 169.66421758283542
finished_reconf: true
global_termination_time: 1662034.376
local_termination_time: 390959.43092000077
node_cons: 34165.41313117294
tot_aggregated_send: 22214
tot_msg_rcv: 1134
tot_msg_sent: 2439
tot_reconf_duration: 15.34
tot_sleeping_duration: 1636534.3152000203
tot_uptimes: 426
tot_uptimes_duration: 25500.06079997978
