comms_cons: 166.25701119108544
finished_reconf: true
global_termination_time: 1660969.296
local_termination_time: 831153.598639999
node_cons: 34165.019379999976
tot_aggregated_send: 23490
tot_msg_rcv: 634
tot_msg_sent: 1146
tot_reconf_duration: 15.110000000000001
tot_sleeping_duration: 1635469.296
tot_uptimes: 426
tot_uptimes_duration: 25500.0
