comms_cons: 165.6490751942948
finished_reconf: true
global_termination_time: 1661443.04
local_termination_time: 817444.5579599987
node_cons: 34161.65154
tot_aggregated_send: 23664
tot_msg_rcv: 539
tot_msg_sent: 975
tot_reconf_duration: 12.629999999999999
tot_sleeping_duration: 1635943.04
tot_uptimes: 426
tot_uptimes_duration: 25500.0
