comms_cons: 170.2041855820578
finished_reconf: true
global_termination_time: 1661582.254
local_termination_time: 519798.8813600001
node_cons: 34148.70702893471
tot_aggregated_send: 22272
tot_msg_rcv: 1207
tot_msg_sent: 2392
tot_reconf_duration: 3.05
tot_sleeping_duration: 1636082.2053600189
tot_uptimes: 426
tot_uptimes_duration: 25500.048639981076
