comms_cons: 1038.789573637476
finished_reconf: true
global_termination_time: 2150040.6886
local_termination_time: 2150040.64748
node_cons: 130389.65167218717
tot_aggregated_send: 0
tot_msg_rcv: 63855
tot_msg_sent: 94033
tot_reconf_duration: 37.410000000000004
tot_sleeping_duration: 2052700.2488000062
tot_uptimes: 1593
tot_uptimes_duration: 97340.43979999358
