comms_cons: 214.4206847940847
finished_reconf: true
global_termination_time: 2150910.226
local_termination_time: 300392.0743600001
node_cons: 44204.151539999875
tot_aggregated_send: 30682
tot_msg_rcv: 702
tot_msg_sent: 1207
tot_reconf_duration: 12.629999999999999
tot_sleeping_duration: 2117910.2259999993
tot_uptimes: 551
tot_uptimes_duration: 33000.00000000023
