comms_cons: 220.34295677129873
finished_reconf: true
global_termination_time: 2150251.2
local_termination_time: 445253.425
node_cons: 44202.943959578806
tot_aggregated_send: 29054
tot_msg_rcv: 1583
tot_msg_sent: 2853
tot_reconf_duration: 7.819999999999999
tot_sleeping_duration: 2117247.2236000155
tot_uptimes: 551
tot_uptimes_duration: 33003.9763999845
