comms_cons: 308.4394752134874
finished_reconf: true
global_termination_time: 3066860.0982399923
local_termination_time: 70344.42547999996
node_cons: 63140.482702089845
tot_aggregated_send: 42688
tot_msg_rcv: 1409
tot_msg_sent: 2783
tot_reconf_duration: 18.21
tot_sleeping_duration: 3019723.6131600137
tot_uptimes: 786
tot_uptimes_duration: 47136.48507997842
