comms_cons: 74.06547199526989
finished_reconf: true
global_termination_time: 614040.2445599985
local_termination_time: 614040.2034399986
node_cons: 12710.454185421228
tot_aggregated_send: 5336
tot_msg_rcv: 2062
tot_msg_sent: 3863
tot_reconf_duration: 24.59
tot_sleeping_duration: 604572.6859599827
tot_uptimes: 158
tot_uptimes_duration: 9467.558600015836
