comms_cons: 62.10827519933392
finished_reconf: true
global_termination_time: 618332.587
local_termination_time: 90441.81851999977
node_cons: 12699.681620000018
tot_aggregated_send: 8526
tot_msg_rcv: 280
tot_msg_sent: 634
tot_reconf_duration: 4.390000000000001
tot_sleeping_duration: 608852.587
tot_uptimes: 159
tot_uptimes_duration: 9480.0
