comms_cons: 772.139431656458
finished_reconf: true
global_termination_time: 3925379.787
local_termination_time: 718.2694799999991
node_cons: 80748.66650558737
tot_aggregated_send: 0
tot_msg_rcv: 59060
tot_msg_sent: 58298
tot_reconf_duration: 5.1
tot_sleeping_duration: 3865079.756600008
tot_uptimes: 1006
tot_uptimes_duration: 60300.03039999207
