comms_cons: 394.7193792628182
finished_reconf: true
global_termination_time: 3925235.611
local_termination_time: 12908.010600000001
node_cons: 80776.12397506076
tot_aggregated_send: 54984
tot_msg_rcv: 1717
tot_msg_sent: 3294
tot_reconf_duration: 25.299999999999997
tot_sleeping_duration: 3864935.561280013
tot_uptimes: 1006
tot_uptimes_duration: 60300.049719987146
