comms_cons: 396.0981952614887
finished_reconf: true
global_termination_time: 3923456.78
local_termination_time: 2375940.0673599998
node_cons: 80665.54260558283
tot_aggregated_send: 54752
tot_msg_rcv: 1967
tot_msg_sent: 3485
tot_reconf_duration: 3.05
tot_sleeping_duration: 3863216.749600011
tot_uptimes: 1005
tot_uptimes_duration: 60240.03039998887
