comms_cons: 396.173107260293
finished_reconf: true
global_termination_time: 3927494.544
local_termination_time: 393802.96336000005
node_cons: 80749.13906893355
tot_aggregated_send: 54230
tot_msg_rcv: 1921
tot_msg_sent: 4065
tot_reconf_duration: 5.43
tot_sleeping_duration: 3867194.495360018
tot_uptimes: 1006
tot_uptimes_duration: 60300.048639981775
