comms_cons: 392.3936192432639
finished_reconf: true
global_termination_time: 3928086.369
local_termination_time: 388398.3880000005
node_cons: 80762.59684893329
tot_aggregated_send: 55158
tot_msg_rcv: 1445
tot_msg_sent: 3038
tot_reconf_duration: 15.34
tot_sleeping_duration: 3867786.3203600184
tot_uptimes: 1006
tot_uptimes_duration: 60300.04863998154
