comms_cons: 0.750028800000118
finished_reconf: true
global_termination_time: 5107.399
local_termination_time: 134.01872000000006
node_cons: 87.90405999999999
tot_aggregated_send: 0
tot_msg_rcv: 59
tot_msg_sent: 54
tot_reconf_duration: 5.57
tot_sleeping_duration: 5047.399
tot_uptimes: 2
tot_uptimes_duration: 59.999999999999986
