comms_cons: 281.86013441374445
finished_reconf: true
global_termination_time: 2836067.633
local_termination_time: 1004759.8163599998
node_cons: 58351.57732111572
tot_aggregated_send: 40658
tot_msg_rcv: 749
tot_msg_sent: 1434
tot_reconf_duration: 18.21
tot_sleeping_duration: 2792507.626920002
tot_uptimes: 727
tot_uptimes_duration: 43560.006079997635
