comms_cons: 280.24760320510495
finished_reconf: true
global_termination_time: 2834025.203
local_termination_time: 971198.08636
node_cons: 58255.06894558346
tot_aggregated_send: 39266
tot_msg_rcv: 1088
tot_msg_sent: 2242
tot_reconf_duration: 6.279999999999999
tot_sleeping_duration: 2790525.172600012
tot_uptimes: 726
tot_uptimes_duration: 43500.030399988405
