comms_cons: 279.898905588619
finished_reconf: true
global_termination_time: 2835152.97
local_termination_time: 2002273.28836
node_cons: 58344.724859998845
tot_aggregated_send: 40484
tot_msg_rcv: 677
tot_msg_sent: 1382
tot_reconf_duration: 13.17
tot_sleeping_duration: 2791592.97
tot_uptimes: 727
tot_uptimes_duration: 43560.0
