comms_cons: 47.05386239988036
finished_reconf: true
global_termination_time: 11407.375240000003
local_termination_time: 749.0794799999992
node_cons: 4764.99753144006
tot_aggregated_send: 0
tot_msg_rcv: 3776
tot_msg_sent: 3376
tot_reconf_duration: 5.57
tot_sleeping_duration: 7854.400279999959
tot_uptimes: 48
tot_uptimes_duration: 3552.9749600000437
