comms_cons: 2.2106111999926954
finished_reconf: true
global_termination_time: 14860.26
local_termination_time: 10799.95936
node_cons: 258.9130011200063
tot_aggregated_send: 0
tot_msg_rcv: 212
tot_msg_sent: 124
tot_reconf_duration: 13.17
tot_sleeping_duration: 14680.253919999996
tot_uptimes: 4
tot_uptimes_duration: 180.00608000000466
