comms_cons: 2.5193023999917044
finished_reconf: true
global_termination_time: 12914.032
local_termination_time: 9027.341
node_cons: 287.344414320006
tot_aggregated_send: 0
tot_msg_rcv: 217
tot_msg_sent: 165
tot_reconf_duration: 22.65
tot_sleeping_duration: 12722.407119999996
tot_uptimes: 4
tot_uptimes_duration: 191.62488000000394
