comms_cons: 2.8290559999952754
finished_reconf: true
global_termination_time: 11851.804
local_termination_time: 5274.633360000001
node_cons: 253.81236000000013
tot_aggregated_send: 0
tot_msg_rcv: 263
tot_msg_sent: 166
tot_reconf_duration: 9.42
tot_sleeping_duration: 11671.804
tot_uptimes: 4
tot_uptimes_duration: 180.0
