comms_cons: 3.0066943999900633
finished_reconf: true
global_termination_time: 13624.261
local_termination_time: 9602.26336
node_cons: 255.89010000000098
tot_aggregated_send: 0
tot_msg_rcv: 293
tot_msg_sent: 164
tot_reconf_duration: 10.95
tot_sleeping_duration: 13444.261
tot_uptimes: 4
tot_uptimes_duration: 180.0
