comms_cons: 3.0724863999898457
finished_reconf: true
global_termination_time: 12486.896
local_termination_time: 9552.894360000002
node_cons: 247.56012112000803
tot_aggregated_send: 0
tot_msg_rcv: 292
tot_msg_sent: 175
tot_reconf_duration: 4.8100000000000005
tot_sleeping_duration: 12306.889919999996
tot_uptimes: 4
tot_uptimes_duration: 180.00608000000466
