comms_cons: 2.407987199992043
finished_reconf: true
global_termination_time: 13020.562
local_termination_time: 8300.54236
node_cons: 249.4667599999991
tot_aggregated_send: 0
tot_msg_rcv: 197
tot_msg_sent: 169
tot_reconf_duration: 6.22
tot_sleeping_duration: 12840.562
tot_uptimes: 4
tot_uptimes_duration: 180.0
