comms_cons: 666.9496577335956
finished_reconf: true
global_termination_time: 6683796.182
local_termination_time: 1221735.7966399982
node_cons: 137488.99538500689
tot_aggregated_send: 92452
tot_msg_rcv: 2985
tot_msg_sent: 5934
tot_reconf_duration: 15.34
tot_sleeping_duration: 6581131.384640021
tot_uptimes: 1712
tot_uptimes_duration: 102664.79735997855
