comms_cons: 660.0859585110007
finished_reconf: true
global_termination_time: 6687889.032
local_termination_time: 3833821.312359999
node_cons: 137554.5002266982
tot_aggregated_send: 92684
tot_msg_rcv: 2506
tot_msg_sent: 5139
tot_reconf_duration: 9.11
tot_sleeping_duration: 6585168.995520012
tot_uptimes: 1713
tot_uptimes_duration: 102720.0364799872
