comms_cons: 655.6772993114387
finished_reconf: true
global_termination_time: 6682561.967
local_termination_time: 3931176.6006000005
node_cons: 137474.59074037732
tot_aggregated_send: 92336
tot_msg_rcv: 2449
tot_msg_sent: 4874
tot_reconf_duration: 9.42
tot_sleeping_duration: 6579901.923400014
tot_uptimes: 1712
tot_uptimes_duration: 102660.043599986
