comms_cons: 2.0066559999933697
finished_reconf: true
global_termination_time: 8943.513
local_termination_time: 2685.2303600000005
node_cons: 171.2995600000002
tot_aggregated_send: 0
tot_msg_rcv: 192
tot_msg_sent: 112
tot_reconf_duration: 7.819999999999999
tot_sleeping_duration: 8823.513
tot_uptimes: 3
tot_uptimes_duration: 120.0
