comms_cons: 111.51211519484956
finished_reconf: true
global_termination_time: 1095192.5733199995
local_termination_time: 1095192.5321999996
node_cons: 22574.262214324874
tot_aggregated_send: 14938
tot_msg_rcv: 712
tot_msg_sent: 1300
tot_reconf_duration: 37.410000000000004
tot_sleeping_duration: 1078371.4684399958
tot_uptimes: 281
tot_uptimes_duration: 16821.104880003608
