comms_cons: 114.22114559077497
finished_reconf: true
global_termination_time: 1095226.941
local_termination_time: 497938.5149200003
node_cons: 22583.16104782247
tot_aggregated_send: 14268
tot_msg_rcv: 1135
tot_msg_sent: 1959
tot_reconf_duration: 5.57
tot_sleeping_duration: 1078366.8984400132
tot_uptimes: 281
tot_uptimes_duration: 16860.042559986876
