comms_cons: 114.354329590231
finished_reconf: true
global_termination_time: 1096343.989
local_termination_time: 295271.0822400005
node_cons: 22505.933535656408
tot_aggregated_send: 14442
tot_msg_rcv: 1192
tot_msg_sent: 1748
tot_reconf_duration: 7.819999999999999
tot_sleeping_duration: 1079543.9038800178
tot_uptimes: 281
tot_uptimes_duration: 16800.085119982352
