comms_cons: 5.158092799987652
finished_reconf: true
global_termination_time: 3516.0384400000003
local_termination_time: 3515.9973200000004
node_cons: 641.7885441600009
tot_aggregated_send: 0
tot_msg_rcv: 347
tot_msg_sent: 435
tot_reconf_duration: 24.59
tot_sleeping_duration: 3061.673
tot_uptimes: 8
tot_uptimes_duration: 454.3654400000005
