comms_cons: 70.0913791986317
finished_reconf: true
global_termination_time: 679121.072
local_termination_time: 12122.72848
node_cons: 13907.413368966863
tot_aggregated_send: 8932
tot_msg_rcv: 610
tot_msg_sent: 1112
tot_reconf_duration: 6.279999999999999
tot_sleeping_duration: 668741.0233599949
tot_uptimes: 174
tot_uptimes_duration: 10380.048640005116
