comms_cons: 70.27892479742854
finished_reconf: true
global_termination_time: 675581.839
local_termination_time: 112731.3391999999
node_cons: 13905.786505604901
tot_aggregated_send: 8758
tot_msg_rcv: 643
tot_msg_sent: 1282
tot_reconf_duration: 5.1
tot_sleeping_duration: 665201.8085999964
tot_uptimes: 174
tot_uptimes_duration: 10380.030400003641
