comms_cons: 66.15841279990252
finished_reconf: true
global_termination_time: 678586.098
local_termination_time: 105747.45935999996
node_cons: 13905.384544481141
tot_aggregated_send: 9164
tot_msg_rcv: 306
tot_msg_sent: 585
tot_reconf_duration: 4.8100000000000005
tot_sleeping_duration: 668206.0736799992
tot_uptimes: 174
tot_uptimes_duration: 10380.02432000084
