comms_cons: 2.9145855999940786
finished_reconf: true
global_termination_time: 13343.788480000001
local_termination_time: 13343.747360000001
node_cons: 292.7635187200006
tot_aggregated_send: 0
tot_msg_rcv: 273
tot_msg_sent: 169
tot_reconf_duration: 24.59
tot_sleeping_duration: 13150.084
tot_uptimes: 4
tot_uptimes_duration: 193.70448000000033
