comms_cons: 15.94798079996172
finished_reconf: true
global_termination_time: 13344.306240000004
local_termination_time: 1060.4940400000014
node_cons: 2130.6232978400303
tot_aggregated_send: 0
tot_msg_rcv: 1163
tot_msg_sent: 1260
tot_reconf_duration: 4.390000000000001
tot_sleeping_duration: 11757.55367999998
tot_uptimes: 26
tot_uptimes_duration: 1586.752560000023
