comms_cons: 45.12673280015812
finished_reconf: true
global_termination_time: 451749.745
local_termination_time: 350989.82668000023
node_cons: 9245.63198000001
tot_aggregated_send: 6380
tot_msg_rcv: 193
tot_msg_sent: 286
tot_reconf_duration: 4.8100000000000005
tot_sleeping_duration: 444849.745
tot_uptimes: 116
tot_uptimes_duration: 6900.0
