comms_cons: 46.78594560101214
finished_reconf: true
global_termination_time: 449628.66
local_termination_time: 121625.72635999997
node_cons: 9246.514645607176
tot_aggregated_send: 5742
tot_msg_rcv: 495
tot_msg_sent: 874
tot_reconf_duration: 5.43
tot_sleeping_duration: 442728.62959999463
tot_uptimes: 116
tot_uptimes_duration: 6900.030400005344
