comms_cons: 47.29849600171119
finished_reconf: true
global_termination_time: 452194.345
local_termination_time: 201668.45336000004
node_cons: 9259.9561433643
tot_aggregated_send: 5684
tot_msg_rcv: 526
tot_msg_sent: 979
tot_reconf_duration: 15.34
tot_sleeping_duration: 445294.32675999677
tot_uptimes: 116
tot_uptimes_duration: 6900.018240003206
