comms_cons: 67.61506560076847
finished_reconf: true
global_termination_time: 672378.391
local_termination_time: 341500.00800000003
node_cons: 13877.424542882882
tot_aggregated_send: 9336
tot_msg_rcv: 334
tot_msg_sent: 608
tot_reconf_duration: 22.65
tot_sleeping_duration: 662037.3410799978
tot_uptimes: 173
tot_uptimes_duration: 10341.049920002115
