comms_cons: 579.7031743134512
finished_reconf: true
global_termination_time: 670635.6175999998
local_termination_time: 670635.5764799998
node_cons: 66925.84267866646
tot_aggregated_send: 0
tot_msg_rcv: 39838
tot_msg_sent: 48273
tot_reconf_duration: 24.59
tot_sleeping_duration: 620678.597839979
tot_uptimes: 808
tot_uptimes_duration: 49957.0197600207
