comms_cons: 68.24792320013381
finished_reconf: true
global_termination_time: 670635.7241200004
local_termination_time: 36666.62448000001
node_cons: 13812.417655283092
tot_aggregated_send: 8874
tot_msg_rcv: 508
tot_msg_sent: 992
tot_reconf_duration: 7.819999999999999
tot_sleeping_duration: 660328.1825999981
tot_uptimes: 172
tot_uptimes_duration: 10307.541520002298
