comms_cons: 204.97497598065445
finished_reconf: true
global_termination_time: 2044642.33312
local_termination_time: 37896.117480000015
node_cons: 42044.79872422162
tot_aggregated_send: 27608
tot_msg_rcv: 1153
tot_msg_sent: 2394
tot_reconf_duration: 4.8100000000000005
tot_sleeping_duration: 2013247.0629600135
tot_uptimes: 524
tot_uptimes_duration: 31395.27015998654
