comms_cons: 201.38273279281958
finished_reconf: true
global_termination_time: 2046928.354
local_termination_time: 667838.7587199997
node_cons: 42113.518979999564
tot_aggregated_send: 29290
tot_msg_rcv: 515
tot_msg_sent: 804
tot_reconf_duration: 11.31
tot_sleeping_duration: 2015488.354
tot_uptimes: 525
tot_uptimes_duration: 31440.0
