comms_cons: 79.51025919976423
finished_reconf: true
global_termination_time: 809918.666
local_termination_time: 408908.267
node_cons: 16671.01955592118
tot_aggregated_send: 11540
tot_msg_rcv: 208
tot_msg_sent: 338
tot_reconf_duration: 22.65
tot_sleeping_duration: 797491.2867199992
tot_uptimes: 208
tot_uptimes_duration: 12427.379280000838
