comms_cons: 78.73986559960511
finished_reconf: true
global_termination_time: 807289.4330000001
local_termination_time: 7441.30248
node_cons: 16571.87811000011
tot_aggregated_send: 11542
tot_msg_rcv: 142
tot_msg_sent: 284
tot_reconf_duration: 9.11
tot_sleeping_duration: 794922.363
tot_uptimes: 207
tot_uptimes_duration: 12367.070000000065
