comms_cons: 79.21679359848308
finished_reconf: true
global_termination_time: 809975.199
local_termination_time: 203331.1916800007
node_cons: 16647.531540000033
tot_aggregated_send: 11716
tot_msg_rcv: 70
tot_msg_sent: 255
tot_reconf_duration: 12.629999999999999
tot_sleeping_duration: 797555.199
tot_uptimes: 208
tot_uptimes_duration: 12420.0
