comms_cons: 80.4445055996981
finished_reconf: true
global_termination_time: 811508.613
local_termination_time: 188626.26599999997
node_cons: 16653.193423202825
tot_aggregated_send: 11478
tot_msg_rcv: 228
tot_msg_sent: 521
tot_reconf_duration: 11.899999999999999
tot_sleeping_duration: 799083.6441999979
tot_uptimes: 208
tot_uptimes_duration: 12424.968800002098
