comms_cons: 312.3957120042184
finished_reconf: true
global_termination_time: 3119379.139
local_termination_time: 184932.10760000008
node_cons: 64142.233381228034
tot_aggregated_send: 41470
tot_msg_rcv: 2026
tot_msg_sent: 3984
tot_reconf_duration: 22.65
tot_sleeping_duration: 3071499.023480038
tot_uptimes: 799
tot_uptimes_duration: 47880.11551996216
