comms_cons: 90.7678975920586
finished_reconf: true
global_termination_time: 871426.586
local_termination_time: 6483.62
node_cons: 17950.37555790243
tot_aggregated_send: 11285
tot_msg_rcv: 926
tot_msg_sent: 1586
tot_reconf_duration: 25.35
tot_sleeping_duration: 858046.4887200132
tot_uptimes: 224
tot_uptimes_duration: 13380.097279986861
