comms_cons: 2.296140799994524
finished_reconf: true
global_termination_time: 12108.90024000001
local_termination_time: 6283.993680000004
node_cons: 315.3253993600145
tot_aggregated_send: 0
tot_msg_rcv: 180
tot_msg_sent: 169
tot_reconf_duration: 7.819999999999999
tot_sleeping_duration: 11881.338
tot_uptimes: 4
tot_uptimes_duration: 227.5622400000102
