comms_cons: 186.02813438499666
finished_reconf: true
global_termination_time: 1848154.7255999988
local_termination_time: 1848154.684479999
node_cons: 38105.263227117604
tot_aggregated_send: 25726
tot_msg_rcv: 826
tot_msg_sent: 1724
tot_reconf_duration: 37.410000000000004
tot_sleeping_duration: 1819734.6655200005
tot_uptimes: 474
tot_uptimes_duration: 28420.060079998337
