comms_cons: 183.937983992802
finished_reconf: true
global_termination_time: 1851253.371
local_termination_time: 724321.6579199984
node_cons: 38088.08579999979
tot_aggregated_send: 26680
tot_msg_rcv: 468
tot_msg_sent: 809
tot_reconf_duration: 5.1
tot_sleeping_duration: 1822813.371
tot_uptimes: 475
tot_uptimes_duration: 28440.0
