comms_cons: 538.7825275633844
finished_reconf: true
global_termination_time: 1848994.852
local_termination_time: 429029.65460000007
node_cons: 75477.32492899788
tot_aggregated_send: 0
tot_msg_rcv: 27439
tot_msg_sent: 54452
tot_reconf_duration: 13.17
tot_sleeping_duration: 1792639.7810000002
tot_uptimes: 933
tot_uptimes_duration: 56355.07099999976
