comms_cons: 193.2820351863595
finished_reconf: true
global_termination_time: 2000949.147
local_termination_time: 4578.525
node_cons: 41139.27293006038
tot_aggregated_send: 27081
tot_msg_rcv: 741
tot_msg_sent: 1554
tot_reconf_duration: 3.77
tot_sleeping_duration: 1970229.0922800147
tot_uptimes: 513
tot_uptimes_duration: 30720.05471998558
