comms_cons: 386.54100484203246
finished_reconf: true
global_termination_time: 3887959.469
local_termination_time: 1198089.2335199981
node_cons: 79964.1153708612
tot_aggregated_send: 53070
tot_msg_rcv: 1847
tot_msg_sent: 3834
tot_reconf_duration: 15.34
tot_sleeping_duration: 3828255.7470800127
tot_uptimes: 996
tot_uptimes_duration: 59703.72191998735
