comms_cons: 389.0209280376286
finished_reconf: true
global_termination_time: 3886565.089
local_termination_time: 2351383.7762799994
node_cons: 79945.8830737926
tot_aggregated_send: 53766
tot_msg_rcv: 1838
tot_msg_sent: 3525
tot_reconf_duration: 5.57
tot_sleeping_duration: 3826865.0748000047
tot_uptimes: 996
tot_uptimes_duration: 59700.01419999567
