comms_cons: 386.86238079822823
finished_reconf: true
global_termination_time: 3887629.195
local_termination_time: 2534409.1779199983
node_cons: 79945.24208223211
tot_aggregated_send: 53998
tot_msg_rcv: 1724
tot_msg_sent: 3077
tot_reconf_duration: 5.1
tot_sleeping_duration: 3827929.1828400046
tot_uptimes: 996
tot_uptimes_duration: 59700.0121599955
