comms_cons: 140.8572096134197
finished_reconf: true
global_termination_time: 291561.3792000002
local_termination_time: 291561.3380800002
node_cons: 17811.535365402313
tot_aggregated_send: 0
tot_msg_rcv: 8585
tot_msg_sent: 12824
tot_reconf_duration: 24.59
tot_sleeping_duration: 278284.2005999985
tot_uptimes: 220
tot_uptimes_duration: 13277.1786000017
