comms_cons: 57.61946240530514
finished_reconf: true
global_termination_time: 291561.9792000003
local_termination_time: 23.868159999999992
node_cons: 5979.306659041812
tot_aggregated_send: 0
tot_msg_rcv: 4449
tot_msg_sent: 4306
tot_reconf_duration: 4.8100000000000005
tot_sleeping_duration: 287101.355839999
tot_uptimes: 75
tot_uptimes_duration: 4460.623360001349
