comms_cons: 58.52856320051808
finished_reconf: true
global_termination_time: 589659.637
local_termination_time: 36549.34596000012
node_cons: 12143.711380000017
tot_aggregated_send: 8468
tot_msg_rcv: 146
tot_msg_sent: 282
tot_reconf_duration: 9.11
tot_sleeping_duration: 580599.637
tot_uptimes: 152
tot_uptimes_duration: 9060.0
