comms_cons: 58.667353599619254
finished_reconf: true
global_termination_time: 587606.322
local_termination_time: 13143.411359999998
node_cons: 12071.519380000014
tot_aggregated_send: 8236
tot_msg_rcv: 231
tot_msg_sent: 450
tot_reconf_duration: 15.110000000000001
tot_sleeping_duration: 578606.322
tot_uptimes: 151
tot_uptimes_duration: 9000.0
