comms_cons: 158.9272831945014
finished_reconf: true
global_termination_time: 1627851.644
local_termination_time: 7174.321000000001
node_cons: 33425.234224476546
tot_aggregated_send: 21978
tot_msg_rcv: 736
tot_msg_sent: 1443
tot_reconf_duration: 2.77
tot_sleeping_duration: 1602891.6196800026
tot_uptimes: 417
tot_uptimes_duration: 24960.024319997407
