comms_cons: 215.73823358724775
finished_reconf: true
global_termination_time: 2152112.87048
local_termination_time: 2152112.82936
node_cons: 44336.57448989196
tot_aggregated_send: 30192
tot_msg_rcv: 839
tot_msg_sent: 1759
tot_reconf_duration: 37.410000000000004
tot_sleeping_duration: 2119039.10520002
tot_uptimes: 552
tot_uptimes_duration: 33073.76527997962
