comms_cons: 425.6082492953244
finished_reconf: true
global_termination_time: 2154747.351
local_termination_time: 774226.92048
node_cons: 44275.819324467324
tot_aggregated_send: 0
tot_msg_rcv: 32727
tot_msg_sent: 31964
tot_reconf_duration: 6.22
tot_sleeping_duration: 2121687.3266800093
tot_uptimes: 552
tot_uptimes_duration: 33060.02431999077
