comms_cons: 220.22350077906705
finished_reconf: true
global_termination_time: 2153217.456
local_termination_time: 1206819.8583599997
node_cons: 44274.77906893445
tot_aggregated_send: 29116
tot_msg_rcv: 1507
tot_msg_sent: 2849
tot_reconf_duration: 5.43
tot_sleeping_duration: 2120157.4073600187
tot_uptimes: 552
tot_uptimes_duration: 33060.04863998131
