comms_cons: 1072.4197753770798
finished_reconf: true
global_termination_time: 2214377.4406
local_termination_time: 2214377.3994799997
node_cons: 134782.5094650958
tot_aggregated_send: 0
tot_msg_rcv: 65768
tot_msg_sent: 97232
tot_reconf_duration: 24.59
tot_sleeping_duration: 2113743.2985200146
tot_uptimes: 1648
tot_uptimes_duration: 100634.14207998523
