comms_cons: 222.09530878919728
finished_reconf: true
global_termination_time: 2218636.126
local_termination_time: 55652.32952000007
node_cons: 45663.93568782191
tot_aggregated_send: 30914
tot_msg_rcv: 886
tot_msg_sent: 1958
tot_reconf_duration: 22.65
tot_sleeping_duration: 2184556.083440013
tot_uptimes: 569
tot_uptimes_duration: 34080.042559986876
