comms_cons: 215.9891839925247
finished_reconf: true
global_termination_time: 2214463.141
local_termination_time: 954901.0294799998
node_cons: 45560.203965026485
tot_aggregated_send: 30798
tot_msg_rcv: 748
tot_msg_sent: 1284
tot_reconf_duration: 5.43
tot_sleeping_duration: 2180443.1036400096
tot_uptimes: 568
tot_uptimes_duration: 34020.037359990354
