comms_cons: 215.53459199926027
finished_reconf: true
global_termination_time: 2171862.259
local_termination_time: 864896.1803599999
node_cons: 44689.55937999951
tot_aggregated_send: 31378
tot_msg_rcv: 526
tot_msg_sent: 856
tot_reconf_duration: 15.110000000000001
tot_sleeping_duration: 2138502.259
tot_uptimes: 557
tot_uptimes_duration: 33360.0
