comms_cons: 57.535731200922335
finished_reconf: true
global_termination_time: 584362.562
local_termination_time: 287468.06136000005
node_cons: 11977.593941121417
tot_aggregated_send: 7598
tot_msg_rcv: 395
tot_msg_sent: 752
tot_reconf_duration: 5.1
tot_sleeping_duration: 575422.555919999
tot_uptimes: 150
tot_uptimes_duration: 8940.006080001069
