comms_cons: 473.4881088438955
finished_reconf: true
global_termination_time: 825053.459
local_termination_time: 219810.35880000028
node_cons: 82490.50275754806
tot_aggregated_send: 0
tot_msg_rcv: 32481
tot_msg_sent: 39486
tot_reconf_duration: 15.34
tot_sleeping_duration: 763462.9653199776
tot_uptimes: 999
tot_uptimes_duration: 61590.49368002239
