comms_cons: 79.96485119925437
finished_reconf: true
global_termination_time: 827398.755
local_termination_time: 436729.1352400005
node_cons: 16959.312201121465
tot_aggregated_send: 11658
tot_msg_rcv: 120
tot_msg_sent: 377
tot_reconf_duration: 5.57
tot_sleeping_duration: 814738.748919999
tot_uptimes: 212
tot_uptimes_duration: 12660.006080001069
