comms_cons: 83.54330880101608
finished_reconf: true
global_termination_time: 826454.256
local_termination_time: 232303.84120000064
node_cons: 16955.947028966853
tot_aggregated_send: 10498
tot_msg_rcv: 730
tot_msg_sent: 1470
tot_reconf_duration: 3.05
tot_sleeping_duration: 813794.2073599949
tot_uptimes: 212
tot_uptimes_duration: 12660.048640005116
