comms_cons: 3428.8529955590748
finished_reconf: true
global_termination_time: 8848295.211
local_termination_time: 2830822.02556
node_cons: 537041.3560476669
tot_aggregated_send: 0
tot_msg_rcv: 210617
tot_msg_sent: 310553
tot_reconf_duration: 5.57
tot_sleeping_duration: 8447224.417880058
tot_uptimes: 6581
tot_uptimes_duration: 401070.79311994126
