comms_cons: 878.7746753988355
finished_reconf: true
global_termination_time: 8849194.927
local_termination_time: 1204479.7143599996
node_cons: 182054.6714522816
tot_aggregated_send: 123772
tot_msg_rcv: 3228
tot_msg_sent: 6568
tot_reconf_duration: 3.05
tot_sleeping_duration: 8713234.860120023
tot_uptimes: 2267
tot_uptimes_duration: 135960.0668799763
