comms_cons: 88.82577919409962
finished_reconf: true
global_termination_time: 860895.219
local_termination_time: 421969.39336000005
node_cons: 17679.02334558881
tot_aggregated_send: 11426
tot_msg_rcv: 738
tot_msg_sent: 1337
tot_reconf_duration: 3.08
tot_sleeping_duration: 847695.1886000084
tot_uptimes: 221
tot_uptimes_duration: 13200.030399991607
