comms_cons: 86.18751999673772
finished_reconf: true
global_termination_time: 861341.67
local_termination_time: 212311.75336000006
node_cons: 17705.599405597975
tot_aggregated_send: 11658
tot_msg_rcv: 467
tot_msg_sent: 975
tot_reconf_duration: 22.65
tot_sleeping_duration: 848141.6396000016
tot_uptimes: 221
tot_uptimes_duration: 13200.030399998475
