comms_cons: 87.91258239616802
finished_reconf: true
global_termination_time: 866543.409
local_termination_time: 639507.8123599988
node_cons: 17780.567164471886
tot_aggregated_send: 11716
tot_msg_rcv: 554
tot_msg_sent: 1091
tot_reconf_duration: 18.700000000000003
tot_sleeping_duration: 853283.384680006
tot_uptimes: 222
tot_uptimes_duration: 13260.024319993972
