comms_cons: 68.91711999927769
finished_reconf: true
global_termination_time: 689631.6781999996
local_termination_time: 689631.6370799997
node_cons: 14217.478482404373
tot_aggregated_send: 9660
tot_msg_rcv: 273
tot_msg_sent: 541
tot_reconf_duration: 37.410000000000004
tot_sleeping_duration: 679051.6365999964
tot_uptimes: 177
tot_uptimes_duration: 10580.041600003242
