comms_cons: 71.21451520042268
finished_reconf: true
global_termination_time: 690046.6
local_termination_time: 149782.85960000101
node_cons: 14161.511966887128
tot_aggregated_send: 9106
tot_msg_rcv: 646
tot_msg_sent: 1073
tot_reconf_duration: 9.11
tot_sleeping_duration: 679479.6540799948
tot_uptimes: 177
tot_uptimes_duration: 10566.945920005295
