comms_cons: 69.08678399941817
finished_reconf: true
global_termination_time: 690469.3
local_termination_time: 79709.11055999958
node_cons: 14157.007822242867
tot_aggregated_send: 9222
tot_msg_rcv: 405
tot_msg_sent: 875
tot_reconf_duration: 12.629999999999999
tot_sleeping_duration: 679909.2878399979
tot_uptimes: 177
tot_uptimes_duration: 10560.012160002138
