comms_cons: 915.4060866901801
finished_reconf: true
global_termination_time: 9064008.976239998
local_termination_time: 23520.502920000003
node_cons: 186514.3465605199
tot_aggregated_send: 125686
tot_msg_rcv: 4524
tot_msg_sent: 8924
tot_reconf_duration: 18.21
tot_sleeping_duration: 8924733.683200022
tot_uptimes: 2322
tot_uptimes_duration: 139275.293039975
