comms_cons: 3898.314495256048
finished_reconf: true
global_termination_time: 9065921.977
local_termination_time: 2507127.42648
node_cons: 551503.6223737088
tot_aggregated_send: 0
tot_msg_rcv: 239092
tot_msg_sent: 353431
tot_reconf_duration: 5.57
tot_sleeping_duration: 8654050.387520054
tot_uptimes: 6754
tot_uptimes_duration: 411871.5894799467
