comms_cons: 903.333286610777
finished_reconf: true
global_termination_time: 9066067.085
local_termination_time: 2593314.7193599995
node_cons: 186503.56252892996
tot_aggregated_send: 125222
tot_msg_rcv: 4200
tot_msg_sent: 7877
tot_reconf_duration: 25.299999999999997
tot_sleeping_duration: 8926807.036360018
tot_uptimes: 2322
tot_uptimes_duration: 139260.0486399827
