comms_cons: 913.2621570922512
finished_reconf: true
global_termination_time: 9067030.941
local_termination_time: 649816.9793599999
node_cons: 186499.96382893025
tot_aggregated_send: 125860
tot_msg_rcv: 4293
tot_msg_sent: 8657
tot_reconf_duration: 22.65
tot_sleeping_duration: 8927770.892360017
tot_uptimes: 2322
tot_uptimes_duration: 139260.0486399827
