comms_cons: 905.797126627001
finished_reconf: true
global_termination_time: 9064051.199
local_termination_time: 1056374.7693599998
node_cons: 186475.1748900469
tot_aggregated_send: 126498
tot_msg_rcv: 3627
tot_msg_sent: 7550
tot_reconf_duration: 4.390000000000001
tot_sleeping_duration: 8924791.14428002
tot_uptimes: 2322
tot_uptimes_duration: 139260.05471998034
