comms_cons: 115.97343998923785
finished_reconf: true
global_termination_time: 1169922.846
local_termination_time: 2386.07612
node_cons: 24054.200347831735
tot_aggregated_send: 15312
tot_msg_rcv: 826
tot_msg_sent: 1491
tot_reconf_duration: 23.919999999999998
tot_sleeping_duration: 1151982.8034400062
tot_uptimes: 300
tot_uptimes_duration: 17940.042559993803
