comms_cons: 48.43607040081447
finished_reconf: true
global_termination_time: 472518.835
local_termination_time: 100807.0251999999
node_cons: 9751.906841119175
tot_aggregated_send: 6322
tot_msg_rcv: 364
tot_msg_sent: 676
tot_reconf_duration: 22.65
tot_sleeping_duration: 465258.82892000064
tot_uptimes: 122
tot_uptimes_duration: 7260.006079999366
