comms_cons: 47.59456000104472
finished_reconf: true
global_termination_time: 475095.442
local_termination_time: 157058.04436000006
node_cons: 9727.126043364324
tot_aggregated_send: 6322
tot_msg_rcv: 273
tot_msg_sent: 639
tot_reconf_duration: 4.390000000000001
tot_sleeping_duration: 467835.4237599968
tot_uptimes: 122
tot_uptimes_duration: 7260.018240003206
