comms_cons: 47.69262080115797
finished_reconf: true
global_termination_time: 473579.297
local_termination_time: 55220.80336000001
node_cons: 9728.538363364305
tot_aggregated_send: 6264
tot_msg_rcv: 289
tot_msg_sent: 696
tot_reconf_duration: 5.43
tot_sleeping_duration: 466319.2787599968
tot_uptimes: 122
tot_uptimes_duration: 7260.018240003206
