comms_cons: 364.90197765852395
finished_reconf: true
global_termination_time: 3615110.7684799996
local_termination_time: 3615110.7273599994
node_cons: 74383.79147770579
tot_aggregated_send: 50144
tot_msg_rcv: 1811
tot_msg_sent: 3507
tot_reconf_duration: 37.410000000000004
tot_sleeping_duration: 3559596.960640039
tot_uptimes: 926
tot_uptimes_duration: 55513.807839961024
