comms_cons: 363.00428165361143
finished_reconf: true
global_termination_time: 3618135.387
local_termination_time: 247348.57036000004
node_cons: 74409.75894670414
tot_aggregated_send: 50634
tot_msg_rcv: 1463
tot_msg_sent: 3079
tot_reconf_duration: 10.95
tot_sleeping_duration: 3562575.3505200106
tot_uptimes: 927
tot_uptimes_duration: 55560.036479989474
