comms_cons: 357.13871362354985
finished_reconf: true
global_termination_time: 3616705.516
local_termination_time: 1555792.4932799982
node_cons: 74403.31932446586
tot_aggregated_send: 50054
tot_msg_rcv: 1324
tot_msg_sent: 2904
tot_reconf_duration: 6.22
tot_sleeping_duration: 3561145.4916800093
tot_uptimes: 927
tot_uptimes_duration: 55560.02431999077
