comms_cons: 142.4396799958849
finished_reconf: true
global_termination_time: 1435853.124
local_termination_time: 291917.52384000056
node_cons: 29493.308240000006
tot_aggregated_send: 20590
tot_msg_rcv: 369
tot_msg_sent: 691
tot_reconf_duration: 6.279999999999999
tot_sleeping_duration: 1413833.124
tot_uptimes: 368
tot_uptimes_duration: 22020.0
