comms_cons: 148.0392063852519
finished_reconf: true
global_termination_time: 1436153.136
local_termination_time: 387555.03648
node_cons: 29490.81489006527
tot_aggregated_send: 18966
tot_msg_rcv: 1205
tot_msg_sent: 2329
tot_reconf_duration: 4.390000000000001
tot_sleeping_duration: 1414133.081280011
tot_uptimes: 368
tot_uptimes_duration: 22020.054719989013
