comms_cons: 142.44625919463866
finished_reconf: true
global_termination_time: 1435439.609
local_termination_time: 219817.76200000092
node_cons: 29505.323695122694
tot_aggregated_send: 20416
tot_msg_rcv: 372
tot_msg_sent: 863
tot_reconf_duration: 11.31
tot_sleeping_duration: 1413415.736919998
tot_uptimes: 368
tot_uptimes_duration: 22023.87208000198
