comms_cons: 143.1173375947571
finished_reconf: true
global_termination_time: 1436713.983
local_termination_time: 425268.59036000003
node_cons: 29492.15394000004
tot_aggregated_send: 20532
tot_msg_rcv: 472
tot_msg_sent: 749
tot_reconf_duration: 5.43
tot_sleeping_duration: 1414693.983
tot_uptimes: 368
tot_uptimes_duration: 22020.0
