comms_cons: 46.271513599963406
finished_reconf: true
global_termination_time: 470427.028
local_termination_time: 55923.542360000014
node_cons: 9649.246760000015
tot_aggregated_send: 6728
tot_msg_rcv: 78
tot_msg_sent: 227
tot_reconf_duration: 6.22
tot_sleeping_duration: 463227.028
tot_uptimes: 121
tot_uptimes_duration: 7200.0
