comms_cons: 46.73205760045442
finished_reconf: true
global_termination_time: 471936.463
local_termination_time: 160797.1107200001
node_cons: 9656.15898000001
tot_aggregated_send: 6786
tot_msg_rcv: 153
tot_msg_sent: 164
tot_reconf_duration: 11.31
tot_sleeping_duration: 464736.463
tot_uptimes: 121
tot_uptimes_duration: 7200.0
