comms_cons: 47.012684799879786
finished_reconf: true
global_termination_time: 14676.50248000001
local_termination_time: 298.7414799999991
node_cons: 6112.739433960026
tot_aggregated_send: 0
tot_msg_rcv: 3871
tot_msg_sent: 3272
tot_reconf_duration: 5.57
tot_sleeping_duration: 10116.998839999993
tot_uptimes: 61
tot_uptimes_duration: 4559.503640000017
