comms_cons: 2.7895807999928923
finished_reconf: true
global_termination_time: 15884.308
local_termination_time: 5783.94736
node_cons: 325.5426399999999
tot_aggregated_send: 0
tot_msg_rcv: 250
tot_msg_sent: 174
tot_reconf_duration: 3.08
tot_sleeping_duration: 15644.308
tot_uptimes: 5
tot_uptimes_duration: 240.0
