comms_cons: 3.381708799991226
finished_reconf: true
global_termination_time: 18577.735
local_termination_time: 10026.27936
node_cons: 333.7313800000008
tot_aggregated_send: 0
tot_msg_rcv: 342
tot_msg_sent: 172
tot_reconf_duration: 9.11
tot_sleeping_duration: 18337.735
tot_uptimes: 5
tot_uptimes_duration: 240.0
