comms_cons: 3.283020799994754
finished_reconf: true
global_termination_time: 18380.436
local_termination_time: 10056.56636
node_cons: 338.51154000000145
tot_aggregated_send: 0
tot_msg_rcv: 334
tot_msg_sent: 165
tot_reconf_duration: 12.629999999999999
tot_sleeping_duration: 18140.436
tot_uptimes: 5
tot_uptimes_duration: 240.0
