comms_cons: 46.806054402714565
finished_reconf: true
global_termination_time: 360603.72360000096
local_termination_time: 360603.72360000096
node_cons: 7512.1963658516715
tot_aggregated_send: 2842
tot_msg_rcv: 1685
tot_msg_sent: 2590
tot_reconf_duration: 24.59
tot_sleeping_duration: 355018.3590399922
tot_uptimes: 93
tot_uptimes_duration: 5585.364560008704
