comms_cons: 35.843481600493135
finished_reconf: true
global_termination_time: 362832.154
local_termination_time: 178074.6892000002
node_cons: 7399.72676000001
tot_aggregated_send: 5104
tot_msg_rcv: 117
tot_msg_sent: 227
tot_reconf_duration: 6.22
tot_sleeping_duration: 357312.154
tot_uptimes: 93
tot_uptimes_duration: 5520.0
