comms_cons: 34.72564480033295
finished_reconf: true
global_termination_time: 341414.968
local_termination_time: 86676.61635999997
node_cons: 6996.96208111917
tot_aggregated_send: 4640
tot_msg_rcv: 235
tot_msg_sent: 403
tot_reconf_duration: 5.43
tot_sleeping_duration: 336194.9619200006
tot_uptimes: 88
tot_uptimes_duration: 5220.006079999366
