comms_cons: 51.33812479996747
finished_reconf: true
global_termination_time: 520912.1377600009
local_termination_time: 520912.1377600009
node_cons: 10800.243694641213
tot_aggregated_send: 7584
tot_msg_rcv: 51
tot_msg_sent: 168
tot_reconf_duration: 24.59
tot_sleeping_duration: 512871.174
tot_uptimes: 134
tot_uptimes_duration: 8040.963760000886
