comms_cons: 51.028275200392784
finished_reconf: true
global_termination_time: 522524.822
local_termination_time: 400757.8353600001
node_cons: 10689.361900000078
tot_aggregated_send: 7482
tot_msg_rcv: 93
tot_msg_sent: 181
tot_reconf_duration: 3.05
tot_sleeping_duration: 514544.822
tot_uptimes: 134
tot_uptimes_duration: 7980.0
