comms_cons: 51.48881920005171
finished_reconf: true
global_termination_time: 524658.018
local_termination_time: 350537.98936000007
node_cons: 10776.179560000024
tot_aggregated_send: 7540
tot_msg_rcv: 91
tot_msg_sent: 195
tot_reconf_duration: 7.819999999999999
tot_sleeping_duration: 516618.01800000004
tot_uptimes: 135
tot_uptimes_duration: 8040.0
