comms_cons: 341.9556351317427
finished_reconf: true
global_termination_time: 707917.6565999998
local_termination_time: 707917.6154799998
node_cons: 43003.94396312
tot_aggregated_send: 0
tot_msg_rcv: 20978
tot_msg_sent: 30996
tot_reconf_duration: 24.59
tot_sleeping_duration: 675826.1325199994
tot_uptimes: 524
tot_uptimes_duration: 32091.52408000028
