comms_cons: 70.51586559926521
finished_reconf: true
global_termination_time: 708215.284
local_termination_time: 86609.22155999958
node_cons: 14545.681900000005
tot_aggregated_send: 10092
tot_msg_rcv: 222
tot_msg_sent: 404
tot_reconf_duration: 3.05
tot_sleeping_duration: 697355.284
tot_uptimes: 182
tot_uptimes_duration: 10860.0
