comms_cons: 70.1737471985463
finished_reconf: true
global_termination_time: 708688.259
local_termination_time: 473275.3559600006
node_cons: 14556.898980000016
tot_aggregated_send: 10092
tot_msg_rcv: 178
tot_msg_sent: 396
tot_reconf_duration: 11.31
tot_sleeping_duration: 697828.259
tot_uptimes: 182
tot_uptimes_duration: 10860.0
