comms_cons: 502.08890854312716
finished_reconf: true
global_termination_time: 1041530.7485999998
local_termination_time: 1041530.7074799999
node_cons: 63046.160984954855
tot_aggregated_send: 0
tot_msg_rcv: 30846
tot_msg_sent: 45469
tot_reconf_duration: 24.59
tot_sleeping_duration: 994471.1759600028
tot_uptimes: 773
tot_uptimes_duration: 47059.57263999702
