comms_cons: 104.80007679527154
finished_reconf: true
global_termination_time: 1043773.695
local_termination_time: 519584.59236000007
node_cons: 21471.61172000007
tot_aggregated_send: 14674
tot_msg_rcv: 457
tot_msg_sent: 798
tot_reconf_duration: 15.34
tot_sleeping_duration: 1027753.695
tot_uptimes: 268
tot_uptimes_duration: 16020.0
