comms_cons: 104.75389439618692
finished_reconf: true
global_termination_time: 1044769.771
local_termination_time: 654439.9923599999
node_cons: 21459.30824000007
tot_aggregated_send: 14790
tot_msg_rcv: 440
tot_msg_sent: 691
tot_reconf_duration: 6.279999999999999
tot_sleeping_duration: 1028749.771
tot_uptimes: 268
tot_uptimes_duration: 16020.0
