comms_cons: 102.67499519831229
finished_reconf: true
global_termination_time: 1045467.109
local_termination_time: 435515.91036000004
node_cons: 21457.705800000003
tot_aggregated_send: 15138
tot_msg_rcv: 124
tot_msg_sent: 344
tot_reconf_duration: 5.1
tot_sleeping_duration: 1029447.109
tot_uptimes: 268
tot_uptimes_duration: 16020.0
