comms_cons: 206.0592254947581
finished_reconf: true
global_termination_time: 1041583.961
local_termination_time: 1832.7944800000005
node_cons: 21401.22312335053
tot_aggregated_send: 0
tot_msg_rcv: 15899
tot_msg_sent: 15420
tot_reconf_duration: 22.65
tot_sleeping_duration: 1025623.9427600071
tot_uptimes: 267
tot_uptimes_duration: 15960.018239992904
