comms_cons: 104.76822399414048
finished_reconf: true
global_termination_time: 1045584.384
local_termination_time: 134793.4940000009
node_cons: 21457.35268558879
tot_aggregated_send: 14268
tot_msg_rcv: 545
tot_msg_sent: 1110
tot_reconf_duration: 4.8100000000000005
tot_sleeping_duration: 1029564.3536000084
tot_uptimes: 268
tot_uptimes_duration: 16020.030399991607
