comms_cons: 107.38072319013344
finished_reconf: true
global_termination_time: 1045834.948
local_termination_time: 30701.3876
node_cons: 21456.790466710223
tot_aggregated_send: 13862
tot_msg_rcv: 829
tot_msg_sent: 1630
tot_reconf_duration: 4.390000000000001
tot_sleeping_duration: 1029814.9115200073
tot_uptimes: 268
tot_uptimes_duration: 16020.036479992676
