comms_cons: 102.45130239791149
finished_reconf: true
global_termination_time: 1043786.23
local_termination_time: 696156.9263599999
node_cons: 21459.234901116983
tot_aggregated_send: 14500
tot_msg_rcv: 375
tot_msg_sent: 697
tot_reconf_duration: 6.22
tot_sleeping_duration: 1027766.2239200023
tot_uptimes: 268
tot_uptimes_duration: 16020.006079997635
