comms_cons: 165.7898879878268
finished_reconf: true
global_termination_time: 1650591.53748
local_termination_time: 1650591.49636
node_cons: 34012.105319915456
tot_aggregated_send: 22967
tot_msg_rcv: 769
tot_msg_sent: 1463
tot_reconf_duration: 66.17
tot_sleeping_duration: 1625257.522200003
tot_uptimes: 423
tot_uptimes_duration: 25334.01527999685
