comms_cons: 212.67910398240923
finished_reconf: true
global_termination_time: 2110624.75048
local_termination_time: 2110624.7093599997
node_cons: 43435.400506541504
tot_aggregated_send: 29218
tot_msg_rcv: 1003
tot_msg_sent: 2103
tot_reconf_duration: 24.59
tot_sleeping_duration: 2078211.0034400132
tot_uptimes: 541
tot_uptimes_duration: 32413.747039986716
