comms_cons: 214.29175038242713
finished_reconf: true
global_termination_time: 2112645.955
local_termination_time: 1147056.663
node_cons: 43472.74910862091
tot_aggregated_send: 29056
tot_msg_rcv: 1192
tot_msg_sent: 2324
tot_reconf_duration: 6.279999999999999
tot_sleeping_duration: 2080185.745240014
tot_uptimes: 542
tot_uptimes_duration: 32460.209759986028
