comms_cons: 215.66815997557524
finished_reconf: true
global_termination_time: 2115790.878
local_termination_time: 384128.11136000004
node_cons: 43498.34110494226
tot_aggregated_send: 28710
tot_msg_rcv: 1416
tot_msg_sent: 2652
tot_reconf_duration: 25.299999999999997
tot_sleeping_duration: 2083330.845360013
tot_uptimes: 542
tot_uptimes_duration: 32460.03263998707
