comms_cons: 683.6815361754519
finished_reconf: true
global_termination_time: 6812541.133239998
local_termination_time: 282186.78148000006
node_cons: 140156.83859387273
tot_aggregated_send: 94424
tot_msg_rcv: 2933
tot_msg_sent: 6559
tot_reconf_duration: 18.21
tot_sleeping_duration: 6707886.83196003
tot_uptimes: 1745
tot_uptimes_duration: 104654.30127996812
