comms_cons: 673.4920192973963
finished_reconf: true
global_termination_time: 6814762.295
local_termination_time: 2706284.054279998
node_cons: 140204.31878446345
tot_aggregated_send: 93844
tot_msg_rcv: 2893
tot_msg_sent: 5629
tot_reconf_duration: 8.09
tot_sleeping_duration: 6710062.270680008
tot_uptimes: 1746
tot_uptimes_duration: 104700.02431999124
