comms_cons: 686.3687361664456
finished_reconf: true
global_termination_time: 6815202.273
local_termination_time: 704248.4569199994
node_cons: 140199.90525004882
tot_aggregated_send: 95294
tot_msg_rcv: 3261
tot_msg_sent: 5769
tot_reconf_duration: 4.8100000000000005
tot_sleeping_duration: 6710502.21828002
tot_uptimes: 1746
tot_uptimes_duration: 104700.05471998011
