comms_cons: 98.08585601373481
finished_reconf: true
global_termination_time: 593134.029
local_termination_time: 220306.31936000005
node_cons: 12139.876381121449
tot_aggregated_send: 0
tot_msg_rcv: 7535
tot_msg_sent: 7372
tot_reconf_duration: 6.279999999999999
tot_sleeping_duration: 584074.022919999
tot_uptimes: 152
tot_uptimes_duration: 9060.00608000107
