comms_cons: 58.7841792005559
finished_reconf: true
global_termination_time: 591977.744
local_termination_time: 234627.99208000064
node_cons: 12149.224860000035
tot_aggregated_send: 8004
tot_msg_rcv: 302
tot_msg_sent: 628
tot_reconf_duration: 13.17
tot_sleeping_duration: 582917.744
tot_uptimes: 152
tot_uptimes_duration: 9060.0
