comms_cons: 58.89825280038101
finished_reconf: true
global_termination_time: 590548.637
local_termination_time: 188762.93524000095
node_cons: 12154.698594482716
tot_aggregated_send: 8120
tot_msg_rcv: 217
tot_msg_sent: 616
tot_reconf_duration: 11.31
tot_sleeping_duration: 581482.662679998
tot_uptimes: 152
tot_uptimes_duration: 9065.974320002017
