comms_cons: 884.3956738310596
finished_reconf: true
global_termination_time: 8797234.679239998
local_termination_time: 121288.94947999997
node_cons: 180970.9272661135
tot_aggregated_send: 122554
tot_msg_rcv: 3902
tot_msg_sent: 7965
tot_reconf_duration: 18.21
tot_sleeping_duration: 8662099.355800029
tot_uptimes: 2253
tot_uptimes_duration: 135135.32343997003
