comms_cons: 876.1687746355866
finished_reconf: true
global_termination_time: 8799774.437
local_termination_time: 2688004.55636
node_cons: 181026.9087078131
tot_aggregated_send: 121278
tot_msg_rcv: 3950
tot_msg_sent: 7940
tot_reconf_duration: 15.34
tot_sleeping_duration: 8664594.394440016
tot_uptimes: 2254
tot_uptimes_duration: 135180.04255998484
