comms_cons: 59.54238719852096
finished_reconf: true
global_termination_time: 580334.891
local_termination_time: 231262.65136000005
node_cons: 11897.262082242887
tot_aggregated_send: 7656
tot_msg_rcv: 468
tot_msg_sent: 926
tot_reconf_duration: 5.1
tot_sleeping_duration: 571454.8788399978
tot_uptimes: 149
tot_uptimes_duration: 8880.012160002138
