comms_cons: 59.679923200640395
finished_reconf: true
global_termination_time: 583205.268
local_termination_time: 259713.92576000086
node_cons: 11981.279559999988
tot_aggregated_send: 7540
tot_msg_rcv: 549
tot_msg_sent: 982
tot_reconf_duration: 7.819999999999999
tot_sleeping_duration: 574265.268
tot_uptimes: 150
tot_uptimes_duration: 8940.0
