comms_cons: 281.32778220731626
finished_reconf: true
global_termination_time: 2193253.168
local_termination_time: 646344.0635999998
node_cons: 45101.51498223321
tot_aggregated_send: 0
tot_msg_rcv: 21766
tot_msg_sent: 20998
tot_reconf_duration: 22.65
tot_sleeping_duration: 2159593.155840005
tot_uptimes: 562
tot_uptimes_duration: 33660.01215999527
