comms_cons: 215.52143359088282
finished_reconf: true
global_termination_time: 2197572.011
local_termination_time: 832479.0774799999
node_cons: 45160.51315783611
tot_aggregated_send: 31262
tot_msg_rcv: 481
tot_msg_sent: 1015
tot_reconf_duration: 5.1
tot_sleeping_duration: 2163850.1384400027
tot_uptimes: 563
tot_uptimes_duration: 33721.872559997486
