comms_cons: 215.9826047949133
finished_reconf: true
global_termination_time: 2197053.188
local_termination_time: 964121.4201199979
node_cons: 45167.09774479358
tot_aggregated_send: 31552
tot_msg_rcv: 450
tot_msg_sent: 826
tot_reconf_duration: 9.11
tot_sleeping_duration: 2163330.464800005
tot_uptimes: 563
tot_uptimes_duration: 33722.723199995584
