comms_cons: 214.35033599789338
finished_reconf: true
global_termination_time: 2193373.873
local_termination_time: 1086404.4843600001
node_cons: 45096.134599999765
tot_aggregated_send: 32016
tot_msg_rcv: 173
tot_msg_sent: 391
tot_reconf_duration: 18.700000000000003
tot_sleeping_duration: 2159713.873
tot_uptimes: 562
tot_uptimes_duration: 33660.0
