comms_cons: 214.56147838921274
finished_reconf: true
global_termination_time: 2197142.901
local_termination_time: 667276.4195999989
node_cons: 45159.55118335013
tot_aggregated_send: 29464
tot_msg_rcv: 1111
tot_msg_sent: 2038
tot_reconf_duration: 6.22
tot_sleeping_duration: 2163422.882760007
tot_uptimes: 563
tot_uptimes_duration: 33720.0182399929
