comms_cons: 159.6950527903564
finished_reconf: true
global_termination_time: 1602984.944
local_termination_time: 701492.20136
node_cons: 32943.566323350606
tot_aggregated_send: 21982
tot_msg_rcv: 758
tot_msg_sent: 1532
tot_reconf_duration: 3.05
tot_sleeping_duration: 1578384.925760007
tot_uptimes: 411
tot_uptimes_duration: 24600.018239992904
