comms_cons: 217.9886334791206
finished_reconf: true
global_termination_time: 1604190.093
local_termination_time: 779099.7804799998
node_cons: 32950.043983350624
tot_aggregated_send: 0
tot_msg_rcv: 16833
tot_msg_sent: 16300
tot_reconf_duration: 7.819999999999999
tot_sleeping_duration: 1579590.0747600072
tot_uptimes: 411
tot_uptimes_duration: 24600.018239992904
