comms_cons: 184.2833919941691
finished_reconf: true
global_termination_time: 1865505.433
local_termination_time: 644892.88536
node_cons: 38330.70823999985
tot_aggregated_send: 26854
tot_msg_rcv: 353
tot_msg_sent: 803
tot_reconf_duration: 6.279999999999999
tot_sleeping_duration: 1836885.433
tot_uptimes: 478
tot_uptimes_duration: 28620.0
