comms_cons: 183.03334399333136
finished_reconf: true
global_termination_time: 1860837.402
local_termination_time: 1215898.6283599997
node_cons: 38248.76579999962
tot_aggregated_send: 26506
tot_msg_rcv: 446
tot_msg_sent: 868
tot_reconf_duration: 5.1
tot_sleeping_duration: 1832277.402
tot_uptimes: 477
tot_uptimes_duration: 28560.0
