comms_cons: 185.31632638664266
finished_reconf: true
global_termination_time: 1862755.515
local_termination_time: 1021601.7917599982
node_cons: 38328.72826223355
tot_aggregated_send: 25346
tot_msg_rcv: 923
tot_msg_sent: 1898
tot_reconf_duration: 4.8100000000000005
tot_sleeping_duration: 1834135.5028400046
tot_uptimes: 478
tot_uptimes_duration: 28620.01215999527
