comms_cons: 92.19495679863648
finished_reconf: true
global_termination_time: 935365.549
local_termination_time: 385635.7864000004
node_cons: 19232.018700000062
tot_aggregated_send: 12702
tot_msg_rcv: 456
tot_msg_sent: 856
tot_reconf_duration: 22.65
tot_sleeping_duration: 921025.549
tot_uptimes: 240
tot_uptimes_duration: 14340.0
