comms_cons: 92.86540799914448
finished_reconf: true
global_termination_time: 932657.304479999
local_termination_time: 349032.3284800001
node_cons: 19149.16472196152
tot_aggregated_send: 12818
tot_msg_rcv: 398
tot_msg_sent: 899
tot_reconf_duration: 4.8100000000000005
tot_sleeping_duration: 918361.0888399979
tot_uptimes: 239
tot_uptimes_duration: 14296.215640001115
