comms_cons: 94.92469759521263
finished_reconf: true
global_termination_time: 933613.941
local_termination_time: 270916.47836
node_cons: 19209.731183358545
tot_aggregated_send: 12818
tot_msg_rcv: 566
tot_msg_sent: 1044
tot_reconf_duration: 6.22
tot_sleeping_duration: 919273.9227600012
tot_uptimes: 240
tot_uptimes_duration: 14340.01823999892
