comms_cons: 93.10883839897487
finished_reconf: true
global_termination_time: 935965.761
local_termination_time: 285757.39136000007
node_cons: 19216.618980000025
tot_aggregated_send: 13398
tot_msg_rcv: 300
tot_msg_sent: 454
tot_reconf_duration: 11.31
tot_sleeping_duration: 921625.761
tot_uptimes: 240
tot_uptimes_duration: 14340.0
