comms_cons: 625.4757825108696
finished_reconf: true
global_termination_time: 6280261.751
local_termination_time: 1812495.38736
node_cons: 129202.14410893216
tot_aggregated_send: 86594
tot_msg_rcv: 2885
tot_msg_sent: 5588
tot_reconf_duration: 11.31
tot_sleeping_duration: 6183781.702360017
tot_uptimes: 1609
tot_uptimes_duration: 96480.04863998224
