comms_cons: 3.559974399989637
finished_reconf: true
global_termination_time: 17010.959
local_termination_time: 5433.96936
node_cons: 339.2530011200064
tot_aggregated_send: 0
tot_msg_rcv: 373
tot_msg_sent: 168
tot_reconf_duration: 13.17
tot_sleeping_duration: 16770.952919999996
tot_uptimes: 5
tot_uptimes_duration: 240.00608000000466
