comms_cons: 2.5527295999936754
finished_reconf: true
global_termination_time: 18235.341
local_termination_time: 6366.33336
node_cons: 333.73137999999955
tot_aggregated_send: 0
tot_msg_rcv: 220
tot_msg_sent: 168
tot_reconf_duration: 9.11
tot_sleeping_duration: 17995.341
tot_uptimes: 5
tot_uptimes_duration: 240.0
