comms_cons: 483.12978522908355
finished_reconf: true
global_termination_time: 1791769.508
local_termination_time: 854864.1017999995
node_cons: 72987.6164479983
tot_aggregated_send: 0
tot_msg_rcv: 24656
tot_msg_sent: 48777
tot_reconf_duration: 13.17
tot_sleeping_duration: 1737273.8159999999
tot_uptimes: 899
tot_uptimes_duration: 54495.69199999991
