comms_cons: 263.0799935770527
finished_reconf: true
global_termination_time: 2685440.112
local_termination_time: 1051481.046
node_cons: 55209.51581845706
tot_aggregated_send: 35666
tot_msg_rcv: 1464
tot_msg_sent: 2858
tot_reconf_duration: 7.819999999999999
tot_sleeping_duration: 2644216.1416800166
tot_uptimes: 688
tot_uptimes_duration: 41223.97031998349
