comms_cons: 526.46248975805
finished_reconf: true
global_termination_time: 2684137.8165999977
local_termination_time: 1970.9656000000004
node_cons: 55229.52455174631
tot_aggregated_send: 0
tot_msg_rcv: 40166
tot_msg_sent: 39853
tot_reconf_duration: 11.31
tot_sleeping_duration: 2642902.442760007
tot_uptimes: 688
tot_uptimes_duration: 41235.37383999047
