comms_cons: 45.20568320053757
finished_reconf: true
global_termination_time: 455149.983
local_termination_time: 340598.72800000047
node_cons: 9330.059560000022
tot_aggregated_send: 6496
tot_msg_rcv: 150
tot_msg_sent: 225
tot_reconf_duration: 7.819999999999999
tot_sleeping_duration: 448189.983
tot_uptimes: 117
tot_uptimes_duration: 6960.0
