comms_cons: 45.17278720033996
finished_reconf: true
global_termination_time: 456486.753
local_termination_time: 35326.54248000002
node_cons: 9327.886760000012
tot_aggregated_send: 6438
tot_msg_rcv: 143
tot_msg_sent: 285
tot_reconf_duration: 6.22
tot_sleeping_duration: 449526.753
tot_uptimes: 117
tot_uptimes_duration: 6960.0
