comms_cons: 46.88344960236764
finished_reconf: true
global_termination_time: 221151.908
local_termination_time: 992.5290399999996
node_cons: 4523.801744482308
tot_aggregated_send: 0
tot_msg_rcv: 3855
tot_msg_sent: 3263
tot_reconf_duration: 18.21
tot_sleeping_duration: 217791.88367999828
tot_uptimes: 57
tot_uptimes_duration: 3360.024320001721
