comms_cons: 22.066636800435447
finished_reconf: true
global_termination_time: 218378.24436000016
local_termination_time: 150605.27536000006
node_cons: 4459.982749040221
tot_aggregated_send: 2900
tot_msg_rcv: 175
tot_msg_sent: 279
tot_reconf_duration: 15.34
tot_sleeping_duration: 215062.971
tot_uptimes: 56
tot_uptimes_duration: 3315.2733600001666
