comms_cons: 22.994304000551427
finished_reconf: true
global_termination_time: 221427.139
local_termination_time: 52374.457720000115
node_cons: 4506.612201121434
tot_aggregated_send: 2900
tot_msg_rcv: 251
tot_msg_sent: 344
tot_reconf_duration: 5.57
tot_sleeping_duration: 218067.13291999893
tot_uptimes: 57
tot_uptimes_duration: 3360.0060800010688
