comms_cons: 21.902156800031914
finished_reconf: true
global_termination_time: 220332.442
local_termination_time: 94990.82211999972
node_cons: 4507.494901119157
tot_aggregated_send: 3016
tot_msg_rcv: 85
tot_msg_sent: 228
tot_reconf_duration: 6.22
tot_sleeping_duration: 216972.43592000063
tot_uptimes: 57
tot_uptimes_duration: 3360.006079999366
