comms_cons: 77.0820736098354
finished_reconf: true
global_termination_time: 392977.479
local_termination_time: 63731.41036000001
node_cons: 8064.766841121433
tot_aggregated_send: 0
tot_msg_rcv: 5935
tot_msg_sent: 5782
tot_reconf_duration: 22.65
tot_sleeping_duration: 386977.4729199989
tot_uptimes: 101
tot_uptimes_duration: 6000.006080001069
