comms_cons: 9.198348800057664
finished_reconf: true
global_termination_time: 95614.987
local_termination_time: 77124.74435999997
node_cons: 1935.0858000000073
tot_aggregated_send: 986
tot_msg_rcv: 120
tot_msg_sent: 292
tot_reconf_duration: 5.1
tot_sleeping_duration: 94174.987
tot_uptimes: 25
tot_uptimes_duration: 1440.0
