comms_cons: 12.400742400096364
finished_reconf: true
global_termination_time: 96709.331
local_termination_time: 13219.701400000004
node_cons: 1934.7245444797436
tot_aggregated_send: 522
tot_msg_rcv: 541
tot_msg_sent: 823
tot_reconf_duration: 4.8100000000000005
tot_sleeping_duration: 95269.3066800002
tot_uptimes: 25
tot_uptimes_duration: 1440.0243199998076
