comms_cons: 147.3017088001522
finished_reconf: true
global_termination_time: 1518340.406
local_termination_time: 1089052.9783599996
node_cons: 31176.061899999793
tot_aggregated_send: 22040
tot_msg_rcv: 110
tot_msg_sent: 239
tot_reconf_duration: 3.05
tot_sleeping_duration: 1495060.406
tot_uptimes: 389
tot_uptimes_duration: 23280.0
