comms_cons: 149.7548095953134
finished_reconf: true
global_termination_time: 1517288.063
local_termination_time: 949583.2319199983
node_cons: 31187.278979999966
tot_aggregated_send: 21924
tot_msg_rcv: 267
tot_msg_sent: 570
tot_reconf_duration: 11.31
tot_sleeping_duration: 1494008.063
tot_uptimes: 389
tot_uptimes_duration: 23280.0
