comms_cons: 263.0048767925559
finished_reconf: true
global_termination_time: 2642066.8564799996
local_termination_time: 2642066.8153599994
node_cons: 54361.61608319399
tot_aggregated_send: 37686
tot_msg_rcv: 770
tot_msg_sent: 1518
tot_reconf_duration: 24.59
tot_sleeping_duration: 2601493.127680003
tot_uptimes: 677
tot_uptimes_duration: 40573.728799996396
