comms_cons: 263.1028351800835
finished_reconf: true
global_termination_time: 2646422.924
local_termination_time: 685861.42236
node_cons: 54396.74454446652
tot_aggregated_send: 36366
tot_msg_rcv: 1152
tot_msg_sent: 2473
tot_reconf_duration: 4.8100000000000005
tot_sleeping_duration: 2605802.8996800096
tot_uptimes: 678
tot_uptimes_duration: 40620.02431999054
