comms_cons: 519.8567424309155
finished_reconf: true
global_termination_time: 5270269.35848
local_termination_time: 5270269.31736
node_cons: 108430.41980094992
tot_aggregated_send: 76488
tot_msg_rcv: 776
tot_msg_sent: 1752
tot_reconf_duration: 24.59
tot_sleeping_duration: 5189315.641840004
tot_uptimes: 1350
tot_uptimes_duration: 80953.71663999511
