comms_cons: 516.603558467664
finished_reconf: true
global_termination_time: 5274574.515
local_termination_time: 3279261.4183599995
node_cons: 108493.36554111334
tot_aggregated_send: 73196
tot_msg_rcv: 1789
tot_msg_sent: 3535
tot_reconf_duration: 25.299999999999997
tot_sleeping_duration: 5193574.508920002
tot_uptimes: 1351
tot_uptimes_duration: 81000.00607999763
