comms_cons: 521.4722880886641
finished_reconf: true
global_termination_time: 5272992.717
local_termination_time: 1438336.030239998
node_cons: 108474.4078266994
tot_aggregated_send: 73312
tot_msg_rcv: 1885
tot_msg_sent: 4062
tot_reconf_duration: 11.31
tot_sleeping_duration: 5191992.680520013
tot_uptimes: 1351
tot_uptimes_duration: 81000.03647998697
