comms_cons: 14.015577599804729
finished_reconf: true
global_termination_time: 111708.57147999996
local_termination_time: 111708.53035999996
node_cons: 2301.2798009590942
tot_aggregated_send: 1044
tot_msg_rcv: 490
tot_msg_sent: 598
tot_reconf_duration: 24.59
tot_sleeping_duration: 110014.85484000063
tot_uptimes: 29
tot_uptimes_duration: 1693.7166399993293
