comms_cons: 13.525862399910679
finished_reconf: true
global_termination_time: 116648.003
local_termination_time: 16872.251360000002
node_cons: 2336.802082239445
tot_aggregated_send: 1044
tot_msg_rcv: 444
tot_msg_sent: 568
tot_reconf_duration: 5.1
tot_sleeping_duration: 114907.9908400004
tot_uptimes: 30
tot_uptimes_duration: 1740.0121599995837
