comms_cons: 13.68714880000357
finished_reconf: true
global_termination_time: 114609.302
local_termination_time: 40804.46348000001
node_cons: 2364.225541119155
tot_aggregated_send: 1218
tot_msg_rcv: 430
tot_msg_sent: 432
tot_reconf_duration: 25.299999999999997
tot_sleeping_duration: 112869.29592000063
tot_uptimes: 30
tot_uptimes_duration: 1740.0060799993662
