comms_cons: 12.730751999816492
finished_reconf: true
global_termination_time: 113595.039
local_termination_time: 25730.6794
node_cons: 2345.251544478882
tot_aggregated_send: 986
tot_msg_rcv: 325
tot_msg_sent: 624
tot_reconf_duration: 11.31
tot_sleeping_duration: 111855.01468000084
tot_uptimes: 30
tot_uptimes_duration: 1740.0243199991673
