comms_cons: 2.5790463999957915
finished_reconf: true
global_termination_time: 18641.63
local_termination_time: 4665.50336
node_cons: 333.73137999999955
tot_aggregated_send: 0
tot_msg_rcv: 279
tot_msg_sent: 113
tot_reconf_duration: 9.11
tot_sleeping_duration: 18401.63
tot_uptimes: 5
tot_uptimes_duration: 240.0
