comms_cons: 3.447500799993448
finished_reconf: true
global_termination_time: 14599.897
local_termination_time: 4669.16672
node_cons: 271.77870000000075
tot_aggregated_send: 0
tot_msg_rcv: 370
tot_msg_sent: 153
tot_reconf_duration: 22.65
tot_sleeping_duration: 14419.897
tot_uptimes: 4
tot_uptimes_duration: 180.0
