comms_cons: 2.5593087999959114
finished_reconf: true
global_termination_time: 16339.661
local_termination_time: 4995.73036
node_cons: 327.32161999999926
tot_aggregated_send: 0
tot_msg_rcv: 270
tot_msg_sent: 119
tot_reconf_duration: 4.390000000000001
tot_sleeping_duration: 16099.661
tot_uptimes: 5
tot_uptimes_duration: 240.0
