comms_cons: 113.85368319131989
finished_reconf: true
global_termination_time: 1117899.373
local_termination_time: 152490.4664800001
node_cons: 22983.22604335515
tot_aggregated_send: 15196
tot_msg_rcv: 715
tot_msg_sent: 1395
tot_reconf_duration: 4.390000000000001
tot_sleeping_duration: 1100739.3547600035
tot_uptimes: 287
tot_uptimes_duration: 17160.018239996338
