comms_cons: 270.2024191686774
finished_reconf: true
global_termination_time: 2679916.807
local_termination_time: 1541642.423359999
node_cons: 55123.90840670018
tot_aggregated_send: 35612
tot_msg_rcv: 1863
tot_msg_sent: 3594
tot_reconf_duration: 7.819999999999999
tot_sleeping_duration: 2638756.770520014
tot_uptimes: 687
tot_uptimes_duration: 41160.03647998581
