comms_cons: 2.217190399994785
finished_reconf: true
global_termination_time: 14964.144
local_termination_time: 5704.043360000001
node_cons: 261.8517200000002
tot_aggregated_send: 0
tot_msg_rcv: 176
tot_msg_sent: 160
tot_reconf_duration: 15.34
tot_sleeping_duration: 14784.144
tot_uptimes: 4
tot_uptimes_duration: 180.0
