comms_cons: 162.45710719441
finished_reconf: true
global_termination_time: 1631300.673
local_termination_time: 1197430.7984399993
node_cons: 33508.70579999983
tot_aggregated_send: 23084
tot_msg_rcv: 510
tot_msg_sent: 1098
tot_reconf_duration: 5.1
tot_sleeping_duration: 1606280.673
tot_uptimes: 418
tot_uptimes_duration: 25020.0
