comms_cons: 160.9426687960574
finished_reconf: true
global_termination_time: 1627641.424
local_termination_time: 1151351.0635599995
node_cons: 33536.13740000008
tot_aggregated_send: 23490
tot_msg_rcv: 300
tot_msg_sent: 672
tot_reconf_duration: 25.299999999999997
tot_sleeping_duration: 1602621.424
tot_uptimes: 417
tot_uptimes_duration: 25020.0
