comms_cons: 160.32257279590152
finished_reconf: true
global_termination_time: 1631623.412
local_termination_time: 1244738.6724799997
node_cons: 33519.67300111675
tot_aggregated_send: 23490
tot_msg_rcv: 279
tot_msg_sent: 599
tot_reconf_duration: 13.17
tot_sleeping_duration: 1606603.4059200024
tot_uptimes: 418
tot_uptimes_duration: 25020.006079997635
