comms_cons: 166.75640318397498
finished_reconf: true
global_termination_time: 1630503.805
local_termination_time: 1066769.75236
node_cons: 33512.432124467436
tot_aggregated_send: 21982
tot_msg_rcv: 1159
tot_msg_sent: 2205
tot_reconf_duration: 7.819999999999999
tot_sleeping_duration: 1605483.7806800094
tot_uptimes: 418
tot_uptimes_duration: 25020.024319990538
