comms_cons: 162.6121343874583
finished_reconf: true
global_termination_time: 1628758.938
local_termination_time: 1089804.9053599997
node_cons: 33510.26746558414
tot_aggregated_send: 21866
tot_msg_rcv: 860
tot_msg_sent: 1991
tot_reconf_duration: 6.22
tot_sleeping_duration: 1603738.907600012
tot_uptimes: 418
tot_uptimes_duration: 25020.030399988173
