comms_cons: 26.23189760046875
finished_reconf: true
global_termination_time: 257185.892
local_termination_time: 100597.368
node_cons: 5257.376445443485
tot_aggregated_send: 3303
tot_msg_rcv: 213
tot_msg_sent: 472
tot_reconf_duration: 15.110000000000001
tot_sleeping_duration: 253274.87103999738
tot_uptimes: 66
tot_uptimes_duration: 3911.020960002599
