comms_cons: 25.976473600000432
finished_reconf: true
global_termination_time: 256428.12
local_termination_time: 1125.8793600000024
node_cons: 5229.473940000004
tot_aggregated_send: 3364
tot_msg_rcv: 182
tot_msg_sent: 402
tot_reconf_duration: 5.43
tot_sleeping_duration: 252528.12
tot_uptimes: 66
tot_uptimes_duration: 3900.0
