comms_cons: 210.76811517257752
finished_reconf: true
global_termination_time: 2052684.365
local_termination_time: 246698.52136000004
node_cons: 42209.40202651432
tot_aggregated_send: 27086
tot_msg_rcv: 1698
tot_msg_sent: 3251
tot_reconf_duration: 22.65
tot_sleeping_duration: 2021184.2579600338
tot_uptimes: 526
tot_uptimes_duration: 31500.107039966155
