comms_cons: 204.61767679258168
finished_reconf: true
global_termination_time: 2056290.477
local_termination_time: 685960.7793599999
node_cons: 42275.991539999646
tot_aggregated_send: 29348
tot_msg_rcv: 604
tot_msg_sent: 1149
tot_reconf_duration: 12.629999999999999
tot_sleeping_duration: 2024730.477
tot_uptimes: 527
tot_uptimes_duration: 31560.0
