comms_cons: 202.85952639311785
finished_reconf: true
global_termination_time: 2055997.928
local_termination_time: 571991.2509599986
node_cons: 42284.234599999574
tot_aggregated_send: 29754
tot_msg_rcv: 342
tot_msg_sent: 737
tot_reconf_duration: 18.700000000000003
tot_sleeping_duration: 2024437.928
tot_uptimes: 527
tot_uptimes_duration: 31560.0
