comms_cons: 203.239321593915
finished_reconf: true
global_termination_time: 2056966.198
local_termination_time: 1550362.33336
node_cons: 42273.71824111672
tot_aggregated_send: 29580
tot_msg_rcv: 448
tot_msg_sent: 863
tot_reconf_duration: 10.95
tot_sleeping_duration: 2025406.1919200025
tot_uptimes: 527
tot_uptimes_duration: 31560.006079997635
