comms_cons: 212.35746556891772
finished_reconf: true
global_termination_time: 2052579.540999999
local_termination_time: 234608.85088000045
node_cons: 42206.29305088605
tot_aggregated_send: 26796
tot_msg_rcv: 1846
tot_msg_sent: 3636
tot_reconf_duration: 4.390000000000001
tot_sleeping_duration: 2021063.2367200241
tot_uptimes: 526
tot_uptimes_duration: 31516.304279974895
