comms_cons: 1.861913599993848
finished_reconf: true
global_termination_time: 9467.48
local_termination_time: 6369.987360000001
node_cons: 167.6058000000005
tot_aggregated_send: 0
tot_msg_rcv: 171
tot_msg_sent: 112
tot_reconf_duration: 5.1
tot_sleeping_duration: 9347.48
tot_uptimes: 3
tot_uptimes_duration: 120.0
