comms_cons: 2.085606399998786
finished_reconf: true
global_termination_time: 8872.404
local_termination_time: 4550.476360000001
node_cons: 171.6662200000002
tot_aggregated_send: 0
tot_msg_rcv: 207
tot_msg_sent: 109
tot_reconf_duration: 8.09
tot_sleeping_duration: 8752.404
tot_uptimes: 3
tot_uptimes_duration: 120.0
