comms_cons: 1.032934399996589
finished_reconf: true
global_termination_time: 12727.792
local_termination_time: 7167.9554800000005
node_cons: 253.81236000000013
tot_aggregated_send: 0
tot_msg_rcv: 85
tot_msg_sent: 72
tot_reconf_duration: 9.42
tot_sleeping_duration: 12547.792
tot_uptimes: 4
tot_uptimes_duration: 180.0
