comms_cons: 155.7908223830723
finished_reconf: true
global_termination_time: 1633087.539
local_termination_time: 2836.2061200000003
node_cons: 33616.642993402005
tot_aggregated_send: 21228
tot_msg_rcv: 848
tot_msg_sent: 1603
tot_reconf_duration: 25.35
tot_sleeping_duration: 1608007.4660400285
tot_uptimes: 419
tot_uptimes_duration: 25080.072959971614
