comms_cons: 161.17066238542668
finished_reconf: true
global_termination_time: 1633330.406
local_termination_time: 6147.28
node_cons: 33598.78532782244
tot_aggregated_send: 21969
tot_msg_rcv: 831
tot_msg_sent: 1697
tot_reconf_duration: 12.23
tot_sleeping_duration: 1608250.363440013
tot_uptimes: 419
tot_uptimes_duration: 25080.042559986876
