comms_cons: 156.62506238452656
finished_reconf: true
global_termination_time: 1631574.503
local_termination_time: 5631.738
node_cons: 33506.97293005151
tot_aggregated_send: 21513
tot_msg_rcv: 773
tot_msg_sent: 1521
tot_reconf_duration: 3.77
tot_sleeping_duration: 1606554.4482800213
tot_uptimes: 418
tot_uptimes_duration: 25020.05471997871
