comms_cons: 220.4271294770559
finished_reconf: true
global_termination_time: 1102111.925
local_termination_time: 2058.6983600000003
node_cons: 22680.658026719422
tot_aggregated_send: 0
tot_msg_rcv: 17145
tot_msg_sent: 16357
tot_reconf_duration: 18.21
tot_sleeping_duration: 1085191.8885200005
tot_uptimes: 283
tot_uptimes_duration: 16920.036479999544
