comms_cons: 109.3857791962232
finished_reconf: true
global_termination_time: 1102051.646
local_termination_time: 135667.97884000058
node_cons: 22663.444060000045
tot_aggregated_send: 15892
tot_msg_rcv: 275
tot_msg_sent: 459
tot_reconf_duration: 5.57
tot_sleeping_duration: 1085131.646
tot_uptimes: 283
tot_uptimes_duration: 16920.0
