comms_cons: 112.96543359260912
finished_reconf: true
global_termination_time: 1103584.47
local_termination_time: 30131.35584
node_cons: 22666.55654783625
tot_aggregated_send: 14732
tot_msg_rcv: 810
tot_msg_sent: 1628
tot_reconf_duration: 7.819999999999999
tot_sleeping_duration: 1086664.4274400028
tot_uptimes: 283
tot_uptimes_duration: 16920.04255999718
