comms_cons: 1064.6287769515259
finished_reconf: true
global_termination_time: 6145719.954999997
local_termination_time: 2676866.96236
node_cons: 126398.02332669507
tot_aggregated_send: 0
tot_msg_rcv: 81582
tot_msg_sent: 80232
tot_reconf_duration: 5.1
tot_sleeping_duration: 6051327.798520013
tot_uptimes: 1574
tot_uptimes_duration: 94392.15647998429
