comms_cons: 611.652044923185
finished_reconf: true
global_termination_time: 6148388.368
local_termination_time: 2308387.6433999995
node_cons: 126462.59906893305
tot_aggregated_send: 85550
tot_msg_rcv: 2511
tot_msg_sent: 4906
tot_reconf_duration: 5.43
tot_sleeping_duration: 6053948.319360017
tot_uptimes: 1575
tot_uptimes_duration: 94440.0486399827
