comms_cons: 37.31127040025863
finished_reconf: true
global_termination_time: 373710.31
local_termination_time: 198378.20764000085
node_cons: 7657.045462242859
tot_aggregated_send: 5162
tot_msg_rcv: 176
tot_msg_sent: 333
tot_reconf_duration: 18.21
tot_sleeping_duration: 368010.29783999786
tot_uptimes: 96
tot_uptimes_duration: 5700.0121600021375
