comms_cons: 74.00019840852372
finished_reconf: true
global_termination_time: 373949.592
local_termination_time: 2761.6363600000004
node_cons: 7640.771183364302
tot_aggregated_send: 0
tot_msg_rcv: 5732
tot_msg_sent: 5514
tot_reconf_duration: 6.22
tot_sleeping_duration: 368249.5737599968
tot_uptimes: 96
tot_uptimes_duration: 5700.018240003206
