comms_cons: 37.01360640049697
finished_reconf: true
global_termination_time: 370137.104
local_termination_time: 45997.708480000016
node_cons: 7567.327121121436
tot_aggregated_send: 5104
tot_msg_rcv: 179
tot_msg_sent: 342
tot_reconf_duration: 11.31
tot_sleeping_duration: 364497.0979199989
tot_uptimes: 95
tot_uptimes_duration: 5640.006080001069
