comms_cons: 194.41196799122582
finished_reconf: true
global_termination_time: 1959773.931
local_termination_time: 726940.8623599998
node_cons: 40275.73459999966
tot_aggregated_send: 28014
tot_msg_rcv: 507
tot_msg_sent: 1027
tot_reconf_duration: 18.700000000000003
tot_sleeping_duration: 1929713.931
tot_uptimes: 502
tot_uptimes_duration: 30060.0
