comms_cons: 374.1347580936881
finished_reconf: true
global_termination_time: 1959193.944
local_termination_time: 414095.38348
node_cons: 40258.83560670068
tot_aggregated_send: 0
tot_msg_rcv: 28783
tot_msg_sent: 28085
tot_reconf_duration: 6.22
tot_sleeping_duration: 1929133.907520014
tot_uptimes: 502
tot_uptimes_duration: 30060.036479985807
