comms_cons: 243.90472959471788
finished_reconf: true
global_termination_time: 2419563.526
local_termination_time: 1687958.8337199998
node_cons: 49761.251264466526
tot_aggregated_send: 33176
tot_msg_rcv: 1242
tot_msg_sent: 2655
tot_reconf_duration: 22.65
tot_sleeping_duration: 2382423.5016800095
tot_uptimes: 620
tot_uptimes_duration: 37140.02431999054
