comms_cons: 240.83819518668878
finished_reconf: true
global_termination_time: 2417343.756
local_termination_time: 1683669.5227999985
node_cons: 49737.02454446674
tot_aggregated_send: 33582
tot_msg_rcv: 873
tot_msg_sent: 2151
tot_reconf_duration: 4.8100000000000005
tot_sleeping_duration: 2380203.7316800095
tot_uptimes: 620
tot_uptimes_duration: 37140.02431999054
