comms_cons: 90.35215359844914
finished_reconf: true
global_termination_time: 922967.471
local_termination_time: 5938.526
node_cons: 18992.73150111686
tot_aggregated_send: 13375
tot_msg_rcv: 132
tot_msg_sent: 226
tot_reconf_duration: 23.919999999999998
tot_sleeping_duration: 908807.4649200024
tot_uptimes: 237
tot_uptimes_duration: 14160.006079997635
