comms_cons: 58.82462720013991
finished_reconf: true
global_termination_time: 601040.387
local_termination_time: 233626.33088000046
node_cons: 12317.414600000033
tot_aggregated_send: 8642
tot_msg_rcv: 140
tot_msg_sent: 159
tot_reconf_duration: 18.700000000000003
tot_sleeping_duration: 591860.387
tot_uptimes: 154
tot_uptimes_duration: 9180.0
