comms_cons: 58.83120640042037
finished_reconf: true
global_termination_time: 595735.22
local_termination_time: 206013.25636000003
node_cons: 12226.550099999993
tot_aggregated_send: 8410
tot_msg_rcv: 176
tot_msg_sent: 356
tot_reconf_duration: 10.95
tot_sleeping_duration: 586615.22
tot_uptimes: 153
tot_uptimes_duration: 9120.0
