comms_cons: 57.34430720116026
finished_reconf: true
global_termination_time: 562346.191
local_termination_time: 272269.47484000056
node_cons: 11575.902082242885
tot_aggregated_send: 7308
tot_msg_rcv: 465
tot_msg_sent: 943
tot_reconf_duration: 5.1
tot_sleeping_duration: 553706.1788399979
tot_uptimes: 145
tot_uptimes_duration: 8640.012160002167
