comms_cons: 58.54955520045969
finished_reconf: true
global_termination_time: 562664.985
local_termination_time: 314995.52499999997
node_cons: 11582.072778008549
tot_aggregated_send: 7130
tot_msg_rcv: 562
tot_msg_sent: 1209
tot_reconf_duration: 7.819999999999999
tot_sleeping_duration: 554023.1229999936
tot_uptimes: 145
tot_uptimes_duration: 8641.862000006367
