comms_cons: 57.69300480170402
finished_reconf: true
global_termination_time: 563680.005
local_termination_time: 364217.06948000006
node_cons: 11577.441466886972
tot_aggregated_send: 7482
tot_msg_rcv: 414
tot_msg_sent: 873
tot_reconf_duration: 6.22
tot_sleeping_duration: 555039.9790799948
tot_uptimes: 145
tot_uptimes_duration: 8640.025920005224
