comms_cons: 71.2658943987179
finished_reconf: true
global_termination_time: 720632.087
local_termination_time: 517811.7843600001
node_cons: 14813.318700000054
tot_aggregated_send: 10440
tot_msg_rcv: 181
tot_msg_sent: 211
tot_reconf_duration: 22.65
tot_sleeping_duration: 709592.087
tot_uptimes: 185
tot_uptimes_duration: 11040.0
