comms_cons: 793.7909945940613
finished_reconf: true
global_termination_time: 2348078.325
local_termination_time: 369340.44760000013
node_cons: 141971.49076049938
tot_aggregated_send: 0
tot_msg_rcv: 48726
tot_msg_sent: 71925
tot_reconf_duration: 18.21
tot_sleeping_duration: 2242068.7943200124
tot_uptimes: 1737
tot_uptimes_duration: 106009.53067998789
