comms_cons: 77.4371839986464
finished_reconf: true
global_termination_time: 760233.92
local_termination_time: 322529.6142000002
node_cons: 15593.548483359727
tot_aggregated_send: 10440
tot_msg_rcv: 538
tot_msg_sent: 792
tot_reconf_duration: 5.57
tot_sleeping_duration: 748593.9017600003
tot_uptimes: 195
tot_uptimes_duration: 11640.018239999772
