comms_cons: 77.4427903971727
finished_reconf: true
global_termination_time: 756911.85
local_termination_time: 212236.70748000007
node_cons: 15509.794464476532
tot_aggregated_send: 9860
tot_msg_rcv: 713
tot_msg_sent: 1198
tot_reconf_duration: 3.05
tot_sleeping_duration: 745331.8256800026
tot_uptimes: 194
tot_uptimes_duration: 11580.024319997407
