comms_cons: 85.20629760790332
finished_reconf: true
global_termination_time: 368619.9077200001
local_termination_time: 368619.86660000007
node_cons: 7621.345314889923
tot_aggregated_send: 0
tot_msg_rcv: 7445
tot_msg_sent: 5514
tot_reconf_duration: 37.410000000000004
tot_sleeping_duration: 362966.0297999927
tot_uptimes: 95
tot_uptimes_duration: 5653.877920007397
