comms_cons: 37.948825600649286
finished_reconf: true
global_termination_time: 369799.487
local_termination_time: 21331.25236
node_cons: 7586.33368224173
tot_aggregated_send: 4814
tot_msg_rcv: 338
tot_msg_sent: 616
tot_reconf_duration: 25.299999999999997
tot_sleeping_duration: 364159.4748399987
tot_uptimes: 95
tot_uptimes_duration: 5640.012160001286
