comms_cons: 10.680550400178786
finished_reconf: true
global_termination_time: 93148.454
local_termination_time: 30694.93548
node_cons: 1872.5817444805982
tot_aggregated_send: 754
tot_msg_rcv: 356
tot_msg_sent: 514
tot_reconf_duration: 18.21
tot_sleeping_duration: 91768.42967999955
tot_uptimes: 24
tot_uptimes_duration: 1380.024320000448
