comms_cons: 11.001049599926958
finished_reconf: true
global_termination_time: 96281.596
local_termination_time: 10731.50636
node_cons: 1958.9512644803162
tot_aggregated_send: 928
tot_msg_rcv: 334
tot_msg_sent: 410
tot_reconf_duration: 22.65
tot_sleeping_duration: 94841.57167999976
tot_uptimes: 25
tot_uptimes_duration: 1440.024320000237
