comms_cons: 10.678041599969788
finished_reconf: true
global_termination_time: 95570.964
local_termination_time: 10665.329320000003
node_cons: 1943.5352622394414
tot_aggregated_send: 928
tot_msg_rcv: 293
tot_msg_sent: 402
tot_reconf_duration: 11.31
tot_sleeping_duration: 94130.95184000042
tot_uptimes: 25
tot_uptimes_duration: 1440.0121599995837
