comms_cons: 78.04372479953123
finished_reconf: true
global_termination_time: 755607.7202400004
local_termination_time: 28697.212
node_cons: 15587.732969766237
tot_aggregated_send: 9567
tot_msg_rcv: 881
tot_msg_sent: 1415
tot_reconf_duration: 6.22
tot_sleeping_duration: 743972.7043999957
tot_uptimes: 194
tot_uptimes_duration: 11635.015840004646
