comms_cons: 78.8517119955523
finished_reconf: true
global_termination_time: 760919.142
local_termination_time: 165116.619
node_cons: 15608.70831104822
tot_aggregated_send: 9338
tot_msg_rcv: 964
tot_msg_sent: 1683
tot_reconf_duration: 15.34
tot_sleeping_duration: 749277.7106399939
tot_uptimes: 195
tot_uptimes_duration: 11641.431360006129
