comms_cons: 50.506380802002376
finished_reconf: true
global_termination_time: 449912.528
local_termination_time: 162361.87012000047
node_cons: 9263.902450092875
tot_aggregated_send: 4002
tot_msg_rcv: 1390
tot_msg_sent: 2287
tot_reconf_duration: 18.21
tot_sleeping_duration: 443012.4732799904
tot_uptimes: 116
tot_uptimes_duration: 6900.054720009619
