comms_cons: 46.07476480066228
finished_reconf: true
global_termination_time: 451931.265
local_termination_time: 177257.2358400006
node_cons: 9259.948002242869
tot_aggregated_send: 6032
tot_msg_rcv: 345
tot_msg_sent: 626
tot_reconf_duration: 15.34
tot_sleeping_duration: 445031.2528399979
tot_uptimes: 116
tot_uptimes_duration: 6900.0121600021375
