comms_cons: 45.31121280032115
finished_reconf: true
global_termination_time: 450006.76
local_termination_time: 344751.98236
node_cons: 9247.554901121406
tot_aggregated_send: 6206
tot_msg_rcv: 221
tot_msg_sent: 460
tot_reconf_duration: 6.22
tot_sleeping_duration: 443106.75391999894
tot_uptimes: 116
tot_uptimes_duration: 6900.00608000107
