comms_cons: 80.26202239827386
finished_reconf: true
global_termination_time: 94285.76291999983
local_termination_time: 94285.72179999984
node_cons: 9240.435846080672
tot_aggregated_send: 0
tot_msg_rcv: 5561
tot_msg_sent: 6640
tot_reconf_duration: 24.59
tot_sleeping_duration: 87409.70419999934
tot_uptimes: 111
tot_uptimes_duration: 6876.058720000501
