comms_cons: 9.276672000020469
finished_reconf: true
global_termination_time: 94705.027
local_termination_time: 23011.31056
node_cons: 1943.5189799999962
tot_aggregated_send: 1334
tot_msg_rcv: 28
tot_msg_sent: 48
tot_reconf_duration: 11.31
tot_sleeping_duration: 93265.027
tot_uptimes: 25
tot_uptimes_duration: 1440.0
