comms_cons: 80.22739199966333
finished_reconf: true
global_termination_time: 778739.712
local_termination_time: 173179.83736000003
node_cons: 16012.454308966859
tot_aggregated_send: 10498
tot_msg_rcv: 652
tot_msg_sent: 1044
tot_reconf_duration: 18.21
tot_sleeping_duration: 766799.663359995
tot_uptimes: 200
tot_uptimes_duration: 11940.048640005116
