comms_cons: 76.19371520041071
finished_reconf: true
global_termination_time: 777263.862
local_termination_time: 424171.3303600001
node_cons: 15998.287701121462
tot_aggregated_send: 11020
tot_msg_rcv: 217
tot_msg_sent: 344
tot_reconf_duration: 7.819999999999999
tot_sleeping_duration: 765323.8559199988
tot_uptimes: 200
tot_uptimes_duration: 11940.006080001069
