comms_cons: 2.9474815999944797
finished_reconf: true
global_termination_time: 13930.562
local_termination_time: 7477.523360000001
node_cons: 256.3789800000005
tot_aggregated_send: 0
tot_msg_rcv: 278
tot_msg_sent: 168
tot_reconf_duration: 11.31
tot_sleeping_duration: 13750.562
tot_uptimes: 4
tot_uptimes_duration: 180.0
