comms_cons: 255.83219199871488
finished_reconf: true
global_termination_time: 2592410.301
local_termination_time: 1311772.5339599987
node_cons: 53290.14917999911
tot_aggregated_send: 37410
tot_msg_rcv: 448
tot_msg_sent: 1027
tot_reconf_duration: 18.21
tot_sleeping_duration: 2552630.301
tot_uptimes: 664
tot_uptimes_duration: 39780.0
