comms_cons: 257.5315071876511
finished_reconf: true
global_termination_time: 2592314.744
local_termination_time: 929904.3335999998
node_cons: 53272.35394111596
tot_aggregated_send: 36018
tot_msg_rcv: 1090
tot_msg_sent: 2037
tot_reconf_duration: 5.1
tot_sleeping_duration: 2552534.7379200025
tot_uptimes: 664
tot_uptimes_duration: 39780.006079997635
