comms_cons: 259.85667198228856
finished_reconf: true
global_termination_time: 2591657.692
local_termination_time: 1145261.7232399979
node_cons: 53326.51776559018
tot_aggregated_send: 36076
tot_msg_rcv: 1235
tot_msg_sent: 2186
tot_reconf_duration: 25.299999999999997
tot_sleeping_duration: 2551857.7216000063
tot_uptimes: 664
tot_uptimes_duration: 39799.97039999324
