comms_cons: 261.12056319528426
finished_reconf: true
global_termination_time: 2590998.724
local_termination_time: 1046070.4283599999
node_cons: 53271.9926855834
tot_aggregated_send: 35670
tot_msg_rcv: 1231
tot_msg_sent: 2787
tot_reconf_duration: 4.8100000000000005
tot_sleeping_duration: 2551218.6936000115
tot_uptimes: 664
tot_uptimes_duration: 39780.03039998817
