comms_cons: 259.75870079511475
finished_reconf: true
global_termination_time: 2590259.454
local_termination_time: 502820.46736000007
node_cons: 53272.86721005065
tot_aggregated_send: 35902
tot_msg_rcv: 1135
tot_msg_sent: 2444
tot_reconf_duration: 5.43
tot_sleeping_duration: 2550479.399280021
tot_uptimes: 664
tot_uptimes_duration: 39780.05471997871
