comms_cons: 112.89969919593507
finished_reconf: true
global_termination_time: 1129923.9362400004
local_termination_time: 93818.73635999998
node_cons: 23322.922873841773
tot_aggregated_send: 15950
tot_msg_rcv: 424
tot_msg_sent: 786
tot_reconf_duration: 18.21
tot_sleeping_duration: 1112524.2396799992
tot_uptimes: 290
tot_uptimes_duration: 17399.69656000129
