comms_cons: 117.79462399890504
finished_reconf: true
global_termination_time: 597074.426
local_termination_time: 419937.5037200001
node_cons: 12242.454982238312
tot_aggregated_send: 0
tot_msg_rcv: 9102
tot_msg_sent: 8803
tot_reconf_duration: 22.65
tot_sleeping_duration: 587954.4138400013
tot_uptimes: 153
tot_uptimes_duration: 9120.012159998703
