comms_cons: 60.87733760035455
finished_reconf: true
global_termination_time: 597151.515
local_termination_time: 318423.45636000007
node_cons: 12232.23194448572
tot_aggregated_send: 8062
tot_msg_rcv: 447
tot_msg_sent: 744
tot_reconf_duration: 15.110000000000001
tot_sleeping_duration: 588031.4906799957
tot_uptimes: 153
tot_uptimes_duration: 9120.024320004275
