comms_cons: 334.8693760377715
finished_reconf: true
global_termination_time: 3294999.889
local_termination_time: 474321.7633600001
node_cons: 67757.5578045796
tot_aggregated_send: 43906
tot_msg_rcv: 2458
tot_msg_sent: 4535
tot_reconf_duration: 22.65
tot_sleeping_duration: 3244419.755240044
tot_uptimes: 844
tot_uptimes_duration: 50580.133759955934
