comms_cons: 326.14970880985805
finished_reconf: true
global_termination_time: 3297910.196
local_termination_time: 668641.5841599982
node_cons: 67817.94621999848
tot_aggregated_send: 47270
tot_msg_rcv: 741
tot_msg_sent: 1561
tot_reconf_duration: 8.09
tot_sleeping_duration: 3247270.196
tot_uptimes: 845
tot_uptimes_duration: 50640.0
