comms_cons: 323.45320959700274
finished_reconf: true
global_termination_time: 3298804.827
local_termination_time: 2610345.7387999985
node_cons: 67823.12019999838
tot_aggregated_send: 47270
tot_msg_rcv: 631
tot_msg_sent: 1262
tot_reconf_duration: 11.899999999999999
tot_sleeping_duration: 3248164.827
tot_uptimes: 845
tot_uptimes_duration: 50639.99999999997
