comms_cons: 333.88746881898885
finished_reconf: true
global_termination_time: 3298922.623
local_termination_time: 650962.6793599979
node_cons: 67842.67636532664
tot_aggregated_send: 45124
tot_msg_rcv: 2070
tot_msg_sent: 3554
tot_reconf_duration: 15.34
tot_sleeping_duration: 3248271.506760024
tot_uptimes: 845
tot_uptimes_duration: 50651.116239976196
