comms_cons: 133.0846847936967
finished_reconf: true
global_termination_time: 1391456.581
local_termination_time: 4498.026
node_cons: 28633.564065593404
tot_aggregated_send: 18827
tot_msg_rcv: 443
tot_msg_sent: 959
tot_reconf_duration: 23.919999999999998
tot_sleeping_duration: 1370096.550600005
tot_uptimes: 357
tot_uptimes_duration: 21360.03039999504
