comms_cons: 136.98552318690923
finished_reconf: true
global_termination_time: 1392122.875
local_termination_time: 4001.855
node_cons: 28615.415746705636
tot_aggregated_send: 18433
tot_msg_rcv: 883
tot_msg_sent: 1505
tot_reconf_duration: 10.55
tot_sleeping_duration: 1370762.838520011
tot_uptimes: 357
tot_uptimes_duration: 21360.03647998924
