comms_cons: 492.9122177040921
finished_reconf: true
global_termination_time: 4872458.17
local_termination_time: 439856.60336000007
node_cons: 100188.24405116672
tot_aggregated_send: 67686
tot_msg_rcv: 2580
tot_msg_sent: 4650
tot_reconf_duration: 3.08
tot_sleeping_duration: 4797638.109200023
tot_uptimes: 1248
tot_uptimes_duration: 74820.06079997728
