comms_cons: 491.4803968994253
finished_reconf: true
global_termination_time: 4871593.32
local_termination_time: 859680.1975599985
node_cons: 100195.02320781584
tot_aggregated_send: 68034
tot_msg_rcv: 2371
tot_msg_sent: 4298
tot_reconf_duration: 8.09
tot_sleeping_duration: 4796773.277440016
tot_uptimes: 1248
tot_uptimes_duration: 74820.04255998414
