comms_cons: 322.5816640117744
finished_reconf: true
global_termination_time: 3228430.833
local_termination_time: 816977.6784799999
node_cons: 66366.80976111545
tot_aggregated_send: 44892
tot_msg_rcv: 1408
tot_msg_sent: 2730
tot_reconf_duration: 4.390000000000001
tot_sleeping_duration: 3178870.8269200022
tot_uptimes: 827
tot_uptimes_duration: 49560.006079997635
