comms_cons: 795.7260417852515
finished_reconf: true
global_termination_time: 8074715.026
local_termination_time: 2500244.21636
node_cons: 166083.6960769633
tot_aggregated_send: 111824
tot_msg_rcv: 3064
tot_msg_sent: 6058
tot_reconf_duration: 15.34
tot_sleeping_duration: 7950694.963000023
tot_uptimes: 2068
tot_uptimes_duration: 124020.06299997703
