comms_cons: 796.6043969507386
finished_reconf: true
global_termination_time: 8071717.277
local_termination_time: 2825952.6894399985
node_cons: 166069.77092893157
tot_aggregated_send: 113738
tot_msg_rcv: 2463
tot_msg_sent: 4878
tot_reconf_duration: 5.1
tot_sleeping_duration: 7947697.228360017
tot_uptimes: 2068
tot_uptimes_duration: 124020.04863998294
