comms_cons: 794.864704139643
finished_reconf: true
global_termination_time: 8074832.1
local_termination_time: 2854124.35736
node_cons: 166097.2025289312
tot_aggregated_send: 113216
tot_msg_rcv: 2506
tot_msg_sent: 5093
tot_reconf_duration: 25.299999999999997
tot_sleeping_duration: 7950812.051360017
tot_uptimes: 2068
tot_uptimes_duration: 124020.04863998294
