comms_cons: 788.1684225277774
finished_reconf: true
global_termination_time: 8074015.565
local_termination_time: 3070980.5555999987
node_cons: 166073.8069255798
tot_aggregated_send: 111998
tot_msg_rcv: 2609
tot_msg_sent: 5190
tot_reconf_duration: 8.09
tot_sleeping_duration: 7949995.534600011
tot_uptimes: 2068
tot_uptimes_duration: 124020.03039998934
