comms_cons: 782.1945088930204
finished_reconf: true
global_termination_time: 8073554.197
local_termination_time: 4845033.01436
node_cons: 166077.67452334595
tot_aggregated_send: 112056
tot_msg_rcv: 2373
tot_msg_sent: 4460
tot_reconf_duration: 10.95
tot_sleeping_duration: 7949534.178760006
tot_uptimes: 2068
tot_uptimes_duration: 124020.0182399936
