comms_cons: 810.6629890066919
finished_reconf: true
global_termination_time: 8072200.107
local_termination_time: 393795.1243600001
node_cons: 166069.39339116873
tot_aggregated_send: 112868
tot_msg_rcv: 3472
tot_msg_sent: 6875
tot_reconf_duration: 4.8100000000000005
tot_sleeping_duration: 7948180.046200019
tot_uptimes: 2068
tot_uptimes_duration: 124020.06079998094
