comms_cons: 804.8880578152562
finished_reconf: true
global_termination_time: 8075149.461
local_termination_time: 1714875.6547199998
node_cons: 166071.3000300482
tot_aggregated_send: 111534
tot_msg_rcv: 3543
tot_msg_sent: 7260
tot_reconf_duration: 6.22
tot_sleeping_duration: 7951129.406280019
tot_uptimes: 2068
tot_uptimes_duration: 124020.05471998057
