comms_cons: 801.2412161881197
finished_reconf: true
global_termination_time: 8072547.493
local_termination_time: 1745031.3876799985
node_cons: 166078.21225004832
tot_aggregated_send: 111882
tot_msg_rcv: 3074
tot_msg_sent: 6825
tot_reconf_duration: 11.31
tot_sleeping_duration: 7948527.438280019
tot_uptimes: 2068
tot_uptimes_duration: 124020.05471998057
