comms_cons: 227.84789119644077
finished_reconf: true
global_termination_time: 2313523.592
local_termination_time: 907753.8420000001
node_cons: 47585.57856287325
tot_aggregated_send: 33517
tot_msg_rcv: 302
tot_msg_sent: 812
tot_reconf_duration: 13.17
tot_sleeping_duration: 2277998.802080005
tot_uptimes: 593
tot_uptimes_duration: 35524.78991999535
