comms_cons: 230.6733312006426
finished_reconf: true
global_termination_time: 2317859.655
local_termination_time: 903501.3457199998
node_cons: 47654.412359999464
tot_aggregated_send: 33060
tot_msg_rcv: 675
tot_msg_sent: 1326
tot_reconf_duration: 9.42
tot_sleeping_duration: 2282279.655
tot_uptimes: 594
tot_uptimes_duration: 35580.0
