comms_cons: 229.8011967958372
finished_reconf: true
global_termination_time: 2312950.057
local_termination_time: 1660512.74236
node_cons: 47576.1582411165
tot_aggregated_send: 33060
tot_msg_rcv: 601
tot_msg_sent: 1266
tot_reconf_duration: 10.95
tot_sleeping_duration: 2277430.0509200026
tot_uptimes: 593
tot_uptimes_duration: 35520.006079997635
