comms_cons: 236.548556787064
finished_reconf: true
global_termination_time: 2312812.8321199967
local_termination_time: 48891.65648000002
node_cons: 47589.06517755339
tot_aggregated_send: 31088
tot_msg_rcv: 1656
tot_msg_sent: 3210
tot_reconf_duration: 4.390000000000001
tot_sleeping_duration: 2277276.533720031
tot_uptimes: 593
tot_uptimes_duration: 35536.29839996563
