comms_cons: 372.8686080392218
finished_reconf: true
global_termination_time: 3756194.624
local_termination_time: 2200094.7416000003
node_cons: 77231.47732111491
tot_aggregated_send: 53882
tot_msg_rcv: 949
tot_msg_sent: 1842
tot_reconf_duration: 18.21
tot_sleeping_duration: 3698534.617920002
tot_uptimes: 962
tot_uptimes_duration: 57660.006079997635
