comms_cons: 1817.4950683049167
finished_reconf: true
global_termination_time: 3751791.121639998
local_termination_time: 3751791.080519998
node_cons: 228386.25118073527
tot_aggregated_send: 0
tot_msg_rcv: 111484
tot_msg_sent: 164761
tot_reconf_duration: 37.410000000000004
tot_sleeping_duration: 3581264.2744400403
tot_uptimes: 2802
tot_uptimes_duration: 170526.8471999579
