comms_cons: 375.0276416350679
finished_reconf: true
global_termination_time: 3751970.544
local_termination_time: 595699.5483599999
node_cons: 77137.4350666994
tot_aggregated_send: 52200
tot_msg_rcv: 1546
tot_msg_sent: 3257
tot_reconf_duration: 8.09
tot_sleeping_duration: 3694370.507520014
tot_uptimes: 961
tot_uptimes_duration: 57600.03647998604
