comms_cons: 374.8424064335403
finished_reconf: true
global_termination_time: 3751838.795
local_termination_time: 2151725.4728399995
node_cons: 77142.56019999797
tot_aggregated_send: 53186
tot_msg_rcv: 1304
tot_msg_sent: 2483
tot_reconf_duration: 11.899999999999999
tot_sleeping_duration: 3694238.795
tot_uptimes: 961
tot_uptimes_duration: 57599.99999999997
