comms_cons: 378.9907648466046
finished_reconf: true
global_termination_time: 3755643.684
local_termination_time: 438376.1950400003
node_cons: 77227.63684893346
tot_aggregated_send: 51968
tot_msg_rcv: 1867
tot_msg_sent: 3767
tot_reconf_duration: 15.34
tot_sleeping_duration: 3697983.6353600184
tot_uptimes: 962
tot_uptimes_duration: 57660.04863998154
