comms_cons: 55.70307200085389
finished_reconf: true
global_termination_time: 548916.15
local_termination_time: 287342.01816000073
node_cons: 11254.542082242846
tot_aggregated_send: 7424
tot_msg_rcv: 347
tot_msg_sent: 695
tot_reconf_duration: 5.1
tot_sleeping_duration: 540516.1378399979
tot_uptimes: 141
tot_uptimes_duration: 8400.012160002138
