comms_cons: 57.08999040132067
finished_reconf: true
global_termination_time: 547995.167
local_termination_time: 43676.73548000001
node_cons: 11254.156403364306
tot_aggregated_send: 7250
tot_msg_rcv: 554
tot_msg_sent: 873
tot_reconf_duration: 4.8100000000000005
tot_sleeping_duration: 539595.1487599969
tot_uptimes: 141
tot_uptimes_duration: 8400.018240003206
