comms_cons: 850.5447545236035
finished_reconf: true
global_termination_time: 2353601.99
local_termination_time: 447411.6374800001
node_cons: 142779.62932082266
tot_aggregated_send: 0
tot_msg_rcv: 52207
tot_msg_sent: 77069
tot_reconf_duration: 18.21
tot_sleeping_duration: 2246988.92044001
tot_uptimes: 1747
tot_uptimes_duration: 106613.06955999034
