comms_cons: 232.67998720004942
finished_reconf: true
global_termination_time: 2352713.1115599987
local_termination_time: 2352713.0704399985
node_cons: 48464.2930900753
tot_aggregated_send: 34032
tot_msg_rcv: 421
tot_msg_sent: 912
tot_reconf_duration: 24.59
tot_sleeping_duration: 2316543.6568400012
tot_uptimes: 603
tot_uptimes_duration: 36169.454719997186
