comms_cons: 231.96679678322263
finished_reconf: true
global_termination_time: 2357494.563
local_termination_time: 299629.33536
node_cons: 48451.09559565336
tot_aggregated_send: 31552
tot_msg_rcv: 1048
tot_msg_sent: 2656
tot_reconf_duration: 4.390000000000001
tot_sleeping_duration: 2321314.477880019
tot_uptimes: 604
tot_uptimes_duration: 36180.08511998062
