comms_cons: 229.48653438556246
finished_reconf: true
global_termination_time: 2353039.569
local_termination_time: 466599.46536000003
node_cons: 48373.183747821764
tot_aggregated_send: 31726
tot_msg_rcv: 1027
tot_msg_sent: 2128
tot_reconf_duration: 6.22
tot_sleeping_duration: 2316919.526440013
tot_uptimes: 603
tot_uptimes_duration: 36120.042559986876
