comms_cons: 235.0813439967506
finished_reconf: true
global_termination_time: 2352713.960239997
local_termination_time: 260941.80148000005
node_cons: 48400.459372705875
tot_aggregated_send: 33060
tot_msg_rcv: 842
tot_msg_sent: 1828
tot_reconf_duration: 11.31
tot_sleeping_duration: 2316578.709760007
tot_uptimes: 603
tot_uptimes_duration: 36135.25047998992
