comms_cons: 64.47757440659265
finished_reconf: true
global_termination_time: 325721.089
local_termination_time: 3267.4003600000005
node_cons: 6702.593682240589
tot_aggregated_send: 0
tot_msg_rcv: 5000
tot_msg_sent: 4800
tot_reconf_duration: 25.299999999999997
tot_sleeping_duration: 320741.0768399995
tot_uptimes: 84
tot_uptimes_duration: 4980.012160000435
