comms_cons: 31.90254080013061
finished_reconf: true
global_termination_time: 321486.0116000002
local_termination_time: 92849.23235999997
node_cons: 6617.686049521707
tot_aggregated_send: 4524
tot_msg_rcv: 91
tot_msg_sent: 234
tot_reconf_duration: 4.8100000000000005
tot_sleeping_duration: 316548.62991999893
tot_uptimes: 83
tot_uptimes_duration: 4937.381680001272
