comms_cons: 2.2895615999924344
finished_reconf: true
global_termination_time: 17043.86
local_termination_time: 7842.9803600000005
node_cons: 328.7339400000004
tot_aggregated_send: 0
tot_msg_rcv: 177
tot_msg_sent: 171
tot_reconf_duration: 5.43
tot_sleeping_duration: 16803.86
tot_uptimes: 5
tot_uptimes_duration: 240.0
