comms_cons: 259.95077119986945
finished_reconf: true
global_termination_time: 2612113.727
local_termination_time: 1301765.8984799997
node_cons: 53691.84917999909
tot_aggregated_send: 37062
tot_msg_rcv: 784
tot_msg_sent: 1665
tot_reconf_duration: 18.21
tot_sleeping_duration: 2572033.727
tot_uptimes: 669
tot_uptimes_duration: 40080.0
