comms_cons: 264.51605760018066
finished_reconf: true
global_termination_time: 2615320.972
local_termination_time: 1514460.1425199981
node_cons: 53800.12120862762
tot_aggregated_send: 36018
tot_msg_rcv: 1407
tot_msg_sent: 2779
tot_reconf_duration: 25.299999999999997
tot_sleeping_duration: 2575167.302240009
tot_uptimes: 670
tot_uptimes_duration: 40153.669759991346
