comms_cons: 262.6063103921852
finished_reconf: true
global_termination_time: 2611778.401
local_termination_time: 826631.6243599999
node_cons: 53671.30260558336
tot_aggregated_send: 36598
tot_msg_rcv: 1163
tot_msg_sent: 2151
tot_reconf_duration: 3.05
tot_sleeping_duration: 2571698.370600012
tot_uptimes: 669
tot_uptimes_duration: 40080.030399988165
