comms_cons: 93.19215359417913
finished_reconf: true
global_termination_time: 917340.4144399986
local_termination_time: 24918.02448
node_cons: 18843.49434986255
tot_aggregated_send: 12412
tot_msg_rcv: 592
tot_msg_sent: 1159
tot_reconf_duration: 18.21
tot_sleeping_duration: 903286.0715200116
tot_uptimes: 235
tot_uptimes_duration: 14054.34291998695
