comms_cons: 594.9916676561677
finished_reconf: true
global_termination_time: 3025196.005319997
local_termination_time: 237.39103999999998
node_cons: 62236.9194498303
tot_aggregated_send: 0
tot_msg_rcv: 45537
tot_msg_sent: 44895
tot_reconf_duration: 18.21
tot_sleeping_duration: 2978734.3247600035
tot_uptimes: 775
tot_uptimes_duration: 46461.68055999366
