comms_cons: 297.82400000062114
finished_reconf: true
global_termination_time: 3026626.579
local_termination_time: 605939.49336
node_cons: 62270.05640334935
tot_aggregated_send: 42456
tot_msg_rcv: 944
tot_msg_sent: 1867
tot_reconf_duration: 4.8100000000000005
tot_sleeping_duration: 2980126.560760007
tot_uptimes: 776
tot_uptimes_duration: 46500.0182399929
