comms_cons: 287.906419209553
finished_reconf: true
global_termination_time: 2897808.761
local_termination_time: 1361672.4913599999
node_cons: 59624.65137999902
tot_aggregated_send: 41760
tot_msg_rcv: 788
tot_msg_sent: 1212
tot_reconf_duration: 9.11
tot_sleeping_duration: 2853288.761
tot_uptimes: 743
tot_uptimes_duration: 44520.0
