comms_cons: 293.564531208581
finished_reconf: true
global_termination_time: 2901030.178
local_termination_time: 719543.8673599999
node_cons: 59622.980971167315
tot_aggregated_send: 39846
tot_msg_rcv: 1703
tot_msg_sent: 3072
tot_reconf_duration: 7.819999999999999
tot_sleeping_duration: 2856510.1172000235
tot_uptimes: 743
tot_uptimes_duration: 44520.060799976345
