comms_cons: 19.777075199961516
finished_reconf: true
global_termination_time: 201266.305
local_termination_time: 37048.18336
node_cons: 4128.098699999995
tot_aggregated_send: 2842
tot_msg_rcv: 68
tot_msg_sent: 96
tot_reconf_duration: 22.65
tot_sleeping_duration: 198206.305
tot_uptimes: 52
tot_uptimes_duration: 3060.0
