comms_cons: 24.027238400246564
finished_reconf: true
global_termination_time: 248521.272
local_termination_time: 212932.33436000004
node_cons: 5092.178699999999
tot_aggregated_send: 3480
tot_msg_rcv: 37
tot_msg_sent: 135
tot_reconf_duration: 22.65
tot_sleeping_duration: 244741.272
tot_uptimes: 64
tot_uptimes_duration: 3780.0
