comms_cons: 146.98590719322033
finished_reconf: true
global_termination_time: 1480093.62
local_termination_time: 917281.7963599998
node_cons: 30456.440342233644
tot_aggregated_send: 20474
tot_msg_rcv: 526
tot_msg_sent: 1341
tot_reconf_duration: 5.57
tot_sleeping_duration: 1457353.6078400048
tot_uptimes: 380
tot_uptimes_duration: 22740.01215999527
