comms_cons: 149.73663998514402
finished_reconf: true
global_termination_time: 1478556.667
local_termination_time: 1107701.3964399984
node_cons: 30376.983042233674
tot_aggregated_send: 20068
tot_msg_rcv: 837
tot_msg_sent: 1856
tot_reconf_duration: 6.22
tot_sleeping_duration: 1455876.6548400046
tot_uptimes: 379
tot_uptimes_duration: 22680.01215999527
