comms_cons: 149.2294143887891
finished_reconf: true
global_termination_time: 1481242.972
local_termination_time: 1141729.79636
node_cons: 30464.24340335062
tot_aggregated_send: 20532
tot_msg_rcv: 707
tot_msg_sent: 1443
tot_reconf_duration: 11.31
tot_sleeping_duration: 1458502.9537600072
tot_uptimes: 380
tot_uptimes_duration: 22740.018239992904
