comms_cons: 183.8128575773313
finished_reconf: true
global_termination_time: 1793784.742
local_termination_time: 419165.6609200003
node_cons: 36886.77725340647
tot_aggregated_send: 24070
tot_msg_rcv: 1303
tot_msg_sent: 2565
tot_reconf_duration: 7.819999999999999
tot_sleeping_duration: 1766244.669040025
tot_uptimes: 460
tot_uptimes_duration: 27540.07295997505
