comms_cons: 73.84139519783825
finished_reconf: true
global_termination_time: 724247.102
local_termination_time: 42066.324
node_cons: 14900.132286556833
tot_aggregated_send: 9665
tot_msg_rcv: 506
tot_msg_sent: 1052
tot_reconf_duration: 25.299999999999997
tot_sleeping_duration: 713144.9549600023
tot_uptimes: 186
tot_uptimes_duration: 11102.147039997617
