comms_cons: 71.31257599934278
finished_reconf: true
global_termination_time: 721681.5241200001
local_termination_time: 90776.5253999995
node_cons: 14809.457313044431
tot_aggregated_send: 9918
tot_msg_rcv: 301
tot_msg_sent: 621
tot_reconf_duration: 4.8100000000000005
tot_sleeping_duration: 710626.3147599968
tot_uptimes: 185
tot_uptimes_duration: 11055.209360003297
