comms_cons: 71.53564159887001
finished_reconf: true
global_termination_time: 722023.128
local_termination_time: 363338.71936
node_cons: 14788.537902238226
tot_aggregated_send: 9338
tot_msg_rcv: 542
tot_msg_sent: 993
tot_reconf_duration: 4.390000000000001
tot_sleeping_duration: 710983.1158400014
tot_uptimes: 185
tot_uptimes_duration: 11040.012159998703
