comms_cons: 74.57585919866338
finished_reconf: true
global_termination_time: 722885.055
local_termination_time: 36009.563
node_cons: 14875.85147736286
tot_aggregated_send: 9570
tot_msg_rcv: 602
tot_msg_sent: 1164
tot_reconf_duration: 6.22
tot_sleeping_duration: 711781.6907599979
tot_uptimes: 186
tot_uptimes_duration: 11103.36424000212
