comms_cons: 49.38598400074251
finished_reconf: true
global_termination_time: 506387.96024000034
local_termination_time: 66995.35347999996
node_cons: 10434.729406084496
tot_aggregated_send: 5452
tot_msg_rcv: 593
tot_msg_sent: 1464
tot_reconf_duration: 18.21
tot_sleeping_duration: 498613.501519997
tot_uptimes: 130
tot_uptimes_duration: 7774.458720003342
