comms_cons: 1.8750719999938046
finished_reconf: true
global_termination_time: 13691.357
local_termination_time: 7076.237360000001
node_cons: 251.63956000000084
tot_aggregated_send: 0
tot_msg_rcv: 172
tot_msg_sent: 113
tot_reconf_duration: 7.819999999999999
tot_sleeping_duration: 13511.357
tot_uptimes: 4
tot_uptimes_duration: 180.0
