comms_cons: 21.505631999961697
finished_reconf: true
global_termination_time: 11342.993240000003
local_termination_time: 2125.0490400000012
node_cons: 3393.838210480012
tot_aggregated_send: 0
tot_msg_rcv: 1607
tot_msg_sent: 1661
tot_reconf_duration: 6.22
tot_sleeping_duration: 8814.694919999994
tot_uptimes: 39
tot_uptimes_duration: 2528.2983200000076
