comms_cons: 32.08017920016902
finished_reconf: true
global_termination_time: 324158.871
local_termination_time: 54358.051360000005
node_cons: 6689.051720000003
tot_aggregated_send: 4698
tot_msg_rcv: 76
tot_msg_sent: 102
tot_reconf_duration: 15.34
tot_sleeping_duration: 319178.871
tot_uptimes: 84
tot_uptimes_duration: 4980.0
