comms_cons: 31.80385280011463
finished_reconf: true
global_termination_time: 324328.023
local_termination_time: 43861.086640000176
node_cons: 6679.206220000013
tot_aggregated_send: 4698
tot_msg_rcv: 27
tot_msg_sent: 109
tot_reconf_duration: 8.09
tot_sleeping_duration: 319348.023
tot_uptimes: 84
tot_uptimes_duration: 4980.0
