comms_cons: 32.54072320005448
finished_reconf: true
global_termination_time: 327532.444
local_termination_time: 59597.417840000024
node_cons: 6681.012360000005
tot_aggregated_send: 4640
tot_msg_rcv: 140
tot_msg_sent: 166
tot_reconf_duration: 9.42
tot_sleeping_duration: 322552.444
tot_uptimes: 84
tot_uptimes_duration: 4980.0
