comms_cons: 303.7776639900942
finished_reconf: true
global_termination_time: 3015480.608
local_termination_time: 450089.70336
node_cons: 62028.482325583194
tot_aggregated_send: 41296
tot_msg_rcv: 1688
tot_msg_sent: 3187
tot_reconf_duration: 4.390000000000001
tot_sleeping_duration: 2969160.5776000116
tot_uptimes: 773
tot_uptimes_duration: 46320.030399988405
