comms_cons: 63.292531199985625
finished_reconf: true
global_termination_time: 662216.659
local_termination_time: 362534.6684800001
node_cons: 13608.226841121483
tot_aggregated_send: 8990
tot_msg_rcv: 229
tot_msg_sent: 401
tot_reconf_duration: 22.65
tot_sleeping_duration: 652076.652919999
tot_uptimes: 170
tot_uptimes_duration: 10140.006080001069
