comms_cons: 65.005971200667
finished_reconf: true
global_termination_time: 661409.791
local_termination_time: 87827.25435999996
node_cons: 13583.462325602613
tot_aggregated_send: 8468
tot_msg_rcv: 476
tot_msg_sent: 938
tot_reconf_duration: 4.390000000000001
tot_sleeping_duration: 651269.7605999981
tot_uptimes: 170
tot_uptimes_duration: 10140.030400001939
