comms_cons: 63.96696960000331
finished_reconf: true
global_termination_time: 660601.489
local_termination_time: 143135.48536000005
node_cons: 13581.610041121434
tot_aggregated_send: 8990
tot_msg_rcv: 206
tot_msg_sent: 526
tot_reconf_duration: 3.05
tot_sleeping_duration: 650461.4829199989
tot_uptimes: 170
tot_uptimes_duration: 10140.006080001069
