comms_cons: 206.01448959273375
finished_reconf: true
global_termination_time: 2158830.258
local_termination_time: 886928.5863599998
node_cons: 44353.6497611164
tot_aggregated_send: 29812
tot_msg_rcv: 484
tot_msg_sent: 1017
tot_reconf_duration: 4.390000000000001
tot_sleeping_duration: 2125710.2519200025
tot_uptimes: 553
tot_uptimes_duration: 33120.006079997635
