comms_cons: 74.76665599664764
finished_reconf: true
global_termination_time: 747491.02524
local_termination_time: 80022.18859999941
node_cons: 15392.916912876146
tot_aggregated_send: 10266
tot_msg_rcv: 327
tot_msg_sent: 772
tot_reconf_duration: 11.31
tot_sleeping_duration: 736006.6653200028
tot_uptimes: 192
tot_uptimes_duration: 11484.359919997092
