comms_cons: 730.4550593362881
finished_reconf: true
global_termination_time: 7365744.275
local_termination_time: 2656006.145839999
node_cons: 151528.22278781503
tot_aggregated_send: 103066
tot_msg_rcv: 2671
tot_msg_sent: 5286
tot_reconf_duration: 5.1
tot_sleeping_duration: 7252584.232440015
tot_uptimes: 1887
tot_uptimes_duration: 113160.04255998507
