comms_cons: 731.1096321431872
finished_reconf: true
global_termination_time: 7367826.537
local_termination_time: 3135947.224639999
node_cons: 151525.4633455807
tot_aggregated_send: 103762
tot_msg_rcv: 2481
tot_msg_sent: 4881
tot_reconf_duration: 3.08
tot_sleeping_duration: 7254666.50660001
tot_uptimes: 1887
tot_uptimes_duration: 113160.03039998934
