comms_cons: 722.146150458829
finished_reconf: true
global_termination_time: 7367175.447
local_termination_time: 5112240.40136
node_cons: 151537.40019999415
tot_aggregated_send: 106198
tot_msg_rcv: 1237
tot_msg_sent: 2327
tot_reconf_duration: 11.899999999999999
tot_sleeping_duration: 7254015.447
tot_uptimes: 1887
tot_uptimes_duration: 113160.0
