comms_cons: 741.7483841886473
finished_reconf: true
global_termination_time: 7371053.708
local_termination_time: 1523661.09436
node_cons: 151612.2891122836
tot_aggregated_send: 101442
tot_msg_rcv: 3806
tot_msg_sent: 7492
tot_reconf_duration: 7.819999999999999
tot_sleeping_duration: 7257833.641120023
tot_uptimes: 1888
tot_uptimes_duration: 113220.06687997654
