comms_cons: 27.553689598661325
finished_reconf: true
global_termination_time: 139557.71840000045
local_termination_time: 3039.2483600000005
node_cons: 2860.6806536006147
tot_aggregated_send: 0
tot_msg_rcv: 2140
tot_msg_sent: 2047
tot_reconf_duration: 6.22
tot_sleeping_duration: 137427.596
tot_uptimes: 36
tot_uptimes_duration: 2130.1224000004586
