comms_cons: 2.5132543999946253
finished_reconf: true
global_termination_time: 12643.888
local_termination_time: 5734.02936
node_cons: 261.8517200000002
tot_aggregated_send: 0
tot_msg_rcv: 221
tot_msg_sent: 160
tot_reconf_duration: 15.34
tot_sleeping_duration: 12463.888
tot_uptimes: 4
tot_uptimes_duration: 180.0
