comms_cons: 2.4408831999961547
finished_reconf: true
global_termination_time: 12540.763
local_termination_time: 5452.26136
node_cons: 256.3871211200068
tot_aggregated_send: 0
tot_msg_rcv: 206
tot_msg_sent: 165
tot_reconf_duration: 11.31
tot_sleeping_duration: 12360.756919999996
tot_uptimes: 4
tot_uptimes_duration: 180.00608000000466
