comms_cons: 103.85331839846076
finished_reconf: true
global_termination_time: 1065252.327
local_termination_time: 275911.3784800001
node_cons: 21859.011980000032
tot_aggregated_send: 15254
tot_msg_rcv: 185
tot_msg_sent: 346
tot_reconf_duration: 4.8100000000000005
tot_sleeping_duration: 1048932.327
tot_uptimes: 273
tot_uptimes_duration: 16320.0
