comms_cons: 104.12241920021565
finished_reconf: true
global_termination_time: 1068209.49
local_termination_time: 416249.0199200002
node_cons: 21938.781619999972
tot_aggregated_send: 15544
tot_msg_rcv: 110
tot_msg_sent: 172
tot_reconf_duration: 4.390000000000001
tot_sleeping_duration: 1051829.49
tot_uptimes: 274
tot_uptimes_duration: 16380.0
