comms_cons: 104.10268159923606
finished_reconf: true
global_termination_time: 1064913.95
local_termination_time: 331259.3803600001
node_cons: 21856.621900000097
tot_aggregated_send: 15370
tot_msg_rcv: 140
tot_msg_sent: 313
tot_reconf_duration: 3.05
tot_sleeping_duration: 1048593.95
tot_uptimes: 273
tot_uptimes_duration: 16320.0
