comms_cons: 102.49077760003739
finished_reconf: true
global_termination_time: 1066142.978
local_termination_time: 664898.9013599999
node_cons: 21953.651719999987
tot_aggregated_send: 15370
tot_msg_rcv: 85
tot_msg_sent: 123
tot_reconf_duration: 15.34
tot_sleeping_duration: 1049762.978
tot_uptimes: 274
tot_uptimes_duration: 16380.0
