comms_cons: 231.33118706219304
finished_reconf: true
global_termination_time: 1394690.807
local_termination_time: 652383.8095999998
node_cons: 28687.94454446745
tot_aggregated_send: 0
tot_msg_rcv: 17751
tot_msg_sent: 17409
tot_reconf_duration: 4.8100000000000005
tot_sleeping_duration: 1373270.7826800095
tot_uptimes: 358
tot_uptimes_duration: 21420.024319990538
