comms_cons: 138.13191679361512
finished_reconf: true
global_termination_time: 1394216.7362400005
local_termination_time: 71814.39223999971
node_cons: 28756.22027159419
tot_aggregated_send: 19778
tot_msg_rcv: 383
tot_msg_sent: 832
tot_reconf_duration: 6.22
tot_sleeping_duration: 1372747.1518400048
tot_uptimes: 358
tot_uptimes_duration: 21469.584399995627
