comms_cons: 2.414566399994642
finished_reconf: true
global_termination_time: 14549.614
local_termination_time: 7378.89936
node_cons: 258.9048600000001
tot_aggregated_send: 0
tot_msg_rcv: 204
tot_msg_sent: 162
tot_reconf_duration: 13.17
tot_sleeping_duration: 14369.614
tot_uptimes: 4
tot_uptimes_duration: 180.0
