comms_cons: 24.32330240229938
finished_reconf: true
global_termination_time: 299475.471
local_termination_time: 768.5831199999999
node_cons: 6109.617942242868
tot_aggregated_send: 0
tot_msg_rcv: 156
tot_msg_sent: 3541
tot_reconf_duration: 2.77
tot_sleeping_duration: 294915.4588399979
tot_uptimes: 77
tot_uptimes_duration: 4560.0121600021375
