comms_cons: 245.46538879997058
finished_reconf: true
global_termination_time: 2476210.5808399986
local_termination_time: 2476210.5397199984
node_cons: 51026.73653311694
tot_aggregated_send: 35772
tot_msg_rcv: 513
tot_msg_sent: 1023
tot_reconf_duration: 24.59
tot_sleeping_duration: 2438127.42676
tot_uptimes: 635
tot_uptimes_duration: 38083.154079998494
