comms_cons: 240.4500223962886
finished_reconf: true
global_termination_time: 2476765.564
local_termination_time: 1931278.03336
node_cons: 50950.91897999934
tot_aggregated_send: 36076
tot_msg_rcv: 174
tot_msg_sent: 297
tot_reconf_duration: 11.31
tot_sleeping_duration: 2438725.564
tot_uptimes: 635
tot_uptimes_duration: 38040.0
