comms_cons: 1.5592703999948487
finished_reconf: true
global_termination_time: 14895.945
local_termination_time: 5602.839360000001
node_cons: 247.9458000000005
tot_aggregated_send: 0
tot_msg_rcv: 123
tot_msg_sent: 114
tot_reconf_duration: 5.1
tot_sleeping_duration: 14715.945
tot_uptimes: 4
tot_uptimes_duration: 180.0
