comms_cons: 1.4145279999979437
finished_reconf: true
global_termination_time: 13024.183
local_termination_time: 4980.512360000001
node_cons: 271.77870000000075
tot_aggregated_send: 0
tot_msg_rcv: 118
tot_msg_sent: 97
tot_reconf_duration: 22.65
tot_sleeping_duration: 12844.183
tot_uptimes: 4
tot_uptimes_duration: 180.0
