comms_cons: 283.3384512146563
finished_reconf: false
global_termination_time: 2808455.501
local_termination_time: 0
node_cons: 57957.47295910204
tot_aggregated_send: 38911
tot_msg_rcv: 1376
tot_msg_sent: 2779
tot_reconf_duration: 81.67999999999999
tot_sleeping_duration: 2765254.192920013
tot_uptimes: 720
tot_uptimes_duration: 43201.30807998724
