comms_cons: 283.70204801486506
finished_reconf: true
global_termination_time: 2809451.463
local_termination_time: 4760.981000000001
node_cons: 57848.63493005536
tot_aggregated_send: 38914
tot_msg_rcv: 1422
tot_msg_sent: 2786
tot_reconf_duration: 2.77
tot_sleeping_duration: 2766251.408280018
tot_uptimes: 720
tot_uptimes_duration: 43200.05471998238
