comms_cons: 280.4515584111803
finished_reconf: true
global_termination_time: 2809141.299
local_termination_time: 6906.6669999999995
node_cons: 57861.48161005141
tot_aggregated_send: 38963
tot_msg_rcv: 1158
tot_msg_sent: 2506
tot_reconf_duration: 12.23
tot_sleeping_duration: 2765941.2442800207
tot_uptimes: 720
tot_uptimes_duration: 43200.05471997941
