comms_cons: 113.42540799726862
finished_reconf: true
global_termination_time: 1173467.838
local_termination_time: 438548.10764000035
node_cons: 24136.37368223828
tot_aggregated_send: 15660
tot_msg_rcv: 553
tot_msg_sent: 1027
tot_reconf_duration: 25.299999999999997
tot_sleeping_duration: 1155467.8258400012
tot_uptimes: 301
tot_uptimes_duration: 18000.012159998703
