comms_cons: 118.09277439376069
finished_reconf: true
global_termination_time: 1173138.2530000005
local_termination_time: 225878.9828800004
node_cons: 24181.924586720106
tot_aggregated_send: 15312
tot_msg_rcv: 884
tot_msg_sent: 1754
tot_reconf_duration: 3.05
tot_sleeping_duration: 1155081.6565200004
tot_uptimes: 301
tot_uptimes_duration: 18056.596480000066
