comms_cons: 116.43088638899108
finished_reconf: true
global_termination_time: 1174818.092
local_termination_time: 315242.21336000005
node_cons: 24109.406504476552
tot_aggregated_send: 14848
tot_msg_rcv: 1082
tot_msg_sent: 1766
tot_reconf_duration: 5.43
tot_sleeping_duration: 1156818.0676800024
tot_uptimes: 301
tot_uptimes_duration: 18000.024319997407
