comms_cons: 406.2412160875483
finished_reconf: true
global_termination_time: 4026745.588
local_termination_time: 92834.42959999993
node_cons: 82864.9950934169
tot_aggregated_send: 55854
tot_msg_rcv: 1959
tot_msg_sent: 3932
tot_reconf_duration: 25.299999999999997
tot_sleeping_duration: 3964885.515040016
tot_uptimes: 1032
tot_uptimes_duration: 61860.07295998435
