comms_cons: 406.0920832561623
finished_reconf: true
global_termination_time: 4025700.451
local_termination_time: 1061762.6063599996
node_cons: 82754.3988878167
tot_aggregated_send: 55854
tot_msg_rcv: 1976
tot_msg_sent: 3893
tot_reconf_duration: 3.05
tot_sleeping_duration: 3963900.4084400157
tot_uptimes: 1031
tot_uptimes_duration: 61800.04255998437
