comms_cons: 405.39208326203334
finished_reconf: true
global_termination_time: 4028665.346
local_termination_time: 464359.64636
node_cons: 82839.04374782123
tot_aggregated_send: 55680
tot_msg_rcv: 1985
tot_msg_sent: 3952
tot_reconf_duration: 6.22
tot_sleeping_duration: 3966805.303440012
tot_uptimes: 1032
tot_uptimes_duration: 61860.042559987574
