comms_cons: 406.58616967793716
finished_reconf: true
global_termination_time: 4027830.225
local_termination_time: 236831.10236000005
node_cons: 82851.45313117604
tot_aggregated_send: 55448
tot_msg_rcv: 2157
tot_msg_sent: 4194
tot_reconf_duration: 15.34
tot_sleeping_duration: 3965970.1642000163
tot_uptimes: 1032
tot_uptimes_duration: 61860.06079998368
