comms_cons: 76.94319359659849
finished_reconf: true
global_termination_time: 751796.084
local_termination_time: 411931.19612
node_cons: 15443.16486
tot_aggregated_send: 10208
tot_msg_rcv: 570
tot_msg_sent: 917
tot_reconf_duration: 13.17
tot_sleeping_duration: 740276.084
tot_uptimes: 193
tot_uptimes_duration: 11520.0
