comms_cons: 75.83185919933672
finished_reconf: true
global_termination_time: 751759.81
local_termination_time: 396281.9933200002
node_cons: 15431.257902238305
tot_aggregated_send: 10440
tot_msg_rcv: 392
tot_msg_sent: 694
tot_reconf_duration: 4.390000000000001
tot_sleeping_duration: 740239.7978400013
tot_uptimes: 193
tot_uptimes_duration: 11520.012159998761
