comms_cons: 76.52170239870493
finished_reconf: true
global_termination_time: 751344.835
local_termination_time: 223070.35736000005
node_cons: 15440.655262238282
tot_aggregated_send: 10324
tot_msg_rcv: 500
tot_msg_sent: 806
tot_reconf_duration: 11.31
tot_sleeping_duration: 739824.8228400013
tot_uptimes: 193
tot_uptimes_duration: 11520.012159998703
