comms_cons: 15.765017599839876
finished_reconf: true
global_termination_time: 141237.50448000006
local_termination_time: 141237.46336000005
node_cons: 2943.9835187201115
tot_aggregated_send: 1668
tot_msg_rcv: 307
tot_msg_sent: 422
tot_reconf_duration: 24.59
tot_sleeping_duration: 139063.8
tot_uptimes: 37
tot_uptimes_duration: 2173.704480000073
