comms_cons: 14.699187199893792
finished_reconf: true
global_termination_time: 143301.884
local_termination_time: 74700.31383999965
node_cons: 2916.9691800000096
tot_aggregated_send: 1508
tot_msg_rcv: 292
tot_msg_sent: 435
tot_reconf_duration: 18.21
tot_sleeping_duration: 141141.884
tot_uptimes: 37
tot_uptimes_duration: 2160.0
