comms_cons: 13.681919999974525
finished_reconf: true
global_termination_time: 142261.099
local_termination_time: 22950.473
node_cons: 2932.903979279446
tot_aggregated_send: 1274
tot_msg_rcv: 287
tot_msg_sent: 523
tot_reconf_duration: 22.65
tot_sleeping_duration: 140093.7014800004
tot_uptimes: 37
tot_uptimes_duration: 2167.397519999584
