comms_cons: 14.079487999924373
finished_reconf: true
global_termination_time: 142467.584
local_termination_time: 6294.825400000001
node_cons: 2896.3819
tot_aggregated_send: 1740
tot_msg_rcv: 167
tot_msg_sent: 233
tot_reconf_duration: 3.05
tot_sleeping_duration: 140307.584
tot_uptimes: 37
tot_uptimes_duration: 2160.0
