comms_cons: 13.895897599853228
finished_reconf: true
global_termination_time: 141549.072
local_termination_time: 35627.35336000001
node_cons: 2907.607121119149
tot_aggregated_send: 1740
tot_msg_rcv: 87
tot_msg_sent: 285
tot_reconf_duration: 11.31
tot_sleeping_duration: 139389.06592000063
tot_uptimes: 37
tot_uptimes_duration: 2160.006079999366
