comms_cons: 227.08087026824467
finished_reconf: true
global_termination_time: 1158002.2995999998
local_termination_time: 2275.8883600000004
node_cons: 23825.938469521327
tot_aggregated_send: 0
tot_msg_rcv: 17351
tot_msg_sent: 17161
tot_reconf_duration: 18.21
tot_sleeping_duration: 1140226.9379199988
tot_uptimes: 297
tot_uptimes_duration: 17775.361680000962
