comms_cons: 113.47146239662716
finished_reconf: true
global_termination_time: 1160759.484
local_termination_time: 538379.5604399996
node_cons: 23871.599560000122
tot_aggregated_send: 16124
tot_msg_rcv: 429
tot_msg_sent: 694
tot_reconf_duration: 7.819999999999999
tot_sleeping_duration: 1142939.484
tot_uptimes: 298
tot_uptimes_duration: 17820.0
