comms_cons: 225.13011197752348
finished_reconf: true
global_termination_time: 2207652.143239997
local_termination_time: 26840.025560000005
node_cons: 45437.34726610801
tot_aggregated_send: 29812
tot_msg_rcv: 1555
tot_msg_sent: 2851
tot_reconf_duration: 18.21
tot_sleeping_duration: 2173736.819800035
tot_uptimes: 566
tot_uptimes_duration: 33915.32343996153
