comms_cons: 220.1597695849187
finished_reconf: true
global_termination_time: 2208395.584
local_termination_time: 1259077.79436
node_cons: 45404.479521116475
tot_aggregated_send: 31030
tot_msg_rcv: 930
tot_msg_sent: 1503
tot_reconf_duration: 9.11
tot_sleeping_duration: 2174495.577920002
tot_uptimes: 566
tot_uptimes_duration: 33900.006079997635
