comms_cons: 219.73870079653767
finished_reconf: true
global_termination_time: 2208133.934
local_termination_time: 841797.8109599988
node_cons: 45408.26019999954
tot_aggregated_send: 31494
tot_msg_rcv: 640
tot_msg_sent: 1265
tot_reconf_duration: 11.899999999999999
tot_sleeping_duration: 2174233.934
tot_uptimes: 566
tot_uptimes_duration: 33900.0
