comms_cons: 223.00357757440747
finished_reconf: true
global_termination_time: 2207830.609
local_termination_time: 1001824.79036
node_cons: 45398.72153228476
tot_aggregated_send: 29116
tot_msg_rcv: 1570
tot_msg_sent: 3209
tot_reconf_duration: 4.8100000000000005
tot_sleeping_duration: 2173930.542120026
tot_uptimes: 566
tot_uptimes_duration: 33900.06687997398
