comms_cons: 265.34677759112975
finished_reconf: true
global_termination_time: 2767998.755
local_termination_time: 1096703.6373599998
node_cons: 56889.19118334946
tot_aggregated_send: 38454
tot_msg_rcv: 626
tot_msg_sent: 1251
tot_reconf_duration: 6.22
tot_sleeping_duration: 2725518.736760007
tot_uptimes: 709
tot_uptimes_duration: 42480.0182399929
