comms_cons: 108.93181439699073
finished_reconf: true
global_termination_time: 1104595.394
local_termination_time: 731317.3561599993
node_cons: 22661.841620000054
tot_aggregated_send: 15718
tot_msg_rcv: 316
tot_msg_sent: 523
tot_reconf_duration: 4.390000000000001
tot_sleeping_duration: 1087675.394
tot_uptimes: 283
tot_uptimes_duration: 16920.0
