comms_cons: 97.96428799430683
finished_reconf: true
global_termination_time: 982624.166
local_termination_time: 6726.359000000001
node_cons: 20175.633605597985
tot_aggregated_send: 13332
tot_msg_rcv: 505
tot_msg_sent: 1053
tot_reconf_duration: 7.55
tot_sleeping_duration: 967564.1356000014
tot_uptimes: 252
tot_uptimes_duration: 15060.030399998475
