comms_cons: 33.30984320073509
finished_reconf: true
global_termination_time: 328752.133
local_termination_time: 143510.669
node_cons: 6752.750781121418
tot_aggregated_send: 4521
tot_msg_rcv: 192
tot_msg_sent: 349
tot_reconf_duration: 3.08
tot_sleeping_duration: 323712.1269199989
tot_uptimes: 85
tot_uptimes_duration: 5040.006080001067
