comms_cons: 32.13939200010177
finished_reconf: true
global_termination_time: 328641.576
local_termination_time: 190428.6331600008
node_cons: 6760.931380000028
tot_aggregated_send: 4814
tot_msg_rcv: 21
tot_msg_sent: 50
tot_reconf_duration: 9.11
tot_sleeping_duration: 323601.576
tot_uptimes: 85
tot_uptimes_duration: 5040.0
