comms_cons: 33.20647680029124
finished_reconf: true
global_termination_time: 330869.061
local_termination_time: 74418.19200000001
node_cons: 6771.365282079215
tot_aggregated_send: 4518
tot_msg_rcv: 182
tot_msg_sent: 348
tot_reconf_duration: 11.899999999999999
tot_sleeping_duration: 325824.09828000056
tot_uptimes: 85
tot_uptimes_duration: 5044.962719999399
