comms_cons: 140.22248959241475
finished_reconf: true
global_termination_time: 1384286.6654799997
local_termination_time: 1384286.6243599998
node_cons: 28555.753357193764
tot_aggregated_send: 18907
tot_msg_rcv: 817
tot_msg_sent: 1588
tot_reconf_duration: 64.41
tot_sleeping_duration: 1363025.8106800043
tot_uptimes: 355
tot_uptimes_duration: 21260.85479999533
