comms_cons: 136.01082878375152
finished_reconf: true
global_termination_time: 1385150.274
local_termination_time: 4825.95
node_cons: 28445.86249899539
tot_aggregated_send: 18033
tot_msg_rcv: 819
tot_msg_sent: 1820
tot_reconf_duration: 3.95
tot_sleeping_duration: 1363910.1706400334
tot_uptimes: 355
tot_uptimes_duration: 21240.103359966655
