comms_cons: 137.64509438712443
finished_reconf: true
global_termination_time: 1384392.702
local_termination_time: 4074.066
node_cons: 28472.884065588805
tot_aggregated_send: 18711
tot_msg_rcv: 778
tot_msg_sent: 1432
tot_reconf_duration: 23.919999999999998
tot_sleeping_duration: 1363152.6716000084
tot_uptimes: 355
tot_uptimes_duration: 21240.030399991607
