comms_cons: 136.03465598795398
finished_reconf: true
global_termination_time: 1388910.316
local_termination_time: 5776.891999999999
node_cons: 28529.59479677552
tot_aggregated_send: 17857
tot_msg_rcv: 925
tot_msg_sent: 1894
tot_reconf_duration: 6.46
tot_sleeping_duration: 1367610.2248000184
tot_uptimes: 356
tot_uptimes_duration: 21300.09119998169
