comms_cons: 862.3499010158544
finished_reconf: true
global_termination_time: 8662907.756
local_termination_time: 2646023.68636
node_cons: 178202.70522781377
tot_aggregated_send: 120176
tot_msg_rcv: 3637
tot_msg_sent: 7257
tot_reconf_duration: 6.279999999999999
tot_sleeping_duration: 8529827.713440014
tot_uptimes: 2219
tot_uptimes_duration: 133080.04255998484
