comms_cons: 861.6236098263779
finished_reconf: true
global_termination_time: 8664040.209
local_termination_time: 2690157.2104800004
node_cons: 178201.74918893096
tot_aggregated_send: 120060
tot_msg_rcv: 3684
tot_msg_sent: 7217
tot_reconf_duration: 5.57
tot_sleeping_duration: 8530960.160360018
tot_uptimes: 2219
tot_uptimes_duration: 133080.0486399827
