comms_cons: 853.9190017867746
finished_reconf: true
global_termination_time: 8663892.737
local_termination_time: 3211268.59336
node_cons: 178205.17134893066
tot_aggregated_send: 120930
tot_msg_rcv: 2823
tot_msg_sent: 6036
tot_reconf_duration: 8.09
tot_sleeping_duration: 8530812.688360017
tot_uptimes: 2219
tot_uptimes_duration: 133080.04863998294
