comms_cons: 845.4741441579716
finished_reconf: true
global_termination_time: 8668349.797
local_termination_time: 3568682.2433599997
node_cons: 178289.35452334478
tot_aggregated_send: 120292
tot_msg_rcv: 2576
tot_msg_sent: 5639
tot_reconf_duration: 10.95
tot_sleeping_duration: 8535209.778760007
tot_uptimes: 2220
tot_uptimes_duration: 133140.0182399936
