comms_cons: 589.8591872787999
finished_reconf: true
global_termination_time: 5967100.249
local_termination_time: 2106877.388999998
node_cons: 122860.46068293047
tot_aggregated_send: 82940
tot_msg_rcv: 2281
tot_msg_sent: 4433
tot_reconf_duration: 11.31
tot_sleeping_duration: 5875356.334360019
tot_uptimes: 1529
tot_uptimes_duration: 91743.91463998077
