comms_cons: 78.6030399965569
finished_reconf: true
global_termination_time: 768883.76
local_termination_time: 331414.79136000003
node_cons: 15755.192663359676
tot_aggregated_send: 10208
tot_msg_rcv: 578
tot_msg_sent: 1160
tot_reconf_duration: 6.279999999999999
tot_sleeping_duration: 757123.7417600002
tot_uptimes: 197
tot_uptimes_duration: 11760.018239999772
