comms_cons: 80.07271679588331
finished_reconf: true
global_termination_time: 771940.168
local_termination_time: 28420.809320000004
node_cons: 15838.05577231049
tot_aggregated_send: 10034
tot_msg_rcv: 735
tot_msg_sent: 1401
tot_reconf_duration: 8.09
tot_sleeping_duration: 760120.1011200071
tot_uptimes: 198
tot_uptimes_duration: 11820.066879992883
