comms_cons: 77.66543359324562
finished_reconf: true
global_termination_time: 768163.887
local_termination_time: 307080.6013600001
node_cons: 15763.856668943885
tot_aggregated_send: 10208
tot_msg_rcv: 510
tot_msg_sent: 1087
tot_reconf_duration: 12.629999999999999
tot_sleeping_duration: 756403.838360012
tot_uptimes: 197
tot_uptimes_duration: 11760.048639987945
