comms_cons: 76.92949119925323
finished_reconf: true
global_termination_time: 767465.634
local_termination_time: 101765.57635999996
node_cons: 15761.52638224288
tot_aggregated_send: 10730
tot_msg_rcv: 331
tot_msg_sent: 631
tot_reconf_duration: 10.95
tot_sleeping_duration: 755705.6218399978
tot_uptimes: 197
tot_uptimes_duration: 11760.012160002138
