comms_cons: 78.10826239634278
finished_reconf: true
global_termination_time: 770273.188
local_termination_time: 324954.9013600001
node_cons: 15847.836143350556
tot_aggregated_send: 10556
tot_msg_rcv: 454
tot_msg_sent: 862
tot_reconf_duration: 15.34
tot_sleeping_duration: 758453.1697600071
tot_uptimes: 198
tot_uptimes_duration: 11820.018239992904
