comms_cons: 2.1579775999928694
finished_reconf: true
global_termination_time: 13454.088
local_termination_time: 7841.567360000001
node_cons: 271.77870000000075
tot_aggregated_send: 0
tot_msg_rcv: 175
tot_msg_sent: 153
tot_reconf_duration: 22.65
tot_sleeping_duration: 13274.088
tot_uptimes: 4
tot_uptimes_duration: 180.0
