comms_cons: 68.45685760707181
finished_reconf: true
global_termination_time: 313588.4180400003
local_termination_time: 313588.3769200003
node_cons: 6494.61699577126
tot_aggregated_send: 0
tot_msg_rcv: 5722
tot_msg_sent: 4682
tot_reconf_duration: 24.59
tot_sleeping_duration: 308763.0081999919
tot_uptimes: 81
tot_uptimes_duration: 4825.409840008397
