comms_cons: 52.863871999980226
finished_reconf: true
global_termination_time: 541407.4725999999
local_termination_time: 275973.10660000006
node_cons: 11158.829922799912
tot_aggregated_send: 7888
tot_msg_rcv: 36
tot_msg_sent: 110
tot_reconf_duration: 25.299999999999997
tot_sleeping_duration: 533099.4273999999
tot_uptimes: 139
tot_uptimes_duration: 8308.045199999935
