comms_cons: 54.00866560127949
finished_reconf: true
global_termination_time: 532059.531
local_termination_time: 227434.18136000005
node_cons: 10947.112425607163
tot_aggregated_send: 6902
tot_msg_rcv: 438
tot_msg_sent: 869
tot_reconf_duration: 15.34
tot_sleeping_duration: 523899.5005999946
tot_uptimes: 137
tot_uptimes_duration: 8160.030400005344
