comms_cons: 462.82160645166715
finished_reconf: true
global_termination_time: 4703073.729
local_termination_time: 2496587.083799999
node_cons: 96750.2324255825
tot_aggregated_send: 66294
tot_msg_rcv: 1300
tot_msg_sent: 2752
tot_reconf_duration: 15.34
tot_sleeping_duration: 4630833.698600011
tot_uptimes: 1205
tot_uptimes_duration: 72240.0303999891
