comms_cons: 473.29510408631864
finished_reconf: true
global_termination_time: 4702732.810119996
local_termination_time: 48800.625600000014
node_cons: 96788.63993556697
tot_aggregated_send: 65482
tot_msg_rcv: 2134
tot_msg_sent: 4319
tot_reconf_duration: 22.65
tot_sleeping_duration: 4630471.509720019
tot_uptimes: 1205
tot_uptimes_duration: 72261.30039997736
