comms_cons: 464.5002048603568
finished_reconf: true
global_termination_time: 4708789.763
local_termination_time: 2357619.5934399995
node_cons: 96817.11464558261
tot_aggregated_send: 66236
tot_msg_rcv: 1575
tot_msg_sent: 2790
tot_reconf_duration: 5.43
tot_sleeping_duration: 4636489.732600011
tot_uptimes: 1206
tot_uptimes_duration: 72300.03039998887
