comms_cons: 51.88977920251759
finished_reconf: true
global_termination_time: 405303.5446000001
local_termination_time: 405303.5034800001
node_cons: 8344.333972970751
tot_aggregated_send: 3016
tot_msg_rcv: 1861
tot_msg_sent: 3020
tot_reconf_duration: 37.410000000000004
tot_sleeping_duration: 399109.71995999204
tot_uptimes: 104
tot_uptimes_duration: 6193.824640008017
