comms_cons: 41.58117120041592
finished_reconf: true
global_termination_time: 407075.298
local_termination_time: 374.8239199999995
node_cons: 8380.097321119161
tot_aggregated_send: 5336
tot_msg_rcv: 301
tot_msg_sent: 683
tot_reconf_duration: 18.21
tot_sleeping_duration: 400835.2919200006
tot_uptimes: 105
tot_uptimes_duration: 6240.006079999366
