comms_cons: 41.44238080077627
finished_reconf: true
global_termination_time: 409113.007
local_termination_time: 64937.94576000018
node_cons: 8367.73952112144
tot_aggregated_send: 5336
tot_msg_rcv: 270
tot_msg_sent: 693
tot_reconf_duration: 9.11
tot_sleeping_duration: 402873.0009199989
tot_uptimes: 105
tot_uptimes_duration: 6240.006080001069
