comms_cons: 41.51475200098092
finished_reconf: true
global_termination_time: 409273.285
local_termination_time: 193050.07460000008
node_cons: 8363.814901121441
tot_aggregated_send: 5510
tot_msg_rcv: 282
tot_msg_sent: 518
tot_reconf_duration: 6.22
tot_sleeping_duration: 403033.2789199989
tot_uptimes: 105
tot_uptimes_duration: 6240.006080001069
