comms_cons: 397.6906944459538
finished_reconf: true
global_termination_time: 3974716.031
local_termination_time: 911490.7543599999
node_cons: 81722.9641044659
tot_aggregated_send: 55216
tot_msg_rcv: 1810
tot_msg_sent: 3420
tot_reconf_duration: 12.629999999999999
tot_sleeping_duration: 3913696.006680009
tot_uptimes: 1018
tot_uptimes_duration: 61020.024319991004
