comms_cons: 398.44951045059986
finished_reconf: true
global_termination_time: 3970289.181
local_termination_time: 1181172.7213599996
node_cons: 81629.6307466993
tot_aggregated_send: 54926
tot_msg_rcv: 1956
tot_msg_sent: 3680
tot_reconf_duration: 3.05
tot_sleeping_duration: 3909329.1445200136
tot_uptimes: 1017
tot_uptimes_duration: 60960.03647998627
