comms_cons: 392.61642881433477
finished_reconf: true
global_termination_time: 3969781.709
local_termination_time: 1641426.83236
node_cons: 81632.83836334929
tot_aggregated_send: 55216
tot_msg_rcv: 1670
tot_msg_sent: 2789
tot_reconf_duration: 5.43
tot_sleeping_duration: 3908821.690760006
tot_uptimes: 1017
tot_uptimes_duration: 60960.0182399936
