comms_cons: 452.4493952487368
finished_reconf: true
global_termination_time: 4572935.097959999
local_termination_time: 4572935.056839999
node_cons: 94188.141683905
tot_aggregated_send: 65978
tot_msg_rcv: 836
tot_msg_sent: 1953
tot_reconf_duration: 37.410000000000004
tot_sleeping_duration: 4502630.886680008
tot_uptimes: 1172
tot_uptimes_duration: 70304.21127999095
