comms_cons: 451.4647040388049
finished_reconf: true
global_termination_time: 4572965.49
local_termination_time: 1657684.2263599997
node_cons: 94179.00752111404
tot_aggregated_send: 66004
tot_msg_rcv: 945
tot_msg_sent: 1671
tot_reconf_duration: 15.110000000000001
tot_sleeping_duration: 4502645.483920002
tot_uptimes: 1172
tot_uptimes_duration: 70320.00607999763
