comms_cons: 280.17266562532006
finished_reconf: true
global_termination_time: 2810132.757
local_termination_time: 4935.555
node_cons: 57855.07732334946
tot_aggregated_send: 39490
tot_msg_rcv: 1035
tot_msg_sent: 2058
tot_reconf_duration: 7.55
tot_sleeping_duration: 2766932.738760007
tot_uptimes: 720
tot_uptimes_duration: 43200.0182399929
