comms_cons: 275.0538176147236
finished_reconf: true
global_termination_time: 2809744.352
local_termination_time: 6853.5199999999995
node_cons: 57859.74066781775
tot_aggregated_send: 38907
tot_msg_rcv: 993
tot_msg_sent: 1906
tot_reconf_duration: 10.96
tot_sleeping_duration: 2766544.309440016
tot_uptimes: 720
tot_uptimes_duration: 43200.04255998414
