comms_cons: 276.6459520270277
finished_reconf: true
global_termination_time: 2808891.98
local_termination_time: 4016.035
node_cons: 57856.95406558439
tot_aggregated_send: 39373
tot_msg_rcv: 958
tot_msg_sent: 1718
tot_reconf_duration: 8.92
tot_sleeping_duration: 2765691.949600011
tot_uptimes: 720
tot_uptimes_duration: 43200.030399989104
