comms_cons: 284.009600018716
finished_reconf: true
global_termination_time: 2809525.26
local_termination_time: 4599.092000000001
node_cons: 57848.63493005537
tot_aggregated_send: 38450
tot_msg_rcv: 1513
tot_msg_sent: 3204
tot_reconf_duration: 2.77
tot_sleeping_duration: 2766325.2052800176
tot_uptimes: 720
tot_uptimes_duration: 43200.05471998238
