comms_cons: 278.89804800726324
finished_reconf: true
global_termination_time: 2808384.763
local_termination_time: 6923.321
node_cons: 57853.62152670028
tot_aggregated_send: 39665
tot_msg_rcv: 942
tot_msg_sent: 1784
tot_reconf_duration: 6.46
tot_sleeping_duration: 2765184.7265200135
tot_uptimes: 720
tot_uptimes_duration: 43200.03647998604
