comms_cons: 15.520959999962333
finished_reconf: true
global_termination_time: 14678.550240000002
local_termination_time: 1545.7870400000015
node_cons: 2676.6660806000164
tot_aggregated_send: 0
tot_msg_rcv: 1124
tot_msg_sent: 1235
tot_reconf_duration: 18.21
tot_sleeping_duration: 12698.01483999999
tot_uptimes: 31
tot_uptimes_duration: 1980.5354000000118
