comms_cons: 39.67854080006621
finished_reconf: true
global_termination_time: 400850.491
local_termination_time: 53222.80248000001
node_cons: 8205.299560000009
tot_aggregated_send: 5336
tot_msg_rcv: 217
tot_msg_sent: 477
tot_reconf_duration: 7.819999999999999
tot_sleeping_duration: 394730.491
tot_uptimes: 103
tot_uptimes_duration: 6120.0
