comms_cons: 40.71271680043202
finished_reconf: true
global_termination_time: 398640.165
local_termination_time: 88458.72147999996
node_cons: 8210.047121121457
tot_aggregated_send: 5394
tot_msg_rcv: 278
tot_msg_sent: 516
tot_reconf_duration: 11.31
tot_sleeping_duration: 392520.1589199989
tot_uptimes: 103
tot_uptimes_duration: 6120.006080001069
