comms_cons: 200.58664958870796
finished_reconf: true
global_termination_time: 2025159.691
local_termination_time: 902285.2353599998
node_cons: 41631.49526223325
tot_aggregated_send: 28130
tot_msg_rcv: 752
tot_msg_sent: 1606
tot_reconf_duration: 11.31
tot_sleeping_duration: 1994079.6788400048
tot_uptimes: 519
tot_uptimes_duration: 31080.01215999527
