comms_cons: 101.4602239872821
finished_reconf: true
global_termination_time: 810457.6662400004
local_termination_time: 7060.982999999999
node_cons: 16727.21347302737
tot_aggregated_send: 5510
tot_msg_rcv: 3685
tot_msg_sent: 6230
tot_reconf_duration: 18.21
tot_sleeping_duration: 797983.8168800098
tot_uptimes: 208
tot_uptimes_duration: 12473.849359990563
