comms_cons: 80.98554239847846
finished_reconf: true
global_termination_time: 814816.254
local_termination_time: 721798.9713599999
node_cons: 16726.896482242915
tot_aggregated_send: 11310
tot_msg_rcv: 308
tot_msg_sent: 691
tot_reconf_duration: 11.899999999999999
tot_sleeping_duration: 802336.2418399978
tot_uptimes: 209
tot_uptimes_duration: 12480.012160002138
