comms_cons: 49.67358720400097
finished_reconf: true
global_termination_time: 340031.221
local_termination_time: 21595.86236
node_cons: 7014.309180000007
tot_aggregated_send: 0
tot_msg_rcv: 3794
tot_msg_sent: 3757
tot_reconf_duration: 18.21
tot_sleeping_duration: 334811.221
tot_uptimes: 88
tot_uptimes_duration: 5220.0
