comms_cons: 50.329561604179176
finished_reconf: true
global_termination_time: 343231.417
local_termination_time: 24241.884360000004
node_cons: 6993.749269161659
tot_aggregated_send: 0
tot_msg_rcv: 3904
tot_msg_sent: 3746
tot_reconf_duration: 3.05
tot_sleeping_duration: 338011.3965599988
tot_uptimes: 88
tot_uptimes_duration: 5220.02044000123
