comms_cons: 53.57248000479511
finished_reconf: true
global_termination_time: 272768.475
local_termination_time: 4784.52436
node_cons: 5574.218700000006
tot_aggregated_send: 0
tot_msg_rcv: 4160
tot_msg_sent: 3982
tot_reconf_duration: 22.65
tot_sleeping_duration: 268628.475
tot_uptimes: 70
tot_uptimes_duration: 4140.0
