comms_cons: 52.42306560189426
finished_reconf: true
global_termination_time: 502537.911
local_termination_time: 283393.76508000016
node_cons: 10292.064522242834
tot_aggregated_send: 6380
tot_msg_rcv: 547
tot_msg_sent: 1041
tot_reconf_duration: 6.279999999999999
tot_sleeping_duration: 494857.8988399979
tot_uptimes: 129
tot_uptimes_duration: 7680.0121600021375
