comms_cons: 51.36311040117631
finished_reconf: true
global_termination_time: 503901.972
local_termination_time: 334785.4333600001
node_cons: 10371.440342242884
tot_aggregated_send: 6728
tot_msg_rcv: 325
tot_msg_sent: 753
tot_reconf_duration: 5.57
tot_sleeping_duration: 496161.9598399979
tot_uptimes: 130
tot_uptimes_duration: 7740.0121600021375
