comms_cons: 53.1342464008889
finished_reconf: true
global_termination_time: 506764.785
local_termination_time: 104004.21647999997
node_cons: 10394.634982242887
tot_aggregated_send: 6670
tot_msg_rcv: 609
tot_msg_sent: 798
tot_reconf_duration: 22.65
tot_sleeping_duration: 499024.77283999784
tot_uptimes: 130
tot_uptimes_duration: 7740.0121600021375
