comms_cons: 2.2566655999967637
finished_reconf: true
global_termination_time: 12637.032
local_termination_time: 4957.11736
node_cons: 253.39137999999954
tot_aggregated_send: 0
tot_msg_rcv: 177
tot_msg_sent: 166
tot_reconf_duration: 9.11
tot_sleeping_duration: 12457.032
tot_uptimes: 4
tot_uptimes_duration: 180.0
