comms_cons: 2.5178111999931967
finished_reconf: true
global_termination_time: 13196.607
local_termination_time: 6690.3643600000005
node_cons: 258.1796811200064
tot_aggregated_send: 0
tot_msg_rcv: 219
tot_msg_sent: 164
tot_reconf_duration: 12.629999999999999
tot_sleeping_duration: 13016.600919999995
tot_uptimes: 4
tot_uptimes_duration: 180.00608000000466
