comms_cons: 12.40298240013175
finished_reconf: true
global_termination_time: 94152.36447999996
local_termination_time: 94152.32335999997
node_cons: 2066.3130587199294
tot_aggregated_send: 0
tot_msg_rcv: 557
tot_msg_sent: 1327
tot_reconf_duration: 88.22000000000001
tot_sleeping_duration: 92698.66
tot_uptimes: 25
tot_uptimes_duration: 1453.7044799999567
