comms_cons: 11.633907199817049
finished_reconf: true
global_termination_time: 94657.715
local_termination_time: 3111.3631200000004
node_cons: 1940.9876267177622
tot_aggregated_send: 0
tot_msg_rcv: 660
tot_msg_sent: 1110
tot_reconf_duration: 9.41
tot_sleeping_duration: 93217.67852000166
tot_uptimes: 25
tot_uptimes_duration: 1440.036479998329
