comms_cons: 231.9319039869669
finished_reconf: true
global_termination_time: 2354155.593
local_termination_time: 689195.0581999996
node_cons: 48375.66621999931
tot_aggregated_send: 33408
tot_msg_rcv: 582
tot_msg_sent: 1262
tot_reconf_duration: 8.09
tot_sleeping_duration: 2318035.593
tot_uptimes: 603
tot_uptimes_duration: 36119.999999999985
