comms_cons: 231.90238719439648
finished_reconf: true
global_termination_time: 2357133.738
local_termination_time: 1323035.8313199987
node_cons: 48459.890099999626
tot_aggregated_send: 33988
tot_msg_rcv: 309
tot_msg_sent: 950
tot_reconf_duration: 10.95
tot_sleeping_duration: 2320953.738
tot_uptimes: 604
tot_uptimes_duration: 36180.0
