comms_cons: 236.7196159756796
finished_reconf: true
global_termination_time: 2356798.66
local_termination_time: 1112399.24536
node_cons: 48455.69654781729
tot_aggregated_send: 31610
tot_msg_rcv: 1536
tot_msg_sent: 2834
tot_reconf_duration: 7.819999999999999
tot_sleeping_duration: 2320618.617440017
tot_uptimes: 604
tot_uptimes_duration: 36180.04255998344
