comms_cons: 1.4636543999986247
finished_reconf: true
global_termination_time: 10525.639
local_termination_time: 6139.1737600000015
node_cons: 177.83154000000016
tot_aggregated_send: 0
tot_msg_rcv: 117
tot_msg_sent: 105
tot_reconf_duration: 12.629999999999999
tot_sleeping_duration: 10405.639
tot_uptimes: 3
tot_uptimes_duration: 120.0
