comms_cons: 1.7434879999942396
finished_reconf: true
global_termination_time: 10635.293
local_termination_time: 4585.005360000001
node_cons: 186.07460000000097
tot_aggregated_send: 0
tot_msg_rcv: 166
tot_msg_sent: 99
tot_reconf_duration: 18.700000000000003
tot_sleeping_duration: 10515.293
tot_uptimes: 3
tot_uptimes_duration: 120.0
