comms_cons: 1.5592703999948487
finished_reconf: true
global_termination_time: 14092.219
local_termination_time: 7205.443359999999
node_cons: 245.16189999999904
tot_aggregated_send: 0
tot_msg_rcv: 121
tot_msg_sent: 116
tot_reconf_duration: 3.05
tot_sleeping_duration: 13912.219
tot_uptimes: 4
tot_uptimes_duration: 180.0
