comms_cons: 1.5329535999949357
finished_reconf: true
global_termination_time: 13414.79
local_termination_time: 5273.794360000001
node_cons: 248.3939400000004
tot_aggregated_send: 0
tot_msg_rcv: 120
tot_msg_sent: 113
tot_reconf_duration: 5.43
tot_sleeping_duration: 13234.79
tot_uptimes: 4
tot_uptimes_duration: 180.0
