comms_cons: 138.37498879708448
finished_reconf: true
global_termination_time: 1384901.233
local_termination_time: 520873.92136000004
node_cons: 28474.758105593388
tot_aggregated_send: 18270
tot_msg_rcv: 979
tot_msg_sent: 1784
tot_reconf_duration: 25.299999999999997
tot_sleeping_duration: 1363661.202600005
tot_uptimes: 355
tot_uptimes_duration: 21240.03039999504
