comms_cons: 141.99257598888187
finished_reconf: true
global_termination_time: 1383807.983
local_termination_time: 546791.5924399995
node_cons: 28451.435772298948
tot_aggregated_send: 17574
tot_msg_rcv: 1386
tot_msg_sent: 2624
tot_reconf_duration: 8.09
tot_sleeping_duration: 1362567.9161200156
tot_uptimes: 355
tot_uptimes_duration: 21240.066879984282
