comms_cons: 140.73394558971617
finished_reconf: true
global_termination_time: 1383329.723
local_termination_time: 99921.22075999949
node_cons: 28451.11795901379
tot_aggregated_send: 18096
tot_msg_rcv: 1132
tot_msg_sent: 2162
tot_reconf_duration: 7.819999999999999
tot_sleeping_duration: 1362089.6196400197
tot_uptimes: 355
tot_uptimes_duration: 21240.103359980392
