comms_cons: 140.68961278878172
finished_reconf: true
global_termination_time: 1385671.464
local_termination_time: 583474.9043599998
node_cons: 28447.79092781778
tot_aggregated_send: 17922
tot_msg_rcv: 1194
tot_msg_sent: 2268
tot_reconf_duration: 5.43
tot_sleeping_duration: 1364431.4214400165
tot_uptimes: 355
tot_uptimes_duration: 21240.04255998344
