comms_cons: 161.92761598675338
finished_reconf: true
global_termination_time: 1611917.697
local_termination_time: 20083.62536
node_cons: 33124.84174446736
tot_aggregated_send: 22678
tot_msg_rcv: 725
tot_msg_sent: 1209
tot_reconf_duration: 18.21
tot_sleeping_duration: 1587197.6726800094
tot_uptimes: 413
tot_uptimes_duration: 24720.024319990538
