comms_cons: 156.97313279640935
finished_reconf: true
global_termination_time: 1610439.867
local_termination_time: 468668.74136000004
node_cons: 33107.65220111688
tot_aggregated_send: 22852
tot_msg_rcv: 256
tot_msg_sent: 751
tot_reconf_duration: 5.57
tot_sleeping_duration: 1585719.8609200025
tot_uptimes: 413
tot_uptimes_duration: 24720.006079997635
