comms_cons: 160.63262719134107
finished_reconf: true
global_termination_time: 1611531.851
local_termination_time: 837052.3334799998
node_cons: 33107.47836335044
tot_aggregated_send: 22098
tot_msg_rcv: 720
tot_msg_sent: 1597
tot_reconf_duration: 5.43
tot_sleeping_duration: 1586811.8327600071
tot_uptimes: 413
tot_uptimes_duration: 24720.018239992904
