comms_cons: 151.92030719593853
finished_reconf: true
global_termination_time: 1547232.852
local_termination_time: 400124.51860000007
node_cons: 31829.998980000048
tot_aggregated_send: 22156
tot_msg_rcv: 277
tot_msg_sent: 658
tot_reconf_duration: 11.31
tot_sleeping_duration: 1523472.852
tot_uptimes: 397
tot_uptimes_duration: 23760.0
