comms_cons: 272.8005120009162
finished_reconf: true
global_termination_time: 2736332.0912399893
local_termination_time: 144823.94292000073
node_cons: 56330.91202405349
tot_aggregated_send: 38396
tot_msg_rcv: 922
tot_msg_sent: 2146
tot_reconf_duration: 18.21
tot_sleeping_duration: 2694281.170520008
tot_uptimes: 701
tot_uptimes_duration: 42050.92071998093
