comms_cons: 435.0204797322667
finished_reconf: true
global_termination_time: 2739046.132
local_termination_time: 1681041.9174799996
node_cons: 56325.28208223251
tot_aggregated_send: 0
tot_msg_rcv: 33460
tot_msg_sent: 32660
tot_reconf_duration: 5.1
tot_sleeping_duration: 2696986.119840005
tot_uptimes: 702
tot_uptimes_duration: 42060.01215999527
