comms_cons: 396.19358721942956
finished_reconf: true
global_termination_time: 4059874.156
local_termination_time: 2711494.0326000005
node_cons: 83480.84034223223
tot_aggregated_send: 57304
tot_msg_rcv: 940
tot_msg_sent: 1975
tot_reconf_duration: 5.57
tot_sleeping_duration: 3997534.1438400047
tot_uptimes: 1040
tot_uptimes_duration: 62340.0121599955
