comms_cons: 404.33818883361056
finished_reconf: true
global_termination_time: 4059308.958
local_termination_time: 1309892.3970799998
node_cons: 83488.69305345087
tot_aggregated_send: 55738
tot_msg_rcv: 1889
tot_msg_sent: 3830
tot_reconf_duration: 11.31
tot_sleeping_duration: 3996968.9026800203
tot_uptimes: 1040
tot_uptimes_duration: 62340.05531997979
