comms_cons: 300.05099520976074
finished_reconf: true
global_termination_time: 3001614.873
local_termination_time: 1748696.748359998
node_cons: 61763.625215269756
tot_aggregated_send: 41586
tot_msg_rcv: 1407
tot_msg_sent: 2613
tot_reconf_duration: 25.299999999999997
tot_sleeping_duration: 2955513.8514800067
tot_uptimes: 769
tot_uptimes_duration: 46101.0215199932
