comms_cons: 300.6898048158145
finished_reconf: true
global_termination_time: 3002248.174
local_termination_time: 1647361.2583599999
node_cons: 61719.02928334951
tot_aggregated_send: 41818
tot_msg_rcv: 1396
tot_msg_sent: 2490
tot_reconf_duration: 13.17
tot_sleeping_duration: 2956168.155760007
tot_uptimes: 769
tot_uptimes_duration: 46080.01823999314
