comms_cons: 301.2481280201716
finished_reconf: true
global_termination_time: 3001591.256
local_termination_time: 1122665.1503599999
node_cons: 61714.00191228482
tot_aggregated_send: 42050
tot_msg_rcv: 1239
tot_msg_sent: 2499
tot_reconf_duration: 9.42
tot_sleeping_duration: 2955511.1891200254
tot_uptimes: 769
tot_uptimes_duration: 46080.06687997468
