comms_cons: 290.379571183731
finished_reconf: true
global_termination_time: 3003798.026
local_termination_time: 1978411.2893599998
node_cons: 61788.84208111554
tot_aggregated_send: 41412
tot_msg_rcv: 889
tot_msg_sent: 1835
tot_reconf_duration: 5.43
tot_sleeping_duration: 2957658.0199200027
tot_uptimes: 770
tot_uptimes_duration: 46140.006079997635
