comms_cons: 82.79303679765195
finished_reconf: true
global_termination_time: 688657.678
local_termination_time: 260136.6485600007
node_cons: 14164.683155695418
tot_aggregated_send: 4582
tot_msg_rcv: 3241
tot_msg_sent: 4769
tot_reconf_duration: 18.21
tot_sleeping_duration: 678097.5928799885
tot_uptimes: 177
tot_uptimes_duration: 10560.085120011514
