comms_cons: 70.12225279788657
finished_reconf: true
global_termination_time: 689658.281
local_termination_time: 336626.41836000007
node_cons: 14152.235803359696
tot_aggregated_send: 9106
tot_msg_rcv: 507
tot_msg_sent: 1045
tot_reconf_duration: 9.11
tot_sleeping_duration: 679098.2627600002
tot_uptimes: 177
tot_uptimes_duration: 10560.018239999772
