comms_cons: 68.41710079934677
finished_reconf: true
global_termination_time: 687661.077
local_termination_time: 406817.5383600005
node_cons: 14145.80161999996
tot_aggregated_send: 9280
tot_msg_rcv: 423
tot_msg_sent: 696
tot_reconf_duration: 4.390000000000001
tot_sleeping_duration: 677101.077
tot_uptimes: 177
tot_uptimes_duration: 10560.0
