comms_cons: 67.57170560034982
finished_reconf: true
global_termination_time: 688256.291
local_termination_time: 369536.45900000003
node_cons: 14156.512485445648
tot_aggregated_send: 9213
tot_msg_rcv: 356
tot_msg_sent: 702
tot_reconf_duration: 11.31
tot_sleeping_duration: 677695.3100399957
tot_uptimes: 177
tot_uptimes_duration: 10560.980960004206
