comms_cons: 138.88292479556497
finished_reconf: true
global_termination_time: 1395402.515
local_termination_time: 82907.28935999998
node_cons: 28702.21172000006
tot_aggregated_send: 19952
tot_msg_rcv: 417
tot_msg_sent: 740
tot_reconf_duration: 15.34
tot_sleeping_duration: 1373982.515
tot_uptimes: 358
tot_uptimes_duration: 21420.0
