comms_cons: 139.5908863912787
finished_reconf: true
global_termination_time: 1397350.102
local_termination_time: 140283.26680000074
node_cons: 28701.899380000064
tot_aggregated_send: 19836
tot_msg_rcv: 525
tot_msg_sent: 856
tot_reconf_duration: 15.110000000000001
tot_sleeping_duration: 1375930.102
tot_uptimes: 358
tot_uptimes_duration: 21420.0
