comms_cons: 1.6382207999945877
finished_reconf: true
global_termination_time: 9361.887
local_termination_time: 6182.964360000001
node_cons: 169.2082400000009
tot_aggregated_send: 0
tot_msg_rcv: 138
tot_msg_sent: 111
tot_reconf_duration: 6.279999999999999
tot_sleeping_duration: 9241.887
tot_uptimes: 3
tot_uptimes_duration: 120.0
