comms_cons: 77.23322879839424
finished_reconf: true
global_termination_time: 770545.6747199998
local_termination_time: 770545.6335999998
node_cons: 15881.57098256544
tot_aggregated_send: 10716
tot_msg_rcv: 312
tot_msg_sent: 710
tot_reconf_duration: 24.59
tot_sleeping_duration: 758709.8436799957
tot_uptimes: 198
tot_uptimes_duration: 11835.831040004035
