comms_cons: 77.06279680019455
finished_reconf: true
global_termination_time: 773660.844
local_termination_time: 239048.24348000006
node_cons: 15928.18428448574
tot_aggregated_send: 9860
tot_msg_rcv: 583
tot_msg_sent: 1270
tot_reconf_duration: 15.34
tot_sleeping_duration: 761780.8196799958
tot_uptimes: 199
tot_uptimes_duration: 11880.024320004275
