comms_cons: 76.7344639992152
finished_reconf: true
global_termination_time: 772781.758
local_termination_time: 225074.50836000007
node_cons: 15861.345541116878
tot_aggregated_send: 10150
tot_msg_rcv: 480
tot_msg_sent: 1034
tot_reconf_duration: 25.299999999999997
tot_sleeping_duration: 760961.7519200024
tot_uptimes: 198
tot_uptimes_duration: 11820.006079997635
