comms_cons: 76.80558079934721
finished_reconf: true
global_termination_time: 772613.094
local_termination_time: 548844.4400000001
node_cons: 15852.630952878468
tot_aggregated_send: 10549
tot_msg_rcv: 377
tot_msg_sent: 748
tot_reconf_duration: 13.17
tot_sleeping_duration: 760787.2940800012
tot_uptimes: 198
tot_uptimes_duration: 11825.799919998797
