comms_cons: 78.96001919823463
finished_reconf: true
global_termination_time: 774208.391
local_termination_time: 499324.006
node_cons: 15920.318395922493
tot_aggregated_send: 9915
tot_msg_rcv: 740
tot_msg_sent: 1346
tot_reconf_duration: 6.22
tot_sleeping_duration: 762324.9917199981
tot_uptimes: 199
tot_uptimes_duration: 11883.399280001875
