comms_cons: 312.2554110334693
finished_reconf: true
global_termination_time: 1070868.348
local_termination_time: 580515.4100399993
node_cons: 43810.17914799942
tot_aggregated_send: 0
tot_msg_rcv: 15874
tot_msg_sent: 31587
tot_reconf_duration: 18.21
tot_sleeping_duration: 1038168.2360000001
tot_uptimes: 542
tot_uptimes_duration: 32700.11199999991
