comms_cons: 107.77352319352421
finished_reconf: true
global_termination_time: 1067824.88124
local_termination_time: 61860.133360000014
node_cons: 21957.374151593758
tot_aggregated_send: 14732
tot_msg_rcv: 597
tot_msg_sent: 1052
tot_reconf_duration: 3.05
tot_sleeping_duration: 1051429.6368400047
tot_uptimes: 274
tot_uptimes_duration: 16395.24439999531
