comms_cons: 106.97121279436956
finished_reconf: true
global_termination_time: 1069424.295
local_termination_time: 759935.0563599999
node_cons: 21941.274901116984
tot_aggregated_send: 14848
tot_msg_rcv: 427
tot_msg_sent: 984
tot_reconf_duration: 6.22
tot_sleeping_duration: 1053044.2889200023
tot_uptimes: 274
tot_uptimes_duration: 16380.006079997635
