comms_cons: 254.78232959238414
finished_reconf: true
global_termination_time: 2564427.38
local_termination_time: 1488986.77736
node_cons: 52711.52746558426
tot_aggregated_send: 34800
tot_msg_rcv: 1250
tot_msg_sent: 2676
tot_reconf_duration: 6.22
tot_sleeping_duration: 2525067.349600011
tot_uptimes: 657
tot_uptimes_duration: 39360.03039998887
