comms_cons: 655.4357953144143
finished_reconf: true
global_termination_time: 6667455.832
local_termination_time: 4604450.73436
node_cons: 137155.26638223007
tot_aggregated_send: 91872
tot_msg_rcv: 2691
tot_msg_sent: 5059
tot_reconf_duration: 10.95
tot_sleeping_duration: 6565035.819840005
tot_uptimes: 1708
tot_uptimes_duration: 102420.01215999573
