comms_cons: 662.4035521298456
finished_reconf: true
global_termination_time: 6664178.845
local_termination_time: 1887416.7293199995
node_cons: 137067.47906893227
tot_aggregated_send: 92974
tot_msg_rcv: 2594
tot_msg_sent: 5114
tot_reconf_duration: 5.43
tot_sleeping_duration: 6561818.796360018
tot_uptimes: 1707
tot_uptimes_duration: 102360.04863998268
