comms_cons: 413.6496192855483
finished_reconf: true
global_termination_time: 4103357.705
local_termination_time: 2177220.59136
node_cons: 84363.00232558341
tot_aggregated_send: 57072
tot_msg_rcv: 1969
tot_msg_sent: 3831
tot_reconf_duration: 4.390000000000001
tot_sleeping_duration: 4040357.674600011
tot_uptimes: 1051
tot_uptimes_duration: 63000.030399989104
