comms_cons: 414.3664768651103
finished_reconf: true
global_termination_time: 4098594.394
local_termination_time: 1676308.6673599998
node_cons: 84285.18003005115
tot_aggregated_send: 56782
tot_msg_rcv: 2134
tot_msg_sent: 4067
tot_reconf_duration: 6.22
tot_sleeping_duration: 4035654.3392800195
tot_uptimes: 1050
tot_uptimes_duration: 62940.05471998011
