comms_cons: 0.715110399999848
finished_reconf: true
global_termination_time: 5359.84
local_termination_time: 382.7423599999999
node_cons: 97.49153999999999
tot_aggregated_send: 0
tot_msg_rcv: 61
tot_msg_sent: 47
tot_reconf_duration: 12.629999999999999
tot_sleeping_duration: 5299.84
tot_uptimes: 2
tot_uptimes_duration: 60.0
