comms_cons: 203.2505791932454
finished_reconf: true
global_termination_time: 2058302.217
local_termination_time: 1342331.09136
node_cons: 42364.57459999988
tot_aggregated_send: 29696
tot_msg_rcv: 374
tot_msg_sent: 822
tot_reconf_duration: 18.700000000000003
tot_sleeping_duration: 2026682.217
tot_uptimes: 528
tot_uptimes_duration: 31620.0
