comms_cons: 420.2903232772463
finished_reconf: true
global_termination_time: 4183221.656
local_termination_time: 420231.61436000007
node_cons: 86054.80026558682
tot_aggregated_send: 57594
tot_msg_rcv: 2104
tot_msg_sent: 4183
tot_reconf_duration: 7.819999999999999
tot_sleeping_duration: 4118961.6256000083
tot_uptimes: 1072
tot_uptimes_duration: 64260.03039999184
