comms_cons: 418.35664646780634
finished_reconf: true
global_termination_time: 4182633.837
local_termination_time: 445384.3890800001
node_cons: 86052.62746558218
tot_aggregated_send: 58232
tot_msg_rcv: 1870
tot_msg_sent: 3486
tot_reconf_duration: 6.22
tot_sleeping_duration: 4118373.8066000114
tot_uptimes: 1072
tot_uptimes_duration: 64260.030399988405
