comms_cons: 263.9712895848047
finished_reconf: true
global_termination_time: 2587575.5853199996
local_termination_time: 2587575.5441999994
node_cons: 53246.78964213495
tot_aggregated_send: 35264
tot_msg_rcv: 1708
tot_msg_sent: 3149
tot_reconf_duration: 24.59
tot_sleeping_duration: 2547834.4378800173
tot_uptimes: 663
tot_uptimes_duration: 39741.147439982145
