comms_cons: 262.13432319596996
finished_reconf: true
global_termination_time: 2587576.111239997
local_termination_time: 3600.725000000004
node_cons: 53243.34170342046
tot_aggregated_send: 35612
tot_msg_rcv: 1449
tot_msg_sent: 2780
tot_reconf_duration: 18.21
tot_sleeping_duration: 2547831.068280011
tot_uptimes: 663
tot_uptimes_duration: 39745.042959986036
