comms_cons: 260.2567039922492
finished_reconf: true
global_termination_time: 2588704.787
local_termination_time: 504879.18800000043
node_cons: 53192.0465055833
tot_aggregated_send: 35786
tot_msg_rcv: 1267
tot_msg_sent: 2504
tot_reconf_duration: 5.1
tot_sleeping_duration: 2548984.756600012
tot_uptimes: 663
tot_uptimes_duration: 39720.03039998817
