comms_cons: 258.87157759993073
finished_reconf: true
global_termination_time: 2587788.275
local_termination_time: 493346.06799999997
node_cons: 53219.52995165546
tot_aggregated_send: 35823
tot_msg_rcv: 1020
tot_msg_sent: 2503
tot_reconf_duration: 25.299999999999997
tot_sleeping_duration: 2548068.205880018
tot_uptimes: 663
tot_uptimes_duration: 39720.069119982305
