comms_cons: 211.83112957854726
finished_reconf: true
global_termination_time: 2096010.668
local_termination_time: 369020.1429600006
node_cons: 43093.063828938895
tot_aggregated_send: 28362
tot_msg_rcv: 1243
tot_msg_sent: 2592
tot_reconf_duration: 22.65
tot_sleeping_duration: 2063850.6193600155
tot_uptimes: 537
tot_uptimes_duration: 32160.04863998451
