comms_cons: 215.81053437133912
finished_reconf: true
global_termination_time: 2094835.119
local_termination_time: 658020.3153599999
node_cons: 43072.90840670069
tot_aggregated_send: 27550
tot_msg_rcv: 1821
tot_msg_sent: 3431
tot_reconf_duration: 7.819999999999999
tot_sleeping_duration: 2062675.0825200141
tot_uptimes: 537
tot_uptimes_duration: 32160.036479985807
