comms_cons: 412.2153148454364
finished_reconf: true
global_termination_time: 2098705.908
local_termination_time: 1138.2350400000014
node_cons: 43157.95526223327
tot_aggregated_send: 0
tot_msg_rcv: 31506
tot_msg_sent: 31144
tot_reconf_duration: 11.31
tot_sleeping_duration: 2066485.8958400046
tot_uptimes: 538
tot_uptimes_duration: 32220.01215999527
