comms_cons: 563.5456127334214
finished_reconf: true
global_termination_time: 652367.807
local_termination_time: 186081.36248000007
node_cons: 65070.44327629195
tot_aggregated_send: 0
tot_msg_rcv: 38726
tot_msg_sent: 46928
tot_reconf_duration: 15.34
tot_sleeping_duration: 603787.0664799901
tot_uptimes: 781
tot_uptimes_duration: 48580.74052000982
