comms_cons: 66.29201920009557
finished_reconf: true
global_termination_time: 653249.605
local_termination_time: 306938.83136000007
node_cons: 13423.320121121447
tot_aggregated_send: 8874
tot_msg_rcv: 393
tot_msg_sent: 809
tot_reconf_duration: 4.8100000000000005
tot_sleeping_duration: 643229.5989199989
tot_uptimes: 168
tot_uptimes_duration: 10020.006080001069
