comms_cons: 129.84244478532565
finished_reconf: true
global_termination_time: 654879.601
local_termination_time: 186070.48360000007
node_cons: 13424.178363355102
tot_aggregated_send: 0
tot_msg_rcv: 10047
tot_msg_sent: 9689
tot_reconf_duration: 5.43
tot_sleeping_duration: 644859.5827600036
tot_uptimes: 168
tot_uptimes_duration: 10020.018239996336
