comms_cons: 40.30978560004832
finished_reconf: true
global_termination_time: 410212.775
local_termination_time: 385721.4953600006
node_cons: 8439.841900000074
tot_aggregated_send: 5974
tot_msg_rcv: 38
tot_msg_sent: 114
tot_reconf_duration: 3.05
tot_sleeping_duration: 403912.775
tot_uptimes: 106
tot_uptimes_duration: 6300.0
