comms_cons: 171.92170238845358
finished_reconf: true
global_termination_time: 1736116.623
local_termination_time: 357819.80936000054
node_cons: 35695.70546223362
tot_aggregated_send: 24186
tot_msg_rcv: 737
tot_msg_sent: 1208
tot_reconf_duration: 18.21
tot_sleeping_duration: 1709476.6108400046
tot_uptimes: 445
tot_uptimes_duration: 26640.01215999527
