comms_cons: 173.152012786708
finished_reconf: true
global_termination_time: 1735269.4011200005
local_termination_time: 315697.92348000006
node_cons: 35754.65769303566
tot_aggregated_send: 23722
tot_msg_rcv: 964
tot_msg_sent: 1633
tot_reconf_duration: 4.8100000000000005
tot_sleeping_duration: 1708571.7717600039
tot_uptimes: 445
tot_uptimes_duration: 26697.62935999682
