comms_cons: 167.59196159890504
finished_reconf: true
global_termination_time: 1736167.774
local_termination_time: 902538.2713599998
node_cons: 35686.31897999984
tot_aggregated_send: 25056
tot_msg_rcv: 120
tot_msg_sent: 297
tot_reconf_duration: 11.31
tot_sleeping_duration: 1709527.774
tot_uptimes: 445
tot_uptimes_duration: 26640.0
