comms_cons: 55.49555199990933
finished_reconf: true
global_termination_time: 561118.6596399992
local_termination_time: 561118.6185199992
node_cons: 11565.713895199435
tot_aggregated_send: 8106
tot_msg_rcv: 128
tot_msg_sent: 200
tot_reconf_duration: 24.59
tot_sleeping_duration: 552506.0228399996
tot_uptimes: 144
tot_uptimes_duration: 8612.636799999556
