comms_cons: 54.70319360111116
finished_reconf: true
global_termination_time: 526312.262
local_termination_time: 296982.63708000066
node_cons: 10796.35126448577
tot_aggregated_send: 6786
tot_msg_rcv: 556
tot_msg_sent: 971
tot_reconf_duration: 22.65
tot_sleeping_duration: 518272.2376799957
tot_uptimes: 135
tot_uptimes_duration: 8040.024320004275
