comms_cons: 52.81747200072761
finished_reconf: true
global_termination_time: 521938.2181200005
local_termination_time: 521938.1770000005
node_cons: 10767.968117285538
tot_aggregated_send: 7062
tot_msg_rcv: 292
tot_msg_sent: 673
tot_reconf_duration: 24.59
tot_sleeping_duration: 513921.35859999637
tot_uptimes: 134
tot_uptimes_duration: 8016.859520004116
