comms_cons: 54.890265602290484
finished_reconf: true
global_termination_time: 526222.927
local_termination_time: 229538.49136000007
node_cons: 10772.534646728605
tot_aggregated_send: 6554
tot_msg_rcv: 567
tot_msg_sent: 1222
tot_reconf_duration: 5.1
tot_sleeping_duration: 518182.8905199936
tot_uptimes: 135
tot_uptimes_duration: 8040.036480006413
