comms_cons: 536.4774849173846
finished_reconf: true
global_termination_time: 5336529.184239991
local_termination_time: 68906.15911999973
node_cons: 109826.16109051881
tot_aggregated_send: 74356
tot_msg_rcv: 2446
tot_msg_sent: 4738
tot_reconf_duration: 18.21
tot_sleeping_duration: 5254526.6212000195
tot_uptimes: 1367
tot_uptimes_duration: 82002.56303997169
