comms_cons: 519.8232192212005
finished_reconf: true
global_termination_time: 5341529.266
local_termination_time: 3101240.4333599997
node_cons: 109859.1455411136
tot_aggregated_send: 74240
tot_msg_rcv: 1756
tot_msg_sent: 3014
tot_reconf_duration: 25.299999999999997
tot_sleeping_duration: 5259509.259920002
tot_uptimes: 1368
tot_uptimes_duration: 82020.00607999787
