comms_cons: 530.8564800709831
finished_reconf: true
global_termination_time: 5337607.633
local_termination_time: 1347733.95836
node_cons: 109755.11654781591
tot_aggregated_send: 74182
tot_msg_rcv: 2273
tot_msg_sent: 4232
tot_reconf_duration: 7.819999999999999
tot_sleeping_duration: 5255647.590440016
tot_uptimes: 1367
tot_uptimes_duration: 81960.04255998439
