comms_cons: 48.100070400900464
finished_reconf: true
global_termination_time: 453678.91848000005
local_termination_time: 453678.87736000004
node_cons: 9371.248647687009
tot_aggregated_send: 5612
tot_msg_rcv: 573
tot_msg_sent: 1126
tot_reconf_duration: 24.59
tot_sleeping_duration: 446705.1653599948
tot_uptimes: 117
tot_uptimes_duration: 6973.753120005218
