comms_cons: 45.60043520070304
finished_reconf: true
global_termination_time: 456027.423
local_termination_time: 275993.29736
node_cons: 9325.409761121382
tot_aggregated_send: 6322
tot_msg_rcv: 206
tot_msg_sent: 403
tot_reconf_duration: 4.390000000000001
tot_sleeping_duration: 449067.41691999894
tot_uptimes: 117
tot_uptimes_duration: 6960.006080001069
