comms_cons: 0.9868799999967411
finished_reconf: true
global_termination_time: 4128.8
local_termination_time: 2946.1183600000004
node_cons: 86.87197999999992
tot_aggregated_send: 0
tot_msg_rcv: 94
tot_msg_sent: 56
tot_reconf_duration: 4.8100000000000005
tot_sleeping_duration: 4068.8
tot_uptimes: 2
tot_uptimes_duration: 60.0
