comms_cons: 143.14289921372455
finished_reconf: true
global_termination_time: 294784.09948000015
local_termination_time: 171.96503999999996
node_cons: 18032.783891923733
tot_aggregated_send: 0
tot_msg_rcv: 8770
tot_msg_sent: 12983
tot_reconf_duration: 18.21
tot_sleeping_duration: 281335.2161999974
tot_uptimes: 221
tot_uptimes_duration: 13448.883280002767
