comms_cons: 30.281484800284886
finished_reconf: true
global_termination_time: 295660.71
local_termination_time: 13186.60736
node_cons: 6029.658182239447
tot_aggregated_send: 3886
tot_msg_rcv: 250
tot_msg_sent: 467
tot_reconf_duration: 3.05
tot_sleeping_duration: 291160.69784000044
tot_uptimes: 76
tot_uptimes_duration: 4500.012159999584
