comms_cons: 12.181471999881577
finished_reconf: true
global_termination_time: 108511.034
local_termination_time: 54127.44236000001
node_cons: 2184.5715444777416
tot_aggregated_send: 812
tot_msg_rcv: 290
tot_msg_sent: 748
tot_reconf_duration: 11.31
tot_sleeping_duration: 106891.00968000169
tot_uptimes: 28
tot_uptimes_duration: 1620.024319998316
