comms_cons: 2.598783999991412
finished_reconf: true
global_termination_time: 12215.474
local_termination_time: 5998.89736
node_cons: 245.17004112000527
tot_aggregated_send: 0
tot_msg_rcv: 222
tot_msg_sent: 173
tot_reconf_duration: 3.05
tot_sleeping_duration: 12035.467919999996
tot_uptimes: 4
tot_uptimes_duration: 180.00608000000466
