comms_cons: 460.7206400953631
finished_reconf: true
global_termination_time: 4582489.415
local_termination_time: 2292670.75536
node_cons: 94256.01224558266
tot_aggregated_send: 63510
tot_msg_rcv: 1992
tot_msg_sent: 4521
tot_reconf_duration: 12.629999999999999
tot_sleeping_duration: 4512109.384600011
tot_uptimes: 1174
tot_uptimes_duration: 70380.0303999891
