comms_cons: 462.4538112935097
finished_reconf: true
global_termination_time: 4584082.508
local_termination_time: 1626446.890359999
node_cons: 94254.26039116798
tot_aggregated_send: 63626
tot_msg_rcv: 2252
tot_msg_sent: 4412
tot_reconf_duration: 11.31
tot_sleeping_duration: 4513702.447200023
tot_uptimes: 1174
tot_uptimes_duration: 70380.06079997797
