comms_cons: 236.92859518546067
finished_reconf: true
global_termination_time: 2414713.875
local_termination_time: 598113.4453599999
node_cons: 49674.88988558803
tot_aggregated_send: 33176
tot_msg_rcv: 923
tot_msg_sent: 1912
tot_reconf_duration: 18.21
tot_sleeping_duration: 2377633.8446000083
tot_uptimes: 619
tot_uptimes_duration: 37080.03039999161
