comms_cons: 92.27985919637203
finished_reconf: true
global_termination_time: 949118.5222400001
local_termination_time: 4188.884999999999
node_cons: 19572.51439719862
tot_aggregated_send: 13029
tot_msg_rcv: 306
tot_msg_sent: 690
tot_reconf_duration: 21.68
tot_sleeping_duration: 934523.2474400011
tot_uptimes: 244
tot_uptimes_duration: 14595.274799998951
