comms_cons: 91.23376639808453
finished_reconf: true
global_termination_time: 949311.896
local_termination_time: 4408.233
node_cons: 19536.946900000028
tot_aggregated_send: 13445
tot_msg_rcv: 163
tot_msg_sent: 259
tot_reconf_duration: 10.55
tot_sleeping_duration: 934731.896
tot_uptimes: 244
tot_uptimes_duration: 14580.0
