comms_cons: 121.51845118775945
finished_reconf: true
global_termination_time: 1188579.50224
local_termination_time: 293672.99028000084
node_cons: 24474.504971996026
tot_aggregated_send: 16008
tot_msg_rcv: 896
tot_msg_sent: 1566
tot_reconf_duration: 18.21
tot_sleeping_duration: 1170319.774240003
tot_uptimes: 305
tot_uptimes_duration: 18259.727999996983
