comms_cons: 122.61193598831716
finished_reconf: true
global_termination_time: 1189439.683
local_termination_time: 398388.38936000003
node_cons: 24430.302082233673
tot_aggregated_send: 15718
tot_msg_rcv: 1002
tot_msg_sent: 1917
tot_reconf_duration: 5.1
tot_sleeping_duration: 1171199.6708400047
tot_uptimes: 305
tot_uptimes_duration: 18240.01215999527
