comms_cons: 122.05913598975602
finished_reconf: true
global_termination_time: 1194098.371
local_termination_time: 6676.342080000002
node_cons: 24509.74303119595
tot_aggregated_send: 15718
tot_msg_rcv: 851
tot_msg_sent: 1983
tot_reconf_duration: 4.390000000000001
tot_sleeping_duration: 1175798.3102000032
tot_uptimes: 306
tot_uptimes_duration: 18300.06079999695
