comms_cons: 122.59932159207597
finished_reconf: true
global_termination_time: 1189659.873
local_termination_time: 577214.7184799999
node_cons: 24434.052830065408
tot_aggregated_send: 15776
tot_msg_rcv: 998
tot_msg_sent: 1861
tot_reconf_duration: 7.819999999999999
tot_sleeping_duration: 1171419.8182800107
tot_uptimes: 305
tot_uptimes_duration: 18240.054719989013
