comms_cons: 126.86392319377302
finished_reconf: true
global_termination_time: 1270259.4870399984
local_termination_time: 108966.54359999996
node_cons: 26153.085810277305
tot_aggregated_send: 17342
tot_msg_rcv: 658
tot_msg_sent: 1282
tot_reconf_duration: 15.34
tot_sleeping_duration: 1250743.2405200005
tot_uptimes: 326
tot_uptimes_duration: 19516.24651999795
