comms_cons: 131.91274878412923
finished_reconf: true
global_termination_time: 1276224.37
local_termination_time: 329980.32036000007
node_cons: 26198.461047817877
tot_aggregated_send: 16240
tot_msg_rcv: 1189
tot_msg_sent: 2622
tot_reconf_duration: 5.57
tot_sleeping_duration: 1256664.3274400167
tot_uptimes: 327
tot_uptimes_duration: 19560.04255998344
