comms_cons: 128.11676159209233
finished_reconf: true
global_termination_time: 1275001.278
local_termination_time: 454142.94360000006
node_cons: 26196.809761116812
tot_aggregated_send: 17806
tot_msg_rcv: 568
tot_msg_sent: 1099
tot_reconf_duration: 4.390000000000001
tot_sleeping_duration: 1255441.2719200023
tot_uptimes: 327
tot_uptimes_duration: 19560.006079997635
