comms_cons: 134.00145278351187
finished_reconf: true
global_termination_time: 1273712.888
local_termination_time: 152655.78240000035
node_cons: 26201.516547827032
tot_aggregated_send: 16472
tot_msg_rcv: 1453
tot_msg_sent: 2444
tot_reconf_duration: 7.819999999999999
tot_sleeping_duration: 1254152.8454400098
tot_uptimes: 327
tot_uptimes_duration: 19560.04255999031
