comms_cons: 131.98606718362623
finished_reconf: true
global_termination_time: 1272344.049
local_termination_time: 287851.58236
node_cons: 26119.02817118668
tot_aggregated_send: 16472
tot_msg_rcv: 1204
tot_msg_sent: 2385
tot_reconf_duration: 6.22
tot_sleeping_duration: 1252843.98820001
tot_uptimes: 326
tot_uptimes_duration: 19500.060799990053
