comms_cons: 0.6710784000001059
finished_reconf: true
global_termination_time: 4556.44
local_termination_time: 106.1910400000002
node_cons: 86.87197999999998
tot_aggregated_send: 0
tot_msg_rcv: 47
tot_msg_sent: 55
tot_reconf_duration: 4.8100000000000005
tot_sleeping_duration: 4496.44
tot_uptimes: 2
tot_uptimes_duration: 59.999999999999986
