comms_cons: 123.6758015889925
finished_reconf: true
global_termination_time: 1214134.794
local_termination_time: 80819.29947999997
node_cons: 24936.215687817876
tot_aggregated_send: 16240
tot_msg_rcv: 826
tot_msg_sent: 1732
tot_reconf_duration: 22.65
tot_sleeping_duration: 1195534.7514400166
tot_uptimes: 311
tot_uptimes_duration: 18600.04255998344
