comms_cons: 123.24815359394755
finished_reconf: true
global_termination_time: 1208992.022
local_termination_time: 481276.4822800008
node_cons: 24831.640826701027
tot_aggregated_send: 16414
tot_msg_rcv: 804
tot_msg_sent: 1515
tot_reconf_duration: 4.8100000000000005
tot_sleeping_duration: 1190451.9855200143
tot_uptimes: 310
tot_uptimes_duration: 18540.036479985807
