comms_cons: 123.15521279679116
finished_reconf: true
global_termination_time: 1211549.531
local_termination_time: 499888.2143600005
node_cons: 24913.871183350497
tot_aggregated_send: 16820
tot_msg_rcv: 737
tot_msg_sent: 1161
tot_reconf_duration: 6.22
tot_sleeping_duration: 1192949.512760007
tot_uptimes: 311
tot_uptimes_duration: 18600.018239992904
