comms_cons: 21.09344639995857
finished_reconf: true
global_termination_time: 9886.099240000003
local_termination_time: 3618.006040000001
node_cons: 2899.475573480011
tot_aggregated_send: 0
tot_msg_rcv: 1574
tot_msg_sent: 1632
tot_reconf_duration: 18.21
tot_sleeping_duration: 7739.163919999995
tot_uptimes: 33
tot_uptimes_duration: 2146.935320000008
