comms_cons: 15.388748799989047
finished_reconf: true
global_termination_time: 3372.487720000002
local_termination_time: 3372.446600000002
node_cons: 1684.8349870800032
tot_aggregated_send: 0
tot_msg_rcv: 1136
tot_msg_sent: 1201
tot_reconf_duration: 37.410000000000004
tot_sleeping_duration: 2152.1499999999996
tot_uptimes: 18
tot_uptimes_duration: 1220.3377200000023
