comms_cons: 0.6842367999977418
finished_reconf: true
global_termination_time: 7028.484
local_termination_time: 2589.76136
node_cons: 100.85937999999956
tot_aggregated_send: 0
tot_msg_rcv: 60
tot_msg_sent: 44
tot_reconf_duration: 15.110000000000001
tot_sleeping_duration: 6968.484
tot_uptimes: 2
tot_uptimes_duration: 60.0
