comms_cons: 28.027398400513082
finished_reconf: true
global_termination_time: 280298.564
local_termination_time: 10948.06092
node_cons: 5708.2819000000045
tot_aggregated_send: 3770
tot_msg_rcv: 142
tot_msg_sent: 347
tot_reconf_duration: 3.05
tot_sleeping_duration: 276038.564
tot_uptimes: 72
tot_uptimes_duration: 4260.0
