comms_cons: 107.13569279976059
finished_reconf: true
global_termination_time: 1087667.765
local_termination_time: 251018.6106400004
node_cons: 22365.278700000028
tot_aggregated_send: 15660
tot_msg_rcv: 230
tot_msg_sent: 394
tot_reconf_duration: 22.65
tot_sleeping_duration: 1070987.765
tot_uptimes: 279
tot_uptimes_duration: 16680.0
