comms_cons: 105.43356159849255
finished_reconf: true
global_termination_time: 1087082.233
local_termination_time: 256512.05636000008
node_cons: 22368.88554112149
tot_aggregated_send: 15312
tot_msg_rcv: 212
tot_msg_sent: 501
tot_reconf_duration: 25.299999999999997
tot_sleeping_duration: 1070402.2269199989
tot_uptimes: 279
tot_uptimes_duration: 16680.00608000107
