comms_cons: 107.74818559866084
finished_reconf: true
global_termination_time: 1089161.451
local_termination_time: 211813.12336000006
node_cons: 22349.88712112146
tot_aggregated_send: 15602
tot_msg_rcv: 268
tot_msg_sent: 507
tot_reconf_duration: 11.31
tot_sleeping_duration: 1072481.4449199988
tot_uptimes: 279
tot_uptimes_duration: 16680.00608000107
