comms_cons: 167.0399359793771
finished_reconf: true
global_termination_time: 1638166.226
local_termination_time: 266356.0804000008
node_cons: 33669.08153229428
tot_aggregated_send: 21460
tot_msg_rcv: 1305
tot_msg_sent: 2625
tot_reconf_duration: 4.8100000000000005
tot_sleeping_duration: 1613026.1591200193
tot_uptimes: 420
tot_uptimes_duration: 25140.06687998079
