comms_cons: 35.17240320034691
finished_reconf: true
global_termination_time: 362430.4562400005
local_termination_time: 317280.38036000007
node_cons: 7495.177879360738
tot_aggregated_send: 5104
tot_msg_rcv: 82
tot_msg_sent: 159
tot_reconf_duration: 22.65
tot_sleeping_duration: 356855.834
tot_uptimes: 93
tot_uptimes_duration: 5574.622240000521
