comms_cons: 117.25396477958446
finished_reconf: true
global_termination_time: 883238.0503600001
local_termination_time: 469123.9098000007
node_cons: 18218.4035702646
tot_aggregated_send: 5568
tot_msg_rcv: 5212
tot_msg_sent: 7047
tot_reconf_duration: 18.21
tot_sleeping_duration: 869650.5414800415
tot_uptimes: 227
tot_uptimes_duration: 13587.508879958594
