comms_cons: 86.79938559956547
finished_reconf: true
global_termination_time: 884095.506
local_termination_time: 525978.1301999986
node_cons: 18173.000200000057
tot_aggregated_send: 12818
tot_msg_rcv: 95
tot_msg_sent: 279
tot_reconf_duration: 11.899999999999999
tot_sleeping_duration: 870535.506
tot_uptimes: 227
tot_uptimes_duration: 13560.0
