comms_cons: 441.3771712995798
finished_reconf: true
global_termination_time: 4353363.004
local_termination_time: 2151311.6883599996
node_cons: 89511.19650893426
tot_aggregated_send: 59856
tot_msg_rcv: 2470
tot_msg_sent: 4759
tot_reconf_duration: 9.11
tot_sleeping_duration: 4286522.955360017
tot_uptimes: 1115
tot_uptimes_duration: 66840.0486399827
