comms_cons: 439.2415296914005
finished_reconf: true
global_termination_time: 4354594.019
local_termination_time: 2775997.721
node_cons: 89625.40506670112
tot_aggregated_send: 60550
tot_msg_rcv: 2085
tot_msg_sent: 4127
tot_reconf_duration: 18.700000000000003
tot_sleeping_duration: 4287678.402520013
tot_uptimes: 1116
tot_uptimes_duration: 66915.61647998751
