comms_cons: 439.22761606668536
finished_reconf: true
global_termination_time: 4356067.38
local_termination_time: 2188228.9103599996
node_cons: 89583.2907466996
tot_aggregated_send: 60378
tot_msg_rcv: 2083
tot_msg_sent: 4298
tot_reconf_duration: 3.05
tot_sleeping_duration: 4289167.343520013
tot_uptimes: 1116
tot_uptimes_duration: 66900.03647998674
