comms_cons: 440.11610248294534
finished_reconf: true
global_termination_time: 4354977.191
local_termination_time: 2151254.6993599995
node_cons: 89589.77654781676
tot_aggregated_send: 60494
tot_msg_rcv: 2220
tot_msg_sent: 4179
tot_reconf_duration: 7.819999999999999
tot_sleeping_duration: 4288077.1484400155
tot_uptimes: 1116
tot_uptimes_duration: 66900.0425599846
