comms_cons: 435.8129088857811
finished_reconf: true
global_termination_time: 4353493.94
local_termination_time: 1039393.8243599999
node_cons: 89506.20721005087
tot_aggregated_send: 61538
tot_msg_rcv: 1622
tot_msg_sent: 3081
tot_reconf_duration: 5.43
tot_sleeping_duration: 4286653.88528002
tot_uptimes: 1115
tot_uptimes_duration: 66840.05471998011
