comms_cons: 684.5293953498957
finished_reconf: true
global_termination_time: 6905116.951
local_termination_time: 2835177.3286
node_cons: 142059.0374244638
tot_aggregated_send: 94946
tot_msg_rcv: 3000
tot_msg_sent: 6097
tot_reconf_duration: 13.17
tot_sleeping_duration: 6799036.926680009
tot_uptimes: 1769
tot_uptimes_duration: 106080.02431999147
