comms_cons: 685.0419457083187
finished_reconf: true
global_termination_time: 6905302.566
local_termination_time: 4246801.36248
node_cons: 142052.13878446366
tot_aggregated_send: 96164
tot_msg_rcv: 2570
tot_msg_sent: 5386
tot_reconf_duration: 8.09
tot_sleeping_duration: 6799222.541680008
tot_uptimes: 1769
tot_uptimes_duration: 106080.02431999147
