comms_cons: 696.6068802144291
finished_reconf: true
global_termination_time: 6906818.022
local_termination_time: 197942.6465200004
node_cons: 142071.96825228204
tot_aggregated_send: 95062
tot_msg_rcv: 3728
tot_msg_sent: 7087
tot_reconf_duration: 22.65
tot_sleeping_duration: 6800737.955120025
tot_uptimes: 1769
tot_uptimes_duration: 106080.06687997514
