comms_cons: 363.14540161962765
finished_reconf: true
global_termination_time: 3684039.928
local_termination_time: 2176034.1433599996
node_cons: 75785.35732111528
tot_aggregated_send: 53244
tot_msg_rcv: 516
tot_msg_sent: 1434
tot_reconf_duration: 18.21
tot_sleeping_duration: 3627459.921920002
tot_uptimes: 944
tot_uptimes_duration: 56580.00607999787
