comms_cons: 369.92600323223144
finished_reconf: true
global_termination_time: 3681355.185119989
local_termination_time: 816598.7084799999
node_cons: 75757.91660083248
tot_aggregated_send: 51272
tot_msg_rcv: 1656
tot_msg_sent: 3297
tot_reconf_duration: 6.279999999999999
tot_sleeping_duration: 3624783.573200023
tot_uptimes: 943
tot_uptimes_duration: 56571.61191996583
