comms_cons: 371.8544896634994
finished_reconf: true
global_termination_time: 3685942.28
local_termination_time: 1415071.5929599998
node_cons: 75786.04716446671
tot_aggregated_send: 51040
tot_msg_rcv: 1834
tot_msg_sent: 3644
tot_reconf_duration: 18.700000000000003
tot_sleeping_duration: 3629362.2556800083
tot_uptimes: 944
tot_uptimes_duration: 56580.02431999124
