comms_cons: 370.9024000557291
finished_reconf: true
global_termination_time: 3684573.128
local_termination_time: 1546646.088639999
node_cons: 75766.62232558348
tot_aggregated_send: 50866
tot_msg_rcv: 1678
tot_msg_sent: 3831
tot_reconf_duration: 4.390000000000001
tot_sleeping_duration: 3627993.0976000107
tot_uptimes: 944
tot_uptimes_duration: 56580.030399989104
