comms_cons: 370.3226304593949
finished_reconf: true
global_termination_time: 3681481.739
local_termination_time: 1529864.5890000002
node_cons: 75691.99346941798
tot_aggregated_send: 50978
tot_msg_rcv: 1649
tot_msg_sent: 3659
tot_reconf_duration: 7.819999999999999
tot_sleeping_duration: 3624960.9220400155
tot_uptimes: 943
tot_uptimes_duration: 56520.81695998483
