comms_cons: 207.87703029095533
finished_reconf: true
global_termination_time: 1049573.6989199985
local_termination_time: 595.2114799999991
node_cons: 21627.11108135909
tot_aggregated_send: 0
tot_msg_rcv: 16016
tot_msg_sent: 15580
tot_reconf_duration: 18.21
tot_sleeping_duration: 1033440.4786799992
tot_uptimes: 269
tot_uptimes_duration: 16133.220239999297
