comms_cons: 106.99051519235063
finished_reconf: true
global_termination_time: 1052674.76
local_termination_time: 190213.54052000082
node_cons: 21622.51949006531
tot_aggregated_send: 13920
tot_msg_rcv: 823
tot_msg_sent: 1519
tot_reconf_duration: 8.09
tot_sleeping_duration: 1036534.705280011
tot_uptimes: 270
tot_uptimes_duration: 16140.054719989013
