comms_cons: 104.69480959587673
finished_reconf: true
global_termination_time: 1053302.368
local_termination_time: 736256.415239999
node_cons: 21624.26864224295
tot_aggregated_send: 14732
tot_msg_rcv: 317
tot_msg_sent: 864
tot_reconf_duration: 9.42
tot_sleeping_duration: 1037162.3558399979
tot_uptimes: 270
tot_uptimes_duration: 16140.012160002138
