comms_cons: 377.6796032563302
finished_reconf: true
global_termination_time: 3758492.3262399915
local_termination_time: 93818.77747999998
node_cons: 77366.0718871743
tot_aggregated_send: 52084
tot_msg_rcv: 1895
tot_msg_sent: 3426
tot_reconf_duration: 18.21
tot_sleeping_duration: 3700731.8014400094
tot_uptimes: 963
tot_uptimes_duration: 57760.5247999822
