comms_cons: 366.79823360412973
finished_reconf: true
global_termination_time: 3758880.161
local_termination_time: 1729208.1973599999
node_cons: 77307.96056669987
tot_aggregated_send: 51794
tot_msg_rcv: 1234
tot_msg_sent: 2724
tot_reconf_duration: 15.34
tot_sleeping_duration: 3701160.1245200136
tot_uptimes: 963
tot_uptimes_duration: 57720.03647998627
