comms_cons: 1339.4886981737238
finished_reconf: true
global_termination_time: 3758938.399
local_termination_time: 903341.6695999999
node_cons: 228129.9309412117
tot_aggregated_send: 0
tot_msg_rcv: 82240
tot_msg_sent: 121355
tot_reconf_duration: 6.22
tot_sleeping_duration: 3588571.3458400154
tot_uptimes: 2784
tot_uptimes_duration: 170367.0531599847
