comms_cons: 545.9371778358736
finished_reconf: true
global_termination_time: 3761493.952
local_termination_time: 908203.1723599999
node_cons: 77382.82782669966
tot_aggregated_send: 0
tot_msg_rcv: 41865
tot_msg_sent: 41114
tot_reconf_duration: 11.31
tot_sleeping_duration: 3703713.915520014
tot_uptimes: 964
tot_uptimes_duration: 57780.03647998627
