comms_cons: 27.03393280022975
finished_reconf: true
global_termination_time: 265933.95
local_termination_time: 100957.40903999981
node_cons: 5470.6922011214265
tot_aggregated_send: 3712
tot_msg_rcv: 169
tot_msg_sent: 228
tot_reconf_duration: 5.57
tot_sleeping_duration: 261853.94391999894
tot_uptimes: 69
tot_uptimes_duration: 4080.0060800010688
