comms_cons: 27.43429120054105
finished_reconf: true
global_termination_time: 268112.595
local_termination_time: 7131.402520000004
node_cons: 5469.651980000006
tot_aggregated_send: 3480
tot_msg_rcv: 228
tot_msg_sent: 461
tot_reconf_duration: 4.8100000000000005
tot_sleeping_duration: 264032.595
tot_uptimes: 69
tot_uptimes_duration: 4080.0
