comms_cons: 400.9802108599891
finished_reconf: true
global_termination_time: 2041427.0076
local_termination_time: 237.13403999999997
node_cons: 41982.78661063318
tot_aggregated_send: 0
tot_msg_rcv: 30674
tot_msg_sent: 30271
tot_reconf_duration: 18.21
tot_sleeping_duration: 2010091.6398400047
tot_uptimes: 523
tot_uptimes_duration: 31335.367759995162
