comms_cons: 202.645939186588
finished_reconf: true
global_termination_time: 2044777.339
local_termination_time: 896944.1150399994
node_cons: 42023.79790223334
tot_aggregated_send: 28710
tot_msg_rcv: 709
tot_msg_sent: 1382
tot_reconf_duration: 4.390000000000001
tot_sleeping_duration: 2013397.3268400047
tot_uptimes: 524
tot_uptimes_duration: 31380.01215999527
