comms_cons: 201.9814399908166
finished_reconf: true
global_termination_time: 2043057.146
local_termination_time: 1045302.8443599999
node_cons: 42021.97004111655
tot_aggregated_send: 29000
tot_msg_rcv: 464
tot_msg_sent: 1236
tot_reconf_duration: 3.05
tot_sleeping_duration: 2011677.1399200023
tot_uptimes: 524
tot_uptimes_duration: 31380.006079997635
