comms_cons: 202.22840319207805
finished_reconf: true
global_termination_time: 2044083.692
local_termination_time: 1432544.6626399993
node_cons: 42028.43955999974
tot_aggregated_send: 28420
tot_msg_rcv: 785
tot_msg_sent: 1532
tot_reconf_duration: 7.819999999999999
tot_sleeping_duration: 2012703.692
tot_uptimes: 524
tot_uptimes_duration: 31380.0
