comms_cons: 201.6073535916332
finished_reconf: true
global_termination_time: 2043472.141
local_termination_time: 1565542.008359999
node_cons: 42033.17897999973
tot_aggregated_send: 29116
tot_msg_rcv: 509
tot_msg_sent: 1018
tot_reconf_duration: 11.31
tot_sleeping_duration: 2012092.141
tot_uptimes: 524
tot_uptimes_duration: 31380.0
