comms_cons: 67.5474623983372
finished_reconf: true
global_termination_time: 678840.766
local_termination_time: 124094.10227999953
node_cons: 13904.78162000002
tot_aggregated_send: 9744
tot_msg_rcv: 236
tot_msg_sent: 286
tot_reconf_duration: 4.390000000000001
tot_sleeping_duration: 668460.766
tot_uptimes: 174
tot_uptimes_duration: 10380.0
