comms_cons: 0.9934591999967194
finished_reconf: true
global_termination_time: 6781.526
local_termination_time: 3243.8553600000005
node_cons: 92.71138000000016
tot_aggregated_send: 0
tot_msg_rcv: 101
tot_msg_sent: 50
tot_reconf_duration: 9.11
tot_sleeping_duration: 6721.526
tot_uptimes: 2
tot_uptimes_duration: 60.0
