comms_cons: 29.5478144004237
finished_reconf: true
global_termination_time: 295770.759
local_termination_time: 103668.48135999998
node_cons: 6050.910882242883
tot_aggregated_send: 3944
tot_msg_rcv: 156
tot_msg_sent: 392
tot_reconf_duration: 18.700000000000003
tot_sleeping_duration: 291270.7468399979
tot_uptimes: 76
tot_uptimes_duration: 4500.0121600021375
