comms_cons: 30.620851200247166
finished_reconf: true
global_termination_time: 295242.463
local_termination_time: 39117.57420000003
node_cons: 6040.386382242864
tot_aggregated_send: 3770
tot_msg_rcv: 311
tot_msg_sent: 574
tot_reconf_duration: 10.95
tot_sleeping_duration: 290742.45083999785
tot_uptimes: 76
tot_uptimes_duration: 4500.0121600021375
