comms_cons: 9.849062399982637
finished_reconf: true
global_termination_time: 3408.5063200000054
local_termination_time: 3408.4652000000056
node_cons: 1137.0295844800082
tot_aggregated_send: 0
tot_msg_rcv: 683
tot_msg_sent: 811
tot_reconf_duration: 24.59
tot_sleeping_duration: 2584.2819999999997
tot_uptimes: 12
tot_uptimes_duration: 824.2243200000056
