comms_cons: 217.16090878281761
finished_reconf: true
global_termination_time: 2172045.1322399974
local_termination_time: 337125.3463600001
node_cons: 44712.869747178294
tot_aggregated_send: 30276
tot_msg_rcv: 878
tot_msg_sent: 1852
tot_reconf_duration: 18.21
tot_sleeping_duration: 2138670.867440013
tot_uptimes: 557
tot_uptimes_duration: 33374.264799984114
