comms_cons: 10.131967999999082
finished_reconf: true
global_termination_time: 3538.482320000002
local_termination_time: 3538.441200000002
node_cons: 1164.4482874800033
tot_aggregated_send: 0
tot_msg_rcv: 707
tot_msg_sent: 832
tot_reconf_duration: 24.59
tot_sleeping_duration: 2693.781
tot_uptimes: 13
tot_uptimes_duration: 844.7013200000019
