comms_cons: 270.83919361669206
finished_reconf: true
global_termination_time: 2810650.711
local_termination_time: 5992.378
node_cons: 57850.221087817736
tot_aggregated_send: 39319
tot_msg_rcv: 574
tot_msg_sent: 1272
tot_reconf_duration: 3.95
tot_sleeping_duration: 2767450.668440016
tot_uptimes: 720
tot_uptimes_duration: 43200.04255998414
