comms_cons: 277.28446722450843
finished_reconf: true
global_termination_time: 2807967.761
local_termination_time: 4766.458
node_cons: 57877.34034781712
tot_aggregated_send: 39011
tot_msg_rcv: 1062
tot_msg_sent: 2070
tot_reconf_duration: 23.919999999999998
tot_sleeping_duration: 2764767.7184400163
tot_uptimes: 720
tot_uptimes_duration: 43200.042559983674
