comms_cons: 276.93362559512764
finished_reconf: true
global_termination_time: 2808117.531
local_termination_time: 6042.476
node_cons: 57854.47976893885
tot_aggregated_send: 38332
tot_msg_rcv: 1274
tot_msg_sent: 2486
tot_reconf_duration: 7.08
tot_sleeping_duration: 2764917.482360015
tot_uptimes: 720
tot_uptimes_duration: 43200.048639984976
