comms_cons: 163.43590400944458
finished_reconf: true
global_termination_time: 561465.8465999978
local_termination_time: 561465.8054799979
node_cons: 22892.149930397132
tot_aggregated_send: 0
tot_msg_rcv: 8355
tot_msg_sent: 16484
tot_reconf_duration: 24.59
tot_sleeping_duration: 544394.333
tot_uptimes: 283
tot_uptimes_duration: 17071.513599997823
