comms_cons: 55.786918400172375
finished_reconf: true
global_termination_time: 562581.404
local_termination_time: 342633.6823600001
node_cons: 11593.689180000045
tot_aggregated_send: 8004
tot_msg_rcv: 142
tot_msg_sent: 335
tot_reconf_duration: 18.21
tot_sleeping_duration: 553941.404
tot_uptimes: 145
tot_uptimes_duration: 8640.0
