comms_cons: 57.69958400074097
finished_reconf: true
global_termination_time: 560491.8589199993
local_termination_time: 560491.8177999994
node_cons: 11557.30990272805
tot_aggregated_send: 7294
tot_msg_rcv: 461
tot_msg_sent: 1014
tot_reconf_duration: 24.59
tot_sleeping_duration: 551885.4984399932
tot_uptimes: 144
tot_uptimes_duration: 8606.360480005991
