comms_cons: 1040.1237304454291
finished_reconf: true
global_termination_time: 2153783.1633199994
local_termination_time: 2153783.122199999
node_cons: 130559.29559177683
tot_aggregated_send: 0
tot_msg_rcv: 63913
tot_msg_sent: 94181
tot_reconf_duration: 24.59
tot_sleeping_duration: 2056303.0271200135
tot_uptimes: 1596
tot_uptimes_duration: 97480.1361999858
