comms_cons: 221.126911975314
finished_reconf: true
global_termination_time: 2158870.613
local_termination_time: 554718.7725199992
node_cons: 44356.26522781742
tot_aggregated_send: 29348
tot_msg_rcv: 1590
tot_msg_sent: 2672
tot_reconf_duration: 6.279999999999999
tot_sleeping_duration: 2125750.570440016
tot_uptimes: 553
tot_uptimes_duration: 33120.04255998344
