comms_cons: 221.74535676838735
finished_reconf: true
global_termination_time: 2158037.484
local_termination_time: 529570.7740799995
node_cons: 44355.309188934145
tot_aggregated_send: 29174
tot_msg_rcv: 1683
tot_msg_sent: 2847
tot_reconf_duration: 5.57
tot_sleeping_duration: 2124917.435360019
tot_uptimes: 553
tot_uptimes_duration: 33120.048639981076
