comms_cons: 216.87444478366217
finished_reconf: true
global_termination_time: 2157502.448
local_termination_time: 91401.94047999967
node_cons: 44382.10724222039
tot_aggregated_send: 29870
tot_msg_rcv: 961
tot_msg_sent: 2133
tot_reconf_duration: 25.299999999999997
tot_sleeping_duration: 2124382.3958400143
tot_uptimes: 553
tot_uptimes_duration: 33120.0521599857
