comms_cons: 52.6336000001435
finished_reconf: true
global_termination_time: 528351.165
local_termination_time: 16687.028480000004
node_cons: 10852.431980000016
tot_aggregated_send: 7424
tot_msg_rcv: 173
tot_msg_sent: 403
tot_reconf_duration: 4.8100000000000005
tot_sleeping_duration: 520251.16500000004
tot_uptimes: 136
tot_uptimes_duration: 8100.0
