comms_cons: 86.44902399923305
finished_reconf: true
global_termination_time: 875951.9067199997
local_termination_time: 875951.8655999998
node_cons: 18068.144260322584
tot_aggregated_send: 12502
tot_msg_rcv: 160
tot_msg_sent: 477
tot_reconf_duration: 37.410000000000004
tot_sleeping_duration: 862496.0878399978
tot_uptimes: 225
tot_uptimes_duration: 13455.818880001898
