comms_cons: 85.99735039898778
finished_reconf: true
global_termination_time: 880224.724
local_termination_time: 330665.01
node_cons: 18089.572072401406
tot_aggregated_send: 12582
tot_msg_rcv: 178
tot_msg_sent: 312
tot_reconf_duration: 7.819999999999999
tot_sleeping_duration: 866722.8923999991
tot_uptimes: 226
tot_uptimes_duration: 13501.831600001024
