comms_cons: 98.74721279724832
finished_reconf: true
global_termination_time: 954680.1977199977
local_termination_time: 954680.1977199977
node_cons: 19729.340985528495
tot_aggregated_send: 12586
tot_msg_rcv: 792
tot_msg_sent: 1630
tot_reconf_duration: 24.59
tot_sleeping_duration: 939970.7520399914
tot_uptimes: 245
tot_uptimes_duration: 14709.445680006313
