comms_cons: 93.95097599658136
finished_reconf: true
global_termination_time: 959686.216
local_termination_time: 72115.51035999996
node_cons: 19690.888483359755
tot_aggregated_send: 13166
tot_msg_rcv: 244
tot_msg_sent: 870
tot_reconf_duration: 5.57
tot_sleeping_duration: 944986.1977600001
tot_uptimes: 246
tot_uptimes_duration: 14700.018239999801
