comms_cons: 91.53640960071031
finished_reconf: true
global_termination_time: 957177.252
local_termination_time: 509616.55536
node_cons: 19689.27790224283
tot_aggregated_send: 13398
tot_msg_rcv: 157
tot_msg_sent: 358
tot_reconf_duration: 4.390000000000001
tot_sleeping_duration: 942477.2398399978
tot_uptimes: 246
tot_uptimes_duration: 14700.012160002138
