comms_cons: 96.27343359536259
finished_reconf: true
global_termination_time: 955020.965
local_termination_time: 309425.0724800001
node_cons: 19613.60398336433
tot_aggregated_send: 12528
tot_msg_rcv: 739
tot_msg_sent: 1366
tot_reconf_duration: 7.819999999999999
tot_sleeping_duration: 940380.9467599968
tot_uptimes: 245
tot_uptimes_duration: 14640.018240003206
