comms_cons: 94.07012479606732
finished_reconf: true
global_termination_time: 956186.341
local_termination_time: 61893.53716000016
node_cons: 19611.439324481154
tot_aggregated_send: 12296
tot_msg_rcv: 724
tot_msg_sent: 1278
tot_reconf_duration: 6.22
tot_sleeping_duration: 941546.3166799992
tot_uptimes: 245
tot_uptimes_duration: 14640.02432000084
