comms_cons: 90.87191040063861
finished_reconf: true
global_termination_time: 954951.7
local_termination_time: 59548.12136000001
node_cons: 19618.327121121456
tot_aggregated_send: 12876
tot_msg_rcv: 325
tot_msg_sent: 611
tot_reconf_duration: 11.31
tot_sleeping_duration: 940311.6939199988
tot_uptimes: 245
tot_uptimes_duration: 14640.006080001069
