comms_cons: 80.08922879889796
finished_reconf: true
global_termination_time: 811316.987
local_termination_time: 121975.30859999941
node_cons: 16639.289562399226
tot_aggregated_send: 11542
tot_msg_rcv: 169
tot_msg_sent: 463
tot_reconf_duration: 4.390000000000001
tot_sleeping_duration: 798894.7854000005
tot_uptimes: 208
tot_uptimes_duration: 12422.201599999404
