comms_cons: 79.05566719856476
finished_reconf: true
global_termination_time: 809786.193
local_termination_time: 295016.50036000006
node_cons: 16637.762081121444
tot_aggregated_send: 11542
tot_msg_rcv: 128
tot_msg_sent: 346
tot_reconf_duration: 5.43
tot_sleeping_duration: 797366.1869199988
tot_uptimes: 208
tot_uptimes_duration: 12420.006080001069
