comms_cons: 165.73386238194462
finished_reconf: true
global_termination_time: 1607012.387
local_termination_time: 14255.38148
node_cons: 33050.58825228865
tot_aggregated_send: 21518
tot_msg_rcv: 1354
tot_msg_sent: 2317
tot_reconf_duration: 22.65
tot_sleeping_duration: 1582352.3201200236
tot_uptimes: 412
tot_uptimes_duration: 24660.066879976563
