comms_cons: 160.21909119593715
finished_reconf: true
global_termination_time: 1610356.806
local_termination_time: 340660.81799999997
node_cons: 33123.96210384281
tot_aggregated_send: 22963
tot_msg_rcv: 464
tot_msg_sent: 925
tot_reconf_duration: 12.629999999999999
tot_sleeping_duration: 1585631.779439998
tot_uptimes: 413
tot_uptimes_duration: 24725.026560002065
