comms_cons: 161.65398398923926
finished_reconf: true
global_termination_time: 1607770.186
local_termination_time: 483642.38736000005
node_cons: 33027.14650446736
tot_aggregated_send: 22214
tot_msg_rcv: 729
tot_msg_sent: 1627
tot_reconf_duration: 5.43
tot_sleeping_duration: 1583110.1616800094
tot_uptimes: 412
tot_uptimes_duration: 24660.024319990538
