comms_cons: 37.996761600655816
finished_reconf: true
global_termination_time: 373850.236
local_termination_time: 80853.07931999963
node_cons: 7657.078026728602
tot_aggregated_send: 4408
tot_msg_rcv: 415
tot_msg_sent: 955
tot_reconf_duration: 18.21
tot_sleeping_duration: 368150.19951999356
tot_uptimes: 96
tot_uptimes_duration: 5700.036480006413
