comms_cons: 36.89567360045997
finished_reconf: true
global_termination_time: 367928.50948000007
local_termination_time: 367928.46836000006
node_cons: 7603.7360832044205
tot_aggregated_send: 4974
tot_msg_rcv: 158
tot_msg_sent: 475
tot_reconf_duration: 24.59
tot_sleeping_duration: 362274.78067999677
tot_uptimes: 95
tot_uptimes_duration: 5653.728800003286
