comms_cons: 37.7420032003216
finished_reconf: true
global_termination_time: 367962.248
local_termination_time: 129929.80759999968
node_cons: 7560.414901121441
tot_aggregated_send: 4814
tot_msg_rcv: 285
tot_msg_sent: 637
tot_reconf_duration: 6.22
tot_sleeping_duration: 362322.24191999895
tot_uptimes: 95
tot_uptimes_duration: 5640.006080001069
