comms_cons: 38.336998400376835
finished_reconf: true
global_termination_time: 381991.186
local_termination_time: 193960.55536000006
node_cons: 7798.941620000028
tot_aggregated_send: 5046
tot_msg_rcv: 261
tot_msg_sent: 520
tot_reconf_duration: 4.390000000000001
tot_sleeping_duration: 376171.186
tot_uptimes: 98
tot_uptimes_duration: 5820.0
