comms_cons: 38.573849600474716
finished_reconf: true
global_termination_time: 384595.591
local_termination_time: 290275.15048000106
node_cons: 7877.472451321853
tot_aggregated_send: 5220
tot_msg_rcv: 220
tot_msg_sent: 423
tot_reconf_duration: 3.05
tot_sleeping_duration: 378715.5831199987
tot_uptimes: 99
tot_uptimes_duration: 5880.007880001329
