comms_cons: 391.8768832184464
finished_reconf: true
global_termination_time: 3934060.624
local_termination_time: 2457144.15136
node_cons: 80909.96848334918
tot_aggregated_send: 53940
tot_msg_rcv: 1999
tot_msg_sent: 3623
tot_reconf_duration: 5.57
tot_sleeping_duration: 3873640.6057600067
tot_uptimes: 1008
tot_uptimes_duration: 60420.01823999314
