comms_cons: 400.2312192784672
finished_reconf: true
global_termination_time: 3937635.756
local_termination_time: 90180.6020799999
node_cons: 80997.69593451866
tot_aggregated_send: 54114
tot_msg_rcv: 2361
tot_msg_sent: 4356
tot_reconf_duration: 10.95
tot_sleeping_duration: 3877155.676960029
tot_uptimes: 1009
tot_uptimes_duration: 60480.079039970646
