comms_cons: 393.57268485565817
finished_reconf: true
global_termination_time: 3933202.021
local_termination_time: 848932.3614799998
node_cons: 80908.41489005137
tot_aggregated_send: 55042
tot_msg_rcv: 1554
tot_msg_sent: 3225
tot_reconf_duration: 4.390000000000001
tot_sleeping_duration: 3872781.96628002
tot_uptimes: 1008
tot_uptimes_duration: 60420.05471998011
