comms_cons: 392.4887552484461
finished_reconf: true
global_termination_time: 3933889.145
local_termination_time: 1184500.68236
node_cons: 80913.05654781713
tot_aggregated_send: 54404
tot_msg_rcv: 1709
tot_msg_sent: 3543
tot_reconf_duration: 7.819999999999999
tot_sleeping_duration: 3873469.102440016
tot_uptimes: 1008
tot_uptimes_duration: 60420.04255998437
