comms_cons: 20.711321600069617
finished_reconf: true
global_termination_time: 206652.785
local_termination_time: 45218.30348000002
node_cons: 4186.126760000005
tot_aggregated_send: 2842
tot_msg_rcv: 137
tot_msg_sent: 169
tot_reconf_duration: 6.22
tot_sleeping_duration: 203532.785
tot_uptimes: 53
tot_uptimes_duration: 3120.0
