comms_cons: 1.4474239999994394
finished_reconf: true
global_termination_time: 10618.279
local_termination_time: 3935.4474800000003
node_cons: 181.51172000000082
tot_aggregated_send: 0
tot_msg_rcv: 118
tot_msg_sent: 102
tot_reconf_duration: 15.34
tot_sleeping_duration: 10498.278999999999
tot_uptimes: 3
tot_uptimes_duration: 120.0
