comms_cons: 1.5066367999950228
finished_reconf: true
global_termination_time: 12514.587
local_termination_time: 4464.804360000001
node_cons: 251.63956000000084
tot_aggregated_send: 0
tot_msg_rcv: 118
tot_msg_sent: 111
tot_reconf_duration: 7.819999999999999
tot_sleeping_duration: 12334.587
tot_uptimes: 4
tot_uptimes_duration: 180.0
