comms_cons: 23.704511999008613
finished_reconf: true
global_termination_time: 193816.527
local_termination_time: 17186.27336
node_cons: 3961.3973211202924
tot_aggregated_send: 0
tot_msg_rcv: 1871
tot_msg_sent: 1732
tot_reconf_duration: 18.21
tot_sleeping_duration: 190876.52091999978
tot_uptimes: 50
tot_uptimes_duration: 2940.0060800002175
