comms_cons: 18.165171199978968
finished_reconf: true
global_termination_time: 189249.581
local_termination_time: 89274.45535999998
node_cons: 3887.0787000000146
tot_aggregated_send: 2610
tot_msg_rcv: 41
tot_msg_sent: 110
tot_reconf_duration: 22.65
tot_sleeping_duration: 186369.581
tot_uptimes: 49
tot_uptimes_duration: 2880.0
