comms_cons: 1.4934783999975847
finished_reconf: true
global_termination_time: 14402.38300000001
local_termination_time: 5204.6323600000005
node_cons: 329.22914000001526
tot_aggregated_send: 0
tot_msg_rcv: 121
tot_msg_sent: 106
tot_reconf_duration: 13.17
tot_sleeping_duration: 14169.863
tot_uptimes: 4
tot_uptimes_duration: 232.52000000001135
