comms_cons: 2.348774399996423
finished_reconf: true
global_termination_time: 16803.132
local_termination_time: 7280.157800000003
node_cons: 325.50189999999895
tot_aggregated_send: 0
tot_msg_rcv: 183
tot_msg_sent: 174
tot_reconf_duration: 3.05
tot_sleeping_duration: 16563.132
tot_uptimes: 5
tot_uptimes_duration: 240.0
