comms_cons: 2.217190399994348
finished_reconf: true
global_termination_time: 14401.80748
local_termination_time: 14401.76636
node_cons: 292.77165984000703
tot_aggregated_send: 0
tot_msg_rcv: 168
tot_msg_sent: 168
tot_reconf_duration: 24.59
tot_sleeping_duration: 14208.096919999994
tot_uptimes: 4
tot_uptimes_duration: 193.710560000005
