comms_cons: 117.16204799722907
finished_reconf: true
global_termination_time: 1198043.492
local_termination_time: 44183.59148000001
node_cons: 24608.801744471963
tot_aggregated_send: 16994
tot_msg_rcv: 243
tot_msg_sent: 570
tot_reconf_duration: 18.21
tot_sleeping_duration: 1179683.4676800063
tot_uptimes: 307
tot_uptimes_duration: 18360.024319993972
