comms_cons: 117.14328319585883
finished_reconf: true
global_termination_time: 1200820.498
local_termination_time: 418631.9273600001
node_cons: 24695.1712644674
tot_aggregated_send: 16878
tot_msg_rcv: 303
tot_msg_sent: 624
tot_reconf_duration: 22.65
tot_sleeping_duration: 1182400.4736800094
tot_uptimes: 308
tot_uptimes_duration: 18420.024319990538
