comms_cons: 118.34664959395455
finished_reconf: true
global_termination_time: 1197999.394
local_termination_time: 408778.6123600001
node_cons: 24594.67584223371
tot_aggregated_send: 16704
tot_msg_rcv: 471
tot_msg_sent: 813
tot_reconf_duration: 7.819999999999999
tot_sleeping_duration: 1179639.3818400048
tot_uptimes: 307
tot_uptimes_duration: 18360.01215999527
