comms_cons: 64.12730880222485
finished_reconf: true
global_termination_time: 605665.5072400002
local_termination_time: 79501.88047999996
node_cons: 12511.406037210218
tot_aggregated_send: 7018
tot_msg_rcv: 997
tot_msg_sent: 1732
tot_reconf_duration: 18.21
tot_sleeping_duration: 596340.1324399926
tot_uptimes: 156
tot_uptimes_duration: 9325.374800007616
