comms_cons: 61.14771200028475
finished_reconf: true
global_termination_time: 608475.072
local_termination_time: 351818.1013600001
node_cons: 12456.850041121512
tot_aggregated_send: 8178
tot_msg_rcv: 383
tot_msg_sent: 733
tot_reconf_duration: 3.05
tot_sleeping_duration: 599175.065919999
tot_uptimes: 156
tot_uptimes_duration: 9300.006080001069
