comms_cons: 91.51009279737539
finished_reconf: true
global_termination_time: 859487.445
local_termination_time: 310007.02936000004
node_cons: 17682.222786714803
tot_aggregated_send: 11078
tot_msg_rcv: 1145
tot_msg_sent: 1686
tot_reconf_duration: 5.43
tot_sleeping_duration: 846287.4085200038
tot_uptimes: 221
tot_uptimes_duration: 13200.03647999611
