comms_cons: 183.21160959088832
finished_reconf: true
global_termination_time: 1829886.174
local_termination_time: 1103259.4043599998
node_cons: 37629.894982233374
tot_aggregated_send: 25810
tot_msg_rcv: 721
tot_msg_sent: 1316
tot_reconf_duration: 22.65
tot_sleeping_duration: 1801806.1618400048
tot_uptimes: 469
tot_uptimes_duration: 28080.01215999527
