comms_cons: 182.6716927905993
finished_reconf: true
global_termination_time: 1828607.731
local_termination_time: 946771.1244799999
node_cons: 37617.0048599999
tot_aggregated_send: 25984
tot_msg_rcv: 631
tot_msg_sent: 1150
tot_reconf_duration: 13.17
tot_sleeping_duration: 1800527.731
tot_uptimes: 469
tot_uptimes_duration: 28080.0
