comms_cons: 158.7961983873388
finished_reconf: true
global_termination_time: 1569238.403
local_termination_time: 460063.5093600001
node_cons: 32237.22056670108
tot_aggregated_send: 21460
tot_msg_rcv: 882
tot_msg_sent: 1794
tot_reconf_duration: 15.34
tot_sleeping_duration: 1545178.3665200141
tot_uptimes: 402
tot_uptimes_duration: 24060.036479985807
