comms_cons: 160.07319038218978
finished_reconf: true
global_termination_time: 1568682.194
local_termination_time: 240347.15636000005
node_cons: 32224.843747827075
tot_aggregated_send: 20648
tot_msg_rcv: 1235
tot_msg_sent: 2448
tot_reconf_duration: 6.22
tot_sleeping_duration: 1544622.1514400095
tot_uptimes: 402
tot_uptimes_duration: 24060.04255999031
