comms_cons: 601.7923457437844
finished_reconf: true
global_termination_time: 5987531.2
local_termination_time: 386311.07736000005
node_cons: 123192.0438289324
tot_aggregated_send: 82998
tot_msg_rcv: 2910
tot_msg_sent: 5560
tot_reconf_duration: 22.65
tot_sleeping_duration: 5895551.151360018
tot_uptimes: 1534
tot_uptimes_duration: 91980.04863998224
