comms_cons: 599.4898049368594
finished_reconf: true
global_termination_time: 5988537.129
local_termination_time: 433637.8843600005
node_cons: 123167.82525005378
tot_aggregated_send: 83462
tot_msg_rcv: 2596
tot_msg_sent: 5060
tot_reconf_duration: 4.8100000000000005
tot_sleeping_duration: 5896557.074280016
tot_uptimes: 1534
tot_uptimes_duration: 91980.05471998331
