comms_cons: 594.7519233107366
finished_reconf: true
global_termination_time: 5992776.504
local_termination_time: 448504.13836
node_cons: 123247.59489004943
tot_aggregated_send: 82998
tot_msg_rcv: 2429
tot_msg_sent: 4971
tot_reconf_duration: 4.390000000000001
tot_sleeping_duration: 5900736.449280019
tot_uptimes: 1535
tot_uptimes_duration: 92040.05471998011
