comms_cons: 598.998425721494
finished_reconf: true
global_termination_time: 5989341.7
local_termination_time: 1977640.7868399997
node_cons: 123176.6359678156
tot_aggregated_send: 82708
tot_msg_rcv: 2823
tot_msg_sent: 5512
tot_reconf_duration: 11.31
tot_sleeping_duration: 5897361.657440016
tot_uptimes: 1534
tot_uptimes_duration: 91980.0425599846
