comms_cons: 61.709977605868545
finished_reconf: true
global_termination_time: 311526.47
local_termination_time: 2565.85836
node_cons: 6355.412663360879
tot_aggregated_send: 0
tot_msg_rcv: 4793
tot_msg_sent: 4585
tot_reconf_duration: 6.279999999999999
tot_sleeping_duration: 306786.4517599993
tot_uptimes: 80
tot_uptimes_duration: 4740.018240000652
