comms_cons: 79.18816000666085
finished_reconf: true
global_termination_time: 269751.92460000067
local_termination_time: 2603.035040000001
node_cons: 11109.877011400864
tot_aggregated_send: 0
tot_msg_rcv: 4033
tot_msg_sent: 8001
tot_reconf_duration: 4.390000000000001
tot_sleeping_duration: 261459.23200000005
tot_uptimes: 137
tot_uptimes_duration: 8292.692600000635
