comms_cons: 27.18588160041461
finished_reconf: true
global_termination_time: 270826.314
local_termination_time: 57640.61936000001
node_cons: 5554.087701121435
tot_aggregated_send: 3770
tot_msg_rcv: 136
tot_msg_sent: 226
tot_reconf_duration: 7.819999999999999
tot_sleeping_duration: 266686.30791999894
tot_uptimes: 70
tot_uptimes_duration: 4140.006080001069
