comms_cons: 703.0690753706722
finished_reconf: true
global_termination_time: 7092110.546
local_termination_time: 3243934.8116399995
node_cons: 145905.04476558097
tot_aggregated_send: 97382
tot_msg_rcv: 3211
tot_msg_sent: 6269
tot_reconf_duration: 5.57
tot_sleeping_duration: 6983150.515600011
tot_uptimes: 1817
tot_uptimes_duration: 108960.0303999891
