comms_cons: 699.051884952451
finished_reconf: true
global_termination_time: 7093767.16
local_termination_time: 3579138.8143599997
node_cons: 145915.3737066979
tot_aggregated_send: 97788
tot_msg_rcv: 2924
tot_msg_sent: 5539
tot_reconf_duration: 13.17
tot_sleeping_duration: 6984807.123520013
tot_uptimes: 1817
tot_uptimes_duration: 108960.0364799872
