comms_cons: 700.7834881279931
finished_reconf: true
global_termination_time: 7091708.444
local_termination_time: 3653023.45668
node_cons: 145901.66334558066
tot_aggregated_send: 99064
tot_msg_rcv: 2744
tot_msg_sent: 4707
tot_reconf_duration: 3.08
tot_sleeping_duration: 6982748.413600011
tot_uptimes: 1817
tot_uptimes_duration: 108960.0303999891
