comms_cons: 696.2500480818926
finished_reconf: true
global_termination_time: 7093120.527
local_termination_time: 3903259.7473600004
node_cons: 145918.0000855813
tot_aggregated_send: 97904
tot_msg_rcv: 2705
tot_msg_sent: 5215
tot_reconf_duration: 15.110000000000001
tot_sleeping_duration: 6984160.49660001
tot_uptimes: 1817
tot_uptimes_duration: 108960.03039998934
