comms_cons: 708.4469185729333
finished_reconf: true
global_termination_time: 7094873.781
local_termination_time: 754512.5704799999
node_cons: 145908.13283004827
tot_aggregated_send: 98310
tot_msg_rcv: 3248
tot_msg_sent: 6120
tot_reconf_duration: 7.819999999999999
tot_sleeping_duration: 6985913.726280021
tot_uptimes: 1817
tot_uptimes_duration: 108960.05471997987
