comms_cons: 701.7183297380069
finished_reconf: true
global_termination_time: 7092847.519
local_termination_time: 825170.72736
node_cons: 145905.94374781498
tot_aggregated_send: 98658
tot_msg_rcv: 2539
tot_msg_sent: 5460
tot_reconf_duration: 6.22
tot_sleeping_duration: 6983887.476440015
tot_uptimes: 1817
tot_uptimes_duration: 108960.04255998484
