comms_cons: 679.674533929403
finished_reconf: true
global_termination_time: 1671005.063
local_termination_time: 396554.4944800001
node_cons: 101358.12782905521
tot_aggregated_send: 0
tot_msg_rcv: 41768
tot_msg_sent: 61539
tot_reconf_duration: 18.21
tot_sleeping_duration: 1595326.6472800167
tot_uptimes: 1241
tot_uptimes_duration: 75678.41571998355
