comms_cons: 277.78629741033626
finished_reconf: true
global_termination_time: 1673394.555
local_termination_time: 396557.9656000001
node_cons: 34416.30312335971
tot_aggregated_send: 0
tot_msg_rcv: 21345
tot_msg_sent: 20877
tot_reconf_duration: 22.65
tot_sleeping_duration: 1647714.53676
tot_uptimes: 429
tot_uptimes_duration: 25680.018239999772
