comms_cons: 162.96020479862912
finished_reconf: true
global_termination_time: 1670634.449
local_termination_time: 764752.8187199999
node_cons: 34339.537400000045
tot_aggregated_send: 24244
tot_msg_rcv: 171
tot_msg_sent: 354
tot_reconf_duration: 25.299999999999997
tot_sleeping_duration: 1645014.449
tot_uptimes: 428
tot_uptimes_duration: 25620.0
