comms_cons: 168.7354943831429
finished_reconf: true
global_termination_time: 1672508.527
local_termination_time: 396499.15636
node_cons: 34391.563031177444
tot_aggregated_send: 22446
tot_msg_rcv: 957
tot_msg_sent: 2244
tot_reconf_duration: 4.390000000000001
tot_sleeping_duration: 1646828.4662000167
tot_uptimes: 429
tot_uptimes_duration: 25680.060799983214
