comms_cons: 167.48578559133838
finished_reconf: true
global_termination_time: 1673442.369
local_termination_time: 710986.55536
node_cons: 34394.00746558886
tot_aggregated_send: 22794
tot_msg_rcv: 913
tot_msg_sent: 1751
tot_reconf_duration: 6.22
tot_sleeping_duration: 1647762.3386000083
tot_uptimes: 429
tot_uptimes_duration: 25680.030399991607
