comms_cons: 11.862297600064755
finished_reconf: true
global_termination_time: 102290.133
local_termination_time: 30275.60436
node_cons: 2106.7411422394443
tot_aggregated_send: 928
tot_msg_rcv: 413
tot_msg_sent: 462
tot_reconf_duration: 13.17
tot_sleeping_duration: 100730.12084000041
tot_uptimes: 27
tot_uptimes_duration: 1560.0121599995837
