comms_cons: 13.133964799871816
finished_reconf: true
global_termination_time: 103792.228
local_termination_time: 33014.318360000005
node_cons: 2119.631264478877
tot_aggregated_send: 870
tot_msg_rcv: 502
tot_msg_sent: 625
tot_reconf_duration: 22.65
tot_sleeping_duration: 102232.20368000084
tot_uptimes: 27
tot_uptimes_duration: 1560.0243199991673
