comms_cons: 12.22603519996289
finished_reconf: true
global_termination_time: 100900.543
local_termination_time: 32338.941360000004
node_cons: 2012.6663233597371
tot_aggregated_send: 812
tot_msg_rcv: 402
tot_msg_sent: 646
tot_reconf_duration: 3.05
tot_sleeping_duration: 99400.5247600002
tot_uptimes: 26
tot_uptimes_duration: 1500.0182399998012
