comms_cons: 69.28501759757238
finished_reconf: true
global_termination_time: 686390.755
local_termination_time: 268059.89636
node_cons: 14065.477902242823
tot_aggregated_send: 8526
tot_msg_rcv: 610
tot_msg_sent: 1394
tot_reconf_duration: 4.390000000000001
tot_sleeping_duration: 675890.7428399979
tot_uptimes: 176
tot_uptimes_duration: 10500.012160002138
