comms_cons: 70.99754239753987
finished_reconf: true
global_termination_time: 689374.968
local_termination_time: 86700.22575999974
node_cons: 14144.006323360594
tot_aggregated_send: 8816
tot_msg_rcv: 599
tot_msg_sent: 1376
tot_reconf_duration: 3.05
tot_sleeping_duration: 678814.9497599995
tot_uptimes: 177
tot_uptimes_duration: 10560.018240000441
