comms_cons: 2525.6310736386986
finished_reconf: true
global_termination_time: 8667259.6296
local_termination_time: 8667259.58848
node_cons: 353650.23072853585
tot_aggregated_send: 0
tot_msg_rcv: 128702
tot_msg_sent: 255179
tot_reconf_duration: 37.410000000000004
tot_sleeping_duration: 8403182.386920003
tot_uptimes: 4362
tot_uptimes_duration: 264077.24267999793
