comms_cons: 856.9101314364002
finished_reconf: true
global_termination_time: 8667391.829
local_termination_time: 2521403.235359999
node_cons: 178281.45907004786
tot_aggregated_send: 119886
tot_msg_rcv: 3326
tot_msg_sent: 7034
tot_reconf_duration: 5.1
tot_sleeping_duration: 8534251.77428002
tot_uptimes: 2220
tot_uptimes_duration: 133140.05471998057
