comms_cons: 850.7749184924401
finished_reconf: true
global_termination_time: 8671315.396
local_termination_time: 5933881.03336
node_cons: 178370.960199993
tot_aggregated_send: 123830
tot_msg_rcv: 1879
tot_msg_sent: 3603
tot_reconf_duration: 11.899999999999999
tot_sleeping_duration: 8538115.396
tot_uptimes: 2221
tot_uptimes_duration: 133200.0
