comms_cons: 94.53139839295747
finished_reconf: true
global_termination_time: 748587.40524
local_termination_time: 20084.416360000003
node_cons: 15389.038404177163
tot_aggregated_send: 4350
tot_msg_rcv: 3998
tot_msg_sent: 6031
tot_reconf_duration: 18.21
tot_sleeping_duration: 737112.9397999872
tot_uptimes: 192
tot_uptimes_duration: 11474.465440012813
