comms_cons: 75.8429952007256
finished_reconf: true
global_termination_time: 749200.054
local_termination_time: 46351.20036000001
node_cons: 15351.873941121452
tot_aggregated_send: 9918
tot_msg_rcv: 503
tot_msg_sent: 1106
tot_reconf_duration: 5.1
tot_sleeping_duration: 737740.0479199989
tot_uptimes: 192
tot_uptimes_duration: 11460.006080001069
