comms_cons: 75.93345919861744
finished_reconf: true
global_termination_time: 749176.774
local_termination_time: 161693.9074400002
node_cons: 15349.15520447653
tot_aggregated_send: 10034
tot_msg_rcv: 533
tot_msg_sent: 975
tot_reconf_duration: 3.08
tot_sleeping_duration: 737716.7496800026
tot_uptimes: 192
tot_uptimes_duration: 11460.024319997407
