comms_cons: 76.87920639567363
finished_reconf: true
global_termination_time: 750566.519
local_termination_time: 524801.6491999986
node_cons: 15436.28250223824
tot_aggregated_send: 9686
tot_msg_rcv: 666
tot_msg_sent: 1334
tot_reconf_duration: 8.09
tot_sleeping_duration: 739046.5068400012
tot_uptimes: 193
tot_uptimes_duration: 11520.012159998703
