comms_cons: 77.61482239808085
finished_reconf: true
global_termination_time: 752985.624
local_termination_time: 525299.0113599999
node_cons: 15438.104924476605
tot_aggregated_send: 9976
tot_msg_rcv: 704
tot_msg_sent: 1117
tot_reconf_duration: 9.42
tot_sleeping_duration: 741465.5996800025
tot_uptimes: 193
tot_uptimes_duration: 11520.024319997407
