comms_cons: 76.29240319856899
finished_reconf: true
global_termination_time: 748668.916
local_termination_time: 85248.08107999992
node_cons: 15352.338363355128
tot_aggregated_send: 9976
tot_msg_rcv: 576
tot_msg_sent: 1044
tot_reconf_duration: 5.43
tot_sleeping_duration: 737208.8977600037
tot_uptimes: 192
tot_uptimes_duration: 11460.018239996338
