comms_cons: 110.67523197874804
finished_reconf: true
global_termination_time: 802640.7184799999
local_termination_time: 55692.73544000004
node_cons: 16522.01306201091
tot_aggregated_send: 5162
tot_msg_rcv: 5038
tot_msg_sent: 6631
tot_reconf_duration: 18.21
tot_sleeping_duration: 790320.1181200217
tot_uptimes: 206
tot_uptimes_duration: 12320.60035997827
