comms_cons: 78.76618239985504
finished_reconf: true
global_termination_time: 803094.849
local_termination_time: 79620.19735999942
node_cons: 16476.93554416068
tot_aggregated_send: 11542
tot_msg_rcv: 86
tot_msg_sent: 344
tot_reconf_duration: 4.8100000000000005
tot_sleeping_duration: 790794.3235599996
tot_uptimes: 206
tot_uptimes_duration: 12300.525440000492
