comms_cons: 78.75960319975222
finished_reconf: true
global_termination_time: 807377.826
local_termination_time: 782324.2681199989
node_cons: 16564.91009999998
tot_aggregated_send: 11832
tot_msg_rcv: 51
tot_msg_sent: 88
tot_reconf_duration: 10.95
tot_sleeping_duration: 795017.826
tot_uptimes: 207
tot_uptimes_duration: 12360.000000000015
