comms_cons: 80.8135679976847
finished_reconf: true
global_termination_time: 807697.046
local_termination_time: 59133.348000000005
node_cons: 16560.667701121456
tot_aggregated_send: 11248
tot_msg_rcv: 341
tot_msg_sent: 694
tot_reconf_duration: 7.819999999999999
tot_sleeping_duration: 795337.0399199988
tot_uptimes: 207
tot_uptimes_duration: 12360.006080001069
