comms_cons: 80.02684159892198
finished_reconf: true
global_termination_time: 806664.761
local_termination_time: 175211.88572000057
node_cons: 16570.87172000002
tot_aggregated_send: 11426
tot_msg_rcv: 229
tot_msg_sent: 508
tot_reconf_duration: 15.34
tot_sleeping_duration: 794304.761
tot_uptimes: 207
tot_uptimes_duration: 12360.0
