comms_cons: 402.6500544700443
finished_reconf: true
global_termination_time: 3964560.827
local_termination_time: 530025.975
node_cons: 81581.65560586195
tot_aggregated_send: 53010
tot_msg_rcv: 2804
tot_msg_sent: 5387
tot_reconf_duration: 22.65
tot_sleeping_duration: 3903656.497720042
tot_uptimes: 1016
tot_uptimes_duration: 60904.329279958154
