comms_cons: 392.1921344162018
finished_reconf: true
global_termination_time: 3963005.161
local_termination_time: 540586.5973599999
node_cons: 81475.75436111473
tot_aggregated_send: 57362
tot_msg_rcv: 804
tot_msg_sent: 1444
tot_reconf_duration: 8.09
tot_sleeping_duration: 3902165.1549200024
tot_uptimes: 1015
tot_uptimes_duration: 60840.006079997635
