comms_cons: 403.9766656334908
finished_reconf: true
global_termination_time: 3966240.659
local_termination_time: 1106882.7243599996
node_cons: 81549.35587563334
tot_aggregated_send: 53186
tot_msg_rcv: 2858
tot_msg_sent: 5359
tot_reconf_duration: 3.05
tot_sleeping_duration: 3905340.573880033
tot_uptimes: 1016
tot_uptimes_duration: 60900.08511996687
