comms_cons: 394.8650176570416
finished_reconf: true
global_termination_time: 3962203.68
local_termination_time: 1460800.5423599998
node_cons: 81473.28817116749
tot_aggregated_send: 53476
tot_msg_rcv: 2167
tot_msg_sent: 4375
tot_reconf_duration: 6.22
tot_sleeping_duration: 3901363.6192000234
tot_uptimes: 1015
tot_uptimes_duration: 60840.06079997727
