comms_cons: 406.24179208850035
finished_reconf: true
global_termination_time: 3961450.7
local_termination_time: 1112585.3412799984
node_cons: 81486.44064596761
tot_aggregated_send: 53302
tot_msg_rcv: 2933
tot_msg_sent: 5509
tot_reconf_duration: 15.34
tot_sleeping_duration: 3900610.066000023
tot_uptimes: 1015
tot_uptimes_duration: 60840.63399997726
