comms_cons: 40.48902400008852
finished_reconf: true
global_termination_time: 412525.571
local_termination_time: 244049.04136000006
node_cons: 8441.66162000003
tot_aggregated_send: 5974
tot_msg_rcv: 68
tot_msg_sent: 112
tot_reconf_duration: 4.390000000000001
tot_sleeping_duration: 406225.571
tot_uptimes: 106
tot_uptimes_duration: 6300.0
