comms_cons: 91.68807039845503
finished_reconf: true
global_termination_time: 915792.79324
local_termination_time: 39716.37836000001
node_cons: 18846.061962719785
tot_aggregated_send: 12354
tot_msg_rcv: 600
tot_msg_sent: 982
tot_reconf_duration: 18.21
tot_sleeping_duration: 901736.5327600002
tot_uptimes: 235
tot_uptimes_duration: 14056.260479999823
