comms_cons: 94.80627199171103
finished_reconf: true
global_termination_time: 920686.771
local_termination_time: 15154.06548
node_cons: 18910.683123350525
tot_aggregated_send: 12238
tot_msg_rcv: 791
tot_msg_sent: 1380
tot_reconf_duration: 22.65
tot_sleeping_duration: 906586.752760007
tot_uptimes: 236
tot_uptimes_duration: 14100.018239992904
