comms_cons: 92.31933439505433
finished_reconf: true
global_termination_time: 920324.463
local_termination_time: 315993.78236000007
node_cons: 18890.5358422337
tot_aggregated_send: 12702
tot_msg_rcv: 405
tot_msg_sent: 925
tot_reconf_duration: 7.819999999999999
tot_sleeping_duration: 906224.4508400047
tot_uptimes: 236
tot_uptimes_duration: 14100.012159995269
