comms_cons: 87.6034176118477
finished_reconf: true
global_termination_time: 441797.8057200002
local_termination_time: 612.8750399999996
node_cons: 9121.228459201713
tot_aggregated_send: 0
tot_msg_rcv: 6758
tot_msg_sent: 6554
tot_reconf_duration: 15.34
tot_sleeping_duration: 435001.3929199989
tot_uptimes: 114
tot_uptimes_duration: 6796.4128000012715
