comms_cons: 115.58801919968748
finished_reconf: true
global_termination_time: 1197203.859
local_termination_time: 4178.443
node_cons: 24591.929980000037
tot_aggregated_send: 17278
tot_msg_rcv: 57
tot_msg_sent: 234
tot_reconf_duration: 5.8100000000000005
tot_sleeping_duration: 1178843.859
tot_uptimes: 307
tot_uptimes_duration: 18360.0
