comms_cons: 117.25450239457932
finished_reconf: true
global_termination_time: 1197272.414
local_termination_time: 4836.170999999999
node_cons: 24593.947961116868
tot_aggregated_send: 17044
tot_msg_rcv: 218
tot_msg_sent: 560
tot_reconf_duration: 7.29
tot_sleeping_duration: 1178912.4079200025
tot_uptimes: 307
tot_uptimes_duration: 18360.006079997635
