comms_cons: 117.9788415969073
finished_reconf: true
global_termination_time: 1199853.84
local_termination_time: 5955.041
node_cons: 24677.16692112147
tot_aggregated_send: 17158
tot_msg_rcv: 218
tot_msg_sent: 557
tot_reconf_duration: 9.41
tot_sleeping_duration: 1181433.833919999
tot_uptimes: 308
tot_uptimes_duration: 18420.00608000107
