comms_cons: 119.0709887981677
finished_reconf: true
global_termination_time: 1199954.104
local_termination_time: 4448.996
node_cons: 24670.43124112147
tot_aggregated_send: 17105
tot_msg_rcv: 346
tot_msg_sent: 647
tot_reconf_duration: 4.45
tot_sleeping_duration: 1181534.0979199992
tot_uptimes: 308
tot_uptimes_duration: 18420.00608000107
