comms_cons: 54.784998400584215
finished_reconf: true
global_termination_time: 547577.886
local_termination_time: 432139.60336000007
node_cons: 11254.131980000013
tot_aggregated_send: 7714
tot_msg_rcv: 211
tot_msg_sent: 402
tot_reconf_duration: 4.8100000000000005
tot_sleeping_duration: 539177.886
tot_uptimes: 141
tot_uptimes_duration: 8400.0
