comms_cons: 55.490854399957435
finished_reconf: true
global_termination_time: 545842.8322799983
local_termination_time: 150457.60948000007
node_cons: 11249.822338160639
tot_aggregated_send: 7482
tot_msg_rcv: 328
tot_msg_sent: 625
tot_reconf_duration: 6.22
tot_sleeping_duration: 537447.4808399979
tot_uptimes: 140
tot_uptimes_duration: 8395.351440000464
