comms_cons: 0.7434496000016577
finished_reconf: true
global_termination_time: 6139.209
local_termination_time: 1301.3763600000002
node_cons: 87.9040599999999
tot_aggregated_send: 0
tot_msg_rcv: 59
tot_msg_sent: 53
tot_reconf_duration: 5.57
tot_sleeping_duration: 6079.209
tot_uptimes: 2
tot_uptimes_duration: 60.0
