comms_cons: 0.6381824000014231
finished_reconf: true
global_termination_time: 5726.305
local_termination_time: 1282.6823600000002
node_cons: 114.69739999999993
tot_aggregated_send: 0
tot_msg_rcv: 62
tot_msg_sent: 34
tot_reconf_duration: 25.299999999999997
tot_sleeping_duration: 5666.305
tot_uptimes: 2
tot_uptimes_duration: 60.0
