comms_cons: 634.4719166522207
finished_reconf: true
global_termination_time: 731366.858
local_termination_time: 335243.8914800001
node_cons: 73496.34795569855
tot_aggregated_send: 0
tot_msg_rcv: 43419
tot_msg_sent: 53017
tot_reconf_duration: 15.34
tot_sleeping_duration: 676493.4328799851
tot_uptimes: 892
tot_uptimes_duration: 54873.425120015
