comms_cons: 145.68671356612342
finished_reconf: true
global_termination_time: 734532.899
local_termination_time: 336735.56436
node_cons: 15112.448239999982
tot_aggregated_send: 0
tot_msg_rcv: 11244
tot_msg_sent: 10899
tot_reconf_duration: 6.279999999999999
tot_sleeping_duration: 723252.899
tot_uptimes: 189
tot_uptimes_duration: 11280.0
