comms_cons: 73.4633471991199
finished_reconf: true
global_termination_time: 732451.499
local_termination_time: 150772.21248000007
node_cons: 15029.566043364333
tot_aggregated_send: 9918
tot_msg_rcv: 372
tot_msg_sent: 876
tot_reconf_duration: 4.390000000000001
tot_sleeping_duration: 721231.4807599967
tot_uptimes: 188
tot_uptimes_duration: 11220.018240003206
