comms_cons: 74.47000959754881
finished_reconf: true
global_termination_time: 735889.757
local_termination_time: 338866.19736000005
node_cons: 15119.27898000002
tot_aggregated_send: 10150
tot_msg_rcv: 425
tot_msg_sent: 744
tot_reconf_duration: 11.31
tot_sleeping_duration: 724609.757
tot_uptimes: 189
tot_uptimes_duration: 11280.0
