comms_cons: 96.6723199990268
finished_reconf: true
global_termination_time: 974234.259
local_termination_time: 376004.7493600001
node_cons: 20015.27956000004
tot_aggregated_send: 13514
tot_msg_rcv: 398
tot_msg_sent: 781
tot_reconf_duration: 7.819999999999999
tot_sleeping_duration: 959294.259
tot_uptimes: 250
tot_uptimes_duration: 14940.0
