comms_cons: 1.6718527999935666
finished_reconf: true
global_termination_time: 11413.098840000002
local_termination_time: 11394.754359999999
node_cons: 206.2409477600031
tot_aggregated_send: 0
tot_msg_rcv: 131
tot_msg_sent: 123
tot_reconf_duration: 6.22
tot_sleeping_duration: 11265.381
tot_uptimes: 3
tot_uptimes_duration: 147.71784000000298
