comms_cons: 58.903577601177545
finished_reconf: true
global_termination_time: 592822.455
local_termination_time: 188395.98636000004
node_cons: 12137.880121121445
tot_aggregated_send: 7946
tot_msg_rcv: 321
tot_msg_sent: 686
tot_reconf_duration: 4.8100000000000005
tot_sleeping_duration: 583762.4489199988
tot_uptimes: 152
tot_uptimes_duration: 9060.006080001069
