comms_cons: 138.69736959310882
finished_reconf: true
global_termination_time: 1432243.969
local_termination_time: 6516.711
node_cons: 29411.37113565869
tot_aggregated_send: 18323
tot_msg_rcv: 865
tot_msg_sent: 1894
tot_reconf_duration: 5.02
tot_sleeping_duration: 1410283.883880016
tot_uptimes: 367
tot_uptimes_duration: 21960.085119984054
