comms_cons: 138.36071679239947
finished_reconf: true
global_termination_time: 1434619.145
local_termination_time: 6181.195000000001
node_cons: 29494.894328948656
tot_aggregated_send: 18671
tot_msg_rcv: 846
tot_msg_sent: 1514
tot_reconf_duration: 7.3999999999999995
tot_sleeping_duration: 1412599.0963600087
tot_uptimes: 368
tot_uptimes_duration: 22020.048639991495
