comms_cons: 86.31155199374676
finished_reconf: true
global_termination_time: 837661.143
local_termination_time: 82902.15163999978
node_cons: 17223.53498224176
tot_aggregated_send: 10962
tot_msg_rcv: 718
tot_msg_sent: 1438
tot_reconf_duration: 22.65
tot_sleeping_duration: 824821.1308399988
tot_uptimes: 215
tot_uptimes_duration: 12840.012160001286
