comms_cons: 36.81123840008102
finished_reconf: true
global_termination_time: 374086.049
local_termination_time: 125676.94347999996
node_cons: 7650.184860000007
tot_aggregated_send: 5336
tot_msg_rcv: 97
tot_msg_sent: 162
tot_reconf_duration: 13.17
tot_sleeping_duration: 368386.049
tot_uptimes: 96
tot_uptimes_duration: 5700.0
