comms_cons: 36.46850560037988
finished_reconf: true
global_termination_time: 372362.041
local_termination_time: 178692.24876000086
node_cons: 7642.919559999978
tot_aggregated_send: 5278
tot_msg_rcv: 40
tot_msg_sent: 225
tot_reconf_duration: 7.819999999999999
tot_sleeping_duration: 366662.041
tot_uptimes: 96
tot_uptimes_duration: 5700.0
