comms_cons: 358.52659840857683
finished_reconf: true
global_termination_time: 3676476.334
local_termination_time: 1723034.2554799998
node_cons: 75604.14706334942
tot_aggregated_send: 51678
tot_msg_rcv: 1010
tot_msg_sent: 1806
tot_reconf_duration: 3.08
tot_sleeping_duration: 3620016.3157600067
tot_uptimes: 942
tot_uptimes_duration: 56460.01823999337
