comms_cons: 364.37642882651573
finished_reconf: true
global_termination_time: 3676267.829
local_termination_time: 1407895.5493999983
node_cons: 75612.3439444663
tot_aggregated_send: 52200
tot_msg_rcv: 1108
tot_msg_sent: 2075
tot_reconf_duration: 9.11
tot_sleeping_duration: 3619807.804680009
tot_uptimes: 942
tot_uptimes_duration: 56460.024319991004
