comms_cons: 370.35430403846186
finished_reconf: true
global_termination_time: 3675312.554
local_termination_time: 671903.2264799988
node_cons: 75625.40787005058
tot_aggregated_send: 50866
tot_msg_rcv: 1897
tot_msg_sent: 3528
tot_reconf_duration: 18.700000000000003
tot_sleeping_duration: 3618852.4992800206
tot_uptimes: 942
tot_uptimes_duration: 56460.05471997941
