comms_cons: 361.62307201451836
finished_reconf: true
global_termination_time: 3677227.122
local_termination_time: 1266152.8803599998
node_cons: 75608.42746558295
tot_aggregated_send: 51736
tot_msg_rcv: 1126
tot_msg_sent: 2102
tot_reconf_duration: 6.22
tot_sleeping_duration: 3620767.0916000116
tot_uptimes: 942
tot_uptimes_duration: 56460.03039998864
