comms_cons: 127.09103358847386
finished_reconf: true
global_termination_time: 1231400.982
local_termination_time: 25099.29836
node_cons: 25313.640121116874
tot_aggregated_send: 16240
tot_msg_rcv: 1046
tot_msg_sent: 2031
tot_reconf_duration: 4.8100000000000005
tot_sleeping_duration: 1212500.9759200024
tot_uptimes: 316
tot_uptimes_duration: 18900.006079997635
