comms_cons: 126.23573758852194
finished_reconf: true
global_termination_time: 1231129.967
local_termination_time: 25086.35248
node_cons: 25313.094184476606
tot_aggregated_send: 16414
tot_msg_rcv: 912
tot_msg_sent: 1861
tot_reconf_duration: 4.390000000000001
tot_sleeping_duration: 1212229.9426800024
tot_uptimes: 316
tot_uptimes_duration: 18900.024319997436
