comms_cons: 121.4454527981671
finished_reconf: true
global_termination_time: 1229711.4892400003
local_termination_time: 62891.52948000002
node_cons: 25270.239470477107
tot_aggregated_send: 16936
tot_msg_rcv: 473
tot_msg_sent: 1049
tot_reconf_duration: 3.05
tot_sleeping_duration: 1210842.1109200025
tot_uptimes: 315
tot_uptimes_duration: 18869.378319997806
