comms_cons: 119.30087679929002
finished_reconf: true
global_termination_time: 1231221.239
local_termination_time: 474970.08852000086
node_cons: 25317.72770111688
tot_aggregated_send: 16936
tot_msg_rcv: 386
tot_msg_sent: 811
tot_reconf_duration: 7.819999999999999
tot_sleeping_duration: 1212321.2329200024
tot_uptimes: 316
tot_uptimes_duration: 18900.006079997635
