comms_cons: 155.9349247531451
finished_reconf: true
global_termination_time: 791860.864
local_termination_time: 436009.8453600001
node_cons: 16259.471264467385
tot_aggregated_send: 0
tot_msg_rcv: 11999
tot_msg_sent: 11702
tot_reconf_duration: 22.65
tot_sleeping_duration: 779740.8396800094
tot_uptimes: 203
tot_uptimes_duration: 12120.024319990538
