comms_cons: 82.8728575969353
finished_reconf: true
global_termination_time: 795427.33
local_termination_time: 115697.96035999995
node_cons: 16316.632906712523
tot_aggregated_send: 10324
tot_msg_rcv: 813
tot_msg_sent: 1460
tot_reconf_duration: 5.57
tot_sleeping_duration: 783247.2935200057
tot_uptimes: 204
tot_uptimes_duration: 12180.036479994407
