comms_cons: 80.78599679754377
finished_reconf: true
global_termination_time: 792237.345
local_termination_time: 423208.74572000006
node_cons: 16244.856482238238
tot_aggregated_send: 10788
tot_msg_rcv: 572
tot_msg_sent: 919
tot_reconf_duration: 11.899999999999999
tot_sleeping_duration: 780117.3328400013
tot_uptimes: 203
tot_uptimes_duration: 12120.012159998703
