comms_cons: 158.61815035160018
finished_reconf: true
global_termination_time: 793372.311
local_termination_time: 433600.97356000025
node_cons: 16319.647701116864
tot_aggregated_send: 0
tot_msg_rcv: 12331
tot_msg_sent: 11779
tot_reconf_duration: 7.819999999999999
tot_sleeping_duration: 781192.3049200024
tot_uptimes: 204
tot_uptimes_duration: 12180.006079997635
