comms_cons: 88.25617920100893
finished_reconf: true
global_termination_time: 784039.09236
local_termination_time: 2603.27272
node_cons: 16113.286043612587
tot_aggregated_send: 6728
tot_msg_rcv: 2608
tot_msg_sent: 4082
tot_reconf_duration: 18.21
tot_sleeping_duration: 772023.7399599906
tot_uptimes: 201
tot_uptimes_duration: 12015.352400009388
