comms_cons: 77.42465280027915
finished_reconf: true
global_termination_time: 788023.071
local_termination_time: 330002.33736000006
node_cons: 16155.904060000033
tot_aggregated_send: 11252
tot_msg_rcv: 171
tot_msg_sent: 345
tot_reconf_duration: 5.57
tot_sleeping_duration: 775963.071
tot_uptimes: 202
tot_uptimes_duration: 12060.0
