comms_cons: 78.18063360091814
finished_reconf: true
global_termination_time: 784039.2517599992
local_termination_time: 369296.46836
node_cons: 16126.407313760348
tot_aggregated_send: 11020
tot_msg_rcv: 265
tot_msg_sent: 598
tot_reconf_duration: 6.22
tot_sleeping_duration: 772001.9399199989
tot_uptimes: 201
tot_uptimes_duration: 12037.311840000271
