comms_cons: 48.75845120070136
finished_reconf: true
global_termination_time: 485454.881
local_termination_time: 97946.61700000001
node_cons: 9983.008002240611
tot_aggregated_send: 6657
tot_msg_rcv: 233
tot_msg_sent: 521
tot_reconf_duration: 15.34
tot_sleeping_duration: 478014.86883999954
tot_uptimes: 125
tot_uptimes_duration: 7440.012160000435
