comms_cons: 51.21969920150172
finished_reconf: true
global_termination_time: 490986.333
local_termination_time: 69706.84767999985
node_cons: 10060.409283362023
tot_aggregated_send: 5974
tot_msg_rcv: 544
tot_msg_sent: 1267
tot_reconf_duration: 13.17
tot_sleeping_duration: 483486.31475999847
tot_uptimes: 126
tot_uptimes_duration: 7500.018240001504
