comms_cons: 48.38766720123958
finished_reconf: true
global_termination_time: 486775.255
local_termination_time: 25956.084
node_cons: 10007.046328324313
tot_aggregated_send: 6204
tot_msg_rcv: 397
tot_msg_sent: 754
tot_reconf_duration: 22.65
tot_sleeping_duration: 479324.7041199968
tot_uptimes: 125
tot_uptimes_duration: 7450.550880003211
