comms_cons: 49.08999680103486
finished_reconf: true
global_termination_time: 485585.488
local_termination_time: 78312.96935999996
node_cons: 9968.716403364302
tot_aggregated_send: 6322
tot_msg_rcv: 384
tot_msg_sent: 755
tot_reconf_duration: 4.8100000000000005
tot_sleeping_duration: 478145.4697599968
tot_uptimes: 125
tot_uptimes_duration: 7440.018240003206
