comms_cons: 48.99530240030782
finished_reconf: true
global_termination_time: 487351.183
local_termination_time: 27756.679640000006
node_cons: 9966.310041119168
tot_aggregated_send: 6554
tot_msg_rcv: 256
tot_msg_sent: 637
tot_reconf_duration: 3.05
tot_sleeping_duration: 479911.17692000064
tot_uptimes: 125
tot_uptimes_duration: 7440.006079999366
