comms_cons: 50.265088001328444
finished_reconf: true
global_termination_time: 485736.392
local_termination_time: 195689.42584000013
node_cons: 9970.631183364305
tot_aggregated_send: 6322
tot_msg_rcv: 448
tot_msg_sent: 870
tot_reconf_duration: 6.22
tot_sleeping_duration: 478296.3737599968
tot_uptimes: 125
tot_uptimes_duration: 7440.018240003206
