comms_cons: 173.4408703919334
finished_reconf: true
global_termination_time: 1736876.301
local_termination_time: 535032.3618399997
node_cons: 35678.52405999986
tot_aggregated_send: 24708
tot_msg_rcv: 615
tot_msg_sent: 1039
tot_reconf_duration: 5.57
tot_sleeping_duration: 1710236.301
tot_uptimes: 445
tot_uptimes_duration: 26640.0
