comms_cons: 170.953932794956
finished_reconf: true
global_termination_time: 1735840.388
local_termination_time: 521052.12136000005
node_cons: 35685.83824111678
tot_aggregated_send: 25114
tot_msg_rcv: 242
tot_msg_sent: 628
tot_reconf_duration: 10.95
tot_sleeping_duration: 1709200.3819200024
tot_uptimes: 445
tot_uptimes_duration: 26640.006079997635
