comms_cons: 179.4884863749611
finished_reconf: true
global_termination_time: 1735385.387
local_termination_time: 536262.4483599998
node_cons: 35678.39906894369
tot_aggregated_send: 22852
tot_msg_rcv: 1576
tot_msg_sent: 2852
tot_reconf_duration: 5.43
tot_sleeping_duration: 1708745.338360012
tot_uptimes: 445
tot_uptimes_duration: 26640.048639987945
