comms_cons: 279.60642562319094
finished_reconf: true
global_termination_time: 2810704.955
local_termination_time: 5349.0019999999995
node_cons: 57879.28228781711
tot_aggregated_send: 38835
tot_msg_rcv: 1274
tot_msg_sent: 2389
tot_reconf_duration: 25.35
tot_sleeping_duration: 2767504.9124400164
tot_uptimes: 720
tot_uptimes_duration: 43200.042559983674
