comms_cons: 214.73381118001515
finished_reconf: true
global_termination_time: 2122771.1230799984
local_termination_time: 2122771.0819599982
node_cons: 43718.668420292706
tot_aggregated_send: 29160
tot_msg_rcv: 1109
tot_msg_sent: 2370
tot_reconf_duration: 24.59
tot_sleeping_duration: 2090145.8242000183
tot_uptimes: 544
tot_uptimes_duration: 32625.298879980153
