comms_cons: 210.86613758616735
finished_reconf: true
global_termination_time: 2126342.027
local_termination_time: 374305.17436000006
node_cons: 43712.56476558835
tot_aggregated_send: 29580
tot_msg_rcv: 871
tot_msg_sent: 1599
tot_reconf_duration: 5.57
tot_sleeping_duration: 2093701.9966000083
tot_uptimes: 545
tot_uptimes_duration: 32640.030399991607
