comms_cons: 215.83786238143782
finished_reconf: true
global_termination_time: 2125857.391
local_termination_time: 127174.56751999978
node_cons: 43735.75940558835
tot_aggregated_send: 29232
tot_msg_rcv: 1267
tot_msg_sent: 2308
tot_reconf_duration: 22.65
tot_sleeping_duration: 2093217.3606000082
tot_uptimes: 545
tot_uptimes_duration: 32640.030399991607
