comms_cons: 698.9188992907784
finished_reconf: true
global_termination_time: 7138011.605
local_termination_time: 3759822.0000799997
node_cons: 146793.99678334707
tot_aggregated_send: 99818
tot_msg_rcv: 2295
tot_msg_sent: 4120
tot_reconf_duration: 9.42
tot_sleeping_duration: 7028391.586760007
tot_uptimes: 1828
tot_uptimes_duration: 109620.0182399936
