comms_cons: 713.9328961555899
finished_reconf: true
global_termination_time: 7137700.229
local_termination_time: 1327149.230359999
node_cons: 146791.88911228222
tot_aggregated_send: 99122
tot_msg_rcv: 3008
tot_msg_sent: 6384
tot_reconf_duration: 7.819999999999999
tot_sleeping_duration: 7028080.162120026
tot_uptimes: 1828
tot_uptimes_duration: 109620.06687997538
