comms_cons: 715.2635521934805
finished_reconf: true
global_termination_time: 7141103.526
local_termination_time: 1434840.8833599999
node_cons: 146870.04003004843
tot_aggregated_send: 99006
tot_msg_rcv: 3205
tot_msg_sent: 6505
tot_reconf_duration: 6.22
tot_sleeping_duration: 7031423.47128002
tot_uptimes: 1829
tot_uptimes_duration: 109680.05471998011
