comms_cons: 710.3622977612404
finished_reconf: true
global_termination_time: 7141079.211
local_termination_time: 1461722.6254799997
node_cons: 146868.9509278147
tot_aggregated_send: 99064
tot_msg_rcv: 2981
tot_msg_sent: 5926
tot_reconf_duration: 5.43
tot_sleeping_duration: 7031399.168440015
tot_uptimes: 1829
tot_uptimes_duration: 109680.04255998484
