comms_cons: 198.32172798493227
finished_reconf: true
global_termination_time: 1978348.817
local_termination_time: 587505.2249599986
node_cons: 40659.644765583806
tot_aggregated_send: 26970
tot_msg_rcv: 1035
tot_msg_sent: 2138
tot_reconf_duration: 5.57
tot_sleeping_duration: 1947988.7866000119
tot_uptimes: 507
tot_uptimes_duration: 30360.030399988173
