comms_cons: 266.5760254212422
finished_reconf: true
global_termination_time: 1670207.437
local_termination_time: 752195.16236
node_cons: 34335.93870000001
tot_aggregated_send: 0
tot_msg_rcv: 20487
tot_msg_sent: 20031
tot_reconf_duration: 22.65
tot_sleeping_duration: 1644587.437
tot_uptimes: 428
tot_uptimes_duration: 25620.0
