comms_cons: 54.49551360066366
finished_reconf: true
global_termination_time: 546133.347
local_termination_time: 451613.4476800002
node_cons: 11173.221619999953
tot_aggregated_send: 7656
tot_msg_rcv: 225
tot_msg_sent: 402
tot_reconf_duration: 4.390000000000001
tot_sleeping_duration: 537793.347
tot_uptimes: 140
tot_uptimes_duration: 8340.0
