comms_cons: 42.735545601112115
finished_reconf: true
global_termination_time: 417195.60848000005
local_termination_time: 417195.56736000004
node_cons: 8567.807942084413
tot_aggregated_send: 5438
tot_msg_rcv: 348
tot_msg_sent: 709
tot_reconf_duration: 24.59
tot_sleeping_duration: 410821.8857599968
tot_uptimes: 107
tot_uptimes_duration: 6373.722720003279
