comms_cons: 43.50887680094618
finished_reconf: true
global_termination_time: 419091.439
local_termination_time: 108069.67391999958
node_cons: 8611.747121121398
tot_aggregated_send: 5626
tot_msg_rcv: 414
tot_msg_sent: 573
tot_reconf_duration: 11.31
tot_sleeping_duration: 412671.43291999894
tot_uptimes: 108
tot_uptimes_duration: 6420.006080001025
