comms_cons: 98.46949119785197
finished_reconf: true
global_termination_time: 971945.76
local_termination_time: 414594.64236000006
node_cons: 19941.495963359732
tot_aggregated_send: 13282
tot_msg_rcv: 590
tot_msg_sent: 1096
tot_reconf_duration: 12.629999999999999
tot_sleeping_duration: 957065.7417600002
tot_uptimes: 249
tot_uptimes_duration: 14880.018239999772
