comms_cons: 99.23595519179763
finished_reconf: true
global_termination_time: 971964.325
local_termination_time: 363339.1432800003
node_cons: 19930.884544471955
tot_aggregated_send: 12644
tot_msg_rcv: 808
tot_msg_sent: 1633
tot_reconf_duration: 4.8100000000000005
tot_sleeping_duration: 957084.300680006
tot_uptimes: 249
tot_uptimes_duration: 14880.024319993972
