comms_cons: 98.98406399438582
finished_reconf: true
global_termination_time: 971520.24
local_termination_time: 408715.30436000007
node_cons: 19931.718363355118
tot_aggregated_send: 13282
tot_msg_rcv: 707
tot_msg_sent: 1056
tot_reconf_duration: 5.43
tot_sleeping_duration: 956640.2217600037
tot_uptimes: 249
tot_uptimes_duration: 14880.018239996338
