comms_cons: 451.1601408825653
finished_reconf: true
global_termination_time: 4469152.946
local_termination_time: 2968489.8820799985
node_cons: 91939.73498223134
tot_aggregated_send: 61712
tot_msg_rcv: 2237
tot_msg_sent: 4624
tot_reconf_duration: 22.65
tot_sleeping_duration: 4400512.933840005
tot_uptimes: 1145
tot_uptimes_duration: 68640.0121599955
