comms_cons: 451.8394880843463
finished_reconf: true
global_termination_time: 4466756.107199997
local_termination_time: 31727.90536
node_cons: 91897.70586108851
tot_aggregated_send: 61944
tot_msg_rcv: 2337
tot_msg_sent: 4393
tot_reconf_duration: 5.57
tot_sleeping_duration: 4398130.161120019
tot_uptimes: 1144
tot_uptimes_duration: 68625.94607997837
