comms_cons: 450.2709888545635
finished_reconf: true
global_termination_time: 4467890.122
local_termination_time: 749308.950879999
node_cons: 91913.21591005079
tot_aggregated_send: 62060
tot_msg_rcv: 2073
tot_msg_sent: 4304
tot_reconf_duration: 3.08
tot_sleeping_duration: 4399250.067280021
tot_uptimes: 1145
tot_uptimes_duration: 68640.05471998011
