comms_cons: 448.8526144699622
finished_reconf: true
global_termination_time: 4467961.406
local_termination_time: 2875937.6890000002
node_cons: 91915.97669798006
tot_aggregated_send: 62231
tot_msg_rcv: 1869
tot_msg_sent: 4122
tot_reconf_duration: 4.8100000000000005
tot_sleeping_duration: 4399321.044000014
tot_uptimes: 1145
tot_uptimes_duration: 68640.36199998693
