comms_cons: 449.0269697024444
finished_reconf: true
global_termination_time: 4467816.605
local_termination_time: 1069046.07536
node_cons: 91921.80120669994
tot_aggregated_send: 62234
tot_msg_rcv: 1895
tot_msg_sent: 4118
tot_reconf_duration: 9.42
tot_sleeping_duration: 4399176.568520014
tot_uptimes: 1145
tot_uptimes_duration: 68640.03647998697
