comms_cons: 449.349824067634
finished_reconf: true
global_termination_time: 4466814.517
local_termination_time: 696894.0496799984
node_cons: 91924.36782669995
tot_aggregated_send: 62350
tot_msg_rcv: 1947
tot_msg_sent: 4001
tot_reconf_duration: 11.31
tot_sleeping_duration: 4398174.480520013
tot_uptimes: 1144
tot_uptimes_duration: 68640.03647998697
