comms_cons: 449.69423367810964
finished_reconf: true
global_termination_time: 4469878.801
local_termination_time: 348044.673
node_cons: 91930.30900245163
tot_aggregated_send: 62511
tot_msg_rcv: 2001
tot_msg_sent: 3839
tot_reconf_duration: 15.34
tot_sleeping_duration: 4401238.414680019
tot_uptimes: 1145
tot_uptimes_duration: 68640.38631998067
