comms_cons: 22.08637440015733
finished_reconf: true
global_termination_time: 219934.309
local_termination_time: 91759.3371199997
node_cons: 4533.397399999988
tot_aggregated_send: 3016
tot_msg_rcv: 133
tot_msg_sent: 208
tot_reconf_duration: 25.299999999999997
tot_sleeping_duration: 216574.309
tot_uptimes: 57
tot_uptimes_duration: 3360.0
