comms_cons: 44.10403840245343
finished_reconf: true
global_termination_time: 224404.985
local_termination_time: 2795.25248
node_cons: 4610.138700000004
tot_aggregated_send: 0
tot_msg_rcv: 3413
tot_msg_sent: 3289
tot_reconf_duration: 22.65
tot_sleeping_duration: 220984.985
tot_uptimes: 58
tot_uptimes_duration: 3420.0
