comms_cons: 69.91618560815641
finished_reconf: true
global_termination_time: 355456.215
local_termination_time: 2238.2003600000003
node_cons: 7316.909761121439
tot_aggregated_send: 0
tot_msg_rcv: 5349
tot_msg_sent: 5277
tot_reconf_duration: 4.390000000000001
tot_sleeping_duration: 349996.20891999896
tot_uptimes: 92
tot_uptimes_duration: 5460.006080001069
