comms_cons: 70.68034560838491
finished_reconf: true
global_termination_time: 355450.4811600009
local_termination_time: 1079.0094800000006
node_cons: 7387.7952773603365
tot_aggregated_send: 0
tot_msg_rcv: 5418
tot_msg_sent: 5324
tot_reconf_duration: 3.05
tot_sleeping_duration: 349936.17692000064
tot_uptimes: 92
tot_uptimes_duration: 5514.304240000245
