comms_cons: 214.72660478692308
finished_reconf: true
global_termination_time: 2149129.764
local_termination_time: 587306.6131599982
node_cons: 44214.97668346413
tot_aggregated_send: 30102
tot_msg_rcv: 906
tot_msg_sent: 1630
tot_reconf_duration: 18.21
tot_sleeping_duration: 2116127.3386800117
tot_uptimes: 551
tot_uptimes_duration: 33002.42531998851
