comms_cons: 218.3527423759203
finished_reconf: true
global_termination_time: 2151942.749
local_termination_time: 587293.7152799983
node_cons: 44273.95339116796
tot_aggregated_send: 28768
tot_msg_rcv: 1505
tot_msg_sent: 2916
tot_reconf_duration: 4.8100000000000005
tot_sleeping_duration: 2118882.6882000235
tot_uptimes: 552
tot_uptimes_duration: 33060.060799976345
