comms_cons: 222.19078397165185
finished_reconf: true
global_termination_time: 2149788.004
local_termination_time: 729364.2481999997
node_cons: 44197.66840670064
tot_aggregated_send: 28362
tot_msg_rcv: 1865
tot_msg_sent: 3543
tot_reconf_duration: 7.819999999999999
tot_sleeping_duration: 2116787.9675200144
tot_uptimes: 551
tot_uptimes_duration: 33000.03647998581
