comms_cons: 213.95558399243825
finished_reconf: true
global_termination_time: 2155007.462
local_termination_time: 746521.2423599998
node_cons: 44288.17171999951
tot_aggregated_send: 30798
tot_msg_rcv: 576
tot_msg_sent: 1146
tot_reconf_duration: 15.34
tot_sleeping_duration: 2121947.462
tot_uptimes: 552
tot_uptimes_duration: 33060.0
