comms_cons: 70.79219199957464
finished_reconf: true
global_termination_time: 725188.767
local_termination_time: 67527.24007999936
node_cons: 14867.090781121457
tot_aggregated_send: 10498
tot_msg_rcv: 32
tot_msg_sent: 230
tot_reconf_duration: 3.08
tot_sleeping_duration: 714088.7609199989
tot_uptimes: 186
tot_uptimes_duration: 11100.006080001069
