comms_cons: 70.37770240028527
finished_reconf: true
global_termination_time: 721418.432
local_termination_time: 158530.32848000008
node_cons: 14803.087521121472
tot_aggregated_send: 10498
tot_msg_rcv: 39
tot_msg_sent: 160
tot_reconf_duration: 15.110000000000001
tot_sleeping_duration: 710378.425919999
tot_uptimes: 185
tot_uptimes_duration: 11040.006080001069
