comms_cons: 72.17445119705988
finished_reconf: true
global_termination_time: 720904.3290799997
local_termination_time: 79514.68147999997
node_cons: 14836.850327119706
tot_aggregated_send: 10092
tot_msg_rcv: 306
tot_msg_sent: 572
tot_reconf_duration: 18.700000000000003
tot_sleeping_duration: 709842.749
tot_uptimes: 185
tot_uptimes_duration: 11061.580079999752
