comms_cons: 42.278566400281804
finished_reconf: true
global_termination_time: 417120.718
local_termination_time: 125437.13335999996
node_cons: 8530.918241121437
tot_aggregated_send: 5684
tot_msg_rcv: 284
tot_msg_sent: 459
tot_reconf_duration: 10.95
tot_sleeping_duration: 410760.7119199989
tot_uptimes: 107
tot_uptimes_duration: 6360.006080001069
