comms_cons: 41.356851200522556
finished_reconf: true
global_termination_time: 415319.48
local_termination_time: 256178.5349600006
node_cons: 8532.208341121433
tot_aggregated_send: 5742
tot_msg_rcv: 144
tot_msg_sent: 400
tot_reconf_duration: 11.899999999999999
tot_sleeping_duration: 408959.4739199989
tot_uptimes: 107
tot_uptimes_duration: 6360.006080001069
