comms_cons: 41.916083200211624
finished_reconf: true
global_termination_time: 416613.531
local_termination_time: 199859.00536000004
node_cons: 8520.198182240576
tot_aggregated_send: 5568
tot_msg_rcv: 223
tot_msg_sent: 580
tot_reconf_duration: 3.05
tot_sleeping_duration: 410253.51883999957
tot_uptimes: 107
tot_uptimes_duration: 6360.012160000435
