comms_cons: 42.99409920108839
finished_reconf: true
global_termination_time: 415766.917
local_termination_time: 24006.7146
node_cons: 8523.454645604885
tot_aggregated_send: 5162
tot_msg_rcv: 381
tot_msg_sent: 991
tot_reconf_duration: 5.43
tot_sleeping_duration: 409406.88659999636
tot_uptimes: 107
tot_uptimes_duration: 6360.030400003641
