comms_cons: 307.73612802331684
finished_reconf: true
global_termination_time: 3083310.904
local_termination_time: 666106.85836
node_cons: 63419.059405583226
tot_aggregated_send: 43210
tot_msg_rcv: 1257
tot_msg_sent: 2308
tot_reconf_duration: 22.65
tot_sleeping_duration: 3035970.8736000117
tot_uptimes: 790
tot_uptimes_duration: 47340.030399988405
