comms_cons: 50.8666240030846
finished_reconf: true
global_termination_time: 231925.90200000044
local_termination_time: 231925.86088000043
node_cons: 4817.38420320464
tot_aggregated_send: 0
tot_msg_rcv: 4240
tot_msg_sent: 3481
tot_reconf_duration: 24.59
tot_sleeping_duration: 228353.09319999698
tot_uptimes: 60
tot_uptimes_duration: 3572.808800003455
