comms_cons: 112.40348800680225
finished_reconf: true
global_termination_time: 231926.4197600005
local_termination_time: 2691.3260400000013
node_cons: 14188.916752601626
tot_aggregated_send: 0
tot_msg_rcv: 6878
tot_msg_sent: 10206
tot_reconf_duration: 18.21
tot_sleeping_duration: 221348.2363599993
tot_uptimes: 172
tot_uptimes_duration: 10578.1834000012
