comms_cons: 24.158822400106455
finished_reconf: true
global_termination_time: 233570.434
local_termination_time: 82180.68887999946
node_cons: 4796.927275438414
tot_aggregated_send: 2958
tot_msg_rcv: 258
tot_msg_sent: 456
tot_reconf_duration: 25.299999999999997
tot_sleeping_duration: 230013.6230400012
tot_uptimes: 60
tot_uptimes_duration: 3556.810959998824
