comms_cons: 11.318105600130172
finished_reconf: true
global_termination_time: 84427.07
local_termination_time: 36087.68136000001
node_cons: 1712.5508822405782
tot_aggregated_send: 580
tot_msg_rcv: 516
tot_msg_sent: 627
tot_reconf_duration: 18.700000000000003
tot_sleeping_duration: 83167.05783999957
tot_uptimes: 22
tot_uptimes_duration: 1260.012160000435
