comms_cons: 37.84308480027322
finished_reconf: true
global_termination_time: 373721.59560000006
local_termination_time: 373721.55448000005
node_cons: 7684.139283999308
tot_aggregated_send: 4916
tot_msg_rcv: 239
tot_msg_sent: 595
tot_reconf_duration: 24.59
tot_sleeping_duration: 368007.81960000057
tot_uptimes: 96
tot_uptimes_duration: 5713.775999999467
