comms_cons: 401.34621442253695
finished_reconf: true
global_termination_time: 4079232.239
local_termination_time: 1283258.6565999999
node_cons: 83885.59584223221
tot_aggregated_send: 57246
tot_msg_rcv: 1167
tot_msg_sent: 2589
tot_reconf_duration: 7.819999999999999
tot_sleeping_duration: 4016592.2268400043
tot_uptimes: 1045
tot_uptimes_duration: 62640.012159995735
