comms_cons: 61.99580160097378
finished_reconf: true
global_termination_time: 619003.619
local_termination_time: 129656.68915999927
node_cons: 12699.71418448574
tot_aggregated_send: 8120
tot_msg_rcv: 457
tot_msg_sent: 846
tot_reconf_duration: 4.390000000000001
tot_sleeping_duration: 609523.5946799957
tot_uptimes: 159
tot_uptimes_duration: 9480.024320004275
