comms_cons: 61.247027200534156
finished_reconf: true
global_termination_time: 619506.04
local_termination_time: 289050.13800000004
node_cons: 12699.964022882938
tot_aggregated_send: 8466
tot_msg_rcv: 259
tot_msg_sent: 585
tot_reconf_duration: 3.05
tot_sleeping_duration: 610024.4700799979
tot_uptimes: 159
tot_uptimes_duration: 9481.569920002134
