comms_cons: 61.66026240055772
finished_reconf: true
global_termination_time: 618391.241
local_termination_time: 11988.646840000001
node_cons: 12702.19118336431
tot_aggregated_send: 8410
tot_msg_rcv: 313
tot_msg_sent: 649
tot_reconf_duration: 6.22
tot_sleeping_duration: 608911.2227599968
tot_uptimes: 159
tot_uptimes_duration: 9480.018240003206
