comms_cons: 121.54780159341256
finished_reconf: true
global_termination_time: 618439.868
local_termination_time: 437.77803999999946
node_cons: 12709.087121121449
tot_aggregated_send: 0
tot_msg_rcv: 9312
tot_msg_sent: 9161
tot_reconf_duration: 11.31
tot_sleeping_duration: 608959.861919999
tot_uptimes: 159
tot_uptimes_duration: 9480.006080001069
