comms_cons: 400.1247616809725
finished_reconf: true
global_termination_time: 3956542.235
local_termination_time: 826521.9980399983
node_cons: 81396.8483678167
tot_aggregated_send: 54752
tot_msg_rcv: 2060
tot_msg_sent: 4004
tot_reconf_duration: 9.11
tot_sleeping_duration: 3895762.1924400157
tot_uptimes: 1014
tot_uptimes_duration: 60780.04255998414
