comms_cons: 402.55734407931357
finished_reconf: true
global_termination_time: 3958090.941
local_termination_time: 1471860.45536
node_cons: 81401.61224558321
tot_aggregated_send: 54172
tot_msg_rcv: 2436
tot_msg_sent: 4578
tot_reconf_duration: 12.629999999999999
tot_sleeping_duration: 3897310.9106000112
tot_uptimes: 1014
tot_uptimes_duration: 60780.03039998887
