comms_cons: 390.3545792228631
finished_reconf: true
global_termination_time: 3956379.193
local_termination_time: 2980178.8113599997
node_cons: 81400.58019999781
tot_aggregated_send: 57478
tot_msg_rcv: 588
tot_msg_sent: 1265
tot_reconf_duration: 11.899999999999999
tot_sleeping_duration: 3895599.193
tot_uptimes: 1014
tot_uptimes_duration: 60780.0
