comms_cons: 236.8601791926952
finished_reconf: true
global_termination_time: 2366565.048
local_termination_time: 505225.72099999996
node_cons: 48723.29670989856
tot_aggregated_send: 33039
tot_msg_rcv: 864
tot_msg_sent: 2097
tot_reconf_duration: 25.299999999999997
tot_sleeping_duration: 2330202.8827200155
tot_uptimes: 607
tot_uptimes_duration: 36362.165279984474
