comms_cons: 238.5138495876415
finished_reconf: true
global_termination_time: 2366514.783
local_termination_time: 111711.73231999962
node_cons: 48703.99813005545
tot_aggregated_send: 32770
tot_msg_rcv: 1105
tot_msg_sent: 2377
tot_reconf_duration: 13.17
tot_sleeping_duration: 2330154.7282800176
tot_uptimes: 607
tot_uptimes_duration: 36360.054719982145
