comms_cons: 39.5087232002241
finished_reconf: true
global_termination_time: 403507.434
local_termination_time: 269941.45672000054
node_cons: 8281.560121121436
tot_aggregated_send: 5568
tot_msg_rcv: 147
tot_msg_sent: 291
tot_reconf_duration: 4.8100000000000005
tot_sleeping_duration: 397327.42791999894
tot_uptimes: 104
tot_uptimes_duration: 6180.006080001069
