comms_cons: 39.48898560031372
finished_reconf: true
global_termination_time: 403454.754
local_termination_time: 143665.72736000005
node_cons: 8283.46676000001
tot_aggregated_send: 5336
tot_msg_rcv: 174
tot_msg_sent: 493
tot_reconf_duration: 6.22
tot_sleeping_duration: 397274.754
tot_uptimes: 104
tot_uptimes_duration: 6180.0
