comms_cons: 39.581094400080865
finished_reconf: true
global_termination_time: 405799.526
local_termination_time: 164471.9148800009
node_cons: 8294.148104321202
tot_aggregated_send: 5510
tot_msg_rcv: 164
tot_msg_sent: 343
tot_reconf_duration: 11.31
tot_sleeping_duration: 399616.7111199991
tot_uptimes: 104
tot_uptimes_duration: 6182.814880000893
