comms_cons: 206.15167998267458
finished_reconf: true
global_termination_time: 2094653.045
local_termination_time: 6007.013
node_cons: 43070.30101228478
tot_aggregated_send: 29052
tot_msg_rcv: 689
tot_msg_sent: 1592
tot_reconf_duration: 5.87
tot_sleeping_duration: 2062492.978120026
tot_uptimes: 537
tot_uptimes_duration: 32160.06687997398
