comms_cons: 209.28451838472824
finished_reconf: true
global_termination_time: 2092714.857
local_termination_time: 4329.756
node_cons: 42990.76223228937
tot_aggregated_send: 29167
tot_msg_rcv: 947
tot_msg_sent: 1694
tot_reconf_duration: 6.46
tot_sleeping_duration: 2060614.7901200226
tot_uptimes: 536
tot_uptimes_duration: 32100.066879977414
