comms_cons: 55.056627200911876
finished_reconf: true
global_termination_time: 537458.193
local_termination_time: 126869.687
node_cons: 11015.05932448574
tot_aggregated_send: 7127
tot_msg_rcv: 424
tot_msg_sent: 818
tot_reconf_duration: 6.22
tot_sleeping_duration: 529238.1686799957
tot_uptimes: 138
tot_uptimes_duration: 8220.024320004275
