comms_cons: 0.9803007999967629
finished_reconf: true
global_termination_time: 6209.206
local_termination_time: 2285.14136
node_cons: 86.87197999999992
tot_aggregated_send: 0
tot_msg_rcv: 93
tot_msg_sent: 56
tot_reconf_duration: 4.8100000000000005
tot_sleeping_duration: 6149.206
tot_uptimes: 2
tot_uptimes_duration: 60.0
