comms_cons: 85.08879359694775
finished_reconf: true
global_termination_time: 842071.627
local_termination_time: 6108.626
node_cons: 17283.401746718275
tot_aggregated_send: 11360
tot_msg_rcv: 539
tot_msg_sent: 1034
tot_reconf_duration: 7.55
tot_sleeping_duration: 829171.5905200012
tot_uptimes: 216
tot_uptimes_duration: 12900.036479998693
