comms_cons: 50.724051201153806
finished_reconf: true
global_termination_time: 492292.294
local_termination_time: 391355.0130000005
node_cons: 10147.577321121473
tot_aggregated_send: 6612
tot_msg_rcv: 416
tot_msg_sent: 681
tot_reconf_duration: 18.21
tot_sleeping_duration: 484732.2879199989
tot_uptimes: 127
tot_uptimes_duration: 7560.006080001069
