comms_cons: 422.222099259829
finished_reconf: true
global_termination_time: 490776.2706000001
local_termination_time: 490776.2294800001
node_cons: 48576.69811223093
tot_aggregated_send: 0
tot_msg_rcv: 29149
tot_msg_sent: 35024
tot_reconf_duration: 37.410000000000004
tot_sleeping_duration: 454535.8707999766
tot_uptimes: 583
tot_uptimes_duration: 36240.399800023544
