comms_cons: 50.92958720156148
finished_reconf: true
global_termination_time: 493333.046
local_termination_time: 47070.32260000002
node_cons: 10135.235803364305
tot_aggregated_send: 6380
tot_msg_rcv: 436
tot_msg_sent: 925
tot_reconf_duration: 9.11
tot_sleeping_duration: 485773.02775999677
tot_uptimes: 127
tot_uptimes_duration: 7560.018240003206
