comms_cons: 49.90323200090857
finished_reconf: true
global_termination_time: 494550.235
local_termination_time: 373015.06684000057
node_cons: 10139.016482242827
tot_aggregated_send: 6844
tot_msg_rcv: 286
tot_msg_sent: 455
tot_reconf_duration: 11.899999999999999
tot_sleeping_duration: 486990.22283999785
tot_uptimes: 127
tot_uptimes_duration: 7560.0121600021375
