comms_cons: 49.84401920095311
finished_reconf: true
global_termination_time: 494415.948
local_termination_time: 106582.84035999997
node_cons: 10130.246504485745
tot_aggregated_send: 6554
tot_msg_rcv: 267
tot_msg_sent: 755
tot_reconf_duration: 5.43
tot_sleeping_duration: 486855.9236799957
tot_uptimes: 127
tot_uptimes_duration: 7560.024320004275
