comms_cons: 68.12536319881178
finished_reconf: true
global_termination_time: 677114.154
local_termination_time: 43042.69748000002
node_cons: 13904.797902238291
tot_aggregated_send: 9454
tot_msg_rcv: 318
tot_msg_sent: 582
tot_reconf_duration: 4.390000000000001
tot_sleeping_duration: 666734.1418400012
tot_uptimes: 174
tot_uptimes_duration: 10380.012159998703
