comms_cons: 67.35127040070672
finished_reconf: true
global_termination_time: 678043.586
local_termination_time: 514172.67348000006
node_cons: 13914.178979999995
tot_aggregated_send: 9744
tot_msg_rcv: 213
tot_msg_sent: 280
tot_reconf_duration: 11.31
tot_sleeping_duration: 667663.586
tot_uptimes: 174
tot_uptimes_duration: 10379.999999999985
