comms_cons: 798.8510209664169
finished_reconf: true
global_termination_time: 8032608.928
local_termination_time: 3043752.01936
node_cons: 165266.3627878141
tot_aggregated_send: 112404
tot_msg_rcv: 3082
tot_msg_sent: 5934
tot_reconf_duration: 5.1
tot_sleeping_duration: 7909188.885440015
tot_uptimes: 2058
tot_uptimes_duration: 123420.04255998484
