comms_cons: 789.5340481288154
finished_reconf: true
global_termination_time: 8031327.121
local_termination_time: 3497376.94536
node_cons: 165191.46836781414
tot_aggregated_send: 112578
tot_msg_rcv: 2435
tot_msg_sent: 4990
tot_reconf_duration: 9.11
tot_sleeping_duration: 7907967.078440015
tot_uptimes: 2057
tot_uptimes_duration: 123360.04255998507
