comms_cons: 807.5835138155375
finished_reconf: true
global_termination_time: 8030122.751119996
local_termination_time: 48800.625600000014
node_cons: 165231.5986911509
tot_aggregated_send: 111940
tot_msg_rcv: 3605
tot_msg_sent: 7197
tot_reconf_duration: 22.65
tot_sleeping_duration: 7906746.470320029
tot_uptimes: 2057
tot_uptimes_duration: 123376.28079996759
