comms_cons: 806.2113410193234
finished_reconf: true
global_termination_time: 8031909.067
local_termination_time: 538140.9990399984
node_cons: 165185.66967339857
tot_aggregated_send: 111708
tot_msg_rcv: 3565
tot_msg_sent: 7267
tot_reconf_duration: 4.8100000000000005
tot_sleeping_duration: 7908548.994040026
tot_uptimes: 2057
tot_uptimes_duration: 123360.07295997324
