comms_cons: 805.4291969851782
finished_reconf: true
global_termination_time: 8030470.286
local_termination_time: 1019739.45236
node_cons: 165187.56003004842
tot_aggregated_send: 111592
tot_msg_rcv: 3800
tot_msg_sent: 7028
tot_reconf_duration: 6.22
tot_sleeping_duration: 7907110.2312800195
tot_uptimes: 2057
tot_uptimes_duration: 123360.05471998057
