comms_cons: 84.88449279642855
finished_reconf: true
global_termination_time: 850013.827
local_termination_time: 245126.91944000023
node_cons: 17449.18782671481
tot_aggregated_send: 10730
tot_msg_rcv: 717
tot_msg_sent: 1454
tot_reconf_duration: 11.31
tot_sleeping_duration: 836993.7905200039
tot_uptimes: 218
tot_uptimes_duration: 13020.03647999611
