comms_cons: 1457.020177105551
finished_reconf: true
global_termination_time: 7397350.451359997
local_termination_time: 89.93748000000002
node_cons: 152241.6623766204
tot_aggregated_send: 0
tot_msg_rcv: 111578
tot_msg_sent: 109876
tot_reconf_duration: 18.21
tot_sleeping_duration: 7283670.889600007
tot_uptimes: 1895
tot_uptimes_duration: 113679.56175998918
