comms_cons: 718.0034688971591
finished_reconf: true
global_termination_time: 7398987.628
local_termination_time: 2736169.467639999
node_cons: 152168.19148669785
tot_aggregated_send: 102718
tot_msg_rcv: 2174
tot_msg_sent: 4240
tot_reconf_duration: 3.08
tot_sleeping_duration: 7285347.591520012
tot_uptimes: 1895
tot_uptimes_duration: 113640.0364799872
