comms_cons: 723.6780992996634
finished_reconf: true
global_termination_time: 7397359.224
local_termination_time: 3806690.9183599995
node_cons: 152176.35580334612
tot_aggregated_send: 102602
tot_msg_rcv: 2694
tot_msg_sent: 4698
tot_reconf_duration: 9.11
tot_sleeping_duration: 7283719.205760007
tot_uptimes: 1895
tot_uptimes_duration: 113640.0182399936
