comms_cons: 740.4248577916171
finished_reconf: true
global_termination_time: 7397349.913119997
local_termination_time: 150557.8078400001
node_cons: 152215.1573030883
tot_aggregated_send: 102950
tot_msg_rcv: 3155
tot_msg_sent: 6432
tot_reconf_duration: 22.65
tot_sleeping_duration: 7283694.649040016
tot_uptimes: 1895
tot_uptimes_duration: 113655.26407998014
