comms_cons: 3131.3042006273413
finished_reconf: true
global_termination_time: 7298076.468
local_termination_time: 2209396.074079998
node_cons: 442271.12893872976
tot_aggregated_send: 0
tot_msg_rcv: 192468
tot_msg_sent: 283474
tot_reconf_duration: 5.57
tot_sleeping_duration: 6967782.543520027
tot_uptimes: 5410
tot_uptimes_duration: 330293.92447997304
