comms_cons: 719.9767937329008
finished_reconf: true
global_termination_time: 7301802.705
local_termination_time: 4039031.2229999998
node_cons: 150168.92690494627
tot_aggregated_send: 101845
tot_msg_rcv: 2493
tot_msg_sent: 5093
tot_reconf_duration: 8.09
tot_sleeping_duration: 7189660.852360006
tot_uptimes: 1870
tot_uptimes_duration: 112141.85263999365
