comms_cons: 720.4787201346435
finished_reconf: true
global_termination_time: 7301970.02
local_termination_time: 4121493.6783600003
node_cons: 150176.00380334683
tot_aggregated_send: 101500
tot_msg_rcv: 2850
tot_msg_sent: 5157
tot_reconf_duration: 15.110000000000001
tot_sleeping_duration: 7189830.001760006
tot_uptimes: 1870
tot_uptimes_duration: 112140.0182399936
