comms_cons: 735.317830588102
finished_reconf: true
global_termination_time: 7299203.854
local_termination_time: 953554.757239999
node_cons: 150159.69959339921
tot_aggregated_send: 101558
tot_msg_rcv: 3525
tot_msg_sent: 6681
tot_reconf_duration: 3.05
tot_sleeping_duration: 7187063.781040027
tot_uptimes: 1870
tot_uptimes_duration: 112140.07295997324
