comms_cons: 72.62120960018574
finished_reconf: true
global_termination_time: 713574.778
local_termination_time: 481276.4822800008
node_cons: 14628.42012111685
tot_aggregated_send: 9860
tot_msg_rcv: 482
tot_msg_sent: 696
tot_reconf_duration: 4.8100000000000005
tot_sleeping_duration: 702654.7719200024
tot_uptimes: 183
tot_uptimes_duration: 10920.006079997635
