comms_cons: 70.46981119926681
finished_reconf: true
global_termination_time: 714104.992
local_termination_time: 521937.1673600001
node_cons: 14626.021900000085
tot_aggregated_send: 10092
tot_msg_rcv: 156
tot_msg_sent: 463
tot_reconf_duration: 3.05
tot_sleeping_duration: 703184.992
tot_uptimes: 183
tot_uptimes_duration: 10920.0
