comms_cons: 120.24145919356391
finished_reconf: true
global_termination_time: 1205446.139
local_termination_time: 126711.51235999996
node_cons: 24751.28454447428
tot_aggregated_send: 16878
tot_msg_rcv: 410
tot_msg_sent: 988
tot_reconf_duration: 4.8100000000000005
tot_sleeping_duration: 1186966.1146800043
tot_uptimes: 309
tot_uptimes_duration: 18480.024319995704
