comms_cons: 121.7369215920447
finished_reconf: true
global_termination_time: 1208987.304
local_termination_time: 250157.09236000004
node_cons: 24835.703983355106
tot_aggregated_send: 16704
tot_msg_rcv: 583
tot_msg_sent: 1216
tot_reconf_duration: 7.819999999999999
tot_sleeping_duration: 1190447.2857600038
tot_uptimes: 310
tot_uptimes_duration: 18540.018239996338
