comms_cons: 80.95768319697977
finished_reconf: true
global_termination_time: 815319.906
local_termination_time: 692715.02036
node_cons: 16719.256381116895
tot_aggregated_send: 11194
tot_msg_rcv: 394
tot_msg_sent: 717
tot_reconf_duration: 6.279999999999999
tot_sleeping_duration: 802839.8999200023
tot_uptimes: 209
tot_uptimes_duration: 12480.006079997635
