comms_cons: 162.50297594666398
finished_reconf: true
global_termination_time: 812308.2969199985
local_termination_time: 259.22603999999995
node_cons: 16787.95166248051
tot_aggregated_send: 0
tot_msg_rcv: 12581
tot_msg_sent: 12115
tot_reconf_duration: 4.390000000000001
tot_sleeping_duration: 799775.0705999981
tot_uptimes: 209
tot_uptimes_duration: 12533.226320000365
