comms_cons: 84.23011839716952
finished_reconf: true
global_termination_time: 814623.272
local_termination_time: 32118.369599999998
node_cons: 16726.127826724005
tot_aggregated_send: 10788
tot_msg_rcv: 740
tot_msg_sent: 1274
tot_reconf_duration: 11.31
tot_sleeping_duration: 802143.235519997
tot_uptimes: 209
tot_uptimes_duration: 12480.036480002978
