comms_cons: 37.46321920036244
finished_reconf: true
global_termination_time: 372916.999
local_termination_time: 32851.45
node_cons: 7645.298893199167
tot_aggregated_send: 5160
tot_msg_rcv: 187
tot_msg_sent: 347
tot_reconf_duration: 6.279999999999999
tot_sleeping_duration: 367213.6602000006
tot_uptimes: 96
tot_uptimes_duration: 5703.338799999372
