comms_cons: 73.51403520897838
finished_reconf: true
global_termination_time: 393304.679
local_termination_time: 125791.0910799999
node_cons: 8038.141899999994
tot_aggregated_send: 0
tot_msg_rcv: 5660
tot_msg_sent: 5515
tot_reconf_duration: 3.05
tot_sleeping_duration: 387304.679
tot_uptimes: 101
tot_uptimes_duration: 6000.0
