comms_cons: 39.63082240087483
finished_reconf: true
global_termination_time: 390870.814
local_termination_time: 240110.3020400003
node_cons: 8044.619559999981
tot_aggregated_send: 5220
tot_msg_rcv: 285
tot_msg_sent: 518
tot_reconf_duration: 7.819999999999999
tot_sleeping_duration: 384870.814
tot_uptimes: 101
tot_uptimes_duration: 6000.0
