comms_cons: 104.78515839429467
finished_reconf: true
global_termination_time: 1065484.198
local_termination_time: 671757.6660000001
node_cons: 21865.503316553564
tot_aggregated_send: 14208
tot_msg_rcv: 491
tot_msg_sent: 1228
tot_reconf_duration: 6.279999999999999
tot_sleeping_duration: 1049160.8409600048
tot_uptimes: 273
tot_uptimes_duration: 16323.357039995142
