comms_cons: 107.92484479031884
finished_reconf: true
global_termination_time: 1064826.455
local_termination_time: 535314.9443599998
node_cons: 21860.052201116796
tot_aggregated_send: 14442
tot_msg_rcv: 631
tot_msg_sent: 1330
tot_reconf_duration: 5.57
tot_sleeping_duration: 1048506.4489200024
tot_uptimes: 273
tot_uptimes_duration: 16320.006079997635
