comms_cons: 109.4318335899607
finished_reconf: true
global_termination_time: 1064769.757
local_termination_time: 493603.91784000007
node_cons: 21859.430223350497
tot_aggregated_send: 14210
tot_msg_rcv: 857
tot_msg_sent: 1566
tot_reconf_duration: 5.1
tot_sleeping_duration: 1048449.7387600071
tot_uptimes: 273
tot_uptimes_duration: 16320.018239992904
