comms_cons: 108.49100799567233
finished_reconf: true
global_termination_time: 1064044.196
local_termination_time: 224267.72056000022
node_cons: 21863.172830083684
tot_aggregated_send: 14094
tot_msg_rcv: 888
tot_msg_sent: 1508
tot_reconf_duration: 7.819999999999999
tot_sleeping_duration: 1047724.1412799973
tot_uptimes: 273
tot_uptimes_duration: 16320.05472000275
