comms_cons: 110.65619198628633
finished_reconf: true
global_termination_time: 1064371.151
local_termination_time: 80678.05435999998
node_cons: 21867.904108953142
tot_aggregated_send: 13514
tot_msg_rcv: 1043
tot_msg_sent: 2263
tot_reconf_duration: 11.31
tot_sleeping_duration: 1048051.1023600053
tot_uptimes: 273
tot_uptimes_duration: 16320.048639994842
