comms_cons: 58.016012800143834
finished_reconf: true
global_termination_time: 568535.65
local_termination_time: 163461.48048000052
node_cons: 11657.852663364305
tot_aggregated_send: 7482
tot_msg_rcv: 409
tot_msg_sent: 928
tot_reconf_duration: 6.279999999999999
tot_sleeping_duration: 559835.6317599968
tot_uptimes: 146
tot_uptimes_duration: 8700.018240003206
