comms_cons: 59.46925440171674
finished_reconf: true
global_termination_time: 567684.472
local_termination_time: 198858.5688800004
node_cons: 11653.45818224286
tot_aggregated_send: 7366
tot_msg_rcv: 624
tot_msg_sent: 1048
tot_reconf_duration: 3.05
tot_sleeping_duration: 558984.4598399978
tot_uptimes: 146
tot_uptimes_duration: 8700.012160002138
