comms_cons: 39.606476799895034
finished_reconf: true
global_termination_time: 11372.219360000008
local_termination_time: 2722.5021600000027
node_cons: 4924.10126064004
tot_aggregated_send: 0
tot_msg_rcv: 3086
tot_msg_sent: 2932
tot_reconf_duration: 5.57
tot_sleeping_duration: 7700.421599999979
tot_uptimes: 48
tot_uptimes_duration: 3671.797760000029
