comms_cons: 2.132121599992375
finished_reconf: true
global_termination_time: 13316.385
local_termination_time: 6434.06636
node_cons: 246.98161999999923
tot_aggregated_send: 0
tot_msg_rcv: 209
tot_msg_sent: 115
tot_reconf_duration: 4.390000000000001
tot_sleeping_duration: 13136.385
tot_uptimes: 4
tot_uptimes_duration: 180.0
