comms_cons: 3.13169919998965
finished_reconf: true
global_termination_time: 13057.515
local_termination_time: 6613.00136
node_cons: 248.40208112000664
tot_aggregated_send: 0
tot_msg_rcv: 306
tot_msg_sent: 170
tot_reconf_duration: 5.43
tot_sleeping_duration: 12877.508919999995
tot_uptimes: 4
tot_uptimes_duration: 180.00608000000466
