comms_cons: 136.0257087765596
finished_reconf: true
global_termination_time: 689658.761
local_termination_time: 3565.5243600000003
node_cons: 14174.238105597977
tot_aggregated_send: 0
tot_msg_rcv: 10485
tot_msg_sent: 10190
tot_reconf_duration: 25.299999999999997
tot_sleeping_duration: 679098.7306000015
tot_uptimes: 177
tot_uptimes_duration: 10560.030399998475
