comms_cons: 68.69405439903963
finished_reconf: true
global_termination_time: 689389.828
local_termination_time: 439798.8283600009
node_cons: 14145.942804158029
tot_aggregated_send: 9686
tot_msg_rcv: 236
tot_msg_sent: 520
tot_reconf_duration: 4.390000000000001
tot_sleeping_duration: 678829.7225600014
tot_uptimes: 177
tot_uptimes_duration: 10560.105439998559
