comms_cons: 137.29134717543903
finished_reconf: true
global_termination_time: 687982.096
local_termination_time: 289.2420399999995
node_cons: 14148.35188895885
tot_aggregated_send: 0
tot_msg_rcv: 10643
tot_msg_sent: 10220
tot_reconf_duration: 6.22
tot_sleeping_duration: 677422.0473600009
tot_uptimes: 177
tot_uptimes_duration: 10560.048639999128
