comms_cons: 138.8544255766753
finished_reconf: true
global_termination_time: 687721.333479999
local_termination_time: 1792.2426000000003
node_cons: 14215.052366313132
tot_aggregated_send: 0
tot_msg_rcv: 10862
tot_msg_sent: 10238
tot_reconf_duration: 15.34
tot_sleeping_duration: 677120.7206000042
tot_uptimes: 177
tot_uptimes_duration: 10600.612879994856
