comms_cons: 750.7120897455993
finished_reconf: true
global_termination_time: 7561809.566
local_termination_time: 1731069.24336
node_cons: 155546.84151004843
tot_aggregated_send: 105096
tot_msg_rcv: 3137
tot_msg_sent: 5869
tot_reconf_duration: 6.279999999999999
tot_sleeping_duration: 7445649.51128002
tot_uptimes: 1937
tot_uptimes_duration: 116160.05471998034
