comms_cons: 65.22618879885671
finished_reconf: true
global_termination_time: 646626.055
local_termination_time: 99881.72235999997
node_cons: 13286.85870000003
tot_aggregated_send: 8932
tot_msg_rcv: 365
tot_msg_sent: 617
tot_reconf_duration: 22.65
tot_sleeping_duration: 636726.055
tot_uptimes: 166
tot_uptimes_duration: 9900.0
