comms_cons: 111.60296960553451
finished_reconf: true
global_termination_time: 645385.06
local_termination_time: 80946.06435999996
node_cons: 13260.241900000005
tot_aggregated_send: 0
tot_msg_rcv: 8608
tot_msg_sent: 8355
tot_reconf_duration: 3.05
tot_sleeping_duration: 635485.06
tot_uptimes: 166
tot_uptimes_duration: 9900.0
