comms_cons: 169.03841279308338
finished_reconf: true
global_termination_time: 1700042.083
local_termination_time: 261298.27920000066
node_cons: 34953.87790223364
tot_aggregated_send: 23954
tot_msg_rcv: 614
tot_msg_sent: 1125
tot_reconf_duration: 4.390000000000001
tot_sleeping_duration: 1673942.0708400048
tot_uptimes: 436
tot_uptimes_duration: 26100.01215999527
