comms_cons: 168.1099455924935
finished_reconf: true
global_termination_time: 1699583.918
local_termination_time: 782193.2395999999
node_cons: 34952.05818223368
tot_aggregated_send: 23780
tot_msg_rcv: 664
tot_msg_sent: 1107
tot_reconf_duration: 3.05
tot_sleeping_duration: 1673483.9058400048
tot_uptimes: 436
tot_uptimes_duration: 26100.01215999527
