comms_cons: 0.769766399997459
finished_reconf: true
global_termination_time: 5826.874
local_termination_time: 3064.0603600000004
node_cons: 86.87197999999992
tot_aggregated_send: 0
tot_msg_rcv: 63
tot_msg_sent: 54
tot_reconf_duration: 4.8100000000000005
tot_sleeping_duration: 5766.874
tot_uptimes: 2
tot_uptimes_duration: 60.0
