comms_cons: 92.9186687928636
finished_reconf: true
global_termination_time: 903957.798
local_termination_time: 274213.811840001
node_cons: 18583.975305588683
tot_aggregated_send: 12238
tot_msg_rcv: 734
tot_msg_sent: 1151
tot_reconf_duration: 18.700000000000003
tot_sleeping_duration: 890097.7676000084
tot_uptimes: 232
tot_uptimes_duration: 13860.030399991578
