comms_cons: 130.22336001116142
finished_reconf: true
global_termination_time: 270119.912
local_termination_time: 6833.239
node_cons: 16393.75309072377
tot_aggregated_send: 0
tot_msg_rcv: 7992
tot_msg_sent: 11801
tot_reconf_duration: 18.21
tot_sleeping_duration: 257895.0995199972
tot_uptimes: 197
tot_uptimes_duration: 12224.812480002802
