comms_cons: 185.94197759151112
finished_reconf: true
global_termination_time: 1877324.143
local_termination_time: 338506.50836000004
node_cons: 38597.565541121214
tot_aggregated_send: 26854
tot_msg_rcv: 445
tot_msg_sent: 963
tot_reconf_duration: 25.299999999999997
tot_sleeping_duration: 1848524.1369199988
tot_uptimes: 481
tot_uptimes_duration: 28800.00608000107
