comms_cons: 185.290636793743
finished_reconf: true
global_termination_time: 1875624.665
local_termination_time: 777984.6983599999
node_cons: 38581.093001116686
tot_aggregated_send: 26970
tot_msg_rcv: 334
tot_msg_sent: 859
tot_reconf_duration: 13.17
tot_sleeping_duration: 1846824.6589200024
tot_uptimes: 481
tot_uptimes_duration: 28800.00607999763
