comms_cons: 186.4742655933545
finished_reconf: true
global_termination_time: 1876927.757
local_termination_time: 379552.85976000037
node_cons: 38575.57137999978
tot_aggregated_send: 26854
tot_msg_rcv: 557
tot_msg_sent: 932
tot_reconf_duration: 9.11
tot_sleeping_duration: 1848127.757
tot_uptimes: 481
tot_uptimes_duration: 28800.0
