comms_cons: 34.23815680014335
finished_reconf: true
global_termination_time: 350820.568
local_termination_time: 252617.4027200001
node_cons: 7174.98918
tot_aggregated_send: 5104
tot_msg_rcv: 58
tot_msg_sent: 41
tot_reconf_duration: 18.21
tot_sleeping_duration: 345480.568
tot_uptimes: 90
tot_uptimes_duration: 5340.000000000002
