comms_cons: 35.53596160028586
finished_reconf: true
global_termination_time: 350808.022
local_termination_time: 116281.82059999996
node_cons: 7157.202082242878
tot_aggregated_send: 4582
tot_msg_rcv: 240
tot_msg_sent: 580
tot_reconf_duration: 5.1
tot_sleeping_duration: 345468.00983999786
tot_uptimes: 90
tot_uptimes_duration: 5340.0121600021375
