comms_cons: 81.83866879786908
finished_reconf: true
global_termination_time: 796715.514
local_termination_time: 388406.6323600001
node_cons: 16410.232425598013
tot_aggregated_send: 10092
tot_msg_rcv: 901
tot_msg_sent: 1446
tot_reconf_duration: 15.34
tot_sleeping_duration: 784475.4836000015
tot_uptimes: 205
tot_uptimes_duration: 12240.030399998475
