comms_cons: 79.24381439966704
finished_reconf: true
global_termination_time: 796107.009
local_termination_time: 555564.390239998
node_cons: 16317.564522238326
tot_aggregated_send: 10672
tot_msg_rcv: 457
tot_msg_sent: 918
tot_reconf_duration: 6.279999999999999
tot_sleeping_duration: 783926.9968400012
tot_uptimes: 204
tot_uptimes_duration: 12180.012159998703
