comms_cons: 81.15233279826505
finished_reconf: true
global_termination_time: 797439.685
local_termination_time: 305934.76436000003
node_cons: 16396.318364485716
tot_aggregated_send: 10788
tot_msg_rcv: 500
tot_msg_sent: 1046
tot_reconf_duration: 5.1
tot_sleeping_duration: 785199.6606799958
tot_uptimes: 205
tot_uptimes_duration: 12240.024320004275
