comms_cons: 78.2135295994799
finished_reconf: true
global_termination_time: 798944.568
local_termination_time: 415198.27236000006
node_cons: 16407.261142233667
tot_aggregated_send: 10962
tot_msg_rcv: 296
tot_msg_sent: 630
tot_reconf_duration: 13.17
tot_sleeping_duration: 786704.5558400047
tot_uptimes: 205
tot_uptimes_duration: 12240.012159995269
