comms_cons: 82.46431999557404
finished_reconf: true
global_termination_time: 799652.944
local_termination_time: 99939.24267999986
node_cons: 16395.37046672401
tot_aggregated_send: 10730
tot_msg_rcv: 692
tot_msg_sent: 1113
tot_reconf_duration: 4.390000000000001
tot_sleeping_duration: 787412.9075199971
tot_uptimes: 205
tot_uptimes_duration: 12240.036480002978
