comms_cons: 81.57785599643105
finished_reconf: true
global_termination_time: 798794.314
local_termination_time: 161047.90988000087
node_cons: 16393.57517007909
tot_aggregated_send: 10730
tot_msg_rcv: 558
tot_msg_sent: 1111
tot_reconf_duration: 3.05
tot_sleeping_duration: 786554.2592800007
tot_uptimes: 205
tot_uptimes_duration: 12240.054719999316
