comms_cons: 279.82439681992724
finished_reconf: true
global_termination_time: 2808708.883
local_termination_time: 4358.6140000000005
node_cons: 57851.68234249373
tot_aggregated_send: 38855
tot_msg_rcv: 1271
tot_msg_sent: 2405
tot_reconf_duration: 5.02
tot_sleeping_duration: 2765508.8343200185
tot_uptimes: 720
tot_uptimes_duration: 43200.04867998115
