comms_cons: 284.6827904166801
finished_reconf: false
global_termination_time: 2809966.673
local_termination_time: 0
node_cons: 57922.282006704954
tot_aggregated_send: 38569
tot_msg_rcv: 1562
tot_msg_sent: 3139
tot_reconf_duration: 57.019999999999996
tot_sleeping_duration: 2766766.6365200104
tot_uptimes: 720
tot_uptimes_duration: 43200.036479989474
