comms_cons: 281.5818624053069
finished_reconf: true
global_termination_time: 2810752.579
local_termination_time: 4325.552
node_cons: 57851.019605583126
tot_aggregated_send: 39319
tot_msg_rcv: 1132
tot_msg_sent: 2347
tot_reconf_duration: 4.55
tot_sleeping_duration: 2767552.548600012
tot_uptimes: 720
tot_uptimes_duration: 43200.03039998817
