comms_cons: 276.99022721464877
finished_reconf: true
global_termination_time: 2808625.682
local_termination_time: 4309.45
node_cons: 57854.07510558313
tot_aggregated_send: 39026
tot_msg_rcv: 1095
tot_msg_sent: 1980
tot_reconf_duration: 6.8
tot_sleeping_duration: 2765425.651600012
tot_uptimes: 720
tot_uptimes_duration: 43200.03039998817
