comms_cons: 270.8985600318359
finished_reconf: true
global_termination_time: 2807791.204
local_termination_time: 6272.637
node_cons: 57861.44090446724
tot_aggregated_send: 38905
tot_msg_rcv: 815
tot_msg_sent: 1455
tot_reconf_duration: 12.23
tot_sleeping_duration: 2764591.179680009
tot_uptimes: 720
tot_uptimes_duration: 43200.02431999124
