comms_cons: 61.069388799853826
finished_reconf: true
global_termination_time: 592786.1570000004
local_termination_time: 28125.335
node_cons: 12190.041755443626
tot_aggregated_send: 7711
tot_msg_rcv: 605
tot_msg_sent: 967
tot_reconf_duration: 5.57
tot_sleeping_duration: 583687.9660399976
tot_uptimes: 152
tot_uptimes_duration: 9098.190960002696
