comms_cons: 59.13384959967235
finished_reconf: true
global_termination_time: 596263.153
local_termination_time: 401372.0440400007
node_cons: 12227.840199999968
tot_aggregated_send: 8294
tot_msg_rcv: 239
tot_msg_sent: 455
tot_reconf_duration: 11.899999999999999
tot_sleeping_duration: 587143.153
tot_uptimes: 153
tot_uptimes_duration: 9120.0
