comms_cons: 255.79334401484377
finished_reconf: true
global_termination_time: 2534858.089039997
local_termination_time: 23997.06748
node_cons: 52185.9088193905
tot_aggregated_send: 34974
tot_msg_rcv: 1296
tot_msg_sent: 2608
tot_reconf_duration: 18.21
tot_sleeping_duration: 2495902.764440004
tot_uptimes: 650
tot_uptimes_duration: 38955.324599993495
