comms_cons: 254.8854143982643
finished_reconf: true
global_termination_time: 2535163.264
local_termination_time: 447564.33604000026
node_cons: 52146.65418446648
tot_aggregated_send: 34916
tot_msg_rcv: 1262
tot_msg_sent: 2563
tot_reconf_duration: 4.390000000000001
tot_sleeping_duration: 2496223.2396800094
tot_uptimes: 650
tot_uptimes_duration: 38940.02431999054
