comms_cons: 255.1545343888329
finished_reconf: true
global_termination_time: 2535620.61
local_termination_time: 590783.5839599997
node_cons: 52144.82632334977
tot_aggregated_send: 35032
tot_msg_rcv: 1275
tot_msg_sent: 2475
tot_reconf_duration: 3.05
tot_sleeping_duration: 2496680.5917600067
tot_uptimes: 650
tot_uptimes_duration: 38940.0182399929
