comms_cons: 283.92440321777593
finished_reconf: true
global_termination_time: 2809671.309
local_termination_time: 1301964.2043599999
node_cons: 57865.63986111591
tot_aggregated_send: 39150
tot_msg_rcv: 1405
tot_msg_sent: 2600
tot_reconf_duration: 15.34
tot_sleeping_duration: 2766471.302920002
tot_uptimes: 720
tot_uptimes_duration: 43200.006079997635
