comms_cons: 285.90596481514706
finished_reconf: false
global_termination_time: 2810391.879
local_termination_time: 0
node_cons: 57844.8081411158
tot_aggregated_send: 38802
tot_msg_rcv: 1695
tot_msg_sent: 2959
tot_reconf_duration: 0
tot_sleeping_duration: 2767191.8729200023
tot_uptimes: 720
tot_uptimes_duration: 43200.006079997635
