comms_cons: 0.7368704000016431
finished_reconf: true
global_termination_time: 6336.011
local_termination_time: 1082.8663600000002
node_cons: 93.13236000000009
tot_aggregated_send: 0
tot_msg_rcv: 62
tot_msg_sent: 50
tot_reconf_duration: 9.42
tot_sleeping_duration: 6276.011
tot_uptimes: 2
tot_uptimes_duration: 60.0
