comms_cons: 452.5024448378415
finished_reconf: true
global_termination_time: 4559948.014919998
local_termination_time: 4559947.973799998
node_cons: 93860.62358023002
tot_aggregated_send: 65468
tot_msg_rcv: 1058
tot_msg_sent: 2252
tot_reconf_duration: 24.59
tot_sleeping_duration: 4489875.400760003
tot_uptimes: 1168
tot_uptimes_duration: 70072.6141599947
