comms_cons: 443.2288960097559
finished_reconf: true
global_termination_time: 4560532.55
local_termination_time: 2713360.39136
node_cons: 93763.73022334835
tot_aggregated_send: 63162
tot_msg_rcv: 1379
tot_msg_sent: 2827
tot_reconf_duration: 5.1
tot_sleeping_duration: 4490512.531760006
tot_uptimes: 1168
tot_uptimes_duration: 70020.01823999314
