comms_cons: 758.2462219768809
finished_reconf: true
global_termination_time: 3837267.074
local_termination_time: 1957366.1825999997
node_cons: 78924.64684111507
tot_aggregated_send: 0
tot_msg_rcv: 58310
tot_msg_sent: 56939
tot_reconf_duration: 22.65
tot_sleeping_duration: 3778347.067920002
tot_uptimes: 983
tot_uptimes_duration: 58920.00607999787
