comms_cons: 386.6263040501257
finished_reconf: true
global_termination_time: 3840009.916
local_termination_time: 2371612.461
node_cons: 79018.93615574662
tot_aggregated_send: 53590
tot_msg_rcv: 1749
tot_msg_sent: 3425
tot_reconf_duration: 18.700000000000003
tot_sleeping_duration: 3781015.486160009
tot_uptimes: 984
tot_uptimes_duration: 58994.429839991266
