comms_cons: 98.16714878562675
finished_reconf: true
global_termination_time: 754726.7276000003
local_termination_time: 86711.27291999957
node_cons: 15608.37560223644
tot_aggregated_send: 5104
tot_msg_rcv: 3841
tot_msg_sent: 5982
tot_reconf_duration: 18.21
tot_sleeping_duration: 743088.455440003
tot_uptimes: 194
tot_uptimes_duration: 11638.27215999733
