comms_cons: 74.43769599751207
finished_reconf: true
global_termination_time: 754725.9944799999
local_termination_time: 754725.9533599999
node_cons: 15574.789360962684
tot_aggregated_send: 10646
tot_msg_rcv: 138
tot_msg_sent: 530
tot_reconf_duration: 37.410000000000004
tot_sleeping_duration: 743132.2778399979
tot_uptimes: 194
tot_uptimes_duration: 11593.716640001978
