comms_cons: 74.60217600023286
finished_reconf: true
global_termination_time: 756837.504
local_termination_time: 360112.0106000001
node_cons: 15516.60622000006
tot_aggregated_send: 10904
tot_msg_rcv: 152
tot_msg_sent: 283
tot_reconf_duration: 8.09
tot_sleeping_duration: 745257.504
tot_uptimes: 194
tot_uptimes_duration: 11580.0
