comms_cons: 74.64102400018716
finished_reconf: true
global_termination_time: 757910.76
local_termination_time: 188686.68300000092
node_cons: 15591.921620000003
tot_aggregated_send: 11078
tot_msg_rcv: 97
tot_msg_sent: 170
tot_reconf_duration: 4.390000000000001
tot_sleeping_duration: 746270.76
tot_uptimes: 195
tot_uptimes_duration: 11639.99999999997
