comms_cons: 74.75944959817596
finished_reconf: true
global_termination_time: 754726.5002400001
local_termination_time: 255854.05496000012
node_cons: 15539.62459936015
tot_aggregated_send: 10904
tot_msg_rcv: 169
tot_msg_sent: 290
tot_reconf_duration: 3.05
tot_sleeping_duration: 743124.198
tot_uptimes: 194
tot_uptimes_duration: 11602.302240000106
