comms_cons: 23.099571200349956
finished_reconf: true
global_termination_time: 220489.258
local_termination_time: 24428.808360000003
node_cons: 4505.580121120014
tot_aggregated_send: 2726
tot_msg_rcv: 264
tot_msg_sent: 521
tot_reconf_duration: 4.8100000000000005
tot_sleeping_duration: 217129.25191999998
tot_uptimes: 57
tot_uptimes_duration: 3360.0060800000065
