comms_cons: 21.92847359994985
finished_reconf: true
global_termination_time: 221688.731
local_termination_time: 64982.52792000006
node_cons: 4514.39898
tot_aggregated_send: 3074
tot_msg_rcv: 95
tot_msg_sent: 164
tot_reconf_duration: 11.31
tot_sleeping_duration: 218328.731
tot_uptimes: 57
tot_uptimes_duration: 3360.0
