comms_cons: 22.310067199962955
finished_reconf: true
global_termination_time: 221632.477
local_termination_time: 57563.33280000015
node_cons: 4506.413940000004
tot_aggregated_send: 2958
tot_msg_rcv: 148
tot_msg_sent: 285
tot_reconf_duration: 5.43
tot_sleeping_duration: 218272.477
tot_uptimes: 57
tot_uptimes_duration: 3360.0
