comms_cons: 11.395801599869415
finished_reconf: true
global_termination_time: 102149.65259999996
local_termination_time: 102149.61147999996
node_cons: 2140.6630017582374
tot_aggregated_send: 1044
tot_msg_rcv: 221
tot_msg_sent: 466
tot_reconf_duration: 24.59
tot_sleeping_duration: 100575.88876000127
tot_uptimes: 27
tot_uptimes_duration: 1573.76383999869
