comms_cons: 12.534630399718077
finished_reconf: true
global_termination_time: 108173.901
local_termination_time: 3090.41048
node_cons: 2193.958026717762
tot_aggregated_send: 870
tot_msg_rcv: 342
tot_msg_sent: 695
tot_reconf_duration: 18.21
tot_sleeping_duration: 106553.86452000166
tot_uptimes: 28
tot_uptimes_duration: 1620.036479998329
