comms_cons: 10.981312000050453
finished_reconf: true
global_termination_time: 104076.299
local_termination_time: 88975.526
node_cons: 2110.2767449598023
tot_aggregated_send: 1037
tot_msg_rcv: 168
tot_msg_sent: 464
tot_reconf_duration: 13.17
tot_sleeping_duration: 102513.64636000014
tot_uptimes: 27
tot_uptimes_duration: 1562.6526399998547
