comms_cons: 758.2376523701886
finished_reconf: true
global_termination_time: 3842186.296
local_termination_time: 2904054.0236
node_cons: 79005.00312334872
tot_aggregated_send: 0
tot_msg_rcv: 58246
tot_msg_sent: 56999
tot_reconf_duration: 22.65
tot_sleeping_duration: 3783206.277760007
tot_uptimes: 984
tot_uptimes_duration: 58980.01823999314
