comms_cons: 385.33817604877686
finished_reconf: true
global_termination_time: 3837176.544
local_termination_time: 315557.0058400001
node_cons: 78902.52221564442
tot_aggregated_send: 53186
tot_msg_rcv: 1602
tot_msg_sent: 3781
tot_reconf_duration: 6.279999999999999
tot_sleeping_duration: 3778256.458880025
tot_uptimes: 983
tot_uptimes_duration: 58920.085119974916
