comms_cons: 386.4947584660841
finished_reconf: true
global_termination_time: 3836649.437
local_termination_time: 2309309.09536
node_cons: 78899.89046670048
tot_aggregated_send: 53244
tot_msg_rcv: 1785
tot_msg_sent: 3715
tot_reconf_duration: 4.390000000000001
tot_sleeping_duration: 3777729.400520013
tot_uptimes: 983
tot_uptimes_duration: 58920.03647998674
