comms_cons: 387.7063040844496
finished_reconf: true
global_termination_time: 3837815.774
local_termination_time: 2134754.9873599997
node_cons: 78898.0788878172
tot_aggregated_send: 52954
tot_msg_rcv: 1967
tot_msg_sent: 4009
tot_reconf_duration: 3.05
tot_sleeping_duration: 3778895.7314400156
tot_uptimes: 983
tot_uptimes_duration: 58920.042559984606
