comms_cons: 385.68586245563085
finished_reconf: true
global_termination_time: 3837188.253
local_termination_time: 447954.51760000054
node_cons: 78909.31225005539
tot_aggregated_send: 53534
tot_msg_rcv: 1663
tot_msg_sent: 3425
tot_reconf_duration: 11.31
tot_sleeping_duration: 3778268.198280017
tot_uptimes: 983
tot_uptimes_duration: 58920.054719983076
