comms_cons: 190.46314238466138
finished_reconf: true
global_termination_time: 1902216.377
local_termination_time: 947260.7586399982
node_cons: 39129.77888781766
tot_aggregated_send: 26100
tot_msg_rcv: 754
tot_msg_sent: 2096
tot_reconf_duration: 3.05
tot_sleeping_duration: 1872996.3344400167
tot_uptimes: 488
tot_uptimes_duration: 29220.04255998344
