comms_cons: 197.0493887771128
finished_reconf: true
global_termination_time: 1899515.903
local_termination_time: 860619.983239998
node_cons: 39059.234911175
tot_aggregated_send: 25056
tot_msg_rcv: 1756
tot_msg_sent: 3138
tot_reconf_duration: 7.819999999999999
tot_sleeping_duration: 1870353.3822000185
tot_uptimes: 487
tot_uptimes_duration: 29162.52079998143
