comms_cons: 190.02703359055138
finished_reconf: true
global_termination_time: 1898227.8762400001
local_termination_time: 172180.41708000016
node_cons: 39081.02751383176
tot_aggregated_send: 26622
tot_msg_rcv: 750
tot_msg_sent: 1510
tot_reconf_duration: 11.31
tot_sleeping_duration: 1869052.619680006
tot_uptimes: 487
tot_uptimes_duration: 29175.256559994014
