comms_cons: 181.76475519050337
finished_reconf: true
global_termination_time: 1848779.48
local_termination_time: 1006527.8890799977
node_cons: 38005.02702894374
tot_aggregated_send: 24824
tot_msg_rcv: 874
tot_msg_sent: 1931
tot_reconf_duration: 3.05
tot_sleeping_duration: 1820399.4313600122
tot_uptimes: 474
tot_uptimes_duration: 28380.048639987945
