comms_cons: 181.95782399482195
finished_reconf: true
global_termination_time: 1848927.535
local_termination_time: 1115746.60436
node_cons: 38021.6517199999
tot_aggregated_send: 26448
tot_msg_rcv: 410
tot_msg_sent: 798
tot_reconf_duration: 15.34
tot_sleeping_duration: 1820547.535
tot_uptimes: 474
tot_uptimes_duration: 28379.99999999997
