comms_cons: 310.56209281164263
finished_reconf: true
global_termination_time: 3127975.868
local_termination_time: 112429.19535999997
node_cons: 64359.77906893398
tot_aggregated_send: 44138
tot_msg_rcv: 911
tot_msg_sent: 2154
tot_reconf_duration: 5.43
tot_sleeping_duration: 3079915.8193600182
tot_uptimes: 802
tot_uptimes_duration: 48060.04863998154
