comms_cons: 26.329958400528774
finished_reconf: true
global_termination_time: 240828.613
local_termination_time: 51957.58936000001
node_cons: 4925.485462241725
tot_aggregated_send: 2610
tot_msg_rcv: 548
tot_msg_sent: 844
tot_reconf_duration: 18.21
tot_sleeping_duration: 237168.60083999872
tot_uptimes: 62
tot_uptimes_duration: 3660.0121600012862
