comms_cons: 25.80424960016805
finished_reconf: true
global_termination_time: 239956.447
local_termination_time: 21283.177359999998
node_cons: 4906.742325598897
tot_aggregated_send: 2494
tot_msg_rcv: 537
tot_msg_sent: 892
tot_reconf_duration: 4.390000000000001
tot_sleeping_duration: 236296.4166000008
tot_uptimes: 62
tot_uptimes_duration: 3660.030399999174
