comms_cons: 40.39880959999099
finished_reconf: true
global_termination_time: 413405.641
local_termination_time: 86957.87843999985
node_cons: 8439.841899999994
tot_aggregated_send: 6032
tot_msg_rcv: 52
tot_msg_sent: 56
tot_reconf_duration: 3.05
tot_sleeping_duration: 407105.641
tot_uptimes: 106
tot_uptimes_duration: 6300.0
