comms_cons: 264.0101376012129
finished_reconf: true
global_termination_time: 2660342.095
local_termination_time: 1145226.4763599997
node_cons: 54718.46579999891
tot_aggregated_send: 38106
tot_msg_rcv: 692
tot_msg_sent: 1330
tot_reconf_duration: 5.1
tot_sleeping_duration: 2619482.095
tot_uptimes: 682
tot_uptimes_duration: 40860.0
