comms_cons: 262.25349120379076
finished_reconf: true
global_termination_time: 2659953.715
local_termination_time: 1806887.1763600002
node_cons: 54736.93459999936
tot_aggregated_send: 38396
tot_msg_rcv: 493
tot_msg_sent: 972
tot_reconf_duration: 18.700000000000003
tot_sleeping_duration: 2619093.715
tot_uptimes: 682
tot_uptimes_duration: 40860.0
