comms_cons: 81.95772159698046
finished_reconf: true
global_termination_time: 789468.665
local_termination_time: 71375.6480799999
node_cons: 16235.268967840839
tot_aggregated_send: 10324
tot_msg_rcv: 732
tot_msg_sent: 1401
tot_reconf_duration: 4.8100000000000005
tot_sleeping_duration: 777348.6224399994
tot_uptimes: 203
tot_uptimes_duration: 12120.042560000613
