comms_cons: 76.64796159910533
finished_reconf: true
global_termination_time: 788873.8111200001
local_termination_time: 286733.30799999996
node_cons: 16261.009141923028
tot_aggregated_send: 10610
tot_msg_rcv: 278
tot_msg_sent: 762
tot_reconf_duration: 7.819999999999999
tot_sleeping_duration: 776737.5978399978
tot_uptimes: 203
tot_uptimes_duration: 12136.213280002237
