comms_cons: 77.7135103989106
finished_reconf: true
global_termination_time: 790793.342
local_termination_time: 207482.68312000093
node_cons: 16236.053940000016
tot_aggregated_send: 11368
tot_msg_rcv: 101
tot_msg_sent: 343
tot_reconf_duration: 5.43
tot_sleeping_duration: 778673.342
tot_uptimes: 203
tot_uptimes_duration: 12120.0
