comms_cons: 163.70428158673113
finished_reconf: true
global_termination_time: 1617320.5317199978
local_termination_time: 1617320.5317199978
node_cons: 33385.747889904065
tot_aggregated_send: 22374
tot_msg_rcv: 817
tot_msg_sent: 1691
tot_reconf_duration: 24.59
tot_sleeping_duration: 1592412.1264400098
tot_uptimes: 415
tot_uptimes_duration: 24908.405279988074
