comms_cons: 160.1361919946532
finished_reconf: true
global_termination_time: 1619927.168
local_termination_time: 536682.9963599999
node_cons: 33267.6858
tot_aggregated_send: 23316
tot_msg_rcv: 331
tot_msg_sent: 692
tot_reconf_duration: 5.1
tot_sleeping_duration: 1595087.168
tot_uptimes: 415
tot_uptimes_duration: 24840.0
