comms_cons: 161.15813759250716
finished_reconf: true
global_termination_time: 1617348.239
local_termination_time: 457146.7974400007
node_cons: 33268.13394000002
tot_aggregated_send: 23084
tot_msg_rcv: 487
tot_msg_sent: 923
tot_reconf_duration: 5.43
tot_sleeping_duration: 1592508.2390000003
tot_uptimes: 415
tot_uptimes_duration: 24840.0
