comms_cons: 51.47628800118131
finished_reconf: true
global_termination_time: 511685.409
local_termination_time: 450900.3623600001
node_cons: 10532.120342242884
tot_aggregated_send: 6728
tot_msg_rcv: 387
tot_msg_sent: 710
tot_reconf_duration: 5.57
tot_sleeping_duration: 503825.39683999785
tot_uptimes: 132
tot_uptimes_duration: 7860.0121600021375
