comms_cons: 52.26516480059188
finished_reconf: true
global_termination_time: 511108.847
local_termination_time: 62845.427480000006
node_cons: 10474.966841119158
tot_aggregated_send: 6786
tot_msg_rcv: 418
tot_msg_sent: 740
tot_reconf_duration: 22.65
tot_sleeping_duration: 503308.8409200006
tot_uptimes: 131
tot_uptimes_duration: 7800.006079999366
