comms_cons: 52.04032640064455
finished_reconf: true
global_termination_time: 514943.458
local_termination_time: 87741.58751999977
node_cons: 10531.096403364303
tot_aggregated_send: 6960
tot_msg_rcv: 312
tot_msg_sent: 637
tot_reconf_duration: 4.8100000000000005
tot_sleeping_duration: 507083.4397599968
tot_uptimes: 132
tot_uptimes_duration: 7860.018240003206
