comms_cons: 51.01511680055234
finished_reconf: true
global_termination_time: 513808.062
local_termination_time: 76956.64835999996
node_cons: 10528.690041121432
tot_aggregated_send: 7134
tot_msg_rcv: 208
tot_msg_sent: 412
tot_reconf_duration: 3.05
tot_sleeping_duration: 505948.0559199989
tot_uptimes: 132
tot_uptimes_duration: 7860.006080001071
