comms_cons: 99.45538559712935
finished_reconf: true
global_termination_time: 995144.787
local_termination_time: 115403.77535999996
node_cons: 20413.940342240603
tot_aggregated_send: 13978
tot_msg_rcv: 387
tot_msg_sent: 751
tot_reconf_duration: 5.57
tot_sleeping_duration: 979904.7748399996
tot_uptimes: 255
tot_uptimes_duration: 15240.012160000435
