comms_cons: 101.62069119488551
finished_reconf: true
global_termination_time: 992329.107
local_termination_time: 402676.57048000005
node_cons: 20413.318364485724
tot_aggregated_send: 13398
tot_msg_rcv: 712
tot_msg_sent: 1335
tot_reconf_duration: 5.1
tot_sleeping_duration: 977089.0826799957
tot_uptimes: 255
tot_uptimes_duration: 15240.024320004275
