comms_cons: 102.16084479517806
finished_reconf: true
global_termination_time: 989665.7061200005
local_termination_time: 151728.91676000087
node_cons: 20385.417883890408
tot_aggregated_send: 12876
tot_msg_rcv: 961
tot_msg_sent: 1690
tot_reconf_duration: 7.819999999999999
tot_sleeping_duration: 974449.2771999927
tot_uptimes: 254
tot_uptimes_duration: 15216.428920007776
