comms_cons: 353.9232703866116
finished_reconf: true
global_termination_time: 3671945.218
local_termination_time: 2139661.123119998
node_cons: 75579.27403367497
tot_aggregated_send: 50866
tot_msg_rcv: 932
tot_msg_sent: 1996
tot_reconf_duration: 25.299999999999997
tot_sleeping_duration: 3615526.310880002
tot_uptimes: 941
tot_uptimes_duration: 56418.90711999778
