comms_cons: 362.4787584033926
finished_reconf: true
global_termination_time: 3674192.71
local_termination_time: 1906248.7195999988
node_cons: 75530.59436111547
tot_aggregated_send: 50576
tot_msg_rcv: 1501
tot_msg_sent: 3016
tot_reconf_duration: 8.09
tot_sleeping_duration: 3617792.703920002
tot_uptimes: 941
tot_uptimes_duration: 56400.00607999787
