comms_cons: 194.56730878772908
finished_reconf: true
global_termination_time: 1957796.952
local_termination_time: 322924.17036000005
node_cons: 40257.265799999695
tot_aggregated_send: 27608
tot_msg_rcv: 633
tot_msg_sent: 1332
tot_reconf_duration: 5.1
tot_sleeping_duration: 1927736.952
tot_uptimes: 502
tot_uptimes_duration: 30060.0
