comms_cons: 193.5140095918696
finished_reconf: true
global_termination_time: 1958262.397
local_termination_time: 1459874.8023599999
node_cons: 40263.132359999625
tot_aggregated_send: 27840
tot_msg_rcv: 555
tot_msg_sent: 1018
tot_reconf_duration: 9.42
tot_sleeping_duration: 1928202.397
tot_uptimes: 502
tot_uptimes_duration: 30060.0
