comms_cons: 193.48769279243692
finished_reconf: true
global_termination_time: 1955298.501
local_termination_time: 1159277.958999999
node_cons: 40186.160199999926
tot_aggregated_send: 28188
tot_msg_rcv: 420
tot_msg_sent: 801
tot_reconf_duration: 11.899999999999999
tot_sleeping_duration: 1925298.501
tot_uptimes: 501
tot_uptimes_duration: 30000.0
