comms_cons: 503.4986240859718
finished_reconf: true
global_termination_time: 5051962.634
local_termination_time: 2804115.75636
node_cons: 103886.19268558276
tot_aggregated_send: 69948
tot_msg_rcv: 2282
tot_msg_sent: 4299
tot_reconf_duration: 4.8100000000000005
tot_sleeping_duration: 4974382.60360001
tot_uptimes: 1294
tot_uptimes_duration: 77580.03039998934
