comms_cons: 509.2995265008819
finished_reconf: true
global_termination_time: 5052456.054
local_termination_time: 1708354.5496799985
node_cons: 103905.03902334835
tot_aggregated_send: 70760
tot_msg_rcv: 2427
tot_msg_sent: 4222
tot_reconf_duration: 18.700000000000003
tot_sleeping_duration: 4974876.035760006
tot_uptimes: 1294
tot_uptimes_duration: 77580.01823999337
