comms_cons: 503.9458240854807
finished_reconf: true
global_termination_time: 5049304.678
local_termination_time: 2516493.4690799983
node_cons: 103895.78019999684
tot_aggregated_send: 72210
tot_msg_rcv: 1613
tot_msg_sent: 2773
tot_reconf_duration: 11.899999999999999
tot_sleeping_duration: 4971724.678
tot_uptimes: 1294
tot_uptimes_duration: 77580.0
