comms_cons: 96.76853759846108
finished_reconf: true
global_termination_time: 984100.871
local_termination_time: 473624.19200000004
node_cons: 20276.45498224292
tot_aggregated_send: 13164
tot_msg_rcv: 455
tot_msg_sent: 1089
tot_reconf_duration: 22.65
tot_sleeping_duration: 968980.8588399979
tot_uptimes: 253
tot_uptimes_duration: 15120.012160002138
