comms_cons: 101.42264959697512
finished_reconf: true
global_termination_time: 984580.888
local_termination_time: 418941.2960800002
node_cons: 20256.34026559799
tot_aggregated_send: 12644
tot_msg_rcv: 1026
tot_msg_sent: 1746
tot_reconf_duration: 7.819999999999999
tot_sleeping_duration: 969460.8576000016
tot_uptimes: 253
tot_uptimes_duration: 15120.030399998475
