comms_cons: 99.5254399954061
finished_reconf: true
global_termination_time: 986749.595
local_termination_time: 184070.52736000007
node_cons: 20266.593131200534
tot_aggregated_send: 13224
tot_msg_rcv: 549
tot_msg_sent: 1355
tot_reconf_duration: 15.34
tot_sleeping_duration: 971629.5341999996
tot_uptimes: 253
tot_uptimes_duration: 15120.060800000385
