comms_cons: 57.278515204907166
finished_reconf: true
global_termination_time: 471450.126
local_termination_time: 252616.78548000005
node_cons: 9665.594308971446
tot_aggregated_send: 4176
tot_msg_rcv: 1730
tot_msg_sent: 2800
tot_reconf_duration: 18.21
tot_sleeping_duration: 464250.07735999144
tot_uptimes: 121
tot_uptimes_duration: 7200.04864000855
