comms_cons: 47.46234880096476
finished_reconf: true
global_termination_time: 471907.48
local_termination_time: 309111.818
node_cons: 9663.483182081442
tot_aggregated_send: 6541
tot_msg_rcv: 264
tot_msg_sent: 409
tot_reconf_duration: 15.34
tot_sleeping_duration: 464706.09727999894
tot_uptimes: 121
tot_uptimes_duration: 7201.382720001042
