comms_cons: 1214.1855829677313
finished_reconf: true
global_termination_time: 4165409.65
local_termination_time: 2968486.4931999985
node_cons: 170026.24752222787
tot_aggregated_send: 0
tot_msg_rcv: 61869
tot_msg_sent: 122681
tot_reconf_duration: 18.21
tot_sleeping_duration: 4038448.0978400046
tot_uptimes: 2098
tot_uptimes_duration: 126961.55215999528
