comms_cons: 421.3325952826122
finished_reconf: true
global_termination_time: 4163463.746119999
local_termination_time: 4163463.7049999987
node_cons: 85742.68722956964
tot_aggregated_send: 57394
tot_msg_rcv: 2190
tot_msg_sent: 4456
tot_reconf_duration: 37.410000000000004
tot_sleeping_duration: 4099466.8197200196
tot_uptimes: 1067
tot_uptimes_duration: 63996.92639997922
