comms_cons: 419.44743684131714
finished_reconf: true
global_termination_time: 4166236.572
local_termination_time: 749308.950879999
node_cons: 85646.68776893392
tot_aggregated_send: 57826
tot_msg_rcv: 1913
tot_msg_sent: 4013
tot_reconf_duration: 3.08
tot_sleeping_duration: 4102276.5233600177
tot_uptimes: 1067
tot_uptimes_duration: 63960.04863998224
