comms_cons: 419.5954816716079
finished_reconf: true
global_termination_time: 4166227.887
local_termination_time: 2286262.2593199997
node_cons: 85657.34266446564
tot_aggregated_send: 58116
tot_msg_rcv: 1952
tot_msg_sent: 3708
tot_reconf_duration: 10.95
tot_sleeping_duration: 4102267.862680009
tot_uptimes: 1067
tot_uptimes_duration: 63960.02431999124
