comms_cons: 412.2138880317253
finished_reconf: true
global_termination_time: 4165107.404
local_termination_time: 3183978.498919999
node_cons: 85658.60019999763
tot_aggregated_send: 60436
tot_msg_rcv: 837
tot_msg_sent: 1381
tot_reconf_duration: 11.899999999999999
tot_sleeping_duration: 4101147.404
tot_uptimes: 1067
tot_uptimes_duration: 63960.0
