comms_cons: 417.648243251636
finished_reconf: true
global_termination_time: 4168267.883
local_termination_time: 2217721.4203599994
node_cons: 85731.25118334853
tot_aggregated_send: 58522
tot_msg_rcv: 1591
tot_msg_sent: 3366
tot_reconf_duration: 6.22
tot_sleeping_duration: 4104247.864760007
tot_uptimes: 1068
tot_uptimes_duration: 64020.01823999337
