comms_cons: 418.7800640626293
finished_reconf: true
global_termination_time: 4165667.52
local_termination_time: 348044.673
node_cons: 85663.78086133476
tot_aggregated_send: 58335
tot_msg_rcv: 1828
tot_msg_sent: 3490
tot_reconf_duration: 15.34
tot_sleeping_duration: 4101707.1397600174
tot_uptimes: 1067
tot_uptimes_duration: 63960.3802399828
