comms_cons: 59.06751359993729
finished_reconf: true
global_termination_time: 592763.073
local_termination_time: 120367.04335999997
node_cons: 12137.871980000013
tot_aggregated_send: 8352
tot_msg_rcv: 223
tot_msg_sent: 402
tot_reconf_duration: 4.8100000000000005
tot_sleeping_duration: 583703.073
tot_uptimes: 152
tot_uptimes_duration: 9060.0
