comms_cons: 13.265740800069523
finished_reconf: true
global_termination_time: 107474.911
local_termination_time: 49133.22420000013
node_cons: 2187.105565599174
tot_aggregated_send: 870
tot_msg_rcv: 457
tot_msg_sent: 689
tot_reconf_duration: 13.17
tot_sleeping_duration: 105854.88060000062
tot_uptimes: 28
tot_uptimes_duration: 1620.0303999993848
