comms_cons: 95.07302401197708
finished_reconf: true
global_termination_time: 457338.4755200005
local_termination_time: 644.8180399999995
node_cons: 9466.348216733259
tot_aggregated_send: 0
tot_msg_rcv: 7614
tot_msg_sent: 6830
tot_reconf_duration: 18.21
tot_sleeping_duration: 450287.2290399906
tot_uptimes: 118
tot_uptimes_duration: 7051.246480009897
