comms_cons: 45.304371200282674
finished_reconf: true
global_termination_time: 458666.132
local_termination_time: 16771.67048
node_cons: 9430.538700000014
tot_aggregated_send: 6554
tot_msg_rcv: 121
tot_msg_sent: 211
tot_reconf_duration: 22.65
tot_sleeping_duration: 451646.132
tot_uptimes: 118
tot_uptimes_duration: 7020.0
