comms_cons: 208.02605438263285
finished_reconf: true
global_termination_time: 2083086.11
local_termination_time: 239210.26636000004
node_cons: 42845.989885588366
tot_aggregated_send: 28768
tot_msg_rcv: 943
tot_msg_sent: 1907
tot_reconf_duration: 18.21
tot_sleeping_duration: 2051106.0796000087
tot_uptimes: 534
tot_uptimes_duration: 31980.030399991607
