comms_cons: 52.634227200413534
finished_reconf: true
global_termination_time: 522488.097
local_termination_time: 152943.848
node_cons: 10728.674455281138
tot_aggregated_send: 7132
tot_msg_rcv: 301
tot_msg_sent: 568
tot_reconf_duration: 22.65
tot_sleeping_duration: 514498.61547999916
tot_uptimes: 134
tot_uptimes_duration: 7989.481520000845
