comms_cons: 2.086233599992398
finished_reconf: true
global_termination_time: 14308.66948
local_termination_time: 14308.62836
node_cons: 310.18121984000715
tot_aggregated_send: 0
tot_msg_rcv: 160
tot_msg_sent: 156
tot_reconf_duration: 37.410000000000004
tot_sleeping_duration: 14114.958919999995
tot_uptimes: 4
tot_uptimes_duration: 193.710560000005
