comms_cons: 2.2829823999945673
finished_reconf: true
global_termination_time: 16857.033
local_termination_time: 4190.20136
node_cons: 333.73137999999955
tot_aggregated_send: 0
tot_msg_rcv: 179
tot_msg_sent: 168
tot_reconf_duration: 9.11
tot_sleeping_duration: 16617.033
tot_uptimes: 5
tot_uptimes_duration: 240.0
