comms_cons: 2.2632447999967056
finished_reconf: true
global_termination_time: 14351.983
local_termination_time: 4323.26136
node_cons: 253.81236000000013
tot_aggregated_send: 0
tot_msg_rcv: 177
tot_msg_sent: 166
tot_reconf_duration: 9.42
tot_sleeping_duration: 14171.983
tot_uptimes: 4
tot_uptimes_duration: 180.0
