comms_cons: 13.698521599714207
finished_reconf: true
global_termination_time: 104758.528
local_termination_time: 6787.694920000004
node_cons: 2115.3276524806115
tot_aggregated_send: 522
tot_msg_rcv: 581
tot_msg_sent: 980
tot_reconf_duration: 18.700000000000003
tot_sleeping_duration: 103197.71167999954
tot_uptimes: 27
tot_uptimes_duration: 1560.8163200004565
