comms_cons: 422.0056640184153
finished_reconf: true
global_termination_time: 4298670.363
local_termination_time: 3015413.49748
node_cons: 88458.55772178396
tot_aggregated_send: 60088
tot_msg_rcv: 1303
tot_msg_sent: 2750
tot_reconf_duration: 3.08
tot_sleeping_duration: 4232610.33680001
tot_uptimes: 1101
tot_uptimes_duration: 66060.02619998972
