comms_cons: 425.378483249448
finished_reconf: true
global_termination_time: 4298822.015
local_termination_time: 1406565.006
node_cons: 88399.44872101664
tot_aggregated_send: 59389
tot_msg_rcv: 1609
tot_msg_sent: 3657
tot_reconf_duration: 15.110000000000001
tot_sleeping_duration: 4232818.333640016
tot_uptimes: 1101
tot_uptimes_duration: 66003.68135998445
