comms_cons: 436.4509696972989
finished_reconf: true
global_termination_time: 4301560.82
local_termination_time: 646881.1775599995
node_cons: 88460.36674893388
tot_aggregated_send: 59160
tot_msg_rcv: 2474
tot_msg_sent: 4704
tot_reconf_duration: 4.390000000000001
tot_sleeping_duration: 4235500.771360018
tot_uptimes: 1102
tot_uptimes_duration: 66060.04863998224
