comms_cons: 429.78105605315454
finished_reconf: true
global_termination_time: 4300229.684
local_termination_time: 1754347.16136
node_cons: 88469.75596781634
tot_aggregated_send: 59914
tot_msg_rcv: 1781
tot_msg_sent: 3629
tot_reconf_duration: 11.31
tot_sleeping_duration: 4234169.641440016
tot_uptimes: 1102
tot_uptimes_duration: 66060.04255998402
