comms_cons: 428.095385679797
finished_reconf: true
global_termination_time: 4301997.793
local_termination_time: 1996768.3331999995
node_cons: 88461.74650446614
tot_aggregated_send: 59740
tot_msg_rcv: 1749
tot_msg_sent: 3579
tot_reconf_duration: 5.43
tot_sleeping_duration: 4235937.768680008
tot_uptimes: 1102
tot_uptimes_duration: 66060.02431999147
