comms_cons: 2.2698239999924996
finished_reconf: true
global_termination_time: 14320.19
local_termination_time: 9975.33936
node_cons: 252.00622000000018
tot_aggregated_send: 0
tot_msg_rcv: 178
tot_msg_sent: 167
tot_reconf_duration: 8.09
tot_sleeping_duration: 14140.19
tot_uptimes: 4
tot_uptimes_duration: 180.0
