comms_cons: 2.302719999994511
finished_reconf: true
global_termination_time: 15077.647
local_termination_time: 5072.296359999999
node_cons: 245.16189999999906
tot_aggregated_send: 0
tot_msg_rcv: 177
tot_msg_sent: 172
tot_reconf_duration: 3.05
tot_sleeping_duration: 14897.647
tot_uptimes: 4
tot_uptimes_duration: 180.00000000000003
