comms_cons: 2.5395711999916077
finished_reconf: true
global_termination_time: 15826.255
local_termination_time: 10105.96536
node_cons: 342.1998611200064
tot_aggregated_send: 0
tot_msg_rcv: 223
tot_msg_sent: 163
tot_reconf_duration: 15.34
tot_sleeping_duration: 15586.248919999995
tot_uptimes: 5
tot_uptimes_duration: 240.00608000000466
