comms_cons: 2.940339199990975
finished_reconf: true
global_termination_time: 14485.608
local_termination_time: 10159.64936
node_cons: 245.21078112000612
tot_aggregated_send: 0
tot_msg_rcv: 272
tot_msg_sent: 174
tot_reconf_duration: 3.08
tot_sleeping_duration: 14305.601919999996
tot_uptimes: 4
tot_uptimes_duration: 180.00608000000466
