comms_cons: 2.6988159999904573
finished_reconf: true
global_termination_time: 12451.949
local_termination_time: 6834.941360000001
node_cons: 252.0062200000002
tot_aggregated_send: 0
tot_msg_rcv: 243
tot_msg_sent: 167
tot_reconf_duration: 8.09
tot_sleeping_duration: 12271.949
tot_uptimes: 4
tot_uptimes_duration: 180.0
