comms_cons: 2.61852159999757
finished_reconf: true
global_termination_time: 15039.831
local_termination_time: 9859.648360000001
node_cons: 253.3913800000008
tot_aggregated_send: 0
tot_msg_rcv: 232
tot_msg_sent: 166
tot_reconf_duration: 9.11
tot_sleeping_duration: 14859.831
tot_uptimes: 4
tot_uptimes_duration: 180.0
