comms_cons: 2.3421951999943715
finished_reconf: true
global_termination_time: 12887.141
local_termination_time: 7516.53336
node_cons: 253.82050112000636
tot_aggregated_send: 0
tot_msg_rcv: 189
tot_msg_sent: 167
tot_reconf_duration: 9.42
tot_sleeping_duration: 12707.134919999995
tot_uptimes: 4
tot_uptimes_duration: 180.00608000000466
