comms_cons: 3.0211967999915026
finished_reconf: true
global_termination_time: 13911.11
local_termination_time: 6815.057360000001
node_cons: 249.46676000000033
tot_aggregated_send: 0
tot_msg_rcv: 284
tot_msg_sent: 174
tot_reconf_duration: 6.22
tot_sleeping_duration: 13731.11
tot_uptimes: 4
tot_uptimes_duration: 180.0
