comms_cons: 125.51829758496234
finished_reconf: true
global_termination_time: 1196869.379
local_termination_time: 99391.13667999985
node_cons: 24608.866873425024
tot_aggregated_send: 15486
tot_msg_rcv: 1329
tot_msg_sent: 2262
tot_reconf_duration: 18.21
tot_sleeping_duration: 1178509.3060400113
tot_uptimes: 307
tot_uptimes_duration: 18360.072959988785
