comms_cons: 121.15711998950883
finished_reconf: true
global_termination_time: 1196518.888
local_termination_time: 430208.86092000024
node_cons: 24591.063493424983
tot_aggregated_send: 15080
tot_msg_rcv: 1054
tot_msg_sent: 2281
tot_reconf_duration: 5.1
tot_sleeping_duration: 1178158.8150400112
tot_uptimes: 307
tot_uptimes_duration: 18360.072959988785
