comms_cons: 154.30374401682204
finished_reconf: true
global_termination_time: 321400.3414800002
local_termination_time: 208.47503999999998
node_cons: 19280.154782924234
tot_aggregated_send: 0
tot_msg_rcv: 9579
tot_msg_sent: 13874
tot_reconf_duration: 18.21
tot_sleeping_duration: 307019.889199997
tot_uptimes: 233
tot_uptimes_duration: 14380.452280003145
