comms_cons: 76.41082880047101
finished_reconf: true
global_termination_time: 770468.285
local_termination_time: 406341.56336000003
node_cons: 15833.905799999955
tot_aggregated_send: 11136
tot_msg_rcv: 192
tot_msg_sent: 286
tot_reconf_duration: 5.1
tot_sleeping_duration: 758648.2850000001
tot_uptimes: 198
tot_uptimes_duration: 11819.99999999997
