comms_cons: 77.40428799729867
finished_reconf: true
global_termination_time: 769766.0859599988
local_termination_time: 397118.1431600003
node_cons: 15894.834109438394
tot_aggregated_send: 10846
tot_msg_rcv: 304
tot_msg_sent: 615
tot_reconf_duration: 4.8100000000000005
tot_sleeping_duration: 757900.289
tot_uptimes: 198
tot_uptimes_duration: 11865.796959998785
