comms_cons: 76.82531839759162
finished_reconf: true
global_termination_time: 769765.32736
local_termination_time: 637392.7449199985
node_cons: 15857.230179040143
tot_aggregated_send: 10846
tot_msg_rcv: 251
tot_msg_sent: 580
tot_reconf_duration: 6.22
tot_sleeping_duration: 757929.044
tot_uptimes: 198
tot_uptimes_duration: 11836.283360000001
