comms_cons: 76.16739839832248
finished_reconf: true
global_termination_time: 771033.782
local_termination_time: 487460.7662000002
node_cons: 15842.338980000019
tot_aggregated_send: 11136
tot_msg_rcv: 161
tot_msg_sent: 280
tot_reconf_duration: 11.31
tot_sleeping_duration: 759213.782
tot_uptimes: 198
tot_uptimes_duration: 11820.0
