comms_cons: 90.24688639753774
finished_reconf: true
global_termination_time: 902719.431
local_termination_time: 518921.7973600001
node_cons: 18589.306841116893
tot_aggregated_send: 12818
tot_msg_rcv: 336
tot_msg_sent: 563
tot_reconf_duration: 22.65
tot_sleeping_duration: 888859.4249200023
tot_uptimes: 232
tot_uptimes_duration: 13860.006079997635
