comms_cons: 89.81986559552819
finished_reconf: true
global_termination_time: 903674.451
local_termination_time: 787279.97936
node_cons: 18569.16770111695
tot_aggregated_send: 12644
tot_msg_rcv: 329
tot_msg_sent: 679
tot_reconf_duration: 7.819999999999999
tot_sleeping_duration: 889814.4449200024
tot_uptimes: 232
tot_uptimes_duration: 13860.006079997635
