comms_cons: 108.00477439754756
finished_reconf: true
global_termination_time: 1063442.352
local_termination_time: 250210.03448000006
node_cons: 21860.052201121474
tot_aggregated_send: 14442
tot_msg_rcv: 642
tot_msg_sent: 1333
tot_reconf_duration: 5.57
tot_sleeping_duration: 1047122.3459199988
tot_uptimes: 273
tot_uptimes_duration: 16320.006080001069
