comms_cons: 107.23617919428317
finished_reconf: true
global_termination_time: 1061843.927
local_termination_time: 541213.8763599979
node_cons: 21780.18209751366
tot_aggregated_send: 14152
tot_msg_rcv: 765
tot_msg_sent: 1382
tot_reconf_duration: 5.1
tot_sleeping_duration: 1045583.0933200046
tot_uptimes: 272
tot_uptimes_duration: 16260.833679995267
