comms_cons: 104.10330879610277
finished_reconf: true
global_termination_time: 1063134.163
local_termination_time: 810175.5883599999
node_cons: 21870.364860000092
tot_aggregated_send: 14790
tot_msg_rcv: 319
tot_msg_sent: 714
tot_reconf_duration: 13.17
tot_sleeping_duration: 1046814.163
tot_uptimes: 273
tot_uptimes_duration: 16320.0
