comms_cons: 106.29005439265237
finished_reconf: true
global_termination_time: 1060696.533
local_termination_time: 447333.0643600001
node_cons: 21778.70454446736
tot_aggregated_send: 14732
tot_msg_rcv: 437
tot_msg_sent: 986
tot_reconf_duration: 4.8100000000000005
tot_sleeping_duration: 1044436.5086800095
tot_uptimes: 272
tot_uptimes_duration: 16260.024319990538
