comms_cons: 109.49167359166415
finished_reconf: true
global_termination_time: 1061140.889
local_termination_time: 314217.11900000053
node_cons: 21776.34702894395
tot_aggregated_send: 13572
tot_msg_rcv: 1013
tot_msg_sent: 2057
tot_reconf_duration: 3.05
tot_sleeping_duration: 1044880.840360012
tot_uptimes: 272
tot_uptimes_duration: 16260.048639987945
