comms_cons: 98.35246079880028
finished_reconf: true
global_termination_time: 1006509.391
local_termination_time: 567440.7705199982
node_cons: 20655.90824000007
tot_aggregated_send: 14558
tot_msg_rcv: 155
tot_msg_sent: 236
tot_reconf_duration: 6.279999999999999
tot_sleeping_duration: 991089.391
tot_uptimes: 258
tot_uptimes_duration: 15420.0
