comms_cons: 99.68866559677676
finished_reconf: true
global_termination_time: 1004491.7894799998
local_termination_time: 1004491.7483599999
node_cons: 20716.54936096269
tot_aggregated_send: 14358
tot_msg_rcv: 262
tot_msg_sent: 531
tot_reconf_duration: 37.410000000000004
tot_sleeping_duration: 989058.0728399978
tot_uptimes: 258
tot_uptimes_duration: 15433.716640001978
