comms_cons: 94.47731199707826
finished_reconf: true
global_termination_time: 950984.39
local_termination_time: 558096.603639999
node_cons: 19547.35732112139
tot_aggregated_send: 13572
tot_msg_rcv: 281
tot_msg_sent: 507
tot_reconf_duration: 18.21
tot_sleeping_duration: 936404.383919999
tot_uptimes: 244
tot_uptimes_duration: 14580.006080001054
