comms_cons: 186.20354551617822
finished_reconf: true
global_termination_time: 947481.997
local_termination_time: 1870.2643600000004
node_cons: 19448.249761116822
tot_aggregated_send: 0
tot_msg_rcv: 14264
tot_msg_sent: 14037
tot_reconf_duration: 4.390000000000001
tot_sleeping_duration: 932961.9909200023
tot_uptimes: 243
tot_uptimes_duration: 14520.006079997605
