comms_cons: 93.3726335987548
finished_reconf: true
global_termination_time: 948517.76
local_termination_time: 675760.3784799997
node_cons: 19457.647121116777
tot_aggregated_send: 13630
tot_msg_rcv: 165
tot_msg_sent: 397
tot_reconf_duration: 11.31
tot_sleeping_duration: 933997.7539200024
tot_uptimes: 243
tot_uptimes_duration: 14520.006079997635
