comms_cons: 1.5592703999990696
finished_reconf: true
global_termination_time: 10518.83124000001
local_termination_time: 6597.9093600000015
node_cons: 231.29163936001294
tot_aggregated_send: 0
tot_msg_rcv: 123
tot_msg_sent: 114
tot_reconf_duration: 5.1
tot_sleeping_duration: 10351.269
tot_uptimes: 3
tot_uptimes_duration: 167.5622400000102
