comms_cons: 1.5526911999948705
finished_reconf: true
global_termination_time: 12039.597
local_termination_time: 6784.3823600000005
node_cons: 249.46676000000033
tot_aggregated_send: 0
tot_msg_rcv: 123
tot_msg_sent: 113
tot_reconf_duration: 6.22
tot_sleeping_duration: 11859.597
tot_uptimes: 4
tot_uptimes_duration: 180.0
