comms_cons: 1.493478399999287
finished_reconf: true
global_termination_time: 10964.781
local_termination_time: 6601.727360000001
node_cons: 176.03898000000055
tot_aggregated_send: 0
tot_msg_rcv: 121
tot_msg_sent: 106
tot_reconf_duration: 11.31
tot_sleeping_duration: 10844.781
tot_uptimes: 3
tot_uptimes_duration: 120.0
