comms_cons: 119.7743359960678
finished_reconf: true
global_termination_time: 1209342.95
local_termination_time: 659459.6555999997
node_cons: 24829.258922238245
tot_aggregated_send: 16472
tot_msg_rcv: 610
tot_msg_sent: 1123
tot_reconf_duration: 3.08
tot_sleeping_duration: 1190802.9378400012
tot_uptimes: 310
tot_uptimes_duration: 18540.012159998703
