comms_cons: 123.80168318898681
finished_reconf: true
global_termination_time: 1211049.619
local_termination_time: 357212.97436000005
node_cons: 24936.218472940633
tot_aggregated_send: 16240
tot_msg_rcv: 923
tot_msg_sent: 1653
tot_reconf_duration: 22.65
tot_sleeping_duration: 1192449.5743600144
tot_uptimes: 311
tot_uptimes_duration: 18600.044639985485
