comms_cons: 120.847372793576
finished_reconf: true
global_termination_time: 1211689.817
local_termination_time: 814571.9033599999
node_cons: 24930.81902335047
tot_aggregated_send: 16298
tot_msg_rcv: 693
tot_msg_sent: 1377
tot_reconf_duration: 18.700000000000003
tot_sleeping_duration: 1193089.7987600071
tot_uptimes: 311
tot_uptimes_duration: 18600.018239992904
