comms_cons: 123.04865279160136
finished_reconf: true
global_termination_time: 1209539.651
local_termination_time: 514185.6176400004
node_cons: 24831.61640335053
tot_aggregated_send: 16182
tot_msg_rcv: 840
tot_msg_sent: 1681
tot_reconf_duration: 4.8100000000000005
tot_sleeping_duration: 1190999.6327600072
tot_uptimes: 310
tot_uptimes_duration: 18540.018239992904
