comms_cons: 125.30239998738539
finished_reconf: true
global_termination_time: 1209444.943
local_termination_time: 287648.66436000005
node_cons: 24835.769112303595
tot_aggregated_send: 15602
tot_msg_rcv: 1282
tot_msg_sent: 2163
tot_reconf_duration: 7.819999999999999
tot_sleeping_duration: 1190904.8761200123
tot_uptimes: 310
tot_uptimes_duration: 18540.066879987717
