comms_cons: 122.20863998896141
finished_reconf: true
global_termination_time: 1208164.893
local_termination_time: 559025.9743599998
node_cons: 24832.46650446728
tot_aggregated_send: 15950
tot_msg_rcv: 838
tot_msg_sent: 1787
tot_reconf_duration: 5.43
tot_sleeping_duration: 1189624.8686800094
tot_uptimes: 310
tot_uptimes_duration: 18540.024319990538
