comms_cons: 16.362470400073107
finished_reconf: true
global_termination_time: 164068.28032000075
local_termination_time: 164052.92472000056
node_cons: 3446.697938480976
tot_aggregated_send: 2436
tot_msg_rcv: 15
tot_msg_sent: 36
tot_reconf_duration: 3.05
tot_sleeping_duration: 161497.29
tot_uptimes: 43
tot_uptimes_duration: 2570.9903200007393
