comms_cons: 16.303257600012287
finished_reconf: true
global_termination_time: 167437.298
local_termination_time: 94990.82211999972
node_cons: 3382.726760000003
tot_aggregated_send: 2320
tot_msg_rcv: 47
tot_msg_sent: 111
tot_reconf_duration: 6.22
tot_sleeping_duration: 164917.298
tot_uptimes: 43
tot_uptimes_duration: 2520.0
