comms_cons: 199.58136950233217
finished_reconf: true
global_termination_time: 1004028.24
local_termination_time: 2885.7763600000003
node_cons: 20672.146618436727
tot_aggregated_send: 0
tot_msg_rcv: 15428
tot_msg_sent: 14903
tot_reconf_duration: 18.21
tot_sleeping_duration: 988608.2120400025
tot_uptimes: 258
tot_uptimes_duration: 15420.027959997533
