comms_cons: 99.03074559940978
finished_reconf: true
global_termination_time: 1002664.36
local_termination_time: 353234.30236000003
node_cons: 20655.90823999999
tot_aggregated_send: 13514
tot_msg_rcv: 476
tot_msg_sent: 1063
tot_reconf_duration: 6.279999999999999
tot_sleeping_duration: 987244.36
tot_uptimes: 257
tot_uptimes_duration: 15420.0
