comms_cons: 197.2518143029226
finished_reconf: true
global_termination_time: 1002605.9591999996
local_termination_time: 1990.4384800000005
node_cons: 20587.10054015919
tot_aggregated_send: 0
tot_msg_rcv: 15122
tot_msg_sent: 14860
tot_reconf_duration: 4.390000000000001
tot_sleeping_duration: 987235.4297600002
tot_uptimes: 257
tot_uptimes_duration: 15370.529439999373
