comms_cons: 104.3263743964042
finished_reconf: true
global_termination_time: 1006596.186
local_termination_time: 2901.9557600000016
node_cons: 20658.08097120514
tot_aggregated_send: 13398
tot_msg_rcv: 943
tot_msg_sent: 1516
tot_reconf_duration: 7.819999999999999
tot_sleeping_duration: 991176.1251999962
tot_uptimes: 258
tot_uptimes_duration: 15420.06080000382
