comms_cons: 104.76519679122195
finished_reconf: true
global_termination_time: 1004112.473
local_termination_time: 311449.32264000084
node_cons: 20663.7257694423
tot_aggregated_send: 12992
tot_msg_rcv: 1019
tot_msg_sent: 1911
tot_reconf_duration: 11.31
tot_sleeping_duration: 988691.7360399982
tot_uptimes: 258
tot_uptimes_duration: 15420.736960001697
