comms_cons: 41.451392000923
finished_reconf: true
global_termination_time: 399072.4948000008
local_termination_time: 18023.766200000002
node_cons: 8270.721698322532
tot_aggregated_send: 5394
tot_msg_rcv: 348
tot_msg_sent: 558
tot_reconf_duration: 5.57
tot_sleeping_duration: 392901.3539199989
tot_uptimes: 103
tot_uptimes_duration: 6171.1408800018835
