comms_cons: 74.51790080509424
finished_reconf: true
global_termination_time: 569129.3682400001
local_termination_time: 137046.26348000005
node_cons: 11709.472402910238
tot_aggregated_send: 3770
tot_msg_rcv: 3167
tot_msg_sent: 4393
tot_reconf_duration: 18.21
tot_sleeping_duration: 560402.8983199776
tot_uptimes: 146
tot_uptimes_duration: 8726.469920022588
