comms_cons: 56.80544000048417
finished_reconf: true
global_termination_time: 572765.409
local_termination_time: 250881.45836000005
node_cons: 11733.82264
tot_aggregated_send: 8178
tot_msg_rcv: 168
tot_msg_sent: 288
tot_reconf_duration: 3.08
tot_sleeping_duration: 564005.409
tot_uptimes: 147
tot_uptimes_duration: 8760.0
