comms_cons: 56.44358400020956
finished_reconf: true
global_termination_time: 569807.231
local_termination_time: 151943.89236000006
node_cons: 11669.819380000035
tot_aggregated_send: 8062
tot_msg_rcv: 183
tot_msg_sent: 334
tot_reconf_duration: 15.110000000000001
tot_sleeping_duration: 561107.231
tot_uptimes: 146
tot_uptimes_duration: 8700.0
