comms_cons: 56.469273600510625
finished_reconf: true
global_termination_time: 573051.619
local_termination_time: 145939.26936000006
node_cons: 11736.171980000014
tot_aggregated_send: 8120
tot_msg_rcv: 175
tot_msg_sent: 288
tot_reconf_duration: 4.8100000000000005
tot_sleeping_duration: 564291.619
tot_uptimes: 147
tot_uptimes_duration: 8760.0
