comms_cons: 56.594905600177526
finished_reconf: true
global_termination_time: 569360.227
local_termination_time: 325356.70436000003
node_cons: 11674.694599999953
tot_aggregated_send: 8178
tot_msg_rcv: 209
tot_msg_sent: 215
tot_reconf_duration: 18.700000000000003
tot_sleeping_duration: 560660.227
tot_uptimes: 146
tot_uptimes_duration: 8700.0
