comms_cons: 56.21926400049816
finished_reconf: true
global_termination_time: 572086.001
local_termination_time: 207224.64436000003
node_cons: 11740.259559999988
tot_aggregated_send: 8178
tot_msg_rcv: 140
tot_msg_sent: 227
tot_reconf_duration: 7.819999999999999
tot_sleeping_duration: 563326.001
tot_uptimes: 147
tot_uptimes_duration: 8760.0
