comms_cons: 63.85771519967354
finished_reconf: true
global_termination_time: 631478.592
local_termination_time: 81066.07535999996
node_cons: 12938.890041121433
tot_aggregated_send: 8584
tot_msg_rcv: 368
tot_msg_sent: 754
tot_reconf_duration: 3.05
tot_sleeping_duration: 621818.5859199989
tot_uptimes: 162
tot_uptimes_duration: 9660.006080001069
