comms_cons: 78.19052159638693
finished_reconf: true
global_termination_time: 792166.704
local_termination_time: 484370.7543600005
node_cons: 16241.0758033551
tot_aggregated_send: 10440
tot_msg_rcv: 413
tot_msg_sent: 1032
tot_reconf_duration: 9.11
tot_sleeping_duration: 780046.6857600036
tot_uptimes: 203
tot_uptimes_duration: 12120.018239996338
