comms_cons: 80.98743679849625
finished_reconf: true
global_termination_time: 791253.256
local_termination_time: 543703.1103599998
node_cons: 16249.215662238268
tot_aggregated_send: 10150
tot_msg_rcv: 717
tot_msg_sent: 1443
tot_reconf_duration: 15.110000000000001
tot_sleeping_duration: 779133.2438400013
tot_uptimes: 203
tot_uptimes_duration: 12120.012159998703
