comms_cons: 80.44229759474635
finished_reconf: true
global_termination_time: 790158.976
local_termination_time: 287619.30136
node_cons: 16234.674184467292
tot_aggregated_send: 10556
tot_msg_rcv: 509
tot_msg_sent: 1160
tot_reconf_duration: 4.390000000000001
tot_sleeping_duration: 778038.9516800095
tot_uptimes: 203
tot_uptimes_duration: 12120.024319990538
