comms_cons: 156.88103675403207
finished_reconf: true
global_termination_time: 789993.0595999999
local_termination_time: 2015.0613600000004
node_cons: 16253.423754000158
tot_aggregated_send: 0
tot_msg_rcv: 12111
tot_msg_sent: 11733
tot_reconf_duration: 3.05
tot_sleeping_duration: 777857.6735999999
tot_uptimes: 203
tot_uptimes_duration: 12135.3860000001
