comms_cons: 110.90383361246148
finished_reconf: true
global_termination_time: 379669.7636400004
local_termination_time: 379669.7225200004
node_cons: 15516.61382796056
tot_aggregated_send: 0
tot_msg_rcv: 5709
tot_msg_sent: 11149
tot_reconf_duration: 37.410000000000004
tot_sleeping_duration: 368119.494
tot_uptimes: 191
tot_uptimes_duration: 11550.269640000393
