comms_cons: 37.69944320017478
finished_reconf: true
global_termination_time: 380666.802
local_termination_time: 81434.72559999993
node_cons: 7810.139681121427
tot_aggregated_send: 5394
tot_msg_rcv: 115
tot_msg_sent: 221
tot_reconf_duration: 12.629999999999999
tot_sleeping_duration: 374846.79591999896
tot_uptimes: 98
tot_uptimes_duration: 5820.006080001069
