comms_cons: 37.777766400103715
finished_reconf: true
global_termination_time: 380844.237
local_termination_time: 18235.1416
node_cons: 7800.35394000001
tot_aggregated_send: 5452
tot_msg_rcv: 121
tot_msg_sent: 169
tot_reconf_duration: 5.43
tot_sleeping_duration: 375024.237
tot_uptimes: 98
tot_uptimes_duration: 5820.0
