comms_cons: 0.15966719999974888
finished_reconf: true
global_termination_time: 2766.9029600000026
local_termination_time: 2753.5673600000005
node_cons: 43.16925744000367
tot_aggregated_send: 0
tot_msg_rcv: 16
tot_msg_sent: 8
tot_reconf_duration: 7.819999999999999
tot_sleeping_duration: 2742.594
tot_uptimes: 1
tot_uptimes_duration: 24.30896000000257
