comms_cons: 471.00365446165046
finished_reconf: true
global_termination_time: 4726820.813
local_termination_time: 2688004.55636
node_cons: 97232.26428446532
tot_aggregated_send: 65598
tot_msg_rcv: 2076
tot_msg_sent: 3913
tot_reconf_duration: 15.34
tot_sleeping_duration: 4654220.788680009
tot_uptimes: 1211
tot_uptimes_duration: 72600.02431999124
