comms_cons: 466.3014272404642
finished_reconf: true
global_termination_time: 4728127.778
local_termination_time: 3024761.412239999
node_cons: 97218.34208223167
tot_aggregated_send: 65888
tot_msg_rcv: 1710
tot_msg_sent: 3278
tot_reconf_duration: 5.1
tot_sleeping_duration: 4655527.765840004
tot_uptimes: 1211
tot_uptimes_duration: 72600.01215999573
