comms_cons: 472.35144967698665
finished_reconf: true
global_termination_time: 4728330.587
local_termination_time: 654222.0635999988
node_cons: 97217.4348900497
tot_aggregated_send: 66004
tot_msg_rcv: 1850
tot_msg_sent: 3940
tot_reconf_duration: 4.390000000000001
tot_sleeping_duration: 4655730.53228002
tot_uptimes: 1211
tot_uptimes_duration: 72600.05471997941
