comms_cons: 470.75491844422197
finished_reconf: true
global_termination_time: 4728058.062
local_termination_time: 747518.0393599999
node_cons: 97215.59074669925
tot_aggregated_send: 66062
tot_msg_rcv: 1827
tot_msg_sent: 3663
tot_reconf_duration: 3.05
tot_sleeping_duration: 4655458.025520014
tot_uptimes: 1211
tot_uptimes_duration: 72600.0364799865
