comms_cons: 33.85061120047127
finished_reconf: true
global_termination_time: 338080.505
local_termination_time: 293253.54280000075
node_cons: 6915.788262242866
tot_aggregated_send: 4698
tot_msg_rcv: 157
tot_msg_sent: 291
tot_reconf_duration: 4.8100000000000005
tot_sleeping_duration: 332920.49283999787
tot_uptimes: 87
tot_uptimes_duration: 5160.0121600021375
