comms_cons: 74.95613439778222
finished_reconf: true
global_termination_time: 725626.485
local_termination_time: 41588.078520000076
node_cons: 14871.460804481143
tot_aggregated_send: 9570
tot_msg_rcv: 659
tot_msg_sent: 1164
tot_reconf_duration: 6.279999999999999
tot_sleeping_duration: 714526.4606799991
tot_uptimes: 186
tot_uptimes_duration: 11100.02432000084
