comms_cons: 73.5422975964422
finished_reconf: true
global_termination_time: 722589.765
local_termination_time: 268796.66936000006
node_cons: 14869.850223359685
tot_aggregated_send: 9744
tot_msg_rcv: 449
tot_msg_sent: 985
tot_reconf_duration: 5.1
tot_sleeping_duration: 711489.7467600002
tot_uptimes: 186
tot_uptimes_duration: 11100.018239999772
