comms_cons: 75.9141951945919
finished_reconf: true
global_termination_time: 723131.498
local_termination_time: 29698.176
node_cons: 14900.187346238872
tot_aggregated_send: 9143
tot_msg_rcv: 818
tot_msg_sent: 1576
tot_reconf_duration: 25.299999999999997
tot_sleeping_duration: 712029.3098400009
tot_uptimes: 186
tot_uptimes_duration: 11102.188159999143
