comms_cons: 60.9456575995487
finished_reconf: true
global_termination_time: 595147.495
local_termination_time: 163200.2058400006
node_cons: 12220.224522242877
tot_aggregated_send: 7772
tot_msg_rcv: 444
tot_msg_sent: 1048
tot_reconf_duration: 6.279999999999999
tot_sleeping_duration: 586027.4828399979
tot_uptimes: 153
tot_uptimes_duration: 9120.012160002138
