comms_cons: 61.80921599713439
finished_reconf: true
global_termination_time: 595730.731
local_termination_time: 161589.0782800008
node_cons: 12215.911486723984
tot_aggregated_send: 7598
tot_msg_rcv: 571
tot_msg_sent: 1225
tot_reconf_duration: 3.08
tot_sleeping_duration: 586610.6945199971
tot_uptimes: 153
tot_uptimes_duration: 9120.036480002978
