comms_cons: 59.52860160085784
finished_reconf: true
global_termination_time: 593934.18
local_termination_time: 262410.33536
node_cons: 12218.211980000015
tot_aggregated_send: 8236
tot_msg_rcv: 234
tot_msg_sent: 578
tot_reconf_duration: 4.8100000000000005
tot_sleeping_duration: 584814.18
tot_uptimes: 153
tot_uptimes_duration: 9120.0
