comms_cons: 197.40889598649866
finished_reconf: true
global_termination_time: 1999894.803
local_termination_time: 1082848.8634799996
node_cons: 41138.254464466765
tot_aggregated_send: 27202
tot_msg_rcv: 1029
tot_msg_sent: 1774
tot_reconf_duration: 3.05
tot_sleeping_duration: 1969174.7786800095
tot_uptimes: 513
tot_uptimes_duration: 30720.024319990538
