comms_cons: 264.0947326227381
finished_reconf: true
global_termination_time: 1999484.131
local_termination_time: 1104294.58336
node_cons: 41149.46340335026
tot_aggregated_send: 0
tot_msg_rcv: 20240
tot_msg_sent: 19900
tot_reconf_duration: 11.31
tot_sleeping_duration: 1968764.1127600071
tot_uptimes: 513
tot_uptimes_duration: 30720.018239992904
