comms_cons: 124.39418879268221
finished_reconf: true
global_termination_time: 1237153.9423999991
local_termination_time: 1237153.9012799992
node_cons: 25479.195238032153
tot_aggregated_send: 17026
tot_msg_rcv: 570
tot_msg_sent: 1312
tot_reconf_duration: 37.410000000000004
tot_sleeping_duration: 1218163.358040005
tot_uptimes: 317
tot_uptimes_duration: 18990.5843599941
