comms_cons: 124.80084479479673
finished_reconf: true
global_termination_time: 1240653.92
local_termination_time: 85387.71547999996
node_cons: 25473.806748946216
tot_aggregated_send: 16994
tot_msg_rcv: 687
tot_msg_sent: 1288
tot_reconf_duration: 4.390000000000001
tot_sleeping_duration: 1221633.8713600102
tot_uptimes: 318
tot_uptimes_duration: 19020.048639989676
