comms_cons: 126.50485758714731
finished_reconf: true
global_termination_time: 1240865.147
local_termination_time: 146641.93948000006
node_cons: 25472.003311177545
tot_aggregated_send: 16588
tot_msg_rcv: 831
tot_msg_sent: 1809
tot_reconf_duration: 3.05
tot_sleeping_duration: 1221845.086200017
tot_uptimes: 318
tot_uptimes_duration: 19020.060799983214
