comms_cons: 403.9758336552564
finished_reconf: true
global_termination_time: 4015008.982119997
local_termination_time: 743100.5213999993
node_cons: 82618.45427860961
tot_aggregated_send: 56144
tot_msg_rcv: 1831
tot_msg_sent: 3427
tot_reconf_duration: 6.279999999999999
tot_sleeping_duration: 3953313.742360018
tot_uptimes: 1029
tot_uptimes_duration: 61695.23975997884
