comms_cons: 789.5625293335062
finished_reconf: true
global_termination_time: 4015009.3318799967
local_termination_time: 592.2074799999991
node_cons: 82644.39489343076
tot_aggregated_send: 0
tot_msg_rcv: 60351
tot_msg_sent: 59653
tot_reconf_duration: 5.57
tot_sleeping_duration: 3953293.998920002
tot_uptimes: 1029
tot_uptimes_duration: 61715.332959994674
