comms_cons: 791.2341709339818
finished_reconf: true
global_termination_time: 4018600.389
local_termination_time: 3022.5173600000003
node_cons: 82676.84278782553
tot_aggregated_send: 0
tot_msg_rcv: 60566
tot_msg_sent: 59693
tot_reconf_duration: 5.1
tot_sleeping_duration: 3956860.3464400093
tot_uptimes: 1030
tot_uptimes_duration: 61740.042559990776
