comms_cons: 402.57529605053645
finished_reconf: true
global_termination_time: 4019559.709
local_termination_time: 1477910.0773599998
node_cons: 82682.69306558289
tot_aggregated_send: 56608
tot_msg_rcv: 1509
tot_msg_sent: 3073
tot_reconf_duration: 9.42
tot_sleeping_duration: 3957819.678600011
tot_uptimes: 1030
tot_uptimes_duration: 61740.03039998887
