comms_cons: 38.60483200069962
finished_reconf: true
global_termination_time: 377658.146
local_termination_time: 3061.8473599999998
node_cons: 7720.204060000009
tot_aggregated_send: 5046
tot_msg_rcv: 303
tot_msg_sent: 518
tot_reconf_duration: 5.57
tot_sleeping_duration: 371898.146
tot_uptimes: 97
tot_uptimes_duration: 5760.0
