comms_cons: 509.9734653319316
finished_reconf: true
global_termination_time: 1262639.85
local_termination_time: 228419.04580000072
node_cons: 76811.23109990994
tot_aggregated_send: 0
tot_msg_rcv: 31328
tot_msg_sent: 46185
tot_reconf_duration: 18.21
tot_sleeping_duration: 1205293.694720006
tot_uptimes: 943
tot_uptimes_duration: 57346.15527999385
