comms_cons: 275.1122176103865
finished_reconf: true
global_termination_time: 569165.7625999998
local_termination_time: 569165.7214799998
node_cons: 34615.850769121134
tot_aggregated_send: 0
tot_msg_rcv: 16872
tot_msg_sent: 24942
tot_reconf_duration: 24.59
tot_sleeping_duration: 543338.6845199988
tot_uptimes: 422
tot_uptimes_duration: 25827.078080000858
