comms_cons: 58.336563199360725
finished_reconf: true
global_termination_time: 571632.494
local_termination_time: 195947.01936000006
node_cons: 11738.192663359707
tot_aggregated_send: 7714
tot_msg_rcv: 397
tot_msg_sent: 757
tot_reconf_duration: 6.279999999999999
tot_sleeping_duration: 562872.4757600002
tot_uptimes: 147
tot_uptimes_duration: 8760.018239999772
