comms_cons: 49.63348480023985
finished_reconf: true
global_termination_time: 504623.333
local_termination_time: 379278.1742400005
node_cons: 10371.424060000023
tot_aggregated_send: 7250
tot_msg_rcv: 112
tot_msg_sent: 182
tot_reconf_duration: 5.57
tot_sleeping_duration: 496883.333
tot_uptimes: 130
tot_uptimes_duration: 7740.0
