comms_cons: 223.39297919616814
finished_reconf: true
global_termination_time: 2216150.9796799994
local_termination_time: 2216150.938559999
node_cons: 45636.09712781596
tot_aggregated_send: 30946
tot_msg_rcv: 1066
tot_msg_sent: 1941
tot_reconf_duration: 37.410000000000004
tot_sleeping_duration: 2182106.6971200164
tot_uptimes: 568
tot_uptimes_duration: 34044.28255998266
