comms_cons: 225.89087997982074
finished_reconf: true
global_termination_time: 2216754.563
local_termination_time: 9027.341
node_cons: 45599.210248850984
tot_aggregated_send: 30158
tot_msg_rcv: 1442
tot_msg_sent: 2734
tot_reconf_duration: 22.65
tot_sleeping_duration: 2182722.8590800217
tot_uptimes: 568
tot_uptimes_duration: 34031.7039199787
