comms_cons: 227.17579517832382
finished_reconf: true
global_termination_time: 2217594.973
local_termination_time: 149284.5050800006
node_cons: 45559.368967826515
tot_aggregated_send: 30044
tot_msg_rcv: 1631
tot_msg_sent: 2856
tot_reconf_duration: 4.8100000000000005
tot_sleeping_duration: 2183574.93044001
tot_uptimes: 568
tot_uptimes_duration: 34020.04255999031
