comms_cons: 184.2736383966872
finished_reconf: true
global_termination_time: 1915635.974
local_termination_time: 952493.0953599999
node_cons: 39375.04675999989
tot_aggregated_send: 26564
tot_msg_rcv: 444
tot_msg_sent: 999
tot_reconf_duration: 6.22
tot_sleeping_duration: 1886235.974
tot_uptimes: 491
tot_uptimes_duration: 29400.0
