comms_cons: 186.06635519829206
finished_reconf: true
global_termination_time: 1916250.143
local_termination_time: 1064399.119119999
node_cons: 39381.958979999836
tot_aggregated_send: 27434
tot_msg_rcv: 295
tot_msg_sent: 552
tot_reconf_duration: 11.31
tot_sleeping_duration: 1886850.143
tot_uptimes: 491
tot_uptimes_duration: 29400.0
