comms_cons: 35.93026560037421
finished_reconf: true
global_termination_time: 362813.076
local_termination_time: 56223.528
node_cons: 7447.425925764564
tot_aggregated_send: 4812
tot_msg_rcv: 165
tot_msg_sent: 485
tot_reconf_duration: 22.65
tot_sleeping_duration: 357274.1161599966
tot_uptimes: 93
tot_uptimes_duration: 5538.959840003408
