comms_cons: 1.9800831999927933
finished_reconf: true
global_termination_time: 9204.85648
local_termination_time: 9204.81536
node_cons: 212.4316598400069
tot_aggregated_send: 0
tot_msg_rcv: 190
tot_msg_sent: 109
tot_reconf_duration: 24.59
tot_sleeping_duration: 9071.145919999995
tot_uptimes: 3
tot_uptimes_duration: 133.710560000005
