comms_cons: 10.19092479997456
finished_reconf: true
global_termination_time: 9205.374240000003
local_termination_time: 2602.675360000004
node_cons: 1307.0093253600025
tot_aggregated_send: 0
tot_msg_rcv: 772
tot_msg_sent: 775
tot_reconf_duration: 4.390000000000001
tot_sleeping_duration: 8233.718
tot_uptimes: 15
tot_uptimes_duration: 971.6562400000021
