comms_cons: 64.22082559989968
finished_reconf: true
global_termination_time: 639349.706
local_termination_time: 79502.10567999985
node_cons: 13120.189885602582
tot_aggregated_send: 8758
tot_msg_rcv: 315
tot_msg_sent: 690
tot_reconf_duration: 18.21
tot_sleeping_duration: 629569.6755999981
tot_uptimes: 164
tot_uptimes_duration: 9780.03040000191
