comms_cons: 909.3545729672068
finished_reconf: true
global_termination_time: 9144644.907
local_termination_time: 9144644.86588
node_cons: 188174.69022757644
tot_aggregated_send: 130996
tot_msg_rcv: 2431
tot_msg_sent: 4788
tot_reconf_duration: 37.410000000000004
tot_sleeping_duration: 9004149.098600011
tot_uptimes: 2342
tot_uptimes_duration: 140495.80839998764
