comms_cons: 912.4228738733927
finished_reconf: true
global_termination_time: 9144726.296
local_termination_time: 2773411.1303999997
node_cons: 188083.58547116484
tot_aggregated_send: 126034
tot_msg_rcv: 4386
tot_msg_sent: 8261
tot_reconf_duration: 5.57
tot_sleeping_duration: 9004266.235200021
tot_uptimes: 2342
tot_uptimes_duration: 140460.06079997844
