comms_cons: 908.3400322509196
finished_reconf: true
global_termination_time: 9146165.919
local_termination_time: 2889320.97136
node_cons: 188163.27092893026
tot_aggregated_send: 126672
tot_msg_rcv: 3994
tot_msg_sent: 7394
tot_reconf_duration: 5.1
tot_sleeping_duration: 9005645.870360017
tot_uptimes: 2343
tot_uptimes_duration: 140520.0486399827
