comms_cons: 900.6869761484884
finished_reconf: true
global_termination_time: 9146203.527
local_termination_time: 3178891.75236
node_cons: 188174.2218478129
tot_aggregated_send: 127310
tot_msg_rcv: 3298
tot_msg_sent: 6291
tot_reconf_duration: 13.17
tot_sleeping_duration: 9005683.484440016
tot_uptimes: 2343
tot_uptimes_duration: 140520.04255998484
