comms_cons: 905.2372865809514
finished_reconf: true
global_termination_time: 9148874.575
local_termination_time: 3595051.9523599995
node_cons: 188167.31506669565
tot_aggregated_send: 126672
tot_msg_rcv: 3916
tot_msg_sent: 7003
tot_reconf_duration: 8.09
tot_sleeping_duration: 9008354.538520012
tot_uptimes: 2343
tot_uptimes_duration: 140520.03647998697
