comms_cons: 890.7392065532803
finished_reconf: true
global_termination_time: 9146462.834
local_termination_time: 5318756.92236
node_cons: 188173.45596334458
tot_aggregated_send: 126788
tot_msg_rcv: 2964
tot_msg_sent: 5633
tot_reconf_duration: 12.629999999999999
tot_sleeping_duration: 9005942.815760007
tot_uptimes: 2343
tot_uptimes_duration: 140520.0182399936
