comms_cons: 912.7630914476599
finished_reconf: true
global_termination_time: 9144740.124
local_termination_time: 830416.4425999998
node_cons: 188086.67353563278
tot_aggregated_send: 127136
tot_msg_rcv: 3640
tot_msg_sent: 7958
tot_reconf_duration: 7.819999999999999
tot_sleeping_duration: 9004280.03888003
tot_uptimes: 2342
tot_uptimes_duration: 140460.08511996968
