comms_cons: 291.08354561063027
finished_reconf: true
global_termination_time: 2894267.641
local_termination_time: 755500.2163599998
node_cons: 59562.804534518065
tot_aggregated_send: 39092
tot_msg_rcv: 1734
tot_msg_sent: 3417
tot_reconf_duration: 22.65
tot_sleeping_duration: 2849807.5619600303
tot_uptimes: 742
tot_uptimes_duration: 44460.07903996948
