comms_cons: 285.87163518965417
finished_reconf: true
global_termination_time: 2893869.361999997
local_termination_time: 1756739.9387999994
node_cons: 59558.43751999479
tot_aggregated_send: 40890
tot_msg_rcv: 795
tot_msg_sent: 1765
tot_reconf_duration: 5.57
tot_sleeping_duration: 2849395.222
tot_uptimes: 742
tot_uptimes_duration: 44474.13999999687
