comms_cons: 292.97450879989475
finished_reconf: true
global_termination_time: 2894948.363
local_termination_time: 383256.12340000033
node_cons: 59538.02668255561
tot_aggregated_send: 39440
tot_msg_rcv: 1808
tot_msg_sent: 3282
tot_reconf_duration: 4.390000000000001
tot_sleeping_duration: 2850488.2696000324
tot_uptimes: 742
tot_uptimes_duration: 44460.09339996771
