comms_cons: 287.14104959988055
finished_reconf: true
global_termination_time: 2900424.036
local_termination_time: 1500200.4102799993
node_cons: 59633.111719999
tot_aggregated_send: 41528
tot_msg_rcv: 621
tot_msg_sent: 1494
tot_reconf_duration: 15.34
tot_sleeping_duration: 2855904.036
tot_uptimes: 743
tot_uptimes_duration: 44520.0
