comms_cons: 79.68194559555408
finished_reconf: true
global_termination_time: 756309.903
local_termination_time: 124642.39203999955
node_cons: 15512.594646724016
tot_aggregated_send: 9570
tot_msg_rcv: 913
tot_msg_sent: 1630
tot_reconf_duration: 5.1
tot_sleeping_duration: 744729.866519997
tot_uptimes: 194
tot_uptimes_duration: 11580.036480002978
