comms_cons: 75.96344319842625
finished_reconf: true
global_termination_time: 754051.913
local_termination_time: 186642.69436000008
node_cons: 15523.513001116871
tot_aggregated_send: 10266
tot_msg_rcv: 474
tot_msg_sent: 806
tot_reconf_duration: 13.17
tot_sleeping_duration: 742471.9069200023
tot_uptimes: 194
tot_uptimes_duration: 11580.006079997635
