comms_cons: 76.1016064007123
finished_reconf: true
global_termination_time: 754839.796
local_termination_time: 269662.109480001
node_cons: 15525.884517207029
tot_aggregated_send: 10324
tot_msg_rcv: 371
tot_msg_sent: 872
tot_reconf_duration: 9.11
tot_sleeping_duration: 743253.9011999947
tot_uptimes: 194
tot_uptimes_duration: 11585.894800005248
