comms_cons: 76.06115839963982
finished_reconf: true
global_termination_time: 754930.254
local_termination_time: 470414.5422400005
node_cons: 15518.428642238263
tot_aggregated_send: 10556
tot_msg_rcv: 372
tot_msg_sent: 633
tot_reconf_duration: 9.42
tot_sleeping_duration: 743350.2418400012
tot_uptimes: 194
tot_uptimes_duration: 11580.012159998703
