comms_cons: 79.8385919949538
finished_reconf: true
global_termination_time: 755335.817
local_termination_time: 87801.42335999943
node_cons: 15514.592813122994
tot_aggregated_send: 9338
tot_msg_rcv: 988
tot_msg_sent: 1810
tot_reconf_duration: 5.43
tot_sleeping_duration: 743754.6229199978
tot_uptimes: 194
tot_uptimes_duration: 11581.194080002213
