comms_cons: 75.84250239977867
finished_reconf: true
global_termination_time: 755593.526
local_termination_time: 347686.5779200003
node_cons: 15526.484284483531
tot_aggregated_send: 10498
tot_msg_rcv: 343
tot_msg_sent: 686
tot_reconf_duration: 15.34
tot_sleeping_duration: 744013.5016799973
tot_uptimes: 194
tot_uptimes_duration: 11580.024320002594
