comms_cons: 282.30689279487575
finished_reconf: true
global_termination_time: 2846393.204
local_termination_time: 1521946.7504799997
node_cons: 58512.24917999888
tot_aggregated_send: 40890
tot_msg_rcv: 701
tot_msg_sent: 1318
tot_reconf_duration: 18.21
tot_sleeping_duration: 2802713.204
tot_uptimes: 729
tot_uptimes_duration: 43680.0
