comms_cons: 106.59619839737901
finished_reconf: true
global_termination_time: 1113368.945
local_termination_time: 5075.762
node_cons: 22902.304805597993
tot_aggregated_send: 15539
tot_msg_rcv: 173
tot_msg_sent: 490
tot_reconf_duration: 3.95
tot_sleeping_duration: 1096268.9146000016
tot_uptimes: 286
tot_uptimes_duration: 17100.030399998475
