comms_cons: 110.0183231933845
finished_reconf: true
global_termination_time: 1115743.984
local_termination_time: 5651.996
node_cons: 22931.41485231278
tot_aggregated_send: 14301
tot_msg_rcv: 719
tot_msg_sent: 1700
tot_reconf_duration: 25.35
tot_sleeping_duration: 1098643.9171200052
tot_uptimes: 286
tot_uptimes_duration: 17100.066879994585
