comms_cons: 2.204031999992717
finished_reconf: true
global_termination_time: 18715.81
local_termination_time: 7170.59436
node_cons: 346.08918000000006
tot_aggregated_send: 0
tot_msg_rcv: 176
tot_msg_sent: 159
tot_reconf_duration: 18.21
tot_sleeping_duration: 18475.81
tot_uptimes: 5
tot_uptimes_duration: 240.0
