comms_cons: 33.88241280070112
finished_reconf: true
global_termination_time: 338715.346
local_termination_time: 45347.643000000004
node_cons: 6915.7801211214355
tot_aggregated_send: 4579
tot_msg_rcv: 166
tot_msg_sent: 405
tot_reconf_duration: 4.8100000000000005
tot_sleeping_duration: 333555.33991999895
tot_uptimes: 87
tot_uptimes_duration: 5160.006080001069
