comms_cons: 34.593433600501356
finished_reconf: true
global_termination_time: 337663.402
local_termination_time: 40914.27236000001
node_cons: 6917.69490112144
tot_aggregated_send: 4582
tot_msg_rcv: 274
tot_msg_sent: 402
tot_reconf_duration: 6.22
tot_sleeping_duration: 332503.39591999893
tot_uptimes: 87
tot_uptimes_duration: 5160.006080001069
