comms_cons: 254.97752318419583
finished_reconf: true
global_termination_time: 2527278.7022399874
local_termination_time: 294793.90216000035
node_cons: 52083.3149071648
tot_aggregated_send: 35032
tot_msg_rcv: 1319
tot_msg_sent: 2404
tot_reconf_duration: 18.21
tot_sleeping_duration: 2488399.997440013
tot_uptimes: 648
tot_uptimes_duration: 38878.70479997428
