comms_cons: 251.66296958400824
finished_reconf: true
global_termination_time: 2529589.267
local_termination_time: 991925.0563599998
node_cons: 52000.844284466504
tot_aggregated_send: 34858
tot_msg_rcv: 1115
tot_msg_sent: 2277
tot_reconf_duration: 15.34
tot_sleeping_duration: 2490769.2426800095
tot_uptimes: 648
tot_uptimes_duration: 38820.02431999054
