comms_cons: 251.97740798204276
finished_reconf: true
global_termination_time: 2528728.286
local_termination_time: 846521.7380799986
node_cons: 51988.54080446658
tot_aggregated_send: 34858
tot_msg_rcv: 1167
tot_msg_sent: 2274
tot_reconf_duration: 6.279999999999999
tot_sleeping_duration: 2489908.2616800093
tot_uptimes: 648
tot_uptimes_duration: 38820.02431999054
