comms_cons: 251.03179518123227
finished_reconf: true
global_termination_time: 2528161.551
local_termination_time: 395278.1623600001
node_cons: 52010.79568781707
tot_aggregated_send: 35090
tot_msg_rcv: 1044
tot_msg_sent: 2022
tot_reconf_duration: 22.65
tot_sleeping_duration: 2489341.508440017
tot_uptimes: 648
tot_uptimes_duration: 38820.04255998344
