comms_cons: 338.3286589345976
finished_reconf: true
global_termination_time: 2529895.756
local_termination_time: 1717287.8862799993
node_cons: 51990.60770111613
tot_aggregated_send: 0
tot_msg_rcv: 25902
tot_msg_sent: 25522
tot_reconf_duration: 7.819999999999999
tot_sleeping_duration: 2491075.749920002
tot_uptimes: 648
tot_uptimes_duration: 38820.006079997635
