comms_cons: 46.974515203456626
finished_reconf: true
global_termination_time: 241284.7128400007
local_termination_time: 103.4010400000002
node_cons: 4965.263909760912
tot_aggregated_send: 0
tot_msg_rcv: 3570
tot_msg_sent: 3568
tot_reconf_duration: 4.390000000000001
tot_sleeping_duration: 237580.977
tot_uptimes: 62
tot_uptimes_duration: 3703.735840000678
