comms_cons: 39.49459200023041
finished_reconf: true
global_termination_time: 389956.877
local_termination_time: 6446.520080000003
node_cons: 7960.1919800000105
tot_aggregated_send: 5046
tot_msg_rcv: 317
tot_msg_sent: 641
tot_reconf_duration: 4.8100000000000005
tot_sleeping_duration: 384016.877
tot_uptimes: 100
tot_uptimes_duration: 5940.0
