comms_cons: 0.7500288000016724
finished_reconf: true
global_termination_time: 5776.303
local_termination_time: 1140.7523600000002
node_cons: 88.86823999999996
tot_aggregated_send: 0
tot_msg_rcv: 61
tot_msg_sent: 53
tot_reconf_duration: 6.279999999999999
tot_sleeping_duration: 5716.303
tot_uptimes: 2
tot_uptimes_duration: 60.0
