comms_cons: 0.6908160000015404
finished_reconf: true
global_termination_time: 6183.893
local_termination_time: 1803.5983600000004
node_cons: 100.85938000000017
tot_aggregated_send: 0
tot_msg_rcv: 60
tot_msg_sent: 44
tot_reconf_duration: 15.110000000000001
tot_sleeping_duration: 6123.893
tot_uptimes: 2
tot_uptimes_duration: 60.0
