comms_cons: 0.6118655999996736
finished_reconf: true
global_termination_time: 7131.32
local_termination_time: 391.00847999999917
node_cons: 86.30162000000006
tot_aggregated_send: 0
tot_msg_rcv: 37
tot_msg_sent: 55
tot_reconf_duration: 4.390000000000001
tot_sleeping_duration: 7071.32
tot_uptimes: 2
tot_uptimes_duration: 60.0
