comms_cons: 58.267276803553884
finished_reconf: true
global_termination_time: 500122.767
local_termination_time: 376.05859999999905
node_cons: 10308.371296819194
tot_aggregated_send: 4524
tot_msg_rcv: 1650
tot_msg_sent: 2685
tot_reconf_duration: 18.21
tot_sleeping_duration: 492442.6757999857
tot_uptimes: 129
tot_uptimes_duration: 7680.091200014329
