comms_cons: 12.979788799685357
finished_reconf: true
global_termination_time: 102626.72147999941
local_termination_time: 102626.72147999941
node_cons: 2229.734234958643
tot_aggregated_send: 928
tot_msg_rcv: 418
tot_msg_sent: 625
tot_reconf_duration: 37.410000000000004
tot_sleeping_duration: 100999.43884000042
tot_uptimes: 27
tot_uptimes_duration: 1627.2826399989935
