comms_cons: 14.913331199506946
finished_reconf: true
global_termination_time: 104020.947
local_termination_time: 33456.77936000001
node_cons: 2095.7820822383
tot_aggregated_send: 638
tot_msg_rcv: 813
tot_msg_sent: 815
tot_reconf_duration: 5.1
tot_sleeping_duration: 102460.93484000127
tot_uptimes: 27
tot_uptimes_duration: 1560.0121599987324
