comms_cons: 11.97414399997588
finished_reconf: true
global_termination_time: 108186.755
local_termination_time: 7440.29248
node_cons: 2181.57580335945
tot_aggregated_send: 870
tot_msg_rcv: 407
tot_msg_sent: 543
tot_reconf_duration: 9.11
tot_sleeping_duration: 106566.73676000042
tot_uptimes: 28
tot_uptimes_duration: 1620.0182399995902
