comms_cons: 12.998777599867982
finished_reconf: true
global_termination_time: 103770.622
local_termination_time: 23890.86936
node_cons: 2119.6556878406172
tot_aggregated_send: 580
tot_msg_rcv: 652
tot_msg_sent: 744
tot_reconf_duration: 22.65
tot_sleeping_duration: 102210.57943999955
tot_uptimes: 27
tot_uptimes_duration: 1560.04256000046
