comms_cons: 14.691980800011796
finished_reconf: true
global_termination_time: 106463.798
local_termination_time: 49937.149480000015
node_cons: 2181.9981759208263
tot_aggregated_send: 522
tot_msg_rcv: 668
tot_msg_sent: 1044
tot_reconf_duration: 9.42
tot_sleeping_duration: 104843.77871999938
tot_uptimes: 28
tot_uptimes_duration: 1620.019280000619
