comms_cons: 13.133638400124791
finished_reconf: true
global_termination_time: 102626.98023999992
local_termination_time: 46179.19248000001
node_cons: 2133.2944616004647
tot_aggregated_send: 580
tot_msg_rcv: 664
tot_msg_sent: 751
tot_reconf_duration: 18.700000000000003
tot_sleeping_duration: 101052.74583999957
tot_uptimes: 27
tot_uptimes_duration: 1574.2344000003504
