comms_cons: 425.71352326534134
finished_reconf: true
global_termination_time: 4206177.87548
local_termination_time: 4206177.83436
node_cons: 86595.4226310122
tot_aggregated_send: 58264
tot_msg_rcv: 2242
tot_msg_sent: 4200
tot_reconf_duration: 37.410000000000004
tot_sleeping_duration: 4141544.104120019
tot_uptimes: 1078
tot_uptimes_duration: 64633.771359981154
