comms_cons: 423.22286725648337
finished_reconf: true
global_termination_time: 4210644.296
local_termination_time: 232117.3852800008
node_cons: 86637.30970821375
tot_aggregated_send: 58928
tot_msg_rcv: 1892
tot_msg_sent: 3505
tot_reconf_duration: 18.21
tot_sleeping_duration: 4145959.769840018
tot_uptimes: 1079
tot_uptimes_duration: 64684.52615998211
