comms_cons: 417.39102723580334
finished_reconf: true
global_termination_time: 4206820.637
local_termination_time: 1639016.0250000001
node_cons: 86530.39520446578
tot_aggregated_send: 58577
tot_msg_rcv: 1723
tot_msg_sent: 3141
tot_reconf_duration: 3.08
tot_sleeping_duration: 4142200.612680009
tot_uptimes: 1078
tot_uptimes_duration: 64620.024319991004
