comms_cons: 424.9630912861011
finished_reconf: true
global_termination_time: 4208880.289
local_termination_time: 18245.792960000002
node_cons: 86542.39718781614
tot_aggregated_send: 58464
tot_msg_rcv: 2123
tot_msg_sent: 4003
tot_reconf_duration: 11.899999999999999
tot_sleeping_duration: 4144260.246440016
tot_uptimes: 1078
tot_uptimes_duration: 64620.04255998388
