comms_cons: 438.54651523710965
finished_reconf: true
global_termination_time: 4493425.212
local_termination_time: 2889320.97136
node_cons: 92397.93394111443
tot_aggregated_send: 62524
tot_msg_rcv: 1439
tot_msg_sent: 2693
tot_reconf_duration: 5.1
tot_sleeping_duration: 4424425.205920003
tot_uptimes: 1151
tot_uptimes_duration: 69000.00607999763
