comms_cons: 444.0696832154651
finished_reconf: true
global_termination_time: 4493144.548
local_termination_time: 3178891.75236
node_cons: 92408.88485999737
tot_aggregated_send: 64206
tot_msg_rcv: 1137
tot_msg_sent: 2153
tot_reconf_duration: 13.17
tot_sleeping_duration: 4424144.548
tot_uptimes: 1151
tot_uptimes_duration: 69000.0
