comms_cons: 450.2317696888107
finished_reconf: true
global_termination_time: 4498148.753
local_termination_time: 576805.4822799983
node_cons: 92477.9533911668
tot_aggregated_send: 62582
tot_msg_rcv: 1954
tot_msg_sent: 3895
tot_reconf_duration: 4.8100000000000005
tot_sleeping_duration: 4429088.692200023
tot_uptimes: 1152
tot_uptimes_duration: 69060.06079997704
