comms_cons: 447.8089664662632
finished_reconf: true
global_termination_time: 4497220.744
local_termination_time: 830416.4425999998
node_cons: 92482.0084066998
tot_aggregated_send: 62640
tot_msg_rcv: 1708
tot_msg_sent: 3716
tot_reconf_duration: 7.819999999999999
tot_sleeping_duration: 4428160.707520014
tot_uptimes: 1152
tot_uptimes_duration: 69060.03647998674
