comms_cons: 444.4246848498124
finished_reconf: true
global_termination_time: 4493707.016
local_termination_time: 984207.5003599998
node_cons: 92398.41464558279
tot_aggregated_send: 62234
tot_msg_rcv: 1771
tot_msg_sent: 3544
tot_reconf_duration: 5.43
tot_sleeping_duration: 4424706.9856000105
tot_uptimes: 1151
tot_uptimes_duration: 69000.0303999891
