comms_cons: 44.36417280059031
finished_reconf: true
global_termination_time: 443261.316
local_termination_time: 321238.76036
node_cons: 9112.793682242856
tot_aggregated_send: 5974
tot_msg_rcv: 266
tot_msg_sent: 503
tot_reconf_duration: 25.299999999999997
tot_sleeping_duration: 436481.30383999785
tot_uptimes: 114
tot_uptimes_duration: 6780.0121600021375
