comms_cons: 45.09383680036974
finished_reconf: true
global_termination_time: 443492.272
local_termination_time: 109355.08535999997
node_cons: 9084.960121121438
tot_aggregated_send: 5974
tot_msg_rcv: 301
tot_msg_sent: 579
tot_reconf_duration: 4.8100000000000005
tot_sleeping_duration: 436712.2659199989
tot_uptimes: 114
tot_uptimes_duration: 6780.006080001069
