comms_cons: 97.18136319826786
finished_reconf: true
global_termination_time: 987218.5731200001
local_termination_time: 158130.78892000028
node_cons: 20275.836341918428
tot_aggregated_send: 13746
tot_msg_rcv: 316
tot_msg_sent: 709
tot_reconf_duration: 6.22
tot_sleeping_duration: 972082.3598400013
tot_uptimes: 253
tot_uptimes_duration: 15136.213279998803
