comms_cons: 88.22773119851472
finished_reconf: true
global_termination_time: 884561.223
local_termination_time: 47249.7893600001
node_cons: 18187.59870000002
tot_aggregated_send: 12470
tot_msg_rcv: 323
tot_msg_sent: 617
tot_reconf_duration: 22.65
tot_sleeping_duration: 871001.223
tot_uptimes: 227
tot_uptimes_duration: 13560.0
