comms_cons: 35.71189760013188
finished_reconf: true
global_termination_time: 364050.514
local_termination_time: 275933.64552000037
node_cons: 7486.978980000005
tot_aggregated_send: 5336
tot_msg_rcv: 43
tot_msg_sent: 48
tot_reconf_duration: 11.31
tot_sleeping_duration: 358470.514
tot_uptimes: 94
tot_uptimes_duration: 5580.0
