comms_cons: 158.98389758663177
finished_reconf: true
global_termination_time: 1661619.947
local_termination_time: 2841.0961200000006
node_cons: 34178.998570069874
tot_aggregated_send: 21402
tot_msg_rcv: 941
tot_msg_sent: 1821
tot_reconf_duration: 25.35
tot_sleeping_duration: 1636119.8922800075
tot_uptimes: 426
tot_uptimes_duration: 25500.054719992448
