comms_cons: 49.536051200203964
finished_reconf: true
global_termination_time: 483335.05948000017
local_termination_time: 41206.55904000007
node_cons: 9908.303990960838
tot_aggregated_send: 6438
tot_msg_rcv: 387
tot_msg_sent: 705
tot_reconf_duration: 4.390000000000001
tot_sleeping_duration: 475939.7328399996
tot_uptimes: 124
tot_uptimes_duration: 7395.3266400006105
