comms_cons: 598.7356292665231
finished_reconf: true
global_termination_time: 3040115.653
local_termination_time: 2324.0373600000003
node_cons: 62522.42114223702
tot_aggregated_send: 0
tot_msg_rcv: 45879
tot_msg_sent: 45124
tot_reconf_duration: 13.17
tot_sleeping_duration: 2993435.6408400014
tot_uptimes: 779
tot_uptimes_duration: 46680.0121599987
