comms_cons: 299.7213567798474
finished_reconf: true
global_termination_time: 3044189.92
local_termination_time: 989371.4183599979
node_cons: 62600.237937503436
tot_aggregated_send: 41760
tot_msg_rcv: 1354
tot_msg_sent: 2442
tot_reconf_duration: 7.819999999999999
tot_sleeping_duration: 2997446.3663200117
tot_uptimes: 780
tot_uptimes_duration: 46743.55367998849
