comms_cons: 63.36427520064344
finished_reconf: true
global_termination_time: 638112.4674799999
local_termination_time: 638112.4263599999
node_cons: 13147.196083204402
tot_aggregated_send: 9092
tot_msg_rcv: 180
tot_msg_sent: 359
tot_reconf_duration: 24.59
tot_sleeping_duration: 628318.7386799967
tot_uptimes: 164
tot_uptimes_duration: 9793.728800003264
