comms_cons: 61.90076800053254
finished_reconf: true
global_termination_time: 639192.363
local_termination_time: 318303.9653600001
node_cons: 13099.561900000082
tot_aggregated_send: 8294
tot_msg_rcv: 319
tot_msg_sent: 795
tot_reconf_duration: 3.05
tot_sleeping_duration: 629412.363
tot_uptimes: 164
tot_uptimes_duration: 9780.0
