comms_cons: 484.2560640202119
finished_reconf: true
global_termination_time: 4958494.723
local_termination_time: 2986962.95136
node_cons: 101958.39394111402
tot_aggregated_send: 68382
tot_msg_rcv: 1791
tot_msg_sent: 3432
tot_reconf_duration: 5.1
tot_sleeping_duration: 4882354.716920003
tot_uptimes: 1270
tot_uptimes_duration: 76140.00607999763
