comms_cons: 490.9785664624062
finished_reconf: true
global_termination_time: 4957357.181
local_termination_time: 882187.2134799978
node_cons: 101958.07339116669
tot_aggregated_send: 69310
tot_msg_rcv: 1824
tot_msg_sent: 3491
tot_reconf_duration: 4.8100000000000005
tot_sleeping_duration: 4881217.120200023
tot_uptimes: 1270
tot_uptimes_duration: 76140.06079997728
