comms_cons: 482.0185088354425
finished_reconf: true
global_termination_time: 4957375.994
local_termination_time: 2317362.0048399987
node_cons: 101958.86650446555
tot_aggregated_send: 69020
tot_msg_rcv: 1281
tot_msg_sent: 2963
tot_reconf_duration: 5.43
tot_sleeping_duration: 4881235.969680009
tot_uptimes: 1270
tot_uptimes_duration: 76140.02431999124
