comms_cons: 135.717619190416
finished_reconf: true
global_termination_time: 1350817.54
local_termination_time: 168154.02336000005
node_cons: 27742.06988560259
tot_aggregated_send: 18270
tot_msg_rcv: 762
tot_msg_sent: 1597
tot_reconf_duration: 18.21
tot_sleeping_duration: 1330117.5095999981
tot_uptimes: 346
tot_uptimes_duration: 20700.03040000191
