comms_cons: 132.15141118959974
finished_reconf: true
global_termination_time: 1345033.395
local_termination_time: 439130.8454400002
node_cons: 27644.605471168376
tot_aggregated_send: 17110
tot_msg_rcv: 1106
tot_msg_sent: 1870
tot_reconf_duration: 5.57
tot_sleeping_duration: 1324393.3342000237
tot_uptimes: 345
tot_uptimes_duration: 20640.060799976345
