comms_cons: 132.60403198990417
finished_reconf: true
global_termination_time: 1345767.839
local_termination_time: 596286.7343599999
node_cons: 27643.942787817836
tot_aggregated_send: 17110
tot_msg_rcv: 1001
tot_msg_sent: 2045
tot_reconf_duration: 5.1
tot_sleeping_duration: 1325127.7964400165
tot_uptimes: 345
tot_uptimes_duration: 20640.04255998344
