comms_cons: 263.0975871859492
finished_reconf: true
global_termination_time: 2619236.207
local_termination_time: 280448.82236000005
node_cons: 53858.69045756585
tot_aggregated_send: 35496
tot_msg_rcv: 1529
tot_msg_sent: 2964
tot_reconf_duration: 22.65
tot_sleeping_duration: 2579036.1086000246
tot_uptimes: 671
tot_uptimes_duration: 40200.098399975104
