comms_cons: 258.66782719232435
finished_reconf: true
global_termination_time: 2615650.274
local_termination_time: 2310583.557
node_cons: 53789.336833036694
tot_aggregated_send: 37524
tot_msg_rcv: 610
tot_msg_sent: 1182
tot_reconf_duration: 18.700000000000003
tot_sleeping_duration: 2575497.964640002
tot_uptimes: 670
tot_uptimes_duration: 40152.30935999798
