comms_cons: 264.17747200560655
finished_reconf: true
global_termination_time: 2616465.632
local_termination_time: 382202.7243600001
node_cons: 53832.03145228531
tot_aggregated_send: 35612
tot_msg_rcv: 1473
tot_msg_sent: 3067
tot_reconf_duration: 3.05
tot_sleeping_duration: 2576265.5651200255
tot_uptimes: 671
tot_uptimes_duration: 40200.06687997468
