comms_cons: 267.8341504055094
finished_reconf: true
global_termination_time: 2616548.908
local_termination_time: 1178590.7196799985
node_cons: 53835.263492284845
tot_aggregated_send: 35322
tot_msg_rcv: 1838
tot_msg_sent: 3549
tot_reconf_duration: 5.43
tot_sleeping_duration: 2576348.841120025
tot_uptimes: 671
tot_uptimes_duration: 40200.066879974445
