comms_cons: 77.71351040030837
finished_reconf: true
global_termination_time: 799257.373
local_termination_time: 60721.24072000021
node_cons: 16405.528341121455
tot_aggregated_send: 11484
tot_msg_rcv: 105
tot_msg_sent: 223
tot_reconf_duration: 11.899999999999999
tot_sleeping_duration: 787017.3669199989
tot_uptimes: 205
tot_uptimes_duration: 12240.006080001069
