comms_cons: 79.24837119936569
finished_reconf: true
global_termination_time: 803484.213
local_termination_time: 450183.7044800001
node_cons: 16490.531720000057
tot_aggregated_send: 11658
tot_msg_rcv: 169
tot_msg_sent: 218
tot_reconf_duration: 15.34
tot_sleeping_duration: 791184.213
tot_uptimes: 206
tot_uptimes_duration: 12300.0
