comms_cons: 57.20217600518808
finished_reconf: true
global_termination_time: 422505.2180000009
local_termination_time: 422505.2180000009
node_cons: 8810.851856517
tot_aggregated_send: 2642
tot_msg_rcv: 2329
tot_msg_sent: 3726
tot_reconf_duration: 37.410000000000004
tot_sleeping_duration: 415962.9856799733
tot_uptimes: 109
tot_uptimes_duration: 6542.232320027622
