comms_cons: 42.87664640042877
finished_reconf: true
global_termination_time: 424129.311
local_termination_time: 82157.54635999996
node_cons: 8694.61300111916
tot_aggregated_send: 5742
tot_msg_rcv: 264
tot_msg_sent: 511
tot_reconf_duration: 13.17
tot_sleeping_duration: 417649.30492000066
tot_uptimes: 109
tot_uptimes_duration: 6480.006079999366
