comms_cons: 677.8896577313633
finished_reconf: true
global_termination_time: 6880043.521
local_termination_time: 3291615.91248
node_cons: 141496.6737066981
tot_aggregated_send: 95642
tot_msg_rcv: 2463
tot_msg_sent: 4930
tot_reconf_duration: 13.17
tot_sleeping_duration: 6774383.4845200125
tot_uptimes: 1762
tot_uptimes_duration: 105660.0364799872
