comms_cons: 672.3538305211036
finished_reconf: true
global_termination_time: 6879980.58
local_termination_time: 4486944.5906
node_cons: 141491.55678334666
tot_aggregated_send: 95468
tot_msg_rcv: 1976
tot_msg_sent: 4751
tot_reconf_duration: 9.42
tot_sleeping_duration: 6774320.5617600065
tot_uptimes: 1762
tot_uptimes_duration: 105660.0182399936
