comms_cons: 674.7690689180151
finished_reconf: true
global_termination_time: 6882620.554
local_termination_time: 4634444.183479999
node_cons: 141584.48274111148
tot_aggregated_send: 94250
tot_msg_rcv: 2809
tot_msg_sent: 5501
tot_reconf_duration: 18.700000000000003
tot_sleeping_duration: 6776900.547920002
tot_uptimes: 1763
tot_uptimes_duration: 105720.00607999787
