comms_cons: 2.407987199992043
finished_reconf: true
global_termination_time: 14609.321
local_termination_time: 6995.81036
node_cons: 245.20263999999992
tot_aggregated_send: 0
tot_msg_rcv: 193
tot_msg_sent: 172
tot_reconf_duration: 3.08
tot_sleeping_duration: 14429.321
tot_uptimes: 4
tot_uptimes_duration: 180.0
