comms_cons: 2.5490559999942195
finished_reconf: true
global_termination_time: 14507.65
local_termination_time: 4356.864440000003
node_cons: 252.0143611200064
tot_aggregated_send: 0
tot_msg_rcv: 219
tot_msg_sent: 168
tot_reconf_duration: 8.09
tot_sleeping_duration: 14327.643919999995
tot_uptimes: 4
tot_uptimes_duration: 180.00608000000466
