comms_cons: 1725.4153270957322
finished_reconf: true
global_termination_time: 8752440.548079997
local_termination_time: 502.87347999999906
node_cons: 180128.11149804536
tot_aggregated_send: 0
tot_msg_rcv: 132235
tot_msg_sent: 130011
tot_reconf_duration: 18.21
tot_sleeping_duration: 8617934.66136002
tot_uptimes: 2242
tot_uptimes_duration: 134505.88671997888
