comms_cons: 867.7452162230118
finished_reconf: true
global_termination_time: 8753062.308
local_termination_time: 2830821.68444
node_cons: 180050.5252278137
tot_aggregated_send: 121046
tot_msg_rcv: 3588
tot_msg_sent: 7257
tot_reconf_duration: 6.279999999999999
tot_sleeping_duration: 8618602.265440015
tot_uptimes: 2242
tot_uptimes_duration: 134460.04255998484
