comms_cons: 872.9066818068952
finished_reconf: true
global_termination_time: 8754544.304
local_termination_time: 505012.59816000034
node_cons: 180048.54525004703
tot_aggregated_send: 122844
tot_msg_rcv: 3265
tot_msg_sent: 6567
tot_reconf_duration: 4.8100000000000005
tot_sleeping_duration: 8620084.249280019
tot_uptimes: 2242
tot_uptimes_duration: 134460.0547199801
