comms_cons: 872.9307586297004
finished_reconf: true
global_termination_time: 8758452.828
local_termination_time: 718626.1063599999
node_cons: 180128.3067489302
tot_aggregated_send: 122148
tot_msg_rcv: 3590
tot_msg_sent: 6941
tot_reconf_duration: 4.390000000000001
tot_sleeping_duration: 8623932.779360019
tot_uptimes: 2243
tot_uptimes_duration: 134520.04863998247
