comms_cons: 871.451001817212
finished_reconf: true
global_termination_time: 8752451.001
local_termination_time: 1661052.3465999998
node_cons: 180057.3641089309
tot_aggregated_send: 121510
tot_msg_rcv: 3747
tot_msg_sent: 7197
tot_reconf_duration: 11.31
tot_sleeping_duration: 8617990.952360017
tot_uptimes: 2242
tot_uptimes_duration: 134460.04863998294
