comms_cons: 871.9085442114617
finished_reconf: true
global_termination_time: 8753935.82
local_termination_time: 2642454.596719999
node_cons: 180049.37906893104
tot_aggregated_send: 121742
tot_msg_rcv: 3638
tot_msg_sent: 7144
tot_reconf_duration: 5.43
tot_sleeping_duration: 8619475.771360017
tot_uptimes: 2242
tot_uptimes_duration: 134460.04863998294
