comms_cons: 282.93937280789453
finished_reconf: true
global_termination_time: 2809336.959
local_termination_time: 241682.42736000006
node_cons: 57875.58312334977
tot_aggregated_send: 39440
tot_msg_rcv: 1259
tot_msg_sent: 2306
tot_reconf_duration: 22.65
tot_sleeping_duration: 2766136.9407600067
tot_uptimes: 720
tot_uptimes_duration: 43200.01823999314
