comms_cons: 279.5765247962137
finished_reconf: false
global_termination_time: 2807863.26
local_termination_time: 0
node_cons: 57844.79999999896
tot_aggregated_send: 40310
tot_msg_rcv: 734
tot_msg_sent: 1450
tot_reconf_duration: 0
tot_sleeping_duration: 2764663.26
tot_uptimes: 720
tot_uptimes_duration: 43200.0
