comms_cons: 95.24833279595613
finished_reconf: true
global_termination_time: 959922.341
local_termination_time: 424733.96884000057
node_cons: 19703.851944476537
tot_aggregated_send: 12760
tot_msg_rcv: 525
tot_msg_sent: 1194
tot_reconf_duration: 15.110000000000001
tot_sleeping_duration: 945222.3166800026
tot_uptimes: 246
tot_uptimes_duration: 14700.024319997407
