comms_cons: 69.48293119909073
finished_reconf: true
global_termination_time: 686296.92
local_termination_time: 162515.36236000006
node_cons: 14067.06406000003
tot_aggregated_send: 9338
tot_msg_rcv: 413
tot_msg_sent: 810
tot_reconf_duration: 5.57
tot_sleeping_duration: 675796.92
tot_uptimes: 176
tot_uptimes_duration: 10500.0
