comms_cons: 72.31856639599043
finished_reconf: true
global_termination_time: 686724.713
local_termination_time: 120334.63167999986
node_cons: 14066.482787845443
tot_aggregated_send: 8642
tot_msg_rcv: 835
tot_msg_sent: 1515
tot_reconf_duration: 5.1
tot_sleeping_duration: 676224.6704399959
tot_uptimes: 176
tot_uptimes_duration: 10500.042560004047
