comms_cons: 66.91548800124352
finished_reconf: true
global_termination_time: 682945.972
local_termination_time: 242451.82936000003
node_cons: 13983.326323364296
tot_aggregated_send: 8816
tot_msg_rcv: 466
tot_msg_sent: 888
tot_reconf_duration: 3.05
tot_sleeping_duration: 672505.9537599967
tot_uptimes: 175
tot_uptimes_duration: 10440.018240003206
