comms_cons: 50.19992320046865
finished_reconf: true
global_termination_time: 508281.26024000044
local_termination_time: 269913.15536000003
node_cons: 10542.24613160347
tot_aggregated_send: 7076
tot_msg_rcv: 162
tot_msg_sent: 391
tot_reconf_duration: 25.299999999999997
tot_sleeping_duration: 500433.69583999785
tot_uptimes: 131
tot_uptimes_duration: 7847.564400002593
