comms_cons: 52.607283201722204
finished_reconf: true
global_termination_time: 510179.832
local_termination_time: 277967.37948000006
node_cons: 10450.764544485733
tot_aggregated_send: 6728
tot_msg_rcv: 452
tot_msg_sent: 816
tot_reconf_duration: 4.8100000000000005
tot_sleeping_duration: 502379.8076799957
tot_uptimes: 131
tot_uptimes_duration: 7800.024320004275
