comms_cons: 52.447705601010284
finished_reconf: true
global_termination_time: 510774.862
local_termination_time: 123268.13335999998
node_cons: 10454.835842242885
tot_aggregated_send: 6670
tot_msg_rcv: 435
tot_msg_sent: 867
tot_reconf_duration: 7.819999999999999
tot_sleeping_duration: 502974.8498399979
tot_uptimes: 131
tot_uptimes_duration: 7800.0121600021375
