comms_cons: 12.435315199909116
finished_reconf: true
global_termination_time: 123404.848
local_termination_time: 9854.830240000005
node_cons: 2532.4997533600085
tot_aggregated_send: 1624
tot_msg_rcv: 97
tot_msg_sent: 170
tot_reconf_duration: 18.21
tot_sleeping_duration: 121531.97975999999
tot_uptimes: 32
tot_uptimes_duration: 1872.8682400000052
