comms_cons: 11.592550399980315
finished_reconf: true
global_termination_time: 118816.16095999985
local_termination_time: 118800.84647999995
node_cons: 2449.3084574398
tot_aggregated_send: 1740
tot_msg_rcv: 14
tot_msg_sent: 8
tot_reconf_duration: 4.8100000000000005
tot_sleeping_duration: 116991.832
tot_uptimes: 31
tot_uptimes_duration: 1824.3289599998534
