comms_cons: 23.21702399903079
finished_reconf: true
global_termination_time: 120692.757
local_termination_time: 1902.7603600000004
node_cons: 2414.3419
tot_aggregated_send: 0
tot_msg_rcv: 1788
tot_msg_sent: 1740
tot_reconf_duration: 3.05
tot_sleeping_duration: 118892.757
tot_uptimes: 31
tot_uptimes_duration: 1800.0
