comms_cons: 176.26659842068113
finished_reconf: true
global_termination_time: 363312.1148800009
local_termination_time: 363312.1148800009
node_cons: 22144.122829285297
tot_aggregated_send: 0
tot_msg_rcv: 10840
tot_msg_sent: 15951
tot_reconf_duration: 24.59
tot_sleeping_duration: 346799.24735999695
tot_uptimes: 272
tot_uptimes_duration: 16512.86752000392
