comms_cons: 37.35011840063321
finished_reconf: true
global_termination_time: 363313.0823600002
local_termination_time: 158919.01436000006
node_cons: 7501.976082404534
tot_aggregated_send: 4988
tot_msg_rcv: 282
tot_msg_sent: 407
tot_reconf_duration: 6.279999999999999
tot_sleeping_duration: 357716.7807599968
tot_uptimes: 94
tot_uptimes_duration: 5596.301600003382
