comms_cons: 36.20533760040599
finished_reconf: true
global_termination_time: 364678.212
local_termination_time: 192757.8257200001
node_cons: 7489.513001121457
tot_aggregated_send: 5046
tot_msg_rcv: 121
tot_msg_sent: 336
tot_reconf_duration: 13.17
tot_sleeping_duration: 359098.20591999893
tot_uptimes: 94
tot_uptimes_duration: 5580.006080001069
