comms_cons: 664.1015879660048
finished_reconf: true
global_termination_time: 3374999.574039996
local_termination_time: 2483.4433600000007
node_cons: 69494.86796990405
tot_aggregated_send: 0
tot_msg_rcv: 50779
tot_msg_sent: 50157
tot_reconf_duration: 6.22
tot_sleeping_duration: 3323105.308760007
tot_uptimes: 865
tot_uptimes_duration: 51894.265279989224
