comms_cons: 0.9816448000014479
finished_reconf: true
global_termination_time: 5806.156000000001
local_termination_time: 1285.0563600000003
node_cons: 87.9040599999999
tot_aggregated_send: 0
tot_msg_rcv: 96
tot_msg_sent: 53
tot_reconf_duration: 5.57
tot_sleeping_duration: 5746.156000000001
tot_uptimes: 2
tot_uptimes_duration: 60.00000000000091
