comms_cons: 12.001088000127138
finished_reconf: true
global_termination_time: 95448.614
local_termination_time: 38695.70436000002
node_cons: 1939.2032078383409
tot_aggregated_send: 464
tot_msg_rcv: 430
tot_msg_sent: 930
tot_reconf_duration: 8.09
tot_sleeping_duration: 94008.57144000124
tot_uptimes: 25
tot_uptimes_duration: 1440.0425599987575
