comms_cons: 11.185267199816955
finished_reconf: true
global_termination_time: 96518.813
local_termination_time: 12441.319080000005
node_cons: 1934.7001211191523
tot_aggregated_send: 928
tot_msg_rcv: 361
tot_msg_sent: 412
tot_reconf_duration: 4.8100000000000005
tot_sleeping_duration: 95078.80692000063
tot_uptimes: 25
tot_uptimes_duration: 1440.0060799993662
