comms_cons: 259.2458239904619
finished_reconf: true
global_termination_time: 2609394.66
local_termination_time: 1392355.1014799988
node_cons: 53675.66452223348
tot_aggregated_send: 37004
tot_msg_rcv: 831
tot_msg_sent: 1568
tot_reconf_duration: 6.279999999999999
tot_sleeping_duration: 2569314.6478400044
tot_uptimes: 669
tot_uptimes_duration: 40080.012159995735
