comms_cons: 263.66069759888677
finished_reconf: true
global_termination_time: 2611807.935
local_termination_time: 459702.85536000005
node_cons: 53677.78026558395
tot_aggregated_send: 35786
tot_msg_rcv: 1330
tot_msg_sent: 2958
tot_reconf_duration: 7.819999999999999
tot_sleeping_duration: 2571727.904600011
tot_uptimes: 669
tot_uptimes_duration: 40080.03039998864
