comms_cons: 262.9896896059382
finished_reconf: true
global_termination_time: 2609386.986
local_termination_time: 4568.685000000002
node_cons: 53675.60746558363
tot_aggregated_send: 36192
tot_msg_rcv: 1225
tot_msg_sent: 2555
tot_reconf_duration: 6.22
tot_sleeping_duration: 2569306.9556000116
tot_uptimes: 669
tot_uptimes_duration: 40080.030399988405
