comms_cons: 262.37880321125715
finished_reconf: true
global_termination_time: 2609229.6298399987
local_termination_time: 2609229.5887199985
node_cons: 53758.3290975822
tot_aggregated_send: 36410
tot_msg_rcv: 1104
tot_msg_sent: 2365
tot_reconf_duration: 24.59
tot_sleeping_duration: 2569106.451440011
tot_uptimes: 669
tot_uptimes_duration: 40123.17839998756
