comms_cons: 14.941990399581812
finished_reconf: true
global_termination_time: 146375.372
local_termination_time: 5776.891999999999
node_cons: 2981.409667836059
tot_aggregated_send: 1211
tot_msg_rcv: 410
tot_msg_sent: 650
tot_reconf_duration: 6.46
tot_sleeping_duration: 144155.32944000294
tot_uptimes: 38
tot_uptimes_duration: 2220.042559997055
