comms_cons: 33.21838080090385
finished_reconf: true
global_termination_time: 326700.296
local_termination_time: 220976.77536000006
node_cons: 6686.129283364317
tot_aggregated_send: 4292
tot_msg_rcv: 244
tot_msg_sent: 513
tot_reconf_duration: 13.17
tot_sleeping_duration: 321720.27775999677
tot_uptimes: 84
tot_uptimes_duration: 4980.018240003206
