comms_cons: 32.849945600430175
finished_reconf: true
global_termination_time: 326136.729
local_termination_time: 205287.01508000016
node_cons: 6674.760121121435
tot_aggregated_send: 4524
tot_msg_rcv: 182
tot_msg_sent: 287
tot_reconf_duration: 4.8100000000000005
tot_sleeping_duration: 321156.7229199989
tot_uptimes: 84
tot_uptimes_duration: 4980.006080001069
