comms_cons: 33.430662400655834
finished_reconf: true
global_termination_time: 322935.5044800002
local_termination_time: 2714.0374800000004
node_cons: 6611.1918809630915
tot_aggregated_send: 4176
tot_msg_rcv: 319
tot_msg_sent: 585
tot_reconf_duration: 3.05
tot_sleeping_duration: 318001.1878399979
tot_uptimes: 83
tot_uptimes_duration: 4934.316640002304
