comms_cons: 33.09337600047769
finished_reconf: true
global_termination_time: 325351.154
local_termination_time: 58919.86280000015
node_cons: 6676.683042240591
tot_aggregated_send: 4350
tot_msg_rcv: 218
tot_msg_sent: 462
tot_reconf_duration: 6.22
tot_sleeping_duration: 320371.14183999953
tot_uptimes: 84
tot_uptimes_duration: 4980.012160000435
