comms_cons: 87.87516161145429
finished_reconf: true
global_termination_time: 446841.641
local_termination_time: 1043.5883600000002
node_cons: 9183.526564887054
tot_aggregated_send: 0
tot_msg_rcv: 6751
tot_msg_sent: 6604
tot_reconf_duration: 18.21
tot_sleeping_duration: 440001.61307999474
tot_uptimes: 115
tot_uptimes_duration: 6840.027920005261
