comms_cons: 44.90161920094505
finished_reconf: true
global_termination_time: 444439.8491200002
local_termination_time: 1087.7924800000005
node_cons: 9111.53332640722
tot_aggregated_send: 5626
tot_msg_rcv: 376
tot_msg_sent: 822
tot_reconf_duration: 4.390000000000001
tot_sleeping_duration: 437639.5715199948
tot_uptimes: 114
tot_uptimes_duration: 6800.2776000053855
