comms_cons: 146.31482878672662
finished_reconf: true
global_termination_time: 1422863.053
local_termination_time: 208408.24336000005
node_cons: 29247.942605593387
tot_aggregated_send: 18966
tot_msg_rcv: 1118
tot_msg_sent: 2155
tot_reconf_duration: 3.05
tot_sleeping_duration: 1401023.022600005
tot_uptimes: 365
tot_uptimes_duration: 21840.03039999504
