comms_cons: 140.2817023958953
finished_reconf: true
global_termination_time: 1419563.023
local_termination_time: 305668.8160800006
node_cons: 29170.793940000036
tot_aggregated_send: 20474
tot_msg_rcv: 273
tot_msg_sent: 575
tot_reconf_duration: 5.43
tot_sleeping_duration: 1397783.023
tot_uptimes: 364
tot_uptimes_duration: 21780.0
