comms_cons: 15.25058559988219
finished_reconf: true
global_termination_time: 142129.42312000002
local_termination_time: 142129.382
node_cons: 2939.7693107991895
tot_aggregated_send: 1610
tot_msg_rcv: 231
tot_msg_sent: 477
tot_reconf_duration: 24.59
tot_sleeping_duration: 139958.86592000065
tot_uptimes: 37
tot_uptimes_duration: 2170.5571999993845
