comms_cons: 16.38408959974433
finished_reconf: true
global_termination_time: 142345.916
local_termination_time: 66819.88235999996
node_cons: 2910.1574244777435
tot_aggregated_send: 1044
tot_msg_rcv: 511
tot_msg_sent: 937
tot_reconf_duration: 13.17
tot_sleeping_duration: 140185.8916800017
tot_uptimes: 37
tot_uptimes_duration: 2160.024319998316
