comms_cons: 0.8881919999995247
finished_reconf: true
global_termination_time: 4154.17
local_termination_time: 945.7733599999999
node_cons: 86.30161999999999
tot_aggregated_send: 0
tot_msg_rcv: 80
tot_msg_sent: 54
tot_reconf_duration: 4.390000000000001
tot_sleeping_duration: 4094.17
tot_uptimes: 2
tot_uptimes_duration: 60.0
