comms_cons: 153.81511679589747
finished_reconf: true
global_termination_time: 1553391.313
local_termination_time: 899731.9690799987
node_cons: 31983.848240000087
tot_aggregated_send: 22562
tot_msg_rcv: 300
tot_msg_sent: 517
tot_reconf_duration: 6.279999999999999
tot_sleeping_duration: 1529511.313
tot_uptimes: 398
tot_uptimes_duration: 23880.0
