comms_cons: 154.86021759213452
finished_reconf: true
global_termination_time: 1556157.049
local_termination_time: 1016177.0357199997
node_cons: 31982.884059999982
tot_aggregated_send: 21982
tot_msg_rcv: 456
tot_msg_sent: 1099
tot_reconf_duration: 5.57
tot_sleeping_duration: 1532277.049
tot_uptimes: 399
tot_uptimes_duration: 23880.0
