comms_cons: 154.77323519461956
finished_reconf: true
global_termination_time: 1555402.982
local_termination_time: 963964.9103199996
node_cons: 32009.677400000113
tot_aggregated_send: 22098
tot_msg_rcv: 464
tot_msg_sent: 962
tot_reconf_duration: 25.299999999999997
tot_sleeping_duration: 1531522.982
tot_uptimes: 399
tot_uptimes_duration: 23880.0
