comms_cons: 153.22298879472797
finished_reconf: true
global_termination_time: 1553440.676
local_termination_time: 821120.0843599999
node_cons: 31915.811720000005
tot_aggregated_send: 22388
tot_msg_rcv: 277
tot_msg_sent: 624
tot_reconf_duration: 15.34
tot_sleeping_duration: 1529620.676
tot_uptimes: 398
tot_uptimes_duration: 23820.0
