comms_cons: 270.3919616202038
finished_reconf: true
global_termination_time: 2811240.182
local_termination_time: 5785.209
node_cons: 57850.18852334947
tot_aggregated_send: 39377
tot_msg_rcv: 542
tot_msg_sent: 1179
tot_reconf_duration: 3.95
tot_sleeping_duration: 2768040.163760007
tot_uptimes: 720
tot_uptimes_duration: 43200.0182399929
