comms_cons: 274.64790404027286
finished_reconf: true
global_termination_time: 2810975.612
local_termination_time: 4214.524
node_cons: 57877.307783349774
tot_aggregated_send: 38547
tot_msg_rcv: 1100
tot_msg_sent: 2097
tot_reconf_duration: 23.919999999999998
tot_sleeping_duration: 2767775.593760007
tot_uptimes: 720
tot_uptimes_duration: 43200.01823999314
