comms_cons: 276.29310083831587
finished_reconf: true
global_termination_time: 2811157.435
local_termination_time: 5509.829000000001
node_cons: 57853.605244466926
tot_aggregated_send: 38679
tot_msg_rcv: 1152
tot_msg_sent: 2163
tot_reconf_duration: 6.46
tot_sleeping_duration: 2767957.410680009
tot_uptimes: 720
tot_uptimes_duration: 43200.024319991004
