comms_cons: 1003.4925334889548
finished_reconf: true
global_termination_time: 5093954.662599998
local_termination_time: 570.6030399999995
node_cons: 104808.66661062794
tot_aggregated_send: 0
tot_msg_rcv: 76890
tot_msg_sent: 75631
tot_reconf_duration: 18.21
tot_sleeping_duration: 5015699.294840004
tot_uptimes: 1305
tot_uptimes_duration: 78255.3677599933
