comms_cons: 75.01008640037665
finished_reconf: true
global_termination_time: 759302.224
local_termination_time: 140799.78120000064
node_cons: 15606.79172000002
tot_aggregated_send: 11020
tot_msg_rcv: 163
tot_msg_sent: 218
tot_reconf_duration: 15.34
tot_sleeping_duration: 747662.224
tot_uptimes: 195
tot_uptimes_duration: 11640.0
