comms_cons: 106.68172799495619
finished_reconf: true
global_termination_time: 1026477.985
local_termination_time: 448379.01548
node_cons: 21074.49088224283
tot_aggregated_send: 13746
tot_msg_rcv: 1034
tot_msg_sent: 1435
tot_reconf_duration: 18.700000000000003
tot_sleeping_duration: 1010757.9728399978
tot_uptimes: 263
tot_uptimes_duration: 15720.012160002138
