comms_cons: 183.5815295213817
finished_reconf: true
global_termination_time: 1026292.643
local_termination_time: 241686.46036000006
node_cons: 21057.551183364325
tot_aggregated_send: 0
tot_msg_rcv: 14211
tot_msg_sent: 13691
tot_reconf_duration: 6.22
tot_sleeping_duration: 1010572.6247599969
tot_uptimes: 263
tot_uptimes_duration: 15720.018240003206
