comms_cons: 381.78439680416585
finished_reconf: true
global_termination_time: 3939678.906
local_termination_time: 1505177.54036
node_cons: 80986.93520446603
tot_aggregated_send: 55158
tot_msg_rcv: 1014
tot_msg_sent: 1857
tot_reconf_duration: 3.08
tot_sleeping_duration: 3879198.881680009
tot_uptimes: 1009
tot_uptimes_duration: 60480.024319991004
