comms_cons: 396.6515712341145
finished_reconf: true
global_termination_time: 3937453.246
local_termination_time: 333023.647
node_cons: 81020.46403628949
tot_aggregated_send: 54692
tot_msg_rcv: 1932
tot_msg_sent: 3662
tot_reconf_duration: 18.700000000000003
tot_sleeping_duration: 3876964.023120021
tot_uptimes: 1009
tot_uptimes_duration: 60489.22287997877
