comms_cons: 399.5880960649106
finished_reconf: true
global_termination_time: 3935438.46
local_termination_time: 244380.18560000052
node_cons: 80917.35743420383
tot_aggregated_send: 53650
tot_msg_rcv: 2379
tot_msg_sent: 4705
tot_reconf_duration: 10.95
tot_sleeping_duration: 3875018.3798400257
tot_uptimes: 1008
tot_uptimes_duration: 60420.08015997452
