comms_cons: 181.84811518693581
finished_reconf: true
global_termination_time: 1805864.419
local_termination_time: 519714.1993600001
node_cons: 37147.87126446723
tot_aggregated_send: 25404
tot_msg_rcv: 857
tot_msg_sent: 1378
tot_reconf_duration: 22.65
tot_sleeping_duration: 1778144.3946800095
tot_uptimes: 463
tot_uptimes_duration: 27720.024319990538
