comms_cons: 182.45998078786656
finished_reconf: true
global_termination_time: 1809237.382
local_termination_time: 37577.90448000001
node_cons: 37203.97640335035
tot_aggregated_send: 25288
tot_msg_rcv: 879
tot_msg_sent: 1566
tot_reconf_duration: 4.8100000000000005
tot_sleeping_duration: 1781457.363760007
tot_uptimes: 464
tot_uptimes_duration: 27780.018239992904
