comms_cons: 355.4288509155314
finished_reconf: true
global_termination_time: 1805355.0176
local_termination_time: 3016.79736
node_cons: 37143.6190506357
tot_aggregated_send: 0
tot_msg_rcv: 27218
tot_msg_sent: 26802
tot_reconf_duration: 4.390000000000001
tot_sleeping_duration: 1777619.6498400029
tot_uptimes: 463
tot_uptimes_duration: 27735.367759996894
