comms_cons: 872.9404088973297
finished_reconf: true
global_termination_time: 1805354.4175999998
local_termination_time: 1805354.3764799999
node_cons: 109564.30031910539
tot_aggregated_send: 0
tot_msg_rcv: 53659
tot_msg_sent: 79024
tot_reconf_duration: 24.59
tot_sleeping_duration: 1723553.8895200086
tot_uptimes: 1339
tot_uptimes_duration: 81800.52807999137
