comms_cons: 180.33492478967068
finished_reconf: true
global_termination_time: 1805562.253
local_termination_time: 115740.44359999996
node_cons: 37127.715842233534
tot_aggregated_send: 25636
tot_msg_rcv: 616
tot_msg_sent: 1157
tot_reconf_duration: 7.819999999999999
tot_sleeping_duration: 1777842.2408400048
tot_uptimes: 463
tot_uptimes_duration: 27720.01215999527
