comms_cons: 944.1920194519103
finished_reconf: true
global_termination_time: 9491443.706
local_termination_time: 1800313.6344799998
node_cons: 195234.79336892988
tot_aggregated_send: 132066
tot_msg_rcv: 3826
tot_msg_sent: 7618
tot_reconf_duration: 6.279999999999999
tot_sleeping_duration: 9345643.657360017
tot_uptimes: 2431
tot_uptimes_duration: 145800.0486399827
