comms_cons: 925.790604889166
finished_reconf: true
global_termination_time: 9491338.418
local_termination_time: 6161569.708279998
node_cons: 195242.3683411094
tot_aggregated_send: 135952
tot_msg_rcv: 1569
tot_msg_sent: 3193
tot_reconf_duration: 11.899999999999999
tot_sleeping_duration: 9345538.411920002
tot_uptimes: 2431
tot_uptimes_duration: 145800.00607999787
