comms_cons: 68.96975359903944
finished_reconf: true
global_termination_time: 688677.102
local_termination_time: 147080.13048000005
node_cons: 14164.58546224287
tot_aggregated_send: 9338
tot_msg_rcv: 400
tot_msg_sent: 745
tot_reconf_duration: 18.21
tot_sleeping_duration: 678117.0898399978
tot_uptimes: 177
tot_uptimes_duration: 10560.012160002138
