comms_cons: 70.60797439691905
finished_reconf: true
global_termination_time: 685763.7985999988
local_termination_time: 685763.7574799989
node_cons: 14147.902339365199
tot_aggregated_send: 8860
tot_msg_rcv: 553
tot_msg_sent: 1318
tot_reconf_duration: 24.59
tot_sleeping_duration: 675222.716359995
tot_uptimes: 176
tot_uptimes_duration: 10541.08224000386
