comms_cons: 175.33470712971268
finished_reconf: true
global_termination_time: 891001.8455999999
local_termination_time: 65.45503999999997
node_cons: 18353.440128399885
tot_aggregated_send: 0
tot_msg_rcv: 13424
tot_msg_sent: 13224
tot_reconf_duration: 11.31
tot_sleeping_duration: 877306.49
tot_uptimes: 229
tot_uptimes_duration: 13695.355599999893
