comms_cons: 69.4697728000419
finished_reconf: true
global_termination_time: 689255.836
local_termination_time: 385862.21736000007
node_cons: 14160.696143359748
tot_aggregated_send: 8816
tot_msg_rcv: 609
tot_msg_sent: 1134
tot_reconf_duration: 15.34
tot_sleeping_duration: 678695.8177600002
tot_uptimes: 177
tot_uptimes_duration: 10560.018239999772
