comms_cons: 67.81111679913977
finished_reconf: true
global_termination_time: 689111.135
local_termination_time: 329134.62136000005
node_cons: 14148.400804476505
tot_aggregated_send: 9164
tot_msg_rcv: 324
tot_msg_sent: 817
tot_reconf_duration: 6.279999999999999
tot_sleeping_duration: 678551.1106800026
tot_uptimes: 177
tot_uptimes_duration: 10560.024319997407
