comms_cons: 62.73987839867215
finished_reconf: true
global_termination_time: 631806.513
local_termination_time: 5957.048
node_cons: 12964.1977222406
tot_aggregated_send: 8853
tot_msg_rcv: 217
tot_msg_sent: 466
tot_reconf_duration: 21.68
tot_sleeping_duration: 622146.5008399996
tot_uptimes: 162
tot_uptimes_duration: 9660.012160000435
