comms_cons: 62.213542399827
finished_reconf: true
global_termination_time: 631025.847
local_termination_time: 1902.54724
node_cons: 12940.11224112145
tot_aggregated_send: 8990
tot_msg_rcv: 120
tot_msg_sent: 346
tot_reconf_duration: 3.95
tot_sleeping_duration: 621365.8409199989
tot_uptimes: 162
tot_uptimes_duration: 9660.006080001069
