comms_cons: 62.7606016004113
finished_reconf: true
global_termination_time: 635736.23
local_termination_time: 3939.186
node_cons: 13020.615201121449
tot_aggregated_send: 9045
tot_msg_rcv: 146
tot_msg_sent: 349
tot_reconf_duration: 4.07
tot_sleeping_duration: 626016.223919999
tot_uptimes: 163
tot_uptimes_duration: 9720.006080001069
