comms_cons: 62.04787839947611
finished_reconf: true
global_termination_time: 629407.839
local_termination_time: 7215.782
node_cons: 12956.489721121448
tot_aggregated_send: 9090
tot_msg_rcv: 107
tot_msg_sent: 234
tot_reconf_duration: 16.009999999999998
tot_sleeping_duration: 619747.832919999
tot_uptimes: 162
tot_uptimes_duration: 9660.006080001069
