comms_cons: 66.97625599954476
finished_reconf: true
global_termination_time: 673837.971
local_termination_time: 301711.31952000037
node_cons: 13825.011980000018
tot_aggregated_send: 9628
tot_msg_rcv: 208
tot_msg_sent: 344
tot_reconf_duration: 4.8100000000000005
tot_sleeping_duration: 663517.971
tot_uptimes: 173
tot_uptimes_duration: 10320.0
