comms_cons: 65.7327871991513
finished_reconf: true
global_termination_time: 674152.136
local_termination_time: 385238.22336000006
node_cons: 13829.09956000003
tot_aggregated_send: 9628
tot_msg_rcv: 133
tot_msg_sent: 230
tot_reconf_duration: 7.819999999999999
tot_sleeping_duration: 663832.136
tot_uptimes: 173
tot_uptimes_duration: 10320.0
