comms_cons: 309.8770496222741
finished_reconf: true
global_termination_time: 3075672.894
local_termination_time: 31619.158320000006
node_cons: 63236.1775466142
tot_aggregated_send: 42978
tot_msg_rcv: 1448
tot_msg_sent: 2673
tot_reconf_duration: 6.279999999999999
tot_sleeping_duration: 3028452.8422400183
tot_uptimes: 788
tot_uptimes_duration: 47220.05175998167
