comms_cons: 306.8849984244745
finished_reconf: true
global_termination_time: 3076082.422
local_termination_time: 627945.3064799989
node_cons: 63238.606925583474
tot_aggregated_send: 42862
tot_msg_rcv: 1342
tot_msg_sent: 2440
tot_reconf_duration: 8.09
tot_sleeping_duration: 3028862.391600011
tot_uptimes: 788
tot_uptimes_duration: 47220.03039998864
