comms_cons: 313.4132352297625
finished_reconf: true
global_termination_time: 3076738.168
local_termination_time: 1325904.1209199983
node_cons: 63236.067465583175
tot_aggregated_send: 41702
tot_msg_rcv: 1988
tot_msg_sent: 3946
tot_reconf_duration: 6.22
tot_sleeping_duration: 3029518.1376000117
tot_uptimes: 788
tot_uptimes_duration: 47220.030399988405
