comms_cons: 311.0227904256186
finished_reconf: true
global_termination_time: 3078534.997
local_termination_time: 775709.1163599999
node_cons: 63328.80870781714
tot_aggregated_send: 42688
tot_msg_rcv: 1574
tot_msg_sent: 3011
tot_reconf_duration: 15.34
tot_sleeping_duration: 3031254.9544400163
tot_uptimes: 789
tot_uptimes_duration: 47280.04255998391
