comms_cons: 2.263871999994386
finished_reconf: true
global_termination_time: 14360.532
local_termination_time: 5775.988360000001
node_cons: 251.63956000000084
tot_aggregated_send: 0
tot_msg_rcv: 177
tot_msg_sent: 167
tot_reconf_duration: 7.819999999999999
tot_sleeping_duration: 14180.532
tot_uptimes: 4
tot_uptimes_duration: 180.0
