comms_cons: 214.42270719099423
finished_reconf: true
global_termination_time: 2167909.99
local_termination_time: 673996.4817199998
node_cons: 44595.62579999951
tot_aggregated_send: 30798
tot_msg_rcv: 537
tot_msg_sent: 1256
tot_reconf_duration: 5.1
tot_sleeping_duration: 2134609.99
tot_uptimes: 556
tot_uptimes_duration: 33300.0
