comms_cons: 212.06077439695665
finished_reconf: true
global_termination_time: 2169519.306
local_termination_time: 1410706.9623599988
node_cons: 44606.58485999944
tot_aggregated_send: 31204
tot_msg_rcv: 342
tot_msg_sent: 686
tot_reconf_duration: 13.17
tot_sleeping_duration: 2136219.306
tot_uptimes: 556
tot_uptimes_duration: 33300.0
