comms_cons: 210.7054591889534
finished_reconf: true
global_termination_time: 2168384.549
local_termination_time: 1338871.6639599996
node_cons: 44597.17932447143
tot_aggregated_send: 29406
tot_msg_rcv: 841
tot_msg_sent: 1779
tot_reconf_duration: 6.22
tot_sleeping_duration: 2135084.524680006
tot_uptimes: 556
tot_uptimes_duration: 33300.02431999397
