comms_cons: 56.65163520513999
finished_reconf: true
global_termination_time: 276696.99960000016
local_termination_time: 1594.3640400000015
node_cons: 5669.122892882558
tot_aggregated_send: 0
tot_msg_rcv: 4538
tot_msg_sent: 4068
tot_reconf_duration: 18.21
tot_sleeping_duration: 272481.61967999826
tot_uptimes: 71
tot_uptimes_duration: 4215.379920001906
