comms_cons: 98.66168319958062
finished_reconf: true
global_termination_time: 1001165.203
local_termination_time: 313120.12536000006
node_cons: 20582.398980000027
tot_aggregated_send: 14500
tot_msg_rcv: 158
tot_msg_sent: 338
tot_reconf_duration: 11.31
tot_sleeping_duration: 985805.203
tot_uptimes: 257
tot_uptimes_duration: 15360.0
