comms_cons: 136.83511038978395
finished_reconf: true
global_termination_time: 1349747.541
local_termination_time: 146082.32136000006
node_cons: 27742.086167827056
tot_aggregated_send: 18328
tot_msg_rcv: 791
tot_msg_sent: 1681
tot_reconf_duration: 18.21
tot_sleeping_duration: 1329047.4984400095
tot_uptimes: 346
tot_uptimes_duration: 20700.04255999031
