comms_cons: 137.1466495915154
finished_reconf: true
global_termination_time: 1351965.418
local_termination_time: 270335.58136000007
node_cons: 27804.212685588802
tot_aggregated_send: 18502
tot_msg_rcv: 770
tot_msg_sent: 1575
tot_reconf_duration: 4.8100000000000005
tot_sleeping_duration: 1331205.3876000084
tot_uptimes: 347
tot_uptimes_duration: 20760.030399991607
