comms_cons: 104.65533439771889
finished_reconf: true
global_termination_time: 1082552.06
local_termination_time: 201276.10748000006
node_cons: 22262.651183359732
tot_aggregated_send: 14906
tot_msg_rcv: 416
tot_msg_sent: 585
tot_reconf_duration: 6.22
tot_sleeping_duration: 1065932.0417600002
tot_uptimes: 278
tot_uptimes_duration: 16620.018239999772
