comms_cons: 59.44604160032051
finished_reconf: true
global_termination_time: 604205.541
local_termination_time: 14247.73936
node_cons: 12378.321620000017
tot_aggregated_send: 8700
tot_msg_rcv: 107
tot_msg_sent: 228
tot_reconf_duration: 4.390000000000001
tot_sleeping_duration: 594965.541
tot_uptimes: 155
tot_uptimes_duration: 9240.0
