comms_cons: 206.79866878661238
finished_reconf: true
global_termination_time: 2081025.3661999987
local_termination_time: 159307.07760000054
node_cons: 42769.83167039104
tot_aggregated_send: 29000
tot_msg_rcv: 856
tot_msg_sent: 1576
tot_reconf_duration: 6.22
tot_sleeping_duration: 2049090.0526000052
tot_uptimes: 533
tot_uptimes_duration: 31935.31359999359
