comms_cons: 203.1806143961325
finished_reconf: true
global_termination_time: 2083418.151
local_termination_time: 1411776.371119998
node_cons: 42841.81061367702
tot_aggregated_send: 29870
tot_msg_rcv: 319
tot_msg_sent: 693
tot_reconf_duration: 11.31
tot_sleeping_duration: 2051434.243880002
tot_uptimes: 534
tot_uptimes_duration: 31983.90711999801
