comms_cons: 112.69511679906311
finished_reconf: true
global_termination_time: 1162739.888
local_termination_time: 5526.091
node_cons: 23867.8134422383
tot_aggregated_send: 16873
tot_msg_rcv: 93
tot_msg_sent: 163
tot_reconf_duration: 5.02
tot_sleeping_duration: 1144919.8758400013
tot_uptimes: 298
tot_uptimes_duration: 17820.012159998703
