comms_cons: 114.13126400003533
finished_reconf: true
global_termination_time: 1162522.457
local_termination_time: 5428.689
node_cons: 23877.59648111687
tot_aggregated_send: 16633
tot_msg_rcv: 243
tot_msg_sent: 472
tot_reconf_duration: 12.23
tot_sleeping_duration: 1144702.4509200023
tot_uptimes: 298
tot_uptimes_duration: 17820.006079997635
