comms_cons: 211.3489022877488
finished_reconf: true
global_termination_time: 1185745.058
local_termination_time: 882187.2545999978
node_cons: 24349.551980000113
tot_aggregated_send: 0
tot_msg_rcv: 16111
tot_msg_sent: 16013
tot_reconf_duration: 4.8100000000000005
tot_sleeping_duration: 1167565.058
tot_uptimes: 304
tot_uptimes_duration: 18180.0
