comms_cons: 117.6561407955958
finished_reconf: true
global_termination_time: 1184614.044
local_termination_time: 969286.7543599999
node_cons: 24353.647701116955
tot_aggregated_send: 16472
tot_msg_rcv: 443
tot_msg_sent: 968
tot_reconf_duration: 7.819999999999999
tot_sleeping_duration: 1166434.0379200024
tot_uptimes: 304
tot_uptimes_duration: 18180.006079997635
