comms_cons: 230.1913919839532
finished_reconf: true
global_termination_time: 2316747.37
local_termination_time: 374374.93664000044
node_cons: 47649.22476558358
tot_aggregated_send: 31726
tot_msg_rcv: 1110
tot_msg_sent: 2151
tot_reconf_duration: 5.57
tot_sleeping_duration: 2281167.339600012
tot_uptimes: 594
tot_uptimes_duration: 35580.03039998817
