comms_cons: 228.91109118880064
finished_reconf: true
global_termination_time: 2318666.299
local_termination_time: 840471.3233599999
node_cons: 47647.61418446675
tot_aggregated_send: 32422
tot_msg_rcv: 800
tot_msg_sent: 1571
tot_reconf_duration: 4.390000000000001
tot_sleeping_duration: 2283086.2746800096
tot_uptimes: 594
tot_uptimes_duration: 35580.02431999054
