comms_cons: 11.039315200097992
finished_reconf: true
global_termination_time: 82587.363
local_termination_time: 17311.552800000005
node_cons: 1694.1065056008933
tot_aggregated_send: 638
tot_msg_rcv: 458
tot_msg_sent: 581
tot_reconf_duration: 5.1
tot_sleeping_duration: 81327.33259999932
tot_uptimes: 22
tot_uptimes_duration: 1260.0304000006654
