comms_cons: 11.211584000134911
finished_reconf: true
global_termination_time: 83900.722
local_termination_time: 25505.69936
node_cons: 1703.3164822405788
tot_aggregated_send: 638
tot_msg_rcv: 492
tot_msg_sent: 575
tot_reconf_duration: 11.899999999999999
tot_sleeping_duration: 82640.70983999956
tot_uptimes: 22
tot_uptimes_duration: 1260.012160000435
