comms_cons: 10.377139200099219
finished_reconf: true
global_termination_time: 81013.457
local_termination_time: 50215.13420000004
node_cons: 1613.3564033597304
tot_aggregated_send: 522
tot_msg_rcv: 411
tot_msg_sent: 644
tot_reconf_duration: 4.8100000000000005
tot_sleeping_duration: 79813.4387600002
tot_uptimes: 21
tot_uptimes_duration: 1200.0182399998012
