comms_cons: 1.539532799994914
finished_reconf: true
global_termination_time: 11988.287
local_termination_time: 5094.40136
node_cons: 246.98161999999923
tot_aggregated_send: 0
tot_msg_rcv: 120
tot_msg_sent: 114
tot_reconf_duration: 4.390000000000001
tot_sleeping_duration: 11808.287
tot_uptimes: 4
tot_uptimes_duration: 180.0
