comms_cons: 0.9342464000011361
finished_reconf: true
global_termination_time: 12646.224
local_termination_time: 7263.066360000001
node_cons: 256.3789800000005
tot_aggregated_send: 0
tot_msg_rcv: 77
tot_msg_sent: 65
tot_reconf_duration: 11.31
tot_sleeping_duration: 12466.224
tot_uptimes: 4
tot_uptimes_duration: 180.0
