comms_cons: 207.46629118750462
finished_reconf: true
global_termination_time: 2094229.102
local_termination_time: 1341948.139479999
node_cons: 43083.10042814824
tot_aggregated_send: 28652
tot_msg_rcv: 878
tot_msg_sent: 2003
tot_reconf_duration: 15.34
tot_sleeping_duration: 2062069.0805600085
tot_uptimes: 537
tot_uptimes_duration: 32160.021439991426
