comms_cons: 205.53420798851806
finished_reconf: true
global_termination_time: 2093889.681
local_termination_time: 1132963.20736
node_cons: 43070.703042233225
tot_aggregated_send: 29058
tot_msg_rcv: 672
tot_msg_sent: 1510
tot_reconf_duration: 6.22
tot_sleeping_duration: 2061729.6688400048
tot_uptimes: 537
tot_uptimes_duration: 32160.01215999527
