comms_cons: 816.8551362371192
finished_reconf: true
global_termination_time: 8167892.254
local_termination_time: 1649012.20536
node_cons: 168011.85313116512
tot_aggregated_send: 112288
tot_msg_rcv: 4136
tot_msg_sent: 7732
tot_reconf_duration: 15.34
tot_sleeping_duration: 8042432.193200021
tot_uptimes: 2092
tot_uptimes_duration: 125460.06079997821
