comms_cons: 816.2482498252585
finished_reconf: true
global_termination_time: 8166510.18
local_termination_time: 1827831.2215599995
node_cons: 167999.54965116503
tot_aggregated_send: 113100
tot_msg_rcv: 3760
tot_msg_sent: 7203
tot_reconf_duration: 6.279999999999999
tot_sleeping_duration: 8041050.119200022
tot_uptimes: 2092
tot_uptimes_duration: 125460.06079997821
