comms_cons: 792.6164352563744
finished_reconf: true
global_termination_time: 8167933.837
local_termination_time: 5124963.12436
node_cons: 168007.10019999344
tot_aggregated_send: 116696
tot_msg_rcv: 1276
tot_msg_sent: 2501
tot_reconf_duration: 11.899999999999999
tot_sleeping_duration: 8042473.837
tot_uptimes: 2092
tot_uptimes_duration: 125460.0
