comms_cons: 818.676313826423
finished_reconf: true
global_termination_time: 8168177.791
local_termination_time: 1622900.7726399982
node_cons: 168007.350898356
tot_aggregated_send: 112520
tot_msg_rcv: 4015
tot_msg_sent: 7897
tot_reconf_duration: 11.31
tot_sleeping_duration: 8042717.005400029
tot_uptimes: 2092
tot_uptimes_duration: 125460.78559997142
