comms_cons: 141.36951679091905
finished_reconf: true
global_termination_time: 614051.2770799997
local_termination_time: 184.57847999999993
node_cons: 12716.600342391279
tot_aggregated_send: 0
tot_msg_rcv: 12241
tot_msg_sent: 9238
tot_reconf_duration: 18.21
tot_sleeping_duration: 604572.6578399764
tot_uptimes: 158
tot_uptimes_duration: 9478.619240023356
