comms_cons: 60.77864959920069
finished_reconf: true
global_termination_time: 617195.488
local_termination_time: 209.79351999999997
node_cons: 12724.486841121448
tot_aggregated_send: 8990
tot_msg_rcv: 94
tot_msg_sent: 154
tot_reconf_duration: 22.65
tot_sleeping_duration: 607715.481919999
tot_uptimes: 159
tot_uptimes_duration: 9480.006080001069
