comms_cons: 99.6310527914874
finished_reconf: true
global_termination_time: 980947.8972400003
local_termination_time: 6617.909
node_cons: 20256.785008185692
tot_aggregated_send: 13083
tot_msg_rcv: 648
tot_msg_sent: 1412
tot_reconf_duration: 25.35
tot_sleeping_duration: 965845.313440011
tot_uptimes: 252
tot_uptimes_duration: 15102.583799989297
