comms_cons: 472.34678405072765
finished_reconf: true
global_termination_time: 4779208.035
local_termination_time: 1472488.4270799987
node_cons: 98266.48026558242
tot_aggregated_send: 66990
tot_msg_rcv: 1626
tot_msg_sent: 3179
tot_reconf_duration: 7.819999999999999
tot_sleeping_duration: 4705828.004600011
tot_uptimes: 1224
tot_uptimes_duration: 73380.03039998887
