comms_cons: 267.9911807921336
finished_reconf: true
global_termination_time: 2773961.071
local_termination_time: 1636328.53336
node_cons: 57052.03584223267
tot_aggregated_send: 39266
tot_msg_rcv: 491
tot_msg_sent: 977
tot_reconf_duration: 7.819999999999999
tot_sleeping_duration: 2731361.0588400047
tot_uptimes: 711
tot_uptimes_duration: 42600.01215999521
