comms_cons: 269.6156159902881
finished_reconf: true
global_termination_time: 2775767.677
local_termination_time: 1757937.7215999998
node_cons: 57049.86304223262
tot_aggregated_send: 39034
tot_msg_rcv: 600
tot_msg_sent: 1346
tot_reconf_duration: 6.22
tot_sleeping_duration: 2733167.664840005
tot_uptimes: 711
tot_uptimes_duration: 42600.01215999527
