comms_cons: 104.93823999536329
finished_reconf: true
global_termination_time: 1053850.635
local_termination_time: 467219.69936
node_cons: 21645.849964471945
tot_aggregated_send: 13630
tot_msg_rcv: 883
tot_msg_sent: 1438
tot_reconf_duration: 25.299999999999997
tot_sleeping_duration: 1037710.610680006
tot_uptimes: 270
tot_uptimes_duration: 16140.024319993972
