comms_cons: 103.06316799516145
finished_reconf: true
global_termination_time: 1049442.068
local_termination_time: 470469.89088000037
node_cons: 21537.08161999997
tot_aggregated_send: 14210
tot_msg_rcv: 470
tot_msg_sent: 985
tot_reconf_duration: 4.390000000000001
tot_sleeping_duration: 1033362.068
tot_uptimes: 269
tot_uptimes_duration: 16080.0
