comms_cons: 106.99345919348919
finished_reconf: true
global_termination_time: 1051602.015
local_termination_time: 34089.93112000019
node_cons: 21624.039320401993
tot_aggregated_send: 14152
tot_msg_rcv: 656
tot_msg_sent: 1455
tot_reconf_duration: 7.819999999999999
tot_sleeping_duration: 1035460.5513999984
tot_uptimes: 270
tot_uptimes_duration: 16141.463600001465
