comms_cons: 164.67737599699916
finished_reconf: true
global_termination_time: 1671679.947
local_termination_time: 1233473.04136
node_cons: 34400.87898000006
tot_aggregated_send: 23896
tot_msg_rcv: 431
tot_msg_sent: 703
tot_reconf_duration: 11.31
tot_sleeping_duration: 1645999.947
tot_uptimes: 429
tot_uptimes_duration: 25680.0
