comms_cons: 96.6098623959158
finished_reconf: true
global_termination_time: 944143.03848
local_termination_time: 195775.8724400002
node_cons: 19411.90124543932
tot_aggregated_send: 12702
tot_msg_rcv: 713
tot_msg_sent: 1269
tot_reconf_duration: 22.65
tot_sleeping_duration: 929668.6975200005
tot_uptimes: 242
tot_uptimes_duration: 14474.340959999477
