comms_cons: 117.6433023955153
finished_reconf: true
global_termination_time: 1206165.503
local_termination_time: 399149.5502000002
node_cons: 24765.255662233685
tot_aggregated_send: 16066
tot_msg_rcv: 663
tot_msg_sent: 1153
tot_reconf_duration: 15.110000000000001
tot_sleeping_duration: 1187685.4908400048
tot_uptimes: 309
tot_uptimes_duration: 18480.01215999527
