comms_cons: 118.05058559206883
finished_reconf: true
global_termination_time: 1203443.78
local_termination_time: 290789.28004000033
node_cons: 24752.118363355123
tot_aggregated_send: 15486
tot_msg_rcv: 890
tot_msg_sent: 1567
tot_reconf_duration: 5.43
tot_sleeping_duration: 1184963.7617600039
tot_uptimes: 309
tot_uptimes_duration: 18480.018239996338
