comms_cons: 42.213401600462156
finished_reconf: true
global_termination_time: 416463.264
local_termination_time: 233231.8684800001
node_cons: 8522.026043364322
tot_aggregated_send: 5568
tot_msg_rcv: 268
tot_msg_sent: 581
tot_reconf_duration: 4.390000000000001
tot_sleeping_duration: 410103.2457599968
tot_uptimes: 107
tot_uptimes_duration: 6360.018240003206
