comms_cons: 1333.6721221565358
finished_reconf: true
global_termination_time: 3666217.747
local_termination_time: 1981125.89148
node_cons: 222489.71948330215
tot_aggregated_send: 0
tot_msg_rcv: 81954
tot_msg_sent: 120758
tot_reconf_duration: 5.57
tot_sleeping_duration: 3500062.2911200076
tot_uptimes: 2731
tot_uptimes_duration: 166155.4558799924
