comms_cons: 361.31650559779166
finished_reconf: true
global_termination_time: 3667662.081
local_termination_time: 2577559.36548
node_cons: 75457.15300111493
tot_aggregated_send: 50808
tot_msg_rcv: 1419
tot_msg_sent: 2691
tot_reconf_duration: 13.17
tot_sleeping_duration: 3611322.074920002
tot_uptimes: 940
tot_uptimes_duration: 56340.006079997635
