comms_cons: 359.8429119990351
finished_reconf: true
global_termination_time: 3668206.827
local_termination_time: 2574935.0629199985
node_cons: 75443.45078111513
tot_aggregated_send: 50518
tot_msg_rcv: 1388
tot_msg_sent: 2788
tot_reconf_duration: 3.08
tot_sleeping_duration: 3611866.8209200026
tot_uptimes: 940
tot_uptimes_duration: 56340.006079997635
