comms_cons: 359.8391424023669
finished_reconf: true
global_termination_time: 3665970.82
local_termination_time: 2388751.2671999997
node_cons: 75369.91436111483
tot_aggregated_send: 50634
tot_msg_rcv: 1395
tot_msg_sent: 2664
tot_reconf_duration: 8.09
tot_sleeping_duration: 3609690.813920002
tot_uptimes: 939
tot_uptimes_duration: 56280.006079997635
