comms_cons: 360.09703680800453
finished_reconf: true
global_termination_time: 3668434.035
local_termination_time: 397931.25968000025
node_cons: 75456.452245583
tot_aggregated_send: 51272
tot_msg_rcv: 1208
tot_msg_sent: 2252
tot_reconf_duration: 12.629999999999999
tot_sleeping_duration: 3612094.0046000117
tot_uptimes: 940
tot_uptimes_duration: 56340.03039998864
