comms_cons: 361.9329280076246
finished_reconf: true
global_termination_time: 3669861.376
local_termination_time: 389492.30636
node_cons: 75464.70344670405
tot_aggregated_send: 50866
tot_msg_rcv: 1349
tot_msg_sent: 2796
tot_reconf_duration: 18.700000000000003
tot_sleeping_duration: 3613521.3395200106
tot_uptimes: 940
tot_uptimes_duration: 56340.036479989474
