comms_cons: 365.6894592109237
finished_reconf: true
global_termination_time: 3669352.831
local_termination_time: 362582.1924000008
node_cons: 75445.8571089381
tot_aggregated_send: 50228
tot_msg_rcv: 1690
tot_msg_sent: 3664
tot_reconf_duration: 4.8100000000000005
tot_sleeping_duration: 3613012.7823600145
tot_uptimes: 940
tot_uptimes_duration: 56340.048639984976
