comms_cons: 365.57091841219466
finished_reconf: true
global_termination_time: 3665473.596
local_termination_time: 367749.0614800005
node_cons: 75364.93860782089
tot_aggregated_send: 50402
tot_msg_rcv: 1805
tot_msg_sent: 3357
tot_reconf_duration: 4.390000000000001
tot_sleeping_duration: 3609193.5534400125
tot_uptimes: 939
tot_uptimes_duration: 56280.04255998711
