comms_cons: 48.662374399881124
finished_reconf: true
global_termination_time: 14998.094240000002
local_termination_time: 1323.836520000006
node_cons: 6380.054391560071
tot_aggregated_send: 0
tot_msg_rcv: 3872
tot_msg_sent: 3522
tot_reconf_duration: 18.21
tot_sleeping_duration: 10251.772199999952
tot_uptimes: 67
tot_uptimes_duration: 4746.32204000005
