comms_cons: 2.2698239999945926
finished_reconf: true
global_termination_time: 16581.783
local_termination_time: 4076.0953600000007
node_cons: 336.2301000000004
tot_aggregated_send: 0
tot_msg_rcv: 179
tot_msg_sent: 166
tot_reconf_duration: 10.95
tot_sleeping_duration: 16341.783
tot_uptimes: 5
tot_uptimes_duration: 240.0
