comms_cons: 2.335615999992282
finished_reconf: true
global_termination_time: 17579.078
local_termination_time: 10532.584359999999
node_cons: 325.50189999999895
tot_aggregated_send: 0
tot_msg_rcv: 181
tot_msg_sent: 174
tot_reconf_duration: 3.05
tot_sleeping_duration: 17339.078
tot_uptimes: 5
tot_uptimes_duration: 240.0
