comms_cons: 2.144819199997097
finished_reconf: true
global_termination_time: 16913.634
local_termination_time: 4572.744360000001
node_cons: 336.71898000000056
tot_aggregated_send: 0
tot_msg_rcv: 171
tot_msg_sent: 155
tot_reconf_duration: 11.31
tot_sleeping_duration: 16673.634
tot_uptimes: 5
tot_uptimes_duration: 240.0
