comms_cons: 190.18618878569742
finished_reconf: true
global_termination_time: 1890666.078
local_termination_time: 789057.3670000001
node_cons: 38891.13268558402
tot_aggregated_send: 26384
tot_msg_rcv: 835
tot_msg_sent: 1689
tot_reconf_duration: 4.8100000000000005
tot_sleeping_duration: 1861626.0476000118
tot_uptimes: 485
tot_uptimes_duration: 29040.030399988173
