comms_cons: 191.7325631838217
finished_reconf: true
global_termination_time: 1895602.139
local_termination_time: 782975.1685599994
node_cons: 38970.89418446713
tot_aggregated_send: 26100
tot_msg_rcv: 1010
tot_msg_sent: 2033
tot_reconf_duration: 4.390000000000001
tot_sleeping_duration: 1866502.1146800094
tot_uptimes: 486
tot_uptimes_duration: 29100.024319990538
