comms_cons: 190.1651967846617
finished_reconf: true
global_termination_time: 1892577.372
local_termination_time: 410337.4894800005
node_cons: 38895.24468893445
tot_aggregated_send: 26274
tot_msg_rcv: 829
tot_msg_sent: 1801
tot_reconf_duration: 7.819999999999999
tot_sleeping_duration: 1863537.323360019
tot_uptimes: 485
tot_uptimes_duration: 29040.048639981076
