comms_cons: 70.00685440081396
finished_reconf: true
global_termination_time: 673912.194
local_termination_time: 181880.00336000006
node_cons: 13827.048945602572
tot_aggregated_send: 8990
tot_msg_rcv: 662
tot_msg_sent: 988
tot_reconf_duration: 6.279999999999999
tot_sleeping_duration: 663592.1635999981
tot_uptimes: 173
tot_uptimes_duration: 10320.03040000191
