comms_cons: 66.74661119907108
finished_reconf: true
global_termination_time: 670624.388
local_termination_time: 470522.9288800009
node_cons: 13745.704060000027
tot_aggregated_send: 9338
tot_msg_rcv: 231
tot_msg_sent: 577
tot_reconf_duration: 5.57
tot_sleeping_duration: 660364.388
tot_uptimes: 172
tot_uptimes_duration: 10260.0
