comms_cons: 44.33127680015779
finished_reconf: true
global_termination_time: 456343.92
local_termination_time: 121127.60635999998
node_cons: 9344.177321121451
tot_aggregated_send: 6612
tot_msg_rcv: 26
tot_msg_sent: 100
tot_reconf_duration: 18.21
tot_sleeping_duration: 449383.9139199989
tot_uptimes: 117
tot_uptimes_duration: 6960.006080001069
