comms_cons: 706.6748161199395
finished_reconf: true
global_termination_time: 7149560.455
local_termination_time: 3594469.8222399987
node_cons: 147056.61438781454
tot_aggregated_send: 100282
tot_msg_rcv: 2287
tot_msg_sent: 4841
tot_reconf_duration: 25.299999999999997
tot_sleeping_duration: 7039760.412440015
tot_uptimes: 1831
tot_uptimes_duration: 109800.04255998484
