comms_cons: 710.0446721398705
finished_reconf: true
global_termination_time: 7149608.667
local_termination_time: 2760933.07136
node_cons: 147037.61596781455
tot_aggregated_send: 99412
tot_msg_rcv: 2708
tot_msg_sent: 5802
tot_reconf_duration: 11.31
tot_sleeping_duration: 7039808.624440015
tot_uptimes: 1831
tot_uptimes_duration: 109800.0425599846
