comms_cons: 9.396537599990095
finished_reconf: true
global_termination_time: 3084.4568000000004
local_termination_time: 3084.4156800000005
node_cons: 1014.9710042000011
tot_aggregated_send: 0
tot_msg_rcv: 698
tot_msg_sent: 729
tot_reconf_duration: 24.59
tot_sleeping_duration: 2351.3889999999997
tot_uptimes: 10
tot_uptimes_duration: 733.0678000000006
