comms_cons: 230.3074047970671
finished_reconf: true
global_termination_time: 2322562.761
local_termination_time: 1104569.6236799986
node_cons: 47734.331379999545
tot_aggregated_send: 33466
tot_msg_rcv: 606
tot_msg_sent: 933
tot_reconf_duration: 9.11
tot_sleeping_duration: 2286922.761
tot_uptimes: 595
tot_uptimes_duration: 35640.0
