comms_cons: 229.64697599149574
finished_reconf: true
global_termination_time: 2321497.208
local_termination_time: 1146183.2107199996
node_cons: 47742.479379999226
tot_aggregated_send: 33466
tot_msg_rcv: 489
tot_msg_sent: 950
tot_reconf_duration: 15.110000000000001
tot_sleeping_duration: 2285857.208
tot_uptimes: 595
tot_uptimes_duration: 35640.0
