comms_cons: 229.37064959474475
finished_reconf: true
global_termination_time: 2323011.921
local_termination_time: 1286360.02848
node_cons: 47747.35459999966
tot_aggregated_send: 33524
tot_msg_rcv: 428
tot_msg_sent: 911
tot_reconf_duration: 18.700000000000003
tot_sleeping_duration: 2287371.921
tot_uptimes: 595
tot_uptimes_duration: 35640.0
