comms_cons: 232.33546877697592
finished_reconf: true
global_termination_time: 2321530.184
local_termination_time: 289808.02704000025
node_cons: 47728.0111722891
tot_aggregated_send: 31610
tot_msg_rcv: 1194
tot_msg_sent: 2509
tot_reconf_duration: 4.390000000000001
tot_sleeping_duration: 2285890.1171200224
tot_uptimes: 595
tot_uptimes_duration: 35640.066879977414
