comms_cons: 132.73667838683986
finished_reconf: true
global_termination_time: 1272514.056
local_termination_time: 278727.12636000005
node_cons: 26131.37242559803
tot_aggregated_send: 16240
tot_msg_rcv: 1328
tot_msg_sent: 2609
tot_reconf_duration: 15.34
tot_sleeping_duration: 1253014.0256000014
tot_uptimes: 326
tot_uptimes_duration: 19500.030399998475
