comms_cons: 124.51793919832605
finished_reconf: true
global_termination_time: 1267608.635
local_termination_time: 648384.7793599998
node_cons: 26050.679380000023
tot_aggregated_send: 18502
tot_msg_rcv: 148
tot_msg_sent: 276
tot_reconf_duration: 15.110000000000001
tot_sleeping_duration: 1248168.635
tot_uptimes: 325
tot_uptimes_duration: 19440.0
