comms_cons: 130.29635839185082
finished_reconf: true
global_termination_time: 1268660.558
local_termination_time: 137039.54360000006
node_cons: 26040.83654783624
tot_aggregated_send: 16994
tot_msg_rcv: 1008
tot_msg_sent: 1804
tot_reconf_duration: 7.819999999999999
tot_sleeping_duration: 1249220.5154400025
tot_uptimes: 325
tot_uptimes_duration: 19440.042559997186
