comms_cons: 128.80099839231804
finished_reconf: true
global_termination_time: 1268065.99
local_termination_time: 264599.4872800008
node_cons: 26037.574645593388
tot_aggregated_send: 17400
tot_msg_rcv: 781
tot_msg_sent: 1396
tot_reconf_duration: 5.43
tot_sleeping_duration: 1248625.9596000048
tot_uptimes: 325
tot_uptimes_duration: 19440.03039999504
