comms_cons: 2.1645567999944673
finished_reconf: true
global_termination_time: 12943.59848
local_termination_time: 12943.55736
node_cons: 292.771659840007
tot_aggregated_send: 0
tot_msg_rcv: 160
tot_msg_sent: 168
tot_reconf_duration: 24.59
tot_sleeping_duration: 12749.887919999996
tot_uptimes: 4
tot_uptimes_duration: 193.710560000005
