comms_cons: 198.58682878473286
finished_reconf: true
global_termination_time: 1996421.654
local_termination_time: 326632.97736
node_cons: 41059.73418446696
tot_aggregated_send: 27550
tot_msg_rcv: 904
tot_msg_sent: 1729
tot_reconf_duration: 4.390000000000001
tot_sleeping_duration: 1965761.6296800096
tot_uptimes: 512
tot_uptimes_duration: 30660.024319990538
