comms_cons: 239.18095985267811
finished_reconf: true
global_termination_time: 1453527.651
local_termination_time: 533300.2274799988
node_cons: 29893.03640335062
tot_aggregated_send: 0
tot_msg_rcv: 18253
tot_msg_sent: 18101
tot_reconf_duration: 4.8100000000000005
tot_sleeping_duration: 1431207.6327600072
tot_uptimes: 373
tot_uptimes_duration: 22320.018239992904
