comms_cons: 141.7686015997367
finished_reconf: true
global_termination_time: 1456176.032
local_termination_time: 1079415.4233999993
node_cons: 29901.838980000124
tot_aggregated_send: 21112
tot_msg_rcv: 122
tot_msg_sent: 314
tot_reconf_duration: 11.31
tot_sleeping_duration: 1433856.032
tot_uptimes: 373
tot_uptimes_duration: 22320.0
