comms_cons: 2.848793599992742
finished_reconf: true
global_termination_time: 14225.79548
local_termination_time: 14225.75436
node_cons: 292.7635187200007
tot_aggregated_send: 0
tot_msg_rcv: 261
tot_msg_sent: 171
tot_reconf_duration: 24.59
tot_sleeping_duration: 14032.091
tot_uptimes: 4
tot_uptimes_duration: 193.7044800000003
