comms_cons: 307.30476163585087
finished_reconf: true
global_termination_time: 373794.99900000053
local_termination_time: 25776.100720000002
node_cons: 37208.63258884409
tot_aggregated_send: 0
tot_msg_rcv: 21155
tot_msg_sent: 25555
tot_reconf_duration: 4.390000000000001
tot_sleeping_duration: 346011.0774399974
tot_uptimes: 451
tot_uptimes_duration: 27783.921560003153
