comms_cons: 200.30604157800875
finished_reconf: true
global_termination_time: 1946871.23
local_termination_time: 3090.41048
node_cons: 40034.138732297266
tot_aggregated_send: 26042
tot_msg_rcv: 1557
tot_msg_sent: 2847
tot_reconf_duration: 18.21
tot_sleeping_duration: 1916991.163120017
tot_uptimes: 499
tot_uptimes_duration: 29880.06687998322
