comms_cons: 192.9157055921673
finished_reconf: true
global_termination_time: 1945566.84
local_termination_time: 949704.7534799988
node_cons: 40024.19009999967
tot_aggregated_send: 28014
tot_msg_rcv: 448
tot_msg_sent: 860
tot_reconf_duration: 10.95
tot_sleeping_duration: 1915686.84
tot_uptimes: 499
tot_uptimes_duration: 29880.0
