comms_cons: 387.34281567710286
finished_reconf: true
global_termination_time: 1947791.775
local_termination_time: 248722.2116400004
node_cons: 40017.82374782216
tot_aggregated_send: 0
tot_msg_rcv: 29983
tot_msg_sent: 28893
tot_reconf_duration: 6.22
tot_sleeping_duration: 1917911.732440013
tot_uptimes: 499
tot_uptimes_duration: 29880.042559986876
