comms_cons: 746.7716353183542
finished_reconf: true
global_termination_time: 7514903.219799998
local_termination_time: 7514903.178679998
node_cons: 154694.02197278137
tot_aggregated_send: 107796
tot_msg_rcv: 1890
tot_msg_sent: 3817
tot_reconf_duration: 37.410000000000004
tot_sleeping_duration: 7399411.644600008
tot_uptimes: 1925
tot_uptimes_duration: 115491.57519999024
