comms_cons: 749.6669441884422
finished_reconf: true
global_termination_time: 7515809.829
local_termination_time: 2327398.51336
node_cons: 154581.60721004868
tot_aggregated_send: 104284
tot_msg_rcv: 3098
tot_msg_sent: 6563
tot_reconf_duration: 5.43
tot_sleeping_duration: 7400369.77428002
tot_uptimes: 1925
tot_uptimes_duration: 115440.05471998034
