comms_cons: 321.6140864183558
finished_reconf: true
global_termination_time: 3180078.35
local_termination_time: 1934705.9575599993
node_cons: 65400.9426055835
tot_aggregated_send: 43616
tot_msg_rcv: 1666
tot_msg_sent: 3601
tot_reconf_duration: 3.05
tot_sleeping_duration: 3131238.319600011
tot_uptimes: 815
tot_uptimes_duration: 48840.03039998887
