comms_cons: 127.21019521243805
finished_reconf: true
global_termination_time: 543962.915
local_termination_time: 1573.5336000000004
node_cons: 11192.184566901775
tot_aggregated_send: 0
tot_msg_rcv: 11198
tot_msg_sent: 8132
tot_reconf_duration: 18.21
tot_sleeping_duration: 535622.7690799837
tot_uptimes: 140
tot_uptimes_duration: 8340.145920016257
