comms_cons: 54.73894400037803
finished_reconf: true
global_termination_time: 541861.501
local_termination_time: 18858.25448
node_cons: 11092.881620000015
tot_aggregated_send: 7366
tot_msg_rcv: 320
tot_msg_sent: 634
tot_reconf_duration: 4.390000000000001
tot_sleeping_duration: 533581.501
tot_uptimes: 139
tot_uptimes_duration: 8280.0
