comms_cons: 252.05635823863318
finished_reconf: true
global_termination_time: 1282471.186
local_termination_time: 941992.5945999998
node_cons: 26382.278699999995
tot_aggregated_send: 0
tot_msg_rcv: 19305
tot_msg_sent: 19006
tot_reconf_duration: 22.65
tot_sleeping_duration: 1262791.186
tot_uptimes: 329
tot_uptimes_duration: 19679.99999999994
