comms_cons: 129.61023998948812
finished_reconf: true
global_termination_time: 1283954.97
local_termination_time: 161128.3554800001
node_cons: 26357.51418446739
tot_aggregated_send: 17574
tot_msg_rcv: 673
tot_msg_sent: 1453
tot_reconf_duration: 4.390000000000001
tot_sleeping_duration: 1264274.9456800094
tot_uptimes: 329
tot_uptimes_duration: 19680.024319990538
