comms_cons: 41.8752896003027
finished_reconf: true
global_termination_time: 416284.129
local_termination_time: 115473.57319999964
node_cons: 8526.675842242881
tot_aggregated_send: 5568
tot_msg_rcv: 218
tot_msg_sent: 578
tot_reconf_duration: 7.819999999999999
tot_sleeping_duration: 409924.1168399979
tot_uptimes: 107
tot_uptimes_duration: 6360.0121600021375
