comms_cons: 49.85578239986695
finished_reconf: true
global_termination_time: 14305.784360000009
local_termination_time: 1064.9824800000017
node_cons: 6251.175909360084
tot_aggregated_send: 0
tot_msg_rcv: 3935
tot_msg_sent: 3642
tot_reconf_duration: 18.21
tot_sleeping_duration: 9655.71211999995
tot_uptimes: 64
tot_uptimes_duration: 4650.0722400000595
