comms_cons: 126.29795199080539
finished_reconf: true
global_termination_time: 1237502.081
local_termination_time: 478303.9314800001
node_cons: 25394.05339116836
tot_aggregated_send: 16414
tot_msg_rcv: 859
tot_msg_sent: 1926
tot_reconf_duration: 4.8100000000000005
tot_sleeping_duration: 1218542.0202000237
tot_uptimes: 317
tot_uptimes_duration: 18960.060799976345
