comms_cons: 0.7631872000017017
finished_reconf: true
global_termination_time: 5578.804
local_termination_time: 1947.7603600000002
node_cons: 90.95955999999991
tot_aggregated_send: 0
tot_msg_rcv: 63
tot_msg_sent: 52
tot_reconf_duration: 7.819999999999999
tot_sleeping_duration: 5518.804
tot_uptimes: 2
tot_uptimes_duration: 60.0
