comms_cons: 11.487910399841583
finished_reconf: true
global_termination_time: 88294.838
local_termination_time: 28891.19036
node_cons: 1788.3605667194674
tot_aggregated_send: 522
tot_msg_rcv: 474
tot_msg_sent: 752
tot_reconf_duration: 15.34
tot_sleeping_duration: 86974.8015200004
tot_uptimes: 23
tot_uptimes_duration: 1320.0364799996023
