comms_cons: 11.678988799988149
finished_reconf: true
global_termination_time: 83419.50423999997
local_termination_time: 42247.82816000007
node_cons: 1727.0659260782884
tot_aggregated_send: 464
tot_msg_rcv: 568
tot_msg_sent: 743
tot_reconf_duration: 25.299999999999997
tot_sleeping_duration: 82155.34552000125
tot_uptimes: 22
tot_uptimes_duration: 1264.1587199987189
