comms_cons: 12.40911999980688
finished_reconf: true
global_termination_time: 83551.714
local_termination_time: 26200.30892000001
node_cons: 1707.7163678397594
tot_aggregated_send: 348
tot_msg_rcv: 669
tot_msg_sent: 870
tot_reconf_duration: 15.110000000000001
tot_sleeping_duration: 82291.67144000018
tot_uptimes: 22
tot_uptimes_duration: 1260.0425599998198
