comms_cons: 11.385151999840376
finished_reconf: true
global_termination_time: 88629.924
local_termination_time: 15767.5398
node_cons: 1771.6463233597322
tot_aggregated_send: 522
tot_msg_rcv: 469
tot_msg_sent: 741
tot_reconf_duration: 3.05
tot_sleeping_duration: 87309.9057600002
tot_uptimes: 23
tot_uptimes_duration: 1320.0182399998012
