comms_cons: 30.559692800991378
finished_reconf: true
global_termination_time: 276787.91080000025
local_termination_time: 276787.86968000024
node_cons: 5685.689175288653
tot_aggregated_send: 2886
tot_msg_rcv: 558
tot_msg_sent: 1198
tot_reconf_duration: 24.59
tot_sleeping_duration: 272566.6292799938
tot_uptimes: 71
tot_uptimes_duration: 4221.281520006451
