comms_cons: 27.566502400075482
finished_reconf: true
global_termination_time: 280617.787
local_termination_time: 44183.55036000001
node_cons: 5728.869180000004
tot_aggregated_send: 3886
tot_msg_rcv: 88
tot_msg_sent: 215
tot_reconf_duration: 18.21
tot_sleeping_duration: 276357.787
tot_uptimes: 72
tot_uptimes_duration: 4260.0
