comms_cons: 535.7943360558727
finished_reconf: true
global_termination_time: 5385988.224599999
local_termination_time: 5385988.183479999
node_cons: 110842.03539174661
tot_aggregated_send: 77184
tot_msg_rcv: 1458
tot_msg_sent: 2794
tot_reconf_duration: 24.59
tot_sleeping_duration: 5303233.450760006
tot_uptimes: 1380
tot_uptimes_duration: 82754.7738399927
