comms_cons: 545.5725697428132
finished_reconf: true
global_termination_time: 5385988.721319997
local_termination_time: 111883.97663999978
node_cons: 110844.02068652982
tot_aggregated_send: 74298
tot_msg_rcv: 2934
tot_msg_sent: 5690
tot_reconf_duration: 18.21
tot_sleeping_duration: 5303225.994280017
tot_uptimes: 1380
tot_uptimes_duration: 82762.72703997995
