comms_cons: 539.3613953057251
finished_reconf: true
global_termination_time: 5387486.22
local_termination_time: 684170.5724799999
node_cons: 110794.87046669831
tot_aggregated_send: 74936
tot_msg_rcv: 2337
tot_msg_sent: 4705
tot_reconf_duration: 4.390000000000001
tot_sleeping_duration: 5304746.1835200135
tot_uptimes: 1380
tot_uptimes_duration: 82740.03647998627
