comms_cons: 533.3232512491957
finished_reconf: true
global_termination_time: 5389444.607
local_termination_time: 1433231.289999998
node_cons: 110876.61464558168
tot_aggregated_send: 75922
tot_msg_rcv: 1754
tot_msg_sent: 3385
tot_reconf_duration: 5.43
tot_sleeping_duration: 5306644.576600011
tot_uptimes: 1381
tot_uptimes_duration: 82800.03039998887
