comms_cons: 65.94332160730096
finished_reconf: true
global_termination_time: 338865.778
local_termination_time: 5647.866360000001
node_cons: 6939.998700000008
tot_aggregated_send: 0
tot_msg_rcv: 5056
tot_msg_sent: 4967
tot_reconf_duration: 22.65
tot_sleeping_duration: 333705.778
tot_uptimes: 87
tot_uptimes_duration: 5160.0
