comms_cons: 313.6940608289933
finished_reconf: true
global_termination_time: 3115668.222
local_termination_time: 298995.016
node_cons: 64039.372758304446
tot_aggregated_send: 42804
tot_msg_rcv: 1622
tot_msg_sent: 3253
tot_reconf_duration: 5.43
tot_sleeping_duration: 3067847.461120011
tot_uptimes: 798
tot_uptimes_duration: 47820.760879989364
