comms_cons: 13.709491200066449
finished_reconf: true
global_termination_time: 105053.408
local_termination_time: 3358.6991200000007
node_cons: 2107.6618455977514
tot_aggregated_send: 0
tot_msg_rcv: 675
tot_msg_sent: 1412
tot_reconf_duration: 13.83
tot_sleeping_duration: 103493.37760000167
tot_uptimes: 27
tot_uptimes_duration: 1560.0303999983207
