comms_cons: 860.1367489313958
finished_reconf: true
global_termination_time: 8675550.65848
local_termination_time: 8675550.61736
node_cons: 178504.3337843046
tot_aggregated_send: 124790
tot_msg_rcv: 1932
tot_msg_sent: 4013
tot_reconf_duration: 37.410000000000004
tot_sleeping_duration: 8542276.923600007
tot_uptimes: 2222
tot_uptimes_duration: 133273.73487999343
