comms_cons: 3507.644349509681
finished_reconf: true
global_termination_time: 8677918.24
local_termination_time: 1249263.741599999
node_cons: 525612.2140527943
tot_aggregated_send: 0
tot_msg_rcv: 215839
tot_msg_sent: 317303
tot_reconf_duration: 5.57
tot_sleeping_duration: 8285383.027160026
tot_uptimes: 6431
tot_uptimes_duration: 392535.2128399735
