comms_cons: 1432.6740777984196
finished_reconf: true
global_termination_time: 8678206.105
local_termination_time: 1251146.9303599996
node_cons: 178522.46278781325
tot_aggregated_send: 0
tot_msg_rcv: 109860
tot_msg_sent: 107894
tot_reconf_duration: 5.1
tot_sleeping_duration: 8544886.062440015
tot_uptimes: 2223
tot_uptimes_duration: 133320.04255998484
