comms_cons: 856.5587201834845
finished_reconf: true
global_termination_time: 8676222.723
local_termination_time: 2401021.7281199987
node_cons: 178446.1587844621
tot_aggregated_send: 120872
tot_msg_rcv: 3065
tot_msg_sent: 6253
tot_reconf_duration: 8.09
tot_sleeping_duration: 8542962.698680008
tot_uptimes: 2222
tot_uptimes_duration: 133260.02431999147
