comms_cons: 864.1292353908179
finished_reconf: true
global_termination_time: 8676116.433
local_termination_time: 957102.9251999997
node_cons: 178443.64374781324
tot_aggregated_send: 121452
tot_msg_rcv: 3478
tot_msg_sent: 6412
tot_reconf_duration: 6.22
tot_sleeping_duration: 8542856.390440017
tot_uptimes: 2222
tot_uptimes_duration: 133260.0425599846
