comms_cons: 472.0928829783619
finished_reconf: true
global_termination_time: 978269.4191599992
local_termination_time: 978269.3780399993
node_cons: 59210.024578028504
tot_aggregated_send: 0
tot_msg_rcv: 29078
tot_msg_sent: 42674
tot_reconf_duration: 37.410000000000004
tot_sleeping_duration: 934087.7748000071
tot_uptimes: 723
tot_uptimes_duration: 44181.644359992104
