comms_cons: 102.4058751919362
finished_reconf: true
global_termination_time: 978702.069
local_termination_time: 389859.48436000006
node_cons: 20097.436508939267
tot_aggregated_send: 12702
tot_msg_rcv: 1059
tot_msg_sent: 1804
tot_reconf_duration: 9.11
tot_sleeping_duration: 963702.0203600154
tot_uptimes: 251
tot_uptimes_duration: 15000.04863998451
