comms_cons: 97.85699839563472
finished_reconf: true
global_termination_time: 981767.583
local_termination_time: 408530.61036000005
node_cons: 20182.49968111687
tot_aggregated_send: 13572
tot_msg_rcv: 439
tot_msg_sent: 863
tot_reconf_duration: 12.629999999999999
tot_sleeping_duration: 966707.5769200023
tot_uptimes: 252
tot_uptimes_duration: 15060.006079997635
