comms_cons: 98.97090559248116
finished_reconf: true
global_termination_time: 980551.983
local_termination_time: 541314.0837199988
node_cons: 20181.516482233725
tot_aggregated_send: 13572
tot_msg_rcv: 494
tot_msg_sent: 977
tot_reconf_duration: 11.899999999999999
tot_sleeping_duration: 965491.9708400047
tot_uptimes: 252
tot_uptimes_duration: 15060.012159995269
