comms_cons: 111.20289278955474
finished_reconf: true
global_termination_time: 1080886.255
local_termination_time: 266314.5360800006
node_cons: 22182.39266335049
tot_aggregated_send: 14326
tot_msg_rcv: 895
tot_msg_sent: 1682
tot_reconf_duration: 6.279999999999999
tot_sleeping_duration: 1064326.236760007
tot_uptimes: 277
tot_uptimes_duration: 16560.018239992904
