comms_cons: 113.56675198943145
finished_reconf: true
global_termination_time: 1080177.936
local_termination_time: 69025.72879999956
node_cons: 22181.5017534296
tot_aggregated_send: 13920
tot_msg_rcv: 1240
tot_msg_sent: 2102
tot_reconf_duration: 5.57
tot_sleeping_duration: 1063617.8630400077
tot_uptimes: 277
tot_uptimes_duration: 16560.07295999222
