comms_cons: 113.60707198805969
finished_reconf: true
global_termination_time: 1076464.565119998
local_termination_time: 1076464.565119998
node_cons: 22230.310284947733
tot_aggregated_send: 13430
tot_msg_rcv: 1265
tot_msg_sent: 2571
tot_reconf_duration: 37.410000000000004
tot_sleeping_duration: 1059900.3324800073
tot_uptimes: 276
tot_uptimes_duration: 16564.232639990805
