comms_cons: 112.94575358835358
finished_reconf: true
global_termination_time: 1079154.026
local_termination_time: 108334.10500000001
node_cons: 22182.38170519339
tot_aggregated_send: 14032
tot_msg_rcv: 1149
tot_msg_sent: 1987
tot_reconf_duration: 5.1
tot_sleeping_duration: 1062592.8192000051
tot_uptimes: 277
tot_uptimes_duration: 16561.206799995038
