comms_cons: 112.20355838977183
finished_reconf: true
global_termination_time: 1079537.575
local_termination_time: 279286.1823600001
node_cons: 22178.087768953108
tot_aggregated_send: 14036
tot_msg_rcv: 1039
tot_msg_sent: 1981
tot_reconf_duration: 3.08
tot_sleeping_duration: 1062977.5263600051
tot_uptimes: 277
tot_uptimes_duration: 16560.048639994813
