comms_cons: 112.23457278673696
finished_reconf: true
global_termination_time: 1081293.264
local_termination_time: 282515.7338800009
node_cons: 22184.47584223831
tot_aggregated_send: 14210
tot_msg_rcv: 1056
tot_msg_sent: 1793
tot_reconf_duration: 7.819999999999999
tot_sleeping_duration: 1064733.2518400014
tot_uptimes: 277
tot_uptimes_duration: 16560.012159998703
