comms_cons: 111.6299135882353
finished_reconf: true
global_termination_time: 1080280.433
local_termination_time: 278842.98436000006
node_cons: 22194.712425593425
tot_aggregated_send: 14210
tot_msg_rcv: 977
tot_msg_sent: 1780
tot_reconf_duration: 15.34
tot_sleeping_duration: 1063720.402600005
tot_uptimes: 277
tot_uptimes_duration: 16560.03039999504
