comms_cons: 31.284095999845196
finished_reconf: true
global_termination_time: 318738.003
local_termination_time: 76437.55303999955
node_cons: 6513.501620000006
tot_aggregated_send: 4582
tot_msg_rcv: 61
tot_msg_sent: 112
tot_reconf_duration: 4.390000000000001
tot_sleeping_duration: 313878.003
tot_uptimes: 82
tot_uptimes_duration: 4860.0
