comms_cons: 91.85385600997026
finished_reconf: true
global_termination_time: 313422.47568000073
local_termination_time: 313422.4345600007
node_cons: 12913.958190521
tot_aggregated_send: 0
tot_msg_rcv: 4679
tot_msg_sent: 9283
tot_reconf_duration: 24.59
tot_sleeping_duration: 303802.935
tot_uptimes: 159
tot_uptimes_duration: 9619.540680000726
