comms_cons: 27.665536000374146
finished_reconf: true
global_termination_time: 279961.729
local_termination_time: 208522.6029600006
node_cons: 5710.671980000003
tot_aggregated_send: 3944
tot_msg_rcv: 91
tot_msg_sent: 170
tot_reconf_duration: 4.8100000000000005
tot_sleeping_duration: 275701.729
tot_uptimes: 72
tot_uptimes_duration: 4260.0
