comms_cons: 111.53717759644967
finished_reconf: true
global_termination_time: 1161054.35
local_termination_time: 553168.4432799993
node_cons: 23895.345541116774
tot_aggregated_send: 15486
tot_msg_rcv: 475
tot_msg_sent: 992
tot_reconf_duration: 25.299999999999997
tot_sleeping_duration: 1143234.3439200027
tot_uptimes: 298
tot_uptimes_duration: 17820.006079997518
