comms_cons: 116.63279999359558
finished_reconf: true
global_termination_time: 1157554.88124
local_termination_time: 62823.37448000002
node_cons: 23807.01387160296
tot_aggregated_send: 15660
tot_msg_rcv: 667
tot_msg_sent: 1400
tot_reconf_duration: 4.390000000000001
tot_sleeping_duration: 1139779.636839998
tot_uptimes: 297
tot_uptimes_duration: 17775.24440000218
