comms_cons: 117.8941887848567
finished_reconf: true
global_termination_time: 1158830.331
local_termination_time: 367764.69072000013
node_cons: 23784.863311182373
tot_aggregated_send: 14848
tot_msg_rcv: 1081
tot_msg_sent: 1991
tot_reconf_duration: 3.05
tot_sleeping_duration: 1141070.2702000134
tot_uptimes: 297
tot_uptimes_duration: 17760.060799986764
