comms_cons: 117.42618879366502
finished_reconf: true
global_termination_time: 1163317.947
local_termination_time: 631136.4973599999
node_cons: 23869.44304223382
tot_aggregated_send: 15776
tot_msg_rcv: 680
tot_msg_sent: 1393
tot_reconf_duration: 6.22
tot_sleeping_duration: 1145497.9348400047
tot_uptimes: 298
tot_uptimes_duration: 17820.01215999527
