comms_cons: 78.7185087986837
finished_reconf: true
global_termination_time: 780536.024
local_termination_time: 4431.058480000001
node_cons: 16012.389180000024
tot_aggregated_send: 10672
tot_msg_rcv: 442
tot_msg_sent: 850
tot_reconf_duration: 18.21
tot_sleeping_duration: 768596.024
tot_uptimes: 200
tot_uptimes_duration: 11940.0
