comms_cons: 78.07273599895589
finished_reconf: true
global_termination_time: 777642.664
local_termination_time: 267372.4652400005
node_cons: 16018.426841116887
tot_aggregated_send: 10730
tot_msg_rcv: 397
tot_msg_sent: 739
tot_reconf_duration: 22.65
tot_sleeping_duration: 765702.6579200024
tot_uptimes: 200
tot_uptimes_duration: 11940.006079997635
