comms_cons: 10.312742400087366
finished_reconf: true
global_termination_time: 67281.476
local_termination_time: 24474.36348
node_cons: 1381.163403360588
tot_aggregated_send: 116
tot_msg_rcv: 583
tot_msg_sent: 870
tot_reconf_duration: 11.31
tot_sleeping_duration: 66261.45775999955
tot_uptimes: 18
tot_uptimes_duration: 1020.0182400004414
