comms_cons: 9.15950080009259
finished_reconf: true
global_termination_time: 69103.002
local_termination_time: 27509.909640000005
node_cons: 1373.1783633608745
tot_aggregated_send: 348
tot_msg_rcv: 407
tot_msg_sent: 638
tot_reconf_duration: 5.43
tot_sleeping_duration: 68082.98375999933
tot_uptimes: 18
tot_uptimes_duration: 1020.0182400006524
