comms_cons: 973.6212490871648
finished_reconf: true
global_termination_time: 3337770.6725999997
local_termination_time: 3337770.6314799995
node_cons: 136468.45711239494
tot_aggregated_send: 0
tot_msg_rcv: 49523
tot_msg_sent: 98461
tot_reconf_duration: 24.59
tot_sleeping_duration: 3235877.4209999996
tot_uptimes: 1688
tot_uptimes_duration: 101893.25159999973
