comms_cons: 1.526374399997187
finished_reconf: true
global_termination_time: 10825.593
local_termination_time: 5058.791359999999
node_cons: 164.821899999999
tot_aggregated_send: 0
tot_msg_rcv: 118
tot_msg_sent: 114
tot_reconf_duration: 3.05
tot_sleeping_duration: 10705.593
tot_uptimes: 3
tot_uptimes_duration: 119.99999999999997
