comms_cons: 814.6261753676581
finished_reconf: true
global_termination_time: 2782265.444
local_termination_time: 380695.2044800001
node_cons: 168637.85277628977
tot_aggregated_send: 0
tot_msg_rcv: 49953
tot_msg_sent: 73865
tot_reconf_duration: 18.21
tot_sleeping_duration: 2656340.7811200186
tot_uptimes: 2067
tot_uptimes_duration: 125924.66287998146
