comms_cons: 273.87665279852087
finished_reconf: true
global_termination_time: 2782815.851
local_termination_time: 375599.32936000003
node_cons: 57214.45137999897
tot_aggregated_send: 39904
tot_msg_rcv: 577
tot_msg_sent: 1145
tot_reconf_duration: 9.11
tot_sleeping_duration: 2740095.851
tot_uptimes: 713
tot_uptimes_duration: 42720.0
