comms_cons: 99.07617279851819
finished_reconf: true
global_termination_time: 1014856.848
local_termination_time: 496853.9400400003
node_cons: 20820.868642233672
tot_aggregated_send: 14384
tot_msg_rcv: 215
tot_msg_sent: 460
tot_reconf_duration: 9.42
tot_sleeping_duration: 999316.8358400047
tot_uptimes: 260
tot_uptimes_duration: 15540.012159995269
