comms_cons: 92.96535039675763
finished_reconf: true
global_termination_time: 898354.366
local_termination_time: 104677.50503999954
node_cons: 18485.821047836238
tot_aggregated_send: 11948
tot_msg_rcv: 779
tot_msg_sent: 1404
tot_reconf_duration: 5.57
tot_sleeping_duration: 884554.3234400029
tot_uptimes: 231
tot_uptimes_duration: 13800.042559997179
