comms_cons: 92.20748799570991
finished_reconf: true
global_termination_time: 898967.573
local_termination_time: 207495.79036000007
node_cons: 18498.776367836268
tot_aggregated_send: 12064
tot_msg_rcv: 682
tot_msg_sent: 1269
tot_reconf_duration: 15.110000000000001
tot_sleeping_duration: 885167.5304400028
tot_uptimes: 231
tot_uptimes_duration: 13800.042559997179
