comms_cons: 90.90543359563848
finished_reconf: true
global_termination_time: 898903.7
local_termination_time: 605446.364
node_cons: 18493.796654474205
tot_aggregated_send: 12468
tot_msg_rcv: 483
tot_msg_sent: 867
tot_reconf_duration: 9.42
tot_sleeping_duration: 885101.6056800043
tot_uptimes: 231
tot_uptimes_duration: 13802.09431999561
