comms_cons: 91.34623999496904
finished_reconf: true
global_termination_time: 899852.979
local_termination_time: 378190.6414000008
node_cons: 18484.20232558413
tot_aggregated_send: 12238
tot_msg_rcv: 542
tot_msg_sent: 1105
tot_reconf_duration: 4.390000000000001
tot_sleeping_duration: 886052.9486000119
tot_uptimes: 231
tot_uptimes_duration: 13800.030399988173
