comms_cons: 90.72058879765723
finished_reconf: true
global_termination_time: 898501.569
local_termination_time: 289807.5163600001
node_cons: 18482.350041116923
tot_aggregated_send: 12644
tot_msg_rcv: 448
tot_msg_sent: 697
tot_reconf_duration: 3.05
tot_sleeping_duration: 884701.5629200024
tot_uptimes: 231
tot_uptimes_duration: 13800.006079997635
