comms_cons: 92.93119999595677
finished_reconf: true
global_termination_time: 898280.293
local_termination_time: 283777.0569200003
node_cons: 18499.080566714852
tot_aggregated_send: 12064
tot_msg_rcv: 790
tot_msg_sent: 1270
tot_reconf_duration: 15.34
tot_sleeping_duration: 884480.2565200039
tot_uptimes: 231
tot_uptimes_duration: 13800.03647999611
