comms_cons: 40.64629760021214
finished_reconf: true
global_termination_time: 420321.519
local_termination_time: 61817.43676000017
node_cons: 8627.138700000003
tot_aggregated_send: 5800
tot_msg_rcv: 107
tot_msg_sent: 271
tot_reconf_duration: 22.65
tot_sleeping_duration: 413901.519
tot_uptimes: 108
tot_uptimes_duration: 6420.0
