comms_cons: 71.39089920865138
finished_reconf: true
global_termination_time: 419872.81
local_termination_time: 24120.62552000001
node_cons: 8602.928262240594
tot_aggregated_send: 0
tot_msg_rcv: 5510
tot_msg_sent: 5341
tot_reconf_duration: 4.8100000000000005
tot_sleeping_duration: 413452.79783999955
tot_uptimes: 108
tot_uptimes_duration: 6420.012160000435
