comms_cons: 156.736281593744
finished_reconf: true
global_termination_time: 1571474.923
local_termination_time: 930221.1143599999
node_cons: 32321.40918
tot_aggregated_send: 22504
tot_msg_rcv: 523
tot_msg_sent: 796
tot_reconf_duration: 18.21
tot_sleeping_duration: 1547354.923
tot_uptimes: 403
tot_uptimes_duration: 24120.0
