comms_cons: 159.11795198605756
finished_reconf: true
global_termination_time: 1573134.936
local_termination_time: 382799.7262000002
node_cons: 32317.560566705757
tot_aggregated_send: 21808
tot_msg_rcv: 875
tot_msg_sent: 1502
tot_reconf_duration: 15.34
tot_sleeping_duration: 1549014.8995200107
tot_uptimes: 403
tot_uptimes_duration: 24120.0364799893
