comms_cons: 158.23782399276485
finished_reconf: true
global_termination_time: 1571662.317
local_termination_time: 241632.04136000003
node_cons: 32300.862605588794
tot_aggregated_send: 22098
tot_msg_rcv: 730
tot_msg_sent: 1223
tot_reconf_duration: 3.05
tot_sleeping_duration: 1547542.2866000084
tot_uptimes: 403
tot_uptimes_duration: 24120.030399991607
