comms_cons: 310.1950589686773
finished_reconf: true
global_termination_time: 1572811.382
local_termination_time: 2124.1080400000014
node_cons: 32305.159324472
tot_aggregated_send: 0
tot_msg_rcv: 23823
tot_msg_sent: 23322
tot_reconf_duration: 6.22
tot_sleeping_duration: 1548691.3576800062
tot_uptimes: 403
tot_uptimes_duration: 24120.024319993987
