comms_cons: 65.51630080700693
finished_reconf: true
global_termination_time: 319407.6708000007
local_termination_time: 319407.6296800007
node_cons: 6605.943383922706
tot_aggregated_send: 0
tot_msg_rcv: 5207
tot_msg_sent: 4746
tot_reconf_duration: 24.59
tot_sleeping_duration: 314499.1195199987
tot_uptimes: 82
tot_uptimes_duration: 4908.551280002008
