comms_cons: 393.38303366137103
finished_reconf: true
global_termination_time: 3901703.874
local_termination_time: 1316296.8879599997
node_cons: 80272.08022670008
tot_aggregated_send: 54346
tot_msg_rcv: 1848
tot_msg_sent: 3596
tot_reconf_duration: 9.11
tot_sleeping_duration: 3841763.837520013
tot_uptimes: 1000
tot_uptimes_duration: 59940.036479986506
