comms_cons: 391.7534080554531
finished_reconf: true
global_termination_time: 3901872.228
local_termination_time: 1350758.2961999995
node_cons: 80280.20380334863
tot_aggregated_send: 54810
tot_msg_rcv: 1612
tot_msg_sent: 3123
tot_reconf_duration: 15.110000000000001
tot_sleeping_duration: 3841932.209760007
tot_uptimes: 1000
tot_uptimes_duration: 59940.01823999314
