comms_cons: 395.11977604495524
finished_reconf: true
global_termination_time: 3902031.254
local_termination_time: 2317869.1661599996
node_cons: 80266.2164033495
tot_aggregated_send: 54114
tot_msg_rcv: 2112
tot_msg_sent: 3829
tot_reconf_duration: 4.8100000000000005
tot_sleeping_duration: 3842091.2357600066
tot_uptimes: 1000
tot_uptimes_duration: 59940.0182399936
