comms_cons: 393.04627845414325
finished_reconf: true
global_termination_time: 3902508.417
local_termination_time: 1549919.99248
node_cons: 80276.84410446644
tot_aggregated_send: 54636
tot_msg_rcv: 1804
tot_msg_sent: 3299
tot_reconf_duration: 12.629999999999999
tot_sleeping_duration: 3842568.392680009
tot_uptimes: 1000
tot_uptimes_duration: 59940.02431999124
