comms_cons: 395.35676806417416
finished_reconf: true
global_termination_time: 3904550.996
local_termination_time: 1809843.17836
node_cons: 80285.08716446621
tot_aggregated_send: 53882
tot_msg_rcv: 2161
tot_msg_sent: 4048
tot_reconf_duration: 18.700000000000003
tot_sleeping_duration: 3844610.971680009
tot_uptimes: 1000
tot_uptimes_duration: 59940.024319991004
