comms_cons: 392.94543364821726
finished_reconf: true
global_termination_time: 3901883.344
local_termination_time: 2171399.6039999994
node_cons: 80265.65418446645
tot_aggregated_send: 54114
tot_msg_rcv: 1780
tot_msg_sent: 3830
tot_reconf_duration: 4.390000000000001
tot_sleeping_duration: 3841943.319680009
tot_uptimes: 1000
tot_uptimes_duration: 59940.02431999124
