comms_cons: 396.03619847638095
finished_reconf: true
global_termination_time: 3904553.542
local_termination_time: 1994985.7177599992
node_cons: 80270.33654781747
tot_aggregated_send: 53824
tot_msg_rcv: 2250
tot_msg_sent: 4121
tot_reconf_duration: 7.819999999999999
tot_sleeping_duration: 3844613.4994400153
tot_uptimes: 1000
tot_uptimes_duration: 59940.042559984606
