comms_cons: 19.594476799938693
finished_reconf: true
global_termination_time: 196092.367
local_termination_time: 91498.98391999955
node_cons: 4025.5282400000015
tot_aggregated_send: 2668
tot_msg_rcv: 81
tot_msg_sent: 229
tot_reconf_duration: 6.279999999999999
tot_sleeping_duration: 193092.367
tot_uptimes: 51
tot_uptimes_duration: 3000.0
