comms_cons: 19.652697600100055
finished_reconf: true
global_termination_time: 196108.326
local_termination_time: 137725.61040000082
node_cons: 4023.5401211214307
tot_aggregated_send: 2668
tot_msg_rcv: 90
tot_msg_sent: 229
tot_reconf_duration: 4.8100000000000005
tot_sleeping_duration: 193108.31991999893
tot_uptimes: 51
tot_uptimes_duration: 3000.0060800010688
