comms_cons: 84.06901759891208
finished_reconf: true
global_termination_time: 849926.156
local_termination_time: 565260.99836
node_cons: 17468.137400000087
tot_aggregated_send: 12296
tot_msg_rcv: 216
tot_msg_sent: 266
tot_reconf_duration: 25.299999999999997
tot_sleeping_duration: 836906.156
tot_uptimes: 218
tot_uptimes_duration: 13020.0
