comms_cons: 84.6019328006499
finished_reconf: true
global_termination_time: 852151.795
local_termination_time: 225136.97036000004
node_cons: 17518.26190000001
tot_aggregated_send: 12296
tot_msg_rcv: 217
tot_msg_sent: 346
tot_reconf_duration: 3.05
tot_sleeping_duration: 839071.795
tot_uptimes: 219
tot_uptimes_duration: 13080.0
