comms_cons: 349.0927680263676
finished_reconf: true
global_termination_time: 3474799.53
local_termination_time: 1608466.6078399997
node_cons: 71453.04312334911
tot_aggregated_send: 48546
tot_msg_rcv: 1514
tot_msg_sent: 3000
tot_reconf_duration: 22.65
tot_sleeping_duration: 3421459.5117600067
tot_uptimes: 890
tot_uptimes_duration: 53340.018239993165
