comms_cons: 347.1251712402875
finished_reconf: true
global_termination_time: 3468666.742
local_termination_time: 587853.2313599999
node_cons: 71346.15148669964
tot_aggregated_send: 48488
tot_msg_rcv: 1335
tot_msg_sent: 2938
tot_reconf_duration: 3.08
tot_sleeping_duration: 3415386.7055200143
tot_uptimes: 889
tot_uptimes_duration: 53280.03647998604
