comms_cons: 347.92188162301034
finished_reconf: true
global_termination_time: 3470670.103
local_termination_time: 1553604.77136
node_cons: 71348.47640334927
tot_aggregated_send: 48778
tot_msg_rcv: 1376
tot_msg_sent: 2728
tot_reconf_duration: 4.8100000000000005
tot_sleeping_duration: 3417390.084760007
tot_uptimes: 889
tot_uptimes_duration: 53280.01823999314
