comms_cons: 352.263526440919
finished_reconf: true
global_termination_time: 3474287.549
local_termination_time: 739853.59836
node_cons: 71426.43446446609
tot_aggregated_send: 48140
tot_msg_rcv: 1975
tot_msg_sent: 3427
tot_reconf_duration: 3.05
tot_sleeping_duration: 3420947.524680009
tot_uptimes: 890
tot_uptimes_duration: 53340.02431999077
