comms_cons: 183.4287232227333
finished_reconf: true
global_termination_time: 582582.1020000005
local_termination_time: 19831.77748
node_cons: 35300.813045363575
tot_aggregated_send: 0
tot_msg_rcv: 11265
tot_msg_sent: 16615
tot_reconf_duration: 18.21
tot_sleeping_duration: 556237.0057599979
tot_uptimes: 430
tot_uptimes_duration: 26345.0962400027
