comms_cons: 75.10877440938629
finished_reconf: true
global_termination_time: 582616.334
local_termination_time: 21707.68936
node_cons: 11976.637902242877
tot_aggregated_send: 0
tot_msg_rcv: 5786
tot_msg_sent: 5631
tot_reconf_duration: 4.390000000000001
tot_sleeping_duration: 573676.3218399979
tot_uptimes: 150
tot_uptimes_duration: 8940.012160002138
