comms_cons: 394.7995520816099
finished_reconf: true
global_termination_time: 3900598.044
local_termination_time: 743035.1403599998
node_cons: 80183.58833596835
tot_aggregated_send: 53824
tot_msg_rcv: 2113
tot_msg_sent: 4071
tot_reconf_duration: 3.08
tot_sleeping_duration: 3840717.9800000223
tot_uptimes: 999
tot_uptimes_duration: 59880.063999977894
