comms_cons: 69.06311679945854
finished_reconf: true
global_termination_time: 697639.912
local_termination_time: 169505.56336000006
node_cons: 14306.481620000039
tot_aggregated_send: 10034
tot_msg_rcv: 177
tot_msg_sent: 286
tot_reconf_duration: 4.390000000000001
tot_sleeping_duration: 686959.912
tot_uptimes: 179
tot_uptimes_duration: 10680.0
