comms_cons: 68.06182400012716
finished_reconf: true
global_termination_time: 693293.82524
local_termination_time: 208563.71
node_cons: 14245.21536320281
tot_aggregated_send: 10089
tot_msg_rcv: 82
tot_msg_sent: 173
tot_reconf_duration: 6.22
tot_sleeping_duration: 682661.436439998
tot_uptimes: 178
tot_uptimes_duration: 10632.388800002082
