comms_cons: 120.97895679503894
finished_reconf: true
global_termination_time: 1199973.011
local_termination_time: 81317.357
node_cons: 24671.502586553466
tot_aggregated_send: 16759
tot_msg_rcv: 581
tot_msg_sent: 1048
tot_reconf_duration: 4.390000000000001
tot_sleeping_duration: 1181552.143960005
tot_uptimes: 308
tot_uptimes_duration: 18420.867039995093
