comms_cons: 628.7988928667392
finished_reconf: true
global_termination_time: 6492101.909
local_termination_time: 3575793.2249199995
node_cons: 133532.0220822301
tot_aggregated_send: 90016
tot_msg_rcv: 1887
tot_msg_sent: 3670
tot_reconf_duration: 5.1
tot_sleeping_duration: 6392381.896840004
tot_uptimes: 1663
tot_uptimes_duration: 99720.01215999573
