comms_cons: 633.6822272739435
finished_reconf: true
global_termination_time: 6493015.141
local_termination_time: 1540602.1803599999
node_cons: 133533.56746558106
tot_aggregated_send: 90538
tot_msg_rcv: 1945
tot_msg_sent: 3833
tot_reconf_duration: 6.22
tot_sleeping_duration: 6393295.1106000105
tot_uptimes: 1663
tot_uptimes_duration: 99720.0303999891
