comms_cons: 54.36455680226481
finished_reconf: true
global_termination_time: 509929.799
local_termination_time: 260136.6485600007
node_cons: 10468.969885607135
tot_aggregated_send: 6090
tot_msg_rcv: 810
tot_msg_sent: 1364
tot_reconf_duration: 18.21
tot_sleeping_duration: 502129.7685999947
tot_uptimes: 131
tot_uptimes_duration: 7800.030400005329
