comms_cons: 51.758220800816986
finished_reconf: true
global_termination_time: 508000.26
local_termination_time: 327225.5263600001
node_cons: 10454.827701121454
tot_aggregated_send: 6902
tot_msg_rcv: 332
tot_msg_sent: 632
tot_reconf_duration: 7.819999999999999
tot_sleeping_duration: 500200.25391999894
tot_uptimes: 131
tot_uptimes_duration: 7800.006080001069
