comms_cons: 21.336345599641284
finished_reconf: true
global_termination_time: 196215.12548000008
local_termination_time: 196215.08436000007
node_cons: 4068.78422432043
tot_aggregated_send: 2306
tot_msg_rcv: 341
tot_msg_sent: 595
tot_reconf_duration: 24.59
tot_sleeping_duration: 193201.39059999975
tot_uptimes: 51
tot_uptimes_duration: 3013.734880000309
