comms_cons: 265.50424320062575
finished_reconf: true
global_termination_time: 2691453.582479999
local_termination_time: 2691453.5413599988
node_cons: 55441.19790183404
tot_aggregated_send: 38962
tot_msg_rcv: 374
tot_msg_sent: 1018
tot_reconf_duration: 24.59
tot_sleeping_duration: 2650073.593920002
tot_uptimes: 690
tot_uptimes_duration: 41379.98855999648
