comms_cons: 268.4367615946567
finished_reconf: true
global_termination_time: 2696038.464
local_termination_time: 448504.13836
node_cons: 55440.5860433495
tot_aggregated_send: 37352
tot_msg_rcv: 1182
tot_msg_sent: 2266
tot_reconf_duration: 4.390000000000001
tot_sleeping_duration: 2654638.445760007
tot_uptimes: 691
tot_uptimes_duration: 41400.0182399929
