comms_cons: 77.54708479917655
finished_reconf: true
global_termination_time: 88586.46307999938
local_termination_time: 88586.42195999938
node_cons: 9070.265228315802
tot_aggregated_send: 0
tot_msg_rcv: 5264
tot_msg_sent: 6521
tot_reconf_duration: 24.59
tot_sleeping_duration: 81837.49220000251
tot_uptimes: 110
tot_uptimes_duration: 6748.970879996865
