comms_cons: 8.816127999942731
finished_reconf: true
global_termination_time: 93048.112
local_termination_time: 80102.45947999996
node_cons: 1858.4395600000091
tot_aggregated_send: 1276
tot_msg_rcv: 13
tot_msg_sent: 51
tot_reconf_duration: 7.819999999999999
tot_sleeping_duration: 91668.112
tot_uptimes: 24
tot_uptimes_duration: 1380.0
