comms_cons: 261.51787519724604
finished_reconf: true
global_termination_time: 2810393.178
local_termination_time: 4239.8679999999995
node_cons: 57879.23344112039
tot_aggregated_send: 38661
tot_msg_rcv: 429
tot_msg_sent: 659
tot_reconf_duration: 25.35
tot_sleeping_duration: 2767193.171919999
tot_uptimes: 720
tot_uptimes_duration: 43200.00608000107
