comms_cons: 272.1352576146377
finished_reconf: true
global_termination_time: 2810561.553
local_termination_time: 4919.929
node_cons: 57855.09360558835
tot_aggregated_send: 39432
tot_msg_rcv: 735
tot_msg_sent: 1195
tot_reconf_duration: 7.55
tot_sleeping_duration: 2767361.5226000077
tot_uptimes: 720
tot_uptimes_duration: 43200.03039999207
