comms_cons: 0.7500287999975243
finished_reconf: true
global_termination_time: 4205.52
local_termination_time: 2719.9313600000005
node_cons: 90.95956000000021
tot_aggregated_send: 0
tot_msg_rcv: 63
tot_msg_sent: 51
tot_reconf_duration: 7.819999999999999
tot_sleeping_duration: 4145.52
tot_uptimes: 2
tot_uptimes_duration: 60.0
