comms_cons: 1.0526720000001653
finished_reconf: true
global_termination_time: 6709.516
local_termination_time: 110.53444000000013
node_cons: 114.69739999999999
tot_aggregated_send: 0
tot_msg_rcv: 123
tot_msg_sent: 35
tot_reconf_duration: 25.299999999999997
tot_sleeping_duration: 6649.516
tot_uptimes: 2
tot_uptimes_duration: 60.0
