comms_cons: 82.79304960757064
finished_reconf: true
global_termination_time: 286574.5066800003
local_termination_time: 286574.4655600003
node_cons: 11604.26488352035
tot_aggregated_send: 0
tot_msg_rcv: 4246
tot_msg_sent: 8337
tot_reconf_duration: 24.59
tot_sleeping_duration: 277933.079
tot_uptimes: 143
tot_uptimes_duration: 8641.42768000024
