comms_cons: 397.4968192822419
finished_reconf: true
global_termination_time: 3927468.91848
local_termination_time: 3927468.87736
node_cons: 80810.96705436704
tot_aggregated_send: 54088
tot_msg_rcv: 2129
tot_msg_sent: 4199
tot_reconf_duration: 37.410000000000004
tot_sleeping_duration: 3867155.128880023
tot_uptimes: 1006
tot_uptimes_duration: 60313.789599977106
