comms_cons: 297.1429888243013
finished_reconf: true
global_termination_time: 2959006.3032399877
local_termination_time: 90588.25147999996
node_cons: 60919.37065828185
tot_aggregated_send: 40542
tot_msg_rcv: 1375
tot_msg_sent: 3246
tot_reconf_duration: 18.21
tot_sleeping_duration: 2913528.6023600153
tot_uptimes: 758
tot_uptimes_duration: 45477.70087997237
