comms_cons: 291.0710143828548
finished_reconf: true
global_termination_time: 2962129.854
local_termination_time: 1705265.10436
node_cons: 60906.25638111571
tot_aggregated_send: 40716
tot_msg_rcv: 1199
tot_msg_sent: 2326
tot_reconf_duration: 6.279999999999999
tot_sleeping_duration: 2916649.847920002
tot_uptimes: 759
tot_uptimes_duration: 45480.006079997635
