comms_cons: 290.30062079363114
finished_reconf: true
global_termination_time: 2961813.154
local_termination_time: 2032225.2023599998
node_cons: 60915.60485999873
tot_aggregated_send: 42224
tot_msg_rcv: 675
tot_msg_sent: 1225
tot_reconf_duration: 13.17
tot_sleeping_duration: 2916333.154
tot_uptimes: 759
tot_uptimes_duration: 45480.0
