comms_cons: 532.1203713829799
finished_reconf: true
global_termination_time: 2959635.459
local_termination_time: 1475034.00636
node_cons: 60832.747121115746
tot_aggregated_send: 0
tot_msg_rcv: 40681
tot_msg_sent: 40199
tot_reconf_duration: 11.31
tot_sleeping_duration: 2914215.452920002
tot_uptimes: 758
tot_uptimes_duration: 45420.006079997635
