comms_cons: 270.2745662166625
finished_reconf: true
global_termination_time: 1567770.041
local_termination_time: 298061.492
node_cons: 32259.922785012717
tot_aggregated_send: 0
tot_msg_rcv: 20832
tot_msg_sent: 20249
tot_reconf_duration: 22.65
tot_sleeping_duration: 1543700.4636400205
tot_uptimes: 402
tot_uptimes_duration: 24069.577359979565
