comms_cons: 154.19075839324205
finished_reconf: true
global_termination_time: 1562948.158
local_termination_time: 907167.24836
node_cons: 32170.365541116946
tot_aggregated_send: 22214
tot_msg_rcv: 373
tot_msg_sent: 849
tot_reconf_duration: 25.299999999999997
tot_sleeping_duration: 1538948.1519200024
tot_uptimes: 401
tot_uptimes_duration: 24000.006079997635
