comms_cons: 268.5710590191208
finished_reconf: true
global_termination_time: 1564293.096
local_termination_time: 295682.49860000005
node_cons: 32142.556403350543
tot_aggregated_send: 0
tot_msg_rcv: 20621
tot_msg_sent: 20200
tot_reconf_duration: 4.8100000000000005
tot_sleeping_duration: 1540293.077760007
tot_uptimes: 401
tot_uptimes_duration: 24000.018239992904
