comms_cons: 320.1724733549831
finished_reconf: true
global_termination_time: 1830082.887
local_termination_time: 366447.7053600001
node_cons: 37603.27818223357
tot_aggregated_send: 0
tot_msg_rcv: 24480
tot_msg_sent: 24184
tot_reconf_duration: 3.05
tot_sleeping_duration: 1802002.8748400048
tot_uptimes: 469
tot_uptimes_duration: 28080.01215999527
