comms_cons: 181.75187838616728
finished_reconf: true
global_termination_time: 1830974.064
local_termination_time: 384880.90936000005
node_cons: 37609.75584223352
tot_aggregated_send: 25462
tot_msg_rcv: 771
tot_msg_sent: 1393
tot_reconf_duration: 7.819999999999999
tot_sleeping_duration: 1802894.0518400047
tot_uptimes: 469
tot_uptimes_duration: 28080.01215999527
