comms_cons: 399.19296002910255
finished_reconf: true
global_termination_time: 4072031.788
local_termination_time: 1367823.39636
node_cons: 83735.16153078068
tot_aggregated_send: 56202
tot_msg_rcv: 1515
tot_msg_sent: 2958
tot_reconf_duration: 15.34
tot_sleeping_duration: 4009511.750800013
tot_uptimes: 1043
tot_uptimes_duration: 62520.0371999871
