comms_cons: 404.6451712327971
finished_reconf: true
global_termination_time: 4067431.356
local_termination_time: 279341.38700000005
node_cons: 83669.02302725066
tot_aggregated_send: 56896
tot_msg_rcv: 1477
tot_msg_sent: 3130
tot_reconf_duration: 22.65
tot_sleeping_duration: 4004968.1264800206
tot_uptimes: 1042
tot_uptimes_duration: 62463.22951997968
