comms_cons: 12.691507199660911
finished_reconf: true
global_termination_time: 101844.266
local_termination_time: 8589.0582
node_cons: 2099.483983358593
tot_aggregated_send: 754
tot_msg_rcv: 475
tot_msg_sent: 700
tot_reconf_duration: 7.819999999999999
tot_sleeping_duration: 100284.24776000105
tot_uptimes: 27
tot_uptimes_duration: 1560.0182399989499
