comms_cons: 241.39054078624594
finished_reconf: true
global_termination_time: 2420325.674
local_termination_time: 786628.07436
node_cons: 49734.62632334988
tot_aggregated_send: 33640
tot_msg_rcv: 1013
tot_msg_sent: 2036
tot_reconf_duration: 3.05
tot_sleeping_duration: 2383185.6557600074
tot_uptimes: 620
tot_uptimes_duration: 37140.0182399929
