comms_cons: 47.962368001530336
finished_reconf: true
global_termination_time: 463786.656
local_termination_time: 143844.86936000004
node_cons: 9510.903123364295
tot_aggregated_send: 5800
tot_msg_rcv: 460
tot_msg_sent: 1030
tot_reconf_duration: 22.65
tot_sleeping_duration: 456706.6377599968
tot_uptimes: 119
tot_uptimes_duration: 7080.018240003206
