comms_cons: 56.13373439976349
finished_reconf: true
global_termination_time: 565556.342
local_termination_time: 6228.902000000001
node_cons: 11577.70348240002
tot_aggregated_send: 8001
tot_msg_rcv: 184
tot_msg_sent: 347
tot_reconf_duration: 6.22
tot_sleeping_duration: 556916.1203999999
tot_uptimes: 145
tot_uptimes_duration: 8640.221600000004
