comms_cons: 49.41041920168386
finished_reconf: true
global_termination_time: 472146.057
local_termination_time: 5423.629480000004
node_cons: 9648.318394962878
tot_aggregated_send: 5916
tot_msg_rcv: 551
tot_msg_sent: 1044
tot_reconf_duration: 4.390000000000001
tot_sleeping_duration: 464944.8943599978
tot_uptimes: 121
tot_uptimes_duration: 7201.162640002141
