comms_cons: 49.41041920109711
finished_reconf: true
global_termination_time: 470514.296
local_termination_time: 100386.67403999953
node_cons: 9644.982605600313
tot_aggregated_send: 6148
tot_msg_rcv: 546
tot_msg_sent: 816
tot_reconf_duration: 3.05
tot_sleeping_duration: 463314.26559999975
tot_uptimes: 121
tot_uptimes_duration: 7200.030400000236
