comms_cons: 0.5065984000000807
finished_reconf: true
global_termination_time: 4812.424
local_termination_time: 193.48247999999995
node_cons: 105.06918000000002
tot_aggregated_send: 0
tot_msg_rcv: 34
tot_msg_sent: 42
tot_reconf_duration: 18.21
tot_sleeping_duration: 4752.424
tot_uptimes: 2
tot_uptimes_duration: 60.0
