comms_cons: 0.8684544000000353
finished_reconf: true
global_termination_time: 6655.032
local_termination_time: 57.78147999999997
node_cons: 93.14189368000017
tot_aggregated_send: 0
tot_msg_rcv: 81
tot_msg_sent: 51
tot_reconf_duration: 9.42
tot_sleeping_duration: 6595.02488
tot_uptimes: 2
tot_uptimes_duration: 60.00712000000013
