comms_cons: 259.9000639969065
finished_reconf: true
global_termination_time: 2544332.264
local_termination_time: 182514.44936000006
node_cons: 52307.42373676154
tot_aggregated_send: 34104
tot_msg_rcv: 1840
tot_msg_sent: 3557
tot_reconf_duration: 4.390000000000001
tot_sleeping_duration: 2505272.172800028
tot_uptimes: 652
tot_uptimes_duration: 39060.09119997185
