comms_cons: 216.17075197319113
finished_reconf: true
global_termination_time: 2112258.364
local_termination_time: 1191941.5736799994
node_cons: 43392.177086700634
tot_aggregated_send: 28420
tot_msg_rcv: 1531
tot_msg_sent: 2905
tot_reconf_duration: 6.279999999999999
tot_sleeping_duration: 2079858.3275200143
tot_uptimes: 541
tot_uptimes_duration: 32400.036479985807
