comms_cons: 215.09934077289645
finished_reconf: true
global_termination_time: 2110269.067
local_termination_time: 191399.65832000066
node_cons: 43391.06349229394
tot_aggregated_send: 28246
tot_msg_rcv: 1476
tot_msg_sent: 2971
tot_reconf_duration: 5.43
tot_sleeping_duration: 2077869.000120019
tot_uptimes: 541
tot_uptimes_duration: 32400.066879980848
