comms_cons: 0.9737215999967846
finished_reconf: true
global_termination_time: 7144.77
local_termination_time: 2644.3173600000005
node_cons: 114.69740000000024
tot_aggregated_send: 0
tot_msg_rcv: 113
tot_msg_sent: 34
tot_reconf_duration: 25.299999999999997
tot_sleeping_duration: 7084.77
tot_uptimes: 2
tot_uptimes_duration: 60.0
