comms_cons: 81.34063999994255
finished_reconf: true
global_termination_time: 826461.326
local_termination_time: 90507.29635999996
node_cons: 16956.302880000025
tot_aggregated_send: 11832
tot_msg_rcv: 128
tot_msg_sent: 403
tot_reconf_duration: 3.3600000000000003
tot_sleeping_duration: 813801.326
tot_uptimes: 212
tot_uptimes_duration: 12660.0
