comms_cons: 82.06956799839587
finished_reconf: true
global_termination_time: 826671.059
local_termination_time: 121773.44867999984
node_cons: 16957.70162000002
tot_aggregated_send: 11948
tot_msg_rcv: 240
tot_msg_sent: 286
tot_reconf_duration: 4.390000000000001
tot_sleeping_duration: 814011.059
tot_uptimes: 212
tot_uptimes_duration: 12660.0
