comms_cons: 82.01035519873348
finished_reconf: true
global_termination_time: 826390.362
local_termination_time: 58996.87936000001
node_cons: 16962.367701119176
tot_aggregated_send: 11658
tot_msg_rcv: 234
tot_msg_sent: 573
tot_reconf_duration: 7.819999999999999
tot_sleeping_duration: 813730.3559200006
tot_uptimes: 212
tot_uptimes_duration: 12660.006079999366
