comms_cons: 76.45688319979116
finished_reconf: true
global_termination_time: 767675.847
local_termination_time: 240561.02356000026
node_cons: 15759.011380000025
tot_aggregated_send: 11078
tot_msg_rcv: 261
tot_msg_sent: 282
tot_reconf_duration: 9.11
tot_sleeping_duration: 755915.847
tot_uptimes: 197
tot_uptimes_duration: 11759.999999999985
