comms_cons: 75.6026431999473
finished_reconf: true
global_termination_time: 763653.159
local_termination_time: 8459.208
node_cons: 15683.519134479182
tot_aggregated_send: 10842
tot_msg_rcv: 190
tot_msg_sent: 459
tot_reconf_duration: 10.95
tot_sleeping_duration: 751951.4046800006
tot_uptimes: 196
tot_uptimes_duration: 11701.75431999937
