comms_cons: 151.54529279914786
finished_reconf: true
global_termination_time: 1560508.131
local_termination_time: 603908.9643599999
node_cons: 32063.224059999982
tot_aggregated_send: 22446
tot_msg_rcv: 185
tot_msg_sent: 403
tot_reconf_duration: 5.57
tot_sleeping_duration: 1536568.131
tot_uptimes: 400
tot_uptimes_duration: 23940.0
