comms_cons: 150.91368960008282
finished_reconf: true
global_termination_time: 1560800.611
local_termination_time: 277739.05784000055
node_cons: 32090.017400000037
tot_aggregated_send: 22678
tot_msg_rcv: 88
tot_msg_sent: 172
tot_reconf_duration: 25.299999999999997
tot_sleeping_duration: 1536860.611
tot_uptimes: 400
tot_uptimes_duration: 23940.0
