comms_cons: 151.50484479837007
finished_reconf: true
global_termination_time: 1558900.146
local_termination_time: 454166.3301600003
node_cons: 32061.62161999999
tot_aggregated_send: 22562
tot_msg_rcv: 169
tot_msg_sent: 296
tot_reconf_duration: 4.390000000000001
tot_sleeping_duration: 1534960.146
tot_uptimes: 400
tot_uptimes_duration: 23940.0
