comms_cons: 145.1207935644559
finished_reconf: true
global_termination_time: 736130.9726399982
local_termination_time: 2885.7763600000003
node_cons: 15208.360278471318
tot_aggregated_send: 0
tot_msg_rcv: 11111
tot_msg_sent: 10943
tot_reconf_duration: 18.21
tot_sleeping_duration: 724791.4423200047
tot_uptimes: 189
tot_uptimes_duration: 11339.5303199935
