comms_cons: 218.45015667844135
finished_reconf: true
global_termination_time: 1098529.273
local_termination_time: 2275.9294800000002
node_cons: 22600.309885593393
tot_aggregated_send: 0
tot_msg_rcv: 16905
tot_msg_sent: 16297
tot_reconf_duration: 18.21
tot_sleeping_duration: 1081669.2426000051
tot_uptimes: 282
tot_uptimes_duration: 16860.03039999504
