comms_cons: 107.89035519373269
finished_reconf: true
global_termination_time: 1096858.567
local_termination_time: 366518.12636000005
node_cons: 22499.43148670565
tot_aggregated_send: 14442
tot_msg_rcv: 671
tot_msg_sent: 1285
tot_reconf_duration: 3.08
tot_sleeping_duration: 1080058.5305200107
tot_uptimes: 281
tot_uptimes_duration: 16800.03647998924
