comms_cons: 108.64890879715172
finished_reconf: true
global_termination_time: 1096877.487
local_termination_time: 500842.27336000005
node_cons: 22515.727521121447
tot_aggregated_send: 14616
tot_msg_rcv: 664
tot_msg_sent: 1234
tot_reconf_duration: 15.110000000000001
tot_sleeping_duration: 1080077.4809199988
tot_uptimes: 281
tot_uptimes_duration: 16800.00608000107
