comms_cons: 122.9921919876254
finished_reconf: true
global_termination_time: 1205683.954
local_termination_time: 294075.10700000095
node_cons: 24783.9381240758
tot_aggregated_send: 16182
tot_msg_rcv: 828
tot_msg_sent: 1685
tot_reconf_duration: 18.21
tot_sleeping_duration: 1187193.1332800032
tot_uptimes: 309
tot_uptimes_duration: 18490.820719996816
