comms_cons: 124.679219188687
finished_reconf: true
global_termination_time: 1206289.087
local_termination_time: 532028.3720000001
node_cons: 24757.74331655357
tot_aggregated_send: 15832
tot_msg_rcv: 1139
tot_msg_sent: 1979
tot_reconf_duration: 6.279999999999999
tot_sleeping_duration: 1187805.7299600048
tot_uptimes: 309
tot_uptimes_duration: 18483.357039995142
