comms_cons: 122.68234239144438
finished_reconf: true
global_termination_time: 1209230.552
local_termination_time: 499143.7776000001
node_cons: 24831.591980000037
tot_aggregated_send: 16472
tot_msg_rcv: 727
tot_msg_sent: 1448
tot_reconf_duration: 4.8100000000000005
tot_sleeping_duration: 1190690.552
tot_uptimes: 310
tot_uptimes_duration: 18540.0
