comms_cons: 123.03761918588529
finished_reconf: true
global_termination_time: 1209821.711
local_termination_time: 170187.789
node_cons: 24837.711046111825
tot_aggregated_send: 15310
tot_msg_rcv: 1080
tot_msg_sent: 2311
tot_reconf_duration: 5.43
tot_sleeping_duration: 1191277.769920006
tot_uptimes: 310
tot_uptimes_duration: 18543.941079993878
