comms_cons: 57.71932160001698
finished_reconf: true
global_termination_time: 566615.393
local_termination_time: 234884.2602400005
node_cons: 11656.242082242885
tot_aggregated_send: 7772
tot_msg_rcv: 361
tot_msg_sent: 640
tot_reconf_duration: 5.1
tot_sleeping_duration: 557915.3808399979
tot_uptimes: 146
tot_uptimes_duration: 8700.012160002138
