comms_cons: 56.42321920059908
finished_reconf: true
global_termination_time: 568977.755
local_termination_time: 414710.26036
node_cons: 11667.193001121424
tot_aggregated_send: 7830
tot_msg_rcv: 289
tot_msg_sent: 457
tot_reconf_duration: 13.17
tot_sleeping_duration: 560277.748919999
tot_uptimes: 146
tot_uptimes_duration: 8700.006080001069
