comms_cons: 58.5604864002314
finished_reconf: true
global_termination_time: 567920.634
local_termination_time: 79719.47571999967
node_cons: 11680.115687845444
tot_aggregated_send: 7598
tot_msg_rcv: 502
tot_msg_sent: 800
tot_reconf_duration: 22.65
tot_sleeping_duration: 559220.5914399959
tot_uptimes: 146
tot_uptimes_duration: 8700.042560004047
