comms_cons: 216.3572735939489
finished_reconf: true
global_termination_time: 2191100.8706
local_termination_time: 2191100.82948
node_cons: 45136.11296839889
tot_aggregated_send: 31725
tot_msg_rcv: 364
tot_msg_sent: 796
tot_reconf_duration: 33.589999999999996
tot_sleeping_duration: 2157426.115
tot_uptimes: 562
tot_uptimes_duration: 33674.7555999998
