comms_cons: 207.67244799750407
finished_reconf: true
global_termination_time: 2192568.513
local_termination_time: 4935.555
node_cons: 45081.00104111635
tot_aggregated_send: 30964
tot_msg_rcv: 222
tot_msg_sent: 379
tot_reconf_duration: 7.55
tot_sleeping_duration: 2158908.5069200024
tot_uptimes: 562
tot_uptimes_duration: 33660.006079997635
