comms_cons: 31.652531200126685
finished_reconf: true
global_termination_time: 319380.016
local_termination_time: 21762.85636
node_cons: 6514.071980000009
tot_aggregated_send: 4466
tot_msg_rcv: 117
tot_msg_sent: 228
tot_reconf_duration: 4.8100000000000005
tot_sleeping_duration: 314520.016
tot_uptimes: 82
tot_uptimes_duration: 4860.0
