comms_cons: 47.916313601026616
finished_reconf: true
global_termination_time: 463670.77548000054
local_termination_time: 463670.7343600005
node_cons: 9567.074184082747
tot_aggregated_send: 6134
tot_msg_rcv: 416
tot_msg_sent: 732
tot_reconf_duration: 24.59
tot_sleeping_duration: 456550.7747599985
tot_uptimes: 119
tot_uptimes_duration: 7120.000720002034
