comms_cons: 45.909657600692604
finished_reconf: true
global_termination_time: 463671.50924000016
local_termination_time: 349319.7911600008
node_cons: 9508.970870481617
tot_aggregated_send: 6438
tot_msg_rcv: 166
tot_msg_sent: 373
tot_reconf_duration: 6.22
tot_sleeping_duration: 456576.27091999893
tot_uptimes: 119
tot_uptimes_duration: 7095.238320001226
