comms_cons: 9.172032000044933
finished_reconf: true
global_termination_time: 79932.444
local_termination_time: 17762.76436
node_cons: 1611.0152044800273
tot_aggregated_send: 522
tot_msg_rcv: 341
tot_msg_sent: 532
tot_reconf_duration: 3.08
tot_sleeping_duration: 78732.41967999998
tot_uptimes: 21
tot_uptimes_duration: 1200.0243200000186
