comms_cons: 11.178688000077177
finished_reconf: true
global_termination_time: 79636.341
local_termination_time: 43380.96448000002
node_cons: 1619.203944480026
tot_aggregated_send: 464
tot_msg_rcv: 544
tot_msg_sent: 692
tot_reconf_duration: 9.11
tot_sleeping_duration: 78436.31667999999
tot_uptimes: 21
tot_uptimes_duration: 1200.0243200000186
