comms_cons: 1.32899839999561
finished_reconf: true
global_termination_time: 9817.627480000001
local_termination_time: 9817.586360000001
node_cons: 229.83307872000086
tot_aggregated_send: 0
tot_msg_rcv: 104
tot_msg_sent: 97
tot_reconf_duration: 37.410000000000004
tot_sleeping_duration: 9683.923
tot_uptimes: 3
tot_uptimes_duration: 133.70448000000033
