comms_cons: 197.26292478227802
finished_reconf: true
global_termination_time: 1980533.621
local_termination_time: 357007.1825600007
node_cons: 40738.96896781753
tot_aggregated_send: 26506
tot_msg_rcv: 1204
tot_msg_sent: 2272
tot_reconf_duration: 4.8100000000000005
tot_sleeping_duration: 1950113.5784400166
tot_uptimes: 508
tot_uptimes_duration: 30420.04255998344
