comms_cons: 44.25703680009903
finished_reconf: true
global_termination_time: 451788.959
local_termination_time: 315266.45716000034
node_cons: 9256.98485999999
tot_aggregated_send: 6264
tot_msg_rcv: 124
tot_msg_sent: 338
tot_reconf_duration: 13.17
tot_sleeping_duration: 444888.959
tot_uptimes: 116
tot_uptimes_duration: 6900.0
