comms_cons: 44.81876480029249
finished_reconf: true
global_termination_time: 452642.849
local_termination_time: 250433.29836000004
node_cons: 9247.563042242875
tot_aggregated_send: 6032
tot_msg_rcv: 260
tot_msg_sent: 520
tot_reconf_duration: 6.22
tot_sleeping_duration: 445742.83683999785
tot_uptimes: 116
tot_uptimes_duration: 6900.0121600021375
