comms_cons: 1177.225710801331
finished_reconf: true
global_termination_time: 4037162.3323199996
local_termination_time: 4037162.2911999994
node_cons: 164958.6446766757
tot_aggregated_send: 0
tot_msg_rcv: 59916
tot_msg_sent: 119018
tot_reconf_duration: 24.59
tot_sleeping_duration: 3913991.8681999985
tot_uptimes: 2032
tot_uptimes_duration: 123170.46412000111
