comms_cons: 402.94397444610587
finished_reconf: true
global_termination_time: 4037162.7951199966
local_termination_time: 105909.61235999997
node_cons: 83043.74526972974
tot_aggregated_send: 56550
tot_msg_rcv: 1496
tot_msg_sent: 3198
tot_reconf_duration: 22.65
tot_sleeping_duration: 3975166.539280018
tot_uptimes: 1034
tot_uptimes_duration: 61996.255839978985
