comms_cons: 407.9063104558376
finished_reconf: true
global_termination_time: 4038781.455
local_termination_time: 922947.5849999981
node_cons: 83075.75074669917
tot_aggregated_send: 55390
tot_msg_rcv: 2364
tot_msg_sent: 4244
tot_reconf_duration: 3.05
tot_sleeping_duration: 3976741.418520014
tot_uptimes: 1035
tot_uptimes_duration: 62040.03647998598
