comms_cons: 404.41195524431276
finished_reconf: true
global_termination_time: 4039324.635
local_termination_time: 1019501.5563599998
node_cons: 83086.95154446544
tot_aggregated_send: 55390
tot_msg_rcv: 2162
tot_msg_sent: 3914
tot_reconf_duration: 11.31
tot_sleeping_duration: 3977284.6106800092
tot_uptimes: 1035
tot_uptimes_duration: 62040.02431999077
