comms_cons: 399.94298881144624
finished_reconf: true
global_termination_time: 4039903.536
local_termination_time: 1073239.8104399994
node_cons: 83078.95836334891
tot_aggregated_send: 56550
tot_msg_rcv: 1504
tot_msg_sent: 2735
tot_reconf_duration: 5.43
tot_sleeping_duration: 3977863.5177600062
tot_uptimes: 1035
tot_uptimes_duration: 62040.01823999337
