comms_cons: 111.86739199489594
finished_reconf: true
global_termination_time: 1131386.026
local_termination_time: 361558.79132000066
node_cons: 23249.691520714645
tot_aggregated_send: 16182
tot_msg_rcv: 313
tot_msg_sent: 510
tot_reconf_duration: 22.65
tot_sleeping_duration: 1114045.5235200042
tot_uptimes: 290
tot_uptimes_duration: 17340.50247999595
