comms_cons: 113.66751999572811
finished_reconf: true
global_termination_time: 1128125.57936
local_termination_time: 354838.6746000001
node_cons: 23168.186461273664
tot_aggregated_send: 15718
tot_msg_rcv: 569
tot_msg_sent: 989
tot_reconf_duration: 6.22
tot_sleeping_duration: 1110829.2838400048
tot_uptimes: 289
tot_uptimes_duration: 17296.29551999527
