comms_cons: 403.16248963559656
finished_reconf: true
global_termination_time: 4046576.459119994
local_termination_time: 99890.20159999996
node_cons: 83299.64970084818
tot_aggregated_send: 57014
tot_msg_rcv: 1394
tot_msg_sent: 2869
tot_reconf_duration: 22.65
tot_sleeping_duration: 3984389.0872000162
tot_uptimes: 1037
tot_uptimes_duration: 62187.37191997783
