comms_cons: 400.27194882164474
finished_reconf: true
global_termination_time: 4050873.796
local_termination_time: 1244263.8505199992
node_cons: 83319.99464558225
tot_aggregated_send: 55158
tot_msg_rcv: 1964
tot_msg_sent: 3717
tot_reconf_duration: 5.43
tot_sleeping_duration: 3988653.7656000117
tot_uptimes: 1038
tot_uptimes_duration: 62220.030399988405
