comms_cons: 55.4172288000154
finished_reconf: true
global_termination_time: 568262.911
local_termination_time: 204105.81136000008
node_cons: 11683.66554112147
tot_aggregated_send: 8294
tot_msg_rcv: 36
tot_msg_sent: 93
tot_reconf_duration: 25.299999999999997
tot_sleeping_duration: 559562.904919999
tot_uptimes: 146
tot_uptimes_duration: 8700.006080001069
