comms_cons: 55.53565439952035
finished_reconf: true
global_termination_time: 566308.0289199984
local_termination_time: 199429.93436000004
node_cons: 11748.583256877917
tot_aggregated_send: 8352
tot_msg_rcv: 11
tot_msg_sent: 77
tot_reconf_duration: 22.65
tot_sleeping_duration: 557556.853
tot_uptimes: 146
tot_uptimes_duration: 8751.175919998437
