comms_cons: 56.40348160044847
finished_reconf: true
global_termination_time: 568833.384
local_termination_time: 49718.552360000016
node_cons: 11665.460200000018
tot_aggregated_send: 8062
tot_msg_rcv: 174
tot_msg_sent: 337
tot_reconf_duration: 11.899999999999999
tot_sleeping_duration: 560133.384
tot_uptimes: 146
tot_uptimes_duration: 8700.0
