comms_cons: 315.6515648384599
finished_reconf: true
global_termination_time: 3092222.427
local_termination_time: 1255472.4237999984
node_cons: 63557.54965117262
tot_aggregated_send: 41644
tot_msg_rcv: 2090
tot_msg_sent: 4245
tot_reconf_duration: 6.279999999999999
tot_sleeping_duration: 3044762.3662000196
tot_uptimes: 792
tot_uptimes_duration: 47460.06079998048
