comms_cons: 304.65048320154347
finished_reconf: true
global_termination_time: 3091447.658
local_termination_time: 1573972.001
node_cons: 63571.77605351236
tot_aggregated_send: 44479
tot_msg_rcv: 608
tot_msg_sent: 1218
tot_reconf_duration: 13.17
tot_sleeping_duration: 3043983.9603200047
tot_uptimes: 792
tot_uptimes_duration: 47463.697679995326
