comms_cons: 304.919987208068
finished_reconf: true
global_termination_time: 3090443.915
local_termination_time: 1190011.2274799997
node_cons: 63561.73235999861
tot_aggregated_send: 44544
tot_msg_rcv: 476
tot_msg_sent: 1326
tot_reconf_duration: 9.42
tot_sleeping_duration: 3042983.915
tot_uptimes: 792
tot_uptimes_duration: 47460.0
