comms_cons: 301.91948799420067
finished_reconf: true
global_termination_time: 3089796.255
local_termination_time: 2224118.263639999
node_cons: 63565.10019999859
tot_aggregated_send: 44660
tot_msg_rcv: 392
tot_msg_sent: 838
tot_reconf_duration: 11.899999999999999
tot_sleeping_duration: 3042336.255
tot_uptimes: 792
tot_uptimes_duration: 47460.0
