comms_cons: 315.7223232382811
finished_reconf: true
global_termination_time: 3089962.701
local_termination_time: 198799.51536000008
node_cons: 63555.04001899869
tot_aggregated_send: 41006
tot_msg_rcv: 2257
tot_msg_sent: 4726
tot_reconf_duration: 4.390000000000001
tot_sleeping_duration: 3042502.5976400296
tot_uptimes: 792
tot_uptimes_duration: 47460.10335997009
