comms_cons: 309.37077758804713
finished_reconf: true
global_termination_time: 3091518.605
local_termination_time: 1644439.29736
node_cons: 63559.632830051254
tot_aggregated_send: 41470
tot_msg_rcv: 1758
tot_msg_sent: 3793
tot_reconf_duration: 7.819999999999999
tot_sleeping_duration: 3044058.5502800206
tot_uptimes: 792
tot_uptimes_duration: 47460.05471997941
