comms_cons: 319.5215552464458
finished_reconf: true
global_termination_time: 3088385.384239997
local_termination_time: 80538.73643999989
node_cons: 63504.52591282725
tot_aggregated_send: 40600
tot_msg_rcv: 2729
tot_msg_sent: 5235
tot_reconf_duration: 11.31
tot_sleeping_duration: 3040970.0243200352
tot_uptimes: 791
tot_uptimes_duration: 47415.35991996154
