comms_cons: 9.401676799984443
finished_reconf: true
global_termination_time: 3167.7496800000004
local_termination_time: 3167.7085600000005
node_cons: 1041.738792520001
tot_aggregated_send: 0
tot_msg_rcv: 686
tot_msg_sent: 741
tot_reconf_duration: 24.59
tot_sleeping_duration: 2414.691
tot_uptimes: 12
tot_uptimes_duration: 753.0586800000005
