comms_cons: 1.5790079999973998
finished_reconf: true
global_termination_time: 18881.412
local_termination_time: 7269.7883600000005
node_cons: 325.5426399999999
tot_aggregated_send: 0
tot_msg_rcv: 124
tot_msg_sent: 116
tot_reconf_duration: 3.08
tot_sleeping_duration: 18641.412
tot_uptimes: 5
tot_uptimes_duration: 240.0
