comms_cons: 2.2895615999924344
finished_reconf: true
global_termination_time: 17229.104
local_termination_time: 7049.48536
node_cons: 333.73137999999955
tot_aggregated_send: 0
tot_msg_rcv: 180
tot_msg_sent: 168
tot_reconf_duration: 9.11
tot_sleeping_duration: 16989.104
tot_uptimes: 5
tot_uptimes_duration: 240.0
