comms_cons: 2.888268799994639
finished_reconf: true
global_termination_time: 18888.582
local_termination_time: 9508.77036
node_cons: 329.81490112000535
tot_aggregated_send: 0
tot_msg_rcv: 267
tot_msg_sent: 172
tot_reconf_duration: 6.22
tot_sleeping_duration: 18648.575919999996
tot_uptimes: 5
tot_uptimes_duration: 240.00608000000466
