comms_cons: 795.5915522981237
finished_reconf: true
global_termination_time: 7870574.794239997
local_termination_time: 252395.4304800005
node_cons: 161930.31470164665
tot_aggregated_send: 108228
tot_msg_rcv: 4168
tot_msg_sent: 8527
tot_reconf_duration: 18.21
tot_sleeping_duration: 7749659.495120018
tot_uptimes: 2016
tot_uptimes_duration: 120915.29911997926
