comms_cons: 773.7934977184011
finished_reconf: true
global_termination_time: 7875726.033
local_termination_time: 5354424.9785199985
node_cons: 161980.31824111185
tot_aggregated_send: 109852
tot_msg_rcv: 2587
tot_msg_sent: 5173
tot_reconf_duration: 10.95
tot_sleeping_duration: 7754766.026920002
tot_uptimes: 2017
tot_uptimes_duration: 120960.00607999787
