comms_cons: 13.586047999864881
finished_reconf: true
global_termination_time: 138812.762
local_termination_time: 78825.30047999995
node_cons: 2818.4319799999976
tot_aggregated_send: 1914
tot_msg_rcv: 39
tot_msg_sent: 112
tot_reconf_duration: 4.8100000000000005
tot_sleeping_duration: 136712.762
tot_uptimes: 36
tot_uptimes_duration: 2100.0
