comms_cons: 14.092646399925586
finished_reconf: true
global_termination_time: 144106.274
local_termination_time: 14671.756600000002
node_cons: 2898.20162
tot_aggregated_send: 1972
tot_msg_rcv: 58
tot_msg_sent: 112
tot_reconf_duration: 4.390000000000001
tot_sleeping_duration: 141946.274
tot_uptimes: 37
tot_uptimes_duration: 2160.0
