comms_cons: 264.2021887900447
finished_reconf: true
global_termination_time: 2702847.576
local_termination_time: 2849.6982399999997
node_cons: 55602.14600670069
tot_aggregated_send: 37642
tot_msg_rcv: 824
tot_msg_sent: 1692
tot_reconf_duration: 5.02
tot_sleeping_duration: 2661327.5395200136
tot_uptimes: 693
tot_uptimes_duration: 41520.03647998627
