comms_cons: 266.58003840224603
finished_reconf: true
global_termination_time: 2705611.203
local_termination_time: 7333.689
node_cons: 55600.69294670069
tot_aggregated_send: 37231
tot_msg_rcv: 1075
tot_msg_sent: 2212
tot_reconf_duration: 3.95
tot_sleeping_duration: 2664091.166520014
tot_uptimes: 693
tot_uptimes_duration: 41520.03647998627
