comms_cons: 275.1130112012837
finished_reconf: true
global_termination_time: 2701196.1991199967
local_termination_time: 5244.665
node_cons: 55579.490326211715
tot_aggregated_send: 36993
tot_msg_rcv: 1705
tot_msg_sent: 3116
tot_reconf_duration: 10.55
tot_sleeping_duration: 2659698.690960017
tot_uptimes: 692
tot_uptimes_duration: 41497.50815997956
