comms_cons: 74.40030719793766
finished_reconf: true
global_termination_time: 729677.1855999978
local_termination_time: 729677.1855999978
node_cons: 15068.156548001698
tot_aggregated_send: 9788
tot_msg_rcv: 472
tot_msg_sent: 1048
tot_reconf_duration: 24.59
tot_sleeping_duration: 718448.8335999965
tot_uptimes: 187
tot_uptimes_duration: 11228.352000001243
