comms_cons: 73.07517439609
finished_reconf: true
global_termination_time: 731401.538
local_termination_time: 265699.2703600001
node_cons: 15054.338700000055
tot_aggregated_send: 10150
tot_msg_rcv: 338
tot_msg_sent: 619
tot_reconf_duration: 22.65
tot_sleeping_duration: 720181.538
tot_uptimes: 188
tot_uptimes_duration: 11220.0
