comms_cons: 378.8729472477165
finished_reconf: true
global_termination_time: 3777363.7374799997
local_termination_time: 3777363.6963599995
node_cons: 77758.07147772177
tot_aggregated_send: 52870
tot_msg_rcv: 1501
tot_msg_sent: 3217
tot_reconf_duration: 37.410000000000004
tot_sleeping_duration: 3719329.9296400268
tot_uptimes: 968
tot_uptimes_duration: 58033.80783997306
