comms_cons: 1629.9635410751491
finished_reconf: true
global_termination_time: 3778617.354
local_termination_time: 2157388.86148
node_cons: 229421.27997057626
tot_aggregated_send: 0
tot_msg_rcv: 100115
tot_msg_sent: 147629
tot_reconf_duration: 5.57
tot_sleeping_duration: 3607285.2286000117
tot_uptimes: 2817
tot_uptimes_duration: 171332.1253999881
