comms_cons: 371.89366401655434
finished_reconf: true
global_termination_time: 3783271.835
local_termination_time: 1577689.35936
node_cons: 77773.32706334934
tot_aggregated_send: 52780
tot_msg_rcv: 1211
tot_msg_sent: 2533
tot_reconf_duration: 3.08
tot_sleeping_duration: 3725191.816760007
tot_uptimes: 969
tot_uptimes_duration: 58080.01823999337
