comms_cons: 383.0459456656953
finished_reconf: true
global_termination_time: 3777801.387
local_termination_time: 604536.502999999
node_cons: 77694.82303116772
tot_aggregated_send: 51910
tot_msg_rcv: 2126
tot_msg_sent: 4184
tot_reconf_duration: 4.390000000000001
tot_sleeping_duration: 3719781.326200023
tot_uptimes: 968
tot_uptimes_duration: 58020.06079997728
