comms_cons: 379.37957765765475
finished_reconf: true
global_termination_time: 3778998.207
local_termination_time: 1209930.4790799988
node_cons: 77699.45654781666
tot_aggregated_send: 52896
tot_msg_rcv: 1644
tot_msg_sent: 3123
tot_reconf_duration: 7.819999999999999
tot_sleeping_duration: 3720978.164440016
tot_uptimes: 968
tot_uptimes_duration: 58020.04255998391
