comms_cons: 186.16205439062168
finished_reconf: true
global_termination_time: 1912024.349
local_termination_time: 674101.7562799993
node_cons: 39296.887701116684
tot_aggregated_send: 26680
tot_msg_rcv: 572
tot_msg_sent: 1043
tot_reconf_duration: 7.819999999999999
tot_sleeping_duration: 1882684.3429200023
tot_uptimes: 490
tot_uptimes_duration: 29340.006079997635
