comms_cons: 186.38215679293535
finished_reconf: true
global_termination_time: 1891536.075
local_termination_time: 821582.026
node_cons: 38909.31360335023
tot_aggregated_send: 26432
tot_msg_rcv: 600
tot_msg_sent: 1297
tot_reconf_duration: 18.21
tot_sleeping_duration: 1862496.056760007
tot_uptimes: 485
tot_uptimes_duration: 29040.018239992904
