comms_cons: 188.29923839053984
finished_reconf: true
global_termination_time: 1892056.751
local_termination_time: 1397455.9374399986
node_cons: 38892.12405999987
tot_aggregated_send: 26854
tot_msg_rcv: 559
tot_msg_sent: 1206
tot_reconf_duration: 5.57
tot_sleeping_duration: 1863016.751
tot_uptimes: 485
tot_uptimes_duration: 29040.0
