comms_cons: 190.9280383788671
finished_reconf: true
global_termination_time: 1894532.947
local_termination_time: 446164.47336
node_cons: 38970.91860781755
tot_aggregated_send: 25346
tot_msg_rcv: 1314
tot_msg_sent: 2361
tot_reconf_duration: 4.390000000000001
tot_sleeping_duration: 1865432.9044400165
tot_uptimes: 486
tot_uptimes_duration: 29100.04255998344
