comms_cons: 187.72431358865236
finished_reconf: true
global_termination_time: 1896006.065
local_termination_time: 43313.83372000002
node_cons: 38980.29154446711
tot_aggregated_send: 26680
tot_msg_rcv: 689
tot_msg_sent: 1163
tot_reconf_duration: 11.31
tot_sleeping_duration: 1866906.0406800094
tot_uptimes: 486
tot_uptimes_duration: 29100.024319990538
