comms_cons: 151.57376635801154
finished_reconf: true
global_termination_time: 771224.864
local_termination_time: 1450.6850400000014
node_cons: 15851.733603355158
tot_aggregated_send: 0
tot_msg_rcv: 11619
tot_msg_sent: 11418
tot_reconf_duration: 18.21
tot_sleeping_duration: 759404.8457600035
tot_uptimes: 198
tot_uptimes_duration: 11820.018239996367
