comms_cons: 77.67403519986193
finished_reconf: true
global_termination_time: 771607.082
local_termination_time: 355775.05636000005
node_cons: 15861.361823355102
tot_aggregated_send: 10440
tot_msg_rcv: 515
tot_msg_sent: 851
tot_reconf_duration: 25.299999999999997
tot_sleeping_duration: 759787.0637600038
tot_uptimes: 198
tot_uptimes_duration: 11820.018239996338
