comms_cons: 76.37758719841295
finished_reconf: true
global_termination_time: 771184.485
local_termination_time: 193716.90588000088
node_cons: 15833.520121121452
tot_aggregated_send: 11020
tot_msg_rcv: 184
tot_msg_sent: 405
tot_reconf_duration: 4.8100000000000005
tot_sleeping_duration: 759364.478919999
tot_uptimes: 198
tot_uptimes_duration: 11820.006080001069
