comms_cons: 79.65862399487261
finished_reconf: true
global_termination_time: 770921.308
local_termination_time: 294677.81336000003
node_cons: 15834.419068955385
tot_aggregated_send: 9918
tot_msg_rcv: 673
tot_msg_sent: 1517
tot_reconf_duration: 5.43
tot_sleeping_duration: 759101.2593600034
tot_uptimes: 198
tot_uptimes_duration: 11820.048639996545
