comms_cons: 140.29486078747877
finished_reconf: true
global_termination_time: 1376925.889
local_termination_time: 844913.43936
node_cons: 28288.224522233744
tot_aggregated_send: 18444
tot_msg_rcv: 977
tot_msg_sent: 1903
tot_reconf_duration: 6.279999999999999
tot_sleeping_duration: 1355805.8768400047
tot_uptimes: 353
tot_uptimes_duration: 21120.01215999527
