comms_cons: 140.55144958956316
finished_reconf: true
global_termination_time: 1374045.316
local_termination_time: 686139.28236
node_cons: 28203.506323350604
tot_aggregated_send: 18502
tot_msg_rcv: 1003
tot_msg_sent: 1858
tot_reconf_duration: 3.05
tot_sleeping_duration: 1352985.2977600072
tot_uptimes: 352
tot_uptimes_duration: 21060.018239992904
