comms_cons: 662.933420614326
finished_reconf: true
global_termination_time: 814483.357
local_termination_time: 387663.7034800001
node_cons: 80427.41087951393
tot_aggregated_send: 0
tot_msg_rcv: 45852
tot_msg_sent: 54910
tot_reconf_duration: 5.57
tot_sleeping_duration: 754423.7253200032
tot_uptimes: 964
tot_uptimes_duration: 60059.63167999675
