comms_cons: 84.43591039446704
finished_reconf: true
global_termination_time: 813194.633
local_termination_time: 560834.8398799989
node_cons: 16726.11154446727
tot_aggregated_send: 10208
tot_msg_rcv: 775
tot_msg_sent: 1850
tot_reconf_duration: 11.31
tot_sleeping_duration: 800714.6086800095
tot_uptimes: 209
tot_uptimes_duration: 12480.024319990538
