comms_cons: 82.2340479990437
finished_reconf: true
global_termination_time: 820725.681
local_termination_time: 186258.13236000008
node_cons: 16889.28486000004
tot_aggregated_send: 11716
tot_msg_rcv: 331
tot_msg_sent: 452
tot_reconf_duration: 13.17
tot_sleeping_duration: 808125.681
tot_uptimes: 211
tot_uptimes_duration: 12600.0
