comms_cons: 147.92904959849452
finished_reconf: true
global_termination_time: 1516975.461
local_termination_time: 6902.041
node_cons: 31186.8118211192
tot_aggregated_send: 21913
tot_msg_rcv: 205
tot_msg_sent: 366
tot_reconf_duration: 10.96
tot_sleeping_duration: 1493695.4549200006
tot_uptimes: 389
tot_uptimes_duration: 23280.006079999366
