comms_cons: 54.44425600430441
finished_reconf: true
global_termination_time: 396382.8458400001
local_termination_time: 396382.8047200001
node_cons: 8183.943196991433
tot_aggregated_send: 2262
tot_msg_rcv: 2350
tot_msg_sent: 3662
tot_reconf_duration: 37.410000000000004
tot_sleeping_duration: 390308.8051999766
tot_uptimes: 102
tot_uptimes_duration: 6074.040640023466
