comms_cons: 39.94890240038857
finished_reconf: true
global_termination_time: 401552.866
local_termination_time: 72477.01467999959
node_cons: 8210.848341121453
tot_aggregated_send: 5684
tot_msg_rcv: 166
tot_msg_sent: 222
tot_reconf_duration: 11.899999999999999
tot_sleeping_duration: 395432.8599199989
tot_uptimes: 103
tot_uptimes_duration: 6120.006080001069
