comms_cons: 20.619212800256943
finished_reconf: true
global_termination_time: 189395.3254800001
local_termination_time: 189395.28436000008
node_cons: 3908.104224316727
tot_aggregated_send: 2016
tot_msg_rcv: 342
tot_msg_sent: 776
tot_reconf_duration: 24.59
tot_sleeping_duration: 186501.59060000256
tot_uptimes: 49
tot_uptimes_duration: 2893.7348799975443
