comms_cons: 20.40209919998369
finished_reconf: true
global_termination_time: 193261.606
local_termination_time: 4431.058480000001
node_cons: 3961.397321119154
tot_aggregated_send: 2146
tot_msg_rcv: 274
tot_msg_sent: 681
tot_reconf_duration: 18.21
tot_sleeping_duration: 190321.59992000062
tot_uptimes: 50
tot_uptimes_duration: 2940.006079999366
