comms_cons: 87.53625599757221
finished_reconf: true
global_termination_time: 877261.137
local_termination_time: 264543.89424000046
node_cons: 18002.121619999965
tot_aggregated_send: 12412
tot_msg_rcv: 317
tot_msg_sent: 576
tot_reconf_duration: 4.390000000000001
tot_sleeping_duration: 863821.137
tot_uptimes: 225
tot_uptimes_duration: 13440.0
