comms_cons: 787.114214578241
finished_reconf: true
global_termination_time: 7977032.882
local_termination_time: 4607118.383559999
node_cons: 164066.68394446402
tot_aggregated_send: 109562
tot_msg_rcv: 3580
tot_msg_sent: 6493
tot_reconf_duration: 9.11
tot_sleeping_duration: 7854512.857680009
tot_uptimes: 2043
tot_uptimes_duration: 122520.02431999194
