comms_cons: 784.3259201599607
finished_reconf: true
global_termination_time: 7977493.277
local_termination_time: 4688146.019359999
node_cons: 164074.82380334497
tot_aggregated_send: 109214
tot_msg_rcv: 3449
tot_msg_sent: 6550
tot_reconf_duration: 15.110000000000001
tot_sleeping_duration: 7854973.258760006
tot_uptimes: 2043
tot_uptimes_duration: 122520.0182399936
