comms_cons: 771.6372032853589
finished_reconf: true
global_termination_time: 7976897.498
local_termination_time: 5069777.0816
node_cons: 164069.1663822289
tot_aggregated_send: 110896
tot_msg_rcv: 2185
tot_msg_sent: 4203
tot_reconf_duration: 10.95
tot_sleeping_duration: 7854377.485840004
tot_uptimes: 2043
tot_uptimes_duration: 122520.01215999573
