comms_cons: 795.4608513997625
finished_reconf: true
global_termination_time: 7977487.768
local_termination_time: 1696979.6090799996
node_cons: 164061.71906893112
tot_aggregated_send: 110490
tot_msg_rcv: 3449
tot_msg_sent: 6966
tot_reconf_duration: 5.43
tot_sleeping_duration: 7854967.719360017
tot_uptimes: 2043
tot_uptimes_duration: 122520.0486399827
