comms_cons: 206.08768638822315
finished_reconf: true
global_termination_time: 2096518.627
local_termination_time: 597888.2343599978
node_cons: 43105.639767504006
tot_aggregated_send: 29580
tot_msg_rcv: 528
tot_msg_sent: 1217
tot_reconf_duration: 18.21
tot_sleeping_duration: 2064344.6833200117
tot_uptimes: 537
tot_uptimes_duration: 32173.943679988384
