comms_cons: 211.83708157965754
finished_reconf: true
global_termination_time: 2095838.4892400003
local_termination_time: 181731.80500000002
node_cons: 43137.86811022833
tot_aggregated_send: 28761
tot_msg_rcv: 1162
tot_msg_sent: 2274
tot_reconf_duration: 13.17
tot_sleeping_duration: 2063635.3650800085
tot_uptimes: 537
tot_uptimes_duration: 32203.124159991567
