comms_cons: 206.92209918995144
finished_reconf: true
global_termination_time: 2098393.97
local_termination_time: 1174297.6949999998
node_cons: 43148.82402287301
tot_aggregated_send: 28652
tot_msg_rcv: 994
tot_msg_sent: 1804
tot_reconf_duration: 3.05
tot_sleeping_duration: 2066172.400080005
tot_uptimes: 538
tot_uptimes_duration: 32221.569919995265
