comms_cons: 30.145894400076173
finished_reconf: true
global_termination_time: 299675.096
local_termination_time: 53180.237360000014
node_cons: 6116.826220000013
tot_aggregated_send: 4176
tot_msg_rcv: 181
tot_msg_sent: 225
tot_reconf_duration: 8.09
tot_sleeping_duration: 295115.096
tot_uptimes: 77
tot_uptimes_duration: 4560.0
