comms_cons: 31.46831359992141
finished_reconf: true
global_termination_time: 297659.223
local_termination_time: 5594.72548
node_cons: 6118.227662239448
tot_aggregated_send: 3828
tot_msg_rcv: 377
tot_msg_sent: 578
tot_reconf_duration: 9.11
tot_sleeping_duration: 293099.21084000036
tot_uptimes: 77
tot_uptimes_duration: 4560.012159999584
