comms_cons: 29.5011328001137
finished_reconf: true
global_termination_time: 296808.689
local_termination_time: 232367.22972000056
node_cons: 6122.000199999999
tot_aggregated_send: 4292
tot_msg_rcv: 86
tot_msg_sent: 105
tot_reconf_duration: 11.899999999999999
tot_sleeping_duration: 292248.689
tot_uptimes: 77
tot_uptimes_duration: 4560.0
