comms_cons: 29.836672000489813
finished_reconf: true
global_termination_time: 294931.19724000007
local_termination_time: 96115.87247999995
node_cons: 6038.912190481519
tot_aggregated_send: 3944
tot_msg_rcv: 185
tot_msg_sent: 406
tot_reconf_duration: 4.8100000000000005
tot_sleeping_duration: 290426.05891999893
tot_uptimes: 76
tot_uptimes_duration: 4505.138320001133
