comms_cons: 1.0000383999966977
finished_reconf: true
global_termination_time: 4352.24
local_termination_time: 2092.4533600000004
node_cons: 101.17172000000019
tot_aggregated_send: 0
tot_msg_rcv: 106
tot_msg_sent: 46
tot_reconf_duration: 15.34
tot_sleeping_duration: 4292.24
tot_uptimes: 2
tot_uptimes_duration: 60.0
