comms_cons: 27.095027200158828
finished_reconf: true
global_termination_time: 262833.46648000006
local_termination_time: 262833.42536000005
node_cons: 5434.539800962978
tot_aggregated_send: 3582
tot_msg_rcv: 236
tot_msg_sent: 300
tot_reconf_duration: 24.59
tot_sleeping_duration: 258799.74983999785
tot_uptimes: 68
tot_uptimes_duration: 4033.7166400022106
