comms_cons: 51.32599680415362
finished_reconf: true
global_termination_time: 265540.651
local_termination_time: 11043.07136
node_cons: 5471.574901119156
tot_aggregated_send: 0
tot_msg_rcv: 3957
tot_msg_sent: 3844
tot_reconf_duration: 6.22
tot_sleeping_duration: 261460.64492000063
tot_uptimes: 69
tot_uptimes_duration: 4080.006079999366
