comms_cons: 226.95608319467397
finished_reconf: true
global_termination_time: 2330431.912
local_termination_time: 696150.4036799994
node_cons: 47893.62621999935
tot_aggregated_send: 33640
tot_msg_rcv: 286
tot_msg_sent: 570
tot_reconf_duration: 8.09
tot_sleeping_duration: 2294671.912
tot_uptimes: 597
tot_uptimes_duration: 35760.0
