comms_cons: 228.50219519141905
finished_reconf: true
global_termination_time: 2330370.865
local_termination_time: 853476.9223599999
node_cons: 47903.15937999937
tot_aggregated_send: 33408
tot_msg_rcv: 465
tot_msg_sent: 858
tot_reconf_duration: 15.110000000000001
tot_sleeping_duration: 2294610.865
tot_uptimes: 597
tot_uptimes_duration: 35760.0
