comms_cons: 228.64756479494642
finished_reconf: true
global_termination_time: 2329459.572
local_termination_time: 1119419.47136
node_cons: 47897.51824111648
tot_aggregated_send: 33350
tot_msg_rcv: 541
tot_msg_sent: 862
tot_reconf_duration: 10.95
tot_sleeping_duration: 2293699.5659200023
tot_uptimes: 597
tot_uptimes_duration: 35760.006079997635
