comms_cons: 228.4232447912528
finished_reconf: true
global_termination_time: 2329691.848
local_termination_time: 1104089.6041599994
node_cons: 47898.80019999958
tot_aggregated_send: 33408
tot_msg_rcv: 448
tot_msg_sent: 863
tot_reconf_duration: 11.899999999999999
tot_sleeping_duration: 2293931.848
tot_uptimes: 597
tot_uptimes_duration: 35760.0
