comms_cons: 155.4335999937283
finished_reconf: true
global_termination_time: 1584867.286
local_termination_time: 750438.7176799984
node_cons: 32558.556143350506
tot_aggregated_send: 21692
tot_msg_rcv: 640
tot_msg_sent: 1293
tot_reconf_duration: 15.34
tot_sleeping_duration: 1560567.2677600072
tot_uptimes: 406
tot_uptimes_duration: 24300.018239992904
