comms_cons: 159.0390015927706
finished_reconf: true
global_termination_time: 1584945.786
local_termination_time: 104006.27759999996
node_cons: 32568.49126447199
tot_aggregated_send: 21924
tot_msg_rcv: 849
tot_msg_sent: 1400
tot_reconf_duration: 22.65
tot_sleeping_duration: 1560645.7616800063
tot_uptimes: 406
tot_uptimes_duration: 24300.024319993972
