comms_cons: 156.11125759560716
finished_reconf: true
global_termination_time: 1582592.845
local_termination_time: 347863.34500000044
node_cons: 32544.240121116884
tot_aggregated_send: 22446
tot_msg_rcv: 461
tot_msg_sent: 821
tot_reconf_duration: 4.8100000000000005
tot_sleeping_duration: 1558292.8389200023
tot_uptimes: 406
tot_uptimes_duration: 24300.006079997635
