comms_cons: 155.78630399123898
finished_reconf: true
global_termination_time: 1582522.451
local_termination_time: 816977.6784799999
node_cons: 32543.669761116907
tot_aggregated_send: 22272
tot_msg_rcv: 485
tot_msg_sent: 921
tot_reconf_duration: 4.390000000000001
tot_sleeping_duration: 1558222.4449200023
tot_uptimes: 406
tot_uptimes_duration: 24300.006079997635
