comms_cons: 26.257587200263856
finished_reconf: true
global_termination_time: 259903.512
local_termination_time: 98776.78623999943
node_cons: 5308.409761121435
tot_aggregated_send: 3422
tot_msg_rcv: 164
tot_msg_sent: 405
tot_reconf_duration: 4.390000000000001
tot_sleeping_duration: 255943.50591999892
tot_uptimes: 67
tot_uptimes_duration: 3960.0060800010688
