comms_cons: 25.645721600239185
finished_reconf: true
global_termination_time: 260583.803
local_termination_time: 57607.19736000001
node_cons: 5310.886760000007
tot_aggregated_send: 3654
tot_msg_rcv: 75
tot_msg_sent: 169
tot_reconf_duration: 6.22
tot_sleeping_duration: 256623.803
tot_uptimes: 67
tot_uptimes_duration: 3960.0
