comms_cons: 221.12095999092844
finished_reconf: true
global_termination_time: 2199539.233239993
local_termination_time: 23997.06748
node_cons: 45302.33011165224
tot_aggregated_send: 30508
tot_msg_rcv: 1011
tot_msg_sent: 2089
tot_reconf_duration: 18.21
tot_sleeping_duration: 2165724.7441200134
tot_uptimes: 564
tot_uptimes_duration: 33814.48911997963
