comms_cons: 215.2253695930791
finished_reconf: true
global_termination_time: 2199811.294
local_termination_time: 1399398.613359999
node_cons: 45238.810222233085
tot_aggregated_send: 30856
tot_msg_rcv: 629
tot_msg_sent: 1228
tot_reconf_duration: 5.43
tot_sleeping_duration: 2166031.281840005
tot_uptimes: 564
tot_uptimes_duration: 33780.01215999527
