comms_cons: 0.7302912000001149
finished_reconf: true
global_termination_time: 6795.324
local_termination_time: 98.30536000000002
node_cons: 90.95956
tot_aggregated_send: 0
tot_msg_rcv: 60
tot_msg_sent: 51
tot_reconf_duration: 7.819999999999999
tot_sleeping_duration: 6735.324
tot_uptimes: 2
tot_uptimes_duration: 60.0
