comms_cons: 51.211737602967055
finished_reconf: true
global_termination_time: 238921.6317200002
local_termination_time: 1437.3106000000005
node_cons: 4947.502907040042
tot_aggregated_send: 0
tot_msg_rcv: 4223
tot_msg_sent: 3560
tot_reconf_duration: 18.21
tot_sleeping_duration: 235245.1763600002
tot_uptimes: 62
tot_uptimes_duration: 3676.455360000029
