comms_cons: 115.08856320762999
finished_reconf: true
global_termination_time: 238921.03172000012
local_termination_time: 238920.9906000001
node_cons: 14472.554993923042
tot_aggregated_send: 0
tot_msg_rcv: 7076
tot_msg_sent: 10416
tot_reconf_duration: 24.59
tot_sleeping_duration: 228137.49043999784
tot_uptimes: 177
tot_uptimes_duration: 10783.541280002251
