comms_cons: 24.172607999734517
finished_reconf: true
global_termination_time: 239085.435
local_termination_time: 104095.99115999954
node_cons: 4906.717902240585
tot_aggregated_send: 3248
tot_msg_rcv: 138
tot_msg_sent: 288
tot_reconf_duration: 4.390000000000001
tot_sleeping_duration: 235425.42283999958
tot_uptimes: 62
tot_uptimes_duration: 3660.012160000435
