comms_cons: 0.9408255999994963
finished_reconf: true
global_termination_time: 5874.488
local_termination_time: 970.4073599999999
node_cons: 96.50019999999998
tot_aggregated_send: 0
tot_msg_rcv: 94
tot_msg_sent: 48
tot_reconf_duration: 11.899999999999999
tot_sleeping_duration: 5814.488
tot_uptimes: 2
tot_uptimes_duration: 60.0
