comms_cons: 27.17867519996189
finished_reconf: true
global_termination_time: 274837.716
local_termination_time: 22979.00184
node_cons: 5630.331980000007
tot_aggregated_send: 3944
tot_msg_rcv: 75
tot_msg_sent: 112
tot_reconf_duration: 4.8100000000000005
tot_sleeping_duration: 270637.716
tot_uptimes: 71
tot_uptimes_duration: 4200.0
