comms_cons: 80.20702720708337
finished_reconf: true
global_termination_time: 273518.16948000016
local_termination_time: 3587.272040000001
node_cons: 11271.182163720237
tot_aggregated_send: 0
tot_msg_rcv: 4071
tot_msg_sent: 8119
tot_reconf_duration: 4.390000000000001
tot_sleeping_duration: 265105.01
tot_uptimes: 140
tot_uptimes_duration: 8413.159480000166
