comms_cons: 36.35070720007825
finished_reconf: true
global_termination_time: 362244.971
local_termination_time: 37800.19736000001
node_cons: 7416.017321119159
tot_aggregated_send: 5046
tot_msg_rcv: 205
tot_msg_sent: 274
tot_reconf_duration: 18.21
tot_sleeping_duration: 356724.96492000064
tot_uptimes: 93
tot_uptimes_duration: 5520.006079999366
