comms_cons: 37.15274240025977
finished_reconf: true
global_termination_time: 366409.734
local_termination_time: 70463.84079999985
node_cons: 7492.155662240602
tot_aggregated_send: 4930
tot_msg_rcv: 265
tot_msg_sent: 452
tot_reconf_duration: 15.110000000000001
tot_sleeping_duration: 360829.72183999955
tot_uptimes: 94
tot_uptimes_duration: 5580.012160000442
