comms_cons: 130.65758718788095
finished_reconf: true
global_termination_time: 1274611.96124
local_termination_time: 31716.378120000005
node_cons: 26249.221892051548
tot_aggregated_send: 16936
tot_msg_rcv: 987
tot_msg_sent: 1937
tot_reconf_duration: 18.21
tot_sleeping_duration: 1255026.8285200214
tot_uptimes: 327
tot_uptimes_duration: 19585.132719978727
