comms_cons: 126.21537279868586
finished_reconf: true
global_termination_time: 1277913.226
local_termination_time: 777873.59836
node_cons: 26305.537400000103
tot_aggregated_send: 18444
tot_msg_rcv: 241
tot_msg_sent: 499
tot_reconf_duration: 25.299999999999997
tot_sleeping_duration: 1258293.226
tot_uptimes: 328
tot_uptimes_duration: 19620.0
