comms_cons: 0.25658879999915374
finished_reconf: true
global_termination_time: 3067.0169600000027
local_termination_time: 3053.6813600000005
node_cons: 83.16576744000346
tot_aggregated_send: 0
tot_msg_rcv: 30
tot_msg_sent: 8
tot_reconf_duration: 22.65
tot_sleeping_duration: 3027.878
tot_uptimes: 1
tot_uptimes_duration: 39.1389600000025
