comms_cons: 150.4638719909821
finished_reconf: true
global_termination_time: 1490071.20224
local_termination_time: 26204.887840000003
node_cons: 30653.345323839792
tot_aggregated_send: 20358
tot_msg_rcv: 919
tot_msg_sent: 1591
tot_reconf_duration: 18.21
tot_sleeping_duration: 1467196.9556800001
tot_uptimes: 382
tot_uptimes_duration: 22874.24655999981
