comms_cons: 162.87688954357748
finished_reconf: true
global_termination_time: 1495200.752
local_termination_time: 501891.59568000067
node_cons: 30696.42012111688
tot_aggregated_send: 0
tot_msg_rcv: 12456
tot_msg_sent: 12301
tot_reconf_duration: 4.8100000000000005
tot_sleeping_duration: 1472280.7459200025
tot_uptimes: 383
tot_uptimes_duration: 22920.006079997635
