comms_cons: 142.8081151976453
finished_reconf: true
global_termination_time: 1494098.489
local_termination_time: 612715.8206399992
node_cons: 30700.50770111697
tot_aggregated_send: 20184
tot_msg_rcv: 595
tot_msg_sent: 927
tot_reconf_duration: 7.819999999999999
tot_sleeping_duration: 1471178.4829200024
tot_uptimes: 383
tot_uptimes_duration: 22920.006079997635
