comms_cons: 620.1011264828157
finished_reconf: true
global_termination_time: 6262809.91704
local_termination_time: 6262809.87592
node_cons: 128855.08478791002
tot_aggregated_send: 90176
tot_msg_rcv: 1267
tot_msg_sent: 2807
tot_reconf_duration: 24.59
tot_sleeping_duration: 6166602.529760004
tot_uptimes: 1604
tot_uptimes_duration: 96207.38727999583
