comms_cons: 625.0330241316764
finished_reconf: true
global_termination_time: 6263135.37
local_termination_time: 494910.9442000006
node_cons: 128791.6415322829
tot_aggregated_send: 86014
tot_msg_rcv: 3000
tot_msg_sent: 5986
tot_reconf_duration: 4.8100000000000005
tot_sleeping_duration: 6166955.3031200245
tot_uptimes: 1604
tot_uptimes_duration: 96180.06687997538
