comms_cons: 619.4845953072337
finished_reconf: true
global_termination_time: 6266330.671
local_termination_time: 539074.0966799995
node_cons: 128871.39489004925
tot_aggregated_send: 86710
tot_msg_rcv: 2418
tot_msg_sent: 5029
tot_reconf_duration: 4.390000000000001
tot_sleeping_duration: 6170090.616280019
tot_uptimes: 1605
tot_uptimes_duration: 96240.05471998011
