comms_cons: 937.7468883893049
finished_reconf: true
global_termination_time: 6265621.549
local_termination_time: 746017.3383599998
node_cons: 128880.7596855812
tot_aggregated_send: 0
tot_msg_rcv: 71827
tot_msg_sent: 70705
tot_reconf_duration: 11.31
tot_sleeping_duration: 6169381.518600011
tot_uptimes: 1605
tot_uptimes_duration: 96240.0303999891
