comms_cons: 118.0443455970233
finished_reconf: true
global_termination_time: 1211590.294
local_termination_time: 257786.53000000046
node_cons: 24912.34208223831
tot_aggregated_send: 16356
tot_msg_rcv: 483
tot_msg_sent: 1102
tot_reconf_duration: 5.1
tot_sleeping_duration: 1192990.2818400015
tot_uptimes: 311
tot_uptimes_duration: 18600.012159998703
