comms_cons: 22.265267200381192
finished_reconf: true
global_termination_time: 213911.97
local_termination_time: 51813.57460000021
node_cons: 4343.680005762299
tot_aggregated_send: 2668
tot_msg_rcv: 250
tot_msg_sent: 466
tot_reconf_duration: 3.05
tot_sleeping_duration: 210671.09015999828
tot_uptimes: 55
tot_uptimes_duration: 3240.8798400017113
