comms_cons: 107.23207679293465
finished_reconf: true
global_termination_time: 1066437.348
local_termination_time: 400137.0876400004
node_cons: 21953.716848953118
tot_aggregated_send: 13804
tot_msg_rcv: 871
tot_msg_sent: 1624
tot_reconf_duration: 15.34
tot_sleeping_duration: 1050057.2993600052
tot_uptimes: 274
tot_uptimes_duration: 16380.048639994813
