comms_cons: 103.98613759472983
finished_reconf: true
global_termination_time: 1068552.546
local_termination_time: 470790.29288000043
node_cons: 21939.762082233665
tot_aggregated_send: 14384
tot_msg_rcv: 546
tot_msg_sent: 878
tot_reconf_duration: 5.1
tot_sleeping_duration: 1052172.5338400048
tot_uptimes: 274
tot_uptimes_duration: 16380.012159995267
