comms_cons: 106.23496959383581
finished_reconf: true
global_termination_time: 1065438.074
local_termination_time: 180265.77036000002
node_cons: 21863.180971200512
tot_aggregated_send: 13746
tot_msg_rcv: 828
tot_msg_sent: 1574
tot_reconf_duration: 7.819999999999999
tot_sleeping_duration: 1049118.0131999995
tot_uptimes: 273
tot_uptimes_duration: 16320.060800000385
