comms_cons: 95.81964161028318
finished_reconf: true
global_termination_time: 328517.59180000034
local_termination_time: 1049.5110400000015
node_cons: 13420.205286200513
tot_aggregated_send: 0
tot_msg_rcv: 4892
tot_msg_sent: 9670
tot_reconf_duration: 4.390000000000001
tot_sleeping_duration: 318499.486
tot_uptimes: 166
tot_uptimes_duration: 10018.105800000369
