comms_cons: 32.40256000024226
finished_reconf: true
global_termination_time: 329050.0
local_termination_time: 158291.82136000003
node_cons: 6752.701899999992
tot_aggregated_send: 4756
tot_msg_rcv: 55
tot_msg_sent: 114
tot_reconf_duration: 3.05
tot_sleeping_duration: 324010.0
tot_uptimes: 85
tot_uptimes_duration: 5040.0
