comms_cons: 329.63107839567937
finished_reconf: true
global_termination_time: 3354681.962
local_termination_time: 1453370.1173199995
node_cons: 69046.41739999854
tot_aggregated_send: 47850
tot_msg_rcv: 708
tot_msg_sent: 1544
tot_reconf_duration: 25.299999999999997
tot_sleeping_duration: 3303141.962
tot_uptimes: 860
tot_uptimes_duration: 51540.0
