comms_cons: 333.3420288009289
finished_reconf: true
global_termination_time: 3353989.27648
local_termination_time: 3353989.23536
node_cons: 69000.90564318531
tot_aggregated_send: 47998
tot_msg_rcv: 915
tot_msg_sent: 1752
tot_reconf_duration: 37.410000000000004
tot_sleeping_duration: 3302495.5476800096
tot_uptimes: 859
tot_uptimes_duration: 51493.72879999038
