comms_cons: 330.27583360311064
finished_reconf: true
global_termination_time: 3354851.9
local_termination_time: 989397.06436
node_cons: 69018.68967340057
tot_aggregated_send: 44892
tot_msg_rcv: 1870
tot_msg_sent: 3438
tot_reconf_duration: 4.8100000000000005
tot_sleeping_duration: 3303311.8270400283
tot_uptimes: 860
tot_uptimes_duration: 51540.072959971614
