comms_cons: 200.83007999783982
finished_reconf: true
global_termination_time: 2091622.597
local_termination_time: 770455.6892799992
node_cons: 42997.258979999526
tot_aggregated_send: 29812
tot_msg_rcv: 226
tot_msg_sent: 487
tot_reconf_duration: 11.31
tot_sleeping_duration: 2059522.597
tot_uptimes: 536
tot_uptimes_duration: 32100.0
