comms_cons: 39.760243202357756
finished_reconf: true
global_termination_time: 294313.2603600005
local_termination_time: 294313.2192400005
node_cons: 6127.2341623410375
tot_aggregated_send: 1972
tot_msg_rcv: 1619
tot_msg_sent: 2452
tot_reconf_duration: 37.410000000000004
tot_sleeping_duration: 289775.22347998474
tot_uptimes: 76
tot_uptimes_duration: 4538.036880015701
