comms_cons: 30.133830400519777
finished_reconf: true
global_termination_time: 298189.826
local_termination_time: 26201.236680000005
node_cons: 6126.359380000007
tot_aggregated_send: 4002
tot_msg_rcv: 185
tot_msg_sent: 392
tot_reconf_duration: 15.110000000000001
tot_sleeping_duration: 293629.826
tot_uptimes: 77
tot_uptimes_duration: 4560.0
