comms_cons: 30.48926720003371
finished_reconf: true
global_termination_time: 294313.76148000016
local_termination_time: 5278.9890000000005
node_cons: 6076.911757359385
tot_aggregated_send: 3826
tot_msg_rcv: 297
tot_msg_sent: 512
tot_reconf_duration: 22.65
tot_sleeping_duration: 289798.33724000066
tot_uptimes: 76
tot_uptimes_duration: 4515.4242399995355
