comms_cons: 29.16559360017516
finished_reconf: true
global_termination_time: 294332.586
local_termination_time: 176229.04800000045
node_cons: 6041.660200000008
tot_aggregated_send: 4176
tot_msg_rcv: 94
tot_msg_sent: 163
tot_reconf_duration: 11.899999999999999
tot_sleeping_duration: 289832.586
tot_uptimes: 76
tot_uptimes_duration: 4500.000000000007
