comms_cons: 341.98176644318016
finished_reconf: true
global_termination_time: 396239.1227200001
local_termination_time: 396239.0816000001
node_cons: 39516.70078136749
tot_aggregated_send: 0
tot_msg_rcv: 23480
tot_msg_sent: 28498
tot_reconf_duration: 24.59
tot_sleeping_duration: 366751.96247999434
tot_uptimes: 475
tot_uptimes_duration: 29487.16024000576
