comms_cons: 78.32343040998579
finished_reconf: true
global_termination_time: 396239.6816000002
local_termination_time: 3259.42736
node_cons: 8143.445670643118
tot_aggregated_send: 0
tot_msg_rcv: 6038
tot_msg_sent: 5864
tot_reconf_duration: 6.279999999999999
tot_sleeping_duration: 390164.31383999786
tot_uptimes: 102
tot_uptimes_duration: 6075.367760002322
