comms_cons: 40.9160448007008
finished_reconf: true
global_termination_time: 398911.604
local_termination_time: 204720.94752000037
node_cons: 8198.859552686035
tot_aggregated_send: 5104
tot_msg_rcv: 352
tot_msg_sent: 763
tot_reconf_duration: 3.05
tot_sleeping_duration: 392791.5758799955
tot_uptimes: 103
tot_uptimes_duration: 6120.028120004514
