comms_cons: 79.34180480995674
finished_reconf: true
global_termination_time: 396239.31648000015
local_termination_time: 820.0620399999996
node_cons: 8154.357983204816
tot_aggregated_send: 0
tot_msg_rcv: 6197
tot_msg_sent: 5862
tot_reconf_duration: 15.34
tot_sleeping_duration: 390164.9876799965
tot_uptimes: 102
tot_uptimes_duration: 6074.32880000359
