comms_cons: 19.69154560005017
finished_reconf: true
global_termination_time: 200567.28096000024
local_termination_time: 200551.96648000006
node_cons: 4172.588257440315
tot_aggregated_send: 2958
tot_msg_rcv: 27
tot_msg_sent: 8
tot_reconf_duration: 18.21
tot_sleeping_duration: 197469.552
tot_uptimes: 52
tot_uptimes_duration: 3097.7289600002405
