comms_cons: 20.204723200015412
finished_reconf: true
global_termination_time: 201100.133
local_termination_time: 61600.20460000002
node_cons: 4103.87198
tot_aggregated_send: 2668
tot_msg_rcv: 117
tot_msg_sent: 286
tot_reconf_duration: 4.8100000000000005
tot_sleeping_duration: 198040.133
tot_uptimes: 52
tot_uptimes_duration: 3060.0
