comms_cons: 40.10022400168665
finished_reconf: true
global_termination_time: 200567.40176000097
local_termination_time: 1745.5963600000005
node_cons: 4183.044104641302
tot_aggregated_send: 0
tot_msg_rcv: 3092
tot_msg_sent: 3002
tot_reconf_duration: 4.390000000000001
tot_sleeping_duration: 197447.848
tot_uptimes: 52
tot_uptimes_duration: 3119.55376000097
