comms_cons: 53.495475200984615
finished_reconf: true
global_termination_time: 579204.19
local_termination_time: 4431.310120000002
node_cons: 11915.081744485738
tot_aggregated_send: 6496
tot_msg_rcv: 535
tot_msg_sent: 1100
tot_reconf_duration: 18.21
tot_sleeping_duration: 570324.1656799957
tot_uptimes: 149
tot_uptimes_duration: 8880.024320004275
