comms_cons: 57.41730560071671
finished_reconf: true
global_termination_time: 575993.97224
local_termination_time: 71310.947
node_cons: 11876.551486880031
tot_aggregated_send: 7654
tot_msg_rcv: 393
tot_msg_sent: 679
tot_reconf_duration: 22.65
tot_sleeping_duration: 567147.22632
tot_uptimes: 148
tot_uptimes_duration: 8846.745920000001
