comms_cons: 54.81789440042344
finished_reconf: true
global_termination_time: 576775.89
local_termination_time: 262376.55436000007
node_cons: 11816.511980000014
tot_aggregated_send: 7888
tot_msg_rcv: 144
tot_msg_sent: 300
tot_reconf_duration: 4.8100000000000005
tot_sleeping_duration: 567955.89
tot_uptimes: 148
tot_uptimes_duration: 8820.0
