comms_cons: 115.01099518644386
finished_reconf: true
global_termination_time: 1111371.719
local_termination_time: 724802.9865999998
node_cons: 22825.120804467402
tot_aggregated_send: 14674
tot_msg_rcv: 1006
tot_msg_sent: 1801
tot_reconf_duration: 6.279999999999999
tot_sleeping_duration: 1094331.6946800095
tot_uptimes: 285
tot_uptimes_duration: 17040.024319990538
