comms_cons: 110.19502079994443
finished_reconf: true
global_termination_time: 1111342.489
local_termination_time: 431339.26836000005
node_cons: 22829.352360000004
tot_aggregated_send: 15892
tot_msg_rcv: 285
tot_msg_sent: 572
tot_reconf_duration: 9.42
tot_sleeping_duration: 1094302.489
tot_uptimes: 285
tot_uptimes_duration: 17039.999999999993
