comms_cons: 111.40559359608118
finished_reconf: true
global_termination_time: 1115799.421
local_termination_time: 735788.7863599999
node_cons: 22913.060200000065
tot_aggregated_send: 15892
tot_msg_rcv: 414
tot_msg_sent: 627
tot_reconf_duration: 11.899999999999999
tot_sleeping_duration: 1098699.421
tot_uptimes: 286
tot_uptimes_duration: 17100.0
