comms_cons: 113.84773118574796
finished_reconf: true
global_termination_time: 1110390.717
local_termination_time: 72484.783
node_cons: 22821.42913766336
tot_aggregated_send: 14788
tot_msg_rcv: 825
tot_msg_sent: 1692
tot_reconf_duration: 3.05
tot_sleeping_duration: 1093350.1738800122
tot_uptimes: 285
tot_uptimes_duration: 17040.54311998756
