comms_cons: 114.36623359390566
finished_reconf: true
global_termination_time: 1109772.308
local_termination_time: 328892.4881600003
node_cons: 22823.96650447655
tot_aggregated_send: 14674
tot_msg_rcv: 908
tot_msg_sent: 1801
tot_reconf_duration: 5.43
tot_sleeping_duration: 1092732.2836800024
tot_uptimes: 285
tot_uptimes_duration: 17040.024319997407
