comms_cons: 200.84323838868613
finished_reconf: true
global_termination_time: 2024814.814
local_termination_time: 1008304.2173599999
node_cons: 41624.648239999704
tot_aggregated_send: 29000
tot_msg_rcv: 587
tot_msg_sent: 940
tot_reconf_duration: 6.279999999999999
tot_sleeping_duration: 1993734.814
tot_uptimes: 519
tot_uptimes_duration: 31080.0
