comms_cons: 198.13918719638565
finished_reconf: true
global_termination_time: 2024363.801
local_termination_time: 992092.5930399983
node_cons: 41623.045799999636
tot_aggregated_send: 29116
tot_msg_rcv: 363
tot_msg_sent: 637
tot_reconf_duration: 5.1
tot_sleeping_duration: 1993283.801
tot_uptimes: 519
tot_uptimes_duration: 31080.0
