comms_cons: 200.43658239322357
finished_reconf: true
global_termination_time: 2030102.887
local_termination_time: 992096.2323599999
node_cons: 41730.82554111656
tot_aggregated_send: 28710
tot_msg_rcv: 558
tot_msg_sent: 1197
tot_reconf_duration: 25.299999999999997
tot_sleeping_duration: 1998962.8809200025
tot_uptimes: 520
tot_uptimes_duration: 31140.006079997635
