comms_cons: 200.04204799507448
finished_reconf: true
global_termination_time: 2023762.7545599996
local_termination_time: 2023762.7134399996
node_cons: 41680.538706959276
tot_aggregated_send: 29160
tot_msg_rcv: 356
tot_msg_sent: 888
tot_reconf_duration: 24.59
tot_sleeping_duration: 1992659.58392
tot_uptimes: 519
tot_uptimes_duration: 31103.1706399997
