comms_cons: 200.42429438178698
finished_reconf: true
global_termination_time: 2024688.872
local_termination_time: 779025.066
node_cons: 41622.75781451856
tot_aggregated_send: 26384
tot_msg_rcv: 1268
tot_msg_sent: 2811
tot_reconf_duration: 4.8100000000000005
tot_sleeping_duration: 1993608.7929600307
tot_uptimes: 519
tot_uptimes_duration: 31080.07903996925
