comms_cons: 46.17407999988317
finished_reconf: true
global_termination_time: 14618.251240000003
local_termination_time: 2450.575480000002
node_cons: 6473.035411560068
tot_aggregated_send: 0
tot_msg_rcv: 3613
tot_msg_sent: 3404
tot_reconf_duration: 5.57
tot_sleeping_duration: 9789.669199999957
tot_uptimes: 69
tot_uptimes_duration: 4828.5820400000475
