comms_cons: 3.5928703999935676
finished_reconf: true
global_termination_time: 17833.278
local_termination_time: 5030.17636
node_cons: 325.55078112000615
tot_aggregated_send: 0
tot_msg_rcv: 370
tot_msg_sent: 176
tot_reconf_duration: 3.08
tot_sleeping_duration: 17593.271919999992
tot_uptimes: 5
tot_uptimes_duration: 240.00608000000466
