comms_cons: 2.7435263999935158
finished_reconf: true
global_termination_time: 17395.599
local_termination_time: 5796.10336
node_cons: 332.3462199999999
tot_aggregated_send: 0
tot_msg_rcv: 247
tot_msg_sent: 170
tot_reconf_duration: 8.09
tot_sleeping_duration: 17155.599
tot_uptimes: 5
tot_uptimes_duration: 239.99999999999977
