comms_cons: 3.0988031999897587
finished_reconf: true
global_termination_time: 17484.189
local_termination_time: 9853.77936
node_cons: 352.11869999999954
tot_aggregated_send: 0
tot_msg_rcv: 314
tot_msg_sent: 157
tot_reconf_duration: 22.65
tot_sleeping_duration: 17244.189
tot_uptimes: 5
tot_uptimes_duration: 240.0
