comms_cons: 162.07509119562835
finished_reconf: true
global_termination_time: 1638723.437
local_termination_time: 844692.2363599999
node_cons: 33670.024059999945
tot_aggregated_send: 23490
tot_msg_rcv: 337
tot_msg_sent: 807
tot_reconf_duration: 5.57
tot_sleeping_duration: 1613583.437
tot_uptimes: 420
tot_uptimes_duration: 25140.0
