comms_cons: 255.26040303753635
finished_reconf: true
global_termination_time: 1636612.312
local_termination_time: 381704.31948000006
node_cons: 33669.016403355105
tot_aggregated_send: 0
tot_msg_rcv: 19703
tot_msg_sent: 19095
tot_reconf_duration: 4.8100000000000005
tot_sleeping_duration: 1611472.2937600035
tot_uptimes: 420
tot_uptimes_duration: 25140.018239996338
