comms_cons: 162.19885438873257
finished_reconf: true
global_termination_time: 1635678.429
local_termination_time: 213683.4305200004
node_cons: 33588.13860782246
tot_aggregated_send: 22156
tot_msg_rcv: 803
tot_msg_sent: 1693
tot_reconf_duration: 4.390000000000001
tot_sleeping_duration: 1610598.386440013
tot_uptimes: 419
tot_uptimes_duration: 25080.042559986876
