comms_cons: 159.01926399906264
finished_reconf: true
global_termination_time: 1636969.856
local_termination_time: 1190652.35236
node_cons: 33683.291720000125
tot_aggregated_send: 23838
tot_msg_rcv: 151
tot_msg_sent: 181
tot_reconf_duration: 15.34
tot_sleeping_duration: 1611829.856
tot_uptimes: 420
tot_uptimes_duration: 25140.0
