comms_cons: 27.238515200061894
finished_reconf: true
global_termination_time: 271153.872
local_termination_time: 193939.81936000008
node_cons: 5549.429761121454
tot_aggregated_send: 3712
tot_msg_rcv: 141
tot_msg_sent: 287
tot_reconf_duration: 4.390000000000001
tot_sleeping_duration: 267013.8659199989
tot_uptimes: 70
tot_uptimes_duration: 4140.006080001069
