comms_cons: 87.52967679723005
finished_reconf: true
global_termination_time: 885458.333
local_termination_time: 295294.2987200001
node_cons: 18165.286759999988
tot_aggregated_send: 12644
tot_msg_rcv: 201
tot_msg_sent: 459
tot_reconf_duration: 6.22
tot_sleeping_duration: 871898.333
tot_uptimes: 227
tot_uptimes_duration: 13560.0
