comms_cons: 306.95838697293226
finished_reconf: true
global_termination_time: 1547551.5185999998
local_termination_time: 583.2575999999991
node_cons: 31859.971033993268
tot_aggregated_send: 0
tot_msg_rcv: 23674
tot_msg_sent: 22977
tot_reconf_duration: 18.21
tot_sleeping_duration: 1523776.1326000048
tot_uptimes: 397
tot_uptimes_duration: 23775.385999994935
