comms_cons: 159.67480958154
finished_reconf: true
global_termination_time: 1548856.613
local_termination_time: 171090.39056000023
node_cons: 31823.208945598006
tot_aggregated_send: 20648
tot_msg_rcv: 1295
tot_msg_sent: 2326
tot_reconf_duration: 6.279999999999999
tot_sleeping_duration: 1525096.5826000015
tot_uptimes: 397
tot_uptimes_duration: 23760.030399998475
