comms_cons: 305.83730537289966
finished_reconf: true
global_termination_time: 1549572.765
local_termination_time: 792.5403599999999
node_cons: 31845.463828939308
tot_aggregated_send: 0
tot_msg_rcv: 23517
tot_msg_sent: 22967
tot_reconf_duration: 22.65
tot_sleeping_duration: 1525812.7163600153
tot_uptimes: 397
tot_uptimes_duration: 23760.04863998451
