comms_cons: 154.2933759951112
finished_reconf: true
global_termination_time: 1549178.2
local_termination_time: 402393.62244000024
node_cons: 31831.79154000006
tot_aggregated_send: 21924
tot_msg_rcv: 495
tot_msg_sent: 1033
tot_reconf_duration: 12.629999999999999
tot_sleeping_duration: 1525418.2
tot_uptimes: 397
tot_uptimes_duration: 23760.0
