comms_cons: 157.95343358533864
finished_reconf: true
global_termination_time: 1547583.257
local_termination_time: 57772.51748000002
node_cons: 31905.656547822473
tot_aggregated_send: 21112
tot_msg_rcv: 978
tot_msg_sent: 1918
tot_reconf_duration: 7.819999999999999
tot_sleeping_duration: 1523763.214440013
tot_uptimes: 397
tot_uptimes_duration: 23820.042559986876
