comms_cons: 158.91399038104217
finished_reconf: true
global_termination_time: 1550910.824
local_termination_time: 338169.3303600001
node_cons: 31910.41225005614
tot_aggregated_send: 20938
tot_msg_rcv: 1124
tot_msg_sent: 2092
tot_reconf_duration: 11.31
tot_sleeping_duration: 1527090.769280018
tot_uptimes: 398
tot_uptimes_duration: 23820.054719982145
