comms_cons: 157.9935359798047
finished_reconf: true
global_termination_time: 1547851.839
local_termination_time: 752270.4243599998
node_cons: 31822.05464558412
tot_aggregated_send: 20648
tot_msg_rcv: 1042
tot_msg_sent: 2324
tot_reconf_duration: 5.43
tot_sleeping_duration: 1524091.8086000117
tot_uptimes: 397
tot_uptimes_duration: 23760.030399988173
