comms_cons: 176.49680642072866
finished_reconf: true
global_termination_time: 363312.1148800009
local_termination_time: 363312.1148800009
node_cons: 22161.58123600818
tot_aggregated_send: 0
tot_msg_rcv: 10874
tot_msg_sent: 15951
tot_reconf_duration: 37.410000000000004
tot_sleeping_duration: 346799.21087999485
tot_uptimes: 272
tot_uptimes_duration: 16512.904000006078
