comms_cons: 37.58696960046683
finished_reconf: true
global_termination_time: 365461.312
local_termination_time: 112519.39095999993
node_cons: 7497.030882240606
tot_aggregated_send: 4814
tot_msg_rcv: 332
tot_msg_sent: 567
tot_reconf_duration: 18.700000000000003
tot_sleeping_duration: 359881.2998399996
tot_uptimes: 94
tot_uptimes_duration: 5580.012160000435
