comms_cons: 38.23699200101771
finished_reconf: true
global_termination_time: 366642.637
local_termination_time: 144550.04736000003
node_cons: 7486.514523364278
tot_aggregated_send: 4582
tot_msg_rcv: 422
tot_msg_sent: 808
tot_reconf_duration: 10.95
tot_sleeping_duration: 361062.6187599968
tot_uptimes: 94
tot_uptimes_duration: 5580.018240003206
