comms_cons: 2.2698239999924996
finished_reconf: true
global_termination_time: 17822.072
local_termination_time: 5185.60336
node_cons: 333.73137999999955
tot_aggregated_send: 0
tot_msg_rcv: 177
tot_msg_sent: 168
tot_reconf_duration: 9.11
tot_sleeping_duration: 17582.072
tot_uptimes: 5
tot_uptimes_duration: 240.0
