comms_cons: 2.230348799994723
finished_reconf: true
global_termination_time: 14975.028
local_termination_time: 4120.414360000001
node_cons: 257.18020000000075
tot_aggregated_send: 0
tot_msg_rcv: 176
tot_msg_sent: 163
tot_reconf_duration: 11.899999999999999
tot_sleeping_duration: 14795.028
tot_uptimes: 4
tot_uptimes_duration: 180.0
