comms_cons: 1.5000575999992654
finished_reconf: true
global_termination_time: 14999.489
local_termination_time: 6174.179360000001
node_cons: 256.3789800000005
tot_aggregated_send: 0
tot_msg_rcv: 120
tot_msg_sent: 108
tot_reconf_duration: 11.31
tot_sleeping_duration: 14819.489
tot_uptimes: 4
tot_uptimes_duration: 180.0
