comms_cons: 2.282982399992456
finished_reconf: true
global_termination_time: 17294.633
local_termination_time: 10149.513359999999
node_cons: 328.7339399999979
tot_aggregated_send: 0
tot_msg_rcv: 176
tot_msg_sent: 171
tot_reconf_duration: 5.43
tot_sleeping_duration: 17054.633
tot_uptimes: 5
tot_uptimes_duration: 240.0
