comms_cons: 464.1826301849696
finished_reconf: true
global_termination_time: 961161.8627599991
local_termination_time: 961161.8216399992
node_cons: 58242.000366071465
tot_aggregated_send: 0
tot_msg_rcv: 28572
tot_msg_sent: 41977
tot_reconf_duration: 37.410000000000004
tot_sleeping_duration: 917703.1640400047
tot_uptimes: 712
tot_uptimes_duration: 43458.69871999434
