comms_cons: 97.21074559856275
finished_reconf: true
global_termination_time: 961162.70512
local_termination_time: 194618.92872000055
node_cons: 19806.197584165882
tot_aggregated_send: 13050
tot_msg_rcv: 568
tot_msg_sent: 1157
tot_reconf_duration: 15.34
tot_sleeping_duration: 946386.4796799957
tot_uptimes: 247
tot_uptimes_duration: 14776.225440004375
