comms_cons: 97.63000319725023
finished_reconf: true
global_termination_time: 961876.782
local_termination_time: 536888.682119998
node_cons: 19823.346598149354
tot_aggregated_send: 12296
tot_msg_rcv: 801
tot_msg_sent: 1742
tot_reconf_duration: 25.299999999999997
tot_sleeping_duration: 947097.8505600081
tot_uptimes: 247
tot_uptimes_duration: 14778.931439991982
