comms_cons: 93.17491199661913
finished_reconf: true
global_termination_time: 963749.636
local_termination_time: 510448.828
node_cons: 19780.824104467367
tot_aggregated_send: 12581
tot_msg_rcv: 417
tot_msg_sent: 1164
tot_reconf_duration: 12.629999999999999
tot_sleeping_duration: 948989.6116800095
tot_uptimes: 247
tot_uptimes_duration: 14760.024319990538
