comms_cons: 40.481664001142875
finished_reconf: true
global_termination_time: 386790.355
local_termination_time: 228215.69736000005
node_cons: 7961.240342242881
tot_aggregated_send: 5046
tot_msg_rcv: 413
tot_msg_sent: 693
tot_reconf_duration: 5.57
tot_sleeping_duration: 380850.34283999784
tot_uptimes: 100
tot_uptimes_duration: 5940.0121600021375
