comms_cons: 39.712678401034196
finished_reconf: true
global_termination_time: 389428.993
local_termination_time: 16137.812360000002
node_cons: 7966.047662241732
tot_aggregated_send: 5162
tot_msg_rcv: 300
tot_msg_sent: 574
tot_reconf_duration: 9.11
tot_sleeping_duration: 383488.9808399987
tot_uptimes: 100
tot_uptimes_duration: 5940.012160001286
