comms_cons: 40.02252800083426
finished_reconf: true
global_termination_time: 386917.301
local_termination_time: 61515.072360000006
node_cons: 7968.554523362019
tot_aggregated_send: 5162
tot_msg_rcv: 347
tot_msg_sent: 575
tot_reconf_duration: 10.95
tot_sleeping_duration: 380977.28275999846
tot_uptimes: 100
tot_uptimes_duration: 5940.018240001504
