comms_cons: 39.1600256005866
finished_reconf: true
global_termination_time: 388387.211
local_termination_time: 30659.334
node_cons: 7976.465282080012
tot_aggregated_send: 5388
tot_msg_rcv: 216
tot_msg_sent: 348
tot_reconf_duration: 11.899999999999999
tot_sleeping_duration: 382442.24828
tot_uptimes: 100
tot_uptimes_duration: 5944.962720000004
