comms_cons: 1415.823759865699
finished_reconf: true
global_termination_time: 4858207.6926
local_termination_time: 4858207.65148
node_cons: 198240.44700810817
tot_aggregated_send: 0
tot_msg_rcv: 72150
tot_msg_sent: 143049
tot_reconf_duration: 24.59
tot_sleeping_duration: 4710181.513520003
tot_uptimes: 2453
tot_uptimes_duration: 148026.1790799966
