comms_cons: 491.3744832960201
finished_reconf: true
global_termination_time: 4858899.515
local_termination_time: 21466.635960000003
node_cons: 99949.57339117561
tot_aggregated_send: 66468
tot_msg_rcv: 2870
tot_msg_sent: 5348
tot_reconf_duration: 4.8100000000000005
tot_sleeping_duration: 4784259.454200015
tot_uptimes: 1245
tot_uptimes_duration: 74640.06079998391
