comms_cons: 485.81693447390205
finished_reconf: true
global_termination_time: 4861174.358
local_termination_time: 993657.782
node_cons: 99956.08906021308
tot_aggregated_send: 67276
tot_msg_rcv: 2147
tot_msg_sent: 4419
tot_reconf_duration: 7.819999999999999
tot_sleeping_duration: 4786532.483840018
tot_uptimes: 1245
tot_uptimes_duration: 74641.87415998196
