comms_cons: 83.80303359908471
finished_reconf: true
global_termination_time: 836456.567879999
local_termination_time: 836456.5267599991
node_cons: 17293.50321679526
tot_aggregated_send: 11715
tot_msg_rcv: 324
tot_msg_sent: 699
tot_reconf_duration: 39.92
tot_sleeping_duration: 823581.8166800026
tot_uptimes: 215
tot_uptimes_duration: 12874.751199996448
