comms_cons: 314.70354536385526
finished_reconf: true
global_termination_time: 1683799.387
local_termination_time: 635759.9043599999
node_cons: 34633.10454446737
tot_aggregated_send: 0
tot_msg_rcv: 24233
tot_msg_sent: 23601
tot_reconf_duration: 4.8100000000000005
tot_sleeping_duration: 1657939.3626800096
tot_uptimes: 432
tot_uptimes_duration: 25860.024319990538
