comms_cons: 170.55093118762449
finished_reconf: true
global_termination_time: 1685784.71
local_termination_time: 638205.2543599999
node_cons: 34630.71446446737
tot_aggregated_send: 23026
tot_msg_rcv: 973
tot_msg_sent: 1923
tot_reconf_duration: 3.05
tot_sleeping_duration: 1659924.6856800094
tot_uptimes: 432
tot_uptimes_duration: 25860.024319990538
