comms_cons: 167.7866303850413
finished_reconf: true
global_termination_time: 1682741.747
local_termination_time: 663110.94536
node_cons: 34554.69560670109
tot_aggregated_send: 22388
tot_msg_rcv: 1029
tot_msg_sent: 2086
tot_reconf_duration: 6.22
tot_sleeping_duration: 1656941.7105200142
tot_uptimes: 431
tot_uptimes_duration: 25800.036479985807
