comms_cons: 168.68410879434518
finished_reconf: true
global_termination_time: 1706064.871
local_termination_time: 624994.0502399988
node_cons: 35043.59897999987
tot_aggregated_send: 24534
tot_msg_rcv: 361
tot_msg_sent: 744
tot_reconf_duration: 11.31
tot_sleeping_duration: 1679904.871
tot_uptimes: 437
tot_uptimes_duration: 26160.0
