comms_cons: 411.1539456215954
finished_reconf: true
global_termination_time: 4148922.858
local_termination_time: 1344433.8563599999
node_cons: 85328.66848334868
tot_aggregated_send: 58232
tot_msg_rcv: 1470
tot_msg_sent: 2791
tot_reconf_duration: 5.57
tot_sleeping_duration: 4085202.839760007
tot_uptimes: 1063
tot_uptimes_duration: 63720.01823999314
