comms_cons: 175.07909119472527
finished_reconf: true
global_termination_time: 1759437.372
local_termination_time: 855687.6658399997
node_cons: 36177.72917999985
tot_aggregated_send: 25288
tot_msg_rcv: 528
tot_msg_sent: 795
tot_reconf_duration: 18.21
tot_sleeping_duration: 1732437.372
tot_uptimes: 451
tot_uptimes_duration: 27000.0
