comms_cons: 175.82451198870965
finished_reconf: true
global_termination_time: 1760362.772
local_termination_time: 302732.4433600001
node_cons: 36157.17907062652
tot_aggregated_send: 24882
tot_msg_rcv: 618
tot_msg_sent: 1224
tot_reconf_duration: 3.05
tot_sleeping_duration: 1733362.7442400102
tot_uptimes: 451
tot_uptimes_duration: 27000.027759989956
