comms_cons: 87.55599359924771
finished_reconf: true
global_termination_time: 868190.421
local_termination_time: 362291.01980000077
node_cons: 17856.360566724044
tot_aggregated_send: 11658
tot_msg_rcv: 550
tot_msg_sent: 1100
tot_reconf_duration: 15.34
tot_sleeping_duration: 854870.3845199969
tot_uptimes: 223
tot_uptimes_duration: 13320.036480002978
