comms_cons: 87.23486719540607
finished_reconf: true
global_termination_time: 869564.332
local_termination_time: 352192.77336000005
node_cons: 17869.886246714796
tot_aggregated_send: 11194
tot_msg_rcv: 606
tot_msg_sent: 1459
tot_reconf_duration: 25.299999999999997
tot_sleeping_duration: 856244.2955200039
tot_uptimes: 223
tot_uptimes_duration: 13320.03647999611
