comms_cons: 86.44348799836871
finished_reconf: true
global_termination_time: 869288.611
local_termination_time: 304025.8353600001
node_cons: 17839.719627836268
tot_aggregated_send: 11078
tot_msg_rcv: 599
tot_msg_sent: 1461
tot_reconf_duration: 3.08
tot_sleeping_duration: 855968.5684400029
tot_uptimes: 223
tot_uptimes_duration: 13320.042559997179
