comms_cons: 86.73999999773238
finished_reconf: true
global_termination_time: 869075.728
local_termination_time: 376218.40416000073
node_cons: 17856.0238033597
tot_aggregated_send: 11368
tot_msg_rcv: 579
tot_msg_sent: 1236
tot_reconf_duration: 15.110000000000001
tot_sleeping_duration: 855755.7097600002
tot_uptimes: 223
tot_uptimes_duration: 13320.018239999772
