comms_cons: 87.52967679723541
finished_reconf: true
global_termination_time: 869209.323
local_termination_time: 564759.7593599999
node_cons: 17848.280501116915
tot_aggregated_send: 11890
tot_msg_rcv: 491
tot_msg_sent: 923
tot_reconf_duration: 9.42
tot_sleeping_duration: 855889.3169200023
tot_uptimes: 223
tot_uptimes_duration: 13320.006079997635
