comms_cons: 86.44410880070245
finished_reconf: true
global_termination_time: 869319.085
local_termination_time: 425018.5581600008
node_cons: 17851.656482238242
tot_aggregated_send: 12006
tot_msg_rcv: 386
tot_msg_sent: 747
tot_reconf_duration: 11.899999999999999
tot_sleeping_duration: 855999.0728400012
tot_uptimes: 223
tot_uptimes_duration: 13320.012159998703
