comms_cons: 2.3158783999923473
finished_reconf: true
global_termination_time: 14647.80924000001
local_termination_time: 7486.90936
node_cons: 310.5159093600149
tot_aggregated_send: 0
tot_msg_rcv: 181
tot_msg_sent: 171
tot_reconf_duration: 6.279999999999999
tot_sleeping_duration: 14422.277
tot_uptimes: 4
tot_uptimes_duration: 225.53224000000955
