comms_cons: 2.276403199992478
finished_reconf: true
global_termination_time: 18411.473
local_termination_time: 10181.16436
node_cons: 332.3462200000002
tot_aggregated_send: 0
tot_msg_rcv: 177
tot_msg_sent: 169
tot_reconf_duration: 8.09
tot_sleeping_duration: 18171.473
tot_uptimes: 5
tot_uptimes_duration: 240.0
