comms_cons: 2.2895615999945456
finished_reconf: true
global_termination_time: 17139.751
local_termination_time: 7061.78936
node_cons: 333.73137999999955
tot_aggregated_send: 0
tot_msg_rcv: 180
tot_msg_sent: 168
tot_reconf_duration: 9.11
tot_sleeping_duration: 16899.751
tot_uptimes: 5
tot_uptimes_duration: 240.0
