comms_cons: 65.01565440098484
finished_reconf: true
global_termination_time: 659533.225
local_termination_time: 177219.49136000097
node_cons: 13503.230945284215
tot_aggregated_send: 9048
tot_msg_rcv: 253
tot_msg_sent: 581
tot_reconf_duration: 4.390000000000001
tot_sleeping_duration: 649453.1134799968
tot_uptimes: 169
tot_uptimes_duration: 10080.11152000312
