comms_cons: 64.42352640108828
finished_reconf: true
global_termination_time: 656761.574
local_termination_time: 274040.72336000006
node_cons: 13507.74770112146
tot_aggregated_send: 8816
tot_msg_rcv: 321
tot_msg_sent: 655
tot_reconf_duration: 7.819999999999999
tot_sleeping_duration: 646681.5679199989
tot_uptimes: 169
tot_uptimes_duration: 10080.006080001069
