comms_cons: 73.3586047997527
finished_reconf: true
global_termination_time: 745919.2162400003
local_termination_time: 392434.4125200004
node_cons: 15429.904419360422
tot_aggregated_send: 10324
tot_msg_rcv: 261
tot_msg_sent: 564
tot_reconf_duration: 22.65
tot_sleeping_duration: 734418.734
tot_uptimes: 192
tot_uptimes_duration: 11500.482240000274
