comms_cons: 72.95674880085633
finished_reconf: true
global_termination_time: 748993.717
local_termination_time: 307353.40448000055
node_cons: 15351.47198000002
tot_aggregated_send: 10382
tot_msg_rcv: 244
tot_msg_sent: 463
tot_reconf_duration: 4.8100000000000005
tot_sleeping_duration: 737533.717
tot_uptimes: 192
tot_uptimes_duration: 11460.0
