comms_cons: 74.93708799894219
finished_reconf: true
global_termination_time: 748336.139
local_termination_time: 383022.2753600001
node_cons: 15355.559560000032
tot_aggregated_send: 10092
tot_msg_rcv: 491
tot_msg_sent: 807
tot_reconf_duration: 7.819999999999999
tot_sleeping_duration: 736876.139
tot_uptimes: 192
tot_uptimes_duration: 11460.0
