comms_cons: 119.5644287929158
finished_reconf: true
global_termination_time: 1220043.427
local_termination_time: 4764.705
node_cons: 25095.52958112147
tot_aggregated_send: 16741
tot_msg_rcv: 602
tot_msg_sent: 830
tot_reconf_duration: 21.68
tot_sleeping_duration: 1201323.4209199988
tot_uptimes: 313
tot_uptimes_duration: 18720.00608000107
