comms_cons: 120.74210559251388
finished_reconf: true
global_termination_time: 1220000.177
local_termination_time: 6451.990000000001
node_cons: 25072.95414783166
tot_aggregated_send: 16641
tot_msg_rcv: 578
tot_msg_sent: 1134
tot_reconf_duration: 5.02
tot_sleeping_duration: 1201280.134440006
tot_uptimes: 313
tot_uptimes_duration: 18720.042559993744
