comms_cons: 64.05840640046611
finished_reconf: true
global_termination_time: 74989.13747999968
local_termination_time: 74989.09635999969
node_cons: 7416.2855633196195
tot_aggregated_send: 0
tot_msg_rcv: 4413
tot_msg_sent: 5322
tot_reconf_duration: 24.59
tot_sleeping_duration: 69475.40159999997
tot_uptimes: 88
tot_uptimes_duration: 5513.7358799997155
