comms_cons: 15.320038399956136
finished_reconf: true
global_termination_time: 74989.73747999963
local_termination_time: 3151.7743600000003
node_cons: 1583.6028407195092
tot_aggregated_send: 0
tot_msg_rcv: 1194
tot_msg_sent: 1132
tot_reconf_duration: 3.05
tot_sleeping_duration: 73810.155
tot_uptimes: 20
tot_uptimes_duration: 1179.5824799996335
