comms_cons: 7.441075199998111
finished_reconf: true
global_termination_time: 77133.031
local_termination_time: 8166.117600000003
node_cons: 1537.0795600000006
tot_aggregated_send: 1044
tot_msg_rcv: 35
tot_msg_sent: 51
tot_reconf_duration: 7.819999999999999
tot_sleeping_duration: 75993.031
tot_uptimes: 20
tot_uptimes_duration: 1140.0
