comms_cons: 2.7237887999909987
finished_reconf: true
global_termination_time: 17329.36
local_termination_time: 8336.53236
node_cons: 328.2939411200042
tot_aggregated_send: 0
tot_msg_rcv: 241
tot_msg_sent: 173
tot_reconf_duration: 5.1
tot_sleeping_duration: 17089.353919999994
tot_uptimes: 5
tot_uptimes_duration: 240.00608000000466
