comms_cons: 37.56723200036482
finished_reconf: true
global_termination_time: 375796.1803600002
local_termination_time: 117667.15471999995
node_cons: 7753.930890161678
tot_aggregated_send: 5220
tot_msg_rcv: 150
tot_msg_sent: 340
tot_reconf_duration: 15.34
tot_sleeping_duration: 370020.90091999894
tot_uptimes: 97
tot_uptimes_duration: 5775.279440001235
