comms_cons: 39.186342400550096
finished_reconf: true
global_termination_time: 375836.077
local_termination_time: 2245.1616
node_cons: 7720.252906722612
tot_aggregated_send: 4930
tot_msg_rcv: 388
tot_msg_sent: 638
tot_reconf_duration: 5.57
tot_sleeping_duration: 370076.04051999806
tot_uptimes: 97
tot_uptimes_duration: 5760.036480001945
