comms_cons: 38.2241792009215
finished_reconf: true
global_termination_time: 377260.528
local_termination_time: 309173.50336000003
node_cons: 7728.015262242867
tot_aggregated_send: 4988
tot_msg_rcv: 249
tot_msg_sent: 573
tot_reconf_duration: 11.31
tot_sleeping_duration: 371500.51583999785
tot_uptimes: 97
tot_uptimes_duration: 5760.0121600021375
