comms_cons: 124.24944639131132
finished_reconf: true
global_termination_time: 1235778.66248
local_termination_time: 1235778.62136
node_cons: 25439.256788785126
tot_aggregated_send: 17154
tot_msg_rcv: 554
tot_msg_sent: 1177
tot_reconf_duration: 24.59
tot_sleeping_duration: 1216804.9032800111
tot_uptimes: 317
tot_uptimes_duration: 18973.759199988854
