comms_cons: 134.17821437996693
finished_reconf: true
global_termination_time: 674685.049
local_termination_time: 1619.6453600000002
node_cons: 13827.040804484604
tot_aggregated_send: 0
tot_msg_rcv: 10414
tot_msg_sent: 9979
tot_reconf_duration: 6.279999999999999
tot_sleeping_duration: 664365.0246799965
tot_uptimes: 173
tot_uptimes_duration: 10320.024320003424
