comms_cons: 67.0434560003693
finished_reconf: true
global_termination_time: 675784.203
local_termination_time: 221395.45900000093
node_cons: 13904.78976112147
tot_aggregated_send: 9454
tot_msg_rcv: 240
tot_msg_sent: 496
tot_reconf_duration: 4.390000000000001
tot_sleeping_duration: 665404.1969199989
tot_uptimes: 174
tot_uptimes_duration: 10380.006080001069
