comms_cons: 119.77433599573851
finished_reconf: true
global_termination_time: 1204298.47
local_termination_time: 228266.81736000007
node_cons: 24751.645800000046
tot_aggregated_send: 17226
tot_msg_rcv: 345
tot_msg_sent: 634
tot_reconf_duration: 5.1
tot_sleeping_duration: 1185818.47
tot_uptimes: 309
tot_uptimes_duration: 18480.0
