comms_cons: 15.506156799985034
finished_reconf: true
global_termination_time: 3538.2076800000004
local_termination_time: 3538.1665600000006
node_cons: 1720.0051075200015
tot_aggregated_send: 0
tot_msg_rcv: 1129
tot_msg_sent: 1225
tot_reconf_duration: 37.410000000000004
tot_sleeping_duration: 2291.604
tot_uptimes: 19
tot_uptimes_duration: 1246.6036800000006
