comms_cons: 212.30584318498646
finished_reconf: true
global_termination_time: 2117910.324239997
local_termination_time: 110704.42839999952
node_cons: 43594.11950053942
tot_aggregated_send: 29696
tot_msg_rcv: 891
tot_msg_sent: 1682
tot_reconf_duration: 18.21
tot_sleeping_duration: 2085371.5712000122
tot_uptimes: 543
tot_uptimes_duration: 32538.753039984935
