comms_cons: 365.58640610095244
finished_reconf: true
global_termination_time: 2119105.255
local_termination_time: 868188.5834799999
node_cons: 43550.836403354755
tot_aggregated_send: 0
tot_msg_rcv: 28012
tot_msg_sent: 27555
tot_reconf_duration: 4.8100000000000005
tot_sleeping_duration: 2086585.2367600037
tot_uptimes: 543
tot_uptimes_duration: 32520.018239996338
