comms_cons: 208.79651839270895
finished_reconf: true
global_termination_time: 2119520.928
local_termination_time: 1254985.04636
node_cons: 43554.9077011211
tot_aggregated_send: 29638
tot_msg_rcv: 712
tot_msg_sent: 1385
tot_reconf_duration: 7.819999999999999
tot_sleeping_duration: 2087000.9219199987
tot_uptimes: 543
tot_uptimes_duration: 32520.00608000107
