comms_cons: 303.1103231791739
finished_reconf: true
global_termination_time: 654218.143
local_termination_time: 216838.27748000008
node_cons: 39719.16244160249
tot_aggregated_send: 0
tot_msg_rcv: 18551
tot_msg_sent: 27520
tot_reconf_duration: 18.21
tot_sleeping_duration: 624573.3085999979
tot_uptimes: 487
tot_uptimes_duration: 29644.834400002044
