comms_cons: 68.0361344001489
finished_reconf: true
global_termination_time: 653986.564
local_termination_time: 106595.34635999997
node_cons: 13424.417330092883
tot_aggregated_send: 8410
tot_msg_rcv: 701
tot_msg_sent: 1231
tot_reconf_duration: 5.57
tot_sleeping_duration: 643966.5092799905
tot_uptimes: 168
tot_uptimes_duration: 10020.054720009619
