comms_cons: 125.6230015916059
finished_reconf: true
global_termination_time: 659388.819
local_termination_time: 220273.25136000002
node_cons: 13507.780265602543
tot_aggregated_send: 0
tot_msg_rcv: 9812
tot_msg_sent: 9281
tot_reconf_duration: 7.819999999999999
tot_sleeping_duration: 649308.7885999981
tot_uptimes: 169
tot_uptimes_duration: 10080.03040000191
