comms_cons: 67.58840319918457
finished_reconf: true
global_termination_time: 657601.163
local_termination_time: 430672.0522800008
node_cons: 13520.104189280857
tot_aggregated_send: 8758
tot_msg_rcv: 536
tot_msg_sent: 979
tot_reconf_duration: 15.34
tot_sleeping_duration: 647519.5554799994
tot_uptimes: 169
tot_uptimes_duration: 10081.607520000602
