comms_cons: 493.3676288543029
finished_reconf: true
global_termination_time: 4952295.975119998
local_termination_time: 4952295.975119998
node_cons: 101990.398608148
tot_aggregated_send: 70804
tot_msg_rcv: 1400
tot_msg_sent: 2784
tot_reconf_duration: 24.59
tot_sleeping_duration: 4876151.833680005
tot_uptimes: 1269
tot_uptimes_duration: 76144.14143999344
