comms_cons: 483.4199744364946
finished_reconf: true
global_termination_time: 4953641.885
local_termination_time: 3320735.8506799983
node_cons: 101913.92091974875
tot_aggregated_send: 68730
tot_msg_rcv: 1550
tot_msg_sent: 3197
tot_reconf_duration: 25.299999999999997
tot_sleeping_duration: 4877555.579160006
tot_uptimes: 1269
tot_uptimes_duration: 76086.30583999399
