comms_cons: 485.00907523641405
finished_reconf: true
global_termination_time: 4953427.242
local_termination_time: 1794831.14436
node_cons: 101886.51154446541
tot_aggregated_send: 70122
tot_msg_rcv: 1247
tot_msg_sent: 2349
tot_reconf_duration: 11.31
tot_sleeping_duration: 4877347.217680009
tot_uptimes: 1269
tot_uptimes_duration: 76080.02431999124
