comms_cons: 0.776345599999585
finished_reconf: true
global_termination_time: 4233.122
local_termination_time: 832.9613599999999
node_cons: 84.52264000000005
tot_aggregated_send: 0
tot_msg_rcv: 62
tot_msg_sent: 56
tot_reconf_duration: 3.08
tot_sleeping_duration: 4173.122
tot_uptimes: 2
tot_uptimes_duration: 60.0
