comms_cons: 57.39526400051336
finished_reconf: true
global_termination_time: 574982.49
local_termination_time: 337257.11448000005
node_cons: 11818.532663364267
tot_aggregated_send: 8004
tot_msg_rcv: 240
tot_msg_sent: 481
tot_reconf_duration: 6.279999999999999
tot_sleeping_duration: 566162.4717599968
tot_uptimes: 148
tot_uptimes_duration: 8820.018240003206
