comms_cons: 59.641075201025075
finished_reconf: true
global_termination_time: 577366.121
local_termination_time: 163259.8004800001
node_cons: 11844.386246728624
tot_aggregated_send: 7308
tot_msg_rcv: 556
tot_msg_sent: 1202
tot_reconf_duration: 25.299999999999997
tot_sleeping_duration: 568546.0845199936
tot_uptimes: 148
tot_uptimes_duration: 8820.036480006413
