comms_cons: 58.95683840111485
finished_reconf: true
global_termination_time: 572298.61
local_termination_time: 129934.88335999996
node_cons: 11740.69949009289
tot_aggregated_send: 7308
tot_msg_rcv: 489
tot_msg_sent: 1164
tot_reconf_duration: 8.09
tot_sleeping_duration: 563538.5552799904
tot_uptimes: 147
tot_uptimes_duration: 8760.05472000962
