comms_cons: 59.676780799127336
finished_reconf: true
global_termination_time: 577201.209
local_termination_time: 90006.90935999996
node_cons: 11822.424650083696
tot_aggregated_send: 7366
tot_msg_rcv: 541
tot_msg_sent: 1163
tot_reconf_duration: 9.11
tot_sleeping_duration: 568381.1542799972
tot_uptimes: 148
tot_uptimes_duration: 8820.05472000275
