comms_cons: 58.02259199871515
finished_reconf: true
global_termination_time: 573032.87
local_termination_time: 204917.86836000005
node_cons: 11736.204544481137
tot_aggregated_send: 7540
tot_msg_rcv: 349
tot_msg_sent: 930
tot_reconf_duration: 4.8100000000000005
tot_sleeping_duration: 564272.8456799992
tot_uptimes: 147
tot_uptimes_duration: 8760.02432000084
