comms_cons: 57.61861119992919
finished_reconf: true
global_termination_time: 572051.439
local_termination_time: 356558.0810000005
node_cons: 11746.807822242883
tot_aggregated_send: 7888
tot_msg_rcv: 298
tot_msg_sent: 572
tot_reconf_duration: 12.629999999999999
tot_sleeping_duration: 563291.4268399979
tot_uptimes: 147
tot_uptimes_duration: 8760.012160002138
