comms_cons: 57.62686720048355
finished_reconf: true
global_termination_time: 572987.46
local_termination_time: 105974.79635999998
node_cons: 11745.800200000027
tot_aggregated_send: 7772
tot_msg_rcv: 300
tot_msg_sent: 688
tot_reconf_duration: 11.899999999999999
tot_sleeping_duration: 564227.46
tot_uptimes: 147
tot_uptimes_duration: 8760.0
