comms_cons: 59.43054080095939
finished_reconf: true
global_termination_time: 576728.634
local_termination_time: 104263.58823999972
node_cons: 11825.412250092908
tot_aggregated_send: 7482
tot_msg_rcv: 506
tot_msg_sent: 1045
tot_reconf_duration: 11.31
tot_sleeping_duration: 567908.5792799904
tot_uptimes: 148
tot_uptimes_duration: 8820.054720009619
