comms_cons: 58.926822400187696
finished_reconf: true
global_termination_time: 573132.874
local_termination_time: 121837.28047999942
node_cons: 11766.714968326416
tot_aggregated_send: 7424
tot_msg_rcv: 485
tot_msg_sent: 1047
tot_reconf_duration: 15.34
tot_sleeping_duration: 564360.7431199951
tot_uptimes: 147
tot_uptimes_duration: 8772.13088000477
