comms_cons: 123.9731199917822
finished_reconf: true
global_termination_time: 627045.565
local_termination_time: 134669.31560000006
node_cons: 12858.566323359695
tot_aggregated_send: 0
tot_msg_rcv: 9557
tot_msg_sent: 9288
tot_reconf_duration: 3.05
tot_sleeping_duration: 617445.5467600002
tot_uptimes: 161
tot_uptimes_duration: 9600.018239999772
