comms_cons: 63.403564799801366
finished_reconf: true
global_termination_time: 621960.612
local_termination_time: 314961.4929600006
node_cons: 12789.443403359708
tot_aggregated_send: 8352
tot_msg_rcv: 419
tot_msg_sent: 865
tot_reconf_duration: 11.31
tot_sleeping_duration: 612420.5937600002
tot_uptimes: 160
tot_uptimes_duration: 9540.018239999772
