comms_cons: 62.52934399958699
finished_reconf: true
global_termination_time: 622596.727
local_termination_time: 465019.5077200001
node_cons: 12781.458363359701
tot_aggregated_send: 8584
tot_msg_rcv: 340
tot_msg_sent: 580
tot_reconf_duration: 5.43
tot_sleeping_duration: 613056.7087600002
tot_uptimes: 160
tot_uptimes_duration: 9540.018239999772
