comms_cons: 110.53587201296548
finished_reconf: true
global_termination_time: 374961.38868000073
local_termination_time: 374961.3475600007
node_cons: 15516.079738521006
tot_aggregated_send: 0
tot_msg_rcv: 5632
tot_msg_sent: 11170
tot_reconf_duration: 24.59
tot_sleeping_duration: 363398.516
tot_uptimes: 192
tot_uptimes_duration: 11562.872680000728
