comms_cons: 2.236927999996829
finished_reconf: true
global_termination_time: 14800.34
local_termination_time: 9056.063359999998
node_cons: 261.53937999999835
tot_aggregated_send: 0
tot_msg_rcv: 179
tot_msg_sent: 160
tot_reconf_duration: 15.110000000000001
tot_sleeping_duration: 14620.34
tot_uptimes: 4
tot_uptimes_duration: 180.0
