comms_cons: 899.0548033492712
finished_reconf: true
global_termination_time: 9039755.53148
local_termination_time: 9039755.49036
node_cons: 185975.96192542225
tot_aggregated_send: 129546
tot_msg_rcv: 2452
tot_msg_sent: 4652
tot_reconf_duration: 37.410000000000004
tot_sleeping_duration: 8900901.790520007
tot_uptimes: 2315
tot_uptimes_duration: 138853.7409599919
