comms_cons: 895.9670338263778
finished_reconf: true
global_termination_time: 9043357.28
local_termination_time: 2690157.2104800004
node_cons: 185994.72918893062
tot_aggregated_send: 125280
tot_msg_rcv: 3684
tot_msg_sent: 7217
tot_reconf_duration: 5.57
tot_sleeping_duration: 8904457.231360016
tot_uptimes: 2316
tot_uptimes_duration: 138900.0486399827
