comms_cons: 895.121901006596
finished_reconf: true
global_termination_time: 9041704.163
local_termination_time: 2734089.6017199997
node_cons: 185994.0827878132
tot_aggregated_send: 125918
tot_msg_rcv: 3398
tot_msg_sent: 6736
tot_reconf_duration: 5.1
tot_sleeping_duration: 8902804.120440016
tot_uptimes: 2316
tot_uptimes_duration: 138900.04255998484
