comms_cons: 877.9128769435054
finished_reconf: true
global_termination_time: 9043580.945
local_termination_time: 3473616.488719999
node_cons: 186012.52716446223
tot_aggregated_send: 124816
tot_msg_rcv: 2743
tot_msg_sent: 5879
tot_reconf_duration: 18.700000000000003
tot_sleeping_duration: 8904680.920680009
tot_uptimes: 2316
tot_uptimes_duration: 138900.02431999147
