comms_cons: 900.5507074122968
finished_reconf: true
global_termination_time: 9042446.927
local_termination_time: 1791406.1683599998
node_cons: 185991.31517004652
tot_aggregated_send: 126034
tot_msg_rcv: 3755
tot_msg_sent: 7088
tot_reconf_duration: 3.05
tot_sleeping_duration: 8903546.872280018
tot_uptimes: 2316
tot_uptimes_duration: 138900.0547199801
