comms_cons: 18.047372799954662
finished_reconf: true
global_termination_time: 14028.935240000003
local_termination_time: 2243.4710400000013
node_cons: 2706.9505649600346
tot_aggregated_send: 0
tot_msg_rcv: 1260
tot_msg_sent: 1483
tot_reconf_duration: 18.21
tot_sleeping_duration: 12025.782599999977
tot_uptimes: 34
tot_uptimes_duration: 2003.1526400000257
