comms_cons: 53.39155200437087
finished_reconf: true
global_termination_time: 360147.229
local_termination_time: 231412.87648000006
node_cons: 7399.734901121442
tot_aggregated_send: 0
tot_msg_rcv: 4170
tot_msg_sent: 3946
tot_reconf_duration: 6.22
tot_sleeping_duration: 354627.2229199989
tot_uptimes: 93
tot_uptimes_duration: 5520.006080001069
