comms_cons: 37.42811520069469
finished_reconf: true
global_termination_time: 368273.551
local_termination_time: 241629.05736000006
node_cons: 7572.816143364296
tot_aggregated_send: 4872
tot_msg_rcv: 246
tot_msg_sent: 569
tot_reconf_duration: 15.34
tot_sleeping_duration: 362633.5327599968
tot_uptimes: 95
tot_uptimes_duration: 5640.018240003206
