comms_cons: 38.27778560031325
finished_reconf: true
global_termination_time: 373618.28
local_termination_time: 32985.106
node_cons: 7681.455595922877
tot_aggregated_send: 5044
tot_msg_rcv: 311
tot_msg_sent: 463
tot_reconf_duration: 22.65
tot_sleeping_duration: 367904.5407199979
tot_uptimes: 96
tot_uptimes_duration: 5713.739280002144
