comms_cons: 36.89615360028117
finished_reconf: true
global_termination_time: 374306.861
local_termination_time: 261233.29536000005
node_cons: 7647.658980000006
tot_aggregated_send: 5220
tot_msg_rcv: 107
tot_msg_sent: 281
tot_reconf_duration: 11.31
tot_sleeping_duration: 368606.861
tot_uptimes: 96
tot_uptimes_duration: 5700.0
