comms_cons: 37.232947200706015
finished_reconf: true
global_termination_time: 368990.022
local_termination_time: 237330.73236000005
node_cons: 7559.3502222428615
tot_aggregated_send: 4930
tot_msg_rcv: 210
tot_msg_sent: 520
tot_reconf_duration: 5.43
tot_sleeping_duration: 363350.00983999786
tot_uptimes: 95
tot_uptimes_duration: 5640.0121600021375
