comms_cons: 23.61625600045023
finished_reconf: true
global_termination_time: 225681.138
local_termination_time: 1793.3882400000002
node_cons: 4583.157942241441
tot_aggregated_send: 2726
tot_msg_rcv: 314
tot_msg_sent: 549
tot_reconf_duration: 2.77
tot_sleeping_duration: 222261.12583999895
tot_uptimes: 58
tot_uptimes_duration: 3420.0121600010734
