comms_cons: 413.1608830474244
finished_reconf: true
global_termination_time: 853886.194
local_termination_time: 328669.5654800001
node_cons: 51953.74078772339
tot_aggregated_send: 0
tot_msg_rcv: 25333
tot_msg_sent: 37465
tot_reconf_duration: 18.21
tot_sleeping_duration: 815104.2585199969
tot_uptimes: 637
tot_uptimes_duration: 38781.93548000308
