comms_cons: 88.70671359433454
finished_reconf: true
global_termination_time: 856866.884
local_termination_time: 372696.00536000007
node_cons: 17598.691486714837
tot_aggregated_send: 11368
tot_msg_rcv: 771
tot_msg_sent: 1344
tot_reconf_duration: 3.08
tot_sleeping_duration: 843726.8475200038
tot_uptimes: 220
tot_uptimes_duration: 13140.03647999611
