comms_cons: 169.98679033752526
finished_reconf: true
global_termination_time: 853886.194
local_termination_time: 330002.29536000005
node_cons: 17524.76398335513
tot_aggregated_send: 0
tot_msg_rcv: 13193
tot_msg_sent: 12644
tot_reconf_duration: 7.819999999999999
tot_sleeping_duration: 840806.1757600036
tot_uptimes: 219
tot_uptimes_duration: 13080.018239996338
