comms_cons: 3.0408447999924992
finished_reconf: true
global_termination_time: 14172.90248
local_termination_time: 14172.86136
node_cons: 310.17307872000083
tot_aggregated_send: 0
tot_msg_rcv: 297
tot_msg_sent: 163
tot_reconf_duration: 37.410000000000004
tot_sleeping_duration: 13979.198
tot_uptimes: 4
tot_uptimes_duration: 193.70448000000033
