comms_cons: 2.4408191999955533
finished_reconf: true
global_termination_time: 17043.492
local_termination_time: 1661.7203600000003
node_cons: 334.1523600000001
tot_aggregated_send: 0
tot_msg_rcv: 202
tot_msg_sent: 169
tot_reconf_duration: 9.42
tot_sleeping_duration: 16803.492
tot_uptimes: 5
tot_uptimes_duration: 240.0
