comms_cons: 2.6974719999953063
finished_reconf: true
global_termination_time: 15009.575
local_termination_time: 9773.248360000001
node_cons: 247.55198000000178
tot_aggregated_send: 0
tot_msg_rcv: 238
tot_msg_sent: 171
tot_reconf_duration: 4.8100000000000005
tot_sleeping_duration: 14829.575
tot_uptimes: 4
tot_uptimes_duration: 180.0
