comms_cons: 2.5724671999957196
finished_reconf: true
global_termination_time: 14562.87
local_termination_time: 7171.313360000001
node_cons: 256.3789800000005
tot_aggregated_send: 0
tot_msg_rcv: 221
tot_msg_sent: 169
tot_reconf_duration: 11.31
tot_sleeping_duration: 14382.87
tot_uptimes: 4
tot_uptimes_duration: 180.0
