comms_cons: 115.5175935965063
finished_reconf: true
global_termination_time: 1157178.734
local_termination_time: 386213.9971200005
node_cons: 23788.204060000047
tot_aggregated_send: 16240
tot_msg_rcv: 395
tot_msg_sent: 923
tot_reconf_duration: 5.57
tot_sleeping_duration: 1139418.734
tot_uptimes: 297
tot_uptimes_duration: 17760.0
