comms_cons: 113.83989759843855
finished_reconf: true
global_termination_time: 1157527.987
local_termination_time: 373354.01092000026
node_cons: 23814.997400000022
tot_aggregated_send: 16820
tot_msg_rcv: 159
tot_msg_sent: 324
tot_reconf_duration: 25.299999999999997
tot_sleeping_duration: 1139767.987
tot_uptimes: 297
tot_uptimes_duration: 17760.0
