comms_cons: 24.77068800007222
finished_reconf: true
global_termination_time: 240182.548
local_termination_time: 18160.973479999997
node_cons: 4916.107121119154
tot_aggregated_send: 3190
tot_msg_rcv: 233
tot_msg_sent: 342
tot_reconf_duration: 11.31
tot_sleeping_duration: 236522.54192000063
tot_uptimes: 62
tot_uptimes_duration: 3660.006079999366
