comms_cons: 278.11594239108894
finished_reconf: true
global_termination_time: 2805911.5606799982
local_termination_time: 2805911.519559998
node_cons: 57785.14053975024
tot_aggregated_send: 40412
tot_msg_rcv: 598
tot_msg_sent: 1261
tot_reconf_duration: 24.59
tot_sleeping_duration: 2762781.0548400045
tot_uptimes: 719
tot_uptimes_duration: 43130.50583999371
