comms_cons: 187.0150143929395
finished_reconf: true
global_termination_time: 1900413.916
local_termination_time: 504930.82848
node_cons: 39052.19022335024
tot_aggregated_send: 26390
tot_msg_rcv: 636
tot_msg_sent: 1400
tot_reconf_duration: 5.1
tot_sleeping_duration: 1871253.897760007
tot_uptimes: 487
tot_uptimes_duration: 29160.018239992904
