comms_cons: 332.132914941785
finished_reconf: true
global_termination_time: 1905311.581
local_termination_time: 908203.1723599999
node_cons: 39140.95526223336
tot_aggregated_send: 0
tot_msg_rcv: 25469
tot_msg_sent: 25013
tot_reconf_duration: 11.31
tot_sleeping_duration: 1876091.5688400047
tot_uptimes: 488
tot_uptimes_duration: 29220.01215999527
