comms_cons: 187.19139839044297
finished_reconf: true
global_termination_time: 1902998.166
local_termination_time: 927743.8958399997
node_cons: 39132.96208111648
tot_aggregated_send: 26506
tot_msg_rcv: 660
tot_msg_sent: 1286
tot_reconf_duration: 5.43
tot_sleeping_duration: 1873778.1599200023
tot_uptimes: 488
tot_uptimes_duration: 29220.006079997605
