comms_cons: 34.34342400079738
finished_reconf: true
global_termination_time: 321553.083
local_termination_time: 56353.331
node_cons: 6594.846505600321
tot_aggregated_send: 3880
tot_msg_rcv: 462
tot_msg_sent: 878
tot_reconf_duration: 5.1
tot_sleeping_duration: 316633.0525999997
tot_uptimes: 83
tot_uptimes_duration: 4920.030400000236
