comms_cons: 63.56165120707839
finished_reconf: true
global_termination_time: 322749.004
local_termination_time: 9093.37436
node_cons: 6618.646841121437
tot_aggregated_send: 0
tot_msg_rcv: 4925
tot_msg_sent: 4736
tot_reconf_duration: 22.65
tot_sleeping_duration: 317828.99791999895
tot_uptimes: 83
tot_uptimes_duration: 4920.006080001069
