comms_cons: 109.38522239560089
finished_reconf: true
global_termination_time: 1084988.08
local_termination_time: 21489.38056
node_cons: 22278.990591195947
tot_aggregated_send: 14732
tot_msg_rcv: 563
tot_msg_sent: 1331
tot_reconf_duration: 18.21
tot_sleeping_duration: 1068368.019200003
tot_uptimes: 278
tot_uptimes_duration: 16620.06079999695
