comms_cons: 107.7781055957756
finished_reconf: true
global_termination_time: 1085051.632
local_termination_time: 555245.516119999
node_cons: 22266.59208559337
tot_aggregated_send: 14210
tot_msg_rcv: 777
tot_msg_sent: 1393
tot_reconf_duration: 9.11
tot_sleeping_duration: 1068431.6016000048
tot_uptimes: 278
tot_uptimes_duration: 16620.03039999504
