comms_cons: 109.86010879151945
finished_reconf: true
global_termination_time: 1088841.005
local_termination_time: 85541.44535999997
node_cons: 22345.237253422743
tot_aggregated_send: 13862
tot_msg_rcv: 938
tot_msg_sent: 1898
tot_reconf_duration: 7.819999999999999
tot_sleeping_duration: 1072160.932040013
tot_uptimes: 279
tot_uptimes_duration: 16680.072959987083
