comms_cons: 130.66949119630405
finished_reconf: true
global_termination_time: 1282706.29
local_termination_time: 378361.4450400003
node_cons: 26372.384284467404
tot_aggregated_send: 17574
tot_msg_rcv: 843
tot_msg_sent: 1444
tot_reconf_duration: 15.34
tot_sleeping_duration: 1263026.2656800095
tot_uptimes: 329
tot_uptimes_duration: 19680.024319990538
