comms_cons: 131.4320447858334
finished_reconf: true
global_termination_time: 1283404.829
local_termination_time: 275778.85660000006
node_cons: 26360.12151005149
tot_aggregated_send: 16994
tot_msg_rcv: 944
tot_msg_sent: 2040
tot_reconf_duration: 6.279999999999999
tot_sleeping_duration: 1263724.7742800212
tot_uptimes: 329
tot_uptimes_duration: 19680.05471997871
