comms_cons: 126.21537279707671
finished_reconf: true
global_termination_time: 1283135.162
local_termination_time: 554192.9640399993
node_cons: 26362.506219999996
tot_aggregated_send: 18618
tot_msg_rcv: 167
tot_msg_sent: 399
tot_reconf_duration: 8.09
tot_sleeping_duration: 1263455.162
tot_uptimes: 329
tot_uptimes_duration: 19680.0
