comms_cons: 255.03467503686377
finished_reconf: true
global_termination_time: 1285667.864
local_termination_time: 694.2174799999991
node_cons: 26462.675687827064
tot_aggregated_send: 0
tot_msg_rcv: 19683
tot_msg_sent: 19079
tot_reconf_duration: 22.65
tot_sleeping_duration: 1265927.8214400096
tot_uptimes: 330
tot_uptimes_duration: 19740.04255999031
