comms_cons: 127.37393919585473
finished_reconf: true
global_termination_time: 1281914.247
local_termination_time: 908739.509
node_cons: 26371.33900351406
tot_aggregated_send: 18094
tot_msg_rcv: 396
tot_msg_sent: 870
tot_reconf_duration: 9.42
tot_sleeping_duration: 1262228.9993200046
tot_uptimes: 329
tot_uptimes_duration: 19685.24767999549
