comms_cons: 127.61016319668606
finished_reconf: true
global_termination_time: 1287607.239
local_termination_time: 499877.99760000006
node_cons: 26457.25459999998
tot_aggregated_send: 18560
tot_msg_rcv: 331
tot_msg_sent: 505
tot_reconf_duration: 18.700000000000003
tot_sleeping_duration: 1267867.239
tot_uptimes: 330
tot_uptimes_duration: 19740.0
