comms_cons: 129.19575039022897
finished_reconf: true
global_termination_time: 1285358.057
local_termination_time: 547934.5013599998
node_cons: 26447.25968558412
tot_aggregated_send: 17574
tot_msg_rcv: 556
tot_msg_sent: 1507
tot_reconf_duration: 11.31
tot_sleeping_duration: 1265618.0266000119
tot_uptimes: 330
tot_uptimes_duration: 19740.030399988173
