comms_cons: 74.91077119806914
finished_reconf: true
global_termination_time: 759239.7432400002
local_termination_time: 46980.44736000001
node_cons: 15652.731530477107
tot_aggregated_send: 10498
tot_msg_rcv: 201
tot_msg_sent: 686
tot_reconf_duration: 18.21
tot_sleeping_duration: 747568.3449200024
tot_uptimes: 195
tot_uptimes_duration: 11671.398319997825
