comms_cons: 109.83974400674377
finished_reconf: true
global_termination_time: 759530.778
local_termination_time: 555299.033999999
node_cons: 15592.500121121528
tot_aggregated_send: 0
tot_msg_rcv: 8397
tot_msg_sent: 8298
tot_reconf_duration: 4.8100000000000005
tot_sleeping_duration: 747890.7719199989
tot_uptimes: 195
tot_uptimes_duration: 11640.006080001069
