comms_cons: 615.6461820047083
finished_reconf: true
global_termination_time: 1272240.2615999999
local_termination_time: 1272240.22048
node_cons: 77380.98214796704
tot_aggregated_send: 0
tot_msg_rcv: 37748
tot_msg_sent: 55824
tot_reconf_duration: 24.59
tot_sleeping_duration: 1214475.0719599933
tot_uptimes: 954
tot_uptimes_duration: 57765.18964000659
