comms_cons: 130.14406398647668
finished_reconf: true
global_termination_time: 1273515.87
local_termination_time: 293407.64860000013
node_cons: 26195.030746714892
tot_aggregated_send: 17052
tot_msg_rcv: 864
tot_msg_sent: 1864
tot_reconf_duration: 3.05
tot_sleeping_duration: 1253955.833520004
tot_uptimes: 327
tot_uptimes_duration: 19560.03647999611
