comms_cons: 81.02943999795762
finished_reconf: true
global_termination_time: 808525.6928399988
local_termination_time: 808525.6517199988
node_cons: 16738.974234239453
tot_aggregated_send: 11400
tot_msg_rcv: 293
tot_msg_sent: 624
tot_reconf_duration: 37.410000000000004
tot_sleeping_duration: 796062.5326799991
tot_uptimes: 208
tot_uptimes_duration: 12463.160159999563
