comms_cons: 144.8155263661649
finished_reconf: true
global_termination_time: 808538.245
local_termination_time: 115381.55335999998
node_cons: 16637.338364481155
tot_aggregated_send: 0
tot_msg_rcv: 11150
tot_msg_sent: 10859
tot_reconf_duration: 5.1
tot_sleeping_duration: 796118.2206799992
tot_uptimes: 208
tot_uptimes_duration: 12420.02432000084
