comms_cons: 82.9966079974384
finished_reconf: true
global_termination_time: 809427.289
local_termination_time: 183006.64948000008
node_cons: 16642.792085598
tot_aggregated_send: 10498
tot_msg_rcv: 675
tot_msg_sent: 1442
tot_reconf_duration: 9.11
tot_sleeping_duration: 797007.2586000015
tot_uptimes: 208
tot_uptimes_duration: 12420.030399998475
