comms_cons: 85.27928319721168
finished_reconf: true
global_termination_time: 810014.891
local_termination_time: 102142.60355999987
node_cons: 16641.048406724007
tot_aggregated_send: 10150
tot_msg_rcv: 970
tot_msg_sent: 1841
tot_reconf_duration: 7.819999999999999
tot_sleeping_duration: 797594.854519997
tot_uptimes: 208
tot_uptimes_duration: 12420.036480002971
