comms_cons: 777.5245313285645
finished_reconf: true
global_termination_time: 7957635.797
local_termination_time: 2650347.8705599983
node_cons: 163663.59878446275
tot_aggregated_send: 110374
tot_msg_rcv: 2616
tot_msg_sent: 5191
tot_reconf_duration: 8.09
tot_sleeping_duration: 7835415.772680009
tot_uptimes: 2038
tot_uptimes_duration: 122220.02431999147
