comms_cons: 771.8783232929617
finished_reconf: true
global_termination_time: 7957360.801
local_termination_time: 4845033.01436
node_cons: 163667.46638222891
tot_aggregated_send: 110490
tot_msg_rcv: 2372
tot_msg_sent: 4459
tot_reconf_duration: 10.95
tot_sleeping_duration: 7835140.788840004
tot_uptimes: 2038
tot_uptimes_duration: 122220.01215999573
