comms_cons: 794.591609815211
finished_reconf: true
global_termination_time: 7956335.097
local_termination_time: 1714875.6547199998
node_cons: 163661.10003004802
tot_aggregated_send: 109968
tot_msg_rcv: 3544
tot_msg_sent: 7260
tot_reconf_duration: 6.22
tot_sleeping_duration: 7834115.042280019
tot_uptimes: 2038
tot_uptimes_duration: 122220.05471998034
