comms_cons: 790.9259329881894
finished_reconf: true
global_termination_time: 7953599.284
local_termination_time: 1745031.3876799985
node_cons: 163587.6641089313
tot_aggregated_send: 110316
tot_msg_rcv: 3074
tot_msg_sent: 6824
tot_reconf_duration: 11.31
tot_sleeping_duration: 7831439.235360017
tot_uptimes: 2037
tot_uptimes_duration: 122160.0486399827
