comms_cons: 65.22618879929804
finished_reconf: true
global_termination_time: 638219.708
local_termination_time: 310390.01936000003
node_cons: 13191.118980000016
tot_aggregated_send: 8816
tot_msg_rcv: 410
tot_msg_sent: 688
tot_reconf_duration: 11.31
tot_sleeping_duration: 628379.708
tot_uptimes: 164
tot_uptimes_duration: 9840.0
