comms_cons: 30.547852800819243
finished_reconf: true
global_termination_time: 295114.777
local_termination_time: 6050.640160000004
node_cons: 6073.930718482873
tot_aggregated_send: 3654
tot_msg_rcv: 303
tot_msg_sent: 687
tot_reconf_duration: 25.299999999999997
tot_sleeping_duration: 290604.26667999785
tot_uptimes: 76
tot_uptimes_duration: 4510.510320002141
