comms_cons: 41.79765760037925
finished_reconf: true
global_termination_time: 440865.592
local_termination_time: 6281.984
node_cons: 9001.841660000011
tot_aggregated_send: 6086
tot_msg_rcv: 90
tot_msg_sent: 177
tot_reconf_duration: 2.77
tot_sleeping_duration: 434145.592
tot_uptimes: 113
tot_uptimes_duration: 6720.0
