comms_cons: 112.49676800371059
finished_reconf: true
global_termination_time: 592188.312
local_termination_time: 329732.9083600001
node_cons: 12135.491165873944
tot_aggregated_send: 0
tot_msg_rcv: 8567
tot_msg_sent: 8531
tot_reconf_duration: 3.05
tot_sleeping_duration: 583128.3050800046
tot_uptimes: 152
tot_uptimes_duration: 9060.006919995418
