comms_cons: 59.548966400102756
finished_reconf: true
global_termination_time: 591154.192
local_termination_time: 1693.9094800000003
node_cons: 12146.72340336203
tot_aggregated_send: 7946
tot_msg_rcv: 298
tot_msg_sent: 808
tot_reconf_duration: 11.31
tot_sleeping_duration: 582094.1737599985
tot_uptimes: 152
tot_uptimes_duration: 9060.018240001504
