comms_cons: 1.454003199997308
finished_reconf: true
global_termination_time: 10984.331
local_termination_time: 6201.103360000001
node_cons: 186.07460000000097
tot_aggregated_send: 0
tot_msg_rcv: 122
tot_msg_sent: 99
tot_reconf_duration: 18.700000000000003
tot_sleeping_duration: 10864.331
tot_uptimes: 3
tot_uptimes_duration: 120.0
