comms_cons: 1.4737407999993524
finished_reconf: true
global_termination_time: 9617.118
local_termination_time: 5390.88136
node_cons: 175.55009999999976
tot_aggregated_send: 0
tot_msg_rcv: 118
tot_msg_sent: 106
tot_reconf_duration: 10.95
tot_sleeping_duration: 9497.118
tot_uptimes: 3
tot_uptimes_duration: 120.0
