comms_cons: 68.71316479919771
finished_reconf: true
global_termination_time: 701295.092
local_termination_time: 215486.16736000008
node_cons: 14401.379380000042
tot_aggregated_send: 10034
tot_msg_rcv: 146
tot_msg_sent: 264
tot_reconf_duration: 15.110000000000001
tot_sleeping_duration: 690555.092
tot_uptimes: 180
tot_uptimes_duration: 10740.0
