comms_cons: 69.3908224004171
finished_reconf: true
global_termination_time: 703673.261
local_termination_time: 274651.5753600001
node_cons: 14467.731980000017
tot_aggregated_send: 10092
tot_msg_rcv: 110
tot_msg_sent: 345
tot_reconf_duration: 4.8100000000000005
tot_sleeping_duration: 692873.261
tot_uptimes: 181
tot_uptimes_duration: 10800.0
