comms_cons: 68.94406399826812
finished_reconf: true
global_termination_time: 702155.447
local_termination_time: 416952.4590400007
node_cons: 14406.262741116789
tot_aggregated_send: 10034
tot_msg_rcv: 169
tot_msg_sent: 276
tot_reconf_duration: 18.700000000000003
tot_sleeping_duration: 691415.4409200024
tot_uptimes: 180
tot_uptimes_duration: 10740.006079997635
