comms_cons: 67.5289599999745
finished_reconf: true
global_termination_time: 701420.36
local_termination_time: 205600.4535600007
node_cons: 14401.691720000017
tot_aggregated_send: 10034
tot_msg_rcv: 50
tot_msg_sent: 179
tot_reconf_duration: 15.34
tot_sleeping_duration: 690680.36
tot_uptimes: 180
tot_uptimes_duration: 10740.0
