comms_cons: 57.93665280000016
finished_reconf: true
global_termination_time: 591431.593
local_termination_time: 21503.671360000004
node_cons: 12144.13236000002
tot_aggregated_send: 8584
tot_msg_rcv: 56
tot_msg_sent: 166
tot_reconf_duration: 9.42
tot_sleeping_duration: 582371.593
tot_uptimes: 152
tot_uptimes_duration: 9060.0
