comms_cons: 707.3328521614901
finished_reconf: true
global_termination_time: 4535537.582
local_termination_time: 826839.8093599998
node_cons: 93290.1478266996
tot_aggregated_send: 0
tot_msg_rcv: 54108
tot_msg_sent: 53402
tot_reconf_duration: 11.31
tot_sleeping_duration: 4465877.545520014
tot_uptimes: 1162
tot_uptimes_duration: 69660.03647998674
