comms_cons: 85.22100479780772
finished_reconf: true
global_termination_time: 857636.2524799989
local_termination_time: 857636.2113599989
node_cons: 17680.078076319896
tot_aggregated_send: 12108
tot_msg_rcv: 229
tot_msg_sent: 616
tot_reconf_duration: 24.59
tot_sleeping_duration: 844457.2495999989
tot_uptimes: 220
tot_uptimes_duration: 13179.00287999989
