comms_cons: 85.76433919722444
finished_reconf: true
global_termination_time: 860635.958
local_termination_time: 293251.2733600001
node_cons: 17678.94190000009
tot_aggregated_send: 12180
tot_msg_rcv: 277
tot_msg_sent: 578
tot_reconf_duration: 3.05
tot_sleeping_duration: 847435.958
tot_uptimes: 221
tot_uptimes_duration: 13200.0
