comms_cons: 85.3065343994375
finished_reconf: true
global_termination_time: 860723.096
local_termination_time: 637186.545
node_cons: 17683.504704955576
tot_aggregated_send: 12467
tot_msg_rcv: 211
tot_msg_sent: 288
tot_reconf_duration: 6.22
tot_sleeping_duration: 847522.9033600035
tot_uptimes: 221
tot_uptimes_duration: 13200.192639996589
