comms_cons: 75.72659199973167
finished_reconf: true
global_termination_time: 761761.677
local_termination_time: 127717.38335999996
node_cons: 15678.67138000002
tot_aggregated_send: 10962
tot_msg_rcv: 208
tot_msg_sent: 340
tot_reconf_duration: 9.11
tot_sleeping_duration: 750061.677
tot_uptimes: 196
tot_uptimes_duration: 11699.999999999996
