comms_cons: 75.18114559850517
finished_reconf: true
global_termination_time: 763271.365
local_termination_time: 252771.27936000004
node_cons: 15681.65898000002
tot_aggregated_send: 10788
tot_msg_rcv: 241
tot_msg_sent: 398
tot_reconf_duration: 11.31
tot_sleeping_duration: 751571.365
tot_uptimes: 196
tot_uptimes_duration: 11700.0
