comms_cons: 378.0772157533235
finished_reconf: true
global_termination_time: 1298485.138
local_termination_time: 382024.08520000067
node_cons: 53006.1189467547
tot_aggregated_send: 0
tot_msg_rcv: 19239
tot_msg_sent: 38228
tot_reconf_duration: 18.21
tot_sleeping_duration: 1258917.2591600034
tot_uptimes: 657
tot_uptimes_duration: 39567.878839996636
