comms_cons: 255.7578302325978
finished_reconf: true
global_termination_time: 1299851.262
local_termination_time: 382027.5563200007
node_cons: 26703.646841121503
tot_aggregated_send: 0
tot_msg_rcv: 19634
tot_msg_sent: 19239
tot_reconf_duration: 22.65
tot_sleeping_duration: 1279931.255919999
tot_uptimes: 333
tot_uptimes_duration: 19920.00608000107
