comms_cons: 128.4200319942399
finished_reconf: true
global_termination_time: 1297051.76
local_termination_time: 74944.74147999994
node_cons: 26677.054464471992
tot_aggregated_send: 18038
tot_msg_rcv: 430
tot_msg_sent: 1051
tot_reconf_duration: 3.05
tot_sleeping_duration: 1277131.735680006
tot_uptimes: 333
tot_uptimes_duration: 19920.024319994
