comms_cons: 97.5665279971716
finished_reconf: true
global_termination_time: 986588.094
local_termination_time: 556029.9198399987
node_cons: 20276.438700000064
tot_aggregated_send: 13688
tot_msg_rcv: 399
tot_msg_sent: 742
tot_reconf_duration: 22.65
tot_sleeping_duration: 971468.094
tot_uptimes: 253
tot_uptimes_duration: 15120.0
