comms_cons: 287.368806263697
finished_reconf: true
global_termination_time: 984870.2975999998
local_termination_time: 984870.2564799999
node_cons: 40316.42704739952
tot_aggregated_send: 0
tot_msg_rcv: 14619
tot_msg_sent: 29059
tot_reconf_duration: 24.59
tot_sleeping_duration: 954785.8809999999
tot_uptimes: 500
tot_uptimes_duration: 30084.416599999822
