comms_cons: 25.007539199903686
finished_reconf: true
global_termination_time: 252101.518
local_termination_time: 20620.69696
node_cons: 5162.591720000005
tot_aggregated_send: 3480
tot_msg_rcv: 103
tot_msg_sent: 218
tot_reconf_duration: 15.34
tot_sleeping_duration: 248261.518
tot_uptimes: 65
tot_uptimes_duration: 3840.0
