comms_cons: 122.68136959126015
finished_reconf: true
global_termination_time: 1223662.228
local_termination_time: 534037.8613599999
node_cons: 25177.194982233734
tot_aggregated_send: 16356
tot_msg_rcv: 735
tot_msg_sent: 1555
tot_reconf_duration: 22.65
tot_sleeping_duration: 1204882.2158400046
tot_uptimes: 314
tot_uptimes_duration: 18780.01215999527
