comms_cons: 122.32048639465418
finished_reconf: true
global_termination_time: 1223477.697
local_termination_time: 707691.0815599995
node_cons: 25152.38976111689
tot_aggregated_send: 17110
tot_msg_rcv: 439
tot_msg_sent: 1043
tot_reconf_duration: 4.390000000000001
tot_sleeping_duration: 1204697.6909200023
tot_uptimes: 314
tot_uptimes_duration: 18780.006079997635
