comms_cons: 121.11649279730678
finished_reconf: true
global_termination_time: 1224172.604
local_termination_time: 890958.7444399995
node_cons: 25161.778979999955
tot_aggregated_send: 17516
tot_msg_rcv: 265
tot_msg_sent: 628
tot_reconf_duration: 11.31
tot_sleeping_duration: 1205392.604
tot_uptimes: 314
tot_uptimes_duration: 18780.0
