comms_cons: 356.44692457841404
finished_reconf: true
global_termination_time: 1222749.0279199993
local_termination_time: 1222748.9867999994
node_cons: 49948.30839687882
tot_aggregated_send: 0
tot_msg_rcv: 18170
tot_msg_sent: 36007
tot_reconf_duration: 24.59
tot_sleeping_duration: 1185471.2719999996
tot_uptimes: 618
tot_uptimes_duration: 37277.75591999962
