comms_cons: 281.08121600543154
finished_reconf: true
global_termination_time: 2810138.228
local_termination_time: 7372.45
node_cons: 57855.08546446661
tot_aggregated_send: 39142
tot_msg_rcv: 1337
tot_msg_sent: 2243
tot_reconf_duration: 7.55
tot_sleeping_duration: 2766938.2036800096
tot_uptimes: 720
tot_uptimes_duration: 43200.02431999077
