comms_cons: 207.7742207929139
finished_reconf: true
global_termination_time: 2099706.144
local_termination_time: 969125.4809999979
node_cons: 43179.02821511363
tot_aggregated_send: 30102
tot_msg_rcv: 440
tot_msg_sent: 1037
tot_reconf_duration: 18.21
tot_sleeping_duration: 2067477.3919200043
tot_uptimes: 538
tot_uptimes_duration: 32228.752079995582
