comms_cons: 211.72779518325007
finished_reconf: true
global_termination_time: 2099461.351
local_termination_time: 164129.85644000064
node_cons: 43153.24840670517
tot_aggregated_send: 29174
tot_msg_rcv: 1034
tot_msg_sent: 1973
tot_reconf_duration: 7.819999999999999
tot_sleeping_duration: 2067241.3145200107
tot_uptimes: 538
tot_uptimes_duration: 32220.036479989245
