comms_cons: 97.27347199569977
finished_reconf: true
global_termination_time: 962384.9262400001
local_termination_time: 39224.71848000002
node_cons: 19788.685904958034
tot_aggregated_send: 13282
tot_msg_rcv: 566
tot_msg_sent: 936
tot_reconf_duration: 4.390000000000001
tot_sleeping_duration: 947610.6736000015
tot_uptimes: 247
tot_uptimes_duration: 14774.252639998507
