comms_cons: 1309.33721219485
finished_reconf: true
global_termination_time: 4488673.537119998
local_termination_time: 4488673.537119998
node_cons: 183394.24305267175
tot_aggregated_send: 0
tot_msg_rcv: 66686
tot_msg_sent: 132328
tot_reconf_duration: 24.59
tot_sleeping_duration: 4351734.888999999
tot_uptimes: 2264
tot_uptimes_duration: 136938.64811999878
