comms_cons: 446.5434624439321
finished_reconf: true
global_termination_time: 4493831.745
local_termination_time: 2527722.6262799995
node_cons: 92398.58034223215
tot_aggregated_send: 62408
tot_msg_rcv: 1808
tot_msg_sent: 3656
tot_reconf_duration: 5.57
tot_sleeping_duration: 4424831.732840004
tot_uptimes: 1151
tot_uptimes_duration: 69000.01215999573
