comms_cons: 445.670310465897
finished_reconf: true
global_termination_time: 4490913.451
local_termination_time: 1164129.1323599997
node_cons: 92395.182605582
tot_aggregated_send: 63278
tot_msg_rcv: 1495
tot_msg_sent: 2966
tot_reconf_duration: 3.05
tot_sleeping_duration: 4421913.420600012
tot_uptimes: 1151
tot_uptimes_duration: 69000.03039998864
