comms_cons: 446.73806084342857
finished_reconf: true
global_termination_time: 4490881.927
local_termination_time: 2234520.1614800002
node_cons: 92406.39154446614
tot_aggregated_send: 62234
tot_msg_rcv: 1968
tot_msg_sent: 3699
tot_reconf_duration: 11.31
tot_sleeping_duration: 4421881.902680009
tot_uptimes: 1151
tot_uptimes_duration: 69000.02431999147
