comms_cons: 448.71739527263594
finished_reconf: true
global_termination_time: 4491590.698
local_termination_time: 2234517.5257200003
node_cons: 92398.40650446629
tot_aggregated_send: 60958
tot_msg_rcv: 2422
tot_msg_sent: 4821
tot_reconf_duration: 5.43
tot_sleeping_duration: 4422590.673680008
tot_uptimes: 1151
tot_uptimes_duration: 69000.02431999147
