comms_cons: 122.00593919373381
finished_reconf: true
global_termination_time: 615273.841
local_termination_time: 62639.59836
node_cons: 12644.146841121443
tot_aggregated_send: 0
tot_msg_rcv: 9454
tot_msg_sent: 9092
tot_reconf_duration: 22.65
tot_sleeping_duration: 605853.8349199989
tot_uptimes: 158
tot_uptimes_duration: 9420.00608000107
