comms_cons: 59.50886399973785
finished_reconf: true
global_termination_time: 612009.865
local_termination_time: 555432.9235599996
node_cons: 12543.659560000106
tot_aggregated_send: 8700
tot_msg_rcv: 96
tot_msg_sent: 249
tot_reconf_duration: 7.819999999999999
tot_sleeping_duration: 602649.865
tot_uptimes: 157
tot_uptimes_duration: 9360.0
