comms_cons: 101.74137599683709
finished_reconf: true
global_termination_time: 1026373.185
local_termination_time: 412301.5978400001
node_cons: 21083.437400000017
tot_aggregated_send: 14674
tot_msg_rcv: 292
tot_msg_sent: 498
tot_reconf_duration: 25.299999999999997
tot_sleeping_duration: 1010653.185
tot_uptimes: 263
tot_uptimes_duration: 15720.0
