comms_cons: 101.70860799587744
finished_reconf: true
global_termination_time: 1029926.8
local_termination_time: 336961.53536000004
node_cons: 21135.95198000003
tot_aggregated_send: 14732
tot_msg_rcv: 226
tot_msg_sent: 501
tot_reconf_duration: 4.8100000000000005
tot_sleeping_duration: 1014146.8
tot_uptimes: 264
tot_uptimes_duration: 15780.0
