comms_cons: 34.54737920091379
finished_reconf: true
global_termination_time: 334927.036
local_termination_time: 518.4483599999999
node_cons: 6837.3793244843055
tot_aggregated_send: 4060
tot_msg_rcv: 323
tot_msg_sent: 868
tot_reconf_duration: 6.22
tot_sleeping_duration: 329827.01167999685
tot_uptimes: 86
tot_uptimes_duration: 5100.024320003211
