comms_cons: 280.26138880634915
finished_reconf: true
global_termination_time: 2763771.619
local_termination_time: 528160.379119998
node_cons: 56806.39860782146
tot_aggregated_send: 38280
tot_msg_rcv: 1585
tot_msg_sent: 2734
tot_reconf_duration: 4.390000000000001
tot_sleeping_duration: 2721351.5764400135
tot_uptimes: 708
tot_uptimes_duration: 42420.042559986876
