comms_cons: 273.5565567913725
finished_reconf: true
global_termination_time: 2765294.917
local_termination_time: 1377309.5291999998
node_cons: 56896.11968558356
tot_aggregated_send: 38860
tot_msg_rcv: 943
tot_msg_sent: 1776
tot_reconf_duration: 11.31
tot_sleeping_duration: 2722814.8866000115
tot_uptimes: 709
tot_uptimes_duration: 42480.030399988405
