comms_cons: 86.67444480009969
finished_reconf: true
global_termination_time: 872648.322
local_termination_time: 78676.5221999999
node_cons: 17946.57870000004
tot_aggregated_send: 12354
tot_msg_rcv: 261
tot_msg_sent: 559
tot_reconf_duration: 22.65
tot_sleeping_duration: 859268.322
tot_uptimes: 224
tot_uptimes_duration: 13380.0
