comms_cons: 110.80030719663534
finished_reconf: true
global_termination_time: 1128130.996
local_termination_time: 991287.8903599998
node_cons: 23158.75171999999
tot_aggregated_send: 16414
tot_msg_rcv: 151
tot_msg_sent: 276
tot_reconf_duration: 15.34
tot_sleeping_duration: 1110850.996
tot_uptimes: 289
tot_uptimes_duration: 17280.0
