comms_cons: 112.14246399755899
finished_reconf: true
global_termination_time: 1127775.957
local_termination_time: 373021.43636000005
node_cons: 23146.448239999994
tot_aggregated_send: 16240
tot_msg_rcv: 346
tot_msg_sent: 459
tot_reconf_duration: 6.279999999999999
tot_sleeping_duration: 1110495.957
tot_uptimes: 289
tot_uptimes_duration: 17280.0
