comms_cons: 112.51089919726772
finished_reconf: true
global_termination_time: 1126687.613
local_termination_time: 535032.3618399997
node_cons: 23145.484059999966
tot_aggregated_send: 16124
tot_msg_rcv: 402
tot_msg_sent: 575
tot_reconf_duration: 5.57
tot_sleeping_duration: 1109407.613
tot_uptimes: 289
tot_uptimes_duration: 17280.0
