comms_cons: 111.9588735971529
finished_reconf: true
global_termination_time: 1127205.471
local_termination_time: 425339.03736
node_cons: 23172.28554112145
tot_aggregated_send: 16066
tot_msg_rcv: 336
tot_msg_sent: 615
tot_reconf_duration: 25.299999999999997
tot_sleeping_duration: 1109925.464919999
tot_uptimes: 289
tot_uptimes_duration: 17280.00608000107
