comms_cons: 117.89331198837296
finished_reconf: true
global_termination_time: 1128099.787
local_termination_time: 25388.199480000003
node_cons: 23168.77639344227
tot_aggregated_send: 14616
tot_msg_rcv: 1219
tot_msg_sent: 2085
tot_reconf_duration: 22.65
tot_sleeping_duration: 1110819.7140399984
tot_uptimes: 289
tot_uptimes_duration: 17280.07296000167
