comms_cons: 115.64394239208204
finished_reconf: true
global_termination_time: 1125750.886
local_termination_time: 316557.4013600001
node_cons: 23144.500826705622
tot_aggregated_send: 15312
tot_msg_rcv: 866
tot_msg_sent: 1399
tot_reconf_duration: 4.8100000000000005
tot_sleeping_duration: 1108470.8495200106
tot_uptimes: 289
tot_uptimes_duration: 17280.03647998924
