comms_cons: 291.432243199592
finished_reconf: true
global_termination_time: 2916628.192
local_termination_time: 815542.5883599998
node_cons: 59954.520566700136
tot_aggregated_send: 40658
tot_msg_rcv: 1180
tot_msg_sent: 2458
tot_reconf_duration: 15.34
tot_sleeping_duration: 2871868.1555200135
tot_uptimes: 747
tot_uptimes_duration: 44760.03647998604
