comms_cons: 289.1884416124148
finished_reconf: true
global_termination_time: 2913873.339
local_termination_time: 2062392.5685599984
node_cons: 59951.524859998775
tot_aggregated_send: 41876
tot_msg_rcv: 698
tot_msg_sent: 1380
tot_reconf_duration: 13.17
tot_sleeping_duration: 2869113.339
tot_uptimes: 747
tot_uptimes_duration: 44760.0
