comms_cons: 122.87971839246745
finished_reconf: true
global_termination_time: 624456.415
local_termination_time: 137310.87136000005
node_cons: 12804.82684112144
tot_aggregated_send: 0
tot_msg_rcv: 9473
tot_msg_sent: 9204
tot_reconf_duration: 22.65
tot_sleeping_duration: 614916.4089199989
tot_uptimes: 160
tot_uptimes_duration: 9540.006080001069
