comms_cons: 63.120844798376936
finished_reconf: true
global_termination_time: 624494.484
local_termination_time: 23978.405360000004
node_cons: 12782.612663357437
tot_aggregated_send: 8294
tot_msg_rcv: 375
tot_msg_sent: 925
tot_reconf_duration: 6.279999999999999
tot_sleeping_duration: 614954.465760002
tot_uptimes: 160
tot_uptimes_duration: 9540.01823999807
