comms_cons: 64.9257472012186
finished_reconf: true
global_termination_time: 626535.767
local_termination_time: 181608.36836000005
node_cons: 12861.366505607179
tot_aggregated_send: 8062
tot_msg_rcv: 583
tot_msg_sent: 1223
tot_reconf_duration: 5.1
tot_sleeping_duration: 616935.7365999947
tot_uptimes: 161
tot_uptimes_duration: 9600.030400005344
