comms_cons: 61.04181759947222
finished_reconf: true
global_termination_time: 625691.24
local_termination_time: 525983.3083599999
node_cons: 12872.284860000074
tot_aggregated_send: 8990
tot_msg_rcv: 82
tot_msg_sent: 206
tot_reconf_duration: 13.17
tot_sleeping_duration: 616091.24
tot_uptimes: 161
tot_uptimes_duration: 9600.0
