comms_cons: 63.07479039947783
finished_reconf: true
global_termination_time: 627399.568
local_termination_time: 157050.36936000004
node_cons: 12860.956403364307
tot_aggregated_send: 8410
tot_msg_rcv: 306
tot_msg_sent: 871
tot_reconf_duration: 4.8100000000000005
tot_sleeping_duration: 617799.5497599967
tot_uptimes: 161
tot_uptimes_duration: 9600.018240003206
