comms_cons: 63.299667198506924
finished_reconf: true
global_termination_time: 624105.478
local_termination_time: 292461.5644000008
node_cons: 12780.03790224282
tot_aggregated_send: 8410
tot_msg_rcv: 401
tot_msg_sent: 810
tot_reconf_duration: 4.390000000000001
tot_sleeping_duration: 614565.4658399979
tot_uptimes: 160
tot_uptimes_duration: 9540.012160002138
