comms_cons: 43.55667840048623
finished_reconf: true
global_termination_time: 428012.591
local_termination_time: 9027.341
node_cons: 8803.408837680607
tot_aggregated_send: 5798
tot_msg_rcv: 304
tot_msg_sent: 518
tot_reconf_duration: 22.65
tot_sleeping_duration: 421460.9478799996
tot_uptimes: 110
tot_uptimes_duration: 6551.643120000445
