comms_cons: 138.57013759067863
finished_reconf: true
global_termination_time: 1356187.8564799998
local_termination_time: 1356187.81536
node_cons: 27947.222631034907
tot_aggregated_send: 18360
tot_msg_rcv: 941
tot_msg_sent: 1759
tot_reconf_duration: 37.410000000000004
tot_sleeping_duration: 1335354.0851200037
tot_uptimes: 348
tot_uptimes_duration: 20833.771359996157
