comms_cons: 395.4587709330055
finished_reconf: true
global_termination_time: 1358370.128
local_termination_time: 306163.75860000006
node_cons: 55344.470407999506
tot_aggregated_send: 0
tot_msg_rcv: 20190
tot_msg_sent: 39918
tot_reconf_duration: 13.17
tot_sleeping_duration: 1317050.7959999999
tot_uptimes: 682
tot_uptimes_duration: 41319.332000000315
