comms_cons: 138.68814718973664
finished_reconf: true
global_termination_time: 1360313.913
local_termination_time: 532357.1217199997
node_cons: 27965.734645584114
tot_aggregated_send: 18444
tot_msg_rcv: 892
tot_msg_sent: 1744
tot_reconf_duration: 5.43
tot_sleeping_duration: 1339433.8826000118
tot_uptimes: 349
tot_uptimes_duration: 20880.030399988173
