comms_cons: 13.13866239992573
finished_reconf: true
global_termination_time: 135568.579
local_termination_time: 114350.8263199996
node_cons: 2735.7018999999846
tot_aggregated_send: 1914
tot_msg_rcv: 27
tot_msg_sent: 56
tot_reconf_duration: 3.05
tot_sleeping_duration: 133528.579
tot_uptimes: 35
tot_uptimes_duration: 2040.0
