comms_cons: 157.19870718834343
finished_reconf: true
global_termination_time: 1545134.8104799998
local_termination_time: 1545134.7693599998
node_cons: 31803.50192543464
tot_aggregated_send: 21144
tot_msg_rcv: 993
tot_msg_sent: 1758
tot_reconf_duration: 37.410000000000004
tot_sleeping_duration: 1521421.0695200039
tot_uptimes: 396
tot_uptimes_duration: 23713.74095999595
