comms_cons: 158.4766655840656
finished_reconf: true
global_termination_time: 1545548.091
local_termination_time: 539500.0272799992
node_cons: 31755.22127228516
tot_aggregated_send: 20532
tot_msg_rcv: 1175
tot_msg_sent: 2380
tot_reconf_duration: 15.34
tot_sleeping_duration: 1521848.024120026
tot_uptimes: 396
tot_uptimes_duration: 23700.06687997398
