comms_cons: 153.66897919428803
finished_reconf: true
global_termination_time: 1548234.226
local_termination_time: 1042960.1003599999
node_cons: 31835.167521116862
tot_aggregated_send: 22098
tot_msg_rcv: 402
tot_msg_sent: 856
tot_reconf_duration: 15.110000000000001
tot_sleeping_duration: 1524474.2199200024
tot_uptimes: 397
tot_uptimes_duration: 23760.006079997635
