comms_cons: 153.5560767941646
finished_reconf: true
global_termination_time: 1545291.948
local_termination_time: 566889.7403999992
node_cons: 31751.451540000056
tot_aggregated_send: 22098
tot_msg_rcv: 440
tot_msg_sent: 801
tot_reconf_duration: 12.629999999999999
tot_sleeping_duration: 1521591.948
tot_uptimes: 396
tot_uptimes_duration: 23700.0
