comms_cons: 152.53217279517216
finished_reconf: true
global_termination_time: 1545248.637
local_termination_time: 574733.1261599993
node_cons: 31749.170099999985
tot_aggregated_send: 22272
tot_msg_rcv: 284
tot_msg_sent: 628
tot_reconf_duration: 10.95
tot_sleeping_duration: 1521548.637
tot_uptimes: 396
tot_uptimes_duration: 23700.0
