comms_cons: 235.19982078154135
finished_reconf: true
global_termination_time: 2358238.908
local_termination_time: 1057526.8483599997
node_cons: 48450.99790223289
tot_aggregated_send: 32654
tot_msg_rcv: 1004
tot_msg_sent: 2091
tot_reconf_duration: 4.390000000000001
tot_sleeping_duration: 2322058.8958400046
tot_uptimes: 604
tot_uptimes_duration: 36180.01215999527
