comms_cons: 245.5489023933129
finished_reconf: true
global_termination_time: 2523894.963
local_termination_time: 1122176.1445999995
node_cons: 51903.80632334946
tot_aggregated_send: 35496
tot_msg_rcv: 646
tot_msg_sent: 1180
tot_reconf_duration: 3.05
tot_sleeping_duration: 2485134.9447600073
tot_uptimes: 647
tot_uptimes_duration: 38760.0182399929
