comms_cons: 69.50169600092133
finished_reconf: true
global_termination_time: 695738.925
local_termination_time: 151249.4536000001
node_cons: 14309.072663364312
tot_aggregated_send: 9802
tot_msg_rcv: 239
tot_msg_sent: 522
tot_reconf_duration: 6.279999999999999
tot_sleeping_duration: 685058.9067599968
tot_uptimes: 179
tot_uptimes_duration: 10680.018240003206
