comms_cons: 140.85900797458456
finished_reconf: true
global_termination_time: 696167.234
local_termination_time: 2819.1053600000005
node_cons: 14311.57134896459
tot_aggregated_send: 0
tot_msg_rcv: 11073
tot_msg_sent: 10335
tot_reconf_duration: 8.09
tot_sleeping_duration: 685487.1853599966
tot_uptimes: 179
tot_uptimes_duration: 10680.048640003413
