comms_cons: 71.38431999721708
finished_reconf: true
global_termination_time: 692077.781
local_termination_time: 67301.95183999966
node_cons: 14317.695963357422
tot_aggregated_send: 9338
tot_msg_rcv: 533
tot_msg_sent: 979
tot_reconf_duration: 12.629999999999999
tot_sleeping_duration: 681397.7627600018
tot_uptimes: 178
tot_uptimes_duration: 10680.01823999807
