comms_cons: 70.75174399749974
finished_reconf: true
global_termination_time: 693562.966
local_termination_time: 52461.01872000002
node_cons: 14245.59902335971
tot_aggregated_send: 9338
tot_msg_rcv: 501
tot_msg_sent: 914
tot_reconf_duration: 18.700000000000003
tot_sleeping_duration: 682942.9477600002
tot_uptimes: 178
tot_uptimes_duration: 10620.018239999772
