comms_cons: 129.18144000876103
finished_reconf: true
global_termination_time: 556352.8695999997
local_termination_time: 556352.8284799998
node_cons: 11477.65910194153
tot_aggregated_send: 0
tot_msg_rcv: 11346
tot_msg_sent: 8294
tot_reconf_duration: 37.410000000000004
tot_sleeping_duration: 547818.9963199836
tot_uptimes: 143
tot_uptimes_duration: 8533.873280016065
