comms_cons: 55.713459203693574
finished_reconf: true
global_termination_time: 253126.78904000085
local_termination_time: 1111.7443600000004
node_cons: 5239.158531042321
tot_aggregated_send: 0
tot_msg_rcv: 4671
tot_msg_sent: 3794
tot_reconf_duration: 18.21
tot_sleeping_duration: 249232.51767999912
tot_uptimes: 65
tot_uptimes_duration: 3894.2713600017305
