comms_cons: 49.988761604110806
finished_reconf: true
global_termination_time: 255836.68
local_termination_time: 794.4524799999991
node_cons: 5252.866841121435
tot_aggregated_send: 0
tot_msg_rcv: 3845
tot_msg_sent: 3753
tot_reconf_duration: 22.65
tot_sleeping_duration: 251936.67391999892
tot_uptimes: 66
tot_uptimes_duration: 3900.0060800010688
