comms_cons: 0.6644992000014818
finished_reconf: true
global_termination_time: 7183.348
local_termination_time: 1444.23236
node_cons: 105.73459999999974
tot_aggregated_send: 0
tot_msg_rcv: 60
tot_msg_sent: 41
tot_reconf_duration: 18.700000000000003
tot_sleeping_duration: 7123.348
tot_uptimes: 2
tot_uptimes_duration: 60.0
