comms_cons: 0.7631871999995921
finished_reconf: true
global_termination_time: 5978.235
local_termination_time: 373.75335999999993
node_cons: 86.87198000000001
tot_aggregated_send: 0
tot_msg_rcv: 62
tot_msg_sent: 54
tot_reconf_duration: 4.8100000000000005
tot_sleeping_duration: 5918.235
tot_uptimes: 2
tot_uptimes_duration: 60.0
