comms_cons: 166.57967358823856
finished_reconf: true
global_termination_time: 1646527.636
local_termination_time: 263192.08100000094
node_cons: 33854.60145182832
tot_aggregated_send: 22446
tot_msg_rcv: 952
tot_msg_sent: 1921
tot_reconf_duration: 15.34
tot_sleeping_duration: 1621259.6974400086
tot_uptimes: 422
tot_uptimes_duration: 25267.93855999125
