comms_cons: 163.64344318567368
finished_reconf: true
global_termination_time: 1646397.458
local_termination_time: 425762.39036000095
node_cons: 33830.15535229893
tot_aggregated_send: 21402
tot_msg_rcv: 1102
tot_msg_sent: 2368
tot_reconf_duration: 5.1
tot_sleeping_duration: 1621137.3911200159
tot_uptimes: 422
tot_uptimes_duration: 25260.066879984282
