comms_cons: 55.871193600044116
finished_reconf: true
global_termination_time: 570642.643
local_termination_time: 26883.768
node_cons: 11753.632424640022
tot_aggregated_send: 8291
tot_msg_rcv: 36
tot_msg_sent: 166
tot_reconf_duration: 15.110000000000001
tot_sleeping_duration: 561880.04924
tot_uptimes: 147
tot_uptimes_duration: 8762.593760000003
