comms_cons: 56.83238400038568
finished_reconf: true
global_termination_time: 568651.491
local_termination_time: 104966.18167999957
node_cons: 11655.831980000012
tot_aggregated_send: 7946
tot_msg_rcv: 232
tot_msg_sent: 460
tot_reconf_duration: 4.8100000000000005
tot_sleeping_duration: 559951.491
tot_uptimes: 146
tot_uptimes_duration: 8700.0
