comms_cons: 57.36404480107183
finished_reconf: true
global_termination_time: 567556.347
local_termination_time: 105992.34535999972
node_cons: 11664.658980000033
tot_aggregated_send: 7830
tot_msg_rcv: 319
tot_msg_sent: 570
tot_reconf_duration: 11.31
tot_sleeping_duration: 558856.347
tot_uptimes: 146
tot_uptimes_duration: 8700.0
