comms_cons: 0.6842368000015258
finished_reconf: true
global_termination_time: 6227.834
local_termination_time: 1919.7553600000003
node_cons: 100.85938000000017
tot_aggregated_send: 0
tot_msg_rcv: 60
tot_msg_sent: 44
tot_reconf_duration: 15.110000000000001
tot_sleeping_duration: 6167.834
tot_uptimes: 2
tot_uptimes_duration: 60.0
