comms_cons: 347.16460166063126
finished_reconf: true
global_termination_time: 3407187.33
local_termination_time: 24101.22388000001
node_cons: 70063.52791676598
tot_aggregated_send: 46342
tot_msg_rcv: 2176
tot_msg_sent: 4248
tot_reconf_duration: 5.1
tot_sleeping_duration: 3354867.238800024
tot_uptimes: 873
tot_uptimes_duration: 52320.09119997575
