comms_cons: 341.38382723000615
finished_reconf: true
global_termination_time: 3412635.82
local_termination_time: 990355.7195999997
node_cons: 70149.25650893406
tot_aggregated_send: 47850
tot_msg_rcv: 1252
tot_msg_sent: 2786
tot_reconf_duration: 9.11
tot_sleeping_duration: 3360255.7713600183
tot_uptimes: 874
tot_uptimes_duration: 52380.048639981804
