comms_cons: 341.8235904279332
finished_reconf: true
global_termination_time: 3412446.235
local_termination_time: 664938.2443199995
node_cons: 70144.25092781681
tot_aggregated_send: 47386
tot_msg_rcv: 1315
tot_msg_sent: 3256
tot_reconf_duration: 5.43
tot_sleeping_duration: 3360066.192440016
tot_uptimes: 874
tot_uptimes_duration: 52380.04255998391
