comms_cons: 267.9638912245919
finished_reconf: true
global_termination_time: 2810088.439
local_termination_time: 4721.104
node_cons: 57859.708103350094
tot_aggregated_send: 39255
tot_msg_rcv: 512
tot_msg_sent: 961
tot_reconf_duration: 10.96
tot_sleeping_duration: 2766888.4207600066
tot_uptimes: 720
tot_uptimes_duration: 43200.01823999337
