comms_cons: 275.22805763022507
finished_reconf: true
global_termination_time: 2810123.69
local_termination_time: 6299.342000000001
node_cons: 57857.63576781806
tot_aggregated_send: 38560
tot_msg_rcv: 1212
tot_msg_sent: 2061
tot_reconf_duration: 9.41
tot_sleeping_duration: 2766923.6474400153
tot_uptimes: 720
tot_uptimes_duration: 43200.04255998437
