comms_cons: 275.8792384170598
finished_reconf: true
global_termination_time: 2809114.264
local_termination_time: 6279.504
node_cons: 57859.17574670059
tot_aggregated_send: 39313
tot_msg_rcv: 876
tot_msg_sent: 1743
tot_reconf_duration: 10.55
tot_sleeping_duration: 2765914.2275200137
tot_uptimes: 720
tot_uptimes_duration: 43200.03647998627
