comms_cons: 2.269823999996684
finished_reconf: true
global_termination_time: 14838.934
local_termination_time: 5588.177360000001
node_cons: 249.46676000000033
tot_aggregated_send: 0
tot_msg_rcv: 175
tot_msg_sent: 169
tot_reconf_duration: 6.22
tot_sleeping_duration: 14658.934
tot_uptimes: 4
tot_uptimes_duration: 180.0
