comms_cons: 74.08179199956194
finished_reconf: true
global_termination_time: 741226.855
local_termination_time: 588426.8745599996
node_cons: 15215.018700000053
tot_aggregated_send: 10266
tot_msg_rcv: 328
tot_msg_sent: 666
tot_reconf_duration: 22.65
tot_sleeping_duration: 729886.855
tot_uptimes: 190
tot_uptimes_duration: 11340.0
