comms_cons: 74.94366719790105
finished_reconf: true
global_termination_time: 741571.652
local_termination_time: 21112.471840000002
node_cons: 15190.229761116852
tot_aggregated_send: 10034
tot_msg_rcv: 450
tot_msg_sent: 907
tot_reconf_duration: 4.390000000000001
tot_sleeping_duration: 730231.6459200024
tot_uptimes: 190
tot_uptimes_duration: 11340.006079997635
