comms_cons: 138.57900797831584
finished_reconf: true
global_termination_time: 741416.981
local_termination_time: 374997.77660000004
node_cons: 15191.674645597968
tot_aggregated_send: 0
tot_msg_rcv: 10905
tot_msg_sent: 10157
tot_reconf_duration: 5.43
tot_sleeping_duration: 730076.9506000015
tot_uptimes: 190
tot_uptimes_duration: 11340.030399998475
