comms_cons: 87.5611200033569
finished_reconf: true
global_termination_time: 904245.52424
local_termination_time: 97110.22647999997
node_cons: 18603.86867738898
tot_aggregated_send: 7772
tot_msg_rcv: 1988
tot_msg_sent: 3550
tot_reconf_duration: 18.21
tot_sleeping_duration: 890370.1399999785
tot_uptimes: 232
tot_uptimes_duration: 13875.384240021624
