comms_cons: 89.50406400009523
finished_reconf: true
global_termination_time: 904244.6146399982
local_termination_time: 904244.5735199982
node_cons: 18670.820137200393
tot_aggregated_send: 13036
tot_msg_rcv: 167
tot_msg_sent: 401
tot_reconf_duration: 24.59
tot_sleeping_duration: 890325.6998399979
tot_uptimes: 232
tot_uptimes_duration: 13918.91480000026
