comms_cons: 216.37043199138054
finished_reconf: true
global_termination_time: 2178673.791
local_termination_time: 1547703.9396799994
node_cons: 44756.30579999934
tot_aggregated_send: 31146
tot_msg_rcv: 640
tot_msg_sent: 1100
tot_reconf_duration: 5.1
tot_sleeping_duration: 2145253.791
tot_uptimes: 558
tot_uptimes_duration: 33420.0
