comms_cons: 218.30265597944856
finished_reconf: true
global_termination_time: 2182214.71
local_termination_time: 1412528.88436
node_cons: 44836.29268558377
tot_aggregated_send: 29290
tot_msg_rcv: 1444
tot_msg_sent: 2447
tot_reconf_duration: 4.8100000000000005
tot_sleeping_duration: 2148734.679600012
tot_uptimes: 559
tot_uptimes_duration: 33480.03039998817
