comms_cons: 12.1589888000875
finished_reconf: true
global_termination_time: 115387.546
local_termination_time: 37701.61296000012
node_cons: 2338.3963811202893
tot_aggregated_send: 812
tot_msg_rcv: 455
tot_msg_sent: 582
tot_reconf_duration: 6.279999999999999
tot_sleeping_duration: 113647.53991999979
tot_uptimes: 30
tot_uptimes_duration: 1740.0060800002175
