comms_cons: 13.710111999898114
finished_reconf: true
global_termination_time: 115509.366
local_termination_time: 40269.94836000001
node_cons: 2336.80208223944
tot_aggregated_send: 928
tot_msg_rcv: 458
tot_msg_sent: 697
tot_reconf_duration: 5.1
tot_sleeping_duration: 113769.3538400004
tot_uptimes: 30
tot_uptimes_duration: 1740.0121599995837
