comms_cons: 12.278041599871889
finished_reconf: true
global_termination_time: 115826.89
local_termination_time: 48679.90060000002
node_cons: 2346.0364822394445
tot_aggregated_send: 696
tot_msg_rcv: 475
tot_msg_sent: 695
tot_reconf_duration: 11.899999999999999
tot_sleeping_duration: 114086.87784000041
tot_uptimes: 30
tot_uptimes_duration: 1740.0121599995837
