comms_cons: 13.936416000067453
finished_reconf: true
global_termination_time: 114504.883
local_termination_time: 37207.673160000166
node_cons: 2334.018182240586
tot_aggregated_send: 870
tot_msg_rcv: 548
tot_msg_sent: 701
tot_reconf_duration: 3.05
tot_sleeping_duration: 112764.87083999957
tot_uptimes: 30
tot_uptimes_duration: 1740.012160000435
