comms_cons: 65.48935679811223
finished_reconf: true
global_termination_time: 655564.826
local_termination_time: 345237.9430800002
node_cons: 13441.525462238305
tot_aggregated_send: 8932
tot_msg_rcv: 339
tot_msg_sent: 683
tot_reconf_duration: 18.21
tot_sleeping_duration: 645544.8138400012
tot_uptimes: 168
tot_uptimes_duration: 10020.0121599987
