comms_cons: 67.99294719798655
finished_reconf: true
global_termination_time: 654050.948
local_termination_time: 48569.883880000176
node_cons: 13423.78721119593
tot_aggregated_send: 8236
tot_msg_rcv: 668
tot_msg_sent: 1431
tot_reconf_duration: 5.1
tot_sleeping_duration: 644030.887200003
tot_uptimes: 168
tot_uptimes_duration: 10020.06079999695
