comms_cons: 66.39916800015592
finished_reconf: true
global_termination_time: 653220.078
local_termination_time: 155442.5452800008
node_cons: 13439.143879285428
tot_aggregated_send: 8816
tot_msg_rcv: 415
tot_msg_sent: 863
tot_reconf_duration: 15.110000000000001
tot_sleeping_duration: 643198.700479996
tot_uptimes: 168
tot_uptimes_duration: 10021.377520004025
