comms_cons: 285.0839039901822
finished_reconf: true
global_termination_time: 2884167.476
local_termination_time: 1708653.5325599995
node_cons: 59315.68174446651
tot_aggregated_send: 39904
tot_msg_rcv: 1114
tot_msg_sent: 2313
tot_reconf_duration: 18.21
tot_sleeping_duration: 2839887.4516800093
tot_uptimes: 739
tot_uptimes_duration: 44280.02431999077
