comms_cons: 290.22278400359517
finished_reconf: true
global_termination_time: 2882877.871
local_termination_time: 1828562.3270399994
node_cons: 59297.4926855841
tot_aggregated_send: 38802
tot_msg_rcv: 1590
tot_msg_sent: 3718
tot_reconf_duration: 4.8100000000000005
tot_sleeping_duration: 2838597.840600011
tot_uptimes: 739
tot_uptimes_duration: 44280.03039998887
