comms_cons: 30.98600959993489
finished_reconf: true
global_termination_time: 9712.311240000003
local_termination_time: 3470.7714800000017
node_cons: 3557.4903843600046
tot_aggregated_send: 0
tot_msg_rcv: 2560
tot_msg_sent: 2148
tot_reconf_duration: 5.57
tot_sleeping_duration: 7061.133999999999
tot_uptimes: 37
tot_uptimes_duration: 2651.1772400000036
