comms_cons: 1.5132159999992219
finished_reconf: true
global_termination_time: 12637.032
local_termination_time: 4957.11736
node_cons: 253.39137999999954
tot_aggregated_send: 0
tot_msg_rcv: 120
tot_msg_sent: 110
tot_reconf_duration: 9.11
tot_sleeping_duration: 12457.032
tot_uptimes: 4
tot_uptimes_duration: 180.0
