comms_cons: 99.70182401450823
finished_reconf: true
global_termination_time: 510777.32
local_termination_time: 220856.46236000006
node_cons: 10474.966841119158
tot_aggregated_send: 0
tot_msg_rcv: 7633
tot_msg_sent: 7522
tot_reconf_duration: 22.65
tot_sleeping_duration: 502977.3139200006
tot_uptimes: 131
tot_uptimes_duration: 7800.006079999366
