comms_cons: 52.88423680062314
finished_reconf: true
global_termination_time: 509085.77464000083
local_termination_time: 509085.7335200008
node_cons: 10556.504560563772
tot_aggregated_send: 6670
tot_msg_rcv: 451
tot_msg_sent: 916
tot_reconf_duration: 24.59
tot_sleeping_duration: 501226.84159999806
tot_uptimes: 131
tot_uptimes_duration: 7858.9330400027975
