comms_cons: 41.174892801920144
finished_reconf: true
global_termination_time: 209922.81
local_termination_time: 968.8843599999999
node_cons: 4288.786841121434
tot_aggregated_send: 0
tot_msg_rcv: 3203
tot_msg_sent: 3056
tot_reconf_duration: 22.65
tot_sleeping_duration: 206742.80391999893
tot_uptimes: 54
tot_uptimes_duration: 3180.0060800010688
