comms_cons: 21.777152000187066
finished_reconf: true
global_termination_time: 213825.588
local_termination_time: 17033.958640000004
node_cons: 4342.5019000000075
tot_aggregated_send: 2784
tot_msg_rcv: 180
tot_msg_sent: 346
tot_reconf_duration: 3.05
tot_sleeping_duration: 210585.588
tot_uptimes: 55
tot_uptimes_duration: 3240.0
