comms_cons: 59.34635520535944
finished_reconf: true
global_termination_time: 319270.15324000013
local_termination_time: 44352.09136000001
node_cons: 6552.665149360217
tot_aggregated_send: 0
tot_msg_rcv: 4564
tot_msg_sent: 4457
tot_reconf_duration: 18.21
tot_sleeping_duration: 314394.921
tot_uptimes: 82
tot_uptimes_duration: 4875.232240000158
