comms_cons: 61.02987520593072
finished_reconf: true
global_termination_time: 323416.39
local_termination_time: 42008.28960000001
node_cons: 6594.420121121425
tot_aggregated_send: 0
tot_msg_rcv: 4749
tot_msg_sent: 4527
tot_reconf_duration: 4.8100000000000005
tot_sleeping_duration: 318496.38391999895
tot_uptimes: 83
tot_uptimes_duration: 4920.0060800010615
