comms_cons: 2.309299199992369
finished_reconf: true
global_termination_time: 19032.032
local_termination_time: 2150.3076000000005
node_cons: 328.2857999999999
tot_aggregated_send: 0
tot_msg_rcv: 179
tot_msg_sent: 172
tot_reconf_duration: 5.1
tot_sleeping_duration: 18792.032
tot_uptimes: 5
tot_uptimes_duration: 240.0
