comms_cons: 2.197452799992739
finished_reconf: true
global_termination_time: 19024.523
local_termination_time: 8746.198360000002
node_cons: 355.7174000000015
tot_aggregated_send: 0
tot_msg_rcv: 181
tot_msg_sent: 153
tot_reconf_duration: 25.299999999999997
tot_sleeping_duration: 18784.523
tot_uptimes: 5
tot_uptimes_duration: 240.0
