comms_cons: 2.250086399992565
finished_reconf: true
global_termination_time: 16357.052
local_termination_time: 9908.917320000004
node_cons: 339.24486000000013
tot_aggregated_send: 0
tot_msg_rcv: 178
tot_msg_sent: 164
tot_reconf_duration: 13.17
tot_sleeping_duration: 16117.052
tot_uptimes: 5
tot_uptimes_duration: 240.0
