comms_cons: 2.323084799991615
finished_reconf: true
global_termination_time: 18880.978
local_termination_time: 9841.89236
node_cons: 325.5426399999999
tot_aggregated_send: 0
tot_msg_rcv: 179
tot_msg_sent: 174
tot_reconf_duration: 3.08
tot_sleeping_duration: 18640.978
tot_uptimes: 5
tot_uptimes_duration: 240.0
