comms_cons: 2.329036799994415
finished_reconf: true
global_termination_time: 18584.848
local_termination_time: 4419.43736
node_cons: 325.50189999999907
tot_aggregated_send: 0
tot_msg_rcv: 180
tot_msg_sent: 174
tot_reconf_duration: 3.05
tot_sleeping_duration: 18344.848
tot_uptimes: 5
tot_uptimes_duration: 240.0
