comms_cons: 39.21384960151735
finished_reconf: true
global_termination_time: 268537.6252000001
local_termination_time: 268537.5840800001
node_cons: 5563.671503969976
tot_aggregated_send: 1160
tot_msg_rcv: 1926
tot_msg_sent: 2878
tot_reconf_duration: 37.410000000000004
tot_sleeping_duration: 264420.4715599927
tot_uptimes: 69
tot_uptimes_duration: 4117.15364000744
