comms_cons: 24.718054400018914
finished_reconf: true
global_termination_time: 252838.005
local_termination_time: 111791.3873599997
node_cons: 5150.288240000003
tot_aggregated_send: 3596
tot_msg_rcv: 50
tot_msg_sent: 111
tot_reconf_duration: 6.279999999999999
tot_sleeping_duration: 248998.005
tot_uptimes: 65
tot_uptimes_duration: 3840.0
