comms_cons: 24.349619200130338
finished_reconf: true
global_termination_time: 249518.666
local_termination_time: 14554.276520000003
node_cons: 5069.8667600000035
tot_aggregated_send: 3538
tot_msg_rcv: 52
tot_msg_sent: 111
tot_reconf_duration: 6.22
tot_sleeping_duration: 245738.666
tot_uptimes: 64
tot_uptimes_duration: 3780.0
