comms_cons: 44.70566400143179
finished_reconf: true
global_termination_time: 414555.1800400004
local_termination_time: 71508.17763999978
node_cons: 8576.91618128913
tot_aggregated_send: 5104
tot_msg_rcv: 634
tot_msg_sent: 1056
tot_reconf_duration: 18.21
tot_sleeping_duration: 408168.1845199936
tot_uptimes: 107
tot_uptimes_duration: 6386.995520006807
