comms_cons: 84.08280320054673
finished_reconf: true
global_termination_time: 846576.749
local_termination_time: 285940.16064000083
node_cons: 17374.769624961133
tot_aggregated_send: 11948
tot_msg_rcv: 297
tot_msg_sent: 536
tot_reconf_duration: 13.17
tot_sleeping_duration: 833614.1763599991
tot_uptimes: 217
tot_uptimes_duration: 12962.572640000843
