comms_cons: 144.51212799002326
finished_reconf: true
global_termination_time: 1436193.239
local_termination_time: 220458.10936000006
node_cons: 29515.58754671023
tot_aggregated_send: 19836
tot_msg_rcv: 694
tot_msg_sent: 1436
tot_reconf_duration: 22.65
tot_sleeping_duration: 1414173.2025200075
tot_uptimes: 368
tot_uptimes_duration: 22020.036479992676
