comms_cons: 467.53088008062525
finished_reconf: true
global_termination_time: 4690808.322
local_termination_time: 1642633.6699199995
node_cons: 96500.76022669967
tot_aggregated_send: 65656
tot_msg_rcv: 1883
tot_msg_sent: 3523
tot_reconf_duration: 9.11
tot_sleeping_duration: 4618748.285520013
tot_uptimes: 1202
tot_uptimes_duration: 72060.03647998674
