comms_cons: 470.39194248296087
finished_reconf: true
global_termination_time: 4692989.77
local_termination_time: 40228.68304000006
node_cons: 96504.57347005003
tot_aggregated_send: 65656
tot_msg_rcv: 1891
tot_msg_sent: 3950
tot_reconf_duration: 11.899999999999999
tot_sleeping_duration: 4620929.71528002
tot_uptimes: 1202
tot_uptimes_duration: 72060.05471997964
