comms_cons: 466.47118084645774
finished_reconf: true
global_termination_time: 4694200.438
local_termination_time: 2185736.83536
node_cons: 96576.09464558293
tot_aggregated_send: 65424
tot_msg_rcv: 1991
tot_msg_sent: 3485
tot_reconf_duration: 5.43
tot_sleeping_duration: 4622080.407600012
tot_uptimes: 1203
tot_uptimes_duration: 72120.0303999891
