comms_cons: 83.20039679849233
finished_reconf: true
global_termination_time: 832962.78824
local_termination_time: 19931.966320000003
node_cons: 17157.56143160294
tot_aggregated_send: 11484
tot_msg_rcv: 386
tot_msg_sent: 775
tot_reconf_duration: 18.21
tot_sleeping_duration: 820167.5438399978
tot_uptimes: 214
tot_uptimes_duration: 12795.244400002179
