comms_cons: 82.43142399968976
finished_reconf: true
global_termination_time: 834825.295
local_termination_time: 232364.19416000077
node_cons: 17133.259861121453
tot_aggregated_send: 11368
tot_msg_rcv: 326
tot_msg_sent: 835
tot_reconf_duration: 15.34
tot_sleeping_duration: 822045.2889199989
tot_uptimes: 214
tot_uptimes_duration: 12780.006080001069
