comms_cons: 83.1009023994847
finished_reconf: true
global_termination_time: 836069.01
local_termination_time: 247684.17836000005
node_cons: 17196.95892224287
tot_aggregated_send: 11020
tot_msg_rcv: 497
tot_msg_sent: 1114
tot_reconf_duration: 3.08
tot_sleeping_duration: 823228.9978399979
tot_uptimes: 215
tot_uptimes_duration: 12840.012160002138
