comms_cons: 125.36693759121505
finished_reconf: true
global_termination_time: 837745.595
local_termination_time: 221936.62436000005
node_cons: 17203.75436112145
tot_aggregated_send: 0
tot_msg_rcv: 9772
tot_msg_sent: 9285
tot_reconf_duration: 8.09
tot_sleeping_duration: 824905.588919999
tot_uptimes: 215
tot_uptimes_duration: 12840.006080001069
