comms_cons: 84.17616639879304
finished_reconf: true
global_termination_time: 834629.702
local_termination_time: 362088.79764000035
node_cons: 17137.863446719348
tot_aggregated_send: 11368
tot_msg_rcv: 563
tot_msg_sent: 864
tot_reconf_duration: 18.700000000000003
tot_sleeping_duration: 821849.6655200005
tot_uptimes: 214
tot_uptimes_duration: 12780.036479999544
