comms_cons: 83.10679679781994
finished_reconf: true
global_termination_time: 833455.692
local_termination_time: 178686.42764000085
node_cons: 17116.59446448113
tot_aggregated_send: 11252
tot_msg_rcv: 385
tot_msg_sent: 996
tot_reconf_duration: 3.05
tot_sleeping_duration: 820675.6676799991
tot_uptimes: 214
tot_uptimes_duration: 12780.02432000084
