comms_cons: 163.60013439469543
finished_reconf: true
global_termination_time: 1662353.921119999
local_termination_time: 1662353.879999999
node_cons: 34227.223693912274
tot_aggregated_send: 24056
tot_msg_rcv: 200
tot_msg_sent: 610
tot_reconf_duration: 24.59
tot_sleeping_duration: 1636817.0798400047
tot_uptimes: 426
tot_uptimes_duration: 25536.84127999423
