comms_cons: 621.8735163978275
finished_reconf: true
global_termination_time: 1662419.202
local_termination_time: 633214.0417199988
node_cons: 100708.00232678096
tot_aggregated_send: 0
tot_msg_rcv: 38235
tot_msg_sent: 56286
tot_reconf_duration: 4.390000000000001
tot_sleeping_duration: 1587212.3008000124
tot_uptimes: 1232
tot_uptimes_duration: 75206.9011999878
