comms_cons: 27.116966400226204
finished_reconf: true
global_termination_time: 276833.463
local_termination_time: 24358.056
node_cons: 5648.537321120295
tot_aggregated_send: 3754
tot_msg_rcv: 77
tot_msg_sent: 290
tot_reconf_duration: 18.21
tot_sleeping_duration: 272633.45691999973
tot_uptimes: 71
tot_uptimes_duration: 4200.0060800002175
