comms_cons: 28.55405440021979
finished_reconf: true
global_termination_time: 277529.252
local_termination_time: 72381.75435999996
node_cons: 5710.680121121433
tot_aggregated_send: 3770
tot_msg_rcv: 225
tot_msg_sent: 345
tot_reconf_duration: 4.8100000000000005
tot_sleeping_duration: 273269.2459199989
tot_uptimes: 72
tot_uptimes_duration: 4260.006080001069
