comms_cons: 59.0627328009582
finished_reconf: true
global_termination_time: 582154.652
local_termination_time: 238483.04948000005
node_cons: 11974.858922242862
tot_aggregated_send: 7772
tot_msg_rcv: 447
tot_msg_sent: 759
tot_reconf_duration: 3.08
tot_sleeping_duration: 573214.6398399979
tot_uptimes: 150
tot_uptimes_duration: 8940.012160002138
