comms_cons: 58.950259200894564
finished_reconf: true
global_termination_time: 582620.222
local_termination_time: 123470.19139999978
node_cons: 11985.554523364306
tot_aggregated_send: 7888
tot_msg_rcv: 325
tot_msg_sent: 747
tot_reconf_duration: 10.95
tot_sleeping_duration: 573680.2037599968
tot_uptimes: 150
tot_uptimes_duration: 8940.018240003206
