comms_cons: 15.434803199694924
finished_reconf: true
global_termination_time: 150016.819
local_termination_time: 74907.47055999984
node_cons: 3057.0700411191365
tot_aggregated_send: 1914
tot_msg_rcv: 143
tot_msg_sent: 289
tot_reconf_duration: 3.05
tot_sleeping_duration: 147736.81292000064
tot_uptimes: 39
tot_uptimes_duration: 2280.006079999366
