comms_cons: 446.73517447276527
finished_reconf: true
global_termination_time: 4444793.503
local_termination_time: 950060.4103599999
node_cons: 91447.48008558259
tot_aggregated_send: 61770
tot_msg_rcv: 2249
tot_msg_sent: 3882
tot_reconf_duration: 15.110000000000001
tot_sleeping_duration: 4376513.472600011
tot_uptimes: 1139
tot_uptimes_duration: 68280.03039998887
