comms_cons: 441.8177344349198
finished_reconf: true
global_termination_time: 4444180.997
local_termination_time: 2325517.9703599997
node_cons: 91443.08019999738
tot_aggregated_send: 63800
tot_msg_rcv: 1160
tot_msg_sent: 2193
tot_reconf_duration: 11.899999999999999
tot_sleeping_duration: 4375900.997
tot_uptimes: 1139
tot_uptimes_duration: 68280.0
