comms_cons: 111.96488319159334
finished_reconf: true
global_termination_time: 1102280.119
local_termination_time: 182814.93836000006
node_cons: 22676.752425597984
tot_aggregated_send: 14674
tot_msg_rcv: 827
tot_msg_sent: 1517
tot_reconf_duration: 15.34
tot_sleeping_duration: 1085360.0886000015
tot_uptimes: 283
tot_uptimes_duration: 16920.030399998475
