comms_cons: 111.96147199119203
finished_reconf: true
global_termination_time: 1102437.342
local_termination_time: 243194.04108000017
node_cons: 22664.45708671482
tot_aggregated_send: 14210
tot_msg_rcv: 991
tot_msg_sent: 1816
tot_reconf_duration: 6.279999999999999
tot_sleeping_duration: 1085517.3055200037
tot_uptimes: 283
tot_uptimes_duration: 16920.03647999611
