comms_cons: 113.73459839171315
finished_reconf: true
global_termination_time: 1102933.4
local_termination_time: 228164.2384800001
node_cons: 22673.83813006534
tot_aggregated_send: 14558
tot_msg_rcv: 931
tot_msg_sent: 1797
tot_reconf_duration: 13.17
tot_sleeping_duration: 1086013.345280011
tot_uptimes: 283
tot_uptimes_duration: 16920.054719989013
