comms_cons: 114.53604478634492
finished_reconf: true
global_termination_time: 1103122.968
local_termination_time: 364794.96048000007
node_cons: 22660.103345588817
tot_aggregated_send: 14210
tot_msg_rcv: 1099
tot_msg_sent: 2100
tot_reconf_duration: 3.08
tot_sleeping_duration: 1086202.9376000084
tot_uptimes: 283
tot_uptimes_duration: 16920.030399991607
