comms_cons: 110.89962239631419
finished_reconf: true
global_termination_time: 1102319.429
local_termination_time: 424016.93436
node_cons: 22676.41566223828
tot_aggregated_send: 15138
tot_msg_rcv: 568
tot_msg_sent: 1151
tot_reconf_duration: 15.110000000000001
tot_sleeping_duration: 1085399.4168400015
tot_uptimes: 283
tot_uptimes_duration: 16920.012159998703
