comms_cons: 111.5312255870343
finished_reconf: true
global_termination_time: 1104326.039
local_termination_time: 170652.68136000005
node_cons: 22664.432594546444
tot_aggregated_send: 13978
tot_msg_rcv: 932
tot_msg_sent: 2042
tot_reconf_duration: 6.22
tot_sleeping_duration: 1087405.9599600104
tot_uptimes: 283
tot_uptimes_duration: 16920.079039989854
