comms_cons: 106.97967359878179
finished_reconf: true
global_termination_time: 1103974.851
local_termination_time: 495408.2154800001
node_cons: 22663.28650447655
tot_aggregated_send: 15022
tot_msg_rcv: 364
tot_msg_sent: 875
tot_reconf_duration: 5.43
tot_sleeping_duration: 1087054.8266800025
tot_uptimes: 283
tot_uptimes_duration: 16920.024319997407
