comms_cons: 213.41623679168265
finished_reconf: true
global_termination_time: 2160505.427
local_termination_time: 550793.2623599998
node_cons: 44452.76546223316
tot_aggregated_send: 30914
tot_msg_rcv: 487
tot_msg_sent: 1036
tot_reconf_duration: 18.21
tot_sleeping_duration: 2127325.414840005
tot_uptimes: 554
tot_uptimes_duration: 33180.01215999527
