comms_cons: 213.13166078575108
finished_reconf: true
global_termination_time: 2160285.910239997
local_termination_time: 82374.89747999996
node_cons: 44456.89529383207
tot_aggregated_send: 29580
tot_msg_rcv: 777
tot_msg_sent: 2036
tot_reconf_duration: 6.22
tot_sleeping_duration: 2127090.6536800023
tot_uptimes: 554
tot_uptimes_duration: 33195.25655999442
