comms_cons: 214.09374719242584
finished_reconf: true
global_termination_time: 2160285.1973599987
local_termination_time: 2160285.1562399985
node_cons: 44513.56673439743
tot_aggregated_send: 31016
tot_msg_rcv: 447
tot_msg_sent: 1077
tot_reconf_duration: 24.59
tot_sleeping_duration: 2127066.24776
tot_uptimes: 554
tot_uptimes_duration: 33218.949599998654
