comms_cons: 51.12038400051677
finished_reconf: true
global_termination_time: 514571.133
local_termination_time: 6676.300960000002
node_cons: 10530.501620000014
tot_aggregated_send: 7134
tot_msg_rcv: 176
tot_msg_sent: 460
tot_reconf_duration: 4.390000000000001
tot_sleeping_duration: 506711.133
tot_uptimes: 132
tot_uptimes_duration: 7860.0
