comms_cons: 51.324966400623225
finished_reconf: true
global_termination_time: 514081.269
local_termination_time: 146960.987
node_cons: 10529.376573202791
tot_aggregated_send: 7248
tot_msg_rcv: 206
tot_msg_sent: 347
tot_reconf_duration: 3.05
tot_sleeping_duration: 506220.75019999786
tot_uptimes: 132
tot_uptimes_duration: 7860.518800002086
