comms_cons: 50.78547199996252
finished_reconf: true
global_termination_time: 518240.281
local_termination_time: 25781.404359999997
node_cons: 10613.32676000001
tot_aggregated_send: 7540
tot_msg_rcv: 67
tot_msg_sent: 112
tot_reconf_duration: 6.22
tot_sleeping_duration: 510320.281
tot_uptimes: 133
tot_uptimes_duration: 7920.0
