comms_cons: 84.51960959431688
finished_reconf: true
global_termination_time: 812884.8287199978
local_termination_time: 812884.8287199978
node_cons: 16869.89289598742
tot_aggregated_send: 10613
tot_msg_rcv: 745
tot_msg_sent: 1488
tot_reconf_duration: 45.839999999999996
tot_sleeping_duration: 800332.4447200071
tot_uptimes: 209
tot_uptimes_duration: 12552.383999990576
