comms_cons: 80.23992319683647
finished_reconf: true
global_termination_time: 815009.752
local_termination_time: 3924.397
node_cons: 16725.071323355118
tot_aggregated_send: 11357
tot_msg_rcv: 325
tot_msg_sent: 514
tot_reconf_duration: 10.55
tot_sleeping_duration: 802529.7337600036
tot_uptimes: 209
tot_uptimes_duration: 12480.018239996338
