comms_cons: 489.36747520855124
finished_reconf: true
global_termination_time: 5058954.304
local_termination_time: 3102982.6524799997
node_cons: 104060.23551171672
tot_aggregated_send: 72442
tot_msg_rcv: 613
tot_msg_sent: 1326
tot_reconf_duration: 13.17
tot_sleeping_duration: 4981252.77252
tot_uptimes: 1296
tot_uptimes_duration: 77701.53147999989
