comms_cons: 497.22961924594375
finished_reconf: true
global_termination_time: 5057091.307
local_termination_time: 923474.5995999979
node_cons: 104045.65257021322
tot_aggregated_send: 70470
tot_msg_rcv: 1652
tot_msg_sent: 3454
tot_reconf_duration: 3.05
tot_sleeping_duration: 4979390.402840018
tot_uptimes: 1296
tot_uptimes_duration: 77700.90415998222
