comms_cons: 276.4586112044019
finished_reconf: true
global_termination_time: 2809131.984
local_termination_time: 6113.697999999999
node_cons: 57874.241439998965
tot_aggregated_send: 40637
tot_msg_rcv: 395
tot_msg_sent: 989
tot_reconf_duration: 21.68
tot_sleeping_duration: 2765931.984
tot_uptimes: 720
tot_uptimes_duration: 43200.0
