comms_cons: 105.9847936114849
finished_reconf: true
global_termination_time: 459261.7140400004
local_termination_time: 2526.8166
node_cons: 9462.122546974066
tot_aggregated_send: 0
tot_msg_rcv: 9218
tot_msg_sent: 6880
tot_reconf_duration: 18.21
tot_sleeping_duration: 452213.62339998985
tot_uptimes: 118
tot_uptimes_duration: 7048.0906400105
