comms_cons: 45.7320192000652
finished_reconf: true
global_termination_time: 464102.976
local_termination_time: 51963.08048000001
node_cons: 9510.878700000005
tot_aggregated_send: 6670
tot_msg_rcv: 127
tot_msg_sent: 154
tot_reconf_duration: 22.65
tot_sleeping_duration: 457022.976
tot_uptimes: 119
tot_uptimes_duration: 7080.0
