comms_cons: 46.00834560087875
finished_reconf: true
global_termination_time: 459827.541
local_termination_time: 159109.88648000007
node_cons: 9408.30824000001
tot_aggregated_send: 6380
tot_msg_rcv: 212
tot_msg_sent: 401
tot_reconf_duration: 6.279999999999999
tot_sleeping_duration: 452807.541
tot_uptimes: 118
tot_uptimes_duration: 7020.0
