comms_cons: 45.10602240009244
finished_reconf: true
global_termination_time: 460323.107
local_termination_time: 49645.43160000002
node_cons: 9406.31198000001
tot_aggregated_send: 6496
tot_msg_rcv: 73
tot_msg_sent: 286
tot_reconf_duration: 4.8100000000000005
tot_sleeping_duration: 453303.107
tot_uptimes: 118
tot_uptimes_duration: 7020.0
