comms_cons: 45.94255360053183
finished_reconf: true
global_termination_time: 462269.008
local_termination_time: 237225.09060000008
node_cons: 9488.574901121445
tot_aggregated_send: 6612
tot_msg_rcv: 143
tot_msg_sent: 228
tot_reconf_duration: 6.22
tot_sleeping_duration: 455189.0019199989
tot_uptimes: 119
tot_uptimes_duration: 7080.006080001069
