comms_cons: 81.95755519794729
finished_reconf: true
global_termination_time: 828214.033
local_termination_time: 106603.38847999943
node_cons: 17069.11426271927
tot_aggregated_send: 11948
tot_msg_rcv: 163
tot_msg_sent: 346
tot_reconf_duration: 15.34
tot_sleeping_duration: 815481.9325200006
tot_uptimes: 213
tot_uptimes_duration: 12732.100479999426
