comms_cons: 84.8844927971026
finished_reconf: true
global_termination_time: 829003.653
local_termination_time: 118363.91855999986
node_cons: 17038.693391205128
tot_aggregated_send: 11020
tot_msg_rcv: 595
tot_msg_sent: 1286
tot_reconf_duration: 4.8100000000000005
tot_sleeping_duration: 816283.5921999962
tot_uptimes: 213
tot_uptimes_duration: 12720.06080000382
