comms_cons: 84.34959359625525
finished_reconf: true
global_termination_time: 828040.10136
local_termination_time: 34638.810440000045
node_cons: 17063.18315350734
tot_aggregated_send: 11310
tot_msg_rcv: 521
tot_msg_sent: 990
tot_reconf_duration: 7.819999999999999
tot_sleeping_duration: 815304.8036800094
tot_uptimes: 213
tot_uptimes_duration: 12735.29767999053
