comms_cons: 181.7845503892563
finished_reconf: true
global_termination_time: 1817788.72
local_termination_time: 148906.48436000006
node_cons: 37382.886167831464
tot_aggregated_send: 25288
tot_msg_rcv: 673
tot_msg_sent: 1669
tot_reconf_duration: 18.21
tot_sleeping_duration: 1789888.6774400063
tot_uptimes: 466
tot_uptimes_duration: 27900.042559993744
