comms_cons: 179.8946239906715
finished_reconf: true
global_termination_time: 1812701.076
local_termination_time: 912452.9633599999
node_cons: 37286.32080446722
tot_aggregated_send: 25114
tot_msg_rcv: 659
tot_msg_sent: 1569
tot_reconf_duration: 6.279999999999999
tot_sleeping_duration: 1784861.0516800093
tot_uptimes: 465
tot_uptimes_duration: 27840.024319990538
