comms_cons: 182.073561585876
finished_reconf: true
global_termination_time: 1815063.261
local_termination_time: 22221.350480000005
node_cons: 37295.70184783608
tot_aggregated_send: 25114
tot_msg_rcv: 819
tot_msg_sent: 1740
tot_reconf_duration: 13.17
tot_sleeping_duration: 1787223.2184400028
tot_uptimes: 465
tot_uptimes_duration: 27840.04255999718
