comms_cons: 17.277606399954124
finished_reconf: true
global_termination_time: 13653.476240000009
local_termination_time: 111.07836000000044
node_cons: 2189.8729230800486
tot_aggregated_send: 0
tot_msg_rcv: 1295
tot_msg_sent: 1331
tot_reconf_duration: 4.390000000000001
tot_sleeping_duration: 12022.47451999997
tot_uptimes: 26
tot_uptimes_duration: 1631.0017200000368
