comms_cons: 2.6777343999951126
finished_reconf: true
global_termination_time: 14391.712
local_termination_time: 112.9893200000004
node_cons: 249.46890240000081
tot_aggregated_send: 0
tot_msg_rcv: 235
tot_msg_sent: 171
tot_reconf_duration: 6.22
tot_sleeping_duration: 14211.7104
tot_uptimes: 4
tot_uptimes_duration: 180.0016000000006
