comms_cons: 237.93052799908932
finished_reconf: true
global_termination_time: 2369379.629
local_termination_time: 406247.2517600009
node_cons: 48696.70026558353
tot_aggregated_send: 33118
tot_msg_rcv: 1017
tot_msg_sent: 2030
tot_reconf_duration: 7.819999999999999
tot_sleeping_duration: 2333019.5986000123
tot_uptimes: 607
tot_uptimes_duration: 36360.03039998817
