comms_cons: 139.55141119076703
finished_reconf: true
global_termination_time: 1383029.394
local_termination_time: 315603.4014800001
node_cons: 28465.138026701068
tot_aggregated_send: 18850
tot_msg_rcv: 717
tot_msg_sent: 1644
tot_reconf_duration: 18.21
tot_sleeping_duration: 1361789.3575200143
tot_uptimes: 355
tot_uptimes_duration: 21240.036479985807
