comms_cons: 137.4324159960526
finished_reconf: true
global_termination_time: 1385391.475
local_termination_time: 1032532.0353599999
node_cons: 28447.924059999976
tot_aggregated_send: 19836
tot_msg_rcv: 361
tot_msg_sent: 691
tot_reconf_duration: 5.57
tot_sleeping_duration: 1364151.475
tot_uptimes: 355
tot_uptimes_duration: 21240.0
