comms_cons: 138.08424959370416
finished_reconf: true
global_termination_time: 1380841.097
local_termination_time: 826943.00036
node_cons: 28377.904860000104
tot_aggregated_send: 19546
tot_msg_rcv: 526
tot_msg_sent: 916
tot_reconf_duration: 13.17
tot_sleeping_duration: 1359661.097
tot_uptimes: 354
tot_uptimes_duration: 21180.0
