comms_cons: 142.32846078778527
finished_reconf: true
global_termination_time: 1381371.121
local_termination_time: 984571.0383599999
node_cons: 28370.68026558429
tot_aggregated_send: 18386
tot_msg_rcv: 1156
tot_msg_sent: 2092
tot_reconf_duration: 7.819999999999999
tot_sleeping_duration: 1360191.0906000119
tot_uptimes: 354
tot_uptimes_duration: 21180.030399988173
