comms_cons: 50.41703680017309
finished_reconf: true
global_termination_time: 513854.579
local_termination_time: 274891.7945200008
node_cons: 10544.462175281096
tot_aggregated_send: 7424
tot_msg_rcv: 76
tot_msg_sent: 164
tot_reconf_duration: 13.17
tot_sleeping_duration: 505993.0574799992
tot_uptimes: 132
tot_uptimes_duration: 7861.521520000824
