comms_cons: 143.63269759228007
finished_reconf: true
global_termination_time: 1451317.303
local_termination_time: 798683.0773599999
node_cons: 29831.53459999998
tot_aggregated_send: 20590
tot_msg_rcv: 386
tot_msg_sent: 855
tot_reconf_duration: 18.700000000000003
tot_sleeping_duration: 1429057.303
tot_uptimes: 372
tot_uptimes_duration: 22260.0
