comms_cons: 317.92020478304124
finished_reconf: true
global_termination_time: 3216791.095
local_termination_time: 388673.85536000005
node_cons: 66126.45781452663
tot_aggregated_send: 42978
tot_msg_rcv: 1787
tot_msg_sent: 3556
tot_reconf_duration: 4.8100000000000005
tot_sleeping_duration: 3167411.015960024
tot_uptimes: 824
tot_uptimes_duration: 49380.07903997612
