comms_cons: 324.7393728018344
finished_reconf: true
global_termination_time: 3219300.228
local_termination_time: 447694.6779600002
node_cons: 66204.39145228446
tot_aggregated_send: 43268
tot_msg_rcv: 2071
tot_msg_sent: 4019
tot_reconf_duration: 3.05
tot_sleeping_duration: 3169860.161120026
tot_uptimes: 825
tot_uptimes_duration: 49440.066879974445
