comms_cons: 321.7559488033808
finished_reconf: true
global_termination_time: 3216017.1402399954
local_termination_time: 43072.90948000001
node_cons: 66165.10680829555
tot_aggregated_send: 45240
tot_msg_rcv: 1222
tot_msg_sent: 2441
tot_reconf_duration: 11.31
tot_sleeping_duration: 3166614.7893600124
tot_uptimes: 824
tot_uptimes_duration: 49402.350879982776
