comms_cons: 318.62812159996855
finished_reconf: true
global_termination_time: 3217085.138
local_termination_time: 607363.7324799978
node_cons: 66156.86240383246
tot_aggregated_send: 46110
tot_msg_rcv: 825
tot_msg_sent: 1494
tot_reconf_duration: 15.34
tot_sleeping_duration: 3167693.0314400042
tot_uptimes: 824
tot_uptimes_duration: 49392.106559995445
