comms_cons: 148.94713599626886
finished_reconf: true
global_termination_time: 1501433.6055999987
local_termination_time: 1501433.5644799988
node_cons: 30938.913492636722
tot_aggregated_send: 21736
tot_msg_rcv: 345
tot_msg_sent: 558
tot_reconf_duration: 24.59
tot_sleeping_duration: 1478352.5598400014
tot_uptimes: 385
tot_uptimes_duration: 23081.045759997505
