comms_cons: 417.17841264259505
finished_reconf: true
global_termination_time: 861352.8225999998
local_termination_time: 861352.7814799999
node_cons: 52557.923203119
tot_aggregated_send: 0
tot_msg_rcv: 25507
tot_msg_sent: 37902
tot_reconf_duration: 24.59
tot_sleeping_duration: 822126.13852
tot_uptimes: 647
tot_uptimes_duration: 39226.68407999981
