comms_cons: 85.63544959842122
finished_reconf: true
global_termination_time: 865191.318
local_termination_time: 123474.87007999963
node_cons: 17761.680121121455
tot_aggregated_send: 11890
tot_msg_rcv: 348
tot_msg_sent: 778
tot_reconf_duration: 4.8100000000000005
tot_sleeping_duration: 851931.3119199988
tot_uptimes: 222
tot_uptimes_duration: 13260.006080001069
