comms_cons: 86.8131711966143
finished_reconf: true
global_termination_time: 862099.232
local_termination_time: 25429.2276
node_cons: 17683.271183358578
tot_aggregated_send: 11716
tot_msg_rcv: 436
tot_msg_sent: 1043
tot_reconf_duration: 6.22
tot_sleeping_duration: 848899.213760001
tot_uptimes: 221
tot_uptimes_duration: 13200.01823999892
