comms_cons: 1.8553343999963088
finished_reconf: true
global_termination_time: 15071.664
local_termination_time: 4775.150360000001
node_cons: 252.0062200000002
tot_aggregated_send: 0
tot_msg_rcv: 171
tot_msg_sent: 111
tot_reconf_duration: 8.09
tot_sleeping_duration: 14891.664
tot_uptimes: 4
tot_uptimes_duration: 180.0
