comms_cons: 1.7105920000000259
finished_reconf: true
global_termination_time: 11882.964
local_termination_time: 4267.154360000001
node_cons: 266.414600000001
tot_aggregated_send: 0
tot_msg_rcv: 159
tot_msg_sent: 101
tot_reconf_duration: 18.700000000000003
tot_sleeping_duration: 11702.964
tot_uptimes: 4
tot_uptimes_duration: 180.0
