comms_cons: 1.5592703999993245
finished_reconf: true
global_termination_time: 13807.419
local_termination_time: 7179.13136
node_cons: 257.18020000000195
tot_aggregated_send: 0
tot_msg_rcv: 129
tot_msg_sent: 108
tot_reconf_duration: 11.899999999999999
tot_sleeping_duration: 13627.418999999998
tot_uptimes: 4
tot_uptimes_duration: 180.0
