comms_cons: 108.17583359747692
finished_reconf: true
global_termination_time: 1095665.89
local_termination_time: 624322.803
node_cons: 22516.03986111682
tot_aggregated_send: 15589
tot_msg_rcv: 217
tot_msg_sent: 636
tot_reconf_duration: 15.34
tot_sleeping_duration: 1078865.8839200023
tot_uptimes: 281
tot_uptimes_duration: 16800.006079997635
