comms_cons: 107.8659839982989
finished_reconf: true
global_termination_time: 1095436.74
local_termination_time: 942657.5455999988
node_cons: 22502.764059999965
tot_aggregated_send: 15834
tot_msg_rcv: 160
tot_msg_sent: 401
tot_reconf_duration: 5.57
tot_sleeping_duration: 1078636.74
tot_uptimes: 281
tot_uptimes_duration: 16800.0
