comms_cons: 854.2371394516549
finished_reconf: true
global_termination_time: 8585896.173
local_termination_time: 1952003.861
node_cons: 176608.22499004792
tot_aggregated_send: 118304
tot_msg_rcv: 3852
tot_msg_sent: 7682
tot_reconf_duration: 15.34
tot_sleeping_duration: 8454016.11828002
tot_uptimes: 2199
tot_uptimes_duration: 131880.05471998057
