comms_cons: 847.7393665890123
finished_reconf: true
global_termination_time: 8589664.676
local_termination_time: 2107183.85
node_cons: 176674.76201236833
tot_aggregated_send: 118606
tot_msg_rcv: 3269
tot_msg_sent: 6973
tot_reconf_duration: 5.1
tot_sleeping_duration: 8457724.54440002
tot_uptimes: 2200
tot_uptimes_duration: 131940.13159998087
