comms_cons: 850.2241729543105
finished_reconf: true
global_termination_time: 8587175.304
local_termination_time: 3061592.45236
node_cons: 176685.58556557941
tot_aggregated_send: 120176
tot_msg_rcv: 3024
tot_msg_sent: 6029
tot_reconf_duration: 13.17
tot_sleeping_duration: 8455235.27360001
tot_uptimes: 2200
tot_uptimes_duration: 131940.03039998934
