comms_cons: 846.7322369530499
finished_reconf: true
global_termination_time: 8587587.258
local_termination_time: 3446752.8443599995
node_cons: 176680.05580334505
tot_aggregated_send: 120408
tot_msg_rcv: 2754
tot_msg_sent: 5536
tot_reconf_duration: 9.11
tot_sleeping_duration: 8455647.239760006
tot_uptimes: 2200
tot_uptimes_duration: 131940.0182399936
