comms_cons: 67.86250240734158
finished_reconf: true
global_termination_time: 346758.955
local_termination_time: 1122.0533600000003
node_cons: 7100.678700000009
tot_aggregated_send: 0
tot_msg_rcv: 5227
tot_msg_sent: 5087
tot_reconf_duration: 22.65
tot_sleeping_duration: 341478.955
tot_uptimes: 89
tot_uptimes_duration: 5280.0
