comms_cons: 35.159244800807606
finished_reconf: true
global_termination_time: 343164.523
local_termination_time: 204086.4430400003
node_cons: 6998.051183364302
tot_aggregated_send: 4524
tot_msg_rcv: 300
tot_msg_sent: 520
tot_reconf_duration: 6.22
tot_sleeping_duration: 337944.5047599968
tot_uptimes: 88
tot_uptimes_duration: 5220.018240003206
