comms_cons: 47.13304319986877
finished_reconf: true
global_termination_time: 482484.475
local_termination_time: 385757.53448000003
node_cons: 9890.356381121403
tot_aggregated_send: 7018
tot_msg_rcv: 34
tot_msg_sent: 111
tot_reconf_duration: 6.279999999999999
tot_sleeping_duration: 475104.4689199989
tot_uptimes: 124
tot_uptimes_duration: 7380.006080001069
