comms_cons: 47.62682880017643
finished_reconf: true
global_termination_time: 480649.293
local_termination_time: 100087.75159999995
node_cons: 9887.781620000012
tot_aggregated_send: 6960
tot_msg_rcv: 109
tot_msg_sent: 170
tot_reconf_duration: 4.390000000000001
tot_sleeping_duration: 473269.293
tot_uptimes: 124
tot_uptimes_duration: 7380.0
