comms_cons: 48.18668800064722
finished_reconf: true
global_termination_time: 482571.45
local_termination_time: 13312.731920000002
node_cons: 9885.961900000011
tot_aggregated_send: 6670
tot_msg_rcv: 191
tot_msg_sent: 463
tot_reconf_duration: 3.05
tot_sleeping_duration: 475191.45
tot_uptimes: 124
tot_uptimes_duration: 7380.0
