comms_cons: 2.2836095999917454
finished_reconf: true
global_termination_time: 12486.923
local_termination_time: 8955.15436
node_cons: 246.98161999999923
tot_aggregated_send: 0
tot_msg_rcv: 177
tot_msg_sent: 170
tot_reconf_duration: 4.390000000000001
tot_sleeping_duration: 12306.923
tot_uptimes: 4
tot_uptimes_duration: 180.0
