comms_cons: 391.5023230705053
finished_reconf: true
global_termination_time: 811801.659
local_termination_time: 286755.7984800001
node_cons: 49162.36230171865
tot_aggregated_send: 0
tot_msg_rcv: 24060
tot_msg_sent: 35446
tot_reconf_duration: 18.21
tot_sleeping_duration: 775104.3975200006
tot_uptimes: 600
tot_uptimes_duration: 36697.26147999944
