comms_cons: 86.3065727934148
finished_reconf: true
global_termination_time: 812647.838
local_termination_time: 70616.20135999996
node_cons: 16721.77949008142
tot_aggregated_send: 10266
tot_msg_rcv: 1046
tot_msg_sent: 1806
tot_reconf_duration: 8.09
tot_sleeping_duration: 800167.783279999
tot_uptimes: 209
tot_uptimes_duration: 12480.054720001048
