comms_cons: 82.51632639511374
finished_reconf: true
global_termination_time: 811369.29
local_termination_time: 111429.90107999991
node_cons: 16651.236143350536
tot_aggregated_send: 10962
tot_msg_rcv: 547
tot_msg_sent: 1033
tot_reconf_duration: 15.34
tot_sleeping_duration: 798949.2717600071
tot_uptimes: 208
tot_uptimes_duration: 12420.018239992904
