comms_cons: 883.5325697790166
finished_reconf: true
global_termination_time: 8852047.806
local_termination_time: 2260378.11336
node_cons: 182084.86252893048
tot_aggregated_send: 123540
tot_msg_rcv: 3802
tot_msg_sent: 6949
tot_reconf_duration: 25.299999999999997
tot_sleeping_duration: 8716087.757360017
tot_uptimes: 2267
tot_uptimes_duration: 135960.04863998294
