comms_cons: 883.3233154171495
finished_reconf: true
global_termination_time: 8852039.734
local_termination_time: 1423262.3023599999
node_cons: 182057.06153228128
tot_aggregated_send: 123946
tot_msg_rcv: 3390
tot_msg_sent: 6922
tot_reconf_duration: 4.8100000000000005
tot_sleeping_duration: 8716079.667120025
tot_uptimes: 2267
tot_uptimes_duration: 135960.06687997584
