comms_cons: 882.3701698345767
finished_reconf: true
global_termination_time: 8851205.856
local_termination_time: 1588389.9053199985
node_cons: 182057.8953511643
tot_aggregated_send: 123250
tot_msg_rcv: 3721
tot_msg_sent: 7144
tot_reconf_duration: 5.43
tot_sleeping_duration: 8715245.795200022
tot_uptimes: 2267
tot_uptimes_duration: 135960.0607999782
