comms_cons: 188.44865278333592
finished_reconf: true
global_termination_time: 1879875.3894399996
local_termination_time: 1879875.3483199996
node_cons: 38706.61638621535
tot_aggregated_send: 26086
tot_msg_rcv: 734
tot_msg_sent: 1823
tot_reconf_duration: 24.59
tot_sleeping_duration: 1850993.2212800179
tot_uptimes: 482
tot_uptimes_duration: 28882.168159981724
