comms_cons: 186.30581758602736
finished_reconf: true
global_termination_time: 1881370.716
local_termination_time: 294502.02236000006
node_cons: 38674.32312335492
tot_aggregated_send: 25868
tot_msg_rcv: 809
tot_msg_sent: 1642
tot_reconf_duration: 22.65
tot_sleeping_duration: 1852510.6977600036
tot_uptimes: 482
tot_uptimes_duration: 28860.018239996338
