comms_cons: 277.5604862069212
finished_reconf: true
global_termination_time: 1881620.124
local_termination_time: 1310994.89136
node_cons: 38654.16770111671
tot_aggregated_send: 0
tot_msg_rcv: 21251
tot_msg_sent: 20936
tot_reconf_duration: 7.819999999999999
tot_sleeping_duration: 1852760.1179200024
tot_uptimes: 482
tot_uptimes_duration: 28860.006079997635
