comms_cons: 278.0238334074786
finished_reconf: true
global_termination_time: 1884221.444
local_termination_time: 1306755.4484799998
node_cons: 38739.25526223351
tot_aggregated_send: 0
tot_msg_rcv: 21322
tot_msg_sent: 20936
tot_reconf_duration: 11.31
tot_sleeping_duration: 1855301.4318400046
tot_uptimes: 483
tot_uptimes_duration: 28920.012159995254
