comms_cons: 38.876492800515415
finished_reconf: true
global_termination_time: 387185.558
local_termination_time: 147058.12544000067
node_cons: 7961.22406000002
tot_aggregated_send: 5452
tot_msg_rcv: 172
tot_msg_sent: 285
tot_reconf_duration: 5.57
tot_sleeping_duration: 381245.558
tot_uptimes: 100
tot_uptimes_duration: 5940.0
