comms_cons: 40.38970880074279
finished_reconf: true
global_termination_time: 388781.0
local_termination_time: 10430.346599999999
node_cons: 7960.602082242869
tot_aggregated_send: 5162
tot_msg_rcv: 397
tot_msg_sent: 580
tot_reconf_duration: 5.1
tot_sleeping_duration: 382840.98783999786
tot_uptimes: 100
tot_uptimes_duration: 5940.0121600021375
