comms_cons: 38.0669056002477
finished_reconf: true
global_termination_time: 386249.189
local_termination_time: 24342.6846
node_cons: 7891.213001121442
tot_aggregated_send: 5452
tot_msg_rcv: 113
tot_msg_sent: 220
tot_reconf_duration: 13.17
tot_sleeping_duration: 380369.18291999894
tot_uptimes: 99
tot_uptimes_duration: 5880.006080001069
