comms_cons: 39.652838401191595
finished_reconf: true
global_termination_time: 386074.753
local_termination_time: 28738.20948
node_cons: 7879.884544485734
tot_aggregated_send: 5104
tot_msg_rcv: 340
tot_msg_sent: 583
tot_reconf_duration: 4.8100000000000005
tot_sleeping_duration: 380194.72867999575
tot_uptimes: 99
tot_uptimes_duration: 5880.024320004275
