comms_cons: 38.75148800083822
finished_reconf: true
global_termination_time: 385826.626
local_termination_time: 191567.32436000006
node_cons: 7879.2897611214585
tot_aggregated_send: 5220
tot_msg_rcv: 208
tot_msg_sent: 462
tot_reconf_duration: 4.390000000000001
tot_sleeping_duration: 379946.6199199989
tot_uptimes: 99
tot_uptimes_duration: 5880.006080001069
