comms_cons: 39.63372800080172
finished_reconf: true
global_termination_time: 384470.33980000083
local_termination_time: 16390.29892
node_cons: 7956.490650565449
tot_aggregated_send: 5220
tot_msg_rcv: 303
tot_msg_sent: 503
tot_reconf_duration: 7.819999999999999
tot_sleeping_duration: 378536.1567599967
tot_uptimes: 99
tot_uptimes_duration: 5934.183040004065
