comms_cons: 76.8032896093744
finished_reconf: true
global_termination_time: 384470.1646000002
local_termination_time: 1684.5073600000003
node_cons: 7902.344190643121
tot_aggregated_send: 0
tot_msg_rcv: 5975
tot_msg_sent: 5696
tot_reconf_duration: 6.22
tot_sleeping_duration: 378574.79683999787
tot_uptimes: 99
tot_uptimes_duration: 5895.367760002324
