comms_cons: 425.3557888677527
finished_reconf: true
global_termination_time: 4218004.03
local_termination_time: 1206283.555639999
node_cons: 86775.72003005042
tot_aggregated_send: 58928
tot_msg_rcv: 2005
tot_msg_sent: 3719
tot_reconf_duration: 6.22
tot_sleeping_duration: 4153203.975280021
tot_uptimes: 1081
tot_uptimes_duration: 64800.05471997964
