comms_cons: 1.4342655999994465
finished_reconf: true
global_termination_time: 11242.395240000009
local_termination_time: 5453.75136
node_cons: 251.94789936001217
tot_aggregated_send: 0
tot_msg_rcv: 124
tot_msg_sent: 94
tot_reconf_duration: 25.299999999999997
tot_sleeping_duration: 11079.893
tot_uptimes: 3
tot_uptimes_duration: 162.5022400000089
