comms_cons: 124.87384319907244
finished_reconf: true
global_termination_time: 1268004.691
local_termination_time: 226658.89800000002
node_cons: 26051.43573240137
tot_aggregated_send: 18315
tot_msg_rcv: 203
tot_msg_sent: 463
tot_reconf_duration: 15.34
tot_sleeping_duration: 1248564.359399999
tot_uptimes: 325
tot_uptimes_duration: 19440.331600000995
