comms_cons: 249.87732463931684
finished_reconf: true
global_termination_time: 1265424.971
local_termination_time: 634.5893599999998
node_cons: 26060.967546701035
tot_aggregated_send: 0
tot_msg_rcv: 19196
tot_msg_sent: 18784
tot_reconf_duration: 22.65
tot_sleeping_duration: 1245984.934520014
tot_uptimes: 325
tot_uptimes_duration: 19440.036479985807
