comms_cons: 128.5005951900376
finished_reconf: true
global_termination_time: 1262832.5619999992
local_termination_time: 852830.1655999998
node_cons: 26006.43893534941
tot_aggregated_send: 17342
tot_msg_rcv: 767
tot_msg_sent: 1424
tot_reconf_duration: 4.8100000000000005
tot_sleeping_duration: 1243415.1557600072
tot_uptimes: 324
tot_uptimes_duration: 19417.406239992008
