comms_cons: 130.52329598653415
finished_reconf: true
global_termination_time: 1263904.777
local_termination_time: 8325.293599999999
node_cons: 25955.838661389265
tot_aggregated_send: 16704
tot_msg_rcv: 1095
tot_msg_sent: 2039
tot_reconf_duration: 4.390000000000001
tot_sleeping_duration: 1244524.734400008
tot_uptimes: 324
tot_uptimes_duration: 19380.042599991953
