comms_cons: 119.49205759510943
finished_reconf: true
global_termination_time: 1173107.614759999
local_termination_time: 1173107.5736399991
node_cons: 24180.566473829003
tot_aggregated_send: 16052
tot_msg_rcv: 741
tot_msg_sent: 1369
tot_reconf_duration: 24.59
tot_sleeping_duration: 1155073.8782000074
tot_uptimes: 301
tot_uptimes_duration: 18033.736559991747
