comms_cons: 119.49143038776599
finished_reconf: true
global_termination_time: 1178697.189
local_termination_time: 560485.6977999994
node_cons: 24188.35046670105
tot_aggregated_send: 15602
tot_msg_rcv: 777
tot_msg_sent: 1783
tot_reconf_duration: 4.390000000000001
tot_sleeping_duration: 1160637.1525200142
tot_uptimes: 302
tot_uptimes_duration: 18060.036479985807
