comms_cons: 119.13615359278967
finished_reconf: true
global_termination_time: 1178883.95
local_termination_time: 506786.4815600007
node_cons: 24193.000265584204
tot_aggregated_send: 16008
tot_msg_rcv: 647
tot_msg_sent: 1453
tot_reconf_duration: 7.819999999999999
tot_sleeping_duration: 1160823.9196000118
tot_uptimes: 302
tot_uptimes_duration: 18060.030399988173
