comms_cons: 433.6050813385758
finished_reconf: true
global_termination_time: 2205435.581
local_termination_time: 402.3533599999999
node_cons: 45329.669283350006
tot_aggregated_send: 0
tot_msg_rcv: 33195
tot_msg_sent: 32708
tot_reconf_duration: 13.17
tot_sleeping_duration: 2171595.562760007
tot_uptimes: 565
tot_uptimes_duration: 33840.0182399929
