comms_cons: 81.57802880015578
finished_reconf: true
global_termination_time: 576429.336879998
local_termination_time: 576429.295759998
node_cons: 11938.647236817982
tot_aggregated_send: 3538
tot_msg_rcv: 3745
tot_msg_sent: 5118
tot_reconf_duration: 37.410000000000004
tot_sleeping_duration: 567551.1856799845
tot_uptimes: 148
tot_uptimes_duration: 8878.151200013415
