comms_cons: 56.25216000011754
finished_reconf: true
global_termination_time: 577359.265
local_termination_time: 215948.04336000004
node_cons: 11830.811720000012
tot_aggregated_send: 8468
tot_msg_rcv: 37
tot_msg_sent: 45
tot_reconf_duration: 15.34
tot_sleeping_duration: 568539.265
tot_uptimes: 148
tot_uptimes_duration: 8820.0
