comms_cons: 57.55484159988711
finished_reconf: true
global_termination_time: 579213.069
local_termination_time: 168776.7081200005
node_cons: 11897.884060000026
tot_aggregated_send: 8294
tot_msg_rcv: 169
tot_msg_sent: 285
tot_reconf_duration: 5.57
tot_sleeping_duration: 570333.069
tot_uptimes: 149
tot_uptimes_duration: 8880.0
