comms_cons: 0.7302912000016284
finished_reconf: true
global_termination_time: 5882.333
local_termination_time: 1786.0033600000002
node_cons: 91.32621999999989
tot_aggregated_send: 0
tot_msg_rcv: 60
tot_msg_sent: 51
tot_reconf_duration: 8.09
tot_sleeping_duration: 5822.333
tot_uptimes: 2
tot_uptimes_duration: 60.0
