comms_cons: 332.2028541438346
finished_reconf: true
global_termination_time: 1685449.359
local_termination_time: 653.5850399999995
node_cons: 34651.29360335047
tot_aggregated_send: 0
tot_msg_rcv: 25500
tot_msg_sent: 24993
tot_reconf_duration: 18.21
tot_sleeping_duration: 1659589.340760007
tot_uptimes: 432
tot_uptimes_duration: 25860.018239992904
