comms_cons: 165.15170559561514
finished_reconf: true
global_termination_time: 1684663.95
local_termination_time: 1130334.32036
node_cons: 34647.38800223375
tot_aggregated_send: 23722
tot_msg_rcv: 470
tot_msg_sent: 910
tot_reconf_duration: 15.34
tot_sleeping_duration: 1658803.9378400047
tot_uptimes: 432
tot_uptimes_duration: 25860.01215999527
