comms_cons: 331.4781693424131
finished_reconf: true
global_termination_time: 1684096.049
local_termination_time: 3553.5023600000004
node_cons: 34644.44114223823
tot_aggregated_send: 0
tot_msg_rcv: 25388
tot_msg_sent: 24993
tot_reconf_duration: 13.17
tot_sleeping_duration: 1658236.0368400014
tot_uptimes: 432
tot_uptimes_duration: 25860.012159998703
