comms_cons: 168.03659518962814
finished_reconf: true
global_termination_time: 1685286.037
local_termination_time: 1002245.6153599999
node_cons: 34634.99490111692
tot_aggregated_send: 23490
tot_msg_rcv: 742
tot_msg_sent: 1308
tot_reconf_duration: 6.22
tot_sleeping_duration: 1659426.0309200024
tot_uptimes: 432
tot_uptimes_duration: 25860.006079997635
