comms_cons: 88.66192639428101
finished_reconf: true
global_termination_time: 879171.8468399997
local_termination_time: 879171.8057199997
node_cons: 18132.48514935653
tot_aggregated_send: 12166
tot_msg_rcv: 424
tot_msg_sent: 886
tot_reconf_duration: 24.59
tot_sleeping_duration: 865654.9746000023
tot_uptimes: 226
tot_uptimes_duration: 13516.872239997378
