comms_cons: 581.9168255109921
finished_reconf: true
global_termination_time: 879763.35
local_termination_time: 278844.0354800001
node_cons: 87133.62719154499
tot_aggregated_send: 0
tot_msg_rcv: 40101
tot_msg_sent: 48347
tot_reconf_duration: 15.34
tot_sleeping_duration: 814705.2503199797
tot_uptimes: 1053
tot_uptimes_duration: 65058.09968002016
