comms_cons: 133.92114557934212
finished_reconf: true
global_termination_time: 879763.35
local_termination_time: 284212.05236000003
node_cons: 18110.881823359705
tot_aggregated_send: 0
tot_msg_rcv: 10334
tot_msg_sent: 10020
tot_reconf_duration: 25.299999999999997
tot_sleeping_duration: 866263.3317600002
tot_uptimes: 226
tot_uptimes_duration: 13500.018239999772
