comms_cons: 87.11518719989314
finished_reconf: true
global_termination_time: 881020.329
local_termination_time: 319454.73136000003
node_cons: 18094.384860000006
tot_aggregated_send: 12354
tot_msg_rcv: 317
tot_msg_sent: 570
tot_reconf_duration: 13.17
tot_sleeping_duration: 867520.329
tot_uptimes: 226
tot_uptimes_duration: 13500.0
