comms_cons: 88.69482239585624
finished_reconf: true
global_termination_time: 880484.699
local_termination_time: 64738.16072000002
node_cons: 18082.50232560259
tot_aggregated_send: 11658
tot_msg_rcv: 540
tot_msg_sent: 1283
tot_reconf_duration: 4.390000000000001
tot_sleeping_duration: 866984.6685999981
tot_uptimes: 226
tot_uptimes_duration: 13500.03040000191
