comms_cons: 85.93467519987145
finished_reconf: true
global_termination_time: 881941.034
local_termination_time: 291900.1609600001
node_cons: 18084.95490112142
tot_aggregated_send: 12180
tot_msg_rcv: 342
tot_msg_sent: 539
tot_reconf_duration: 6.22
tot_sleeping_duration: 868441.0279199989
tot_uptimes: 226
tot_uptimes_duration: 13500.006080001069
