comms_cons: 104.99745281473244
finished_reconf: true
global_termination_time: 530277.656
local_termination_time: 129494.50935999998
node_cons: 10876.674982242886
tot_aggregated_send: 0
tot_msg_rcv: 8146
tot_msg_sent: 7813
tot_reconf_duration: 22.65
tot_sleeping_duration: 522177.6438399978
tot_uptimes: 136
tot_uptimes_duration: 8100.0121600021375
