comms_cons: 280.29741427195086
finished_reconf: true
global_termination_time: 964211.672
local_termination_time: 347880.02160000056
node_cons: 39290.16249599965
tot_aggregated_send: 0
tot_msg_rcv: 14264
tot_msg_sent: 28340
tot_reconf_duration: 11.31
tot_sleeping_duration: 934880.2280000001
tot_uptimes: 487
tot_uptimes_duration: 29331.4439999999
