comms_cons: 51.29207040094576
finished_reconf: true
global_termination_time: 521830.304
local_termination_time: 468756.2038400001
node_cons: 10692.17022336428
tot_aggregated_send: 7018
tot_msg_rcv: 242
tot_msg_sent: 536
tot_reconf_duration: 5.1
tot_sleeping_duration: 513850.2857599968
tot_uptimes: 134
tot_uptimes_duration: 7980.01824000321
