comms_cons: 145.12399359359205
finished_reconf: true
global_termination_time: 1460780.524
local_termination_time: 498253.11536000005
node_cons: 30077.94312335058
tot_aggregated_send: 20474
tot_msg_rcv: 536
tot_msg_sent: 1048
tot_reconf_duration: 22.65
tot_sleeping_duration: 1438340.505760007
tot_uptimes: 375
tot_uptimes_duration: 22440.018239992904
