comms_cons: 235.94984945692352
finished_reconf: true
global_termination_time: 1458344.524
local_termination_time: 567231.8319199994
node_cons: 29973.368262233787
tot_aggregated_send: 0
tot_msg_rcv: 18053
tot_msg_sent: 17810
tot_reconf_duration: 4.8100000000000005
tot_sleeping_duration: 1435964.5118400047
tot_uptimes: 374
tot_uptimes_duration: 22380.01215999527
