comms_cons: 0.19079679999937074
finished_reconf: true
global_termination_time: 3570.4810800000023
local_termination_time: 3557.1043600000003
node_cons: 54.22807712000329
tot_aggregated_send: 0
tot_msg_rcv: 19
tot_msg_sent: 9
tot_reconf_duration: 11.899999999999999
tot_sleeping_duration: 3542.051
tot_uptimes: 1
tot_uptimes_duration: 28.430080000002363
