comms_cons: 73.79217280543497
finished_reconf: true
global_termination_time: 571455.34724
local_termination_time: 119341.82167999985
node_cons: 11774.96551735392
tot_aggregated_send: 4118
tot_msg_rcv: 3027
tot_msg_sent: 4074
tot_reconf_duration: 18.21
tot_sleeping_duration: 562679.9653599748
tot_uptimes: 147
tot_uptimes_duration: 8775.381880025321
