comms_cons: 56.357427200250214
finished_reconf: true
global_termination_time: 572159.85
local_termination_time: 223345.37160000007
node_cons: 11745.800200000009
tot_aggregated_send: 8294
tot_msg_rcv: 109
tot_msg_sent: 163
tot_reconf_duration: 11.899999999999999
tot_sleeping_duration: 563399.85
tot_uptimes: 147
tot_uptimes_duration: 8760.0
