comms_cons: 216.0043391919879
finished_reconf: true
global_termination_time: 2182586.53648
local_termination_time: 2182586.4953599996
node_cons: 44881.47980095267
tot_aggregated_send: 31596
tot_msg_rcv: 472
tot_msg_sent: 762
tot_reconf_duration: 24.59
tot_sleeping_duration: 2149092.8198400047
tot_uptimes: 559
tot_uptimes_duration: 33493.71663999511
