comms_cons: 193.63278719437028
finished_reconf: true
global_termination_time: 1967182.274
local_termination_time: 845893.4429599997
node_cons: 40418.58405999965
tot_aggregated_send: 27782
tot_msg_rcv: 492
tot_msg_sent: 1157
tot_reconf_duration: 5.57
tot_sleeping_duration: 1937002.274
tot_uptimes: 504
tot_uptimes_duration: 30180.0
