comms_cons: 196.94239998446443
finished_reconf: true
global_termination_time: 1966114.1761200002
local_termination_time: 169751.96328000037
node_cons: 40437.41208196501
tot_aggregated_send: 26796
tot_msg_rcv: 1092
tot_msg_sent: 2047
tot_reconf_duration: 4.390000000000001
tot_sleeping_duration: 1935918.9181200261
tot_uptimes: 504
tot_uptimes_duration: 30195.25799997407
