comms_cons: 193.8196799843345
finished_reconf: true
global_termination_time: 1968784.571
local_termination_time: 980720.3823599999
node_cons: 40499.823042233504
tot_aggregated_send: 26390
tot_msg_rcv: 990
tot_msg_sent: 2081
tot_reconf_duration: 6.22
tot_sleeping_duration: 1938544.5588400047
tot_uptimes: 505
tot_uptimes_duration: 30240.01215999527
