comms_cons: 128.610431996949
finished_reconf: true
global_termination_time: 1298031.349
local_termination_time: 257213.663
node_cons: 26681.387212562888
tot_aggregated_send: 18730
tot_msg_rcv: 295
tot_msg_sent: 523
tot_reconf_duration: 5.1
tot_sleeping_duration: 1278110.167959998
tot_uptimes: 333
tot_uptimes_duration: 19921.18104000212
