comms_cons: 84.50324479962808
finished_reconf: true
global_termination_time: 859146.628
local_termination_time: 506400.40488000045
node_cons: 17705.55870000006
tot_aggregated_send: 12470
tot_msg_rcv: 105
tot_msg_sent: 269
tot_reconf_duration: 22.65
tot_sleeping_duration: 845946.628
tot_uptimes: 221
tot_uptimes_duration: 13200.0
