comms_cons: 84.09000959893429
finished_reconf: true
global_termination_time: 857776.2230000005
local_termination_time: 604911.203119998
node_cons: 17727.163093678097
tot_aggregated_send: 12354
tot_msg_rcv: 130
tot_msg_sent: 298
tot_reconf_duration: 25.299999999999997
tot_sleeping_duration: 844562.775880002
tot_uptimes: 220
tot_uptimes_duration: 13213.447119998513
