comms_cons: 138.9006975956386
finished_reconf: true
global_termination_time: 1409102.766
local_termination_time: 766207.399879998
node_cons: 28941.536245434094
tot_aggregated_send: 20242
tot_msg_rcv: 240
tot_msg_sent: 630
tot_reconf_duration: 11.31
tot_sleeping_duration: 1387499.9450400043
tot_uptimes: 361
tot_uptimes_duration: 21602.820959995617
