comms_cons: 108.39906559797735
finished_reconf: true
global_termination_time: 1078151.851
local_termination_time: 135110.93584000014
node_cons: 22194.712425593385
tot_aggregated_send: 14384
tot_msg_rcv: 641
tot_msg_sent: 1451
tot_reconf_duration: 15.34
tot_sleeping_duration: 1061591.820600005
tot_uptimes: 277
tot_uptimes_duration: 16560.03039999504
