comms_cons: 110.12264958895547
finished_reconf: true
global_termination_time: 1077247.751
local_termination_time: 295743.630600001
node_cons: 22121.178636938585
tot_aggregated_send: 14094
tot_msg_rcv: 778
tot_msg_sent: 1866
tot_reconf_duration: 11.31
tot_sleeping_duration: 1060738.5503600158
tot_uptimes: 276
tot_uptimes_duration: 16509.20063998399
