comms_cons: 48.3317120031877
finished_reconf: true
global_termination_time: 390614.5471600008
local_termination_time: 390614.50604000076
node_cons: 8138.070728217326
tot_aggregated_send: 3292
tot_msg_rcv: 1464
tot_msg_sent: 2591
tot_reconf_duration: 24.59
tot_sleeping_duration: 384561.7633599879
tot_uptimes: 101
tot_uptimes_duration: 6052.783800012927
