comms_cons: 66.7986176003267
finished_reconf: true
global_termination_time: 674460.945
local_termination_time: 7365.178
node_cons: 13824.675182241741
tot_aggregated_send: 9623
tot_msg_rcv: 180
tot_msg_sent: 350
tot_reconf_duration: 4.55
tot_sleeping_duration: 664140.9328399986
tot_uptimes: 173
tot_uptimes_duration: 10320.012160001286
