comms_cons: 66.3958720004385
finished_reconf: true
global_termination_time: 675219.433
local_termination_time: 6558.117
node_cons: 13826.331942240602
tot_aggregated_send: 9621
tot_msg_rcv: 119
tot_msg_sent: 350
tot_reconf_duration: 5.77
tot_sleeping_duration: 664899.4208399996
tot_uptimes: 173
tot_uptimes_duration: 10320.012160000435
