comms_cons: 67.06836479991173
finished_reconf: true
global_termination_time: 673377.647
local_termination_time: 6674.0560000000005
node_cons: 13826.386262241742
tot_aggregated_send: 9506
tot_msg_rcv: 222
tot_msg_sent: 466
tot_reconf_duration: 5.8100000000000005
tot_sleeping_duration: 663057.6348399988
tot_uptimes: 173
tot_uptimes_duration: 10320.012160001286
