comms_cons: 408.1894976621584
finished_reconf: true
global_termination_time: 4036584.999
local_termination_time: 1148583.097
node_cons: 83011.78008558249
tot_aggregated_send: 55909
tot_msg_rcv: 2135
tot_msg_sent: 3999
tot_reconf_duration: 15.110000000000001
tot_sleeping_duration: 3974604.9686000114
tot_uptimes: 1034
tot_uptimes_duration: 61980.03039998864
