comms_cons: 72.27509119816081
finished_reconf: true
global_termination_time: 711427.787
local_termination_time: 146082.32136000006
node_cons: 14646.649885597966
tot_aggregated_send: 9744
tot_msg_rcv: 437
tot_msg_sent: 804
tot_reconf_duration: 18.21
tot_sleeping_duration: 700507.7566000016
tot_uptimes: 183
tot_uptimes_duration: 10920.030399998475
