comms_cons: 250.02136320941312
finished_reconf: true
global_termination_time: 2443877.403
local_termination_time: 988664.6663599999
node_cons: 50221.093368938906
tot_aggregated_send: 32654
tot_msg_rcv: 1742
tot_msg_sent: 3606
tot_reconf_duration: 6.279999999999999
tot_sleeping_duration: 2406377.354360015
tot_uptimes: 626
tot_uptimes_duration: 37500.04863998474
