comms_cons: 241.59543039758103
finished_reconf: true
global_termination_time: 2441813.401
local_termination_time: 1025354.6803599999
node_cons: 50233.027521116106
tot_aggregated_send: 34858
tot_msg_rcv: 485
tot_msg_sent: 1378
tot_reconf_duration: 15.110000000000001
tot_sleeping_duration: 2404313.394920002
tot_uptimes: 626
tot_uptimes_duration: 37500.006079997635
