comms_cons: 242.32999680994112
finished_reconf: true
global_termination_time: 2442018.175
local_termination_time: 1074101.9040799988
node_cons: 50229.65153999946
tot_aggregated_send: 34974
tot_msg_rcv: 594
tot_msg_sent: 1265
tot_reconf_duration: 12.629999999999999
tot_sleeping_duration: 2404518.175
tot_uptimes: 626
tot_uptimes_duration: 37500.0
