comms_cons: 249.9070591959652
finished_reconf: true
global_termination_time: 2440135.1981199966
local_termination_time: 11361.684280000003
node_cons: 50159.96145979614
tot_aggregated_send: 32422
tot_msg_rcv: 1829
tot_msg_sent: 3733
tot_reconf_duration: 4.390000000000001
tot_sleeping_duration: 2402678.887560029
tot_uptimes: 625
tot_uptimes_duration: 37456.310559967766
