comms_cons: 55.535027200736856
finished_reconf: true
global_termination_time: 560666.20712
local_termination_time: 158471.05260000008
node_cons: 11519.588610801537
tot_aggregated_send: 7888
tot_msg_rcv: 154
tot_msg_sent: 399
tot_reconf_duration: 7.819999999999999
tot_sleeping_duration: 552071.0099199989
tot_uptimes: 144
tot_uptimes_duration: 8595.19720000116
