comms_cons: 52.94688640057753
finished_reconf: true
global_termination_time: 531470.60024
local_termination_time: 193565.24099999998
node_cons: 10988.305698322516
tot_aggregated_send: 7190
tot_msg_rcv: 229
tot_msg_sent: 627
tot_reconf_duration: 22.65
tot_sleeping_duration: 523287.2193599982
tot_uptimes: 137
tot_uptimes_duration: 8183.380880001874
