comms_cons: 53.02835200086557
finished_reconf: true
global_termination_time: 534373.898
local_termination_time: 221955.90908000062
node_cons: 10941.60712112144
tot_aggregated_send: 6960
tot_msg_rcv: 368
tot_msg_sent: 732
tot_reconf_duration: 11.31
tot_sleeping_duration: 526213.8919199989
tot_uptimes: 137
tot_uptimes_duration: 8160.006080001069
