comms_cons: 557.8979068739118
finished_reconf: true
global_termination_time: 1152596.5745999997
local_termination_time: 1152596.5334799998
node_cons: 70128.12496859816
tot_aggregated_send: 0
tot_msg_rcv: 34212
tot_msg_sent: 50584
tot_reconf_duration: 24.59
tot_sleeping_duration: 1100248.0071999999
tot_uptimes: 860
tot_uptimes_duration: 52348.56739999972
