comms_cons: 231.30760946361048
finished_reconf: true
global_termination_time: 1152597.1745999998
local_termination_time: 3546.0943600000005
node_cons: 23751.661196703804
tot_aggregated_send: 0
tot_msg_rcv: 18042
tot_msg_sent: 17111
tot_reconf_duration: 22.65
tot_sleeping_duration: 1134881.7881200118
tot_uptimes: 296
tot_uptimes_duration: 17715.38647998788
