comms_cons: 117.84061439094006
finished_reconf: true
global_termination_time: 1152835.335
local_termination_time: 20139.058880000004
node_cons: 23706.88896783166
tot_aggregated_send: 15486
tot_msg_rcv: 791
tot_msg_sent: 1635
tot_reconf_duration: 4.8100000000000005
tot_sleeping_duration: 1135135.292440006
tot_uptimes: 296
tot_uptimes_duration: 17700.042559993744
