comms_cons: 114.74202239378026
finished_reconf: true
global_termination_time: 1155028.699
local_termination_time: 133860.27448000098
node_cons: 23726.465352721352
tot_aggregated_send: 16298
tot_msg_rcv: 332
tot_msg_sent: 810
tot_reconf_duration: 11.31
tot_sleeping_duration: 1137320.628519999
tot_uptimes: 296
tot_uptimes_duration: 17708.070480000984
