comms_cons: 14.327475199988923
finished_reconf: true
global_termination_time: 3423.605480000001
local_termination_time: 3423.564360000001
node_cons: 1536.2565477200017
tot_aggregated_send: 0
tot_msg_rcv: 1081
tot_msg_sent: 1092
tot_reconf_duration: 37.410000000000004
tot_sleeping_duration: 2314.2300000000005
tot_uptimes: 15
tot_uptimes_duration: 1109.3754800000006
