comms_cons: 677.7136513305725
finished_reconf: true
global_termination_time: 6854950.838
local_termination_time: 2109570.746
node_cons: 141031.08996446338
tot_aggregated_send: 94925
tot_msg_rcv: 2681
tot_msg_sent: 5403
tot_reconf_duration: 25.299999999999997
tot_sleeping_duration: 6749650.81368001
tot_uptimes: 1756
tot_uptimes_duration: 105300.02431999124
