comms_cons: 672.3284480566934
finished_reconf: true
global_termination_time: 6852816.349
local_termination_time: 4605017.868639997
node_cons: 140934.26443495133
tot_aggregated_send: 98020
tot_msg_rcv: 1357
tot_msg_sent: 2813
tot_reconf_duration: 11.899999999999999
tot_sleeping_duration: 6747575.046360003
tot_uptimes: 1755
tot_uptimes_duration: 105241.30263999756
