comms_cons: 684.7778305376348
finished_reconf: true
global_termination_time: 6851328.307
local_termination_time: 2069250.3833599999
node_cons: 140923.80721004895
tot_aggregated_send: 95236
tot_msg_rcv: 2977
tot_msg_sent: 5867
tot_reconf_duration: 5.43
tot_sleeping_duration: 6746088.25228002
tot_uptimes: 1755
tot_uptimes_duration: 105240.05471998034
