comms_cons: 284.77856001674434
finished_reconf: false
global_termination_time: 2808192.997
local_termination_time: 0
node_cons: 57881.43603451968
tot_aggregated_send: 38602
tot_msg_rcv: 1532
tot_msg_sent: 3150
tot_reconf_duration: 26.9
tot_sleeping_duration: 2764992.917960029
tot_uptimes: 720
tot_uptimes_duration: 43200.07903997064
