comms_cons: 281.85732481221316
finished_reconf: false
global_termination_time: 2810474.265
local_termination_time: 0
node_cons: 57844.81628223295
tot_aggregated_send: 39846
tot_msg_rcv: 1077
tot_msg_sent: 1918
tot_reconf_duration: 0
tot_sleeping_duration: 2767274.2528400044
tot_uptimes: 720
tot_uptimes_duration: 43200.0121599955
