comms_cons: 285.4687232155446
finished_reconf: false
global_termination_time: 2810655.258
local_termination_time: 0
node_cons: 57844.824423350095
tot_aggregated_send: 38628
tot_msg_rcv: 1625
tot_msg_sent: 3135
tot_reconf_duration: 0
tot_sleeping_duration: 2767455.2397600063
tot_uptimes: 720
tot_uptimes_duration: 43200.01823999337
