comms_cons: 283.31500161204116
finished_reconf: true
global_termination_time: 2808502.971
local_termination_time: 566950.9
node_cons: 57852.39758957475
tot_aggregated_send: 39265
tot_msg_rcv: 1295
tot_msg_sent: 2503
tot_reconf_duration: 3.3600000000000003
tot_sleeping_duration: 2765300.704600018
tot_uptimes: 720
tot_uptimes_duration: 43202.2663999818
