comms_cons: 284.1327232097624
finished_reconf: true
global_termination_time: 2810741.157
local_termination_time: 102864.09235999997
node_cons: 57857.942668934265
tot_aggregated_send: 38860
tot_msg_rcv: 1425
tot_msg_sent: 2903
tot_reconf_duration: 9.629999999999999
tot_sleeping_duration: 2767541.1083600186
tot_uptimes: 720
tot_uptimes_duration: 43200.04863998154
