comms_cons: 285.57017602847515
finished_reconf: true
global_termination_time: 2809480.5
local_termination_time: 767521.3076799995
node_cons: 57850.826748934596
tot_aggregated_send: 38628
tot_msg_rcv: 1639
tot_msg_sent: 3138
tot_reconf_duration: 4.390000000000001
tot_sleeping_duration: 2766280.451360018
tot_uptimes: 720
tot_uptimes_duration: 43200.048639981775
