comms_cons: 283.9582720024751
finished_reconf: true
global_termination_time: 2808395.401
local_termination_time: 1638873.9102799993
node_cons: 57860.19154446701
tot_aggregated_send: 39382
tot_msg_rcv: 1404
tot_msg_sent: 2374
tot_reconf_duration: 11.31
tot_sleeping_duration: 2765195.376680009
tot_uptimes: 720
tot_uptimes_duration: 43200.024319991004
