comms_cons: 283.07244160641943
finished_reconf: true
global_termination_time: 2809984.356
local_termination_time: 1663752.6425199981
node_cons: 57852.20650446716
tot_aggregated_send: 38918
tot_msg_rcv: 1263
tot_msg_sent: 2844
tot_reconf_duration: 5.43
tot_sleeping_duration: 2766784.331680009
tot_uptimes: 720
tot_uptimes_duration: 43200.02431999124
