comms_cons: 109.70158079811566
finished_reconf: true
global_termination_time: 1180122.97
local_termination_time: 4933.228
node_cons: 24269.51638803922
tot_aggregated_send: 16119
tot_msg_rcv: 189
tot_msg_sent: 366
tot_reconf_duration: 5.02
tot_sleeping_duration: 1162002.9556400008
tot_uptimes: 303
tot_uptimes_duration: 18120.01435999939
