comms_cons: 111.50824319805726
finished_reconf: true
global_termination_time: 1181281.495
local_termination_time: 4751.412
node_cons: 24295.18778336433
tot_aggregated_send: 15927
tot_msg_rcv: 399
tot_msg_sent: 622
tot_reconf_duration: 23.919999999999998
tot_sleeping_duration: 1163161.476759997
tot_uptimes: 303
tot_uptimes_duration: 18120.018240003206
