comms_cons: 177.0067967940286
finished_reconf: true
global_termination_time: 1783190.238
local_termination_time: 848666.5999199994
node_cons: 36655.55937999987
tot_aggregated_send: 25346
tot_msg_rcv: 470
tot_msg_sent: 1088
tot_reconf_duration: 15.110000000000001
tot_sleeping_duration: 1755830.238
tot_uptimes: 457
tot_uptimes_duration: 27360.0
