comms_cons: 80.61676159473308
finished_reconf: true
global_termination_time: 772852.5638399997
local_termination_time: 772852.5227199998
node_cons: 15899.092590070117
tot_aggregated_send: 10066
tot_msg_rcv: 819
tot_msg_sent: 1366
tot_reconf_duration: 37.410000000000004
tot_sleeping_duration: 761016.6491200071
tot_uptimes: 198
tot_uptimes_duration: 11835.914719992594
