comms_cons: 80.9116287937538
finished_reconf: true
global_termination_time: 776106.717
local_termination_time: 69029.2790799999
node_cons: 15913.95781454643
tot_aggregated_send: 10092
tot_msg_rcv: 803
tot_msg_sent: 1403
tot_reconf_duration: 4.8100000000000005
tot_sleeping_duration: 764226.6379600101
tot_uptimes: 199
tot_uptimes_duration: 11880.079039989854
