comms_cons: 78.83260159863205
finished_reconf: true
global_termination_time: 773976.179
local_termination_time: 428672.1563600001
node_cons: 15924.512245597987
tot_aggregated_send: 10556
tot_msg_rcv: 503
tot_msg_sent: 924
tot_reconf_duration: 12.629999999999999
tot_sleeping_duration: 762096.1486000016
tot_uptimes: 199
tot_uptimes_duration: 11880.030399998475
