comms_cons: 76.66146559995757
finished_reconf: true
global_termination_time: 775043.657
local_termination_time: 176515.06736000004
node_cons: 15915.791183364316
tot_aggregated_send: 10614
tot_msg_rcv: 321
tot_msg_sent: 718
tot_reconf_duration: 6.22
tot_sleeping_duration: 763163.6387599969
tot_uptimes: 199
tot_uptimes_duration: 11880.018240003206
