comms_cons: 79.14277119848387
finished_reconf: true
global_termination_time: 774911.436
local_termination_time: 444819.8341600003
node_cons: 15928.200566719444
tot_aggregated_send: 10440
tot_msg_rcv: 605
tot_msg_sent: 986
tot_reconf_duration: 15.34
tot_sleeping_duration: 763031.3995200004
tot_uptimes: 199
tot_uptimes_duration: 11880.036479999544
