comms_cons: 1768.8062521075326
finished_reconf: true
global_termination_time: 8964380.503599998
local_termination_time: 2780.87048
node_cons: 184425.65545732612
tot_aggregated_send: 0
tot_msg_rcv: 135731
tot_msg_sent: 133114
tot_reconf_duration: 18.21
tot_sleeping_duration: 8826665.099360017
tot_uptimes: 2296
tot_uptimes_duration: 137715.40423997957
