comms_cons: 904.1447170793646
finished_reconf: true
global_termination_time: 8967349.176
local_termination_time: 275013.2316800007
node_cons: 184467.28595563132
tot_aggregated_send: 123946
tot_msg_rcv: 4475
tot_msg_sent: 9002
tot_reconf_duration: 4.8100000000000005
tot_sleeping_duration: 8829589.090880033
tot_uptimes: 2297
tot_uptimes_duration: 137760.0851199685
