comms_cons: 902.6206658600868
finished_reconf: true
global_termination_time: 8966158.155
local_termination_time: 305976.7410800006
node_cons: 184466.70745451903
tot_aggregated_send: 124700
tot_msg_rcv: 4241
tot_msg_sent: 8250
tot_reconf_duration: 4.390000000000001
tot_sleeping_duration: 8828398.075960025
tot_uptimes: 2297
tot_uptimes_duration: 137760.0790399743
