comms_cons: 898.6949506797338
finished_reconf: true
global_termination_time: 8966388.276
local_termination_time: 1077866.34536
node_cons: 184469.1600300468
tot_aggregated_send: 124236
tot_msg_rcv: 4198
tot_msg_sent: 8161
tot_reconf_duration: 6.22
tot_sleeping_duration: 8828628.22128002
tot_uptimes: 2297
tot_uptimes_duration: 137760.0547199801
