comms_cons: 88.08049279782895
finished_reconf: true
global_termination_time: 875359.97636
local_termination_time: 194836.7796000001
node_cons: 18023.159291278276
tot_aggregated_send: 12064
tot_msg_rcv: 390
tot_msg_sent: 933
tot_reconf_duration: 4.8100000000000005
tot_sleeping_duration: 861904.6908400012
tot_uptimes: 225
tot_uptimes_duration: 13455.285519998695
