comms_cons: 504.81518091112656
finished_reconf: true
global_termination_time: 4992577.146239997
local_termination_time: 21441.070480000002
node_cons: 102719.73470164863
tot_aggregated_send: 69136
tot_msg_rcv: 2719
tot_msg_sent: 4873
tot_reconf_duration: 18.21
tot_sleeping_duration: 4915881.847120018
tot_uptimes: 1279
tot_uptimes_duration: 76695.2991199788
