comms_cons: 488.3851072425097
finished_reconf: true
global_termination_time: 4997009.733
local_termination_time: 3018096.2140399995
node_cons: 102761.80208223112
tot_aggregated_send: 69774
tot_msg_rcv: 1554
tot_msg_sent: 2903
tot_reconf_duration: 5.1
tot_sleeping_duration: 4920269.720840004
tot_uptimes: 1280
tot_uptimes_duration: 76740.0121599955
