comms_cons: 502.9194496959289
finished_reconf: true
global_termination_time: 4992823.007
local_termination_time: 155451.5006000001
node_cons: 102681.1333911712
tot_aggregated_send: 68208
tot_msg_rcv: 2886
tot_msg_sent: 5347
tot_reconf_duration: 4.8100000000000005
tot_sleeping_duration: 4916142.94620002
tot_uptimes: 1279
tot_uptimes_duration: 76680.06079998071
