comms_cons: 253.15091838771218
finished_reconf: true
global_termination_time: 2564153.716
local_termination_time: 574793.5313999982
node_cons: 52710.02278781699
tot_aggregated_send: 35612
tot_msg_rcv: 878
tot_msg_sent: 1986
tot_reconf_duration: 5.1
tot_sleeping_duration: 2524793.673440017
tot_uptimes: 657
tot_uptimes_duration: 39360.04255998344
