comms_cons: 190.38293758599121
finished_reconf: true
global_termination_time: 1918431.557
local_termination_time: 905380.9993599999
node_cons: 39477.77197006047
tot_aggregated_send: 25868
tot_msg_rcv: 928
tot_msg_sent: 2142
tot_reconf_duration: 22.65
tot_sleeping_duration: 1888971.5022800143
tot_uptimes: 492
tot_uptimes_duration: 29460.05471998558
