comms_cons: 36.34412800001424
finished_reconf: true
global_termination_time: 361394.1684000004
local_termination_time: 361394.12728000036
node_cons: 7465.550854719661
tot_aggregated_send: 5046
tot_msg_rcv: 175
tot_msg_sent: 302
tot_reconf_duration: 24.59
tot_sleeping_duration: 355843.6399200006
tot_uptimes: 93
tot_uptimes_duration: 5550.528479999732
