comms_cons: 13.487987199946156
finished_reconf: true
global_termination_time: 91510.698
local_termination_time: 25555.353640000005
node_cons: 1878.6275467189041
tot_aggregated_send: 290
tot_msg_rcv: 807
tot_msg_sent: 954
tot_reconf_duration: 22.65
tot_sleeping_duration: 90130.66152000082
tot_uptimes: 24
tot_uptimes_duration: 1380.0364799991803
