comms_cons: 10.343756799896244
finished_reconf: true
global_termination_time: 89323.017
local_termination_time: 20470.618359999997
node_cons: 1783.6646233583078
tot_aggregated_send: 580
tot_msg_rcv: 411
tot_msg_sent: 582
tot_reconf_duration: 11.899999999999999
tot_sleeping_duration: 88002.99876000127
tot_uptimes: 23
tot_uptimes_duration: 1320.0182399987389
