comms_cons: 13.128639999972565
finished_reconf: true
global_termination_time: 92278.601
local_termination_time: 42536.94752000017
node_cons: 1852.0107467189057
tot_aggregated_send: 696
tot_msg_rcv: 652
tot_msg_sent: 648
tot_reconf_duration: 3.05
tot_sleeping_duration: 90898.56452000081
tot_uptimes: 24
tot_uptimes_duration: 1380.0364799991803
