comms_cons: 603.7439292179097
finished_reconf: true
global_termination_time: 1251357.0765999977
local_termination_time: 1251357.0765999977
node_cons: 75661.14980934316
tot_aggregated_send: 0
tot_msg_rcv: 37225
tot_msg_sent: 54539
tot_reconf_duration: 37.410000000000004
tot_sleeping_duration: 1194889.304360009
tot_uptimes: 922
tot_uptimes_duration: 56467.77223998864
