comms_cons: 127.88116479185726
finished_reconf: true
global_termination_time: 1251372.495
local_termination_time: 623990.1184799998
node_cons: 25797.70894558424
tot_aggregated_send: 17284
tot_msg_rcv: 817
tot_msg_sent: 1338
tot_reconf_duration: 6.279999999999999
tot_sleeping_duration: 1232112.464600012
tot_uptimes: 321
tot_uptimes_duration: 19260.030399988173
