comms_cons: 64.759065600355
finished_reconf: true
global_termination_time: 657809.95524
local_termination_time: 2300.7655200000017
node_cons: 13540.909041602923
tot_aggregated_send: 8874
tot_msg_rcv: 339
tot_msg_sent: 630
tot_reconf_duration: 18.21
tot_sleeping_duration: 647715.7208399979
tot_uptimes: 169
tot_uptimes_duration: 10094.23440000217
