comms_cons: 90.37189121265516
finished_reconf: true
global_termination_time: 663323.443
local_termination_time: 431328.20736000006
node_cons: 13583.991980000017
tot_aggregated_send: 0
tot_msg_rcv: 6892
tot_msg_sent: 6844
tot_reconf_duration: 4.8100000000000005
tot_sleeping_duration: 653183.443
tot_uptimes: 170
tot_uptimes_duration: 10140.0
