comms_cons: 244.6672895906845
finished_reconf: true
global_termination_time: 2457986.456239995
local_termination_time: 123277.84747999997
node_cons: 50591.2055060631
tot_aggregated_send: 34684
tot_msg_rcv: 814
tot_msg_sent: 1689
tot_reconf_duration: 18.21
tot_sleeping_duration: 2420222.097520007
tot_uptimes: 630
tot_uptimes_duration: 37764.35871998791
