comms_cons: 56.96991999902267
finished_reconf: true
global_termination_time: 572245.5327999984
local_termination_time: 572245.4916799985
node_cons: 11832.059848319323
tot_aggregated_send: 8222
tot_msg_rcv: 162
tot_msg_sent: 275
tot_reconf_duration: 24.59
tot_sleeping_duration: 563433.9819199989
tot_uptimes: 147
tot_uptimes_duration: 8811.550879999471
