comms_cons: 497.5005440254049
finished_reconf: true
global_termination_time: 2532704.142
local_termination_time: 2085689.8404399983
node_cons: 52091.1031233499
tot_aggregated_send: 0
tot_msg_rcv: 38046
tot_msg_sent: 37569
tot_reconf_duration: 22.65
tot_sleeping_duration: 2493824.123760007
tot_uptimes: 649
tot_uptimes_duration: 38880.01823999314
