comms_cons: 257.52647680579395
finished_reconf: true
global_termination_time: 2533186.208
local_termination_time: 983137.3239199994
node_cons: 52068.888945583734
tot_aggregated_send: 34626
tot_msg_rcv: 1555
tot_msg_sent: 2961
tot_reconf_duration: 6.279999999999999
tot_sleeping_duration: 2494306.1776000117
tot_uptimes: 649
tot_uptimes_duration: 38880.030399988405
