comms_cons: 253.88462080151885
finished_reconf: true
global_termination_time: 2533125.792
local_termination_time: 1819123.7353599998
node_cons: 52066.30604335021
tot_aggregated_send: 35844
tot_msg_rcv: 1003
tot_msg_sent: 1742
tot_reconf_duration: 4.390000000000001
tot_sleeping_duration: 2494245.7737600068
tot_uptimes: 649
tot_uptimes_duration: 38880.01823999337
