comms_cons: 265.4444031903086
finished_reconf: true
global_termination_time: 2680165.096
local_termination_time: 2002801.1534399984
node_cons: 55137.96917999903
tot_aggregated_send: 38164
tot_msg_rcv: 714
tot_msg_sent: 1468
tot_reconf_duration: 18.21
tot_sleeping_duration: 2639005.096
tot_uptimes: 687
tot_uptimes_duration: 41160.0
