comms_cons: 269.40874239946027
finished_reconf: true
global_termination_time: 2677611.124119997
local_termination_time: 32146.43308
node_cons: 55063.91745749329
tot_aggregated_send: 37468
tot_msg_rcv: 1284
tot_msg_sent: 2194
tot_reconf_duration: 7.819999999999999
tot_sleeping_duration: 2636495.890440016
tot_uptimes: 686
tot_uptimes_duration: 41115.23367998074
