comms_cons: 270.09492481685476
finished_reconf: true
global_termination_time: 2681644.104
local_termination_time: 15153.952400000002
node_cons: 55120.670927821506
tot_aggregated_send: 37468
tot_msg_rcv: 1260
tot_msg_sent: 2324
tot_reconf_duration: 5.43
tot_sleeping_duration: 2640484.061440013
tot_uptimes: 687
tot_uptimes_duration: 41160.042559986876
