comms_cons: 115.72812799832249
finished_reconf: true
global_termination_time: 1174562.103
local_termination_time: 637272.7383599998
node_cons: 24197.698979999957
tot_aggregated_send: 17110
tot_msg_rcv: 142
tot_msg_sent: 338
tot_reconf_duration: 11.31
tot_sleeping_duration: 1156502.103
tot_uptimes: 301
tot_uptimes_duration: 18060.0
