comms_cons: 230.29800953092
finished_reconf: true
global_termination_time: 785378.7241599963
local_termination_time: 785378.6830399963
node_cons: 32247.356698356634
tot_aggregated_send: 0
tot_msg_rcv: 11778
tot_msg_sent: 23224
tot_reconf_duration: 37.410000000000004
tot_sleeping_duration: 761333.5009199987
tot_uptimes: 395
tot_uptimes_duration: 24045.22323999744
