comms_cons: 77.83096319827565
finished_reconf: true
global_termination_time: 788492.63
local_termination_time: 28839.124480000002
node_cons: 16152.481900000028
tot_aggregated_send: 11252
tot_msg_rcv: 173
tot_msg_sent: 404
tot_reconf_duration: 3.05
tot_sleeping_duration: 776432.63
tot_uptimes: 202
tot_uptimes_duration: 12060.0
