comms_cons: 78.03589119775253
finished_reconf: true
global_termination_time: 790338.915
local_termination_time: 55297.14660000002
node_cons: 16239.299560000023
tot_aggregated_send: 11310
tot_msg_rcv: 151
tot_msg_sent: 399
tot_reconf_duration: 7.819999999999999
tot_sleeping_duration: 778218.915
tot_uptimes: 203
tot_uptimes_duration: 12120.0
