comms_cons: 372.9353728425186
finished_reconf: true
global_termination_time: 3714660.761
local_termination_time: 270124.5190000005
node_cons: 76407.53074670017
tot_aggregated_send: 52026
tot_msg_rcv: 1520
tot_msg_sent: 3138
tot_reconf_duration: 3.05
tot_sleeping_duration: 3657600.7245200137
tot_uptimes: 952
tot_uptimes_duration: 57060.036479986506
