comms_cons: 374.0594752555516
finished_reconf: true
global_termination_time: 3716857.908
local_termination_time: 12206.22448
node_cons: 76414.01654782551
tot_aggregated_send: 51852
tot_msg_rcv: 1693
tot_msg_sent: 3308
tot_reconf_duration: 7.819999999999999
tot_sleeping_duration: 3659797.865440009
tot_uptimes: 952
tot_uptimes_duration: 57060.04255999054
