comms_cons: 730.1973066658499
finished_reconf: true
global_termination_time: 3713782.524599998
local_termination_time: 2639.49236
node_cons: 76439.29269287174
tot_aggregated_send: 0
tot_msg_rcv: 55821
tot_msg_sent: 55163
tot_reconf_duration: 11.31
tot_sleeping_duration: 3656707.1446800022
tot_uptimes: 952
tot_uptimes_duration: 57075.379919995205
