comms_cons: 2.657996799997039
finished_reconf: true
global_termination_time: 18356.147
local_termination_time: 5814.22436
node_cons: 333.73137999999955
tot_aggregated_send: 0
tot_msg_rcv: 232
tot_msg_sent: 172
tot_reconf_duration: 9.11
tot_sleeping_duration: 18116.147
tot_uptimes: 5
tot_uptimes_duration: 240.0
