comms_cons: 196.28700799516417
finished_reconf: true
global_termination_time: 1993776.367
local_termination_time: 283689.15504000033
node_cons: 40984.0195599997
tot_aggregated_send: 28768
tot_msg_rcv: 317
tot_msg_sent: 749
tot_reconf_duration: 7.819999999999999
tot_sleeping_duration: 1963176.367
tot_uptimes: 511
tot_uptimes_duration: 30600.0
