comms_cons: 109.8403711985283
finished_reconf: true
global_termination_time: 1120217.83
local_termination_time: 189076.968480001
node_cons: 22984.742112721393
tot_aggregated_send: 16356
tot_msg_rcv: 110
tot_msg_sent: 230
tot_reconf_duration: 4.390000000000001
tot_sleeping_duration: 1103056.679519999
tot_uptimes: 287
tot_uptimes_duration: 17161.150480001
