comms_cons: 112.16878079245993
finished_reconf: true
global_termination_time: 1119391.695
local_termination_time: 143114.70112000045
node_cons: 22987.875842242865
tot_aggregated_send: 15312
tot_msg_rcv: 464
tot_msg_sent: 1273
tot_reconf_duration: 7.819999999999999
tot_sleeping_duration: 1102231.6828399978
tot_uptimes: 287
tot_uptimes_duration: 17160.012160002138
