comms_cons: 34.541286400658386
finished_reconf: true
global_termination_time: 232605.9676000001
local_termination_time: 232605.92648000008
node_cons: 4809.390255204208
tot_aggregated_send: 1276
tot_msg_rcv: 1778
tot_msg_sent: 2198
tot_reconf_duration: 37.410000000000004
tot_sleeping_duration: 229052.13079999696
tot_uptimes: 60
tot_uptimes_duration: 3553.8368000031314
