comms_cons: 23.692326400170153
finished_reconf: true
global_termination_time: 233738.675
local_termination_time: 34063.91536000001
node_cons: 4752.439521120296
tot_aggregated_send: 2958
tot_msg_rcv: 183
tot_msg_sent: 460
tot_reconf_duration: 9.11
tot_sleeping_duration: 230198.66891999976
tot_uptimes: 60
tot_uptimes_duration: 3540.0060800002175
