comms_cons: 25.079142400593923
finished_reconf: true
global_termination_time: 237757.186
local_termination_time: 9084.276760000002
node_cons: 4837.584104483449
tot_aggregated_send: 2900
tot_msg_rcv: 338
tot_msg_sent: 575
tot_reconf_duration: 12.629999999999999
tot_sleeping_duration: 234157.1616799974
tot_uptimes: 61
tot_uptimes_duration: 3600.0243200025725
