comms_cons: 88.31980798949125
finished_reconf: true
global_termination_time: 850236.553
local_termination_time: 111883.93551999978
node_cons: 17458.54174447196
tot_aggregated_send: 11078
tot_msg_rcv: 846
tot_msg_sent: 1501
tot_reconf_duration: 18.21
tot_sleeping_duration: 837216.5286800059
tot_uptimes: 218
tot_uptimes_duration: 13020.024319993972
