comms_cons: 85.67469439554473
finished_reconf: true
global_termination_time: 849589.11
local_termination_time: 172261.10148000007
node_cons: 17440.336403359717
tot_aggregated_send: 11658
tot_msg_rcv: 435
tot_msg_sent: 929
tot_reconf_duration: 4.8100000000000005
tot_sleeping_duration: 836569.0917600002
tot_uptimes: 218
tot_uptimes_duration: 13020.018239999772
