comms_cons: 95.88554239686731
finished_reconf: true
global_termination_time: 927624.307
local_termination_time: 107639.64319999989
node_cons: 19049.108171198262
tot_aggregated_send: 12238
tot_msg_rcv: 818
tot_msg_sent: 1518
tot_reconf_duration: 6.22
tot_sleeping_duration: 913404.2462000014
tot_uptimes: 238
tot_uptimes_duration: 14220.060799998682
