comms_cons: 93.25654399572656
finished_reconf: true
global_termination_time: 928833.325
local_termination_time: 578745.6063199994
node_cons: 19055.955262242805
tot_aggregated_send: 12064
tot_msg_rcv: 717
tot_msg_sent: 1394
tot_reconf_duration: 11.31
tot_sleeping_duration: 914613.3128399978
tot_uptimes: 238
tot_uptimes_duration: 14220.012160002138
