comms_cons: 12.855756799860405
finished_reconf: true
global_termination_time: 129288.203
local_termination_time: 99957.71547999996
node_cons: 2657.7519799999973
tot_aggregated_send: 1798
tot_msg_rcv: 44
tot_msg_sent: 112
tot_reconf_duration: 4.8100000000000005
tot_sleeping_duration: 127308.203
tot_uptimes: 34
tot_uptimes_duration: 1980.0
