comms_cons: 40.646297600257995
finished_reconf: true
global_termination_time: 411221.846
local_termination_time: 55718.77716000006
node_cons: 8442.231980000008
tot_aggregated_send: 5916
tot_msg_rcv: 92
tot_msg_sent: 170
tot_reconf_duration: 4.8100000000000005
tot_sleeping_duration: 404921.846
tot_uptimes: 106
tot_uptimes_duration: 6300.0
