comms_cons: 178.73683838570696
finished_reconf: true
global_termination_time: 1778433.407
local_termination_time: 771619.2133599999
node_cons: 36558.85818223363
tot_aggregated_send: 24766
tot_msg_rcv: 774
tot_msg_sent: 1626
tot_reconf_duration: 3.05
tot_sleeping_duration: 1751133.3948400046
tot_uptimes: 456
tot_uptimes_duration: 27300.012159995276
