comms_cons: 174.11852799217257
finished_reconf: true
global_termination_time: 1778711.753
local_termination_time: 1187168.4854799998
node_cons: 36570.05897999996
tot_aggregated_send: 24766
tot_msg_rcv: 555
tot_msg_sent: 1144
tot_reconf_duration: 11.31
tot_sleeping_duration: 1751411.753
tot_uptimes: 456
tot_uptimes_duration: 27300.0
