comms_cons: 14.889356800030914
finished_reconf: true
global_termination_time: 146582.584
local_termination_time: 48264.839
node_cons: 2987.9552622383003
tot_aggregated_send: 1856
tot_msg_rcv: 125
tot_msg_sent: 282
tot_reconf_duration: 11.31
tot_sleeping_duration: 144362.57184000127
tot_uptimes: 38
tot_uptimes_duration: 2220.0121599987324
