comms_cons: 195.82891518354722
finished_reconf: true
global_termination_time: 1949252.084
local_termination_time: 37800.238480000015
node_cons: 40114.42988558389
tot_aggregated_send: 27028
tot_msg_rcv: 831
tot_msg_sent: 1905
tot_reconf_duration: 18.21
tot_sleeping_duration: 1919312.0536000119
tot_uptimes: 500
tot_uptimes_duration: 29940.030399988173
