comms_cons: 193.8956031873583
finished_reconf: true
global_termination_time: 1950395.832
local_termination_time: 519023.0732000006
node_cons: 40097.27290670074
tot_aggregated_send: 26970
tot_msg_rcv: 928
tot_msg_sent: 1573
tot_reconf_duration: 5.57
tot_sleeping_duration: 1920455.7955200141
tot_uptimes: 500
tot_uptimes_duration: 29940.036479985807
