comms_cons: 195.40791678856806
finished_reconf: true
global_termination_time: 1951857.011
local_termination_time: 286889.2932400005
node_cons: 40124.05810558388
tot_aggregated_send: 27260
tot_msg_rcv: 907
tot_msg_sent: 1533
tot_reconf_duration: 25.299999999999997
tot_sleeping_duration: 1921916.9806000118
tot_uptimes: 500
tot_uptimes_duration: 29940.030399988173
