comms_cons: 21.36924160025585
finished_reconf: true
global_termination_time: 208560.95
local_termination_time: 37673.92564000008
node_cons: 4278.859861119149
tot_aggregated_send: 2726
tot_msg_rcv: 187
tot_msg_sent: 335
tot_reconf_duration: 15.34
tot_sleeping_duration: 205380.94392000063
tot_uptimes: 54
tot_uptimes_duration: 3180.006079999366
