comms_cons: 20.099456000082494
finished_reconf: true
global_termination_time: 206560.2880400009
local_termination_time: 149281.27536000006
node_cons: 4287.378966561204
tot_aggregated_send: 2900
tot_msg_rcv: 21
tot_msg_sent: 134
tot_reconf_duration: 25.299999999999997
tot_sleeping_duration: 203384.021
tot_uptimes: 53
tot_uptimes_duration: 3176.267040000879
