comms_cons: 1.5790079999947835
finished_reconf: true
global_termination_time: 8875.53
local_termination_time: 6886.72036
node_cons: 195.03740000000025
tot_aggregated_send: 0
tot_msg_rcv: 146
tot_msg_sent: 93
tot_reconf_duration: 25.299999999999997
tot_sleeping_duration: 8755.53
tot_uptimes: 3
tot_uptimes_duration: 120.0
