comms_cons: 322.991481645919
finished_reconf: true
global_termination_time: 3210810.051
local_termination_time: 520987.95636
node_cons: 66052.35377116756
tot_aggregated_send: 44022
tot_msg_rcv: 1756
tot_msg_sent: 3314
tot_reconf_duration: 9.42
tot_sleeping_duration: 3161489.990200023
tot_uptimes: 823
tot_uptimes_duration: 49320.06079997681
