comms_cons: 322.14394881807846
finished_reconf: true
global_termination_time: 3212977.381
local_termination_time: 1173462.3181599982
node_cons: 66046.91092781762
tot_aggregated_send: 44254
tot_msg_rcv: 1518
tot_msg_sent: 3192
tot_reconf_duration: 5.43
tot_sleeping_duration: 3163657.3384400154
tot_uptimes: 823
tot_uptimes_duration: 49320.04255998437
