comms_cons: 80.20570880997418
finished_reconf: true
global_termination_time: 407055.458
local_termination_time: 1901.7114800000004
node_cons: 8380.09732112144
tot_aggregated_send: 0
tot_msg_rcv: 6171
tot_msg_sent: 6020
tot_reconf_duration: 18.21
tot_sleeping_duration: 400815.4519199989
tot_uptimes: 105
tot_uptimes_duration: 6240.006080001069
