comms_cons: 41.30421760078128
finished_reconf: true
global_termination_time: 407609.677
local_termination_time: 245156.31736000004
node_cons: 8361.9164033643
tot_aggregated_send: 5452
tot_msg_rcv: 246
tot_msg_sent: 580
tot_reconf_duration: 4.8100000000000005
tot_sleeping_duration: 401369.6587599968
tot_uptimes: 105
tot_uptimes_duration: 6240.018240003206
