comms_cons: 485.4857472407699
finished_reconf: true
global_termination_time: 4894618.78848
local_termination_time: 4894618.747359999
node_cons: 100717.79608319313
tot_aggregated_send: 70630
tot_msg_rcv: 1120
tot_msg_sent: 2040
tot_reconf_duration: 24.59
tot_sleeping_duration: 4819425.059680003
tot_uptimes: 1254
tot_uptimes_duration: 75193.72879999725
