comms_cons: 474.6432256180692
finished_reconf: true
global_termination_time: 4896488.009
local_termination_time: 2743848.458
node_cons: 100674.49063106829
tot_aggregated_send: 68958
tot_msg_rcv: 1029
tot_msg_sent: 2156
tot_reconf_duration: 5.1
tot_sleeping_duration: 4821306.855280006
tot_uptimes: 1254
tot_uptimes_duration: 75181.15371999331
