comms_cons: 30.817241600220278
finished_reconf: true
global_termination_time: 294136.117
local_termination_time: 99941.0661599998
node_cons: 6033.080342238299
tot_aggregated_send: 3828
tot_msg_rcv: 334
tot_msg_sent: 522
tot_reconf_duration: 5.57
tot_sleeping_duration: 289636.1048400013
tot_uptimes: 76
tot_uptimes_duration: 4500.012159998732
