comms_cons: 45.75833600091051
finished_reconf: true
global_termination_time: 451783.846
local_termination_time: 225103.3108000007
node_cons: 9243.250041121428
tot_aggregated_send: 6032
tot_msg_rcv: 286
tot_msg_sent: 637
tot_reconf_duration: 3.05
tot_sleeping_duration: 444883.83991999895
tot_uptimes: 116
tot_uptimes_duration: 6900.006080001071
