comms_cons: 90.3113600128856
finished_reconf: true
global_termination_time: 449320.58376000053
local_termination_time: 2751.9673600000006
node_cons: 9293.498990485872
tot_aggregated_send: 0
tot_msg_rcv: 7027
tot_msg_sent: 6698
tot_reconf_duration: 6.22
tot_sleeping_duration: 442386.26543999615
tot_uptimes: 116
tot_uptimes_duration: 6934.318320004379
