comms_cons: 45.99518720111796
finished_reconf: true
global_termination_time: 449531.383
local_termination_time: 34550.03648000002
node_cons: 9246.490222242874
tot_aggregated_send: 5974
tot_msg_rcv: 324
tot_msg_sent: 693
tot_reconf_duration: 5.43
tot_sleeping_duration: 442631.37083999783
tot_uptimes: 116
tot_uptimes_duration: 6900.0121600021375
