comms_cons: 49.831488000531394
finished_reconf: true
global_termination_time: 496481.364
local_termination_time: 67462.29459999995
node_cons: 10233.938700000026
tot_aggregated_send: 6960
tot_msg_rcv: 229
tot_msg_sent: 385
tot_reconf_duration: 22.65
tot_sleeping_duration: 488861.364
tot_uptimes: 128
tot_uptimes_duration: 7620.0
