comms_cons: 48.81233920015554
finished_reconf: true
global_termination_time: 494441.886
local_termination_time: 161850.334
node_cons: 10166.124282721355
tot_aggregated_send: 7074
tot_msg_rcv: 116
tot_msg_sent: 230
tot_reconf_duration: 18.700000000000003
tot_sleeping_duration: 486868.52551999904
tot_uptimes: 127
tot_uptimes_duration: 7573.3604800009925
