comms_cons: 48.7853952002333
finished_reconf: true
global_termination_time: 495387.492
local_termination_time: 168037.8693200002
node_cons: 10139.000200000004
tot_aggregated_send: 7134
tot_msg_rcv: 118
tot_msg_sent: 163
tot_reconf_duration: 11.899999999999999
tot_sleeping_duration: 487827.492
tot_uptimes: 127
tot_uptimes_duration: 7560.0
