comms_cons: 48.96898560052609
finished_reconf: true
global_termination_time: 495382.654
local_termination_time: 141172.18028000035
node_cons: 10126.981899999997
tot_aggregated_send: 7076
tot_msg_rcv: 136
tot_msg_sent: 231
tot_reconf_duration: 3.05
tot_sleeping_duration: 487822.654
tot_uptimes: 127
tot_uptimes_duration: 7560.0
