comms_cons: 36.961945601036724
finished_reconf: true
global_termination_time: 362450.775
local_termination_time: 174436.02512000047
node_cons: 7397.836403364297
tot_aggregated_send: 4640
tot_msg_rcv: 281
tot_msg_sent: 697
tot_reconf_duration: 4.8100000000000005
tot_sleeping_duration: 356930.7567599968
tot_uptimes: 93
tot_uptimes_duration: 5520.018240003206
