comms_cons: 37.363904000444634
finished_reconf: true
global_termination_time: 361205.647
local_termination_time: 258523.33336000005
node_cons: 7406.638980000005
tot_aggregated_send: 4756
tot_msg_rcv: 353
tot_msg_sent: 570
tot_reconf_duration: 11.31
tot_sleeping_duration: 355685.647
tot_uptimes: 93
tot_uptimes_duration: 5520.0
