comms_cons: 55.931539199783614
finished_reconf: true
global_termination_time: 567912.689
local_termination_time: 500398.32148000004
node_cons: 11667.184859999994
tot_aggregated_send: 8236
tot_msg_rcv: 103
tot_msg_sent: 162
tot_reconf_duration: 13.17
tot_sleeping_duration: 559212.689
tot_uptimes: 146
tot_uptimes_duration: 8700.0
