comms_cons: 55.692928000258426
finished_reconf: true
global_termination_time: 567740.866
local_termination_time: 255349.80236000003
node_cons: 11653.4419
tot_aggregated_send: 8236
tot_msg_rcv: 57
tot_msg_sent: 172
tot_reconf_duration: 3.05
tot_sleeping_duration: 559040.866
tot_uptimes: 146
tot_uptimes_duration: 8700.0
