comms_cons: 64.3251839977024
finished_reconf: true
global_termination_time: 640085.76
local_termination_time: 279120.39336000005
node_cons: 13106.047701121459
tot_aggregated_send: 8874
tot_msg_rcv: 325
tot_msg_sent: 577
tot_reconf_duration: 7.819999999999999
tot_sleeping_duration: 630305.753919999
tot_uptimes: 164
tot_uptimes_duration: 9780.006080001069
