comms_cons: 251.32485758794112
finished_reconf: true
global_termination_time: 2538988.376
local_termination_time: 1631567.71736
node_cons: 52245.73732111631
tot_aggregated_send: 35322
tot_msg_rcv: 1061
tot_msg_sent: 1816
tot_reconf_duration: 18.21
tot_sleeping_duration: 2499988.3699200023
tot_uptimes: 651
tot_uptimes_duration: 39000.00607999787
