comms_cons: 253.86283518995742
finished_reconf: true
global_termination_time: 2539221.034
local_termination_time: 1828147.7460799988
node_cons: 52231.65212446695
tot_aggregated_send: 34858
tot_msg_rcv: 1183
tot_msg_sent: 2544
tot_reconf_duration: 7.819999999999999
tot_sleeping_duration: 2500221.0096800094
tot_uptimes: 651
tot_uptimes_duration: 39000.02431999077
