comms_cons: 250.40435199222907
finished_reconf: true
global_termination_time: 2541341.619
local_termination_time: 1644314.6428399999
node_cons: 52241.83171999932
tot_aggregated_send: 36656
tot_msg_rcv: 488
tot_msg_sent: 916
tot_reconf_duration: 15.34
tot_sleeping_duration: 2502341.619
tot_uptimes: 651
tot_uptimes_duration: 39000.0
