comms_cons: 1.4671615999972463
finished_reconf: true
global_termination_time: 9629.784
local_termination_time: 5566.85436
node_cons: 176.03898000000055
tot_aggregated_send: 0
tot_msg_rcv: 117
tot_msg_sent: 106
tot_reconf_duration: 11.31
tot_sleeping_duration: 9509.784
tot_uptimes: 3
tot_uptimes_duration: 120.0
