comms_cons: 101.86151679705533
finished_reconf: true
global_termination_time: 1018576.596
local_termination_time: 127444.03023999972
node_cons: 20913.153603359733
tot_aggregated_send: 13688
tot_msg_rcv: 580
tot_msg_sent: 1214
tot_reconf_duration: 18.21
tot_sleeping_duration: 1002976.5777600002
tot_uptimes: 261
tot_uptimes_duration: 15600.018239999772
