comms_cons: 102.30027519493414
finished_reconf: true
global_termination_time: 1021537.645
local_termination_time: 532522.2023599999
node_cons: 20974.709761116883
tot_aggregated_send: 14326
tot_msg_rcv: 412
tot_msg_sent: 811
tot_reconf_duration: 4.390000000000001
tot_sleeping_duration: 1005877.6389200024
tot_uptimes: 262
tot_uptimes_duration: 15660.006079997635
