comms_cons: 100.2209535969663
finished_reconf: true
global_termination_time: 1016917.412
local_termination_time: 780300.5708799991
node_cons: 20899.019560000117
tot_aggregated_send: 14848
tot_msg_rcv: 160
tot_msg_sent: 225
tot_reconf_duration: 7.819999999999999
tot_sleeping_duration: 1001317.412
tot_uptimes: 261
tot_uptimes_duration: 15600.0
