comms_cons: 296.1982718504752
finished_reconf: true
global_termination_time: 1016487.5808399977
local_termination_time: 1016487.5808399977
node_cons: 41461.3928787566
tot_aggregated_send: 0
tot_msg_rcv: 15138
tot_msg_sent: 29881
tot_reconf_duration: 24.59
tot_sleeping_duration: 985548.074
tot_uptimes: 511
tot_uptimes_duration: 30939.506839997688
