comms_cons: 104.05565439188337
finished_reconf: true
global_termination_time: 1059769.457
local_termination_time: 4951.044
node_cons: 21777.373635663273
tot_aggregated_send: 13975
tot_msg_rcv: 618
tot_msg_sent: 1222
tot_reconf_duration: 3.77
tot_sleeping_duration: 1043509.3718800124
tot_uptimes: 272
tot_uptimes_duration: 16260.085119987489
