comms_cons: 327.1759040292447
finished_reconf: true
global_termination_time: 3283483.965
local_termination_time: 2017795.3734799998
node_cons: 67520.00073002219
tot_aggregated_send: 45646
tot_msg_rcv: 1368
tot_msg_sent: 2713
tot_reconf_duration: 25.299999999999997
tot_sleeping_duration: 3233083.932640012
tot_uptimes: 841
tot_uptimes_duration: 50400.03235998773
