comms_cons: 36.97510400064998
finished_reconf: true
global_termination_time: 357349.544
local_termination_time: 80173.75747999996
node_cons: 7319.38676000001
tot_aggregated_send: 4698
tot_msg_rcv: 347
tot_msg_sent: 575
tot_reconf_duration: 6.22
tot_sleeping_duration: 351889.544
tot_uptimes: 92
tot_uptimes_duration: 5460.0
