comms_cons: 462.83356161644406
finished_reconf: true
global_termination_time: 4785249.324
local_termination_time: 3105146.3933599996
node_cons: 98434.38485999711
tot_aggregated_send: 68556
tot_msg_rcv: 524
tot_msg_sent: 1268
tot_reconf_duration: 13.17
tot_sleeping_duration: 4711749.324
tot_uptimes: 1226
tot_uptimes_duration: 73500.0
