comms_cons: 484.0052288978357
finished_reconf: true
global_termination_time: 4784648.766119997
local_termination_time: 118819.73759999995
node_cons: 98467.66473861744
tot_aggregated_send: 66236
tot_msg_rcv: 2576
tot_msg_sent: 4750
tot_reconf_duration: 22.65
tot_sleeping_duration: 4711133.526360012
tot_uptimes: 1226
tot_uptimes_duration: 73515.23975998524
