comms_cons: 476.111014482837
finished_reconf: true
global_termination_time: 4785066.671
local_termination_time: 744691.8156799985
node_cons: 98427.17060265741
tot_aggregated_send: 66584
tot_msg_rcv: 1778
tot_msg_sent: 4004
tot_reconf_duration: 7.819999999999999
tot_sleeping_duration: 4711566.632880014
tot_uptimes: 1226
tot_uptimes_duration: 73500.03811998514
