comms_cons: 135.43272958636035
finished_reconf: true
global_termination_time: 1299456.367
local_termination_time: 157996.0152800008
node_cons: 26680.525471195964
tot_aggregated_send: 16994
tot_msg_rcv: 1397
tot_msg_sent: 2192
tot_reconf_duration: 5.57
tot_sleeping_duration: 1279536.3062000033
tot_uptimes: 333
tot_uptimes_duration: 19920.06079999695
