comms_cons: 56.39690240077098
finished_reconf: true
global_termination_time: 569449.494
local_termination_time: 368465.9755200004
node_cons: 11659.919560000026
tot_aggregated_send: 7888
tot_msg_rcv: 280
tot_msg_sent: 404
tot_reconf_duration: 7.819999999999999
tot_sleeping_duration: 560749.494
tot_uptimes: 146
tot_uptimes_duration: 8700.0
