comms_cons: 251.45702400371846
finished_reconf: true
global_termination_time: 2473386.302
local_termination_time: 833200.2583599999
node_cons: 50886.019405584084
tot_aggregated_send: 34220
tot_msg_rcv: 1521
tot_msg_sent: 2479
tot_reconf_duration: 22.65
tot_sleeping_duration: 2435406.2716000117
tot_uptimes: 634
tot_uptimes_duration: 37980.03039998864
