comms_cons: 245.91075837664908
finished_reconf: true
global_termination_time: 2473176.009
local_termination_time: 607366.1729599996
node_cons: 50862.81662446653
tot_aggregated_send: 33930
tot_msg_rcv: 1297
tot_msg_sent: 2150
tot_reconf_duration: 5.57
tot_sleeping_duration: 2435195.9846800095
tot_uptimes: 634
tot_uptimes_duration: 37980.02431999054
