comms_cons: 244.80081277849084
finished_reconf: true
global_termination_time: 2475130.907
local_termination_time: 1701277.5584799997
node_cons: 50862.17022334958
tot_aggregated_send: 33640
tot_msg_rcv: 1302
tot_msg_sent: 2266
tot_reconf_duration: 5.1
tot_sleeping_duration: 2437150.888760007
tot_uptimes: 634
tot_uptimes_duration: 37980.0182399929
