comms_cons: 249.21107840478754
finished_reconf: true
global_termination_time: 2474059.804
local_termination_time: 820314.5377999995
node_cons: 50861.21418446694
tot_aggregated_send: 34336
tot_msg_rcv: 1160
tot_msg_sent: 2382
tot_reconf_duration: 4.390000000000001
tot_sleeping_duration: 2436079.779680009
tot_uptimes: 634
tot_uptimes_duration: 37980.02431999077
