comms_cons: 100.33405439467582
finished_reconf: true
global_termination_time: 987259.919
local_termination_time: 411991.13436
node_cons: 20266.23194447194
tot_aggregated_send: 13282
tot_msg_rcv: 641
tot_msg_sent: 1328
tot_reconf_duration: 15.110000000000001
tot_sleeping_duration: 972139.894680006
tot_uptimes: 253
tot_uptimes_duration: 15120.024319993972
