comms_cons: 100.3622527949839
finished_reconf: true
global_termination_time: 985593.777
local_termination_time: 273860.9533600005
node_cons: 20252.24454448575
tot_aggregated_send: 13340
tot_msg_rcv: 636
tot_msg_sent: 1280
tot_reconf_duration: 4.8100000000000005
tot_sleeping_duration: 970473.7526799957
tot_uptimes: 253
tot_uptimes_duration: 15120.024320004275
