comms_cons: 255.1393855999344
finished_reconf: true
global_termination_time: 2549283.297
local_termination_time: 607007.3018399987
node_cons: 52402.19937999918
tot_aggregated_send: 36076
tot_msg_rcv: 976
tot_msg_sent: 1726
tot_reconf_duration: 15.110000000000001
tot_sleeping_duration: 2510163.297
tot_uptimes: 653
tot_uptimes_duration: 39120.0
