comms_cons: 255.19088000274013
finished_reconf: true
global_termination_time: 2547614.374
local_termination_time: 496035.45636
node_cons: 52474.821893680375
tot_aggregated_send: 36308
tot_msg_rcv: 920
tot_msg_sent: 1559
tot_reconf_duration: 9.42
tot_sleeping_duration: 2508434.3668799987
tot_uptimes: 653
tot_uptimes_duration: 39180.0071200009
