comms_cons: 258.76630398552356
finished_reconf: true
global_termination_time: 2552808.961
local_termination_time: 1405951.5839599997
node_cons: 52470.53188893906
tot_aggregated_send: 34046
tot_msg_rcv: 1793
tot_msg_sent: 3491
tot_reconf_duration: 6.22
tot_sleeping_duration: 2513628.9123600153
tot_uptimes: 654
tot_uptimes_duration: 39180.048639984976
