comms_cons: 153.43665921631717
finished_reconf: true
global_termination_time: 315444.25548000017
local_termination_time: 2493.867480000002
node_cons: 19370.26476964175
tot_aggregated_send: 0
tot_msg_rcv: 9363
tot_msg_sent: 13958
tot_reconf_duration: 18.21
tot_sleeping_duration: 300996.5067199989
tot_uptimes: 240
tot_uptimes_duration: 14447.748760001288
