comms_cons: 32.25781760022162
finished_reconf: true
global_termination_time: 317203.354
local_termination_time: 27460.646840000005
node_cons: 6525.42486000001
tot_aggregated_send: 4408
tot_msg_rcv: 216
tot_msg_sent: 279
tot_reconf_duration: 13.17
tot_sleeping_duration: 312343.354
tot_uptimes: 82
tot_uptimes_duration: 4860.0
