comms_cons: 31.606476800057468
finished_reconf: true
global_termination_time: 316364.219
local_termination_time: 101577.7260799999
node_cons: 6511.73078112144
tot_aggregated_send: 4582
tot_msg_rcv: 107
tot_msg_sent: 115
tot_reconf_duration: 3.08
tot_sleeping_duration: 311504.2129199989
tot_uptimes: 82
tot_uptimes_duration: 4860.006080001069
