comms_cons: 31.630771200295523
finished_reconf: true
global_termination_time: 315472.486
local_termination_time: 85371.05135999969
node_cons: 6444.351539999993
tot_aggregated_send: 4350
tot_msg_rcv: 179
tot_msg_sent: 279
tot_reconf_duration: 12.629999999999999
tot_sleeping_duration: 310672.486
tot_uptimes: 81
tot_uptimes_duration: 4800.0
