comms_cons: 68.49966720337747
finished_reconf: true
global_termination_time: 593643.6413600004
local_termination_time: 7957.251560000003
node_cons: 12303.044997066996
tot_aggregated_send: 5104
tot_msg_rcv: 2001
tot_msg_sent: 3308
tot_reconf_duration: 18.21
tot_sleeping_duration: 584473.8759999803
tot_uptimes: 153
tot_uptimes_duration: 9169.76536002016
