comms_cons: 58.27855360022649
finished_reconf: true
global_termination_time: 597124.01
local_termination_time: 422429.8670000009
node_cons: 12218.211980000015
tot_aggregated_send: 8700
tot_msg_rcv: 46
tot_msg_sent: 112
tot_reconf_duration: 4.8100000000000005
tot_sleeping_duration: 588004.01
tot_uptimes: 153
tot_uptimes_duration: 9120.0
