comms_cons: 89.28807039423427
finished_reconf: true
global_termination_time: 899694.489
local_termination_time: 247005.602
node_cons: 18502.953603350514
tot_aggregated_send: 12394
tot_msg_rcv: 301
tot_msg_sent: 876
tot_reconf_duration: 18.21
tot_sleeping_duration: 885894.470760007
tot_uptimes: 231
tot_uptimes_duration: 13800.018239992904
