comms_cons: 88.75403519906388
finished_reconf: true
global_termination_time: 897739.535
local_termination_time: 302864.465
node_cons: 18407.65206687785
tot_aggregated_send: 11772
tot_msg_rcv: 609
tot_msg_sent: 1110
tot_reconf_duration: 5.43
tot_sleeping_duration: 883997.7290800017
tot_uptimes: 230
tot_uptimes_duration: 13741.805919998384
