comms_cons: 45.83133440079744
finished_reconf: true
global_termination_time: 450331.845
local_termination_time: 197624.09036000006
node_cons: 9263.845462242862
tot_aggregated_send: 6032
tot_msg_rcv: 311
tot_msg_sent: 623
tot_reconf_duration: 18.21
tot_sleeping_duration: 443431.83283999783
tot_uptimes: 116
tot_uptimes_duration: 6900.0121600021375
