comms_cons: 37.80471040010874
finished_reconf: true
global_termination_time: 385897.567
local_termination_time: 51957.73336000001
node_cons: 7893.847521119162
tot_aggregated_send: 5452
tot_msg_rcv: 76
tot_msg_sent: 218
tot_reconf_duration: 15.110000000000001
tot_sleeping_duration: 380017.5609200006
tot_uptimes: 99
tot_uptimes_duration: 5880.006079999366
