comms_cons: 38.271833600101004
finished_reconf: true
global_termination_time: 384126.15
local_termination_time: 12662.103120000003
node_cons: 7881.766760000009
tot_aggregated_send: 5394
tot_msg_rcv: 138
tot_msg_sent: 285
tot_reconf_duration: 6.22
tot_sleeping_duration: 378246.15
tot_uptimes: 99
tot_uptimes_duration: 5880.0
