comms_cons: 353.38495978326307
finished_reconf: true
global_termination_time: 1211755.215
local_termination_time: 449652.08544000064
node_cons: 49537.97007096128
tot_aggregated_send: 0
tot_msg_rcv: 17979
tot_msg_sent: 35734
tot_reconf_duration: 13.17
tot_sleeping_duration: 1174772.3283599985
tot_uptimes: 614
tot_uptimes_duration: 36982.88664000147
