comms_cons: 123.24220159242421
finished_reconf: true
global_termination_time: 1210608.2272400002
local_termination_time: 173312.47748000006
node_cons: 24980.954677187336
tot_aggregated_send: 16530
tot_msg_rcv: 794
tot_msg_sent: 1407
tot_reconf_duration: 22.65
tot_sleeping_duration: 1191974.7724400095
tot_uptimes: 311
tot_uptimes_duration: 18633.45479999052
