comms_cons: 120.17008639697143
finished_reconf: true
global_termination_time: 1213333.032
local_termination_time: 354554.43236000004
node_cons: 24920.767121116867
tot_aggregated_send: 17458
tot_msg_rcv: 293
tot_msg_sent: 513
tot_reconf_duration: 11.31
tot_sleeping_duration: 1194733.0259200023
tot_uptimes: 311
tot_uptimes_duration: 18600.006079997635
