comms_cons: 218.84968958574538
finished_reconf: true
global_termination_time: 2173741.03
local_termination_time: 606296.8603999983
node_cons: 44677.608945583735
tot_aggregated_send: 29870
tot_msg_rcv: 1013
tot_msg_sent: 2380
tot_reconf_duration: 6.279999999999999
tot_sleeping_duration: 2140380.999600012
tot_uptimes: 557
tot_uptimes_duration: 33360.03039998817
