comms_cons: 179.58348158145594
finished_reconf: true
global_termination_time: 1776041.7501200002
local_termination_time: 91971.85047999995
node_cons: 36506.67501415199
tot_aggregated_send: 24070
tot_msg_rcv: 1013
tot_msg_sent: 2214
tot_reconf_duration: 4.8100000000000005
tot_sleeping_duration: 1748782.4946800063
tot_uptimes: 455
tot_uptimes_duration: 27259.2554399941
