comms_cons: 176.90810879245086
finished_reconf: true
global_termination_time: 1779685.966
local_termination_time: 1411768.9517199995
node_cons: 36560.66976111658
tot_aggregated_send: 24940
tot_msg_rcv: 697
tot_msg_sent: 1252
tot_reconf_duration: 4.390000000000001
tot_sleeping_duration: 1752385.9599200024
tot_uptimes: 456
tot_uptimes_duration: 27300.006079997635
