comms_cons: 176.2304511926797
finished_reconf: true
global_termination_time: 1776791.427
local_termination_time: 1202921.757519999
node_cons: 36558.841899999636
tot_aggregated_send: 25636
tot_msg_rcv: 418
tot_msg_sent: 732
tot_reconf_duration: 3.05
tot_sleeping_duration: 1749491.427
tot_uptimes: 456
tot_uptimes_duration: 27300.0
