comms_cons: 174.17950079613252
finished_reconf: true
global_termination_time: 1776157.733
local_termination_time: 1411776.371119998
node_cons: 36494.9506136773
tot_aggregated_send: 25462
tot_msg_rcv: 319
tot_msg_sent: 693
tot_reconf_duration: 11.31
tot_sleeping_duration: 1748913.825880002
tot_uptimes: 455
tot_uptimes_duration: 27243.90711999801
