comms_cons: 2.5066751999938277
finished_reconf: true
global_termination_time: 15201.18
local_termination_time: 4727.153360000001
node_cons: 249.5482400000009
tot_aggregated_send: 0
tot_msg_rcv: 208
tot_msg_sent: 171
tot_reconf_duration: 6.279999999999999
tot_sleeping_duration: 15021.18
tot_uptimes: 4
tot_uptimes_duration: 180.0
