comms_cons: 2.6119423999913685
finished_reconf: true
global_termination_time: 14437.505
local_termination_time: 8257.55536
node_cons: 253.81236000000007
tot_aggregated_send: 0
tot_msg_rcv: 231
tot_msg_sent: 166
tot_reconf_duration: 9.42
tot_sleeping_duration: 14257.505
tot_uptimes: 4
tot_uptimes_duration: 180.0
