comms_cons: 1.618483199994653
finished_reconf: true
global_termination_time: 14860.241
local_termination_time: 4909.00136
node_cons: 248.3939400000004
tot_aggregated_send: 0
tot_msg_rcv: 132
tot_msg_sent: 114
tot_reconf_duration: 5.43
tot_sleeping_duration: 14680.241
tot_uptimes: 4
tot_uptimes_duration: 180.0
