comms_cons: 54.68533760047718
finished_reconf: true
global_termination_time: 547280.805
local_termination_time: 212311.75336000006
node_cons: 11278.366841121438
tot_aggregated_send: 7656
tot_msg_rcv: 209
tot_msg_sent: 447
tot_reconf_duration: 22.65
tot_sleeping_duration: 538880.7989199989
tot_uptimes: 141
tot_uptimes_duration: 8400.006080001069
