comms_cons: 135.78215681226217
finished_reconf: true
global_termination_time: 278708.25364000094
local_termination_time: 1878.5890400000014
node_cons: 17192.187703801894
tot_aggregated_send: 0
tot_msg_rcv: 8265
tot_msg_sent: 12372
tot_reconf_duration: 18.21
tot_sleeping_duration: 265887.14943999954
tot_uptimes: 211
tot_uptimes_duration: 12821.104200001399
