comms_cons: 21.922521600525847
finished_reconf: true
global_termination_time: 213795.057
local_termination_time: 147403.925
node_cons: 4348.995842242834
tot_aggregated_send: 2664
tot_msg_rcv: 206
tot_msg_sent: 462
tot_reconf_duration: 7.819999999999999
tot_sleeping_duration: 210555.04483999786
tot_uptimes: 55
tot_uptimes_duration: 3240.0121600021375
