comms_cons: 21.717939199975298
finished_reconf: true
global_termination_time: 213181.021
local_termination_time: 10318.46636
node_cons: 4346.806760000002
tot_aggregated_send: 2726
tot_msg_rcv: 174
tot_msg_sent: 401
tot_reconf_duration: 6.22
tot_sleeping_duration: 209941.021
tot_uptimes: 55
tot_uptimes_duration: 3240.0
