comms_cons: 1.5461119999990767
finished_reconf: true
global_termination_time: 13559.689
local_termination_time: 4200.25436
node_cons: 245.16189999999904
tot_aggregated_send: 0
tot_msg_rcv: 119
tot_msg_sent: 116
tot_reconf_duration: 3.05
tot_sleeping_duration: 13379.689
tot_uptimes: 4
tot_uptimes_duration: 180.0
