comms_cons: 30.659072000460615
finished_reconf: true
global_termination_time: 297946.445
local_termination_time: 76707.94199999946
node_cons: 6113.420342240578
tot_aggregated_send: 3944
tot_msg_rcv: 255
tot_msg_sent: 461
tot_reconf_duration: 5.57
tot_sleeping_duration: 293386.43283999956
tot_uptimes: 77
tot_uptimes_duration: 4560.012160000435
