comms_cons: 430.83760006146457
finished_reconf: true
global_termination_time: 4297078.463
local_termination_time: 12504.14408
node_cons: 88404.83197005405
tot_aggregated_send: 58754
tot_msg_rcv: 2221
tot_msg_sent: 4509
tot_reconf_duration: 22.65
tot_sleeping_duration: 4231078.408280018
tot_uptimes: 1101
tot_uptimes_duration: 66000.05471998238
