comms_cons: 430.1231488474995
finished_reconf: true
global_termination_time: 4298898.363
local_termination_time: 356546.85628000036
node_cons: 88380.60525005404
tot_aggregated_send: 59218
tot_msg_rcv: 2031
tot_msg_sent: 4125
tot_reconf_duration: 4.8100000000000005
tot_sleeping_duration: 4232898.308280018
tot_uptimes: 1101
tot_uptimes_duration: 66000.05471998238
