comms_cons: 58.70425600019148
finished_reconf: true
global_termination_time: 556507.935
local_termination_time: 9663.37048
node_cons: 11423.647121121447
tot_aggregated_send: 7076
tot_msg_rcv: 692
tot_msg_sent: 1153
tot_reconf_duration: 11.31
tot_sleeping_duration: 547987.9289199989
tot_uptimes: 143
tot_uptimes_duration: 8520.006080001069
