comms_cons: 12.717593599931098
finished_reconf: true
global_termination_time: 130891.2145999999
local_termination_time: 101074.20715999954
node_cons: 2698.369074639265
tot_aggregated_send: 1856
tot_msg_rcv: 28
tot_msg_sent: 48
tot_reconf_duration: 18.21
tot_sleeping_duration: 128894.47084000046
tot_uptimes: 34
tot_uptimes_duration: 1996.7437599994446
