comms_cons: 12.71759359999833
finished_reconf: true
global_termination_time: 131842.74
local_termination_time: 10317.183
node_cons: 2681.9786999999997
tot_aggregated_send: 1856
tot_msg_rcv: 39
tot_msg_sent: 37
tot_reconf_duration: 22.65
tot_sleeping_duration: 129862.73999999999
tot_uptimes: 34
tot_uptimes_duration: 1980.0
