comms_cons: 104.11914239573744
finished_reconf: true
global_termination_time: 1042301.7122400001
local_termination_time: 11115.215480000004
node_cons: 21413.308883836755
tot_aggregated_send: 14268
tot_msg_rcv: 610
tot_msg_sent: 946
tot_reconf_duration: 5.57
tot_sleeping_duration: 1026315.3456800026
tot_uptimes: 267
tot_uptimes_duration: 15986.36655999755
