comms_cons: 107.7071103896744
finished_reconf: true
global_termination_time: 1045195.028
local_termination_time: 189082.34016000034
node_cons: 21457.81977565868
tot_aggregated_send: 13456
tot_msg_rcv: 1045
tot_msg_sent: 1870
tot_reconf_duration: 5.1
tot_sleeping_duration: 1029174.9428800159
tot_uptimes: 268
tot_uptimes_duration: 16020.085119984054
