comms_cons: 107.46458879423744
finished_reconf: true
global_termination_time: 1045169.98
local_termination_time: 246399.91788000043
node_cons: 21463.216508953104
tot_aggregated_send: 13804
tot_msg_rcv: 901
tot_msg_sent: 1628
tot_reconf_duration: 9.11
tot_sleeping_duration: 1029149.9313600052
tot_uptimes: 268
tot_uptimes_duration: 16020.048639994813
