comms_cons: 107.06802559659067
finished_reconf: true
global_termination_time: 1044229.504
local_termination_time: 288411.72560000006
node_cons: 21471.348226724
tot_aggregated_send: 14094
tot_msg_rcv: 792
tot_msg_sent: 1387
tot_reconf_duration: 15.110000000000001
tot_sleeping_duration: 1028209.4675199969
tot_uptimes: 268
tot_uptimes_duration: 16020.036480002978
