comms_cons: 102.76710399723105
finished_reconf: true
global_termination_time: 1045370.478
local_termination_time: 257845.23088000042
node_cons: 21457.336403359724
tot_aggregated_send: 14442
tot_msg_rcv: 422
tot_msg_sent: 756
tot_reconf_duration: 4.8100000000000005
tot_sleeping_duration: 1029350.4597600002
tot_uptimes: 268
tot_uptimes_duration: 16020.018239999772
