comms_cons: 104.4579583970075
finished_reconf: true
global_termination_time: 1044312.208
local_termination_time: 80531.32187999948
node_cons: 21469.98951552906
tot_aggregated_send: 13630
tot_msg_rcv: 727
tot_msg_sent: 1520
tot_reconf_duration: 11.31
tot_sleeping_duration: 1028289.3323199932
tot_uptimes: 268
tot_uptimes_duration: 16022.875680006735
