comms_cons: 104.15508479740467
finished_reconf: true
global_termination_time: 1045911.948
local_termination_time: 159783.97836000004
node_cons: 21458.194645597978
tot_aggregated_send: 13804
tot_msg_rcv: 605
tot_msg_sent: 1421
tot_reconf_duration: 5.43
tot_sleeping_duration: 1029891.9176000014
tot_uptimes: 268
tot_uptimes_duration: 16020.030399998475
