comms_cons: 120.72299519781889
finished_reconf: true
global_termination_time: 1230802.512
local_termination_time: 331184.8623600001
node_cons: 25321.970100000057
tot_aggregated_send: 17516
tot_msg_rcv: 235
tot_msg_sent: 598
tot_reconf_duration: 10.95
tot_sleeping_duration: 1211902.512
tot_uptimes: 316
tot_uptimes_duration: 18900.0
