comms_cons: 797.9003138218626
finished_reconf: true
global_termination_time: 7994140.66
local_termination_time: 2022170.4203599999
node_cons: 164476.86056669732
tot_aggregated_send: 109562
tot_msg_rcv: 3885
tot_msg_sent: 7830
tot_reconf_duration: 15.34
tot_sleeping_duration: 7871320.623520013
tot_uptimes: 2048
tot_uptimes_duration: 122820.0364799872
