comms_cons: 785.5581569394747
finished_reconf: true
global_termination_time: 7996776.411
local_termination_time: 3573205.0219199993
node_cons: 164460.20334558
tot_aggregated_send: 110780
tot_msg_rcv: 2734
tot_msg_sent: 5885
tot_reconf_duration: 3.08
tot_sleeping_duration: 7873956.380600011
tot_uptimes: 2048
tot_uptimes_duration: 122820.03039998922
