comms_cons: 786.5249089773461
finished_reconf: true
global_termination_time: 7994796.784
local_termination_time: 3739039.4947599987
node_cons: 164467.0232078141
tot_aggregated_send: 108576
tot_msg_rcv: 3599
tot_msg_sent: 7371
tot_reconf_duration: 8.09
tot_sleeping_duration: 7871976.741440015
tot_uptimes: 2048
tot_uptimes_duration: 122820.04255998507
