comms_cons: 785.5268353732345
finished_reconf: true
global_termination_time: 7993857.076
local_termination_time: 3910227.7150000003
node_cons: 164468.80492446345
tot_aggregated_send: 110655
tot_msg_rcv: 3015
tot_msg_sent: 5725
tot_reconf_duration: 9.42
tot_sleeping_duration: 7871037.051680009
tot_uptimes: 2048
tot_uptimes_duration: 122820.02431999147
