comms_cons: 784.6944257032459
finished_reconf: true
global_termination_time: 7993731.774
local_termination_time: 5381318.93472
node_cons: 164470.86638222888
tot_aggregated_send: 110954
tot_msg_rcv: 2905
tot_msg_sent: 5409
tot_reconf_duration: 10.95
tot_sleeping_duration: 7870911.7618400045
tot_uptimes: 2048
tot_uptimes_duration: 122820.01215999573
