comms_cons: 131.47412479551528
finished_reconf: true
global_termination_time: 1345151.341
local_termination_time: 489012.92036000005
node_cons: 27643.50012111687
tot_aggregated_send: 18792
tot_msg_rcv: 375
tot_msg_sent: 816
tot_reconf_duration: 4.8100000000000005
tot_sleeping_duration: 1324511.3349200024
tot_uptimes: 345
tot_uptimes_duration: 20640.006079997635
