comms_cons: 285.64251522174095
finished_reconf: true
global_termination_time: 2808098.052
local_termination_time: 1176076.4946399983
node_cons: 57852.388483349554
tot_aggregated_send: 38338
tot_msg_rcv: 1654
tot_msg_sent: 3422
tot_reconf_duration: 5.57
tot_sleeping_duration: 2764898.0337600075
tot_uptimes: 720
tot_uptimes_duration: 43200.0182399929
