comms_cons: 31.96175360336958
finished_reconf: true
global_termination_time: 320730.722
local_termination_time: 1722.8891200000003
node_cons: 6588.030802240589
tot_aggregated_send: 0
tot_msg_rcv: 0
tot_msg_sent: 0
tot_reconf_duration: 7.08
tot_sleeping_duration: 315810.70983999956
tot_uptimes: 83
tot_uptimes_duration: 4920.012160000435
