comms_cons: 103.99376000490751
finished_reconf: true
global_termination_time: 216454.51248000006
local_termination_time: 216454.47136000005
node_cons: 13051.319666201038
tot_aggregated_send: 0
tot_msg_rcv: 6422
tot_msg_sent: 9384
tot_reconf_duration: 24.59
tot_sleeping_duration: 206732.3866799993
tot_uptimes: 160
tot_uptimes_duration: 9722.125800000753
