comms_cons: 21.658726399992844
finished_reconf: true
global_termination_time: 217472.901
local_termination_time: 115889.74543999985
node_cons: 4422.841899999988
tot_aggregated_send: 3016
tot_msg_rcv: 104
tot_msg_sent: 172
tot_reconf_duration: 3.05
tot_sleeping_duration: 214172.901
tot_uptimes: 56
tot_uptimes_duration: 3300.0
