comms_cons: 22.54691839983674
finished_reconf: true
global_termination_time: 216897.587
local_termination_time: 99229.53971999994
node_cons: 4434.067121119171
tot_aggregated_send: 2784
tot_msg_rcv: 246
tot_msg_sent: 397
tot_reconf_duration: 11.31
tot_sleeping_duration: 213597.58092000065
tot_uptimes: 56
tot_uptimes_duration: 3300.006079999366
