comms_cons: 280.3096831895179
finished_reconf: true
global_termination_time: 2814475.62
local_termination_time: 1181227.794879998
node_cons: 57882.56996878389
tot_aggregated_send: 38918
tot_msg_rcv: 1302
tot_msg_sent: 2385
tot_reconf_duration: 18.21
tot_sleeping_duration: 2771265.880800011
tot_uptimes: 721
tot_uptimes_duration: 43209.73919998878
