comms_cons: 285.81824001696145
finished_reconf: true
global_termination_time: 2814379.374
local_termination_time: 984345.4723599999
node_cons: 57850.843031167635
tot_aggregated_send: 37468
tot_msg_rcv: 1899
tot_msg_sent: 4075
tot_reconf_duration: 4.390000000000001
tot_sleeping_duration: 2771179.3132000235
tot_uptimes: 721
tot_uptimes_duration: 43200.06079997658
