comms_cons: 277.04353280829446
finished_reconf: true
global_termination_time: 2814258.321
local_termination_time: 1683450.74936
node_cons: 57865.63171999907
tot_aggregated_send: 40716
tot_msg_rcv: 521
tot_msg_sent: 872
tot_reconf_duration: 15.34
tot_sleeping_duration: 2771058.321
tot_uptimes: 721
tot_uptimes_duration: 43200.0
