comms_cons: 346.70044158734606
finished_reconf: true
global_termination_time: 3539894.376
local_termination_time: 2416527.461639998
node_cons: 72809.38590718927
tot_aggregated_send: 48604
tot_msg_rcv: 1302
tot_msg_sent: 2790
tot_reconf_duration: 13.17
tot_sleeping_duration: 3485531.791200007
tot_uptimes: 907
tot_uptimes_duration: 54362.58479999332
