comms_cons: 345.74056959389367
finished_reconf: true
global_termination_time: 3539314.973
local_termination_time: 892126.9790399983
node_cons: 72808.57566223196
tot_aggregated_send: 48836
tot_msg_rcv: 1263
tot_msg_sent: 2450
tot_reconf_duration: 15.110000000000001
tot_sleeping_duration: 3484954.960840005
tot_uptimes: 907
tot_uptimes_duration: 54360.01215999527
