comms_cons: 360.55331844649965
finished_reconf: true
global_termination_time: 3539728.705
local_termination_time: 363339.1432800003
node_cons: 72794.66967340617
tot_aggregated_send: 48546
tot_msg_rcv: 2244
tot_msg_sent: 4012
tot_reconf_duration: 4.8100000000000005
tot_sleeping_duration: 3485368.632040024
tot_uptimes: 907
tot_uptimes_duration: 54360.07295997598
