comms_cons: 351.5463936230203
finished_reconf: true
global_termination_time: 3540820.64
local_termination_time: 1930740.3984799997
node_cons: 72795.46278670081
tot_aggregated_send: 50170
tot_msg_rcv: 1168
tot_msg_sent: 2095
tot_reconf_duration: 5.43
tot_sleeping_duration: 3486460.6035200134
tot_uptimes: 907
tot_uptimes_duration: 54360.03647998697
