comms_cons: 147.0253823842427
finished_reconf: true
global_termination_time: 1429605.753
local_termination_time: 4221.9130000000005
node_cons: 29408.283071182163
tot_aggregated_send: 19078
tot_msg_rcv: 1196
tot_msg_sent: 2073
tot_reconf_duration: 2.77
tot_sleeping_duration: 1407645.6922000134
tot_uptimes: 367
tot_uptimes_duration: 21960.060799986648
