comms_cons: 141.95184639033812
finished_reconf: true
global_termination_time: 1432304.226
local_termination_time: 3953.796
node_cons: 29419.36438558421
tot_aggregated_send: 19941
tot_msg_rcv: 510
tot_msg_sent: 1124
tot_reconf_duration: 10.96
tot_sleeping_duration: 1410344.1956000119
tot_uptimes: 367
tot_uptimes_duration: 21960.030399988173
