comms_cons: 471.2856828412378
finished_reconf: true
global_termination_time: 1622039.329639998
local_termination_time: 1622039.288519998
node_cons: 65913.40731807666
tot_aggregated_send: 0
tot_msg_rcv: 24107
tot_msg_sent: 47526
tot_reconf_duration: 24.59
tot_sleeping_duration: 1572838.4229199996
tot_uptimes: 809
tot_uptimes_duration: 49200.906719998486
