comms_cons: 55.09267840490203
finished_reconf: true
global_termination_time: 278982.338
local_termination_time: 760.4670399999994
node_cons: 5710.109761121436
tot_aggregated_send: 0
tot_msg_rcv: 4255
tot_msg_sent: 4118
tot_reconf_duration: 4.390000000000001
tot_sleeping_duration: 274722.3319199989
tot_uptimes: 72
tot_uptimes_duration: 4260.006080001069
