comms_cons: 54.33664000475886
finished_reconf: true
global_termination_time: 275866.40560000064
local_termination_time: 1689.2643600000004
node_cons: 5682.366572642586
tot_aggregated_send: 0
tot_msg_rcv: 4166
tot_msg_sent: 4091
tot_reconf_duration: 3.05
tot_sleeping_duration: 271625.75983999873
tot_uptimes: 71
tot_uptimes_duration: 4240.645760001928
