comms_cons: 50.26571520020648
finished_reconf: true
global_termination_time: 513592.151
local_termination_time: 40282.09348000001
node_cons: 10528.730781121438
tot_aggregated_send: 7424
tot_msg_rcv: 44
tot_msg_sent: 172
tot_reconf_duration: 3.08
tot_sleeping_duration: 505732.14491999894
tot_uptimes: 132
tot_uptimes_duration: 7860.006080001069
