comms_cons: 50.703872000092815
finished_reconf: true
global_termination_time: 516539.986
local_termination_time: 201429.52436000007
node_cons: 10622.039681120028
tot_aggregated_send: 7482
tot_msg_rcv: 61
tot_msg_sent: 164
tot_reconf_duration: 12.629999999999999
tot_sleeping_duration: 508619.97992
tot_uptimes: 133
tot_uptimes_duration: 7920.006080000005
