comms_cons: 50.14728960003118
finished_reconf: true
global_termination_time: 513497.508
local_termination_time: 303359.196
node_cons: 10553.754927682347
tot_aggregated_send: 7482
tot_msg_rcv: 39
tot_msg_sent: 101
tot_reconf_duration: 18.700000000000003
tot_sleeping_duration: 505634.6548799982
tot_uptimes: 132
tot_uptimes_duration: 7862.85312000179
