comms_cons: 125.79333118985538
finished_reconf: true
global_termination_time: 807634.472
local_termination_time: 272723.04336000007
node_cons: 16584.41368223827
tot_aggregated_send: 0
tot_msg_rcv: 9682
tot_msg_sent: 9437
tot_reconf_duration: 25.299999999999997
tot_sleeping_duration: 795274.4598400012
tot_uptimes: 207
tot_uptimes_duration: 12360.012159998703
