comms_cons: 79.06287359752433
finished_reconf: true
global_termination_time: 807081.934
local_termination_time: 535786.2184799998
node_cons: 16565.415262233604
tot_aggregated_send: 10962
tot_msg_rcv: 344
tot_msg_sent: 711
tot_reconf_duration: 11.31
tot_sleeping_duration: 794721.9218400047
tot_uptimes: 207
tot_uptimes_duration: 12360.012159995269
