comms_cons: 126.95153278850258
finished_reconf: true
global_termination_time: 807163.053
local_termination_time: 272575.92536000005
node_cons: 16557.422081116845
tot_aggregated_send: 0
tot_msg_rcv: 9838
tot_msg_sent: 9457
tot_reconf_duration: 5.43
tot_sleeping_duration: 794803.0469200023
tot_uptimes: 207
tot_uptimes_duration: 12360.006079997635
