comms_cons: 822.4509378437859
finished_reconf: true
global_termination_time: 8162670.887
local_termination_time: 1934396.5768799991
node_cons: 167919.18522781422
tot_aggregated_send: 113100
tot_msg_rcv: 4184
tot_msg_sent: 7723
tot_reconf_duration: 6.279999999999999
tot_sleeping_duration: 8037270.844440015
tot_uptimes: 2091
tot_uptimes_duration: 125400.04255998507
