comms_cons: 818.3735298181024
finished_reconf: true
global_termination_time: 8159978.785
local_termination_time: 3563362.7380399997
node_cons: 167837.88918893173
tot_aggregated_send: 113274
tot_msg_rcv: 4029
tot_msg_sent: 7085
tot_reconf_duration: 5.57
tot_sleeping_duration: 8034638.736360017
tot_uptimes: 2090
tot_uptimes_duration: 125340.04863998294
