comms_cons: 803.9260417750269
finished_reconf: true
global_termination_time: 8160252.73
local_termination_time: 5797277.33048
node_cons: 167845.14638222873
tot_aggregated_send: 112636
tot_msg_rcv: 3120
tot_msg_sent: 6436
tot_reconf_duration: 10.95
tot_sleeping_duration: 8034912.717840005
tot_uptimes: 2090
tot_uptimes_duration: 125340.01215999573
