comms_cons: 797.1796352737166
finished_reconf: true
global_termination_time: 8162209.666
local_termination_time: 6121520.597359999
node_cons: 167926.76019999344
tot_aggregated_send: 117450
tot_msg_rcv: 1151
tot_msg_sent: 2564
tot_reconf_duration: 11.899999999999999
tot_sleeping_duration: 8036809.666
tot_uptimes: 2091
tot_uptimes_duration: 125400.0
