comms_cons: 1.5066367999992072
finished_reconf: true
global_termination_time: 12175.378
local_termination_time: 4014.375360000001
node_cons: 252.00621999999962
tot_aggregated_send: 0
tot_msg_rcv: 118
tot_msg_sent: 111
tot_reconf_duration: 8.09
tot_sleeping_duration: 11995.378
tot_uptimes: 4
tot_uptimes_duration: 180.0
