comms_cons: 2.277030399993879
finished_reconf: true
global_termination_time: 14727.878
local_termination_time: 6785.250360000001
node_cons: 249.46676000000033
tot_aggregated_send: 0
tot_msg_rcv: 177
tot_msg_sent: 169
tot_reconf_duration: 6.22
tot_sleeping_duration: 14547.878
tot_uptimes: 4
tot_uptimes_duration: 180.0
