comms_cons: 399.84586226279794
finished_reconf: true
global_termination_time: 826703.3435999998
local_termination_time: 826703.3024799998
node_cons: 50284.914143757866
tot_aggregated_send: 0
tot_msg_rcv: 24520
tot_msg_sent: 36254
tot_reconf_duration: 24.59
tot_sleeping_duration: 789174.2017600009
tot_uptimes: 618
tot_uptimes_duration: 37529.14183999891
