comms_cons: 0.7171328000015991
finished_reconf: true
global_termination_time: 7164.0779999999995
local_termination_time: 1114.3103600000002
node_cons: 96.50019999999981
tot_aggregated_send: 0
tot_msg_rcv: 62
tot_msg_sent: 47
tot_reconf_duration: 11.899999999999999
tot_sleeping_duration: 7104.0779999999995
tot_uptimes: 2
tot_uptimes_duration: 59.99999999999909
