comms_cons: 176.653356788668
finished_reconf: true
global_termination_time: 1803337.776
local_termination_time: 6982.293
node_cons: 37044.64893006971
tot_aggregated_send: 24005
tot_msg_rcv: 1031
tot_msg_sent: 1813
tot_reconf_duration: 5.77
tot_sleeping_duration: 1775677.7212800076
tot_uptimes: 462
tot_uptimes_duration: 27660.05471999242
