comms_cons: 173.09217278205384
finished_reconf: true
global_termination_time: 1799515.164
local_termination_time: 6341.186000000001
node_cons: 36965.311079013605
tot_aggregated_send: 22961
tot_msg_rcv: 1160
tot_msg_sent: 2188
tot_reconf_duration: 6.46
tot_sleeping_duration: 1771915.0606400196
tot_uptimes: 461
tot_uptimes_duration: 27600.103359980392
