comms_cons: 40.73840640064508
finished_reconf: true
global_termination_time: 413277.711
local_termination_time: 197857.96636000005
node_cons: 8443.26406000002
tot_aggregated_send: 5742
tot_msg_rcv: 107
tot_msg_sent: 343
tot_reconf_duration: 5.57
tot_sleeping_duration: 406977.711
tot_uptimes: 106
tot_uptimes_duration: 6300.0
