comms_cons: 40.830515200498866
finished_reconf: true
global_termination_time: 410868.349
local_termination_time: 137876.42116000078
node_cons: 8443.07394
tot_aggregated_send: 5858
tot_msg_rcv: 121
tot_msg_sent: 227
tot_reconf_duration: 5.43
tot_sleeping_duration: 404568.349
tot_uptimes: 106
tot_uptimes_duration: 6300.0
