comms_cons: 163.6049663908133
finished_reconf: true
global_termination_time: 1670020.78
local_termination_time: 710928.9360799995
node_cons: 34329.9254622336
tot_aggregated_send: 22968
tot_msg_rcv: 691
tot_msg_sent: 1208
tot_reconf_duration: 18.21
tot_sleeping_duration: 1644400.7678400048
tot_uptimes: 428
tot_uptimes_duration: 25620.01215999527
