comms_cons: 163.7898111899438
finished_reconf: true
global_termination_time: 1667752.975
local_termination_time: 1048274.2067999995
node_cons: 34335.96312335051
tot_aggregated_send: 22562
tot_msg_rcv: 817
tot_msg_sent: 1517
tot_reconf_duration: 22.65
tot_sleeping_duration: 1642132.9567600072
tot_uptimes: 428
tot_uptimes_duration: 25620.018239992904
