comms_cons: 163.95925759551037
finished_reconf: true
global_termination_time: 1666152.06412
local_termination_time: 1666152.023
node_cons: 34272.37745191815
tot_aggregated_send: 24056
tot_msg_rcv: 221
tot_msg_sent: 643
tot_reconf_duration: 24.59
tot_sleeping_duration: 1640581.5008400013
tot_uptimes: 427
tot_uptimes_duration: 25570.56327999862
