comms_cons: 77.6345600002786
finished_reconf: true
global_termination_time: 795133.757
local_termination_time: 4325.085
node_cons: 16343.453441119174
tot_aggregated_send: 11401
tot_msg_rcv: 139
tot_msg_sent: 260
tot_reconf_duration: 25.35
tot_sleeping_duration: 782953.7509200006
tot_uptimes: 204
tot_uptimes_duration: 12180.006079999366
