comms_cons: 78.12142079807226
finished_reconf: true
global_termination_time: 795761.654
local_termination_time: 7195.491
node_cons: 16316.991460000025
tot_aggregated_send: 11304
tot_msg_rcv: 198
tot_msg_sent: 372
tot_reconf_duration: 5.87
tot_sleeping_duration: 783581.654
tot_uptimes: 204
tot_uptimes_duration: 12180.0
