comms_cons: 465.779014421354
finished_reconf: true
global_termination_time: 4791127.879
local_termination_time: 3117674.9593599997
node_cons: 98531.19739999695
tot_aggregated_send: 66990
tot_msg_rcv: 1278
tot_msg_sent: 2527
tot_reconf_duration: 25.299999999999997
tot_sleeping_duration: 4717567.879
tot_uptimes: 1227
tot_uptimes_duration: 73560.0
