comms_cons: 481.95992328916276
finished_reconf: true
global_termination_time: 4788493.731
local_termination_time: 190974.55736000006
node_cons: 98503.42896782096
tot_aggregated_send: 66584
tot_msg_rcv: 2335
tot_msg_sent: 4337
tot_reconf_duration: 4.8100000000000005
tot_sleeping_duration: 4714933.688440012
tot_uptimes: 1227
tot_uptimes_duration: 73560.04255998787
