comms_cons: 481.1697921271537
finished_reconf: true
global_termination_time: 4788140.86
local_termination_time: 1452191.175519999
node_cons: 98501.02260558205
tot_aggregated_send: 65946
tot_msg_rcv: 2421
tot_msg_sent: 4768
tot_reconf_duration: 3.05
tot_sleeping_duration: 4714580.829600011
tot_uptimes: 1227
tot_uptimes_duration: 73560.03039998887
