comms_cons: 485.55758728733963
finished_reconf: true
global_termination_time: 4815777.250239994
local_termination_time: 3600.725000000004
node_cons: 99131.0137445364
tot_aggregated_send: 66468
tot_msg_rcv: 2462
tot_msg_sent: 4870
tot_reconf_duration: 18.21
tot_sleeping_duration: 4741762.10120001
tot_uptimes: 1234
tot_uptimes_duration: 74015.14903998448
