comms_cons: 473.0591424571004
finished_reconf: true
global_termination_time: 4817712.518
local_termination_time: 2108128.1841199985
node_cons: 99067.72374781623
tot_aggregated_send: 66932
tot_msg_rcv: 1657
tot_msg_sent: 3313
tot_reconf_duration: 6.22
tot_sleeping_duration: 4743732.475440015
tot_uptimes: 1234
tot_uptimes_duration: 73980.0425599846
