comms_cons: 63.52280319933456
finished_reconf: true
global_termination_time: 637721.893
local_termination_time: 72643.98591999983
node_cons: 13115.93938000002
tot_aggregated_send: 9106
tot_msg_rcv: 215
tot_msg_sent: 334
tot_reconf_duration: 15.110000000000001
tot_sleeping_duration: 627941.893
tot_uptimes: 164
tot_uptimes_duration: 9780.0
