comms_cons: 47.288396801032775
finished_reconf: true
global_termination_time: 466646.109
local_termination_time: 205733.89436000006
node_cons: 9567.39394112145
tot_aggregated_send: 6322
tot_msg_rcv: 288
tot_msg_sent: 577
tot_reconf_duration: 5.1
tot_sleeping_duration: 459506.1029199989
tot_uptimes: 120
tot_uptimes_duration: 7140.006080001069
