comms_cons: 46.57715840069765
finished_reconf: true
global_termination_time: 463851.842
local_termination_time: 288179.57899999997
node_cons: 9506.514886560944
tot_aggregated_send: 6148
tot_msg_rcv: 363
tot_msg_sent: 568
tot_reconf_duration: 18.700000000000003
tot_sleeping_duration: 456771.09495999926
tot_uptimes: 119
tot_uptimes_duration: 7080.747040000744
