comms_cons: 46.32495360049142
finished_reconf: true
global_termination_time: 463861.324
local_termination_time: 227842.72036000006
node_cons: 9486.081620000032
tot_aggregated_send: 6148
tot_msg_rcv: 302
tot_msg_sent: 593
tot_reconf_duration: 4.390000000000001
tot_sleeping_duration: 456781.324
tot_uptimes: 119
tot_uptimes_duration: 7080.0
