comms_cons: 723.3043386775166
finished_reconf: true
global_termination_time: 1668888.701
local_termination_time: 543083.9334799998
node_cons: 101548.05448128258
tot_aggregated_send: 0
tot_msg_rcv: 44367
tot_msg_sent: 65570
tot_reconf_duration: 18.21
tot_sleeping_duration: 1593068.4431200256
tot_uptimes: 1244
tot_uptimes_duration: 75820.25787997415
