comms_cons: 163.25815039741207
finished_reconf: true
global_termination_time: 1667845.612
local_termination_time: 1204688.735239998
node_cons: 34314.96454335728
tot_aggregated_send: 24244
tot_msg_rcv: 108
tot_msg_sent: 462
tot_reconf_duration: 6.279999999999999
tot_sleeping_duration: 1642224.673760002
tot_uptimes: 428
tot_uptimes_duration: 25620.93823999795
