comms_cons: 165.19713279455885
finished_reconf: true
global_termination_time: 1670830.57
local_termination_time: 755134.0596399981
node_cons: 34326.517766074416
tot_aggregated_send: 23954
tot_msg_rcv: 353
tot_msg_sent: 802
tot_reconf_duration: 13.17
tot_sleeping_duration: 1645207.9912800044
tot_uptimes: 428
tot_uptimes_duration: 25622.5787199958
