comms_cons: 168.50142078411642
finished_reconf: true
global_termination_time: 1667693.589
local_termination_time: 240352.30748000054
node_cons: 34311.19860781775
tot_aggregated_send: 22678
tot_msg_rcv: 1006
tot_msg_sent: 1927
tot_reconf_duration: 4.390000000000001
tot_sleeping_duration: 1642073.5464400165
tot_uptimes: 428
tot_uptimes_duration: 25620.042559983383
