comms_cons: 166.22396798863244
finished_reconf: true
global_termination_time: 1670335.45
local_termination_time: 797669.4533599999
node_cons: 34309.33818223371
tot_aggregated_send: 22620
tot_msg_rcv: 805
tot_msg_sent: 1841
tot_reconf_duration: 3.05
tot_sleeping_duration: 1644715.4378400047
tot_uptimes: 428
tot_uptimes_duration: 25620.01215999527
