comms_cons: 167.53530879095206
finished_reconf: true
global_termination_time: 1667633.35124
local_termination_time: 14201.834640000003
node_cons: 34339.63140607021
tot_aggregated_send: 23200
tot_msg_rcv: 751
tot_msg_sent: 1512
tot_reconf_duration: 11.31
tot_sleeping_duration: 1641999.0925200072
tot_uptimes: 428
tot_uptimes_duration: 25634.258719992707
