comms_cons: 218.6044992295671
finished_reconf: true
global_termination_time: 454518.3856000001
local_termination_time: 454518.3444800001
node_cons: 27387.5391201236
tot_aggregated_send: 0
tot_msg_rcv: 13495
tot_msg_sent: 19732
tot_reconf_duration: 24.59
tot_sleeping_duration: 434089.59851999744
tot_uptimes: 336
tot_uptimes_duration: 20428.78708000265
