comms_cons: 45.060940800256596
finished_reconf: true
global_termination_time: 459702.997
local_termination_time: 310312.3890800006
node_cons: 9405.741619999952
tot_aggregated_send: 6670
tot_msg_rcv: 66
tot_msg_sent: 113
tot_reconf_duration: 4.390000000000001
tot_sleeping_duration: 452682.997
tot_uptimes: 118
tot_uptimes_duration: 7020.0
