comms_cons: 45.01488640023357
finished_reconf: true
global_termination_time: 456048.96
local_termination_time: 169779.23696000015
node_cons: 9334.798980000009
tot_aggregated_send: 6554
tot_msg_rcv: 124
tot_msg_sent: 164
tot_reconf_duration: 11.31
tot_sleeping_duration: 449088.96
tot_uptimes: 117
tot_uptimes_duration: 6960.0
