comms_cons: 399.86039045037853
finished_reconf: true
global_termination_time: 3962771.579
local_termination_time: 2246831.7121999986
node_cons: 81495.55940558322
tot_aggregated_send: 55216
tot_msg_rcv: 1978
tot_msg_sent: 3582
tot_reconf_duration: 22.65
tot_sleeping_duration: 3901931.5486000106
tot_uptimes: 1015
tot_uptimes_duration: 60840.030399989104
