comms_cons: 113.49295999797643
finished_reconf: true
global_termination_time: 1145892.482
local_termination_time: 922416.0111999987
node_cons: 23548.066760000158
tot_aggregated_send: 16472
tot_msg_rcv: 261
tot_msg_sent: 517
tot_reconf_duration: 6.22
tot_sleeping_duration: 1128312.482
tot_uptimes: 294
tot_uptimes_duration: 17580.0
