comms_cons: 91.73441279294363
finished_reconf: true
global_termination_time: 905294.189
local_termination_time: 454921.085
node_cons: 18609.05612703181
tot_aggregated_send: 12352
tot_msg_rcv: 549
tot_msg_sent: 1042
tot_reconf_duration: 22.65
tot_sleeping_duration: 891419.4336400062
tot_uptimes: 232
tot_uptimes_duration: 13874.75535999384
