comms_cons: 92.16207359884137
finished_reconf: true
global_termination_time: 909188.906
local_termination_time: 20170.659280000003
node_cons: 18644.84976112146
tot_aggregated_send: 12644
tot_msg_rcv: 550
tot_msg_sent: 815
tot_reconf_duration: 4.390000000000001
tot_sleeping_duration: 895268.899919999
tot_uptimes: 233
tot_uptimes_duration: 13920.006080001069
