comms_cons: 90.97717759817134
finished_reconf: true
global_termination_time: 904976.48948
local_termination_time: 70688.97943999986
node_cons: 18581.868163203286
tot_aggregated_send: 12354
tot_msg_rcv: 421
tot_msg_sent: 1052
tot_reconf_duration: 3.05
tot_sleeping_duration: 891102.1606799975
tot_uptimes: 232
tot_uptimes_duration: 13874.328800002448
