comms_cons: 107.98440961066504
finished_reconf: true
global_termination_time: 662701.562
local_termination_time: 474809.60320000065
node_cons: 13584.000121121526
tot_aggregated_send: 0
tot_msg_rcv: 8290
tot_msg_sent: 8123
tot_reconf_duration: 4.8100000000000005
tot_sleeping_duration: 652561.5559199989
tot_uptimes: 170
tot_uptimes_duration: 10140.006080001127
