comms_cons: 116.87914239635491
finished_reconf: true
global_termination_time: 1167651.57724
local_termination_time: 55686.02216000016
node_cons: 24076.83150567944
tot_aggregated_send: 16066
tot_msg_rcv: 519
tot_msg_sent: 1180
tot_reconf_duration: 18.21
tot_sleeping_duration: 1149688.8421200006
tot_uptimes: 300
tot_uptimes_duration: 17962.73511999956
