comms_cons: 118.36889598958359
finished_reconf: true
global_termination_time: 1168860.727
local_termination_time: 427378.279
node_cons: 24040.281845594956
tot_aggregated_send: 15305
tot_msg_rcv: 940
tot_msg_sent: 1748
tot_reconf_duration: 13.17
tot_sleeping_duration: 1150920.1766000038
tot_uptimes: 300
tot_uptimes_duration: 17940.550399996224
