comms_cons: 119.02858239470919
finished_reconf: true
global_termination_time: 1168201.137
local_termination_time: 607476.3223599999
node_cons: 24038.835963359736
tot_aggregated_send: 15486
tot_msg_rcv: 865
tot_msg_sent: 1741
tot_reconf_duration: 12.629999999999999
tot_sleeping_duration: 1150261.1187600004
tot_uptimes: 300
tot_uptimes_duration: 17940.018239999772
