comms_cons: 117.93845759591485
finished_reconf: true
global_termination_time: 1167753.745
local_termination_time: 449990.3272000006
node_cons: 24047.0871644765
tot_aggregated_send: 15776
tot_msg_rcv: 796
tot_msg_sent: 1353
tot_reconf_duration: 18.700000000000003
tot_sleeping_duration: 1149813.7206800028
tot_uptimes: 300
tot_uptimes_duration: 17940.024319997407
