comms_cons: 116.33341439486904
finished_reconf: true
global_termination_time: 1169342.457
local_termination_time: 420862.2770800006
node_cons: 24036.554523355167
tot_aggregated_send: 16008
tot_msg_rcv: 624
tot_msg_sent: 1050
tot_reconf_duration: 10.95
tot_sleeping_duration: 1151402.4387600038
tot_uptimes: 300
tot_uptimes_duration: 17940.018239996352
