comms_cons: 117.18399999182277
finished_reconf: true
global_termination_time: 1168760.748
local_termination_time: 326645.58936000004
node_cons: 24030.171888957648
tot_aggregated_send: 15080
tot_msg_rcv: 865
tot_msg_sent: 1867
tot_reconf_duration: 6.22
tot_sleeping_duration: 1150820.6993600016
tot_uptimes: 300
tot_uptimes_duration: 17940.048639998247
