comms_cons: 700.7817853667943
finished_reconf: true
global_termination_time: 853533.602
local_termination_time: 177688.37360000008
node_cons: 84401.73411080315
tot_aggregated_send: 0
tot_msg_rcv: 48352
tot_msg_sent: 58161
tot_reconf_duration: 5.57
tot_sleeping_duration: 790505.8424400261
tot_uptimes: 1010
tot_uptimes_duration: 63027.75955997388
