comms_cons: 85.09532799798491
finished_reconf: true
global_termination_time: 854530.988
local_termination_time: 571974.0765599986
node_cons: 17526.920501116914
tot_aggregated_send: 11948
tot_msg_rcv: 296
tot_msg_sent: 690
tot_reconf_duration: 9.42
tot_sleeping_duration: 841450.9819200024
tot_uptimes: 219
tot_uptimes_duration: 13080.006079997635
