comms_cons: 87.30111359627232
finished_reconf: true
global_termination_time: 853732.832
local_termination_time: 233298.77936000004
node_cons: 17518.318887840825
tot_aggregated_send: 11426
tot_msg_rcv: 619
tot_msg_sent: 1223
tot_reconf_duration: 3.05
tot_sleeping_duration: 840652.7894399995
tot_uptimes: 219
tot_uptimes_duration: 13080.042560000613
