comms_cons: 85.67434239597445
finished_reconf: true
global_termination_time: 854587.112
local_termination_time: 577302.8913599998
node_cons: 17521.534645593292
tot_aggregated_send: 11600
tot_msg_rcv: 379
tot_msg_sent: 1043
tot_reconf_duration: 5.43
tot_sleeping_duration: 841507.0816000049
tot_uptimes: 219
tot_uptimes_duration: 13080.030399995041
