comms_cons: 131.1948287967086
finished_reconf: true
global_termination_time: 1345708.939
local_termination_time: 6121.16
node_cons: 27647.025482238307
tot_aggregated_send: 19422
tot_msg_rcv: 166
tot_msg_sent: 352
tot_reconf_duration: 7.3999999999999995
tot_sleeping_duration: 1325068.9268400013
tot_uptimes: 345
tot_uptimes_duration: 20640.012159998703
