comms_cons: 131.18392319642237
finished_reconf: true
global_termination_time: 1349060.138
local_termination_time: 786.16812
node_cons: 27725.198121116875
tot_aggregated_send: 19140
tot_msg_rcv: 295
tot_msg_sent: 504
tot_reconf_duration: 5.8100000000000005
tot_sleeping_duration: 1328360.1319200024
tot_uptimes: 346
tot_uptimes_duration: 20700.006079997635
