comms_cons: 130.72870399668918
finished_reconf: true
global_termination_time: 1346603.187
local_termination_time: 6465.8679999999995
node_cons: 27646.859820000045
tot_aggregated_send: 19364
tot_msg_rcv: 197
tot_msg_sent: 309
tot_reconf_duration: 7.29
tot_sleeping_duration: 1325963.187
tot_uptimes: 345
tot_uptimes_duration: 20640.0
