comms_cons: 127.58384638605575
finished_reconf: true
global_termination_time: 1247961.337
local_termination_time: 451295.4356800007
node_cons: 25636.10547117297
tot_aggregated_send: 16298
tot_msg_rcv: 1046
tot_msg_sent: 2048
tot_reconf_duration: 5.57
tot_sleeping_duration: 1228821.2762000205
tot_uptimes: 320
tot_uptimes_duration: 19140.06079997978
