comms_cons: 123.29420799434004
finished_reconf: true
global_termination_time: 1244923.943
local_termination_time: 249338.51736000003
node_cons: 25560.93678335512
tot_aggregated_send: 17168
tot_msg_rcv: 529
tot_msg_sent: 1043
tot_reconf_duration: 9.42
tot_sleeping_duration: 1225843.9247600036
tot_uptimes: 319
tot_uptimes_duration: 19080.01823999634
