comms_cons: 91.14291199753481
finished_reconf: true
global_termination_time: 907039.687
local_termination_time: 326827.96436000004
node_cons: 18673.269964481133
tot_aggregated_send: 11948
tot_msg_rcv: 643
tot_msg_sent: 1263
tot_reconf_duration: 25.299999999999997
tot_sleeping_duration: 893119.6626799993
tot_uptimes: 233
tot_uptimes_duration: 13920.02432000084
