comms_cons: 65.08432639743525
finished_reconf: true
global_termination_time: 138812.762
local_termination_time: 298.7680399999995
node_cons: 8096.929939478306
tot_aggregated_send: 0
tot_msg_rcv: 4091
tot_msg_sent: 5802
tot_reconf_duration: 18.21
tot_sleeping_duration: 132784.23268000124
tot_uptimes: 98
tot_uptimes_duration: 6028.529319998728
