comms_cons: 26.843135998761117
finished_reconf: true
global_termination_time: 138812.762
local_termination_time: 10805.14436
node_cons: 2842.6587
tot_aggregated_send: 0
tot_msg_rcv: 2071
tot_msg_sent: 2009
tot_reconf_duration: 22.65
tot_sleeping_duration: 136712.762
tot_uptimes: 36
tot_uptimes_duration: 2100.0
