comms_cons: 2.8224767999906724
finished_reconf: true
global_termination_time: 14404.387
local_termination_time: 4992.89536
node_cons: 261.5393800000008
tot_aggregated_send: 0
tot_msg_rcv: 269
tot_msg_sent: 160
tot_reconf_duration: 15.110000000000001
tot_sleeping_duration: 14224.387
tot_uptimes: 4
tot_uptimes_duration: 180.0
