comms_cons: 167.78078721895378
finished_reconf: true
global_termination_time: 345471.2806000005
local_termination_time: 345471.2394800005
node_cons: 21104.049383964757
tot_aggregated_send: 0
tot_msg_rcv: 10297
tot_msg_sent: 15205
tot_reconf_duration: 24.59
tot_sleeping_duration: 329735.16695999703
tot_uptimes: 257
tot_uptimes_duration: 15736.11364000352
