comms_cons: 69.09378560830173
finished_reconf: true
global_termination_time: 348645.436
local_termination_time: 2274.3674800000003
node_cons: 7181.026841121439
tot_aggregated_send: 0
tot_msg_rcv: 5356
tot_msg_sent: 5145
tot_reconf_duration: 22.65
tot_sleeping_duration: 343305.4299199989
tot_uptimes: 90
tot_uptimes_duration: 5340.006080001069
