comms_cons: 34.53422080039773
finished_reconf: true
global_termination_time: 345472.1603600002
local_termination_time: 233429.40548000007
node_cons: 7101.530710161688
tot_aggregated_send: 4814
tot_msg_rcv: 145
tot_msg_sent: 290
tot_reconf_duration: 6.22
tot_sleeping_duration: 340174.86091999896
tot_uptimes: 89
tot_uptimes_duration: 5297.299440001254
