comms_cons: 258.70084479157657
finished_reconf: true
global_termination_time: 2557274.899
local_termination_time: 196093.28736000007
node_cons: 52548.435595649295
tot_aggregated_send: 34278
tot_msg_rcv: 1662
tot_msg_sent: 3381
tot_reconf_duration: 4.390000000000001
tot_sleeping_duration: 2518034.8138800226
tot_uptimes: 655
tot_uptimes_duration: 39240.08511997765
