comms_cons: 374.61280644688566
finished_reconf: true
global_termination_time: 3705918.413
local_termination_time: 252617.4027200001
node_cons: 76267.4624500506
tot_aggregated_send: 51504
tot_msg_rcv: 1901
tot_msg_sent: 3533
tot_reconf_duration: 18.21
tot_sleeping_duration: 3648978.3582800208
tot_uptimes: 950
tot_uptimes_duration: 56940.05471997941
