comms_cons: 365.9548416242928
finished_reconf: true
global_termination_time: 3709315.233
local_termination_time: 2089583.4985199992
node_cons: 76250.24034223256
tot_aggregated_send: 51794
tot_msg_rcv: 1230
tot_msg_sent: 2599
tot_reconf_duration: 5.57
tot_sleeping_duration: 3652375.2208400043
tot_uptimes: 950
tot_uptimes_duration: 56940.012159995735
