comms_cons: 364.4482048119034
finished_reconf: true
global_termination_time: 3708824.05
local_termination_time: 1508080.1017999984
node_cons: 76255.06394446596
tot_aggregated_send: 51794
tot_msg_rcv: 1154
tot_msg_sent: 2446
tot_reconf_duration: 9.11
tot_sleeping_duration: 3651884.0256800093
tot_uptimes: 950
tot_uptimes_duration: 56940.02431999077
