comms_cons: 375.725504055488
finished_reconf: true
global_termination_time: 3706225.353
local_termination_time: 828470.3582799983
node_cons: 76246.87517005099
tot_aggregated_send: 51040
tot_msg_rcv: 2054
tot_msg_sent: 4014
tot_reconf_duration: 3.05
tot_sleeping_duration: 3649285.2982800207
tot_uptimes: 950
tot_uptimes_duration: 56940.05471997964
