comms_cons: 177.63141758673893
finished_reconf: true
global_termination_time: 1775184.174
local_termination_time: 185805.3385200008
node_cons: 36505.2028397575
tot_aggregated_send: 23664
tot_msg_rcv: 1191
tot_msg_sent: 2145
tot_reconf_duration: 18.21
tot_sleeping_duration: 1747939.6081600017
tot_uptimes: 455
tot_uptimes_duration: 27244.56583999822
