comms_cons: 177.83690878781962
finished_reconf: true
global_termination_time: 1771208.863
local_termination_time: 185787.35648000007
node_cons: 36400.600826710084
tot_aggregated_send: 23722
tot_msg_rcv: 1152
tot_msg_sent: 2156
tot_reconf_duration: 4.8100000000000005
tot_sleeping_duration: 1744028.826520007
tot_uptimes: 454
tot_uptimes_duration: 27180.036479992676
