comms_cons: 175.75653759319061
finished_reconf: true
global_termination_time: 1770872.68624
local_termination_time: 167061.39644000022
node_cons: 36421.54290383647
tot_aggregated_send: 24882
tot_msg_rcv: 489
tot_msg_sent: 1342
tot_reconf_duration: 6.22
tot_sleeping_duration: 1743678.4396800026
tot_uptimes: 454
tot_uptimes_duration: 27194.24655999744
