comms_cons: 174.95800959663097
finished_reconf: true
global_termination_time: 1770872.390479998
local_termination_time: 1770872.390479998
node_cons: 36517.49653383733
tot_aggregated_send: 25506
tot_msg_rcv: 272
tot_msg_sent: 812
tot_reconf_duration: 24.59
tot_sleeping_duration: 1743625.11392
tot_uptimes: 454
tot_uptimes_duration: 27247.27655999807
