comms_cons: 1.3947903999974856
finished_reconf: true
global_termination_time: 8927.667
local_termination_time: 6431.040360000001
node_cons: 195.03740000000025
tot_aggregated_send: 0
tot_msg_rcv: 118
tot_msg_sent: 93
tot_reconf_duration: 25.299999999999997
tot_sleeping_duration: 8807.667
tot_uptimes: 3
tot_uptimes_duration: 120.0
