comms_cons: 485.4173952628289
finished_reconf: true
global_termination_time: 4958340.471
local_termination_time: 3151613.7013600003
node_cons: 101959.04848334857
tot_aggregated_send: 68150
tot_msg_rcv: 1741
tot_msg_sent: 3889
tot_reconf_duration: 5.57
tot_sleeping_duration: 4882200.452760006
tot_uptimes: 1270
tot_uptimes_duration: 76140.01823999337
