comms_cons: 498.6152512938813
finished_reconf: true
global_termination_time: 4954006.233
local_termination_time: 728582.3124799998
node_cons: 101875.3270289327
tot_aggregated_send: 68556
tot_msg_rcv: 2576
tot_msg_sent: 4654
tot_reconf_duration: 3.05
tot_sleeping_duration: 4877926.184360018
tot_uptimes: 1269
tot_uptimes_duration: 76080.04863998177
