comms_cons: 304.912384005327
finished_reconf: true
global_termination_time: 3033360.515
local_termination_time: 622834.6193599999
node_cons: 62364.42450893405
tot_aggregated_send: 42166
tot_msg_rcv: 1340
tot_msg_sent: 2838
tot_reconf_duration: 15.110000000000001
tot_sleeping_duration: 2986800.4663600186
tot_uptimes: 777
tot_uptimes_duration: 46560.04863998154
