comms_cons: 305.5037568171299
finished_reconf: true
global_termination_time: 3033788.294
local_termination_time: 333715.3143600001
node_cons: 62361.06481005582
tot_aggregated_send: 41934
tot_msg_rcv: 1427
tot_msg_sent: 3074
tot_reconf_duration: 12.629999999999999
tot_sleeping_duration: 2987228.239280017
tot_uptimes: 777
tot_uptimes_duration: 46560.05471998284
