comms_cons: 306.50594561275716
finished_reconf: true
global_termination_time: 3031703.097
local_termination_time: 322889.37636
node_cons: 62369.32415229923
tot_aggregated_send: 41760
tot_msg_rcv: 1581
tot_msg_sent: 3246
tot_reconf_duration: 18.700000000000003
tot_sleeping_duration: 2985143.0301200147
tot_uptimes: 777
tot_uptimes_duration: 46560.06687998545
