comms_cons: 300.23787519748316
finished_reconf: true
global_termination_time: 3033056.963
local_termination_time: 1699671.20336
node_cons: 62354.483983349666
tot_aggregated_send: 42282
tot_msg_rcv: 1147
tot_msg_sent: 2205
tot_reconf_duration: 7.819999999999999
tot_sleeping_duration: 2986496.944760007
tot_uptimes: 777
tot_uptimes_duration: 46560.01823999314
