comms_cons: 299.4259711950952
finished_reconf: true
global_termination_time: 3032353.405
local_termination_time: 1913682.4443599998
node_cons: 62352.30304223271
tot_aggregated_send: 41992
tot_msg_rcv: 1215
tot_msg_sent: 2304
tot_reconf_duration: 6.22
tot_sleeping_duration: 2985793.3928400045
tot_uptimes: 777
tot_uptimes_duration: 46560.0121599955
