comms_cons: 101.60446719463931
finished_reconf: true
global_termination_time: 1000545.37624
local_termination_time: 175403.85036000007
node_cons: 20594.587327196292
tot_aggregated_send: 13340
tot_msg_rcv: 738
tot_msg_sent: 1367
tot_reconf_duration: 6.22
tot_sleeping_duration: 985171.1114400028
tot_uptimes: 257
tot_uptimes_duration: 15374.26479999721
