comms_cons: 103.76024959388171
finished_reconf: true
global_termination_time: 1001976.565
local_termination_time: 193524.1360000009
node_cons: 20598.510878393798
tot_aggregated_send: 13108
tot_msg_rcv: 915
tot_msg_sent: 1747
tot_reconf_duration: 15.34
tot_sleeping_duration: 986608.6194000046
tot_uptimes: 257
tot_uptimes_duration: 15367.94559999535
