comms_cons: 806.5886721773704
finished_reconf: true
global_termination_time: 8121654.861
local_termination_time: 1269586.4683599998
node_cons: 167035.4533689308
tot_aggregated_send: 112462
tot_msg_rcv: 3312
tot_msg_sent: 6819
tot_reconf_duration: 6.279999999999999
tot_sleeping_duration: 7996914.812360017
tot_uptimes: 2080
tot_uptimes_duration: 124740.04863998247
