comms_cons: 788.6902080857199
finished_reconf: true
global_termination_time: 8123719.28
local_termination_time: 4653342.200359999
node_cons: 167132.6108822275
tot_aggregated_send: 112868
tot_msg_rcv: 2458
tot_msg_sent: 4550
tot_reconf_duration: 18.700000000000003
tot_sleeping_duration: 7998919.2678400045
tot_uptimes: 2081
tot_uptimes_duration: 124800.01215999573
