comms_cons: 815.2008066092707
finished_reconf: true
global_termination_time: 8121749.212
local_termination_time: 151676.16880000028
node_cons: 167033.4896733981
tot_aggregated_send: 113042
tot_msg_rcv: 3631
tot_msg_sent: 7231
tot_reconf_duration: 4.8100000000000005
tot_sleeping_duration: 7997009.139040027
tot_uptimes: 2080
tot_uptimes_duration: 124740.07295997301
