comms_cons: 811.7289218099231
finished_reconf: true
global_termination_time: 8123748.128
local_termination_time: 694335.0241599984
node_cons: 167117.89283004735
tot_aggregated_send: 112636
tot_msg_rcv: 3715
tot_msg_sent: 7027
tot_reconf_duration: 7.819999999999999
tot_sleeping_duration: 7998948.07328002
tot_uptimes: 2081
tot_uptimes_duration: 124800.05471997987
