comms_cons: 90.61594879599464
finished_reconf: true
global_termination_time: 910507.165
local_termination_time: 338506.50836000004
node_cons: 18753.585541121443
tot_aggregated_send: 12934
tot_msg_rcv: 282
tot_msg_sent: 557
tot_reconf_duration: 25.299999999999997
tot_sleeping_duration: 896527.1589199989
tot_uptimes: 234
tot_uptimes_duration: 13980.006080001069
