comms_cons: 265.40306548976145
finished_reconf: true
global_termination_time: 910931.606
local_termination_time: 385834.8230800001
node_cons: 37205.387529722415
tot_aggregated_send: 0
tot_msg_rcv: 13511
tot_msg_sent: 26828
tot_reconf_duration: 13.17
tot_sleeping_duration: 883159.0125199981
tot_uptimes: 459
tot_uptimes_duration: 27772.593480001913
