comms_cons: 89.713971199457
finished_reconf: true
global_termination_time: 909026.029
local_termination_time: 364608.46436000004
node_cons: 18646.253940000017
tot_aggregated_send: 13050
tot_msg_rcv: 185
tot_msg_sent: 401
tot_reconf_duration: 5.43
tot_sleeping_duration: 895106.029
tot_uptimes: 233
tot_uptimes_duration: 13920.0
