comms_cons: 182.8791039224706
finished_reconf: true
global_termination_time: 923596.7452400001
local_termination_time: 2880.9153600000004
node_cons: 19004.037182717482
tot_aggregated_send: 0
tot_msg_rcv: 14112
tot_msg_sent: 13682
tot_reconf_duration: 18.21
tot_sleeping_duration: 909422.504760002
tot_uptimes: 237
tot_uptimes_duration: 14174.240479998101
