comms_cons: 92.6680319991664
finished_reconf: true
global_termination_time: 923970.977
local_termination_time: 4822.634599999999
node_cons: 18966.20162000003
tot_aggregated_send: 12876
tot_msg_rcv: 401
tot_msg_sent: 808
tot_reconf_duration: 4.390000000000001
tot_sleeping_duration: 909810.977
tot_uptimes: 237
tot_uptimes_duration: 14160.0
