comms_cons: 328.73630720241
finished_reconf: true
global_termination_time: 3301586.8519999934
local_termination_time: 807536.6005599996
node_cons: 67934.46066780777
tot_aggregated_send: 46110
tot_msg_rcv: 1296
tot_msg_sent: 2560
tot_reconf_duration: 4.8100000000000005
tot_sleeping_duration: 3250856.5094400165
tot_uptimes: 846
tot_uptimes_duration: 50730.34255997697
