comms_cons: 539.3036034162777
finished_reconf: true
global_termination_time: 3305739.844
local_termination_time: 1208880.78136
node_cons: 67983.03154446658
tot_aggregated_send: 0
tot_msg_rcv: 41197
tot_msg_sent: 40774
tot_reconf_duration: 11.31
tot_sleeping_duration: 3254979.819680009
tot_uptimes: 847
tot_uptimes_duration: 50760.024319991004
