comms_cons: 38.5756224005259
finished_reconf: true
global_termination_time: 373410.751
local_termination_time: 55167.58048000001
node_cons: 7657.710882242866
tot_aggregated_send: 4930
tot_msg_rcv: 364
tot_msg_sent: 569
tot_reconf_duration: 18.700000000000003
tot_sleeping_duration: 367710.73883999785
tot_uptimes: 96
tot_uptimes_duration: 5700.0121600021375
