comms_cons: 184.6326079905611
finished_reconf: true
global_termination_time: 1852468.578
local_termination_time: 704011.4649599997
node_cons: 38098.31153999983
tot_aggregated_send: 26506
tot_msg_rcv: 582
tot_msg_sent: 975
tot_reconf_duration: 12.629999999999999
tot_sleeping_duration: 1824028.578
tot_uptimes: 475
tot_uptimes_duration: 28440.0
