comms_cons: 125.77969278888011
finished_reconf: true
global_termination_time: 1224980.82
local_termination_time: 215624.10604000077
node_cons: 25167.308707840853
tot_aggregated_send: 16124
tot_msg_rcv: 1021
tot_msg_sent: 1971
tot_reconf_duration: 15.34
tot_sleeping_duration: 1206200.7774399994
tot_uptimes: 314
tot_uptimes_duration: 18780.042560000613
