comms_cons: 124.9455871917626
finished_reconf: true
global_termination_time: 1225284.573
local_termination_time: 195874.21548000054
node_cons: 25153.394646719396
tot_aggregated_send: 16066
tot_msg_rcv: 1092
tot_msg_sent: 1833
tot_reconf_duration: 5.1
tot_sleeping_duration: 1206504.5365200005
tot_uptimes: 314
tot_uptimes_duration: 18780.036479999515
