comms_cons: 124.2550527846223
finished_reconf: true
global_termination_time: 1222545.523
local_termination_time: 256921.21288000088
node_cons: 25150.659627831647
tot_aggregated_send: 15950
tot_msg_rcv: 1011
tot_msg_sent: 1926
tot_reconf_duration: 3.08
tot_sleeping_duration: 1203765.4804400064
tot_uptimes: 314
tot_uptimes_duration: 18780.042559993744
