comms_cons: 124.89483519416329
finished_reconf: true
global_termination_time: 1221641.245
local_termination_time: 351692.01456000016
node_cons: 25091.49902335967
tot_aggregated_send: 16472
tot_msg_rcv: 1038
tot_msg_sent: 1474
tot_reconf_duration: 18.700000000000003
tot_sleeping_duration: 1202921.2267600005
tot_uptimes: 313
tot_uptimes_duration: 18720.018239999772
