comms_cons: 27.764224002249502
finished_reconf: true
global_termination_time: 268055.81020000065
local_termination_time: 268055.76908000064
node_cons: 5579.331773281565
tot_aggregated_send: 0
tot_msg_rcv: 268
tot_msg_sent: 3951
tot_reconf_duration: 39.92
tot_sleeping_duration: 263929.5066799995
tot_uptimes: 69
tot_uptimes_duration: 4126.303520001151
