comms_cons: 32.47630719992045
finished_reconf: true
global_termination_time: 9997.757240000003
local_termination_time: 3144.869720000002
node_cons: 4092.573744600016
tot_aggregated_send: 0
tot_msg_rcv: 2571
tot_msg_sent: 2364
tot_reconf_duration: 5.57
tot_sleeping_duration: 6946.965839999991
tot_uptimes: 40
tot_uptimes_duration: 3050.791400000012
