comms_cons: 1.8598975999967566
finished_reconf: true
global_termination_time: 14084.761
local_termination_time: 6526.95536
node_cons: 246.98161999999923
tot_aggregated_send: 0
tot_msg_rcv: 166
tot_msg_sent: 116
tot_reconf_duration: 4.390000000000001
tot_sleeping_duration: 13904.761
tot_uptimes: 4
tot_uptimes_duration: 180.0
