comms_cons: 59.1476352060123
finished_reconf: true
global_termination_time: 341574.662
local_termination_time: 120214.39635999997
node_cons: 7020.34684112145
tot_aggregated_send: 0
tot_msg_rcv: 4522
tot_msg_sent: 4469
tot_reconf_duration: 22.65
tot_sleeping_duration: 336354.65591999894
tot_uptimes: 88
tot_uptimes_duration: 5220.006080001069
