comms_cons: 60.600563206023615
finished_reconf: true
global_termination_time: 336597.3502400003
local_termination_time: 115039.83747999996
node_cons: 6953.178659360379
tot_aggregated_send: 0
tot_msg_rcv: 4680
tot_msg_sent: 4530
tot_reconf_duration: 4.390000000000001
tot_sleeping_duration: 331408.988
tot_uptimes: 87
tot_uptimes_duration: 5188.362240000279
