comms_cons: 34.02887680008608
finished_reconf: true
global_termination_time: 336597.18760000006
local_termination_time: 336597.14648000005
node_cons: 6961.071142883574
tot_aggregated_send: 4510
tot_msg_rcv: 180
tot_msg_sent: 479
tot_reconf_duration: 24.59
tot_sleeping_duration: 331423.4176799974
tot_uptimes: 87
tot_uptimes_duration: 5173.7699200026545
