comms_cons: 389.5190336698172
finished_reconf: true
global_termination_time: 3871001.6182399937
local_termination_time: 36099.876600000105
node_cons: 79681.0800205237
tot_aggregated_send: 53766
tot_msg_rcv: 1866
tot_msg_sent: 3570
tot_reconf_duration: 18.21
tot_sleeping_duration: 3811512.1852000193
tot_uptimes: 992
tot_uptimes_duration: 59489.43303997436
