comms_cons: 37.23169280021359
finished_reconf: true
global_termination_time: 379547.396
local_termination_time: 140233.93692000076
node_cons: 7838.58767800249
tot_aggregated_send: 5510
tot_msg_rcv: 49
tot_msg_sent: 100
tot_reconf_duration: 25.299999999999997
tot_sleeping_duration: 373718.9939999982
tot_uptimes: 98
tot_uptimes_duration: 5828.402000001835
