comms_cons: 2.1889279999912703
finished_reconf: true
global_termination_time: 14112.24048
local_termination_time: 14112.19936
node_cons: 292.76351872000185
tot_aggregated_send: 0
tot_msg_rcv: 163
tot_msg_sent: 168
tot_reconf_duration: 24.59
tot_sleeping_duration: 13918.535999999998
tot_uptimes: 4
tot_uptimes_duration: 193.70448000000033
