comms_cons: 165.65387519186157
finished_reconf: true
global_termination_time: 1668455.45
local_termination_time: 592203.8213599998
node_cons: 34329.941744467265
tot_aggregated_send: 23026
tot_msg_rcv: 616
tot_msg_sent: 1536
tot_reconf_duration: 18.21
tot_sleeping_duration: 1642835.4256800094
tot_uptimes: 428
tot_uptimes_duration: 25620.024319990538
