comms_cons: 169.48785918767317
finished_reconf: true
global_termination_time: 1664890.1541200003
local_termination_time: 6382.1784800000005
node_cons: 34267.99041638585
tot_aggregated_send: 22272
tot_msg_rcv: 1146
tot_msg_sent: 2346
tot_reconf_duration: 4.8100000000000005
tot_sleeping_duration: 1639302.8065200108
tot_uptimes: 427
tot_uptimes_duration: 25587.347599989444
