comms_cons: 166.00700159467328
finished_reconf: true
global_termination_time: 1666923.867
local_termination_time: 157572.06464000038
node_cons: 34235.45955999996
tot_aggregated_send: 23780
tot_msg_rcv: 531
tot_msg_sent: 921
tot_reconf_duration: 7.819999999999999
tot_sleeping_duration: 1641363.867
tot_uptimes: 427
tot_uptimes_duration: 25560.0
