comms_cons: 327.91224294800446
finished_reconf: true
global_termination_time: 1664890.7075999998
local_termination_time: 3416.7656
node_cons: 34253.874474154945
tot_aggregated_send: 0
tot_msg_rcv: 25121
tot_msg_sent: 24718
tot_reconf_duration: 6.22
tot_sleeping_duration: 1639315.3321600037
tot_uptimes: 427
tot_uptimes_duration: 25575.375439996234
