comms_cons: 188.98814719165435
finished_reconf: true
global_termination_time: 1899126.45124
local_termination_time: 188390.44136000006
node_cons: 39082.217286065425
tot_aggregated_send: 26912
tot_msg_rcv: 594
tot_msg_sent: 1218
tot_reconf_duration: 13.17
tot_sleeping_duration: 1869952.1925200108
tot_uptimes: 487
tot_uptimes_duration: 29174.258719989273
