comms_cons: 720.2870330775688
finished_reconf: true
global_termination_time: 1899582.94
local_termination_time: 1201134.3624399984
node_cons: 115107.42971374418
tot_aggregated_send: 0
tot_msg_rcv: 44251
tot_msg_sent: 65229
tot_reconf_duration: 6.22
tot_sleeping_duration: 1813624.0281600093
tot_uptimes: 1409
tot_uptimes_duration: 85958.9118399907
