comms_cons: 294.3072701895733
finished_reconf: true
global_termination_time: 1899582.94
local_termination_time: 1202894.79436
node_cons: 39060.59897999986
tot_aggregated_send: 0
tot_msg_rcv: 22638
tot_msg_sent: 22096
tot_reconf_duration: 11.31
tot_sleeping_duration: 1870422.94
tot_uptimes: 487
tot_uptimes_duration: 29160.0
