comms_cons: 11.382643199992323
finished_reconf: true
global_termination_time: 91608.37
local_termination_time: 61653.31388000009
node_cons: 1882.1936822394462
tot_aggregated_send: 870
tot_msg_rcv: 459
tot_msg_sent: 402
tot_reconf_duration: 25.299999999999997
tot_sleeping_duration: 90228.3578400004
tot_uptimes: 24
tot_uptimes_duration: 1380.0121599995837
