comms_cons: 2.6579967999933274
finished_reconf: true
global_termination_time: 19097.576
local_termination_time: 5772.098360000001
node_cons: 329.89638112000716
tot_aggregated_send: 0
tot_msg_rcv: 232
tot_msg_sent: 172
tot_reconf_duration: 6.279999999999999
tot_sleeping_duration: 18857.569919999994
tot_uptimes: 5
tot_uptimes_duration: 240.00608000000466
