comms_cons: 2.5066751999917165
finished_reconf: true
global_termination_time: 13862.884
local_termination_time: 6187.045360000001
node_cons: 251.64770112000707
tot_aggregated_send: 0
tot_msg_rcv: 213
tot_msg_sent: 168
tot_reconf_duration: 7.819999999999999
tot_sleeping_duration: 13682.877919999995
tot_uptimes: 4
tot_uptimes_duration: 180.00608000000466
