comms_cons: 330.4444541444381
finished_reconf: true
global_termination_time: 2438496.73
local_termination_time: 432824.15996000014
node_cons: 50138.73268558805
tot_aggregated_send: 0
tot_msg_rcv: 25336
tot_msg_sent: 24889
tot_reconf_duration: 4.8100000000000005
tot_sleeping_duration: 2401056.6996000083
tot_uptimes: 625
tot_uptimes_duration: 37440.03039999161
