comms_cons: 594.2835456993978
finished_reconf: true
global_termination_time: 5988554.665
local_termination_time: 490730.3047600005
node_cons: 123165.40260558098
tot_aggregated_send: 82534
tot_msg_rcv: 2641
tot_msg_sent: 5150
tot_reconf_duration: 3.05
tot_sleeping_duration: 5896574.634600012
tot_uptimes: 1534
tot_uptimes_duration: 91980.03039998864
