comms_cons: 2376.6419764195384
finished_reconf: true
global_termination_time: 5989341.7
local_termination_time: 1592273.9905999997
node_cons: 362599.5806935719
tot_aggregated_send: 0
tot_msg_rcv: 146167
tot_msg_sent: 215069
tot_reconf_duration: 6.22
tot_sleeping_duration: 5718549.217600036
tot_uptimes: 4429
tot_uptimes_duration: 270792.4823999632
