comms_cons: 525.2730945306821
finished_reconf: true
global_termination_time: 5275014.86
local_termination_time: 443356.99036000005
node_cons: 108465.59710893298
tot_aggregated_send: 72268
tot_msg_rcv: 2400
tot_msg_sent: 5171
tot_reconf_duration: 4.8100000000000005
tot_sleeping_duration: 5194014.811360018
tot_uptimes: 1351
tot_uptimes_duration: 81000.04863998224
