comms_cons: 525.6689409024075
finished_reconf: true
global_termination_time: 5271426.515
local_termination_time: 612251.5913599998
node_cons: 108384.686748933
tot_aggregated_send: 72964
tot_msg_rcv: 2458
tot_msg_sent: 4477
tot_reconf_duration: 4.390000000000001
tot_sleeping_duration: 5190486.466360017
tot_uptimes: 1350
tot_uptimes_duration: 80940.04863998224
