comms_cons: 846.1083202113833
finished_reconf: true
global_termination_time: 8589790.706
local_termination_time: 2792918.81836
node_cons: 176685.59370669627
tot_aggregated_send: 118668
tot_msg_rcv: 3503
tot_msg_sent: 6431
tot_reconf_duration: 13.17
tot_sleeping_duration: 8457850.669520013
tot_uptimes: 2200
tot_uptimes_duration: 131940.03647998697
