comms_cons: 841.8468417567441
finished_reconf: true
global_termination_time: 8589773.795
local_termination_time: 4440993.682359999
node_cons: 176688.20380334413
tot_aggregated_send: 118900
tot_msg_rcv: 3129
tot_msg_sent: 5925
tot_reconf_duration: 15.110000000000001
tot_sleeping_duration: 8457833.776760006
tot_uptimes: 2200
tot_uptimes_duration: 131940.01823999337
