comms_cons: 832.9004033079169
finished_reconf: true
global_termination_time: 8589315.891
local_termination_time: 4803465.94836
node_cons: 176682.54638222835
tot_aggregated_send: 119712
tot_msg_rcv: 2348
tot_msg_sent: 4536
tot_reconf_duration: 10.95
tot_sleeping_duration: 8457375.878840005
tot_uptimes: 2200
tot_uptimes_duration: 131940.01215999573
