comms_cons: 856.6483970352556
finished_reconf: true
global_termination_time: 8589544.07
local_termination_time: 2324685.796279999
node_cons: 176676.15560669632
tot_aggregated_send: 118842
tot_msg_rcv: 3688
tot_msg_sent: 7675
tot_reconf_duration: 6.22
tot_sleeping_duration: 8457604.033520013
tot_uptimes: 2200
tot_uptimes_duration: 131940.0364799872
