comms_cons: 359.9240765134369
finished_reconf: true
global_termination_time: 2119301.421
local_termination_time: 396557.9656000001
node_cons: 43575.087546709816
tot_aggregated_send: 0
tot_msg_rcv: 27676
tot_msg_sent: 27030
tot_reconf_duration: 22.65
tot_sleeping_duration: 2086781.3845200075
tot_uptimes: 543
tot_uptimes_duration: 32520.036479992676
