comms_cons: 211.51595517750064
finished_reconf: true
global_termination_time: 2116136.537
local_termination_time: 1284955.52436
node_cons: 43471.54476558386
tot_aggregated_send: 28768
tot_msg_rcv: 1141
tot_msg_sent: 2242
tot_reconf_duration: 5.57
tot_sleeping_duration: 2083676.5066000118
tot_uptimes: 542
tot_uptimes_duration: 32460.030399988187
