comms_cons: 210.25274879336783
finished_reconf: true
global_termination_time: 2116156.908
local_termination_time: 901609.263
node_cons: 43485.360462716766
tot_aggregated_send: 30211
tot_msg_rcv: 593
tot_msg_sent: 1154
tot_reconf_duration: 13.17
tot_sleeping_duration: 2083694.2675200019
tot_uptimes: 542
tot_uptimes_duration: 32462.640479997848
