comms_cons: 210.17157119026757
finished_reconf: true
global_termination_time: 2115012.41448
local_termination_time: 2115012.3733599996
node_cons: 43533.12564319446
tot_aggregated_send: 30192
tot_msg_rcv: 581
tot_msg_sent: 1170
tot_reconf_duration: 37.410000000000004
tot_sleeping_duration: 2082538.6856800034
tot_uptimes: 542
tot_uptimes_duration: 32473.728799996396
