comms_cons: 208.5935359976726
finished_reconf: true
global_termination_time: 2119981.094
local_termination_time: 1105995.6943599998
node_cons: 43557.07235999948
tot_aggregated_send: 30914
tot_msg_rcv: 277
tot_msg_sent: 514
tot_reconf_duration: 9.42
tot_sleeping_duration: 2087461.094
tot_uptimes: 543
tot_uptimes_duration: 32520.0
