comms_cons: 210.56071679257207
finished_reconf: true
global_termination_time: 2118011.504
local_termination_time: 826206.6110799985
node_cons: 43569.67459999952
tot_aggregated_send: 30218
tot_msg_rcv: 615
tot_msg_sent: 1171
tot_reconf_duration: 18.700000000000003
tot_sleeping_duration: 2085491.5040000002
tot_uptimes: 543
tot_uptimes_duration: 32520.0
