comms_cons: 125.49823999685059
finished_reconf: true
global_termination_time: 1267520.23348
local_termination_time: 1267520.19236
node_cons: 26081.927942074857
tot_aggregated_send: 18082
tot_msg_rcv: 284
tot_msg_sent: 708
tot_reconf_duration: 24.59
tot_sleeping_duration: 1248066.510760004
tot_uptimes: 325
tot_uptimes_duration: 19453.72271999612
