comms_cons: 125.96536319492922
finished_reconf: true
global_termination_time: 1268676.82
local_termination_time: 375237.10536000005
node_cons: 26045.543403350533
tot_aggregated_send: 18038
tot_msg_rcv: 359
tot_msg_sent: 749
tot_reconf_duration: 11.31
tot_sleeping_duration: 1249236.8017600072
tot_uptimes: 325
tot_uptimes_duration: 19440.018239992904
