comms_cons: 179.95427838881395
finished_reconf: true
global_termination_time: 1803053.939
local_termination_time: 316619.1783600001
node_cons: 37043.30454447639
tot_aggregated_send: 24998
tot_msg_rcv: 775
tot_msg_sent: 1578
tot_reconf_duration: 4.8100000000000005
tot_sleeping_duration: 1775393.9146800025
tot_uptimes: 462
tot_uptimes_duration: 27660.024319997407
