comms_cons: 304.43733761440996
finished_reconf: true
global_termination_time: 3024439.631
local_termination_time: 16390.29892
node_cons: 62193.84468893377
tot_aggregated_send: 42282
tot_msg_rcv: 1377
tot_msg_sent: 2613
tot_reconf_duration: 7.819999999999999
tot_sleeping_duration: 2977999.582360019
tot_uptimes: 775
tot_uptimes_duration: 46440.04863998132
