comms_cons: 111.0602496070966
finished_reconf: true
global_termination_time: 568364.793
local_termination_time: 420426.3723600009
node_cons: 11657.836381121406
tot_aggregated_send: 0
tot_msg_rcv: 8640
tot_msg_sent: 8242
tot_reconf_duration: 6.279999999999999
tot_sleeping_duration: 559664.7869199989
tot_uptimes: 146
tot_uptimes_duration: 8700.006080001069
