comms_cons: 58.59162880016837
finished_reconf: true
global_termination_time: 566709.51
local_termination_time: 451722.15436000004
node_cons: 11656.233941121416
tot_aggregated_send: 7250
tot_msg_rcv: 613
tot_msg_sent: 1042
tot_reconf_duration: 5.1
tot_sleeping_duration: 558009.5039199989
tot_uptimes: 146
tot_uptimes_duration: 8700.006080001069
