comms_cons: 2.269823999995062
finished_reconf: true
global_termination_time: 15280.128
local_termination_time: 5232.81936
node_cons: 248.3939400000004
tot_aggregated_send: 0
tot_msg_rcv: 175
tot_msg_sent: 169
tot_reconf_duration: 5.43
tot_sleeping_duration: 15100.128
tot_uptimes: 4
tot_uptimes_duration: 180.0
