comms_cons: 21.2771328000462
finished_reconf: true
global_termination_time: 215962.35036000013
local_termination_time: 9965.395359999999
node_cons: 4439.235759040187
tot_aggregated_send: 3016
tot_msg_rcv: 42
tot_msg_sent: 175
tot_reconf_duration: 3.05
tot_sleeping_duration: 212650.107
tot_uptimes: 56
tot_uptimes_duration: 3312.243360000138
