comms_cons: 385.55178246423793
finished_reconf: true
global_termination_time: 3855398.709
local_termination_time: 1204046.22336
node_cons: 79302.16082670433
tot_aggregated_send: 54172
tot_msg_rcv: 1353
tot_msg_sent: 3076
tot_reconf_duration: 4.8100000000000005
tot_sleeping_duration: 3796178.6725200103
tot_uptimes: 988
tot_uptimes_duration: 59220.03647998971
