comms_cons: 134.20794237045232
finished_reconf: true
global_termination_time: 1088598.27924
local_termination_time: 170629.95748000007
node_cons: 22378.683854435058
tot_aggregated_send: 7598
tot_msg_rcv: 5423
tot_msg_sent: 7387
tot_reconf_duration: 18.21
tot_sleeping_duration: 1071903.7649200337
tot_uptimes: 279
tot_uptimes_duration: 16694.514319966438
