comms_cons: 106.37250560018009
finished_reconf: true
global_termination_time: 1090346.849
local_termination_time: 511725.5792000006
node_cons: 22452.01483880086
tot_aggregated_send: 15776
tot_msg_rcv: 147
tot_msg_sent: 245
tot_reconf_duration: 25.299999999999997
tot_sleeping_duration: 1073604.7597999994
tot_uptimes: 280
tot_uptimes_duration: 16742.089200000628
