comms_cons: 107.72907519949916
finished_reconf: true
global_termination_time: 1090230.727
local_termination_time: 178680.19956000024
node_cons: 22425.84622000003
tot_aggregated_send: 15544
tot_msg_rcv: 282
tot_msg_sent: 548
tot_reconf_duration: 8.09
tot_sleeping_duration: 1073490.727
tot_uptimes: 280
tot_uptimes_duration: 16740.0
