comms_cons: 107.09447680014621
finished_reconf: true
global_termination_time: 1089039.887
local_termination_time: 219230.389
node_cons: 22358.402103842804
tot_aggregated_send: 15544
tot_msg_rcv: 273
tot_msg_sent: 460
tot_reconf_duration: 12.629999999999999
tot_sleeping_duration: 1072354.8604399979
tot_uptimes: 279
tot_uptimes_duration: 16685.026560002065
