comms_cons: 11.396428799844308
finished_reconf: true
global_termination_time: 98351.59247999996
local_termination_time: 98351.55135999997
node_cons: 2060.259800958237
tot_aggregated_send: 1088
tot_msg_rcv: 273
tot_msg_sent: 370
tot_reconf_duration: 24.59
tot_sleeping_duration: 96837.87584000127
tot_uptimes: 26
tot_uptimes_duration: 1513.716639998689
