comms_cons: 76.20812799889323
finished_reconf: true
global_termination_time: 755125.60224
local_termination_time: 68178.25835999996
node_cons: 15533.23252496258
tot_aggregated_send: 10034
tot_msg_rcv: 556
tot_msg_sent: 993
tot_reconf_duration: 6.279999999999999
tot_sleeping_duration: 743531.3495999981
tot_uptimes: 194
tot_uptimes_duration: 11594.252640001912
