comms_cons: 143.66403836779116
finished_reconf: true
global_termination_time: 756885.234
local_termination_time: 410172.0676000001
node_cons: 15509.794464485807
tot_aggregated_send: 0
tot_msg_rcv: 11040
tot_msg_sent: 10797
tot_reconf_duration: 3.05
tot_sleeping_duration: 745305.2096799958
tot_uptimes: 194
tot_uptimes_duration: 11580.024320004275
