comms_cons: 77.40428799832952
finished_reconf: true
global_termination_time: 755767.664
local_termination_time: 360201.7483600001
node_cons: 15516.280265607185
tot_aggregated_send: 9976
tot_msg_rcv: 643
tot_msg_sent: 1146
tot_reconf_duration: 7.819999999999999
tot_sleeping_duration: 744187.6335999946
tot_uptimes: 194
tot_uptimes_duration: 11580.030400005344
