comms_cons: 75.93054719798171
finished_reconf: true
global_termination_time: 756185.671
local_termination_time: 129384.34147999997
node_cons: 15521.019685595717
tot_aggregated_send: 9976
tot_msg_rcv: 519
tot_msg_sent: 1046
tot_reconf_duration: 11.31
tot_sleeping_duration: 744605.6406000032
tot_uptimes: 194
tot_uptimes_duration: 11580.030399996773
