comms_cons: 67.87823359916015
finished_reconf: true
global_termination_time: 682244.4675999997
local_termination_time: 682244.4264799998
node_cons: 14026.411980638017
tot_aggregated_send: 9443
tot_msg_rcv: 222
tot_msg_sent: 651
tot_reconf_duration: 21.23
tot_sleeping_duration: 671790.7098400013
tot_uptimes: 175
tot_uptimes_duration: 10453.757759998494
