comms_cons: 68.25646079929481
finished_reconf: true
global_termination_time: 684597.817
local_termination_time: 571715.9507999994
node_cons: 14090.266841116885
tot_aggregated_send: 9628
tot_msg_rcv: 244
tot_msg_sent: 502
tot_reconf_duration: 22.65
tot_sleeping_duration: 674097.8109200024
tot_uptimes: 176
tot_uptimes_duration: 10500.006079997635
