comms_cons: 68.19998719943604
finished_reconf: true
global_termination_time: 682934.062
local_termination_time: 527845.01536
node_cons: 13985.691980000096
tot_aggregated_send: 9512
tot_msg_rcv: 276
tot_msg_sent: 578
tot_reconf_duration: 4.8100000000000005
tot_sleeping_duration: 672494.062
tot_uptimes: 175
tot_uptimes_duration: 10440.0
