comms_cons: 70.1552895986676
finished_reconf: true
global_termination_time: 682462.836
local_termination_time: 35934.810480000204
node_cons: 13983.3426055957
tot_aggregated_send: 8990
tot_msg_rcv: 566
tot_msg_sent: 1108
tot_reconf_duration: 3.05
tot_sleeping_duration: 672022.8056000032
tot_uptimes: 175
tot_uptimes_duration: 10440.030399996773
