comms_cons: 143.08970239519033
finished_reconf: true
global_termination_time: 1441650.048
local_termination_time: 548907.8923599998
node_cons: 29670.197321121428
tot_aggregated_send: 20474
tot_msg_rcv: 412
tot_msg_sent: 863
tot_reconf_duration: 18.21
tot_sleeping_duration: 1419510.0419199988
tot_uptimes: 370
tot_uptimes_duration: 22140.00608000107
