comms_cons: 142.4291519913637
finished_reconf: true
global_termination_time: 1439675.29
local_termination_time: 255357.91112000094
node_cons: 29571.684544467375
tot_aggregated_send: 19952
tot_msg_rcv: 460
tot_msg_sent: 1237
tot_reconf_duration: 4.8100000000000005
tot_sleeping_duration: 1417595.2656800095
tot_uptimes: 369
tot_uptimes_duration: 22080.024319990538
