comms_cons: 143.80815359377715
finished_reconf: true
global_termination_time: 1439601.191
local_termination_time: 929503.9253599999
node_cons: 29569.261900000107
tot_aggregated_send: 20300
tot_msg_rcv: 516
tot_msg_sent: 1042
tot_reconf_duration: 3.05
tot_sleeping_duration: 1417521.191
tot_uptimes: 369
tot_uptimes_duration: 22080.0
