comms_cons: 144.96344319057746
finished_reconf: true
global_termination_time: 1438987.24024
local_termination_time: 139505.68448000052
node_cons: 29593.987152719797
tot_aggregated_send: 19894
tot_msg_rcv: 707
tot_msg_sent: 1432
tot_reconf_duration: 6.22
tot_sleeping_duration: 1416891.98976
tot_uptimes: 369
tot_uptimes_duration: 22095.250479999813
