comms_cons: 71.58232319923411
finished_reconf: true
global_termination_time: 721345.159
local_termination_time: 120437.80927999978
node_cons: 14816.925541121436
tot_aggregated_send: 10034
tot_msg_rcv: 231
tot_msg_sent: 615
tot_reconf_duration: 25.299999999999997
tot_sleeping_duration: 710305.152919999
tot_uptimes: 185
tot_uptimes_duration: 11040.006080001069
