comms_cons: 73.5094015995825
finished_reconf: true
global_termination_time: 724272.371
local_termination_time: 312688.57236000005
node_cons: 14871.363042242845
tot_aggregated_send: 9918
tot_msg_rcv: 444
tot_msg_sent: 811
tot_reconf_duration: 6.22
tot_sleeping_duration: 713172.3588399979
tot_uptimes: 186
tot_uptimes_duration: 11100.012160002138
