comms_cons: 619.4780289263612
finished_reconf: true
global_termination_time: 6216390.536
local_termination_time: 1642962.56536
node_cons: 127829.50080446427
tot_aggregated_send: 86188
tot_msg_rcv: 2742
tot_msg_sent: 5224
tot_reconf_duration: 6.279999999999999
tot_sleeping_duration: 6120930.511680009
tot_uptimes: 1592
tot_uptimes_duration: 95460.02431999127
