comms_cons: 617.431596937803
finished_reconf: true
global_termination_time: 6217606.459
local_termination_time: 2480684.3433600003
node_cons: 127908.86848334745
tot_aggregated_send: 86014
tot_msg_rcv: 2668
tot_msg_sent: 5163
tot_reconf_duration: 5.57
tot_sleeping_duration: 6122086.440760006
tot_uptimes: 1593
tot_uptimes_duration: 95520.01823999337
