comms_cons: 613.6952449438616
finished_reconf: true
global_termination_time: 6215841.483
local_termination_time: 2521403.235359999
node_cons: 127827.8902233475
tot_aggregated_send: 86072
tot_msg_rcv: 2331
tot_msg_sent: 4876
tot_reconf_duration: 5.1
tot_sleeping_duration: 6120381.464760006
tot_uptimes: 1592
tot_uptimes_duration: 95460.0182399936
