comms_cons: 40.13969920043149
finished_reconf: true
global_termination_time: 405142.616
local_termination_time: 391172.63548000006
node_cons: 8292.91300112142
tot_aggregated_send: 5800
tot_msg_rcv: 138
tot_msg_sent: 163
tot_reconf_duration: 13.17
tot_sleeping_duration: 398962.6099199989
tot_uptimes: 104
tot_uptimes_duration: 6180.006080001069
