comms_cons: 267.602380793329
finished_reconf: true
global_termination_time: 2704976.672
local_termination_time: 1083846.6970799996
node_cons: 55629.63739999913
tot_aggregated_send: 39266
tot_msg_rcv: 562
tot_msg_sent: 846
tot_reconf_duration: 25.299999999999997
tot_sleeping_duration: 2663456.672
tot_uptimes: 693
tot_uptimes_duration: 41520.0
