comms_cons: 269.20160000399255
finished_reconf: true
global_termination_time: 2705063.739
local_termination_time: 1747188.94236
node_cons: 55611.44834111609
tot_aggregated_send: 38744
tot_msg_rcv: 791
tot_msg_sent: 1381
tot_reconf_duration: 11.899999999999999
tot_sleeping_duration: 2663543.732920002
tot_uptimes: 693
tot_uptimes_duration: 41520.006079997635
