comms_cons: 273.1304191922994
finished_reconf: true
global_termination_time: 2708788.461
local_termination_time: 560328.9455599994
node_cons: 55681.6874545179
tot_aggregated_send: 36366
tot_msg_rcv: 1535
tot_msg_sent: 3613
tot_reconf_duration: 4.390000000000001
tot_sleeping_duration: 2667208.381960031
tot_uptimes: 694
tot_uptimes_duration: 41580.07903996925
