comms_cons: 274.9911039987304
finished_reconf: true
global_termination_time: 2705432.892
local_termination_time: 1109212.2967999983
node_cons: 55599.48702893378
tot_aggregated_send: 36134
tot_msg_rcv: 1993
tot_msg_sent: 3670
tot_reconf_duration: 3.05
tot_sleeping_duration: 2663912.8433600185
tot_uptimes: 693
tot_uptimes_duration: 41520.04863998131
