comms_cons: 275.32611840559747
finished_reconf: true
global_termination_time: 2708955.187
local_termination_time: 616640.0622799994
node_cons: 55684.140030051305
tot_aggregated_send: 36946
tot_msg_rcv: 1644
tot_msg_sent: 3257
tot_reconf_duration: 6.22
tot_sleeping_duration: 2667375.132280021
tot_uptimes: 694
tot_uptimes_duration: 41580.054719979176
