comms_cons: 277.16756483265607
finished_reconf: true
global_termination_time: 2709415.239
local_termination_time: 1162702.5812799993
node_cons: 55696.50056670079
tot_aggregated_send: 35844
tot_msg_rcv: 2113
tot_msg_sent: 4171
tot_reconf_duration: 15.34
tot_sleeping_duration: 2667835.202520014
tot_uptimes: 694
tot_uptimes_duration: 41580.03647998627
