comms_cons: 92.46407679402208
finished_reconf: true
global_termination_time: 922700.893
local_termination_time: 48837.52932000004
node_cons: 18984.977321116858
tot_aggregated_send: 12934
tot_msg_rcv: 379
tot_msg_sent: 741
tot_reconf_duration: 18.21
tot_sleeping_duration: 908540.8869200024
tot_uptimes: 237
tot_uptimes_duration: 14160.006079997635
