comms_cons: 180.53982712220875
finished_reconf: true
global_termination_time: 922413.165
local_termination_time: 655145.36336
node_cons: 18966.771980000103
tot_aggregated_send: 0
tot_msg_rcv: 13757
tot_msg_sent: 13684
tot_reconf_duration: 4.8100000000000005
tot_sleeping_duration: 908253.165
tot_uptimes: 237
tot_uptimes_duration: 14160.0
