comms_cons: 175.86836479443213
finished_reconf: true
global_termination_time: 602779.2265599995
local_termination_time: 602779.1854399996
node_cons: 24687.908217839366
tot_aggregated_send: 0
tot_msg_rcv: 8951
tot_msg_sent: 17780
tot_reconf_duration: 24.59
tot_sleeping_duration: 584366.594
tot_uptimes: 304
tot_uptimes_duration: 18412.63255999949
