comms_cons: 59.45623039842554
finished_reconf: true
global_termination_time: 603957.914
local_termination_time: 289391.4134800001
node_cons: 12382.979560000029
tot_aggregated_send: 8758
tot_msg_rcv: 112
tot_msg_sent: 167
tot_reconf_duration: 7.819999999999999
tot_sleeping_duration: 594717.914
tot_uptimes: 155
tot_uptimes_duration: 9240.0
