comms_cons: 207.5474431907146
finished_reconf: true
global_termination_time: 2084170.932
local_termination_time: 1089123.57136
node_cons: 42855.577399999675
tot_aggregated_send: 29870
tot_msg_rcv: 656
tot_msg_sent: 1020
tot_reconf_duration: 25.299999999999997
tot_sleeping_duration: 2052190.932
tot_uptimes: 534
tot_uptimes_duration: 31980.0
