comms_cons: 207.89945598034797
finished_reconf: true
global_termination_time: 2082661.10724
local_termination_time: 25956.084
node_cons: 42901.490635176204
tot_aggregated_send: 28302
tot_msg_rcv: 988
tot_msg_sent: 2308
tot_reconf_duration: 22.65
tot_sleeping_duration: 2050644.1304400177
tot_uptimes: 534
tot_uptimes_duration: 32016.976799982513
