comms_cons: 208.2156799854043
finished_reconf: true
global_termination_time: 2084050.682
local_termination_time: 910920.9803599999
node_cons: 42838.37153999962
tot_aggregated_send: 29464
tot_msg_rcv: 744
tot_msg_sent: 1439
tot_reconf_duration: 12.629999999999999
tot_sleeping_duration: 2052070.682
tot_uptimes: 534
tot_uptimes_duration: 31980.0
