comms_cons: 12.818355199713302
finished_reconf: true
global_termination_time: 125638.385
local_termination_time: 3214.27912
node_cons: 2585.813544358614
tot_aggregated_send: 812
tot_msg_rcv: 453
tot_msg_sent: 683
tot_reconf_duration: 10.96
tot_sleeping_duration: 123718.34776000102
tot_uptimes: 33
tot_uptimes_duration: 1920.0372399989647
