comms_cons: 13.411750400134679
finished_reconf: true
global_termination_time: 125703.809
local_termination_time: 860.32724
node_cons: 2596.709125599751
tot_aggregated_send: 696
tot_msg_rcv: 598
tot_msg_sent: 747
tot_reconf_duration: 18.990000000000002
tot_sleeping_duration: 123783.77860000018
tot_uptimes: 33
tot_uptimes_duration: 1920.030399999814
