comms_cons: 12.11175039998206
finished_reconf: true
global_termination_time: 128049.582
local_termination_time: 3228.20124
node_cons: 2587.537186716905
tot_aggregated_send: 638
tot_msg_rcv: 450
tot_msg_sent: 754
tot_reconf_duration: 12.23
tot_sleeping_duration: 126129.5455200023
tot_uptimes: 33
tot_uptimes_duration: 1920.0364799976887
