comms_cons: 356.7861693138924
finished_reconf: true
global_termination_time: 2175384.194
local_termination_time: 1124156.8800000001
node_cons: 44795.75326101762
tot_aggregated_send: 0
tot_msg_rcv: 27541
tot_msg_sent: 26690
tot_reconf_duration: 22.65
tot_sleeping_duration: 2141952.5326400166
tot_uptimes: 558
tot_uptimes_duration: 33431.66135998373
