comms_cons: 216.73051519708258
finished_reconf: true
global_termination_time: 2176112.467
local_termination_time: 1447991.2915999996
node_cons: 44769.899379999355
tot_aggregated_send: 31146
tot_msg_rcv: 648
tot_msg_sent: 1147
tot_reconf_duration: 15.110000000000001
tot_sleeping_duration: 2142692.467
tot_uptimes: 558
tot_uptimes_duration: 33420.0
