comms_cons: 223.86962558268644
finished_reconf: true
global_termination_time: 2173291.348
local_termination_time: 1308538.702
node_cons: 44691.76388766115
tot_aggregated_send: 28987
tot_msg_rcv: 1782
tot_msg_sent: 3257
tot_reconf_duration: 15.34
tot_sleeping_duration: 2139929.934880014
tot_uptimes: 557
tot_uptimes_duration: 33361.41311998619
