comms_cons: 43.36905600066243
finished_reconf: true
global_termination_time: 431607.844
local_termination_time: 55948.950480000014
node_cons: 8843.940121121439
tot_aggregated_send: 5742
tot_msg_rcv: 213
tot_msg_sent: 636
tot_reconf_duration: 4.8100000000000005
tot_sleeping_duration: 425007.8379199989
tot_uptimes: 111
tot_uptimes_duration: 6600.006080001069
