comms_cons: 43.1848960006543
finished_reconf: true
global_termination_time: 432344.996
local_termination_time: 195451.50000000093
node_cons: 8843.377902242892
tot_aggregated_send: 5916
tot_msg_rcv: 185
tot_msg_sent: 462
tot_reconf_duration: 4.390000000000001
tot_sleeping_duration: 425744.98383999785
tot_uptimes: 111
tot_uptimes_duration: 6600.0121600021375
