comms_cons: 43.126656000542994
finished_reconf: true
global_termination_time: 432981.545
local_termination_time: 29264.16836
node_cons: 8852.767121121438
tot_aggregated_send: 5974
tot_msg_rcv: 184
tot_msg_sent: 397
tot_reconf_duration: 11.31
tot_sleeping_duration: 426381.5389199989
tot_uptimes: 111
tot_uptimes_duration: 6600.006080001069
