comms_cons: 463.6025725893216
finished_reconf: true
global_termination_time: 959012.7540399993
local_termination_time: 959012.7129199994
node_cons: 58232.70975223882
tot_aggregated_send: 0
tot_msg_rcv: 28465
tot_msg_sent: 41999
tot_reconf_duration: 24.59
tot_sleeping_duration: 915547.9918799995
tot_uptimes: 718
tot_uptimes_duration: 43464.76215999987
