comms_cons: 190.86847991478675
finished_reconf: true
global_termination_time: 959013.1595999999
local_termination_time: 3282.1473600000004
node_cons: 19728.614751759582
tot_aggregated_send: 0
tot_msg_rcv: 14799
tot_msg_sent: 14211
tot_reconf_duration: 18.21
tot_sleeping_duration: 944297.7857600002
tot_uptimes: 246
tot_uptimes_duration: 14715.373839999666
