comms_cons: 33.46839040025006
finished_reconf: true
global_termination_time: 336239.007
local_termination_time: 1665.2226000000003
node_cons: 6917.768240000008
tot_aggregated_send: 4756
tot_msg_rcv: 104
tot_msg_sent: 227
tot_reconf_duration: 6.279999999999999
tot_sleeping_duration: 331079.007
tot_uptimes: 87
tot_uptimes_duration: 5160.0
