comms_cons: 33.561126399972395
finished_reconf: true
global_termination_time: 334901.666
local_termination_time: 8978.168480000006
node_cons: 6837.534852720017
tot_aggregated_send: 4640
tot_msg_rcv: 174
tot_msg_sent: 288
tot_reconf_duration: 4.8100000000000005
tot_sleeping_duration: 329800.09552000003
tot_uptimes: 86
tot_uptimes_duration: 5101.570480000006
