comms_cons: 382.77190374973026
finished_reconf: true
global_termination_time: 1315048.379
local_termination_time: 813426.3197999983
node_cons: 53593.84348519708
tot_aggregated_send: 0
tot_msg_rcv: 19529
tot_msg_sent: 38651
tot_reconf_duration: 18.21
tot_sleeping_duration: 1275041.5722000017
tot_uptimes: 665
tot_uptimes_duration: 40006.80679999848
