comms_cons: 258.65529583014865
finished_reconf: true
global_termination_time: 1316375.06
local_termination_time: 819280.511
node_cons: 27106.83805863481
tot_aggregated_send: 0
tot_msg_rcv: 19785
tot_msg_sent: 19529
tot_reconf_duration: 22.65
tot_sleeping_duration: 1296153.940240004
tot_uptimes: 338
tot_uptimes_duration: 20221.119759996072
