comms_cons: 1.829017599996068
finished_reconf: true
global_termination_time: 7968.475480000004
local_termination_time: 6631.8243600000005
node_cons: 208.6334387200046
tot_aggregated_send: 0
tot_msg_rcv: 170
tot_msg_sent: 107
tot_reconf_duration: 18.21
tot_sleeping_duration: 7831.131
tot_uptimes: 3
tot_uptimes_duration: 137.3444800000034
