comms_cons: 1.4934783999950663
finished_reconf: true
global_termination_time: 9210.967
local_termination_time: 4844.400360000001
node_cons: 181.5117200000002
tot_aggregated_send: 0
tot_msg_rcv: 123
tot_msg_sent: 104
tot_reconf_duration: 15.34
tot_sleeping_duration: 9090.967
tot_uptimes: 3
tot_uptimes_duration: 120.0
