comms_cons: 44.11353599999624
finished_reconf: true
global_termination_time: 445289.527
local_termination_time: 40564.541480000014
node_cons: 9179.279380000013
tot_aggregated_send: 6438
tot_msg_rcv: 107
tot_msg_sent: 160
tot_reconf_duration: 15.110000000000001
tot_sleeping_duration: 438449.527
tot_uptimes: 115
tot_uptimes_duration: 6840.0
