comms_cons: 43.547724800017505
finished_reconf: true
global_termination_time: 445789.207
local_termination_time: 63404.746480000016
node_cons: 9171.552360000009
tot_aggregated_send: 6554
tot_msg_rcv: 15
tot_msg_sent: 50
tot_reconf_duration: 9.42
tot_sleeping_duration: 438949.207
tot_uptimes: 115
tot_uptimes_duration: 6840.0
