comms_cons: 337.32388481847556
finished_reconf: true
global_termination_time: 3386630.316
local_termination_time: 1124156.8800000001
node_cons: 69701.1796125062
tot_aggregated_send: 45238
tot_msg_rcv: 2178
tot_msg_sent: 3855
tot_reconf_duration: 22.65
tot_sleeping_duration: 3334598.634960039
tot_uptimes: 868
tot_uptimes_duration: 52031.681039961055
