comms_cons: 334.06484481457454
finished_reconf: true
global_termination_time: 3385256.27548
local_termination_time: 3385256.2343599997
node_cons: 69643.60936095161
tot_aggregated_send: 49158
tot_msg_rcv: 564
tot_msg_sent: 1052
tot_reconf_duration: 37.410000000000004
tot_sleeping_duration: 3333282.5588400047
tot_uptimes: 867
tot_uptimes_duration: 51973.71663999511
