comms_cons: 334.88315519948446
finished_reconf: true
global_termination_time: 3385751.521
local_termination_time: 335150.4833600001
node_cons: 69658.96263999847
tot_aggregated_send: 49068
tot_msg_rcv: 652
tot_msg_sent: 1180
tot_reconf_duration: 3.08
tot_sleeping_duration: 3333731.521
tot_uptimes: 868
tot_uptimes_duration: 52020.0
