comms_cons: 343.085132819345
finished_reconf: true
global_termination_time: 3385256.2842399944
local_termination_time: 102988.52947999997
node_cons: 69625.20149723129
tot_aggregated_send: 46284
tot_msg_rcv: 2112
tot_msg_sent: 3749
tot_reconf_duration: 11.31
tot_sleeping_duration: 3333269.8447200297
tot_uptimes: 867
tot_uptimes_duration: 51986.43951996474
