comms_cons: 673.921753360505
finished_reconf: true
global_termination_time: 2316671.936879999
local_termination_time: 2316671.895759999
node_cons: 94314.31250475236
tot_aggregated_send: 0
tot_msg_rcv: 34406
tot_msg_sent: 68027
tot_reconf_duration: 24.59
tot_sleeping_duration: 2246260.4960400024
tot_uptimes: 1163
tot_uptimes_duration: 70411.4408399964
