comms_cons: 116.36631038767375
finished_reconf: true
global_termination_time: 1135340.551
local_termination_time: 104354.18783999966
node_cons: 23323.394308948496
tot_aggregated_send: 14848
tot_msg_rcv: 871
tot_msg_sent: 1968
tot_reconf_duration: 18.21
tot_sleeping_duration: 1117940.5023600087
tot_uptimes: 291
tot_uptimes_duration: 17400.04863999138
