comms_cons: 1.1513600000025668
finished_reconf: true
global_termination_time: 4933.795
local_termination_time: 1708.8413600000001
node_cons: 101.17171999999988
tot_aggregated_send: 0
tot_msg_rcv: 131
tot_msg_sent: 44
tot_reconf_duration: 15.34
tot_sleeping_duration: 4873.795
tot_uptimes: 2
tot_uptimes_duration: 60.0
