comms_cons: 0.9145087999995105
finished_reconf: true
global_termination_time: 4710.584
local_termination_time: 743.3633599999998
node_cons: 93.13235999999995
tot_aggregated_send: 0
tot_msg_rcv: 89
tot_msg_sent: 50
tot_reconf_duration: 9.42
tot_sleeping_duration: 4650.584
tot_uptimes: 2
tot_uptimes_duration: 60.0
