comms_cons: 230.83185919029623
finished_reconf: true
global_termination_time: 2348058.691
local_termination_time: 1389557.7000000002
node_cons: 48291.92848334996
tot_aggregated_send: 33170
tot_msg_rcv: 506
tot_msg_sent: 1409
tot_reconf_duration: 5.57
tot_sleeping_duration: 2311998.672760007
tot_uptimes: 602
tot_uptimes_duration: 36060.0182399929
