comms_cons: 438.3579072443601
finished_reconf: true
global_termination_time: 4427071.46768
local_termination_time: 4427071.42656
node_cons: 91091.07057998842
tot_aggregated_send: 63670
tot_msg_rcv: 905
tot_msg_sent: 2050
tot_reconf_duration: 24.59
tot_sleeping_duration: 4359067.227680006
tot_uptimes: 1134
tot_uptimes_duration: 68004.23999999341
