comms_cons: 436.9904896287552
finished_reconf: true
global_termination_time: 4428435.261
local_termination_time: 1911021.3784399985
node_cons: 91113.14848334843
tot_aggregated_send: 61074
tot_msg_rcv: 1701
tot_msg_sent: 3645
tot_reconf_duration: 5.57
tot_sleeping_duration: 4360395.242760007
tot_uptimes: 1135
tot_uptimes_duration: 68040.01823999314
