comms_cons: 440.2645760629249
finished_reconf: true
global_termination_time: 4427092.129
local_termination_time: 861755.4173599998
node_cons: 91111.57046669979
tot_aggregated_send: 61886
tot_msg_rcv: 1834
tot_msg_sent: 3197
tot_reconf_duration: 4.390000000000001
tot_sleeping_duration: 4359052.0925200125
tot_uptimes: 1134
tot_uptimes_duration: 68040.03647998674
