comms_cons: 1842.0787356194346
finished_reconf: true
global_termination_time: 4427566.256
local_termination_time: 1201364.7401999997
node_cons: 268816.655968694
tot_aggregated_send: 0
tot_msg_rcv: 113197
tot_msg_sent: 166790
tot_reconf_duration: 6.22
tot_sleeping_duration: 4226813.299160044
tot_uptimes: 3292
tot_uptimes_duration: 200752.95683995628
