comms_cons: 29.580083200126147
finished_reconf: true
global_termination_time: 302959.198
local_termination_time: 161412.30436000004
node_cons: 6190.321899999991
tot_aggregated_send: 4408
tot_msg_rcv: 32
tot_msg_sent: 56
tot_reconf_duration: 3.05
tot_sleeping_duration: 298339.198
tot_uptimes: 78
tot_uptimes_duration: 4620.0
