comms_cons: 13.081676800186699
finished_reconf: true
global_termination_time: 83848.437
local_termination_time: 47624.214240000096
node_cons: 1694.098364480023
tot_aggregated_send: 406
tot_msg_rcv: 768
tot_msg_sent: 815
tot_reconf_duration: 5.1
tot_sleeping_duration: 82588.41267999998
tot_uptimes: 22
tot_uptimes_duration: 1260.0243200000186
