comms_cons: 13.257087999752702
finished_reconf: true
global_termination_time: 117726.06
local_termination_time: 6209.722000000001
node_cons: 2419.0885916763536
tot_aggregated_send: 754
tot_msg_rcv: 441
tot_msg_sent: 820
tot_reconf_duration: 6.279999999999999
tot_sleeping_duration: 115925.79088000272
tot_uptimes: 31
tot_uptimes_duration: 1800.2691199972764
