comms_cons: 13.007705599901056
finished_reconf: true
global_termination_time: 118046.683
local_termination_time: 63092.99736000001
node_cons: 2440.9586999999906
tot_aggregated_send: 1218
tot_msg_rcv: 310
tot_msg_sent: 449
tot_reconf_duration: 22.65
tot_sleeping_duration: 116246.683
tot_uptimes: 31
tot_uptimes_duration: 1800.0
