comms_cons: 13.982681599992333
finished_reconf: true
global_termination_time: 118543.851
local_termination_time: 51984.194200000034
node_cons: 2420.8602655991767
tot_aggregated_send: 1102
tot_msg_rcv: 383
tot_msg_sent: 642
tot_reconf_duration: 7.819999999999999
tot_sleeping_duration: 116743.82060000062
tot_uptimes: 31
tot_uptimes_duration: 1800.0303999993848
