comms_cons: 65.1181312046118
finished_reconf: true
global_termination_time: 506951.142600001
local_termination_time: 506951.142600001
node_cons: 10503.676714916008
tot_aggregated_send: 3454
tot_msg_rcv: 2292
tot_msg_sent: 4160
tot_reconf_duration: 37.410000000000004
tot_sleeping_duration: 499144.66467997414
tot_uptimes: 130
tot_uptimes_duration: 7806.477920026882
