comms_cons: 50.384140800332524
finished_reconf: true
global_termination_time: 507232.144
local_termination_time: 89124.69055999986
node_cons: 10369.821620000013
tot_aggregated_send: 7134
tot_msg_rcv: 180
tot_msg_sent: 344
tot_reconf_duration: 4.390000000000001
tot_sleeping_duration: 499492.144
tot_uptimes: 130
tot_uptimes_duration: 7740.0
