comms_cons: 50.476249600051055
finished_reconf: true
global_termination_time: 507791.725
local_termination_time: 5740.498480000002
node_cons: 10451.573940000015
tot_aggregated_send: 7308
tot_msg_rcv: 136
tot_msg_sent: 228
tot_reconf_duration: 5.43
tot_sleeping_duration: 499991.725
tot_uptimes: 131
tot_uptimes_duration: 7800.0
