comms_cons: 122.11653119679292
finished_reconf: true
global_termination_time: 1241936.4
local_termination_time: 857543.5423599998
node_cons: 25555.045800000007
tot_aggregated_send: 18154
tot_msg_rcv: 120
tot_msg_sent: 287
tot_reconf_duration: 5.1
tot_sleeping_duration: 1222856.4
tot_uptimes: 319
tot_uptimes_duration: 19080.0
