comms_cons: 122.9060351980738
finished_reconf: true
global_termination_time: 1240285.458
local_termination_time: 494301.97136
node_cons: 25480.15138000002
tot_aggregated_send: 17806
tot_msg_rcv: 303
tot_msg_sent: 572
tot_reconf_duration: 9.11
tot_sleeping_duration: 1221265.458
tot_uptimes: 318
tot_uptimes_duration: 19020.0
