comms_cons: 122.72307199633079
finished_reconf: true
global_termination_time: 1240279.411
local_termination_time: 400795.58436000004
node_cons: 25488.307521121453
tot_aggregated_send: 17806
tot_msg_rcv: 280
tot_msg_sent: 567
tot_reconf_duration: 15.110000000000001
tot_sleeping_duration: 1221259.404919999
tot_uptimes: 318
tot_uptimes_duration: 19020.00608000107
