comms_cons: 126.5526527866255
finished_reconf: true
global_termination_time: 1240872.806
local_termination_time: 121266.75759999995
node_cons: 25478.472830065333
tot_aggregated_send: 16472
tot_msg_rcv: 842
tot_msg_sent: 1921
tot_reconf_duration: 7.819999999999999
tot_sleeping_duration: 1221852.7512800111
tot_uptimes: 318
tot_uptimes_duration: 19020.054719989013
