comms_cons: 126.44778239347066
finished_reconf: true
global_termination_time: 1243590.069
local_termination_time: 84080.28635999997
node_cons: 25556.62374783166
tot_aggregated_send: 16936
tot_msg_rcv: 765
tot_msg_sent: 1519
tot_reconf_duration: 6.22
tot_sleeping_duration: 1224510.0264400062
tot_uptimes: 319
tot_uptimes_duration: 19080.042559993744
