comms_cons: 125.84693759136506
finished_reconf: true
global_termination_time: 1241097.754
local_termination_time: 426830.89128000033
node_cons: 25483.179685584197
tot_aggregated_send: 16820
tot_msg_rcv: 743
tot_msg_sent: 1565
tot_reconf_duration: 11.31
tot_sleeping_duration: 1222077.7236000118
tot_uptimes: 318
tot_uptimes_duration: 19020.030399988173
