comms_cons: 395.5561856234328
finished_reconf: true
global_termination_time: 4032176.578
local_termination_time: 2379709.5333600002
node_cons: 82918.46848334941
tot_aggregated_send: 55796
tot_msg_rcv: 1534
tot_msg_sent: 2792
tot_reconf_duration: 5.57
tot_sleeping_duration: 3970256.559760007
tot_uptimes: 1033
tot_uptimes_duration: 61920.01823999337
