comms_cons: 609.8918405297752
finished_reconf: true
global_termination_time: 4033140.231
local_termination_time: 1096985.2970399985
node_cons: 82921.54840669992
tot_aggregated_send: 0
tot_msg_rcv: 46642
tot_msg_sent: 46058
tot_reconf_duration: 7.819999999999999
tot_sleeping_duration: 3971220.1945200134
tot_uptimes: 1033
tot_uptimes_duration: 61920.036479986506
