comms_cons: 133.01731199036408
finished_reconf: true
global_termination_time: 1318793.138
local_termination_time: 252617.4027200001
node_cons: 27099.34174446736
tot_aggregated_send: 18386
tot_msg_rcv: 682
tot_msg_sent: 1149
tot_reconf_duration: 18.21
tot_sleeping_duration: 1298573.1136800095
tot_uptimes: 338
tot_uptimes_duration: 20220.024319990538
