comms_cons: 133.4054655936117
finished_reconf: true
global_termination_time: 1318828.963
local_termination_time: 828470.3582799983
node_cons: 27078.730041116934
tot_aggregated_send: 17922
tot_msg_rcv: 786
tot_msg_sent: 1569
tot_reconf_duration: 3.05
tot_sleeping_duration: 1298608.9569200024
tot_uptimes: 338
tot_uptimes_duration: 20220.006079997635
