comms_cons: 131.16609279651007
finished_reconf: true
global_termination_time: 1316398.712
local_termination_time: 800933.2867199988
node_cons: 27085.207701116964
tot_aggregated_send: 18386
tot_msg_rcv: 537
tot_msg_sent: 1012
tot_reconf_duration: 7.819999999999999
tot_sleeping_duration: 1296178.7059200024
tot_uptimes: 338
tot_uptimes_duration: 20220.006079997635
