comms_cons: 130.4793215956083
finished_reconf: true
global_termination_time: 1313371.677
local_termination_time: 409345.73136000003
node_cons: 27002.694901116836
tot_aggregated_send: 18444
tot_msg_rcv: 516
tot_msg_sent: 873
tot_reconf_duration: 6.22
tot_sleeping_duration: 1293211.6709200023
tot_uptimes: 337
tot_uptimes_duration: 20160.006079997635
