comms_cons: 81.07610879834868
finished_reconf: true
global_termination_time: 813454.952
local_termination_time: 347915.1369600006
node_cons: 16731.576143359754
tot_aggregated_send: 10846
tot_msg_rcv: 517
tot_msg_sent: 961
tot_reconf_duration: 15.34
tot_sleeping_duration: 800974.9337600003
tot_uptimes: 209
tot_uptimes_duration: 12480.018239999772
