comms_cons: 120.41811839761968
finished_reconf: true
global_termination_time: 817978.413
local_termination_time: 283282.63336000004
node_cons: 16798.010223359688
tot_aggregated_send: 0
tot_msg_rcv: 9414
tot_msg_sent: 8890
tot_reconf_duration: 5.1
tot_sleeping_duration: 805438.3947600002
tot_uptimes: 210
tot_uptimes_duration: 12540.018239999772
