comms_cons: 82.87359999865338
finished_reconf: true
global_termination_time: 817973.416
local_termination_time: 309679.39924000093
node_cons: 16852.16590671636
tot_aggregated_send: 10962
tot_msg_rcv: 612
tot_msg_sent: 1021
tot_reconf_duration: 25.299999999999997
tot_sleeping_duration: 805413.4395200027
tot_uptimes: 210
tot_uptimes_duration: 12559.976479997276
