comms_cons: 81.72785279691232
finished_reconf: true
global_termination_time: 814608.111
local_termination_time: 545180.66736
node_cons: 16723.520501116913
tot_aggregated_send: 11194
tot_msg_rcv: 412
tot_msg_sent: 816
tot_reconf_duration: 9.42
tot_sleeping_duration: 802128.1049200024
tot_uptimes: 209
tot_uptimes_duration: 12480.006079997635
