comms_cons: 81.2531199977255
finished_reconf: true
global_termination_time: 817962.383
local_termination_time: 456104.8895200008
node_cons: 16807.57326751472
tot_aggregated_send: 11426
tot_msg_rcv: 292
tot_msg_sent: 632
tot_reconf_duration: 11.899999999999999
tot_sleeping_duration: 805422.1193200039
tot_uptimes: 210
tot_uptimes_duration: 12540.263679996075
