comms_cons: 31.76437760019287
finished_reconf: true
global_termination_time: 319750.379
local_termination_time: 25730.6794
node_cons: 6522.898980000004
tot_aggregated_send: 4408
tot_msg_rcv: 140
tot_msg_sent: 280
tot_reconf_duration: 11.31
tot_sleeping_duration: 314890.379
tot_uptimes: 82
tot_uptimes_duration: 4860.0
