comms_cons: 288.54843499518836
finished_reconf: true
global_termination_time: 1471064.3330799988
local_termination_time: 920.3263599999999
node_cons: 30275.186950239786
tot_aggregated_send: 0
tot_msg_rcv: 22012
tot_msg_sent: 21842
tot_reconf_duration: 4.390000000000001
tot_sleeping_duration: 1448458.488919999
tot_uptimes: 377
tot_uptimes_duration: 22605.844159999804
