comms_cons: 138.2189375901378
finished_reconf: true
global_termination_time: 1362025.871
local_termination_time: 219029.9894800005
node_cons: 28049.29584223828
tot_aggregated_send: 18850
tot_msg_rcv: 769
tot_msg_sent: 1389
tot_reconf_duration: 7.819999999999999
tot_sleeping_duration: 1341085.8588400013
tot_uptimes: 349
tot_uptimes_duration: 20940.012159998703
