comms_cons: 136.26181119585019
finished_reconf: true
global_termination_time: 1364210.158
local_termination_time: 899905.5863599998
node_cons: 28054.01897999996
tot_aggregated_send: 19430
tot_msg_rcv: 479
tot_msg_sent: 802
tot_reconf_duration: 11.31
tot_sleeping_duration: 1343270.158
tot_uptimes: 350
tot_uptimes_duration: 20940.0
