comms_cons: 138.00592639692243
finished_reconf: true
global_termination_time: 1396139.486
local_termination_time: 234842.32036000004
node_cons: 28689.908240000044
tot_aggregated_send: 20068
tot_msg_rcv: 275
tot_msg_sent: 633
tot_reconf_duration: 6.279999999999999
tot_sleeping_duration: 1374719.486
tot_uptimes: 358
tot_uptimes_duration: 21420.0
