comms_cons: 138.24872959253148
finished_reconf: true
global_termination_time: 1392746.56
local_termination_time: 459120.49036000005
node_cons: 28608.604060000056
tot_aggregated_send: 19778
tot_msg_rcv: 370
tot_msg_sent: 865
tot_reconf_duration: 5.57
tot_sleeping_duration: 1371386.56
tot_uptimes: 357
tot_uptimes_duration: 21360.0
