comms_cons: 137.8025983969423
finished_reconf: true
global_termination_time: 1392597.994
local_termination_time: 214124.61936000007
node_cons: 28613.419521121497
tot_aggregated_send: 19952
tot_msg_rcv: 304
tot_msg_sent: 689
tot_reconf_duration: 9.11
tot_sleeping_duration: 1371237.9879199988
tot_uptimes: 357
tot_uptimes_duration: 21360.00608000107
