comms_cons: 102.50826879500492
finished_reconf: true
global_termination_time: 1021047.5072799983
local_termination_time: 1021047.4661599983
node_cons: 21076.80592927279
tot_aggregated_send: 14312
tot_msg_rcv: 403
tot_msg_sent: 865
tot_reconf_duration: 24.59
tot_sleeping_duration: 1005331.7397600036
tot_uptimes: 262
tot_uptimes_duration: 15715.76751999458
