comms_cons: 58.24628480013949
finished_reconf: true
global_termination_time: 567805.514
local_termination_time: 6999.458479999999
node_cons: 11653.490746724896
tot_aggregated_send: 7598
tot_msg_rcv: 435
tot_msg_sent: 820
tot_reconf_duration: 3.05
tot_sleeping_duration: 559105.4775199963
tot_uptimes: 146
tot_uptimes_duration: 8700.036480003646
