comms_cons: 90.50347519969645
finished_reconf: true
global_termination_time: 900989.446
local_termination_time: 732377.7269599997
node_cons: 18493.558979999943
tot_aggregated_send: 12644
tot_msg_rcv: 426
tot_msg_sent: 686
tot_reconf_duration: 11.31
tot_sleeping_duration: 887189.446
tot_uptimes: 231
tot_uptimes_duration: 13800.0
