comms_cons: 79.47343359960239
finished_reconf: true
global_termination_time: 759499.255
local_termination_time: 148100.00792000032
node_cons: 15620.382528962295
tot_aggregated_send: 9860
tot_msg_rcv: 842
tot_msg_sent: 1378
tot_reconf_duration: 25.299999999999997
tot_sleeping_duration: 747859.2063599983
tot_uptimes: 195
tot_uptimes_duration: 11640.048640001682
