comms_cons: 75.55553279934918
finished_reconf: true
global_termination_time: 759300.814
local_termination_time: 499062.10072000057
node_cons: 15592.49198000002
tot_aggregated_send: 10382
tot_msg_rcv: 328
tot_msg_sent: 774
tot_reconf_duration: 4.8100000000000005
tot_sleeping_duration: 747660.814
tot_uptimes: 195
tot_uptimes_duration: 11640.0
