comms_cons: 78.76565119629944
finished_reconf: true
global_termination_time: 757854.962
local_termination_time: 110906.07759999968
node_cons: 15611.403446724025
tot_aggregated_send: 9744
tot_msg_rcv: 727
tot_msg_sent: 1501
tot_reconf_duration: 18.700000000000003
tot_sleeping_duration: 746214.925519997
tot_uptimes: 195
tot_uptimes_duration: 11640.036480002978
