comms_cons: 365.50235522191883
finished_reconf: true
global_termination_time: 3705046.732
local_termination_time: 2651893.5076
node_cons: 76196.70996446621
tot_aggregated_send: 51678
tot_msg_rcv: 1370
tot_msg_sent: 2506
tot_reconf_duration: 25.299999999999997
tot_sleeping_duration: 3648166.7076800084
tot_uptimes: 949
tot_uptimes_duration: 56880.02431999124
