comms_cons: 368.22270723119647
finished_reconf: true
global_termination_time: 3701999.763
local_termination_time: 1465434.0733199993
node_cons: 76166.51074670049
tot_aggregated_send: 51852
tot_msg_rcv: 1438
tot_msg_sent: 2677
tot_reconf_duration: 3.05
tot_sleeping_duration: 3645119.7265200126
tot_uptimes: 949
tot_uptimes_duration: 56880.03647998697
