comms_cons: 689.8997057207871
finished_reconf: true
global_termination_time: 6977047.596
local_termination_time: 3587820.846359998
node_cons: 143496.5741108529
tot_aggregated_send: 97556
tot_msg_rcv: 2366
tot_msg_sent: 4938
tot_reconf_duration: 5.57
tot_sleeping_duration: 6869886.274080017
tot_uptimes: 1787
tot_uptimes_duration: 107161.32191998302
