comms_cons: 684.5621697283684
finished_reconf: true
global_termination_time: 6977438.208
local_termination_time: 3718945.0735599995
node_cons: 143521.62182334642
tot_aggregated_send: 96396
tot_msg_rcv: 2504
tot_msg_sent: 5147
tot_reconf_duration: 25.299999999999997
tot_sleeping_duration: 6870278.189760006
tot_uptimes: 1787
tot_uptimes_duration: 107160.0182399936
