comms_cons: 693.8802689303778
finished_reconf: true
global_termination_time: 6975722.57
local_termination_time: 644014.8117199998
node_cons: 143491.47145228632
tot_aggregated_send: 97208
tot_msg_rcv: 2576
tot_msg_sent: 5679
tot_reconf_duration: 3.05
tot_sleeping_duration: 6868562.503120022
tot_uptimes: 1787
tot_uptimes_duration: 107160.06687997835
