comms_cons: 694.0875073302684
finished_reconf: true
global_termination_time: 6975656.485
local_termination_time: 984858.0113599998
node_cons: 143502.68039116502
tot_aggregated_send: 97788
tot_msg_rcv: 2559
tot_msg_sent: 5151
tot_reconf_duration: 11.31
tot_sleeping_duration: 6868496.4242000235
tot_uptimes: 1787
tot_uptimes_duration: 107160.0607999775
