comms_cons: 13.64210559993129
finished_reconf: true
global_termination_time: 120728.82
local_termination_time: 19723.628
node_cons: 2440.991264479744
tot_aggregated_send: 1079
tot_msg_rcv: 346
tot_msg_sent: 648
tot_reconf_duration: 22.65
tot_sleeping_duration: 118928.7956800002
tot_uptimes: 31
tot_uptimes_duration: 1800.0243199998076
