comms_cons: 12.861708799990428
finished_reconf: true
global_termination_time: 121207.045
local_termination_time: 84177.93403999956
node_cons: 2505.9071211191695
tot_aggregated_send: 1334
tot_msg_rcv: 163
tot_msg_sent: 457
tot_reconf_duration: 11.31
tot_sleeping_duration: 119347.03892000063
tot_uptimes: 32
tot_uptimes_duration: 1860.0060799993662
