comms_cons: 383.7376128259533
finished_reconf: true
global_termination_time: 3872791.311
local_termination_time: 3011760.833879998
node_cons: 79645.63347101724
tot_aggregated_send: 53360
tot_msg_rcv: 1658
tot_msg_sent: 3307
tot_reconf_duration: 15.34
tot_sleeping_duration: 3813325.439640016
tot_uptimes: 992
tot_uptimes_duration: 59465.87135998462
