comms_cons: 385.8503424052632
finished_reconf: true
global_termination_time: 3871145.313
local_termination_time: 920368.0355999998
node_cons: 79627.6002655832
tot_aggregated_send: 54404
tot_msg_rcv: 1570
tot_msg_sent: 2673
tot_reconf_duration: 7.819999999999999
tot_sleeping_duration: 3811685.282600011
tot_uptimes: 992
tot_uptimes_duration: 59460.03039998887
