comms_cons: 119.70854399689806
finished_reconf: true
global_termination_time: 1208899.897
local_termination_time: 387121.24736000004
node_cons: 24842.944860000094
tot_aggregated_send: 17458
tot_msg_rcv: 285
tot_msg_sent: 452
tot_reconf_duration: 13.17
tot_sleeping_duration: 1190359.897
tot_uptimes: 310
tot_uptimes_duration: 18540.00000000006
