comms_cons: 118.91148799644233
finished_reconf: true
global_termination_time: 1205754.426
local_termination_time: 715376.0876399982
node_cons: 24755.339560000128
tot_aggregated_send: 17400
tot_msg_rcv: 216
tot_msg_sent: 457
tot_reconf_duration: 7.819999999999999
tot_sleeping_duration: 1187274.426
tot_uptimes: 309
tot_uptimes_duration: 18480.0
