comms_cons: 119.57594239605476
finished_reconf: true
global_termination_time: 1205266.3945199992
local_termination_time: 1205266.3533999992
node_cons: 24820.398304400354
tot_aggregated_send: 17038
tot_msg_rcv: 296
tot_msg_sent: 839
tot_reconf_duration: 24.59
tot_sleeping_duration: 1186754.8149199989
tot_uptimes: 309
tot_uptimes_duration: 18511.57960000023
