comms_cons: 41.74502400003296
finished_reconf: true
global_termination_time: 426827.6449600002
local_termination_time: 426814.30936
node_cons: 8796.075877440226
tot_aggregated_send: 6322
tot_msg_rcv: 14
tot_msg_sent: 8
tot_reconf_duration: 6.279999999999999
tot_sleeping_duration: 420264.876
tot_uptimes: 110
tot_uptimes_duration: 6562.76896000019
