comms_cons: 59.82466560025625
finished_reconf: true
global_termination_time: 589936.943
local_termination_time: 79139.08671999995
node_cons: 12162.123123364321
tot_aggregated_send: 8120
tot_msg_rcv: 351
tot_msg_sent: 622
tot_reconf_duration: 22.65
tot_sleeping_duration: 580876.9247599968
tot_uptimes: 152
tot_uptimes_duration: 9060.018240003206
