comms_cons: 58.77199360082619
finished_reconf: true
global_termination_time: 591467.658
local_termination_time: 502274.8973600001
node_cons: 12135.498182242942
tot_aggregated_send: 8178
tot_msg_rcv: 340
tot_msg_sent: 415
tot_reconf_duration: 3.05
tot_sleeping_duration: 582407.6458399979
tot_uptimes: 152
tot_uptimes_duration: 9060.012160002138
