comms_cons: 225.75334398763215
finished_reconf: true
global_termination_time: 2243591.2280799975
local_termination_time: 1518.4694800000004
node_cons: 46164.7928660602
tot_aggregated_send: 31378
tot_msg_rcv: 1018
tot_msg_sent: 1917
tot_reconf_duration: 18.21
tot_sleeping_duration: 2209132.629360012
tot_uptimes: 575
tot_uptimes_duration: 34458.5987199856
