comms_cons: 219.31177599059473
finished_reconf: true
global_termination_time: 2246805.151
local_termination_time: 486507.43736000004
node_cons: 46203.0966244668
tot_aggregated_send: 30508
tot_msg_rcv: 1023
tot_msg_sent: 1802
tot_reconf_duration: 5.57
tot_sleeping_duration: 2212305.1266800095
tot_uptimes: 576
tot_uptimes_duration: 34500.02431999054
