comms_cons: 848.1206777250195
finished_reconf: true
global_termination_time: 2244502.602
local_termination_time: 1302535.9895199982
node_cons: 136189.4040162299
tot_aggregated_send: 0
tot_msg_rcv: 52079
tot_msg_sent: 76831
tot_reconf_duration: 6.22
tot_sleeping_duration: 2142799.1238400047
tot_uptimes: 1665
tot_uptimes_duration: 101703.4781599956
