comms_cons: 300.5918399854464
finished_reconf: true
global_termination_time: 3044782.524
local_termination_time: 2006831.6003599998
node_cons: 62591.810223349385
tot_aggregated_send: 42340
tot_msg_rcv: 1093
tot_msg_sent: 2255
tot_reconf_duration: 5.1
tot_sleeping_duration: 2998042.505760007
tot_uptimes: 780
tot_uptimes_duration: 46740.01823999314
