comms_cons: 177.4745471823551
finished_reconf: true
global_termination_time: 1833874.921
local_termination_time: 5589.813999999999
node_cons: 37713.95857006512
tot_aggregated_send: 23929
tot_msg_rcv: 968
tot_msg_sent: 2078
tot_reconf_duration: 25.35
tot_sleeping_duration: 1805734.8662800111
tot_uptimes: 470
tot_uptimes_duration: 28140.054719989013
