comms_cons: 177.89649918707937
finished_reconf: true
global_termination_time: 1833376.444
local_termination_time: 4588.206
node_cons: 37687.537294541646
tot_aggregated_send: 24184
tot_msg_rcv: 1009
tot_msg_sent: 1845
tot_reconf_duration: 5.87
tot_sleeping_duration: 1805236.3649600134
tot_uptimes: 470
tot_uptimes_duration: 28140.07903998642
