comms_cons: 245.21994240765065
finished_reconf: true
global_termination_time: 2415123.477
local_termination_time: 484965.05936000054
node_cons: 49671.000566700975
tot_aggregated_send: 32944
tot_msg_rcv: 1434
tot_msg_sent: 2894
tot_reconf_duration: 15.34
tot_sleeping_duration: 2378043.4405200137
tot_uptimes: 619
tot_uptimes_duration: 37080.03647998627
