comms_cons: 242.2050047901646
finished_reconf: true
global_termination_time: 2411851.6864799997
local_termination_time: 2411851.6453599995
node_cons: 49621.60037730063
tot_aggregated_send: 33916
tot_msg_rcv: 1022
tot_msg_sent: 1875
tot_reconf_duration: 24.59
tot_sleeping_duration: 2374817.9246000135
tot_uptimes: 618
tot_uptimes_duration: 37033.76187998627
