comms_cons: 218.19944319024484
finished_reconf: true
global_termination_time: 2193443.97
local_termination_time: 684170.5724799999
node_cons: 45076.726043350034
tot_aggregated_send: 30392
tot_msg_rcv: 912
tot_msg_sent: 1860
tot_reconf_duration: 4.390000000000001
tot_sleeping_duration: 2159783.9517600075
tot_uptimes: 562
tot_uptimes_duration: 33660.0182399929
