comms_cons: 167.0853631860984
finished_reconf: true
global_termination_time: 1666801.447
local_termination_time: 191553.17136000007
node_cons: 34231.40454448111
tot_aggregated_send: 22562
tot_msg_rcv: 942
tot_msg_sent: 1892
tot_reconf_duration: 4.8100000000000005
tot_sleeping_duration: 1641241.4226799991
tot_uptimes: 427
tot_uptimes_duration: 25560.02432000084
