comms_cons: 0.22369279999926225
finished_reconf: true
global_termination_time: 3409.0902000000024
local_termination_time: 3394.6623600000003
node_cons: 59.06071680000335
tot_aggregated_send: 0
tot_msg_rcv: 23
tot_msg_sent: 10
tot_reconf_duration: 13.17
tot_sleeping_duration: 3378.339
tot_uptimes: 1
tot_uptimes_duration: 30.751200000002427
