comms_cons: 0.7763455999999536
finished_reconf: true
global_termination_time: 5857.066
local_termination_time: 221.80736000000002
node_cons: 84.48190000000005
tot_aggregated_send: 0
tot_msg_rcv: 62
tot_msg_sent: 56
tot_reconf_duration: 3.05
tot_sleeping_duration: 5797.066
tot_uptimes: 2
tot_uptimes_duration: 60.00000000000003
