comms_cons: 299.85487358381187
finished_reconf: true
global_termination_time: 3042477.488
local_termination_time: 945823.7665199982
node_cons: 62589.042605582974
tot_aggregated_send: 41354
tot_msg_rcv: 1489
tot_msg_sent: 2734
tot_reconf_duration: 3.05
tot_sleeping_duration: 2995737.457600012
tot_uptimes: 780
tot_uptimes_duration: 46740.03039998817
