comms_cons: 40.516812800667225
finished_reconf: true
global_termination_time: 395341.068
local_termination_time: 99629.30215999954
node_cons: 8129.723403360615
tot_aggregated_send: 5162
tot_msg_rcv: 305
tot_msg_sent: 690
tot_reconf_duration: 11.31
tot_sleeping_duration: 389281.04975999956
tot_uptimes: 102
tot_uptimes_duration: 6060.01824000044
