comms_cons: 90.90185601206144
finished_reconf: true
global_termination_time: 447009.6540400003
local_termination_time: 447009.6129200003
node_cons: 9224.80832352729
tot_aggregated_send: 0
tot_msg_rcv: 7174
tot_msg_sent: 6639
tot_reconf_duration: 24.59
tot_sleeping_duration: 440145.2663599949
tot_uptimes: 115
tot_uptimes_duration: 6864.387680005428
