comms_cons: 131.8823167944189
finished_reconf: true
global_termination_time: 1317712.073
local_termination_time: 222889.94036000007
node_cons: 27083.148945607194
tot_aggregated_send: 18096
tot_msg_rcv: 678
tot_msg_sent: 1271
tot_reconf_duration: 6.279999999999999
tot_sleeping_duration: 1297492.0425999947
tot_uptimes: 338
tot_uptimes_duration: 20220.030400005344
