comms_cons: 135.72874878825635
finished_reconf: true
global_termination_time: 1318552.096
local_termination_time: 921.7704799999999
node_cons: 27080.59046671483
tot_aggregated_send: 17574
tot_msg_rcv: 1076
tot_msg_sent: 1980
tot_reconf_duration: 4.390000000000001
tot_sleeping_duration: 1298332.0595200039
tot_uptimes: 338
tot_uptimes_duration: 20220.03647999611
