comms_cons: 134.30435198774452
finished_reconf: true
global_termination_time: 1313786.096
local_termination_time: 174708.38736000005
node_cons: 27009.63154446738
tot_aggregated_send: 17574
tot_msg_rcv: 925
tot_msg_sent: 1914
tot_reconf_duration: 11.31
tot_sleeping_duration: 1293626.0716800094
tot_uptimes: 337
tot_uptimes_duration: 20160.024319990545
