comms_cons: 71.30004479965356
finished_reconf: true
global_termination_time: 699757.174
local_termination_time: 323789.743
node_cons: 14435.58219384281
tot_aggregated_send: 9568
tot_msg_rcv: 457
tot_msg_sent: 813
tot_reconf_duration: 22.65
tot_sleeping_duration: 688999.277439998
tot_uptimes: 180
tot_uptimes_duration: 10757.89656000206
