comms_cons: 103.67033599046043
finished_reconf: true
global_termination_time: 1010603.051
local_termination_time: 173318.01848000006
node_cons: 20752.514308943875
tot_aggregated_send: 13282
tot_msg_rcv: 807
tot_msg_sent: 1670
tot_reconf_duration: 18.21
tot_sleeping_duration: 995123.002360012
tot_uptimes: 259
tot_uptimes_duration: 15480.048639987945
