comms_cons: 104.29810558927869
finished_reconf: true
global_termination_time: 1006488.681
local_termination_time: 209573.69848000005
node_cons: 20651.562605588773
tot_aggregated_send: 13224
tot_msg_rcv: 937
tot_msg_sent: 1691
tot_reconf_duration: 3.05
tot_sleeping_duration: 991068.6506000083
tot_uptimes: 258
tot_uptimes_duration: 15420.030399991607
