comms_cons: 183.3688831955702
finished_reconf: true
global_termination_time: 1850415.494
local_termination_time: 446908.7288400006
node_cons: 38013.6123599998
tot_aggregated_send: 26506
tot_msg_rcv: 445
tot_msg_sent: 920
tot_reconf_duration: 9.42
tot_sleeping_duration: 1822035.494
tot_uptimes: 474
tot_uptimes_duration: 28380.0
