comms_cons: 184.35639039237861
finished_reconf: true
global_termination_time: 1853262.791
local_termination_time: 1162218.43336
node_cons: 38098.319681116816
tot_aggregated_send: 26216
tot_msg_rcv: 540
tot_msg_sent: 1265
tot_reconf_duration: 12.629999999999999
tot_sleeping_duration: 1824822.7849200023
tot_uptimes: 475
tot_uptimes_duration: 28440.006079997635
