comms_cons: 191.89845757406908
finished_reconf: true
global_termination_time: 1852354.991
local_termination_time: 291842.00948000007
node_cons: 38091.82840670083
tot_aggregated_send: 24592
tot_msg_rcv: 1669
tot_msg_sent: 2907
tot_reconf_duration: 7.819999999999999
tot_sleeping_duration: 1823914.954520014
tot_uptimes: 475
tot_uptimes_duration: 28440.036479985807
