comms_cons: 305.5285503754953
finished_reconf: true
global_termination_time: 630873.3257199997
local_termination_time: 630873.2845999998
node_cons: 38537.981333682816
tot_aggregated_send: 0
tot_msg_rcv: 18663
tot_msg_sent: 27773
tot_reconf_duration: 24.59
tot_sleeping_duration: 602117.0985999975
tot_uptimes: 469
tot_uptimes_duration: 28756.22712000225
