comms_cons: 213.8613375867049
finished_reconf: true
global_termination_time: 2138137.5201199944
local_termination_time: 353933.38236000005
node_cons: 43990.5050752565
tot_aggregated_send: 29928
tot_msg_rcv: 777
tot_msg_sent: 1799
tot_reconf_duration: 7.819999999999999
tot_sleeping_duration: 2105292.198600012
tot_uptimes: 548
tot_uptimes_duration: 32845.32151998277
