comms_cons: 215.546777593017
finished_reconf: true
global_termination_time: 2138136.946839999
local_termination_time: 2138136.9057199988
node_cons: 44037.18095646546
tot_aggregated_send: 29740
tot_msg_rcv: 1004
tot_msg_sent: 2016
tot_reconf_duration: 24.59
tot_sleeping_duration: 2105273.7745200093
tot_uptimes: 548
tot_uptimes_duration: 32863.172319989695
