comms_cons: 52.59537920030598
finished_reconf: true
global_termination_time: 526512.575
local_termination_time: 178143.36748000007
node_cons: 10790.305462242868
tot_aggregated_send: 7366
tot_msg_rcv: 237
tot_msg_sent: 391
tot_reconf_duration: 18.21
tot_sleeping_duration: 518472.5628399978
tot_uptimes: 135
tot_uptimes_duration: 8040.012160002139
