comms_cons: 53.67311360140837
finished_reconf: true
global_termination_time: 523594.608
local_termination_time: 197239.02560000008
node_cons: 10780.935262242872
tot_aggregated_send: 7018
tot_msg_rcv: 392
tot_msg_sent: 748
tot_reconf_duration: 11.31
tot_sleeping_duration: 515554.59583999787
tot_uptimes: 135
tot_uptimes_duration: 8040.0121600021375
