comms_cons: 52.560883200402436
finished_reconf: true
global_termination_time: 524046.474
local_termination_time: 30466.895
node_cons: 10772.950222242876
tot_aggregated_send: 7422
tot_msg_rcv: 219
tot_msg_sent: 348
tot_reconf_duration: 5.43
tot_sleeping_duration: 516006.46183999785
tot_uptimes: 135
tot_uptimes_duration: 8040.0121600021375
