comms_cons: 105.06748801464525
finished_reconf: true
global_termination_time: 523367.9482800004
local_termination_time: 1818.8893600000001
node_cons: 10826.689728404048
tot_aggregated_send: 0
tot_msg_rcv: 8176
tot_msg_sent: 7789
tot_reconf_duration: 15.34
tot_sleeping_duration: 515297.8526799974
tot_uptimes: 135
tot_uptimes_duration: 8070.095600003013
