comms_cons: 159.19060478625858
finished_reconf: true
global_termination_time: 1587997.604
local_termination_time: 424487.27348000003
node_cons: 32624.637108943905
tot_aggregated_send: 20590
tot_msg_rcv: 1332
tot_msg_sent: 2274
tot_reconf_duration: 4.8100000000000005
tot_sleeping_duration: 1563637.5553600122
tot_uptimes: 407
tot_uptimes_duration: 24360.048639987945
