comms_cons: 185.18091518407363
finished_reconf: true
global_termination_time: 1840925.663
local_termination_time: 440449.89248000004
node_cons: 37846.13418446718
tot_aggregated_send: 25172
tot_msg_rcv: 992
tot_msg_sent: 1983
tot_reconf_duration: 4.390000000000001
tot_sleeping_duration: 1812665.6386800094
tot_uptimes: 472
tot_uptimes_duration: 28260.024319990596
