comms_cons: 185.68194558489878
finished_reconf: true
global_termination_time: 1840765.076
local_termination_time: 1283264.4144399995
node_cons: 37848.61118335029
tot_aggregated_send: 24650
tot_msg_rcv: 1130
tot_msg_sent: 2446
tot_reconf_duration: 6.22
tot_sleeping_duration: 1812505.057760007
tot_uptimes: 472
tot_uptimes_duration: 28260.018239992904
