comms_cons: 182.82280959115917
finished_reconf: true
global_termination_time: 1840076.941
local_termination_time: 1117033.05036
node_cons: 37860.97171999994
tot_aggregated_send: 26216
tot_msg_rcv: 484
tot_msg_sent: 1088
tot_reconf_duration: 15.34
tot_sleeping_duration: 1811816.941
tot_uptimes: 472
tot_uptimes_duration: 28260.0
