comms_cons: 365.6785152321887
finished_reconf: true
global_termination_time: 3677671.769
local_termination_time: 2016658.640639999
node_cons: 75624.66917999815
tot_aggregated_send: 52664
tot_msg_rcv: 1018
tot_msg_sent: 1899
tot_reconf_duration: 18.21
tot_sleeping_duration: 3621211.769
tot_uptimes: 942
tot_uptimes_duration: 56460.0
