comms_cons: 20.75737600002959
finished_reconf: true
global_termination_time: 210018.483
local_termination_time: 126845.20535999998
node_cons: 4264.953941121442
tot_aggregated_send: 2842
tot_msg_rcv: 84
tot_msg_sent: 229
tot_reconf_duration: 5.1
tot_sleeping_duration: 206838.47691999894
tot_uptimes: 54
tot_uptimes_duration: 3180.0060800010688
