comms_cons: 94.4124287592345
finished_reconf: true
global_termination_time: 928075.1108799981
local_termination_time: 928075.1108799981
node_cons: 19177.829284317482
tot_aggregated_send: 0
tot_msg_rcv: 580
tot_msg_sent: 13770
tot_reconf_duration: 39.92
tot_sleeping_duration: 913793.096
tot_uptimes: 238
tot_uptimes_duration: 14282.014879998056
