comms_cons: 56.81797120312541
finished_reconf: true
global_termination_time: 929974.554
local_termination_time: 2035.02212
node_cons: 19124.70608336204
tot_aggregated_send: 0
tot_msg_rcv: 225
tot_msg_sent: 8411
tot_reconf_duration: 2.77
tot_sleeping_duration: 915694.5357599985
tot_uptimes: 239
tot_uptimes_duration: 14280.018240001504
