comms_cons: 373.6297280660534
finished_reconf: true
global_termination_time: 3699431.52
local_termination_time: 225225.11236000006
node_cons: 76106.8079445996
tot_aggregated_send: 51156
tot_msg_rcv: 1975
tot_msg_sent: 3658
tot_reconf_duration: 18.21
tot_sleeping_duration: 3642611.446240029
tot_uptimes: 948
tot_uptimes_duration: 56820.07375997119
