comms_cons: 365.89100802034505
finished_reconf: true
global_termination_time: 3697090.202
local_termination_time: 2995457.4399199993
node_cons: 76036.0136822319
tot_aggregated_send: 51562
tot_msg_rcv: 1359
tot_msg_sent: 2691
tot_reconf_duration: 25.299999999999997
tot_sleeping_duration: 3640330.189840005
tot_uptimes: 947
tot_uptimes_duration: 56760.0121599955
