comms_cons: 21.599328000282696
finished_reconf: true
global_termination_time: 201236.152
local_termination_time: 43926.80036000001
node_cons: 4104.9211456405255
tot_aggregated_send: 2320
tot_msg_rcv: 323
tot_msg_sent: 638
tot_reconf_duration: 5.57
tot_sleeping_duration: 198176.1392399996
tot_uptimes: 52
tot_uptimes_duration: 3060.0127600003907
