comms_cons: 2.276403199996662
finished_reconf: true
global_termination_time: 14763.161
local_termination_time: 6244.792480000001
node_cons: 247.9458000000017
tot_aggregated_send: 0
tot_msg_rcv: 175
tot_msg_sent: 170
tot_reconf_duration: 5.1
tot_sleeping_duration: 14583.161
tot_uptimes: 4
tot_uptimes_duration: 180.0
