comms_cons: 56.22406400036971
finished_reconf: true
global_termination_time: 567222.694
local_termination_time: 294388.64400000003
node_cons: 11687.12465656108
tot_aggregated_send: 7712
tot_msg_rcv: 302
tot_msg_sent: 533
tot_reconf_duration: 22.65
tot_sleeping_duration: 558517.4169599992
tot_uptimes: 146
tot_uptimes_duration: 8705.277040000772
