comms_cons: 115.58672000771344
finished_reconf: true
global_termination_time: 239491.8121600004
local_termination_time: 2625.7080400000013
node_cons: 14551.101148678252
tot_aggregated_send: 0
tot_msg_rcv: 7097
tot_msg_sent: 10470
tot_reconf_duration: 18.21
tot_sleeping_duration: 228643.14004000172
tot_uptimes: 178
tot_uptimes_duration: 10848.67211999868
