comms_cons: 25.179225600526813
finished_reconf: true
global_termination_time: 243099.75
local_termination_time: 82840.28535999995
node_cons: 5015.453682242849
tot_aggregated_send: 3016
tot_msg_rcv: 252
tot_msg_sent: 560
tot_reconf_duration: 25.299999999999997
tot_sleeping_duration: 239379.73783999786
tot_uptimes: 63
tot_uptimes_duration: 3720.0121600021375
