comms_cons: 454.38312969029266
finished_reconf: true
global_termination_time: 4496876.997
local_termination_time: 2643764.2505599996
node_cons: 92502.12312334846
tot_aggregated_send: 62408
tot_msg_rcv: 2317
tot_msg_sent: 4337
tot_reconf_duration: 22.65
tot_sleeping_duration: 4427816.978760007
tot_uptimes: 1152
tot_uptimes_duration: 69060.01823999337
