comms_cons: 0.875033600001951
finished_reconf: true
global_termination_time: 5873.931
local_termination_time: 1362.7353600000004
node_cons: 98.22486000000009
tot_aggregated_send: 0
tot_msg_rcv: 85
tot_msg_sent: 48
tot_reconf_duration: 13.17
tot_sleeping_duration: 5813.931
tot_uptimes: 2
tot_uptimes_duration: 60.0
