comms_cons: 0.8092415999973285
finished_reconf: true
global_termination_time: 6585.618
local_termination_time: 2559.5553600000003
node_cons: 105.73459999999974
tot_aggregated_send: 0
tot_msg_rcv: 82
tot_msg_sent: 41
tot_reconf_duration: 18.700000000000003
tot_sleeping_duration: 6525.618
tot_uptimes: 2
tot_uptimes_duration: 60.0
