comms_cons: 31.942643200407392
finished_reconf: true
global_termination_time: 317417.329
local_termination_time: 262141.724
node_cons: 6539.798058642416
tot_aggregated_send: 4348
tot_msg_rcv: 175
tot_msg_sent: 332
tot_reconf_duration: 22.65
tot_sleeping_duration: 312556.20923999825
tot_uptimes: 82
tot_uptimes_duration: 4861.119760001806
