comms_cons: 32.02222080021361
finished_reconf: true
global_termination_time: 315939.636
local_termination_time: 282462.88548000006
node_cons: 6433.740121121435
tot_aggregated_send: 4234
tot_msg_rcv: 228
tot_msg_sent: 406
tot_reconf_duration: 4.8100000000000005
tot_sleeping_duration: 311139.62991999893
tot_uptimes: 81
tot_uptimes_duration: 4800.006080001069
