comms_cons: 208.99549438712816
finished_reconf: true
global_termination_time: 2103386.649
local_termination_time: 255505.60636000006
node_cons: 43253.70312335469
tot_aggregated_send: 29290
tot_msg_rcv: 777
tot_msg_sent: 1699
tot_reconf_duration: 22.65
tot_sleeping_duration: 2071106.6307600038
tot_uptimes: 539
tot_uptimes_duration: 32280.018239996338
