comms_cons: 371.06848609604543
finished_reconf: true
global_termination_time: 2107456.73
local_termination_time: 278413.7786000001
node_cons: 43309.80012112102
tot_aggregated_send: 0
tot_msg_rcv: 28323
tot_msg_sent: 28078
tot_reconf_duration: 4.8100000000000005
tot_sleeping_duration: 2075116.7239199989
tot_uptimes: 540
tot_uptimes_duration: 32340.00608000107
