comms_cons: 210.14622718568563
finished_reconf: true
global_termination_time: 2107493.754
local_termination_time: 596632.8737999995
node_cons: 43313.88770111652
tot_aggregated_send: 29174
tot_msg_rcv: 934
tot_msg_sent: 1833
tot_reconf_duration: 7.819999999999999
tot_sleeping_duration: 2075153.7479200026
tot_uptimes: 540
tot_uptimes_duration: 32340.006079997635
