comms_cons: 77.17356800070645
finished_reconf: true
global_termination_time: 810780.365
local_termination_time: 455348.92536
node_cons: 16636.341619999963
tot_aggregated_send: 10904
tot_msg_rcv: 294
tot_msg_sent: 532
tot_reconf_duration: 4.390000000000001
tot_sleeping_duration: 798360.365
tot_uptimes: 208
tot_uptimes_duration: 12420.0
