comms_cons: 81.19390719885278
finished_reconf: true
global_termination_time: 811433.068
local_termination_time: 46947.787000000004
node_cons: 16638.85118335972
tot_aggregated_send: 11245
tot_msg_rcv: 393
tot_msg_sent: 703
tot_reconf_duration: 6.22
tot_sleeping_duration: 799013.0497600002
tot_uptimes: 208
tot_uptimes_duration: 12420.018239999772
