comms_cons: 75.10926079545807
finished_reconf: true
global_termination_time: 724849.643
local_termination_time: 23062.664480000003
node_cons: 14867.107063355119
tot_aggregated_send: 9512
tot_msg_rcv: 706
tot_msg_sent: 1197
tot_reconf_duration: 3.08
tot_sleeping_duration: 713749.6247600038
tot_uptimes: 186
tot_uptimes_duration: 11100.018239996338
