comms_cons: 73.97057279719124
finished_reconf: true
global_termination_time: 722907.743
local_termination_time: 247652.40936000008
node_cons: 14868.877902238304
tot_aggregated_send: 9628
tot_msg_rcv: 514
tot_msg_sent: 1102
tot_reconf_duration: 4.390000000000001
tot_sleeping_duration: 711807.7308400013
tot_uptimes: 186
tot_uptimes_duration: 11100.012159998703
