comms_cons: 73.20080640156468
finished_reconf: true
global_termination_time: 725424.248
local_termination_time: 245565.47736000002
node_cons: 14873.552124485715
tot_aggregated_send: 9744
tot_msg_rcv: 454
tot_msg_sent: 929
tot_reconf_duration: 7.819999999999999
tot_sleeping_duration: 714324.2236799957
tot_uptimes: 186
tot_uptimes_duration: 11100.024320004275
