comms_cons: 77.40785919589467
finished_reconf: true
global_termination_time: 725371.258
local_termination_time: 14964.84348
node_cons: 14871.411888971466
tot_aggregated_send: 9048
tot_msg_rcv: 1027
tot_msg_sent: 1691
tot_reconf_duration: 6.22
tot_sleeping_duration: 714271.2093599915
tot_uptimes: 186
tot_uptimes_duration: 11100.04864000855
