comms_cons: 75.50192639734108
finished_reconf: true
global_termination_time: 723328.076
local_termination_time: 85286.51503999956
node_cons: 14870.290222242893
tot_aggregated_send: 9164
tot_msg_rcv: 744
tot_msg_sent: 1567
tot_reconf_duration: 5.43
tot_sleeping_duration: 712228.0638399979
tot_uptimes: 186
tot_uptimes_duration: 11100.012160002138
