comms_cons: 707.1916033092416
finished_reconf: true
global_termination_time: 7129825.887519999
local_termination_time: 7129825.846399999
node_cons: 146713.6204288628
tot_aggregated_send: 101938
tot_msg_rcv: 1635
tot_msg_sent: 3914
tot_reconf_duration: 37.410000000000004
tot_sleeping_duration: 7020294.283600008
tot_uptimes: 1826
tot_uptimes_duration: 109531.603919991
