comms_cons: 702.336691301182
finished_reconf: true
global_termination_time: 7131095.432
local_termination_time: 4936008.454679999
node_cons: 146726.24274111126
tot_aggregated_send: 99528
tot_msg_rcv: 2533
tot_msg_sent: 4689
tot_reconf_duration: 18.700000000000003
tot_sleeping_duration: 7021535.425920002
tot_uptimes: 1827
tot_uptimes_duration: 109560.00607999787
