comms_cons: 719.0353346123251
finished_reconf: true
global_termination_time: 7130052.937
local_termination_time: 1411214.4253599998
node_cons: 146624.72331116567
tot_aggregated_send: 98484
tot_msg_rcv: 3780
tot_msg_sent: 7025
tot_reconf_duration: 3.05
tot_sleeping_duration: 7020552.876200022
tot_uptimes: 1826
tot_uptimes_duration: 109500.06079997821
