comms_cons: 715.5915777584449
finished_reconf: true
global_termination_time: 7129967.204
local_termination_time: 1436417.8930000002
node_cons: 146636.468382923
tot_aggregated_send: 99408
tot_msg_rcv: 3217
tot_msg_sent: 6141
tot_reconf_duration: 7.819999999999999
tot_sleeping_duration: 7020463.209360024
tot_uptimes: 1826
tot_uptimes_duration: 109503.99463997595
