comms_cons: 710.3962561676342
finished_reconf: true
global_termination_time: 7133130.695
local_termination_time: 2160484.58836
node_cons: 146716.28039116663
tot_aggregated_send: 99238
tot_msg_rcv: 2765
tot_msg_sent: 5973
tot_reconf_duration: 11.31
tot_sleeping_duration: 7023570.634200022
tot_uptimes: 1827
tot_uptimes_duration: 109560.06079997867
