comms_cons: 708.7768897568673
finished_reconf: true
global_termination_time: 7129988.005
local_termination_time: 2388543.384
node_cons: 146633.13953068975
tot_aggregated_send: 99122
tot_msg_rcv: 2652
tot_msg_sent: 5955
tot_reconf_duration: 5.43
tot_sleeping_duration: 7020484.072520019
tot_uptimes: 1826
tot_uptimes_duration: 109503.9324799809
