comms_cons: 59.226585606243724
finished_reconf: true
global_termination_time: 327598.18524000014
local_termination_time: 73766.09659999996
node_cons: 6711.992759360214
tot_aggregated_send: 0
tot_msg_rcv: 4528
tot_msg_sent: 4473
tot_reconf_duration: 18.21
tot_sleeping_duration: 322603.963
tot_uptimes: 84
tot_uptimes_duration: 4994.222240000148
