comms_cons: 31.586739200316806
finished_reconf: true
global_termination_time: 328212.322
local_termination_time: 298310.297
node_cons: 6782.162307520999
tot_aggregated_send: 4580
tot_msg_rcv: 63
tot_msg_sent: 158
tot_reconf_duration: 22.65
tot_sleeping_duration: 323170.19831999927
tot_uptimes: 85
tot_uptimes_duration: 5042.123680000717
