comms_cons: 1.03091199999602
finished_reconf: true
global_termination_time: 4814.764
local_termination_time: 3242.7613600000004
node_cons: 97.49154000000014
tot_aggregated_send: 0
tot_msg_rcv: 109
tot_msg_sent: 47
tot_reconf_duration: 12.629999999999999
tot_sleeping_duration: 4754.764
tot_uptimes: 2
tot_uptimes_duration: 60.0
