comms_cons: 14.404703999949405
finished_reconf: true
global_termination_time: 135596.548
local_termination_time: 49550.52099999999
node_cons: 2762.326841119144
tot_aggregated_send: 1622
tot_msg_rcv: 234
tot_msg_sent: 334
tot_reconf_duration: 22.65
tot_sleeping_duration: 133556.54192000063
tot_uptimes: 35
tot_uptimes_duration: 2040.0060799993662
