comms_cons: 100.51169279436989
finished_reconf: true
global_termination_time: 997522.6147999984
local_termination_time: 997522.5736799984
node_cons: 20606.55383167903
tot_aggregated_send: 13894
tot_msg_rcv: 465
tot_msg_sent: 918
tot_reconf_duration: 37.410000000000004
tot_sleeping_duration: 982171.0456799992
tot_uptimes: 256
tot_uptimes_duration: 15351.569119999243
