comms_cons: 179.26680312637922
finished_reconf: true
global_termination_time: 997975.201
local_termination_time: 399291.01860000007
node_cons: 20495.17932447192
tot_aggregated_send: 0
tot_msg_rcv: 13894
tot_msg_sent: 13353
tot_reconf_duration: 6.22
tot_sleeping_duration: 982675.1766800061
tot_uptimes: 256
tot_uptimes_duration: 15300.024319993972
