comms_cons: 104.69571839102785
finished_reconf: true
global_termination_time: 1001251.733
local_termination_time: 408561.88636000006
node_cons: 20582.439685593385
tot_aggregated_send: 12644
tot_msg_rcv: 1065
tot_msg_sent: 2205
tot_reconf_duration: 11.31
tot_sleeping_duration: 985891.702600005
tot_uptimes: 257
tot_uptimes_duration: 15360.030399995041
