comms_cons: 301.6892160109614
finished_reconf: true
global_termination_time: 2983612.062
local_termination_time: 896530.4754799999
node_cons: 61410.551264466485
tot_aggregated_send: 41296
tot_msg_rcv: 1557
tot_msg_sent: 3002
tot_reconf_duration: 22.65
tot_sleeping_duration: 2937772.037680009
tot_uptimes: 765
tot_uptimes_duration: 45840.02431999077
