comms_cons: 1.7698047999941526
finished_reconf: true
global_termination_time: 14149.796
local_termination_time: 10998.66736
node_cons: 271.7786999999995
tot_aggregated_send: 0
tot_msg_rcv: 146
tot_msg_sent: 123
tot_reconf_duration: 22.65
tot_sleeping_duration: 13969.796
tot_uptimes: 4
tot_uptimes_duration: 180.0
