comms_cons: 2.243507199995178
finished_reconf: true
global_termination_time: 12095.857
local_termination_time: 6833.360360000001
node_cons: 258.9048600000001
tot_aggregated_send: 0
tot_msg_rcv: 179
tot_msg_sent: 162
tot_reconf_duration: 13.17
tot_sleeping_duration: 11915.857
tot_uptimes: 4
tot_uptimes_duration: 180.0
