comms_cons: 2.236927999996829
finished_reconf: true
global_termination_time: 14108.119
local_termination_time: 8855.17136
node_cons: 256.3789799999993
tot_aggregated_send: 0
tot_msg_rcv: 176
tot_msg_sent: 164
tot_reconf_duration: 11.31
tot_sleeping_duration: 13928.119
tot_uptimes: 4
tot_uptimes_duration: 180.0
