comms_cons: 47.97552640094552
finished_reconf: true
global_termination_time: 468192.515
local_termination_time: 272863.88336000004
node_cons: 9594.833682242857
tot_aggregated_send: 6148
tot_msg_rcv: 412
tot_msg_sent: 732
tot_reconf_duration: 25.299999999999997
tot_sleeping_duration: 461052.5028399979
tot_uptimes: 120
tot_uptimes_duration: 7140.0121600021375
