comms_cons: 46.567577600396
finished_reconf: true
global_termination_time: 466244.39
local_termination_time: 225248.81236000007
node_cons: 9578.361142242893
tot_aggregated_send: 6322
tot_msg_rcv: 186
tot_msg_sent: 570
tot_reconf_duration: 13.17
tot_sleeping_duration: 459104.3778399979
tot_uptimes: 120
tot_uptimes_duration: 7140.0121600021375
