comms_cons: 47.65972480080007
finished_reconf: true
global_termination_time: 467672.91
local_termination_time: 252702.82616000032
node_cons: 9564.650781121427
tot_aggregated_send: 6090
tot_msg_rcv: 399
tot_msg_sent: 755
tot_reconf_duration: 3.08
tot_sleeping_duration: 460532.9039199989
tot_uptimes: 120
tot_uptimes_duration: 7140.006080001069
