comms_cons: 48.74984960154844
finished_reconf: true
global_termination_time: 464236.192
local_termination_time: 296180.70472000056
node_cons: 9497.295963364311
tot_aggregated_send: 5626
tot_msg_rcv: 598
tot_msg_sent: 1186
tot_reconf_duration: 12.629999999999999
tot_sleeping_duration: 457156.1737599968
tot_uptimes: 119
tot_uptimes_duration: 7080.018240003206
