comms_cons: 48.44922880106548
finished_reconf: true
global_termination_time: 464902.663
local_termination_time: 283522.65652000083
node_cons: 9575.35452336432
tot_aggregated_send: 5742
tot_msg_rcv: 525
tot_msg_sent: 1097
tot_reconf_duration: 10.95
tot_sleeping_duration: 457762.6447599968
tot_uptimes: 120
tot_uptimes_duration: 7140.018240003206
