comms_cons: 45.4253311998837
finished_reconf: true
global_termination_time: 14553.006360000003
local_termination_time: 2383.4963200000066
node_cons: 6125.124002600091
tot_aggregated_send: 0
tot_msg_rcv: 3653
tot_msg_sent: 3250
tot_reconf_duration: 18.21
tot_sleeping_duration: 9997.07295999994
tot_uptimes: 64
tot_uptimes_duration: 4555.9334000000645
