comms_cons: 2.1645567999928477
finished_reconf: true
global_termination_time: 14552.457480000001
local_termination_time: 14552.416360000001
node_cons: 310.19460984000744
tot_aggregated_send: 0
tot_msg_rcv: 170
tot_msg_sent: 158
tot_reconf_duration: 37.410000000000004
tot_sleeping_duration: 14358.736919999996
tot_uptimes: 4
tot_uptimes_duration: 193.7205600000052
