comms_cons: 1.8290175999981777
finished_reconf: true
global_termination_time: 17841.95
local_termination_time: 7286.57548
node_cons: 328.2858000000017
tot_aggregated_send: 0
tot_msg_rcv: 144
tot_msg_sent: 134
tot_reconf_duration: 5.1
tot_sleeping_duration: 17601.949999999997
tot_uptimes: 5
tot_uptimes_duration: 240.0
