comms_cons: 1.5461119999970034
finished_reconf: true
global_termination_time: 14798.847
local_termination_time: 6015.85236
node_cons: 245.20263999999992
tot_aggregated_send: 0
tot_msg_rcv: 119
tot_msg_sent: 116
tot_reconf_duration: 3.08
tot_sleeping_duration: 14618.847
tot_uptimes: 4
tot_uptimes_duration: 180.0
