comms_cons: 2.197452799992739
finished_reconf: true
global_termination_time: 17549.393
local_termination_time: 5466.760360000001
node_cons: 352.1187000000008
tot_aggregated_send: 0
tot_msg_rcv: 179
tot_msg_sent: 155
tot_reconf_duration: 22.65
tot_sleeping_duration: 17309.393
tot_uptimes: 5
tot_uptimes_duration: 240.0
