comms_cons: 2.2546431999918286
finished_reconf: true
global_termination_time: 16899.326
local_termination_time: 8360.436360000002
node_cons: 338.51154000000145
tot_aggregated_send: 0
tot_msg_rcv: 178
tot_msg_sent: 165
tot_reconf_duration: 12.629999999999999
tot_sleeping_duration: 16659.326
tot_uptimes: 5
tot_uptimes_duration: 240.0
