comms_cons: 357.3546112564025
finished_reconf: true
global_termination_time: 3511499.819
local_termination_time: 425814.81368000025
node_cons: 72243.60184781709
tot_aggregated_send: 48140
tot_msg_rcv: 2171
tot_msg_sent: 4003
tot_reconf_duration: 13.17
tot_sleeping_duration: 3457559.776440016
tot_uptimes: 900
tot_uptimes_duration: 53940.04255998414
