comms_cons: 353.43312644029095
finished_reconf: true
global_termination_time: 3513534.113
local_termination_time: 789062.7822799982
node_cons: 72236.70320781707
tot_aggregated_send: 49010
tot_msg_rcv: 1574
tot_msg_sent: 3134
tot_reconf_duration: 8.09
tot_sleeping_duration: 3459594.0704400158
tot_uptimes: 900
tot_uptimes_duration: 53940.04255998414
