comms_cons: 355.610214456072
finished_reconf: true
global_termination_time: 3510874.698
local_termination_time: 2450874.51436
node_cons: 72232.23268558415
tot_aggregated_send: 48024
tot_msg_rcv: 1904
tot_msg_sent: 4121
tot_reconf_duration: 4.8100000000000005
tot_sleeping_duration: 3456934.6676000105
tot_uptimes: 900
tot_uptimes_duration: 53940.03039998934
