comms_cons: 348.3692672232621
finished_reconf: true
global_termination_time: 3513327.327
local_termination_time: 2739124.3847999983
node_cons: 72241.82834111505
tot_aggregated_send: 50170
tot_msg_rcv: 818
tot_msg_sent: 1962
tot_reconf_duration: 11.899999999999999
tot_sleeping_duration: 3459387.320920002
tot_uptimes: 900
tot_uptimes_duration: 53940.006079997635
