comms_cons: 45.785280000228155
finished_reconf: true
global_termination_time: 467486.818
local_termination_time: 373931.168
node_cons: 9575.82712112144
tot_aggregated_send: 6494
tot_msg_rcv: 121
tot_msg_sent: 344
tot_reconf_duration: 11.31
tot_sleeping_duration: 460346.81191999896
tot_uptimes: 120
tot_uptimes_duration: 7140.006080001069
