comms_cons: 1.0921471999963932
finished_reconf: true
global_termination_time: 6338.835
local_termination_time: 2713.1043600000003
node_cons: 111.09870000000012
tot_aggregated_send: 0
tot_msg_rcv: 126
tot_msg_sent: 39
tot_reconf_duration: 22.65
tot_sleeping_duration: 6278.835
tot_uptimes: 2
tot_uptimes_duration: 60.0
