comms_cons: 331.5597629453583
finished_reconf: true
global_termination_time: 1888554.46
local_termination_time: 583680.2911999986
node_cons: 38835.035687827
tot_aggregated_send: 0
tot_msg_rcv: 25615
tot_msg_sent: 24781
tot_reconf_duration: 22.65
tot_sleeping_duration: 1859574.4174400095
tot_uptimes: 484
tot_uptimes_duration: 28980.042559990427
