comms_cons: 187.6389695923727
finished_reconf: true
global_termination_time: 1888153.802
local_termination_time: 1093843.2017199998
node_cons: 38838.57739999986
tot_aggregated_send: 27028
tot_msg_rcv: 586
tot_msg_sent: 906
tot_reconf_duration: 25.299999999999997
tot_sleeping_duration: 1859173.802
tot_uptimes: 484
tot_uptimes_duration: 28980.0
