comms_cons: 333.04631014480543
finished_reconf: true
global_termination_time: 1887051.391
local_termination_time: 587082.67536
node_cons: 38810.817108943724
tot_aggregated_send: 0
tot_msg_rcv: 25784
tot_msg_sent: 24838
tot_reconf_duration: 4.8100000000000005
tot_sleeping_duration: 1858071.342360012
tot_uptimes: 484
tot_uptimes_duration: 28980.048639987945
