comms_cons: 188.01823999088924
finished_reconf: true
global_termination_time: 1886570.078
local_termination_time: 883072.7711599993
node_cons: 38808.41888782228
tot_aggregated_send: 25462
tot_msg_rcv: 1014
tot_msg_sent: 2101
tot_reconf_duration: 3.05
tot_sleeping_duration: 1857590.035440013
tot_uptimes: 484
tot_uptimes_duration: 28980.042559986876
