comms_cons: 45.159628800339426
finished_reconf: true
global_termination_time: 456486.753
local_termination_time: 35327.09136000001
node_cons: 9330.05956000001
tot_aggregated_send: 6438
tot_msg_rcv: 143
tot_msg_sent: 283
tot_reconf_duration: 7.819999999999999
tot_sleeping_duration: 449526.753
tot_uptimes: 117
tot_uptimes_duration: 6960.0
