comms_cons: 194.20482558982494
finished_reconf: true
global_termination_time: 1942492.586
local_termination_time: 543477.9575999997
node_cons: 39933.16263999968
tot_aggregated_send: 27550
tot_msg_rcv: 694
tot_msg_sent: 1274
tot_reconf_duration: 3.08
tot_sleeping_duration: 1912672.586
tot_uptimes: 498
tot_uptimes_duration: 29820.0
