comms_cons: 192.87255039202165
finished_reconf: true
global_termination_time: 1942036.213
local_termination_time: 850668.4177999984
node_cons: 39941.35137999972
tot_aggregated_send: 27840
tot_msg_rcv: 497
tot_msg_sent: 978
tot_reconf_duration: 9.11
tot_sleeping_duration: 1912216.213
tot_uptimes: 498
tot_uptimes_duration: 29820.0
