comms_cons: 194.59485438957333
finished_reconf: true
global_termination_time: 1941061.572
local_termination_time: 1395130.3295999998
node_cons: 39946.13153999991
tot_aggregated_send: 27492
tot_msg_rcv: 762
tot_msg_sent: 1323
tot_reconf_duration: 12.629999999999999
tot_sleeping_duration: 1911241.572
tot_uptimes: 498
tot_uptimes_duration: 29820.0
