comms_cons: 192.645555193116
finished_reconf: true
global_termination_time: 1942705.704
local_termination_time: 1065596.9371199992
node_cons: 39945.140199999936
tot_aggregated_send: 27840
tot_msg_rcv: 466
tot_msg_sent: 975
tot_reconf_duration: 11.899999999999999
tot_sleeping_duration: 1912885.704
tot_uptimes: 498
tot_uptimes_duration: 29820.0
