comms_cons: 195.29741437956653
finished_reconf: true
global_termination_time: 1942305.879
local_termination_time: 783449.9323599979
node_cons: 39933.204007450935
tot_aggregated_send: 25752
tot_msg_rcv: 1074
tot_msg_sent: 2859
tot_reconf_duration: 3.05
tot_sleeping_duration: 1912485.8176800215
tot_uptimes: 498
tot_uptimes_duration: 29820.061319978442
