comms_cons: 198.7128319780205
finished_reconf: true
global_termination_time: 1943647.205
local_termination_time: 1058979.86836
node_cons: 39937.5000300512
tot_aggregated_send: 25984
tot_msg_rcv: 1370
tot_msg_sent: 2850
tot_reconf_duration: 6.22
tot_sleeping_duration: 1913827.1502800214
tot_uptimes: 498
tot_uptimes_duration: 29820.05471997871
