comms_cons: 196.97675518061712
finished_reconf: true
global_termination_time: 1944286.87
local_termination_time: 785483.8210799996
node_cons: 39949.8611558602
tot_aggregated_send: 26390
tot_msg_rcv: 1196
tot_msg_sent: 2353
tot_reconf_duration: 15.34
tot_sleeping_duration: 1914466.8330800147
tot_uptimes: 498
tot_uptimes_duration: 29820.036919985432
