comms_cons: 84.01168639810952
finished_reconf: true
global_termination_time: 836779.4313999992
local_termination_time: 836779.3902799992
node_cons: 17267.047136954065
tot_aggregated_send: 11586
tot_msg_rcv: 342
tot_msg_sent: 843
tot_reconf_duration: 24.59
tot_sleeping_duration: 823908.8907600037
tot_uptimes: 215
tot_uptimes_duration: 12870.54063999554
