comms_cons: 82.90955519683541
finished_reconf: true
global_termination_time: 838564.461
local_termination_time: 403487.24828000035
node_cons: 17203.387701116866
tot_aggregated_send: 11484
tot_msg_rcv: 364
tot_msg_sent: 753
tot_reconf_duration: 7.819999999999999
tot_sleeping_duration: 825724.4549200024
tot_uptimes: 215
tot_uptimes_duration: 12840.006079997635
