comms_cons: 199.58222079402958
finished_reconf: true
global_termination_time: 2002211.92
local_termination_time: 726503.1663599999
node_cons: 41168.43739999975
tot_aggregated_send: 28420
tot_msg_rcv: 663
tot_msg_sent: 1254
tot_reconf_duration: 25.299999999999997
tot_sleeping_duration: 1971491.92
tot_uptimes: 513
tot_uptimes_duration: 30720.0
