comms_cons: 196.81018879828403
finished_reconf: true
global_termination_time: 1998365.05
local_termination_time: 1565405.8663599999
node_cons: 41066.11137999983
tot_aggregated_send: 29058
tot_msg_rcv: 283
tot_msg_sent: 573
tot_reconf_duration: 9.11
tot_sleeping_duration: 1967705.05
tot_uptimes: 512
tot_uptimes_duration: 30660.0
