comms_cons: 370.5542652990423
finished_reconf: true
global_termination_time: 2000712.73
local_termination_time: 445311.37592000025
node_cons: 41140.68525005118
tot_aggregated_send: 0
tot_msg_rcv: 28580
tot_msg_sent: 27745
tot_reconf_duration: 4.8100000000000005
tot_sleeping_duration: 1969992.6752800213
tot_uptimes: 513
tot_uptimes_duration: 30720.05471997871
