comms_cons: 197.86348799442143
finished_reconf: true
global_termination_time: 2002760.834
local_termination_time: 1257717.9093600002
node_cons: 41159.48274111677
tot_aggregated_send: 28826
tot_msg_rcv: 395
tot_msg_sent: 853
tot_reconf_duration: 18.700000000000003
tot_sleeping_duration: 1972040.8279200024
tot_uptimes: 513
tot_uptimes_duration: 30720.006079997635
