comms_cons: 202.9199743777758
finished_reconf: true
global_termination_time: 1998798.322
local_termination_time: 686686.262
node_cons: 41063.56463133129
tot_aggregated_send: 27026
tot_msg_rcv: 1286
tot_msg_sent: 2529
tot_reconf_duration: 5.43
tot_sleeping_duration: 1968136.491760021
tot_uptimes: 512
tot_uptimes_duration: 30661.83023997885
