comms_cons: 396.51287045129874
finished_reconf: true
global_termination_time: 3950087.2634799997
local_termination_time: 3950087.2223599995
node_cons: 81293.00705437166
tot_aggregated_send: 55216
tot_msg_rcv: 1634
tot_msg_sent: 3416
tot_reconf_duration: 37.410000000000004
tot_sleeping_duration: 3889413.473880019
tot_uptimes: 1012
tot_uptimes_duration: 60673.78959998056
