comms_cons: 393.65985284352894
finished_reconf: true
global_termination_time: 3952381.973
local_termination_time: 2048767.4163199987
node_cons: 81324.95242558286
tot_aggregated_send: 54520
tot_msg_rcv: 1664
tot_msg_sent: 3650
tot_reconf_duration: 15.34
tot_sleeping_duration: 3891661.9426000114
tot_uptimes: 1013
tot_uptimes_duration: 60720.03039998864
