comms_cons: 392.69850884795665
finished_reconf: true
global_termination_time: 3953176.78
local_termination_time: 2375798.19436
node_cons: 81311.68476558315
tot_aggregated_send: 54404
tot_msg_rcv: 1682
tot_msg_sent: 3601
tot_reconf_duration: 5.57
tot_sleeping_duration: 3892456.7496000114
tot_uptimes: 1013
tot_uptimes_duration: 60720.03039998864
