comms_cons: 389.95527682987154
finished_reconf: true
global_termination_time: 3950412.62
local_termination_time: 2390106.17248
node_cons: 81230.69836446573
tot_aggregated_send: 54462
tot_msg_rcv: 1422
tot_msg_sent: 3386
tot_reconf_duration: 5.1
tot_sleeping_duration: 3889752.5956800096
tot_uptimes: 1012
tot_uptimes_duration: 60660.02431999077
