comms_cons: 393.64268163274454
finished_reconf: true
global_termination_time: 3954732.646
local_termination_time: 1434140.3880799988
node_cons: 81316.49208558256
tot_aggregated_send: 55042
tot_msg_rcv: 1598
tot_msg_sent: 3190
tot_reconf_duration: 9.11
tot_sleeping_duration: 3894012.615600012
tot_uptimes: 1013
tot_uptimes_duration: 60720.030399988405
