comms_cons: 394.1549632352678
finished_reconf: true
global_termination_time: 3954953.813
local_termination_time: 1352604.4563599997
node_cons: 81324.64008558256
tot_aggregated_send: 54868
tot_msg_rcv: 1649
tot_msg_sent: 3392
tot_reconf_duration: 15.110000000000001
tot_sleeping_duration: 3894233.782600011
tot_uptimes: 1013
tot_uptimes_duration: 60720.03039998864
