comms_cons: 394.15329283778397
finished_reconf: true
global_termination_time: 3951261.828
local_termination_time: 1294758.75436
node_cons: 81236.58120669948
tot_aggregated_send: 55216
tot_msg_rcv: 1505
tot_msg_sent: 3188
tot_reconf_duration: 9.42
tot_sleeping_duration: 3890601.791520014
tot_uptimes: 1012
tot_uptimes_duration: 60660.03647998627
