comms_cons: 396.90387846891184
finished_reconf: true
global_termination_time: 3952845.386
local_termination_time: 432824.1188400001
node_cons: 81310.68525005132
tot_aggregated_send: 55332
tot_msg_rcv: 1623
tot_msg_sent: 3371
tot_reconf_duration: 4.8100000000000005
tot_sleeping_duration: 3892125.3312800196
tot_uptimes: 1013
tot_uptimes_duration: 60720.05471998011
