comms_cons: 396.24610564428826
finished_reconf: true
global_termination_time: 3953491.449
local_termination_time: 1759799.7354799998
node_cons: 81319.47968558312
tot_aggregated_send: 55158
tot_msg_rcv: 1699
tot_msg_sent: 3371
tot_reconf_duration: 11.31
tot_sleeping_duration: 3892771.418600011
tot_uptimes: 1013
tot_uptimes_duration: 60720.03039998887
