comms_cons: 197.16546559368985
finished_reconf: true
global_termination_time: 2010419.379
local_termination_time: 1406603.5428399995
node_cons: 41300.72161999954
tot_aggregated_send: 28130
tot_msg_rcv: 662
tot_msg_sent: 1176
tot_reconf_duration: 4.390000000000001
tot_sleeping_duration: 1979579.379
tot_uptimes: 515
tot_uptimes_duration: 30840.0
