comms_cons: 196.83868159519128
finished_reconf: true
global_termination_time: 2010319.26
local_termination_time: 1447034.4453199985
node_cons: 41310.11897999976
tot_aggregated_send: 28826
tot_msg_rcv: 414
tot_msg_sent: 678
tot_reconf_duration: 11.31
tot_sleeping_duration: 1979479.26
tot_uptimes: 515
tot_uptimes_duration: 30840.0
