comms_cons: 241.34479351689302
finished_reconf: true
global_termination_time: 833289.442
local_termination_time: 190993.59472000055
node_cons: 33777.08160599998
tot_aggregated_send: 0
tot_msg_rcv: 12339
tot_msg_sent: 24344
tot_reconf_duration: 18.21
tot_sleeping_duration: 808082.3080000001
tot_uptimes: 418
tot_uptimes_duration: 25207.13399999999
