comms_cons: 83.32024319978389
finished_reconf: true
global_termination_time: 834438.004
local_termination_time: 301117.3217200006
node_cons: 17116.561900000088
tot_aggregated_send: 11542
tot_msg_rcv: 422
tot_msg_sent: 702
tot_reconf_duration: 3.05
tot_sleeping_duration: 821658.004
tot_uptimes: 214
tot_uptimes_duration: 12780.0
