comms_cons: 86.69388159545133
finished_reconf: true
global_termination_time: 862451.536
local_termination_time: 365633.19636000006
node_cons: 17705.574982238322
tot_aggregated_send: 11658
tot_msg_rcv: 432
tot_msg_sent: 1085
tot_reconf_duration: 22.65
tot_sleeping_duration: 849251.5238400012
tot_uptimes: 221
tot_uptimes_duration: 13200.012159998703
