comms_cons: 169.17955833556286
finished_reconf: true
global_termination_time: 862392.997
local_termination_time: 3581.96436
node_cons: 17680.777902242888
tot_aggregated_send: 0
tot_msg_rcv: 12950
tot_msg_sent: 12763
tot_reconf_duration: 4.390000000000001
tot_sleeping_duration: 849192.9848399978
tot_uptimes: 221
tot_uptimes_duration: 13200.012160002138
