comms_cons: 414.42743664343624
finished_reconf: true
global_termination_time: 857415.6026399981
local_termination_time: 857415.5615199981
node_cons: 51993.12512980087
tot_aggregated_send: 0
tot_msg_rcv: 25511
tot_msg_sent: 37478
tot_reconf_duration: 24.59
tot_sleeping_duration: 818610.7244399969
tot_uptimes: 633
tot_uptimes_duration: 38804.878200001185
