comms_cons: 79.80157440053222
finished_reconf: true
global_termination_time: 795604.115
local_termination_time: 217785.40528000033
node_cons: 16313.210746728591
tot_aggregated_send: 10382
tot_msg_rcv: 635
tot_msg_sent: 1113
tot_reconf_duration: 3.05
tot_sleeping_duration: 783424.0785199936
tot_uptimes: 204
tot_uptimes_duration: 12180.036480006413
