comms_cons: 79.13524479844678
finished_reconf: true
global_termination_time: 798587.558
local_termination_time: 379572.71948
node_cons: 16397.814901121415
tot_aggregated_send: 10324
tot_msg_rcv: 649
tot_msg_sent: 1055
tot_reconf_duration: 6.22
tot_sleeping_duration: 786347.5519199988
tot_uptimes: 205
tot_uptimes_duration: 12240.006080001069
