comms_cons: 104.41303679269782
finished_reconf: true
global_termination_time: 1001292.375
local_termination_time: 306771.12372000056
node_cons: 20575.649651195905
tot_aggregated_send: 12876
tot_msg_rcv: 1013
tot_msg_sent: 1979
tot_reconf_duration: 6.279999999999999
tot_sleeping_duration: 985932.314200003
tot_uptimes: 257
tot_uptimes_duration: 15360.060799996952
