comms_cons: 100.86159999420593
finished_reconf: true
global_termination_time: 1002733.509
local_termination_time: 666120.4504799998
node_cons: 20581.942664471895
tot_aggregated_send: 13398
tot_msg_rcv: 673
tot_msg_sent: 1260
tot_reconf_duration: 10.95
tot_sleeping_duration: 987373.4846800059
tot_uptimes: 257
tot_uptimes_duration: 15360.024319993972
