comms_cons: 200.323071901356
finished_reconf: true
global_termination_time: 1001996.697
local_termination_time: 1403.7623600000004
node_cons: 20571.23074671254
tot_aggregated_send: 0
tot_msg_rcv: 15587
tot_msg_sent: 14860
tot_reconf_duration: 3.05
tot_sleeping_duration: 986636.6605200056
tot_uptimes: 257
tot_uptimes_duration: 15360.036479994407
