comms_cons: 273.13621117849857
finished_reconf: true
global_termination_time: 2732465.364
local_termination_time: 971737.2734799978
node_cons: 56168.40970165033
tot_aggregated_send: 36482
tot_msg_rcv: 1713
tot_msg_sent: 3321
tot_reconf_duration: 5.57
tot_sleeping_duration: 2690522.984880022
tot_uptimes: 700
tot_uptimes_duration: 41942.37911997861
