comms_cons: 270.25943679703573
finished_reconf: true
global_termination_time: 2729744.272
local_termination_time: 899729.9083599999
node_cons: 56168.64621999899
tot_aggregated_send: 39266
tot_msg_rcv: 600
tot_msg_sent: 1211
tot_reconf_duration: 8.09
tot_sleeping_duration: 2687804.272
tot_uptimes: 700
tot_uptimes_duration: 41940.0
