comms_cons: 270.4840703892951
finished_reconf: true
global_termination_time: 2729118.018
local_termination_time: 458371.36436000094
node_cons: 56096.152644161724
tot_aggregated_send: 38860
tot_msg_rcv: 772
tot_msg_sent: 1480
tot_reconf_duration: 9.11
tot_sleeping_duration: 2687233.192559998
tot_uptimes: 699
tot_uptimes_duration: 41884.82544000202
