comms_cons: 271.94492160153027
finished_reconf: true
global_termination_time: 2728476.835
local_termination_time: 1146468.738
node_cons: 56101.312424636155
tot_aggregated_send: 38857
tot_msg_rcv: 861
tot_msg_sent: 1616
tot_reconf_duration: 15.110000000000001
tot_sleeping_duration: 2686594.2412400017
tot_uptimes: 699
tot_uptimes_duration: 41882.59375999798
