comms_cons: 268.8392703930986
finished_reconf: true
global_termination_time: 2727318.053
local_termination_time: 1760197.65036
node_cons: 56093.480199999234
tot_aggregated_send: 39092
tot_msg_rcv: 651
tot_msg_sent: 1119
tot_reconf_duration: 11.899999999999999
tot_sleeping_duration: 2685438.053
tot_uptimes: 699
tot_uptimes_duration: 41880.0
