comms_cons: 484.34754564948565
finished_reconf: true
global_termination_time: 4956052.941
local_termination_time: 2206562.8718799977
node_cons: 101981.51400213374
tot_aggregated_send: 67860
tot_msg_rcv: 1926
tot_msg_sent: 3832
tot_reconf_duration: 15.34
tot_sleeping_duration: 4879906.053560017
tot_uptimes: 1270
tot_uptimes_duration: 76146.88743998273
