comms_cons: 478.12390403229494
finished_reconf: true
global_termination_time: 4954671.623
local_termination_time: 2555738.5753599997
node_cons: 101905.50996446509
tot_aggregated_send: 68788
tot_msg_rcv: 1224
tot_msg_sent: 2661
tot_reconf_duration: 25.299999999999997
tot_sleeping_duration: 4878591.598680008
tot_uptimes: 1269
tot_uptimes_duration: 76080.02431999124
