comms_cons: 488.4190976406697
finished_reconf: true
global_termination_time: 4957408.936
local_termination_time: 2235345.327
node_cons: 101982.5385197374
tot_aggregated_send: 69539
tot_msg_rcv: 1500
tot_msg_sent: 3197
tot_reconf_duration: 15.110000000000001
tot_sleeping_duration: 4881261.050160015
tot_uptimes: 1270
tot_uptimes_duration: 76147.88583998497
