comms_cons: 485.26393603630686
finished_reconf: true
global_termination_time: 4952816.895
local_termination_time: 1910201.17536
node_cons: 101886.53596781654
tot_aggregated_send: 69658
tot_msg_rcv: 1429
tot_msg_sent: 2672
tot_reconf_duration: 11.31
tot_sleeping_duration: 4876736.852440015
tot_uptimes: 1269
tot_uptimes_duration: 76080.0425599846
