comms_cons: 210.36709117473066
finished_reconf: true
global_termination_time: 2062167.81
local_termination_time: 386753.23936
node_cons: 42428.11336893885
tot_aggregated_send: 27840
tot_msg_rcv: 1342
tot_msg_sent: 2792
tot_reconf_duration: 6.279999999999999
tot_sleeping_duration: 2030487.7613600155
tot_uptimes: 529
tot_uptimes_duration: 31680.04863998451
