comms_cons: 204.12625919425864
finished_reconf: true
global_termination_time: 2061851.692
local_termination_time: 700198.1581999996
node_cons: 42437.40485999969
tot_aggregated_send: 29754
tot_msg_rcv: 414
tot_msg_sent: 858
tot_reconf_duration: 13.17
tot_sleeping_duration: 2030171.692
tot_uptimes: 529
tot_uptimes_duration: 31680.0
