comms_cons: 204.94931199249248
finished_reconf: true
global_termination_time: 2063072.535
local_termination_time: 732712.2489999989
node_cons: 42423.702639999574
tot_aggregated_send: 29870
tot_msg_rcv: 529
tot_msg_sent: 752
tot_reconf_duration: 3.08
tot_sleeping_duration: 2031392.535
tot_uptimes: 529
tot_uptimes_duration: 31680.0
