comms_cons: 203.8894079944379
finished_reconf: true
global_termination_time: 2062565.428
local_termination_time: 721916.8643599999
node_cons: 42440.039379999616
tot_aggregated_send: 29986
tot_msg_rcv: 379
tot_msg_sent: 624
tot_reconf_duration: 15.110000000000001
tot_sleeping_duration: 2030885.428
tot_uptimes: 529
tot_uptimes_duration: 31680.0
