comms_cons: 211.24532477387405
finished_reconf: true
global_termination_time: 2063557.343
local_termination_time: 160238.69336000006
node_cons: 42434.91154447156
tot_aggregated_send: 27492
tot_msg_rcv: 1486
tot_msg_sent: 3130
tot_reconf_duration: 11.31
tot_sleeping_duration: 2031877.318680006
tot_uptimes: 529
tot_uptimes_duration: 31680.024319993972
