comms_cons: 33.02237439991539
finished_reconf: true
global_termination_time: 13778.708240000004
local_termination_time: 2519.2880400000013
node_cons: 4357.357188800083
tot_aggregated_send: 0
tot_msg_rcv: 2465
tot_msg_sent: 2555
tot_reconf_duration: 18.21
tot_sleeping_duration: 10542.989039999944
tot_uptimes: 49
tot_uptimes_duration: 3235.7192000000605
