comms_cons: 2.2961407999966332
finished_reconf: true
global_termination_time: 18321.444
local_termination_time: 6488.617360000001
node_cons: 329.8882400000009
tot_aggregated_send: 0
tot_msg_rcv: 178
tot_msg_sent: 171
tot_reconf_duration: 6.279999999999999
tot_sleeping_duration: 18081.444
tot_uptimes: 5
tot_uptimes_duration: 240.0
