comms_cons: 2.1916159999913956
finished_reconf: true
global_termination_time: 17431.347
local_termination_time: 8732.84836
node_cons: 352.11869999999954
tot_aggregated_send: 0
tot_msg_rcv: 178
tot_msg_sent: 155
tot_reconf_duration: 22.65
tot_sleeping_duration: 17191.347
tot_uptimes: 5
tot_uptimes_duration: 240.0
