comms_cons: 315.4435839727493
finished_reconf: true
global_termination_time: 3215702.459
local_termination_time: 1479356.68536
node_cons: 66127.41662446603
tot_aggregated_send: 43268
tot_msg_rcv: 1594
tot_msg_sent: 3082
tot_reconf_duration: 5.57
tot_sleeping_duration: 3166322.4346800093
tot_uptimes: 824
tot_uptimes_duration: 49380.02431999054
