comms_cons: 316.2019583922057
finished_reconf: true
global_termination_time: 3216140.742
local_termination_time: 322787.47336000006
node_cons: 66127.27535116693
tot_aggregated_send: 43616
tot_msg_rcv: 1442
tot_msg_sent: 3002
tot_reconf_duration: 5.43
tot_sleeping_duration: 3166760.6812000237
tot_uptimes: 824
tot_uptimes_duration: 49380.060799976345
