comms_cons: 87.13016319353973
finished_reconf: true
global_termination_time: 862443.993
local_termination_time: 99224.10647999996
node_cons: 17685.85134895767
tot_aggregated_send: 11310
tot_msg_rcv: 567
tot_msg_sent: 1370
tot_reconf_duration: 8.09
tot_sleeping_duration: 849243.9443600018
tot_uptimes: 221
tot_uptimes_duration: 13200.048639998247
