comms_cons: 86.98388479717731
finished_reconf: true
global_termination_time: 865756.011
local_termination_time: 433163.6230800006
node_cons: 17771.316482242837
tot_aggregated_send: 11832
tot_msg_rcv: 467
tot_msg_sent: 921
tot_reconf_duration: 11.899999999999999
tot_sleeping_duration: 852495.9988399979
tot_uptimes: 222
tot_uptimes_duration: 13260.012160002138
