comms_cons: 90.58142719715255
finished_reconf: true
global_termination_time: 866451.48
local_termination_time: 232607.22080000027
node_cons: 17763.643747836246
tot_aggregated_send: 10962
tot_msg_rcv: 942
tot_msg_sent: 1863
tot_reconf_duration: 6.22
tot_sleeping_duration: 853191.4374400028
tot_uptimes: 222
tot_uptimes_duration: 13260.042559997179
