comms_cons: 165.05959674256235
finished_reconf: true
global_termination_time: 835722.399
local_termination_time: 267999.6547600004
node_cons: 17223.54312335055
tot_aggregated_send: 0
tot_msg_rcv: 12690
tot_msg_sent: 12399
tot_reconf_duration: 22.65
tot_sleeping_duration: 822882.3807600071
tot_uptimes: 215
tot_uptimes_duration: 12840.018239992904
