comms_cons: 85.17273599726867
finished_reconf: true
global_termination_time: 838262.797
local_termination_time: 65155.73836000002
node_cons: 17203.81134895308
tot_aggregated_send: 11194
tot_msg_rcv: 641
tot_msg_sent: 1110
tot_reconf_duration: 8.09
tot_sleeping_duration: 825422.7483600052
tot_uptimes: 215
tot_uptimes_duration: 12840.048639994813
