comms_cons: 86.66682879391476
finished_reconf: true
global_termination_time: 834495.137
local_termination_time: 259414.43936000005
node_cons: 17120.923747827048
tot_aggregated_send: 11020
tot_msg_rcv: 811
tot_msg_sent: 1341
tot_reconf_duration: 6.22
tot_sleeping_duration: 821715.0944400097
tot_uptimes: 214
tot_uptimes_duration: 12780.04255999031
