comms_cons: 117.70251519604003
finished_reconf: true
global_termination_time: 1171702.79012
local_termination_time: 1171702.749
node_cons: 24166.96329416344
tot_aggregated_send: 16214
tot_msg_rcv: 506
tot_msg_sent: 1171
tot_reconf_duration: 37.41
tot_sleeping_duration: 1153692.2146799974
tot_uptimes: 301
tot_uptimes_duration: 18010.575440002533
