comms_cons: 116.05708799495005
finished_reconf: true
global_termination_time: 1173826.455
local_termination_time: 636628.456
node_cons: 24137.26830431067
tot_aggregated_send: 15541
tot_msg_rcv: 699
tot_msg_sent: 1400
tot_reconf_duration: 15.110000000000001
tot_sleeping_duration: 1155815.440120007
tot_uptimes: 301
tot_uptimes_duration: 18011.014879993018
