comms_cons: 117.12949758625781
finished_reconf: true
global_termination_time: 1173924.147
local_termination_time: 284600.92064000043
node_cons: 24132.823828939327
tot_aggregated_send: 15370
tot_msg_rcv: 819
tot_msg_sent: 1614
tot_reconf_duration: 22.65
tot_sleeping_duration: 1155924.0983600155
tot_uptimes: 301
tot_uptimes_duration: 18000.04863998451
