comms_cons: 117.109759992378
finished_reconf: true
global_termination_time: 1174564.58
local_termination_time: 432458.78236
node_cons: 24110.520030065283
tot_aggregated_send: 15080
tot_msg_rcv: 852
tot_msg_sent: 1868
tot_reconf_duration: 6.22
tot_sleeping_duration: 1156564.5252800111
tot_uptimes: 301
tot_uptimes_duration: 18000.054719989013
