comms_cons: 380.9697664166306
finished_reconf: true
global_termination_time: 3892754.371
local_termination_time: 2406551.2361599994
node_cons: 80026.22848334891
tot_aggregated_send: 54114
tot_msg_rcv: 1292
tot_msg_sent: 2498
tot_reconf_duration: 5.57
tot_sleeping_duration: 3832994.3527600067
tot_uptimes: 997
tot_uptimes_duration: 59760.0182399929
