comms_cons: 392.594022465231
finished_reconf: true
global_termination_time: 3892500.825
local_termination_time: 542302.8631999996
node_cons: 80039.20822669994
tot_aggregated_send: 52896
tot_msg_rcv: 2255
tot_msg_sent: 4521
tot_reconf_duration: 15.110000000000001
tot_sleeping_duration: 3832740.7885200134
tot_uptimes: 997
tot_uptimes_duration: 59760.036479986506
