comms_cons: 389.0043264503414
finished_reconf: true
global_termination_time: 3892754.567
local_termination_time: 522877.615
node_cons: 80038.49156798443
tot_aggregated_send: 53938
tot_msg_rcv: 1874
tot_msg_sent: 3314
tot_reconf_duration: 9.42
tot_sleeping_duration: 3832989.29500001
tot_uptimes: 997
tot_uptimes_duration: 59765.27199998987
