comms_cons: 391.0748544421021
finished_reconf: true
global_termination_time: 3895642.11
local_termination_time: 307699.1974800001
node_cons: 80113.93151117615
tot_aggregated_send: 54520
tot_msg_rcv: 1613
tot_msg_sent: 3308
tot_reconf_duration: 10.95
tot_sleeping_duration: 3835822.0492000165
tot_uptimes: 998
tot_uptimes_duration: 59820.06079998368
