comms_cons: 394.737164866433
finished_reconf: true
global_termination_time: 3891588.683
local_termination_time: 9741.33748
node_cons: 80034.88161117616
tot_aggregated_send: 53244
tot_msg_rcv: 2226
tot_msg_sent: 4527
tot_reconf_duration: 11.899999999999999
tot_sleeping_duration: 3831828.6222000164
tot_uptimes: 997
tot_uptimes_duration: 59760.06079998368
