comms_cons: 394.7730688233022
finished_reconf: true
global_termination_time: 3894120.726
local_termination_time: 984353.2953999992
node_cons: 80105.60153228481
tot_aggregated_send: 53824
tot_msg_rcv: 2339
tot_msg_sent: 3840
tot_reconf_duration: 4.8100000000000005
tot_sleeping_duration: 3834300.6591200246
tot_uptimes: 998
tot_uptimes_duration: 59820.066879975144
