comms_cons: 387.9057088226175
finished_reconf: true
global_termination_time: 3894352.099
local_termination_time: 1684419.60436
node_cons: 80114.3796855829
tot_aggregated_send: 54636
tot_msg_rcv: 1536
tot_msg_sent: 2784
tot_reconf_duration: 11.31
tot_sleeping_duration: 3834532.068600011
tot_uptimes: 998
tot_uptimes_duration: 59820.03039998865
