comms_cons: 128.92067838666105
finished_reconf: true
global_termination_time: 806062.507
local_termination_time: 400931.1503600001
node_cons: 16580.81498223832
tot_aggregated_send: 0
tot_msg_rcv: 10036
tot_msg_sent: 9561
tot_reconf_duration: 22.65
tot_sleeping_duration: 793702.4948400012
tot_uptimes: 207
tot_uptimes_duration: 12360.012159998705
