comms_cons: 30.64184320153832
finished_reconf: true
global_termination_time: 239491.25328000032
local_termination_time: 239491.21216000032
node_cons: 4972.34056736966
tot_aggregated_send: 1682
tot_msg_rcv: 1072
tot_msg_sent: 1905
tot_reconf_duration: 24.59
tot_sleeping_duration: 235802.7190399931
tot_uptimes: 62
tot_uptimes_duration: 3688.534240007204
