comms_cons: 101.18935039540568
finished_reconf: true
global_termination_time: 1003903.909
local_termination_time: 257830.04736000006
node_cons: 20653.93640335516
tot_aggregated_send: 13688
tot_msg_rcv: 543
tot_msg_sent: 1150
tot_reconf_duration: 4.8100000000000005
tot_sleeping_duration: 988483.8907600036
tot_uptimes: 258
tot_uptimes_duration: 15420.018239996367
