comms_cons: 157.4671999963872
finished_reconf: true
global_termination_time: 1633850.048
local_termination_time: 763387.5993599979
node_cons: 33597.465373037354
tot_aggregated_send: 22852
tot_msg_rcv: 327
tot_msg_sent: 756
tot_reconf_duration: 7.819999999999999
tot_sleeping_duration: 1608766.518640002
tot_uptimes: 419
tot_uptimes_duration: 25083.52935999795
