comms_cons: 310.59150079664744
finished_reconf: true
global_termination_time: 3178025.666
local_termination_time: 1809923.3853599979
node_cons: 65378.917074153076
tot_aggregated_send: 45472
tot_msg_rcv: 520
tot_msg_sent: 1216
tot_reconf_duration: 25.299999999999997
tot_sleeping_duration: 3129224.6505600046
tot_uptimes: 814
tot_uptimes_duration: 48801.0154399958
