comms_cons: 313.4414528070863
finished_reconf: true
global_termination_time: 3174978.514
local_termination_time: 327318.9213600001
node_cons: 65320.6026399987
tot_aggregated_send: 45472
tot_msg_rcv: 661
tot_msg_sent: 1508
tot_reconf_duration: 3.08
tot_sleeping_duration: 3126198.514
tot_uptimes: 814
tot_uptimes_duration: 48780.00000000003
