comms_cons: 315.3673728165442
finished_reconf: true
global_termination_time: 3177340.917
local_termination_time: 1985410.37536
node_cons: 65332.58019999883
tot_aggregated_send: 45878
tot_msg_rcv: 791
tot_msg_sent: 1265
tot_reconf_duration: 11.899999999999999
tot_sleeping_duration: 3128560.917
tot_uptimes: 814
tot_uptimes_duration: 48780.0
