comms_cons: 322.27020801748705
finished_reconf: true
global_termination_time: 3175453.264
local_termination_time: 946541.05036
node_cons: 65327.12097116769
tot_aggregated_send: 43152
tot_msg_rcv: 2102
tot_msg_sent: 3730
tot_reconf_duration: 7.819999999999999
tot_sleeping_duration: 3126673.203200023
tot_uptimes: 814
tot_uptimes_duration: 48780.06079997681
