comms_cons: 313.83669119367926
finished_reconf: true
global_termination_time: 3176340.685
local_termination_time: 969132.90136
node_cons: 65324.907465583245
tot_aggregated_send: 42746
tot_msg_rcv: 1686
tot_msg_sent: 3271
tot_reconf_duration: 6.22
tot_sleeping_duration: 3127560.6546000117
tot_uptimes: 814
tot_uptimes_duration: 48780.030399988405
