comms_cons: 322.9702848155444
finished_reconf: true
global_termination_time: 3174077.971239997
local_termination_time: 276754.8558000007
node_cons: 65270.604676117255
tot_aggregated_send: 42398
tot_msg_rcv: 2254
tot_msg_sent: 4436
tot_reconf_duration: 11.31
tot_sleeping_duration: 3125343.6578000276
tot_uptimes: 813
tot_uptimes_duration: 48734.31343996909
