comms_cons: 29.284019199287393
finished_reconf: true
global_termination_time: 191487.40624000016
local_termination_time: 66675.86159999996
node_cons: 3962.2437004816293
tot_aggregated_send: 0
tot_msg_rcv: 2242
tot_msg_sent: 2209
tot_reconf_duration: 4.8100000000000005
tot_sleeping_duration: 188533.17791999894
tot_uptimes: 50
tot_uptimes_duration: 2954.228320001217
