comms_cons: 19.724441599736625
finished_reconf: true
global_termination_time: 194188.69
local_termination_time: 84809.92859999996
node_cons: 3952.0189800000194
tot_aggregated_send: 2610
tot_msg_rcv: 166
tot_msg_sent: 222
tot_reconf_duration: 11.31
tot_sleeping_duration: 191248.69
tot_uptimes: 50
tot_uptimes_duration: 2940.0
