comms_cons: 275.3667072006851
finished_reconf: true
global_termination_time: 2792685.709
local_termination_time: 609928.1363599999
node_cons: 57455.471379998955
tot_aggregated_send: 40542
tot_msg_rcv: 445
tot_msg_sent: 867
tot_reconf_duration: 9.11
tot_sleeping_duration: 2749785.709
tot_uptimes: 716
tot_uptimes_duration: 42900.0
