comms_cons: 274.97387520206865
finished_reconf: true
global_termination_time: 2793182.435
local_termination_time: 1692210.9593999984
node_cons: 57460.25153999912
tot_aggregated_send: 40542
tot_msg_rcv: 334
tot_msg_sent: 917
tot_reconf_duration: 12.629999999999999
tot_sleeping_duration: 2750282.435
tot_uptimes: 716
tot_uptimes_duration: 42899.99999999997
