comms_cons: 283.3924607774789
finished_reconf: true
global_termination_time: 2794385.883
local_termination_time: 1541642.423359999
node_cons: 57453.77654781723
tot_aggregated_send: 37294
tot_msg_rcv: 1941
tot_msg_sent: 3839
tot_reconf_duration: 7.819999999999999
tot_sleeping_duration: 2751485.8404400162
tot_uptimes: 716
tot_uptimes_duration: 42900.042559983674
