comms_cons: 171.5855359971392
finished_reconf: true
global_termination_time: 1750273.914
local_termination_time: 1198237.91936
node_cons: 36026.67739999997
tot_aggregated_send: 25230
tot_msg_rcv: 291
tot_msg_sent: 559
tot_reconf_duration: 25.299999999999997
tot_sleeping_duration: 1723393.914
tot_uptimes: 449
tot_uptimes_duration: 26880.0
