comms_cons: 36.310604800790806
finished_reconf: true
global_termination_time: 351672.094
local_termination_time: 193297.45836000005
node_cons: 7261.399405607153
tot_aggregated_send: 4582
tot_msg_rcv: 314
tot_msg_sent: 623
tot_reconf_duration: 22.65
tot_sleeping_duration: 346272.06359999464
tot_uptimes: 91
tot_uptimes_duration: 5400.030400005344
