comms_cons: 35.95498240034368
finished_reconf: true
global_termination_time: 349676.401
local_termination_time: 87939.01347999995
node_cons: 7156.816403362018
tot_aggregated_send: 4524
tot_msg_rcv: 301
tot_msg_sent: 640
tot_reconf_duration: 4.8100000000000005
tot_sleeping_duration: 344336.3827599985
tot_uptimes: 90
tot_uptimes_duration: 5340.018240001504
