comms_cons: 68.68358400762915
finished_reconf: true
global_termination_time: 349498.5027200002
local_termination_time: 562.59236
node_cons: 7193.06031808028
tot_aggregated_send: 0
tot_msg_rcv: 5277
tot_msg_sent: 5160
tot_reconf_duration: 15.34
tot_sleeping_duration: 344142.096
tot_uptimes: 90
tot_uptimes_duration: 5356.406720000203
