comms_cons: 976.1089399723646
finished_reconf: true
global_termination_time: 2314425.867
local_termination_time: 397763.9774800001
node_cons: 140798.91657016947
tot_aggregated_send: 0
tot_msg_rcv: 59779
tot_msg_sent: 88584
tot_reconf_duration: 18.21
tot_sleeping_duration: 2209292.0452000196
tot_uptimes: 1730
tot_uptimes_duration: 105133.82179998049
