comms_cons: 229.05547518977568
finished_reconf: true
global_termination_time: 2304194.4542799992
local_termination_time: 2304194.413159999
node_cons: 47473.463405034934
tot_aggregated_send: 33104
tot_msg_rcv: 585
tot_msg_sent: 1126
tot_reconf_duration: 24.59
tot_sleeping_duration: 2268764.9769200026
tot_uptimes: 591
tot_uptimes_duration: 35429.47735999688
