comms_cons: 196.17200639233766
finished_reconf: true
global_termination_time: 1978171.397
local_termination_time: 1196672.0021999995
node_cons: 40740.90823999974
tot_aggregated_send: 28304
tot_msg_rcv: 472
tot_msg_sent: 1041
tot_reconf_duration: 6.279999999999999
tot_sleeping_duration: 1947751.397
tot_uptimes: 507
tot_uptimes_duration: 30420.0
