comms_cons: 193.57980159491746
finished_reconf: true
global_termination_time: 1980022.662
local_termination_time: 1251805.8833599996
node_cons: 40739.305799999514
tot_aggregated_send: 28536
tot_msg_rcv: 212
tot_msg_sent: 675
tot_reconf_duration: 5.1
tot_sleeping_duration: 1949602.662
tot_uptimes: 508
tot_uptimes_duration: 30420.0
