comms_cons: 195.53382399419456
finished_reconf: true
global_termination_time: 1980429.34
local_termination_time: 974796.1612799983
node_cons: 40750.26485999976
tot_aggregated_send: 28362
tot_msg_rcv: 451
tot_msg_sent: 907
tot_reconf_duration: 13.17
tot_sleeping_duration: 1950009.34
tot_uptimes: 508
tot_uptimes_duration: 30420.0
