comms_cons: 194.72079359562412
finished_reconf: true
global_termination_time: 1978657.979
local_termination_time: 1139743.69136
node_cons: 40672.87171999982
tot_aggregated_send: 28594
tot_msg_rcv: 319
tot_msg_sent: 683
tot_reconf_duration: 15.34
tot_sleeping_duration: 1948297.979
tot_uptimes: 507
tot_uptimes_duration: 30360.0
