comms_cons: 470.97826568238236
finished_reconf: true
global_termination_time: 4678491.737
local_termination_time: 16109.768480000002
node_cons: 96272.13059117124
tot_aggregated_send: 64496
tot_msg_rcv: 2284
tot_msg_sent: 4804
tot_reconf_duration: 18.21
tot_sleeping_duration: 4606611.676200019
tot_uptimes: 1199
tot_uptimes_duration: 71880.06079998054
