comms_cons: 265.68908801232345
finished_reconf: true
global_termination_time: 2643947.243
local_termination_time: 1186499.5395999998
node_cons: 54420.97126446663
tot_aggregated_send: 36714
tot_msg_rcv: 1132
tot_msg_sent: 2538
tot_reconf_duration: 22.65
tot_sleeping_duration: 2603327.2186800092
tot_uptimes: 678
tot_uptimes_duration: 40620.02431999077
