comms_cons: 268.7501056138032
finished_reconf: true
global_termination_time: 2646166.719
local_termination_time: 981899.8257999984
node_cons: 54397.130223349894
tot_aggregated_send: 36482
tot_msg_rcv: 1580
tot_msg_sent: 2786
tot_reconf_duration: 5.1
tot_sleeping_duration: 2605546.700760007
tot_uptimes: 678
tot_uptimes_duration: 40620.01823999314
