comms_cons: 267.12865920898525
finished_reconf: true
global_termination_time: 2644157.296
local_termination_time: 1168756.7184799998
node_cons: 54424.56182334999
tot_aggregated_send: 36946
tot_msg_rcv: 1354
tot_msg_sent: 2302
tot_reconf_duration: 25.299999999999997
tot_sleeping_duration: 2603537.277760007
tot_uptimes: 678
tot_uptimes_duration: 40620.01823999314
