comms_cons: 261.33240319943815
finished_reconf: true
global_termination_time: 2647244.064
local_termination_time: 1237325.1914799998
node_cons: 54408.06485999901
tot_aggregated_send: 38396
tot_msg_rcv: 466
tot_msg_sent: 859
tot_reconf_duration: 13.17
tot_sleeping_duration: 2606624.064
tot_uptimes: 678
tot_uptimes_duration: 40620.0
