comms_cons: 268.5663103877744
finished_reconf: true
global_termination_time: 2643825.8904799977
local_termination_time: 9277.2946
node_cons: 54424.74966654293
tot_aggregated_send: 36250
tot_msg_rcv: 1548
tot_msg_sent: 3021
tot_reconf_duration: 11.31
tot_sleeping_duration: 2603191.54344001
tot_uptimes: 678
tot_uptimes_duration: 40634.347039987915
