comms_cons: 105.73213439909794
finished_reconf: true
global_termination_time: 1066932.012
local_termination_time: 110956.61023999944
node_cons: 21967.071927840432
tot_aggregated_send: 13920
tot_msg_rcv: 809
tot_msg_sent: 1343
tot_reconf_duration: 15.34
tot_sleeping_duration: 1050541.9894399997
tot_uptimes: 274
tot_uptimes_duration: 16390.02256000029
