comms_cons: 104.53753599959882
finished_reconf: true
global_termination_time: 1065583.227
local_termination_time: 341828.08148000005
node_cons: 21869.68038671943
tot_aggregated_send: 13978
tot_msg_rcv: 693
tot_msg_sent: 1219
tot_reconf_duration: 12.629999999999999
tot_sleeping_duration: 1049263.1905200004
tot_uptimes: 273
tot_uptimes_duration: 16320.036479999544
