comms_cons: 102.93816319833563
finished_reconf: true
global_termination_time: 1068818.646
local_termination_time: 266588.97336
node_cons: 21958.247164481094
tot_aggregated_send: 14152
tot_msg_rcv: 401
tot_msg_sent: 1093
tot_reconf_duration: 18.700000000000003
tot_sleeping_duration: 1052438.6216799992
tot_uptimes: 274
tot_uptimes_duration: 16380.02432000084
