comms_cons: 106.39662079799369
finished_reconf: true
global_termination_time: 1069419.965
local_termination_time: 449370.4239600001
node_cons: 21948.99648223825
tot_aggregated_send: 14790
tot_msg_rcv: 518
tot_msg_sent: 863
tot_reconf_duration: 11.899999999999999
tot_sleeping_duration: 1053039.9528400013
tot_uptimes: 274
tot_uptimes_duration: 16380.012159998703
