comms_cons: 10.218060799969487
finished_reconf: true
global_termination_time: 98583.095
local_termination_time: 2765.2212400000003
node_cons: 2014.0596244794592
tot_aggregated_send: 522
tot_msg_rcv: 436
tot_msg_sent: 596
tot_reconf_duration: 4.07
tot_sleeping_duration: 97083.0706800004
tot_uptimes: 26
tot_uptimes_duration: 1500.0243199995966
