comms_cons: 11.613510399907193
finished_reconf: true
global_termination_time: 99115.771
local_termination_time: 4299.7699999999995
node_cons: 2027.3381278380525
tot_aggregated_send: 508
tot_msg_rcv: 520
tot_msg_sent: 737
tot_reconf_duration: 13.83
tot_sleeping_duration: 97615.72844000145
tot_uptimes: 26
tot_uptimes_duration: 1500.0425599985465
