comms_cons: 11.352537599941494
finished_reconf: true
global_termination_time: 100489.39
local_termination_time: 543.7032399999998
node_cons: 2018.1472044777443
tot_aggregated_send: 464
tot_msg_rcv: 550
tot_msg_sent: 714
tot_reconf_duration: 7.08
tot_sleeping_duration: 98989.36568000169
tot_uptimes: 26
tot_uptimes_duration: 1500.024319998316
