comms_cons: 11.74042879986022
finished_reconf: true
global_termination_time: 100320.823
local_termination_time: 4917.2390000000005
node_cons: 2022.8757467169044
tot_aggregated_send: 395
tot_msg_rcv: 564
tot_msg_sent: 827
tot_reconf_duration: 10.55
tot_sleeping_duration: 98820.78652000231
tot_uptimes: 26
tot_uptimes_duration: 1500.0364799976887
