comms_cons: 827.6671118906598
finished_reconf: true
global_termination_time: 5164256.694
local_termination_time: 1253120.8688399997
node_cons: 106224.87968558601
tot_aggregated_send: 0
tot_msg_rcv: 63475
tot_msg_sent: 62324
tot_reconf_duration: 11.31
tot_sleeping_duration: 5084936.663600008
tot_uptimes: 1323
tot_uptimes_duration: 79320.03039999184
