comms_cons: 95.3432447988256
finished_reconf: true
global_termination_time: 970708.748
local_termination_time: 238284.08300000092
node_cons: 19932.84824000003
tot_aggregated_send: 14036
tot_msg_rcv: 112
tot_msg_sent: 343
tot_reconf_duration: 6.279999999999999
tot_sleeping_duration: 955828.748
tot_uptimes: 249
tot_uptimes_duration: 14880.0
