comms_cons: 94.827263999149
finished_reconf: true
global_termination_time: 967675.073
local_termination_time: 341970.04896000016
node_cons: 19878.345541121445
tot_aggregated_send: 14036
tot_msg_rcv: 110
tot_msg_sent: 267
tot_reconf_duration: 25.299999999999997
tot_sleeping_duration: 952855.066919999
tot_uptimes: 248
tot_uptimes_duration: 14820.006080001069
