comms_cons: 95.41155839801371
finished_reconf: true
global_termination_time: 970920.342
local_termination_time: 499255.94600000046
node_cons: 19930.851980000036
tot_aggregated_send: 14036
tot_msg_rcv: 122
tot_msg_sent: 344
tot_reconf_duration: 4.8100000000000005
tot_sleeping_duration: 956040.342
tot_uptimes: 249
tot_uptimes_duration: 14880.000000000007
