comms_cons: 95.931942397141
finished_reconf: true
global_termination_time: 971701.526
local_termination_time: 135562.367
node_cons: 19930.5558817614
tot_aggregated_send: 13860
tot_msg_rcv: 255
tot_msg_sent: 467
tot_reconf_duration: 3.05
tot_sleeping_duration: 956819.962159999
tot_uptimes: 249
tot_uptimes_duration: 14881.563840001036
