comms_cons: 55.87777279983798
finished_reconf: true
global_termination_time: 545593.594
local_termination_time: 17202.496
node_cons: 11175.747465602568
tot_aggregated_send: 7185
tot_msg_rcv: 433
tot_msg_sent: 875
tot_reconf_duration: 6.22
tot_sleeping_duration: 537253.5635999981
tot_uptimes: 140
tot_uptimes_duration: 8340.03040000191
