comms_cons: 40.528499200544765
finished_reconf: true
global_termination_time: 394001.08052000037
local_termination_time: 394001.03940000036
node_cons: 8109.7027277651205
tot_aggregated_send: 5264
tot_msg_rcv: 344
tot_msg_sent: 551
tot_reconf_duration: 24.59
tot_sleeping_duration: 387969.4826799965
tot_uptimes: 101
tot_uptimes_duration: 6031.5978400038075
