comms_cons: 39.468620800462915
finished_reconf: true
global_termination_time: 394727.996
local_termination_time: 308618.81536000007
node_cons: 8124.95956000002
tot_aggregated_send: 5510
tot_msg_rcv: 148
tot_msg_sent: 341
tot_reconf_duration: 7.819999999999999
tot_sleeping_duration: 388667.996
tot_uptimes: 102
tot_uptimes_duration: 6060.0
