comms_cons: 46.27214080086932
finished_reconf: true
global_termination_time: 458714.881
local_termination_time: 361006.20960000006
node_cons: 9406.713941121412
tot_aggregated_send: 6206
tot_msg_rcv: 249
tot_msg_sent: 579
tot_reconf_duration: 5.1
tot_sleeping_duration: 451694.8749199989
tot_uptimes: 118
tot_uptimes_duration: 7020.006080001069
