comms_cons: 46.75179520080655
finished_reconf: true
global_termination_time: 458724.116
local_termination_time: 133461.90228000036
node_cons: 9417.664860000028
tot_aggregated_send: 6264
tot_msg_rcv: 332
tot_msg_sent: 510
tot_reconf_duration: 13.17
tot_sleeping_duration: 451704.116
tot_uptimes: 118
tot_uptimes_duration: 7020.0
