comms_cons: 45.86798720017185
finished_reconf: true
global_termination_time: 458974.428
local_termination_time: 129272.75311999946
node_cons: 9421.723003679304
tot_aggregated_send: 6380
tot_msg_rcv: 190
tot_msg_sent: 402
tot_reconf_duration: 11.31
tot_sleeping_duration: 451949.51088000054
tot_uptimes: 118
tot_uptimes_duration: 7024.91711999946
