comms_cons: 99.99068159601033
finished_reconf: true
global_termination_time: 998154.0520799996
local_termination_time: 998154.0109599996
node_cons: 20545.521472722117
tot_aggregated_send: 13906
tot_msg_rcv: 402
tot_msg_sent: 889
tot_reconf_duration: 24.59
tot_sleeping_duration: 982835.061599998
tot_uptimes: 256
tot_uptimes_duration: 15318.99048000155
