comms_cons: 169.46703358962824
finished_reconf: true
global_termination_time: 1692229.7140399993
local_termination_time: 1692229.6729199993
node_cons: 34874.70248903559
tot_aggregated_send: 23896
tot_msg_rcv: 643
tot_msg_sent: 1218
tot_reconf_duration: 37.410000000000004
tot_sleeping_duration: 1666222.3206800027
tot_uptimes: 434
tot_uptimes_duration: 26007.393359996728
