comms_cons: 171.88880638497494
finished_reconf: true
global_termination_time: 1692809.597
local_termination_time: 1076.028560000001
node_cons: 34812.01430894382
tot_aggregated_send: 23316
tot_msg_rcv: 1019
tot_msg_sent: 1792
tot_reconf_duration: 18.21
tot_sleeping_duration: 1666829.548360012
tot_uptimes: 434
tot_uptimes_duration: 25980.048639987945
