comms_cons: 165.23545598659518
finished_reconf: true
global_termination_time: 1694106.712
local_termination_time: 714013.8033599999
node_cons: 34794.170223350426
tot_aggregated_send: 22098
tot_msg_rcv: 981
tot_msg_sent: 2037
tot_reconf_duration: 5.1
tot_sleeping_duration: 1668126.6937600072
tot_uptimes: 434
tot_uptimes_duration: 25980.018239992904
