comms_cons: 165.49999359423367
finished_reconf: true
global_termination_time: 1692999.138
local_termination_time: 725339.848
node_cons: 34804.937051619854
tot_aggregated_send: 22501
tot_msg_rcv: 962
tot_msg_sent: 1693
tot_reconf_duration: 8.09
tot_sleeping_duration: 1667014.111240015
tot_uptimes: 434
tot_uptimes_duration: 25985.02675998502
