comms_cons: 120.84107517158292
finished_reconf: true
global_termination_time: 946122.4722400004
local_termination_time: 26335.267480000002
node_cons: 19534.966750705396
tot_aggregated_send: 6206
tot_msg_rcv: 4915
tot_msg_sent: 7263
tot_reconf_duration: 18.21
tot_sleeping_duration: 931551.7197600113
tot_uptimes: 243
tot_uptimes_duration: 14570.752479989082
