comms_cons: 93.95755519633985
finished_reconf: true
global_termination_time: 947424.399
local_termination_time: 26361.480400000004
node_cons: 19473.03870000003
tot_aggregated_send: 13572
tot_msg_rcv: 265
tot_msg_sent: 444
tot_reconf_duration: 22.65
tot_sleeping_duration: 932904.399
tot_uptimes: 243
tot_uptimes_duration: 14520.0
