comms_cons: 93.55685119882192
finished_reconf: true
global_termination_time: 949162.302
local_termination_time: 368817.8295200008
node_cons: 19531.148239999988
tot_aggregated_send: 13746
tot_msg_rcv: 131
tot_msg_sent: 343
tot_reconf_duration: 6.279999999999999
tot_sleeping_duration: 934582.302
tot_uptimes: 244
tot_uptimes_duration: 14580.0
