comms_cons: 93.2877311985846
finished_reconf: true
global_termination_time: 946459.334
local_termination_time: 676865.1287199988
node_cons: 19460.164860000084
tot_aggregated_send: 13572
tot_msg_rcv: 155
tot_msg_sent: 452
tot_reconf_duration: 13.17
tot_sleeping_duration: 931939.334
tot_uptimes: 243
tot_uptimes_duration: 14520.0
