comms_cons: 93.10946559881991
finished_reconf: true
global_termination_time: 946738.313
local_termination_time: 834435.7343599998
node_cons: 19457.638979999945
tot_aggregated_send: 13746
tot_msg_rcv: 126
tot_msg_sent: 280
tot_reconf_duration: 11.31
tot_sleeping_duration: 932218.313
tot_uptimes: 243
tot_uptimes_duration: 14520.0
