comms_cons: 14.567769599908992
finished_reconf: true
global_termination_time: 131723.638
local_termination_time: 88081.09535999996
node_cons: 2658.792201120282
tot_aggregated_send: 1334
tot_msg_rcv: 357
tot_msg_sent: 525
tot_reconf_duration: 5.57
tot_sleeping_duration: 129743.6319199998
tot_uptimes: 34
tot_uptimes_duration: 1980.0060800002175
