comms_cons: 15.996358399791731
finished_reconf: true
global_termination_time: 127712.863
local_termination_time: 20291.910359999998
node_cons: 2576.8660433585933
tot_aggregated_send: 1044
tot_msg_rcv: 622
tot_msg_sent: 766
tot_reconf_duration: 4.390000000000001
tot_sleeping_duration: 125792.84476000105
tot_uptimes: 33
tot_uptimes_duration: 1920.0182399989499
