comms_cons: 87.55787519870509
finished_reconf: true
global_termination_time: 878304.6639999991
local_termination_time: 878304.6228799991
node_cons: 18077.500667601256
tot_aggregated_send: 12398
tot_msg_rcv: 295
tot_msg_sent: 616
tot_reconf_duration: 24.59
tot_sleeping_duration: 864828.8555999981
tot_uptimes: 225
tot_uptimes_duration: 13475.808400000911
