comms_cons: 2.2171903999926736
finished_reconf: true
global_termination_time: 13993.661
local_termination_time: 10301.68436
node_cons: 261.53937999999835
tot_aggregated_send: 0
tot_msg_rcv: 177
tot_msg_sent: 160
tot_reconf_duration: 15.110000000000001
tot_sleeping_duration: 13813.661
tot_uptimes: 4
tot_uptimes_duration: 180.0
