comms_cons: 262.05491839020976
finished_reconf: true
global_termination_time: 2579964.435
local_termination_time: 1011573.1141599993
node_cons: 53033.00965116817
tot_aggregated_send: 34974
tot_msg_rcv: 1737
tot_msg_sent: 3120
tot_reconf_duration: 6.279999999999999
tot_sleeping_duration: 2540364.3742000232
tot_uptimes: 661
tot_uptimes_duration: 39600.06079997681
