comms_cons: 256.08779520051644
finished_reconf: true
global_termination_time: 2580652.912
local_termination_time: 1348899.86
node_cons: 53038.581545718676
tot_aggregated_send: 36944
tot_msg_rcv: 765
tot_msg_sent: 1215
tot_reconf_duration: 9.42
tot_sleeping_duration: 2541051.8745200005
tot_uptimes: 661
tot_uptimes_duration: 39601.03747999971
