comms_cons: 173.6974591941424
finished_reconf: true
global_termination_time: 1754895.886
local_termination_time: 853320.8043599998
node_cons: 36093.179379999885
tot_aggregated_send: 25288
tot_msg_rcv: 373
tot_msg_sent: 740
tot_reconf_duration: 15.110000000000001
tot_sleeping_duration: 1727955.886
tot_uptimes: 450
tot_uptimes_duration: 26940.0
