comms_cons: 71.09483520078372
finished_reconf: true
global_termination_time: 713314.496
local_termination_time: 424790.3189200003
node_cons: 14629.44406000003
tot_aggregated_send: 10092
tot_msg_rcv: 254
tot_msg_sent: 459
tot_reconf_duration: 5.57
tot_sleeping_duration: 702394.496
tot_uptimes: 183
tot_uptimes_duration: 10920.0
