comms_cons: 72.48962560009191
finished_reconf: true
global_termination_time: 711798.616
local_termination_time: 453318.05136000004
node_cons: 14628.805799999991
tot_aggregated_send: 9280
tot_msg_rcv: 564
tot_msg_sent: 1174
tot_reconf_duration: 5.1
tot_sleeping_duration: 700878.616
tot_uptimes: 183
tot_uptimes_duration: 10920.0
