comms_cons: 111.91219200612127
finished_reconf: true
global_termination_time: 714220.544
local_termination_time: 378067.10736
node_cons: 14656.27810560256
tot_aggregated_send: 0
tot_msg_rcv: 8671
tot_msg_sent: 8339
tot_reconf_duration: 25.299999999999997
tot_sleeping_duration: 703300.5135999981
tot_uptimes: 183
tot_uptimes_duration: 10920.03040000191
