comms_cons: 70.13427200049176
finished_reconf: true
global_termination_time: 715243.572
local_termination_time: 470414.84444000066
node_cons: 14720.10486
tot_aggregated_send: 10092
tot_msg_rcv: 172
tot_msg_sent: 396
tot_reconf_duration: 13.17
tot_sleeping_duration: 704263.572
tot_uptimes: 184
tot_uptimes_duration: 10980.0
