comms_cons: 70.37832960032945
finished_reconf: true
global_termination_time: 712825.136
local_termination_time: 137645.06948000006
node_cons: 14652.663123364306
tot_aggregated_send: 9454
tot_msg_rcv: 442
tot_msg_sent: 801
tot_reconf_duration: 22.65
tot_sleeping_duration: 701905.1177599969
tot_uptimes: 183
tot_uptimes_duration: 10920.018240003206
