comms_cons: 91.62193919641231
finished_reconf: true
global_termination_time: 913789.478
local_termination_time: 363544.22524000047
node_cons: 18806.4858
tot_aggregated_send: 12760
tot_msg_rcv: 357
tot_msg_sent: 809
tot_reconf_duration: 5.1
tot_sleeping_duration: 899749.478
tot_uptimes: 235
tot_uptimes_duration: 14040.0
