comms_cons: 90.26725120037521
finished_reconf: true
global_termination_time: 914977.896
local_termination_time: 372986.50428000034
node_cons: 18810.179560000037
tot_aggregated_send: 13340
tot_msg_rcv: 155
tot_msg_sent: 225
tot_reconf_duration: 7.819999999999999
tot_sleeping_duration: 900937.896
tot_uptimes: 235
tot_uptimes_duration: 14040.0
