comms_cons: 90.18767359861414
finished_reconf: true
global_termination_time: 916638.326
local_termination_time: 624346.37636
node_cons: 18808.006760000146
tot_aggregated_send: 13282
tot_msg_rcv: 141
tot_msg_sent: 285
tot_reconf_duration: 6.22
tot_sleeping_duration: 902598.326
tot_uptimes: 235
tot_uptimes_duration: 14040.0
