comms_cons: 15.74465279988188
finished_reconf: true
global_termination_time: 159591.309
local_termination_time: 61908.01248000002
node_cons: 3222.046760000003
tot_aggregated_send: 2146
tot_msg_rcv: 78
tot_msg_sent: 169
tot_reconf_duration: 6.22
tot_sleeping_duration: 157191.309
tot_uptimes: 41
tot_uptimes_duration: 2400.0
