comms_cons: 96.08921599954448
finished_reconf: true
global_termination_time: 995795.445
local_termination_time: 635039.9863599979
node_cons: 20492.794663037228
tot_aggregated_send: 14442
tot_msg_rcv: 47
tot_msg_sent: 116
tot_reconf_duration: 4.390000000000001
tot_sleeping_duration: 980495.345640002
tot_uptimes: 256
tot_uptimes_duration: 15300.099359997894
