comms_cons: 361.05822084236195
finished_reconf: true
global_termination_time: 3581045.615119997
local_termination_time: 95314.14759999994
node_cons: 73726.55972084758
tot_aggregated_send: 49474
tot_msg_rcv: 1783
tot_msg_sent: 3619
tot_reconf_duration: 25.299999999999997
tot_sleeping_duration: 3526010.36320002
tot_uptimes: 918
tot_uptimes_duration: 55035.251919977076
