comms_cons: 357.2613504404284
finished_reconf: true
global_termination_time: 3581788.33
local_termination_time: 2110425.9945999985
node_cons: 73688.9641044664
tot_aggregated_send: 49880
tot_msg_rcv: 1524
tot_msg_sent: 2899
tot_reconf_duration: 12.629999999999999
tot_sleeping_duration: 3526768.305680009
tot_uptimes: 918
tot_uptimes_duration: 55020.02431999124
