comms_cons: 360.10656004133847
finished_reconf: true
global_termination_time: 3583153.017
local_termination_time: 2174448.711
node_cons: 73712.28194782416
tot_aggregated_send: 49066
tot_msg_rcv: 1853
tot_msg_sent: 3816
tot_reconf_duration: 18.700000000000003
tot_sleeping_duration: 3528121.7344400105
tot_uptimes: 918
tot_uptimes_duration: 55031.28255998925
