comms_cons: 352.172044802227
finished_reconf: true
global_termination_time: 3581310.4
local_termination_time: 2449166.804879998
node_cons: 73692.50747543256
tot_aggregated_send: 51330
tot_msg_rcv: 696
tot_msg_sent: 1502
tot_reconf_duration: 11.899999999999999
tot_sleeping_duration: 3526286.989040004
tot_uptimes: 918
tot_uptimes_duration: 55023.41095999582
