comms_cons: 360.70454405073275
finished_reconf: true
global_termination_time: 3583043.489
local_termination_time: 1045303.2597199999
node_cons: 73675.95446446599
tot_aggregated_send: 50112
tot_msg_rcv: 1633
tot_msg_sent: 3080
tot_reconf_duration: 3.05
tot_sleeping_duration: 3528023.464680009
tot_uptimes: 918
tot_uptimes_duration: 55020.02431999077
