comms_cons: 359.3236352569846
finished_reconf: true
global_termination_time: 3582427.448
local_termination_time: 900298.6124799999
node_cons: 73682.44026558347
tot_aggregated_send: 50228
tot_msg_rcv: 1428
tot_msg_sent: 2960
tot_reconf_duration: 7.819999999999999
tot_sleeping_duration: 3527407.417600011
tot_uptimes: 918
tot_uptimes_duration: 55020.03039998887
