comms_cons: 618.5371905095903
finished_reconf: true
global_termination_time: 6158302.483
local_termination_time: 2773053.04836
node_cons: 126717.07684893261
tot_aggregated_send: 86130
tot_msg_rcv: 2802
tot_msg_sent: 5081
tot_reconf_duration: 15.34
tot_sleeping_duration: 6063682.434360018
tot_uptimes: 1578
tot_uptimes_duration: 94620.0486399827
