comms_cons: 1060.652636127132
finished_reconf: true
global_termination_time: 6157530.303
local_termination_time: 2873703.4709999985
node_cons: 126624.40894558174
tot_aggregated_send: 0
tot_msg_rcv: 81339
tot_msg_sent: 79873
tot_reconf_duration: 6.279999999999999
tot_sleeping_duration: 6062970.272600011
tot_uptimes: 1577
tot_uptimes_duration: 94560.0303999891
