comms_cons: 607.7864768853498
finished_reconf: true
global_termination_time: 6160110.391
local_termination_time: 3488830.1033599996
node_cons: 126707.19064334719
tot_aggregated_send: 85898
tot_msg_rcv: 2131
tot_msg_sent: 4351
tot_reconf_duration: 8.09
tot_sleeping_duration: 6065490.372760006
tot_uptimes: 1578
tot_uptimes_duration: 94620.0182399936
