comms_cons: 605.4080768939344
finished_reconf: true
global_termination_time: 6158212.969
local_termination_time: 3833688.6764800004
node_cons: 126716.71566223071
tot_aggregated_send: 84912
tot_msg_rcv: 2365
tot_msg_sent: 4741
tot_reconf_duration: 15.110000000000001
tot_sleeping_duration: 6063592.956840004
tot_uptimes: 1578
tot_uptimes_duration: 94620.01215999573
