comms_cons: 608.2181825017037
finished_reconf: true
global_termination_time: 6159508.203
local_termination_time: 4111627.434
node_cons: 126725.4060681483
tot_aggregated_send: 85026
tot_msg_rcv: 2500
tot_msg_sent: 4919
tot_reconf_duration: 18.700000000000003
tot_sleeping_duration: 6064885.341560006
tot_uptimes: 1578
tot_uptimes_duration: 94622.86143999407
