comms_cons: 616.8526337659309
finished_reconf: true
global_termination_time: 6158609.565
local_termination_time: 1184500.68236
node_cons: 126706.88911228372
tot_aggregated_send: 84506
tot_msg_rcv: 3128
tot_msg_sent: 6124
tot_reconf_duration: 7.819999999999999
tot_sleeping_duration: 6063989.498120025
tot_uptimes: 1578
tot_uptimes_duration: 94620.06687997584
