comms_cons: 620.9698049649044
finished_reconf: true
global_termination_time: 6158273.734
local_termination_time: 1366884.61836
node_cons: 126711.61225005005
tot_aggregated_send: 84854
tot_msg_rcv: 3261
tot_msg_sent: 6268
tot_reconf_duration: 11.31
tot_sleeping_duration: 6063653.679280019
tot_uptimes: 1578
tot_uptimes_duration: 94620.05471998057
