comms_cons: 115.41953280818797
finished_reconf: true
global_termination_time: 239491.8121600004
local_termination_time: 2625.7080400000013
node_cons: 14551.060443078219
tot_aggregated_send: 0
tot_msg_rcv: 7078
tot_msg_sent: 10464
tot_reconf_duration: 18.21
tot_sleeping_duration: 228643.17044000176
tot_uptimes: 178
tot_uptimes_duration: 10848.641719998655
