comms_cons: 86.45588481107254
finished_reconf: true
global_termination_time: 437830.186
local_termination_time: 427.7700399999995
node_cons: 9022.825462242872
tot_aggregated_send: 0
tot_msg_rcv: 6651
tot_msg_sent: 6488
tot_reconf_duration: 18.21
tot_sleeping_duration: 431110.17383999785
tot_uptimes: 113
tot_uptimes_duration: 6720.0121600021375
