comms_cons: 85.21160961085583
finished_reconf: true
global_termination_time: 436430.5546000002
local_termination_time: 2634.6003600000004
node_cons: 8969.059848400258
tot_aggregated_send: 0
tot_msg_rcv: 6522
tot_msg_sent: 6427
tot_reconf_duration: 22.65
tot_sleeping_duration: 429755.199
tot_uptimes: 112
tot_uptimes_duration: 6675.3556000001845
