comms_cons: 43.33621760004443
finished_reconf: true
global_termination_time: 440418.195
local_termination_time: 6753.43184
node_cons: 9004.04162000001
tot_aggregated_send: 6322
tot_msg_rcv: 94
tot_msg_sent: 170
tot_reconf_duration: 4.390000000000001
tot_sleeping_duration: 433698.195
tot_uptimes: 113
tot_uptimes_duration: 6720.0
