comms_cons: 43.88326400047651
finished_reconf: true
global_termination_time: 436430.6143200003
local_termination_time: 189994.60199999998
node_cons: 8963.930148561754
tot_aggregated_send: 6028
tot_msg_rcv: 223
tot_msg_sent: 419
tot_reconf_duration: 7.819999999999999
tot_sleeping_duration: 429744.049279999
tot_uptimes: 112
tot_uptimes_duration: 6686.5650400013255
