comms_cons: 35.172403200430054
finished_reconf: true
global_termination_time: 354719.801
local_termination_time: 140286.7747200001
node_cons: 7255.329179999997
tot_aggregated_send: 5046
tot_msg_rcv: 143
tot_msg_sent: 157
tot_reconf_duration: 18.21
tot_sleeping_duration: 349319.801
tot_uptimes: 91
tot_uptimes_duration: 5400.0
