comms_cons: 36.50202880054704
finished_reconf: true
global_termination_time: 354007.3
local_termination_time: 24120.543280000005
node_cons: 7237.148262242872
tot_aggregated_send: 4582
tot_msg_rcv: 330
tot_msg_sent: 636
tot_reconf_duration: 4.8100000000000005
tot_sleeping_duration: 348607.28783999785
tot_uptimes: 91
tot_uptimes_duration: 5400.0121600021375
