comms_cons: 58.48971520603716
finished_reconf: true
global_termination_time: 315280.523
local_termination_time: 82967.40035999997
node_cons: 6451.937321121447
tot_aggregated_send: 0
tot_msg_rcv: 4496
tot_msg_sent: 4394
tot_reconf_duration: 18.21
tot_sleeping_duration: 310480.5169199989
tot_uptimes: 81
tot_uptimes_duration: 4800.006080001069
