comms_cons: 58.839756805539345
finished_reconf: true
global_termination_time: 310220.987
local_termination_time: 80630.08147999996
node_cons: 6355.314901121439
tot_aggregated_send: 0
tot_msg_rcv: 4534
tot_msg_sent: 4411
tot_reconf_duration: 6.22
tot_sleeping_duration: 305480.98091999895
tot_uptimes: 80
tot_uptimes_duration: 4740.006080001069
