comms_cons: 1.4605823999993595
finished_reconf: true
global_termination_time: 15029.947
local_termination_time: 6202.156360000001
node_cons: 261.5393800000008
tot_aggregated_send: 0
tot_msg_rcv: 118
tot_msg_sent: 104
tot_reconf_duration: 15.110000000000001
tot_sleeping_duration: 14849.947
tot_uptimes: 4
tot_uptimes_duration: 180.0
