comms_cons: 54.166553599265676
finished_reconf: true
global_termination_time: 542877.106
local_termination_time: 52754.10848000001
node_cons: 11173.791980000013
tot_aggregated_send: 7830
tot_msg_rcv: 175
tot_msg_sent: 228
tot_reconf_duration: 4.8100000000000005
tot_sleeping_duration: 534537.106
tot_uptimes: 140
tot_uptimes_duration: 8340.0
