comms_cons: 127.7878079959548
finished_reconf: true
global_termination_time: 1275051.4304799999
local_termination_time: 1275051.38936
node_cons: 26242.61608320556
tot_aggregated_send: 17792
tot_msg_rcv: 515
tot_msg_sent: 1115
tot_reconf_duration: 24.59
tot_sleeping_duration: 1255477.7016799957
tot_uptimes: 327
tot_uptimes_duration: 19573.728800004115
