comms_cons: 124.52451840023528
finished_reconf: true
global_termination_time: 1278554.713
local_termination_time: 539668.337879998
node_cons: 26293.972134317522
tot_aggregated_send: 17980
tot_msg_rcv: 313
tot_msg_sent: 634
tot_reconf_duration: 13.17
tot_sleeping_duration: 1258931.0481200018
tot_uptimes: 328
tot_uptimes_duration: 19623.664879998076
