comms_cons: 75.25351679660747
finished_reconf: true
global_termination_time: 740957.785
local_termination_time: 698458.2413599999
node_cons: 15188.458922242828
tot_aggregated_send: 10092
tot_msg_rcv: 476
tot_msg_sent: 870
tot_reconf_duration: 3.08
tot_sleeping_duration: 729617.7728399979
tot_uptimes: 190
tot_uptimes_duration: 11340.012160002138
