comms_cons: 75.04298239917583
finished_reconf: true
global_termination_time: 741226.855
local_termination_time: 93051.30347999996
node_cons: 15215.06754672174
tot_aggregated_send: 10208
tot_msg_rcv: 458
tot_msg_sent: 740
tot_reconf_duration: 22.65
tot_sleeping_duration: 729886.8185199987
tot_uptimes: 190
tot_uptimes_duration: 11340.036480001276
