comms_cons: 75.16140799767888
finished_reconf: true
global_termination_time: 739084.289
local_termination_time: 59576.55236000001
node_cons: 15209.687164471945
tot_aggregated_send: 9802
tot_msg_rcv: 474
tot_msg_sent: 1149
tot_reconf_duration: 18.700000000000003
tot_sleeping_duration: 727744.264680006
tot_uptimes: 190
tot_uptimes_duration: 11340.024319993972
