comms_cons: 78.0797567979651
finished_reconf: true
global_termination_time: 741416.981
local_termination_time: 209591.141
node_cons: 15191.69092784087
tot_aggregated_send: 9220
tot_msg_rcv: 904
tot_msg_sent: 1743
tot_reconf_duration: 5.43
tot_sleeping_duration: 730076.9384399995
tot_uptimes: 190
tot_uptimes_duration: 11340.042560000642
