comms_cons: 273.18128645118804
finished_reconf: true
global_termination_time: 2808689.783
local_termination_time: 4987.082
node_cons: 57854.463486701534
tot_aggregated_send: 38504
tot_msg_rcv: 996
tot_msg_sent: 2022
tot_reconf_duration: 7.08
tot_sleeping_duration: 2765489.746520013
tot_uptimes: 720
tot_uptimes_duration: 43200.03647998697
