comms_cons: 518.1288833014476
finished_reconf: true
global_termination_time: 5215925.679
local_termination_time: 2882027.9963599998
node_cons: 107260.85022334839
tot_aggregated_send: 71978
tot_msg_rcv: 2338
tot_msg_sent: 4437
tot_reconf_duration: 5.1
tot_sleeping_duration: 5135825.660760006
tot_uptimes: 1336
tot_uptimes_duration: 80100.0182399936
