comms_cons: 517.8680768980441
finished_reconf: true
global_termination_time: 5215155.761
local_termination_time: 2449772.19448
node_cons: 107341.65464558278
tot_aggregated_send: 72384
tot_msg_rcv: 2003
tot_msg_sent: 4325
tot_reconf_duration: 5.43
tot_sleeping_duration: 5134995.730600011
tot_uptimes: 1336
tot_uptimes_duration: 80160.03039998934
