comms_cons: 157.1645567786983
finished_reconf: true
global_termination_time: 1517138.412
local_termination_time: 250611.43020000018
node_cons: 31178.55781453726
tot_aggregated_send: 19488
tot_msg_rcv: 1659
tot_msg_sent: 2742
tot_reconf_duration: 4.8100000000000005
tot_sleeping_duration: 1493858.332960017
tot_uptimes: 389
tot_uptimes_duration: 23280.079039982986
