comms_cons: 151.08474879502808
finished_reconf: true
global_termination_time: 1513822.845
local_termination_time: 1072978.81048
node_cons: 31107.74020000024
tot_aggregated_send: 21576
tot_msg_rcv: 529
tot_msg_sent: 859
tot_reconf_duration: 11.899999999999999
tot_sleeping_duration: 1490602.845
tot_uptimes: 388
tot_uptimes_duration: 23220.0
