comms_cons: 155.5664383830406
finished_reconf: true
global_termination_time: 1513659.094
local_termination_time: 962283.80536
node_cons: 31102.28097117306
tot_aggregated_send: 20010
tot_msg_rcv: 1248
tot_msg_sent: 2388
tot_reconf_duration: 7.819999999999999
tot_sleeping_duration: 1490439.0332000202
tot_uptimes: 388
tot_uptimes_duration: 23220.06079997978
