comms_cons: 153.63060478706655
finished_reconf: true
global_termination_time: 1517214.436
local_termination_time: 305946.56636000006
node_cons: 31179.367210060725
tot_aggregated_send: 20010
tot_msg_rcv: 1125
tot_msg_sent: 2215
tot_reconf_duration: 5.43
tot_sleeping_duration: 1493934.3812800145
tot_uptimes: 389
tot_uptimes_duration: 23280.05471998558
