comms_cons: 24.836480000353845
finished_reconf: true
global_termination_time: 252391.407
local_termination_time: 48490.754
node_cons: 5148.300121121432
tot_aggregated_send: 3477
tot_msg_rcv: 68
tot_msg_sent: 230
tot_reconf_duration: 4.8100000000000005
tot_sleeping_duration: 248551.40091999894
tot_uptimes: 65
tot_uptimes_duration: 3840.0060800010688
