comms_cons: 178.56606719135223
finished_reconf: true
global_termination_time: 1828377.477
local_termination_time: 581163.1715599984
node_cons: 37623.87360335029
tot_aggregated_send: 25462
tot_msg_rcv: 470
tot_msg_sent: 1209
tot_reconf_duration: 18.21
tot_sleeping_duration: 1800297.458760007
tot_uptimes: 469
tot_uptimes_duration: 28080.018239992904
