comms_cons: 180.89195519055184
finished_reconf: true
global_termination_time: 1830058.617
local_termination_time: 1154756.3623599997
node_cons: 37605.089761116535
tot_aggregated_send: 25462
tot_msg_rcv: 696
tot_msg_sent: 1337
tot_reconf_duration: 4.390000000000001
tot_sleeping_duration: 1801978.6109200025
tot_uptimes: 469
tot_uptimes_duration: 28080.006079997635
