comms_cons: 359.75494370999263
finished_reconf: true
global_termination_time: 1826452.1945199992
local_termination_time: 1781.2580400000015
node_cons: 37570.339667755456
tot_aggregated_send: 0
tot_msg_rcv: 27568
tot_msg_sent: 27111
tot_reconf_duration: 6.22
tot_sleeping_duration: 1798399.9966800024
tot_uptimes: 468
tot_uptimes_duration: 28052.19783999672
