comms_cons: 101.29338241455794
finished_reconf: true
global_termination_time: 475950.93020000064
local_termination_time: 475950.88908000063
node_cons: 9815.267903374906
tot_aggregated_send: 0
tot_msg_rcv: 8313
tot_msg_sent: 7081
tot_reconf_duration: 24.59
tot_sleeping_duration: 468645.57195998955
tot_uptimes: 122
tot_uptimes_duration: 7305.358240011119
