comms_cons: 457.8046144541402
finished_reconf: true
global_termination_time: 4590383.558
local_termination_time: 440586.80080000026
node_cons: 94433.94695228378
tot_aggregated_send: 64554
tot_msg_rcv: 1612
tot_msg_sent: 3416
tot_reconf_duration: 25.299999999999997
tot_sleeping_duration: 4519883.491120025
tot_uptimes: 1176
tot_uptimes_duration: 70500.06687997491
