comms_cons: 456.7214848429805
finished_reconf: true
global_termination_time: 4595868.174
local_termination_time: 2999406.2343599997
node_cons: 94496.00019999724
tot_aggregated_send: 65946
tot_msg_rcv: 1222
tot_msg_sent: 2251
tot_reconf_duration: 11.899999999999999
tot_sleeping_duration: 4525308.174
tot_uptimes: 1177
tot_uptimes_duration: 70560.0
