comms_cons: 463.6894848774757
finished_reconf: true
global_termination_time: 4590692.295
local_termination_time: 2179445.072479999
node_cons: 94405.51046669997
tot_aggregated_send: 63278
tot_msg_rcv: 2324
tot_msg_sent: 4876
tot_reconf_duration: 4.390000000000001
tot_sleeping_duration: 4520192.258520014
tot_uptimes: 1176
tot_uptimes_duration: 70500.03647998685
