comms_cons: 1.6842751999944354
finished_reconf: true
global_termination_time: 10052.122
local_termination_time: 6844.78336
node_cons: 168.24405999999962
tot_aggregated_send: 0
tot_msg_rcv: 145
tot_msg_sent: 111
tot_reconf_duration: 5.57
tot_sleeping_duration: 9932.122
tot_uptimes: 3
tot_uptimes_duration: 120.0
