comms_cons: 124.02512639526384
finished_reconf: true
global_termination_time: 1243623.059
local_termination_time: 495252.854
node_cons: 25554.67640335053
tot_aggregated_send: 17162
tot_msg_rcv: 524
tot_msg_sent: 1165
tot_reconf_duration: 4.8100000000000005
tot_sleeping_duration: 1224543.040760007
tot_uptimes: 319
tot_uptimes_duration: 19080.018239992904
