comms_cons: 123.66984959172014
finished_reconf: true
global_termination_time: 1242957.776
local_termination_time: 555110.1173599999
node_cons: 25556.60746558436
tot_aggregated_send: 17516
tot_msg_rcv: 352
tot_msg_sent: 930
tot_reconf_duration: 6.22
tot_sleeping_duration: 1223877.745600012
tot_uptimes: 319
tot_uptimes_duration: 19080.0303999882
