comms_cons: 125.23572480997282
finished_reconf: true
global_termination_time: 259184.85064000095
local_termination_time: 2544.5264800000023
node_cons: 15713.384320601956
tot_aggregated_send: 0
tot_msg_rcv: 7723
tot_msg_sent: 11311
tot_reconf_duration: 18.21
tot_sleeping_duration: 247468.1552399995
tot_uptimes: 192
tot_uptimes_duration: 11716.695400001447
