comms_cons: 27.729382400041057
finished_reconf: true
global_termination_time: 261912.917
local_termination_time: 66502.14735999996
node_cons: 5389.320121119154
tot_aggregated_send: 3480
tot_msg_rcv: 329
tot_msg_sent: 405
tot_reconf_duration: 4.8100000000000005
tot_sleeping_duration: 257892.9109200006
tot_uptimes: 68
tot_uptimes_duration: 4020.006079999366
