comms_cons: 99.41171201122371
finished_reconf: true
global_termination_time: 340851.71948000015
local_termination_time: 1792.0040400000016
node_cons: 13948.342610720243
tot_aggregated_send: 0
tot_msg_rcv: 5057
tot_msg_sent: 10052
tot_reconf_duration: 4.390000000000001
tot_sleeping_duration: 330439.187
tot_uptimes: 174
tot_uptimes_duration: 10412.532480000165
