comms_cons: 24.494361600016063
finished_reconf: true
global_termination_time: 247575.498
local_termination_time: 96032.10335999996
node_cons: 5067.951980000002
tot_aggregated_send: 3538
tot_msg_rcv: 73
tot_msg_sent: 112
tot_reconf_duration: 4.8100000000000005
tot_sleeping_duration: 243795.498
tot_uptimes: 64
tot_uptimes_duration: 3780.0
