comms_cons: 188.7605567843218
finished_reconf: true
global_termination_time: 1880727.426
local_termination_time: 462561.53236000007
node_cons: 38651.136624471736
tot_aggregated_send: 25926
tot_msg_rcv: 1020
tot_msg_sent: 1744
tot_reconf_duration: 5.57
tot_sleeping_duration: 1851867.401680006
tot_uptimes: 482
tot_uptimes_duration: 28860.024319993972
