comms_cons: 186.09255679172068
finished_reconf: true
global_termination_time: 1880327.702
local_termination_time: 354303.4509600006
node_cons: 38650.09640335029
tot_aggregated_send: 26158
tot_msg_rcv: 672
tot_msg_sent: 1454
tot_reconf_duration: 4.8100000000000005
tot_sleeping_duration: 1851467.6837600071
tot_uptimes: 482
tot_uptimes_duration: 28860.018239992904
