comms_cons: 185.2242175923196
finished_reconf: true
global_termination_time: 1879774.874
local_termination_time: 1336085.2964799998
node_cons: 38650.922081116536
tot_aggregated_send: 26332
tot_msg_rcv: 555
tot_msg_sent: 1266
tot_reconf_duration: 5.43
tot_sleeping_duration: 1850914.8679200024
tot_uptimes: 482
tot_uptimes_duration: 28860.006079997635
