comms_cons: 26.64576000027663
finished_reconf: true
global_termination_time: 267290.247
local_termination_time: 47216.986480000014
node_cons: 5473.7395600000045
tot_aggregated_send: 3654
tot_msg_rcv: 113
tot_msg_sent: 283
tot_reconf_duration: 7.819999999999999
tot_sleeping_duration: 263210.247
tot_uptimes: 69
tot_uptimes_duration: 4080.0
