comms_cons: 1.4803199999993306
finished_reconf: true
global_termination_time: 10696.27
local_termination_time: 4522.910360000001
node_cons: 178.5648600000001
tot_aggregated_send: 0
tot_msg_rcv: 121
tot_msg_sent: 104
tot_reconf_duration: 13.17
tot_sleeping_duration: 10576.27
tot_uptimes: 3
tot_uptimes_duration: 120.0
