comms_cons: 102.3549119908812
finished_reconf: true
global_termination_time: 990890.25
local_termination_time: 26697.883560000006
node_cons: 20333.035352312778
tot_aggregated_send: 12760
tot_msg_rcv: 872
tot_msg_sent: 1924
tot_reconf_duration: 5.1
tot_sleeping_duration: 975710.1831200054
tot_uptimes: 254
tot_uptimes_duration: 15180.066879994585
