comms_cons: 101.68153599249113
finished_reconf: true
global_termination_time: 993874.389
local_termination_time: 289124.93448000005
node_cons: 20426.91194447654
tot_aggregated_send: 13456
tot_msg_rcv: 730
tot_msg_sent: 1269
tot_reconf_duration: 15.110000000000001
tot_sleeping_duration: 978634.3646800026
tot_uptimes: 255
tot_uptimes_duration: 15240.024319997407
