comms_cons: 102.00334079212257
finished_reconf: true
global_termination_time: 990328.567
local_termination_time: 321339.69948000007
node_cons: 20333.402081116852
tot_aggregated_send: 12992
tot_msg_rcv: 828
tot_msg_sent: 1684
tot_reconf_duration: 5.43
tot_sleeping_duration: 975148.5609200024
tot_uptimes: 254
tot_uptimes_duration: 15180.006079997635
