comms_cons: 101.93875199521943
finished_reconf: true
global_termination_time: 993302.34
local_termination_time: 306180.0350000005
node_cons: 20427.24056671945
tot_aggregated_send: 12992
tot_msg_rcv: 766
tot_msg_sent: 1736
tot_reconf_duration: 15.34
tot_sleeping_duration: 978062.3035200004
tot_uptimes: 255
tot_uptimes_duration: 15240.036479999544
