comms_cons: 78.52591360304017
finished_reconf: true
global_termination_time: 568385.6607199997
local_termination_time: 568385.6195999997
node_cons: 11718.86441956346
tot_aggregated_send: 3480
tot_msg_rcv: 3418
tot_msg_sent: 5045
tot_reconf_duration: 37.41
tot_sleeping_duration: 559671.6490399672
tot_uptimes: 146
tot_uptimes_duration: 8714.011680032447
