comms_cons: 55.55119359982127
finished_reconf: true
global_termination_time: 568385.707999999
local_termination_time: 455370.645
node_cons: 11704.9391919988
tot_aggregated_send: 8349
tot_msg_rcv: 15
tot_msg_sent: 78
tot_reconf_duration: 8.09
tot_sleeping_duration: 559652.36
tot_uptimes: 146
tot_uptimes_duration: 8733.347999999067
