comms_cons: 55.72380160011712
finished_reconf: true
global_termination_time: 569449.329
local_termination_time: 214841.9961200005
node_cons: 11666.451540000024
tot_aggregated_send: 8294
tot_msg_rcv: 71
tot_msg_sent: 105
tot_reconf_duration: 12.629999999999999
tot_sleeping_duration: 560749.329
tot_uptimes: 146
tot_uptimes_duration: 8700.0
