comms_cons: 57.00218880039265
finished_reconf: true
global_termination_time: 573475.858
local_termination_time: 16979.10536
node_cons: 11740.680540000018
tot_aggregated_send: 8062
tot_msg_rcv: 203
tot_msg_sent: 399
tot_reconf_duration: 8.129999999999999
tot_sleeping_duration: 564715.858
tot_uptimes: 147
tot_uptimes_duration: 8760.0
