comms_cons: 154.06205439012516
finished_reconf: true
global_termination_time: 1636607.286
local_termination_time: 5144.5
node_cons: 33681.31441006989
tot_aggregated_send: 21504
tot_msg_rcv: 665
tot_msg_sent: 1247
tot_reconf_duration: 13.83
tot_sleeping_duration: 1611467.2312800076
tot_uptimes: 420
tot_uptimes_duration: 25140.054719992448
