comms_cons: 154.0519679922208
finished_reconf: true
global_termination_time: 1634448.192
local_termination_time: 5880.277
node_cons: 33592.07680783163
tot_aggregated_send: 21684
tot_msg_rcv: 630
tot_msg_sent: 1101
tot_reconf_duration: 7.29
tot_sleeping_duration: 1609368.1494400064
tot_uptimes: 419
tot_uptimes_duration: 25080.042559993744
