comms_cons: 159.48619519164055
finished_reconf: true
global_termination_time: 1638216.982
local_termination_time: 4919.929
node_cons: 33672.737323355104
tot_aggregated_send: 22728
tot_msg_rcv: 596
tot_msg_sent: 917
tot_reconf_duration: 7.55
tot_sleeping_duration: 1613076.9637600037
tot_uptimes: 420
tot_uptimes_duration: 25140.018239996338
