comms_cons: 160.75805438079558
finished_reconf: true
global_termination_time: 1635189.069
local_termination_time: 3996.8949999999995
node_cons: 33591.00665565866
tot_aggregated_send: 20989
tot_msg_rcv: 1134
tot_msg_sent: 2313
tot_reconf_duration: 6.46
tot_sleeping_duration: 1610108.9838800158
tot_uptimes: 419
tot_uptimes_duration: 25080.085119984054
