comms_cons: 105.45313280610993
finished_reconf: true
global_termination_time: 218982.99512000044
local_termination_time: 218982.95400000043
node_cons: 13239.847706163477
tot_aggregated_send: 0
tot_msg_rcv: 6508
tot_msg_sent: 9519
tot_reconf_duration: 24.59
tot_sleeping_duration: 209120.07167999787
tot_uptimes: 162
tot_uptimes_duration: 9862.923440002578
