comms_cons: 43.913241602663874
finished_reconf: true
global_termination_time: 218983.55400000053
local_termination_time: 2097.83336
node_cons: 4571.135073122158
tot_aggregated_send: 0
tot_msg_rcv: 3412
tot_msg_sent: 3260
tot_reconf_duration: 18.21
tot_sleeping_duration: 215588.17991999892
tot_uptimes: 57
tot_uptimes_duration: 3395.3740800016094
