comms_cons: 22.810086400110027
finished_reconf: true
global_termination_time: 220978.63
local_termination_time: 11748.566200000001
node_cons: 4529.798700000003
tot_aggregated_send: 2958
tot_msg_rcv: 238
tot_msg_sent: 271
tot_reconf_duration: 22.65
tot_sleeping_duration: 217618.63
tot_uptimes: 57
tot_uptimes_duration: 3360.0
