comms_cons: 23.29694720028993
finished_reconf: true
global_termination_time: 219383.503
local_termination_time: 110734.48335999995
node_cons: 4503.19818224285
tot_aggregated_send: 2726
tot_msg_rcv: 293
tot_msg_sent: 522
tot_reconf_duration: 3.05
tot_sleeping_duration: 216023.49083999786
tot_uptimes: 57
tot_uptimes_duration: 3360.0121600021375
