comms_cons: 143.28181759328302
finished_reconf: true
global_termination_time: 1444080.479
local_termination_time: 606583.7654799978
node_cons: 29665.70009383395
tot_aggregated_send: 20532
tot_msg_rcv: 379
tot_msg_sent: 867
tot_reconf_duration: 9.11
tot_sleeping_duration: 1421934.6024400047
tot_uptimes: 370
tot_uptimes_duration: 22145.876559995464
