comms_cons: 144.87626878781666
finished_reconf: true
global_termination_time: 1446030.284
local_termination_time: 190180.85048000052
node_cons: 29730.015170065315
tot_aggregated_send: 19256
tot_msg_rcv: 928
tot_msg_sent: 1836
tot_reconf_duration: 3.05
tot_sleeping_duration: 1423830.229280011
tot_uptimes: 371
tot_uptimes_duration: 22200.054719989013
