comms_cons: 453.7926976698116
finished_reconf: true
global_termination_time: 4515848.125239997
local_termination_time: 70344.42547999996
node_cons: 92918.24693544627
tot_aggregated_send: 62872
tot_msg_rcv: 2099
tot_msg_sent: 4001
tot_reconf_duration: 18.21
tot_sleeping_duration: 4446472.83192002
tot_uptimes: 1157
tot_uptimes_duration: 69375.29331997671
