comms_cons: 448.4113920661337
finished_reconf: true
global_termination_time: 4516272.438
local_termination_time: 446836.8613600001
node_cons: 92903.8719700499
tot_aggregated_send: 63394
tot_msg_rcv: 1636
tot_msg_sent: 3126
tot_reconf_duration: 22.65
tot_sleeping_duration: 4446912.38328002
tot_uptimes: 1157
tot_uptimes_duration: 69360.05471997941
