comms_cons: 117.08407039583219
finished_reconf: true
global_termination_time: 1162971.36
local_termination_time: 641123.3493599979
node_cons: 23869.013956387636
tot_aggregated_send: 16008
tot_msg_rcv: 627
tot_msg_sent: 1162
tot_reconf_duration: 5.1
tot_sleeping_duration: 1145150.5324000092
tot_uptimes: 298
tot_uptimes_duration: 17820.827599990764
