comms_cons: 117.79026559183237
finished_reconf: true
global_termination_time: 1164348.771
local_termination_time: 395978.3746400004
node_cons: 23956.695262233698
tot_aggregated_send: 16124
tot_msg_rcv: 624
tot_msg_sent: 1156
tot_reconf_duration: 11.31
tot_sleeping_duration: 1146468.7588400047
tot_uptimes: 299
tot_uptimes_duration: 17880.01215999527
