comms_cons: 156.89418239906345
finished_reconf: true
global_termination_time: 1595413.7
local_termination_time: 1489829.3053599996
node_cons: 32782.86189999979
tot_aggregated_send: 23084
tot_msg_rcv: 292
tot_msg_sent: 471
tot_reconf_duration: 3.05
tot_sleeping_duration: 1570933.7
tot_uptimes: 409
tot_uptimes_duration: 24480.0
