comms_cons: 159.64428799150045
finished_reconf: true
global_termination_time: 1595609.241
local_termination_time: 693031.8385999977
node_cons: 32806.30094351378
tot_aggregated_send: 22504
tot_msg_rcv: 603
tot_msg_sent: 1158
tot_reconf_duration: 11.31
tot_sleeping_duration: 1571120.1133200044
tot_uptimes: 409
tot_uptimes_duration: 24489.127679995378
