comms_cons: 38.21982720055317
finished_reconf: true
global_termination_time: 377519.573
local_termination_time: 37182.558000000005
node_cons: 7719.754445441175
tot_aggregated_send: 5159
tot_msg_rcv: 243
tot_msg_sent: 407
tot_reconf_duration: 4.390000000000001
tot_sleeping_duration: 371758.7120399991
tot_uptimes: 97
tot_uptimes_duration: 5760.860960000864
