comms_cons: 64.16736000246009
finished_reconf: true
global_termination_time: 581454.96136
local_termination_time: 112786.09031999989
node_cons: 11934.25365361632
tot_aggregated_send: 5394
tot_msg_rcv: 1603
tot_msg_sent: 2759
tot_reconf_duration: 18.21
tot_sleeping_duration: 572560.6189599879
tot_uptimes: 149
tot_uptimes_duration: 8894.342400012174
