comms_cons: 57.87064320011968
finished_reconf: true
global_termination_time: 581454.917759999
local_termination_time: 581454.8766399991
node_cons: 11968.829486000812
tot_aggregated_send: 8222
tot_msg_rcv: 197
tot_msg_sent: 376
tot_reconf_duration: 24.59
tot_sleeping_duration: 572541.2237599985
tot_uptimes: 149
tot_uptimes_duration: 8913.694000000585
