comms_cons: 58.92948480081608
finished_reconf: true
global_termination_time: 583708.503
local_termination_time: 323368.53012000094
node_cons: 11983.206755924146
tot_aggregated_send: 7598
tot_msg_rcv: 468
tot_msg_sent: 890
tot_reconf_duration: 7.819999999999999
tot_sleeping_duration: 574767.063719997
tot_uptimes: 150
tot_uptimes_duration: 8941.439280003076
