comms_cons: 235.8853759867289
finished_reconf: true
global_termination_time: 2377412.48
local_termination_time: 446567.0737600009
node_cons: 48854.32476558353
tot_aggregated_send: 33350
tot_msg_rcv: 792
tot_msg_sent: 1710
tot_reconf_duration: 5.57
tot_sleeping_duration: 2340932.449600012
tot_uptimes: 609
tot_uptimes_duration: 36480.03039998817
