comms_cons: 95.63143678858209
finished_reconf: true
global_termination_time: 748447.8
local_termination_time: 242643.40076000086
node_cons: 15378.7605615095
tot_aggregated_send: 5394
tot_msg_rcv: 3803
tot_msg_sent: 5347
tot_reconf_duration: 18.21
tot_sleeping_duration: 736981.0103200079
tot_uptimes: 192
tot_uptimes_duration: 11466.789679992158
