comms_cons: 577.4986496858124
finished_reconf: true
global_termination_time: 5837572.007
local_termination_time: 2086142.3956399981
node_cons: 120047.97794053896
tot_aggregated_send: 80504
tot_msg_rcv: 2528
tot_msg_sent: 4742
tot_reconf_duration: 13.17
tot_sleeping_duration: 5747930.413960014
tot_uptimes: 1495
tot_uptimes_duration: 89641.59303998714
