comms_cons: 574.0143616541493
finished_reconf: true
global_termination_time: 5836239.765
local_termination_time: 2277538.3423599997
node_cons: 120038.98692558147
tot_aggregated_send: 81490
tot_msg_rcv: 2041
tot_msg_sent: 3715
tot_reconf_duration: 8.09
tot_sleeping_duration: 5746599.73460001
tot_uptimes: 1495
tot_uptimes_duration: 89640.0303999891
