comms_cons: 571.7293632856909
finished_reconf: true
global_termination_time: 5836566.059
local_termination_time: 3985158.880759999
node_cons: 120053.36274111365
tot_aggregated_send: 80388
tot_msg_rcv: 2172
tot_msg_sent: 4339
tot_reconf_duration: 18.700000000000003
tot_sleeping_duration: 5746926.0529200025
tot_uptimes: 1495
tot_uptimes_duration: 89640.00607999787
