comms_cons: 583.4487104953905
finished_reconf: true
global_termination_time: 5835519.73
local_termination_time: 782528.6735599985
node_cons: 120038.62026558208
tot_aggregated_send: 81432
tot_msg_rcv: 2370
tot_msg_sent: 4877
tot_reconf_duration: 7.819999999999999
tot_sleeping_duration: 5745879.699600011
tot_uptimes: 1495
tot_uptimes_duration: 89640.03039998934
