comms_cons: 584.1809537179274
finished_reconf: true
global_termination_time: 5836924.793
local_termination_time: 1541458.01036
node_cons: 120043.37596781511
tot_aggregated_send: 81780
tot_msg_rcv: 2501
tot_msg_sent: 4512
tot_reconf_duration: 11.31
tot_sleeping_duration: 5747284.750440015
tot_uptimes: 1495
tot_uptimes_duration: 89640.04255998414
