comms_cons: 112.08227839113172
finished_reconf: true
global_termination_time: 1098529.872
local_termination_time: 338787.94536
node_cons: 22584.10894559335
tot_aggregated_send: 14558
tot_msg_rcv: 735
tot_msg_sent: 1743
tot_reconf_duration: 6.279999999999999
tot_sleeping_duration: 1081669.841600005
tot_uptimes: 282
tot_uptimes_duration: 16860.03039999504
