comms_cons: 114.93267199141586
finished_reconf: true
global_termination_time: 1100095.054
local_termination_time: 208725.25236000004
node_cons: 22582.12082671942
tot_aggregated_send: 14152
tot_msg_rcv: 1166
tot_msg_sent: 2152
tot_reconf_duration: 4.8100000000000005
tot_sleeping_duration: 1083235.0175200005
tot_uptimes: 282
tot_uptimes_duration: 16860.036479999544
