comms_cons: 339.6712192062553
finished_reconf: true
global_termination_time: 3421464.02
local_termination_time: 534171.0707199977
node_cons: 70415.04136989346
tot_aggregated_send: 47444
tot_msg_rcv: 1330
tot_msg_sent: 2856
tot_reconf_duration: 15.34
tot_sleeping_duration: 3368891.7947200187
tot_uptimes: 877
tot_uptimes_duration: 52572.22527998139
