comms_cons: 338.42426240607097
finished_reconf: true
global_termination_time: 3423897.35
local_termination_time: 634037.101
node_cons: 70388.06469941685
tot_aggregated_send: 47268
tot_msg_rcv: 1274
tot_msg_sent: 2895
tot_reconf_duration: 6.279999999999999
tot_sleeping_duration: 3371336.0830400162
tot_uptimes: 877
tot_uptimes_duration: 52561.266959983855
