comms_cons: 346.1177216462888
finished_reconf: true
global_termination_time: 3421171.796
local_termination_time: 2065025.0283599999
node_cons: 70492.5618233493
tot_aggregated_send: 47444
tot_msg_rcv: 1758
tot_msg_sent: 3405
tot_reconf_duration: 25.299999999999997
tot_sleeping_duration: 3368551.777760007
tot_uptimes: 877
tot_uptimes_duration: 52620.01823999314
