comms_cons: 344.9419008375311
finished_reconf: true
global_termination_time: 3421187.395
local_termination_time: 563144.2693599999
node_cons: 70464.1823255826
tot_aggregated_send: 47792
tot_msg_rcv: 1558
tot_msg_sent: 3079
tot_reconf_duration: 4.390000000000001
tot_sleeping_duration: 3368567.3646000116
tot_uptimes: 877
tot_uptimes_duration: 52620.03039998817
