comms_cons: 31.549068800615583
finished_reconf: true
global_termination_time: 306699.337
local_termination_time: 32851.45
node_cons: 6279.535175439746
tot_aggregated_send: 4000
tot_msg_rcv: 272
tot_msg_sent: 523
tot_reconf_duration: 6.279999999999999
tot_sleeping_duration: 302015.9860400002
tot_uptimes: 79
tot_uptimes_duration: 4683.350959999807
