comms_cons: 88.3511039978776
finished_reconf: true
global_termination_time: 885261.538
local_termination_time: 522282.1156800007
node_cons: 18163.773941116826
tot_aggregated_send: 12238
tot_msg_rcv: 436
tot_msg_sent: 754
tot_reconf_duration: 5.1
tot_sleeping_duration: 871701.5319200023
tot_uptimes: 227
tot_uptimes_duration: 13560.006079997635
