comms_cons: 87.79284479948303
finished_reconf: true
global_termination_time: 884738.913
local_termination_time: 651708.28236
node_cons: 18174.724860000082
tot_aggregated_send: 12644
tot_msg_rcv: 248
tot_msg_sent: 452
tot_reconf_duration: 13.17
tot_sleeping_duration: 871178.913
tot_uptimes: 227
tot_uptimes_duration: 13560.0
