comms_cons: 90.24670719553592
finished_reconf: true
global_termination_time: 880740.3641200002
local_termination_time: 44738.03860000002
node_cons: 18113.19502527822
tot_aggregated_send: 11542
tot_msg_rcv: 739
tot_msg_sent: 1436
tot_reconf_duration: 3.05
tot_sleeping_duration: 867216.0526000016
tot_uptimes: 226
tot_uptimes_duration: 13524.31151999865
