comms_cons: 15.876236799871116
finished_reconf: true
global_termination_time: 177250.50824000014
local_termination_time: 6026.715999999999
node_cons: 3668.793302717654
tot_aggregated_send: 1831
tot_msg_rcv: 241
tot_msg_sent: 342
tot_reconf_duration: 25.35
tot_sleeping_duration: 174536.2677600019
tot_uptimes: 46
tot_uptimes_duration: 2714.240479998247
