comms_cons: 16.07041279996562
finished_reconf: true
global_termination_time: 177833.924
local_termination_time: 6619.595
node_cons: 3647.8322067206095
tot_aggregated_send: 1427
tot_msg_rcv: 330
tot_msg_sent: 686
tot_reconf_duration: 23.919999999999998
tot_sleeping_duration: 175133.88751999955
tot_uptimes: 46
tot_uptimes_duration: 2700.0364800004536
