comms_cons: 282.2279424125678
finished_reconf: true
global_termination_time: 2808044.064
local_termination_time: 2571348.25336
node_cons: 57875.566841115666
tot_aggregated_send: 39324
tot_msg_rcv: 1154
tot_msg_sent: 2418
tot_reconf_duration: 22.65
tot_sleeping_duration: 2764844.057920002
tot_uptimes: 720
tot_uptimes_duration: 43200.006079997635
