comms_cons: 285.66131200586403
finished_reconf: true
global_termination_time: 2810629.02
local_termination_time: 1156384.02636
node_cons: 57852.43733005087
tot_aggregated_send: 38686
tot_msg_rcv: 1652
tot_msg_sent: 3080
tot_reconf_duration: 5.57
tot_sleeping_duration: 2767428.965280021
tot_uptimes: 720
tot_uptimes_duration: 43200.05471997894
