comms_cons: 282.68922880393603
finished_reconf: true
global_termination_time: 2808300.793
local_termination_time: 1746794.8517199988
node_cons: 57864.371482232826
tot_aggregated_send: 39150
tot_msg_rcv: 1215
tot_msg_sent: 2601
tot_reconf_duration: 14.4
tot_sleeping_duration: 2765100.7808400043
tot_uptimes: 720
tot_uptimes_duration: 43200.0121599955
