comms_cons: 283.3529856115125
finished_reconf: true
global_termination_time: 2809141.299
local_termination_time: 1384039.9904799997
node_cons: 57848.96632334984
tot_aggregated_send: 38976
tot_msg_rcv: 1305
tot_msg_sent: 2787
tot_reconf_duration: 3.05
tot_sleeping_duration: 2765941.2807600065
tot_uptimes: 720
tot_uptimes_duration: 43200.01823999337
