comms_cons: 75.57210879738243
finished_reconf: true
global_termination_time: 747988.987
local_termination_time: 514451.87799999997
node_cons: 15352.101363994983
tot_aggregated_send: 9915
tot_msg_rcv: 455
tot_msg_sent: 1117
tot_reconf_duration: 4.390000000000001
tot_sleeping_duration: 736528.0910000036
tot_uptimes: 192
tot_uptimes_duration: 11460.895999996283
