comms_cons: 53.91654400023799
finished_reconf: true
global_termination_time: 549695.8884799998
local_termination_time: 549695.8473599999
node_cons: 11299.343518719816
tot_aggregated_send: 7990
tot_msg_rcv: 82
tot_msg_sent: 122
tot_reconf_duration: 24.59
tot_sleeping_duration: 541282.184
tot_uptimes: 141
tot_uptimes_duration: 8413.70447999984
