comms_cons: 66.91607040086109
finished_reconf: true
global_termination_time: 651067.694
local_termination_time: 9216.1416
node_cons: 13347.08398336431
tot_aggregated_send: 8584
tot_msg_rcv: 544
tot_msg_sent: 1042
tot_reconf_duration: 7.819999999999999
tot_sleeping_duration: 641107.6757599968
tot_uptimes: 167
tot_uptimes_duration: 9960.018240003206
