comms_cons: 0.8026623999973502
finished_reconf: true
global_termination_time: 4542.658
local_termination_time: 2509.7403600000002
node_cons: 96.50020000000012
tot_aggregated_send: 0
tot_msg_rcv: 72
tot_msg_sent: 49
tot_reconf_duration: 11.899999999999999
tot_sleeping_duration: 4482.658
tot_uptimes: 2
tot_uptimes_duration: 60.0
