comms_cons: 0.848716799997198
finished_reconf: true
global_termination_time: 4432.888
local_termination_time: 2548.7793600000005
node_cons: 90.95956000000021
tot_aggregated_send: 0
tot_msg_rcv: 78
tot_msg_sent: 51
tot_reconf_duration: 7.819999999999999
tot_sleeping_duration: 4372.888
tot_uptimes: 2
tot_uptimes_duration: 60.0
