comms_cons: 284.64250881886846
finished_reconf: true
global_termination_time: 2807955.961
local_termination_time: 26470.20472
node_cons: 57869.578026704876
tot_aggregated_send: 39208
tot_msg_rcv: 1512
tot_msg_sent: 2544
tot_reconf_duration: 18.21
tot_sleeping_duration: 2764755.9245200106
tot_uptimes: 720
tot_uptimes_duration: 43200.036479989474
