comms_cons: 280.0765440217347
finished_reconf: false
global_termination_time: 2809334.198
local_termination_time: 0
node_cons: 57844.79999999896
tot_aggregated_send: 40252
tot_msg_rcv: 810
tot_msg_sent: 1508
tot_reconf_duration: 0
tot_sleeping_duration: 2766134.198
tot_uptimes: 720
tot_uptimes_duration: 43200.0
