comms_cons: 127.07066879088372
finished_reconf: true
global_termination_time: 1265280.9742400001
local_termination_time: 177054.46648000006
node_cons: 26073.95718271057
tot_aggregated_send: 17400
tot_msg_rcv: 636
tot_msg_sent: 1277
tot_reconf_duration: 18.21
tot_sleeping_duration: 1245826.7337600072
tot_uptimes: 325
tot_uptimes_duration: 19454.240479992935
