comms_cons: 520.769996519421
finished_reconf: true
global_termination_time: 1267258.851
local_termination_time: 236221.38960000008
node_cons: 77388.42292835748
tot_aggregated_send: 0
tot_msg_rcv: 31842
tot_msg_sent: 47312
tot_reconf_duration: 4.390000000000001
tot_sleeping_duration: 1209467.6177600008
tot_uptimes: 957
tot_uptimes_duration: 57791.23323999948
