comms_cons: 221.50192639399685
finished_reconf: true
global_termination_time: 2250509.88
local_termination_time: 1351473.0883599997
node_cons: 46282.765799999586
tot_aggregated_send: 32248
tot_msg_rcv: 435
tot_msg_sent: 984
tot_reconf_duration: 5.1
tot_sleeping_duration: 2215949.88
tot_uptimes: 577
tot_uptimes_duration: 34560.00000000023
