comms_cons: 226.00770558004066
finished_reconf: true
global_termination_time: 2252476.214
local_termination_time: 1252227.3538799982
node_cons: 46282.41268558371
tot_aggregated_send: 30508
tot_msg_rcv: 1260
tot_msg_sent: 2583
tot_reconf_duration: 4.8100000000000005
tot_sleeping_duration: 2217916.1836000117
tot_uptimes: 577
tot_uptimes_duration: 34560.03039998817
