comms_cons: 90.27305599795834
finished_reconf: true
global_termination_time: 911792.101
local_termination_time: 612389.9505199982
node_cons: 18727.666760000146
tot_aggregated_send: 12934
tot_msg_rcv: 211
tot_msg_sent: 575
tot_reconf_duration: 6.22
tot_sleeping_duration: 897812.101
tot_uptimes: 234
tot_uptimes_duration: 13980.0
