comms_cons: 324.51903999738636
finished_reconf: true
global_termination_time: 3279512.357
local_termination_time: 1576302.2710399984
node_cons: 67421.42019999874
tot_aggregated_send: 47096
tot_msg_rcv: 796
tot_msg_sent: 1433
tot_reconf_duration: 11.899999999999999
tot_sleeping_duration: 3229172.357
tot_uptimes: 840
tot_uptimes_duration: 50340.0
