comms_cons: 320.7907711905378
finished_reconf: true
global_termination_time: 3278938.073
local_termination_time: 1527640.7380000001
node_cons: 67415.93654781679
tot_aggregated_send: 43786
tot_msg_rcv: 1743
tot_msg_sent: 3230
tot_reconf_duration: 7.819999999999999
tot_sleeping_duration: 3228598.030440016
tot_uptimes: 840
tot_uptimes_duration: 50340.042559983674
