comms_cons: 174.23121278676416
finished_reconf: true
global_termination_time: 1727197.825
local_termination_time: 388568.9761200005
node_cons: 35517.24650558638
tot_aggregated_send: 24070
tot_msg_rcv: 843
tot_msg_sent: 1569
tot_reconf_duration: 5.1
tot_sleeping_duration: 1700677.79460001
tot_uptimes: 443
tot_uptimes_duration: 26520.030399989904
