comms_cons: 174.71848958935385
finished_reconf: true
global_termination_time: 1727768.646
local_termination_time: 1214915.818999998
node_cons: 35518.759324467224
tot_aggregated_send: 23490
tot_msg_rcv: 952
tot_msg_sent: 2114
tot_reconf_duration: 6.22
tot_sleeping_duration: 1701248.6216800094
tot_uptimes: 443
tot_uptimes_duration: 26520.024319990538
