comms_cons: 173.25070079195362
finished_reconf: true
global_termination_time: 1728792.622
local_termination_time: 1191708.33836
node_cons: 35525.63898000001
tot_aggregated_send: 23722
tot_msg_rcv: 787
tot_msg_sent: 1825
tot_reconf_duration: 11.31
tot_sleeping_duration: 1702272.622
tot_uptimes: 443
tot_uptimes_duration: 26520.0
