comms_cons: 1039.4688504476135
finished_reconf: true
global_termination_time: 2153560.111759998
local_termination_time: 2153560.0706399977
node_cons: 130379.90798342181
tot_aggregated_send: 0
tot_msg_rcv: 63967
tot_msg_sent: 94025
tot_reconf_duration: 37.410000000000004
tot_sleeping_duration: 2056226.9488000083
tot_uptimes: 1589
tot_uptimes_duration: 97333.16295998957
