comms_cons: 214.887903990077
finished_reconf: true
global_termination_time: 2155891.647
local_termination_time: 211711.23548000006
node_cons: 44373.082741121
tot_aggregated_send: 30566
tot_msg_rcv: 661
tot_msg_sent: 1434
tot_reconf_duration: 18.700000000000003
tot_sleeping_duration: 2122771.6409199988
tot_uptimes: 553
tot_uptimes_duration: 33120.00608000107
