comms_cons: 219.4371135919122
finished_reconf: true
global_termination_time: 2154082.899
local_termination_time: 88169.08459999994
node_cons: 44273.39931341993
tot_aggregated_send: 29580
tot_msg_rcv: 1381
tot_msg_sent: 2393
tot_reconf_duration: 4.390000000000001
tot_sleeping_duration: 2121022.826040015
tot_uptimes: 552
tot_uptimes_duration: 33060.07295998535
