comms_cons: 109.26140159091592
finished_reconf: true
global_termination_time: 1059808.997
local_termination_time: 466993.72612000094
node_cons: 21785.45565150841
tot_aggregated_send: 13630
tot_msg_rcv: 1019
tot_msg_sent: 1959
tot_reconf_duration: 8.09
tot_sleeping_duration: 1043547.2573200087
tot_uptimes: 272
tot_uptimes_duration: 16261.739679991297
