comms_cons: 105.47347839566632
finished_reconf: true
global_termination_time: 1061812.05
local_termination_time: 780694.2214799998
node_cons: 21787.02638223363
tot_aggregated_send: 14442
tot_msg_rcv: 545
tot_msg_sent: 1046
tot_reconf_duration: 10.95
tot_sleeping_duration: 1045552.0378400048
tot_uptimes: 272
tot_uptimes_duration: 16260.012159995269
