comms_cons: 264.02455037488875
finished_reconf: true
global_termination_time: 2658137.763
local_termination_time: 1445633.7283999992
node_cons: 54638.79662446652
tot_aggregated_send: 35380
tot_msg_rcv: 1611
tot_msg_sent: 3140
tot_reconf_duration: 5.57
tot_sleeping_duration: 2617337.7386800093
tot_uptimes: 681
tot_uptimes_duration: 40800.02431999054
