comms_cons: 261.27976959610766
finished_reconf: true
global_termination_time: 2657267.756
local_termination_time: 1368710.2595999998
node_cons: 54724.332359998996
tot_aggregated_send: 38686
tot_msg_rcv: 337
tot_msg_sent: 690
tot_reconf_duration: 9.42
tot_sleeping_duration: 2616407.756
tot_uptimes: 681
tot_uptimes_duration: 40860.0
