comms_cons: 262.67911679406666
finished_reconf: true
global_termination_time: 2662581.172
local_termination_time: 1247122.587239999
node_cons: 54728.69153999926
tot_aggregated_send: 38338
tot_msg_rcv: 495
tot_msg_sent: 1093
tot_reconf_duration: 12.629999999999999
tot_sleeping_duration: 2621721.172
tot_uptimes: 682
tot_uptimes_duration: 40860.0
