comms_cons: 262.81568001055143
finished_reconf: true
global_termination_time: 2658240.091
local_termination_time: 1229470.60336
node_cons: 54656.602741116185
tot_aggregated_send: 38338
tot_msg_rcv: 578
tot_msg_sent: 1030
tot_reconf_duration: 18.700000000000003
tot_sleeping_duration: 2617440.084920002
tot_uptimes: 681
tot_uptimes_duration: 40800.006079997635
