comms_cons: 77.62265599718565
finished_reconf: true
global_termination_time: 771074.63824
local_termination_time: 178720.87836000006
node_cons: 15870.793464958011
tot_aggregated_send: 10382
tot_msg_rcv: 488
tot_msg_sent: 928
tot_reconf_duration: 18.21
tot_sleeping_duration: 759240.3856000014
tot_uptimes: 198
tot_uptimes_duration: 11834.252639998507
