comms_cons: 241.60138239530067
finished_reconf: true
global_termination_time: 2445547.688
local_termination_time: 1042221.5333599999
node_cons: 50301.36823999933
tot_aggregated_send: 35264
tot_msg_rcv: 475
tot_msg_sent: 983
tot_reconf_duration: 6.279999999999999
tot_sleeping_duration: 2407987.688
tot_uptimes: 627
tot_uptimes_duration: 37560.0
