comms_cons: 282.26960001351364
finished_reconf: true
global_termination_time: 2809491.514
local_termination_time: 76812.30935999997
node_cons: 57862.74998893885
tot_aggregated_send: 39150
tot_msg_rcv: 1145
tot_msg_sent: 2608
tot_reconf_duration: 13.17
tot_sleeping_duration: 2766291.465360015
tot_uptimes: 720
tot_uptimes_duration: 43200.048639984976
