comms_cons: 284.9583616072208
finished_reconf: false
global_termination_time: 2810996.581
local_termination_time: 0
node_cons: 57881.41161116793
tot_aggregated_send: 38950
tot_msg_rcv: 1563
tot_msg_sent: 2800
tot_reconf_duration: 26.9
tot_sleeping_duration: 2767796.520200023
tot_uptimes: 720
tot_uptimes_duration: 43200.06079997681
