comms_cons: 284.55705601277765
finished_reconf: true
global_termination_time: 2808295.757
local_termination_time: 797788.1380799987
node_cons: 57855.851348934215
tot_aggregated_send: 38860
tot_msg_rcv: 1488
tot_msg_sent: 2903
tot_reconf_duration: 8.09
tot_sleeping_duration: 2765095.7083600187
tot_uptimes: 720
tot_uptimes_duration: 43200.04863998154
