comms_cons: 284.02186880668955
finished_reconf: true
global_termination_time: 2811137.689
local_termination_time: 1536802.2415599986
node_cons: 57870.25972893515
tot_aggregated_send: 38628
tot_msg_rcv: 1415
tot_msg_sent: 3126
tot_reconf_duration: 18.700000000000003
tot_sleeping_duration: 2767937.640360018
tot_uptimes: 720
tot_uptimes_duration: 43200.04863998201
