comms_cons: 279.80679680891745
finished_reconf: true
global_termination_time: 2809424.603
local_termination_time: 2626202.8993599997
node_cons: 57857.877539998815
tot_aggregated_send: 40368
tot_msg_rcv: 778
tot_msg_sent: 1383
tot_reconf_duration: 9.629999999999999
tot_sleeping_duration: 2766224.603
tot_uptimes: 720
tot_uptimes_duration: 43200.0
