comms_cons: 282.7467520217182
finished_reconf: true
global_termination_time: 2809187.368
local_termination_time: 1986503.364
node_cons: 57853.27932446721
tot_aggregated_send: 39089
tot_msg_rcv: 1215
tot_msg_sent: 2671
tot_reconf_duration: 6.22
tot_sleeping_duration: 2765987.3436800083
tot_uptimes: 720
tot_uptimes_duration: 43200.02431999124
