comms_cons: 284.03784961565066
finished_reconf: true
global_termination_time: 2809947.962
local_termination_time: 1979950.88148
node_cons: 57860.18340335018
tot_aggregated_send: 39092
tot_msg_rcv: 1416
tot_msg_sent: 2665
tot_reconf_duration: 11.31
tot_sleeping_duration: 2766747.943760006
tot_uptimes: 720
tot_uptimes_duration: 43200.01823999337
