comms_cons: 2.2817599999913223
finished_reconf: true
global_termination_time: 16892.789
local_termination_time: 9361.99136
node_cons: 332.3462200000002
tot_aggregated_send: 0
tot_msg_rcv: 177
tot_msg_sent: 169
tot_reconf_duration: 8.09
tot_sleeping_duration: 16652.789
tot_uptimes: 5
tot_uptimes_duration: 240.0
