comms_cons: 2.236927999996829
finished_reconf: true
global_termination_time: 15776.051
local_termination_time: 4560.3553600000005
node_cons: 341.87938000000076
tot_aggregated_send: 0
tot_msg_rcv: 178
tot_msg_sent: 162
tot_reconf_duration: 15.110000000000001
tot_sleeping_duration: 15536.051
tot_uptimes: 5
tot_uptimes_duration: 240.0
