comms_cons: 413.33678704591375
finished_reconf: true
global_termination_time: 855403.6039199993
local_termination_time: 855403.5627999994
node_cons: 51891.9674825578
tot_aggregated_send: 0
tot_msg_rcv: 25408
tot_msg_sent: 37418
tot_reconf_duration: 24.59
tot_sleeping_duration: 816674.2728800005
tot_uptimes: 634
tot_uptimes_duration: 38729.331039998906
