comms_cons: 84.73351679774972
finished_reconf: true
global_termination_time: 857417.955
local_termination_time: 458433.15836000006
node_cons: 17601.393941119146
tot_aggregated_send: 12412
tot_msg_rcv: 180
tot_msg_sent: 287
tot_reconf_duration: 5.1
tot_sleeping_duration: 844277.9489200006
tot_uptimes: 220
tot_uptimes_duration: 13140.006079999366
