comms_cons: 84.9154239986737
finished_reconf: true
global_termination_time: 858522.856
local_termination_time: 295248.84436000005
node_cons: 17612.344860000005
tot_aggregated_send: 12122
tot_msg_rcv: 216
tot_msg_sent: 568
tot_reconf_duration: 13.17
tot_sleeping_duration: 845382.856
tot_uptimes: 220
tot_uptimes_duration: 13140.0
