comms_cons: 169.45997433651374
finished_reconf: true
global_termination_time: 857321.017
local_termination_time: 3406.5003600000005
node_cons: 17625.23498223369
tot_aggregated_send: 0
tot_msg_rcv: 13060
tot_msg_sent: 12696
tot_reconf_duration: 22.65
tot_sleeping_duration: 844181.0048400047
tot_uptimes: 220
tot_uptimes_duration: 13140.012159995269
