comms_cons: 84.79993599862259
finished_reconf: true
global_termination_time: 855467.826
local_termination_time: 88727.5994799997
node_cons: 17609.827121121474
tot_aggregated_send: 12296
tot_msg_rcv: 195
tot_msg_sent: 398
tot_reconf_duration: 11.31
tot_sleeping_duration: 842327.819919999
tot_uptimes: 220
tot_uptimes_duration: 13140.006080001069
