comms_cons: 85.20865919774435
finished_reconf: true
global_termination_time: 860865.169
local_termination_time: 817814.2443599998
node_cons: 17682.173939999935
tot_aggregated_send: 12412
tot_msg_rcv: 196
tot_msg_sent: 343
tot_reconf_duration: 5.43
tot_sleeping_duration: 847665.169
tot_uptimes: 221
tot_uptimes_duration: 13200.0
