comms_cons: 39.55639680099061
finished_reconf: true
global_termination_time: 388458.306
local_termination_time: 192282.23836000008
node_cons: 7961.248483364316
tot_aggregated_send: 5162
tot_msg_rcv: 272
tot_msg_sent: 578
tot_reconf_duration: 5.57
tot_sleeping_duration: 382518.2877599968
tot_uptimes: 100
tot_uptimes_duration: 5940.01824000321
