comms_cons: 38.86450560112605
finished_reconf: true
global_termination_time: 388632.333
local_termination_time: 156311.541
node_cons: 7992.979730406796
tot_aggregated_send: 5044
tot_msg_rcv: 275
tot_msg_sent: 588
tot_reconf_duration: 22.65
tot_sleeping_duration: 382685.9393999949
tot_uptimes: 100
tot_uptimes_duration: 5946.393600005074
