comms_cons: 88.2079615977848
finished_reconf: true
global_termination_time: 881493.8100000003
local_termination_time: 257830.04736000006
node_cons: 18124.97235224331
tot_aggregated_send: 12064
tot_msg_rcv: 414
tot_msg_sent: 929
tot_reconf_duration: 4.8100000000000005
tot_sleeping_duration: 867962.4878399979
tot_uptimes: 226
tot_uptimes_duration: 13531.322160002455
