comms_cons: 89.65475839432573
finished_reconf: true
global_termination_time: 885621.966
local_termination_time: 487044.25360000005
node_cons: 18165.29490111682
tot_aggregated_send: 12180
tot_msg_rcv: 521
tot_msg_sent: 926
tot_reconf_duration: 6.22
tot_sleeping_duration: 872061.9599200024
tot_uptimes: 227
tot_uptimes_duration: 13560.006079997635
