comms_cons: 87.60862719684678
finished_reconf: true
global_termination_time: 882740.963
local_termination_time: 568824.0673599999
node_cons: 18172.198979999943
tot_aggregated_send: 12644
tot_msg_rcv: 218
tot_msg_sent: 454
tot_reconf_duration: 11.31
tot_sleeping_duration: 869180.963
tot_uptimes: 227
tot_uptimes_duration: 13560.0
