comms_cons: 59.07526400142822
finished_reconf: true
global_termination_time: 584814.697
local_termination_time: 264892.79296000017
node_cons: 11974.818182242941
tot_aggregated_send: 7888
tot_msg_rcv: 396
tot_msg_sent: 696
tot_reconf_duration: 3.05
tot_sleeping_duration: 575874.6848399979
tot_uptimes: 150
tot_uptimes_duration: 8940.012160002138
