comms_cons: 119.11215999167722
finished_reconf: true
global_termination_time: 1162309.375
local_termination_time: 215652.96036000006
node_cons: 23869.557086710218
tot_aggregated_send: 15660
tot_msg_rcv: 873
tot_msg_sent: 1571
tot_reconf_duration: 6.279999999999999
tot_sleeping_duration: 1144489.3385200074
tot_uptimes: 298
tot_uptimes_duration: 17820.03647999267
