comms_cons: 114.8924031974015
finished_reconf: true
global_termination_time: 1162893.935
local_termination_time: 690449.7106399991
node_cons: 23877.140200000067
tot_aggregated_send: 16878
tot_msg_rcv: 247
tot_msg_sent: 337
tot_reconf_duration: 11.899999999999999
tot_sleeping_duration: 1145073.935
tot_uptimes: 298
tot_uptimes_duration: 17820.0
