comms_cons: 119.70854399092912
finished_reconf: true
global_termination_time: 1165581.985
local_termination_time: 325960.3444800005
node_cons: 23949.7911833505
tot_aggregated_send: 15370
tot_msg_rcv: 909
tot_msg_sent: 1916
tot_reconf_duration: 6.22
tot_sleeping_duration: 1147701.9667600072
tot_uptimes: 299
tot_uptimes_duration: 17880.018239992904
