comms_cons: 10.94169599983885
finished_reconf: true
global_termination_time: 95591.76359999995
local_termination_time: 95591.72247999995
node_cons: 1979.9992839976812
tot_aggregated_send: 870
tot_msg_rcv: 263
tot_msg_sent: 529
tot_reconf_duration: 24.59
tot_sleeping_duration: 94137.98760000168
tot_uptimes: 25
tot_uptimes_duration: 1453.7759999982736
