comms_cons: 11.431206400052975
finished_reconf: true
global_termination_time: 100195.954
local_termination_time: 40698.66628000007
node_cons: 2033.2454622394405
tot_aggregated_send: 696
tot_msg_rcv: 351
tot_msg_sent: 693
tot_reconf_duration: 18.21
tot_sleeping_duration: 98695.94184000042
tot_uptimes: 26
tot_uptimes_duration: 1500.0121599995837
