comms_cons: 12.659123200054411
finished_reconf: true
global_termination_time: 97277.086
local_termination_time: 20721.602359999997
node_cons: 1943.551544481161
tot_aggregated_send: 696
tot_msg_rcv: 532
tot_msg_sent: 696
tot_reconf_duration: 11.31
tot_sleeping_duration: 95837.06167999913
tot_uptimes: 25
tot_uptimes_duration: 1440.02432000087
