comms_cons: 59.936512000539935
finished_reconf: true
global_termination_time: 602782.511
local_termination_time: 204848.21636000005
node_cons: 12387.743403364306
tot_aggregated_send: 8294
tot_msg_rcv: 240
tot_msg_sent: 576
tot_reconf_duration: 11.31
tot_sleeping_duration: 593542.4927599968
tot_uptimes: 155
tot_uptimes_duration: 9240.018240003206
