comms_cons: 84.2137600001012
finished_reconf: true
global_termination_time: 866483.419
local_termination_time: 796003.8263599998
node_cons: 17779.869179999976
tot_aggregated_send: 12528
tot_msg_rcv: 91
tot_msg_sent: 181
tot_reconf_duration: 18.21
tot_sleeping_duration: 853223.419
tot_uptimes: 222
tot_uptimes_duration: 13260.0
