comms_cons: 86.87310079922135
finished_reconf: true
global_termination_time: 864950.088
local_termination_time: 538120.2675599986
node_cons: 17763.586760000144
tot_aggregated_send: 12122
tot_msg_rcv: 389
tot_msg_sent: 694
tot_reconf_duration: 6.22
tot_sleeping_duration: 851690.088
tot_uptimes: 222
tot_uptimes_duration: 13260.0
