comms_cons: 105.3736255981392
finished_reconf: true
global_termination_time: 1037039.295
local_termination_time: 183045.02336000005
node_cons: 21314.869885602577
tot_aggregated_send: 14094
tot_msg_rcv: 654
tot_msg_sent: 1268
tot_reconf_duration: 18.21
tot_sleeping_duration: 1021139.2645999981
tot_uptimes: 266
tot_uptimes_duration: 15900.03040000191
