comms_cons: 104.34673919030402
finished_reconf: true
global_termination_time: 1037311.918
local_termination_time: 451187.2243600001
node_cons: 21311.013131177584
tot_aggregated_send: 12934
tot_msg_rcv: 1034
tot_msg_sent: 1892
tot_reconf_duration: 15.34
tot_sleeping_duration: 1021411.8572000167
tot_uptimes: 266
tot_uptimes_duration: 15900.060799983214
