comms_cons: 101.53021439767002
finished_reconf: true
global_termination_time: 1036899.276
local_termination_time: 699370.8983599999
node_cons: 21298.660804481195
tot_aggregated_send: 13572
tot_msg_rcv: 608
tot_msg_sent: 1252
tot_reconf_duration: 6.279999999999999
tot_sleeping_duration: 1020999.251679999
tot_uptimes: 266
tot_uptimes_duration: 15900.02432000084
