comms_cons: 272.54993920268066
finished_reconf: true
global_termination_time: 2732413.578
local_termination_time: 666184.044999999
node_cons: 56182.42988558315
tot_aggregated_send: 37874
tot_msg_rcv: 1244
tot_msg_sent: 2308
tot_reconf_duration: 18.21
tot_sleeping_duration: 2690473.547600012
tot_uptimes: 700
tot_uptimes_duration: 41940.03039998817
