comms_cons: 268.7800576064718
finished_reconf: true
global_termination_time: 2732919.506
local_termination_time: 1769501.4003599999
node_cons: 56192.0173999991
tot_aggregated_send: 39788
tot_msg_rcv: 341
tot_msg_sent: 724
tot_reconf_duration: 25.299999999999997
tot_sleeping_duration: 2690979.506
tot_uptimes: 700
tot_uptimes_duration: 41940.0
