comms_cons: 273.2782080126222
finished_reconf: true
global_termination_time: 2729750.435
local_termination_time: 1174464.8000399994
node_cons: 56174.811539999195
tot_aggregated_send: 38570
tot_msg_rcv: 1006
tot_msg_sent: 1961
tot_reconf_duration: 12.629999999999999
tot_sleeping_duration: 2687810.435
tot_uptimes: 700
tot_uptimes_duration: 41940.0
