comms_cons: 270.5959168007993
finished_reconf: true
global_termination_time: 2731612.67
local_termination_time: 1810098.02572
node_cons: 56172.53009999929
tot_aggregated_send: 39324
tot_msg_rcv: 597
tot_msg_sent: 1208
tot_reconf_duration: 10.95
tot_sleeping_duration: 2689672.67
tot_uptimes: 700
tot_uptimes_duration: 41940.0
