comms_cons: 283.0456256243084
finished_reconf: true
global_termination_time: 2808891.98
local_termination_time: 1212033.9039199993
node_cons: 57865.3438033542
tot_aggregated_send: 39382
tot_msg_rcv: 1266
tot_msg_sent: 2373
tot_reconf_duration: 15.110000000000001
tot_sleeping_duration: 2765691.9617600036
tot_uptimes: 720
tot_uptimes_duration: 43200.01823999657
