comms_cons: 280.7921856134609
finished_reconf: true
global_termination_time: 2810346.396
local_termination_time: 1483222.9503999993
node_cons: 57861.98410446662
tot_aggregated_send: 39498
tot_msg_rcv: 924
tot_msg_sent: 2257
tot_reconf_duration: 12.629999999999999
tot_sleeping_duration: 2767146.3716800096
tot_uptimes: 720
tot_uptimes_duration: 43200.024319990654
