comms_cons: 282.92659202656455
finished_reconf: true
global_termination_time: 2809341.423
local_termination_time: 1750484.0423599998
node_cons: 57854.001801116145
tot_aggregated_send: 39266
tot_msg_rcv: 1245
tot_msg_sent: 2489
tot_reconf_duration: 6.77
tot_sleeping_duration: 2766141.416920002
tot_uptimes: 720
tot_uptimes_duration: 43200.00607999787
