comms_cons: 97.1474943973127
finished_reconf: true
global_termination_time: 974538.247
local_termination_time: 476643.59836000006
node_cons: 20012.22406000004
tot_aggregated_send: 13804
tot_msg_rcv: 328
tot_msg_sent: 633
tot_reconf_duration: 5.57
tot_sleeping_duration: 959598.247
tot_uptimes: 250
tot_uptimes_duration: 14940.0
