comms_cons: 100.66411519466331
finished_reconf: true
global_termination_time: 975267.586
local_termination_time: 428701.80628000037
node_cons: 20008.850746701086
tot_aggregated_send: 12760
tot_msg_rcv: 848
tot_msg_sent: 1691
tot_reconf_duration: 3.05
tot_sleeping_duration: 960327.5495200142
tot_uptimes: 250
tot_uptimes_duration: 14940.036479985807
