comms_cons: 95.81288960026816
finished_reconf: true
global_termination_time: 973866.703
local_termination_time: 923411.1853599988
node_cons: 20012.03393999994
tot_aggregated_send: 13978
tot_msg_rcv: 172
tot_msg_sent: 413
tot_reconf_duration: 5.43
tot_sleeping_duration: 958926.703
tot_uptimes: 250
tot_uptimes_duration: 14940.0
