comms_cons: 833.9986063348545
finished_reconf: true
global_termination_time: 4251255.624
local_termination_time: 1774.1734800000004
node_cons: 87416.8702233485
tot_aggregated_send: 0
tot_msg_rcv: 63648
tot_msg_sent: 63114
tot_reconf_duration: 5.1
tot_sleeping_duration: 4185975.6057600067
tot_uptimes: 1089
tot_uptimes_duration: 65280.01823999314
