comms_cons: 425.63625606680034
finished_reconf: true
global_termination_time: 4249858.295
local_termination_time: 44837.836720000116
node_cons: 87444.35067005076
tot_aggregated_send: 59798
tot_msg_rcv: 1603
tot_msg_sent: 3293
tot_reconf_duration: 25.299999999999997
tot_sleeping_duration: 4184578.24028002
tot_uptimes: 1089
tot_uptimes_duration: 65280.054719979875
