comms_cons: 429.9465344588193
finished_reconf: true
global_termination_time: 4249188.551
local_termination_time: 1974395.9974799978
node_cons: 87418.60369941688
tot_aggregated_send: 59044
tot_msg_rcv: 2305
tot_msg_sent: 3999
tot_reconf_duration: 4.8100000000000005
tot_sleeping_duration: 4183906.9440400153
tot_uptimes: 1089
tot_uptimes_duration: 65281.606959984405
