comms_cons: 429.0497088966069
finished_reconf: true
global_termination_time: 4248710.017
local_termination_time: 1746659.2842799984
node_cons: 87424.80638223223
tot_aggregated_send: 58522
tot_msg_rcv: 2113
tot_msg_sent: 4577
tot_reconf_duration: 10.95
tot_sleeping_duration: 4183430.0048400043
tot_uptimes: 1089
tot_uptimes_duration: 65280.012159995735
