comms_cons: 425.8035008471918
finished_reconf: true
global_termination_time: 4248014.301
local_termination_time: 1047930.4269599988
node_cons: 87338.07560669944
tot_aggregated_send: 59044
tot_msg_rcv: 2014
tot_msg_sent: 3661
tot_reconf_duration: 6.22
tot_sleeping_duration: 4182794.2645200137
tot_uptimes: 1088
tot_uptimes_duration: 65220.03647998627
