comms_cons: 451.2307968403209
finished_reconf: true
global_termination_time: 4581896.648
local_termination_time: 1098759.52136
node_cons: 94246.4084833486
tot_aggregated_send: 63046
tot_msg_rcv: 1997
tot_msg_sent: 3541
tot_reconf_duration: 5.57
tot_sleeping_duration: 4511516.629760006
tot_uptimes: 1174
tot_uptimes_duration: 70380.01823999337
