comms_cons: 1819.2697051085531
finished_reconf: true
global_termination_time: 4580585.079
local_termination_time: 702991.2907199989
node_cons: 278389.3688363622
tot_aggregated_send: 0
tot_msg_rcv: 111636
tot_msg_sent: 164882
tot_reconf_duration: 6.22
tot_sleeping_duration: 4372682.971400025
tot_uptimes: 3420
tot_uptimes_duration: 207902.10759997516
