comms_cons: 2.6185215999913467
finished_reconf: true
global_termination_time: 11945.388
local_termination_time: 6761.826360000001
node_cons: 248.5840599999984
tot_aggregated_send: 0
tot_msg_rcv: 229
tot_msg_sent: 169
tot_reconf_duration: 5.57
tot_sleeping_duration: 11765.388000000003
tot_uptimes: 4
tot_uptimes_duration: 180.0
