comms_cons: 2.099321599992387
finished_reconf: true
global_termination_time: 13669.814
local_termination_time: 9600.604360000001
node_cons: 275.3774000000015
tot_aggregated_send: 0
tot_msg_rcv: 195
tot_msg_sent: 124
tot_reconf_duration: 25.299999999999997
tot_sleeping_duration: 13489.814
tot_uptimes: 4
tot_uptimes_duration: 180.0
