comms_cons: 1.506636799996187
finished_reconf: true
global_termination_time: 10956.003
local_termination_time: 5898.607360000001
node_cons: 168.0539400000007
tot_aggregated_send: 0
tot_msg_rcv: 118
tot_msg_sent: 111
tot_reconf_duration: 5.43
tot_sleeping_duration: 10836.003
tot_uptimes: 3
tot_uptimes_duration: 120.00000000000023
