comms_cons: 77.05169920660683
finished_reconf: true
global_termination_time: 261882.72160000008
local_termination_time: 261882.68048000007
node_cons: 10885.705262520158
tot_aggregated_send: 0
tot_msg_rcv: 3893
tot_msg_sent: 7818
tot_reconf_duration: 24.59
tot_sleeping_duration: 253777.93291999996
tot_uptimes: 135
tot_uptimes_duration: 8104.7886800001
