comms_cons: 87.24081919694282
finished_reconf: true
global_termination_time: 848852.8682400001
local_termination_time: 27845.29648
node_cons: 17465.219177203217
tot_aggregated_send: 11136
tot_msg_rcv: 739
tot_msg_sent: 1384
tot_reconf_duration: 8.09
tot_sleeping_duration: 835817.5934399978
tot_uptimes: 218
tot_uptimes_duration: 13035.274800002386
