comms_cons: 87.15207039540887
finished_reconf: true
global_termination_time: 853984.829
local_termination_time: 174965.48736000006
node_cons: 17526.564650074528
tot_aggregated_send: 11020
tot_msg_rcv: 710
tot_msg_sent: 1515
tot_reconf_duration: 9.11
tot_sleeping_duration: 840904.7742800042
tot_uptimes: 219
tot_uptimes_duration: 13080.054719995882
