comms_cons: 85.06766079596065
finished_reconf: true
global_termination_time: 850894.965
local_termination_time: 441629.76736000006
node_cons: 17450.931540000034
tot_aggregated_send: 11832
tot_msg_rcv: 395
tot_msg_sent: 704
tot_reconf_duration: 12.629999999999999
tot_sleeping_duration: 837874.965
tot_uptimes: 218
tot_uptimes_duration: 13020.0
