comms_cons: 87.00216959538463
finished_reconf: true
global_termination_time: 850168.488
local_termination_time: 528934.2875599985
node_cons: 17448.69894671013
tot_aggregated_send: 11310
tot_msg_rcv: 692
tot_msg_sent: 1221
tot_reconf_duration: 10.95
tot_sleeping_duration: 837148.4515200073
tot_uptimes: 218
tot_uptimes_duration: 13020.036479992661
