comms_cons: 86.55591679809461
finished_reconf: true
global_termination_time: 849244.684
local_termination_time: 378308.47836
node_cons: 17439.766043364256
tot_aggregated_send: 11426
tot_msg_rcv: 570
tot_msg_sent: 1159
tot_reconf_duration: 4.390000000000001
tot_sleeping_duration: 836224.6657599967
tot_uptimes: 218
tot_uptimes_duration: 13020.018240003206
