comms_cons: 83.18145279829524
finished_reconf: true
global_termination_time: 807562.909
local_termination_time: 349529.69436
node_cons: 16567.96556559796
tot_aggregated_send: 10788
tot_msg_rcv: 699
tot_msg_sent: 1157
tot_reconf_duration: 13.17
tot_sleeping_duration: 795202.8786000015
tot_uptimes: 207
tot_uptimes_duration: 12360.030399998475
