comms_cons: 82.722508797829
finished_reconf: true
global_termination_time: 807122.3702400001
local_termination_time: 31587.80344
node_cons: 16587.18804496264
tot_aggregated_send: 10614
tot_msg_rcv: 682
tot_msg_sent: 1277
tot_reconf_duration: 11.31
tot_sleeping_duration: 794746.0975999981
tot_uptimes: 207
tot_uptimes_duration: 12376.27264000196
