comms_cons: 72.93105919776151
finished_reconf: true
global_termination_time: 723985.424
local_termination_time: 602757.2033599999
node_cons: 14893.666841116885
tot_aggregated_send: 9686
tot_msg_rcv: 494
tot_msg_sent: 905
tot_reconf_duration: 22.65
tot_sleeping_duration: 712885.4179200024
tot_uptimes: 186
tot_uptimes_duration: 11100.006079997635
