comms_cons: 75.07587839804584
finished_reconf: true
global_termination_time: 721272.711
local_termination_time: 274294.0373600001
node_cons: 14797.951544481142
tot_aggregated_send: 9048
tot_msg_rcv: 742
tot_msg_sent: 1622
tot_reconf_duration: 11.31
tot_sleeping_duration: 710232.6866799991
tot_uptimes: 185
tot_uptimes_duration: 11040.02432000084
