comms_cons: 73.28501759530099
finished_reconf: true
global_termination_time: 711242.041
local_termination_time: 106019.11891999983
node_cons: 14629.294645597987
tot_aggregated_send: 9396
tot_msg_rcv: 578
tot_msg_sent: 1166
tot_reconf_duration: 5.43
tot_sleeping_duration: 700322.0106000014
tot_uptimes: 183
tot_uptimes_duration: 10920.030399998475
