comms_cons: 68.94531840042653
finished_reconf: true
global_termination_time: 688143.328
local_termination_time: 5625.179
node_cons: 14145.21224112031
tot_aggregated_send: 9739
tot_msg_rcv: 274
tot_msg_sent: 467
tot_reconf_duration: 3.95
tot_sleeping_duration: 677583.3219199998
tot_uptimes: 177
tot_uptimes_duration: 10560.006080000217
