comms_cons: 67.96313600043413
finished_reconf: true
global_termination_time: 690338.286
local_termination_time: 3910.004
node_cons: 14156.464622241743
tot_aggregated_send: 9963
tot_msg_rcv: 133
tot_msg_sent: 234
tot_reconf_duration: 12.23
tot_sleeping_duration: 679778.2738399986
tot_uptimes: 177
tot_uptimes_duration: 10560.012160001286
