comms_cons: 131.3471487974113
finished_reconf: true
global_termination_time: 1329900.692
local_termination_time: 735927.2123599999
node_cons: 27331.760200000073
tot_aggregated_send: 19314
tot_msg_rcv: 255
tot_msg_sent: 395
tot_reconf_duration: 11.899999999999999
tot_sleeping_duration: 1309500.692
tot_uptimes: 341
tot_uptimes_duration: 20400.0
