comms_cons: 263.88428142446645
finished_reconf: true
global_termination_time: 1330313.109
local_termination_time: 630316.5977999995
node_cons: 27324.063042233825
tot_aggregated_send: 0
tot_msg_rcv: 20386
tot_msg_sent: 19723
tot_reconf_duration: 6.22
tot_sleeping_duration: 1309913.0968400047
tot_uptimes: 341
tot_uptimes_duration: 20400.01215999527
