comms_cons: 9.071744000197517
finished_reconf: true
global_termination_time: 72652.954
local_termination_time: 37473.38536000001
node_cons: 1470.881744480881
tot_aggregated_send: 290
tot_msg_rcv: 402
tot_msg_sent: 686
tot_reconf_duration: 18.21
tot_sleeping_duration: 71572.92967999933
tot_uptimes: 19
tot_uptimes_duration: 1080.024320000659
