comms_cons: 10.837196800158114
finished_reconf: true
global_termination_time: 72708.819
local_termination_time: 21936.039360000002
node_cons: 1458.9123600000023
tot_aggregated_send: 406
tot_msg_rcv: 595
tot_msg_sent: 647
tot_reconf_duration: 9.42
tot_sleeping_duration: 71628.819
tot_uptimes: 19
tot_uptimes_duration: 1080.0
