comms_cons: 11.310899200299403
finished_reconf: true
global_termination_time: 72715.932
local_termination_time: 32530.77636
node_cons: 1452.660121120293
tot_aggregated_send: 290
tot_msg_rcv: 671
tot_msg_sent: 760
tot_reconf_duration: 4.8100000000000005
tot_sleeping_duration: 71635.92591999979
tot_uptimes: 19
tot_uptimes_duration: 1080.0060800002175
