comms_cons: 10.28986880013277
finished_reconf: true
global_termination_time: 77071.321
local_termination_time: 24052.57828
node_cons: 1541.835262240579
tot_aggregated_send: 580
tot_msg_rcv: 464
tot_msg_sent: 519
tot_reconf_duration: 11.31
tot_sleeping_duration: 75931.30883999956
tot_uptimes: 20
tot_uptimes_duration: 1140.012160000435
