comms_cons: 47.77877760037471
finished_reconf: true
global_termination_time: 466874.074
local_termination_time: 92281.0843199996
node_cons: 9571.462502242868
tot_aggregated_send: 6322
tot_msg_rcv: 361
tot_msg_sent: 580
tot_reconf_duration: 8.09
tot_sleeping_duration: 459734.0618399979
tot_uptimes: 120
tot_uptimes_duration: 7140.0121600021375
