comms_cons: 48.51502080135119
finished_reconf: true
global_termination_time: 470639.689
local_termination_time: 76706.84435999996
node_cons: 9653.63306560574
tot_aggregated_send: 6148
tot_msg_rcv: 417
tot_msg_sent: 809
tot_reconf_duration: 9.42
tot_sleeping_duration: 463439.6585999958
tot_uptimes: 121
tot_uptimes_duration: 7200.03040000428
