comms_cons: 47.47018240056587
finished_reconf: true
global_termination_time: 471841.56
local_termination_time: 4902.177
node_cons: 9659.473502720017
tot_aggregated_send: 6438
tot_msg_rcv: 257
tot_msg_sent: 521
tot_reconf_duration: 10.95
tot_sleeping_duration: 464638.71952000004
tot_uptimes: 121
tot_uptimes_duration: 7202.840480000004
