comms_cons: 45.90965760044152
finished_reconf: true
global_termination_time: 467283.014
local_termination_time: 357804.35436
node_cons: 9576.620199999965
tot_aggregated_send: 6670
tot_msg_rcv: 87
tot_msg_sent: 221
tot_reconf_duration: 11.899999999999999
tot_sleeping_duration: 460143.014
tot_uptimes: 120
tot_uptimes_duration: 7140.0
