comms_cons: 97.209561598179
finished_reconf: true
global_termination_time: 1010603.051
local_termination_time: 173318.01848000006
node_cons: 20752.473603359715
tot_aggregated_send: 13282
tot_msg_rcv: 510
tot_msg_sent: 985
tot_reconf_duration: 18.21
tot_sleeping_duration: 995123.0327600002
tot_uptimes: 259
tot_uptimes_duration: 15480.018239999772
