comms_cons: 84.18744319766836
finished_reconf: true
global_termination_time: 827068.951
local_termination_time: 231454.50100000045
node_cons: 16960.292663355118
tot_aggregated_send: 11194
tot_msg_rcv: 557
tot_msg_sent: 1045
tot_reconf_duration: 6.279999999999999
tot_sleeping_duration: 814408.9327600037
tot_uptimes: 212
tot_uptimes_duration: 12660.018239996338
