comms_cons: 135.79045121208665
finished_reconf: true
global_termination_time: 278708.70476000087
local_termination_time: 278708.66364000086
node_cons: 17201.44765236038
tot_aggregated_send: 0
tot_msg_rcv: 8257
tot_msg_sent: 12382
tot_reconf_duration: 24.59
tot_sleeping_duration: 265887.1555200006
tot_uptimes: 211
tot_uptimes_duration: 12821.549240000255
