comms_cons: 98.93272319292404
finished_reconf: true
global_termination_time: 978829.458
local_termination_time: 295496.0574800001
node_cons: 20105.880566714855
tot_aggregated_send: 13340
tot_msg_rcv: 544
tot_msg_sent: 1153
tot_reconf_duration: 15.34
tot_sleeping_duration: 963829.4215200038
tot_uptimes: 251
tot_uptimes_duration: 15000.03647999611
