comms_cons: 28.987955200337296
finished_reconf: true
global_termination_time: 284511.3
local_termination_time: 167350.85152000037
node_cons: 5889.5654622428565
tot_aggregated_send: 3828
tot_msg_rcv: 187
tot_msg_sent: 391
tot_reconf_duration: 18.21
tot_sleeping_duration: 280131.28783999785
tot_uptimes: 73
tot_uptimes_duration: 4380.0121600021375
