comms_cons: 28.909587200225722
finished_reconf: true
global_termination_time: 286725.842
local_termination_time: 75422.53431999988
node_cons: 5870.789761121437
tot_aggregated_send: 3886
tot_msg_rcv: 163
tot_msg_sent: 345
tot_reconf_duration: 4.390000000000001
tot_sleeping_duration: 282345.83591999894
tot_uptimes: 74
tot_uptimes_duration: 4380.006080001069
