comms_cons: 29.441920000378683
finished_reconf: true
global_termination_time: 287388.326
local_termination_time: 140958.0949600006
node_cons: 5880.187121121433
tot_aggregated_send: 3712
tot_msg_rcv: 248
tot_msg_sent: 515
tot_reconf_duration: 11.31
tot_sleeping_duration: 283008.31991999893
tot_uptimes: 74
tot_uptimes_duration: 4380.006080001069
