comms_cons: 464.9094272338873
finished_reconf: true
global_termination_time: 4735254.683
local_termination_time: 3257335.876719999
node_cons: 97380.64894558272
tot_aggregated_send: 65540
tot_msg_rcv: 1754
tot_msg_sent: 3369
tot_reconf_duration: 6.279999999999999
tot_sleeping_duration: 4662534.652600012
tot_uptimes: 1213
tot_uptimes_duration: 72720.03039998887
