comms_cons: 464.5974144453196
finished_reconf: true
global_termination_time: 4736202.228
local_termination_time: 2763387.256
node_cons: 97396.37234989341
tot_aggregated_send: 65591
tot_msg_rcv: 1592
tot_msg_sent: 3434
tot_reconf_duration: 13.17
tot_sleeping_duration: 4663477.442720018
tot_uptimes: 1213
tot_uptimes_duration: 72724.78527998226
