comms_cons: 480.45080332297687
finished_reconf: true
global_termination_time: 4730573.131
local_termination_time: 1059583.371
node_cons: 97392.04361547885
tot_aggregated_send: 65248
tot_msg_rcv: 2716
tot_msg_sent: 5059
tot_reconf_duration: 9.42
tot_sleeping_duration: 4657847.775320028
tot_uptimes: 1212
tot_uptimes_duration: 72725.3556799714
