comms_cons: 477.04284811379
finished_reconf: true
global_termination_time: 4731453.087
local_termination_time: 980254.5805199982
node_cons: 97310.30348867945
tot_aggregated_send: 65366
tot_msg_rcv: 2268
tot_msg_sent: 4874
tot_reconf_duration: 12.629999999999999
tot_sleeping_duration: 4658792.032520029
tot_uptimes: 1212
tot_uptimes_duration: 72661.05447997176
