comms_cons: 471.2777024597208
finished_reconf: true
global_termination_time: 4734831.914
local_termination_time: 503197.57268000074
node_cons: 97382.7484066992
tot_aggregated_send: 66526
tot_msg_rcv: 1810
tot_msg_sent: 3293
tot_reconf_duration: 7.819999999999999
tot_sleeping_duration: 4662111.877520014
tot_uptimes: 1213
tot_uptimes_duration: 72720.0364799865
