comms_cons: 22.92255999993479
finished_reconf: true
global_termination_time: 229194.68648000006
local_termination_time: 229194.64536000005
node_cons: 4711.479800960697
tot_aggregated_send: 3060
tot_msg_rcv: 125
tot_msg_sent: 298
tot_reconf_duration: 24.59
tot_sleeping_duration: 225700.96983999957
tot_uptimes: 59
tot_uptimes_duration: 3493.716640000508
