comms_cons: 23.092991999924855
finished_reconf: true
global_termination_time: 230005.602
local_termination_time: 75087.61203999956
node_cons: 4670.339560000023
tot_aggregated_send: 3132
tot_msg_rcv: 153
tot_msg_sent: 225
tot_reconf_duration: 7.819999999999999
tot_sleeping_duration: 226525.602
tot_uptimes: 59
tot_uptimes_duration: 3480.0000000000073
