comms_cons: 130.26158079716703
finished_reconf: true
global_termination_time: 1315248.357
local_termination_time: 1055639.23636
node_cons: 27009.59898000012
tot_aggregated_send: 19024
tot_msg_rcv: 321
tot_msg_sent: 454
tot_reconf_duration: 11.31
tot_sleeping_duration: 1295088.357
tot_uptimes: 337
tot_uptimes_duration: 20160.0
