comms_cons: 37.42906880060461
finished_reconf: true
global_termination_time: 373747.878
local_termination_time: 127666.41275999948
node_cons: 7638.2779022428695
tot_aggregated_send: 5104
tot_msg_rcv: 181
tot_msg_sent: 405
tot_reconf_duration: 4.390000000000001
tot_sleeping_duration: 368047.8658399979
tot_uptimes: 96
tot_uptimes_duration: 5700.0121600021375
