comms_cons: 70.59347839829707
finished_reconf: true
global_termination_time: 708611.668
local_termination_time: 117386.20835999968
node_cons: 14549.10406000001
tot_aggregated_send: 10150
tot_msg_rcv: 235
tot_msg_sent: 343
tot_reconf_duration: 5.57
tot_sleeping_duration: 697751.668
tot_uptimes: 182
tot_uptimes_duration: 10860.0
