comms_cons: 69.50924799947205
finished_reconf: true
global_termination_time: 713273.972
local_termination_time: 706939.6613999981
node_cons: 14636.750099999956
tot_aggregated_send: 10498
tot_msg_rcv: 18
tot_msg_sent: 48
tot_reconf_duration: 10.95
tot_sleeping_duration: 702353.972
tot_uptimes: 183
tot_uptimes_duration: 10920.0
