comms_cons: 69.33881599922599
finished_reconf: true
global_termination_time: 709127.032
local_termination_time: 157440.45948000008
node_cons: 14562.37986111685
tot_aggregated_send: 10324
tot_msg_rcv: 54
tot_msg_sent: 161
tot_reconf_duration: 15.34
tot_sleeping_duration: 698267.0259200024
tot_uptimes: 182
tot_uptimes_duration: 10860.006079997635
