comms_cons: 10.77672959997842
finished_reconf: true
global_termination_time: 10025.290240000002
local_termination_time: 3058.551040000001
node_cons: 1636.862709480009
tot_aggregated_send: 0
tot_msg_rcv: 836
tot_msg_sent: 801
tot_reconf_duration: 4.390000000000001
tot_sleeping_duration: 8807.290919999994
tot_uptimes: 17
tot_uptimes_duration: 1217.999320000007
