comms_cons: 1.6184831999988738
finished_reconf: true
global_termination_time: 13104.644
local_termination_time: 5605.619360000001
node_cons: 256.3789800000005
tot_aggregated_send: 0
tot_msg_rcv: 138
tot_msg_sent: 108
tot_reconf_duration: 11.31
tot_sleeping_duration: 12924.644
tot_uptimes: 4
tot_uptimes_duration: 180.0
