comms_cons: 182.2905215895322
finished_reconf: true
global_termination_time: 1828633.3175999988
local_termination_time: 1828633.2764799988
node_cons: 37703.59579158036
tot_aggregated_send: 25958
tot_msg_rcv: 546
tot_msg_sent: 1202
tot_reconf_duration: 37.410000000000004
tot_sleeping_duration: 1800513.2332000134
tot_uptimes: 469
tot_uptimes_duration: 28120.08439998544
