comms_cons: 601.9877564205545
finished_reconf: true
global_termination_time: 1247854.1358399997
local_termination_time: 1247854.0947199997
node_cons: 75499.13691519617
tot_aggregated_send: 0
tot_msg_rcv: 37071
tot_msg_sent: 54429
tot_reconf_duration: 37.410000000000004
tot_sleeping_duration: 1191507.3590400012
tot_uptimes: 923
tot_uptimes_duration: 56346.77679999839
