comms_cons: 129.88382078660482
finished_reconf: true
global_termination_time: 1251939.007
local_termination_time: 383644.4044400002
node_cons: 25726.749988948628
tot_aggregated_send: 16298
tot_msg_rcv: 1178
tot_msg_sent: 2263
tot_reconf_duration: 13.17
tot_sleeping_duration: 1232738.9583600084
tot_uptimes: 321
tot_uptimes_duration: 19200.048639991495
