comms_cons: 125.37921279368403
finished_reconf: true
global_termination_time: 1249761.819
local_termination_time: 401576.132
node_cons: 25728.635285751854
tot_aggregated_send: 17456
tot_msg_rcv: 497
tot_msg_sent: 1103
tot_reconf_duration: 9.42
tot_sleeping_duration: 1230556.559160006
tot_uptimes: 321
tot_uptimes_duration: 19205.2598399939
