comms_cons: 126.51206398920162
finished_reconf: true
global_termination_time: 1250337.664
local_termination_time: 685142.535
node_cons: 25731.32350085505
tot_aggregated_send: 17105
tot_msg_rcv: 671
tot_msg_sent: 1454
tot_reconf_duration: 12.629999999999999
tot_sleeping_duration: 1231133.6520800188
tot_uptimes: 321
tot_uptimes_duration: 19204.011919981334
