comms_cons: 130.62148478161066
finished_reconf: true
global_termination_time: 1250673.116
local_termination_time: 371686.53912000044
node_cons: 25717.344453401987
tot_aggregated_send: 15486
tot_msg_rcv: 1398
tot_msg_sent: 2971
tot_reconf_duration: 6.22
tot_sleeping_duration: 1231473.0430400283
tot_uptimes: 321
tot_uptimes_duration: 19200.072959971614
