comms_cons: 116.55710719478506
finished_reconf: true
global_termination_time: 1150006.3008399988
local_termination_time: 1150006.2597199988
node_cons: 23711.152815360892
tot_aggregated_send: 15936
tot_msg_rcv: 636
tot_msg_sent: 1143
tot_reconf_duration: 24.59
tot_sleeping_duration: 1132323.1345999981
tot_uptimes: 295
tot_uptimes_duration: 17683.16624000063
