comms_cons: 263.52689920158184
finished_reconf: true
global_termination_time: 2642727.676
local_termination_time: 735869.4331599992
node_cons: 54330.71242558355
tot_aggregated_send: 36714
tot_msg_rcv: 1138
tot_msg_sent: 2202
tot_reconf_duration: 15.34
tot_sleeping_duration: 2602167.6456000116
tot_uptimes: 677
tot_uptimes_duration: 40560.030399988405
