comms_cons: 258.4314623897942
finished_reconf: true
global_termination_time: 2638851.179
local_termination_time: 1416620.8623599997
node_cons: 54236.42579999893
tot_aggregated_send: 37294
tot_msg_rcv: 650
tot_msg_sent: 1337
tot_reconf_duration: 5.1
tot_sleeping_duration: 2598351.179
tot_uptimes: 676
tot_uptimes_duration: 40500.0
