comms_cons: 257.648537590157
finished_reconf: true
global_termination_time: 2638811.167
local_termination_time: 1445536.1743599998
node_cons: 54263.865541116014
tot_aggregated_send: 36888
tot_msg_rcv: 809
tot_msg_sent: 1463
tot_reconf_duration: 25.299999999999997
tot_sleeping_duration: 2598311.1609200025
tot_uptimes: 676
tot_uptimes_duration: 40500.006079997635
