comms_cons: 266.4990719948169
finished_reconf: true
global_termination_time: 2639263.551
local_termination_time: 218779.31180000072
node_cons: 54233.6907467093
tot_aggregated_send: 36598
tot_msg_rcv: 1349
tot_msg_sent: 2559
tot_reconf_duration: 3.05
tot_sleeping_duration: 2598763.514520007
tot_uptimes: 676
tot_uptimes_duration: 40500.036479992676
