comms_cons: 266.61675520014523
finished_reconf: true
global_termination_time: 2641013.073
local_termination_time: 61414.99748000001
node_cons: 54320.50840670503
tot_aggregated_send: 36772
tot_msg_rcv: 1314
tot_msg_sent: 2439
tot_reconf_duration: 7.819999999999999
tot_sleeping_duration: 2600453.0365200103
tot_uptimes: 677
tot_uptimes_duration: 40560.036479989474
