comms_cons: 206.77871359082528
finished_reconf: true
global_termination_time: 2083132.783
local_termination_time: 982693.4941199989
node_cons: 42842.0598611164
tot_aggregated_send: 29406
tot_msg_rcv: 703
tot_msg_sent: 1320
tot_reconf_duration: 15.34
tot_sleeping_duration: 2051152.7769200024
tot_uptimes: 534
tot_uptimes_duration: 31980.006079997635
