comms_cons: 212.42823677933805
finished_reconf: true
global_termination_time: 2086968.533
local_termination_time: 519670.19748000003
node_cons: 42908.53464670057
tot_aggregated_send: 29058
tot_msg_rcv: 1310
tot_msg_sent: 1920
tot_reconf_duration: 5.1
tot_sleeping_duration: 2054928.4965200142
tot_uptimes: 535
tot_uptimes_duration: 32040.036479985807
