comms_cons: 854.7710585198157
finished_reconf: true
global_termination_time: 2082730.0230000003
local_termination_time: 1622965.21624
node_cons: 126403.87964734717
tot_aggregated_send: 0
tot_msg_rcv: 52374
tot_msg_sent: 77547
tot_reconf_duration: 6.22
tot_sleeping_duration: 1988334.628760007
tot_uptimes: 1545
tot_uptimes_duration: 94395.39423999327
