comms_cons: 78.79907840012416
finished_reconf: true
global_termination_time: 829081.311
local_termination_time: 227357.306
node_cons: 17039.178163202858
tot_aggregated_send: 11771
tot_msg_rcv: 24
tot_msg_sent: 182
tot_reconf_duration: 4.390000000000001
tot_sleeping_duration: 816360.462199998
tot_uptimes: 213
tot_uptimes_duration: 12720.848800002103
