comms_cons: 338.4343936320814
finished_reconf: true
global_termination_time: 3395977.963
local_termination_time: 1875418.1103599998
node_cons: 69840.1891799984
tot_aggregated_send: 48198
tot_msg_rcv: 1054
tot_msg_sent: 2187
tot_reconf_duration: 18.21
tot_sleeping_duration: 3343837.963
tot_uptimes: 870
tot_uptimes_duration: 52140.0
