comms_cons: 344.3855680538173
finished_reconf: true
global_termination_time: 3395252.055
local_termination_time: 1640563.1065999987
node_cons: 69846.23498223246
tot_aggregated_send: 46342
tot_msg_rcv: 1958
tot_msg_sent: 4044
tot_reconf_duration: 22.65
tot_sleeping_duration: 3343112.042840005
tot_uptimes: 870
tot_uptimes_duration: 52140.01215999562
