comms_cons: 343.1585408365549
finished_reconf: true
global_termination_time: 3400704.062
local_termination_time: 512242.78764000087
node_cons: 69917.21917725088
tot_aggregated_send: 46922
tot_msg_rcv: 1751
tot_msg_sent: 3485
tot_reconf_duration: 13.17
tot_sleeping_duration: 3348501.4224800207
tot_uptimes: 871
tot_uptimes_duration: 52202.63951997942
