comms_cons: 338.78053763011735
finished_reconf: true
global_termination_time: 3396192.886
local_termination_time: 1977404.3903599998
node_cons: 69836.02008558401
tot_aggregated_send: 46980
tot_msg_rcv: 1354
tot_msg_sent: 3157
tot_reconf_duration: 15.110000000000001
tot_sleeping_duration: 3344052.8556000106
tot_uptimes: 870
tot_uptimes_duration: 52140.03039998934
