comms_cons: 343.55625605260144
finished_reconf: true
global_termination_time: 3395199.374
local_termination_time: 1513621.33236
node_cons: 69902.35640334933
tot_aggregated_send: 47096
tot_msg_rcv: 1757
tot_msg_sent: 3365
tot_reconf_duration: 4.8100000000000005
tot_sleeping_duration: 3342999.3557600067
tot_uptimes: 870
tot_uptimes_duration: 52200.01823999314
