comms_cons: 344.15137283829006
finished_reconf: true
global_termination_time: 3395644.414
local_termination_time: 682165.6223599999
node_cons: 69823.97188893448
tot_aggregated_send: 46922
tot_msg_rcv: 1902
tot_msg_sent: 3485
tot_reconf_duration: 6.22
tot_sleeping_duration: 3343504.365360018
tot_uptimes: 870
tot_uptimes_duration: 52140.04863998201
