comms_cons: 342.47859203901896
finished_reconf: true
global_termination_time: 3399546.512
local_termination_time: 443052.1228800009
node_cons: 69925.87028437246
tot_aggregated_send: 47038
tot_msg_rcv: 1591
tot_msg_sent: 3428
tot_reconf_duration: 15.34
tot_sleeping_duration: 3347339.6124000195
tot_uptimes: 871
tot_uptimes_duration: 52206.89959998056
