comms_cons: 53.989542400554406
finished_reconf: true
global_termination_time: 544572.594
local_termination_time: 35355.618880000184
node_cons: 11180.45470432026
tot_aggregated_send: 7714
tot_msg_rcv: 152
tot_msg_sent: 341
tot_reconf_duration: 9.11
tot_sleeping_duration: 536231.9791199998
tot_uptimes: 140
tot_uptimes_duration: 8340.614880000183
