comms_cons: 54.238924798692864
finished_reconf: true
global_termination_time: 544767.166
local_termination_time: 89280.84743999987
node_cons: 11176.453660000001
tot_aggregated_send: 7772
tot_msg_rcv: 188
tot_msg_sent: 284
tot_reconf_duration: 6.77
tot_sleeping_duration: 536427.166
tot_uptimes: 140
tot_uptimes_duration: 8340.0
