comms_cons: 53.48952320009425
finished_reconf: true
global_termination_time: 544137.14
local_termination_time: 283985.65956000023
node_cons: 11177.879560000025
tot_aggregated_send: 7946
tot_msg_rcv: 75
tot_msg_sent: 109
tot_reconf_duration: 7.819999999999999
tot_sleeping_duration: 535797.14
tot_uptimes: 140
tot_uptimes_duration: 8340.0
