comms_cons: 217.9017599857303
finished_reconf: true
global_termination_time: 2189885.415
local_termination_time: 366336.8009600006
node_cons: 44996.94012111635
tot_aggregated_send: 29986
tot_msg_rcv: 1081
tot_msg_sent: 2053
tot_reconf_duration: 4.8100000000000005
tot_sleeping_duration: 2156285.4089200026
tot_uptimes: 561
tot_uptimes_duration: 33600.006079997635
