comms_cons: 823.4684289549289
finished_reconf: true
global_termination_time: 8289519.458
local_termination_time: 3310775.684559998
node_cons: 170522.9060345344
tot_aggregated_send: 116290
tot_msg_rcv: 3013
tot_msg_sent: 5858
tot_reconf_duration: 25.299999999999997
tot_sleeping_duration: 8162194.178960014
tot_uptimes: 2123
tot_uptimes_duration: 127325.2790399855
