comms_cons: 14.233945599823851
finished_reconf: true
global_termination_time: 98978.721
local_termination_time: 4235.361
node_cons: 2017.8076700794902
tot_aggregated_send: 456
tot_msg_rcv: 780
tot_msg_sent: 929
tot_reconf_duration: 6.8
tot_sleeping_duration: 97478.66628000038
tot_uptimes: 26
tot_uptimes_duration: 1500.05471999962
