comms_cons: 7.587071999943763
finished_reconf: true
global_termination_time: 96277.23
local_termination_time: 396.84824
node_cons: 1944.1083244777446
tot_aggregated_send: 464
tot_msg_rcv: 204
tot_msg_sent: 486
tot_reconf_duration: 11.719999999999999
tot_sleeping_duration: 94837.20568000167
tot_uptimes: 25
tot_uptimes_duration: 1440.024319998316
