comms_cons: 37.13958400002074
finished_reconf: true
global_termination_time: 381473.024
local_termination_time: 20083.62536
node_cons: 7817.709180000007
tot_aggregated_send: 5568
tot_msg_rcv: 36
tot_msg_sent: 41
tot_reconf_duration: 18.21
tot_sleeping_duration: 375653.02400000003
tot_uptimes: 98
tot_uptimes_duration: 5820.0
