comms_cons: 83.4643583931256
finished_reconf: true
global_termination_time: 790838.009
local_termination_time: 24101.26500000001
node_cons: 16235.768622387252
tot_aggregated_send: 9802
tot_msg_rcv: 948
tot_msg_sent: 1937
tot_reconf_duration: 5.1
tot_sleeping_duration: 778717.8874000094
tot_uptimes: 203
tot_uptimes_duration: 12120.121599990467
