comms_cons: 81.31397119683929
finished_reconf: true
global_termination_time: 792293.567
local_termination_time: 343282.22336000006
node_cons: 16246.597424476528
tot_aggregated_send: 10614
tot_msg_rcv: 646
tot_msg_sent: 1100
tot_reconf_duration: 13.17
tot_sleeping_duration: 780173.5426800026
tot_uptimes: 203
tot_uptimes_duration: 12120.024319997407
