comms_cons: 198.22374398560322
finished_reconf: true
global_termination_time: 1974914.73
local_termination_time: 958786.670759998
node_cons: 40658.982082233386
tot_aggregated_send: 27550
tot_msg_rcv: 780
tot_msg_sent: 1799
tot_reconf_duration: 5.1
tot_sleeping_duration: 1944554.7178400047
tot_uptimes: 506
tot_uptimes_duration: 30360.012159995298
