comms_cons: 197.8508671876208
finished_reconf: true
global_termination_time: 1977191.19
local_termination_time: 1265633.5103599997
node_cons: 40669.924859999606
tot_aggregated_send: 28130
tot_msg_rcv: 735
tot_msg_sent: 1207
tot_reconf_duration: 13.17
tot_sleeping_duration: 1946831.19
tot_uptimes: 507
tot_uptimes_duration: 30360.0
