comms_cons: 198.68619518565498
finished_reconf: true
global_termination_time: 1979353.459
local_termination_time: 575559.449
node_cons: 40659.04041574737
tot_aggregated_send: 27721
tot_msg_rcv: 848
tot_msg_sent: 1630
tot_reconf_duration: 4.8100000000000005
tot_sleeping_duration: 1948993.1091600093
tot_uptimes: 507
tot_uptimes_duration: 30360.349839990726
