comms_cons: 200.2840063833918
finished_reconf: true
global_termination_time: 1979427.391
local_termination_time: 134669.23336000004
node_cons: 40656.238887826716
tot_aggregated_send: 27376
tot_msg_rcv: 1087
tot_msg_sent: 1979
tot_reconf_duration: 3.05
tot_sleeping_duration: 1949067.3484400096
tot_uptimes: 507
tot_uptimes_duration: 30360.04255999031
