comms_cons: 198.3661823870981
finished_reconf: true
global_termination_time: 1976575.941
local_termination_time: 162618.52360000007
node_cons: 40659.46278670069
tot_aggregated_send: 27840
tot_msg_rcv: 797
tot_msg_sent: 1513
tot_reconf_duration: 5.43
tot_sleeping_duration: 1946215.9045200143
tot_uptimes: 507
tot_uptimes_duration: 30360.036479985807
