comms_cons: 134.19607679139028
finished_reconf: true
global_termination_time: 1330399.063
local_termination_time: 682166.2817199988
node_cons: 27324.071183350814
tot_aggregated_send: 18444
tot_msg_rcv: 676
tot_msg_sent: 1276
tot_reconf_duration: 6.22
tot_sleeping_duration: 1309999.0447600072
tot_uptimes: 341
tot_uptimes_duration: 20400.01823999302
