comms_cons: 128.78115841107953
finished_reconf: true
global_termination_time: 268073.2396000001
local_termination_time: 268073.1984800001
node_cons: 16260.190693117123
tot_aggregated_send: 0
tot_msg_rcv: 7872
tot_msg_sent: 11701
tot_reconf_duration: 24.59
tot_sleeping_duration: 255954.64552000226
tot_uptimes: 199
tot_uptimes_duration: 12118.594079997825
