comms_cons: 92.65950721285517
finished_reconf: true
global_termination_time: 469806.42
local_termination_time: 326118.40936000005
node_cons: 9649.336381121402
tot_aggregated_send: 0
tot_msg_rcv: 7126
tot_msg_sent: 6957
tot_reconf_duration: 6.279999999999999
tot_sleeping_duration: 462606.4139199989
tot_uptimes: 121
tot_uptimes_duration: 7200.006080001069
