comms_cons: 48.27719680117749
finished_reconf: true
global_termination_time: 469894.475
local_termination_time: 339155.1531200009
node_cons: 9647.733941121412
tot_aggregated_send: 6148
tot_msg_rcv: 379
tot_msg_sent: 811
tot_reconf_duration: 5.1
tot_sleeping_duration: 462694.4689199989
tot_uptimes: 121
tot_uptimes_duration: 7200.006080001069
