comms_cons: 49.65322240171865
finished_reconf: true
global_termination_time: 470471.528
local_termination_time: 185524.7530400003
node_cons: 9656.16712112144
tot_aggregated_send: 6148
tot_msg_rcv: 590
tot_msg_sent: 809
tot_reconf_duration: 11.31
tot_sleeping_duration: 463271.5219199989
tot_uptimes: 121
tot_uptimes_duration: 7200.006080001069
