comms_cons: 0.6842368000001045
finished_reconf: true
global_termination_time: 7406.704
local_termination_time: 81.63904000000015
node_cons: 84.4819
tot_aggregated_send: 0
tot_msg_rcv: 47
tot_msg_sent: 57
tot_reconf_duration: 3.05
tot_sleeping_duration: 7346.704
tot_uptimes: 2
tot_uptimes_duration: 59.99999999999999
