comms_cons: 58.14929919983167
finished_reconf: true
global_termination_time: 581288.556
local_termination_time: 365607.1532400005
node_cons: 11896.876403364306
tot_aggregated_send: 8004
tot_msg_rcv: 251
tot_msg_sent: 583
tot_reconf_duration: 4.8100000000000005
tot_sleeping_duration: 572408.5377599967
tot_uptimes: 149
tot_uptimes_duration: 8880.018240003206
