comms_cons: 60.097926399591
finished_reconf: true
global_termination_time: 581189.252
local_termination_time: 8120.283240000003
node_cons: 11915.730882242879
tot_aggregated_send: 7598
tot_msg_rcv: 560
tot_msg_sent: 976
tot_reconf_duration: 18.700000000000003
tot_sleeping_duration: 572309.2398399978
tot_uptimes: 149
tot_uptimes_duration: 8880.012160002138
