comms_cons: 59.82174719965645
finished_reconf: true
global_termination_time: 577044.824
local_termination_time: 2748.335800000001
node_cons: 11818.461466881146
tot_aggregated_send: 7540
tot_msg_rcv: 563
tot_msg_sent: 989
tot_reconf_duration: 6.22
tot_sleeping_duration: 568224.7980799992
tot_uptimes: 148
tot_uptimes_duration: 8820.025920000846
