comms_cons: 35.579340800652645
finished_reconf: true
global_termination_time: 179709.267
local_termination_time: 10882.16236
node_cons: 3726.406841119153
tot_aggregated_send: 0
tot_msg_rcv: 2759
tot_msg_sent: 2648
tot_reconf_duration: 22.65
tot_sleeping_duration: 176949.26092000064
tot_uptimes: 47
tot_uptimes_duration: 2760.006079999366
