comms_cons: 17.79712640010101
finished_reconf: true
global_termination_time: 178693.51876000097
local_termination_time: 143135.48536000005
node_cons: 3699.170994641273
tot_aggregated_send: 2436
tot_msg_rcv: 48
tot_msg_sent: 220
tot_reconf_duration: 3.05
tot_sleeping_duration: 175933.975
tot_uptimes: 46
tot_uptimes_duration: 2759.543760000961
