comms_cons: 18.737561600159093
finished_reconf: true
global_termination_time: 181728.707
local_termination_time: 64896.10836000001
node_cons: 3704.086760000004
tot_aggregated_send: 2320
tot_msg_rcv: 185
tot_msg_sent: 343
tot_reconf_duration: 6.22
tot_sleeping_duration: 178968.707
tot_uptimes: 47
tot_uptimes_duration: 2760.0
