comms_cons: 110.65903359218359
finished_reconf: true
global_termination_time: 1086648.896
local_termination_time: 427814.77736000007
node_cons: 22368.901823355132
tot_aggregated_send: 15022
tot_msg_rcv: 712
tot_msg_sent: 1086
tot_reconf_duration: 25.299999999999997
tot_sleeping_duration: 1069968.8777600038
tot_uptimes: 279
tot_uptimes_duration: 16680.018239996352
