comms_cons: 109.56341759721434
finished_reconf: true
global_termination_time: 1087456.969
local_termination_time: 656652.2196399991
node_cons: 22355.05566223828
tot_aggregated_send: 15080
tot_msg_rcv: 654
tot_msg_sent: 919
tot_reconf_duration: 15.110000000000001
tot_sleeping_duration: 1070776.9568400013
tot_uptimes: 279
tot_uptimes_duration: 16680.012159998703
