comms_cons: 113.91090559209594
finished_reconf: true
global_termination_time: 1086119.65812
local_termination_time: 42194.45836000001
node_cons: 22365.529316394946
tot_aggregated_send: 13920
tot_msg_rcv: 1235
tot_msg_sent: 2158
tot_reconf_duration: 7.819999999999999
tot_sleeping_duration: 1069424.430520004
tot_uptimes: 279
tot_uptimes_duration: 16695.2275999962
