comms_cons: 77.24701439628072
finished_reconf: true
global_termination_time: 738821.222
local_termination_time: 13284.292360000001
node_cons: 15191.905471198255
tot_aggregated_send: 9744
tot_msg_rcv: 769
tot_msg_sent: 1228
tot_reconf_duration: 5.57
tot_sleeping_duration: 727481.1612000014
tot_uptimes: 190
tot_uptimes_duration: 11340.060799998682
