comms_cons: 75.92860159775432
finished_reconf: true
global_termination_time: 741136.507
local_termination_time: 369198.23636000004
node_cons: 15197.068642238262
tot_aggregated_send: 9918
tot_msg_rcv: 583
tot_msg_sent: 1039
tot_reconf_duration: 9.42
tot_sleeping_duration: 729796.4948400013
tot_uptimes: 190
tot_uptimes_duration: 11340.012159998703
