comms_cons: 76.09468159763254
finished_reconf: true
global_termination_time: 736820.132
local_termination_time: 37353.16144000005
node_cons: 15112.448171198255
tot_aggregated_send: 9570
tot_msg_rcv: 655
tot_msg_sent: 1341
tot_reconf_duration: 6.22
tot_sleeping_duration: 725540.0712000013
tot_uptimes: 189
tot_uptimes_duration: 11280.060799998682
