comms_cons: 84.25217279471222
finished_reconf: true
global_termination_time: 796079.157
local_termination_time: 401424.42948000005
node_cons: 16326.195963359723
tot_aggregated_send: 10150
tot_msg_rcv: 1032
tot_msg_sent: 1623
tot_reconf_duration: 12.629999999999999
tot_sleeping_duration: 783899.1387600002
tot_uptimes: 204
tot_uptimes_duration: 12180.018239999772
