comms_cons: 80.42778879989659
finished_reconf: true
global_termination_time: 796187.381
local_termination_time: 408946.7040000004
node_cons: 16334.43902336425
tot_aggregated_send: 10788
tot_msg_rcv: 517
tot_msg_sent: 920
tot_reconf_duration: 18.700000000000003
tot_sleeping_duration: 784007.3627599969
tot_uptimes: 204
tot_uptimes_duration: 12180.018240003206
