comms_cons: 80.73896959521885
finished_reconf: true
global_termination_time: 798832.073
local_termination_time: 507159.71776000084
node_cons: 16395.35418447189
tot_aggregated_send: 10730
tot_msg_rcv: 439
tot_msg_sent: 1102
tot_reconf_duration: 4.390000000000001
tot_sleeping_duration: 786592.048680006
tot_uptimes: 205
tot_uptimes_duration: 12240.024319993972
