comms_cons: 83.47093759257022
finished_reconf: true
global_termination_time: 799866.022
local_termination_time: 67551.40735999998
node_cons: 16404.816673443413
tot_aggregated_send: 10150
tot_msg_rcv: 848
tot_msg_sent: 1689
tot_reconf_duration: 11.31
tot_sleeping_duration: 787625.9490399975
tot_uptimes: 205
tot_uptimes_duration: 12240.072960002522
