comms_cons: 82.9702911927023
finished_reconf: true
global_termination_time: 796636.846
local_termination_time: 98759.95735999997
node_cons: 16396.807210076837
tot_aggregated_send: 10382
tot_msg_rcv: 773
tot_msg_sent: 1456
tot_reconf_duration: 5.43
tot_sleeping_duration: 784396.7912800023
tot_uptimes: 205
tot_uptimes_duration: 12240.054719997614
