comms_cons: 601.7630784458851
finished_reconf: true
global_termination_time: 6218897.43
local_termination_time: 3548031.2053599996
node_cons: 127935.65368222963
tot_aggregated_send: 86652
tot_msg_rcv: 1769
tot_msg_sent: 3044
tot_reconf_duration: 25.299999999999997
tot_sleeping_duration: 6123377.417840004
tot_uptimes: 1593
tot_uptimes_duration: 95520.0121599955
