comms_cons: 622.8511169322616
finished_reconf: true
global_termination_time: 6219930.762
local_termination_time: 319017.9634800001
node_cons: 127932.1119700487
tot_aggregated_send: 87116
tot_msg_rcv: 2624
tot_msg_sent: 4929
tot_reconf_duration: 22.65
tot_sleeping_duration: 6124410.70728002
tot_uptimes: 1593
tot_uptimes_duration: 95520.05471997964
