comms_cons: 621.8706113307421
finished_reconf: true
global_termination_time: 6219762.671
local_termination_time: 887889.3183599999
node_cons: 127905.47888781507
tot_aggregated_send: 85376
tot_msg_rcv: 2927
tot_msg_sent: 6217
tot_reconf_duration: 3.05
tot_sleeping_duration: 6124242.628440016
tot_uptimes: 1593
tot_uptimes_duration: 95520.04255998437
