comms_cons: 617.8805505123156
finished_reconf: true
global_termination_time: 6220072.933
local_termination_time: 1945617.7335599994
node_cons: 127908.69464558092
tot_aggregated_send: 85724
tot_msg_rcv: 3022
tot_msg_sent: 5168
tot_reconf_duration: 5.43
tot_sleeping_duration: 6124552.902600011
tot_uptimes: 1593
tot_uptimes_duration: 95520.03039998887
