comms_cons: 109.43246079185114
finished_reconf: true
global_termination_time: 1077282.885
local_termination_time: 315325.52836000005
node_cons: 22104.152124467386
tot_aggregated_send: 14906
tot_msg_rcv: 682
tot_msg_sent: 1046
tot_reconf_duration: 7.819999999999999
tot_sleeping_duration: 1060782.8606800095
tot_uptimes: 276
tot_uptimes_duration: 16500.024319990545
