comms_cons: 113.48041598979114
finished_reconf: true
global_termination_time: 1128691.9942799993
local_termination_time: 1128691.9531599993
node_cons: 23291.164110626945
tot_aggregated_send: 15588
tot_msg_rcv: 473
tot_msg_sent: 1187
tot_reconf_duration: 24.59
tot_sleeping_duration: 1111322.486520009
tot_uptimes: 290
tot_uptimes_duration: 17369.507759990214
