comms_cons: 123.53826559764948
finished_reconf: true
global_termination_time: 1251441.524
local_termination_time: 485332.6551600004
node_cons: 25733.54546223373
tot_aggregated_send: 17574
tot_msg_rcv: 395
tot_msg_sent: 809
tot_reconf_duration: 18.21
tot_sleeping_duration: 1232241.5118400047
tot_uptimes: 321
tot_uptimes_duration: 19200.01215999527
