comms_cons: 124.18960639410734
finished_reconf: true
global_termination_time: 1249926.508
local_termination_time: 353818.51836000005
node_cons: 25719.42770112148
tot_aggregated_send: 17748
tot_msg_rcv: 322
tot_msg_sent: 806
tot_reconf_duration: 7.819999999999999
tot_sleeping_duration: 1230726.501919999
tot_uptimes: 321
tot_uptimes_duration: 19200.00608000107
