comms_cons: 245.2393342451258
finished_reconf: true
global_termination_time: 1248192.8216
local_termination_time: 1582.0870400000015
node_cons: 25657.484190633564
tot_aggregated_send: 0
tot_msg_rcv: 18765
tot_msg_sent: 18509
tot_reconf_duration: 6.22
tot_sleeping_duration: 1229037.4538400047
tot_uptimes: 320
tot_uptimes_duration: 19155.367759995162
