comms_cons: 363.81625577048186
finished_reconf: true
global_termination_time: 1248192.2215999998
local_termination_time: 1248192.1804799999
node_cons: 51031.250998398886
tot_aggregated_send: 0
tot_msg_rcv: 18507
tot_msg_sent: 36790
tot_reconf_duration: 24.59
tot_sleeping_duration: 1210105.696
tot_uptimes: 630
tot_uptimes_duration: 38086.52559999969
