comms_cons: 52.62702079955307
finished_reconf: true
global_termination_time: 538363.514
local_termination_time: 317550.4102400005
node_cons: 11010.72190000008
tot_aggregated_send: 7830
tot_msg_rcv: 55
tot_msg_sent: 114
tot_reconf_duration: 3.05
tot_sleeping_duration: 530143.514
tot_uptimes: 138
tot_uptimes_duration: 8220.0
