comms_cons: 76.90951039856998
finished_reconf: true
global_termination_time: 753180.607
local_termination_time: 313799.85436000006
node_cons: 15443.213706714789
tot_aggregated_send: 9802
tot_msg_rcv: 559
tot_msg_sent: 1328
tot_reconf_duration: 13.17
tot_sleeping_duration: 741660.5705200038
tot_uptimes: 193
tot_uptimes_duration: 11520.03647999611
