comms_cons: 75.87791359954525
finished_reconf: true
global_termination_time: 753323.855
local_termination_time: 309379.71916000074
node_cons: 15438.090034802632
tot_aggregated_send: 10208
tot_msg_rcv: 401
tot_msg_sent: 924
tot_reconf_duration: 9.42
tot_sleeping_duration: 741803.841799998
tot_uptimes: 193
tot_uptimes_duration: 11520.013200001966
