comms_cons: 77.22007039986556
finished_reconf: true
global_termination_time: 751923.812
local_termination_time: 336461.14436000003
node_cons: 15435.923983364324
tot_aggregated_send: 9802
tot_msg_rcv: 605
tot_msg_sent: 1330
tot_reconf_duration: 7.819999999999999
tot_sleeping_duration: 740403.7937599969
tot_uptimes: 193
tot_uptimes_duration: 11520.018240003206
