comms_cons: 76.16714879890164
finished_reconf: true
global_termination_time: 751931.505
local_termination_time: 290157.04368000024
node_cons: 15433.751183359676
tot_aggregated_send: 9744
tot_msg_rcv: 670
tot_msg_sent: 1163
tot_reconf_duration: 6.22
tot_sleeping_duration: 740411.4867600002
tot_uptimes: 193
tot_uptimes_duration: 11520.01823999977
