comms_cons: 78.2990591955943
finished_reconf: true
global_termination_time: 750268.05224
local_termination_time: 240518.4054400002
node_cons: 15459.739547200881
tot_aggregated_send: 9222
tot_msg_rcv: 990
tot_msg_sent: 1688
tot_reconf_duration: 11.31
tot_sleeping_duration: 738733.7874399993
tot_uptimes: 193
tot_uptimes_duration: 11534.264800000645
