comms_cons: 284.2177088202846
finished_reconf: false
global_termination_time: 2810831.159
local_termination_time: 0
node_cons: 57844.82442334978
tot_aggregated_send: 38918
tot_msg_rcv: 1435
tot_msg_sent: 2845
tot_reconf_duration: 0
tot_sleeping_duration: 2767631.140760007
tot_uptimes: 720
tot_uptimes_duration: 43200.01823999314
