comms_cons: 283.26745601188213
finished_reconf: false
global_termination_time: 2810791.138
local_termination_time: 0
node_cons: 57844.824423350095
tot_aggregated_send: 39034
tot_msg_rcv: 1292
tot_msg_sent: 2729
tot_reconf_duration: 0
tot_sleeping_duration: 2767591.1197600067
tot_uptimes: 720
tot_uptimes_duration: 43200.01823999337
