comms_cons: 284.09101439383977
finished_reconf: false
global_termination_time: 2809784.815
local_termination_time: 0
node_cons: 57844.81628223295
tot_aggregated_send: 39034
tot_msg_rcv: 1418
tot_msg_sent: 2728
tot_reconf_duration: 0
tot_sleeping_duration: 2766584.8028400047
tot_uptimes: 720
tot_uptimes_duration: 43200.0121599955
