comms_cons: 283.02584321075955
finished_reconf: true
global_termination_time: 2809961.683
local_termination_time: 1698019.4539999983
node_cons: 57863.061090698735
tot_aggregated_send: 39092
tot_msg_rcv: 1259
tot_msg_sent: 2668
tot_reconf_duration: 10.95
tot_sleeping_duration: 2766759.1505200155
tot_uptimes: 720
tot_uptimes_duration: 43202.532479984686
