comms_cons: 283.5162688057178
finished_reconf: true
global_termination_time: 2810520.558
local_termination_time: 717991.3563599999
node_cons: 57864.40404670031
tot_aggregated_send: 39382
tot_msg_rcv: 1334
tot_msg_sent: 2375
tot_reconf_duration: 14.4
tot_sleeping_duration: 2767320.521520014
tot_uptimes: 720
tot_uptimes_duration: 43200.03647998604
