comms_cons: 83.3390144112399
finished_reconf: true
global_termination_time: 631316.356
local_termination_time: 362222.70336000004
node_cons: 12941.280121121446
tot_aggregated_send: 0
tot_msg_rcv: 6378
tot_msg_sent: 6289
tot_reconf_duration: 4.8100000000000005
tot_sleeping_duration: 621656.3499199989
tot_uptimes: 162
tot_uptimes_duration: 9660.006080001069
