comms_cons: 1.6776959999944572
finished_reconf: true
global_termination_time: 14094.226
local_termination_time: 10577.12636
node_cons: 252.00622000000018
tot_aggregated_send: 0
tot_msg_rcv: 132
tot_msg_sent: 123
tot_reconf_duration: 8.09
tot_sleeping_duration: 13914.226
tot_uptimes: 4
tot_uptimes_duration: 180.0
