comms_cons: 180.40221439253077
finished_reconf: true
global_termination_time: 1830887.88
local_termination_time: 1275133.8545199991
node_cons: 37633.4773999999
tot_aggregated_send: 25868
tot_msg_rcv: 510
tot_msg_sent: 1042
tot_reconf_duration: 25.299999999999997
tot_sleeping_duration: 1802807.88
tot_uptimes: 469
tot_uptimes_duration: 28080.0
