comms_cons: 284.4323710024602
finished_reconf: true
global_termination_time: 1831996.147
local_termination_time: 516845.40460000007
node_cons: 37686.04082670083
tot_aggregated_send: 0
tot_msg_rcv: 22047
tot_msg_sent: 21186
tot_reconf_duration: 4.8100000000000005
tot_sleeping_duration: 1803856.1105200143
tot_uptimes: 470
tot_uptimes_duration: 28140.036479985807
