comms_cons: 182.658956784884
finished_reconf: true
global_termination_time: 1828963.938
local_termination_time: 1141675.7605999976
node_cons: 37603.29446446692
tot_aggregated_send: 24940
tot_msg_rcv: 957
tot_msg_sent: 1866
tot_reconf_duration: 3.05
tot_sleeping_duration: 1800883.9136800095
tot_uptimes: 469
tot_uptimes_duration: 28080.024319990538
