comms_cons: 182.8622847794355
finished_reconf: true
global_termination_time: 1830215.835
local_termination_time: 1212778.54436
node_cons: 37607.61560670079
tot_aggregated_send: 23896
tot_msg_rcv: 1226
tot_msg_sent: 2672
tot_reconf_duration: 6.22
tot_sleeping_duration: 1802135.7985200142
tot_uptimes: 469
tot_uptimes_duration: 28080.036479985807
