comms_cons: 102.33378558267594
finished_reconf: true
global_termination_time: 866182.9072400001
local_termination_time: 242584.19248000006
node_cons: 17800.44425395337
tot_aggregated_send: 8178
tot_msg_rcv: 2871
tot_msg_sent: 4507
tot_reconf_duration: 18.21
tot_sleeping_duration: 852907.541240035
tot_uptimes: 222
tot_uptimes_duration: 13275.365999965172
