comms_cons: 85.582233599557
finished_reconf: true
global_termination_time: 867811.595
local_termination_time: 520358.9699600002
node_cons: 17866.23870000006
tot_aggregated_send: 12470
tot_msg_rcv: 205
tot_msg_sent: 333
tot_reconf_duration: 22.65
tot_sleeping_duration: 854491.595
tot_uptimes: 223
tot_uptimes_duration: 13320.0
