comms_cons: 85.80592639796679
finished_reconf: true
global_termination_time: 868656.327
local_termination_time: 620144.8093599998
node_cons: 17856.311719999983
tot_aggregated_send: 12586
tot_msg_rcv: 180
tot_msg_sent: 276
tot_reconf_duration: 15.34
tot_sleeping_duration: 855336.327
tot_uptimes: 223
tot_uptimes_duration: 13320.0
