comms_cons: 86.97486079991953
finished_reconf: true
global_termination_time: 867005.709
local_termination_time: 285893.91136
node_cons: 17853.364860000005
tot_aggregated_send: 12412
tot_msg_rcv: 354
tot_msg_sent: 452
tot_reconf_duration: 13.17
tot_sleeping_duration: 853685.709
tot_uptimes: 223
tot_uptimes_duration: 13320.0
