comms_cons: 85.44407039980248
finished_reconf: true
global_termination_time: 870416.929
local_termination_time: 600494.2521599982
node_cons: 17842.853939999935
tot_aggregated_send: 12644
tot_msg_rcv: 115
tot_msg_sent: 227
tot_reconf_duration: 5.43
tot_sleeping_duration: 857096.929
tot_uptimes: 223
tot_uptimes_duration: 13320.0
