comms_cons: 172.89382398848835
finished_reconf: true
global_termination_time: 1713766.119
local_termination_time: 42313.855360000016
node_cons: 35193.11074671014
tot_aggregated_send: 23838
tot_msg_rcv: 868
tot_msg_sent: 1573
tot_reconf_duration: 3.05
tot_sleeping_duration: 1687486.0825200072
tot_uptimes: 439
tot_uptimes_duration: 26280.036479992676
