comms_cons: 93.69187839512725
finished_reconf: true
global_termination_time: 895729.755
local_termination_time: 87505.97303999981
node_cons: 18432.28252895766
tot_aggregated_send: 11484
tot_msg_rcv: 965
tot_msg_sent: 1790
tot_reconf_duration: 25.299999999999997
tot_sleeping_duration: 881989.7063600018
tot_uptimes: 230
tot_uptimes_duration: 13740.048639998247
