comms_cons: 89.85276159712119
finished_reconf: true
global_termination_time: 894817.51
local_termination_time: 348902.91036000004
node_cons: 18414.02019999998
tot_aggregated_send: 12586
tot_msg_rcv: 386
tot_msg_sent: 685
tot_reconf_duration: 11.899999999999999
tot_sleeping_duration: 881077.51
tot_uptimes: 230
tot_uptimes_duration: 13740.0
