comms_cons: 90.50410239672215
finished_reconf: true
global_termination_time: 893387.349
local_termination_time: 26703.52348
node_cons: 18323.538607839422
tot_aggregated_send: 11600
tot_msg_rcv: 742
tot_msg_sent: 1414
tot_reconf_duration: 4.390000000000001
tot_sleeping_duration: 879707.3064400005
tot_uptimes: 229
tot_uptimes_duration: 13680.04255999955
