comms_cons: 93.48949121289189
finished_reconf: true
global_termination_time: 472552.807
local_termination_time: 3492.3913600000005
node_cons: 9755.505541121443
tot_aggregated_send: 0
tot_msg_rcv: 7209
tot_msg_sent: 6999
tot_reconf_duration: 25.299999999999997
tot_sleeping_duration: 465292.8009199989
tot_uptimes: 122
tot_uptimes_duration: 7260.006080001069
