comms_cons: 47.4689280006347
finished_reconf: true
global_termination_time: 475827.743
local_termination_time: 103114.16035999995
node_cons: 9725.298182242857
tot_aggregated_send: 6380
tot_msg_rcv: 286
tot_msg_sent: 549
tot_reconf_duration: 3.05
tot_sleeping_duration: 468567.7308399979
tot_uptimes: 122
tot_uptimes_duration: 7260.0121600021375
