comms_cons: 49.73217280081734
finished_reconf: true
global_termination_time: 472723.411
local_termination_time: 74579.04147999997
node_cons: 9728.546504485746
tot_aggregated_send: 6148
tot_msg_rcv: 538
tot_msg_sent: 873
tot_reconf_duration: 5.43
tot_sleeping_duration: 465463.38667999575
tot_uptimes: 122
tot_uptimes_duration: 7260.024320004275
