comms_cons: 117.2255359975418
finished_reconf: true
global_termination_time: 1196391.782
local_termination_time: 535951.0681199989
node_cons: 24608.785462233653
tot_aggregated_send: 16414
tot_msg_rcv: 429
tot_msg_sent: 974
tot_reconf_duration: 18.21
tot_sleeping_duration: 1178031.7698400046
tot_uptimes: 307
tot_uptimes_duration: 18360.01215999527
