comms_cons: 35.41708800093272
finished_reconf: true
global_termination_time: 335161.966
local_termination_time: 69621.29439999977
node_cons: 6833.041899999992
tot_aggregated_send: 4292
tot_msg_rcv: 454
tot_msg_sent: 638
tot_reconf_duration: 3.05
tot_sleeping_duration: 330061.966
tot_uptimes: 86
tot_uptimes_duration: 5100.0
