comms_cons: 33.415756800879045
finished_reconf: true
global_termination_time: 327250.708
local_termination_time: 184874.77636000005
node_cons: 6675.178364485737
tot_aggregated_send: 4292
tot_msg_rcv: 265
tot_msg_sent: 522
tot_reconf_duration: 5.1
tot_sleeping_duration: 322270.6836799957
tot_uptimes: 84
tot_uptimes_duration: 4980.024320004275
