comms_cons: 33.16744960046424
finished_reconf: true
global_termination_time: 327379.136
local_termination_time: 72556.24947999995
node_cons: 6683.098241121435
tot_aggregated_send: 4234
tot_msg_rcv: 235
tot_msg_sent: 571
tot_reconf_duration: 10.95
tot_sleeping_duration: 322399.12991999893
tot_uptimes: 84
tot_uptimes_duration: 4980.006080001069
