comms_cons: 33.126272000804235
finished_reconf: true
global_termination_time: 323771.818
local_termination_time: 22891.44336
node_cons: 6594.4201211203
tot_aggregated_send: 4234
tot_msg_rcv: 282
tot_msg_sent: 519
tot_reconf_duration: 4.8100000000000005
tot_sleeping_duration: 318851.8119199998
tot_uptimes: 83
tot_uptimes_duration: 4920.0060800002175
