comms_cons: 97.2928639995519
finished_reconf: true
global_termination_time: 994237.121
local_termination_time: 3953.796
node_cons: 20421.25996224175
tot_aggregated_send: 14431
tot_msg_rcv: 67
tot_msg_sent: 289
tot_reconf_duration: 10.96
tot_sleeping_duration: 978997.1088399987
tot_uptimes: 255
tot_uptimes_duration: 15240.012160001286
