comms_cons: 492.1386879980336
finished_reconf: true
global_termination_time: 2499319.9450799963
local_termination_time: 866.0210399999994
node_cons: 51487.43209023127
tot_aggregated_send: 0
tot_msg_rcv: 37641
tot_msg_sent: 37158
tot_reconf_duration: 6.22
tot_sleeping_duration: 2460874.100920002
tot_uptimes: 641
tot_uptimes_duration: 38445.84415999404
