comms_cons: 1.5066367999950228
finished_reconf: true
global_termination_time: 10629.206
local_termination_time: 4465.254360000001
node_cons: 167.6058000000005
tot_aggregated_send: 0
tot_msg_rcv: 117
tot_msg_sent: 112
tot_reconf_duration: 5.1
tot_sleeping_duration: 10509.206
tot_uptimes: 3
tot_uptimes_duration: 120.0
