comms_cons: 397.57876484998195
finished_reconf: true
global_termination_time: 3949518.127
local_termination_time: 2125895.71436
node_cons: 81230.70650558319
tot_aggregated_send: 54636
tot_msg_rcv: 2050
tot_msg_sent: 3742
tot_reconf_duration: 5.1
tot_sleeping_duration: 3888858.096600011
tot_uptimes: 1012
tot_uptimes_duration: 60660.03039998887
