comms_cons: 389.9685248267595
finished_reconf: true
global_termination_time: 3946648.584
local_termination_time: 2573847.0783599997
node_cons: 81161.28485999786
tot_aggregated_send: 56608
tot_msg_rcv: 876
tot_msg_sent: 1788
tot_reconf_duration: 13.17
tot_sleeping_duration: 3886048.584
tot_uptimes: 1011
tot_uptimes_duration: 60600.0
