comms_cons: 82.56305279576206
finished_reconf: true
global_termination_time: 807693.258
local_termination_time: 563113.4201999996
node_cons: 16580.839405593415
tot_aggregated_send: 10730
tot_msg_rcv: 617
tot_msg_sent: 1202
tot_reconf_duration: 22.65
tot_sleeping_duration: 795333.227600005
tot_uptimes: 207
tot_uptimes_duration: 12360.030399995041
