comms_cons: 83.96991999702468
finished_reconf: true
global_termination_time: 807609.915
local_termination_time: 322113.30336
node_cons: 16556.06674895769
tot_aggregated_send: 10614
tot_msg_rcv: 810
tot_msg_sent: 1338
tot_reconf_duration: 4.390000000000001
tot_sleeping_duration: 795249.8663600017
tot_uptimes: 207
tot_uptimes_duration: 12360.048639998306
