comms_cons: 15.849292799764658
finished_reconf: true
global_termination_time: 159543.921
local_termination_time: 68224.83875999949
node_cons: 3224.219560000011
tot_aggregated_send: 2146
tot_msg_rcv: 96
tot_msg_sent: 167
tot_reconf_duration: 7.819999999999999
tot_sleeping_duration: 157143.921
tot_uptimes: 41
tot_uptimes_duration: 2400.0
