comms_cons: 37.75144960037287
finished_reconf: true
global_termination_time: 373665.367
local_termination_time: 1197.7124800000004
node_cons: 7638.84826224287
tot_aggregated_send: 4988
tot_msg_rcv: 229
tot_msg_sent: 521
tot_reconf_duration: 4.8100000000000005
tot_sleeping_duration: 367965.3548399979
tot_uptimes: 96
tot_uptimes_duration: 5700.0121600021375
