comms_cons: 38.923801601036295
finished_reconf: true
global_termination_time: 370494.093
local_termination_time: 69621.29439999977
node_cons: 7556.101899999993
tot_aggregated_send: 4756
tot_msg_rcv: 465
tot_msg_sent: 696
tot_reconf_duration: 3.05
tot_sleeping_duration: 364854.093
tot_uptimes: 95
tot_uptimes_duration: 5640.0
