comms_cons: 39.21635200091647
finished_reconf: true
global_termination_time: 373897.033
local_termination_time: 87957.55559999996
node_cons: 7642.92770112145
tot_aggregated_send: 4872
tot_msg_rcv: 452
tot_msg_sent: 637
tot_reconf_duration: 7.819999999999999
tot_sleeping_duration: 368197.0269199989
tot_uptimes: 96
tot_uptimes_duration: 5700.006080001069
