comms_cons: 71.00272640026635
finished_reconf: true
global_termination_time: 745094.896
local_termination_time: 191884.92836000005
node_cons: 15273.12824000002
tot_aggregated_send: 9976
tot_msg_rcv: 295
tot_msg_sent: 521
tot_reconf_duration: 6.279999999999999
tot_sleeping_duration: 733694.896
tot_uptimes: 191
tot_uptimes_duration: 11400.0
