comms_cons: 72.11461120052181
finished_reconf: true
global_termination_time: 744688.327
local_termination_time: 260117.98852000083
node_cons: 15275.227701121426
tot_aggregated_send: 10208
tot_msg_rcv: 225
tot_msg_sent: 528
tot_reconf_duration: 7.819999999999999
tot_sleeping_duration: 733288.320919999
tot_uptimes: 191
tot_uptimes_duration: 11400.00608000107
