comms_cons: 216.5564095824548
finished_reconf: true
global_termination_time: 2165077.534
local_termination_time: 1492968.8803599998
node_cons: 44516.83932446683
tot_aggregated_send: 29928
tot_msg_rcv: 1049
tot_msg_sent: 1937
tot_reconf_duration: 6.22
tot_sleeping_duration: 2131837.5096800094
tot_uptimes: 555
tot_uptimes_duration: 33240.02431999054
