comms_cons: 336.4137663901167
finished_reconf: true
global_termination_time: 3466015.488
local_termination_time: 2191378.5529199988
node_cons: 71269.1684833496
tot_aggregated_send: 48198
tot_msg_rcv: 1008
tot_msg_sent: 1926
tot_reconf_duration: 5.57
tot_sleeping_duration: 3412795.4697600068
tot_uptimes: 888
tot_uptimes_duration: 53220.01823999314
