comms_cons: 339.91608961161916
finished_reconf: true
global_termination_time: 3461643.967
local_termination_time: 1624587.5724799999
node_cons: 71199.14928334879
tot_aggregated_send: 48314
tot_msg_rcv: 1084
tot_msg_sent: 2267
tot_reconf_duration: 13.17
tot_sleeping_duration: 3408483.948760007
tot_uptimes: 887
tot_uptimes_duration: 53160.0182399929
