comms_cons: 347.12657282236773
finished_reconf: true
global_termination_time: 3464383.324
local_termination_time: 1227069.07536
node_cons: 71273.98394446616
tot_aggregated_send: 48140
tot_msg_rcv: 1547
tot_msg_sent: 3074
tot_reconf_duration: 9.11
tot_sleeping_duration: 3411163.299680009
tot_uptimes: 888
tot_uptimes_duration: 53220.02431999077
