comms_cons: 349.51342084327905
finished_reconf: true
global_termination_time: 3462435.359
local_termination_time: 670159.4087599991
node_cons: 71198.45666893892
tot_aggregated_send: 48314
tot_msg_rcv: 1737
tot_msg_sent: 3073
tot_reconf_duration: 12.629999999999999
tot_sleeping_duration: 3409275.310360015
tot_uptimes: 887
tot_uptimes_duration: 53160.04863998544
