comms_cons: 343.8236096110686
finished_reconf: true
global_termination_time: 3464723.541
local_termination_time: 800207.8473599999
node_cons: 71272.23212446611
tot_aggregated_send: 48082
tot_msg_rcv: 1394
tot_msg_sent: 2784
tot_reconf_duration: 7.819999999999999
tot_sleeping_duration: 3411503.5166800097
tot_uptimes: 888
tot_uptimes_duration: 53220.02431999077
