comms_cons: 226.12348158873718
finished_reconf: true
global_termination_time: 2303276.346
local_termination_time: 1263190.9114799998
node_cons: 47326.23790223295
tot_aggregated_send: 31958
tot_msg_rcv: 734
tot_msg_sent: 1678
tot_reconf_duration: 4.390000000000001
tot_sleeping_duration: 2267936.3338400046
tot_uptimes: 590
tot_uptimes_duration: 35340.01215999527
