comms_cons: 274.61580800306723
finished_reconf: true
global_termination_time: 2711784.354
local_termination_time: 1177794.6757199985
node_cons: 55761.94604334973
tot_aggregated_send: 37294
tot_msg_rcv: 1487
tot_msg_sent: 2959
tot_reconf_duration: 4.390000000000001
tot_sleeping_duration: 2670144.3357600067
tot_uptimes: 695
tot_uptimes_duration: 41640.01823999314
