comms_cons: 334.12896003329996
finished_reconf: true
global_termination_time: 3338864.726
local_termination_time: 424001.7653600001
node_cons: 68694.94776893873
tot_aggregated_send: 46284
tot_msg_rcv: 1437
tot_msg_sent: 3064
tot_reconf_duration: 3.08
tot_sleeping_duration: 3287564.6773600145
tot_uptimes: 856
tot_uptimes_duration: 51300.04863998521
