comms_cons: 334.4778240395569
finished_reconf: true
global_termination_time: 3340872.677
local_termination_time: 1280233.7315599986
node_cons: 68701.75134893485
tot_aggregated_send: 46052
tot_msg_rcv: 1530
tot_msg_sent: 3255
tot_reconf_duration: 8.09
tot_sleeping_duration: 3289572.6283600177
tot_uptimes: 856
tot_uptimes_duration: 51300.04863998224
