comms_cons: 338.7355712639527
finished_reconf: true
global_termination_time: 3341799.896
local_termination_time: 1843785.6043599998
node_cons: 68703.54259926097
tot_aggregated_send: 46110
tot_msg_rcv: 1894
tot_msg_sent: 3481
tot_reconf_duration: 9.42
tot_sleeping_duration: 3290499.858480013
tot_uptimes: 856
tot_uptimes_duration: 51300.037519986974
