comms_cons: 336.23562244708796
finished_reconf: true
global_termination_time: 3338347.341
local_termination_time: 1450241.6481599982
node_cons: 68621.02840670085
tot_aggregated_send: 46458
tot_msg_rcv: 1572
tot_msg_sent: 3076
tot_reconf_duration: 7.819999999999999
tot_sleeping_duration: 3287107.3045200133
tot_uptimes: 855
tot_uptimes_duration: 51240.03647998674
