comms_cons: 31.93543680036844
finished_reconf: true
global_termination_time: 311970.804
local_termination_time: 385.9621999999989
node_cons: 6362.218980000007
tot_aggregated_send: 4118
tot_msg_rcv: 281
tot_msg_sent: 455
tot_reconf_duration: 11.31
tot_sleeping_duration: 307230.804
tot_uptimes: 80
tot_uptimes_duration: 4740.0
