comms_cons: 31.166924799912504
finished_reconf: true
global_termination_time: 12584.406240000002
local_termination_time: 1410.311880000004
node_cons: 3480.5536908400286
tot_aggregated_send: 0
tot_msg_rcv: 2448
tot_msg_sent: 2290
tot_reconf_duration: 18.21
tot_sleeping_duration: 10003.506679999982
tot_uptimes: 38
tot_uptimes_duration: 2580.8995600000208
