comms_cons: 2.1645567999928477
finished_reconf: true
global_termination_time: 14318.288
local_termination_time: 6420.621360000001
node_cons: 271.77870000000075
tot_aggregated_send: 0
tot_msg_rcv: 176
tot_msg_sent: 153
tot_reconf_duration: 22.65
tot_sleeping_duration: 14138.288
tot_uptimes: 4
tot_uptimes_duration: 180.0
