comms_cons: 43.58954239944989
finished_reconf: true
global_termination_time: 149950.17068000024
local_termination_time: 149950.12956000023
node_cons: 6159.782531639512
tot_aggregated_send: 0
tot_msg_rcv: 2216
tot_msg_sent: 4409
tot_reconf_duration: 24.59
tot_sleeping_duration: 145374.8239200006
tot_uptimes: 76
tot_uptimes_duration: 4575.346759999622
