comms_cons: 25.13912320022933
finished_reconf: true
global_termination_time: 245251.068
local_termination_time: 57989.70936000001
node_cons: 5005.825462238306
tot_aggregated_send: 3190
tot_msg_rcv: 240
tot_msg_sent: 391
tot_reconf_duration: 18.21
tot_sleeping_duration: 241531.05584000127
tot_uptimes: 63
tot_uptimes_duration: 3720.0121599987324
