comms_cons: 2.8158975999931513
finished_reconf: true
global_termination_time: 16265.48
local_termination_time: 5140.467360000001
node_cons: 325.5426399999999
tot_aggregated_send: 0
tot_msg_rcv: 250
tot_msg_sent: 178
tot_reconf_duration: 3.08
tot_sleeping_duration: 16025.48
tot_uptimes: 5
tot_uptimes_duration: 240.0
