comms_cons: 2.460620799991869
finished_reconf: true
global_termination_time: 14036.509
local_termination_time: 5952.841040000001
node_cons: 257.18020000000075
tot_aggregated_send: 0
tot_msg_rcv: 209
tot_msg_sent: 164
tot_reconf_duration: 11.899999999999999
tot_sleeping_duration: 13856.509
tot_uptimes: 4
tot_uptimes_duration: 180.0
