comms_cons: 2.638259199993757
finished_reconf: true
global_termination_time: 16629.58
local_termination_time: 4793.957360000001
node_cons: 331.97956000000084
tot_aggregated_send: 0
tot_msg_rcv: 229
tot_msg_sent: 172
tot_reconf_duration: 7.819999999999999
tot_sleeping_duration: 16389.58
tot_uptimes: 5
tot_uptimes_duration: 240.0
