comms_cons: 49.00250880058241
finished_reconf: true
global_termination_time: 481584.376
local_termination_time: 152755.15899999999
node_cons: 9930.936818486956
tot_aggregated_send: 6610
tot_msg_rcv: 320
tot_msg_sent: 518
tot_reconf_duration: 22.65
tot_sleeping_duration: 474190.6656799948
tot_uptimes: 124
tot_uptimes_duration: 7393.710320005193
