comms_cons: 414.5320448592065
finished_reconf: true
global_termination_time: 478055.08616000076
local_termination_time: 478055.04504000075
node_cons: 47987.32891774597
tot_aggregated_send: 0
tot_msg_rcv: 28388
tot_msg_sent: 34618
tot_reconf_duration: 24.59
tot_sleeping_duration: 442241.84067998093
tot_uptimes: 583
tot_uptimes_duration: 35813.24548001981
