comms_cons: 94.0365056137867
finished_reconf: true
global_termination_time: 479236.92
local_termination_time: 1190.0323600000002
node_cons: 9835.837400000013
tot_aggregated_send: 0
tot_msg_rcv: 7238
tot_msg_sent: 7055
tot_reconf_duration: 25.299999999999997
tot_sleeping_duration: 471916.92
tot_uptimes: 123
tot_uptimes_duration: 7320.0
