comms_cons: 97.97452801386844
finished_reconf: true
global_termination_time: 478055.68616000086
local_termination_time: 205.62103999999997
node_cons: 9896.404802967494
tot_aggregated_send: 0
tot_msg_rcv: 7767
tot_msg_sent: 7121
tot_reconf_duration: 15.34
tot_sleeping_duration: 470680.35151999525
tot_uptimes: 123
tot_uptimes_duration: 7375.334640005589
