comms_cons: 0.9005567999964083
finished_reconf: true
global_termination_time: 7120.775
local_termination_time: 3377.6423600000003
node_cons: 84.5226399999999
tot_aggregated_send: 0
tot_msg_rcv: 77
tot_msg_sent: 58
tot_reconf_duration: 3.08
tot_sleeping_duration: 7060.775
tot_uptimes: 2
tot_uptimes_duration: 60.0
