comms_cons: 63.943244800032204
finished_reconf: true
global_termination_time: 646564.374
local_termination_time: 353805.23636000004
node_cons: 13264.546760000021
tot_aggregated_send: 8990
tot_msg_rcv: 210
tot_msg_sent: 519
tot_reconf_duration: 6.22
tot_sleeping_duration: 636664.374
tot_uptimes: 166
tot_uptimes_duration: 9900.00000000003
