comms_cons: 41.113420800122285
finished_reconf: true
global_termination_time: 421074.839
local_termination_time: 264543.89424000046
node_cons: 8602.34161999995
tot_aggregated_send: 5916
tot_msg_rcv: 118
tot_msg_sent: 215
tot_reconf_duration: 4.390000000000001
tot_sleeping_duration: 414654.839
tot_uptimes: 108
tot_uptimes_duration: 6420.0
