comms_cons: 83.19398401136579
finished_reconf: true
global_termination_time: 423580.541
local_termination_time: 244657.30444000018
node_cons: 8687.34770112141
tot_aggregated_send: 0
tot_msg_rcv: 6384
tot_msg_sent: 6261
tot_reconf_duration: 7.819999999999999
tot_sleeping_duration: 417100.53491999896
tot_uptimes: 109
tot_uptimes_duration: 6480.006080001069
