comms_cons: 30.904384000223317
finished_reconf: true
global_termination_time: 290921.318
local_termination_time: 162451.4773600005
node_cons: 5975.951264485721
tot_aggregated_send: 3538
tot_msg_rcv: 421
tot_msg_sent: 739
tot_reconf_duration: 22.65
tot_sleeping_duration: 286481.29367999575
tot_uptimes: 75
tot_uptimes_duration: 4440.024320004275
