comms_cons: 29.159014400363017
finished_reconf: true
global_termination_time: 287491.875
local_termination_time: 79259.84819999961
node_cons: 5951.708262242864
tot_aggregated_send: 3886
tot_msg_rcv: 142
tot_msg_sent: 404
tot_reconf_duration: 4.8100000000000005
tot_sleeping_duration: 283051.86283999786
tot_uptimes: 74
tot_uptimes_duration: 4440.0121600021375
