comms_cons: 34.15262720043063
finished_reconf: true
global_termination_time: 341815.915
local_termination_time: 9292.259080000003
node_cons: 7014.974600000009
tot_aggregated_send: 4582
tot_msg_rcv: 160
tot_msg_sent: 449
tot_reconf_duration: 18.700000000000003
tot_sleeping_duration: 336595.915
tot_uptimes: 88
tot_uptimes_duration: 5220.0
