comms_cons: 256.2457407919637
finished_reconf: true
global_termination_time: 2525320.543
local_termination_time: 596694.73836
node_cons: 51908.241510050764
tot_aggregated_send: 33872
tot_msg_rcv: 1600
tot_msg_sent: 3477
tot_reconf_duration: 6.279999999999999
tot_sleeping_duration: 2486560.4882800216
tot_uptimes: 647
tot_uptimes_duration: 38760.05471997871
