comms_cons: 249.56942079218322
finished_reconf: true
global_termination_time: 2525362.837
local_termination_time: 1503723.0243599997
node_cons: 51906.56579999903
tot_aggregated_send: 36308
tot_msg_rcv: 504
tot_msg_sent: 1122
tot_reconf_duration: 5.1
tot_sleeping_duration: 2486602.837
tot_uptimes: 647
tot_uptimes_duration: 38760.0
