comms_cons: 248.39174399665603
finished_reconf: true
global_termination_time: 2524555.312
local_termination_time: 1379251.489
node_cons: 51934.03296383324
tot_aggregated_send: 36577
tot_msg_rcv: 346
tot_msg_sent: 831
tot_reconf_duration: 25.299999999999997
tot_sleeping_duration: 2485795.2854400044
tot_uptimes: 647
tot_uptimes_duration: 38760.02655999549
