comms_cons: 250.18202880512885
finished_reconf: true
global_termination_time: 2523789.4970399984
local_termination_time: 2523789.455919998
node_cons: 52022.30873103781
tot_aggregated_send: 36308
tot_msg_rcv: 534
tot_msg_sent: 1183
tot_reconf_duration: 37.410000000000004
tot_sleeping_duration: 2484975.8256799993
tot_uptimes: 647
tot_uptimes_duration: 38813.67135999916
