comms_cons: 249.90335999689185
finished_reconf: true
global_termination_time: 2527711.499
local_termination_time: 506875.4803600001
node_cons: 51990.96621999925
tot_aggregated_send: 36424
tot_msg_rcv: 463
tot_msg_sent: 1096
tot_reconf_duration: 8.09
tot_sleeping_duration: 2488891.499
tot_uptimes: 648
tot_uptimes_duration: 38820.0
