comms_cons: 258.2536959822776
finished_reconf: true
global_termination_time: 2524188.972
local_termination_time: 1397648.8743999982
node_cons: 51922.7443778822
tot_aggregated_send: 33640
tot_msg_rcv: 1911
tot_msg_sent: 3702
tot_reconf_duration: 15.34
tot_sleeping_duration: 2485427.274720028
tot_uptimes: 647
tot_uptimes_duration: 38761.69727997226
