comms_cons: 11.965887999906734
finished_reconf: true
global_termination_time: 95872.329
local_termination_time: 55239.66048000001
node_cons: 1936.7045222394402
tot_aggregated_send: 638
tot_msg_rcv: 475
tot_msg_sent: 706
tot_reconf_duration: 6.279999999999999
tot_sleeping_duration: 94432.3168400004
tot_uptimes: 25
tot_uptimes_duration: 1440.0121599995837
