comms_cons: 11.320057599973829
finished_reconf: true
global_termination_time: 96733.79
local_termination_time: 2714.1617200000023
node_cons: 1958.9268411202909
tot_aggregated_send: 754
tot_msg_rcv: 401
tot_msg_sent: 566
tot_reconf_duration: 22.65
tot_sleeping_duration: 95293.78391999978
tot_uptimes: 25
tot_uptimes_duration: 1440.0060800002175
