comms_cons: 162.48117758967126
finished_reconf: true
global_termination_time: 1628017.58
local_termination_time: 664881.385
node_cons: 33435.968368778136
tot_aggregated_send: 22098
tot_msg_rcv: 848
tot_msg_sent: 1750
tot_reconf_duration: 7.819999999999999
tot_sleeping_duration: 1603054.6608000165
tot_uptimes: 417
tot_uptimes_duration: 24962.91919998359
