comms_cons: 101.50530559390396
finished_reconf: true
global_termination_time: 994389.657
local_termination_time: 242158.0482400005
node_cons: 20413.972906719428
tot_aggregated_send: 13282
tot_msg_rcv: 721
tot_msg_sent: 1425
tot_reconf_duration: 5.57
tot_sleeping_duration: 979149.6205200005
tot_uptimes: 255
tot_uptimes_duration: 15240.036479999544
