comms_cons: 101.91180799105676
finished_reconf: true
global_termination_time: 988980.631
local_termination_time: 301505.2213600001
node_cons: 20330.267768948506
tot_aggregated_send: 13108
tot_msg_rcv: 810
tot_msg_sent: 1572
tot_reconf_duration: 3.08
tot_sleeping_duration: 973800.5823600087
tot_uptimes: 254
tot_uptimes_duration: 15180.048639991379
