comms_cons: 101.59716479120735
finished_reconf: true
global_termination_time: 991215.183
local_termination_time: 399055.48232000024
node_cons: 20337.08763118218
tot_aggregated_send: 13282
tot_msg_rcv: 763
tot_msg_sent: 1397
tot_reconf_duration: 8.09
tot_sleeping_duration: 976035.1222000133
tot_uptimes: 254
tot_uptimes_duration: 15180.060799986648
