comms_cons: 101.43810559370702
finished_reconf: true
global_termination_time: 992934.058
local_termination_time: 624317.9124799998
node_cons: 20418.78836782703
tot_aggregated_send: 13456
tot_msg_rcv: 683
tot_msg_sent: 1279
tot_reconf_duration: 9.11
tot_sleeping_duration: 977694.0154400097
tot_uptimes: 255
tot_uptimes_duration: 15240.04255999031
