comms_cons: 98.13866239716697
finished_reconf: true
global_termination_time: 991488.997
local_termination_time: 732506.1633599999
node_cons: 20342.204623355155
tot_aggregated_send: 13920
tot_msg_rcv: 251
tot_msg_sent: 745
tot_reconf_duration: 11.899999999999999
tot_sleeping_duration: 976308.9787600036
tot_uptimes: 254
tot_uptimes_duration: 15180.018239996338
