comms_cons: 100.36569599539894
finished_reconf: true
global_termination_time: 994655.631
local_termination_time: 777638.2123599998
node_cons: 20413.750222233568
tot_aggregated_send: 13688
tot_msg_rcv: 526
tot_msg_sent: 1041
tot_reconf_duration: 5.43
tot_sleeping_duration: 979415.6188400048
tot_uptimes: 255
tot_uptimes_duration: 15240.01215999524
