comms_cons: 244.55465598919648
finished_reconf: true
global_termination_time: 2453299.991
local_termination_time: 1388601.806
node_cons: 50465.10330239634
tot_aggregated_send: 35146
tot_msg_rcv: 750
tot_msg_sent: 1275
tot_reconf_duration: 6.279999999999999
tot_sleeping_duration: 2415617.7094000024
tot_uptimes: 629
tot_uptimes_duration: 37682.281599997776
