comms_cons: 29.955724800814473
finished_reconf: true
global_termination_time: 251006.05660000007
local_termination_time: 251006.01548000006
node_cons: 5193.6155662441615
tot_aggregated_send: 2422
tot_msg_rcv: 812
tot_msg_sent: 1319
tot_reconf_duration: 24.59
tot_sleeping_duration: 247152.268439997
tot_uptimes: 65
tot_uptimes_duration: 3853.788160003096
