comms_cons: 25.422656000269008
finished_reconf: true
global_termination_time: 252066.409
local_termination_time: 112655.4844799997
node_cons: 5148.702082241734
tot_aggregated_send: 3364
tot_msg_rcv: 154
tot_msg_sent: 346
tot_reconf_duration: 5.1
tot_sleeping_duration: 248226.39683999872
tot_uptimes: 65
tot_uptimes_duration: 3840.0121600012862
