comms_cons: 20.625792000385584
finished_reconf: true
global_termination_time: 202580.55720000027
local_termination_time: 202564.2327200001
node_cons: 4135.869026800366
tot_aggregated_send: 2784
tot_msg_rcv: 167
tot_msg_sent: 184
tot_reconf_duration: 3.05
tot_sleeping_duration: 199494.876
tot_uptimes: 52
tot_uptimes_duration: 3085.681200000283
