comms_cons: 119.85582719685561
finished_reconf: true
global_termination_time: 604446.952
local_termination_time: 2944.55736
node_cons: 12380.92894560257
tot_aggregated_send: 0
tot_msg_rcv: 9285
tot_msg_sent: 8932
tot_reconf_duration: 6.279999999999999
tot_sleeping_duration: 595206.9215999981
tot_uptimes: 155
tot_uptimes_duration: 9240.03040000191
