comms_cons: 60.65552639992406
finished_reconf: true
global_termination_time: 603751.164
local_termination_time: 270124.5190000005
node_cons: 12376.518182242942
tot_aggregated_send: 8352
tot_msg_rcv: 285
tot_msg_sent: 584
tot_reconf_duration: 3.05
tot_sleeping_duration: 594511.1518399979
tot_uptimes: 155
tot_uptimes_duration: 9240.012160002138
