comms_cons: 193.14557439351404
finished_reconf: true
global_termination_time: 1942825.974
local_termination_time: 1053723.8144799997
node_cons: 39946.864859999645
tot_aggregated_send: 27898
tot_msg_rcv: 543
tot_msg_sent: 916
tot_reconf_duration: 13.17
tot_sleeping_duration: 1913005.974
tot_uptimes: 498
tot_uptimes_duration: 29820.0
