comms_cons: 263.5143871876419
finished_reconf: true
global_termination_time: 2619829.094
local_termination_time: 240352.30748000054
node_cons: 53833.867454518535
tot_aggregated_send: 35496
tot_msg_rcv: 1506
tot_msg_sent: 3051
tot_reconf_duration: 4.390000000000001
tot_sleeping_duration: 2579629.0149600306
tot_uptimes: 671
tot_uptimes_duration: 40200.079039969656
