comms_cons: 376.1737088483557
finished_reconf: true
global_termination_time: 3777254.096
local_termination_time: 1410705.18936
node_cons: 77699.45654781791
tot_aggregated_send: 52142
tot_msg_rcv: 1593
tot_msg_sent: 3440
tot_reconf_duration: 7.819999999999999
tot_sleeping_duration: 3719234.0534400153
tot_uptimes: 968
tot_uptimes_duration: 58020.04255998484
