comms_cons: 242.83169277891446
finished_reconf: true
global_termination_time: 2426304.702
local_termination_time: 764987.2693599999
node_cons: 49897.13418446666
tot_aggregated_send: 33118
tot_msg_rcv: 1396
tot_msg_sent: 2395
tot_reconf_duration: 4.390000000000001
tot_sleeping_duration: 2389044.6776800095
tot_uptimes: 622
tot_uptimes_duration: 37260.02431999054
