comms_cons: 86.22762239930562
finished_reconf: true
global_termination_time: 869669.5740399983
local_termination_time: 869669.5329199984
node_cons: 17958.140589922084
tot_aggregated_send: 12444
tot_msg_rcv: 208
tot_msg_sent: 453
tot_reconf_duration: 37.410000000000004
tot_sleeping_duration: 856295.9087599969
tot_uptimes: 223
tot_uptimes_duration: 13373.665280001529
