comms_cons: 86.57757439816253
finished_reconf: true
global_termination_time: 871312.572
local_termination_time: 344198.5413600001
node_cons: 17920.038846565836
tot_aggregated_send: 11658
tot_msg_rcv: 446
tot_msg_sent: 1055
tot_reconf_duration: 3.08
tot_sleeping_duration: 857932.5449599958
tot_uptimes: 224
tot_uptimes_duration: 13380.027040004323
