comms_cons: 89.15599359427004
finished_reconf: true
global_termination_time: 869927.944
local_termination_time: 242262.51388000045
node_cons: 17847.85952111688
tot_aggregated_send: 11426
tot_msg_rcv: 750
tot_msg_sent: 1377
tot_reconf_duration: 9.11
tot_sleeping_duration: 856607.9379200024
tot_uptimes: 223
tot_uptimes_duration: 13320.006079997635
