comms_cons: 89.8938751980714
finished_reconf: true
global_termination_time: 871523.694
local_termination_time: 350859.72736
node_cons: 17941.247164485685
tot_aggregated_send: 11426
tot_msg_rcv: 810
tot_msg_sent: 1428
tot_reconf_duration: 18.700000000000003
tot_sleeping_duration: 858143.6696799957
tot_uptimes: 224
tot_uptimes_duration: 13380.024320004275
