comms_cons: 21.73172480005153
finished_reconf: true
global_termination_time: 203282.70728000035
local_termination_time: 203282.66616000034
node_cons: 4245.9886661587825
tot_aggregated_send: 2599
tot_msg_rcv: 271
tot_msg_sent: 433
tot_reconf_duration: 21.23
tot_sleeping_duration: 200133.22384000127
tot_uptimes: 53
tot_uptimes_duration: 3149.4834399990796
