comms_cons: 45.593856000392776
finished_reconf: true
global_termination_time: 462324.6930800002
local_termination_time: 462324.65196000016
node_cons: 9537.54837712023
tot_aggregated_send: 6656
tot_msg_rcv: 86
tot_msg_sent: 187
tot_reconf_duration: 24.59
tot_sleeping_duration: 455226.743
tot_uptimes: 119
tot_uptimes_duration: 7097.950080000155
