comms_cons: 105.46520319027375
finished_reconf: true
global_termination_time: 1053407.805
local_termination_time: 4642.6539999999995
node_cons: 21640.942145588793
tot_aggregated_send: 14363
tot_msg_rcv: 635
tot_msg_sent: 1032
tot_reconf_duration: 21.68
tot_sleeping_duration: 1037267.7746000083
tot_uptimes: 270
tot_uptimes_duration: 16140.030399991607
