comms_cons: 119.0973055992819
finished_reconf: true
global_termination_time: 719908.864
local_termination_time: 270166.55236000003
node_cons: 14816.925541121436
tot_aggregated_send: 0
tot_msg_rcv: 9242
tot_msg_sent: 8860
tot_reconf_duration: 25.299999999999997
tot_sleeping_duration: 708868.8579199989
tot_uptimes: 185
tot_uptimes_duration: 11040.006080001069
