comms_cons: 71.13493760104788
finished_reconf: true
global_termination_time: 721992.63
local_termination_time: 276487.3853600001
node_cons: 14786.734464485808
tot_aggregated_send: 9222
tot_msg_rcv: 539
tot_msg_sent: 1052
tot_reconf_duration: 3.05
tot_sleeping_duration: 710952.6056799957
tot_uptimes: 185
tot_uptimes_duration: 11040.024320004275
