comms_cons: 747.0969217370271
finished_reconf: true
global_termination_time: 7613164.163
local_termination_time: 4093569.047999998
node_cons: 156608.26082069465
tot_aggregated_send: 105618
tot_msg_rcv: 2739
tot_msg_sent: 5195
tot_reconf_duration: 13.17
tot_sleeping_duration: 7496218.400520015
tot_uptimes: 1950
tot_uptimes_duration: 116945.76247998513
