comms_cons: 747.5669313342847
finished_reconf: true
global_termination_time: 7613069.96
local_termination_time: 4646610.405319999
node_cons: 156595.0639444637
tot_aggregated_send: 105676
tot_msg_rcv: 2787
tot_msg_sent: 5162
tot_reconf_duration: 9.11
tot_sleeping_duration: 7496129.9356800085
tot_uptimes: 1950
tot_uptimes_duration: 116940.02431999147
