comms_cons: 760.8893889834699
finished_reconf: true
global_termination_time: 7612466.466
local_termination_time: 1779769.9708399987
node_cons: 156591.17188893084
tot_aggregated_send: 105386
tot_msg_rcv: 3469
tot_msg_sent: 6795
tot_reconf_duration: 6.22
tot_sleeping_duration: 7495526.417360018
tot_uptimes: 1950
tot_uptimes_duration: 116940.04863998224
