comms_cons: 50.33088000099749
finished_reconf: true
global_termination_time: 497892.864
local_termination_time: 2602.9389200000032
node_cons: 10207.362640000014
tot_aggregated_send: 6728
tot_msg_rcv: 285
tot_msg_sent: 637
tot_reconf_duration: 3.08
tot_sleeping_duration: 490272.864
tot_uptimes: 128
tot_uptimes_duration: 7620.0
