comms_cons: 329.0530175468005
finished_reconf: true
global_termination_time: 736638.108
local_termination_time: 299793.8824800001
node_cons: 44687.8980934759
tot_aggregated_send: 0
tot_msg_rcv: 20230
tot_msg_sent: 29783
tot_reconf_duration: 18.21
tot_sleeping_duration: 703282.4926800027
tot_uptimes: 546
tot_uptimes_duration: 33355.61531999726
