comms_cons: 74.25943039653272
finished_reconf: true
global_termination_time: 736978.127
local_termination_time: 388085.32936000003
node_cons: 15110.476403350516
tot_aggregated_send: 9686
tot_msg_rcv: 554
tot_msg_sent: 1047
tot_reconf_duration: 4.8100000000000005
tot_sleeping_duration: 725698.1087600071
tot_uptimes: 189
tot_uptimes_duration: 11280.018239992904
