comms_cons: 76.2054783952168
finished_reconf: true
global_termination_time: 739486.745
local_termination_time: 291375.5643600001
node_cons: 15201.435963359723
tot_aggregated_send: 9976
tot_msg_rcv: 626
tot_msg_sent: 982
tot_reconf_duration: 12.629999999999999
tot_sleeping_duration: 728146.7267600002
tot_uptimes: 190
tot_uptimes_duration: 11340.018239999772
