comms_cons: 74.8127103995103
finished_reconf: true
global_termination_time: 741390.9
local_termination_time: 397936.49736
node_cons: 15209.67088224282
tot_aggregated_send: 10092
tot_msg_rcv: 424
tot_msg_sent: 855
tot_reconf_duration: 18.700000000000003
tot_sleeping_duration: 730050.8878399979
tot_uptimes: 190
tot_uptimes_duration: 11340.012160002138
