comms_cons: 289.7593215920035
finished_reconf: true
global_termination_time: 2961513.851
local_termination_time: 1488653.1405999998
node_cons: 60918.57614334945
tot_aggregated_send: 40600
tot_msg_rcv: 1240
tot_msg_sent: 2201
tot_reconf_duration: 15.34
tot_sleeping_duration: 2916033.832760007
tot_uptimes: 759
tot_uptimes_duration: 45480.0182399929
