comms_cons: 292.6681599839426
finished_reconf: true
global_termination_time: 2963089.45
local_termination_time: 1771475.02136
node_cons: 60915.63742446607
tot_aggregated_send: 40774
tot_msg_rcv: 1218
tot_msg_sent: 2492
tot_reconf_duration: 13.17
tot_sleeping_duration: 2917609.4256800096
tot_uptimes: 759
tot_uptimes_duration: 45480.02431999054
