comms_cons: 298.5916608250909
finished_reconf: true
global_termination_time: 2958395.84711999
local_termination_time: 30217.984
node_cons: 60927.364437716846
tot_aggregated_send: 41410
tot_msg_rcv: 1490
tot_msg_sent: 2483
tot_reconf_duration: 22.65
tot_sleeping_duration: 2912916.679280021
tot_uptimes: 758
tot_uptimes_duration: 45479.167839968635
