comms_cons: 296.7001920182035
finished_reconf: true
global_termination_time: 2960197.732
local_termination_time: 556730.1223599999
node_cons: 60904.34153228502
tot_aggregated_send: 40948
tot_msg_rcv: 1278
tot_msg_sent: 2871
tot_reconf_duration: 4.8100000000000005
tot_sleeping_duration: 2914717.665120025
tot_uptimes: 759
tot_uptimes_duration: 45480.06687997468
