comms_cons: 295.2744960037667
finished_reconf: true
global_termination_time: 2958814.231
local_termination_time: 728953.3300000001
node_cons: 60828.06468893391
tot_aggregated_send: 40828
tot_msg_rcv: 1431
tot_msg_sent: 2621
tot_reconf_duration: 7.819999999999999
tot_sleeping_duration: 2913394.1823600186
tot_uptimes: 758
tot_uptimes_duration: 45420.04863998131
