comms_cons: 294.424806387777
finished_reconf: true
global_termination_time: 2963394.916
local_termination_time: 1309892.3970799998
node_cons: 60913.15305345153
tot_aggregated_send: 40600
tot_msg_rcv: 1364
tot_msg_sent: 2787
tot_reconf_duration: 11.31
tot_sleeping_duration: 2917914.8606800204
tot_uptimes: 759
tot_uptimes_duration: 45480.055319979554
