comms_cons: 290.31521920717444
finished_reconf: true
global_termination_time: 2893098.3061199966
local_termination_time: 58761.324600000014
node_cons: 59504.1334108545
tot_aggregated_send: 40426
tot_msg_rcv: 1269
tot_msg_sent: 2431
tot_reconf_duration: 22.65
tot_sleeping_duration: 2848682.044200015
tot_uptimes: 741
tot_uptimes_duration: 44416.261919981785
