comms_cons: 289.751782409965
finished_reconf: true
global_termination_time: 2896401.293
local_termination_time: 409675.47836000007
node_cons: 59542.616547817364
tot_aggregated_send: 40078
tot_msg_rcv: 1347
tot_msg_sent: 2615
tot_reconf_duration: 7.819999999999999
tot_sleeping_duration: 2851941.250440016
tot_uptimes: 742
tot_uptimes_duration: 44460.04255998391
