comms_cons: 19.969574400210867
finished_reconf: true
global_termination_time: 205533.793
local_termination_time: 186091.82948000007
node_cons: 4181.821899999982
tot_aggregated_send: 2784
tot_msg_rcv: 21
tot_msg_sent: 230
tot_reconf_duration: 3.05
tot_sleeping_duration: 202413.793
tot_uptimes: 53
tot_uptimes_duration: 3119.9999999999964
