comms_cons: 20.685004800110256
finished_reconf: true
global_termination_time: 204741.00840000046
local_termination_time: 3091.1896000000006
node_cons: 4231.32484360063
tot_aggregated_send: 2726
tot_msg_rcv: 115
tot_msg_sent: 303
tot_reconf_duration: 7.819999999999999
tot_sleeping_duration: 201588.876
tot_uptimes: 53
tot_uptimes_duration: 3152.132400000468
