comms_cons: 34.62632960113651
finished_reconf: true
global_termination_time: 333371.218
local_termination_time: 35784.08236000001
node_cons: 6854.302741121434
tot_aggregated_send: 4350
tot_msg_rcv: 349
tot_msg_sent: 564
tot_reconf_duration: 18.700000000000003
tot_sleeping_duration: 328271.2119199989
tot_uptimes: 86
tot_uptimes_duration: 5100.006080001069
