comms_cons: 258.0965311944916
finished_reconf: true
global_termination_time: 2521634.858
local_termination_time: 390088.2231200009
node_cons: 51830.55135373753
tot_aggregated_send: 33756
tot_msg_rcv: 1823
tot_msg_sent: 3651
tot_reconf_duration: 7.819999999999999
tot_sleeping_duration: 2482934.386160016
tot_uptimes: 646
tot_uptimes_duration: 38700.47183998377
