comms_cons: 247.78821759734257
finished_reconf: true
global_termination_time: 2524465.001
local_termination_time: 300275.9123600001
node_cons: 51907.02208112064
tot_aggregated_send: 36308
tot_msg_rcv: 397
tot_msg_sent: 957
tot_reconf_duration: 5.43
tot_sleeping_duration: 2485704.994919999
tot_uptimes: 647
tot_uptimes_duration: 38760.00608000107
