comms_cons: 39.35082240009181
finished_reconf: true
global_termination_time: 396479.391
local_termination_time: 8085.7316
node_cons: 8118.481900000009
tot_aggregated_send: 5684
tot_msg_rcv: 125
tot_msg_sent: 172
tot_reconf_duration: 3.05
tot_sleeping_duration: 390419.391
tot_uptimes: 102
tot_uptimes_duration: 6060.0
