comms_cons: 114.71234561327464
finished_reconf: true
global_termination_time: 393401.8576000001
local_termination_time: 393401.8164800001
node_cons: 16113.04600140019
tot_aggregated_send: 0
tot_msg_rcv: 5836
tot_msg_sent: 11599
tot_reconf_duration: 24.59
tot_sleeping_duration: 381393.15499999997
tot_uptimes: 199
tot_uptimes_duration: 12008.702600000117
