comms_cons: 38.46858240015052
finished_reconf: true
global_termination_time: 393402.1873600006
local_termination_time: 298007.226480001
node_cons: 8113.097843762134
tot_aggregated_send: 5742
tot_msg_rcv: 23
tot_msg_sent: 82
tot_reconf_duration: 11.31
tot_sleeping_duration: 387354.58551999903
tot_uptimes: 101
tot_uptimes_duration: 6047.601840001589
