comms_cons: 0.8684543999995353
finished_reconf: true
global_termination_time: 6563.545
local_termination_time: 967.7373599999999
node_cons: 93.13235999999995
tot_aggregated_send: 0
tot_msg_rcv: 78
tot_msg_sent: 53
tot_reconf_duration: 9.42
tot_sleeping_duration: 6503.545
tot_uptimes: 2
tot_uptimes_duration: 60.0
