comms_cons: 51.43618560026696
finished_reconf: true
global_termination_time: 553757.922
local_termination_time: 138477.39636000004
node_cons: 11358.706841121439
tot_aggregated_send: 7540
tot_msg_rcv: 122
tot_msg_sent: 156
tot_reconf_duration: 22.65
tot_sleeping_duration: 545297.915919999
tot_uptimes: 142
tot_uptimes_duration: 8460.006080001069
