comms_cons: 52.29806080022745
finished_reconf: true
global_termination_time: 549211.886
local_termination_time: 203230.68036000006
node_cons: 11262.958980000012
tot_aggregated_send: 7714
tot_msg_rcv: 79
tot_msg_sent: 156
tot_reconf_duration: 11.31
tot_sleeping_duration: 540811.886
tot_uptimes: 141
tot_uptimes_duration: 8400.0
