comms_cons: 131.14382078645446
finished_reconf: true
global_termination_time: 1280182.8731200001
local_termination_time: 41322.50184000002
node_cons: 26307.552184154494
tot_aggregated_send: 17110
tot_msg_rcv: 1016
tot_msg_sent: 1808
tot_reconf_duration: 4.8100000000000005
tot_sleeping_duration: 1260540.5876800043
tot_uptimes: 328
tot_uptimes_duration: 19642.28543999586
