comms_cons: 252.08668143792437
finished_reconf: true
global_termination_time: 1280182.5606
local_termination_time: 2310.4556000000002
node_cons: 26300.214474155
tot_aggregated_send: 0
tot_msg_rcv: 19339
tot_msg_sent: 18974
tot_reconf_duration: 6.22
tot_sleeping_duration: 1260547.1851600038
tot_uptimes: 328
tot_uptimes_duration: 19635.375439996234
