comms_cons: 372.466303760419
finished_reconf: true
global_termination_time: 1280181.9605999999
local_termination_time: 1280181.91948
node_cons: 52210.385110399184
tot_aggregated_send: 0
tot_msg_rcv: 18973
tot_msg_sent: 37639
tot_reconf_duration: 24.59
tot_sleeping_duration: 1241214.8269999998
tot_uptimes: 644
tot_uptimes_duration: 38967.133599999965
