comms_cons: 438.33854081843873
finished_reconf: true
global_termination_time: 4427574.633
local_termination_time: 2675291.43148
node_cons: 91049.95732111463
tot_aggregated_send: 63684
tot_msg_rcv: 1039
tot_msg_sent: 1901
tot_reconf_duration: 18.21
tot_sleeping_duration: 4359594.6269200025
tot_uptimes: 1134
tot_uptimes_duration: 67980.00607999787
