comms_cons: 446.3413312934025
finished_reconf: true
global_termination_time: 4425057.316239995
local_termination_time: 122336.20043999987
node_cons: 91064.10498388072
tot_aggregated_send: 61306
tot_msg_rcv: 2168
tot_msg_sent: 4365
tot_reconf_duration: 5.57
tot_sleeping_duration: 4357053.924960022
tot_uptimes: 1134
tot_uptimes_duration: 68003.39127997251
