comms_cons: 448.2395776911463
finished_reconf: true
global_termination_time: 4427055.188
local_termination_time: 348254.98836
node_cons: 91059.6588111674
tot_aggregated_send: 60726
tot_msg_rcv: 2425
tot_msg_sent: 4979
tot_reconf_duration: 25.299999999999997
tot_sleeping_duration: 4359075.127200022
tot_uptimes: 1134
tot_uptimes_duration: 67980.06079997751
