comms_cons: 448.9126016856294
finished_reconf: true
global_termination_time: 4426924.065
local_termination_time: 448631.97936000006
node_cons: 91043.16998893389
tot_aggregated_send: 60784
tot_msg_rcv: 2519
tot_msg_sent: 4930
tot_reconf_duration: 13.17
tot_sleeping_duration: 4358944.016360018
tot_uptimes: 1134
tot_uptimes_duration: 67980.04863998236
