comms_cons: 439.9656768396285
finished_reconf: true
global_termination_time: 4425983.251
local_termination_time: 2339249.25736
node_cons: 91031.78454446618
tot_aggregated_send: 61596
tot_msg_rcv: 1711
tot_msg_sent: 3565
tot_reconf_duration: 4.8100000000000005
tot_sleeping_duration: 4358003.226680009
tot_uptimes: 1134
tot_uptimes_duration: 67980.02431999147
