comms_cons: 439.4764288529964
finished_reconf: true
global_termination_time: 4425116.202
local_termination_time: 2241971.8895999994
node_cons: 91029.39446446586
tot_aggregated_send: 62118
tot_msg_rcv: 1589
tot_msg_sent: 3091
tot_reconf_duration: 3.05
tot_sleeping_duration: 4357136.177680008
tot_uptimes: 1134
tot_uptimes_duration: 67980.02431999147
