comms_cons: 82.44520959807406
finished_reconf: true
global_termination_time: 809723.2010399984
local_termination_time: 168154.02336000005
node_cons: 16675.75972003451
tot_aggregated_send: 11136
tot_msg_rcv: 527
tot_msg_sent: 868
tot_reconf_duration: 18.21
tot_sleeping_duration: 797287.7786800025
tot_uptimes: 208
tot_uptimes_duration: 12435.422359995893
