comms_cons: 85.81118719022602
finished_reconf: true
global_termination_time: 811073.453
local_termination_time: 20627.309480000004
node_cons: 16661.195687838564
tot_aggregated_send: 10208
tot_msg_rcv: 1045
tot_msg_sent: 1789
tot_reconf_duration: 22.65
tot_sleeping_duration: 798653.410440001
tot_uptimes: 208
tot_uptimes_duration: 12420.04255999891
