comms_cons: 234.61287679379384
finished_reconf: true
global_termination_time: 2333510.67
local_termination_time: 934831.345
node_cons: 48014.90357670715
tot_aggregated_send: 32654
tot_msg_rcv: 1036
tot_msg_sent: 1970
tot_reconf_duration: 22.65
tot_sleeping_duration: 2297674.8635200094
tot_uptimes: 598
tot_uptimes_duration: 35835.80647999083
