comms_cons: 234.5223423864268
finished_reconf: true
global_termination_time: 2334717.886
local_termination_time: 431581.46632000024
node_cons: 47967.17888781728
tot_aggregated_send: 32364
tot_msg_rcv: 1012
tot_msg_sent: 2269
tot_reconf_duration: 3.05
tot_sleeping_duration: 2298897.8434400163
tot_uptimes: 598
tot_uptimes_duration: 35820.04255998344
