comms_cons: 153.82169598726043
finished_reconf: true
global_termination_time: 1525176.7061599994
local_termination_time: 1525176.6650399994
node_cons: 31421.498079834775
tot_aggregated_send: 21028
tot_msg_rcv: 758
tot_msg_sent: 1593
tot_reconf_duration: 37.410000000000004
tot_sleeping_duration: 1501748.2556000033
tot_uptimes: 391
tot_uptimes_duration: 23428.450559996054
