comms_cons: 156.98096638286276
finished_reconf: true
global_termination_time: 1529145.889
local_termination_time: 1101425.4813599999
node_cons: 31447.346246705703
tot_aggregated_send: 19662
tot_msg_rcv: 1486
tot_msg_sent: 2713
tot_reconf_duration: 25.299999999999997
tot_sleeping_duration: 1505685.852520011
tot_uptimes: 392
tot_uptimes_duration: 23460.03647998924
