comms_cons: 154.61840638686314
finished_reconf: true
global_termination_time: 1526450.259
local_termination_time: 764910.1903599999
node_cons: 31350.533706705697
tot_aggregated_send: 20764
tot_msg_rcv: 885
tot_msg_sent: 1852
tot_reconf_duration: 13.17
tot_sleeping_duration: 1503050.222520011
tot_uptimes: 391
tot_uptimes_duration: 23400.03647998924
