comms_cons: 157.45214718178457
finished_reconf: true
global_termination_time: 1526316.202
local_termination_time: 913060.123
node_cons: 31337.989561020837
tot_aggregated_send: 20067
tot_msg_rcv: 1304
tot_msg_sent: 2559
tot_reconf_duration: 3.08
tot_sleeping_duration: 1502915.3006400145
tot_uptimes: 391
tot_uptimes_duration: 23400.9013599857
