comms_cons: 155.0568575859632
finished_reconf: true
global_termination_time: 1527437.552
local_termination_time: 898558.6993599999
node_cons: 31425.34394447196
tot_aggregated_send: 20474
tot_msg_rcv: 1109
tot_msg_sent: 1985
tot_reconf_duration: 9.11
tot_sleeping_duration: 1503977.5276800059
tot_uptimes: 392
tot_uptimes_duration: 23460.024319993972
