comms_cons: 153.33429758750978
finished_reconf: true
global_termination_time: 1530166.506
local_termination_time: 1170973.1203599998
node_cons: 31433.475662233537
tot_aggregated_send: 20706
tot_msg_rcv: 899
tot_msg_sent: 1699
tot_reconf_duration: 15.110000000000001
tot_sleeping_duration: 1506706.4938400048
tot_uptimes: 392
tot_uptimes_duration: 23460.01215999527
