comms_cons: 155.20721918512427
finished_reconf: true
global_termination_time: 1525452.151
local_termination_time: 923265.6133599998
node_cons: 31349.784104467384
tot_aggregated_send: 20822
tot_msg_rcv: 981
tot_msg_sent: 1787
tot_reconf_duration: 12.629999999999999
tot_sleeping_duration: 1502052.1266800095
tot_uptimes: 391
tot_uptimes_duration: 23400.024319990538
