comms_cons: 154.38727038605967
finished_reconf: true
global_termination_time: 1525453.362
local_termination_time: 916882.6373599998
node_cons: 31358.01902335508
tot_aggregated_send: 20358
tot_msg_rcv: 912
tot_msg_sent: 2196
tot_reconf_duration: 18.700000000000003
tot_sleeping_duration: 1502053.3437600036
tot_uptimes: 391
tot_uptimes_duration: 23400.018239996338
