comms_cons: 154.7302527866756
finished_reconf: true
global_termination_time: 1529812.582
local_termination_time: 954407.4843599998
node_cons: 31428.347826705558
tot_aggregated_send: 20242
tot_msg_rcv: 1128
tot_msg_sent: 2148
tot_reconf_duration: 11.31
tot_sleeping_duration: 1506352.5455200106
tot_uptimes: 392
tot_uptimes_duration: 23460.03647998924
