comms_cons: 113.18317439417008
finished_reconf: true
global_termination_time: 1135537.85
local_termination_time: 615757.4233599999
node_cons: 23302.766323350595
tot_aggregated_send: 15660
tot_msg_rcv: 481
tot_msg_sent: 1062
tot_reconf_duration: 3.05
tot_sleeping_duration: 1118137.8317600072
tot_uptimes: 291
tot_uptimes_duration: 17400.018239992904
