comms_cons: 18.005324799952472
finished_reconf: true
global_termination_time: 14332.510240000003
local_termination_time: 2119.1320400000013
node_cons: 2474.117103840028
tot_aggregated_send: 0
tot_msg_rcv: 1303
tot_msg_sent: 1433
tot_reconf_duration: 18.21
tot_sleeping_duration: 12503.243679999983
tot_uptimes: 29
tot_uptimes_duration: 1829.2665600000205
