comms_cons: 2.171763199992115
finished_reconf: true
global_termination_time: 14331.99248
local_termination_time: 14331.951360000001
node_cons: 292.77165984000686
tot_aggregated_send: 0
tot_msg_rcv: 161
tot_msg_sent: 168
tot_reconf_duration: 24.59
tot_sleeping_duration: 14138.281919999996
tot_uptimes: 4
tot_uptimes_duration: 193.710560000005
