comms_cons: 515.1454337351008
finished_reconf: true
global_termination_time: 5099158.114
local_termination_time: 501533.9364800005
node_cons: 104852.2933689328
tot_aggregated_send: 70876
tot_msg_rcv: 2603
tot_msg_sent: 4819
tot_reconf_duration: 6.279999999999999
tot_sleeping_duration: 5020858.065360018
tot_uptimes: 1306
tot_uptimes_duration: 78300.04863998201
