comms_cons: 135.5059775878517
finished_reconf: true
global_termination_time: 1325390.153
local_termination_time: 13695.094360000001
node_cons: 27260.0298855934
tot_aggregated_send: 17864
tot_msg_rcv: 942
tot_msg_sent: 1790
tot_reconf_duration: 18.21
tot_sleeping_duration: 1305050.1226000048
tot_uptimes: 340
tot_uptimes_duration: 20340.03039999504
