comms_cons: 134.43056639331937
finished_reconf: true
global_termination_time: 1326152.493
local_termination_time: 187086.44936000006
node_cons: 27241.8326855934
tot_aggregated_send: 17980
tot_msg_rcv: 766
tot_msg_sent: 1687
tot_reconf_duration: 4.8100000000000005
tot_sleeping_duration: 1305812.4626000049
tot_uptimes: 340
tot_uptimes_duration: 20340.03039999504
