comms_cons: 25.908889600024892
finished_reconf: true
global_termination_time: 251362.079
local_termination_time: 56664.95336000001
node_cons: 5157.127121119152
tot_aggregated_send: 3422
tot_msg_rcv: 235
tot_msg_sent: 281
tot_reconf_duration: 11.31
tot_sleeping_duration: 247522.07292000062
tot_uptimes: 65
tot_uptimes_duration: 3840.006079999366
