comms_cons: 71.88433919850213
finished_reconf: true
global_termination_time: 715859.798
local_termination_time: 316934.5133600001
node_cons: 14726.957321121481
tot_aggregated_send: 10034
tot_msg_rcv: 327
tot_msg_sent: 565
tot_reconf_duration: 18.21
tot_sleeping_duration: 704879.7919199988
tot_uptimes: 184
tot_uptimes_duration: 10980.006080001069
