comms_cons: 72.73963519468211
finished_reconf: true
global_termination_time: 716540.447
local_termination_time: 56058.020480000014
node_cons: 14710.764522233683
tot_aggregated_send: 9686
tot_msg_rcv: 445
tot_msg_sent: 925
tot_reconf_duration: 6.279999999999999
tot_sleeping_duration: 705560.4348400048
tot_uptimes: 184
tot_uptimes_duration: 10980.012159995269
