comms_cons: 74.54233599436347
finished_reconf: true
global_termination_time: 714989.496
local_termination_time: 40409.14288000018
node_cons: 14715.463551033916
tot_aggregated_send: 9222
tot_msg_rcv: 716
tot_msg_sent: 1392
tot_reconf_duration: 9.11
tot_sleeping_duration: 704008.8446400046
tot_uptimes: 184
tot_uptimes_duration: 10980.651359995441
