comms_cons: 73.04227839519918
finished_reconf: true
global_termination_time: 715241.692
local_termination_time: 30091.768480000002
node_cons: 14708.78020611812
tot_aggregated_send: 9628
tot_msg_rcv: 489
tot_msg_sent: 985
tot_reconf_duration: 4.8100000000000005
tot_sleeping_duration: 704261.6709200015
tot_uptimes: 184
tot_uptimes_duration: 10980.02107999858
