comms_cons: 30.83013119992383
finished_reconf: true
global_termination_time: 306443.648
local_termination_time: 36641.976600000016
node_cons: 6287.3517200000015
tot_aggregated_send: 4234
tot_msg_rcv: 176
tot_msg_sent: 276
tot_reconf_duration: 15.34
tot_sleeping_duration: 301763.648
tot_uptimes: 79
tot_uptimes_duration: 4680.0
