comms_cons: 31.9103743999533
finished_reconf: true
global_termination_time: 302996.6065600008
local_termination_time: 60790.59436000001
node_cons: 6272.370260079352
tot_aggregated_send: 3944
tot_msg_rcv: 353
tot_msg_sent: 553
tot_reconf_duration: 15.110000000000001
tot_sleeping_duration: 298327.56184000126
tot_uptimes: 78
tot_uptimes_duration: 4669.044719999511
