comms_cons: 31.305715199990352
finished_reconf: true
global_termination_time: 306986.219
local_termination_time: 143211.38700000002
node_cons: 6299.9684172040415
tot_aggregated_send: 4116
tot_msg_rcv: 244
tot_msg_sent: 399
tot_reconf_duration: 18.700000000000003
tot_sleeping_duration: 302300.204199997
tot_uptimes: 79
tot_uptimes_duration: 4686.014800003002
