comms_cons: 235.1675519743631
finished_reconf: true
global_termination_time: 2281827.379
local_termination_time: 148937.27932000018
node_cons: 46949.44081675683
tot_aggregated_send: 30334
tot_msg_rcv: 1929
tot_msg_sent: 3482
tot_reconf_duration: 22.65
tot_sleeping_duration: 2246787.287800032
tot_uptimes: 585
tot_uptimes_duration: 35040.091199968185
