comms_cons: 233.98538239782562
finished_reconf: true
global_termination_time: 2283849.681
local_termination_time: 1183710.2854799998
node_cons: 46927.16965116781
tot_aggregated_send: 30624
tot_msg_rcv: 1684
tot_msg_sent: 3258
tot_reconf_duration: 6.279999999999999
tot_sleeping_duration: 2248809.6202000235
tot_uptimes: 585
tot_uptimes_duration: 35040.060799976345
