comms_cons: 236.12279037331444
finished_reconf: true
global_termination_time: 2279597.169
local_termination_time: 1385058.2283599998
node_cons: 46848.93725340185
tot_aggregated_send: 29870
tot_msg_rcv: 2064
tot_msg_sent: 3957
tot_reconf_duration: 7.819999999999999
tot_sleeping_duration: 2244617.096040028
tot_uptimes: 584
tot_uptimes_duration: 34980.07295997185
