comms_cons: 234.92718078417826
finished_reconf: true
global_termination_time: 2280812.012
local_termination_time: 1150593.45936
node_cons: 46939.48127228534
tot_aggregated_send: 30566
tot_msg_rcv: 1835
tot_msg_sent: 3307
tot_reconf_duration: 15.34
tot_sleeping_duration: 2245771.9451200254
tot_uptimes: 585
tot_uptimes_duration: 35040.066879974445
