comms_cons: 503.5462336590207
finished_reconf: true
global_termination_time: 5084705.039
local_termination_time: 2589854.551279999
node_cons: 104690.60848334848
tot_aggregated_send: 70586
tot_msg_rcv: 2162
tot_msg_sent: 3787
tot_reconf_duration: 5.57
tot_sleeping_duration: 5006525.020760006
tot_uptimes: 1303
tot_uptimes_duration: 78180.01823999337
