comms_cons: 510.5581825103931
finished_reconf: true
global_termination_time: 5089462.956
local_termination_time: 602224.0526799985
node_cons: 104689.60082669862
tot_aggregated_send: 70934
tot_msg_rcv: 2194
tot_msg_sent: 4473
tot_reconf_duration: 4.8100000000000005
tot_sleeping_duration: 5011282.919520014
tot_uptimes: 1304
tot_uptimes_duration: 78180.03647998627
