comms_cons: 509.2475265182613
finished_reconf: true
global_termination_time: 5087640.317
local_termination_time: 911085.6417999985
node_cons: 104613.34840669927
tot_aggregated_send: 69948
tot_msg_rcv: 2462
tot_msg_sent: 4992
tot_reconf_duration: 7.819999999999999
tot_sleeping_duration: 5009520.280520013
tot_uptimes: 1303
tot_uptimes_duration: 78120.03647998674
