comms_cons: 505.10049927885683
finished_reconf: true
global_termination_time: 5085910.021
local_termination_time: 1251744.0189199983
node_cons: 104610.08650446511
tot_aggregated_send: 70412
tot_msg_rcv: 2105
tot_msg_sent: 4254
tot_reconf_duration: 5.43
tot_sleeping_duration: 5007789.996680009
tot_uptimes: 1303
tot_uptimes_duration: 78120.02431999124
