comms_cons: 383.0600832375578
finished_reconf: true
global_termination_time: 3814450.735
local_termination_time: 1617259.9613599998
node_cons: 78432.4499499235
tot_aggregated_send: 52838
tot_msg_rcv: 1615
tot_msg_sent: 3769
tot_reconf_duration: 15.110000000000001
tot_sleeping_duration: 3755890.6673600255
tot_uptimes: 977
tot_uptimes_duration: 58560.067639974295
