comms_cons: 385.1990400512256
finished_reconf: true
global_termination_time: 3813554.3081199876
local_termination_time: 207907.15340000036
node_cons: 78519.837683074
tot_aggregated_send: 52548
tot_msg_rcv: 1996
tot_msg_sent: 4003
tot_reconf_duration: 22.65
tot_sleeping_duration: 3754936.6240400206
tot_uptimes: 977
tot_uptimes_duration: 58617.68407996709
