comms_cons: 385.7580672479746
finished_reconf: true
global_termination_time: 3817133.999
local_termination_time: 8907.13348
node_cons: 78508.44603451846
tot_aggregated_send: 52954
tot_msg_rcv: 1960
tot_msg_sent: 3718
tot_reconf_duration: 11.899999999999999
tot_sleeping_duration: 3758513.9199600294
tot_uptimes: 978
tot_uptimes_duration: 58620.07903997041
