comms_cons: 67.02999040024966
finished_reconf: true
global_termination_time: 665155.982
local_termination_time: 357721.24476000044
node_cons: 13673.175262242878
tot_aggregated_send: 9106
tot_msg_rcv: 336
tot_msg_sent: 746
tot_reconf_duration: 11.31
tot_sleeping_duration: 654955.9698399978
tot_uptimes: 171
tot_uptimes_duration: 10200.012160002138
