comms_cons: 26.318054400344305
finished_reconf: true
global_termination_time: 264589.313
local_termination_time: 32332.36536
node_cons: 5407.517321121435
tot_aggregated_send: 3596
tot_msg_rcv: 130
tot_msg_sent: 274
tot_reconf_duration: 18.21
tot_sleeping_duration: 260569.30691999895
tot_uptimes: 68
tot_uptimes_duration: 4020.0060800010688
