comms_cons: 77.16524800562988
finished_reconf: true
global_termination_time: 262089.58160000018
local_termination_time: 2958.877040000001
node_cons: 10842.072950400256
tot_aggregated_send: 0
tot_msg_rcv: 3921
tot_msg_sent: 7806
tot_reconf_duration: 6.22
tot_sleeping_duration: 253998.748
tot_uptimes: 134
tot_uptimes_duration: 8090.83360000018
