comms_cons: 397.0017408707283
finished_reconf: true
global_termination_time: 3943647.694
local_termination_time: 528451.87136
node_cons: 81069.65710893333
tot_aggregated_send: 54578
tot_msg_rcv: 1923
tot_msg_sent: 3841
tot_reconf_duration: 4.8100000000000005
tot_sleeping_duration: 3883107.6453600186
tot_uptimes: 1010
tot_uptimes_duration: 60540.04863998154
