comms_cons: 48.94987520085146
finished_reconf: true
global_termination_time: 483295.938
local_termination_time: 109479.04755999986
node_cons: 9887.781620000012
tot_aggregated_send: 6554
tot_msg_rcv: 306
tot_msg_sent: 581
tot_reconf_duration: 4.390000000000001
tot_sleeping_duration: 475915.938
tot_uptimes: 124
tot_uptimes_duration: 7380.0
