comms_cons: 49.42695680064695
finished_reconf: true
global_termination_time: 482657.149
local_termination_time: 222663.99460000006
node_cons: 9885.970041121427
tot_aggregated_send: 6554
tot_msg_rcv: 377
tot_msg_sent: 582
tot_reconf_duration: 3.05
tot_sleeping_duration: 475277.1429199989
tot_uptimes: 124
tot_uptimes_duration: 7380.006080001069
