comms_cons: 26.218111999574703
finished_reconf: true
global_termination_time: 250063.645
local_termination_time: 53256.793960000025
node_cons: 5148.291980000002
tot_aggregated_send: 3364
tot_msg_rcv: 274
tot_msg_sent: 346
tot_reconf_duration: 4.8100000000000005
tot_sleeping_duration: 246223.645
tot_uptimes: 65
tot_uptimes_duration: 3840.0
