comms_cons: 59.246950399461504
finished_reconf: true
global_termination_time: 600341.689
local_termination_time: 497798.49348000006
node_cons: 12309.921142238258
tot_aggregated_send: 8410
tot_msg_rcv: 141
tot_msg_sent: 454
tot_reconf_duration: 13.17
tot_sleeping_duration: 591161.6768400013
tot_uptimes: 154
tot_uptimes_duration: 9180.012159998703
