comms_cons: 60.14704640064372
finished_reconf: true
global_termination_time: 604950.646
local_termination_time: 307216.07336000004
node_cons: 12378.891980000015
tot_aggregated_send: 8468
tot_msg_rcv: 214
tot_msg_sent: 460
tot_reconf_duration: 4.8100000000000005
tot_sleeping_duration: 595710.646
tot_uptimes: 155
tot_uptimes_duration: 9240.0
