comms_cons: 118.76639999794942
finished_reconf: true
global_termination_time: 604520.153
local_termination_time: 1167.4870400000016
node_cons: 12378.337902240599
tot_aggregated_send: 0
tot_msg_rcv: 9110
tot_msg_sent: 8941
tot_reconf_duration: 4.390000000000001
tot_sleeping_duration: 595280.1408399997
tot_uptimes: 155
tot_uptimes_duration: 9240.012160000435
