comms_cons: 100.17489919930759
finished_reconf: true
global_termination_time: 1007695.541
local_termination_time: 4436.504999999999
node_cons: 20757.177722240613
tot_aggregated_send: 14421
tot_msg_rcv: 281
tot_msg_sent: 524
tot_reconf_duration: 21.68
tot_sleeping_duration: 992215.5288399996
tot_uptimes: 259
tot_uptimes_duration: 15480.012160000435
