comms_cons: 100.3136896000756
finished_reconf: true
global_termination_time: 1008962.92
local_termination_time: 6007.013
node_cons: 20735.70774224147
tot_aggregated_send: 14552
tot_msg_rcv: 287
tot_msg_sent: 408
tot_reconf_duration: 5.87
tot_sleeping_duration: 993482.907839999
tot_uptimes: 259
tot_uptimes_duration: 15480.012160001073
