comms_cons: 100.93808639816599
finished_reconf: true
global_termination_time: 1010890.486
local_termination_time: 3971.495
node_cons: 20733.915182236873
tot_aggregated_send: 14263
tot_msg_rcv: 381
tot_msg_sent: 698
tot_reconf_duration: 4.55
tot_sleeping_duration: 995410.4738400024
tot_uptimes: 259
tot_uptimes_duration: 15480.012159997641
