comms_cons: 100.90421759516288
finished_reconf: true
global_termination_time: 1007865.353
local_termination_time: 6317.843
node_cons: 20737.636102242894
tot_aggregated_send: 14434
tot_msg_rcv: 378
tot_msg_sent: 524
tot_reconf_duration: 7.29
tot_sleeping_duration: 992385.3408399979
tot_uptimes: 259
tot_uptimes_duration: 15480.012160002138
