comms_cons: 99.42549759790654
finished_reconf: true
global_termination_time: 1010636.424
local_termination_time: 4329.756
node_cons: 20736.508962238295
tot_aggregated_send: 14609
tot_msg_rcv: 153
tot_msg_sent: 350
tot_reconf_duration: 6.46
tot_sleeping_duration: 995156.4118400012
tot_uptimes: 259
tot_uptimes_duration: 15480.012159998703
