comms_cons: 260.84904959855197
finished_reconf: true
global_termination_time: 2808315.884
local_termination_time: 4588.206
node_cons: 57852.77145999896
tot_aggregated_send: 39434
tot_msg_rcv: 92
tot_msg_sent: 121
tot_reconf_duration: 5.87
tot_sleeping_duration: 2765115.884
tot_uptimes: 720
tot_uptimes_duration: 43200.0
