comms_cons: 254.38169599952033
finished_reconf: true
global_termination_time: 2810975.612
local_termination_time: 4214.524
node_cons: 57877.28335999896
tot_aggregated_send: 38547
tot_msg_rcv: 41
tot_msg_sent: 77
tot_reconf_duration: 23.919999999999998
tot_sleeping_duration: 2767775.612
tot_uptimes: 720
tot_uptimes_duration: 43200.0
