comms_cons: 143.35544319606748
finished_reconf: true
global_termination_time: 1452305.776
local_termination_time: 365560.2624800005
node_cons: 29814.668240000006
tot_aggregated_send: 20880
tot_msg_rcv: 275
tot_msg_sent: 635
tot_reconf_duration: 6.279999999999999
tot_sleeping_duration: 1430045.776
tot_uptimes: 372
tot_uptimes_duration: 22260.0
