comms_cons: 142.03239679792537
finished_reconf: true
global_termination_time: 1452130.551
local_termination_time: 218769.69092000075
node_cons: 29813.065800000055
tot_aggregated_send: 21054
tot_msg_rcv: 171
tot_msg_sent: 364
tot_reconf_duration: 5.1
tot_sleeping_duration: 1429870.551
tot_uptimes: 372
tot_uptimes_duration: 22260.0
