comms_cons: 142.18869759771545
finished_reconf: true
global_termination_time: 1449832.676
local_termination_time: 93014.90571999965
node_cons: 29840.497400000033
tot_aggregated_send: 20996
tot_msg_rcv: 173
tot_msg_sent: 442
tot_reconf_duration: 25.299999999999997
tot_sleeping_duration: 1427572.676
tot_uptimes: 372
tot_uptimes_duration: 22260.0
