comms_cons: 143.34165759652356
finished_reconf: true
global_termination_time: 1452129.709
local_termination_time: 204403.98932000023
node_cons: 29826.65938000007
tot_aggregated_send: 20938
tot_msg_rcv: 283
tot_msg_sent: 566
tot_reconf_duration: 15.110000000000001
tot_sleeping_duration: 1429869.709
tot_uptimes: 372
tot_uptimes_duration: 22260.0
