comms_cons: 192.52255992440223
finished_reconf: true
global_termination_time: 882993.7787199997
local_termination_time: 882993.7375999998
node_cons: 18208.957581758623
tot_aggregated_send: 0
tot_msg_rcv: 16085
tot_msg_sent: 13173
tot_reconf_duration: 24.59
tot_sleeping_duration: 869419.7948800008
tot_uptimes: 227
tot_uptimes_duration: 13573.983839998951
