comms_cons: 88.51655679684535
finished_reconf: true
global_termination_time: 884015.181
local_termination_time: 117665.05247999997
node_cons: 18177.671720000042
tot_aggregated_send: 12528
tot_msg_rcv: 360
tot_msg_sent: 566
tot_reconf_duration: 15.34
tot_sleeping_duration: 870455.181
tot_uptimes: 227
tot_uptimes_duration: 13560.0
