comms_cons: 88.29349119934496
finished_reconf: true
global_termination_time: 889489.764
local_termination_time: 16135.82836
node_cons: 18243.141620000028
tot_aggregated_send: 12760
tot_msg_rcv: 258
tot_msg_sent: 402
tot_reconf_duration: 4.390000000000001
tot_sleeping_duration: 875869.764
tot_uptimes: 228
tot_uptimes_duration: 13620.0
