comms_cons: 88.602086398007
finished_reconf: true
global_termination_time: 887590.537
local_termination_time: 2224.664960000004
node_cons: 18241.321900000028
tot_aggregated_send: 12760
tot_msg_rcv: 303
tot_msg_sent: 404
tot_reconf_duration: 3.05
tot_sleeping_duration: 873970.537
tot_uptimes: 228
tot_uptimes_duration: 13620.0
