comms_cons: 104.27374079403718
finished_reconf: true
global_termination_time: 1044719.291
local_termination_time: 319008.17336
node_cons: 21457.705800000003
tot_aggregated_send: 14674
tot_msg_rcv: 367
tot_msg_sent: 808
tot_reconf_duration: 5.1
tot_sleeping_duration: 1028699.291
tot_uptimes: 268
tot_uptimes_duration: 16020.0
