comms_cons: 104.09015039411848
finished_reconf: true
global_termination_time: 1045597.277
local_termination_time: 461197.7903600009
node_cons: 21477.849543041262
tot_aggregated_send: 14790
tot_msg_rcv: 339
tot_msg_sent: 693
tot_reconf_duration: 13.17
tot_sleeping_duration: 1029570.4176399991
tot_uptimes: 268
tot_uptimes_duration: 16026.859360000934
