comms_cons: 105.95269119326284
finished_reconf: true
global_termination_time: 1043385.008
local_termination_time: 38484.28684000002
node_cons: 21457.385250074512
tot_aggregated_send: 14152
tot_msg_rcv: 612
tot_msg_sent: 1341
tot_reconf_duration: 4.8100000000000005
tot_sleeping_duration: 1027364.9532800041
tot_uptimes: 268
tot_uptimes_duration: 16020.054719995882
