comms_cons: 106.72308479380665
finished_reconf: true
global_termination_time: 1046089.952
local_termination_time: 142359.115
node_cons: 21465.300227674714
tot_aggregated_send: 13800
tot_msg_rcv: 729
tot_msg_sent: 1693
tot_reconf_duration: 7.819999999999999
tot_sleeping_duration: 1030067.0388800041
tot_uptimes: 268
tot_uptimes_duration: 16022.913119996054
