comms_cons: 103.38554879872554
finished_reconf: true
global_termination_time: 1044136.297
local_termination_time: 183068.8380400003
node_cons: 21458.153940000022
tot_aggregated_send: 15138
tot_msg_rcv: 233
tot_msg_sent: 343
tot_reconf_duration: 5.43
tot_sleeping_duration: 1028116.297
tot_uptimes: 268
tot_uptimes_duration: 16020.0
