comms_cons: 154.94015999338885
finished_reconf: true
global_termination_time: 1566547.433
local_termination_time: 1420790.7723999983
node_cons: 32228.711380000175
tot_aggregated_send: 22620
tot_msg_rcv: 300
tot_msg_sent: 630
tot_reconf_duration: 9.11
tot_sleeping_duration: 1542487.433
tot_uptimes: 402
tot_uptimes_duration: 24059.999999999985
