comms_cons: 160.67170557618493
finished_reconf: true
global_termination_time: 1566025.12048
local_termination_time: 432070.82456000027
node_cons: 32266.325668771482
tot_aggregated_send: 20938
tot_msg_rcv: 1163
tot_msg_sent: 2321
tot_reconf_duration: 22.65
tot_sleeping_duration: 1541950.7612800214
tot_uptimes: 402
tot_uptimes_duration: 24074.359199978644
