comms_cons: 12.756991999684193
finished_reconf: true
global_termination_time: 94880.02443999988
local_termination_time: 94879.98331999988
node_cons: 1989.8677139990186
tot_aggregated_send: 580
tot_msg_rcv: 529
tot_msg_sent: 828
tot_reconf_duration: 24.59
tot_sleeping_duration: 93418.87844000061
tot_uptimes: 25
tot_uptimes_duration: 1461.145999999273
