comms_cons: 13.483539199851766
finished_reconf: true
global_termination_time: 100180.955
local_termination_time: 36636.19448000001
node_cons: 2015.4746467171851
tot_aggregated_send: 522
tot_msg_rcv: 589
tot_msg_sent: 938
tot_reconf_duration: 5.1
tot_sleeping_duration: 98680.9185200021
tot_uptimes: 26
tot_uptimes_duration: 1500.0364799978997
