comms_cons: 62.061196799634565
finished_reconf: true
global_termination_time: 612765.868
local_termination_time: 366451.13800000004
node_cons: 12576.612715762634
tot_aggregated_send: 8292
tot_msg_rcv: 393
tot_msg_sent: 749
tot_reconf_duration: 22.65
tot_sleeping_duration: 603396.2981599981
tot_uptimes: 157
tot_uptimes_duration: 9369.569840001932
