comms_cons: 64.21185279952961
finished_reconf: true
global_termination_time: 616261.371
local_termination_time: 178668.76636000007
node_cons: 12620.387211207453
tot_aggregated_send: 7888
tot_msg_rcv: 646
tot_msg_sent: 1226
tot_reconf_duration: 5.1
tot_sleeping_duration: 606841.3101999946
tot_uptimes: 158
tot_uptimes_duration: 9420.06080000555
