comms_cons: 63.530982398947074
finished_reconf: true
global_termination_time: 614196.702
local_termination_time: 6557.722440000001
node_cons: 12621.90817120045
tot_aggregated_send: 8062
tot_msg_rcv: 543
tot_msg_sent: 1051
tot_reconf_duration: 6.22
tot_sleeping_duration: 604776.6411999997
tot_uptimes: 158
tot_uptimes_duration: 9420.060800000327
