comms_cons: 61.38311039945237
finished_reconf: true
global_termination_time: 615494.449
local_termination_time: 212200.41736000005
node_cons: 12620.762081116842
tot_aggregated_send: 8642
tot_msg_rcv: 226
tot_msg_sent: 462
tot_reconf_duration: 5.43
tot_sleeping_duration: 606074.4429200024
tot_uptimes: 158
tot_uptimes_duration: 9420.006079997635
