comms_cons: 63.25271039905433
finished_reconf: true
global_termination_time: 613227.394
local_termination_time: 3357.5594800000003
node_cons: 12634.244284481141
tot_aggregated_send: 7888
tot_msg_rcv: 522
tot_msg_sent: 1204
tot_reconf_duration: 15.34
tot_sleeping_duration: 603807.3696799992
tot_uptimes: 158
tot_uptimes_duration: 9420.02432000084
