comms_cons: 19.38232320030452
finished_reconf: true
global_termination_time: 187967.32
local_termination_time: 99328.04535999997
node_cons: 3881.0573211214423
tot_aggregated_send: 2494
tot_msg_rcv: 178
tot_msg_sent: 274
tot_reconf_duration: 18.21
tot_sleeping_duration: 185087.31391999894
tot_uptimes: 49
tot_uptimes_duration: 2880.0060800010688
