comms_cons: 18.94214400014276
finished_reconf: true
global_termination_time: 190096.096
local_termination_time: 29938.14348
node_cons: 3866.955842242864
tot_aggregated_send: 2610
tot_msg_rcv: 100
tot_msg_sent: 169
tot_reconf_duration: 7.819999999999999
tot_sleeping_duration: 187216.08383999785
tot_uptimes: 49
tot_uptimes_duration: 2880.0121600021375
