comms_cons: 36.699059200737175
finished_reconf: true
global_termination_time: 186012.22336000015
local_termination_time: 2944.7453600000003
node_cons: 3813.2137201601945
tot_aggregated_send: 0
tot_msg_rcv: 2854
tot_msg_sent: 2723
tot_reconf_duration: 15.34
tot_sleeping_duration: 183179.97392000002
tot_uptimes: 48
tot_uptimes_duration: 2832.2494400001433
