comms_cons: 30.797862400315818
finished_reconf: true
global_termination_time: 307110.594
local_termination_time: 5136.0070000000005
node_cons: 6312.844414320013
tot_aggregated_send: 4174
tot_msg_rcv: 167
tot_msg_sent: 341
tot_reconf_duration: 22.65
tot_sleeping_duration: 302418.96912
tot_uptimes: 79
tot_uptimes_duration: 4691.624880000004
