comms_cons: 88.76702080851783
finished_reconf: true
global_termination_time: 306960.4814800002
local_termination_time: 1887.4850400000016
node_cons: 12430.441498720244
tot_aggregated_send: 0
tot_msg_rcv: 4534
tot_msg_sent: 8956
tot_reconf_duration: 4.390000000000001
tot_sleeping_duration: 297681.55700000003
tot_uptimes: 155
tot_uptimes_duration: 9278.924480000169
