comms_cons: 502.71899493775555
finished_reconf: true
global_termination_time: 1204406.158
local_termination_time: 516727.05900000094
node_cons: 72536.90882847043
tot_aggregated_send: 0
tot_msg_rcv: 31004
tot_msg_sent: 45408
tot_reconf_duration: 18.21
tot_sleeping_duration: 1150252.177680006
tot_uptimes: 888
tot_uptimes_duration: 54153.98031999401
