comms_cons: 206.4108094930587
finished_reconf: true
global_termination_time: 1208584.726
local_termination_time: 516732.2498000003
node_cons: 24855.826841116905
tot_aggregated_send: 0
tot_msg_rcv: 15861
tot_msg_sent: 15512
tot_reconf_duration: 22.65
tot_sleeping_duration: 1190044.7199200024
tot_uptimes: 310
tot_uptimes_duration: 18540.006079997635
