comms_cons: 206.2652542930803
finished_reconf: true
global_termination_time: 1204791.464
local_termination_time: 516712.5667600009
node_cons: 24751.268262233698
tot_aggregated_send: 0
tot_msg_rcv: 15859
tot_msg_sent: 15492
tot_reconf_duration: 4.8100000000000005
tot_sleeping_duration: 1186311.4518400047
tot_uptimes: 309
tot_uptimes_duration: 18480.01215999527
