comms_cons: 170.11179519403794
finished_reconf: true
global_termination_time: 1733210.11
local_termination_time: 1130479.46336
node_cons: 35599.148239999966
tot_aggregated_send: 24824
tot_msg_rcv: 339
tot_msg_sent: 693
tot_reconf_duration: 6.279999999999999
tot_sleeping_duration: 1706630.11
tot_uptimes: 444
tot_uptimes_duration: 26580.0
