comms_cons: 172.40198398547648
finished_reconf: true
global_termination_time: 1732214.425
local_termination_time: 920659.3439999981
node_cons: 35599.115606701045
tot_aggregated_send: 23084
tot_msg_rcv: 1256
tot_msg_sent: 1865
tot_reconf_duration: 6.22
tot_sleeping_duration: 1705634.3885200142
tot_uptimes: 444
tot_uptimes_duration: 26580.036479985807
