comms_cons: 147.42328961443133
finished_reconf: true
global_termination_time: 302438.2012400005
local_termination_time: 302438.1601200005
node_cons: 18628.970859647114
tot_aggregated_send: 0
tot_msg_rcv: 8992
tot_msg_sent: 13415
tot_reconf_duration: 37.410000000000004
tot_sleeping_duration: 288563.5424799952
tot_uptimes: 229
tot_uptimes_duration: 13874.658760005284
