comms_cons: 32.36012160038386
finished_reconf: true
global_termination_time: 306251.765
local_termination_time: 18625.50616
node_cons: 6287.359861120298
tot_aggregated_send: 3828
tot_msg_rcv: 406
tot_msg_sent: 683
tot_reconf_duration: 15.34
tot_sleeping_duration: 301571.7589199998
tot_uptimes: 79
tot_uptimes_duration: 4680.0060800002175
