comms_cons: 31.67341440018579
finished_reconf: true
global_termination_time: 305716.46
local_termination_time: 57777.25280000015
node_cons: 6287.063803357461
tot_aggregated_send: 4060
tot_msg_rcv: 300
tot_msg_sent: 453
tot_reconf_duration: 15.110000000000001
tot_sleeping_duration: 301036.44176000194
tot_uptimes: 79
tot_uptimes_duration: 4680.018239998099
