comms_cons: 51.61285120018931
finished_reconf: true
global_termination_time: 510550.175
local_termination_time: 231760.68836000006
node_cons: 10451.125800000022
tot_aggregated_send: 7134
tot_msg_rcv: 308
tot_msg_sent: 402
tot_reconf_duration: 5.1
tot_sleeping_duration: 502750.175
tot_uptimes: 131
tot_uptimes_duration: 7800.0
