comms_cons: 49.7387520001671
finished_reconf: true
global_termination_time: 507355.0334800001
local_termination_time: 507354.9923600001
node_cons: 10415.619800962986
tot_aggregated_send: 7294
tot_msg_rcv: 83
tot_msg_sent: 182
tot_reconf_duration: 24.59
tot_sleeping_duration: 499601.3168399979
tot_uptimes: 130
tot_uptimes_duration: 7753.716640002211
