comms_cons: 2.309299199992369
finished_reconf: true
global_termination_time: 14716.437
local_termination_time: 6790.240360000001
node_cons: 261.8517200000002
tot_aggregated_send: 0
tot_msg_rcv: 187
tot_msg_sent: 163
tot_reconf_duration: 15.34
tot_sleeping_duration: 14536.437
tot_uptimes: 4
tot_uptimes_duration: 180.0
