comms_cons: 32.81767679991601
finished_reconf: true
global_termination_time: 13653.517360000009
local_termination_time: 112.94948000000045
node_cons: 3902.229623360083
tot_aggregated_send: 0
tot_msg_rcv: 2459
tot_msg_sent: 2529
tot_reconf_duration: 6.22
tot_sleeping_duration: 10745.539119999949
tot_uptimes: 45
tot_uptimes_duration: 2907.9782400000595
