comms_cons: 1.328998399997339
finished_reconf: true
global_termination_time: 9488.00548
local_termination_time: 9487.96436
node_cons: 229.84121984000694
tot_aggregated_send: 0
tot_msg_rcv: 103
tot_msg_sent: 98
tot_reconf_duration: 37.410000000000004
tot_sleeping_duration: 9354.294919999995
tot_uptimes: 3
tot_uptimes_duration: 133.710560000005
