comms_cons: 1.500057599999411
finished_reconf: true
global_termination_time: 10402.24
local_termination_time: 5633.13536
node_cons: 175.55009999999976
tot_aggregated_send: 0
tot_msg_rcv: 122
tot_msg_sent: 106
tot_reconf_duration: 10.95
tot_sleeping_duration: 10282.24
tot_uptimes: 3
tot_uptimes_duration: 120.0
