comms_cons: 172.1946495917188
finished_reconf: true
global_termination_time: 1714982.1804799999
local_termination_time: 1714982.13936
node_cons: 35321.068647668195
tot_aggregated_send: 23998
tot_msg_rcv: 706
tot_msg_sent: 1467
tot_reconf_duration: 24.59
tot_sleeping_duration: 1688628.4273600087
tot_uptimes: 440
tot_uptimes_duration: 26353.75311999122
