comms_cons: 172.65136638416905
finished_reconf: true
global_termination_time: 1715283.001
local_termination_time: 553723.6310399984
node_cons: 35275.262325584124
tot_aggregated_send: 23896
tot_msg_rcv: 777
tot_msg_sent: 1569
tot_reconf_duration: 4.390000000000001
tot_sleeping_duration: 1688942.9706000118
tot_uptimes: 440
tot_uptimes_duration: 26340.030399988173
