comms_cons: 336.861618935816
finished_reconf: true
global_termination_time: 1716273.523
local_termination_time: 1363831.70236
node_cons: 35284.62712111685
tot_aggregated_send: 0
tot_msg_rcv: 25746
tot_msg_sent: 25455
tot_reconf_duration: 11.31
tot_sleeping_duration: 1689933.5169200024
tot_uptimes: 440
tot_uptimes_duration: 26340.006079997635
