comms_cons: 51.804620804032204
finished_reconf: true
global_termination_time: 278771.338
local_termination_time: 79955.22535999997
node_cons: 5712.594901121438
tot_aggregated_send: 0
tot_msg_rcv: 3988
tot_msg_sent: 3886
tot_reconf_duration: 6.22
tot_sleeping_duration: 274511.3319199989
tot_uptimes: 72
tot_uptimes_duration: 4260.006080001069
