comms_cons: 15.718041599987398
finished_reconf: true
global_termination_time: 3556.978720000002
local_termination_time: 3556.937600000002
node_cons: 1732.258350080004
tot_aggregated_send: 0
tot_msg_rcv: 1153
tot_msg_sent: 1234
tot_reconf_duration: 37.410000000000004
tot_sleeping_duration: 2301.2239999999993
tot_uptimes: 18
tot_uptimes_duration: 1255.7547200000026
