comms_cons: 0.7500288000012175
finished_reconf: true
global_termination_time: 6686.085000000001
local_termination_time: 1019.3893599999999
node_cons: 87.26580000000003
tot_aggregated_send: 0
tot_msg_rcv: 60
tot_msg_sent: 54
tot_reconf_duration: 5.1
tot_sleeping_duration: 6626.085000000001
tot_uptimes: 2
tot_uptimes_duration: 60.00000000000091
