comms_cons: 98.26097919694239
finished_reconf: true
global_termination_time: 1003799.0591200001
local_termination_time: 95856.15859999994
node_cons: 20674.29359527351
tot_aggregated_send: 13572
tot_msg_rcv: 473
tot_msg_sent: 891
tot_reconf_duration: 4.8100000000000005
tot_sleeping_duration: 988363.837600005
tot_uptimes: 258
tot_uptimes_duration: 15435.221519995132
