comms_cons: 102.93283839767017
finished_reconf: true
global_termination_time: 1006187.5
local_termination_time: 165762.7826000001
node_cons: 20653.382325602644
tot_aggregated_send: 13630
tot_msg_rcv: 733
tot_msg_sent: 1283
tot_reconf_duration: 4.390000000000001
tot_sleeping_duration: 990767.4695999981
tot_uptimes: 258
tot_uptimes_duration: 15420.030400001939
