comms_cons: 103.69351039314935
finished_reconf: true
global_termination_time: 1004692.466
local_termination_time: 213677.4467600004
node_cons: 20658.048406710193
tot_aggregated_send: 13456
tot_msg_rcv: 851
tot_msg_sent: 1454
tot_reconf_duration: 7.819999999999999
tot_sleeping_duration: 989272.4295200073
tot_uptimes: 258
tot_uptimes_duration: 15420.036479992676
