comms_cons: 97.42479359973554
finished_reconf: true
global_termination_time: 1004711.54
local_termination_time: 448779.7115200008
node_cons: 20662.738980000027
tot_aggregated_send: 14384
tot_msg_rcv: 142
tot_msg_sent: 282
tot_reconf_duration: 11.31
tot_sleeping_duration: 989291.54
tot_uptimes: 258
tot_uptimes_duration: 15420.0
