comms_cons: 100.20842239881055
finished_reconf: true
global_termination_time: 1006499.271
local_termination_time: 258314.87436000005
node_cons: 20654.753940000024
tot_aggregated_send: 14326
tot_msg_rcv: 330
tot_msg_sent: 575
tot_reconf_duration: 5.43
tot_sleeping_duration: 991079.271
tot_uptimes: 258
tot_uptimes_duration: 15420.0
