comms_cons: 245.00602879527784
finished_reconf: true
global_termination_time: 2427360.448
local_termination_time: 1032935.6304799998
node_cons: 49898.736624466575
tot_aggregated_send: 34046
tot_msg_rcv: 1220
tot_msg_sent: 1973
tot_reconf_duration: 5.57
tot_sleeping_duration: 2390100.4236800093
tot_uptimes: 622
tot_uptimes_duration: 37260.02431999054
