comms_cons: 245.35857919595438
finished_reconf: true
global_termination_time: 2426596.923
local_termination_time: 1446355.8520799996
node_cons: 49925.513682233046
tot_aggregated_send: 33524
tot_msg_rcv: 1295
tot_msg_sent: 2474
tot_reconf_duration: 25.299999999999997
tot_sleeping_duration: 2389336.9108400047
tot_uptimes: 622
tot_uptimes_duration: 37260.01215999527
