comms_cons: 243.00275200346198
finished_reconf: true
global_termination_time: 2426098.589
local_termination_time: 524036.321
node_cons: 49897.150466700565
tot_aggregated_send: 33985
tot_msg_rcv: 913
tot_msg_sent: 2037
tot_reconf_duration: 4.390000000000001
tot_sleeping_duration: 2388838.552520014
tot_uptimes: 622
tot_uptimes_duration: 37260.03647998604
