comms_cons: 342.80213761216754
finished_reconf: true
global_termination_time: 3481968.861
local_termination_time: 2328801.0914399987
node_cons: 71587.1307811156
tot_aggregated_send: 47502
tot_msg_rcv: 1465
tot_msg_sent: 3138
tot_reconf_duration: 3.08
tot_sleeping_duration: 3428508.854920002
tot_uptimes: 892
tot_uptimes_duration: 53460.00607999785
