comms_cons: 351.1845376315811
finished_reconf: true
global_termination_time: 3484120.726
local_termination_time: 541297.549
node_cons: 71690.01770877733
tot_aggregated_send: 48251
tot_msg_rcv: 1754
tot_msg_sent: 3373
tot_reconf_duration: 12.629999999999999
tot_sleeping_duration: 3430593.5668000155
tot_uptimes: 893
tot_uptimes_duration: 53527.15919998428
