comms_cons: 350.03220483155104
finished_reconf: true
global_termination_time: 3484667.263
local_termination_time: 491391.17836
node_cons: 71688.75601117249
tot_aggregated_send: 48372
tot_msg_rcv: 1474
tot_msg_sent: 3357
tot_reconf_duration: 18.700000000000003
tot_sleeping_duration: 3431147.2022000193
tot_uptimes: 893
tot_uptimes_duration: 53520.06079998071
