comms_cons: 354.19987206399384
finished_reconf: true
global_termination_time: 3483372.788
local_termination_time: 1366345.4386799985
node_cons: 71673.96468893392
tot_aggregated_send: 47734
tot_msg_rcv: 2152
tot_msg_sent: 3950
tot_reconf_duration: 7.819999999999999
tot_sleeping_duration: 3429852.739360018
tot_uptimes: 893
tot_uptimes_duration: 53520.04863998166
