comms_cons: 351.03886084037657
finished_reconf: true
global_termination_time: 3486808.496
local_termination_time: 1571655.2855199992
node_cons: 71671.7837478168
tot_aggregated_send: 47850
tot_msg_rcv: 1801
tot_msg_sent: 3705
tot_reconf_duration: 6.22
tot_sleeping_duration: 3433288.453440016
tot_uptimes: 893
tot_uptimes_duration: 53520.04255998391
