comms_cons: 347.75570561345876
finished_reconf: true
global_termination_time: 3482901.752
local_termination_time: 1622900.7726399982
node_cons: 71599.31833389131
tot_aggregated_send: 48198
tot_msg_rcv: 1520
tot_msg_sent: 3137
tot_reconf_duration: 11.31
tot_sleeping_duration: 3429440.99072002
tot_uptimes: 892
tot_uptimes_duration: 53460.76127997972
