comms_cons: 1.5658495999974615
finished_reconf: true
global_termination_time: 13300.901
local_termination_time: 4646.52836
node_cons: 247.55198000000055
tot_aggregated_send: 0
tot_msg_rcv: 123
tot_msg_sent: 115
tot_reconf_duration: 4.8100000000000005
tot_sleeping_duration: 13120.901
tot_uptimes: 4
tot_uptimes_duration: 180.0
