comms_cons: 1.4934783999975416
finished_reconf: true
global_termination_time: 12818.49
local_termination_time: 4232.39536
node_cons: 256.3789800000005
tot_aggregated_send: 0
tot_msg_rcv: 119
tot_msg_sent: 108
tot_reconf_duration: 11.31
tot_sleeping_duration: 12638.49
tot_uptimes: 4
tot_uptimes_duration: 180.0
