comms_cons: 14.797247999664023
finished_reconf: true
global_termination_time: 121863.44759999996
local_termination_time: 121863.40647999996
node_cons: 2542.363001758521
tot_aggregated_send: 1088
tot_msg_rcv: 440
tot_msg_sent: 721
tot_reconf_duration: 24.59
tot_sleeping_duration: 119989.68376000105
tot_uptimes: 32
tot_uptimes_duration: 1873.763839998901
