comms_cons: 14.408447999502679
finished_reconf: true
global_termination_time: 124136.889
local_termination_time: 63705.82420000013
node_cons: 2511.412425595752
tot_aggregated_send: 1044
tot_msg_rcv: 396
tot_msg_sent: 750
tot_reconf_duration: 15.34
tot_sleeping_duration: 122276.85860000316
tot_uptimes: 32
tot_uptimes_duration: 1860.030399996831
