comms_cons: 12.772108800164933
finished_reconf: true
global_termination_time: 123200.043
local_termination_time: 107808.49835999997
node_cons: 2501.1677011191605
tot_aggregated_send: 1392
tot_msg_rcv: 148
tot_msg_sent: 402
tot_reconf_duration: 7.819999999999999
tot_sleeping_duration: 121340.03692000064
tot_uptimes: 32
tot_uptimes_duration: 1860.0060799993662
