comms_cons: 114.92546559192299
finished_reconf: true
global_termination_time: 1139071.787
local_termination_time: 346229.6315200004
node_cons: 23403.693603350563
tot_aggregated_send: 15370
tot_msg_rcv: 760
tot_msg_sent: 1338
tot_reconf_duration: 18.21
tot_sleeping_duration: 1121611.768760007
tot_uptimes: 292
tot_uptimes_duration: 17460.018239992904
