comms_cons: 116.34657279153251
finished_reconf: true
global_termination_time: 1139632.329
local_termination_time: 479739.1248800005
node_cons: 23409.723123350566
tot_aggregated_send: 15022
tot_msg_rcv: 991
tot_msg_sent: 1671
tot_reconf_duration: 22.65
tot_sleeping_duration: 1122172.310760007
tot_uptimes: 292
tot_uptimes_duration: 17460.018239992904
