comms_cons: 141.373849590069
finished_reconf: true
global_termination_time: 1416563.3792400004
local_termination_time: 466675.07656000025
node_cons: 29180.997206066204
tot_aggregated_send: 19836
tot_msg_rcv: 553
tot_msg_sent: 1098
tot_reconf_duration: 18.21
tot_sleeping_duration: 1394788.7205200107
tot_uptimes: 363
tot_uptimes_duration: 21774.658719989646
