comms_cons: 141.38729599162806
finished_reconf: true
global_termination_time: 1419374.344
local_termination_time: 865354.7596399981
node_cons: 29190.62653830794
tot_aggregated_send: 19836
tot_msg_rcv: 490
tot_msg_sent: 1164
tot_reconf_duration: 15.34
tot_sleeping_duration: 1397589.583120009
tot_uptimes: 364
tot_uptimes_duration: 21784.760879990994
