comms_cons: 142.07845759144104
finished_reconf: true
global_termination_time: 1419524.386
local_termination_time: 112621.97095999964
node_cons: 29181.345565584204
tot_aggregated_send: 19778
tot_msg_rcv: 545
tot_msg_sent: 1273
tot_reconf_duration: 13.17
tot_sleeping_duration: 1397744.3556000118
tot_uptimes: 364
tot_uptimes_duration: 21780.030399988173
