comms_cons: 278.8936318052215
finished_reconf: true
global_termination_time: 1418781.472
local_termination_time: 869257.1495199982
node_cons: 29174.047701116968
tot_aggregated_send: 0
tot_msg_rcv: 21337
tot_msg_sent: 21053
tot_reconf_duration: 7.819999999999999
tot_sleeping_duration: 1397001.4659200024
tot_uptimes: 364
tot_uptimes_duration: 21780.006079997635
