comms_cons: 90.28105599735035
finished_reconf: true
global_termination_time: 867257.121
local_termination_time: 6036.373
node_cons: 17868.028488950233
tot_aggregated_send: 11461
tot_msg_rcv: 860
tot_msg_sent: 1402
tot_reconf_duration: 23.919999999999998
tot_sleeping_duration: 853937.0723600074
tot_uptimes: 223
tot_uptimes_duration: 13320.048639992689
