comms_cons: 1011.7432322583572
finished_reconf: true
global_termination_time: 10176973.837
local_termination_time: 1854542.9300000002
node_cons: 209386.94499004618
tot_aggregated_send: 140695
tot_msg_rcv: 4529
tot_msg_sent: 8555
tot_reconf_duration: 15.34
tot_sleeping_duration: 10020613.782280019
tot_uptimes: 2607
tot_uptimes_duration: 156360.05471998034
