comms_cons: 1010.6819586521374
finished_reconf: true
global_termination_time: 10176976.249
local_termination_time: 2505344.6954799998
node_cons: 209370.27148669565
tot_aggregated_send: 141404
tot_msg_rcv: 4258
tot_msg_sent: 7955
tot_reconf_duration: 3.08
tot_sleeping_duration: 10020616.212520013
tot_uptimes: 2607
tot_uptimes_duration: 156360.03647998744
