comms_cons: 1002.6408130010033
finished_reconf: true
global_termination_time: 10176885.254
local_termination_time: 4468434.8873999985
node_cons: 209378.86492446085
tot_aggregated_send: 141230
tot_msg_rcv: 3744
tot_msg_sent: 7421
tot_reconf_duration: 9.42
tot_sleeping_duration: 10020525.22968001
tot_uptimes: 2607
tot_uptimes_duration: 156360.02431999147
