comms_cons: 13.513676800014716
finished_reconf: true
global_termination_time: 139705.073
local_termination_time: 2479.1341600000014
node_cons: 2842.658700000001
tot_aggregated_send: 1914
tot_msg_rcv: 44
tot_msg_sent: 96
tot_reconf_duration: 22.65
tot_sleeping_duration: 137605.073
tot_uptimes: 36
tot_uptimes_duration: 2100.0
