comms_cons: 39.0827903984148
finished_reconf: true
global_termination_time: 133832.2035200004
local_termination_time: 133832.16240000038
node_cons: 5523.714362280544
tot_aggregated_send: 0
tot_msg_rcv: 1992
tot_msg_sent: 3948
tot_reconf_duration: 24.59
tot_sleeping_duration: 129731.889
tot_uptimes: 68
tot_uptimes_duration: 4100.314520000393
