comms_cons: 108.54426879023862
finished_reconf: true
global_termination_time: 1060264.279
local_termination_time: 56220.22036000001
node_cons: 21793.053131182183
tot_aggregated_send: 14094
tot_msg_rcv: 781
tot_msg_sent: 1623
tot_reconf_duration: 15.34
tot_sleeping_duration: 1044004.2182000135
tot_uptimes: 272
tot_uptimes_duration: 16260.060799986677
