comms_cons: 107.45932799353082
finished_reconf: true
global_termination_time: 1058855.048
local_termination_time: 338341.4974800001
node_cons: 21779.78547117756
tot_aggregated_send: 13804
tot_msg_rcv: 793
tot_msg_sent: 1737
tot_reconf_duration: 5.57
tot_sleeping_duration: 1042594.9872000167
tot_uptimes: 272
tot_uptimes_duration: 16260.060799983214
