comms_cons: 108.83970559240707
finished_reconf: true
global_termination_time: 1059465.828
local_termination_time: 523550.78068000026
node_cons: 21806.556905146408
tot_aggregated_send: 13572
tot_msg_rcv: 1070
tot_msg_sent: 1901
tot_reconf_duration: 25.299999999999997
tot_sleeping_duration: 1043205.7835600101
tot_uptimes: 272
tot_uptimes_duration: 16260.04443998984
