comms_cons: 106.63567359737397
finished_reconf: true
global_termination_time: 1058849.412
local_termination_time: 712130.3863599999
node_cons: 21792.683803350512
tot_aggregated_send: 14094
tot_msg_rcv: 672
tot_msg_sent: 1442
tot_reconf_duration: 15.110000000000001
tot_sleeping_duration: 1042589.3937600071
tot_uptimes: 272
tot_uptimes_duration: 16260.018239992904
