comms_cons: 107.4108671936647
finished_reconf: true
global_termination_time: 1059944.188
local_termination_time: 500262.04636000004
node_cons: 21779.538363350523
tot_aggregated_send: 13804
tot_msg_rcv: 777
tot_msg_sent: 1745
tot_reconf_duration: 5.43
tot_sleeping_duration: 1043684.1697600072
tot_uptimes: 272
tot_uptimes_duration: 16260.018239992904
