comms_cons: 88.60271359674223
finished_reconf: true
global_termination_time: 885144.058
local_termination_time: 372255.759
node_cons: 18165.64096751777
tot_aggregated_send: 12178
tot_msg_rcv: 418
tot_msg_sent: 871
tot_reconf_duration: 6.279999999999999
tot_sleeping_duration: 871583.8543200017
tot_uptimes: 227
tot_uptimes_duration: 13560.203679998347
