comms_cons: 91.10183679704615
finished_reconf: true
global_termination_time: 882008.12
local_termination_time: 61484.506360000014
node_cons: 18087.59205457863
tot_aggregated_send: 10962
tot_msg_rcv: 889
tot_msg_sent: 1996
tot_reconf_duration: 8.09
tot_sleeping_duration: 868508.040959986
tot_uptimes: 226
tot_uptimes_duration: 13500.079040013894
