comms_cons: 87.67023359842064
finished_reconf: true
global_termination_time: 885116.641
local_termination_time: 314308.33048
node_cons: 18182.242741121394
tot_aggregated_send: 12122
tot_msg_rcv: 375
tot_msg_sent: 829
tot_reconf_duration: 18.700000000000003
tot_sleeping_duration: 871556.6349199988
tot_uptimes: 227
tot_uptimes_duration: 13560.006080001069
