comms_cons: 90.49031679223609
finished_reconf: true
global_termination_time: 881966.627
local_termination_time: 295233.7558800008
node_cons: 18082.47790223363
tot_aggregated_send: 11890
tot_msg_rcv: 705
tot_msg_sent: 1159
tot_reconf_duration: 4.390000000000001
tot_sleeping_duration: 868466.6148400047
tot_uptimes: 226
tot_uptimes_duration: 13500.012159995269
