comms_cons: 171.3360191376826
finished_reconf: true
global_termination_time: 885436.634
local_termination_time: 272956.04560000007
node_cons: 18167.500265593393
tot_aggregated_send: 0
tot_msg_rcv: 13321
tot_msg_sent: 12720
tot_reconf_duration: 7.819999999999999
tot_sleeping_duration: 871876.6036000049
tot_uptimes: 227
tot_uptimes_duration: 13560.030399995041
