comms_cons: 78.6863040040728
finished_reconf: true
global_termination_time: 747460.09524
local_termination_time: 11788.526040000002
node_cons: 15390.309382990461
tot_aggregated_send: 5568
tot_msg_rcv: 2457
tot_msg_sent: 3941
tot_reconf_duration: 18.21
tot_sleeping_duration: 735984.6805999773
tot_uptimes: 192
tot_uptimes_duration: 11475.41464002274
