comms_cons: 72.28353920035127
finished_reconf: true
global_termination_time: 750653.24
local_termination_time: 371601.5934800005
node_cons: 15433.824522242843
tot_aggregated_send: 10034
tot_msg_rcv: 314
tot_msg_sent: 639
tot_reconf_duration: 6.279999999999999
tot_sleeping_duration: 739133.2278399979
tot_uptimes: 193
tot_uptimes_duration: 11520.012160002138
