comms_cons: 73.31265280026615
finished_reconf: true
global_termination_time: 748406.728
local_termination_time: 123981.98923999943
node_cons: 15406.029624480678
tot_aggregated_send: 10498
tot_msg_rcv: 242
tot_msg_sent: 403
tot_reconf_duration: 25.299999999999997
tot_sleeping_duration: 736926.7636799995
tot_uptimes: 192
tot_uptimes_duration: 11479.964320000501
