comms_cons: 72.77315839946878
finished_reconf: true
global_termination_time: 748614.91
local_termination_time: 190004.736480001
node_cons: 15365.180093842815
tot_aggregated_send: 9802
tot_msg_rcv: 445
tot_msg_sent: 815
tot_reconf_duration: 9.11
tot_sleeping_duration: 737149.0334399979
tot_uptimes: 192
tot_uptimes_duration: 11465.87656000207
