comms_cons: 272.5393983891605
finished_reconf: true
global_termination_time: 2808619.355
local_termination_time: 1205029.798879999
node_cons: 57772.914901115684
tot_aggregated_send: 39266
tot_msg_rcv: 808
tot_msg_sent: 1349
tot_reconf_duration: 6.22
tot_sleeping_duration: 2765479.3489200026
tot_uptimes: 720
tot_uptimes_duration: 43140.006079997576
