comms_cons: 272.17893119483364
finished_reconf: true
global_termination_time: 2808007.029
local_termination_time: 1719146.5367999985
node_cons: 57779.81897999902
tot_aggregated_send: 40426
tot_msg_rcv: 376
tot_msg_sent: 566
tot_reconf_duration: 11.31
tot_sleeping_duration: 2764867.029
tot_uptimes: 720
tot_uptimes_duration: 43139.999999999985
