comms_cons: 67.25978880055145
finished_reconf: true
global_termination_time: 673687.443
local_termination_time: 356559.8438400001
node_cons: 13852.853682242865
tot_aggregated_send: 8990
tot_msg_rcv: 481
tot_msg_sent: 753
tot_reconf_duration: 25.299999999999997
tot_sleeping_duration: 663367.4308399978
tot_uptimes: 173
tot_uptimes_duration: 10320.012160002138
