comms_cons: 71.45669120164352
finished_reconf: true
global_termination_time: 669502.316
local_termination_time: 70628.63455999958
node_cons: 13742.347028969169
tot_aggregated_send: 8178
tot_msg_rcv: 932
tot_msg_sent: 1750
tot_reconf_duration: 3.05
tot_sleeping_duration: 659242.2673599932
tot_uptimes: 172
tot_uptimes_duration: 10260.048640006848
