comms_cons: 763.458285022016
finished_reconf: true
global_termination_time: 7592579.395239997
local_termination_time: 269738.6201200005
node_cons: 156226.15841940808
tot_aggregated_send: 105328
tot_msg_rcv: 3459
tot_msg_sent: 7253
tot_reconf_duration: 18.21
tot_sleeping_duration: 7475924.108280016
tot_uptimes: 1945
tot_uptimes_duration: 116655.28695998009
