comms_cons: 1179.0722334631078
finished_reconf: true
global_termination_time: 7595754.289
local_termination_time: 2460386.9677200005
node_cons: 156269.87708669793
tot_aggregated_send: 0
tot_msg_rcv: 90578
tot_msg_sent: 88631
tot_reconf_duration: 6.279999999999999
tot_sleeping_duration: 7479054.252520013
tot_uptimes: 1946
tot_uptimes_duration: 116700.0364799872
