comms_cons: 749.249472172206
finished_reconf: true
global_termination_time: 7593985.631
local_termination_time: 3035351.1513600005
node_cons: 156193.76864222952
tot_aggregated_send: 105154
tot_msg_rcv: 3013
tot_msg_sent: 5714
tot_reconf_duration: 9.42
tot_sleeping_duration: 7477345.618840004
tot_uptimes: 1945
tot_uptimes_duration: 116640.01215999573
