comms_cons: 748.0482817031872
finished_reconf: true
global_termination_time: 7595868.94
local_termination_time: 5381318.93472
node_cons: 156276.1782411121
tot_aggregated_send: 105386
tot_msg_rcv: 2904
tot_msg_sent: 5408
tot_reconf_duration: 10.95
tot_sleeping_duration: 7479168.933920003
tot_uptimes: 1946
tot_uptimes_duration: 116700.00607999787
