comms_cons: 348.45270402938917
finished_reconf: true
global_termination_time: 3472002.006
local_termination_time: 2257975.569639998
node_cons: 71476.33679942333
tot_aggregated_send: 48372
tot_msg_rcv: 1632
tot_msg_sent: 2957
tot_reconf_duration: 25.299999999999997
tot_sleeping_duration: 3418647.279040011
tot_uptimes: 890
tot_uptimes_duration: 53354.72695998894
