comms_cons: 347.60286721502735
finished_reconf: true
global_termination_time: 3471085.022
local_termination_time: 1793045.721239999
node_cons: 71354.32394446648
tot_aggregated_send: 48604
tot_msg_rcv: 1366
tot_msg_sent: 2863
tot_reconf_duration: 9.11
tot_sleeping_duration: 3417804.997680009
tot_uptimes: 889
tot_uptimes_duration: 53280.024319991004
