comms_cons: 98.56424959530358
finished_reconf: true
global_termination_time: 998961.213
local_termination_time: 418814.4223600001
node_cons: 20501.602664467377
tot_aggregated_send: 13572
tot_msg_rcv: 487
tot_msg_sent: 923
tot_reconf_duration: 10.95
tot_sleeping_duration: 983661.1886800095
tot_uptimes: 256
tot_uptimes_duration: 15300.024319990538
