comms_cons: 262.3709440201091
finished_reconf: true
global_termination_time: 2808913.764
local_termination_time: 4700.999000000001
node_cons: 57856.94592446756
tot_aggregated_send: 39199
tot_msg_rcv: 258
tot_msg_sent: 421
tot_reconf_duration: 8.92
tot_sleeping_duration: 2765713.7396800085
tot_uptimes: 720
tot_uptimes_duration: 43200.02431999147
