comms_cons: 275.4053120239458
finished_reconf: true
global_termination_time: 2809551.64
local_termination_time: 5169.723
node_cons: 57849.96850670091
tot_aggregated_send: 39319
tot_msg_rcv: 851
tot_msg_sent: 1690
tot_reconf_duration: 3.77
tot_sleeping_duration: 2766351.603520014
tot_uptimes: 720
tot_uptimes_duration: 43200.036479986506
