comms_cons: 213.81804798064852
finished_reconf: true
global_termination_time: 2129441.339
local_termination_time: 813466.2123599999
node_cons: 43810.07802670052
tot_aggregated_send: 28884
tot_msg_rcv: 1254
tot_msg_sent: 2362
tot_reconf_duration: 18.21
tot_sleeping_duration: 2096741.3025200143
tot_uptimes: 546
tot_uptimes_duration: 32700.036479985807
