comms_cons: 212.34367998700472
finished_reconf: true
global_termination_time: 2127134.244239997
local_termination_time: 259180.70848000006
node_cons: 43739.419547173704
tot_aggregated_send: 29986
tot_msg_rcv: 724
tot_msg_sent: 1564
tot_reconf_duration: 11.31
tot_sleeping_duration: 2094479.9794400164
tot_uptimes: 545
tot_uptimes_duration: 32654.26479998068
