comms_cons: 2.3158783999923473
finished_reconf: true
global_termination_time: 13931.255
local_termination_time: 8449.89536
node_cons: 265.75732112000753
tot_aggregated_send: 0
tot_msg_rcv: 194
tot_msg_sent: 158
tot_reconf_duration: 18.21
tot_sleeping_duration: 13751.248919999995
tot_uptimes: 4
tot_uptimes_duration: 180.00608000000466
