comms_cons: 44.55214719988769
finished_reconf: true
global_termination_time: 11172.652360000015
local_termination_time: 2611.029480000002
node_cons: 4759.451447000069
tot_aggregated_send: 0
tot_msg_rcv: 3533
tot_msg_sent: 3236
tot_reconf_duration: 5.57
tot_sleeping_duration: 7623.819359999965
tot_uptimes: 49
tot_uptimes_duration: 3548.8330000000497
