comms_cons: 1.5921663999973792
finished_reconf: true
global_termination_time: 12036.987
local_termination_time: 4183.22836
node_cons: 245.20263999999995
tot_aggregated_send: 0
tot_msg_rcv: 124
tot_msg_sent: 118
tot_reconf_duration: 3.08
tot_sleeping_duration: 11856.987
tot_uptimes: 4
tot_uptimes_duration: 180.0
