comms_cons: 2.9678463999894835
finished_reconf: true
global_termination_time: 14586.978
local_termination_time: 7129.860360000001
node_cons: 261.5393800000008
tot_aggregated_send: 0
tot_msg_rcv: 287
tot_msg_sent: 162
tot_reconf_duration: 15.110000000000001
tot_sleeping_duration: 14406.978
tot_uptimes: 4
tot_uptimes_duration: 180.0
