comms_cons: 2.8216767999896364
finished_reconf: true
global_termination_time: 13362.139
local_termination_time: 2614.71508
node_cons: 253.82189368000402
tot_aggregated_send: 0
tot_msg_rcv: 260
tot_msg_sent: 167
tot_reconf_duration: 9.42
tot_sleeping_duration: 13182.131879999997
tot_uptimes: 4
tot_uptimes_duration: 180.0071200000034
