comms_cons: 2.6119423999976648
finished_reconf: true
global_termination_time: 13451.906
local_termination_time: 7381.6053600000005
node_cons: 257.18020000000075
tot_aggregated_send: 0
tot_msg_rcv: 233
tot_msg_sent: 163
tot_reconf_duration: 11.899999999999999
tot_sleeping_duration: 13271.906
tot_uptimes: 4
tot_uptimes_duration: 180.0
