comms_cons: 1.8684927999980472
finished_reconf: true
global_termination_time: 12092.104
local_termination_time: 6492.025360000001
node_cons: 247.55198000000055
tot_aggregated_send: 0
tot_msg_rcv: 170
tot_msg_sent: 114
tot_reconf_duration: 4.8100000000000005
tot_sleeping_duration: 11912.104
tot_uptimes: 4
tot_uptimes_duration: 180.0
