comms_cons: 88.05726719526639
finished_reconf: true
global_termination_time: 864045.17
local_termination_time: 321947.15436
node_cons: 17761.13418447189
tot_aggregated_send: 11600
tot_msg_rcv: 566
tot_msg_sent: 1218
tot_reconf_duration: 4.390000000000001
tot_sleeping_duration: 850785.145680006
tot_uptimes: 222
tot_uptimes_duration: 13260.024319993972
