comms_cons: 89.32316159448304
finished_reconf: true
global_termination_time: 865404.656
local_termination_time: 501783.83136000007
node_cons: 17765.800265584196
tot_aggregated_send: 11194
tot_msg_rcv: 760
tot_msg_sent: 1622
tot_reconf_duration: 7.819999999999999
tot_sleeping_duration: 852144.6256000118
tot_uptimes: 222
tot_uptimes_duration: 13260.030399988173
