comms_cons: 88.71455999513284
finished_reconf: true
global_termination_time: 863724.076
local_termination_time: 288480.4645200004
node_cons: 17776.01242558882
tot_aggregated_send: 11542
tot_msg_rcv: 673
tot_msg_sent: 1269
tot_reconf_duration: 15.34
tot_sleeping_duration: 850464.0456000085
tot_uptimes: 222
tot_uptimes_duration: 13260.030399991607
