comms_cons: 184.09259519366256
finished_reconf: true
global_termination_time: 1881250.527
local_termination_time: 172087.56736000004
node_cons: 38674.34754670998
tot_aggregated_send: 26274
tot_msg_rcv: 616
tot_msg_sent: 1091
tot_reconf_duration: 22.65
tot_sleeping_duration: 1852390.4905200074
tot_uptimes: 482
tot_uptimes_duration: 28860.036479992676
