comms_cons: 223.7097342729495
finished_reconf: true
global_termination_time: 1876615.575
local_termination_time: 1068664.69136
node_cons: 38573.83584223355
tot_aggregated_send: 0
tot_msg_rcv: 17125
tot_msg_sent: 16877
tot_reconf_duration: 7.819999999999999
tot_sleeping_duration: 1847815.5628400047
tot_uptimes: 481
tot_uptimes_duration: 28800.01215999527
