comms_cons: 47.92289280010698
finished_reconf: true
global_termination_time: 480590.018
local_termination_time: 301425.3783600001
node_cons: 9885.978182241799
tot_aggregated_send: 6554
tot_msg_rcv: 267
tot_msg_sent: 463
tot_reconf_duration: 3.05
tot_sleeping_duration: 473210.00583999866
tot_uptimes: 124
tot_uptimes_duration: 7380.012160001286
