comms_cons: 149.29470714913418
finished_reconf: true
global_termination_time: 1140381.5812400002
local_termination_time: 1469.8527200000005
node_cons: 23539.85222852312
tot_aggregated_send: 8468
tot_msg_rcv: 5961
tot_msg_sent: 8267
tot_reconf_duration: 18.21
tot_sleeping_duration: 1122819.8762000278
tot_uptimes: 293
tot_uptimes_duration: 17561.705039972443
