comms_cons: 112.72801279821219
finished_reconf: true
global_termination_time: 1143718.22
local_termination_time: 437745.61136000004
node_cons: 23479.79938000002
tot_aggregated_send: 16588
tot_msg_rcv: 212
tot_msg_sent: 334
tot_reconf_duration: 15.110000000000001
tot_sleeping_duration: 1126198.22
tot_uptimes: 293
tot_uptimes_duration: 17520.0
