comms_cons: 114.0175359948941
finished_reconf: true
global_termination_time: 1141269.595
local_termination_time: 326771.0862400005
node_cons: 23469.899560000045
tot_aggregated_send: 16240
tot_msg_rcv: 434
tot_msg_sent: 656
tot_reconf_duration: 7.819999999999999
tot_sleeping_duration: 1123749.595
tot_uptimes: 293
tot_uptimes_duration: 17520.0
