comms_cons: 112.43852799685855
finished_reconf: true
global_termination_time: 1143735.841
local_termination_time: 420846.8350000005
node_cons: 23480.11172000007
tot_aggregated_send: 16530
tot_msg_rcv: 216
tot_msg_sent: 344
tot_reconf_duration: 15.34
tot_sleeping_duration: 1126215.841
tot_uptimes: 293
tot_uptimes_duration: 17520.0
