comms_cons: 474.73658883976856
finished_reconf: true
global_termination_time: 4813857.891
local_termination_time: 1939693.537879998
node_cons: 99008.9177198999
tot_aggregated_send: 67628
tot_msg_rcv: 1570
tot_msg_sent: 2961
tot_reconf_duration: 15.34
tot_sleeping_duration: 4739931.015720013
tot_uptimes: 1233
tot_uptimes_duration: 73926.875279987
