comms_cons: 470.7807872462208
finished_reconf: true
global_termination_time: 4813034.83
local_termination_time: 2119422.78536
node_cons: 98986.46848334871
tot_aggregated_send: 66758
tot_msg_rcv: 1708
tot_msg_sent: 3089
tot_reconf_duration: 5.57
tot_sleeping_duration: 4739114.8117600065
tot_uptimes: 1233
tot_uptimes_duration: 73920.01823999337
