comms_cons: 468.3091008497571
finished_reconf: true
global_termination_time: 4812302.359
local_termination_time: 2277999.6917999983
node_cons: 99023.08836942883
tot_aggregated_send: 66352
tot_msg_rcv: 1542
tot_msg_sent: 3286
tot_reconf_duration: 25.299999999999997
tot_sleeping_duration: 4738375.002040006
tot_uptimes: 1233
tot_uptimes_duration: 73927.35695999395
