comms_cons: 481.9035136663059
finished_reconf: true
global_termination_time: 4811803.329
local_termination_time: 573500.48336
node_cons: 98989.53212446555
tot_aggregated_send: 66932
tot_msg_rcv: 2252
tot_msg_sent: 4062
tot_reconf_duration: 7.819999999999999
tot_sleeping_duration: 4737883.304680008
tot_uptimes: 1233
tot_uptimes_duration: 73920.02431999124
