comms_cons: 313.20339843875087
finished_reconf: true
global_termination_time: 3106040.723
local_termination_time: 1543520.362639998
node_cons: 63877.24208223217
tot_aggregated_send: 43036
tot_msg_rcv: 1493
tot_msg_sent: 3076
tot_reconf_duration: 5.1
tot_sleeping_duration: 3058340.710840005
tot_uptimes: 796
tot_uptimes_duration: 47700.01215999527
