comms_cons: 149.0761727910867
finished_reconf: true
global_termination_time: 1485399.81
local_termination_time: 728730.3283599999
node_cons: 30533.366323350532
tot_aggregated_send: 20126
tot_msg_rcv: 842
tot_msg_sent: 1693
tot_reconf_duration: 3.05
tot_sleeping_duration: 1462599.7917600072
tot_uptimes: 381
tot_uptimes_duration: 22800.018239992845
