comms_cons: 146.27509119652225
finished_reconf: true
global_termination_time: 1483511.026
local_termination_time: 611751.7834799998
node_cons: 30464.218979999965
tot_aggregated_send: 21576
tot_msg_rcv: 260
tot_msg_sent: 396
tot_reconf_duration: 11.31
tot_sleeping_duration: 1460771.026
tot_uptimes: 380
tot_uptimes_duration: 22740.0
