comms_cons: 2.2369279999947196
finished_reconf: true
global_termination_time: 14907.489
local_termination_time: 6192.53136
node_cons: 258.9048600000001
tot_aggregated_send: 0
tot_msg_rcv: 178
tot_msg_sent: 162
tot_reconf_duration: 13.17
tot_sleeping_duration: 14727.489
tot_uptimes: 4
tot_uptimes_duration: 180.0
