comms_cons: 103.1684351979411
finished_reconf: true
global_termination_time: 1039899.791
local_termination_time: 654688.8873599998
node_cons: 21378.004059999963
tot_aggregated_send: 15022
tot_msg_rcv: 258
tot_msg_sent: 401
tot_reconf_duration: 5.57
tot_sleeping_duration: 1023939.791
tot_uptimes: 267
tot_uptimes_duration: 15960.0
