comms_cons: 103.01711359755821
finished_reconf: true
global_termination_time: 1040459.455
local_termination_time: 419379.30520000064
node_cons: 21377.3658
tot_aggregated_send: 14964
tot_msg_rcv: 234
tot_msg_sent: 460
tot_reconf_duration: 5.1
tot_sleeping_duration: 1024499.455
tot_uptimes: 267
tot_uptimes_duration: 15960.0
