comms_cons: 302.894463843151
finished_reconf: true
global_termination_time: 1042307.893
local_termination_time: 635682.91
node_cons: 42368.31460239687
tot_aggregated_send: 0
tot_msg_rcv: 15486
tot_msg_sent: 30553
tot_reconf_duration: 13.17
tot_sleeping_duration: 1010679.4914000022
tot_uptimes: 523
tot_uptimes_duration: 31628.40159999788
