comms_cons: 245.81207039103364
finished_reconf: true
global_termination_time: 2410044.834
local_termination_time: 504298.3649200007
node_cons: 49575.78232558343
tot_aggregated_send: 33002
tot_msg_rcv: 1573
tot_msg_sent: 2787
tot_reconf_duration: 4.390000000000001
tot_sleeping_duration: 2373024.8036000114
tot_uptimes: 618
tot_uptimes_duration: 37020.03039998817
