comms_cons: 514.3130109253945
finished_reconf: true
global_termination_time: 1064293.666119999
local_termination_time: 1064293.624999999
node_cons: 64622.356372474846
tot_aggregated_send: 0
tot_msg_rcv: 31564
tot_msg_sent: 46607
tot_reconf_duration: 24.59
tot_sleeping_duration: 1016056.9498000019
tot_uptimes: 791
tot_uptimes_duration: 48236.716319997075
