comms_cons: 107.27385599462033
finished_reconf: true
global_termination_time: 1066576.683
local_termination_time: 401240.82244000066
node_cons: 21941.348239999992
tot_aggregated_send: 15138
tot_msg_rcv: 476
tot_msg_sent: 691
tot_reconf_duration: 6.279999999999999
tot_sleeping_duration: 1050196.683
tot_uptimes: 274
tot_uptimes_duration: 16380.0
