comms_cons: 106.02151039542649
finished_reconf: true
global_termination_time: 1069359.343
local_termination_time: 969335.5050799986
node_cons: 21939.7458
tot_aggregated_send: 15196
tot_msg_rcv: 284
tot_msg_sent: 634
tot_reconf_duration: 5.1
tot_sleeping_duration: 1052979.343
tot_uptimes: 274
tot_uptimes_duration: 16380.0
