comms_cons: 1041.0309784499682
finished_reconf: true
global_termination_time: 5290486.856
local_termination_time: 1874.1414800000023
node_cons: 108787.95860618452
tot_aggregated_send: 0
tot_msg_rcv: 79680
tot_msg_sent: 78549
tot_reconf_duration: 5.57
tot_sleeping_duration: 5209246.830200008
tot_uptimes: 1355
tot_uptimes_duration: 81240.02579999086
