comms_cons: 526.4041664779065
finished_reconf: true
global_termination_time: 5285657.573
local_termination_time: 382374.49448000005
node_cons: 108717.98627116662
tot_aggregated_send: 74472
tot_msg_rcv: 1936
tot_msg_sent: 3601
tot_reconf_duration: 13.17
tot_sleeping_duration: 5204477.512200022
tot_uptimes: 1354
tot_uptimes_duration: 81180.06079997751
