comms_cons: 525.0475456861352
finished_reconf: true
global_termination_time: 5285797.488
local_termination_time: 682160.3655999998
node_cons: 108704.28405116689
tot_aggregated_send: 74066
tot_msg_rcv: 2013
tot_msg_sent: 3725
tot_reconf_duration: 3.08
tot_sleeping_duration: 5204617.427200022
tot_uptimes: 1354
tot_uptimes_duration: 81180.06079997774
