comms_cons: 523.2657728629927
finished_reconf: true
global_termination_time: 5288639.694
local_termination_time: 1162542.9563599997
node_cons: 108793.19306558208
tot_aggregated_send: 73892
tot_msg_rcv: 1808
tot_msg_sent: 3832
tot_reconf_duration: 9.42
tot_sleeping_duration: 5207399.663600011
tot_uptimes: 1355
tot_uptimes_duration: 81240.0303999891
