comms_cons: 526.618905673235
finished_reconf: true
global_termination_time: 5286773.714
local_termination_time: 2712325.9583599996
node_cons: 108714.90638223036
tot_aggregated_send: 73486
tot_msg_rcv: 2210
tot_msg_sent: 4347
tot_reconf_duration: 10.95
tot_sleeping_duration: 5205593.701840005
tot_uptimes: 1354
tot_uptimes_duration: 81180.0121599955
