comms_cons: 534.8447553397099
finished_reconf: true
global_termination_time: 5288809.043
local_termination_time: 1166675.5554399984
node_cons: 108788.88817116662
tot_aggregated_send: 72848
tot_msg_rcv: 2755
tot_msg_sent: 5691
tot_reconf_duration: 6.22
tot_sleeping_duration: 5207568.982200022
tot_uptimes: 1355
tot_uptimes_duration: 81240.06079997751
