comms_cons: 70.18910720481225
finished_reconf: true
global_termination_time: 561709.3382400001
local_termination_time: 158581.37136000005
node_cons: 11533.89983066724
tot_aggregated_send: 3654
tot_msg_rcv: 3018
tot_msg_sent: 4001
tot_reconf_duration: 18.21
tot_sleeping_duration: 553113.9904799798
tot_uptimes: 144
tot_uptimes_duration: 8595.347760020348
