comms_cons: 57.58773760168066
finished_reconf: true
global_termination_time: 562814.616
local_termination_time: 235608.90236000007
node_cons: 11589.824284485734
tot_aggregated_send: 7308
tot_msg_rcv: 503
tot_msg_sent: 942
tot_reconf_duration: 15.34
tot_sleeping_duration: 554174.5916799958
tot_uptimes: 145
tot_uptimes_duration: 8640.024320004275
