comms_cons: 58.05114880134093
finished_reconf: true
global_termination_time: 565440.076
local_termination_time: 185409.37536000053
node_cons: 11589.495662242896
tot_aggregated_send: 7424
tot_msg_rcv: 480
tot_msg_sent: 920
tot_reconf_duration: 15.110000000000001
tot_sleeping_duration: 556800.0638399979
tot_uptimes: 145
tot_uptimes_duration: 8640.012160002138
