comms_cons: 57.38378240084039
finished_reconf: true
global_termination_time: 564790.574
local_termination_time: 185426.17436000006
node_cons: 11574.921620000034
tot_aggregated_send: 7482
tot_msg_rcv: 428
tot_msg_sent: 812
tot_reconf_duration: 4.390000000000001
tot_sleeping_duration: 556150.574
tot_uptimes: 145
tot_uptimes_duration: 8640.0
