comms_cons: 33.58681600009326
finished_reconf: true
global_termination_time: 331009.107
local_termination_time: 1729.19712
node_cons: 6765.176481121438
tot_aggregated_send: 4524
tot_msg_rcv: 243
tot_msg_sent: 338
tot_reconf_duration: 12.23
tot_sleeping_duration: 325969.10091999895
tot_uptimes: 85
tot_uptimes_duration: 5040.006080001069
