comms_cons: 75.79959039975404
finished_reconf: true
global_termination_time: 772265.407
local_termination_time: 340032.1133600001
node_cons: 15834.552201121463
tot_aggregated_send: 10962
tot_msg_rcv: 212
tot_msg_sent: 347
tot_reconf_duration: 5.57
tot_sleeping_duration: 760445.4009199989
tot_uptimes: 198
tot_uptimes_duration: 11820.006080001069
