comms_cons: 124.49811839103717
finished_reconf: true
global_termination_time: 771702.964
local_termination_time: 342360.82336000004
node_cons: 15861.353682242869
tot_aggregated_send: 0
tot_msg_rcv: 9660
tot_msg_sent: 9262
tot_reconf_duration: 25.299999999999997
tot_sleeping_duration: 759882.9518399979
tot_uptimes: 198
tot_uptimes_duration: 11820.012160002138
