comms_cons: 125.12287999278762
finished_reconf: true
global_termination_time: 770733.231
local_termination_time: 340987.0070800001
node_cons: 15834.386504481137
tot_aggregated_send: 0
tot_msg_rcv: 9781
tot_msg_sent: 9237
tot_reconf_duration: 5.43
tot_sleeping_duration: 758913.2066799992
tot_uptimes: 198
tot_uptimes_duration: 11820.02432000084
