comms_cons: 43.1597568003079
finished_reconf: true
global_termination_time: 430841.8
local_termination_time: 4903.279880000005
node_cons: 8845.944522242873
tot_aggregated_send: 5858
tot_msg_rcv: 179
tot_msg_sent: 526
tot_reconf_duration: 6.279999999999999
tot_sleeping_duration: 424241.78783999785
tot_uptimes: 111
tot_uptimes_duration: 6600.0121600021375
