comms_cons: 43.55395839997454
finished_reconf: true
global_termination_time: 430080.274
local_termination_time: 228006.81368000028
node_cons: 8843.369761121461
tot_aggregated_send: 5916
tot_msg_rcv: 241
tot_msg_sent: 464
tot_reconf_duration: 4.390000000000001
tot_sleeping_duration: 423480.2679199989
tot_uptimes: 111
tot_uptimes_duration: 6600.006080001069
