comms_cons: 261.66136319420207
finished_reconf: true
global_termination_time: 2808203.88
local_termination_time: 4578.114
node_cons: 57850.1722411158
tot_aggregated_send: 39029
tot_msg_rcv: 272
tot_msg_sent: 470
tot_reconf_duration: 3.95
tot_sleeping_duration: 2765003.873920002
tot_uptimes: 720
tot_uptimes_duration: 43200.006079997635
