comms_cons: 276.3401855986355
finished_reconf: true
global_termination_time: 2807869.011
local_termination_time: 5531.258
node_cons: 57861.43276334946
tot_aggregated_send: 39079
tot_msg_rcv: 931
tot_msg_sent: 1993
tot_reconf_duration: 12.23
tot_sleeping_duration: 2764668.992760007
tot_uptimes: 720
tot_uptimes_duration: 43200.0182399929
