comms_cons: 270.8720447831521
finished_reconf: true
global_termination_time: 2808021.614
local_termination_time: 6472.26
node_cons: 57849.94408334946
tot_aggregated_send: 38971
tot_msg_rcv: 798
tot_msg_sent: 1401
tot_reconf_duration: 3.77
tot_sleeping_duration: 2764821.5957600074
tot_uptimes: 720
tot_uptimes_duration: 43200.0182399929
