comms_cons: 89.72712959912923
finished_reconf: true
global_termination_time: 912832.011
local_termination_time: 767575.6993599999
node_cons: 18734.578979999944
tot_aggregated_send: 13050
tot_msg_rcv: 233
tot_msg_sent: 355
tot_reconf_duration: 11.31
tot_sleeping_duration: 898852.011
tot_uptimes: 234
tot_uptimes_duration: 13980.0
