comms_cons: 14.999603199891762
finished_reconf: true
global_termination_time: 144961.66400000046
local_termination_time: 144961.62288000045
node_cons: 3053.8881031206342
tot_aggregated_send: 1900
tot_msg_rcv: 114
tot_msg_sent: 264
tot_reconf_duration: 24.59
tot_sleeping_duration: 142705.87992
tot_uptimes: 38
tot_uptimes_duration: 2255.7840800004633
