comms_cons: 15.678233600023983
finished_reconf: true
global_termination_time: 147893.67
local_termination_time: 65821.13367999985
node_cons: 2981.034901121434
tot_aggregated_send: 1624
tot_msg_rcv: 237
tot_msg_sent: 522
tot_reconf_duration: 6.22
tot_sleeping_duration: 145673.66391999894
tot_uptimes: 38
tot_uptimes_duration: 2220.0060800010688
