comms_cons: 472.63675524455465
finished_reconf: true
global_termination_time: 544473.9175999998
local_termination_time: 544473.8764799999
node_cons: 54618.96898011082
tot_aggregated_send: 0
tot_msg_rcv: 32447
tot_msg_sent: 39390
tot_reconf_duration: 37.410000000000004
tot_sleeping_duration: 503720.9928799762
tot_uptimes: 658
tot_uptimes_duration: 40752.9247200236
