comms_cons: 56.694220800993676
finished_reconf: true
global_termination_time: 549271.602
local_termination_time: 39795.52860000002
node_cons: 11282.006246728604
tot_aggregated_send: 7018
tot_msg_rcv: 512
tot_msg_sent: 1088
tot_reconf_duration: 25.299999999999997
tot_sleeping_duration: 540871.5655199935
tot_uptimes: 141
tot_uptimes_duration: 8400.036480006413
