comms_cons: 56.69938560097916
finished_reconf: true
global_termination_time: 547122.208
local_termination_time: 10497.910600000001
node_cons: 11251.815204483459
tot_aggregated_send: 6960
tot_msg_rcv: 495
tot_msg_sent: 1164
tot_reconf_duration: 3.08
tot_sleeping_duration: 538722.1836799973
tot_uptimes: 141
tot_uptimes_duration: 8400.024320002572
