comms_cons: 56.126067201015836
finished_reconf: true
global_termination_time: 544474.0163199997
local_termination_time: 18770.78848
node_cons: 11205.016599843846
tot_aggregated_send: 7308
tot_msg_rcv: 457
tot_msg_sent: 765
tot_reconf_duration: 5.43
tot_sleeping_duration: 536111.3257599969
tot_uptimes: 140
tot_uptimes_duration: 8362.690560002862
