comms_cons: 55.640294399934795
finished_reconf: true
global_termination_time: 547693.214
local_termination_time: 228996.24620000063
node_cons: 11268.456143359705
tot_aggregated_send: 7424
tot_msg_rcv: 348
tot_msg_sent: 685
tot_reconf_duration: 15.34
tot_sleeping_duration: 539293.1957600003
tot_uptimes: 141
tot_uptimes_duration: 8400.018239999772
