comms_cons: 358.1824192361162
finished_reconf: true
global_termination_time: 3585791.442
local_termination_time: 713510.4084799998
node_cons: 73767.0715111678
tot_aggregated_send: 49996
tot_msg_rcv: 1421
tot_msg_sent: 3023
tot_reconf_duration: 10.95
tot_sleeping_duration: 3530711.3812000225
tot_uptimes: 919
tot_uptimes_duration: 55080.06079997728
