comms_cons: 69.2911872077636
finished_reconf: true
global_termination_time: 338503.61004000076
local_termination_time: 338503.56892000075
node_cons: 7010.450142163606
tot_aggregated_send: 0
tot_msg_rcv: 5490
tot_msg_sent: 5035
tot_reconf_duration: 24.59
tot_sleeping_duration: 333292.9625999981
tot_uptimes: 87
tot_uptimes_duration: 5210.647440002678
