comms_cons: 100.8077568000333
finished_reconf: true
global_termination_time: 1031202.721
local_termination_time: 231475.94836000007
node_cons: 21216.68580000004
tot_aggregated_send: 14036
tot_msg_rcv: 459
tot_msg_sent: 829
tot_reconf_duration: 5.1
tot_sleeping_duration: 1015362.721
tot_uptimes: 265
tot_uptimes_duration: 15840.0
