comms_cons: 100.97098239791703
finished_reconf: true
global_termination_time: 1030182.779
local_termination_time: 219578.37136000005
node_cons: 21133.62702896686
tot_aggregated_send: 12586
tot_msg_rcv: 1008
tot_msg_sent: 1753
tot_reconf_duration: 3.05
tot_sleeping_duration: 1014402.7303599949
tot_uptimes: 264
tot_uptimes_duration: 15780.048640005116
