comms_cons: 101.90362239513935
finished_reconf: true
global_termination_time: 1030139.293
local_termination_time: 238917.4801600003
node_cons: 21140.063983364296
tot_aggregated_send: 12354
tot_msg_rcv: 1213
tot_msg_sent: 1921
tot_reconf_duration: 7.819999999999999
tot_sleeping_duration: 1014359.2747599967
tot_uptimes: 264
tot_uptimes_duration: 15780.018240003206
