comms_cons: 100.74716799772352
finished_reconf: true
global_termination_time: 1030527.682
local_termination_time: 274359.61436000007
node_cons: 21144.78712112146
tot_aggregated_send: 14384
tot_msg_rcv: 355
tot_msg_sent: 573
tot_reconf_duration: 11.31
tot_sleeping_duration: 1014747.6759199989
tot_uptimes: 264
tot_uptimes_duration: 15780.006080001069
