comms_cons: 130.28793598325012
finished_reconf: true
global_termination_time: 663440.818
local_termination_time: 73.06204
node_cons: 13585.99638111685
tot_aggregated_send: 0
tot_msg_rcv: 9995
tot_msg_sent: 9805
tot_reconf_duration: 6.279999999999999
tot_sleeping_duration: 653300.8119200023
tot_uptimes: 170
tot_uptimes_duration: 10140.006079997635
