comms_cons: 66.15163520036447
finished_reconf: true
global_termination_time: 662548.579
local_termination_time: 100712.43447999997
node_cons: 13584.85836336204
tot_aggregated_send: 9338
tot_msg_rcv: 252
tot_msg_sent: 465
tot_reconf_duration: 5.43
tot_sleeping_duration: 652408.5607599985
tot_uptimes: 170
tot_uptimes_duration: 10140.018240001504
