comms_cons: 131.21955198503719
finished_reconf: true
global_termination_time: 662183.868
local_termination_time: 1848.8223600000001
node_cons: 13598.29986112145
tot_aggregated_send: 0
tot_msg_rcv: 10147
tot_msg_sent: 9796
tot_reconf_duration: 15.34
tot_sleeping_duration: 652043.8619199989
tot_uptimes: 170
tot_uptimes_duration: 10140.006080001069
