comms_cons: 210.8839231863709
finished_reconf: true
global_termination_time: 2137235.168
local_termination_time: 266706.52572000056
node_cons: 43952.979070058806
tot_aggregated_send: 29232
tot_msg_rcv: 955
tot_msg_sent: 1866
tot_reconf_duration: 5.1
tot_sleeping_duration: 2104415.1132800155
tot_uptimes: 548
tot_uptimes_duration: 32820.05471998452
