comms_cons: 214.93553918253738
finished_reconf: true
global_termination_time: 2134619.7491199966
local_termination_time: 519.3603999999985
node_cons: 43938.660328693986
tot_aggregated_send: 29638
tot_msg_rcv: 1116
tot_msg_sent: 1914
tot_reconf_duration: 25.299999999999997
tot_sleeping_duration: 2101830.874640016
tot_uptimes: 547
tot_uptimes_duration: 32788.87447998089
