comms_cons: 207.57375998976727
finished_reconf: true
global_termination_time: 2134744.27
local_termination_time: 1577097.6233199986
node_cons: 43881.02340335014
tot_aggregated_send: 29580
tot_msg_rcv: 592
tot_msg_sent: 1378
tot_reconf_duration: 11.31
tot_sleeping_duration: 2101984.251760007
tot_uptimes: 547
tot_uptimes_duration: 32760.018239992904
