comms_cons: 207.26453759083918
finished_reconf: true
global_termination_time: 2137548.819
local_termination_time: 1102284.157999998
node_cons: 43953.37836334997
tot_aggregated_send: 29870
tot_msg_rcv: 513
tot_msg_sent: 1120
tot_reconf_duration: 5.43
tot_sleeping_duration: 2104728.8007600075
tot_uptimes: 548
tot_uptimes_duration: 32820.0182399929
