comms_cons: 1.4145279999974385
finished_reconf: true
global_termination_time: 12151.613
local_termination_time: 7032.9403600000005
node_cons: 275.37740000000025
tot_aggregated_send: 0
tot_msg_rcv: 121
tot_msg_sent: 94
tot_reconf_duration: 25.299999999999997
tot_sleeping_duration: 11971.613
tot_uptimes: 4
tot_uptimes_duration: 180.0
