comms_cons: 1.4737407999951315
finished_reconf: true
global_termination_time: 16042.383
local_termination_time: 7159.5073600000005
node_cons: 339.24486000000013
tot_aggregated_send: 0
tot_msg_rcv: 118
tot_msg_sent: 106
tot_reconf_duration: 13.17
tot_sleeping_duration: 15802.383
tot_uptimes: 5
tot_uptimes_duration: 240.0
