comms_cons: 2.2961407999950083
finished_reconf: true
global_termination_time: 17702.641
local_termination_time: 6964.82736
node_cons: 328.7339400000004
tot_aggregated_send: 0
tot_msg_rcv: 178
tot_msg_sent: 171
tot_reconf_duration: 5.43
tot_sleeping_duration: 17462.641
tot_uptimes: 5
tot_uptimes_duration: 240.0
