comms_cons: 135.7630463931782
finished_reconf: true
global_termination_time: 1351192.965
local_termination_time: 112386.73163999977
node_cons: 27815.58184783166
tot_aggregated_send: 18966
tot_msg_rcv: 570
tot_msg_sent: 1100
tot_reconf_duration: 13.17
tot_sleeping_duration: 1330432.9224400064
tot_uptimes: 347
tot_uptimes_duration: 20760.042559993744
