comms_cons: 133.5959999937614
finished_reconf: true
global_termination_time: 1350440.577
local_termination_time: 534405.3413199986
node_cons: 27723.286043350556
tot_aggregated_send: 18676
tot_msg_rcv: 556
tot_msg_sent: 1073
tot_reconf_duration: 4.390000000000001
tot_sleeping_duration: 1329740.5587600071
tot_uptimes: 346
tot_uptimes_duration: 20700.018239992904
