comms_cons: 290.38102379204594
finished_reconf: true
global_termination_time: 1476523.6116
local_termination_time: 1086.4500400000015
node_cons: 30413.810328399908
tot_aggregated_send: 0
tot_msg_rcv: 22215
tot_msg_sent: 21924
tot_reconf_duration: 18.21
tot_sleeping_duration: 1453828.256
tot_uptimes: 379
tot_uptimes_duration: 22695.355599999893
