comms_cons: 149.28193918939516
finished_reconf: true
global_termination_time: 1478404.537
local_termination_time: 620437.1203599998
node_cons: 30389.40870781783
tot_aggregated_send: 20358
tot_msg_rcv: 771
tot_msg_sent: 1560
tot_reconf_duration: 15.34
tot_sleeping_duration: 1455724.4944400166
tot_uptimes: 379
tot_uptimes_duration: 22680.04255998344
