comms_cons: 148.54517759318514
finished_reconf: true
global_termination_time: 1482585.203
local_termination_time: 679017.7003599999
node_cons: 30459.495842233802
tot_aggregated_send: 20880
tot_msg_rcv: 624
tot_msg_sent: 1074
tot_reconf_duration: 7.819999999999999
tot_sleeping_duration: 1459845.1908400047
tot_uptimes: 380
tot_uptimes_duration: 22740.01215999527
