comms_cons: 89.77468799884687
finished_reconf: true
global_termination_time: 895127.057
local_termination_time: 389818.35848000005
node_cons: 18406.32304223825
tot_aggregated_send: 12180
tot_msg_rcv: 524
tot_msg_sent: 941
tot_reconf_duration: 6.22
tot_sleeping_duration: 881387.0448400014
tot_uptimes: 230
tot_uptimes_duration: 13740.012159998703
