comms_cons: 89.0494719991345
finished_reconf: true
global_termination_time: 891827.56024
local_termination_time: 94268.96755999987
node_cons: 18353.28309048153
tot_aggregated_send: 12586
tot_msg_rcv: 371
tot_msg_sent: 577
tot_reconf_duration: 11.31
tot_sleeping_duration: 878132.321919999
tot_uptimes: 229
tot_uptimes_duration: 13695.23832000111
