comms_cons: 135.5380991966677
finished_reconf: true
global_termination_time: 1372215.30424
local_termination_time: 47686.46392000005
node_cons: 28243.14532383661
tot_aggregated_send: 19604
tot_msg_rcv: 343
tot_msg_sent: 653
tot_reconf_duration: 18.21
tot_sleeping_duration: 1351141.0576800024
tot_uptimes: 352
tot_uptimes_duration: 21074.24655999744
