comms_cons: 11.243852799944705
finished_reconf: true
global_termination_time: 111820.657
local_termination_time: 26877.52444
node_cons: 2256.051980000001
tot_aggregated_send: 1508
tot_msg_rcv: 89
tot_msg_sent: 112
tot_reconf_duration: 4.8100000000000005
tot_sleeping_duration: 110140.657
tot_uptimes: 29
tot_uptimes_duration: 1680.0
