comms_cons: 95.65990399636712
finished_reconf: true
global_termination_time: 110698.83063999949
local_termination_time: 110698.7895199995
node_cons: 10988.871998919965
tot_aggregated_send: 0
tot_msg_rcv: 6641
tot_msg_sent: 7898
tot_reconf_duration: 24.59
tot_sleeping_duration: 102516.99435999952
tot_uptimes: 131
tot_uptimes_duration: 8181.836279999972
