comms_cons: 11.454387200062756
finished_reconf: true
global_termination_time: 115917.104
local_termination_time: 40365.78372000002
node_cons: 2345.227121120288
tot_aggregated_send: 1508
tot_msg_rcv: 68
tot_msg_sent: 165
tot_reconf_duration: 11.31
tot_sleeping_duration: 114177.0979199998
tot_uptimes: 30
tot_uptimes_duration: 1740.0060800002175
