comms_cons: 489.70438398608457
finished_reconf: true
global_termination_time: 2487052.918
local_termination_time: 2425.23136
node_cons: 51120.97732111609
tot_aggregated_send: 0
tot_msg_rcv: 37550
tot_msg_sent: 36880
tot_reconf_duration: 18.21
tot_sleeping_duration: 2448892.9119200027
tot_uptimes: 637
tot_uptimes_duration: 38160.006079997635
