comms_cons: 250.8350783931394
finished_reconf: true
global_termination_time: 2484163.098
local_termination_time: 165659.9347600009
node_cons: 51151.773095822915
tot_aggregated_send: 34568
tot_msg_rcv: 1234
tot_msg_sent: 2323
tot_reconf_duration: 25.299999999999997
tot_sleeping_duration: 2445987.2834400125
tot_uptimes: 637
tot_uptimes_duration: 38175.814559987775
