comms_cons: 239.89736959053866
finished_reconf: true
global_termination_time: 2485546.1
local_termination_time: 1298024.4244799998
node_cons: 51103.63022223284
tot_aggregated_send: 34568
tot_msg_rcv: 558
tot_msg_sent: 1337
tot_reconf_duration: 5.43
tot_sleeping_duration: 2447386.087840005
tot_uptimes: 637
tot_uptimes_duration: 38160.01215999527
