comms_cons: 383.54104324391125
finished_reconf: true
global_termination_time: 3829655.427
local_termination_time: 194243.39936000007
node_cons: 78767.63067005083
tot_aggregated_send: 53766
tot_msg_rcv: 1469
tot_msg_sent: 3061
tot_reconf_duration: 25.299999999999997
tot_sleeping_duration: 3770855.3722800207
tot_uptimes: 981
tot_uptimes_duration: 58800.05471997964
