comms_cons: 351.638502408803
finished_reconf: true
global_termination_time: 3596118.944
local_termination_time: 2417615.85696
node_cons: 73947.18996446599
tot_aggregated_send: 49822
tot_msg_rcv: 1142
tot_msg_sent: 2483
tot_reconf_duration: 25.299999999999997
tot_sleeping_duration: 3540918.919680009
tot_uptimes: 921
tot_uptimes_duration: 55200.024319991004
