comms_cons: 353.3673344054486
finished_reconf: true
global_termination_time: 3596024.133
local_termination_time: 2132834.6281999988
node_cons: 73917.00706334919
tot_aggregated_send: 50054
tot_msg_rcv: 1213
tot_msg_sent: 2443
tot_reconf_duration: 3.08
tot_sleeping_duration: 3540824.114760007
tot_uptimes: 921
tot_uptimes_duration: 55200.01823999314
