comms_cons: 359.52833282168945
finished_reconf: true
global_termination_time: 3595706.416
local_termination_time: 1780733.8163599998
node_cons: 73925.6462413401
tot_aggregated_send: 49880
tot_msg_rcv: 1748
tot_msg_sent: 3019
tot_reconf_duration: 9.42
tot_sleeping_duration: 3540506.3757600137
tot_uptimes: 921
tot_uptimes_duration: 55200.0402399865
