comms_cons: 361.85312645342333
finished_reconf: true
global_termination_time: 3593454.407
local_termination_time: 326345.73036000005
node_cons: 73919.41339117705
tot_aggregated_send: 50054
tot_msg_rcv: 1628
tot_msg_sent: 3318
tot_reconf_duration: 4.8100000000000005
tot_sleeping_duration: 3538254.346200016
tot_uptimes: 921
tot_uptimes_duration: 55200.060799984145
