comms_cons: 413.26723843654
finished_reconf: true
global_termination_time: 4213141.63
local_termination_time: 2140269.0293599996
node_cons: 86637.29498223157
tot_aggregated_send: 58232
tot_msg_rcv: 1448
tot_msg_sent: 3134
tot_reconf_duration: 22.65
tot_sleeping_duration: 4148461.6178400046
tot_uptimes: 1079
tot_uptimes_duration: 64680.0121599955
