comms_cons: 428.61542409588094
finished_reconf: true
global_termination_time: 4212524.75
local_termination_time: 511993.3793600001
node_cons: 86610.79219228384
tot_aggregated_send: 57652
tot_msg_rcv: 2612
tot_msg_sent: 4883
tot_reconf_duration: 3.08
tot_sleeping_duration: 4147844.6831200253
tot_uptimes: 1079
tot_uptimes_duration: 64680.06687997468
