comms_cons: 426.11019529696586
finished_reconf: true
global_termination_time: 4211749.238
local_termination_time: 1335845.2010000001
node_cons: 86633.24956765969
tot_aggregated_send: 58053
tot_msg_rcv: 2241
tot_msg_sent: 4471
tot_reconf_duration: 12.629999999999999
tot_sleeping_duration: 4147062.0848800135
tot_uptimes: 1079
tot_uptimes_duration: 64687.15311998641
