comms_cons: 421.8319872315591
finished_reconf: true
global_termination_time: 4212758.714
local_termination_time: 403151.8023600001
node_cons: 86627.42499005479
tot_aggregated_send: 58696
tot_msg_rcv: 1824
tot_msg_sent: 3596
tot_reconf_duration: 15.34
tot_sleeping_duration: 4148078.659280017
tot_uptimes: 1079
tot_uptimes_duration: 64680.05471998284
