comms_cons: 270.1353727823274
finished_reconf: true
global_termination_time: 2755278.52
local_termination_time: 592911.8295999997
node_cons: 56664.478026699966
tot_aggregated_send: 38048
tot_msg_rcv: 1159
tot_msg_sent: 1852
tot_reconf_duration: 18.21
tot_sleeping_duration: 2712978.483520014
tot_uptimes: 706
tot_uptimes_duration: 42300.03647998581
