comms_cons: 270.09825919255417
finished_reconf: true
global_termination_time: 2754551.806
local_termination_time: 1261809.7073600001
node_cons: 56656.851539999174
tot_aggregated_send: 39556
tot_msg_rcv: 414
tot_msg_sent: 1083
tot_reconf_duration: 12.629999999999999
tot_sleeping_duration: 2712251.806
tot_uptimes: 706
tot_uptimes_duration: 42300.0
