comms_cons: 270.0583039815132
finished_reconf: true
global_termination_time: 2756530.971
local_termination_time: 1143325.47336
node_cons: 56648.228171167306
tot_aggregated_send: 37526
tot_msg_rcv: 1074
tot_msg_sent: 2449
tot_reconf_duration: 6.22
tot_sleeping_duration: 2714230.9102000236
tot_uptimes: 706
tot_uptimes_duration: 42300.060799976345
