comms_cons: 16.833356799531394
finished_reconf: true
global_termination_time: 134175.1974800005
local_termination_time: 134175.1563600005
node_cons: 2850.3949274367483
tot_aggregated_send: 1043
tot_msg_rcv: 584
tot_msg_sent: 931
tot_reconf_duration: 50.04
tot_sleeping_duration: 132097.19852000294
tot_uptimes: 35
tot_uptimes_duration: 2077.9989599975597
