comms_cons: 141.48632319623349
finished_reconf: true
global_termination_time: 1427208.818
local_termination_time: 268825.7743600001
node_cons: 29328.24190000011
tot_aggregated_send: 20648
tot_msg_rcv: 336
tot_msg_sent: 522
tot_reconf_duration: 3.05
tot_sleeping_duration: 1405308.818
tot_uptimes: 366
tot_uptimes_duration: 21900.0
