comms_cons: 218.7978751944819
finished_reconf: true
global_termination_time: 2211451.1604799987
local_termination_time: 2211451.1193599985
node_cons: 45559.38604295583
tot_aggregated_send: 32002
tot_msg_rcv: 408
tot_msg_sent: 845
tot_reconf_duration: 24.59
tot_sleeping_duration: 2177451.1658400013
tot_uptimes: 567
tot_uptimes_duration: 33999.99463999749
