comms_cons: 226.60742398706736
finished_reconf: true
global_termination_time: 2214137.121
local_termination_time: 1296001.014639998
node_cons: 45563.45654782201
tot_aggregated_send: 30044
tot_msg_rcv: 1551
tot_msg_sent: 2848
tot_reconf_duration: 7.819999999999999
tot_sleeping_duration: 2180117.078440013
tot_uptimes: 568
tot_uptimes_duration: 34020.042559986876
