comms_cons: 2.677734399991151
finished_reconf: true
global_termination_time: 16357.952
local_termination_time: 6009.81236
node_cons: 328.93220112000586
tot_aggregated_send: 0
tot_msg_rcv: 235
tot_msg_sent: 172
tot_reconf_duration: 5.57
tot_sleeping_duration: 16117.945919999995
tot_uptimes: 5
tot_uptimes_duration: 240.00608000000466
