comms_cons: 253.73607039256987
finished_reconf: true
global_termination_time: 2541788.186239997
local_termination_time: 142839.18248000008
node_cons: 52259.345958289894
tot_aggregated_send: 35322
tot_msg_rcv: 920
tot_msg_sent: 2325
tot_reconf_duration: 13.17
tot_sleeping_duration: 2502772.905360019
tot_uptimes: 651
tot_uptimes_duration: 39015.28087997809
