comms_cons: 251.114905588006
finished_reconf: true
global_termination_time: 2545668.561
local_termination_time: 785451.4929599988
node_cons: 52307.920826700436
tot_aggregated_send: 36134
tot_msg_rcv: 692
tot_msg_sent: 1342
tot_reconf_duration: 4.8100000000000005
tot_sleeping_duration: 2506608.524520014
tot_uptimes: 652
tot_uptimes_duration: 39060.03647998592
