comms_cons: 250.06943998880607
finished_reconf: true
global_termination_time: 2544341.552
local_termination_time: 880592.1237599981
node_cons: 52307.34232558339
tot_aggregated_send: 35786
tot_msg_rcv: 709
tot_msg_sent: 1515
tot_reconf_duration: 4.390000000000001
tot_sleeping_duration: 2505281.521600012
tot_uptimes: 652
tot_uptimes_duration: 39060.03039998817
