comms_cons: 254.1814399817337
finished_reconf: true
global_termination_time: 2544371.829
local_termination_time: 1764480.7095599985
node_cons: 52316.70712111612
tot_aggregated_send: 35264
tot_msg_rcv: 1230
tot_msg_sent: 2141
tot_reconf_duration: 11.31
tot_sleeping_duration: 2505311.8229200025
tot_uptimes: 652
tot_uptimes_duration: 39060.006079997635
