comms_cons: 91.9712639967724
finished_reconf: true
global_termination_time: 912878.31224
local_termination_time: 10151.520880000005
node_cons: 18746.147949360085
tot_aggregated_send: 12644
tot_msg_rcv: 514
tot_msg_sent: 821
tot_reconf_duration: 4.8100000000000005
tot_sleeping_duration: 898883.08
tot_uptimes: 234
tot_uptimes_duration: 13995.232240000041
