comms_cons: 92.03705599323402
finished_reconf: true
global_termination_time: 914957.467
local_termination_time: 408459.43036
node_cons: 18805.5297611168
tot_aggregated_send: 12702
tot_msg_rcv: 529
tot_msg_sent: 758
tot_reconf_duration: 4.390000000000001
tot_sleeping_duration: 900917.4609200023
tot_uptimes: 235
tot_uptimes_duration: 14040.006079997635
