comms_cons: 0.6513407999996523
finished_reconf: true
global_termination_time: 6304.101
local_termination_time: 597.8758399999974
node_cons: 111.09869999999997
tot_aggregated_send: 0
tot_msg_rcv: 62
tot_msg_sent: 37
tot_reconf_duration: 22.65
tot_sleeping_duration: 6244.101
tot_uptimes: 2
tot_uptimes_duration: 60.0
