comms_cons: 0.7039744000001884
finished_reconf: true
global_termination_time: 6755.256
local_termination_time: 995.6033599999998
node_cons: 96.50019999999998
tot_aggregated_send: 0
tot_msg_rcv: 60
tot_msg_sent: 47
tot_reconf_duration: 11.899999999999999
tot_sleeping_duration: 6695.256
tot_uptimes: 2
tot_uptimes_duration: 60.0
