comms_cons: 403.32217585999535
finished_reconf: true
global_termination_time: 833782.3955999998
local_termination_time: 833782.3544799999
node_cons: 50772.84525083635
tot_aggregated_send: 0
tot_msg_rcv: 24702
tot_msg_sent: 36598
tot_reconf_duration: 37.410000000000004
tot_sleeping_duration: 795901.856040002
tot_uptimes: 626
tot_uptimes_duration: 37880.539559997786
