comms_cons: 82.70054399904157
finished_reconf: true
global_termination_time: 836284.608
local_termination_time: 94035.49435999997
node_cons: 17199.685800000032
tot_aggregated_send: 12006
tot_msg_rcv: 162
tot_msg_sent: 402
tot_reconf_duration: 5.1
tot_sleeping_duration: 823444.608
tot_uptimes: 215
tot_uptimes_duration: 12840.0
