comms_cons: 83.49662719813138
finished_reconf: true
global_termination_time: 838054.558
local_termination_time: 491017.9508400002
node_cons: 17203.74622000006
tot_aggregated_send: 11948
tot_msg_rcv: 286
tot_msg_sent: 457
tot_reconf_duration: 8.09
tot_sleeping_duration: 825214.558
tot_uptimes: 215
tot_uptimes_duration: 12840.0
