comms_cons: 84.7861503968839
finished_reconf: true
global_termination_time: 838863.361
local_termination_time: 280503.0108400005
node_cons: 17218.15459999996
tot_aggregated_send: 11658
tot_msg_rcv: 492
tot_msg_sent: 737
tot_reconf_duration: 18.700000000000003
tot_sleeping_duration: 826023.361
tot_uptimes: 215
tot_uptimes_duration: 12840.0
