comms_cons: 85.74502399705449
finished_reconf: true
global_termination_time: 834515.131
local_termination_time: 192876.09136000005
node_cons: 17120.899324476475
tot_aggregated_send: 11136
tot_msg_rcv: 674
tot_msg_sent: 1223
tot_reconf_duration: 6.22
tot_sleeping_duration: 821735.1066800026
tot_uptimes: 214
tot_uptimes_duration: 12780.024319997348
