comms_cons: 86.94260479403182
finished_reconf: true
global_termination_time: 839201.133
local_termination_time: 261338.53536000004
node_cons: 17200.166504471945
tot_aggregated_send: 11194
tot_msg_rcv: 797
tot_msg_sent: 1223
tot_reconf_duration: 5.43
tot_sleeping_duration: 826361.108680006
tot_uptimes: 215
tot_uptimes_duration: 12840.024319993972
