comms_cons: 99.35907841463248
finished_reconf: true
global_termination_time: 506082.376
local_termination_time: 225103.3519200007
node_cons: 10368.02632336429
tot_aggregated_send: 0
tot_msg_rcv: 7641
tot_msg_sent: 7461
tot_reconf_duration: 3.05
tot_sleeping_duration: 498342.3577599968
tot_uptimes: 130
tot_uptimes_duration: 7740.018240003208
