comms_cons: 51.52296960133625
finished_reconf: true
global_termination_time: 501508.119
local_termination_time: 279624.82936000003
node_cons: 10290.918363364295
tot_aggregated_send: 6612
tot_msg_rcv: 408
tot_msg_sent: 812
tot_reconf_duration: 5.43
tot_sleeping_duration: 493828.1007599968
tot_uptimes: 129
tot_uptimes_duration: 7680.018240003206
