comms_cons: 166.44515837833416
finished_reconf: true
global_termination_time: 1619579.211
local_termination_time: 756823.2394799998
node_cons: 33281.67313116831
tot_aggregated_send: 21518
tot_msg_rcv: 1285
tot_msg_sent: 2495
tot_reconf_duration: 15.34
tot_sleeping_duration: 1594739.1502000235
tot_uptimes: 415
tot_uptimes_duration: 24840.060799976345
