comms_cons: 161.204185592723
finished_reconf: true
global_termination_time: 1618851.707
local_termination_time: 565853.946
node_cons: 33277.75596303732
tot_aggregated_send: 23314
tot_msg_rcv: 496
tot_msg_sent: 693
tot_reconf_duration: 9.42
tot_sleeping_duration: 1594008.567640002
tot_uptimes: 415
tot_uptimes_duration: 24843.139359997935
