comms_cons: 32.21959680049894
finished_reconf: true
global_termination_time: 316866.489
local_termination_time: 286808.8613600001
node_cons: 6532.269180000036
tot_aggregated_send: 4350
tot_msg_rcv: 215
tot_msg_sent: 333
tot_reconf_duration: 18.21
tot_sleeping_duration: 312006.489
tot_uptimes: 82
tot_uptimes_duration: 4860.0
