comms_cons: 63.46725120600076
finished_reconf: true
global_termination_time: 317035.712
local_termination_time: 1971.6413600000003
node_cons: 6514.473941121438
tot_aggregated_send: 0
tot_msg_rcv: 4942
tot_msg_sent: 4703
tot_reconf_duration: 5.1
tot_sleeping_duration: 312175.70591999893
tot_uptimes: 82
tot_uptimes_duration: 4860.006080001069
