comms_cons: 188.8368255817923
finished_reconf: true
global_termination_time: 1868432.008
local_termination_time: 401099.8943600001
node_cons: 38423.4168489345
tot_aggregated_send: 25520
tot_msg_rcv: 981
tot_msg_sent: 2202
tot_reconf_duration: 15.34
tot_sleeping_duration: 1839751.9593600188
tot_uptimes: 479
tot_uptimes_duration: 28680.048639981076
