comms_cons: 191.98396798169367
finished_reconf: true
global_termination_time: 1868027.921
local_termination_time: 13287.81072
node_cons: 38413.19654782683
tot_aggregated_send: 25172
tot_msg_rcv: 1450
tot_msg_sent: 2559
tot_reconf_duration: 7.819999999999999
tot_sleeping_duration: 1839347.87844001
tot_uptimes: 479
tot_uptimes_duration: 28680.04255999031
