comms_cons: 189.5916927795341
finished_reconf: true
global_termination_time: 1868242.932
local_termination_time: 286371.7565200008
node_cons: 38411.02374782219
tot_aggregated_send: 25172
tot_msg_rcv: 1217
tot_msg_sent: 2429
tot_reconf_duration: 6.22
tot_sleeping_duration: 1839562.889440013
tot_uptimes: 479
tot_uptimes_duration: 28680.042559986876
