comms_cons: 225.96920317965788
finished_reconf: true
global_termination_time: 2259740.441
local_termination_time: 1326014.2159599997
node_cons: 46461.2736033499
tot_aggregated_send: 31262
tot_msg_rcv: 1110
tot_msg_sent: 1974
tot_reconf_duration: 18.21
tot_sleeping_duration: 2225060.422760007
tot_uptimes: 579
tot_uptimes_duration: 34680.0182399929
