comms_cons: 230.52815996765025
finished_reconf: true
global_termination_time: 2257737.793
local_termination_time: 1574402.0514399996
node_cons: 46447.180265583724
tot_aggregated_send: 30044
tot_msg_rcv: 1798
tot_msg_sent: 3196
tot_reconf_duration: 7.819999999999999
tot_sleeping_duration: 2223057.762600012
tot_uptimes: 579
tot_uptimes_duration: 34680.03039998817
