comms_cons: 224.5683071900351
finished_reconf: true
global_termination_time: 2256043.3412399935
local_termination_time: 110709.53023999945
node_cons: 46420.252978303324
tot_aggregated_send: 31610
tot_msg_rcv: 775
tot_msg_sent: 1748
tot_reconf_duration: 11.31
tot_sleeping_duration: 2221386.9603600055
tot_uptimes: 578
tot_uptimes_duration: 34656.38087998793
