comms_cons: 1.6818687999984745
finished_reconf: true
global_termination_time: 14661.388
local_termination_time: 6870.312360000001
node_cons: 248.3939400000004
tot_aggregated_send: 0
tot_msg_rcv: 139
tot_msg_sent: 116
tot_reconf_duration: 5.43
tot_sleeping_duration: 14481.388
tot_uptimes: 4
tot_uptimes_duration: 180.0
