comms_cons: 47.391232000757654
finished_reconf: true
global_termination_time: 464016.163
local_termination_time: 237753.4695600007
node_cons: 9518.808690082404
tot_aggregated_send: 6148
tot_msg_rcv: 376
tot_msg_sent: 680
tot_reconf_duration: 25.299999999999997
tot_sleeping_duration: 456932.92827999825
tot_uptimes: 119
tot_uptimes_duration: 7083.234720001768
