comms_cons: 46.751795201037055
finished_reconf: true
global_termination_time: 463822.836
local_termination_time: 217800.03864000042
node_cons: 9486.097902242893
tot_aggregated_send: 6264
tot_msg_rcv: 264
tot_msg_sent: 578
tot_reconf_duration: 4.390000000000001
tot_sleeping_duration: 456742.8238399979
tot_uptimes: 119
tot_uptimes_duration: 7080.0121600021375
