comms_cons: 572.0500736708416
finished_reconf: true
global_termination_time: 5859316.246
local_termination_time: 3520202.9086399996
node_cons: 120516.93394111322
tot_aggregated_send: 81722
tot_msg_rcv: 1800
tot_msg_sent: 3426
tot_reconf_duration: 5.1
tot_sleeping_duration: 5769316.239920002
tot_uptimes: 1501
tot_uptimes_duration: 90000.00607999763
