comms_cons: 580.8962945086976
finished_reconf: true
global_termination_time: 5863934.569
local_termination_time: 848260.3509199994
node_cons: 120596.38303117105
tot_aggregated_send: 81258
tot_msg_rcv: 2326
tot_msg_sent: 4707
tot_reconf_duration: 4.390000000000001
tot_sleeping_duration: 5773874.50820002
tot_uptimes: 1502
tot_uptimes_duration: 90060.06079998118
