comms_cons: 579.8152768894741
finished_reconf: true
global_termination_time: 5861550.952
local_termination_time: 920356.43
node_cons: 120595.25643112134
tot_aggregated_send: 81026
tot_msg_rcv: 2332
tot_msg_sent: 4769
tot_reconf_duration: 3.05
tot_sleeping_duration: 5771490.373560025
tot_uptimes: 1502
tot_uptimes_duration: 90060.57843997388
