comms_cons: 579.8923072715617
finished_reconf: true
global_termination_time: 5861912.347
local_termination_time: 3010059.810839999
node_cons: 120597.74650446473
tot_aggregated_send: 81780
tot_msg_rcv: 2161
tot_msg_sent: 4198
tot_reconf_duration: 5.43
tot_sleeping_duration: 5771852.322680009
tot_uptimes: 1502
tot_uptimes_duration: 90060.02431999124
