comms_cons: 119.9059199973327
finished_reconf: true
global_termination_time: 1210079.589
local_termination_time: 128080.02271999966
node_cons: 24829.201900000022
tot_aggregated_send: 17400
tot_msg_rcv: 305
tot_msg_sent: 520
tot_reconf_duration: 3.05
tot_sleeping_duration: 1191539.589
tot_uptimes: 310
tot_uptimes_duration: 18540.0
