comms_cons: 128.23854079364432
finished_reconf: true
global_termination_time: 1335938.493
local_termination_time: 5602.003
node_cons: 27491.18810335514
tot_aggregated_send: 18085
tot_msg_rcv: 527
tot_msg_sent: 879
tot_reconf_duration: 10.96
tot_sleeping_duration: 1315418.4747600036
tot_uptimes: 343
tot_uptimes_duration: 20520.018239996338
