comms_cons: 127.43973119356167
finished_reconf: true
global_termination_time: 1338160.202
local_termination_time: 4724.967
node_cons: 27485.967910069925
tot_aggregated_send: 17450
tot_msg_rcv: 653
tot_msg_sent: 1268
tot_reconf_duration: 7.08
tot_sleeping_duration: 1317640.1472800076
tot_uptimes: 343
tot_uptimes_duration: 20520.054719992448
