comms_cons: 1.5329535999949357
finished_reconf: true
global_termination_time: 9249.792240000008
local_termination_time: 6424.36736
node_cons: 212.9964393600092
tot_aggregated_send: 0
tot_msg_rcv: 120
tot_msg_sent: 113
tot_reconf_duration: 5.57
tot_sleeping_duration: 9096.37
tot_uptimes: 3
tot_uptimes_duration: 153.42224000000715
