comms_cons: 161.787609590373
finished_reconf: true
global_termination_time: 1610695.597
local_termination_time: 586252.1243599999
node_cons: 33211.20312335056
tot_aggregated_send: 22736
tot_msg_rcv: 652
tot_msg_sent: 1202
tot_reconf_duration: 22.65
tot_sleeping_duration: 1585915.5787600072
tot_uptimes: 413
tot_uptimes_duration: 24780.018239992904
