comms_cons: 162.13122558807547
finished_reconf: true
global_termination_time: 1616126.963
local_termination_time: 774339.8972799992
node_cons: 33188.00848335046
tot_aggregated_send: 22562
tot_msg_rcv: 689
tot_msg_sent: 1392
tot_reconf_duration: 5.57
tot_sleeping_duration: 1591346.944760007
tot_uptimes: 414
tot_uptimes_duration: 24780.018239992904
