comms_cons: 163.42732798540828
finished_reconf: true
global_termination_time: 1611566.821
local_termination_time: 494336.88364000036
node_cons: 33106.08232558414
tot_aggregated_send: 22156
tot_msg_rcv: 939
tot_msg_sent: 1745
tot_reconf_duration: 4.390000000000001
tot_sleeping_duration: 1586846.7906000118
tot_uptimes: 413
tot_uptimes_duration: 24720.030399988173
