comms_cons: 760.810815430267
finished_reconf: true
global_termination_time: 1759801.942
local_termination_time: 565915.3081199989
node_cons: 106481.76366063645
tot_aggregated_send: 0
tot_msg_rcv: 46837
tot_msg_sent: 68802
tot_reconf_duration: 18.21
tot_sleeping_duration: 1680297.0618800302
tot_uptimes: 1300
tot_uptimes_duration: 79504.88011996972
