comms_cons: 174.59223039341543
finished_reconf: true
global_termination_time: 1757440.2634799997
local_termination_time: 1757440.2223599998
node_cons: 36222.19378431306
tot_aggregated_send: 25262
tot_msg_rcv: 449
tot_msg_sent: 825
tot_reconf_duration: 37.410000000000004
tot_sleeping_duration: 1730426.5286000047
tot_uptimes: 451
tot_uptimes_duration: 27013.73487999488
