comms_cons: 174.32311039451375
finished_reconf: true
global_termination_time: 1758246.825
local_termination_time: 1098524.2349999999
node_cons: 36179.815465113745
tot_aggregated_send: 25401
tot_msg_rcv: 406
tot_msg_sent: 689
tot_reconf_duration: 15.110000000000001
tot_sleeping_duration: 1731242.1229200044
tot_uptimes: 451
tot_uptimes_duration: 27004.702079995535
