comms_cons: 312.00533736822905
finished_reconf: true
global_termination_time: 1759801.942
local_termination_time: 567660.9403599999
node_cons: 36159.60525005607
tot_aggregated_send: 0
tot_msg_rcv: 24015
tot_msg_sent: 23409
tot_reconf_duration: 4.8100000000000005
tot_sleeping_duration: 1732801.8872800178
tot_uptimes: 451
tot_uptimes_duration: 27000.054719982145
