comms_cons: 173.735558394461
finished_reconf: true
global_termination_time: 1759364.964
local_termination_time: 1233651.8984399987
node_cons: 36170.151540000064
tot_aggregated_send: 25230
tot_msg_rcv: 318
tot_msg_sent: 859
tot_reconf_duration: 12.629999999999999
tot_sleeping_duration: 1732364.964
tot_uptimes: 451
tot_uptimes_duration: 27000.0
