comms_cons: 1.8684927999953185
finished_reconf: true
global_termination_time: 11049.971800000003
local_termination_time: 11049.930680000003
node_cons: 280.50940832001095
tot_aggregated_send: 0
tot_msg_rcv: 148
tot_msg_sent: 135
tot_reconf_duration: 37.410000000000004
tot_sleeping_duration: 10878.420919999995
tot_uptimes: 3
tot_uptimes_duration: 171.55088000000796
