comms_cons: 829.2655609504104
finished_reconf: true
global_termination_time: 2070329.568
local_termination_time: 458204.85152000043
node_cons: 125797.76862293587
tot_aggregated_send: 0
tot_msg_rcv: 50866
tot_msg_sent: 75176
tot_reconf_duration: 18.21
tot_sleeping_duration: 1976398.9933600153
tot_uptimes: 1548
tot_uptimes_duration: 93930.57463998483
