comms_cons: 339.59773413560936
finished_reconf: true
global_termination_time: 2071007.54
local_termination_time: 458208.32264000044
node_cons: 42611.03197005575
tot_aggregated_send: 0
tot_msg_rcv: 26170
tot_msg_sent: 25447
tot_reconf_duration: 22.65
tot_sleeping_duration: 2039207.4852800178
tot_uptimes: 531
tot_uptimes_duration: 31800.054719982145
