comms_cons: 76.16739839829744
finished_reconf: true
global_termination_time: 767895.852
local_termination_time: 615306.3023199996
node_cons: 15754.204059999953
tot_aggregated_send: 10788
tot_msg_rcv: 269
tot_msg_sent: 520
tot_reconf_duration: 5.57
tot_sleeping_duration: 756135.852
tot_uptimes: 197
tot_uptimes_duration: 11760.0
