comms_cons: 76.98321919586209
finished_reconf: true
global_termination_time: 765954.428
local_termination_time: 540804.6177599991
node_cons: 15753.188262233762
tot_aggregated_send: 10730
tot_msg_rcv: 335
tot_msg_sent: 636
tot_reconf_duration: 4.8100000000000005
tot_sleeping_duration: 754194.4158400047
tot_uptimes: 197
tot_uptimes_duration: 11760.012159995269
