comms_cons: 79.14547199949405
finished_reconf: true
global_termination_time: 764686.168
local_termination_time: 28159.632800000003
node_cons: 15670.47446448575
tot_aggregated_send: 9918
tot_msg_rcv: 716
tot_msg_sent: 1394
tot_reconf_duration: 3.05
tot_sleeping_duration: 752986.1436799957
tot_uptimes: 196
tot_uptimes_duration: 11700.024320004275
