comms_cons: 78.00481919913952
finished_reconf: true
global_termination_time: 764312.276
local_termination_time: 289273.15336000005
node_cons: 15676.943983364325
tot_aggregated_send: 10208
tot_msg_rcv: 548
tot_msg_sent: 1100
tot_reconf_duration: 7.819999999999999
tot_sleeping_duration: 752612.2577599968
tot_uptimes: 196
tot_uptimes_duration: 11700.018240003206
