comms_cons: 77.62440319667722
finished_reconf: true
global_termination_time: 764238.0851200001
local_termination_time: 24358.27656
node_cons: 15702.008030801571
tot_aggregated_send: 10324
tot_msg_rcv: 519
tot_msg_sent: 955
tot_reconf_duration: 11.31
tot_sleeping_duration: 752522.887919999
tot_uptimes: 196
tot_uptimes_duration: 11715.19720000116
