comms_cons: 300.7569407861831
finished_reconf: true
global_termination_time: 3035662.596
local_termination_time: 1008410.6790799996
node_cons: 62431.792906700015
tot_aggregated_send: 41412
tot_msg_rcv: 1622
tot_msg_sent: 2679
tot_reconf_duration: 5.57
tot_sleeping_duration: 2989042.559520014
tot_uptimes: 778
tot_uptimes_duration: 46620.03647998604
