comms_cons: 298.0094655969624
finished_reconf: true
global_termination_time: 3033299.009
local_termination_time: 895007.59636
node_cons: 62378.197399998826
tot_aggregated_send: 43732
tot_msg_rcv: 541
tot_msg_sent: 1022
tot_reconf_duration: 25.299999999999997
tot_sleeping_duration: 2986739.009
tot_uptimes: 777
tot_uptimes_duration: 46560.0
