comms_cons: 300.5157824116583
finished_reconf: true
global_termination_time: 3031642.627
local_termination_time: 1319168.77736
node_cons: 62354.82621999857
tot_aggregated_send: 44022
tot_msg_rcv: 675
tot_msg_sent: 979
tot_reconf_duration: 8.09
tot_sleeping_duration: 2985082.627
tot_uptimes: 777
tot_uptimes_duration: 46559.99999999977
