comms_cons: 298.90046719923583
finished_reconf: true
global_termination_time: 3033874.413
local_termination_time: 1609340.0923599997
node_cons: 62364.35937999859
tot_aggregated_send: 43906
tot_msg_rcv: 519
tot_msg_sent: 1006
tot_reconf_duration: 15.110000000000001
tot_sleeping_duration: 2987314.413
tot_uptimes: 777
tot_uptimes_duration: 46560.0
