comms_cons: 302.208972818833
finished_reconf: true
global_termination_time: 3031463.117
local_termination_time: 371974.017000001
node_cons: 62348.10401675133
tot_aggregated_send: 40542
tot_msg_rcv: 1659
tot_msg_sent: 3733
tot_reconf_duration: 3.05
tot_sleeping_duration: 2984903.025800036
tot_uptimes: 777
tot_uptimes_duration: 46560.09119996452
