comms_cons: 301.0200191917685
finished_reconf: true
global_termination_time: 3033691.444
local_termination_time: 838250.84436
node_cons: 62352.3600300507
tot_aggregated_send: 41470
tot_msg_rcv: 1304
tot_msg_sent: 2982
tot_reconf_duration: 6.22
tot_sleeping_duration: 2987131.389280021
tot_uptimes: 777
tot_uptimes_duration: 46560.05471997894
