comms_cons: 681.0454657757818
finished_reconf: true
global_termination_time: 6817200.656
local_termination_time: 2169602.2784800003
node_cons: 140201.8933689323
tot_aggregated_send: 94424
tot_msg_rcv: 3167
tot_msg_sent: 5926
tot_reconf_duration: 6.279999999999999
tot_sleeping_duration: 6712500.6073600175
tot_uptimes: 1746
tot_uptimes_duration: 104700.04863998247
