comms_cons: 684.8160641891642
finished_reconf: true
global_termination_time: 6821224.534
local_termination_time: 1009996.4657199988
node_cons: 140277.8551700531
tot_aggregated_send: 94134
tot_msg_rcv: 3327
tot_msg_sent: 6626
tot_reconf_duration: 3.05
tot_sleeping_duration: 6716464.479280016
tot_uptimes: 1747
tot_uptimes_duration: 104760.05471998331
