comms_cons: 686.9597762041092
finished_reconf: true
global_termination_time: 6820987.071
local_termination_time: 1349749.28336
node_cons: 140289.07225004883
tot_aggregated_send: 93438
tot_msg_rcv: 3606
tot_msg_sent: 7370
tot_reconf_duration: 11.31
tot_sleeping_duration: 6716227.01628002
tot_uptimes: 1747
tot_uptimes_duration: 104760.05471998011
