comms_cons: 108.08718079280386
finished_reconf: true
global_termination_time: 1047619.628
local_termination_time: 67455.79347999996
node_cons: 21555.906167831665
tot_aggregated_send: 14152
tot_msg_rcv: 885
tot_msg_sent: 1394
tot_reconf_duration: 18.21
tot_sleeping_duration: 1031539.5854400062
tot_uptimes: 269
tot_uptimes_duration: 16080.042559993744
