comms_cons: 101.92572159942183
finished_reconf: true
global_termination_time: 1049974.078
local_termination_time: 688413.2483599989
node_cons: 21565.485541121525
tot_aggregated_send: 14326
tot_msg_rcv: 430
tot_msg_sent: 736
tot_reconf_duration: 25.299999999999997
tot_sleeping_duration: 1033894.071919999
tot_uptimes: 269
tot_uptimes_duration: 16080.006080001069
