comms_cons: 105.72890879565543
finished_reconf: true
global_termination_time: 1044145.16524
local_termination_time: 141172.46916000036
node_cons: 21475.801481598355
tot_aggregated_send: 14268
tot_msg_rcv: 615
tot_msg_sent: 1186
tot_reconf_duration: 4.390000000000001
tot_sleeping_duration: 1028110.9308400012
tot_uptimes: 268
tot_uptimes_duration: 16034.234399998735
