comms_cons: 104.38621439623843
finished_reconf: true
global_termination_time: 1045950.212
local_termination_time: 315325.52836000005
node_cons: 21461.44840671484
tot_aggregated_send: 13804
tot_msg_rcv: 841
tot_msg_sent: 1222
tot_reconf_duration: 7.819999999999999
tot_sleeping_duration: 1029930.1755200039
tot_uptimes: 268
tot_uptimes_duration: 16020.036479996117
