comms_cons: 805.0769985714767
finished_reconf: true
global_termination_time: 8117005.751
local_termination_time: 2993529.294159998
node_cons: 166980.92624669653
tot_aggregated_send: 112694
tot_msg_rcv: 3478
tot_msg_sent: 6193
tot_reconf_duration: 25.299999999999997
tot_sleeping_duration: 7992325.714520013
tot_uptimes: 2079
tot_uptimes_duration: 124680.03647998697
