comms_cons: 801.7831681874902
finished_reconf: true
global_termination_time: 8115167.045
local_termination_time: 3499397.35156
node_cons: 166967.07194446324
tot_aggregated_send: 112520
tot_msg_rcv: 3122
tot_msg_sent: 6223
tot_reconf_duration: 15.110000000000001
tot_sleeping_duration: 7990487.020680008
tot_uptimes: 2079
tot_uptimes_duration: 124680.02431999147
