comms_cons: 802.4404609883375
finished_reconf: true
global_termination_time: 8115849.448
local_termination_time: 4800963.70848
node_cons: 166959.3449244627
tot_aggregated_send: 112810
tot_msg_rcv: 3281
tot_msg_sent: 5873
tot_reconf_duration: 9.42
tot_sleeping_duration: 7991169.423680008
tot_uptimes: 2079
tot_uptimes_duration: 124680.02431999147
