comms_cons: 793.7474432692615
finished_reconf: true
global_termination_time: 8116884.003
local_termination_time: 5230293.166479999
node_cons: 166962.68019999348
tot_aggregated_send: 116638
tot_msg_rcv: 1390
tot_msg_sent: 2616
tot_reconf_duration: 11.899999999999999
tot_sleeping_duration: 7992204.003
tot_uptimes: 2079
tot_uptimes_duration: 124680.0
