comms_cons: 815.01909143673
finished_reconf: true
global_termination_time: 8115534.193
local_termination_time: 1305144.277759999
node_cons: 166955.04003004753
tot_aggregated_send: 111882
tot_msg_rcv: 4158
tot_msg_sent: 7839
tot_reconf_duration: 6.22
tot_sleeping_duration: 7990854.138280019
tot_uptimes: 2079
tot_uptimes_duration: 124680.05471998011
