comms_cons: 809.5220929759055
finished_reconf: true
global_termination_time: 8117541.718
local_termination_time: 1641426.83236
node_cons: 166953.942786697
tot_aggregated_send: 113100
tot_msg_rcv: 3553
tot_msg_sent: 6389
tot_reconf_duration: 5.43
tot_sleeping_duration: 7992861.681520013
tot_uptimes: 2079
tot_uptimes_duration: 124680.0364799872
