comms_cons: 111.48203519226425
finished_reconf: true
global_termination_time: 1104542.48812
local_termination_time: 93019.48647999995
node_cons: 22682.77731303525
tot_aggregated_send: 14732
tot_msg_rcv: 754
tot_msg_sent: 1459
tot_reconf_duration: 4.8100000000000005
tot_sleeping_duration: 1087607.2787600036
tot_uptimes: 283
tot_uptimes_duration: 16935.20935999643
