comms_cons: 110.22940159570322
finished_reconf: true
global_termination_time: 1105744.58
local_termination_time: 474303.87952000037
node_cons: 22742.197902238237
tot_aggregated_send: 15486
tot_msg_rcv: 436
tot_msg_sent: 832
tot_reconf_duration: 4.390000000000001
tot_sleeping_duration: 1088764.5678400015
tot_uptimes: 284
tot_uptimes_duration: 16980.012159998703
