comms_cons: 320.23271662259776
finished_reconf: true
global_termination_time: 1104542.2890399992
local_termination_time: 1104542.2479199993
node_cons: 44814.17694767998
tot_aggregated_send: 0
tot_msg_rcv: 16372
tot_msg_sent: 32299
tot_reconf_duration: 24.59
tot_sleeping_duration: 1071098.835919999
tot_uptimes: 553
tot_uptimes_duration: 33443.453120000326
