comms_cons: 175.25077759721478
finished_reconf: true
global_termination_time: 1774722.431
local_termination_time: 424446.78436000005
node_cons: 36482.89638112128
tot_aggregated_send: 25694
tot_msg_rcv: 320
tot_msg_sent: 623
tot_reconf_duration: 6.279999999999999
tot_sleeping_duration: 1747482.424919999
tot_uptimes: 455
tot_uptimes_duration: 27240.00608000107
