comms_cons: 174.51985919528656
finished_reconf: true
global_termination_time: 1775333.668
local_termination_time: 872690.2090799985
node_cons: 36481.7339399998
tot_aggregated_send: 25868
tot_msg_rcv: 199
tot_msg_sent: 459
tot_reconf_duration: 5.43
tot_sleeping_duration: 1748093.668
tot_uptimes: 455
tot_uptimes_duration: 27240.0
