comms_cons: 143.6969343664126
finished_reconf: true
global_termination_time: 732610.276
local_termination_time: 361760.9423600001
node_cons: 15027.721900000086
tot_aggregated_send: 0
tot_msg_rcv: 10996
tot_msg_sent: 10846
tot_reconf_duration: 3.05
tot_sleeping_duration: 721390.276
tot_uptimes: 188
tot_uptimes_duration: 11220.0
