comms_cons: 231.2397695901528
finished_reconf: true
global_termination_time: 2325538.685
local_termination_time: 920246.1663599999
node_cons: 47808.87268559283
tot_aggregated_send: 32712
tot_msg_rcv: 847
tot_msg_sent: 1588
tot_reconf_duration: 4.8100000000000005
tot_sleeping_duration: 2289838.6546000047
tot_uptimes: 596
tot_uptimes_duration: 35700.03039999504
