comms_cons: 229.14695678846996
finished_reconf: true
global_termination_time: 2326629.232
local_termination_time: 1100310.3903599998
node_cons: 47808.26976111609
tot_aggregated_send: 32770
tot_msg_rcv: 722
tot_msg_sent: 1337
tot_reconf_duration: 4.390000000000001
tot_sleeping_duration: 2290929.225920002
tot_uptimes: 596
tot_uptimes_duration: 35700.006079997635
