comms_cons: 231.03240317987175
finished_reconf: true
global_termination_time: 2326303.768
local_termination_time: 1584185.313999999
node_cons: 47812.92770111632
tot_aggregated_send: 31726
tot_msg_rcv: 1186
tot_msg_sent: 2203
tot_reconf_duration: 7.819999999999999
tot_sleeping_duration: 2290603.7619200028
tot_uptimes: 596
tot_uptimes_duration: 35700.006079997635
