comms_cons: 388.8492288215744
finished_reconf: true
global_termination_time: 3919291.363
local_termination_time: 2645777.892599999
node_cons: 80601.88428446543
tot_aggregated_send: 53418
tot_msg_rcv: 1945
tot_msg_sent: 3739
tot_reconf_duration: 15.34
tot_sleeping_duration: 3859111.338680009
tot_uptimes: 1004
tot_uptimes_duration: 60180.02431999077
