comms_cons: 392.22434562365515
finished_reconf: true
global_termination_time: 3920068.788
local_termination_time: 2660154.00136
node_cons: 80589.58080446598
tot_aggregated_send: 53708
tot_msg_rcv: 2105
tot_msg_sent: 3803
tot_reconf_duration: 6.279999999999999
tot_sleeping_duration: 3859888.763680009
tot_uptimes: 1004
tot_uptimes_duration: 60180.02431999077
