comms_cons: 393.50288005389683
finished_reconf: true
global_termination_time: 3915369.594
local_termination_time: 373749.04136000003
node_cons: 80507.28525005534
tot_aggregated_send: 54636
tot_msg_rcv: 1973
tot_msg_sent: 3200
tot_reconf_duration: 4.8100000000000005
tot_sleeping_duration: 3855249.539280017
tot_uptimes: 1003
tot_uptimes_duration: 60120.054719983076
