comms_cons: 60.82960639882483
finished_reconf: true
global_termination_time: 620356.441
local_termination_time: 168706.14336000005
node_cons: 12702.248240000015
tot_aggregated_send: 8932
tot_msg_rcv: 86
tot_msg_sent: 228
tot_reconf_duration: 6.279999999999999
tot_sleeping_duration: 610876.441
tot_uptimes: 159
tot_uptimes_duration: 9480.0
