comms_cons: 61.087872000256596
finished_reconf: true
global_termination_time: 621155.773
local_termination_time: 280841.1933600001
node_cons: 12788.930100000034
tot_aggregated_send: 9106
tot_msg_rcv: 73
tot_msg_sent: 106
tot_reconf_duration: 10.95
tot_sleeping_duration: 611615.773
tot_uptimes: 160
tot_uptimes_duration: 9540.0
