comms_cons: 31.712371200446306
finished_reconf: true
global_termination_time: 315554.41748000006
local_termination_time: 315554.37636000005
node_cons: 6478.943518720118
tot_aggregated_send: 4336
tot_msg_rcv: 186
tot_msg_sent: 298
tot_reconf_duration: 24.59
tot_sleeping_duration: 310740.713
tot_uptimes: 81
tot_uptimes_duration: 4813.704480000073
