comms_cons: 805.3716737260738
finished_reconf: true
global_termination_time: 8186612.089
local_termination_time: 2692181.583519998
node_cons: 168396.87148669714
tot_aggregated_send: 112810
tot_msg_rcv: 3390
tot_msg_sent: 6211
tot_reconf_duration: 3.08
tot_sleeping_duration: 8060852.0525200125
tot_uptimes: 2097
tot_uptimes_duration: 125760.0364799872
