comms_cons: 823.9422146385308
finished_reconf: true
global_termination_time: 8187265.743
local_termination_time: 263018.19736000005
node_cons: 168399.27781451485
tot_aggregated_send: 113854
tot_msg_rcv: 3963
tot_msg_sent: 7415
tot_reconf_duration: 4.8100000000000005
tot_sleeping_duration: 8061505.663960029
tot_uptimes: 2097
tot_uptimes_duration: 125760.07903997065
