comms_cons: 816.8554306235482
finished_reconf: true
global_termination_time: 8186934.354
local_termination_time: 1968799.8295999998
node_cons: 168400.0709278138
tot_aggregated_send: 113100
tot_msg_rcv: 3673
tot_msg_sent: 7385
tot_reconf_duration: 5.43
tot_sleeping_duration: 8061174.311440015
tot_uptimes: 2097
tot_uptimes_duration: 125760.04255998484
