comms_cons: 17.182924799880894
finished_reconf: true
global_termination_time: 87274.18759999989
local_termination_time: 83.33104000000016
node_cons: 1794.0027683998567
tot_aggregated_send: 0
tot_msg_rcv: 1331
tot_msg_sent: 1279
tot_reconf_duration: 4.390000000000001
tot_sleeping_duration: 85938.832
tot_uptimes: 23
tot_uptimes_duration: 1335.3555999998935
