comms_cons: 74.97267199966424
finished_reconf: true
global_termination_time: 87273.58759999994
local_termination_time: 87273.54647999995
node_cons: 8702.933716236565
tot_aggregated_send: 0
tot_msg_rcv: 5144
tot_msg_sent: 6249
tot_reconf_duration: 24.59
tot_sleeping_duration: 80798.94944000251
tot_uptimes: 105
tot_uptimes_duration: 6474.638159997434
