comms_cons: 8.895078399931993
finished_reconf: true
global_termination_time: 91857.38
local_termination_time: 75275.9195599996
node_cons: 1863.178980000016
tot_aggregated_send: 1276
tot_msg_rcv: 28
tot_msg_sent: 48
tot_reconf_duration: 11.31
tot_sleeping_duration: 90477.38
tot_uptimes: 24
tot_uptimes_duration: 1380.0
