comms_cons: 70.42438399924667
finished_reconf: true
global_termination_time: 699692.635
local_termination_time: 6729.12736
node_cons: 14398.753001119172
tot_aggregated_send: 9686
tot_msg_rcv: 333
tot_msg_sent: 685
tot_reconf_duration: 13.17
tot_sleeping_duration: 688952.6289200006
tot_uptimes: 180
tot_uptimes_duration: 10740.006079999366
