comms_cons: 69.18812159956329
finished_reconf: true
global_termination_time: 699054.749
local_termination_time: 86676.61635999997
node_cons: 14388.242081119182
tot_aggregated_send: 10092
tot_msg_rcv: 138
tot_msg_sent: 286
tot_reconf_duration: 5.43
tot_sleeping_duration: 688314.7429200006
tot_uptimes: 180
tot_uptimes_duration: 10740.006079999366
