comms_cons: 222.60625919234172
finished_reconf: true
global_termination_time: 2211695.527
local_termination_time: 410101.33236000006
node_cons: 45480.020342233176
tot_aggregated_send: 30972
tot_msg_rcv: 1007
tot_msg_sent: 1856
tot_reconf_duration: 5.57
tot_sleeping_duration: 2177735.5148400045
tot_uptimes: 567
tot_uptimes_duration: 33960.01215999527
