comms_cons: 15.031449599989404
finished_reconf: true
global_termination_time: 3453.882120000003
local_termination_time: 3453.841000000003
node_cons: 1632.9947986800048
tot_aggregated_send: 0
tot_msg_rcv: 1118
tot_msg_sent: 1162
tot_reconf_duration: 37.410000000000004
tot_sleeping_duration: 2272.2599999999998
tot_uptimes: 18
tot_uptimes_duration: 1181.6221200000032
