comms_cons: 118.07072000209054
finished_reconf: true
global_termination_time: 574371.4007199989
local_termination_time: 982.8550399999995
node_cons: 11890.565725685636
tot_aggregated_send: 0
tot_msg_rcv: 9381
tot_msg_sent: 8560
tot_reconf_duration: 18.21
tot_sleeping_duration: 565509.6855999947
tot_uptimes: 148
tot_uptimes_duration: 8861.715120004199
