comms_cons: 57.48247039967975
finished_reconf: true
global_termination_time: 574370.975359999
local_termination_time: 58107.17048000002
node_cons: 11871.578891038678
tot_aggregated_send: 8236
tot_msg_rcv: 187
tot_msg_sent: 314
tot_reconf_duration: 4.390000000000001
tot_sleeping_duration: 565509.424
tot_uptimes: 148
tot_uptimes_duration: 8861.551359998994
