comms_cons: 168.22396160370513
finished_reconf: true
global_termination_time: 574370.8007199988
local_termination_time: 574370.7595999988
node_cons: 23620.125560078355
tot_aggregated_send: 0
tot_msg_rcv: 8557
tot_msg_sent: 17011
tot_reconf_duration: 24.59
tot_sleeping_duration: 556755.616
tot_uptimes: 292
tot_uptimes_duration: 17615.18471999874
