comms_cons: 56.28505599977149
finished_reconf: true
global_termination_time: 574371.0561599993
local_termination_time: 574355.7416799994
node_cons: 11866.623242238988
tot_aggregated_send: 8526
tot_msg_rcv: 21
tot_msg_sent: 8
tot_reconf_duration: 11.31
tot_sleeping_duration: 565520.224
tot_uptimes: 148
tot_uptimes_duration: 8850.832159999292
