comms_cons: 197.46152959038454
finished_reconf: true
global_termination_time: 2000723.513
local_termination_time: 1359609.8683599997
node_cons: 41151.964859999585
tot_aggregated_send: 28710
tot_msg_rcv: 443
tot_msg_sent: 860
tot_reconf_duration: 13.17
tot_sleeping_duration: 1970003.513
tot_uptimes: 513
tot_uptimes_duration: 30720.0
