comms_cons: 91.51663999904899
finished_reconf: true
global_termination_time: 896047.918
local_termination_time: 61368.79636000001
node_cons: 18408.49584224289
tot_aggregated_send: 12064
tot_msg_rcv: 630
tot_msg_sent: 1215
tot_reconf_duration: 7.819999999999999
tot_sleeping_duration: 882307.9058399978
tot_uptimes: 230
tot_uptimes_duration: 13740.012160002138
