comms_cons: 22.271846399830437
finished_reconf: true
global_termination_time: 213113.843
local_termination_time: 37473.42648000001
node_cons: 4363.097321119153
tot_aggregated_send: 2378
tot_msg_rcv: 312
tot_msg_sent: 697
tot_reconf_duration: 18.21
tot_sleeping_duration: 209873.8369200006
tot_uptimes: 55
tot_uptimes_duration: 3240.006079999366
