comms_cons: 19.816550399857135
finished_reconf: true
global_termination_time: 210972.579
local_termination_time: 65516.23684000003
node_cons: 4353.743403357454
tot_aggregated_send: 2262
tot_msg_rcv: 233
tot_msg_sent: 517
tot_reconf_duration: 11.31
tot_sleeping_duration: 207732.5607600019
tot_uptimes: 55
tot_uptimes_duration: 3240.0182399980986
