comms_cons: 42.1385344011121
finished_reconf: true
global_termination_time: 403887.179
local_termination_time: 136042.9507200001
node_cons: 8292.945565604901
tot_aggregated_send: 5336
tot_msg_rcv: 437
tot_msg_sent: 631
tot_reconf_duration: 13.17
tot_sleeping_duration: 397707.14859999635
tot_uptimes: 104
tot_uptimes_duration: 6180.030400003641
