comms_cons: 42.181664001051466
finished_reconf: true
global_termination_time: 403113.211
local_termination_time: 46271.56236000001
node_cons: 8287.407662239453
tot_aggregated_send: 5220
tot_msg_rcv: 443
tot_msg_sent: 748
tot_reconf_duration: 9.11
tot_sleeping_duration: 396933.19884000043
tot_uptimes: 104
tot_uptimes_duration: 6180.012159999584
