comms_cons: 79.86954240996712
finished_reconf: true
global_termination_time: 401678.051
local_termination_time: 6088.436360000001
node_cons: 8225.454982242873
tot_aggregated_send: 0
tot_msg_rcv: 6241
tot_msg_sent: 5898
tot_reconf_duration: 22.65
tot_sleeping_duration: 395558.03883999784
tot_uptimes: 103
tot_uptimes_duration: 6120.0121600021375
