comms_cons: 36.75861760068481
finished_reconf: true
global_termination_time: 362326.934
local_termination_time: 64754.64436000001
node_cons: 7399.84080448345
tot_aggregated_send: 4814
tot_msg_rcv: 253
tot_msg_sent: 520
tot_reconf_duration: 6.279999999999999
tot_sleeping_duration: 356806.9096799974
tot_uptimes: 93
tot_uptimes_duration: 5520.024320002572
