comms_cons: 36.843520000513905
finished_reconf: true
global_termination_time: 364383.384
local_termination_time: 60094.89028000007
node_cons: 7475.778182240595
tot_aggregated_send: 4872
tot_msg_rcv: 206
tot_msg_sent: 522
tot_reconf_duration: 3.05
tot_sleeping_duration: 358803.37183999957
tot_uptimes: 94
tot_uptimes_duration: 5580.012160000435
