comms_cons: 36.53429760009824
finished_reconf: true
global_termination_time: 360292.973
local_termination_time: 7845.451120000001
node_cons: 7401.907701119161
tot_aggregated_send: 4930
tot_msg_rcv: 223
tot_msg_sent: 400
tot_reconf_duration: 7.819999999999999
tot_sleeping_duration: 354772.9669200006
tot_uptimes: 93
tot_uptimes_duration: 5520.006079999366
