comms_cons: 49.409792000123275
finished_reconf: true
global_termination_time: 506949.29632000026
local_termination_time: 337732.8448000007
node_cons: 10434.353153681332
tot_aggregated_send: 7424
tot_msg_rcv: 34
tot_msg_sent: 51
tot_reconf_duration: 25.299999999999997
tot_sleeping_duration: 499182.30919999926
tot_uptimes: 130
tot_uptimes_duration: 7766.987120000995
