comms_cons: 50.380204800289626
finished_reconf: true
global_termination_time: 509285.679
local_termination_time: 21973.944359999998
node_cons: 10452.646760000009
tot_aggregated_send: 7308
tot_msg_rcv: 122
tot_msg_sent: 227
tot_reconf_duration: 6.22
tot_sleeping_duration: 501485.679
tot_uptimes: 131
tot_uptimes_duration: 7800.0
