comms_cons: 25.88885760023149
finished_reconf: true
global_termination_time: 220287.509720001
local_termination_time: 220287.509720001
node_cons: 4621.347533280851
tot_aggregated_send: 2132
tot_msg_rcv: 618
tot_msg_sent: 1182
tot_reconf_duration: 24.59
tot_sleeping_duration: 216861.10620000036
tot_uptimes: 57
tot_uptimes_duration: 3426.4035200006256
