comms_cons: 22.481126399862752
finished_reconf: true
global_termination_time: 223512.388
local_termination_time: 111879.77727999953
node_cons: 4585.349761119153
tot_aggregated_send: 3074
tot_msg_rcv: 114
tot_msg_sent: 229
tot_reconf_duration: 4.390000000000001
tot_sleeping_duration: 220092.38192000065
tot_uptimes: 58
tot_uptimes_duration: 3420.006079999366
