comms_cons: 92.97863679280064
finished_reconf: true
global_termination_time: 905424.286
local_termination_time: 202203.36988000045
node_cons: 18565.120826705617
tot_aggregated_send: 11832
tot_msg_rcv: 728
tot_msg_sent: 1571
tot_reconf_duration: 4.8100000000000005
tot_sleeping_duration: 891564.2495200108
tot_uptimes: 232
tot_uptimes_duration: 13860.036479989241
