comms_cons: 90.87191039552216
finished_reconf: true
global_termination_time: 902550.855
local_termination_time: 501970.7534000008
node_cons: 18564.501619999966
tot_aggregated_send: 12586
tot_msg_rcv: 418
tot_msg_sent: 808
tot_reconf_duration: 4.390000000000001
tot_sleeping_duration: 888690.855
tot_uptimes: 232
tot_uptimes_duration: 13860.0
