comms_cons: 31.874553599925637
finished_reconf: true
global_termination_time: 12583.913240000003
local_termination_time: 1057.2940400000014
node_cons: 3815.46222844006
tot_aggregated_send: 0
tot_msg_rcv: 2408
tot_msg_sent: 2436
tot_reconf_duration: 18.21
tot_sleeping_duration: 9752.895279999959
tot_uptimes: 39
tot_uptimes_duration: 2831.017960000044
