comms_cons: 1.7698047999941526
finished_reconf: true
global_termination_time: 18068.639
local_termination_time: 10527.57336
node_cons: 352.11869999999954
tot_aggregated_send: 0
tot_msg_rcv: 146
tot_msg_sent: 123
tot_reconf_duration: 22.65
tot_sleeping_duration: 17828.639
tot_uptimes: 5
tot_uptimes_duration: 240.0
