comms_cons: 12.375129599835676
finished_reconf: true
global_termination_time: 97226.857
local_termination_time: 5457.46536
node_cons: 1946.1018478391907
tot_aggregated_send: 522
tot_msg_rcv: 522
tot_msg_sent: 838
tot_reconf_duration: 13.17
tot_sleeping_duration: 95786.81444000061
tot_uptimes: 25
tot_uptimes_duration: 1440.042559999396
