comms_cons: 275.6643454105181
finished_reconf: true
global_termination_time: 1403685.709
local_termination_time: 587310.3535999998
node_cons: 28872.83498223374
tot_aggregated_send: 0
tot_msg_rcv: 21093
tot_msg_sent: 20806
tot_reconf_duration: 22.65
tot_sleeping_duration: 1382145.6968400048
tot_uptimes: 360
tot_uptimes_duration: 21540.01215999527
