comms_cons: 142.18241918682205
finished_reconf: true
global_termination_time: 1400224.0304799997
local_termination_time: 1400223.9893599998
node_cons: 28813.504224308603
tot_aggregated_send: 19126
tot_msg_rcv: 844
tot_msg_sent: 1639
tot_reconf_duration: 24.59
tot_sleeping_duration: 1378730.2956000082
tot_uptimes: 359
tot_uptimes_duration: 21493.734879991447
