comms_cons: 141.5025151906904
finished_reconf: true
global_termination_time: 1400224.2532400002
local_termination_time: 224646.98336000004
node_cons: 28797.10141271068
tot_aggregated_send: 19488
tot_msg_rcv: 789
tot_msg_sent: 1230
tot_reconf_duration: 3.05
tot_sleeping_duration: 1378720.9227600072
tot_uptimes: 359
tot_uptimes_duration: 21503.33047999302
