comms_cons: 50.45588480041156
finished_reconf: true
global_termination_time: 510719.874
local_termination_time: 22367.804000000004
node_cons: 10456.571380000014
tot_aggregated_send: 7308
tot_msg_rcv: 137
tot_msg_sent: 224
tot_reconf_duration: 9.11
tot_sleeping_duration: 502919.874
tot_uptimes: 131
tot_uptimes_duration: 7800.0
