comms_cons: 50.60720640038692
finished_reconf: true
global_termination_time: 506762.93
local_termination_time: 22418.115480000004
node_cons: 10368.010041119149
tot_aggregated_send: 6960
tot_msg_rcv: 212
tot_msg_sent: 520
tot_reconf_duration: 3.05
tot_sleeping_duration: 499022.9239200006
tot_uptimes: 130
tot_uptimes_duration: 7740.006079999352
