comms_cons: 41.14631680067906
finished_reconf: true
global_termination_time: 406485.394
local_termination_time: 35444.74036000001
node_cons: 8359.510041121444
tot_aggregated_send: 5626
tot_msg_rcv: 221
tot_msg_sent: 407
tot_reconf_duration: 3.05
tot_sleeping_duration: 400245.3879199989
tot_uptimes: 105
tot_uptimes_duration: 6240.006080001069
