comms_cons: 1640.442474482566
finished_reconf: true
global_termination_time: 5635233.371199999
local_termination_time: 5635233.330079999
node_cons: 229529.34622578978
tot_aggregated_send: 0
tot_msg_rcv: 83723
tot_msg_sent: 165615
tot_reconf_duration: 24.59
tot_sleeping_duration: 5463839.829000001
tot_uptimes: 2831
tot_uptimes_duration: 171393.54219999874
