comms_cons: 1111.1638811631522
finished_reconf: true
global_termination_time: 5635233.971199997
local_termination_time: 1512.0726000000004
node_cons: 116018.1826654981
tot_aggregated_send: 0
tot_msg_rcv: 85160
tot_msg_sent: 83724
tot_reconf_duration: 18.21
tot_sleeping_duration: 5548607.04552001
tot_uptimes: 1444
tot_uptimes_duration: 86626.9256799863
