comms_cons: 563.0676736882011
finished_reconf: true
global_termination_time: 5635686.226
local_termination_time: 3356558.1349199996
node_cons: 115938.20034223114
tot_aggregated_send: 77546
tot_msg_rcv: 2815
tot_msg_sent: 5222
tot_reconf_duration: 5.57
tot_sleeping_duration: 5549106.213840004
tot_uptimes: 1444
tot_uptimes_duration: 86580.01215999573
