comms_cons: 454.5180800288943
finished_reconf: true
global_termination_time: 4685524.986
local_termination_time: 2476779.8083599997
node_cons: 96348.54056669935
tot_aggregated_send: 64612
tot_msg_rcv: 1517
tot_msg_sent: 2955
tot_reconf_duration: 15.34
tot_sleeping_duration: 4613584.949520012
tot_uptimes: 1200
tot_uptimes_duration: 71940.03647998674
