comms_cons: 453.55628162816123
finished_reconf: true
global_termination_time: 4680794.334
local_termination_time: 2680866.22236
node_cons: 96254.27022334824
tot_aggregated_send: 64322
tot_msg_rcv: 1624
tot_msg_sent: 2991
tot_reconf_duration: 5.1
tot_sleeping_duration: 4608914.315760006
tot_uptimes: 1199
tot_uptimes_duration: 71880.01823999314
