comms_cons: 123.03727359862926
finished_reconf: true
global_termination_time: 1279391.165
local_termination_time: 7138.205
node_cons: 26280.79464000004
tot_aggregated_send: 17914
tot_msg_rcv: 193
tot_msg_sent: 593
tot_reconf_duration: 7.08
tot_sleeping_duration: 1259771.165
tot_uptimes: 328
tot_uptimes_duration: 19620.0
