comms_cons: 91.3669759955919
finished_reconf: true
global_termination_time: 885817.8424799999
local_termination_time: 885817.8013599999
node_cons: 18208.673071047542
tot_aggregated_send: 11542
tot_msg_rcv: 769
tot_msg_sent: 1575
tot_reconf_duration: 24.59
tot_sleeping_duration: 872244.0711199943
tot_uptimes: 227
tot_uptimes_duration: 13573.771360005609
