comms_cons: 88.569036798336
finished_reconf: true
global_termination_time: 887786.319
local_termination_time: 253413.15336000005
node_cons: 18244.764037881578
tot_aggregated_send: 12354
tot_msg_rcv: 295
tot_msg_sent: 812
tot_reconf_duration: 5.57
tot_sleeping_duration: 874166.3040799989
tot_uptimes: 228
tot_uptimes_duration: 13620.014920001151
