comms_cons: 88.68949759776467
finished_reconf: true
global_termination_time: 886113.339
local_termination_time: 36354.344
node_cons: 18176.924354963146
tot_aggregated_send: 12231
tot_msg_rcv: 409
tot_msg_sent: 842
tot_reconf_duration: 13.17
tot_sleeping_duration: 872551.6963599977
tot_uptimes: 227
tot_uptimes_duration: 13561.642640002334
