comms_cons: 89.05283199881494
finished_reconf: true
global_termination_time: 888901.908
local_termination_time: 200570.59636000008
node_cons: 18243.15790223831
tot_aggregated_send: 12528
tot_msg_rcv: 371
tot_msg_sent: 636
tot_reconf_duration: 4.390000000000001
tot_sleeping_duration: 875281.8958400013
tot_uptimes: 228
tot_uptimes_duration: 13620.012159998703
