comms_cons: 90.99159039339062
finished_reconf: true
global_termination_time: 890026.665
local_termination_time: 25248.26036
node_cons: 18258.117554554494
tot_aggregated_send: 11484
tot_msg_rcv: 735
tot_msg_sent: 1612
tot_reconf_duration: 15.34
tot_sleeping_duration: 876406.5859600042
tot_uptimes: 228
tot_uptimes_duration: 13620.079039995871
