comms_cons: 441.88207361429636
finished_reconf: true
global_termination_time: 4480431.421
local_termination_time: 1512895.83848
node_cons: 92158.53266334832
tot_aggregated_send: 62002
tot_msg_rcv: 1843
tot_msg_sent: 3320
tot_reconf_duration: 6.279999999999999
tot_sleeping_duration: 4411611.402760007
tot_uptimes: 1148
tot_uptimes_duration: 68820.01823999314
