comms_cons: 78.41811199577695
finished_reconf: true
global_termination_time: 775028.3064799998
local_termination_time: 775028.2653599998
node_cons: 15959.096083197528
tot_aggregated_send: 10426
tot_msg_rcv: 437
tot_msg_sent: 1056
tot_reconf_duration: 24.59
tot_sleeping_duration: 763134.5776800016
tot_uptimes: 199
tot_uptimes_duration: 11893.728799998127
