comms_cons: 77.54903039894533
finished_reconf: true
global_termination_time: 776070.469
local_termination_time: 315338.1060400003
node_cons: 15915.856381116775
tot_aggregated_send: 10266
tot_msg_rcv: 530
tot_msg_sent: 991
tot_reconf_duration: 6.279999999999999
tot_sleeping_duration: 764190.4629200024
tot_uptimes: 199
tot_uptimes_duration: 11880.006079997605
