comms_cons: 78.8663167962053
finished_reconf: true
global_termination_time: 779873.726
local_termination_time: 73769.01635999997
node_cons: 15993.646043355118
tot_aggregated_send: 10730
tot_msg_rcv: 442
tot_msg_sent: 814
tot_reconf_duration: 4.390000000000001
tot_sleeping_duration: 767933.7077600037
tot_uptimes: 200
tot_uptimes_duration: 11940.018239996338
