comms_cons: 158.26222079523697
finished_reconf: true
global_termination_time: 1583977.82
local_termination_time: 364455.00936
node_cons: 32544.625800000016
tot_aggregated_send: 22736
tot_msg_rcv: 568
tot_msg_sent: 750
tot_reconf_duration: 5.1
tot_sleeping_duration: 1559677.82
tot_uptimes: 406
tot_uptimes_duration: 24299.999999999996
