comms_cons: 299.6057021818088
finished_reconf: true
global_termination_time: 1583729.402
local_termination_time: 617487.6414799999
node_cons: 32546.171183355265
tot_aggregated_send: 0
tot_msg_rcv: 22921
tot_msg_sent: 22618
tot_reconf_duration: 6.22
tot_sleeping_duration: 1559429.3837600036
tot_uptimes: 406
tot_uptimes_duration: 24300.018239996338
