comms_cons: 154.36902399662455
finished_reconf: true
global_termination_time: 1583747.463
local_termination_time: 614173.1423599998
node_cons: 32553.0671211168
tot_aggregated_send: 22794
tot_msg_rcv: 144
tot_msg_sent: 525
tot_reconf_duration: 11.31
tot_sleeping_duration: 1559447.4569200024
tot_uptimes: 406
tot_uptimes_duration: 24300.006079997635
