comms_cons: 795.6880385242695
finished_reconf: true
global_termination_time: 7994553.52648
local_termination_time: 7994553.485359999
node_cons: 164525.15750206923
tot_aggregated_send: 114582
tot_msg_rcv: 2226
tot_msg_sent: 4129
tot_reconf_duration: 37.410000000000004
tot_sleeping_duration: 7871719.803760003
tot_uptimes: 2048
tot_uptimes_duration: 122833.72271999641
