comms_cons: 794.4907201765786
finished_reconf: true
global_termination_time: 7996021.515
local_termination_time: 2580563.21436
node_cons: 164464.56522781408
tot_aggregated_send: 110722
tot_msg_rcv: 3526
tot_msg_sent: 6509
tot_reconf_duration: 6.279999999999999
tot_sleeping_duration: 7873201.4724400155
tot_uptimes: 2048
tot_uptimes_duration: 122820.0425599846
