comms_cons: 785.0153409419022
finished_reconf: true
global_termination_time: 7995297.938
local_termination_time: 2918522.3926
node_cons: 164460.21962781445
tot_aggregated_send: 109794
tot_msg_rcv: 2959
tot_msg_sent: 6564
tot_reconf_duration: 3.08
tot_sleeping_duration: 7872477.895440015
tot_uptimes: 2048
tot_uptimes_duration: 122820.04255998507
