comms_cons: 787.6201025235123
finished_reconf: true
global_termination_time: 7996112.419
local_termination_time: 3180681.9153599995
node_cons: 164468.40836781415
tot_aggregated_send: 111302
tot_msg_rcv: 2898
tot_msg_sent: 5514
tot_reconf_duration: 9.11
tot_sleeping_duration: 7873292.376440015
tot_uptimes: 2048
tot_uptimes_duration: 122820.04255998507
