comms_cons: 73.40413440021727
finished_reconf: true
global_termination_time: 721287.412
local_termination_time: 128059.48679999984
node_cons: 14791.039324481148
tot_aggregated_send: 9338
tot_msg_rcv: 595
tot_msg_sent: 1224
tot_reconf_duration: 6.22
tot_sleeping_duration: 710247.3876799992
tot_uptimes: 185
tot_uptimes_duration: 11040.02432000084
