comms_cons: 101.81574398978945
finished_reconf: true
global_termination_time: 981743.476
local_termination_time: 493678.1457200001
node_cons: 20173.933368939248
tot_aggregated_send: 12876
tot_msg_rcv: 912
tot_msg_sent: 1686
tot_reconf_duration: 6.279999999999999
tot_sleeping_duration: 966683.4273600155
tot_uptimes: 252
tot_uptimes_duration: 15060.04863998451
