comms_cons: 100.46501119436115
finished_reconf: true
global_termination_time: 983552.521
local_termination_time: 552263.2943599999
node_cons: 20199.72996446742
tot_aggregated_send: 13224
tot_msg_rcv: 732
tot_msg_sent: 1314
tot_reconf_duration: 25.299999999999997
tot_sleeping_duration: 968492.4966800094
tot_uptimes: 252
tot_uptimes_duration: 15060.024319990538
