comms_cons: 186.88204159074212
finished_reconf: true
global_termination_time: 1875410.4514799998
local_termination_time: 1875410.4103599999
node_cons: 38614.95165983643
tot_aggregated_send: 26782
tot_msg_rcv: 570
tot_msg_sent: 1051
tot_reconf_duration: 24.59
tot_sleeping_duration: 1846596.7409200023
tot_uptimes: 481
tot_uptimes_duration: 28813.710559997475
