comms_cons: 271.4380542141869
finished_reconf: true
global_termination_time: 1876809.806
local_termination_time: 264067.93348000007
node_cons: 38569.75640335489
tot_aggregated_send: 0
tot_msg_rcv: 20778
tot_msg_sent: 20479
tot_reconf_duration: 4.8100000000000005
tot_sleeping_duration: 1848009.7877600037
tot_uptimes: 481
tot_uptimes_duration: 28800.018239996338
