comms_cons: 226.02483186912872
finished_reconf: true
global_termination_time: 1149193.691
local_termination_time: 2144.8213600000004
node_cons: 23624.1181822383
tot_aggregated_send: 0
tot_msg_rcv: 17298
tot_msg_sent: 17057
tot_reconf_duration: 3.05
tot_sleeping_duration: 1131553.6788400013
tot_uptimes: 295
tot_uptimes_duration: 17640.012159998703
