comms_cons: 114.84062719759063
finished_reconf: true
global_termination_time: 1146586.948
local_termination_time: 73567.56859999996
node_cons: 23550.28026560264
tot_aggregated_send: 15950
tot_msg_rcv: 460
tot_msg_sent: 1044
tot_reconf_duration: 7.819999999999999
tot_sleeping_duration: 1129006.9175999982
tot_uptimes: 294
tot_uptimes_duration: 17580.03040000194
