comms_cons: 54.09692800313273
finished_reconf: true
global_termination_time: 473195.2672000002
local_termination_time: 473195.22608000017
node_cons: 9778.763496217822
tot_aggregated_send: 4626
tot_msg_rcv: 1162
tot_msg_sent: 2431
tot_reconf_duration: 24.59
tot_sleeping_duration: 465917.1713999869
tot_uptimes: 122
tot_uptimes_duration: 7278.095800013296
