comms_cons: 48.072595200513035
finished_reconf: true
global_termination_time: 475300.493
local_termination_time: 4431.058480000001
node_cons: 9745.877321121443
tot_aggregated_send: 6438
tot_msg_rcv: 303
tot_msg_sent: 565
tot_reconf_duration: 18.21
tot_sleeping_duration: 468040.48691999895
tot_uptimes: 122
tot_uptimes_duration: 7260.006080001069
