comms_cons: 47.949836800488036
finished_reconf: true
global_termination_time: 476635.55
local_termination_time: 4466.59936
node_cons: 9835.86182336288
tot_aggregated_send: 6554
tot_msg_rcv: 232
tot_msg_sent: 503
tot_reconf_duration: 25.299999999999997
tot_sleeping_duration: 469315.53175999783
tot_uptimes: 123
tot_uptimes_duration: 7320.018240002142
