comms_cons: 48.936377600831065
finished_reconf: true
global_termination_time: 475773.533
local_termination_time: 18539.552600000003
node_cons: 9751.906841119166
tot_aggregated_send: 6264
tot_msg_rcv: 439
tot_msg_sent: 734
tot_reconf_duration: 22.65
tot_sleeping_duration: 468513.5269200007
tot_uptimes: 122
tot_uptimes_duration: 7260.006079999366
