comms_cons: 2.223769599992652
finished_reconf: true
global_termination_time: 14024.267
local_termination_time: 9044.425360000001
node_cons: 258.9048600000001
tot_aggregated_send: 0
tot_msg_rcv: 176
tot_msg_sent: 162
tot_reconf_duration: 13.17
tot_sleeping_duration: 13844.267
tot_uptimes: 4
tot_uptimes_duration: 180.0
