comms_cons: 57.54888960069894
finished_reconf: true
global_termination_time: 579262.571
local_termination_time: 132128.45736000006
node_cons: 11905.711544485735
tot_aggregated_send: 8062
tot_msg_rcv: 169
tot_msg_sent: 516
tot_reconf_duration: 11.31
tot_sleeping_duration: 570382.5466799957
tot_uptimes: 149
tot_uptimes_duration: 8880.024320004275
