comms_cons: 153.62485119049933
finished_reconf: true
global_termination_time: 1540468.647
local_termination_time: 724038.6487199988
node_cons: 31659.93790223373
tot_aggregated_send: 21344
tot_msg_rcv: 727
tot_msg_sent: 1279
tot_reconf_duration: 4.390000000000001
tot_sleeping_duration: 1516828.6348400048
tot_uptimes: 395
tot_uptimes_duration: 23640.01215999527
