comms_cons: 155.93207038568306
finished_reconf: true
global_termination_time: 1537787.2222400003
local_termination_time: 72161.59715999954
node_cons: 31624.141674953677
tot_aggregated_send: 21054
tot_msg_rcv: 918
tot_msg_sent: 1727
tot_reconf_duration: 6.22
tot_sleeping_duration: 1514175.799600005
tot_uptimes: 394
tot_uptimes_duration: 23611.42263999524
