comms_cons: 325.45336320757826
finished_reconf: true
global_termination_time: 3243264.151
local_termination_time: 581417.7803599999
node_cons: 66688.21860781642
tot_aggregated_send: 44428
tot_msg_rcv: 1643
tot_msg_sent: 3395
tot_reconf_duration: 4.390000000000001
tot_sleeping_duration: 3193464.1084400164
tot_uptimes: 831
tot_uptimes_duration: 49800.04255998344
