comms_cons: 45.19315199989396
finished_reconf: true
global_termination_time: 12787.82536000001
local_termination_time: 1797.8749600000028
node_cons: 5383.044203880061
tot_aggregated_send: 0
tot_msg_rcv: 3608
tot_msg_sent: 3261
tot_reconf_duration: 18.21
tot_sleeping_duration: 8786.096439999965
tot_uptimes: 48
tot_uptimes_duration: 4001.7289200000446
