comms_cons: 2.2961407999966332
finished_reconf: true
global_termination_time: 12787.79424000001
local_termination_time: 4037.35036
node_cons: 313.4410293600123
tot_aggregated_send: 0
tot_msg_rcv: 181
tot_msg_sent: 168
tot_reconf_duration: 9.42
tot_sleeping_duration: 12563.262
tot_uptimes: 4
tot_uptimes_duration: 224.53224000000955
