comms_cons: 2.309299199994462
finished_reconf: true
global_termination_time: 13189.315
local_termination_time: 6421.058359999999
node_cons: 245.16189999999904
tot_aggregated_send: 0
tot_msg_rcv: 179
tot_msg_sent: 172
tot_reconf_duration: 3.05
tot_sleeping_duration: 13009.315
tot_uptimes: 4
tot_uptimes_duration: 180.0
