comms_cons: 2.211238399995623
finished_reconf: true
global_termination_time: 13547.574
local_termination_time: 1786.8949600000028
node_cons: 249.46890240000621
tot_aggregated_send: 0
tot_msg_rcv: 165
tot_msg_sent: 171
tot_reconf_duration: 6.22
tot_sleeping_duration: 13367.572399999997
tot_uptimes: 4
tot_uptimes_duration: 180.0016000000046
