comms_cons: 98.52841599350978
finished_reconf: true
global_termination_time: 977990.827
local_termination_time: 566859.5193599999
node_cons: 20101.168341116892
tot_aggregated_send: 13398
tot_msg_rcv: 481
tot_msg_sent: 1095
tot_reconf_duration: 11.899999999999999
tot_sleeping_duration: 962990.8209200024
tot_uptimes: 251
tot_uptimes_duration: 15000.006079997635
