comms_cons: 1.9540223999935435
finished_reconf: true
global_termination_time: 10565.596
local_termination_time: 7076.973480000001
node_cons: 181.51172000000022
tot_aggregated_send: 0
tot_msg_rcv: 194
tot_msg_sent: 103
tot_reconf_duration: 15.34
tot_sleeping_duration: 10445.596
tot_uptimes: 3
tot_uptimes_duration: 120.0
