comms_cons: 33.220940799933175
finished_reconf: true
global_termination_time: 9226.863240000002
local_termination_time: 3083.0240400000052
node_cons: 3949.8603394800098
tot_aggregated_send: 0
tot_msg_rcv: 2548
tot_msg_sent: 2501
tot_reconf_duration: 5.57
tot_sleeping_duration: 6282.653919999995
tot_uptimes: 37
tot_uptimes_duration: 2944.2093200000068
