comms_cons: 1.5132159999972943
finished_reconf: true
global_termination_time: 10802.746
local_termination_time: 5432.32836
node_cons: 181.1993800000007
tot_aggregated_send: 0
tot_msg_rcv: 128
tot_msg_sent: 102
tot_reconf_duration: 15.110000000000001
tot_sleeping_duration: 10682.746
tot_uptimes: 3
tot_uptimes_duration: 119.99999999999994
