comms_cons: 1.7434879999942396
finished_reconf: true
global_termination_time: 10260.079
local_termination_time: 4377.628360000001
node_cons: 173.47236000000012
tot_aggregated_send: 0
tot_msg_rcv: 157
tot_msg_sent: 108
tot_reconf_duration: 9.42
tot_sleeping_duration: 10140.079
tot_uptimes: 3
tot_uptimes_duration: 120.0
