comms_cons: 1.5592703999990696
finished_reconf: true
global_termination_time: 14305.75
local_termination_time: 4430.64236
node_cons: 255.89009999999976
tot_aggregated_send: 0
tot_msg_rcv: 129
tot_msg_sent: 108
tot_reconf_duration: 10.95
tot_sleeping_duration: 14125.75
tot_uptimes: 4
tot_uptimes_duration: 180.0
