comms_cons: 1.756646399998417
finished_reconf: true
global_termination_time: 11991.423
local_termination_time: 4529.03736
node_cons: 247.55198000000055
tot_aggregated_send: 0
tot_msg_rcv: 149
tot_msg_sent: 118
tot_reconf_duration: 4.8100000000000005
tot_sleeping_duration: 11811.423
tot_uptimes: 4
tot_uptimes_duration: 180.0
