comms_cons: 235.976166391225
finished_reconf: true
global_termination_time: 2392957.073
local_termination_time: 910022.3813599999
node_cons: 49202.4373999994
tot_aggregated_send: 34452
tot_msg_rcv: 567
tot_msg_sent: 848
tot_reconf_duration: 25.299999999999997
tot_sleeping_duration: 2356237.073
tot_uptimes: 613
tot_uptimes_duration: 36720.0
