comms_cons: 236.9249919897418
finished_reconf: true
global_termination_time: 2396279.299
local_termination_time: 1843529.9613599998
node_cons: 49266.30485999924
tot_aggregated_send: 34568
tot_msg_rcv: 520
tot_msg_sent: 923
tot_reconf_duration: 13.17
tot_sleeping_duration: 2359499.299
tot_uptimes: 614
tot_uptimes_duration: 36780.0
