comms_cons: 235.72615678781904
finished_reconf: true
global_termination_time: 2392874.582
local_termination_time: 641013.562639998
node_cons: 49179.066219999295
tot_aggregated_send: 33930
tot_msg_rcv: 628
tot_msg_sent: 1271
tot_reconf_duration: 8.09
tot_sleeping_duration: 2356154.582
tot_uptimes: 613
tot_uptimes_duration: 36720.0
