comms_cons: 238.43836799303708
finished_reconf: true
global_termination_time: 2392307.022
local_termination_time: 375542.48220000014
node_cons: 49261.212359999234
tot_aggregated_send: 34162
tot_msg_rcv: 793
tot_msg_sent: 1285
tot_reconf_duration: 9.42
tot_sleeping_duration: 2355527.022
tot_uptimes: 613
tot_uptimes_duration: 36779.99999999994
