comms_cons: 32.22492159992443
finished_reconf: true
global_termination_time: 14792.602240000002
local_termination_time: 653.5850399999995
node_cons: 4376.351278720023
tot_aggregated_send: 0
tot_msg_rcv: 2470
tot_msg_sent: 2427
tot_reconf_duration: 18.21
tot_sleeping_duration: 11542.697759999986
tot_uptimes: 46
tot_uptimes_duration: 3249.9044800000156
