comms_cons: 302.14822403820847
finished_reconf: true
global_termination_time: 3011882.3643999994
local_termination_time: 3011882.323279999
node_cons: 62033.90182589647
tot_aggregated_send: 42198
tot_msg_rcv: 1195
tot_msg_sent: 2530
tot_reconf_duration: 37.410000000000004
tot_sleeping_duration: 2965591.7751200157
tot_uptimes: 772
tot_uptimes_duration: 46290.589279983564
