comms_cons: 1126.5744764338274
finished_reconf: true
global_termination_time: 3012754.943
local_termination_time: 1578282.4929199985
node_cons: 182114.31468734503
tot_aggregated_send: 0
tot_msg_rcv: 69279
tot_msg_sent: 101954
tot_reconf_duration: 5.57
tot_sleeping_duration: 2876752.888760007
tot_uptimes: 2227
tot_uptimes_duration: 136002.05423999325
