comms_cons: 300.6493568092111
finished_reconf: true
global_termination_time: 3013251.517
local_termination_time: 533286.7578799991
node_cons: 61972.971970050945
tot_aggregated_send: 42050
tot_msg_rcv: 989
tot_msg_sent: 2659
tot_reconf_duration: 22.65
tot_sleeping_duration: 2966991.462280021
tot_uptimes: 772
tot_uptimes_duration: 46260.054719979176
