comms_cons: 300.9862015999659
finished_reconf: true
global_termination_time: 3012596.258
local_termination_time: 356818.76948
node_cons: 61967.58344670464
tot_aggregated_send: 41470
tot_msg_rcv: 1374
tot_msg_sent: 2903
tot_reconf_duration: 18.700000000000003
tot_sleeping_duration: 2966336.2215200104
tot_uptimes: 772
tot_uptimes_duration: 46260.036479989474
