comms_cons: 303.31330561925273
finished_reconf: true
global_termination_time: 3013118.779
local_termination_time: 678029.59636
node_cons: 61948.74525005099
tot_aggregated_send: 41702
tot_msg_rcv: 1377
tot_msg_sent: 3022
tot_reconf_duration: 4.8100000000000005
tot_sleeping_duration: 2966858.7242800207
tot_uptimes: 772
tot_uptimes_duration: 46260.054719979176
