comms_cons: 300.7944447863761
finished_reconf: true
global_termination_time: 3012468.483
local_termination_time: 1444296.6991199988
node_cons: 61949.54650446634
tot_aggregated_send: 41586
tot_msg_rcv: 1441
tot_msg_sent: 2692
tot_reconf_duration: 5.43
tot_sleeping_duration: 2966208.4586800095
tot_uptimes: 772
tot_uptimes_duration: 46260.02431999077
