comms_cons: 104.22919039679533
finished_reconf: true
global_termination_time: 1054581.394
local_termination_time: 5644.296
node_cons: 21699.651942237157
tot_aggregated_send: 15073
tot_msg_rcv: 187
tot_msg_sent: 582
tot_reconf_duration: 5.77
tot_sleeping_duration: 1038381.3818400023
tot_uptimes: 271
tot_uptimes_duration: 16200.012159997852
