comms_cons: 230.21341439236943
finished_reconf: true
global_termination_time: 2285030.143
local_termination_time: 1135167.6770000001
node_cons: 47010.355729574556
tot_aggregated_send: 31781
tot_msg_rcv: 1056
tot_msg_sent: 2154
tot_reconf_duration: 5.57
tot_sleeping_duration: 2249927.2366000186
tot_uptimes: 586
tot_uptimes_duration: 35102.90639998135
