comms_cons: 225.43752958421584
finished_reconf: true
global_termination_time: 2285327.505
local_termination_time: 1092564.6443599998
node_cons: 47004.89418446665
tot_aggregated_send: 31494
tot_msg_rcv: 908
tot_msg_sent: 1863
tot_reconf_duration: 4.390000000000001
tot_sleeping_duration: 2250227.4806800094
tot_uptimes: 586
tot_uptimes_duration: 35100.02431999055
