comms_cons: 10.500403199911348
finished_reconf: true
global_termination_time: 94292.59247999996
local_termination_time: 94292.55135999997
node_cons: 1979.9198009605213
tot_aggregated_send: 972
tot_msg_rcv: 205
tot_msg_sent: 417
tot_reconf_duration: 24.59
tot_sleeping_duration: 92838.87583999957
tot_uptimes: 25
tot_uptimes_duration: 1453.7166400003953
