comms_cons: 10.730675199932929
finished_reconf: true
global_termination_time: 94293.17959999968
local_termination_time: 6672.36348
node_cons: 2026.2016795187346
tot_aggregated_send: 928
tot_msg_rcv: 246
tot_msg_sent: 456
tot_reconf_duration: 18.21
tot_sleeping_duration: 92798.42792000063
tot_uptimes: 25
tot_uptimes_duration: 1494.7516799990553
