comms_cons: 11.494304000084137
finished_reconf: true
global_termination_time: 94514.713
local_termination_time: 74753.981
node_cons: 1965.3597220791648
tot_aggregated_send: 754
tot_msg_rcv: 376
tot_msg_sent: 617
tot_reconf_duration: 25.299999999999997
tot_sleeping_duration: 93072.59028000062
tot_uptimes: 25
tot_uptimes_duration: 1442.1227199993882
