comms_cons: 11.45501439984665
finished_reconf: true
global_termination_time: 96953.838
local_termination_time: 53112.90636000001
node_cons: 1935.5583633585939
tot_aggregated_send: 580
tot_msg_rcv: 343
tot_msg_sent: 819
tot_reconf_duration: 5.43
tot_sleeping_duration: 95513.81976000106
tot_uptimes: 25
tot_uptimes_duration: 1440.0182399989499
