comms_cons: 264.5759488025979
finished_reconf: true
global_termination_time: 2612551.678
local_termination_time: 1701666.2428399997
node_cons: 53768.31614335038
tot_aggregated_send: 35960
tot_msg_rcv: 1421
tot_msg_sent: 2833
tot_reconf_duration: 15.34
tot_sleeping_duration: 2572411.6597600062
tot_uptimes: 670
tot_uptimes_duration: 40140.01823999337
