comms_cons: 254.6610943861329
finished_reconf: true
global_termination_time: 2610482.585
local_termination_time: 1929789.20248
node_cons: 53679.515803349816
tot_aggregated_send: 36482
tot_msg_rcv: 658
tot_msg_sent: 1567
tot_reconf_duration: 9.11
tot_sleeping_duration: 2570402.566760007
tot_uptimes: 669
tot_uptimes_duration: 40080.01823999293
