comms_cons: 262.77387519943034
finished_reconf: true
global_termination_time: 2610429.769
local_termination_time: 947599.18436
node_cons: 53671.3026055886
tot_aggregated_send: 36540
tot_msg_rcv: 1190
tot_msg_sent: 2211
tot_reconf_duration: 3.05
tot_sleeping_duration: 2570349.738600008
tot_uptimes: 669
tot_uptimes_duration: 40080.03039999207
