comms_cons: 262.59751039930444
finished_reconf: true
global_termination_time: 2610755.512
local_termination_time: 1345887.658999998
node_cons: 53674.51836334987
tot_aggregated_send: 36192
tot_msg_rcv: 1167
tot_msg_sent: 2554
tot_reconf_duration: 5.43
tot_sleeping_duration: 2570675.493760007
tot_uptimes: 669
tot_uptimes_duration: 40080.01823999314
