comms_cons: 67.39732480041698
finished_reconf: true
global_termination_time: 682828.665
local_termination_time: 12758.570640000002
node_cons: 13999.99172000002
tot_aggregated_send: 9744
tot_msg_rcv: 166
tot_msg_sent: 334
tot_reconf_duration: 15.34
tot_sleeping_duration: 672388.665
tot_uptimes: 175
tot_uptimes_duration: 10440.0
