comms_cons: 68.10787839848366
finished_reconf: true
global_termination_time: 680842.185
local_termination_time: 32523.658440000003
node_cons: 13985.691980000021
tot_aggregated_send: 9628
tot_msg_rcv: 264
tot_msg_sent: 460
tot_reconf_duration: 4.8100000000000005
tot_sleeping_duration: 670402.185
tot_uptimes: 175
tot_uptimes_duration: 10440.0
