comms_cons: 68.78616319994293
finished_reconf: true
global_termination_time: 681198.732
local_termination_time: 116414.87435999997
node_cons: 13986.53394000003
tot_aggregated_send: 9454
tot_msg_rcv: 368
tot_msg_sent: 633
tot_reconf_duration: 5.43
tot_sleeping_duration: 670758.732
tot_uptimes: 175
tot_uptimes_duration: 10440.0
