comms_cons: 68.80527359831031
finished_reconf: true
global_termination_time: 693289.655
local_termination_time: 203984.44436000005
node_cons: 14244.90918000001
tot_aggregated_send: 9686
tot_msg_rcv: 268
tot_msg_sent: 504
tot_reconf_duration: 18.21
tot_sleeping_duration: 682669.655
tot_uptimes: 178
tot_uptimes_duration: 10620.0
