comms_cons: 70.22359039736742
finished_reconf: true
global_termination_time: 692961.755
local_termination_time: 183962.45036000005
node_cons: 14228.73266336431
tot_aggregated_send: 9222
tot_msg_rcv: 436
tot_msg_sent: 1015
tot_reconf_duration: 6.279999999999999
tot_sleeping_duration: 682341.7367599969
tot_uptimes: 178
tot_uptimes_duration: 10620.018240003206
