comms_cons: 51.8835712001768
finished_reconf: true
global_termination_time: 522174.78012000094
local_termination_time: 522174.78012000094
node_cons: 10804.48232592187
tot_aggregated_send: 7410
tot_msg_rcv: 129
tot_msg_sent: 346
tot_reconf_duration: 24.59
tot_sleeping_duration: 514130.65083999955
tot_uptimes: 134
tot_uptimes_duration: 8044.129280001376
