comms_cons: 50.153241600453704
finished_reconf: true
global_termination_time: 524888.482
local_termination_time: 27957.674560000003
node_cons: 10772.108262240597
tot_aggregated_send: 7018
tot_msg_rcv: 198
tot_msg_sent: 407
tot_reconf_duration: 4.8100000000000005
tot_sleeping_duration: 516848.4698399995
tot_uptimes: 135
tot_uptimes_duration: 8040.012160000435
