comms_cons: 141.05146879544935
finished_reconf: true
global_termination_time: 1414822.673
local_termination_time: 775075.89136
node_cons: 29091.526760000164
tot_aggregated_send: 20358
tot_msg_rcv: 472
tot_msg_sent: 609
tot_reconf_duration: 6.22
tot_sleeping_duration: 1393102.673
tot_uptimes: 363
tot_uptimes_duration: 21720.0
