comms_cons: 1.0321407999959733
finished_reconf: true
global_termination_time: 4862.555
local_termination_time: 2786.0373600000003
node_cons: 84.5226399999999
tot_aggregated_send: 0
tot_msg_rcv: 97
tot_msg_sent: 58
tot_reconf_duration: 3.08
tot_sleeping_duration: 4802.555
tot_uptimes: 2
tot_uptimes_duration: 60.0
