comms_cons: 0.18421759999939244
finished_reconf: true
global_termination_time: 2973.555960000003
local_termination_time: 2959.2103600000005
node_cons: 52.96325744000425
tot_aggregated_send: 0
tot_msg_rcv: 19
tot_msg_sent: 8
tot_reconf_duration: 10.95
tot_sleeping_duration: 2945.107
tot_uptimes: 1
tot_uptimes_duration: 28.4489600000029
