comms_cons: 234.4603136338686
finished_reconf: true
global_termination_time: 485162.88016000076
local_termination_time: 485162.83904000075
node_cons: 29455.385474725477
tot_aggregated_send: 0
tot_msg_rcv: 14416
tot_msg_sent: 21219
tot_reconf_duration: 24.59
tot_sleeping_duration: 463189.7716799967
tot_uptimes: 359
tot_uptimes_duration: 21973.108480004048
