comms_cons: 48.28040960063674
finished_reconf: true
global_termination_time: 486544.233
local_termination_time: 237591.66528000034
node_cons: 9966.310041121427
tot_aggregated_send: 6670
tot_msg_rcv: 258
tot_msg_sent: 410
tot_reconf_duration: 3.05
tot_sleeping_duration: 479104.22691999894
tot_uptimes: 125
tot_uptimes_duration: 7440.006080001069
