comms_cons: 37.24387840115605
finished_reconf: true
global_termination_time: 190244.734
local_termination_time: 374.4470399999995
node_cons: 3864.7749011214337
tot_aggregated_send: 0
tot_msg_rcv: 2877
tot_msg_sent: 2783
tot_reconf_duration: 6.22
tot_sleeping_duration: 187364.72791999893
tot_uptimes: 49
tot_uptimes_duration: 2880.0060800010688
