comms_cons: 237.85123838943278
finished_reconf: true
global_termination_time: 2354260.353
local_termination_time: 361623.02836
node_cons: 48370.68232558807
tot_aggregated_send: 32654
tot_msg_rcv: 1233
tot_msg_sent: 2265
tot_reconf_duration: 4.390000000000001
tot_sleeping_duration: 2318140.322600009
tot_uptimes: 603
tot_uptimes_duration: 36120.03039999161
