comms_cons: 239.20940798718917
finished_reconf: true
global_termination_time: 2357814.218
local_termination_time: 204037.55136000004
node_cons: 48455.704688943195
tot_aggregated_send: 32538
tot_msg_rcv: 1379
tot_msg_sent: 2439
tot_reconf_duration: 7.819999999999999
tot_sleeping_duration: 2321634.169360012
tot_uptimes: 604
tot_uptimes_duration: 36180.048639987945
