comms_cons: 55.81793280093433
finished_reconf: true
global_termination_time: 574876.352
local_termination_time: 82901.89635999997
node_cons: 11840.763123364319
tot_aggregated_send: 7656
tot_msg_rcv: 239
tot_msg_sent: 589
tot_reconf_duration: 22.65
tot_sleeping_duration: 566056.3337599968
tot_uptimes: 148
tot_uptimes_duration: 8820.018240003206
