comms_cons: 56.364006400697924
finished_reconf: true
global_termination_time: 575444.429
local_termination_time: 11363.786520000003
node_cons: 11815.941620000016
tot_aggregated_send: 8004
tot_msg_rcv: 217
tot_msg_sent: 346
tot_reconf_duration: 4.390000000000001
tot_sleeping_duration: 566624.429
tot_uptimes: 148
tot_uptimes_duration: 8820.0
