comms_cons: 96.41222399898494
finished_reconf: true
global_termination_time: 951370.786
local_termination_time: 362838.0716
node_cons: 19531.197086714776
tot_aggregated_send: 12702
tot_msg_rcv: 613
tot_msg_sent: 1340
tot_reconf_duration: 6.279999999999999
tot_sleeping_duration: 936790.7495200039
tot_uptimes: 244
tot_uptimes_duration: 14580.03647999611
