comms_cons: 96.08144639844016
finished_reconf: true
global_termination_time: 947422.009
local_termination_time: 285799.40548000054
node_cons: 19446.5277689623
tot_aggregated_send: 12528
tot_msg_rcv: 729
tot_msg_sent: 1347
tot_reconf_duration: 3.08
tot_sleeping_duration: 932901.9603599983
tot_uptimes: 243
tot_uptimes_duration: 14520.048640001682
