comms_cons: 94.36546559804752
finished_reconf: true
global_termination_time: 945816.906
local_termination_time: 546777.4174399995
node_cons: 19446.421900000092
tot_aggregated_send: 13224
tot_msg_rcv: 423
tot_msg_sent: 696
tot_reconf_duration: 3.05
tot_sleeping_duration: 931296.906
tot_uptimes: 243
tot_uptimes_duration: 14520.0
