comms_cons: 52.5750144014948
finished_reconf: true
global_termination_time: 512443.96052000084
local_termination_time: 512443.9194000008
node_cons: 10635.445252009735
tot_aggregated_send: 6830
tot_msg_rcv: 350
tot_msg_sent: 810
tot_reconf_duration: 24.59
tot_sleeping_duration: 504526.0725199936
tot_uptimes: 132
tot_uptimes_duration: 7917.888000007253
