comms_cons: 50.949952000034564
finished_reconf: true
global_termination_time: 514722.285
local_termination_time: 252017.35736000005
node_cons: 10539.907121121441
tot_aggregated_send: 7250
tot_msg_rcv: 155
tot_msg_sent: 339
tot_reconf_duration: 11.31
tot_sleeping_duration: 506862.2789199989
tot_uptimes: 132
tot_uptimes_duration: 7860.006080001069
