comms_cons: 70.6277120086389
finished_reconf: true
global_termination_time: 435572.894
local_termination_time: 92796.54935999998
node_cons: 8942.47732112145
tot_aggregated_send: 0
tot_msg_rcv: 5411
tot_msg_sent: 5324
tot_reconf_duration: 18.21
tot_sleeping_duration: 428912.8879199989
tot_uptimes: 112
tot_uptimes_duration: 6660.006080001069
