comms_cons: 42.87006720033728
finished_reconf: true
global_termination_time: 436571.096
local_termination_time: 241151.13788000043
node_cons: 8948.498700000004
tot_aggregated_send: 6206
tot_msg_rcv: 99
tot_msg_sent: 211
tot_reconf_duration: 22.65
tot_sleeping_duration: 429911.096
tot_uptimes: 112
tot_uptimes_duration: 6660.0
