comms_cons: 69.83162880834273
finished_reconf: true
global_termination_time: 435412.5392400002
local_termination_time: 91717.58459999996
node_cons: 8950.07750936027
tot_aggregated_send: 0
tot_msg_rcv: 5331
tot_msg_sent: 5282
tot_reconf_duration: 4.8100000000000005
tot_sleeping_duration: 428733.267
tot_uptimes: 112
tot_uptimes_duration: 6679.272240000195
