comms_cons: 48.84398080009721
finished_reconf: true
global_termination_time: 495284.273
local_termination_time: 11956.605680000004
node_cons: 10129.371980000014
tot_aggregated_send: 7076
tot_msg_rcv: 120
tot_msg_sent: 228
tot_reconf_duration: 4.8100000000000005
tot_sleeping_duration: 487724.273
tot_uptimes: 127
tot_uptimes_duration: 7560.0
