comms_cons: 457.8396029948032
finished_reconf: true
global_termination_time: 2381555.233
local_termination_time: 185460.2367600004
node_cons: 144772.07963835928
tot_aggregated_send: 0
tot_msg_rcv: 28072
tot_msg_sent: 41517
tot_reconf_duration: 18.21
tot_sleeping_duration: 2273454.149759997
tot_uptimes: 1776
tot_uptimes_duration: 108101.08324000292
