comms_cons: 166.8394943845303
finished_reconf: true
global_termination_time: 1642470.74
local_termination_time: 914912.6473599998
node_cons: 33749.75022335047
tot_aggregated_send: 22504
tot_msg_rcv: 997
tot_msg_sent: 1857
tot_reconf_duration: 5.1
tot_sleeping_duration: 1617270.721760007
tot_uptimes: 421
tot_uptimes_duration: 25200.018239992904
