comms_cons: 165.98663678844113
finished_reconf: true
global_termination_time: 1641715.681
local_termination_time: 992985.8214799999
node_cons: 33777.165541116905
tot_aggregated_send: 22794
tot_msg_rcv: 889
tot_msg_sent: 1546
tot_reconf_duration: 25.299999999999997
tot_sleeping_duration: 1616515.6749200025
tot_uptimes: 421
tot_uptimes_duration: 25200.006079997635
