comms_cons: 1094.106350425462
finished_reconf: true
global_termination_time: 3752356.855
local_termination_time: 1589625.531879999
node_cons: 153330.10098399466
tot_aggregated_send: 0
tot_msg_rcv: 55666
tot_msg_sent: 110632
tot_reconf_duration: 18.21
tot_sleeping_duration: 3637864.419
tot_uptimes: 1892
tot_uptimes_duration: 114492.43599999981
