comms_cons: 737.6742410962975
finished_reconf: true
global_termination_time: 3752356.855
local_termination_time: 1589606.8472399998
node_cons: 77157.19126446596
tot_aggregated_send: 0
tot_msg_rcv: 56455
tot_msg_sent: 55667
tot_reconf_duration: 22.65
tot_sleeping_duration: 3694756.830680009
tot_uptimes: 961
tot_uptimes_duration: 57600.024319991004
