comms_cons: 377.6789760439951
finished_reconf: true
global_termination_time: 3754555.024
local_termination_time: 286876.80936
node_cons: 77224.69813005545
tot_aggregated_send: 52316
tot_msg_rcv: 1694
tot_msg_sent: 3395
tot_reconf_duration: 13.17
tot_sleeping_duration: 3696894.969280017
tot_uptimes: 962
tot_uptimes_duration: 57660.054719983076
