comms_cons: 374.7699968311302
finished_reconf: true
global_termination_time: 3750414.156
local_termination_time: 1415233.45836
node_cons: 77132.972685583
tot_aggregated_send: 52548
tot_msg_rcv: 1281
tot_msg_sent: 3133
tot_reconf_duration: 4.8100000000000005
tot_sleeping_duration: 3692814.1256000116
tot_uptimes: 961
tot_uptimes_duration: 57600.03039998864
