comms_cons: 372.1721856339694
finished_reconf: true
global_termination_time: 3751800.989
local_termination_time: 2968082.5543999984
node_cons: 77142.560199998
tot_aggregated_send: 54114
tot_msg_rcv: 896
tot_msg_sent: 1558
tot_reconf_duration: 11.899999999999999
tot_sleeping_duration: 3694200.989
tot_uptimes: 961
tot_uptimes_duration: 57600.0
