comms_cons: 129.37996799892312
finished_reconf: true
global_termination_time: 1337598.918
local_termination_time: 768639.6923599999
node_cons: 27507.046841116906
tot_aggregated_send: 18792
tot_msg_rcv: 238
tot_msg_sent: 635
tot_reconf_duration: 22.65
tot_sleeping_duration: 1317078.9119200024
tot_uptimes: 343
tot_uptimes_duration: 20520.006079997635
