comms_cons: 135.7091583891908
finished_reconf: true
global_termination_time: 1337429.873
local_termination_time: 580385.33636
node_cons: 27486.915842233797
tot_aggregated_send: 18270
tot_msg_rcv: 792
tot_msg_sent: 1565
tot_reconf_duration: 7.819999999999999
tot_sleeping_duration: 1316909.8608400046
tot_uptimes: 343
tot_uptimes_duration: 20520.01215999527
