comms_cons: 134.30778879050615
finished_reconf: true
global_termination_time: 1338971.184
local_termination_time: 135781.0806000001
node_cons: 27484.74304223371
tot_aggregated_send: 18734
tot_msg_rcv: 578
tot_msg_sent: 1102
tot_reconf_duration: 6.22
tot_sleeping_duration: 1318451.1718400046
tot_uptimes: 343
tot_uptimes_duration: 20520.01215999527
