comms_cons: 134.0467839952965
finished_reconf: true
global_termination_time: 1336051.496
local_termination_time: 57008.18248000001
node_cons: 27491.663403356317
tot_aggregated_send: 18734
tot_msg_rcv: 541
tot_msg_sent: 1098
tot_reconf_duration: 11.31
tot_sleeping_duration: 1315531.4777600027
tot_uptimes: 343
tot_uptimes_duration: 20520.01823999722
