comms_cons: 0.9868799999967411
finished_reconf: true
global_termination_time: 12070.893
local_termination_time: 7243.86336
node_cons: 248.58405999999962
tot_aggregated_send: 0
tot_msg_rcv: 78
tot_msg_sent: 72
tot_reconf_duration: 5.57
tot_sleeping_duration: 11890.893
tot_uptimes: 4
tot_uptimes_duration: 180.0
