comms_cons: 18.546764799761082
finished_reconf: true
global_termination_time: 187040.543
local_termination_time: 94306.46059999995
node_cons: 3782.520121119151
tot_aggregated_send: 2552
tot_msg_rcv: 96
tot_msg_sent: 171
tot_reconf_duration: 4.8100000000000005
tot_sleeping_duration: 184220.53692000062
tot_uptimes: 48
tot_uptimes_duration: 2820.006079999366
