comms_cons: 19.816550400024266
finished_reconf: true
global_termination_time: 187805.683
local_termination_time: 56668.10672000002
node_cons: 3871.6871211191506
tot_aggregated_send: 2494
tot_msg_rcv: 237
tot_msg_sent: 281
tot_reconf_duration: 11.31
tot_sleeping_duration: 184925.6769200006
tot_uptimes: 49
tot_uptimes_duration: 2880.006079999366
