comms_cons: 80.2446271984078
finished_reconf: true
global_termination_time: 806751.16524
local_termination_time: 65511.229080000034
node_cons: 16578.907152722084
tot_aggregated_send: 11252
tot_msg_rcv: 276
tot_msg_sent: 669
tot_reconf_duration: 6.22
tot_sleeping_duration: 794375.9147599984
tot_uptimes: 207
tot_uptimes_duration: 12375.250480001538
