comms_cons: 45.21275520067917
finished_reconf: true
global_termination_time: 452080.596
local_termination_time: 65877.28071999992
node_cons: 9273.473682242859
tot_aggregated_send: 6206
tot_msg_rcv: 222
tot_msg_sent: 445
tot_reconf_duration: 25.299999999999997
tot_sleeping_duration: 445180.5838399979
tot_uptimes: 116
tot_uptimes_duration: 6900.0121600021375
