comms_cons: 88.89997441213572
finished_reconf: true
global_termination_time: 450936.613
local_termination_time: 2033.4433600000002
node_cons: 9250.110643364304
tot_aggregated_send: 0
tot_msg_rcv: 6836
tot_msg_sent: 6676
tot_reconf_duration: 8.09
tot_sleeping_duration: 444036.5947599968
tot_uptimes: 116
tot_uptimes_duration: 6900.018240003206
