comms_cons: 44.98908800061649
finished_reconf: true
global_termination_time: 451015.768
local_termination_time: 338150.66336000006
node_cons: 9259.643803364284
tot_aggregated_send: 6264
tot_msg_rcv: 178
tot_msg_sent: 395
tot_reconf_duration: 15.110000000000001
tot_sleeping_duration: 444115.7497599968
tot_uptimes: 116
tot_uptimes_duration: 6900.018240003206
