comms_cons: 46.483302401234425
finished_reconf: true
global_termination_time: 452061.854
local_termination_time: 106181.05900000001
node_cons: 9253.595804322074
tot_aggregated_send: 5796
tot_msg_rcv: 403
tot_msg_sent: 869
tot_reconf_duration: 7.819999999999999
tot_sleeping_duration: 445158.95911999844
tot_uptimes: 116
tot_uptimes_duration: 6902.894880001535
