comms_cons: 90.22000001199463
finished_reconf: true
global_termination_time: 448462.66
local_termination_time: 2780.6003600000004
node_cons: 9174.143403364304
tot_aggregated_send: 0
tot_msg_rcv: 7093
tot_msg_sent: 6617
tot_reconf_duration: 11.31
tot_sleeping_duration: 441622.64175999677
tot_uptimes: 115
tot_uptimes_duration: 6840.018240003206
