comms_cons: 125.3074431955459
finished_reconf: true
global_termination_time: 1262948.563
local_termination_time: 675096.3957599981
node_cons: 25972.565215754417
tot_aggregated_send: 17922
tot_msg_rcv: 321
tot_msg_sent: 803
tot_reconf_duration: 13.17
tot_sleeping_duration: 1243564.9331600042
tot_uptimes: 324
tot_uptimes_duration: 19383.62983999576
