comms_cons: 124.6692607963346
finished_reconf: true
global_termination_time: 1262982.736
local_termination_time: 506591.7559200007
node_cons: 25965.98019999999
tot_aggregated_send: 18212
tot_msg_rcv: 226
tot_msg_sent: 511
tot_reconf_duration: 11.899999999999999
tot_sleeping_duration: 1243602.736
tot_uptimes: 324
tot_uptimes_duration: 19380.0
