comms_cons: 126.17725439312576
finished_reconf: true
global_termination_time: 1263150.881
local_termination_time: 716915.1843599998
node_cons: 25957.24278671014
tot_aggregated_send: 16704
tot_msg_rcv: 636
tot_msg_sent: 1839
tot_reconf_duration: 5.43
tot_sleeping_duration: 1243770.8445200075
tot_uptimes: 324
tot_uptimes_duration: 19380.036479992676
