comms_cons: 180.27007998723687
finished_reconf: true
global_termination_time: 1785522.67524
local_termination_time: 33824.18208000003
node_cons: 36749.83954718694
tot_aggregated_send: 24476
tot_msg_rcv: 1005
tot_msg_sent: 1918
tot_reconf_duration: 11.31
tot_sleeping_duration: 1758088.4104400098
tot_uptimes: 458
tot_uptimes_duration: 27434.264799990342
