comms_cons: 68.81772799899554
finished_reconf: true
global_termination_time: 686363.999
local_termination_time: 84049.48559999993
node_cons: 14063.650041119156
tot_aggregated_send: 9570
tot_msg_rcv: 310
tot_msg_sent: 578
tot_reconf_duration: 3.05
tot_sleeping_duration: 675863.9929200006
tot_uptimes: 176
tot_uptimes_duration: 10500.006079999366
