comms_cons: 69.64083200043851
finished_reconf: true
global_termination_time: 684955.722
local_termination_time: 2721.009560000003
node_cons: 14150.475842242882
tot_aggregated_send: 9454
tot_msg_rcv: 379
tot_msg_sent: 752
tot_reconf_duration: 7.819999999999999
tot_sleeping_duration: 674395.7098399978
tot_uptimes: 176
tot_uptimes_duration: 10560.012160002138
