comms_cons: 74.0892415982675
finished_reconf: true
global_termination_time: 712962.299
local_termination_time: 364632.1034800001
node_cons: 14642.752425602612
tot_aggregated_send: 8932
tot_msg_rcv: 723
tot_msg_sent: 1607
tot_reconf_duration: 15.34
tot_sleeping_duration: 702042.2685999981
tot_uptimes: 183
tot_uptimes_duration: 10920.03040000191
