comms_cons: 72.29945599889959
finished_reconf: true
global_termination_time: 713578.271
local_termination_time: 221482.1307200001
node_cons: 14637.287826719405
tot_aggregated_send: 9454
tot_msg_rcv: 560
tot_msg_sent: 975
tot_reconf_duration: 11.31
tot_sleeping_duration: 702658.2345200004
tot_uptimes: 183
tot_uptimes_duration: 10920.036479999544
