comms_cons: 74.77323519879018
finished_reconf: true
global_termination_time: 711589.4570000005
local_termination_time: 286777.31308000017
node_cons: 14698.27467672923
tot_aggregated_send: 8816
tot_msg_rcv: 864
tot_msg_sent: 1686
tot_reconf_duration: 5.43
tot_sleeping_duration: 700617.9105199936
tot_uptimes: 183
tot_uptimes_duration: 10971.546480006888
