comms_cons: 240.6309439908026
finished_reconf: true
global_termination_time: 2441986.055
local_termination_time: 543280.1463599999
node_cons: 50218.48063379071
tot_aggregated_send: 34162
tot_msg_rcv: 800
tot_msg_sent: 1612
tot_reconf_duration: 4.390000000000001
tot_sleeping_duration: 2404486.0408000066
tot_uptimes: 626
tot_uptimes_duration: 37500.01419999357
