comms_cons: 235.9877887934303
finished_reconf: true
global_termination_time: 2439803.407
local_termination_time: 564452.1493599999
node_cons: 50136.31818223302
tot_aggregated_send: 33988
tot_msg_rcv: 592
tot_msg_sent: 1288
tot_reconf_duration: 3.05
tot_sleeping_duration: 2402363.394840005
tot_uptimes: 625
tot_uptimes_duration: 37440.01215999527
