comms_cons: 233.31816959224028
finished_reconf: true
global_termination_time: 2439065.497
local_termination_time: 1154611.881759999
node_cons: 50140.60675999925
tot_aggregated_send: 33466
tot_msg_rcv: 706
tot_msg_sent: 1291
tot_reconf_duration: 6.22
tot_sleeping_duration: 2401625.497
tot_uptimes: 625
tot_uptimes_duration: 37440.0
