comms_cons: 279.03045120146174
finished_reconf: true
global_termination_time: 2818049.015
local_termination_time: 1034268.0473599999
node_cons: 57936.126219998914
tot_aggregated_send: 40774
tot_msg_rcv: 600
tot_msg_sent: 1037
tot_reconf_duration: 8.09
tot_sleeping_duration: 2774789.015
tot_uptimes: 722
tot_uptimes_duration: 43260.0
