comms_cons: 279.3348351900469
finished_reconf: true
global_termination_time: 2814669.869
local_termination_time: 1693276.365
node_cons: 57860.71139510685
tot_aggregated_send: 39030
tot_msg_rcv: 1144
tot_msg_sent: 2283
tot_reconf_duration: 7.819999999999999
tot_sleeping_duration: 2771465.916920009
tot_uptimes: 721
tot_uptimes_duration: 43203.95207999088
