comms_cons: 291.4125056181317
finished_reconf: true
global_termination_time: 2814810.99
local_termination_time: 789340.4566399981
node_cons: 57872.033264739
tot_aggregated_send: 36482
tot_msg_rcv: 2660
tot_msg_sent: 5151
tot_reconf_duration: 15.34
tot_sleeping_duration: 2771606.209160015
tot_uptimes: 721
tot_uptimes_duration: 43204.78083998512
