comms_cons: 274.05692160543316
finished_reconf: true
global_termination_time: 2714389.664
local_termination_time: 1687958.8337199998
node_cons: 55867.083123349425
tot_aggregated_send: 37410
tot_msg_rcv: 1361
tot_msg_sent: 2885
tot_reconf_duration: 22.65
tot_sleeping_duration: 2672689.6457600067
tot_uptimes: 696
tot_uptimes_duration: 41700.0182399929
