comms_cons: 280.47129599418304
finished_reconf: true
global_termination_time: 2804628.35296
local_termination_time: 2804628.3118399996
node_cons: 57741.5095996719
tot_aggregated_send: 39600
tot_msg_rcv: 987
tot_msg_sent: 2042
tot_reconf_duration: 24.59
tot_sleeping_duration: 2761530.431840005
tot_uptimes: 719
tot_uptimes_duration: 43097.92111999495
