comms_cons: 281.56904959313295
finished_reconf: true
global_termination_time: 2806007.791
local_termination_time: 785932.5553599999
node_cons: 57690.700826700355
tot_aggregated_send: 38570
tot_msg_rcv: 1435
tot_msg_sent: 2791
tot_reconf_duration: 4.8100000000000005
tot_sleeping_duration: 2762927.754520014
tot_uptimes: 719
tot_uptimes_duration: 43080.03647998604
