comms_cons: 505.62350725609406
finished_reconf: true
global_termination_time: 5126599.72
local_termination_time: 2306933.17336
node_cons: 105436.86312334791
tot_aggregated_send: 72152
tot_msg_rcv: 1638
tot_msg_sent: 3061
tot_reconf_duration: 22.65
tot_sleeping_duration: 5047879.701760006
tot_uptimes: 1313
tot_uptimes_duration: 78720.01823999337
