comms_cons: 515.1753473031608
finished_reconf: true
global_termination_time: 5128471.531
local_termination_time: 158919.2858400001
node_cons: 105495.0296511668
tot_aggregated_send: 71282
tot_msg_rcv: 2427
tot_msg_sent: 4593
tot_reconf_duration: 6.279999999999999
tot_sleeping_duration: 5049691.470200023
tot_uptimes: 1314
tot_uptimes_duration: 78780.06079997751
