comms_cons: 515.719756887805
finished_reconf: true
global_termination_time: 5127689.606
local_termination_time: 1283876.47636
node_cons: 105498.85650893264
tot_aggregated_send: 71456
tot_msg_rcv: 2228
tot_msg_sent: 4701
tot_reconf_duration: 9.11
tot_sleeping_duration: 5048909.557360018
tot_uptimes: 1314
tot_uptimes_duration: 78780.04863998177
