comms_cons: 504.16409605536336
finished_reconf: true
global_termination_time: 5126656.231
local_termination_time: 1009995.9079599987
node_cons: 105410.27888781605
tot_aggregated_send: 71340
tot_msg_rcv: 1800
tot_msg_sent: 3490
tot_reconf_duration: 3.05
tot_sleeping_duration: 5047936.188440016
tot_uptimes: 1313
tot_uptimes_duration: 78720.04255998437
