comms_cons: 39.573888000724324
finished_reconf: true
global_termination_time: 408765.106
local_termination_time: 307781.33560000005
node_cons: 8362.28579999998
tot_aggregated_send: 5394
tot_msg_rcv: 295
tot_msg_sent: 326
tot_reconf_duration: 5.1
tot_sleeping_duration: 402525.106
tot_uptimes: 105
tot_uptimes_duration: 6240.0
