comms_cons: 69.42632960834167
finished_reconf: true
global_termination_time: 409276.635
local_termination_time: 208067.16336000006
node_cons: 8389.717400000034
tot_aggregated_send: 0
tot_msg_rcv: 5354
tot_msg_sent: 5198
tot_reconf_duration: 25.299999999999997
tot_sleeping_duration: 403036.635
tot_uptimes: 105
tot_uptimes_duration: 6240.0
