comms_cons: 41.113420800645116
finished_reconf: true
global_termination_time: 412150.679
local_termination_time: 310839.88336000004
node_cons: 8442.240121121438
tot_aggregated_send: 5626
tot_msg_rcv: 162
tot_msg_sent: 461
tot_reconf_duration: 4.8100000000000005
tot_sleeping_duration: 405850.67291999893
tot_uptimes: 106
tot_uptimes_duration: 6300.006080001069
