comms_cons: 72.06918400833774
finished_reconf: true
global_termination_time: 407762.098
local_termination_time: 207733.82624000046
node_cons: 8365.97955999998
tot_aggregated_send: 0
tot_msg_rcv: 5694
tot_msg_sent: 5261
tot_reconf_duration: 7.819999999999999
tot_sleeping_duration: 401522.098
tot_uptimes: 105
tot_uptimes_duration: 6240.0
