comms_cons: 28.86003199941017
finished_reconf: true
global_termination_time: 144545.966
local_termination_time: 3075.9843600000004
node_cons: 2981.026760000001
tot_aggregated_send: 0
tot_msg_rcv: 2240
tot_msg_sent: 2145
tot_reconf_duration: 6.22
tot_sleeping_duration: 142325.966
tot_uptimes: 38
tot_uptimes_duration: 2220.0
