comms_cons: 13.941324800044438
finished_reconf: true
global_termination_time: 142956.01008000027
local_termination_time: 142939.68560000008
node_cons: 2951.638797120364
tot_aggregated_send: 2088
tot_msg_rcv: 22
tot_msg_sent: 9
tot_reconf_duration: 11.31
tot_sleeping_duration: 140763.12
tot_uptimes: 37
tot_uptimes_duration: 2192.890080000274
