comms_cons: 52.05463040054055
finished_reconf: true
global_termination_time: 521165.589
local_termination_time: 73822.26147999994
node_cons: 10692.784060000004
tot_aggregated_send: 7366
tot_msg_rcv: 203
tot_msg_sent: 343
tot_reconf_duration: 5.57
tot_sleeping_duration: 513185.589
tot_uptimes: 134
tot_uptimes_duration: 7980.0
