comms_cons: 51.71251200036725
finished_reconf: true
global_termination_time: 520813.004
local_termination_time: 112603.3984399996
node_cons: 10703.104860000012
tot_aggregated_send: 7482
tot_msg_rcv: 158
tot_msg_sent: 220
tot_reconf_duration: 13.17
tot_sleeping_duration: 512833.004
tot_uptimes: 134
tot_uptimes_duration: 7980.0
