comms_cons: 50.936166400040136
finished_reconf: true
global_termination_time: 519467.5716800004
local_termination_time: 519452.2572000002
node_cons: 10728.107345520537
tot_aggregated_send: 7714
tot_msg_rcv: 14
tot_msg_sent: 14
tot_reconf_duration: 3.08
tot_sleeping_duration: 511458.666
tot_uptimes: 134
tot_uptimes_duration: 8008.905680000375
