comms_cons: 51.83093760001003
finished_reconf: true
global_termination_time: 522054.216
local_termination_time: 64914.84148000002
node_cons: 10692.593940000015
tot_aggregated_send: 7482
tot_msg_rcv: 169
tot_msg_sent: 227
tot_reconf_duration: 5.43
tot_sleeping_duration: 514074.216
tot_uptimes: 134
tot_uptimes_duration: 7980.0
