comms_cons: 69.79776000003837
finished_reconf: true
global_termination_time: 709571.576
local_termination_time: 325147.5253600005
node_cons: 14549.986759999983
tot_aggregated_send: 10266
tot_msg_rcv: 115
tot_msg_sent: 227
tot_reconf_duration: 6.22
tot_sleeping_duration: 698711.576
tot_uptimes: 182
tot_uptimes_duration: 10860.0
