comms_cons: 273.7407744003096
finished_reconf: true
global_termination_time: 2715339.447
local_termination_time: 719967.3793599999
node_cons: 55842.86454446677
tot_aggregated_send: 37584
tot_msg_rcv: 1295
tot_msg_sent: 2728
tot_reconf_duration: 4.8100000000000005
tot_sleeping_duration: 2673639.422680009
tot_uptimes: 696
tot_uptimes_duration: 41700.02431999077
