comms_cons: 273.2808576046687
finished_reconf: true
global_termination_time: 2715123.074119988
local_termination_time: 897689.2514799997
node_cons: 55918.14301413007
tot_aggregated_send: 38048
tot_msg_rcv: 1280
tot_msg_sent: 2209
tot_reconf_duration: 5.43
tot_sleeping_duration: 2673367.4586800095
tot_uptimes: 696
tot_uptimes_duration: 41755.61543997843
