comms_cons: 30.5419008003548
finished_reconf: true
global_termination_time: 307993.267
local_termination_time: 125816.98735999997
node_cons: 6275.072663364297
tot_aggregated_send: 4118
tot_msg_rcv: 120
tot_msg_sent: 404
tot_reconf_duration: 6.279999999999999
tot_sleeping_duration: 303313.2487599968
tot_uptimes: 79
tot_uptimes_duration: 4680.018240003206
