comms_cons: 30.001779200321767
finished_reconf: true
global_termination_time: 303254.04
local_termination_time: 228140.9597200001
node_cons: 6198.551380000027
tot_aggregated_send: 4292
tot_msg_rcv: 99
tot_msg_sent: 170
tot_reconf_duration: 9.11
tot_sleeping_duration: 298634.04
tot_uptimes: 78
tot_uptimes_duration: 4620.0
