comms_cons: 177.1587455897289
finished_reconf: true
global_termination_time: 1798312.939
local_termination_time: 709498.0950000001
node_cons: 36966.60027606748
tot_aggregated_send: 24938
tot_msg_rcv: 695
tot_msg_sent: 1295
tot_reconf_duration: 6.279999999999999
tot_sleeping_duration: 1770711.6902800093
tot_uptimes: 461
tot_uptimes_duration: 27601.24871999072
