comms_cons: 177.4804351908032
finished_reconf: true
global_termination_time: 1796512.122
local_termination_time: 326811.8583600001
node_cons: 36990.78182335035
tot_aggregated_send: 25172
tot_msg_rcv: 658
tot_msg_sent: 1147
tot_reconf_duration: 25.299999999999997
tot_sleeping_duration: 1768912.103760007
tot_uptimes: 461
tot_uptimes_duration: 27600.018239992904
