comms_cons: 181.23029758623
finished_reconf: true
global_termination_time: 1796741.259
local_termination_time: 51299.30160000001
node_cons: 36987.19940559322
tot_aggregated_send: 24882
tot_msg_rcv: 879
tot_msg_sent: 1785
tot_reconf_duration: 22.65
tot_sleeping_duration: 1769141.228600005
tot_uptimes: 461
tot_uptimes_duration: 27600.03039999504
