comms_cons: 174.87557119152166
finished_reconf: true
global_termination_time: 1795859.221
local_termination_time: 927687.00136
node_cons: 36886.67955999996
tot_aggregated_send: 24882
tot_msg_rcv: 481
tot_msg_sent: 1217
tot_reconf_duration: 7.819999999999999
tot_sleeping_duration: 1768319.221
tot_uptimes: 460
tot_uptimes_duration: 27540.0
