comms_cons: 153.09203199208463
finished_reconf: true
global_termination_time: 1565094.966
local_termination_time: 372503.21336000005
node_cons: 32151.383403355143
tot_aggregated_send: 21518
tot_msg_rcv: 593
tot_msg_sent: 1158
tot_reconf_duration: 11.31
tot_sleeping_duration: 1541094.9477600039
tot_uptimes: 401
tot_uptimes_duration: 24000.018239996338
