comms_cons: 351.8127167900279
finished_reconf: true
global_termination_time: 3555067.026
local_termination_time: 1306618.3383599997
node_cons: 73140.24011117173
tot_aggregated_send: 47502
tot_msg_rcv: 1993
tot_msg_sent: 3977
tot_reconf_duration: 22.65
tot_sleeping_duration: 3500466.96520002
tot_uptimes: 911
tot_uptimes_duration: 54600.060799980245
