comms_cons: 353.7122048014675
finished_reconf: true
global_termination_time: 3557137.265
local_termination_time: 201249.28020000065
node_cons: 73115.47559564872
tot_aggregated_send: 48140
tot_msg_rcv: 1675
tot_msg_sent: 3948
tot_reconf_duration: 4.390000000000001
tot_sleeping_duration: 3502537.1798800225
tot_uptimes: 911
tot_uptimes_duration: 54600.085119977884
