comms_cons: 353.88200961316073
finished_reconf: true
global_termination_time: 3552673.6142399907
local_termination_time: 185769.40948000006
node_cons: 73102.73885716408
tot_aggregated_send: 49822
tot_msg_rcv: 1271
tot_msg_sent: 2694
tot_reconf_duration: 11.31
tot_sleeping_duration: 3498090.0594400163
tot_uptimes: 910
tot_uptimes_duration: 54583.55479997443
