comms_cons: 349.4877312034907
finished_reconf: true
global_termination_time: 3557045.827
local_termination_time: 484660.949
node_cons: 73117.75205271957
tot_aggregated_send: 51386
tot_msg_rcv: 517
tot_msg_sent: 1218
tot_reconf_duration: 5.43
tot_sleeping_duration: 3502445.096519999
tot_uptimes: 911
tot_uptimes_duration: 54600.73048000096
