comms_cons: 56.45079040099859
finished_reconf: true
global_termination_time: 543410.813
local_termination_time: 162416.95220000067
node_cons: 11204.43112104378
tot_aggregated_send: 7192
tot_msg_rcv: 536
tot_msg_sent: 853
tot_reconf_duration: 25.299999999999997
tot_sleeping_duration: 535068.7116399971
tot_uptimes: 140
tot_uptimes_duration: 8342.101360002795
