comms_cons: 56.26560000054803
finished_reconf: true
global_termination_time: 559343.6632400004
local_termination_time: 50391.136999999995
node_cons: 11602.376240085357
tot_aggregated_send: 7364
tot_msg_rcv: 371
tot_msg_sent: 818
tot_reconf_duration: 22.65
tot_sleeping_duration: 550701.6785199963
tot_uptimes: 144
tot_uptimes_duration: 8641.984720003995
