comms_cons: 55.82451200013877
finished_reconf: true
global_termination_time: 561027.131
local_termination_time: 478964.86236
node_cons: 11494.581619999955
tot_aggregated_send: 7946
tot_msg_rcv: 195
tot_msg_sent: 344
tot_reconf_duration: 4.390000000000001
tot_sleeping_duration: 552447.131
tot_uptimes: 144
tot_uptimes_duration: 8580.0
