comms_cons: 55.917248000182774
finished_reconf: true
global_termination_time: 563078.403
local_termination_time: 342585.11100000003
node_cons: 11587.023652882806
tot_aggregated_send: 7995
tot_msg_rcv: 156
tot_msg_sent: 348
tot_reconf_duration: 11.31
tot_sleeping_duration: 554436.383079998
tot_uptimes: 145
tot_uptimes_duration: 8642.019920002087
