comms_cons: 17.094015999679424
finished_reconf: true
global_termination_time: 158594.85824000047
local_termination_time: 158594.81712000046
node_cons: 3293.682114718947
tot_aggregated_send: 1784
tot_msg_rcv: 248
tot_msg_sent: 566
tot_reconf_duration: 24.59
tot_sleeping_duration: 156159.98976000128
tot_uptimes: 41
tot_uptimes_duration: 2434.8684799992025
