comms_cons: 116.97422719321713
finished_reconf: true
global_termination_time: 1141013.807
local_termination_time: 17037.315440000002
node_cons: 23480.168707840854
tot_aggregated_send: 15254
tot_msg_rcv: 845
tot_msg_sent: 1680
tot_reconf_duration: 15.34
tot_sleeping_duration: 1123493.7644399994
tot_uptimes: 293
tot_uptimes_duration: 17520.042560000613
