comms_cons: 114.03790079344925
finished_reconf: true
global_termination_time: 1141551.248
local_termination_time: 391259.5735600002
node_cons: 23466.892906714835
tot_aggregated_send: 14964
tot_msg_rcv: 739
tot_msg_sent: 1631
tot_reconf_duration: 5.57
tot_sleeping_duration: 1124031.2115200039
tot_uptimes: 293
tot_uptimes_duration: 17520.03647999611
