comms_cons: 114.66887679890189
finished_reconf: true
global_termination_time: 1141734.055
local_termination_time: 481708.02260000055
node_cons: 23470.306925598023
tot_aggregated_send: 15138
tot_msg_rcv: 776
tot_msg_sent: 1515
tot_reconf_duration: 8.09
tot_sleeping_duration: 1124214.0246000015
tot_uptimes: 293
tot_uptimes_duration: 17520.030399998475
