comms_cons: 117.72129918877161
finished_reconf: true
global_termination_time: 1140522.472
local_termination_time: 350850.05768000026
node_cons: 23490.09568783629
tot_aggregated_send: 15080
tot_msg_rcv: 969
tot_msg_sent: 1844
tot_reconf_duration: 22.65
tot_sleeping_duration: 1123002.429440003
tot_uptimes: 293
tot_uptimes_duration: 17520.04255999718
