comms_cons: 114.40289279130543
finished_reconf: true
global_termination_time: 1139806.493
local_termination_time: 366661.93036000006
node_cons: 23394.33154446736
tot_aggregated_send: 15022
tot_msg_rcv: 804
tot_msg_sent: 1566
tot_reconf_duration: 11.31
tot_sleeping_duration: 1122346.4686800095
tot_uptimes: 292
tot_uptimes_duration: 17460.024319990538
