comms_cons: 69.74672640047146
finished_reconf: true
global_termination_time: 707701.4884799998
local_termination_time: 707701.4473599999
node_cons: 14593.291659841252
tot_aggregated_send: 10136
tot_msg_rcv: 108
tot_msg_sent: 357
tot_reconf_duration: 24.59
tot_sleeping_duration: 696827.7779199989
tot_uptimes: 182
tot_uptimes_duration: 10873.710560000909
