comms_cons: 70.2790144012423
finished_reconf: true
global_termination_time: 709488.623
local_termination_time: 142917.96436000004
node_cons: 14545.690041121436
tot_aggregated_send: 9454
tot_msg_rcv: 415
tot_msg_sent: 813
tot_reconf_duration: 3.05
tot_sleeping_duration: 698628.6169199989
tot_uptimes: 182
tot_uptimes_duration: 10860.006080001069
