comms_cons: 69.25391360090715
finished_reconf: true
global_termination_time: 709945.904
local_termination_time: 146385.33536000006
node_cons: 14550.003042242884
tot_aggregated_send: 9396
tot_msg_rcv: 336
tot_msg_sent: 794
tot_reconf_duration: 6.22
tot_sleeping_duration: 699085.8918399978
tot_uptimes: 182
tot_uptimes_duration: 10860.012160002138
