comms_cons: 49.482444802052825
finished_reconf: true
global_termination_time: 451605.4515200008
local_termination_time: 451605.4104000008
node_cons: 9347.292330885999
tot_aggregated_send: 5148
tot_msg_rcv: 794
tot_msg_sent: 1579
tot_reconf_duration: 24.59
tot_sleeping_duration: 444649.5895999964
tot_uptimes: 116
tot_uptimes_duration: 6955.861920004463
