comms_cons: 1.3487359999995836
finished_reconf: true
global_termination_time: 11849.269
local_termination_time: 1171.9523600000002
node_cons: 275.37739999999997
tot_aggregated_send: 0
tot_msg_rcv: 129
tot_msg_sent: 76
tot_reconf_duration: 25.299999999999997
tot_sleeping_duration: 11669.269
tot_uptimes: 4
tot_uptimes_duration: 180.0
