comms_cons: 1.9795455999970617
finished_reconf: true
global_termination_time: 13109.213
local_termination_time: 7200.309479999999
node_cons: 245.161899999999
tot_aggregated_send: 0
tot_msg_rcv: 181
tot_msg_sent: 118
tot_reconf_duration: 3.05
tot_sleeping_duration: 12929.213
tot_uptimes: 4
tot_uptimes_duration: 180.0
