comms_cons: 2.3224575999983306
finished_reconf: true
global_termination_time: 14639.176
local_termination_time: 1112.2559200000014
node_cons: 248.3939400000001
tot_aggregated_send: 0
tot_msg_rcv: 232
tot_msg_sent: 121
tot_reconf_duration: 5.43
tot_sleeping_duration: 14459.176
tot_uptimes: 4
tot_uptimes_duration: 180.0
