comms_cons: 236.48276478518406
finished_reconf: true
global_termination_time: 2394502.703
local_termination_time: 1304556.29636
node_cons: 49269.259861116276
tot_aggregated_send: 33060
tot_msg_rcv: 976
tot_msg_sent: 1908
tot_reconf_duration: 15.34
tot_sleeping_duration: 2357722.6969200023
tot_uptimes: 614
tot_uptimes_duration: 36780.006079997635
