comms_cons: 240.4439551913521
finished_reconf: true
global_termination_time: 2400297.434
local_termination_time: 232423.79068000027
node_cons: 49363.18252894354
tot_aggregated_send: 33118
tot_msg_rcv: 1175
tot_msg_sent: 2251
tot_reconf_duration: 25.299999999999997
tot_sleeping_duration: 2363457.385360012
tot_uptimes: 615
tot_uptimes_duration: 36840.04863998818
