comms_cons: 111.52463999241024
finished_reconf: true
global_termination_time: 1088814.046
local_termination_time: 90278.91923999973
node_cons: 22365.319405584207
tot_aggregated_send: 14616
tot_msg_rcv: 838
tot_msg_sent: 1497
tot_reconf_duration: 22.65
tot_sleeping_duration: 1072134.015600012
tot_uptimes: 279
tot_uptimes_duration: 16680.030399988173
