comms_cons: 75.733171198724
finished_reconf: true
global_termination_time: 757053.265
local_termination_time: 283878.3796400004
node_cons: 15513.184060000032
tot_aggregated_send: 10556
tot_msg_rcv: 322
tot_msg_sent: 633
tot_reconf_duration: 5.57
tot_sleeping_duration: 745473.265
tot_uptimes: 194
tot_uptimes_duration: 11580.0
