comms_cons: 77.60229119882482
finished_reconf: true
global_termination_time: 756181.386
local_termination_time: 402958.73736
node_cons: 15512.570223359686
tot_aggregated_send: 9976
tot_msg_rcv: 601
tot_msg_sent: 1219
tot_reconf_duration: 5.1
tot_sleeping_duration: 744601.3677600003
tot_uptimes: 194
tot_uptimes_duration: 11580.018239999772
