comms_cons: 77.69377279749791
finished_reconf: true
global_termination_time: 754711.8991200001
local_termination_time: 14784.5836
node_cons: 15530.176079761542
tot_aggregated_send: 9686
tot_msg_rcv: 774
tot_msg_sent: 1349
tot_reconf_duration: 3.05
tot_sleeping_duration: 743116.6532799989
tot_uptimes: 194
tot_uptimes_duration: 11595.245840001138
