comms_cons: 146.51941118517433
finished_reconf: true
global_termination_time: 1441704.29448
local_termination_time: 1441704.25336
node_cons: 29714.63750207955
tot_aggregated_send: 19778
tot_msg_rcv: 878
tot_msg_sent: 1614
tot_reconf_duration: 37.410000000000004
tot_sleeping_duration: 1419550.5717600004
tot_uptimes: 370
tot_uptimes_duration: 22153.72271999962
