comms_cons: 150.75046398045154
finished_reconf: true
global_termination_time: 1443397.759
local_termination_time: 356772.58048000006
node_cons: 29652.499775649463
tot_aggregated_send: 18444
tot_msg_rcv: 1496
tot_msg_sent: 2975
tot_reconf_duration: 5.1
tot_sleeping_duration: 1421257.673880023
tot_uptimes: 370
tot_uptimes_duration: 22140.085119977186
