comms_cons: 284.90929919550797
finished_reconf: true
global_termination_time: 2914834.749
local_termination_time: 2097217.34448
node_cons: 59968.0136822326
tot_aggregated_send: 40310
tot_msg_rcv: 1045
tot_msg_sent: 1948
tot_reconf_duration: 25.299999999999997
tot_sleeping_duration: 2870074.736840004
tot_uptimes: 747
tot_uptimes_duration: 44760.0121599955
