comms_cons: 294.6424256114115
finished_reconf: true
global_termination_time: 2918366.194
local_termination_time: 410131.59036000003
node_cons: 60031.221092285305
tot_aggregated_send: 40252
tot_msg_rcv: 1456
tot_msg_sent: 3076
tot_reconf_duration: 12.629999999999999
tot_sleeping_duration: 2873546.127120025
tot_uptimes: 748
tot_uptimes_duration: 44820.06687997491
