comms_cons: 288.5361664087724
finished_reconf: true
global_termination_time: 2914900.066
local_termination_time: 1449174.59136
node_cons: 59942.13560670047
tot_aggregated_send: 40542
tot_msg_rcv: 1103
tot_msg_sent: 2210
tot_reconf_duration: 6.22
tot_sleeping_duration: 2870140.029520014
tot_uptimes: 747
tot_uptimes_duration: 44760.03647998627
