comms_cons: 2.2369279999926084
finished_reconf: true
global_termination_time: 15904.09
local_termination_time: 10439.917360000001
node_cons: 342.19172000000026
tot_aggregated_send: 0
tot_msg_rcv: 178
tot_msg_sent: 162
tot_reconf_duration: 15.34
tot_sleeping_duration: 15664.09
tot_uptimes: 5
tot_uptimes_duration: 240.0
