comms_cons: 2.2698239999924996
finished_reconf: true
global_termination_time: 13904.982
local_termination_time: 6345.0513599999995
node_cons: 253.39137999999954
tot_aggregated_send: 0
tot_msg_rcv: 178
tot_msg_sent: 166
tot_reconf_duration: 9.11
tot_sleeping_duration: 13724.982
tot_uptimes: 4
tot_uptimes_duration: 180.0
