comms_cons: 2.228326399992061
finished_reconf: true
global_termination_time: 12974.734
local_termination_time: 5635.46536
node_cons: 258.17154000000016
tot_aggregated_send: 0
tot_msg_rcv: 176
tot_msg_sent: 163
tot_reconf_duration: 12.629999999999999
tot_sleeping_duration: 12794.734
tot_uptimes: 4
tot_uptimes_duration: 180.0
