comms_cons: 2.3027199999966115
finished_reconf: true
global_termination_time: 15266.018
local_termination_time: 6020.359359999999
node_cons: 245.16190000000026
tot_aggregated_send: 0
tot_msg_rcv: 177
tot_msg_sent: 172
tot_reconf_duration: 3.05
tot_sleeping_duration: 15086.018
tot_uptimes: 4
tot_uptimes_duration: 180.0
