comms_cons: 274.90625901114464
finished_reconf: true
global_termination_time: 1389677.445
local_termination_time: 2274.3263600000005
node_cons: 28551.53197006533
tot_aggregated_send: 0
tot_msg_rcv: 21192
tot_msg_sent: 20591
tot_reconf_duration: 22.65
tot_sleeping_duration: 1368377.390280011
tot_uptimes: 356
tot_uptimes_duration: 21300.054719989013
