comms_cons: 136.07822079716368
finished_reconf: true
global_termination_time: 1385765.682
local_termination_time: 520761.2948800009
node_cons: 28454.3907743212
tot_aggregated_send: 20068
tot_msg_rcv: 159
tot_msg_sent: 457
tot_reconf_duration: 9.42
tot_sleeping_duration: 1364524.757119999
tot_uptimes: 355
tot_uptimes_duration: 21240.92488000088
