comms_cons: 139.14378238934108
finished_reconf: true
global_termination_time: 1389186.619
local_termination_time: 145969.30544000067
node_cons: 28527.28896781787
tot_aggregated_send: 19140
tot_msg_rcv: 663
tot_msg_sent: 1346
tot_reconf_duration: 4.8100000000000005
tot_sleeping_duration: 1367886.5764400165
tot_uptimes: 356
tot_uptimes_duration: 21300.04255998344
