comms_cons: 139.8882047870908
finished_reconf: true
global_termination_time: 1389048.892
local_termination_time: 143114.70112000045
node_cons: 28531.38468894387
tot_aggregated_send: 19024
tot_msg_rcv: 668
tot_msg_sent: 1571
tot_reconf_duration: 7.819999999999999
tot_sleeping_duration: 1367748.8433600122
tot_uptimes: 356
tot_uptimes_duration: 21300.048639987945
