comms_cons: 1.0197759999966325
finished_reconf: true
global_termination_time: 13404.901
local_termination_time: 7385.3823600000005
node_cons: 275.37740000000025
tot_aggregated_send: 0
tot_msg_rcv: 90
tot_msg_sent: 65
tot_reconf_duration: 25.299999999999997
tot_sleeping_duration: 13224.901
tot_uptimes: 4
tot_uptimes_duration: 180.0
