comms_cons: 1.5329535999991566
finished_reconf: true
global_termination_time: 13124.075
local_termination_time: 6260.67136
node_cons: 248.3939400000004
tot_aggregated_send: 0
tot_msg_rcv: 120
tot_msg_sent: 113
tot_reconf_duration: 5.43
tot_sleeping_duration: 12944.075
tot_uptimes: 4
tot_uptimes_duration: 180.0
