comms_cons: 1.6513791999987286
finished_reconf: true
global_termination_time: 13149.56
local_termination_time: 10174.111360000003
node_cons: 248.58406000000207
tot_aggregated_send: 0
tot_msg_rcv: 128
tot_msg_sent: 123
tot_reconf_duration: 5.57
tot_sleeping_duration: 12969.56
tot_uptimes: 4
tot_uptimes_duration: 180.0
