comms_cons: 15.49555199976611
finished_reconf: true
global_termination_time: 137482.464
local_termination_time: 3372.24512
node_cons: 2815.7105067149087
tot_aggregated_send: 1392
tot_msg_rcv: 369
tot_msg_sent: 595
tot_reconf_duration: 2.77
tot_sleeping_duration: 135382.4275200038
tot_uptimes: 36
tot_uptimes_duration: 2100.036479996197
