comms_cons: 16.21898240007169
finished_reconf: true
global_termination_time: 139809.973
local_termination_time: 2977.07824
node_cons: 2817.076647841189
tot_aggregated_send: 1218
tot_msg_rcv: 521
tot_msg_sent: 726
tot_reconf_duration: 3.77
tot_sleeping_duration: 137709.9304399991
tot_uptimes: 36
tot_uptimes_duration: 2100.0425600008875
