comms_cons: 74.30673920011121
finished_reconf: true
global_termination_time: 759860.902
local_termination_time: 346455.07928000076
node_cons: 15591.929761121391
tot_aggregated_send: 10556
tot_msg_rcv: 214
tot_msg_sent: 525
tot_reconf_duration: 4.390000000000001
tot_sleeping_duration: 748220.8959199989
tot_uptimes: 195
tot_uptimes_duration: 11640.006080001069
