comms_cons: 263.7788928223399
finished_reconf: true
global_termination_time: 2808364.655
local_termination_time: 4719.98
node_cons: 57863.605563350095
tot_aggregated_send: 38788
tot_msg_rcv: 430
tot_msg_sent: 874
tot_reconf_duration: 13.83
tot_sleeping_duration: 2765164.6367600067
tot_uptimes: 720
tot_uptimes_duration: 43200.01823999337
