comms_cons: 263.93118722744043
finished_reconf: true
global_termination_time: 2811062.021
local_termination_time: 5071.617
node_cons: 57852.71440335041
tot_aggregated_send: 39086
tot_msg_rcv: 321
tot_msg_sent: 709
tot_reconf_duration: 5.8100000000000005
tot_sleeping_duration: 2767862.0027600066
tot_uptimes: 720
tot_uptimes_duration: 43200.0182399936
