comms_cons: 267.02341120910563
finished_reconf: true
global_termination_time: 2811350.167
local_termination_time: 4079.114
node_cons: 57870.59656111611
tot_aggregated_send: 40233
tot_msg_rcv: 83
tot_msg_sent: 270
tot_reconf_duration: 18.990000000000002
tot_sleeping_duration: 2768150.160920002
tot_uptimes: 720
tot_uptimes_duration: 43200.00607999787
