comms_cons: 260.1086720034069
finished_reconf: true
global_termination_time: 2807872.894
local_termination_time: 5174.794
node_cons: 57850.843099998965
tot_aggregated_send: 39377
tot_msg_rcv: 37
tot_msg_sent: 121
tot_reconf_duration: 4.45
tot_sleeping_duration: 2764672.894
tot_uptimes: 720
tot_uptimes_duration: 43200.0
