comms_cons: 96.18195199490422
finished_reconf: true
global_termination_time: 933842.352
local_termination_time: 127939.09235999995
node_cons: 19235.6662467194
tot_aggregated_send: 12354
tot_msg_rcv: 771
tot_msg_sent: 1495
tot_reconf_duration: 25.299999999999997
tot_sleeping_duration: 919502.3155200004
tot_uptimes: 240
tot_uptimes_duration: 14340.036479999544
