comms_cons: 74.95087359786426
finished_reconf: true
global_termination_time: 706425.374
local_termination_time: 154272.22736000005
node_cons: 14469.728171195935
tot_aggregated_send: 8352
tot_msg_rcv: 1054
tot_msg_sent: 1987
tot_reconf_duration: 6.22
tot_sleeping_duration: 695625.313200003
tot_uptimes: 181
tot_uptimes_duration: 10800.06079999695
