comms_cons: 98.16558719328727
finished_reconf: true
global_termination_time: 988997.689
local_termination_time: 152522.04436000006
node_cons: 20341.427826710216
tot_aggregated_send: 12528
tot_msg_rcv: 708
tot_msg_sent: 1686
tot_reconf_duration: 11.31
tot_sleeping_duration: 973817.6525200073
tot_uptimes: 254
tot_uptimes_duration: 15180.036479992676
