comms_cons: 53.1695040028041
finished_reconf: true
global_termination_time: 457045.216
local_termination_time: 33530.364440000136
node_cons: 9424.663861300352
tot_aggregated_send: 3886
tot_msg_rcv: 1433
tot_msg_sent: 2769
tot_reconf_duration: 18.21
tot_sleeping_duration: 450025.10047998483
tot_uptimes: 118
tot_uptimes_duration: 7020.115520015199
