comms_cons: 46.1399296008432
finished_reconf: true
global_termination_time: 459435.262
local_termination_time: 313250.3304000008
node_cons: 9408.332663364263
tot_aggregated_send: 6264
tot_msg_rcv: 229
tot_msg_sent: 520
tot_reconf_duration: 6.279999999999999
tot_sleeping_duration: 452415.2437599968
tot_uptimes: 118
tot_uptimes_duration: 7020.018240003206
