comms_cons: 45.27240960022261
finished_reconf: true
global_termination_time: 459213.057
local_termination_time: 248917.79060000103
node_cons: 9408.705844644257
tot_aggregated_send: 6438
tot_msg_rcv: 96
tot_msg_sent: 347
tot_reconf_duration: 4.390000000000001
tot_sleeping_duration: 452190.8432399968
tot_uptimes: 118
tot_uptimes_duration: 7022.2137600031565
