comms_cons: 465.8384000524908
finished_reconf: true
global_termination_time: 4655144.219
local_termination_time: 1553803.97736
node_cons: 95771.86082669965
tot_aggregated_send: 65946
tot_msg_rcv: 1662
tot_msg_sent: 3195
tot_reconf_duration: 4.8100000000000005
tot_sleeping_duration: 4583624.182520013
tot_uptimes: 1193
tot_uptimes_duration: 71520.03647998674
