comms_cons: 463.29570566402026
finished_reconf: true
global_termination_time: 4657556.135
local_termination_time: 1783885.1730399984
node_cons: 95782.48038669911
tot_aggregated_send: 63742
tot_msg_rcv: 2298
tot_msg_sent: 4378
tot_reconf_duration: 12.629999999999999
tot_sleeping_duration: 4586036.0985200135
tot_uptimes: 1193
tot_uptimes_duration: 71520.03647998627
