comms_cons: 468.06668806284034
finished_reconf: true
global_termination_time: 4657026.666
local_termination_time: 1541215.3303599998
node_cons: 95771.29860781625
tot_aggregated_send: 65018
tot_msg_rcv: 2000
tot_msg_sent: 4125
tot_reconf_duration: 4.390000000000001
tot_sleeping_duration: 4585506.623440016
tot_uptimes: 1193
tot_uptimes_duration: 71520.04255998437
