comms_cons: 473.2092864946488
finished_reconf: true
global_termination_time: 4656917.058
local_termination_time: 1509410.1470799996
node_cons: 95773.77560669922
tot_aggregated_send: 64032
tot_msg_rcv: 2782
tot_msg_sent: 5109
tot_reconf_duration: 6.22
tot_sleeping_duration: 4585397.021520014
tot_uptimes: 1193
tot_uptimes_duration: 71520.0364799865
