comms_cons: 991.7864278296054
finished_reconf: true
global_termination_time: 5024908.377799996
local_termination_time: 1764.3713600000003
node_cons: 103394.0365339027
tot_aggregated_send: 0
tot_msg_rcv: 76104
tot_msg_sent: 74639
tot_reconf_duration: 5.1
tot_sleeping_duration: 4947696.196520007
tot_uptimes: 1287
tot_uptimes_duration: 77212.18127998934
