comms_cons: 500.99141768749996
finished_reconf: true
global_termination_time: 5027678.728
local_termination_time: 128440.20035999996
node_cons: 103415.5299889375
tot_aggregated_send: 70238
tot_msg_rcv: 1939
tot_msg_sent: 3970
tot_reconf_duration: 13.17
tot_sleeping_duration: 4950458.679360014
tot_uptimes: 1288
tot_uptimes_duration: 77220.04863998544
