comms_cons: 505.27108490603274
finished_reconf: true
global_termination_time: 5025035.07
local_termination_time: 3684023.0173599985
node_cons: 103332.14266446487
tot_aggregated_send: 70354
tot_msg_rcv: 2214
tot_msg_sent: 4230
tot_reconf_duration: 10.95
tot_sleeping_duration: 4947875.045680009
tot_uptimes: 1287
tot_uptimes_duration: 77160.02431999124
