comms_cons: 506.053734503937
finished_reconf: true
global_termination_time: 5025293.888
local_termination_time: 235405.55936000004
node_cons: 103338.14499004972
tot_aggregated_send: 69774
tot_msg_rcv: 2326
tot_msg_sent: 4813
tot_reconf_duration: 15.34
tot_sleeping_duration: 4948133.833280021
tot_uptimes: 1287
tot_uptimes_duration: 77160.05471997964
