comms_cons: 1292.5876953122142
finished_reconf: true
global_termination_time: 4428573.732599999
local_termination_time: 4428573.691479999
node_cons: 181099.8243473909
tot_aggregated_send: 0
tot_msg_rcv: 65791
tot_msg_sent: 130675
tot_reconf_duration: 24.59
tot_sleeping_duration: 4293348.616000001
tot_uptimes: 2236
tot_uptimes_duration: 135225.11659999812
