comms_cons: 439.04570885554153
finished_reconf: true
global_termination_time: 4430472.314
local_termination_time: 579518.4704799999
node_cons: 91109.75888781605
tot_aggregated_send: 61538
tot_msg_rcv: 1600
tot_msg_sent: 3594
tot_reconf_duration: 3.05
tot_sleeping_duration: 4362432.271440017
tot_uptimes: 1135
tot_uptimes_duration: 68040.0425599839
