comms_cons: 785.3781505425342
finished_reconf: true
global_termination_time: 7996186.482
local_termination_time: 2912412.5644399994
node_cons: 164473.92184781426
tot_aggregated_send: 111012
tot_msg_rcv: 2628
tot_msg_sent: 5731
tot_reconf_duration: 13.17
tot_sleeping_duration: 7873366.439440015
tot_uptimes: 2048
tot_uptimes_duration: 122820.04255998507
