comms_cons: 784.2523841641691
finished_reconf: true
global_termination_time: 7994629.1
local_termination_time: 5223470.292359999
node_cons: 164473.1559633456
tot_aggregated_send: 110722
tot_msg_rcv: 2857
tot_msg_sent: 5624
tot_reconf_duration: 12.629999999999999
tot_sleeping_duration: 7871809.081760006
tot_uptimes: 2048
tot_uptimes_duration: 122820.0182399936
