comms_cons: 803.5812994465757
finished_reconf: true
global_termination_time: 7997624.355
local_termination_time: 727105.0325999978
node_cons: 164543.75521579568
tot_aggregated_send: 110838
tot_msg_rcv: 3744
tot_msg_sent: 7555
tot_reconf_duration: 4.8100000000000005
tot_sleeping_duration: 7874743.680440029
tot_uptimes: 2049
tot_uptimes_duration: 122880.67455997108
