comms_cons: 104.90534399349237
finished_reconf: true
global_termination_time: 1033812.156
local_termination_time: 193323.99399999998
node_cons: 21224.26394544105
tot_aggregated_send: 14032
tot_msg_rcv: 632
tot_msg_sent: 1281
tot_reconf_duration: 7.819999999999999
tot_sleeping_duration: 1017969.2550399991
tot_uptimes: 265
tot_uptimes_duration: 15842.900960000785
