comms_cons: 193.17242238532364
finished_reconf: true
global_termination_time: 1918591.736
local_termination_time: 112175.44459999994
node_cons: 39453.488262242616
tot_aggregated_send: 26738
tot_msg_rcv: 883
tot_msg_sent: 1740
tot_reconf_duration: 4.8100000000000005
tot_sleeping_duration: 1889131.7238399978
tot_uptimes: 492
tot_uptimes_duration: 29460.012160002138
