comms_cons: 192.49423358777068
finished_reconf: true
global_termination_time: 1916799.17524
local_termination_time: 73722.67247999995
node_cons: 39391.1622927195
tot_aggregated_send: 26854
tot_msg_rcv: 887
tot_msg_sent: 1516
tot_reconf_duration: 3.05
tot_sleeping_duration: 1887383.92476
tot_uptimes: 491
tot_uptimes_duration: 29415.250479999813
