comms_cons: 109.9512000079058
finished_reconf: true
global_termination_time: 554856.508
local_termination_time: 2735.4513600000005
node_cons: 11442.669964485738
tot_aggregated_send: 0
tot_msg_rcv: 8491
tot_msg_sent: 8220
tot_reconf_duration: 25.299999999999997
tot_sleeping_duration: 546336.4836799958
tot_uptimes: 143
tot_uptimes_duration: 8520.024320004275
