comms_cons: 57.258777601296885
finished_reconf: true
global_termination_time: 552503.675
local_termination_time: 59037.77196000003
node_cons: 11338.60026560489
tot_aggregated_send: 7250
tot_msg_rcv: 522
tot_msg_sent: 931
tot_reconf_duration: 7.819999999999999
tot_sleeping_duration: 544043.6445999964
tot_uptimes: 142
tot_uptimes_duration: 8460.030400003641
