comms_cons: 82.99723519848997
finished_reconf: true
global_termination_time: 824763.94
local_termination_time: 338719.57036
node_cons: 16969.63300112143
tot_aggregated_send: 11368
tot_msg_rcv: 389
tot_msg_sent: 858
tot_reconf_duration: 13.17
tot_sleeping_duration: 812103.9339199989
tot_uptimes: 212
tot_uptimes_duration: 12660.006080001069
