comms_cons: 81.02284800068173
finished_reconf: true
global_termination_time: 823171.101
local_termination_time: 748387.6243599999
node_cons: 16877.9319800001
tot_aggregated_send: 11716
tot_msg_rcv: 186
tot_msg_sent: 413
tot_reconf_duration: 4.8100000000000005
tot_sleeping_duration: 810571.101
tot_uptimes: 211
tot_uptimes_duration: 12600.0
