comms_cons: 51.600665601009105
finished_reconf: true
global_termination_time: 510770.302
local_termination_time: 232555.37008000014
node_cons: 10452.752663364305
tot_aggregated_send: 6786
tot_msg_rcv: 305
tot_msg_sent: 752
tot_reconf_duration: 6.279999999999999
tot_sleeping_duration: 502970.2837599968
tot_uptimes: 131
tot_uptimes_duration: 7800.018240003206
