comms_cons: 52.64017920149793
finished_reconf: true
global_termination_time: 509495.698
local_termination_time: 295674.1210400003
node_cons: 10462.109283364283
tot_aggregated_send: 6844
tot_msg_rcv: 470
tot_msg_sent: 687
tot_reconf_duration: 13.17
tot_sleeping_duration: 501695.67975999677
tot_uptimes: 131
tot_uptimes_duration: 7800.018240003206
