comms_cons: 143.17637759306555
finished_reconf: true
global_termination_time: 1446064.02624
local_termination_time: 137604.33336000005
node_cons: 29770.982137187115
tot_aggregated_send: 20010
tot_msg_rcv: 648
tot_msg_sent: 1102
tot_reconf_duration: 18.21
tot_sleeping_duration: 1423848.7514400096
tot_uptimes: 371
tot_uptimes_duration: 22215.27479999035
