comms_cons: 28.962892800191895
finished_reconf: true
global_termination_time: 279301.592
local_termination_time: 14153.50648
node_cons: 5710.109761119156
tot_aggregated_send: 3654
tot_msg_rcv: 287
tot_msg_sent: 461
tot_reconf_duration: 4.390000000000001
tot_sleeping_duration: 275041.5859200006
tot_uptimes: 72
tot_uptimes_duration: 4260.006079999366
