comms_cons: 15.30979839965904
finished_reconf: true
global_termination_time: 138212.926
local_termination_time: 90473.00835999996
node_cons: 2820.363042238305
tot_aggregated_send: 1566
tot_msg_rcv: 301
tot_msg_sent: 460
tot_reconf_duration: 6.22
tot_sleeping_duration: 136112.91384000127
tot_uptimes: 36
tot_uptimes_duration: 2100.0121599987324
