comms_cons: 157.17050879556933
finished_reconf: true
global_termination_time: 1607658.309
local_termination_time: 510372.6692800008
node_cons: 33025.709761116814
tot_aggregated_send: 22678
tot_msg_rcv: 406
tot_msg_sent: 805
tot_reconf_duration: 4.390000000000001
tot_sleeping_duration: 1582998.3029200023
tot_uptimes: 412
tot_uptimes_duration: 24660.006079997635
