comms_cons: 108.2344191994925
finished_reconf: true
global_termination_time: 1100456.876
local_termination_time: 338790.41936000006
node_cons: 22593.424860000014
tot_aggregated_send: 16066
tot_msg_rcv: 165
tot_msg_sent: 220
tot_reconf_duration: 13.17
tot_sleeping_duration: 1083596.876
tot_uptimes: 282
tot_uptimes_duration: 16860.0
