comms_cons: 107.81397759944635
finished_reconf: true
global_termination_time: 1100102.836
local_termination_time: 356353.7333600001
node_cons: 22590.410100000052
tot_aggregated_send: 15718
tot_msg_rcv: 188
tot_msg_sent: 481
tot_reconf_duration: 10.95
tot_sleeping_duration: 1083242.836
tot_uptimes: 282
tot_uptimes_duration: 16860.0
