comms_cons: 106.22776320012227
finished_reconf: true
global_termination_time: 1099654.354
local_termination_time: 318717.10336
node_cons: 22591.70019999999
tot_aggregated_send: 15718
tot_msg_rcv: 88
tot_msg_sent: 340
tot_reconf_duration: 11.899999999999999
tot_sleeping_duration: 1082794.354
tot_uptimes: 282
tot_uptimes_duration: 16860.0
