comms_cons: 107.49285119951745
finished_reconf: true
global_termination_time: 1098797.099
local_termination_time: 135429.67436000003
node_cons: 22579.692504882867
tot_aggregated_send: 15950
tot_msg_rcv: 98
tot_msg_sent: 290
tot_reconf_duration: 3.05
tot_sleeping_duration: 1081937.0910799978
tot_uptimes: 282
tot_uptimes_duration: 16860.00792000213
