comms_cons: 9.909529599952052
finished_reconf: true
global_termination_time: 77156.644
local_termination_time: 37672.87452000008
node_cons: 1547.3242844788801
tot_aggregated_send: 464
tot_msg_rcv: 412
tot_msg_sent: 632
tot_reconf_duration: 15.34
tot_sleeping_duration: 76016.61968000083
tot_uptimes: 20
tot_uptimes_duration: 1140.0243199991673
