comms_cons: 8.131891200081903
finished_reconf: true
global_termination_time: 76755.289
local_termination_time: 57312.26940000007
node_cons: 1541.827121120288
tot_aggregated_send: 870
tot_msg_rcv: 142
tot_msg_sent: 224
tot_reconf_duration: 11.31
tot_sleeping_duration: 75615.2829199998
tot_uptimes: 20
tot_uptimes_duration: 1140.0060800002175
