comms_cons: 98.83932159708726
finished_reconf: true
global_termination_time: 987659.666
local_termination_time: 219137.36336000005
node_cons: 20252.22826223829
tot_aggregated_send: 13804
tot_msg_rcv: 406
tot_msg_sent: 813
tot_reconf_duration: 4.8100000000000005
tot_sleeping_duration: 972539.6538400013
tot_uptimes: 253
tot_uptimes_duration: 15120.012159998703
