comms_cons: 97.80809599590086
finished_reconf: true
global_termination_time: 985447.754
local_termination_time: 653133.6244799999
node_cons: 20249.821900000094
tot_aggregated_send: 14036
tot_msg_rcv: 252
tot_msg_sent: 578
tot_reconf_duration: 3.05
tot_sleeping_duration: 970327.754
tot_uptimes: 253
tot_uptimes_duration: 15120.0
