comms_cons: 96.54621439859078
finished_reconf: true
global_termination_time: 991502.504
local_termination_time: 224887.89536000002
node_cons: 20336.639560000003
tot_aggregated_send: 13572
tot_msg_rcv: 392
tot_msg_sent: 709
tot_reconf_duration: 7.819999999999999
tot_sleeping_duration: 976322.504
tot_uptimes: 254
tot_uptimes_duration: 15180.0
