comms_cons: 95.27339519926021
finished_reconf: true
global_termination_time: 990555.612
local_termination_time: 755354.938639999
node_cons: 20341.378979999947
tot_aggregated_send: 14094
tot_msg_rcv: 129
tot_msg_sent: 258
tot_reconf_duration: 11.31
tot_sleeping_duration: 975375.612
tot_uptimes: 254
tot_uptimes_duration: 15180.0
