comms_cons: 1260.8358370293142
finished_reconf: true
global_termination_time: 7608047.137
local_termination_time: 1782836.9836
node_cons: 156510.8889455795
tot_aggregated_send: 0
tot_msg_rcv: 96627
tot_msg_sent: 95011
tot_reconf_duration: 6.279999999999999
tot_sleeping_duration: 7491167.106600012
tot_uptimes: 1949
tot_uptimes_duration: 116880.03039998864
