comms_cons: 3088.5659348361637
finished_reconf: true
global_termination_time: 7605688.065
local_termination_time: 1782837.24248
node_cons: 460664.019320582
tot_aggregated_send: 0
tot_msg_rcv: 190021
tot_msg_sent: 279428
tot_reconf_duration: 5.57
tot_sleeping_duration: 7261657.851960022
tot_uptimes: 5637
tot_uptimes_duration: 344030.21303997835
