comms_cons: 753.0591041450787
finished_reconf: true
global_termination_time: 7606103.118
local_termination_time: 1844625.9003999992
node_cons: 156456.386246697
tot_aggregated_send: 105734
tot_msg_rcv: 3097
tot_msg_sent: 5628
tot_reconf_duration: 25.299999999999997
tot_sleeping_duration: 7489283.081520013
tot_uptimes: 1948
tot_uptimes_duration: 116820.03647998674
