comms_cons: 764.7891010089987
finished_reconf: true
global_termination_time: 7605400.485
local_termination_time: 782974.7163599998
node_cons: 156428.0311722811
tot_aggregated_send: 104748
tot_msg_rcv: 3674
tot_msg_sent: 7822
tot_reconf_duration: 4.390000000000001
tot_sleeping_duration: 7488580.418120026
tot_uptimes: 1948
tot_uptimes_duration: 116820.06687997491
