comms_cons: 61.58851839987531
finished_reconf: true
global_termination_time: 619935.0075999999
local_termination_time: 242191.0596000001
node_cons: 12746.416661759573
tot_aggregated_send: 8758
tot_msg_rcv: 208
tot_msg_sent: 395
tot_reconf_duration: 22.65
tot_sleeping_duration: 610438.6237600002
tot_uptimes: 159
tot_uptimes_duration: 9496.383839999675
