comms_cons: 61.24577279986503
finished_reconf: true
global_termination_time: 620342.915
local_termination_time: 263018.19736000005
node_cons: 12700.260121116837
tot_aggregated_send: 8816
tot_msg_rcv: 146
tot_msg_sent: 347
tot_reconf_duration: 4.8100000000000005
tot_sleeping_duration: 610862.9089200024
tot_uptimes: 159
tot_uptimes_duration: 9480.006079997627
