comms_cons: 58.966924800053434
finished_reconf: true
global_termination_time: 620193.017
local_termination_time: 427181.1254000008
node_cons: 12699.681619999956
tot_aggregated_send: 8700
tot_msg_rcv: 89
tot_msg_sent: 173
tot_reconf_duration: 4.390000000000001
tot_sleeping_duration: 610713.017
tot_uptimes: 159
tot_uptimes_duration: 9480.0
