comms_cons: 276.10928640922515
finished_reconf: true
global_termination_time: 2807808.945
local_termination_time: 6745.968
node_cons: 57874.24958111611
tot_aggregated_send: 40521
tot_msg_rcv: 467
tot_msg_sent: 979
tot_reconf_duration: 21.68
tot_sleeping_duration: 2764608.938920002
tot_uptimes: 720
tot_uptimes_duration: 43200.00607999787
