comms_cons: 279.49757441198074
finished_reconf: true
global_termination_time: 2811331.337
local_termination_time: 397.41112
node_cons: 57852.828983420884
tot_aggregated_send: 39208
tot_msg_rcv: 1011
tot_msg_sent: 2263
tot_reconf_duration: 5.87
tot_sleeping_duration: 2768131.2940400136
tot_uptimes: 720
tot_uptimes_duration: 43200.04295998649
