comms_cons: 280.8968896016522
finished_reconf: true
global_termination_time: 2808086.666
local_termination_time: 4747.172
node_cons: 57861.47346893949
tot_aggregated_send: 39427
tot_msg_rcv: 1120
tot_msg_sent: 2146
tot_reconf_duration: 12.23
tot_sleeping_duration: 2764886.6173600145
tot_uptimes: 720
tot_uptimes_duration: 43200.04863998544
