comms_cons: 20.507993600275547
finished_reconf: true
global_termination_time: 201939.359
local_termination_time: 98777.83735999942
node_cons: 4103.450945279815
tot_aggregated_send: 2610
tot_msg_rcv: 160
tot_msg_sent: 347
tot_reconf_duration: 4.390000000000001
tot_sleeping_duration: 198879.24748000014
tot_uptimes: 52
tot_uptimes_duration: 3060.1115199998603
