comms_cons: 19.716665600010284
finished_reconf: true
global_termination_time: 204713.318
local_termination_time: 177903.17228000078
node_cons: 4188.299559999972
tot_aggregated_send: 2842
tot_msg_rcv: 47
tot_msg_sent: 107
tot_reconf_duration: 7.819999999999999
tot_sleeping_duration: 201593.318
tot_uptimes: 53
tot_uptimes_duration: 3120.0
