comms_cons: 19.73760000010174
finished_reconf: true
global_termination_time: 202319.142
local_termination_time: 92833.06547999998
node_cons: 4112.715262240602
tot_aggregated_send: 2726
tot_msg_rcv: 50
tot_msg_sent: 224
tot_reconf_duration: 11.31
tot_sleeping_duration: 199259.12983999957
tot_uptimes: 52
tot_uptimes_duration: 3060.012160000435
