comms_cons: 437.6106304876497
finished_reconf: true
global_termination_time: 4335024.736
local_termination_time: 2314803.82636
node_cons: 89185.94445340178
tot_aggregated_send: 58522
tot_msg_rcv: 2815
tot_msg_sent: 5180
tot_reconf_duration: 6.22
tot_sleeping_duration: 4268424.663040026
tot_uptimes: 1111
tot_uptimes_duration: 66600.07295997348
