comms_cons: 122.16979199832919
finished_reconf: true
global_termination_time: 1242360.584
local_termination_time: 628297.1593599999
node_cons: 25556.65638111691
tot_aggregated_send: 18096
tot_msg_rcv: 130
tot_msg_sent: 343
tot_reconf_duration: 6.279999999999999
tot_sleeping_duration: 1223280.5779200024
tot_uptimes: 319
tot_uptimes_duration: 19080.006079997635
