comms_cons: 8.699583999579708
finished_reconf: true
global_termination_time: 120379.695
local_termination_time: 2370.91512
node_cons: 2442.724065597754
tot_aggregated_send: 0
tot_msg_rcv: 362
tot_msg_sent: 961
tot_reconf_duration: 23.919999999999998
tot_sleeping_duration: 118579.66460000168
tot_uptimes: 31
tot_uptimes_duration: 1800.0303999983225
