comms_cons: 9.218086399578846
finished_reconf: true
global_termination_time: 120397.662
local_termination_time: 2718.69124
node_cons: 2419.4913878371963
tot_aggregated_send: 0
tot_msg_rcv: 416
tot_msg_sent: 985
tot_reconf_duration: 6.8
tot_sleeping_duration: 118597.61944000209
tot_uptimes: 31
tot_uptimes_duration: 1800.0425599979062
