comms_cons: 8.843071999378715
finished_reconf: true
global_termination_time: 120727.968
local_termination_time: 1273.6731200000002
node_cons: 2436.0372667160477
tot_aggregated_send: 0
tot_msg_rcv: 310
tot_msg_sent: 1035
tot_reconf_duration: 18.990000000000002
tot_sleeping_duration: 118927.93152000295
tot_uptimes: 31
tot_uptimes_duration: 1800.0364799970484
