comms_cons: 43.43448320035857
finished_reconf: true
global_termination_time: 425147.4464800001
local_termination_time: 425147.4053600001
node_cons: 8728.504224325
tot_aggregated_send: 5554
tot_msg_rcv: 334
tot_msg_sent: 714
tot_reconf_duration: 24.59
tot_sleeping_duration: 418653.7115999964
tot_uptimes: 109
tot_uptimes_duration: 6493.734880003718
