comms_cons: 43.44638720045377
finished_reconf: true
global_termination_time: 427672.321
local_termination_time: 142523.53424000094
node_cons: 8765.604522242871
tot_aggregated_send: 5626
tot_msg_rcv: 283
tot_msg_sent: 696
tot_reconf_duration: 6.279999999999999
tot_sleeping_duration: 421132.30883999786
tot_uptimes: 110
tot_uptimes_duration: 6540.0121600021375
