comms_cons: 43.56746240085006
finished_reconf: true
global_termination_time: 428167.108
local_termination_time: 338123.14336000005
node_cons: 8764.63220112145
tot_aggregated_send: 5800
tot_msg_rcv: 304
tot_msg_sent: 518
tot_reconf_duration: 5.57
tot_sleeping_duration: 421627.10191999894
tot_uptimes: 110
tot_uptimes_duration: 6540.006080001069
