comms_cons: 45.39648000153157
finished_reconf: true
global_termination_time: 427255.558
local_termination_time: 157463.34336000006
node_cons: 8763.993941121444
tot_aggregated_send: 5336
tot_msg_rcv: 579
tot_msg_sent: 985
tot_reconf_duration: 5.1
tot_sleeping_duration: 420715.55191999895
tot_uptimes: 110
tot_uptimes_duration: 6540.006080001065
