comms_cons: 43.49571840091654
finished_reconf: true
global_termination_time: 426133.21
local_termination_time: 169838.94748000006
node_cons: 8763.60826224287
tot_aggregated_send: 5626
tot_msg_rcv: 344
tot_msg_sent: 642
tot_reconf_duration: 4.8100000000000005
tot_sleeping_duration: 419593.1978399979
tot_uptimes: 110
tot_uptimes_duration: 6540.0121600021375
