comms_cons: 45.84386560163365
finished_reconf: true
global_termination_time: 425700.092
local_termination_time: 206657.91236000005
node_cons: 8761.250746728578
tot_aggregated_send: 5336
tot_msg_rcv: 640
tot_msg_sent: 992
tot_reconf_duration: 3.05
tot_sleeping_duration: 419160.0555199936
tot_uptimes: 110
tot_uptimes_duration: 6540.036480006413
