comms_cons: 47.133939202407966
finished_reconf: true
global_termination_time: 428571.046
local_termination_time: 135134.6983200006
node_cons: 8767.752830092857
tot_aggregated_send: 5046
tot_msg_rcv: 834
tot_msg_sent: 1284
tot_reconf_duration: 7.819999999999999
tot_sleeping_duration: 422030.99127999035
tot_uptimes: 110
tot_uptimes_duration: 6540.054720009619
