comms_cons: 495.938700888455
finished_reconf: true
global_termination_time: 4956474.333239988
local_termination_time: 16832.742720000006
node_cons: 102070.9258937236
tot_aggregated_send: 69542
tot_msg_rcv: 1821
tot_msg_sent: 4015
tot_reconf_duration: 18.21
tot_sleeping_duration: 4880263.5814000135
tot_uptimes: 1270
tot_uptimes_duration: 76210.75183997501
