comms_cons: 482.8474880219826
finished_reconf: true
global_termination_time: 4958297.735
local_termination_time: 3194414.438
node_cons: 101971.52807271421
tot_aggregated_send: 71159
tot_msg_rcv: 665
tot_msg_sent: 1566
tot_reconf_duration: 13.17
tot_sleeping_duration: 4882156.104520002
tot_uptimes: 1270
tot_uptimes_duration: 76141.63047999796
