comms_cons: 501.4596289078054
finished_reconf: true
global_termination_time: 4958094.346
local_termination_time: 357567.4021600003
node_cons: 101957.47860782038
tot_aggregated_send: 68208
tot_msg_rcv: 2771
tot_msg_sent: 5239
tot_reconf_duration: 4.390000000000001
tot_sleeping_duration: 4881954.303440012
tot_uptimes: 1270
tot_uptimes_duration: 76140.04255998759
