comms_cons: 323.50257895115845
finished_reconf: true
global_termination_time: 1638056.6633999983
local_termination_time: 816.2110399999993
node_cons: 33747.782177831556
tot_aggregated_send: 0
tot_msg_rcv: 24817
tot_msg_sent: 24351
tot_reconf_duration: 6.22
tot_sleeping_duration: 1612859.2508400045
tot_uptimes: 420
tot_uptimes_duration: 25197.41255999368
