comms_cons: 83.65452799541303
finished_reconf: true
global_termination_time: 823302.6084799998
local_termination_time: 823302.5673599999
node_cons: 16923.176083200946
tot_aggregated_send: 11238
tot_msg_rcv: 536
tot_msg_sent: 940
tot_reconf_duration: 24.59
tot_sleeping_duration: 810688.8796799991
tot_uptimes: 211
tot_uptimes_duration: 12613.728800000681
