comms_cons: 84.56054399471535
finished_reconf: true
global_termination_time: 826267.661
local_termination_time: 17045.437480000004
node_cons: 16958.312685593384
tot_aggregated_send: 11078
tot_msg_rcv: 608
tot_msg_sent: 1166
tot_reconf_duration: 4.8100000000000005
tot_sleeping_duration: 813607.6306000049
tot_uptimes: 212
tot_uptimes_duration: 12660.030399995041
