comms_cons: 2.2895615999924344
finished_reconf: true
global_termination_time: 14181.134
local_termination_time: 5921.285360000001
node_cons: 249.5482400000009
tot_aggregated_send: 0
tot_msg_rcv: 179
tot_msg_sent: 169
tot_reconf_duration: 6.279999999999999
tot_sleeping_duration: 14001.134
tot_uptimes: 4
tot_uptimes_duration: 180.0
