comms_cons: 444.47856650476535
finished_reconf: true
global_termination_time: 4395066.328
local_termination_time: 492097.39148000005
node_cons: 90401.11520413496
tot_aggregated_send: 60552
tot_msg_rcv: 2305
tot_msg_sent: 4702
tot_reconf_duration: 13.17
tot_sleeping_duration: 4327565.782560016
tot_uptimes: 1126
tot_uptimes_duration: 67500.54543998314
