comms_cons: 442.2740352923541
finished_reconf: true
global_termination_time: 4398377.711
local_termination_time: 1267613.806719998
node_cons: 90485.95198101074
tot_aggregated_send: 61480
tot_msg_rcv: 1906
tot_msg_sent: 3839
tot_reconf_duration: 9.11
tot_sleeping_duration: 4330809.68964002
tot_uptimes: 1127
tot_uptimes_duration: 67568.02135997987
