comms_cons: 442.4670016541149
finished_reconf: true
global_termination_time: 4465764.626
local_termination_time: 947005.7753599999
node_cons: 91844.01968558252
tot_aggregated_send: 62176
tot_msg_rcv: 1660
tot_msg_sent: 3416
tot_reconf_duration: 11.31
tot_sleeping_duration: 4397184.595600012
tot_uptimes: 1144
tot_uptimes_duration: 68580.03039998887
