comms_cons: 144.2950143883647
finished_reconf: true
global_termination_time: 1437368.5452400001
local_termination_time: 269738.6201200005
node_cons: 29608.93346494428
tot_aggregated_send: 19836
tot_msg_rcv: 788
tot_msg_sent: 1308
tot_reconf_duration: 18.21
tot_sleeping_duration: 1415274.292600012
tot_uptimes: 369
tot_uptimes_duration: 22094.252639988204
