comms_cons: 279.85285121460663
finished_reconf: false
global_termination_time: 2809331.114
local_termination_time: 0
node_cons: 57901.552302718934
tot_aggregated_send: 40193
tot_msg_rcv: 814
tot_msg_sent: 1529
tot_reconf_duration: 39.720000000000006
tot_sleeping_duration: 2766129.01352
tot_uptimes: 720
tot_uptimes_duration: 43202.10048000001
