comms_cons: 263.6877568187407
finished_reconf: true
global_termination_time: 2810039.566
local_termination_time: 5461.337
node_cons: 57854.04254111611
tot_aggregated_send: 39432
tot_msg_rcv: 204
tot_msg_sent: 443
tot_reconf_duration: 6.8
tot_sleeping_duration: 2766839.5599200022
tot_uptimes: 720
tot_uptimes_duration: 43200.00607999787
