comms_cons: 49.50050559986548
finished_reconf: true
global_termination_time: 15077.848240000003
local_termination_time: 2934.5064800000023
node_cons: 6402.83233480008
tot_aggregated_send: 0
tot_msg_rcv: 3946
tot_msg_sent: 3577
tot_reconf_duration: 18.21
tot_sleeping_duration: 10314.515039999946
tot_uptimes: 67
tot_uptimes_duration: 4763.333200000056
