comms_cons: 2.0928127999923762
finished_reconf: true
global_termination_time: 15077.33048
local_termination_time: 15077.28936
node_cons: 310.18121984000715
tot_aggregated_send: 0
tot_msg_rcv: 161
tot_msg_sent: 156
tot_reconf_duration: 37.410000000000004
tot_sleeping_duration: 14883.619919999996
tot_uptimes: 4
tot_uptimes_duration: 193.710560000005
