comms_cons: 2.3421951999943715
finished_reconf: true
global_termination_time: 18152.335
local_termination_time: 4911.64836
node_cons: 342.19172000000026
tot_aggregated_send: 0
tot_msg_rcv: 194
tot_msg_sent: 162
tot_reconf_duration: 15.34
tot_sleeping_duration: 17912.335
tot_uptimes: 5
tot_uptimes_duration: 240.0
