comms_cons: 1.7763839999941309
finished_reconf: true
global_termination_time: 15704.779
local_termination_time: 11411.041360000001
node_cons: 325.5426399999999
tot_aggregated_send: 0
tot_msg_rcv: 147
tot_msg_sent: 123
tot_reconf_duration: 3.08
tot_sleeping_duration: 15464.779
tot_uptimes: 5
tot_uptimes_duration: 240.0
