comms_cons: 2.2632447999951606
finished_reconf: true
global_termination_time: 16788.361
local_termination_time: 4036.8243600000005
node_cons: 336.2301000000004
tot_aggregated_send: 0
tot_msg_rcv: 178
tot_msg_sent: 166
tot_reconf_duration: 10.95
tot_sleeping_duration: 16548.361
tot_uptimes: 5
tot_uptimes_duration: 240.0
