comms_cons: 82.01035519773794
finished_reconf: true
global_termination_time: 818997.8403199996
local_termination_time: 818997.7991999997
node_cons: 16870.08150872117
tot_aggregated_send: 11516
tot_msg_rcv: 352
tot_msg_sent: 597
tot_reconf_duration: 37.410000000000004
tot_sleeping_duration: 806436.7658399988
tot_uptimes: 210
tot_uptimes_duration: 12561.074480000847
