comms_cons: 140.07577597232182
finished_reconf: true
global_termination_time: 821873.736
local_termination_time: 178365.85836000004
node_cons: 16879.96894559798
tot_aggregated_send: 0
tot_msg_rcv: 10842
tot_msg_sent: 10448
tot_reconf_duration: 6.279999999999999
tot_sleeping_duration: 809273.7056000015
tot_uptimes: 211
tot_uptimes_duration: 12600.030399998475
