comms_cons: 82.74722559756148
finished_reconf: true
global_termination_time: 819537.187
local_termination_time: 251126.5498800009
node_cons: 16847.951698797795
tot_aggregated_send: 10730
tot_msg_rcv: 624
tot_msg_sent: 1223
tot_reconf_duration: 25.299999999999997
tot_sleeping_duration: 806980.3578000016
tot_uptimes: 210
tot_uptimes_duration: 12556.82919999832
