comms_cons: 83.62128639693285
finished_reconf: true
global_termination_time: 819056.865
local_termination_time: 353220.72636000003
node_cons: 16889.31742447653
tot_aggregated_send: 11078
tot_msg_rcv: 535
tot_msg_sent: 1096
tot_reconf_duration: 13.17
tot_sleeping_duration: 806456.8406800026
tot_uptimes: 210
tot_uptimes_duration: 12600.024319997407
