comms_cons: 82.03227519589554
finished_reconf: true
global_termination_time: 820889.988
local_termination_time: 516634.7311200005
node_cons: 16891.927521121437
tot_aggregated_send: 11252
tot_msg_rcv: 380
tot_msg_sent: 836
tot_reconf_duration: 15.110000000000001
tot_sleeping_duration: 808289.9819199989
tot_uptimes: 211
tot_uptimes_duration: 12600.006080001069
