comms_cons: 82.39000319905878
finished_reconf: true
global_termination_time: 822654.32
local_termination_time: 291111.246
node_cons: 16884.504636887126
tot_aggregated_send: 10842
tot_msg_rcv: 513
tot_msg_sent: 1166
tot_reconf_duration: 7.819999999999999
tot_sleeping_duration: 810052.4640799946
tot_uptimes: 211
tot_uptimes_duration: 12601.855920005299
