comms_cons: 286.24771201666056
finished_reconf: true
global_termination_time: 2810456.518
local_termination_time: 1678127.3993600002
node_cons: 57859.73522893515
tot_aggregated_send: 38512
tot_msg_rcv: 1747
tot_msg_sent: 3248
tot_reconf_duration: 10.95
tot_sleeping_duration: 2767256.469360018
tot_uptimes: 720
tot_uptimes_duration: 43200.04863998201
