comms_cons: 96.53175039449559
finished_reconf: true
global_termination_time: 942516.509
local_termination_time: 162187.67336000004
node_cons: 19370.517086719414
tot_aggregated_send: 12702
tot_msg_rcv: 688
tot_msg_sent: 1282
tot_reconf_duration: 6.279999999999999
tot_sleeping_duration: 928056.4725200004
tot_uptimes: 242
tot_uptimes_duration: 14460.036479999544
