comms_cons: 56.15347200068931
finished_reconf: true
global_termination_time: 569234.1562400002
local_termination_time: 498218.46924000053
node_cons: 11688.730441603095
tot_aggregated_send: 7830
tot_msg_rcv: 286
tot_msg_sent: 418
tot_reconf_duration: 3.05
tot_sleeping_duration: 560507.801839998
tot_uptimes: 146
tot_uptimes_duration: 8726.354400002252
