comms_cons: 58.996313600305
finished_reconf: true
global_termination_time: 570134.836
local_termination_time: 79754.14335999997
node_cons: 11740.275842242878
tot_aggregated_send: 7540
tot_msg_rcv: 504
tot_msg_sent: 923
tot_reconf_duration: 7.819999999999999
tot_sleeping_duration: 561374.8238399979
tot_uptimes: 147
tot_uptimes_duration: 8760.01216000213
