comms_cons: 58.067673599710545
finished_reconf: true
global_termination_time: 569752.358
local_termination_time: 65743.80371999994
node_cons: 11657.77118336431
tot_aggregated_send: 7598
tot_msg_rcv: 414
tot_msg_sent: 815
tot_reconf_duration: 6.22
tot_sleeping_duration: 561052.3397599967
tot_uptimes: 146
tot_uptimes_duration: 8700.018240003206
