comms_cons: 268.6302591933806
finished_reconf: true
global_termination_time: 2716521.057
local_termination_time: 760807.9046399981
node_cons: 55843.888483349794
tot_aggregated_send: 37758
tot_msg_rcv: 1096
tot_msg_sent: 1976
tot_reconf_duration: 5.57
tot_sleeping_duration: 2674821.038760007
tot_uptimes: 696
tot_uptimes_duration: 41700.01823999314
