comms_cons: 272.44467200643476
finished_reconf: true
global_termination_time: 2713290.243
local_termination_time: 445483.4466800007
node_cons: 55762.52454446638
tot_aggregated_send: 37700
tot_msg_rcv: 1158
tot_msg_sent: 2552
tot_reconf_duration: 4.8100000000000005
tot_sleeping_duration: 2671650.2186800092
tot_uptimes: 695
tot_uptimes_duration: 41640.02431999054
