comms_cons: 276.8402047947464
finished_reconf: true
global_termination_time: 2713518.069
local_termination_time: 164442.5098400001
node_cons: 55766.63654783064
tot_aggregated_send: 37062
tot_msg_rcv: 1823
tot_msg_sent: 3194
tot_reconf_duration: 7.819999999999999
tot_sleeping_duration: 2671878.0264400067
tot_uptimes: 695
tot_uptimes_duration: 41640.042559993744
