comms_cons: 132.05541118168998
finished_reconf: true
global_termination_time: 674736.7721999997
local_termination_time: 3130.84936
node_cons: 13870.815717921041
tot_aggregated_send: 0
tot_msg_rcv: 10095
tot_msg_sent: 9975
tot_reconf_duration: 18.21
tot_sleeping_duration: 664396.154919999
tot_uptimes: 173
tot_uptimes_duration: 10340.617280000763
