comms_cons: 133.1751935792246
finished_reconf: true
global_termination_time: 677955.036
local_termination_time: 1482.3600400000014
node_cons: 13914.17898000002
tot_aggregated_send: 0
tot_msg_rcv: 10212
tot_msg_sent: 10029
tot_reconf_duration: 11.31
tot_sleeping_duration: 667575.036
tot_uptimes: 174
tot_uptimes_duration: 10380.0
