comms_cons: 95.16719359320321
finished_reconf: true
global_termination_time: 924057.579
local_termination_time: 99391.13667999985
node_cons: 18985.018026714824
tot_aggregated_send: 11948
tot_msg_rcv: 896
tot_msg_sent: 1620
tot_reconf_duration: 18.21
tot_sleeping_duration: 909897.5425200039
tot_uptimes: 237
tot_uptimes_duration: 14160.03647999611
