comms_cons: 94.33607679661925
finished_reconf: true
global_termination_time: 919970.6482400002
local_termination_time: 17668.501880000007
node_cons: 18938.288324962956
tot_aggregated_send: 12238
tot_msg_rcv: 755
tot_msg_sent: 1344
tot_reconf_duration: 3.05
tot_sleeping_duration: 905830.1355999981
tot_uptimes: 236
tot_uptimes_duration: 14140.512640002184
