comms_cons: 169.04810878887315
finished_reconf: true
global_termination_time: 1685512.82148
local_termination_time: 1685512.78036
node_cons: 34678.316083200894
tot_aggregated_send: 23360
tot_msg_rcv: 695
tot_msg_sent: 1638
tot_reconf_duration: 24.59
tot_sleeping_duration: 1659639.0926799993
tot_uptimes: 432
tot_uptimes_duration: 25873.72880000068
