comms_cons: 164.88853759335947
finished_reconf: true
global_termination_time: 1659277.257
local_termination_time: 844836.1273999992
node_cons: 34071.72405999993
tot_aggregated_send: 23664
tot_msg_rcv: 475
tot_msg_sent: 923
tot_reconf_duration: 5.57
tot_sleeping_duration: 1633837.257
tot_uptimes: 425
tot_uptimes_duration: 25440.0
