comms_cons: 165.74383359224439
finished_reconf: true
global_termination_time: 1661288.788
local_termination_time: 366047.32476000086
node_cons: 34199.951684641135
tot_aggregated_send: 23664
tot_msg_rcv: 551
tot_msg_sent: 978
tot_reconf_duration: 25.299999999999997
tot_sleeping_duration: 1635773.0342399993
tot_uptimes: 426
tot_uptimes_duration: 25515.753760000865
