comms_cons: 233.27508466192992
finished_reconf: true
global_termination_time: 1178973.853
local_termination_time: 193.48247999999995
node_cons: 24207.093603355133
tot_aggregated_send: 0
tot_msg_rcv: 18004
tot_msg_sent: 17451
tot_reconf_duration: 18.21
tot_sleeping_duration: 1160913.8347600035
tot_uptimes: 302
tot_uptimes_duration: 18060.018239996338
