comms_cons: 123.37343998777706
finished_reconf: true
global_termination_time: 1180350.154
local_termination_time: 238372.16636000006
node_cons: 24270.36617678012
tot_aggregated_send: 14848
tot_msg_rcv: 1333
tot_msg_sent: 2571
tot_reconf_duration: 5.57
tot_sleeping_duration: 1162230.0628000149
tot_uptimes: 303
tot_uptimes_duration: 18120.091199985123
