comms_cons: 117.42556159686382
finished_reconf: true
global_termination_time: 1177427.541
local_termination_time: 250461.3942400005
node_cons: 24193.39949008371
tot_aggregated_send: 14616
tot_msg_rcv: 1133
tot_msg_sent: 2099
tot_reconf_duration: 8.09
tot_sleeping_duration: 1159367.4862799973
tot_uptimes: 302
tot_uptimes_duration: 18060.05472000275
