comms_cons: 113.15878399956219
finished_reconf: true
global_termination_time: 1181580.203
local_termination_time: 592552.9831999996
node_cons: 24283.21566224288
tot_aggregated_send: 15892
tot_msg_rcv: 428
tot_msg_sent: 879
tot_reconf_duration: 15.110000000000001
tot_sleeping_duration: 1163460.1908399977
tot_uptimes: 303
tot_uptimes_duration: 18120.012160002138
