comms_cons: 331.5851008193038
finished_reconf: true
global_termination_time: 3353154.782
local_termination_time: 154319.00636000003
node_cons: 68935.90263999847
tot_aggregated_send: 48198
tot_msg_rcv: 693
tot_msg_sent: 1508
tot_reconf_duration: 3.08
tot_sleeping_duration: 3301674.782
tot_uptimes: 859
tot_uptimes_duration: 51480.0
