comms_cons: 333.9308544059081
finished_reconf: true
global_termination_time: 3356221.61
local_termination_time: 703427.6751199979
node_cons: 69025.33494590933
tot_aggregated_send: 47502
tot_msg_rcv: 937
tot_msg_sent: 2316
tot_reconf_duration: 8.09
tot_sleeping_duration: 3304679.900720007
tot_uptimes: 860
tot_uptimes_duration: 51541.7092799932
