comms_cons: 335.3546368060076
finished_reconf: true
global_termination_time: 3351966.685
local_termination_time: 641473.6133599998
node_cons: 68944.09137999846
tot_aggregated_send: 47676
tot_msg_rcv: 1215
tot_msg_sent: 2080
tot_reconf_duration: 9.11
tot_sleeping_duration: 3300486.685
tot_uptimes: 859
tot_uptimes_duration: 51480.0
