comms_cons: 331.7298432101565
finished_reconf: true
global_termination_time: 3353260.977
local_termination_time: 2329612.0493599996
node_cons: 68946.59009999811
tot_aggregated_send: 48314
tot_msg_rcv: 781
tot_msg_sent: 1326
tot_reconf_duration: 10.95
tot_sleeping_duration: 3301780.977
tot_uptimes: 859
tot_uptimes_duration: 51480.0
