comms_cons: 341.42641923610137
finished_reconf: true
global_termination_time: 3351799.727
local_termination_time: 62601.63028000008
node_cons: 68937.8607245747
tot_aggregated_send: 44718
tot_msg_rcv: 2328
tot_msg_sent: 4849
tot_reconf_duration: 4.390000000000001
tot_sleeping_duration: 3300319.593240048
tot_uptimes: 859
tot_uptimes_duration: 51480.133759952325
