comms_cons: 336.0907520244957
finished_reconf: true
global_termination_time: 3356450.633
local_termination_time: 1235442.27036
node_cons: 69020.58003005151
tot_aggregated_send: 45298
tot_msg_rcv: 1785
tot_msg_sent: 4002
tot_reconf_duration: 6.22
tot_sleeping_duration: 3304910.57828002
tot_uptimes: 860
tot_uptimes_duration: 51540.054719979875
