comms_cons: 340.8087936609935
finished_reconf: true
global_termination_time: 3351535.9952399936
local_termination_time: 62608.01880000014
node_cons: 68989.23530611667
tot_aggregated_send: 45240
tot_msg_rcv: 2167
tot_msg_sent: 4393
tot_reconf_duration: 11.31
tot_sleeping_duration: 3300024.5118000247
tot_uptimes: 859
tot_uptimes_duration: 51511.48343996875
