comms_cons: 502.45775364650217
finished_reconf: true
global_termination_time: 2555611.126679996
local_termination_time: 2305.68348
node_cons: 52635.51175863554
tot_aggregated_send: 0
tot_msg_rcv: 38407
tot_msg_sent: 37962
tot_reconf_duration: 18.21
tot_sleeping_duration: 2516320.0269199987
tot_uptimes: 655
tot_uptimes_duration: 39291.099759997276
