comms_cons: 253.14129918249105
finished_reconf: true
global_termination_time: 2557371.701
local_termination_time: 630861.3986399982
node_cons: 52552.987701116115
tot_aggregated_send: 35438
tot_msg_rcv: 1009
tot_msg_sent: 2029
tot_reconf_duration: 7.819999999999999
tot_sleeping_duration: 2518131.694920002
tot_uptimes: 655
tot_uptimes_duration: 39240.006079997635
