comms_cons: 251.59518718209134
finished_reconf: true
global_termination_time: 2556338.996
local_termination_time: 1836409.359879999
node_cons: 52550.80675999915
tot_aggregated_send: 35032
tot_msg_rcv: 986
tot_msg_sent: 2223
tot_reconf_duration: 6.22
tot_sleeping_duration: 2517098.996
tot_uptimes: 655
tot_uptimes_duration: 39240.0
