comms_cons: 90.99754239525936
finished_reconf: true
global_termination_time: 908453.657
local_termination_time: 82902.11051999978
node_cons: 18669.66649763386
tot_aggregated_send: 12528
tot_msg_rcv: 392
tot_msg_sent: 912
tot_reconf_duration: 22.65
tot_sleeping_duration: 894533.6362400046
tot_uptimes: 233
tot_uptimes_duration: 13920.020759995386
