comms_cons: 293.130009589793
finished_reconf: true
global_termination_time: 2982468.036
local_termination_time: 1149821.6679599998
node_cons: 61324.198026700076
tot_aggregated_send: 41760
tot_msg_rcv: 972
tot_msg_sent: 1822
tot_reconf_duration: 18.21
tot_sleeping_duration: 2936687.999520014
tot_uptimes: 764
tot_uptimes_duration: 45780.03647998604
