comms_cons: 298.84257920844584
finished_reconf: true
global_termination_time: 2980514.827
local_termination_time: 881410.5335599995
node_cons: 61330.284534518614
tot_aggregated_send: 40310
tot_msg_rcv: 1848
tot_msg_sent: 3264
tot_reconf_duration: 22.65
tot_sleeping_duration: 2934734.74796003
tot_uptimes: 764
tot_uptimes_duration: 45780.07903996995
