comms_cons: 290.40588799941656
finished_reconf: true
global_termination_time: 2980934.743
local_termination_time: 1596677.9953599998
node_cons: 61317.304859998716
tot_aggregated_send: 43384
tot_msg_rcv: 244
tot_msg_sent: 512
tot_reconf_duration: 13.17
tot_sleeping_duration: 2935154.743
tot_uptimes: 764
tot_uptimes_duration: 45780.0
