comms_cons: 292.9556864097486
finished_reconf: true
global_termination_time: 2979795.238
local_termination_time: 1943361.7347199998
node_cons: 61314.29009999907
tot_aggregated_send: 42630
tot_msg_rcv: 686
tot_msg_sent: 1210
tot_reconf_duration: 10.95
tot_sleeping_duration: 2934015.238
tot_uptimes: 764
tot_uptimes_duration: 45780.0
