comms_cons: 587.4805700168794
finished_reconf: true
global_termination_time: 2978804.063879997
local_termination_time: 120.98448000000033
node_cons: 61281.81494236667
tot_aggregated_send: 0
tot_msg_rcv: 45065
tot_msg_sent: 44226
tot_reconf_duration: 11.31
tot_sleeping_duration: 2933048.682280021
tot_uptimes: 763
tot_uptimes_duration: 45755.38159997598
