comms_cons: 94.32003841051777
finished_reconf: true
global_termination_time: 321440.3251600009
local_termination_time: 194.65503999999996
node_cons: 13219.267394241184
tot_aggregated_send: 0
tot_msg_rcv: 4809
tot_msg_sent: 9526
tot_reconf_duration: 4.390000000000001
tot_sleeping_duration: 311572.28500000003
tot_uptimes: 164
tot_uptimes_duration: 9868.04016000087
