comms_cons: 166.19779838841396
finished_reconf: true
global_termination_time: 1644496.969
local_termination_time: 323648.73436000006
node_cons: 33830.09022335507
tot_aggregated_send: 22446
tot_msg_rcv: 1071
tot_msg_sent: 1744
tot_reconf_duration: 5.1
tot_sleeping_duration: 1619236.9507600036
tot_uptimes: 422
tot_uptimes_duration: 25260.018239996338
