comms_cons: 324.3256061502893
finished_reconf: true
global_termination_time: 1642911.8185999999
local_termination_time: 1455.1654800000003
node_cons: 33781.270431754965
tot_aggregated_send: 0
tot_msg_rcv: 24931
tot_msg_sent: 24364
tot_reconf_duration: 13.17
tot_sleeping_duration: 1617696.4447600036
tot_uptimes: 421
tot_uptimes_duration: 25215.37383999623
