comms_cons: 165.08716799412156
finished_reconf: true
global_termination_time: 1645762.806
local_termination_time: 630250.5385999999
node_cons: 33829.11790223369
tot_aggregated_send: 22794
tot_msg_rcv: 723
tot_msg_sent: 1576
tot_reconf_duration: 4.390000000000001
tot_sleeping_duration: 1620502.7938400048
tot_uptimes: 422
tot_uptimes_duration: 25260.01215999527
