comms_cons: 164.7896063878885
finished_reconf: true
global_termination_time: 1647070.682
local_termination_time: 1091809.74
node_cons: 33833.783983350666
tot_aggregated_send: 22674
tot_msg_rcv: 826
tot_msg_sent: 1547
tot_reconf_duration: 7.819999999999999
tot_sleeping_duration: 1621810.6637600071
tot_uptimes: 422
tot_uptimes_duration: 25260.01823999296
