comms_cons: 162.26545919190715
finished_reconf: true
global_termination_time: 1643337.727
local_termination_time: 1184012.0223599998
node_cons: 33758.167121116916
tot_aggregated_send: 22794
tot_msg_rcv: 604
tot_msg_sent: 1265
tot_reconf_duration: 11.31
tot_sleeping_duration: 1618137.7209200023
tot_uptimes: 421
tot_uptimes_duration: 25200.006079997635
