comms_cons: 93.0548735997551
finished_reconf: true
global_termination_time: 951073.062
local_termination_time: 498281.45952000085
node_cons: 19533.239560000056
tot_aggregated_send: 13514
tot_msg_rcv: 187
tot_msg_sent: 441
tot_reconf_duration: 7.819999999999999
tot_sleeping_duration: 936493.062
tot_uptimes: 244
tot_uptimes_duration: 14580.000000000015
