comms_cons: 94.31941119677117
finished_reconf: true
global_termination_time: 951639.93
local_termination_time: 143177.4372800008
node_cons: 19531.06676000003
tot_aggregated_send: 13746
tot_msg_rcv: 247
tot_msg_sent: 343
tot_reconf_duration: 6.22
tot_sleeping_duration: 937059.93
tot_uptimes: 244
tot_uptimes_duration: 14580.0
