comms_cons: 93.14831359990423
finished_reconf: true
global_termination_time: 949197.863
local_termination_time: 551006.6603599999
node_cons: 19537.978979999945
tot_aggregated_send: 13688
tot_msg_rcv: 172
tot_msg_sent: 298
tot_reconf_duration: 11.31
tot_sleeping_duration: 934617.863
tot_uptimes: 244
tot_uptimes_duration: 14580.0
