comms_cons: 236.55321598228178
finished_reconf: true
global_termination_time: 2412039.287
local_termination_time: 864423.94436
node_cons: 49580.472830050894
tot_aggregated_send: 32364
tot_msg_rcv: 1144
tot_msg_sent: 2446
tot_reconf_duration: 7.819999999999999
tot_sleeping_duration: 2375019.2322800215
tot_uptimes: 618
tot_uptimes_duration: 37020.05471997871
