comms_cons: 239.20248957939648
finished_reconf: true
global_termination_time: 2414792.071
local_termination_time: 857227.4088399997
node_cons: 49670.992425583434
tot_aggregated_send: 32074
tot_msg_rcv: 1504
tot_msg_sent: 2780
tot_reconf_duration: 15.34
tot_sleeping_duration: 2377712.0406000116
tot_uptimes: 619
tot_uptimes_duration: 37080.03039998817
