comms_cons: 0.6842367999977418
finished_reconf: true
global_termination_time: 5274.896
local_termination_time: 3528.7963600000003
node_cons: 92.71138000000016
tot_aggregated_send: 0
tot_msg_rcv: 58
tot_msg_sent: 46
tot_reconf_duration: 9.11
tot_sleeping_duration: 5214.896
tot_uptimes: 2
tot_uptimes_duration: 60.0
