comms_cons: 533.9166269019399
finished_reconf: true
global_termination_time: 1104232.2560399983
local_termination_time: 1104232.2149199983
node_cons: 67035.07572775666
tot_aggregated_send: 0
tot_msg_rcv: 32816
tot_msg_sent: 48334
tot_reconf_duration: 24.59
tot_sleeping_duration: 1054193.6581999997
tot_uptimes: 817
tot_uptimes_duration: 50038.59783999852
