comms_cons: 218.00227827856148
finished_reconf: true
global_termination_time: 1107956.067
local_termination_time: 1513.1906000000006
node_cons: 22740.361900000036
tot_aggregated_send: 0
tot_msg_rcv: 16715
tot_msg_sent: 16419
tot_reconf_duration: 3.05
tot_sleeping_duration: 1090976.067
tot_uptimes: 284
tot_uptimes_duration: 16980.0
