comms_cons: 109.91932159623897
finished_reconf: true
global_termination_time: 1108011.911
local_termination_time: 404639.33836000005
node_cons: 22751.57898000003
tot_aggregated_send: 15834
tot_msg_rcv: 302
tot_msg_sent: 572
tot_reconf_duration: 11.31
tot_sleeping_duration: 1091031.911
tot_uptimes: 284
tot_uptimes_duration: 16980.0
