comms_cons: 229.12784638672807
finished_reconf: true
global_termination_time: 2321793.237
local_termination_time: 1533668.18136
node_cons: 47729.548483349994
tot_aggregated_send: 32422
tot_msg_rcv: 878
tot_msg_sent: 1527
tot_reconf_duration: 5.57
tot_sleeping_duration: 2286153.218760007
tot_uptimes: 595
tot_uptimes_duration: 35640.0182399929
