comms_cons: 227.94087678916014
finished_reconf: true
global_termination_time: 2325991.038
local_termination_time: 1761729.5803599998
node_cons: 47809.242082232886
tot_aggregated_send: 32422
tot_msg_rcv: 770
tot_msg_sent: 1453
tot_reconf_duration: 5.1
tot_sleeping_duration: 2290291.025840005
tot_uptimes: 596
tot_uptimes_duration: 35700.01215999527
