comms_cons: 233.1307263941361
finished_reconf: true
global_termination_time: 2326037.207
local_termination_time: 402359.3713200002
node_cons: 47808.84826223306
tot_aggregated_send: 32828
tot_msg_rcv: 923
tot_msg_sent: 1682
tot_reconf_duration: 4.8100000000000005
tot_sleeping_duration: 2290337.1948400047
tot_uptimes: 596
tot_uptimes_duration: 35700.01215999527
