comms_cons: 458.35678703744077
finished_reconf: true
global_termination_time: 2322022.178
local_termination_time: 2751.9673600000006
node_cons: 47730.447465583566
tot_aggregated_send: 0
tot_msg_rcv: 35210
tot_msg_sent: 34456
tot_reconf_duration: 6.22
tot_sleeping_duration: 2286382.1476000114
tot_uptimes: 595
tot_uptimes_duration: 35640.03039998817
