comms_cons: 72.71989759975521
finished_reconf: true
global_termination_time: 739511.61
local_termination_time: 137794.49568000072
node_cons: 15195.246220000017
tot_aggregated_send: 10730
tot_msg_rcv: 98
tot_msg_sent: 225
tot_reconf_duration: 8.09
tot_sleeping_duration: 728171.61
tot_uptimes: 190
tot_uptimes_duration: 11340.0
