comms_cons: 73.53634559725843
finished_reconf: true
global_termination_time: 740174.154
local_termination_time: 29162.418360000003
node_cons: 15215.026841119176
tot_aggregated_send: 10556
tot_msg_rcv: 236
tot_msg_sent: 385
tot_reconf_duration: 22.65
tot_sleeping_duration: 728834.1479200006
tot_uptimes: 190
tot_uptimes_duration: 11340.006079999366
