comms_cons: 72.74621439812927
finished_reconf: true
global_termination_time: 738503.415
local_termination_time: 7845.451120000001
node_cons: 15194.88770112003
tot_aggregated_send: 10672
tot_msg_rcv: 101
tot_msg_sent: 284
tot_reconf_duration: 7.819999999999999
tot_sleeping_duration: 727163.4089200001
tot_uptimes: 190
tot_uptimes_duration: 11340.006080000005
