comms_cons: 815.1955649131296
finished_reconf: true
global_termination_time: 8218328.451719999
local_termination_time: 8218328.410599999
node_cons: 169107.35240142434
tot_aggregated_send: 118294
tot_msg_rcv: 1886
tot_msg_sent: 3724
tot_reconf_duration: 37.410000000000004
tot_sleeping_duration: 8092072.626760006
tot_uptimes: 2105
tot_uptimes_duration: 126255.8249599929
