comms_cons: 825.5642497953562
finished_reconf: true
global_termination_time: 8218328.534239997
local_termination_time: 229185.45748000007
node_cons: 169079.24673499746
tot_aggregated_send: 114724
tot_msg_rcv: 3560
tot_msg_sent: 7197
tot_reconf_duration: 18.21
tot_sleeping_duration: 8092074.226880025
tot_uptimes: 2105
tot_uptimes_duration: 126254.30735997262
