comms_cons: 806.3200769163946
finished_reconf: true
global_termination_time: 8220781.632
local_termination_time: 4109311.90036
node_cons: 169128.1202266968
tot_aggregated_send: 115420
tot_msg_rcv: 2378
tot_msg_sent: 4757
tot_reconf_duration: 9.11
tot_sleeping_duration: 8094481.595520013
tot_uptimes: 2106
tot_uptimes_duration: 126300.0364799872
