comms_cons: 808.2282241171796
finished_reconf: true
global_termination_time: 8219013.566
local_termination_time: 4339977.707359999
node_cons: 169055.92822669618
tot_aggregated_send: 115420
tot_msg_rcv: 2509
tot_msg_sent: 4916
tot_reconf_duration: 15.110000000000001
tot_sleeping_duration: 8092773.529520012
tot_uptimes: 2105
tot_uptimes_duration: 126240.0364799872
