comms_cons: 801.939776121766
finished_reconf: true
global_termination_time: 8221408.119
local_termination_time: 4395415.0966
node_cons: 169128.5412066969
tot_aggregated_send: 114724
tot_msg_rcv: 2233
tot_msg_sent: 4935
tot_reconf_duration: 9.42
tot_sleeping_duration: 8095108.082520013
tot_uptimes: 2106
tot_uptimes_duration: 126300.0364799872
