comms_cons: 800.6979201393182
finished_reconf: true
global_termination_time: 8221695.791
local_termination_time: 4809293.09736
node_cons: 169132.8922455797
tot_aggregated_send: 113680
tot_msg_rcv: 2445
tot_msg_sent: 5575
tot_reconf_duration: 12.629999999999999
tot_sleeping_duration: 8095395.760600011
tot_uptimes: 2106
tot_uptimes_duration: 126300.03039998934
