comms_cons: 802.8096576969973
finished_reconf: true
global_termination_time: 8219085.92
local_termination_time: 5273222.92236
node_cons: 169050.24638222868
tot_aggregated_send: 114318
tot_msg_rcv: 2471
tot_msg_sent: 5232
tot_reconf_duration: 10.95
tot_sleeping_duration: 8092845.907840004
tot_uptimes: 2105
tot_uptimes_duration: 126240.01215999573
