comms_cons: 819.0609218098222
finished_reconf: true
global_termination_time: 8218597.762
local_termination_time: 802551.7543599999
node_cons: 169039.599593399
tot_aggregated_send: 113796
tot_msg_rcv: 3720
tot_msg_sent: 6976
tot_reconf_duration: 3.05
tot_sleeping_duration: 8092357.689040027
tot_uptimes: 2105
tot_uptimes_duration: 126240.07295997371
