comms_cons: 753.0247041448417
finished_reconf: true
global_termination_time: 7606103.118
local_termination_time: 3027792.94836
node_cons: 156456.386246697
tot_aggregated_send: 105734
tot_msg_rcv: 3091
tot_msg_sent: 5629
tot_reconf_duration: 25.299999999999997
tot_sleeping_duration: 7489283.081520013
tot_uptimes: 1948
tot_uptimes_duration: 116820.03647998697
