comms_cons: 756.185958563269
finished_reconf: true
global_termination_time: 7609567.475
local_termination_time: 3140731.699799999
node_cons: 156520.25370669743
tot_aggregated_send: 105966
tot_msg_rcv: 3286
tot_msg_sent: 5683
tot_reconf_duration: 13.17
tot_sleeping_duration: 7492687.438520012
tot_uptimes: 1949
tot_uptimes_duration: 116880.0364799872
