comms_cons: 755.3187649655124
finished_reconf: true
global_termination_time: 7604613.224
local_termination_time: 3396648.057919999
node_cons: 156514.7595082883
tot_aggregated_send: 105850
tot_msg_rcv: 2975
tot_msg_sent: 5979
tot_reconf_duration: 9.11
tot_sleeping_duration: 7487733.17312002
tot_uptimes: 1948
tot_uptimes_duration: 116880.05087998044
