comms_cons: 13.178137599713034
finished_reconf: true
global_termination_time: 109360.292
local_termination_time: 54060.77736000001
node_cons: 2274.9390233597296
tot_aggregated_send: 870
tot_msg_rcv: 449
tot_msg_sent: 684
tot_reconf_duration: 18.700000000000003
tot_sleeping_duration: 107680.2737600002
tot_uptimes: 29
tot_uptimes_duration: 1680.0182399998012
