comms_cons: 13.481503999634892
finished_reconf: true
global_termination_time: 112711.2
local_termination_time: 848.6853599999998
node_cons: 2260.1721244811642
tot_aggregated_send: 638
tot_msg_rcv: 482
tot_msg_sent: 928
tot_reconf_duration: 7.819999999999999
tot_sleeping_duration: 111031.17567999913
tot_uptimes: 29
tot_uptimes_duration: 1680.02432000087
