comms_cons: 81.04784641012056
finished_reconf: true
global_termination_time: 410600.779
local_termination_time: 2047.8953600000002
node_cons: 8460.437321119161
tot_aggregated_send: 0
tot_msg_rcv: 6240
tot_msg_sent: 6078
tot_reconf_duration: 18.21
tot_sleeping_duration: 404300.7729200006
tot_uptimes: 106
tot_uptimes_duration: 6300.006079999366
