comms_cons: 40.55418880017556
finished_reconf: true
global_termination_time: 411566.262
local_termination_time: 335416.22136
node_cons: 8451.058980000007
tot_aggregated_send: 5858
tot_msg_rcv: 140
tot_msg_sent: 166
tot_reconf_duration: 11.31
tot_sleeping_duration: 405266.262
tot_uptimes: 106
tot_uptimes_duration: 6300.0
