comms_cons: 1079.4957826936813
finished_reconf: true
global_termination_time: 10937392.358
local_termination_time: 3458751.44036
node_cons: 224969.94184781128
tot_aggregated_send: 150974
tot_msg_rcv: 4343
tot_msg_sent: 8758
tot_reconf_duration: 13.17
tot_sleeping_duration: 10769392.315440014
tot_uptimes: 2801
tot_uptimes_duration: 168000.04255998484
