comms_cons: 1080.2276866785564
finished_reconf: true
global_termination_time: 10936463.597
local_termination_time: 3618540.72236
node_cons: 224956.23962781182
tot_aggregated_send: 151612
tot_msg_rcv: 4024
tot_msg_sent: 8551
tot_reconf_duration: 3.08
tot_sleeping_duration: 10768463.554440014
tot_uptimes: 2801
tot_uptimes_duration: 168000.04255998507
