comms_cons: 1065.0607425682174
finished_reconf: true
global_termination_time: 10933684.951
local_termination_time: 6178135.055359999
node_cons: 224897.08716445928
tot_aggregated_send: 153004
tot_msg_rcv: 3005
tot_msg_sent: 5872
tot_reconf_duration: 18.700000000000003
tot_sleeping_duration: 10765744.926680008
tot_uptimes: 2800
tot_uptimes_duration: 167940.02431999147
