comms_cons: 1097.7914691538763
finished_reconf: true
global_termination_time: 10933029.119
local_termination_time: 1667848.2413599999
node_cons: 224882.36097116262
tot_aggregated_send: 150394
tot_msg_rcv: 5489
tot_msg_sent: 10972
tot_reconf_duration: 7.819999999999999
tot_sleeping_duration: 10765089.058200024
tot_uptimes: 2800
tot_uptimes_duration: 167940.0607999782
