comms_cons: 921.6077576610458
finished_reconf: true
global_termination_time: 3163306.583
local_termination_time: 1105757.1994399994
node_cons: 129057.1762949964
tot_aggregated_send: 0
tot_msg_rcv: 46968
tot_msg_sent: 93111
tot_reconf_duration: 18.21
tot_sleeping_duration: 3066941.798
tot_uptimes: 1592
tot_uptimes_duration: 96364.78500000032
