comms_cons: 307.38085120331397
finished_reconf: true
global_termination_time: 3163104.879
local_termination_time: 1341435.834999998
node_cons: 65133.69100734691
tot_aggregated_send: 44312
tot_msg_rcv: 783
tot_msg_sent: 1626
tot_reconf_duration: 25.299999999999997
tot_sleeping_duration: 3114487.0047600092
tot_uptimes: 811
tot_uptimes_duration: 48617.874239991186
