comms_cons: 298.95854081265827
finished_reconf: true
global_termination_time: 2990508.713
local_termination_time: 357278.052
node_cons: 61492.45575204384
tot_aggregated_send: 40424
tot_msg_rcv: 1876
tot_msg_sent: 3142
tot_reconf_duration: 22.65
tot_sleeping_duration: 2944607.520280026
tot_uptimes: 766
tot_uptimes_duration: 45901.19271997386
