comms_cons: 294.7948416086581
finished_reconf: true
global_termination_time: 2988256.0844799997
local_termination_time: 2988256.0433599995
node_cons: 61529.26936095656
tot_aggregated_send: 43242
tot_msg_rcv: 455
tot_msg_sent: 1110
tot_reconf_duration: 37.410000000000004
tot_sleeping_duration: 2942342.3678400014
tot_uptimes: 766
tot_uptimes_duration: 45913.71663999854
