comms_cons: 295.2873216039784
finished_reconf: true
global_termination_time: 2989352.694
local_termination_time: 791666.1403599998
node_cons: 61471.08621999876
tot_aggregated_send: 43152
tot_msg_rcv: 560
tot_msg_sent: 1169
tot_reconf_duration: 8.09
tot_sleeping_duration: 2943452.694
tot_uptimes: 766
tot_uptimes_duration: 45900.0
