comms_cons: 300.29683842461907
finished_reconf: true
global_termination_time: 2990578.221
local_termination_time: 321988.80160000094
node_cons: 61467.74672469009
tot_aggregated_send: 40600
tot_msg_rcv: 1836
tot_msg_sent: 3209
tot_reconf_duration: 4.390000000000001
tot_sleeping_duration: 2944676.962520021
tot_uptimes: 766
tot_uptimes_duration: 45901.2584799786
