comms_cons: 295.0481343713269
finished_reconf: true
global_termination_time: 2994708.566
local_termination_time: 652433.94036
node_cons: 61548.96817116724
tot_aggregated_send: 39498
tot_msg_rcv: 1941
tot_msg_sent: 3408
tot_reconf_duration: 6.22
tot_sleeping_duration: 2948748.5052000238
tot_uptimes: 767
tot_uptimes_duration: 45960.06079997633
