comms_cons: 209.4951039818592
finished_reconf: true
global_termination_time: 2055786.764
local_termination_time: 178778.57436000006
node_cons: 42264.84232559309
tot_aggregated_send: 28188
tot_msg_rcv: 1331
tot_msg_sent: 2323
tot_reconf_duration: 4.390000000000001
tot_sleeping_duration: 2024226.733600005
tot_uptimes: 527
tot_uptimes_duration: 31560.0303999951
