comms_cons: 38.77122560003718
finished_reconf: true
global_termination_time: 394667.99
local_termination_time: 82212.39047999996
node_cons: 8145.098700000022
tot_aggregated_send: 5742
tot_msg_rcv: 56
tot_msg_sent: 95
tot_reconf_duration: 22.65
tot_sleeping_duration: 388607.99
tot_uptimes: 102
tot_uptimes_duration: 6060.0
