comms_cons: 38.58700800006805
finished_reconf: true
global_termination_time: 393402.61788000056
local_termination_time: 51589.74836000011
node_cons: 8089.501762320763
tot_aggregated_send: 5742
tot_msg_rcv: 43
tot_msg_sent: 80
tot_reconf_duration: 3.05
tot_sleeping_duration: 387364.261
tot_uptimes: 101
tot_uptimes_duration: 6038.35688000056
