comms_cons: 115.83144959675352
finished_reconf: true
global_termination_time: 1162257.793
local_termination_time: 164624.35772000012
node_cons: 23891.76312335972
tot_aggregated_send: 16240
tot_msg_rcv: 508
tot_msg_sent: 857
tot_reconf_duration: 22.65
tot_sleeping_duration: 1144437.7747600004
tot_uptimes: 298
tot_uptimes_duration: 17820.018239999772
