comms_cons: 137.16974079668773
finished_reconf: true
global_termination_time: 1406946.319
local_termination_time: 557476.9443599998
node_cons: 28929.773939999955
tot_aggregated_send: 19836
tot_msg_rcv: 320
tot_msg_sent: 693
tot_reconf_duration: 5.43
tot_sleeping_duration: 1385346.319
tot_uptimes: 361
tot_uptimes_duration: 21600.0
