comms_cons: 356.9552640428321
finished_reconf: true
global_termination_time: 3538065.28
local_termination_time: 880358.4763599999
node_cons: 72796.61708670092
tot_aggregated_send: 49416
tot_msg_rcv: 1704
tot_msg_sent: 3135
tot_reconf_duration: 6.279999999999999
tot_sleeping_duration: 3483705.243520013
tot_uptimes: 907
tot_uptimes_duration: 54360.03647998697
