comms_cons: 354.8251072356231
finished_reconf: true
global_termination_time: 3537508.622
local_termination_time: 324484.93740000034
node_cons: 72742.13966813091
tot_aggregated_send: 49068
tot_msg_rcv: 1592
tot_msg_sent: 3271
tot_reconf_duration: 25.299999999999997
tot_sleeping_duration: 3483208.56056002
tot_uptimes: 906
tot_uptimes_duration: 54300.06143997953
