comms_cons: 359.41511684550403
finished_reconf: true
global_termination_time: 3539744.065
local_termination_time: 2318359.5306
node_cons: 72813.46716446686
tot_aggregated_send: 48256
tot_msg_rcv: 2094
tot_msg_sent: 4279
tot_reconf_duration: 18.700000000000003
tot_sleeping_duration: 3485384.0406800085
tot_uptimes: 907
tot_uptimes_duration: 54360.02431999124
