comms_cons: 354.99623043013014
finished_reconf: true
global_termination_time: 3537611.759
local_termination_time: 1401592.14236
node_cons: 72716.1874655834
tot_aggregated_send: 49358
tot_msg_rcv: 1464
tot_msg_sent: 3134
tot_reconf_duration: 6.22
tot_sleeping_duration: 3483311.728600011
tot_uptimes: 906
tot_uptimes_duration: 54300.03039998887
