comms_cons: 196.3102784253909
finished_reconf: true
global_termination_time: 409295.17
local_termination_time: 93031.39259999996
node_cons: 24614.843205361994
tot_aggregated_send: 0
tot_msg_rcv: 12104
tot_msg_sent: 17734
tot_reconf_duration: 18.21
tot_sleeping_duration: 390930.63375999854
tot_uptimes: 303
tot_uptimes_duration: 18364.536240001456
