comms_cons: 39.86995200013155
finished_reconf: true
global_termination_time: 407773.827
local_termination_time: 297404.4640800002
node_cons: 8370.727121121437
tot_aggregated_send: 5684
tot_msg_rcv: 129
tot_msg_sent: 247
tot_reconf_duration: 11.31
tot_sleeping_duration: 401533.8209199989
tot_uptimes: 105
tot_uptimes_duration: 6240.006080001069
