comms_cons: 269.4429248211094
finished_reconf: true
global_termination_time: 2810474.265
local_termination_time: 5002.835999999999
node_cons: 57863.597422232946
tot_aggregated_send: 39832
tot_msg_rcv: 398
tot_msg_sent: 723
tot_reconf_duration: 13.83
tot_sleeping_duration: 2767274.2528400044
tot_uptimes: 720
tot_uptimes_duration: 43200.0121599955
