comms_cons: 39.39125760084226
finished_reconf: true
global_termination_time: 369424.172
local_termination_time: 20312.20148
node_cons: 7586.358105602602
tot_aggregated_send: 4582
tot_msg_rcv: 553
tot_msg_sent: 853
tot_reconf_duration: 25.299999999999997
tot_sleeping_duration: 363784.1415999981
tot_uptimes: 95
tot_uptimes_duration: 5640.030400001939
