comms_cons: 38.21857280072571
finished_reconf: true
global_termination_time: 368502.106
local_termination_time: 29444.18156
node_cons: 7564.3476622405915
tot_aggregated_send: 4930
tot_msg_rcv: 363
tot_msg_sent: 516
tot_reconf_duration: 9.11
tot_sleeping_duration: 362862.0938399996
tot_uptimes: 95
tot_uptimes_duration: 5640.012160000435
