comms_cons: 1.565849599994827
finished_reconf: true
global_termination_time: 14213.256
local_termination_time: 4543.99936
node_cons: 245.16189999999904
tot_aggregated_send: 0
tot_msg_rcv: 122
tot_msg_sent: 116
tot_reconf_duration: 3.05
tot_sleeping_duration: 14033.256
tot_uptimes: 4
tot_uptimes_duration: 180.0
