comms_cons: 280.83938561455614
finished_reconf: true
global_termination_time: 2795238.777
local_termination_time: 623818.7573599998
node_cons: 57467.869885583095
tot_aggregated_send: 39092
tot_msg_rcv: 1294
tot_msg_sent: 2299
tot_reconf_duration: 18.21
tot_sleeping_duration: 2752338.746600012
tot_uptimes: 716
tot_uptimes_duration: 42900.03039998817
