comms_cons: 278.49095680979957
finished_reconf: true
global_termination_time: 2796179.26
local_termination_time: 940386.7944799989
node_cons: 57531.96823999901
tot_aggregated_send: 40078
tot_msg_rcv: 806
tot_msg_sent: 1445
tot_reconf_duration: 6.279999999999999
tot_sleeping_duration: 2753219.26
tot_uptimes: 717
tot_uptimes_duration: 42960.0
