comms_cons: 274.9135935955379
finished_reconf: true
global_termination_time: 2799060.256
local_termination_time: 1439142.8917199997
node_cons: 57530.365799998784
tot_aggregated_send: 40542
tot_msg_rcv: 400
tot_msg_sent: 843
tot_reconf_duration: 5.1
tot_sleeping_duration: 2756100.256
tot_uptimes: 717
tot_uptimes_duration: 42960.0
