comms_cons: 815.4264963849064
finished_reconf: true
global_termination_time: 2794137.601159999
local_termination_time: 2794137.560039999
node_cons: 114297.42451335801
tot_aggregated_send: 0
tot_msg_rcv: 41486
tot_msg_sent: 82452
tot_reconf_duration: 24.59
tot_sleeping_duration: 2708802.252919998
tot_uptimes: 1408
tot_uptimes_duration: 85335.34824000126
