comms_cons: 276.9717887806001
finished_reconf: true
global_termination_time: 2794540.37
local_termination_time: 650362.0544799999
node_cons: 57449.68082670007
tot_aggregated_send: 37932
tot_msg_rcv: 1428
tot_msg_sent: 2739
tot_reconf_duration: 4.8100000000000005
tot_sleeping_duration: 2751640.3335200143
tot_uptimes: 716
tot_uptimes_duration: 42900.03647998581
