comms_cons: 276.45829757366516
finished_reconf: true
global_termination_time: 2794956.495
local_termination_time: 1332818.7815599984
node_cons: 57451.62817116727
tot_aggregated_send: 37816
tot_msg_rcv: 1371
tot_msg_sent: 2832
tot_reconf_duration: 6.22
tot_sleeping_duration: 2752056.4342000238
tot_uptimes: 716
tot_uptimes_duration: 42900.060799976345
