comms_cons: 276.44482560768284
finished_reconf: true
global_termination_time: 2794513.772
local_termination_time: 405362.8684400007
node_cons: 57450.47393999897
tot_aggregated_send: 40368
tot_msg_rcv: 553
tot_msg_sent: 1097
tot_reconf_duration: 5.43
tot_sleeping_duration: 2751613.772
tot_uptimes: 716
tot_uptimes_duration: 42900.0
