comms_cons: 292.3993855823466
finished_reconf: true
global_termination_time: 2973087.776
local_termination_time: 1082395.9954799996
node_cons: 61142.90632334906
tot_aggregated_send: 41122
tot_msg_rcv: 1267
tot_msg_sent: 2054
tot_reconf_duration: 3.05
tot_sleeping_duration: 2927427.757760007
tot_uptimes: 762
tot_uptimes_duration: 45660.0182399929
