comms_cons: 288.16238079281936
finished_reconf: true
global_termination_time: 2972509.541
local_termination_time: 1852128.34748
node_cons: 61162.094791718984
tot_aggregated_send: 42688
tot_msg_rcv: 353
tot_msg_sent: 758
tot_reconf_duration: 11.31
tot_sleeping_duration: 2926843.5695200004
tot_uptimes: 762
tot_uptimes_duration: 45665.971480000066
