comms_cons: 88.34699519730326
finished_reconf: true
global_termination_time: 876224.5052400004
local_termination_time: 90588.21035999997
node_cons: 18091.36428496083
tot_aggregated_send: 11658
tot_msg_rcv: 556
tot_msg_sent: 1214
tot_reconf_duration: 18.21
tot_sleeping_duration: 862731.8725999999
tot_uptimes: 225
tot_uptimes_duration: 13492.632640000593
