comms_cons: 88.83956480024455
finished_reconf: true
global_termination_time: 876567.447
local_termination_time: 513665.80148
node_cons: 18030.549964485734
tot_aggregated_send: 11252
tot_msg_rcv: 926
tot_msg_sent: 1326
tot_reconf_duration: 25.299999999999997
tot_sleeping_duration: 863127.4226799958
tot_uptimes: 225
tot_uptimes_duration: 13440.024320004275
