comms_cons: 87.01552639801007
finished_reconf: true
global_termination_time: 877227.501
local_termination_time: 497200.3995200008
node_cons: 18004.61490111682
tot_aggregated_send: 11716
tot_msg_rcv: 496
tot_msg_sent: 1014
tot_reconf_duration: 6.22
tot_sleeping_duration: 863787.4949200024
tot_uptimes: 225
tot_uptimes_duration: 13440.006079997635
