comms_cons: 88.39041919644133
finished_reconf: true
global_termination_time: 881648.122
local_termination_time: 73604.39083999995
node_cons: 18091.8996856026
tot_aggregated_send: 11136
tot_msg_rcv: 902
tot_msg_sent: 1398
tot_reconf_duration: 11.31
tot_sleeping_duration: 868148.0915999981
tot_uptimes: 226
tot_uptimes_duration: 13500.03040000191
