comms_cons: 403.0348352066617
finished_reconf: true
global_termination_time: 4064527.721
local_termination_time: 2160559.707879999
node_cons: 83560.99836334921
tot_aggregated_send: 56434
tot_msg_rcv: 1832
tot_msg_sent: 2993
tot_reconf_duration: 5.43
tot_sleeping_duration: 4002127.7027600068
tot_uptimes: 1041
tot_uptimes_duration: 62400.01823999337
