comms_cons: 1.8487551999938916
finished_reconf: true
global_termination_time: 14979.956
local_termination_time: 11098.94336
node_cons: 256.3789799999993
tot_aggregated_send: 0
tot_msg_rcv: 158
tot_msg_sent: 123
tot_reconf_duration: 11.31
tot_sleeping_duration: 14799.956
tot_uptimes: 4
tot_uptimes_duration: 180.0
