comms_cons: 102.91184639823892
finished_reconf: true
global_termination_time: 1053545.492
local_termination_time: 5817.541
node_cons: 21616.579660000032
tot_aggregated_send: 14785
tot_msg_rcv: 243
tot_msg_sent: 614
tot_reconf_duration: 3.77
tot_sleeping_duration: 1037405.4920000001
tot_uptimes: 270
tot_uptimes_duration: 16140.0
