comms_cons: 14.520921600204614
finished_reconf: true
global_termination_time: 146582.584
local_termination_time: 44247.3086000002
node_cons: 3000.1528024002687
tot_aggregated_send: 1972
tot_msg_rcv: 63
tot_msg_sent: 173
tot_reconf_duration: 11.31
tot_sleeping_duration: 144353.46239999981
tot_uptimes: 38
tot_uptimes_duration: 2229.1216000002023
