comms_cons: 186.4087551844198
finished_reconf: true
global_termination_time: 1861433.81848
local_termination_time: 1861433.77736
node_cons: 38293.65678877342
tot_aggregated_send: 26028
tot_msg_rcv: 719
tot_msg_sent: 1585
tot_reconf_duration: 24.59
tot_sleeping_duration: 1832860.0592800195
tot_uptimes: 477
tot_uptimes_duration: 28573.759199980283
