comms_cons: 182.0536703945672
finished_reconf: true
global_termination_time: 1862339.631
local_termination_time: 1130334.32036
node_cons: 38262.68800223359
tot_aggregated_send: 26158
tot_msg_rcv: 534
tot_msg_sent: 979
tot_reconf_duration: 15.34
tot_sleeping_duration: 1833779.6188400048
tot_uptimes: 477
tot_uptimes_duration: 28560.01215999527
