comms_cons: 187.35587838883905
finished_reconf: true
global_termination_time: 1866220.391
local_termination_time: 463943.4163600001
node_cons: 38352.98754670084
tot_aggregated_send: 26042
tot_msg_rcv: 824
tot_msg_sent: 1611
tot_reconf_duration: 22.65
tot_sleeping_duration: 1837600.3545200143
tot_uptimes: 478
tot_uptimes_duration: 28620.036479985807
