comms_cons: 727.7047233498997
finished_reconf: true
global_termination_time: 7310761.853
local_termination_time: 1955628.7527599982
node_cons: 150425.14283468627
tot_aggregated_send: 101210
tot_msg_rcv: 3013
tot_msg_sent: 6384
tot_reconf_duration: 15.34
tot_sleeping_duration: 7198436.004520021
tot_uptimes: 1873
tot_uptimes_duration: 112325.84847997851
