comms_cons: 718.5228545192837
finished_reconf: true
global_termination_time: 7309130.36
local_termination_time: 4871582.90636
node_cons: 150331.0263822295
tot_aggregated_send: 101732
tot_msg_rcv: 2525
tot_msg_sent: 4954
tot_reconf_duration: 10.95
tot_sleeping_duration: 7196870.347840005
tot_uptimes: 1872
tot_uptimes_duration: 112260.01215999573
