comms_cons: 732.6030594276497
finished_reconf: true
global_termination_time: 7311365.899
local_termination_time: 797992.0780399984
node_cons: 150400.69517004836
tot_aggregated_send: 101384
tot_msg_rcv: 3284
tot_msg_sent: 6684
tot_reconf_duration: 3.05
tot_sleeping_duration: 7199045.844280019
tot_uptimes: 1873
tot_uptimes_duration: 112320.05471998011
