comms_cons: 0.6381824000014231
finished_reconf: true
global_termination_time: 6023.688
local_termination_time: 1517.60236
node_cons: 114.69739999999993
tot_aggregated_send: 0
tot_msg_rcv: 61
tot_msg_sent: 35
tot_reconf_duration: 25.299999999999997
tot_sleeping_duration: 5963.688
tot_uptimes: 2
tot_uptimes_duration: 60.0
