comms_cons: 1.5188223999974002
finished_reconf: true
global_termination_time: 12265.167
local_termination_time: 5542.8063600000005
node_cons: 252.0062200000002
tot_aggregated_send: 0
tot_msg_rcv: 119
tot_msg_sent: 111
tot_reconf_duration: 8.09
tot_sleeping_duration: 12085.167
tot_uptimes: 4
tot_uptimes_duration: 180.0
