comms_cons: 1.4540031999993812
finished_reconf: true
global_termination_time: 14336.312
local_termination_time: 7072.962360000001
node_cons: 261.851719999999
tot_aggregated_send: 0
tot_msg_rcv: 117
tot_msg_sent: 104
tot_reconf_duration: 15.34
tot_sleeping_duration: 14156.312
tot_uptimes: 4
tot_uptimes_duration: 180.0
