comms_cons: 89.6231168125498
finished_reconf: true
global_termination_time: 491547.198
local_termination_time: 12478.13048
node_cons: 10048.486043364303
tot_aggregated_send: 0
tot_msg_rcv: 6944
tot_msg_sent: 6679
tot_reconf_duration: 4.390000000000001
tot_sleeping_duration: 484047.17975999677
tot_uptimes: 126
tot_uptimes_duration: 7500.018240003206
