comms_cons: 51.15390720154454
finished_reconf: true
global_termination_time: 488423.2019600006
local_termination_time: 488423.1608400006
node_cons: 10135.083982802846
tot_aggregated_send: 6250
tot_msg_rcv: 494
tot_msg_sent: 1031
tot_reconf_duration: 24.59
tot_sleeping_duration: 480878.9967599985
tot_uptimes: 126
tot_uptimes_duration: 7544.205200002107
