comms_cons: 66.85261440703077
finished_reconf: true
global_termination_time: 342691.108
local_termination_time: 1414.2473600000003
node_cons: 6998.116381121438
tot_aggregated_send: 0
tot_msg_rcv: 5116
tot_msg_sent: 5044
tot_reconf_duration: 6.279999999999999
tot_sleeping_duration: 337471.10191999894
tot_uptimes: 88
tot_uptimes_duration: 5220.006080001069
