comms_cons: 34.83028480038406
finished_reconf: true
global_termination_time: 342619.97460000066
local_termination_time: 73676.24047999943
node_cons: 7057.449153120125
tot_aggregated_send: 4698
tot_msg_rcv: 217
tot_msg_sent: 379
tot_reconf_duration: 5.1
tot_sleeping_duration: 337354.46052000055
tot_uptimes: 88
tot_uptimes_duration: 5265.514080000081
