comms_cons: 69.17181440749277
finished_reconf: true
global_termination_time: 344217.483
local_termination_time: 1064.6143600000003
node_cons: 7078.3911833620205
tot_aggregated_send: 0
tot_msg_rcv: 5403
tot_msg_sent: 5107
tot_reconf_duration: 6.22
tot_sleeping_duration: 338937.4647599985
tot_uptimes: 89
tot_uptimes_duration: 5280.018240001504
