comms_cons: 67.88750080712488
finished_reconf: true
global_termination_time: 342620.1947200002
local_termination_time: 77.01703999999995
node_cons: 7031.036069199418
tot_aggregated_send: 0
tot_msg_rcv: 5267
tot_msg_sent: 5049
tot_reconf_duration: 15.34
tot_sleeping_duration: 337384.7919200006
tot_uptimes: 88
tot_uptimes_duration: 5235.40279999956
