comms_cons: 113.3141887959459
finished_reconf: true
global_termination_time: 1147687.876
local_termination_time: 869784.145
node_cons: 23567.43047735447
tot_aggregated_send: 16470
tot_msg_rcv: 245
tot_msg_sent: 508
tot_reconf_duration: 18.700000000000003
tot_sleeping_duration: 1130106.071760004
tot_uptimes: 294
tot_uptimes_duration: 17581.804239995894
