comms_cons: 114.41886719502666
finished_reconf: true
global_termination_time: 1150027.989
local_termination_time: 811240.6920799996
node_cons: 23634.830099999974
tot_aggregated_send: 16414
tot_msg_rcv: 349
tot_msg_sent: 628
tot_reconf_duration: 10.95
tot_sleeping_duration: 1132387.989
tot_uptimes: 295
tot_uptimes_duration: 17640.0
