comms_cons: 22.836403199953157
finished_reconf: true
global_termination_time: 228209.463
local_termination_time: 55111.50472000002
node_cons: 4670.339560000002
tot_aggregated_send: 3190
tot_msg_rcv: 114
tot_msg_sent: 167
tot_reconf_duration: 7.819999999999999
tot_sleeping_duration: 224729.463
tot_uptimes: 59
tot_uptimes_duration: 3480.0
