comms_cons: 12.638643199736295
finished_reconf: true
global_termination_time: 102033.025
local_termination_time: 57949.01836
node_cons: 2119.6231233585854
tot_aggregated_send: 870
tot_msg_rcv: 485
tot_msg_sent: 566
tot_reconf_duration: 22.65
tot_sleeping_duration: 100473.00676000104
tot_uptimes: 27
tot_uptimes_duration: 1560.0182399989499
