comms_cons: 90.18830079632978
finished_reconf: true
global_termination_time: 899790.979
local_termination_time: 98805.0943599997
node_cons: 18502.961744471962
tot_aggregated_send: 12528
tot_msg_rcv: 379
tot_msg_sent: 801
tot_reconf_duration: 18.21
tot_sleeping_duration: 885990.9546800061
tot_uptimes: 231
tot_uptimes_duration: 13800.024319993972
