comms_cons: 818.0400449710315
finished_reconf: true
global_termination_time: 8281805.88
local_termination_time: 2554398.4931199984
node_cons: 170329.38522781446
tot_aggregated_send: 115304
tot_msg_rcv: 2972
tot_msg_sent: 6060
tot_reconf_duration: 6.279999999999999
tot_sleeping_duration: 8154605.837440015
tot_uptimes: 2121
tot_uptimes_duration: 127200.04255998507
