comms_cons: 809.7442753522121
finished_reconf: true
global_termination_time: 8279972.821
local_termination_time: 5650988.96352
node_cons: 170335.67824111148
tot_aggregated_send: 113970
tot_msg_rcv: 3147
tot_msg_sent: 5959
tot_reconf_duration: 10.95
tot_sleeping_duration: 8152772.814920003
tot_uptimes: 2121
tot_uptimes_duration: 127200.00607999787
