comms_cons: 420.5420480793448
finished_reconf: true
global_termination_time: 4168039.9472399885
local_termination_time: 20083.66648
node_cons: 85819.36109827798
tot_aggregated_send: 58000
tot_msg_rcv: 2136
tot_msg_sent: 3782
tot_reconf_duration: 18.21
tot_sleeping_duration: 4103966.2863600184
tot_uptimes: 1068
tot_uptimes_duration: 64073.660879970295
