comms_cons: 100.8920319992589
finished_reconf: true
global_termination_time: 1038127.489
local_termination_time: 857623.4705199982
node_cons: 21300.71956000012
tot_aggregated_send: 15022
tot_msg_rcv: 89
tot_msg_sent: 224
tot_reconf_duration: 7.819999999999999
tot_sleeping_duration: 1022227.489
tot_uptimes: 266
tot_uptimes_duration: 15900.0
