comms_cons: 336.70005123743925
finished_reconf: true
global_termination_time: 3352136.3792399955
local_termination_time: 225225.15348000007
node_cons: 68985.01754836901
tot_aggregated_send: 46516
tot_msg_rcv: 1644
tot_msg_sent: 3014
tot_reconf_duration: 18.21
tot_sleeping_duration: 3300635.0436400175
tot_uptimes: 859
tot_uptimes_duration: 51501.33559997799
