comms_cons: 328.0323327949957
finished_reconf: true
global_termination_time: 3357505.414
local_termination_time: 2045040.4559199982
node_cons: 69029.94485999839
tot_aggregated_send: 48604
tot_msg_rcv: 456
tot_msg_sent: 799
tot_reconf_duration: 13.17
tot_sleeping_duration: 3305965.414
tot_uptimes: 860
tot_uptimes_duration: 51540.0
