comms_cons: 330.6909888192481
finished_reconf: true
global_termination_time: 3352372.907
local_termination_time: 399396.2729200003
node_cons: 68962.53568782157
tot_aggregated_send: 46342
tot_msg_rcv: 1319
tot_msg_sent: 2603
tot_reconf_duration: 22.65
tot_sleeping_duration: 3300892.8644400127
tot_uptimes: 859
tot_uptimes_duration: 51480.04255998734
