comms_cons: 186.30978559473715
finished_reconf: true
global_termination_time: 1883867.644
local_termination_time: 1271551.897119999
node_cons: 38730.8057999996
tot_aggregated_send: 27318
tot_msg_rcv: 366
tot_msg_sent: 634
tot_reconf_duration: 5.1
tot_sleeping_duration: 1854947.644
tot_uptimes: 483
tot_uptimes_duration: 28920.0
