comms_cons: 286.6248576138852
finished_reconf: true
global_termination_time: 2796539.6632399973
local_termination_time: 31907.95848
node_cons: 57557.972817236114
tot_aggregated_send: 37352
tot_msg_rcv: 2136
tot_msg_sent: 4076
tot_reconf_duration: 11.31
tot_sleeping_duration: 2753565.3437200296
tot_uptimes: 717
tot_uptimes_duration: 42974.31951996799
