comms_cons: 286.3935999955329
finished_reconf: true
global_termination_time: 2798099.908
local_termination_time: 918453.0663599998
node_cons: 57544.34499005074
tot_aggregated_send: 37758
tot_msg_rcv: 2116
tot_msg_sent: 3656
tot_reconf_duration: 15.34
tot_sleeping_duration: 2755139.853280021
tot_uptimes: 717
tot_uptimes_duration: 42960.05471997894
