comms_cons: 89.97776639159974
finished_reconf: true
global_termination_time: 850565.693
local_termination_time: 112727.03459999996
node_cons: 17446.22465006531
tot_aggregated_send: 10904
tot_msg_rcv: 1084
tot_msg_sent: 1688
tot_reconf_duration: 9.11
tot_sleeping_duration: 837545.6382800109
tot_uptimes: 218
tot_uptimes_duration: 13020.054719989013
