comms_cons: 297.37565441741805
finished_reconf: true
global_termination_time: 2948897.911
local_termination_time: 826321.32436
node_cons: 60660.89888781673
tot_aggregated_send: 39962
tot_msg_rcv: 1802
tot_msg_sent: 3435
tot_reconf_duration: 3.05
tot_sleeping_duration: 2903597.8684400166
tot_uptimes: 756
tot_uptimes_duration: 45300.04255998344
