comms_cons: 291.72873600343326
finished_reconf: true
global_termination_time: 2951789.013
local_termination_time: 819630.7373599998
node_cons: 60664.07393999875
tot_aggregated_send: 42398
tot_msg_rcv: 556
tot_msg_sent: 1387
tot_reconf_duration: 5.43
tot_sleeping_duration: 2906489.013
tot_uptimes: 756
tot_uptimes_duration: 45300.0
