comms_cons: 236.7130367864935
finished_reconf: true
global_termination_time: 2363551.64
local_termination_time: 1017000.3755199983
node_cons: 48616.33584223312
tot_aggregated_send: 32480
tot_msg_rcv: 1126
tot_msg_sent: 2373
tot_reconf_duration: 7.819999999999999
tot_sleeping_duration: 2327251.627840005
tot_uptimes: 606
tot_uptimes_duration: 36300.01215999527
