comms_cons: 293.20862719568987
finished_reconf: true
global_termination_time: 2997426.19
local_termination_time: 2360899.7013600003
node_cons: 61628.3440599992
tot_aggregated_send: 43094
tot_msg_rcv: 537
tot_msg_sent: 935
tot_reconf_duration: 5.57
tot_sleeping_duration: 2951406.19
tot_uptimes: 768
tot_uptimes_duration: 46020.0
