comms_cons: 47.3270464005557
finished_reconf: true
global_termination_time: 474644.869
local_termination_time: 383256.12340000033
node_cons: 9727.109761121385
tot_aggregated_send: 6612
tot_msg_rcv: 178
tot_msg_sent: 403
tot_reconf_duration: 4.390000000000001
tot_sleeping_duration: 467384.86291999894
tot_uptimes: 122
tot_uptimes_duration: 7260.006080001069
