comms_cons: 48.32387840112597
finished_reconf: true
global_termination_time: 476048.531
local_termination_time: 162928.68048000004
node_cons: 9731.792124485704
tot_aggregated_send: 6322
tot_msg_rcv: 325
tot_msg_sent: 697
tot_reconf_duration: 7.819999999999999
tot_sleeping_duration: 468788.50667999574
tot_uptimes: 122
tot_uptimes_duration: 7260.024320004275
