comms_cons: 48.3978112008449
finished_reconf: true
global_termination_time: 473913.01
local_termination_time: 10862.366479999999
node_cons: 9808.878363362022
tot_aggregated_send: 6438
tot_msg_rcv: 281
tot_msg_sent: 637
tot_reconf_duration: 5.43
tot_sleeping_duration: 466592.9917599985
tot_uptimes: 122
tot_uptimes_duration: 7320.018240001504
