comms_cons: 218.96138238179856
finished_reconf: true
global_termination_time: 2172690.9140799986
local_termination_time: 2172690.8729599984
node_cons: 44763.07213806588
tot_aggregated_send: 30204
tot_msg_rcv: 999
tot_msg_sent: 2077
tot_reconf_duration: 24.59
tot_sleeping_duration: 2139285.6273600087
tot_uptimes: 557
tot_uptimes_duration: 33405.28671999002
