comms_cons: 146.89374719023195
finished_reconf: true
global_termination_time: 1461176.9622400003
local_termination_time: 4870.837880000004
node_cons: 30149.995513742113
tot_aggregated_send: 20010
tot_msg_rcv: 798
tot_msg_sent: 1518
tot_reconf_duration: 18.21
tot_sleeping_duration: 1438678.6304000136
tot_uptimes: 375
tot_uptimes_duration: 22498.331839986608
