comms_cons: 146.8597183927182
finished_reconf: true
global_termination_time: 1461910.575
local_termination_time: 415520.86336
node_cons: 30055.688240000007
tot_aggregated_send: 20300
tot_msg_rcv: 634
tot_msg_sent: 1387
tot_reconf_duration: 6.279999999999999
tot_sleeping_duration: 1439470.575
tot_uptimes: 375
tot_uptimes_duration: 22440.0
