comms_cons: 8.739148800001825
finished_reconf: true
global_termination_time: 100749.667
local_termination_time: 1684.9752400000002
node_cons: 2023.3836799999992
tot_aggregated_send: 522
tot_msg_rcv: 343
tot_msg_sent: 465
tot_reconf_duration: 10.96
tot_sleeping_duration: 99249.667
tot_uptimes: 26
tot_uptimes_duration: 1500.0
