comms_cons: 10.721279999803272
finished_reconf: true
global_termination_time: 100853.434
local_termination_time: 948.21212
node_cons: 2017.766964478602
tot_aggregated_send: 638
tot_msg_rcv: 518
tot_msg_sent: 476
tot_reconf_duration: 6.8
tot_sleeping_duration: 99353.40968000104
tot_uptimes: 26
tot_uptimes_duration: 1500.0243199989563
