comms_cons: 7.786956800167866
finished_reconf: true
global_termination_time: 101553.124
local_termination_time: 263.66024000000004
node_cons: 2110.6060033585945
tot_aggregated_send: 522
tot_msg_rcv: 264
tot_msg_sent: 398
tot_reconf_duration: 16.009999999999998
tot_sleeping_duration: 99993.10576000105
tot_uptimes: 27
tot_uptimes_duration: 1560.0182399989508
