comms_cons: 380.13876481073675
finished_reconf: true
global_termination_time: 3848477.457
local_termination_time: 1423055.8764399998
node_cons: 79160.29459999829
tot_aggregated_send: 55274
tot_msg_rcv: 940
tot_msg_sent: 1564
tot_reconf_duration: 18.700000000000003
tot_sleeping_duration: 3789377.457
tot_uptimes: 986
tot_uptimes_duration: 59100.0
