comms_cons: 383.3272512151872
finished_reconf: true
global_termination_time: 3847465.464
local_termination_time: 1605249.57536
node_cons: 79145.57654781692
tot_aggregated_send: 52664
tot_msg_rcv: 1870
tot_msg_sent: 3729
tot_reconf_duration: 7.819999999999999
tot_sleeping_duration: 3788365.421440016
tot_uptimes: 986
tot_uptimes_duration: 59100.04255998414
