comms_cons: 393.65546887343316
finished_reconf: true
global_termination_time: 3849621.421
local_termination_time: 548795.7013599998
node_cons: 79142.35535116724
tot_aggregated_send: 51098
tot_msg_rcv: 2908
tot_msg_sent: 5824
tot_reconf_duration: 5.43
tot_sleeping_duration: 3790521.3602000233
tot_uptimes: 986
tot_uptimes_duration: 59100.060799977044
