comms_cons: 192.86169590767193
finished_reconf: true
global_termination_time: 987440.437
local_termination_time: 2628.62636
node_cons: 20270.417321121462
tot_aggregated_send: 0
tot_msg_rcv: 14709
tot_msg_sent: 14604
tot_reconf_duration: 18.21
tot_sleeping_duration: 972320.4309199989
tot_uptimes: 253
tot_uptimes_duration: 15120.006080001069
