comms_cons: 9.697740799996158
finished_reconf: true
global_termination_time: 3612.3574400000016
local_termination_time: 3612.3163200000017
node_cons: 1125.513006160003
tot_aggregated_send: 0
tot_msg_rcv: 668
tot_msg_sent: 802
tot_reconf_duration: 24.59
tot_sleeping_duration: 2796.734
tot_uptimes: 11
tot_uptimes_duration: 815.6234400000018
