comms_cons: 443.0166652762904
finished_reconf: true
global_termination_time: 1519865.919
local_termination_time: 373815.42660000006
node_cons: 62057.07557999854
tot_aggregated_send: 0
tot_msg_rcv: 22570
tot_msg_sent: 44765
tot_reconf_duration: 13.17
tot_sleeping_duration: 1473533.439
tot_uptimes: 765
tot_uptimes_duration: 46332.47999999982
