comms_cons: 150.87877119421069
finished_reconf: true
global_termination_time: 1522065.037
local_termination_time: 767982.1143599999
node_cons: 31269.411540000056
tot_aggregated_send: 21808
tot_msg_rcv: 382
tot_msg_sent: 743
tot_reconf_duration: 12.629999999999999
tot_sleeping_duration: 1498725.037
tot_uptimes: 390
tot_uptimes_duration: 23340.0
