comms_cons: 132.9358015918205
finished_reconf: true
global_termination_time: 1309299.949
local_termination_time: 132865.64560000008
node_cons: 26918.082605593383
tot_aggregated_send: 17980
tot_msg_rcv: 768
tot_msg_sent: 1457
tot_reconf_duration: 3.05
tot_sleeping_duration: 1289199.9186000049
tot_uptimes: 336
tot_uptimes_duration: 20100.03039999504
