comms_cons: 284.4846336095678
finished_reconf: true
global_termination_time: 2810515.66
local_termination_time: 7206.24748
node_cons: 57869.610591186
tot_aggregated_send: 38976
tot_msg_rcv: 1481
tot_msg_sent: 2781
tot_reconf_duration: 18.21
tot_sleeping_duration: 2767315.59920001
tot_uptimes: 720
tot_uptimes_duration: 43200.060799990315
