comms_cons: 283.54566401701334
finished_reconf: true
global_termination_time: 2807918.181
local_termination_time: 929034.7597999994
node_cons: 57854.042506700935
tot_aggregated_send: 39324
tot_msg_rcv: 1335
tot_msg_sent: 2438
tot_reconf_duration: 6.77
tot_sleeping_duration: 2764718.1445200136
tot_uptimes: 720
tot_uptimes_duration: 43200.036479986506
