comms_cons: 285.0474880074599
finished_reconf: true
global_termination_time: 2807945.336
local_termination_time: 781231.2927999995
node_cons: 57864.412187817776
tot_aggregated_send: 38860
tot_msg_rcv: 1568
tot_msg_sent: 2898
tot_reconf_duration: 14.4
tot_sleeping_duration: 2764745.293440016
tot_uptimes: 720
tot_uptimes_duration: 43200.04255998414
