comms_cons: 284.43197440917857
finished_reconf: true
global_termination_time: 2811219.27
local_termination_time: 108324.57435999997
node_cons: 57849.43615005078
tot_aggregated_send: 38454
tot_msg_rcv: 1464
tot_msg_sent: 3314
tot_reconf_duration: 3.3600000000000003
tot_sleeping_duration: 2768019.215280021
tot_uptimes: 720
tot_uptimes_duration: 43200.05471997894
