comms_cons: 282.31840640813675
finished_reconf: true
global_termination_time: 2811173.876
local_termination_time: 312768.87636000005
node_cons: 57851.39710893886
tot_aggregated_send: 39150
tot_msg_rcv: 1142
tot_msg_sent: 2618
tot_reconf_duration: 4.8100000000000005
tot_sleeping_duration: 2767973.827360015
tot_uptimes: 720
tot_uptimes_duration: 43200.048639984976
