comms_cons: 813.9857401646682
finished_reconf: true
global_termination_time: 1680529.9551599992
local_termination_time: 1680529.9140399992
node_cons: 102292.54861785608
tot_aggregated_send: 0
tot_msg_rcv: 49939
tot_msg_sent: 73781
tot_reconf_duration: 24.59
tot_sleeping_duration: 1604160.160240015
tot_uptimes: 1251
tot_uptimes_duration: 76369.79491998421
