comms_cons: 171.14472958598725
finished_reconf: true
global_termination_time: 1681740.107
local_termination_time: 488461.86072000006
node_cons: 34552.210466700904
tot_aggregated_send: 23026
tot_msg_rcv: 1068
tot_msg_sent: 1919
tot_reconf_duration: 4.390000000000001
tot_sleeping_duration: 1655940.0705200143
tot_uptimes: 431
tot_uptimes_duration: 25800.036479985807
