comms_cons: 0.7237119999976113
finished_reconf: true
global_termination_time: 6792.558
local_termination_time: 2348.8953600000004
node_cons: 101.17172000000019
tot_aggregated_send: 0
tot_msg_rcv: 66
tot_msg_sent: 44
tot_reconf_duration: 15.34
tot_sleeping_duration: 6732.558
tot_uptimes: 2
tot_uptimes_duration: 60.0
