comms_cons: 78.95039999752856
finished_reconf: true
global_termination_time: 759803.104
local_termination_time: 355775.05636000005
node_cons: 15620.382528957656
tot_aggregated_send: 10034
tot_msg_rcv: 763
tot_msg_sent: 1202
tot_reconf_duration: 25.299999999999997
tot_sleeping_duration: 748163.0553600019
tot_uptimes: 195
tot_uptimes_duration: 11640.048639998247
