comms_cons: 76.30086399936181
finished_reconf: true
global_termination_time: 756488.513
local_termination_time: 99956.59791999956
node_cons: 15509.87591009062
tot_aggregated_send: 9686
tot_msg_rcv: 675
tot_msg_sent: 1239
tot_reconf_duration: 3.08
tot_sleeping_duration: 744908.4582799922
tot_uptimes: 194
tot_uptimes_duration: 11580.054720007916
