comms_cons: 74.56270079878557
finished_reconf: true
global_termination_time: 755871.08
local_termination_time: 347893.38836
node_cons: 15531.055305602515
tot_aggregated_send: 10324
tot_msg_rcv: 349
tot_msg_sent: 660
tot_reconf_duration: 18.700000000000003
tot_sleeping_duration: 744291.049599998
tot_uptimes: 194
tot_uptimes_duration: 11580.03040000191
