comms_cons: 79.31351039582503
finished_reconf: true
global_termination_time: 759598.513
local_termination_time: 172826.23799999998
node_cons: 15602.673191043643
tot_aggregated_send: 9735
tot_msg_rcv: 800
tot_msg_sent: 1521
tot_reconf_duration: 11.31
tot_sleeping_duration: 747957.5016399974
tot_uptimes: 195
tot_uptimes_duration: 11641.01136000271
