comms_cons: 282.97688961862224
finished_reconf: true
global_termination_time: 2808344.175
local_termination_time: 1980293.5050799986
node_cons: 57852.37220111589
tot_aggregated_send: 39208
tot_msg_rcv: 1253
tot_msg_sent: 2549
tot_reconf_duration: 5.57
tot_sleeping_duration: 2765144.1689200024
tot_uptimes: 720
tot_uptimes_duration: 43200.006079997635
