comms_cons: 284.2144384182438
finished_reconf: true
global_termination_time: 2808007.098
local_termination_time: 1446421.0843599997
node_cons: 57864.395905584264
tot_aggregated_send: 38918
tot_msg_rcv: 1444
tot_msg_sent: 2836
tot_reconf_duration: 14.4
tot_sleeping_duration: 2764807.067600011
tot_uptimes: 720
tot_uptimes_duration: 43200.030399989104
