comms_cons: 283.04921601185833
finished_reconf: true
global_termination_time: 2809348.875
local_termination_time: 554070.5637199988
node_cons: 57855.88124558408
tot_aggregated_send: 39556
tot_msg_rcv: 1260
tot_msg_sent: 2206
tot_reconf_duration: 8.129999999999999
tot_sleeping_duration: 2766148.844600011
tot_uptimes: 720
tot_uptimes_duration: 43200.03039998887
