comms_cons: 42.85032960219583
finished_reconf: true
global_termination_time: 215272.963
local_termination_time: 6216.143360000001
node_cons: 4449.458699999999
tot_aggregated_send: 0
tot_msg_rcv: 3344
tot_msg_sent: 3169
tot_reconf_duration: 22.65
tot_sleeping_duration: 211972.963
tot_uptimes: 56
tot_uptimes_duration: 3299.9999999999964
