comms_cons: 22.119897599833656
finished_reconf: true
global_termination_time: 217263.341
local_termination_time: 56259.81236000001
node_cons: 4427.146760000005
tot_aggregated_send: 2784
tot_msg_rcv: 220
tot_msg_sent: 359
tot_reconf_duration: 6.22
tot_sleeping_duration: 213963.341
tot_uptimes: 56
tot_uptimes_duration: 3300.0
