comms_cons: 122.0507391970861
finished_reconf: true
global_termination_time: 1229603.912
local_termination_time: 294628.00636000006
node_cons: 25233.68580000001
tot_aggregated_send: 17574
tot_msg_rcv: 343
tot_msg_sent: 634
tot_reconf_duration: 5.1
tot_sleeping_duration: 1210763.912
tot_uptimes: 315
tot_uptimes_duration: 18840.0
