comms_cons: 121.5051391963473
finished_reconf: true
global_termination_time: 1232304.851
local_termination_time: 184058.116
node_cons: 25341.465541121495
tot_aggregated_send: 17553
tot_msg_rcv: 234
tot_msg_sent: 680
tot_reconf_duration: 25.299999999999997
tot_sleeping_duration: 1213404.844919999
tot_uptimes: 316
tot_uptimes_duration: 18900.00608000107
