comms_cons: 122.79418879370131
finished_reconf: true
global_termination_time: 1229469.764
local_termination_time: 192453.52836000008
node_cons: 25247.279380000058
tot_aggregated_send: 17516
tot_msg_rcv: 465
tot_msg_sent: 683
tot_reconf_duration: 15.110000000000001
tot_sleeping_duration: 1210629.764
tot_uptimes: 315
tot_uptimes_duration: 18840.0
