comms_cons: 122.16933119696517
finished_reconf: true
global_termination_time: 1233584.098
local_termination_time: 279436.18740000034
node_cons: 25319.892360000016
tot_aggregated_send: 17632
tot_msg_rcv: 306
tot_msg_sent: 630
tot_reconf_duration: 9.42
tot_sleeping_duration: 1214684.098
tot_uptimes: 316
tot_uptimes_duration: 18900.0
