comms_cons: 121.30526719608345
finished_reconf: true
global_termination_time: 1229119.237
local_termination_time: 394712.4493600001
node_cons: 25243.91154000005
tot_aggregated_send: 17574
tot_msg_rcv: 293
tot_msg_sent: 571
tot_reconf_duration: 12.629999999999999
tot_sleeping_duration: 1210279.237
tot_uptimes: 315
tot_uptimes_duration: 18840.0
