comms_cons: 122.32085759634734
finished_reconf: true
global_termination_time: 1233507.603
local_termination_time: 234811.8818000007
node_cons: 25321.970100000017
tot_aggregated_send: 17574
tot_msg_rcv: 332
tot_msg_sent: 686
tot_reconf_duration: 10.95
tot_sleeping_duration: 1214607.603
tot_uptimes: 316
tot_uptimes_duration: 18900.0
