comms_cons: 120.88026879916517
finished_reconf: true
global_termination_time: 1231395.949
local_termination_time: 411216.4443600001
node_cons: 25322.467121116868
tot_aggregated_send: 18038
tot_msg_rcv: 113
tot_msg_sent: 222
tot_reconf_duration: 11.31
tot_sleeping_duration: 1212495.9429200024
tot_uptimes: 316
tot_uptimes_duration: 18900.006079997635
