comms_cons: 186.902540783851
finished_reconf: true
global_termination_time: 1848154.82824
local_termination_time: 161060.33840000036
node_cons: 38044.633464953215
tot_aggregated_send: 25694
tot_msg_rcv: 986
tot_msg_sent: 1728
tot_reconf_duration: 18.21
tot_sleeping_duration: 1819760.5756000048
tot_uptimes: 474
tot_uptimes_duration: 28394.252639995073
