comms_cons: 185.16683519117763
finished_reconf: true
global_termination_time: 1850174.604
local_termination_time: 69975.51751999948
node_cons: 38053.473067512794
tot_aggregated_send: 26100
tot_msg_rcv: 717
tot_msg_sent: 1328
tot_reconf_duration: 25.299999999999997
tot_sleeping_duration: 1821780.9403200054
tot_uptimes: 474
tot_uptimes_duration: 28393.66367999476
