comms_cons: 182.78333439090406
finished_reconf: true
global_termination_time: 1848407.764
local_termination_time: 786902.31936
node_cons: 38007.39268558406
tot_aggregated_send: 25810
tot_msg_rcv: 576
tot_msg_sent: 1396
tot_reconf_duration: 4.8100000000000005
tot_sleeping_duration: 1820027.7336000118
tot_uptimes: 474
tot_uptimes_duration: 28380.030399988173
