comms_cons: 47.436032000108945
finished_reconf: true
global_termination_time: 485335.81148000015
local_termination_time: 333057.2055600007
node_cons: 10024.043276561146
tot_aggregated_send: 7134
tot_msg_rcv: 34
tot_msg_sent: 42
tot_reconf_duration: 25.299999999999997
tot_sleeping_duration: 477875.2544399993
tot_uptimes: 125
tot_uptimes_duration: 7460.557040000858
