comms_cons: 48.48870400058125
finished_reconf: true
global_termination_time: 485840.48
local_termination_time: 22669.978080000004
node_cons: 9980.044860000015
tot_aggregated_send: 6902
tot_msg_rcv: 190
tot_msg_sent: 278
tot_reconf_duration: 13.17
tot_sleeping_duration: 478400.48
tot_uptimes: 125
tot_uptimes_duration: 7440.0
