comms_cons: 142.43086082015492
finished_reconf: true
global_termination_time: 485334.94664000085
local_termination_time: 485334.90552000084
node_cons: 19972.6145760827
tot_aggregated_send: 0
tot_msg_rcv: 7268
tot_msg_sent: 14380
tot_reconf_duration: 24.59
tot_sleeping_duration: 470443.8179199989
tot_uptimes: 244
tot_uptimes_duration: 14891.128720001985
