comms_cons: 88.59550719806798
finished_reconf: true
global_termination_time: 935517.952
local_termination_time: 6400.999
node_cons: 19217.175760000027
tot_aggregated_send: 12980
tot_msg_rcv: 174
tot_msg_sent: 312
tot_reconf_duration: 11.719999999999999
tot_sleeping_duration: 921177.952
tot_uptimes: 240
tot_uptimes_duration: 14340.0
