comms_cons: 185.25053439147686
finished_reconf: true
global_termination_time: 1857734.947
local_termination_time: 868190.6973999991
node_cons: 38169.06405999975
tot_aggregated_send: 26564
tot_msg_rcv: 612
tot_msg_sent: 981
tot_reconf_duration: 5.57
tot_sleeping_duration: 1829234.947
tot_uptimes: 476
tot_uptimes_duration: 28500.0
