comms_cons: 184.0202239930568
finished_reconf: true
global_termination_time: 1858228.218
local_termination_time: 500749.06836000003
node_cons: 38168.425799999786
tot_aggregated_send: 26622
tot_msg_rcv: 424
tot_msg_sent: 924
tot_reconf_duration: 5.1
tot_sleeping_duration: 1829728.218
tot_uptimes: 476
tot_uptimes_duration: 28500.0
