comms_cons: 183.53994239475426
finished_reconf: true
global_termination_time: 1860880.154
local_termination_time: 955856.4017199988
node_cons: 38276.19739999987
tot_aggregated_send: 27028
tot_msg_rcv: 313
tot_msg_sent: 556
tot_reconf_duration: 25.299999999999997
tot_sleeping_duration: 1832320.154
tot_uptimes: 477
tot_uptimes_duration: 28560.0
