comms_cons: 149.07151358849015
finished_reconf: true
global_termination_time: 1460099.951
local_termination_time: 175403.06444000066
node_cons: 29971.00260558879
tot_aggregated_send: 19662
tot_msg_rcv: 1018
tot_msg_sent: 1978
tot_reconf_duration: 3.05
tot_sleeping_duration: 1437719.9206000082
tot_uptimes: 374
tot_uptimes_duration: 22380.030399991607
