comms_cons: 67.1024383995224
finished_reconf: true
global_termination_time: 658679.071
local_termination_time: 158263.75436000005
node_cons: 13514.295963359718
tot_aggregated_send: 9048
tot_msg_rcv: 461
tot_msg_sent: 690
tot_reconf_duration: 12.629999999999999
tot_sleeping_duration: 648599.0527600002
tot_uptimes: 169
tot_uptimes_duration: 10080.018239999772
