comms_cons: 67.238547199326
finished_reconf: true
global_termination_time: 658504.853
local_termination_time: 233719.93036000003
node_cons: 13512.027484884544
tot_aggregated_send: 8700
tot_msg_rcv: 479
tot_msg_sent: 1040
tot_reconf_duration: 10.95
tot_sleeping_duration: 648424.8250799966
tot_uptimes: 169
tot_uptimes_duration: 10080.027920003398
