comms_cons: 66.51571199943669
finished_reconf: true
global_termination_time: 654787.785
local_termination_time: 345644.47540000087
node_cons: 13420.946323362095
tot_aggregated_send: 8990
tot_msg_rcv: 419
tot_msg_sent: 701
tot_reconf_duration: 3.05
tot_sleeping_duration: 644767.7667599985
tot_uptimes: 168
tot_uptimes_duration: 10020.018240001504
