comms_cons: 66.29201919946361
finished_reconf: true
global_termination_time: 657378.039
local_termination_time: 6310.557840000005
node_cons: 13505.607465605752
tot_aggregated_send: 8758
tot_msg_rcv: 387
tot_msg_sent: 931
tot_reconf_duration: 6.22
tot_sleeping_duration: 647298.0085999958
tot_uptimes: 169
tot_uptimes_duration: 10080.030400004282
