comms_cons: 131.12019198504845
finished_reconf: true
global_termination_time: 659102.254
local_termination_time: 1427.6836000000003
node_cons: 13512.519685599154
tot_aggregated_send: 0
tot_msg_rcv: 10177
tot_msg_sent: 9751
tot_reconf_duration: 11.31
tot_sleeping_duration: 649022.2236000006
tot_uptimes: 169
tot_uptimes_duration: 10080.030399999356
