comms_cons: 15.147244799982984
finished_reconf: true
global_termination_time: 3442.714160000001
local_termination_time: 3442.673040000001
node_cons: 1631.6357672400018
tot_aggregated_send: 0
tot_msg_rcv: 1135
tot_msg_sent: 1165
tot_reconf_duration: 37.410000000000004
tot_sleeping_duration: 2262.107
tot_uptimes: 17
tot_uptimes_duration: 1180.607160000001
