comms_cons: 0.5921280000000938
finished_reconf: true
global_termination_time: 6044.46
local_termination_time: 153.20248000000007
node_cons: 87.26579999999998
tot_aggregated_send: 0
tot_msg_rcv: 35
tot_msg_sent: 55
tot_reconf_duration: 5.1
tot_sleeping_duration: 5984.46
tot_uptimes: 2
tot_uptimes_duration: 60.0
