comms_cons: 11.112268799923802
finished_reconf: true
global_termination_time: 102602.699
local_termination_time: 8154.066520000002
node_cons: 2099.467701119154
tot_aggregated_send: 1276
tot_msg_rcv: 185
tot_msg_sent: 228
tot_reconf_duration: 7.819999999999999
tot_sleeping_duration: 101042.69292000063
tot_uptimes: 27
tot_uptimes_duration: 1560.006079999368
