comms_cons: 8.072678399940047
finished_reconf: true
global_termination_time: 85177.43
local_termination_time: 79015.90823999944
node_cons: 1693.6719799999967
tot_aggregated_send: 1160
tot_msg_rcv: 12
tot_msg_sent: 54
tot_reconf_duration: 4.8100000000000005
tot_sleeping_duration: 83917.43
tot_uptimes: 22
tot_uptimes_duration: 1260.0
