comms_cons: 15.48646400006523
finished_reconf: true
global_termination_time: 80705.052
local_termination_time: 98.8330400000002
node_cons: 1615.2467600000045
tot_aggregated_send: 0
tot_msg_rcv: 1193
tot_msg_sent: 1160
tot_reconf_duration: 6.22
tot_sleeping_duration: 79505.052
tot_uptimes: 21
tot_uptimes_duration: 1200.0000000000036
