comms_cons: 89.37905921250194
finished_reconf: true
global_termination_time: 594811.768
local_termination_time: 240304.10560000004
node_cons: 12222.315842242848
tot_aggregated_send: 0
tot_msg_rcv: 6934
tot_msg_sent: 6652
tot_reconf_duration: 7.819999999999999
tot_sleeping_duration: 585691.7558399979
tot_uptimes: 153
tot_uptimes_duration: 9120.012160002138
