comms_cons: 224.96384003145388
finished_reconf: true
global_termination_time: 470878.9840000001
local_termination_time: 37664.69972000002
node_cons: 28639.601478482484
tot_aggregated_send: 0
tot_msg_rcv: 13797
tot_msg_sent: 20396
tot_reconf_duration: 18.21
tot_sleeping_duration: 449508.6536799983
tot_uptimes: 352
tot_uptimes_duration: 21370.330320001824
