comms_cons: 85.73674239448997
finished_reconf: true
global_termination_time: 811561.77
local_termination_time: 45157.75236000001
node_cons: 16641.43949007911
tot_aggregated_send: 10034
tot_msg_rcv: 1019
tot_msg_sent: 1979
tot_reconf_duration: 8.09
tot_sleeping_duration: 799141.7152800007
tot_uptimes: 208
tot_uptimes_duration: 12420.054719999316
