comms_cons: 82.76888959575639
finished_reconf: true
global_termination_time: 815208.204
local_termination_time: 358076.4751600003
node_cons: 16725.606382238304
tot_aggregated_send: 11136
tot_msg_rcv: 553
tot_msg_sent: 891
tot_reconf_duration: 10.95
tot_sleeping_duration: 802728.1918400013
tot_uptimes: 209
tot_uptimes_duration: 12480.012159998703
