comms_cons: 202.3639423875772
finished_reconf: true
global_termination_time: 2027216.407
local_termination_time: 217173.3343600005
node_cons: 41727.25126447158
tot_aggregated_send: 28188
tot_msg_rcv: 838
tot_msg_sent: 1734
tot_reconf_duration: 22.65
tot_sleeping_duration: 1996076.382680006
tot_uptimes: 520
tot_uptimes_duration: 31140.024319993972
