comms_cons: 201.6814079880284
finished_reconf: true
global_termination_time: 2028691.055
local_termination_time: 288201.21436000004
node_cons: 41703.02738314889
tot_aggregated_send: 28478
tot_msg_rcv: 721
tot_msg_sent: 1455
tot_reconf_duration: 4.8100000000000005
tot_sleeping_duration: 1997551.028560008
tot_uptimes: 520
tot_uptimes_duration: 31140.026439991954
