comms_cons: 203.27096318664303
finished_reconf: true
global_termination_time: 2028922.253
local_termination_time: 779399.1260799996
node_cons: 41702.45418447161
tot_aggregated_send: 28304
tot_msg_rcv: 945
tot_msg_sent: 1647
tot_reconf_duration: 4.390000000000001
tot_sleeping_duration: 1997782.228680006
tot_uptimes: 520
tot_uptimes_duration: 31140.024319993972
