comms_cons: 60.695244800695825
finished_reconf: true
global_termination_time: 607676.7244799999
local_termination_time: 607676.6833599999
node_cons: 12504.492365446122
tot_aggregated_send: 8396
tot_msg_rcv: 236
tot_msg_sent: 592
tot_reconf_duration: 24.59
tot_sleeping_duration: 598362.9835199954
tot_uptimes: 156
tot_uptimes_duration: 9313.74096000455
