comms_cons: 60.19310080043594
finished_reconf: true
global_termination_time: 609652.551
local_termination_time: 90764.94335999998
node_cons: 12548.407121121465
tot_aggregated_send: 8584
tot_msg_rcv: 167
tot_msg_sent: 398
tot_reconf_duration: 11.31
tot_sleeping_duration: 600292.544919999
tot_uptimes: 157
tot_uptimes_duration: 9360.006080001069
