comms_cons: 250.64183038279575
finished_reconf: true
global_termination_time: 2467063.18848
local_termination_time: 2467063.14736
node_cons: 50746.40563549746
tot_aggregated_send: 33626
tot_msg_rcv: 1491
tot_msg_sent: 2979
tot_reconf_duration: 24.59
tot_sleeping_duration: 2429189.3928000163
tot_uptimes: 632
tot_uptimes_duration: 37873.79567998393
