comms_cons: 241.15879678664672
finished_reconf: true
global_termination_time: 2467359.068
local_termination_time: 788462.4195199981
node_cons: 50720.34722974405
tot_aggregated_send: 34220
tot_msg_rcv: 743
tot_msg_sent: 1692
tot_reconf_duration: 15.34
tot_sleeping_duration: 2429495.3521600114
tot_uptimes: 632
tot_uptimes_duration: 37863.71583998867
