comms_cons: 242.43036158106037
finished_reconf: true
global_termination_time: 2467426.734
local_termination_time: 345658.93360000005
node_cons: 50701.52278781707
tot_aggregated_send: 33814
tot_msg_rcv: 1053
tot_msg_sent: 1981
tot_reconf_duration: 5.1
tot_sleeping_duration: 2429566.691440017
tot_uptimes: 632
tot_uptimes_duration: 37860.04255998344
