comms_cons: 247.79143678406666
finished_reconf: true
global_termination_time: 2470968.205
local_termination_time: 375460.15036
node_cons: 50781.452685583434
tot_aggregated_send: 34684
tot_msg_rcv: 1058
tot_msg_sent: 1920
tot_reconf_duration: 4.8100000000000005
tot_sleeping_duration: 2433048.174600012
tot_uptimes: 633
tot_uptimes_duration: 37920.03039998817
