comms_cons: 244.67183358320702
finished_reconf: true
global_termination_time: 2471353.495
local_termination_time: 903932.05236
node_cons: 50779.05446446666
tot_aggregated_send: 33988
tot_msg_rcv: 1021
tot_msg_sent: 2179
tot_reconf_duration: 3.05
tot_sleeping_duration: 2433433.4706800096
tot_uptimes: 633
tot_uptimes_duration: 37920.02431999054
