comms_cons: 502.1299197400934
finished_reconf: true
global_termination_time: 1038986.0255999998
local_termination_time: 1038985.9844799999
node_cons: 63027.51364247274
tot_aggregated_send: 0
tot_msg_rcv: 30864
tot_msg_sent: 45455
tot_reconf_duration: 24.59
tot_sleeping_duration: 991940.3792800043
tot_uptimes: 775
tot_uptimes_duration: 47045.64631999546
