comms_cons: 101.89927679929127
finished_reconf: true
global_termination_time: 1040351.447
local_termination_time: 293194.50136000005
node_cons: 21378.97638112142
tot_aggregated_send: 14500
tot_msg_rcv: 347
tot_msg_sent: 642
tot_reconf_duration: 6.279999999999999
tot_sleeping_duration: 1024391.4409199989
tot_uptimes: 267
tot_uptimes_duration: 15960.006080001069
