comms_cons: 105.17637759106596
finished_reconf: true
global_termination_time: 1040949.881
local_termination_time: 446334.1651200009
node_cons: 21377.390223359696
tot_aggregated_send: 13804
tot_msg_rcv: 727
tot_msg_sent: 1456
tot_reconf_duration: 5.1
tot_sleeping_duration: 1024989.8627600003
tot_uptimes: 267
tot_uptimes_duration: 15960.018239999772
