comms_cons: 106.10836479386911
finished_reconf: true
global_termination_time: 1040612.888
local_termination_time: 992.3267999999996
node_cons: 21385.83154447196
tot_aggregated_send: 14036
tot_msg_rcv: 815
tot_msg_sent: 1276
tot_reconf_duration: 11.31
tot_sleeping_duration: 1024652.863680006
tot_uptimes: 267
tot_uptimes_duration: 15960.024319993972
