comms_cons: 57.99627520058022
finished_reconf: true
global_termination_time: 584133.09
local_termination_time: 236567.861
node_cons: 11978.042081121437
tot_aggregated_send: 8292
tot_msg_rcv: 178
tot_msg_sent: 345
tot_reconf_duration: 5.43
tot_sleeping_duration: 575193.0839199988
tot_uptimes: 150
tot_uptimes_duration: 8940.006080001069
