comms_cons: 1219.9762816339
finished_reconf: true
global_termination_time: 2518177.4485599985
local_termination_time: 2518177.4074399984
node_cons: 153343.87668323587
tot_aggregated_send: 0
tot_msg_rcv: 74790
tot_msg_sent: 110638
tot_reconf_duration: 24.59
tot_sleeping_duration: 2403681.1950400276
tot_uptimes: 1885
tot_uptimes_duration: 114496.25351997095
