comms_cons: 253.6324543856061
finished_reconf: true
global_termination_time: 2519290.381
local_termination_time: 1180515.045119998
node_cons: 51831.85489702717
tot_aggregated_send: 35496
tot_msg_rcv: 1140
tot_msg_sent: 1914
tot_reconf_duration: 7.819999999999999
tot_sleeping_duration: 2480588.935640009
tot_uptimes: 646
tot_uptimes_duration: 38701.44535999093
