comms_cons: 34.96844800069638
finished_reconf: true
global_termination_time: 344522.618
local_termination_time: 139490.20532000068
node_cons: 7087.804860000025
tot_aggregated_send: 4640
tot_msg_rcv: 279
tot_msg_sent: 396
tot_reconf_duration: 13.17
tot_sleeping_duration: 339242.618
tot_uptimes: 89
tot_uptimes_duration: 5280.0
