comms_cons: 35.778944000426286
finished_reconf: true
global_termination_time: 344855.058
local_termination_time: 171922.93136000005
node_cons: 7074.1107811214215
tot_aggregated_send: 4292
tot_msg_rcv: 449
tot_msg_sent: 697
tot_reconf_duration: 3.08
tot_sleeping_duration: 339575.05191999895
tot_uptimes: 89
tot_uptimes_duration: 5280.006080001069
