comms_cons: 34.981606400175174
finished_reconf: true
global_termination_time: 345914.166
local_termination_time: 152814.29936000006
node_cons: 7076.460121121436
tot_aggregated_send: 4524
tot_msg_rcv: 275
tot_msg_sent: 518
tot_reconf_duration: 4.8100000000000005
tot_sleeping_duration: 340634.15991999896
tot_uptimes: 89
tot_uptimes_duration: 5280.006080001069
