comms_cons: 35.923686400791055
finished_reconf: true
global_termination_time: 346379.172
local_termination_time: 118421.11359999995
node_cons: 7085.295262242886
tot_aggregated_send: 4466
tot_msg_rcv: 362
tot_msg_sent: 632
tot_reconf_duration: 11.31
tot_sleeping_duration: 341099.1598399979
tot_uptimes: 89
tot_uptimes_duration: 5280.0121600021375
