comms_cons: 79.10172160061329
finished_reconf: true
global_termination_time: 822623.859
local_termination_time: 438986.89136
node_cons: 16877.361619999927
tot_aggregated_send: 11194
tot_msg_rcv: 273
tot_msg_sent: 556
tot_reconf_duration: 4.390000000000001
tot_sleeping_duration: 810023.859
tot_uptimes: 211
tot_uptimes_duration: 12599.99999999997
