comms_cons: 77.88456960016656
finished_reconf: true
global_termination_time: 822311.071
local_termination_time: 467470.05736000004
node_cons: 16886.75898000002
tot_aggregated_send: 11600
tot_msg_rcv: 57
tot_msg_sent: 181
tot_reconf_duration: 11.31
tot_sleeping_duration: 809711.071
tot_uptimes: 211
tot_uptimes_duration: 12600.0
