comms_cons: 9.640409600133632
finished_reconf: true
global_termination_time: 72538.982
local_termination_time: 30297.528800000004
node_cons: 1470.9061678420376
tot_aggregated_send: 406
tot_msg_rcv: 430
tot_msg_sent: 629
tot_reconf_duration: 18.21
tot_sleeping_duration: 71458.93943999847
tot_uptimes: 19
tot_uptimes_duration: 1080.0425600015224
