comms_cons: 9.867270400206959
finished_reconf: true
global_termination_time: 77426.826
local_termination_time: 39837.60848000001
node_cons: 1530.6670633605834
tot_aggregated_send: 638
tot_msg_rcv: 393
tot_msg_sent: 468
tot_reconf_duration: 3.08
tot_sleeping_duration: 76286.80775999956
tot_uptimes: 20
tot_uptimes_duration: 1140.0182400004414
