comms_cons: 9.750393599889694
finished_reconf: true
global_termination_time: 77269.578
local_termination_time: 36916.40736000001
node_cons: 1546.9956622383045
tot_aggregated_send: 580
tot_msg_rcv: 385
tot_msg_sent: 517
tot_reconf_duration: 15.110000000000001
tot_sleeping_duration: 76129.56584000126
tot_uptimes: 20
tot_uptimes_duration: 1140.0121599987333
