comms_cons: 9.929267200080917
finished_reconf: true
global_termination_time: 77753.159
local_termination_time: 33048.86436000001
node_cons: 1557.226841120283
tot_aggregated_send: 348
tot_msg_rcv: 527
tot_msg_sent: 634
tot_reconf_duration: 22.65
tot_sleeping_duration: 76613.15291999979
tot_uptimes: 20
tot_uptimes_duration: 1140.0060800002175
