comms_cons: 9.718105600101408
finished_reconf: true
global_termination_time: 77526.426
local_termination_time: 34640.760840000024
node_cons: 1539.3093478408966
tot_aggregated_send: 290
tot_msg_rcv: 429
tot_msg_sent: 759
tot_reconf_duration: 9.42
tot_sleeping_duration: 76386.38343999934
tot_uptimes: 20
tot_uptimes_duration: 1140.042560000671
