comms_cons: 10.515443199929951
finished_reconf: true
global_termination_time: 76033.308
local_termination_time: 31556.70188
node_cons: 1549.1725676797319
tot_aggregated_send: 348
tot_msg_rcv: 501
tot_msg_sent: 750
tot_reconf_duration: 12.629999999999999
tot_sleeping_duration: 74889.1548800002
tot_uptimes: 20
tot_uptimes_duration: 1144.1531199998026
