comms_cons: 12.356300800004758
finished_reconf: true
global_termination_time: 73793.646
local_termination_time: 32839.464600000014
node_cons: 1450.278182239446
tot_aggregated_send: 174
tot_msg_rcv: 825
tot_msg_sent: 881
tot_reconf_duration: 3.05
tot_sleeping_duration: 72713.6338400004
tot_uptimes: 19
tot_uptimes_duration: 1080.0121599995837
