comms_cons: 232.0110143912678
finished_reconf: true
global_termination_time: 2327806.594
local_termination_time: 1054435.5727999993
node_cons: 47889.5657999992
tot_aggregated_send: 33524
tot_msg_rcv: 699
tot_msg_sent: 1040
tot_reconf_duration: 5.1
tot_sleeping_duration: 2292046.594
tot_uptimes: 597
tot_uptimes_duration: 35760.0
