comms_cons: 231.1736319794691
finished_reconf: true
global_termination_time: 2326198.562
local_termination_time: 301751.66199999995
node_cons: 47809.51021069536
tot_aggregated_send: 31839
tot_msg_rcv: 1075
tot_msg_sent: 2225
tot_reconf_duration: 4.390000000000001
tot_sleeping_duration: 2290497.6295200177
tot_uptimes: 596
tot_uptimes_duration: 35700.93247998209
