comms_cons: 175.00734719156938
finished_reconf: true
global_termination_time: 1760301.387
local_termination_time: 904968.38836
node_cons: 36157.15004111672
tot_aggregated_send: 24244
tot_msg_rcv: 693
tot_msg_sent: 1664
tot_reconf_duration: 3.05
tot_sleeping_duration: 1733301.3809200025
tot_uptimes: 451
tot_uptimes_duration: 27000.006079997576
