comms_cons: 274.55572477993775
finished_reconf: true
global_termination_time: 2808845.304
local_termination_time: 2530.93612
node_cons: 57854.44720447549
tot_aggregated_send: 38396
tot_msg_rcv: 1115
tot_msg_sent: 2219
tot_reconf_duration: 7.08
tot_sleeping_duration: 2765645.2796800025
tot_uptimes: 720
tot_uptimes_duration: 43200.02431999741
