comms_cons: 264.9031167906344
finished_reconf: true
global_termination_time: 2811123.581
local_termination_time: 5954.155
node_cons: 57849.94408335406
tot_aggregated_send: 38333
tot_msg_rcv: 577
tot_msg_sent: 1353
tot_reconf_duration: 3.77
tot_sleeping_duration: 2767923.5627600034
tot_uptimes: 720
tot_uptimes_duration: 43200.01823999634
