comms_cons: 170.65334393515474
finished_reconf: true
global_termination_time: 1110184.175
local_termination_time: 403040.5674800001
node_cons: 22823.108262233698
tot_aggregated_send: 0
tot_msg_rcv: 13114
tot_msg_sent: 12823
tot_reconf_duration: 4.8100000000000005
tot_sleeping_duration: 1093144.1628400048
tot_uptimes: 285
tot_uptimes_duration: 17040.01215999527
