comms_cons: 106.06986239887759
finished_reconf: true
global_termination_time: 1112499.055
local_termination_time: 633452.915359998
node_cons: 22827.59831415427
tot_aggregated_send: 15660
tot_msg_rcv: 113
tot_msg_sent: 349
tot_reconf_duration: 6.22
tot_sleeping_duration: 1095457.1195600044
tot_uptimes: 285
tot_uptimes_duration: 17041.935439995606
