comms_cons: 2.5593087999944184
finished_reconf: true
global_termination_time: 14353.131
local_termination_time: 5111.27736
node_cons: 255.89009999999976
tot_aggregated_send: 0
tot_msg_rcv: 225
tot_msg_sent: 164
tot_reconf_duration: 10.95
tot_sleeping_duration: 14173.131
tot_uptimes: 4
tot_uptimes_duration: 180.0
