comms_cons: 3.348812799994573
finished_reconf: true
global_termination_time: 17292.92
local_termination_time: 5009.59136
node_cons: 336.71898000000056
tot_aggregated_send: 0
tot_msg_rcv: 335
tot_msg_sent: 174
tot_reconf_duration: 11.31
tot_sleeping_duration: 17052.92
tot_uptimes: 5
tot_uptimes_duration: 240.0
