comms_cons: 23.06072320009724
finished_reconf: true
global_termination_time: 226173.70872000066
local_termination_time: 115751.71331999962
node_cons: 4669.310609681831
tot_aggregated_send: 3016
tot_msg_rcv: 185
tot_msg_sent: 303
tot_reconf_duration: 22.65
tot_sleeping_duration: 222709.5175999993
tot_uptimes: 58
tot_uptimes_duration: 3464.1911200013565
