comms_cons: 23.48774400023604
finished_reconf: true
global_termination_time: 227109.215
local_termination_time: 36145.02836000002
node_cons: 4665.69790224174
tot_aggregated_send: 3074
tot_msg_rcv: 208
tot_msg_sent: 288
tot_reconf_duration: 4.390000000000001
tot_sleeping_duration: 223629.20283999873
tot_uptimes: 59
tot_uptimes_duration: 3480.01216000129
