comms_cons: 22.908774400041395
finished_reconf: true
global_termination_time: 228578.507
local_termination_time: 65062.67736000001
node_cons: 4675.087121119152
tot_aggregated_send: 3190
tot_msg_rcv: 126
tot_msg_sent: 166
tot_reconf_duration: 11.31
tot_sleeping_duration: 225098.50092000063
tot_uptimes: 59
tot_uptimes_duration: 3480.006079999366
