comms_cons: 62.48947840473467
finished_reconf: true
global_termination_time: 270629.2369200002
local_termination_time: 270629.1958000002
node_cons: 5624.149902724676
tot_aggregated_send: 0
tot_msg_rcv: 5431
tot_msg_sent: 4063
tot_reconf_duration: 37.410000000000004
tot_sleeping_duration: 266466.9164399968
tot_uptimes: 70
tot_uptimes_duration: 4162.32048000348
