comms_cons: 104.72770560010568
finished_reconf: true
global_termination_time: 1058292.817
local_termination_time: 553082.33136
node_cons: 21806.497400000088
tot_aggregated_send: 15370
tot_msg_rcv: 224
tot_msg_sent: 324
tot_reconf_duration: 25.299999999999997
tot_sleeping_duration: 1042032.817
tot_uptimes: 272
tot_uptimes_duration: 16259.999999999993
