comms_cons: 104.11646720027919
finished_reconf: true
global_termination_time: 1060926.333
local_termination_time: 592896.8063599999
node_cons: 21790.02486000007
tot_aggregated_send: 15486
tot_msg_rcv: 119
tot_msg_sent: 220
tot_reconf_duration: 13.17
tot_sleeping_duration: 1044666.3330000001
tot_uptimes: 272
tot_uptimes_duration: 16259.999999999985
