comms_cons: 108.15672319294168
finished_reconf: true
global_termination_time: 1055467.122
local_termination_time: 95619.01631999962
node_cons: 21778.70454446736
tot_aggregated_send: 14384
tot_msg_rcv: 717
tot_msg_sent: 1339
tot_reconf_duration: 4.8100000000000005
tot_sleeping_duration: 1039207.0976800094
tot_uptimes: 271
tot_uptimes_duration: 16260.024319990538
