comms_cons: 2.2829823999966403
finished_reconf: true
global_termination_time: 15985.466
local_termination_time: 8121.60336
node_cons: 336.23009999999977
tot_aggregated_send: 0
tot_msg_rcv: 181
tot_msg_sent: 166
tot_reconf_duration: 10.95
tot_sleeping_duration: 15745.466
tot_uptimes: 5
tot_uptimes_duration: 240.0
