comms_cons: 283.3720960045491
finished_reconf: false
global_termination_time: 2807952.343
local_termination_time: 0
node_cons: 57920.95116670579
tot_aggregated_send: 39207
tot_msg_rcv: 1356
tot_msg_sent: 2507
tot_reconf_duration: 56.040000000000006
tot_sleeping_duration: 2764752.30652001
tot_uptimes: 720
tot_uptimes_duration: 43200.03647998971
