comms_cons: 269.0827008184756
finished_reconf: true
global_termination_time: 2810812.652
local_termination_time: 4918.069
node_cons: 57870.61284334978
tot_aggregated_send: 39189
tot_msg_rcv: 487
tot_msg_sent: 1223
tot_reconf_duration: 18.990000000000002
tot_sleeping_duration: 2767612.6337600066
tot_uptimes: 720
tot_uptimes_duration: 43200.01823999314
