comms_cons: 279.2344064318995
finished_reconf: true
global_termination_time: 2810151.614
local_termination_time: 5497.986
node_cons: 57853.621526699964
tot_aggregated_send: 39143
tot_msg_rcv: 1138
tot_msg_sent: 2161
tot_reconf_duration: 6.46
tot_sleeping_duration: 2766951.5775200143
tot_uptimes: 720
tot_uptimes_duration: 43200.03647998581
