comms_cons: 840.4777217774755
finished_reconf: true
global_termination_time: 8547203.758
local_termination_time: 2525031.52352
node_cons: 175792.51336893105
tot_aggregated_send: 117740
tot_msg_rcv: 3153
tot_msg_sent: 6853
tot_reconf_duration: 6.279999999999999
tot_sleeping_duration: 8415923.709360018
tot_uptimes: 2189
tot_uptimes_duration: 131280.0486399827
