comms_cons: 846.9071745859625
finished_reconf: true
global_termination_time: 8544915.772
local_termination_time: 2707320.77
node_cons: 175818.3343878133
tot_aggregated_send: 118763
tot_msg_rcv: 3419
tot_msg_sent: 6542
tot_reconf_duration: 25.299999999999997
tot_sleeping_duration: 8413635.729440015
tot_uptimes: 2189
tot_uptimes_duration: 131280.04255998484
