comms_cons: 837.4347905434934
finished_reconf: true
global_termination_time: 8546841.583
local_termination_time: 4269917.93336
node_cons: 175796.3320855797
tot_aggregated_send: 118088
tot_msg_rcv: 3092
tot_msg_sent: 6106
tot_reconf_duration: 9.11
tot_sleeping_duration: 8415561.552600011
tot_uptimes: 2189
tot_uptimes_duration: 131280.0303999891
