comms_cons: 856.5245314218022
finished_reconf: true
global_termination_time: 8545556.963
local_termination_time: 518413.27664000087
node_cons: 175814.7926756317
tot_aggregated_send: 119538
tot_msg_rcv: 3517
tot_msg_sent: 7131
tot_reconf_duration: 22.65
tot_sleeping_duration: 8414276.877880031
tot_uptimes: 2189
tot_uptimes_duration: 131280.0851199685
