comms_cons: 204.53921278196867
finished_reconf: true
global_termination_time: 2047368.84
local_termination_time: 565630.2903599999
node_cons: 42105.12650558377
tot_aggregated_send: 27898
tot_msg_rcv: 952
tot_msg_sent: 2241
tot_reconf_duration: 5.1
tot_sleeping_duration: 2015928.809600012
tot_uptimes: 525
tot_uptimes_duration: 31440.030399988173
