comms_cons: 198.54772477698987
finished_reconf: true
global_termination_time: 1946586.787
local_termination_time: 290821.59636
node_cons: 40015.40373677056
tot_aggregated_send: 25868
tot_msg_rcv: 1359
tot_msg_sent: 2951
tot_reconf_duration: 4.390000000000001
tot_sleeping_duration: 1916706.6958000218
tot_uptimes: 499
tot_uptimes_duration: 29880.091199978255
