comms_cons: 198.68907518458425
finished_reconf: true
global_termination_time: 1945820.331
local_termination_time: 883072.7711599993
node_cons: 40013.55145228956
tot_aggregated_send: 26332
tot_msg_rcv: 1303
tot_msg_sent: 2564
tot_reconf_duration: 3.05
tot_sleeping_duration: 1915940.2641200225
tot_uptimes: 499
tot_uptimes_duration: 29880.066879977414
