comms_cons: 103.52371199865033
finished_reconf: true
global_termination_time: 1053389.065
local_termination_time: 384083.9039200007
node_cons: 21657.0839602407
tot_aggregated_send: 14384
tot_msg_rcv: 487
tot_msg_sent: 864
tot_reconf_duration: 25.299999999999997
tot_sleeping_duration: 1037240.6508399994
tot_uptimes: 270
tot_uptimes_duration: 16148.41416000051
