comms_cons: 105.29477119661317
finished_reconf: true
global_termination_time: 1051349.125
local_termination_time: 521765.505
node_cons: 21635.366527188704
tot_aggregated_send: 14785
tot_msg_rcv: 407
tot_msg_sent: 812
tot_reconf_duration: 12.629999999999999
tot_sleeping_duration: 1035204.0802000085
tot_uptimes: 270
tot_uptimes_duration: 16145.044799991534
