comms_cons: 106.35339519605489
finished_reconf: true
global_termination_time: 1051696.41
local_termination_time: 396350.08536
node_cons: 21636.87902336426
tot_aggregated_send: 14210
tot_msg_rcv: 633
tot_msg_sent: 1323
tot_reconf_duration: 18.700000000000003
tot_sleeping_duration: 1035556.3917599967
tot_uptimes: 270
tot_uptimes_duration: 16140.018240003206
