comms_cons: 177.9851583267845
finished_reconf: true
global_termination_time: 1051802.797
local_termination_time: 367129.96836
node_cons: 21619.94746559335
tot_aggregated_send: 0
tot_msg_rcv: 13766
tot_msg_sent: 13287
tot_reconf_duration: 6.22
tot_sleeping_duration: 1035662.766600005
tot_uptimes: 270
tot_uptimes_duration: 16140.030399995041
