comms_cons: 38.31068160003164
finished_reconf: true
global_termination_time: 379028.732
local_termination_time: 4568.71248
node_cons: 7813.81986112144
tot_aggregated_send: 5162
tot_msg_rcv: 210
tot_msg_sent: 451
tot_reconf_duration: 15.34
tot_sleeping_duration: 373208.72591999895
tot_uptimes: 98
tot_uptimes_duration: 5820.006080001069
