comms_cons: 104.02373119920856
finished_reconf: true
global_termination_time: 1104616.428
local_termination_time: 6900.929
node_cons: 22663.875883364326
tot_aggregated_send: 14842
tot_msg_rcv: 338
tot_msg_sent: 631
tot_reconf_duration: 5.87
tot_sleeping_duration: 1087696.4097599967
tot_uptimes: 283
tot_uptimes_duration: 16920.018240003206
