comms_cons: 106.38566399624874
finished_reconf: true
global_termination_time: 1103166.428
local_termination_time: 6272.517
node_cons: 22666.141041121467
tot_aggregated_send: 15246
tot_msg_rcv: 294
tot_msg_sent: 630
tot_reconf_duration: 7.55
tot_sleeping_duration: 1086246.421919999
tot_uptimes: 283
tot_uptimes_duration: 16920.00608000107
