comms_cons: 107.99512319722056
finished_reconf: true
global_termination_time: 1102416.694
local_termination_time: 4718.759
node_cons: 22670.24760559339
tot_aggregated_send: 15069
tot_msg_rcv: 469
tot_msg_sent: 876
tot_reconf_duration: 10.55
tot_sleeping_duration: 1085496.6636000047
tot_uptimes: 283
tot_uptimes_duration: 16920.03039999504
