comms_cons: 140.031270390245
finished_reconf: true
global_termination_time: 1385849.49
local_termination_time: 166037.6265600007
node_cons: 28461.248707822466
tot_aggregated_send: 18792
tot_msg_rcv: 766
tot_msg_sent: 1726
tot_reconf_duration: 15.34
tot_sleeping_duration: 1364609.447440013
tot_uptimes: 355
tot_uptimes_duration: 21240.042559986876
