comms_cons: 138.14408959274655
finished_reconf: true
global_termination_time: 1384474.674
local_termination_time: 741646.8763599999
node_cons: 28453.176783355197
tot_aggregated_send: 19082
tot_msg_rcv: 583
tot_msg_sent: 1333
tot_reconf_duration: 9.42
tot_sleeping_duration: 1363234.655760004
tot_uptimes: 355
tot_uptimes_duration: 21240.018239996338
