comms_cons: 136.50073599492111
finished_reconf: true
global_termination_time: 1386280.071
local_termination_time: 704148.7674799998
node_cons: 28535.602664467307
tot_aggregated_send: 18444
tot_msg_rcv: 787
tot_msg_sent: 1515
tot_reconf_duration: 10.95
tot_sleeping_duration: 1364980.0466800095
tot_uptimes: 356
tot_uptimes_duration: 21300.024319990538
