comms_cons: 138.48620799176388
finished_reconf: true
global_termination_time: 1384287.3042400004
local_termination_time: 117584.32135999996
node_cons: 28505.55912166173
tot_aggregated_send: 18792
tot_msg_rcv: 788
tot_msg_sent: 1469
tot_reconf_duration: 3.05
tot_sleeping_duration: 1363001.705120014
tot_uptimes: 355
tot_uptimes_duration: 21285.599119986335
