comms_cons: 138.44015359824323
finished_reconf: true
global_termination_time: 1414727.828
local_termination_time: 1149044.42136
node_cons: 29098.447121116955
tot_aggregated_send: 20590
tot_msg_rcv: 111
tot_msg_sent: 341
tot_reconf_duration: 11.31
tot_sleeping_duration: 1393007.8219200023
tot_uptimes: 363
tot_uptimes_duration: 21720.006079997635
