comms_cons: 139.3671935963331
finished_reconf: true
global_termination_time: 1415038.83
local_termination_time: 702027.9318399987
node_cons: 29090.453939999956
tot_aggregated_send: 20590
tot_msg_rcv: 192
tot_msg_sent: 401
tot_reconf_duration: 5.43
tot_sleeping_duration: 1393318.83
tot_uptimes: 363
tot_uptimes_duration: 21720.0
