comms_cons: 66.7591423992848
finished_reconf: true
global_termination_time: 681430.038
local_termination_time: 159776.13988000044
node_cons: 13985.691980000018
tot_aggregated_send: 9628
tot_msg_rcv: 172
tot_msg_sent: 347
tot_reconf_duration: 4.8100000000000005
tot_sleeping_duration: 670990.038
tot_uptimes: 175
tot_uptimes_duration: 10440.0
