comms_cons: 69.78557440064573
finished_reconf: true
global_termination_time: 678938.362
local_termination_time: 110293.4492799998
node_cons: 13907.283042242883
tot_aggregated_send: 8990
tot_msg_rcv: 571
tot_msg_sent: 1046
tot_reconf_duration: 6.22
tot_sleeping_duration: 668558.3498399978
tot_uptimes: 174
tot_uptimes_duration: 10380.012160002138
