comms_cons: 179.88683517989404
finished_reconf: true
global_termination_time: 1745037.96
local_termination_time: 355442.0401600003
node_cons: 35842.332830060615
tot_aggregated_send: 23432
tot_msg_rcv: 1468
tot_msg_sent: 2442
tot_reconf_duration: 7.819999999999999
tot_sleeping_duration: 1718277.9052800145
tot_uptimes: 447
tot_uptimes_duration: 26760.05471998558
