comms_cons: 96.42475519795859
finished_reconf: true
global_termination_time: 980602.515
local_termination_time: 1521.6092400000002
node_cons: 20181.964622238294
tot_aggregated_send: 13340
tot_msg_rcv: 437
tot_msg_sent: 879
tot_reconf_duration: 12.23
tot_sleeping_duration: 965542.5028400013
tot_uptimes: 252
tot_uptimes_duration: 15060.012159998703
