comms_cons: 71.59401600037377
finished_reconf: true
global_termination_time: 710042.703
local_termination_time: 468642.3957200001
node_cons: 14549.11220111686
tot_aggregated_send: 9802
tot_msg_rcv: 387
tot_msg_sent: 692
tot_reconf_duration: 5.57
tot_sleeping_duration: 699182.6969200023
tot_uptimes: 182
tot_uptimes_duration: 10860.006079997635
