comms_cons: 74.65543680035394
finished_reconf: true
global_termination_time: 713389.462
local_termination_time: 450106.9603600005
node_cons: 14628.854646723994
tot_aggregated_send: 9222
tot_msg_rcv: 786
tot_msg_sent: 1340
tot_reconf_duration: 5.1
tot_sleeping_duration: 702469.4255199971
tot_uptimes: 183
tot_uptimes_duration: 10920.036480002993
