comms_cons: 70.4956735996751
finished_reconf: true
global_termination_time: 708500.7402799993
local_termination_time: 7989.274600000001
node_cons: 14595.812033919117
tot_aggregated_send: 10034
tot_msg_rcv: 207
tot_msg_sent: 473
tot_reconf_duration: 11.31
tot_sleeping_duration: 697611.679
tot_uptimes: 182
tot_uptimes_duration: 10889.061279999325
