comms_cons: 399.20992647989056
finished_reconf: true
global_termination_time: 3940694.006
local_termination_time: 199397.0418000007
node_cons: 81078.04407563922
tot_aggregated_send: 54462
tot_msg_rcv: 2220
tot_msg_sent: 3996
tot_reconf_duration: 10.95
tot_sleeping_duration: 3880153.920880029
tot_uptimes: 1010
tot_uptimes_duration: 60540.085119971074
