comms_cons: 393.2703744266238
finished_reconf: true
global_termination_time: 3942420.624
local_termination_time: 1154611.881759999
node_cons: 81071.55560669985
tot_aggregated_send: 54288
tot_msg_rcv: 1941
tot_msg_sent: 3546
tot_reconf_duration: 6.22
tot_sleeping_duration: 3881880.5875200136
tot_uptimes: 1010
tot_uptimes_duration: 60540.036479986506
