comms_cons: 1.1184639999963062
finished_reconf: true
global_termination_time: 5872.756
local_termination_time: 2846.43648
node_cons: 86.87197999999992
tot_aggregated_send: 0
tot_msg_rcv: 114
tot_msg_sent: 55
tot_reconf_duration: 4.8100000000000005
tot_sleeping_duration: 5812.756
tot_uptimes: 2
tot_uptimes_duration: 60.0
