comms_cons: 2.2448127999913274
finished_reconf: true
global_termination_time: 13342.955
local_termination_time: 9425.124120000004
node_cons: 271.7786999999995
tot_aggregated_send: 0
tot_msg_rcv: 188
tot_msg_sent: 153
tot_reconf_duration: 22.65
tot_sleeping_duration: 13162.955
tot_uptimes: 4
tot_uptimes_duration: 180.0
