comms_cons: 166.94719998951436
finished_reconf: true
global_termination_time: 1665888.57
local_termination_time: 267017.8886400004
node_cons: 34228.99004111921
tot_aggregated_send: 23432
tot_msg_rcv: 668
tot_msg_sent: 1275
tot_reconf_duration: 3.05
tot_sleeping_duration: 1640328.5639200008
tot_uptimes: 427
tot_uptimes_duration: 25560.006079999366
