comms_cons: 167.46929918713346
finished_reconf: true
global_termination_time: 1670003.18
local_termination_time: 439255.04720000067
node_cons: 34315.82398335509
tot_aggregated_send: 23258
tot_msg_rcv: 691
tot_msg_sent: 1507
tot_reconf_duration: 7.819999999999999
tot_sleeping_duration: 1644383.1617600035
tot_uptimes: 428
tot_uptimes_duration: 25620.018239996338
