comms_cons: 248.54964470915309
finished_reconf: true
global_termination_time: 854688.021
local_termination_time: 649186.9877599981
node_cons: 34809.29496063727
tot_aggregated_send: 0
tot_msg_rcv: 12693
tot_msg_sent: 25086
tot_reconf_duration: 18.21
tot_sleeping_duration: 828710.0032400019
tot_uptimes: 428
tot_uptimes_duration: 25978.017759998023
