comms_cons: 392.1392128819584
finished_reconf: true
global_termination_time: 3837923.674
local_termination_time: 1248966.97048
node_cons: 78898.14405116806
tot_aggregated_send: 51794
tot_msg_rcv: 2635
tot_msg_sent: 5173
tot_reconf_duration: 3.08
tot_sleeping_duration: 3779003.6132000224
tot_uptimes: 983
tot_uptimes_duration: 58920.06079997751
