comms_cons: 48.27221760016935
finished_reconf: true
global_termination_time: 490769.526
local_termination_time: 23540.572
node_cons: 10072.122223360018
tot_aggregated_send: 7073
tot_msg_rcv: 95
tot_msg_sent: 170
tot_reconf_duration: 15.110000000000001
tot_sleeping_duration: 483262.72776000004
tot_uptimes: 126
tot_uptimes_duration: 7506.798240000004
