comms_cons: 48.410380800272726
finished_reconf: true
global_termination_time: 491182.022
local_termination_time: 518.4483599999999
node_cons: 10050.95490112002
tot_aggregated_send: 6902
tot_msg_rcv: 113
tot_msg_sent: 343
tot_reconf_duration: 6.22
tot_sleeping_duration: 483682.01592000003
tot_uptimes: 126
tot_uptimes_duration: 7500.006080000005
