comms_cons: 291.7050176029031
finished_reconf: true
global_termination_time: 2893179.947
local_termination_time: 446710.1083600001
node_cons: 59482.44011117217
tot_aggregated_send: 39092
tot_msg_rcv: 1854
tot_msg_sent: 3392
tot_reconf_duration: 22.65
tot_sleeping_duration: 2848779.88620002
tot_uptimes: 741
tot_uptimes_duration: 44400.06079998001
