comms_cons: 285.82510080001396
finished_reconf: true
global_termination_time: 2892749.792
local_termination_time: 736694.4308799991
node_cons: 59460.12823999893
tot_aggregated_send: 41586
tot_msg_rcv: 642
tot_msg_sent: 1215
tot_reconf_duration: 6.279999999999999
tot_sleeping_duration: 2848349.792
tot_uptimes: 741
tot_uptimes_duration: 44400.0
