comms_cons: 284.2819263942856
finished_reconf: true
global_termination_time: 2896231.895
local_termination_time: 888000.154
node_cons: 59540.38857101066
tot_aggregated_send: 39495
tot_msg_rcv: 1281
tot_msg_sent: 2434
tot_reconf_duration: 4.8100000000000005
tot_sleeping_duration: 2851770.463640021
tot_uptimes: 742
tot_uptimes_duration: 44461.43135997886
