comms_cons: 131.84716799820848
finished_reconf: true
global_termination_time: 1359971.466
local_termination_time: 642233.6070399993
node_cons: 27962.461900000108
tot_aggregated_send: 19430
tot_msg_rcv: 204
tot_msg_sent: 406
tot_reconf_duration: 3.05
tot_sleeping_duration: 1339091.466
tot_uptimes: 349
tot_uptimes_duration: 20880.0
