comms_cons: 51.837171200970204
finished_reconf: true
global_termination_time: 504904.483
local_termination_time: 221310.50336000006
node_cons: 10388.605462242866
tot_aggregated_send: 6786
tot_msg_rcv: 409
tot_msg_sent: 684
tot_reconf_duration: 18.21
tot_sleeping_duration: 497164.47083999787
tot_uptimes: 130
tot_uptimes_duration: 7740.0121600021375
