comms_cons: 100.75683841462606
finished_reconf: true
global_termination_time: 505355.583
local_termination_time: 1909.7163600000001
node_cons: 10371.440342240594
tot_aggregated_send: 0
tot_msg_rcv: 7819
tot_msg_sent: 7494
tot_reconf_duration: 5.57
tot_sleeping_duration: 497615.57083999953
tot_uptimes: 130
tot_uptimes_duration: 7740.012160000435
