comms_cons: 101.57595521416792
finished_reconf: true
global_termination_time: 507187.986
local_termination_time: 1624.6944800000003
node_cons: 10374.878784483457
tot_aggregated_send: 0
tot_msg_rcv: 7951
tot_msg_sent: 7486
tot_reconf_duration: 8.09
tot_sleeping_duration: 499447.9616799974
tot_uptimes: 130
tot_uptimes_duration: 7740.0243200025725
