comms_cons: 51.021696000699386
finished_reconf: true
global_termination_time: 509696.93
local_termination_time: 261696.2071200009
node_cons: 10448.350041121428
tot_aggregated_send: 7192
tot_msg_rcv: 216
tot_msg_sent: 347
tot_reconf_duration: 3.05
tot_sleeping_duration: 501896.9239199989
tot_uptimes: 131
tot_uptimes_duration: 7800.006080001069
