comms_cons: 99.98484481440585
finished_reconf: true
global_termination_time: 503920.7136000002
local_termination_time: 1952.4623600000002
node_cons: 10399.788269521692
tot_aggregated_send: 0
tot_msg_rcv: 7704
tot_msg_sent: 7487
tot_reconf_duration: 11.31
tot_sleeping_duration: 496165.35191999894
tot_uptimes: 130
tot_uptimes_duration: 7755.361680001253
