comms_cons: 248.82597119337848
finished_reconf: true
global_termination_time: 2550697.271
local_termination_time: 1314778.1514799998
node_cons: 52482.53937999902
tot_aggregated_send: 36714
tot_msg_rcv: 354
tot_msg_sent: 752
tot_reconf_duration: 15.110000000000001
tot_sleeping_duration: 2511517.271
tot_uptimes: 654
tot_uptimes_duration: 39180.0
