comms_cons: 251.72081919516356
finished_reconf: true
global_termination_time: 2553232.207
local_termination_time: 1197982.9676399983
node_cons: 52477.37042607401
tot_aggregated_send: 36656
tot_msg_rcv: 541
tot_msg_sent: 1063
tot_reconf_duration: 10.95
tot_sleeping_duration: 2514051.8482800038
tot_uptimes: 654
tot_uptimes_duration: 39180.358719995944
