comms_cons: 252.3390463849325
finished_reconf: true
global_termination_time: 2550779.681
local_termination_time: 572102.3553599998
node_cons: 52469.450927816935
tot_aggregated_send: 34626
tot_msg_rcv: 1229
tot_msg_sent: 2500
tot_reconf_duration: 5.43
tot_sleeping_duration: 2511599.638440016
tot_uptimes: 654
tot_uptimes_duration: 39180.04255998344
