comms_cons: 2.3158783999944585
finished_reconf: true
global_termination_time: 13628.749
local_termination_time: 5957.04036
node_cons: 245.16189999999904
tot_aggregated_send: 0
tot_msg_rcv: 180
tot_msg_sent: 172
tot_reconf_duration: 3.05
tot_sleeping_duration: 13448.749
tot_uptimes: 4
tot_uptimes_duration: 180.0
