comms_cons: 2.2632447999946326
finished_reconf: true
global_termination_time: 18183.436
local_termination_time: 5627.51136
node_cons: 336.71898000000056
tot_aggregated_send: 0
tot_msg_rcv: 178
tot_msg_sent: 166
tot_reconf_duration: 11.31
tot_sleeping_duration: 17943.436
tot_uptimes: 5
tot_uptimes_duration: 240.0
