comms_cons: 88.12180480028778
finished_reconf: true
global_termination_time: 898510.26
local_termination_time: 238547.62696000014
node_cons: 18508.96684112145
tot_aggregated_send: 12412
tot_msg_rcv: 359
tot_msg_sent: 623
tot_reconf_duration: 22.65
tot_sleeping_duration: 884710.2539199989
tot_uptimes: 231
tot_uptimes_duration: 13800.006080001069
