comms_cons: 90.47691521253766
finished_reconf: true
global_termination_time: 898752.604
local_termination_time: 296326.67348000006
node_cons: 18484.740121121456
tot_aggregated_send: 0
tot_msg_rcv: 6962
tot_msg_sent: 6789
tot_reconf_duration: 4.8100000000000005
tot_sleeping_duration: 884952.597919999
tot_uptimes: 231
tot_uptimes_duration: 13800.006080001069
