comms_cons: 30.850374400502787
finished_reconf: true
global_termination_time: 293632.447
local_termination_time: 46264.140000000196
node_cons: 6031.477902242877
tot_aggregated_send: 3770
tot_msg_rcv: 336
tot_msg_sent: 583
tot_reconf_duration: 4.390000000000001
tot_sleeping_duration: 289132.43483999785
tot_uptimes: 76
tot_uptimes_duration: 4500.0121600021375
