comms_cons: 351.3914560302367
finished_reconf: true
global_termination_time: 3508447.173
local_termination_time: 498253.11536000005
node_cons: 72176.17639340194
tot_aggregated_send: 49300
tot_msg_rcv: 1332
tot_msg_sent: 2777
tot_reconf_duration: 22.65
tot_sleeping_duration: 3454567.100040027
tot_uptimes: 899
tot_uptimes_duration: 53880.07295997278
