comms_cons: 40.06732800008314
finished_reconf: true
global_termination_time: 406747.97228000086
local_termination_time: 406734.6366800007
node_cons: 8441.07947592118
tot_aggregated_send: 6032
tot_msg_rcv: 13
tot_msg_sent: 44
tot_reconf_duration: 4.8100000000000005
tot_sleeping_duration: 400448.833
tot_uptimes: 105
tot_uptimes_duration: 6299.139280000876
