comms_cons: 171.32790395734432
finished_reconf: true
global_termination_time: 742719.4467199999
local_termination_time: 2072.0976
node_cons: 15311.644579093318
tot_aggregated_send: 0
tot_msg_rcv: 14905
tot_msg_sent: 11126
tot_reconf_duration: 18.21
tot_sleeping_duration: 731302.78099999
tot_uptimes: 191
tot_uptimes_duration: 11416.665720009943
