comms_cons: 73.14817279952123
finished_reconf: true
global_termination_time: 744311.01
local_termination_time: 297372.5776000001
node_cons: 15272.172201121462
tot_aggregated_send: 10788
tot_msg_rcv: 103
tot_msg_sent: 227
tot_reconf_duration: 5.57
tot_sleeping_duration: 732911.003919999
tot_uptimes: 191
tot_uptimes_duration: 11400.006080001069
