comms_cons: 74.35153920007241
finished_reconf: true
global_termination_time: 744638.586
local_termination_time: 68184.73747999995
node_cons: 15270.561620000022
tot_aggregated_send: 10440
tot_msg_rcv: 285
tot_msg_sent: 576
tot_reconf_duration: 4.390000000000001
tot_sleeping_duration: 733238.586
tot_uptimes: 191
tot_uptimes_duration: 11400.0
