comms_cons: 73.07517439963044
finished_reconf: true
global_termination_time: 746881.574
local_termination_time: 438567.29548000015
node_cons: 15349.081900000087
tot_aggregated_send: 10962
tot_msg_rcv: 31
tot_msg_sent: 114
tot_reconf_duration: 3.05
tot_sleeping_duration: 735421.574
tot_uptimes: 192
tot_uptimes_duration: 11460.0
