comms_cons: 174.3197375246244
finished_reconf: true
global_termination_time: 1181823.9814799998
local_termination_time: 1181823.94036
node_cons: 24467.521110000824
tot_aggregated_send: 6089
tot_msg_rcv: 8932
tot_msg_sent: 11479
tot_reconf_duration: 131.5
tot_sleeping_duration: 1163684.366760059
tot_uptimes: 303
tot_uptimes_duration: 18139.614719940822
