comms_cons: 117.946572797213
finished_reconf: true
global_termination_time: 1182815.693
local_termination_time: 6544.5
node_cons: 24292.129581120043
tot_aggregated_send: 16567
tot_msg_rcv: 430
tot_msg_sent: 930
tot_reconf_duration: 21.68
tot_sleeping_duration: 1164695.68692
tot_uptimes: 303
tot_uptimes_duration: 18120.006080000006
