comms_cons: 118.17621759587007
finished_reconf: true
global_termination_time: 1186487.276
local_termination_time: 6879.544000000001
node_cons: 24349.853442237163
tot_aggregated_send: 16989
tot_msg_rcv: 391
tot_msg_sent: 582
tot_reconf_duration: 5.02
tot_sleeping_duration: 1168307.2638400022
tot_uptimes: 304
tot_uptimes_duration: 18180.012159997852
