comms_cons: 118.4657023952299
finished_reconf: true
global_termination_time: 1183558.808
local_termination_time: 6537.554
node_cons: 24348.56762703687
tot_aggregated_send: 16700
tot_msg_rcv: 434
tot_msg_sent: 872
tot_reconf_duration: 4.07
tot_sleeping_duration: 1165378.7926400022
tot_uptimes: 304
tot_uptimes_duration: 18180.015359997637
