comms_cons: 115.2544255994878
finished_reconf: true
global_termination_time: 1181824.6732400004
local_termination_time: 7017.151999999999
node_cons: 24322.928819360408
tot_aggregated_send: 17453
tot_msg_rcv: 6
tot_msg_sent: 58
tot_reconf_duration: 4.45
tot_sleeping_duration: 1163664.191
tot_uptimes: 303
tot_uptimes_duration: 18160.482240000274
