comms_cons: 705.4893633698953
finished_reconf: true
global_termination_time: 7020348.5932399975
local_termination_time: 183045.06448000006
node_cons: 144414.84231164344
tot_aggregated_send: 97846
tot_msg_rcv: 3234
tot_msg_sent: 6149
tot_reconf_duration: 18.21
tot_sleeping_duration: 6912514.304120021
tot_uptimes: 1798
tot_uptimes_duration: 107834.28911997628
