comms_cons: 698.8996481501318
finished_reconf: true
global_termination_time: 7022132.979
local_termination_time: 2487805.9243199998
node_cons: 144458.9573300496
tot_aggregated_send: 97324
tot_msg_rcv: 3035
tot_msg_sent: 5869
tot_reconf_duration: 5.57
tot_sleeping_duration: 6914252.92428002
tot_uptimes: 1799
tot_uptimes_duration: 107880.05471998057
