comms_cons: 691.0847745073091
finished_reconf: true
global_termination_time: 7021793.556
local_termination_time: 3149377.15736
node_cons: 144455.559627815
tot_aggregated_send: 98136
tot_msg_rcv: 2313
tot_msg_sent: 4591
tot_reconf_duration: 3.08
tot_sleeping_duration: 6913913.513440015
tot_uptimes: 1799
tot_uptimes_duration: 107880.04255998484
