comms_cons: 685.3961664969542
finished_reconf: true
global_termination_time: 7021774.92
local_termination_time: 4647512.649999999
node_cons: 144481.94537670846
tot_aggregated_send: 97554
tot_msg_rcv: 2220
tot_msg_sent: 4403
tot_reconf_duration: 18.700000000000003
tot_sleeping_duration: 6913891.013520004
tot_uptimes: 1799
tot_uptimes_duration: 107883.9064799957
