comms_cons: 704.8839617706278
finished_reconf: true
global_termination_time: 7022897.163
local_termination_time: 261298.36144000068
node_cons: 144457.3548900486
tot_aggregated_send: 98484
tot_msg_rcv: 3162
tot_msg_sent: 5491
tot_reconf_duration: 4.390000000000001
tot_sleeping_duration: 6915017.10828002
tot_uptimes: 1799
tot_uptimes_duration: 107880.05471998011
