comms_cons: 188.96680951222166
finished_reconf: true
global_termination_time: 989641.065
local_termination_time: 253259.55036000005
node_cons: 20356.80312335052
tot_aggregated_send: 0
tot_msg_rcv: 14524
tot_msg_sent: 14197
tot_reconf_duration: 22.65
tot_sleeping_duration: 974461.046760007
tot_uptimes: 254
tot_uptimes_duration: 15180.018239992904
