comms_cons: 99.73258879550403
finished_reconf: true
global_termination_time: 989559.645
local_termination_time: 185937.92928000036
node_cons: 20334.572663359722
tot_aggregated_send: 13572
tot_msg_rcv: 652
tot_msg_sent: 934
tot_reconf_duration: 6.279999999999999
tot_sleeping_duration: 974379.6267600002
tot_uptimes: 254
tot_uptimes_duration: 15180.018239999772
