comms_cons: 101.78568318980953
finished_reconf: true
global_termination_time: 989280.641
local_termination_time: 372218.14536
node_cons: 20333.43464558878
tot_aggregated_send: 13108
tot_msg_rcv: 795
tot_msg_sent: 1567
tot_reconf_duration: 5.43
tot_sleeping_duration: 974100.6106000084
tot_uptimes: 254
tot_uptimes_duration: 15180.030399991607
