comms_cons: 197.28554230468623
finished_reconf: true
global_termination_time: 984099.041
local_termination_time: 1764.2713600000002
node_cons: 20270.433603355126
tot_aggregated_send: 0
tot_msg_rcv: 15364
tot_msg_sent: 14623
tot_reconf_duration: 18.21
tot_sleeping_duration: 968979.0227600037
tot_uptimes: 253
tot_uptimes_duration: 15120.018239996338
