comms_cons: 97.43795199755083
finished_reconf: true
global_termination_time: 984592.713
local_termination_time: 580167.1279599987
node_cons: 20261.84020000006
tot_aggregated_send: 14152
tot_msg_rcv: 205
tot_msg_sent: 453
tot_reconf_duration: 11.899999999999999
tot_sleeping_duration: 969472.713
tot_uptimes: 253
tot_uptimes_duration: 15120.0
