comms_cons: 100.56930559093253
finished_reconf: true
global_termination_time: 986715.84
local_termination_time: 62922.33184000003
node_cons: 20249.862605584196
tot_aggregated_send: 13340
tot_msg_rcv: 661
tot_msg_sent: 1284
tot_reconf_duration: 3.05
tot_sleeping_duration: 971595.8096000118
tot_uptimes: 253
tot_uptimes_duration: 15120.030399988173
