comms_cons: 100.03764479462338
finished_reconf: true
global_termination_time: 983308.2548399988
local_termination_time: 39334.49740000017
node_cons: 20237.267335351826
tot_aggregated_send: 13166
tot_msg_rcv: 612
tot_msg_sent: 1428
tot_reconf_duration: 7.819999999999999
tot_sleeping_duration: 968202.4686000049
tot_uptimes: 252
tot_uptimes_duration: 15105.786239993875
