comms_cons: 101.40423679255301
finished_reconf: true
global_termination_time: 987368.274
local_termination_time: 193189.5380400003
node_cons: 20261.079685588786
tot_aggregated_send: 13108
tot_msg_rcv: 796
tot_msg_sent: 1508
tot_reconf_duration: 11.31
tot_sleeping_duration: 972248.2436000084
tot_uptimes: 253
tot_uptimes_duration: 15120.030399991607
