comms_cons: 424.049804838918
finished_reconf: true
global_termination_time: 4278192.3147599995
local_termination_time: 4278192.273639999
node_cons: 88050.80134486982
tot_aggregated_send: 61640
tot_msg_rcv: 929
tot_msg_sent: 1883
tot_reconf_duration: 24.59
tot_sleeping_duration: 4212458.626840005
tot_uptimes: 1096
tot_uptimes_duration: 65733.68791999435
