comms_cons: 426.2514176515537
finished_reconf: true
global_termination_time: 4281419.548
local_termination_time: 2528046.83836
node_cons: 88073.50428446573
tot_aggregated_send: 59566
tot_msg_rcv: 1806
tot_msg_sent: 3415
tot_reconf_duration: 15.34
tot_sleeping_duration: 4215659.523680009
tot_uptimes: 1097
tot_uptimes_duration: 65760.02431999124
