comms_cons: 430.72706565909965
finished_reconf: true
global_termination_time: 4281665.208
local_termination_time: 445316.60248000006
node_cons: 88083.46382893328
tot_aggregated_send: 59276
tot_msg_rcv: 2025
tot_msg_sent: 4167
tot_reconf_duration: 22.65
tot_sleeping_duration: 4215905.159360018
tot_uptimes: 1097
tot_uptimes_duration: 65760.04863998177
