comms_cons: 429.94862087378135
finished_reconf: true
global_termination_time: 4280430.796
local_termination_time: 1489504.6247999985
node_cons: 88063.30026558315
tot_aggregated_send: 59392
tot_msg_rcv: 2039
tot_msg_sent: 3918
tot_reconf_duration: 7.819999999999999
tot_sleeping_duration: 4214670.765600011
tot_uptimes: 1097
tot_uptimes_duration: 65760.0303999891
