comms_cons: 458.98083819018916
finished_reconf: true
global_termination_time: 955058.3095999998
local_termination_time: 955058.2684799999
node_cons: 57523.61809312009
tot_aggregated_send: 0
tot_msg_rcv: 28290
tot_msg_sent: 41471
tot_reconf_duration: 24.59
tot_sleeping_duration: 912123.115519999
tot_uptimes: 703
tot_uptimes_duration: 42935.19408000077
