comms_cons: 92.62855679914148
finished_reconf: true
global_termination_time: 956833.404
local_termination_time: 467894.46836
node_cons: 19689.26161999997
tot_aggregated_send: 13398
tot_msg_rcv: 204
tot_msg_sent: 477
tot_reconf_duration: 4.390000000000001
tot_sleeping_duration: 942133.404
tot_uptimes: 246
tot_uptimes_duration: 14700.0
