comms_cons: 38.49957120107197
finished_reconf: true
global_termination_time: 370439.201
local_termination_time: 43066.80448000001
node_cons: 7559.564765607162
tot_aggregated_send: 4640
tot_msg_rcv: 397
tot_msg_sent: 814
tot_reconf_duration: 5.57
tot_sleeping_duration: 364799.17059999466
tot_uptimes: 95
tot_uptimes_duration: 5640.030400005344
