comms_cons: 1058.8124174791244
finished_reconf: true
global_termination_time: 3634262.6087999996
local_termination_time: 3634262.5676799994
node_cons: 148275.04778202937
tot_aggregated_send: 0
tot_msg_rcv: 53947
tot_msg_sent: 106984
tot_reconf_duration: 24.59
tot_sleeping_duration: 3523551.8884400036
tot_uptimes: 1833
tot_uptimes_duration: 110710.72035999596
