comms_cons: 363.98616962573584
finished_reconf: true
global_termination_time: 3634262.766119997
local_termination_time: 17504.537200000006
node_cons: 74767.37287973333
tot_aggregated_send: 51214
tot_msg_rcv: 1449
tot_msg_sent: 2661
tot_reconf_duration: 22.65
tot_sleeping_duration: 3578447.5202800157
tot_uptimes: 931
tot_uptimes_duration: 55815.245839981406
