comms_cons: 479.6899776296139
finished_reconf: true
global_termination_time: 943399.673
local_termination_time: 190789.63048000008
node_cons: 93383.05619554126
tot_aggregated_send: 0
tot_msg_rcv: 33188
tot_msg_sent: 39720
tot_reconf_duration: 15.34
tot_sleeping_duration: 873674.3373199825
tot_uptimes: 1116
tot_uptimes_duration: 69725.33568001757
