comms_cons: 75.78080640824234
finished_reconf: true
global_termination_time: 345585.66060000006
local_termination_time: 345585.61948000005
node_cons: 7121.808130734727
tot_aggregated_send: 0
tot_msg_rcv: 6381
tot_msg_sent: 5139
tot_reconf_duration: 24.59
tot_sleeping_duration: 340291.8481199891
tot_uptimes: 89
tot_uptimes_duration: 5293.812480010987
