comms_cons: 2.2566655999967273
finished_reconf: true
global_termination_time: 14629.786
local_termination_time: 4839.12036
node_cons: 253.81236000000013
tot_aggregated_send: 0
tot_msg_rcv: 177
tot_msg_sent: 166
tot_reconf_duration: 9.42
tot_sleeping_duration: 14449.786
tot_uptimes: 4
tot_uptimes_duration: 180.0
