comms_cons: 12.220838400121135
finished_reconf: true
global_termination_time: 107954.774
local_termination_time: 48224.148
node_cons: 2187.0730011202886
tot_aggregated_send: 1031
tot_msg_rcv: 301
tot_msg_sent: 524
tot_reconf_duration: 13.17
tot_sleeping_duration: 106334.7679199998
tot_uptimes: 28
tot_uptimes_duration: 1620.0060800002175
