comms_cons: 12.849804799649863
finished_reconf: true
global_termination_time: 112087.522
local_termination_time: 77170.59147999994
node_cons: 2253.6863233574377
tot_aggregated_send: 986
tot_msg_rcv: 324
tot_msg_sent: 644
tot_reconf_duration: 3.05
tot_sleeping_duration: 110407.5037600019
tot_uptimes: 29
tot_uptimes_duration: 1680.0182399980986
