comms_cons: 12.118886399751364
finished_reconf: true
global_termination_time: 107046.507
local_termination_time: 33273.16352000008
node_cons: 2177.651183358596
tot_aggregated_send: 1044
tot_msg_rcv: 276
tot_msg_sent: 522
tot_reconf_duration: 6.22
tot_sleeping_duration: 105426.48876000106
tot_uptimes: 28
tot_uptimes_duration: 1620.0182399989499
