comms_cons: 216.09107839382855
finished_reconf: true
global_termination_time: 2192703.012
local_termination_time: 988005.5933599998
node_cons: 45083.1113799995
tot_aggregated_send: 31668
tot_msg_rcv: 369
tot_msg_sent: 808
tot_reconf_duration: 9.11
tot_sleeping_duration: 2159043.012
tot_uptimes: 562
tot_uptimes_duration: 33660.0
