comms_cons: 216.2122495925493
finished_reconf: true
global_termination_time: 2189846.626
local_termination_time: 1019805.1139199993
node_cons: 45010.919379999505
tot_aggregated_send: 31726
tot_msg_rcv: 397
tot_msg_sent: 740
tot_reconf_duration: 15.110000000000001
tot_sleeping_duration: 2156246.626
tot_uptimes: 561
tot_uptimes_duration: 33600.0
