comms_cons: 216.52209919709375
finished_reconf: true
global_termination_time: 2191266.396
local_termination_time: 743607.827
node_cons: 45089.32293303668
tot_aggregated_send: 31720
tot_msg_rcv: 382
tot_msg_sent: 809
tot_reconf_duration: 11.899999999999999
tot_sleeping_duration: 2157604.586640002
tot_uptimes: 562
tot_uptimes_duration: 33661.80935999786
