comms_cons: 21.895577599824612
finished_reconf: true
global_termination_time: 221370.547
local_termination_time: 112785.71335999998
node_cons: 4523.769180000012
tot_aggregated_send: 3132
tot_msg_rcv: 97
tot_msg_sent: 99
tot_reconf_duration: 18.21
tot_sleeping_duration: 218010.547
tot_uptimes: 57
tot_uptimes_duration: 3360.0
