comms_cons: 21.586355199998025
finished_reconf: true
global_termination_time: 222088.922
local_termination_time: 15233.568240000004
node_cons: 4505.571980000005
tot_aggregated_send: 3190
tot_msg_rcv: 37
tot_msg_sent: 54
tot_reconf_duration: 4.8100000000000005
tot_sleeping_duration: 218728.922
tot_uptimes: 57
tot_uptimes_duration: 3360.0
