comms_cons: 167.84698239364673
finished_reconf: true
global_termination_time: 1708535.271
local_termination_time: 700629.2704399995
node_cons: 35112.73004111685
tot_aggregated_send: 23954
tot_msg_rcv: 565
tot_msg_sent: 992
tot_reconf_duration: 3.05
tot_sleeping_duration: 1682315.2649200023
tot_uptimes: 438
tot_uptimes_duration: 26220.006079997635
