comms_cons: 166.44718079747878
finished_reconf: true
global_termination_time: 1709193.78
local_termination_time: 1054751.5251599983
node_cons: 35123.93898000003
tot_aggregated_send: 24766
tot_msg_rcv: 196
tot_msg_sent: 337
tot_reconf_duration: 11.31
tot_sleeping_duration: 1682973.78
tot_uptimes: 438
tot_uptimes_duration: 26220.0
