comms_cons: 1.0197759999994538
finished_reconf: true
global_termination_time: 6240.343000000001
local_termination_time: 929.41536
node_cons: 91.32622000000003
tot_aggregated_send: 0
tot_msg_rcv: 104
tot_msg_sent: 51
tot_reconf_duration: 8.09
tot_sleeping_duration: 6180.343000000001
tot_uptimes: 2
tot_uptimes_duration: 60.00000000000091
