comms_cons: 54.795852805399726
finished_reconf: true
global_termination_time: 546317.6495999998
local_termination_time: 546317.6084799998
node_cons: 11239.904034003875
tot_aggregated_send: 0
tot_msg_rcv: 285
tot_msg_sent: 8043
tot_reconf_duration: 39.92
tot_sleeping_duration: 537963.8835999969
tot_uptimes: 140
tot_uptimes_duration: 8353.766000002885
