comms_cons: 30.59678720123485
finished_reconf: true
global_termination_time: 547993.005
local_termination_time: 21.956120000000002
node_cons: 11257.861041121445
tot_aggregated_send: 0
tot_msg_rcv: 128
tot_msg_sent: 4522
tot_reconf_duration: 7.55
tot_sleeping_duration: 539592.998919999
tot_uptimes: 141
tot_uptimes_duration: 8400.006080001069
