comms_cons: 229.18768637026673
finished_reconf: true
global_termination_time: 2271115.842
local_termination_time: 1051337.85036
node_cons: 46684.13710893419
tot_aggregated_send: 30218
tot_msg_rcv: 1511
tot_msg_sent: 3108
tot_reconf_duration: 4.8100000000000005
tot_sleeping_duration: 2236255.793360019
tot_uptimes: 582
tot_uptimes_duration: 34860.048639981076
