comms_cons: 233.2550143851845
finished_reconf: true
global_termination_time: 2269780.564
local_termination_time: 302656.8448800009
node_cons: 46681.75517005592
tot_aggregated_send: 30160
tot_msg_rcv: 1940
tot_msg_sent: 3351
tot_reconf_duration: 3.05
tot_sleeping_duration: 2234920.5092800176
tot_uptimes: 582
tot_uptimes_duration: 34860.05471998238
