comms_cons: 845.3177473876854
finished_reconf: true
global_termination_time: 8484274.697
local_termination_time: 2892492.1563600004
node_cons: 174507.0733689317
tot_aggregated_send: 117740
tot_msg_rcv: 3427
tot_msg_sent: 7316
tot_reconf_duration: 6.279999999999999
tot_sleeping_duration: 8353954.648360018
tot_uptimes: 2173
tot_uptimes_duration: 130320.04863998317
