comms_cons: 835.3199681796095
finished_reconf: true
global_termination_time: 8481796.503
local_termination_time: 3683487.831519999
node_cons: 174510.88394446232
tot_aggregated_send: 117218
tot_msg_rcv: 3306
tot_msg_sent: 6439
tot_reconf_duration: 9.11
tot_sleeping_duration: 8351476.478680009
tot_uptimes: 2173
tot_uptimes_duration: 130320.02431999147
