comms_cons: 836.6948609304071
finished_reconf: true
global_termination_time: 8481939.313
local_termination_time: 6256414.604359999
node_cons: 174523.8908822272
tot_aggregated_send: 118610
tot_msg_rcv: 2958
tot_msg_sent: 5603
tot_reconf_duration: 18.700000000000003
tot_sleeping_duration: 8351619.300840003
tot_uptimes: 2173
tot_uptimes_duration: 130320.01215999573
