comms_cons: 849.2757762360873
finished_reconf: true
global_termination_time: 8484708.632
local_termination_time: 1022087.402239999
node_cons: 174506.99188893024
tot_aggregated_send: 117508
tot_msg_rcv: 3871
tot_msg_sent: 7706
tot_reconf_duration: 6.22
tot_sleeping_duration: 8354388.583360017
tot_uptimes: 2173
tot_uptimes_duration: 130320.04863998224
