comms_cons: 143.3372991901303
finished_reconf: true
global_termination_time: 1451003.416
local_termination_time: 815690.6423599998
node_cons: 29813.1390700607
tot_aggregated_send: 18618
tot_msg_rcv: 937
tot_msg_sent: 2232
tot_reconf_duration: 5.1
tot_sleeping_duration: 1428743.3612800145
tot_uptimes: 372
tot_uptimes_duration: 22260.05471998558
