comms_cons: 144.06474239219904
finished_reconf: true
global_termination_time: 1450156.945
local_termination_time: 923601.6143599999
node_cons: 29821.03452335048
tot_aggregated_send: 19720
tot_msg_rcv: 743
tot_msg_sent: 1434
tot_reconf_duration: 10.95
tot_sleeping_duration: 1427896.9267600072
tot_uptimes: 372
tot_uptimes_duration: 22260.018239992904
