comms_cons: 145.3933055928863
finished_reconf: true
global_termination_time: 1449729.255
local_termination_time: 869596.4675999999
node_cons: 29822.33276446741
tot_aggregated_send: 20126
tot_msg_rcv: 755
tot_msg_sent: 1217
tot_reconf_duration: 11.899999999999999
tot_sleeping_duration: 1427469.2306800094
tot_uptimes: 372
tot_uptimes_duration: 22260.024319990538
