comms_cons: 146.76149758946323
finished_reconf: true
global_termination_time: 1451303.526
local_termination_time: 353149.39136
node_cons: 29814.643747827035
tot_aggregated_send: 19836
tot_msg_rcv: 862
tot_msg_sent: 1608
tot_reconf_duration: 6.22
tot_sleeping_duration: 1429043.4834400096
tot_uptimes: 372
tot_uptimes_duration: 22260.04255999031
