comms_cons: 58.58777600087676
finished_reconf: true
global_termination_time: 587692.418
local_termination_time: 381767.71636
node_cons: 12068.884859999995
tot_aggregated_send: 8120
tot_msg_rcv: 217
tot_msg_sent: 568
tot_reconf_duration: 13.17
tot_sleeping_duration: 578692.418
tot_uptimes: 151
tot_uptimes_duration: 9000.0
