comms_cons: 60.70328960054172
finished_reconf: true
global_termination_time: 586931.3341200001
local_termination_time: 9859.6906
node_cons: 12075.507233044427
tot_aggregated_send: 7482
tot_msg_rcv: 634
tot_msg_sent: 1110
tot_reconf_duration: 3.05
tot_sleeping_duration: 577916.1247599969
tot_uptimes: 151
tot_uptimes_duration: 9015.209360003297
