comms_cons: 60.41021439993469
finished_reconf: true
global_termination_time: 586937.425
local_termination_time: 45468.421600000016
node_cons: 12066.4078267229
tot_aggregated_send: 7830
tot_msg_rcv: 484
tot_msg_sent: 868
tot_reconf_duration: 11.31
tot_sleeping_duration: 577937.3885199978
tot_uptimes: 151
tot_uptimes_duration: 9000.036480002156
