comms_cons: 783.0426426060972
finished_reconf: true
global_termination_time: 2024753.309
local_termination_time: 806872.609879999
node_cons: 122860.33378438973
tot_aggregated_send: 0
tot_msg_rcv: 48207
tot_msg_sent: 70809
tot_reconf_duration: 18.21
tot_sleeping_duration: 1933016.4870400345
tot_uptimes: 1507
tot_uptimes_duration: 91736.82195996522
