comms_cons: 321.5707901592183
finished_reconf: true
global_termination_time: 2029087.899
local_termination_time: 806853.9252399999
node_cons: 41727.25126446702
tot_aggregated_send: 0
tot_msg_rcv: 24804
tot_msg_sent: 24076
tot_reconf_duration: 22.65
tot_sleeping_duration: 1997947.8746800094
tot_uptimes: 520
tot_uptimes_duration: 31140.024319990538
