comms_cons: 114.16130559977657
finished_reconf: true
global_termination_time: 1167129.771
local_termination_time: 534037.8613599999
node_cons: 23972.0868411169
tot_aggregated_send: 16936
tot_msg_rcv: 141
tot_msg_sent: 274
tot_reconf_duration: 22.65
tot_sleeping_duration: 1149249.7649200023
tot_uptimes: 299
tot_uptimes_duration: 17880.006079997635
