comms_cons: 116.44526079268833
finished_reconf: true
global_termination_time: 1166158.64
local_termination_time: 571771.7023599999
node_cons: 23959.213001116925
tot_aggregated_send: 16530
tot_msg_rcv: 426
tot_msg_sent: 743
tot_reconf_duration: 13.17
tot_sleeping_duration: 1148278.6339200023
tot_uptimes: 299
tot_uptimes_duration: 17880.006079997635
