comms_cons: 115.16294399683349
finished_reconf: true
global_termination_time: 1165688.582
local_termination_time: 695897.628119999
node_cons: 23945.46190000009
tot_aggregated_send: 16762
tot_msg_rcv: 278
tot_msg_sent: 464
tot_reconf_duration: 3.05
tot_sleeping_duration: 1147808.582
tot_uptimes: 299
tot_uptimes_duration: 17879.999999999993
