comms_cons: 126.9857663953343
finished_reconf: true
global_termination_time: 1283180.2167999994
local_termination_time: 1283180.1756799994
node_cons: 26436.171307437515
tot_aggregated_send: 18476
tot_msg_rcv: 282
tot_msg_sent: 541
tot_reconf_duration: 37.410000000000004
tot_sleeping_duration: 1263474.9378400012
tot_uptimes: 329
tot_uptimes_duration: 19705.278959998104
