comms_cons: 125.38515839866074
finished_reconf: true
global_termination_time: 1285697.897
local_termination_time: 238745.18452000085
node_cons: 26450.32579528118
tot_aggregated_send: 18618
tot_msg_rcv: 158
tot_msg_sent: 282
tot_reconf_duration: 12.629999999999999
tot_sleeping_duration: 1265956.9154799993
tot_uptimes: 330
tot_uptimes_duration: 19740.981520000845
