comms_cons: 786.4875330089375
finished_reconf: true
global_termination_time: 7895409.374
local_termination_time: 3160441.7986399992
node_cons: 162385.08998893117
tot_aggregated_send: 109968
tot_msg_rcv: 3235
tot_msg_sent: 6339
tot_reconf_duration: 13.17
tot_sleeping_duration: 7774149.325360017
tot_uptimes: 2022
tot_uptimes_duration: 121260.0486399827
