comms_cons: 781.121561789426
finished_reconf: true
global_termination_time: 7892426.7
local_termination_time: 3431110.121319999
node_cons: 162387.70008558058
tot_aggregated_send: 109968
tot_msg_rcv: 2839
tot_msg_sent: 5917
tot_reconf_duration: 15.110000000000001
tot_sleeping_duration: 7771166.669600011
tot_uptimes: 2022
tot_uptimes_duration: 121260.03039998934
