comms_cons: 796.7172418460153
finished_reconf: true
global_termination_time: 7895304.02
local_termination_time: 442807.6696800002
node_cons: 162373.77781451543
tot_aggregated_send: 108692
tot_msg_rcv: 3985
tot_msg_sent: 8417
tot_reconf_duration: 4.8100000000000005
tot_sleeping_duration: 7774043.940960028
tot_uptimes: 2022
tot_uptimes_duration: 121260.07903997088
