comms_cons: 788.9854977770744
finished_reconf: true
global_termination_time: 7893881.803
local_termination_time: 927687.00136
node_cons: 162377.84911228216
tot_aggregated_send: 110548
tot_msg_rcv: 2988
tot_msg_sent: 6383
tot_reconf_duration: 7.819999999999999
tot_sleeping_duration: 7772621.736120024
tot_uptimes: 2022
tot_uptimes_duration: 121260.06687997584
