comms_cons: 180.88741757812224
finished_reconf: true
global_termination_time: 1760355.658
local_termination_time: 35395.43328000016
node_cons: 36182.46174156496
tot_aggregated_send: 23316
tot_msg_rcv: 1386
tot_msg_sent: 2792
tot_reconf_duration: 18.21
tot_sleeping_duration: 1733352.1236000261
tot_uptimes: 451
tot_uptimes_duration: 27003.534399973913
