comms_cons: 172.98255999641216
finished_reconf: true
global_termination_time: 1763491.109
local_termination_time: 1240576.922999998
node_cons: 36241.86823999994
tot_aggregated_send: 25520
tot_msg_rcv: 252
tot_msg_sent: 520
tot_reconf_duration: 6.279999999999999
tot_sleeping_duration: 1736431.109
tot_uptimes: 452
tot_uptimes_duration: 27060.0
