comms_cons: 513.4335867930886
finished_reconf: true
global_termination_time: 1760281.586
local_termination_time: 841479.4525999998
node_cons: 71992.02843899856
tot_aggregated_send: 0
tot_msg_rcv: 26098
tot_msg_sent: 51941
tot_reconf_duration: 13.17
tot_sleeping_duration: 1706529.4249999998
tot_uptimes: 891
tot_uptimes_duration: 53752.16100000008
