comms_cons: 14.590643199983639
finished_reconf: true
global_termination_time: 3619.6261600000025
local_termination_time: 3619.5850400000027
node_cons: 1564.515714240004
tot_aggregated_send: 0
tot_msg_rcv: 1100
tot_msg_sent: 1113
tot_reconf_duration: 37.410000000000004
tot_sleeping_duration: 2489.146
tot_uptimes: 17
tot_uptimes_duration: 1130.4801600000023
