comms_cons: 11.95791359994125
finished_reconf: true
global_termination_time: 104412.923
local_termination_time: 46100.81308000012
node_cons: 2119.6231233585854
tot_aggregated_send: 638
tot_msg_rcv: 445
tot_msg_sent: 735
tot_reconf_duration: 22.65
tot_sleeping_duration: 102852.90476000105
tot_uptimes: 27
tot_uptimes_duration: 1560.0182399989499
