comms_cons: 105.57767679385725
finished_reconf: true
global_termination_time: 1053695.34548
local_termination_time: 1053695.30436
node_cons: 21663.236083196356
tot_aggregated_send: 14660
tot_msg_rcv: 447
tot_msg_sent: 940
tot_reconf_duration: 24.59
tot_sleeping_duration: 1037541.6166800027
tot_uptimes: 270
tot_uptimes_duration: 16153.728799997247
