comms_cons: 106.18739839862747
finished_reconf: true
global_termination_time: 1055607.263
local_termination_time: 417450.8893600001
node_cons: 21699.388483359755
tot_aggregated_send: 14442
tot_msg_rcv: 592
tot_msg_sent: 1104
tot_reconf_duration: 5.57
tot_sleeping_duration: 1039407.2447600001
tot_uptimes: 271
tot_uptimes_duration: 16200.018239999787
