comms_cons: 104.96581119608696
finished_reconf: true
global_termination_time: 1056063.296
local_termination_time: 631456.42236
node_cons: 21726.165541116927
tot_aggregated_send: 14442
tot_msg_rcv: 484
tot_msg_sent: 1029
tot_reconf_duration: 25.299999999999997
tot_sleeping_duration: 1039863.2899200025
tot_uptimes: 271
tot_uptimes_duration: 16200.006079997635
