comms_cons: 105.42475519921238
finished_reconf: true
global_termination_time: 1057874.791
local_termination_time: 420026.84436000005
node_cons: 21698.356403355127
tot_aggregated_send: 14732
tot_msg_rcv: 421
tot_msg_sent: 870
tot_reconf_duration: 4.8100000000000005
tot_sleeping_duration: 1041674.7727600037
tot_uptimes: 271
tot_uptimes_duration: 16200.018239996338
