comms_cons: 352.6619840140533
finished_reconf: true
global_termination_time: 3537078.396
local_termination_time: 657184.6613599999
node_cons: 72713.7023255825
tot_aggregated_send: 49532
tot_msg_rcv: 1337
tot_msg_sent: 2733
tot_reconf_duration: 4.390000000000001
tot_sleeping_duration: 3482778.3656000122
tot_uptimes: 906
tot_uptimes_duration: 54300.03039998817
