comms_cons: 137.57827839756212
finished_reconf: true
global_termination_time: 1401231.317
local_termination_time: 7121.352
node_cons: 28767.255201121476
tot_aggregated_send: 20122
tot_msg_rcv: 308
tot_msg_sent: 481
tot_reconf_duration: 4.07
tot_sleeping_duration: 1379751.310919999
tot_uptimes: 359
tot_uptimes_duration: 21480.00608000107
