comms_cons: 138.01516799695585
finished_reconf: true
global_termination_time: 1404638.988
local_termination_time: 5173.723999999999
node_cons: 28851.96796111688
tot_aggregated_send: 20002
tot_msg_rcv: 298
tot_msg_sent: 677
tot_reconf_duration: 7.29
tot_sleeping_duration: 1383098.9819200023
tot_uptimes: 360
tot_uptimes_duration: 21540.006079997635
