comms_cons: 136.9962367968422
finished_reconf: true
global_termination_time: 1402910.554
local_termination_time: 4776.218
node_cons: 28851.294400000046
tot_aggregated_send: 20350
tot_msg_rcv: 145
tot_msg_sent: 328
tot_reconf_duration: 6.8
tot_sleeping_duration: 1381370.554
tot_uptimes: 360
tot_uptimes_duration: 21540.0
