comms_cons: 391.68196482825834
finished_reconf: true
global_termination_time: 3947168.703
local_termination_time: 3273337.0043599997
node_cons: 81177.78996446596
tot_aggregated_send: 54810
tot_msg_rcv: 1663
tot_msg_sent: 3060
tot_reconf_duration: 25.299999999999997
tot_sleeping_duration: 3886568.678680009
tot_uptimes: 1011
tot_uptimes_duration: 60600.02431999124
