comms_cons: 395.95066885948484
finished_reconf: true
global_termination_time: 3950909.851
local_termination_time: 763981.6373599998
node_cons: 81244.30822670019
tot_aggregated_send: 54868
tot_msg_rcv: 1829
tot_msg_sent: 3487
tot_reconf_duration: 15.110000000000001
tot_sleeping_duration: 3890249.814520013
tot_uptimes: 1012
tot_uptimes_duration: 60660.03647998674
