comms_cons: 395.9832512599186
finished_reconf: true
global_termination_time: 3947550.37
local_termination_time: 329701.0735600007
node_cons: 81158.34337005134
tot_aggregated_send: 54752
tot_msg_rcv: 1831
tot_msg_sent: 3603
tot_reconf_duration: 10.95
tot_sleeping_duration: 3886950.31528002
tot_uptimes: 1011
tot_uptimes_duration: 60600.05471998011
