comms_cons: 84.54334719812701
finished_reconf: true
global_termination_time: 845568.7294799999
local_termination_time: 845568.6883599999
node_cons: 17405.20794208408
tot_aggregated_send: 11818
tot_msg_rcv: 325
tot_msg_sent: 707
tot_reconf_duration: 24.59
tot_sleeping_duration: 832595.0067599969
tot_uptimes: 217
tot_uptimes_duration: 12973.722720003017
