comms_cons: 85.04911359794808
finished_reconf: true
global_termination_time: 845569.3802400002
local_termination_time: 121872.06903999955
node_cons: 17420.679109283974
tot_aggregated_send: 11484
tot_msg_rcv: 462
tot_msg_sent: 980
tot_reconf_duration: 18.21
tot_sleeping_duration: 832577.6327199973
tot_uptimes: 217
tot_uptimes_duration: 12991.747520002944
