comms_cons: 84.75171839796965
finished_reconf: true
global_termination_time: 848265.987
local_termination_time: 192118.05536000006
node_cons: 17464.56312335971
tot_aggregated_send: 11600
tot_msg_rcv: 406
tot_msg_sent: 875
tot_reconf_duration: 22.65
tot_sleeping_duration: 835245.9687600002
tot_uptimes: 218
tot_uptimes_duration: 13020.018239999772
