comms_cons: 114.41789440290405
finished_reconf: true
global_termination_time: 846116.121
local_termination_time: 538052.0973599999
node_cons: 17357.59818224295
tot_aggregated_send: 0
tot_msg_rcv: 8765
tot_msg_sent: 8626
tot_reconf_duration: 3.05
tot_sleeping_duration: 833156.1088399979
tot_uptimes: 217
tot_uptimes_duration: 12960.012160002138
