comms_cons: 85.67927679772062
finished_reconf: true
global_termination_time: 850013.827
local_termination_time: 221930.40736000004
node_cons: 17449.155262238284
tot_aggregated_send: 11600
tot_msg_rcv: 498
tot_msg_sent: 924
tot_reconf_duration: 11.31
tot_sleeping_duration: 836993.8148400014
tot_uptimes: 218
tot_uptimes_duration: 13020.012159998703
