comms_cons: 123.22647039232922
finished_reconf: true
global_termination_time: 1218044.315
local_termination_time: 6429.25
node_cons: 24995.919457904714
tot_aggregated_send: 16000
tot_msg_rcv: 852
tot_msg_sent: 1878
tot_reconf_duration: 7.3999999999999995
tot_sleeping_duration: 1199384.2177200115
tot_uptimes: 312
tot_uptimes_duration: 18660.097279988564
