comms_cons: 120.18989438878734
finished_reconf: true
global_termination_time: 1216250.346
local_termination_time: 4455.6359999999995
node_cons: 24995.696807817865
tot_aggregated_send: 16464
tot_msg_rcv: 633
tot_msg_sent: 1171
tot_reconf_duration: 7.29
tot_sleeping_duration: 1197590.3034400165
tot_uptimes: 312
tot_uptimes_duration: 18660.04255998344
