comms_cons: 123.82030718406864
finished_reconf: true
global_termination_time: 1221024.621
local_termination_time: 5322.073
node_cons: 25071.308011859193
tot_aggregated_send: 15599
tot_msg_rcv: 1215
tot_msg_sent: 2005
tot_reconf_duration: 3.77
tot_sleeping_duration: 1202304.5400800158
tot_uptimes: 313
tot_uptimes_duration: 18720.080919984437
