comms_cons: 62.09448960034283
finished_reconf: true
global_termination_time: 640107.869
local_termination_time: 387990.55148
node_cons: 13102.345799999986
tot_aggregated_send: 8874
tot_msg_rcv: 207
tot_msg_sent: 357
tot_reconf_duration: 5.1
tot_sleeping_duration: 630327.869
tot_uptimes: 164
tot_uptimes_duration: 9779.999999999998
