comms_cons: 65.19987200065411
finished_reconf: true
global_termination_time: 638427.931
local_termination_time: 258608.45628000033
node_cons: 13101.951980000016
tot_aggregated_send: 8584
tot_msg_rcv: 460
tot_msg_sent: 866
tot_reconf_duration: 4.8100000000000005
tot_sleeping_duration: 628647.931
tot_uptimes: 164
tot_uptimes_duration: 9780.0
