comms_cons: 65.29786880106965
finished_reconf: true
global_termination_time: 639112.494
local_termination_time: 128050.7921999996
node_cons: 13099.602605607155
tot_aggregated_send: 7946
tot_msg_rcv: 680
tot_msg_sent: 1299
tot_reconf_duration: 3.05
tot_sleeping_duration: 629332.4635999947
tot_uptimes: 164
tot_uptimes_duration: 9780.030400005344
