comms_cons: 107.6075968103527
finished_reconf: true
global_termination_time: 638554.824
local_termination_time: 184985.25536000004
node_cons: 13102.793940000009
tot_aggregated_send: 0
tot_msg_rcv: 8289
tot_msg_sent: 8068
tot_reconf_duration: 5.43
tot_sleeping_duration: 628774.824
tot_uptimes: 164
tot_uptimes_duration: 9780.0
