comms_cons: 117.413030395025
finished_reconf: true
global_termination_time: 1173107.614759999
local_termination_time: 1173107.5736399991
node_cons: 24180.558332704106
tot_aggregated_send: 16400
tot_msg_rcv: 424
tot_msg_sent: 1022
tot_reconf_duration: 24.59
tot_sleeping_duration: 1155073.8842800108
tot_uptimes: 301
tot_uptimes_duration: 18033.730479988095
