comms_cons: 177.55291519426567
finished_reconf: true
global_termination_time: 1799589.458
local_termination_time: 1118562.07336
node_cons: 36971.27010000012
tot_aggregated_send: 25810
tot_msg_rcv: 317
tot_msg_sent: 860
tot_reconf_duration: 10.95
tot_sleeping_duration: 1771989.458
tot_uptimes: 461
tot_uptimes_duration: 27600.0
