comms_cons: 484.17683206776974
finished_reconf: true
global_termination_time: 4817437.573
local_termination_time: 1165559.3274399985
node_cons: 99070.27949005035
tot_aggregated_send: 67048
tot_msg_rcv: 2312
tot_msg_sent: 4232
tot_reconf_duration: 8.09
tot_sleeping_duration: 4743457.51828002
tot_uptimes: 1234
tot_uptimes_duration: 73980.05471997987
