comms_cons: 484.9265153143154
finished_reconf: true
global_termination_time: 4815881.065
local_termination_time: 2296788.7467999985
node_cons: 99065.2467489339
tot_aggregated_send: 66468
tot_msg_rcv: 2186
tot_msg_sent: 5052
tot_reconf_duration: 4.390000000000001
tot_sleeping_duration: 4741901.0163600175
tot_uptimes: 1234
tot_uptimes_duration: 73980.04863998247
