comms_cons: 484.9492096828274
finished_reconf: true
global_termination_time: 4816028.007
local_termination_time: 1315647.9383999992
node_cons: 99074.66853228428
tot_aggregated_send: 67048
tot_msg_rcv: 2192
tot_msg_sent: 4467
tot_reconf_duration: 11.31
tot_sleeping_duration: 4742047.940120026
tot_uptimes: 1234
tot_uptimes_duration: 73980.06687997538
