comms_cons: 51.41895680077696
finished_reconf: true
global_termination_time: 498640.088
local_termination_time: 9840.147480000001
node_cons: 10209.728262242876
tot_aggregated_send: 6612
tot_msg_rcv: 496
tot_msg_sent: 708
tot_reconf_duration: 4.8100000000000005
tot_sleeping_duration: 491020.07583999785
tot_uptimes: 128
tot_uptimes_duration: 7620.0121600021375
