comms_cons: 50.36440320059994
finished_reconf: true
global_termination_time: 498377.957
local_termination_time: 9848.49508
node_cons: 10209.174184483456
tot_aggregated_send: 6380
tot_msg_rcv: 454
tot_msg_sent: 822
tot_reconf_duration: 4.390000000000001
tot_sleeping_duration: 490757.9326799974
tot_uptimes: 128
tot_uptimes_duration: 7620.0243200025725
