comms_cons: 199.30864630097244
finished_reconf: true
global_termination_time: 1007816.4885999999
local_termination_time: 3333.8703600000003
node_cons: 20773.026610633555
tot_aggregated_send: 0
tot_msg_rcv: 15324
tot_msg_sent: 14968
tot_reconf_duration: 18.21
tot_sleeping_duration: 992321.1208400048
tot_uptimes: 259
tot_uptimes_duration: 15495.367759995162
