comms_cons: 99.60250879716273
finished_reconf: true
global_termination_time: 1009041.747
local_termination_time: 396310.23980000074
node_cons: 20748.55172000007
tot_aggregated_send: 14500
tot_msg_rcv: 189
tot_msg_sent: 450
tot_reconf_duration: 15.34
tot_sleeping_duration: 993561.747
tot_uptimes: 259
tot_uptimes_duration: 15480.0
