comms_cons: 102.88866559279168
finished_reconf: true
global_termination_time: 1007915.14
local_termination_time: 33478.77060000002
node_cons: 20734.317108943884
tot_aggregated_send: 13862
tot_msg_rcv: 665
tot_msg_sent: 1114
tot_reconf_duration: 4.8100000000000005
tot_sleeping_duration: 992435.0913600121
tot_uptimes: 259
tot_uptimes_duration: 15480.048639987945
