comms_cons: 102.37795839122096
finished_reconf: true
global_termination_time: 1014335.408
local_termination_time: 119814.80459999994
node_cons: 20814.05418447196
tot_aggregated_send: 13804
tot_msg_rcv: 541
tot_msg_sent: 1215
tot_reconf_duration: 4.390000000000001
tot_sleeping_duration: 998795.3836800061
tot_uptimes: 260
tot_uptimes_duration: 15540.024319993972
