comms_cons: 101.54588159617602
finished_reconf: true
global_termination_time: 1009437.525
local_termination_time: 279608.63336000004
node_cons: 20736.183042238255
tot_aggregated_send: 14268
tot_msg_rcv: 471
tot_msg_sent: 697
tot_reconf_duration: 6.22
tot_sleeping_duration: 993957.5128400014
tot_uptimes: 259
tot_uptimes_duration: 15480.012159998703
