comms_cons: 1.4737407999972427
finished_reconf: true
global_termination_time: 17506.506
local_termination_time: 7055.942360000001
node_cons: 342.191719999999
tot_aggregated_send: 0
tot_msg_rcv: 120
tot_msg_sent: 104
tot_reconf_duration: 15.34
tot_sleeping_duration: 17266.506
tot_uptimes: 5
tot_uptimes_duration: 240.0
