comms_cons: 283.8712384129491
finished_reconf: true
global_termination_time: 2811185.946
local_termination_time: 1157286.304279999
node_cons: 57875.58312334996
tot_aggregated_send: 39150
tot_msg_rcv: 1402
tot_msg_sent: 2594
tot_reconf_duration: 22.65
tot_sleeping_duration: 2767985.927760007
tot_uptimes: 720
tot_uptimes_duration: 43200.01823999337
