comms_cons: 283.9911680022494
finished_reconf: true
global_termination_time: 2808395.401
local_termination_time: 315029.2615600007
node_cons: 57860.20782670456
tot_aggregated_send: 39382
tot_msg_rcv: 1407
tot_msg_sent: 2376
tot_reconf_duration: 11.31
tot_sleeping_duration: 2765195.364520011
tot_uptimes: 720
tot_uptimes_duration: 43200.03647998924
