comms_cons: 10.744460799940349
finished_reconf: true
global_termination_time: 108063.626
local_termination_time: 2391.07112
node_cons: 2198.6540044800245
tot_aggregated_send: 754
tot_msg_rcv: 360
tot_msg_sent: 520
tot_reconf_duration: 21.68
tot_sleeping_duration: 106443.60167999999
tot_uptimes: 28
tot_uptimes_duration: 1620.0243200000186
