comms_cons: 13.69977599982012
finished_reconf: true
global_termination_time: 110345.231
local_termination_time: 4610.21
node_cons: 2257.532165599171
tot_aggregated_send: 752
tot_msg_rcv: 623
tot_msg_sent: 709
tot_reconf_duration: 5.87
tot_sleeping_duration: 108665.20060000062
tot_uptimes: 29
tot_uptimes_duration: 1680.0303999993812
