comms_cons: 10.396390399755774
finished_reconf: true
global_termination_time: 111485.567
local_termination_time: 7147.497
node_cons: 2255.1040478386185
tot_aggregated_send: 577
tot_msg_rcv: 447
tot_msg_sent: 557
tot_reconf_duration: 4.07
tot_sleeping_duration: 109805.52444000103
tot_uptimes: 29
tot_uptimes_duration: 1680.0425599989685
