comms_cons: 218.0812543802161
finished_reconf: true
global_termination_time: 2151262.574
local_termination_time: 372014.2784800001
node_cons: 44197.676547822
tot_aggregated_send: 29174
tot_msg_rcv: 1413
tot_msg_sent: 2559
tot_reconf_duration: 7.819999999999999
tot_sleeping_duration: 2118262.5314400136
tot_uptimes: 551
tot_uptimes_duration: 33000.042559986876
