comms_cons: 473.4390849060397
finished_reconf: true
global_termination_time: 4688073.907
local_termination_time: 10451.251400000003
node_cons: 96442.44695228465
tot_aggregated_send: 65018
tot_msg_rcv: 2369
tot_msg_sent: 4573
tot_reconf_duration: 25.299999999999997
tot_sleeping_duration: 4616073.840120024
tot_uptimes: 1201
tot_uptimes_duration: 72000.06687997561
