comms_cons: 471.42260490367255
finished_reconf: true
global_termination_time: 4688899.848
local_termination_time: 3107602.816999998
node_cons: 96414.58896781705
tot_aggregated_send: 64728
tot_msg_rcv: 2437
tot_msg_sent: 4488
tot_reconf_duration: 4.8100000000000005
tot_sleeping_duration: 4616899.805440016
tot_uptimes: 1201
tot_uptimes_duration: 72000.04255998484
