comms_cons: 472.5247233065932
finished_reconf: true
global_termination_time: 4684853.278
local_termination_time: 1922097.1143599998
node_cons: 96340.50120669974
tot_aggregated_send: 65308
tot_msg_rcv: 2278
tot_msg_sent: 4235
tot_reconf_duration: 9.42
tot_sleeping_duration: 4612913.241520014
tot_uptimes: 1200
tot_uptimes_duration: 71940.03647998697
