comms_cons: 465.2153728635673
finished_reconf: true
global_termination_time: 4684963.589
local_termination_time: 2348626.6999999997
node_cons: 96343.82834111432
tot_aggregated_send: 67158
tot_msg_rcv: 1179
tot_msg_sent: 2373
tot_reconf_duration: 11.899999999999999
tot_sleeping_duration: 4613023.582920002
tot_uptimes: 1200
tot_uptimes_duration: 71940.00607999787
