comms_cons: 469.91658887788793
finished_reconf: true
global_termination_time: 4687979.191
local_termination_time: 1657183.2815999996
node_cons: 96412.19888781673
tot_aggregated_send: 65018
tot_msg_rcv: 2100
tot_msg_sent: 4306
tot_reconf_duration: 3.05
tot_sleeping_duration: 4615979.148440015
tot_uptimes: 1201
tot_uptimes_duration: 72000.04255998484
