comms_cons: 467.93749127766137
finished_reconf: true
global_termination_time: 4685107.031
local_termination_time: 731571.5868399986
node_cons: 96348.59755451858
tot_aggregated_send: 64960
tot_msg_rcv: 1956
tot_msg_sent: 4207
tot_reconf_duration: 15.34
tot_sleeping_duration: 4613166.951960029
tot_uptimes: 1200
tot_uptimes_duration: 71940.07903997111
