comms_cons: 70.0816383997389
finished_reconf: true
global_termination_time: 714316.4020000004
local_termination_time: 95333.13535999997
node_cons: 14671.11810000042
tot_aggregated_send: 10208
tot_msg_rcv: 102
tot_msg_sent: 342
tot_reconf_duration: 4.390000000000001
tot_sleeping_duration: 703364.082
tot_uptimes: 183
tot_uptimes_duration: 10952.320000000298
