comms_cons: 70.25269759888832
finished_reconf: true
global_termination_time: 716092.048
local_termination_time: 525161.6693599998
node_cons: 14717.57897999994
tot_aggregated_send: 10440
tot_msg_rcv: 74
tot_msg_sent: 164
tot_reconf_duration: 11.31
tot_sleeping_duration: 705112.048
tot_uptimes: 184
tot_uptimes_duration: 10980.0
