comms_cons: 124.39951359796265
finished_reconf: true
global_termination_time: 1267970.004
local_termination_time: 474119.75856000074
node_cons: 26050.991720000075
tot_aggregated_send: 18502
tot_msg_rcv: 130
tot_msg_sent: 276
tot_reconf_duration: 15.34
tot_sleeping_duration: 1248530.004
tot_uptimes: 325
tot_uptimes_duration: 19440.0
