comms_cons: 368.5747069638
finished_reconf: true
global_termination_time: 1267728.518
local_termination_time: 1258125.8265999998
node_cons: 51612.99207299928
tot_aggregated_send: 0
tot_msg_rcv: 18790
tot_msg_sent: 37231
tot_reconf_duration: 13.17
tot_sleeping_duration: 1229195.951
tot_uptimes: 641
tot_uptimes_duration: 38532.567000000105
