comms_cons: 125.5311359947356
finished_reconf: true
global_termination_time: 1271377.25
local_termination_time: 565454.984879999
node_cons: 26125.858979999957
tot_aggregated_send: 18328
tot_msg_rcv: 240
tot_msg_sent: 512
tot_reconf_duration: 11.31
tot_sleeping_duration: 1251877.25
tot_uptimes: 326
tot_uptimes_duration: 19500.0
