comms_cons: 126.48511999387266
finished_reconf: true
global_termination_time: 1271668.147
local_termination_time: 442710.8351600003
node_cons: 26117.87394000003
tot_aggregated_send: 18154
tot_msg_rcv: 380
tot_msg_sent: 691
tot_reconf_duration: 5.43
tot_sleeping_duration: 1252168.147
tot_uptimes: 326
tot_uptimes_duration: 19500.0
