comms_cons: 90.968531194886
finished_reconf: true
global_termination_time: 877527.429
local_termination_time: 459198.0900400003
node_cons: 18004.753368953036
tot_aggregated_send: 11368
tot_msg_rcv: 828
tot_msg_sent: 1630
tot_reconf_duration: 6.279999999999999
tot_sleeping_duration: 864087.3803600052
tot_uptimes: 225
tot_uptimes_duration: 13440.048639994813
