comms_cons: 90.18109439366373
finished_reconf: true
global_termination_time: 878879.362
local_termination_time: 471606.7888800004
node_cons: 18091.899685584183
tot_aggregated_send: 11832
tot_msg_rcv: 660
tot_msg_sent: 1215
tot_reconf_duration: 11.31
tot_sleeping_duration: 865379.3316000118
tot_uptimes: 226
tot_uptimes_duration: 13500.030399988173
