comms_cons: 91.91863039390338
finished_reconf: true
global_termination_time: 880852.448
local_termination_time: 434676.1754400002
node_cons: 18083.914645602574
tot_aggregated_send: 11658
tot_msg_rcv: 919
tot_msg_sent: 1394
tot_reconf_duration: 5.43
tot_sleeping_duration: 867352.4175999981
tot_uptimes: 226
tot_uptimes_duration: 13500.03040000191
