comms_cons: 17.369087999772503
finished_reconf: true
global_termination_time: 91886.487
local_termination_time: 349.35003999999947
node_cons: 1878.5786999999993
tot_aggregated_send: 0
tot_msg_rcv: 1325
tot_msg_sent: 1314
tot_reconf_duration: 22.65
tot_sleeping_duration: 90506.487
tot_uptimes: 24
tot_uptimes_duration: 1380.0
