comms_cons: 16.92890879985666
finished_reconf: true
global_termination_time: 88328.26431999983
local_termination_time: 438.93235999999996
node_cons: 1803.580216479777
tot_aggregated_send: 0
tot_msg_rcv: 1290
tot_msg_sent: 1282
tot_reconf_duration: 6.22
tot_sleeping_duration: 86987.612
tot_uptimes: 23
tot_uptimes_duration: 1340.6523199998337
