comms_cons: 837.2637839338779
finished_reconf: true
global_termination_time: 4248882.462599997
local_termination_time: 1961.9193600000003
node_cons: 87437.45579510096
tot_aggregated_send: 0
tot_msg_rcv: 64136
tot_msg_sent: 63120
tot_reconf_duration: 5.1
tot_sleeping_duration: 4183587.07052001
tot_uptimes: 1089
tot_uptimes_duration: 65295.392079987505
