comms_cons: 426.64961287900144
finished_reconf: true
global_termination_time: 4252712.166
local_termination_time: 559362.9863599979
node_cons: 87494.50776893322
tot_aggregated_send: 59624
tot_msg_rcv: 1677
tot_msg_sent: 3547
tot_reconf_duration: 3.08
tot_sleeping_duration: 4187372.1173600187
tot_uptimes: 1090
tot_uptimes_duration: 65340.048639981775
