comms_cons: 427.39914884968766
finished_reconf: true
global_termination_time: 4248988.816
local_termination_time: 787732.9500000001
node_cons: 87419.75973845698
tot_aggregated_send: 59389
tot_msg_rcv: 1853
tot_msg_sent: 3720
tot_reconf_duration: 4.8100000000000005
tot_sleeping_duration: 4183706.345680015
tot_uptimes: 1089
tot_uptimes_duration: 65282.47031998448
