comms_cons: 427.7267264752379
finished_reconf: true
global_termination_time: 4251080.94
local_termination_time: 350454.34780000075
node_cons: 87417.36721005042
tot_aggregated_send: 58928
tot_msg_rcv: 1899
tot_msg_sent: 4183
tot_reconf_duration: 5.43
tot_sleeping_duration: 4185800.885280021
tot_uptimes: 1089
tot_uptimes_duration: 65280.05471997964
