comms_cons: 293.68933761082104
finished_reconf: true
global_termination_time: 2960667.601
local_termination_time: 719534.1923599999
node_cons: 60906.248239998866
tot_aggregated_send: 42514
tot_msg_rcv: 728
tot_msg_sent: 1397
tot_reconf_duration: 6.279999999999999
tot_sleeping_duration: 2915187.601
tot_uptimes: 759
tot_uptimes_duration: 45480.0
