comms_cons: 302.5567808224209
finished_reconf: true
global_termination_time: 2963465.479
local_termination_time: 646554.7989199983
node_cons: 60901.93517005102
tot_aggregated_send: 39846
tot_msg_rcv: 2179
tot_msg_sent: 3962
tot_reconf_duration: 3.05
tot_sleeping_duration: 2917985.4242800204
tot_uptimes: 759
tot_uptimes_duration: 45480.054719979176
