comms_cons: 68.95375360383088
finished_reconf: true
global_termination_time: 569111.6242400002
local_termination_time: 243438.5873600009
node_cons: 11719.955380344298
tot_aggregated_send: 4640
tot_msg_rcv: 2368
tot_msg_sent: 3475
tot_reconf_duration: 18.21
tot_sleeping_duration: 560377.325359982
tot_uptimes: 146
tot_uptimes_duration: 8734.298880018148
