comms_cons: 56.5953919997998
finished_reconf: true
global_termination_time: 569340.908
local_termination_time: 328109.43936
node_cons: 11683.6574
tot_aggregated_send: 7888
tot_msg_rcv: 214
tot_msg_sent: 501
tot_reconf_duration: 25.299999999999997
tot_sleeping_duration: 560640.908
tot_uptimes: 146
tot_uptimes_duration: 8700.0
