comms_cons: 57.07518720028742
finished_reconf: true
global_termination_time: 569824.199
local_termination_time: 243431.82020000016
node_cons: 11660.310643364302
tot_aggregated_send: 7830
tot_msg_rcv: 268
tot_msg_sent: 578
tot_reconf_duration: 8.09
tot_sleeping_duration: 561124.1807599968
tot_uptimes: 146
tot_uptimes_duration: 8700.018240003206
