comms_cons: 56.812646400440954
finished_reconf: true
global_termination_time: 572441.624
local_termination_time: 388408.4496000001
node_cons: 11744.526382242891
tot_aggregated_send: 8004
tot_msg_rcv: 172
tot_msg_sent: 460
tot_reconf_duration: 10.95
tot_sleeping_duration: 563681.6118399978
tot_uptimes: 147
tot_uptimes_duration: 8760.012160002138
