comms_cons: 45.554380800177356
finished_reconf: true
global_termination_time: 463816.53
local_termination_time: 24204.781720000003
node_cons: 9486.081620000012
tot_aggregated_send: 6728
tot_msg_rcv: 84
tot_msg_sent: 112
tot_reconf_duration: 4.390000000000001
tot_sleeping_duration: 456736.53
tot_uptimes: 119
tot_uptimes_duration: 7080.0
