comms_cons: 45.18594560019517
finished_reconf: true
global_termination_time: 459646.59
local_termination_time: 18520.390160000006
node_cons: 9403.921900000016
tot_aggregated_send: 6554
tot_msg_rcv: 84
tot_msg_sent: 230
tot_reconf_duration: 3.05
tot_sleeping_duration: 452626.59
tot_uptimes: 118
tot_uptimes_duration: 7020.0
