comms_cons: 45.376742400501506
finished_reconf: true
global_termination_time: 458859.701
local_termination_time: 289744.7273600001
node_cons: 9415.138980000009
tot_aggregated_send: 6496
tot_msg_rcv: 121
tot_msg_sent: 280
tot_reconf_duration: 11.31
tot_sleeping_duration: 451839.701
tot_uptimes: 118
tot_uptimes_duration: 7020.0
