comms_cons: 1731.680911127918
finished_reconf: true
global_termination_time: 3577179.6405999996
local_termination_time: 3577179.5994799994
node_cons: 217577.29601180475
tot_aggregated_send: 0
tot_msg_rcv: 106250
tot_msg_sent: 156954
tot_reconf_duration: 37.410000000000004
tot_sleeping_duration: 3414725.20204002
tot_uptimes: 2668
tot_uptimes_duration: 162454.43855997955
