comms_cons: 360.9596672279126
finished_reconf: true
global_termination_time: 3579924.263
local_termination_time: 1870082.26048
node_cons: 73612.32870781717
tot_aggregated_send: 49126
tot_msg_rcv: 2049
tot_msg_sent: 3688
tot_reconf_duration: 15.34
tot_sleeping_duration: 3524964.2204400157
tot_uptimes: 917
tot_uptimes_duration: 54960.04255998414
