comms_cons: 353.6188416086554
finished_reconf: true
global_termination_time: 3580488.147
local_termination_time: 2746283.8968799985
node_cons: 73595.64706334888
tot_aggregated_send: 49648
tot_msg_rcv: 1375
tot_msg_sent: 2725
tot_reconf_duration: 3.08
tot_sleeping_duration: 3525528.128760007
tot_uptimes: 917
tot_uptimes_duration: 54960.0182399929
