comms_cons: 353.6912128301829
finished_reconf: true
global_termination_time: 3579746.626
local_termination_time: 2367719.93136
node_cons: 73603.84394446574
tot_aggregated_send: 50112
tot_msg_rcv: 1323
tot_msg_sent: 2324
tot_reconf_duration: 9.11
tot_sleeping_duration: 3524786.6016800096
tot_uptimes: 917
tot_uptimes_duration: 54960.02431999077
