comms_cons: 702.7786057464933
finished_reconf: true
global_termination_time: 3577180.2405999973
local_termination_time: 446.95547999999917
node_cons: 73628.19391286267
tot_aggregated_send: 0
tot_msg_rcv: 53678
tot_msg_sent: 53135
tot_reconf_duration: 11.899999999999999
tot_sleeping_duration: 3522204.860680009
tot_uptimes: 917
tot_uptimes_duration: 54975.379919988336
