comms_cons: 359.63223043616887
finished_reconf: true
global_termination_time: 3577968.945
local_termination_time: 1845505.9663599997
node_cons: 73598.87906893442
tot_aggregated_send: 49416
tot_msg_rcv: 1928
tot_msg_sent: 3318
tot_reconf_duration: 5.43
tot_sleeping_duration: 3523008.896360018
tot_uptimes: 917
tot_uptimes_duration: 54960.04863998224
