comms_cons: 100.5174079927
finished_reconf: true
global_termination_time: 972460.196
local_termination_time: 38116.91548000021
node_cons: 20008.867028955403
tot_aggregated_send: 12934
tot_msg_rcv: 823
tot_msg_sent: 1520
tot_reconf_duration: 3.05
tot_sleeping_duration: 957520.1473600034
tot_uptimes: 250
tot_uptimes_duration: 14940.048639996545
