comms_cons: 96.66160639900427
finished_reconf: true
global_termination_time: 973020.199
local_termination_time: 480007.22792000073
node_cons: 20020.018980000026
tot_aggregated_send: 13978
tot_msg_rcv: 260
tot_msg_sent: 454
tot_reconf_duration: 11.31
tot_sleeping_duration: 958080.199
tot_uptimes: 250
tot_uptimes_duration: 14940.0
