comms_cons: 179.14993919427323
finished_reconf: true
global_termination_time: 1809616.648
local_termination_time: 383381.9533200006
node_cons: 37205.948239999816
tot_aggregated_send: 25868
tot_msg_rcv: 388
tot_msg_sent: 974
tot_reconf_duration: 6.279999999999999
tot_sleeping_duration: 1781836.648
tot_uptimes: 464
tot_uptimes_duration: 27780.0
