comms_cons: 2483.9983737024804
finished_reconf: true
global_termination_time: 5137163.6126
local_termination_time: 5137163.571479999
node_cons: 311811.4605230606
tot_aggregated_send: 0
tot_msg_rcv: 152621
tot_msg_sent: 224930
tot_reconf_duration: 37.410000000000004
tot_sleeping_duration: 4904332.650880018
tot_uptimes: 3807
tot_uptimes_duration: 232830.96171998125
