comms_cons: 511.43411210986164
finished_reconf: true
global_termination_time: 5137752.106
local_termination_time: 771349.90836
node_cons: 105655.60374781578
tot_aggregated_send: 71224
tot_msg_rcv: 2300
tot_msg_sent: 4211
tot_reconf_duration: 6.22
tot_sleeping_duration: 5058852.063440016
tot_uptimes: 1316
tot_uptimes_duration: 78900.04255998414
