comms_cons: 722.9738826298651
finished_reconf: true
global_termination_time: 3671371.008
local_termination_time: 3134.42036
node_cons: 75544.37802669982
tot_aggregated_send: 0
tot_msg_rcv: 55367
tot_msg_sent: 54519
tot_reconf_duration: 18.21
tot_sleeping_duration: 3614970.9715200136
tot_uptimes: 941
tot_uptimes_duration: 56400.03647998627
