comms_cons: 361.04111362059473
finished_reconf: true
global_termination_time: 3670868.202
local_termination_time: 2803028.9056
node_cons: 75537.50928334954
tot_aggregated_send: 51272
tot_msg_rcv: 1185
tot_msg_sent: 2417
tot_reconf_duration: 13.17
tot_sleeping_duration: 3614468.1837600064
tot_uptimes: 941
tot_uptimes_duration: 56400.0182399936
