comms_cons: 366.2946304172385
finished_reconf: true
global_termination_time: 3672816.941
local_termination_time: 578601.8283599998
node_cons: 75540.16822670013
tot_aggregated_send: 51678
tot_msg_rcv: 1366
tot_msg_sent: 2630
tot_reconf_duration: 15.110000000000001
tot_sleeping_duration: 3616416.904520014
tot_uptimes: 941
tot_uptimes_duration: 56400.036479986506
