comms_cons: 367.8620032420763
finished_reconf: true
global_termination_time: 3674262.329
local_termination_time: 317870.43636
node_cons: 75545.04344670007
tot_aggregated_send: 51098
tot_msg_rcv: 1681
tot_msg_sent: 3132
tot_reconf_duration: 18.700000000000003
tot_sleeping_duration: 3617862.292520013
tot_uptimes: 941
tot_uptimes_duration: 56400.036479986506
