comms_cons: 372.71297927483386
finished_reconf: true
global_termination_time: 3670839.011
local_termination_time: 1040219.1373599999
node_cons: 75525.61860781698
tot_aggregated_send: 50518
tot_msg_rcv: 2123
tot_msg_sent: 4008
tot_reconf_duration: 4.390000000000001
tot_sleeping_duration: 3614438.968440016
tot_uptimes: 941
tot_uptimes_duration: 56400.04255998414
