comms_cons: 369.92867845493976
finished_reconf: true
global_termination_time: 3673989.388
local_termination_time: 1179634.2255999998
node_cons: 75528.09774909676
tot_aggregated_send: 51098
tot_msg_rcv: 1704
tot_msg_sent: 3425
tot_reconf_duration: 6.22
tot_sleeping_duration: 3617589.349920016
tot_uptimes: 941
tot_uptimes_duration: 56400.03807998402
