comms_cons: 143.27586559395684
finished_reconf: true
global_termination_time: 1416546.0395999998
local_termination_time: 1416545.9984799998
node_cons: 29134.94370736203
tot_aggregated_send: 19590
tot_msg_rcv: 776
tot_msg_sent: 1411
tot_reconf_duration: 24.59
tot_sleeping_duration: 1394812.2453599982
tot_uptimes: 363
tot_uptimes_duration: 21733.794240001473
