comms_cons: 201.28404478531567
finished_reconf: true
global_termination_time: 2012516.346
local_termination_time: 97233.26835999996
node_cons: 41381.68082670067
tot_aggregated_send: 28188
tot_msg_rcv: 720
tot_msg_sent: 1686
tot_reconf_duration: 4.8100000000000005
tot_sleeping_duration: 1981616.309520014
tot_uptimes: 516
tot_uptimes_duration: 30900.036479985807
