comms_cons: 196.53386239198718
finished_reconf: true
global_termination_time: 2012510.642
local_termination_time: 760117.6173599999
node_cons: 41385.73584223343
tot_aggregated_send: 28536
tot_msg_rcv: 350
tot_msg_sent: 986
tot_reconf_duration: 7.819999999999999
tot_sleeping_duration: 1981610.6298400047
tot_uptimes: 516
tot_uptimes_duration: 30900.01215999527
