comms_cons: 199.29775358709293
finished_reconf: true
global_termination_time: 2013277.401
local_termination_time: 1045268.985
node_cons: 41393.18807622384
tot_aggregated_send: 27773
tot_msg_rcv: 925
tot_msg_sent: 1594
tot_reconf_duration: 11.31
tot_sleeping_duration: 1982375.362840012
tot_uptimes: 516
tot_uptimes_duration: 30902.03815998824
