comms_cons: 199.37607678904627
finished_reconf: true
global_termination_time: 2010707.409
local_termination_time: 1195734.3663599999
node_cons: 41302.15022223326
tot_aggregated_send: 27840
tot_msg_rcv: 878
tot_msg_sent: 1586
tot_reconf_duration: 5.43
tot_sleeping_duration: 1979867.3968400047
tot_uptimes: 515
tot_uptimes_duration: 30840.01215999527
