comms_cons: 71.56155520054209
finished_reconf: true
global_termination_time: 715317.4224799998
local_termination_time: 715317.3813599999
node_cons: 14771.421925443845
tot_aggregated_send: 9892
tot_msg_rcv: 275
tot_msg_sent: 708
tot_reconf_duration: 37.410000000000004
tot_sleeping_duration: 704323.6815199971
tot_uptimes: 184
tot_uptimes_duration: 10993.740960002848
