comms_cons: 69.8953984003535
finished_reconf: true
global_termination_time: 715839.348
local_termination_time: 174090.31516000032
node_cons: 14715.02050112143
tot_aggregated_send: 9860
tot_msg_rcv: 244
tot_msg_sent: 519
tot_reconf_duration: 9.42
tot_sleeping_duration: 704859.341919999
tot_uptimes: 184
tot_uptimes_duration: 10980.006080001069
