comms_cons: 2.276403199992478
finished_reconf: true
global_termination_time: 12572.878
local_termination_time: 9997.54236
node_cons: 249.5482399999984
tot_aggregated_send: 0
tot_msg_rcv: 177
tot_msg_sent: 169
tot_reconf_duration: 6.279999999999999
tot_sleeping_duration: 12392.878
tot_uptimes: 4
tot_uptimes_duration: 180.0
