comms_cons: 89.1253312122287
finished_reconf: true
global_termination_time: 455808.7316000002
local_termination_time: 2451.7120400000013
node_cons: 9370.77613064312
tot_aggregated_send: 0
tot_msg_rcv: 6825
tot_msg_sent: 6718
tot_reconf_duration: 22.65
tot_sleeping_duration: 448833.36383999785
tot_uptimes: 117
tot_uptimes_duration: 6975.367760002322
