comms_cons: 1.809279999998243
finished_reconf: true
global_termination_time: 17362.799
local_termination_time: 3964.0393599999998
node_cons: 325.5426400000005
tot_aggregated_send: 0
tot_msg_rcv: 158
tot_msg_sent: 117
tot_reconf_duration: 3.08
tot_sleeping_duration: 17122.799
tot_uptimes: 5
tot_uptimes_duration: 240.0
