comms_cons: 2.2632447999925214
finished_reconf: true
global_termination_time: 17631.954
local_termination_time: 8427.320360000002
node_cons: 336.230100000001
tot_aggregated_send: 0
tot_msg_rcv: 178
tot_msg_sent: 166
tot_reconf_duration: 10.95
tot_sleeping_duration: 17391.954
tot_uptimes: 5
tot_uptimes_duration: 240.0
