comms_cons: 3.0001151999953617
finished_reconf: true
global_termination_time: 14170.395
local_termination_time: 4165.06336
node_cons: 246.98976112000545
tot_aggregated_send: 0
tot_msg_rcv: 282
tot_msg_sent: 174
tot_reconf_duration: 4.390000000000001
tot_sleeping_duration: 13990.388919999996
tot_uptimes: 4
tot_uptimes_duration: 180.00608000000466
