comms_cons: 2.8685311999934324
finished_reconf: true
global_termination_time: 18789.895
local_termination_time: 3941.35736
node_cons: 328.7339399999998
tot_aggregated_send: 0
tot_msg_rcv: 261
tot_msg_sent: 175
tot_reconf_duration: 5.43
tot_sleeping_duration: 18549.895
tot_uptimes: 5
tot_uptimes_duration: 240.0
