comms_cons: 21.46792959976598
finished_reconf: true
global_termination_time: 217896.634
local_termination_time: 71310.947
node_cons: 4462.154455279355
tot_aggregated_send: 2900
tot_msg_rcv: 85
tot_msg_sent: 278
tot_reconf_duration: 22.65
tot_sleeping_duration: 214587.15248000048
tot_uptimes: 56
tot_uptimes_duration: 3309.4815199995064
