comms_cons: 37.74549760103821
finished_reconf: true
global_termination_time: 185775.64724000046
local_termination_time: 185775.60612000045
node_cons: 3856.053973602075
tot_aggregated_send: 0
tot_msg_rcv: 2978
tot_msg_sent: 2756
tot_reconf_duration: 24.59
tot_sleeping_duration: 182920.78483999893
tot_uptimes: 48
tot_uptimes_duration: 2854.862400001539
