comms_cons: 110.59635199829597
finished_reconf: true
global_termination_time: 1127606.302
local_termination_time: 491683.9582000007
node_cons: 23158.751720000073
tot_aggregated_send: 16008
tot_msg_rcv: 233
tot_msg_sent: 569
tot_reconf_duration: 15.34
tot_sleeping_duration: 1110326.302
tot_uptimes: 289
tot_uptimes_duration: 17280.0
