comms_cons: 110.87925759641979
finished_reconf: true
global_termination_time: 1130177.546
local_termination_time: 421359.47036000004
node_cons: 23224.8082622337
tot_aggregated_send: 15254
tot_msg_rcv: 513
tot_msg_sent: 1086
tot_reconf_duration: 4.8100000000000005
tot_sleeping_duration: 1112837.5338400048
tot_uptimes: 290
tot_uptimes_duration: 17340.01215999527
