comms_cons: 116.42447359056204
finished_reconf: true
global_termination_time: 1128688.459
local_termination_time: 180172.99099999998
node_cons: 23224.552869593026
tot_aggregated_send: 15136
tot_msg_rcv: 924
tot_msg_sent: 1634
tot_reconf_duration: 3.05
tot_sleeping_duration: 1111346.8526000052
tot_uptimes: 290
tot_uptimes_duration: 17341.60639999478
