comms_cons: 72.65473279990276
finished_reconf: true
global_termination_time: 746966.728
local_termination_time: 248350.68136000005
node_cons: 15351.48826223686
tot_aggregated_send: 10498
tot_msg_rcv: 127
tot_msg_sent: 418
tot_reconf_duration: 4.8100000000000005
tot_sleeping_duration: 735506.7158400023
tot_uptimes: 192
tot_uptimes_duration: 11460.012159997641
