comms_cons: 258.9572672087734
finished_reconf: true
global_termination_time: 2533264.406
local_termination_time: 850439.0253599999
node_cons: 52068.91336893454
tot_aggregated_send: 34452
tot_msg_rcv: 1769
tot_msg_sent: 3141
tot_reconf_duration: 6.279999999999999
tot_sleeping_duration: 2494384.3573600184
tot_uptimes: 649
tot_uptimes_duration: 38880.04863998154
