comms_cons: 250.35950719980724
finished_reconf: true
global_termination_time: 2537731.879
local_termination_time: 791240.088
node_cons: 52167.467323996534
tot_aggregated_send: 36537
tot_msg_rcv: 457
tot_msg_sent: 1060
tot_reconf_duration: 15.110000000000001
tot_sleeping_duration: 2498787.183000002
tot_uptimes: 650
tot_uptimes_duration: 38944.69599999802
