comms_cons: 252.13530880900655
finished_reconf: true
global_termination_time: 2535210.503
local_termination_time: 1083574.8845199982
node_cons: 52159.13393639391
tot_aggregated_send: 36424
tot_msg_rcv: 692
tot_msg_sent: 1207
tot_reconf_duration: 12.629999999999999
tot_sleeping_duration: 2496269.515400004
tot_uptimes: 650
tot_uptimes_duration: 38940.98759999592
