comms_cons: 261.5288063957508
finished_reconf: true
global_termination_time: 2532525.1701199966
local_termination_time: 296393.31084000005
node_cons: 52088.121459787115
tot_aggregated_send: 33582
tot_msg_rcv: 2166
tot_msg_sent: 4003
tot_reconf_duration: 4.390000000000001
tot_sleeping_duration: 2493628.859560035
tot_uptimes: 649
tot_uptimes_duration: 38896.31055996113
