comms_cons: 260.0858943942121
finished_reconf: true
global_termination_time: 2536684.561
local_termination_time: 391168.1269200003
node_cons: 52148.13977452295
tot_aggregated_send: 34162
tot_msg_rcv: 1878
tot_msg_sent: 3492
tot_reconf_duration: 5.43
tot_sleeping_duration: 2497744.4819600275
tot_uptimes: 650
tot_uptimes_duration: 38940.079039972916
