comms_cons: 401.49811845208967
finished_reconf: true
global_termination_time: 3977169.203639998
local_termination_time: 3977169.162519998
node_cons: 81915.92367285215
tot_aggregated_send: 55596
tot_msg_rcv: 1939
tot_msg_sent: 3488
tot_reconf_duration: 37.410000000000004
tot_sleeping_duration: 3916030.2037200173
tot_uptimes: 1019
tot_uptimes_duration: 61138.99991998096
