comms_cons: 397.0477184398319
finished_reconf: true
global_termination_time: 3978009.703
local_termination_time: 1792003.991239999
node_cons: 81794.69708669992
tot_aggregated_send: 54926
tot_msg_rcv: 1821
tot_msg_sent: 3602
tot_reconf_duration: 6.279999999999999
tot_sleeping_duration: 3916929.666520014
tot_uptimes: 1019
tot_uptimes_duration: 61080.036479986506
