comms_cons: 398.5284608526324
finished_reconf: true
global_termination_time: 3977181.189
local_termination_time: 2293965.6272399994
node_cons: 81873.43464670061
tot_aggregated_send: 54694
tot_msg_rcv: 2036
tot_msg_sent: 3844
tot_reconf_duration: 5.1
tot_sleeping_duration: 3916041.1525200126
tot_uptimes: 1019
tot_uptimes_duration: 61140.03647998697
