comms_cons: 397.8387328466913
finished_reconf: true
global_termination_time: 3978721.346
local_termination_time: 2016079.6474799998
node_cons: 81790.36203801805
tot_aggregated_send: 55216
tot_msg_rcv: 1646
tot_msg_sent: 3607
tot_reconf_duration: 3.08
tot_sleeping_duration: 3917641.3016400146
tot_uptimes: 1019
tot_uptimes_duration: 61080.04435998507
