comms_cons: 393.4604544370174
finished_reconf: true
global_termination_time: 3978754.983
local_termination_time: 683467.6254799998
node_cons: 81803.3285278167
tot_aggregated_send: 56028
tot_msg_rcv: 1281
tot_msg_sent: 2495
tot_reconf_duration: 12.629999999999999
tot_sleeping_duration: 3917674.940440016
tot_uptimes: 1019
tot_uptimes_duration: 61080.04255998414
