comms_cons: 396.56618885352157
finished_reconf: true
global_termination_time: 3980262.889
local_termination_time: 360131.00236000004
node_cons: 81881.40337005498
tot_aggregated_send: 55622
tot_msg_rcv: 1472
tot_msg_sent: 3181
tot_reconf_duration: 10.95
tot_sleeping_duration: 3919122.834280017
tot_uptimes: 1020
tot_uptimes_duration: 61140.05471998284
