comms_cons: 399.1156288489427
finished_reconf: true
global_termination_time: 3981980.935
local_termination_time: 703048.4949199985
node_cons: 81873.05710893424
tot_aggregated_send: 55622
tot_msg_rcv: 1554
tot_msg_sent: 3486
tot_reconf_duration: 4.8100000000000005
tot_sleeping_duration: 3920840.8863600176
tot_uptimes: 1020
tot_uptimes_duration: 61140.04863998224
