comms_cons: 398.00553606008793
finished_reconf: true
global_termination_time: 3980903.911
local_termination_time: 1291958.2699599985
node_cons: 81872.50303116832
tot_aggregated_send: 56144
tot_msg_rcv: 1384
tot_msg_sent: 2966
tot_reconf_duration: 4.390000000000001
tot_sleeping_duration: 3919763.8502000216
tot_uptimes: 1020
tot_uptimes_duration: 61140.060799977975
