comms_cons: 396.78975364822014
finished_reconf: true
global_termination_time: 3979800.131
local_termination_time: 1391239.04636
node_cons: 81877.12026558313
tot_aggregated_send: 55680
tot_msg_rcv: 1357
tot_msg_sent: 3272
tot_reconf_duration: 7.819999999999999
tot_sleeping_duration: 3918660.100600011
tot_uptimes: 1020
tot_uptimes_duration: 61140.03039998887
