comms_cons: 401.94531846457267
finished_reconf: true
global_termination_time: 3977484.151
local_termination_time: 1485763.0122799983
node_cons: 81801.52782670056
tot_aggregated_send: 54172
tot_msg_rcv: 2222
tot_msg_sent: 4698
tot_reconf_duration: 11.31
tot_sleeping_duration: 3916404.1145200133
tot_uptimes: 1019
tot_uptimes_duration: 61080.03647998697
