comms_cons: 216.98444158527101
finished_reconf: true
global_termination_time: 2161007.432
local_termination_time: 63310.505000000005
node_cons: 44453.35740734858
tot_aggregated_send: 30086
tot_msg_rcv: 1053
tot_msg_sent: 1842
tot_reconf_duration: 18.21
tot_sleeping_duration: 2127826.977760008
tot_uptimes: 554
tot_uptimes_duration: 33180.454239991814
