comms_cons: 211.69547519180455
finished_reconf: true
global_termination_time: 2159795.418
local_termination_time: 1291958.2699599985
node_cons: 44433.989761116245
tot_aggregated_send: 30740
tot_msg_rcv: 411
tot_msg_sent: 1025
tot_reconf_duration: 4.390000000000001
tot_sleeping_duration: 2126615.4119200027
tot_uptimes: 554
tot_uptimes_duration: 33180.006079997635
