comms_cons: 283.0384000009651
finished_reconf: false
global_termination_time: 2809831.818
local_termination_time: 0
node_cons: 57881.45231676622
tot_aggregated_send: 39124
tot_msg_rcv: 1265
tot_msg_sent: 2631
tot_reconf_duration: 26.9
tot_sleeping_duration: 2766631.7268000245
tot_uptimes: 720
tot_uptimes_duration: 43200.09119997552
