comms_cons: 282.5503232059682
finished_reconf: false
global_termination_time: 2808844.613
local_termination_time: 0
node_cons: 57844.824423350095
tot_aggregated_send: 39614
tot_msg_rcv: 1183
tot_msg_sent: 2149
tot_reconf_duration: 0
tot_sleeping_duration: 2765644.5947600063
tot_uptimes: 720
tot_uptimes_duration: 43200.01823999337
