comms_cons: 287.65759361474323
finished_reconf: true
global_termination_time: 2807794.018
local_termination_time: 1322251.10636
node_cons: 57861.99224558392
tot_aggregated_send: 37932
tot_msg_rcv: 1968
tot_msg_sent: 3822
tot_reconf_duration: 12.629999999999999
tot_sleeping_duration: 2764593.9876000118
tot_uptimes: 720
tot_uptimes_duration: 43200.03039998864
