comms_cons: 284.274073604497
finished_reconf: true
global_termination_time: 2809245.277
local_termination_time: 688417.4865999988
node_cons: 57861.01718781777
tot_aggregated_send: 38802
tot_msg_rcv: 1448
tot_msg_sent: 2958
tot_reconf_duration: 11.899999999999999
tot_sleeping_duration: 2766045.2344400156
tot_uptimes: 720
tot_uptimes_duration: 43200.04255998414
