comms_cons: 281.4233024034428
finished_reconf: true
global_termination_time: 2809157.602
local_termination_time: 1258138.29148
node_cons: 57851.37268558321
tot_aggregated_send: 39788
tot_msg_rcv: 1010
tot_msg_sent: 1977
tot_reconf_duration: 4.8100000000000005
tot_sleeping_duration: 2765957.571600012
tot_uptimes: 720
tot_uptimes_duration: 43200.03039998817
