comms_cons: 762.1622970277197
finished_reconf: true
global_termination_time: 1930751.257
local_termination_time: 852785.6245599994
node_cons: 116396.325477814
tot_aggregated_send: 0
tot_msg_rcv: 47009
tot_msg_sent: 68836
tot_reconf_duration: 18.21
tot_sleeping_duration: 1843841.9244400167
tot_uptimes: 1423
tot_uptimes_duration: 86909.33255998312
