comms_cons: 187.86968319285594
finished_reconf: true
global_termination_time: 1931666.651
local_termination_time: 1474697.3293599996
node_cons: 39694.88579999956
tot_aggregated_send: 27086
tot_msg_rcv: 421
tot_msg_sent: 1048
tot_reconf_duration: 5.1
tot_sleeping_duration: 1902026.651
tot_uptimes: 495
tot_uptimes_duration: 29640.0
