comms_cons: 189.68811519636944
finished_reconf: true
global_termination_time: 1930470.779
local_termination_time: 1122094.4143599998
node_cons: 39722.32554111665
tot_aggregated_send: 27492
tot_msg_rcv: 432
tot_msg_sent: 907
tot_reconf_duration: 25.299999999999997
tot_sleeping_duration: 1900830.7729200025
tot_uptimes: 495
tot_uptimes_duration: 29640.006079997635
