comms_cons: 193.72391678428585
finished_reconf: true
global_termination_time: 1930094.922
local_termination_time: 922085.0594799999
node_cons: 39696.44896526236
tot_aggregated_send: 25694
tot_msg_rcv: 1307
tot_msg_sent: 2444
tot_reconf_duration: 6.22
tot_sleeping_duration: 1900454.890480013
tot_uptimes: 495
tot_uptimes_duration: 29640.031519986922
