comms_cons: 189.59953279425167
finished_reconf: true
global_termination_time: 1930625.406
local_termination_time: 1060565.8590000002
node_cons: 39709.24387351378
tot_aggregated_send: 27653
tot_msg_rcv: 410
tot_msg_sent: 754
tot_reconf_duration: 15.34
tot_sleeping_duration: 1900985.0683200045
tot_uptimes: 495
tot_uptimes_duration: 29640.337679995453
