comms_cons: 59.89703679893833
finished_reconf: true
global_termination_time: 588582.928
local_termination_time: 200799.867
node_cons: 12075.745462242867
tot_aggregated_send: 7872
tot_msg_rcv: 418
tot_msg_sent: 814
tot_reconf_duration: 18.21
tot_sleeping_duration: 579582.9158399978
tot_uptimes: 151
tot_uptimes_duration: 9000.012160002138
