comms_cons: 507.9629824008676
finished_reconf: true
global_termination_time: 587596.6877199998
local_termination_time: 587596.6465999999
node_cons: 58683.06648406548
tot_aggregated_send: 0
tot_msg_rcv: 34889
tot_msg_sent: 42317
tot_reconf_duration: 37.410000000000004
tot_sleeping_duration: 543808.5893599801
tot_uptimes: 706
tot_uptimes_duration: 43788.09836001974
