comms_cons: 61.22666240044668
finished_reconf: true
global_termination_time: 590517.934
local_termination_time: 352397.82672000054
node_cons: 12149.233001121425
tot_aggregated_send: 8004
tot_msg_rcv: 557
tot_msg_sent: 745
tot_reconf_duration: 13.17
tot_sleeping_duration: 581457.927919999
tot_uptimes: 152
tot_uptimes_duration: 9060.006080001069
