comms_cons: 61.61928960143613
finished_reconf: true
global_termination_time: 588555.128
local_termination_time: 12484.87472
node_cons: 12055.207063364309
tot_aggregated_send: 7540
tot_msg_rcv: 658
tot_msg_sent: 1168
tot_reconf_duration: 3.08
tot_sleeping_duration: 579555.1097599969
tot_uptimes: 151
tot_uptimes_duration: 9000.018240003206
