comms_cons: 59.37070079991023
finished_reconf: true
global_termination_time: 590856.127
local_termination_time: 337572.0670000005
node_cons: 12135.490041121511
tot_aggregated_send: 8294
tot_msg_rcv: 267
tot_msg_sent: 463
tot_reconf_duration: 3.05
tot_sleeping_duration: 581796.1209199989
tot_uptimes: 152
tot_uptimes_duration: 9060.006080001069
