comms_cons: 40.48839679991806
finished_reconf: true
global_termination_time: 411012.693
local_termination_time: 1066.5273600000003
node_cons: 8460.42918000001
tot_aggregated_send: 5974
tot_msg_rcv: 81
tot_msg_sent: 99
tot_reconf_duration: 18.21
tot_sleeping_duration: 404712.693
tot_uptimes: 106
tot_uptimes_duration: 6300.0
