comms_cons: 82.18204159733526
finished_reconf: true
global_termination_time: 805309.521
local_termination_time: 151387.01536000005
node_cons: 16556.982082242892
tot_aggregated_send: 11020
tot_msg_rcv: 542
tot_msg_sent: 930
tot_reconf_duration: 5.1
tot_sleeping_duration: 792949.5088399978
tot_uptimes: 207
tot_uptimes_duration: 12360.012160002138
