comms_cons: 82.31957759836581
finished_reconf: true
global_termination_time: 805685.933
local_termination_time: 179274.18076000042
node_cons: 16556.596403355117
tot_aggregated_send: 10672
tot_msg_rcv: 617
tot_msg_sent: 1224
tot_reconf_duration: 4.8100000000000005
tot_sleeping_duration: 793325.9147600036
tot_uptimes: 207
tot_uptimes_duration: 12360.018239996338
