comms_cons: 174.09221119668817
finished_reconf: true
global_termination_time: 1764266.752
local_termination_time: 55105.14696000012
node_cons: 36267.6973999999
tot_aggregated_send: 25520
tot_msg_rcv: 326
tot_msg_sent: 615
tot_reconf_duration: 25.299999999999997
tot_sleeping_duration: 1737206.752
tot_uptimes: 452
tot_uptimes_duration: 27060.0
