comms_cons: 174.43495679598186
finished_reconf: true
global_termination_time: 1763509.136
local_termination_time: 166509.88936000006
node_cons: 36245.71137999992
tot_aggregated_send: 25462
tot_msg_rcv: 363
tot_msg_sent: 688
tot_reconf_duration: 9.11
tot_sleeping_duration: 1736449.136
tot_uptimes: 452
tot_uptimes_duration: 27060.0
