comms_cons: 176.2909183918501
finished_reconf: true
global_termination_time: 1765784.925
local_termination_time: 156839.14524000094
node_cons: 36321.17209336115
tot_aggregated_send: 24940
tot_msg_rcv: 640
tot_msg_sent: 1216
tot_reconf_duration: 5.43
tot_sleeping_duration: 1738664.8367599992
tot_uptimes: 453
tot_uptimes_duration: 27120.088240000943
