comms_cons: 73.52221439956513
finished_reconf: true
global_termination_time: 742652.2041999996
local_termination_time: 742652.1630799996
node_cons: 15323.468391278333
tot_aggregated_send: 10542
tot_msg_rcv: 152
tot_msg_sent: 481
tot_reconf_duration: 24.59
tot_sleeping_duration: 731233.1786800008
tot_uptimes: 191
tot_uptimes_duration: 11419.02551999873
