comms_cons: 74.21337599821841
finished_reconf: true
global_termination_time: 747889.287
local_termination_time: 190527.30456000066
node_cons: 15349.081900000006
tot_aggregated_send: 10672
tot_msg_rcv: 202
tot_msg_sent: 406
tot_reconf_duration: 3.05
tot_sleeping_duration: 736429.287
tot_uptimes: 192
tot_uptimes_duration: 11460.0
