comms_cons: 11.715686399954482
finished_reconf: true
global_termination_time: 90914.798
local_termination_time: 18949.16036
node_cons: 1878.6031233603098
tot_aggregated_send: 754
tot_msg_rcv: 461
tot_msg_sent: 564
tot_reconf_duration: 22.65
tot_sleeping_duration: 89534.77975999976
tot_uptimes: 24
tot_uptimes_duration: 1380.0182400002304
