comms_cons: 14.148697600221865
finished_reconf: true
global_termination_time: 92519.148
local_termination_time: 6076.457360000001
node_cons: 1864.0127644805975
tot_aggregated_send: 406
tot_msg_rcv: 815
tot_msg_sent: 931
tot_reconf_duration: 11.899999999999999
tot_sleeping_duration: 91139.12367999955
tot_uptimes: 24
tot_uptimes_duration: 1380.024320000446
