comms_cons: 12.883328000241805
finished_reconf: true
global_termination_time: 92940.47
local_termination_time: 29201.050359999997
node_cons: 1856.3096080003218
tot_aggregated_send: 464
tot_msg_rcv: 617
tot_msg_sent: 877
tot_reconf_duration: 6.22
tot_sleeping_duration: 91560.43799999976
tot_uptimes: 24
tot_uptimes_duration: 1380.032000000243
