comms_cons: 144.9702271989279
finished_reconf: true
global_termination_time: 1488459.752
local_termination_time: 5276.116
node_cons: 30614.659660000052
tot_aggregated_send: 21339
tot_msg_rcv: 277
tot_msg_sent: 419
tot_reconf_duration: 3.77
tot_sleeping_duration: 1465599.752
tot_uptimes: 382
tot_uptimes_duration: 22860.0
