comms_cons: 235.35176959474114
finished_reconf: true
global_termination_time: 2401104.246
local_termination_time: 907753.8420000001
node_cons: 49353.05856287317
tot_aggregated_send: 34735
tot_msg_rcv: 291
tot_msg_sent: 746
tot_reconf_duration: 13.17
tot_sleeping_duration: 2364259.4560800046
tot_uptimes: 615
tot_uptimes_duration: 36844.78991999535
