comms_cons: 234.61427199362637
finished_reconf: true
global_termination_time: 2401591.56
local_termination_time: 1617221.66836
node_cons: 49426.2515399995
tot_aggregated_send: 34626
tot_msg_rcv: 235
tot_msg_sent: 799
tot_reconf_duration: 12.629999999999999
tot_sleeping_duration: 2364691.56
tot_uptimes: 616
tot_uptimes_duration: 36900.0
