comms_cons: 242.15671037708805
finished_reconf: true
global_termination_time: 2402990.16
local_termination_time: 872445.9518399978
node_cons: 49417.63631228461
tot_aggregated_send: 31726
tot_msg_rcv: 1627
tot_msg_sent: 3456
tot_reconf_duration: 6.22
tot_sleeping_duration: 2366090.093120026
tot_uptimes: 616
tot_uptimes_duration: 36900.06687997398
