comms_cons: 246.73101438519365
finished_reconf: true
global_termination_time: 2404963.671
local_termination_time: 196989.29236000005
node_cons: 49416.57163341511
tot_aggregated_send: 31784
tot_msg_rcv: 1876
tot_msg_sent: 3841
tot_reconf_duration: 5.43
tot_sleeping_duration: 2368063.598040018
tot_uptimes: 616
tot_uptimes_duration: 36900.07295998192
