comms_cons: 234.9305151830139
finished_reconf: true
global_termination_time: 2332439.167
local_termination_time: 1004986.9621999987
node_cons: 47971.565227821855
tot_aggregated_send: 31494
tot_msg_rcv: 1420
tot_msg_sent: 2793
tot_reconf_duration: 6.279999999999999
tot_sleeping_duration: 2296619.124440013
tot_uptimes: 598
tot_uptimes_duration: 35820.042559986876
