comms_cons: 233.1279999810545
finished_reconf: true
global_termination_time: 2333933.603
local_termination_time: 962393.4043599998
node_cons: 47970.592906700316
tot_aggregated_send: 31958
tot_msg_rcv: 1107
tot_msg_sent: 2370
tot_reconf_duration: 5.57
tot_sleeping_duration: 2298113.5665200143
tot_uptimes: 598
tot_uptimes_duration: 35820.03647998581
