comms_cons: 231.6602111968612
finished_reconf: true
global_termination_time: 2333262.197
local_termination_time: 1031672.5687199988
node_cons: 47980.86485999945
tot_aggregated_send: 33640
tot_msg_rcv: 597
tot_msg_sent: 974
tot_reconf_duration: 13.17
tot_sleeping_duration: 2297442.197
tot_uptimes: 598
tot_uptimes_duration: 35820.0
