comms_cons: 135.7616319843631
finished_reconf: true
global_termination_time: 1335708.703
local_termination_time: 809001.3077599991
node_cons: 27563.578364471938
tot_aggregated_send: 16530
tot_msg_rcv: 1313
tot_msg_sent: 2791
tot_reconf_duration: 5.1
tot_sleeping_duration: 1315128.678680006
tot_uptimes: 343
tot_uptimes_duration: 20580.024319993972
