comms_cons: 138.3444671873611
finished_reconf: true
global_termination_time: 1338081.673
local_termination_time: 650960.0336799984
node_cons: 27480.552192294337
tot_aggregated_send: 17574
tot_msg_rcv: 1177
tot_msg_sent: 2277
tot_reconf_duration: 3.08
tot_sleeping_duration: 1317561.606120019
tot_uptimes: 343
tot_uptimes_duration: 20520.066879980848
