comms_cons: 136.8089535837343
finished_reconf: true
global_termination_time: 1336137.497
local_termination_time: 796891.529519999
node_cons: 27501.699023350477
tot_aggregated_send: 17806
tot_msg_rcv: 967
tot_msg_sent: 2022
tot_reconf_duration: 18.700000000000003
tot_sleeping_duration: 1315617.478760007
tot_uptimes: 343
tot_uptimes_duration: 20520.018239992904
