comms_cons: 136.99873278463994
finished_reconf: true
global_termination_time: 1337028.266
local_termination_time: 858733.320879999
node_cons: 27491.198946700973
tot_aggregated_send: 17922
tot_msg_rcv: 991
tot_msg_sent: 1910
tot_reconf_duration: 10.95
tot_sleeping_duration: 1316508.2295200143
tot_uptimes: 343
tot_uptimes_duration: 20520.036479985807
