comms_cons: 314.41008001488706
finished_reconf: true
global_termination_time: 3170498.902
local_termination_time: 1878915.6333599999
node_cons: 65173.633001115384
tot_aggregated_send: 45588
tot_msg_rcv: 761
tot_msg_sent: 1439
tot_reconf_duration: 13.17
tot_sleeping_duration: 3121838.8959200024
tot_uptimes: 812
tot_uptimes_duration: 48660.006079997635
