comms_cons: 134.8347519783817
finished_reconf: true
global_termination_time: 676912.399
local_termination_time: 199841.49924000047
node_cons: 13929.594982238275
tot_aggregated_send: 0
tot_msg_rcv: 10473
tot_msg_sent: 10022
tot_reconf_duration: 22.65
tot_sleeping_duration: 666532.3868400013
tot_uptimes: 174
tot_uptimes_duration: 10380.012159998703
