comms_cons: 69.44345599788588
finished_reconf: true
global_termination_time: 681715.241
local_termination_time: 24821.275000000005
node_cons: 14013.53368224288
tot_aggregated_send: 9280
tot_msg_rcv: 482
tot_msg_sent: 793
tot_reconf_duration: 25.299999999999997
tot_sleeping_duration: 671275.2288399979
tot_uptimes: 175
tot_uptimes_duration: 10440.012160002138
