comms_cons: 70.83851519445236
finished_reconf: true
global_termination_time: 679126.361
local_termination_time: 158615.12936000005
node_cons: 13905.400826714806
tot_aggregated_send: 8642
tot_msg_rcv: 728
tot_msg_sent: 1396
tot_reconf_duration: 4.8100000000000005
tot_sleeping_duration: 668746.324520004
tot_uptimes: 174
tot_uptimes_duration: 10380.03647999611
