comms_cons: 108.22846719577221
finished_reconf: true
global_termination_time: 1086469.039
local_termination_time: 629295.4330799996
node_cons: 22355.368002233656
tot_aggregated_send: 14442
tot_msg_rcv: 679
tot_msg_sent: 1330
tot_reconf_duration: 15.34
tot_sleeping_duration: 1069789.0268400048
tot_uptimes: 279
tot_uptimes_duration: 16680.01215999527
