comms_cons: 111.37092479101972
finished_reconf: true
global_termination_time: 1088724.323
local_termination_time: 16408.232960000005
node_cons: 22340.51418447656
tot_aggregated_send: 14558
tot_msg_rcv: 797
tot_msg_sent: 1572
tot_reconf_duration: 4.390000000000001
tot_sleeping_duration: 1072044.2986800026
tot_uptimes: 279
tot_uptimes_duration: 16680.024319997407
