comms_cons: 111.2213247927088
finished_reconf: true
global_termination_time: 1087492.542
local_termination_time: 595138.4723599998
node_cons: 22341.926504467272
tot_aggregated_send: 13746
tot_msg_rcv: 1105
tot_msg_sent: 2053
tot_reconf_duration: 5.43
tot_sleeping_duration: 1070812.5176800094
tot_uptimes: 279
tot_uptimes_duration: 16680.024319990538
