comms_cons: 2.276403199994571
finished_reconf: true
global_termination_time: 13428.686
local_termination_time: 9735.137359999999
node_cons: 249.5482399999984
tot_aggregated_send: 0
tot_msg_rcv: 177
tot_msg_sent: 169
tot_reconf_duration: 6.279999999999999
tot_sleeping_duration: 13248.686
tot_uptimes: 4
tot_uptimes_duration: 180.0
