comms_cons: 1.5461119999948922
finished_reconf: true
global_termination_time: 13434.849
local_termination_time: 6639.51536
node_cons: 247.9458000000005
tot_aggregated_send: 0
tot_msg_rcv: 121
tot_msg_sent: 114
tot_reconf_duration: 5.1
tot_sleeping_duration: 13254.849
tot_uptimes: 4
tot_uptimes_duration: 180.0
