comms_cons: 2.2638719999929022
finished_reconf: true
global_termination_time: 15132.564
local_termination_time: 6530.53636
node_cons: 252.0062200000002
tot_aggregated_send: 0
tot_msg_rcv: 177
tot_msg_sent: 167
tot_reconf_duration: 8.09
tot_sleeping_duration: 14952.564
tot_uptimes: 4
tot_uptimes_duration: 180.0
