comms_cons: 75.04893439703554
finished_reconf: true
global_termination_time: 764392.651
local_termination_time: 5246.0289999999995
node_cons: 15675.121526714813
tot_aggregated_send: 10259
tot_msg_rcv: 437
tot_msg_sent: 711
tot_reconf_duration: 6.46
tot_sleeping_duration: 752692.6145200038
tot_uptimes: 196
tot_uptimes_duration: 11700.03647999611
