comms_cons: 103.69539839686811
finished_reconf: true
global_termination_time: 1043444.876
local_termination_time: 304225.70180000074
node_cons: 21468.66486000001
tot_aggregated_send: 14964
tot_msg_rcv: 343
tot_msg_sent: 454
tot_reconf_duration: 13.17
tot_sleeping_duration: 1027424.876
tot_uptimes: 268
tot_uptimes_duration: 16020.0
