comms_cons: 103.03747839737201
finished_reconf: true
global_termination_time: 1040147.4554799999
local_termination_time: 1040147.4143599999
node_cons: 21422.216083198677
tot_aggregated_send: 14950
tot_msg_rcv: 235
tot_msg_sent: 475
tot_reconf_duration: 24.59
tot_sleeping_duration: 1024173.7266800009
tot_uptimes: 267
tot_uptimes_duration: 15973.728799998979
