comms_cons: 86.09541119576143
finished_reconf: true
global_termination_time: 863897.79
local_termination_time: 7189.048
node_cons: 17764.811627827046
tot_aggregated_send: 11652
tot_msg_rcv: 504
tot_msg_sent: 930
tot_reconf_duration: 7.08
tot_sleeping_duration: 850637.7474400097
tot_uptimes: 222
tot_uptimes_duration: 13260.04255999031
