comms_cons: 22.316646399871146
finished_reconf: true
global_termination_time: 229589.108
local_termination_time: 82575.0165599996
node_cons: 4680.551720000018
tot_aggregated_send: 3248
tot_msg_rcv: 42
tot_msg_sent: 102
tot_reconf_duration: 15.34
tot_sleeping_duration: 226109.108
tot_uptimes: 59
tot_uptimes_duration: 3480.0
