comms_cons: 171.10684159301837
finished_reconf: true
global_termination_time: 1735659.548
local_termination_time: 906705.4233599998
node_cons: 35678.54034223812
tot_aggregated_send: 23722
tot_msg_rcv: 770
tot_msg_sent: 1513
tot_reconf_duration: 5.57
tot_sleeping_duration: 1709019.5358400014
tot_uptimes: 445
tot_uptimes_duration: 26640.012159998703
