comms_cons: 172.49608959107687
finished_reconf: true
global_termination_time: 1734745.827
local_termination_time: 33323.14348000001
node_cons: 35688.918130065205
tot_aggregated_send: 23722
tot_msg_rcv: 870
tot_msg_sent: 1627
tot_reconf_duration: 13.17
tot_sleeping_duration: 1708105.7722800109
tot_uptimes: 445
tot_uptimes_duration: 26640.054719989013
