comms_cons: 172.3684607912993
finished_reconf: true
global_termination_time: 1735599.571
local_termination_time: 702363.4854399986
node_cons: 35679.43118335054
tot_aggregated_send: 24186
tot_msg_rcv: 700
tot_msg_sent: 1313
tot_reconf_duration: 6.22
tot_sleeping_duration: 1708959.552760007
tot_uptimes: 445
tot_uptimes_duration: 26640.018239992904
