comms_cons: 283.51809282947926
finished_reconf: true
global_termination_time: 2803338.447
local_termination_time: 340414.99136000004
node_cons: 57638.19438782202
tot_aggregated_send: 38628
tot_msg_rcv: 1521
tot_msg_sent: 2944
tot_reconf_duration: 25.299999999999997
tot_sleeping_duration: 2760318.4044400128
tot_uptimes: 718
tot_uptimes_duration: 43020.04255998734
