comms_cons: 283.02549762082305
finished_reconf: true
global_termination_time: 2804495.659
local_termination_time: 1892741.5416799993
node_cons: 57690.097902232505
tot_aggregated_send: 39092
tot_msg_rcv: 1372
tot_msg_sent: 2555
tot_reconf_duration: 4.390000000000001
tot_sleeping_duration: 2761415.6468400047
tot_uptimes: 719
tot_uptimes_duration: 43080.01215999527
