comms_cons: 283.7751616229206
finished_reconf: true
global_termination_time: 2804583.673
local_termination_time: 643865.6950000001
node_cons: 57694.25657798085
tot_aggregated_send: 38625
tot_msg_rcv: 1486
tot_msg_sent: 3021
tot_reconf_duration: 6.22
tot_sleeping_duration: 2761502.411000014
tot_uptimes: 719
tot_uptimes_duration: 43081.26199998637
