comms_cons: 282.69506562332845
finished_reconf: true
global_termination_time: 2806534.405
local_termination_time: 427561.09880000027
node_cons: 57699.51968558345
tot_aggregated_send: 38744
tot_msg_rcv: 1328
tot_msg_sent: 2896
tot_reconf_duration: 11.31
tot_sleeping_duration: 2763454.3746000114
tot_uptimes: 719
tot_uptimes_duration: 43080.030399988405
