comms_cons: 282.93031041525336
finished_reconf: true
global_termination_time: 2805431.441
local_termination_time: 285436.889
node_cons: 57693.93649022365
tot_aggregated_send: 38686
tot_msg_rcv: 1352
tot_msg_sent: 2964
tot_reconf_duration: 5.43
tot_sleeping_duration: 2762349.6168400114
tot_uptimes: 719
tot_uptimes_duration: 43081.82415998855
