comms_cons: 11.463468800186778
finished_reconf: true
global_termination_time: 114534.619
local_termination_time: 30004.70836
node_cons: 2350.699861120291
tot_aggregated_send: 870
tot_msg_rcv: 356
tot_msg_sent: 519
tot_reconf_duration: 15.34
tot_sleeping_duration: 112794.61291999978
tot_uptimes: 30
tot_uptimes_duration: 1740.0060800002175
