comms_cons: 11.197798399992976
finished_reconf: true
global_termination_time: 114494.039
local_termination_time: 39954.13456000005
node_cons: 2364.225541120295
tot_aggregated_send: 1218
tot_msg_rcv: 251
tot_msg_sent: 233
tot_reconf_duration: 25.299999999999997
tot_sleeping_duration: 112754.0329199998
tot_uptimes: 30
tot_uptimes_duration: 1740.0060800002175
