comms_cons: 304.7557503933038
finished_reconf: true
global_termination_time: 3062046.44148
local_termination_time: 3062046.40036
node_cons: 63038.32794207791
tot_aggregated_send: 43892
tot_msg_rcv: 854
tot_msg_sent: 1575
tot_reconf_duration: 24.59
tot_sleeping_duration: 3014992.7187600005
tot_uptimes: 785
tot_uptimes_duration: 47053.72271999961
