comms_cons: 305.59914238140743
finished_reconf: true
global_termination_time: 3062046.542
local_termination_time: 552202.716
node_cons: 63116.02495958026
tot_aggregated_send: 43092
tot_msg_rcv: 1267
tot_msg_sent: 2092
tot_reconf_duration: 22.65
tot_sleeping_duration: 3014932.8256000136
tot_uptimes: 785
tot_uptimes_duration: 47113.71639998618
