comms_cons: 387.8084800280887
finished_reconf: true
global_termination_time: 3888784.076
local_termination_time: 972936.3824799987
node_cons: 79942.52334558306
tot_aggregated_send: 53708
tot_msg_rcv: 1790
tot_msg_sent: 3446
tot_reconf_duration: 3.08
tot_sleeping_duration: 3829084.045600011
tot_uptimes: 996
tot_uptimes_duration: 59700.03039998887
