comms_cons: 386.20391043238305
finished_reconf: true
global_termination_time: 3888131.767
local_termination_time: 760546.0204399995
node_cons: 79958.87636781707
tot_aggregated_send: 54578
tot_msg_rcv: 1282
tot_msg_sent: 2842
tot_reconf_duration: 15.110000000000001
tot_sleeping_duration: 3828431.7244400154
tot_uptimes: 996
tot_uptimes_duration: 59700.04255998437
