comms_cons: 51.51576320035739
finished_reconf: true
global_termination_time: 515634.907
local_termination_time: 2128.87548
node_cons: 10609.021900000014
tot_aggregated_send: 7366
tot_msg_rcv: 175
tot_msg_sent: 289
tot_reconf_duration: 3.05
tot_sleeping_duration: 507714.907
tot_uptimes: 133
tot_uptimes_duration: 7920.0
