comms_cons: 1.5197951999976476
finished_reconf: true
global_termination_time: 16937.057
local_termination_time: 5097.081360000001
node_cons: 336.71898000000056
tot_aggregated_send: 0
tot_msg_rcv: 123
tot_msg_sent: 108
tot_reconf_duration: 11.31
tot_sleeping_duration: 16697.057
tot_uptimes: 5
tot_uptimes_duration: 240.0
