comms_cons: 209.29876478432718
finished_reconf: true
global_termination_time: 2084317.4777999993
local_termination_time: 2084317.4366799993
node_cons: 42888.51873525952
tot_aggregated_send: 29160
tot_msg_rcv: 883
tot_msg_sent: 1770
tot_reconf_duration: 24.59
tot_sleeping_duration: 2052312.1562800142
tot_uptimes: 534
tot_uptimes_duration: 32005.32151998498
