comms_cons: 208.60567038388385
finished_reconf: true
global_termination_time: 2086440.79
local_termination_time: 826342.6210399983
node_cons: 42922.41614335006
tot_aggregated_send: 28246
tot_msg_rcv: 1201
tot_msg_sent: 2259
tot_reconf_duration: 15.34
tot_sleeping_duration: 2054400.7717600071
tot_uptimes: 535
tot_uptimes_duration: 32040.018239992904
