comms_cons: 208.67906558685888
finished_reconf: true
global_termination_time: 2084637.087
local_termination_time: 583461.0365999988
node_cons: 42827.77640335019
tot_aggregated_send: 29232
tot_msg_rcv: 802
tot_msg_sent: 1684
tot_reconf_duration: 4.8100000000000005
tot_sleeping_duration: 2052657.0687600072
tot_uptimes: 534
tot_uptimes_duration: 31980.018239992904
