comms_cons: 209.1408639837723
finished_reconf: true
global_termination_time: 2086464.824
local_termination_time: 1206333.3823599978
node_cons: 42911.26220638718
tot_aggregated_send: 28768
tot_msg_rcv: 1045
tot_msg_sent: 1977
tot_reconf_duration: 6.22
tot_sleeping_duration: 2054423.8864000093
tot_uptimes: 535
tot_uptimes_duration: 32040.93759999075
