comms_cons: 210.26590718423185
finished_reconf: true
global_termination_time: 2088392.631
local_termination_time: 935319.1783599998
node_cons: 42908.95836335002
tot_aggregated_send: 28362
tot_msg_rcv: 1271
tot_msg_sent: 2326
tot_reconf_duration: 5.43
tot_sleeping_duration: 2056352.6127600071
tot_uptimes: 535
tot_uptimes_duration: 32040.018239992904
