comms_cons: 285.3572992265053
finished_reconf: true
global_termination_time: 2809417.592
local_termination_time: 369566.2928400006
node_cons: 57879.230670055986
tot_aggregated_send: 38744
tot_msg_rcv: 1623
tot_msg_sent: 3006
tot_reconf_duration: 25.299999999999997
tot_sleeping_duration: 2766217.537280017
tot_uptimes: 720
tot_uptimes_duration: 43200.05471998284
