comms_cons: 283.4550208200999
finished_reconf: false
global_termination_time: 2810453.928
local_termination_time: 0
node_cons: 57844.81628223295
tot_aggregated_send: 39034
tot_msg_rcv: 1321
tot_msg_sent: 2728
tot_reconf_duration: 0
tot_sleeping_duration: 2767253.9158400046
tot_uptimes: 720
tot_uptimes_duration: 43200.0121599955
