comms_cons: 100.1025279950287
finished_reconf: true
global_termination_time: 983441.844
local_termination_time: 34703.09004000006
node_cons: 20180.73154447655
tot_aggregated_send: 13282
tot_msg_rcv: 660
tot_msg_sent: 1273
tot_reconf_duration: 11.31
tot_sleeping_duration: 968381.8196800026
tot_uptimes: 252
tot_uptimes_duration: 15060.024319997407
