comms_cons: 41.46737920079674
finished_reconf: true
global_termination_time: 391269.5624800001
local_termination_time: 391269.5213600001
node_cons: 8085.759800961843
tot_aggregated_send: 4800
tot_msg_rcv: 502
tot_msg_sent: 1001
tot_reconf_duration: 24.59
tot_sleeping_duration: 385255.8458399987
tot_uptimes: 101
tot_uptimes_duration: 6013.716640001359
