comms_cons: 27.983846400845586
finished_reconf: true
global_termination_time: 238919.0117200001
local_termination_time: 238918.9706000001
node_cons: 4952.658767044463
tot_aggregated_send: 2320
tot_msg_rcv: 687
tot_msg_sent: 1246
tot_reconf_duration: 24.59
tot_sleeping_duration: 235245.17635999678
tot_uptimes: 62
tot_uptimes_duration: 3673.8353600033224
