comms_cons: 24.79700480014217
finished_reconf: true
global_termination_time: 243036.239
local_termination_time: 17170.77348
node_cons: 4987.620121119157
tot_aggregated_send: 3306
tot_msg_rcv: 176
tot_msg_sent: 287
tot_reconf_duration: 4.8100000000000005
tot_sleeping_duration: 239316.23292000065
tot_uptimes: 63
tot_uptimes_duration: 3720.006079999366
