comms_cons: 485.012012868659
finished_reconf: true
global_termination_time: 4897263.202
local_termination_time: 2210646.7705199993
node_cons: 100754.92080446603
tot_aggregated_send: 67744
tot_msg_rcv: 2142
tot_msg_sent: 3832
tot_reconf_duration: 6.279999999999999
tot_sleeping_duration: 4822023.177680008
tot_uptimes: 1255
tot_uptimes_duration: 75240.02431999147
