comms_cons: 484.1699072633946
finished_reconf: true
global_termination_time: 4898603.855
local_termination_time: 3563362.7380399997
node_cons: 100753.94848334896
tot_aggregated_send: 67744
tot_msg_rcv: 2122
tot_msg_sent: 3725
tot_reconf_duration: 5.57
tot_sleeping_duration: 4823363.836760007
tot_uptimes: 1255
tot_uptimes_duration: 75240.0182399936
