comms_cons: 485.4216960501737
finished_reconf: true
global_termination_time: 4900103.657
local_termination_time: 3593212.6213599998
node_cons: 100753.31022334867
tot_aggregated_send: 68382
tot_msg_rcv: 1915
tot_msg_sent: 3483
tot_reconf_duration: 5.1
tot_sleeping_duration: 4824863.638760006
tot_uptimes: 1255
tot_uptimes_duration: 75240.0182399936
