comms_cons: 482.0322944527237
finished_reconf: true
global_termination_time: 4897651.315
local_termination_time: 2677476.975
node_cons: 100770.67484510555
tot_aggregated_send: 68433
tot_msg_rcv: 1395
tot_msg_sent: 3439
tot_reconf_duration: 13.17
tot_sleeping_duration: 4822406.512920009
tot_uptimes: 1255
tot_uptimes_duration: 75244.80207999144
