comms_cons: 488.05842567592606
finished_reconf: true
global_termination_time: 4898114.488
local_termination_time: 1648058.37136
node_cons: 100757.3787844655
tot_aggregated_send: 68266
tot_msg_rcv: 2168
tot_msg_sent: 3748
tot_reconf_duration: 8.09
tot_sleeping_duration: 4822874.463680008
tot_uptimes: 1255
tot_uptimes_duration: 75240.02431999124
