comms_cons: 615.1134464717255
finished_reconf: true
global_termination_time: 6266120.271
local_termination_time: 2809180.6133600003
node_cons: 128873.93333750454
tot_aggregated_send: 87290
tot_msg_rcv: 2141
tot_msg_sent: 4061
tot_reconf_duration: 6.279999999999999
tot_sleeping_duration: 6169880.237320009
tot_uptimes: 1605
tot_uptimes_duration: 96240.03367999126
