comms_cons: 616.8795776836442
finished_reconf: true
global_termination_time: 6267108.558
local_termination_time: 2832084.4574800003
node_cons: 128872.97290669885
tot_aggregated_send: 87522
tot_msg_rcv: 2116
tot_msg_sent: 4124
tot_reconf_duration: 5.57
tot_sleeping_duration: 6170868.521520013
tot_uptimes: 1605
tot_uptimes_duration: 96240.03647998697
