comms_cons: 613.9590400664273
finished_reconf: true
global_termination_time: 6266987.941
local_termination_time: 3898886.42648
node_cons: 128899.73368222993
tot_aggregated_send: 87928
tot_msg_rcv: 1794
tot_msg_sent: 3595
tot_reconf_duration: 25.299999999999997
tot_sleeping_duration: 6170747.928840004
tot_uptimes: 1605
tot_uptimes_duration: 96240.01215999573
