comms_cons: 628.5306049169932
finished_reconf: true
global_termination_time: 6267886.229
local_termination_time: 749282.9923599999
node_cons: 128951.73489004895
tot_aggregated_send: 87754
tot_msg_rcv: 2671
tot_msg_sent: 5106
tot_reconf_duration: 4.390000000000001
tot_sleeping_duration: 6171586.17428002
tot_uptimes: 1606
tot_uptimes_duration: 96300.05471997987
