comms_cons: 622.9855745317251
finished_reconf: true
global_termination_time: 6264932.8
local_termination_time: 790681.09136
node_cons: 128876.03654781535
tot_aggregated_send: 87116
tot_msg_rcv: 2563
tot_msg_sent: 5011
tot_reconf_duration: 7.819999999999999
tot_sleeping_duration: 6168692.757440016
tot_uptimes: 1605
tot_uptimes_duration: 96240.0425599846
