comms_cons: 2.348774399996423
finished_reconf: true
global_termination_time: 18181.654
local_termination_time: 9580.37736
node_cons: 325.50189999999895
tot_aggregated_send: 0
tot_msg_rcv: 182
tot_msg_sent: 175
tot_reconf_duration: 3.05
tot_sleeping_duration: 17941.654
tot_uptimes: 5
tot_uptimes_duration: 240.0
