comms_cons: 111.57727999733221
finished_reconf: true
global_termination_time: 1119381.584
local_termination_time: 274746.65836
node_cons: 22985.81708671938
tot_aggregated_send: 14906
tot_msg_rcv: 716
tot_msg_sent: 1337
tot_reconf_duration: 6.279999999999999
tot_sleeping_duration: 1102221.5475200005
tot_uptimes: 287
tot_uptimes_duration: 17160.036479999544
