comms_cons: 112.87996159469088
finished_reconf: true
global_termination_time: 1117617.329
local_termination_time: 676622.5530399993
node_cons: 23064.546505597962
tot_aggregated_send: 14616
tot_msg_rcv: 852
tot_msg_sent: 1690
tot_reconf_duration: 5.1
tot_sleeping_duration: 1100397.2986000015
tot_uptimes: 287
tot_uptimes_duration: 17220.030399998475
