comms_cons: 112.80759039202005
finished_reconf: true
global_termination_time: 1119014.665
local_termination_time: 664958.1051999987
node_cons: 22983.8208267057
tot_aggregated_send: 14906
tot_msg_rcv: 670
tot_msg_sent: 1570
tot_reconf_duration: 4.8100000000000005
tot_sleeping_duration: 1101854.6285200107
tot_uptimes: 287
tot_uptimes_duration: 17160.03647998924
