comms_cons: 23.225203200054093
finished_reconf: true
global_termination_time: 236779.8
local_termination_time: 3260.7295200000035
node_cons: 4844.822275280009
tot_aggregated_send: 3306
tot_msg_rcv: 60
tot_msg_sent: 164
tot_reconf_duration: 15.34
tot_sleeping_duration: 233177.11847999998
tot_uptimes: 61
tot_uptimes_duration: 3602.6815200000037
