comms_cons: 24.06796800002452
finished_reconf: true
global_termination_time: 236165.99852000046
local_termination_time: 126857.66099999945
node_cons: 4870.656193280628
tot_aggregated_send: 3190
tot_msg_rcv: 159
tot_msg_sent: 310
tot_reconf_duration: 6.279999999999999
tot_sleeping_duration: 232534.835
tot_uptimes: 61
tot_uptimes_duration: 3631.1635200004675
