comms_cons: 25.171731200378638
finished_reconf: true
global_termination_time: 239633.523
local_termination_time: 59558.58836000001
node_cons: 4908.312201121435
tot_aggregated_send: 3074
tot_msg_rcv: 291
tot_msg_sent: 460
tot_reconf_duration: 5.57
tot_sleeping_duration: 235973.51691999892
tot_uptimes: 62
tot_uptimes_duration: 3660.0060800010688
