comms_cons: 47.667558399990746
finished_reconf: true
global_termination_time: 162948.3468000008
local_termination_time: 310.71503999999953
node_cons: 6700.6091952010975
tot_aggregated_send: 0
tot_msg_rcv: 2424
tot_msg_sent: 4820
tot_reconf_duration: 4.390000000000001
tot_sleeping_duration: 157948.61000000002
tot_uptimes: 83
tot_uptimes_duration: 4999.736800000814
