comms_cons: 280.4318208129547
finished_reconf: true
global_termination_time: 2811224.927
local_termination_time: 7366.014
node_cons: 57852.84473005141
tot_aggregated_send: 39376
tot_msg_rcv: 1106
tot_msg_sent: 2142
tot_reconf_duration: 5.87
tot_sleeping_duration: 2768024.8722800207
tot_uptimes: 720
tot_uptimes_duration: 43200.05471997941
