comms_cons: 275.0358976336616
finished_reconf: true
global_termination_time: 2807764.173
local_termination_time: 6277.045
node_cons: 57854.43906334978
tot_aggregated_send: 39142
tot_msg_rcv: 848
tot_msg_sent: 1813
tot_reconf_duration: 7.08
tot_sleeping_duration: 2764564.154760007
tot_uptimes: 720
tot_uptimes_duration: 43200.01823999314
