comms_cons: 1213.3539424065682
finished_reconf: true
global_termination_time: 7332639.132
local_termination_time: 2280216.33236
node_cons: 150805.1709289319
tot_aggregated_send: 0
tot_msg_rcv: 92947
tot_msg_sent: 91476
tot_reconf_duration: 5.1
tot_sleeping_duration: 7220019.083360018
tot_uptimes: 1878
tot_uptimes_duration: 112620.0486399827
