comms_cons: 728.2418689284857
finished_reconf: true
global_termination_time: 7336589.868
local_termination_time: 3318870.0103599997
node_cons: 150882.75962781472
tot_aggregated_send: 102196
tot_msg_rcv: 3030
tot_msg_sent: 5462
tot_reconf_duration: 3.08
tot_sleeping_duration: 7223909.825440016
tot_uptimes: 1879
tot_uptimes_duration: 112680.04255998484
