comms_cons: 722.5947328916961
finished_reconf: true
global_termination_time: 7332376.52
local_termination_time: 4828934.68636
node_cons: 150815.3722455802
tot_aggregated_send: 100862
tot_msg_rcv: 3110
tot_msg_sent: 5858
tot_reconf_duration: 12.629999999999999
tot_sleeping_duration: 7219756.48960001
tot_uptimes: 1878
tot_uptimes_duration: 112620.0303999891
