comms_cons: 1.4737407999951315
finished_reconf: true
global_termination_time: 12887.189
local_termination_time: 7410.9393599999985
node_cons: 245.16190000000026
tot_aggregated_send: 0
tot_msg_rcv: 116
tot_msg_sent: 108
tot_reconf_duration: 3.05
tot_sleeping_duration: 12707.188999999998
tot_uptimes: 4
tot_uptimes_duration: 180.0
