comms_cons: 1.3092608000029187
finished_reconf: true
global_termination_time: 6184.567
local_termination_time: 1675.97136
node_cons: 96.50019999999981
tot_aggregated_send: 0
tot_msg_rcv: 152
tot_msg_sent: 47
tot_reconf_duration: 11.899999999999999
tot_sleeping_duration: 6124.567
tot_uptimes: 2
tot_uptimes_duration: 60.0
