comms_cons: 152.06504959102904
finished_reconf: true
global_termination_time: 1501133.03
local_termination_time: 237235.40748000052
node_cons: 30881.34312335514
tot_aggregated_send: 20938
tot_msg_rcv: 857
tot_msg_sent: 1318
tot_reconf_duration: 22.65
tot_sleeping_duration: 1478093.0117600036
tot_uptimes: 385
tot_uptimes_duration: 23040.018239996338
