comms_cons: 150.53575679334082
finished_reconf: true
global_termination_time: 1500350.49612
local_termination_time: 38390.94000000009
node_cons: 30882.897283035276
tot_aggregated_send: 20996
tot_msg_rcv: 723
tot_msg_sent: 1160
tot_reconf_duration: 7.819999999999999
tot_sleeping_duration: 1477294.2767600038
tot_uptimes: 385
tot_uptimes_duration: 23056.219359996438
