comms_cons: 131.5839999955007
finished_reconf: true
global_termination_time: 1324095.536
local_termination_time: 464738.32636000006
node_cons: 27250.62712111687
tot_aggregated_send: 18966
tot_msg_rcv: 344
tot_msg_sent: 690
tot_reconf_duration: 11.31
tot_sleeping_duration: 1303755.5299200024
tot_uptimes: 340
tot_uptimes_duration: 20340.006079997635
