comms_cons: 38.06067200022444
finished_reconf: true
global_termination_time: 377699.63868000027
local_termination_time: 377699.59756000026
node_cons: 7778.49058000495
tot_aggregated_send: 5090
tot_msg_rcv: 206
tot_msg_sent: 488
tot_reconf_duration: 24.59
tot_sleeping_duration: 371915.39867999655
tot_uptimes: 97
tot_uptimes_duration: 5784.240000003681
