comms_cons: 308.38746883271205
finished_reconf: true
global_termination_time: 3076572.019
local_termination_time: 11788.62772
node_cons: 63252.382450060366
tot_aggregated_send: 43210
tot_msg_rcv: 1231
tot_msg_sent: 2432
tot_reconf_duration: 18.21
tot_sleeping_duration: 3029351.9642800135
tot_uptimes: 788
tot_uptimes_duration: 47220.05471998628
