comms_cons: 310.4242431972232
finished_reconf: true
global_termination_time: 3075093.964
local_termination_time: 1107467.574
node_cons: 63234.152685587884
tot_aggregated_send: 42392
tot_msg_rcv: 1598
tot_msg_sent: 3190
tot_reconf_duration: 4.8100000000000005
tot_sleeping_duration: 3027873.933600008
tot_uptimes: 788
tot_uptimes_duration: 47220.03039999184
