comms_cons: 301.2692223977947
finished_reconf: true
global_termination_time: 3080178.554
local_termination_time: 2088475.28036
node_cons: 63323.29526223247
tot_aggregated_send: 42978
tot_msg_rcv: 845
tot_msg_sent: 1968
tot_reconf_duration: 11.31
tot_sleeping_duration: 3032898.5418400047
tot_uptimes: 789
tot_uptimes_duration: 47280.01215999527
