comms_cons: 144.18633597018692
finished_reconf: true
global_termination_time: 926300.879
local_termination_time: 381763.40136
node_cons: 19049.157086719373
tot_aggregated_send: 0
tot_msg_rcv: 11296
tot_msg_sent: 10620
tot_reconf_duration: 6.279999999999999
tot_sleeping_duration: 912080.8425200004
tot_uptimes: 238
tot_uptimes_duration: 14220.036479999544
