comms_cons: 92.7469823956871
finished_reconf: true
global_termination_time: 926518.04
local_termination_time: 462653.7103600001
node_cons: 19071.363123355157
tot_aggregated_send: 12644
tot_msg_rcv: 518
tot_msg_sent: 935
tot_reconf_duration: 22.65
tot_sleeping_duration: 912298.0217600036
tot_uptimes: 238
tot_uptimes_duration: 14220.018239996338
