comms_cons: 92.43096319853412
finished_reconf: true
global_termination_time: 931689.725
local_termination_time: 429000.33636
node_cons: 19146.33088223363
tot_aggregated_send: 12528
tot_msg_rcv: 556
tot_msg_sent: 964
tot_reconf_duration: 18.700000000000003
tot_sleeping_duration: 917409.7128400047
tot_uptimes: 239
tot_uptimes_duration: 14280.012159995269
