comms_cons: 91.39166720044486
finished_reconf: true
global_termination_time: 926646.707
local_termination_time: 472092.73636000004
node_cons: 19055.450100000045
tot_aggregated_send: 12412
tot_msg_rcv: 552
tot_msg_sent: 927
tot_reconf_duration: 10.95
tot_sleeping_duration: 912426.707
tot_uptimes: 238
tot_uptimes_duration: 14220.0
