comms_cons: 92.03642879835026
finished_reconf: true
global_termination_time: 926011.71
local_termination_time: 571933.0943599999
node_cons: 19056.748341116898
tot_aggregated_send: 12818
tot_msg_rcv: 424
tot_msg_sent: 747
tot_reconf_duration: 11.899999999999999
tot_sleeping_duration: 911791.7039200023
tot_uptimes: 238
tot_uptimes_duration: 14220.006079997638
