comms_cons: 93.81841919414
finished_reconf: true
global_termination_time: 927114.558
local_termination_time: 374038.4115200004
node_cons: 19051.232124476563
tot_aggregated_send: 12122
tot_msg_rcv: 800
tot_msg_sent: 1337
tot_reconf_duration: 7.819999999999999
tot_sleeping_duration: 912894.5336800026
tot_uptimes: 238
tot_uptimes_duration: 14220.024319997407
