comms_cons: 92.9876992005454
finished_reconf: true
global_termination_time: 927552.742
local_termination_time: 438270.94612000044
node_cons: 19047.96208111685
tot_aggregated_send: 12470
tot_msg_rcv: 559
tot_msg_sent: 1104
tot_reconf_duration: 5.43
tot_sleeping_duration: 913332.7359200023
tot_uptimes: 238
tot_uptimes_duration: 14220.006079997635
