comms_cons: 155.57834239479723
finished_reconf: true
global_termination_time: 1576632.956
local_termination_time: 760178.3036799985
node_cons: 32382.98162000007
tot_aggregated_send: 22852
tot_msg_rcv: 277
tot_msg_sent: 518
tot_reconf_duration: 4.390000000000001
tot_sleeping_duration: 1552452.956
tot_uptimes: 404
tot_uptimes_duration: 24180.0
