comms_cons: 61.68125440334381
finished_reconf: true
global_termination_time: 211149.64748000016
local_termination_time: 3116.501040000001
node_cons: 8654.784197720239
tot_aggregated_send: 0
tot_msg_rcv: 3144
tot_msg_sent: 6230
tot_reconf_duration: 4.390000000000001
tot_sleeping_duration: 204690.482
tot_uptimes: 108
tot_uptimes_duration: 6459.165480000171
