comms_cons: 124.95655038897904
finished_reconf: true
global_termination_time: 1234132.81
local_termination_time: 65883.00635999997
node_cons: 25391.69591006305
tot_aggregated_send: 16008
tot_msg_rcv: 972
tot_msg_sent: 2010
tot_reconf_duration: 3.08
tot_sleeping_duration: 1215172.7552800127
tot_uptimes: 317
tot_uptimes_duration: 18960.05471998731
