comms_cons: 122.9928191947386
finished_reconf: true
global_termination_time: 1232624.381
local_termination_time: 859522.527
node_cons: 25328.326453194
tot_aggregated_send: 17282
tot_msg_rcv: 485
tot_msg_sent: 928
tot_reconf_duration: 9.42
tot_sleeping_duration: 1213718.0822000047
tot_uptimes: 316
tot_uptimes_duration: 18906.29879999545
