comms_cons: 122.68892159436288
finished_reconf: true
global_termination_time: 1232341.304
local_termination_time: 759135.7710799996
node_cons: 25321.986382238236
tot_aggregated_send: 16762
tot_msg_rcv: 622
tot_msg_sent: 1264
tot_reconf_duration: 10.95
tot_sleeping_duration: 1213441.2918400015
tot_uptimes: 316
tot_uptimes_duration: 18900.012159998703
