comms_cons: 236.87265265736528
finished_reconf: true
global_termination_time: 1195765.1337199998
local_termination_time: 891.3525999999998
node_cons: 24614.473782713503
tot_aggregated_send: 0
tot_msg_rcv: 18241
tot_msg_sent: 17758
tot_reconf_duration: 6.22
tot_sleeping_duration: 1177388.7132400046
tot_uptimes: 307
tot_uptimes_duration: 18376.42047999512
