comms_cons: 2.1908735999927607
finished_reconf: true
global_termination_time: 14321.63048
local_termination_time: 14321.58936
node_cons: 292.77165984000686
tot_aggregated_send: 0
tot_msg_rcv: 164
tot_msg_sent: 168
tot_reconf_duration: 24.59
tot_sleeping_duration: 14127.919919999995
tot_uptimes: 4
tot_uptimes_duration: 193.710560000005
