comms_cons: 2.19745279999485
finished_reconf: true
global_termination_time: 15630.244
local_termination_time: 6722.280360000001
node_cons: 352.1187000000008
tot_aggregated_send: 0
tot_msg_rcv: 179
tot_msg_sent: 155
tot_reconf_duration: 22.65
tot_sleeping_duration: 15390.244
tot_uptimes: 5
tot_uptimes_duration: 240.0
