comms_cons: 15.671654399988725
finished_reconf: true
global_termination_time: 3618.367400000001
local_termination_time: 3618.326280000001
node_cons: 1743.015447600002
tot_aggregated_send: 0
tot_msg_rcv: 1134
tot_msg_sent: 1246
tot_reconf_duration: 37.410000000000004
tot_sleeping_duration: 2354.5789999999997
tot_uptimes: 16
tot_uptimes_duration: 1263.788400000001
