comms_cons: 0.6447615999978723
finished_reconf: true
global_termination_time: 6656.103
local_termination_time: 3236.9563600000006
node_cons: 114.69740000000024
tot_aggregated_send: 0
tot_msg_rcv: 61
tot_msg_sent: 35
tot_reconf_duration: 25.299999999999997
tot_sleeping_duration: 6596.103
tot_uptimes: 2
tot_uptimes_duration: 60.0
