comms_cons: 72.95800319867155
finished_reconf: true
global_termination_time: 715164.526
local_termination_time: 216870.0486000001
node_cons: 14759.138318119632
tot_aggregated_send: 9512
tot_msg_rcv: 529
tot_msg_sent: 1050
tot_reconf_duration: 25.299999999999997
tot_sleeping_duration: 704167.6769200002
tot_uptimes: 184
tot_uptimes_duration: 10996.849079999694
