comms_cons: 76.0492543962151
finished_reconf: true
global_termination_time: 716112.343
local_termination_time: 74821.94035999996
node_cons: 14706.484051200534
tot_aggregated_send: 9048
tot_msg_rcv: 932
tot_msg_sent: 1580
tot_reconf_duration: 3.08
tot_sleeping_duration: 705132.2821999996
tot_uptimes: 184
tot_uptimes_duration: 10980.060800000385
