comms_cons: 74.95830399766587
finished_reconf: true
global_termination_time: 715455.942
local_termination_time: 309838.42548000003
node_cons: 14714.680932317344
tot_aggregated_send: 9106
tot_msg_rcv: 774
tot_msg_sent: 1514
tot_reconf_duration: 9.11
tot_sleeping_duration: 704475.8751200021
tot_uptimes: 184
tot_uptimes_duration: 10980.06687999802
