comms_cons: 385.1421628786362
finished_reconf: true
global_termination_time: 1965774.8546
local_termination_time: 466.9280399999995
node_cons: 40449.49043175468
tot_aggregated_send: 0
tot_msg_rcv: 29359
tot_msg_sent: 29176
tot_reconf_duration: 13.17
tot_sleeping_duration: 1935579.4807600037
tot_uptimes: 504
tot_uptimes_duration: 30195.37383999624
