comms_cons: 202.27776629671064
finished_reconf: true
global_termination_time: 1026213.314
local_termination_time: 405745.22660000005
node_cons: 21059.707701116873
tot_aggregated_send: 0
tot_msg_rcv: 15552
tot_msg_sent: 15193
tot_reconf_duration: 7.819999999999999
tot_sleeping_duration: 1010493.3079200024
tot_uptimes: 263
tot_uptimes_duration: 15720.006079997635
