comms_cons: 2.5658879999915207
finished_reconf: true
global_termination_time: 14355.033
local_termination_time: 9230.188360000002
node_cons: 265.7491800000013
tot_aggregated_send: 0
tot_msg_rcv: 232
tot_msg_sent: 158
tot_reconf_duration: 18.21
tot_sleeping_duration: 14175.033
tot_uptimes: 4
tot_uptimes_duration: 180.0
