comms_cons: 2.276403199992478
finished_reconf: true
global_termination_time: 14341.594480000003
local_termination_time: 8069.93536
node_cons: 290.93239872000413
tot_aggregated_send: 0
tot_msg_rcv: 188
tot_msg_sent: 157
tot_reconf_duration: 22.65
tot_sleeping_duration: 14147.29
tot_uptimes: 4
tot_uptimes_duration: 194.3044800000025
