comms_cons: 1.8099071999933116
finished_reconf: true
global_termination_time: 17696.378
local_termination_time: 10804.48236
node_cons: 336.7189799999993
tot_aggregated_send: 0
tot_msg_rcv: 150
tot_msg_sent: 126
tot_reconf_duration: 11.31
tot_sleeping_duration: 17456.378
tot_uptimes: 5
tot_uptimes_duration: 240.0
