comms_cons: 62.686713600974706
finished_reconf: true
global_termination_time: 609687.366
local_termination_time: 235878.26299999998
node_cons: 12569.489771366741
tot_aggregated_send: 8002
tot_msg_rcv: 549
tot_msg_sent: 977
tot_reconf_duration: 22.65
tot_sleeping_duration: 600323.115759995
tot_uptimes: 157
tot_uptimes_duration: 9364.250240005029
