comms_cons: 61.70036479870903
finished_reconf: true
global_termination_time: 609787.823
local_termination_time: 114603.257
node_cons: 12539.017902242878
tot_aggregated_send: 8463
tot_msg_rcv: 332
tot_msg_sent: 584
tot_reconf_duration: 4.390000000000001
tot_sleeping_duration: 600427.8108399978
tot_uptimes: 157
tot_uptimes_duration: 9360.012160002138
