comms_cons: 63.75902720024079
finished_reconf: true
global_termination_time: 664549.781
local_termination_time: 508967.9016400004
node_cons: 13678.631720000052
tot_aggregated_send: 9454
tot_msg_rcv: 95
tot_msg_sent: 142
tot_reconf_duration: 15.34
tot_sleeping_duration: 654349.781
tot_uptimes: 171
tot_uptimes_duration: 10200.0
