comms_cons: 64.680115200291
finished_reconf: true
global_termination_time: 665102.2
local_termination_time: 485583.1783600001
node_cons: 13661.941900000083
tot_aggregated_send: 9628
tot_msg_rcv: 29
tot_msg_sent: 174
tot_reconf_duration: 3.05
tot_sleeping_duration: 654902.2
tot_uptimes: 171
tot_uptimes_duration: 10200.0
