comms_cons: 64.75248640008509
finished_reconf: true
global_termination_time: 663139.4142400004
local_termination_time: 475998.92136000004
node_cons: 13662.571129360584
tot_aggregated_send: 9686
tot_msg_rcv: 45
tot_msg_sent: 111
tot_reconf_duration: 7.819999999999999
tot_sleeping_duration: 652943.782
tot_uptimes: 170
tot_uptimes_duration: 10195.632240000414
