comms_cons: 2.0927871999949144
finished_reconf: true
global_termination_time: 15215.03248
local_termination_time: 15214.99136
node_cons: 310.18121984000715
tot_aggregated_send: 0
tot_msg_rcv: 160
tot_msg_sent: 156
tot_reconf_duration: 37.410000000000004
tot_sleeping_duration: 15021.321919999995
tot_uptimes: 4
tot_uptimes_duration: 193.710560000005
