comms_cons: 344.467174428725
finished_reconf: true
global_termination_time: 3470018.6713599977
local_termination_time: 3470018.6713599977
node_cons: 71464.01350751148
tot_aggregated_send: 49808
tot_msg_rcv: 807
tot_msg_sent: 1741
tot_reconf_duration: 24.59
tot_sleeping_duration: 3416672.4276800025
tot_uptimes: 889
tot_uptimes_duration: 53346.24367999507
