comms_cons: 350.30395523254816
finished_reconf: true
global_termination_time: 3473971.763
local_termination_time: 783688.5013599999
node_cons: 71426.46702893374
tot_aggregated_send: 46516
tot_msg_rcv: 2131
tot_msg_sent: 4597
tot_reconf_duration: 3.05
tot_sleeping_duration: 3420631.7143600183
tot_uptimes: 890
tot_uptimes_duration: 53340.04863998154
