comms_cons: 169.59918079292717
finished_reconf: true
global_termination_time: 1706088.7854799998
local_termination_time: 1706088.74436
node_cons: 35075.428779836584
tot_aggregated_send: 24465
tot_msg_rcv: 493
tot_msg_sent: 819
tot_reconf_duration: 21.23
tot_sleeping_duration: 1679915.0749200024
tot_uptimes: 437
tot_uptimes_duration: 26173.710559997475
