comms_cons: 12.020825599895769
finished_reconf: true
global_termination_time: 95137.255
local_termination_time: 4870.837880000004
node_cons: 1964.5694376805957
tot_aggregated_send: 812
tot_msg_rcv: 437
tot_msg_sent: 579
tot_reconf_duration: 18.21
tot_sleeping_duration: 93688.53187999956
tot_uptimes: 25
tot_uptimes_duration: 1448.7231200004453
