comms_cons: 11.561536000010747
finished_reconf: true
global_termination_time: 94766.156
local_termination_time: 28798.359360000002
node_cons: 1949.0161433585934
tot_aggregated_send: 406
tot_msg_rcv: 533
tot_msg_sent: 819
tot_reconf_duration: 15.34
tot_sleeping_duration: 93326.13776000106
tot_uptimes: 25
tot_uptimes_duration: 1440.0182399989499
