comms_cons: 12.74579199996306
finished_reconf: true
global_termination_time: 93972.798
local_termination_time: 48206.76920000004
node_cons: 1945.3278222391657
tot_aggregated_send: 522
tot_msg_rcv: 663
tot_msg_sent: 754
tot_reconf_duration: 12.629999999999999
tot_sleeping_duration: 92532.78584000062
tot_uptimes: 25
tot_uptimes_duration: 1440.0121599993727
