comms_cons: 11.11226879985669
finished_reconf: true
global_termination_time: 95727.451
local_termination_time: 54851.998200000045
node_cons: 1934.1460433586026
tot_aggregated_send: 928
tot_msg_rcv: 298
tot_msg_sent: 463
tot_reconf_duration: 4.390000000000001
tot_sleeping_duration: 94287.43276000106
tot_uptimes: 25
tot_uptimes_duration: 1440.0182399989499
