comms_cons: 0.776345600001731
finished_reconf: true
global_termination_time: 6539.732
local_termination_time: 1539.7003600000003
node_cons: 86.30162000000013
tot_aggregated_send: 0
tot_msg_rcv: 62
tot_msg_sent: 55
tot_reconf_duration: 4.390000000000001
tot_sleeping_duration: 6479.732
tot_uptimes: 2
tot_uptimes_duration: 60.0
