comms_cons: 54.726412800297396
finished_reconf: true
global_termination_time: 555044.323
local_termination_time: 57595.654360000015
node_cons: 11428.807521121447
tot_aggregated_send: 7946
tot_msg_rcv: 96
tot_msg_sent: 276
tot_reconf_duration: 15.110000000000001
tot_sleeping_duration: 546524.3169199988
tot_uptimes: 143
tot_uptimes_duration: 8520.006080001069
