comms_cons: 204.66491518689946
finished_reconf: true
global_termination_time: 2036598.373
local_termination_time: 514975.33236000006
node_cons: 41864.736624471596
tot_aggregated_send: 28072
tot_msg_rcv: 1000
tot_msg_sent: 2035
tot_reconf_duration: 5.57
tot_sleeping_duration: 2005338.3486800059
tot_uptimes: 522
tot_uptimes_duration: 31260.024319993972
