comms_cons: 206.40802558631907
finished_reconf: true
global_termination_time: 2036956.667
local_termination_time: 342982.08036
node_cons: 41864.10650558841
tot_aggregated_send: 27782
tot_msg_rcv: 1229
tot_msg_sent: 2361
tot_reconf_duration: 5.1
tot_sleeping_duration: 2005696.6366000085
tot_uptimes: 522
tot_uptimes_duration: 31260.03039999162
