comms_cons: 200.87109759092127
finished_reconf: true
global_termination_time: 2035733.164
local_termination_time: 1251067.9113599998
node_cons: 41863.126043350014
tot_aggregated_send: 28420
tot_msg_rcv: 678
tot_msg_sent: 1433
tot_reconf_duration: 4.390000000000001
tot_sleeping_duration: 2004473.1457600072
tot_uptimes: 522
tot_uptimes_duration: 31260.018239992904
