comms_cons: 273.39822720957693
finished_reconf: true
global_termination_time: 2734273.464
local_termination_time: 536840.9019199994
node_cons: 56272.38996446674
tot_aggregated_send: 37932
tot_msg_rcv: 1142
tot_msg_sent: 2481
tot_reconf_duration: 25.299999999999997
tot_sleeping_duration: 2692273.439680009
tot_uptimes: 701
tot_uptimes_duration: 42000.02431999077
