comms_cons: 270.9447359829261
finished_reconf: true
global_termination_time: 2736613.853
local_termination_time: 388683.0230000005
node_cons: 56242.19074670469
tot_aggregated_send: 38164
tot_msg_rcv: 921
tot_msg_sent: 2097
tot_reconf_duration: 3.05
tot_sleeping_duration: 2694613.8165200106
tot_uptimes: 701
tot_uptimes_duration: 42000.03647998924
