comms_cons: 269.44455678849096
finished_reconf: true
global_termination_time: 2736471.612
local_termination_time: 1681025.8144799997
node_cons: 56245.39836334944
tot_aggregated_send: 38744
tot_msg_rcv: 741
tot_msg_sent: 1469
tot_reconf_duration: 5.43
tot_sleeping_duration: 2694471.593760007
tot_uptimes: 701
tot_uptimes_duration: 42000.0182399929
