comms_cons: 309.26976001563327
finished_reconf: true
global_termination_time: 3062039.057
local_termination_time: 332614.619
node_cons: 63007.9008613394
tot_aggregated_send: 42269
tot_msg_rcv: 1539
tot_msg_sent: 3201
tot_reconf_duration: 15.34
tot_sleeping_duration: 3014998.6767600146
tot_uptimes: 785
tot_uptimes_duration: 47040.380239985534
