comms_cons: 116.06334719609485
finished_reconf: true
global_termination_time: 1146621.512
local_termination_time: 5253.661999999999
node_cons: 23549.283486709086
tot_aggregated_send: 15652
tot_msg_rcv: 648
tot_msg_sent: 1340
tot_reconf_duration: 7.08
tot_sleeping_duration: 1129041.4755200082
tot_uptimes: 294
tot_uptimes_duration: 17580.036479991824
