comms_cons: 501.47956484939004
finished_reconf: true
global_termination_time: 5102055.889
local_termination_time: 2788454.83736
node_cons: 104940.20019999679
tot_aggregated_send: 73486
tot_msg_rcv: 888
tot_msg_sent: 1847
tot_reconf_duration: 11.899999999999999
tot_sleeping_duration: 5023695.889
tot_uptimes: 1307
tot_uptimes_duration: 78360.0
