comms_cons: 514.610688126105
finished_reconf: true
global_termination_time: 5102985.154
local_termination_time: 1689562.3234799989
node_cons: 104934.69212446528
tot_aggregated_send: 70412
tot_msg_rcv: 2470
tot_msg_sent: 5335
tot_reconf_duration: 7.819999999999999
tot_sleeping_duration: 5024625.12968001
tot_uptimes: 1307
tot_uptimes_duration: 78360.02431999124
