comms_cons: 9.830579200227135
finished_reconf: true
global_termination_time: 67431.578
local_termination_time: 47835.36936000001
node_cons: 1373.3684833608734
tot_aggregated_send: 406
tot_msg_rcv: 506
tot_msg_sent: 582
tot_reconf_duration: 5.57
tot_sleeping_duration: 66411.55975999933
tot_uptimes: 18
tot_uptimes_duration: 1020.0182400006524
