comms_cons: 9.193024000045297
finished_reconf: true
global_termination_time: 66574.215
local_termination_time: 32039.36836
node_cons: 1383.6648600000026
tot_aggregated_send: 464
tot_msg_rcv: 419
tot_msg_sent: 516
tot_reconf_duration: 13.17
tot_sleeping_duration: 65554.215
tot_uptimes: 18
tot_uptimes_duration: 1020.0
