comms_cons: 8.29699840015229
finished_reconf: true
global_termination_time: 69446.673
local_termination_time: 31629.266680000004
node_cons: 1376.7662200000002
tot_aggregated_send: 232
tot_msg_rcv: 356
tot_msg_sent: 673
tot_reconf_duration: 8.09
tot_sleeping_duration: 68426.673
tot_uptimes: 18
tot_uptimes_duration: 1020.0
