comms_cons: 9.43708160011123
finished_reconf: true
global_termination_time: 67061.626
local_termination_time: 29529.46936
node_cons: 1391.19902336087
tot_aggregated_send: 174
tot_msg_rcv: 513
tot_msg_sent: 748
tot_reconf_duration: 18.700000000000003
tot_sleeping_duration: 66041.60775999934
tot_uptimes: 18
tot_uptimes_duration: 1020.0182400006524
