comms_cons: 9.897248000124671
finished_reconf: true
global_termination_time: 69384.498
local_termination_time: 20267.46136
node_cons: 1370.375444480883
tot_aggregated_send: 58
tot_msg_rcv: 503
tot_msg_sent: 944
tot_reconf_duration: 3.3600000000000003
tot_sleeping_duration: 68364.47367999936
tot_uptimes: 18
tot_uptimes_duration: 1020.0243200006589
