comms_cons: 413.7336192181844
finished_reconf: true
global_termination_time: 4264974.191
local_termination_time: 2660742.2753600003
node_cons: 87738.86034223174
tot_aggregated_send: 59218
tot_msg_rcv: 1304
tot_msg_sent: 2363
tot_reconf_duration: 5.57
tot_sleeping_duration: 4199454.178840005
tot_uptimes: 1093
tot_uptimes_duration: 65520.01215999527
