comms_cons: 418.09170562175626
finished_reconf: true
global_termination_time: 4265167.494
local_termination_time: 1682133.455119999
node_cons: 87751.83194446545
tot_aggregated_send: 59914
tot_msg_rcv: 1144
tot_msg_sent: 2489
tot_reconf_duration: 15.110000000000001
tot_sleeping_duration: 4199647.469680009
tot_uptimes: 1093
tot_uptimes_duration: 65520.024319991004
