comms_cons: 429.0605824725153
finished_reconf: true
global_termination_time: 4262611.272239994
local_termination_time: 32478.546440000002
node_cons: 87703.77369605169
tot_aggregated_send: 59450
tot_msg_rcv: 1934
tot_msg_sent: 3829
tot_reconf_duration: 11.899999999999999
tot_sleeping_duration: 4197123.883520014
tot_uptimes: 1092
tot_uptimes_duration: 65487.388719980605
