comms_cons: 416.78194561433634
finished_reconf: true
global_termination_time: 4266758.079
local_termination_time: 1307228.97236
node_cons: 87746.6715444657
tot_aggregated_send: 58348
tot_msg_rcv: 1521
tot_msg_sent: 3479
tot_reconf_duration: 11.31
tot_sleeping_duration: 4201238.054680009
tot_uptimes: 1093
tot_uptimes_duration: 65520.024319991004
