comms_cons: 270.2804030159861
finished_reconf: true
global_termination_time: 1495284.655
local_termination_time: 765411.2834799999
node_cons: 30696.42826223379
tot_aggregated_send: 0
tot_msg_rcv: 20775
tot_msg_sent: 20306
tot_reconf_duration: 4.8100000000000005
tot_sleeping_duration: 1472364.6428400048
tot_uptimes: 383
tot_uptimes_duration: 22920.01215999527
