comms_cons: 147.57437439528076
finished_reconf: true
global_termination_time: 1495238.062
local_termination_time: 854273.4577199979
node_cons: 30700.515842233955
tot_aggregated_send: 20532
tot_msg_rcv: 621
tot_msg_sent: 1278
tot_reconf_duration: 7.819999999999999
tot_sleeping_duration: 1472318.0498400046
tot_uptimes: 383
tot_uptimes_duration: 22920.012159995385
