comms_cons: 191.1353343948827
finished_reconf: true
global_termination_time: 1921916.434
local_termination_time: 279072.8534000004
node_cons: 39534.20579999973
tot_aggregated_send: 27434
tot_msg_rcv: 518
tot_msg_sent: 1098
tot_reconf_duration: 5.1
tot_sleeping_duration: 1892396.434
tot_uptimes: 493
tot_uptimes_duration: 29520.0
