comms_cons: 191.71586559092512
finished_reconf: true
global_termination_time: 1922378.825
local_termination_time: 598529.5863599998
node_cons: 39544.431539999765
tot_aggregated_send: 27434
tot_msg_rcv: 615
tot_msg_sent: 1091
tot_reconf_duration: 12.629999999999999
tot_sleeping_duration: 1892858.825
tot_uptimes: 493
tot_uptimes_duration: 29520.0
