comms_cons: 190.79022079230012
finished_reconf: true
global_termination_time: 1923552.442
local_termination_time: 1293524.49884
node_cons: 39552.67460000001
tot_aggregated_send: 27724
tot_msg_rcv: 480
tot_msg_sent: 795
tot_reconf_duration: 18.700000000000003
tot_sleeping_duration: 1894032.442
tot_uptimes: 493
tot_uptimes_duration: 29520.0
