comms_cons: 201.15903996986586
finished_reconf: true
global_termination_time: 1922931.081
local_termination_time: 443405.22188000043
node_cons: 39533.91781452317
tot_aggregated_send: 24824
tot_msg_rcv: 2023
tot_msg_sent: 3728
tot_reconf_duration: 4.8100000000000005
tot_sleeping_duration: 1893411.0019600273
tot_uptimes: 493
tot_uptimes_duration: 29520.079039972683
