comms_cons: 292.96386538852994
finished_reconf: true
global_termination_time: 2427054.055
local_termination_time: 1096997.8141999987
node_cons: 49901.783983349895
tot_aggregated_send: 0
tot_msg_rcv: 22428
tot_msg_sent: 22100
tot_reconf_duration: 7.819999999999999
tot_sleeping_duration: 2389794.036760007
tot_uptimes: 622
tot_uptimes_duration: 37260.0182399929
