comms_cons: 719.7302522793548
finished_reconf: true
global_termination_time: 2425006.278
local_termination_time: 1096997.2653199986
node_cons: 147245.0700958616
tot_aggregated_send: 0
tot_msg_rcv: 44139
tot_msg_sent: 65256
tot_reconf_duration: 6.22
tot_sleeping_duration: 2315046.14108001
tot_uptimes: 1802
tot_uptimes_duration: 109960.13691998977
