comms_cons: 36.97447680019403
finished_reconf: true
global_termination_time: 362620.474
local_termination_time: 27034.464359999998
node_cons: 7406.638980000005
tot_aggregated_send: 4872
tot_msg_rcv: 293
tot_msg_sent: 454
tot_reconf_duration: 11.31
tot_sleeping_duration: 357100.474
tot_uptimes: 93
tot_uptimes_duration: 5520.0
