comms_cons: 66.566809596776
finished_reconf: true
global_termination_time: 635252.094
local_termination_time: 192100.21536000006
node_cons: 13021.644544485738
tot_aggregated_send: 8062
tot_msg_rcv: 722
tot_msg_sent: 1333
tot_reconf_duration: 4.8100000000000005
tot_sleeping_duration: 625532.0696799958
tot_uptimes: 163
tot_uptimes_duration: 9720.024320004275
