comms_cons: 66.31378559734324
finished_reconf: true
global_termination_time: 636121.474
local_termination_time: 167963.81460000007
node_cons: 13019.246323364294
tot_aggregated_send: 8120
tot_msg_rcv: 680
tot_msg_sent: 1279
tot_reconf_duration: 3.05
tot_sleeping_duration: 626401.4557599968
tot_uptimes: 163
tot_uptimes_duration: 9720.018240003206
