comms_cons: 118.68281599581796
finished_reconf: true
global_termination_time: 1197271.891
local_termination_time: 182504.65736000004
node_cons: 24592.576381121467
tot_aggregated_send: 17052
tot_msg_rcv: 352
tot_msg_sent: 635
tot_reconf_duration: 6.279999999999999
tot_sleeping_duration: 1178911.884919999
tot_uptimes: 307
tot_uptimes_duration: 18360.00608000107
