comms_cons: 117.12500479593731
finished_reconf: true
global_termination_time: 1199705.114
local_termination_time: 308088.3963600001
node_cons: 24698.745541116856
tot_aggregated_send: 17052
tot_msg_rcv: 250
tot_msg_sent: 501
tot_reconf_duration: 25.299999999999997
tot_sleeping_duration: 1181285.1079200024
tot_uptimes: 308
tot_uptimes_duration: 18420.006079997635
