comms_cons: 61.5813120002056
finished_reconf: true
global_termination_time: 626007.609
local_termination_time: 330027.58740000037
node_cons: 12879.129180000047
tot_aggregated_send: 8990
tot_msg_rcv: 152
tot_msg_sent: 218
tot_reconf_duration: 18.21
tot_sleeping_duration: 616407.609
tot_uptimes: 161
tot_uptimes_duration: 9600.0
