comms_cons: 64.60097279897181
finished_reconf: true
global_termination_time: 624955.179
local_termination_time: 67796.01459999995
node_cons: 12861.350223362038
tot_aggregated_send: 8236
tot_msg_rcv: 536
tot_msg_sent: 1046
tot_reconf_duration: 5.1
tot_sleeping_duration: 615355.1607599985
tot_uptimes: 161
tot_uptimes_duration: 9600.018240001504
