comms_cons: 55.450124804977946
finished_reconf: true
global_termination_time: 283775.9234800002
local_termination_time: 12016.5156
node_cons: 5812.870458720255
tot_aggregated_send: 0
tot_msg_rcv: 4246
tot_msg_sent: 4182
tot_reconf_duration: 4.8100000000000005
tot_sleeping_duration: 279439.599
tot_uptimes: 73
tot_uptimes_duration: 4336.324480000185
