comms_cons: 55.94951680497753
finished_reconf: true
global_termination_time: 286922.567
local_termination_time: 13899.20336
node_cons: 5873.274901119156
tot_aggregated_send: 0
tot_msg_rcv: 4316
tot_msg_sent: 4188
tot_reconf_duration: 6.22
tot_sleeping_duration: 282542.56092000066
tot_uptimes: 74
tot_uptimes_duration: 4380.006079999366
