comms_cons: 458.60446727503074
finished_reconf: true
global_termination_time: 4580213.369
local_termination_time: 195992.183
node_cons: 94189.30382894156
tot_aggregated_send: 63371
tot_msg_rcv: 2152
tot_msg_sent: 4181
tot_reconf_duration: 22.65
tot_sleeping_duration: 4509893.320360012
tot_uptimes: 1173
tot_uptimes_duration: 70320.04863998818
