comms_cons: 451.68667522376904
finished_reconf: true
global_termination_time: 4580103.848
local_termination_time: 804601.4249199984
node_cons: 94162.66260558192
tot_aggregated_send: 63626
tot_msg_rcv: 1640
tot_msg_sent: 3387
tot_reconf_duration: 3.05
tot_sleeping_duration: 4509783.817600012
tot_uptimes: 1173
tot_uptimes_duration: 70320.0303999884
