comms_cons: 1520.3918157757228
finished_reconf: true
global_termination_time: 4577735.703
local_termination_time: 840375.1565999999
node_cons: 278522.20754497463
tot_aggregated_send: 0
tot_msg_rcv: 93210
tot_msg_sent: 137882
tot_reconf_duration: 6.22
tot_sleeping_duration: 4369734.388000015
tot_uptimes: 3421
tot_uptimes_duration: 208001.31499998426
