comms_cons: 375.4867840432556
finished_reconf: true
global_termination_time: 3698289.1796399937
local_termination_time: 345679.13360000006
node_cons: 76181.21859138766
tot_aggregated_send: 50750
tot_msg_rcv: 2130
tot_msg_sent: 4190
tot_reconf_duration: 25.299999999999997
tot_sleeping_duration: 3641420.7246800316
tot_uptimes: 948
tot_uptimes_duration: 56868.454959962284
