comms_cons: 372.9484352475546
finished_reconf: true
global_termination_time: 3698539.256
local_termination_time: 1167718.5307599981
node_cons: 76090.49188893406
tot_aggregated_send: 51272
tot_msg_rcv: 1754
tot_msg_sent: 3659
tot_reconf_duration: 6.22
tot_sleeping_duration: 3641719.207360018
tot_uptimes: 948
tot_uptimes_duration: 56820.04863998201
