comms_cons: 2182.3531136919732
finished_reconf: true
global_termination_time: 7477399.049119999
local_termination_time: 7477399.0079999985
node_cons: 305835.5389797942
tot_aggregated_send: 0
tot_msg_rcv: 111032
tot_msg_sent: 220675
tot_reconf_duration: 37.410000000000004
tot_sleeping_duration: 7249031.060920007
tot_uptimes: 3773
tot_uptimes_duration: 228367.9881999928
