comms_cons: 1472.0979627776087
finished_reconf: true
global_termination_time: 7477399.6491199965
local_termination_time: 2043.7854800000005
node_cons: 153845.65561837328
tot_aggregated_send: 0
tot_msg_rcv: 112709
tot_msg_sent: 111035
tot_reconf_duration: 18.21
tot_sleeping_duration: 7362522.183520013
tot_uptimes: 1915
tot_uptimes_duration: 114877.46559998393
