comms_cons: 751.9232641836547
finished_reconf: true
global_termination_time: 7477399.471119996
local_termination_time: 524567.4195199992
node_cons: 153823.3178341913
tot_aggregated_send: 104980
tot_msg_rcv: 3316
tot_msg_sent: 5992
tot_reconf_duration: 22.65
tot_sleeping_duration: 7362543.190960028
tot_uptimes: 1915
tot_uptimes_duration: 114856.28015996749
