comms_cons: 738.1948289248088
finished_reconf: true
global_termination_time: 7480577.418
local_termination_time: 4932274.34136
node_cons: 153863.91678334613
tot_aggregated_send: 103530
tot_msg_rcv: 3008
tot_msg_sent: 5663
tot_reconf_duration: 9.42
tot_sleeping_duration: 7365677.399760006
tot_uptimes: 1916
tot_uptimes_duration: 114900.0182399936
