comms_cons: 734.0114433287807
finished_reconf: true
global_termination_time: 7479577.651
local_termination_time: 5043934.676999999
node_cons: 153894.40870606186
tot_aggregated_send: 103876
tot_msg_rcv: 2696
tot_msg_sent: 4992
tot_reconf_duration: 18.700000000000003
tot_sleeping_duration: 7364664.2722800085
tot_uptimes: 1916
tot_uptimes_duration: 114913.37871999107
