comms_cons: 749.7535105840412
finished_reconf: true
global_termination_time: 7479731.644
local_termination_time: 613315.3295599986
node_cons: 153857.72967339904
tot_aggregated_send: 104980
tot_msg_rcv: 3045
tot_msg_sent: 5932
tot_reconf_duration: 4.8100000000000005
tot_sleeping_duration: 7364831.571040028
tot_uptimes: 1916
tot_uptimes_duration: 114900.07295997324
