comms_cons: 752.7789058208772
finished_reconf: true
global_termination_time: 7480931.316
local_termination_time: 1008771.1797599981
node_cons: 153855.33959339935
tot_aggregated_send: 103472
tot_msg_rcv: 3554
tot_msg_sent: 7392
tot_reconf_duration: 3.05
tot_sleeping_duration: 7366031.243040026
tot_uptimes: 1916
tot_uptimes_duration: 114900.07295997348
