comms_cons: 750.7691265993749
finished_reconf: true
global_termination_time: 7479044.457
local_termination_time: 2308387.6433999995
node_cons: 153858.547210049
tot_aggregated_send: 104110
tot_msg_rcv: 3400
tot_msg_sent: 6601
tot_reconf_duration: 5.43
tot_sleeping_duration: 7364144.40228002
tot_uptimes: 1916
tot_uptimes_duration: 114900.05471998057
