comms_cons: 449.6104000904595
finished_reconf: true
global_termination_time: 4449280.108
local_termination_time: 2258708.3767200005
node_cons: 91513.2623255831
tot_aggregated_send: 61770
tot_msg_rcv: 2270
tot_msg_sent: 4298
tot_reconf_duration: 4.390000000000001
tot_sleeping_duration: 4380940.077600011
tot_uptimes: 1140
tot_uptimes_duration: 68340.0303999891
