comms_cons: 444.97789446772225
finished_reconf: true
global_termination_time: 4448060.939
local_termination_time: 695588.9064799998
node_cons: 91528.1405666994
tot_aggregated_send: 61654
tot_msg_rcv: 1876
tot_msg_sent: 4105
tot_reconf_duration: 15.34
tot_sleeping_duration: 4379720.902520013
tot_uptimes: 1140
tot_uptimes_duration: 68340.0364799865
