comms_cons: 14.403379199788471
finished_reconf: true
global_termination_time: 142668.294
local_termination_time: 84080.28635999997
node_cons: 2900.703042239445
tot_aggregated_send: 1508
tot_msg_rcv: 274
tot_msg_sent: 407
tot_reconf_duration: 6.22
tot_sleeping_duration: 140508.28184000042
tot_uptimes: 37
tot_uptimes_duration: 2160.0121599995837
