comms_cons: 88.20445439521053
finished_reconf: true
global_termination_time: 860555.331
local_termination_time: 24397.76348
node_cons: 17685.859490079107
tot_aggregated_send: 11194
tot_msg_rcv: 768
tot_msg_sent: 1443
tot_reconf_duration: 8.09
tot_sleeping_duration: 847355.2762800007
tot_uptimes: 221
tot_uptimes_duration: 13200.054719999316
