comms_cons: 86.8426111955849
finished_reconf: true
global_termination_time: 861030.171
local_termination_time: 627284.7164799989
node_cons: 17690.97648223832
tot_aggregated_send: 11890
tot_msg_rcv: 448
tot_msg_sent: 861
tot_reconf_duration: 11.899999999999999
tot_sleeping_duration: 847830.1588400013
tot_uptimes: 221
tot_uptimes_duration: 13200.012159998703
