comms_cons: 75.89099520725593
finished_reconf: true
global_termination_time: 324361.89
local_termination_time: 3020.2644800000003
node_cons: 6693.055014574046
tot_aggregated_send: 0
tot_msg_rcv: 6662
tot_msg_sent: 4871
tot_reconf_duration: 18.21
tot_sleeping_duration: 319381.81095998955
tot_uptimes: 84
tot_uptimes_duration: 4980.079040010489
