comms_cons: 33.81708800111532
finished_reconf: true
global_termination_time: 325575.803
local_termination_time: 39678.512800000055
node_cons: 6675.824765604881
tot_aggregated_send: 4176
tot_msg_rcv: 326
tot_msg_sent: 638
tot_reconf_duration: 5.57
tot_sleeping_duration: 320595.77259999636
tot_uptimes: 84
tot_uptimes_duration: 4980.030400003641
