comms_cons: 32.42874240019862
finished_reconf: true
global_termination_time: 324725.388
local_termination_time: 31808.664999999997
node_cons: 6700.252826400298
tot_aggregated_send: 4524
tot_msg_rcv: 126
tot_msg_sent: 279
tot_reconf_duration: 18.700000000000003
tot_sleeping_duration: 319740.4303999998
tot_uptimes: 84
tot_uptimes_duration: 4984.95760000022
