comms_cons: 32.88942080011446
finished_reconf: true
global_termination_time: 327112.815
local_termination_time: 94446.75847999996
node_cons: 6676.68304224287
tot_aggregated_send: 4466
tot_msg_rcv: 187
tot_msg_sent: 346
tot_reconf_duration: 6.22
tot_sleeping_duration: 322132.80283999786
tot_uptimes: 84
tot_uptimes_duration: 4980.0121600021375
