comms_cons: 231.38388480232874
finished_reconf: true
global_termination_time: 2312952.328
local_termination_time: 37645.67952000008
node_cons: 47595.669964466746
tot_aggregated_send: 32422
tot_msg_rcv: 851
tot_msg_sent: 1896
tot_reconf_duration: 25.299999999999997
tot_sleeping_duration: 2277432.3036800097
tot_uptimes: 593
tot_uptimes_duration: 35520.02431999054
