comms_cons: 234.17054718065359
finished_reconf: true
global_termination_time: 2312756.899119997
local_termination_time: 12049.655080000002
node_cons: 47612.42845638075
tot_aggregated_send: 31610
tot_msg_rcv: 1379
tot_msg_sent: 2603
tot_reconf_duration: 22.65
tot_sleeping_duration: 2277221.671520011
tot_uptimes: 593
tot_uptimes_duration: 35535.22759998607
