comms_cons: 228.7961791893515
finished_reconf: true
global_termination_time: 2314971.538
local_termination_time: 432824.1188400001
node_cons: 47567.852685583566
tot_aggregated_send: 32596
tot_msg_rcv: 721
tot_msg_sent: 1457
tot_reconf_duration: 4.8100000000000005
tot_sleeping_duration: 2279451.5076000122
tot_uptimes: 593
tot_uptimes_duration: 35520.03039998817
