comms_cons: 738.1033473122473
finished_reconf: true
global_termination_time: 7517827.574
local_termination_time: 2573451.974079999
node_cons: 154662.129188932
tot_aggregated_send: 105560
tot_msg_rcv: 2246
tot_msg_sent: 4380
tot_reconf_duration: 5.57
tot_sleeping_duration: 7402327.525360017
tot_uptimes: 1926
tot_uptimes_duration: 115500.0486399827
