comms_cons: 745.1704257393336
finished_reconf: true
global_termination_time: 7517659.62
local_termination_time: 2901513.17836
node_cons: 154688.91438781412
tot_aggregated_send: 104284
tot_msg_rcv: 3139
tot_msg_sent: 5838
tot_reconf_duration: 25.299999999999997
tot_sleeping_duration: 7402159.577440016
tot_uptimes: 1926
tot_uptimes_duration: 115500.04255998478
