comms_cons: 740.5887297245854
finished_reconf: true
global_termination_time: 7517991.228
local_termination_time: 3461669.5041999985
node_cons: 154666.9120855803
tot_aggregated_send: 104052
tot_msg_rcv: 2827
tot_msg_sent: 5686
tot_reconf_duration: 9.11
tot_sleeping_duration: 7402491.197600011
tot_uptimes: 1926
tot_uptimes_duration: 115500.03039998934
