comms_cons: 728.8731200984012
finished_reconf: true
global_termination_time: 7518138.982
local_termination_time: 3742321.2623599996
node_cons: 154669.38638222867
tot_aggregated_send: 103704
tot_msg_rcv: 2304
tot_msg_sent: 4776
tot_reconf_duration: 10.95
tot_sleeping_duration: 7402638.969840004
tot_uptimes: 1926
tot_uptimes_duration: 115500.01215999573
