comms_cons: 1.644799999994566
finished_reconf: true
global_termination_time: 14116.571
local_termination_time: 10956.64436
node_cons: 245.16189999999898
tot_aggregated_send: 0
tot_msg_rcv: 127
tot_msg_sent: 123
tot_reconf_duration: 3.05
tot_sleeping_duration: 13936.571
tot_uptimes: 4
tot_uptimes_duration: 180.0
