comms_cons: 220.2255615931159
finished_reconf: true
global_termination_time: 2232886.042
local_termination_time: 654472.5953599989
node_cons: 45881.06579999945
tot_aggregated_send: 32480
tot_msg_rcv: 359
tot_msg_sent: 634
tot_reconf_duration: 5.1
tot_sleeping_duration: 2198626.042
tot_uptimes: 572
tot_uptimes_duration: 34260.0
