comms_cons: 221.71246078956113
finished_reconf: true
global_termination_time: 2231178.915
local_termination_time: 654918.2364399995
node_cons: 45886.51137999946
tot_aggregated_send: 32074
tot_msg_rcv: 589
tot_msg_sent: 1036
tot_reconf_duration: 9.11
tot_sleeping_duration: 2196918.915
tot_uptimes: 572
tot_uptimes_duration: 34260.0
