comms_cons: 87.57594879270317
finished_reconf: true
global_termination_time: 853486.914
local_termination_time: 496289.06836000003
node_cons: 17521.12721118671
tot_aggregated_send: 11136
tot_msg_rcv: 716
tot_msg_sent: 1460
tot_reconf_duration: 5.1
tot_sleeping_duration: 840406.8532000099
tot_uptimes: 219
tot_uptimes_duration: 13080.060799990082
