comms_cons: 37.86329600053721
finished_reconf: true
global_termination_time: 377156.0352400002
local_termination_time: 59496.867800000146
node_cons: 7742.319421603069
tot_aggregated_send: 4988
tot_msg_rcv: 241
tot_msg_sent: 525
tot_reconf_duration: 7.819999999999999
tot_sleeping_duration: 371381.8008399979
tot_uptimes: 97
tot_uptimes_duration: 5774.234400002286
