comms_cons: 2.289561599996655
finished_reconf: true
global_termination_time: 15262.155
local_termination_time: 9203.775360000001
node_cons: 247.55198000000178
tot_aggregated_send: 0
tot_msg_rcv: 177
tot_msg_sent: 170
tot_reconf_duration: 4.8100000000000005
tot_sleeping_duration: 15082.155
tot_uptimes: 4
tot_uptimes_duration: 180.0
