comms_cons: 2.289561599994986
finished_reconf: true
global_termination_time: 14413.311
local_termination_time: 6556.72536
node_cons: 249.46676000000033
tot_aggregated_send: 0
tot_msg_rcv: 179
tot_msg_sent: 169
tot_reconf_duration: 6.22
tot_sleeping_duration: 14233.311
tot_uptimes: 4
tot_uptimes_duration: 180.0
