comms_cons: 2.1908735999943802
finished_reconf: true
global_termination_time: 12878.18048
local_termination_time: 12878.139360000001
node_cons: 292.77165984000703
tot_aggregated_send: 0
tot_msg_rcv: 164
tot_msg_sent: 168
tot_reconf_duration: 24.59
tot_sleeping_duration: 12684.469919999996
tot_uptimes: 4
tot_uptimes_duration: 193.710560000005
