comms_cons: 114.72545919823652
finished_reconf: true
global_termination_time: 1162769.872
local_termination_time: 484671.7021600004
node_cons: 23865.1219000001
tot_aggregated_send: 16936
tot_msg_rcv: 212
tot_msg_sent: 290
tot_reconf_duration: 3.05
tot_sleeping_duration: 1144949.872
tot_uptimes: 298
tot_uptimes_duration: 17820.0
