comms_cons: 116.0203135960211
finished_reconf: true
global_termination_time: 1163250.263
local_termination_time: 319768.86436000007
node_cons: 23876.338980000033
tot_aggregated_send: 16472
tot_msg_rcv: 418
tot_msg_sent: 744
tot_reconf_duration: 11.31
tot_sleeping_duration: 1145430.263
tot_uptimes: 298
tot_uptimes_duration: 17820.0
