comms_cons: 35.8697984007483
finished_reconf: true
global_termination_time: 355960.07936000015
local_termination_time: 268456.0139600006
node_cons: 7340.315620161685
tot_aggregated_send: 4930
tot_msg_rcv: 175
tot_msg_sent: 347
tot_reconf_duration: 5.57
tot_sleeping_duration: 350483.7899199989
tot_uptimes: 92
tot_uptimes_duration: 5476.289440001245
