comms_cons: 36.42307840079146
finished_reconf: true
global_termination_time: 355960.5262000003
local_termination_time: 198096.02184000058
node_cons: 7346.753749040981
tot_aggregated_send: 4756
tot_msg_rcv: 246
tot_msg_sent: 534
tot_reconf_duration: 3.05
tot_sleeping_duration: 350476.87283999956
tot_uptimes: 92
tot_uptimes_duration: 5483.653360000739
