comms_cons: 103.12300799684405
finished_reconf: true
global_termination_time: 1011846.6151200001
local_termination_time: 93033.67147999996
node_cons: 20834.98173639266
tot_aggregated_send: 13514
tot_msg_rcv: 710
tot_msg_sent: 1451
tot_reconf_duration: 4.8100000000000005
tot_sleeping_duration: 996291.3875200057
tot_uptimes: 260
tot_uptimes_duration: 15555.227599994498
