comms_cons: 32.35187840033471
finished_reconf: true
global_termination_time: 309163.836
local_termination_time: 43327.22336000001
node_cons: 6361.770805602597
tot_aggregated_send: 3944
tot_msg_rcv: 340
tot_msg_sent: 634
tot_reconf_duration: 10.95
tot_sleeping_duration: 304423.80559999804
tot_uptimes: 80
tot_uptimes_duration: 4740.030400001939
