comms_cons: 71.02807039875266
finished_reconf: true
global_termination_time: 720787.006
local_termination_time: 439686.42760000005
node_cons: 14789.100121116851
tot_aggregated_send: 10150
tot_msg_rcv: 179
tot_msg_sent: 466
tot_reconf_duration: 4.8100000000000005
tot_sleeping_duration: 709746.9999200024
tot_uptimes: 185
tot_uptimes_duration: 11040.006079997635
