comms_cons: 35.88953600066901
finished_reconf: true
global_termination_time: 182079.47
local_termination_time: 75441.32843999988
node_cons: 3726.4068411214466
tot_aggregated_send: 0
tot_msg_rcv: 2804
tot_msg_sent: 2651
tot_reconf_duration: 22.65
tot_sleeping_duration: 179319.46391999893
tot_uptimes: 47
tot_uptimes_duration: 2760.0060800010688
