comms_cons: 18.4349183999582
finished_reconf: true
global_termination_time: 182547.62
local_termination_time: 79732.60935999996
node_cons: 3702.1801211191505
tot_aggregated_send: 2378
tot_msg_rcv: 137
tot_msg_sent: 287
tot_reconf_duration: 4.8100000000000005
tot_sleeping_duration: 179787.61392000061
tot_uptimes: 47
tot_uptimes_duration: 2760.006079999366
