comms_cons: 18.961254400090546
finished_reconf: true
global_termination_time: 186072.947
local_termination_time: 140958.0949600006
node_cons: 3791.3389799999986
tot_aggregated_send: 2320
tot_msg_rcv: 163
tot_msg_sent: 398
tot_reconf_duration: 11.31
tot_sleeping_duration: 183252.947
tot_uptimes: 48
tot_uptimes_duration: 2820.0
