comms_cons: 121.59802879194427
finished_reconf: true
global_termination_time: 1195970.64948
local_termination_time: 1195970.60836
node_cons: 24653.266348786303
tot_aggregated_send: 16272
tot_msg_rcv: 742
tot_msg_sent: 1469
tot_reconf_duration: 37.410000000000004
tot_sleeping_duration: 1177596.8902800102
tot_uptimes: 307
tot_uptimes_duration: 18373.759199989734
