comms_cons: 116.74132479297214
finished_reconf: true
global_termination_time: 1202175.111
local_termination_time: 631003.6055999998
node_cons: 24698.779819502037
tot_aggregated_send: 15950
tot_msg_rcv: 532
tot_msg_sent: 1262
tot_reconf_duration: 25.299999999999997
tot_sleeping_duration: 1183755.0793200135
tot_uptimes: 308
tot_uptimes_duration: 18420.03167998651
