comms_cons: 117.78741759329755
finished_reconf: true
global_termination_time: 1196866.725
local_termination_time: 662133.4213599999
node_cons: 24604.575662233685
tot_aggregated_send: 16530
tot_msg_rcv: 452
tot_msg_sent: 921
tot_reconf_duration: 15.110000000000001
tot_sleeping_duration: 1178506.7128400048
tot_uptimes: 307
tot_uptimes_duration: 18360.01215999527
