comms_cons: 120.46515199428052
finished_reconf: true
global_termination_time: 1199608.037
local_termination_time: 515619.0848800004
node_cons: 24689.782741116807
tot_aggregated_send: 16008
tot_msg_rcv: 863
tot_msg_sent: 1439
tot_reconf_duration: 18.700000000000003
tot_sleeping_duration: 1181188.0309200024
tot_uptimes: 308
tot_uptimes_duration: 18420.006079997635
