comms_cons: 118.29309439597594
finished_reconf: true
global_termination_time: 1197469.379
local_termination_time: 923759.1183599998
node_cons: 24600.20020000007
tot_aggregated_send: 16878
tot_msg_rcv: 360
tot_msg_sent: 741
tot_reconf_duration: 11.899999999999999
tot_sleeping_duration: 1179109.379
tot_uptimes: 307
tot_uptimes_duration: 18360.0
