comms_cons: 47.63659520227499
finished_reconf: true
global_termination_time: 206019.12044000032
local_termination_time: 1914.7676000000004
node_cons: 4232.887605129589
tot_aggregated_send: 0
tot_msg_rcv: 4159
tot_msg_sent: 3079
tot_reconf_duration: 18.21
tot_sleeping_duration: 202876.35835999314
tot_uptimes: 53
tot_uptimes_duration: 3142.76208000716
