comms_cons: 21.402764800069733
finished_reconf: true
global_termination_time: 207043.477
local_termination_time: 23051.492120000003
node_cons: 4317.702174800298
tot_aggregated_send: 2784
tot_msg_rcv: 184
tot_msg_sent: 286
tot_reconf_duration: 25.299999999999997
tot_sleeping_duration: 203844.5637999998
tot_uptimes: 54
tot_uptimes_duration: 3198.913200000221
