comms_cons: 21.24549119971913
finished_reconf: true
global_termination_time: 210179.362
local_termination_time: 128145.71811999945
node_cons: 4285.003847040131
tot_aggregated_send: 2784
tot_msg_rcv: 159
tot_msg_sent: 286
tot_reconf_duration: 13.17
tot_sleeping_duration: 206992.56663999992
tot_uptimes: 54
tot_uptimes_duration: 3186.7953600000983
