comms_cons: 20.92906240025854
finished_reconf: true
global_termination_time: 206293.779
local_termination_time: 43917.61548000002
node_cons: 4188.674361121439
tot_aggregated_send: 2668
tot_msg_rcv: 170
tot_msg_sent: 343
tot_reconf_duration: 8.09
tot_sleeping_duration: 203173.77291999894
tot_uptimes: 53
tot_uptimes_duration: 3120.0060800010688
