comms_cons: 20.454732800169417
finished_reconf: true
global_termination_time: 206566.476
local_termination_time: 50990.37220000013
node_cons: 4192.550099999998
tot_aggregated_send: 2842
tot_msg_rcv: 103
tot_msg_sent: 164
tot_reconf_duration: 10.95
tot_sleeping_duration: 203446.476
tot_uptimes: 53
tot_uptimes_duration: 3119.999999999999
