comms_cons: 20.44587519993469
finished_reconf: true
global_termination_time: 206443.636
local_termination_time: 15139.91648
node_cons: 4181.830041119153
tot_aggregated_send: 2784
tot_msg_rcv: 92
tot_msg_sent: 231
tot_reconf_duration: 3.05
tot_sleeping_duration: 203323.62992000065
tot_uptimes: 53
tot_uptimes_duration: 3120.006079999366
