comms_cons: 126.82065919526333
finished_reconf: true
global_termination_time: 1280151.098
local_termination_time: 62101.819640000176
node_cons: 26277.174184467378
tot_aggregated_send: 18328
tot_msg_rcv: 306
tot_msg_sent: 642
tot_reconf_duration: 4.390000000000001
tot_sleeping_duration: 1260531.0736800095
tot_uptimes: 328
tot_uptimes_duration: 19620.024319990538
