comms_cons: 127.89985919440842
finished_reconf: true
global_termination_time: 1283048.728
local_termination_time: 805311.5895999997
node_cons: 26366.878979999958
tot_aggregated_send: 18154
tot_msg_rcv: 424
tot_msg_sent: 862
tot_reconf_duration: 11.31
tot_sleeping_duration: 1263368.728
tot_uptimes: 329
tot_uptimes_duration: 19680.0
