comms_cons: 76.10055680018988
finished_reconf: true
global_termination_time: 764608.13
local_termination_time: 538486.4901999986
node_cons: 15687.172425607132
tot_aggregated_send: 10498
tot_msg_rcv: 381
tot_msg_sent: 688
tot_reconf_duration: 15.34
tot_sleeping_duration: 752908.0995999947
tot_uptimes: 196
tot_uptimes_duration: 11700.030400005344
