comms_cons: 139.6258367741466
finished_reconf: true
global_termination_time: 760149.29
local_termination_time: 334784.36336
node_cons: 15594.53312326735
tot_aggregated_send: 0
tot_msg_rcv: 10890
tot_msg_sent: 10333
tot_reconf_duration: 6.279999999999999
tot_sleeping_duration: 748509.2564800095
tot_uptimes: 195
tot_uptimes_duration: 11640.033519990568
