comms_cons: 79.7029375961568
finished_reconf: true
global_termination_time: 762668.997
local_termination_time: 371689.1619600002
node_cons: 15670.515204471973
tot_aggregated_send: 9802
tot_msg_rcv: 856
tot_msg_sent: 1457
tot_reconf_duration: 3.08
tot_sleeping_duration: 750968.9726800061
tot_uptimes: 196
tot_uptimes_duration: 11700.024319993972
