comms_cons: 78.76520959759236
finished_reconf: true
global_termination_time: 763172.528
local_termination_time: 307216.07336000004
node_cons: 15672.872685597977
tot_aggregated_send: 9860
tot_msg_rcv: 656
tot_msg_sent: 1456
tot_reconf_duration: 4.8100000000000005
tot_sleeping_duration: 751472.4976000016
tot_uptimes: 196
tot_uptimes_duration: 11700.030399998475
