comms_cons: 76.7585535978066
finished_reconf: true
global_termination_time: 759221.614
local_termination_time: 389829.80736000004
node_cons: 15591.929761121393
tot_aggregated_send: 10324
tot_msg_rcv: 418
tot_msg_sent: 924
tot_reconf_duration: 4.390000000000001
tot_sleeping_duration: 747581.6079199988
tot_uptimes: 195
tot_uptimes_duration: 11640.006080001069
