comms_cons: 80.04874879671634
finished_reconf: true
global_termination_time: 760417.525
local_termination_time: 312787.44636000006
node_cons: 15601.359685602574
tot_aggregated_send: 9512
tot_msg_rcv: 915
tot_msg_sent: 1739
tot_reconf_duration: 11.31
tot_sleeping_duration: 748777.4945999981
tot_uptimes: 195
tot_uptimes_duration: 11640.03040000191
