comms_cons: 293.35399679578535
finished_reconf: true
global_termination_time: 3006114.797
local_termination_time: 1696006.7526399982
node_cons: 61835.51237607324
tot_aggregated_send: 43268
tot_msg_rcv: 400
tot_msg_sent: 920
tot_reconf_duration: 25.299999999999997
tot_sleeping_duration: 2959960.088280004
tot_uptimes: 770
tot_uptimes_duration: 46154.708719995804
