comms_cons: 300.08350721782324
finished_reconf: true
global_termination_time: 3005732.1455199993
local_termination_time: 3005732.104399999
node_cons: 61874.547864394204
tot_aggregated_send: 42604
tot_msg_rcv: 1008
tot_msg_sent: 1998
tot_reconf_duration: 37.410000000000004
tot_sleeping_duration: 2959560.5659200023
tot_uptimes: 770
tot_uptimes_duration: 46171.579599996796
