comms_cons: 310.6973952406178
finished_reconf: true
global_termination_time: 3005732.714239997
local_termination_time: 14402.607479999999
node_cons: 61817.31264276135
tot_aggregated_send: 39672
tot_msg_rcv: 2669
tot_msg_sent: 4883
tot_reconf_duration: 11.31
tot_sleeping_duration: 2959577.4090400245
tot_uptimes: 770
tot_uptimes_duration: 46155.305199972034
