comms_cons: 130.82231679873874
finished_reconf: true
global_termination_time: 1316007.857
local_termination_time: 384581.3853600001
node_cons: 27082.144060000053
tot_aggregated_send: 18850
tot_msg_rcv: 342
tot_msg_sent: 691
tot_reconf_duration: 5.57
tot_sleeping_duration: 1295787.857
tot_uptimes: 338
tot_uptimes_duration: 20220.0
