comms_cons: 135.34909438940284
finished_reconf: true
global_termination_time: 1318005.138
local_termination_time: 243314.09336000006
node_cons: 27105.41197006992
tot_aggregated_send: 17922
tot_msg_rcv: 1031
tot_msg_sent: 1620
tot_reconf_duration: 22.65
tot_sleeping_duration: 1297785.0832800076
tot_uptimes: 338
tot_uptimes_duration: 20220.054719992448
