comms_cons: 133.3603391923094
finished_reconf: true
global_termination_time: 1318763.263
local_termination_time: 572347.78036
node_cons: 27081.15268558428
tot_aggregated_send: 17806
tot_msg_rcv: 746
tot_msg_sent: 1718
tot_reconf_duration: 4.8100000000000005
tot_sleeping_duration: 1298543.2326000119
tot_uptimes: 338
tot_uptimes_duration: 20220.030399988173
