comms_cons: 129.9918335952539
finished_reconf: true
global_termination_time: 1317010.138
local_termination_time: 613190.372
node_cons: 27081.962081116784
tot_aggregated_send: 19018
tot_msg_rcv: 217
tot_msg_sent: 523
tot_reconf_duration: 5.43
tot_sleeping_duration: 1296790.1319200024
tot_uptimes: 338
tot_uptimes_duration: 20220.006079997635
