comms_cons: 695.4109705083268
finished_reconf: true
global_termination_time: 3528657.4558399976
local_termination_time: 518.8324799999991
node_cons: 72578.00895446182
tot_aggregated_send: 0
tot_msg_rcv: 53305
tot_msg_sent: 52391
tot_reconf_duration: 5.57
tot_sleeping_duration: 3474459.96152001
tot_uptimes: 904
tot_uptimes_duration: 54197.49431998766
