comms_cons: 357.32916486275053
finished_reconf: true
global_termination_time: 3529750.267
local_termination_time: 1044798.629
node_cons: 72578.10666085395
tot_aggregated_send: 48717
tot_msg_rcv: 1936
tot_msg_sent: 3658
tot_reconf_duration: 15.110000000000001
tot_sleeping_duration: 3475562.3750800183
tot_uptimes: 904
tot_uptimes_duration: 54187.891919981805
