comms_cons: 355.4814912407024
finished_reconf: true
global_termination_time: 3531188.677
local_termination_time: 1478733.3734399986
node_cons: 72652.77902334939
tot_aggregated_send: 49300
tot_msg_rcv: 1611
tot_msg_sent: 3120
tot_reconf_duration: 18.700000000000003
tot_sleeping_duration: 3476948.658760007
tot_uptimes: 905
tot_uptimes_duration: 54240.01823999314
