comms_cons: 81.42417919822591
finished_reconf: true
global_termination_time: 792222.585
local_termination_time: 14047.93112
node_cons: 16235.622082241744
tot_aggregated_send: 10382
tot_msg_rcv: 662
tot_msg_sent: 1332
tot_reconf_duration: 5.1
tot_sleeping_duration: 780102.5728399986
tot_uptimes: 203
tot_uptimes_duration: 12120.012160001286
