comms_cons: 79.54252799783362
finished_reconf: true
global_termination_time: 796200.041
local_termination_time: 337930.0290400003
node_cons: 16314.981619999964
tot_aggregated_send: 11078
tot_msg_rcv: 320
tot_msg_sent: 692
tot_reconf_duration: 4.390000000000001
tot_sleeping_duration: 784020.041
tot_uptimes: 204
tot_uptimes_duration: 12180.0
