comms_cons: 74.87974400165388
finished_reconf: true
global_termination_time: 780122.631
local_termination_time: 99397.54447999997
node_cons: 15993.654184485531
tot_aggregated_send: 9802
tot_msg_rcv: 507
tot_msg_sent: 1073
tot_reconf_duration: 4.390000000000001
tot_sleeping_duration: 768182.606679996
tot_uptimes: 200
tot_uptimes_duration: 11940.024320004115
