comms_cons: 76.31871999790566
finished_reconf: true
global_termination_time: 777749.877
local_termination_time: 332493.93136000005
node_cons: 15998.287701121464
tot_aggregated_send: 10904
tot_msg_rcv: 235
tot_msg_sent: 461
tot_reconf_duration: 7.819999999999999
tot_sleeping_duration: 765809.870919999
tot_uptimes: 200
tot_uptimes_duration: 11940.006080001069
