comms_cons: 470.8219136516829
finished_reconf: true
global_termination_time: 4798219.751
local_termination_time: 2496587.083799999
node_cons: 98678.38428446557
tot_aggregated_send: 67512
tot_msg_rcv: 1299
tot_msg_sent: 2751
tot_reconf_duration: 15.34
tot_sleeping_duration: 4724539.726680009
tot_uptimes: 1229
tot_uptimes_duration: 73680.02431999147
