comms_cons: 472.4034112409907
finished_reconf: true
global_termination_time: 4797968.969
local_termination_time: 3043752.01936
node_cons: 98664.45394111447
tot_aggregated_send: 67048
tot_msg_rcv: 1736
tot_msg_sent: 3018
tot_reconf_duration: 5.1
tot_sleeping_duration: 4724288.962920002
tot_uptimes: 1229
tot_uptimes_duration: 73680.00607999787
