comms_cons: 482.39225608555347
finished_reconf: true
global_termination_time: 4799666.06
local_termination_time: 139038.8426000001
node_cons: 98768.66754669911
tot_aggregated_send: 66874
tot_msg_rcv: 2128
tot_msg_sent: 4317
tot_reconf_duration: 22.65
tot_sleeping_duration: 4725926.023520013
tot_uptimes: 1230
tot_uptimes_duration: 73740.0364799865
