comms_cons: 50.16542720048442
finished_reconf: true
global_termination_time: 498150.613
local_termination_time: 188107.87399999998
node_cons: 10255.095435604144
tot_aggregated_send: 6726
tot_msg_rcv: 288
tot_msg_sent: 610
tot_reconf_duration: 22.65
tot_sleeping_duration: 490514.8125999969
tot_uptimes: 128
tot_uptimes_duration: 7635.800400003092
