comms_cons: 100.55351041435809
finished_reconf: true
global_termination_time: 496083.012
local_termination_time: 2577.22836
node_cons: 10210.146505607167
tot_aggregated_send: 0
tot_msg_rcv: 7899
tot_msg_sent: 7383
tot_reconf_duration: 5.1
tot_sleeping_duration: 488462.98159999464
tot_uptimes: 128
tot_uptimes_duration: 7620.030400005344
