comms_cons: 98.02049281387326
finished_reconf: true
global_termination_time: 494227.402
local_termination_time: 2170.5513600000004
node_cons: 10138.207121121444
tot_aggregated_send: 0
tot_msg_rcv: 7592
tot_msg_sent: 7304
tot_reconf_duration: 11.31
tot_sleeping_duration: 486667.39591999893
tot_uptimes: 127
tot_uptimes_duration: 7560.006080001069
