comms_cons: 115.56002559207316
finished_reconf: true
global_termination_time: 1148822.8397199998
local_termination_time: 1148822.7985999999
node_cons: 23691.952401433686
tot_aggregated_send: 15866
tot_msg_rcv: 521
tot_msg_sent: 1176
tot_reconf_duration: 37.410000000000004
tot_sleeping_duration: 1131167.0147600046
tot_uptimes: 295
tot_uptimes_duration: 17655.824959995247
