comms_cons: 694.6172797785737
finished_reconf: true
global_termination_time: 1150436.163
local_termination_time: 498707.4476000001
node_cons: 114909.21633417885
tot_aggregated_send: 0
tot_msg_rcv: 47758
tot_msg_sent: 57821
tot_reconf_duration: 5.57
tot_sleeping_duration: 1064624.6228400434
tot_uptimes: 1387
tot_uptimes_duration: 85811.54015995662
