comms_cons: 110.58977279877533
finished_reconf: true
global_termination_time: 1149910.787
local_termination_time: 546389.088639999
node_cons: 23624.161600240866
tot_aggregated_send: 14790
tot_msg_rcv: 678
tot_msg_sent: 1341
tot_reconf_duration: 3.08
tot_sleeping_duration: 1132270.7728399993
tot_uptimes: 295
tot_uptimes_duration: 17640.01416000066
