comms_cons: 110.61608959964366
finished_reconf: true
global_termination_time: 1151583.453
local_termination_time: 668430.6213999992
node_cons: 23637.11968112148
tot_aggregated_send: 15080
tot_msg_rcv: 522
tot_msg_sent: 1211
tot_reconf_duration: 12.629999999999999
tot_sleeping_duration: 1133943.4469199989
tot_uptimes: 295
tot_uptimes_duration: 17640.006080001072
