comms_cons: 112.32072959556601
finished_reconf: true
global_termination_time: 1150680.516
local_termination_time: 348372.95044000016
node_cons: 23625.92976111681
tot_aggregated_send: 15718
tot_msg_rcv: 481
tot_msg_sent: 873
tot_reconf_duration: 4.390000000000001
tot_sleeping_duration: 1133040.5099200024
tot_uptimes: 295
tot_uptimes_duration: 17640.006079997635
