comms_cons: 162.20876154786228
finished_reconf: true
global_termination_time: 1153002.094
local_termination_time: 499461.16536000004
node_cons: 23708.763042233662
tot_aggregated_send: 0
tot_msg_rcv: 12702
tot_msg_sent: 11952
tot_reconf_duration: 6.22
tot_sleeping_duration: 1135302.0818400048
tot_uptimes: 296
tot_uptimes_duration: 17700.01215999527
