comms_cons: 44.087219200210725
finished_reconf: true
global_termination_time: 451467.134
local_termination_time: 148559.04836000004
node_cons: 9245.63198000001
tot_aggregated_send: 6554
tot_msg_rcv: 35
tot_msg_sent: 112
tot_reconf_duration: 4.8100000000000005
tot_sleeping_duration: 444567.134
tot_uptimes: 116
tot_uptimes_duration: 6900.0
