comms_cons: 188.1782783889493
finished_reconf: true
global_termination_time: 1892852.821
local_termination_time: 1596090.7157999994
node_cons: 38892.12405999988
tot_aggregated_send: 26738
tot_msg_rcv: 649
tot_msg_sent: 1215
tot_reconf_duration: 5.57
tot_sleeping_duration: 1863812.821
tot_uptimes: 485
tot_uptimes_duration: 29040.0
