comms_cons: 317.4740861614585
finished_reconf: true
global_termination_time: 1887770.167
local_termination_time: 1119601.2143599999
node_cons: 38810.77640335036
tot_aggregated_send: 0
tot_msg_rcv: 24382
tot_msg_sent: 23873
tot_reconf_duration: 4.8100000000000005
tot_sleeping_duration: 1858790.148760007
tot_uptimes: 484
tot_uptimes_duration: 28980.018239992904
