comms_cons: 192.00079357391581
finished_reconf: true
global_termination_time: 1892105.271
local_termination_time: 1541642.423359999
node_cons: 38895.17955999987
tot_aggregated_send: 24766
tot_msg_rcv: 1513
tot_msg_sent: 2904
tot_reconf_duration: 7.819999999999999
tot_sleeping_duration: 1863065.271
tot_uptimes: 485
tot_uptimes_duration: 29040.0
