comms_cons: 189.3106367867626
finished_reconf: true
global_termination_time: 1886876.9182400003
local_termination_time: 255822.97772000008
node_cons: 38865.727347187094
tot_aggregated_send: 26274
tot_msg_rcv: 811
tot_msg_sent: 1688
tot_reconf_duration: 11.31
tot_sleeping_duration: 1857862.4534400098
tot_uptimes: 484
tot_uptimes_duration: 29014.46479999053
