comms_cons: 187.51440639284303
finished_reconf: true
global_termination_time: 1887230.194
local_termination_time: 503822.64836000005
node_cons: 38811.602081116616
tot_aggregated_send: 27028
tot_msg_rcv: 492
tot_msg_sent: 981
tot_reconf_duration: 5.43
tot_sleeping_duration: 1858250.1879200023
tot_uptimes: 484
tot_uptimes_duration: 28980.006079997635
