comms_cons: 205.2529471772626
finished_reconf: true
global_termination_time: 2006460.39448
local_termination_time: 163429.28128000078
node_cons: 41263.027299173256
tot_aggregated_send: 27144
tot_msg_rcv: 1435
tot_msg_sent: 2617
tot_reconf_duration: 18.21
tot_sleeping_duration: 1975662.5616800196
tot_uptimes: 514
tot_uptimes_duration: 30797.83279998027
