comms_cons: 205.67393917697527
finished_reconf: true
global_termination_time: 2008424.169
local_termination_time: 309096.49836
node_cons: 41302.1909278175
tot_aggregated_send: 26796
tot_msg_rcv: 1443
tot_msg_sent: 3022
tot_reconf_duration: 5.43
tot_sleeping_duration: 1977584.1264400166
tot_uptimes: 515
tot_uptimes_duration: 30840.04255998344
