comms_cons: 277.1669952019671
finished_reconf: true
global_termination_time: 2726349.469
local_termination_time: 378275.83536
node_cons: 56083.37117228446
tot_aggregated_send: 36888
tot_msg_rcv: 1756
tot_msg_sent: 3483
tot_reconf_duration: 4.390000000000001
tot_sleeping_duration: 2684469.402120026
tot_uptimes: 699
tot_uptimes_duration: 41880.06687997421
