comms_cons: 267.7931775999195
finished_reconf: true
global_termination_time: 2726320.483
local_termination_time: 762310.0006799994
node_cons: 56098.15171999899
tot_aggregated_send: 39614
tot_msg_rcv: 405
tot_msg_sent: 684
tot_reconf_duration: 15.34
tot_sleeping_duration: 2684440.483
tot_uptimes: 699
tot_uptimes_duration: 41880.0
