comms_cons: 389.1295804747986
finished_reconf: true
global_termination_time: 1980035.7275999999
local_termination_time: 2729.1813600000005
node_cons: 40770.8341495164
tot_aggregated_send: 0
tot_msg_rcv: 29737
tot_msg_sent: 29405
tot_reconf_duration: 13.17
tot_sleeping_duration: 1949600.3659200023
tot_uptimes: 508
tot_uptimes_duration: 30435.361679997528
