comms_cons: 116.83563517421635
finished_reconf: true
global_termination_time: 939277.4342400001
local_termination_time: 126869.70271999996
node_cons: 19333.715050718823
tot_aggregated_send: 8120
tot_msg_rcv: 3838
tot_msg_sent: 5805
tot_reconf_duration: 18.21
tot_sleeping_duration: 924856.981760001
tot_uptimes: 241
tot_uptimes_duration: 14420.452479999105
