comms_cons: 94.12328959663651
finished_reconf: true
global_termination_time: 941851.933
local_termination_time: 195579.27236000006
node_cons: 19369.50406000004
tot_aggregated_send: 13398
tot_msg_rcv: 333
tot_msg_sent: 575
tot_reconf_duration: 5.57
tot_sleeping_duration: 927391.933
tot_uptimes: 242
tot_uptimes_duration: 14460.0
