comms_cons: 95.84578559555325
finished_reconf: true
global_termination_time: 944040.502
local_termination_time: 129286.47935999995
node_cons: 19396.297400000014
tot_aggregated_send: 12934
tot_msg_rcv: 614
tot_msg_sent: 1020
tot_reconf_duration: 25.299999999999997
tot_sleeping_duration: 929580.502
tot_uptimes: 242
tot_uptimes_duration: 14460.0
