comms_cons: 482.86507524920165
finished_reconf: true
global_termination_time: 4911571.133
local_termination_time: 1885428.114
node_cons: 101024.6041454253
tot_aggregated_send: 68419
tot_msg_rcv: 1606
tot_msg_sent: 3368
tot_reconf_duration: 25.299999999999997
tot_sleeping_duration: 4836148.992040009
tot_uptimes: 1258
tot_uptimes_duration: 75422.14095999114
