comms_cons: 485.8051968812726
finished_reconf: true
global_termination_time: 4908798.641
local_termination_time: 1765980.26436
node_cons: 100994.78650446529
tot_aggregated_send: 67918
tot_msg_rcv: 1871
tot_msg_sent: 4050
tot_reconf_duration: 5.43
tot_sleeping_duration: 4833378.616680008
tot_uptimes: 1258
tot_uptimes_duration: 75420.02431999124
