comms_cons: 272.7532224506509
finished_reconf: true
global_termination_time: 2810116.102
local_termination_time: 6902.041
node_cons: 57859.69996223263
tot_aggregated_send: 38269
tot_msg_rcv: 1094
tot_msg_sent: 2093
tot_reconf_duration: 10.96
tot_sleeping_duration: 2766916.0898400047
tot_uptimes: 720
tot_uptimes_duration: 43200.01215999527
