comms_cons: 103.35015681586414
finished_reconf: true
global_termination_time: 518914.561
local_termination_time: 115.7900400000002
node_cons: 10639.245541121445
tot_aggregated_send: 0
tot_msg_rcv: 8072
tot_msg_sent: 7635
tot_reconf_duration: 25.299999999999997
tot_sleeping_duration: 510994.5549199989
tot_uptimes: 133
tot_uptimes_duration: 7920.006080001069
