comms_cons: 53.612928001349694
finished_reconf: true
global_termination_time: 521712.475
local_termination_time: 35697.93608000003
node_cons: 10703.104860000012
tot_aggregated_send: 7076
tot_msg_rcv: 446
tot_msg_sent: 626
tot_reconf_duration: 13.17
tot_sleeping_duration: 513732.475
tot_uptimes: 134
tot_uptimes_duration: 7980.0
