comms_cons: 52.36945920118084
finished_reconf: true
global_termination_time: 517715.481
local_termination_time: 133057.12360000008
node_cons: 10620.263403364303
tot_aggregated_send: 6844
tot_msg_rcv: 309
tot_msg_sent: 806
tot_reconf_duration: 11.31
tot_sleeping_duration: 509795.4627599968
tot_uptimes: 133
tot_uptimes_duration: 7920.018240003206
