comms_cons: 100.21050241312261
finished_reconf: true
global_termination_time: 441755.7782800003
local_termination_time: 441755.7371600003
node_cons: 9164.817202784909
tot_aggregated_send: 0
tot_msg_rcv: 8608
tot_msg_sent: 6626
tot_reconf_duration: 37.410000000000004
tot_sleeping_duration: 434949.1954399817
tot_uptimes: 114
tot_uptimes_duration: 6806.582840018593
