comms_cons: 87.61326081186073
finished_reconf: true
global_termination_time: 442310.341
local_termination_time: 5597.238360000001
node_cons: 9109.186841121442
tot_aggregated_send: 0
tot_msg_rcv: 6780
tot_msg_sent: 6535
tot_reconf_duration: 22.65
tot_sleeping_duration: 435530.33491999895
tot_uptimes: 114
tot_uptimes_duration: 6780.006080001069
