comms_cons: 44.71287040057063
finished_reconf: true
global_termination_time: 442186.499
local_termination_time: 102588.64519999964
node_cons: 9085.818363362034
tot_aggregated_send: 5974
tot_msg_rcv: 244
tot_msg_sent: 578
tot_reconf_duration: 5.43
tot_sleeping_duration: 435406.48075999855
tot_uptimes: 114
tot_uptimes_duration: 6780.018240001504
