comms_cons: 840.5120961635487
finished_reconf: true
global_termination_time: 8498522.303
local_termination_time: 3927371.05836
node_cons: 174824.0633455797
tot_aggregated_send: 118784
tot_msg_rcv: 2928
tot_msg_sent: 6040
tot_reconf_duration: 3.08
tot_sleeping_duration: 8367962.27260001
tot_uptimes: 2177
tot_uptimes_duration: 130560.03039998934
