comms_cons: 838.1825601960602
finished_reconf: true
global_termination_time: 8498690.323
local_termination_time: 5756089.529359999
node_cons: 174840.40822669593
tot_aggregated_send: 117102
tot_msg_rcv: 3283
tot_msg_sent: 7013
tot_reconf_duration: 15.110000000000001
tot_sleeping_duration: 8368130.286520014
tot_uptimes: 2177
tot_uptimes_duration: 130560.0364799872
