comms_cons: 853.9456578606412
finished_reconf: true
global_termination_time: 8501981.938
local_termination_time: 1104623.6882799994
node_cons: 174910.88911228592
tot_aggregated_send: 116870
tot_msg_rcv: 4215
tot_msg_sent: 8709
tot_reconf_duration: 7.819999999999999
tot_sleeping_duration: 8371361.87112002
tot_uptimes: 2178
tot_uptimes_duration: 130620.06687997904
