comms_cons: 2.5073023999910062
finished_reconf: true
global_termination_time: 13524.308
local_termination_time: 11220.80836
node_cons: 266.42274112000723
tot_aggregated_send: 0
tot_msg_rcv: 256
tot_msg_sent: 125
tot_reconf_duration: 18.700000000000003
tot_sleeping_duration: 13344.301919999996
tot_uptimes: 4
tot_uptimes_duration: 180.00608000000466
