comms_cons: 2.730367999990977
finished_reconf: true
global_termination_time: 12529.121
local_termination_time: 9884.43036
node_cons: 255.89010000000098
tot_aggregated_send: 0
tot_msg_rcv: 251
tot_msg_sent: 164
tot_reconf_duration: 10.95
tot_sleeping_duration: 12349.121
tot_uptimes: 4
tot_uptimes_duration: 180.0
