comms_cons: 103.6223999959159
finished_reconf: true
global_termination_time: 1045771.417
local_termination_time: 580968.74336
node_cons: 21454.921900000096
tot_aggregated_send: 14964
tot_msg_rcv: 266
tot_msg_sent: 520
tot_reconf_duration: 3.05
tot_sleeping_duration: 1029751.417
tot_uptimes: 268
tot_uptimes_duration: 16020.0
