comms_cons: 103.6618751982479
finished_reconf: true
global_termination_time: 1044940.67
local_termination_time: 768440.7196799995
node_cons: 21539.56676000015
tot_aggregated_send: 15138
tot_msg_rcv: 217
tot_msg_sent: 401
tot_reconf_duration: 6.22
tot_sleeping_duration: 1028860.67
tot_uptimes: 268
tot_uptimes_duration: 16080.0
