comms_cons: 107.1422720118939
finished_reconf: true
global_termination_time: 553854.199
local_termination_time: 52402.84636000001
node_cons: 11332.09818224288
tot_aggregated_send: 0
tot_msg_rcv: 8266
tot_msg_sent: 8019
tot_reconf_duration: 3.05
tot_sleeping_duration: 545394.1868399979
tot_uptimes: 142
tot_uptimes_duration: 8460.012160002138
