comms_cons: 107.41223041083109
finished_reconf: true
global_termination_time: 552056.246
local_termination_time: 53137.527360000015
node_cons: 11336.394901121448
tot_aggregated_send: 0
tot_msg_rcv: 8262
tot_msg_sent: 8063
tot_reconf_duration: 6.22
tot_sleeping_duration: 543596.239919999
tot_uptimes: 142
tot_uptimes_duration: 8460.006080001069
