comms_cons: 122.74218238980231
finished_reconf: true
global_termination_time: 1200931.89948
local_termination_time: 1200931.85836
node_cons: 24716.196788798916
tot_aggregated_send: 16110
tot_msg_rcv: 846
tot_msg_sent: 1699
tot_reconf_duration: 24.59
tot_sleeping_duration: 1182498.1402800006
tot_uptimes: 308
tot_uptimes_duration: 18433.759199999156
