comms_cons: 120.76356479197099
finished_reconf: true
global_termination_time: 1205706.975
local_termination_time: 250448.18948000006
node_cons: 24765.63313118671
tot_aggregated_send: 15660
tot_msg_rcv: 851
tot_msg_sent: 1844
tot_reconf_duration: 15.34
tot_sleeping_duration: 1187226.91420001
tot_uptimes: 309
tot_uptimes_duration: 18480.060799990053
