comms_cons: 120.60226559267781
finished_reconf: true
global_termination_time: 1201283.604
local_termination_time: 275275.5023200006
node_cons: 24672.940804476522
tot_aggregated_send: 15660
tot_msg_rcv: 928
tot_msg_sent: 1742
tot_reconf_duration: 6.279999999999999
tot_sleeping_duration: 1182863.5796800025
tot_uptimes: 308
tot_uptimes_duration: 18420.024319997407
