comms_cons: 196.4549119879422
finished_reconf: true
global_termination_time: 1998371.941
local_termination_time: 959332.214999998
node_cons: 41092.901136230576
tot_aggregated_send: 28130
tot_msg_rcv: 569
tot_msg_sent: 1161
tot_reconf_duration: 18.21
tot_sleeping_duration: 1967701.1628400069
tot_uptimes: 512
tot_uptimes_duration: 30670.778159993235
