comms_cons: 203.3616767818776
finished_reconf: true
global_termination_time: 1997721.651
local_termination_time: 437918.02320000017
node_cons: 41062.31708670065
tot_aggregated_send: 27144
tot_msg_rcv: 1397
tot_msg_sent: 2368
tot_reconf_duration: 6.279999999999999
tot_sleeping_duration: 1967061.6145200143
tot_uptimes: 512
tot_uptimes_duration: 30660.036479985807
