comms_cons: 199.7181951886591
finished_reconf: true
global_termination_time: 1999859.21
local_termination_time: 1209792.8914799988
node_cons: 41168.437399999755
tot_aggregated_send: 28420
tot_msg_rcv: 684
tot_msg_sent: 1252
tot_reconf_duration: 25.299999999999997
tot_sleeping_duration: 1969139.21
tot_uptimes: 513
tot_uptimes_duration: 30720.0
