comms_cons: 198.07137279472067
finished_reconf: true
global_termination_time: 1999404.184
local_termination_time: 494465.5144400007
node_cons: 41151.231539999695
tot_aggregated_send: 28942
tot_msg_rcv: 474
tot_msg_sent: 690
tot_reconf_duration: 12.629999999999999
tot_sleeping_duration: 1968684.184
tot_uptimes: 513
tot_uptimes_duration: 30720.0
