comms_cons: 198.5076223836227
finished_reconf: true
global_termination_time: 1996047.723
local_termination_time: 1188099.91136
node_cons: 41064.40840670078
tot_aggregated_send: 26970
tot_msg_rcv: 968
tot_msg_sent: 2234
tot_reconf_duration: 7.819999999999999
tot_sleeping_duration: 1965387.6865200142
tot_uptimes: 512
tot_uptimes_duration: 30660.036479985807
