comms_cons: 203.02668157685648
finished_reconf: true
global_termination_time: 1998216.818
local_termination_time: 423461.02340000035
node_cons: 41061.19535117261
tot_aggregated_send: 27086
tot_msg_rcv: 1211
tot_msg_sent: 2561
tot_reconf_duration: 5.43
tot_sleeping_duration: 1967556.7572000201
tot_uptimes: 512
tot_uptimes_duration: 30660.06079997978
