comms_cons: 457.21174410137706
finished_reconf: true
global_termination_time: 4523302.85
local_termination_time: 2558259.0174399996
node_cons: 93064.51126446557
tot_aggregated_send: 62582
tot_msg_rcv: 2345
tot_msg_sent: 4567
tot_reconf_duration: 22.65
tot_sleeping_duration: 4453822.825680008
tot_uptimes: 1159
tot_uptimes_duration: 69480.02431999124
