comms_cons: 455.4506624858606
finished_reconf: true
global_termination_time: 4523152.302
local_termination_time: 706429.3453599999
node_cons: 93051.6862711677
tot_aggregated_send: 63452
tot_msg_rcv: 2061
tot_msg_sent: 3712
tot_reconf_duration: 13.17
tot_sleeping_duration: 4453672.241200022
tot_uptimes: 1159
tot_uptimes_duration: 69480.06079997774
