comms_cons: 459.1473280870845
finished_reconf: true
global_termination_time: 4527850.316
local_termination_time: 1352606.9729599997
node_cons: 93129.50039116741
tot_aggregated_send: 62408
tot_msg_rcv: 2562
tot_msg_sent: 4816
tot_reconf_duration: 11.31
tot_sleeping_duration: 4458310.255200022
tot_uptimes: 1160
tot_uptimes_duration: 69540.06079997751
