comms_cons: 92.96920959811759
finished_reconf: true
global_termination_time: 931322.204
local_termination_time: 209806.00436000005
node_cons: 19151.678700000022
tot_aggregated_send: 13166
tot_msg_rcv: 346
tot_msg_sent: 617
tot_reconf_duration: 22.65
tot_sleeping_duration: 917042.204
tot_uptimes: 239
tot_uptimes_duration: 14280.0
