comms_cons: 92.42460159745788
finished_reconf: true
global_termination_time: 931391.848
local_termination_time: 418052.3517200005
node_cons: 19126.881619999967
tot_aggregated_send: 13398
tot_msg_rcv: 248
tot_msg_sent: 402
tot_reconf_duration: 4.390000000000001
tot_sleeping_duration: 917111.848
tot_uptimes: 239
tot_uptimes_duration: 14280.0
