comms_cons: 91.39166720021514
finished_reconf: true
global_termination_time: 930219.693
local_termination_time: 891522.7318399998
node_cons: 19131.539560000117
tot_aggregated_send: 13572
tot_msg_rcv: 134
tot_msg_sent: 185
tot_reconf_duration: 7.819999999999999
tot_sleeping_duration: 915939.693
tot_uptimes: 239
tot_uptimes_duration: 14280.0
