comms_cons: 65.79857919994933
finished_reconf: true
global_termination_time: 662123.442
local_termination_time: 11987.553160000001
node_cons: 13584.385800000018
tot_aggregated_send: 9396
tot_msg_rcv: 203
tot_msg_sent: 402
tot_reconf_duration: 5.1
tot_sleeping_duration: 651983.442
tot_uptimes: 170
tot_uptimes_duration: 10140.0
