comms_cons: 65.0222335989772
finished_reconf: true
global_termination_time: 661628.936
local_termination_time: 199802.0406000001
node_cons: 13611.817400000044
tot_aggregated_send: 9570
tot_msg_rcv: 105
tot_msg_sent: 208
tot_reconf_duration: 25.299999999999997
tot_sleeping_duration: 651488.936
tot_uptimes: 170
tot_uptimes_duration: 10140.0
