comms_cons: 65.67322879949036
finished_reconf: true
global_termination_time: 667040.623
local_termination_time: 57596.70548000002
node_cons: 13678.327521121451
tot_aggregated_send: 9512
tot_msg_rcv: 135
tot_msg_sent: 334
tot_reconf_duration: 15.110000000000001
tot_sleeping_duration: 656840.6169199989
tot_uptimes: 171
tot_uptimes_duration: 10200.006080001069
