comms_cons: 66.49660159910657
finished_reconf: true
global_termination_time: 662668.22
local_termination_time: 29174.826599999997
node_cons: 13602.862741120307
tot_aggregated_send: 9164
tot_msg_rcv: 322
tot_msg_sent: 621
tot_reconf_duration: 18.700000000000003
tot_sleeping_duration: 652528.2139199997
tot_uptimes: 170
tot_uptimes_duration: 10140.006080000217
