comms_cons: 54.607360000341174
finished_reconf: true
global_termination_time: 557116.567
local_termination_time: 340144.07688000094
node_cons: 11412.42190000008
tot_aggregated_send: 8062
tot_msg_rcv: 66
tot_msg_sent: 172
tot_reconf_duration: 3.05
tot_sleeping_duration: 548596.567
tot_uptimes: 143
tot_uptimes_duration: 8520.0
