comms_cons: 215.6883583818837
finished_reconf: true
global_termination_time: 2156163.426
local_termination_time: 6292.196
node_cons: 44382.23555790106
tot_aggregated_send: 28627
tot_msg_rcv: 1351
tot_msg_sent: 2805
tot_reconf_duration: 25.35
tot_sleeping_duration: 2123043.328720014
tot_uptimes: 553
tot_uptimes_duration: 33120.09727998619
