comms_cons: 200.56691199058736
finished_reconf: true
global_termination_time: 2156382.093
local_termination_time: 5235.728
node_cons: 44359.84220670975
tot_aggregated_send: 28875
tot_msg_rcv: 593
tot_msg_sent: 1017
tot_reconf_duration: 8.92
tot_sleeping_duration: 2123262.0565200076
tot_uptimes: 553
tot_uptimes_duration: 33120.036479992676
