comms_cons: 208.6334207875595
finished_reconf: true
global_termination_time: 2158878.481
local_termination_time: 6725.589000000002
node_cons: 44351.50341466858
tot_aggregated_send: 29054
tot_msg_rcv: 966
tot_msg_sent: 1692
tot_reconf_duration: 2.77
tot_sleeping_duration: 2125758.4348800085
tot_uptimes: 553
tot_uptimes_duration: 33120.046119991806
