comms_cons: 1.546111999999113
finished_reconf: true
global_termination_time: 9645.008
local_termination_time: 4702.9803600000005
node_cons: 164.8626399999999
tot_aggregated_send: 0
tot_msg_rcv: 121
tot_msg_sent: 114
tot_reconf_duration: 3.08
tot_sleeping_duration: 9525.008
tot_uptimes: 3
tot_uptimes_duration: 120.0
