comms_cons: 1273.188403499308
finished_reconf: true
global_termination_time: 3053096.004
local_termination_time: 2628631.8235999984
node_cons: 184905.51433650948
tot_aggregated_send: 0
tot_msg_rcv: 78364
tot_msg_sent: 115157
tot_reconf_duration: 5.57
tot_sleeping_duration: 2915009.4093200034
tot_uptimes: 2254
tot_uptimes_duration: 138086.59467999646
