comms_cons: 305.2896512072656
finished_reconf: true
global_termination_time: 3055498.137
local_termination_time: 2625149.8440799993
node_cons: 62860.25368223217
tot_aggregated_send: 42340
tot_msg_rcv: 1411
tot_msg_sent: 2651
tot_reconf_duration: 25.299999999999997
tot_sleeping_duration: 3008578.124840005
tot_uptimes: 783
tot_uptimes_duration: 46920.01215999527
