comms_cons: 305.2146944110808
finished_reconf: true
global_termination_time: 3055224.098
local_termination_time: 266184.78336000006
node_cons: 62856.7119700552
tot_aggregated_send: 42514
tot_msg_rcv: 1216
tot_msg_sent: 2660
tot_reconf_duration: 22.65
tot_sleeping_duration: 3008304.0432800176
tot_uptimes: 783
tot_uptimes_duration: 46920.05471998238
