comms_cons: 305.5304960143753
finished_reconf: true
global_termination_time: 3052959.649
local_termination_time: 2292668.2244799994
node_cons: 62758.37306558471
tot_aggregated_send: 42920
tot_msg_rcv: 1143
tot_msg_sent: 2376
tot_reconf_duration: 9.42
tot_sleeping_duration: 3006099.618600011
tot_uptimes: 782
tot_uptimes_duration: 46860.030399989104
