comms_cons: 173.1849087891191
finished_reconf: true
global_termination_time: 1794998.93
local_termination_time: 1127211.2149199985
node_cons: 36896.916143350485
tot_aggregated_send: 24302
tot_msg_rcv: 577
tot_msg_sent: 1445
tot_reconf_duration: 15.34
tot_sleeping_duration: 1767458.911760007
tot_uptimes: 460
tot_uptimes_duration: 27540.018239992904
