comms_cons: 297.8348800232908
finished_reconf: true
global_termination_time: 2958109.137
local_termination_time: 1084994.3045999997
node_cons: 60848.154982232685
tot_aggregated_send: 40890
tot_msg_rcv: 1379
tot_msg_sent: 2999
tot_reconf_duration: 22.65
tot_sleeping_duration: 2912689.124840005
tot_uptimes: 758
tot_uptimes_duration: 45420.0121599955
