comms_cons: 292.14541439350353
finished_reconf: true
global_termination_time: 2958392.479
local_termination_time: 589105.1173599998
node_cons: 60824.97662446609
tot_aggregated_send: 41702
tot_msg_rcv: 822
tot_msg_sent: 1880
tot_reconf_duration: 5.57
tot_sleeping_duration: 2912972.4546800093
tot_uptimes: 758
tot_uptimes_duration: 45420.02431999054
