comms_cons: 295.1972416175101
finished_reconf: true
global_termination_time: 2958902.988
local_termination_time: 942277.3112799983
node_cons: 60823.92826223258
tot_aggregated_send: 41818
tot_msg_rcv: 959
tot_msg_sent: 2089
tot_reconf_duration: 4.8100000000000005
tot_sleeping_duration: 2913482.9758400046
tot_uptimes: 758
tot_uptimes_duration: 45420.01215999527
