comms_cons: 298.5278144109247
finished_reconf: true
global_termination_time: 2960774.619
local_termination_time: 2757.795880000002
node_cons: 60906.191183349336
tot_aggregated_send: 41528
tot_msg_rcv: 1407
tot_msg_sent: 2440
tot_reconf_duration: 6.22
tot_sleeping_duration: 2915294.600760007
tot_uptimes: 759
tot_uptimes_duration: 45480.0182399929
