comms_cons: 178.0562815883495
finished_reconf: true
global_termination_time: 1760206.827
local_termination_time: 856448.3043599998
node_cons: 36160.58848335033
tot_aggregated_send: 24186
tot_msg_rcv: 963
tot_msg_sent: 1914
tot_reconf_duration: 5.57
tot_sleeping_duration: 1733206.8087600071
tot_uptimes: 451
tot_uptimes_duration: 27000.018239992904
