comms_cons: 383.9430016176749
finished_reconf: true
global_termination_time: 3853848.766
local_termination_time: 1991593.3507199998
node_cons: 79239.96917999799
tot_aggregated_send: 54868
tot_msg_rcv: 1240
tot_msg_sent: 2249
tot_reconf_duration: 18.21
tot_sleeping_duration: 3794688.766
tot_uptimes: 987
tot_uptimes_duration: 59160.0
