comms_cons: 1859.5569565166809
finished_reconf: true
global_termination_time: 3847320.5430399985
local_termination_time: 3847320.5019199983
node_cons: 233349.89579396235
tot_aggregated_send: 0
tot_msg_rcv: 114314
tot_msg_sent: 168327
tot_reconf_duration: 37.410000000000004
tot_sleeping_duration: 3673086.7170400205
tot_uptimes: 2860
tot_uptimes_duration: 174233.82599997817
