comms_cons: 387.09914885083316
finished_reconf: true
global_termination_time: 3848947.426
local_termination_time: 399068.9678800009
node_cons: 79139.14776893336
tot_aggregated_send: 53592
tot_msg_rcv: 1698
tot_msg_sent: 3546
tot_reconf_duration: 3.08
tot_sleeping_duration: 3789847.3773600184
tot_uptimes: 986
tot_uptimes_duration: 59100.04863998154
