comms_cons: 9.759116800027975
finished_reconf: true
global_termination_time: 75362.04247999996
local_termination_time: 75362.00135999997
node_cons: 1595.613078719935
tot_aggregated_send: 522
tot_msg_rcv: 384
tot_msg_sent: 577
tot_reconf_duration: 37.410000000000004
tot_sleeping_duration: 74208.338
tot_uptimes: 20
tot_uptimes_duration: 1153.7044799999567
