comms_cons: 8.027251200030475
finished_reconf: true
global_termination_time: 76197.656
local_termination_time: 38009.80536000001
node_cons: 1534.988239999998
tot_aggregated_send: 696
tot_msg_rcv: 223
tot_msg_sent: 302
tot_reconf_duration: 6.279999999999999
tot_sleeping_duration: 75057.656
tot_uptimes: 20
tot_uptimes_duration: 1140.0
