comms_cons: 10.439244800136377
finished_reconf: true
global_termination_time: 76183.043
local_termination_time: 25099.220720000005
node_cons: 1538.8639444811656
tot_aggregated_send: 290
tot_msg_rcv: 558
tot_msg_sent: 740
tot_reconf_duration: 9.11
tot_sleeping_duration: 75043.01867999914
tot_uptimes: 20
tot_uptimes_duration: 1140.02432000087
