comms_cons: 10.316185600119951
finished_reconf: true
global_termination_time: 79503.302
local_termination_time: 32104.951360000006
node_cons: 1619.6167833608758
tot_aggregated_send: 464
tot_msg_rcv: 411
tot_msg_sent: 693
tot_reconf_duration: 9.42
tot_sleeping_duration: 78303.28375999935
tot_uptimes: 21
tot_uptimes_duration: 1200.0182400006524
