comms_cons: 454.34481899851653
finished_reconf: true
global_termination_time: 940174.9255999998
local_termination_time: 940174.8844799999
node_cons: 57070.91076272285
tot_aggregated_send: 0
tot_msg_rcv: 27903
tot_msg_sent: 41157
tot_reconf_duration: 24.59
tot_sleeping_duration: 897577.825119997
tot_uptimes: 699
tot_uptimes_duration: 42597.10048000284
