comms_cons: 90.43110399824235
finished_reconf: true
global_termination_time: 941921.153
local_termination_time: 410075.2674800005
node_cons: 19379.83300111684
tot_aggregated_send: 12992
tot_msg_rcv: 210
tot_msg_sent: 543
tot_reconf_duration: 13.17
tot_sleeping_duration: 927461.1469200024
tot_uptimes: 242
tot_uptimes_duration: 14460.006079997635
