comms_cons: 94.72074239575545
finished_reconf: true
global_termination_time: 941457.023
local_termination_time: 129566.4835199995
node_cons: 19368.50454447655
tot_aggregated_send: 12760
tot_msg_rcv: 532
tot_msg_sent: 1105
tot_reconf_duration: 4.8100000000000005
tot_sleeping_duration: 926996.9986800026
tot_uptimes: 242
tot_uptimes_duration: 14460.024319997407
