comms_cons: 99.09058559079
finished_reconf: true
global_termination_time: 942537.765
local_termination_time: 53567.771640000086
node_cons: 19366.13074672406
tot_aggregated_send: 11832
tot_msg_rcv: 1187
tot_msg_sent: 2043
tot_reconf_duration: 3.05
tot_sleeping_duration: 928077.728519997
tot_uptimes: 242
tot_uptimes_duration: 14460.036480003007
