comms_cons: 100.74071039075906
finished_reconf: true
global_termination_time: 942242.598
local_termination_time: 91705.48499999974
node_cons: 19372.624688966924
tot_aggregated_send: 11600
tot_msg_rcv: 1342
tot_msg_sent: 2370
tot_reconf_duration: 7.819999999999999
tot_sleeping_duration: 927782.5493599948
tot_uptimes: 242
tot_uptimes_duration: 14460.048640005145
