comms_cons: 91.27289599810035
finished_reconf: true
global_termination_time: 943508.446
local_termination_time: 152415.99348000006
node_cons: 19369.3790689623
tot_aggregated_send: 12122
tot_msg_rcv: 529
tot_msg_sent: 1222
tot_reconf_duration: 5.43
tot_sleeping_duration: 929048.3973599983
tot_uptimes: 242
tot_uptimes_duration: 14460.048640001703
