comms_cons: 128.2924735910213
finished_reconf: true
global_termination_time: 1264436.05324
local_termination_time: 4431.058480000001
node_cons: 25994.96143159376
tot_aggregated_send: 16994
tot_msg_rcv: 907
tot_msg_sent: 1597
tot_reconf_duration: 18.21
tot_sleeping_duration: 1245040.8088400047
tot_uptimes: 324
tot_uptimes_duration: 19395.24439999531
