comms_cons: 126.14300159206306
finished_reconf: true
global_termination_time: 1265650.747
local_termination_time: 326463.59036000003
node_cons: 26064.574387827124
tot_aggregated_send: 16994
tot_msg_rcv: 739
tot_msg_sent: 1440
tot_reconf_duration: 25.299999999999997
tot_sleeping_duration: 1246210.7044400095
tot_uptimes: 325
tot_uptimes_duration: 19440.04255999037
