comms_cons: 128.24947199075504
finished_reconf: true
global_termination_time: 1267441.231
local_termination_time: 486459.81004000077
node_cons: 26042.612791191335
tot_aggregated_send: 15950
tot_msg_rcv: 1259
tot_msg_sent: 2284
tot_reconf_duration: 9.11
tot_sleeping_duration: 1248001.1702000063
tot_uptimes: 325
tot_uptimes_duration: 19440.060799993516
