comms_cons: 128.5818623903889
finished_reconf: true
global_termination_time: 1267467.342
local_termination_time: 394739.26236000005
node_cons: 26047.352245593407
tot_aggregated_send: 16588
tot_msg_rcv: 984
tot_msg_sent: 1972
tot_reconf_duration: 12.629999999999999
tot_sleeping_duration: 1248027.311600005
tot_uptimes: 325
tot_uptimes_duration: 19440.03039999504
