comms_cons: 125.89261439274534
finished_reconf: true
global_termination_time: 1268607.139
local_termination_time: 867513.8814799999
node_cons: 26046.328341116903
tot_aggregated_send: 17980
tot_msg_rcv: 407
tot_msg_sent: 747
tot_reconf_duration: 11.899999999999999
tot_sleeping_duration: 1249167.1329200023
tot_uptimes: 325
tot_uptimes_duration: 19440.006079997635
