comms_cons: 128.75730559212758
finished_reconf: true
global_termination_time: 1264457.95
local_termination_time: 235773.16032000066
node_cons: 25965.219685597993
tot_aggregated_send: 16646
tot_msg_rcv: 959
tot_msg_sent: 1965
tot_reconf_duration: 11.31
tot_sleeping_duration: 1245077.9196000015
tot_uptimes: 324
tot_uptimes_duration: 19380.030399998475
