comms_cons: 344.4151679299695
finished_reconf: true
global_termination_time: 932777.033
local_termination_time: 584291.6295999998
node_cons: 56551.7941603505
tot_aggregated_send: 0
tot_msg_rcv: 21108
tot_msg_sent: 31241
tot_reconf_duration: 18.21
tot_sleeping_duration: 890561.1517600064
tot_uptimes: 696
tot_uptimes_duration: 42215.881239993636
