comms_cons: 59.70624000116071
finished_reconf: true
global_termination_time: 597008.549
local_termination_time: 504887.9109600001
node_cons: 12219.252201121457
tot_aggregated_send: 7830
tot_msg_rcv: 394
tot_msg_sent: 851
tot_reconf_duration: 5.57
tot_sleeping_duration: 587888.5429199989
tot_uptimes: 153
tot_uptimes_duration: 9120.006080001069
