comms_cons: 209.81131518473478
finished_reconf: true
global_termination_time: 2098679.5334799998
local_termination_time: 2098679.4923599996
node_cons: 43211.79820765374
tot_aggregated_send: 29322
tot_msg_rcv: 750
tot_msg_sent: 1818
tot_reconf_duration: 37.410000000000004
tot_sleeping_duration: 2066445.7803600188
tot_uptimes: 538
tot_uptimes_duration: 32233.753119980916
