comms_cons: 215.91333757341306
finished_reconf: true
global_termination_time: 2100291.924
local_termination_time: 281835.33536
node_cons: 43151.19779229391
tot_aggregated_send: 28072
tot_msg_rcv: 1661
tot_msg_sent: 3084
tot_reconf_duration: 6.279999999999999
tot_sleeping_duration: 2068071.8571200194
tot_uptimes: 538
tot_uptimes_duration: 32220.066879980845
