comms_cons: 208.87174399032745
finished_reconf: true
global_termination_time: 2103195.096
local_termination_time: 526560.75536
node_cons: 43257.28554111649
tot_aggregated_send: 30044
tot_msg_rcv: 565
tot_msg_sent: 1139
tot_reconf_duration: 25.299999999999997
tot_sleeping_duration: 2070915.0899200023
tot_uptimes: 539
tot_uptimes_duration: 32280.006079997635
