comms_cons: 205.87632639791937
finished_reconf: true
global_termination_time: 2099740.702
local_termination_time: 1895189.29436
node_cons: 43159.731539999695
tot_aggregated_send: 30450
tot_msg_rcv: 313
tot_msg_sent: 529
tot_reconf_duration: 12.629999999999999
tot_sleeping_duration: 2067520.7020000003
tot_uptimes: 538
tot_uptimes_duration: 32219.99999999994
