comms_cons: 211.18636798174126
finished_reconf: true
global_termination_time: 2099570.058
local_termination_time: 992953.5883599999
node_cons: 43148.63117228478
tot_aggregated_send: 28246
tot_msg_rcv: 1171
tot_msg_sent: 2683
tot_reconf_duration: 4.390000000000001
tot_sleeping_duration: 2067349.9911200262
tot_uptimes: 538
tot_uptimes_duration: 32220.06687997398
