comms_cons: 15.536179199985904
finished_reconf: true
global_termination_time: 3477.421400000001
local_termination_time: 3477.380280000001
node_cons: 1722.2716596000023
tot_aggregated_send: 0
tot_msg_rcv: 1127
tot_msg_sent: 1232
tot_reconf_duration: 37.410000000000004
tot_sleeping_duration: 2229.125
tot_uptimes: 18
tot_uptimes_duration: 1248.296400000001
