comms_cons: 0.7566079999975025
finished_reconf: true
global_termination_time: 5712.115
local_termination_time: 3305.0453600000005
node_cons: 91.32622000000019
tot_aggregated_send: 0
tot_msg_rcv: 64
tot_msg_sent: 51
tot_reconf_duration: 8.09
tot_sleeping_duration: 5652.115
tot_uptimes: 2
tot_uptimes_duration: 60.0
