comms_cons: 70.33725439813485
finished_reconf: true
global_termination_time: 692098.626
local_termination_time: 25946.155920000005
node_cons: 14226.728262238285
tot_aggregated_send: 9512
tot_msg_rcv: 424
tot_msg_sent: 754
tot_reconf_duration: 4.8100000000000005
tot_sleeping_duration: 681478.6138400013
tot_uptimes: 178
tot_uptimes_duration: 10620.012159998703
