comms_cons: 109.90927998942476
finished_reconf: true
global_termination_time: 1058847.7721199999
local_termination_time: 6628.483
node_cons: 21788.52068198353
tot_aggregated_send: 13851
tot_msg_rcv: 1060
tot_msg_sent: 1794
tot_reconf_duration: 10.96
tot_sleeping_duration: 1042586.6541200122
tot_uptimes: 272
tot_uptimes_duration: 16261.117999987677
