comms_cons: 100.78018559518227
finished_reconf: true
global_termination_time: 1059846.077
local_termination_time: 6631.754999999999
node_cons: 21806.58972335053
tot_aggregated_send: 14243
tot_msg_rcv: 384
tot_msg_sent: 691
tot_reconf_duration: 25.35
tot_sleeping_duration: 1043586.0587600071
tot_uptimes: 272
tot_uptimes_duration: 16260.018239992904
