comms_cons: 277.07983998838426
finished_reconf: true
global_termination_time: 2750284.935
local_termination_time: 1150105.4522399977
node_cons: 56563.52632334958
tot_aggregated_send: 38106
tot_msg_rcv: 1413
tot_msg_sent: 2595
tot_reconf_duration: 3.05
tot_sleeping_duration: 2708044.916760007
tot_uptimes: 705
tot_uptimes_duration: 42240.01823999314
