comms_cons: 299.110195181976
finished_reconf: true
global_termination_time: 622504.184
local_termination_time: 185825.85740000082
node_cons: 37656.474879086665
tot_aggregated_send: 0
tot_msg_rcv: 18379
tot_msg_sent: 27085
tot_reconf_duration: 18.21
tot_sleeping_duration: 594399.8182799949
tot_uptimes: 461
tot_uptimes_duration: 28104.36572000511
