comms_cons: 122.56391679195225
finished_reconf: true
global_termination_time: 623295.91
local_termination_time: 187845.85748000006
node_cons: 12780.029761121486
tot_aggregated_send: 0
tot_msg_rcv: 9458
tot_msg_sent: 9171
tot_reconf_duration: 4.390000000000001
tot_sleeping_duration: 613755.9039199989
tot_uptimes: 160
tot_uptimes_duration: 9540.006080001083
