comms_cons: 338.1989696039239
finished_reconf: true
global_termination_time: 3468056.246
local_termination_time: 2642360.6143599995
node_cons: 71376.28554111529
tot_aggregated_send: 48082
tot_msg_rcv: 943
tot_msg_sent: 2377
tot_reconf_duration: 25.299999999999997
tot_sleeping_duration: 3414776.239920002
tot_uptimes: 889
tot_uptimes_duration: 53280.00607999787
