comms_cons: 346.1066496456462
finished_reconf: true
global_termination_time: 3467030.272
local_termination_time: 1567633.1632799983
node_cons: 71272.2239833493
tot_aggregated_send: 47966
tot_msg_rcv: 1499
tot_msg_sent: 3143
tot_reconf_duration: 7.819999999999999
tot_sleeping_duration: 3413810.2537600067
tot_uptimes: 888
tot_uptimes_duration: 53220.01823999314
