comms_cons: 346.51120003357426
finished_reconf: true
global_termination_time: 3467659.041
local_termination_time: 1785863.0133599997
node_cons: 71349.31836334943
tot_aggregated_send: 48314
tot_msg_rcv: 1392
tot_msg_sent: 2961
tot_reconf_duration: 5.43
tot_sleeping_duration: 3414379.022760007
tot_uptimes: 889
tot_uptimes_duration: 53280.01823999337
