comms_cons: 39.79002880182124
finished_reconf: true
global_termination_time: 201124.56572000065
local_termination_time: 2451.7120400000013
node_cons: 4185.2535400808865
tot_aggregated_send: 0
tot_msg_rcv: 3075
tot_msg_sent: 2971
tot_reconf_duration: 22.65
tot_sleeping_duration: 198021.881
tot_uptimes: 52
tot_uptimes_duration: 3102.6847200006596
