comms_cons: 46.422835200357184
finished_reconf: true
global_termination_time: 468157.375
local_termination_time: 297299.74536000006
node_cons: 9583.70044224288
tot_aggregated_send: 6322
tot_msg_rcv: 223
tot_msg_sent: 511
tot_reconf_duration: 15.110000000000001
tot_sleeping_duration: 461015.34283999784
tot_uptimes: 120
tot_uptimes_duration: 7142.032160002156
