comms_cons: 84.66835199763878
finished_reconf: true
global_termination_time: 842308.4194799998
local_termination_time: 842308.3783599999
node_cons: 17324.9005065641
tot_aggregated_send: 11586
tot_msg_rcv: 398
tot_msg_sent: 885
tot_reconf_duration: 24.59
tot_sleeping_duration: 829394.6724399967
tot_uptimes: 216
tot_uptimes_duration: 12913.747040003036
