comms_cons: 82.49561599897388
finished_reconf: true
global_termination_time: 842597.739
local_termination_time: 466868.5407600009
node_cons: 17281.546759999987
tot_aggregated_send: 12122
tot_msg_rcv: 73
tot_msg_sent: 343
tot_reconf_duration: 6.22
tot_sleeping_duration: 829697.739
tot_uptimes: 216
tot_uptimes_duration: 12900.0
