comms_cons: 387.17681928675074
finished_reconf: true
global_termination_time: 3791860.129
local_termination_time: 967593.3423599999
node_cons: 78031.02056669998
tot_aggregated_send: 51620
tot_msg_rcv: 2535
tot_msg_sent: 4695
tot_reconf_duration: 15.34
tot_sleeping_duration: 3733600.092520014
tot_uptimes: 972
tot_uptimes_duration: 58260.036479986506
