comms_cons: 153.76311039411647
finished_reconf: true
global_termination_time: 1545881.458
local_termination_time: 635182.4893599999
node_cons: 31765.066841116914
tot_aggregated_send: 21692
tot_msg_rcv: 534
tot_msg_sent: 1146
tot_reconf_duration: 22.65
tot_sleeping_duration: 1522181.4519200025
tot_uptimes: 396
tot_uptimes_duration: 23700.006079997635
