comms_cons: 157.6131967864997
finished_reconf: true
global_termination_time: 1547151.463
local_termination_time: 482765.13436000096
node_cons: 31825.702737508596
tot_aggregated_send: 21054
tot_msg_rcv: 986
tot_msg_sent: 1917
tot_reconf_duration: 6.22
tot_sleeping_duration: 1523389.5093200086
tot_uptimes: 397
tot_uptimes_duration: 23761.95367999148
