comms_cons: 2.1908735999969813
finished_reconf: true
global_termination_time: 16305.143
local_termination_time: 10072.61136
node_cons: 352.11869999999954
tot_aggregated_send: 0
tot_msg_rcv: 178
tot_msg_sent: 155
tot_reconf_duration: 22.65
tot_sleeping_duration: 16065.143
tot_uptimes: 5
tot_uptimes_duration: 240.0
