comms_cons: 303.86595841220935
finished_reconf: true
global_termination_time: 3076551.329
local_termination_time: 381970.42136000004
node_cons: 63234.16896781688
tot_aggregated_send: 43210
tot_msg_rcv: 939
tot_msg_sent: 2037
tot_reconf_duration: 4.8100000000000005
tot_sleeping_duration: 3029331.2864400162
tot_uptimes: 788
tot_uptimes_duration: 47220.042559983674
