comms_cons: 304.6832063994524
finished_reconf: true
global_termination_time: 3078657.272
local_termination_time: 1605643.8564799996
node_cons: 63312.09446446613
tot_aggregated_send: 42224
tot_msg_rcv: 1353
tot_msg_sent: 2733
tot_reconf_duration: 3.05
tot_sleeping_duration: 3031377.247680009
tot_uptimes: 789
tot_uptimes_duration: 47280.02431999077
