comms_cons: 384.27036803850626
finished_reconf: true
global_termination_time: 3838278.531
local_termination_time: 703107.369
node_cons: 78919.33158781646
tot_aggregated_send: 53880
tot_msg_rcv: 1497
tot_msg_sent: 3031
tot_reconf_duration: 18.700000000000003
tot_sleeping_duration: 3779358.488440016
tot_uptimes: 983
tot_uptimes_duration: 58920.04255998391
