comms_cons: 385.47667203169885
finished_reconf: true
global_termination_time: 3837311.396
local_termination_time: 591690.9110799987
node_cons: 78900.50153228884
tot_aggregated_send: 53012
tot_msg_rcv: 1913
tot_msg_sent: 3666
tot_reconf_duration: 4.8100000000000005
tot_sleeping_duration: 3778391.329120022
tot_uptimes: 983
tot_uptimes_duration: 58920.06687997811
