comms_cons: 377.4881792058168
finished_reconf: true
global_termination_time: 3838072.42
local_termination_time: 1243336.08836
node_cons: 78909.27968558324
tot_aggregated_send: 53070
tot_msg_rcv: 1580
tot_msg_sent: 2726
tot_reconf_duration: 11.31
tot_sleeping_duration: 3779152.389600011
tot_uptimes: 983
tot_uptimes_duration: 58920.03039998887
