comms_cons: 30.047206400539558
finished_reconf: true
global_termination_time: 300224.167
local_termination_time: 124211.74359999994
node_cons: 6123.733001121434
tot_aggregated_send: 4002
tot_msg_rcv: 170
tot_msg_sent: 395
tot_reconf_duration: 13.17
tot_sleeping_duration: 295664.16091999895
tot_uptimes: 77
tot_uptimes_duration: 4560.006080001069
