comms_cons: 94.62988799815145
finished_reconf: true
global_termination_time: 959939.609
local_termination_time: 117396.44735999996
node_cons: 19717.665541121445
tot_aggregated_send: 13746
tot_msg_rcv: 202
tot_msg_sent: 435
tot_reconf_duration: 25.299999999999997
tot_sleeping_duration: 945239.6029199989
tot_uptimes: 246
tot_uptimes_duration: 14700.006080001069
