comms_cons: 94.35888639673978
finished_reconf: true
global_termination_time: 955284.671
local_termination_time: 166479.9622400005
node_cons: 19611.40676000003
tot_aggregated_send: 13514
tot_msg_rcv: 251
tot_msg_sent: 577
tot_reconf_duration: 6.22
tot_sleeping_duration: 940644.671
tot_uptimes: 245
tot_uptimes_duration: 14640.0
