comms_cons: 94.19503359842474
finished_reconf: true
global_termination_time: 952951.2034799998
local_termination_time: 952951.1623599998
node_cons: 19654.719800960407
tot_aggregated_send: 13848
tot_msg_rcv: 171
tot_msg_sent: 298
tot_reconf_duration: 24.59
tot_sleeping_duration: 938297.4868399994
tot_uptimes: 245
tot_uptimes_duration: 14653.716640000275
