comms_cons: 93.67491839848897
finished_reconf: true
global_termination_time: 954041.56
local_termination_time: 176716.41199999998
node_cons: 19614.12695208139
tot_aggregated_send: 13802
tot_msg_rcv: 88
tot_msg_sent: 348
tot_reconf_duration: 5.43
tot_sleeping_duration: 939398.727279999
tot_uptimes: 245
tot_uptimes_duration: 14642.832720001024
