comms_cons: 78.90801919724632
finished_reconf: true
global_termination_time: 782778.031
local_termination_time: 114185.42947999996
node_cons: 16074.54012112149
tot_aggregated_send: 10846
tot_msg_rcv: 393
tot_msg_sent: 754
tot_reconf_duration: 4.8100000000000005
tot_sleeping_duration: 770778.0249199988
tot_uptimes: 201
tot_uptimes_duration: 12000.006080001098
