comms_cons: 79.79253759567916
finished_reconf: true
global_termination_time: 783769.098
local_termination_time: 73715.04047999997
node_cons: 16073.986043364315
tot_aggregated_send: 10614
tot_msg_rcv: 526
tot_msg_sent: 988
tot_reconf_duration: 4.390000000000001
tot_sleeping_duration: 771769.0797599969
tot_uptimes: 201
tot_uptimes_duration: 12000.018240003206
