comms_cons: 77.69377280006496
finished_reconf: true
global_termination_time: 782187.3722400003
local_termination_time: 81502.58835999995
node_cons: 16129.068681598663
tot_aggregated_send: 10846
tot_msg_rcv: 308
tot_msg_sent: 654
tot_reconf_duration: 3.05
tot_sleeping_duration: 770144.8578400012
tot_uptimes: 201
tot_uptimes_duration: 12042.514399998996
