comms_cons: 92.13477119781625
finished_reconf: true
global_termination_time: 927176.493
local_termination_time: 473372.01048000006
node_cons: 19047.12826223369
tot_aggregated_send: 13050
tot_msg_rcv: 311
tot_msg_sent: 643
tot_reconf_duration: 4.8100000000000005
tot_sleeping_duration: 912956.4808400047
tot_uptimes: 238
tot_uptimes_duration: 14220.012159995269
