comms_cons: 23.44826880288231
finished_reconf: true
global_termination_time: 292480.251
local_termination_time: 1722.8891200000003
node_cons: 5954.790922242867
tot_aggregated_send: 0
tot_msg_rcv: 288
tot_msg_sent: 3276
tot_reconf_duration: 7.08
tot_sleeping_duration: 288040.23883999785
tot_uptimes: 75
tot_uptimes_duration: 4440.0121600021375
