comms_cons: 1707.5782294206724
finished_reconf: true
global_termination_time: 3529499.199999998
local_termination_time: 3529499.199999998
node_cons: 214443.45113659298
tot_aggregated_send: 0
tot_msg_rcv: 104848
tot_msg_sent: 154697
tot_reconf_duration: 37.410000000000004
tot_sleeping_duration: 3369385.1982400273
tot_uptimes: 2629
tot_uptimes_duration: 160114.00175997062
