comms_cons: 350.59315202498357
finished_reconf: true
global_termination_time: 3531808.793
local_termination_time: 1995782.20036
node_cons: 72638.3787844664
tot_aggregated_send: 49706
tot_msg_rcv: 1319
tot_msg_sent: 2263
tot_reconf_duration: 8.09
tot_sleeping_duration: 3477568.768680009
tot_uptimes: 905
tot_uptimes_duration: 54240.024319991004
