comms_cons: 355.86593285775103
finished_reconf: true
global_termination_time: 3532275.14
local_termination_time: 561644.5593599998
node_cons: 72644.58481005108
tot_aggregated_send: 48604
tot_msg_rcv: 1768
tot_msg_sent: 3718
tot_reconf_duration: 12.629999999999999
tot_sleeping_duration: 3478035.0852800207
tot_uptimes: 905
tot_uptimes_duration: 54240.05471997964
