comms_cons: 358.0462976549071
finished_reconf: true
global_termination_time: 3531155.888
local_termination_time: 1192987.6722399988
node_cons: 72635.86374781707
tot_aggregated_send: 48430
tot_msg_rcv: 1985
tot_msg_sent: 4007
tot_reconf_duration: 6.22
tot_sleeping_duration: 3476915.8454400157
tot_uptimes: 905
tot_uptimes_duration: 54240.04255998414
