comms_cons: 58.733145601009376
finished_reconf: true
global_termination_time: 580362.371
local_termination_time: 213405.79936000006
node_cons: 11921.111264485731
tot_aggregated_send: 7888
tot_msg_rcv: 359
tot_msg_sent: 680
tot_reconf_duration: 22.65
tot_sleeping_duration: 571482.3466799958
tot_uptimes: 149
tot_uptimes_duration: 8880.024320004275
