comms_cons: 60.3516287995042
finished_reconf: true
global_termination_time: 579561.16548
local_termination_time: 95120.75459999994
node_cons: 11918.4878421679
tot_aggregated_send: 7192
tot_msg_rcv: 574
tot_msg_sent: 1406
tot_reconf_duration: 5.57
tot_sleeping_duration: 570665.7780399941
tot_uptimes: 149
tot_uptimes_duration: 8895.3874400059
