comms_cons: 59.14105600025907
finished_reconf: true
global_termination_time: 580416.508
local_termination_time: 235824.93736000007
node_cons: 11924.726246724025
tot_aggregated_send: 7830
tot_msg_rcv: 421
tot_msg_sent: 739
tot_reconf_duration: 25.299999999999997
tot_sleeping_duration: 571536.471519997
tot_uptimes: 149
tot_uptimes_duration: 8880.036480002978
