comms_cons: 58.81684480063128
finished_reconf: true
global_termination_time: 583498.103
local_termination_time: 252556.09836000006
node_cons: 11991.524284485735
tot_aggregated_send: 8062
tot_msg_rcv: 307
tot_msg_sent: 570
tot_reconf_duration: 15.34
tot_sleeping_duration: 574558.0786799957
tot_uptimes: 150
tot_uptimes_duration: 8940.024320004275
