comms_cons: 273.6700992201699
finished_reconf: true
global_termination_time: 2809792.743
local_termination_time: 5189.502
node_cons: 57851.67414781742
tot_aggregated_send: 38739
tot_msg_rcv: 1005
tot_msg_sent: 1852
tot_reconf_duration: 5.02
tot_sleeping_duration: 2766592.700440016
tot_uptimes: 720
tot_uptimes_duration: 43200.04255998391
