comms_cons: 275.4370048160558
finished_reconf: true
global_termination_time: 2810996.581
local_termination_time: 6561.836
node_cons: 57859.756950051094
tot_aggregated_send: 38965
tot_msg_rcv: 1032
tot_msg_sent: 1867
tot_reconf_duration: 10.96
tot_sleeping_duration: 2767796.526280021
tot_uptimes: 720
tot_uptimes_duration: 43200.054719979176
