comms_cons: 273.3065472174267
finished_reconf: true
global_termination_time: 2808295.757
local_termination_time: 3934.5510000000004
node_cons: 57854.91432893458
tot_aggregated_send: 38852
tot_msg_rcv: 916
tot_msg_sent: 1773
tot_reconf_duration: 7.3999999999999995
tot_sleeping_duration: 2765095.7083600187
tot_uptimes: 720
tot_uptimes_duration: 43200.048639981775
