comms_cons: 277.5820544168696
finished_reconf: true
global_termination_time: 2809947.962
local_termination_time: 6985.428
node_cons: 57853.6215267006
tot_aggregated_send: 39085
tot_msg_rcv: 1117
tot_msg_sent: 1989
tot_reconf_duration: 6.46
tot_sleeping_duration: 2766747.9255200136
tot_uptimes: 720
tot_uptimes_duration: 43200.03647998627
