comms_cons: 71.64748799752978
finished_reconf: true
global_termination_time: 706963.284
local_termination_time: 475664.1068800004
node_cons: 14550.011183350478
tot_aggregated_send: 9744
tot_msg_rcv: 392
tot_msg_sent: 754
tot_reconf_duration: 6.22
tot_sleeping_duration: 696103.2657600071
tot_uptimes: 182
tot_uptimes_duration: 10860.018239992904
