comms_cons: 72.27327359575452
finished_reconf: true
global_termination_time: 704751.755
local_termination_time: 372499.83924000093
node_cons: 14468.71651671637
tot_aggregated_send: 9164
tot_msg_rcv: 596
tot_msg_sent: 1224
tot_reconf_duration: 5.43
tot_sleeping_duration: 693951.6485200027
tot_uptimes: 181
tot_uptimes_duration: 10800.106479997281
