comms_cons: 54.50867200064644
finished_reconf: true
global_termination_time: 546064.957
local_termination_time: 396390.38136000006
node_cons: 11192.005462242907
tot_aggregated_send: 7656
tot_msg_rcv: 238
tot_msg_sent: 391
tot_reconf_duration: 18.21
tot_sleeping_duration: 537724.9448399979
tot_uptimes: 140
tot_uptimes_duration: 8340.01216000214
