comms_cons: 56.842969600899266
finished_reconf: true
global_termination_time: 547027.802
local_termination_time: 272069.6243600001
node_cons: 11254.1564033643
tot_aggregated_send: 7192
tot_msg_rcv: 518
tot_msg_sent: 930
tot_reconf_duration: 4.8100000000000005
tot_sleeping_duration: 538627.7837599968
tot_uptimes: 141
tot_uptimes_duration: 8400.018240003204
