comms_cons: 56.140313600865454
finished_reconf: true
global_termination_time: 543935.342
local_termination_time: 372952.98436000047
node_cons: 11173.246043364246
tot_aggregated_send: 7308
tot_msg_rcv: 472
tot_msg_sent: 753
tot_reconf_duration: 4.390000000000001
tot_sleeping_duration: 535595.3237599968
tot_uptimes: 140
tot_uptimes_duration: 8340.018240003206
