comms_cons: 56.14689280080712
finished_reconf: true
global_termination_time: 544050.48
local_termination_time: 330596.0503600001
node_cons: 11171.434464481203
tot_aggregated_send: 7192
tot_msg_rcv: 468
tot_msg_sent: 874
tot_reconf_duration: 3.05
tot_sleeping_duration: 535710.4556799991
tot_uptimes: 140
tot_uptimes_duration: 8340.02432000084
