comms_cons: 380.93498881378264
finished_reconf: true
global_termination_time: 3920238.333
local_termination_time: 1634239.6873599999
node_cons: 80596.41968558254
tot_aggregated_send: 54114
tot_msg_rcv: 1142
tot_msg_sent: 2643
tot_reconf_duration: 11.31
tot_sleeping_duration: 3860058.3026000117
tot_uptimes: 1004
tot_uptimes_duration: 60180.030399988405
