comms_cons: 569.2449473477869
finished_reconf: true
global_termination_time: 5640289.703
local_termination_time: 716262.1964799998
node_cons: 116017.00303116666
tot_aggregated_send: 77720
tot_msg_rcv: 2989
tot_msg_sent: 5812
tot_reconf_duration: 4.390000000000001
tot_sleeping_duration: 5553649.642200022
tot_uptimes: 1445
tot_uptimes_duration: 86640.06079997774
