comms_cons: 568.7988609346799
finished_reconf: true
global_termination_time: 5643843.834
local_termination_time: 1627679.52
node_cons: 116107.2602418072
tot_aggregated_send: 78064
tot_msg_rcv: 2909
tot_msg_sent: 5481
tot_reconf_duration: 7.819999999999999
tot_sleeping_duration: 5557139.845440022
tot_uptimes: 1446
tot_uptimes_duration: 86703.98855997808
