comms_cons: 567.7319105523618
finished_reconf: true
global_termination_time: 5643757.743
local_termination_time: 2001988.2795199982
node_cons: 116099.81188893295
tot_aggregated_send: 77256
tot_msg_rcv: 3052
tot_msg_sent: 5984
tot_reconf_duration: 6.22
tot_sleeping_duration: 5557057.694360017
tot_uptimes: 1446
tot_uptimes_duration: 86700.04863998247
