comms_cons: 35.23819520055112
finished_reconf: true
global_termination_time: 352541.935
local_termination_time: 174945.64336000005
node_cons: 7243.433226282976
tot_aggregated_send: 4814
tot_msg_rcv: 140
tot_msg_sent: 403
tot_reconf_duration: 9.42
tot_sleeping_duration: 347141.90447999776
tot_uptimes: 91
tot_uptimes_duration: 5400.030520002234
