comms_cons: 35.211878400745235
finished_reconf: true
global_termination_time: 350615.434
local_termination_time: 310008.7105200004
node_cons: 7158.731183362838
tot_aggregated_send: 4756
tot_msg_rcv: 191
tot_msg_sent: 405
tot_reconf_duration: 6.22
tot_sleeping_duration: 345275.41575999785
tot_uptimes: 90
tot_uptimes_duration: 5340.018240002142
