comms_cons: 131.01189118033903
finished_reconf: true
global_termination_time: 1250299.9174799998
local_termination_time: 1250299.8763599999
node_cons: 25778.099618864206
tot_aggregated_send: 15924
tot_msg_rcv: 1349
tot_msg_sent: 2639
tot_reconf_duration: 37.410000000000004
tot_sleeping_duration: 1231086.1035600116
tot_uptimes: 321
tot_uptimes_duration: 19213.81391998817
