comms_cons: 128.43976958389624
finished_reconf: true
global_termination_time: 1250300.68124
local_termination_time: 270802.38536
node_cons: 25737.571852775858
tot_aggregated_send: 16240
tot_msg_rcv: 1004
tot_msg_sent: 2278
tot_reconf_duration: 5.1
tot_sleeping_duration: 1231084.3660400182
tot_uptimes: 321
tot_uptimes_duration: 19216.315199981967
