comms_cons: 128.36802559125076
finished_reconf: true
global_termination_time: 1250335.07
local_termination_time: 348254.98836
node_cons: 25743.214387827047
tot_aggregated_send: 16298
tot_msg_rcv: 1078
tot_msg_sent: 2136
tot_reconf_duration: 25.299999999999997
tot_sleeping_duration: 1231135.0274400096
tot_uptimes: 321
tot_uptimes_duration: 19200.04255999031
