comms_cons: 128.52295678835333
finished_reconf: true
global_termination_time: 1252718.552
local_termination_time: 179261.22632000066
node_cons: 25726.733706710405
tot_aggregated_send: 16588
tot_msg_rcv: 1033
tot_msg_sent: 1914
tot_reconf_duration: 13.17
tot_sleeping_duration: 1233518.5155200071
tot_uptimes: 321
tot_uptimes_duration: 19200.036479992792
