comms_cons: 66.29464320679737
finished_reconf: true
global_termination_time: 326400.755
local_termination_time: 3283.4973600000003
node_cons: 6689.06800224287
tot_aggregated_send: 0
tot_msg_rcv: 5263
tot_msg_sent: 4811
tot_reconf_duration: 15.34
tot_sleeping_duration: 321420.74283999787
tot_uptimes: 84
tot_uptimes_duration: 4980.0121600021375
