comms_cons: 1.4342655999994829
finished_reconf: true
global_termination_time: 11913.015
local_termination_time: 5006.86236
node_cons: 275.37740000000025
tot_aggregated_send: 0
tot_msg_rcv: 123
tot_msg_sent: 95
tot_reconf_duration: 25.299999999999997
tot_sleeping_duration: 11733.015
tot_uptimes: 4
tot_uptimes_duration: 180.0
