comms_cons: 1.460582399995175
finished_reconf: true
global_termination_time: 9106.849
local_termination_time: 6601.655360000001
node_cons: 178.5648600000001
tot_aggregated_send: 0
tot_msg_rcv: 117
tot_msg_sent: 104
tot_reconf_duration: 13.17
tot_sleeping_duration: 8986.849
tot_uptimes: 3
tot_uptimes_duration: 120.0
