comms_cons: 1.5243519999970276
finished_reconf: true
global_termination_time: 15206.964
local_termination_time: 5304.84036
node_cons: 258.17154000000016
tot_aggregated_send: 0
tot_msg_rcv: 125
tot_msg_sent: 107
tot_reconf_duration: 12.629999999999999
tot_sleeping_duration: 15026.964
tot_uptimes: 4
tot_uptimes_duration: 180.0
