comms_cons: 1.493478399999287
finished_reconf: true
global_termination_time: 14961.234
local_termination_time: 4652.34136
node_cons: 257.18020000000075
tot_aggregated_send: 0
tot_msg_rcv: 120
tot_msg_sent: 107
tot_reconf_duration: 11.899999999999999
tot_sleeping_duration: 14781.234
tot_uptimes: 4
tot_uptimes_duration: 180.0
