comms_cons: 234.05897598351692
finished_reconf: true
global_termination_time: 2366006.753
local_termination_time: 574868.5423599998
node_cons: 48611.71046670038
tot_aggregated_send: 32306
tot_msg_rcv: 945
tot_msg_sent: 2324
tot_reconf_duration: 4.390000000000001
tot_sleeping_duration: 2329706.716520014
tot_uptimes: 606
tot_uptimes_duration: 36300.03647998581
