comms_cons: 62.12080639937221
finished_reconf: true
global_termination_time: 614543.031
local_termination_time: 339317.3573600001
node_cons: 12617.530041121512
tot_aggregated_send: 8584
tot_msg_rcv: 337
tot_msg_sent: 521
tot_reconf_duration: 3.05
tot_sleeping_duration: 605123.0249199988
tot_uptimes: 158
tot_uptimes_duration: 9420.006080001069
