comms_cons: 60.989184000013154
finished_reconf: true
global_termination_time: 613139.5011200003
local_termination_time: 18772.89148
node_cons: 12671.92024968041
tot_aggregated_send: 8642
tot_msg_rcv: 230
tot_msg_sent: 398
tot_reconf_duration: 6.22
tot_sleeping_duration: 603682.09
tot_uptimes: 158
tot_uptimes_duration: 9457.411120000295
