comms_cons: 2.217190399994785
finished_reconf: true
global_termination_time: 17667.588
local_termination_time: 7138.96248
node_cons: 346.0891800000013
tot_aggregated_send: 0
tot_msg_rcv: 178
tot_msg_sent: 159
tot_reconf_duration: 18.21
tot_sleeping_duration: 17427.588
tot_uptimes: 5
tot_uptimes_duration: 240.0
