comms_cons: 2.217190399994785
finished_reconf: true
global_termination_time: 17044.877
local_termination_time: 3944.9313600000005
node_cons: 352.1187000000001
tot_aggregated_send: 0
tot_msg_rcv: 181
tot_msg_sent: 156
tot_reconf_duration: 22.65
tot_sleeping_duration: 16804.877
tot_uptimes: 5
tot_uptimes_duration: 240.0
