comms_cons: 557.9151873502552
finished_reconf: true
global_termination_time: 5573802.791
local_termination_time: 1900033.0863599998
node_cons: 114736.22097116742
tot_aggregated_send: 76618
tot_msg_rcv: 2769
tot_msg_sent: 5412
tot_reconf_duration: 7.819999999999999
tot_sleeping_duration: 5488122.730200022
tot_uptimes: 1428
tot_uptimes_duration: 85680.06079997821
