comms_cons: 556.4086913044423
finished_reconf: true
global_termination_time: 5575025.393
local_termination_time: 2243287.15536
node_cons: 114652.61092781644
tot_aggregated_send: 77952
tot_msg_rcv: 2232
tot_msg_sent: 4385
tot_reconf_duration: 5.43
tot_sleeping_duration: 5489405.350440016
tot_uptimes: 1428
tot_uptimes_duration: 85620.04255998484
