comms_cons: 33.65323520040344
finished_reconf: true
global_termination_time: 331029.294
local_termination_time: 89997.8463999995
node_cons: 6756.132201121428
tot_aggregated_send: 4466
tot_msg_rcv: 246
tot_msg_sent: 404
tot_reconf_duration: 5.57
tot_sleeping_duration: 325989.2879199989
tot_uptimes: 85
tot_uptimes_duration: 5040.006080001069
