comms_cons: 32.35713280013704
finished_reconf: true
global_termination_time: 330527.833
local_termination_time: 136785.09636000005
node_cons: 6766.453001121456
tot_aggregated_send: 4640
tot_msg_rcv: 57
tot_msg_sent: 222
tot_reconf_duration: 13.17
tot_sleeping_duration: 325487.8269199989
tot_uptimes: 85
tot_uptimes_duration: 5040.006080001069
