comms_cons: 9.72335360009446
finished_reconf: true
global_termination_time: 96133.614
local_termination_time: 53114.51192000006
node_cons: 1935.7240599999989
tot_aggregated_send: 870
tot_msg_rcv: 201
tot_msg_sent: 407
tot_reconf_duration: 5.57
tot_sleeping_duration: 94693.614
tot_uptimes: 25
tot_uptimes_duration: 1440.0
