comms_cons: 9.888537599928235
finished_reconf: true
global_termination_time: 99338.221
local_termination_time: 68783.86511999943
node_cons: 2012.6500411191348
tot_aggregated_send: 986
tot_msg_rcv: 166
tot_msg_sent: 350
tot_reconf_duration: 3.05
tot_sleeping_duration: 97838.21492000064
tot_uptimes: 26
tot_uptimes_duration: 1500.0060799993662
