comms_cons: 11.888614399977307
finished_reconf: true
global_termination_time: 99003.762
local_termination_time: 56495.10236000001
node_cons: 2019.1277011191503
tot_aggregated_send: 870
tot_msg_rcv: 363
tot_msg_sent: 574
tot_reconf_duration: 7.819999999999999
tot_sleeping_duration: 97503.75592000064
tot_uptimes: 26
tot_uptimes_duration: 1500.0060799993662
