comms_cons: 11.191500799961819
finished_reconf: true
global_termination_time: 96127.757
local_termination_time: 40914.27236000001
node_cons: 1936.6230422405833
tot_aggregated_send: 754
tot_msg_rcv: 314
tot_msg_sent: 632
tot_reconf_duration: 6.22
tot_sleeping_duration: 94687.74483999956
tot_uptimes: 25
tot_uptimes_duration: 1440.012160000435
