comms_cons: 128.37713279420853
finished_reconf: true
global_termination_time: 1281783.647
local_termination_time: 934651.7865199982
node_cons: 26357.489761116896
tot_aggregated_send: 17864
tot_msg_rcv: 608
tot_msg_sent: 1040
tot_reconf_duration: 4.390000000000001
tot_sleeping_duration: 1262103.6409200025
tot_uptimes: 329
tot_uptimes_duration: 19680.006079997635
