comms_cons: 87.52073599591535
finished_reconf: true
global_termination_time: 878051.024
local_termination_time: 544450.2465599995
node_cons: 18026.92684111689
tot_aggregated_send: 12238
tot_msg_rcv: 328
tot_msg_sent: 736
tot_reconf_duration: 22.65
tot_sleeping_duration: 864611.0179200023
tot_uptimes: 225
tot_uptimes_duration: 13440.006079997635
