comms_cons: 171.07921913367008
finished_reconf: true
global_termination_time: 873648.7096
local_termination_time: 2192.95536
node_cons: 17942.350909516717
tot_aggregated_send: 0
tot_msg_rcv: 13062
tot_msg_sent: 12939
tot_reconf_duration: 4.390000000000001
tot_sleeping_duration: 860253.3479200024
tot_uptimes: 224
tot_uptimes_duration: 13395.361679997528
