comms_cons: 3.0066943999900633
finished_reconf: true
global_termination_time: 12346.527
local_termination_time: 7231.6993600000005
node_cons: 258.9048600000001
tot_aggregated_send: 0
tot_msg_rcv: 292
tot_msg_sent: 165
tot_reconf_duration: 13.17
tot_sleeping_duration: 12166.527
tot_uptimes: 4
tot_uptimes_duration: 180.0
