comms_cons: 2.8751103999904983
finished_reconf: true
global_termination_time: 14607.376
local_termination_time: 8030.76436
node_cons: 255.89009999999973
tot_aggregated_send: 0
tot_msg_rcv: 273
tot_msg_sent: 164
tot_reconf_duration: 10.95
tot_sleeping_duration: 14427.376
tot_uptimes: 4
tot_uptimes_duration: 180.0
