comms_cons: 99.40701439740938
finished_reconf: true
global_termination_time: 1003875.1301200001
local_termination_time: 60449.03248000001
node_cons: 20674.269171918415
tot_aggregated_send: 14268
tot_msg_rcv: 258
tot_msg_sent: 584
tot_reconf_duration: 4.8100000000000005
tot_sleeping_duration: 988439.9268400014
tot_uptimes: 258
tot_uptimes_duration: 15435.203279998794
