comms_cons: 63.96956159369056
finished_reconf: true
global_termination_time: 649248.08
local_termination_time: 3047.80112
node_cons: 13346.0709222406
tot_aggregated_send: 0
tot_msg_rcv: 100
tot_msg_sent: 9623
tot_reconf_duration: 7.08
tot_sleeping_duration: 639288.0678399996
tot_uptimes: 167
tot_uptimes_duration: 9960.012160000435
