comms_cons: 87.00334080067536
finished_reconf: true
global_termination_time: 874102.622
local_termination_time: 354303.4509600006
node_cons: 17922.351980000025
tot_aggregated_send: 12238
tot_msg_rcv: 348
tot_msg_sent: 638
tot_reconf_duration: 4.8100000000000005
tot_sleeping_duration: 860722.622
tot_uptimes: 224
tot_uptimes_duration: 13380.0
