comms_cons: 163.14442239351473
finished_reconf: true
global_termination_time: 1649493.543
local_termination_time: 794770.6305199992
node_cons: 33937.83740000006
tot_aggregated_send: 23780
tot_msg_rcv: 345
tot_msg_sent: 672
tot_reconf_duration: 25.299999999999997
tot_sleeping_duration: 1624173.543
tot_uptimes: 423
tot_uptimes_duration: 25320.0
