comms_cons: 40.07390720052204
finished_reconf: true
global_termination_time: 398718.949
local_termination_time: 38143.97020000003
node_cons: 8210.038979999985
tot_aggregated_send: 5510
tot_msg_rcv: 185
tot_msg_sent: 396
tot_reconf_duration: 11.31
tot_sleeping_duration: 392598.949
tot_uptimes: 103
tot_uptimes_duration: 6119.9999999999845
