comms_cons: 86.32483839435378
finished_reconf: true
global_termination_time: 855824.409
local_termination_time: 514138.1101200009
node_cons: 17654.15845703174
tot_aggregated_send: 11020
tot_msg_rcv: 712
tot_msg_sent: 1388
tot_reconf_duration: 25.299999999999997
tot_sleeping_duration: 842665.4836400062
tot_uptimes: 220
tot_uptimes_duration: 13158.925359993824
