comms_cons: 87.8076735919159
finished_reconf: true
global_termination_time: 855870.073
local_termination_time: 174431.0944800001
node_cons: 17612.40184783626
tot_aggregated_send: 11368
tot_msg_rcv: 648
tot_msg_sent: 1330
tot_reconf_duration: 13.17
tot_sleeping_duration: 842730.0304400028
tot_uptimes: 220
tot_uptimes_duration: 13140.042559997179
