comms_cons: 89.58385279471057
finished_reconf: true
global_termination_time: 854411.254
local_termination_time: 378448.4818000003
node_cons: 17605.50320783168
tot_aggregated_send: 10962
tot_msg_rcv: 948
tot_msg_sent: 1707
tot_reconf_duration: 8.09
tot_sleeping_duration: 841271.2114400062
tot_uptimes: 219
tot_uptimes_duration: 13140.042559993744
