comms_cons: 85.31662079761705
finished_reconf: true
global_termination_time: 854679.444
local_termination_time: 270516.97836
node_cons: 17522.631888962238
tot_aggregated_send: 10846
tot_msg_rcv: 738
tot_msg_sent: 1384
tot_reconf_duration: 6.22
tot_sleeping_duration: 841599.3953599983
tot_uptimes: 219
tot_uptimes_duration: 13080.048640001682
