comms_cons: 131.72874239743132
finished_reconf: true
global_termination_time: 1337989.196
local_termination_time: 780631.4773199996
node_cons: 27484.808240000082
tot_aggregated_send: 19488
tot_msg_rcv: 191
tot_msg_sent: 343
tot_reconf_duration: 6.279999999999999
tot_sleeping_duration: 1317469.196
tot_uptimes: 343
tot_uptimes_duration: 20520.0
