comms_cons: 133.43275519398932
finished_reconf: true
global_termination_time: 1338976.202
local_termination_time: 478168.76336000004
node_cons: 27483.844060000054
tot_aggregated_send: 19140
tot_msg_rcv: 450
tot_msg_sent: 691
tot_reconf_duration: 5.57
tot_sleeping_duration: 1318456.202
tot_uptimes: 343
tot_uptimes_duration: 20520.0
