comms_cons: 135.69036158999342
finished_reconf: true
global_termination_time: 1336361.103
local_termination_time: 323385.52636
node_cons: 27482.282325584143
tot_aggregated_send: 18328
tot_msg_rcv: 783
tot_msg_sent: 1513
tot_reconf_duration: 4.390000000000001
tot_sleeping_duration: 1315841.0726000117
tot_uptimes: 343
tot_uptimes_duration: 20520.030399988173
