comms_cons: 135.78152958820664
finished_reconf: true
global_termination_time: 1335536.958
local_termination_time: 115071.06147999997
node_cons: 27486.940265584213
tot_aggregated_send: 18386
tot_msg_rcv: 799
tot_msg_sent: 1453
tot_reconf_duration: 7.819999999999999
tot_sleeping_duration: 1315016.927600012
tot_uptimes: 343
tot_uptimes_duration: 20520.030399988173
