comms_cons: 64.08140800674428
finished_reconf: true
global_termination_time: 314727.5677200001
local_termination_time: 314727.5266000001
node_cons: 6479.094343681312
tot_aggregated_send: 0
tot_msg_rcv: 5087
tot_msg_sent: 4651
tot_reconf_duration: 24.59
tot_sleeping_duration: 309913.7505999991
tot_uptimes: 81
tot_uptimes_duration: 4813.817120000966
