comms_cons: 152.82726401561987
finished_reconf: true
global_termination_time: 314728.0854800002
local_termination_time: 2450.602040000001
node_cons: 19305.42910420305
tot_aggregated_send: 0
tot_msg_rcv: 9332
tot_msg_sent: 13895
tot_reconf_duration: 18.21
tot_sleeping_duration: 300328.75767999794
tot_uptimes: 236
tot_uptimes_duration: 14399.327800002255
