comms_cons: 119.57100799377214
finished_reconf: true
global_termination_time: 1175791.444
local_termination_time: 15682.829600000001
node_cons: 24192.983983364327
tot_aggregated_send: 15834
tot_msg_rcv: 718
tot_msg_sent: 1622
tot_reconf_duration: 7.819999999999999
tot_sleeping_duration: 1157731.4257599965
tot_uptimes: 302
tot_uptimes_duration: 18060.018240003206
