comms_cons: 449.1390144661992
finished_reconf: true
global_termination_time: 518895.1846000001
local_termination_time: 518895.1434800001
node_cons: 51949.01793420954
tot_aggregated_send: 0
tot_msg_rcv: 30788
tot_msg_sent: 37476
tot_reconf_duration: 24.59
tot_sleeping_duration: 480123.24679999246
tot_uptimes: 629
tot_uptimes_duration: 38771.93780000764
