comms_cons: 103.52640001561002
finished_reconf: true
global_termination_time: 521618.287
local_termination_time: 3031.8053600000003
node_cons: 10719.593682242876
tot_aggregated_send: 0
tot_msg_rcv: 8037
tot_msg_sent: 7697
tot_reconf_duration: 25.299999999999997
tot_sleeping_duration: 513638.2748399979
tot_uptimes: 134
tot_uptimes_duration: 7980.0121600021375
