comms_cons: 53.851379201462564
finished_reconf: true
global_termination_time: 520202.646
local_termination_time: 20002.14248
node_cons: 10700.595262240593
tot_aggregated_send: 6728
tot_msg_rcv: 478
tot_msg_sent: 980
tot_reconf_duration: 11.31
tot_sleeping_duration: 512222.63383999956
tot_uptimes: 134
tot_uptimes_duration: 7980.012160000435
