comms_cons: 217.6142463960925
finished_reconf: true
global_termination_time: 2192066.895
local_termination_time: 1087653.4281999988
node_cons: 45091.57171999963
tot_aggregated_send: 31436
tot_msg_rcv: 552
tot_msg_sent: 1088
tot_reconf_duration: 15.34
tot_sleeping_duration: 2158406.895
tot_uptimes: 562
tot_uptimes_duration: 33660.0
