comms_cons: 54.22244480090158
finished_reconf: true
global_termination_time: 529255.212
local_termination_time: 286355.35936000006
node_cons: 10856.527701121455
tot_aggregated_send: 7134
tot_msg_rcv: 417
tot_msg_sent: 690
tot_reconf_duration: 7.819999999999999
tot_sleeping_duration: 521155.205919999
tot_uptimes: 136
tot_uptimes_duration: 8100.006080001069
