comms_cons: 54.87859200131658
finished_reconf: true
global_termination_time: 529762.163
local_termination_time: 50032.62536000001
node_cons: 10854.363042240599
tot_aggregated_send: 6844
tot_msg_rcv: 511
tot_msg_sent: 985
tot_reconf_duration: 6.22
tot_sleeping_duration: 521662.1508399995
tot_uptimes: 136
tot_uptimes_duration: 8100.012160000435
