comms_cons: 53.79153920127535
finished_reconf: true
global_termination_time: 526509.023
local_termination_time: 86555.51183999967
node_cons: 10780.927121121462
tot_aggregated_send: 7076
tot_msg_rcv: 413
tot_msg_sent: 687
tot_reconf_duration: 11.31
tot_sleeping_duration: 518469.016919999
tot_uptimes: 135
tot_uptimes_duration: 8040.006080001069
