comms_cons: 1.0000383999966977
finished_reconf: true
global_termination_time: 5911.852
local_termination_time: 2307.92636
node_cons: 88.86823999999964
tot_aggregated_send: 0
tot_msg_rcv: 96
tot_msg_sent: 54
tot_reconf_duration: 6.279999999999999
tot_sleeping_duration: 5851.852
tot_uptimes: 2
tot_uptimes_duration: 60.0
