comms_cons: 119.22386559598753
finished_reconf: true
global_termination_time: 1207906.296
local_termination_time: 819078.5543599998
node_cons: 24845.620085584178
tot_aggregated_send: 16356
tot_msg_rcv: 646
tot_msg_sent: 1119
tot_reconf_duration: 15.110000000000001
tot_sleeping_duration: 1189366.265600012
tot_uptimes: 310
tot_uptimes_duration: 18540.030399988173
