comms_cons: 121.98682879464666
finished_reconf: true
global_termination_time: 1207464.80612
local_termination_time: 162455.1256000001
node_cons: 24878.923037879802
tot_aggregated_send: 16298
tot_msg_rcv: 799
tot_msg_sent: 1443
tot_reconf_duration: 22.65
tot_sleeping_duration: 1188907.5512000003
tot_uptimes: 310
tot_uptimes_duration: 18557.254919999832
