comms_cons: 122.85998078965005
finished_reconf: true
global_termination_time: 1209659.571
local_termination_time: 488651.24180000066
node_cons: 24851.48445167281
tot_aggregated_send: 16414
tot_msg_rcv: 819
tot_msg_sent: 1441
tot_reconf_duration: 18.700000000000003
tot_sleeping_duration: 1191118.8018800055
tot_uptimes: 310
tot_uptimes_duration: 18540.76911999465
