comms_cons: 120.85235199608209
finished_reconf: true
global_termination_time: 1209961.82
local_termination_time: 584586.658
node_cons: 24849.280872878422
tot_aggregated_send: 16646
tot_msg_rcv: 635
tot_msg_sent: 1087
tot_reconf_duration: 11.899999999999999
tot_sleeping_duration: 1191415.8000800014
tot_uptimes: 310
tot_uptimes_duration: 18546.01991999877
