comms_cons: 237.56912625386613
finished_reconf: true
global_termination_time: 1210191.762
local_termination_time: 703.0894799999991
node_cons: 24829.210041116872
tot_aggregated_send: 0
tot_msg_rcv: 18177
tot_msg_sent: 17931
tot_reconf_duration: 3.05
tot_sleeping_duration: 1191651.7559200025
tot_uptimes: 310
tot_uptimes_duration: 18540.006079997635
