comms_cons: 237.7262335864993
finished_reconf: true
global_termination_time: 2439097.315
local_termination_time: 1130489.3834799998
node_cons: 50140.704522233
tot_aggregated_send: 33988
tot_msg_rcv: 674
tot_msg_sent: 1471
tot_reconf_duration: 6.279999999999999
tot_sleeping_duration: 2401657.3028400047
tot_uptimes: 625
tot_uptimes_duration: 37440.01215999527
