comms_cons: 246.80183681218742
finished_reconf: true
global_termination_time: 2438938.421
local_termination_time: 157621.91340000037
node_cons: 50150.10998893398
tot_aggregated_send: 33582
tot_msg_rcv: 1323
tot_msg_sent: 2608
tot_reconf_duration: 13.17
tot_sleeping_duration: 2401498.372360019
tot_uptimes: 625
tot_uptimes_duration: 37440.048639981076
