comms_cons: 240.20548478956977
finished_reconf: true
global_termination_time: 2438496.73
local_termination_time: 432824.1188400001
node_cons: 50138.71640334979
tot_aggregated_send: 34336
tot_msg_rcv: 719
tot_msg_sent: 1454
tot_reconf_duration: 4.8100000000000005
tot_sleeping_duration: 2401056.711760007
tot_uptimes: 625
tot_uptimes_duration: 37440.0182399929
