comms_cons: 256.71870720198314
finished_reconf: true
global_termination_time: 2580325.339
local_termination_time: 420226.25160000013
node_cons: 53045.248002232875
tot_aggregated_send: 36656
tot_msg_rcv: 837
tot_msg_sent: 1526
tot_reconf_duration: 15.34
tot_sleeping_duration: 2540725.326840005
tot_uptimes: 661
tot_uptimes_duration: 39600.01215999527
