comms_cons: 1245.1531521623458
finished_reconf: true
global_termination_time: 2579845.4815999996
local_termination_time: 2579845.4404799994
node_cons: 156155.85498799436
tot_aggregated_send: 0
tot_msg_rcv: 76621
tot_msg_sent: 112634
tot_reconf_duration: 24.59
tot_sleeping_duration: 2463249.1696
tot_uptimes: 1904
tot_uptimes_duration: 116596.31199999974
