comms_cons: 13.060000000045942
finished_reconf: true
global_termination_time: 85074.512
local_termination_time: 187.48448000000002
node_cons: 1711.9017444805997
tot_aggregated_send: 348
tot_msg_rcv: 795
tot_msg_sent: 844
tot_reconf_duration: 18.21
tot_sleeping_duration: 83814.48767999955
tot_uptimes: 22
tot_uptimes_duration: 1260.024320000448
