comms_cons: 166.56560638878773
finished_reconf: true
global_termination_time: 1682583.824
local_termination_time: 374046.722600001
node_cons: 34592.42280799014
tot_aggregated_send: 23142
tot_msg_rcv: 774
tot_msg_sent: 1401
tot_reconf_duration: 18.21
tot_sleeping_duration: 1656767.7720000073
tot_uptimes: 431
tot_uptimes_duration: 25816.051999992633
