comms_cons: 164.7958015969055
finished_reconf: true
global_termination_time: 1678736.06
local_termination_time: 795123.9478399988
node_cons: 34474.388240000015
tot_aggregated_send: 24186
tot_msg_rcv: 285
tot_msg_sent: 577
tot_reconf_duration: 6.279999999999999
tot_sleeping_duration: 1652996.06
tot_uptimes: 430
tot_uptimes_duration: 25740.0
