comms_cons: 166.5985023955662
finished_reconf: true
global_termination_time: 1678555.5234799997
local_termination_time: 1678555.4823599998
node_cons: 34517.61980096264
tot_aggregated_send: 24114
tot_msg_rcv: 445
tot_msg_sent: 762
tot_reconf_duration: 24.59
tot_sleeping_duration: 1652801.8068399976
tot_uptimes: 430
tot_uptimes_duration: 25753.716640001978
