comms_cons: 134.01893119764733
finished_reconf: true
global_termination_time: 1346841.179
local_termination_time: 677237.425
node_cons: 27651.818072397
tot_aggregated_send: 19079
tot_msg_rcv: 423
tot_msg_sent: 869
tot_reconf_duration: 8.09
tot_sleeping_duration: 1326198.2874000021
tot_uptimes: 345
tot_uptimes_duration: 20642.89159999776
