comms_cons: 138.00529918544711
finished_reconf: true
global_termination_time: 1349128.869
local_termination_time: 502015.01096000016
node_cons: 27723.929673402028
tot_aggregated_send: 18270
tot_msg_rcv: 955
tot_msg_sent: 1751
tot_reconf_duration: 4.8100000000000005
tot_sleeping_duration: 1328428.7960400283
tot_uptimes: 346
tot_uptimes_duration: 20700.072959971614
