comms_cons: 72.46393599989902
finished_reconf: true
global_termination_time: 728616.651
local_termination_time: 489427.0803600001
node_cons: 14967.969180000051
tot_aggregated_send: 10034
tot_msg_rcv: 330
tot_msg_sent: 650
tot_reconf_duration: 18.21
tot_sleeping_duration: 717456.651
tot_uptimes: 187
tot_uptimes_duration: 11160.0
