comms_cons: 73.03569919677244
finished_reconf: true
global_termination_time: 728719.176
local_termination_time: 123782.35759999994
node_cons: 14961.14114224288
tot_aggregated_send: 10208
tot_msg_rcv: 323
tot_msg_sent: 570
tot_reconf_duration: 13.17
tot_sleeping_duration: 717559.1638399978
tot_uptimes: 187
tot_uptimes_duration: 11160.012160002138
