comms_cons: 73.45739519873024
finished_reconf: true
global_termination_time: 728615.193
local_termination_time: 123775.45767999986
node_cons: 14958.631544485761
tot_aggregated_send: 9744
tot_msg_rcv: 440
tot_msg_sent: 982
tot_reconf_duration: 11.31
tot_sleeping_duration: 717455.1686799957
tot_uptimes: 187
tot_uptimes_duration: 11160.024320004275
