comms_cons: 112.3536255980599
finished_reconf: true
global_termination_time: 1155377.228
local_termination_time: 4934.038
node_cons: 23705.67224112147
tot_aggregated_send: 16467
tot_msg_rcv: 196
tot_msg_sent: 414
tot_reconf_duration: 3.95
tot_sleeping_duration: 1137677.221919999
tot_uptimes: 296
tot_uptimes_duration: 17700.00608000107
