comms_cons: 111.90716159907804
finished_reconf: true
global_termination_time: 1151991.127
local_termination_time: 6383.721
node_cons: 23708.13565999988
tot_aggregated_send: 16349
tot_msg_rcv: 227
tot_msg_sent: 432
tot_reconf_duration: 5.77
tot_sleeping_duration: 1134291.1270000003
tot_uptimes: 296
tot_uptimes_duration: 17699.999999999884
