comms_cons: 478.2223104581011
finished_reconf: true
global_termination_time: 4815091.54
local_termination_time: 3570426.6213599998
node_cons: 99083.94917999713
tot_aggregated_send: 68962
tot_msg_rcv: 1309
tot_msg_sent: 2416
tot_reconf_duration: 18.21
tot_sleeping_duration: 4741111.54
tot_uptimes: 1234
tot_uptimes_duration: 73980.0
