comms_cons: 484.58126088304414
finished_reconf: true
global_termination_time: 4818308.701
local_termination_time: 1265301.26636
node_cons: 99071.6524919385
tot_aggregated_send: 67338
tot_msg_rcv: 2138
tot_msg_sent: 4177
tot_reconf_duration: 9.11
tot_sleeping_duration: 4744328.655360014
tot_uptimes: 1234
tot_uptimes_duration: 73980.04563998594
