comms_cons: 489.6554625136517
finished_reconf: true
global_termination_time: 4814958.962
local_termination_time: 1912936.9537999986
node_cons: 99074.11452334856
tot_aggregated_send: 65714
tot_msg_rcv: 2913
tot_msg_sent: 5796
tot_reconf_duration: 10.95
tot_sleeping_duration: 4740978.943760007
tot_uptimes: 1234
tot_uptimes_duration: 73980.01823999337
