comms_cons: 480.1871616584369
finished_reconf: true
global_termination_time: 4816313.56
local_termination_time: 1933311.5559999992
node_cons: 99075.38019999737
tot_aggregated_send: 68614
tot_msg_rcv: 1481
tot_msg_sent: 2889
tot_reconf_duration: 11.899999999999999
tot_sleeping_duration: 4742333.56
tot_uptimes: 1234
tot_uptimes_duration: 73980.0
