comms_cons: 482.6068480690007
finished_reconf: true
global_termination_time: 4815304.056
local_termination_time: 2923695.4009599984
node_cons: 99063.41888781631
tot_aggregated_send: 66410
tot_msg_rcv: 2406
tot_msg_sent: 4534
tot_reconf_duration: 3.05
tot_sleeping_duration: 4741324.013440015
tot_uptimes: 1234
tot_uptimes_duration: 73980.0425599846
