comms_cons: 480.10540167824024
finished_reconf: true
global_termination_time: 4817442.42
local_termination_time: 1325628.5765999998
node_cons: 99069.88840669951
tot_aggregated_send: 66352
tot_msg_rcv: 2323
tot_msg_sent: 4297
tot_reconf_duration: 7.819999999999999
tot_sleeping_duration: 4743462.383520014
tot_uptimes: 1234
tot_uptimes_duration: 73980.03647998674
