comms_cons: 483.7263488971793
finished_reconf: true
global_termination_time: 4816707.94
local_termination_time: 525596.7693599998
node_cons: 99080.13313116702
tot_aggregated_send: 66352
tot_msg_rcv: 2296
tot_msg_sent: 4874
tot_reconf_duration: 15.34
tot_sleeping_duration: 4742727.879200024
tot_uptimes: 1234
tot_uptimes_duration: 73980.06079997751
