comms_cons: 493.30538251766603
finished_reconf: true
global_termination_time: 4884388.593
local_termination_time: 448332.02420000057
node_cons: 100431.02674893757
tot_aggregated_send: 66990
tot_msg_rcv: 2758
tot_msg_sent: 5230
tot_reconf_duration: 4.390000000000001
tot_sleeping_duration: 4809388.544360015
tot_uptimes: 1251
tot_uptimes_duration: 75000.04863998544
