comms_cons: 282.96265603209264
finished_reconf: true
global_termination_time: 2808099.882
local_termination_time: 7441.2390000000005
node_cons: 57852.84473005569
tot_aggregated_send: 38738
tot_msg_rcv: 1360
tot_msg_sent: 2910
tot_reconf_duration: 5.87
tot_sleeping_duration: 2764899.8272800175
tot_uptimes: 720
tot_uptimes_duration: 43200.05471998261
