comms_cons: 282.9136768200222
finished_reconf: true
global_termination_time: 2809988.286
local_termination_time: 5781.768
node_cons: 57877.36477117284
tot_aggregated_send: 38721
tot_msg_rcv: 1311
tot_msg_sent: 2968
tot_reconf_duration: 23.919999999999998
tot_sleeping_duration: 2766788.2252000193
tot_uptimes: 720
tot_uptimes_duration: 43200.06079998048
