comms_cons: 159.98891521269076
finished_reconf: true
global_termination_time: 551967.9896399992
local_termination_time: 2467.434040000001
node_cons: 22342.29012695892
tot_aggregated_send: 0
tot_msg_rcv: 8207
tot_msg_sent: 16110
tot_reconf_duration: 4.390000000000001
tot_sleeping_duration: 535286.639
tot_uptimes: 278
tot_uptimes_duration: 16681.35063999917
