comms_cons: 35.65989120233287
finished_reconf: true
global_termination_time: 291888.4547200001
local_termination_time: 291888.4136000001
node_cons: 5997.115884136144
tot_aggregated_send: 2712
tot_msg_rcv: 1092
tot_msg_sent: 1615
tot_reconf_duration: 24.59
tot_sleeping_duration: 287434.591639988
tot_uptimes: 75
tot_uptimes_duration: 4453.8630800120445
