comms_cons: 30.218265600253478
finished_reconf: true
global_termination_time: 293847.765
local_termination_time: 99939.16043999988
node_cons: 6031.469761121437
tot_aggregated_send: 4002
tot_msg_rcv: 246
tot_msg_sent: 345
tot_reconf_duration: 4.390000000000001
tot_sleeping_duration: 289347.75891999895
tot_uptimes: 76
tot_uptimes_duration: 4500.006080001069
