comms_cons: 60.429951999928285
finished_reconf: true
global_termination_time: 598106.39924
local_termination_time: 92939.65815999954
node_cons: 12343.07734784236
tot_aggregated_send: 8120
tot_msg_rcv: 370
tot_msg_sent: 695
tot_reconf_duration: 18.21
tot_sleeping_duration: 588906.7366799983
tot_uptimes: 154
tot_uptimes_duration: 9199.662560001743
