comms_cons: 61.4088576000412
finished_reconf: true
global_termination_time: 598420.736
local_termination_time: 237750.46436000004
node_cons: 12322.803123359703
tot_aggregated_send: 8120
tot_msg_rcv: 472
tot_msg_sent: 741
tot_reconf_duration: 22.65
tot_sleeping_duration: 589240.7177600003
tot_uptimes: 154
tot_uptimes_duration: 9180.018239999772
