comms_cons: 117.24134399903372
finished_reconf: true
global_termination_time: 599473.544
local_termination_time: 493229.8686000001
node_cons: 12302.639560000025
tot_aggregated_send: 0
tot_msg_rcv: 8950
tot_msg_sent: 8870
tot_reconf_duration: 7.819999999999999
tot_sleeping_duration: 590293.544
tot_uptimes: 154
tot_uptimes_duration: 9180.0
