comms_cons: 59.240371199908466
finished_reconf: true
global_termination_time: 600046.204
local_termination_time: 240347.15636000005
node_cons: 12300.47490112145
tot_aggregated_send: 8526
tot_msg_rcv: 134
tot_msg_sent: 344
tot_reconf_duration: 6.22
tot_sleeping_duration: 590866.197919999
tot_uptimes: 154
tot_uptimes_duration: 9180.006080001069
