comms_cons: 68.41052159861584
finished_reconf: true
global_termination_time: 689828.118
local_termination_time: 409027.7067200006
node_cons: 14164.569180000048
tot_aggregated_send: 9918
tot_msg_rcv: 207
tot_msg_sent: 273
tot_reconf_duration: 18.21
tot_sleeping_duration: 679268.118
tot_uptimes: 177
tot_uptimes_duration: 10560.0
