comms_cons: 332.3386303408152
finished_reconf: true
global_termination_time: 689101.0174799978
local_termination_time: 689101.0174799978
node_cons: 41680.92867731677
tot_aggregated_send: 0
tot_msg_rcv: 20471
tot_msg_sent: 30042
tot_reconf_duration: 24.59
tot_sleeping_duration: 657997.5556000001
tot_uptimes: 511
tot_uptimes_duration: 31103.461879997813
