comms_cons: 68.36446719945829
finished_reconf: true
global_termination_time: 689889.528
local_termination_time: 424325.17948000005
node_cons: 14148.303042238244
tot_aggregated_send: 9744
tot_msg_rcv: 184
tot_msg_sent: 463
tot_reconf_duration: 6.22
tot_sleeping_duration: 679329.5158400013
tot_uptimes: 177
tot_uptimes_duration: 10560.012159998703
