comms_cons: 179.70249592476858
finished_reconf: true
global_termination_time: 900244.875
local_termination_time: 758.3073599999999
node_cons: 18502.93732111687
tot_aggregated_send: 0
tot_msg_rcv: 13982
tot_msg_sent: 13330
tot_reconf_duration: 18.21
tot_sleeping_duration: 886444.8689200024
tot_uptimes: 231
tot_uptimes_duration: 13800.006079997642
