comms_cons: 92.60223999320266
finished_reconf: true
global_termination_time: 897828.397
local_termination_time: 54083.77740000017
node_cons: 18404.41640335972
tot_aggregated_send: 11890
tot_msg_rcv: 792
tot_msg_sent: 1393
tot_reconf_duration: 4.8100000000000005
tot_sleeping_duration: 884088.3787600002
tot_uptimes: 230
tot_uptimes_duration: 13740.018239999772
