comms_cons: 40.251916800407194
finished_reconf: true
global_termination_time: 424076.155
local_termination_time: 99719.48435999997
node_cons: 8685.183042242874
tot_aggregated_send: 5626
tot_msg_rcv: 116
tot_msg_sent: 377
tot_reconf_duration: 6.22
tot_sleeping_duration: 417596.1428399979
tot_uptimes: 109
tot_uptimes_duration: 6480.0121600021375
