comms_cons: 41.79900160030494
finished_reconf: true
global_termination_time: 423924.931
local_termination_time: 99766.18347999998
node_cons: 8692.095262242889
tot_aggregated_send: 5916
tot_msg_rcv: 152
tot_msg_sent: 285
tot_reconf_duration: 11.31
tot_sleeping_duration: 417444.91883999784
tot_uptimes: 109
tot_uptimes_duration: 6480.0121600021375
