comms_cons: 22.940697600081972
finished_reconf: true
global_termination_time: 233170.963
local_termination_time: 43740.539360000104
node_cons: 4764.7891800000025
tot_aggregated_send: 3248
tot_msg_rcv: 81
tot_msg_sent: 157
tot_reconf_duration: 18.21
tot_sleeping_duration: 229630.963
tot_uptimes: 60
tot_uptimes_duration: 3540.0
