comms_cons: 66.87910400343378
finished_reconf: true
global_termination_time: 229384.4835600003
local_termination_time: 1075.9480400000014
node_cons: 9388.267036840442
tot_aggregated_send: 0
tot_msg_rcv: 3405
tot_msg_sent: 6758
tot_reconf_duration: 6.22
tot_sleeping_duration: 222379.39
tot_uptimes: 117
tot_uptimes_duration: 7005.093560000321
