comms_cons: 141.19329277031477
finished_reconf: true
global_termination_time: 721012.8926799996
local_termination_time: 2095.21248
node_cons: 14831.155316639688
tot_aggregated_send: 0
tot_msg_rcv: 10778
tot_msg_sent: 10680
tot_reconf_duration: 11.31
tot_sleeping_duration: 709948.0709199997
tot_uptimes: 185
tot_uptimes_duration: 11064.821759999752
