comms_cons: 500.79617240710115
finished_reconf: true
global_termination_time: 1718963.583
local_termination_time: 355591.6675200009
node_cons: 70162.72685727954
tot_aggregated_send: 0
tot_msg_rcv: 25510
tot_msg_sent: 50609
tot_reconf_duration: 18.21
tot_sleeping_duration: 1666582.7034799992
tot_uptimes: 869
tot_uptimes_duration: 52380.87952000078
