comms_cons: 74.14309120003948
finished_reconf: true
global_termination_time: 762080.1690000003
local_termination_time: 606494.45136
node_cons: 15753.400610000574
tot_aggregated_send: 11078
tot_msg_rcv: 37
tot_msg_sent: 155
tot_reconf_duration: 25.299999999999997
tot_sleeping_duration: 750340.779
tot_uptimes: 196
tot_uptimes_duration: 11739.390000000363
