comms_cons: 25.7312511998257
finished_reconf: true
global_termination_time: 260866.93748000008
local_termination_time: 260866.89636000007
node_cons: 5354.183518720115
tot_aggregated_send: 3698
tot_msg_rcv: 90
tot_msg_sent: 122
tot_reconf_duration: 24.59
tot_sleeping_duration: 256893.233
tot_uptimes: 67
tot_uptimes_duration: 3973.704480000073
