comms_cons: 0.8421376000018777
finished_reconf: true
global_termination_time: 4182.171
local_termination_time: 1615.0593600000004
node_cons: 98.22486000000009
tot_aggregated_send: 0
tot_msg_rcv: 82
tot_msg_sent: 46
tot_reconf_duration: 13.17
tot_sleeping_duration: 4122.171
tot_uptimes: 2
tot_uptimes_duration: 60.0
