comms_cons: 0.8224000000018337
finished_reconf: true
global_termination_time: 7205.451
local_termination_time: 1441.2743600000001
node_cons: 91.32621999999989
tot_aggregated_send: 0
tot_msg_rcv: 71
tot_msg_sent: 53
tot_reconf_duration: 8.09
tot_sleeping_duration: 7145.451
tot_uptimes: 2
tot_uptimes_duration: 60.0
