comms_cons: 95.47077119658407
finished_reconf: true
global_termination_time: 933798.474
local_termination_time: 229185.41636000006
node_cons: 19226.021744476544
tot_aggregated_send: 12586
tot_msg_rcv: 658
tot_msg_sent: 1267
tot_reconf_duration: 18.21
tot_sleeping_duration: 919458.4496800026
tot_uptimes: 240
tot_uptimes_duration: 14340.024319997407
