comms_cons: 92.29959679891508
finished_reconf: true
global_termination_time: 932485.862
local_termination_time: 115071.06147999997
node_cons: 19131.547701121468
tot_aggregated_send: 13108
tot_msg_rcv: 325
tot_msg_sent: 595
tot_reconf_duration: 7.819999999999999
tot_sleeping_duration: 918205.8559199988
tot_uptimes: 239
tot_uptimes_duration: 14280.006080001069
