comms_cons: 107.16858879696164
finished_reconf: true
global_termination_time: 1062502.35848
local_termination_time: 1062502.31736
node_cons: 21921.690066559513
tot_aggregated_send: 14880
tot_msg_rcv: 525
tot_msg_sent: 883
tot_reconf_duration: 37.410000000000004
tot_sleeping_duration: 1046168.6114400002
tot_uptimes: 273
tot_uptimes_duration: 16333.747039999602
