comms_cons: 108.36300799523514
finished_reconf: true
global_termination_time: 1067455.268
local_termination_time: 661308.8473599999
node_cons: 21950.012245593396
tot_aggregated_send: 14558
tot_msg_rcv: 642
tot_msg_sent: 1271
tot_reconf_duration: 12.629999999999999
tot_sleeping_duration: 1051075.2376000048
tot_uptimes: 274
tot_uptimes_duration: 16380.030399995041
