comms_cons: 105.52378879443353
finished_reconf: true
global_termination_time: 1062717.782
local_termination_time: 843122.545239999
node_cons: 21868.66462335516
tot_aggregated_send: 14848
tot_msg_rcv: 384
tot_msg_sent: 807
tot_reconf_duration: 11.899999999999999
tot_sleeping_duration: 1046397.7637600035
tot_uptimes: 273
tot_uptimes_duration: 16320.018239996338
