comms_cons: 113.48421758823983
finished_reconf: true
global_termination_time: 1064433.786
local_termination_time: 194494.76660000006
node_cons: 21863.14026559796
tot_aggregated_send: 13456
tot_msg_rcv: 1465
tot_msg_sent: 2331
tot_reconf_duration: 7.819999999999999
tot_sleeping_duration: 1048113.7556000015
tot_uptimes: 273
tot_uptimes_duration: 16320.030399998475
