comms_cons: 183.3096703911409
finished_reconf: true
global_termination_time: 1842726.906
local_termination_time: 717927.7223599998
node_cons: 37844.32263999977
tot_aggregated_send: 26448
tot_msg_rcv: 546
tot_msg_sent: 868
tot_reconf_duration: 3.08
tot_sleeping_duration: 1814466.906
tot_uptimes: 472
tot_uptimes_duration: 28260.0
