comms_cons: 189.95839357432916
finished_reconf: true
global_termination_time: 1844306.074
local_termination_time: 80819.29947999997
node_cons: 37951.344534518656
tot_aggregated_send: 24360
tot_msg_rcv: 1497
tot_msg_sent: 3014
tot_reconf_duration: 22.65
tot_sleeping_duration: 1815985.9949600308
tot_uptimes: 473
tot_uptimes_duration: 28320.07903996925
