comms_cons: 178.98211839433003
finished_reconf: true
global_termination_time: 1810485.64
local_termination_time: 614639.0043599999
node_cons: 37231.77739999992
tot_aggregated_send: 25984
tot_msg_rcv: 374
tot_msg_sent: 846
tot_reconf_duration: 25.299999999999997
tot_sleeping_duration: 1782705.64
tot_uptimes: 464
tot_uptimes_duration: 27780.0
