comms_cons: 270.29223041121696
finished_reconf: true
global_termination_time: 2711345.7435999997
local_termination_time: 2711345.7024799995
node_cons: 55826.544951753574
tot_aggregated_send: 38544
tot_msg_rcv: 845
tot_msg_sent: 1694
tot_reconf_duration: 37.410000000000004
tot_sleeping_duration: 2669690.969760004
tot_uptimes: 695
tot_uptimes_duration: 41654.77383999614
