comms_cons: 272.3502463940457
finished_reconf: true
global_termination_time: 2716623.168
local_termination_time: 815718.9532399978
node_cons: 55870.584492291164
tot_aggregated_send: 36366
tot_msg_rcv: 1614
tot_msg_sent: 3416
tot_reconf_duration: 15.34
tot_sleeping_duration: 2674913.1211200207
tot_uptimes: 696
tot_uptimes_duration: 41710.0468799792
