comms_cons: 112.96486399201788
finished_reconf: true
global_termination_time: 1121823.232
local_termination_time: 167504.37636000005
node_cons: 23064.953940000025
tot_aggregated_send: 15660
tot_msg_rcv: 529
tot_msg_sent: 981
tot_reconf_duration: 5.43
tot_sleeping_duration: 1104603.232
tot_uptimes: 288
tot_uptimes_duration: 17220.0
