comms_cons: 1.6980607999936814
finished_reconf: true
global_termination_time: 18574.376
local_termination_time: 11173.70836
node_cons: 336.7189799999993
tot_aggregated_send: 0
tot_msg_rcv: 135
tot_msg_sent: 123
tot_reconf_duration: 11.31
tot_sleeping_duration: 18334.376
tot_uptimes: 5
tot_uptimes_duration: 240.0
