comms_cons: 268.63336958866125
finished_reconf: true
global_termination_time: 2809808.137
local_termination_time: 4091.3690000000006
node_cons: 57859.15132335405
tot_aggregated_send: 38733
tot_msg_rcv: 722
tot_msg_sent: 1375
tot_reconf_duration: 10.55
tot_sleeping_duration: 2766608.1187600037
tot_uptimes: 720
tot_uptimes_duration: 43200.01823999634
