comms_cons: 790.8539073779997
finished_reconf: true
global_termination_time: 7934118.547
local_termination_time: 2497317.772119999
node_cons: 163204.946246697
tot_aggregated_send: 110026
tot_msg_rcv: 3337
tot_msg_sent: 6841
tot_reconf_duration: 25.299999999999997
tot_sleeping_duration: 7812258.510520013
tot_uptimes: 2032
tot_uptimes_duration: 121860.0364799872
