comms_cons: 778.4629440777699
finished_reconf: true
global_termination_time: 7933349.306
local_termination_time: 6432627.082359999
node_cons: 163186.70019999362
tot_aggregated_send: 113506
tot_msg_rcv: 1618
tot_msg_sent: 3197
tot_reconf_duration: 11.899999999999999
tot_sleeping_duration: 7811489.306
tot_uptimes: 2032
tot_uptimes_duration: 121860.0
