comms_cons: 802.9120642508296
finished_reconf: true
global_termination_time: 7938050.275
local_termination_time: 1017000.3755199983
node_cons: 163261.5809711653
tot_aggregated_send: 109562
tot_msg_rcv: 4520
tot_msg_sent: 7954
tot_reconf_duration: 7.819999999999999
tot_sleeping_duration: 7816130.214200022
tot_uptimes: 2033
tot_uptimes_duration: 121920.06079997821
