comms_cons: 68.77237759885553
finished_reconf: true
global_termination_time: 697182.274
local_termination_time: 4933.228
node_cons: 14307.353442242882
tot_aggregated_send: 9913
tot_msg_rcv: 132
tot_msg_sent: 408
tot_reconf_duration: 5.02
tot_sleeping_duration: 686502.2618399978
tot_uptimes: 179
tot_uptimes_duration: 10680.012160002138
