comms_cons: 230.8871806637399
finished_reconf: true
global_termination_time: 1167241.775
local_termination_time: 103.08348000000021
node_cons: 23966.089885592297
tot_aggregated_send: 0
tot_msg_rcv: 17811
tot_msg_sent: 17281
tot_reconf_duration: 18.21
tot_sleeping_duration: 1149361.7446000057
tot_uptimes: 299
tot_uptimes_duration: 17880.03039999422
