comms_cons: 119.33415679086565
finished_reconf: true
global_termination_time: 1163002.52612
local_termination_time: 123807.9732799998
node_cons: 23903.59457198833
tot_aggregated_send: 15196
tot_msg_rcv: 1000
tot_msg_sent: 1943
tot_reconf_duration: 15.34
tot_sleeping_duration: 1145166.2581200087
tot_uptimes: 298
tot_uptimes_duration: 17836.26799999125
