comms_cons: 119.00582399094685
finished_reconf: true
global_termination_time: 1166516.948
local_termination_time: 121480.67935999997
node_cons: 23949.962215681673
tot_aggregated_send: 14906
tot_msg_rcv: 1080
tot_msg_sent: 2102
tot_reconf_duration: 6.279999999999999
tot_sleeping_duration: 1148636.862879999
tot_uptimes: 299
tot_uptimes_duration: 17880.085120001226
