comms_cons: 117.86908159652431
finished_reconf: true
global_termination_time: 1167076.851
local_termination_time: 290586.66372000054
node_cons: 23948.27836448113
tot_aggregated_send: 15370
tot_msg_rcv: 976
tot_msg_sent: 1569
tot_reconf_duration: 5.1
tot_sleeping_duration: 1149196.8266799992
tot_uptimes: 299
tot_uptimes_duration: 17880.02432000084
