comms_cons: 117.50538879488285
finished_reconf: true
global_termination_time: 1166159.942
local_termination_time: 404208.53736
node_cons: 23975.709964485744
tot_aggregated_send: 15660
tot_msg_rcv: 837
tot_msg_sent: 1362
tot_reconf_duration: 25.299999999999997
tot_sleeping_duration: 1148279.9176799958
tot_uptimes: 299
tot_uptimes_duration: 17880.024320004275
