comms_cons: 117.97163519249342
finished_reconf: true
global_termination_time: 1166746.71
local_termination_time: 452354.85684000014
node_cons: 23954.12050111685
tot_aggregated_send: 16182
tot_msg_rcv: 710
tot_msg_sent: 1039
tot_reconf_duration: 9.42
tot_sleeping_duration: 1148866.7039200023
tot_uptimes: 299
tot_uptimes_duration: 17880.006079997635
