comms_cons: 115.95182079302643
finished_reconf: true
global_termination_time: 1166699.939
local_termination_time: 373504.44792000076
node_cons: 23958.50410447197
tot_aggregated_send: 15544
tot_msg_rcv: 747
tot_msg_sent: 1333
tot_reconf_duration: 12.629999999999999
tot_sleeping_duration: 1148819.914680006
tot_uptimes: 299
tot_uptimes_duration: 17880.024319993972
