comms_cons: 118.37954558790373
finished_reconf: true
global_termination_time: 1163027.258
local_termination_time: 352957.8654800001
node_cons: 23876.395967827055
tot_aggregated_send: 15022
tot_msg_rcv: 1054
tot_msg_sent: 1917
tot_reconf_duration: 11.31
tot_sleeping_duration: 1145207.2154400097
tot_uptimes: 298
tot_uptimes_duration: 17820.04255999031
