comms_cons: 33.61375999991176
finished_reconf: true
global_termination_time: 14151.594240000002
local_termination_time: 3044.4800400000013
node_cons: 4216.202379680073
tot_aggregated_send: 0
tot_msg_rcv: 2470
tot_msg_sent: 2639
tot_reconf_duration: 18.21
tot_sleeping_duration: 11021.29311999995
tot_uptimes: 49
tot_uptimes_duration: 3130.3011200000533
