comms_cons: 268.5707775953845
finished_reconf: true
global_termination_time: 2690638.136
local_termination_time: 736938.0386799995
node_cons: 55388.641823349964
tot_aggregated_send: 37932
tot_msg_rcv: 989
tot_msg_sent: 1902
tot_reconf_duration: 25.299999999999997
tot_sleeping_duration: 2649298.117760007
tot_uptimes: 690
tot_uptimes_duration: 41340.01823999315
