comms_cons: 270.75298560010464
finished_reconf: true
global_termination_time: 2690810.703
local_termination_time: 545013.62536
node_cons: 55385.10011116807
tot_aggregated_send: 37294
tot_msg_rcv: 1199
tot_msg_sent: 2659
tot_reconf_duration: 22.65
tot_sleeping_duration: 2649470.6422000234
tot_uptimes: 690
tot_uptimes_duration: 41340.06079997681
