comms_cons: 268.4033855871905
finished_reconf: true
global_termination_time: 2689504.385
local_termination_time: 1180515.045119998
node_cons: 55286.48303814386
tot_aggregated_send: 37700
tot_msg_rcv: 1141
tot_msg_sent: 1955
tot_reconf_duration: 7.819999999999999
tot_sleeping_duration: 2648222.9335600114
tot_uptimes: 689
tot_uptimes_duration: 41281.45143998857
