comms_cons: 303.0846336160871
finished_reconf: true
global_termination_time: 2994641.522
local_termination_time: 1315257.62436
node_cons: 61547.00454446652
tot_aggregated_send: 41238
tot_msg_rcv: 1638
tot_msg_sent: 3192
tot_reconf_duration: 4.8100000000000005
tot_sleeping_duration: 2948681.497680009
tot_uptimes: 767
tot_uptimes_duration: 45960.02431999077
