comms_cons: 192.9017983884183
finished_reconf: true
global_termination_time: 1930132.179
local_termination_time: 1110419.4383599998
node_cons: 39708.4875211164
tot_aggregated_send: 27144
tot_msg_rcv: 680
tot_msg_sent: 1495
tot_reconf_duration: 15.110000000000001
tot_sleeping_duration: 1900492.1729200024
tot_uptimes: 495
tot_uptimes_duration: 29640.006079997635
