comms_cons: 195.39642878081702
finished_reconf: true
global_termination_time: 1930838.029
local_termination_time: 654719.1714799999
node_cons: 39692.18331116813
tot_aggregated_send: 26100
tot_msg_rcv: 1242
tot_msg_sent: 2357
tot_reconf_duration: 3.05
tot_sleeping_duration: 1901197.9682000238
tot_uptimes: 495
tot_uptimes_duration: 29640.060799976345
