comms_cons: 194.1399423874483
finished_reconf: true
global_termination_time: 1931502.334
local_termination_time: 606787.8923599999
node_cons: 39698.64468894369
tot_aggregated_send: 26042
tot_msg_rcv: 1135
tot_msg_sent: 2332
tot_reconf_duration: 7.819999999999999
tot_sleeping_duration: 1901862.2853600122
tot_uptimes: 495
tot_uptimes_duration: 29640.048639987945
