comms_cons: 383.31698528333845
finished_reconf: true
global_termination_time: 1928678.7762799982
local_termination_time: 2272.125600000002
node_cons: 39698.52150365378
tot_aggregated_send: 0
tot_msg_rcv: 29608
tot_msg_sent: 28651
tot_reconf_duration: 11.31
tot_sleeping_duration: 1899042.3591600177
tot_uptimes: 494
tot_uptimes_duration: 29636.4171199806
