comms_cons: 111.27400959625692
finished_reconf: true
global_termination_time: 1127243.127
local_termination_time: 947668.2033599999
node_cons: 23143.881620000055
tot_aggregated_send: 15950
tot_msg_rcv: 308
tot_msg_sent: 655
tot_reconf_duration: 4.390000000000001
tot_sleeping_duration: 1109963.127
tot_uptimes: 289
tot_uptimes_duration: 17280.0
