comms_cons: 111.4911231969421
finished_reconf: true
global_termination_time: 1126457.126
local_termination_time: 633780.3203599999
node_cons: 23142.0619000001
tot_aggregated_send: 16240
tot_msg_rcv: 260
tot_msg_sent: 446
tot_reconf_duration: 3.05
tot_sleeping_duration: 1109177.126
tot_uptimes: 289
tot_uptimes_duration: 17280.0
