comms_cons: 111.28716799660498
finished_reconf: true
global_termination_time: 1126074.88
local_termination_time: 1000716.9435999998
node_cons: 23153.278979999952
tot_aggregated_send: 16298
tot_msg_rcv: 229
tot_msg_sent: 388
tot_reconf_duration: 11.31
tot_sleeping_duration: 1108794.88
tot_uptimes: 289
tot_uptimes_duration: 17280.0
