comms_cons: 111.46543359493056
finished_reconf: true
global_termination_time: 1125847.8882399988
local_termination_time: 1125847.847119999
node_cons: 23222.051143594592
tot_aggregated_send: 16168
tot_msg_rcv: 221
tot_msg_sent: 553
tot_reconf_duration: 24.59
tot_sleeping_duration: 1108529.995840003
tot_uptimes: 289
tot_uptimes_duration: 17317.892399995922
