comms_cons: 338.9274880156486
finished_reconf: true
global_termination_time: 3418574.978
local_termination_time: 2148519.7823999985
node_cons: 70306.05271691187
tot_aggregated_send: 46922
tot_msg_rcv: 1516
tot_msg_sent: 3077
tot_reconf_duration: 6.279999999999999
tot_sleeping_duration: 3366074.9597200053
tot_uptimes: 876
tot_uptimes_duration: 52500.01827999484
