comms_cons: 335.6180288397866
finished_reconf: true
global_termination_time: 3415705.652
local_termination_time: 1699337.5351999996
node_cons: 70221.37520446711
tot_aggregated_send: 47502
tot_msg_rcv: 1125
tot_msg_sent: 2385
tot_reconf_duration: 3.08
tot_sleeping_duration: 3363265.6276800083
tot_uptimes: 875
tot_uptimes_duration: 52440.02431999147
