comms_cons: 339.59820162103216
finished_reconf: true
global_termination_time: 3415319.389
local_termination_time: 495447.62820000015
node_cons: 70237.72822670036
tot_aggregated_send: 47386
tot_msg_rcv: 1333
tot_msg_sent: 2898
tot_reconf_duration: 15.110000000000001
tot_sleeping_duration: 3362879.3525200137
tot_uptimes: 875
tot_uptimes_duration: 52440.036479986506
