comms_cons: 335.8142144083018
finished_reconf: true
global_termination_time: 3414357.52
local_termination_time: 1825171.7865599985
node_cons: 70232.5352622328
tot_aggregated_send: 47154
tot_msg_rcv: 1221
tot_msg_sent: 2666
tot_reconf_duration: 11.31
tot_sleeping_duration: 3361917.5078400043
tot_uptimes: 875
tot_uptimes_duration: 52440.012159995735
