comms_cons: 115.2472959930188
finished_reconf: true
global_termination_time: 1128130.996
local_termination_time: 86821.20835999998
node_cons: 23158.776143364343
tot_aggregated_send: 15022
tot_msg_rcv: 942
tot_msg_sent: 1552
tot_reconf_duration: 15.34
tot_sleeping_duration: 1110850.977759997
tot_uptimes: 289
tot_uptimes_duration: 17280.018240003206
