comms_cons: 174.92181753223377
finished_reconf: true
global_termination_time: 1130073.117
local_termination_time: 141414.16636000006
node_cons: 23225.226505607196
tot_aggregated_send: 0
tot_msg_rcv: 13586
tot_msg_sent: 13001
tot_reconf_duration: 5.1
tot_sleeping_duration: 1112733.0865999947
tot_uptimes: 290
tot_uptimes_duration: 17340.030400005344
