comms_cons: 113.2806655961676
finished_reconf: true
global_termination_time: 1129480.724
local_termination_time: 150661.22336000003
node_cons: 23222.499627840836
tot_aggregated_send: 14616
tot_msg_rcv: 847
tot_msg_sent: 1755
tot_reconf_duration: 3.08
tot_sleeping_duration: 1112140.6814399995
tot_uptimes: 290
tot_uptimes_duration: 17340.042560000613
