comms_cons: 113.13655039570084
finished_reconf: true
global_termination_time: 1131990.141
local_termination_time: 354659.30336
node_cons: 23230.720932326556
tot_aggregated_send: 13920
tot_msg_rcv: 1178
tot_msg_sent: 2099
tot_reconf_duration: 9.11
tot_sleeping_duration: 1114650.074119995
tot_uptimes: 290
tot_uptimes_duration: 17340.066880004888
