comms_cons: 112.23912959685848
finished_reconf: true
global_termination_time: 1126894.214
local_termination_time: 321749.3188000003
node_cons: 23155.095963364336
tot_aggregated_send: 14906
tot_msg_rcv: 714
tot_msg_sent: 1440
tot_reconf_duration: 12.629999999999999
tot_sleeping_duration: 1109614.1957599968
tot_uptimes: 289
tot_uptimes_duration: 17280.018240003206
