comms_cons: 112.76651519539953
finished_reconf: true
global_termination_time: 1130624.584
local_termination_time: 346739.81536000007
node_cons: 23233.18708784087
tot_aggregated_send: 14616
tot_msg_rcv: 898
tot_msg_sent: 1626
tot_reconf_duration: 10.95
tot_sleeping_duration: 1113284.5414399994
tot_uptimes: 290
tot_uptimes_duration: 17340.042560000613
