comms_cons: 175.94625273058483
finished_reconf: true
global_termination_time: 1127628.575
local_termination_time: 139537.01048000006
node_cons: 23146.39118335973
tot_aggregated_send: 0
tot_msg_rcv: 13739
tot_msg_sent: 13005
tot_reconf_duration: 6.22
tot_sleeping_duration: 1110348.55676
tot_uptimes: 289
tot_uptimes_duration: 17280.018239999772
