comms_cons: 114.88680959740276
finished_reconf: true
global_termination_time: 1128105.104
local_termination_time: 372694.70836000005
node_cons: 23153.319685602586
tot_aggregated_send: 14500
tot_msg_rcv: 1105
tot_msg_sent: 1857
tot_reconf_duration: 11.31
tot_sleeping_duration: 1110825.0735999981
tot_uptimes: 289
tot_uptimes_duration: 17280.03040000191
