comms_cons: 122.01094398913332
finished_reconf: true
global_termination_time: 1177969.057
local_termination_time: 514191.49408000015
node_cons: 24189.99361231279
tot_aggregated_send: 15022
tot_msg_rcv: 1240
tot_msg_sent: 2283
tot_reconf_duration: 5.57
tot_sleeping_duration: 1159908.9901200053
tot_uptimes: 302
tot_uptimes_duration: 18060.066879994585
