comms_cons: 117.53740799410232
finished_reconf: true
global_termination_time: 1178116.634
local_termination_time: 249353.93248000008
node_cons: 24200.265565588816
tot_aggregated_send: 15892
tot_msg_rcv: 754
tot_msg_sent: 1219
tot_reconf_duration: 13.17
tot_sleeping_duration: 1160056.6036000086
tot_uptimes: 302
tot_uptimes_duration: 18060.030399991607
