comms_cons: 82.52948479809955
finished_reconf: true
global_termination_time: 830318.8836399991
local_termination_time: 830318.8425199991
node_cons: 17109.16575408029
tot_aggregated_send: 11876
tot_msg_rcv: 236
tot_msg_sent: 431
tot_reconf_duration: 24.59
tot_sleeping_duration: 817566.252919999
tot_uptimes: 213
tot_uptimes_duration: 12752.63072000019
