comms_cons: 1085.1101583917825
finished_reconf: true
global_termination_time: 3721802.274119998
local_termination_time: 3721802.274119998
node_cons: 151924.0889216715
tot_aggregated_send: 0
tot_msg_rcv: 55316
tot_msg_sent: 109613
tot_reconf_duration: 24.59
tot_sleeping_duration: 3608366.355
tot_uptimes: 1877
tot_uptimes_duration: 113435.91911999759
