comms_cons: 364.44820479542557
finished_reconf: true
global_termination_time: 3726693.279
local_termination_time: 1873283.9627599982
node_cons: 76652.89638111502
tot_aggregated_send: 52664
tot_msg_rcv: 931
tot_msg_sent: 1799
tot_reconf_duration: 6.279999999999999
tot_sleeping_duration: 3669453.2729200027
tot_uptimes: 955
tot_uptimes_duration: 57240.006079997635
