comms_cons: 67.86935680042657
finished_reconf: true
global_termination_time: 662602.0432400001
local_termination_time: 21441.070480000002
node_cons: 13629.371522724427
tot_aggregated_send: 8642
tot_msg_rcv: 610
tot_msg_sent: 1062
tot_reconf_duration: 18.21
tot_sleeping_duration: 652441.7427599968
tot_uptimes: 170
tot_uptimes_duration: 10160.300480003294
