comms_cons: 66.89730560169252
finished_reconf: true
global_termination_time: 663039.537
local_termination_time: 274831.90336000005
node_cons: 13611.833682242865
tot_aggregated_send: 8642
tot_msg_rcv: 531
tot_msg_sent: 995
tot_reconf_duration: 25.299999999999997
tot_sleeping_duration: 652899.5248399979
tot_uptimes: 170
tot_uptimes_duration: 10140.012160002138
