comms_cons: 65.33803520077761
finished_reconf: true
global_termination_time: 666074.525
local_termination_time: 444102.47236
node_cons: 13675.684859999998
tot_aggregated_send: 9164
tot_msg_rcv: 276
tot_msg_sent: 491
tot_reconf_duration: 13.17
tot_sleeping_duration: 655874.525
tot_uptimes: 171
tot_uptimes_duration: 10200.0
