comms_cons: 65.53500160181272
finished_reconf: true
global_termination_time: 663065.302
local_termination_time: 131619.36036000005
node_cons: 13608.243123364302
tot_aggregated_send: 8004
tot_msg_rcv: 690
tot_msg_sent: 1266
tot_reconf_duration: 22.65
tot_sleeping_duration: 652925.2837599968
tot_uptimes: 170
tot_uptimes_duration: 10140.018240003206
