comms_cons: 69.52463360153975
finished_reconf: true
global_termination_time: 667080.095
local_termination_time: 85128.33235999996
node_cons: 13662.01517008832
tot_aggregated_send: 8178
tot_msg_rcv: 778
tot_msg_sent: 1612
tot_reconf_duration: 3.05
tot_sleeping_duration: 656880.0402799938
tot_uptimes: 171
tot_uptimes_duration: 10200.054720006214
