comms_cons: 67.69338880219941
finished_reconf: true
global_termination_time: 662831.272
local_termination_time: 238760.90412000092
node_cons: 13584.866504485733
tot_aggregated_send: 8410
tot_msg_rcv: 657
tot_msg_sent: 1222
tot_reconf_duration: 5.43
tot_sleeping_duration: 652691.2476799957
tot_uptimes: 170
tot_uptimes_duration: 10140.024320004275
