comms_cons: 234.06882556953263
finished_reconf: true
global_termination_time: 2281827.379
local_termination_time: 148937.27932000018
node_cons: 46949.424534522856
tot_aggregated_send: 30334
tot_msg_rcv: 1879
tot_msg_sent: 3365
tot_reconf_duration: 22.65
tot_sleeping_duration: 2246787.2999600274
tot_uptimes: 585
tot_uptimes_duration: 35040.07903997268
