comms_cons: 223.80367359346664
finished_reconf: true
global_termination_time: 2283451.382
local_termination_time: 1791329.2583599999
node_cons: 46936.45300112077
tot_aggregated_send: 32596
tot_msg_rcv: 442
tot_msg_sent: 978
tot_reconf_duration: 13.17
tot_sleeping_duration: 2248411.375919999
tot_uptimes: 585
tot_uptimes_duration: 35040.00608000107
