comms_cons: 447.6899582073792
finished_reconf: true
global_termination_time: 2279194.7685999977
local_termination_time: 595.1500399999995
node_cons: 46874.15641063016
tot_aggregated_send: 0
tot_msg_rcv: 34225
tot_msg_sent: 33818
tot_reconf_duration: 11.31
tot_sleeping_duration: 2244199.4008400044
tot_uptimes: 584
tot_uptimes_duration: 34995.36775999307
