comms_cons: 65.16668160535862
finished_reconf: true
global_termination_time: 323051.65872000065
local_termination_time: 2526.8166
node_cons: 6669.788443442903
tot_aggregated_send: 0
tot_msg_rcv: 5107
tot_msg_sent: 4793
tot_reconf_duration: 18.21
tot_sleeping_duration: 318088.95575999847
tot_uptimes: 83
tot_uptimes_duration: 4962.702960002163
