comms_cons: 31.988070400066103
finished_reconf: true
global_termination_time: 323298.335
local_termination_time: 51963.08048000001
node_cons: 6618.6386999999995
tot_aggregated_send: 4582
tot_msg_rcv: 126
tot_msg_sent: 154
tot_reconf_duration: 22.65
tot_sleeping_duration: 318378.335
tot_uptimes: 83
tot_uptimes_duration: 4920.0
