comms_cons: 1106.8837584810312
finished_reconf: true
global_termination_time: 3795015.8135199994
local_termination_time: 3795015.772399999
node_cons: 155101.24053827292
tot_aggregated_send: 0
tot_msg_rcv: 56332
tot_msg_sent: 111909
tot_reconf_duration: 24.59
tot_sleeping_duration: 3679207.1150000007
tot_uptimes: 1916
tot_uptimes_duration: 115808.69851999875
