comms_cons: 747.1381579395204
finished_reconf: true
global_termination_time: 3795016.413519997
local_termination_time: 2188.37048
node_cons: 78077.98208774209
tot_aggregated_send: 0
tot_msg_rcv: 57220
tot_msg_sent: 56334
tot_reconf_duration: 18.21
tot_sleeping_duration: 3736724.215680009
tot_uptimes: 972
tot_uptimes_duration: 58292.197839988046
