comms_cons: 373.5209216088163
finished_reconf: true
global_termination_time: 3797222.426
local_termination_time: 3028537.95796
node_cons: 78108.36485999798
tot_aggregated_send: 54404
tot_msg_rcv: 791
tot_msg_sent: 1578
tot_reconf_duration: 13.17
tot_sleeping_duration: 3738902.426
tot_uptimes: 973
tot_uptimes_duration: 58320.0
