comms_cons: 384.1519360678461
finished_reconf: true
global_termination_time: 3798656.558
local_termination_time: 121191.32059999995
node_cons: 78121.33275133547
tot_aggregated_send: 52490
tot_msg_rcv: 2028
tot_msg_sent: 3870
tot_reconf_duration: 22.65
tot_sleeping_duration: 3740336.487760017
tot_uptimes: 973
tot_uptimes_duration: 58320.07023998309
