comms_cons: 382.1506752564435
finished_reconf: true
global_termination_time: 3796563.618
local_termination_time: 770455.6892799992
node_cons: 78105.89596781741
tot_aggregated_send: 51968
tot_msg_rcv: 2054
tot_msg_sent: 4062
tot_reconf_duration: 11.31
tot_sleeping_duration: 3738243.575440015
tot_uptimes: 973
tot_uptimes_duration: 58320.042559984606
