comms_cons: 198.73666559315265
finished_reconf: true
global_termination_time: 2072542.507
local_termination_time: 1193348.8865999999
node_cons: 42588.7282399997
tot_aggregated_send: 28826
tot_msg_rcv: 452
tot_msg_sent: 928
tot_reconf_duration: 6.279999999999999
tot_sleeping_duration: 2040742.507
tot_uptimes: 531
tot_uptimes_duration: 31800.00000000003
