comms_cons: 207.56867838689675
finished_reconf: true
global_termination_time: 2070498.238
local_termination_time: 514166.61548000004
node_cons: 42586.210466700555
tot_aggregated_send: 28826
tot_msg_rcv: 920
tot_msg_sent: 1804
tot_reconf_duration: 4.390000000000001
tot_sleeping_duration: 2038698.201520014
tot_uptimes: 531
tot_uptimes_duration: 31800.036479985807
