comms_cons: 424.3116864085902
finished_reconf: true
global_termination_time: 4296755.267
local_termination_time: 2675291.43148
node_cons: 88398.73732111475
tot_aggregated_send: 61886
tot_msg_rcv: 937
tot_msg_sent: 1669
tot_reconf_duration: 18.21
tot_sleeping_duration: 4230755.260920002
tot_uptimes: 1101
tot_uptimes_duration: 66000.00607999787
