comms_cons: 435.67897609149077
finished_reconf: true
global_termination_time: 4295906.082
local_termination_time: 87505.97303999981
node_cons: 88408.4388111767
tot_aggregated_send: 58812
tot_msg_rcv: 2429
tot_msg_sent: 4979
tot_reconf_duration: 25.299999999999997
tot_sleeping_duration: 4229906.021200016
tot_uptimes: 1101
tot_uptimes_duration: 66000.06079998438
