comms_cons: 435.354713659098
finished_reconf: true
global_termination_time: 4296460.134
local_termination_time: 235538.7439600006
node_cons: 88385.04320782101
tot_aggregated_send: 59392
tot_msg_rcv: 2368
tot_msg_sent: 4412
tot_reconf_duration: 8.09
tot_sleeping_duration: 4230460.091440013
tot_uptimes: 1101
tot_uptimes_duration: 66000.04255998757
