comms_cons: 435.668044884624
finished_reconf: true
global_termination_time: 4300830.319
local_termination_time: 775459.1613599999
node_cons: 88467.18934781647
tot_aggregated_send: 58986
tot_msg_rcv: 2360
tot_msg_sent: 4873
tot_reconf_duration: 9.42
tot_sleeping_duration: 4234770.276440016
tot_uptimes: 1102
tot_uptimes_duration: 66060.04255998414
