comms_cons: 430.36583686750066
finished_reconf: true
global_termination_time: 4298018.009
local_termination_time: 627465.9403599998
node_cons: 88381.45535116745
tot_aggregated_send: 59798
tot_msg_rcv: 1778
tot_msg_sent: 3838
tot_reconf_duration: 5.43
tot_sleeping_duration: 4232017.948200022
tot_uptimes: 1101
tot_uptimes_duration: 66000.06079997751
