comms_cons: 84.60193279672617
finished_reconf: true
global_termination_time: 858163.092
local_termination_time: 6298.379999999999
node_cons: 17604.10720447196
tot_aggregated_send: 11766
tot_msg_rcv: 378
tot_msg_sent: 715
tot_reconf_duration: 7.08
tot_sleeping_duration: 845023.067680006
tot_uptimes: 220
tot_uptimes_duration: 13140.024319993976
