comms_cons: 222.5874943867716
finished_reconf: true
global_termination_time: 2262638.536
local_termination_time: 708219.0533199996
node_cons: 46521.01818223318
tot_aggregated_send: 31320
tot_msg_rcv: 782
tot_msg_sent: 1730
tot_reconf_duration: 3.05
tot_sleeping_duration: 2227898.5238400046
tot_uptimes: 580
tot_uptimes_duration: 34740.01215999527
