comms_cons: 267.4043262195796
finished_reconf: true
global_termination_time: 2261863.359
local_termination_time: 731632.5959999991
node_cons: 46527.495842233206
tot_aggregated_send: 0
tot_msg_rcv: 20516
tot_msg_sent: 20127
tot_reconf_duration: 7.819999999999999
tot_sleeping_duration: 2227123.346840005
tot_uptimes: 580
tot_uptimes_duration: 34740.01215999527
