comms_cons: 650.8139387626841
finished_reconf: true
global_termination_time: 2260180.615
local_termination_time: 731632.0471199991
node_cons: 136393.19001474557
tot_aggregated_send: 0
tot_msg_rcv: 40191
tot_msg_sent: 58730
tot_reconf_duration: 6.22
tot_sleeping_duration: 2158324.944160008
tot_uptimes: 1666
tot_uptimes_duration: 101855.67083999228
