comms_cons: 149.6559487909841
finished_reconf: true
global_termination_time: 1491800.9931200005
local_termination_time: 53777.274
node_cons: 30792.880320874152
tot_aggregated_send: 20936
tot_msg_rcv: 652
tot_msg_sent: 1157
tot_reconf_duration: 22.65
tot_sleeping_duration: 1468827.0412000048
tot_uptimes: 383
tot_uptimes_duration: 22973.951919995605
