comms_cons: 29.983385600094547
finished_reconf: true
global_termination_time: 299819.446
local_termination_time: 93375.36535999998
node_cons: 6121.207121119174
tot_aggregated_send: 4060
tot_msg_rcv: 158
tot_msg_sent: 339
tot_reconf_duration: 11.31
tot_sleeping_duration: 295259.4399200006
tot_uptimes: 77
tot_uptimes_duration: 4560.006079999366
