comms_cons: 17.219647999701902
finished_reconf: true
global_termination_time: 137704.9314800001
local_termination_time: 137704.89036000008
node_cons: 2863.6760831975744
tot_aggregated_send: 1030
tot_msg_rcv: 578
tot_msg_sent: 1009
tot_reconf_duration: 24.59
tot_sleeping_duration: 135591.2026800019
tot_uptimes: 36
tot_uptimes_duration: 2113.728799998178
