comms_cons: 17.47560959963405
finished_reconf: true
global_termination_time: 144106.274
local_termination_time: 14671.125480000004
node_cons: 2898.8289678360566
tot_aggregated_send: 1102
tot_msg_rcv: 562
tot_msg_sent: 993
tot_reconf_duration: 4.8100000000000005
tot_sleeping_duration: 141946.23144000297
tot_uptimes: 37
tot_uptimes_duration: 2160.042559997053
