comms_cons: 14.347916799848779
finished_reconf: true
global_termination_time: 137728.505
local_termination_time: 112335.40851999978
node_cons: 2820.363042239445
tot_aggregated_send: 1334
tot_msg_rcv: 323
tot_msg_sent: 523
tot_reconf_duration: 6.22
tot_sleeping_duration: 135628.49284000043
tot_uptimes: 36
tot_uptimes_duration: 2100.0121599995837
