comms_cons: 171.1450815925896
finished_reconf: true
global_termination_time: 1721788.067759999
local_termination_time: 1721788.0266399991
node_cons: 35445.535328227474
tot_aggregated_send: 24392
tot_msg_rcv: 482
tot_msg_sent: 1138
tot_reconf_duration: 37.410000000000004
tot_sleeping_duration: 1695354.3616000083
tot_uptimes: 441
tot_uptimes_duration: 26433.70615999069
