comms_cons: 175.24414718257003
finished_reconf: true
global_termination_time: 1721788.03024
local_termination_time: 162361.54248000006
node_cons: 35393.483842771166
tot_aggregated_send: 23142
tot_msg_rcv: 1182
tot_msg_sent: 2312
tot_reconf_duration: 18.21
tot_sleeping_duration: 1695373.7250400216
tot_uptimes: 441
tot_uptimes_duration: 26414.305199978524
