comms_cons: 62.553356799507064
finished_reconf: true
global_termination_time: 622024.708
local_termination_time: 11090.65748
node_cons: 12782.596381121446
tot_aggregated_send: 8526
tot_msg_rcv: 289
tot_msg_sent: 693
tot_reconf_duration: 6.279999999999999
tot_sleeping_duration: 612484.701919999
tot_uptimes: 160
tot_uptimes_duration: 9540.006080001069
