comms_cons: 63.265587198341905
finished_reconf: true
global_termination_time: 621196.785
local_termination_time: 39335.36236000001
node_cons: 12780.600121116846
tot_aggregated_send: 8584
tot_msg_rcv: 392
tot_msg_sent: 640
tot_reconf_duration: 4.8100000000000005
tot_sleeping_duration: 611656.7789200024
tot_uptimes: 160
tot_uptimes_duration: 9540.006079997635
