comms_cons: 62.824780798766575
finished_reconf: true
global_termination_time: 622643.327
local_termination_time: 279857.6005600007
node_cons: 12789.435262242876
tot_aggregated_send: 8410
tot_msg_rcv: 335
tot_msg_sent: 804
tot_reconf_duration: 11.31
tot_sleeping_duration: 613103.3148399979
tot_uptimes: 160
tot_uptimes_duration: 9540.012160002138
