comms_cons: 905.934369836191
finished_reconf: true
global_termination_time: 4594744.663
local_termination_time: 2870.48948
node_cons: 94504.62616782074
tot_aggregated_send: 0
tot_msg_rcv: 69489
tot_msg_sent: 68206
tot_reconf_duration: 18.21
tot_sleeping_duration: 4524184.620440012
tot_uptimes: 1177
tot_uptimes_duration: 70560.04255998757
