comms_cons: 455.18195204015217
finished_reconf: true
global_termination_time: 4594209.373
local_termination_time: 2235345.327
node_cons: 94510.90223750343
tot_aggregated_send: 64493
tot_msg_rcv: 1497
tot_msg_sent: 3195
tot_reconf_duration: 15.110000000000001
tot_sleeping_duration: 4523641.499320011
tot_uptimes: 1177
tot_uptimes_duration: 70567.87367998924
