comms_cons: 462.45545607733914
finished_reconf: true
global_termination_time: 4590267.32
local_termination_time: 816977.6784799999
node_cons: 94405.51860781647
tot_aggregated_send: 63916
tot_msg_rcv: 2218
tot_msg_sent: 4156
tot_reconf_duration: 4.390000000000001
tot_sleeping_duration: 4519767.277440016
tot_uptimes: 1176
tot_uptimes_duration: 70500.04255998437
