comms_cons: 452.0362112374959
finished_reconf: true
global_termination_time: 4589939.542
local_termination_time: 2056330.9833599997
node_cons: 94406.92278669955
tot_aggregated_send: 64206
tot_msg_rcv: 1537
tot_msg_sent: 2964
tot_reconf_duration: 5.43
tot_sleeping_duration: 4519439.505520013
tot_uptimes: 1176
tot_uptimes_duration: 70500.03647998674
