comms_cons: 240.78556158107875
finished_reconf: true
global_termination_time: 2434882.004
local_termination_time: 545096.6587199998
node_cons: 50058.400826700374
tot_aggregated_send: 33582
tot_msg_rcv: 979
tot_msg_sent: 2037
tot_reconf_duration: 4.8100000000000005
tot_sleeping_duration: 2397501.9675200144
tot_uptimes: 624
tot_uptimes_duration: 37380.03647998581
