comms_cons: 239.06284158920957
finished_reconf: true
global_termination_time: 2431815.879
local_termination_time: 1767379.8013999993
node_cons: 49982.12398334989
tot_aggregated_send: 34162
tot_msg_rcv: 773
tot_msg_sent: 1401
tot_reconf_duration: 7.819999999999999
tot_sleeping_duration: 2394495.860760007
tot_uptimes: 623
tot_uptimes_duration: 37320.0182399929
