comms_cons: 239.0411007862138
finished_reconf: true
global_termination_time: 2433698.209
local_termination_time: 1609474.7363599997
node_cons: 50059.21022223288
tot_aggregated_send: 34046
tot_msg_rcv: 712
tot_msg_sent: 1574
tot_reconf_duration: 5.43
tot_sleeping_duration: 2396318.1968400045
tot_uptimes: 624
tot_uptimes_duration: 37380.01215999527
