comms_cons: 66.62881280104803
finished_reconf: true
global_termination_time: 658601.688
local_termination_time: 238691.23799999998
node_cons: 13504.724765607181
tot_aggregated_send: 8694
tot_msg_rcv: 453
tot_msg_sent: 980
tot_reconf_duration: 5.57
tot_sleeping_duration: 648521.6575999947
tot_uptimes: 169
tot_uptimes_duration: 10080.030400005344
