comms_cons: 66.6407168005792
finished_reconf: true
global_termination_time: 656902.197
local_termination_time: 259937.27036000005
node_cons: 13505.583042242883
tot_aggregated_send: 8990
tot_msg_rcv: 385
tot_msg_sent: 754
tot_reconf_duration: 6.22
tot_sleeping_duration: 646822.1848399979
tot_uptimes: 169
tot_uptimes_duration: 10080.012160002138
