comms_cons: 65.66824959940729
finished_reconf: true
global_termination_time: 658077.236
local_termination_time: 353558.15536000003
node_cons: 13504.51022224287
tot_aggregated_send: 8584
tot_msg_rcv: 468
tot_msg_sent: 929
tot_reconf_duration: 5.43
tot_sleeping_duration: 647997.2238399979
tot_uptimes: 169
tot_uptimes_duration: 10080.012160002138
