comms_cons: 1.1974143999960452
finished_reconf: true
global_termination_time: 7126.009
local_termination_time: 3215.28936
node_cons: 88.86823999999964
tot_aggregated_send: 0
tot_msg_rcv: 120
tot_msg_sent: 57
tot_reconf_duration: 6.279999999999999
tot_sleeping_duration: 7066.009
tot_uptimes: 2
tot_uptimes_duration: 60.0
