comms_cons: 0.9474048000021122
finished_reconf: true
global_termination_time: 7307.144
local_termination_time: 1880.90136
node_cons: 97.49153999999984
tot_aggregated_send: 0
tot_msg_rcv: 95
tot_msg_sent: 48
tot_reconf_duration: 12.629999999999999
tot_sleeping_duration: 7247.144
tot_uptimes: 2
tot_uptimes_duration: 60.0
