comms_cons: 0.776345600001731
finished_reconf: true
global_termination_time: 7486.612000000001
local_termination_time: 1632.40936
node_cons: 105.73459999999974
tot_aggregated_send: 0
tot_msg_rcv: 74
tot_msg_sent: 43
tot_reconf_duration: 18.700000000000003
tot_sleeping_duration: 7426.612000000001
tot_uptimes: 2
tot_uptimes_duration: 60.00000000000091
