comms_cons: 962.7500407893008
finished_reconf: true
global_termination_time: 2110659.423
local_termination_time: 223130.78448000006
node_cons: 127304.04817899536
tot_aggregated_send: 0
tot_msg_rcv: 59353
tot_msg_sent: 86980
tot_reconf_duration: 18.21
tot_sleeping_duration: 2015603.9196400305
tot_uptimes: 1560
tot_uptimes_duration: 95055.50335996953
