comms_cons: 210.16001279226384
finished_reconf: true
global_termination_time: 2115821.161
local_termination_time: 1125644.97736
node_cons: 43498.29739999965
tot_aggregated_send: 30218
tot_msg_rcv: 588
tot_msg_sent: 1138
tot_reconf_duration: 25.299999999999997
tot_sleeping_duration: 2083361.1609999998
tot_uptimes: 542
tot_uptimes_duration: 32460.0
