comms_cons: 208.93146879449037
finished_reconf: true
global_termination_time: 2113006.018
local_termination_time: 843153.0177999994
node_cons: 43481.824859999644
tot_aggregated_send: 30566
tot_msg_rcv: 390
tot_msg_sent: 800
tot_reconf_duration: 13.17
tot_sleeping_duration: 2080546.0180000002
tot_uptimes: 542
tot_uptimes_duration: 32460.0
