comms_cons: 10.085913599998065
finished_reconf: true
global_termination_time: 3555.306720000002
local_termination_time: 3555.265600000002
node_cons: 1146.9065840800038
tot_aggregated_send: 0
tot_msg_rcv: 711
tot_msg_sent: 820
tot_reconf_duration: 24.59
tot_sleeping_duration: 2723.705999999999
tot_uptimes: 11
tot_uptimes_duration: 831.6007200000022
