comms_cons: 22.770611200212336
finished_reconf: true
global_termination_time: 237870.553
local_termination_time: 164184.828
node_cons: 4827.490022081407
tot_aggregated_send: 3187
tot_msg_rcv: 56
tot_msg_sent: 218
tot_reconf_duration: 4.390000000000001
tot_sleeping_duration: 234269.71027999898
tot_uptimes: 61
tot_uptimes_duration: 3600.8427200010337
