comms_cons: 23.289395200258358
finished_reconf: true
global_termination_time: 232205.996
local_termination_time: 99719.48435999997
node_cons: 4748.514901121436
tot_aggregated_send: 3074
tot_msg_rcv: 121
tot_msg_sent: 345
tot_reconf_duration: 6.22
tot_sleeping_duration: 228665.98991999894
tot_uptimes: 60
tot_uptimes_duration: 3540.0060800010688
