comms_cons: 86.38489599901959
finished_reconf: true
global_termination_time: 876321.198
local_termination_time: 335213.6323600001
node_cons: 18026.91870000006
tot_aggregated_send: 12586
tot_msg_rcv: 186
tot_msg_sent: 358
tot_reconf_duration: 22.65
tot_sleeping_duration: 862881.198
tot_uptimes: 225
tot_uptimes_duration: 13440.0
