comms_cons: 86.52431359887231
finished_reconf: true
global_termination_time: 876029.26
local_termination_time: 126081.44135999998
node_cons: 18016.991720000042
tot_aggregated_send: 12470
tot_msg_rcv: 228
tot_msg_sent: 454
tot_reconf_duration: 15.34
tot_sleeping_duration: 862589.26
tot_uptimes: 225
tot_uptimes_duration: 13440.0
