comms_cons: 85.38485759975505
finished_reconf: true
global_termination_time: 876532.083
local_termination_time: 750223.5917599992
node_cons: 18004.688240000065
tot_aggregated_send: 12876
tot_msg_rcv: 17
tot_msg_sent: 85
tot_reconf_duration: 6.279999999999999
tot_sleeping_duration: 863092.083
tot_uptimes: 225
tot_uptimes_duration: 13440.0
