comms_cons: 86.64806399713275
finished_reconf: true
global_termination_time: 873207.487239998
local_termination_time: 873207.487239998
node_cons: 18036.506057839295
tot_aggregated_send: 12398
tot_msg_rcv: 191
tot_msg_sent: 580
tot_reconf_duration: 24.59
tot_sleeping_duration: 859762.2946799985
tot_uptimes: 224
tot_uptimes_duration: 13445.192559999443
