comms_cons: 488.01514248673965
finished_reconf: true
global_termination_time: 4847574.813
local_termination_time: 1230386.03436
node_cons: 99712.62468893315
tot_aggregated_send: 67396
tot_msg_rcv: 2194
tot_msg_sent: 4585
tot_reconf_duration: 7.819999999999999
tot_sleeping_duration: 4773114.764360018
tot_uptimes: 1242
tot_uptimes_duration: 74460.04863998201
