comms_cons: 185.675795121256
finished_reconf: true
global_termination_time: 1010222.865
local_termination_time: 225874.82036000004
node_cons: 20738.763207831646
tot_aggregated_send: 0
tot_msg_rcv: 14461
tot_msg_sent: 13758
tot_reconf_duration: 8.09
tot_sleeping_duration: 994742.8224400062
tot_uptimes: 259
tot_uptimes_duration: 15480.042559993744
