comms_cons: 103.25433599570556
finished_reconf: true
global_termination_time: 1011914.496
local_termination_time: 492467.24836
node_cons: 20820.455803359706
tot_aggregated_send: 13746
tot_msg_rcv: 729
tot_msg_sent: 1218
tot_reconf_duration: 9.11
tot_sleeping_duration: 996374.4777600003
tot_uptimes: 260
tot_uptimes_duration: 15540.018239999772
