comms_cons: 104.63266559261717
finished_reconf: true
global_termination_time: 1009086.825
local_termination_time: 229688.6025600007
node_cons: 20743.135967836246
tot_aggregated_send: 12876
tot_msg_rcv: 1055
tot_msg_sent: 1973
tot_reconf_duration: 11.31
tot_sleeping_duration: 993606.7824400028
tot_uptimes: 259
tot_uptimes_duration: 15480.042559997179
