comms_cons: 239.93308798095995
finished_reconf: true
global_termination_time: 2415947.407
local_termination_time: 729903.5943599999
node_cons: 49680.911264466675
tot_aggregated_send: 32654
tot_msg_rcv: 1445
tot_msg_sent: 2369
tot_reconf_duration: 22.65
tot_sleeping_duration: 2378867.3826800096
tot_uptimes: 619
tot_uptimes_duration: 37080.02431999054
