comms_cons: 239.95536638805717
finished_reconf: true
global_termination_time: 2412804.104
local_termination_time: 838741.6823599999
node_cons: 49578.30823999936
tot_aggregated_send: 34568
tot_msg_rcv: 724
tot_msg_sent: 1179
tot_reconf_duration: 6.279999999999999
tot_sleeping_duration: 2375784.104
tot_uptimes: 618
tot_uptimes_duration: 37020.0
