comms_cons: 236.20706559391192
finished_reconf: true
global_termination_time: 2416383.254
local_termination_time: 1414096.7343599997
node_cons: 49657.04579999913
tot_aggregated_send: 34394
tot_msg_rcv: 466
tot_msg_sent: 1042
tot_reconf_duration: 5.1
tot_sleeping_duration: 2379303.254
tot_uptimes: 619
tot_uptimes_duration: 37080.0
