comms_cons: 236.56892159553445
finished_reconf: true
global_termination_time: 2416546.511
local_termination_time: 1319533.212
node_cons: 49684.47739999938
tot_aggregated_send: 34489
tot_msg_rcv: 469
tot_msg_sent: 1000
tot_reconf_duration: 25.299999999999997
tot_sleeping_duration: 2379466.511
tot_uptimes: 619
tot_uptimes_duration: 37080.0
