comms_cons: 237.08805119397968
finished_reconf: true
global_termination_time: 2415559.683
local_termination_time: 1466699.5745999997
node_cons: 49668.00485999922
tot_aggregated_send: 34974
tot_msg_rcv: 376
tot_msg_sent: 686
tot_reconf_duration: 13.17
tot_sleeping_duration: 2378479.683
tot_uptimes: 619
tot_uptimes_duration: 37080.0
