comms_cons: 235.73896958202957
finished_reconf: true
global_termination_time: 2413360.253
local_termination_time: 1227421.30036
node_cons: 49656.66012111623
tot_aggregated_send: 31784
tot_msg_rcv: 1412
tot_msg_sent: 2635
tot_reconf_duration: 4.8100000000000005
tot_sleeping_duration: 2376280.246920002
tot_uptimes: 619
tot_uptimes_duration: 37080.006079997635
