comms_cons: 235.5715967845612
finished_reconf: true
global_termination_time: 2412039.287
local_termination_time: 1294708.0420000001
node_cons: 49582.88463686382
tot_aggregated_send: 32360
tot_msg_rcv: 1080
tot_msg_sent: 2365
tot_reconf_duration: 7.819999999999999
tot_sleeping_duration: 2375017.4310800117
tot_uptimes: 618
tot_uptimes_duration: 37021.85591998836
