comms_cons: 240.46289278536617
finished_reconf: true
global_termination_time: 2411930.4262399888
local_termination_time: 21636.66272
node_cons: 49654.286118290715
tot_aggregated_send: 33408
tot_msg_rcv: 988
tot_msg_sent: 2151
tot_reconf_duration: 11.31
tot_sleeping_duration: 2374858.78536001
tot_uptimes: 618
tot_uptimes_duration: 37071.640879978644
