comms_cons: 201.0472191819697
finished_reconf: true
global_termination_time: 1977417.258
local_termination_time: 686613.2429999991
node_cons: 40660.6333689344
tot_aggregated_send: 27086
tot_msg_rcv: 1203
tot_msg_sent: 2269
tot_reconf_duration: 6.279999999999999
tot_sleeping_duration: 1947057.2093600188
tot_uptimes: 507
tot_uptimes_duration: 30360.048639981076
