comms_cons: 195.32986879208187
finished_reconf: true
global_termination_time: 1975573.879
local_termination_time: 1083672.2220799988
node_cons: 40584.07137999985
tot_aggregated_send: 28304
tot_msg_rcv: 407
tot_msg_sent: 978
tot_reconf_duration: 9.11
tot_sleeping_duration: 1945273.879
tot_uptimes: 506
tot_uptimes_duration: 30300.0
