comms_cons: 195.80671359023995
finished_reconf: true
global_termination_time: 1978264.404
local_termination_time: 802467.151
node_cons: 40672.56752111652
tot_aggregated_send: 28347
tot_msg_rcv: 427
tot_msg_sent: 987
tot_reconf_duration: 15.110000000000001
tot_sleeping_duration: 1947904.3979200025
tot_uptimes: 507
tot_uptimes_duration: 30360.006079997635
