comms_cons: 195.71866879332254
finished_reconf: true
global_termination_time: 1976456.351
local_termination_time: 861189.4544799998
node_cons: 40664.840501116596
tot_aggregated_send: 28478
tot_msg_rcv: 407
tot_msg_sent: 863
tot_reconf_duration: 9.42
tot_sleeping_duration: 1946096.3449200024
tot_uptimes: 507
tot_uptimes_duration: 30360.006079997635
