comms_cons: 242.83272960014784
finished_reconf: true
global_termination_time: 2443290.7847999986
local_termination_time: 2443290.7436799984
node_cons: 50332.33754943511
tot_aggregated_send: 35238
tot_msg_rcv: 640
tot_msg_sent: 1030
tot_reconf_duration: 37.410000000000004
tot_sleeping_duration: 2405739.2278400017
tot_uptimes: 626
tot_uptimes_duration: 37551.556959997106
