comms_cons: 262.0942718247965
finished_reconf: true
global_termination_time: 1334112.152
local_termination_time: 2357.1056
node_cons: 27420.693603359738
tot_aggregated_send: 0
tot_msg_rcv: 20064
tot_msg_sent: 19773
tot_reconf_duration: 18.21
tot_sleeping_duration: 1313652.13376
tot_uptimes: 342
tot_uptimes_duration: 20460.018239999772
