comms_cons: 134.5340671927268
finished_reconf: true
global_termination_time: 1331647.56
local_termination_time: 336095.914600001
node_cons: 27406.805137990086
tot_aggregated_send: 18270
tot_msg_rcv: 724
tot_msg_sent: 1454
tot_reconf_duration: 5.1
tot_sleeping_duration: 1311184.6180000075
tot_uptimes: 342
tot_uptimes_duration: 20462.94199999259
