comms_cons: 132.28139519482917
finished_reconf: true
global_termination_time: 1332372.84
local_termination_time: 980817.2504799998
node_cons: 27411.29897999996
tot_aggregated_send: 18502
tot_msg_rcv: 566
tot_msg_sent: 1038
tot_reconf_duration: 11.31
tot_sleeping_duration: 1311912.84
tot_uptimes: 342
tot_uptimes_duration: 20460.0
