comms_cons: 27.337548800437308
finished_reconf: true
global_termination_time: 268905.515
local_termination_time: 115751.71331999962
node_cons: 5494.551520722367
tot_aggregated_send: 3538
tot_msg_rcv: 228
tot_msg_sent: 389
tot_reconf_duration: 22.65
tot_sleeping_duration: 264825.01251999824
tot_uptimes: 69
tot_uptimes_duration: 4080.5024800017563
