comms_cons: 26.152320000210725
finished_reconf: true
global_termination_time: 268294.311
local_termination_time: 152613.20536000005
node_cons: 5475.9205011214135
tot_aggregated_send: 3828
tot_msg_rcv: 38
tot_msg_sent: 109
tot_reconf_duration: 9.42
tot_sleeping_duration: 264214.3049199989
tot_uptimes: 69
tot_uptimes_duration: 4080.0060800010688
