comms_cons: 26.2904832001151
finished_reconf: true
global_termination_time: 266872.284
local_termination_time: 98379.89835999998
node_cons: 5479.288341121448
tot_aggregated_send: 3828
tot_msg_rcv: 63
tot_msg_sent: 105
tot_reconf_duration: 11.899999999999999
tot_sleeping_duration: 262792.2779199989
tot_uptimes: 69
tot_uptimes_duration: 4080.0060800010688
