comms_cons: 80.64783359973542
finished_reconf: true
global_termination_time: 825682.731
local_termination_time: 341963.9723600001
node_cons: 16972.57986112149
tot_aggregated_send: 11948
tot_msg_rcv: 34
tot_msg_sent: 276
tot_reconf_duration: 15.34
tot_sleeping_duration: 813022.7249199989
tot_uptimes: 212
tot_uptimes_duration: 12660.006080001069
