comms_cons: 437.3236417002709
finished_reconf: true
global_termination_time: 4333260.933
local_termination_time: 1920662.481599999
node_cons: 89104.71361228381
tot_aggregated_send: 58580
tot_msg_rcv: 2654
tot_msg_sent: 5235
tot_reconf_duration: 5.57
tot_sleeping_duration: 4266720.8661200255
tot_uptimes: 1110
tot_uptimes_duration: 66540.06687997468
