comms_cons: 426.5163776163667
finished_reconf: true
global_termination_time: 4335915.765
local_termination_time: 500769.26836000005
node_cons: 89211.75739999759
tot_aggregated_send: 62292
tot_msg_rcv: 789
tot_msg_sent: 1747
tot_reconf_duration: 25.299999999999997
tot_sleeping_duration: 4269315.765
tot_uptimes: 1111
tot_uptimes_duration: 66600.0
