comms_cons: 300.5537151792055
finished_reconf: true
global_termination_time: 626823.7305999998
local_termination_time: 626823.6894799998
node_cons: 37661.278207166564
tot_aggregated_send: 0
tot_msg_rcv: 18539
tot_msg_sent: 27141
tot_reconf_duration: 24.59
tot_sleeping_duration: 598722.2481599948
tot_uptimes: 459
tot_uptimes_duration: 28101.482440005002
