comms_cons: 124.37063679166214
finished_reconf: true
global_termination_time: 627822.094
local_termination_time: 3535.5693600000004
node_cons: 12885.183123359633
tot_aggregated_send: 0
tot_msg_rcv: 9632
tot_msg_sent: 9270
tot_reconf_duration: 22.65
tot_sleeping_duration: 618222.0757600004
tot_uptimes: 161
tot_uptimes_duration: 9600.018239999714
