comms_cons: 62.587929599428875
finished_reconf: true
global_termination_time: 630029.028
local_termination_time: 137602.89560000008
node_cons: 12941.271980000016
tot_aggregated_send: 8932
tot_msg_rcv: 181
tot_msg_sent: 400
tot_reconf_duration: 4.8100000000000005
tot_sleeping_duration: 620369.028
tot_uptimes: 162
tot_uptimes_duration: 9660.0
