comms_cons: 61.23226879986448
finished_reconf: true
global_termination_time: 627782.975
local_termination_time: 458999.34260000003
node_cons: 12860.369761121388
tot_aggregated_send: 9164
tot_msg_rcv: 30
tot_msg_sent: 112
tot_reconf_duration: 4.390000000000001
tot_sleeping_duration: 618182.968919999
tot_uptimes: 161
tot_uptimes_duration: 9600.006080001069
