comms_cons: 100.1111295949628
finished_reconf: true
global_termination_time: 982115.593
local_termination_time: 578119.2801999997
node_cons: 20183.233001116918
tot_aggregated_send: 13398
tot_msg_rcv: 667
tot_msg_sent: 1151
tot_reconf_duration: 13.17
tot_sleeping_duration: 967055.5869200024
tot_uptimes: 252
tot_uptimes_duration: 15060.006079997635
