comms_cons: 96.64907519522197
finished_reconf: true
global_termination_time: 979326.762
local_termination_time: 621056.2863599998
node_cons: 20100.37526223361
tot_aggregated_send: 13282
tot_msg_rcv: 465
tot_msg_sent: 943
tot_reconf_duration: 11.31
tot_sleeping_duration: 964326.7498400047
tot_uptimes: 251
tot_uptimes_duration: 15000.012159995269
