comms_cons: 97.67668479239823
finished_reconf: true
global_termination_time: 979042.894
local_termination_time: 599960.0523599999
node_cons: 20092.406504467268
tot_aggregated_send: 12528
tot_msg_rcv: 862
tot_msg_sent: 1457
tot_reconf_duration: 5.43
tot_sleeping_duration: 964042.8696800094
tot_uptimes: 251
tot_uptimes_duration: 15000.024319990538
