comms_cons: 128.3476607929166
finished_reconf: true
global_termination_time: 1318000.835
local_termination_time: 6351.636
node_cons: 27082.673576784713
tot_aggregated_send: 17220
tot_msg_rcv: 784
tot_msg_sent: 1504
tot_reconf_duration: 5.87
tot_sleeping_duration: 1297780.7438000112
tot_uptimes: 338
tot_uptimes_duration: 20220.091199988557
