comms_cons: 126.24294399176071
finished_reconf: true
global_termination_time: 1323372.332
local_termination_time: 4631.808
node_cons: 27173.782551186756
tot_aggregated_send: 17444
tot_msg_rcv: 693
tot_msg_sent: 1053
tot_reconf_duration: 13.83
tot_sleeping_duration: 1303092.2712000099
tot_uptimes: 339
tot_uptimes_duration: 20280.060799990082
