comms_cons: 127.797932811652
finished_reconf: true
global_termination_time: 548268.3495999977
local_termination_time: 548268.3495999977
node_cons: 11387.37750897757
tot_aggregated_send: 0
tot_msg_rcv: 11181
tot_msg_sent: 8252
tot_reconf_duration: 37.410000000000004
tot_sleeping_duration: 539801.9009599846
tot_uptimes: 141
tot_uptimes_duration: 8466.448640013106
