comms_cons: 2.2632447999925214
finished_reconf: true
global_termination_time: 13716.417
local_termination_time: 4349.33536
node_cons: 252.0062200000002
tot_aggregated_send: 0
tot_msg_rcv: 176
tot_msg_sent: 167
tot_reconf_duration: 8.09
tot_sleeping_duration: 13536.417
tot_uptimes: 4
tot_uptimes_duration: 180.0
