comms_cons: 1035.6187160215106
finished_reconf: true
global_termination_time: 5255390.036
local_termination_time: 3636950.9097200003
node_cons: 108088.07498223064
tot_aggregated_send: 0
tot_msg_rcv: 79414
tot_msg_sent: 77994
tot_reconf_duration: 22.65
tot_sleeping_duration: 5174690.023840005
tot_uptimes: 1346
tot_uptimes_duration: 80700.0121599955
