comms_cons: 529.3475328870101
finished_reconf: true
global_termination_time: 5250552.824
local_termination_time: 3128340.8746
node_cons: 108002.37088223101
tot_aggregated_send: 73370
tot_msg_rcv: 2516
tot_msg_sent: 4570
tot_reconf_duration: 18.700000000000003
tot_sleeping_duration: 5169912.811840005
tot_uptimes: 1345
tot_uptimes_duration: 80640.0121599955
