comms_cons: 532.6784257128178
finished_reconf: true
global_termination_time: 5249711.094
local_termination_time: 3128333.6790799983
node_cons: 107991.84638223039
tot_aggregated_send: 72210
tot_msg_rcv: 3017
tot_msg_sent: 5737
tot_reconf_duration: 10.95
tot_sleeping_duration: 5169071.081840005
tot_uptimes: 1345
tot_uptimes_duration: 80640.0121599955
