comms_cons: 123.13630719681314
finished_reconf: true
global_termination_time: 1239100.615
local_termination_time: 925673.656119999
node_cons: 25476.22676000016
tot_aggregated_send: 17052
tot_msg_rcv: 653
tot_msg_sent: 1011
tot_reconf_duration: 6.22
tot_sleeping_duration: 1220080.615
tot_uptimes: 318
tot_uptimes_duration: 19020.0
