comms_cons: 40.02848000007131
finished_reconf: true
global_termination_time: 407930.307
local_termination_time: 231556.40284000058
node_cons: 8363.88824000001
tot_aggregated_send: 5916
tot_msg_rcv: 57
tot_msg_sent: 111
tot_reconf_duration: 6.279999999999999
tot_sleeping_duration: 401690.307
tot_uptimes: 105
tot_uptimes_duration: 6240.0
