comms_cons: 119.12886401412023
finished_reconf: true
global_termination_time: 407169.9811200005
local_termination_time: 407169.94000000047
node_cons: 16707.10475968065
tot_aggregated_send: 0
tot_msg_rcv: 6081
tot_msg_sent: 12025
tot_reconf_duration: 24.59
tot_sleeping_duration: 394717.62
tot_uptimes: 205
tot_uptimes_duration: 12452.36112000046
