comms_cons: 238.39855998739768
finished_reconf: true
global_termination_time: 2396721.369
local_termination_time: 519893.06336000003
node_cons: 49256.98080446663
tot_aggregated_send: 32306
tot_msg_rcv: 1315
tot_msg_sent: 2614
tot_reconf_duration: 6.279999999999999
tot_sleeping_duration: 2359941.3446800094
tot_uptimes: 614
tot_uptimes_duration: 36780.02431999054
