comms_cons: 241.5302655989223
finished_reconf: true
global_termination_time: 2395944.577
local_termination_time: 1139132.0753599997
node_cons: 49255.37836446648
tot_aggregated_send: 33060
tot_msg_rcv: 1156
tot_msg_sent: 2496
tot_reconf_duration: 5.1
tot_sleeping_duration: 2359164.5526800095
tot_uptimes: 614
tot_uptimes_duration: 36780.02431999054
