comms_cons: 239.92494081061534
finished_reconf: true
global_termination_time: 2392582.698
local_termination_time: 1221782.3070799988
node_cons: 49203.85181246814
tot_aggregated_send: 33350
tot_msg_rcv: 990
tot_msg_sent: 2129
tot_reconf_duration: 25.299999999999997
tot_sleeping_duration: 2355861.6416800083
tot_uptimes: 613
tot_uptimes_duration: 36721.05631999159
