comms_cons: 240.7131903920249
finished_reconf: true
global_termination_time: 2392910.076
local_termination_time: 816976.7907199998
node_cons: 49174.06604334986
tot_aggregated_send: 33582
tot_msg_rcv: 1090
tot_msg_sent: 1915
tot_reconf_duration: 4.390000000000001
tot_sleeping_duration: 2356190.0577600067
tot_uptimes: 613
tot_uptimes_duration: 36720.0182399929
