comms_cons: 254.8650495936414
finished_reconf: true
global_termination_time: 2581391.23
local_termination_time: 1648541.62136
node_cons: 53120.90019999936
tot_aggregated_send: 37294
tot_msg_rcv: 467
tot_msg_sent: 977
tot_reconf_duration: 11.899999999999999
tot_sleeping_duration: 2541731.23
tot_uptimes: 662
tot_uptimes_duration: 39660.0
