comms_cons: 260.28988158838973
finished_reconf: true
global_termination_time: 2580733.866
local_termination_time: 1342223.4111599992
node_cons: 53032.92817116778
tot_aggregated_send: 34220
tot_msg_rcv: 1707
tot_msg_sent: 3637
tot_reconf_duration: 6.22
tot_sleeping_duration: 2541133.8052000236
tot_uptimes: 661
tot_uptimes_duration: 39600.06079997658
