comms_cons: 256.4913983927298
finished_reconf: true
global_termination_time: 2582330.49
local_termination_time: 1445241.75336
node_cons: 53125.604284466615
tot_aggregated_send: 35322
tot_msg_rcv: 1269
tot_msg_sent: 2395
tot_reconf_duration: 15.34
tot_sleeping_duration: 2542670.4656800097
tot_uptimes: 662
tot_uptimes_duration: 39660.02431999054
