comms_cons: 105.93169919321991
finished_reconf: true
global_termination_time: 1074615.257
local_termination_time: 349988.7737200001
node_cons: 22104.12770111688
tot_aggregated_send: 14326
tot_msg_rcv: 543
tot_msg_sent: 1232
tot_reconf_duration: 7.819999999999999
tot_sleeping_duration: 1058115.2509200023
tot_uptimes: 276
tot_uptimes_duration: 16500.006079997635
