comms_cons: 131.81402239596355
finished_reconf: true
global_termination_time: 1346383.607
local_termination_time: 5180.025
node_cons: 27651.851821116878
tot_aggregated_send: 19303
tot_msg_rcv: 253
tot_msg_sent: 478
tot_reconf_duration: 10.96
tot_sleeping_duration: 1325743.6009200024
tot_uptimes: 345
tot_uptimes_duration: 20640.006079997635
