comms_cons: 109.49569919590091
finished_reconf: true
global_termination_time: 1085883.047
local_termination_time: 46056.771000000095
node_cons: 22340.514184476568
tot_aggregated_send: 15138
tot_msg_rcv: 516
tot_msg_sent: 988
tot_reconf_duration: 4.390000000000001
tot_sleeping_duration: 1069203.0226800025
tot_uptimes: 279
tot_uptimes_duration: 16680.024319997407
