comms_cons: 628.6592123887399
finished_reconf: true
global_termination_time: 1566661.789
local_termination_time: 250100.87860000008
node_cons: 94762.67655858603
tot_aggregated_send: 0
tot_msg_rcv: 38756
tot_msg_sent: 56796
tot_reconf_duration: 4.390000000000001
tot_sleeping_duration: 1495895.0116000087
tot_uptimes: 1157
tot_uptimes_duration: 70766.77739999144
