comms_cons: 308.344275204596
finished_reconf: true
global_termination_time: 3084115.943
local_termination_time: 284509.67036000005
node_cons: 63422.674387821455
tot_aggregated_send: 42224
tot_msg_rcv: 1463
tot_msg_sent: 3179
tot_reconf_duration: 25.299999999999997
tot_sleeping_duration: 3036775.900440013
tot_uptimes: 790
tot_uptimes_duration: 47340.04255998711
