comms_cons: 556.40456314154
finished_reconf: true
global_termination_time: 653598.702
local_termination_time: 183912.443
node_cons: 64336.80362306744
tot_aggregated_send: 0
tot_msg_rcv: 38484
tot_msg_sent: 46087
tot_reconf_duration: 15.34
tot_sleeping_duration: 605565.8626399786
tot_uptimes: 771
tot_uptimes_duration: 48032.83936002136
