comms_cons: 130.65964798717263
finished_reconf: true
global_termination_time: 654316.308
local_termination_time: 184679.47636000003
node_cons: 13427.448406728572
tot_aggregated_send: 0
tot_msg_rcv: 10250
tot_msg_sent: 9609
tot_reconf_duration: 7.819999999999999
tot_sleeping_duration: 644296.2715199935
tot_uptimes: 168
tot_uptimes_duration: 10020.036480006413
