comms_cons: 66.76572159748164
finished_reconf: true
global_termination_time: 654321.07
local_termination_time: 193991.41348000054
node_cons: 13432.147121121447
tot_aggregated_send: 8874
tot_msg_rcv: 471
tot_msg_sent: 803
tot_reconf_duration: 11.31
tot_sleeping_duration: 644301.0639199989
tot_uptimes: 168
tot_uptimes_duration: 10020.006080001069
