comms_cons: 130.7490687863755
finished_reconf: true
global_termination_time: 655158.28
local_termination_time: 184036.67799999999
node_cons: 13426.627126564812
tot_aggregated_send: 0
tot_msg_rcv: 10239
tot_msg_sent: 9634
tot_reconf_duration: 5.43
tot_sleeping_duration: 645136.4329599965
tot_uptimes: 168
tot_uptimes_duration: 10021.847040003588
