comms_cons: 33.4815488005605
finished_reconf: true
global_termination_time: 334889.828
local_termination_time: 194032.76748000007
node_cons: 6835.431980000005
tot_aggregated_send: 4698
tot_msg_rcv: 163
tot_msg_sent: 228
tot_reconf_duration: 4.8100000000000005
tot_sleeping_duration: 329789.828
tot_uptimes: 86
tot_uptimes_duration: 5100.0
