comms_cons: 87.17764479235902
finished_reconf: true
global_termination_time: 858416.42524
local_termination_time: 337125.3463600001
node_cons: 17639.617713832038
tot_aggregated_send: 11484
tot_msg_rcv: 553
tot_msg_sent: 1212
tot_reconf_duration: 18.21
tot_sleeping_duration: 845261.1686800059
tot_uptimes: 220
tot_uptimes_duration: 13155.256559994014
