comms_cons: 117.08904959290483
finished_reconf: true
global_termination_time: 1161272.629
local_termination_time: 330018.75836000004
node_cons: 23867.5282622337
tot_aggregated_send: 16008
tot_msg_rcv: 572
tot_msg_sent: 1217
tot_reconf_duration: 4.8100000000000005
tot_sleeping_duration: 1143452.6168400047
tot_uptimes: 298
tot_uptimes_duration: 17820.01215999527
