comms_cons: 34.03420160098722
finished_reconf: true
global_termination_time: 331310.68
local_termination_time: 157831.77836000008
node_cons: 6760.931380000028
tot_aggregated_send: 4408
tot_msg_rcv: 309
tot_msg_sent: 456
tot_reconf_duration: 9.11
tot_sleeping_duration: 326270.68
tot_uptimes: 85
tot_uptimes_duration: 5040.0
