comms_cons: 33.77761280030624
finished_reconf: true
global_termination_time: 334629.231
local_termination_time: 71736.95611999973
node_cons: 6845.06020000002
tot_aggregated_send: 4466
tot_msg_rcv: 215
tot_msg_sent: 453
tot_reconf_duration: 11.899999999999999
tot_sleeping_duration: 329529.231
tot_uptimes: 86
tot_uptimes_duration: 5100.0
