comms_cons: 33.24469760060913
finished_reconf: true
global_termination_time: 331372.952
local_termination_time: 54829.48736000001
node_cons: 6755.091980000005
tot_aggregated_send: 4408
tot_msg_rcv: 185
tot_msg_sent: 460
tot_reconf_duration: 4.8100000000000005
tot_sleeping_duration: 326332.952
tot_uptimes: 85
tot_uptimes_duration: 5040.0
