comms_cons: 33.58807040002683
finished_reconf: true
global_termination_time: 330995.455
local_termination_time: 9917.102440000002
node_cons: 6755.942081121437
tot_aggregated_send: 4408
tot_msg_rcv: 234
tot_msg_sent: 464
tot_reconf_duration: 5.43
tot_sleeping_duration: 325955.44891999895
tot_uptimes: 85
tot_uptimes_duration: 5040.006080001069
