comms_cons: 79.03718400006025
finished_reconf: true
global_termination_time: 795793.738
local_termination_time: 6700.441000000001
node_cons: 16315.853442240606
tot_aggregated_send: 11421
tot_msg_rcv: 242
tot_msg_sent: 350
tot_reconf_duration: 5.02
tot_sleeping_duration: 783613.7258399996
tot_uptimes: 204
tot_uptimes_duration: 12180.012160000435
