comms_cons: 79.87709439733081
finished_reconf: true
global_termination_time: 794834.64
local_termination_time: 6244.994000000001
node_cons: 16317.496622242887
tot_aggregated_send: 11129
tot_msg_rcv: 371
tot_msg_sent: 640
tot_reconf_duration: 6.23
tot_sleeping_duration: 782654.6278399979
tot_uptimes: 204
tot_uptimes_duration: 12180.012160002138
