comms_cons: 500.959788833747
finished_reconf: true
global_termination_time: 5140481.324
local_termination_time: 2342139.4472399983
node_cons: 105735.32595558888
tot_aggregated_send: 70818
tot_msg_rcv: 1879
tot_msg_sent: 3445
tot_reconf_duration: 5.57
tot_sleeping_duration: 5061521.083600006
tot_uptimes: 1317
tot_uptimes_duration: 78960.24039999372
