comms_cons: 884.0150609502624
finished_reconf: true
global_termination_time: 5141420.457
local_termination_time: 853182.7528799981
node_cons: 105738.09212446587
tot_aggregated_send: 0
tot_msg_rcv: 67661
tot_msg_sent: 66704
tot_reconf_duration: 7.819999999999999
tot_sleeping_duration: 5062460.432680009
tot_uptimes: 1317
tot_uptimes_duration: 78960.0243199917
