comms_cons: 32.77757439990157
finished_reconf: true
global_termination_time: 335043.91
local_termination_time: 91718.13347999996
node_cons: 6834.861620000007
tot_aggregated_send: 4872
tot_msg_rcv: 56
tot_msg_sent: 54
tot_reconf_duration: 4.390000000000001
tot_sleeping_duration: 329943.91
tot_uptimes: 86
tot_uptimes_duration: 5100.0
