comms_cons: 102.93816319388746
finished_reconf: true
global_termination_time: 1010949.956
local_termination_time: 10706.453200000002
node_cons: 20736.199324476554
tot_aggregated_send: 13572
tot_msg_rcv: 679
tot_msg_sent: 1395
tot_reconf_duration: 6.22
tot_sleeping_duration: 995469.9316800026
tot_uptimes: 259
tot_uptimes_duration: 15480.024319997407
