comms_cons: 198.98498550133908
finished_reconf: true
global_termination_time: 1009713.292
local_termination_time: 1021.07236
node_cons: 20743.07898000003
tot_aggregated_send: 0
tot_msg_rcv: 15282
tot_msg_sent: 14961
tot_reconf_duration: 11.31
tot_sleeping_duration: 994233.292
tot_uptimes: 259
tot_uptimes_duration: 15480.0
