comms_cons: 7.95550720012969
finished_reconf: true
global_termination_time: 59142.077
local_termination_time: 4765.121400000004
node_cons: 1223.0174244805974
tot_aggregated_send: 290
tot_msg_rcv: 398
tot_msg_sent: 523
tot_reconf_duration: 13.17
tot_sleeping_duration: 58242.05267999956
tot_uptimes: 16
tot_uptimes_duration: 900.0243200004461
