comms_cons: 0.18421759999939244
finished_reconf: true
global_termination_time: 3564.391960000002
local_termination_time: 3551.05636
node_cons: 52.581787440003076
tot_aggregated_send: 0
tot_msg_rcv: 19
tot_msg_sent: 8
tot_reconf_duration: 11.31
tot_sleeping_duration: 3536.593
tot_uptimes: 1
tot_uptimes_duration: 27.798960000002353
