comms_cons: 12.706943999646116
finished_reconf: true
global_termination_time: 101605.8465599996
local_termination_time: 101605.8054399996
node_cons: 2187.10070007775
tot_aggregated_send: 798
tot_msg_rcv: 380
tot_msg_sent: 754
tot_reconf_duration: 24.59
tot_sleeping_duration: 99997.40184000127
tot_uptimes: 27
tot_uptimes_duration: 1608.444719998326
