comms_cons: 13.589183999568512
finished_reconf: true
global_termination_time: 102153.972
local_termination_time: 36064.35656000014
node_cons: 2106.7655655968933
tot_aggregated_send: 638
tot_msg_rcv: 575
tot_msg_sent: 853
tot_reconf_duration: 13.17
tot_sleeping_duration: 100593.9416000023
tot_uptimes: 27
tot_uptimes_duration: 1560.0303999976823
