comms_cons: 11.757030399991079
finished_reconf: true
global_termination_time: 102489.688
local_termination_time: 71080.11155999987
node_cons: 2119.6312644800364
tot_aggregated_send: 986
tot_msg_rcv: 352
tot_msg_sent: 449
tot_reconf_duration: 22.65
tot_sleeping_duration: 100929.66367999997
tot_uptimes: 27
tot_uptimes_duration: 1560.0243200000186
