comms_cons: 52.2059520012217
finished_reconf: true
global_termination_time: 514975.648
local_termination_time: 198472.12336000009
node_cons: 10558.92182336433
tot_aggregated_send: 6844
tot_msg_rcv: 412
tot_msg_sent: 679
tot_reconf_duration: 25.299999999999997
tot_sleeping_duration: 507115.6297599968
tot_uptimes: 132
tot_uptimes_duration: 7860.018240003206
