comms_cons: 52.77239040152724
finished_reconf: true
global_termination_time: 513964.881
local_termination_time: 369230.82036000007
node_cons: 10528.747063364328
tot_aggregated_send: 6670
tot_msg_rcv: 476
tot_msg_sent: 876
tot_reconf_duration: 3.08
tot_sleeping_duration: 506104.8627599968
tot_uptimes: 132
tot_uptimes_duration: 7860.018240003206
