comms_cons: 52.03489280108984
finished_reconf: true
global_termination_time: 514402.586
local_termination_time: 322948.61516000034
node_cons: 10536.911379999996
tot_aggregated_send: 7018
tot_msg_rcv: 319
tot_msg_sent: 572
tot_reconf_duration: 9.11
tot_sleeping_duration: 506542.586
tot_uptimes: 132
tot_uptimes_duration: 7860.0
