comms_cons: 49.81175040030175
finished_reconf: true
global_termination_time: 512573.56
local_termination_time: 287133.29299999995
node_cons: 10559.792022081385
tot_aggregated_send: 7131
tot_msg_rcv: 91
tot_msg_sent: 350
tot_reconf_duration: 15.110000000000001
tot_sleeping_duration: 504702.55727999896
tot_uptimes: 132
tot_uptimes_duration: 7871.002720001037
