comms_cons: 2118.208377405059
finished_reconf: true
global_termination_time: 7273681.4036
local_termination_time: 7273681.36248
node_cons: 296536.3694045134
tot_aggregated_send: 0
tot_msg_rcv: 107996
tot_msg_sent: 213958
tot_reconf_duration: 37.410000000000004
tot_sleeping_duration: 7052258.276920006
tot_uptimes: 3659
tot_uptimes_duration: 221423.12667999452
