comms_cons: 1432.876599397264
finished_reconf: true
global_termination_time: 7273682.003599998
local_termination_time: 678.4984799999992
node_cons: 149638.44359845857
tot_aggregated_send: 0
tot_msg_rcv: 109785
tot_msg_sent: 108000
tot_reconf_duration: 18.21
tot_sleeping_duration: 7161946.59328001
tot_uptimes: 1863
tot_uptimes_duration: 111735.41031998774
