comms_cons: 722.5785793389863
finished_reconf: true
global_termination_time: 7277820.291
local_termination_time: 3678051.370759998
node_cons: 149685.83208558054
tot_aggregated_send: 99992
tot_msg_rcv: 3505
tot_msg_sent: 6330
tot_reconf_duration: 9.11
tot_sleeping_duration: 7166040.260600011
tot_uptimes: 1864
tot_uptimes_duration: 111780.03039998934
