comms_cons: 716.536179312234
finished_reconf: true
global_termination_time: 7275689.992
local_termination_time: 4552386.766239998
node_cons: 149693.97194446277
tot_aggregated_send: 101036
tot_msg_rcv: 2658
tot_msg_sent: 5215
tot_reconf_duration: 15.110000000000001
tot_sleeping_duration: 7163909.967680008
tot_uptimes: 1864
tot_uptimes_duration: 111780.02431999147
