comms_cons: 712.6053377099615
finished_reconf: true
global_termination_time: 7276687.262
local_termination_time: 5153167.29848
node_cons: 149688.30638222952
tot_aggregated_send: 100572
tot_msg_rcv: 2623
tot_msg_sent: 5116
tot_reconf_duration: 10.95
tot_sleeping_duration: 7164907.249840004
tot_uptimes: 1864
tot_uptimes_duration: 111780.01215999573
