comms_cons: 711.6975872624106
finished_reconf: true
global_termination_time: 7275605.669
local_termination_time: 5320333.579719999
node_cons: 149689.58019999423
tot_aggregated_send: 103704
tot_msg_rcv: 1501
tot_msg_sent: 2968
tot_reconf_duration: 11.899999999999999
tot_sleeping_duration: 7163825.669
tot_uptimes: 1864
tot_uptimes_duration: 111780.0
