comms_cons: 731.3051073760184
finished_reconf: true
global_termination_time: 7277823.875
local_termination_time: 346035.94936
node_cons: 149680.04967340376
tot_aggregated_send: 100746
tot_msg_rcv: 3434
tot_msg_sent: 6973
tot_reconf_duration: 4.8100000000000005
tot_sleeping_duration: 7166043.802040024
tot_uptimes: 1864
tot_uptimes_duration: 111780.07295997668
