comms_cons: 731.8172097648286
finished_reconf: true
global_termination_time: 7275691.28
local_termination_time: 606138.3603599999
node_cons: 149677.64331116524
tot_aggregated_send: 100746
tot_msg_rcv: 3394
tot_msg_sent: 7091
tot_reconf_duration: 3.05
tot_sleeping_duration: 7163911.2192000225
tot_uptimes: 1864
tot_uptimes_duration: 111780.06079997774
