comms_cons: 55.59486720485372
finished_reconf: true
global_termination_time: 302906.65
local_termination_time: 4945.244360000001
node_cons: 6194.626760000012
tot_aggregated_send: 0
tot_msg_rcv: 4262
tot_msg_sent: 4189
tot_reconf_duration: 6.22
tot_sleeping_duration: 298286.65
tot_uptimes: 78
tot_uptimes_duration: 4620.000000000004
