comms_cons: 66.74598399877495
finished_reconf: true
global_termination_time: 661333.166
local_termination_time: 363971.01736000006
node_cons: 13585.032201121421
tot_aggregated_send: 9164
tot_msg_rcv: 347
tot_msg_sent: 634
tot_reconf_duration: 5.57
tot_sleeping_duration: 651193.1599199988
tot_uptimes: 170
tot_uptimes_duration: 10140.00608000104
