comms_cons: 67.00257279851357
finished_reconf: true
global_termination_time: 660318.948
local_termination_time: 278203.03336000006
node_cons: 13583.991980000017
tot_aggregated_send: 8932
tot_msg_rcv: 384
tot_msg_sent: 868
tot_reconf_duration: 4.8100000000000005
tot_sleeping_duration: 650178.948
tot_uptimes: 170
tot_uptimes_duration: 10140.0
