comms_cons: 70.26711039904832
finished_reconf: true
global_termination_time: 661131.868
local_termination_time: 225653.990480001
node_cons: 13614.54310943612
tot_aggregated_send: 8352
tot_msg_rcv: 870
tot_msg_sent: 1460
tot_reconf_duration: 15.34
tot_sleeping_duration: 650979.7310400029
tot_uptimes: 170
tot_uptimes_duration: 10152.136959997093
