comms_cons: 139.53887999362217
finished_reconf: true
global_termination_time: 1411435.02224
local_termination_time: 380704.70920000016
node_cons: 29037.175123827412
tot_aggregated_send: 19778
tot_msg_rcv: 387
tot_msg_sent: 1044
tot_reconf_duration: 11.31
tot_sleeping_duration: 1389760.7756800095
tot_uptimes: 362
tot_uptimes_duration: 21674.24655999057
