comms_cons: 560.1006850970227
finished_reconf: true
global_termination_time: 2838409.959159997
local_termination_time: 2213.22848
node_cons: 58390.435315356415
tot_aggregated_send: 0
tot_msg_rcv: 43015
tot_msg_sent: 42118
tot_reconf_duration: 18.21
tot_sleeping_duration: 2794820.9329199987
tot_uptimes: 727
tot_uptimes_duration: 43589.026239998115
