comms_cons: 284.30384640435494
finished_reconf: true
global_termination_time: 2840057.273
local_termination_time: 295554.44028000085
node_cons: 58411.35446447093
tot_aggregated_send: 39324
tot_msg_rcv: 1414
tot_msg_sent: 2474
tot_reconf_duration: 3.05
tot_sleeping_duration: 2796437.2486800062
tot_uptimes: 728
tot_uptimes_duration: 43620.02431999397
