comms_cons: 87.72110080020687
finished_reconf: true
global_termination_time: 901123.397
local_termination_time: 500918.10936000006
node_cons: 18508.95870000006
tot_aggregated_send: 12934
tot_msg_rcv: 115
tot_msg_sent: 284
tot_reconf_duration: 22.65
tot_sleeping_duration: 887323.397
tot_uptimes: 231
tot_uptimes_duration: 13800.0
