comms_cons: 119.58416639480892
finished_reconf: true
global_termination_time: 1201885.47648
local_termination_time: 1201885.43536
node_cons: 24716.18864766947
tot_aggregated_send: 16864
tot_msg_rcv: 367
tot_msg_sent: 944
tot_reconf_duration: 24.59
tot_sleeping_duration: 1183451.7233600079
tot_uptimes: 308
tot_uptimes_duration: 18433.7531199921
