comms_cons: 120.43225599237185
finished_reconf: true
global_termination_time: 1201886.2802400002
local_termination_time: 39607.74636000011
node_cons: 24724.42214494439
tot_aggregated_send: 16588
tot_msg_rcv: 558
tot_msg_sent: 1158
tot_reconf_duration: 18.21
tot_sleeping_duration: 1183439.907600012
tot_uptimes: 308
tot_uptimes_duration: 18446.372639988316
