comms_cons: 119.07509119766449
finished_reconf: true
global_termination_time: 1203093.714
local_termination_time: 386753.23936
node_cons: 24753.248239999997
tot_aggregated_send: 17400
tot_msg_rcv: 239
tot_msg_sent: 460
tot_reconf_duration: 6.279999999999999
tot_sleeping_duration: 1184613.714
tot_uptimes: 309
tot_uptimes_duration: 18480.0
