comms_cons: 168.9535167512305
finished_reconf: true
global_termination_time: 773264.5339199995
local_termination_time: 2597.4326
node_cons: 15966.859109453333
tot_aggregated_send: 0
tot_msg_rcv: 14139
tot_msg_sent: 11532
tot_reconf_duration: 18.21
tot_sleeping_duration: 761358.5369599896
tot_uptimes: 199
tot_uptimes_duration: 11905.996960009943
