comms_cons: 75.70027519982663
finished_reconf: true
global_termination_time: 773264.4229599998
local_termination_time: 773249.1084799998
node_cons: 15947.21058743967
tot_aggregated_send: 11484
tot_msg_rcv: 14
tot_msg_sent: 8
tot_reconf_duration: 5.1
tot_sleeping_duration: 761359.804
tot_uptimes: 199
tot_uptimes_duration: 11904.61895999976
