comms_cons: 76.23319040035217
finished_reconf: true
global_termination_time: 775997.86
local_termination_time: 123840.74071999993
node_cons: 15925.213001121452
tot_aggregated_send: 11252
tot_msg_rcv: 115
tot_msg_sent: 220
tot_reconf_duration: 13.17
tot_sleeping_duration: 764117.8539199989
tot_uptimes: 199
tot_uptimes_duration: 11880.006080001069
