comms_cons: 76.53646079905046
finished_reconf: true
global_termination_time: 774110.434
local_termination_time: 6492.65648
node_cons: 15913.281620000023
tot_aggregated_send: 11136
tot_msg_rcv: 153
tot_msg_sent: 344
tot_reconf_duration: 4.390000000000001
tot_sleeping_duration: 762230.434
tot_uptimes: 199
tot_uptimes_duration: 11880.0
