comms_cons: 107.63996159465933
finished_reconf: true
global_termination_time: 1061340.5258399977
local_termination_time: 1061340.5258399977
node_cons: 21899.88772960474
tot_aggregated_send: 14370
tot_msg_rcv: 585
tot_msg_sent: 1404
tot_reconf_duration: 24.59
tot_sleeping_duration: 1045010.0594399942
tot_uptimes: 272
tot_uptimes_duration: 16330.466400003512
