comms_cons: 108.56995839202898
finished_reconf: true
global_termination_time: 1062515.682
local_termination_time: 91598.58559999996
node_cons: 21877.27430895769
tot_aggregated_send: 14210
tot_msg_rcv: 730
tot_msg_sent: 1562
tot_reconf_duration: 18.21
tot_sleeping_duration: 1046195.6333600017
tot_uptimes: 273
tot_uptimes_duration: 16320.048639998247
