comms_cons: 107.77352959255055
finished_reconf: true
global_termination_time: 1061777.023
local_termination_time: 330943.88336000004
node_cons: 21779.712201121474
tot_aggregated_send: 14384
tot_msg_rcv: 665
tot_msg_sent: 1331
tot_reconf_duration: 5.57
tot_sleeping_duration: 1045517.0169199989
tot_uptimes: 272
tot_uptimes_duration: 16260.006080001069
