comms_cons: 107.06211199472381
finished_reconf: true
global_termination_time: 1063120.08
local_termination_time: 237791.03672000012
node_cons: 21910.84572356135
tot_aggregated_send: 14500
tot_msg_rcv: 608
tot_msg_sent: 1165
tot_reconf_duration: 25.299999999999997
tot_sleeping_duration: 1046782.149959999
tot_uptimes: 273
tot_uptimes_duration: 16337.930040000967
