comms_cons: 106.55139839544078
finished_reconf: true
global_termination_time: 1063399.834
local_termination_time: 513720.40936000005
node_cons: 21860.967465588754
tot_aggregated_send: 14442
tot_msg_rcv: 514
tot_msg_sent: 1240
tot_reconf_duration: 6.22
tot_sleeping_duration: 1047079.8036000084
tot_uptimes: 273
tot_uptimes_duration: 16320.030399991607
