comms_cons: 470.4547392890251
finished_reconf: true
global_termination_time: 4660548.297
local_termination_time: 2890634.73336
node_cons: 95876.41126446547
tot_aggregated_send: 64902
tot_msg_rcv: 2326
tot_msg_sent: 4278
tot_reconf_duration: 22.65
tot_sleeping_duration: 4588968.272680009
tot_uptimes: 1194
tot_uptimes_duration: 71580.02431999124
