comms_cons: 469.2417601031866
finished_reconf: true
global_termination_time: 4660448.881
local_termination_time: 1289276.8565599986
node_cons: 95852.18454446566
tot_aggregated_send: 65018
tot_msg_rcv: 2126
tot_msg_sent: 4178
tot_reconf_duration: 4.8100000000000005
tot_sleeping_duration: 4588868.856680009
tot_uptimes: 1194
tot_uptimes_duration: 71580.02431999124
