comms_cons: 469.53574410415655
finished_reconf: true
global_termination_time: 4660281.876
local_termination_time: 2771276.00836
node_cons: 95862.80410446544
tot_aggregated_send: 64902
tot_msg_rcv: 2178
tot_msg_sent: 4287
tot_reconf_duration: 12.629999999999999
tot_sleeping_duration: 4588701.85168001
tot_uptimes: 1194
tot_uptimes_duration: 71580.02431999124
