comms_cons: 469.8459073156202
finished_reconf: true
global_termination_time: 4661566.38
local_termination_time: 455591.1041600008
node_cons: 95853.09163340055
tot_aggregated_send: 64728
tot_msg_rcv: 2209
tot_msg_sent: 4475
tot_reconf_duration: 5.43
tot_sleeping_duration: 4589986.307040027
tot_uptimes: 1194
tot_uptimes_duration: 71580.07295997255
