comms_cons: 471.5534913038692
finished_reconf: true
global_termination_time: 4660778.258
local_termination_time: 383288.23684000014
node_cons: 95866.54127228772
tot_aggregated_send: 64496
tot_msg_rcv: 2476
tot_msg_sent: 4700
tot_reconf_duration: 15.34
tot_sleeping_duration: 4589198.191120023
tot_uptimes: 1194
tot_uptimes_duration: 71580.06687997788
