comms_cons: 326.4356288259361
finished_reconf: true
global_termination_time: 3244417.061
local_termination_time: 555680.835
node_cons: 66690.62532276801
tot_aggregated_send: 45180
tot_msg_rcv: 1468
tot_msg_sent: 2967
tot_reconf_duration: 5.43
tot_sleeping_duration: 3194616.2758000228
tot_uptimes: 831
tot_uptimes_duration: 49800.785199977225
