comms_cons: 20.290252800167142
finished_reconf: true
global_termination_time: 205106.47
local_termination_time: 26098.27848
node_cons: 4185.244060000003
tot_aggregated_send: 2900
tot_msg_rcv: 73
tot_msg_sent: 111
tot_reconf_duration: 5.57
tot_sleeping_duration: 201986.47
tot_uptimes: 53
tot_uptimes_duration: 3120.0
