comms_cons: 20.00734720011898
finished_reconf: true
global_termination_time: 203347.667
local_termination_time: 158184.86648000008
node_cons: 4212.0374000000265
tot_aggregated_send: 2958
tot_msg_rcv: 49
tot_msg_sent: 34
tot_reconf_duration: 25.299999999999997
tot_sleeping_duration: 200227.667
tot_uptimes: 53
tot_uptimes_duration: 3120.0
