comms_cons: 103.6345855961139
finished_reconf: true
global_termination_time: 1032251.149
local_termination_time: 135794.76648000005
node_cons: 21213.901900000015
tot_aggregated_send: 14616
tot_msg_rcv: 440
tot_msg_sent: 695
tot_reconf_duration: 3.05
tot_sleeping_duration: 1016411.149
tot_uptimes: 265
tot_uptimes_duration: 15840.0
