comms_cons: 301.05271664598007
finished_reconf: true
global_termination_time: 1032500.629
local_termination_time: 177318.23120000065
node_cons: 42217.48697399957
tot_aggregated_send: 0
tot_msg_rcv: 15310
tot_msg_sent: 30449
tot_reconf_duration: 11.31
tot_sleeping_duration: 1000982.983
tot_uptimes: 521
tot_uptimes_duration: 31517.645999999935
