comms_cons: 236.08056318704558
finished_reconf: true
global_termination_time: 2356843.196239997
local_termination_time: 121224.76247999996
node_cons: 48472.53476271537
tot_aggregated_send: 32654
tot_msg_rcv: 1017
tot_msg_sent: 2209
tot_reconf_duration: 6.22
tot_sleeping_duration: 2320648.9557600003
tot_uptimes: 604
tot_uptimes_duration: 36194.24047999701
