comms_cons: 228.7314943979042
finished_reconf: true
global_termination_time: 2362120.624
local_termination_time: 1955226.66936
node_cons: 48540.71897999948
tot_aggregated_send: 34452
tot_msg_rcv: 74
tot_msg_sent: 239
tot_reconf_duration: 11.31
tot_sleeping_duration: 2325880.624
tot_uptimes: 605
tot_uptimes_duration: 36240.00000000003
