comms_cons: 80.92478719976565
finished_reconf: true
global_termination_time: 799183.945
local_termination_time: 395340.25292000023
node_cons: 16414.770882238223
tot_aggregated_send: 10730
tot_msg_rcv: 479
tot_msg_sent: 1091
tot_reconf_duration: 18.700000000000003
tot_sleeping_duration: 786943.9328400012
tot_uptimes: 205
tot_uptimes_duration: 12240.012159998703
