comms_cons: 82.16104959777068
finished_reconf: true
global_termination_time: 801982.269
local_termination_time: 438255.84936000005
node_cons: 16484.57010000004
tot_aggregated_send: 10672
tot_msg_rcv: 606
tot_msg_sent: 1210
tot_reconf_duration: 10.95
tot_sleeping_duration: 789682.269
tot_uptimes: 206
tot_uptimes_duration: 12300.0
