comms_cons: 629.8063745221567
finished_reconf: true
global_termination_time: 6329237.609
local_termination_time: 2341428.5523199984
node_cons: 130269.7592762931
tot_aggregated_send: 87174
tot_msg_rcv: 2933
tot_msg_sent: 5618
tot_reconf_duration: 25.299999999999997
tot_sleeping_duration: 6231974.426120017
tot_uptimes: 1621
tot_uptimes_duration: 97263.18287998321
