comms_cons: 631.6567425230702
finished_reconf: true
global_termination_time: 6330143.227
local_termination_time: 2707999.8878399986
node_cons: 130243.55208558105
tot_aggregated_send: 86420
tot_msg_rcv: 3557
tot_msg_sent: 6031
tot_reconf_duration: 9.11
tot_sleeping_duration: 6232883.196600011
tot_uptimes: 1622
tot_uptimes_duration: 97260.0303999891
