comms_cons: 281.06270720169414
finished_reconf: true
global_termination_time: 2810928.74
local_termination_time: 5493.283
node_cons: 57851.69043005173
tot_aggregated_send: 39493
tot_msg_rcv: 1069
tot_msg_sent: 2157
tot_reconf_duration: 5.02
tot_sleeping_duration: 2767728.685280021
tot_uptimes: 720
tot_uptimes_duration: 43200.05471997964
