comms_cons: 268.3167744082035
finished_reconf: true
global_termination_time: 2810571.687
local_termination_time: 3971.495
node_cons: 57851.035887818056
tot_aggregated_send: 39203
tot_msg_rcv: 522
tot_msg_sent: 1056
tot_reconf_duration: 4.55
tot_sleeping_duration: 2767371.644440016
tot_uptimes: 720
tot_uptimes_duration: 43200.04255998437
