comms_cons: 281.16373759982287
finished_reconf: true
global_termination_time: 2809158.896
local_termination_time: 4329.756
node_cons: 57853.64595005601
tot_aggregated_send: 39607
tot_msg_rcv: 1143
tot_msg_sent: 1984
tot_reconf_duration: 6.46
tot_sleeping_duration: 2765958.8412800175
tot_uptimes: 720
tot_uptimes_duration: 43200.05471998284
