comms_cons: 282.09519361352903
finished_reconf: true
global_termination_time: 2811123.581
local_termination_time: 5954.155
node_cons: 57850.00107117315
tot_aggregated_send: 38333
tot_msg_rcv: 1502
tot_msg_sent: 3041
tot_reconf_duration: 3.77
tot_sleeping_duration: 2767923.5202000192
tot_uptimes: 720
tot_uptimes_duration: 43200.06079998071
