comms_cons: 72.1031935978192
finished_reconf: true
global_termination_time: 708289.996
local_termination_time: 270508.35336000007
node_cons: 14572.314982242915
tot_aggregated_send: 9628
tot_msg_rcv: 478
tot_msg_sent: 853
tot_reconf_duration: 22.65
tot_sleeping_duration: 697429.9838399979
tot_uptimes: 182
tot_uptimes_duration: 10860.012160002138
