comms_cons: 70.52902399768344
finished_reconf: true
global_termination_time: 707295.011
local_termination_time: 452674.61236
node_cons: 14556.898980000018
tot_aggregated_send: 9976
tot_msg_rcv: 232
tot_msg_sent: 512
tot_reconf_duration: 11.31
tot_sleeping_duration: 696435.011
tot_uptimes: 182
tot_uptimes_duration: 10860.0
