comms_cons: 29.824140800155988
finished_reconf: true
global_termination_time: 309726.2101200002
local_termination_time: 247087.07736000005
node_cons: 6386.309610801706
tot_aggregated_send: 4176
tot_msg_rcv: 124
tot_msg_sent: 233
tot_reconf_duration: 8.09
tot_sleeping_duration: 304964.9529199989
tot_uptimes: 80
tot_uptimes_duration: 4761.257200001273
