comms_cons: 40.58113280019173
finished_reconf: true
global_termination_time: 410437.001
local_termination_time: 165159.98836000005
node_cons: 8456.531720000004
tot_aggregated_send: 5916
tot_msg_rcv: 92
tot_msg_sent: 160
tot_reconf_duration: 15.34
tot_sleeping_duration: 404137.001
tot_uptimes: 106
tot_uptimes_duration: 6300.0
