comms_cons: 39.85679360012041
finished_reconf: true
global_termination_time: 408834.51648000017
local_termination_time: 168904.85328000083
node_cons: 8422.983194641345
tot_aggregated_send: 5974
tot_msg_rcv: 35
tot_msg_sent: 48
tot_reconf_duration: 25.299999999999997
tot_sleeping_duration: 402569.67271999916
tot_uptimes: 105
tot_uptimes_duration: 6264.843760000978
