comms_cons: 40.83051520036917
finished_reconf: true
global_termination_time: 409247.297
local_termination_time: 22253.619000000002
node_cons: 8362.733940000011
tot_aggregated_send: 5568
tot_msg_rcv: 179
tot_msg_sent: 459
tot_reconf_duration: 5.43
tot_sleeping_duration: 403007.297
tot_uptimes: 105
tot_uptimes_duration: 6240.0
