comms_cons: 49.781542403297436
finished_reconf: true
global_termination_time: 235295.59292000037
local_termination_time: 171.96503999999996
node_cons: 4879.865839366244
tot_aggregated_send: 0
tot_msg_rcv: 4068
tot_msg_sent: 3496
tot_reconf_duration: 18.21
tot_sleeping_duration: 231669.6506799957
tot_uptimes: 61
tot_uptimes_duration: 3625.9422400046606
