comms_cons: 24.599628800239163
finished_reconf: true
global_termination_time: 240007.632
local_termination_time: 90442.86963999976
node_cons: 4906.7016200000035
tot_aggregated_send: 3132
tot_msg_rcv: 205
tot_msg_sent: 402
tot_reconf_duration: 4.390000000000001
tot_sleeping_duration: 236347.632
tot_uptimes: 62
tot_uptimes_duration: 3660.0
