comms_cons: 14.848281600206718
finished_reconf: true
global_termination_time: 75617.514
local_termination_time: 2940.7763600000003
node_cons: 1557.226841120291
tot_aggregated_send: 0
tot_msg_rcv: 1172
tot_msg_sent: 1084
tot_reconf_duration: 22.65
tot_sleeping_duration: 74477.50791999977
tot_uptimes: 20
tot_uptimes_duration: 1140.0060800002175
