comms_cons: 14.421606400190417
finished_reconf: true
global_termination_time: 75368.859
local_termination_time: 267.4480399999998
node_cons: 1532.4216199999998
tot_aggregated_send: 0
tot_msg_rcv: 1093
tot_msg_sent: 1099
tot_reconf_duration: 4.390000000000001
tot_sleeping_duration: 74228.859
tot_uptimes: 20
tot_uptimes_duration: 1140.0
