comms_cons: 161.39529598834542
finished_reconf: true
global_termination_time: 1604282.73224
local_termination_time: 53846.15836000001
node_cons: 32983.22160606567
tot_aggregated_send: 22272
tot_msg_rcv: 812
tot_msg_sent: 1445
tot_reconf_duration: 18.21
tot_sleeping_duration: 1579668.4735200107
tot_uptimes: 411
tot_uptimes_duration: 24614.258719989273
