comms_cons: 155.83493119443503
finished_reconf: true
global_termination_time: 1604297.956
local_termination_time: 857420.2034799998
node_cons: 32946.972201116805
tot_aggregated_send: 22330
tot_msg_rcv: 484
tot_msg_sent: 872
tot_reconf_duration: 5.57
tot_sleeping_duration: 1579697.9499200024
tot_uptimes: 411
tot_uptimes_duration: 24600.006079997635
