comms_cons: 162.00193918634153
finished_reconf: true
global_termination_time: 1604333.494
local_termination_time: 382026.58136000007
node_cons: 32970.20754670107
tot_aggregated_send: 21924
tot_msg_rcv: 969
tot_msg_sent: 1730
tot_reconf_duration: 22.65
tot_sleeping_duration: 1579733.4575200141
tot_uptimes: 411
tot_uptimes_duration: 24600.036479985807
