comms_cons: 244.9238782466787
finished_reconf: true
global_termination_time: 1606626.973
local_termination_time: 955677.5715199992
node_cons: 33030.37584223379
tot_aggregated_send: 0
tot_msg_rcv: 18723
tot_msg_sent: 18504
tot_reconf_duration: 7.819999999999999
tot_sleeping_duration: 1581966.9608400047
tot_uptimes: 412
tot_uptimes_duration: 24660.01215999527
