comms_cons: 603.7303804204624
finished_reconf: true
global_termination_time: 1604624.178
local_termination_time: 955676.9815199992
node_cons: 97576.9662546698
tot_aggregated_send: 0
tot_msg_rcv: 37003
tot_msg_sent: 54762
tot_reconf_duration: 6.22
tot_sleeping_duration: 1531757.471880006
tot_uptimes: 1197
tot_uptimes_duration: 72866.70611999425
