comms_cons: 59.52202240077976
finished_reconf: true
global_termination_time: 595212.623
local_termination_time: 26210.337840000004
node_cons: 12242.438700000019
tot_aggregated_send: 8352
tot_msg_rcv: 252
tot_msg_sent: 443
tot_reconf_duration: 22.65
tot_sleeping_duration: 586092.623
tot_uptimes: 153
tot_uptimes_duration: 9120.0
