comms_cons: 58.66672640064365
finished_reconf: true
global_termination_time: 595457.496
local_termination_time: 176230.09912000046
node_cons: 12227.840200000019
tot_aggregated_send: 8468
tot_msg_rcv: 112
tot_msg_sent: 337
tot_reconf_duration: 11.899999999999999
tot_sleeping_duration: 586337.496
tot_uptimes: 153
tot_uptimes_duration: 9120.000000000007
