comms_cons: 410.5052029153876
finished_reconf: true
global_termination_time: 1408793.596
local_termination_time: 637275.6905999999
node_cons: 57472.77207699906
tot_aggregated_send: 0
tot_msg_rcv: 20940
tot_msg_sent: 41454
tot_reconf_duration: 13.17
tot_sleeping_duration: 1365884.7929999998
tot_uptimes: 709
tot_uptimes_duration: 42908.802999999985
