comms_cons: 139.36124159685656
finished_reconf: true
global_termination_time: 1411999.567
local_termination_time: 902812.5153599998
node_cons: 29006.922639999986
tot_aggregated_send: 20242
tot_msg_rcv: 246
tot_msg_sent: 694
tot_reconf_duration: 3.08
tot_sleeping_duration: 1390339.567
tot_uptimes: 362
tot_uptimes_duration: 21660.0
