comms_cons: 539.2434177383249
finished_reconf: true
global_termination_time: 5324844.472519999
local_termination_time: 5324844.431399999
node_cons: 109596.6381222775
tot_aggregated_send: 73692
tot_msg_rcv: 2890
tot_msg_sent: 5379
tot_reconf_duration: 37.410000000000004
tot_sleeping_duration: 5243032.795640028
tot_uptimes: 1364
tot_uptimes_duration: 81811.67687997091
