comms_cons: 519.8949632387076
finished_reconf: true
global_termination_time: 5328594.225
local_termination_time: 2832084.4574800003
node_cons: 109591.38104781654
tot_aggregated_send: 74298
tot_msg_rcv: 1586
tot_msg_sent: 3137
tot_reconf_duration: 5.57
tot_sleeping_duration: 5246754.182440015
tot_uptimes: 1365
tot_uptimes_duration: 81840.0425599846
