comms_cons: 524.1443136437717
finished_reconf: true
global_termination_time: 5327025.159
local_termination_time: 1532242.1035199992
node_cons: 109596.1802266994
tot_aggregated_send: 74820
tot_msg_rcv: 1591
tot_msg_sent: 3255
tot_reconf_duration: 9.11
tot_sleeping_duration: 5245185.122520013
tot_uptimes: 1365
tot_uptimes_duration: 81840.03647998696
