comms_cons: 528.70291206889
finished_reconf: true
global_termination_time: 5327193.944
local_termination_time: 827961.9035999997
node_cons: 109604.34134889505
tot_aggregated_send: 74820
tot_msg_rcv: 1820
tot_msg_sent: 3719
tot_reconf_duration: 15.110000000000001
tot_sleeping_duration: 5245353.897720017
tot_uptimes: 1365
tot_uptimes_duration: 81840.04627998383
