comms_cons: 529.0813120943145
finished_reconf: true
global_termination_time: 5327071.236
local_termination_time: 790681.09136
node_cons: 109594.44468893303
tot_aggregated_send: 74124
tot_msg_rcv: 2159
tot_msg_sent: 4134
tot_reconf_duration: 7.819999999999999
tot_sleeping_duration: 5245231.187360018
tot_uptimes: 1365
tot_uptimes_duration: 81840.04863998224
