comms_cons: 525.9873024566259
finished_reconf: true
global_termination_time: 5328598.197
local_termination_time: 2521413.20048
node_cons: 109591.19092781632
tot_aggregated_send: 74646
tot_msg_rcv: 1755
tot_msg_sent: 3546
tot_reconf_duration: 5.43
tot_sleeping_duration: 5246758.154440016
tot_uptimes: 1365
tot_uptimes_duration: 81840.0425599846
