comms_cons: 121.52440319052063
finished_reconf: true
global_termination_time: 1202154.7114799998
local_termination_time: 1202154.6703599999
node_cons: 24716.1398009535
tot_aggregated_send: 16690
tot_msg_rcv: 668
tot_msg_sent: 1112
tot_reconf_duration: 24.59
tot_sleeping_duration: 1183720.9948400047
tot_uptimes: 308
tot_uptimes_duration: 18433.71663999511
