comms_cons: 56.278476800342936
finished_reconf: true
global_termination_time: 566716.176
local_termination_time: 26905.389479999998
node_cons: 11655.261620000016
tot_aggregated_send: 8236
tot_msg_rcv: 148
tot_msg_sent: 170
tot_reconf_duration: 4.390000000000001
tot_sleeping_duration: 558016.176
tot_uptimes: 146
tot_uptimes_duration: 8700.0
