comms_cons: 416.7133696450066
finished_reconf: true
global_termination_time: 4200709.379
local_termination_time: 777324.7854799998
node_cons: 86377.936508933
tot_aggregated_send: 58290
tot_msg_rcv: 1599
tot_msg_sent: 3449
tot_reconf_duration: 9.11
tot_sleeping_duration: 4136209.330360018
tot_uptimes: 1076
tot_uptimes_duration: 64500.04863998154
