comms_cons: 421.04934408031596
finished_reconf: true
global_termination_time: 4195912.946
local_termination_time: 1834376.7904799997
node_cons: 86291.16232558223
tot_aggregated_send: 58754
tot_msg_rcv: 1701
tot_msg_sent: 3541
tot_reconf_duration: 4.390000000000001
tot_sleeping_duration: 4131472.915600012
tot_uptimes: 1075
tot_uptimes_duration: 64440.03039998852
