comms_cons: 424.79319686925595
finished_reconf: true
global_termination_time: 4196809.06
local_termination_time: 1603295.8133599998
node_cons: 86293.66374781649
tot_aggregated_send: 58116
tot_msg_rcv: 2270
tot_msg_sent: 4180
tot_reconf_duration: 6.22
tot_sleeping_duration: 4132369.0174400155
tot_uptimes: 1075
tot_uptimes_duration: 64440.042559984155
