comms_cons: 1.6579583999945224
finished_reconf: true
global_termination_time: 11846.227
local_termination_time: 8144.983359999999
node_cons: 246.981619999998
tot_aggregated_send: 0
tot_msg_rcv: 129
tot_msg_sent: 123
tot_reconf_duration: 4.390000000000001
tot_sleeping_duration: 11666.227000000003
tot_uptimes: 4
tot_uptimes_duration: 179.9999999999991
