comms_cons: 64.18667519918154
finished_reconf: true
global_termination_time: 646994.433
local_termination_time: 184853.904480001
node_cons: 13263.610253842808
tot_aggregated_send: 9164
tot_msg_rcv: 189
tot_msg_sent: 403
tot_reconf_duration: 4.390000000000001
tot_sleeping_duration: 637093.276439998
tot_uptimes: 166
tot_uptimes_duration: 9901.15656000207
