comms_cons: 288.89787522609515
finished_reconf: true
global_termination_time: 2856149.515239997
local_termination_time: 40220.98548000002
node_cons: 58765.193862766755
tot_aggregated_send: 39150
tot_msg_rcv: 1526
tot_msg_sent: 3233
tot_reconf_duration: 11.899999999999999
tot_sleeping_duration: 2812274.2100400208
tot_uptimes: 732
tot_uptimes_duration: 43875.30519997596
