comms_cons: 168.54449278637875
finished_reconf: true
global_termination_time: 1660886.714999998
local_termination_time: 1660886.714999998
node_cons: 34278.49345741629
tot_aggregated_send: 22884
tot_msg_rcv: 922
tot_msg_sent: 1809
tot_reconf_duration: 37.410000000000004
tot_sleeping_duration: 1635324.5860400158
tot_uptimes: 426
tot_uptimes_duration: 25562.128959982292
