comms_cons: 163.85497599342034
finished_reconf: true
global_termination_time: 1662819.67
local_termination_time: 735857.4563599998
node_cons: 34169.89459999993
tot_aggregated_send: 24070
tot_msg_rcv: 272
tot_msg_sent: 563
tot_reconf_duration: 18.700000000000003
tot_sleeping_duration: 1637319.67
tot_uptimes: 426
tot_uptimes_duration: 25500.0
