comms_cons: 849.8221072039474
finished_reconf: true
global_termination_time: 4323699.997
local_termination_time: 2140269.1116
node_cons: 88967.15498223146
tot_aggregated_send: 0
tot_msg_rcv: 64978
tot_msg_sent: 64190
tot_reconf_duration: 22.65
tot_sleeping_duration: 4257279.984840005
tot_uptimes: 1108
tot_uptimes_duration: 66420.0121599955
