comms_cons: 436.02618247448
finished_reconf: true
global_termination_time: 4320515.734
local_termination_time: 2494279.703
node_cons: 88875.91599133165
tot_aggregated_send: 60028
tot_msg_rcv: 2119
tot_msg_sent: 4126
tot_reconf_duration: 9.42
tot_sleeping_duration: 4254150.44376002
tot_uptimes: 1107
tot_uptimes_duration: 66365.29023998021
