comms_cons: 433.7317376388415
finished_reconf: true
global_termination_time: 4321057.25
local_termination_time: 432658.1843600001
node_cons: 88863.49535116719
tot_aggregated_send: 60494
tot_msg_rcv: 1883
tot_msg_sent: 3547
tot_reconf_duration: 5.43
tot_sleeping_duration: 4254697.189200023
tot_uptimes: 1107
tot_uptimes_duration: 66360.06079997728
