comms_cons: 53.689875200522636
finished_reconf: true
global_termination_time: 527718.165
local_termination_time: 219058.51036000007
node_cons: 10851.861620000036
tot_aggregated_send: 7308
tot_msg_rcv: 334
tot_msg_sent: 518
tot_reconf_duration: 4.390000000000001
tot_sleeping_duration: 519618.16500000004
tot_uptimes: 136
tot_uptimes_duration: 8100.0
