comms_cons: 52.913267201060194
finished_reconf: true
global_termination_time: 530128.109
local_termination_time: 196591.31636000006
node_cons: 10850.066323364292
tot_aggregated_send: 6844
tot_msg_rcv: 322
tot_msg_sent: 877
tot_reconf_duration: 3.05
tot_sleeping_duration: 522028.09075999685
tot_uptimes: 136
tot_uptimes_duration: 8100.018240003206
