comms_cons: 53.17372160057216
finished_reconf: true
global_termination_time: 527663.076
local_termination_time: 144112.51736000006
node_cons: 10861.291544485734
tot_aggregated_send: 7308
tot_msg_rcv: 256
tot_msg_sent: 518
tot_reconf_duration: 11.31
tot_sleeping_duration: 519563.0516799957
tot_uptimes: 136
tot_uptimes_duration: 8100.024320004275
