comms_cons: 10.288595200147107
finished_reconf: true
global_termination_time: 84507.271
local_termination_time: 50060.30404000015
node_cons: 1698.134361120296
tot_aggregated_send: 348
tot_msg_rcv: 519
tot_msg_sent: 696
tot_reconf_duration: 8.09
tot_sleeping_duration: 83247.26491999978
tot_uptimes: 22
tot_uptimes_duration: 1260.0060800002175
