comms_cons: 11.699699200017623
finished_reconf: true
global_termination_time: 85284.942
local_termination_time: 29728.74136
node_cons: 1698.180540000001
tot_aggregated_send: 696
tot_msg_rcv: 560
tot_msg_sent: 523
tot_reconf_duration: 8.129999999999999
tot_sleeping_duration: 84024.942
tot_uptimes: 22
tot_uptimes_duration: 1260.0
