comms_cons: 9.336512000150147
finished_reconf: true
global_termination_time: 82399.337
local_termination_time: 42137.34836000001
node_cons: 1693.6964033608701
tot_aggregated_send: 464
tot_msg_rcv: 364
tot_msg_sent: 592
tot_reconf_duration: 4.8100000000000005
tot_sleeping_duration: 81139.31875999934
tot_uptimes: 22
tot_uptimes_duration: 1260.0182400006524
