comms_cons: 10.257600000147542
finished_reconf: true
global_termination_time: 83396.244
local_termination_time: 37050.71636000001
node_cons: 1697.783983360873
tot_aggregated_send: 406
tot_msg_rcv: 402
tot_msg_sent: 752
tot_reconf_duration: 7.819999999999999
tot_sleeping_duration: 82136.22575999936
tot_uptimes: 22
tot_uptimes_duration: 1260.0182400006524
