comms_cons: 0.6381823999996594
finished_reconf: true
global_termination_time: 5810.67
local_termination_time: 483.09235999999987
node_cons: 111.09869999999998
tot_aggregated_send: 0
tot_msg_rcv: 60
tot_msg_sent: 37
tot_reconf_duration: 22.65
tot_sleeping_duration: 5750.67
tot_uptimes: 2
tot_uptimes_duration: 60.0
