comms_cons: 362.16993920328787
finished_reconf: true
global_termination_time: 3669855.441
local_termination_time: 2527311.619999999
node_cons: 75446.84034223258
tot_aggregated_send: 50866
tot_msg_rcv: 1559
tot_msg_sent: 2621
tot_reconf_duration: 5.57
tot_sleeping_duration: 3613515.4288400044
tot_uptimes: 940
tot_uptimes_duration: 56340.0121599955
