comms_cons: 361.29345920374567
finished_reconf: true
global_termination_time: 3673430.916
local_termination_time: 2457681.8053599996
node_cons: 75553.98996446561
tot_aggregated_send: 51214
tot_msg_rcv: 1163
tot_msg_sent: 2537
tot_reconf_duration: 25.299999999999997
tot_sleeping_duration: 3617030.8916800097
tot_uptimes: 941
tot_uptimes_duration: 56400.02431999077
