comms_cons: 362.6527104206633
finished_reconf: true
global_termination_time: 3671737.713
local_termination_time: 1669229.5773599998
node_cons: 75537.51742446575
tot_aggregated_send: 50982
tot_msg_rcv: 1243
tot_msg_sent: 2897
tot_reconf_duration: 13.17
tot_sleeping_duration: 3615337.6886800095
tot_uptimes: 941
tot_uptimes_duration: 56400.02431999077
