comms_cons: 368.81064324075237
finished_reconf: true
global_termination_time: 3669134.1331199966
local_termination_time: 30650.73844
node_cons: 75490.4328797264
tot_aggregated_send: 51156
tot_msg_rcv: 1658
tot_msg_sent: 3242
tot_reconf_duration: 22.65
tot_sleeping_duration: 3612778.8872800204
tot_uptimes: 940
tot_uptimes_duration: 56355.24583997624
