comms_cons: 723.0523658304606
finished_reconf: true
global_termination_time: 3672405.71
local_termination_time: 2891.49436
node_cons: 75535.81718782157
tot_aggregated_send: 0
tot_msg_rcv: 55373
tot_msg_sent: 54524
tot_reconf_duration: 11.899999999999999
tot_sleeping_duration: 3616005.6674400126
tot_uptimes: 941
tot_uptimes_duration: 56400.042559987574
