comms_cons: 389.9957312502073
finished_reconf: true
global_termination_time: 3869023.936
local_termination_time: 242453.3719600006
node_cons: 79562.09229341049
tot_aggregated_send: 53940
tot_msg_rcv: 1859
tot_msg_sent: 3479
tot_reconf_duration: 18.700000000000003
tot_sleeping_duration: 3809623.8630400207
tot_uptimes: 991
tot_uptimes_duration: 59400.072959979414
