comms_cons: 394.59337609165084
finished_reconf: true
global_termination_time: 3868399.786
local_termination_time: 20470.618359999997
node_cons: 79552.86603454077
tot_aggregated_send: 52548
tot_msg_rcv: 2550
tot_msg_sent: 4877
tot_reconf_duration: 11.899999999999999
tot_sleeping_duration: 3808999.7069600127
tot_uptimes: 991
tot_uptimes_duration: 59400.07903998712
