comms_cons: 383.3320448302517
finished_reconf: true
global_termination_time: 3868287.153
local_termination_time: 695175.0703599999
node_cons: 79543.1971089337
tot_aggregated_send: 54404
tot_msg_rcv: 1355
tot_msg_sent: 2505
tot_reconf_duration: 4.8100000000000005
tot_sleeping_duration: 3808887.1043600184
tot_uptimes: 991
tot_uptimes_duration: 59400.048639981775
