comms_cons: 115.95868153266292
finished_reconf: true
global_termination_time: 1158010.517
local_termination_time: 1862.1551200000001
node_cons: 23810.130286717143
tot_aggregated_send: 0
tot_msg_rcv: 472
tot_msg_sent: 17153
tot_reconf_duration: 21.68
tot_sleeping_duration: 1140250.480520002
tot_uptimes: 297
tot_uptimes_duration: 17760.03647999784
