comms_cons: 13.791308799761023
finished_reconf: true
global_termination_time: 114407.728
local_termination_time: 48730.520640000075
node_cons: 2338.404522238301
tot_aggregated_send: 928
tot_msg_rcv: 422
tot_msg_sent: 746
tot_reconf_duration: 6.279999999999999
tot_sleeping_duration: 112667.71584000127
tot_uptimes: 30
tot_uptimes_duration: 1740.0121599987324
