comms_cons: 13.323814399667558
finished_reconf: true
global_termination_time: 115842.431
local_termination_time: 69190.27035999998
node_cons: 2340.5121244777542
tot_aggregated_send: 1160
tot_msg_rcv: 344
tot_msg_sent: 520
tot_reconf_duration: 7.819999999999999
tot_sleeping_duration: 114102.40668000169
tot_uptimes: 30
tot_uptimes_duration: 1740.024319998316
