comms_cons: 51.25854720027998
finished_reconf: true
global_termination_time: 520439.024
local_termination_time: 118917.83075999949
node_cons: 10693.666760000015
tot_aggregated_send: 7482
tot_msg_rcv: 82
tot_msg_sent: 227
tot_reconf_duration: 6.22
tot_sleeping_duration: 512459.024
tot_uptimes: 134
tot_uptimes_duration: 7980.0
