comms_cons: 106.01722879173285
finished_reconf: true
global_termination_time: 1057564.4152400002
local_termination_time: 176141.95836000005
node_cons: 21749.121082710688
tot_aggregated_send: 14500
tot_msg_rcv: 611
tot_msg_sent: 1002
tot_reconf_duration: 18.21
tot_sleeping_duration: 1041340.0747600072
tot_uptimes: 271
tot_uptimes_duration: 16224.340479993029
