comms_cons: 204.92234238373177
finished_reconf: true
global_termination_time: 2049649.681
local_termination_time: 77674.51547999997
node_cons: 42122.93802670065
tot_aggregated_send: 28710
tot_msg_rcv: 763
tot_msg_sent: 1674
tot_reconf_duration: 18.21
tot_sleeping_duration: 2018209.6445200143
tot_uptimes: 525
tot_uptimes_duration: 31440.036479985807
