comms_cons: 111.08446719611297
finished_reconf: true
global_termination_time: 1096722.072
local_termination_time: 282466.62432000064
node_cons: 22505.860265588803
tot_aggregated_send: 14790
tot_msg_rcv: 642
tot_msg_sent: 1454
tot_reconf_duration: 7.819999999999999
tot_sleeping_duration: 1079922.0416000083
tot_uptimes: 281
tot_uptimes_duration: 16800.030399991607
