comms_cons: 107.99098879869236
finished_reconf: true
global_termination_time: 1096036.847
local_termination_time: 570906.5403599999
node_cons: 22510.55897999995
tot_aggregated_send: 15892
tot_msg_rcv: 184
tot_msg_sent: 338
tot_reconf_duration: 11.31
tot_sleeping_duration: 1079236.847
tot_uptimes: 281
tot_uptimes_duration: 16800.0
