comms_cons: 38.53500159977774
finished_reconf: true
global_termination_time: 388844.184
local_termination_time: 100066.93107999965
node_cons: 7961.033940000019
tot_aggregated_send: 5452
tot_msg_rcv: 120
tot_msg_sent: 285
tot_reconf_duration: 5.43
tot_sleeping_duration: 382904.184
tot_uptimes: 100
tot_uptimes_duration: 5940.0
