comms_cons: 232.84287999338324
finished_reconf: true
global_termination_time: 2375028.195
local_termination_time: 1695787.2613199984
node_cons: 48864.60485999926
tot_aggregated_send: 34220
tot_msg_rcv: 402
tot_msg_sent: 767
tot_reconf_duration: 13.17
tot_sleeping_duration: 2338548.195
tot_uptimes: 609
tot_uptimes_duration: 36480.0
