comms_cons: 235.2793983831145
finished_reconf: true
global_termination_time: 2373654.813
local_termination_time: 1320207.8479599988
node_cons: 48777.06468893411
tot_aggregated_send: 32074
tot_msg_rcv: 1347
tot_msg_sent: 2341
tot_reconf_duration: 7.819999999999999
tot_sleeping_duration: 2337234.764360019
tot_uptimes: 608
tot_uptimes_duration: 36420.048639981076
