comms_cons: 236.04241277977866
finished_reconf: true
global_termination_time: 2377708.214
local_termination_time: 1280176.57836
node_cons: 48855.248171167645
tot_aggregated_send: 32016
tot_msg_rcv: 1295
tot_msg_sent: 2566
tot_reconf_duration: 6.22
tot_sleeping_duration: 2341228.153200024
tot_uptimes: 609
tot_uptimes_duration: 36480.060799976345
