comms_cons: 56.698067200312735
finished_reconf: true
global_termination_time: 575966.5641200003
local_termination_time: 249501.86876000042
node_cons: 11883.39653968055
tot_aggregated_send: 8004
tot_msg_rcv: 203
tot_msg_sent: 410
tot_reconf_duration: 6.22
tot_sleeping_duration: 567098.043
tot_uptimes: 148
tot_uptimes_duration: 8868.521120000398
