comms_cons: 102.195340798071
finished_reconf: true
global_termination_time: 1042142.322
local_termination_time: 103915.83383999993
node_cons: 21391.27986112148
tot_aggregated_send: 14964
tot_msg_rcv: 118
tot_msg_sent: 451
tot_reconf_duration: 15.34
tot_sleeping_duration: 1026182.315919999
tot_uptimes: 267
tot_uptimes_duration: 15960.006080001069
