comms_cons: 103.56318719701555
finished_reconf: true
global_termination_time: 1042068.89
local_termination_time: 344090.30036000005
node_cons: 21378.96823999999
tot_aggregated_send: 14732
tot_msg_rcv: 318
tot_msg_sent: 691
tot_reconf_duration: 6.279999999999999
tot_sleeping_duration: 1026108.89
tot_uptimes: 267
tot_uptimes_duration: 15960.0
