comms_cons: 103.15590399718849
finished_reconf: true
global_termination_time: 1043826.704
local_termination_time: 588841.8713599999
node_cons: 21485.14554111693
tot_aggregated_send: 15080
tot_msg_rcv: 216
tot_msg_sent: 383
tot_reconf_duration: 25.299999999999997
tot_sleeping_duration: 1027806.6979200024
tot_uptimes: 268
tot_uptimes_duration: 16020.006079997635
