comms_cons: 207.48876149334242
finished_reconf: true
global_termination_time: 1045182.898
local_termination_time: 656.5350399999994
node_cons: 21481.57940559339
tot_aggregated_send: 0
tot_msg_rcv: 16058
tot_msg_sent: 15477
tot_reconf_duration: 22.65
tot_sleeping_duration: 1029162.867600005
tot_uptimes: 268
tot_uptimes_duration: 16020.030399995041
