comms_cons: 104.56980479638956
finished_reconf: true
global_termination_time: 1042233.515
local_termination_time: 386760.3365600002
node_cons: 21378.91118335509
tot_aggregated_send: 14616
tot_msg_rcv: 465
tot_msg_sent: 813
tot_reconf_duration: 6.22
tot_sleeping_duration: 1026273.4967600037
tot_uptimes: 267
tot_uptimes_duration: 15960.018239996338
