comms_cons: 15.794636799990432
finished_reconf: true
global_termination_time: 3366.9476800000007
local_termination_time: 3366.906560000001
node_cons: 1793.5724455200016
tot_aggregated_send: 0
tot_msg_rcv: 1118
tot_msg_sent: 1280
tot_reconf_duration: 37.410000000000004
tot_sleeping_duration: 2065.402
tot_uptimes: 18
tot_uptimes_duration: 1301.5456800000004
