comms_cons: 284.39180801073934
finished_reconf: true
global_termination_time: 2846228.512
local_termination_time: 850608.1008799981
node_cons: 58525.32253325619
tot_aggregated_send: 38570
tot_msg_rcv: 1529
tot_msg_sent: 3127
tot_reconf_duration: 18.21
tot_sleeping_duration: 2802538.748480017
tot_uptimes: 729
tot_uptimes_duration: 43689.76351998304
