comms_cons: 282.7812224132541
finished_reconf: true
global_termination_time: 2847796.376
local_termination_time: 1771111.597
node_cons: 58603.652272396066
tot_aggregated_send: 40695
tot_msg_rcv: 722
tot_msg_sent: 1565
tot_reconf_duration: 25.299999999999997
tot_sleeping_duration: 2804055.3044000026
tot_uptimes: 730
tot_uptimes_duration: 43741.07159999781
