comms_cons: 283.23368320786165
finished_reconf: true
global_termination_time: 2847499.555
local_termination_time: 1011871.5541199979
node_cons: 58600.67191367612
tot_aggregated_send: 40484
tot_msg_rcv: 941
tot_msg_sent: 1625
tot_reconf_duration: 15.34
tot_sleeping_duration: 2803750.607880002
tot_uptimes: 730
tot_uptimes_duration: 43748.94711999793
