comms_cons: 669.2281981352402
finished_reconf: true
global_termination_time: 2294981.0727199977
local_termination_time: 2294981.0727199977
node_cons: 93747.39447306676
tot_aggregated_send: 0
tot_msg_rcv: 34098
tot_msg_sent: 67619
tot_reconf_duration: 24.59
tot_sleeping_duration: 2224993.0210000053
tot_uptimes: 1156
tot_uptimes_duration: 69988.05171999222
