comms_cons: 129.03364479311304
finished_reconf: true
global_termination_time: 1283314.534
local_termination_time: 18715.624480000002
node_cons: 26438.44082671943
tot_aggregated_send: 17864
tot_msg_rcv: 527
tot_msg_sent: 1221
tot_reconf_duration: 4.8100000000000005
tot_sleeping_duration: 1263574.4975200004
tot_uptimes: 329
tot_uptimes_duration: 19740.036479999544
