comms_cons: 0.7566079999975025
finished_reconf: true
global_termination_time: 6908.771
local_termination_time: 3329.1363600000004
node_cons: 88.78676000000034
tot_aggregated_send: 0
tot_msg_rcv: 62
tot_msg_sent: 53
tot_reconf_duration: 6.22
tot_sleeping_duration: 6848.771
tot_uptimes: 2
tot_uptimes_duration: 60.0
