comms_cons: 1.5132159999971122
finished_reconf: true
global_termination_time: 10543.164
local_termination_time: 4676.800359999999
node_cons: 166.64161999999922
tot_aggregated_send: 0
tot_msg_rcv: 118
tot_msg_sent: 112
tot_reconf_duration: 4.390000000000001
tot_sleeping_duration: 10423.164
tot_uptimes: 3
tot_uptimes_duration: 120.0
