comms_cons: 185.24646402292123
finished_reconf: true
global_termination_time: 384869.43908000074
local_termination_time: 2210.382480000002
node_cons: 23227.892758407103
tot_aggregated_send: 0
tot_msg_rcv: 11418
tot_msg_sent: 16737
tot_reconf_duration: 18.21
tot_sleeping_duration: 367540.7134799955
tot_uptimes: 285
tot_uptimes_duration: 17328.725600005284
