comms_cons: 419.9122048381916
finished_reconf: true
global_termination_time: 4253387.244
local_termination_time: 2476647.0253600003
node_cons: 87498.82894558315
tot_aggregated_send: 58464
tot_msg_rcv: 1876
tot_msg_sent: 3483
tot_reconf_duration: 6.279999999999999
tot_sleeping_duration: 4188047.213600011
tot_uptimes: 1090
tot_uptimes_duration: 65340.03039998887
