comms_cons: 414.5553920208898
finished_reconf: true
global_termination_time: 4253568.21
local_termination_time: 3027338.2636799985
node_cons: 87531.74109421734
tot_aggregated_send: 59276
tot_msg_rcv: 1175
tot_msg_sent: 2559
tot_reconf_duration: 25.299999999999997
tot_sleeping_duration: 4188222.889840015
tot_uptimes: 1090
tot_uptimes_duration: 65345.320159984985
