comms_cons: 421.4585920388919
finished_reconf: true
global_termination_time: 4253446.574
local_termination_time: 808840.34936
node_cons: 87496.88153228481
tot_aggregated_send: 58928
tot_msg_rcv: 1695
tot_msg_sent: 3436
tot_reconf_duration: 4.8100000000000005
tot_sleeping_duration: 4188106.507120025
tot_uptimes: 1090
tot_uptimes_duration: 65340.06687997538
