comms_cons: 420.82120964123754
finished_reconf: true
global_termination_time: 4252891.25
local_termination_time: 875048.9333599999
node_cons: 87500.94468893368
tot_aggregated_send: 59044
tot_msg_rcv: 1726
tot_msg_sent: 3191
tot_reconf_duration: 7.819999999999999
tot_sleeping_duration: 4187551.201360018
tot_uptimes: 1090
tot_uptimes_duration: 65340.04863998201
