comms_cons: 419.1993344281201
finished_reconf: true
global_termination_time: 4253910.577
local_termination_time: 913270.91536
node_cons: 87498.74746558322
tot_aggregated_send: 59450
tot_msg_rcv: 1360
tot_msg_sent: 2906
tot_reconf_duration: 6.22
tot_sleeping_duration: 4188570.5466000107
tot_uptimes: 1090
tot_uptimes_duration: 65340.030399989104
