comms_cons: 419.2950464233634
finished_reconf: true
global_termination_time: 4252812.48
local_termination_time: 2360388.535
node_cons: 87502.87510734025
tot_aggregated_send: 58868
tot_msg_rcv: 1661
tot_msg_sent: 3202
tot_reconf_duration: 5.43
tot_sleeping_duration: 4187468.5657600136
tot_uptimes: 1090
tot_uptimes_duration: 65343.9142399868
