comms_cons: 304.1292288094352
finished_reconf: true
global_termination_time: 3076421.73348
local_termination_time: 3076421.6923599998
node_cons: 63296.74121983505
tot_aggregated_send: 44602
tot_msg_rcv: 595
tot_msg_sent: 1028
tot_reconf_duration: 37.410000000000004
tot_sleeping_duration: 3029188.022920002
tot_uptimes: 788
tot_uptimes_duration: 47233.710559997475
