comms_cons: 305.5635968182667
finished_reconf: true
global_termination_time: 3080538.136
local_termination_time: 2146875.7383600003
node_cons: 63328.44752111633
tot_aggregated_send: 43906
tot_msg_rcv: 854
tot_msg_sent: 1683
tot_reconf_duration: 15.110000000000001
tot_sleeping_duration: 3033258.129920002
tot_uptimes: 789
tot_uptimes_duration: 47280.00607999787
