comms_cons: 305.491993610725
finished_reconf: true
global_termination_time: 3077831.364
local_termination_time: 2142150.0549599994
node_cons: 63324.0801999986
tot_aggregated_send: 44428
tot_msg_rcv: 740
tot_msg_sent: 1265
tot_reconf_duration: 11.899999999999999
tot_sleeping_duration: 3030551.364
tot_uptimes: 789
tot_uptimes_duration: 47280.0
