comms_cons: 105.60897281266504
finished_reconf: true
global_termination_time: 537434.223
local_termination_time: 2072.77536
node_cons: 11015.132663364308
tot_aggregated_send: 0
tot_msg_rcv: 8105
tot_msg_sent: 7946
tot_reconf_duration: 6.279999999999999
tot_sleeping_duration: 529214.2047599967
tot_uptimes: 138
tot_uptimes_duration: 8220.018240003206
