comms_cons: 53.07440640043269
finished_reconf: true
global_termination_time: 538291.365
local_termination_time: 259681.8172000002
node_cons: 11012.549761121465
tot_aggregated_send: 7714
tot_msg_rcv: 124
tot_msg_sent: 229
tot_reconf_duration: 4.390000000000001
tot_sleeping_duration: 530071.3589199989
tot_uptimes: 138
tot_uptimes_duration: 8220.006080001069
