comms_cons: 53.35731200120335
finished_reconf: true
global_termination_time: 535546.7771200001
local_termination_time: 167153.70036000005
node_cons: 11034.302990801556
tot_aggregated_send: 7018
tot_msg_rcv: 395
tot_msg_sent: 697
tot_reconf_duration: 5.43
tot_sleeping_duration: 527311.5799199989
tot_uptimes: 138
tot_uptimes_duration: 8235.19720000116
