comms_cons: 645.6983814858521
finished_reconf: true
global_termination_time: 3281007.128
local_termination_time: 1120810.947
node_cons: 67519.28993166376
tot_aggregated_send: 0
tot_msg_rcv: 49435
tot_msg_sent: 48707
tot_reconf_duration: 22.65
tot_sleeping_duration: 3230604.938880011
tot_uptimes: 841
tot_uptimes_duration: 50402.18911998905
