comms_cons: 158.19714558159865
finished_reconf: true
global_termination_time: 1570746.945
local_termination_time: 630182.7105999998
node_cons: 32384.706176752465
tot_aggregated_send: 20242
tot_msg_rcv: 1291
tot_msg_sent: 2510
tot_reconf_duration: 5.57
tot_sleeping_duration: 1546566.8538000355
tot_uptimes: 403
tot_uptimes_duration: 24180.091199964518
