comms_cons: 157.13055358644817
finished_reconf: true
global_termination_time: 1571917.276
local_termination_time: 674004.2335999998
node_cons: 32309.108367822453
tot_aggregated_send: 20996
tot_msg_rcv: 1067
tot_msg_sent: 1819
tot_reconf_duration: 9.11
tot_sleeping_duration: 1547797.2334400131
tot_uptimes: 403
tot_uptimes_duration: 24120.042559986876
