comms_cons: 162.19843838371315
finished_reconf: true
global_termination_time: 1570703.0452400001
local_termination_time: 16407.107880000007
node_cons: 32338.839644957094
tot_aggregated_send: 20764
tot_msg_rcv: 1329
tot_msg_sent: 2559
tot_reconf_duration: 3.05
tot_sleeping_duration: 1546554.6526000025
tot_uptimes: 403
tot_uptimes_duration: 24148.392639997786
