comms_cons: 163.90207357780608
finished_reconf: true
global_termination_time: 1571894.234
local_termination_time: 582485.23236
node_cons: 32305.232594523586
tot_aggregated_send: 20242
tot_msg_rcv: 1820
tot_msg_sent: 2851
tot_reconf_duration: 6.22
tot_sleeping_duration: 1547774.1549600272
tot_uptimes: 403
tot_uptimes_duration: 24120.079039972683
