comms_cons: 185.34577918322134
finished_reconf: true
global_termination_time: 635221.6983199987
local_termination_time: 759.2680399999994
node_cons: 25938.60129547829
tot_aggregated_send: 0
tot_msg_rcv: 9471
tot_msg_sent: 18699
tot_reconf_duration: 6.22
tot_sleeping_duration: 615856.3849999999
tot_uptimes: 319
tot_uptimes_duration: 19365.31331999869
