comms_cons: 13.40347519972639
finished_reconf: true
global_termination_time: 106538.77347999996
local_termination_time: 106538.73235999997
node_cons: 2220.9479420785283
tot_aggregated_send: 928
tot_msg_rcv: 460
tot_msg_sent: 649
tot_reconf_duration: 24.59
tot_sleeping_duration: 104905.05076000105
tot_uptimes: 28
tot_uptimes_duration: 1633.7227199989065
