comms_cons: 12.836646399634173
finished_reconf: true
global_termination_time: 110652.472
local_termination_time: 55117.80988000009
node_cons: 2264.919685595753
tot_aggregated_send: 928
tot_msg_rcv: 385
tot_msg_sent: 639
tot_reconf_duration: 11.31
tot_sleeping_duration: 108972.44160000316
tot_uptimes: 29
tot_uptimes_duration: 1680.030399996831
