comms_cons: 365.1653696422375
finished_reconf: true
global_termination_time: 3652506.207119988
local_termination_time: 231808.52420000016
node_cons: 75208.63226972331
tot_aggregated_send: 51214
tot_msg_rcv: 1385
tot_msg_sent: 2905
tot_reconf_duration: 10.95
tot_sleeping_duration: 3596349.5512800138
tot_uptimes: 936
tot_uptimes_duration: 56156.655839973944
