comms_cons: 362.5808960298534
finished_reconf: true
global_termination_time: 3640509.802
local_termination_time: 1477815.462999999
node_cons: 74901.60917999817
tot_aggregated_send: 52026
tot_msg_rcv: 1071
tot_msg_sent: 2013
tot_reconf_duration: 18.21
tot_sleeping_duration: 3584589.802
tot_uptimes: 933
tot_uptimes_duration: 55920.0
