comms_cons: 364.3363584140056
finished_reconf: true
global_termination_time: 3642394.71
local_termination_time: 340970.43852000084
node_cons: 74881.12776893418
tot_aggregated_send: 50576
tot_msg_rcv: 1639
tot_msg_sent: 3162
tot_reconf_duration: 3.08
tot_sleeping_duration: 3586474.661360018
tot_uptimes: 933
tot_uptimes_duration: 55920.04863998201
