comms_cons: 363.8968064250264
finished_reconf: true
global_termination_time: 3645326.412
local_termination_time: 469594.63636000006
node_cons: 74968.25506670019
tot_aggregated_send: 51156
tot_msg_rcv: 1489
tot_msg_sent: 2667
tot_reconf_duration: 8.09
tot_sleeping_duration: 3589346.3755200133
tot_uptimes: 934
tot_uptimes_duration: 55980.036479986506
