comms_cons: 359.37484161572604
finished_reconf: true
global_termination_time: 3643965.39
local_termination_time: 1406276.3547999994
node_cons: 74970.05445814323
tot_aggregated_send: 50924
tot_msg_rcv: 1316
tot_msg_sent: 2381
tot_reconf_duration: 9.42
tot_sleeping_duration: 3587985.3585600113
tot_uptimes: 934
tot_uptimes_duration: 55980.031439988874
