comms_cons: 367.4160512419234
finished_reconf: true
global_termination_time: 3641461.071
local_termination_time: 1162498.49436
node_cons: 74887.55654781678
tot_aggregated_send: 50808
tot_msg_rcv: 1787
tot_msg_sent: 3250
tot_reconf_duration: 7.819999999999999
tot_sleeping_duration: 3585541.0284400163
tot_uptimes: 933
tot_uptimes_duration: 55920.04255998391
