comms_cons: 365.10405763966116
finished_reconf: true
global_termination_time: 3646208.083
local_termination_time: 1139403.419119999
node_cons: 74965.74003005063
tot_aggregated_send: 51272
tot_msg_rcv: 1374
tot_msg_sent: 2848
tot_reconf_duration: 6.22
tot_sleeping_duration: 3590228.0282800207
tot_uptimes: 934
tot_uptimes_duration: 55980.05471997941
