comms_cons: 368.8457984393971
finished_reconf: true
global_termination_time: 3641918.65
local_termination_time: 115558.13147999943
node_cons: 74914.00381501309
tot_aggregated_send: 50344
tot_msg_rcv: 1994
tot_msg_sent: 3724
tot_reconf_duration: 15.34
tot_sleeping_duration: 3585986.4826400187
tot_uptimes: 933
tot_uptimes_duration: 55932.167359981206
