comms_cons: 66.76634879795861
finished_reconf: true
global_termination_time: 646908.628
local_termination_time: 102191.2400799999
node_cons: 13263.074646714815
tot_aggregated_send: 8584
tot_msg_rcv: 575
tot_msg_sent: 990
tot_reconf_duration: 5.1
tot_sleeping_duration: 637008.591520004
tot_uptimes: 166
tot_uptimes_duration: 9900.03647999611
