comms_cons: 15.125580799996833
finished_reconf: true
global_termination_time: 148552.24804000038
local_termination_time: 82051.801
node_cons: 3138.157468239796
tot_aggregated_send: 2086
tot_msg_rcv: 86
tot_msg_sent: 126
tot_reconf_duration: 22.65
tot_sleeping_duration: 146231.56188000055
tot_uptimes: 39
tot_uptimes_duration: 2320.6861599998374
