comms_cons: 15.053209599837237
finished_reconf: true
global_termination_time: 151500.801
local_termination_time: 13313.020800000002
node_cons: 3058.88162
tot_aggregated_send: 2030
tot_msg_rcv: 88
tot_msg_sent: 170
tot_reconf_duration: 4.390000000000001
tot_sleeping_duration: 149220.801
tot_uptimes: 39
tot_uptimes_duration: 2280.0
