comms_cons: 68.56798080024004
finished_reconf: true
global_termination_time: 654055.452
local_termination_time: 333139.82548000006
node_cons: 13427.41584224289
tot_aggregated_send: 8468
tot_msg_rcv: 734
tot_msg_sent: 1220
tot_reconf_duration: 7.819999999999999
tot_sleeping_duration: 644035.4398399979
tot_uptimes: 168
tot_uptimes_duration: 10020.012160002138
