comms_cons: 66.39066879808996
finished_reconf: true
global_termination_time: 654527.006
local_termination_time: 180577.69696000015
node_cons: 13432.17154448114
tot_aggregated_send: 8758
tot_msg_rcv: 455
tot_msg_sent: 877
tot_reconf_duration: 11.31
tot_sleeping_duration: 644506.9816799992
tot_uptimes: 168
tot_uptimes_duration: 10020.02432000084
