comms_cons: 138.97244157443112
finished_reconf: true
global_termination_time: 763552.064
local_termination_time: 207252.05936000007
node_cons: 15700.665541121478
tot_aggregated_send: 0
tot_msg_rcv: 10702
tot_msg_sent: 10421
tot_reconf_duration: 25.299999999999997
tot_sleeping_duration: 751852.0579199989
tot_uptimes: 196
tot_uptimes_duration: 11700.006080001069
