comms_cons: 77.990463996496
finished_reconf: true
global_termination_time: 760274.73424
local_termination_time: 37182.558000000005
node_cons: 15612.358294959224
tot_aggregated_send: 10089
tot_msg_rcv: 652
tot_msg_sent: 1112
tot_reconf_duration: 4.390000000000001
tot_sleeping_duration: 748619.4716000006
tot_uptimes: 195
tot_uptimes_duration: 11655.262639999397
