comms_cons: 179.96142082149774
finished_reconf: true
global_termination_time: 372858.50380000036
local_termination_time: 2521.216040000001
node_cons: 22630.825749159172
tot_aggregated_send: 0
tot_msg_rcv: 11049
tot_msg_sent: 16302
tot_reconf_duration: 18.21
tot_sleeping_duration: 355975.683360001
tot_uptimes: 279
tot_uptimes_duration: 16882.820439999356
