comms_cons: 63.32605440025176
finished_reconf: true
global_termination_time: 643209.2894399995
local_termination_time: 643209.2483199995
node_cons: 13238.779398402252
tot_aggregated_send: 9208
tot_msg_rcv: 110
tot_msg_sent: 308
tot_reconf_duration: 24.59
tot_sleeping_duration: 633347.1638399978
tot_uptimes: 165
tot_uptimes_duration: 9862.125600001658
