comms_cons: 161.89500160465968
finished_reconf: true
global_termination_time: 204977.20800000013
local_termination_time: 104966.6617999993
node_cons: 20355.95727196701
tot_aggregated_send: 0
tot_msg_rcv: 11135
tot_msg_sent: 13472
tot_reconf_duration: 4.390000000000001
tot_sleeping_duration: 189779.30235999494
tot_uptimes: 247
tot_uptimes_duration: 15197.905640005216
