comms_cons: 93.44147839812221
finished_reconf: true
global_termination_time: 943868.657
local_termination_time: 35537.74836000001
node_cons: 19370.50080448575
tot_aggregated_send: 12644
tot_msg_rcv: 625
tot_msg_sent: 933
tot_reconf_duration: 6.279999999999999
tot_sleeping_duration: 929408.6326799957
tot_uptimes: 242
tot_uptimes_duration: 14460.024320004275
