comms_cons: 93.4318271983003
finished_reconf: true
global_termination_time: 943871.151
local_termination_time: 91781.913
node_cons: 19368.52082672177
tot_aggregated_send: 12464
tot_msg_rcv: 562
tot_msg_sent: 1174
tot_reconf_duration: 4.8100000000000005
tot_sleeping_duration: 929411.1145199985
tot_uptimes: 242
tot_uptimes_duration: 14460.036480001305
