comms_cons: 215.8839167863684
finished_reconf: true
global_termination_time: 2176624.379
local_termination_time: 451715.36124000093
node_cons: 44756.3546467051
tot_aggregated_send: 30218
tot_msg_rcv: 878
tot_msg_sent: 1717
tot_reconf_duration: 5.1
tot_sleeping_duration: 2143204.3425200107
tot_uptimes: 558
tot_uptimes_duration: 33420.03647998924
