comms_cons: 42.70461440046798
finished_reconf: true
global_termination_time: 418953.99568000034
local_termination_time: 145121.0608000007
node_cons: 8638.883506641865
tot_aggregated_send: 5800
tot_msg_rcv: 276
tot_msg_sent: 415
tot_reconf_duration: 7.819999999999999
tot_sleeping_duration: 412510.18391999893
tot_uptimes: 108
tot_uptimes_duration: 6443.811760001408
