comms_cons: 132.69588479615314
finished_reconf: true
global_termination_time: 1341264.791
local_termination_time: 817711.5080399984
node_cons: 27574.504860000103
tot_aggregated_send: 19198
tot_msg_rcv: 287
tot_msg_sent: 684
tot_reconf_duration: 13.17
tot_sleeping_duration: 1320684.791
tot_uptimes: 344
tot_uptimes_duration: 20580.0
