comms_cons: 136.94545278891653
finished_reconf: true
global_termination_time: 1341108.73036
local_termination_time: 159576.6706000001
node_cons: 27583.11406021297
tot_aggregated_send: 18038
tot_msg_rcv: 904
tot_msg_sent: 1870
tot_reconf_duration: 4.390000000000001
tot_sleeping_duration: 1320513.3962000203
tot_uptimes: 344
tot_uptimes_duration: 20595.33415997977
