comms_cons: 138.14327678601214
finished_reconf: true
global_termination_time: 1345067.734
local_termination_time: 144697.8076000001
node_cons: 27641.16702893928
tot_aggregated_send: 17806
tot_msg_rcv: 1034
tot_msg_sent: 2156
tot_reconf_duration: 3.05
tot_sleeping_duration: 1324427.6853600154
tot_uptimes: 345
tot_uptimes_duration: 20640.048639984507
