comms_cons: 137.98163838213998
finished_reconf: true
global_termination_time: 1343465.581
local_termination_time: 707599.2943599999
node_cons: 27645.431183350658
tot_aggregated_send: 17632
tot_msg_rcv: 1016
tot_msg_sent: 2325
tot_reconf_duration: 6.22
tot_sleeping_duration: 1322825.562760007
tot_uptimes: 345
tot_uptimes_duration: 20640.018239992904
