comms_cons: 135.29529599123563
finished_reconf: true
global_termination_time: 1341279.51
local_termination_time: 518385.55736000004
node_cons: 27564.0102222337
tot_aggregated_send: 18560
tot_msg_rcv: 667
tot_msg_sent: 1338
tot_reconf_duration: 5.43
tot_sleeping_duration: 1320699.4978400047
tot_uptimes: 344
tot_uptimes_duration: 20580.01215999527
