comms_cons: 60.831283200739435
finished_reconf: true
global_termination_time: 606969.176
local_termination_time: 99630.80615999982
node_cons: 12473.531720000032
tot_aggregated_send: 8584
tot_msg_rcv: 270
tot_msg_sent: 392
tot_reconf_duration: 15.34
tot_sleeping_duration: 597669.176
tot_uptimes: 156
tot_uptimes_duration: 9300.0
