comms_cons: 266.20309756810263
finished_reconf: true
global_termination_time: 2626086.482
local_termination_time: 312047.92080000025
node_cons: 53995.09339117206
tot_aggregated_send: 35090
tot_msg_rcv: 1992
tot_msg_sent: 3378
tot_reconf_duration: 4.8100000000000005
tot_sleeping_duration: 2585766.42120002
tot_uptimes: 673
tot_uptimes_duration: 40320.06079997978
