comms_cons: 516.3708545057356
finished_reconf: true
global_termination_time: 2622307.3755999976
local_termination_time: 2771.8726
node_cons: 53944.07641062985
tot_aggregated_send: 0
tot_msg_rcv: 39558
tot_msg_sent: 38924
tot_reconf_duration: 11.31
tot_sleeping_duration: 2582032.0078400043
tot_uptimes: 672
tot_uptimes_duration: 40275.36775999307
