comms_cons: 170.84271359658493
finished_reconf: true
global_termination_time: 1716290.52
local_termination_time: 985264.2133599999
node_cons: 35303.6174
tot_aggregated_send: 24476
tot_msg_rcv: 529
tot_msg_sent: 962
tot_reconf_duration: 25.299999999999997
tot_sleeping_duration: 1689950.52
tot_uptimes: 440
tot_uptimes_duration: 26340.0
