comms_cons: 169.84204799581354
finished_reconf: true
global_termination_time: 1715771.5254799998
local_termination_time: 1715771.48436
node_cons: 35321.02794207943
tot_aggregated_send: 24752
tot_msg_rcv: 357
tot_msg_sent: 705
tot_reconf_duration: 24.59
tot_sleeping_duration: 1689417.8027600003
tot_uptimes: 440
tot_uptimes_duration: 26353.722719999612
