comms_cons: 170.9611391907528
finished_reconf: true
global_termination_time: 1716932.472
local_termination_time: 1112585.3001599985
node_cons: 35290.81231623787
tot_aggregated_send: 24302
tot_msg_rcv: 537
tot_msg_sent: 1147
tot_reconf_duration: 15.34
tot_sleeping_duration: 1690591.9338400017
tot_uptimes: 440
tot_uptimes_duration: 26340.538159998367
