comms_cons: 142.7225855932084
finished_reconf: true
global_termination_time: 1433252.13
local_termination_time: 494837.90128000034
node_cons: 29491.705800000014
tot_aggregated_send: 20590
tot_msg_rcv: 411
tot_msg_sent: 692
tot_reconf_duration: 5.1
tot_sleeping_duration: 1411232.13
tot_uptimes: 368
tot_uptimes_duration: 22020.0
