comms_cons: 144.77717759059567
finished_reconf: true
global_termination_time: 1434470.342
local_termination_time: 533491.493
node_cons: 29493.484704951
tot_aggregated_send: 19891
tot_msg_rcv: 720
tot_msg_sent: 1396
tot_reconf_duration: 6.22
tot_sleeping_duration: 1412450.149360007
tot_uptimes: 368
tot_uptimes_duration: 22020.192639993154
