comms_cons: 140.40573438948883
finished_reconf: true
global_termination_time: 1356188.45648
local_termination_time: 71508.17763999978
node_cons: 27936.735098163314
tot_aggregated_send: 17864
tot_msg_rcv: 1266
tot_msg_sent: 2210
tot_reconf_duration: 18.21
tot_sleeping_duration: 1335343.0450399977
tot_uptimes: 348
tot_uptimes_duration: 20845.41144000244
