comms_cons: 92.35285759534854
finished_reconf: true
global_termination_time: 917974.191
local_termination_time: 251280.62836000006
node_cons: 18910.683123364313
tot_aggregated_send: 12412
tot_msg_rcv: 483
tot_msg_sent: 1142
tot_reconf_duration: 22.65
tot_sleeping_duration: 903874.1727599967
tot_uptimes: 236
tot_uptimes_duration: 14100.018240003206
