comms_cons: 95.53143039173452
finished_reconf: true
global_termination_time: 920012.806
local_termination_time: 73808.61935999997
node_cons: 18888.485227833968
tot_aggregated_send: 12006
tot_msg_rcv: 888
tot_msg_sent: 1626
tot_reconf_duration: 6.279999999999999
tot_sleeping_duration: 905912.7634400044
tot_uptimes: 236
tot_uptimes_duration: 14100.042559995476
