comms_cons: 91.31334399517472
finished_reconf: true
global_termination_time: 920471.368
local_termination_time: 604555.8223599999
node_cons: 18897.793001116916
tot_aggregated_send: 13050
tot_msg_rcv: 258
tot_msg_sent: 572
tot_reconf_duration: 13.17
tot_sleeping_duration: 906371.3619200024
tot_uptimes: 236
tot_uptimes_duration: 14100.006079997635
