comms_cons: 92.97725439578343
finished_reconf: true
global_termination_time: 917976.726
local_termination_time: 562893.1545599985
node_cons: 18885.87790223831
tot_aggregated_send: 12818
tot_msg_rcv: 502
tot_msg_sent: 812
tot_reconf_duration: 4.390000000000001
tot_sleeping_duration: 903876.7138400013
tot_uptimes: 236
tot_uptimes_duration: 14100.012159998703
