comms_cons: 94.82726399564031
finished_reconf: true
global_termination_time: 918098.366
local_termination_time: 299875.91244000074
node_cons: 18884.066323355186
tot_aggregated_send: 12180
tot_msg_rcv: 830
tot_msg_sent: 1404
tot_reconf_duration: 3.05
tot_sleeping_duration: 903998.3477600036
tot_uptimes: 236
tot_uptimes_duration: 14100.018239996338
