comms_cons: 470.3038336546598
finished_reconf: true
global_termination_time: 4728216.884
local_termination_time: 2476289.2373599987
node_cons: 97236.12917999721
tot_aggregated_send: 67396
tot_msg_rcv: 1320
tot_msg_sent: 2767
tot_reconf_duration: 18.21
tot_sleeping_duration: 4655616.884
tot_uptimes: 1211
tot_uptimes_duration: 72600.0
