comms_cons: 476.6232320904013
finished_reconf: true
global_termination_time: 4727590.121
local_termination_time: 2249889.7003599997
node_cons: 97322.53126446571
tot_aggregated_send: 65598
tot_msg_rcv: 2220
tot_msg_sent: 4625
tot_reconf_duration: 22.65
tot_sleeping_duration: 4654930.096680009
tot_uptimes: 1211
tot_uptimes_duration: 72660.02431999147
