comms_cons: 474.6181632790455
finished_reconf: true
global_termination_time: 4730040.367
local_termination_time: 118334.0394399996
node_cons: 97300.35779228428
tot_aggregated_send: 66410
tot_msg_rcv: 1894
tot_msg_sent: 3836
tot_reconf_duration: 6.279999999999999
tot_sleeping_duration: 4657380.300120025
tot_uptimes: 1212
tot_uptimes_duration: 72660.06687997538
