comms_cons: 932.3731667653893
finished_reconf: true
global_termination_time: 4727549.890599998
local_termination_time: 2883.36736
node_cons: 97238.94393621307
tot_aggregated_send: 0
tot_msg_rcv: 71517
tot_msg_sent: 70195
tot_reconf_duration: 5.1
tot_sleeping_duration: 4654934.492440016
tot_uptimes: 1211
tot_uptimes_duration: 72615.39815998194
