comms_cons: 475.5116800757221
finished_reconf: true
global_termination_time: 4729778.484
local_termination_time: 1275710.7783599999
node_cons: 97295.99591005042
tot_aggregated_send: 65424
tot_msg_rcv: 2240
tot_msg_sent: 4611
tot_reconf_duration: 3.08
tot_sleeping_duration: 4657118.42928002
tot_uptimes: 1212
tot_uptimes_duration: 72660.05471997987
