comms_cons: 476.5617152890017
finished_reconf: true
global_termination_time: 4729940.423
local_termination_time: 1003853.9823599998
node_cons: 97312.66127228424
tot_aggregated_send: 65888
tot_msg_rcv: 2195
tot_msg_sent: 4350
tot_reconf_duration: 15.34
tot_sleeping_duration: 4657280.356120026
tot_uptimes: 1212
tot_uptimes_duration: 72660.06687997538
