comms_cons: 678.5109121580397
finished_reconf: true
global_termination_time: 6828329.083
local_termination_time: 1947851.60448
node_cons: 140441.93290669835
tot_aggregated_send: 94076
tot_msg_rcv: 3199
tot_msg_sent: 5851
tot_reconf_duration: 5.57
tot_sleeping_duration: 6723449.046520012
tot_uptimes: 1749
tot_uptimes_duration: 104880.0364799872
