comms_cons: 682.8258369434986
finished_reconf: true
global_termination_time: 6826591.103
local_termination_time: 724607.6891999986
node_cons: 140445.00468893137
tot_aggregated_send: 94888
tot_msg_rcv: 3000
tot_msg_sent: 5898
tot_reconf_duration: 7.819999999999999
tot_sleeping_duration: 6721711.054360018
tot_uptimes: 1749
tot_uptimes_duration: 104880.04863998201
