comms_cons: 291.5682240059091
finished_reconf: true
global_termination_time: 2935937.953
local_termination_time: 1014524.5963599999
node_cons: 60342.30650558299
tot_aggregated_send: 40658
tot_msg_rcv: 1274
tot_msg_sent: 2384
tot_reconf_duration: 5.1
tot_sleeping_duration: 2890877.9226000123
tot_uptimes: 752
tot_uptimes_duration: 45060.03039998817
