comms_cons: 290.52761599364015
finished_reconf: true
global_termination_time: 2937944.523
local_termination_time: 1005966.4578399988
node_cons: 60422.24454446626
tot_aggregated_send: 41006
tot_msg_rcv: 1026
tot_msg_sent: 2126
tot_reconf_duration: 4.8100000000000005
tot_sleeping_duration: 2892824.4986800095
tot_uptimes: 753
tot_uptimes_duration: 45120.02431999054
