comms_cons: 288.2851071840227
finished_reconf: true
global_termination_time: 2937013.678
local_termination_time: 1465434.0733199993
node_cons: 60419.83004111543
tot_aggregated_send: 41296
tot_msg_rcv: 835
tot_msg_sent: 1686
tot_reconf_duration: 3.05
tot_sleeping_duration: 2891893.671920002
tot_uptimes: 753
tot_uptimes_duration: 45120.006079997635
