comms_cons: 282.86612478973944
finished_reconf: true
global_termination_time: 2936911.443
local_termination_time: 1748259.3254799999
node_cons: 60431.047121115764
tot_aggregated_send: 40890
tot_msg_rcv: 701
tot_msg_sent: 1403
tot_reconf_duration: 11.31
tot_sleeping_duration: 2891791.436920002
tot_uptimes: 753
tot_uptimes_duration: 45120.006079997635
