comms_cons: 288.1715071841184
finished_reconf: true
global_termination_time: 2938455.081
local_termination_time: 1738477.7285999998
node_cons: 60423.0620811156
tot_aggregated_send: 40658
tot_msg_rcv: 1049
tot_msg_sent: 2093
tot_reconf_duration: 5.43
tot_sleeping_duration: 2893335.074920002
tot_uptimes: 753
tot_uptimes_duration: 45120.006079997635
