comms_cons: 73.99626239612057
finished_reconf: true
global_termination_time: 715462.762
local_termination_time: 270989.3193600001
node_cons: 14709.82476559339
tot_aggregated_send: 9106
tot_msg_rcv: 645
tot_msg_sent: 1496
tot_reconf_duration: 5.57
tot_sleeping_duration: 704482.731600005
tot_uptimes: 184
tot_uptimes_duration: 10980.030399995041
