comms_cons: 72.99089919921113
finished_reconf: true
global_termination_time: 714148.3264799998
local_termination_time: 714148.2853599999
node_cons: 14691.147054408375
tot_aggregated_send: 9080
tot_msg_rcv: 537
tot_msg_sent: 1478
tot_reconf_duration: 37.410000000000004
tot_sleeping_duration: 703214.5368799936
tot_uptimes: 183
tot_uptimes_duration: 10933.789600006232
