comms_cons: 73.17635839981513
finished_reconf: true
global_termination_time: 714723.775
local_termination_time: 120687.58687999946
node_cons: 14713.271348971462
tot_aggregated_send: 9222
tot_msg_rcv: 572
tot_msg_sent: 1327
tot_reconf_duration: 8.09
tot_sleeping_duration: 703743.7263599915
tot_uptimes: 184
tot_uptimes_duration: 10980.04864000855
