comms_cons: 307.8975808044711
finished_reconf: true
global_termination_time: 3075458.177
local_termination_time: 1832384.0945599985
node_cons: 63268.97347007112
tot_aggregated_send: 42166
tot_msg_rcv: 1454
tot_msg_sent: 3178
tot_reconf_duration: 25.299999999999997
tot_sleeping_duration: 3028232.922280006
tot_uptimes: 788
tot_uptimes_duration: 47225.254719994264
