comms_cons: 307.9621632275133
finished_reconf: true
global_termination_time: 3071683.394599999
local_termination_time: 3071683.3534799987
node_cons: 63235.658621574636
tot_aggregated_send: 43254
tot_msg_rcv: 1190
tot_msg_sent: 2364
tot_reconf_duration: 24.59
tot_sleeping_duration: 3024482.3002000167
tot_uptimes: 787
tot_uptimes_duration: 47201.09439998222
