comms_cons: 62.21291520055318
finished_reconf: true
global_termination_time: 619982.405
local_termination_time: 125198.41179999984
node_cons: 12718.465462242888
tot_aggregated_send: 8526
tot_msg_rcv: 306
tot_msg_sent: 624
tot_reconf_duration: 18.21
tot_sleeping_duration: 610502.3928399979
tot_uptimes: 159
tot_uptimes_duration: 9480.012160002138
