comms_cons: 60.8641792002818
finished_reconf: true
global_termination_time: 619355.277
local_termination_time: 125234.04147999997
node_cons: 12724.478700000029
tot_aggregated_send: 8758
tot_msg_rcv: 145
tot_msg_sent: 348
tot_reconf_duration: 22.65
tot_sleeping_duration: 609875.277
tot_uptimes: 159
tot_uptimes_duration: 9480.0
