comms_cons: 854.9794625353527
finished_reconf: true
global_termination_time: 8796945.041
local_termination_time: 5048668.608439999
node_cons: 180942.8559633449
tot_aggregated_send: 122148
tot_msg_rcv: 2661
tot_msg_sent: 5141
tot_reconf_duration: 12.629999999999999
tot_sleeping_duration: 8661825.022760006
tot_uptimes: 2253
tot_uptimes_duration: 135120.0182399936
