comms_cons: 45.45632000035961
finished_reconf: true
global_termination_time: 460377.705
local_termination_time: 89339.744
node_cons: 9426.500433679774
tot_aggregated_send: 6306
tot_msg_rcv: 137
tot_msg_sent: 466
tot_reconf_duration: 18.21
tot_sleeping_duration: 453356.2178800002
tot_uptimes: 118
tot_uptimes_duration: 7021.487119999816
