comms_cons: 46.79127040083445
finished_reconf: true
global_termination_time: 464350.711
local_termination_time: 149982.98588000043
node_cons: 9510.894982242866
tot_aggregated_send: 6322
tot_msg_rcv: 285
tot_msg_sent: 505
tot_reconf_duration: 22.65
tot_sleeping_duration: 457270.6988399979
tot_uptimes: 119
tot_uptimes_duration: 7080.0121600021375
