comms_cons: 190.9875967931401
finished_reconf: true
global_termination_time: 1943200.704
local_termination_time: 1006809.7037199978
node_cons: 39933.1218999998
tot_aggregated_send: 27782
tot_msg_rcv: 383
tot_msg_sent: 864
tot_reconf_duration: 3.05
tot_sleeping_duration: 1913380.704
tot_uptimes: 498
tot_uptimes_duration: 29820.0
