comms_cons: 192.34949119245724
finished_reconf: true
global_termination_time: 1947789.737
local_termination_time: 386149.95836000005
node_cons: 40019.939559999744
tot_aggregated_send: 27608
tot_msg_rcv: 588
tot_msg_sent: 1040
tot_reconf_duration: 7.819999999999999
tot_sleeping_duration: 1917909.737
tot_uptimes: 499
tot_uptimes_duration: 29880.0
