comms_cons: 565.8940667272202
finished_reconf: true
global_termination_time: 1942702.9223199997
local_termination_time: 1942702.8811999997
node_cons: 79275.57989871572
tot_aggregated_send: 0
tot_msg_rcv: 28838
tot_msg_sent: 57174
tot_reconf_duration: 24.59
tot_sleeping_duration: 1883522.7978400015
tot_uptimes: 977
tot_uptimes_duration: 59180.124479998245
