comms_cons: 321.8347455546553
finished_reconf: true
global_termination_time: 667221.149
local_termination_time: 153306.3920000009
node_cons: 40355.45727689227
tot_aggregated_send: 0
tot_msg_rcv: 19825
tot_msg_sent: 29091
tot_reconf_duration: 18.21
tot_sleeping_duration: 637101.1130799906
tot_uptimes: 493
tot_uptimes_duration: 30120.035920009374
