comms_cons: 67.1209984011559
finished_reconf: true
global_termination_time: 665575.739
local_termination_time: 167262.00436000005
node_cons: 13745.72034224289
tot_aggregated_send: 9338
tot_msg_rcv: 287
tot_msg_sent: 577
tot_reconf_duration: 5.57
tot_sleeping_duration: 655315.7268399978
tot_uptimes: 171
tot_uptimes_duration: 10260.012160002138
