comms_cons: 66.87098879954037
finished_reconf: true
global_termination_time: 667077.136
local_termination_time: 205370.8972400005
node_cons: 13664.742082242889
tot_aggregated_send: 9048
tot_msg_rcv: 362
tot_msg_sent: 754
tot_reconf_duration: 5.1
tot_sleeping_duration: 656877.1238399979
tot_uptimes: 171
tot_uptimes_duration: 10200.012160002138
