comms_cons: 68.17367039946166
finished_reconf: true
global_termination_time: 671055.17
local_termination_time: 202373.52680000072
node_cons: 13744.680121121448
tot_aggregated_send: 9280
tot_msg_rcv: 446
tot_msg_sent: 636
tot_reconf_duration: 4.8100000000000005
tot_sleeping_duration: 660795.163919999
tot_uptimes: 172
tot_uptimes_duration: 10260.006080001069
