comms_cons: 68.58816000060007
finished_reconf: true
global_termination_time: 667018.169
local_termination_time: 186838.09140000035
node_cons: 13673.19154448114
tot_aggregated_send: 8468
tot_msg_rcv: 681
tot_msg_sent: 1276
tot_reconf_duration: 11.31
tot_sleeping_duration: 656818.1446799991
tot_uptimes: 171
tot_uptimes_duration: 10200.02432000084
