comms_cons: 69.48418559872356
finished_reconf: true
global_termination_time: 666423.165
local_termination_time: 111289.93035999997
node_cons: 13665.214645607182
tot_aggregated_send: 8526
tot_msg_rcv: 697
tot_msg_sent: 1338
tot_reconf_duration: 5.43
tot_sleeping_duration: 656223.1345999946
tot_uptimes: 171
tot_uptimes_duration: 10200.030400005344
