comms_cons: 69.52770559930735
finished_reconf: true
global_termination_time: 669103.54
local_termination_time: 41562.2693600001
node_cons: 13759.04499009061
tot_aggregated_send: 8294
tot_msg_rcv: 650
tot_msg_sent: 1625
tot_reconf_duration: 15.34
tot_sleeping_duration: 658843.4852799921
tot_uptimes: 172
tot_uptimes_duration: 10260.054720007916
