comms_cons: 274.32037121268104
finished_reconf: true
global_termination_time: 567903.685
local_termination_time: 444835.3044800001
node_cons: 34538.06519248576
tot_aggregated_send: 0
tot_msg_rcv: 16800
tot_msg_sent: 24895
tot_reconf_duration: 18.21
tot_sleeping_duration: 542128.2286799958
tot_uptimes: 425
tot_uptimes_duration: 25775.456320004305
