comms_cons: 58.76008960114159
finished_reconf: true
global_termination_time: 568959.601
local_termination_time: 12859.6842
node_cons: 11656.266505607167
tot_aggregated_send: 7598
tot_msg_rcv: 512
tot_msg_sent: 821
tot_reconf_duration: 5.1
tot_sleeping_duration: 560259.5705999946
tot_uptimes: 146
tot_uptimes_duration: 8700.030400005344
