comms_cons: 60.482617601111144
finished_reconf: true
global_termination_time: 567899.648
local_termination_time: 156811.10708000016
node_cons: 11660.359490092886
tot_aggregated_send: 6786
tot_msg_rcv: 796
tot_msg_sent: 1610
tot_reconf_duration: 8.09
tot_sleeping_duration: 559199.5932799904
tot_uptimes: 146
tot_uptimes_duration: 8700.054720009619
