comms_cons: 57.33114880054311
finished_reconf: true
global_termination_time: 569216.815
local_termination_time: 359363.77752000035
node_cons: 11662.100501121502
tot_aggregated_send: 7830
tot_msg_rcv: 311
tot_msg_sent: 573
tot_reconf_duration: 9.42
tot_sleeping_duration: 560516.8089199988
tot_uptimes: 146
tot_uptimes_duration: 8700.006080001127
