comms_cons: 13.429401599797227
finished_reconf: true
global_termination_time: 107021.679
local_termination_time: 35509.133360000014
node_cons: 2203.594387839197
tot_aggregated_send: 754
tot_msg_rcv: 547
tot_msg_sent: 741
tot_reconf_duration: 25.299999999999997
tot_sleeping_duration: 105401.63644000061
tot_uptimes: 28
tot_uptimes_duration: 1620.0425599993978
