comms_cons: 12.294444799924545
finished_reconf: true
global_termination_time: 107670.398
local_termination_time: 40858.54040000007
node_cons: 2187.0974244800223
tot_aggregated_send: 986
tot_msg_rcv: 370
tot_msg_sent: 512
tot_reconf_duration: 13.17
tot_sleeping_duration: 106050.37367999998
tot_uptimes: 28
tot_uptimes_duration: 1620.0243200000186
