comms_cons: 13.796582399680144
finished_reconf: true
global_termination_time: 107569.098
local_termination_time: 51577.782
node_cons: 2189.7238033585945
tot_aggregated_send: 858
tot_msg_rcv: 542
tot_msg_sent: 697
tot_reconf_duration: 15.110000000000001
tot_sleeping_duration: 105949.07976000106
tot_uptimes: 28
tot_uptimes_duration: 1620.0182399989499
