comms_cons: 15.094566399696411
finished_reconf: true
global_termination_time: 112146.821
local_termination_time: 5416.109080000001
node_cons: 2258.040030077494
tot_aggregated_send: 406
tot_msg_rcv: 835
tot_msg_sent: 1055
tot_reconf_duration: 6.22
tot_sleeping_duration: 110466.76628000187
tot_uptimes: 29
tot_uptimes_duration: 1680.0547199981283
