comms_cons: 69.10628479862156
finished_reconf: true
global_termination_time: 669270.323
local_termination_time: 282836.8223600001
node_cons: 13759.004284471981
tot_aggregated_send: 8700
tot_msg_rcv: 590
tot_msg_sent: 1213
tot_reconf_duration: 15.34
tot_sleeping_duration: 659010.2986800061
tot_uptimes: 172
tot_uptimes_duration: 10260.024319993972
