comms_cons: 279.9252224046352
finished_reconf: true
global_termination_time: 2808249.695
local_termination_time: 1220446.1026799993
node_cons: 57869.529179998906
tot_aggregated_send: 40310
tot_msg_rcv: 804
tot_msg_sent: 1433
tot_reconf_duration: 18.21
tot_sleeping_duration: 2765049.695
tot_uptimes: 720
tot_uptimes_duration: 43200.0
