comms_cons: 284.14906880715426
finished_reconf: true
global_termination_time: 2809610.632
local_termination_time: 327668.6089600006
node_cons: 57852.23906893393
tot_aggregated_send: 38686
tot_msg_rcv: 1595
tot_msg_sent: 2908
tot_reconf_duration: 5.43
tot_sleeping_duration: 2766410.583360019
tot_uptimes: 720
tot_uptimes_duration: 43200.04863998131
