comms_cons: 42.280723201650794
finished_reconf: true
global_termination_time: 400637.527
local_termination_time: 153006.24816000034
node_cons: 8203.151183364302
tot_aggregated_send: 5162
tot_msg_rcv: 509
tot_msg_sent: 755
tot_reconf_duration: 6.22
tot_sleeping_duration: 394517.5087599968
tot_uptimes: 103
tot_uptimes_duration: 6120.018240003206
