comms_cons: 62.1537023995686
finished_reconf: true
global_termination_time: 617483.96536
local_termination_time: 1999.8356000000003
node_cons: 12722.055399040019
tot_aggregated_send: 8584
tot_msg_rcv: 282
tot_msg_sent: 581
tot_reconf_duration: 4.8100000000000005
tot_sleeping_duration: 607987.682
tot_uptimes: 159
tot_uptimes_duration: 9496.283360000001
