comms_cons: 2.3757183999935463
finished_reconf: true
global_termination_time: 12129.68624
local_termination_time: 12129.645120000001
node_cons: 289.95676048000684
tot_aggregated_send: 0
tot_msg_rcv: 190
tot_msg_sent: 169
tot_reconf_duration: 24.59
tot_sleeping_duration: 11938.077919999996
tot_uptimes: 4
tot_uptimes_duration: 191.60832000000482
