comms_cons: 2.3092991999944803
finished_reconf: true
global_termination_time: 15171.747
local_termination_time: 9928.32936
node_cons: 271.7879123200055
tot_aggregated_send: 0
tot_msg_rcv: 211
tot_msg_sent: 140
tot_reconf_duration: 22.65
tot_sleeping_duration: 14991.740119999995
tot_uptimes: 4
tot_uptimes_duration: 180.00688000000446
