comms_cons: 273.6028415969523
finished_reconf: true
global_termination_time: 2704437.8211999997
local_termination_time: 2704437.7800799995
node_cons: 55655.52520462526
tot_aggregated_send: 37338
tot_msg_rcv: 1438
tot_msg_sent: 2807
tot_reconf_duration: 24.59
tot_sleeping_duration: 2662897.76744001
tot_uptimes: 693
tot_uptimes_duration: 41540.05375998991
