comms_cons: 273.95193599463727
finished_reconf: true
global_termination_time: 2705802.338
local_termination_time: 72126.45683999993
node_cons: 55613.221847821806
tot_aggregated_send: 37352
tot_msg_rcv: 1505
tot_msg_sent: 2783
tot_reconf_duration: 13.17
tot_sleeping_duration: 2664282.295440013
tot_uptimes: 693
tot_uptimes_duration: 41520.04255998711
