comms_cons: 2.7913471999921433
finished_reconf: true
global_termination_time: 14811.427
local_termination_time: 11260.20636
node_cons: 253.3913800000008
tot_aggregated_send: 0
tot_msg_rcv: 253
tot_msg_sent: 170
tot_reconf_duration: 9.11
tot_sleeping_duration: 14631.427
tot_uptimes: 4
tot_uptimes_duration: 180.0
