comms_cons: 2.5329919999916295
finished_reconf: true
global_termination_time: 12512.925
local_termination_time: 7408.831359999999
node_cons: 255.89010000000098
tot_aggregated_send: 0
tot_msg_rcv: 221
tot_msg_sent: 164
tot_reconf_duration: 10.95
tot_sleeping_duration: 12332.924999999997
tot_uptimes: 4
tot_uptimes_duration: 180.0
