comms_cons: 38.790963200041475
finished_reconf: true
global_termination_time: 396706.651
local_termination_time: 20204.302440000003
node_cons: 8134.85938000001
tot_aggregated_send: 5742
tot_msg_rcv: 52
tot_msg_sent: 102
tot_reconf_duration: 15.110000000000001
tot_sleeping_duration: 390646.651
tot_uptimes: 102
tot_uptimes_duration: 6059.999999999999
