comms_cons: 255.58778878582555
finished_reconf: true
global_termination_time: 2530053.25948
local_termination_time: 2530053.21836
node_cons: 52031.82935325133
tot_aggregated_send: 34728
tot_msg_rcv: 1313
tot_msg_sent: 2806
tot_reconf_duration: 24.59
tot_sleeping_duration: 2491219.4759600204
tot_uptimes: 648
tot_uptimes_duration: 38833.78351997939
