comms_cons: 245.27915518778107
finished_reconf: true
global_termination_time: 2532739.115
local_termination_time: 541230.4423599999
node_cons: 52067.9247655833
tot_aggregated_send: 35264
tot_msg_rcv: 620
tot_msg_sent: 1397
tot_reconf_duration: 5.57
tot_sleeping_duration: 2493859.084600012
tot_uptimes: 649
tot_uptimes_duration: 38880.03039998817
