comms_cons: 253.66626558871337
finished_reconf: true
global_termination_time: 2533164.389
local_termination_time: 185809.35984000014
node_cons: 52091.16011116753
tot_aggregated_send: 34742
tot_msg_rcv: 1210
tot_msg_sent: 2604
tot_reconf_duration: 22.65
tot_sleeping_duration: 2494284.3282000236
tot_uptimes: 649
tot_uptimes_duration: 38880.060799976345
