comms_cons: 254.00910718769123
finished_reconf: true
global_termination_time: 2530073.292
local_termination_time: 600050.08436
node_cons: 51986.5608267006
tot_aggregated_send: 34916
tot_msg_rcv: 1190
tot_msg_sent: 2502
tot_reconf_duration: 4.8100000000000005
tot_sleeping_duration: 2491253.255520014
tot_uptimes: 648
tot_uptimes_duration: 38820.03647998604
