comms_cons: 253.51499519593256
finished_reconf: true
global_termination_time: 2532995.029
local_termination_time: 1216423.5863599996
node_cons: 52064.478182232626
tot_aggregated_send: 34800
tot_msg_rcv: 1290
tot_msg_sent: 2444
tot_reconf_duration: 3.05
tot_sleeping_duration: 2494115.016840005
tot_uptimes: 649
tot_uptimes_duration: 38880.01215999527
