comms_cons: 38.09356800111849
finished_reconf: true
global_termination_time: 417476.127
local_termination_time: 26840.066680000007
node_cons: 8540.785462240592
tot_aggregated_send: 0
tot_msg_rcv: 2955
tot_msg_sent: 2835
tot_reconf_duration: 18.21
tot_sleeping_duration: 411116.1148399995
tot_uptimes: 107
tot_uptimes_duration: 6360.012160000435
