comms_cons: 47.10112000034735
finished_reconf: true
global_termination_time: 473404.4882400004
local_termination_time: 41964.44136000002
node_cons: 9782.667870481988
tot_aggregated_send: 6554
tot_msg_rcv: 196
tot_msg_sent: 409
tot_reconf_duration: 4.390000000000001
tot_sleeping_duration: 466102.9899199989
tot_uptimes: 122
tot_uptimes_duration: 7301.4983200014685
