comms_cons: 33.02758400020334
finished_reconf: true
global_termination_time: 331357.006
local_termination_time: 1066.5684800000004
node_cons: 6773.289180000008
tot_aggregated_send: 4640
tot_msg_rcv: 163
tot_msg_sent: 217
tot_reconf_duration: 18.21
tot_sleeping_duration: 326317.006
tot_uptimes: 85
tot_uptimes_duration: 5040.0
