comms_cons: 77.34507519377722
finished_reconf: true
global_termination_time: 770073.5
local_termination_time: 432070.82456000027
node_cons: 15857.754982233719
tot_aggregated_send: 10672
tot_msg_rcv: 345
tot_msg_sent: 739
tot_reconf_duration: 22.65
tot_sleeping_duration: 758253.4878400047
tot_uptimes: 198
tot_uptimes_duration: 11820.012159995269
