comms_cons: 224.42309113756562
finished_reconf: true
global_termination_time: 770595.779
local_termination_time: 699800.3733199995
node_cons: 31463.42898400017
tot_aggregated_send: 0
tot_msg_rcv: 11422
tot_msg_sent: 22689
tot_reconf_duration: 11.31
tot_sleeping_duration: 747109.5429999998
tot_uptimes: 390
tot_uptimes_duration: 23486.23600000015
