comms_cons: 57.317548799653935
finished_reconf: true
global_termination_time: 560895.609
local_termination_time: 116164.16835999997
node_cons: 11495.578364481187
tot_aggregated_send: 7540
tot_msg_rcv: 413
tot_msg_sent: 758
tot_reconf_duration: 5.1
tot_sleeping_duration: 552315.5846799992
tot_uptimes: 144
tot_uptimes_duration: 8580.02432000087
