comms_cons: 192.19561599252955
finished_reconf: true
global_termination_time: 1933216.618
local_termination_time: 488505.4470000009
node_cons: 39775.67393999974
tot_aggregated_send: 27724
tot_msg_rcv: 507
tot_msg_sent: 981
tot_reconf_duration: 5.43
tot_sleeping_duration: 1903516.618
tot_uptimes: 496
tot_uptimes_duration: 29700.0
