comms_cons: 127.19719678479379
finished_reconf: true
global_termination_time: 1222790.225
local_termination_time: 688932.9143599978
node_cons: 25168.505687504345
tot_aggregated_send: 15950
tot_msg_rcv: 1171
tot_msg_sent: 2212
tot_reconf_duration: 11.31
tot_sleeping_duration: 1204005.2013200119
tot_uptimes: 314
tot_uptimes_duration: 18785.023679988342
