comms_cons: 124.48248958989424
finished_reconf: true
global_termination_time: 1224791.131
local_termination_time: 180553.1879200003
node_cons: 25153.85092783165
tot_aggregated_send: 16414
tot_msg_rcv: 759
tot_msg_sent: 1746
tot_reconf_duration: 5.43
tot_sleeping_duration: 1206011.0884400064
tot_uptimes: 314
tot_uptimes_duration: 18780.042559993744
