comms_cons: 52.11447040030111
finished_reconf: true
global_termination_time: 520346.8710800002
local_termination_time: 520346.8299600002
node_cons: 10761.43475048226
tot_aggregated_send: 7224
tot_msg_rcv: 217
tot_msg_sent: 480
tot_reconf_duration: 37.410000000000004
tot_sleeping_duration: 512347.8927599985
tot_uptimes: 134
tot_uptimes_duration: 7998.978320001668
