comms_cons: 50.831526400526926
finished_reconf: true
global_termination_time: 524862.602
local_termination_time: 111880.94995999963
node_cons: 10774.096381121442
tot_aggregated_send: 6960
tot_msg_rcv: 246
tot_msg_sent: 520
tot_reconf_duration: 6.279999999999999
tot_sleeping_duration: 516822.5959199989
tot_uptimes: 135
tot_uptimes_duration: 8040.006080001069
