comms_cons: 50.23754240059566
finished_reconf: true
global_termination_time: 520788.876
local_termination_time: 131660.29208000062
node_cons: 10692.800342242885
tot_aggregated_send: 6844
tot_msg_rcv: 210
tot_msg_sent: 581
tot_reconf_duration: 5.57
tot_sleeping_duration: 512808.86383999785
tot_uptimes: 134
tot_uptimes_duration: 7980.0121600021375
