comms_cons: 51.251500800037824
finished_reconf: true
global_termination_time: 522172.514
local_termination_time: 41198.75996000011
node_cons: 10715.994982241727
tot_aggregated_send: 7192
tot_msg_rcv: 219
tot_msg_sent: 377
tot_reconf_duration: 22.65
tot_sleeping_duration: 514192.50183999876
tot_uptimes: 134
tot_uptimes_duration: 7980.012160001286
