comms_cons: 52.88459520070406
finished_reconf: true
global_termination_time: 521708.648
local_termination_time: 163458.27836000005
node_cons: 10689.38632336429
tot_aggregated_send: 7134
tot_msg_rcv: 323
tot_msg_sent: 581
tot_reconf_duration: 3.05
tot_sleeping_duration: 513728.6297599968
tot_uptimes: 134
tot_uptimes_duration: 7980.018240003206
