comms_cons: 32.620403200315494
finished_reconf: true
global_termination_time: 326666.955
local_termination_time: 47002.79752000007
node_cons: 6698.98684112143
tot_aggregated_send: 4466
tot_msg_rcv: 162
tot_msg_sent: 331
tot_reconf_duration: 22.65
tot_sleeping_duration: 321686.94891999895
tot_uptimes: 84
tot_uptimes_duration: 4980.006080001069
