comms_cons: 56.02972160070393
finished_reconf: true
global_termination_time: 555059.831
local_termination_time: 337621.0429600006
node_cons: 11415.213941121416
tot_aggregated_send: 7250
tot_msg_rcv: 466
tot_msg_sent: 801
tot_reconf_duration: 5.1
tot_sleeping_duration: 546539.824919999
tot_uptimes: 143
tot_uptimes_duration: 8520.006080001069
