comms_cons: 56.035046400745706
finished_reconf: true
global_termination_time: 553044.853
local_termination_time: 161471.33036000005
node_cons: 11336.427465607168
tot_aggregated_send: 7366
tot_msg_rcv: 416
tot_msg_sent: 735
tot_reconf_duration: 6.22
tot_sleeping_duration: 544584.8225999946
tot_uptimes: 142
tot_uptimes_duration: 8460.030400005344
