comms_cons: 816.0062265662447
finished_reconf: true
global_termination_time: 1724453.503
local_termination_time: 236823.03048000007
node_cons: 104782.33024808844
tot_aggregated_send: 0
tot_msg_rcv: 50112
tot_msg_sent: 73915
tot_reconf_duration: 18.21
tot_sleeping_duration: 1646217.8039200215
tot_uptimes: 1287
tot_uptimes_duration: 78235.69907997864
