comms_cons: 333.92563174185324
finished_reconf: true
global_termination_time: 1724453.503
local_termination_time: 241667.86736000006
node_cons: 35436.55339118205
tot_aggregated_send: 0
tot_msg_rcv: 25686
tot_msg_sent: 25069
tot_reconf_duration: 4.8100000000000005
tot_sleeping_duration: 1697993.4422000134
tot_uptimes: 442
tot_uptimes_duration: 26460.060799986648
