comms_cons: 0.9013503999995176
finished_reconf: true
global_termination_time: 6207.545
local_termination_time: 869.7893599999999
node_cons: 98.22485999999995
tot_aggregated_send: 0
tot_msg_rcv: 88
tot_msg_sent: 48
tot_reconf_duration: 13.17
tot_sleeping_duration: 6147.545
tot_uptimes: 2
tot_uptimes_duration: 60.0
