comms_cons: 866.8622337176071
finished_reconf: true
global_termination_time: 8874975.922
local_termination_time: 5653681.023359999
node_cons: 182557.89902334398
tot_aggregated_send: 123946
tot_msg_rcv: 2649
tot_msg_sent: 5163
tot_reconf_duration: 18.700000000000003
tot_sleeping_duration: 8738655.903760007
tot_uptimes: 2273
tot_uptimes_duration: 136320.0182399936
