comms_cons: 883.4532738117044
finished_reconf: true
global_termination_time: 8872288.876
local_termination_time: 779099.7393599999
node_cons: 182543.18097116446
tot_aggregated_send: 122148
tot_msg_rcv: 4060
tot_msg_sent: 8070
tot_reconf_duration: 7.819999999999999
tot_sleeping_duration: 8735968.815200021
tot_uptimes: 2273
tot_uptimes_duration: 136320.0607999782
