comms_cons: 198.94392319330746
finished_reconf: true
global_termination_time: 2059075.981
local_termination_time: 604124.4994799999
node_cons: 42347.72452223334
tot_aggregated_send: 28768
tot_msg_rcv: 450
tot_msg_sent: 1021
tot_reconf_duration: 6.279999999999999
tot_sleeping_duration: 2027455.9688400046
tot_uptimes: 528
tot_uptimes_duration: 31620.01215999527
