comms_cons: 206.31011838541815
finished_reconf: true
global_termination_time: 2056729.5991200001
local_termination_time: 8096.1566
node_cons: 42313.59529750996
tot_aggregated_send: 28710
tot_msg_rcv: 867
tot_msg_sent: 1780
tot_reconf_duration: 25.299999999999997
tot_sleeping_duration: 2025154.3654400073
tot_uptimes: 527
tot_uptimes_duration: 31575.233679992773
