comms_cons: 80.00762879144676
finished_reconf: true
global_termination_time: 758476.3555999998
local_termination_time: 758476.3144799998
node_cons: 15637.872554065318
tot_aggregated_send: 9382
tot_msg_rcv: 893
tot_msg_sent: 1884
tot_reconf_duration: 24.59
tot_sleeping_duration: 746822.5248800108
tot_uptimes: 195
tot_uptimes_duration: 11653.830719989011
