comms_cons: 78.65822719516143
finished_reconf: true
global_termination_time: 758476.3163999983
local_termination_time: 4617.377360000003
node_cons: 15670.049081195699
tot_aggregated_send: 10034
tot_msg_rcv: 653
tot_msg_sent: 1269
tot_reconf_duration: 6.279999999999999
tot_sleeping_duration: 746779.8856000016
tot_uptimes: 195
tot_uptimes_duration: 11696.430799996771
