comms_cons: 76.87795199680964
finished_reconf: true
global_termination_time: 759960.657
local_termination_time: 457344.7452000007
node_cons: 15590.118182233751
tot_aggregated_send: 10440
tot_msg_rcv: 433
tot_msg_sent: 812
tot_reconf_duration: 3.05
tot_sleeping_duration: 748320.6448400047
tot_uptimes: 195
tot_uptimes_duration: 11640.012159995269
