comms_cons: 71.3256256079377
finished_reconf: true
global_termination_time: 356546.7587200002
local_termination_time: 2714.5573600000002
node_cons: 7339.858821443433
tot_aggregated_send: 0
tot_msg_rcv: 5551
tot_msg_sent: 5289
tot_reconf_duration: 5.1
tot_sleeping_duration: 351070.3337599976
tot_uptimes: 92
tot_uptimes_duration: 5476.424960002558
