comms_cons: 38.250700800950675
finished_reconf: true
global_termination_time: 357403.968
local_termination_time: 57996.50636000001
node_cons: 7315.138922240583
tot_aggregated_send: 4176
tot_msg_rcv: 529
tot_msg_sent: 1110
tot_reconf_duration: 3.08
tot_sleeping_duration: 351943.9558399996
tot_uptimes: 92
tot_uptimes_duration: 5460.012160000435
