comms_cons: 37.383014400376915
finished_reconf: true
global_termination_time: 362812.847
local_termination_time: 51684.915480000105
node_cons: 7398.678363359742
tot_aggregated_send: 4582
tot_msg_rcv: 346
tot_msg_sent: 754
tot_reconf_duration: 5.43
tot_sleeping_duration: 357292.8287600002
tot_uptimes: 93
tot_uptimes_duration: 5520.018239999801
