comms_cons: 36.15270400098119
finished_reconf: true
global_termination_time: 358165.428
local_termination_time: 338412.03864000086
node_cons: 7338.130256082659
tot_aggregated_send: 4640
tot_msg_rcv: 223
tot_msg_sent: 632
tot_reconf_duration: 15.34
tot_sleeping_duration: 352700.67927999806
tot_uptimes: 92
tot_uptimes_duration: 5464.748720001953
