comms_cons: 125.97914879824988
finished_reconf: true
global_termination_time: 1271216.44
local_termination_time: 273410.288
node_cons: 26134.598772882924
tot_aggregated_send: 18373
tot_msg_rcv: 311
tot_msg_sent: 464
tot_reconf_duration: 15.34
tot_sleeping_duration: 1251714.0000799978
tot_uptimes: 326
tot_uptimes_duration: 19502.43992000213
