comms_cons: 129.54667518871221
finished_reconf: true
global_termination_time: 1269486.519
local_termination_time: 92896.83035999944
node_cons: 26125.910501987742
tot_aggregated_send: 17052
tot_msg_rcv: 831
tot_msg_sent: 1807
tot_reconf_duration: 7.819999999999999
tot_sleeping_duration: 1249982.9410000092
tot_uptimes: 326
tot_uptimes_duration: 19503.57799999081
