comms_cons: 334.816396833336
finished_reconf: true
global_termination_time: 3302560.8454799997
local_termination_time: 3302560.8043599995
node_cons: 67956.55077212986
tot_aggregated_send: 45446
tot_msg_rcv: 1883
tot_msg_sent: 3562
tot_reconf_duration: 37.410000000000004
tot_sleeping_duration: 3251847.068040021
tot_uptimes: 846
tot_uptimes_duration: 50713.77743997879
