comms_cons: 326.67997442227954
finished_reconf: true
global_termination_time: 3302877.179
local_termination_time: 2149823.8571999995
node_cons: 67908.16428446659
tot_aggregated_send: 44950
tot_msg_rcv: 1459
tot_msg_sent: 3244
tot_reconf_duration: 15.34
tot_sleeping_duration: 3252177.1546800085
tot_uptimes: 846
tot_uptimes_duration: 50700.02431999124
