comms_cons: 1257.4173442160215
finished_reconf: true
global_termination_time: 3303672.189
local_termination_time: 2167366.6092799986
node_cons: 200627.08997042087
tot_aggregated_send: 0
tot_msg_rcv: 77264
tot_msg_sent: 113856
tot_reconf_duration: 5.57
tot_sleeping_duration: 3153844.3130400092
tot_uptimes: 2466
tot_uptimes_duration: 149827.87595999055
