comms_cons: 325.578918410616
finished_reconf: true
global_termination_time: 3305841.625
local_termination_time: 1627272.7433599997
node_cons: 67988.2082267003
tot_aggregated_send: 45762
tot_msg_rcv: 1168
tot_msg_sent: 2557
tot_reconf_duration: 15.110000000000001
tot_sleeping_duration: 3255081.5885200137
tot_uptimes: 847
tot_uptimes_duration: 50760.036479986506
