comms_cons: 329.210009625001
finished_reconf: true
global_termination_time: 3304943.485
local_termination_time: 1587682.7143599999
node_cons: 67980.49748893404
tot_aggregated_send: 45936
tot_msg_rcv: 1367
tot_msg_sent: 2735
tot_reconf_duration: 9.42
tot_sleeping_duration: 3254183.4363600183
tot_uptimes: 847
tot_uptimes_duration: 50760.048639981775
