comms_cons: 333.49353602825965
finished_reconf: true
global_termination_time: 3306331.384
local_termination_time: 615775.3384799998
node_cons: 67993.10787005091
tot_aggregated_send: 46052
tot_msg_rcv: 1709
tot_msg_sent: 2927
tot_reconf_duration: 18.700000000000003
tot_sleeping_duration: 3255571.3292800207
tot_uptimes: 847
tot_uptimes_duration: 50760.05471997941
