comms_cons: 333.4075392364441
finished_reconf: true
global_termination_time: 3304168.167
local_termination_time: 467367.2043600001
node_cons: 67971.82260558354
tot_aggregated_send: 45356
tot_msg_rcv: 2006
tot_msg_sent: 3314
tot_reconf_duration: 3.05
tot_sleeping_duration: 3253408.1366000115
tot_uptimes: 847
tot_uptimes_duration: 50760.030399988755
