comms_cons: 876.1942914357593
finished_reconf: true
global_termination_time: 8799774.437
local_termination_time: 2688004.55636
node_cons: 181026.9494133988
tot_aggregated_send: 121278
tot_msg_rcv: 3948
tot_msg_sent: 7945
tot_reconf_duration: 15.34
tot_sleeping_duration: 8664594.364040026
tot_uptimes: 2254
tot_uptimes_duration: 135180.07295997418
