comms_cons: 869.9515842105587
finished_reconf: true
global_termination_time: 8797249.569
local_termination_time: 3408645.31948
node_cons: 181023.96998893065
tot_aggregated_send: 120698
tot_msg_rcv: 3973
tot_msg_sent: 7554
tot_reconf_duration: 13.17
tot_sleeping_duration: 8662069.520360017
tot_uptimes: 2253
tot_uptimes_duration: 135180.04863998294
