comms_cons: 875.5054722450986
finished_reconf: true
global_termination_time: 8801502.332
local_termination_time: 1650978.0663599998
node_cons: 181014.58073563327
tot_aggregated_send: 121684
tot_msg_rcv: 3717
tot_msg_sent: 7670
tot_reconf_duration: 6.22
tot_sleeping_duration: 8666322.24688003
tot_uptimes: 2254
tot_uptimes_duration: 135180.0851199699
