comms_cons: 873.6201858485741
finished_reconf: true
global_termination_time: 8798386.689
local_termination_time: 2539589.94436
node_cons: 181013.50791563353
tot_aggregated_send: 121684
tot_msg_rcv: 3546
tot_msg_sent: 7554
tot_reconf_duration: 5.43
tot_sleeping_duration: 8663206.60388003
tot_uptimes: 2254
tot_uptimes_duration: 135180.0851199699
