comms_cons: 143.6640383918154
finished_reconf: true
global_termination_time: 1451744.883
local_termination_time: 4265.687000000001
node_cons: 29814.03812111688
tot_aggregated_send: 20642
tot_msg_rcv: 380
tot_msg_sent: 814
tot_reconf_duration: 5.8100000000000005
tot_sleeping_duration: 1429484.8769200023
tot_uptimes: 372
tot_uptimes_duration: 22260.006079997635
