comms_cons: 144.02589439562
finished_reconf: true
global_termination_time: 1447968.468
local_termination_time: 4929.388
node_cons: 29731.696422236033
tot_aggregated_send: 20701
tot_msg_rcv: 434
tot_msg_sent: 756
tot_reconf_duration: 4.33
tot_sleeping_duration: 1425768.4558400032
tot_uptimes: 371
tot_uptimes_duration: 22200.012159997
