comms_cons: 142.40282239517612
finished_reconf: true
global_termination_time: 1446143.983
local_termination_time: 7122.909
node_cons: 29760.23344111688
tot_aggregated_send: 20810
tot_msg_rcv: 251
tot_msg_sent: 582
tot_reconf_duration: 25.35
tot_sleeping_duration: 1423943.9769200024
tot_uptimes: 371
tot_uptimes_duration: 22200.006079997635
