comms_cons: 197.25210878132296
finished_reconf: true
global_termination_time: 1949019.129
local_termination_time: 173318.01848000006
node_cons: 40114.49501452774
tot_aggregated_send: 26332
tot_msg_rcv: 1265
tot_msg_sent: 2385
tot_reconf_duration: 18.21
tot_sleeping_duration: 1919079.0499600237
tot_uptimes: 500
tot_uptimes_duration: 29940.079039976117
