comms_cons: 193.5863807918158
finished_reconf: true
global_termination_time: 1948851.429
local_termination_time: 812821.65236
node_cons: 40124.0173999998
tot_aggregated_send: 28188
tot_msg_rcv: 506
tot_msg_sent: 730
tot_reconf_duration: 25.299999999999997
tot_sleeping_duration: 1918911.429
tot_uptimes: 500
tot_uptimes_duration: 29940.0
