comms_cons: 201.04383997366511
finished_reconf: true
global_termination_time: 1952184.337
local_termination_time: 199429.93436000004
node_cons: 40120.50825228488
tot_aggregated_send: 25926
tot_msg_rcv: 1620
tot_msg_sent: 3011
tot_reconf_duration: 22.65
tot_sleeping_duration: 1922244.270120026
tot_uptimes: 500
tot_uptimes_duration: 29940.06687997398
