comms_cons: 49.5630656009381
finished_reconf: true
global_termination_time: 498506.8272400002
local_termination_time: 19978.882720000005
node_cons: 10262.457150481738
tot_aggregated_send: 6670
tot_msg_rcv: 352
tot_msg_sent: 510
tot_reconf_duration: 22.65
tot_sleeping_duration: 490865.5289199989
tot_uptimes: 128
tot_uptimes_duration: 7641.298320001286
