comms_cons: 49.718368000705965
finished_reconf: true
global_termination_time: 499501.095
local_termination_time: 25919.57536
node_cons: 10209.174184485735
tot_aggregated_send: 6786
tot_msg_rcv: 189
tot_msg_sent: 582
tot_reconf_duration: 4.390000000000001
tot_sleeping_duration: 491881.0706799957
tot_uptimes: 128
tot_uptimes_duration: 7620.024320004275
