comms_cons: 51.0414336010387
finished_reconf: true
global_termination_time: 500648.61
local_termination_time: 173698.7859200003
node_cons: 10298.895262242871
tot_aggregated_send: 6844
tot_msg_rcv: 340
tot_msg_sent: 574
tot_reconf_duration: 11.31
tot_sleeping_duration: 492968.59783999785
tot_uptimes: 129
tot_uptimes_duration: 7680.0121600021375
