comms_cons: 1070.7203929838463
finished_reconf: true
global_termination_time: 6907470.567
local_termination_time: 2511395.8836000003
node_cons: 142049.6925341016
tot_aggregated_send: 0
tot_msg_rcv: 82115
tot_msg_sent: 80627
tot_reconf_duration: 6.279999999999999
tot_sleeping_duration: 6801390.533920011
tot_uptimes: 1769
tot_uptimes_duration: 106080.03307998949
