comms_cons: 678.1954881074297
finished_reconf: true
global_termination_time: 6902362.804
local_termination_time: 3103681.876279999
node_cons: 141971.79878446338
tot_aggregated_send: 95990
tot_msg_rcv: 2449
tot_msg_sent: 4642
tot_reconf_duration: 8.09
tot_sleeping_duration: 6796342.779680008
tot_uptimes: 1768
tot_uptimes_duration: 106020.02431999124
