comms_cons: 672.8691968703687
finished_reconf: true
global_termination_time: 6906363.108
local_termination_time: 3409935.828
node_cons: 142063.72939830454
tot_aggregated_send: 96277
tot_msg_rcv: 1936
tot_msg_sent: 4061
tot_reconf_duration: 15.110000000000001
tot_sleeping_duration: 6800281.547120009
tot_uptimes: 1769
tot_uptimes_duration: 106081.56087999162
