comms_cons: 669.1694336780015
finished_reconf: true
global_termination_time: 6907140.711
local_termination_time: 4215682.208399998
node_cons: 142055.9982411127
tot_aggregated_send: 96106
tot_msg_rcv: 2052
tot_msg_sent: 3551
tot_reconf_duration: 10.95
tot_sleeping_duration: 6801060.704920002
tot_uptimes: 1769
tot_uptimes_duration: 106080.00607999787
