comms_cons: 687.1226945657814
finished_reconf: true
global_termination_time: 6902307.432
local_termination_time: 1632724.7319599986
node_cons: 141969.3081711658
tot_aggregated_send: 96106
tot_msg_rcv: 2761
tot_msg_sent: 5572
tot_reconf_duration: 6.22
tot_sleeping_duration: 6796287.371200022
tot_uptimes: 1768
tot_uptimes_duration: 106020.06079997797
