comms_cons: 414.46998405719796
finished_reconf: true
global_termination_time: 4106921.893
local_termination_time: 362838.03048
node_cons: 84445.9577922891
tot_aggregated_send: 57072
tot_msg_rcv: 2030
tot_msg_sent: 3897
tot_reconf_duration: 6.279999999999999
tot_sleeping_duration: 4043861.8261200213
tot_uptimes: 1052
tot_uptimes_duration: 63060.06687997858
