comms_cons: 416.3072896572312
finished_reconf: true
global_termination_time: 4106582.638
local_termination_time: 1514673.9413599998
node_cons: 84445.86003005084
tot_aggregated_send: 56608
tot_msg_rcv: 2310
tot_msg_sent: 4356
tot_reconf_duration: 6.22
tot_sleeping_duration: 4043522.58328002
tot_uptimes: 1052
tot_uptimes_duration: 63060.054719979875
