comms_cons: 61.35015040588798
finished_reconf: true
global_termination_time: 445369.94548000017
local_termination_time: 33273.93036000001
node_cons: 9245.872600841638
tot_aggregated_send: 0
tot_msg_rcv: 4747
tot_msg_sent: 4577
tot_reconf_duration: 18.21
tot_sleeping_duration: 438483.35591999895
tot_uptimes: 115
tot_uptimes_duration: 6886.589560001215
