comms_cons: 251.68360956585212
finished_reconf: true
global_termination_time: 2472623.46
local_termination_time: 1201625.71736
node_cons: 50863.73188894308
tot_aggregated_send: 32190
tot_msg_rcv: 2049
tot_msg_sent: 4015
tot_reconf_duration: 6.22
tot_sleeping_duration: 2434643.4113600124
tot_uptimes: 634
tot_uptimes_duration: 37980.048639987945
