comms_cons: 101.95786239732465
finished_reconf: true
global_termination_time: 1014527.7184799998
local_termination_time: 1014527.6773599999
node_cons: 20877.245643200957
tot_aggregated_send: 14300
tot_msg_rcv: 488
tot_msg_sent: 708
tot_reconf_duration: 37.410000000000004
tot_sleeping_duration: 998973.9896799991
tot_uptimes: 260
tot_uptimes_duration: 15553.728800000681
