comms_cons: 103.14995199248087
finished_reconf: true
global_termination_time: 1017487.374
local_termination_time: 434378.1780400003
node_cons: 20909.272425588824
tot_aggregated_send: 13282
tot_msg_rcv: 832
tot_msg_sent: 1565
tot_reconf_duration: 15.34
tot_sleeping_duration: 1001887.3436000083
tot_uptimes: 261
tot_uptimes_duration: 15600.030399991607
