comms_cons: 104.66254079040206
finished_reconf: true
global_termination_time: 1017624.5
local_termination_time: 444451.5588000007
node_cons: 20906.3337067056
tot_aggregated_send: 13456
tot_msg_rcv: 887
tot_msg_sent: 1566
tot_reconf_duration: 13.17
tot_sleeping_duration: 1002024.4635200108
tot_uptimes: 261
tot_uptimes_duration: 15600.036479989241
