comms_cons: 100.24069119323084
finished_reconf: true
global_termination_time: 1014691.602
local_termination_time: 297172.40560000006
node_cons: 20814.616403355143
tot_aggregated_send: 13804
tot_msg_rcv: 500
tot_msg_sent: 932
tot_reconf_duration: 4.8100000000000005
tot_sleeping_duration: 999151.5837600036
tot_uptimes: 260
tot_uptimes_duration: 15540.018239996352
