comms_cons: 100.76718719187615
finished_reconf: true
global_termination_time: 1017849.085
local_termination_time: 271781.0593600001
node_cons: 20903.840391182144
tot_aggregated_send: 12992
tot_msg_rcv: 748
tot_msg_sent: 1576
tot_reconf_duration: 11.31
tot_sleeping_duration: 1002249.0242000134
tot_uptimes: 261
tot_uptimes_duration: 15600.060799986648
