comms_cons: 190.52110078687963
finished_reconf: true
global_termination_time: 1898919.38
local_termination_time: 657658.306
node_cons: 39056.67130622393
tot_aggregated_send: 26677
tot_msg_rcv: 767
tot_msg_sent: 1515
tot_reconf_duration: 5.57
tot_sleeping_duration: 1869756.4918400117
tot_uptimes: 487
tot_uptimes_duration: 29162.888159988215
