comms_cons: 373.9240700931582
finished_reconf: true
global_termination_time: 1900042.734
local_termination_time: 2846.7314800000004
node_cons: 39063.157424467114
tot_aggregated_send: 0
tot_msg_rcv: 28645
tot_msg_sent: 28190
tot_reconf_duration: 13.17
tot_sleeping_duration: 1870882.7096800094
tot_uptimes: 487
tot_uptimes_duration: 29160.024319990538
