comms_cons: 303.8932479840628
finished_reconf: true
global_termination_time: 3091942.88
local_termination_time: 1807244.4313599998
node_cons: 63557.49266334957
tot_aggregated_send: 42514
tot_msg_rcv: 1236
tot_msg_sent: 2440
tot_reconf_duration: 6.279999999999999
tot_sleeping_duration: 3044482.8617600068
tot_uptimes: 792
tot_uptimes_duration: 47460.01823999314
