comms_cons: 306.5093504018007
finished_reconf: true
global_termination_time: 3090631.94
local_termination_time: 1752033.8933599999
node_cons: 63557.42746558379
tot_aggregated_send: 42746
tot_msg_rcv: 1089
tot_msg_sent: 2752
tot_reconf_duration: 6.22
tot_sleeping_duration: 3043171.909600011
tot_uptimes: 792
tot_uptimes_duration: 47460.03039998887
