comms_cons: 91.71860479704173
finished_reconf: true
global_termination_time: 897490.406
local_termination_time: 224701.84536000006
node_cons: 18415.068527831656
tot_aggregated_send: 12006
tot_msg_rcv: 661
tot_msg_sent: 1274
tot_reconf_duration: 12.629999999999999
tot_sleeping_duration: 883750.3634400063
tot_uptimes: 230
tot_uptimes_duration: 13740.042559993744
