comms_cons: 1.5395327999970252
finished_reconf: true
global_termination_time: 18414.525
local_termination_time: 5820.214360000001
node_cons: 327.89198000000056
tot_aggregated_send: 0
tot_msg_rcv: 120
tot_msg_sent: 114
tot_reconf_duration: 4.8100000000000005
tot_sleeping_duration: 18174.525
tot_uptimes: 5
tot_uptimes_duration: 240.0
