comms_cons: 44.57070720217751
finished_reconf: true
global_termination_time: 338503.65116000077
local_termination_time: 338503.61004000076
node_cons: 7027.979890812783
tot_aggregated_send: 2410
tot_msg_rcv: 1695
tot_msg_sent: 2671
tot_reconf_duration: 37.410000000000004
tot_sleeping_duration: 333292.91395999125
tot_uptimes: 87
tot_uptimes_duration: 5210.737200009535
