comms_cons: 303.1995712325886
finished_reconf: true
global_termination_time: 2988344.126
local_termination_time: 527476.232119999
node_cons: 61494.50624670018
tot_aggregated_send: 41296
tot_msg_rcv: 1729
tot_msg_sent: 3060
tot_reconf_duration: 25.299999999999997
tot_sleeping_duration: 2942444.0895200144
tot_uptimes: 766
tot_uptimes_duration: 45900.03647998604
