comms_cons: 295.4389759894179
finished_reconf: true
global_termination_time: 2988822.428
local_termination_time: 624464.9303599999
node_cons: 61466.65640334938
tot_aggregated_send: 41992
tot_msg_rcv: 995
tot_msg_sent: 1918
tot_reconf_duration: 4.8100000000000005
tot_sleeping_duration: 2942922.409760007
tot_uptimes: 766
tot_uptimes_duration: 45900.0182399929
