comms_cons: 293.28757759282286
finished_reconf: true
global_termination_time: 2987462.096
local_termination_time: 1417157.4600799985
node_cons: 61467.50650446639
tot_aggregated_send: 41528
tot_msg_rcv: 903
tot_msg_sent: 2147
tot_reconf_duration: 5.43
tot_sleeping_duration: 2941562.071680009
tot_uptimes: 766
tot_uptimes_duration: 45900.02431999079
