comms_cons: 437.80671366699136
finished_reconf: true
global_termination_time: 4348778.284239994
local_termination_time: 14033.174479999998
node_cons: 89460.71575276103
tot_aggregated_send: 60378
tot_msg_rcv: 2048
tot_msg_sent: 4118
tot_reconf_duration: 5.1
tot_sleeping_duration: 4281971.869040022
tot_uptimes: 1114
tot_uptimes_duration: 66806.41519997267
