comms_cons: 432.8394880460205
finished_reconf: true
global_termination_time: 4353743.331
local_termination_time: 1028064.6503599999
node_cons: 89511.16394446553
tot_aggregated_send: 59392
tot_msg_rcv: 1985
tot_msg_sent: 4412
tot_reconf_duration: 9.11
tot_sleeping_duration: 4286903.30668001
tot_uptimes: 1115
tot_uptimes_duration: 66840.024319991
