comms_cons: 439.59908487293853
finished_reconf: true
global_termination_time: 4351931.673
local_termination_time: 1650095.7670799997
node_cons: 89505.32454446562
tot_aggregated_send: 60088
tot_msg_rcv: 2197
tot_msg_sent: 4527
tot_reconf_duration: 4.8100000000000005
tot_sleeping_duration: 4285091.64868001
tot_uptimes: 1115
tot_uptimes_duration: 66840.024319991
