comms_cons: 437.59811848478626
finished_reconf: true
global_termination_time: 4351224.459
local_termination_time: 2082347.88836
node_cons: 89515.94410446603
tot_aggregated_send: 59914
tot_msg_rcv: 2250
tot_msg_sent: 4348
tot_reconf_duration: 12.629999999999999
tot_sleeping_duration: 4284384.434680008
tot_uptimes: 1115
tot_uptimes_duration: 66840.02431999124
