comms_cons: 436.5438784707276
finished_reconf: true
global_termination_time: 4351367.31
local_termination_time: 2166205.12048
node_cons: 89524.17902334897
tot_aggregated_send: 60610
tot_msg_rcv: 1922
tot_msg_sent: 3820
tot_reconf_duration: 18.700000000000003
tot_sleeping_duration: 4284527.291760006
tot_uptimes: 1115
tot_uptimes_duration: 66840.01823999337
