comms_cons: 2.2829823999966767
finished_reconf: true
global_termination_time: 11839.77
local_termination_time: 8545.84336
node_cons: 247.55198000000297
tot_aggregated_send: 0
tot_msg_rcv: 177
tot_msg_sent: 170
tot_reconf_duration: 4.8100000000000005
tot_sleeping_duration: 11659.769999999999
tot_uptimes: 4
tot_uptimes_duration: 180.0
