comms_cons: 1.6974335999965031
finished_reconf: true
global_termination_time: 12883.007
local_termination_time: 10606.90836
node_cons: 256.3789799999993
tot_aggregated_send: 0
tot_msg_rcv: 135
tot_msg_sent: 123
tot_reconf_duration: 11.31
tot_sleeping_duration: 12703.007
tot_uptimes: 4
tot_uptimes_duration: 180.0
