comms_cons: 407.15496323849493
finished_reconf: true
global_termination_time: 4115206.479
local_termination_time: 316853.7163600001
node_cons: 84609.05506670439
tot_aggregated_send: 57536
tot_msg_rcv: 1278
tot_msg_sent: 3072
tot_reconf_duration: 8.09
tot_sleeping_duration: 4052026.44252001
tot_uptimes: 1054
tot_uptimes_duration: 63180.03647998994
