comms_cons: 409.0946560453672
finished_reconf: true
global_termination_time: 4110996.129
local_termination_time: 2939862.5293599996
node_cons: 84533.84019999768
tot_aggregated_send: 58522
tot_msg_rcv: 1175
tot_msg_sent: 2483
tot_reconf_duration: 11.899999999999999
tot_sleeping_duration: 4047876.129
tot_uptimes: 1053
tot_uptimes_duration: 63120.0
