comms_cons: 413.2986752560679
finished_reconf: true
global_termination_time: 4111147.624
local_termination_time: 1026645.1710799987
node_cons: 84526.17560669986
tot_aggregated_send: 57478
tot_msg_rcv: 1799
tot_msg_sent: 3541
tot_reconf_duration: 6.22
tot_sleeping_duration: 4048027.5875200136
tot_uptimes: 1053
tot_uptimes_duration: 63120.036479986506
