comms_cons: 87.69415679770427
finished_reconf: true
global_termination_time: 881221.94
local_termination_time: 384617.80236000003
node_cons: 18083.43394111683
tot_aggregated_send: 11774
tot_msg_rcv: 453
tot_msg_sent: 1102
tot_reconf_duration: 5.1
tot_sleeping_duration: 867721.9339200023
tot_uptimes: 226
tot_uptimes_duration: 13500.006079997635
