comms_cons: 175.9268351723778
finished_reconf: true
global_termination_time: 1688098.71112
local_termination_time: 114141.49947999995
node_cons: 34740.066596462544
tot_aggregated_send: 21634
tot_msg_rcv: 1732
tot_msg_sent: 3373
tot_reconf_duration: 4.390000000000001
tot_sleeping_duration: 1662158.378800013
tot_uptimes: 433
tot_uptimes_duration: 25940.332319986992
