comms_cons: 333.3654269401134
finished_reconf: true
global_termination_time: 1688099.1526
local_termination_time: 2498.059040000001
node_cons: 34742.8245517526
tot_aggregated_send: 0
tot_msg_rcv: 25606
tot_msg_sent: 25062
tot_reconf_duration: 11.31
tot_sleeping_duration: 1662163.7787600055
tot_uptimes: 433
tot_uptimes_duration: 25935.3738399945
