comms_cons: 84.60193279790154
finished_reconf: true
global_termination_time: 861677.825
local_termination_time: 5064.102
node_cons: 17684.865482236008
tot_aggregated_send: 12520
tot_msg_rcv: 105
tot_msg_sent: 234
tot_reconf_duration: 7.3999999999999995
tot_sleeping_duration: 848477.8128400029
tot_uptimes: 221
tot_uptimes_duration: 13200.012159997
