comms_cons: 84.15580159824474
finished_reconf: true
global_termination_time: 856024.66
local_termination_time: 7350.339
node_cons: 17610.39204223601
tot_aggregated_send: 12400
tot_msg_rcv: 99
tot_msg_sent: 292
tot_reconf_duration: 11.719999999999999
tot_sleeping_duration: 842884.647840003
tot_uptimes: 220
tot_uptimes_duration: 13140.012159997
