comms_cons: 246.12094719655536
finished_reconf: true
global_termination_time: 2467537.324
local_termination_time: 712184.4575599984
node_cons: 50719.93459999921
tot_aggregated_send: 35264
tot_msg_rcv: 827
tot_msg_sent: 1317
tot_reconf_duration: 18.700000000000003
tot_sleeping_duration: 2429677.324
tot_uptimes: 632
tot_uptimes_duration: 37860.0
