comms_cons: 253.87816959428864
finished_reconf: true
global_termination_time: 2466736.281
local_termination_time: 215847.1474800005
node_cons: 50702.05233899525
tot_aggregated_send: 32828
tot_msg_rcv: 1974
tot_msg_sent: 3786
tot_reconf_duration: 5.43
tot_sleeping_duration: 2428876.177640033
tot_uptimes: 632
tot_uptimes_duration: 37860.10335996712
