comms_cons: 818.6476217623436
finished_reconf: true
global_termination_time: 2114747.274
local_termination_time: 769772.8549599997
node_cons: 127980.14055804865
tot_aggregated_send: 0
tot_msg_rcv: 50290
tot_msg_sent: 74139
tot_reconf_duration: 18.21
tot_sleeping_duration: 2019186.8472800208
tot_uptimes: 1562
tot_uptimes_duration: 95560.42671997948
