comms_cons: 442.6142720839753
finished_reconf: true
global_termination_time: 4376276.702
local_termination_time: 358729.3620400008
node_cons: 89988.46989451833
tot_aggregated_send: 60726
tot_msg_rcv: 2303
tot_msg_sent: 4244
tot_reconf_duration: 5.57
tot_sleeping_duration: 4309076.622960029
tot_uptimes: 1121
tot_uptimes_duration: 67200.07903997067
