comms_cons: 439.7543553081966
finished_reconf: true
global_termination_time: 4379516.124
local_termination_time: 12009.206479999999
node_cons: 90068.18791676003
tot_aggregated_send: 60842
tot_msg_rcv: 1920
tot_msg_sent: 4078
tot_reconf_duration: 5.1
tot_sleeping_duration: 4312256.032800028
tot_uptimes: 1122
tot_uptimes_duration: 67260.09119997195
