comms_cons: 433.06533764051244
finished_reconf: true
global_termination_time: 4374564.3
local_termination_time: 2080630.54336
node_cons: 89997.99224558315
tot_aggregated_send: 61538
tot_msg_rcv: 1328
tot_msg_sent: 2958
tot_reconf_duration: 12.629999999999999
tot_sleeping_duration: 4307364.2696000105
tot_uptimes: 1121
tot_uptimes_duration: 67200.0303999891
