comms_cons: 433.2581760508702
finished_reconf: true
global_termination_time: 4376952.646
local_termination_time: 2495998.58936
node_cons: 90006.22716446611
tot_aggregated_send: 61074
tot_msg_rcv: 1475
tot_msg_sent: 3301
tot_reconf_duration: 18.700000000000003
tot_sleeping_duration: 4309752.621680008
tot_uptimes: 1121
tot_uptimes_duration: 67200.02431999124
