comms_cons: 443.77688327437477
finished_reconf: true
global_termination_time: 4376916.698
local_termination_time: 1238265.7783599999
node_cons: 90001.71313116758
tot_aggregated_send: 60030
tot_msg_rcv: 2490
tot_msg_sent: 4930
tot_reconf_duration: 15.34
tot_sleeping_duration: 4309716.637200022
tot_uptimes: 1121
tot_uptimes_duration: 67200.06079997751
