comms_cons: 1.5329535999974446
finished_reconf: true
global_termination_time: 11045.044
local_termination_time: 7154.16936
node_cons: 164.8626399999999
tot_aggregated_send: 0
tot_msg_rcv: 119
tot_msg_sent: 114
tot_reconf_duration: 3.08
tot_sleeping_duration: 10925.044
tot_uptimes: 3
tot_uptimes_duration: 120.0
