comms_cons: 34.461849600524666
finished_reconf: true
global_termination_time: 348738.858
local_termination_time: 344926.32936000003
node_cons: 7162.63137999999
tot_aggregated_send: 4872
tot_msg_rcv: 127
tot_msg_sent: 239
tot_reconf_duration: 9.11
tot_sleeping_duration: 343398.858
tot_uptimes: 90
tot_uptimes_duration: 5340.0
