comms_cons: 34.0539392001594
finished_reconf: true
global_termination_time: 346371.842
local_termination_time: 98681.56759999995
node_cons: 7075.889761121438
tot_aggregated_send: 4930
tot_msg_rcv: 74
tot_msg_sent: 172
tot_reconf_duration: 4.390000000000001
tot_sleeping_duration: 341091.83591999894
tot_uptimes: 89
tot_uptimes_duration: 5280.006080001069
