comms_cons: 35.26451200059373
finished_reconf: true
global_termination_time: 346926.862
local_termination_time: 51987.26532000004
node_cons: 7080.539560000007
tot_aggregated_send: 4582
tot_msg_rcv: 259
tot_msg_sent: 519
tot_reconf_duration: 7.819999999999999
tot_sleeping_duration: 341646.862
tot_uptimes: 89
tot_uptimes_duration: 5280.0
