comms_cons: 80.39747839596438
finished_reconf: true
global_termination_time: 768765.175
local_termination_time: 8857.567
node_cons: 15753.622787848612
tot_aggregated_send: 9738
tot_msg_rcv: 847
tot_msg_sent: 1635
tot_reconf_duration: 5.1
tot_sleeping_duration: 757005.1324399937
tot_uptimes: 197
tot_uptimes_duration: 11760.042560006417
