comms_cons: 77.28586239646958
finished_reconf: true
global_termination_time: 766083.56
local_termination_time: 285990.04036000004
node_cons: 15781.029964481131
tot_aggregated_send: 10440
tot_msg_rcv: 399
tot_msg_sent: 909
tot_reconf_duration: 25.299999999999997
tot_sleeping_duration: 754323.5356799993
tot_uptimes: 197
tot_uptimes_duration: 11760.02432000084
