comms_cons: 79.0852415970026
finished_reconf: true
global_termination_time: 766682.257
local_termination_time: 9778.136240000003
node_cons: 15760.061860998296
tot_aggregated_send: 9918
tot_msg_rcv: 642
tot_msg_sent: 1460
tot_reconf_duration: 8.09
tot_sleeping_duration: 754920.4380000012
tot_uptimes: 197
tot_uptimes_duration: 11761.818999998713
