comms_cons: 77.92529919769296
finished_reconf: true
global_termination_time: 768489.981
local_termination_time: 322063.04636000004
node_cons: 15762.816482242835
tot_aggregated_send: 10556
tot_msg_rcv: 485
tot_msg_sent: 803
tot_reconf_duration: 11.899999999999999
tot_sleeping_duration: 756729.9688399979
tot_uptimes: 197
tot_uptimes_duration: 11760.012160002138
