comms_cons: 77.71351039755237
finished_reconf: true
global_termination_time: 767834.593
local_termination_time: 237892.45536000002
node_cons: 15757.283983359688
tot_aggregated_send: 10440
tot_msg_rcv: 446
tot_msg_sent: 926
tot_reconf_duration: 7.819999999999999
tot_sleeping_duration: 756074.5747600002
tot_uptimes: 197
tot_uptimes_duration: 11760.018239999772
