comms_cons: 115.87127039555726
finished_reconf: true
global_termination_time: 1169870.72348
local_termination_time: 1169870.68236
node_cons: 24073.411659836667
tot_aggregated_send: 16864
tot_msg_rcv: 274
tot_msg_sent: 472
tot_reconf_duration: 24.59
tot_sleeping_duration: 1151917.0129200025
tot_uptimes: 300
tot_uptimes_duration: 17953.710559997475
