comms_cons: 65.10118396250753
finished_reconf: true
global_termination_time: 867516.789
local_termination_time: 193.92711999999997
node_cons: 17835.720511121457
tot_aggregated_send: 0
tot_msg_rcv: 0
tot_msg_sent: 0
tot_reconf_duration: 12.23
tot_sleeping_duration: 854196.7829199989
tot_uptimes: 223
tot_uptimes_duration: 13320.006080001069
