comms_cons: 493.7012224090272
finished_reconf: true
global_termination_time: 2513939.3385999976
local_termination_time: 3361.38936
node_cons: 51703.93475174647
tot_aggregated_send: 0
tot_msg_rcv: 37745
tot_msg_sent: 37292
tot_reconf_duration: 18.21
tot_sleeping_duration: 2475343.9647600073
tot_uptimes: 644
tot_uptimes_duration: 38595.37383999047
