comms_cons: 251.06630399336373
finished_reconf: true
global_termination_time: 2514360.021
local_termination_time: 352921.76272000006
node_cons: 51664.62232558793
tot_aggregated_send: 35032
tot_msg_rcv: 1033
tot_msg_sent: 2094
tot_reconf_duration: 4.390000000000001
tot_sleeping_duration: 2475779.9906000085
tot_uptimes: 644
tot_uptimes_duration: 38580.03039999161
