comms_cons: 172.9930111760205
finished_reconf: true
global_termination_time: 1682436.642
local_termination_time: 341664.77436000004
node_cons: 34554.785227822365
tot_aggregated_send: 22330
tot_msg_rcv: 1347
tot_msg_sent: 2616
tot_reconf_duration: 6.279999999999999
tot_sleeping_duration: 1656636.5994400133
tot_uptimes: 431
tot_uptimes_duration: 25800.042559986876
