comms_cons: 166.59192319656324
finished_reconf: true
global_termination_time: 1679711.489
local_termination_time: 947596.4201999996
node_cons: 34550.382639999916
tot_aggregated_send: 24418
tot_msg_rcv: 383
tot_msg_sent: 520
tot_reconf_duration: 3.08
tot_sleeping_duration: 1653911.489
tot_uptimes: 431
tot_uptimes_duration: 25800.0
