comms_cons: 100.44951681197949
finished_reconf: true
global_termination_time: 438853.7076000002
local_termination_time: 3151.0506
node_cons: 9043.525009705161
tot_aggregated_send: 0
tot_msg_rcv: 8684
tot_msg_sent: 6575
tot_reconf_duration: 18.21
tot_sleeping_duration: 432118.2364799814
tot_uptimes: 113
tot_uptimes_duration: 6735.4711200187885
