comms_cons: 43.70405760008542
finished_reconf: true
global_termination_time: 444561.095
local_termination_time: 19068.510240000003
node_cons: 9089.406220000012
tot_aggregated_send: 6380
tot_msg_rcv: 95
tot_msg_sent: 167
tot_reconf_duration: 8.09
tot_sleeping_duration: 437781.095
tot_uptimes: 114
tot_uptimes_duration: 6780.0
