comms_cons: 43.692467200524625
finished_reconf: true
global_termination_time: 439139.992
local_termination_time: 19096.589600000003
node_cons: 9004.611980000012
tot_aggregated_send: 6206
tot_msg_rcv: 149
tot_msg_sent: 286
tot_reconf_duration: 4.8100000000000005
tot_sleeping_duration: 432419.992
tot_uptimes: 113
tot_uptimes_duration: 6720.0
