comms_cons: 43.890470400221744
finished_reconf: true
global_termination_time: 441345.446
local_termination_time: 4346.755120000004
node_cons: 9085.793940000012
tot_aggregated_send: 6206
tot_msg_rcv: 122
tot_msg_sent: 343
tot_reconf_duration: 5.43
tot_sleeping_duration: 434565.446
tot_uptimes: 114
tot_uptimes_duration: 6780.0
