comms_cons: 77.667263996167
finished_reconf: true
global_termination_time: 763484.01
local_termination_time: 64919.71148000001
node_cons: 15681.667121116852
tot_aggregated_send: 10382
tot_msg_rcv: 500
tot_msg_sent: 922
tot_reconf_duration: 11.31
tot_sleeping_duration: 751784.0039200024
tot_uptimes: 196
tot_uptimes_duration: 11700.006079997635
