comms_cons: 183.72478718397218
finished_reconf: true
global_termination_time: 1822272.431
local_termination_time: 900548.6220799986
node_cons: 37445.38208223348
tot_aggregated_send: 25288
tot_msg_rcv: 898
tot_msg_sent: 1740
tot_reconf_duration: 5.1
tot_sleeping_duration: 1794312.4188400048
tot_uptimes: 467
tot_uptimes_duration: 27960.01215999527
