comms_cons: 184.62064638634476
finished_reconf: true
global_termination_time: 1821948.07324
local_termination_time: 226977.65812000047
node_cons: 37467.323434953265
tot_aggregated_send: 25288
tot_msg_rcv: 1077
tot_msg_sent: 1694
tot_reconf_duration: 6.22
tot_sleeping_duration: 1793972.8106000049
tot_uptimes: 467
tot_uptimes_duration: 27975.262639995082
