comms_cons: 625.010841754463
finished_reconf: true
global_termination_time: 6189058.095
local_termination_time: 286253.5313600001
node_cons: 127289.44081675525
tot_aggregated_send: 85086
tot_msg_rcv: 3388
tot_msg_sent: 6524
tot_reconf_duration: 22.65
tot_sleeping_duration: 6094018.003800031
tot_uptimes: 1585
tot_uptimes_duration: 95040.09119996958
