comms_cons: 603.3359296950799
finished_reconf: true
global_termination_time: 6183139.982
local_termination_time: 3319741.435
node_cons: 127191.03678334791
tot_aggregated_send: 84910
tot_msg_rcv: 2380
tot_msg_sent: 4416
tot_reconf_duration: 9.42
tot_sleeping_duration: 6088159.963760006
tot_uptimes: 1584
tot_uptimes_duration: 94980.0182399936
