comms_cons: 602.2971520072703
finished_reconf: true
global_termination_time: 6184761.508
local_termination_time: 3768828.02236
node_cons: 127194.38019999582
tot_aggregated_send: 89146
tot_msg_rcv: 768
tot_msg_sent: 1631
tot_reconf_duration: 11.899999999999999
tot_sleeping_duration: 6089781.508
tot_uptimes: 1584
tot_uptimes_duration: 94980.0
