comms_cons: 282.6615103957183
finished_reconf: true
global_termination_time: 2811321.658
local_termination_time: 321229.5824800001
node_cons: 57855.818784466326
tot_aggregated_send: 39440
tot_msg_rcv: 1203
tot_msg_sent: 2319
tot_reconf_duration: 8.09
tot_sleeping_duration: 2768121.6336800093
tot_uptimes: 720
tot_uptimes_duration: 43200.02431999054
