comms_cons: 283.78601601518477
finished_reconf: true
global_termination_time: 2809832.001
local_termination_time: 1072704.61248
node_cons: 57861.9841044671
tot_aggregated_send: 39092
tot_msg_rcv: 1377
tot_msg_sent: 2663
tot_reconf_duration: 12.629999999999999
tot_sleeping_duration: 2766631.976680009
tot_uptimes: 720
tot_uptimes_duration: 43200.024319991004
