comms_cons: 231.6009983930645
finished_reconf: true
global_termination_time: 2340865.3
local_termination_time: 813752.3093599998
node_cons: 48130.59394111618
tot_aggregated_send: 33176
tot_msg_rcv: 744
tot_msg_sent: 1282
tot_reconf_duration: 5.1
tot_sleeping_duration: 2304925.2939200024
tot_uptimes: 600
tot_uptimes_duration: 35940.006079997635
