comms_cons: 235.48456319065198
finished_reconf: true
global_termination_time: 2345077.28
local_termination_time: 98285.81535999996
node_cons: 48221.96627117262
tot_aggregated_send: 32944
tot_msg_rcv: 1056
tot_msg_sent: 1793
tot_reconf_duration: 13.17
tot_sleeping_duration: 2309077.2192000197
tot_uptimes: 601
tot_uptimes_duration: 36000.06079998001
