comms_cons: 234.71953917885642
finished_reconf: true
global_termination_time: 2341205.315
local_termination_time: 685757.6374799989
node_cons: 48129.66232557943
tot_aggregated_send: 32190
tot_msg_rcv: 1138
tot_msg_sent: 2348
tot_reconf_duration: 4.390000000000001
tot_sleeping_duration: 2305265.284600015
tot_uptimes: 600
tot_uptimes_duration: 35940.03039998509
