comms_cons: 228.85089278664867
finished_reconf: true
global_termination_time: 2342109.4
local_termination_time: 926786.0633599999
node_cons: 48132.139324466836
tot_aggregated_send: 32770
tot_msg_rcv: 734
tot_msg_sent: 1280
tot_reconf_duration: 6.22
tot_sleeping_duration: 2306169.3756800094
tot_uptimes: 600
tot_uptimes_duration: 35940.02431999054
