comms_cons: 229.4736959891512
finished_reconf: true
global_termination_time: 2340539.044
local_termination_time: 941774.9713599999
node_cons: 48139.03526223297
tot_aggregated_send: 32596
tot_msg_rcv: 718
tot_msg_sent: 1565
tot_reconf_duration: 11.31
tot_sleeping_duration: 2304599.031840005
tot_uptimes: 600
tot_uptimes_duration: 35940.01215999527
