comms_cons: 158.11791359617828
finished_reconf: true
global_termination_time: 1615826.825
local_termination_time: 1336917.23736
node_cons: 33188.94824000007
tot_aggregated_send: 23548
tot_msg_rcv: 130
tot_msg_sent: 355
tot_reconf_duration: 6.279999999999999
tot_sleeping_duration: 1591046.825
tot_uptimes: 414
tot_uptimes_duration: 24780.0
