comms_cons: 159.68376319517554
finished_reconf: true
global_termination_time: 1614848.404
local_termination_time: 1028267.47836
node_cons: 33198.30486000008
tot_aggregated_send: 23316
tot_msg_rcv: 329
tot_msg_sent: 626
tot_reconf_duration: 13.17
tot_sleeping_duration: 1590068.404
tot_uptimes: 414
tot_uptimes_duration: 24779.999999999985
