comms_cons: 160.08951678959465
finished_reconf: true
global_termination_time: 1613431.661
local_termination_time: 587320.5137999995
node_cons: 33184.57818223376
tot_aggregated_send: 21924
tot_msg_rcv: 785
tot_msg_sent: 1623
tot_reconf_duration: 3.05
tot_sleeping_duration: 1588651.6488400048
tot_uptimes: 414
tot_uptimes_duration: 24780.01215999527
