comms_cons: 153.04734721548863
finished_reconf: true
global_termination_time: 314728.5366000001
local_termination_time: 314728.4954800001
node_cons: 19314.72975836014
tot_aggregated_send: 0
tot_msg_rcv: 9348
tot_msg_sent: 13913
tot_reconf_duration: 24.59
tot_sleeping_duration: 300328.7333600001
tot_uptimes: 236
tot_uptimes_duration: 14399.803240000072
