comms_cons: 84.71440641177658
finished_reconf: true
global_termination_time: 475931.849
local_termination_time: 71081.03771999969
node_cons: 9745.869180000022
tot_aggregated_send: 0
tot_msg_rcv: 6537
tot_msg_sent: 6339
tot_reconf_duration: 18.21
tot_sleeping_duration: 468671.849
tot_uptimes: 122
tot_uptimes_duration: 7260.0
