comms_cons: 85.28616961178774
finished_reconf: true
global_termination_time: 475449.2212400005
local_termination_time: 72652.50635999997
node_cons: 9795.409740482077
tot_aggregated_send: 0
tot_msg_rcv: 6580
tot_msg_sent: 6382
tot_reconf_duration: 4.8100000000000005
tot_sleeping_duration: 468138.63291999896
tot_uptimes: 122
tot_uptimes_duration: 7310.588320001545
