comms_cons: 11.968639999951886
finished_reconf: true
global_termination_time: 86934.264
local_termination_time: 17485.72736
node_cons: 1788.3280022402996
tot_aggregated_send: 638
tot_msg_rcv: 600
tot_msg_sent: 582
tot_reconf_duration: 15.34
tot_sleeping_duration: 85614.25183999978
tot_uptimes: 23
tot_uptimes_duration: 1320.012160000224
