comms_cons: 11.414905600119233
finished_reconf: true
global_termination_time: 88425.542
local_termination_time: 43510.52736000001
node_cons: 1798.2894748798485
tot_aggregated_send: 522
tot_msg_rcv: 528
tot_msg_sent: 685
tot_reconf_duration: 22.65
tot_sleeping_duration: 87105.5040800001
tot_uptimes: 23
tot_uptimes_duration: 1320.0379199998933
