comms_cons: 11.17399039992085
finished_reconf: true
global_termination_time: 85242.969
local_termination_time: 39877.64948000001
node_cons: 1712.5345999999956
tot_aggregated_send: 580
tot_msg_rcv: 492
tot_msg_sent: 628
tot_reconf_duration: 18.700000000000003
tot_sleeping_duration: 83982.969
tot_uptimes: 22
tot_uptimes_duration: 1260.0
