comms_cons: 12.21190400003929
finished_reconf: true
global_termination_time: 88841.621
local_termination_time: 16642.594360000003
node_cons: 1780.5901044797436
tot_aggregated_send: 406
tot_msg_rcv: 632
tot_msg_sent: 818
tot_reconf_duration: 9.629999999999999
tot_sleeping_duration: 87521.59668000019
tot_uptimes: 23
tot_uptimes_duration: 1320.0243199998076
