comms_cons: 11.055564800095137
finished_reconf: true
global_termination_time: 86510.963
local_termination_time: 39585.187040000055
node_cons: 1778.1158422405817
tot_aggregated_send: 464
tot_msg_rcv: 570
tot_msg_sent: 647
tot_reconf_duration: 7.819999999999999
tot_sleeping_duration: 85190.95083999957
tot_uptimes: 23
tot_uptimes_duration: 1320.012160000435
