comms_cons: 11.410067199845798
finished_reconf: true
global_termination_time: 85136.196
local_termination_time: 14009.488080000003
node_cons: 1695.5949011191506
tot_aggregated_send: 464
tot_msg_rcv: 561
tot_msg_sent: 710
tot_reconf_duration: 6.22
tot_sleeping_duration: 83876.18992000063
tot_uptimes: 22
tot_uptimes_duration: 1260.0060799993662
