comms_cons: 11.507199999979147
finished_reconf: true
global_termination_time: 88148.671
local_termination_time: 41017.455360000014
node_cons: 1774.8946455991766
tot_aggregated_send: 406
tot_msg_rcv: 580
tot_msg_sent: 762
tot_reconf_duration: 5.43
tot_sleeping_duration: 86828.64060000061
tot_uptimes: 23
tot_uptimes_duration: 1320.0303999993848
