comms_cons: 69.86610559732438
finished_reconf: true
global_termination_time: 675066.074
local_termination_time: 115302.15735999997
node_cons: 13826.959324483465
tot_aggregated_send: 8468
tot_msg_rcv: 640
tot_msg_sent: 1509
tot_reconf_duration: 6.22
tot_sleeping_duration: 664746.0496799975
tot_uptimes: 173
tot_uptimes_duration: 10320.024320002572
