comms_cons: 68.0887679974208
finished_reconf: true
global_termination_time: 680070.282
local_termination_time: 209916.44736000008
node_cons: 13985.146043359733
tot_aggregated_send: 9512
tot_msg_rcv: 258
tot_msg_sent: 579
tot_reconf_duration: 4.390000000000001
tot_sleeping_duration: 669630.2637600002
tot_uptimes: 175
tot_uptimes_duration: 10440.018239999772
