comms_cons: 44.28459520031184
finished_reconf: true
global_termination_time: 445727.78148000006
local_termination_time: 445727.74036000005
node_cons: 9210.511659841553
tot_aggregated_send: 6308
tot_msg_rcv: 121
tot_msg_sent: 301
tot_reconf_duration: 24.59
tot_sleeping_duration: 438874.0709199989
tot_uptimes: 115
tot_uptimes_duration: 6853.710560001142
