comms_cons: 95.01022721370668
finished_reconf: true
global_termination_time: 763507.357
local_termination_time: 253089.52736000004
node_cons: 15670.441900000007
tot_aggregated_send: 0
tot_msg_rcv: 7244
tot_msg_sent: 7197
tot_reconf_duration: 3.05
tot_sleeping_duration: 751807.357
tot_uptimes: 196
tot_uptimes_duration: 11700.0
