comms_cons: 76.4602495983878
finished_reconf: true
global_termination_time: 763651.039
local_termination_time: 146255.413
node_cons: 15682.956203202828
tot_aggregated_send: 10721
tot_msg_rcv: 374
tot_msg_sent: 526
tot_reconf_duration: 11.31
tot_sleeping_duration: 751950.070199998
tot_uptimes: 196
tot_uptimes_duration: 11700.968800002098
