comms_cons: 163.1442367936719
finished_reconf: true
global_termination_time: 1632975.427359998
local_termination_time: 1632975.427359998
node_cons: 33704.197225275464
tot_aggregated_send: 23244
tot_msg_rcv: 508
tot_msg_sent: 1043
tot_reconf_duration: 24.59
tot_sleeping_duration: 1607829.1958400013
tot_uptimes: 419
tot_uptimes_duration: 25146.231519996596
