comms_cons: 160.61800959406227
finished_reconf: true
global_termination_time: 1633115.839
local_termination_time: 1183497.5720399984
node_cons: 33597.478980000094
tot_aggregated_send: 23200
tot_msg_rcv: 413
tot_msg_sent: 800
tot_reconf_duration: 11.31
tot_sleeping_duration: 1608035.839
tot_uptimes: 419
tot_uptimes_duration: 25080.0
