comms_cons: 2.171135999992826
finished_reconf: true
global_termination_time: 14754.162
local_termination_time: 10893.54636
node_cons: 271.7787000000007
tot_aggregated_send: 0
tot_msg_rcv: 177
tot_msg_sent: 153
tot_reconf_duration: 22.65
tot_sleeping_duration: 14574.161999999998
tot_uptimes: 4
tot_uptimes_duration: 180.0
