comms_cons: 275.04202879790154
finished_reconf: true
global_termination_time: 2740404.237
local_termination_time: 366008.07736000005
node_cons: 56349.21267564026
tot_aggregated_send: 37004
tot_msg_rcv: 1724
tot_msg_sent: 3077
tot_reconf_duration: 22.65
tot_sleeping_duration: 2698344.151880029
tot_uptimes: 702
tot_uptimes_duration: 42060.085119971016
