comms_cons: 269.45771520273587
finished_reconf: true
global_termination_time: 2740476.152
local_termination_time: 346391.0736400009
node_cons: 56329.326219999064
tot_aggregated_send: 39788
tot_msg_rcv: 361
tot_msg_sent: 807
tot_reconf_duration: 8.09
tot_sleeping_duration: 2698416.152
tot_uptimes: 702
tot_uptimes_duration: 42060.0
