comms_cons: 270.4649599975809
finished_reconf: true
global_termination_time: 2738423.622
local_termination_time: 788200.895
node_cons: 56424.08801543323
tot_aggregated_send: 39205
tot_msg_rcv: 587
tot_msg_sent: 1317
tot_reconf_duration: 15.110000000000001
tot_sleeping_duration: 2696299.9710400044
tot_uptimes: 702
tot_uptimes_duration: 42123.65095999569
