comms_cons: 283.2980992062668
finished_reconf: true
global_termination_time: 2875465.374
local_termination_time: 822504.9933599998
node_cons: 59137.61393999882
tot_aggregated_send: 41528
tot_msg_rcv: 471
tot_msg_sent: 1059
tot_reconf_duration: 5.43
tot_sleeping_duration: 2831305.374
tot_uptimes: 737
tot_uptimes_duration: 44160.0
