comms_cons: 113.42540799560827
finished_reconf: true
global_termination_time: 1163308.568
local_termination_time: 108031.35647999996
node_cons: 23885.741744471972
tot_aggregated_send: 16066
tot_msg_rcv: 383
tot_msg_sent: 791
tot_reconf_duration: 18.21
tot_sleeping_duration: 1145488.543680006
tot_uptimes: 298
tot_uptimes_duration: 17820.024319993972
