comms_cons: 113.79944959854834
finished_reconf: true
global_termination_time: 1160169.33
local_termination_time: 327508.67104000074
node_cons: 23867.544544481236
tot_aggregated_send: 16182
tot_msg_rcv: 336
tot_msg_sent: 778
tot_reconf_duration: 4.8100000000000005
tot_sleeping_duration: 1142349.3056799993
tot_uptimes: 298
tot_uptimes_duration: 17820.0243200009
