comms_cons: 24.369356800280556
finished_reconf: true
global_termination_time: 243334.618
local_termination_time: 14280.535120000002
node_cons: 4998.9648600000055
tot_aggregated_send: 3422
tot_msg_rcv: 120
tot_msg_sent: 162
tot_reconf_duration: 13.17
tot_sleeping_duration: 239614.618
tot_uptimes: 63
tot_uptimes_duration: 3720.0
