comms_cons: 167.85931519361822
finished_reconf: true
global_termination_time: 1692629.331
local_termination_time: 747466.2263599999
node_cons: 34811.96546223818
tot_aggregated_send: 23722
tot_msg_rcv: 582
tot_msg_sent: 1209
tot_reconf_duration: 18.21
tot_sleeping_duration: 1666649.3188400012
tot_uptimes: 434
tot_uptimes_duration: 25980.012159998703
