comms_cons: 169.70291198750914
finished_reconf: true
global_termination_time: 1692054.364
local_termination_time: 919146.8432799983
node_cons: 34793.80082670103
tot_aggregated_send: 23026
tot_msg_rcv: 916
tot_msg_sent: 1852
tot_reconf_duration: 4.8100000000000005
tot_sleeping_duration: 1666074.3275200143
tot_uptimes: 434
tot_uptimes_duration: 25980.036479985807
