comms_cons: 166.8090367940105
finished_reconf: true
global_termination_time: 1692483.622
local_termination_time: 1273334.90236
node_cons: 34808.059861116904
tot_aggregated_send: 24476
tot_msg_rcv: 253
tot_msg_sent: 625
tot_reconf_duration: 15.34
tot_sleeping_duration: 1666503.6159200023
tot_uptimes: 434
tot_uptimes_duration: 25980.006079997635
