comms_cons: 228.7916799922744
finished_reconf: true
global_termination_time: 2322069.213
local_termination_time: 776079.9533599999
node_cons: 47730.48823999944
tot_aggregated_send: 33466
tot_msg_rcv: 442
tot_msg_sent: 867
tot_reconf_duration: 6.279999999999999
tot_sleeping_duration: 2286429.213
tot_uptimes: 595
tot_uptimes_duration: 35640.0
