comms_cons: 234.25690878268466
finished_reconf: true
global_termination_time: 2318636.0131199877
local_termination_time: 182562.8334800001
node_cons: 47722.11582306521
tot_aggregated_send: 31900
tot_msg_rcv: 1211
tot_msg_sent: 2494
tot_reconf_duration: 4.390000000000001
tot_sleeping_duration: 2283000.349040028
tot_uptimes: 594
tot_uptimes_duration: 35635.664079959504
