comms_cons: 229.462758396865
finished_reconf: true
global_termination_time: 2319690.942
local_termination_time: 518879.81204000075
node_cons: 47729.3339399994
tot_aggregated_send: 33640
tot_msg_rcv: 429
tot_msg_sent: 808
tot_reconf_duration: 5.43
tot_sleeping_duration: 2284050.942
tot_uptimes: 595
tot_uptimes_duration: 35640.00000000001
