comms_cons: 229.17985279236834
finished_reconf: true
global_termination_time: 2322613.863
local_termination_time: 1211851.9924799989
node_cons: 47742.79171999951
tot_aggregated_send: 33466
tot_msg_rcv: 396
tot_msg_sent: 972
tot_reconf_duration: 15.34
tot_sleeping_duration: 2286973.863
tot_uptimes: 595
tot_uptimes_duration: 35640.0
