comms_cons: 323.30091522025754
finished_reconf: true
global_termination_time: 3226841.268
local_termination_time: 1884349.1783599989
node_cons: 66395.23810558315
tot_aggregated_send: 44834
tot_msg_rcv: 1404
tot_msg_sent: 2902
tot_reconf_duration: 25.299999999999997
tot_sleeping_duration: 3177281.2376000118
tot_uptimes: 827
tot_uptimes_duration: 49560.030399988405
