comms_cons: 326.5454336290577
finished_reconf: true
global_termination_time: 3228518.347
local_termination_time: 1877753.352
node_cons: 66385.12420877731
tot_aggregated_send: 44421
tot_msg_rcv: 1781
tot_msg_sent: 3431
tot_reconf_duration: 13.17
tot_sleeping_duration: 3178953.5678000157
tot_uptimes: 827
tot_uptimes_duration: 49564.77919998416
