comms_cons: 330.66841603364634
finished_reconf: true
global_termination_time: 3224676.061
local_termination_time: 1015959.8793599999
node_cons: 66293.34934781681
tot_aggregated_send: 43964
tot_msg_rcv: 2402
tot_msg_sent: 3891
tot_reconf_duration: 9.42
tot_sleeping_duration: 3175176.0184400165
tot_uptimes: 826
tot_uptimes_duration: 49500.042559983674
