comms_cons: 324.9545216263071
finished_reconf: true
global_termination_time: 3228135.551
local_termination_time: 495252.854
node_cons: 66367.43710893388
tot_aggregated_send: 44596
tot_msg_rcv: 1534
tot_msg_sent: 3261
tot_reconf_duration: 4.8100000000000005
tot_sleeping_duration: 3178575.5023600184
tot_uptimes: 827
tot_uptimes_duration: 49560.04863998154
