comms_cons: 495.7224508126937
finished_reconf: true
global_termination_time: 1701099.4485999998
local_termination_time: 1701099.4074799998
node_cons: 69510.62941463632
tot_aggregated_send: 0
tot_msg_rcv: 25242
tot_msg_sent: 50104
tot_reconf_duration: 37.410000000000004
tot_sleeping_duration: 1649225.0448400015
tot_uptimes: 859
tot_uptimes_duration: 51874.40375999836
