comms_cons: 173.51512318488048
finished_reconf: true
global_termination_time: 1705967.366
local_termination_time: 332977.38576000085
node_cons: 35034.8371089576
tot_aggregated_send: 22504
tot_msg_rcv: 1273
tot_msg_sent: 2597
tot_reconf_duration: 4.8100000000000005
tot_sleeping_duration: 1679807.3173600016
tot_uptimes: 437
tot_uptimes_duration: 26160.048639998247
