comms_cons: 169.04659199559728
finished_reconf: true
global_termination_time: 1703137.2
local_termination_time: 1154736.9403600001
node_cons: 35043.1101000002
tot_aggregated_send: 24476
tot_msg_rcv: 416
tot_msg_sent: 802
tot_reconf_duration: 10.95
tot_sleeping_duration: 1676977.2
tot_uptimes: 437
tot_uptimes_duration: 26160.0
