comms_cons: 174.1977599853224
finished_reconf: true
global_termination_time: 1701100.2581200001
local_termination_time: 173954.5436000001
node_cons: 34995.9710275726
tot_aggregated_send: 22794
tot_msg_rcv: 1244
tot_msg_sent: 2439
tot_reconf_duration: 4.390000000000001
tot_sleeping_duration: 1674968.8097200207
tot_uptimes: 436
tot_uptimes_duration: 26131.448399979563
