comms_cons: 175.75640957630083
finished_reconf: true
global_termination_time: 1704055.309
local_termination_time: 850738.97736
node_cons: 35036.76003006076
tot_aggregated_send: 22040
tot_msg_rcv: 1585
tot_msg_sent: 3088
tot_reconf_duration: 6.22
tot_sleeping_duration: 1677895.2542800144
tot_uptimes: 437
tot_uptimes_duration: 26160.05471998558
