comms_cons: 79.96422399901837
finished_reconf: true
global_termination_time: 803511.18
local_termination_time: 246886.65936000005
node_cons: 16477.073940000017
tot_aggregated_send: 11426
tot_msg_rcv: 269
tot_msg_sent: 459
tot_reconf_duration: 5.43
tot_sleeping_duration: 791211.18
tot_uptimes: 206
tot_uptimes_duration: 12300.0
