comms_cons: 542.037843253808
finished_reconf: true
global_termination_time: 5487713.581
local_termination_time: 1731069.24336
node_cons: 112886.26080446488
tot_aggregated_send: 76502
tot_msg_rcv: 2108
tot_msg_sent: 3775
tot_reconf_duration: 6.279999999999999
tot_sleeping_duration: 5403413.556680009
tot_uptimes: 1406
tot_uptimes_duration: 84300.02431999124
