comms_cons: 544.3564288773943
finished_reconf: true
global_termination_time: 5489919.455
local_termination_time: 538033.2451599983
node_cons: 112884.28896782002
tot_aggregated_send: 77430
tot_msg_rcv: 1705
tot_msg_sent: 3605
tot_reconf_duration: 4.8100000000000005
tot_sleeping_duration: 5405619.412440012
tot_uptimes: 1406
tot_uptimes_duration: 84300.04255998757
