comms_cons: 471.76279043382755
finished_reconf: true
global_termination_time: 4734642.360119999
local_termination_time: 4734642.318999999
node_cons: 97454.81183503068
tot_aggregated_send: 67672
tot_msg_rcv: 1391
tot_msg_sent: 2641
tot_reconf_duration: 24.59
tot_sleeping_duration: 4661885.512760004
tot_uptimes: 1213
tot_uptimes_duration: 72756.8473599953
