comms_cons: 472.92129287946534
finished_reconf: true
global_termination_time: 4739032.354
local_termination_time: 630250.5385999999
node_cons: 97458.43860781635
tot_aggregated_send: 66004
tot_msg_rcv: 1907
tot_msg_sent: 3970
tot_reconf_duration: 4.390000000000001
tot_sleeping_duration: 4666252.311440016
tot_uptimes: 1214
tot_uptimes_duration: 72780.04255998437
