comms_cons: 2.3027199999944656
finished_reconf: true
global_termination_time: 18278.323
local_termination_time: 6849.965
node_cons: 331.3512920799976
tot_aggregated_send: 0
tot_msg_rcv: 178
tot_msg_sent: 172
tot_reconf_duration: 5.57
tot_sleeping_duration: 18036.510280000002
tot_uptimes: 5
tot_uptimes_duration: 241.8127199999983
