comms_cons: 2.2895615999924344
finished_reconf: true
global_termination_time: 13889.238
local_termination_time: 7066.30936
node_cons: 249.46676000000033
tot_aggregated_send: 0
tot_msg_rcv: 179
tot_msg_sent: 169
tot_reconf_duration: 6.22
tot_sleeping_duration: 13709.238
tot_uptimes: 4
tot_uptimes_duration: 180.0
