comms_cons: 2.2698239999924996
finished_reconf: true
global_termination_time: 14222.557
local_termination_time: 7381.4493600000005
node_cons: 256.3789800000005
tot_aggregated_send: 0
tot_msg_rcv: 181
tot_msg_sent: 164
tot_reconf_duration: 11.31
tot_sleeping_duration: 14042.557
tot_uptimes: 4
tot_uptimes_duration: 180.0
