comms_cons: 42.22060800174741
finished_reconf: true
global_termination_time: 203293.65652000037
local_termination_time: 203293.61540000036
node_cons: 4249.333698880808
tot_aggregated_send: 0
tot_msg_rcv: 3372
tot_msg_sent: 3044
tot_reconf_duration: 24.59
tot_sleeping_duration: 200145.08259999976
tot_uptimes: 53
tot_uptimes_duration: 3148.573920000592
