comms_cons: 19.882969599982765
finished_reconf: true
global_termination_time: 204793.325
local_termination_time: 44183.55036000001
node_cons: 4202.4091800000015
tot_aggregated_send: 2958
tot_msg_rcv: 23
tot_msg_sent: 41
tot_reconf_duration: 18.21
tot_sleeping_duration: 201673.325
tot_uptimes: 53
tot_uptimes_duration: 3120.0
