comms_cons: 354.83891831609634
finished_reconf: true
global_termination_time: 733541.7358399997
local_termination_time: 733541.6947199998
node_cons: 44617.967171846074
tot_aggregated_send: 0
tot_msg_rcv: 21758
tot_msg_sent: 32171
tot_reconf_duration: 24.59
tot_sleeping_duration: 700244.8172799948
tot_uptimes: 547
tot_uptimes_duration: 33296.91856000485
