comms_cons: 75.46147839665016
finished_reconf: true
global_termination_time: 734306.867
local_termination_time: 449663.1509600001
node_cons: 15138.293682238269
tot_aggregated_send: 9976
tot_msg_rcv: 586
tot_msg_sent: 907
tot_reconf_duration: 25.299999999999997
tot_sleeping_duration: 723026.8548400013
tot_uptimes: 189
tot_uptimes_duration: 11280.012159998703
