comms_cons: 74.35582719989367
finished_reconf: true
global_termination_time: 734487.875
local_termination_time: 493668.9742000002
node_cons: 15121.81300112143
tot_aggregated_send: 10092
tot_msg_rcv: 415
tot_msg_sent: 793
tot_reconf_duration: 13.17
tot_sleeping_duration: 723207.8689199989
tot_uptimes: 189
tot_uptimes_duration: 11280.006080001069
