comms_cons: 27.483827201245305
finished_reconf: true
global_termination_time: 202027.4106000001
local_termination_time: 202027.36948000008
node_cons: 4166.62140848018
tot_aggregated_send: 1192
tot_msg_rcv: 1182
tot_msg_sent: 1805
tot_reconf_duration: 37.410000000000004
tot_sleeping_duration: 198953.61027999996
tot_uptimes: 52
tot_uptimes_duration: 3073.800320000124
