comms_cons: 20.625792000185346
finished_reconf: true
global_termination_time: 203202.092
local_termination_time: 39170.09636000001
node_cons: 4190.0513800000035
tot_aggregated_send: 2784
tot_msg_rcv: 127
tot_msg_sent: 224
tot_reconf_duration: 9.11
tot_sleeping_duration: 200082.092
tot_uptimes: 53
tot_uptimes_duration: 3120.0
