comms_cons: 165.64620794370225
finished_reconf: true
global_termination_time: 920073.213
local_termination_time: 358693.42736000003
node_cons: 18886.858364471926
tot_aggregated_send: 0
tot_msg_rcv: 12871
tot_msg_sent: 12305
tot_reconf_duration: 5.1
tot_sleeping_duration: 905973.188680006
tot_uptimes: 236
tot_uptimes_duration: 14100.024319993972
