comms_cons: 92.65550079893598
finished_reconf: true
global_termination_time: 915822.349
local_termination_time: 576750.5418399997
node_cons: 18817.444860000083
tot_aggregated_send: 12354
tot_msg_rcv: 579
tot_msg_sent: 1150
tot_reconf_duration: 13.17
tot_sleeping_duration: 901782.349
tot_uptimes: 235
tot_uptimes_duration: 14040.0
