comms_cons: 93.7930751938145
finished_reconf: true
global_termination_time: 917066.263
local_termination_time: 443999.712
node_cons: 18821.02590687795
tot_aggregated_send: 12060
tot_msg_rcv: 741
tot_msg_sent: 1455
tot_reconf_duration: 10.95
tot_sleeping_duration: 903021.3370800016
tot_uptimes: 235
tot_uptimes_duration: 14044.925919998437
