comms_cons: 94.50362879266433
finished_reconf: true
global_termination_time: 920729.464
local_termination_time: 552490.91236
node_cons: 18886.46454446743
tot_aggregated_send: 12296
tot_msg_rcv: 735
tot_msg_sent: 1333
tot_reconf_duration: 4.8100000000000005
tot_sleeping_duration: 906629.4396800095
tot_uptimes: 236
tot_uptimes_duration: 14100.024319990538
