comms_cons: 158.27217278491355
finished_reconf: true
global_termination_time: 1531670.333
local_termination_time: 717225.8933599999
node_cons: 31508.6715444673
tot_aggregated_send: 20532
tot_msg_rcv: 1321
tot_msg_sent: 2204
tot_reconf_duration: 11.31
tot_sleeping_duration: 1508150.3086800096
tot_uptimes: 393
tot_uptimes_duration: 23520.024319990538
