comms_cons: 157.4380671851619
finished_reconf: true
global_termination_time: 1536659.947
local_termination_time: 398776.61220000015
node_cons: 31581.067210056128
tot_aggregated_send: 20764
tot_msg_rcv: 1126
tot_msg_sent: 2038
tot_reconf_duration: 5.43
tot_sleeping_duration: 1513079.8922800177
tot_uptimes: 394
tot_uptimes_duration: 23580.054719982145
