comms_cons: 19.460851199878253
finished_reconf: true
global_termination_time: 197835.64
local_termination_time: 107580.02839999978
node_cons: 4029.79236
tot_aggregated_send: 2784
tot_msg_rcv: 65
tot_msg_sent: 108
tot_reconf_duration: 9.42
tot_sleeping_duration: 194835.64
tot_uptimes: 51
tot_uptimes_duration: 3000.0
