comms_cons: 375.4712640564055
finished_reconf: true
global_termination_time: 3733780.8608799977
local_termination_time: 3733780.8608799977
node_cons: 76939.00282107393
tot_aggregated_send: 52058
tot_msg_rcv: 1577
tot_msg_sent: 3433
tot_reconf_duration: 37.410000000000004
tot_sleeping_duration: 3676358.7548000305
tot_uptimes: 957
tot_uptimes_duration: 57422.10607996717
