comms_cons: 370.51992324448514
finished_reconf: true
global_termination_time: 3735381.949
local_termination_time: 1082667.9519599986
node_cons: 76825.62450893389
tot_aggregated_send: 51736
tot_msg_rcv: 1581
tot_msg_sent: 2999
tot_reconf_duration: 15.110000000000001
tot_sleeping_duration: 3678021.900360018
tot_uptimes: 957
tot_uptimes_duration: 57360.04863998201
