comms_cons: 70.98956799951297
finished_reconf: true
global_termination_time: 703028.7234799998
local_termination_time: 703028.6823599999
node_cons: 14512.976083200943
tot_aggregated_send: 9382
tot_msg_rcv: 351
tot_msg_sent: 1056
tot_reconf_duration: 24.59
tot_sleeping_duration: 692214.9946799992
tot_uptimes: 181
tot_uptimes_duration: 10813.728800000681
