comms_cons: 161.41117434666953
finished_reconf: true
global_termination_time: 814182.916
local_termination_time: 1336.29436
node_cons: 16745.093682242885
tot_aggregated_send: 0
tot_msg_rcv: 12486
tot_msg_sent: 12046
tot_reconf_duration: 25.299999999999997
tot_sleeping_duration: 801702.9038399978
tot_uptimes: 209
tot_uptimes_duration: 12480.012160002138
