comms_cons: 81.76097279837356
finished_reconf: true
global_termination_time: 809310.405
local_termination_time: 187104.90672000012
node_cons: 16637.762081116845
tot_aggregated_send: 10962
tot_msg_rcv: 477
tot_msg_sent: 990
tot_reconf_duration: 5.43
tot_sleeping_duration: 796890.3989200024
tot_uptimes: 208
tot_uptimes_duration: 12420.006079997635
