comms_cons: 1408.4982728930286
finished_reconf: true
global_termination_time: 3824458.506
local_termination_time: 1473208.3845999998
node_cons: 231777.37867085572
tot_aggregated_send: 0
tot_msg_rcv: 86543
tot_msg_sent: 127541
tot_reconf_duration: 6.22
tot_sleeping_duration: 3651367.444080012
tot_uptimes: 2831
tot_uptimes_duration: 173091.06191998784
