comms_cons: 383.4146240732906
finished_reconf: true
global_termination_time: 3774388.882
local_termination_time: 448332.02420000057
node_cons: 77614.4911722903
tot_aggregated_send: 51794
tot_msg_rcv: 2294
tot_msg_sent: 4188
tot_reconf_duration: 4.390000000000001
tot_sleeping_duration: 3716428.815120021
tot_uptimes: 967
tot_uptimes_duration: 57960.06687997928
