comms_cons: 383.72647047217856
finished_reconf: true
global_termination_time: 3774044.985
local_termination_time: 467367.2043600001
node_cons: 77612.64702893456
tot_aggregated_send: 51794
tot_msg_rcv: 2400
tot_msg_sent: 4129
tot_reconf_duration: 3.05
tot_sleeping_duration: 3716084.936360018
tot_uptimes: 967
tot_uptimes_duration: 57960.04863998236
