comms_cons: 90.03697919656572
finished_reconf: true
global_termination_time: 887872.107
local_termination_time: 113845.30767999985
node_cons: 18244.122082240618
tot_aggregated_send: 11890
tot_msg_rcv: 644
tot_msg_sent: 1152
tot_reconf_duration: 5.1
tot_sleeping_duration: 874252.0948399996
tot_uptimes: 228
tot_uptimes_duration: 13620.012160000435
