comms_cons: 89.20799999731419
finished_reconf: true
global_termination_time: 888178.299
local_termination_time: 91223.67435999996
node_cons: 18243.74454448115
tot_aggregated_send: 12006
tot_msg_rcv: 620
tot_msg_sent: 934
tot_reconf_duration: 4.8100000000000005
tot_sleeping_duration: 874558.2746799992
tot_uptimes: 228
tot_uptimes_duration: 13620.02432000084
