comms_cons: 86.99034879966912
finished_reconf: true
global_termination_time: 885095.818
local_termination_time: 255088.34384000013
node_cons: 18162.809761121476
tot_aggregated_send: 12412
tot_msg_rcv: 289
tot_msg_sent: 521
tot_reconf_duration: 4.390000000000001
tot_sleeping_duration: 871535.8119199988
tot_uptimes: 227
tot_uptimes_duration: 13560.006080001069
