comms_cons: 87.81916160145968
finished_reconf: true
global_termination_time: 883652.679
local_termination_time: 289811.97340000037
node_cons: 18164.230222242877
tot_aggregated_send: 11774
tot_msg_rcv: 526
tot_msg_sent: 1048
tot_reconf_duration: 5.43
tot_sleeping_duration: 870092.6668399979
tot_uptimes: 227
tot_uptimes_duration: 13560.012160002138
