comms_cons: 554.4226689049102
finished_reconf: true
global_termination_time: 5520150.874
local_termination_time: 1034841.563
node_cons: 113534.13370068946
tot_aggregated_send: 77190
tot_msg_rcv: 2312
tot_msg_sent: 4767
tot_reconf_duration: 9.11
tot_sleeping_duration: 5435369.87152002
tot_uptimes: 1414
tot_uptimes_duration: 84781.00247997977
