comms_cons: 247.0232703906174
finished_reconf: true
global_termination_time: 2496497.501
local_termination_time: 1183554.725
node_cons: 51345.84384239633
tot_aggregated_send: 35667
tot_msg_rcv: 661
tot_msg_sent: 1219
tot_reconf_duration: 5.57
tot_sleeping_duration: 2458156.739400002
tot_uptimes: 640
tot_uptimes_duration: 38340.76159999776
