comms_cons: 250.10170877353897
finished_reconf: true
global_termination_time: 2497447.227
local_termination_time: 1052138.726759999
node_cons: 51345.7800300507
tot_aggregated_send: 33292
tot_msg_rcv: 1516
tot_msg_sent: 3206
tot_reconf_duration: 6.22
tot_sleeping_duration: 2459107.1722800215
tot_uptimes: 640
tot_uptimes_duration: 38340.05471997871
