comms_cons: 251.22675199875812
finished_reconf: true
global_termination_time: 2495717.2902399916
local_termination_time: 61022.78288000018
node_cons: 51409.29842149276
tot_aggregated_send: 34742
tot_msg_rcv: 1149
tot_msg_sent: 2293
tot_reconf_duration: 11.31
tot_sleeping_duration: 2457334.960560011
tot_uptimes: 640
tot_uptimes_duration: 38382.32967998021
