comms_cons: 150.07217919638217
finished_reconf: true
global_termination_time: 1524523.258
local_termination_time: 941418.8283599999
node_cons: 31366.965541116944
tot_aggregated_send: 21924
tot_msg_rcv: 269
tot_msg_sent: 617
tot_reconf_duration: 25.299999999999997
tot_sleeping_duration: 1501123.2519200023
tot_uptimes: 391
tot_uptimes_duration: 23400.006079997635
