comms_cons: 153.4216063901232
finished_reconf: true
global_termination_time: 1530214.031
local_termination_time: 830793.65336
node_cons: 31421.4193244675
tot_aggregated_send: 20996
tot_msg_rcv: 808
tot_msg_sent: 1515
tot_reconf_duration: 6.22
tot_sleeping_duration: 1506754.0066800094
tot_uptimes: 392
tot_uptimes_duration: 23460.024319990538
