comms_cons: 37.099692800417344
finished_reconf: true
global_termination_time: 359731.2722800009
local_termination_time: 16158.856319999999
node_cons: 7475.27620816293
tot_aggregated_send: 4872
tot_msg_rcv: 260
tot_msg_sent: 506
tot_reconf_duration: 6.279999999999999
tot_sleeping_duration: 354154.91083999875
tot_uptimes: 93
tot_uptimes_duration: 5576.361440002183
