comms_cons: 36.819161600838896
finished_reconf: true
global_termination_time: 361970.185
local_termination_time: 137580.4924400002
node_cons: 7397.836403364297
tot_aggregated_send: 4930
tot_msg_rcv: 261
tot_msg_sent: 405
tot_reconf_duration: 4.8100000000000005
tot_sleeping_duration: 356450.1667599968
tot_uptimes: 93
tot_uptimes_duration: 5520.018240003206
