comms_cons: 36.91035520070834
finished_reconf: true
global_termination_time: 360929.743
local_termination_time: 146403.6462400005
node_cons: 7398.66208112143
tot_aggregated_send: 4756
tot_msg_rcv: 278
tot_msg_sent: 576
tot_reconf_duration: 5.43
tot_sleeping_duration: 355409.73691999895
tot_uptimes: 93
tot_uptimes_duration: 5520.006080001069
