comms_cons: 89.88199041226665
finished_reconf: true
global_termination_time: 483524.632
local_termination_time: 42281.64036000001
node_cons: 9885.970041121469
tot_aggregated_send: 0
tot_msg_rcv: 6873
tot_msg_sent: 6788
tot_reconf_duration: 3.05
tot_sleeping_duration: 476144.6259199989
tot_uptimes: 124
tot_uptimes_duration: 7380.006080001085
