comms_cons: 520.271231718047
finished_reconf: true
global_termination_time: 1351481.876
local_termination_time: 407348.65764000086
node_cons: 81718.7675425559
tot_aggregated_send: 0
tot_msg_rcv: 32016
tot_msg_sent: 47062
tot_reconf_duration: 18.21
tot_sleeping_duration: 1290470.6449600013
tot_uptimes: 997
tot_uptimes_duration: 61011.23103999836
