comms_cons: 133.95313919505017
finished_reconf: true
global_termination_time: 1349346.39548
local_termination_time: 1349346.35436
node_cons: 27769.051659836678
tot_aggregated_send: 19358
tot_msg_rcv: 355
tot_msg_sent: 647
tot_reconf_duration: 24.59
tot_sleeping_duration: 1328632.6849200025
tot_uptimes: 346
tot_uptimes_duration: 20713.710559997475
