comms_cons: 27.271712000135285
finished_reconf: true
global_termination_time: 270631.4206800008
local_termination_time: 270616.1062000006
node_cons: 5628.249117521116
tot_aggregated_send: 3828
tot_msg_rcv: 104
tot_msg_sent: 213
tot_reconf_duration: 5.57
tot_sleeping_duration: 266433.747
tot_uptimes: 70
tot_uptimes_duration: 4197.673680000822
