comms_cons: 54.297164804787805
finished_reconf: true
global_termination_time: 275005.177
local_termination_time: 81.14503999999997
node_cons: 5654.558700000005
tot_aggregated_send: 0
tot_msg_rcv: 4210
tot_msg_sent: 4042
tot_reconf_duration: 22.65
tot_sleeping_duration: 270805.177
tot_uptimes: 71
tot_uptimes_duration: 4200.0
