comms_cons: 27.112883200154588
finished_reconf: true
global_termination_time: 271600.382
local_termination_time: 1907.6025200000017
node_cons: 5551.906760000005
tot_aggregated_send: 3828
tot_msg_rcv: 123
tot_msg_sent: 170
tot_reconf_duration: 6.22
tot_sleeping_duration: 267460.382
tot_uptimes: 70
tot_uptimes_duration: 4140.0
