comms_cons: 45.34384640078315
finished_reconf: true
global_termination_time: 446479.288
local_termination_time: 231916.56236000004
node_cons: 9165.30012112144
tot_aggregated_send: 6206
tot_msg_rcv: 283
tot_msg_sent: 403
tot_reconf_duration: 4.8100000000000005
tot_sleeping_duration: 439639.28191999893
tot_uptimes: 115
tot_uptimes_duration: 6840.006080001069
