comms_cons: 63.818240000685215
finished_reconf: true
global_termination_time: 644606.255
local_termination_time: 439926.1365600007
node_cons: 13260.241900000081
tot_aggregated_send: 9222
tot_msg_rcv: 132
tot_msg_sent: 346
tot_reconf_duration: 3.05
tot_sleeping_duration: 634706.255
tot_uptimes: 166
tot_uptimes_duration: 9900.0
