comms_cons: 187.40851198156588
finished_reconf: true
global_termination_time: 645718.789
local_termination_time: 492518.78648000007
node_cons: 26241.96500900005
tot_aggregated_send: 0
tot_msg_rcv: 9566
tot_msg_sent: 18919
tot_reconf_duration: 11.31
tot_sleeping_duration: 626132.078
tot_uptimes: 325
tot_uptimes_duration: 19586.71100000001
