comms_cons: 58.31144960007458
finished_reconf: true
global_termination_time: 584502.349
local_termination_time: 64198.30572000011
node_cons: 11981.279560000094
tot_aggregated_send: 8236
tot_msg_rcv: 227
tot_msg_sent: 399
tot_reconf_duration: 7.819999999999999
tot_sleeping_duration: 575562.3489999999
tot_uptimes: 150
tot_uptimes_duration: 8940.000000000058
