comms_cons: 49.20364800107002
finished_reconf: true
global_termination_time: 453178.22940000036
local_termination_time: 453178.18828000035
node_cons: 9389.743237047958
tot_aggregated_send: 4916
tot_msg_rcv: 714
tot_msg_sent: 1851
tot_reconf_duration: 24.59
tot_sleeping_duration: 446190.6640399944
tot_uptimes: 117
tot_uptimes_duration: 6987.565360005929
