comms_cons: 44.85040640027787
finished_reconf: true
global_termination_time: 455960.331
local_termination_time: 50247.402600000016
node_cons: 9330.059560000002
tot_aggregated_send: 6438
tot_msg_rcv: 96
tot_msg_sent: 283
tot_reconf_duration: 7.819999999999999
tot_sleeping_duration: 449000.33100000006
tot_uptimes: 117
tot_uptimes_duration: 6959.999999999993
