comms_cons: 656.9597377458845
finished_reconf: true
global_termination_time: 6572474.507
local_termination_time: 2716221.4717999995
node_cons: 135219.83290669887
tot_aggregated_send: 90828
tot_msg_rcv: 2928
tot_msg_sent: 6096
tot_reconf_duration: 5.57
tot_sleeping_duration: 6471494.470520013
tot_uptimes: 1684
tot_uptimes_duration: 100980.0364799872
