comms_cons: 647.1058816945415
finished_reconf: true
global_termination_time: 6573000.982
local_termination_time: 3948793.6084799995
node_cons: 135223.238784464
tot_aggregated_send: 91292
tot_msg_rcv: 2395
tot_msg_sent: 4670
tot_reconf_duration: 8.09
tot_sleeping_duration: 6472020.957680008
tot_uptimes: 1684
tot_uptimes_duration: 100980.02431999147
