comms_cons: 641.8138368907179
finished_reconf: true
global_termination_time: 6574841.119
local_termination_time: 4245356.957359999
node_cons: 135229.38782222974
tot_aggregated_send: 91640
tot_msg_rcv: 2030
tot_msg_sent: 3882
tot_reconf_duration: 12.629999999999999
tot_sleeping_duration: 6473861.106840004
tot_uptimes: 1684
tot_uptimes_duration: 100980.01215999573
