comms_cons: 642.7878400360422
finished_reconf: true
global_termination_time: 6574345.587
local_termination_time: 4445248.841199999
node_cons: 135228.38019999486
tot_aggregated_send: 94540
tot_msg_rcv: 1058
tot_msg_sent: 2102
tot_reconf_duration: 11.899999999999999
tot_sleeping_duration: 6473365.587
tot_uptimes: 1684
tot_uptimes_duration: 100980.0
