comms_cons: 662.4417473572969
finished_reconf: true
global_termination_time: 6574589.249
local_termination_time: 156680.18136000005
node_cons: 135218.8578145255
tot_aggregated_send: 91118
tot_msg_rcv: 3231
tot_msg_sent: 6337
tot_reconf_duration: 4.8100000000000005
tot_sleeping_duration: 6473609.169960022
tot_uptimes: 1684
tot_uptimes_duration: 100980.07903997751
