comms_cons: 659.9524481467574
finished_reconf: true
global_termination_time: 6574162.68
local_termination_time: 408754.8903600001
node_cons: 135216.4514522876
tot_aggregated_send: 91698
tot_msg_rcv: 3026
tot_msg_sent: 5583
tot_reconf_duration: 3.05
tot_sleeping_duration: 6473182.61312002
tot_uptimes: 1684
tot_uptimes_duration: 100980.06687997904
