comms_cons: 794.811436956995
finished_reconf: true
global_termination_time: 8010918.191
local_termination_time: 2377279.880479998
node_cons: 164781.5714866967
tot_aggregated_send: 110780
tot_msg_rcv: 3346
tot_msg_sent: 6680
tot_reconf_duration: 3.08
tot_sleeping_duration: 7887858.154520012
tot_uptimes: 2052
tot_uptimes_duration: 123060.03647998674
