comms_cons: 793.9243841864609
finished_reconf: true
global_termination_time: 8010809.36
local_termination_time: 2736694.6013599997
node_cons: 164789.75208557988
tot_aggregated_send: 109968
tot_msg_rcv: 3603
tot_msg_sent: 7100
tot_reconf_duration: 9.11
tot_sleeping_duration: 7887749.329600011
tot_uptimes: 2052
tot_uptimes_duration: 123060.03039998934
