comms_cons: 800.4931266299689
finished_reconf: true
global_termination_time: 8009900.480999989
local_termination_time: 231317.25848000008
node_cons: 164871.74244115938
tot_aggregated_send: 110954
tot_msg_rcv: 3473
tot_msg_sent: 7243
tot_reconf_duration: 22.65
tot_sleeping_duration: 7886792.950200016
tot_uptimes: 2052
tot_uptimes_duration: 123107.5307999739
