comms_cons: 800.6726082234162
finished_reconf: true
global_termination_time: 8011380.274
local_termination_time: 257830.12328000081
node_cons: 164783.93898353563
tot_aggregated_send: 111302
tot_msg_rcv: 3598
tot_msg_sent: 6795
tot_reconf_duration: 4.8100000000000005
tot_sleeping_duration: 7888320.223960014
tot_uptimes: 2052
tot_uptimes_duration: 123060.05003998603
