comms_cons: 371.283487699114
finished_reconf: true
global_termination_time: 2310586.647
local_termination_time: 663094.0935999998
node_cons: 47511.714982233105
tot_aggregated_send: 0
tot_msg_rcv: 28654
tot_msg_sent: 27782
tot_reconf_duration: 22.65
tot_sleeping_duration: 2275126.6348400046
tot_uptimes: 592
tot_uptimes_duration: 35460.01215999527
