comms_cons: 236.8208511928996
finished_reconf: true
global_termination_time: 2313061.841
local_termination_time: 1119824.53036
node_cons: 47569.86731665665
tot_aggregated_send: 31030
tot_msg_rcv: 1653
tot_msg_sent: 3312
tot_reconf_duration: 6.279999999999999
tot_sleeping_duration: 2277541.796880017
tot_uptimes: 593
tot_uptimes_duration: 35520.04411998298
