comms_cons: 236.32042237789628
finished_reconf: true
global_termination_time: 2310040.358239997
local_termination_time: 108801.01647999998
node_cons: 47516.800783888044
tot_aggregated_send: 31262
tot_msg_rcv: 1645
tot_msg_sent: 3013
tot_reconf_duration: 11.31
tot_sleeping_duration: 2274565.046960021
tot_uptimes: 592
tot_uptimes_duration: 35475.311279976566
