comms_cons: 272.7341568011688
finished_reconf: true
global_termination_time: 2810218.152
local_termination_time: 5686.302
node_cons: 57850.68013999896
tot_aggregated_send: 40827
tot_msg_rcv: 220
tot_msg_sent: 407
tot_reconf_duration: 4.33
tot_sleeping_duration: 2767018.152
tot_uptimes: 720
tot_uptimes_duration: 43200.0
