comms_cons: 275.8273024208412
finished_reconf: true
global_termination_time: 2808501.348
local_termination_time: 5701.853
node_cons: 57853.62966781711
tot_aggregated_send: 38969
tot_msg_rcv: 914
tot_msg_sent: 2040
tot_reconf_duration: 6.46
tot_sleeping_duration: 2765301.3054400166
tot_uptimes: 720
tot_uptimes_duration: 43200.042559983674
