comms_cons: 166.22474238720338
finished_reconf: true
global_termination_time: 1637939.77448
local_termination_time: 1637939.73336
node_cons: 33714.24422430857
tot_aggregated_send: 22606
tot_msg_rcv: 960
tot_msg_sent: 1700
tot_reconf_duration: 24.59
tot_sleeping_duration: 1612786.0396000084
tot_uptimes: 420
tot_uptimes_duration: 25153.734879991447
