comms_cons: 167.41831678608526
finished_reconf: true
global_termination_time: 1642224.264
local_termination_time: 1010952.5914799998
node_cons: 33751.35266335054
tot_aggregated_send: 22214
tot_msg_rcv: 1086
tot_msg_sent: 2147
tot_reconf_duration: 6.279999999999999
tot_sleeping_duration: 1617024.245760007
tot_uptimes: 421
tot_uptimes_duration: 25200.018239992904
