comms_cons: 274.1026302127018
finished_reconf: true
global_termination_time: 1638725.382
local_termination_time: 1087882.73048
node_cons: 33673.0795600001
tot_aggregated_send: 0
tot_msg_rcv: 21135
tot_msg_sent: 20527
tot_reconf_duration: 7.819999999999999
tot_sleeping_duration: 1613585.382
tot_uptimes: 420
tot_uptimes_duration: 25140.0
