comms_cons: 271.0696190143338
finished_reconf: true
global_termination_time: 1642156.007
local_termination_time: 1087831.7605199981
node_cons: 33758.15898000009
tot_aggregated_send: 0
tot_msg_rcv: 20730
tot_msg_sent: 20471
tot_reconf_duration: 11.31
tot_sleeping_duration: 1616956.007
tot_uptimes: 421
tot_uptimes_duration: 25200.0
