comms_cons: 13.487359999898691
finished_reconf: true
global_termination_time: 127526.612
local_termination_time: 27642.35828
node_cons: 2576.8497611202906
tot_aggregated_send: 1566
tot_msg_rcv: 195
tot_msg_sent: 289
tot_reconf_duration: 4.390000000000001
tot_sleeping_duration: 125606.60591999978
tot_uptimes: 33
tot_uptimes_duration: 1920.0060800002175
