comms_cons: 48.25843200037127
finished_reconf: true
global_termination_time: 491669.124
local_termination_time: 188572.77016000077
node_cons: 10064.052316241055
tot_aggregated_send: 7076
tot_msg_rcv: 99
tot_msg_sent: 160
tot_reconf_duration: 15.34
tot_sleeping_duration: 484168.5858399992
tot_uptimes: 126
tot_uptimes_duration: 7500.538160000782
