comms_cons: 224.44345598964298
finished_reconf: true
global_termination_time: 2291814.831
local_termination_time: 518047.4747200001
node_cons: 47110.03940558362
tot_aggregated_send: 31494
tot_msg_rcv: 834
tot_msg_sent: 1788
tot_reconf_duration: 22.65
tot_sleeping_duration: 2256654.8006000114
tot_uptimes: 587
tot_uptimes_duration: 35160.03039998817
