comms_cons: 227.4692607854486
finished_reconf: true
global_termination_time: 2292759.36
local_termination_time: 535328.84436
node_cons: 47166.152685583664
tot_aggregated_send: 31262
tot_msg_rcv: 1102
tot_msg_sent: 2210
tot_reconf_duration: 4.8100000000000005
tot_sleeping_duration: 2257539.3296000115
tot_uptimes: 588
tot_uptimes_duration: 35220.03039998817
