comms_cons: 222.60620798868692
finished_reconf: true
global_termination_time: 2290907.642
local_termination_time: 1121166.90236
node_cons: 47089.867701116345
tot_aggregated_send: 31784
tot_msg_rcv: 716
tot_msg_sent: 1334
tot_reconf_duration: 7.819999999999999
tot_sleeping_duration: 2255747.635920002
tot_uptimes: 587
tot_uptimes_duration: 35160.006079997635
