comms_cons: 223.90353279182324
finished_reconf: true
global_termination_time: 2291746.078
local_termination_time: 1580860.6334399986
node_cons: 47094.59897999951
tot_aggregated_send: 32886
tot_msg_rcv: 293
tot_msg_sent: 853
tot_reconf_duration: 11.31
tot_sleeping_duration: 2256586.078
tot_uptimes: 587
tot_uptimes_duration: 35160.0
