comms_cons: 152.86330881586966
finished_reconf: true
global_termination_time: 317782.516
local_termination_time: 1086.9274800000023
node_cons: 19117.02543056674
tot_aggregated_send: 0
tot_msg_rcv: 9467
tot_msg_sent: 13766
tot_reconf_duration: 18.21
tot_sleeping_duration: 303523.89295999496
tot_uptimes: 231
tot_uptimes_duration: 14258.623040005017
