comms_cons: 75.42920960955546
finished_reconf: true
global_termination_time: 381847.78
local_termination_time: 7925.005360000001
node_cons: 7823.738700000008
tot_aggregated_send: 0
tot_msg_rcv: 5896
tot_msg_sent: 5569
tot_reconf_duration: 22.65
tot_sleeping_duration: 376027.78
tot_uptimes: 98
tot_uptimes_duration: 5819.999999999998
