comms_cons: 38.81728000071635
finished_reconf: true
global_termination_time: 384375.761
local_termination_time: 223648.78444000022
node_cons: 7877.470041121424
tot_aggregated_send: 5220
tot_msg_rcv: 270
tot_msg_sent: 410
tot_reconf_duration: 3.05
tot_sleeping_duration: 378495.75491999893
tot_uptimes: 99
tot_uptimes_duration: 5880.006080001069
