comms_cons: 124.62978559218755
finished_reconf: true
global_termination_time: 1249041.067
local_termination_time: 82206.94047999996
node_cons: 25653.22988558421
tot_aggregated_send: 17516
tot_msg_rcv: 450
tot_msg_sent: 977
tot_reconf_duration: 18.21
tot_sleeping_duration: 1229901.0366000119
tot_uptimes: 320
tot_uptimes_duration: 19140.030399988173
