comms_cons: 124.82058239637541
finished_reconf: true
global_termination_time: 1246664.306
local_termination_time: 696946.8103999981
node_cons: 25636.040342233635
tot_aggregated_send: 17574
tot_msg_rcv: 473
tot_msg_sent: 925
tot_reconf_duration: 5.57
tot_sleeping_duration: 1227524.2938400048
tot_uptimes: 320
tot_uptimes_duration: 19140.01215999527
