comms_cons: 125.46534399228044
finished_reconf: true
global_termination_time: 1246017.319
local_termination_time: 508029.4543600001
node_cons: 25659.251264467403
tot_aggregated_send: 17226
tot_msg_rcv: 582
tot_msg_sent: 1262
tot_reconf_duration: 22.65
tot_sleeping_duration: 1226877.2946800094
tot_uptimes: 320
tot_uptimes_duration: 19140.024319990538
