comms_cons: 603.3987964204737
finished_reconf: true
global_termination_time: 1246566.945
local_termination_time: 946177.3349599987
node_cons: 75837.97941262998
tot_aggregated_send: 0
tot_msg_rcv: 36993
tot_msg_sent: 54720
tot_reconf_duration: 6.22
tot_sleeping_duration: 1189935.4792400063
tot_uptimes: 932
tot_uptimes_duration: 56631.465759993735
