comms_cons: 186.69205759710093
finished_reconf: true
global_termination_time: 1904935.769
local_termination_time: 802668.7593599999
node_cons: 39159.937399999835
tot_aggregated_send: 27492
tot_msg_rcv: 325
tot_msg_sent: 558
tot_reconf_duration: 25.299999999999997
tot_sleeping_duration: 1875715.769
tot_uptimes: 488
tot_uptimes_duration: 29220.0
