comms_cons: 189.5543103875545
finished_reconf: true
global_termination_time: 1909129.213
local_termination_time: 1126533.04236
node_cons: 39231.31460000002
tot_aggregated_send: 26912
tot_msg_rcv: 580
tot_msg_sent: 1319
tot_reconf_duration: 18.700000000000003
tot_sleeping_duration: 1879849.213
tot_uptimes: 489
tot_uptimes_duration: 29280.0
