comms_cons: 510.9347200568015
finished_reconf: true
global_termination_time: 3005771.946
local_termination_time: 412214.78236000007
node_cons: 61788.04082669979
tot_aggregated_send: 0
tot_msg_rcv: 39426
tot_msg_sent: 38234
tot_reconf_duration: 4.8100000000000005
tot_sleeping_duration: 2959631.909520014
tot_uptimes: 770
tot_uptimes_duration: 46140.03647998581
