comms_cons: 288.71045758777683
finished_reconf: true
global_termination_time: 2931177.511
local_termination_time: 1647575.3483599997
node_cons: 60260.994184466384
tot_aggregated_send: 40948
tot_msg_rcv: 956
tot_msg_sent: 1978
tot_reconf_duration: 4.390000000000001
tot_sleeping_duration: 2886177.486680009
tot_uptimes: 751
tot_uptimes_duration: 45000.02431999077
