comms_cons: 1415.729984923878
finished_reconf: true
global_termination_time: 2926332.266879999
local_termination_time: 2926332.225759999
node_cons: 177750.92096825805
tot_aggregated_send: 0
tot_msg_rcv: 86966
tot_msg_sent: 128214
tot_reconf_duration: 24.59
tot_sleeping_duration: 2793608.198360011
tot_uptimes: 2161
tot_uptimes_duration: 132724.06851998824
