comms_cons: 576.6857923788791
finished_reconf: true
global_termination_time: 2930616.925
local_termination_time: 1184.0510400000014
node_cons: 60270.38340335285
tot_aggregated_send: 0
tot_msg_rcv: 44151
tot_msg_sent: 43502
tot_reconf_duration: 11.31
tot_sleeping_duration: 2885616.9067600043
tot_uptimes: 751
tot_uptimes_duration: 45000.01823999551
