comms_cons: 116.82027519136781
finished_reconf: true
global_termination_time: 1154605.53148
local_termination_time: 1154605.49036
node_cons: 23752.100506549177
tot_aggregated_send: 15762
tot_msg_rcv: 644
tot_msg_sent: 1349
tot_reconf_duration: 24.59
tot_sleeping_duration: 1136891.784440008
tot_uptimes: 296
tot_uptimes_duration: 17713.747039991882
