comms_cons: 117.43402238997643
finished_reconf: true
global_termination_time: 1154606.3832400003
local_termination_time: 23520.4618
node_cons: 23780.652418315785
tot_aggregated_send: 15196
tot_msg_rcv: 876
tot_msg_sent: 1778
tot_reconf_duration: 18.21
tot_sleeping_duration: 1136864.8423600036
tot_uptimes: 296
tot_uptimes_duration: 17741.540879996828
