comms_cons: 118.04483839414871
finished_reconf: true
global_termination_time: 1154864.369
local_termination_time: 717120.1431999996
node_cons: 23708.87708672406
tot_aggregated_send: 14732
tot_msg_rcv: 1116
tot_msg_sent: 2095
tot_reconf_duration: 6.279999999999999
tot_sleeping_duration: 1137164.332519997
tot_uptimes: 296
tot_uptimes_duration: 17700.03648000298
