comms_cons: 115.9573247897462
finished_reconf: true
global_termination_time: 1158869.392
local_termination_time: 563677.05436
node_cons: 23815.04624671489
tot_aggregated_send: 14790
tot_msg_rcv: 1005
tot_msg_sent: 1829
tot_reconf_duration: 25.299999999999997
tot_sleeping_duration: 1141109.355520004
tot_uptimes: 297
tot_uptimes_duration: 17760.03647999611
