comms_cons: 16.980448000095897
finished_reconf: true
global_termination_time: 175408.666
local_termination_time: 45347.643000000004
node_cons: 3541.9359924002683
tot_aggregated_send: 2433
tot_msg_rcv: 34
tot_msg_sent: 114
tot_reconf_duration: 4.8100000000000005
tot_sleeping_duration: 172768.3343999998
tot_uptimes: 45
tot_uptimes_duration: 2640.3316000002014
