comms_cons: 90.38470401300168
finished_reconf: true
global_termination_time: 456515.966
local_termination_time: 2960.3523600000003
node_cons: 9353.829964483455
tot_aggregated_send: 0
tot_msg_rcv: 7027
tot_msg_sent: 6712
tot_reconf_duration: 25.299999999999997
tot_sleeping_duration: 449555.9416799974
tot_uptimes: 117
tot_uptimes_duration: 6960.0243200025725
