comms_cons: 46.32248320053703
finished_reconf: true
global_termination_time: 458776.922
local_termination_time: 77531.01087999948
node_cons: 9418.924386562196
tot_aggregated_send: 6206
tot_msg_rcv: 256
tot_msg_sent: 578
tot_reconf_duration: 11.31
tot_sleeping_duration: 451754.0949599984
tot_uptimes: 118
tot_uptimes_duration: 7022.827040001619
