comms_cons: 101.35196159566921
finished_reconf: true
global_termination_time: 1018421.241
local_termination_time: 206447.08736000003
node_cons: 20913.19430895767
tot_aggregated_send: 13688
tot_msg_rcv: 559
tot_msg_sent: 1158
tot_reconf_duration: 18.21
tot_sleeping_duration: 1002821.1923600018
tot_uptimes: 261
tot_uptimes_duration: 15600.048639998247
