comms_cons: 97.91823359747572
finished_reconf: true
global_termination_time: 1015924.034
local_termination_time: 345074.3123600001
node_cons: 20909.27242560262
tot_aggregated_send: 13282
tot_msg_rcv: 562
tot_msg_sent: 1039
tot_reconf_duration: 15.34
tot_sleeping_duration: 1000324.0035999981
tot_uptimes: 261
tot_uptimes_duration: 15600.03040000191
