comms_cons: 98.8731199971372
finished_reconf: true
global_termination_time: 1014218.0780000001
local_termination_time: 596265.41036
node_cons: 20849.228196714943
tot_aggregated_send: 13514
tot_msg_rcv: 540
tot_msg_sent: 974
tot_reconf_duration: 25.299999999999997
tot_sleeping_duration: 998672.9915200039
tot_uptimes: 260
tot_uptimes_duration: 15545.086479996156
