comms_cons: 98.595891199413
finished_reconf: true
global_termination_time: 1014217.7730000003
local_termination_time: 688046.54736
node_cons: 20867.877091121904
tot_aggregated_send: 14036
tot_msg_rcv: 365
tot_msg_sent: 585
tot_reconf_duration: 13.17
tot_sleeping_duration: 998646.456919999
tot_uptimes: 260
tot_uptimes_duration: 15571.316080001357
