comms_cons: 403.0549504597471
finished_reconf: true
global_termination_time: 4038864.694
local_termination_time: 1341129.855279999
node_cons: 83092.12822669932
tot_aggregated_send: 55564
tot_msg_rcv: 1990
tot_msg_sent: 3708
tot_reconf_duration: 15.110000000000001
tot_sleeping_duration: 3976824.657520014
tot_uptimes: 1035
tot_uptimes_duration: 62040.03647998627
