comms_cons: 402.9972736468735
finished_reconf: true
global_termination_time: 4037162.7951199966
local_termination_time: 105909.61235999997
node_cons: 83043.76969308087
tot_aggregated_send: 56550
tot_msg_rcv: 1501
tot_msg_sent: 3201
tot_reconf_duration: 22.65
tot_sleeping_duration: 3975166.5210400242
tot_uptimes: 1034
tot_uptimes_duration: 61996.274079972354
