comms_cons: 403.1740032555037
finished_reconf: true
global_termination_time: 4038979.54
local_termination_time: 1315191.7313599999
node_cons: 83084.40934782082
tot_aggregated_send: 55448
tot_msg_rcv: 1942
tot_msg_sent: 3890
tot_reconf_duration: 9.42
tot_sleeping_duration: 3976939.4974400126
tot_uptimes: 1035
tot_uptimes_duration: 62040.04255998734
