comms_cons: 403.48448006130747
finished_reconf: true
global_termination_time: 4039888.104
local_termination_time: 1000460.239759998
node_cons: 83092.89768245838
tot_aggregated_send: 56318
tot_msg_rcv: 1686
tot_msg_sent: 3325
tot_reconf_duration: 12.629999999999999
tot_sleeping_duration: 3977844.9776800144
tot_uptimes: 1035
tot_uptimes_duration: 62043.12631998543
