comms_cons: 407.6059648455089
finished_reconf: true
global_termination_time: 4039113.675
local_termination_time: 989640.3113599999
node_cons: 83082.2528300508
tot_aggregated_send: 55332
tot_msg_rcv: 2354
tot_msg_sent: 4264
tot_reconf_duration: 7.819999999999999
tot_sleeping_duration: 3977073.62028002
tot_uptimes: 1035
tot_uptimes_duration: 62040.0547199797
