comms_cons: 119.75522559658123
finished_reconf: true
global_termination_time: 1208529.225
local_termination_time: 556040.9103599999
node_cons: 24849.797321116817
tot_aggregated_send: 17342
tot_msg_rcv: 296
tot_msg_sent: 564
tot_reconf_duration: 18.21
tot_sleeping_duration: 1189989.2189200025
tot_uptimes: 310
tot_uptimes_duration: 18540.006079997635
