comms_cons: 108.06908799899485
finished_reconf: true
global_termination_time: 1104120.453
local_termination_time: 182630.3773600005
node_cons: 22663.444060000045
tot_aggregated_send: 15950
tot_msg_rcv: 188
tot_msg_sent: 287
tot_reconf_duration: 5.57
tot_sleeping_duration: 1087200.453
tot_uptimes: 283
tot_uptimes_duration: 16920.0
