comms_cons: 108.32652799563044
finished_reconf: true
global_termination_time: 1108377.826
local_termination_time: 389591.2963600001
node_cons: 22740.361900000098
tot_aggregated_send: 15602
tot_msg_rcv: 282
tot_msg_sent: 581
tot_reconf_duration: 3.05
tot_sleeping_duration: 1091397.826
tot_uptimes: 284
tot_uptimes_duration: 16980.0
