comms_cons: 109.37966079835819
finished_reconf: true
global_termination_time: 1108112.96
local_termination_time: 298573.2273600001
node_cons: 22746.839560000044
tot_aggregated_send: 16008
tot_msg_rcv: 247
tot_msg_sent: 370
tot_reconf_duration: 7.819999999999999
tot_sleeping_duration: 1091132.96
tot_uptimes: 284
tot_uptimes_duration: 16980.0
