comms_cons: 108.35840639907707
finished_reconf: true
global_termination_time: 1104246.255
local_termination_time: 419644.4244000008
node_cons: 22664.326759999996
tot_aggregated_send: 15834
tot_msg_rcv: 205
tot_msg_sent: 430
tot_reconf_duration: 6.22
tot_sleeping_duration: 1087326.255
tot_uptimes: 283
tot_uptimes_duration: 16920.0
