comms_cons: 474.72918403879373
finished_reconf: true
global_termination_time: 549369.9545999998
local_termination_time: 549369.9134799999
node_cons: 54740.41820826873
tot_aggregated_send: 0
tot_msg_rcv: 32680
tot_msg_sent: 39472
tot_reconf_duration: 37.410000000000004
tot_sleeping_duration: 508526.3284399778
tot_uptimes: 658
tot_uptimes_duration: 40843.626160022046
