comms_cons: 58.04232959948861
finished_reconf: true
global_termination_time: 552463.222
local_termination_time: 85020.20235999998
node_cons: 11338.58398335972
tot_aggregated_send: 6960
tot_msg_rcv: 646
tot_msg_sent: 1217
tot_reconf_duration: 7.819999999999999
tot_sleeping_duration: 544003.2037600002
tot_uptimes: 142
tot_uptimes_duration: 8460.018239999774
