comms_cons: 111.064844808388
finished_reconf: true
global_termination_time: 551793.016
local_termination_time: 1158.0016000000003
node_cons: 11343.331544485738
tot_aggregated_send: 0
tot_msg_rcv: 8695
tot_msg_sent: 8183
tot_reconf_duration: 11.31
tot_sleeping_duration: 543332.9916799957
tot_uptimes: 142
tot_uptimes_duration: 8460.024320004275
