comms_cons: 57.34556160090434
finished_reconf: true
global_termination_time: 549602.524
local_termination_time: 46093.45
node_cons: 11268.916438005152
tot_aggregated_send: 7005
tot_msg_rcv: 606
tot_msg_sent: 1106
tot_reconf_duration: 15.34
tot_sleeping_duration: 541202.1619999962
tot_uptimes: 141
tot_uptimes_duration: 8400.362000003843
