comms_cons: 64.68929280677636
finished_reconf: true
global_termination_time: 326467.915
local_termination_time: 22202.705280000002
node_cons: 6674.197902241729
tot_aggregated_send: 0
tot_msg_rcv: 5016
tot_msg_sent: 4817
tot_reconf_duration: 4.390000000000001
tot_sleeping_duration: 321487.90283999866
tot_uptimes: 84
tot_uptimes_duration: 4980.012160001286
