comms_cons: 88.59460479598226
finished_reconf: true
global_termination_time: 863792.788
local_termination_time: 641664.2693599999
node_cons: 17773.049283355176
tot_aggregated_send: 11716
tot_msg_rcv: 654
tot_msg_sent: 1095
tot_reconf_duration: 13.17
tot_sleeping_duration: 850532.7697600037
tot_uptimes: 222
tot_uptimes_duration: 13260.018239996338
