comms_cons: 87.01712639593755
finished_reconf: true
global_termination_time: 861549.915
local_termination_time: 614994.6373599999
node_cons: 17687.62492447201
tot_aggregated_send: 11716
tot_msg_rcv: 471
tot_msg_sent: 1039
tot_reconf_duration: 9.42
tot_sleeping_duration: 848349.8906800061
tot_uptimes: 221
tot_uptimes_duration: 13200.024319993972
