comms_cons: 88.09016319576665
finished_reconf: true
global_termination_time: 862605.955
local_termination_time: 200495.38240000035
node_cons: 17685.48468894845
tot_aggregated_send: 11658
tot_msg_rcv: 627
tot_msg_sent: 1105
tot_reconf_duration: 7.819999999999999
tot_sleeping_duration: 849405.9063600085
tot_uptimes: 221
tot_uptimes_duration: 13200.048639991379
