comms_cons: 38.19225600103062
finished_reconf: true
global_termination_time: 367945.37812000053
local_termination_time: 79931.55267999959
node_cons: 7609.196385045052
tot_aggregated_send: 4814
tot_msg_rcv: 326
tot_msg_sent: 664
tot_reconf_duration: 6.22
tot_sleeping_duration: 362268.94075999677
tot_uptimes: 95
tot_uptimes_duration: 5676.437360003765
