comms_cons: 204.9206911759624
finished_reconf: true
global_termination_time: 1986781.97
local_termination_time: 355442.0401600003
node_cons: 40823.4128300604
tot_aggregated_send: 26738
tot_msg_rcv: 1676
tot_msg_sent: 2732
tot_reconf_duration: 7.819999999999999
tot_sleeping_duration: 1956301.9152800145
tot_uptimes: 509
tot_uptimes_duration: 30480.05471998558
