comms_cons: 14.972236799986117
finished_reconf: true
global_termination_time: 3501.2004400000037
local_termination_time: 3501.159320000004
node_cons: 1577.7842401600058
tot_aggregated_send: 0
tot_msg_rcv: 1149
tot_msg_sent: 1123
tot_reconf_duration: 37.410000000000004
tot_sleeping_duration: 2360.8109999999997
tot_uptimes: 16
tot_uptimes_duration: 1140.3894400000038
