comms_cons: 43.92855680122512
finished_reconf: true
global_termination_time: 426130.25948000007
local_termination_time: 426130.21836000006
node_cons: 8808.852365447567
tot_aggregated_send: 5554
tot_msg_rcv: 356
tot_msg_sent: 766
tot_reconf_duration: 24.59
tot_sleeping_duration: 419576.51851999445
tot_uptimes: 110
tot_uptimes_duration: 6553.740960005634
