comms_cons: 44.84065920151323
finished_reconf: true
global_termination_time: 427819.522
local_termination_time: 125788.89419999962
node_cons: 8761.234464485718
tot_aggregated_send: 5510
tot_msg_rcv: 489
tot_msg_sent: 817
tot_reconf_duration: 3.05
tot_sleeping_duration: 421279.4976799957
tot_uptimes: 110
tot_uptimes_duration: 6540.024320004275
