comms_cons: 2.302719999992391
finished_reconf: true
global_termination_time: 12098.967
local_termination_time: 7507.925359999999
node_cons: 245.16189999999904
tot_aggregated_send: 0
tot_msg_rcv: 178
tot_msg_sent: 172
tot_reconf_duration: 3.05
tot_sleeping_duration: 11918.967
tot_uptimes: 4
tot_uptimes_duration: 180.0
