comms_cons: 31.09987840028957
finished_reconf: true
global_termination_time: 304636.992
local_termination_time: 25059.519480000006
node_cons: 6270.678182242873
tot_aggregated_send: 4002
tot_msg_rcv: 202
tot_msg_sent: 523
tot_reconf_duration: 3.05
tot_sleeping_duration: 299956.9798399979
tot_uptimes: 79
tot_uptimes_duration: 4680.0121600021375
