comms_cons: 46.318195200071685
finished_reconf: true
global_termination_time: 472026.361
local_termination_time: 60677.740480000015
node_cons: 9675.165541119168
tot_aggregated_send: 6728
tot_msg_rcv: 103
tot_msg_sent: 209
tot_reconf_duration: 25.299999999999997
tot_sleeping_duration: 464826.35492000065
tot_uptimes: 121
tot_uptimes_duration: 7200.006079999366
