comms_cons: 46.90311680045076
finished_reconf: true
global_termination_time: 470958.433
local_termination_time: 101101.58147999969
node_cons: 9649.246760000013
tot_aggregated_send: 6670
tot_msg_rcv: 174
tot_msg_sent: 285
tot_reconf_duration: 6.22
tot_sleeping_duration: 463758.433
tot_uptimes: 121
tot_uptimes_duration: 7200.0
