comms_cons: 35.350041600026074
finished_reconf: true
global_termination_time: 360598.928
local_termination_time: 84870.5363199996
node_cons: 7397.241619999969
tot_aggregated_send: 5220
tot_msg_rcv: 41
tot_msg_sent: 112
tot_reconf_duration: 4.390000000000001
tot_sleeping_duration: 355078.9280000001
tot_uptimes: 93
tot_uptimes_duration: 5519.999999999971
