comms_cons: 2.0987647999957044
finished_reconf: true
global_termination_time: 14779.591
local_termination_time: 9768.163359999999
node_cons: 249.5482399999984
tot_aggregated_send: 0
tot_msg_rcv: 164
tot_msg_sent: 155
tot_reconf_duration: 6.279999999999999
tot_sleeping_duration: 14599.591
tot_uptimes: 4
tot_uptimes_duration: 180.0
