comms_cons: 2.256665599994636
finished_reconf: true
global_termination_time: 14164.873
local_termination_time: 6134.84736
node_cons: 252.00622000000143
tot_aggregated_send: 0
tot_msg_rcv: 175
tot_msg_sent: 167
tot_reconf_duration: 8.09
tot_sleeping_duration: 13984.873
tot_uptimes: 4
tot_uptimes_duration: 180.0
