comms_cons: 132.33465598944144
finished_reconf: true
global_termination_time: 1314339.867
local_termination_time: 425057.3723600001
node_cons: 27005.29134894393
tot_aggregated_send: 17110
tot_msg_rcv: 1019
tot_msg_sent: 1986
tot_reconf_duration: 8.09
tot_sleeping_duration: 1294179.818360012
tot_uptimes: 337
tot_uptimes_duration: 20160.048639987945
