comms_cons: 134.0446207894121
finished_reconf: true
global_termination_time: 1313286.398
local_termination_time: 235346.57536000005
node_cons: 27025.096393420416
tot_aggregated_send: 17516
tot_msg_rcv: 893
tot_msg_sent: 1965
tot_reconf_duration: 22.65
tot_sleeping_duration: 1293126.3250400147
tot_uptimes: 337
tot_uptimes_duration: 20160.07295998535
