comms_cons: 1.5000575999950445
finished_reconf: true
global_termination_time: 8326.78248
local_termination_time: 8326.74136
node_cons: 229.83307872000086
tot_aggregated_send: 0
tot_msg_rcv: 125
tot_msg_sent: 101
tot_reconf_duration: 37.410000000000004
tot_sleeping_duration: 8193.078
tot_uptimes: 3
tot_uptimes_duration: 133.70448000000033
