comms_cons: 0.664499199997807
finished_reconf: true
global_termination_time: 6758.111
local_termination_time: 3150.0443600000003
node_cons: 105.06918000000005
tot_aggregated_send: 0
tot_msg_rcv: 60
tot_msg_sent: 41
tot_reconf_duration: 18.21
tot_sleeping_duration: 6698.111
tot_uptimes: 2
tot_uptimes_duration: 60.0
