comms_cons: 0.7302911999975895
finished_reconf: true
global_termination_time: 6312.328
local_termination_time: 2466.8603600000006
node_cons: 114.69740000000024
tot_aggregated_send: 0
tot_msg_rcv: 76
tot_msg_sent: 34
tot_reconf_duration: 25.299999999999997
tot_sleeping_duration: 6252.328
tot_uptimes: 2
tot_uptimes_duration: 60.0
