comms_cons: 0.9474048000021122
finished_reconf: true
global_termination_time: 6391.326999999999
local_termination_time: 1846.8213600000001
node_cons: 91.32621999999989
tot_aggregated_send: 0
tot_msg_rcv: 91
tot_msg_sent: 53
tot_reconf_duration: 8.09
tot_sleeping_duration: 6331.326999999999
tot_uptimes: 2
tot_uptimes_duration: 59.99999999999909
