comms_cons: 1.0263551999966107
finished_reconf: true
global_termination_time: 3944.273
local_termination_time: 2267.4233600000007
node_cons: 95.21010000000037
tot_aggregated_send: 0
tot_msg_rcv: 107
tot_msg_sent: 48
tot_reconf_duration: 10.95
tot_sleeping_duration: 3884.273
tot_uptimes: 2
tot_uptimes_duration: 60.0
