comms_cons: 15.12355839999325
finished_reconf: true
global_termination_time: 3446.6027600000048
local_termination_time: 3446.561640000005
node_cons: 1634.9746976400068
tot_aggregated_send: 0
tot_msg_rcv: 1134
tot_msg_sent: 1162
tot_reconf_duration: 37.410000000000004
tot_sleeping_duration: 2263.502
tot_uptimes: 14
tot_uptimes_duration: 1183.1007600000048
