comms_cons: 447.15658220556395
finished_reconf: true
global_termination_time: 1062768.205
local_termination_time: 277531.5856000001
node_cons: 64335.93831359212
tot_aggregated_send: 0
tot_msg_rcv: 27517
tot_msg_sent: 40448
tot_reconf_duration: 18.21
tot_sleeping_duration: 1014738.922600005
tot_uptimes: 790
tot_uptimes_duration: 48029.28239999505
