comms_cons: 866.4510465801541
finished_reconf: true
global_termination_time: 8789165.721
local_termination_time: 2144298.36636
node_cons: 180799.40624669596
tot_aggregated_send: 121916
tot_msg_rcv: 3265
tot_msg_sent: 6515
tot_reconf_duration: 25.299999999999997
tot_sleeping_duration: 8654165.684520014
tot_uptimes: 2251
tot_uptimes_duration: 135000.03647998697
