comms_cons: 863.0271873568802
finished_reconf: true
global_termination_time: 8787647.753
local_termination_time: 2180324.124
node_cons: 180789.2923498901
tot_aggregated_send: 121793
tot_msg_rcv: 3257
tot_msg_sent: 6125
tot_reconf_duration: 13.17
tot_sleeping_duration: 8652642.967720017
tot_uptimes: 2251
tot_uptimes_duration: 135004.7852799825
