comms_cons: 864.1249153350732
finished_reconf: true
global_termination_time: 8793498.432
local_termination_time: 5366389.888719999
node_cons: 180862.50782222775
tot_aggregated_send: 122902
tot_msg_rcv: 2875
tot_msg_sent: 5566
tot_reconf_duration: 12.629999999999999
tot_sleeping_duration: 8658438.419840004
tot_uptimes: 2252
tot_uptimes_duration: 135060.01215999573
