comms_cons: 876.3456194014217
finished_reconf: true
global_termination_time: 8789429.29
local_termination_time: 1135248.9995199982
node_cons: 180773.52817116346
tot_aggregated_send: 122206
tot_msg_rcv: 3675
tot_msg_sent: 7318
tot_reconf_duration: 6.22
tot_sleeping_duration: 8654429.22920002
tot_uptimes: 2251
tot_uptimes_duration: 135000.0607999775
