comms_cons: 45.83728640024958
finished_reconf: true
global_termination_time: 460097.198
local_termination_time: 26894.354440000003
node_cons: 9430.538700000014
tot_aggregated_send: 6438
tot_msg_rcv: 215
tot_msg_sent: 314
tot_reconf_duration: 22.65
tot_sleeping_duration: 453077.198
tot_uptimes: 118
tot_uptimes_duration: 7020.0
