comms_cons: 45.44911360041134
finished_reconf: true
global_termination_time: 460167.989
local_termination_time: 231823.32436000006
node_cons: 9408.234901121445
tot_aggregated_send: 6496
tot_msg_rcv: 126
tot_msg_sent: 286
tot_reconf_duration: 6.22
tot_sleeping_duration: 453147.98291999893
tot_uptimes: 118
tot_uptimes_duration: 7020.006080001069
