comms_cons: 74.10215679978295
finished_reconf: true
global_termination_time: 744065.29
local_termination_time: 319264.416240001
node_cons: 15279.266113361364
tot_aggregated_send: 10614
tot_msg_rcv: 248
tot_msg_sent: 402
tot_reconf_duration: 8.09
tot_sleeping_duration: 732662.5417599991
tot_uptimes: 191
tot_uptimes_duration: 11402.748240000976
