comms_cons: 52.67965440032786
finished_reconf: true
global_termination_time: 533268.07
local_termination_time: 297672.31952000083
node_cons: 10946.170316402528
tot_aggregated_send: 7598
tot_msg_rcv: 130
tot_msg_sent: 279
tot_reconf_duration: 13.17
tot_sleeping_duration: 525106.542399998
tot_uptimes: 137
tot_uptimes_duration: 8161.527600001893
