comms_cons: 126.86620799934308
finished_reconf: true
global_termination_time: 589680.607
local_termination_time: 1928.9480400000014
node_cons: 12156.223861283108
tot_aggregated_send: 0
tot_msg_rcv: 10482
tot_msg_sent: 8795
tot_reconf_duration: 18.21
tot_sleeping_duration: 580620.4914799976
tot_uptimes: 152
tot_uptimes_duration: 9060.115520002313
