comms_cons: 57.91011840030764
finished_reconf: true
global_termination_time: 588821.624
local_termination_time: 115767.2163199996
node_cons: 12089.570429600895
tot_aggregated_send: 8410
tot_msg_rcv: 123
tot_msg_sent: 269
tot_reconf_duration: 25.299999999999997
tot_sleeping_duration: 579818.4775999993
tot_uptimes: 151
tot_uptimes_duration: 9003.146400000667
