comms_cons: 171.58712319921574
finished_reconf: true
global_termination_time: 586490.8447199977
local_termination_time: 586490.8447199977
node_cons: 24001.183643196287
tot_aggregated_send: 0
tot_msg_rcv: 8790
tot_msg_sent: 17291
tot_reconf_duration: 24.59
tot_sleeping_duration: 568591.0759200004
tot_uptimes: 296
tot_uptimes_duration: 17899.76879999719
