comms_cons: 74.35153919878293
finished_reconf: true
global_termination_time: 737620.845
local_termination_time: 370203.1413600001
node_cons: 15108.102605598042
tot_aggregated_send: 9860
tot_msg_rcv: 480
tot_msg_sent: 961
tot_reconf_duration: 3.05
tot_sleeping_duration: 726340.8146000016
tot_uptimes: 189
tot_uptimes_duration: 11280.030399998475
