comms_cons: 296.294899198765
finished_reconf: true
global_termination_time: 3007763.19
local_termination_time: 1787339.509
node_cons: 61896.16554111569
tot_aggregated_send: 43769
tot_msg_rcv: 399
tot_msg_sent: 867
tot_reconf_duration: 25.299999999999997
tot_sleeping_duration: 2961563.183920002
tot_uptimes: 771
tot_uptimes_duration: 46200.006079997635
