comms_cons: 300.18223361798704
finished_reconf: true
global_termination_time: 3007569.962
local_termination_time: 1337121.05136
node_cons: 61868.42153228561
tot_aggregated_send: 40948
tot_msg_rcv: 1587
tot_msg_sent: 3091
tot_reconf_duration: 4.8100000000000005
tot_sleeping_duration: 2961369.8951200247
tot_uptimes: 771
tot_uptimes_duration: 46200.066879975144
