comms_cons: 297.7872704082129
finished_reconf: true
global_termination_time: 3008589.768
local_termination_time: 2369753.1269599986
node_cons: 61877.96019999866
tot_aggregated_send: 43384
tot_msg_rcv: 657
tot_msg_sent: 1220
tot_reconf_duration: 11.899999999999999
tot_sleeping_duration: 2962389.768
tot_uptimes: 771
tot_uptimes_duration: 46200.0
