comms_cons: 305.47895680814605
finished_reconf: true
global_termination_time: 3008930.63
local_termination_time: 625081.8829999999
node_cons: 61874.472095158555
tot_aggregated_send: 40772
tot_msg_rcv: 1794
tot_msg_sent: 3863
tot_reconf_duration: 5.43
tot_sleeping_duration: 2962726.67320003
tot_uptimes: 771
tot_uptimes_duration: 46203.95679997001
