comms_cons: 80.41098239896056
finished_reconf: true
global_termination_time: 806861.8294799998
local_termination_time: 806861.7883599999
node_cons: 16601.807942079515
tot_aggregated_send: 11586
tot_msg_rcv: 278
tot_msg_sent: 357
tot_reconf_duration: 24.59
tot_sleeping_duration: 794488.1067600002
tot_uptimes: 207
tot_uptimes_duration: 12373.722719999612
