comms_cons: 147.13722879825525
finished_reconf: true
global_termination_time: 1492283.519
local_termination_time: 283414.7724800005
node_cons: 30697.25394000004
tot_aggregated_send: 21576
tot_msg_rcv: 213
tot_msg_sent: 575
tot_reconf_duration: 5.43
tot_sleeping_duration: 1469363.519
tot_uptimes: 383
tot_uptimes_duration: 22920.0
