comms_cons: 182.94781439415524
finished_reconf: true
global_termination_time: 1841736.937
local_termination_time: 563108.8501999995
node_cons: 37844.32263999985
tot_aggregated_send: 26448
tot_msg_rcv: 491
tot_msg_sent: 868
tot_reconf_duration: 3.08
tot_sleeping_duration: 1813476.937
tot_uptimes: 472
tot_uptimes_duration: 28260.00000000006
