comms_cons: 179.96743679810461
finished_reconf: true
global_termination_time: 1841201.963
local_termination_time: 1474834.175
node_cons: 37854.321063676914
tot_aggregated_send: 27026
tot_msg_rcv: 73
tot_msg_sent: 255
tot_reconf_duration: 9.42
tot_sleeping_duration: 1812940.925880002
tot_uptimes: 472
tot_uptimes_duration: 28261.037119997898
