comms_cons: 182.83001599127974
finished_reconf: true
global_termination_time: 1841488.992
local_termination_time: 256512.29836000007
node_cons: 37857.29968112127
tot_aggregated_send: 26100
tot_msg_rcv: 482
tot_msg_sent: 1207
tot_reconf_duration: 12.629999999999999
tot_sleeping_duration: 1813228.985919999
tot_uptimes: 472
tot_uptimes_duration: 28260.00608000107
