comms_cons: 187.7443327798112
finished_reconf: true
global_termination_time: 1845762.692
local_termination_time: 227059.84660000008
node_cons: 37924.687028939064
tot_aggregated_send: 25230
tot_msg_rcv: 1147
tot_msg_sent: 2161
tot_reconf_duration: 3.05
tot_sleeping_duration: 1817442.6433600155
tot_uptimes: 473
tot_uptimes_duration: 28320.04863998451
