comms_cons: 186.54775038166073
finished_reconf: true
global_termination_time: 1843714.93
local_termination_time: 59589.46880000015
node_cons: 37927.91906894946
tot_aggregated_send: 24592
tot_msg_rcv: 1199
tot_msg_sent: 2564
tot_reconf_duration: 5.43
tot_sleeping_duration: 1815394.8813600077
tot_uptimes: 473
tot_uptimes_duration: 28320.04863999226
