comms_cons: 38.52121600016946
finished_reconf: true
global_termination_time: 393539.228
local_termination_time: 45876.81948000002
node_cons: 8038.141900000013
tot_aggregated_send: 5684
tot_msg_rcv: 57
tot_msg_sent: 114
tot_reconf_duration: 3.05
tot_sleeping_duration: 387539.228
tot_uptimes: 101
tot_uptimes_duration: 6000.0
