comms_cons: 38.95669760015973
finished_reconf: true
global_termination_time: 392229.248
local_termination_time: 13542.589480000004
node_cons: 8044.6277011191605
tot_aggregated_send: 5568
tot_msg_rcv: 127
tot_msg_sent: 226
tot_reconf_duration: 7.819999999999999
tot_sleeping_duration: 386229.24192000064
tot_uptimes: 101
tot_uptimes_duration: 6000.006079999366
