comms_cons: 266.1023231944172
finished_reconf: true
global_termination_time: 2691295.376
local_termination_time: 1035640.3623599999
node_cons: 55372.14485999913
tot_aggregated_send: 38744
tot_msg_rcv: 610
tot_msg_sent: 1092
tot_reconf_duration: 13.17
tot_sleeping_duration: 2649955.376
tot_uptimes: 690
tot_uptimes_duration: 41340.0
