comms_cons: 270.81377278330433
finished_reconf: true
global_termination_time: 2687988.885
local_termination_time: 738547.1675999998
node_cons: 55278.15145228461
tot_aggregated_send: 36076
tot_msg_rcv: 1584
tot_msg_sent: 3501
tot_reconf_duration: 3.05
tot_sleeping_duration: 2646708.8181200256
tot_uptimes: 689
tot_uptimes_duration: 41280.06687997421
