comms_cons: 85.26028160977013
finished_reconf: true
global_termination_time: 394478.26768000034
local_termination_time: 2134.5740400000013
node_cons: 8172.378786734784
tot_aggregated_send: 0
tot_msg_rcv: 7058
tot_msg_sent: 5900
tot_reconf_duration: 18.21
tot_sleeping_duration: 388393.3911999893
tot_uptimes: 102
tot_uptimes_duration: 6084.876480011037
