comms_cons: 39.28503040015876
finished_reconf: true
global_termination_time: 394478.59124000056
local_termination_time: 394462.2667600004
node_cons: 8182.324521360758
tot_aggregated_send: 5742
tot_msg_rcv: 86
tot_msg_sent: 143
tot_reconf_duration: 5.1
tot_sleeping_duration: 388372.991
tot_uptimes: 102
tot_uptimes_duration: 6105.600240000582
