comms_cons: 40.8389760007417
finished_reconf: true
global_termination_time: 395247.685
local_termination_time: 60331.1213600002
node_cons: 8176.853356402295
tot_aggregated_send: 5278
tot_msg_rcv: 350
tot_msg_sent: 580
tot_reconf_duration: 25.299999999999997
tot_sleeping_duration: 389166.6573999983
tot_uptimes: 102
tot_uptimes_duration: 6081.027600001704
