comms_cons: 395.63272325571893
finished_reconf: true
global_termination_time: 3919428.613
local_termination_time: 1476583.4875999987
node_cons: 80593.83678334899
tot_aggregated_send: 54346
tot_msg_rcv: 1961
tot_msg_sent: 3827
tot_reconf_duration: 9.42
tot_sleeping_duration: 3859248.5947600063
tot_uptimes: 1004
tot_uptimes_duration: 60180.01823999336
