comms_cons: 395.7049536601958
finished_reconf: true
global_termination_time: 3917010.415
local_termination_time: 590951.2427999984
node_cons: 80596.45225005095
tot_aggregated_send: 54288
tot_msg_rcv: 1971
tot_msg_sent: 3885
tot_reconf_duration: 11.31
tot_sleeping_duration: 3856830.36028002
tot_uptimes: 1004
tot_uptimes_duration: 60180.054719979875
