comms_cons: 397.06487047723596
finished_reconf: true
global_termination_time: 3918108.591
local_termination_time: 422768.616480001
node_cons: 80618.13567388925
tot_aggregated_send: 53998
tot_msg_rcv: 2168
tot_msg_sent: 4184
tot_reconf_duration: 15.34
tot_sleeping_duration: 3857916.4297200213
tot_uptimes: 1004
tot_uptimes_duration: 60192.16127997852
