comms_cons: 119.45916159731
finished_reconf: true
global_termination_time: 1205235.106
local_termination_time: 518640.89236000006
node_cons: 24760.087121116867
tot_aggregated_send: 17284
tot_msg_rcv: 302
tot_msg_sent: 571
tot_reconf_duration: 11.31
tot_sleeping_duration: 1186755.0999200023
tot_uptimes: 309
tot_uptimes_duration: 18480.006079997635
