comms_cons: 345.2106240242748
finished_reconf: true
global_termination_time: 3468680.215
local_termination_time: 93749.50395999991
node_cons: 71348.49268558287
tot_aggregated_send: 47734
tot_msg_rcv: 1484
tot_msg_sent: 3252
tot_reconf_duration: 4.8100000000000005
tot_sleeping_duration: 3415400.1846000114
tot_uptimes: 889
tot_uptimes_duration: 53280.030399988405
