comms_cons: 2.559308799995763
finished_reconf: true
global_termination_time: 16958.041
local_termination_time: 6944.2613599999995
node_cons: 327.32161999999926
tot_aggregated_send: 0
tot_msg_rcv: 216
tot_msg_sent: 173
tot_reconf_duration: 4.390000000000001
tot_sleeping_duration: 16718.041
tot_uptimes: 5
tot_uptimes_duration: 240.0
