comms_cons: 65.01628159920217
finished_reconf: true
global_termination_time: 630073.761
local_termination_time: 326336.29812000046
node_cons: 12945.36770111918
tot_aggregated_send: 8468
tot_msg_rcv: 548
tot_msg_sent: 867
tot_reconf_duration: 7.819999999999999
tot_sleeping_duration: 620413.7549200007
tot_uptimes: 162
tot_uptimes_duration: 9660.006079999366
