comms_cons: 64.33121280039283
finished_reconf: true
global_termination_time: 630011.261
local_termination_time: 232154.0596000001
node_cons: 12943.211183359714
tot_aggregated_send: 8758
tot_msg_rcv: 439
tot_msg_sent: 581
tot_reconf_duration: 6.22
tot_sleeping_duration: 620351.2427600003
tot_uptimes: 162
tot_uptimes_duration: 9660.018239999772
