comms_cons: 206.3309183876109
finished_reconf: true
global_termination_time: 2059820.818
local_termination_time: 923982.8731599994
node_cons: 42345.73640335021
tot_aggregated_send: 28768
tot_msg_rcv: 795
tot_msg_sent: 1799
tot_reconf_duration: 4.8100000000000005
tot_sleeping_duration: 2028200.799760007
tot_uptimes: 528
tot_uptimes_duration: 31620.018239992904
