comms_cons: 210.83011837928524
finished_reconf: true
global_termination_time: 2063819.263
local_termination_time: 155519.28536000007
node_cons: 42428.02374782666
tot_aggregated_send: 27840
tot_msg_rcv: 1415
tot_msg_sent: 2790
tot_reconf_duration: 6.22
tot_sleeping_duration: 2032139.2204400096
tot_uptimes: 529
tot_uptimes_duration: 31680.04255999031
