comms_cons: 48.46238720015097
finished_reconf: true
global_termination_time: 494959.932
local_termination_time: 118813.42171999968
node_cons: 10143.67172000003
tot_aggregated_send: 7134
tot_msg_rcv: 72
tot_msg_sent: 160
tot_reconf_duration: 15.34
tot_sleeping_duration: 487399.932
tot_uptimes: 127
tot_uptimes_duration: 7560.000000000001
