comms_cons: 144.35421442028482
finished_reconf: true
global_termination_time: 494179.7689600006
local_termination_time: 494179.7278400006
node_cons: 20225.857503680778
tot_aggregated_send: 0
tot_msg_rcv: 7372
tot_msg_sent: 14567
tot_reconf_duration: 24.59
tot_sleeping_duration: 479099.51184000005
tot_uptimes: 251
tot_uptimes_duration: 15080.257120000548
