comms_cons: 136.02814079233096
finished_reconf: true
global_termination_time: 1372765.136
local_termination_time: 177638.61836000005
node_cons: 28205.90454447197
tot_aggregated_send: 18966
tot_msg_rcv: 465
tot_msg_sent: 1244
tot_reconf_duration: 4.8100000000000005
tot_sleeping_duration: 1351705.1116800061
tot_uptimes: 352
tot_uptimes_duration: 21060.024319993972
