comms_cons: 137.34800639339156
finished_reconf: true
global_termination_time: 1372355.429
local_termination_time: 243962.43640000038
node_cons: 28205.32604335516
tot_aggregated_send: 18908
tot_msg_rcv: 622
tot_msg_sent: 1347
tot_reconf_duration: 4.390000000000001
tot_sleeping_duration: 1351295.4107600036
tot_uptimes: 352
tot_uptimes_duration: 21060.018239996338
