comms_cons: 136.96641279541828
finished_reconf: true
global_termination_time: 1373476.314
local_termination_time: 727524.28036
node_cons: 28203.49818223837
tot_aggregated_send: 19082
tot_msg_rcv: 629
tot_msg_sent: 1107
tot_reconf_duration: 3.05
tot_sleeping_duration: 1352416.3018400013
tot_uptimes: 352
tot_uptimes_duration: 21060.012159998703
