comms_cons: 134.1702527980344
finished_reconf: true
global_termination_time: 1373033.729
local_termination_time: 897630.60436
node_cons: 28207.786760000166
tot_aggregated_send: 19372
tot_msg_rcv: 343
tot_msg_sent: 678
tot_reconf_duration: 6.22
tot_sleeping_duration: 1351973.729
tot_uptimes: 352
tot_uptimes_duration: 21060.0
