comms_cons: 1801.2085146348893
finished_reconf: true
global_termination_time: 3722671.5144399987
local_termination_time: 3722671.4733199985
node_cons: 226186.3577879257
tot_aggregated_send: 0
tot_msg_rcv: 110600
tot_msg_sent: 163173
tot_reconf_duration: 37.410000000000004
tot_sleeping_duration: 3553787.604800018
tot_uptimes: 2775
tot_uptimes_duration: 168883.90963998053
