comms_cons: 377.76981767410985
finished_reconf: true
global_termination_time: 3723774.45
local_termination_time: 257116.0784000008
node_cons: 76568.27591005486
tot_aggregated_send: 51040
tot_msg_rcv: 2223
tot_msg_sent: 4156
tot_reconf_duration: 3.08
tot_sleeping_duration: 3666594.3952800175
tot_uptimes: 954
tot_uptimes_duration: 57180.05471998261
