comms_cons: 377.8425728526826
finished_reconf: true
global_termination_time: 3724625.298
local_termination_time: 1536590.0724399996
node_cons: 76576.86120670031
tot_aggregated_send: 51156
tot_msg_rcv: 2155
tot_msg_sent: 4118
tot_reconf_duration: 9.42
tot_sleeping_duration: 3667445.261520013
tot_uptimes: 954
tot_uptimes_duration: 57180.03647998674
