comms_cons: 375.1970048568719
finished_reconf: true
global_termination_time: 3726842.424
local_termination_time: 1950087.0923600001
node_cons: 76659.25452334984
tot_aggregated_send: 51678
tot_msg_rcv: 1699
tot_msg_sent: 3649
tot_reconf_duration: 10.95
tot_sleeping_duration: 3669602.4057600065
tot_uptimes: 955
tot_uptimes_duration: 57240.0182399936
