comms_cons: 376.9605248422375
finished_reconf: true
global_termination_time: 3723655.651
local_termination_time: 1454659.2173599997
node_cons: 76568.18632334871
tot_aggregated_send: 51794
tot_msg_rcv: 2016
tot_msg_sent: 3486
tot_reconf_duration: 3.05
tot_sleeping_duration: 3666475.632760007
tot_uptimes: 954
tot_uptimes_duration: 57180.01823999314
