comms_cons: 385.8841344168262
finished_reconf: true
global_termination_time: 3855190.55948
local_termination_time: 3855190.5183599996
node_cons: 79347.4293532597
tot_aggregated_send: 54564
tot_msg_rcv: 1398
tot_msg_sent: 2690
tot_reconf_duration: 24.59
tot_sleeping_duration: 3795956.7759600133
tot_uptimes: 988
tot_uptimes_duration: 59233.78351998652
