comms_cons: 450.4909824435604
finished_reconf: true
global_termination_time: 4575990.186
local_termination_time: 2048767.4163199987
node_cons: 94099.00428446577
tot_aggregated_send: 63162
tot_msg_rcv: 1661
tot_msg_sent: 3649
tot_reconf_duration: 15.34
tot_sleeping_duration: 4505730.161680008
tot_uptimes: 1172
tot_uptimes_duration: 70260.02431999124
