comms_cons: 453.6687360424937
finished_reconf: true
global_termination_time: 4573903.711
local_termination_time: 671203.9540399984
node_cons: 94082.33888781654
tot_aggregated_send: 64380
tot_msg_rcv: 1542
tot_msg_sent: 3033
tot_reconf_duration: 3.05
tot_sleeping_duration: 4503643.668440016
tot_uptimes: 1172
tot_uptimes_duration: 70260.04255998437
