comms_cons: 450.4054528439398
finished_reconf: true
global_termination_time: 4575124.62
local_termination_time: 1759799.6943599998
node_cons: 94093.53968558258
tot_aggregated_send: 63394
tot_msg_rcv: 1697
tot_msg_sent: 3368
tot_reconf_duration: 11.31
tot_sleeping_duration: 4504864.589600012
tot_uptimes: 1172
tot_uptimes_duration: 70260.03039998887
