comms_cons: 283.26213121059027
finished_reconf: true
global_termination_time: 2810813.307
local_termination_time: 5213.704
node_cons: 57850.75341005769
tot_aggregated_send: 38623
tot_msg_rcv: 1453
tot_msg_sent: 2979
tot_reconf_duration: 4.33
tot_sleeping_duration: 2767613.252280016
tot_uptimes: 720
tot_uptimes_duration: 43200.05471998411
