comms_cons: 2.052710400000242
finished_reconf: true
global_termination_time: 11868.731
local_termination_time: 3945.5333600000004
node_cons: 261.8517200000002
tot_aggregated_send: 0
tot_msg_rcv: 207
tot_msg_sent: 105
tot_reconf_duration: 15.34
tot_sleeping_duration: 11688.731
tot_uptimes: 4
tot_uptimes_duration: 180.0
