comms_cons: 1.8421759999939133
finished_reconf: true
global_termination_time: 10061.497
local_termination_time: 2397.17736
node_cons: 168.05393999999978
tot_aggregated_send: 0
tot_msg_rcv: 169
tot_msg_sent: 111
tot_reconf_duration: 5.43
tot_sleeping_duration: 9941.497
tot_uptimes: 3
tot_uptimes_duration: 120.0
