comms_cons: 37.83462399991945
finished_reconf: true
global_termination_time: 9311.430240000003
local_termination_time: 2123.014480000002
node_cons: 4126.034015600021
tot_aggregated_send: 0
tot_msg_rcv: 2968
tot_msg_sent: 2781
tot_reconf_duration: 5.57
tot_sleeping_duration: 6235.649839999988
tot_uptimes: 40
tot_uptimes_duration: 3075.780400000015
