comms_cons: 2.0000767999933915
finished_reconf: true
global_termination_time: 10011.775
local_termination_time: 4422.294360000001
node_cons: 186.07460000000097
tot_aggregated_send: 0
tot_msg_rcv: 205
tot_msg_sent: 99
tot_reconf_duration: 18.700000000000003
tot_sleeping_duration: 9891.775
tot_uptimes: 3
tot_uptimes_duration: 120.0
