comms_cons: 148.49975036538063
finished_reconf: true
global_termination_time: 741983.552
local_termination_time: 228707.30572000006
node_cons: 15295.38312335971
tot_aggregated_send: 0
tot_msg_rcv: 11561
tot_msg_sent: 11011
tot_reconf_duration: 22.65
tot_sleeping_duration: 730583.5337600003
tot_uptimes: 191
tot_uptimes_duration: 11400.018239999772
