comms_cons: 75.25946879768463
finished_reconf: true
global_termination_time: 741591.824
local_termination_time: 408757.41596000013
node_cons: 15218.6418233597
tot_aggregated_send: 9976
tot_msg_rcv: 495
tot_msg_sent: 968
tot_reconf_duration: 25.299999999999997
tot_sleeping_duration: 730251.8057600003
tot_uptimes: 190
tot_uptimes_duration: 11340.018239999772
