comms_cons: 82.40510719529887
finished_reconf: true
global_termination_time: 740830.398
local_termination_time: 361238.84636
node_cons: 15196.737214541814
tot_aggregated_send: 8700
tot_msg_rcv: 1553
tot_msg_sent: 2273
tot_reconf_duration: 9.11
tot_sleeping_duration: 729490.3189600137
tot_uptimes: 190
tot_uptimes_duration: 11340.07903998642
