comms_cons: 75.72659199790527
finished_reconf: true
global_termination_time: 742026.298
local_termination_time: 364480.84848000004
node_cons: 15290.035305602514
tot_aggregated_send: 10034
tot_msg_rcv: 502
tot_msg_sent: 974
tot_reconf_duration: 18.700000000000003
tot_sleeping_duration: 730626.267599998
tot_uptimes: 191
tot_uptimes_duration: 11400.03040000191
