comms_cons: 75.4574719997496
finished_reconf: true
global_termination_time: 743058.978
local_termination_time: 386146.5772800003
node_cons: 15280.768341116807
tot_aggregated_send: 9976
tot_msg_rcv: 458
tot_msg_sent: 1036
tot_reconf_duration: 11.899999999999999
tot_sleeping_duration: 731658.9719200024
tot_uptimes: 191
tot_uptimes_duration: 11400.006079997635
