comms_cons: 73.81862399966806
finished_reconf: true
global_termination_time: 740455.563
local_termination_time: 589217.690119999
node_cons: 15188.410041121515
tot_aggregated_send: 10382
tot_msg_rcv: 259
tot_msg_sent: 579
tot_reconf_duration: 3.05
tot_sleeping_duration: 729115.5569199988
tot_uptimes: 190
tot_uptimes_duration: 11340.006080001069
