comms_cons: 145.4893503650512
finished_reconf: true
global_termination_time: 741018.799
local_termination_time: 230498.98436000003
node_cons: 15194.912124481118
tot_aggregated_send: 0
tot_msg_rcv: 11154
tot_msg_sent: 10959
tot_reconf_duration: 7.819999999999999
tot_sleeping_duration: 729678.7746799991
tot_uptimes: 190
tot_uptimes_duration: 11340.02432000084
