comms_cons: 180.0134784212722
finished_reconf: true
global_termination_time: 372223.29316000035
local_termination_time: 372223.25204000034
node_cons: 22620.694449523544
tot_aggregated_send: 0
tot_msg_rcv: 11078
tot_msg_sent: 16285
tot_reconf_duration: 37.410000000000004
tot_sleeping_duration: 355367.5114799977
tot_uptimes: 275
tot_uptimes_duration: 16855.781680002616
