comms_cons: 40.149772801383314
finished_reconf: true
global_termination_time: 378332.645
local_termination_time: 130507.78959999993
node_cons: 7729.824104485718
tot_aggregated_send: 4640
tot_msg_rcv: 541
tot_msg_sent: 921
tot_reconf_duration: 12.629999999999999
tot_sleeping_duration: 372572.62067999574
tot_uptimes: 97
tot_uptimes_duration: 5760.024320004275
