comms_cons: 38.128345600160785
finished_reconf: true
global_termination_time: 373777.722
local_termination_time: 16785.033
node_cons: 7652.3148060820295
tot_aggregated_send: 4866
tot_msg_rcv: 290
tot_msg_sent: 641
tot_reconf_duration: 11.899999999999999
tot_sleeping_duration: 368074.84327999846
tot_uptimes: 96
tot_uptimes_duration: 5702.878720001509
