comms_cons: 365.0140160524475
finished_reconf: true
global_termination_time: 3638550.816
local_termination_time: 1849127.3141199981
node_cons: 74804.15290670119
tot_aggregated_send: 50866
tot_msg_rcv: 1481
tot_msg_sent: 3133
tot_reconf_duration: 5.57
tot_sleeping_duration: 3582690.779520013
tot_uptimes: 932
tot_uptimes_duration: 55860.036479987204
