comms_cons: 366.58644486910146
finished_reconf: true
global_termination_time: 3637898.421
local_termination_time: 1669874.7115999998
node_cons: 74894.82184781792
tot_aggregated_send: 50982
tot_msg_rcv: 1665
tot_msg_sent: 3072
tot_reconf_duration: 13.17
tot_sleeping_duration: 3581978.378440015
tot_uptimes: 932
tot_uptimes_duration: 55920.0425599849
