comms_cons: 362.04679683079587
finished_reconf: true
global_termination_time: 3639937.143
local_termination_time: 1330649.9393999982
node_cons: 74889.73748893436
tot_aggregated_send: 50808
tot_msg_rcv: 1200
tot_msg_sent: 3021
tot_reconf_duration: 9.42
tot_sleeping_duration: 3584017.0943600177
tot_uptimes: 933
tot_uptimes_duration: 55920.04863998224
