comms_cons: 366.19415043998805
finished_reconf: true
global_termination_time: 3640472.607
local_termination_time: 371534.6034400002
node_cons: 74891.83151117212
tot_aggregated_send: 50228
tot_msg_rcv: 1886
tot_msg_sent: 3544
tot_reconf_duration: 10.95
tot_sleeping_duration: 3584552.5462000193
tot_uptimes: 933
tot_uptimes_duration: 55920.06079998048
