comms_cons: 362.7921344321477
finished_reconf: true
global_termination_time: 3638075.088
local_termination_time: 1341255.59136
node_cons: 74805.04374781727
tot_aggregated_send: 51504
tot_msg_rcv: 1252
tot_msg_sent: 2385
tot_reconf_duration: 6.22
tot_sleeping_duration: 3582215.045440016
tot_uptimes: 932
tot_uptimes_duration: 55860.04255998437
