comms_cons: 1.4474239999952185
finished_reconf: true
global_termination_time: 11271.645
local_termination_time: 6183.005360000001
node_cons: 191.43870000000075
tot_aggregated_send: 0
tot_msg_rcv: 123
tot_msg_sent: 96
tot_reconf_duration: 22.65
tot_sleeping_duration: 11151.645
tot_uptimes: 3
tot_uptimes_duration: 120.0
