comms_cons: 1.5329535999991202
finished_reconf: true
global_termination_time: 14665.654
local_termination_time: 6886.261360000001
node_cons: 249.5482400000009
tot_aggregated_send: 0
tot_msg_rcv: 120
tot_msg_sent: 113
tot_reconf_duration: 6.279999999999999
tot_sleeping_duration: 14485.654
tot_uptimes: 4
tot_uptimes_duration: 180.0
