comms_cons: 1.5132159999992219
finished_reconf: true
global_termination_time: 10574.778
local_termination_time: 4118.860360000001
node_cons: 167.6058000000005
tot_aggregated_send: 0
tot_msg_rcv: 118
tot_msg_sent: 112
tot_reconf_duration: 5.1
tot_sleeping_duration: 10454.778
tot_uptimes: 3
tot_uptimes_duration: 120.0
