comms_cons: 338.672768014952
finished_reconf: true
global_termination_time: 3415385.268
local_termination_time: 2031208.328239999
node_cons: 70224.74034223282
tot_aggregated_send: 47328
tot_msg_rcv: 1422
tot_msg_sent: 2726
tot_reconf_duration: 5.57
tot_sleeping_duration: 3362945.2558400044
tot_uptimes: 875
tot_uptimes_duration: 52440.012159995735
