comms_cons: 336.6063871854948
finished_reconf: true
global_termination_time: 3416501.511
local_termination_time: 2381679.25036
node_cons: 70235.05300111517
tot_aggregated_send: 47850
tot_msg_rcv: 1121
tot_msg_sent: 2191
tot_reconf_duration: 13.17
tot_sleeping_duration: 3364061.504920002
tot_uptimes: 875
tot_uptimes_duration: 52440.006079997635
