comms_cons: 334.7628544013689
finished_reconf: true
global_termination_time: 3415262.037
local_termination_time: 2096182.59536
node_cons: 70229.56394446685
tot_aggregated_send: 47734
tot_msg_rcv: 1059
tot_msg_sent: 2089
tot_reconf_duration: 9.11
tot_sleeping_duration: 3362822.012680009
tot_uptimes: 875
tot_uptimes_duration: 52440.02431999124
