comms_cons: 343.5909056260929
finished_reconf: true
global_termination_time: 3414653.465
local_termination_time: 55747.434040000146
node_cons: 70248.0001111677
tot_aggregated_send: 47734
tot_msg_rcv: 1537
tot_msg_sent: 2951
tot_reconf_duration: 22.65
tot_sleeping_duration: 3362213.4042000226
tot_uptimes: 875
tot_uptimes_duration: 52440.060799977044
