comms_cons: 345.12682883822083
finished_reconf: true
global_termination_time: 3413062.07
local_termination_time: 438999.92480000027
node_cons: 70223.77339116766
tot_aggregated_send: 47618
tot_msg_rcv: 1755
tot_msg_sent: 3083
tot_reconf_duration: 4.8100000000000005
tot_sleeping_duration: 3360622.009200023
tot_uptimes: 875
tot_uptimes_duration: 52440.060799977015
