comms_cons: 343.9805952179712
finished_reconf: true
global_termination_time: 3415542.981
local_termination_time: 790155.7543599999
node_cons: 70227.85283005127
tot_aggregated_send: 47618
tot_msg_rcv: 1588
tot_msg_sent: 3078
tot_reconf_duration: 7.819999999999999
tot_sleeping_duration: 3363102.9262800207
tot_uptimes: 875
tot_uptimes_duration: 52440.05471997964
