comms_cons: 430.47281902753576
finished_reconf: true
global_termination_time: 887830.0115999999
local_termination_time: 887829.9704799999
node_cons: 54130.86032160598
tot_aggregated_send: 0
tot_msg_rcv: 26390
tot_msg_sent: 39036
tot_reconf_duration: 24.59
tot_sleeping_duration: 847428.6171999947
tot_uptimes: 665
tot_uptimes_duration: 40401.39440000508
