comms_cons: 68.12229119943136
finished_reconf: true
global_termination_time: 685481.833
local_termination_time: 68862.44979999958
node_cons: 14084.24546224289
tot_aggregated_send: 9106
tot_msg_rcv: 383
tot_msg_sent: 866
tot_reconf_duration: 18.21
tot_sleeping_duration: 674981.8208399978
tot_uptimes: 176
tot_uptimes_duration: 10500.012160002138
