comms_cons: 69.51582720097574
finished_reconf: true
global_termination_time: 686017.355
local_termination_time: 301502.1063600001
node_cons: 14080.364284485777
tot_aggregated_send: 8990
tot_msg_rcv: 535
tot_msg_sent: 1041
tot_reconf_duration: 15.34
tot_sleeping_duration: 675517.3306799957
tot_uptimes: 176
tot_uptimes_duration: 10500.024320004275
