comms_cons: 70.79877120135278
finished_reconf: true
global_termination_time: 685746.543
local_termination_time: 307368.1927200001
node_cons: 14093.873682242867
tot_aggregated_send: 9048
tot_msg_rcv: 649
tot_msg_sent: 1064
tot_reconf_duration: 25.299999999999997
tot_sleeping_duration: 675246.5308399978
tot_uptimes: 176
tot_uptimes_duration: 10500.012160002138
