comms_cons: 70.35796480030908
finished_reconf: true
global_termination_time: 685840.646
local_termination_time: 121387.38159999941
node_cons: 14087.10536688038
tot_aggregated_send: 9222
tot_msg_rcv: 536
tot_msg_sent: 936
tot_reconf_duration: 11.31
tot_sleeping_duration: 675331.5000799998
tot_uptimes: 176
tot_uptimes_duration: 10509.145920000257
