comms_cons: 70.95667200147433
finished_reconf: true
global_termination_time: 685583.674
local_termination_time: 157766.86436000004
node_cons: 14066.963492335746
tot_aggregated_send: 8758
tot_msg_rcv: 747
tot_msg_sent: 1280
tot_reconf_duration: 5.43
tot_sleeping_duration: 675083.6071199882
tot_uptimes: 176
tot_uptimes_duration: 10500.066880011756
