comms_cons: 272.9124222792018
finished_reconf: true
global_termination_time: 938929.216
local_termination_time: 438665.943480001
node_cons: 38245.57965872139
tot_aggregated_send: 0
tot_msg_rcv: 13917
tot_msg_sent: 27565
tot_reconf_duration: 18.21
tot_sleeping_duration: 910384.8915199989
tot_uptimes: 470
tot_uptimes_duration: 28544.324480001153
