comms_cons: 95.10995199573242
finished_reconf: true
global_termination_time: 938864.677
local_termination_time: 596266.2643599999
node_cons: 19292.22770111695
tot_aggregated_send: 12760
tot_msg_rcv: 540
tot_msg_sent: 1156
tot_reconf_duration: 7.819999999999999
tot_sleeping_duration: 924464.6709200024
tot_uptimes: 241
tot_uptimes_duration: 14400.006079997635
