comms_cons: 95.42534399491464
finished_reconf: true
global_termination_time: 940143.646
local_termination_time: 619464.78836
node_cons: 19290.06304223381
tot_aggregated_send: 12818
tot_msg_rcv: 585
tot_msg_sent: 1101
tot_reconf_duration: 6.22
tot_sleeping_duration: 925743.6338400047
tot_uptimes: 241
tot_uptimes_duration: 14400.012159995269
