comms_cons: 147.47991036400973
finished_reconf: true
global_termination_time: 1016406.008
local_termination_time: 437855.98936000007
node_cons: 20919.174982242926
tot_aggregated_send: 0
tot_msg_rcv: 11347
tot_msg_sent: 11068
tot_reconf_duration: 22.65
tot_sleeping_duration: 1000805.9958399979
tot_uptimes: 261
tot_uptimes_duration: 15600.012160002138
