comms_cons: 101.3892287977965
finished_reconf: true
global_termination_time: 1013233.8752400001
local_termination_time: 1419.1074800000004
node_cons: 20835.57690511977
tot_aggregated_send: 14036
tot_msg_rcv: 497
tot_msg_sent: 876
tot_reconf_duration: 6.22
tot_sleeping_duration: 997679.6331600002
tot_uptimes: 260
tot_uptimes_duration: 15554.242079999809
