comms_cons: 158.00244481607297
finished_reconf: true
global_termination_time: 541408.156999999
local_termination_time: 541408.115879999
node_cons: 22142.858116998694
tot_aggregated_send: 0
tot_msg_rcv: 8063
tot_msg_sent: 15949
tot_reconf_duration: 24.59
tot_sleeping_duration: 524896.2339999999
tot_uptimes: 274
tot_uptimes_duration: 16511.92299999899
