comms_cons: 551.1379195467258
finished_reconf: true
global_termination_time: 1889321.7626799985
local_termination_time: 1889321.7215599986
node_cons: 77268.96280051589
tot_aggregated_send: 0
tot_msg_rcv: 28040
tot_msg_sent: 55729
tot_reconf_duration: 24.59
tot_sleeping_duration: 1831640.232
tot_uptimes: 953
tot_uptimes_duration: 57681.53067999828
