comms_cons: 183.92174719357183
finished_reconf: true
global_termination_time: 1892409.688
local_termination_time: 1403719.24336
node_cons: 38899.918979999864
tot_aggregated_send: 26564
tot_msg_rcv: 456
tot_msg_sent: 935
tot_reconf_duration: 11.31
tot_sleeping_duration: 1863369.688
tot_uptimes: 485
tot_uptimes_duration: 29040.0
