comms_cons: 1.7632255999941744
finished_reconf: true
global_termination_time: 14376.39
local_termination_time: 10288.98536
node_cons: 271.7786999999995
tot_aggregated_send: 0
tot_msg_rcv: 145
tot_msg_sent: 123
tot_reconf_duration: 22.65
tot_sleeping_duration: 14196.39
tot_uptimes: 4
tot_uptimes_duration: 180.0
