comms_cons: 178.85617919108046
finished_reconf: true
global_termination_time: 1799439.739
local_termination_time: 595371.4294799998
node_cons: 36981.153603350314
tot_aggregated_send: 24998
tot_msg_rcv: 853
tot_msg_sent: 1335
tot_reconf_duration: 18.21
tot_sleeping_duration: 1771839.7207600072
tot_uptimes: 461
tot_uptimes_duration: 27600.018239992904
