comms_cons: 179.40544638777385
finished_reconf: true
global_termination_time: 1799695.72
local_termination_time: 657821.5363599999
node_cons: 36987.1831233504
tot_aggregated_send: 24244
tot_msg_rcv: 1061
tot_msg_sent: 1964
tot_reconf_duration: 22.65
tot_sleeping_duration: 1772095.701760007
tot_uptimes: 461
tot_uptimes_duration: 27600.018239992904
