comms_cons: 175.7172735965326
finished_reconf: true
global_termination_time: 1798192.705
local_termination_time: 1294556.7763599998
node_cons: 36962.36161999973
tot_aggregated_send: 25172
tot_msg_rcv: 477
tot_msg_sent: 1059
tot_reconf_duration: 4.390000000000001
tot_sleeping_duration: 1770592.705
tot_uptimes: 461
tot_uptimes_duration: 27600.0
