comms_cons: 284.31009281435496
finished_reconf: true
global_termination_time: 2808734.138
local_termination_time: 6867.688
node_cons: 57850.76969228935
tot_aggregated_send: 38568
tot_msg_rcv: 1583
tot_msg_sent: 3062
tot_reconf_duration: 4.33
tot_sleeping_duration: 2765534.071120022
tot_uptimes: 720
tot_uptimes_duration: 43200.06687997788
