comms_cons: 273.03084802054366
finished_reconf: true
global_termination_time: 2808528.265
local_termination_time: 6261.766
node_cons: 57849.9685067006
tot_aggregated_send: 38681
tot_msg_rcv: 1069
tot_msg_sent: 1750
tot_reconf_duration: 3.77
tot_sleeping_duration: 2765328.228520014
tot_uptimes: 720
tot_uptimes_duration: 43200.03647998627
