comms_cons: 142.6855295919702
finished_reconf: true
global_termination_time: 1432459.574
local_termination_time: 429834.83236000006
node_cons: 29412.004060000058
tot_aggregated_send: 20416
tot_msg_rcv: 464
tot_msg_sent: 807
tot_reconf_duration: 5.57
tot_sleeping_duration: 1410499.574
tot_uptimes: 367
tot_uptimes_duration: 21960.0
