comms_cons: 140.979724796582
finished_reconf: true
global_termination_time: 1429865.762
local_termination_time: 328299.942600001
node_cons: 29426.079402401356
tot_aggregated_send: 20764
tot_msg_rcv: 202
tot_msg_sent: 463
tot_reconf_duration: 9.11
tot_sleeping_duration: 1407898.8403999992
tot_uptimes: 367
tot_uptimes_duration: 21966.92160000099
