comms_cons: 140.13975039604708
finished_reconf: true
global_termination_time: 1427021.356
local_termination_time: 1017526.0773199985
node_cons: 29341.259681121486
tot_aggregated_send: 20474
tot_msg_rcv: 253
tot_msg_sent: 573
tot_reconf_duration: 12.629999999999999
tot_sleeping_duration: 1405121.3499199988
tot_uptimes: 366
tot_uptimes_duration: 21900.00608000107
