comms_cons: 208.04746239655313
finished_reconf: true
global_termination_time: 2127008.504
local_termination_time: 1576762.7385999986
node_cons: 43709.10189999932
tot_aggregated_send: 30856
tot_msg_rcv: 192
tot_msg_sent: 574
tot_reconf_duration: 3.05
tot_sleeping_duration: 2094368.5040000002
tot_uptimes: 545
tot_uptimes_duration: 32640.0
