comms_cons: 212.01918718781025
finished_reconf: true
global_termination_time: 2125517.246
local_termination_time: 383803.5609200008
node_cons: 43715.57955999958
tot_aggregated_send: 30044
tot_msg_rcv: 710
tot_msg_sent: 1471
tot_reconf_duration: 7.819999999999999
tot_sleeping_duration: 2092877.2459999998
tot_uptimes: 545
tot_uptimes_duration: 32640.0
