comms_cons: 100.62084479593597
finished_reconf: true
global_termination_time: 992736.672
local_termination_time: 133594.20336000004
node_cons: 20437.134982242882
tot_aggregated_send: 13688
tot_msg_rcv: 579
tot_msg_sent: 1027
tot_reconf_duration: 22.65
tot_sleeping_duration: 977496.6598399979
tot_uptimes: 255
tot_uptimes_duration: 15240.012160002138
