comms_cons: 418.49452144203207
finished_reconf: true
global_termination_time: 992250.578
local_termination_time: 866298.0575999998
node_cons: 59983.95074612079
tot_aggregated_send: 0
tot_msg_rcv: 25765
tot_msg_sent: 37846
tot_reconf_duration: 4.390000000000001
tot_sleeping_duration: 947457.4569199986
tot_uptimes: 729
tot_uptimes_duration: 44793.121080001336
