comms_cons: 741.7980992986528
finished_reconf: true
global_termination_time: 7460154.16648
local_termination_time: 7460154.12536
node_cons: 153518.58564318193
tot_aggregated_send: 106868
tot_msg_rcv: 1983
tot_msg_sent: 3896
tot_reconf_duration: 37.410000000000004
tot_sleeping_duration: 7345540.437680009
tot_uptimes: 1911
tot_uptimes_duration: 114613.72879999061
