comms_cons: 752.1802562027035
finished_reconf: true
global_termination_time: 7460154.790239991
local_termination_time: 126027.84547999997
node_cons: 153535.17011939458
tot_aggregated_send: 103762
tot_msg_rcv: 3603
tot_msg_sent: 6961
tot_reconf_duration: 18.21
tot_sleeping_duration: 7345509.203280021
tot_uptimes: 1911
tot_uptimes_duration: 114645.58695996995
