comms_cons: 1311.9887140615797
finished_reconf: true
global_termination_time: 7465269.562
local_termination_time: 3053240.3166000005
node_cons: 153538.31708669773
tot_aggregated_send: 0
tot_msg_rcv: 100401
tot_msg_sent: 99014
tot_reconf_duration: 6.279999999999999
tot_sleeping_duration: 7350609.525520014
tot_uptimes: 1912
tot_uptimes_duration: 114660.03647998697
