comms_cons: 742.4618305639892
finished_reconf: true
global_termination_time: 7461782.177
local_termination_time: 5454337.69336
node_cons: 153466.58410446323
tot_aggregated_send: 104110
tot_msg_rcv: 3134
tot_msg_sent: 5606
tot_reconf_duration: 12.629999999999999
tot_sleeping_duration: 7347182.152680009
tot_uptimes: 1911
tot_uptimes_duration: 114600.02431999147
