comms_cons: 737.2446273496827
finished_reconf: true
global_termination_time: 7461744.212
local_termination_time: 5559835.870599998
node_cons: 153474.81902334525
tot_aggregated_send: 104110
tot_msg_rcv: 2715
tot_msg_sent: 5231
tot_reconf_duration: 18.700000000000003
tot_sleeping_duration: 7347144.193760007
tot_uptimes: 1911
tot_uptimes_duration: 114600.0182399936
