comms_cons: 1.5263743999970687
finished_reconf: true
global_termination_time: 15181.543
local_termination_time: 7448.710360000001
node_cons: 249.5482400000009
tot_aggregated_send: 0
tot_msg_rcv: 119
tot_msg_sent: 113
tot_reconf_duration: 6.279999999999999
tot_sleeping_duration: 15001.543
tot_uptimes: 4
tot_uptimes_duration: 180.0
