comms_cons: 2.6382591999912814
finished_reconf: true
global_termination_time: 11990.791480000009
local_termination_time: 5073.9983600000005
node_cons: 314.4363987200129
tot_aggregated_send: 0
tot_msg_rcv: 229
tot_msg_sent: 171
tot_reconf_duration: 8.09
tot_sleeping_duration: 11764.167
tot_uptimes: 4
tot_uptimes_duration: 226.6244800000095
