comms_cons: 1.5263743999949575
finished_reconf: true
global_termination_time: 12859.159
local_termination_time: 6356.26036
node_cons: 249.46676000000033
tot_aggregated_send: 0
tot_msg_rcv: 119
tot_msg_sent: 113
tot_reconf_duration: 6.22
tot_sleeping_duration: 12679.159
tot_uptimes: 4
tot_uptimes_duration: 180.0
