comms_cons: 194.42851839152004
finished_reconf: true
global_termination_time: 2036158.784
local_termination_time: 1220560.5033599997
node_cons: 41863.10161999952
tot_aggregated_send: 28420
tot_msg_rcv: 420
tot_msg_sent: 712
tot_reconf_duration: 4.390000000000001
tot_sleeping_duration: 2004898.784
tot_uptimes: 522
tot_uptimes_duration: 31260.0
