comms_cons: 89.18105599643097
finished_reconf: true
global_termination_time: 879544.872
local_termination_time: 60054.83088000009
node_cons: 18083.064544481156
tot_aggregated_send: 11658
tot_msg_rcv: 727
tot_msg_sent: 1170
tot_reconf_duration: 4.8100000000000005
tot_sleeping_duration: 866044.8476799992
tot_uptimes: 226
tot_uptimes_duration: 13500.024320000848
