comms_cons: 721.8632458299214
finished_reconf: true
global_termination_time: 3677480.952
local_termination_time: 1897081.8275999997
node_cons: 75630.73126446603
tot_aggregated_send: 0
tot_msg_rcv: 55155
tot_msg_sent: 54564
tot_reconf_duration: 22.65
tot_sleeping_duration: 3621020.927680009
tot_uptimes: 942
tot_uptimes_duration: 56460.024319991004
