comms_cons: 117.89343359590713
finished_reconf: true
global_termination_time: 1181277.62
local_termination_time: 319017.9634800001
node_cons: 24293.463123350568
tot_aggregated_send: 16646
tot_msg_rcv: 421
tot_msg_sent: 852
tot_reconf_duration: 22.65
tot_sleeping_duration: 1163157.6017600072
tot_uptimes: 303
tot_uptimes_duration: 18120.018239992904
