comms_cons: 118.16243199277002
finished_reconf: true
global_termination_time: 1181230.412
local_termination_time: 887889.3183599999
node_cons: 24266.83818223376
tot_aggregated_send: 15950
tot_msg_rcv: 616
tot_msg_sent: 1394
tot_reconf_duration: 3.05
tot_sleeping_duration: 1163110.3998400047
tot_uptimes: 303
tot_uptimes_duration: 18120.01215999527
