comms_cons: 126.97163519023502
finished_reconf: true
global_termination_time: 1249164.17724
local_termination_time: 99339.621
node_cons: 25653.84336751401
tot_aggregated_send: 16702
tot_msg_rcv: 843
tot_msg_sent: 1752
tot_reconf_duration: 3.05
tot_sleeping_duration: 1230008.3135600046
tot_uptimes: 320
tot_uptimes_duration: 19155.863679995513
