comms_cons: 130.23589118365086
finished_reconf: true
global_termination_time: 1251650.81
local_termination_time: 246855.18836000003
node_cons: 25719.50911230356
tot_aggregated_send: 16008
tot_msg_rcv: 1336
tot_msg_sent: 2451
tot_reconf_duration: 7.819999999999999
tot_sleeping_duration: 1232450.7431200123
tot_uptimes: 321
tot_uptimes_duration: 19200.066879987717
