comms_cons: 37.107366400227946
finished_reconf: true
global_termination_time: 365026.723
local_termination_time: 42028.899280000165
node_cons: 7487.796482240593
tot_aggregated_send: 4756
tot_msg_rcv: 254
tot_msg_sent: 631
tot_reconf_duration: 11.899999999999999
tot_sleeping_duration: 359446.71083999955
tot_uptimes: 94
tot_uptimes_duration: 5580.012160000435
