comms_cons: 48.870297600064724
finished_reconf: true
global_termination_time: 498622.126
local_termination_time: 4431.017360000001
node_cons: 10227.909180000013
tot_aggregated_send: 7192
tot_msg_rcv: 78
tot_msg_sent: 158
tot_reconf_duration: 18.21
tot_sleeping_duration: 491002.126
tot_uptimes: 128
tot_uptimes_duration: 7620.0
