comms_cons: 81.16546560994915
finished_reconf: true
global_termination_time: 411930.1976000002
local_termination_time: 630.7554799999998
node_cons: 8462.801269521688
tot_aggregated_send: 0
tot_msg_rcv: 6236
tot_msg_sent: 6100
tot_reconf_duration: 4.8100000000000005
tot_sleeping_duration: 405614.83591999894
tot_uptimes: 106
tot_uptimes_duration: 6315.361680001253
