comms_cons: 42.10092800068492
finished_reconf: true
global_termination_time: 413081.62
local_termination_time: 129571.44483999992
node_cons: 8444.171183364304
tot_aggregated_send: 5336
tot_msg_rcv: 309
tot_msg_sent: 755
tot_reconf_duration: 6.22
tot_sleeping_duration: 406781.6017599968
tot_uptimes: 106
tot_uptimes_duration: 6300.018240003206
