comms_cons: 88.38723199900826
finished_reconf: true
global_termination_time: 853898.3872400001
local_termination_time: 69901.52119999989
node_cons: 17545.59174167974
tot_aggregated_send: 11020
tot_msg_rcv: 881
tot_msg_sent: 1532
tot_reconf_duration: 8.09
tot_sleeping_duration: 840803.0881200002
tot_uptimes: 219
tot_uptimes_duration: 13095.299119999792
