comms_cons: 86.39770879829128
finished_reconf: true
global_termination_time: 856487.598
local_termination_time: 123359.94335999996
node_cons: 17606.86394447655
tot_aggregated_send: 11542
tot_msg_rcv: 603
tot_msg_sent: 988
tot_reconf_duration: 9.11
tot_sleeping_duration: 843347.5736800026
tot_uptimes: 220
tot_uptimes_duration: 13140.024319997407
