comms_cons: 89.22908799809987
finished_reconf: true
global_termination_time: 857010.788
local_termination_time: 180132.97100000002
node_cons: 17636.36125640564
tot_aggregated_send: 11366
tot_msg_rcv: 861
tot_msg_sent: 1335
tot_reconf_duration: 18.700000000000003
tot_sleeping_duration: 843858.4603999957
tot_uptimes: 220
tot_uptimes_duration: 13152.32760000418
