comms_cons: 86.04935679937923
finished_reconf: true
global_termination_time: 854388.966
local_termination_time: 239830.3929600001
node_cons: 17529.022664481126
tot_aggregated_send: 11484
tot_msg_rcv: 588
tot_msg_sent: 1007
tot_reconf_duration: 10.95
tot_sleeping_duration: 841308.9416799991
tot_uptimes: 219
tot_uptimes_duration: 13080.02432000084
