comms_cons: 83.47004800015688
finished_reconf: true
global_termination_time: 858571.44
local_termination_time: 437758.38036
node_cons: 17610.644623359673
tot_aggregated_send: 11658
tot_msg_rcv: 328
tot_msg_sent: 701
tot_reconf_duration: 11.899999999999999
tot_sleeping_duration: 845431.4217600002
tot_uptimes: 220
tot_uptimes_duration: 13140.018239999772
