comms_cons: 84.97162239889647
finished_reconf: true
global_termination_time: 858293.439
local_termination_time: 504514.88892000035
node_cons: 17598.626323359782
tot_aggregated_send: 12006
tot_msg_rcv: 323
tot_msg_sent: 588
tot_reconf_duration: 3.05
tot_sleeping_duration: 845153.4207600002
tot_uptimes: 220
tot_uptimes_duration: 13140.018239999772
