comms_cons: 159.15147514993953
finished_reconf: true
global_termination_time: 856601.872
local_termination_time: 215569.31336000003
node_cons: 17605.152830083676
tot_aggregated_send: 0
tot_msg_rcv: 12293
tot_msg_sent: 11898
tot_reconf_duration: 7.819999999999999
tot_sleeping_duration: 843461.8172799972
tot_uptimes: 220
tot_uptimes_duration: 13140.05472000275
