comms_cons: 164.17861114246062
finished_reconf: true
global_termination_time: 838938.968
local_termination_time: 261254.32836000004
node_cons: 17201.32080447195
tot_aggregated_send: 0
tot_msg_rcv: 12656
tot_msg_sent: 12299
tot_reconf_duration: 6.279999999999999
tot_sleeping_duration: 826098.9436800061
tot_uptimes: 215
tot_uptimes_duration: 12840.024319993972
