comms_cons: 27.540531200254375
finished_reconf: true
global_termination_time: 265828.86640000093
local_termination_time: 34833.07132000004
node_cons: 5548.523657841812
tot_aggregated_send: 3596
tot_msg_rcv: 199
tot_msg_sent: 390
tot_reconf_duration: 6.279999999999999
tot_sleeping_duration: 261691.4538399996
tot_uptimes: 69
tot_uptimes_duration: 4137.41256000135
