comms_cons: 82.81239039841604
finished_reconf: true
global_termination_time: 852314.142
local_termination_time: 541230.4423599999
node_cons: 17521.692201116788
tot_aggregated_send: 12006
tot_msg_rcv: 154
tot_msg_sent: 427
tot_reconf_duration: 5.57
tot_sleeping_duration: 839234.1359200024
tot_uptimes: 219
tot_uptimes_duration: 13080.006079997635
