comms_cons: 91.67457280001871
finished_reconf: true
global_termination_time: 952210.891
local_termination_time: 697117.6023599999
node_cons: 19528.581620000048
tot_aggregated_send: 13804
tot_msg_rcv: 65
tot_msg_sent: 65
tot_reconf_duration: 4.390000000000001
tot_sleeping_duration: 937630.891
tot_uptimes: 244
tot_uptimes_duration: 14580.0
