comms_cons: 93.73386239829603
finished_reconf: true
global_termination_time: 952276.196
local_termination_time: 303225.50236000004
node_cons: 19537.978980000025
tot_aggregated_send: 13688
tot_msg_rcv: 163
tot_msg_sent: 396
tot_reconf_duration: 11.31
tot_sleeping_duration: 937696.196
tot_uptimes: 244
tot_uptimes_duration: 14580.0
