comms_cons: 66.96372480740958
finished_reconf: true
global_termination_time: 342366.272
local_termination_time: 45093.30636
node_cons: 7020.354982242861
tot_aggregated_send: 0
tot_msg_rcv: 5148
tot_msg_sent: 5031
tot_reconf_duration: 22.65
tot_sleeping_duration: 337146.25983999786
tot_uptimes: 88
tot_uptimes_duration: 5220.0121600021375
