comms_cons: 68.12166400787589
finished_reconf: true
global_termination_time: 344344.403
local_termination_time: 44459.24460000002
node_cons: 7075.889761119169
tot_aggregated_send: 0
tot_msg_rcv: 5248
tot_msg_sent: 5107
tot_reconf_duration: 4.390000000000001
tot_sleeping_duration: 339064.3969200006
tot_uptimes: 89
tot_uptimes_duration: 5280.006079999366
