comms_cons: 35.4684672010341
finished_reconf: true
global_termination_time: 341219.55224000016
local_termination_time: 224646.98336000004
node_cons: 7012.773620481621
tot_aggregated_send: 4292
tot_msg_rcv: 429
tot_msg_sent: 670
tot_reconf_duration: 3.05
tot_sleeping_duration: 335985.32391999895
tot_uptimes: 88
tot_uptimes_duration: 5234.228320001217
