comms_cons: 121.49871359687533
finished_reconf: true
global_termination_time: 1228008.751
local_termination_time: 627161.9363599998
node_cons: 25252.154599999976
tot_aggregated_send: 17574
tot_msg_rcv: 272
tot_msg_sent: 621
tot_reconf_duration: 18.700000000000003
tot_sleeping_duration: 1209168.751
tot_uptimes: 315
tot_uptimes_duration: 18840.0
