comms_cons: 127.37426558656675
finished_reconf: true
global_termination_time: 1233107.553
local_termination_time: 148916.79336000004
node_cons: 25311.364016784693
tot_aggregated_send: 16008
tot_msg_rcv: 1072
tot_msg_sent: 2279
tot_reconf_duration: 3.05
tot_sleeping_duration: 1214207.4618000116
tot_uptimes: 316
tot_uptimes_duration: 18900.091199988557
