comms_cons: 91.21456000971821
finished_reconf: true
global_termination_time: 401649.26380000036
local_termination_time: 2510.3516
node_cons: 8252.860506499705
tot_aggregated_send: 0
tot_msg_rcv: 7853
tot_msg_sent: 5998
tot_reconf_duration: 18.21
tot_sleeping_duration: 395504.2814799856
tot_uptimes: 103
tot_uptimes_duration: 6144.982320014715
