comms_cons: 39.69231360033401
finished_reconf: true
global_termination_time: 402507.92
local_termination_time: 145820.6504800001
node_cons: 8287.39138000003
tot_aggregated_send: 5800
tot_msg_rcv: 67
tot_msg_sent: 166
tot_reconf_duration: 9.11
tot_sleeping_duration: 396327.92
tot_uptimes: 104
tot_uptimes_duration: 6180.0
