comms_cons: 40.001536000190484
finished_reconf: true
global_termination_time: 401649.47820000077
local_termination_time: 97104.91675999976
node_cons: 8276.880788801045
tot_aggregated_send: 5684
tot_msg_rcv: 139
tot_msg_sent: 257
tot_reconf_duration: 11.31
tot_sleeping_duration: 395479.559
tot_uptimes: 103
tot_uptimes_duration: 6169.919200000761
