comms_cons: 142.6467711843618
finished_reconf: true
global_termination_time: 1427762.5192400003
local_termination_time: 6972.9710000000005
node_cons: 29406.041823897787
tot_aggregated_send: 18784
tot_msg_rcv: 958
tot_msg_sent: 1941
tot_reconf_duration: 7.3999999999999995
tot_sleeping_duration: 1405808.827960017
tot_uptimes: 366
tot_uptimes_duration: 21953.69127998338
