comms_cons: 143.67845118677064
finished_reconf: true
global_termination_time: 1428015.29
local_termination_time: 4417.77
node_cons: 29338.597863499504
tot_aggregated_send: 18143
tot_msg_rcv: 1200
tot_msg_sent: 2497
tot_reconf_duration: 10.55
tot_sleeping_duration: 1406115.1623200153
tot_uptimes: 366
tot_uptimes_duration: 21900.127679984667
