comms_cons: 56.12520960444616
finished_reconf: true
global_termination_time: 283435.351
local_termination_time: 152850.53136000005
node_cons: 5788.62189999999
tot_aggregated_send: 0
tot_msg_rcv: 4367
tot_msg_sent: 4163
tot_reconf_duration: 3.05
tot_sleeping_duration: 279115.351
tot_uptimes: 73
tot_uptimes_duration: 4320.0
