comms_cons: 28.26424320013934
finished_reconf: true
global_termination_time: 282449.971
local_termination_time: 175990.64936000004
node_cons: 5795.099559999975
tot_aggregated_send: 3944
tot_msg_rcv: 127
tot_msg_sent: 225
tot_reconf_duration: 7.819999999999999
tot_sleeping_duration: 278129.971
tot_uptimes: 73
tot_uptimes_duration: 4320.0
