comms_cons: 348.317030435283
finished_reconf: true
global_termination_time: 3442370.80348
local_termination_time: 3442370.7623599996
node_cons: 70848.81519548148
tot_aggregated_send: 47592
tot_msg_rcv: 1844
tot_msg_sent: 3505
tot_reconf_duration: 37.410000000000004
tot_sleeping_duration: 3389497.0078000273
tot_uptimes: 882
tot_uptimes_duration: 52873.79567997262
