comms_cons: 344.0769408228937
finished_reconf: true
global_termination_time: 3447170.805
local_termination_time: 1254985.04636
node_cons: 70870.54840670075
tot_aggregated_send: 48372
tot_msg_rcv: 1321
tot_msg_sent: 2604
tot_reconf_duration: 7.819999999999999
tot_sleeping_duration: 3394250.7685200134
tot_uptimes: 883
tot_uptimes_duration: 52920.03647998674
