comms_cons: 51.110611202208986
finished_reconf: true
global_termination_time: 449840.19600000087
local_termination_time: 449840.15488000086
node_cons: 9351.586021848943
tot_aggregated_send: 5032
tot_msg_rcv: 1035
tot_msg_sent: 1701
tot_reconf_duration: 24.59
tot_sleeping_duration: 442881.1274399942
tot_uptimes: 116
tot_uptimes_duration: 6959.0685600066645
