comms_cons: 20.85571840015528
finished_reconf: true
global_termination_time: 195330.584
local_termination_time: 52524.302480000195
node_cons: 4024.315027199148
tot_aggregated_send: 2494
tot_msg_rcv: 269
tot_msg_sent: 406
tot_reconf_duration: 4.8100000000000005
tot_sleeping_duration: 192329.99920000063
tot_uptimes: 51
tot_uptimes_duration: 3000.584799999364
