comms_cons: 22.283750400329456
finished_reconf: true
global_termination_time: 196507.851
local_termination_time: 68176.2405599996
node_cons: 4032.375262240602
tot_aggregated_send: 2204
tot_msg_rcv: 492
tot_msg_sent: 691
tot_reconf_duration: 11.31
tot_sleeping_duration: 193507.83883999957
tot_uptimes: 51
tot_uptimes_duration: 3000.012160000435
