comms_cons: 131.80342398674566
finished_reconf: true
global_termination_time: 1297050.26
local_termination_time: 779528.7697999994
node_cons: 26685.688642233763
tot_aggregated_send: 17806
tot_msg_rcv: 780
tot_msg_sent: 1446
tot_reconf_duration: 9.42
tot_sleeping_duration: 1277130.2478400047
tot_uptimes: 333
tot_uptimes_duration: 19920.01215999527
