comms_cons: 133.3517823830226
finished_reconf: true
global_termination_time: 1295991.385
local_termination_time: 837491.1793599998
node_cons: 26609.74038670104
tot_aggregated_send: 16936
tot_msg_rcv: 1152
tot_msg_sent: 2181
tot_reconf_duration: 12.629999999999999
tot_sleeping_duration: 1276131.3485200142
tot_uptimes: 332
tot_uptimes_duration: 19860.036479985807
