comms_cons: 38.869913600309275
finished_reconf: true
global_termination_time: 393358.509
local_termination_time: 50871.42736000001
node_cons: 8042.528240000008
tot_aggregated_send: 5568
tot_msg_rcv: 113
tot_msg_sent: 227
tot_reconf_duration: 6.279999999999999
tot_sleeping_duration: 387358.509
tot_uptimes: 101
tot_uptimes_duration: 6000.0
