comms_cons: 38.44226560001718
finished_reconf: true
global_termination_time: 393658.896
local_termination_time: 330.321599999999
node_cons: 8038.14190000001
tot_aggregated_send: 5684
tot_msg_rcv: 43
tot_msg_sent: 116
tot_reconf_duration: 3.05
tot_sleeping_duration: 387658.896
tot_uptimes: 101
tot_uptimes_duration: 6000.0
