comms_cons: 38.93523200021334
finished_reconf: true
global_termination_time: 391811.566
local_termination_time: 115130.41623999971
node_cons: 8049.358980000026
tot_aggregated_send: 5568
tot_msg_rcv: 127
tot_msg_sent: 222
tot_reconf_duration: 11.31
tot_sleeping_duration: 385811.566
tot_uptimes: 101
tot_uptimes_duration: 6000.0
