comms_cons: 30.672230400614634
finished_reconf: true
global_termination_time: 295966.06
local_termination_time: 57500.38312000019
node_cons: 6041.542168162567
tot_aggregated_send: 3828
tot_msg_rcv: 313
tot_msg_sent: 521
tot_reconf_duration: 9.11
tot_sleeping_duration: 291463.31855999806
tot_uptimes: 76
tot_uptimes_duration: 4502.7414400019115
