comms_cons: 58.1667072056276
finished_reconf: true
global_termination_time: 297565.055
local_termination_time: 634.5893599999998
node_cons: 6136.598700000006
tot_aggregated_send: 0
tot_msg_rcv: 4454
tot_msg_sent: 4387
tot_reconf_duration: 22.65
tot_sleeping_duration: 293005.055
tot_uptimes: 77
tot_uptimes_duration: 4560.0
