comms_cons: 22.921587199017928
finished_reconf: true
global_termination_time: 119269.848
local_termination_time: 693.5410399999995
node_cons: 2416.16162
tot_aggregated_send: 0
tot_msg_rcv: 1744
tot_msg_sent: 1740
tot_reconf_duration: 4.390000000000001
tot_sleeping_duration: 117469.848
tot_uptimes: 31
tot_uptimes_duration: 1800.0
