comms_cons: 23.415372799005883
finished_reconf: true
global_termination_time: 120169.362
local_termination_time: 1283.4813600000004
node_cons: 2414.3500411202913
tot_aggregated_send: 0
tot_msg_rcv: 1817
tot_msg_sent: 1741
tot_reconf_duration: 3.05
tot_sleeping_duration: 118369.35591999978
tot_uptimes: 31
tot_uptimes_duration: 1800.0060800002175
