comms_cons: 11.322803199965103
finished_reconf: true
global_termination_time: 116509.05251999972
local_termination_time: 116493.73803999982
node_cons: 2395.3832732796363
tot_aggregated_send: 1682
tot_msg_rcv: 18
tot_msg_sent: 21
tot_reconf_duration: 7.819999999999999
tot_sleeping_duration: 114728.049
tot_uptimes: 30
tot_uptimes_duration: 1781.003519999722
