comms_cons: 103.5496831959333
finished_reconf: true
global_termination_time: 1046192.075
local_termination_time: 217173.3343600005
node_cons: 21481.563123355118
tot_aggregated_send: 14326
tot_msg_rcv: 438
tot_msg_sent: 975
tot_reconf_duration: 22.65
tot_sleeping_duration: 1030172.0567600037
tot_uptimes: 268
tot_uptimes_duration: 16020.018239996338
