comms_cons: 201.9947007830705
finished_reconf: true
global_termination_time: 1989639.0694399986
local_termination_time: 1989639.0283199986
node_cons: 41008.74847046359
tot_aggregated_send: 27466
tot_msg_rcv: 1152
tot_msg_sent: 2084
tot_reconf_duration: 37.410000000000004
tot_sleeping_duration: 1959050.6111200105
tot_uptimes: 510
tot_uptimes_duration: 30588.45831998797
