comms_cons: 197.6589055899727
finished_reconf: true
global_termination_time: 1993934.992
local_termination_time: 620125.4447999994
node_cons: 40980.325799999664
tot_aggregated_send: 28420
tot_msg_rcv: 467
tot_msg_sent: 1156
tot_reconf_duration: 5.1
tot_sleeping_duration: 1963334.992
tot_uptimes: 511
tot_uptimes_duration: 30600.0
