comms_cons: 203.28104317600747
finished_reconf: true
global_termination_time: 1994982.082
local_termination_time: 543593.6173599998
node_cons: 40980.8227867006
tot_aggregated_send: 26854
tot_msg_rcv: 1480
tot_msg_sent: 2562
tot_reconf_duration: 5.43
tot_sleeping_duration: 1964382.0455200141
tot_uptimes: 511
tot_uptimes_duration: 30600.036479985807
