comms_cons: 43.046771200498
finished_reconf: true
global_termination_time: 419785.199
local_termination_time: 91367.58035999998
node_cons: 8621.11732112145
tot_aggregated_send: 5684
tot_msg_rcv: 352
tot_msg_sent: 506
tot_reconf_duration: 18.21
tot_sleeping_duration: 413365.19291999895
tot_uptimes: 108
tot_uptimes_duration: 6420.006080001069
