comms_cons: 41.7516032005881
finished_reconf: true
global_termination_time: 417534.29824000015
local_termination_time: 301117.3217200006
node_cons: 8539.225479360273
tot_aggregated_send: 5684
tot_msg_rcv: 250
tot_msg_sent: 411
tot_reconf_duration: 3.05
tot_sleeping_duration: 411160.076
tot_uptimes: 107
tot_uptimes_duration: 6374.222240000148
