comms_cons: 54.911257601818235
finished_reconf: true
global_termination_time: 525848.6992400002
local_termination_time: 73766.27751999951
node_cons: 10842.502360246805
tot_aggregated_send: 6264
tot_msg_rcv: 782
tot_msg_sent: 1300
tot_reconf_duration: 18.21
tot_sleeping_duration: 517769.70507999515
tot_uptimes: 135
tot_uptimes_duration: 8078.994160005066
