comms_cons: 70.99144320798506
finished_reconf: true
global_termination_time: 344915.19748000015
local_termination_time: 2215.6160400000012
node_cons: 7115.187833205967
tot_aggregated_send: 0
tot_msg_rcv: 5671
tot_msg_sent: 5115
tot_reconf_duration: 18.21
tot_sleeping_duration: 339619.8586799957
tot_uptimes: 89
tot_uptimes_duration: 5295.338800004451
