comms_cons: 93.25358079574458
finished_reconf: true
global_termination_time: 928199.7204799998
local_termination_time: 928199.6793599998
node_cons: 19092.347942077242
tot_aggregated_send: 12978
tot_msg_rcv: 431
tot_msg_sent: 765
tot_reconf_duration: 24.59
tot_sleeping_duration: 913965.9977600019
tot_uptimes: 238
tot_uptimes_duration: 14233.72271999791
