comms_cons: 138.23941759147277
finished_reconf: true
global_termination_time: 1372214.8297199998
local_termination_time: 1372214.7885999999
node_cons: 28271.364965922876
tot_aggregated_send: 18940
tot_msg_rcv: 661
tot_msg_sent: 1409
tot_reconf_duration: 37.410000000000004
tot_sleeping_duration: 1351138.9804399977
tot_uptimes: 352
tot_uptimes_duration: 21075.849280002105
