comms_cons: 136.33978878781468
finished_reconf: true
global_termination_time: 1373717.812
local_termination_time: 193619.55444000068
node_cons: 28214.780391182157
tot_aggregated_send: 17632
tot_msg_rcv: 1023
tot_msg_sent: 2067
tot_reconf_duration: 11.31
tot_sleeping_duration: 1352657.751200013
tot_uptimes: 352
tot_uptimes_duration: 21060.060799986648
