comms_cons: 628.8631488926069
finished_reconf: true
global_termination_time: 6323829.821159998
local_termination_time: 6323829.780039998
node_cons: 130177.1103384672
tot_aggregated_send: 90698
tot_msg_rcv: 1646
tot_msg_sent: 3238
tot_reconf_duration: 24.59
tot_sleeping_duration: 6226635.110840004
tot_uptimes: 1620
tot_uptimes_duration: 97194.71031999378
