comms_cons: 636.7584065694423
finished_reconf: true
global_termination_time: 6325196.15
local_termination_time: 670737.1293599999
node_cons: 130077.05710893181
tot_aggregated_send: 86420
tot_msg_rcv: 3275
tot_msg_sent: 7086
tot_reconf_duration: 4.8100000000000005
tot_sleeping_duration: 6228056.101360018
tot_uptimes: 1620
tot_uptimes_duration: 97140.04863998201
