comms_cons: 174.54016638212337
finished_reconf: true
global_termination_time: 1705628.612
local_termination_time: 210152.91836000004
node_cons: 35053.0587322851
tot_aggregated_send: 23200
tot_msg_rcv: 1239
tot_msg_sent: 2090
tot_reconf_duration: 18.21
tot_sleeping_duration: 1679468.545120026
tot_uptimes: 437
tot_uptimes_duration: 26160.06687997398
