comms_cons: 175.24357118453653
finished_reconf: true
global_termination_time: 1730707.1287999984
local_termination_time: 1730707.0876799985
node_cons: 35693.088695024824
tot_aggregated_send: 24128
tot_msg_rcv: 903
tot_msg_sent: 1604
tot_reconf_duration: 24.59
tot_sleeping_duration: 1704075.5414400096
tot_uptimes: 444
tot_uptimes_duration: 26631.587359988713
