comms_cons: 26.47470079985653
finished_reconf: true
global_termination_time: 283628.224
local_termination_time: 230107.51336000004
node_cons: 5815.238700000038
tot_aggregated_send: 3770
tot_msg_rcv: 73
tot_msg_sent: 181
tot_reconf_duration: 22.65
tot_sleeping_duration: 279308.22399999993
tot_uptimes: 73
tot_uptimes_duration: 4320.000000000029
