comms_cons: 45.24712320275773
finished_reconf: true
global_termination_time: 282583.32524000015
local_termination_time: 147857.64036000005
node_cons: 5812.760339360227
tot_aggregated_send: 0
tot_msg_rcv: 3454
tot_msg_sent: 3422
tot_reconf_duration: 4.8100000000000005
tot_sleeping_duration: 278247.083
tot_uptimes: 73
tot_uptimes_duration: 4336.242240000167
