comms_cons: 77.22003840974446
finished_reconf: true
global_termination_time: 378979.262
local_termination_time: 3051.1346
node_cons: 7817.766167850024
tot_aggregated_send: 0
tot_msg_rcv: 6105
tot_msg_sent: 5627
tot_reconf_duration: 18.21
tot_sleeping_duration: 373159.2194399925
tot_uptimes: 98
tot_uptimes_duration: 5820.042560007481
