comms_cons: 235.76563199505367
finished_reconf: true
global_termination_time: 2389308.095
local_termination_time: 829616.8893599999
node_cons: 49094.67394111614
tot_aggregated_send: 34162
tot_msg_rcv: 572
tot_msg_sent: 1101
tot_reconf_duration: 5.1
tot_sleeping_duration: 2352648.088920003
tot_uptimes: 612
tot_uptimes_duration: 36660.006079997635
