comms_cons: 234.7333247941435
finished_reconf: true
global_termination_time: 2388463.648
local_termination_time: 1170047.4632799982
node_cons: 49110.07945591664
tot_aggregated_send: 34278
tot_msg_rcv: 441
tot_msg_sent: 960
tot_reconf_duration: 15.110000000000001
tot_sleeping_duration: 2351802.288720002
tot_uptimes: 612
tot_uptimes_duration: 36661.35927999811
