comms_cons: 238.3032575735446
finished_reconf: true
global_termination_time: 2387629.975
local_termination_time: 161470.56800000093
node_cons: 49093.82373675186
tot_aggregated_send: 31900
tot_msg_rcv: 1514
tot_msg_sent: 2806
tot_reconf_duration: 4.390000000000001
tot_sleeping_duration: 2350969.8838000353
tot_uptimes: 612
tot_uptimes_duration: 36660.09119996452
