comms_cons: 239.24791038004432
finished_reconf: true
global_termination_time: 2389095.731
local_termination_time: 1123716.21236
node_cons: 49108.63684893412
tot_aggregated_send: 32248
tot_msg_rcv: 1504
tot_msg_sent: 2614
tot_reconf_duration: 15.34
tot_sleeping_duration: 2352435.682360019
tot_uptimes: 612
tot_uptimes_duration: 36660.048639981076
