comms_cons: 113.41550078766426
finished_reconf: true
global_termination_time: 1178255.001
local_termination_time: 5545.085
node_cons: 24214.87220670563
tot_aggregated_send: 15289
tot_msg_rcv: 778
tot_msg_sent: 1171
tot_reconf_duration: 23.919999999999998
tot_sleeping_duration: 1160194.9645200106
tot_uptimes: 302
tot_uptimes_duration: 18060.03647998924
