comms_cons: 114.63591679513175
finished_reconf: true
global_termination_time: 1178247.838
local_termination_time: 7121.352
node_cons: 24187.964753427335
tot_aggregated_send: 15366
tot_msg_rcv: 679
tot_msg_sent: 1380
tot_reconf_duration: 4.07
tot_sleeping_duration: 1160187.7650400095
tot_uptimes: 302
tot_uptimes_duration: 18060.072959990517
