comms_cons: 114.32147839678001
finished_reconf: true
global_termination_time: 1178960.639
local_termination_time: 2176.8032399999997
node_cons: 24188.535182233703
tot_aggregated_send: 16588
tot_msg_rcv: 267
tot_msg_sent: 521
tot_reconf_duration: 4.55
tot_sleeping_duration: 1160900.6268400047
tot_uptimes: 302
tot_uptimes_duration: 18060.01215999527
