comms_cons: 118.38017279400907
finished_reconf: true
global_termination_time: 1178614.841
local_termination_time: 5173.723999999999
node_cons: 24192.32123119367
tot_aggregated_send: 15478
tot_msg_rcv: 833
tot_msg_sent: 1682
tot_reconf_duration: 7.29
tot_sleeping_duration: 1160554.7802000048
tot_uptimes: 302
tot_uptimes_duration: 18060.060799995248
