comms_cons: 116.59783679580057
finished_reconf: true
global_termination_time: 1181382.573
local_termination_time: 4785.481
node_cons: 24271.52595006992
tot_aggregated_send: 15943
tot_msg_rcv: 605
tot_msg_sent: 1175
tot_reconf_duration: 6.46
tot_sleeping_duration: 1163262.5182800076
tot_uptimes: 303
tot_uptimes_duration: 18120.054719992448
