comms_cons: 210.06351359407134
finished_reconf: true
global_termination_time: 2132906.475
local_termination_time: 1581117.2843599997
node_cons: 43883.5330011163
tot_aggregated_send: 30276
tot_msg_rcv: 559
tot_msg_sent: 1093
tot_reconf_duration: 13.17
tot_sleeping_duration: 2100146.4689200027
tot_uptimes: 547
tot_uptimes_duration: 32760.006079997635
