comms_cons: 210.97520639420324
finished_reconf: true
global_termination_time: 2134561.029
local_termination_time: 955615.4137999994
node_cons: 43886.47171999953
tot_aggregated_send: 30914
tot_msg_rcv: 468
tot_msg_sent: 685
tot_reconf_duration: 15.34
tot_sleeping_duration: 2101801.029
tot_uptimes: 547
tot_uptimes_duration: 32760.0
