comms_cons: 30.590464000554288
finished_reconf: true
global_termination_time: 292340.1936800002
local_termination_time: 292340.1525600002
node_cons: 6006.928986641753
tot_aggregated_send: 3524
tot_msg_rcv: 342
tot_msg_sent: 787
tot_reconf_duration: 24.59
tot_sleeping_duration: 287879.0019199989
tot_uptimes: 75
tot_uptimes_duration: 4461.191760001297
