comms_cons: 29.080934400047227
finished_reconf: true
global_termination_time: 295941.899
local_termination_time: 28757.884240000003
node_cons: 6035.130864480297
tot_aggregated_send: 4176
tot_msg_rcv: 75
tot_msg_sent: 169
tot_reconf_duration: 6.22
tot_sleeping_duration: 291441.01467999973
tot_uptimes: 76
tot_uptimes_duration: 4500.884320000219
