comms_cons: 146.53580158903716
finished_reconf: true
global_termination_time: 1456835.224
local_termination_time: 651520.2398399987
node_cons: 29973.794646701008
tot_aggregated_send: 19024
tot_msg_rcv: 1153
tot_msg_sent: 2095
tot_reconf_duration: 5.1
tot_sleeping_duration: 1434455.1875200141
tot_uptimes: 374
tot_uptimes_duration: 22380.036479985807
