comms_cons: 147.69113598444105
finished_reconf: true
global_termination_time: 1457450.469
local_termination_time: 800003.9835599994
node_cons: 29971.075910056075
tot_aggregated_send: 19256
tot_msg_rcv: 1091
tot_msg_sent: 2102
tot_reconf_duration: 3.08
tot_sleeping_duration: 1435070.4142800178
tot_uptimes: 374
tot_uptimes_duration: 22380.054719982145
