comms_cons: 146.43983358798155
finished_reconf: true
global_termination_time: 1458277.235
local_termination_time: 605939.49336
node_cons: 29973.392685584284
tot_aggregated_send: 19778
tot_msg_rcv: 849
tot_msg_sent: 1631
tot_reconf_duration: 4.8100000000000005
tot_sleeping_duration: 1435897.204600012
tot_uptimes: 374
tot_uptimes_duration: 22380.030399988173
