comms_cons: 142.9409535925196
finished_reconf: true
global_termination_time: 1456832.429
local_termination_time: 647626.9773599998
node_cons: 29974.24278670555
tot_aggregated_send: 19836
tot_msg_rcv: 649
tot_msg_sent: 1242
tot_reconf_duration: 5.43
tot_sleeping_duration: 1434452.3925200107
tot_uptimes: 374
tot_uptimes_duration: 22380.03647998924
