comms_cons: 197.28856318875648
finished_reconf: true
global_termination_time: 1994905.624
local_termination_time: 788953.0973599998
node_cons: 40980.996624466956
tot_aggregated_send: 27028
tot_msg_rcv: 964
tot_msg_sent: 1994
tot_reconf_duration: 5.57
tot_sleeping_duration: 1964305.5996800095
tot_uptimes: 511
tot_uptimes_duration: 30600.024319990538
