comms_cons: 195.58934399115273
finished_reconf: true
global_termination_time: 1993684.381
local_termination_time: 868322.9163599999
node_cons: 40979.37790223338
tot_aggregated_send: 28246
tot_msg_rcv: 437
tot_msg_sent: 1045
tot_reconf_duration: 4.390000000000001
tot_sleeping_duration: 1963084.3688400048
tot_uptimes: 511
tot_uptimes_duration: 30600.01215999527
