comms_cons: 196.0009471899023
finished_reconf: true
global_termination_time: 1993107.839
local_termination_time: 1008771.1797599981
node_cons: 40977.55818223342
tot_aggregated_send: 27666
tot_msg_rcv: 669
tot_msg_sent: 1456
tot_reconf_duration: 3.05
tot_sleeping_duration: 1962507.8268400047
tot_uptimes: 511
tot_uptimes_duration: 30600.01215999527
