comms_cons: 1260.3647959687564
finished_reconf: true
global_termination_time: 4319065.466
local_termination_time: 2049526.2065199981
node_cons: 176601.6645922727
tot_aggregated_send: 0
tot_msg_rcv: 64139
tot_msg_sent: 127432
tot_reconf_duration: 18.21
tot_sleeping_duration: 4187193.2214800008
tot_uptimes: 2180
tot_uptimes_duration: 131872.24451999908
