comms_cons: 431.4667584548056
finished_reconf: true
global_termination_time: 4317596.979
local_termination_time: 735679.7991599983
node_cons: 88793.65813005042
tot_aggregated_send: 60262
tot_msg_rcv: 1757
tot_msg_sent: 3562
tot_reconf_duration: 13.17
tot_sleeping_duration: 4251296.924280021
tot_uptimes: 1106
tot_uptimes_duration: 66300.05471997964
