comms_cons: 435.0223104739673
finished_reconf: true
global_termination_time: 4319408.894
local_termination_time: 1917009.23936
node_cons: 88862.60454446565
tot_aggregated_send: 60088
tot_msg_rcv: 1972
tot_msg_sent: 4060
tot_reconf_duration: 4.8100000000000005
tot_sleeping_duration: 4253048.86968001
tot_uptimes: 1107
tot_uptimes_duration: 66360.024319991
