comms_cons: 435.69436167202434
finished_reconf: true
global_termination_time: 4318580.152
local_termination_time: 1641356.94936
node_cons: 88786.3765478168
tot_aggregated_send: 60146
tot_msg_rcv: 2130
tot_msg_sent: 3947
tot_reconf_duration: 7.819999999999999
tot_sleeping_duration: 4252280.109440016
tot_uptimes: 1106
tot_uptimes_duration: 66300.04255998437
