comms_cons: 432.9378752746285
finished_reconf: true
global_termination_time: 4317582.139
local_termination_time: 1430251.8633599998
node_cons: 88783.15535116775
tot_aggregated_send: 60378
tot_msg_rcv: 1707
tot_msg_sent: 3719
tot_reconf_duration: 5.43
tot_sleeping_duration: 4251282.078200023
tot_uptimes: 1106
tot_uptimes_duration: 66300.06079997774
