comms_cons: 94.01081599399737
finished_reconf: true
global_termination_time: 946505.418
local_termination_time: 4609.839000000001
node_cons: 19446.09125654266
tot_aggregated_send: 13336
tot_msg_rcv: 251
tot_msg_sent: 702
tot_reconf_duration: 2.77
tot_sleeping_duration: 931985.3809600129
tot_uptimes: 243
tot_uptimes_duration: 14520.03703998703
