comms_cons: 248.37137904378295
finished_reconf: true
global_termination_time: 1903839.974
local_termination_time: 433637.9254800005
node_cons: 39132.12826223804
tot_aggregated_send: 0
tot_msg_rcv: 19069
tot_msg_sent: 18682
tot_reconf_duration: 4.8100000000000005
tot_sleeping_duration: 1874619.9618400012
tot_uptimes: 488
tot_uptimes_duration: 29220.012159998703
