comms_cons: 152.53779838236005
finished_reconf: true
global_termination_time: 1488946.619
local_termination_time: 252617.4438400001
node_cons: 30634.358732303586
tot_aggregated_send: 20010
tot_msg_rcv: 1203
tot_msg_sent: 1971
tot_reconf_duration: 18.21
tot_sleeping_duration: 1466086.5521200122
tot_uptimes: 382
tot_uptimes_duration: 22860.066879987717
