comms_cons: 148.46622718976155
finished_reconf: true
global_termination_time: 1490945.725
local_termination_time: 592315.94436
node_cons: 30622.364924467434
tot_aggregated_send: 20532
tot_msg_rcv: 725
tot_msg_sent: 1309
tot_reconf_duration: 9.42
tot_sleeping_duration: 1468085.7006800096
tot_uptimes: 382
tot_uptimes_duration: 22860.024319990538
