comms_cons: 147.72920318988812
finished_reconf: true
global_termination_time: 1485204.212
local_termination_time: 962717.8191599982
node_cons: 30544.086382238253
tot_aggregated_send: 19952
tot_msg_rcv: 795
tot_msg_sent: 1706
tot_reconf_duration: 10.95
tot_sleeping_duration: 1462404.1998400015
tot_uptimes: 381
tot_uptimes_duration: 22800.012159998703
