comms_cons: 148.98598398994554
finished_reconf: true
global_termination_time: 1486925.792
local_termination_time: 1001782.6762799983
node_cons: 30545.368341116915
tot_aggregated_send: 20416
tot_msg_rcv: 775
tot_msg_sent: 1454
tot_reconf_duration: 11.899999999999999
tot_sleeping_duration: 1464125.7859200023
tot_uptimes: 381
tot_uptimes_duration: 22800.006079997635
