comms_cons: 349.6228160380629
finished_reconf: true
global_termination_time: 3486605.167
local_termination_time: 954526.0410399984
node_cons: 71673.94840670009
tot_aggregated_send: 48894
tot_msg_rcv: 1401
tot_msg_sent: 2845
tot_reconf_duration: 7.819999999999999
tot_sleeping_duration: 3433085.1305200136
tot_uptimes: 893
tot_uptimes_duration: 53520.03647998627
