comms_cons: 351.6654464437295
finished_reconf: true
global_termination_time: 3483556.286239997
local_termination_time: 25816.84436
node_cons: 71699.10007829854
tot_aggregated_send: 48024
tot_msg_rcv: 1778
tot_msg_sent: 3648
tot_reconf_duration: 11.31
tot_sleeping_duration: 3430021.0053600115
tot_uptimes: 893
tot_uptimes_duration: 53535.28087998519
