comms_cons: 60.66680320083001
finished_reconf: true
global_termination_time: 605438.309
local_termination_time: 155848.66764000038
node_cons: 12467.570099999994
tot_aggregated_send: 8642
tot_msg_rcv: 241
tot_msg_sent: 338
tot_reconf_duration: 10.95
tot_sleeping_duration: 596138.309
tot_uptimes: 156
tot_uptimes_duration: 9300.0
