comms_cons: 34.90826240008394
finished_reconf: true
global_termination_time: 345241.799
local_termination_time: 13500.92436
node_cons: 7094.649180000009
tot_aggregated_send: 4582
tot_msg_rcv: 217
tot_msg_sent: 506
tot_reconf_duration: 18.21
tot_sleeping_duration: 339961.799
tot_uptimes: 89
tot_uptimes_duration: 5280.0
