comms_cons: 208.53624318751287
finished_reconf: true
global_termination_time: 2093651.678
local_termination_time: 294423.9397200006
node_cons: 43093.014982237895
tot_aggregated_send: 29290
tot_msg_rcv: 854
tot_msg_sent: 1552
tot_reconf_duration: 22.65
tot_sleeping_duration: 2061491.6658400015
tot_uptimes: 537
tot_uptimes_duration: 32160.012159998703
