comms_cons: 320.22282215576354
finished_reconf: true
global_termination_time: 2092456.128
local_termination_time: 301982.6567200001
node_cons: 42988.44826223787
tot_aggregated_send: 0
tot_msg_rcv: 24540
tot_msg_sent: 24132
tot_reconf_duration: 4.8100000000000005
tot_sleeping_duration: 2060356.1158400015
tot_uptimes: 536
tot_uptimes_duration: 32100.012159998703
