comms_cons: 206.11317758986652
finished_reconf: true
global_termination_time: 2095196.039
local_termination_time: 1487444.019
node_cons: 43075.205831436346
tot_aggregated_send: 29232
tot_msg_rcv: 719
tot_msg_sent: 1377
tot_reconf_duration: 6.22
tot_sleeping_duration: 2063032.6640400025
tot_uptimes: 537
tot_uptimes_duration: 32163.3749599976
