comms_cons: 204.98155519593558
finished_reconf: true
global_termination_time: 2096147.948
local_termination_time: 1487482.7355999998
node_cons: 43077.59897999968
tot_aggregated_send: 30392
tot_msg_rcv: 291
tot_msg_sent: 473
tot_reconf_duration: 11.31
tot_sleeping_duration: 2063987.948
tot_uptimes: 537
tot_uptimes_duration: 32160.0
