comms_cons: 85.93751039440158
finished_reconf: true
global_termination_time: 846103.735
local_termination_time: 646821.9685199991
node_cons: 17361.012201116788
tot_aggregated_send: 11484
tot_msg_rcv: 538
tot_msg_sent: 1040
tot_reconf_duration: 5.57
tot_sleeping_duration: 833143.7289200024
tot_uptimes: 217
tot_uptimes_duration: 12960.006079997635
