comms_cons: 84.4637695990572
finished_reconf: true
global_termination_time: 846398.667
local_termination_time: 614483.0397199998
node_cons: 17371.33300112151
tot_aggregated_send: 11774
tot_msg_rcv: 374
tot_msg_sent: 690
tot_reconf_duration: 13.17
tot_sleeping_duration: 833438.6609199989
tot_uptimes: 217
tot_uptimes_duration: 12960.006080001069
