comms_cons: 84.74432639707672
finished_reconf: true
global_termination_time: 845606.701
local_termination_time: 566613.1029599997
node_cons: 17361.935606719533
tot_aggregated_send: 11194
tot_msg_rcv: 495
tot_msg_sent: 1191
tot_reconf_duration: 6.22
tot_sleeping_duration: 832646.6645200005
tot_uptimes: 217
tot_uptimes_duration: 12960.036479999544
