comms_cons: 89.08162559348035
finished_reconf: true
global_termination_time: 850013.827
local_termination_time: 478035.45424000046
node_cons: 17449.163403355116
tot_aggregated_send: 10962
tot_msg_rcv: 958
tot_msg_sent: 1618
tot_reconf_duration: 11.31
tot_sleeping_duration: 836993.8087600038
tot_uptimes: 218
tot_uptimes_duration: 13020.018239996338
