comms_cons: 86.02963199562906
finished_reconf: true
global_termination_time: 845979.97
local_termination_time: 208804.0920400003
node_cons: 17360.85464560717
tot_aggregated_send: 10788
tot_msg_rcv: 724
tot_msg_sent: 1566
tot_reconf_duration: 5.43
tot_sleeping_duration: 833019.9395999946
tot_uptimes: 217
tot_uptimes_duration: 12960.030400005344
