comms_cons: 138.86717439718933
finished_reconf: true
global_termination_time: 1405304.524
local_termination_time: 552267.0953599998
node_cons: 28848.985800000013
tot_aggregated_send: 20300
tot_msg_rcv: 289
tot_msg_sent: 518
tot_reconf_duration: 5.1
tot_sleeping_duration: 1383764.524
tot_uptimes: 360
tot_uptimes_duration: 21540.0
