comms_cons: 139.28824319589785
finished_reconf: true
global_termination_time: 1405811.311
local_termination_time: 178590.43460000053
node_cons: 28929.773940000036
tot_aggregated_send: 20184
tot_msg_rcv: 296
tot_msg_sent: 691
tot_reconf_duration: 5.43
tot_sleeping_duration: 1384211.311
tot_uptimes: 361
tot_uptimes_duration: 21600.0
