comms_cons: 152.35453435696823
finished_reconf: true
global_termination_time: 931823.708
local_termination_time: 413165.33460000006
node_cons: 19127.476403359717
tot_aggregated_send: 0
tot_msg_rcv: 11723
tot_msg_sent: 11434
tot_reconf_duration: 4.8100000000000005
tot_sleeping_duration: 917543.6897600002
tot_uptimes: 239
tot_uptimes_duration: 14280.018239999772
