comms_cons: 92.20748799757821
finished_reconf: true
global_termination_time: 932762.719
local_termination_time: 572644.9792399979
node_cons: 19125.06190000009
tot_aggregated_send: 13398
tot_msg_rcv: 213
tot_msg_sent: 404
tot_reconf_duration: 3.05
tot_sleeping_duration: 918482.719
tot_uptimes: 239
tot_uptimes_duration: 14280.0
