comms_cons: 93.85964799813814
finished_reconf: true
global_termination_time: 931748.5382400004
local_termination_time: 40347.85848000002
node_cons: 19201.18322160343
tot_aggregated_send: 12760
tot_msg_rcv: 516
tot_msg_sent: 990
tot_reconf_duration: 6.22
tot_sleeping_duration: 917414.9038399978
tot_uptimes: 239
tot_uptimes_duration: 14333.634400002542
