comms_cons: 181.2919615930748
finished_reconf: true
global_termination_time: 1842276.805
local_termination_time: 536631.5281199979
node_cons: 37848.69266335037
tot_aggregated_send: 25810
tot_msg_rcv: 619
tot_msg_sent: 1124
tot_reconf_duration: 6.279999999999999
tot_sleeping_duration: 1814016.786760007
tot_uptimes: 472
tot_uptimes_duration: 28260.018239992904
