comms_cons: 179.11731199306303
finished_reconf: true
global_termination_time: 1837417.832
local_termination_time: 384063.35136000003
node_cons: 37766.77464670999
tot_aggregated_send: 25404
tot_msg_rcv: 638
tot_msg_sent: 1182
tot_reconf_duration: 5.1
tot_sleeping_duration: 1809217.7955200074
tot_uptimes: 471
tot_uptimes_duration: 28200.036479992676
