comms_cons: 186.94796798703047
finished_reconf: true
global_termination_time: 1841887.016
local_termination_time: 750293.2446799994
node_cons: 37846.134184471775
tot_aggregated_send: 25172
tot_msg_rcv: 1153
tot_msg_sent: 2090
tot_reconf_duration: 4.390000000000001
tot_sleeping_duration: 1813626.991680006
tot_uptimes: 472
tot_uptimes_duration: 28260.024319993972
