comms_cons: 734.112396262186
finished_reconf: true
global_termination_time: 1837800.038
local_termination_time: 1017215.7575999999
node_cons: 111224.46629174368
tot_aggregated_send: 0
tot_msg_rcv: 45181
tot_msg_sent: 66399
tot_reconf_duration: 6.22
tot_sleeping_duration: 1754741.0241600098
tot_uptimes: 1361
tot_uptimes_duration: 83059.01383999008
