comms_cons: 58.272601599409455
finished_reconf: true
global_termination_time: 588025.49
local_termination_time: 328375.4433600005
node_cons: 12081.766841116882
tot_aggregated_send: 8004
tot_msg_rcv: 344
tot_msg_sent: 510
tot_reconf_duration: 22.65
tot_sleeping_duration: 579025.4839200024
tot_uptimes: 151
tot_uptimes_duration: 9000.006079997635
