comms_cons: 59.28517119942671
finished_reconf: true
global_termination_time: 584027.218
local_termination_time: 449631.92036000005
node_cons: 12058.564060000026
tot_aggregated_send: 8062
tot_msg_rcv: 316
tot_msg_sent: 633
tot_reconf_duration: 5.57
tot_sleeping_duration: 575027.218
tot_uptimes: 150
tot_uptimes_duration: 9000.0
