comms_cons: 58.7519104010429
finished_reconf: true
global_termination_time: 584946.696
local_termination_time: 10095.1106
node_cons: 11988.553001120308
tot_aggregated_send: 8062
tot_msg_rcv: 299
tot_msg_sent: 568
tot_reconf_duration: 13.17
tot_sleeping_duration: 576006.6899199998
tot_uptimes: 150
tot_uptimes_duration: 8940.006080000217
