comms_cons: 59.8378240001362
finished_reconf: true
global_termination_time: 584004.1501200005
local_termination_time: 32146.43308
node_cons: 12048.962260802004
tot_aggregated_send: 7656
tot_msg_rcv: 516
tot_msg_sent: 923
tot_reconf_duration: 7.819999999999999
tot_sleeping_duration: 575013.6029199989
tot_uptimes: 150
tot_uptimes_duration: 8990.547200001485
