comms_cons: 177.10268162158116
finished_reconf: true
global_termination_time: 364178.7795600008
local_termination_time: 1810.5204800000024
node_cons: 22298.36185064633
tot_aggregated_send: 0
tot_msg_rcv: 10845
tot_msg_sent: 16071
tot_reconf_duration: 18.21
tot_sleeping_duration: 347544.25179999607
tot_uptimes: 276
tot_uptimes_duration: 16634.527760004705
