comms_cons: 36.6461440006908
finished_reconf: true
global_termination_time: 365340.87
local_termination_time: 1796.3895200000038
node_cons: 7477.59790224287
tot_aggregated_send: 4930
tot_msg_rcv: 174
tot_msg_sent: 466
tot_reconf_duration: 4.390000000000001
tot_sleeping_duration: 359760.85783999786
tot_uptimes: 94
tot_uptimes_duration: 5580.0121600021375
