comms_cons: 36.55403520042841
finished_reconf: true
global_termination_time: 364178.4532400002
local_termination_time: 71863.0814399996
node_cons: 7501.299421603078
tot_aggregated_send: 5046
tot_msg_rcv: 167
tot_msg_sent: 342
tot_reconf_duration: 7.819999999999999
tot_sleeping_duration: 358584.2188399979
tot_uptimes: 94
tot_uptimes_duration: 5594.234400002286
