comms_cons: 378.9623360216324
finished_reconf: true
global_termination_time: 3815754.63
local_termination_time: 2259450.6953600002
node_cons: 78512.74008558363
tot_aggregated_send: 53302
tot_msg_rcv: 1374
tot_msg_sent: 2924
tot_reconf_duration: 15.110000000000001
tot_sleeping_duration: 3757134.599600011
tot_uptimes: 978
tot_uptimes_duration: 58620.03039998887
