comms_cons: 380.70996484957624
finished_reconf: true
global_termination_time: 3815982.343
local_termination_time: 2648425.1830799994
node_cons: 78509.36410446619
tot_aggregated_send: 51968
tot_msg_rcv: 1956
tot_msg_sent: 3942
tot_reconf_duration: 12.629999999999999
tot_sleeping_duration: 3757362.3186800084
tot_uptimes: 978
tot_uptimes_duration: 58620.02431999124
