comms_cons: 386.94248965160347
finished_reconf: true
global_termination_time: 3818019.51
local_termination_time: 1985432.2293599998
node_cons: 78496.3544644661
tot_aggregated_send: 52722
tot_msg_rcv: 2143
tot_msg_sent: 3948
tot_reconf_duration: 3.05
tot_sleeping_duration: 3759399.4856800083
tot_uptimes: 978
tot_uptimes_duration: 58620.02431999124
