comms_cons: 388.10318087133066
finished_reconf: true
global_termination_time: 3815614.049
local_termination_time: 1627092.85836
node_cons: 78507.58782670072
tot_aggregated_send: 51910
tot_msg_rcv: 2325
tot_msg_sent: 4754
tot_reconf_duration: 11.31
tot_sleeping_duration: 3756994.0125200134
tot_uptimes: 978
tot_uptimes_duration: 58620.03647998697
