comms_cons: 33.58681600063662
finished_reconf: true
global_termination_time: 334977.097
local_termination_time: 116817.3660399998
node_cons: 6863.281823364283
tot_aggregated_send: 4466
tot_msg_rcv: 196
tot_msg_sent: 443
tot_reconf_duration: 25.299999999999997
tot_sleeping_duration: 329877.0787599968
tot_uptimes: 86
tot_uptimes_duration: 5100.018240003206
