comms_cons: 158.33565438663135
finished_reconf: true
global_termination_time: 1567395.173
local_termination_time: 279022.76408000063
node_cons: 32241.134308939338
tot_aggregated_send: 21924
tot_msg_rcv: 815
tot_msg_sent: 1328
tot_reconf_duration: 18.21
tot_sleeping_duration: 1543335.1243600156
tot_uptimes: 402
tot_uptimes_duration: 24060.04863998451
