comms_cons: 155.15727359208782
finished_reconf: true
global_termination_time: 1568393.233
local_termination_time: 402375.37336
node_cons: 32223.298364467355
tot_aggregated_send: 21866
tot_msg_rcv: 560
tot_msg_sent: 1157
tot_reconf_duration: 5.1
tot_sleeping_duration: 1544333.2086800095
tot_uptimes: 402
tot_uptimes_duration: 24060.02431999054
