comms_cons: 156.05204479063636
finished_reconf: true
global_termination_time: 1566556.47124
local_termination_time: 200720.67552000083
node_cons: 32254.018493585096
tot_aggregated_send: 22156
tot_msg_rcv: 517
tot_msg_sent: 1046
tot_reconf_duration: 13.17
tot_sleeping_duration: 1542481.6888400114
tot_uptimes: 402
tot_uptimes_duration: 24074.78239998882
