comms_cons: 307.5381245719681
finished_reconf: true
global_termination_time: 1568333.822
local_termination_time: 861152.4403599998
node_cons: 32231.7071211168
tot_aggregated_send: 0
tot_msg_rcv: 23493
tot_msg_sent: 23251
tot_reconf_duration: 11.31
tot_sleeping_duration: 1544273.8159200023
tot_uptimes: 402
tot_uptimes_duration: 24060.006079997635
