comms_cons: 394.4768448539461
finished_reconf: true
global_termination_time: 3935571.507
local_termination_time: 2313979.2750399993
node_cons: 80933.16312334896
tot_aggregated_send: 55100
tot_msg_rcv: 1567
tot_msg_sent: 3291
tot_reconf_duration: 22.65
tot_sleeping_duration: 3875151.488760007
tot_uptimes: 1008
tot_uptimes_duration: 60420.01823999337
