comms_cons: 776.1701964699491
finished_reconf: true
global_termination_time: 3934512.24
local_termination_time: 1449.0614800000003
node_cons: 80909.9929067042
tot_aggregated_send: 0
tot_msg_rcv: 59557
tot_msg_sent: 58416
tot_reconf_duration: 5.57
tot_sleeping_duration: 3874092.2035200107
tot_uptimes: 1008
tot_uptimes_duration: 60420.03647998971
