comms_cons: 388.9532352320642
finished_reconf: true
global_termination_time: 3931071.322
local_termination_time: 1292196.58736
node_cons: 80833.07506669998
tot_aggregated_send: 54810
tot_msg_rcv: 1461
tot_msg_sent: 2848
tot_reconf_duration: 8.09
tot_sleeping_duration: 3870711.285520014
tot_uptimes: 1007
tot_uptimes_duration: 60360.03647998648
