comms_cons: 502.72218213819156
finished_reconf: true
global_termination_time: 1043089.4135599985
local_termination_time: 1043089.3724399986
node_cons: 63001.679554755065
tot_aggregated_send: 0
tot_msg_rcv: 30997
tot_msg_sent: 45413
tot_reconf_duration: 37.410000000000004
tot_sleeping_duration: 996076.0627200013
tot_uptimes: 770
tot_uptimes_duration: 47013.35083999718
