comms_cons: 106.86594559688011
finished_reconf: true
global_termination_time: 1045801.652
local_termination_time: 383555.02036
node_cons: 21459.357086705582
tot_aggregated_send: 13804
tot_msg_rcv: 752
tot_msg_sent: 1687
tot_reconf_duration: 6.279999999999999
tot_sleeping_duration: 1029781.6155200107
tot_uptimes: 268
tot_uptimes_duration: 16020.036479989241
