comms_cons: 103.61822719860064
finished_reconf: true
global_termination_time: 1043727.027
local_termination_time: 599614.3481999986
node_cons: 21466.940200000063
tot_aggregated_send: 14848
tot_msg_rcv: 274
tot_msg_sent: 627
tot_reconf_duration: 11.899999999999999
tot_sleeping_duration: 1027707.027
tot_uptimes: 268
tot_uptimes_duration: 16020.0
