comms_cons: 108.1620479951236
finished_reconf: true
global_termination_time: 1044136.297
local_termination_time: 183068.8791600003
node_cons: 21458.202786705613
tot_aggregated_send: 13920
tot_msg_rcv: 948
tot_msg_sent: 1572
tot_reconf_duration: 5.43
tot_sleeping_duration: 1028116.2605200108
tot_uptimes: 268
tot_uptimes_duration: 16020.036479989241
