comms_cons: 177.973593590498
finished_reconf: true
global_termination_time: 1783777.1025599984
local_termination_time: 1783777.0614399984
node_cons: 36734.65309007153
tot_aggregated_send: 25274
tot_msg_rcv: 572
tot_msg_sent: 1204
tot_reconf_duration: 24.59
tot_sleeping_duration: 1756367.6478400046
tot_uptimes: 457
tot_uptimes_duration: 27409.45471999375
