comms_cons: 177.27157758726963
finished_reconf: true
global_termination_time: 1785627.33
local_termination_time: 845019.1415999999
node_cons: 36719.55446446727
tot_aggregated_send: 24476
tot_msg_rcv: 816
tot_msg_sent: 1652
tot_reconf_duration: 3.05
tot_sleeping_duration: 1758207.3056800095
tot_uptimes: 458
tot_uptimes_duration: 27420.024319990538
