comms_cons: 178.93825278785638
finished_reconf: true
global_termination_time: 1783777.47624
local_termination_time: 59310.27548000001
node_cons: 36669.48326494408
tot_aggregated_send: 24766
tot_msg_rcv: 860
tot_msg_sent: 1570
tot_reconf_duration: 11.31
tot_sleeping_duration: 1756403.2236000118
tot_uptimes: 457
tot_uptimes_duration: 27374.252639988204
