comms_cons: 175.22383359573146
finished_reconf: true
global_termination_time: 1788055.568
local_termination_time: 1457153.0599199994
node_cons: 36736.21171999999
tot_aggregated_send: 25810
tot_msg_rcv: 281
tot_msg_sent: 542
tot_reconf_duration: 15.34
tot_sleeping_duration: 1760635.568
tot_uptimes: 458
tot_uptimes_duration: 27420.0
