comms_cons: 175.38222721960258
finished_reconf: true
global_termination_time: 365534.7106000001
local_termination_time: 365534.6694800001
node_cons: 21912.183059444516
tot_aggregated_send: 0
tot_msg_rcv: 10881
tot_msg_sent: 15775
tot_reconf_duration: 37.410000000000004
tot_sleeping_duration: 349208.06363999675
tot_uptimes: 269
tot_uptimes_duration: 16326.646960003342
