comms_cons: 37.501440000572956
finished_reconf: true
global_termination_time: 368860.276
local_termination_time: 67426.55459999994
node_cons: 7562.962502242865
tot_aggregated_send: 4930
tot_msg_rcv: 253
tot_msg_sent: 517
tot_reconf_duration: 8.09
tot_sleeping_duration: 363220.2638399979
tot_uptimes: 95
tot_uptimes_duration: 5640.0121600021375
