comms_cons: 37.779020800514544
finished_reconf: true
global_termination_time: 370612.489
local_termination_time: 1239.6415200000038
node_cons: 7562.6121244823225
tot_aggregated_send: 4988
tot_msg_rcv: 291
tot_msg_sent: 463
tot_reconf_duration: 7.819999999999999
tot_sleeping_duration: 364972.46467999823
tot_uptimes: 95
tot_uptimes_duration: 5640.0243200017285
