comms_cons: 124.62297600004489
finished_reconf: true
global_termination_time: 590710.583479999
local_termination_time: 859.9765999999998
node_cons: 12210.514955294908
tot_aggregated_send: 0
tot_msg_rcv: 10137
tot_msg_sent: 8799
tot_reconf_duration: 18.21
tot_sleeping_duration: 581609.9219599878
tot_uptimes: 152
tot_uptimes_duration: 9100.661520011126
