comms_cons: 57.619660799924944
finished_reconf: true
global_termination_time: 590710.7035999999
local_termination_time: 24923.47448
node_cons: 12185.3646283999
tot_aggregated_send: 8700
tot_msg_rcv: 16
tot_msg_sent: 41
tot_reconf_duration: 22.65
tot_sleeping_duration: 581633.328
tot_uptimes: 152
tot_uptimes_duration: 9077.375599999912
