comms_cons: 272.041068810965
finished_reconf: true
global_termination_time: 2809984.356
local_termination_time: 5640.636
node_cons: 57849.94408334977
tot_aggregated_send: 38913
tot_msg_rcv: 748
tot_msg_sent: 1687
tot_reconf_duration: 3.77
tot_sleeping_duration: 2766784.337760007
tot_uptimes: 720
tot_uptimes_duration: 43200.01823999314
