comms_cons: 275.9151614103345
finished_reconf: true
global_termination_time: 1392058.43724
local_termination_time: 427.7700399999995
node_cons: 28644.861606074875
tot_aggregated_send: 0
tot_msg_rcv: 21284
tot_msg_sent: 20650
tot_reconf_duration: 18.21
tot_sleeping_duration: 1370684.178520004
tot_uptimes: 357
tot_uptimes_duration: 21374.25871999614
