comms_cons: 142.10005758968373
finished_reconf: true
global_termination_time: 1396569.275
local_termination_time: 6753.43184
node_cons: 28687.382325588806
tot_aggregated_send: 18966
tot_msg_rcv: 885
tot_msg_sent: 1745
tot_reconf_duration: 4.390000000000001
tot_sleeping_duration: 1375149.2446000082
tot_uptimes: 358
tot_uptimes_duration: 21420.030399991607
