comms_cons: 137.71328639656556
finished_reconf: true
global_termination_time: 1393736.447
local_termination_time: 708665.3523199995
node_cons: 28608.413939999955
tot_aggregated_send: 20184
tot_msg_rcv: 288
tot_msg_sent: 459
tot_reconf_duration: 5.43
tot_sleeping_duration: 1372376.447
tot_uptimes: 357
tot_uptimes_duration: 21360.0
