comms_cons: 421.3033084677978
finished_reconf: true
global_termination_time: 2125306.3245999976
local_termination_time: 974.4186
node_cons: 43740.937758943335
tot_aggregated_send: 0
tot_msg_rcv: 32464
tot_msg_sent: 31570
tot_reconf_duration: 11.31
tot_sleeping_duration: 2092650.9259600097
tot_uptimes: 545
tot_uptimes_duration: 32655.398639987874
