comms_cons: 214.5117375726216
finished_reconf: true
global_termination_time: 2125955.037
local_termination_time: 443287.7996400004
node_cons: 43712.40721005106
tot_aggregated_send: 28246
tot_msg_rcv: 1331
tot_msg_sent: 3029
tot_reconf_duration: 5.43
tot_sleeping_duration: 2093314.9822800213
tot_uptimes: 545
tot_uptimes_duration: 32640.05471997871
