comms_cons: 67.81902080061505
finished_reconf: true
global_termination_time: 681908.1814799998
local_termination_time: 681908.1403599998
node_cons: 14048.345643205545
tot_aggregated_send: 9660
tot_msg_rcv: 231
tot_msg_sent: 416
tot_reconf_duration: 37.410000000000004
tot_sleeping_duration: 671454.4526799957
tot_uptimes: 175
tot_uptimes_duration: 10453.728800004115
