comms_cons: 67.8321791990576
finished_reconf: true
global_termination_time: 683608.949
local_termination_time: 421114.3254800005
node_cons: 14066.425799999988
tot_aggregated_send: 9860
tot_msg_rcv: 164
tot_msg_sent: 286
tot_reconf_duration: 5.1
tot_sleeping_duration: 673108.949
tot_uptimes: 176
tot_uptimes_duration: 10500.0
