comms_cons: 67.71375359905774
finished_reconf: true
global_termination_time: 685738.886
local_termination_time: 208852.201
node_cons: 14084.908015438092
tot_aggregated_send: 9915
tot_msg_rcv: 153
tot_msg_sent: 224
tot_reconf_duration: 15.110000000000001
tot_sleeping_duration: 675235.2350400016
tot_uptimes: 176
tot_uptimes_duration: 10503.650959998544
