comms_cons: 66.79203839987113
finished_reconf: true
global_termination_time: 685480.387
local_termination_time: 659244.9593599999
node_cons: 14084.894599999956
tot_aggregated_send: 10034
tot_msg_rcv: 53
tot_msg_sent: 65
tot_reconf_duration: 18.700000000000003
tot_sleeping_duration: 674980.387
tot_uptimes: 176
tot_uptimes_duration: 10500.0
