comms_cons: 67.73286399880212
finished_reconf: true
global_termination_time: 686416.28
local_termination_time: 145627.43736000004
node_cons: 14074.867121121448
tot_aggregated_send: 9802
tot_msg_rcv: 154
tot_msg_sent: 339
tot_reconf_duration: 11.31
tot_sleeping_duration: 675916.273919999
tot_uptimes: 176
tot_uptimes_duration: 10500.006080001069
