comms_cons: 14.770931199713687
finished_reconf: true
global_termination_time: 120279.465
local_termination_time: 68044.49747999995
node_cons: 2444.573682238287
tot_aggregated_send: 1044
tot_msg_rcv: 535
tot_msg_sent: 666
tot_reconf_duration: 25.299999999999997
tot_sleeping_duration: 118479.45284000126
tot_uptimes: 31
tot_uptimes_duration: 1800.0121599987324
