comms_cons: 1.5066367999971157
finished_reconf: true
global_termination_time: 14724.062
local_termination_time: 6123.821360000001
node_cons: 252.0062200000002
tot_aggregated_send: 0
tot_msg_rcv: 118
tot_msg_sent: 111
tot_reconf_duration: 8.09
tot_sleeping_duration: 14544.062
tot_uptimes: 4
tot_uptimes_duration: 180.0
