comms_cons: 1.4737407999976766
finished_reconf: true
global_termination_time: 9934.581
local_termination_time: 4741.55536
node_cons: 175.55009999999976
tot_aggregated_send: 0
tot_msg_rcv: 118
tot_msg_sent: 106
tot_reconf_duration: 10.95
tot_sleeping_duration: 9814.581
tot_uptimes: 3
tot_uptimes_duration: 120.0
