comms_cons: 75.17393919634235
finished_reconf: true
global_termination_time: 801218.606
local_termination_time: 5680.892
node_cons: 16485.623901116855
tot_aggregated_send: 10950
tot_msg_rcv: 178
tot_msg_sent: 298
tot_reconf_duration: 11.719999999999999
tot_sleeping_duration: 788918.5999200024
tot_uptimes: 206
tot_uptimes_duration: 12300.006079997635
