comms_cons: 73.71993599548483
finished_reconf: true
global_termination_time: 802262.368
local_termination_time: 7323.465
node_cons: 16478.49710335512
tot_aggregated_send: 10378
tot_msg_rcv: 312
tot_msg_sent: 515
tot_reconf_duration: 6.46
tot_sleeping_duration: 789962.3497600037
tot_uptimes: 206
tot_uptimes_duration: 12300.018239996338
