comms_cons: 304.14143358550257
finished_reconf: true
global_termination_time: 3093933.708
local_termination_time: 2229255.3930399986
node_cons: 63650.12800223217
tot_aggregated_send: 43094
tot_msg_rcv: 1110
tot_msg_sent: 2023
tot_reconf_duration: 15.34
tot_sleeping_duration: 3046413.695840005
tot_uptimes: 793
tot_uptimes_duration: 47520.01215999527
