comms_cons: 465.14286067057145
finished_reconf: true
global_termination_time: 3094943.175
local_termination_time: 2301054.87848
node_cons: 63636.238364466175
tot_aggregated_send: 0
tot_msg_rcv: 35661
tot_msg_sent: 35038
tot_reconf_duration: 5.1
tot_sleeping_duration: 3047423.1506800093
tot_uptimes: 793
tot_uptimes_duration: 47520.02431999054
