comms_cons: 308.4717888014846
finished_reconf: true
global_termination_time: 3090536.863
local_termination_time: 880982.3884799998
node_cons: 63561.79748893438
tot_aggregated_send: 42804
tot_msg_rcv: 1428
tot_msg_sent: 2654
tot_reconf_duration: 9.42
tot_sleeping_duration: 3043076.8143600184
tot_uptimes: 792
tot_uptimes_duration: 47460.048639981775
