comms_cons: 311.0742463922343
finished_reconf: true
global_termination_time: 3091849.01
local_termination_time: 853706.398
node_cons: 63567.35941229123
tot_aggregated_send: 42915
tot_msg_rcv: 1632
tot_msg_sent: 2735
tot_reconf_duration: 12.629999999999999
tot_sleeping_duration: 3044388.06312002
tot_uptimes: 792
tot_uptimes_duration: 47460.946879979456
