comms_cons: 311.046073603644
finished_reconf: true
global_termination_time: 3091241.938
local_termination_time: 827908.037
node_cons: 63579.63050564835
tot_aggregated_send: 43034
tot_msg_rcv: 1573
tot_msg_sent: 2671
tot_reconf_duration: 18.700000000000003
tot_sleeping_duration: 3043777.9828800224
tot_uptimes: 792
tot_uptimes_duration: 47463.955119977356
