comms_cons: 312.4659008527074
finished_reconf: true
global_termination_time: 3090290.576239997
local_termination_time: 175274.715
node_cons: 63589.45923440606
tot_aggregated_send: 42740
tot_msg_rcv: 1664
tot_msg_sent: 3090
tot_reconf_duration: 11.899999999999999
tot_sleeping_duration: 3042812.3842800213
tot_uptimes: 792
tot_uptimes_duration: 47478.19195997561
