comms_cons: 305.42087679847094
finished_reconf: true
global_termination_time: 3095606.677
local_termination_time: 1674814.2984799999
node_cons: 63637.78374781777
tot_aggregated_send: 42688
tot_msg_rcv: 1111
tot_msg_sent: 2624
tot_reconf_duration: 6.22
tot_sleeping_duration: 3048086.6344400155
tot_uptimes: 793
tot_uptimes_duration: 47520.04255998437
