comms_cons: 305.28374399655013
finished_reconf: true
global_termination_time: 3090668.812
local_termination_time: 1686201.677599998
node_cons: 63576.53722574674
tot_aggregated_send: 43152
tot_msg_rcv: 981
tot_msg_sent: 2271
tot_reconf_duration: 11.31
tot_sleeping_duration: 3043199.672160009
tot_uptimes: 792
tot_uptimes_duration: 47469.139839990996
