comms_cons: 33.90885120030832
finished_reconf: true
global_termination_time: 339026.985
local_termination_time: 36946.18648000001
node_cons: 6924.607121121436
tot_aggregated_send: 4582
tot_msg_rcv: 170
tot_msg_sent: 401
tot_reconf_duration: 11.31
tot_sleeping_duration: 333866.9789199989
tot_uptimes: 87
tot_uptimes_duration: 5160.006080001069
