comms_cons: 887.4925826224002
finished_reconf: true
global_termination_time: 8886438.573
local_termination_time: 2414575.8904800005
node_cons: 182782.09336893074
tot_aggregated_send: 122554
tot_msg_rcv: 4210
tot_msg_sent: 8129
tot_reconf_duration: 6.279999999999999
tot_sleeping_duration: 8749938.524360018
tot_uptimes: 2276
tot_uptimes_duration: 136500.0486399827
