comms_cons: 881.1936066196081
finished_reconf: true
global_termination_time: 8886270.456
local_termination_time: 2808809.8713599998
node_cons: 182807.92252893012
tot_aggregated_send: 123366
tot_msg_rcv: 3584
tot_msg_sent: 6985
tot_reconf_duration: 25.299999999999997
tot_sleeping_duration: 8749770.407360017
tot_uptimes: 2276
tot_uptimes_duration: 136500.0486399827
