comms_cons: 892.7750594293742
finished_reconf: true
global_termination_time: 8883375.015
local_termination_time: 362534.6684800001
node_cons: 182723.9838289344
tot_aggregated_send: 124352
tot_msg_rcv: 3872
tot_msg_sent: 7472
tot_reconf_duration: 22.65
tot_sleeping_duration: 8746934.966360016
tot_uptimes: 2275
tot_uptimes_duration: 136440.04863998567
