comms_cons: 873.2565377656395
finished_reconf: true
global_termination_time: 8883465.002
local_termination_time: 5838959.116599999
node_cons: 182710.3522455788
tot_aggregated_send: 123308
tot_msg_rcv: 2929
tot_msg_sent: 6493
tot_reconf_duration: 12.629999999999999
tot_sleeping_duration: 8747024.971600011
tot_uptimes: 2275
tot_uptimes_duration: 136440.0303999891
