comms_cons: 889.6920578435889
finished_reconf: true
global_termination_time: 8885779.546
local_termination_time: 751793.7403599999
node_cons: 182779.5348900466
tot_aggregated_send: 123888
tot_msg_rcv: 3821
tot_msg_sent: 7519
tot_reconf_duration: 4.390000000000001
tot_sleeping_duration: 8749279.49128002
tot_uptimes: 2276
tot_uptimes_duration: 136500.05471997987
