comms_cons: 887.832365045701
finished_reconf: true
global_termination_time: 8886257.39
local_termination_time: 853182.7117599981
node_cons: 182784.17654781332
tot_aggregated_send: 123076
tot_msg_rcv: 4004
tot_msg_sent: 7864
tot_reconf_duration: 7.819999999999999
tot_sleeping_duration: 8749757.347440016
tot_uptimes: 2276
tot_uptimes_duration: 136500.04255998484
