comms_cons: 50.31114240173313
finished_reconf: true
global_termination_time: 489389.819
local_termination_time: 155720.28248000008
node_cons: 10076.881823364329
tot_aggregated_send: 6438
tot_msg_rcv: 416
tot_msg_sent: 793
tot_reconf_duration: 25.299999999999997
tot_sleeping_duration: 481889.8007599968
tot_uptimes: 126
tot_uptimes_duration: 7500.018240003206
