comms_cons: 54.59420160050459
finished_reconf: true
global_termination_time: 553939.313
local_termination_time: 158587.2130400003
node_cons: 11358.698700000006
tot_aggregated_send: 7946
tot_msg_rcv: 141
tot_msg_sent: 211
tot_reconf_duration: 22.65
tot_sleeping_duration: 545479.313
tot_uptimes: 142
tot_uptimes_duration: 8460.0
