comms_cons: 13.528089599745226
finished_reconf: true
global_termination_time: 119497.95359999995
local_termination_time: 119497.91247999996
node_cons: 2461.998578399927
tot_aggregated_send: 1392
tot_msg_rcv: 312
tot_msg_sent: 352
tot_reconf_duration: 24.59
tot_sleeping_duration: 117684.208
tot_uptimes: 31
tot_uptimes_duration: 1813.745599999951
