comms_cons: 13.804415999941751
finished_reconf: true
global_termination_time: 121619.918
local_termination_time: 26204.84672
node_cons: 2515.3017444786014
tot_aggregated_send: 1276
tot_msg_rcv: 311
tot_msg_sent: 513
tot_reconf_duration: 18.21
tot_sleeping_duration: 119759.89368000106
tot_uptimes: 32
tot_uptimes_duration: 1860.0243199989563
