comms_cons: 377.6273084893277
finished_reconf: true
global_termination_time: 2506635.153
local_termination_time: 1044979.264
node_cons: 51530.222481984514
tot_aggregated_send: 0
tot_msg_rcv: 29112
tot_msg_sent: 28283
tot_reconf_duration: 22.65
tot_sleeping_duration: 2468174.015000011
tot_uptimes: 642
tot_uptimes_duration: 38461.137999988976
