comms_cons: 251.13203837858276
finished_reconf: true
global_termination_time: 2507852.853
local_termination_time: 1612444.68936
node_cons: 51585.884765583505
tot_aggregated_send: 33582
tot_msg_rcv: 1491
tot_msg_sent: 3097
tot_reconf_duration: 5.57
tot_sleeping_duration: 2469332.822600012
tot_uptimes: 643
tot_uptimes_duration: 38520.03039998817
