comms_cons: 245.2659967957028
finished_reconf: true
global_termination_time: 2507529.328
local_termination_time: 1835049.744999999
node_cons: 51596.16485999913
tot_aggregated_send: 36250
tot_msg_rcv: 401
tot_msg_sent: 628
tot_reconf_duration: 13.17
tot_sleeping_duration: 2469009.328
tot_uptimes: 643
tot_uptimes_duration: 38520.0
