comms_cons: 248.31874560305633
finished_reconf: true
global_termination_time: 2510082.739
local_termination_time: 1199786.2990399995
node_cons: 51590.65137999937
tot_aggregated_send: 36134
tot_msg_rcv: 515
tot_msg_sent: 1094
tot_reconf_duration: 9.11
tot_sleeping_duration: 2471562.739
tot_uptimes: 643
tot_uptimes_duration: 38520.0
