comms_cons: 246.272838392383
finished_reconf: true
global_termination_time: 2508459.152
local_termination_time: 1536412.4123599997
node_cons: 51598.807521115894
tot_aggregated_send: 36076
tot_msg_rcv: 438
tot_msg_sent: 917
tot_reconf_duration: 15.110000000000001
tot_sleeping_duration: 2469939.1459200024
tot_uptimes: 643
tot_uptimes_duration: 38520.006079997635
