comms_cons: 246.7461375762771
finished_reconf: true
global_termination_time: 2508243.907
local_termination_time: 1469778.9047599991
node_cons: 51599.16056670035
tot_aggregated_send: 33698
tot_msg_rcv: 1166
tot_msg_sent: 2641
tot_reconf_duration: 15.34
tot_sleeping_duration: 2469723.8705200143
tot_uptimes: 643
tot_uptimes_duration: 38520.03647998581
