comms_cons: 81.36229119645299
finished_reconf: true
global_termination_time: 783750.98224
local_termination_time: 80111.90047999997
node_cons: 16111.894876156262
tot_aggregated_send: 9164
tot_msg_rcv: 979
tot_msg_sent: 2224
tot_reconf_duration: 18.21
tot_sleeping_duration: 771736.6688000028
tot_uptimes: 201
tot_uptimes_duration: 12014.31343999719
