comms_cons: 77.1674367997993
finished_reconf: true
global_termination_time: 784074.497
local_termination_time: 127060.82435999997
node_cons: 16078.619560000034
tot_aggregated_send: 11252
tot_msg_rcv: 136
tot_msg_sent: 341
tot_reconf_duration: 7.819999999999999
tot_sleeping_duration: 772074.497
tot_uptimes: 201
tot_uptimes_duration: 12000.0
