comms_cons: 76.72005119963906
finished_reconf: true
global_termination_time: 785273.865
local_termination_time: 380898.76136000006
node_cons: 16163.698980000021
tot_aggregated_send: 11484
tot_msg_rcv: 28
tot_msg_sent: 149
tot_reconf_duration: 11.31
tot_sleeping_duration: 773213.865
tot_uptimes: 202
tot_uptimes_duration: 12060.0
