comms_cons: 208.30807678399125
finished_reconf: true
global_termination_time: 2078179.43224
local_termination_time: 298999.2724800001
node_cons: 42784.693464948454
tot_aggregated_send: 29058
tot_msg_rcv: 867
tot_msg_sent: 1735
tot_reconf_duration: 18.21
tot_sleeping_duration: 2046245.1796000083
tot_uptimes: 533
tot_uptimes_duration: 31934.252639991642
