comms_cons: 322.2067389559259
finished_reconf: true
global_termination_time: 2079219.364
local_termination_time: 562938.02
node_cons: 42750.7503747871
tot_aggregated_send: 0
tot_msg_rcv: 24724
tot_msg_sent: 24249
tot_reconf_duration: 4.8100000000000005
tot_sleeping_duration: 2047296.8708000095
tot_uptimes: 533
tot_uptimes_duration: 31922.493199990597
