comms_cons: 205.07366398766993
finished_reconf: true
global_termination_time: 2079692.655
local_termination_time: 1333475.73036
node_cons: 42751.51584223337
tot_aggregated_send: 29000
tot_msg_rcv: 777
tot_msg_sent: 1393
tot_reconf_duration: 7.819999999999999
tot_sleeping_duration: 2047772.6428400048
tot_uptimes: 533
tot_uptimes_duration: 31920.01215999527
