comms_cons: 111.95887359631884
finished_reconf: true
global_termination_time: 1127376.773
local_termination_time: 646627.5243599999
node_cons: 23148.555842233785
tot_aggregated_send: 15718
tot_msg_rcv: 349
tot_msg_sent: 950
tot_reconf_duration: 7.819999999999999
tot_sleeping_duration: 1110096.7608400048
tot_uptimes: 289
tot_uptimes_duration: 17280.01215999527
