comms_cons: 32.915737600437225
finished_reconf: true
global_termination_time: 331121.768
local_termination_time: 147682.12508000014
node_cons: 6759.179559999977
tot_aggregated_send: 4698
tot_msg_rcv: 138
tot_msg_sent: 167
tot_reconf_duration: 7.819999999999999
tot_sleeping_duration: 326081.768
tot_uptimes: 85
tot_uptimes_duration: 5040.0
