comms_cons: 32.73152000012485
finished_reconf: true
global_termination_time: 333394.356
local_termination_time: 36058.1012400001
node_cons: 6837.346760000009
tot_aggregated_send: 4814
tot_msg_rcv: 50
tot_msg_sent: 111
tot_reconf_duration: 6.22
tot_sleeping_duration: 328294.356
tot_uptimes: 86
tot_uptimes_duration: 5100.0
