comms_cons: 310.20928001909147
finished_reconf: true
global_termination_time: 3110567.129
local_termination_time: 735254.9263599999
node_cons: 63959.21708669973
tot_aggregated_send: 43500
tot_msg_rcv: 1150
tot_msg_sent: 2500
tot_reconf_duration: 6.279999999999999
tot_sleeping_duration: 3062807.0925200144
tot_uptimes: 797
tot_uptimes_duration: 47760.03647998581
