comms_cons: 309.59450242197283
finished_reconf: true
global_termination_time: 3111021.218
local_termination_time: 803422.4268399996
node_cons: 63958.22848334913
tot_aggregated_send: 42920
tot_msg_rcv: 1291
tot_msg_sent: 2845
tot_reconf_duration: 5.57
tot_sleeping_duration: 3063261.199760007
tot_uptimes: 797
tot_uptimes_duration: 47760.0182399929
