comms_cons: 308.4340864149014
finished_reconf: true
global_termination_time: 3108615.696
local_termination_time: 1045137.2763599999
node_cons: 63957.58208223264
tot_aggregated_send: 43094
tot_msg_rcv: 1229
tot_msg_sent: 2558
tot_reconf_duration: 5.1
tot_sleeping_duration: 3060855.6838400043
tot_uptimes: 797
tot_uptimes_duration: 47760.0121599955
