comms_cons: 610.6443205321203
finished_reconf: true
global_termination_time: 3109202.359
local_termination_time: 3072.5783600000004
node_cons: 63959.11118335183
tot_aggregated_send: 0
tot_msg_rcv: 46640
tot_msg_sent: 46173
tot_reconf_duration: 6.22
tot_sleeping_duration: 3061442.340760005
tot_uptimes: 797
tot_uptimes_duration: 47760.01823999487
