comms_cons: 1503.1506701105363
finished_reconf: true
global_termination_time: 3107229.3760399995
local_termination_time: 3107229.3349199994
node_cons: 188730.57432098032
tot_aggregated_send: 0
tot_msg_rcv: 92299
tot_msg_sent: 136173
tot_reconf_duration: 24.59
tot_sleeping_duration: 2966305.4170400095
tot_uptimes: 2318
tot_uptimes_duration: 140923.95899999034
