comms_cons: 0.7171328000015991
finished_reconf: true
global_termination_time: 5622.113
local_termination_time: 1123.9623600000002
node_cons: 101.17171999999988
tot_aggregated_send: 0
tot_msg_rcv: 63
tot_msg_sent: 45
tot_reconf_duration: 15.34
tot_sleeping_duration: 5562.113
tot_uptimes: 2
tot_uptimes_duration: 60.0
