comms_cons: 274.8767552368587
finished_reconf: true
global_termination_time: 2808859.039
local_termination_time: 4718.759
node_cons: 57859.192028934885
tot_aggregated_send: 38559
tot_msg_rcv: 1137
tot_msg_sent: 2083
tot_reconf_duration: 10.55
tot_sleeping_duration: 2765658.990360018
tot_uptimes: 720
tot_uptimes_duration: 43200.04863998201
