comms_cons: 1.6842751999965466
finished_reconf: true
global_termination_time: 9189.137
local_termination_time: 5759.545360000001
node_cons: 181.1993800000008
tot_aggregated_send: 0
tot_msg_rcv: 152
tot_msg_sent: 103
tot_reconf_duration: 15.110000000000001
tot_sleeping_duration: 9069.137
tot_uptimes: 3
tot_uptimes_duration: 120.0
