comms_cons: 6.855526400046328
finished_reconf: true
global_termination_time: 67664.998
local_termination_time: 22011.46248
node_cons: 1381.1389799999968
tot_aggregated_send: 870
tot_msg_rcv: 66
tot_msg_sent: 106
tot_reconf_duration: 11.31
tot_sleeping_duration: 66644.998
tot_uptimes: 18
tot_uptimes_duration: 1020.0
