comms_cons: 370.0010496181304
finished_reconf: true
global_termination_time: 3750903.99
local_termination_time: 1522618.89736
node_cons: 77147.25614334906
tot_aggregated_send: 52432
tot_msg_rcv: 1376
tot_msg_sent: 2430
tot_reconf_duration: 15.34
tot_sleeping_duration: 3693303.971760007
tot_uptimes: 961
tot_uptimes_duration: 57600.01823999314
