comms_cons: 369.41157762209235
finished_reconf: true
global_termination_time: 3751683.407
local_termination_time: 1617231.3538399988
node_cons: 77133.98848334936
tot_aggregated_send: 51678
tot_msg_rcv: 1311
tot_msg_sent: 3160
tot_reconf_duration: 5.57
tot_sleeping_duration: 3694083.388760007
tot_uptimes: 961
tot_uptimes_duration: 57600.01823999337
