comms_cons: 369.58822398655013
finished_reconf: true
global_termination_time: 3753211.927
local_termination_time: 2193513.2064799997
node_cons: 77241.10554111471
tot_aggregated_send: 52200
tot_msg_rcv: 1390
tot_msg_sent: 2585
tot_reconf_duration: 25.299999999999997
tot_sleeping_duration: 3695551.9209200023
tot_uptimes: 962
tot_uptimes_duration: 57660.006079997635
