comms_cons: 372.0764608443699
finished_reconf: true
global_termination_time: 3754647.717
local_termination_time: 171184.34536000006
node_cons: 77213.29640334894
tot_aggregated_send: 52258
tot_msg_rcv: 1330
tot_msg_sent: 2964
tot_reconf_duration: 4.8100000000000005
tot_sleeping_duration: 3696987.698760007
tot_uptimes: 962
tot_uptimes_duration: 57660.01823999314
