comms_cons: 635.7380614406525
finished_reconf: true
global_termination_time: 3751087.655
local_termination_time: 821944.2744799999
node_cons: 77137.04398334904
tot_aggregated_send: 0
tot_msg_rcv: 48658
tot_msg_sent: 47970
tot_reconf_duration: 7.819999999999999
tot_sleeping_duration: 3693487.6367600067
tot_uptimes: 961
tot_uptimes_duration: 57600.01823999314
