comms_cons: 101.53021438821017
finished_reconf: true
global_termination_time: 960641.943
local_termination_time: 469452.0587600004
node_cons: 19772.184522233652
tot_aggregated_send: 12180
tot_msg_rcv: 1163
tot_msg_sent: 2089
tot_reconf_duration: 6.279999999999999
tot_sleeping_duration: 945881.9308400047
tot_uptimes: 247
tot_uptimes_duration: 14760.012159995269
