comms_cons: 98.6154111938678
finished_reconf: true
global_termination_time: 959514.251
local_termination_time: 509540.2800400003
node_cons: 19701.19300111684
tot_aggregated_send: 12818
tot_msg_rcv: 789
tot_msg_sent: 1381
tot_reconf_duration: 13.17
tot_sleeping_duration: 944814.2449200024
tot_uptimes: 246
tot_uptimes_duration: 14700.006079997635
