comms_cons: 99.60147199388076
finished_reconf: true
global_termination_time: 960885.058
local_termination_time: 27388.634520000003
node_cons: 19769.658607838566
tot_aggregated_send: 12702
tot_msg_rcv: 859
tot_msg_sent: 1578
tot_reconf_duration: 4.390000000000001
tot_sleeping_duration: 946125.015440001
tot_uptimes: 247
tot_uptimes_duration: 14760.04255999891
