comms_cons: 100.0683135922662
finished_reconf: true
global_termination_time: 961329.551
local_termination_time: 367149.7673600001
node_cons: 19767.887734544223
tot_aggregated_send: 12528
tot_msg_rcv: 925
tot_msg_sent: 1756
tot_reconf_duration: 3.05
tot_sleeping_duration: 946569.4719600119
tot_uptimes: 247
tot_uptimes_duration: 14760.079039988152
