comms_cons: 63.51443200527533
finished_reconf: true
global_termination_time: 274639.92472000007
local_termination_time: 274639.88360000006
node_cons: 5693.217879370229
tot_aggregated_send: 0
tot_msg_rcv: 5537
tot_msg_sent: 4117
tot_reconf_duration: 37.410000000000004
tot_sleeping_duration: 270426.0224799924
tot_uptimes: 71
tot_uptimes_duration: 4213.902240007628
