comms_cons: 28.218188800484008
finished_reconf: true
global_termination_time: 276293.692
local_termination_time: 57837.89572000012
node_cons: 5641.701142240586
tot_aggregated_send: 3538
tot_msg_rcv: 236
tot_msg_sent: 515
tot_reconf_duration: 13.17
tot_sleeping_duration: 272093.67983999953
tot_uptimes: 71
tot_uptimes_duration: 4200.012160000435
