comms_cons: 248.23863038981347
finished_reconf: true
global_termination_time: 2472801.782
local_termination_time: 231236.202
node_cons: 50887.536974602204
tot_aggregated_send: 33812
tot_msg_rcv: 1240
tot_msg_sent: 2681
tot_reconf_duration: 22.65
tot_sleeping_duration: 2434820.618240028
tot_uptimes: 634
tot_uptimes_duration: 37981.16375997232
