comms_cons: 252.09205119163144
finished_reconf: true
global_termination_time: 2472689.021119997
local_termination_time: 106526.77647999996
node_cons: 50881.62836420827
tot_aggregated_send: 33582
tot_msg_rcv: 1638
tot_msg_sent: 3096
tot_reconf_duration: 4.390000000000001
tot_sleeping_duration: 2434693.75096002
tot_uptimes: 634
tot_uptimes_duration: 37995.27015997685
