comms_cons: 248.09953918163998
finished_reconf: true
global_termination_time: 2474996.782
local_termination_time: 1609006.7853999992
node_cons: 50865.872124466696
tot_aggregated_send: 32712
tot_msg_rcv: 1634
tot_msg_sent: 3364
tot_reconf_duration: 7.819999999999999
tot_sleeping_duration: 2437016.7576800096
tot_uptimes: 634
tot_uptimes_duration: 37980.02431999054
