comms_cons: 246.55015040360223
finished_reconf: true
global_termination_time: 2475235.603
local_termination_time: 402808.2913600001
node_cons: 50876.0517199993
tot_aggregated_send: 35264
tot_msg_rcv: 774
tot_msg_sent: 1436
tot_reconf_duration: 15.34
tot_sleeping_duration: 2437255.603
tot_uptimes: 634
tot_uptimes_duration: 37980.0
