comms_cons: 471.40135689123906
finished_reconf: true
global_termination_time: 4662059.77184
local_termination_time: 4662059.730719999
node_cons: 95919.1419678831
tot_aggregated_send: 64412
tot_msg_rcv: 2450
tot_msg_sent: 4785
tot_reconf_duration: 37.410000000000004
tot_sleeping_duration: 4590462.804560025
tot_uptimes: 1194
tot_uptimes_duration: 71596.96727997465
