comms_cons: 469.6601344873644
finished_reconf: true
global_termination_time: 4665709.884
local_termination_time: 1721169.80436
node_cons: 95932.54082669901
tot_aggregated_send: 64844
tot_msg_rcv: 2128
tot_msg_sent: 4413
tot_reconf_duration: 4.8100000000000005
tot_sleeping_duration: 4594069.847520013
tot_uptimes: 1195
tot_uptimes_duration: 71640.03647998627
