comms_cons: 472.0115456899574
finished_reconf: true
global_termination_time: 4662782.259
local_termination_time: 2638543.5303599997
node_cons: 95940.86266446521
tot_aggregated_send: 64844
tot_msg_rcv: 2495
tot_msg_sent: 4404
tot_reconf_duration: 10.95
tot_sleeping_duration: 4591142.234680008
tot_uptimes: 1195
tot_uptimes_duration: 71640.02431999124
