comms_cons: 468.1483136649037
finished_reconf: true
global_termination_time: 4666012.076
local_termination_time: 1185885.4020799985
node_cons: 95934.4556066989
tot_aggregated_send: 65888
tot_msg_rcv: 1898
tot_msg_sent: 3368
tot_reconf_duration: 6.22
tot_sleeping_duration: 4594372.039520014
tot_uptimes: 1195
tot_uptimes_duration: 71640.03647998627
