comms_cons: 0.9408255999968934
finished_reconf: true
global_termination_time: 5147.634
local_termination_time: 3180.7763600000003
node_cons: 96.50020000000012
tot_aggregated_send: 0
tot_msg_rcv: 96
tot_msg_sent: 47
tot_reconf_duration: 11.899999999999999
tot_sleeping_duration: 5087.634
tot_uptimes: 2
tot_uptimes_duration: 60.0
