comms_cons: 10.001388800098649
finished_reconf: true
global_termination_time: 71170.609
local_termination_time: 42474.327840000115
node_cons: 1466.992425600886
tot_aggregated_send: 348
tot_msg_rcv: 480
tot_msg_sent: 693
tot_reconf_duration: 15.34
tot_sleeping_duration: 70090.57859999934
tot_uptimes: 19
tot_uptimes_duration: 1080.0304000006654
