comms_cons: 8.916697600073288
finished_reconf: true
global_termination_time: 71178.088
local_termination_time: 52884.379320000044
node_cons: 1453.692201120291
tot_aggregated_send: 580
tot_msg_rcv: 368
tot_msg_sent: 409
tot_reconf_duration: 5.57
tot_sleeping_duration: 70098.08191999978
tot_uptimes: 19
tot_uptimes_duration: 1080.0060800002175
