comms_cons: 10.092774400163883
finished_reconf: true
global_termination_time: 71160.609
local_termination_time: 22721.728400000004
node_cons: 1457.1306433606107
tot_aggregated_send: 290
tot_msg_rcv: 483
tot_msg_sent: 761
tot_reconf_duration: 8.09
tot_sleeping_duration: 70080.59075999954
tot_uptimes: 19
tot_uptimes_duration: 1080.018240000456
