comms_cons: 11.358758400148563
finished_reconf: true
global_termination_time: 71493.565
local_termination_time: 5827.875360000001
node_cons: 1466.6800856011746
tot_aggregated_send: 232
tot_msg_rcv: 684
tot_msg_sent: 814
tot_reconf_duration: 15.110000000000001
tot_sleeping_duration: 70413.53459999913
tot_uptimes: 19
tot_uptimes_duration: 1080.0304000008764
