comms_cons: 10.006963200147014
finished_reconf: true
global_termination_time: 72575.516
local_termination_time: 28643.81936
node_cons: 1465.7159056003186
tot_aggregated_send: 290
tot_msg_rcv: 483
tot_msg_sent: 748
tot_reconf_duration: 14.4
tot_sleeping_duration: 71495.48559999977
tot_uptimes: 19
tot_uptimes_duration: 1080.030400000236
