comms_cons: 10.594393600244434
finished_reconf: true
global_termination_time: 75548.193
local_termination_time: 32518.661480000002
node_cons: 1537.5331044811676
tot_aggregated_send: 464
tot_msg_rcv: 503
tot_msg_sent: 642
tot_reconf_duration: 8.129999999999999
tot_sleeping_duration: 74408.16867999913
tot_uptimes: 20
tot_uptimes_duration: 1140.02432000087
