comms_cons: 28.078630400264164
finished_reconf: true
global_termination_time: 276717.623
local_termination_time: 59598.46896000003
node_cons: 5636.6167833597365
tot_aggregated_send: 3712
tot_msg_rcv: 210
tot_msg_sent: 345
tot_reconf_duration: 9.42
tot_sleeping_duration: 272517.60476000025
tot_uptimes: 71
tot_uptimes_duration: 4200.018239999801
