comms_cons: 835.2457665241462
finished_reconf: true
global_termination_time: 8386681.463959999
local_termination_time: 8386681.422839999
node_cons: 172564.79544190122
tot_aggregated_send: 119512
tot_msg_rcv: 2436
tot_msg_sent: 5002
tot_reconf_duration: 37.410000000000004
tot_sleeping_duration: 8257843.530680008
tot_uptimes: 2148
tot_uptimes_duration: 128837.93327999068
