comms_cons: 831.4131585738572
finished_reconf: true
global_termination_time: 8388588.294
local_termination_time: 4026932.64648
node_cons: 172574.5596278141
tot_aggregated_send: 116638
tot_msg_rcv: 3185
tot_msg_sent: 6546
tot_reconf_duration: 3.08
tot_sleeping_duration: 8259708.251440015
tot_uptimes: 2149
tot_uptimes_duration: 128880.04255998507
