comms_cons: 136.5835007885798
finished_reconf: true
global_termination_time: 1352699.4505999978
local_termination_time: 1352699.4505999978
node_cons: 27922.556547985892
tot_aggregated_send: 18734
tot_msg_rcv: 638
tot_msg_sent: 1388
tot_reconf_duration: 24.59
tot_sleeping_duration: 1331871.0986000085
tot_uptimes: 347
tot_uptimes_duration: 20828.35199998942
