comms_cons: 134.17620479676359
finished_reconf: true
global_termination_time: 1355973.786
local_termination_time: 940249.1757999985
node_cons: 27882.121900000104
tot_aggregated_send: 18908
tot_msg_rcv: 471
tot_msg_sent: 1015
tot_reconf_duration: 3.05
tot_sleeping_duration: 1335153.786
tot_uptimes: 348
tot_uptimes_duration: 20820.0
