comms_cons: 456.09853448508574
finished_reconf: true
global_termination_time: 4534869.669
local_termination_time: 118311.11759999969
node_cons: 93281.77163451783
tot_aggregated_send: 63162
tot_msg_rcv: 1972
tot_msg_sent: 4192
tot_reconf_duration: 5.1
tot_sleeping_duration: 4465209.589960029
tot_uptimes: 1162
tot_uptimes_duration: 69660.07903997041
