comms_cons: 459.249011268136
finished_reconf: true
global_termination_time: 4531035.125
local_termination_time: 1458479.149519998
node_cons: 93218.26709421082
tot_aggregated_send: 62350
tot_msg_rcv: 2521
tot_msg_sent: 4930
tot_reconf_duration: 15.110000000000001
tot_sleeping_duration: 4461432.624840019
tot_uptimes: 1161
tot_uptimes_duration: 69602.50015998026
