comms_cons: 458.24083208720435
finished_reconf: true
global_termination_time: 4531035.333
local_termination_time: 2591766.2090000003
node_cons: 93221.15399101053
tot_aggregated_send: 62693
tot_msg_rcv: 2366
tot_msg_sent: 4590
tot_reconf_duration: 12.629999999999999
tot_sleeping_duration: 4461428.161640019
tot_uptimes: 1161
tot_uptimes_duration: 69607.17135998001
