comms_cons: 459.4868993226803
finished_reconf: true
global_termination_time: 4532922.007
local_termination_time: 2817353.479359999
node_cons: 93209.3189466993
tot_aggregated_send: 62466
tot_msg_rcv: 2558
tot_msg_sent: 4812
tot_reconf_duration: 10.95
tot_sleeping_duration: 4463321.970520014
tot_uptimes: 1161
tot_uptimes_duration: 69600.03647998674
