comms_cons: 456.96358407326926
finished_reconf: true
global_termination_time: 4533082.646
local_termination_time: 1394168.9930399982
node_cons: 93198.59888781657
tot_aggregated_send: 62988
tot_msg_rcv: 2167
tot_msg_sent: 4300
tot_reconf_duration: 3.05
tot_sleeping_duration: 4463482.603440016
tot_uptimes: 1161
tot_uptimes_duration: 69600.0425599846
