comms_cons: 202.12618238666607
finished_reconf: true
global_termination_time: 2037721.877
local_termination_time: 668861.2523599999
node_cons: 41863.126043350174
tot_aggregated_send: 28536
tot_msg_rcv: 790
tot_msg_sent: 1396
tot_reconf_duration: 4.390000000000001
tot_sleeping_duration: 2006461.8587600072
tot_uptimes: 522
tot_uptimes_duration: 31260.018239992904
