comms_cons: 270.4272384143258
finished_reconf: true
global_termination_time: 566988.6850000005
local_termination_time: 237162.91560000007
node_cons: 34090.86897185066
tot_aggregated_send: 0
tot_msg_rcv: 16698
tot_msg_sent: 24404
tot_reconf_duration: 18.21
tot_sleeping_duration: 541547.2064399925
tot_uptimes: 419
tot_uptimes_duration: 25441.47856000797
