comms_cons: 57.545299199664065
finished_reconf: true
global_termination_time: 568977.755
local_termination_time: 189259.17908000064
node_cons: 11667.201142238295
tot_aggregated_send: 7830
tot_msg_rcv: 343
tot_msg_sent: 573
tot_reconf_duration: 13.17
tot_sleeping_duration: 560277.7428400014
tot_uptimes: 146
tot_uptimes_duration: 8700.012159998703
