comms_cons: 58.65980160043598
finished_reconf: true
global_termination_time: 572903.967
local_termination_time: 196924.53936000002
node_cons: 11740.308406728567
tot_aggregated_send: 7598
tot_msg_rcv: 510
tot_msg_sent: 807
tot_reconf_duration: 7.819999999999999
tot_sleeping_duration: 564143.9305199935
tot_uptimes: 147
tot_uptimes_duration: 8760.036480006413
