comms_cons: 428.5230336693011
finished_reconf: true
global_termination_time: 4273455.119
local_termination_time: 698619.6153599999
node_cons: 87900.56151005013
tot_aggregated_send: 59624
tot_msg_rcv: 1675
tot_msg_sent: 3834
tot_reconf_duration: 6.279999999999999
tot_sleeping_duration: 4207815.064280021
tot_uptimes: 1095
tot_uptimes_duration: 65640.05471997941
