comms_cons: 432.2005696913597
finished_reconf: true
global_termination_time: 4274071.243
local_termination_time: 55585.51336000001
node_cons: 87899.58918893326
tot_aggregated_send: 59508
tot_msg_rcv: 2232
tot_msg_sent: 3951
tot_reconf_duration: 5.57
tot_sleeping_duration: 4208431.194360018
tot_uptimes: 1095
tot_uptimes_duration: 65640.04863998177
