comms_cons: 424.3721856498204
finished_reconf: true
global_termination_time: 4272118.162
local_termination_time: 530138.97636
node_cons: 87909.91813005507
tot_aggregated_send: 59914
tot_msg_rcv: 1510
tot_msg_sent: 3078
tot_reconf_duration: 13.17
tot_sleeping_duration: 4206478.107280016
tot_uptimes: 1095
tot_uptimes_duration: 65640.05471998308
