comms_cons: 430.180537680354
finished_reconf: true
global_termination_time: 4274672.353
local_termination_time: 2510365.40836
node_cons: 87909.16852781692
tot_aggregated_send: 58696
tot_msg_rcv: 2224
tot_msg_sent: 4465
tot_reconf_duration: 12.629999999999999
tot_sleeping_duration: 4209032.310440016
tot_uptimes: 1095
tot_uptimes_duration: 65640.0425599846
