comms_cons: 432.1516800703697
finished_reconf: true
global_termination_time: 4273015.102
local_termination_time: 2594564.5640000002
node_cons: 87924.08045054093
tot_aggregated_send: 59158
tot_msg_rcv: 2237
tot_msg_sent: 4290
tot_reconf_duration: 18.700000000000003
tot_sleeping_duration: 4207370.078960013
tot_uptimes: 1095
tot_uptimes_duration: 65645.02303998731
