comms_cons: 429.6575360477793
finished_reconf: true
global_termination_time: 4274282.611
local_termination_time: 1451210.8907999992
node_cons: 87897.94604334835
tot_aggregated_send: 59740
tot_msg_rcv: 1851
tot_msg_sent: 3714
tot_reconf_duration: 4.390000000000001
tot_sleeping_duration: 4208642.592760007
tot_uptimes: 1095
tot_uptimes_duration: 65640.01823999314
