comms_cons: 429.46576005630965
finished_reconf: true
global_termination_time: 4273371.073
local_termination_time: 1448220.6693599997
node_cons: 87896.1426055822
tot_aggregated_send: 59392
tot_msg_rcv: 1818
tot_msg_sent: 4065
tot_reconf_duration: 3.05
tot_sleeping_duration: 4207731.042600011
tot_uptimes: 1095
tot_uptimes_duration: 65640.03039998864
