comms_cons: 8.509606400127264
finished_reconf: true
global_termination_time: 81322.839
local_termination_time: 39150.598000000005
node_cons: 1615.4029633208484
tot_aggregated_send: 635
tot_msg_rcv: 235
tot_msg_sent: 423
tot_reconf_duration: 5.57
tot_sleeping_duration: 80122.06311999937
tot_uptimes: 21
tot_uptimes_duration: 1200.775880000634
