comms_cons: 9.487833600097844
finished_reconf: true
global_termination_time: 80700.883
local_termination_time: 24006.581360000004
node_cons: 1610.9989222403021
tot_aggregated_send: 580
tot_msg_rcv: 337
tot_msg_sent: 526
tot_reconf_duration: 3.08
tot_sleeping_duration: 79500.87083999977
tot_uptimes: 21
tot_uptimes_duration: 1200.012160000224
