comms_cons: 10.52768640007194
finished_reconf: true
global_termination_time: 79909.015
local_termination_time: 40765.457360000015
node_cons: 1627.3438033608743
tot_aggregated_send: 348
tot_msg_rcv: 510
tot_msg_sent: 745
tot_reconf_duration: 15.110000000000001
tot_sleeping_duration: 78708.99675999935
tot_uptimes: 21
tot_uptimes_duration: 1200.0182400006524
