comms_cons: 10.152576000087667
finished_reconf: true
global_termination_time: 84519.251
local_termination_time: 44136.185480000015
node_cons: 1704.2915400000059
tot_aggregated_send: 580
tot_msg_rcv: 354
tot_msg_sent: 610
tot_reconf_duration: 12.629999999999999
tot_sleeping_duration: 83259.251
tot_uptimes: 22
tot_uptimes_duration: 1260.0
