comms_cons: 8.954918400046328
finished_reconf: true
global_termination_time: 84189.012
local_termination_time: 14159.708359999999
node_cons: 1694.54650447974
tot_aggregated_send: 406
tot_msg_rcv: 254
tot_msg_sent: 702
tot_reconf_duration: 5.43
tot_sleeping_duration: 82928.9876800002
tot_uptimes: 22
tot_uptimes_duration: 1260.0243199998076
