comms_cons: 51.02293760084983
finished_reconf: true
global_termination_time: 494151.81424000015
local_termination_time: 186636.60848000005
node_cons: 10167.997713845936
tot_aggregated_send: 5626
tot_msg_rcv: 776
tot_msg_sent: 1353
tot_reconf_duration: 18.21
tot_sleeping_duration: 486576.5576799957
tot_uptimes: 127
tot_uptimes_duration: 7575.256560004433
