comms_cons: 454.7507325954111
finished_reconf: true
global_termination_time: 939542.3355999998
local_termination_time: 939542.2944799998
node_cons: 57183.22238707429
tot_aggregated_send: 0
tot_msg_rcv: 27886
tot_msg_sent: 41232
tot_reconf_duration: 24.59
tot_sleeping_duration: 896861.3578800033
tot_uptimes: 701
tot_uptimes_duration: 42680.97771999642
