comms_cons: 94.63521279585225
finished_reconf: true
global_termination_time: 939543.0758399998
local_termination_time: 40454.61160000001
node_cons: 19338.46395111949
tot_aggregated_send: 12992
tot_msg_rcv: 473
tot_msg_sent: 919
tot_reconf_duration: 22.65
tot_sleeping_duration: 925123.5797600002
tot_uptimes: 241
tot_uptimes_duration: 14419.496079999604
