comms_cons: 94.7811263943646
finished_reconf: true
global_termination_time: 940747.195
local_termination_time: 129748.73587999975
node_cons: 19290.074986114076
tot_aggregated_send: 12934
tot_msg_rcv: 483
tot_msg_sent: 988
tot_reconf_duration: 6.22
tot_sleeping_duration: 926347.1739200044
tot_uptimes: 241
tot_uptimes_duration: 14400.021079995553
