comms_cons: 1.7171711999943267
finished_reconf: true
global_termination_time: 11248.92
local_termination_time: 5469.793360000001
node_cons: 169.2082400000009
tot_aggregated_send: 0
tot_msg_rcv: 146
tot_msg_sent: 113
tot_reconf_duration: 6.279999999999999
tot_sleeping_duration: 11128.92
tot_uptimes: 3
tot_uptimes_duration: 120.0
