comms_cons: 21.08696319995374
finished_reconf: true
global_termination_time: 10569.733240000003
local_termination_time: 2344.9530400000012
node_cons: 3142.9900576000186
tot_aggregated_send: 0
tot_msg_rcv: 1583
tot_msg_sent: 1621
tot_reconf_duration: 6.22
tot_sleeping_duration: 8228.774839999991
tot_uptimes: 36
tot_uptimes_duration: 2340.9584000000127
