comms_cons: 1.4474239999952185
finished_reconf: true
global_termination_time: 12930.023
local_termination_time: 5810.709360000001
node_cons: 266.414600000001
tot_aggregated_send: 0
tot_msg_rcv: 119
tot_msg_sent: 101
tot_reconf_duration: 18.700000000000003
tot_sleeping_duration: 12750.023
tot_uptimes: 4
tot_uptimes_duration: 180.0
