comms_cons: 2029.6609892580022
finished_reconf: true
global_termination_time: 5121322.915
local_termination_time: 1612325.9469199993
node_cons: 310190.8244531972
tot_aggregated_send: 0
tot_msg_rcv: 124857
tot_msg_sent: 183641
tot_reconf_duration: 6.22
tot_sleeping_duration: 4889670.653840035
tot_uptimes: 3793
tot_uptimes_duration: 231652.26115996428
