comms_cons: 332.50453119382365
finished_reconf: true
global_termination_time: 3397428.097
local_termination_time: 1949210.18836
node_cons: 69916.65614334968
tot_aggregated_send: 47038
tot_msg_rcv: 1089
tot_msg_sent: 2412
tot_reconf_duration: 15.34
tot_sleeping_duration: 3345228.078760007
tot_uptimes: 871
tot_uptimes_duration: 52200.01823999337
