comms_cons: 472.28922870556784
finished_reconf: true
global_termination_time: 3398009.75
local_termination_time: 2087023.4533599997
node_cons: 69902.7583644659
tot_aggregated_send: 0
tot_msg_rcv: 36290
tot_msg_sent: 35493
tot_reconf_duration: 5.1
tot_sleeping_duration: 3345809.725680009
tot_uptimes: 871
tot_uptimes_duration: 52200.02431999077
