comms_cons: 330.9337599919768
finished_reconf: true
global_termination_time: 3399227.711
local_termination_time: 2144119.909599998
node_cons: 69901.20905686336
tot_aggregated_send: 47038
tot_msg_rcv: 1105
tot_msg_sent: 2157
tot_reconf_duration: 3.08
tot_sleeping_duration: 3347026.7950800117
tot_uptimes: 871
tot_uptimes_duration: 52200.91591998865
