comms_cons: 337.7885952097274
finished_reconf: true
global_termination_time: 3400173.209
local_termination_time: 1580672.3495199983
node_cons: 69908.20394446624
tot_aggregated_send: 47850
tot_msg_rcv: 1342
tot_msg_sent: 2150
tot_reconf_duration: 9.11
tot_sleeping_duration: 3347973.184680009
tot_uptimes: 871
tot_uptimes_duration: 52200.02431999077
