comms_cons: 343.26423045166246
finished_reconf: true
global_termination_time: 3398779.668
local_termination_time: 94816.52735999998
node_cons: 69926.6726756406
tot_aggregated_send: 46922
tot_msg_rcv: 1718
tot_msg_sent: 3534
tot_reconf_duration: 22.65
tot_sleeping_duration: 3346579.582880028
tot_uptimes: 871
tot_uptimes_duration: 52200.085119971714
