comms_cons: 345.5318016400002
finished_reconf: true
global_termination_time: 3397870.345
local_termination_time: 481783.44488000043
node_cons: 69902.4459556406
tot_aggregated_send: 46516
tot_msg_rcv: 2044
tot_msg_sent: 3957
tot_reconf_duration: 4.8100000000000005
tot_sleeping_duration: 3345670.2598800287
tot_uptimes: 871
tot_uptimes_duration: 52200.085119971714
