comms_cons: 338.6457408044434
finished_reconf: true
global_termination_time: 3398878.655
local_termination_time: 1820087.68536
node_cons: 69911.19968558301
tot_aggregated_send: 47212
tot_msg_rcv: 1459
tot_msg_sent: 2801
tot_reconf_duration: 11.31
tot_sleeping_duration: 3346678.6246000114
tot_uptimes: 871
tot_uptimes_duration: 52200.030399988405
