comms_cons: 41.70617600058135
finished_reconf: true
global_termination_time: 412023.677
local_termination_time: 54368.091
node_cons: 8456.539861119156
tot_aggregated_send: 5320
tot_msg_rcv: 264
tot_msg_sent: 755
tot_reconf_duration: 15.34
tot_sleeping_duration: 405723.67092000064
tot_uptimes: 106
tot_uptimes_duration: 6300.006079999366
