comms_cons: 67.42266879864425
finished_reconf: true
global_termination_time: 661066.8754799998
local_termination_time: 661066.8343599999
node_cons: 13629.236083198664
tot_aggregated_send: 8976
tot_msg_rcv: 445
tot_msg_sent: 826
tot_reconf_duration: 24.59
tot_sleeping_duration: 650913.1466800008
tot_uptimes: 170
tot_uptimes_duration: 10153.728799998979
