comms_cons: 129.89875198251528
finished_reconf: true
global_termination_time: 664918.757
local_termination_time: 507189.71836000006
node_cons: 13664.331980000017
tot_aggregated_send: 0
tot_msg_rcv: 9886
tot_msg_sent: 9857
tot_reconf_duration: 4.8100000000000005
tot_sleeping_duration: 654718.757
tot_uptimes: 171
tot_uptimes_duration: 10200.0
