comms_cons: 674.7953531368041
finished_reconf: true
global_termination_time: 1821600.088
local_termination_time: 736532.4124799998
node_cons: 110398.33410804938
tot_aggregated_send: 0
tot_msg_rcv: 41474
tot_msg_sent: 61092
tot_reconf_duration: 18.21
tot_sleeping_duration: 1739170.2112800207
tot_uptimes: 1354
tot_uptimes_duration: 82429.87671997948
