comms_cons: 277.8910014097332
finished_reconf: true
global_termination_time: 1824858.614
local_termination_time: 741016.1143599999
node_cons: 37525.35268558408
tot_aggregated_send: 0
tot_msg_rcv: 21463
tot_msg_sent: 20777
tot_reconf_duration: 4.8100000000000005
tot_sleeping_duration: 1796838.583600012
tot_uptimes: 468
tot_uptimes_duration: 28020.030399988173
