comms_cons: 180.2330303859674
finished_reconf: true
global_termination_time: 1821655.954
local_termination_time: 789454.2345999989
node_cons: 37449.083983350436
tot_aggregated_send: 24650
tot_msg_rcv: 928
tot_msg_sent: 1816
tot_reconf_duration: 7.819999999999999
tot_sleeping_duration: 1793695.935760007
tot_uptimes: 467
tot_uptimes_duration: 27960.018239992904
