comms_cons: 178.71080959299482
finished_reconf: true
global_termination_time: 1825354.511
local_termination_time: 1250428.4963599998
node_cons: 37526.15393999976
tot_aggregated_send: 26274
tot_msg_rcv: 312
tot_msg_sent: 577
tot_reconf_duration: 5.43
tot_sleeping_duration: 1797334.511
tot_uptimes: 468
tot_uptimes_duration: 28020.0
