comms_cons: 183.64611838720091
finished_reconf: true
global_termination_time: 1836631.519
local_termination_time: 5583.433999999999
node_cons: 37789.322851188874
tot_aggregated_send: 25093
tot_msg_rcv: 889
tot_msg_sent: 1932
tot_reconf_duration: 21.68
tot_sleeping_duration: 1808431.4582000081
tot_uptimes: 471
tot_uptimes_duration: 28200.060799991814
