comms_cons: 172.11663358529762
finished_reconf: true
global_termination_time: 1833495.649
local_termination_time: 7332.734
node_cons: 37689.631316761515
tot_aggregated_send: 23772
tot_msg_rcv: 845
tot_msg_sent: 1543
tot_reconf_duration: 7.3999999999999995
tot_sleeping_duration: 1805355.5578000285
tot_uptimes: 470
tot_uptimes_duration: 28140.091199971386
