comms_cons: 30.343270400426615
finished_reconf: true
global_termination_time: 305228.004
local_termination_time: 27642.35828
node_cons: 6272.4897611214365
tot_aggregated_send: 4234
tot_msg_rcv: 91
tot_msg_sent: 287
tot_reconf_duration: 4.390000000000001
tot_sleeping_duration: 300547.99791999895
tot_uptimes: 79
tot_uptimes_duration: 4680.006080001069
