comms_cons: 79.22486400844522
finished_reconf: true
global_termination_time: 359782.19460000016
local_termination_time: 2767.32736
node_cons: 7436.659880733714
tot_aggregated_send: 0
tot_msg_rcv: 6649
tot_msg_sent: 5388
tot_reconf_duration: 18.21
tot_sleeping_duration: 354246.7721199899
tot_uptimes: 93
tot_uptimes_duration: 5535.422480010238
