comms_cons: 37.386144000476236
finished_reconf: true
global_termination_time: 365932.748
local_termination_time: 41851.95444000014
node_cons: 7511.597879281632
tot_aggregated_send: 4930
tot_msg_rcv: 307
tot_msg_sent: 446
tot_reconf_duration: 25.299999999999997
tot_sleeping_duration: 360348.5504799988
tot_uptimes: 94
tot_uptimes_duration: 5584.197520001209
