comms_cons: 37.57235840028083
finished_reconf: true
global_termination_time: 364152.432
local_termination_time: 232576.6493200002
node_cons: 7489.513001121457
tot_aggregated_send: 4930
tot_msg_rcv: 326
tot_msg_sent: 454
tot_reconf_duration: 13.17
tot_sleeping_duration: 358572.4259199989
tot_uptimes: 94
tot_uptimes_duration: 5580.006080001069
