comms_cons: 72.32285440836853
finished_reconf: true
global_termination_time: 363566.623
local_termination_time: 1902.3684800000026
node_cons: 7502.38684112144
tot_aggregated_send: 0
tot_msg_rcv: 5613
tot_msg_sent: 5378
tot_reconf_duration: 22.65
tot_sleeping_duration: 357986.61691999895
tot_uptimes: 94
tot_uptimes_duration: 5580.006080001069
