comms_cons: 36.38955520051928
finished_reconf: true
global_termination_time: 361632.066
local_termination_time: 325360.44236000004
node_cons: 7404.072359999987
tot_aggregated_send: 4930
tot_msg_rcv: 203
tot_msg_sent: 398
tot_reconf_duration: 9.42
tot_sleeping_duration: 356112.066
tot_uptimes: 93
tot_uptimes_duration: 5520.0
