comms_cons: 36.83756800065477
finished_reconf: true
global_termination_time: 360319.102
local_termination_time: 64740.182760000185
node_cons: 7397.2579022406
tot_aggregated_send: 4756
tot_msg_rcv: 265
tot_msg_sent: 578
tot_reconf_duration: 4.390000000000001
tot_sleeping_duration: 354799.08983999956
tot_uptimes: 93
tot_uptimes_duration: 5520.012160000435
