comms_cons: 45.442534400936026
finished_reconf: true
global_termination_time: 445697.69112000056
local_termination_time: 75583.73427999979
node_cons: 9216.761961680782
tot_aggregated_send: 6090
tot_msg_rcv: 271
tot_msg_sent: 546
tot_reconf_duration: 4.8100000000000005
tot_sleeping_duration: 438819.252
tot_uptimes: 115
tot_uptimes_duration: 6878.4391200005775
