comms_cons: 94.26362879699647
finished_reconf: true
global_termination_time: 926208.361
local_termination_time: 13905.351600000002
node_cons: 19074.969964474276
tot_aggregated_send: 12644
tot_msg_rcv: 593
tot_msg_sent: 1092
tot_reconf_duration: 25.299999999999997
tot_sleeping_duration: 911988.3366800043
tot_uptimes: 238
tot_uptimes_duration: 14220.024319995704
