comms_cons: 94.29967359634357
finished_reconf: true
global_termination_time: 925750.363
local_termination_time: 294678.4630400003
node_cons: 19047.97836335971
tot_aggregated_send: 12354
tot_msg_rcv: 702
tot_msg_sent: 1277
tot_reconf_duration: 5.43
tot_sleeping_duration: 911530.3447600002
tot_uptimes: 238
tot_uptimes_duration: 14220.018239999772
