comms_cons: 2.2698239999967202
finished_reconf: true
global_termination_time: 14533.713
local_termination_time: 7234.7083600000005
node_cons: 261.5393800000008
tot_aggregated_send: 0
tot_msg_rcv: 182
tot_msg_sent: 162
tot_reconf_duration: 15.110000000000001
tot_sleeping_duration: 14353.713
tot_uptimes: 4
tot_uptimes_duration: 180.0
