comms_cons: 2.289561599996655
finished_reconf: true
global_termination_time: 18551.045
local_termination_time: 7471.84436
node_cons: 336.23009999999977
tot_aggregated_send: 0
tot_msg_rcv: 181
tot_msg_sent: 167
tot_reconf_duration: 10.95
tot_sleeping_duration: 18311.045
tot_uptimes: 5
tot_uptimes_duration: 240.0
