comms_cons: 125.09283839569947
finished_reconf: true
global_termination_time: 608211.8085999998
local_termination_time: 608211.7674799998
node_cons: 12504.563707368918
tot_aggregated_send: 0
tot_msg_rcv: 10003
tot_msg_sent: 9009
tot_reconf_duration: 24.59
tot_sleeping_duration: 598898.0143599932
tot_uptimes: 156
tot_uptimes_duration: 9313.794240006639
