comms_cons: 176.9034111935906
finished_reconf: true
global_termination_time: 608212.4085999998
local_termination_time: 3058.551040000001
node_cons: 24798.913203399712
tot_aggregated_send: 0
tot_msg_rcv: 9005
tot_msg_sent: 17882
tot_reconf_duration: 4.390000000000001
tot_sleeping_duration: 589696.3880000002
tot_uptimes: 307
tot_uptimes_duration: 18516.020599999756
