comms_cons: 206.38611202722348
finished_reconf: true
global_termination_time: 426819.8566400004
local_termination_time: 426819.8155200004
node_cons: 25902.208850880834
tot_aggregated_send: 0
tot_msg_rcv: 12712
tot_msg_sent: 18657
tot_reconf_duration: 37.410000000000004
tot_sleeping_duration: 407513.3547199998
tot_uptimes: 318
tot_uptimes_duration: 19306.501920000585
