comms_cons: 43.797734400392464
finished_reconf: true
global_termination_time: 427906.842
local_termination_time: 65711.11947999995
node_cons: 8791.441823362007
tot_aggregated_send: 5684
tot_msg_rcv: 354
tot_msg_sent: 619
tot_reconf_duration: 25.299999999999997
tot_sleeping_duration: 421366.8237599985
tot_uptimes: 110
tot_uptimes_duration: 6540.018240001504
