comms_cons: 43.751680000786884
finished_reconf: true
global_termination_time: 428009.223
local_termination_time: 17458.16348
node_cons: 8763.021620000009
tot_aggregated_send: 5626
tot_msg_rcv: 331
tot_msg_sent: 693
tot_reconf_duration: 4.390000000000001
tot_sleeping_duration: 421469.223
tot_uptimes: 110
tot_uptimes_duration: 6539.999999999999
