comms_cons: 43.38759040075321
finished_reconf: true
global_termination_time: 428460.288
local_termination_time: 24877.431320000003
node_cons: 8764.433940000012
tot_aggregated_send: 5858
tot_msg_rcv: 277
tot_msg_sent: 459
tot_reconf_duration: 5.43
tot_sleeping_duration: 421920.288
tot_uptimes: 110
tot_uptimes_duration: 6540.0
