comms_cons: 56.9561344007698
finished_reconf: true
global_termination_time: 572342.361
local_termination_time: 390056.94244000025
node_cons: 11760.398700000049
tot_aggregated_send: 8120
tot_msg_rcv: 210
tot_msg_sent: 327
tot_reconf_duration: 22.65
tot_sleeping_duration: 563582.361
tot_uptimes: 147
tot_uptimes_duration: 8760.0
