comms_cons: 12.489670399788356
finished_reconf: true
global_termination_time: 88562.782
local_termination_time: 27399.18248
node_cons: 1792.2661678391896
tot_aggregated_send: 406
tot_msg_rcv: 628
tot_msg_sent: 866
tot_reconf_duration: 18.21
tot_sleeping_duration: 87242.73944000062
tot_uptimes: 23
tot_uptimes_duration: 1320.042559999396
