comms_cons: 14.026092799961617
finished_reconf: true
global_termination_time: 87988.244
local_termination_time: 1504.9244000000015
node_cons: 1788.3768489594847
tot_aggregated_send: 348
tot_msg_rcv: 850
tot_msg_sent: 935
tot_reconf_duration: 15.34
tot_sleeping_duration: 86668.19536000039
tot_uptimes: 23
tot_uptimes_duration: 1320.0486399996153
