comms_cons: 10.639820800093869
finished_reconf: true
global_termination_time: 88190.962
local_termination_time: 45410.02736000001
node_cons: 1771.6870633608662
tot_aggregated_send: 580
tot_msg_rcv: 348
tot_msg_sent: 690
tot_reconf_duration: 3.08
tot_sleeping_duration: 86870.94375999934
tot_uptimes: 23
tot_uptimes_duration: 1320.0182400006524
