comms_cons: 13.866419199920507
finished_reconf: true
global_termination_time: 89045.729
local_termination_time: 16858.424000000003
node_cons: 1773.4904667203236
tot_aggregated_send: 232
tot_msg_rcv: 818
tot_msg_sent: 1057
tot_reconf_duration: 4.390000000000001
tot_sleeping_duration: 87725.69251999976
tot_uptimes: 23
tot_uptimes_duration: 1320.0364800002426
