comms_cons: 12.087871999749858
finished_reconf: true
global_termination_time: 88123.554
local_termination_time: 1497.5166000000045
node_cons: 1778.1484067188994
tot_aggregated_send: 522
tot_msg_rcv: 557
tot_msg_sent: 759
tot_reconf_duration: 7.819999999999999
tot_sleeping_duration: 86803.51752000082
tot_uptimes: 23
tot_uptimes_duration: 1320.0364799991785
