comms_cons: 853.476308809703
finished_reconf: true
global_termination_time: 4333879.168
local_termination_time: 2892394.06544
node_cons: 89127.82684111463
tot_aggregated_send: 0
tot_msg_rcv: 65416
tot_msg_sent: 64305
tot_reconf_duration: 22.65
tot_sleeping_duration: 4267339.161920002
tot_uptimes: 1110
tot_uptimes_duration: 66540.00607999787
