comms_cons: 436.3087424734184
finished_reconf: true
global_termination_time: 4336285.51
local_termination_time: 378381.82836000004
node_cons: 89195.39069451821
tot_aggregated_send: 60552
tot_msg_rcv: 1932
tot_msg_sent: 3833
tot_reconf_duration: 13.17
tot_sleeping_duration: 4269685.430960029
tot_uptimes: 1111
tot_uptimes_duration: 66600.07903997059
