comms_cons: 438.110752089393
finished_reconf: true
global_termination_time: 4333727.901
local_termination_time: 1083709.9863199997
node_cons: 89101.34847451873
tot_aggregated_send: 59798
tot_msg_rcv: 2252
tot_msg_sent: 4538
tot_reconf_duration: 3.08
tot_sleeping_duration: 4267187.821960028
tot_uptimes: 1110
tot_uptimes_duration: 66540.07903997088
