comms_cons: 437.39553289545506
finished_reconf: true
global_termination_time: 4335697.971
local_termination_time: 1582792.4420799997
node_cons: 89194.60852781685
tot_aggregated_send: 60262
tot_msg_rcv: 2103
tot_msg_sent: 4116
tot_reconf_duration: 12.629999999999999
tot_sleeping_duration: 4269097.928440016
tot_uptimes: 1111
tot_uptimes_duration: 66600.04255998437
