comms_cons: 85.70065919991656
finished_reconf: true
global_termination_time: 851914.67
local_termination_time: 93999.06087999976
node_cons: 17524.75584224282
tot_aggregated_send: 11890
tot_msg_rcv: 381
tot_msg_sent: 755
tot_reconf_duration: 7.819999999999999
tot_sleeping_duration: 838834.6578399979
tot_uptimes: 219
tot_uptimes_duration: 13080.01216000208
