comms_cons: 57.28509439962413
finished_reconf: true
global_termination_time: 580722.09
local_termination_time: 317167.06852000044
node_cons: 11894.46190000008
tot_aggregated_send: 8352
tot_msg_rcv: 125
tot_msg_sent: 230
tot_reconf_duration: 3.05
tot_sleeping_duration: 571842.09
tot_uptimes: 149
tot_uptimes_duration: 8880.0
