comms_cons: 168.70652160253894
finished_reconf: true
global_termination_time: 574370.8007199988
local_termination_time: 574370.7595999988
node_cons: 23666.586289199804
tot_aggregated_send: 0
tot_msg_rcv: 8588
tot_msg_sent: 17052
tot_reconf_duration: 24.59
tot_sleeping_duration: 556720.917919999
tot_uptimes: 292
tot_uptimes_duration: 17649.882799999818
