comms_cons: 158.8235648138411
finished_reconf: true
global_termination_time: 543208.9251599993
local_termination_time: 543208.8840399993
node_cons: 22221.337003238932
tot_aggregated_send: 0
tot_msg_rcv: 8148
tot_msg_sent: 15991
tot_reconf_duration: 37.410000000000004
tot_sleeping_duration: 526651.3940000001
tot_uptimes: 274
tot_uptimes_duration: 16557.53115999917
