comms_cons: 54.148070400195486
finished_reconf: true
global_termination_time: 545950.028
local_termination_time: 10517.207600000002
node_cons: 11171.442640000094
tot_aggregated_send: 7714
tot_msg_rcv: 170
tot_msg_sent: 346
tot_reconf_duration: 3.08
tot_sleeping_duration: 537610.028
tot_uptimes: 140
tot_uptimes_duration: 8340.000000000058
