comms_cons: 53.44284160025373
finished_reconf: true
global_termination_time: 544840.471
local_termination_time: 240616.73448000007
node_cons: 11182.618980000012
tot_aggregated_send: 7946
tot_msg_rcv: 71
tot_msg_sent: 106
tot_reconf_duration: 11.31
tot_sleeping_duration: 536500.471
tot_uptimes: 140
tot_uptimes_duration: 8340.0
