comms_cons: 108.85465600852051
finished_reconf: true
global_termination_time: 553632.917
local_termination_time: 436181.9177200001
node_cons: 11358.714982242911
tot_aggregated_send: 0
tot_msg_rcv: 8378
tot_msg_sent: 8166
tot_reconf_duration: 22.65
tot_sleeping_duration: 545172.9048399979
tot_uptimes: 142
tot_uptimes_duration: 8460.012160002138
