comms_cons: 54.983001600435095
finished_reconf: true
global_termination_time: 553735.466
local_termination_time: 394594.08836
node_cons: 11333.909761121377
tot_aggregated_send: 7772
tot_msg_rcv: 181
tot_msg_sent: 406
tot_reconf_duration: 4.390000000000001
tot_sleeping_duration: 545275.4599199989
tot_uptimes: 142
tot_uptimes_duration: 8460.006080001061
