comms_cons: 88.78035199434848
finished_reconf: true
global_termination_time: 855631.438
local_termination_time: 253249.393
node_cons: 17604.692840566764
tot_aggregated_send: 11192
tot_msg_rcv: 867
tot_msg_sent: 1435
tot_reconf_duration: 6.279999999999999
tot_sleeping_duration: 842490.164959995
tot_uptimes: 220
tot_uptimes_duration: 13141.273040005035
