comms_cons: 85.97026559752956
finished_reconf: true
global_termination_time: 858732.378
local_termination_time: 53824.468360000006
node_cons: 17598.72405119711
tot_aggregated_send: 11310
tot_msg_rcv: 582
tot_msg_sent: 1175
tot_reconf_duration: 3.08
tot_sleeping_duration: 845592.3172000023
tot_uptimes: 220
tot_uptimes_duration: 13140.060799997831
