comms_cons: 86.95044479598872
finished_reconf: true
global_termination_time: 858571.44
local_termination_time: 437758.38036
node_cons: 17610.660905593337
tot_aggregated_send: 11658
tot_msg_rcv: 518
tot_msg_sent: 1040
tot_reconf_duration: 11.899999999999999
tot_sleeping_duration: 845431.4096000049
tot_uptimes: 220
tot_uptimes_duration: 13140.030399995041
