comms_cons: 86.9704447974084
finished_reconf: true
global_termination_time: 856601.872
local_termination_time: 528294.9954399996
node_cons: 17605.12026560267
tot_aggregated_send: 11600
tot_msg_rcv: 575
tot_msg_sent: 1044
tot_reconf_duration: 7.819999999999999
tot_sleeping_duration: 843461.8415999981
tot_uptimes: 220
tot_uptimes_duration: 13140.03040000191
