comms_cons: 181.901721590611
finished_reconf: true
global_termination_time: 1825150.734
local_termination_time: 278239.94836000004
node_cons: 37531.15137999983
tot_aggregated_send: 25984
tot_msg_rcv: 570
tot_msg_sent: 1094
tot_reconf_duration: 9.11
tot_sleeping_duration: 1797130.734
tot_uptimes: 468
tot_uptimes_duration: 28020.0
