comms_cons: 179.7641087939822
finished_reconf: true
global_termination_time: 1825138.672
local_termination_time: 1153518.37636
node_cons: 37533.65824111693
tot_aggregated_send: 26448
tot_msg_rcv: 296
tot_msg_sent: 579
tot_reconf_duration: 10.95
tot_sleeping_duration: 1797118.6659200024
tot_uptimes: 468
tot_uptimes_duration: 28020.006079997635
