comms_cons: 187.98055677448403
finished_reconf: true
global_termination_time: 1822220.8382400004
local_termination_time: 5622.676880000002
node_cons: 37512.253356122026
tot_aggregated_send: 24244
tot_msg_rcv: 1639
tot_msg_sent: 2689
tot_reconf_duration: 4.390000000000001
tot_sleeping_duration: 1794210.1648000285
tot_uptimes: 467
tot_uptimes_duration: 28010.673439971753
