comms_cons: 97.39847679833503
finished_reconf: true
global_termination_time: 982902.657
local_termination_time: 337953.67336
node_cons: 20173.86823999999
tot_aggregated_send: 14152
tot_msg_rcv: 251
tot_msg_sent: 401
tot_reconf_duration: 6.279999999999999
tot_sleeping_duration: 967842.657
tot_uptimes: 252
tot_uptimes_duration: 15060.0
