comms_cons: 102.11701759171109
finished_reconf: true
global_termination_time: 981369.658
local_termination_time: 17238.944480000002
node_cons: 20196.171970063893
tot_aggregated_send: 12586
tot_msg_rcv: 970
tot_msg_sent: 1965
tot_reconf_duration: 22.65
tot_sleeping_duration: 966309.603280012
tot_uptimes: 252
tot_uptimes_duration: 15060.054719987951
