comms_cons: 48.57447679986759
finished_reconf: true
global_termination_time: 11766.84524000001
local_termination_time: 1742.9574800000025
node_cons: 5074.230580320071
tot_aggregated_send: 0
tot_msg_rcv: 3840
tot_msg_sent: 3542
tot_reconf_duration: 18.21
tot_sleeping_duration: 7995.746359999958
tot_uptimes: 53
tot_uptimes_duration: 3771.098880000051
