comms_cons: 1.4768127999984357
finished_reconf: true
global_termination_time: 14519.879
local_termination_time: 5859.896360000001
node_cons: 261.5393800000008
tot_aggregated_send: 0
tot_msg_rcv: 120
tot_msg_sent: 104
tot_reconf_duration: 15.110000000000001
tot_sleeping_duration: 14339.879
tot_uptimes: 4
tot_uptimes_duration: 180.0
