comms_cons: 2.2435071999948435
finished_reconf: true
global_termination_time: 12017.622
local_termination_time: 6437.264360000001
node_cons: 257.18020000000195
tot_aggregated_send: 0
tot_msg_rcv: 177
tot_msg_sent: 163
tot_reconf_duration: 11.899999999999999
tot_sleeping_duration: 11837.622
tot_uptimes: 4
tot_uptimes_duration: 180.0000000000009
