comms_cons: 171.4605311889106
finished_reconf: true
global_termination_time: 1713743.161
local_termination_time: 478338.92824000097
node_cons: 35229.568068945424
tot_aggregated_send: 23722
tot_msg_rcv: 760
tot_msg_sent: 1579
tot_reconf_duration: 18.21
tot_sleeping_duration: 1687451.272360011
tot_uptimes: 439
tot_uptimes_duration: 26291.888639989134
