comms_cons: 168.29593599334228
finished_reconf: true
global_termination_time: 1710034.635
local_termination_time: 1229652.191279998
node_cons: 35115.50579999976
tot_aggregated_send: 24650
tot_msg_rcv: 238
tot_msg_sent: 692
tot_reconf_duration: 5.1
tot_sleeping_duration: 1683814.635
tot_uptimes: 438
tot_uptimes_duration: 26220.0
