comms_cons: 496.4138556100905
finished_reconf: true
global_termination_time: 1708364.9375999998
local_termination_time: 1708364.8964799999
node_cons: 69498.82870051502
tot_aggregated_send: 0
tot_msg_rcv: 25358
tot_msg_sent: 50094
tot_reconf_duration: 37.410000000000004
tot_sleeping_duration: 1656499.3469200025
tot_uptimes: 857
tot_uptimes_duration: 51865.59067999738
