comms_cons: 282.4112704146007
finished_reconf: false
global_termination_time: 2808941.471
local_termination_time: 0
node_cons: 57844.8081411158
tot_aggregated_send: 39150
tot_msg_rcv: 1163
tot_msg_sent: 2611
tot_reconf_duration: 0
tot_sleeping_duration: 2765741.464920002
tot_uptimes: 720
tot_uptimes_duration: 43200.006079997635
