comms_cons: 70.02145279942667
finished_reconf: true
global_termination_time: 693530.265
local_termination_time: 345413.8641200005
node_cons: 14224.321900000084
tot_aggregated_send: 9686
tot_msg_rcv: 378
tot_msg_sent: 578
tot_reconf_duration: 3.05
tot_sleeping_duration: 682910.265
tot_uptimes: 178
tot_uptimes_duration: 10620.0
