comms_cons: 111.26085119911045
finished_reconf: true
global_termination_time: 1146154.624
local_termination_time: 770915.95536
node_cons: 23548.07490112159
tot_aggregated_send: 16008
tot_msg_rcv: 255
tot_msg_sent: 648
tot_reconf_duration: 6.22
tot_sleeping_duration: 1128574.617919999
tot_uptimes: 294
tot_uptimes_duration: 17580.00608000107
