comms_cons: 160.21278714879193
finished_reconf: true
global_termination_time: 804487.652
local_termination_time: 169.38248000000004
node_cons: 16574.78546223369
tot_aggregated_send: 0
tot_msg_rcv: 12406
tot_msg_sent: 11943
tot_reconf_duration: 18.21
tot_sleeping_duration: 792127.6398400047
tot_uptimes: 207
tot_uptimes_duration: 12360.012159995269
