comms_cons: 83.86021119643353
finished_reconf: true
global_termination_time: 803316.828
local_termination_time: 438080.44236000004
node_cons: 16473.931486710237
tot_aggregated_send: 10556
tot_msg_rcv: 847
tot_msg_sent: 1342
tot_reconf_duration: 3.08
tot_sleeping_duration: 791016.7915200073
tot_uptimes: 206
tot_uptimes_duration: 12300.036479992676
