comms_cons: 82.04067839509096
finished_reconf: true
global_termination_time: 807331.699
local_termination_time: 617942.7573599989
node_cons: 16562.848642233745
tot_aggregated_send: 10846
tot_msg_rcv: 526
tot_msg_sent: 1097
tot_reconf_duration: 9.42
tot_sleeping_duration: 794971.6868400048
tot_uptimes: 207
tot_uptimes_duration: 12360.012159995269
