comms_cons: 82.91170559696039
finished_reconf: true
global_termination_time: 802972.927
local_termination_time: 168630.77636000008
node_cons: 16475.686043359718
tot_aggregated_send: 10730
tot_msg_rcv: 710
tot_msg_sent: 1163
tot_reconf_duration: 4.390000000000001
tot_sleeping_duration: 790672.9087600003
tot_uptimes: 206
tot_uptimes_duration: 12300.018239999757
