comms_cons: 105.7004543940128
finished_reconf: true
global_termination_time: 1048667.822
local_termination_time: 236912.81112000046
node_cons: 21561.91126448115
tot_aggregated_send: 14442
tot_msg_rcv: 536
tot_msg_sent: 1087
tot_reconf_duration: 22.65
tot_sleeping_duration: 1032587.797679999
tot_uptimes: 269
tot_uptimes_duration: 16080.02432000084
