comms_cons: 0.13158399999956602
finished_reconf: true
global_termination_time: 2988.1989600000024
local_termination_time: 2974.8633600000003
node_cons: 30.304567440003716
tot_aggregated_send: 0
tot_msg_rcv: 11
tot_msg_sent: 8
tot_reconf_duration: 3.05
tot_sleeping_duration: 2968.66
tot_uptimes: 1
tot_uptimes_duration: 19.53896000000259
