comms_cons: 1946.5116470263863
finished_reconf: true
global_termination_time: 6678200.67868
local_termination_time: 6678200.63756
node_cons: 272582.89894359326
tot_aggregated_send: 0
tot_msg_rcv: 99186
tot_msg_sent: 196671
tot_reconf_duration: 37.410000000000004
tot_sleeping_duration: 6474666.6262799995
tot_uptimes: 3365
tot_uptimes_duration: 203534.05239999987
