comms_cons: 1317.9566692741887
finished_reconf: true
global_termination_time: 6678201.278679998
local_termination_time: 2870.48948
node_cons: 137439.39808110177
tot_aggregated_send: 0
tot_msg_rcv: 101129
tot_msg_sent: 99188
tot_reconf_duration: 18.21
tot_sleeping_duration: 6575576.432600008
tot_uptimes: 1711
tot_uptimes_duration: 102624.84607998974
