comms_cons: 660.2562433055781
finished_reconf: true
global_termination_time: 6682147.244
local_termination_time: 2546829.15936
node_cons: 137468.7309289325
tot_aggregated_send: 93032
tot_msg_rcv: 2327
tot_msg_sent: 4997
tot_reconf_duration: 5.1
tot_sleeping_duration: 6579487.195360017
tot_uptimes: 1712
tot_uptimes_duration: 102660.0486399827
