comms_cons: 656.9818241212371
finished_reconf: true
global_termination_time: 6680723.523
local_termination_time: 3913213.292759998
node_cons: 137402.7132591012
tot_aggregated_send: 92684
tot_msg_rcv: 2530
tot_msg_sent: 4644
tot_reconf_duration: 12.629999999999999
tot_sleeping_duration: 6578120.414920011
tot_uptimes: 1711
tot_uptimes_duration: 102603.10807998944
