comms_cons: 672.4803073532615
finished_reconf: true
global_termination_time: 6678752.881
local_termination_time: 822675.4561999997
node_cons: 137385.59888781497
tot_aggregated_send: 92510
tot_msg_rcv: 3294
tot_msg_sent: 6408
tot_reconf_duration: 3.05
tot_sleeping_duration: 6576152.838440016
tot_uptimes: 1711
tot_uptimes_duration: 102600.0425599846
