comms_cons: 363.527116818456
finished_reconf: true
global_termination_time: 3674605.292
local_termination_time: 533258.132119998
node_cons: 75605.97489005525
tot_aggregated_send: 51388
tot_msg_rcv: 1246
tot_msg_sent: 2620
tot_reconf_duration: 4.390000000000001
tot_sleeping_duration: 3618145.237280017
tot_uptimes: 942
tot_uptimes_duration: 56460.05471998284
