comms_cons: 15.619647999508134
finished_reconf: true
global_termination_time: 141922.455
local_termination_time: 1728.1851199999999
node_cons: 2897.677370075782
tot_aggregated_send: 0
tot_msg_rcv: 281
tot_msg_sent: 2093
tot_reconf_duration: 3.95
tot_sleeping_duration: 139762.40028000314
tot_uptimes: 37
tot_uptimes_duration: 2160.0547199968496
