comms_cons: 11.916185599448818
finished_reconf: true
global_termination_time: 140183.358
local_termination_time: 1941.56724
node_cons: 2815.7023656003166
tot_aggregated_send: 0
tot_msg_rcv: 429
tot_msg_sent: 1383
tot_reconf_duration: 2.77
tot_sleeping_duration: 138083.32759999976
tot_uptimes: 36
tot_uptimes_duration: 2100.030400000236
