comms_cons: 50.39009280077075
finished_reconf: true
global_termination_time: 491388.282
local_termination_time: 237835.53936000005
node_cons: 10049.03198000001
tot_aggregated_send: 6670
tot_msg_rcv: 413
tot_msg_sent: 576
tot_reconf_duration: 4.8100000000000005
tot_sleeping_duration: 483888.282
tot_uptimes: 126
tot_uptimes_duration: 7500.0
