comms_cons: 20.7179007999526
finished_reconf: true
global_termination_time: 206031.565
local_termination_time: 75535.29699999973
node_cons: 4184.6139411191625
tot_aggregated_send: 2668
tot_msg_rcv: 134
tot_msg_sent: 347
tot_reconf_duration: 5.1
tot_sleeping_duration: 202911.55892000065
tot_uptimes: 53
tot_uptimes_duration: 3120.006079999366
