comms_cons: 210.01731837221814
finished_reconf: true
global_termination_time: 2031635.485
local_termination_time: 293251.2733600001
node_cons: 41861.387734523145
tot_aggregated_send: 26912
tot_msg_rcv: 1687
tot_msg_sent: 3321
tot_reconf_duration: 3.05
tot_sleeping_duration: 2000375.4059600274
tot_uptimes: 521
tot_uptimes_duration: 31260.079039972683
