comms_cons: 208.1785151754728
finished_reconf: true
global_termination_time: 2031591.604
local_termination_time: 659562.3153599998
node_cons: 41872.572250051075
tot_aggregated_send: 27492
tot_msg_rcv: 1420
tot_msg_sent: 2729
tot_reconf_duration: 11.31
tot_sleeping_duration: 2000331.5492800213
tot_uptimes: 521
tot_uptimes_duration: 31260.05471997871
