comms_cons: 78.18835840053966
finished_reconf: true
global_termination_time: 780507.47124
local_termination_time: 264762.5151600008
node_cons: 16036.028850084618
tot_aggregated_send: 10672
tot_msg_rcv: 413
tot_msg_sent: 797
tot_reconf_duration: 18.21
tot_sleeping_duration: 768549.8165199966
tot_uptimes: 200
tot_uptimes_duration: 11957.654720003411
