comms_cons: 83.25834239777141
finished_reconf: true
global_termination_time: 806323.915
local_termination_time: 422888.2703600001
node_cons: 16580.83940560261
tot_aggregated_send: 10382
tot_msg_rcv: 774
tot_msg_sent: 1499
tot_reconf_duration: 22.65
tot_sleeping_duration: 793963.8845999981
tot_uptimes: 207
tot_uptimes_duration: 12360.03040000191
