comms_cons: 661.660460498167
finished_reconf: true
global_termination_time: 2269309.1615999998
local_termination_time: 2269309.1204799996
node_cons: 92712.23482550745
tot_aggregated_send: 0
tot_msg_rcv: 33710
tot_msg_sent: 66858
tot_reconf_duration: 37.410000000000004
tot_sleeping_duration: 2200107.195920007
tot_uptimes: 1148
tot_uptimes_duration: 69201.96567999269
