comms_cons: 230.26496637250278
finished_reconf: true
global_termination_time: 2269309.676119994
local_termination_time: 46056.77048000002
node_cons: 46722.881824192176
tot_aggregated_send: 30856
tot_msg_rcv: 1399
tot_msg_sent: 2744
tot_reconf_duration: 4.390000000000001
tot_sleeping_duration: 2234420.2659600293
tot_uptimes: 582
tot_uptimes_duration: 34889.41015996468
