comms_cons: 233.3066751854999
finished_reconf: true
global_termination_time: 2269780.564
local_termination_time: 302656.8448800009
node_cons: 46681.77959340643
tot_aggregated_send: 30160
tot_msg_rcv: 1944
tot_msg_sent: 3355
tot_reconf_duration: 3.05
tot_sleeping_duration: 2234920.4910400244
tot_uptimes: 582
tot_uptimes_duration: 34860.07295997528
