comms_cons: 226.57534717551314
finished_reconf: true
global_termination_time: 2271847.448
local_termination_time: 1155126.5973599998
node_cons: 46686.027465583575
tot_aggregated_send: 30334
tot_msg_rcv: 1456
tot_msg_sent: 2647
tot_reconf_duration: 6.22
tot_sleeping_duration: 2236987.4176000115
tot_uptimes: 582
tot_uptimes_duration: 34860.03039998817
