comms_cons: 233.11852158188782
finished_reconf: true
global_termination_time: 2271468.326
local_termination_time: 851357.103
node_cons: 46688.76393989875
tot_aggregated_send: 30622
tot_msg_rcv: 1782
tot_msg_sent: 3029
tot_reconf_duration: 5.43
tot_sleeping_duration: 2236605.4507200154
tot_uptimes: 582
tot_uptimes_duration: 34862.87527998461
