comms_cons: 210.92849269048733
finished_reconf: true
global_termination_time: 1053726.105
local_termination_time: 2820.79936
node_cons: 21619.056624476558
tot_aggregated_send: 0
tot_msg_rcv: 16441
tot_msg_sent: 15615
tot_reconf_duration: 5.57
tot_sleeping_duration: 1037586.0806800026
tot_uptimes: 270
tot_uptimes_duration: 16140.024319997407
