comms_cons: 108.35916799518681
finished_reconf: true
global_termination_time: 1056005.45
local_termination_time: 180657.59136000008
node_cons: 21709.73370672863
tot_aggregated_send: 14094
tot_msg_rcv: 814
tot_msg_sent: 1561
tot_reconf_duration: 13.17
tot_sleeping_duration: 1039805.4135199935
tot_uptimes: 271
tot_uptimes_duration: 16200.036480006413
