comms_cons: 106.69488639507205
finished_reconf: true
global_termination_time: 1056657.272
local_termination_time: 404080.0728000007
node_cons: 21712.335662238278
tot_aggregated_send: 14326
tot_msg_rcv: 691
tot_msg_sent: 1200
tot_reconf_duration: 15.110000000000001
tot_sleeping_duration: 1040457.2598400014
tot_uptimes: 271
tot_uptimes_duration: 16200.012159998703
