comms_cons: 14.586086400026868
finished_reconf: true
global_termination_time: 133324.238
local_termination_time: 19116.56532
node_cons: 2746.9271211202886
tot_aggregated_send: 1508
tot_msg_rcv: 310
tot_msg_sent: 399
tot_reconf_duration: 11.31
tot_sleeping_duration: 131284.23191999982
tot_uptimes: 35
tot_uptimes_duration: 2040.0060800002175
