comms_cons: 12.54778879980358
finished_reconf: true
global_termination_time: 83528.783
local_termination_time: 5209.791080000001
node_cons: 1691.3796278397656
tot_aggregated_send: 232
tot_msg_rcv: 732
tot_msg_sent: 945
tot_reconf_duration: 3.08
tot_sleeping_duration: 82268.74044000017
tot_uptimes: 22
tot_uptimes_duration: 1260.0425599998252
