comms_cons: 10.80962560006863
finished_reconf: true
global_termination_time: 83579.383
local_termination_time: 53270.69336000001
node_cons: 1699.5439444797432
tot_aggregated_send: 464
tot_msg_rcv: 436
tot_msg_sent: 743
tot_reconf_duration: 9.11
tot_sleeping_duration: 82319.3586800002
tot_uptimes: 22
tot_uptimes_duration: 1260.0243199998076
