comms_cons: 10.25102079995904
finished_reconf: true
global_termination_time: 85348.65
local_termination_time: 21281.036360000002
node_cons: 1717.9231233592823
tot_aggregated_send: 522
tot_msg_rcv: 388
tot_msg_sent: 648
tot_reconf_duration: 22.65
tot_sleeping_duration: 84088.63176000053
tot_uptimes: 22
tot_uptimes_duration: 1260.0182399994628
