comms_cons: 8.335846399837406
finished_reconf: true
global_termination_time: 82090.116
local_termination_time: 65977.68935999997
node_cons: 1697.759560000009
tot_aggregated_send: 870
tot_msg_rcv: 147
tot_msg_sent: 250
tot_reconf_duration: 7.819999999999999
tot_sleeping_duration: 80830.116
tot_uptimes: 22
tot_uptimes_duration: 1260.0
