comms_cons: 11.027366400026366
finished_reconf: true
global_termination_time: 80325.859
local_termination_time: 51557.431480000014
node_cons: 1622.1752622394367
tot_aggregated_send: 580
tot_msg_rcv: 517
tot_msg_sent: 579
tot_reconf_duration: 11.31
tot_sleeping_duration: 79125.84684000042
tot_uptimes: 21
tot_uptimes_duration: 1200.0121599995819
