comms_cons: 289.4985855964985
finished_reconf: true
global_termination_time: 2910518.178
local_termination_time: 1877901.2953599999
node_cons: 59887.681823350074
tot_aggregated_send: 40948
tot_msg_rcv: 925
tot_msg_sent: 2129
tot_reconf_duration: 25.299999999999997
tot_sleeping_duration: 2865818.1597600062
tot_uptimes: 746
tot_uptimes_duration: 44700.01823999337
