comms_cons: 295.02161921244976
finished_reconf: true
global_termination_time: 2911323.039
local_termination_time: 249214.18140000035
node_cons: 59864.00097117209
tot_aggregated_send: 39962
tot_msg_rcv: 1625
tot_msg_sent: 3253
tot_reconf_duration: 7.819999999999999
tot_sleeping_duration: 2866622.97820002
tot_uptimes: 746
tot_uptimes_duration: 44700.06079998001
