comms_cons: 289.9819904148313
finished_reconf: true
global_termination_time: 2907250.753239989
local_termination_time: 421152.5868400001
node_cons: 59857.45797716256
tot_aggregated_send: 40310
tot_msg_rcv: 1210
tot_msg_sent: 2555
tot_reconf_duration: 11.31
tot_sleeping_duration: 2862559.118440016
tot_uptimes: 745
tot_uptimes_duration: 44691.634799972875
