comms_cons: 34.257894400397085
finished_reconf: true
global_termination_time: 345323.59
local_termination_time: 171380.62808000064
node_cons: 7082.291380000029
tot_aggregated_send: 4930
tot_msg_rcv: 111
tot_msg_sent: 166
tot_reconf_duration: 9.11
tot_sleeping_duration: 340043.59
tot_uptimes: 89
tot_uptimes_duration: 5280.0
