comms_cons: 34.29736960048883
finished_reconf: true
global_termination_time: 345484.303
local_termination_time: 160355.53552000035
node_cons: 7084.790099999984
tot_aggregated_send: 4872
tot_msg_rcv: 119
tot_msg_sent: 222
tot_reconf_duration: 10.95
tot_sleeping_duration: 340204.303
tot_uptimes: 89
tot_uptimes_duration: 5280.0
