comms_cons: 34.97405440028154
finished_reconf: true
global_termination_time: 348668.891
local_termination_time: 87590.94367999984
node_cons: 7154.4018999999935
tot_aggregated_send: 4872
tot_msg_rcv: 155
tot_msg_sent: 288
tot_reconf_duration: 3.05
tot_sleeping_duration: 343328.891
tot_uptimes: 90
tot_uptimes_duration: 5340.0
