comms_cons: 34.19272960016201
finished_reconf: true
global_termination_time: 347019.353
local_termination_time: 21494.334600000002
node_cons: 7097.492802400008
tot_aggregated_send: 4930
tot_msg_rcv: 95
tot_msg_sent: 173
tot_reconf_duration: 11.31
tot_sleeping_duration: 341730.2314
tot_uptimes: 89
tot_uptimes_duration: 5289.121600000002
