comms_cons: 197.82378878561462
finished_reconf: true
global_termination_time: 1975082.009
local_termination_time: 103520.83011999946
node_cons: 40612.325573735085
tot_aggregated_send: 27608
tot_msg_rcv: 773
tot_msg_sent: 1687
tot_reconf_duration: 18.21
tot_sleeping_duration: 1944770.1371600183
tot_uptimes: 506
tot_uptimes_duration: 30311.8718399816
