comms_cons: 915.035135243131
finished_reconf: true
global_termination_time: 1974739.066
local_termination_time: 1383417.4980000001
node_cons: 119969.14943270135
tot_aggregated_send: 0
tot_msg_rcv: 56149
tot_msg_sent: 82932
tot_reconf_duration: 6.22
tot_sleeping_duration: 1885149.2955200113
tot_uptimes: 1469
tot_uptimes_duration: 89589.77047998879
