comms_cons: 180.4759167929376
finished_reconf: true
global_termination_time: 1855681.968
local_termination_time: 369823.19236000004
node_cons: 38195.89810558396
tot_aggregated_send: 25926
tot_msg_rcv: 533
tot_msg_sent: 974
tot_reconf_duration: 25.299999999999997
tot_sleeping_duration: 1827181.937600012
tot_uptimes: 476
tot_uptimes_duration: 28500.030399988173
