comms_cons: 405.9724032620715
finished_reconf: true
global_termination_time: 4119156.124
local_termination_time: 521247.209
node_cons: 84689.98400798449
tot_aggregated_send: 57128
tot_msg_rcv: 1363
tot_msg_sent: 3214
tot_reconf_duration: 6.279999999999999
tot_sleeping_duration: 4055913.8120000097
tot_uptimes: 1055
tot_uptimes_duration: 63242.31199999008
