comms_cons: 408.06446081273293
finished_reconf: true
global_termination_time: 4120909.139
local_termination_time: 2843337.2549199993
node_cons: 84793.07368223152
tot_aggregated_send: 57652
tot_msg_rcv: 1577
tot_msg_sent: 2793
tot_reconf_duration: 25.299999999999997
tot_sleeping_duration: 4057609.126840004
tot_uptimes: 1056
tot_uptimes_duration: 63300.0121599955
