comms_cons: 408.3955968532141
finished_reconf: true
global_termination_time: 4117026.478119997
local_termination_time: 238700.38260000007
node_cons: 84706.09927302436
tot_aggregated_send: 57942
tot_msg_rcv: 1430
tot_msg_sent: 2700
tot_reconf_duration: 5.43
tot_sleeping_duration: 4053771.268760007
tot_uptimes: 1055
tot_uptimes_duration: 63255.20935998997
