comms_cons: 176.61931512925358
finished_reconf: true
global_termination_time: 893936.318
local_termination_time: 393.7503599999999
node_cons: 18342.281744476553
tot_aggregated_send: 0
tot_msg_rcv: 13620
tot_msg_sent: 13224
tot_reconf_duration: 18.21
tot_sleeping_duration: 880256.2936800026
tot_uptimes: 229
tot_uptimes_duration: 13680.024319997407
