comms_cons: 94.18782719352163
finished_reconf: true
global_termination_time: 891899.675
local_termination_time: 71923.7790399998
node_cons: 18325.198035672456
tot_aggregated_send: 11484
tot_msg_rcv: 1078
tot_msg_sent: 1754
tot_reconf_duration: 5.57
tot_sleeping_duration: 878219.5898800057
tot_uptimes: 229
tot_uptimes_duration: 13680.085119994357
