comms_cons: 92.8265599970935
finished_reconf: true
global_termination_time: 892109.53
local_termination_time: 296301.24844000017
node_cons: 18324.51907007448
tot_aggregated_send: 11658
tot_msg_rcv: 871
tot_msg_sent: 1581
tot_reconf_duration: 5.1
tot_sleeping_duration: 878429.4752800042
tot_uptimes: 229
tot_uptimes_duration: 13680.054719995882
