comms_cons: 89.52317439646725
finished_reconf: true
global_termination_time: 891086.652
local_termination_time: 642845.0843599999
node_cons: 18334.704104467364
tot_aggregated_send: 12412
tot_msg_rcv: 391
tot_msg_sent: 804
tot_reconf_duration: 12.629999999999999
tot_sleeping_duration: 877406.6276800095
tot_uptimes: 229
tot_uptimes_duration: 13680.024319990538
