comms_cons: 90.61365119554345
finished_reconf: true
global_termination_time: 892517.893
local_termination_time: 524439.1977999983
node_cons: 18332.414523350457
tot_aggregated_send: 11948
tot_msg_rcv: 553
tot_msg_sent: 1271
tot_reconf_duration: 10.95
tot_sleeping_duration: 878837.8747600071
tot_uptimes: 229
tot_uptimes_duration: 13680.018239992904
