comms_cons: 89.44890239757873
finished_reconf: true
global_termination_time: 893903.609
local_termination_time: 269791.7970000004
node_cons: 18324.060121116858
tot_aggregated_send: 12470
tot_msg_rcv: 374
tot_msg_sent: 751
tot_reconf_duration: 4.8100000000000005
tot_sleeping_duration: 880223.6029200024
tot_uptimes: 229
tot_uptimes_duration: 13680.006079997635
