comms_cons: 175.1645567310769
finished_reconf: true
global_termination_time: 889871.0195999999
local_termination_time: 275.0384799999994
node_cons: 18261.89933063815
tot_aggregated_send: 0
tot_msg_rcv: 13441
tot_msg_sent: 13182
tot_reconf_duration: 3.05
tot_sleeping_duration: 876235.6518400012
tot_uptimes: 228
tot_uptimes_duration: 13635.367759998597
