comms_cons: 174.6848703930343
finished_reconf: true
global_termination_time: 1783347.915
local_termination_time: 1321557.9327999994
node_cons: 36655.879861116824
tot_aggregated_send: 25172
tot_msg_rcv: 460
tot_msg_sent: 919
tot_reconf_duration: 15.34
tot_sleeping_duration: 1755987.9089200024
tot_uptimes: 457
tot_uptimes_duration: 27360.006079997635
