comms_cons: 177.9504511897509
finished_reconf: true
global_termination_time: 1783496.469
local_termination_time: 44211.10484000002
node_cons: 36665.87197006976
tot_aggregated_send: 24998
tot_msg_rcv: 611
tot_msg_sent: 1438
tot_reconf_duration: 22.65
tot_sleeping_duration: 1756136.4142800076
tot_uptimes: 457
tot_uptimes_duration: 27360.054719992448
