comms_cons: 178.3265983908225
finished_reconf: true
global_termination_time: 1784052.232
local_termination_time: 915224.0954399996
node_cons: 36645.675842233635
tot_aggregated_send: 24708
tot_msg_rcv: 803
tot_msg_sent: 1593
tot_reconf_duration: 7.819999999999999
tot_sleeping_duration: 1756692.2198400048
tot_uptimes: 457
tot_uptimes_duration: 27360.01215999527
