comms_cons: 438.3337280639262
finished_reconf: true
global_termination_time: 4418624.448
local_termination_time: 1467858.9431999987
node_cons: 90875.20026558258
tot_aggregated_send: 60726
tot_msg_rcv: 1950
tot_msg_sent: 3948
tot_reconf_duration: 7.819999999999999
tot_sleeping_duration: 4350764.417600011
tot_uptimes: 1132
tot_uptimes_duration: 67860.03039998875
