comms_cons: 439.0760704657821
finished_reconf: true
global_termination_time: 4419117.483
local_termination_time: 1555792.4932799982
node_cons: 90873.01932446545
tot_aggregated_send: 61074
tot_msg_rcv: 1829
tot_msg_sent: 3833
tot_reconf_duration: 6.22
tot_sleeping_duration: 4351257.458680009
tot_uptimes: 1132
tot_uptimes_duration: 67860.024319991
