comms_cons: 71.65406719949947
finished_reconf: true
global_termination_time: 727977.7913999992
local_termination_time: 727977.7502799992
node_cons: 15012.939833598964
tot_aggregated_send: 10545
tot_msg_rcv: 91
tot_msg_sent: 254
tot_reconf_duration: 21.23
tot_sleeping_duration: 716787.269
tot_uptimes: 187
tot_uptimes_duration: 11190.522399999201
