comms_cons: 87.10265599873104
finished_reconf: true
global_termination_time: 887995.8194799998
local_termination_time: 887995.7783599999
node_cons: 18306.349360958087
tot_aggregated_send: 12908
tot_msg_rcv: 91
tot_msg_sent: 240
tot_reconf_duration: 37.410000000000004
tot_sleeping_duration: 874362.1028400013
tot_uptimes: 228
tot_uptimes_duration: 13633.716639998544
