comms_cons: 87.5888895996106
finished_reconf: true
global_termination_time: 890740.264
local_termination_time: 418158.40536000003
node_cons: 18325.96675999999
tot_aggregated_send: 12818
tot_msg_rcv: 208
tot_msg_sent: 287
tot_reconf_duration: 6.22
tot_sleeping_duration: 877060.264
tot_uptimes: 229
tot_uptimes_duration: 13680.0
