comms_cons: 165.9117696056293
finished_reconf: true
global_termination_time: 566308.2384799999
local_termination_time: 2801.627480000002
node_cons: 23212.52843271993
tot_aggregated_send: 0
tot_msg_rcv: 8480
tot_msg_sent: 16735
tot_reconf_duration: 5.57
tot_sleeping_duration: 548978.1680000001
tot_uptimes: 287
tot_uptimes_duration: 17330.070479999922
