comms_cons: 1573.6863589669003
finished_reconf: true
global_termination_time: 5397766.620119999
local_termination_time: 3732587.28448
node_cons: 220388.84535166735
tot_aggregated_send: 0
tot_msg_rcv: 80167
tot_msg_sent: 159025
tot_reconf_duration: 18.21
tot_sleeping_duration: 5233192.971000003
tot_uptimes: 2715
tot_uptimes_duration: 164573.64911999652
