comms_cons: 544.7082945381028
finished_reconf: true
global_termination_time: 5399730.643
local_termination_time: 376612.52656000067
node_cons: 111047.8381300497
tot_aggregated_send: 74994
tot_msg_rcv: 2634
tot_msg_sent: 5164
tot_reconf_duration: 13.17
tot_sleeping_duration: 5316810.58828002
tot_uptimes: 1383
tot_uptimes_duration: 82920.05471997987
