comms_cons: 546.0584897457301
finished_reconf: true
global_termination_time: 5398661.887
local_termination_time: 2738283.7733599995
node_cons: 111044.7908055817
tot_aggregated_send: 74878
tot_msg_rcv: 2843
tot_msg_sent: 5279
tot_reconf_duration: 10.95
tot_sleeping_duration: 5315741.856600012
tot_uptimes: 1383
tot_uptimes_duration: 82920.0303999891
