comms_cons: 541.1786752968941
finished_reconf: true
global_termination_time: 5403109.169
local_termination_time: 3226366.88636
node_cons: 111114.41888781547
tot_aggregated_send: 75806
tot_msg_rcv: 2172
tot_msg_sent: 4278
tot_reconf_duration: 3.05
tot_sleeping_duration: 5320129.126440016
tot_uptimes: 1384
tot_uptimes_duration: 82980.04255998437
