comms_cons: 63.75432959884523
finished_reconf: true
global_termination_time: 618830.925
local_termination_time: 359775.91136
node_cons: 12719.163446719342
tot_aggregated_send: 8062
tot_msg_rcv: 586
tot_msg_sent: 1042
tot_reconf_duration: 18.700000000000003
tot_sleeping_duration: 609350.8885200005
tot_uptimes: 159
tot_uptimes_duration: 9480.036479999544
