comms_cons: 15.678860799934593
finished_reconf: true
global_termination_time: 149267.31036000024
local_termination_time: 21762.85636
node_cons: 3089.3941624011873
tot_aggregated_send: 1682
tot_msg_rcv: 228
tot_msg_sent: 473
tot_reconf_duration: 4.8100000000000005
tot_sleeping_duration: 146964.94875999933
tot_uptimes: 39
tot_uptimes_duration: 2302.361600000884
