comms_cons: 504.8219393119876
finished_reconf: true
global_termination_time: 5028170.61
local_termination_time: 704641.6923599999
node_cons: 103415.54627116639
tot_aggregated_send: 70238
tot_msg_rcv: 2084
tot_msg_sent: 4408
tot_reconf_duration: 13.17
tot_sleeping_duration: 4950950.549200023
tot_uptimes: 1288
tot_uptimes_duration: 77220.0607999771
