comms_cons: 502.6589824769827
finished_reconf: true
global_termination_time: 5025349.688
local_termination_time: 1350758.2961999995
node_cons: 103337.78380334763
tot_aggregated_send: 70934
tot_msg_rcv: 1823
tot_msg_sent: 3645
tot_reconf_duration: 15.110000000000001
tot_sleeping_duration: 4948189.6697600065
tot_uptimes: 1287
tot_uptimes_duration: 77160.01823999314
