comms_cons: 501.61136647715165
finished_reconf: true
global_termination_time: 5024047.612
local_termination_time: 1513043.929
node_cons: 103337.08342686214
tot_aggregated_send: 71222
tot_msg_rcv: 1651
tot_msg_sent: 3369
tot_reconf_duration: 9.42
tot_sleeping_duration: 4946882.346080011
tot_uptimes: 1287
tot_uptimes_duration: 77165.26591998897
