comms_cons: 509.22460811166843
finished_reconf: true
global_termination_time: 5028897.109
local_termination_time: 1839833.7817999995
node_cons: 103412.47452334837
tot_aggregated_send: 69020
tot_msg_rcv: 2755
tot_msg_sent: 5623
tot_reconf_duration: 10.95
tot_sleeping_duration: 4951677.090760007
tot_uptimes: 1288
tot_uptimes_duration: 77220.01823999337
