comms_cons: 497.7812992735093
finished_reconf: true
global_termination_time: 5024391.516
local_termination_time: 1932337.3473599998
node_cons: 103325.75188893317
tot_aggregated_send: 70354
tot_msg_rcv: 1817
tot_msg_sent: 3488
tot_reconf_duration: 6.22
tot_sleeping_duration: 4947231.467360018
tot_uptimes: 1287
tot_uptimes_duration: 77160.04863998224
