comms_cons: 504.28874249972364
finished_reconf: true
global_termination_time: 5024495.63
local_termination_time: 1165825.383
node_cons: 103327.0727724473
tot_aggregated_send: 68960
tot_msg_rcv: 2629
tot_msg_sent: 5059
tot_reconf_duration: 5.43
tot_sleeping_duration: 4947333.793680022
tot_uptimes: 1287
tot_uptimes_duration: 77161.83631997788
