comms_cons: 268.7537408323044
finished_reconf: true
global_termination_time: 2808098.347
local_termination_time: 7175.091
node_cons: 57855.077323350095
tot_aggregated_send: 38910
tot_msg_rcv: 658
tot_msg_sent: 1281
tot_reconf_duration: 7.55
tot_sleeping_duration: 2764898.328760007
tot_uptimes: 720
tot_uptimes_duration: 43200.01823999337
