comms_cons: 273.0104832275843
finished_reconf: true
global_termination_time: 2809706.156
local_termination_time: 4334.311000000001
node_cons: 57853.28476335009
tot_aggregated_send: 38625
tot_msg_rcv: 1035
tot_msg_sent: 1836
tot_reconf_duration: 6.23
tot_sleeping_duration: 2766506.1377600064
tot_uptimes: 720
tot_uptimes_duration: 43200.01823999337
