comms_cons: 1322.2784282471991
finished_reconf: true
global_termination_time: 4535458.535
local_termination_time: 1913712.9847199996
node_cons: 185217.5758889952
tot_aggregated_send: 0
tot_msg_rcv: 67330
tot_msg_sent: 133649
tot_reconf_duration: 18.21
tot_sleeping_duration: 4397151.703999999
tot_uptimes: 2289
tot_uptimes_duration: 138306.83100000123
