comms_cons: 457.5744064886174
finished_reconf: true
global_termination_time: 4534933.419
local_termination_time: 1557121.8989999988
node_cons: 93280.7586078167
tot_aggregated_send: 63104
tot_msg_rcv: 2204
tot_msg_sent: 4240
tot_reconf_duration: 4.390000000000001
tot_sleeping_duration: 4465273.376440015
tot_uptimes: 1162
tot_uptimes_duration: 69660.0425599846
