comms_cons: 458.0984896941221
finished_reconf: true
global_termination_time: 4535584.737
local_termination_time: 1281730.7204399996
node_cons: 93283.26003005046
tot_aggregated_send: 62814
tot_msg_rcv: 2282
tot_msg_sent: 4531
tot_reconf_duration: 6.22
tot_sleeping_duration: 4465924.68228002
tot_uptimes: 1162
tot_uptimes_duration: 69660.05471997987
