comms_cons: 90.01580159690342
finished_reconf: true
global_termination_time: 905190.0044799999
local_termination_time: 905189.9633599999
node_cons: 18627.701219836657
tot_aggregated_send: 12850
tot_msg_rcv: 298
tot_msg_sent: 532
tot_reconf_duration: 37.410000000000004
tot_sleeping_duration: 891316.2939200024
tot_uptimes: 232
tot_uptimes_duration: 13873.710559997475
