comms_cons: 90.58849279826862
finished_reconf: true
global_termination_time: 905190.1342400004
local_termination_time: 269738.5790000005
node_cons: 18657.777031603473
tot_aggregated_send: 12238
tot_msg_rcv: 491
tot_msg_sent: 1038
tot_reconf_duration: 18.21
tot_sleeping_duration: 891274.4898399978
tot_uptimes: 232
tot_uptimes_duration: 13915.644400002551
