comms_cons: 89.66854399597226
finished_reconf: true
global_termination_time: 907086.842
local_termination_time: 273445.3927200006
node_cons: 18659.736143355156
tot_aggregated_send: 12122
tot_msg_rcv: 485
tot_msg_sent: 1023
tot_reconf_duration: 15.34
tot_sleeping_duration: 893166.8237600037
tot_uptimes: 233
tot_uptimes_duration: 13920.018239996338
