comms_cons: 92.40586879879115
finished_reconf: true
global_termination_time: 907731.665
local_termination_time: 416600.30036000005
node_cons: 18651.275803355104
tot_aggregated_send: 11774
tot_msg_rcv: 796
tot_msg_sent: 1475
tot_reconf_duration: 9.11
tot_sleeping_duration: 893811.6467600036
tot_uptimes: 233
tot_uptimes_duration: 13920.018239996338
