comms_cons: 90.94428159759042
finished_reconf: true
global_termination_time: 905448.588
local_termination_time: 467256.315
node_cons: 18574.716482238244
tot_aggregated_send: 12168
tot_msg_rcv: 549
tot_msg_sent: 1106
tot_reconf_duration: 11.899999999999999
tot_sleeping_duration: 891588.5758400012
tot_uptimes: 232
tot_uptimes_duration: 13860.012159998703
