comms_cons: 89.23871999461443
finished_reconf: true
global_termination_time: 908141.037
local_termination_time: 146320.93948000006
node_cons: 18643.046323350507
tot_aggregated_send: 12180
tot_msg_rcv: 468
tot_msg_sent: 915
tot_reconf_duration: 3.05
tot_sleeping_duration: 894221.0187600071
tot_uptimes: 233
tot_uptimes_duration: 13920.018239992904
