comms_cons: 39.04160000119455
finished_reconf: true
global_termination_time: 374285.098
local_termination_time: 22611.8866
node_cons: 7659.889084640591
tot_aggregated_send: 4582
tot_msg_rcv: 422
tot_msg_sent: 931
tot_reconf_duration: 11.31
tot_sleeping_duration: 368575.96423999954
tot_uptimes: 96
tot_uptimes_duration: 5709.133760000437
