comms_cons: 316.6503168093445
finished_reconf: true
global_termination_time: 3238353.044
local_termination_time: 2005551.1383599997
node_cons: 66608.7857999984
tot_aggregated_send: 47096
tot_msg_rcv: 339
tot_msg_sent: 694
tot_reconf_duration: 5.1
tot_sleeping_duration: 3188613.044
tot_uptimes: 830
tot_uptimes_duration: 49740.0
