comms_cons: 320.3701056215581
finished_reconf: true
global_termination_time: 3238437.862
local_termination_time: 754589.1643599998
node_cons: 66612.84621999854
tot_aggregated_send: 46690
tot_msg_rcv: 674
tot_msg_sent: 1329
tot_reconf_duration: 8.09
tot_sleeping_duration: 3188697.862
tot_uptimes: 830
tot_uptimes_duration: 49740.0
