comms_cons: 320.9537408120801
finished_reconf: true
global_termination_time: 3239622.15
local_termination_time: 1279200.0173599997
node_cons: 66614.65235999848
tot_aggregated_send: 46284
tot_msg_rcv: 823
tot_msg_sent: 1676
tot_reconf_duration: 9.42
tot_sleeping_duration: 3189882.15
tot_uptimes: 830
tot_uptimes_duration: 49740.0
