comms_cons: 320.2612032157723
finished_reconf: true
global_termination_time: 3238170.524
local_termination_time: 1520063.360999999
node_cons: 66612.5609711686
tot_aggregated_send: 43964
tot_msg_rcv: 1581
tot_msg_sent: 3131
tot_reconf_duration: 7.819999999999999
tot_sleeping_duration: 3188430.463200023
tot_uptimes: 830
tot_uptimes_duration: 49740.06079997751
