comms_cons: 33.67892480024262
finished_reconf: true
global_termination_time: 343163.41
local_termination_time: 165208.886480001
node_cons: 6997.0983949619485
tot_aggregated_send: 4698
tot_msg_rcv: 108
tot_msg_sent: 313
tot_reconf_duration: 4.390000000000001
tot_sleeping_duration: 337942.2473599985
tot_uptimes: 88
tot_uptimes_duration: 5221.162640001436
