comms_cons: 35.028915200173806
finished_reconf: true
global_termination_time: 342355.641
local_termination_time: 38352.22192000006
node_cons: 6993.7544644823165
tot_aggregated_send: 4466
tot_msg_rcv: 273
tot_msg_sent: 586
tot_reconf_duration: 3.05
tot_sleeping_duration: 337135.6166799983
tot_uptimes: 88
tot_uptimes_duration: 5220.024320001721
