comms_cons: 423.19587823588813
finished_reconf: true
global_termination_time: 874403.0485999997
local_termination_time: 874403.0074799998
node_cons: 53261.54669671672
tot_aggregated_send: 0
tot_msg_rcv: 25930
tot_msg_sent: 38393
tot_reconf_duration: 37.410000000000004
tot_sleeping_duration: 834663.8821200016
tot_uptimes: 656
tot_uptimes_duration: 39739.16647999815
