comms_cons: 87.07571199358222
finished_reconf: true
global_termination_time: 876564.514
local_termination_time: 600191.8745999997
node_cons: 18003.142787831614
tot_aggregated_send: 11136
tot_msg_rcv: 648
tot_msg_sent: 1451
tot_reconf_duration: 5.1
tot_sleeping_duration: 863124.4714400063
tot_uptimes: 225
tot_uptimes_duration: 13440.042559993744
