comms_cons: 88.8825791987964
finished_reconf: true
global_termination_time: 878051.424
local_termination_time: 610934.6884799998
node_cons: 18016.711944481172
tot_aggregated_send: 11484
tot_msg_rcv: 728
tot_msg_sent: 1298
tot_reconf_duration: 15.110000000000001
tot_sleeping_duration: 864611.3996799991
tot_uptimes: 225
tot_uptimes_duration: 13440.02432000087
