comms_cons: 173.4457855316388
finished_reconf: true
global_termination_time: 874403.6485999998
local_termination_time: 1028.3164799999995
node_cons: 17940.555612871813
tot_aggregated_send: 0
tot_msg_rcv: 13410
tot_msg_sent: 12949
tot_reconf_duration: 3.05
tot_sleeping_duration: 861008.2686800059
tot_uptimes: 224
tot_uptimes_duration: 13395.379919993866
