comms_cons: 91.04638719404466
finished_reconf: true
global_termination_time: 874403.5421200002
local_termination_time: 44013.940800000055
node_cons: 17963.074278640266
tot_aggregated_send: 11368
tot_msg_rcv: 954
tot_msg_sent: 1517
tot_reconf_duration: 7.819999999999999
tot_sleeping_duration: 860996.18236
tot_uptimes: 224
tot_uptimes_duration: 13407.359760000181
