comms_cons: 204.69207038632564
finished_reconf: true
global_termination_time: 2081774.075
local_termination_time: 961668.4265999998
node_cons: 42827.18976111647
tot_aggregated_send: 28652
tot_msg_rcv: 774
tot_msg_sent: 1686
tot_reconf_duration: 4.390000000000001
tot_sleeping_duration: 2049794.0689200023
tot_uptimes: 534
tot_uptimes_duration: 31980.006079997635
