comms_cons: 204.33207679675098
finished_reconf: true
global_termination_time: 2082049.491
local_termination_time: 1373593.8924799997
node_cons: 42825.36189999936
tot_aggregated_send: 29870
tot_msg_rcv: 425
tot_msg_sent: 762
tot_reconf_duration: 3.05
tot_sleeping_duration: 2050069.491
tot_uptimes: 534
tot_uptimes_duration: 31980.0
