comms_cons: 407.65552605137424
finished_reconf: true
global_termination_time: 2079911.6226
local_termination_time: 847.1675999999998
node_cons: 42769.898191916305
tot_aggregated_send: 0
tot_msg_rcv: 31093
tot_msg_sent: 30864
tot_reconf_duration: 6.22
tot_sleeping_duration: 2047976.2593200023
tot_uptimes: 533
tot_uptimes_duration: 31935.363279997524
