comms_cons: 38.055974400769
finished_reconf: true
global_termination_time: 366501.679
local_termination_time: 116226.97
node_cons: 7506.880163200626
tot_aggregated_send: 4637
tot_msg_rcv: 392
tot_msg_sent: 757
tot_reconf_duration: 15.110000000000001
tot_sleeping_duration: 360910.6701999995
tot_uptimes: 94
tot_uptimes_duration: 5591.008800000462
