comms_cons: 41.463999999889296
finished_reconf: true
global_termination_time: 11422.811360000003
local_termination_time: 2734.645880000003
node_cons: 4902.312192640035
tot_aggregated_send: 0
tot_msg_rcv: 3243
tot_msg_sent: 3061
tot_reconf_duration: 18.21
tot_sleeping_duration: 7780.105599999979
tot_uptimes: 51
tot_uptimes_duration: 3642.7057600000253
