comms_cons: 1.4408447999952403
finished_reconf: true
global_termination_time: 14498.135
local_termination_time: 2728.437000000003
node_cons: 253.8123599999995
tot_aggregated_send: 0
tot_msg_rcv: 108
tot_msg_sent: 111
tot_reconf_duration: 9.42
tot_sleeping_duration: 14318.135
tot_uptimes: 4
tot_uptimes_duration: 180.0
