comms_cons: 1.448051199994508
finished_reconf: true
global_termination_time: 13805.002
local_termination_time: 7097.677000000001
node_cons: 275.92278544001164
tot_aggregated_send: 0
tot_msg_rcv: 112
tot_msg_sent: 108
tot_reconf_duration: 18.700000000000003
tot_sleeping_duration: 13617.901039999992
tot_uptimes: 4
tot_uptimes_duration: 187.1009600000084
