comms_cons: 2.2829823999945673
finished_reconf: true
global_termination_time: 12629.054
local_termination_time: 4125.782359999999
node_cons: 246.98161999999923
tot_aggregated_send: 0
tot_msg_rcv: 176
tot_msg_sent: 170
tot_reconf_duration: 4.390000000000001
tot_sleeping_duration: 12449.054
tot_uptimes: 4
tot_uptimes_duration: 180.0
