comms_cons: 1.493478399999287
finished_reconf: true
global_termination_time: 14958.645
local_termination_time: 5129.74336
node_cons: 256.3789800000005
tot_aggregated_send: 0
tot_msg_rcv: 119
tot_msg_sent: 108
tot_reconf_duration: 11.31
tot_sleeping_duration: 14778.645
tot_uptimes: 4
tot_uptimes_duration: 180.0
