comms_cons: 586.4843003036757
finished_reconf: true
global_termination_time: 2011761.7345999999
local_termination_time: 2011761.69348
node_cons: 82179.27986411398
tot_aggregated_send: 0
tot_msg_rcv: 29864
tot_msg_sent: 59279
tot_reconf_duration: 24.59
tot_sleeping_duration: 1950413.0515200028
tot_uptimes: 1019
tot_uptimes_duration: 61348.683079997034
