comms_cons: 203.02753278276145
finished_reconf: true
global_termination_time: 2013484.221
local_termination_time: 21466.635960000003
node_cons: 41381.6645444762
tot_aggregated_send: 27376
tot_msg_rcv: 1157
tot_msg_sent: 2326
tot_reconf_duration: 4.8100000000000005
tot_sleeping_duration: 1982584.1966800026
tot_uptimes: 516
tot_uptimes_duration: 30900.024319997407
