comms_cons: 74.7084159993222
finished_reconf: true
global_termination_time: 752784.25
local_termination_time: 69912.3392799998
node_cons: 15431.241620000023
tot_aggregated_send: 10672
tot_msg_rcv: 223
tot_msg_sent: 460
tot_reconf_duration: 4.390000000000001
tot_sleeping_duration: 741264.25
tot_uptimes: 193
tot_uptimes_duration: 11520.0
