comms_cons: 75.20683519842507
finished_reconf: true
global_termination_time: 756659.638
local_termination_time: 254060.73236000005
node_cons: 15514.066760000025
tot_aggregated_send: 10730
tot_msg_rcv: 242
tot_msg_sent: 459
tot_reconf_duration: 6.22
tot_sleeping_duration: 745079.638
tot_uptimes: 194
tot_uptimes_duration: 11580.0
