comms_cons: 59.693081600527535
finished_reconf: true
global_termination_time: 608393.515
local_termination_time: 373797.2763600001
node_cons: 12459.231980000015
tot_aggregated_send: 8410
tot_msg_rcv: 197
tot_msg_sent: 466
tot_reconf_duration: 4.8100000000000005
tot_sleeping_duration: 599093.515
tot_uptimes: 156
tot_uptimes_duration: 9300.0
