comms_cons: 60.04177920006681
finished_reconf: true
global_termination_time: 608098.806
local_termination_time: 379698.63444000063
node_cons: 12461.14675999998
tot_aggregated_send: 8584
tot_msg_rcv: 166
tot_msg_sent: 376
tot_reconf_duration: 6.22
tot_sleeping_duration: 598798.806
tot_uptimes: 156
tot_uptimes_duration: 9300.0
