comms_cons: 38.46920959988255
finished_reconf: true
global_termination_time: 393085.17
local_termination_time: 80098.23479999957
node_cons: 8039.961620000009
tot_aggregated_send: 5684
tot_msg_rcv: 51
tot_msg_sent: 112
tot_reconf_duration: 4.390000000000001
tot_sleeping_duration: 387085.17
tot_uptimes: 101
tot_uptimes_duration: 6000.0
