comms_cons: 37.31127040036871
finished_reconf: true
global_termination_time: 375407.9868800009
local_termination_time: 375407.9868800009
node_cons: 7829.079285442665
tot_aggregated_send: 5380
tot_msg_rcv: 65
tot_msg_sent: 226
tot_reconf_duration: 24.59
tot_sleeping_duration: 369585.96591999894
tot_uptimes: 97
tot_uptimes_duration: 5822.020960001973
