comms_cons: 37.12642560022046
finished_reconf: true
global_termination_time: 377174.652
local_termination_time: 102929.48235999998
node_cons: 7727.998980000024
tot_aggregated_send: 5220
tot_msg_rcv: 146
tot_msg_sent: 277
tot_reconf_duration: 11.31
tot_sleeping_duration: 371414.652
tot_uptimes: 97
tot_uptimes_duration: 5760.0
