comms_cons: 12.153036799289238
finished_reconf: true
global_termination_time: 136209.795
local_termination_time: 3017.94812
node_cons: 2761.050286717188
tot_aggregated_send: 0
tot_msg_rcv: 295
tot_msg_sent: 1552
tot_reconf_duration: 21.68
tot_sleeping_duration: 134169.75852000213
tot_uptimes: 35
tot_uptimes_duration: 2040.0364799978997
