comms_cons: 1451.432867236022
finished_reconf: true
global_termination_time: 4981424.6696
local_termination_time: 4981424.6284799995
node_cons: 203256.8813213927
tot_aggregated_send: 0
tot_msg_rcv: 73948
tot_msg_sent: 146661
tot_reconf_duration: 24.59
tot_sleeping_duration: 4829652.086999999
tot_uptimes: 2511
tot_uptimes_duration: 151772.58260000017
