comms_cons: 491.80572165367545
finished_reconf: true
global_termination_time: 4982036.98
local_termination_time: 1426188.39536
node_cons: 102441.99560669955
tot_aggregated_send: 68788
tot_msg_rcv: 2013
tot_msg_sent: 3950
tot_reconf_duration: 6.22
tot_sleeping_duration: 4905536.943520014
tot_uptimes: 1276
tot_uptimes_duration: 76500.03647998697
