comms_cons: 491.2535680560841
finished_reconf: true
global_termination_time: 4984690.33
local_termination_time: 1661052.3465999998
node_cons: 102529.23154446569
tot_aggregated_send: 69194
tot_msg_rcv: 1833
tot_msg_sent: 3640
tot_reconf_duration: 11.31
tot_sleeping_duration: 4908130.305680009
tot_uptimes: 1277
tot_uptimes_duration: 76560.02431999147
