comms_cons: 492.01895686574375
finished_reconf: true
global_termination_time: 4984775.173
local_termination_time: 2642454.596719999
node_cons: 102521.24650446583
tot_aggregated_send: 68962
tot_msg_rcv: 1929
tot_msg_sent: 3892
tot_reconf_duration: 5.43
tot_sleeping_duration: 4908215.148680009
tot_uptimes: 1277
tot_uptimes_duration: 76560.02431999147
