comms_cons: 12.971820799594862
finished_reconf: true
global_termination_time: 96846.912
local_termination_time: 23494.42008
node_cons: 1952.938026718326
tot_aggregated_send: 464
tot_msg_rcv: 587
tot_msg_sent: 921
tot_reconf_duration: 18.21
tot_sleeping_duration: 95406.87552000124
tot_uptimes: 25
tot_uptimes_duration: 1440.036479998751
