comms_cons: 11.164902399991227
finished_reconf: true
global_termination_time: 98910.677
local_termination_time: 10781.30036
node_cons: 2012.6500411200068
tot_aggregated_send: 986
tot_msg_rcv: 248
tot_msg_sent: 463
tot_reconf_duration: 3.05
tot_sleeping_duration: 97410.67091999999
tot_uptimes: 26
tot_uptimes_duration: 1500.0060800000065
