comms_cons: 11.896447999930777
finished_reconf: true
global_termination_time: 99418.298
local_termination_time: 29090.95236
node_cons: 2019.1358422394414
tot_aggregated_send: 812
tot_msg_rcv: 358
tot_msg_sent: 637
tot_reconf_duration: 7.819999999999999
tot_sleeping_duration: 97918.28584000042
tot_uptimes: 26
tot_uptimes_duration: 1500.0121599995837
