comms_cons: 0.7500288000016724
finished_reconf: true
global_termination_time: 4700.861
local_termination_time: 1987.6093600000002
node_cons: 91.32621999999989
tot_aggregated_send: 0
tot_msg_rcv: 63
tot_msg_sent: 51
tot_reconf_duration: 8.09
tot_sleeping_duration: 4640.861
tot_uptimes: 2
tot_uptimes_duration: 60.0
