comms_cons: 512.7241089189337
finished_reconf: true
global_termination_time: 5077105.496239997
local_termination_time: 66995.99899999947
node_cons: 104498.91745453302
tot_aggregated_send: 70238
tot_msg_rcv: 2577
tot_msg_sent: 5113
tot_reconf_duration: 18.21
tot_sleeping_duration: 4999081.457200016
tot_uptimes: 1301
tot_uptimes_duration: 78024.03903998212
