comms_cons: 1.6513791999970377
finished_reconf: true
global_termination_time: 10119.415
local_termination_time: 5303.79836
node_cons: 166.64161999999922
tot_aggregated_send: 0
tot_msg_rcv: 139
tot_msg_sent: 112
tot_reconf_duration: 4.390000000000001
tot_sleeping_duration: 9999.415
tot_uptimes: 3
tot_uptimes_duration: 120.0
