comms_cons: 20.99165439995289
finished_reconf: true
global_termination_time: 9911.063240000003
local_termination_time: 3609.1250400000013
node_cons: 2908.0002708800093
tot_aggregated_send: 0
tot_msg_rcv: 1594
tot_msg_sent: 1595
tot_reconf_duration: 6.22
tot_sleeping_duration: 7745.601319999998
tot_uptimes: 32
tot_uptimes_duration: 2165.461920000006
