comms_cons: 134.6494591769911
finished_reconf: true
global_termination_time: 690160.26
local_termination_time: 3261.0333600000004
node_cons: 14164.577321121451
tot_aggregated_send: 0
tot_msg_rcv: 10271
tot_msg_sent: 10195
tot_reconf_duration: 18.21
tot_sleeping_duration: 679600.2539199989
tot_uptimes: 177
tot_uptimes_duration: 10560.006080001069
