comms_cons: 113.00026879268268
finished_reconf: true
global_termination_time: 1112163.595
local_termination_time: 881.4634399999989
node_cons: 22841.338026719422
tot_aggregated_send: 14616
tot_msg_rcv: 882
tot_msg_sent: 1680
tot_reconf_duration: 18.21
tot_sleeping_duration: 1095123.5585200004
tot_uptimes: 285
tot_uptimes_duration: 17040.036479999544
