comms_cons: 111.23409919253203
finished_reconf: true
global_termination_time: 1106216.09724
local_termination_time: 118282.0460799999
node_cons: 22761.249622710562
tot_aggregated_send: 15254
tot_msg_rcv: 500
tot_msg_sent: 1152
tot_reconf_duration: 4.390000000000001
tot_sleeping_duration: 1089221.856760007
tot_uptimes: 284
tot_uptimes_duration: 16994.240479992928
