comms_cons: 0.9408255999968934
finished_reconf: true
global_termination_time: 5262.852
local_termination_time: 3017.21736
node_cons: 86.87197999999992
tot_aggregated_send: 0
tot_msg_rcv: 91
tot_msg_sent: 52
tot_reconf_duration: 4.8100000000000005
tot_sleeping_duration: 5202.852
tot_uptimes: 2
tot_uptimes_duration: 60.0
