comms_cons: 233.176025619891
finished_reconf: true
global_termination_time: 323688.88200000016
local_termination_time: 9715.120280000001
node_cons: 32214.762782206257
tot_aggregated_send: 0
tot_msg_rcv: 16057
tot_msg_sent: 19384
tot_reconf_duration: 4.390000000000001
tot_sleeping_duration: 299634.5121999955
tot_uptimes: 384
tot_uptimes_duration: 24054.369800004642
