comms_cons: 53.12046080447872
finished_reconf: true
global_termination_time: 324719.446
local_termination_time: 12064.06036
node_cons: 6672.361900000006
tot_aggregated_send: 0
tot_msg_rcv: 4071
tot_msg_sent: 4003
tot_reconf_duration: 3.05
tot_sleeping_duration: 319739.446
tot_uptimes: 84
tot_uptimes_duration: 4980.0
