comms_cons: 540.9146880798215
finished_reconf: true
global_termination_time: 5439937.887
local_termination_time: 2212103.16636
node_cons: 111922.18894558238
tot_aggregated_send: 76096
tot_msg_rcv: 2092
tot_msg_sent: 4027
tot_reconf_duration: 6.279999999999999
tot_sleeping_duration: 5356357.856600012
tot_uptimes: 1394
tot_uptimes_duration: 83580.0303999891
