comms_cons: 534.0402432393614
finished_reconf: true
global_termination_time: 5443022.067
local_termination_time: 3919507.8543599998
node_cons: 111931.50485999651
tot_aggregated_send: 78010
tot_msg_rcv: 1182
tot_msg_sent: 1979
tot_reconf_duration: 13.17
tot_sleeping_duration: 5359442.067
tot_uptimes: 1394
tot_uptimes_duration: 83580.0
