comms_cons: 546.1348096951916
finished_reconf: true
global_termination_time: 5442505.039
local_termination_time: 240993.2439600006
node_cons: 111919.64674893714
tot_aggregated_send: 75690
tot_msg_rcv: 2493
tot_msg_sent: 4826
tot_reconf_duration: 4.390000000000001
tot_sleeping_duration: 5358924.990360014
tot_uptimes: 1394
tot_uptimes_duration: 83580.04863998544
