comms_cons: 546.7238657006645
finished_reconf: true
global_termination_time: 5441075.48
local_termination_time: 844615.7475599985
node_cons: 111922.115606699
tot_aggregated_send: 75748
tot_msg_rcv: 2516
tot_msg_sent: 4835
tot_reconf_duration: 6.22
tot_sleeping_duration: 5357495.443520014
tot_uptimes: 1394
tot_uptimes_duration: 83580.03647998674
