comms_cons: 126.28007679245195
finished_reconf: true
global_termination_time: 1277038.333
local_termination_time: 415470.29636000004
node_cons: 26278.122082238275
tot_aggregated_send: 16414
tot_msg_rcv: 920
tot_msg_sent: 1860
tot_reconf_duration: 5.1
tot_sleeping_duration: 1257418.3208400016
tot_uptimes: 328
tot_uptimes_duration: 19620.012159998703
