comms_cons: 125.16375039087961
finished_reconf: true
global_termination_time: 1280360.703
local_termination_time: 54014.50456000005
node_cons: 26275.411452299035
tot_aggregated_send: 16240
tot_msg_rcv: 683
tot_msg_sent: 2102
tot_reconf_duration: 3.05
tot_sleeping_duration: 1260740.6361200158
tot_uptimes: 328
tot_uptimes_duration: 19620.06687998431
