comms_cons: 121.03529599762902
finished_reconf: true
global_termination_time: 1275379.56
local_termination_time: 311284.6588800009
node_cons: 26201.508406719437
tot_aggregated_send: 16646
tot_msg_rcv: 466
tot_msg_sent: 1284
tot_reconf_duration: 7.819999999999999
tot_sleeping_duration: 1255819.5235200005
tot_uptimes: 327
tot_uptimes_duration: 19560.036479999544
