comms_cons: 12.368895999825058
finished_reconf: true
global_termination_time: 123675.497
local_termination_time: 90112.52335999998
node_cons: 2501.1595600000096
tot_aggregated_send: 1624
tot_msg_rcv: 89
tot_msg_sent: 167
tot_reconf_duration: 7.819999999999999
tot_sleeping_duration: 121815.497
tot_uptimes: 32
tot_uptimes_duration: 1860.0
