comms_cons: 770.2575874086195
finished_reconf: true
global_termination_time: 7657044.439239997
local_termination_time: 82206.94047999996
node_cons: 157510.27045275513
tot_aggregated_send: 106894
tot_msg_rcv: 3408
tot_msg_sent: 6771
tot_reconf_duration: 18.21
tot_sleeping_duration: 7539430.144040028
tot_uptimes: 1961
tot_uptimes_duration: 117614.29519997048
