comms_cons: 753.9640897164478
finished_reconf: true
global_termination_time: 7657773.951
local_termination_time: 5026310.78536
node_cons: 157563.90782222876
tot_aggregated_send: 106488
tot_msg_rcv: 2830
tot_msg_sent: 5280
tot_reconf_duration: 12.629999999999999
tot_sleeping_duration: 7540113.938840005
tot_uptimes: 1962
tot_uptimes_duration: 117660.01215999573
