comms_cons: 751.0814720776797
finished_reconf: true
global_termination_time: 7658571.302
local_termination_time: 5293469.726839999
node_cons: 157562.9001999939
tot_aggregated_send: 110258
tot_msg_rcv: 1339
tot_msg_sent: 2563
tot_reconf_duration: 11.899999999999999
tot_sleeping_duration: 7540911.302
tot_uptimes: 1962
tot_uptimes_duration: 117660.0
