comms_cons: 763.117958566939
finished_reconf: true
global_termination_time: 7659778.82
local_termination_time: 954695.1424799998
node_cons: 157552.7911722823
tot_aggregated_send: 107880
tot_msg_rcv: 2525
tot_msg_sent: 5584
tot_reconf_duration: 4.390000000000001
tot_sleeping_duration: 7542118.753120025
tot_uptimes: 1962
tot_uptimes_duration: 117660.06687997584
