comms_cons: 766.889824184588
finished_reconf: true
global_termination_time: 7659502.335
local_termination_time: 988475.46136
node_cons: 157557.44911228298
tot_aggregated_send: 106430
tot_msg_rcv: 3444
tot_msg_sent: 6687
tot_reconf_duration: 7.819999999999999
tot_sleeping_duration: 7541842.268120023
tot_uptimes: 1962
tot_uptimes_duration: 117660.06687997631
