comms_cons: 703.0796289151982
finished_reconf: true
global_termination_time: 7061362.690479999
local_termination_time: 7061362.649359999
node_cons: 145323.89750206555
tot_aggregated_send: 101068
tot_msg_rcv: 2016
tot_msg_sent: 3779
tot_reconf_duration: 37.410000000000004
tot_sleeping_duration: 6952868.967760007
tot_uptimes: 1809
tot_uptimes_duration: 108493.72271999303
