comms_cons: 697.1672065166913
finished_reconf: true
global_termination_time: 7062412.676
local_termination_time: 1557186.89948
node_cons: 145263.2400300485
tot_aggregated_send: 98774
tot_msg_rcv: 2304
tot_msg_sent: 4886
tot_reconf_duration: 6.22
tot_sleeping_duration: 6953932.62128002
tot_uptimes: 1809
tot_uptimes_duration: 108480.05471998011
