comms_cons: 220.27589759345923
finished_reconf: true
global_termination_time: 2220433.209
local_termination_time: 969335.5050799986
node_cons: 45640.04579999946
tot_aggregated_send: 31784
tot_msg_rcv: 540
tot_msg_sent: 1156
tot_reconf_duration: 5.1
tot_sleeping_duration: 2186353.209
tot_uptimes: 569
tot_uptimes_duration: 34080.0
