comms_cons: 765.812992186093
finished_reconf: true
global_termination_time: 7726970.286
local_termination_time: 2828282.142919998
node_cons: 158930.4652220968
tot_aggregated_send: 106604
tot_msg_rcv: 3232
tot_msg_sent: 6563
tot_reconf_duration: 13.17
tot_sleeping_duration: 7608290.240920014
tot_uptimes: 1979
tot_uptimes_duration: 118680.0450799868
