comms_cons: 761.1883521420596
finished_reconf: true
global_termination_time: 7727227.593
local_termination_time: 3146372.21536
node_cons: 158923.5469255801
tot_aggregated_send: 107300
tot_msg_rcv: 2650
tot_msg_sent: 5745
tot_reconf_duration: 8.09
tot_sleeping_duration: 7608547.562600011
tot_uptimes: 1979
tot_uptimes_duration: 118680.03039998934
