comms_cons: 761.186502544384
finished_reconf: true
global_termination_time: 7730345.453
local_termination_time: 5433659.10136
node_cons: 159005.68492446304
tot_aggregated_send: 107010
tot_msg_rcv: 2896
tot_msg_sent: 5789
tot_reconf_duration: 9.42
tot_sleeping_duration: 7611605.428680008
tot_uptimes: 1980
tot_uptimes_duration: 118740.02431999147
