comms_cons: 558.6231042996142
finished_reconf: true
global_termination_time: 2839434.246
local_termination_time: 2224.2464800000002
node_cons: 58425.08928335301
tot_aggregated_send: 0
tot_msg_rcv: 42741
tot_msg_sent: 42165
tot_reconf_duration: 13.17
tot_sleeping_duration: 2795814.2277600043
tot_uptimes: 728
tot_uptimes_duration: 43620.01823999557
