comms_cons: 281.0423679927576
finished_reconf: true
global_termination_time: 2838503.018
local_termination_time: 528451.87136
node_cons: 58333.44525005083
tot_aggregated_send: 39614
tot_msg_rcv: 1063
tot_msg_sent: 2039
tot_reconf_duration: 4.8100000000000005
tot_sleeping_duration: 2794942.963280021
tot_uptimes: 727
tot_uptimes_duration: 43560.05471997894
