comms_cons: 74.30611199757324
finished_reconf: true
global_termination_time: 740063.7229599986
local_termination_time: 740063.6818399987
node_cons: 15276.843982797964
tot_aggregated_send: 10252
tot_msg_rcv: 304
tot_msg_sent: 738
tot_reconf_duration: 24.59
tot_sleeping_duration: 728679.5177600002
tot_uptimes: 190
tot_uptimes_duration: 11384.205199998454
