comms_cons: 227.55479038380054
finished_reconf: true
global_termination_time: 2256149.182
local_termination_time: 832330.9264399995
node_cons: 46363.78476558356
tot_aggregated_send: 31146
tot_msg_rcv: 1118
tot_msg_sent: 2323
tot_reconf_duration: 5.57
tot_sleeping_duration: 2221529.151600012
tot_uptimes: 578
tot_uptimes_duration: 34620.03039998817
