comms_cons: 223.59411198894253
finished_reconf: true
global_termination_time: 2259415.943
local_termination_time: 1450435.9513599998
node_cons: 46443.902081116204
tot_aggregated_send: 31668
tot_msg_rcv: 755
tot_msg_sent: 1562
tot_reconf_duration: 5.43
tot_sleeping_duration: 2224735.9369200026
tot_uptimes: 579
tot_uptimes_duration: 34680.006079997635
