comms_cons: 493.0005761293241
finished_reconf: true
global_termination_time: 4864042.346
local_termination_time: 2217759.1011999985
node_cons: 100054.08312334814
tot_aggregated_send: 67280
tot_msg_rcv: 2738
tot_msg_sent: 4916
tot_reconf_duration: 22.65
tot_sleeping_duration: 4789342.327760006
tot_uptimes: 1246
tot_uptimes_duration: 74700.01823999337
