comms_cons: 491.6350977173609
finished_reconf: true
global_termination_time: 4859895.833
local_termination_time: 2097223.62936
node_cons: 99949.53268558232
tot_aggregated_send: 67570
tot_msg_rcv: 2571
tot_msg_sent: 4585
tot_reconf_duration: 4.8100000000000005
tot_sleeping_duration: 4785255.802600011
tot_uptimes: 1245
tot_uptimes_duration: 74640.03039998887
