comms_cons: 368.7353472110038
finished_reconf: true
global_termination_time: 3747050.596
local_termination_time: 2663920.8579599997
node_cons: 77066.90800223191
tot_aggregated_send: 52200
tot_msg_rcv: 1356
tot_msg_sent: 2490
tot_reconf_duration: 15.34
tot_sleeping_duration: 3689510.583840004
tot_uptimes: 960
tot_uptimes_duration: 57540.0121599955
