comms_cons: 372.8553344320167
finished_reconf: true
global_termination_time: 3746687.063
local_termination_time: 1873701.051359999
node_cons: 77057.07878446653
tot_aggregated_send: 51910
tot_msg_rcv: 1561
tot_msg_sent: 3200
tot_reconf_duration: 8.09
tot_sleeping_duration: 3689147.0386800086
tot_uptimes: 960
tot_uptimes_duration: 57540.02431999124
