comms_cons: 368.7970560058828
finished_reconf: true
global_termination_time: 3746353.562
local_termination_time: 1186160.2391999986
node_cons: 77054.55560670004
tot_aggregated_send: 52548
tot_msg_rcv: 1111
tot_msg_sent: 2396
tot_reconf_duration: 6.22
tot_sleeping_duration: 3688813.5255200136
tot_uptimes: 960
tot_uptimes_duration: 57540.036479986506
