comms_cons: 173.05075193175955
finished_reconf: true
global_termination_time: 879796.5015999998
local_termination_time: 1235.3000400000017
node_cons: 18101.21933063815
tot_aggregated_send: 0
tot_msg_rcv: 13241
tot_msg_sent: 13059
tot_reconf_duration: 3.05
tot_sleeping_duration: 866281.1338400012
tot_uptimes: 226
tot_uptimes_duration: 13515.367759998597
