comms_cons: 88.31906559469529
finished_reconf: true
global_termination_time: 879796.7541200005
local_termination_time: 9325.7726
node_cons: 18166.973770797526
tot_aggregated_send: 12238
tot_msg_rcv: 444
tot_msg_sent: 741
tot_reconf_duration: 7.819999999999999
tot_sleeping_duration: 866237.1169200024
tot_uptimes: 226
tot_uptimes_duration: 13559.637199998135
