comms_cons: 86.6283263998829
finished_reconf: true
global_termination_time: 883775.022
local_termination_time: 707449.5453599999
node_cons: 18172.198979999943
tot_aggregated_send: 12586
tot_msg_rcv: 168
tot_msg_sent: 413
tot_reconf_duration: 11.31
tot_sleeping_duration: 870215.022
tot_uptimes: 227
tot_uptimes_duration: 13560.0
