comms_cons: 15.960499199981749
finished_reconf: true
global_termination_time: 3631.8253200000017
local_termination_time: 3631.784200000002
node_cons: 1803.475207480003
tot_aggregated_send: 0
tot_msg_rcv: 1139
tot_msg_sent: 1286
tot_reconf_duration: 37.410000000000004
tot_sleeping_duration: 2322.884
tot_uptimes: 16
tot_uptimes_duration: 1308.9413200000017
