comms_cons: 135.51178239217955
finished_reconf: true
global_termination_time: 1346417.431
local_termination_time: 540369.5553599999
node_cons: 27643.508262233783
tot_aggregated_send: 18618
tot_msg_rcv: 647
tot_msg_sent: 1332
tot_reconf_duration: 4.8100000000000005
tot_sleeping_duration: 1325777.4188400048
tot_uptimes: 345
tot_uptimes_duration: 20640.01215999527
