comms_cons: 152.57227519511417
finished_reconf: true
global_termination_time: 1539913.158
local_termination_time: 133762.4254800001
node_cons: 31742.32720784162
tot_aggregated_send: 22214
tot_msg_rcv: 284
tot_msg_sent: 692
tot_reconf_duration: 5.1
tot_sleeping_duration: 1516212.335439999
tot_uptimes: 395
tot_uptimes_duration: 23700.822560001165
