comms_cons: 399.1277952404279
finished_reconf: true
global_termination_time: 3962884.783
local_termination_time: 1925458.6525999997
node_cons: 81495.52684111496
tot_aggregated_send: 54810
tot_msg_rcv: 1868
tot_msg_sent: 3988
tot_reconf_duration: 22.65
tot_sleeping_duration: 3902044.776920002
tot_uptimes: 1015
tot_uptimes_duration: 60840.00607999787
