comms_cons: 399.23271687434715
finished_reconf: true
global_termination_time: 3962043.153
local_termination_time: 1428187.7403599997
node_cons: 81485.3299406181
tot_aggregated_send: 55100
tot_msg_rcv: 1875
tot_msg_sent: 3706
tot_reconf_duration: 15.110000000000001
tot_sleeping_duration: 3901203.1152400146
tot_uptimes: 1015
tot_uptimes_duration: 60840.03775998531
