comms_cons: 403.27690888279255
finished_reconf: true
global_termination_time: 3958947.288
local_termination_time: 2199925.8836000003
node_cons: 81409.85530558362
tot_aggregated_send: 53940
tot_msg_rcv: 2549
tot_msg_sent: 4806
tot_reconf_duration: 18.700000000000003
tot_sleeping_duration: 3898167.2576000113
tot_uptimes: 1014
tot_uptimes_duration: 60780.030399989104
