comms_cons: 400.76512645802495
finished_reconf: true
global_termination_time: 3958151.436
local_termination_time: 1804676.7387199986
node_cons: 81390.42232558293
tot_aggregated_send: 54578
tot_msg_rcv: 2158
tot_msg_sent: 4177
tot_reconf_duration: 4.390000000000001
tot_sleeping_duration: 3897371.4056000113
tot_uptimes: 1014
tot_uptimes_duration: 60780.03039998887
