comms_cons: 225.05594879069028
finished_reconf: true
global_termination_time: 2302847.387
local_termination_time: 615846.8445599994
node_cons: 47345.03802670496
tot_aggregated_send: 32074
tot_msg_rcv: 744
tot_msg_sent: 1390
tot_reconf_duration: 18.21
tot_sleeping_duration: 2267507.3505200106
tot_uptimes: 590
tot_uptimes_duration: 35340.03647998924
