comms_cons: 670.5093245296512
finished_reconf: true
global_termination_time: 2298066.77872
local_termination_time: 2298066.7375999996
node_cons: 94025.10707919311
tot_aggregated_send: 0
tot_msg_rcv: 34114
tot_msg_sent: 67798
tot_reconf_duration: 37.410000000000004
tot_sleeping_duration: 2227884.325920003
tot_uptimes: 1161
tot_uptimes_duration: 70182.45279999694
