comms_cons: 226.25210877953032
finished_reconf: true
global_termination_time: 2301062.418
local_termination_time: 622465.4107199998
node_cons: 47326.889673406076
tot_aggregated_send: 30392
tot_msg_rcv: 1366
tot_msg_sent: 2631
tot_reconf_duration: 4.8100000000000005
tot_sleeping_duration: 2265722.345040025
tot_uptimes: 590
tot_uptimes_duration: 35340.07295997505
