comms_cons: 363.75632003537385
finished_reconf: true
global_termination_time: 3645251.695
local_termination_time: 508029.4543600001
node_cons: 74988.036812575
tot_aggregated_send: 50576
tot_msg_rcv: 1529
tot_msg_sent: 3184
tot_reconf_duration: 22.65
tot_sleeping_duration: 3589271.651600017
tot_uptimes: 934
tot_uptimes_duration: 55980.04339998262
