comms_cons: 358.4369600108555
finished_reconf: true
global_termination_time: 3648403.819
local_termination_time: 954695.1424799998
node_cons: 75043.56232558304
tot_aggregated_send: 51678
tot_msg_rcv: 854
tot_msg_sent: 1947
tot_reconf_duration: 4.390000000000001
tot_sleeping_duration: 3592363.7886000117
tot_uptimes: 935
tot_uptimes_duration: 56040.03039998864
