comms_cons: 359.7331455886444
finished_reconf: true
global_termination_time: 3645669.009
local_termination_time: 2434534.50136
node_cons: 74964.61022223212
tot_aggregated_send: 50402
tot_msg_rcv: 1466
tot_msg_sent: 2809
tot_reconf_duration: 5.43
tot_sleeping_duration: 3589688.996840005
tot_uptimes: 934
tot_uptimes_duration: 55980.01215999527
