comms_cons: 1257.1954082159211
finished_reconf: true
global_termination_time: 7333686.133
local_termination_time: 2936123.0096000005
node_cons: 150887.12151004927
tot_aggregated_send: 0
tot_msg_rcv: 96359
tot_msg_sent: 94724
tot_reconf_duration: 6.279999999999999
tot_sleeping_duration: 7221006.07828002
tot_uptimes: 1879
tot_uptimes_duration: 112680.05471998057
