comms_cons: 3086.3204628095973
finished_reconf: true
global_termination_time: 7333686.133
local_termination_time: 2936123.26848
node_cons: 445389.6804522258
tot_aggregated_send: 0
tot_msg_rcv: 189448
tot_msg_sent: 279655
tot_reconf_duration: 5.57
tot_sleeping_duration: 7001063.193200015
tot_uptimes: 5453
tot_uptimes_duration: 332622.9397999847
