comms_cons: 1255.2258146024412
finished_reconf: true
global_termination_time: 7335039.691
local_termination_time: 2939301.95336
node_cons: 150885.5272111665
tot_aggregated_send: 0
tot_msg_rcv: 96061
tot_msg_sent: 94726
tot_reconf_duration: 5.1
tot_sleeping_duration: 7222359.630200021
tot_uptimes: 1879
tot_uptimes_duration: 112680.06079997867
