comms_cons: 730.870169743105
finished_reconf: true
global_termination_time: 7334045.943
local_termination_time: 3064749.8634399986
node_cons: 150896.47813004928
tot_aggregated_send: 101674
tot_msg_rcv: 3039
tot_msg_sent: 6375
tot_reconf_duration: 13.17
tot_sleeping_duration: 7221365.888280019
tot_uptimes: 1879
tot_uptimes_duration: 112680.05471998092
