comms_cons: 732.7294017718755
finished_reconf: true
global_termination_time: 7334583.339
local_termination_time: 808396.32636
node_cons: 150884.54674893146
tot_aggregated_send: 102660
tot_msg_rcv: 2915
tot_msg_sent: 5796
tot_reconf_duration: 4.390000000000001
tot_sleeping_duration: 7221903.290360018
tot_uptimes: 1879
tot_uptimes_duration: 112680.04863998247
