comms_cons: 731.5112257788651
finished_reconf: true
global_termination_time: 7335934.742
local_termination_time: 2373553.0033199987
node_cons: 150893.96039116613
tot_aggregated_send: 101790
tot_msg_rcv: 3049
tot_msg_sent: 6345
tot_reconf_duration: 11.31
tot_sleeping_duration: 7223254.681200021
tot_uptimes: 1879
tot_uptimes_duration: 112680.06079997844
