comms_cons: 321.1932798210989
finished_reconf: true
global_termination_time: 1103248.3565999998
local_termination_time: 1103248.3154799999
node_cons: 45047.91744739939
tot_aggregated_send: 0
tot_msg_rcv: 16346
tot_msg_sent: 32471
tot_reconf_duration: 24.59
tot_sleeping_duration: 1069630.34
tot_uptimes: 557
tot_uptimes_duration: 33618.016599999886
