comms_cons: 110.58977279047741
finished_reconf: true
global_termination_time: 1104754.227
local_termination_time: 615755.8841599983
node_cons: 22661.857902233718
tot_aggregated_send: 14964
tot_msg_rcv: 576
tot_msg_sent: 1269
tot_reconf_duration: 4.390000000000001
tot_sleeping_duration: 1087834.2148400047
tot_uptimes: 283
tot_uptimes_duration: 16920.01215999527
