comms_cons: 128.32134399465838
finished_reconf: true
global_termination_time: 1289710.463
local_termination_time: 368963.5853600001
node_cons: 26536.953603359765
tot_aggregated_send: 17400
tot_msg_rcv: 779
tot_msg_sent: 1325
tot_reconf_duration: 18.21
tot_sleeping_duration: 1269910.4447600003
tot_uptimes: 331
tot_uptimes_duration: 19800.018239999772
