comms_cons: 52.68031360110822
finished_reconf: true
global_termination_time: 522840.005
local_termination_time: 82149.30535999997
node_cons: 10693.756381121444
tot_aggregated_send: 6960
tot_msg_rcv: 296
tot_msg_sent: 751
tot_reconf_duration: 6.279999999999999
tot_sleeping_duration: 514859.99891999894
tot_uptimes: 134
tot_uptimes_duration: 7980.006080001069
