comms_cons: 371.32472324705174
finished_reconf: true
global_termination_time: 3701265.55
local_termination_time: 1830849.235
node_cons: 76122.6521203832
tot_aggregated_send: 51328
tot_msg_rcv: 1522
tot_msg_sent: 3590
tot_reconf_duration: 22.65
tot_sleeping_duration: 3644438.1464000107
tot_uptimes: 948
tot_uptimes_duration: 56827.4035999889
