comms_cons: 369.15598722304037
finished_reconf: true
global_termination_time: 3699744.931
local_termination_time: 212934.7328400006
node_cons: 76090.57336893347
tot_aggregated_send: 51330
tot_msg_rcv: 1521
tot_msg_sent: 3259
tot_reconf_duration: 6.279999999999999
tot_sleeping_duration: 3642924.8823600183
tot_uptimes: 948
tot_uptimes_duration: 56820.04863998154
