comms_cons: 370.4731456334869
finished_reconf: true
global_termination_time: 3697501.631239997
local_termination_time: 21618.091480000003
node_cons: 76028.35347387916
tot_aggregated_send: 51156
tot_msg_rcv: 1600
tot_msg_sent: 3553
tot_reconf_duration: 5.57
tot_sleeping_duration: 3640727.3299600263
tot_uptimes: 947
tot_uptimes_duration: 56774.30127997085
