comms_cons: 371.13392643165105
finished_reconf: true
global_termination_time: 3697501.6088399976
local_termination_time: 3697501.6088399976
node_cons: 76146.84613627463
tot_aggregated_send: 51478
tot_msg_rcv: 1492
tot_msg_sent: 3440
tot_reconf_duration: 37.410000000000004
tot_sleeping_duration: 3640671.1059600296
tot_uptimes: 947
tot_uptimes_duration: 56830.50287996768
