comms_cons: 375.90768004552115
finished_reconf: true
global_termination_time: 3700825.099
local_termination_time: 1193378.53736
node_cons: 76090.49188893351
tot_aggregated_send: 50518
tot_msg_rcv: 2350
tot_msg_sent: 4265
tot_reconf_duration: 6.22
tot_sleeping_duration: 3644005.050360018
tot_uptimes: 948
tot_uptimes_duration: 56820.0486399816
