comms_cons: 375.6580736573122
finished_reconf: true
global_termination_time: 3700694.502
local_termination_time: 1149487.1433599999
node_cons: 76097.42039116721
tot_aggregated_send: 50344
tot_msg_rcv: 2360
tot_msg_sent: 4393
tot_reconf_duration: 11.31
tot_sleeping_duration: 3643874.441200023
tot_uptimes: 948
tot_uptimes_duration: 56820.06079997681
