comms_cons: 44.46741759988822
finished_reconf: true
global_termination_time: 10291.939240000003
local_termination_time: 823.6125999999991
node_cons: 4328.446197080045
tot_aggregated_send: 0
tot_msg_rcv: 3661
tot_msg_sent: 3097
tot_reconf_duration: 18.21
tot_sleeping_duration: 7077.81151999997
tot_uptimes: 42
tot_uptimes_duration: 3214.1277200000322
