comms_cons: 2.4678271999943266
finished_reconf: true
global_termination_time: 12508.225
local_termination_time: 5739.631360000001
node_cons: 248.3939399999992
tot_aggregated_send: 0
tot_msg_rcv: 206
tot_msg_sent: 169
tot_reconf_duration: 5.43
tot_sleeping_duration: 12328.225000000002
tot_uptimes: 4
tot_uptimes_duration: 180.0
