comms_cons: 139.53265915621805
finished_reconf: true
global_termination_time: 1021032.59536
local_termination_time: 247634.92660000006
node_cons: 21012.879484607864
tot_aggregated_send: 6438
tot_msg_rcv: 6069
tot_msg_sent: 8705
tot_reconf_duration: 18.21
tot_sleeping_duration: 1005358.0992400539
tot_uptimes: 262
tot_uptimes_duration: 15674.496119946125
