comms_cons: 101.52996479623296
finished_reconf: true
global_termination_time: 1021343.415
local_termination_time: 280388.04448000004
node_cons: 20986.63300112144
tot_aggregated_send: 14616
tot_msg_rcv: 304
tot_msg_sent: 511
tot_reconf_duration: 13.17
tot_sleeping_duration: 1005683.408919999
tot_uptimes: 262
tot_uptimes_duration: 15660.006080001069
