comms_cons: 100.5564927994163
finished_reconf: true
global_termination_time: 1023339.415
local_termination_time: 476949.99668000074
node_cons: 21055.61198000003
tot_aggregated_send: 15022
tot_msg_rcv: 92
tot_msg_sent: 170
tot_reconf_duration: 4.8100000000000005
tot_sleeping_duration: 1007619.415
tot_uptimes: 263
tot_uptimes_duration: 15720.0
