comms_cons: 101.70127359669883
finished_reconf: true
global_termination_time: 1026282.415
local_termination_time: 322862.76836000005
node_cons: 21065.248341121416
tot_aggregated_send: 14674
tot_msg_rcv: 273
tot_msg_sent: 511
tot_reconf_duration: 11.899999999999999
tot_sleeping_duration: 1010562.4089199989
tot_uptimes: 263
tot_uptimes_duration: 15720.00608000107
