comms_cons: 100.99729919751356
finished_reconf: true
global_termination_time: 1021274.411
local_termination_time: 360957.9913600001
node_cons: 20977.933660000057
tot_aggregated_send: 14732
tot_msg_rcv: 219
tot_msg_sent: 400
tot_reconf_duration: 6.77
tot_sleeping_duration: 1005614.411
tot_uptimes: 262
tot_uptimes_duration: 15660.0
