comms_cons: 100.68212479919167
finished_reconf: true
global_termination_time: 1025665.515
local_termination_time: 550074.215
node_cons: 21062.157540000037
tot_aggregated_send: 14903
tot_msg_rcv: 115
tot_msg_sent: 285
tot_reconf_duration: 9.629999999999999
tot_sleeping_duration: 1009945.515
tot_uptimes: 263
tot_uptimes_duration: 15720.0
