comms_cons: 101.26046719738997
finished_reconf: true
global_termination_time: 1023616.603
local_termination_time: 350579.71536000003
node_cons: 21057.526759999993
tot_aggregated_send: 14790
tot_msg_rcv: 200
tot_msg_sent: 401
tot_reconf_duration: 6.22
tot_sleeping_duration: 1007896.603
tot_uptimes: 263
tot_uptimes_duration: 15720.0
