comms_cons: 73.14754559896691
finished_reconf: true
global_termination_time: 740377.397
local_termination_time: 327609.76636000007
node_cons: 15215.018700000055
tot_aggregated_send: 10614
tot_msg_rcv: 177
tot_msg_sent: 327
tot_reconf_duration: 22.65
tot_sleeping_duration: 729037.397
tot_uptimes: 190
tot_uptimes_duration: 11340.0
