comms_cons: 73.0647295985198
finished_reconf: true
global_termination_time: 741430.756
local_termination_time: 350975.3963600001
node_cons: 15218.625541121437
tot_aggregated_send: 10498
tot_msg_rcv: 171
tot_msg_sent: 437
tot_reconf_duration: 25.299999999999997
tot_sleeping_duration: 730090.7499199989
tot_uptimes: 190
tot_uptimes_duration: 11340.006080001069
