comms_cons: 73.81862399915222
finished_reconf: true
global_termination_time: 743701.355
local_termination_time: 445246.67536000005
node_cons: 15285.119380000004
tot_aggregated_send: 10672
tot_msg_rcv: 214
tot_msg_sent: 334
tot_reconf_duration: 15.110000000000001
tot_sleeping_duration: 732301.355
tot_uptimes: 191
tot_uptimes_duration: 11400.0
