comms_cons: 73.49624319880675
finished_reconf: true
global_termination_time: 743333.382
local_termination_time: 684389.05436
node_cons: 15270.56162000004
tot_aggregated_send: 10730
tot_msg_rcv: 155
tot_msg_sent: 286
tot_reconf_duration: 4.390000000000001
tot_sleeping_duration: 731933.382
tot_uptimes: 191
tot_uptimes_duration: 11400.0
