comms_cons: 37.193900801396865
finished_reconf: true
global_termination_time: 305427.79680000024
local_termination_time: 305427.75568000023
node_cons: 6331.130237528976
tot_aggregated_send: 2900
tot_msg_rcv: 1086
tot_msg_sent: 1665
tot_reconf_duration: 24.59
tot_sleeping_duration: 300724.4831199936
tot_uptimes: 79
tot_uptimes_duration: 4703.313680006691
