comms_cons: 31.718323200513478
finished_reconf: true
global_termination_time: 311284.554
local_termination_time: 92303.65995999992
node_cons: 6353.802082242876
tot_aggregated_send: 4060
tot_msg_rcv: 241
tot_msg_sent: 520
tot_reconf_duration: 5.1
tot_sleeping_duration: 306544.54183999787
tot_uptimes: 80
tot_uptimes_duration: 4740.0121600021375
