comms_cons: 294.2374912141193
finished_reconf: true
global_termination_time: 2922861.263
local_termination_time: 56518.98440000017
node_cons: 60102.913368939386
tot_aggregated_send: 40948
tot_msg_rcv: 1332
tot_msg_sent: 2445
tot_reconf_duration: 6.279999999999999
tot_sleeping_duration: 2877981.2143600145
tot_uptimes: 749
tot_uptimes_duration: 44880.04863998544
