comms_cons: 575.0798531737992
finished_reconf: true
global_termination_time: 2919483.221039996
local_termination_time: 112.44980000000017
node_cons: 60093.575151021585
tot_aggregated_send: 0
tot_msg_rcv: 44028
tot_msg_sent: 43377
tot_reconf_duration: 5.1
tot_sleeping_duration: 2874608.949680009
tot_uptimes: 748
tot_uptimes_duration: 44874.27135998709
