comms_cons: 296.0468096147766
finished_reconf: true
global_termination_time: 2921835.075
local_termination_time: 760657.5323599998
node_cons: 60106.748367817934
tot_aggregated_send: 40020
tot_msg_rcv: 1611
tot_msg_sent: 3365
tot_reconf_duration: 9.11
tot_sleeping_duration: 2876955.032440016
tot_uptimes: 749
tot_uptimes_duration: 44880.04255998437
