comms_cons: 294.3311168154518
finished_reconf: true
global_termination_time: 2924262.955
local_termination_time: 1302067.2606399981
node_cons: 60107.14492446641
tot_aggregated_send: 40484
tot_msg_rcv: 1353
tot_msg_sent: 2899
tot_reconf_duration: 9.42
tot_sleeping_duration: 2879382.930680009
tot_uptimes: 749
tot_uptimes_duration: 44880.02431999077
