comms_cons: 295.03488002333984
finished_reconf: true
global_termination_time: 2920386.49
local_termination_time: 1110593.217759998
node_cons: 60022.49188893445
tot_aggregated_send: 40426
tot_msg_rcv: 1512
tot_msg_sent: 2905
tot_reconf_duration: 6.22
tot_sleeping_duration: 2875566.441360018
tot_uptimes: 748
tot_uptimes_duration: 44820.048639981775
