comms_cons: 294.4652544329454
finished_reconf: true
global_termination_time: 2919806.418
local_termination_time: 1102707.2007999984
node_cons: 60029.40410893456
tot_aggregated_send: 40600
tot_msg_rcv: 1431
tot_msg_sent: 2726
tot_reconf_duration: 11.31
tot_sleeping_duration: 2874986.3693600185
tot_uptimes: 748
tot_uptimes_duration: 44820.048639981775
