comms_cons: 14.246604800010006
finished_reconf: true
global_termination_time: 147834.488
local_termination_time: 61312.90404000016
node_cons: 2976.721900000005
tot_aggregated_send: 2088
tot_msg_rcv: 21
tot_msg_sent: 56
tot_reconf_duration: 3.05
tot_sleeping_duration: 145614.488
tot_uptimes: 38
tot_uptimes_duration: 2220.0
