comms_cons: 305.1308096078754
finished_reconf: true
global_termination_time: 2997002.331
local_termination_time: 479122.22036000004
node_cons: 61627.39339116713
tot_aggregated_send: 40020
tot_msg_rcv: 2148
tot_msg_sent: 4211
tot_reconf_duration: 4.8100000000000005
tot_sleeping_duration: 2950982.2702000234
tot_uptimes: 768
tot_uptimes_duration: 46020.060799976345
