comms_cons: 642.9171457206393
finished_reconf: true
global_termination_time: 6500709.11
local_termination_time: 3259815.9901599996
node_cons: 133689.99148669865
tot_aggregated_send: 89842
tot_msg_rcv: 2646
tot_msg_sent: 5231
tot_reconf_duration: 3.08
tot_sleeping_duration: 6400869.073520013
tot_uptimes: 1665
tot_uptimes_duration: 99840.0364799872
