comms_cons: 638.4747841036475
finished_reconf: true
global_termination_time: 6501432.063
local_termination_time: 3493267.9524800004
node_cons: 133706.3119444647
tot_aggregated_send: 89494
tot_msg_rcv: 2445
tot_msg_sent: 5105
tot_reconf_duration: 15.110000000000001
tot_sleeping_duration: 6401592.038680009
tot_uptimes: 1665
tot_uptimes_duration: 99840.02431999147
