comms_cons: 644.0883777271155
finished_reconf: true
global_termination_time: 6499659.767
local_termination_time: 1694872.07436
node_cons: 133701.20039116693
tot_aggregated_send: 90770
tot_msg_rcv: 2365
tot_msg_sent: 4763
tot_reconf_duration: 11.31
tot_sleeping_duration: 6399819.706200021
tot_uptimes: 1665
tot_uptimes_duration: 99840.06079997846
