comms_cons: 0.7631871999974807
finished_reconf: true
global_termination_time: 4135.949
local_termination_time: 3395.9243600000004
node_cons: 84.48190000000025
tot_aggregated_send: 0
tot_msg_rcv: 60
tot_msg_sent: 56
tot_reconf_duration: 3.05
tot_sleeping_duration: 4075.9489999999996
tot_uptimes: 2
tot_uptimes_duration: 60.0
