comms_cons: 17.830259199715314
finished_reconf: true
global_termination_time: 170614.655
local_termination_time: 121097.0821999999
node_cons: 3465.247701121442
tot_aggregated_send: 2204
tot_msg_rcv: 222
tot_msg_sent: 284
tot_reconf_duration: 7.819999999999999
tot_sleeping_duration: 168034.64891999893
tot_uptimes: 44
tot_uptimes_duration: 2580.0060800010688
