comms_cons: 17.276979200113363
finished_reconf: true
global_termination_time: 170539.62320000073
local_termination_time: 130192.32035999998
node_cons: 3532.771759922428
tot_aggregated_send: 2378
tot_msg_rcv: 105
tot_msg_sent: 142
tot_reconf_duration: 11.31
tot_sleeping_duration: 167912.72791999893
tot_uptimes: 44
tot_uptimes_duration: 2626.8952800017996
