comms_cons: 177.37585919600392
finished_reconf: true
global_termination_time: 1794126.832
local_termination_time: 578912.284
node_cons: 36894.673704473986
tot_aggregated_send: 25745
tot_msg_rcv: 350
tot_msg_sent: 865
tot_reconf_duration: 13.17
tot_sleeping_duration: 1766586.2876800043
tot_uptimes: 460
tot_uptimes_duration: 27540.544319995563
