comms_cons: 184.25832958044273
finished_reconf: true
global_termination_time: 1792874.003
local_termination_time: 303821.6917600009
node_cons: 36882.63268558388
tot_aggregated_send: 24012
tot_msg_rcv: 1378
tot_msg_sent: 2617
tot_reconf_duration: 4.8100000000000005
tot_sleeping_duration: 1765333.972600012
tot_uptimes: 460
tot_uptimes_duration: 27540.030399988056
