comms_cons: 177.03969279584058
finished_reconf: true
global_termination_time: 1795812.488
local_termination_time: 361638.9287600004
node_cons: 36883.433939999864
tot_aggregated_send: 26100
tot_msg_rcv: 290
tot_msg_sent: 519
tot_reconf_duration: 5.43
tot_sleeping_duration: 1768272.488
tot_uptimes: 460
tot_uptimes_duration: 27540.0
