comms_cons: 360.2078079972696
finished_reconf: true
global_termination_time: 3636761.371
local_termination_time: 2360040.5242399983
node_cons: 74805.10894558337
tot_aggregated_send: 49938
tot_msg_rcv: 1567
tot_msg_sent: 3244
tot_reconf_duration: 6.279999999999999
tot_sleeping_duration: 3580901.340600011
tot_uptimes: 932
tot_uptimes_duration: 55860.03039998864
