comms_cons: 363.93731203920294
finished_reconf: true
global_termination_time: 3636214.939
local_termination_time: 938609.5993599999
node_cons: 74811.95596781692
tot_aggregated_send: 50634
tot_msg_rcv: 1490
tot_msg_sent: 3194
tot_reconf_duration: 11.31
tot_sleeping_duration: 3580354.8964400156
tot_uptimes: 932
tot_uptimes_duration: 55860.04255998414
