comms_cons: 86.82632960017955
finished_reconf: true
global_termination_time: 893576.934
local_termination_time: 231379.35236000005
node_cons: 18324.90208112145
tot_aggregated_send: 12934
tot_msg_rcv: 92
tot_msg_sent: 171
tot_reconf_duration: 5.43
tot_sleeping_duration: 879896.927919999
tot_uptimes: 229
tot_uptimes_duration: 13680.006080001069
