comms_cons: 340.8476416092457
finished_reconf: true
global_termination_time: 3446705.092
local_termination_time: 814226.5743599999
node_cons: 70872.25137999839
tot_aggregated_send: 49590
tot_msg_rcv: 714
tot_msg_sent: 1502
tot_reconf_duration: 9.11
tot_sleeping_duration: 3393785.092
tot_uptimes: 883
tot_uptimes_duration: 52920.0
