comms_cons: 87.38080640996505
finished_reconf: true
global_termination_time: 387506.16260000016
local_termination_time: 2123.4156
node_cons: 7999.023598493133
tot_aggregated_send: 0
tot_msg_rcv: 7466
tot_msg_sent: 5808
tot_reconf_duration: 18.21
tot_sleeping_duration: 381550.75227999035
tot_uptimes: 100
tot_uptimes_duration: 5955.410320009803
