comms_cons: 38.3119360000583
finished_reconf: true
global_termination_time: 389425.349
local_termination_time: 268285.422
node_cons: 7991.492797682505
tot_aggregated_send: 5450
tot_msg_rcv: 98
tot_msg_sent: 275
tot_reconf_duration: 22.65
tot_sleeping_duration: 383480.06587999815
tot_uptimes: 100
tot_uptimes_duration: 5945.283120001841
