comms_cons: 113.10709761314742
finished_reconf: true
global_termination_time: 387505.56260000006
local_termination_time: 387505.52148000005
node_cons: 15851.974572640718
tot_aggregated_send: 0
tot_msg_rcv: 5797
tot_msg_sent: 11395
tot_reconf_duration: 37.410000000000004
tot_sleeping_duration: 375704.8368399996
tot_uptimes: 196
tot_uptimes_duration: 11800.72576000051
