comms_cons: 37.98830080012902
finished_reconf: true
global_termination_time: 387506.4726400005
local_termination_time: 189228.9916000001
node_cons: 8007.778372960706
tot_aggregated_send: 5684
tot_msg_rcv: 14
tot_msg_sent: 76
tot_reconf_duration: 5.1
tot_sleeping_duration: 381531.228
tot_uptimes: 100
tot_uptimes_duration: 5975.244640000514
