comms_cons: 38.646220800274996
finished_reconf: true
global_termination_time: 389395.931
local_termination_time: 69618.58247999995
node_cons: 7964.646220000005
tot_aggregated_send: 5510
tot_msg_rcv: 139
tot_msg_sent: 225
tot_reconf_duration: 8.09
tot_sleeping_duration: 383455.931
tot_uptimes: 100
tot_uptimes_duration: 5940.0
