comms_cons: 37.90179840017153
finished_reconf: true
global_termination_time: 389467.183
local_termination_time: 82721.36047999997
node_cons: 7979.062741121456
tot_aggregated_send: 5626
tot_msg_rcv: 35
tot_msg_sent: 99
tot_reconf_duration: 18.700000000000003
tot_sleeping_duration: 383527.17691999895
tot_uptimes: 100
tot_uptimes_duration: 5940.006080001069
