comms_cons: 37.870502399941174
finished_reconf: true
global_termination_time: 387864.496
local_termination_time: 22459.828160000005
node_cons: 7975.212316240015
tot_aggregated_send: 5626
tot_msg_rcv: 27
tot_msg_sent: 103
tot_reconf_duration: 15.34
tot_sleeping_duration: 381923.95784
tot_uptimes: 100
tot_uptimes_duration: 5940.538160000004
