comms_cons: 68.00352000646068
finished_reconf: true
global_termination_time: 319794.20428000076
local_termination_time: 319794.16316000075
node_cons: 6612.949996005687
tot_aggregated_send: 0
tot_msg_rcv: 5572
tot_msg_sent: 4765
tot_reconf_duration: 24.59
tot_sleeping_duration: 314880.4202799965
tot_uptimes: 82
tot_uptimes_duration: 4913.784000004234
