comms_cons: 47.69982720055917
finished_reconf: true
global_termination_time: 476949.8925200004
local_termination_time: 476949.8514000004
node_cons: 9877.182727765123
tot_aggregated_send: 6656
tot_msg_rcv: 159
tot_msg_sent: 435
tot_reconf_duration: 24.59
tot_sleeping_duration: 469598.2946799966
tot_uptimes: 123
tot_uptimes_duration: 7351.5978400038075
