comms_cons: 49.13346560125564
finished_reconf: true
global_termination_time: 479674.091
local_termination_time: 176542.46112000046
node_cons: 9822.34428448345
tot_aggregated_send: 6264
tot_msg_rcv: 419
tot_msg_sent: 785
tot_reconf_duration: 15.34
tot_sleeping_duration: 472354.0666799974
tot_uptimes: 123
tot_uptimes_duration: 7320.0243200025725
