comms_cons: 48.72016000074393
finished_reconf: true
global_termination_time: 477785.005
local_termination_time: 115732.52935999996
node_cons: 9835.845541121429
tot_aggregated_send: 6380
tot_msg_rcv: 368
tot_msg_sent: 657
tot_reconf_duration: 25.299999999999997
tot_sleeping_duration: 470464.99891999894
tot_uptimes: 123
tot_uptimes_duration: 7320.006080001069
