comms_cons: 227.66068478173068
finished_reconf: true
global_termination_time: 2244478.802
local_termination_time: 754443.1875999988
node_cons: 46226.27498223317
tot_aggregated_send: 30740
tot_msg_rcv: 1267
tot_msg_sent: 2597
tot_reconf_duration: 22.65
tot_sleeping_duration: 2209978.789840005
tot_uptimes: 575
tot_uptimes_duration: 34500.01215999527
