comms_cons: 226.89749758268317
finished_reconf: true
global_termination_time: 2245417.727
local_termination_time: 1463405.7823599998
node_cons: 46202.43394111611
tot_aggregated_send: 30856
tot_msg_rcv: 1353
tot_msg_sent: 2279
tot_reconf_duration: 5.1
tot_sleeping_duration: 2210917.720920002
tot_uptimes: 576
tot_uptimes_duration: 34500.006079997635
