comms_cons: 227.48208638038582
finished_reconf: true
global_termination_time: 2248919.262
local_termination_time: 455468.1119600001
node_cons: 46202.064544466804
tot_aggregated_send: 31088
tot_msg_rcv: 1223
tot_msg_sent: 2264
tot_reconf_duration: 4.8100000000000005
tot_sleeping_duration: 2214419.2376800096
tot_uptimes: 576
tot_uptimes_duration: 34500.02431999054
