comms_cons: 228.50940158538967
finished_reconf: true
global_termination_time: 2246836.363
local_termination_time: 447508.2211200009
node_cons: 46201.50232558358
tot_aggregated_send: 30856
tot_msg_rcv: 1378
tot_msg_sent: 2499
tot_reconf_duration: 4.390000000000001
tot_sleeping_duration: 2212336.3326000115
tot_uptimes: 576
tot_uptimes_duration: 34500.03039998817
