comms_cons: 400.33366406649503
finished_reconf: true
global_termination_time: 3993703.78
local_termination_time: 3062714.42836
node_cons: 82138.28754670003
tot_aggregated_send: 56202
tot_msg_rcv: 1586
tot_msg_sent: 3061
tot_reconf_duration: 22.65
tot_sleeping_duration: 3932383.743520013
tot_uptimes: 1023
tot_uptimes_duration: 61320.03647998674
