comms_cons: 786.7134477043151
finished_reconf: true
global_termination_time: 3993043.961
local_termination_time: 1940.7993600000002
node_cons: 82115.09290670414
tot_aggregated_send: 0
tot_msg_rcv: 60295
tot_msg_sent: 59280
tot_reconf_duration: 5.57
tot_sleeping_duration: 3931723.9245200106
tot_uptimes: 1023
tot_uptimes_duration: 61320.03647998971
