comms_cons: 406.9327360636568
finished_reconf: true
global_termination_time: 3994408.513
local_termination_time: 344195.31344000023
node_cons: 82125.44627117144
tot_aggregated_send: 54520
tot_msg_rcv: 2573
tot_msg_sent: 4756
tot_reconf_duration: 13.17
tot_sleeping_duration: 3933088.4522000197
tot_uptimes: 1023
tot_uptimes_duration: 61320.060799980245
