comms_cons: 406.64314887590456
finished_reconf: true
global_termination_time: 3992900.938
local_termination_time: 600108.6874799988
node_cons: 82111.73591005457
tot_aggregated_send: 54346
tot_msg_rcv: 2521
tot_msg_sent: 4939
tot_reconf_duration: 3.08
tot_sleeping_duration: 3931580.8832800174
tot_uptimes: 1023
tot_uptimes_duration: 61320.05471998261
