comms_cons: 405.67292165657756
finished_reconf: true
global_termination_time: 3993282.414
local_termination_time: 838805.0213599999
node_cons: 82118.52320781632
tot_aggregated_send: 54868
tot_msg_rcv: 2379
tot_msg_sent: 4413
tot_reconf_duration: 8.09
tot_sleeping_duration: 3931962.371440016
tot_uptimes: 1023
tot_uptimes_duration: 61320.04255998391
