comms_cons: 27.667417600686193
finished_reconf: true
global_termination_time: 218859.14856000067
local_termination_time: 218859.10744000066
node_cons: 4597.341405686389
tot_aggregated_send: 1740
tot_msg_rcv: 889
tot_msg_sent: 1577
tot_reconf_duration: 24.59
tot_sleeping_duration: 215450.6734399959
tot_uptimes: 57
tot_uptimes_duration: 3408.4751200047613
