comms_cons: 22.975820800191215
finished_reconf: true
global_termination_time: 220743.271
local_termination_time: 7394.62736
node_cons: 4529.806841121434
tot_aggregated_send: 2900
tot_msg_rcv: 263
tot_msg_sent: 330
tot_reconf_duration: 22.65
tot_sleeping_duration: 217383.26491999894
tot_uptimes: 57
tot_uptimes_duration: 3360.0060800010688
