comms_cons: 192.06721279349205
finished_reconf: true
global_termination_time: 1939076.8152400001
local_termination_time: 19604.34148
node_cons: 39877.51529382713
tot_aggregated_send: 27550
tot_msg_rcv: 462
tot_msg_sent: 1180
tot_reconf_duration: 6.22
tot_sleeping_duration: 1909301.5586800096
tot_uptimes: 497
tot_uptimes_duration: 29775.25655999058
