comms_cons: 324.1709696242383
finished_reconf: true
global_termination_time: 3236880.011
local_termination_time: 742642.8553599999
node_cons: 66527.53860781675
tot_aggregated_send: 45530
tot_msg_rcv: 1244
tot_msg_sent: 2499
tot_reconf_duration: 4.390000000000001
tot_sleeping_duration: 3187199.9684400163
tot_uptimes: 829
tot_uptimes_duration: 49680.042559983674
