comms_cons: 324.43223681932767
finished_reconf: true
global_termination_time: 3236684.229
local_termination_time: 230493.42128000033
node_cons: 66532.21283005069
tot_aggregated_send: 45356
tot_msg_rcv: 1282
tot_msg_sent: 2673
tot_reconf_duration: 7.819999999999999
tot_sleeping_duration: 3187004.174280021
tot_uptimes: 829
tot_uptimes_duration: 49680.054719979176
