comms_cons: 45.00671360048946
finished_reconf: true
global_termination_time: 440571.408
local_termination_time: 36758.557120000194
node_cons: 9056.426067041144
tot_aggregated_send: 5800
tot_msg_rcv: 347
tot_msg_sent: 694
tot_reconf_duration: 25.299999999999997
tot_sleeping_duration: 433833.4926399992
tot_uptimes: 113
tot_uptimes_duration: 6737.915360000843
