comms_cons: 44.70629120058996
finished_reconf: true
global_termination_time: 439888.773
local_termination_time: 284663.27236
node_cons: 9004.066043364242
tot_aggregated_send: 5916
tot_msg_rcv: 304
tot_msg_sent: 575
tot_reconf_duration: 4.390000000000001
tot_sleeping_duration: 433168.7547599968
tot_uptimes: 113
tot_uptimes_duration: 6720.018240003206
