comms_cons: 71.45039359916353
finished_reconf: true
global_termination_time: 730439.272
local_termination_time: 145231.04799999998
node_cons: 15036.652072401323
tot_aggregated_send: 10436
tot_msg_rcv: 75
tot_msg_sent: 349
tot_reconf_duration: 7.819999999999999
tot_sleeping_duration: 719217.440399999
tot_uptimes: 188
tot_uptimes_duration: 11221.831600000995
