comms_cons: 70.7984256003815
finished_reconf: true
global_termination_time: 731933.8
local_termination_time: 307745.28248000005
node_cons: 15032.034901121417
tot_aggregated_send: 10034
tot_msg_rcv: 241
tot_msg_sent: 487
tot_reconf_duration: 6.22
tot_sleeping_duration: 720713.793919999
tot_uptimes: 188
tot_uptimes_duration: 11220.006080001069
