comms_cons: 48.7979264002394
finished_reconf: true
global_termination_time: 498233.087
local_termination_time: 136935.2554400002
node_cons: 10233.938700000004
tot_aggregated_send: 7250
tot_msg_rcv: 72
tot_msg_sent: 95
tot_reconf_duration: 22.65
tot_sleeping_duration: 490613.087
tot_uptimes: 128
tot_uptimes_duration: 7620.0
