comms_cons: 49.6861184006258
finished_reconf: true
global_termination_time: 499096.254
local_termination_time: 203250.08436000004
node_cons: 10224.01172000001
tot_aggregated_send: 7018
tot_msg_rcv: 200
tot_msg_sent: 334
tot_reconf_duration: 15.34
tot_sleeping_duration: 491476.254
tot_uptimes: 128
tot_uptimes_duration: 7620.0
