comms_cons: 48.962406400358375
finished_reconf: true
global_termination_time: 497761.308
local_termination_time: 228315.4378800009
node_cons: 10260.04727544269
tot_aggregated_send: 7192
tot_msg_rcv: 84
tot_msg_sent: 166
tot_reconf_duration: 25.299999999999997
tot_sleeping_duration: 490124.49703999807
tot_uptimes: 128
tot_uptimes_duration: 7636.810960001982
