comms_cons: 49.74533120069525
finished_reconf: true
global_termination_time: 497109.863
local_termination_time: 209131.79548000006
node_cons: 10207.321899999997
tot_aggregated_send: 7076
tot_msg_rcv: 197
tot_msg_sent: 288
tot_reconf_duration: 3.05
tot_sleeping_duration: 489489.863
tot_uptimes: 128
tot_uptimes_duration: 7620.0
