comms_cons: 49.205836800215835
finished_reconf: true
global_termination_time: 497320.077
local_termination_time: 124035.15807999963
node_cons: 10211.626760000016
tot_aggregated_send: 7192
tot_msg_rcv: 118
tot_msg_sent: 169
tot_reconf_duration: 6.22
tot_sleeping_duration: 489700.077
tot_uptimes: 128
tot_uptimes_duration: 7620.0
