comms_cons: 348.8568256443504
finished_reconf: true
global_termination_time: 525327.454
local_termination_time: 224068.47320000065
node_cons: 52352.13023821551
tot_aggregated_send: 0
tot_msg_rcv: 23946
tot_msg_sent: 29078
tot_reconf_duration: 15.34
tot_sleeping_duration: 486245.0801999879
tot_uptimes: 630
tot_uptimes_duration: 39082.37380001211
