comms_cons: 80.4433536099579
finished_reconf: true
global_termination_time: 525978.984
local_termination_time: 229796.71436000007
node_cons: 10799.9336822429
tot_aggregated_send: 0
tot_msg_rcv: 6269
tot_msg_sent: 5958
tot_reconf_duration: 25.299999999999997
tot_sleeping_duration: 517938.9718399979
tot_uptimes: 135
tot_uptimes_duration: 8040.0121600021375
