comms_cons: 130.36679679500347
finished_reconf: true
global_termination_time: 1300892.597119998
local_termination_time: 1300892.597119998
node_cons: 26902.55388479417
tot_aggregated_send: 18385
tot_msg_rcv: 482
tot_msg_sent: 947
tot_reconf_duration: 46.74
tot_sleeping_duration: 1280848.4739200023
tot_uptimes: 334
tot_uptimes_duration: 20044.123199995607
