comms_cons: 95.74511999953086
finished_reconf: true
global_termination_time: 942087.661
local_termination_time: 458973.8166000001
node_cons: 19370.48452224285
tot_aggregated_send: 12412
tot_msg_rcv: 758
tot_msg_sent: 1382
tot_reconf_duration: 6.279999999999999
tot_sleeping_duration: 927627.6488399978
tot_uptimes: 242
tot_uptimes_duration: 14460.012160002138
