comms_cons: 97.90974719760608
finished_reconf: true
global_termination_time: 942388.611
local_termination_time: 472104.8399200003
node_cons: 19369.561047836258
tot_aggregated_send: 11774
tot_msg_rcv: 912
tot_msg_sent: 2195
tot_reconf_duration: 5.57
tot_sleeping_duration: 927928.5684400029
tot_uptimes: 242
tot_uptimes_duration: 14460.042559997179
