comms_cons: 93.66915839336167
finished_reconf: true
global_termination_time: 942371.828
local_termination_time: 584941.1503599999
node_cons: 19366.138922233637
tot_aggregated_send: 11774
tot_msg_rcv: 885
tot_msg_sent: 1578
tot_reconf_duration: 3.08
tot_sleeping_duration: 927911.8158400047
tot_uptimes: 242
tot_uptimes_duration: 14460.012159995269
