comms_cons: 94.63724159574434
finished_reconf: true
global_termination_time: 942438.784
local_termination_time: 501331.9172400005
node_cons: 19372.99949006075
tot_aggregated_send: 12006
tot_msg_rcv: 735
tot_msg_sent: 1642
tot_reconf_duration: 8.09
tot_sleeping_duration: 927978.7292800144
tot_uptimes: 242
tot_uptimes_duration: 14460.05471998558
