comms_cons: 95.99269759424084
finished_reconf: true
global_termination_time: 943686.585
local_termination_time: 686955.1253599998
node_cons: 19379.11596335513
tot_aggregated_send: 12180
tot_msg_rcv: 874
tot_msg_sent: 1536
tot_reconf_duration: 12.629999999999999
tot_sleeping_duration: 929226.5667600037
tot_uptimes: 242
tot_uptimes_duration: 14460.018239996338
