comms_cons: 96.93567998985247
finished_reconf: true
global_termination_time: 944321.306
local_termination_time: 541520.3705999998
node_cons: 19376.84266446729
tot_aggregated_send: 12586
tot_msg_rcv: 758
tot_msg_sent: 1390
tot_reconf_duration: 10.95
tot_sleeping_duration: 929861.2816800094
tot_uptimes: 242
tot_uptimes_duration: 14460.024319990538
