comms_cons: 93.95755519729963
finished_reconf: true
global_termination_time: 942827.267
local_termination_time: 580581.5780399983
node_cons: 19367.917902233712
tot_aggregated_send: 13514
tot_msg_rcv: 304
tot_msg_sent: 463
tot_reconf_duration: 4.390000000000001
tot_sleeping_duration: 928367.2548400047
tot_uptimes: 242
tot_uptimes_duration: 14460.012159995269
