comms_cons: 95.57666559531435
finished_reconf: true
global_termination_time: 942439.561
local_termination_time: 534065.8274799997
node_cons: 19369.330222233602
tot_aggregated_send: 12818
tot_msg_rcv: 550
tot_msg_sent: 1159
tot_reconf_duration: 5.43
tot_sleeping_duration: 927979.5488400047
tot_uptimes: 242
tot_uptimes_duration: 14460.012159995269
