comms_cons: 107.51791360110542
finished_reconf: true
global_termination_time: 1092925.479
local_termination_time: 425874.9493600001
node_cons: 22439.597321121495
tot_aggregated_send: 15196
tot_msg_rcv: 402
tot_msg_sent: 744
tot_reconf_duration: 18.21
tot_sleeping_duration: 1076185.472919999
tot_uptimes: 280
tot_uptimes_duration: 16740.00608000107
