comms_cons: 215.46124788283188
finished_reconf: true
global_termination_time: 1089998.367
local_termination_time: 183.52803999999995
node_cons: 22449.233682242895
tot_aggregated_send: 0
tot_msg_rcv: 16586
tot_msg_sent: 16162
tot_reconf_duration: 25.299999999999997
tot_sleeping_duration: 1073258.3548399978
tot_uptimes: 280
tot_uptimes_duration: 16740.012160002138
