comms_cons: 112.20875519291803
finished_reconf: true
global_termination_time: 1091530.894
local_termination_time: 13700.26948
node_cons: 22425.495842233697
tot_aggregated_send: 14616
tot_msg_rcv: 876
tot_msg_sent: 1561
tot_reconf_duration: 7.819999999999999
tot_sleeping_duration: 1074790.8818400048
tot_uptimes: 280
tot_uptimes_duration: 16740.01215999527
