comms_cons: 2.3158783999923473
finished_reconf: true
global_termination_time: 16261.155
local_termination_time: 9042.72136
node_cons: 329.8882399999984
tot_aggregated_send: 0
tot_msg_rcv: 181
tot_msg_sent: 171
tot_reconf_duration: 6.279999999999999
tot_sleeping_duration: 16021.155
tot_uptimes: 5
tot_uptimes_duration: 240.0
