comms_cons: 66.23280639989297
finished_reconf: true
global_termination_time: 637470.234
local_termination_time: 489668.86484000017
node_cons: 13106.463207840869
tot_aggregated_send: 8004
tot_msg_rcv: 724
tot_msg_sent: 1339
tot_reconf_duration: 8.09
tot_sleeping_duration: 627690.1914399994
tot_uptimes: 164
tot_uptimes_duration: 9780.042560000613
