comms_cons: 65.97026559851034
finished_reconf: true
global_termination_time: 643721.177
local_termination_time: 184889.46036000006
node_cons: 13183.166504481133
tot_aggregated_send: 8584
tot_msg_rcv: 513
tot_msg_sent: 931
tot_reconf_duration: 5.43
tot_sleeping_duration: 633881.1526799991
tot_uptimes: 165
tot_uptimes_duration: 9840.02432000084
