comms_cons: 65.5952511989897
finished_reconf: true
global_termination_time: 663524.0221599983
local_termination_time: 663523.9810399984
node_cons: 13684.094056237735
tot_aggregated_send: 9556
tot_msg_rcv: 137
tot_msg_sent: 277
tot_reconf_duration: 24.59
tot_sleeping_duration: 653329.324
tot_uptimes: 170
tot_uptimes_duration: 10194.698159998283
