comms_cons: 0.9934591999967194
finished_reconf: true
global_termination_time: 5231.991
local_termination_time: 2357.411360000002
node_cons: 84.48190000000025
tot_aggregated_send: 0
tot_msg_rcv: 94
tot_msg_sent: 57
tot_reconf_duration: 3.05
tot_sleeping_duration: 5171.991
tot_uptimes: 2
tot_uptimes_duration: 60.0
