comms_cons: 300.3669952421124
finished_reconf: true
global_termination_time: 2963328.876
local_termination_time: 654184.3505199992
node_cons: 60906.280804466514
tot_aggregated_send: 40774
tot_msg_rcv: 1686
tot_msg_sent: 3194
tot_reconf_duration: 6.279999999999999
tot_sleeping_duration: 2917848.8516800096
tot_uptimes: 759
tot_uptimes_duration: 45480.02431999077
