comms_cons: 296.0568383937962
finished_reconf: true
global_termination_time: 2965943.369
local_termination_time: 197866.1326400004
node_cons: 60982.258887821234
tot_aggregated_send: 40658
tot_msg_rcv: 1480
tot_msg_sent: 2863
tot_reconf_duration: 3.05
tot_sleeping_duration: 2920403.326440013
tot_uptimes: 760
tot_uptimes_duration: 45540.042559986876
