comms_cons: 447.3783296807379
finished_reconf: true
global_termination_time: 4425604.521039999
local_termination_time: 4425604.479919999
node_cons: 91112.79204132847
tot_aggregated_send: 61338
tot_msg_rcv: 2273
tot_msg_sent: 4387
tot_reconf_duration: 37.410000000000004
tot_sleeping_duration: 4357597.060800021
tot_uptimes: 1134
tot_uptimes_duration: 68007.4602399785
