comms_cons: 445.86023045963253
finished_reconf: true
global_termination_time: 4429135.976
local_termination_time: 178720.87836000006
node_cons: 91130.39501452647
tot_aggregated_send: 61828
tot_msg_rcv: 2000
tot_msg_sent: 3940
tot_reconf_duration: 18.21
tot_sleeping_duration: 4361095.896960023
tot_uptimes: 1135
tot_uptimes_duration: 68040.07903997682
