comms_cons: 439.5108864446904
finished_reconf: true
global_termination_time: 4427892.128
local_termination_time: 1810016.22636
node_cons: 91033.78080446552
tot_aggregated_send: 61190
tot_msg_rcv: 1842
tot_msg_sent: 3769
tot_reconf_duration: 6.279999999999999
tot_sleeping_duration: 4359912.103680009
tot_uptimes: 1134
tot_uptimes_duration: 67980.024319991
