comms_cons: 438.5171392355634
finished_reconf: true
global_termination_time: 4428801.225
local_termination_time: 3401821.9875199995
node_cons: 91113.14848334907
tot_aggregated_send: 61712
tot_msg_rcv: 1602
tot_msg_sent: 3336
tot_reconf_duration: 5.57
tot_sleeping_duration: 4360761.206760006
tot_uptimes: 1135
tot_uptimes_duration: 68040.01823999337
