comms_cons: 434.01514882485355
finished_reconf: true
global_termination_time: 4425643.893
local_termination_time: 2943585.9716000003
node_cons: 91123.48556558254
tot_aggregated_send: 61944
tot_msg_rcv: 1364
tot_msg_sent: 2659
tot_reconf_duration: 13.17
tot_sleeping_duration: 4357603.862600011
tot_uptimes: 1134
tot_uptimes_duration: 68040.03039998887
