comms_cons: 442.97704967659416
finished_reconf: true
global_termination_time: 4426660.44
local_termination_time: 947599.18436
node_cons: 91029.41888782127
tot_aggregated_send: 61306
tot_msg_rcv: 2067
tot_msg_sent: 3956
tot_reconf_duration: 3.05
tot_sleeping_duration: 4358680.3974400135
tot_uptimes: 1134
tot_uptimes_duration: 67980.0425599878
