comms_cons: 114.92967039344256
finished_reconf: true
global_termination_time: 1129704.816
local_termination_time: 83398.23235999998
node_cons: 23239.164990060737
tot_aggregated_send: 14906
tot_msg_rcv: 879
tot_msg_sent: 1683
tot_reconf_duration: 15.34
tot_sleeping_duration: 1112364.7612800144
tot_uptimes: 290
tot_uptimes_duration: 17340.05471998558
