comms_cons: 114.63002879394858
finished_reconf: true
global_termination_time: 1128085.302
local_termination_time: 653123.6885999998
node_cons: 23150.340226714805
tot_aggregated_send: 14906
tot_msg_rcv: 927
tot_msg_sent: 1590
tot_reconf_duration: 9.11
tot_sleeping_duration: 1110805.2655200039
tot_uptimes: 289
tot_uptimes_duration: 17280.03647999611
