comms_cons: 112.64213759546894
finished_reconf: true
global_termination_time: 1130575.19
local_termination_time: 677687.4984799998
node_cons: 23238.78752112145
tot_aggregated_send: 15254
tot_msg_rcv: 654
tot_msg_sent: 1213
tot_reconf_duration: 15.110000000000001
tot_sleeping_duration: 1113235.1839199988
tot_uptimes: 290
tot_uptimes_duration: 17340.00608000107
