comms_cons: 112.88503679461219
finished_reconf: true
global_termination_time: 1127825.913
local_termination_time: 621548.8063599998
node_cons: 23152.819343763087
tot_aggregated_send: 15022
tot_msg_rcv: 686
tot_msg_sent: 1449
tot_reconf_duration: 10.95
tot_sleeping_duration: 1110545.8911599976
tot_uptimes: 289
tot_uptimes_duration: 17280.02184000233
