comms_cons: 66.38412800103742
finished_reconf: true
global_termination_time: 647553.753
local_termination_time: 122879.97847999996
node_cons: 13280.869885602582
tot_aggregated_send: 8468
tot_msg_rcv: 581
tot_msg_sent: 1041
tot_reconf_duration: 18.21
tot_sleeping_duration: 637653.7225999981
tot_uptimes: 166
tot_uptimes_duration: 9900.03040000191
