comms_cons: 487.7114876238873
finished_reconf: true
global_termination_time: 1673014.265
local_termination_time: 856150.9055999998
node_cons: 68264.31269399832
tot_aggregated_send: 0
tot_msg_rcv: 24885
tot_msg_sent: 49244
tot_reconf_duration: 13.17
tot_sleeping_duration: 1622046.0590000001
tot_uptimes: 843
tot_uptimes_duration: 50968.20599999978
