comms_cons: 165.78268159294456
finished_reconf: true
global_termination_time: 1674383.994
local_termination_time: 923983.7313599999
node_cons: 34389.70263999992
tot_aggregated_send: 24128
tot_msg_rcv: 376
tot_msg_sent: 694
tot_reconf_duration: 3.08
tot_sleeping_duration: 1648703.994
tot_uptimes: 429
tot_uptimes_duration: 25680.0
