comms_cons: 166.87139199333205
finished_reconf: true
global_termination_time: 1673068.411
local_termination_time: 953662.8280399992
node_cons: 34396.50621999994
tot_aggregated_send: 23896
tot_msg_rcv: 546
tot_msg_sent: 921
tot_reconf_duration: 8.09
tot_sleeping_duration: 1647388.411
tot_uptimes: 429
tot_uptimes_duration: 25680.0
