comms_cons: 171.28191998346904
finished_reconf: true
global_termination_time: 1674117.213
local_termination_time: 212417.64976000084
node_cons: 34396.22097117747
tot_aggregated_send: 22446
tot_msg_rcv: 1201
tot_msg_sent: 2387
tot_reconf_duration: 7.819999999999999
tot_sleeping_duration: 1648437.1522000167
tot_uptimes: 429
tot_uptimes_duration: 25680.060799983214
