comms_cons: 332.525932542823
finished_reconf: true
global_termination_time: 1676494.439
local_termination_time: 856142.9044799999
node_cons: 34474.331183350594
tot_aggregated_send: 0
tot_msg_rcv: 25656
tot_msg_sent: 24887
tot_reconf_duration: 6.22
tot_sleeping_duration: 1650754.420760007
tot_uptimes: 430
tot_uptimes_duration: 25740.018239992904
