comms_cons: 93.34568959894482
finished_reconf: true
global_termination_time: 937422.1252400003
local_termination_time: 202293.88760000007
node_cons: 19374.075081603383
tot_aggregated_send: 13282
tot_msg_rcv: 334
tot_msg_sent: 571
tot_reconf_duration: 18.21
tot_sleeping_duration: 922971.5308399978
tot_uptimes: 241
tot_uptimes_duration: 14450.594400002512
