comms_cons: 94.45002239473544
finished_reconf: true
global_termination_time: 939857.879
local_termination_time: 55988.44332000013
node_cons: 19296.967121116857
tot_aggregated_send: 13108
tot_msg_rcv: 441
tot_msg_sent: 806
tot_reconf_duration: 11.31
tot_sleeping_duration: 925457.8729200023
tot_uptimes: 241
tot_uptimes_duration: 14400.006079997635
