comms_cons: 26.750054400158636
finished_reconf: true
global_termination_time: 269044.584
local_termination_time: 16983.32836
node_cons: 5483.959861119157
tot_aggregated_send: 3538
tot_msg_rcv: 187
tot_msg_sent: 341
tot_reconf_duration: 15.34
tot_sleeping_duration: 264964.57792000065
tot_uptimes: 69
tot_uptimes_duration: 4080.006079999366
