comms_cons: 320.2602752400331
finished_reconf: true
global_termination_time: 3148223.475
local_termination_time: 352024.1944400007
node_cons: 64771.24038670459
tot_aggregated_send: 43268
tot_msg_rcv: 1933
tot_msg_sent: 3477
tot_reconf_duration: 12.629999999999999
tot_sleeping_duration: 3099863.4385200106
tot_uptimes: 807
tot_uptimes_duration: 48360.036479989474
