comms_cons: 312.14198401276957
finished_reconf: true
global_termination_time: 3146896.496
local_termination_time: 796185.5124799999
node_cons: 64684.376547817534
tot_aggregated_send: 43964
tot_msg_rcv: 1086
tot_msg_sent: 2393
tot_reconf_duration: 7.819999999999999
tot_sleeping_duration: 3098596.4534400157
tot_uptimes: 806
tot_uptimes_duration: 48300.04255998414
