comms_cons: 201.1214463844926
finished_reconf: true
global_termination_time: 1996657.8294799998
local_termination_time: 1996657.78836
node_cons: 41105.55678878018
tot_aggregated_send: 28000
tot_msg_rcv: 928
tot_msg_sent: 1643
tot_reconf_duration: 24.59
tot_sleeping_duration: 1965984.0702800143
tot_uptimes: 512
tot_uptimes_duration: 30673.75919998542
