comms_cons: 199.40296319108887
finished_reconf: true
global_termination_time: 1998734.229
local_termination_time: 607500.0013599999
node_cons: 41062.29266335023
tot_aggregated_send: 27840
tot_msg_rcv: 899
tot_msg_sent: 1569
tot_reconf_duration: 6.279999999999999
tot_sleeping_duration: 1968074.2107600071
tot_uptimes: 512
tot_uptimes_duration: 30660.018239992904
