comms_cons: 202.69125757976593
finished_reconf: true
global_termination_time: 1998871.949
local_termination_time: 361585.06236000004
node_cons: 41060.698364466996
tot_aggregated_send: 27144
tot_msg_rcv: 1166
tot_msg_sent: 2496
tot_reconf_duration: 5.1
tot_sleeping_duration: 1968211.9246800095
tot_uptimes: 512
tot_uptimes_duration: 30660.024319990538
