comms_cons: 201.290623983263
finished_reconf: true
global_termination_time: 1997204.785
local_termination_time: 665512.5304399986
node_cons: 41060.296403350265
tot_aggregated_send: 27492
tot_msg_rcv: 1068
tot_msg_sent: 2035
tot_reconf_duration: 4.8100000000000005
tot_sleeping_duration: 1966544.766760007
tot_uptimes: 512
tot_uptimes_duration: 30660.018239992904
