comms_cons: 200.16460798594383
finished_reconf: true
global_termination_time: 1997363.585
local_termination_time: 1308316.1594799997
node_cons: 41057.90632334994
tot_aggregated_send: 28072
tot_msg_rcv: 791
tot_msg_sent: 1560
tot_reconf_duration: 3.05
tot_sleeping_duration: 1966703.566760007
tot_uptimes: 512
tot_uptimes_duration: 30660.018239992904
