comms_cons: 200.92680958774235
finished_reconf: true
global_termination_time: 2037602.192
local_termination_time: 829268.6372399989
node_cons: 41863.11790223335
tot_aggregated_send: 28130
tot_msg_rcv: 802
tot_msg_sent: 1607
tot_reconf_duration: 4.390000000000001
tot_sleeping_duration: 2006342.1798400048
tot_uptimes: 522
tot_uptimes_duration: 31260.012159995273
