comms_cons: 199.40129279250934
finished_reconf: true
global_termination_time: 2036445.892
local_termination_time: 875035.8493599999
node_cons: 41861.29004111655
tot_aggregated_send: 28478
tot_msg_rcv: 607
tot_msg_sent: 1223
tot_reconf_duration: 3.05
tot_sleeping_duration: 2005185.8859200024
tot_uptimes: 522
tot_uptimes_duration: 31260.006079997635
