comms_cons: 198.54452479180065
finished_reconf: true
global_termination_time: 2035453.924
local_termination_time: 875048.9333599999
node_cons: 41867.76770111657
tot_aggregated_send: 28420
tot_msg_rcv: 656
tot_msg_sent: 1101
tot_reconf_duration: 7.819999999999999
tot_sleeping_duration: 2004193.9179200025
tot_uptimes: 522
tot_uptimes_duration: 31260.00607999763
