comms_cons: 22.436672000187265
finished_reconf: true
global_termination_time: 226130.491
local_termination_time: 120202.33747999996
node_cons: 4585.91198
tot_aggregated_send: 2958
tot_msg_rcv: 106
tot_msg_sent: 346
tot_reconf_duration: 4.8100000000000005
tot_sleeping_duration: 222710.491
tot_uptimes: 58
tot_uptimes_duration: 3420.0
