comms_cons: 106.30013439356175
finished_reconf: true
global_termination_time: 1003028.862
local_termination_time: 503166.3748400001
node_cons: 20574.669188939297
tot_aggregated_send: 12644
tot_msg_rcv: 1304
tot_msg_sent: 2209
tot_reconf_duration: 5.57
tot_sleeping_duration: 987668.8133600154
tot_uptimes: 257
tot_uptimes_duration: 15360.04863998451
