comms_cons: 102.1481471964142
finished_reconf: true
global_termination_time: 1001872.479
local_termination_time: 499309.94136000006
node_cons: 20584.933001116842
tot_aggregated_send: 13398
tot_msg_rcv: 762
tot_msg_sent: 1366
tot_reconf_duration: 13.17
tot_sleeping_duration: 986512.4729200024
tot_uptimes: 257
tot_uptimes_duration: 15360.006079997635
