comms_cons: 98.10245119791215
finished_reconf: true
global_termination_time: 1006459.453
local_termination_time: 755399.4333599999
node_cons: 20667.907521116846
tot_aggregated_send: 14152
tot_msg_rcv: 187
tot_msg_sent: 572
tot_reconf_duration: 15.110000000000001
tot_sleeping_duration: 991039.4469200023
tot_uptimes: 258
tot_uptimes_duration: 15420.006079997635
