comms_cons: 102.61640959336412
finished_reconf: true
global_termination_time: 1003276.539
local_termination_time: 518921.7973600001
node_cons: 20597.839405588824
tot_aggregated_send: 13514
tot_msg_rcv: 774
tot_msg_sent: 1309
tot_reconf_duration: 22.65
tot_sleeping_duration: 987916.5086000084
tot_uptimes: 257
tot_uptimes_duration: 15360.030399991607
