comms_cons: 102.79923199347026
finished_reconf: true
global_termination_time: 1001934.812
local_termination_time: 518529.3413600001
node_cons: 20584.2322455888
tot_aggregated_send: 13340
tot_msg_rcv: 781
tot_msg_sent: 1504
tot_reconf_duration: 12.629999999999999
tot_sleeping_duration: 986574.7816000085
tot_uptimes: 257
tot_uptimes_duration: 15360.030399991607
