comms_cons: 105.71521278900762
finished_reconf: true
global_termination_time: 1002135.501
local_termination_time: 573599.3294399985
node_cons: 20582.440328308458
tot_aggregated_send: 12586
tot_msg_rcv: 1275
tot_msg_sent: 2207
tot_reconf_duration: 11.31
tot_sleeping_duration: 986775.4701200087
tot_uptimes: 257
tot_uptimes_duration: 15360.03087999142
