comms_cons: 110.86011517842184
finished_reconf: true
global_termination_time: 877994.7143600001
local_termination_time: 119079.54847999997
node_cons: 18053.902492769957
tot_aggregated_send: 5452
tot_msg_rcv: 4619
tot_msg_sent: 6789
tot_reconf_duration: 18.21
tot_sleeping_duration: 864530.0591600225
tot_uptimes: 225
tot_uptimes_duration: 13464.655199977555
