comms_cons: 86.58947839918109
finished_reconf: true
global_termination_time: 880210.779
local_termination_time: 248802.64420000018
node_cons: 18080.68264000001
tot_aggregated_send: 12528
tot_msg_rcv: 227
tot_msg_sent: 406
tot_reconf_duration: 3.08
tot_sleeping_duration: 866710.779
tot_uptimes: 226
tot_uptimes_duration: 13500.0
