comms_cons: 87.418457598359
finished_reconf: true
global_termination_time: 882165.761
local_termination_time: 140069.36324000047
node_cons: 18080.64190000001
tot_aggregated_send: 12470
tot_msg_rcv: 295
tot_msg_sent: 522
tot_reconf_duration: 3.05
tot_sleeping_duration: 868665.761
tot_uptimes: 226
tot_uptimes_duration: 13500.0
