comms_cons: 87.72110079755382
finished_reconf: true
global_termination_time: 881999.686
local_termination_time: 277974.2658000002
node_cons: 18084.946759999988
tot_aggregated_send: 12644
tot_msg_rcv: 288
tot_msg_sent: 401
tot_reconf_duration: 6.22
tot_sleeping_duration: 868499.686
tot_uptimes: 226
tot_uptimes_duration: 13500.0
