comms_cons: 86.2473599987189
finished_reconf: true
global_termination_time: 881433.235
local_termination_time: 317654.98436000006
node_cons: 18097.33986112149
tot_aggregated_send: 12702
tot_msg_rcv: 104
tot_msg_sent: 303
tot_reconf_duration: 15.34
tot_sleeping_duration: 867933.2289199989
tot_uptimes: 226
tot_uptimes_duration: 13500.006080001069
