comms_cons: 1419.7855017383192
finished_reconf: true
global_termination_time: 8427957.552
local_termination_time: 2112278.269
node_cons: 173386.7360323855
tot_aggregated_send: 0
tot_msg_rcv: 108607
tot_msg_sent: 107194
tot_reconf_duration: 6.279999999999999
tot_sleeping_duration: 8298474.200400006
tot_uptimes: 2159
tot_uptimes_duration: 129483.35159999342
