comms_cons: 834.3488705875394
finished_reconf: true
global_termination_time: 8428429.562
local_termination_time: 3435822.56136
node_cons: 173386.54492446306
tot_aggregated_send: 116986
tot_msg_rcv: 3564
tot_msg_sent: 6265
tot_reconf_duration: 9.42
tot_sleeping_duration: 8298949.537680009
tot_uptimes: 2159
tot_uptimes_duration: 129480.02431999147
