comms_cons: 847.3588610372142
finished_reconf: true
global_termination_time: 8428815.602
local_termination_time: 1763499.0241599982
node_cons: 173382.23188893046
tot_aggregated_send: 116290
tot_msg_rcv: 4162
tot_msg_sent: 8339
tot_reconf_duration: 6.22
tot_sleeping_duration: 8299335.553360018
tot_uptimes: 2159
tot_uptimes_duration: 129480.04863998247
