comms_cons: 843.4854018606484
finished_reconf: true
global_termination_time: 8430921.709
local_termination_time: 1966893.8504399986
node_cons: 173461.49906893072
tot_aggregated_send: 116174
tot_msg_rcv: 3958
tot_msg_sent: 8070
tot_reconf_duration: 5.43
tot_sleeping_duration: 8301381.660360018
tot_uptimes: 2160
tot_uptimes_duration: 129540.0486399827
