comms_cons: 172.8763135910111
finished_reconf: true
global_termination_time: 1735232.6969599996
local_termination_time: 1735232.6558399997
node_cons: 35745.79986526653
tot_aggregated_send: 24566
tot_msg_rcv: 530
tot_msg_sent: 1181
tot_reconf_duration: 37.410000000000004
tot_sleeping_duration: 1708574.7454400097
tot_uptimes: 445
tot_uptimes_duration: 26657.95151998999
