comms_cons: 178.0140415826142
finished_reconf: true
global_termination_time: 1740347.358
local_termination_time: 522299.95736
node_cons: 35759.87708670087
tot_aggregated_send: 23664
tot_msg_rcv: 1242
tot_msg_sent: 2151
tot_reconf_duration: 6.279999999999999
tot_sleeping_duration: 1713647.3215200142
tot_uptimes: 446
tot_uptimes_duration: 26700.036479985807
