comms_cons: 172.0197631950727
finished_reconf: true
global_termination_time: 1735672.214
local_termination_time: 751184.0303199996
node_cons: 35691.47937999991
tot_aggregated_send: 24998
tot_msg_rcv: 408
tot_msg_sent: 740
tot_reconf_duration: 15.110000000000001
tot_sleeping_duration: 1709032.214
tot_uptimes: 445
tot_uptimes_duration: 26640.0
