comms_cons: 9.941171199995782
finished_reconf: true
global_termination_time: 3339.1748800000014
local_termination_time: 3339.1337600000015
node_cons: 1132.7026863200026
tot_aggregated_send: 0
tot_msg_rcv: 702
tot_msg_sent: 807
tot_reconf_duration: 24.59
tot_sleeping_duration: 2518.182
tot_uptimes: 12
tot_uptimes_duration: 820.9928800000015
