comms_cons: 1.3684735999954796
finished_reconf: true
global_termination_time: 14222.557
local_termination_time: 7376.35936
node_cons: 249.46676000000033
tot_aggregated_send: 0
tot_msg_rcv: 130
tot_msg_sent: 78
tot_reconf_duration: 6.22
tot_sleeping_duration: 14042.557
tot_uptimes: 4
tot_uptimes_duration: 180.0
