comms_cons: 73.16728320057942
finished_reconf: true
global_termination_time: 764324.816
local_termination_time: 483451.1382000006
node_cons: 15676.919560000031
tot_aggregated_send: 10556
tot_msg_rcv: 177
tot_msg_sent: 388
tot_reconf_duration: 7.819999999999999
tot_sleeping_duration: 752624.816
tot_uptimes: 196
tot_uptimes_duration: 11700.0
