comms_cons: 75.43836159986182
finished_reconf: true
global_termination_time: 762608.05224
local_termination_time: 92832.05547999998
node_cons: 15700.726982722095
tot_aggregated_send: 10556
tot_msg_rcv: 270
tot_msg_sent: 639
tot_reconf_duration: 11.31
tot_sleeping_duration: 750893.8117599984
tot_uptimes: 196
tot_uptimes_duration: 11714.240480001536
