comms_cons: 2.3487743999943316
finished_reconf: true
global_termination_time: 17105.303
local_termination_time: 6312.06436
node_cons: 327.89198000000056
tot_aggregated_send: 0
tot_msg_rcv: 185
tot_msg_sent: 172
tot_reconf_duration: 4.8100000000000005
tot_sleeping_duration: 16865.303
tot_uptimes: 5
tot_uptimes_duration: 240.0
