comms_cons: 60.57532160299781
finished_reconf: true
global_termination_time: 208182.89848000061
local_termination_time: 126.45704000000019
node_cons: 8469.919179720815
tot_aggregated_send: 0
tot_msg_rcv: 3109
tot_msg_sent: 6097
tot_reconf_duration: 4.390000000000001
tot_sleeping_duration: 201861.795
tot_uptimes: 105
tot_uptimes_duration: 6321.103480000602
