comms_cons: 2.0198143999933262
finished_reconf: true
global_termination_time: 14140.627
local_termination_time: 11261.175360000001
node_cons: 252.00622000000018
tot_aggregated_send: 0
tot_msg_rcv: 184
tot_msg_sent: 123
tot_reconf_duration: 8.09
tot_sleeping_duration: 13960.627
tot_uptimes: 4
tot_uptimes_duration: 180.0
