comms_cons: 2.3092991999944803
finished_reconf: true
global_termination_time: 17138.315
local_termination_time: 5378.923360000001
node_cons: 327.89198000000056
tot_aggregated_send: 0
tot_msg_rcv: 179
tot_msg_sent: 172
tot_reconf_duration: 4.8100000000000005
tot_sleeping_duration: 16898.315
tot_uptimes: 5
tot_uptimes_duration: 240.0
