comms_cons: 93.96312319982191
finished_reconf: true
global_termination_time: 968131.042
local_termination_time: 2851.49124
node_cons: 19849.352241116856
tot_aggregated_send: 13804
tot_msg_rcv: 161
tot_msg_sent: 316
tot_reconf_duration: 3.95
tot_sleeping_duration: 953311.0359200024
tot_uptimes: 248
tot_uptimes_duration: 14820.00607999763
