comms_cons: 99.188019191073
finished_reconf: true
global_termination_time: 964171.729
local_termination_time: 7384.498
node_cons: 19796.221053431964
tot_aggregated_send: 12621
tot_msg_rcv: 819
tot_msg_sent: 1636
tot_reconf_duration: 23.919999999999998
tot_sleeping_duration: 949411.6560400061
tot_uptimes: 247
tot_uptimes_duration: 14760.07295999398
