comms_cons: 11.822822399914696
finished_reconf: true
global_termination_time: 114528.068
local_termination_time: 48294.45836000001
node_cons: 2338.3882399999984
tot_aggregated_send: 1044
tot_msg_rcv: 270
tot_msg_sent: 483
tot_reconf_duration: 6.279999999999999
tot_sleeping_duration: 112788.068
tot_uptimes: 30
tot_uptimes_duration: 1740.0
