comms_cons: 13.284031999927064
finished_reconf: true
global_termination_time: 115120.807
local_termination_time: 20903.658320000002
node_cons: 2340.5039833608735
tot_aggregated_send: 986
tot_msg_rcv: 393
tot_msg_sent: 641
tot_reconf_duration: 7.819999999999999
tot_sleeping_duration: 113380.78875999934
tot_uptimes: 30
tot_uptimes_duration: 1740.0182400006524
