comms_cons: 12.487321599924133
finished_reconf: true
global_termination_time: 114681.116
local_termination_time: 15112.10748
node_cons: 2345.2434033597333
tot_aggregated_send: 1044
tot_msg_rcv: 334
tot_msg_sent: 520
tot_reconf_duration: 11.31
tot_sleeping_duration: 112941.0977600002
tot_uptimes: 30
tot_uptimes_duration: 1740.0182399998012
