comms_cons: 12.78492159996598
finished_reconf: true
global_termination_time: 112634.696
local_termination_time: 84001.89947999996
node_cons: 2280.286841120303
tot_aggregated_send: 1102
tot_msg_rcv: 330
tot_msg_sent: 514
tot_reconf_duration: 22.65
tot_sleeping_duration: 110954.68991999977
tot_uptimes: 29
tot_uptimes_duration: 1680.0060800002175
