comms_cons: 13.046335999677897
finished_reconf: true
global_termination_time: 111963.109
local_termination_time: 28046.533480000002
node_cons: 2255.5304667171863
tot_aggregated_send: 870
tot_msg_rcv: 352
tot_msg_sent: 759
tot_reconf_duration: 4.390000000000001
tot_sleeping_duration: 110283.0725200021
tot_uptimes: 29
tot_uptimes_duration: 1680.0364799978997
