comms_cons: 13.176652799790821
finished_reconf: true
global_termination_time: 113876.777
local_termination_time: 28007.365800000003
node_cons: 2334.0507467183315
tot_aggregated_send: 928
tot_msg_rcv: 365
tot_msg_sent: 710
tot_reconf_duration: 3.05
tot_sleeping_duration: 112136.74052000126
tot_uptimes: 30
tot_uptimes_duration: 1740.036479998751
