comms_cons: 45.75833600024226
finished_reconf: true
global_termination_time: 468049.053
local_termination_time: 139666.71148000009
node_cons: 9580.979380000032
tot_aggregated_send: 6786
tot_msg_rcv: 67
tot_msg_sent: 102
tot_reconf_duration: 15.110000000000001
tot_sleeping_duration: 460909.053
tot_uptimes: 120
tot_uptimes_duration: 7140.0
