comms_cons: 46.44257280029135
finished_reconf: true
global_termination_time: 466661.084
local_termination_time: 63230.66684000003
node_cons: 9576.620200000014
tot_aggregated_send: 6496
tot_msg_rcv: 168
tot_msg_sent: 395
tot_reconf_duration: 11.899999999999999
tot_sleeping_duration: 459521.084
tot_uptimes: 120
tot_uptimes_duration: 7140.0
