comms_cons: 45.5737727999722
finished_reconf: true
global_termination_time: 466040.703
local_termination_time: 31850.23648
node_cons: 9581.299861121443
tot_aggregated_send: 6786
tot_msg_rcv: 38
tot_msg_sent: 102
tot_reconf_duration: 15.34
tot_sleeping_duration: 458900.6969199989
tot_uptimes: 120
tot_uptimes_duration: 7140.006080001069
