comms_cons: 115.77783039191708
finished_reconf: true
global_termination_time: 1139670.539
local_termination_time: 296138.6818000007
node_cons: 23386.577330074528
tot_aggregated_send: 14616
tot_msg_rcv: 995
tot_msg_sent: 1985
tot_reconf_duration: 5.57
tot_sleeping_duration: 1122210.4842800042
tot_uptimes: 292
tot_uptimes_duration: 17460.054719995882
