comms_cons: 115.06362879424206
finished_reconf: true
global_termination_time: 1139470.825
local_termination_time: 48800.625600000014
node_cons: 23409.723123359723
tot_aggregated_send: 15602
tot_msg_rcv: 799
tot_msg_sent: 1088
tot_reconf_duration: 22.65
tot_sleeping_duration: 1122010.8067600003
tot_uptimes: 292
tot_uptimes_duration: 17460.018239999772
