comms_cons: 112.39967999895842
finished_reconf: true
global_termination_time: 1137617.352
local_termination_time: 574485.2927199998
node_cons: 23395.108341121497
tot_aggregated_send: 16008
tot_msg_rcv: 269
tot_msg_sent: 808
tot_reconf_duration: 11.899999999999999
tot_sleeping_duration: 1120157.345919999
tot_uptimes: 292
tot_uptimes_duration: 17460.00608000107
