comms_cons: 115.35137279126687
finished_reconf: true
global_termination_time: 1138049.651
local_termination_time: 311142.36832000065
node_cons: 23385.512685588794
tot_aggregated_send: 15428
tot_msg_rcv: 733
tot_msg_sent: 1371
tot_reconf_duration: 4.8100000000000005
tot_sleeping_duration: 1120589.6206000086
tot_uptimes: 292
tot_uptimes_duration: 17460.030399991607
