comms_cons: 118.15647998813967
finished_reconf: true
global_termination_time: 1137572.764
local_termination_time: 192088.18384000057
node_cons: 23389.600265597972
tot_aggregated_send: 15138
tot_msg_rcv: 1078
tot_msg_sent: 1744
tot_reconf_duration: 7.819999999999999
tot_sleeping_duration: 1120112.7336000013
tot_uptimes: 292
tot_uptimes_duration: 17460.030399998483
