comms_cons: 1.7566463999963073
finished_reconf: true
global_termination_time: 16710.569
local_termination_time: 4545.138360000001
node_cons: 328.2858000000005
tot_aggregated_send: 0
tot_msg_rcv: 153
tot_msg_sent: 114
tot_reconf_duration: 5.1
tot_sleeping_duration: 16470.569
tot_uptimes: 5
tot_uptimes_duration: 240.0
