comms_cons: 2.2632447999967056
finished_reconf: true
global_termination_time: 12989.499
local_termination_time: 9508.77036
node_cons: 249.4667599999991
tot_aggregated_send: 0
tot_msg_rcv: 175
tot_msg_sent: 169
tot_reconf_duration: 6.22
tot_sleeping_duration: 12809.499
tot_uptimes: 4
tot_uptimes_duration: 180.0
