comms_cons: 85.20784639753603
finished_reconf: true
global_termination_time: 845185.0054799998
local_termination_time: 845184.9643599999
node_cons: 17405.2242243201
tot_aggregated_send: 11818
tot_msg_rcv: 423
tot_msg_sent: 709
tot_reconf_duration: 24.59
tot_sleeping_duration: 832211.2705999998
tot_uptimes: 217
tot_uptimes_duration: 12973.734880000047
