comms_cons: 413.4632444488419
finished_reconf: true
global_termination_time: 2102418.425
local_termination_time: 541130.2125999999
node_cons: 43253.711264466954
tot_aggregated_send: 0
tot_msg_rcv: 31655
tot_msg_sent: 31189
tot_reconf_duration: 22.65
tot_sleeping_duration: 2070138.4006800093
tot_uptimes: 539
tot_uptimes_duration: 32280.024319990538
