comms_cons: 212.5673727828699
finished_reconf: true
global_termination_time: 2103047.251
local_termination_time: 18093.75732
node_cons: 43231.42374782662
tot_aggregated_send: 29058
tot_msg_rcv: 1099
tot_msg_sent: 2152
tot_reconf_duration: 6.22
tot_sleeping_duration: 2070767.20844001
tot_uptimes: 539
tot_uptimes_duration: 32280.04255999031
