comms_cons: 1756.2234424464027
finished_reconf: true
global_termination_time: 8921765.707599998
local_termination_time: 217.26047999999994
node_cons: 183541.90731621423
tot_aggregated_send: 0
tot_msg_rcv: 134456
tot_msg_sent: 132476
tot_reconf_duration: 18.21
tot_sleeping_duration: 8784710.309440013
tot_uptimes: 2285
tot_uptimes_duration: 137055.3981599856
