comms_cons: 891.8304962567804
finished_reconf: true
global_termination_time: 8926498.238
local_termination_time: 4132794.33736
node_cons: 183583.89092893046
tot_aggregated_send: 122380
tot_msg_rcv: 4297
tot_msg_sent: 8874
tot_reconf_duration: 5.1
tot_sleeping_duration: 8789398.189360017
tot_uptimes: 2286
tot_uptimes_duration: 137100.0486399827
