comms_cons: 888.2775810443901
finished_reconf: true
global_termination_time: 8924758.653
local_termination_time: 4492605.764359999
node_cons: 183587.91878446186
tot_aggregated_send: 122902
tot_msg_rcv: 4199
tot_msg_sent: 7908
tot_reconf_duration: 8.09
tot_sleeping_duration: 8787658.62868001
tot_uptimes: 2286
tot_uptimes_duration: 137100.02431999147
