comms_cons: 881.0953665987777
finished_reconf: true
global_termination_time: 8926393.598
local_termination_time: 4688363.837559999
node_cons: 183589.28766222825
tot_aggregated_send: 123772
tot_msg_rcv: 3532
tot_msg_sent: 6616
tot_reconf_duration: 9.11
tot_sleeping_duration: 8789293.585840004
tot_uptimes: 2286
tot_uptimes_duration: 137100.01215999573
