comms_cons: 878.8838145753048
finished_reconf: true
global_termination_time: 8924969.895
local_termination_time: 4857057.90136
node_cons: 183597.45194446127
tot_aggregated_send: 123772
tot_msg_rcv: 3288
tot_msg_sent: 6525
tot_reconf_duration: 15.110000000000001
tot_sleeping_duration: 8787869.870680008
tot_uptimes: 2286
tot_uptimes_duration: 137100.02431999147
