comms_cons: 144.78312956626945
finished_reconf: true
global_termination_time: 732273.586
local_termination_time: 280333.12148000055
node_cons: 15054.363123355148
tot_aggregated_send: 0
tot_msg_rcv: 11173
tot_msg_sent: 10835
tot_reconf_duration: 22.65
tot_sleeping_duration: 721053.5677600037
tot_uptimes: 188
tot_uptimes_duration: 11220.018239996338
