comms_cons: 74.40518399794783
finished_reconf: true
global_termination_time: 730607.217
local_termination_time: 501293.60148000007
node_cons: 15044.440428155434
tot_aggregated_send: 9860
tot_msg_rcv: 472
tot_msg_sent: 978
tot_reconf_duration: 15.34
tot_sleeping_duration: 719387.1955600034
tot_uptimes: 188
tot_uptimes_duration: 11220.021439996548
