comms_cons: 231.8049535986114
finished_reconf: true
global_termination_time: 2292406.939
local_termination_time: 435009.03436
node_cons: 47165.5741844667
tot_aggregated_send: 31842
tot_msg_rcv: 1185
tot_msg_sent: 2206
tot_reconf_duration: 4.390000000000001
tot_sleeping_duration: 2257186.9146800092
tot_uptimes: 588
tot_uptimes_duration: 35220.02431999054
