comms_cons: 800.8468098532065
finished_reconf: true
global_termination_time: 7995251.225
local_termination_time: 2964092.665359999
node_cons: 164463.5929066973
tot_aggregated_send: 110548
tot_msg_rcv: 3920
tot_msg_sent: 7256
tot_reconf_duration: 5.57
tot_sleeping_duration: 7872431.188520012
tot_uptimes: 2048
tot_uptimes_duration: 122820.03647998697
