comms_cons: 793.9703938041123
finished_reconf: true
global_termination_time: 7996917.514
local_termination_time: 3048534.82648
node_cons: 164473.9299889314
tot_aggregated_send: 110200
tot_msg_rcv: 3138
tot_msg_sent: 7339
tot_reconf_duration: 13.17
tot_sleeping_duration: 7874097.4653600175
tot_uptimes: 2048
tot_uptimes_duration: 122820.04863998294
