comms_cons: 794.6064705761801
finished_reconf: true
global_termination_time: 7995216.438
local_termination_time: 5847027.51736
node_cons: 164470.8663822288
tot_aggregated_send: 110606
tot_msg_rcv: 3335
tot_msg_sent: 6833
tot_reconf_duration: 10.95
tot_sleeping_duration: 7872396.425840004
tot_uptimes: 2048
tot_uptimes_duration: 122820.01215999568
