comms_cons: 31.384038400060113
finished_reconf: true
global_termination_time: 307905.267
local_termination_time: 78766.48871999992
node_cons: 6274.092201119148
tot_aggregated_send: 3944
tot_msg_rcv: 248
tot_msg_sent: 580
tot_reconf_duration: 5.57
tot_sleeping_duration: 303225.2609200006
tot_uptimes: 79
tot_uptimes_duration: 4680.006079999366
