comms_cons: 32.389401600467735
finished_reconf: true
global_termination_time: 303214.757
local_termination_time: 21889.35784
node_cons: 6193.138364481173
tot_aggregated_send: 3770
tot_msg_rcv: 457
tot_msg_sent: 696
tot_reconf_duration: 5.1
tot_sleeping_duration: 298594.73267999914
tot_uptimes: 78
tot_uptimes_duration: 4620.02432000087
