comms_cons: 2.2961407999924126
finished_reconf: true
global_termination_time: 14017.697
local_termination_time: 5155.327360000001
node_cons: 249.5482400000009
tot_aggregated_send: 0
tot_msg_rcv: 179
tot_msg_sent: 169
tot_reconf_duration: 6.279999999999999
tot_sleeping_duration: 13837.697
tot_uptimes: 4
tot_uptimes_duration: 180.0
