comms_cons: 2.143955199993422
finished_reconf: true
global_termination_time: 14086.839
local_termination_time: 5701.98536
node_cons: 275.37740000000156
tot_aggregated_send: 0
tot_msg_rcv: 174
tot_msg_sent: 150
tot_reconf_duration: 25.299999999999997
tot_sleeping_duration: 13906.839
tot_uptimes: 4
tot_uptimes_duration: 180.00000000000006
