comms_cons: 106.84743039422771
finished_reconf: true
global_termination_time: 1053261.504
local_termination_time: 289958.35356000066
node_cons: 21618.450928966846
tot_aggregated_send: 13166
tot_msg_rcv: 1149
tot_msg_sent: 1926
tot_reconf_duration: 5.1
tot_sleeping_duration: 1037121.4553599948
tot_uptimes: 270
tot_uptimes_duration: 16140.048640005116
