comms_cons: 107.4317567906272
finished_reconf: true
global_termination_time: 1050002.82024
local_termination_time: 12086.754719999999
node_cons: 21555.698574958045
tot_aggregated_send: 13920
tot_msg_rcv: 832
tot_msg_sent: 1577
tot_reconf_duration: 3.05
tot_sleeping_duration: 1033907.5576000015
tot_uptimes: 269
tot_uptimes_duration: 16095.262639998517
