comms_cons: 106.21425919857603
finished_reconf: true
global_termination_time: 1051932.492
local_termination_time: 257314.07656000069
node_cons: 21626.875967845448
tot_aggregated_send: 13398
tot_msg_rcv: 949
tot_msg_sent: 1796
tot_reconf_duration: 11.31
tot_sleeping_duration: 1035792.449439996
tot_uptimes: 270
tot_uptimes_duration: 16140.042560004047
