comms_cons: 2.3948287999920863
finished_reconf: true
global_termination_time: 16927.371
local_termination_time: 8153.718040000004
node_cons: 327.89198000000056
tot_aggregated_send: 0
tot_msg_rcv: 192
tot_msg_sent: 172
tot_reconf_duration: 4.8100000000000005
tot_sleeping_duration: 16687.371
tot_uptimes: 5
tot_uptimes_duration: 240.0
