comms_cons: 3.671193599987866
finished_reconf: true
global_termination_time: 14183.448
local_termination_time: 8657.800360000001
node_cons: 248.39393999999794
tot_aggregated_send: 0
tot_msg_rcv: 383
tot_msg_sent: 173
tot_reconf_duration: 5.43
tot_sleeping_duration: 14003.448
tot_uptimes: 4
tot_uptimes_duration: 180.0
