comms_cons: 101.11572479915903
finished_reconf: true
global_termination_time: 1026617.117
local_termination_time: 373184.4627200006
node_cons: 21079.854982238325
tot_aggregated_send: 13746
tot_msg_rcv: 637
tot_msg_sent: 986
tot_reconf_duration: 22.65
tot_sleeping_duration: 1010897.1048400013
tot_uptimes: 263
tot_uptimes_duration: 15720.012159998703
