comms_cons: 99.87883519884753
finished_reconf: true
global_termination_time: 1025549.098
local_termination_time: 584233.0687199988
node_cons: 21055.041620000047
tot_aggregated_send: 14152
tot_msg_rcv: 315
tot_msg_sent: 714
tot_reconf_duration: 4.390000000000001
tot_sleeping_duration: 1009829.098
tot_uptimes: 263
tot_uptimes_duration: 15720.0
