comms_cons: 100.37227519932853
finished_reconf: true
global_termination_time: 1025476.488
local_termination_time: 683698.6173599998
node_cons: 21064.438979999948
tot_aggregated_send: 14732
tot_msg_rcv: 169
tot_msg_sent: 355
tot_reconf_duration: 11.31
tot_sleeping_duration: 1009756.488
tot_uptimes: 263
tot_uptimes_duration: 15720.0
