comms_cons: 185.81102079171146
finished_reconf: true
global_termination_time: 1871655.5891200001
local_termination_time: 60826.91732000004
node_cons: 38532.664207502334
tot_aggregated_send: 26564
tot_msg_rcv: 585
tot_msg_sent: 1093
tot_reconf_duration: 22.65
tot_sleeping_duration: 1842901.3654400131
tot_uptimes: 480
tot_uptimes_duration: 28754.223679986957
