comms_cons: 278.14424322825505
finished_reconf: true
global_termination_time: 2809126.554
local_termination_time: 5194.72
node_cons: 57848.59422446661
tot_aggregated_send: 38624
tot_msg_rcv: 1358
tot_msg_sent: 2293
tot_reconf_duration: 2.77
tot_sleeping_duration: 2765926.529680009
tot_uptimes: 720
tot_uptimes_duration: 43200.02431999077
