comms_cons: 69.70974719762748
finished_reconf: true
global_termination_time: 690527.741
local_termination_time: 133883.56836000006
node_cons: 14148.400804485742
tot_aggregated_send: 9338
tot_msg_rcv: 384
tot_msg_sent: 873
tot_reconf_duration: 6.279999999999999
tot_sleeping_duration: 679967.7166799958
tot_uptimes: 177
tot_uptimes_duration: 10560.024320004275
