comms_cons: 72.06936319433927
finished_reconf: true
global_termination_time: 685710.228
local_termination_time: 387280.87036000006
node_cons: 14066.056403355113
tot_aggregated_send: 8758
tot_msg_rcv: 804
tot_msg_sent: 1393
tot_reconf_duration: 4.8100000000000005
tot_sleeping_duration: 675210.2097600036
tot_uptimes: 176
tot_uptimes_duration: 10500.018239996338
