comms_cons: 69.20002559770413
finished_reconf: true
global_termination_time: 686962.089
local_termination_time: 223140.22036000006
node_cons: 14074.907826719444
tot_aggregated_send: 9222
tot_msg_rcv: 370
tot_msg_sent: 927
tot_reconf_duration: 11.31
tot_sleeping_duration: 676462.0525200005
tot_uptimes: 176
tot_uptimes_duration: 10500.036479999573
