comms_cons: 67.8058623997799
finished_reconf: true
global_termination_time: 686016.608
local_termination_time: 421185.7786000001
node_cons: 14080.35614335515
tot_aggregated_send: 8990
tot_msg_rcv: 390
tot_msg_sent: 927
tot_reconf_duration: 15.34
tot_sleeping_duration: 675516.5897600036
tot_uptimes: 176
tot_uptimes_duration: 10500.018239996338
