comms_cons: 192.8046911885201
finished_reconf: true
global_termination_time: 1909150.849
local_termination_time: 690479.9081999996
node_cons: 39214.48894558397
tot_aggregated_send: 26100
tot_msg_rcv: 1170
tot_msg_sent: 2037
tot_reconf_duration: 6.279999999999999
tot_sleeping_duration: 1879870.8186000118
tot_uptimes: 489
tot_uptimes_duration: 29280.030399988173
