comms_cons: 194.20186877949922
finished_reconf: true
global_termination_time: 1912737.868
local_termination_time: 452404.4165600002
node_cons: 39293.250928934394
tot_aggregated_send: 26506
tot_msg_rcv: 1146
tot_msg_sent: 1864
tot_reconf_duration: 5.1
tot_sleeping_duration: 1883397.819360019
tot_uptimes: 490
tot_uptimes_duration: 29340.048639981076
