comms_cons: 191.65930878507476
finished_reconf: true
global_termination_time: 1908910.68
local_termination_time: 112621.97095999964
node_cons: 39223.853706700764
tot_aggregated_send: 26506
tot_msg_rcv: 830
tot_msg_sent: 1796
tot_reconf_duration: 13.17
tot_sleeping_duration: 1879630.6435200141
tot_uptimes: 489
tot_uptimes_duration: 29280.036479985807
