comms_cons: 189.76511998788132
finished_reconf: true
global_termination_time: 1910748.168
local_termination_time: 518921.7973600001
node_cons: 39317.05126446713
tot_aggregated_send: 26622
tot_msg_rcv: 763
tot_msg_sent: 1460
tot_reconf_duration: 22.65
tot_sleeping_duration: 1881408.1436800095
tot_uptimes: 490
tot_uptimes_duration: 29340.024319990538
