comms_cons: 188.579609587466
finished_reconf: true
global_termination_time: 1912024.349
local_termination_time: 869257.1083999983
node_cons: 39296.903983350356
tot_aggregated_send: 26680
tot_msg_rcv: 705
tot_msg_sent: 1278
tot_reconf_duration: 7.819999999999999
tot_sleeping_duration: 1882684.330760007
tot_uptimes: 490
tot_uptimes_duration: 29340.018239992904
