comms_cons: 1.546111999999113
finished_reconf: true
global_termination_time: 14195.005
local_termination_time: 5991.963360000001
node_cons: 251.63956000000084
tot_aggregated_send: 0
tot_msg_rcv: 122
tot_msg_sent: 113
tot_reconf_duration: 7.819999999999999
tot_sleeping_duration: 14015.005
tot_uptimes: 4
tot_uptimes_duration: 180.0
