comms_cons: 270.80693119355266
finished_reconf: true
global_termination_time: 2693411.363
local_termination_time: 980719.4457199988
node_cons: 55360.832685583315
tot_aggregated_send: 36424
tot_msg_rcv: 1769
tot_msg_sent: 2967
tot_reconf_duration: 4.8100000000000005
tot_sleeping_duration: 2652071.332600012
tot_uptimes: 690
tot_uptimes_duration: 41340.03039998817
