comms_cons: 265.06491518656316
finished_reconf: true
global_termination_time: 2693033.146
local_termination_time: 1184109.9401599981
node_cons: 55360.22976111576
tot_aggregated_send: 37700
tot_msg_rcv: 845
tot_msg_sent: 1744
tot_reconf_duration: 4.390000000000001
tot_sleeping_duration: 2651693.139920003
tot_uptimes: 690
tot_uptimes_duration: 41340.006079997635
