comms_cons: 2.263244799996742
finished_reconf: true
global_termination_time: 17730.402
local_termination_time: 4651.43836
node_cons: 336.23009999999977
tot_aggregated_send: 0
tot_msg_rcv: 178
tot_msg_sent: 166
tot_reconf_duration: 10.95
tot_sleeping_duration: 17490.402
tot_uptimes: 5
tot_uptimes_duration: 240.0
