comms_cons: 88.39308799873872
finished_reconf: true
global_termination_time: 902273.3062400001
local_termination_time: 90455.01247999996
node_cons: 18602.429787964968
tot_aggregated_send: 10034
tot_msg_rcv: 1056
tot_msg_sent: 2348
tot_reconf_duration: 18.21
tot_sleeping_duration: 888398.9965999963
tot_uptimes: 232
tot_uptimes_duration: 13874.309640003688
