comms_cons: 86.87175680001089
finished_reconf: true
global_termination_time: 905613.866
local_termination_time: 156316.42036000005
node_cons: 18589.298700000018
tot_aggregated_send: 13050
tot_msg_rcv: 55
tot_msg_sent: 99
tot_reconf_duration: 22.65
tot_sleeping_duration: 891753.866
tot_uptimes: 232
tot_uptimes_duration: 13860.0
