comms_cons: 87.9573247992
finished_reconf: true
global_termination_time: 905188.703
local_termination_time: 289567.2380400008
node_cons: 18569.159560000036
tot_aggregated_send: 13050
tot_msg_rcv: 65
tot_msg_sent: 254
tot_reconf_duration: 7.819999999999999
tot_sleeping_duration: 891328.703
tot_uptimes: 232
tot_uptimes_duration: 13860.0
