comms_cons: 89.27823360032471
finished_reconf: true
global_termination_time: 903329.218
local_termination_time: 180398.66936000006
node_cons: 18573.898980000024
tot_aggregated_send: 12934
tot_msg_rcv: 230
tot_msg_sent: 404
tot_reconf_duration: 11.31
tot_sleeping_duration: 889469.218
tot_uptimes: 232
tot_uptimes_duration: 13860.0
