comms_cons: 833.5579393378626
finished_reconf: true
global_termination_time: 8521975.417
local_termination_time: 3572357.9250399997
node_cons: 175322.42380334574
tot_aggregated_send: 118436
tot_msg_rcv: 2754
tot_msg_sent: 5506
tot_reconf_duration: 15.110000000000001
tot_sleeping_duration: 8391055.398760006
tot_uptimes: 2183
tot_uptimes_duration: 130920.0182399936
