comms_cons: 836.8338689466007
finished_reconf: true
global_termination_time: 8520093.614
local_termination_time: 3801458.17984
node_cons: 175234.37306558012
tot_aggregated_send: 118494
tot_msg_rcv: 2814
tot_msg_sent: 5885
tot_reconf_duration: 9.42
tot_sleeping_duration: 8389233.58360001
tot_uptimes: 2182
tot_uptimes_duration: 130860.03039998934
