comms_cons: 830.5976128761031
finished_reconf: true
global_termination_time: 8522243.091
local_termination_time: 5647937.139359999
node_cons: 175318.04019999312
tot_aggregated_send: 122206
tot_msg_rcv: 1364
tot_msg_sent: 2675
tot_reconf_duration: 11.899999999999999
tot_sleeping_duration: 8391323.091
tot_uptimes: 2183
tot_uptimes_duration: 130920.0
