comms_cons: 845.8525569852883
finished_reconf: true
global_termination_time: 8522319.413
local_termination_time: 915746.172
node_cons: 175315.02534244503
tot_aggregated_send: 119766
tot_msg_rcv: 2805
tot_msg_sent: 5994
tot_reconf_duration: 7.819999999999999
tot_sleeping_duration: 8391397.526680022
tot_uptimes: 2183
tot_uptimes_duration: 130921.8863199784
