comms_cons: 189.90062078935748
finished_reconf: true
global_termination_time: 1930395.199
local_termination_time: 270611.55084000016
node_cons: 39712.73802670537
tot_aggregated_send: 26332
tot_msg_rcv: 911
tot_msg_sent: 1620
tot_reconf_duration: 18.21
tot_sleeping_duration: 1900755.1625200107
tot_uptimes: 495
tot_uptimes_duration: 29640.03647998924
