comms_cons: 187.9545855961797
finished_reconf: true
global_termination_time: 1930402.163
local_termination_time: 1251805.8833599996
node_cons: 39694.88579999956
tot_aggregated_send: 27840
tot_msg_rcv: 163
tot_msg_sent: 565
tot_reconf_duration: 5.1
tot_sleeping_duration: 1900762.163
tot_uptimes: 495
tot_uptimes_duration: 29640.0
