comms_cons: 196.18791678173775
finished_reconf: true
global_termination_time: 1928678.7862799983
local_termination_time: 39732.54192000007
node_cons: 39635.417442812206
tot_aggregated_send: 26042
tot_msg_rcv: 1262
tot_msg_sent: 2514
tot_reconf_duration: 4.390000000000001
tot_sleeping_duration: 1899082.4787200189
tot_uptimes: 494
tot_uptimes_duration: 29596.307559979425
