comms_cons: 190.52250879419503
finished_reconf: true
global_termination_time: 1931935.314
local_termination_time: 961084.4311999995
node_cons: 39708.7917199997
tot_aggregated_send: 27956
tot_msg_rcv: 320
tot_msg_sent: 682
tot_reconf_duration: 15.34
tot_sleeping_duration: 1902295.314
tot_uptimes: 495
tot_uptimes_duration: 29640.0
