comms_cons: 129.11679999808612
finished_reconf: true
global_termination_time: 1323085.908
local_termination_time: 636184.6713599999
node_cons: 27159.061900000106
tot_aggregated_send: 19024
tot_msg_rcv: 195
tot_msg_sent: 406
tot_reconf_duration: 3.05
tot_sleeping_duration: 1302805.908
tot_uptimes: 339
tot_uptimes_duration: 20280.0
