comms_cons: 129.96718079853687
finished_reconf: true
global_termination_time: 1325661.448
local_termination_time: 918026.7347599991
node_cons: 27245.87956000013
tot_aggregated_send: 18966
tot_msg_rcv: 271
tot_msg_sent: 517
tot_reconf_duration: 7.819999999999999
tot_sleeping_duration: 1305321.448
tot_uptimes: 340
tot_uptimes_duration: 20340.0
