comms_cons: 1.506636799997134
finished_reconf: true
global_termination_time: 10421.065
local_termination_time: 4885.16736
node_cons: 168.24405999999962
tot_aggregated_send: 0
tot_msg_rcv: 118
tot_msg_sent: 111
tot_reconf_duration: 5.57
tot_sleeping_duration: 10301.065
tot_uptimes: 3
tot_uptimes_duration: 120.0
