comms_cons: 69.3182335991686
finished_reconf: true
global_termination_time: 685830.226
local_termination_time: 141495.64272000012
node_cons: 14074.899685597973
tot_aggregated_send: 9280
tot_msg_rcv: 388
tot_msg_sent: 868
tot_reconf_duration: 11.31
tot_sleeping_duration: 675330.1956000015
tot_uptimes: 176
tot_uptimes_duration: 10500.030399998475
