comms_cons: 71.68821759888527
finished_reconf: true
global_termination_time: 685516.105
local_termination_time: 81518.56743999962
node_cons: 14066.930927850046
tot_aggregated_send: 8874
tot_msg_rcv: 738
tot_msg_sent: 1286
tot_reconf_duration: 5.43
tot_sleeping_duration: 675016.0624399926
tot_uptimes: 176
tot_uptimes_duration: 10500.042560007481
