comms_cons: 168.54972795069278
finished_reconf: true
global_termination_time: 785379.8195599986
local_termination_time: 1770.0756000000006
node_cons: 16238.932554730394
tot_aggregated_send: 0
tot_msg_rcv: 13874
tot_msg_sent: 11737
tot_reconf_duration: 18.21
tot_sleeping_duration: 773270.6310799908
tot_uptimes: 202
tot_uptimes_duration: 12109.188480007751
