comms_cons: 62.84896000509921
finished_reconf: true
global_termination_time: 294414.6927200001
local_termination_time: 294414.6516000001
node_cons: 6077.443190408755
tot_aggregated_send: 0
tot_msg_rcv: 5173
tot_msg_sent: 4384
tot_reconf_duration: 24.59
tot_sleeping_duration: 289900.8391199936
tot_uptimes: 76
tot_uptimes_duration: 4513.853600006528
