comms_cons: 29.705088000638227
finished_reconf: true
global_termination_time: 294990.814
local_termination_time: 132001.279
node_cons: 6031.4779022428675
tot_aggregated_send: 3883
tot_msg_rcv: 168
tot_msg_sent: 464
tot_reconf_duration: 4.390000000000001
tot_sleeping_duration: 290490.8018399979
tot_uptimes: 76
tot_uptimes_duration: 4500.0121600021375
