comms_cons: 0.921087999999507
finished_reconf: true
global_termination_time: 4033.706
local_termination_time: 434.36135999999993
node_cons: 87.26580000000003
tot_aggregated_send: 0
tot_msg_rcv: 86
tot_msg_sent: 54
tot_reconf_duration: 5.1
tot_sleeping_duration: 3973.706
tot_uptimes: 2
tot_uptimes_duration: 60.0
