comms_cons: 2.414566399992021
finished_reconf: true
global_termination_time: 10689.605
local_termination_time: 4540.02236
node_cons: 178.5648600000001
tot_aggregated_send: 0
tot_msg_rcv: 261
tot_msg_sent: 106
tot_reconf_duration: 13.17
tot_sleeping_duration: 10569.605
tot_uptimes: 3
tot_uptimes_duration: 120.0
