comms_cons: 1.5132159999992219
finished_reconf: true
global_termination_time: 13560.302
local_termination_time: 6593.139360000001
node_cons: 251.63956000000084
tot_aggregated_send: 0
tot_msg_rcv: 119
tot_msg_sent: 111
tot_reconf_duration: 7.819999999999999
tot_sleeping_duration: 13380.302
tot_uptimes: 4
tot_uptimes_duration: 180.0
