comms_cons: 369.84650244323785
finished_reconf: true
global_termination_time: 3666991.467
local_termination_time: 16249.665479999998
node_cons: 75446.27535228431
tot_aggregated_send: 50866
tot_msg_rcv: 1743
tot_msg_sent: 3604
tot_reconf_duration: 5.1
tot_sleeping_duration: 3610651.4001200255
tot_uptimes: 940
tot_uptimes_duration: 56340.06687997468
