comms_cons: 370.51319044923343
finished_reconf: true
global_termination_time: 3668872.119
local_termination_time: 685910.3763599999
node_cons: 75457.2425534015
tot_aggregated_send: 51040
tot_msg_rcv: 1851
tot_msg_sent: 3424
tot_reconf_duration: 13.17
tot_sleeping_duration: 3612532.0460400274
tot_uptimes: 940
tot_uptimes_duration: 56340.072959972546
