comms_cons: 368.6930432467709
finished_reconf: true
global_termination_time: 3669406.146
local_termination_time: 935324.6503599999
node_cons: 75459.83636781728
tot_aggregated_send: 51446
tot_msg_rcv: 1581
tot_msg_sent: 3013
tot_reconf_duration: 15.110000000000001
tot_sleeping_duration: 3613066.103440016
tot_uptimes: 940
tot_uptimes_duration: 56340.04255998437
