comms_cons: 371.31815686308715
finished_reconf: true
global_termination_time: 3667238.769
local_termination_time: 922020.3699599986
node_cons: 75454.67596781721
tot_aggregated_send: 50982
tot_msg_rcv: 1977
tot_msg_sent: 3479
tot_reconf_duration: 11.31
tot_sleeping_duration: 3610898.7264400152
tot_uptimes: 940
tot_uptimes_duration: 56340.04255998437
