comms_cons: 369.67059844940235
finished_reconf: true
global_termination_time: 3666142.454
local_termination_time: 859207.2292399978
node_cons: 75366.46908117433
tot_aggregated_send: 50866
tot_msg_rcv: 1777
tot_msg_sent: 3545
tot_reconf_duration: 5.43
tot_sleeping_duration: 3609862.3232000177
tot_uptimes: 939
tot_uptimes_duration: 56280.13079998223
