comms_cons: 39.54099200009857
finished_reconf: true
global_termination_time: 402477.568
local_termination_time: 8693.853800000003
node_cons: 8279.20264000001
tot_aggregated_send: 5858
tot_msg_rcv: 38
tot_msg_sent: 114
tot_reconf_duration: 3.08
tot_sleeping_duration: 396297.568
tot_uptimes: 104
tot_uptimes_duration: 6180.0
