comms_cons: 39.35306239986461
finished_reconf: true
global_termination_time: 403100.959
local_termination_time: 237459.715
node_cons: 8287.812359999989
tot_aggregated_send: 5856
tot_msg_rcv: 12
tot_msg_sent: 111
tot_reconf_duration: 9.42
tot_sleeping_duration: 396920.959
tot_uptimes: 104
tot_uptimes_duration: 6180.000000000002
