comms_cons: 97.04977919556035
finished_reconf: true
global_termination_time: 941774.37124
local_termination_time: 19967.16848
node_cons: 19386.98590494883
tot_aggregated_send: 12412
tot_msg_rcv: 878
tot_msg_sent: 1460
tot_reconf_duration: 4.390000000000001
tot_sleeping_duration: 927300.1186000083
tot_uptimes: 242
tot_uptimes_duration: 14474.252639991639
