comms_cons: 96.63992319485334
finished_reconf: true
global_termination_time: 942189.609
local_termination_time: 206572.95936000004
node_cons: 19372.60840671479
tot_aggregated_send: 12470
tot_msg_rcv: 762
tot_msg_sent: 1457
tot_reconf_duration: 7.819999999999999
tot_sleeping_duration: 927729.572520004
tot_uptimes: 242
tot_uptimes_duration: 14460.03647999611
