comms_cons: 53.56126720074745
finished_reconf: true
global_termination_time: 537619.18
local_termination_time: 41948.96696000003
node_cons: 11031.309180000015
tot_aggregated_send: 7540
tot_msg_rcv: 212
tot_msg_sent: 389
tot_reconf_duration: 18.21
tot_sleeping_duration: 529399.18
tot_uptimes: 138
tot_uptimes_duration: 8220.0
