comms_cons: 53.23356160019782
finished_reconf: true
global_termination_time: 537598.846
local_termination_time: 10072.706960000005
node_cons: 11029.736971440021
tot_aggregated_send: 7656
tot_msg_rcv: 144
tot_msg_sent: 292
tot_reconf_duration: 9.11
tot_sleeping_duration: 529370.79104
tot_uptimes: 138
tot_uptimes_duration: 8228.054960000005
