comms_cons: 52.932172800080494
finished_reconf: true
global_termination_time: 542302.677
local_termination_time: 80924.47087999948
node_cons: 11095.52972000003
tot_aggregated_send: 7714
tot_msg_rcv: 47
tot_msg_sent: 285
tot_reconf_duration: 6.34
tot_sleeping_duration: 534022.677
tot_uptimes: 139
tot_uptimes_duration: 8280.0
