comms_cons: 406.26079325481703
finished_reconf: true
global_termination_time: 2054932.735
local_termination_time: 3619.1673600000004
node_cons: 42298.46175223345
tot_aggregated_send: 0
tot_msg_rcv: 31248
tot_msg_sent: 30499
tot_reconf_duration: 18.21
tot_sleeping_duration: 2023361.6128400047
tot_uptimes: 527
tot_uptimes_duration: 31571.12215999537
