comms_cons: 208.1204607839664
finished_reconf: true
global_termination_time: 2055017.708
local_termination_time: 1157971.6983599998
node_cons: 42266.23836335005
tot_aggregated_send: 28130
tot_msg_rcv: 1126
tot_msg_sent: 2378
tot_reconf_duration: 5.43
tot_sleeping_duration: 2023457.6897600072
tot_uptimes: 527
tot_uptimes_duration: 31560.018239992904
