comms_cons: 216.61358079871067
finished_reconf: true
global_termination_time: 2190231.608
local_termination_time: 701633.9941599993
node_cons: 45011.23171999947
tot_aggregated_send: 31320
tot_msg_rcv: 458
tot_msg_sent: 1146
tot_reconf_duration: 15.34
tot_sleeping_duration: 2156631.608
tot_uptimes: 561
tot_uptimes_duration: 33600.0
