comms_cons: 53.265203200166596
finished_reconf: true
global_termination_time: 534416.8903999993
local_termination_time: 96302.678
node_cons: 10998.679734718235
tot_aggregated_send: 7538
tot_msg_rcv: 207
tot_msg_sent: 350
tot_reconf_duration: 22.65
tot_sleeping_duration: 526225.7619200007
tot_uptimes: 137
tot_uptimes_duration: 8191.128479998661
