comms_cons: 44.567500800426544
finished_reconf: true
global_termination_time: 449819.4964800001
local_termination_time: 449819.4553600001
node_cons: 9290.843518720123
tot_aggregated_send: 6366
tot_msg_rcv: 111
tot_msg_sent: 296
tot_reconf_duration: 24.59
tot_sleeping_duration: 442905.792
tot_uptimes: 116
tot_uptimes_duration: 6913.704480000073
