comms_cons: 46.159667201308444
finished_reconf: true
global_termination_time: 453711.835
local_termination_time: 101228.30107999964
node_cons: 9350.214982242884
tot_aggregated_send: 5858
tot_msg_rcv: 383
tot_msg_sent: 775
tot_reconf_duration: 22.65
tot_sleeping_duration: 446751.8228399979
tot_uptimes: 117
tot_uptimes_duration: 6960.0121600021375
