comms_cons: 861.7465861959848
finished_reconf: true
global_termination_time: 2956607.4395999997
local_termination_time: 2956607.3984799995
node_cons: 120710.12361451706
tot_aggregated_send: 0
tot_msg_rcv: 43918
tot_msg_sent: 87060
tot_reconf_duration: 37.410000000000004
tot_sleeping_duration: 2866495.922919999
tot_uptimes: 1493
tot_uptimes_duration: 90111.51668000076
