comms_cons: 294.6357184222786
finished_reconf: true
global_termination_time: 2957672.418
local_termination_time: 4652.225080000001
node_cons: 60821.56263999883
tot_aggregated_send: 42108
tot_msg_rcv: 878
tot_msg_sent: 1796
tot_reconf_duration: 3.08
tot_sleeping_duration: 2912252.418
tot_uptimes: 758
tot_uptimes_duration: 45420.0
