comms_cons: 305.6246272483047
finished_reconf: true
global_termination_time: 2958829.724
local_termination_time: 804918.9065999998
node_cons: 60838.30941340142
tot_aggregated_send: 39266
tot_msg_rcv: 2544
tot_msg_sent: 4643
tot_reconf_duration: 15.34
tot_sleeping_duration: 2913409.651040028
tot_uptimes: 758
tot_uptimes_duration: 45420.07295997208
