comms_cons: 51.6012928003265
finished_reconf: true
global_termination_time: 520591.4143200002
local_termination_time: 520591.3732000002
node_cons: 10742.269068720878
tot_aggregated_send: 7471
tot_msg_rcv: 124
tot_msg_sent: 247
tot_reconf_duration: 21.23
tot_sleeping_duration: 512590.33983999956
tot_uptimes: 134
tot_uptimes_duration: 8001.074480000636
