comms_cons: 50.77168640025373
finished_reconf: true
global_termination_time: 521840.54
local_termination_time: 338492.41036000004
node_cons: 10691.181619999954
tot_aggregated_send: 7540
tot_msg_rcv: 54
tot_msg_sent: 123
tot_reconf_duration: 4.390000000000001
tot_sleeping_duration: 513860.54
tot_uptimes: 134
tot_uptimes_duration: 7980.0
