comms_cons: 401.41672964912874
finished_reconf: true
global_termination_time: 4016789.851
local_termination_time: 1510395.0001999997
node_cons: 82614.24917999783
tot_aggregated_send: 57362
tot_msg_rcv: 1406
tot_msg_sent: 2245
tot_reconf_duration: 18.21
tot_sleeping_duration: 3955109.851
tot_uptimes: 1029
tot_uptimes_duration: 61680.0
