comms_cons: 404.7494784643545
finished_reconf: true
global_termination_time: 4016144.388
local_termination_time: 834624.0233599999
node_cons: 82606.70410446616
tot_aggregated_send: 55448
tot_msg_rcv: 1898
tot_msg_sent: 4173
tot_reconf_duration: 12.629999999999999
tot_sleeping_duration: 3954464.363680009
tot_uptimes: 1029
tot_uptimes_duration: 61680.02431999124
