comms_cons: 0.7105535999996204
finished_reconf: true
global_termination_time: 5303.293
local_termination_time: 947.3113599999999
node_cons: 95.69898000000008
tot_aggregated_send: 0
tot_msg_rcv: 60
tot_msg_sent: 48
tot_reconf_duration: 11.31
tot_sleeping_duration: 5243.293
tot_uptimes: 2
tot_uptimes_duration: 60.0
