comms_cons: 210.40939518459933
finished_reconf: true
global_termination_time: 2093997.63
local_termination_time: 692588.6986799994
node_cons: 43066.42260558383
tot_aggregated_send: 29348
tot_msg_rcv: 888
tot_msg_sent: 1745
tot_reconf_duration: 3.05
tot_sleeping_duration: 2061837.5996000117
tot_uptimes: 537
tot_uptimes_duration: 32160.030399988173
