comms_cons: 91.16139519831347
finished_reconf: true
global_termination_time: 916970.579
local_termination_time: 589941.466999998
node_cons: 18838.71299511409
tot_aggregated_send: 12934
tot_msg_rcv: 291
tot_msg_sent: 631
tot_reconf_duration: 18.21
tot_sleeping_duration: 902919.8069200044
tot_uptimes: 235
tot_uptimes_duration: 14050.7720799956
