comms_cons: 93.20060159706073
finished_reconf: true
global_termination_time: 912832.129
local_termination_time: 460194.04816000035
node_cons: 18749.986841116894
tot_aggregated_send: 12470
tot_msg_rcv: 668
tot_msg_sent: 1028
tot_reconf_duration: 22.65
tot_sleeping_duration: 898852.1229200023
tot_uptimes: 234
tot_uptimes_duration: 13980.006079997635
