comms_cons: 121.72794239422555
finished_reconf: true
global_termination_time: 615795.549
local_termination_time: 216841.74860000008
node_cons: 12644.154982242871
tot_aggregated_send: 0
tot_msg_rcv: 9411
tot_msg_sent: 9090
tot_reconf_duration: 22.65
tot_sleeping_duration: 606375.5368399979
tot_uptimes: 158
tot_uptimes_duration: 9420.012160002138
