comms_cons: 85.60428799330369
finished_reconf: true
global_termination_time: 856316.859
local_termination_time: 6838.803
node_cons: 17689.708103355122
tot_aggregated_send: 11821
tot_msg_rcv: 368
tot_msg_sent: 821
tot_reconf_duration: 10.96
tot_sleeping_duration: 843116.8407600037
tot_uptimes: 220
tot_uptimes_duration: 13200.018239996338
