comms_cons: 204.71486069621363
finished_reconf: true
global_termination_time: 1035458.443
local_termination_time: 3090.36936
node_cons: 21314.886167836252
tot_aggregated_send: 0
tot_msg_rcv: 15752
tot_msg_sent: 15361
tot_reconf_duration: 18.21
tot_sleeping_duration: 1019558.4004400028
tot_uptimes: 266
tot_uptimes_duration: 15900.042559997179
