comms_cons: 89.08299520010884
finished_reconf: true
global_termination_time: 906951.859
local_termination_time: 393621.08736000006
node_cons: 18649.86622000006
tot_aggregated_send: 13224
tot_msg_rcv: 91
tot_msg_sent: 225
tot_reconf_duration: 8.09
tot_sleeping_duration: 893031.859
tot_uptimes: 233
tot_uptimes_duration: 13920.0
