comms_cons: 88.94483199919613
finished_reconf: true
global_termination_time: 905444.034
local_termination_time: 40363.42036000019
node_cons: 18576.020254159444
tot_aggregated_send: 12760
tot_msg_rcv: 228
tot_msg_sent: 531
tot_reconf_duration: 9.11
tot_sleeping_duration: 891580.2185600004
tot_uptimes: 232
tot_uptimes_duration: 13863.815439999562
