comms_cons: 89.02315519888796
finished_reconf: true
global_termination_time: 909380.222
local_termination_time: 389811.45736000006
node_cons: 18654.247121116856
tot_aggregated_send: 12876
tot_msg_rcv: 198
tot_msg_sent: 457
tot_reconf_duration: 11.31
tot_sleeping_duration: 895460.2159200023
tot_uptimes: 233
tot_uptimes_duration: 13920.006079997635
