comms_cons: 88.29286399719699
finished_reconf: true
global_termination_time: 897074.633
local_termination_time: 277981.52236000006
node_cons: 18408.479560000036
tot_aggregated_send: 12818
tot_msg_rcv: 145
tot_msg_sent: 457
tot_reconf_duration: 7.819999999999999
tot_sleeping_duration: 883334.633
tot_uptimes: 230
tot_uptimes_duration: 13740.0
