comms_cons: 404.2335552194294
finished_reconf: true
global_termination_time: 4091250.765
local_termination_time: 2570744.2911199993
node_cons: 84136.83614334874
tot_aggregated_send: 57420
tot_msg_rcv: 1357
tot_msg_sent: 2664
tot_reconf_duration: 15.34
tot_sleeping_duration: 4028430.746760007
tot_uptimes: 1048
tot_uptimes_duration: 62820.01823999337
