comms_cons: 402.2699456192225
finished_reconf: true
global_termination_time: 4086759.546
local_termination_time: 2259260.4897200004
node_cons: 84039.85520446589
tot_aggregated_send: 57014
tot_msg_rcv: 1509
tot_msg_sent: 2619
tot_reconf_duration: 3.08
tot_sleeping_duration: 4023999.521680009
tot_uptimes: 1047
tot_uptimes_duration: 62760.024319991004
