comms_cons: 407.0315008460357
finished_reconf: true
global_termination_time: 4090163.357
local_termination_time: 1230562.37936
node_cons: 84128.8293478165
tot_aggregated_send: 57130
tot_msg_rcv: 1541
tot_msg_sent: 3193
tot_reconf_duration: 9.42
tot_sleeping_duration: 4027343.3144400157
tot_uptimes: 1048
tot_uptimes_duration: 62820.04255998414
