comms_cons: 407.68884484586147
finished_reconf: true
global_termination_time: 4087039.634
local_termination_time: 383161.12760000053
node_cons: 84042.24525005088
tot_aggregated_send: 57768
tot_msg_rcv: 1289
tot_msg_sent: 2908
tot_reconf_duration: 4.8100000000000005
tot_sleeping_duration: 4024279.57928002
tot_uptimes: 1047
tot_uptimes_duration: 62760.054719979875
