comms_cons: 620.1823365706418
finished_reconf: true
global_termination_time: 3941176.929
local_termination_time: 2018483.76136
node_cons: 81071.60452223166
tot_aggregated_send: 0
tot_msg_rcv: 47398
tot_msg_sent: 46867
tot_reconf_duration: 6.279999999999999
tot_sleeping_duration: 3880636.9168400047
tot_uptimes: 1010
tot_uptimes_duration: 60540.01215999527
