comms_cons: 393.8797312629607
finished_reconf: true
global_termination_time: 3941206.326
local_termination_time: 1088838.09836
node_cons: 81080.28481005118
tot_aggregated_send: 54752
tot_msg_rcv: 1762
tot_msg_sent: 3352
tot_reconf_duration: 12.629999999999999
tot_sleeping_duration: 3880666.27128002
tot_uptimes: 1010
tot_uptimes_duration: 60540.05471997987
