comms_cons: 392.8772032346455
finished_reconf: true
global_termination_time: 3943156.657
local_termination_time: 987289.6274799999
node_cons: 81073.73654781682
tot_aggregated_send: 54752
tot_msg_rcv: 1708
tot_msg_sent: 3255
tot_reconf_duration: 7.819999999999999
tot_sleeping_duration: 3882616.614440016
tot_uptimes: 1010
tot_uptimes_duration: 60540.04255998414
