comms_cons: 451.89893129431664
finished_reconf: true
global_termination_time: 4501397.132239997
local_termination_time: 202293.88760000007
node_cons: 92596.89470164938
tot_aggregated_send: 62698
tot_msg_rcv: 1927
tot_msg_sent: 4060
tot_reconf_duration: 18.21
tot_sleeping_duration: 4432261.833120018
tot_uptimes: 1153
tot_uptimes_duration: 69135.29911997903
