comms_cons: 443.8008640206043
finished_reconf: true
global_termination_time: 4504675.388
local_termination_time: 3289189.64236
node_cons: 92652.88428446553
tot_aggregated_send: 63394
tot_msg_rcv: 1380
tot_msg_sent: 2681
tot_reconf_duration: 15.34
tot_sleeping_duration: 4435495.36368001
tot_uptimes: 1154
tot_uptimes_duration: 69180.02431999124
