comms_cons: 457.4885504840394
finished_reconf: true
global_termination_time: 4504942.592
local_termination_time: 27910.67536
node_cons: 92648.28603452243
tot_aggregated_send: 61944
tot_msg_rcv: 2655
tot_msg_sent: 4935
tot_reconf_duration: 11.899999999999999
tot_sleeping_duration: 4435762.512960027
tot_uptimes: 1154
tot_uptimes_duration: 69180.07903997385
