comms_cons: 101.03082239341416
finished_reconf: true
global_termination_time: 987460.5873999982
local_termination_time: 987460.5462799983
node_cons: 20372.64435014637
tot_aggregated_send: 13256
tot_msg_rcv: 698
tot_msg_sent: 1402
tot_reconf_duration: 37.410000000000004
tot_sleeping_duration: 972283.7079600084
tot_uptimes: 253
tot_uptimes_duration: 15176.879439989789
