comms_cons: 102.14695039150955
finished_reconf: true
global_termination_time: 989970.637
local_termination_time: 264004.25664000085
node_cons: 20378.752550545298
tot_aggregated_send: 13108
tot_msg_rcv: 853
tot_msg_sent: 1566
tot_reconf_duration: 25.299999999999997
tot_sleeping_duration: 974776.913960011
tot_uptimes: 254
tot_uptimes_duration: 15193.72303998901
