comms_cons: 100.20121599732443
finished_reconf: true
global_termination_time: 988279.123
local_termination_time: 392783.22936000006
node_cons: 20338.82864224287
tot_aggregated_send: 13688
tot_msg_rcv: 562
tot_msg_sent: 980
tot_reconf_duration: 9.42
tot_sleeping_duration: 973099.1108399979
tot_uptimes: 254
tot_uptimes_duration: 15180.012160002138
