comms_cons: 100.59358719616633
finished_reconf: true
global_termination_time: 990863.305
local_termination_time: 441887.2373600001
node_cons: 20340.914523350544
tot_aggregated_send: 13514
tot_msg_rcv: 619
tot_msg_sent: 1157
tot_reconf_duration: 10.95
tot_sleeping_duration: 975683.2867600071
tot_uptimes: 254
tot_uptimes_duration: 15180.018239992904
