comms_cons: 101.03677439201473
finished_reconf: true
global_termination_time: 988919.655
local_termination_time: 450088.3633600001
node_cons: 20330.170041116926
tot_aggregated_send: 13514
tot_msg_rcv: 684
tot_msg_sent: 1159
tot_reconf_duration: 3.05
tot_sleeping_duration: 973739.6489200024
tot_uptimes: 254
tot_uptimes_duration: 15180.006079997635
