comms_cons: 239.11576318783662
finished_reconf: true
global_termination_time: 2416420.474
local_termination_time: 1673107.12736
node_cons: 49657.692201116246
tot_aggregated_send: 33408
tot_msg_rcv: 1044
tot_msg_sent: 1892
tot_reconf_duration: 5.57
tot_sleeping_duration: 2379340.467920002
tot_uptimes: 619
tot_uptimes_duration: 37080.006079997635
