comms_cons: 240.46318078417863
finished_reconf: true
global_termination_time: 2413300.063
local_termination_time: 1608250.9903199994
node_cons: 49657.05394111597
tot_aggregated_send: 33698
tot_msg_rcv: 1051
tot_msg_sent: 1800
tot_reconf_duration: 5.1
tot_sleeping_duration: 2376220.056920002
tot_uptimes: 619
tot_uptimes_duration: 37080.006079997635
