comms_cons: 242.76822399372736
finished_reconf: true
global_termination_time: 2414550.858
local_termination_time: 1454768.4713599999
node_cons: 49668.03742446656
tot_aggregated_send: 33408
tot_msg_rcv: 1062
tot_msg_sent: 2430
tot_reconf_duration: 13.17
tot_sleeping_duration: 2377470.8336800095
tot_uptimes: 619
tot_uptimes_duration: 37080.02431999054
