comms_cons: 244.39754239150423
finished_reconf: true
global_termination_time: 2413325.008
local_termination_time: 1228572.00536
node_cons: 49661.130643349934
tot_aggregated_send: 33234
tot_msg_rcv: 1305
tot_msg_sent: 2608
tot_reconf_duration: 8.09
tot_sleeping_duration: 2376244.989760007
tot_uptimes: 619
tot_uptimes_duration: 37080.0182399929
