comms_cons: 244.25405438778404
finished_reconf: true
global_termination_time: 2412160.6021199916
local_termination_time: 323623.9705200004
node_cons: 49653.41838083658
tot_aggregated_send: 32886
tot_msg_rcv: 1404
tot_msg_sent: 2836
tot_reconf_duration: 22.65
tot_sleeping_duration: 2375101.1102000237
tot_uptimes: 618
tot_uptimes_duration: 37059.491919968044
