comms_cons: 475.1281343241432
finished_reconf: true
global_termination_time: 2416675.918
local_termination_time: 1648.3694800000023
node_cons: 49666.31276447125
tot_aggregated_send: 0
tot_msg_rcv: 36372
tot_msg_sent: 35844
tot_reconf_duration: 11.899999999999999
tot_sleeping_duration: 2379595.8936800063
tot_uptimes: 619
tot_uptimes_duration: 37080.02431999397
