comms_cons: 236.16038398681187
finished_reconf: true
global_termination_time: 2416311.984
local_termination_time: 1461685.0019999999
node_cons: 49665.49526223306
tot_aggregated_send: 33290
tot_msg_rcv: 807
tot_msg_sent: 1798
tot_reconf_duration: 11.31
tot_sleeping_duration: 2379231.971840005
tot_uptimes: 619
tot_uptimes_duration: 37080.01215999527
