comms_cons: 822.1194817390491
finished_reconf: true
global_termination_time: 8435880.331
local_termination_time: 4661501.270439999
node_cons: 173547.2249244624
tot_aggregated_send: 116870
tot_msg_rcv: 2876
tot_msg_sent: 5210
tot_reconf_duration: 9.42
tot_sleeping_duration: 8306280.306680009
tot_uptimes: 2161
tot_uptimes_duration: 129600.02431999147
