comms_cons: 844.1381058140607
finished_reconf: true
global_termination_time: 8433686.206
local_termination_time: 1630063.894239998
node_cons: 173477.48372340563
tot_aggregated_send: 117914
tot_msg_rcv: 3516
tot_msg_sent: 6877
tot_reconf_duration: 11.31
tot_sleeping_duration: 8304140.183040021
tot_uptimes: 2160
tot_uptimes_duration: 129546.02295997879
