comms_cons: 65.32487679973792
finished_reconf: true
global_termination_time: 663424.9384799999
local_termination_time: 663424.89736
node_cons: 13629.21165984125
tot_aggregated_send: 9440
tot_msg_rcv: 133
tot_msg_sent: 355
tot_reconf_duration: 24.59
tot_sleeping_duration: 653271.227919999
tot_uptimes: 170
tot_uptimes_duration: 10153.710560000909
