comms_cons: 65.44988160018534
finished_reconf: true
global_termination_time: 665089.02
local_termination_time: 508467.0199600002
node_cons: 13661.941900000083
tot_aggregated_send: 9744
tot_msg_rcv: 90
tot_msg_sent: 114
tot_reconf_duration: 3.05
tot_sleeping_duration: 654889.02
tot_uptimes: 171
tot_uptimes_duration: 10200.0
