comms_cons: 66.40386560046365
finished_reconf: true
global_termination_time: 665232.117
local_termination_time: 409145.55436
node_cons: 13666.24675999998
tot_aggregated_send: 9396
tot_msg_rcv: 238
tot_msg_sent: 459
tot_reconf_duration: 6.22
tot_sleeping_duration: 655032.117
tot_uptimes: 171
tot_uptimes_duration: 10200.0
