comms_cons: 70.70910720260541
finished_reconf: true
global_termination_time: 735580.9442400002
local_termination_time: 30195.509200000004
node_cons: 15178.887281696087
tot_aggregated_send: 6206
tot_msg_rcv: 1677
tot_msg_sent: 2866
tot_reconf_duration: 18.21
tot_sleeping_duration: 724263.4251199882
tot_uptimes: 189
tot_uptimes_duration: 11317.519120012003
