comms_cons: 71.33826560008563
finished_reconf: true
global_termination_time: 735580.9220000003
local_termination_time: 160656.28136000008
node_cons: 15173.43954000037
tot_aggregated_send: 10672
tot_msg_rcv: 77
tot_msg_sent: 94
tot_reconf_duration: 25.299999999999997
tot_sleeping_duration: 724274.662
tot_uptimes: 189
tot_uptimes_duration: 11306.260000000242
