comms_cons: 102.21633279157895
finished_reconf: true
global_termination_time: 957099.061
local_termination_time: 380758.4984000004
node_cons: 19704.172425598023
tot_aggregated_send: 11774
tot_msg_rcv: 1330
tot_msg_sent: 2435
tot_reconf_duration: 15.34
tot_sleeping_duration: 942399.0306000015
tot_uptimes: 246
tot_uptimes_duration: 14700.030399998475
