comms_cons: 95.89841919448503
finished_reconf: true
global_termination_time: 956967.254
local_termination_time: 723491.6973599999
node_cons: 19701.20114223375
tot_aggregated_send: 13398
tot_msg_rcv: 376
tot_msg_sent: 802
tot_reconf_duration: 13.17
tot_sleeping_duration: 942267.2418400047
tot_uptimes: 246
tot_uptimes_duration: 14700.012159995269
