comms_cons: 97.63837439375526
finished_reconf: true
global_termination_time: 958296.245
local_termination_time: 221578.4965600007
node_cons: 19698.715967836248
tot_aggregated_send: 12528
tot_msg_rcv: 735
tot_msg_sent: 1575
tot_reconf_duration: 11.31
tot_sleeping_duration: 943596.2024400028
tot_uptimes: 246
tot_uptimes_duration: 14700.042559997179
