comms_cons: 98.68606718903138
finished_reconf: true
global_termination_time: 959491.986
local_termination_time: 235222.51736000006
node_cons: 19690.739068948475
tot_aggregated_send: 12006
tot_msg_rcv: 943
tot_msg_sent: 2050
tot_reconf_duration: 5.43
tot_sleeping_duration: 944791.9373600086
tot_uptimes: 246
tot_uptimes_duration: 14700.048639991379
