comms_cons: 282.4055808147757
finished_reconf: true
global_termination_time: 2811260.421
local_termination_time: 279.78223999999994
node_cons: 57850.22108781743
tot_aggregated_send: 37758
tot_msg_rcv: 1787
tot_msg_sent: 3379
tot_reconf_duration: 3.95
tot_sleeping_duration: 2768060.3784400164
tot_uptimes: 720
tot_uptimes_duration: 43200.04255998391
