comms_cons: 63.687283201020456
finished_reconf: true
global_termination_time: 639538.427
local_termination_time: 195500.24448000008
node_cons: 13103.000342242889
tot_aggregated_send: 8642
tot_msg_rcv: 374
tot_msg_sent: 664
tot_reconf_duration: 5.57
tot_sleeping_duration: 629758.4148399979
tot_uptimes: 164
tot_uptimes_duration: 9780.012160002138
