comms_cons: 62.767449600755185
finished_reconf: true
global_termination_time: 638794.932
local_termination_time: 193948.97540000084
node_cons: 13113.951007844014
tot_aggregated_send: 8642
tot_msg_rcv: 267
tot_msg_sent: 632
tot_reconf_duration: 13.17
tot_sleeping_duration: 629014.449439997
tot_uptimes: 164
tot_uptimes_duration: 9780.482560002973
