comms_cons: 23.92197119900401
finished_reconf: true
global_termination_time: 115889.42387999948
local_termination_time: 115889.38275999948
node_cons: 2440.889725439309
tot_aggregated_send: 0
tot_msg_rcv: 1899
tot_msg_sent: 1731
tot_reconf_duration: 24.59
tot_sleeping_duration: 114091.44291999999
tot_uptimes: 30
tot_uptimes_duration: 1797.9809599994896
