comms_cons: 66.03302400196412
finished_reconf: true
global_termination_time: 541306.836879999
local_termination_time: 541306.7957599991
node_cons: 11162.950729226164
tot_aggregated_send: 4858
tot_msg_rcv: 1959
tot_msg_sent: 3221
tot_reconf_duration: 24.59
tot_sleeping_duration: 532994.9940799795
tot_uptimes: 139
tot_uptimes_duration: 8311.842800019527
