comms_cons: 179.7766335867119
finished_reconf: true
global_termination_time: 1789529.009
local_termination_time: 345838.68312000093
node_cons: 36802.29268558863
tot_aggregated_send: 25056
tot_msg_rcv: 756
tot_msg_sent: 1513
tot_reconf_duration: 4.8100000000000005
tot_sleeping_duration: 1762048.9786000084
tot_uptimes: 459
tot_uptimes_duration: 27480.030399991607
