comms_cons: 369.58881286402465
finished_reconf: true
global_termination_time: 3665824.976
local_termination_time: 1863774.21436
node_cons: 75376.13666893492
tot_aggregated_send: 50692
tot_msg_rcv: 1773
tot_msg_sent: 3711
tot_reconf_duration: 12.629999999999999
tot_sleeping_duration: 3609544.9273600173
tot_uptimes: 939
tot_uptimes_duration: 56280.04863998247
