comms_cons: 368.906611244871
finished_reconf: true
global_termination_time: 3667059.867
local_termination_time: 2049743.37448
node_cons: 75464.69530558388
tot_aggregated_send: 51098
tot_msg_rcv: 1619
tot_msg_sent: 3355
tot_reconf_duration: 18.700000000000003
tot_sleeping_duration: 3610719.836600011
tot_uptimes: 940
tot_uptimes_duration: 56340.030399989104
