comms_cons: 2.2106111999926954
finished_reconf: true
global_termination_time: 14734.435
local_termination_time: 10029.05336
node_cons: 261.8517200000002
tot_aggregated_send: 0
tot_msg_rcv: 176
tot_msg_sent: 160
tot_reconf_duration: 15.34
tot_sleeping_duration: 14554.435
tot_uptimes: 4
tot_uptimes_duration: 180.0
