comms_cons: 370.60633606033025
finished_reconf: true
global_termination_time: 3697679.209
local_termination_time: 1534347.3745199982
node_cons: 76012.6669255834
tot_aggregated_send: 51620
tot_msg_rcv: 1462
tot_msg_sent: 3248
tot_reconf_duration: 8.09
tot_sleeping_duration: 3640919.178600011
tot_uptimes: 947
tot_uptimes_duration: 56760.03039998887
