comms_cons: 17.816473600026395
finished_reconf: true
global_termination_time: 182112.717
local_termination_time: 36839.595360000014
node_cons: 3720.369180000001
tot_aggregated_send: 2610
tot_msg_rcv: 57
tot_msg_sent: 41
tot_reconf_duration: 18.21
tot_sleeping_duration: 179352.717
tot_uptimes: 47
tot_uptimes_duration: 2760.0
