comms_cons: 142.29396478840076
finished_reconf: true
global_termination_time: 1402972.4279599986
local_termination_time: 1402972.3868399987
node_cons: 28970.544253914348
tot_aggregated_send: 19313
tot_msg_rcv: 809
tot_msg_sent: 1505
tot_reconf_duration: 51.03
tot_sleeping_duration: 1381388.2266800029
tot_uptimes: 360
tot_uptimes_duration: 21584.20127999576
