comms_cons: 140.88021758317058
finished_reconf: true
global_termination_time: 1408859.915
local_termination_time: 6756.652
node_cons: 28932.14489789695
tot_aggregated_send: 17972
tot_msg_rcv: 1168
tot_msg_sent: 2272
tot_reconf_duration: 7.08
tot_sleeping_duration: 1387259.8177200174
tot_uptimes: 361
tot_uptimes_duration: 21600.097279982758
