comms_cons: 140.0439935869591
finished_reconf: true
global_termination_time: 1404046.007
local_termination_time: 5337.642
node_cons: 28847.277353420424
tot_aggregated_send: 18091
tot_msg_rcv: 1178
tot_msg_sent: 2017
tot_reconf_duration: 3.77
tot_sleeping_duration: 1382505.9340400146
tot_uptimes: 360
tot_uptimes_duration: 21540.07295998535
