comms_cons: 218.59189757581797
finished_reconf: true
global_termination_time: 2138907.872
local_termination_time: 1231870.8093599998
node_cons: 43954.56522781744
tot_aggregated_send: 28652
tot_msg_rcv: 1583
tot_msg_sent: 2989
tot_reconf_duration: 6.279999999999999
tot_sleeping_duration: 2106087.8294400163
tot_uptimes: 548
tot_uptimes_duration: 32820.04255998344
