comms_cons: 212.36286079191038
finished_reconf: true
global_termination_time: 2143102.934
local_termination_time: 540586.5973599999
node_cons: 44037.31436111635
tot_aggregated_send: 30856
tot_msg_rcv: 499
tot_msg_sent: 922
tot_reconf_duration: 8.09
tot_sleeping_duration: 2110222.9279200025
tot_uptimes: 549
tot_uptimes_duration: 32880.006079997635
