comms_cons: 211.94892799164575
finished_reconf: true
global_termination_time: 2137460.041
local_termination_time: 1118042.4180799986
node_cons: 43958.772359999464
tot_aggregated_send: 30682
tot_msg_rcv: 497
tot_msg_sent: 1036
tot_reconf_duration: 9.42
tot_sleeping_duration: 2104640.041
tot_uptimes: 548
tot_uptimes_duration: 32820.0
