comms_cons: 216.17465598054196
finished_reconf: true
global_termination_time: 2138666.194
local_termination_time: 508317.62736000045
node_cons: 43952.07187786883
tot_aggregated_send: 29058
tot_msg_rcv: 1209
tot_msg_sent: 2591
tot_reconf_duration: 4.390000000000001
tot_sleeping_duration: 2105846.096720038
tot_uptimes: 548
tot_uptimes_duration: 32820.09727996215
