comms_cons: 216.55246078058602
finished_reconf: true
global_termination_time: 2142084.858
local_termination_time: 26281.11148
node_cons: 44041.80923787348
tot_aggregated_send: 29290
tot_msg_rcv: 1230
tot_msg_sent: 2393
tot_reconf_duration: 11.31
tot_sleeping_duration: 2109204.7607200346
tot_uptimes: 549
tot_uptimes_duration: 32880.09727996559
