comms_cons: 100.56625281407065
finished_reconf: true
global_termination_time: 510456.07
local_termination_time: 1698.64236
node_cons: 10455.210643364306
tot_aggregated_send: 0
tot_msg_rcv: 7743
tot_msg_sent: 7540
tot_reconf_duration: 8.09
tot_sleeping_duration: 502656.0517599968
tot_uptimes: 131
tot_uptimes_duration: 7800.018240003206
