comms_cons: 51.949363200868824
finished_reconf: true
global_termination_time: 512496.412
local_termination_time: 390803.7443600005
node_cons: 10540.708341121397
tot_aggregated_send: 7134
tot_msg_rcv: 308
tot_msg_sent: 454
tot_reconf_duration: 11.899999999999999
tot_sleeping_duration: 504636.40591999894
tot_uptimes: 132
tot_uptimes_duration: 7860.006080001069
