comms_cons: 52.45596160101909
finished_reconf: true
global_termination_time: 509652.537
local_termination_time: 185767.57860000007
node_cons: 10448.350041121428
tot_aggregated_send: 6960
tot_msg_rcv: 430
tot_msg_sent: 583
tot_reconf_duration: 3.05
tot_sleeping_duration: 501852.53091999894
tot_uptimes: 131
tot_uptimes_duration: 7800.006080001069
