comms_cons: 52.93527040137457
finished_reconf: true
global_termination_time: 510545.6
local_termination_time: 242709.56336000003
node_cons: 10454.843983364277
tot_aggregated_send: 6612
tot_msg_rcv: 507
tot_msg_sent: 927
tot_reconf_duration: 7.819999999999999
tot_sleeping_duration: 502745.58175999677
tot_uptimes: 131
tot_uptimes_duration: 7800.018240003206
