comms_cons: 52.153945601179075
finished_reconf: true
global_termination_time: 509869.563
local_termination_time: 75076.95695999965
node_cons: 10452.654901121447
tot_aggregated_send: 6728
tot_msg_rcv: 389
tot_msg_sent: 810
tot_reconf_duration: 6.22
tot_sleeping_duration: 502069.55691999895
tot_uptimes: 131
tot_uptimes_duration: 7800.006080001069
