comms_cons: 36.08878720064938
finished_reconf: true
global_termination_time: 353678.587
local_termination_time: 51991.15588000018
node_cons: 7260.629578805967
tot_aggregated_send: 4640
tot_msg_rcv: 265
tot_msg_sent: 579
tot_reconf_duration: 15.34
tot_sleeping_duration: 348271.71779999556
tot_uptimes: 91
tot_uptimes_duration: 5406.869200004454
