comms_cons: 35.712524800207746
finished_reconf: true
global_termination_time: 351921.352
local_termination_time: 98683.37935999996
node_cons: 7248.509283364299
tot_aggregated_send: 4814
tot_msg_rcv: 217
tot_msg_sent: 397
tot_reconf_duration: 13.17
tot_sleeping_duration: 346521.3337599968
tot_uptimes: 91
tot_uptimes_duration: 5400.018240003206
