comms_cons: 67.76833280795346
finished_reconf: true
global_termination_time: 351896.94
local_termination_time: 6709.674360000002
node_cons: 7261.358700000008
tot_aggregated_send: 0
tot_msg_rcv: 5213
tot_msg_sent: 5086
tot_reconf_duration: 22.65
tot_sleeping_duration: 346496.94
tot_uptimes: 91
tot_uptimes_duration: 5400.0
