comms_cons: 0.7500287999995991
finished_reconf: true
global_termination_time: 6045.877
local_termination_time: 933.6973599999999
node_cons: 86.30161999999999
tot_aggregated_send: 0
tot_msg_rcv: 60
tot_msg_sent: 54
tot_reconf_duration: 4.390000000000001
tot_sleeping_duration: 5985.877
tot_uptimes: 2
tot_uptimes_duration: 60.0
