comms_cons: 392.48286083038244
finished_reconf: true
global_termination_time: 3992206.697
local_termination_time: 2192757.7591999983
node_cons: 82115.08476558344
tot_aggregated_send: 55448
tot_msg_rcv: 1472
tot_msg_sent: 2734
tot_reconf_duration: 5.57
tot_sleeping_duration: 3930886.6666000113
tot_uptimes: 1023
tot_uptimes_duration: 61320.03039998887
