comms_cons: 397.77584005126386
finished_reconf: true
global_termination_time: 3994422.81
local_termination_time: 630808.6593599998
node_cons: 82132.9478700552
tot_aggregated_send: 55622
tot_msg_rcv: 1589
tot_msg_sent: 3247
tot_reconf_duration: 18.700000000000003
tot_sleeping_duration: 3933102.7552800174
tot_uptimes: 1023
tot_uptimes_duration: 61320.054719983076
