comms_cons: 401.17329925540923
finished_reconf: true
global_termination_time: 3994338.932
local_termination_time: 909229.1551999996
node_cons: 82113.52303117244
tot_aggregated_send: 55680
tot_msg_rcv: 1805
tot_msg_sent: 3491
tot_reconf_duration: 4.390000000000001
tot_sleeping_duration: 3933018.871200019
tot_uptimes: 1023
tot_uptimes_duration: 61320.06079998094
