comms_cons: 401.4956800403113
finished_reconf: true
global_termination_time: 3992910.692
local_termination_time: 1231016.34736
node_cons: 82118.1565478171
tot_aggregated_send: 55274
tot_msg_rcv: 2092
tot_msg_sent: 3659
tot_reconf_duration: 7.819999999999999
tot_sleeping_duration: 3931590.649440015
tot_uptimes: 1023
tot_uptimes_duration: 61320.04255998437
