comms_cons: 89.61528319569017
finished_reconf: true
global_termination_time: 911583.607
local_termination_time: 533206.5073599999
node_cons: 18729.839560000117
tot_aggregated_send: 12934
tot_msg_rcv: 181
tot_msg_sent: 506
tot_reconf_duration: 7.819999999999999
tot_sleeping_duration: 897603.607
tot_uptimes: 234
tot_uptimes_duration: 13980.0
