comms_cons: 1.4803199999951098
finished_reconf: true
global_termination_time: 8297.85848
local_termination_time: 8297.817360000001
node_cons: 212.42351872000063
tot_aggregated_send: 0
tot_msg_rcv: 115
tot_msg_sent: 109
tot_reconf_duration: 24.59
tot_sleeping_duration: 8164.154
tot_uptimes: 3
tot_uptimes_duration: 133.70448000000033
