comms_cons: 166.13219839484364
finished_reconf: true
global_termination_time: 1674500.66
local_termination_time: 543278.1241999996
node_cons: 34419.87740000004
tot_aggregated_send: 23896
tot_msg_rcv: 451
tot_msg_sent: 904
tot_reconf_duration: 25.299999999999997
tot_sleeping_duration: 1648820.66
tot_uptimes: 429
tot_uptimes_duration: 25680.0
