comms_cons: 169.0643839876473
finished_reconf: true
global_termination_time: 1674883.804
local_termination_time: 496652.0934800001
node_cons: 34389.72044105817
tot_aggregated_send: 22388
tot_msg_rcv: 1034
tot_msg_sent: 2275
tot_reconf_duration: 3.05
tot_sleeping_duration: 1649203.7602800163
tot_uptimes: 429
tot_uptimes_duration: 25680.04371998366
