comms_cons: 84.2933375967615
finished_reconf: true
global_termination_time: 831078.7184799998
local_termination_time: 831078.6773599999
node_cons: 17101.257502074917
tot_aggregated_send: 11400
tot_msg_rcv: 531
tot_msg_sent: 881
tot_reconf_duration: 37.410000000000004
tot_sleeping_duration: 818344.9957600037
tot_uptimes: 213
tot_uptimes_duration: 12733.722719996178
