comms_cons: 83.58599679895713
finished_reconf: true
global_termination_time: 834116.849
local_termination_time: 144776.63468000072
node_cons: 17124.832085598002
tot_aggregated_send: 10672
tot_msg_rcv: 638
tot_msg_sent: 1394
tot_reconf_duration: 9.11
tot_sleeping_duration: 821336.8186000016
tot_uptimes: 214
tot_uptimes_duration: 12780.030399998475
