comms_cons: 83.52294399933895
finished_reconf: true
global_termination_time: 833608.48
local_termination_time: 477795.33136000007
node_cons: 17132.955662242868
tot_aggregated_send: 11484
tot_msg_rcv: 353
tot_msg_sent: 858
tot_reconf_duration: 15.110000000000001
tot_sleeping_duration: 820828.4678399978
tot_uptimes: 214
tot_uptimes_duration: 12780.012160002138
