comms_cons: 83.00318719699649
finished_reconf: true
global_termination_time: 835171.913
local_termination_time: 399620.6630800006
node_cons: 17128.588341116807
tot_aggregated_send: 11600
tot_msg_rcv: 313
tot_msg_sent: 703
tot_reconf_duration: 11.899999999999999
tot_sleeping_duration: 822391.9069200023
tot_uptimes: 214
tot_uptimes_duration: 12780.006079997635
