comms_cons: 488.75465598489876
finished_reconf: true
global_termination_time: 2486413.627679997
local_termination_time: 3370.90848
node_cons: 51154.20551663235
tot_aggregated_send: 0
tot_msg_rcv: 37393
tot_msg_sent: 36893
tot_reconf_duration: 18.21
tot_sleeping_duration: 2448228.805920002
tot_uptimes: 637
tot_uptimes_duration: 38184.82175999484
