comms_cons: 226.8639935935776
finished_reconf: true
global_termination_time: 2322725.485
local_termination_time: 1226680.5513599997
node_cons: 47739.853001116135
tot_aggregated_send: 33234
tot_msg_rcv: 387
tot_msg_sent: 860
tot_reconf_duration: 13.17
tot_sleeping_duration: 2287085.4789200025
tot_uptimes: 595
tot_uptimes_duration: 35640.006079997635
