comms_cons: 78.87956479629628
finished_reconf: true
global_termination_time: 755125.5495999978
local_termination_time: 755125.5495999978
node_cons: 15630.552830229624
tot_aggregated_send: 9788
tot_msg_rcv: 737
tot_msg_sent: 1467
tot_reconf_duration: 24.59
tot_sleeping_duration: 743477.1854400056
tot_uptimes: 194
tot_uptimes_duration: 11648.364159992227
