comms_cons: 77.25971199598091
finished_reconf: true
global_termination_time: 760387.342
local_termination_time: 309800.81636000006
node_cons: 15606.824284476583
tot_aggregated_send: 10092
tot_msg_rcv: 494
tot_msg_sent: 1158
tot_reconf_duration: 15.34
tot_sleeping_duration: 748747.3176800025
tot_uptimes: 195
tot_uptimes_duration: 11640.024319997407
