comms_cons: 104.28592639550799
finished_reconf: true
global_termination_time: 1024274.401
local_termination_time: 486131.839480001
node_cons: 21174.219076081103
tot_aggregated_send: 14036
tot_msg_rcv: 597
tot_msg_sent: 1217
tot_reconf_duration: 18.21
tot_sleeping_duration: 1008479.4122799992
tot_uptimes: 263
tot_uptimes_duration: 15794.98872000078
