comms_cons: 103.9783039964132
finished_reconf: true
global_termination_time: 1029183.342
local_termination_time: 175872.35436000006
node_cons: 21147.353706710237
tot_aggregated_send: 13862
tot_msg_rcv: 610
tot_msg_sent: 1332
tot_reconf_duration: 13.17
tot_sleeping_duration: 1013403.3055200073
tot_uptimes: 264
tot_uptimes_duration: 15780.036479992676
