comms_cons: 103.37364479567208
finished_reconf: true
global_termination_time: 1025561.797
local_termination_time: 218784.46960000054
node_cons: 21055.677108948483
tot_aggregated_send: 14094
tot_msg_rcv: 511
tot_msg_sent: 1108
tot_reconf_duration: 4.8100000000000005
tot_sleeping_duration: 1009841.7483600087
tot_uptimes: 263
tot_uptimes_duration: 15720.048639991379
