comms_cons: 106.50969599185947
finished_reconf: true
global_termination_time: 1024295.934
local_termination_time: 224120.86636000007
node_cons: 21135.454890069937
tot_aggregated_send: 13398
tot_msg_rcv: 927
tot_msg_sent: 1863
tot_reconf_duration: 4.390000000000001
tot_sleeping_duration: 1008515.8792800076
tot_uptimes: 263
tot_uptimes_duration: 15780.054719992448
