comms_cons: 1.546111999999113
finished_reconf: true
global_termination_time: 12811.446000000013
local_termination_time: 6210.682360000001
node_cons: 322.4958200000161
tot_aggregated_send: 0
tot_msg_rcv: 122
tot_msg_sent: 113
tot_reconf_duration: 6.22
tot_sleeping_duration: 12576.906
tot_uptimes: 4
tot_uptimes_duration: 234.5400000000118
