comms_cons: 145.98586879251854
finished_reconf: true
global_termination_time: 1471502.273
local_termination_time: 792239.5933599999
node_cons: 30225.724860000104
tot_aggregated_send: 21054
tot_msg_rcv: 393
tot_msg_sent: 742
tot_reconf_duration: 13.17
tot_sleeping_duration: 1448942.273
tot_uptimes: 377
tot_uptimes_duration: 22560.0
