comms_cons: 150.1507391859306
finished_reconf: true
global_termination_time: 1475326.587
local_termination_time: 382204.06436
node_cons: 30294.198607817812
tot_aggregated_send: 19836
tot_msg_rcv: 947
tot_msg_sent: 2040
tot_reconf_duration: 4.390000000000001
tot_sleeping_duration: 1452706.5444400166
tot_uptimes: 378
tot_uptimes_duration: 22620.04255998344
