comms_cons: 139.55357437423348
finished_reconf: true
global_termination_time: 705572.0201199991
local_termination_time: 419.1134799999991
node_cons: 14536.063053921616
tot_aggregated_send: 0
tot_msg_rcv: 10748
tot_msg_sent: 10466
tot_reconf_duration: 18.21
tot_sleeping_duration: 694734.5788399979
tot_uptimes: 181
tot_uptimes_duration: 10837.441280001192
