comms_cons: 71.79809919572972
finished_reconf: true
global_termination_time: 706358.983
local_termination_time: 240155.08572000058
node_cons: 14468.804765593388
tot_aggregated_send: 9106
tot_msg_rcv: 561
tot_msg_sent: 1246
tot_reconf_duration: 5.57
tot_sleeping_duration: 695558.952600005
tot_uptimes: 181
tot_uptimes_duration: 10800.030399995041
