comms_cons: 73.10274559818357
finished_reconf: true
global_termination_time: 706405.254
local_termination_time: 171967.00260000007
node_cons: 14465.464051205112
tot_aggregated_send: 9106
tot_msg_rcv: 659
tot_msg_sent: 1348
tot_reconf_duration: 3.08
tot_sleeping_duration: 695605.1931999961
tot_uptimes: 181
tot_uptimes_duration: 10800.06080000382
