comms_cons: 71.50274559703338
finished_reconf: true
global_termination_time: 705760.946
local_termination_time: 97233.26835999996
node_cons: 14467.764544471946
tot_aggregated_send: 9396
tot_msg_rcv: 426
tot_msg_sent: 1046
tot_reconf_duration: 4.8100000000000005
tot_sleeping_duration: 694960.9216800061
tot_uptimes: 181
tot_uptimes_duration: 10800.024319993972
