comms_cons: 35.75795200029686
finished_reconf: true
global_termination_time: 361371.236
local_termination_time: 150551.52856000024
node_cons: 7416.009179999997
tot_aggregated_send: 5046
tot_msg_rcv: 171
tot_msg_sent: 218
tot_reconf_duration: 18.21
tot_sleeping_duration: 355851.236
tot_uptimes: 93
tot_uptimes_duration: 5520.0
