comms_cons: 37.673695999918166
finished_reconf: true
global_termination_time: 360120.709
local_termination_time: 159749.79520000063
node_cons: 7406.647121121436
tot_aggregated_send: 4756
tot_msg_rcv: 397
tot_msg_sent: 572
tot_reconf_duration: 11.31
tot_sleeping_duration: 354600.7029199989
tot_uptimes: 93
tot_uptimes_duration: 5520.006080001069
