comms_cons: 59.667251198949984
finished_reconf: true
global_termination_time: 604361.777
local_termination_time: 364696.78836000006
node_cons: 12403.12684112148
tot_aggregated_send: 8526
tot_msg_rcv: 157
tot_msg_sent: 385
tot_reconf_duration: 22.65
tot_sleeping_duration: 595121.7709199989
tot_uptimes: 155
tot_uptimes_duration: 9240.006080001069
