comms_cons: 37.52180480001421
finished_reconf: true
global_termination_time: 386005.3811600004
local_termination_time: 46026.56936000001
node_cons: 7931.657324240557
tot_aggregated_send: 5626
tot_msg_rcv: 14
tot_msg_sent: 62
tot_reconf_duration: 15.34
tot_sleeping_duration: 380097.371
tot_uptimes: 99
tot_uptimes_duration: 5908.010160000413
