comms_cons: 38.34357760005208
finished_reconf: true
global_termination_time: 386602.547
local_termination_time: 100957.40903999981
node_cons: 7961.22406
tot_aggregated_send: 5626
tot_msg_rcv: 91
tot_msg_sent: 111
tot_reconf_duration: 5.57
tot_sleeping_duration: 380662.547
tot_uptimes: 100
tot_uptimes_duration: 5940.0
