comms_cons: 38.311308800120365
finished_reconf: true
global_termination_time: 389986.654
local_termination_time: 24554.974880000005
node_cons: 7971.817184320017
tot_aggregated_send: 5568
tot_msg_rcv: 89
tot_msg_sent: 167
tot_reconf_duration: 10.95
tot_sleeping_duration: 384044.19912
tot_uptimes: 100
tot_uptimes_duration: 5942.454880000005
