comms_cons: 5.440998399992052
finished_reconf: true
global_termination_time: 3620.445400000001
local_termination_time: 3620.404280000001
node_cons: 694.8543996000017
tot_aggregated_send: 0
tot_msg_rcv: 353
tot_msg_sent: 472
tot_reconf_duration: 24.59
tot_sleeping_duration: 3126.449
tot_uptimes: 8
tot_uptimes_duration: 493.996400000001
