comms_cons: 723.7581056968967
finished_reconf: true
global_termination_time: 7299463.668079998
local_termination_time: 7299463.626959998
node_cons: 150266.86099246365
tot_aggregated_send: 104954
tot_msg_rcv: 1589
tot_msg_sent: 3463
tot_reconf_duration: 37.410000000000004
tot_sleeping_duration: 7187278.411760007
tot_uptimes: 1870
tot_uptimes_duration: 112185.25631999178
