comms_cons: 1176.2930590523467
finished_reconf: true
global_termination_time: 7301446.782
local_termination_time: 2148519.864639999
node_cons: 150164.0370866982
tot_aggregated_send: 0
tot_msg_rcv: 90100
tot_msg_sent: 88688
tot_reconf_duration: 6.279999999999999
tot_sleeping_duration: 7189306.745520012
tot_uptimes: 1870
tot_uptimes_duration: 112140.0364799872
