comms_cons: 714.1259265032835
finished_reconf: true
global_termination_time: 7301493.755
local_termination_time: 4463829.526
node_cons: 150190.73644542214
tot_aggregated_send: 101497
tot_msg_rcv: 2166
tot_msg_sent: 4880
tot_reconf_duration: 15.110000000000001
tot_sleeping_duration: 7189342.734040009
tot_uptimes: 1870
tot_uptimes_duration: 112151.02095999103
