comms_cons: 716.8648449140842
finished_reconf: true
global_termination_time: 7299979.876
local_termination_time: 4758228.875959999
node_cons: 150180.87088222825
tot_aggregated_send: 101326
tot_msg_rcv: 2654
tot_msg_sent: 4978
tot_reconf_duration: 18.700000000000003
tot_sleeping_duration: 7187839.863840004
tot_uptimes: 1870
tot_uptimes_duration: 112140.01215999573
