comms_cons: 77.85230079644666
finished_reconf: true
global_termination_time: 758004.5844399985
local_termination_time: 758004.5433199985
node_cons: 15684.190063756054
tot_aggregated_send: 10382
tot_msg_rcv: 546
tot_msg_sent: 904
tot_reconf_duration: 24.59
tot_sleeping_duration: 746316.1626000014
tot_uptimes: 195
tot_uptimes_duration: 11688.421839997027
