comms_cons: 441.5808509481934
finished_reconf: true
global_termination_time: 2464498.258
local_termination_time: 689107.912
node_cons: 50738.14720836798
tot_aggregated_send: 0
tot_msg_rcv: 34216
tot_msg_sent: 32905
tot_reconf_duration: 22.65
tot_sleeping_duration: 2426628.6624000235
tot_uptimes: 632
tot_uptimes_duration: 37869.5955999766
