comms_cons: 251.75434240566312
finished_reconf: true
global_termination_time: 2463093.141
local_termination_time: 902193.9896799994
node_cons: 50703.16593340194
tot_aggregated_send: 33756
tot_msg_rcv: 1658
tot_msg_sent: 2853
tot_reconf_duration: 6.279999999999999
tot_sleeping_duration: 2425233.0680400277
tot_uptimes: 631
tot_uptimes_duration: 37860.07295997208
