comms_cons: 243.53566719360757
finished_reconf: true
global_termination_time: 2465966.194
local_termination_time: 1000111.9183599999
node_cons: 50715.05937999925
tot_aggregated_send: 35206
tot_msg_rcv: 546
tot_msg_sent: 1264
tot_reconf_duration: 15.110000000000001
tot_sleeping_duration: 2428106.194
tot_uptimes: 632
tot_uptimes_duration: 37860.0
