comms_cons: 244.75108479693495
finished_reconf: true
global_termination_time: 2465853.703
local_termination_time: 924952.2243999992
node_cons: 50707.34189367663
tot_aggregated_send: 35496
tot_msg_rcv: 609
tot_msg_sent: 1095
tot_reconf_duration: 9.42
tot_sleeping_duration: 2427993.695880002
tot_uptimes: 632
tot_uptimes_duration: 37860.00711999799
