comms_cons: 243.24618239373967
finished_reconf: true
global_termination_time: 2465197.991
local_termination_time: 1366395.6253600002
node_cons: 50709.41009999952
tot_aggregated_send: 35728
tot_msg_rcv: 411
tot_msg_sent: 833
tot_reconf_duration: 10.95
tot_sleeping_duration: 2427337.991
tot_uptimes: 632
tot_uptimes_duration: 37860.0
