comms_cons: 255.81459840241726
finished_reconf: true
global_termination_time: 2466436.178
local_termination_time: 330504.93036000006
node_cons: 50701.995351176796
tot_aggregated_send: 32306
tot_msg_rcv: 2301
tot_msg_sent: 4276
tot_reconf_duration: 5.43
tot_sleeping_duration: 2428576.1172000165
tot_uptimes: 632
tot_uptimes_duration: 37860.060799983214
