comms_cons: 251.38458238230137
finished_reconf: true
global_termination_time: 2465989.879
local_termination_time: 919020.4300399983
node_cons: 50715.4368489339
tot_aggregated_send: 32886
tot_msg_rcv: 1739
tot_msg_sent: 3583
tot_reconf_duration: 15.34
tot_sleeping_duration: 2428129.830360019
tot_uptimes: 632
tot_uptimes_duration: 37860.048639981076
