comms_cons: 46.068185600168285
finished_reconf: true
global_termination_time: 472991.362
local_termination_time: 263169.07200000004
node_cons: 9737.796203202857
tot_aggregated_send: 6313
tot_msg_rcv: 164
tot_msg_sent: 525
tot_reconf_duration: 11.31
tot_sleeping_duration: 465730.39319999795
tot_uptimes: 122
tot_uptimes_duration: 7260.968800002098
