comms_cons: 134.0565503911272
finished_reconf: true
global_termination_time: 1346062.067
local_termination_time: 430103.76300000004
node_cons: 27693.09778463509
tot_aggregated_send: 18210
tot_msg_rcv: 731
tot_msg_sent: 1435
tot_reconf_duration: 22.65
tot_sleeping_duration: 1325403.1132400038
tot_uptimes: 345
tot_uptimes_duration: 20658.95375999628
