comms_cons: 134.81341439240995
finished_reconf: true
global_termination_time: 1342229.2241200001
local_termination_time: 33781.19748000001
node_cons: 27583.558018633215
tot_aggregated_send: 17748
tot_msg_rcv: 874
tot_msg_sent: 1868
tot_reconf_duration: 4.8100000000000005
tot_sleeping_duration: 1321633.9843600052
tot_uptimes: 344
tot_uptimes_duration: 20595.239759994904
