comms_cons: 132.78799359476525
finished_reconf: true
global_termination_time: 1346396.783
local_termination_time: 504626.74888000084
node_cons: 27642.921619999983
tot_aggregated_send: 18850
tot_msg_rcv: 516
tot_msg_sent: 817
tot_reconf_duration: 4.390000000000001
tot_sleeping_duration: 1325756.783
tot_uptimes: 345
tot_uptimes_duration: 20640.0
