comms_cons: 263.9805566227196
finished_reconf: true
global_termination_time: 1342229.3933999992
local_termination_time: 3481.6846
node_cons: 27606.749937115936
tot_aggregated_send: 0
tot_msg_rcv: 20203
tot_msg_sent: 19918
tot_reconf_duration: 6.22
tot_sleeping_duration: 1321618.2633200022
tot_uptimes: 344
tot_uptimes_duration: 20611.130079996932
