comms_cons: 132.43271679807827
finished_reconf: true
global_termination_time: 1345128.504
local_termination_time: 856692.6343599998
node_cons: 27652.31897999996
tot_aggregated_send: 19488
tot_msg_rcv: 301
tot_msg_sent: 340
tot_reconf_duration: 11.31
tot_sleeping_duration: 1324488.504
tot_uptimes: 345
tot_uptimes_duration: 20640.0
