comms_cons: 85.9447167983756
finished_reconf: true
global_termination_time: 834872.336
local_termination_time: 2345.1786000000006
node_cons: 17146.809964484324
tot_aggregated_send: 11078
tot_msg_rcv: 726
tot_msg_sent: 1259
tot_reconf_duration: 25.299999999999997
tot_sleeping_duration: 822092.3116799968
tot_uptimes: 214
tot_uptimes_duration: 12780.024320003213
