comms_cons: 82.568959998175
finished_reconf: true
global_termination_time: 834443.118
local_termination_time: 440525.84536000004
node_cons: 17123.07212447656
tot_aggregated_send: 11252
tot_msg_rcv: 435
tot_msg_sent: 863
tot_reconf_duration: 7.819999999999999
tot_sleeping_duration: 821663.0936800026
tot_uptimes: 214
tot_uptimes_duration: 12780.024319997407
