comms_cons: 2.9343231999903026
finished_reconf: true
global_termination_time: 12701.888
local_termination_time: 8646.327360000001
node_cons: 258.9048600000001
tot_aggregated_send: 0
tot_msg_rcv: 284
tot_msg_sent: 162
tot_reconf_duration: 13.17
tot_sleeping_duration: 12521.888
tot_uptimes: 4
tot_uptimes_duration: 180.0
