comms_cons: 2.7566847999951105
finished_reconf: true
global_termination_time: 17131.896
local_termination_time: 9564.65936
node_cons: 352.1268411200058
tot_aggregated_send: 0
tot_msg_rcv: 261
tot_msg_sent: 158
tot_reconf_duration: 22.65
tot_sleeping_duration: 16891.889919999994
tot_uptimes: 5
tot_uptimes_duration: 240.00608000000375
