comms_cons: 119.0873856138858
finished_reconf: true
global_termination_time: 407685.4147200006
local_termination_time: 407685.3736000006
node_cons: 16661.392092201128
tot_aggregated_send: 0
tot_msg_rcv: 6125
tot_msg_sent: 11976
tot_reconf_duration: 37.410000000000004
tot_sleeping_duration: 395280.1949199998
tot_uptimes: 205
tot_uptimes_duration: 12405.219800000814
