comms_cons: 40.65945600037845
finished_reconf: true
global_termination_time: 410600.219
local_termination_time: 180611.70748000007
node_cons: 8443.07394
tot_aggregated_send: 5916
tot_msg_rcv: 95
tot_msg_sent: 169
tot_reconf_duration: 5.43
tot_sleeping_duration: 404300.219
tot_uptimes: 106
tot_uptimes_duration: 6300.0
