comms_cons: 11.205004799857338
finished_reconf: true
global_termination_time: 90244.184
local_termination_time: 61880.246
node_cons: 1874.5097973583145
tot_aggregated_send: 580
tot_msg_rcv: 379
tot_msg_sent: 744
tot_reconf_duration: 18.21
tot_sleeping_duration: 88862.71976000126
tot_uptimes: 24
tot_uptimes_duration: 1381.4642399987424
