comms_cons: 11.050527999812005
finished_reconf: true
global_termination_time: 93371.747
local_termination_time: 40591.51744000005
node_cons: 1865.0122455980422
tot_aggregated_send: 580
tot_msg_rcv: 352
tot_msg_sent: 748
tot_reconf_duration: 12.629999999999999
tot_sleeping_duration: 91991.71660000147
tot_uptimes: 24
tot_uptimes_duration: 1380.0303999985335
