comms_cons: 70.84364799919474
finished_reconf: true
global_termination_time: 717150.2840000003
local_termination_time: 323409.2523600001
node_cons: 14777.623852238728
tot_aggregated_send: 9628
tot_msg_rcv: 351
tot_msg_sent: 788
tot_reconf_duration: 22.65
tot_sleeping_duration: 706136.9418400013
tot_uptimes: 184
tot_uptimes_duration: 11013.34215999901
