comms_cons: 93.22914559415125
finished_reconf: true
global_termination_time: 928870.377
local_termination_time: 519670.27972000005
node_cons: 19047.52208223366
tot_aggregated_send: 12818
tot_msg_rcv: 534
tot_msg_sent: 819
tot_reconf_duration: 5.1
tot_sleeping_duration: 914650.3648400047
tot_uptimes: 238
tot_uptimes_duration: 14220.012159995269
