comms_cons: 92.34627839521741
finished_reconf: true
global_termination_time: 927532.577
local_termination_time: 215791.02636000005
node_cons: 19049.05932447196
tot_aggregated_send: 12992
tot_msg_rcv: 334
tot_msg_sent: 710
tot_reconf_duration: 6.22
tot_sleeping_duration: 913312.552680006
tot_uptimes: 238
tot_uptimes_duration: 14220.024319993974
