comms_cons: 92.92427519705429
finished_reconf: true
global_termination_time: 925763.057
local_termination_time: 96733.51535999998
node_cons: 19055.97154447657
tot_aggregated_send: 12818
tot_msg_rcv: 383
tot_msg_sent: 922
tot_reconf_duration: 11.31
tot_sleeping_duration: 911543.0326800026
tot_uptimes: 238
tot_uptimes_duration: 14220.024319997407
