comms_cons: 125.68308479601176
finished_reconf: true
global_termination_time: 1295795.591
local_termination_time: 5941.878000000001
node_cons: 26596.309801119194
tot_aggregated_send: 18382
tot_msg_rcv: 299
tot_msg_sent: 422
tot_reconf_duration: 2.77
tot_sleeping_duration: 1275935.5849200008
tot_uptimes: 332
tot_uptimes_duration: 19860.006079999366
