comms_cons: 127.1030079982017
finished_reconf: true
global_termination_time: 1296149.74
local_termination_time: 7215.782
node_cons: 26614.281580000043
tot_aggregated_send: 18834
tot_msg_rcv: 161
tot_msg_sent: 324
tot_reconf_duration: 16.009999999999998
tot_sleeping_duration: 1276289.74
tot_uptimes: 332
tot_uptimes_duration: 19860.0
