comms_cons: 126.45943039681194
finished_reconf: true
global_termination_time: 1293306.377
local_termination_time: 5199.58
node_cons: 26601.320821121473
tot_aggregated_send: 18611
tot_msg_rcv: 204
tot_msg_sent: 407
tot_reconf_duration: 6.46
tot_sleeping_duration: 1273446.3709199992
tot_uptimes: 332
tot_uptimes_duration: 19860.00608000107
