comms_cons: 789.6891201979345
finished_reconf: true
global_termination_time: 7956028.322
local_termination_time: 3386202.7828799984
node_cons: 163672.716201015
tot_aggregated_send: 109446
tot_msg_rcv: 3658
tot_msg_sent: 6923
tot_reconf_duration: 13.17
tot_sleeping_duration: 7833806.640640015
tot_uptimes: 2038
tot_uptimes_duration: 122221.68135998561
