comms_cons: 775.0475777328145
finished_reconf: true
global_termination_time: 7957272.269
local_termination_time: 4640518.529359999
node_cons: 163673.14008557927
tot_aggregated_send: 110722
tot_msg_rcv: 2359
tot_msg_sent: 4721
tot_reconf_duration: 15.110000000000001
tot_sleeping_duration: 7835052.238600011
tot_uptimes: 2038
tot_uptimes_duration: 122220.03039998934
