comms_cons: 267.29041279867954
finished_reconf: true
global_termination_time: 2694935.799
local_termination_time: 1561166.87948
node_cons: 55459.33732111585
tot_aggregated_send: 38686
tot_msg_rcv: 621
tot_msg_sent: 1319
tot_reconf_duration: 18.21
tot_sleeping_duration: 2653535.7929200022
tot_uptimes: 691
tot_uptimes_duration: 41400.006079997635
