comms_cons: 270.52417281863995
finished_reconf: true
global_termination_time: 2694764.541
local_termination_time: 239279.64860000007
node_cons: 55442.03906894292
tot_aggregated_send: 37642
tot_msg_rcv: 1093
tot_msg_sent: 2383
tot_reconf_duration: 5.43
tot_sleeping_duration: 2653364.492360012
tot_uptimes: 691
tot_uptimes_duration: 41400.048639987945
