comms_cons: 85.93093119894503
finished_reconf: true
global_termination_time: 861488.447
local_termination_time: 184897.4341600008
node_cons: 17704.11075596358
tot_aggregated_send: 11774
tot_msg_rcv: 424
tot_msg_sent: 863
tot_reconf_duration: 18.21
tot_sleeping_duration: 848285.0253599974
tot_uptimes: 221
tot_uptimes_duration: 13203.421640002663
