comms_cons: 86.53089279701908
finished_reconf: true
global_termination_time: 857358.4281200003
local_termination_time: 29508.823120000005
node_cons: 17651.109893040117
tot_aggregated_send: 11426
tot_msg_rcv: 501
tot_msg_sent: 1226
tot_reconf_duration: 4.8100000000000005
tot_sleeping_duration: 844180.9987600002
tot_uptimes: 220
tot_uptimes_duration: 13177.429360000067
