comms_cons: 246.2905471887966
finished_reconf: true
global_termination_time: 2518251.391
local_termination_time: 1249002.5231599982
node_cons: 51747.4963811161
tot_aggregated_send: 35380
tot_msg_rcv: 600
tot_msg_sent: 1454
tot_reconf_duration: 6.279999999999999
tot_sleeping_duration: 2479611.3849200024
tot_uptimes: 645
tot_uptimes_duration: 38640.006079997635
