comms_cons: 252.47022080333176
finished_reconf: true
global_termination_time: 2517164.985
local_termination_time: 768621.8523599999
node_cons: 51745.52454446695
tot_aggregated_send: 35148
tot_msg_rcv: 1019
tot_msg_sent: 2207
tot_reconf_duration: 4.8100000000000005
tot_sleeping_duration: 2478524.960680009
tot_uptimes: 645
tot_uptimes_duration: 38640.02431999077
