comms_cons: 252.13468160135417
finished_reconf: true
global_termination_time: 2517125.259
local_termination_time: 483327.28836
node_cons: 51744.96232558364
tot_aggregated_send: 35380
tot_msg_rcv: 968
tot_msg_sent: 1975
tot_reconf_duration: 4.390000000000001
tot_sleeping_duration: 2478485.2286000117
tot_uptimes: 645
tot_uptimes_duration: 38640.030399988405
