comms_cons: 252.6559424008467
finished_reconf: true
global_termination_time: 2515825.795
local_termination_time: 427619.0353600001
node_cons: 51743.15888781743
tot_aggregated_send: 35206
tot_msg_rcv: 1043
tot_msg_sent: 2153
tot_reconf_duration: 3.05
tot_sleeping_duration: 2477185.7524400163
tot_uptimes: 645
tot_uptimes_duration: 38640.042559983674
