comms_cons: 253.50315520040985
finished_reconf: true
global_termination_time: 2514967.0044799997
local_termination_time: 2514966.9633599995
node_cons: 51790.8012121345
tot_aggregated_send: 35076
tot_msg_rcv: 1174
tot_msg_sent: 2280
tot_reconf_duration: 24.59
tot_sleeping_duration: 2476313.227040018
tot_uptimes: 645
tot_uptimes_duration: 38653.77743998176
