comms_cons: 37.27116800013905
finished_reconf: true
global_termination_time: 382210.778
local_termination_time: 295172.7874800001
node_cons: 7813.811720000045
tot_aggregated_send: 5568
tot_msg_rcv: 53
tot_msg_sent: 44
tot_reconf_duration: 15.34
tot_sleeping_duration: 376390.778
tot_uptimes: 98
tot_uptimes_duration: 5820.0
