comms_cons: 307.1058750376995
finished_reconf: true
global_termination_time: 1056940.993
local_termination_time: 485170.53904000076
node_cons: 42967.724588561025
tot_aggregated_send: 0
tot_msg_rcv: 15704
tot_msg_sent: 30976
tot_reconf_duration: 18.21
tot_sleeping_duration: 1024870.047959999
tot_uptimes: 530
tot_uptimes_duration: 32070.945040001025
