comms_cons: 105.14838399546676
finished_reconf: true
global_termination_time: 1056243.8154799999
local_termination_time: 1056243.77436
node_cons: 21743.567942079524
tot_aggregated_send: 14834
tot_msg_rcv: 322
tot_msg_sent: 825
tot_reconf_duration: 24.59
tot_sleeping_duration: 1040030.0927600003
tot_uptimes: 271
tot_uptimes_duration: 16213.722719999612
