comms_cons: 322.76897282796915
finished_reconf: true
global_termination_time: 3216978.524239997
local_termination_time: 99294.32035999997
node_cons: 66147.27202725278
tot_aggregated_send: 44834
tot_msg_rcv: 1309
tot_msg_sent: 2915
tot_reconf_duration: 5.1
tot_sleeping_duration: 3167583.1947200163
tot_uptimes: 824
tot_uptimes_duration: 49395.3295199807
