comms_cons: 323.8653376151493
finished_reconf: true
global_termination_time: 3218143.727
local_termination_time: 315266.45716000034
node_cons: 66218.14255341103
tot_aggregated_send: 44950
tot_msg_rcv: 1431
tot_msg_sent: 2844
tot_reconf_duration: 13.17
tot_sleeping_duration: 3168703.654040021
tot_uptimes: 825
tot_uptimes_duration: 49440.072959979414
