comms_cons: 330.45180804804636
finished_reconf: true
global_termination_time: 3221220.007
local_termination_time: 1419940.2765599985
node_cons: 66206.70826223235
tot_aggregated_send: 43558
tot_msg_rcv: 2434
tot_msg_sent: 4234
tot_reconf_duration: 4.8100000000000005
tot_sleeping_duration: 3171779.994840005
tot_uptimes: 825
tot_uptimes_duration: 49440.01215999527
