comms_cons: 327.8415360330176
finished_reconf: true
global_termination_time: 3218711.765
local_termination_time: 1379706.7872799991
node_cons: 66206.14604334897
tot_aggregated_send: 44254
tot_msg_rcv: 2037
tot_msg_sent: 3539
tot_reconf_duration: 4.390000000000001
tot_sleeping_duration: 3169271.7467600075
tot_uptimes: 825
tot_uptimes_duration: 49440.0182399929
