comms_cons: 103.23735039860772
finished_reconf: true
global_termination_time: 1049441.299
local_termination_time: 423340.59900000005
node_cons: 21580.212395118127
tot_aggregated_send: 14556
tot_msg_rcv: 300
tot_msg_sent: 835
tot_reconf_duration: 22.65
tot_sleeping_duration: 1033347.6069200016
tot_uptimes: 269
tot_uptimes_duration: 16093.692079998553
