comms_cons: 108.7580991926952
finished_reconf: true
global_termination_time: 1044801.2654799998
local_termination_time: 1044801.2243599999
node_cons: 21502.61307104035
tot_aggregated_send: 13688
tot_msg_rcv: 1032
tot_msg_sent: 1808
tot_reconf_duration: 24.59
tot_sleeping_duration: 1028767.4941199996
tot_uptimes: 268
tot_uptimes_duration: 16033.771360000232
