comms_cons: 104.951398396283
finished_reconf: true
global_termination_time: 1049217.737
local_termination_time: 471197.8844800001
node_cons: 21535.27818223838
tot_aggregated_send: 14616
tot_msg_rcv: 433
tot_msg_sent: 903
tot_reconf_duration: 3.05
tot_sleeping_duration: 1033137.7248400012
tot_uptimes: 269
tot_uptimes_duration: 16080.012159998718
