comms_cons: 399.59189124460255
finished_reconf: true
global_termination_time: 3957506.296
local_termination_time: 556831.3849599996
node_cons: 81388.67591005065
tot_aggregated_send: 54404
tot_msg_rcv: 1971
tot_msg_sent: 4359
tot_reconf_duration: 3.08
tot_sleeping_duration: 3896726.24128002
tot_uptimes: 1014
tot_uptimes_duration: 60780.05471997964
