comms_cons: 395.5809792270075
finished_reconf: true
global_termination_time: 3957543.492
local_termination_time: 1986196.69536
node_cons: 81399.30638223217
tot_aggregated_send: 55854
tot_msg_rcv: 1378
tot_msg_sent: 2894
tot_reconf_duration: 10.95
tot_sleeping_duration: 3896763.479840005
tot_uptimes: 1014
tot_uptimes_duration: 60780.0121599955
