comms_cons: 397.35338883416784
finished_reconf: true
global_termination_time: 3958057.93
local_termination_time: 1658912.3350799996
node_cons: 81392.93188893414
tot_aggregated_send: 55506
tot_msg_rcv: 1634
tot_msg_sent: 3253
tot_reconf_duration: 6.22
tot_sleeping_duration: 3897277.8813600177
tot_uptimes: 1014
tot_uptimes_duration: 60780.04863998224
