comms_cons: 255.21340160415966
finished_reconf: true
global_termination_time: 2555295.094
local_termination_time: 236220.71736000004
node_cons: 52548.92454447143
tot_aggregated_send: 35786
tot_msg_rcv: 1143
tot_msg_sent: 1862
tot_reconf_duration: 4.8100000000000005
tot_sleeping_duration: 2516055.069680006
tot_uptimes: 655
tot_uptimes_duration: 39240.024319994205
