comms_cons: 253.25314558280073
finished_reconf: true
global_termination_time: 2553470.032
local_termination_time: 821432.089119998
node_cons: 52466.18632334976
tot_aggregated_send: 35554
tot_msg_rcv: 931
tot_msg_sent: 2008
tot_reconf_duration: 3.05
tot_sleeping_duration: 2514290.013760007
tot_uptimes: 654
tot_uptimes_duration: 39180.0182399929
