comms_cons: 14.395289599907512
finished_reconf: true
global_termination_time: 146143.69784000024
local_termination_time: 146127.37336000006
node_cons: 3015.4361677603247
tot_aggregated_send: 2030
tot_msg_rcv: 35
tot_msg_sent: 123
tot_reconf_duration: 6.22
tot_sleeping_duration: 143898.0
tot_uptimes: 38
tot_uptimes_duration: 2245.697840000241
