comms_cons: 59.61413119934004
finished_reconf: true
global_termination_time: 607371.834
local_termination_time: 90120.03595999963
node_cons: 12460.264060000007
tot_aggregated_send: 8758
tot_msg_rcv: 76
tot_msg_sent: 227
tot_reconf_duration: 5.57
tot_sleeping_duration: 598071.834
tot_uptimes: 156
tot_uptimes_duration: 9300.0
