comms_cons: 177.44924159170736
finished_reconf: true
global_termination_time: 606441.1347599991
local_termination_time: 606441.0936399992
node_cons: 24845.83404463883
tot_aggregated_send: 0
tot_msg_rcv: 9088
tot_msg_sent: 17884
tot_reconf_duration: 37.410000000000004
tot_sleeping_duration: 587923.561
tot_uptimes: 307
tot_uptimes_duration: 18517.57375999909
