comms_cons: 60.86480640055216
finished_reconf: true
global_termination_time: 611301.028
local_termination_time: 77541.79959999995
node_cons: 12537.23078112145
tot_aggregated_send: 8642
tot_msg_rcv: 204
tot_msg_sent: 405
tot_reconf_duration: 3.08
tot_sleeping_duration: 601941.0219199989
tot_uptimes: 157
tot_uptimes_duration: 9360.006080001069
