comms_cons: 61.0879871991787
finished_reconf: true
global_termination_time: 611645.639
local_termination_time: 34064.96648000002
node_cons: 12545.41952112031
tot_aggregated_send: 8468
tot_msg_rcv: 243
tot_msg_sent: 573
tot_reconf_duration: 9.11
tot_sleeping_duration: 602285.6329199998
tot_uptimes: 157
tot_uptimes_duration: 9360.006080000217
