comms_cons: 60.199679999153574
finished_reconf: true
global_termination_time: 607009.832
local_termination_time: 80677.53555999987
node_cons: 12478.094600000033
tot_aggregated_send: 8584
tot_msg_rcv: 177
tot_msg_sent: 389
tot_reconf_duration: 18.700000000000003
tot_sleeping_duration: 597709.832
tot_uptimes: 156
tot_uptimes_duration: 9300.0
