comms_cons: 41.53251840106692
finished_reconf: true
global_termination_time: 183886.52640000047
local_termination_time: 1587.1981600000015
node_cons: 3842.422779203212
tot_aggregated_send: 0
tot_msg_rcv: 3542
tot_msg_sent: 2764
tot_reconf_duration: 18.21
tot_sleeping_duration: 181035.37359999807
tot_uptimes: 48
tot_uptimes_duration: 2851.1528000023973
