comms_cons: 18.97441280007557
finished_reconf: true
global_termination_time: 186408.226
local_termination_time: 18869.83736
node_cons: 3784.516381120297
tot_aggregated_send: 2378
tot_msg_rcv: 162
tot_msg_sent: 344
tot_reconf_duration: 6.279999999999999
tot_sleeping_duration: 183588.21991999977
tot_uptimes: 48
tot_uptimes_duration: 2820.0060800002175
