comms_cons: 18.82309120022507
finished_reconf: true
global_termination_time: 183885.99196000025
local_termination_time: 122107.79863999978
node_cons: 3814.095978561788
tot_aggregated_send: 2436
tot_msg_rcv: 133
tot_msg_sent: 292
tot_reconf_duration: 7.819999999999999
tot_sleeping_duration: 181045.45691999892
tot_uptimes: 48
tot_uptimes_duration: 2840.5350400013267
