comms_cons: 146.33630719671612
finished_reconf: true
global_termination_time: 1509795.235
local_termination_time: 852555.5333599999
node_cons: 31017.20162000007
tot_aggregated_send: 21170
tot_msg_rcv: 316
tot_msg_sent: 756
tot_reconf_duration: 4.390000000000001
tot_sleeping_duration: 1486635.235
tot_uptimes: 387
tot_uptimes_duration: 23160.0
