comms_cons: 295.672966185424
finished_reconf: true
global_termination_time: 1505382.1956
local_termination_time: 47.225039999999986
node_cons: 30959.924190638172
tot_aggregated_send: 0
tot_msg_rcv: 22600
tot_msg_sent: 22337
tot_reconf_duration: 6.22
tot_sleeping_duration: 1482266.8278400013
tot_uptimes: 386
tot_uptimes_duration: 23115.367759998597
