comms_cons: 700.5478977501372
finished_reconf: true
global_termination_time: 7078907.965
local_termination_time: 2998616.2495999997
node_cons: 145610.4781055806
tot_aggregated_send: 99006
tot_msg_rcv: 2652
tot_msg_sent: 4822
tot_reconf_duration: 25.299999999999997
tot_sleeping_duration: 6970187.9346000105
tot_uptimes: 1813
tot_uptimes_duration: 108720.03039998934
