comms_cons: 685.8883392888584
finished_reconf: true
global_termination_time: 7077574.79
local_termination_time: 4471574.111319999
node_cons: 145593.25596334643
tot_aggregated_send: 97150
tot_msg_rcv: 2216
tot_msg_sent: 4885
tot_reconf_duration: 12.629999999999999
tot_sleeping_duration: 6968854.771760006
tot_uptimes: 1813
tot_uptimes_duration: 108720.0182399936
