comms_cons: 134.26828801681324
finished_reconf: true
global_termination_time: 457337.8755200004
local_termination_time: 457337.8344000004
node_cons: 18827.990125280547
tot_aggregated_send: 0
tot_msg_rcv: 6867
tot_msg_sent: 13539
tot_reconf_duration: 37.410000000000004
tot_sleeping_duration: 443314.58400000003
tot_uptimes: 232
tot_uptimes_duration: 14023.291520000377
