comms_cons: 45.48200960051463
finished_reconf: true
global_termination_time: 457572.164
local_termination_time: 222750.44808000015
node_cons: 9414.650099999988
tot_aggregated_send: 6554
tot_msg_rcv: 136
tot_msg_sent: 223
tot_reconf_duration: 10.95
tot_sleeping_duration: 450552.164
tot_uptimes: 118
tot_uptimes_duration: 7020.0
