comms_cons: 44.896460800173514
finished_reconf: true
global_termination_time: 460284.875
local_termination_time: 90760.11447999996
node_cons: 9407.162081121453
tot_aggregated_send: 6612
tot_msg_rcv: 43
tot_msg_sent: 169
tot_reconf_duration: 5.43
tot_sleeping_duration: 453264.86891999893
tot_uptimes: 118
tot_uptimes_duration: 7020.006080001069
