comms_cons: 27.705011199920094
finished_reconf: true
global_termination_time: 9832.005240000002
local_termination_time: 204.68815999999998
node_cons: 3072.5363959600377
tot_aggregated_send: 0
tot_msg_rcv: 2041
tot_msg_sent: 2169
tot_reconf_duration: 18.21
tot_sleeping_duration: 7555.823599999974
tot_uptimes: 35
tot_uptimes_duration: 2276.181640000028
