comms_cons: 197.50100478476617
finished_reconf: true
global_termination_time: 1970730.412
local_termination_time: 231387.34248000005
node_cons: 40497.90826223336
tot_aggregated_send: 27318
tot_msg_rcv: 909
tot_msg_sent: 1792
tot_reconf_duration: 4.8100000000000005
tot_sleeping_duration: 1940490.3998400047
tot_uptimes: 505
tot_uptimes_duration: 30240.012159995254
