comms_cons: 194.89395198889454
finished_reconf: true
global_termination_time: 1971108.209
local_termination_time: 1159106.9665999988
node_cons: 40499.80675999967
tot_aggregated_send: 27202
tot_msg_rcv: 839
tot_msg_sent: 1581
tot_reconf_duration: 6.22
tot_sleeping_duration: 1940868.209
tot_uptimes: 505
tot_uptimes_duration: 30240.0
