comms_cons: 192.49423359423847
finished_reconf: true
global_termination_time: 1966565.452
local_termination_time: 1419798.3991999987
node_cons: 40426.3789799998
tot_aggregated_send: 28130
tot_msg_rcv: 393
tot_msg_sent: 735
tot_reconf_duration: 11.31
tot_sleeping_duration: 1936385.452
tot_uptimes: 504
tot_uptimes_duration: 30180.0
