comms_cons: 46.746835202195975
finished_reconf: true
global_termination_time: 212493.43984000103
local_termination_time: 212493.43984000103
node_cons: 4462.066841847996
tot_aggregated_send: 0
tot_msg_rcv: 3884
tot_msg_sent: 3218
tot_reconf_duration: 24.59
tot_sleeping_duration: 209185.99127999504
tot_uptimes: 55
tot_uptimes_duration: 3307.4485600059616
