comms_cons: 102.22886400523782
finished_reconf: true
global_termination_time: 214232.458
local_termination_time: 1945.6080400000014
node_cons: 12798.007043317515
tot_aggregated_send: 0
tot_msg_rcv: 6327
tot_msg_sent: 9211
tot_reconf_duration: 18.21
tot_sleeping_duration: 204693.04212000186
tot_uptimes: 157
tot_uptimes_duration: 9539.415879998132
