comms_cons: 22.48394239992473
finished_reconf: true
global_termination_time: 218366.505
local_termination_time: 38333.71560000011
node_cons: 4425.23198
tot_aggregated_send: 2784
tot_msg_rcv: 231
tot_msg_sent: 402
tot_reconf_duration: 4.8100000000000005
tot_sleeping_duration: 215066.505
tot_uptimes: 56
tot_uptimes_duration: 3300.0
