comms_cons: 21.88376320006271
finished_reconf: true
global_termination_time: 213363.257
local_termination_time: 1960.9223600000003
node_cons: 4346.8149011191545
tot_aggregated_send: 2668
tot_msg_rcv: 198
tot_msg_sent: 460
tot_reconf_duration: 6.22
tot_sleeping_duration: 210123.25092000063
tot_uptimes: 55
tot_uptimes_duration: 3240.006079999366
