comms_cons: 22.32980480029401
finished_reconf: true
global_termination_time: 216763.993
local_termination_time: 65241.62936000001
node_cons: 4426.082081121434
tot_aggregated_send: 2726
tot_msg_rcv: 208
tot_msg_sent: 460
tot_reconf_duration: 5.43
tot_sleeping_duration: 213463.98691999892
tot_uptimes: 56
tot_uptimes_duration: 3300.0060800010688
