comms_cons: 0.7434495999996027
finished_reconf: true
global_termination_time: 4092.066
local_termination_time: 493.22335999999996
node_cons: 88.86823999999997
tot_aggregated_send: 0
tot_msg_rcv: 60
tot_msg_sent: 53
tot_reconf_duration: 6.279999999999999
tot_sleeping_duration: 4032.066
tot_uptimes: 2
tot_uptimes_duration: 59.99999999999994
