comms_cons: 0.8618752000001397
finished_reconf: true
global_termination_time: 4757.392
local_termination_time: 987.4025599999987
node_cons: 84.48190000000008
tot_aggregated_send: 0
tot_msg_rcv: 74
tot_msg_sent: 57
tot_reconf_duration: 3.05
tot_sleeping_duration: 4697.392
tot_uptimes: 2
tot_uptimes_duration: 60.000000000000114
