comms_cons: 242.99022064938944
finished_reconf: true
global_termination_time: 1399838.155
local_termination_time: 445321.0358400001
node_cons: 28768.251979999888
tot_aggregated_send: 0
tot_msg_rcv: 18716
tot_msg_sent: 18218
tot_reconf_duration: 4.8100000000000005
tot_sleeping_duration: 1378358.1550000003
tot_uptimes: 359
tot_uptimes_duration: 21479.999999999884
