comms_cons: 514.5789696067831
finished_reconf: true
global_termination_time: 5304465.541
local_termination_time: 2303531.92836
node_cons: 109108.67022334799
tot_aggregated_send: 73718
tot_msg_rcv: 1576
tot_msg_sent: 2919
tot_reconf_duration: 5.1
tot_sleeping_duration: 5222985.522760007
tot_uptimes: 1359
tot_uptimes_duration: 81480.01823999337
