comms_cons: 447.7429056663247
finished_reconf: true
global_termination_time: 4462339.438
local_termination_time: 1929174.64884
node_cons: 91765.47224558308
tot_aggregated_send: 62756
tot_msg_rcv: 1822
tot_msg_sent: 3476
tot_reconf_duration: 12.629999999999999
tot_sleeping_duration: 4393819.407600011
tot_uptimes: 1143
tot_uptimes_duration: 68520.0303999891
