comms_cons: 441.89259522837983
finished_reconf: true
global_termination_time: 4460547.77
local_termination_time: 2618290.213
node_cons: 91772.49273175445
tot_aggregated_send: 64200
tot_msg_rcv: 935
tot_msg_sent: 2031
tot_reconf_duration: 11.899999999999999
tot_sleeping_duration: 4392021.756160002
tot_uptimes: 1143
tot_uptimes_duration: 68526.01383999782
