comms_cons: 0.9276671999969369
finished_reconf: true
global_termination_time: 5351.586
local_termination_time: 3247.9923600000006
node_cons: 114.69740000000024
tot_aggregated_send: 0
tot_msg_rcv: 103
tot_msg_sent: 36
tot_reconf_duration: 25.299999999999997
tot_sleeping_duration: 5291.586
tot_uptimes: 2
tot_uptimes_duration: 60.0
