comms_cons: 106.29223679290547
finished_reconf: true
global_termination_time: 1025782.786
local_termination_time: 32684.960360000005
node_cons: 21053.23004111687
tot_aggregated_send: 13456
tot_msg_rcv: 955
tot_msg_sent: 1746
tot_reconf_duration: 3.05
tot_sleeping_duration: 1010062.7799200023
tot_uptimes: 263
tot_uptimes_duration: 15720.006079997635
