comms_cons: 12.033356799871346
finished_reconf: true
global_termination_time: 107319.902
local_termination_time: 58066.71064000008
node_cons: 2193.9173211191496
tot_aggregated_send: 1044
tot_msg_rcv: 279
tot_msg_sent: 506
tot_reconf_duration: 18.21
tot_sleeping_duration: 105699.89592000064
tot_uptimes: 28
tot_uptimes_duration: 1620.0060799993662
