comms_cons: 12.659007999755516
finished_reconf: true
global_termination_time: 108540.204
local_termination_time: 63860.07336000001
node_cons: 2190.0198611191463
tot_aggregated_send: 986
tot_msg_rcv: 368
tot_msg_sent: 571
tot_reconf_duration: 15.34
tot_sleeping_duration: 106920.19792000063
tot_uptimes: 28
tot_uptimes_duration: 1620.0060799993662
