comms_cons: 242.81853439891321
finished_reconf: true
global_termination_time: 2462826.082
local_termination_time: 143484.96528000076
node_cons: 50624.81955999925
tot_aggregated_send: 35612
tot_msg_rcv: 419
tot_msg_sent: 876
tot_reconf_duration: 7.819999999999999
tot_sleeping_duration: 2425026.082
tot_uptimes: 631
tot_uptimes_duration: 37800.0
