comms_cons: 52.17826560057678
finished_reconf: true
global_termination_time: 529795.534
local_termination_time: 420830.88336000004
node_cons: 10852.431980000012
tot_aggregated_send: 7366
tot_msg_rcv: 150
tot_msg_sent: 414
tot_reconf_duration: 4.8100000000000005
tot_sleeping_duration: 521695.534
tot_uptimes: 136
tot_uptimes_duration: 8100.0
