comms_cons: 233.03479038624357
finished_reconf: true
global_termination_time: 2314807.718
local_termination_time: 226915.93860000055
node_cons: 47567.89339117925
tot_aggregated_send: 31378
tot_msg_rcv: 1276
tot_msg_sent: 2765
tot_reconf_duration: 4.8100000000000005
tot_sleeping_duration: 2279287.657200015
tot_uptimes: 593
tot_uptimes_duration: 35520.060799984945
