comms_cons: 227.01037439317543
finished_reconf: true
global_termination_time: 2317900.666
local_termination_time: 1859326.1533599999
node_cons: 47656.97897999948
tot_aggregated_send: 33234
tot_msg_rcv: 451
tot_msg_sent: 819
tot_reconf_duration: 11.31
tot_sleeping_duration: 2282320.666
tot_uptimes: 594
tot_uptimes_duration: 35580.0
