comms_cons: 46.73108480034993
finished_reconf: true
global_termination_time: 466881.062
local_termination_time: 34388.10936
node_cons: 9591.226841119156
tot_aggregated_send: 6438
tot_msg_rcv: 220
tot_msg_sent: 444
tot_reconf_duration: 22.65
tot_sleeping_duration: 459741.0559200006
tot_uptimes: 120
tot_uptimes_duration: 7140.006079999366
