comms_cons: 46.49520640020239
finished_reconf: true
global_termination_time: 465164.624
local_termination_time: 39210.95936000001
node_cons: 9566.991980000008
tot_aggregated_send: 6670
tot_msg_rcv: 168
tot_msg_sent: 229
tot_reconf_duration: 4.8100000000000005
tot_sleeping_duration: 458024.624
tot_uptimes: 120
tot_uptimes_duration: 7140.0
