comms_cons: 23.52721920019254
finished_reconf: true
global_termination_time: 235203.503
local_termination_time: 51352.95860000001
node_cons: 4851.166841121427
tot_aggregated_send: 3248
tot_msg_rcv: 116
tot_msg_sent: 212
tot_reconf_duration: 22.65
tot_sleeping_duration: 231603.49691999893
tot_uptimes: 61
tot_uptimes_duration: 3600.0060800010688
