comms_cons: 94.12861439151648
finished_reconf: true
global_termination_time: 918756.018
local_termination_time: 213405.0777600004
node_cons: 18904.653603355113
tot_aggregated_send: 12296
tot_msg_rcv: 690
tot_msg_sent: 1321
tot_reconf_duration: 18.21
tot_sleeping_duration: 904655.9997600038
tot_uptimes: 236
tot_uptimes_duration: 14100.018239996338
