comms_cons: 90.89067519673758
finished_reconf: true
global_termination_time: 914364.483
local_termination_time: 686098.7149199994
node_cons: 18817.482298435378
tot_aggregated_send: 12122
tot_msg_rcv: 656
tot_msg_sent: 1036
tot_reconf_duration: 13.17
tot_sleeping_duration: 900324.4550400035
tot_uptimes: 235
tot_uptimes_duration: 14040.027959996485
