comms_cons: 94.89303039406846
finished_reconf: true
global_termination_time: 914613.681
local_termination_time: 119271.41035999998
node_cons: 18815.000391200556
tot_aggregated_send: 12064
tot_msg_rcv: 847
tot_msg_sent: 1512
tot_reconf_duration: 11.31
tot_sleeping_duration: 900573.6201999997
tot_uptimes: 235
tot_uptimes_duration: 14040.060800000385
