comms_cons: 94.9390463913971
finished_reconf: true
global_termination_time: 916811.152
local_termination_time: 150204.37948000006
node_cons: 18820.468364359618
tot_aggregated_send: 11948
tot_msg_rcv: 861
tot_msg_sent: 1621
tot_reconf_duration: 15.34
tot_sleeping_duration: 902771.0947600004
tot_uptimes: 235
tot_uptimes_duration: 14040.057239999702
