comms_cons: 315.6407805624527
finished_reconf: true
global_termination_time: 2037845.763
local_termination_time: 547509.1365999999
node_cons: 41863.70454446706
tot_aggregated_send: 0
tot_msg_rcv: 24416
tot_msg_sent: 23559
tot_reconf_duration: 4.8100000000000005
tot_sleeping_duration: 2006585.7386800095
tot_uptimes: 522
tot_uptimes_duration: 31260.024319990538
