comms_cons: 201.09982719362048
finished_reconf: true
global_termination_time: 2038485.576
local_termination_time: 979385.4835599995
node_cons: 41941.621899999715
tot_aggregated_send: 29174
tot_msg_rcv: 405
tot_msg_sent: 987
tot_reconf_duration: 3.05
tot_sleeping_duration: 2007165.576
tot_uptimes: 523
tot_uptimes_duration: 31320.0
