comms_cons: 202.6327807925916
finished_reconf: true
global_termination_time: 2036905.5270399982
local_termination_time: 2036905.4859199983
node_cons: 41962.37474767426
tot_aggregated_send: 28928
tot_msg_rcv: 549
tot_msg_sent: 1321
tot_reconf_duration: 24.59
tot_sleeping_duration: 2005591.8739200023
tot_uptimes: 522
tot_uptimes_duration: 31313.653119995957
