comms_cons: 458.24128004805664
finished_reconf: true
global_termination_time: 4678486.842
local_termination_time: 1659905.25536
node_cons: 96268.1680022314
tot_aggregated_send: 64728
tot_msg_rcv: 1739
tot_msg_sent: 3183
tot_reconf_duration: 15.34
tot_sleeping_duration: 4606606.829840004
tot_uptimes: 1199
tot_uptimes_duration: 71880.0121599955
