comms_cons: 453.6693632117687
finished_reconf: true
global_termination_time: 4675525.219
local_termination_time: 2922123.603559999
node_cons: 96173.91394111457
tot_aggregated_send: 64554
tot_msg_rcv: 1550
tot_msg_sent: 2852
tot_reconf_duration: 5.1
tot_sleeping_duration: 4603705.212920002
tot_uptimes: 1198
tot_uptimes_duration: 71820.00607999787
