comms_cons: 447.9576768651571
finished_reconf: true
global_termination_time: 771416.373
local_termination_time: 290639.3806800003
node_cons: 76057.39610718483
tot_aggregated_send: 0
tot_msg_rcv: 30968
tot_msg_sent: 37119
tot_reconf_duration: 15.34
tot_sleeping_duration: 714630.2905599804
tot_uptimes: 908
tot_uptimes_duration: 56786.08244001964
