comms_cons: 103.06470401488427
finished_reconf: true
global_termination_time: 772450.494
local_termination_time: 290663.21736
node_cons: 15835.516381121413
tot_aggregated_send: 0
tot_msg_rcv: 7946
tot_msg_sent: 7717
tot_reconf_duration: 6.279999999999999
tot_sleeping_duration: 760630.4879199989
tot_uptimes: 198
tot_uptimes_duration: 11820.006080001069
