comms_cons: 102.89272961451881
finished_reconf: true
global_termination_time: 775050.953
local_termination_time: 292360.27036
node_cons: 15941.693682242869
tot_aggregated_send: 0
tot_msg_rcv: 7940
tot_msg_sent: 7699
tot_reconf_duration: 25.299999999999997
tot_sleeping_duration: 763170.9408399978
tot_uptimes: 199
tot_uptimes_duration: 11880.012160002138
