comms_cons: 75.59500800085664
finished_reconf: true
global_termination_time: 772171.601
local_termination_time: 459258.43868000025
node_cons: 15833.52012112145
tot_aggregated_send: 10730
tot_msg_rcv: 275
tot_msg_sent: 485
tot_reconf_duration: 4.8100000000000005
tot_sleeping_duration: 760351.5949199989
tot_uptimes: 198
tot_uptimes_duration: 11820.006080001069
