comms_cons: 76.92400639968363
finished_reconf: true
global_termination_time: 770820.9022400001
local_termination_time: 107207.97147999996
node_cons: 15853.37015384352
tot_aggregated_send: 10498
tot_msg_rcv: 463
tot_msg_sent: 730
tot_reconf_duration: 4.390000000000001
tot_sleeping_duration: 758985.6456799975
tot_uptimes: 198
tot_uptimes_duration: 11835.256560002614
