comms_cons: 29.53402880003297
finished_reconf: true
global_termination_time: 302008.48096000025
local_termination_time: 301993.1664800001
node_cons: 6227.33817744036
tot_aggregated_send: 4466
tot_msg_rcv: 15
tot_msg_sent: 8
tot_reconf_duration: 5.57
tot_sleeping_duration: 297363.392
tot_uptimes: 78
tot_uptimes_duration: 4645.088960000256
