comms_cons: 87.50105600853945
finished_reconf: true
global_termination_time: 302008.2950400003
local_termination_time: 302008.2539200003
node_cons: 12233.521720560426
tot_aggregated_send: 0
tot_msg_rcv: 4505
tot_msg_sent: 8795
tot_reconf_duration: 24.59
tot_sleeping_duration: 292896.922
tot_uptimes: 151
tot_uptimes_duration: 9111.373040000297
