comms_cons: 416.72743685401053
finished_reconf: true
global_termination_time: 4117745.1634799996
local_termination_time: 4117745.1223599995
node_cons: 84747.64333660112
tot_aggregated_send: 57104
tot_msg_rcv: 2207
tot_msg_sent: 4029
tot_reconf_duration: 37.410000000000004
tot_sleeping_duration: 4054491.3617200265
tot_uptimes: 1055
tot_uptimes_duration: 63253.80175997281
