comms_cons: 407.3473600474596
finished_reconf: true
global_termination_time: 4117771.618
local_termination_time: 1892341.4059599987
node_cons: 84771.54120669996
tot_aggregated_send: 57478
tot_msg_rcv: 1300
tot_msg_sent: 3135
tot_reconf_duration: 9.42
tot_sleeping_duration: 4054471.581520013
tot_uptimes: 1055
tot_uptimes_duration: 63300.03647998674
