comms_cons: 209.58271998284718
finished_reconf: true
global_termination_time: 2127767.423
local_termination_time: 1673701.7394799988
node_cons: 43710.92976111628
tot_aggregated_send: 29580
tot_msg_rcv: 861
tot_msg_sent: 1414
tot_reconf_duration: 4.390000000000001
tot_sleeping_duration: 2095127.4169200023
tot_uptimes: 545
tot_uptimes_duration: 32640.006079997635
