comms_cons: 209.59357439234586
finished_reconf: true
global_termination_time: 2122771.5164799998
local_termination_time: 2122771.4753599996
node_cons: 43676.38794207416
tot_aggregated_send: 30784
tot_msg_rcv: 369
tot_msg_sent: 703
tot_reconf_duration: 24.59
tot_sleeping_duration: 2090177.7937600035
tot_uptimes: 544
tot_uptimes_duration: 32593.722719996178
