comms_cons: 2.315878399996568
finished_reconf: true
global_termination_time: 18497.679
local_termination_time: 9887.04536
node_cons: 327.321619999998
tot_aggregated_send: 0
tot_msg_rcv: 180
tot_msg_sent: 172
tot_reconf_duration: 4.390000000000001
tot_sleeping_duration: 18257.679
tot_uptimes: 5
tot_uptimes_duration: 240.0
