comms_cons: 281.2344832033955
finished_reconf: true
global_termination_time: 2806986.148
local_termination_time: 312868.42848000006
node_cons: 57714.992675644484
tot_aggregated_send: 37990
tot_msg_rcv: 1568
tot_msg_sent: 3188
tot_reconf_duration: 22.65
tot_sleeping_duration: 2763906.062880026
tot_uptimes: 719
tot_uptimes_duration: 43080.08511997422
