comms_cons: 277.1772031899613
finished_reconf: true
global_termination_time: 2805646.227
local_termination_time: 1091227.85236
node_cons: 57718.485541115864
tot_aggregated_send: 39498
tot_msg_rcv: 1038
tot_msg_sent: 1594
tot_reconf_duration: 25.299999999999997
tot_sleeping_duration: 2762566.2209200026
tot_uptimes: 719
tot_uptimes_duration: 43080.006079997635
