comms_cons: 278.017254397212
finished_reconf: true
global_termination_time: 2807193.945
local_termination_time: 228330.74280000024
node_cons: 57688.302639998954
tot_aggregated_send: 40252
tot_msg_rcv: 621
tot_msg_sent: 1384
tot_reconf_duration: 3.08
tot_sleeping_duration: 2764113.945
tot_uptimes: 719
tot_uptimes_duration: 43080.0
