comms_cons: 278.5699072067403
finished_reconf: true
global_termination_time: 2805856.934
local_termination_time: 547598.5964799998
node_cons: 57695.10621999892
tot_aggregated_send: 40426
tot_msg_rcv: 704
tot_msg_sent: 1211
tot_reconf_duration: 8.09
tot_sleeping_duration: 2762776.934
tot_uptimes: 719
tot_uptimes_duration: 43080.0
