comms_cons: 276.2145536049033
finished_reconf: true
global_termination_time: 2807235.103
local_termination_time: 1115064.5003600002
node_cons: 57709.51459999922
tot_aggregated_send: 40310
tot_msg_rcv: 586
tot_msg_sent: 1087
tot_reconf_duration: 18.700000000000003
tot_sleeping_duration: 2764155.103
tot_uptimes: 719
tot_uptimes_duration: 43080.0
