comms_cons: 286.1209279997006
finished_reconf: true
global_termination_time: 2803904.875239997
local_termination_time: 221095.3498800009
node_cons: 57722.43822380276
tot_aggregated_send: 37584
tot_msg_rcv: 1932
tot_msg_sent: 3971
tot_reconf_duration: 11.31
tot_sleeping_duration: 2760807.7286800244
tot_uptimes: 719
tot_uptimes_duration: 43097.146559972956
