comms_cons: 1618.5474663705756
finished_reconf: true
global_termination_time: 5549574.70584
local_termination_time: 5549574.66472
node_cons: 226715.44254619326
tot_aggregated_send: 0
tot_msg_rcv: 82419
tot_msg_sent: 163592
tot_reconf_duration: 24.59
tot_sleeping_duration: 5380282.660039999
tot_uptimes: 2795
tot_uptimes_duration: 169292.04580000127
