comms_cons: 552.7714752873649
finished_reconf: true
global_termination_time: 5554086.815
local_termination_time: 2328154.154879998
node_cons: 114272.17347101634
tot_aggregated_send: 76966
tot_msg_rcv: 2293
tot_msg_sent: 4758
tot_reconf_duration: 15.34
tot_sleeping_duration: 5468760.943640015
tot_uptimes: 1423
tot_uptimes_duration: 85325.87135998509
