comms_cons: 549.8407040799246
finished_reconf: true
global_termination_time: 5555080.499
local_termination_time: 2658183.61236
node_cons: 114252.04080446513
tot_aggregated_send: 77314
tot_msg_rcv: 2136
tot_msg_sent: 4122
tot_reconf_duration: 6.279999999999999
tot_sleeping_duration: 5469760.474680009
tot_uptimes: 1423
tot_uptimes_duration: 85320.02431999124
