comms_cons: 546.6495232674554
finished_reconf: true
global_termination_time: 5552193.563
local_termination_time: 3468958.8106
node_cons: 114170.72848334805
tot_aggregated_send: 77372
tot_msg_rcv: 1997
tot_msg_sent: 3717
tot_reconf_duration: 5.57
tot_sleeping_duration: 5466933.5447600065
tot_uptimes: 1422
tot_uptimes_duration: 85260.01823999337
