comms_cons: 551.3153024713794
finished_reconf: true
global_termination_time: 5550188.849
local_termination_time: 2328138.8644800005
node_cons: 114170.57092781646
tot_aggregated_send: 77430
tot_msg_rcv: 2164
tot_msg_sent: 4201
tot_reconf_duration: 5.43
tot_sleeping_duration: 5464928.806440015
tot_uptimes: 1422
tot_uptimes_duration: 85260.04255998484
