comms_cons: 10.22595840019887
finished_reconf: true
global_termination_time: 93008.503
local_termination_time: 50938.303360000005
node_cons: 1852.0107811202834
tot_aggregated_send: 812
tot_msg_rcv: 276
tot_msg_sent: 468
tot_reconf_duration: 3.08
tot_sleeping_duration: 91628.49691999979
tot_uptimes: 24
tot_uptimes_duration: 1380.0060800002175
