comms_cons: 12.01301119998097
finished_reconf: true
global_termination_time: 92318.652
local_termination_time: 50879.8691200001
node_cons: 1854.384544478882
tot_aggregated_send: 696
tot_msg_rcv: 490
tot_msg_sent: 640
tot_reconf_duration: 4.8100000000000005
tot_sleeping_duration: 90938.62768000083
tot_uptimes: 24
tot_uptimes_duration: 1380.0243199991673
