comms_cons: 246.55397117308254
finished_reconf: true
global_termination_time: 2470689.839
local_termination_time: 1102077.45336
node_cons: 50783.44894558348
tot_aggregated_send: 32886
tot_msg_rcv: 1463
tot_msg_sent: 3125
tot_reconf_duration: 6.279999999999999
tot_sleeping_duration: 2432769.808600012
tot_uptimes: 633
tot_uptimes_duration: 37920.03039998817
