comms_cons: 244.33832959371674
finished_reconf: true
global_termination_time: 2467000.959
local_termination_time: 332829.7643600001
node_cons: 50698.7226399993
tot_aggregated_send: 35148
tot_msg_rcv: 656
tot_msg_sent: 1334
tot_reconf_duration: 3.08
tot_sleeping_duration: 2429140.959
tot_uptimes: 632
tot_uptimes_duration: 37860.0
