comms_cons: 242.46325759296258
finished_reconf: true
global_termination_time: 2470023.075
local_termination_time: 1584099.4923999992
node_cons: 50795.39937999909
tot_aggregated_send: 35496
tot_msg_rcv: 499
tot_msg_sent: 858
tot_reconf_duration: 15.110000000000001
tot_sleeping_duration: 2432103.075
tot_uptimes: 633
tot_uptimes_duration: 37920.0
