comms_cons: 426.46904289107465
finished_reconf: true
global_termination_time: 2466102.156
local_termination_time: 777225.6583599999
node_cons: 50701.153391172586
tot_aggregated_send: 0
tot_msg_rcv: 32902
tot_msg_sent: 31923
tot_reconf_duration: 4.8100000000000005
tot_sleeping_duration: 2428242.09520002
tot_uptimes: 632
tot_uptimes_duration: 37860.06079998001
