comms_cons: 241.80331519199848
finished_reconf: true
global_termination_time: 2469681.899
local_termination_time: 1884044.2206799996
node_cons: 50792.03153999944
tot_aggregated_send: 35612
tot_msg_rcv: 338
tot_msg_sent: 803
tot_reconf_duration: 12.629999999999999
tot_sleeping_duration: 2431761.899
tot_uptimes: 633
tot_uptimes_duration: 37920.0
