comms_cons: 246.4778239781317
finished_reconf: true
global_termination_time: 2468964.954
local_termination_time: 951803.9553599999
node_cons: 50779.11145228451
tot_aggregated_send: 33234
tot_msg_rcv: 1340
tot_msg_sent: 2889
tot_reconf_duration: 3.05
tot_sleeping_duration: 2431044.8871200257
tot_uptimes: 633
tot_uptimes_duration: 37920.06687997398
