comms_cons: 81.3120255985121
finished_reconf: true
global_termination_time: 799957.641
local_termination_time: 509494.9007600009
node_cons: 16425.706236879516
tot_aggregated_send: 10846
tot_msg_rcv: 533
tot_msg_sent: 980
tot_reconf_duration: 18.21
tot_sleeping_duration: 787708.9650800003
tot_uptimes: 205
tot_uptimes_duration: 12248.675919999601
