comms_cons: 83.2011903941918
finished_reconf: true
global_termination_time: 799188.741
local_termination_time: 55082.34148000001
node_cons: 16396.989188943877
tot_aggregated_send: 10208
tot_msg_rcv: 806
tot_msg_sent: 1633
tot_reconf_duration: 5.57
tot_sleeping_duration: 786948.6923600121
tot_uptimes: 205
tot_uptimes_duration: 12240.048639987945
