comms_cons: 82.70775039580617
finished_reconf: true
global_termination_time: 802220.67
local_termination_time: 167059.21136000007
node_cons: 16476.70721120054
tot_aggregated_send: 10324
tot_msg_rcv: 759
tot_msg_sent: 1489
tot_reconf_duration: 5.1
tot_sleeping_duration: 789920.6091999996
tot_uptimes: 206
tot_uptimes_duration: 12300.060800000385
