comms_cons: 84.19402239907953
finished_reconf: true
global_termination_time: 840846.5474799998
local_termination_time: 840846.5063599999
node_cons: 17324.884224322377
tot_aggregated_send: 11658
tot_msg_rcv: 326
tot_msg_sent: 812
tot_reconf_duration: 24.59
tot_sleeping_duration: 827932.8125999981
tot_uptimes: 216
tot_uptimes_duration: 12913.73488000175
