comms_cons: 83.26538239883641
finished_reconf: true
global_termination_time: 840846.98624
local_termination_time: 12047.552840000002
node_cons: 17325.615200481523
tot_aggregated_send: 11020
tot_msg_rcv: 546
tot_msg_sent: 1089
tot_reconf_duration: 22.65
tot_sleeping_duration: 827930.7379199988
tot_uptimes: 216
tot_uptimes_duration: 12916.24832000112
