comms_cons: 106.7611199778678
finished_reconf: true
global_termination_time: 983055.4072400001
local_termination_time: 4642.6539999999995
node_cons: 20215.600747574572
tot_aggregated_send: 7303
tot_msg_rcv: 3464
tot_msg_sent: 5462
tot_reconf_duration: 21.68
tot_sleeping_duration: 967979.858840019
tot_uptimes: 252
tot_uptimes_duration: 15075.548399981002
