comms_cons: 96.6616063982613
finished_reconf: true
global_termination_time: 984649.374
local_termination_time: 7439.979
node_cons: 20251.052241116864
tot_aggregated_send: 14089
tot_msg_rcv: 209
tot_msg_sent: 394
tot_reconf_duration: 3.95
tot_sleeping_duration: 969529.3679200023
tot_uptimes: 253
tot_uptimes_duration: 15120.006079997635
