comms_cons: 397.5594620679827
finished_reconf: true
global_termination_time: 2231061.59
local_termination_time: 703655.7055999998
node_cons: 45904.988252284675
tot_aggregated_send: 0
tot_msg_rcv: 30784
tot_msg_sent: 29644
tot_reconf_duration: 22.65
tot_sleeping_duration: 2196801.5231200256
tot_uptimes: 572
tot_uptimes_duration: 34260.06687997398
