comms_cons: 219.3248383961771
finished_reconf: true
global_termination_time: 2231901.826
local_termination_time: 1594278.33436
node_cons: 45908.49739999955
tot_aggregated_send: 32364
tot_msg_rcv: 353
tot_msg_sent: 619
tot_reconf_duration: 25.299999999999997
tot_sleeping_duration: 2197641.826
tot_uptimes: 572
tot_uptimes_duration: 34260.0
