comms_cons: 221.43493119208944
finished_reconf: true
global_termination_time: 2228623.6387199988
local_termination_time: 2228623.5975999986
node_cons: 45883.569083432616
tot_aggregated_send: 32002
tot_msg_rcv: 573
tot_msg_sent: 1080
tot_reconf_duration: 24.59
tot_sleeping_duration: 2194381.5357600036
tot_uptimes: 571
tot_uptimes_duration: 34242.1029599951
