comms_cons: 223.50986238338996
finished_reconf: true
global_termination_time: 2231325.415
local_termination_time: 13835.032200000001
node_cons: 45880.20167004595
tot_aggregated_send: 30624
tot_msg_rcv: 1126
tot_msg_sent: 2221
tot_reconf_duration: 4.390000000000001
tot_sleeping_duration: 2197065.3402800253
tot_uptimes: 572
tot_uptimes_duration: 34260.074719974946
