comms_cons: 225.07505917815624
finished_reconf: true
global_termination_time: 2233037.015
local_termination_time: 889370.1737999995
node_cons: 45884.82468893424
tot_aggregated_send: 30508
tot_msg_rcv: 1256
tot_msg_sent: 2446
tot_reconf_duration: 7.819999999999999
tot_sleeping_duration: 2198776.966360019
tot_uptimes: 572
tot_uptimes_duration: 34260.048639981076
