comms_cons: 404.2195840686585
finished_reconf: true
global_termination_time: 4015189.087
local_termination_time: 913092.6863599998
node_cons: 82610.09636781664
tot_aggregated_send: 55854
tot_msg_rcv: 1821
tot_msg_sent: 3764
tot_reconf_duration: 15.110000000000001
tot_sleeping_duration: 3953509.0444400157
tot_uptimes: 1029
tot_uptimes_duration: 61680.04255998414
