comms_cons: 155.9648511941122
finished_reconf: true
global_termination_time: 1576437.517
local_termination_time: 724762.5933599998
node_cons: 32397.85172000001
tot_aggregated_send: 22736
tot_msg_rcv: 345
tot_msg_sent: 624
tot_reconf_duration: 15.34
tot_sleeping_duration: 1552257.517
tot_uptimes: 404
tot_uptimes_duration: 24180.0
