comms_cons: 163.80892157786846
finished_reconf: true
global_termination_time: 1576252.35
local_termination_time: 321481.28236000007
node_cons: 32387.704688939317
tot_aggregated_send: 20474
tot_msg_rcv: 1519
tot_msg_sent: 2905
tot_reconf_duration: 7.819999999999999
tot_sleeping_duration: 1552072.3013600155
tot_uptimes: 404
tot_uptimes_duration: 24180.04863998451
