comms_cons: 1246.2911319174073
finished_reconf: true
global_termination_time: 4285313.131
local_termination_time: 1941657.7969199982
node_cons: 174381.2429368714
tot_aggregated_send: 0
tot_msg_rcv: 63613
tot_msg_sent: 125819
tot_reconf_duration: 18.21
tot_sleeping_duration: 4155099.1550800023
tot_uptimes: 2148
tot_uptimes_duration: 130213.97591999802
