comms_cons: 429.6865984712241
finished_reconf: true
global_termination_time: 4286087.191
local_termination_time: 2322059.8596799993
node_cons: 88147.8745233484
tot_aggregated_send: 58696
tot_msg_rcv: 2147
tot_msg_sent: 4465
tot_reconf_duration: 10.95
tot_sleeping_duration: 4220267.172760006
tot_uptimes: 1098
tot_uptimes_duration: 65820.01823999337
