comms_cons: 432.6898368587625
finished_reconf: true
global_termination_time: 4284540.412
local_termination_time: 1141493.9313599998
node_cons: 88141.47560669987
tot_aggregated_send: 59334
tot_msg_rcv: 2134
tot_msg_sent: 4295
tot_reconf_duration: 6.22
tot_sleeping_duration: 4218720.375520013
tot_uptimes: 1098
tot_uptimes_duration: 65820.03647998674
