comms_cons: 140.98318718984
finished_reconf: true
global_termination_time: 1389599.597
local_termination_time: 656723.465879999
node_cons: 28528.329188934633
tot_aggregated_send: 18560
tot_msg_rcv: 970
tot_msg_sent: 1898
tot_reconf_duration: 5.57
tot_sleeping_duration: 1368299.548360019
tot_uptimes: 356
tot_uptimes_duration: 21300.048639981076
