comms_cons: 140.07116798740063
finished_reconf: true
global_termination_time: 1388192.288
local_termination_time: 654978.3815999988
node_cons: 28538.641847817926
tot_aggregated_send: 18850
tot_msg_rcv: 708
tot_msg_sent: 1732
tot_reconf_duration: 13.17
tot_sleeping_duration: 1366892.2454400165
tot_uptimes: 356
tot_uptimes_duration: 21300.04255998344
