comms_cons: 142.11434238586733
finished_reconf: true
global_termination_time: 1389059.747
local_termination_time: 625699.8220399993
node_cons: 28531.71878446729
tot_aggregated_send: 18270
tot_msg_rcv: 1182
tot_msg_sent: 2149
tot_reconf_duration: 8.09
tot_sleeping_duration: 1367759.7226800094
tot_uptimes: 356
tot_uptimes_duration: 21300.02431999051
