comms_cons: 140.97921918357332
finished_reconf: true
global_termination_time: 1390584.447
local_termination_time: 673504.7793599998
node_cons: 28613.468367817848
tot_aggregated_send: 18212
tot_msg_rcv: 1120
tot_msg_sent: 2096
tot_reconf_duration: 9.11
tot_sleeping_duration: 1369224.4044400165
tot_uptimes: 357
tot_uptimes_duration: 21360.04255998344
