comms_cons: 139.01219839024628
finished_reconf: true
global_termination_time: 1389010.819
local_termination_time: 762552.9833599998
node_cons: 28546.110882233646
tot_aggregated_send: 18618
tot_msg_rcv: 863
tot_msg_sent: 1649
tot_reconf_duration: 18.700000000000003
tot_sleeping_duration: 1367710.8068400046
tot_uptimes: 356
tot_uptimes_duration: 21300.01215999527
