comms_cons: 139.58493438520165
finished_reconf: true
global_termination_time: 1388078.037
local_termination_time: 573278.43036
node_cons: 28529.228171173083
tot_aggregated_send: 17980
tot_msg_rcv: 1110
tot_msg_sent: 2127
tot_reconf_duration: 6.22
tot_sleeping_duration: 1366777.9762000202
tot_uptimes: 356
tot_uptimes_duration: 21300.06079997978
