comms_cons: 162.74480634621642
finished_reconf: true
global_termination_time: 996934.71
local_termination_time: 319580.21736
node_cons: 20495.23638112142
tot_aggregated_send: 0
tot_msg_rcv: 12591
tot_msg_sent: 12144
tot_reconf_duration: 6.279999999999999
tot_sleeping_duration: 981634.703919999
tot_uptimes: 256
tot_uptimes_duration: 15300.006080001069
