comms_cons: 100.80215039421022
finished_reconf: true
global_termination_time: 996554.317
local_termination_time: 240353.87836000006
node_cons: 20517.504172432502
tot_aggregated_send: 13572
tot_msg_rcv: 599
tot_msg_sent: 1150
tot_reconf_duration: 22.65
tot_sleeping_duration: 981254.2830400056
tot_uptimes: 256
tot_uptimes_duration: 15300.033959994384
