comms_cons: 75.56701439697434
finished_reconf: true
global_termination_time: 744202.654
local_termination_time: 425909.45548000006
node_cons: 15273.136381116816
tot_aggregated_send: 10092
tot_msg_rcv: 469
tot_msg_sent: 925
tot_reconf_duration: 6.279999999999999
tot_sleeping_duration: 732802.6479200023
tot_uptimes: 191
tot_uptimes_duration: 11400.006079997635
