comms_cons: 76.64110079785567
finished_reconf: true
global_termination_time: 744592.967
local_termination_time: 387104.57820000016
node_cons: 15271.164544476545
tot_aggregated_send: 9860
tot_msg_rcv: 628
tot_msg_sent: 1161
tot_reconf_duration: 4.8100000000000005
tot_sleeping_duration: 733192.9426800025
tot_uptimes: 191
tot_uptimes_duration: 11400.024319997407
