comms_cons: 75.92396799560993
finished_reconf: true
global_termination_time: 745160.867
local_termination_time: 419835.77748000005
node_cons: 15281.784104467357
tot_aggregated_send: 9860
tot_msg_rcv: 525
tot_msg_sent: 1155
tot_reconf_duration: 12.629999999999999
tot_sleeping_duration: 733760.8426800094
tot_uptimes: 191
tot_uptimes_duration: 11400.024319990538
