comms_cons: 515.4534208927541
finished_reconf: true
global_termination_time: 2612848.8025999977
local_termination_time: 490.26003999999944
node_cons: 53792.77475174638
tot_aggregated_send: 0
tot_msg_rcv: 39544
tot_msg_sent: 38797
tot_reconf_duration: 18.21
tot_sleeping_duration: 2572693.4287600075
tot_uptimes: 670
tot_uptimes_duration: 40155.37383999047
