comms_cons: 64.66689279950288
finished_reconf: true
global_termination_time: 617747.144
local_termination_time: 7063.4594799999995
node_cons: 12701.365471214323
tot_aggregated_send: 7830
tot_msg_rcv: 652
tot_msg_sent: 1347
tot_reconf_duration: 5.57
tot_sleeping_duration: 608267.0831999893
tot_uptimes: 159
tot_uptimes_duration: 9480.060800010688
