comms_cons: 66.20205439982368
finished_reconf: true
global_termination_time: 618875.706
local_termination_time: 239012.82848000008
node_cons: 12710.92038672401
tot_aggregated_send: 7598
tot_msg_rcv: 901
tot_msg_sent: 1564
tot_reconf_duration: 12.629999999999999
tot_sleeping_duration: 609395.669519997
tot_uptimes: 159
tot_uptimes_duration: 9480.036480002978
