comms_cons: 65.04411519586807
finished_reconf: true
global_termination_time: 617035.642
local_termination_time: 203348.00548000008
node_cons: 12719.139023359727
tot_aggregated_send: 7946
tot_msg_rcv: 731
tot_msg_sent: 1208
tot_reconf_duration: 18.700000000000003
tot_sleeping_duration: 607555.6237600002
tot_uptimes: 159
tot_uptimes_duration: 9480.018239999772
