comms_cons: 1.9079679999960801
finished_reconf: true
global_termination_time: 18300.677
local_termination_time: 5642.183360000001
node_cons: 337.5202000000007
tot_aggregated_send: 0
tot_msg_rcv: 182
tot_msg_sent: 108
tot_reconf_duration: 11.899999999999999
tot_sleeping_duration: 18060.677
tot_uptimes: 5
tot_uptimes_duration: 240.0
