comms_cons: 99.64198399898122
finished_reconf: true
global_termination_time: 1008753.134
local_termination_time: 177958.82736000005
node_cons: 20758.486841121452
tot_aggregated_send: 14616
tot_msg_rcv: 202
tot_msg_sent: 327
tot_reconf_duration: 22.65
tot_sleeping_duration: 993273.1279199988
tot_uptimes: 259
tot_uptimes_duration: 15480.006080001069
