comms_cons: 101.65128319551144
finished_reconf: true
global_termination_time: 1009897.679
local_termination_time: 107.73372000000035
node_cons: 20736.168902400033
tot_aggregated_send: 14268
tot_msg_rcv: 489
tot_msg_sent: 693
tot_reconf_duration: 6.22
tot_sleeping_duration: 994417.6773999999
tot_uptimes: 259
tot_uptimes_duration: 15480.0016
