comms_cons: 73.85151999856592
finished_reconf: true
global_termination_time: 736487.554
local_termination_time: 6090.268
node_cons: 15119.860183364315
tot_aggregated_send: 10080
tot_msg_rcv: 413
tot_msg_sent: 732
tot_reconf_duration: 11.719999999999999
tot_sleeping_duration: 725207.5357599967
tot_uptimes: 189
tot_uptimes_duration: 11280.018240003206
