comms_cons: 399.75399686481285
finished_reconf: true
global_termination_time: 3962834.091
local_termination_time: 793848.7513599999
node_cons: 81469.0077689338
tot_aggregated_send: 55042
tot_msg_rcv: 1936
tot_msg_sent: 3782
tot_reconf_duration: 3.08
tot_sleeping_duration: 3901994.042360018
tot_uptimes: 1015
tot_uptimes_duration: 60840.04863998201
