comms_cons: 399.3651008710305
finished_reconf: true
global_termination_time: 3962205.453
local_termination_time: 1705634.52136
node_cons: 81471.32454446629
tot_aggregated_send: 54810
tot_msg_rcv: 1885
tot_msg_sent: 4005
tot_reconf_duration: 4.8100000000000005
tot_sleeping_duration: 3901365.4286800087
tot_uptimes: 1015
tot_uptimes_duration: 60840.02431999124
