comms_cons: 401.1921792515555
finished_reconf: true
global_termination_time: 3961513.299
local_termination_time: 1656299.1703599999
node_cons: 81470.76232558292
tot_aggregated_send: 54578
tot_msg_rcv: 2165
tot_msg_sent: 4236
tot_reconf_duration: 4.390000000000001
tot_sleeping_duration: 3900673.2686000112
tot_uptimes: 1015
tot_uptimes_duration: 60840.03039998887
