comms_cons: 396.39374083847224
finished_reconf: true
global_termination_time: 3962925.248
local_termination_time: 635027.1469599997
node_cons: 81485.65684893382
tot_aggregated_send: 55506
tot_msg_rcv: 1726
tot_msg_sent: 3017
tot_reconf_duration: 15.34
tot_sleeping_duration: 3902085.199360018
tot_uptimes: 1015
tot_uptimes_duration: 60840.04863998201
