comms_cons: 449.50410243426495
finished_reconf: true
global_termination_time: 4615238.337
local_termination_time: 2894485.6143599977
node_cons: 94944.02893303402
tot_aggregated_send: 63684
tot_msg_rcv: 1563
tot_msg_sent: 3075
tot_reconf_duration: 25.299999999999997
tot_sleeping_duration: 4544357.327640003
tot_uptimes: 1182
tot_uptimes_duration: 70881.0093599977
