comms_cons: 2.717209599994695
finished_reconf: true
global_termination_time: 12457.34048
local_termination_time: 12457.29936
node_cons: 292.77165984000686
tot_aggregated_send: 0
tot_msg_rcv: 244
tot_msg_sent: 168
tot_reconf_duration: 24.59
tot_sleeping_duration: 12263.629919999996
tot_uptimes: 4
tot_uptimes_duration: 193.710560000005
