comms_cons: 2.6382591999912814
finished_reconf: true
global_termination_time: 18084.788
local_termination_time: 7507.925359999999
node_cons: 325.51004112000527
tot_aggregated_send: 0
tot_msg_rcv: 226
tot_msg_sent: 175
tot_reconf_duration: 3.05
tot_sleeping_duration: 17844.781919999994
tot_uptimes: 5
tot_uptimes_duration: 240.00608000000466
