comms_cons: 21.284339200006272
finished_reconf: true
global_termination_time: 209545.566
local_termination_time: 5438.7230400000035
node_cons: 4265.592201120009
tot_aggregated_send: 2900
tot_msg_rcv: 165
tot_msg_sent: 170
tot_reconf_duration: 5.57
tot_sleeping_duration: 206365.55991999997
tot_uptimes: 54
tot_uptimes_duration: 3180.0060800000047
