comms_cons: 55.146854399988996
finished_reconf: true
global_termination_time: 551330.795
local_termination_time: 141378.60660000006
node_cons: 11338.567701121416
tot_aggregated_send: 7714
tot_msg_rcv: 208
tot_msg_sent: 460
tot_reconf_duration: 7.819999999999999
tot_sleeping_duration: 542870.788919999
tot_uptimes: 142
tot_uptimes_duration: 8460.006080001069
