comms_cons: 13.356403199480207
finished_reconf: true
global_termination_time: 111795.14823999979
local_termination_time: 70680.60135999997
node_cons: 2310.942274956606
tot_aggregated_send: 928
tot_msg_rcv: 453
tot_msg_sent: 649
tot_reconf_duration: 6.279999999999999
tot_sleeping_duration: 110075.64560000232
tot_uptimes: 29
tot_uptimes_duration: 1719.5026399974668
