comms_cons: 12.158361599666772
finished_reconf: true
global_termination_time: 112692.585
local_termination_time: 95146.81935999998
node_cons: 2256.453941119159
tot_aggregated_send: 1218
tot_msg_rcv: 227
tot_msg_sent: 403
tot_reconf_duration: 5.1
tot_sleeping_duration: 111012.57892000064
tot_uptimes: 29
tot_uptimes_duration: 1680.0060799993662
