comms_cons: 423.782150436902
finished_reconf: true
global_termination_time: 4308267.648
local_termination_time: 2598869.11236
node_cons: 88622.59220111519
tot_aggregated_send: 58986
tot_msg_rcv: 1801
tot_msg_sent: 3625
tot_reconf_duration: 5.57
tot_sleeping_duration: 4242087.641920002
tot_uptimes: 1104
tot_uptimes_duration: 66180.00607999787
