comms_cons: 431.75424647488035
finished_reconf: true
global_termination_time: 4310470.449
local_termination_time: 1030939.0183199996
node_cons: 88621.0304666996
tot_aggregated_send: 59160
tot_msg_rcv: 2078
tot_msg_sent: 4386
tot_reconf_duration: 4.390000000000001
tot_sleeping_duration: 4244290.412520014
tot_uptimes: 1104
tot_uptimes_duration: 66180.0364799865
