comms_cons: 422.6645376199302
finished_reconf: true
global_termination_time: 4307440.868
local_termination_time: 2221011.7407999984
node_cons: 88622.41836334899
tot_aggregated_send: 60030
tot_msg_rcv: 1425
tot_msg_sent: 2787
tot_reconf_duration: 5.43
tot_sleeping_duration: 4241260.849760006
tot_uptimes: 1104
tot_uptimes_duration: 66180.01823999337
