comms_cons: 52.52833280011365
finished_reconf: true
global_termination_time: 537287.165
local_termination_time: 48512.40036000001
node_cons: 11021.450100000011
tot_aggregated_send: 7830
tot_msg_rcv: 48
tot_msg_sent: 106
tot_reconf_duration: 10.95
tot_sleeping_duration: 529067.165
tot_uptimes: 138
tot_uptimes_duration: 8220.0
