comms_cons: 99.74067199444168
finished_reconf: true
global_termination_time: 976610.9312399989
local_termination_time: 976610.890119999
node_cons: 20169.155566950536
tot_aggregated_send: 13094
tot_msg_rcv: 636
tot_msg_sent: 1429
tot_reconf_duration: 24.59
tot_sleeping_duration: 961573.0206000061
tot_uptimes: 251
tot_uptimes_duration: 15037.9106399929
