comms_cons: 430.7669565292
finished_reconf: true
global_termination_time: 3169218.253
local_termination_time: 2149473.19336
node_cons: 65164.27638111584
tot_aggregated_send: 0
tot_msg_rcv: 32908
tot_msg_sent: 32565
tot_reconf_duration: 6.279999999999999
tot_sleeping_duration: 3120558.246920002
tot_uptimes: 812
tot_uptimes_duration: 48660.006079997635
