comms_cons: 318.99553282399665
finished_reconf: true
global_termination_time: 3167784.453
local_termination_time: 532747.1014799998
node_cons: 65172.96481005173
tot_aggregated_send: 44022
tot_msg_rcv: 1447
tot_msg_sent: 3016
tot_reconf_duration: 12.629999999999999
tot_sleeping_duration: 3119124.3982800203
tot_uptimes: 812
tot_uptimes_duration: 48660.054719979875
