comms_cons: 258.3849216007093
finished_reconf: true
global_termination_time: 2629408.095
local_termination_time: 1525052.5323599998
node_cons: 54075.745799998935
tot_aggregated_send: 38048
tot_msg_rcv: 392
tot_msg_sent: 833
tot_reconf_duration: 5.1
tot_sleeping_duration: 2589028.095
tot_uptimes: 674
tot_uptimes_duration: 40380.0
