comms_cons: 259.15924479168524
finished_reconf: true
global_termination_time: 2630921.098
local_termination_time: 1829801.82936
node_cons: 54085.9715399993
tot_aggregated_send: 37642
tot_msg_rcv: 614
tot_msg_sent: 1135
tot_reconf_duration: 12.629999999999999
tot_sleeping_duration: 2590541.098
tot_uptimes: 674
tot_uptimes_duration: 40380.0
