comms_cons: 13.126758399625714
finished_reconf: true
global_termination_time: 105970.3
local_termination_time: 4815.163
node_cons: 2184.1125267169045
tot_aggregated_send: 511
tot_msg_rcv: 567
tot_msg_sent: 919
tot_reconf_duration: 10.96
tot_sleeping_duration: 104350.26352000232
tot_uptimes: 28
tot_uptimes_duration: 1620.0364799976887
