comms_cons: 12.838527999930285
finished_reconf: true
global_termination_time: 107806.589
local_termination_time: 4309.45
node_cons: 2178.463246720899
tot_aggregated_send: 461
tot_msg_rcv: 669
tot_msg_sent: 824
tot_reconf_duration: 6.8
tot_sleeping_duration: 106186.55251999934
tot_uptimes: 28
tot_uptimes_duration: 1620.0364800006719
