comms_cons: 11.006438399953883
finished_reconf: true
global_termination_time: 109019.736
local_termination_time: 7180.155000000001
node_cons: 2177.6647633583116
tot_aggregated_send: 631
tot_msg_rcv: 357
tot_msg_sent: 686
tot_reconf_duration: 6.23
tot_sleeping_duration: 107399.71776000127
tot_uptimes: 28
tot_uptimes_duration: 1620.0182399987389
