comms_cons: 12.310937599674219
finished_reconf: true
global_termination_time: 106866.103
local_termination_time: 3416.79624
node_cons: 2185.1527478374787
tot_aggregated_send: 638
tot_msg_rcv: 523
tot_msg_sent: 712
tot_reconf_duration: 11.719999999999999
tot_sleeping_duration: 105246.06044000188
tot_uptimes: 28
tot_uptimes_duration: 1620.0425599981172
