comms_cons: 135.48546558474422
finished_reconf: true
global_termination_time: 1335180.896
local_termination_time: 89411.65827999952
node_cons: 27402.5126855888
tot_aggregated_send: 18096
tot_msg_rcv: 809
tot_msg_sent: 1688
tot_reconf_duration: 4.8100000000000005
tot_sleeping_duration: 1314720.8656000083
tot_uptimes: 342
tot_uptimes_duration: 20460.030399991607
