comms_cons: 131.89322239467904
finished_reconf: true
global_termination_time: 1334440.871
local_termination_time: 384906.7022400005
node_cons: 27411.29898000004
tot_aggregated_send: 19198
tot_msg_rcv: 279
tot_msg_sent: 570
tot_reconf_duration: 11.31
tot_sleeping_duration: 1313980.871
tot_uptimes: 342
tot_uptimes_duration: 20460.0
