comms_cons: 37.16590080011611
finished_reconf: true
global_termination_time: 381585.035
local_termination_time: 248942.77048000006
node_cons: 7799.511980000007
tot_aggregated_send: 5568
tot_msg_rcv: 27
tot_msg_sent: 54
tot_reconf_duration: 4.8100000000000005
tot_sleeping_duration: 375765.035
tot_uptimes: 98
tot_uptimes_duration: 5820.0
