comms_cons: 109.99741441285991
finished_reconf: true
global_termination_time: 380626.9626000001
local_termination_time: 380626.9214800001
node_cons: 15410.803541520141
tot_aggregated_send: 0
tot_msg_rcv: 5632
tot_msg_sent: 11085
tot_reconf_duration: 24.59
tot_sleeping_duration: 369142.71291999996
tot_uptimes: 191
tot_uptimes_duration: 11484.24968000008
