comms_cons: 37.36985600015755
finished_reconf: true
global_termination_time: 381291.377
local_termination_time: 27453.92248
node_cons: 7803.599560000009
tot_aggregated_send: 5510
tot_msg_rcv: 61
tot_msg_sent: 109
tot_reconf_duration: 7.819999999999999
tot_sleeping_duration: 375471.377
tot_uptimes: 98
tot_uptimes_duration: 5820.0
