comms_cons: 147.02538236357574
finished_reconf: true
global_termination_time: 1150189.351
local_termination_time: 422275.3503600001
node_cons: 23624.110041116932
tot_aggregated_send: 0
tot_msg_rcv: 11264
tot_msg_sent: 11083
tot_reconf_duration: 3.05
tot_sleeping_duration: 1132549.3449200024
tot_uptimes: 295
tot_uptimes_duration: 17640.006079997635
