comms_cons: 113.12276479831687
finished_reconf: true
global_termination_time: 1149774.114
local_termination_time: 429199.5732000006
node_cons: 23630.587701116878
tot_aggregated_send: 15776
tot_msg_rcv: 457
tot_msg_sent: 961
tot_reconf_duration: 7.819999999999999
tot_sleeping_duration: 1132134.1079200024
tot_uptimes: 295
tot_uptimes_duration: 17640.006079997635
