comms_cons: 716.2774154020399
finished_reconf: true
global_termination_time: 4761826.339
local_termination_time: 3629534.25636
node_cons: 97943.00452223157
tot_aggregated_send: 0
tot_msg_rcv: 54974
tot_msg_sent: 53895
tot_reconf_duration: 6.279999999999999
tot_sleeping_duration: 4688686.326840005
tot_uptimes: 1220
tot_uptimes_duration: 73140.0121599955
