comms_cons: 715.5869897932912
finished_reconf: true
global_termination_time: 4763371.274
local_termination_time: 3627246.4313599993
node_cons: 97941.39394111418
tot_aggregated_send: 0
tot_msg_rcv: 54876
tot_msg_sent: 53888
tot_reconf_duration: 5.1
tot_sleeping_duration: 4690231.267920002
tot_uptimes: 1220
tot_uptimes_duration: 73140.00607999763
