comms_cons: 472.72508804583924
finished_reconf: true
global_termination_time: 4763675.44
local_termination_time: 1050860.4045999998
node_cons: 97955.06079116694
tot_aggregated_send: 65946
tot_msg_rcv: 1969
tot_msg_sent: 3936
tot_reconf_duration: 15.110000000000001
tot_sleeping_duration: 4690535.379200023
tot_uptimes: 1220
tot_uptimes_duration: 73140.06079997751
