comms_cons: 479.1651328768537
finished_reconf: true
global_termination_time: 4766876.772
local_termination_time: 689984.00836
node_cons: 98018.99888781575
tot_aggregated_send: 66178
tot_msg_rcv: 2271
tot_msg_sent: 4380
tot_reconf_duration: 3.05
tot_sleeping_duration: 4693676.729440016
tot_uptimes: 1221
tot_uptimes_duration: 73200.0425599839
