comms_cons: 2.5467775999930047
finished_reconf: true
global_termination_time: 14505.94448
local_termination_time: 14505.90336
node_cons: 310.1730787200008
tot_aggregated_send: 0
tot_msg_rcv: 225
tot_msg_sent: 162
tot_reconf_duration: 37.410000000000004
tot_sleeping_duration: 14312.24
tot_uptimes: 4
tot_uptimes_duration: 193.70448000000033
