comms_cons: 2.598783999991412
finished_reconf: true
global_termination_time: 17131.066
local_termination_time: 7018.9843599999995
node_cons: 333.73137999999955
tot_aggregated_send: 0
tot_msg_rcv: 224
tot_msg_sent: 171
tot_reconf_duration: 9.11
tot_sleeping_duration: 16891.066
tot_uptimes: 5
tot_uptimes_duration: 240.0
