comms_cons: 52.84999040295652
finished_reconf: true
global_termination_time: 447009.6540400003
local_termination_time: 447009.6129200003
node_cons: 9224.90601698446
tot_aggregated_send: 4118
tot_msg_rcv: 1363
tot_msg_sent: 2552
tot_reconf_duration: 24.59
tot_sleeping_duration: 440145.19339998206
tot_uptimes: 115
tot_uptimes_duration: 6864.460640018253
