comms_cons: 373.77781761672514
finished_reconf: true
global_termination_time: 3723413.5671199965
local_termination_time: 216999.2446000001
node_cons: 76616.55341084319
tot_aggregated_send: 52258
tot_msg_rcv: 1643
tot_msg_sent: 2911
tot_reconf_duration: 22.65
tot_sleeping_duration: 3666217.3052000226
tot_uptimes: 954
tot_uptimes_duration: 57196.261919973884
