comms_cons: 736.8523658863103
finished_reconf: true
global_termination_time: 3724053.883
local_termination_time: 1948.12236
node_cons: 76580.22904670468
tot_aggregated_send: 0
tot_msg_rcv: 56713
tot_msg_sent: 55281
tot_reconf_duration: 11.899999999999999
tot_sleeping_duration: 3666873.84652001
tot_uptimes: 954
tot_uptimes_duration: 57180.03647998994
