comms_cons: 370.9923712268211
finished_reconf: true
global_termination_time: 3726463.448
local_termination_time: 1661052.3877199998
node_cons: 76659.75968558397
tot_aggregated_send: 51910
tot_msg_rcv: 1517
tot_msg_sent: 2961
tot_reconf_duration: 11.31
tot_sleeping_duration: 3669223.4176000105
tot_uptimes: 955
tot_uptimes_duration: 57240.03039998934
