comms_cons: 2.250086399992565
finished_reconf: true
global_termination_time: 14944.714
local_termination_time: 10796.356360000002
node_cons: 253.3913800000008
tot_aggregated_send: 0
tot_msg_rcv: 176
tot_msg_sent: 166
tot_reconf_duration: 9.11
tot_sleeping_duration: 14764.714
tot_uptimes: 4
tot_uptimes_duration: 180.0
