comms_cons: 2.263244799996742
finished_reconf: true
global_termination_time: 16878.656
local_termination_time: 9030.67772
node_cons: 337.5201999999995
tot_aggregated_send: 0
tot_msg_rcv: 179
tot_msg_sent: 165
tot_reconf_duration: 11.899999999999999
tot_sleeping_duration: 16638.656
tot_uptimes: 5
tot_uptimes_duration: 240.0
