comms_cons: 2.3229887999915664
finished_reconf: true
global_termination_time: 15702.661
local_termination_time: 8155.746359999999
node_cons: 325.50189999999895
tot_aggregated_send: 0
tot_msg_rcv: 179
tot_msg_sent: 174
tot_reconf_duration: 3.05
tot_sleeping_duration: 15462.661
tot_uptimes: 5
tot_uptimes_duration: 240.0
