comms_cons: 375.48810208986026
finished_reconf: true
global_termination_time: 1903546.607
local_termination_time: 997562.2618399988
node_cons: 39156.35498223347
tot_aggregated_send: 0
tot_msg_rcv: 28842
tot_msg_sent: 28230
tot_reconf_duration: 22.65
tot_sleeping_duration: 1874326.5948400048
tot_uptimes: 488
tot_uptimes_duration: 29220.01215999527
