comms_cons: 191.9624831822703
finished_reconf: true
global_termination_time: 1900640.559
local_termination_time: 995057.06736
node_cons: 39051.79640335035
tot_aggregated_send: 26274
tot_msg_rcv: 988
tot_msg_sent: 1915
tot_reconf_duration: 4.8100000000000005
tot_sleeping_duration: 1871480.540760007
tot_uptimes: 487
tot_uptimes_duration: 29160.018239992904
