comms_cons: 191.0498303840015
finished_reconf: true
global_termination_time: 1900135.742
local_termination_time: 731972.8173599999
node_cons: 39051.242325583946
tot_aggregated_send: 26448
tot_msg_rcv: 846
tot_msg_sent: 1743
tot_reconf_duration: 4.390000000000001
tot_sleeping_duration: 1870975.711600012
tot_uptimes: 487
tot_uptimes_duration: 29160.030399988165
