comms_cons: 32.34397440050468
finished_reconf: true
global_termination_time: 323250.72
local_termination_time: 146082.36248000007
node_cons: 6612.617321121426
tot_aggregated_send: 4466
tot_msg_rcv: 174
tot_msg_sent: 277
tot_reconf_duration: 18.21
tot_sleeping_duration: 318330.7139199989
tot_uptimes: 83
tot_uptimes_duration: 4920.006080001069
