comms_cons: 33.374259200136876
finished_reconf: true
global_termination_time: 322995.396
local_termination_time: 67838.20035999996
node_cons: 6605.031539999994
tot_aggregated_send: 4292
tot_msg_rcv: 328
tot_msg_sent: 453
tot_reconf_duration: 12.629999999999999
tot_sleeping_duration: 318075.396
tot_uptimes: 83
tot_uptimes_duration: 4920.0
