comms_cons: 63.55790080531287
finished_reconf: true
global_termination_time: 279625.743
local_termination_time: 2083.7196
node_cons: 5809.282450090603
tot_aggregated_send: 0
tot_msg_rcv: 5441
tot_msg_sent: 4217
tot_reconf_duration: 18.21
tot_sleeping_duration: 275305.6882799921
tot_uptimes: 72
tot_uptimes_duration: 4320.054720007916
