comms_cons: 28.85041920042152
finished_reconf: true
global_termination_time: 282491.416
local_termination_time: 6696.253
node_cons: 5803.134274959455
tot_aggregated_send: 3706
tot_msg_rcv: 217
tot_msg_sent: 462
tot_reconf_duration: 11.899999999999999
tot_sleeping_duration: 278169.5533600004
tot_uptimes: 73
tot_uptimes_duration: 4321.862639999587
