comms_cons: 29.00111360046143
finished_reconf: true
global_termination_time: 282976.925
local_termination_time: 96112.44403999955
node_cons: 5791.870222242877
tot_aggregated_send: 3770
tot_msg_rcv: 235
tot_msg_sent: 403
tot_reconf_duration: 5.43
tot_sleeping_duration: 278656.91283999785
tot_uptimes: 73
tot_uptimes_duration: 4320.0121600021375
