comms_cons: 174.9954239921658
finished_reconf: true
global_termination_time: 1751582.6344799998
local_termination_time: 1751582.5933599998
node_cons: 36044.10422431767
tot_aggregated_send: 24694
tot_msg_rcv: 612
tot_msg_sent: 1290
tot_reconf_duration: 24.59
tot_sleeping_duration: 1724688.8996000015
tot_uptimes: 449
tot_uptimes_duration: 26893.734879998316
