comms_cons: 177.11011839280008
finished_reconf: true
global_termination_time: 1756744.808
local_termination_time: 70625.5634399996
node_cons: 36076.84260560017
tot_aggregated_send: 24476
tot_msg_rcv: 867
tot_msg_sent: 1576
tot_reconf_duration: 3.05
tot_sleeping_duration: 1729804.7776
tot_uptimes: 450
tot_uptimes_duration: 26940.030400000207
