comms_cons: 178.35208958609186
finished_reconf: true
global_termination_time: 1756306.824
local_termination_time: 76613.82135999997
node_cons: 36083.30398335961
tot_aggregated_send: 24186
tot_msg_rcv: 1069
tot_msg_sent: 1853
tot_reconf_duration: 7.819999999999999
tot_sleeping_duration: 1729366.8057600001
tot_uptimes: 450
tot_uptimes_duration: 26940.018239999772
