comms_cons: 98.87128319385448
finished_reconf: true
global_termination_time: 977009.886
local_termination_time: 124286.08139999953
node_cons: 20109.432344552457
tot_aggregated_send: 13340
tot_msg_rcv: 529
tot_msg_sent: 1158
tot_reconf_duration: 15.34
tot_sleeping_duration: 962007.1969600058
tot_uptimes: 251
tot_uptimes_duration: 15002.689039994337
