comms_cons: 99.2165695955981
finished_reconf: true
global_termination_time: 980883.604
local_termination_time: 289189.96236000006
node_cons: 20183.28998895766
tot_aggregated_send: 13166
tot_msg_rcv: 581
tot_msg_sent: 1333
tot_reconf_duration: 13.17
tot_sleeping_duration: 965823.5553600017
tot_uptimes: 252
tot_uptimes_duration: 15060.048639998247
