comms_cons: 99.077881592175
finished_reconf: true
global_termination_time: 977107.45
local_termination_time: 473054.190720001
node_cons: 20090.496681025284
tot_aggregated_send: 12644
tot_msg_rcv: 775
tot_msg_sent: 1639
tot_reconf_duration: 3.08
tot_sleeping_duration: 962106.468640011
tot_uptimes: 251
tot_uptimes_duration: 15000.981359988975
