comms_cons: 98.69520639418626
finished_reconf: true
global_termination_time: 983181.943
local_termination_time: 792038.9383199986
node_cons: 20181.524623350557
tot_aggregated_send: 13572
tot_msg_rcv: 498
tot_msg_sent: 931
tot_reconf_duration: 11.899999999999999
tot_sleeping_duration: 968121.9247600071
tot_uptimes: 252
tot_uptimes_duration: 15060.018239992904
