comms_cons: 98.86751999803637
finished_reconf: true
global_termination_time: 978838.224
local_termination_time: 369995.9471200009
node_cons: 20105.647601517478
tot_aggregated_send: 12818
tot_msg_rcv: 814
tot_msg_sent: 1397
tot_reconf_duration: 11.31
tot_sleeping_duration: 963834.274320002
tot_uptimes: 251
tot_uptimes_duration: 15003.949679998099
