comms_cons: 68.95064320006513
finished_reconf: true
global_termination_time: 694204.932
local_termination_time: 5002.127
node_cons: 14241.93786224146
tot_aggregated_send: 9786
tot_msg_rcv: 228
tot_msg_sent: 466
tot_reconf_duration: 16.009999999999998
tot_sleeping_duration: 683584.9198399989
tot_uptimes: 178
tot_uptimes_duration: 10620.012160001075
