comms_cons: 68.02914560007385
finished_reconf: true
global_termination_time: 693296.93748
local_termination_time: 4493.939
node_cons: 14256.601848719944
tot_aggregated_send: 10080
tot_msg_rcv: 80
tot_msg_sent: 179
tot_reconf_duration: 11.719999999999999
tot_sleeping_duration: 682661.623
tot_uptimes: 178
tot_uptimes_duration: 10635.314479999943
