comms_cons: 68.45655679910044
finished_reconf: true
global_termination_time: 693296.3288399988
local_termination_time: 4208.2970000000005
node_cons: 14287.523110879867
tot_aggregated_send: 9969
tot_msg_rcv: 111
tot_msg_sent: 324
tot_reconf_duration: 6.46
tot_sleeping_duration: 682632.5869199989
tot_uptimes: 178
tot_uptimes_duration: 10663.741919999884
