comms_cons: 99.97591679779417
finished_reconf: true
global_termination_time: 998014.2327199997
local_termination_time: 998014.1915999998
node_cons: 20558.692401444016
tot_aggregated_send: 14010
tot_msg_rcv: 419
tot_msg_sent: 767
tot_reconf_duration: 37.410000000000004
tot_sleeping_duration: 982698.4077599968
tot_uptimes: 256
tot_uptimes_duration: 15315.824960002967
