comms_cons: 746.001042912629
finished_reconf: true
global_termination_time: 998076.945
local_termination_time: 233445.57340000037
node_cons: 98975.36340652149
tot_aggregated_send: 0
tot_msg_rcv: 51423
tot_msg_sent: 61964
tot_reconf_duration: 5.57
tot_sleeping_duration: 924165.220319997
tot_uptimes: 1184
tot_uptimes_duration: 73911.72468000295
