comms_cons: 101.47476479091073
finished_reconf: true
global_termination_time: 998096.9
local_termination_time: 401505.83836000005
node_cons: 20490.939627827076
tot_aggregated_send: 12876
tot_msg_rcv: 843
tot_msg_sent: 1705
tot_reconf_duration: 3.08
tot_sleeping_duration: 982796.8574400097
tot_uptimes: 256
tot_uptimes_duration: 15300.04255999031
