comms_cons: 173.19806713372967
finished_reconf: true
global_termination_time: 998076.945
local_termination_time: 233712.23836000005
node_cons: 20497.761203988553
tot_aggregated_send: 0
tot_msg_rcv: 13496
tot_msg_sent: 12830
tot_reconf_duration: 8.09
tot_sleeping_duration: 982776.8890000085
tot_uptimes: 256
tot_uptimes_duration: 15300.055999991433
