comms_cons: 97.1540736000171
finished_reconf: true
global_termination_time: 998805.271
local_termination_time: 495425.029
node_cons: 20510.91273176135
tot_aggregated_send: 14436
tot_msg_rcv: 95
tot_msg_sent: 235
tot_reconf_duration: 11.899999999999999
tot_sleeping_duration: 983499.2571599989
tot_uptimes: 256
tot_uptimes_duration: 15306.013840001018
