comms_cons: 100.06119679528321
finished_reconf: true
global_termination_time: 1002836.254
local_termination_time: 547924.3068399987
node_cons: 20573.00162000005
tot_aggregated_send: 14210
tot_msg_rcv: 361
tot_msg_sent: 637
tot_reconf_duration: 4.390000000000001
tot_sleeping_duration: 987476.254
tot_uptimes: 257
tot_uptimes_duration: 15360.0
