comms_cons: 42.666112000160425
finished_reconf: true
global_termination_time: 428856.967
local_termination_time: 58106.53936000001
node_cons: 8763.591980000008
tot_aggregated_send: 6032
tot_msg_rcv: 167
tot_msg_sent: 286
tot_reconf_duration: 4.8100000000000005
tot_sleeping_duration: 422316.967
tot_uptimes: 110
tot_uptimes_duration: 6540.0
