comms_cons: 55.436339199855816
finished_reconf: true
global_termination_time: 554043.866
local_termination_time: 23613.625800000005
node_cons: 11336.484522241743
tot_aggregated_send: 7656
tot_msg_rcv: 251
tot_msg_sent: 519
tot_reconf_duration: 6.279999999999999
tot_sleeping_duration: 545583.8538399987
tot_uptimes: 142
tot_uptimes_duration: 8460.012160001286
