comms_cons: 56.02846720058448
finished_reconf: true
global_termination_time: 552183.413
local_termination_time: 19092.66032000001
node_cons: 11334.8820822406
tot_aggregated_send: 7540
tot_msg_rcv: 336
tot_msg_sent: 640
tot_reconf_duration: 5.1
tot_sleeping_duration: 543723.4008399994
tot_uptimes: 142
tot_uptimes_duration: 8460.012160000435
