comms_cons: 54.70604800086902
finished_reconf: true
global_termination_time: 553686.694
local_termination_time: 365606.14736
node_cons: 11333.909761121386
tot_aggregated_send: 7656
tot_msg_rcv: 140
tot_msg_sent: 519
tot_reconf_duration: 4.390000000000001
tot_sleeping_duration: 545226.6879199989
tot_uptimes: 142
tot_uptimes_duration: 8460.006080001069
