comms_cons: 57.15090560014291
finished_reconf: true
global_termination_time: 550817.13148
local_termination_time: 248698.08836000005
node_cons: 11356.909130962804
tot_aggregated_send: 7482
tot_msg_rcv: 501
tot_msg_sent: 703
tot_reconf_duration: 6.22
tot_sleeping_duration: 542341.8048399979
tot_uptimes: 142
tot_uptimes_duration: 8475.32664000208
