comms_cons: 29.737984000123788
finished_reconf: true
global_termination_time: 302782.507
local_termination_time: 56230.16248000001
node_cons: 6193.105800000005
tot_aggregated_send: 4350
tot_msg_rcv: 58
tot_msg_sent: 112
tot_reconf_duration: 5.1
tot_sleeping_duration: 298162.507
tot_uptimes: 78
tot_uptimes_duration: 4620.0
