comms_cons: 29.834201600164437
finished_reconf: true
global_termination_time: 303590.173
local_termination_time: 21264.24748
node_cons: 6192.711980000004
tot_aggregated_send: 4234
tot_msg_rcv: 71
tot_msg_sent: 229
tot_reconf_duration: 4.8100000000000005
tot_sleeping_duration: 298970.173
tot_uptimes: 78
tot_uptimes_duration: 4619.999999999996
