comms_cons: 29.533056000160965
finished_reconf: true
global_termination_time: 302765.522
local_termination_time: 74589.74047999996
node_cons: 6211.582741121453
tot_aggregated_send: 4350
tot_msg_rcv: 39
tot_msg_sent: 99
tot_reconf_duration: 18.700000000000003
tot_sleeping_duration: 298145.5159199989
tot_uptimes: 78
tot_uptimes_duration: 4620.006080001069
