comms_cons: 29.487974399958716
finished_reconf: true
global_termination_time: 302021.638
local_termination_time: 56267.004600000015
node_cons: 6201.538980000003
tot_aggregated_send: 4350
tot_msg_rcv: 26
tot_msg_sent: 106
tot_reconf_duration: 11.31
tot_sleeping_duration: 297401.638
tot_uptimes: 78
tot_uptimes_duration: 4620.0
