comms_cons: 29.868595200148604
finished_reconf: true
global_termination_time: 306406.915
local_termination_time: 232888.75352000084
node_cons: 6273.893939999995
tot_aggregated_send: 4408
tot_msg_rcv: 19
tot_msg_sent: 111
tot_reconf_duration: 5.43
tot_sleeping_duration: 301726.915
tot_uptimes: 79
tot_uptimes_duration: 4679.999999999998
