comms_cons: 90.64819199609474
finished_reconf: true
global_termination_time: 893936.318
local_termination_time: 301553.8933600001
node_cons: 18348.327546719447
tot_aggregated_send: 12064
tot_msg_rcv: 569
tot_msg_sent: 1144
tot_reconf_duration: 22.65
tot_sleeping_duration: 880256.2815200004
tot_uptimes: 229
tot_uptimes_duration: 13680.036479999544
