comms_cons: 92.17870079544211
finished_reconf: true
global_termination_time: 897512.245
local_termination_time: 17377.526440000005
node_cons: 18405.48918897147
tot_aggregated_send: 11774
tot_msg_rcv: 719
tot_msg_sent: 1519
tot_reconf_duration: 5.57
tot_sleeping_duration: 883772.1963599914
tot_uptimes: 230
tot_uptimes_duration: 13740.04864000855
