comms_cons: 92.20451199582703
finished_reconf: true
global_termination_time: 893788.34
local_termination_time: 77227.90235999996
node_cons: 18324.117108962273
tot_aggregated_send: 11832
tot_msg_rcv: 786
tot_msg_sent: 1396
tot_reconf_duration: 4.8100000000000005
tot_sleeping_duration: 880108.2913599983
tot_uptimes: 229
tot_uptimes_duration: 13680.048640001682
