comms_cons: 168.7322687874507
finished_reconf: true
global_termination_time: 1676279.9594799997
local_termination_time: 1676279.9183599998
node_cons: 34517.65236542998
tot_aggregated_send: 23302
tot_msg_rcv: 761
tot_msg_sent: 1581
tot_reconf_duration: 24.59
tot_sleeping_duration: 1650526.2185200073
tot_uptimes: 430
tot_uptimes_duration: 25753.74095999253
