comms_cons: 167.2630015956182
finished_reconf: true
global_termination_time: 1679730.135
local_termination_time: 1135161.2893599998
node_cons: 34561.55898000005
tot_aggregated_send: 24070
tot_msg_rcv: 500
tot_msg_sent: 853
tot_reconf_duration: 11.31
tot_sleeping_duration: 1653930.135
tot_uptimes: 431
tot_uptimes_duration: 25800.0
