comms_cons: 51.34115200059099
finished_reconf: true
global_termination_time: 513467.808
local_termination_time: 2668.86648
node_cons: 10549.293603362026
tot_aggregated_send: 7076
tot_msg_rcv: 219
tot_msg_sent: 508
tot_reconf_duration: 18.21
tot_sleeping_duration: 505607.7897599985
tot_uptimes: 132
tot_uptimes_duration: 7860.018240001504
