comms_cons: 50.83747840079848
finished_reconf: true
global_termination_time: 511593.53824000014
local_termination_time: 92054.32399999973
node_cons: 10550.922012724517
tot_aggregated_send: 6902
tot_msg_rcv: 351
tot_msg_sent: 473
tot_reconf_duration: 4.390000000000001
tot_sleeping_duration: 503718.2877599968
tot_uptimes: 132
tot_uptimes_duration: 7875.250480003364
