comms_cons: 75.17400320919148
finished_reconf: true
global_termination_time: 514015.421
local_termination_time: 173837.81336000003
node_cons: 10535.175842242845
tot_aggregated_send: 0
tot_msg_rcv: 5913
tot_msg_sent: 5513
tot_reconf_duration: 7.819999999999999
tot_sleeping_duration: 506155.40883999784
tot_uptimes: 132
tot_uptimes_duration: 7860.0121600021375
