comms_cons: 49.080832000825815
finished_reconf: true
global_termination_time: 486110.164
local_termination_time: 420426.2901200009
node_cons: 9970.704522242833
tot_aggregated_send: 6728
tot_msg_rcv: 288
tot_msg_sent: 444
tot_reconf_duration: 6.279999999999999
tot_sleeping_duration: 478670.15183999785
tot_uptimes: 125
tot_uptimes_duration: 7440.0121600021375
