comms_cons: 91.11499519362641
finished_reconf: true
global_termination_time: 893472.547
local_termination_time: 495551.1553600001
node_cons: 18321.743345598006
tot_aggregated_send: 11426
tot_msg_rcv: 847
tot_msg_sent: 1575
tot_reconf_duration: 3.08
tot_sleeping_duration: 879792.5166000015
tot_uptimes: 229
tot_uptimes_duration: 13680.030399998475
