comms_cons: 160.1589439491639
finished_reconf: true
global_termination_time: 889757.475
local_termination_time: 177690.32536000005
node_cons: 18248.223207827043
tot_aggregated_send: 0
tot_msg_rcv: 12435
tot_msg_sent: 11904
tot_reconf_duration: 8.09
tot_sleeping_duration: 876137.4324400097
tot_uptimes: 228
tot_uptimes_duration: 13620.04255999031
