comms_cons: 89.04289279832571
finished_reconf: true
global_termination_time: 890935.343
local_termination_time: 540903.5380399984
node_cons: 18330.33678335518
tot_aggregated_send: 12122
tot_msg_rcv: 371
tot_msg_sent: 1041
tot_reconf_duration: 9.42
tot_sleeping_duration: 877255.3247600037
tot_uptimes: 229
tot_uptimes_duration: 13680.018239996338
