comms_cons: 90.47057919408059
finished_reconf: true
global_termination_time: 892510.585
local_termination_time: 262884.45236000005
node_cons: 18332.91154447195
tot_aggregated_send: 11542
tot_msg_rcv: 762
tot_msg_sent: 1447
tot_reconf_duration: 11.31
tot_sleeping_duration: 878830.5606800059
tot_uptimes: 229
tot_uptimes_duration: 13680.024319993972
