comms_cons: 142.24117761320744
finished_reconf: true
global_termination_time: 295473.7986000001
local_termination_time: 295473.7574800001
node_cons: 17892.866868124747
tot_aggregated_send: 0
tot_msg_rcv: 8738
tot_msg_sent: 12881
tot_reconf_duration: 24.59
tot_sleeping_duration: 282135.8795199966
tot_uptimes: 220
tot_uptimes_duration: 13337.919080003518
