comms_cons: 217.36921599153183
finished_reconf: true
global_termination_time: 2187930.598
local_termination_time: 753810.1383599999
node_cons: 44998.96080446689
tot_aggregated_send: 30450
tot_msg_rcv: 902
tot_msg_sent: 1687
tot_reconf_duration: 6.279999999999999
tot_sleeping_duration: 2154330.5736800097
tot_uptimes: 561
tot_uptimes_duration: 33600.02431999054
