comms_cons: 218.1070591861231
finished_reconf: true
global_termination_time: 2185595.247
local_termination_time: 438708.5745200008
node_cons: 44917.034646700486
tot_aggregated_send: 30566
tot_msg_rcv: 769
tot_msg_sent: 1816
tot_reconf_duration: 5.1
tot_sleeping_duration: 2152055.210520014
tot_uptimes: 560
tot_uptimes_duration: 33540.03647998581
