comms_cons: 219.1794687834026
finished_reconf: true
global_termination_time: 2186893.487
local_termination_time: 887771.8562799982
node_cons: 44996.39418446687
tot_aggregated_send: 30276
tot_msg_rcv: 1008
tot_msg_sent: 2030
tot_reconf_duration: 4.390000000000001
tot_sleeping_duration: 2153293.4626800097
tot_uptimes: 561
tot_uptimes_duration: 33600.02431999054
