comms_cons: 214.31389438840955
finished_reconf: true
global_termination_time: 2188544.57
local_termination_time: 1034028.6043599998
node_cons: 44997.80650446676
tot_aggregated_send: 30218
tot_msg_rcv: 697
tot_msg_sent: 1659
tot_reconf_duration: 5.43
tot_sleeping_duration: 2154944.5456800093
tot_uptimes: 561
tot_uptimes_duration: 33600.02431999054
