comms_cons: 108.43837439595654
finished_reconf: true
global_termination_time: 1096423.623
local_termination_time: 199587.63836000004
node_cons: 22499.341900000018
tot_aggregated_send: 15718
tot_msg_rcv: 244
tot_msg_sent: 520
tot_reconf_duration: 3.05
tot_sleeping_duration: 1079623.623
tot_uptimes: 281
tot_uptimes_duration: 16800.0
