comms_cons: 108.5383167974622
finished_reconf: true
global_termination_time: 1098454.63
local_termination_time: 80795.34411999973
node_cons: 22586.175842238306
tot_aggregated_send: 15428
tot_msg_rcv: 372
tot_msg_sent: 699
tot_reconf_duration: 7.819999999999999
tot_sleeping_duration: 1081594.6178400011
tot_uptimes: 282
tot_uptimes_duration: 16860.012159998703
