comms_cons: 225.8166655802097
finished_reconf: true
global_termination_time: 2262572.331
local_termination_time: 20197.898
node_cons: 46568.92004757094
tot_aggregated_send: 30448
tot_msg_rcv: 1305
tot_msg_sent: 2569
tot_reconf_duration: 22.65
tot_sleeping_duration: 2227816.422600021
tot_uptimes: 580
tot_uptimes_duration: 34755.90839997871
