comms_cons: 222.42301439342114
finished_reconf: true
global_termination_time: 2263567.047
local_termination_time: 1008959.9897199997
node_cons: 46524.42405999939
tot_aggregated_send: 32770
tot_msg_rcv: 368
tot_msg_sent: 669
tot_reconf_duration: 5.57
tot_sleeping_duration: 2228827.047
tot_uptimes: 580
tot_uptimes_duration: 34740.0
