comms_cons: 222.1335295945207
finished_reconf: true
global_termination_time: 2261592.637
local_termination_time: 546898.8407199988
node_cons: 46534.74485999951
tot_aggregated_send: 32538
tot_msg_rcv: 390
tot_msg_sent: 835
tot_reconf_duration: 13.17
tot_sleeping_duration: 2226852.637
tot_uptimes: 580
tot_uptimes_duration: 34740.0
