comms_cons: 221.40574718683143
finished_reconf: true
global_termination_time: 2260510.226
local_termination_time: 494132.40936000005
node_cons: 46445.01560670501
tot_aggregated_send: 30740
tot_msg_rcv: 1047
tot_msg_sent: 1867
tot_reconf_duration: 6.22
tot_sleeping_duration: 2225830.1895200107
tot_uptimes: 579
tot_uptimes_duration: 34680.03647998924
