comms_cons: 221.2216703934577
finished_reconf: true
global_termination_time: 2264215.764
local_termination_time: 1150324.58536
node_cons: 46537.691719999566
tot_aggregated_send: 32596
tot_msg_rcv: 308
tot_msg_sent: 720
tot_reconf_duration: 15.34
tot_sleeping_duration: 2229475.764
tot_uptimes: 580
tot_uptimes_duration: 34740.0
