comms_cons: 175.86731522083818
finished_reconf: true
global_termination_time: 364592.5435600008
local_termination_time: 1948.1214800000025
node_cons: 22036.624414164082
tot_aggregated_send: 0
tot_msg_rcv: 10857
tot_msg_sent: 15872
tot_reconf_duration: 18.21
tot_sleeping_duration: 348153.4881199978
tot_uptimes: 268
tot_uptimes_duration: 16439.055440003023
