comms_cons: 38.77122560084789
finished_reconf: true
global_termination_time: 365810.844
local_termination_time: 20407.198
node_cons: 7510.714498161913
tot_aggregated_send: 4638
tot_msg_rcv: 504
tot_msg_sent: 751
tot_reconf_duration: 18.700000000000003
tot_sleeping_duration: 360220.6125599985
tot_uptimes: 94
tot_uptimes_duration: 5590.231440001426
