comms_cons: 146.4266751895491
finished_reconf: true
global_termination_time: 1446501.56
local_termination_time: 283641.43392000033
node_cons: 29756.591264476527
tot_aggregated_send: 19662
tot_msg_rcv: 896
tot_msg_sent: 1699
tot_reconf_duration: 22.65
tot_sleeping_duration: 1424301.5356800028
tot_uptimes: 371
tot_uptimes_duration: 22200.02431999735
