comms_cons: 240.08050545279147
finished_reconf: true
global_termination_time: 1448988.799
local_termination_time: 393795.1654800001
node_cons: 29812.69640335514
tot_aggregated_send: 0
tot_msg_rcv: 18389
tot_msg_sent: 18101
tot_reconf_duration: 4.8100000000000005
tot_sleeping_duration: 1426728.780760004
tot_uptimes: 372
tot_uptimes_duration: 22260.018239996338
