comms_cons: 589.4279996388851
finished_reconf: true
global_termination_time: 1446452.507
local_termination_time: 393795.79660000006
node_cons: 88189.72217735242
tot_aggregated_send: 0
tot_msg_rcv: 36145
tot_msg_sent: 53445
tot_reconf_duration: 4.390000000000001
tot_sleeping_duration: 1380594.5827600039
tot_uptimes: 1084
tot_uptimes_duration: 65857.92423999605
