comms_cons: 197.8902271848984
finished_reconf: true
global_termination_time: 1978327.7122400003
local_termination_time: 71080.9965999997
node_cons: 40725.67931501408
tot_aggregated_send: 26506
tot_msg_rcv: 1297
tot_msg_sent: 2274
tot_reconf_duration: 18.21
tot_sleeping_duration: 1947931.1848800194
tot_uptimes: 507
tot_uptimes_duration: 30396.527359980857
