comms_cons: 195.74435839812895
finished_reconf: true
global_termination_time: 1979901.398
local_termination_time: 528237.5410799996
node_cons: 40739.305799999674
tot_aggregated_send: 28884
tot_msg_rcv: 350
tot_msg_sent: 518
tot_reconf_duration: 5.1
tot_sleeping_duration: 1949481.398
tot_uptimes: 508
tot_uptimes_duration: 30420.0
