comms_cons: 0.585548799999938
finished_reconf: true
global_termination_time: 5313.688
local_termination_time: 248.81303999999997
node_cons: 105.06918000000005
tot_aggregated_send: 0
tot_msg_rcv: 46
tot_msg_sent: 42
tot_reconf_duration: 18.21
tot_sleeping_duration: 5253.688
tot_uptimes: 2
tot_uptimes_duration: 60.00000000000003
