comms_cons: 85.37169919893826
finished_reconf: true
global_termination_time: 852600.456
local_termination_time: 531370.0005599995
node_cons: 17548.477400000087
tot_aggregated_send: 12064
tot_msg_rcv: 355
tot_msg_sent: 557
tot_reconf_duration: 25.299999999999997
tot_sleeping_duration: 839520.456
tot_uptimes: 219
tot_uptimes_duration: 13080.0
