comms_cons: 86.95032959507424
finished_reconf: true
global_termination_time: 856762.868
local_termination_time: 130273.37135999998
node_cons: 17625.251264471965
tot_aggregated_send: 11658
tot_msg_rcv: 527
tot_msg_sent: 1030
tot_reconf_duration: 22.65
tot_sleeping_duration: 843622.843680006
tot_uptimes: 220
tot_uptimes_duration: 13140.024319993972
