comms_cons: 152.53875199708457
finished_reconf: true
global_termination_time: 1553464.309
local_termination_time: 829828.1840799986
node_cons: 31915.49938000003
tot_aggregated_send: 22620
tot_msg_rcv: 173
tot_msg_sent: 392
tot_reconf_duration: 15.110000000000001
tot_sleeping_duration: 1529644.309
tot_uptimes: 398
tot_uptimes_duration: 23820.0
