comms_cons: 153.7427455941434
finished_reconf: true
global_termination_time: 1555154.38
local_termination_time: 865811.0735999988
node_cons: 31988.11236000011
tot_aggregated_send: 22446
tot_msg_rcv: 292
tot_msg_sent: 630
tot_reconf_duration: 9.42
tot_sleeping_duration: 1531274.38
tot_uptimes: 399
tot_uptimes_duration: 23880.0
