comms_cons: 155.1010175916529
finished_reconf: true
global_termination_time: 1556671.671
local_termination_time: 1033372.5633599999
node_cons: 31991.480200000082
tot_aggregated_send: 22156
tot_msg_rcv: 501
tot_msg_sent: 917
tot_reconf_duration: 11.899999999999999
tot_sleeping_duration: 1532791.671
tot_uptimes: 399
tot_uptimes_duration: 23880.0
