comms_cons: 157.604735985863
finished_reconf: true
global_termination_time: 1554545.025
local_termination_time: 802192.2443599999
node_cons: 31979.5351700516
tot_aggregated_send: 21402
tot_msg_rcv: 860
tot_msg_sent: 1693
tot_reconf_duration: 3.05
tot_sleeping_duration: 1530664.9702800212
tot_uptimes: 399
tot_uptimes_duration: 23880.05471997871
