comms_cons: 33.25560959999576
finished_reconf: true
global_termination_time: 343332.028
local_termination_time: 208854.768
node_cons: 6996.120121121436
tot_aggregated_send: 4927
tot_msg_rcv: 13
tot_msg_sent: 114
tot_reconf_duration: 4.8100000000000005
tot_sleeping_duration: 338112.0219199989
tot_uptimes: 88
tot_uptimes_duration: 5220.006080001069
