comms_cons: 373.36170246003206
finished_reconf: true
global_termination_time: 3710905.005
local_termination_time: 337679.75436
node_cons: 76357.43067005026
tot_aggregated_send: 51504
tot_msg_rcv: 1661
tot_msg_sent: 3584
tot_reconf_duration: 25.299999999999997
tot_sleeping_duration: 3653904.950280021
tot_uptimes: 951
tot_uptimes_duration: 57000.054719979176
