comms_cons: 372.9740480593011
finished_reconf: true
global_termination_time: 3712601.937
local_termination_time: 2127261.5687999986
node_cons: 76333.66026558336
tot_aggregated_send: 51388
tot_msg_rcv: 1645
tot_msg_sent: 3656
tot_reconf_duration: 7.819999999999999
tot_sleeping_duration: 3655601.9066000106
tot_uptimes: 951
tot_uptimes_duration: 57000.030399989104
