comms_cons: 92.09094399683836
finished_reconf: true
global_termination_time: 917393.938
local_termination_time: 424068.2684800001
node_cons: 18897.059681121467
tot_aggregated_send: 12528
tot_msg_rcv: 435
tot_msg_sent: 1035
tot_reconf_duration: 12.629999999999999
tot_sleeping_duration: 903293.931919999
tot_uptimes: 235
tot_uptimes_duration: 14100.006080001069
