comms_cons: 99.98199038885167
finished_reconf: true
global_termination_time: 800880.92324
local_termination_time: 13149.781480000001
node_cons: 16513.757698555033
tot_aggregated_send: 5220
tot_msg_rcv: 4228
tot_msg_sent: 5749
tot_reconf_duration: 18.21
tot_sleeping_duration: 788566.4882000037
tot_uptimes: 206
tot_uptimes_duration: 12314.435039996286
