comms_cons: 77.64771840010164
finished_reconf: true
global_termination_time: 802744.011
local_termination_time: 323684.0168800004
node_cons: 16504.05740000001
tot_aggregated_send: 11658
tot_msg_rcv: 50
tot_msg_sent: 94
tot_reconf_duration: 25.299999999999997
tot_sleeping_duration: 790444.011
tot_uptimes: 206
tot_uptimes_duration: 12300.0
