comms_cons: 79.39120639971948
finished_reconf: true
global_termination_time: 802867.609
local_termination_time: 192694.54236000005
node_cons: 16476.231980000022
tot_aggregated_send: 11600
tot_msg_rcv: 181
tot_msg_sent: 286
tot_reconf_duration: 4.8100000000000005
tot_sleeping_duration: 790567.609
tot_uptimes: 206
tot_uptimes_duration: 12300.0
