comms_cons: 78.97013759876859
finished_reconf: true
global_termination_time: 802278.352
local_termination_time: 427764.0903600001
node_cons: 16484.57010000004
tot_aggregated_send: 11600
tot_msg_rcv: 131
tot_msg_sent: 272
tot_reconf_duration: 10.95
tot_sleeping_duration: 789978.352
tot_uptimes: 206
tot_uptimes_duration: 12300.0
