comms_cons: 0.8750335999995318
finished_reconf: true
global_termination_time: 6984.43
local_termination_time: 476.55435999999986
node_cons: 105.06918000000005
tot_aggregated_send: 0
tot_msg_rcv: 89
tot_msg_sent: 43
tot_reconf_duration: 18.21
tot_sleeping_duration: 6924.43
tot_uptimes: 2
tot_uptimes_duration: 60.00000000000006
