comms_cons: 1.2500479999958711
finished_reconf: true
global_termination_time: 4018.537
local_termination_time: 2236.4133600000005
node_cons: 92.71138000000016
tot_aggregated_send: 0
tot_msg_rcv: 139
tot_msg_sent: 51
tot_reconf_duration: 9.11
tot_sleeping_duration: 3958.537
tot_uptimes: 2
tot_uptimes_duration: 60.0
