comms_cons: 84.7664127968014
finished_reconf: true
global_termination_time: 854751.149
local_termination_time: 94653.07735999998
node_cons: 17544.903123357453
tot_aggregated_send: 11716
tot_msg_rcv: 430
tot_msg_sent: 738
tot_reconf_duration: 22.65
tot_sleeping_duration: 841671.1307600018
tot_uptimes: 219
tot_uptimes_duration: 13080.01823999807
