comms_cons: 86.5044223958985
finished_reconf: true
global_termination_time: 857631.974
local_termination_time: 8007.322480000001
node_cons: 17609.85154447655
tot_aggregated_send: 11832
tot_msg_rcv: 449
tot_msg_sent: 867
tot_reconf_duration: 11.31
tot_sleeping_duration: 844491.9496800026
tot_uptimes: 220
tot_uptimes_duration: 13140.024319997407
