comms_cons: 274.13615360552006
finished_reconf: true
global_termination_time: 2727574.37
local_termination_time: 39607.78748000011
node_cons: 56102.106167822094
tot_aggregated_send: 38164
tot_msg_rcv: 1191
tot_msg_sent: 2313
tot_reconf_duration: 18.21
tot_sleeping_duration: 2685694.3274400127
tot_uptimes: 699
tot_uptimes_duration: 41880.04255998734
