comms_cons: 274.72584319084586
finished_reconf: true
global_termination_time: 2729809.178
local_termination_time: 2505837.2023199988
node_cons: 56166.19638111621
tot_aggregated_send: 38106
tot_msg_rcv: 1279
tot_msg_sent: 2371
tot_reconf_duration: 6.279999999999999
tot_sleeping_duration: 2687869.1719200024
tot_uptimes: 700
tot_uptimes_duration: 41940.006079997635
