comms_cons: 273.32391680813157
finished_reconf: true
global_termination_time: 2730780.219
local_termination_time: 1421113.6609599986
node_cons: 56161.8263233496
tot_aggregated_send: 38164
tot_msg_rcv: 1053
tot_msg_sent: 2326
tot_reconf_duration: 3.05
tot_sleeping_duration: 2688840.200760007
tot_uptimes: 700
tot_uptimes_duration: 41940.01823999314
