comms_cons: 22.26401280043102
finished_reconf: true
global_termination_time: 217637.817
local_termination_time: 10278.276760000004
node_cons: 4426.2722011214355
tot_aggregated_send: 2726
tot_msg_rcv: 198
tot_msg_sent: 460
tot_reconf_duration: 5.57
tot_sleeping_duration: 214337.81091999894
tot_uptimes: 56
tot_uptimes_duration: 3300.0060800010688
