comms_cons: 23.296947200119103
finished_reconf: true
global_termination_time: 222115.162
local_termination_time: 71355.57747999996
node_cons: 4511.443944481169
tot_aggregated_send: 2726
tot_msg_rcv: 297
tot_msg_sent: 518
tot_reconf_duration: 9.11
tot_sleeping_duration: 218755.13767999914
tot_uptimes: 57
tot_uptimes_duration: 3360.02432000087
