comms_cons: 21.55345920013192
finished_reconf: true
global_termination_time: 219139.543
local_termination_time: 160676.1689600006
node_cons: 4515.200199999996
tot_aggregated_send: 3132
tot_msg_rcv: 38
tot_msg_sent: 105
tot_reconf_duration: 11.899999999999999
tot_sleeping_duration: 215779.543
tot_uptimes: 57
tot_uptimes_duration: 3360.0
