comms_cons: 118.89425921499806
finished_reconf: true
global_termination_time: 408834.5854800002
local_termination_time: 2172.098040000001
node_cons: 16651.341696720247
tot_aggregated_send: 0
tot_msg_rcv: 6075
tot_msg_sent: 11994
tot_reconf_duration: 6.22
tot_sleeping_duration: 396405.239
tot_uptimes: 203
tot_uptimes_duration: 12429.346480000164
