comms_cons: 280.1469248274115
finished_reconf: true
global_termination_time: 2809455.962
local_termination_time: 4221.9130000000005
node_cons: 57848.602365584076
tot_aggregated_send: 38624
tot_msg_rcv: 1427
tot_msg_sent: 2529
tot_reconf_duration: 2.77
tot_sleeping_duration: 2766255.931600011
tot_uptimes: 720
tot_uptimes_duration: 43200.03039998887
