comms_cons: 276.50295682368045
finished_reconf: true
global_termination_time: 2808344.175
local_termination_time: 2764.46712
node_cons: 57850.237370051735
tot_aggregated_send: 39208
tot_msg_rcv: 938
tot_msg_sent: 1880
tot_reconf_duration: 3.95
tot_sleeping_duration: 2765144.1202800204
tot_uptimes: 720
tot_uptimes_duration: 43200.05471997964
