comms_cons: 2.467199999994395
finished_reconf: true
global_termination_time: 12972.972
local_termination_time: 4217.271
node_cons: 253.9858314399979
tot_aggregated_send: 0
tot_msg_rcv: 203
tot_msg_sent: 172
tot_reconf_duration: 6.22
tot_sleeping_duration: 12789.597040000002
tot_uptimes: 4
tot_uptimes_duration: 183.37495999999823
