comms_cons: 49.46895360042049
finished_reconf: true
global_termination_time: 499297.977
local_termination_time: 1171.9523600000002
node_cons: 10237.545541120022
tot_aggregated_send: 7076
tot_msg_rcv: 175
tot_msg_sent: 267
tot_reconf_duration: 25.299999999999997
tot_sleeping_duration: 491677.97092
tot_uptimes: 128
tot_uptimes_duration: 7620.0060800000065
