comms_cons: 143.5623103563155
finished_reconf: true
global_termination_time: 1204684.2802400002
local_termination_time: 96720.40031999962
node_cons: 24801.055043050917
tot_aggregated_send: 8758
tot_msg_rcv: 5294
tot_msg_sent: 7777
tot_reconf_duration: 18.21
tot_sleeping_duration: 1186180.6761600517
tot_uptimes: 309
tot_uptimes_duration: 18503.60407994839
