comms_cons: 118.30717439786127
finished_reconf: true
global_termination_time: 1209367.636
local_termination_time: 365529.7610000004
node_cons: 24833.588239999997
tot_aggregated_send: 17226
tot_msg_rcv: 172
tot_msg_sent: 584
tot_reconf_duration: 6.279999999999999
tot_sleeping_duration: 1190827.636
tot_uptimes: 310
tot_uptimes_duration: 18540.0
