comms_cons: 118.39719039790668
finished_reconf: true
global_termination_time: 1204683.45348
local_termination_time: 1204683.41236
node_cons: 24813.905643200964
tot_aggregated_send: 17432
tot_msg_rcv: 146
tot_msg_sent: 416
tot_reconf_duration: 37.410000000000004
tot_sleeping_duration: 1186189.7246799993
tot_uptimes: 309
tot_uptimes_duration: 18493.72880000068
