comms_cons: 119.22526719949147
finished_reconf: true
global_termination_time: 1207971.269
local_termination_time: 224642.4612000002
node_cons: 24842.211540000048
tot_aggregated_send: 17516
tot_msg_rcv: 220
tot_msg_sent: 385
tot_reconf_duration: 12.629999999999999
tot_sleeping_duration: 1189431.269
tot_uptimes: 310
tot_uptimes_duration: 18540.0
