comms_cons: 118.65054719761977
finished_reconf: true
global_termination_time: 1205177.975
local_termination_time: 111171.36035999996
node_cons: 24750.68162000004
tot_aggregated_send: 17226
tot_msg_rcv: 288
tot_msg_sent: 520
tot_reconf_duration: 4.390000000000001
tot_sleeping_duration: 1186697.975
tot_uptimes: 309
tot_uptimes_duration: 18480.0
