comms_cons: 118.87298559912047
finished_reconf: true
global_termination_time: 1207402.285
local_termination_time: 106717.55847999996
node_cons: 24833.51490112148
tot_aggregated_send: 17458
tot_msg_rcv: 206
tot_msg_sent: 404
tot_reconf_duration: 6.22
tot_sleeping_duration: 1188862.2789199988
tot_uptimes: 310
tot_uptimes_duration: 18540.006080001076
