comms_cons: 211.5855614867
finished_reconf: true
global_termination_time: 1061331.882
local_termination_time: 2254.4643600000004
node_cons: 21796.918026705625
tot_aggregated_send: 0
tot_msg_rcv: 16441
tot_msg_sent: 15717
tot_reconf_duration: 18.21
tot_sleeping_duration: 1045071.8455200107
tot_uptimes: 272
tot_uptimes_duration: 16260.036479989241
