comms_cons: 108.22749439235375
finished_reconf: true
global_termination_time: 1060225.1121200004
local_termination_time: 116857.38019999964
node_cons: 21849.84344191417
tot_aggregated_send: 14268
tot_msg_rcv: 759
tot_msg_sent: 1423
tot_reconf_duration: 15.34
tot_sleeping_duration: 1043922.6388400048
tot_uptimes: 272
tot_uptimes_duration: 16302.473279995611
