comms_cons: 108.96554239283637
finished_reconf: true
global_termination_time: 1064706.049
local_termination_time: 159677.45796000015
node_cons: 21860.09290671943
tot_aggregated_send: 14094
tot_msg_rcv: 946
tot_msg_sent: 1522
tot_reconf_duration: 5.57
tot_sleeping_duration: 1048386.0125200006
tot_uptimes: 273
tot_uptimes_duration: 16320.036479999544
