comms_cons: 108.61068799294401
finished_reconf: true
global_termination_time: 1062463.61
local_termination_time: 415426.16104000027
node_cons: 21870.373001116845
tot_aggregated_send: 14326
tot_msg_rcv: 736
tot_msg_sent: 1447
tot_reconf_duration: 13.17
tot_sleeping_duration: 1046143.6039200025
tot_uptimes: 273
tot_uptimes_duration: 16320.006079997635
