comms_cons: 109.00484479053142
finished_reconf: true
global_termination_time: 1063299.32
local_termination_time: 497739.0484800006
node_cons: 21863.506925584228
tot_aggregated_send: 13746
tot_msg_rcv: 904
tot_msg_sent: 1917
tot_reconf_duration: 8.09
tot_sleeping_duration: 1046979.2896000119
tot_uptimes: 273
tot_uptimes_duration: 16320.030399988173
