comms_cons: 106.09121279465714
finished_reconf: true
global_termination_time: 1064707.254
local_termination_time: 582933.5669999999
node_cons: 21881.70606815125
tot_aggregated_send: 14268
tot_msg_rcv: 474
tot_msg_sent: 1385
tot_reconf_duration: 18.700000000000003
tot_sleeping_duration: 1048384.3925600065
tot_uptimes: 273
tot_uptimes_duration: 16322.861439993489
