comms_cons: 104.80400639547597
finished_reconf: true
global_termination_time: 1061029.662
local_termination_time: 716276.4633599999
node_cons: 21788.308341116895
tot_aggregated_send: 14790
tot_msg_rcv: 392
tot_msg_sent: 747
tot_reconf_duration: 11.899999999999999
tot_sleeping_duration: 1044769.6559200024
tot_uptimes: 272
tot_uptimes_duration: 16260.006079997635
