comms_cons: 107.27288319442455
finished_reconf: true
global_termination_time: 1060765.718
local_termination_time: 467894.46836
node_cons: 21778.12604335047
tot_aggregated_send: 14790
tot_msg_rcv: 587
tot_msg_sent: 927
tot_reconf_duration: 4.390000000000001
tot_sleeping_duration: 1044505.6997600072
tot_uptimes: 272
tot_uptimes_duration: 16260.018239992904
