comms_cons: 32.12623360070518
finished_reconf: true
global_termination_time: 317657.638
local_termination_time: 224201.6793200002
node_cons: 6532.959023364314
tot_aggregated_send: 4292
tot_msg_rcv: 199
tot_msg_sent: 392
tot_reconf_duration: 18.700000000000003
tot_sleeping_duration: 312797.61975999677
tot_uptimes: 82
tot_uptimes_duration: 4860.018240003206
