comms_cons: 478.84138244626087
finished_reconf: true
global_termination_time: 4903048.008
local_termination_time: 2122640.9028399996
node_cons: 100847.59684893345
tot_aggregated_send: 68092
tot_msg_rcv: 1425
tot_msg_sent: 3265
tot_reconf_duration: 15.34
tot_sleeping_duration: 4827747.959360018
tot_uptimes: 1256
tot_uptimes_duration: 75300.04863998247
