comms_cons: 485.81925767697504
finished_reconf: true
global_termination_time: 4901710.21
local_termination_time: 3153738.20436
node_cons: 100844.63370669924
tot_aggregated_send: 67802
tot_msg_rcv: 2038
tot_msg_sent: 4001
tot_reconf_duration: 13.17
tot_sleeping_duration: 4826410.173520014
tot_uptimes: 1256
tot_uptimes_duration: 75300.03647998674
