comms_cons: 488.826035268507
finished_reconf: true
global_termination_time: 4904065.383
local_termination_time: 1769497.7954799999
node_cons: 100830.93962781661
tot_aggregated_send: 68150
tot_msg_rcv: 2076
tot_msg_sent: 4071
tot_reconf_duration: 3.08
tot_sleeping_duration: 4828765.340440016
tot_uptimes: 1256
tot_uptimes_duration: 75300.0425599846
