comms_cons: 487.09372167079664
finished_reconf: true
global_termination_time: 4903123.212
local_termination_time: 1703808.883999998
node_cons: 100838.6000606969
tot_aggregated_send: 68556
tot_msg_rcv: 1825
tot_msg_sent: 3654
tot_reconf_duration: 8.09
tot_sleeping_duration: 4827822.529520015
tot_uptimes: 1256
tot_uptimes_duration: 75300.68247998483
