comms_cons: 490.42253447046306
finished_reconf: true
global_termination_time: 4902306.246
local_termination_time: 586304.3653599999
node_cons: 100839.54120669942
tot_aggregated_send: 68788
tot_msg_rcv: 2032
tot_msg_sent: 3721
tot_reconf_duration: 9.42
tot_sleeping_duration: 4827006.209520014
tot_uptimes: 1256
tot_uptimes_duration: 75300.03647998674
