comms_cons: 489.93701767891207
finished_reconf: true
global_termination_time: 4902172.721
local_termination_time: 1013527.361
node_cons: 100841.25279212728
tot_aggregated_send: 67682
tot_msg_rcv: 2365
tot_msg_sent: 4420
tot_reconf_duration: 7.819999999999999
tot_sleeping_duration: 4826869.783560023
tot_uptimes: 1256
tot_uptimes_duration: 75302.93743997766
