comms_cons: 488.4757824808514
finished_reconf: true
global_termination_time: 4901390.366
local_termination_time: 1717740.2953199996
node_cons: 100835.21188893361
tot_aggregated_send: 68208
tot_msg_rcv: 2026
tot_msg_sent: 4010
tot_reconf_duration: 6.22
tot_sleeping_duration: 4826090.317360018
tot_uptimes: 1256
tot_uptimes_duration: 75300.04863998247
