comms_cons: 488.2155072748751
finished_reconf: true
global_termination_time: 4903633.781
local_termination_time: 1962751.3811999997
node_cons: 100842.11596781688
tot_aggregated_send: 68672
tot_msg_rcv: 1819
tot_msg_sent: 3715
tot_reconf_duration: 11.31
tot_sleeping_duration: 4828333.738440015
tot_uptimes: 1256
tot_uptimes_duration: 75300.04255998484
