comms_cons: 67.9822208051257
finished_reconf: true
global_termination_time: 301840.84228000033
local_termination_time: 301840.8011600003
node_cons: 6272.566758575402
tot_aggregated_send: 0
tot_msg_rcv: 5792
tot_msg_sent: 4542
tot_reconf_duration: 37.410000000000004
tot_sleeping_duration: 297194.26723998884
tot_uptimes: 78
tot_uptimes_duration: 4646.575040011492
