comms_cons: 29.715430399822566
finished_reconf: true
global_termination_time: 303590.173
local_termination_time: 21281.036360000002
node_cons: 6216.938700000003
tot_aggregated_send: 4234
tot_msg_rcv: 70
tot_msg_sent: 213
tot_reconf_duration: 22.65
tot_sleeping_duration: 298970.173
tot_uptimes: 78
tot_uptimes_duration: 4619.999999999996
