comms_cons: 351.0113152234949
finished_reconf: true
global_termination_time: 3524866.007
local_termination_time: 192118.05536000006
node_cons: 72497.5201111768
tot_aggregated_send: 49184
tot_msg_rcv: 1448
tot_msg_sent: 2719
tot_reconf_duration: 22.65
tot_sleeping_duration: 3470745.9462000164
tot_uptimes: 903
tot_uptimes_duration: 54120.06079998391
