comms_cons: 347.29685761105685
finished_reconf: true
global_termination_time: 3522893.676
local_termination_time: 1304600.0996799995
node_cons: 72477.34026558259
tot_aggregated_send: 48836
tot_msg_rcv: 1234
tot_msg_sent: 2717
tot_reconf_duration: 7.819999999999999
tot_sleeping_duration: 3468773.645600012
tot_uptimes: 903
tot_uptimes_duration: 54120.03039998817
