comms_cons: 347.2897471958704
finished_reconf: true
global_termination_time: 3527119.072
local_termination_time: 1364957.2393599998
node_cons: 72555.48304223195
tot_aggregated_send: 48720
tot_msg_rcv: 1394
tot_msg_sent: 2672
tot_reconf_duration: 6.22
tot_sleeping_duration: 3472939.059840005
tot_uptimes: 904
tot_uptimes_duration: 54180.01215999527
