comms_cons: 199.81471998921225
finished_reconf: true
global_termination_time: 2012391.376
local_termination_time: 192118.05536000006
node_cons: 41405.89940559302
tot_aggregated_send: 27956
tot_msg_rcv: 835
tot_msg_sent: 1579
tot_reconf_duration: 22.65
tot_sleeping_duration: 1981491.345600005
tot_uptimes: 516
tot_uptimes_duration: 30900.03039999504
