comms_cons: 195.82330879260113
finished_reconf: true
global_termination_time: 2012252.921
local_termination_time: 538033.2451599983
node_cons: 41381.65640335485
tot_aggregated_send: 28478
tot_msg_rcv: 458
tot_msg_sent: 829
tot_reconf_duration: 4.8100000000000005
tot_sleeping_duration: 1981352.9027600037
tot_uptimes: 516
tot_uptimes_duration: 30900.018239996338
