comms_cons: 106.08302079579326
finished_reconf: true
global_termination_time: 1067477.9815999998
local_termination_time: 1067477.9404799999
node_cons: 21984.64300175344
tot_aggregated_send: 15240
tot_msg_rcv: 293
tot_msg_sent: 590
tot_reconf_duration: 24.59
tot_sleeping_duration: 1051084.2177600048
tot_uptimes: 274
tot_uptimes_duration: 16393.763839995067
