comms_cons: 107.81585919672206
finished_reconf: true
global_termination_time: 1077288.856
local_termination_time: 266180.03820000065
node_cons: 22118.253603359757
tot_aggregated_send: 14790
tot_msg_rcv: 618
tot_msg_sent: 981
tot_reconf_duration: 18.21
tot_sleeping_duration: 1060788.8377600003
tot_uptimes: 276
tot_uptimes_duration: 16500.018239999772
