comms_cons: 106.8235135982056
finished_reconf: true
global_termination_time: 1079918.961
local_termination_time: 507970.23620000016
node_cons: 22194.383803350513
tot_aggregated_send: 14500
tot_msg_rcv: 505
tot_msg_sent: 1232
tot_reconf_duration: 15.110000000000001
tot_sleeping_duration: 1063358.942760007
tot_uptimes: 277
tot_uptimes_duration: 16560.018239992904
