comms_cons: 146.43245438967492
finished_reconf: true
global_termination_time: 1470583.34
local_termination_time: 445381.75008000067
node_cons: 30238.639405588838
tot_aggregated_send: 19198
tot_msg_rcv: 1022
tot_msg_sent: 2037
tot_reconf_duration: 22.65
tot_sleeping_duration: 1448023.3096000084
tot_uptimes: 377
tot_uptimes_duration: 22560.030399991607
