comms_cons: 148.01849598894685
finished_reconf: true
global_termination_time: 1470325.72512
local_termination_time: 60339.61012000019
node_cons: 30236.11412639037
tot_aggregated_send: 20068
tot_msg_rcv: 722
tot_msg_sent: 1708
tot_reconf_duration: 4.8100000000000005
tot_sleeping_duration: 1447749.4875200074
tot_uptimes: 377
tot_uptimes_duration: 22576.237599992775
