comms_cons: 145.3740031967466
finished_reconf: true
global_termination_time: 1474470.938
local_termination_time: 230853.32376000084
node_cons: 30298.799560000025
tot_aggregated_send: 21286
tot_msg_rcv: 237
tot_msg_sent: 573
tot_reconf_duration: 7.819999999999999
tot_sleeping_duration: 1451850.938
tot_uptimes: 378
tot_uptimes_duration: 22620.000000000004
