comms_cons: 288.9940477929558
finished_reconf: true
global_termination_time: 1470325.8471999997
local_termination_time: 3349.7524800000006
node_cons: 30243.90958015705
tot_aggregated_send: 0
tot_msg_rcv: 22101
tot_msg_sent: 21821
tot_reconf_duration: 6.22
tot_sleeping_duration: 1447745.217760002
tot_uptimes: 377
tot_uptimes_duration: 22580.629439997763
