comms_cons: 115.94634239599
finished_reconf: true
global_termination_time: 1143824.951
local_termination_time: 768903.1234799998
node_cons: 23493.661823355193
tot_aggregated_send: 15428
tot_msg_rcv: 762
tot_msg_sent: 1433
tot_reconf_duration: 25.299999999999997
tot_sleeping_duration: 1126304.9327600035
tot_uptimes: 293
tot_uptimes_duration: 17520.018239996338
