comms_cons: 114.08395519370677
finished_reconf: true
global_termination_time: 1142950.616
local_termination_time: 268477.8724800001
node_cons: 23463.51148670565
tot_aggregated_send: 15428
tot_msg_rcv: 542
tot_msg_sent: 1371
tot_reconf_duration: 3.08
tot_sleeping_duration: 1125430.5795200106
tot_uptimes: 293
tot_uptimes_duration: 17520.03647998924
