comms_cons: 116.85018238991967
finished_reconf: true
global_termination_time: 1143470.767
local_termination_time: 724863.9843599999
node_cons: 23471.70836781784
tot_aggregated_send: 14790
tot_msg_rcv: 1045
tot_msg_sent: 1926
tot_reconf_duration: 9.11
tot_sleeping_duration: 1125950.7244400166
tot_uptimes: 293
tot_uptimes_duration: 17520.04255998344
