comms_cons: 114.96024318740801
finished_reconf: true
global_termination_time: 1145415.946
local_termination_time: 14383.616960000003
node_cons: 23570.44388249705
tot_aggregated_send: 15254
tot_msg_rcv: 621
tot_msg_sent: 1600
tot_reconf_duration: 22.65
tot_sleeping_duration: 1127835.8973200172
tot_uptimes: 294
tot_uptimes_duration: 17580.048679982836
