comms_cons: 118.34469118819544
finished_reconf: true
global_termination_time: 1146150.784
local_termination_time: 686087.4633599998
node_cons: 23565.104152294323
tot_aggregated_send: 15254
tot_msg_rcv: 998
tot_msg_sent: 1736
tot_reconf_duration: 18.700000000000003
tot_sleeping_duration: 1128570.7171200193
tot_uptimes: 294
tot_uptimes_duration: 17580.066879980848
