comms_cons: 116.72061439253841
finished_reconf: true
global_termination_time: 1145250.445
local_termination_time: 853955.6215199981
node_cons: 23554.530805588733
tot_aggregated_send: 15602
tot_msg_rcv: 751
tot_msg_sent: 1387
tot_reconf_duration: 10.95
tot_sleeping_duration: 1127670.4146000084
tot_uptimes: 294
tot_uptimes_duration: 17580.030399991607
