comms_cons: 118.99566078628244
finished_reconf: true
global_termination_time: 1145809.192
local_termination_time: 710106.0203599998
node_cons: 23555.03596781779
tot_aggregated_send: 14616
tot_msg_rcv: 1263
tot_msg_sent: 2208
tot_reconf_duration: 11.31
tot_sleeping_duration: 1128229.1494400166
tot_uptimes: 294
tot_uptimes_duration: 17580.04255998345
