comms_cons: 726.8137473262279
finished_reconf: true
global_termination_time: 7358104.122
local_termination_time: 3745768.1380000003
node_cons: 151378.5018478148
tot_aggregated_send: 102995
tot_msg_rcv: 2533
tot_msg_sent: 4943
tot_reconf_duration: 13.17
tot_sleeping_duration: 7245064.079440015
tot_uptimes: 1885
tot_uptimes_duration: 113040.04255998507
