comms_cons: 719.9213249039907
finished_reconf: true
global_termination_time: 7357403.381
local_termination_time: 4257440.06636
node_cons: 151381.10380334553
tot_aggregated_send: 102660
tot_msg_rcv: 2268
tot_msg_sent: 4495
tot_reconf_duration: 15.110000000000001
tot_sleeping_duration: 7244363.362760006
tot_uptimes: 1885
tot_uptimes_duration: 113040.0182399936
