comms_cons: 736.7713665880058
finished_reconf: true
global_termination_time: 7358646.912
local_termination_time: 332212.3773200002
node_cons: 151391.40825228227
tot_aggregated_send: 102022
tot_msg_rcv: 3181
tot_msg_sent: 6781
tot_reconf_duration: 22.65
tot_sleeping_duration: 7245606.845120024
tot_uptimes: 1885
tot_uptimes_duration: 113040.06687997561
