comms_cons: 738.3278401742666
finished_reconf: true
global_termination_time: 7357260.874
local_termination_time: 674313.3477999985
node_cons: 151367.16525004833
tot_aggregated_send: 102660
tot_msg_rcv: 3168
tot_msg_sent: 6393
tot_reconf_duration: 4.8100000000000005
tot_sleeping_duration: 7244220.819280019
tot_uptimes: 1885
tot_uptimes_duration: 113040.05471998011
