comms_cons: 84.25511679587143
finished_reconf: true
global_termination_time: 833929.3212400001
local_termination_time: 328286.5533600001
node_cons: 17157.57771384123
tot_aggregated_send: 11194
tot_msg_rcv: 477
tot_msg_sent: 1135
tot_reconf_duration: 18.21
tot_sleeping_duration: 821134.0646799993
tot_uptimes: 214
tot_uptimes_duration: 12795.256560000882
