comms_cons: 87.64808959485326
finished_reconf: true
global_termination_time: 837661.143
local_termination_time: 1211.4994800000004
node_cons: 17223.559405593383
tot_aggregated_send: 10788
tot_msg_rcv: 919
tot_msg_sent: 1614
tot_reconf_duration: 22.65
tot_sleeping_duration: 824821.112600005
tot_uptimes: 215
tot_uptimes_duration: 12840.030399995041
