comms_cons: 1656.5606355981724
finished_reconf: true
global_termination_time: 3423040.6735199993
local_termination_time: 3423040.632399999
node_cons: 208152.16440345134
tot_aggregated_send: 0
tot_msg_rcv: 101630
tot_msg_sent: 150158
tot_reconf_duration: 37.410000000000004
tot_sleeping_duration: 3267625.168200015
tot_uptimes: 2546
tot_uptimes_duration: 155415.50531998416
