comms_cons: 334.57465598816833
finished_reconf: true
global_termination_time: 3426726.047
local_termination_time: 2245753.6686
node_cons: 70479.02800223189
tot_aggregated_send: 46922
tot_msg_rcv: 1318
tot_msg_sent: 2613
tot_reconf_duration: 15.34
tot_sleeping_duration: 3374106.0348400045
tot_uptimes: 878
tot_uptimes_duration: 52620.01215999527
