comms_cons: 337.5754175985653
finished_reconf: true
global_termination_time: 3425277.833
local_termination_time: 2344840.134959999
node_cons: 70466.72452223243
tot_aggregated_send: 47966
tot_msg_rcv: 1214
tot_msg_sent: 2128
tot_reconf_duration: 6.279999999999999
tot_sleeping_duration: 3372657.820840005
tot_uptimes: 878
tot_uptimes_duration: 52620.01215999527
