comms_cons: 344.09255683510906
finished_reconf: true
global_termination_time: 3423960.314
local_termination_time: 608011.2503599998
node_cons: 70403.27530558346
tot_aggregated_send: 47676
tot_msg_rcv: 1499
tot_msg_sent: 3123
tot_reconf_duration: 18.700000000000003
tot_sleeping_duration: 3371400.283600011
tot_uptimes: 877
tot_uptimes_duration: 52560.03039998887
