comms_cons: 334.55656958542113
finished_reconf: true
global_termination_time: 3423631.518
local_termination_time: 2234517.5257200003
node_cons: 70385.23836334946
tot_aggregated_send: 46574
tot_msg_rcv: 1423
tot_msg_sent: 2853
tot_reconf_duration: 5.43
tot_sleeping_duration: 3371071.499760007
tot_uptimes: 877
tot_uptimes_duration: 52560.01823999314
