comms_cons: 203.59992318297185
finished_reconf: true
global_termination_time: 2037542.878
local_termination_time: 831902.612
node_cons: 41882.38978319347
tot_aggregated_send: 28188
tot_msg_rcv: 1008
tot_msg_sent: 1750
tot_reconf_duration: 18.21
tot_sleeping_duration: 2006282.4892000046
tot_uptimes: 522
tot_uptimes_duration: 31260.388799995417
