comms_cons: 69.25146879998131
finished_reconf: true
global_termination_time: 651280.1255999987
local_termination_time: 651280.0844799988
node_cons: 13442.308887206096
tot_aggregated_send: 7804
tot_msg_rcv: 869
tot_msg_sent: 1851
tot_reconf_duration: 37.410000000000004
tot_sleeping_duration: 641279.0007999942
tot_uptimes: 167
tot_uptimes_duration: 10001.12480000453
