comms_cons: 69.49013759653457
finished_reconf: true
global_termination_time: 655556.3
local_termination_time: 275313.2247200005
node_cons: 13434.713706714785
tot_aggregated_send: 8294
tot_msg_rcv: 877
tot_msg_sent: 1392
tot_reconf_duration: 13.17
tot_sleeping_duration: 645536.2635200039
tot_uptimes: 168
tot_uptimes_duration: 10020.03647999611
