comms_cons: 66.4696575994388
finished_reconf: true
global_termination_time: 653142.408
local_termination_time: 76592.41207999963
node_cons: 13429.183944481143
tot_aggregated_send: 8990
tot_msg_rcv: 417
tot_msg_sent: 696
tot_reconf_duration: 9.11
tot_sleeping_duration: 643122.3836799993
tot_uptimes: 168
tot_uptimes_duration: 10020.02432000084
