comms_cons: 66.35781119782122
finished_reconf: true
global_termination_time: 654214.768
local_termination_time: 275332.55136000004
node_cons: 13429.59678335969
tot_aggregated_send: 8932
tot_msg_rcv: 406
tot_msg_sent: 748
tot_reconf_duration: 9.42
tot_sleeping_duration: 644194.7497600003
tot_uptimes: 168
tot_uptimes_duration: 10020.018239999772
