comms_cons: 66.76369919792032
finished_reconf: true
global_termination_time: 655011.104
local_termination_time: 445370.1883600001
node_cons: 13433.96105155887
tot_aggregated_send: 8758
tot_msg_rcv: 470
tot_msg_sent: 920
tot_reconf_duration: 12.629999999999999
tot_sleeping_duration: 644991.0819600009
tot_uptimes: 168
tot_uptimes_duration: 10020.022039999138
