comms_cons: 194.27532798481622
finished_reconf: true
global_termination_time: 1939352.49
local_termination_time: 997491.2880000001
node_cons: 39883.01368223347
tot_aggregated_send: 27065
tot_msg_rcv: 780
tot_msg_sent: 1682
tot_reconf_duration: 25.299999999999997
tot_sleeping_duration: 1909592.4778400047
tot_uptimes: 497
tot_uptimes_duration: 29760.01215999527
