comms_cons: 67.64761599966636
finished_reconf: true
global_termination_time: 669090.313
local_termination_time: 181883.47636000052
node_cons: 13746.708945607172
tot_aggregated_send: 9048
tot_msg_rcv: 362
tot_msg_sent: 872
tot_reconf_duration: 6.279999999999999
tot_sleeping_duration: 658830.2825999947
tot_uptimes: 172
tot_uptimes_duration: 10260.030400005344
