comms_cons: 133.84122878112524
finished_reconf: true
global_termination_time: 669736.307
local_termination_time: 3328.92036
node_cons: 13745.114646728603
tot_aggregated_send: 0
tot_msg_rcv: 10413
tot_msg_sent: 9931
tot_reconf_duration: 5.1
tot_sleeping_duration: 659476.2705199936
tot_uptimes: 172
tot_uptimes_duration: 10260.036480006413
