comms_cons: 67.82648960050871
finished_reconf: true
global_termination_time: 670054.383
local_termination_time: 97253.45759999994
node_cons: 13772.529964485726
tot_aggregated_send: 8584
tot_msg_rcv: 582
tot_msg_sent: 1144
tot_reconf_duration: 25.299999999999997
tot_sleeping_duration: 659794.3586799958
tot_uptimes: 172
tot_uptimes_duration: 10260.024320004275
