comms_cons: 67.37821439780967
finished_reconf: true
global_termination_time: 669622.753
local_termination_time: 276107.69236000004
node_cons: 13756.065565602552
tot_aggregated_send: 9164
tot_msg_rcv: 330
tot_msg_sent: 747
tot_reconf_duration: 13.17
tot_sleeping_duration: 659362.7225999981
tot_uptimes: 172
tot_uptimes_duration: 10260.03040000191
