comms_cons: 133.44665598229258
finished_reconf: true
global_termination_time: 669040.9525999998
local_termination_time: 1149.6194800000003
node_cons: 13769.71179176417
tot_aggregated_send: 0
tot_msg_rcv: 10350
tot_msg_sent: 9928
tot_reconf_duration: 8.09
tot_sleeping_duration: 658765.5787599968
tot_uptimes: 172
tot_uptimes_duration: 10275.3738400031
