comms_cons: 67.4899519987372
finished_reconf: true
global_termination_time: 669353.501
local_termination_time: 311043.1866800007
node_cons: 13763.550882242816
tot_aggregated_send: 9106
tot_msg_rcv: 352
tot_msg_sent: 800
tot_reconf_duration: 18.700000000000003
tot_sleeping_duration: 659093.4888399979
tot_uptimes: 172
tot_uptimes_duration: 10260.012160002138
