comms_cons: 69.33818879874329
finished_reconf: true
global_termination_time: 675077.175
local_termination_time: 104943.48835999997
node_cons: 13824.490466724004
tot_aggregated_send: 8990
tot_msg_rcv: 559
tot_msg_sent: 990
tot_reconf_duration: 4.390000000000001
tot_sleeping_duration: 664757.138519997
tot_uptimes: 173
tot_uptimes_duration: 10320.036480002978
