comms_cons: 67.93024000000506
finished_reconf: true
global_termination_time: 669406.09
local_termination_time: 121187.20235999995
node_cons: 13742.290041121434
tot_aggregated_send: 9338
tot_msg_rcv: 406
tot_msg_sent: 581
tot_reconf_duration: 3.05
tot_sleeping_duration: 659146.083919999
tot_uptimes: 172
tot_uptimes_duration: 10260.006080001069
