comms_cons: 69.13548799671425
finished_reconf: true
global_termination_time: 673619.554
local_termination_time: 46384.722760000084
node_cons: 13829.140265597976
tot_aggregated_send: 8874
tot_msg_rcv: 533
tot_msg_sent: 1102
tot_reconf_duration: 7.819999999999999
tot_sleeping_duration: 663299.5236000015
tot_uptimes: 173
tot_uptimes_duration: 10320.030399998475
