comms_cons: 133.82935678127035
finished_reconf: true
global_termination_time: 669825.526
local_termination_time: 1909.33336
node_cons: 13753.53968560575
tot_aggregated_send: 0
tot_msg_rcv: 10413
tot_msg_sent: 9923
tot_reconf_duration: 11.31
tot_sleeping_duration: 659565.4955999957
tot_uptimes: 172
tot_uptimes_duration: 10260.030400004282
