comms_cons: 97.20012799612046
finished_reconf: true
global_termination_time: 967238.928
local_termination_time: 186294.39008000013
node_cons: 19854.61584224286
tot_aggregated_send: 13398
tot_msg_rcv: 490
tot_msg_sent: 885
tot_reconf_duration: 7.819999999999999
tot_sleeping_duration: 952418.9158399978
tot_uptimes: 248
tot_uptimes_duration: 14820.012160002138
