comms_cons: 243.83173119659597
finished_reconf: true
global_termination_time: 2497984.353
local_termination_time: 1309869.4593199997
node_cons: 51371.617399999304
tot_aggregated_send: 36192
tot_msg_rcv: 310
tot_msg_sent: 559
tot_reconf_duration: 25.299999999999997
tot_sleeping_duration: 2459644.353
tot_uptimes: 640
tot_uptimes_duration: 38340.0
