comms_cons: 247.86915839691852
finished_reconf: true
global_termination_time: 2498578.929
local_termination_time: 212040.32136000003
node_cons: 51341.44263999923
tot_aggregated_send: 35902
tot_msg_rcv: 614
tot_msg_sent: 1158
tot_reconf_duration: 3.08
tot_sleeping_duration: 2460238.929
tot_uptimes: 640
tot_uptimes_duration: 38340.0
