comms_cons: 124.21529598974718
finished_reconf: true
global_termination_time: 1223406.869
local_termination_time: 61847.40748000001
node_cons: 25177.23568784085
tot_aggregated_send: 16588
tot_msg_rcv: 735
tot_msg_sent: 1557
tot_reconf_duration: 22.65
tot_sleeping_duration: 1204626.8264399993
tot_uptimes: 314
tot_uptimes_duration: 18780.042560000613
