comms_cons: 120.12303359750196
finished_reconf: true
global_termination_time: 1224179.418
local_termination_time: 1055565.6403599998
node_cons: 25154.866759999997
tot_aggregated_send: 17574
tot_msg_rcv: 213
tot_msg_sent: 471
tot_reconf_duration: 6.22
tot_sleeping_duration: 1205399.418
tot_uptimes: 314
tot_uptimes_duration: 18780.0
