comms_cons: 24.176569600278498
finished_reconf: true
global_termination_time: 238875.94948000007
local_termination_time: 238875.90836000006
node_cons: 4952.491659839266
tot_aggregated_send: 3234
tot_msg_rcv: 142
tot_msg_sent: 297
tot_reconf_duration: 24.59
tot_sleeping_duration: 235202.23892000064
tot_uptimes: 62
tot_uptimes_duration: 3673.7105599994393
