comms_cons: 92.09626881270377
finished_reconf: true
global_termination_time: 466709.829
local_termination_time: 163336.68660000007
node_cons: 9591.226841121435
tot_aggregated_send: 0
tot_msg_rcv: 7109
tot_msg_sent: 6890
tot_reconf_duration: 22.65
tot_sleeping_duration: 459569.82291999896
tot_uptimes: 120
tot_uptimes_duration: 7140.006080001069
