comms_cons: 130.99690878539997
finished_reconf: true
global_termination_time: 1278381.03748
local_termination_time: 77674.47435999998
node_cons: 26315.10358430412
tot_aggregated_send: 17110
tot_msg_rcv: 949
tot_msg_sent: 1850
tot_reconf_duration: 18.21
tot_sleeping_duration: 1258746.7026000118
tot_uptimes: 328
tot_uptimes_duration: 19634.334879988106
