comms_cons: 199.86951670463432
finished_reconf: true
global_termination_time: 1280361.603
local_termination_time: 667105.0943599999
node_cons: 26279.76522783629
tot_aggregated_send: 0
tot_msg_rcv: 15578
tot_msg_sent: 14801
tot_reconf_duration: 6.279999999999999
tot_sleeping_duration: 1260741.5604400027
tot_uptimes: 328
tot_uptimes_duration: 19620.042559997175
