comms_cons: 130.16149759322852
finished_reconf: true
global_termination_time: 1279549.388
local_termination_time: 768516.8774799998
node_cons: 26288.404810065254
tot_aggregated_send: 17284
tot_msg_rcv: 876
tot_msg_sent: 1624
tot_reconf_duration: 12.629999999999999
tot_sleeping_duration: 1259929.333280011
tot_uptimes: 328
tot_uptimes_duration: 19620.054719988955
