comms_cons: 1996.4446851213079
finished_reconf: true
global_termination_time: 10139058.678599998
local_termination_time: 2507.14448
node_cons: 208607.9954573254
tot_aggregated_send: 0
tot_msg_rcv: 152869
tot_msg_sent: 150571
tot_reconf_duration: 18.21
tot_sleeping_duration: 9983283.274360018
tot_uptimes: 2597
tot_uptimes_duration: 155775.4042399798
