comms_cons: 1011.7236867045967
finished_reconf: true
global_termination_time: 10143293.811
local_termination_time: 2932305.422639998
node_cons: 208663.00608165294
tot_aggregated_send: 140998
tot_msg_rcv: 4483
tot_msg_sent: 8296
tot_reconf_duration: 13.17
tot_sleeping_duration: 9987472.211880015
tot_uptimes: 2598
tot_uptimes_duration: 155821.59911998553
