comms_cons: 1002.2854082393869
finished_reconf: true
global_termination_time: 10141309.517
local_termination_time: 3009995.86548
node_cons: 208647.2033455776
tot_aggregated_send: 140708
tot_msg_rcv: 3794
tot_msg_sent: 7839
tot_reconf_duration: 3.08
tot_sleeping_duration: 9985489.486600012
tot_uptimes: 2598
tot_uptimes_duration: 155820.03039998887
