comms_cons: 999.7332098062229
finished_reconf: true
global_termination_time: 10144217.956
local_termination_time: 3173092.19436
node_cons: 208655.80492446152
tot_aggregated_send: 141752
tot_msg_rcv: 3184
tot_msg_sent: 7017
tot_reconf_duration: 9.42
tot_sleeping_duration: 9988397.931680009
tot_uptimes: 2598
tot_uptimes_duration: 155820.02431999147
