comms_cons: 1012.5368962826212
finished_reconf: true
global_termination_time: 10139509.852
local_termination_time: 1492178.2089199985
node_cons: 208578.05596781187
tot_aggregated_send: 141404
tot_msg_rcv: 4331
tot_msg_sent: 8165
tot_reconf_duration: 11.31
tot_sleeping_duration: 9983749.809440015
tot_uptimes: 2597
tot_uptimes_duration: 155760.0425599846
