comms_cons: 105.0668095824122
finished_reconf: true
global_termination_time: 854709.192
local_termination_time: 29794.383520000003
node_cons: 17619.482260314064
tot_aggregated_send: 7772
tot_msg_rcv: 3302
tot_msg_sent: 4896
tot_reconf_duration: 18.21
tot_sleeping_duration: 841568.9731200044
tot_uptimes: 219
tot_uptimes_duration: 13140.218879995562
