comms_cons: 84.72035839811006
finished_reconf: true
global_termination_time: 855916.955
local_termination_time: 568023.6074799999
node_cons: 17625.218700000056
tot_aggregated_send: 12412
tot_msg_rcv: 196
tot_msg_sent: 269
tot_reconf_duration: 22.65
tot_sleeping_duration: 842776.955
tot_uptimes: 220
tot_uptimes_duration: 13140.0
