comms_cons: 84.79930879758244
finished_reconf: true
global_termination_time: 855686.829
local_termination_time: 407677.43836000003
node_cons: 17600.991980000024
tot_aggregated_send: 12412
tot_msg_rcv: 191
tot_msg_sent: 286
tot_reconf_duration: 4.8100000000000005
tot_sleeping_duration: 842546.829
tot_uptimes: 220
tot_uptimes_duration: 13140.0
