comms_cons: 110.46379519361452
finished_reconf: true
global_termination_time: 1100440.106
local_termination_time: 359658.51772000006
node_cons: 22584.01118335969
tot_aggregated_send: 14964
tot_msg_rcv: 682
tot_msg_sent: 1143
tot_reconf_duration: 6.22
tot_sleeping_duration: 1083580.08776
tot_uptimes: 282
tot_uptimes_duration: 16860.018239999772
