comms_cons: 133.6200831900826
finished_reconf: true
global_termination_time: 1321303.321
local_termination_time: 6791.113
node_cons: 27161.842994532697
tot_aggregated_send: 17743
tot_msg_rcv: 875
tot_msg_sent: 1691
tot_reconf_duration: 5.02
tot_sleeping_duration: 1301023.2419600205
tot_uptimes: 339
tot_uptimes_duration: 20280.07903997958
