comms_cons: 135.92567038578886
finished_reconf: true
global_termination_time: 1322423.551
local_termination_time: 4107.468
node_cons: 27160.446922371193
tot_aggregated_send: 17395
tot_msg_rcv: 1039
tot_msg_sent: 2226
tot_reconf_duration: 3.95
tot_sleeping_duration: 1302143.4294000214
tot_uptimes: 339
tot_uptimes_duration: 20280.12159997846
