comms_cons: 132.54982398690132
finished_reconf: true
global_termination_time: 1322689.987
local_termination_time: 4814.673000000001
node_cons: 27162.89139118676
tot_aggregated_send: 17162
tot_msg_rcv: 1062
tot_msg_sent: 1921
tot_reconf_duration: 5.8100000000000005
tot_sleeping_duration: 1302409.9262000099
tot_uptimes: 339
tot_uptimes_duration: 20280.060799990082
