comms_cons: 127.51708158699157
finished_reconf: true
global_termination_time: 1321771.139
local_termination_time: 4542.557
node_cons: 27164.89309005613
tot_aggregated_send: 17392
tot_msg_rcv: 688
tot_msg_sent: 1302
tot_reconf_duration: 7.29
tot_sleeping_duration: 1301491.0842800178
tot_uptimes: 339
tot_uptimes_duration: 20280.054719982145
