comms_cons: 114.8714367884069
finished_reconf: true
global_termination_time: 1130808.788
local_termination_time: 551664.6973599999
node_cons: 23235.460386701037
tot_aggregated_send: 15138
tot_msg_rcv: 770
tot_msg_sent: 1552
tot_reconf_duration: 12.629999999999999
tot_sleeping_duration: 1113468.7515200141
tot_uptimes: 290
tot_uptimes_duration: 17340.036479985807
