comms_cons: 70.97515519939455
finished_reconf: true
global_termination_time: 704343.038
local_termination_time: 451329.808
node_cons: 14485.945462238311
tot_aggregated_send: 9726
tot_msg_rcv: 361
tot_msg_sent: 701
tot_reconf_duration: 18.21
tot_sleeping_duration: 693543.0258400012
tot_uptimes: 181
tot_uptimes_duration: 10800.012159998703
