comms_cons: 72.63499519807489
finished_reconf: true
global_termination_time: 704739.897
local_termination_time: 183794.44636000006
node_cons: 14473.636508962289
tot_aggregated_send: 9338
tot_msg_rcv: 600
tot_msg_sent: 1102
tot_reconf_duration: 9.11
tot_sleeping_duration: 693939.8483599983
tot_uptimes: 181
tot_uptimes_duration: 10800.048640001682
