comms_cons: 71.62179839609642
finished_reconf: true
global_termination_time: 706093.493
local_termination_time: 408669.74236000003
node_cons: 14467.748262238281
tot_aggregated_send: 9570
tot_msg_rcv: 447
tot_msg_sent: 870
tot_reconf_duration: 4.8100000000000005
tot_sleeping_duration: 695293.4808400013
tot_uptimes: 181
tot_uptimes_duration: 10800.012159998703
