comms_cons: 71.27905279507259
finished_reconf: true
global_termination_time: 703050.715
local_termination_time: 378250.44736
node_cons: 14467.177902233625
tot_aggregated_send: 9570
tot_msg_rcv: 396
tot_msg_sent: 868
tot_reconf_duration: 4.390000000000001
tot_sleeping_duration: 692250.7028400047
tot_uptimes: 181
tot_uptimes_duration: 10800.012159995269
