comms_cons: 72.21358079904111
finished_reconf: true
global_termination_time: 704821.018
local_termination_time: 428672.85148000007
node_cons: 14471.835842238292
tot_aggregated_send: 9570
tot_msg_rcv: 538
tot_msg_sent: 869
tot_reconf_duration: 7.819999999999999
tot_sleeping_duration: 694021.0058400013
tot_uptimes: 181
tot_uptimes_duration: 10800.012159998703
