comms_cons: 44.01547520046543
finished_reconf: true
global_termination_time: 443698.6
local_termination_time: 178529.22708000062
node_cons: 9082.570041121426
tot_aggregated_send: 6148
tot_msg_rcv: 193
tot_msg_sent: 349
tot_reconf_duration: 3.05
tot_sleeping_duration: 436918.5939199989
tot_uptimes: 114
tot_uptimes_duration: 6780.006080001069
