comms_cons: 43.13981440026576
finished_reconf: true
global_termination_time: 440489.208
local_termination_time: 268013.5365200004
node_cons: 9008.699560000021
tot_aggregated_send: 6264
tot_msg_rcv: 124
tot_msg_sent: 169
tot_reconf_duration: 7.819999999999999
tot_sleeping_duration: 433769.208
tot_uptimes: 113
tot_uptimes_duration: 6720.0
