comms_cons: 264.9886079885612
finished_reconf: true
global_termination_time: 2700581.198
local_termination_time: 1410531.2113599998
node_cons: 55522.50405999915
tot_aggregated_send: 38396
tot_msg_rcv: 655
tot_msg_sent: 1225
tot_reconf_duration: 5.57
tot_sleeping_duration: 2659121.198
tot_uptimes: 692
tot_uptimes_duration: 41460.0
