comms_cons: 145.0005887936016
finished_reconf: true
global_termination_time: 1453333.0
local_termination_time: 543708.551879999
node_cons: 29907.02380335512
tot_aggregated_send: 19778
tot_msg_rcv: 792
tot_msg_sent: 1469
tot_reconf_duration: 15.110000000000001
tot_sleeping_duration: 1431012.9817600036
tot_uptimes: 373
tot_uptimes_duration: 22320.018239996338
