comms_cons: 145.57200639084567
finished_reconf: true
global_termination_time: 1455285.383
local_termination_time: 473787.34608000016
node_cons: 29901.37452335516
tot_aggregated_send: 19488
tot_msg_rcv: 960
tot_msg_sent: 1679
tot_reconf_duration: 10.95
tot_sleeping_duration: 1432965.3647600038
tot_uptimes: 373
tot_uptimes_duration: 22320.018239996338
