comms_cons: 149.99187838454705
finished_reconf: true
global_termination_time: 1451822.396
local_termination_time: 352445.08296000015
node_cons: 29812.680121121477
tot_aggregated_send: 19024
tot_msg_rcv: 1278
tot_msg_sent: 2497
tot_reconf_duration: 4.8100000000000005
tot_sleeping_duration: 1429562.3899199988
tot_uptimes: 372
tot_uptimes_duration: 22260.00608000107
