comms_cons: 146.11087359159396
finished_reconf: true
global_termination_time: 1452245.254
local_termination_time: 488503.86536
node_cons: 29812.11790223365
tot_aggregated_send: 20242
tot_msg_rcv: 692
tot_msg_sent: 1274
tot_reconf_duration: 4.390000000000001
tot_sleeping_duration: 1429985.2418400047
tot_uptimes: 372
tot_uptimes_duration: 22260.01215999527
