comms_cons: 147.17733118529645
finished_reconf: true
global_termination_time: 1454791.529
local_termination_time: 209458.99460000053
node_cons: 29897.189112321958
tot_aggregated_send: 18560
tot_msg_rcv: 1198
tot_msg_sent: 2613
tot_reconf_duration: 7.819999999999999
tot_sleeping_duration: 1432471.4621199986
tot_uptimes: 373
tot_uptimes_duration: 22320.066880001454
