comms_cons: 101.38547199857507
finished_reconf: true
global_termination_time: 1029897.172
local_termination_time: 185932.84436000008
node_cons: 21147.313001121478
tot_aggregated_send: 14848
tot_msg_rcv: 173
tot_msg_sent: 389
tot_reconf_duration: 13.17
tot_sleeping_duration: 1014117.1659199989
tot_uptimes: 264
tot_uptimes_duration: 15780.006080001069
