comms_cons: 55.59915520077317
finished_reconf: true
global_termination_time: 545087.207
local_termination_time: 52343.036200000126
node_cons: 11185.153001121444
tot_aggregated_send: 7366
tot_msg_rcv: 396
tot_msg_sent: 688
tot_reconf_duration: 13.17
tot_sleeping_duration: 536747.2009199989
tot_uptimes: 140
tot_uptimes_duration: 8340.006080001069
