comms_cons: 56.27813120024192
finished_reconf: true
global_termination_time: 547871.866
local_termination_time: 261188.78172000055
node_cons: 11262.967121121443
tot_aggregated_send: 7308
tot_msg_rcv: 439
tot_msg_sent: 807
tot_reconf_duration: 11.31
tot_sleeping_duration: 539471.859919999
tot_uptimes: 141
tot_uptimes_duration: 8400.006080001069
