comms_cons: 56.5883264015392
finished_reconf: true
global_termination_time: 544219.505
local_termination_time: 24649.28908000001
node_cons: 11188.156848969182
tot_aggregated_send: 6902
tot_msg_rcv: 581
tot_msg_sent: 1118
tot_reconf_duration: 15.34
tot_sleeping_duration: 535879.4563599931
tot_uptimes: 140
tot_uptimes_duration: 8340.048640006848
