comms_cons: 2.289561599996582
finished_reconf: true
global_termination_time: 15062.661
local_termination_time: 1183.3734800000004
node_cons: 246.98162000000016
tot_aggregated_send: 0
tot_msg_rcv: 177
tot_msg_sent: 170
tot_reconf_duration: 4.390000000000001
tot_sleeping_duration: 14882.661
tot_uptimes: 4
tot_uptimes_duration: 180.0
