comms_cons: 46.68751359989343
finished_reconf: true
global_termination_time: 11387.951240000002
local_termination_time: 261.42647999999997
node_cons: 5031.894881720025
tot_aggregated_send: 0
tot_msg_rcv: 3620
tot_msg_sent: 3475
tot_reconf_duration: 18.21
tot_sleeping_duration: 7648.4697599999845
tot_uptimes: 52
tot_uptimes_duration: 3739.4814800000177
