comms_cons: 2.2106111999947884
finished_reconf: true
global_termination_time: 13119.335
local_termination_time: 5658.295680000006
node_cons: 261.5393800000008
tot_aggregated_send: 0
tot_msg_rcv: 175
tot_msg_sent: 160
tot_reconf_duration: 15.110000000000001
tot_sleeping_duration: 12939.335
tot_uptimes: 4
tot_uptimes_duration: 180.0
