comms_cons: 96.06579839686687
finished_reconf: true
global_termination_time: 953800.9402799984
local_termination_time: 52623.223640000084
node_cons: 19690.399918156076
tot_aggregated_send: 13108
tot_msg_rcv: 407
tot_msg_sent: 1085
tot_reconf_duration: 7.819999999999999
tot_sleeping_duration: 939103.5688400012
tot_uptimes: 245
tot_uptimes_duration: 14697.371439997049
