comms_cons: 96.04378879504556
finished_reconf: true
global_termination_time: 956090.076
local_termination_time: 172682.66136000006
node_cons: 19611.431183355126
tot_aggregated_send: 12992
tot_msg_rcv: 447
tot_msg_sent: 1160
tot_reconf_duration: 6.22
tot_sleeping_duration: 941450.0577600036
tot_uptimes: 245
tot_uptimes_duration: 14640.018239996338
