comms_cons: 51.179596801725644
finished_reconf: true
global_termination_time: 491484.512
local_termination_time: 61004.10184000011
node_cons: 10073.291264485728
tot_aggregated_send: 6264
tot_msg_rcv: 544
tot_msg_sent: 971
tot_reconf_duration: 22.65
tot_sleeping_duration: 483984.4876799957
tot_uptimes: 126
tot_uptimes_duration: 7500.024320004275
