comms_cons: 49.61374720071143
finished_reconf: true
global_termination_time: 491671.706
local_termination_time: 90991.25987999972
node_cons: 10076.865541121428
tot_aggregated_send: 6728
tot_msg_rcv: 314
tot_msg_sent: 499
tot_reconf_duration: 25.299999999999997
tot_sleeping_duration: 484171.69991999894
tot_uptimes: 126
tot_uptimes_duration: 7500.006080001069
