comms_cons: 97.93665281404931
finished_reconf: true
global_termination_time: 490740.338
local_termination_time: 193.90947999999995
node_cons: 10053.510643362863
tot_aggregated_send: 0
tot_msg_rcv: 7628
tot_msg_sent: 7256
tot_reconf_duration: 8.09
tot_sleeping_duration: 483240.3197599979
tot_uptimes: 126
tot_uptimes_duration: 7500.0182400021295
