comms_cons: 13.17813759991752
finished_reconf: true
global_termination_time: 110371.461
local_termination_time: 56859.40136000001
node_cons: 2257.9911833597353
tot_aggregated_send: 1044
tot_msg_rcv: 380
tot_msg_sent: 579
tot_reconf_duration: 6.22
tot_sleeping_duration: 108691.4427600002
tot_uptimes: 29
tot_uptimes_duration: 1680.0182399998012
