comms_cons: 88.46357761166186
finished_reconf: true
global_termination_time: 611772.575
local_termination_time: 386857.4613600001
node_cons: 12539.580121121444
tot_aggregated_send: 0
tot_msg_rcv: 6774
tot_msg_sent: 6672
tot_reconf_duration: 4.8100000000000005
tot_sleeping_duration: 602412.568919999
tot_uptimes: 157
tot_uptimes_duration: 9360.006080001069
