comms_cons: 415.1422400332152
finished_reconf: true
global_termination_time: 4201126.378
local_termination_time: 2255750.068879999
node_cons: 86377.91208558297
tot_aggregated_send: 58812
tot_msg_rcv: 1383
tot_msg_sent: 2905
tot_reconf_duration: 9.11
tot_sleeping_duration: 4136626.3476000107
tot_uptimes: 1076
tot_uptimes_duration: 64500.030399989104
