comms_cons: 417.190636841384
finished_reconf: true
global_termination_time: 4203843.741
local_termination_time: 1013470.607
node_cons: 86467.05823086068
tot_aggregated_send: 59157
tot_msg_rcv: 1352
tot_msg_sent: 2902
tot_reconf_duration: 15.110000000000001
tot_sleeping_duration: 4139283.2190800128
tot_uptimes: 1077
tot_uptimes_duration: 64560.52191998728
