comms_cons: 422.6397312692153
finished_reconf: true
global_termination_time: 4203786.505
local_termination_time: 735327.7144799998
node_cons: 86463.05666893396
tot_aggregated_send: 58290
tot_msg_rcv: 1944
tot_msg_sent: 4004
tot_reconf_duration: 12.629999999999999
tot_sleeping_duration: 4139226.456360018
tot_uptimes: 1077
tot_uptimes_duration: 64560.04863998224
