comms_cons: 419.8926784673565
finished_reconf: true
global_termination_time: 4201056.633119991
local_termination_time: 505207.82408000063
node_cons: 86435.9679508353
tot_aggregated_send: 59160
tot_msg_rcv: 1524
tot_msg_sent: 3137
tot_reconf_duration: 10.95
tot_sleeping_duration: 4136515.111200023
tot_uptimes: 1076
tot_uptimes_duration: 64541.521919968305
