comms_cons: 424.8339072998125
finished_reconf: true
global_termination_time: 4203436.361
local_termination_time: 1044823.4603599999
node_cons: 86450.05517005114
tot_aggregated_send: 58174
tot_msg_rcv: 2155
tot_msg_sent: 4243
tot_reconf_duration: 3.05
tot_sleeping_duration: 4138876.306280019
tot_uptimes: 1077
tot_uptimes_duration: 64560.05471998011
