comms_cons: 89.67575039803491
finished_reconf: true
global_termination_time: 912818.0534799999
local_termination_time: 912818.0123599999
node_cons: 18770.98794207492
tot_aggregated_send: 12920
tot_msg_rcv: 117
tot_msg_sent: 593
tot_reconf_duration: 24.59
tot_sleeping_duration: 898824.3307600038
tot_uptimes: 234
tot_uptimes_duration: 13993.722719996178
