comms_cons: 14.396543999761189
finished_reconf: true
global_termination_time: 133608.91268000024
local_termination_time: 133608.87156000023
node_cons: 2797.4105799978165
tot_aggregated_send: 1494
tot_msg_rcv: 205
tot_msg_sent: 490
tot_reconf_duration: 24.59
tot_sleeping_duration: 131544.67268000188
tot_uptimes: 35
tot_uptimes_duration: 2064.239999998359
