comms_cons: 1.815859199999787
finished_reconf: true
global_termination_time: 19092.295
local_termination_time: 5662.70736
node_cons: 333.73137999999955
tot_aggregated_send: 0
tot_msg_rcv: 165
tot_msg_sent: 111
tot_reconf_duration: 9.11
tot_sleeping_duration: 18852.295
tot_uptimes: 5
tot_uptimes_duration: 240.0
