comms_cons: 1.993497599993413
finished_reconf: true
global_termination_time: 19207.109
local_termination_time: 7005.887479999999
node_cons: 334.15236000000135
tot_aggregated_send: 0
tot_msg_rcv: 190
tot_msg_sent: 113
tot_reconf_duration: 9.42
tot_sleeping_duration: 18967.108999999997
tot_uptimes: 5
tot_uptimes_duration: 240.0
