comms_cons: 91.87444479859826
finished_reconf: true
global_termination_time: 902496.90124
local_termination_time: 2465.2340800000006
node_cons: 18602.361606084054
tot_aggregated_send: 11832
tot_msg_rcv: 681
tot_msg_sent: 1448
tot_reconf_duration: 18.21
tot_sleeping_duration: 888622.6425199971
tot_uptimes: 232
tot_uptimes_duration: 13874.25872000301
