comms_cons: 91.34561279657461
finished_reconf: true
global_termination_time: 904051.07
local_termination_time: 515650.46236000006
node_cons: 18566.128483355133
tot_aggregated_send: 12238
tot_msg_rcv: 500
tot_msg_sent: 1146
tot_reconf_duration: 5.57
tot_sleeping_duration: 890191.0517600036
tot_uptimes: 232
tot_uptimes_duration: 13860.018239996338
