comms_cons: 90.76704639788588
finished_reconf: true
global_termination_time: 909168.117
local_termination_time: 518421.16880000074
node_cons: 18683.096510560667
tot_aggregated_send: 12354
tot_msg_rcv: 521
tot_msg_sent: 922
tot_reconf_duration: 25.299999999999997
tot_sleeping_duration: 895240.7539599995
tot_uptimes: 233
tot_uptimes_duration: 13927.363040000491
