comms_cons: 14.270252799702266
finished_reconf: true
global_termination_time: 120157.944
local_termination_time: 13293.350840000003
node_cons: 2428.1011422394427
tot_aggregated_send: 1160
tot_msg_rcv: 437
tot_msg_sent: 571
tot_reconf_duration: 13.17
tot_sleeping_duration: 118357.93184000043
tot_uptimes: 31
tot_uptimes_duration: 1800.0121599995837
