comms_cons: 13.42877440003576
finished_reconf: true
global_termination_time: 117396.407
local_termination_time: 45456.00936000001
node_cons: 2417.57394
tot_aggregated_send: 1160
tot_msg_rcv: 358
tot_msg_sent: 524
tot_reconf_duration: 5.43
tot_sleeping_duration: 115596.407
tot_uptimes: 31
tot_uptimes_duration: 1800.0
