comms_cons: 364.893260842629
finished_reconf: true
global_termination_time: 3680154.096
local_termination_time: 2213849.8937999997
node_cons: 75705.00917999815
tot_aggregated_send: 52896
tot_msg_rcv: 839
tot_msg_sent: 1725
tot_reconf_duration: 18.21
tot_sleeping_duration: 3623634.096
tot_uptimes: 943
tot_uptimes_duration: 56520.0
