comms_cons: 368.65623685526396
finished_reconf: true
global_termination_time: 3677238.352
local_termination_time: 2197692.720759999
node_cons: 75630.71498223237
tot_aggregated_send: 51562
tot_msg_rcv: 1472
tot_msg_sent: 2999
tot_reconf_duration: 22.65
tot_sleeping_duration: 3620778.339840004
tot_uptimes: 942
tot_uptimes_duration: 56460.012159995735
