comms_cons: 370.19185283959774
finished_reconf: true
global_termination_time: 3677958.616
local_termination_time: 127401.08371999994
node_cons: 75607.60175341062
tot_aggregated_send: 51388
tot_msg_rcv: 1679
tot_msg_sent: 3200
tot_reconf_duration: 5.57
tot_sleeping_duration: 3621498.5430400204
tot_uptimes: 942
tot_uptimes_duration: 56460.072959979414
