comms_cons: 60.48687360609949
finished_reconf: true
global_termination_time: 300854.2996000002
local_termination_time: 853.2103599999998
node_cons: 6215.187908400254
tot_aggregated_send: 0
tot_msg_rcv: 4718
tot_msg_sent: 4473
tot_reconf_duration: 6.22
tot_sleeping_duration: 296218.944
tot_uptimes: 78
tot_uptimes_duration: 4635.3556000001845
