comms_cons: 180.46745599513474
finished_reconf: true
global_termination_time: 1829921.316
local_termination_time: 1328072.1015199993
node_cons: 37606.68405999993
tot_aggregated_send: 26216
tot_msg_rcv: 436
tot_msg_sent: 778
tot_reconf_duration: 5.57
tot_sleeping_duration: 1801841.316
tot_uptimes: 469
tot_uptimes_duration: 28080.0
