comms_cons: 183.5997823862866
finished_reconf: true
global_termination_time: 1829172.811
local_termination_time: 547521.55736
node_cons: 37607.60746558412
tot_aggregated_send: 24592
tot_msg_rcv: 1219
tot_msg_sent: 2096
tot_reconf_duration: 6.22
tot_sleeping_duration: 1801092.7806000118
tot_uptimes: 469
tot_uptimes_duration: 28080.030399988173
