comms_cons: 94.4115199967204
finished_reconf: true
global_termination_time: 924605.574
local_termination_time: 493289.4054000008
node_cons: 19091.833758951594
tot_aggregated_send: 12528
tot_msg_rcv: 610
tot_msg_sent: 1212
tot_reconf_duration: 25.299999999999997
tot_sleeping_duration: 910372.9553600063
tot_uptimes: 237
tot_uptimes_duration: 14232.618639993714
