comms_cons: 92.88514559397511
finished_reconf: true
global_termination_time: 924581.4782400001
local_termination_time: 132835.7357200001
node_cons: 18985.302187196306
tot_aggregated_send: 11948
tot_msg_rcv: 709
tot_msg_sent: 1460
tot_reconf_duration: 4.390000000000001
tot_sleeping_duration: 910407.2134400029
tot_uptimes: 237
tot_uptimes_duration: 14174.26479999721
