comms_cons: 92.73382399717444
finished_reconf: true
global_termination_time: 927029.634
local_termination_time: 316596.6614800001
node_cons: 19044.762605598047
tot_aggregated_send: 12122
tot_msg_rcv: 685
tot_msg_sent: 1288
tot_reconf_duration: 3.05
tot_sleeping_duration: 912809.6036000015
tot_uptimes: 238
tot_uptimes_duration: 14220.030399998475
