comms_cons: 28.889267200060726
finished_reconf: true
global_termination_time: 299048.39
local_termination_time: 234633.5197200006
node_cons: 6111.801620000026
tot_aggregated_send: 4118
tot_msg_rcv: 99
tot_msg_sent: 174
tot_reconf_duration: 4.390000000000001
tot_sleeping_duration: 294488.39
tot_uptimes: 77
tot_uptimes_duration: 4560.0
