comms_cons: 245.65580798781417
finished_reconf: true
global_termination_time: 2456800.097
local_termination_time: 457982.3033600001
node_cons: 50554.74056670031
tot_aggregated_send: 34162
tot_msg_rcv: 1073
tot_msg_sent: 2102
tot_reconf_duration: 15.34
tot_sleeping_duration: 2419060.0605200143
tot_uptimes: 630
tot_uptimes_duration: 37740.03647998581
