comms_cons: 246.70958079670868
finished_reconf: true
global_termination_time: 2458168.946
local_termination_time: 330549.70236
node_cons: 50539.88674893848
tot_aggregated_send: 33930
tot_msg_rcv: 1012
tot_msg_sent: 2556
tot_reconf_duration: 4.390000000000001
tot_sleeping_duration: 2420428.897360015
tot_uptimes: 630
tot_uptimes_duration: 37740.04863998451
