comms_cons: 246.7847743963875
finished_reconf: true
global_termination_time: 2458184.196
local_termination_time: 39933.246920000056
node_cons: 50544.552830069166
tot_aggregated_send: 34452
tot_msg_rcv: 1023
tot_msg_sent: 2034
tot_reconf_duration: 7.819999999999999
tot_sleeping_duration: 2420444.1412800075
tot_uptimes: 630
tot_uptimes_duration: 37740.05471999245
