comms_cons: 247.03303679146094
finished_reconf: true
global_termination_time: 2456490.588359997
local_termination_time: 446024.82360000006
node_cons: 50607.59033450295
tot_aggregated_send: 34394
tot_msg_rcv: 1110
tot_msg_sent: 2045
tot_reconf_duration: 5.43
tot_sleeping_duration: 2418701.0316800093
tot_uptimes: 630
tot_uptimes_duration: 37789.556679987814
