comms_cons: 932.2097528270149
finished_reconf: true
global_termination_time: 1920889.857999999
local_termination_time: 1920889.8168799991
node_cons: 117353.44113829941
tot_aggregated_send: 0
tot_msg_rcv: 57023
tot_msg_sent: 84665
tot_reconf_duration: 24.59
tot_sleeping_duration: 1833272.1971200118
tot_uptimes: 1444
tot_uptimes_duration: 87617.6608799872
