comms_cons: 193.92417278555232
finished_reconf: true
global_termination_time: 1921475.573
local_termination_time: 59342.421320000125
node_cons: 39534.27092894362
tot_aggregated_send: 26506
tot_msg_rcv: 984
tot_msg_sent: 1984
tot_reconf_duration: 5.1
tot_sleeping_duration: 1891955.5243600123
tot_uptimes: 493
tot_uptimes_duration: 29520.048639987945
