comms_cons: 192.1467903918201
finished_reconf: true
global_termination_time: 1920890.26612
local_termination_time: 71310.947
node_cons: 39514.96778326539
tot_aggregated_send: 27142
tot_msg_rcv: 784
tot_msg_sent: 1279
tot_reconf_duration: 22.65
tot_sleeping_duration: 1891402.432600011
tot_uptimes: 492
tot_uptimes_duration: 29487.83351998926
