comms_cons: 180.65167359109589
finished_reconf: true
global_termination_time: 1799764.648
local_termination_time: 477131.53836000006
node_cons: 36963.964059999875
tot_aggregated_send: 25462
tot_msg_rcv: 783
tot_msg_sent: 1213
tot_reconf_duration: 5.57
tot_sleeping_duration: 1772164.648
tot_uptimes: 461
tot_uptimes_duration: 27600.0
