comms_cons: 674.8355144171227
finished_reconf: true
global_termination_time: 3425325.6645999975
local_termination_time: 2000.9364800000023
node_cons: 70486.35405510005
tot_aggregated_send: 0
tot_msg_rcv: 51684
tot_msg_sent: 50884
tot_reconf_duration: 5.57
tot_sleeping_duration: 3372690.2725200113
tot_uptimes: 878
tot_uptimes_duration: 52635.39207998627
