comms_cons: 1656.9996627975186
finished_reconf: true
global_termination_time: 3425325.0645999997
local_termination_time: 3425325.0234799995
node_cons: 208099.46088139096
tot_aggregated_send: 0
tot_msg_rcv: 101753
tot_msg_sent: 150100
tot_reconf_duration: 37.410000000000004
tot_sleeping_duration: 3269948.919640031
tot_uptimes: 2539
tot_uptimes_duration: 155376.14495996892
