comms_cons: 347.0855424475755
finished_reconf: true
global_termination_time: 3427449.231
local_termination_time: 591818.908
node_cons: 70476.87511564212
tot_aggregated_send: 47495
tot_msg_rcv: 1885
tot_msg_sent: 3374
tot_reconf_duration: 13.17
tot_sleeping_duration: 3374828.625880027
tot_uptimes: 878
tot_uptimes_duration: 52620.60511997284
