comms_cons: 349.9120448410618
finished_reconf: true
global_termination_time: 3431574.38
local_termination_time: 691897.346999998
node_cons: 70550.46890739922
tot_aggregated_send: 46574
tot_msg_rcv: 2253
tot_msg_sent: 4359
tot_reconf_duration: 8.09
tot_sleeping_duration: 3378893.661040029
tot_uptimes: 879
tot_uptimes_duration: 52680.71895997075
