comms_cons: 347.6308608448312
finished_reconf: true
global_termination_time: 3428022.773
local_termination_time: 1812081.8593600001
node_cons: 70483.61530558378
tot_aggregated_send: 47096
tot_msg_rcv: 1978
tot_msg_sent: 3763
tot_reconf_duration: 18.700000000000003
tot_sleeping_duration: 3375402.742600011
tot_uptimes: 878
tot_uptimes_duration: 52620.03039998886
