comms_cons: 344.93594883806793
finished_reconf: true
global_termination_time: 3426667.302
local_termination_time: 1129137.7583599999
node_cons: 70464.17418446623
tot_aggregated_send: 47792
tot_msg_rcv: 1558
tot_msg_sent: 3078
tot_reconf_duration: 4.390000000000001
tot_sleeping_duration: 3374047.277680009
tot_uptimes: 878
tot_uptimes_duration: 52620.024319991004
