comms_cons: 168.75637119342332
finished_reconf: true
global_termination_time: 1697785.827
local_termination_time: 785257.1260399983
node_cons: 34882.91897999988
tot_aggregated_send: 24360
tot_msg_rcv: 487
tot_msg_sent: 802
tot_reconf_duration: 11.31
tot_sleeping_duration: 1671745.827
tot_uptimes: 435
tot_uptimes_duration: 26040.0
