comms_cons: 40.84367360046058
finished_reconf: true
global_termination_time: 413622.8166000001
local_termination_time: 413622.77548000007
node_cons: 8487.506719519282
tot_aggregated_send: 5786
tot_msg_rcv: 123
tot_msg_sent: 298
tot_reconf_duration: 24.59
tot_sleeping_duration: 407309.0649200006
tot_uptimes: 106
tot_uptimes_duration: 6313.751679999448
