comms_cons: 134.32487681760242
finished_reconf: true
global_termination_time: 462439.2977200001
local_termination_time: 462439.2566000001
node_cons: 18773.466313080284
tot_aggregated_send: 0
tot_msg_rcv: 6921
tot_msg_sent: 13495
tot_reconf_duration: 37.410000000000004
tot_sleeping_duration: 448456.7259999999
tot_uptimes: 230
tot_uptimes_duration: 13982.571720000182
