comms_cons: 45.99518720046016
finished_reconf: true
global_termination_time: 466535.321
local_termination_time: 137571.4692800008
node_cons: 9567.38580000002
tot_aggregated_send: 6670
tot_msg_rcv: 93
tot_msg_sent: 228
tot_reconf_duration: 5.1
tot_sleeping_duration: 459395.321
tot_uptimes: 120
tot_uptimes_duration: 7140.0
