comms_cons: 46.436620800381
finished_reconf: true
global_termination_time: 465888.423
local_termination_time: 17915.738999999998
node_cons: 9573.918763841446
tot_aggregated_send: 6609
tot_msg_rcv: 162
tot_msg_sent: 287
tot_reconf_duration: 8.09
tot_sleeping_duration: 458746.5764399989
tot_uptimes: 120
tot_uptimes_duration: 7141.846560001073
