comms_cons: 45.37016320004525
finished_reconf: true
global_termination_time: 463327.599
local_termination_time: 29276.038280000004
node_cons: 9492.912360000015
tot_aggregated_send: 6728
tot_msg_rcv: 60
tot_msg_sent: 108
tot_reconf_duration: 9.42
tot_sleeping_duration: 456247.599
tot_uptimes: 119
tot_uptimes_duration: 7080.0
