comms_cons: 94.45099519578847
finished_reconf: true
global_termination_time: 930213.4554799999
local_termination_time: 930213.4143599999
node_cons: 19172.69608320095
tot_aggregated_send: 12920
tot_msg_rcv: 553
tot_msg_sent: 882
tot_reconf_duration: 24.59
tot_sleeping_duration: 915919.7266799993
tot_uptimes: 239
tot_uptimes_duration: 14293.728800000681
