comms_cons: 92.76014079889048
finished_reconf: true
global_termination_time: 930213.6162400001
local_termination_time: 68906.15911999973
node_cons: 19184.994891603128
tot_aggregated_send: 13050
tot_msg_rcv: 418
tot_msg_sent: 630
tot_reconf_duration: 18.21
tot_sleeping_duration: 915904.2318399978
tot_uptimes: 239
tot_uptimes_duration: 14309.38440000231
