comms_cons: 91.9403967988168
finished_reconf: true
global_termination_time: 936380.779
local_termination_time: 112561.79535999971
node_cons: 19232.0349822429
tot_aggregated_send: 13166
tot_msg_rcv: 266
tot_msg_sent: 542
tot_reconf_duration: 22.65
tot_sleeping_duration: 922040.7668399978
tot_uptimes: 240
tot_uptimes_duration: 14340.012160002138
