comms_cons: 396.59783666756346
finished_reconf: true
global_termination_time: 930966.454
local_termination_time: 819169.3689199984
node_cons: 56689.69752724198
tot_aggregated_send: 0
tot_msg_rcv: 24316
tot_msg_sent: 35963
tot_reconf_duration: 4.390000000000001
tot_sleeping_duration: 888633.5668399978
tot_uptimes: 700
tot_uptimes_duration: 42332.88716000218
