comms_cons: 448.5681281133067
finished_reconf: true
global_termination_time: 4407189.135
local_termination_time: 2487054.438
node_cons: 90679.65778462862
tot_aggregated_send: 60434
tot_msg_rcv: 2754
tot_msg_sent: 4989
tot_reconf_duration: 22.65
tot_sleeping_duration: 4339490.181240006
tot_uptimes: 1129
tot_uptimes_duration: 67698.95375999343
