comms_cons: 444.9371648806243
finished_reconf: true
global_termination_time: 4407280.839
local_termination_time: 1101778.8415199993
node_cons: 90635.9727911679
tot_aggregated_send: 61306
tot_msg_rcv: 2197
tot_msg_sent: 4124
tot_reconf_duration: 9.11
tot_sleeping_duration: 4339600.778200022
tot_uptimes: 1129
tot_uptimes_duration: 67680.06079997774
