comms_cons: 447.9701121045225
finished_reconf: true
global_termination_time: 4406280.0
local_termination_time: 2286593.9526
node_cons: 90630.07640334906
tot_aggregated_send: 60668
tot_msg_rcv: 2664
tot_msg_sent: 4757
tot_reconf_duration: 4.8100000000000005
tot_sleeping_duration: 4338599.981760006
tot_uptimes: 1129
tot_uptimes_duration: 67680.0182399936
