comms_cons: 444.80600329520144
finished_reconf: true
global_termination_time: 4407216.65
local_termination_time: 1669425.2544800001
node_cons: 90648.94716446639
tot_aggregated_send: 61422
tot_msg_rcv: 2196
tot_msg_sent: 3990
tot_reconf_duration: 18.700000000000003
tot_sleeping_duration: 4339536.625680009
tot_uptimes: 1129
tot_uptimes_duration: 67680.02431999147
