comms_cons: 147.3691007872718
finished_reconf: true
global_termination_time: 1459970.968
local_termination_time: 1041985.61336
node_cons: 29977.480265584294
tot_aggregated_send: 19894
tot_msg_rcv: 762
tot_msg_sent: 1743
tot_reconf_duration: 7.819999999999999
tot_sleeping_duration: 1437590.937600012
tot_uptimes: 374
tot_uptimes_duration: 22380.030399988173
