comms_cons: 20.336307200170488
finished_reconf: true
global_termination_time: 199692.56
local_termination_time: 96115.87247999995
node_cons: 4103.8801211214295
tot_aggregated_send: 2726
tot_msg_rcv: 135
tot_msg_sent: 230
tot_reconf_duration: 4.8100000000000005
tot_sleeping_duration: 196632.55391999893
tot_uptimes: 52
tot_uptimes_duration: 3060.0060800010683
