comms_cons: 502.23146214040514
finished_reconf: true
global_termination_time: 1041013.5665999998
local_termination_time: 1041013.5254799998
node_cons: 62996.65794071789
tot_aggregated_send: 0
tot_msg_rcv: 30909
tot_msg_sent: 45426
tot_reconf_duration: 24.59
tot_sleeping_duration: 993990.9641200005
tot_uptimes: 768
tot_uptimes_duration: 47022.6024799993
