comms_cons: 104.71981439404557
finished_reconf: true
global_termination_time: 1041013.8381200001
local_termination_time: 268080.9393600001
node_cons: 21398.68156191383
tot_aggregated_send: 14268
tot_msg_rcv: 596
tot_msg_sent: 1054
tot_reconf_duration: 4.8100000000000005
tot_sleeping_duration: 1025037.6248400047
tot_uptimes: 267
tot_uptimes_duration: 15976.213279995369
