comms_cons: 108.81868158930698
finished_reconf: true
global_termination_time: 1041304.777
local_termination_time: 72771.52559999995
node_cons: 21376.442325588792
tot_aggregated_send: 13514
tot_msg_rcv: 1105
tot_msg_sent: 1921
tot_reconf_duration: 4.390000000000001
tot_sleeping_duration: 1025344.7466000083
tot_uptimes: 267
tot_uptimes_duration: 15960.030399991607
