comms_cons: 104.08294399630921
finished_reconf: true
global_termination_time: 1045845.493
local_termination_time: 578264.35336
node_cons: 21459.234901116983
tot_aggregated_send: 14732
tot_msg_rcv: 343
tot_msg_sent: 745
tot_reconf_duration: 6.22
tot_sleeping_duration: 1029825.4869200024
tot_uptimes: 268
tot_uptimes_duration: 16020.006079997635
