comms_cons: 103.22232319730443
finished_reconf: true
global_termination_time: 1046018.282
local_termination_time: 501428.56100000005
node_cons: 21468.843652878226
tot_aggregated_send: 14955
tot_msg_rcv: 234
tot_msg_sent: 500
tot_reconf_duration: 11.31
tot_sleeping_duration: 1029996.2620800014
tot_uptimes: 268
tot_uptimes_duration: 16022.019919998653
