comms_cons: 133.66988799309607
finished_reconf: true
global_termination_time: 1328782.1301199999
local_termination_time: 1328782.089
node_cons: 27380.620281996205
tot_aggregated_send: 18360
tot_msg_rcv: 607
tot_msg_sent: 1351
tot_reconf_duration: 37.410000000000004
tot_sleeping_duration: 1308371.5121200029
tot_uptimes: 341
tot_uptimes_duration: 20410.61799999713
