comms_cons: 249.11545600218253
finished_reconf: true
global_termination_time: 2520733.784
local_termination_time: 1338097.1140399983
node_cons: 51866.3069865571
tot_aggregated_send: 36366
tot_msg_rcv: 469
tot_msg_sent: 1030
tot_reconf_duration: 25.299999999999997
tot_sleeping_duration: 2482024.336960002
tot_uptimes: 646
tot_uptimes_duration: 38709.44703999837
