comms_cons: 254.6336191998912
finished_reconf: true
global_termination_time: 2518298.232119988
local_termination_time: 80552.29355999958
node_cons: 51816.74290196257
tot_aggregated_send: 33698
tot_msg_rcv: 1542
tot_msg_sent: 3461
tot_reconf_duration: 4.390000000000001
tot_sleeping_duration: 2479604.5941200154
tot_uptimes: 645
tot_uptimes_duration: 38693.63799997262
