comms_cons: 24.323929599859337
finished_reconf: true
global_termination_time: 254282.389
local_termination_time: 42293.60836000001
node_cons: 5229.473940000005
tot_aggregated_send: 3538
tot_msg_rcv: 44
tot_msg_sent: 115
tot_reconf_duration: 5.43
tot_sleeping_duration: 250382.389
tot_uptimes: 66
tot_uptimes_duration: 3900.0
