comms_cons: 27.593164800292133
finished_reconf: true
global_termination_time: 271151.684
local_termination_time: 118679.35647999996
node_cons: 5547.650781121438
tot_aggregated_send: 3654
tot_msg_rcv: 193
tot_msg_sent: 347
tot_reconf_duration: 3.08
tot_sleeping_duration: 267011.67791999894
tot_uptimes: 70
tot_uptimes_duration: 4140.006080001069
