comms_cons: 564.350905649519
finished_reconf: true
global_termination_time: 5773981.732
local_termination_time: 3546269.32236
node_cons: 118749.47022334757
tot_aggregated_send: 80156
tot_msg_rcv: 1795
tot_msg_sent: 3827
tot_reconf_duration: 5.1
tot_sleeping_duration: 5685301.713760007
tot_uptimes: 1479
tot_uptimes_duration: 88680.01823999337
