comms_cons: 579.227206519436
finished_reconf: true
global_termination_time: 5772392.761
local_termination_time: 192118.05536000006
node_cons: 118773.35197005793
tot_aggregated_send: 80620
tot_msg_rcv: 2438
tot_msg_sent: 4980
tot_reconf_duration: 22.65
tot_sleeping_duration: 5683712.706280014
tot_uptimes: 1479
tot_uptimes_duration: 88680.05471998628
