comms_cons: 569.9904192711896
finished_reconf: true
global_termination_time: 5773884.953
local_termination_time: 1364957.2393599998
node_cons: 118751.00746558107
tot_aggregated_send: 79982
tot_msg_rcv: 2180
tot_msg_sent: 4471
tot_reconf_duration: 6.22
tot_sleeping_duration: 5685204.922600011
tot_uptimes: 1479
tot_uptimes_duration: 88680.03039998864
