comms_cons: 570.6455552741952
finished_reconf: true
global_termination_time: 5773470.01
local_termination_time: 1403719.24336
node_cons: 118757.91968558118
tot_aggregated_send: 78880
tot_msg_rcv: 2517
tot_msg_sent: 5336
tot_reconf_duration: 11.31
tot_sleeping_duration: 5684789.979600011
tot_uptimes: 1479
tot_uptimes_duration: 88680.03039998864
