comms_cons: 76.53583360145805
finished_reconf: true
global_termination_time: 762911.68524
local_termination_time: 122879.97847999996
node_cons: 15711.441431602947
tot_aggregated_send: 10382
tot_msg_rcv: 503
tot_msg_sent: 747
tot_reconf_duration: 18.21
tot_sleeping_duration: 751196.4408399978
tot_uptimes: 196
tot_uptimes_duration: 11715.244400002179
