comms_cons: 299.8230079823015
finished_reconf: true
global_termination_time: 764896.285
local_termination_time: 362582.8646400008
node_cons: 46285.24295712096
tot_aggregated_send: 0
tot_msg_rcv: 18394
tot_msg_sent: 27178
tot_reconf_duration: 4.390000000000001
tot_sleeping_duration: 730333.7149199989
tot_uptimes: 567
tot_uptimes_duration: 34562.570080001125
