comms_cons: 155.67597433875696
finished_reconf: true
global_termination_time: 1052045.8143199985
local_termination_time: 1052045.7731999985
node_cons: 21868.48695747277
tot_aggregated_send: 5857
tot_msg_rcv: 7978
tot_msg_sent: 9839
tot_reconf_duration: 134.48999999999998
tot_sleeping_duration: 1035850.2582800636
tot_uptimes: 270
tot_uptimes_duration: 16195.55603993485
