comms_cons: 104.05004799844062
finished_reconf: true
global_termination_time: 1056812.938
local_termination_time: 6546.802
node_cons: 21697.180382237155
tot_aggregated_send: 15307
tot_msg_rcv: 158
tot_msg_sent: 350
tot_reconf_duration: 3.95
tot_sleeping_duration: 1040612.9258400021
tot_uptimes: 271
tot_uptimes_duration: 16200.012159997852
