comms_cons: 104.65418879874984
finished_reconf: true
global_termination_time: 1052133.631
local_termination_time: 5909.532
node_cons: 21625.803182236017
tot_aggregated_send: 15011
tot_msg_rcv: 313
tot_msg_sent: 582
tot_reconf_duration: 10.55
tot_sleeping_duration: 1035993.618840003
tot_uptimes: 270
tot_uptimes_duration: 16140.012159997
