comms_cons: 145.0901440128715
finished_reconf: true
global_termination_time: 296896.1564000004
local_termination_time: 296896.1152800004
node_cons: 18310.15785188478
tot_aggregated_send: 0
tot_msg_rcv: 8866
tot_msg_sent: 13184
tot_reconf_duration: 37.410000000000004
tot_sleeping_duration: 283259.5954799968
tot_uptimes: 226
tot_uptimes_duration: 13636.560920003541
