comms_cons: 29.652454400557637
finished_reconf: true
global_termination_time: 299448.03
local_termination_time: 210344.60736000005
node_cons: 6113.404060000016
tot_aggregated_send: 4118
tot_msg_rcv: 104
tot_msg_sent: 285
tot_reconf_duration: 5.57
tot_sleeping_duration: 294888.03
tot_uptimes: 77
tot_uptimes_duration: 4560.0
