comms_cons: 30.093887999969606
finished_reconf: true
global_termination_time: 298133.81
local_termination_time: 86291.63175999947
node_cons: 6161.29982576071
tot_aggregated_send: 4118
tot_msg_rcv: 174
tot_msg_sent: 282
tot_reconf_duration: 25.299999999999997
tot_sleeping_duration: 293558.05015999946
tot_uptimes: 77
tot_uptimes_duration: 4575.759840000537
