comms_cons: 30.599859200418315
finished_reconf: true
global_termination_time: 298783.869
local_termination_time: 14424.7526
node_cons: 6126.367521121435
tot_aggregated_send: 3944
tot_msg_rcv: 256
tot_msg_sent: 451
tot_reconf_duration: 15.110000000000001
tot_sleeping_duration: 294223.86291999894
tot_uptimes: 77
tot_uptimes_duration: 4560.006080001069
