comms_cons: 29.409024000038627
finished_reconf: true
global_termination_time: 298767.301
local_termination_time: 135275.98244000066
node_cons: 6112.3719799999935
tot_aggregated_send: 4292
tot_msg_rcv: 66
tot_msg_sent: 112
tot_reconf_duration: 4.8100000000000005
tot_sleeping_duration: 294207.301
tot_uptimes: 77
tot_uptimes_duration: 4559.999999999993
