comms_cons: 125.55327999189444
finished_reconf: true
global_termination_time: 1316215.953
local_termination_time: 4766.458
node_cons: 27107.120347822467
tot_aggregated_send: 17667
tot_msg_rcv: 570
tot_msg_sent: 845
tot_reconf_duration: 23.919999999999998
tot_sleeping_duration: 1295995.9104400133
tot_uptimes: 338
tot_uptimes_duration: 20220.042559986876
