comms_cons: 128.24834559563052
finished_reconf: true
global_termination_time: 1317136.229
local_termination_time: 5458.569
node_cons: 27078.366083359735
tot_aggregated_send: 18034
tot_msg_rcv: 558
tot_msg_sent: 901
tot_reconf_duration: 2.77
tot_sleeping_duration: 1296916.2107600004
tot_uptimes: 338
tot_uptimes_duration: 20220.018239999772
