comms_cons: 12.770854399900543
finished_reconf: true
global_termination_time: 124605.36
local_termination_time: 14112.192240000004
node_cons: 2496.501619999999
tot_aggregated_send: 1508
tot_msg_rcv: 147
tot_msg_sent: 286
tot_reconf_duration: 4.390000000000001
tot_sleeping_duration: 122745.36
tot_uptimes: 32
tot_uptimes_duration: 1860.0
