comms_cons: 52.92966400035432
finished_reconf: true
global_termination_time: 524131.451
local_termination_time: 168631.04336000004
node_cons: 10769.701899999998
tot_aggregated_send: 7366
tot_msg_rcv: 275
tot_msg_sent: 404
tot_reconf_duration: 3.05
tot_sleeping_duration: 516091.451
tot_uptimes: 135
tot_uptimes_duration: 8040.0
