comms_cons: 74.39822079674278
finished_reconf: true
global_termination_time: 734487.6285999998
local_termination_time: 734487.5874799999
node_cons: 15155.74300175485
tot_aggregated_send: 10194
tot_msg_rcv: 406
tot_msg_sent: 708
tot_reconf_duration: 24.59
tot_sleeping_duration: 723193.8647600038
tot_uptimes: 189
tot_uptimes_duration: 11293.763839996129
