comms_cons: 73.71993599789536
finished_reconf: true
global_termination_time: 736496.232
local_termination_time: 536967.3438799981
node_cons: 15110.468262233762
tot_aggregated_send: 10208
tot_msg_rcv: 303
tot_msg_sent: 694
tot_reconf_duration: 4.8100000000000005
tot_sleeping_duration: 725216.2198400047
tot_uptimes: 189
tot_uptimes_duration: 11280.012159995269
