comms_cons: 526.8952448789937
finished_reconf: true
global_termination_time: 5297149.911
local_termination_time: 1221735.7966399982
node_cons: 108968.2709616567
tot_aggregated_send: 73022
tot_msg_rcv: 2478
tot_msg_sent: 4584
tot_reconf_duration: 15.34
tot_sleeping_duration: 5215785.131880015
tot_uptimes: 1357
tot_uptimes_duration: 81364.77911998495
