comms_cons: 515.2163840425591
finished_reconf: true
global_termination_time: 5298149.434
local_termination_time: 3588063.4323599995
node_cons: 108975.42996446443
tot_aggregated_send: 74124
tot_msg_rcv: 1454
tot_msg_sent: 2730
tot_reconf_duration: 25.299999999999997
tot_sleeping_duration: 5216789.409680009
tot_uptimes: 1357
tot_uptimes_duration: 81360.024319991
