comms_cons: 532.9497345123472
finished_reconf: true
global_termination_time: 5298582.328
local_termination_time: 287076.4841200009
node_cons: 108947.65339117551
tot_aggregated_send: 73602
tot_msg_rcv: 2595
tot_msg_sent: 4807
tot_reconf_duration: 4.8100000000000005
tot_sleeping_duration: 5217222.2672000155
tot_uptimes: 1357
tot_uptimes_duration: 81360.06079998414
