comms_cons: 531.4983552997084
finished_reconf: true
global_termination_time: 5296716.521
local_termination_time: 313520.8440400007
node_cons: 108947.07489005402
tot_aggregated_send: 73950
tot_msg_rcv: 2415
tot_msg_sent: 4419
tot_reconf_duration: 4.390000000000001
tot_sleeping_duration: 5215356.466280017
tot_uptimes: 1357
tot_uptimes_duration: 81360.05471998308
