comms_cons: 531.7863745107892
finished_reconf: true
global_termination_time: 5295868.661
local_termination_time: 957108.3441599982
node_cons: 108956.45596781574
tot_aggregated_send: 73486
tot_msg_rcv: 2652
tot_msg_sent: 4689
tot_reconf_duration: 11.31
tot_sleeping_duration: 5214508.618440016
tot_uptimes: 1357
tot_uptimes_duration: 81360.04255998437
