comms_cons: 55.81009280103877
finished_reconf: true
global_termination_time: 556477.782
local_termination_time: 274374.9065600007
node_cons: 11423.638980000012
tot_aggregated_send: 7714
tot_msg_rcv: 311
tot_msg_sent: 457
tot_reconf_duration: 11.31
tot_sleeping_duration: 547957.782
tot_uptimes: 143
tot_uptimes_duration: 8520.0
