comms_cons: 63.66691840043195
finished_reconf: true
global_termination_time: 638769.916
local_termination_time: 196223.38988000088
node_cons: 13133.19810992375
tot_aggregated_send: 8700
tot_msg_rcv: 283
tot_msg_sent: 694
tot_reconf_duration: 18.21
tot_sleeping_duration: 628980.1707199971
tot_uptimes: 164
tot_uptimes_duration: 9789.745280002797
