comms_cons: 168.7256639882656
finished_reconf: true
global_termination_time: 1677372.245
local_termination_time: 426995.03416000033
node_cons: 34496.65940558876
tot_aggregated_send: 23200
tot_msg_rcv: 848
tot_msg_sent: 1599
tot_reconf_duration: 22.65
tot_sleeping_duration: 1651632.2146000084
tot_uptimes: 430
tot_uptimes_duration: 25740.030399991603
