comms_cons: 168.32225278765736
finished_reconf: true
global_termination_time: 1680104.166
local_termination_time: 586515.2323599999
node_cons: 34552.202325584156
tot_aggregated_send: 23258
tot_msg_rcv: 791
tot_msg_sent: 1535
tot_reconf_duration: 4.390000000000001
tot_sleeping_duration: 1654304.1356000118
tot_uptimes: 431
tot_uptimes_duration: 25800.030399988173
