comms_cons: 89.65246721206125
finished_reconf: true
global_termination_time: 455379.363
local_termination_time: 1086.0373600000003
node_cons: 9344.177321121448
tot_aggregated_send: 0
tot_msg_rcv: 6910
tot_msg_sent: 6716
tot_reconf_duration: 18.21
tot_sleeping_duration: 448419.35691999894
tot_uptimes: 117
tot_uptimes_duration: 6960.006080001072
