comms_cons: 45.88334080106816
finished_reconf: true
global_termination_time: 453938.889
local_termination_time: 192016.18660000007
node_cons: 9323.598182242857
tot_aggregated_send: 6090
tot_msg_rcv: 268
tot_msg_sent: 616
tot_reconf_duration: 3.05
tot_sleeping_duration: 446978.8768399979
tot_uptimes: 117
tot_uptimes_duration: 6960.0121600021375
