comms_cons: 45.30437120064387
finished_reconf: true
global_termination_time: 455895.276
local_termination_time: 349319.7911600008
node_cons: 9327.894901121404
tot_aggregated_send: 6380
tot_msg_rcv: 162
tot_msg_sent: 344
tot_reconf_duration: 6.22
tot_sleeping_duration: 448935.26991999894
tot_uptimes: 117
tot_uptimes_duration: 6960.006080001069
