comms_cons: 134.59790079767663
finished_reconf: true
global_termination_time: 1370726.5684399996
local_termination_time: 1370726.5273199996
node_cons: 28262.35939839768
tot_aggregated_send: 19996
tot_msg_rcv: 98
tot_msg_sent: 364
tot_reconf_duration: 24.59
tot_sleeping_duration: 1349644.4428400013
tot_uptimes: 352
tot_uptimes_duration: 21082.125599998224
