comms_cons: 134.81998719769012
finished_reconf: true
global_termination_time: 1371312.007
local_termination_time: 104757.11635999997
node_cons: 28207.786760000046
tot_aggregated_send: 19720
tot_msg_rcv: 274
tot_msg_sent: 498
tot_reconf_duration: 6.22
tot_sleeping_duration: 1350252.007
tot_uptimes: 352
tot_uptimes_duration: 21060.0
