comms_cons: 339.4335165354698
finished_reconf: true
global_termination_time: 2329419.65
local_termination_time: 586066.6875999998
node_cons: 47889.2289678173
tot_aggregated_send: 0
tot_msg_rcv: 26167
tot_msg_sent: 25426
tot_reconf_duration: 4.8100000000000005
tot_sleeping_duration: 2293659.6074400167
tot_uptimes: 597
tot_uptimes_duration: 35760.04255998344
