comms_cons: 230.4891135930462
finished_reconf: true
global_termination_time: 2332689.533
local_termination_time: 741300.4945199981
node_cons: 47977.85009999933
tot_aggregated_send: 33582
tot_msg_rcv: 481
tot_msg_sent: 970
tot_reconf_duration: 10.95
tot_sleeping_duration: 2296869.533
tot_uptimes: 598
tot_uptimes_duration: 35820.0
