comms_cons: 227.6866367815527
finished_reconf: true
global_termination_time: 2329604.4
local_termination_time: 620567.59436
node_cons: 47893.32468893414
tot_aggregated_send: 31204
tot_msg_rcv: 1047
tot_msg_sent: 2353
tot_reconf_duration: 7.819999999999999
tot_sleeping_duration: 2293844.351360019
tot_uptimes: 597
tot_uptimes_duration: 35760.048639981076
