comms_cons: 229.9162047847338
finished_reconf: true
global_termination_time: 2333084.371
local_termination_time: 965647.4657199997
node_cons: 47983.81986111618
tot_aggregated_send: 32480
tot_msg_rcv: 855
tot_msg_sent: 1610
tot_reconf_duration: 15.34
tot_sleeping_duration: 2297264.364920002
tot_uptimes: 598
tot_uptimes_duration: 35820.006079997635
