comms_cons: 37.541510400460076
finished_reconf: true
global_termination_time: 369557.598
local_termination_time: 90386.91647999996
node_cons: 7572.487521121479
tot_aggregated_send: 4988
tot_msg_rcv: 264
tot_msg_sent: 453
tot_reconf_duration: 15.110000000000001
tot_sleeping_duration: 363917.59191999893
tot_uptimes: 95
tot_uptimes_duration: 5640.006080001098
