comms_cons: 38.330163200686016
finished_reconf: true
global_termination_time: 373730.999
local_termination_time: 108746.97555999986
node_cons: 7645.133065604881
tot_aggregated_send: 4872
tot_msg_rcv: 317
tot_msg_sent: 637
tot_reconf_duration: 9.42
tot_sleeping_duration: 368030.96859999635
tot_uptimes: 96
tot_uptimes_duration: 5700.030400003641
