comms_cons: 13.573516799864246
finished_reconf: true
global_termination_time: 127978.0
local_termination_time: 71037.99247999994
node_cons: 2578.4522011191416
tot_aggregated_send: 1392
tot_msg_rcv: 219
tot_msg_sent: 453
tot_reconf_duration: 5.57
tot_sleeping_duration: 126057.99392000063
tot_uptimes: 33
tot_uptimes_duration: 1920.0060799993662
