comms_cons: 13.633011199858055
finished_reconf: true
global_termination_time: 127833.69423999985
local_termination_time: 64686.278440000046
node_cons: 2639.1979749587076
tot_aggregated_send: 812
tot_msg_rcv: 451
tot_msg_sent: 809
tot_reconf_duration: 25.299999999999997
tot_sleeping_duration: 125888.33160000082
tot_uptimes: 33
tot_uptimes_duration: 1945.3626399990317
