comms_cons: 15.446457599702228
finished_reconf: true
global_termination_time: 131469.479
local_termination_time: 86403.79747999996
node_cons: 2669.145565596895
tot_aggregated_send: 1044
tot_msg_rcv: 441
tot_msg_sent: 864
tot_reconf_duration: 13.17
tot_sleeping_duration: 129489.44860000232
tot_uptimes: 34
tot_uptimes_duration: 1980.0303999976823
