comms_cons: 66.0755327985893
finished_reconf: true
global_termination_time: 666409.833
local_termination_time: 549192.5723599988
node_cons: 13682.553603359662
tot_aggregated_send: 9512
tot_msg_rcv: 196
tot_msg_sent: 336
tot_reconf_duration: 18.21
tot_sleeping_duration: 656209.8147600002
tot_uptimes: 171
tot_uptimes_duration: 10200.018239999772
