comms_cons: 65.39066879895742
finished_reconf: true
global_termination_time: 666108.364
local_termination_time: 161759.16836000007
node_cons: 13664.74208223829
tot_aggregated_send: 9454
tot_msg_rcv: 137
tot_msg_sent: 348
tot_reconf_duration: 5.1
tot_sleeping_duration: 655908.3518400013
tot_uptimes: 171
tot_uptimes_duration: 10200.012159998703
