comms_cons: 65.88410879948172
finished_reconf: true
global_termination_time: 665843.301
local_termination_time: 131459.75248000008
node_cons: 13675.701142242899
tot_aggregated_send: 9280
tot_msg_rcv: 163
tot_msg_sent: 571
tot_reconf_duration: 13.17
tot_sleeping_duration: 655643.2888399978
tot_uptimes: 171
tot_uptimes_duration: 10200.012160002138
