comms_cons: 67.94785919719746
finished_reconf: true
global_termination_time: 666045.805
local_termination_time: 402623.0001600008
node_cons: 13661.966323359777
tot_aggregated_send: 9106
tot_msg_rcv: 519
tot_msg_sent: 702
tot_reconf_duration: 3.05
tot_sleeping_duration: 655845.7867600003
tot_uptimes: 171
tot_uptimes_duration: 10200.018239999772
