comms_cons: 335.1839232177301
finished_reconf: true
global_termination_time: 3349459.682
local_termination_time: 1509461.3843599998
node_cons: 68871.89937999831
tot_aggregated_send: 47502
tot_msg_rcv: 1254
tot_msg_sent: 2190
tot_reconf_duration: 15.110000000000001
tot_sleeping_duration: 3298039.682
tot_uptimes: 858
tot_uptimes_duration: 51420.0
