comms_cons: 334.73571840389013
finished_reconf: true
global_termination_time: 3344730.746
local_termination_time: 1566018.77936
node_cons: 68777.66967340151
tot_aggregated_send: 45588
tot_msg_rcv: 1715
tot_msg_sent: 3576
tot_reconf_duration: 4.8100000000000005
tot_sleeping_duration: 3293370.6730400273
tot_uptimes: 857
tot_uptimes_duration: 51360.07295997231
