comms_cons: 159.395046417452
finished_reconf: true
global_termination_time: 329246.0654000005
local_termination_time: 2594.1610400000013
node_cons: 20060.582577562396
tot_aggregated_send: 0
tot_msg_rcv: 9783
tot_msg_sent: 14443
tot_reconf_duration: 18.21
tot_sleeping_duration: 314282.7693599987
tot_uptimes: 246
tot_uptimes_duration: 14963.296040001767
