comms_cons: 266.8128768012549
finished_reconf: true
global_termination_time: 2654730.577
local_termination_time: 1494655.333999998
node_cons: 54557.40826223316
tot_aggregated_send: 37178
tot_msg_rcv: 1172
tot_msg_sent: 2204
tot_reconf_duration: 4.8100000000000005
tot_sleeping_duration: 2613990.564840005
tot_uptimes: 680
tot_uptimes_duration: 40740.0121599955
