comms_cons: 11.5267583999656
finished_reconf: true
global_termination_time: 115344.865
local_termination_time: 24871.85736
node_cons: 2334.010041119155
tot_aggregated_send: 1508
tot_msg_rcv: 71
tot_msg_sent: 173
tot_reconf_duration: 3.05
tot_sleeping_duration: 113604.85892000064
tot_uptimes: 30
tot_uptimes_duration: 1740.0060799993662
