comms_cons: 182.42611192045933
finished_reconf: true
global_termination_time: 928016.545
local_termination_time: 516.5510399999995
node_cons: 19046.54976111686
tot_aggregated_send: 0
tot_msg_rcv: 13979
tot_msg_sent: 13747
tot_reconf_duration: 4.390000000000001
tot_sleeping_duration: 913796.5389200024
tot_uptimes: 238
tot_uptimes_duration: 14220.006079997635
