comms_cons: 206.79443829658894
finished_reconf: true
global_termination_time: 1073172.157
local_termination_time: 134333.01536000005
node_cons: 22020.14278783166
tot_aggregated_send: 0
tot_msg_rcv: 16163
tot_msg_sent: 15269
tot_reconf_duration: 5.1
tot_sleeping_duration: 1056732.114440006
tot_uptimes: 275
tot_uptimes_duration: 16440.042559993744
