comms_cons: 110.05708799144105
finished_reconf: true
global_termination_time: 1069023.678
local_termination_time: 591879.09836
node_cons: 21950.737424472016
tot_aggregated_send: 14268
tot_msg_rcv: 897
tot_msg_sent: 1563
tot_reconf_duration: 13.17
tot_sleeping_duration: 1052643.653680006
tot_uptimes: 274
tot_uptimes_duration: 16380.024319993972
