comms_cons: 110.6597951919311
finished_reconf: true
global_termination_time: 1066947.461
local_termination_time: 772223.9045999998
node_cons: 21953.36380335511
tot_aggregated_send: 14152
tot_msg_rcv: 994
tot_msg_sent: 1673
tot_reconf_duration: 15.110000000000001
tot_sleeping_duration: 1050567.4427600037
tot_uptimes: 274
tot_uptimes_duration: 16380.018239996338
