comms_cons: 109.26077439100895
finished_reconf: true
global_termination_time: 1068624.262
local_termination_time: 771908.5536799984
node_cons: 21947.722664467296
tot_aggregated_send: 14152
tot_msg_rcv: 828
tot_msg_sent: 1627
tot_reconf_duration: 10.95
tot_sleeping_duration: 1052244.2376800096
tot_uptimes: 274
tot_uptimes_duration: 16380.024319990538
