comms_cons: 108.54547838837131
finished_reconf: true
global_termination_time: 1067613.241
local_termination_time: 104611.02391999983
node_cons: 21943.48026560032
tot_aggregated_send: 13746
tot_msg_rcv: 897
tot_msg_sent: 1854
tot_reconf_duration: 7.819999999999999
tot_sleeping_duration: 1051233.2105999996
tot_uptimes: 274
tot_uptimes_duration: 16380.030400000207
