comms_cons: 37.845440001215984
finished_reconf: true
global_termination_time: 355967.1848000007
local_termination_time: 355967.1436800007
node_cons: 7409.343383929546
tot_aggregated_send: 4394
tot_msg_rcv: 422
tot_msg_sent: 935
tot_reconf_duration: 24.59
tot_sleeping_duration: 350458.6335199936
tot_uptimes: 92
tot_uptimes_duration: 5508.551280007116
