comms_cons: 933.2778104241852
finished_reconf: true
global_termination_time: 2109808.115
local_termination_time: 291919.9024800001
node_cons: 127972.49063681762
tot_aggregated_send: 0
tot_msg_rcv: 57363
tot_msg_sent: 84490
tot_reconf_duration: 18.21
tot_sleeping_duration: 2014253.401440014
tot_uptimes: 1569
tot_uptimes_duration: 95554.71355998615
