comms_cons: 384.81870048373435
finished_reconf: true
global_termination_time: 2109808.115
local_termination_time: 293748.13136000006
node_cons: 43390.188967826616
tot_aggregated_send: 0
tot_msg_rcv: 29770
tot_msg_sent: 28719
tot_reconf_duration: 4.8100000000000005
tot_sleeping_duration: 2077408.0724400098
tot_uptimes: 541
tot_uptimes_duration: 32400.04255999031
