comms_cons: 210.39420798583447
finished_reconf: true
global_termination_time: 2108404.385239988
local_termination_time: 80538.73643999989
node_cons: 43393.18381940892
tot_aggregated_send: 29174
tot_msg_rcv: 940
tot_msg_sent: 1863
tot_reconf_duration: 11.31
tot_sleeping_duration: 2076008.698280011
tot_uptimes: 540
tot_uptimes_duration: 32395.686959977087
