comms_cons: 615.3584385141012
finished_reconf: true
global_termination_time: 6188923.518
local_termination_time: 2443187.75336
node_cons: 127267.13708669918
tot_aggregated_send: 84912
tot_msg_rcv: 2988
tot_msg_sent: 5630
tot_reconf_duration: 6.279999999999999
tot_sleeping_duration: 6093883.481520013
tot_uptimes: 1585
tot_uptimes_duration: 95040.0364799872
