comms_cons: 604.5483648966592
finished_reconf: true
global_termination_time: 6183412.712
local_termination_time: 2930135.5663599996
node_cons: 127196.12928334728
tot_aggregated_send: 85608
tot_msg_rcv: 2101
tot_msg_sent: 4178
tot_reconf_duration: 13.17
tot_sleeping_duration: 6088432.693760007
tot_uptimes: 1584
tot_uptimes_duration: 94980.0182399936
