comms_cons: 619.7508097638232
finished_reconf: true
global_termination_time: 6183110.626
local_termination_time: 1677542.7075599986
node_cons: 127188.92097116655
tot_aggregated_send: 85318
tot_msg_rcv: 3129
tot_msg_sent: 5751
tot_reconf_duration: 7.819999999999999
tot_sleeping_duration: 6088130.565200022
tot_uptimes: 1584
tot_uptimes_duration: 94980.06079997796
