comms_cons: 618.4126721579628
finished_reconf: true
global_termination_time: 6184066.796
local_termination_time: 2238076.8517999984
node_cons: 127193.64410893287
tot_aggregated_send: 84854
tot_msg_rcv: 3086
tot_msg_sent: 6055
tot_reconf_duration: 11.31
tot_sleeping_duration: 6089086.747360017
tot_uptimes: 1584
tot_uptimes_duration: 94980.0486399827
