comms_cons: 43.98195200037766
finished_reconf: true
global_termination_time: 441328.138
local_termination_time: 189764.6609600006
node_cons: 9093.787121121439
tot_aggregated_send: 6264
tot_msg_rcv: 140
tot_msg_sent: 281
tot_reconf_duration: 11.31
tot_sleeping_duration: 434548.1319199989
tot_uptimes: 114
tot_uptimes_duration: 6780.006080001069
