comms_cons: 574.6962944668248
finished_reconf: true
global_termination_time: 5785658.367
local_termination_time: 1552059.558999998
node_cons: 118998.19914181269
tot_aggregated_send: 80388
tot_msg_rcv: 2318
tot_msg_sent: 4645
tot_reconf_duration: 9.11
tot_sleeping_duration: 5696796.658440017
tot_uptimes: 1482
tot_uptimes_duration: 88861.70855998225
