comms_cons: 574.9094016679983
finished_reconf: true
global_termination_time: 5787798.949
local_termination_time: 2183156.23836
node_cons: 119089.30716446483
tot_aggregated_send: 81316
tot_msg_rcv: 1943
tot_msg_sent: 4121
tot_reconf_duration: 18.700000000000003
tot_sleeping_duration: 5698878.9246800095
tot_uptimes: 1483
tot_uptimes_duration: 88920.02431999124
