comms_cons: 573.3780608882698
finished_reconf: true
global_termination_time: 5784483.889
local_termination_time: 3597913.7671999997
node_cons: 118999.70019999618
tot_aggregated_send: 82244
tot_msg_rcv: 1710
tot_msg_sent: 3196
tot_reconf_duration: 11.899999999999999
tot_sleeping_duration: 5695623.889
tot_uptimes: 1482
tot_uptimes_duration: 88860.0
