comms_cons: 269.6353536120911
finished_reconf: true
global_termination_time: 2809578.211
local_termination_time: 7355.282
node_cons: 57850.35148334946
tot_aggregated_send: 39088
tot_msg_rcv: 667
tot_msg_sent: 1228
tot_reconf_duration: 4.07
tot_sleeping_duration: 2766378.1927600075
tot_uptimes: 720
tot_uptimes_duration: 43200.0182399929
