comms_cons: 278.12433922169026
finished_reconf: true
global_termination_time: 2808339.019
local_termination_time: 7446.545
node_cons: 57854.44720446661
tot_aggregated_send: 38854
tot_msg_rcv: 1237
tot_msg_sent: 2180
tot_reconf_duration: 7.08
tot_sleeping_duration: 2765138.9946800093
tot_uptimes: 720
tot_uptimes_duration: 43200.02431999077
