comms_cons: 65.46304000703529
finished_reconf: true
global_termination_time: 330324.409
local_termination_time: 6788.465360000001
node_cons: 6779.3268411214385
tot_aggregated_send: 0
tot_msg_rcv: 5093
tot_msg_sent: 4857
tot_reconf_duration: 22.65
tot_sleeping_duration: 325284.4029199989
tot_uptimes: 85
tot_uptimes_duration: 5040.006080001069
