comms_cons: 64.8978560074267
finished_reconf: true
global_termination_time: 329705.726
local_termination_time: 5209.027800000003
node_cons: 6754.529761121437
tot_aggregated_send: 0
tot_msg_rcv: 4992
tot_msg_sent: 4873
tot_reconf_duration: 4.390000000000001
tot_sleeping_duration: 324665.71991999896
tot_uptimes: 85
tot_uptimes_duration: 5040.006080001069
