comms_cons: 49.85122560037503
finished_reconf: true
global_termination_time: 499355.832
local_termination_time: 21208.452360000003
node_cons: 10215.980501120306
tot_aggregated_send: 6960
tot_msg_rcv: 218
tot_msg_sent: 399
tot_reconf_duration: 9.42
tot_sleeping_duration: 491735.82591999974
tot_uptimes: 128
tot_uptimes_duration: 7620.0060800002175
