comms_cons: 56.482432000395335
finished_reconf: true
global_termination_time: 567220.219
local_termination_time: 31706.97732
node_cons: 11659.919560000015
tot_aggregated_send: 8120
tot_msg_rcv: 182
tot_msg_sent: 283
tot_reconf_duration: 7.819999999999999
tot_sleeping_duration: 558520.219
tot_uptimes: 146
tot_uptimes_duration: 8700.0
