comms_cons: 153.8961984161931
finished_reconf: true
global_termination_time: 319001.56248000014
local_termination_time: 1196.3850400000015
node_cons: 19446.428589322248
tot_aggregated_send: 0
tot_msg_rcv: 9391
tot_msg_sent: 14000
tot_reconf_duration: 18.21
tot_sleeping_duration: 304496.9325999985
tot_uptimes: 241
tot_uptimes_duration: 14504.629880001658
