comms_cons: 1.6513791999945442
finished_reconf: true
global_termination_time: 13173.883
local_termination_time: 11173.53236
node_cons: 249.4667599999991
tot_aggregated_send: 0
tot_msg_rcv: 128
tot_msg_sent: 123
tot_reconf_duration: 6.22
tot_sleeping_duration: 12993.883
tot_uptimes: 4
tot_uptimes_duration: 180.0
