comms_cons: 1111.6483323640475
finished_reconf: true
global_termination_time: 2555720.908
local_termination_time: 703652.2344799998
node_cons: 154538.3145874352
tot_aggregated_send: 0
tot_msg_rcv: 68386
tot_msg_sent: 100579
tot_reconf_duration: 18.21
tot_sleeping_duration: 2440326.1466800296
tot_uptimes: 1890
tot_uptimes_duration: 115394.76131997025
