comms_cons: 253.6090495929942
finished_reconf: true
global_termination_time: 2551649.045
local_termination_time: 1293047.629
node_cons: 52475.66857175634
tot_aggregated_send: 36540
tot_msg_rcv: 681
tot_msg_sent: 1326
tot_reconf_duration: 9.11
tot_sleeping_duration: 2512468.091160002
tot_uptimes: 654
tot_uptimes_duration: 39180.95383999776
