comms_cons: 257.001164793771
finished_reconf: true
global_termination_time: 2552497.569
local_termination_time: 932287.1263599998
node_cons: 52469.46721005583
tot_aggregated_send: 34800
tot_msg_rcv: 1410
tot_msg_sent: 2853
tot_reconf_duration: 5.43
tot_sleeping_duration: 2513317.5142800175
tot_uptimes: 654
tot_uptimes_duration: 39180.0547199826
