comms_cons: 0.7171328000000264
finished_reconf: true
global_termination_time: 4153.027
local_termination_time: 224.69136
node_cons: 101.17171999999997
tot_aggregated_send: 0
tot_msg_rcv: 65
tot_msg_sent: 44
tot_reconf_duration: 15.34
tot_sleeping_duration: 4093.027
tot_uptimes: 2
tot_uptimes_duration: 59.99999999999997
