comms_cons: 1.0724095999997076
finished_reconf: true
global_termination_time: 5808.667
local_termination_time: 237.35436
node_cons: 84.52263999999998
tot_aggregated_send: 0
tot_msg_rcv: 106
tot_msg_sent: 57
tot_reconf_duration: 3.08
tot_sleeping_duration: 5748.667
tot_uptimes: 2
tot_uptimes_duration: 59.99999999999997
