comms_cons: 307.44336617497174
finished_reconf: true
global_termination_time: 2029087.899
local_termination_time: 806853.9252399999
node_cons: 41727.243123350185
tot_aggregated_send: 0
tot_msg_rcv: 23707
tot_msg_sent: 23023
tot_reconf_duration: 22.65
tot_sleeping_duration: 1997947.880760007
tot_uptimes: 520
tot_uptimes_duration: 31140.018239992904
