comms_cons: 199.05161599443994
finished_reconf: true
global_termination_time: 2024838.574
local_termination_time: 1019635.5596799995
node_cons: 41634.004859999724
tot_aggregated_send: 29058
tot_msg_rcv: 452
tot_msg_sent: 744
tot_reconf_duration: 13.17
tot_sleeping_duration: 1993758.574
tot_uptimes: 519
tot_uptimes_duration: 31080.0
