comms_cons: 202.22292478735505
finished_reconf: true
global_termination_time: 2024760.929
local_termination_time: 760081.8403199986
node_cons: 41622.12232558384
tot_aggregated_send: 27608
tot_msg_rcv: 1056
tot_msg_sent: 2071
tot_reconf_duration: 4.390000000000001
tot_sleeping_duration: 1993680.8986000118
tot_uptimes: 519
tot_uptimes_duration: 31080.030399988173
