comms_cons: 200.7304575809519
finished_reconf: true
global_termination_time: 2026173.631
local_termination_time: 809721.0773599999
node_cons: 41620.31074670072
tot_aggregated_send: 27202
tot_msg_rcv: 1149
tot_msg_sent: 2158
tot_reconf_duration: 3.05
tot_sleeping_duration: 1995093.5945200142
tot_uptimes: 519
tot_uptimes_duration: 31080.036479985807
