comms_cons: 200.73201918432417
finished_reconf: true
global_termination_time: 2026089.334
local_termination_time: 993901.1413999993
node_cons: 41624.583042233455
tot_aggregated_send: 27260
tot_msg_rcv: 1098
tot_msg_sent: 2153
tot_reconf_duration: 6.22
tot_sleeping_duration: 1995009.3218400048
tot_uptimes: 519
tot_uptimes_duration: 31080.01215999527
