comms_cons: 202.86963198640223
finished_reconf: true
global_termination_time: 2024158.67424
local_termination_time: 589782.4204799997
node_cons: 41651.89937271013
tot_aggregated_send: 28362
tot_msg_rcv: 834
tot_msg_sent: 1638
tot_reconf_duration: 11.31
tot_sleeping_duration: 1993063.4237600071
tot_uptimes: 519
tot_uptimes_duration: 31095.250479992945
