comms_cons: 54.515251200408144
finished_reconf: true
global_termination_time: 548017.762
local_termination_time: 191832.60836000004
node_cons: 11268.43172000005
tot_aggregated_send: 7714
tot_msg_rcv: 180
tot_msg_sent: 392
tot_reconf_duration: 15.34
tot_sleeping_duration: 539617.762
tot_uptimes: 141
tot_uptimes_duration: 8400.00000000003
