comms_cons: 55.206694400758394
finished_reconf: true
global_termination_time: 549302.688
local_termination_time: 134169.84236000007
node_cons: 11255.164060000025
tot_aggregated_send: 7656
tot_msg_rcv: 276
tot_msg_sent: 459
tot_reconf_duration: 5.57
tot_sleeping_duration: 540902.688
tot_uptimes: 141
tot_uptimes_duration: 8400.0
