comms_cons: 513.2385472864838
finished_reconf: true
global_termination_time: 2599122.6405999977
local_termination_time: 1981.60136
node_cons: 53462.04455174639
tot_aggregated_send: 0
tot_msg_rcv: 39428
tot_msg_sent: 38578
tot_reconf_duration: 11.31
tot_sleeping_duration: 2559207.266760007
tot_uptimes: 666
tot_uptimes_duration: 39915.37383999047
