comms_cons: 44.67339520117449
finished_reconf: true
global_termination_time: 451191.465
local_termination_time: 246377.97648000007
node_cons: 9246.03394112145
tot_aggregated_send: 5742
tot_msg_rcv: 350
tot_msg_sent: 698
tot_reconf_duration: 5.1
tot_sleeping_duration: 444291.45891999896
tot_uptimes: 116
tot_uptimes_duration: 6900.006080001069
