comms_cons: 409.0389564539657
finished_reconf: true
global_termination_time: 2265769.453
local_termination_time: 577330.758239999
node_cons: 46628.04825228464
tot_aggregated_send: 0
tot_msg_rcv: 31690
tot_msg_sent: 30480
tot_reconf_duration: 22.65
tot_sleeping_duration: 2230969.3861200265
tot_uptimes: 581
tot_uptimes_duration: 34800.06687997398
