comms_cons: 223.34698879222975
finished_reconf: true
global_termination_time: 2263761.183
local_termination_time: 1368766.52736
node_cons: 46551.217399999514
tot_aggregated_send: 32654
tot_msg_rcv: 389
tot_msg_sent: 904
tot_reconf_duration: 25.299999999999997
tot_sleeping_duration: 2229021.183
tot_uptimes: 580
tot_uptimes_duration: 34740.0
