comms_cons: 231.8923647769999
finished_reconf: true
global_termination_time: 2263780.963
local_termination_time: 594481.76036
node_cons: 46525.3881711679
tot_aggregated_send: 30276
tot_msg_rcv: 1656
tot_msg_sent: 3316
tot_reconf_duration: 6.22
tot_sleeping_duration: 2229040.9022000236
tot_uptimes: 580
tot_uptimes_duration: 34740.060799976345
