comms_cons: 1.7434879999942396
finished_reconf: true
global_termination_time: 14470.579
local_termination_time: 11092.23236
node_cons: 246.98161999999923
tot_aggregated_send: 0
tot_msg_rcv: 142
tot_msg_sent: 123
tot_reconf_duration: 4.390000000000001
tot_sleeping_duration: 14290.579
tot_uptimes: 4
tot_uptimes_duration: 180.0
