comms_cons: 285.8208128223373
finished_reconf: true
global_termination_time: 2809387.038
local_termination_time: 621007.0403599999
node_cons: 57853.368945583796
tot_aggregated_send: 38454
tot_msg_rcv: 1680
tot_msg_sent: 3310
tot_reconf_duration: 6.279999999999999
tot_sleeping_duration: 2766187.0076000113
tot_uptimes: 720
tot_uptimes_duration: 43200.03039998864
