comms_cons: 285.9937600128115
finished_reconf: true
global_termination_time: 2809003.985
local_termination_time: 255619.75736000008
node_cons: 57879.23982881187
tot_aggregated_send: 38686
tot_msg_rcv: 1719
tot_msg_sent: 3064
tot_reconf_duration: 25.299999999999997
tot_sleeping_duration: 2765803.92344002
tot_uptimes: 720
tot_uptimes_duration: 43200.061559979746
