comms_cons: 286.40552961770993
finished_reconf: true
global_termination_time: 2809610.632
local_termination_time: 725051.4183599999
node_cons: 57865.68056670055
tot_aggregated_send: 38686
tot_msg_rcv: 1779
tot_msg_sent: 3067
tot_reconf_duration: 15.34
tot_sleeping_duration: 2766410.595520014
tot_uptimes: 720
tot_uptimes_duration: 43200.03647998627
