comms_cons: 189.30457591275882
finished_reconf: true
global_termination_time: 958385.315
local_termination_time: 413509.7693600001
node_cons: 19714.074982238326
tot_aggregated_send: 0
tot_msg_rcv: 14580
tot_msg_sent: 14195
tot_reconf_duration: 22.65
tot_sleeping_duration: 943685.3028400012
tot_uptimes: 246
tot_uptimes_duration: 14700.012159998703
