comms_cons: 96.09579519572249
finished_reconf: true
global_termination_time: 958922.537
local_termination_time: 531996.699
node_cons: 19699.127967027693
tot_aggregated_send: 12992
tot_msg_rcv: 516
tot_msg_sent: 1098
tot_reconf_duration: 10.95
tot_sleeping_duration: 944221.8216400092
tot_uptimes: 246
tot_uptimes_duration: 14700.715359990834
