comms_cons: 190.77173751175047
finished_reconf: true
global_termination_time: 957966.388
local_termination_time: 412771.49760000006
node_cons: 19693.952124471965
tot_aggregated_send: 0
tot_msg_rcv: 14783
tot_msg_sent: 14214
tot_reconf_duration: 7.819999999999999
tot_sleeping_duration: 943266.3636800061
tot_uptimes: 246
tot_uptimes_duration: 14700.024319993972
