comms_cons: 9.921433599998002
finished_reconf: true
global_termination_time: 3344.3634400000005
local_termination_time: 3344.3223200000007
node_cons: 1147.294519160001
tot_aggregated_send: 0
tot_msg_rcv: 688
tot_msg_sent: 818
tot_reconf_duration: 24.59
tot_sleeping_duration: 2512.4730000000004
tot_uptimes: 13
tot_uptimes_duration: 831.8904400000001
