comms_cons: 138.85449596894028
finished_reconf: true
global_termination_time: 1242753.0612400002
local_termination_time: 83818.29547999997
node_cons: 25598.93150740603
tot_aggregated_send: 10962
tot_msg_rcv: 3871
tot_msg_sent: 6281
tot_reconf_duration: 18.21
tot_sleeping_duration: 1223653.5822800256
tot_uptimes: 319
tot_uptimes_duration: 19099.478959974604
