comms_cons: 123.47842559824109
finished_reconf: true
global_termination_time: 1243538.709
local_termination_time: 341729.25536000007
node_cons: 25558.73956000005
tot_aggregated_send: 17864
tot_msg_rcv: 331
tot_msg_sent: 573
tot_reconf_duration: 7.819999999999999
tot_sleeping_duration: 1224458.709
tot_uptimes: 319
tot_uptimes_duration: 19080.0
