comms_cons: 123.40668159812799
finished_reconf: true
global_termination_time: 1243232.221
local_termination_time: 190450.67200000092
node_cons: 25568.663695122686
tot_aggregated_send: 17864
tot_msg_rcv: 319
tot_msg_sent: 573
tot_reconf_duration: 11.31
tot_sleeping_duration: 1224148.348919998
tot_uptimes: 319
tot_uptimes_duration: 19083.87208000198
