comms_cons: 391.0376636729089
finished_reconf: true
global_termination_time: 1991061.8065999998
local_termination_time: 1099.7430400000014
node_cons: 40938.377536872795
tot_aggregated_send: 0
tot_msg_rcv: 29917
tot_msg_sent: 29518
tot_reconf_duration: 18.21
tot_sleeping_duration: 1960506.4306800049
tot_uptimes: 510
tot_uptimes_duration: 30555.375919994844
