comms_cons: 198.23424638978327
finished_reconf: true
global_termination_time: 1992713.642
local_termination_time: 385010.67296000017
node_cons: 40979.964544467024
tot_aggregated_send: 27782
tot_msg_rcv: 800
tot_msg_sent: 1548
tot_reconf_duration: 4.8100000000000005
tot_sleeping_duration: 1962113.6176800095
tot_uptimes: 511
tot_uptimes_duration: 30600.024319990538
