comms_cons: 189.34279679351863
finished_reconf: true
global_termination_time: 1992864.207
local_termination_time: 1070161.56836
node_cons: 40981.84675999965
tot_aggregated_send: 27260
tot_msg_rcv: 459
tot_msg_sent: 1060
tot_reconf_duration: 6.22
tot_sleeping_duration: 1962264.207
tot_uptimes: 511
tot_uptimes_duration: 30600.0
