comms_cons: 322.9728637543793
finished_reconf: true
global_termination_time: 2008506.338
local_termination_time: 882221.2735999998
node_cons: 41325.526841116545
tot_aggregated_send: 0
tot_msg_rcv: 24852
tot_msg_sent: 24240
tot_reconf_duration: 22.65
tot_sleeping_duration: 1977666.3319200024
tot_uptimes: 515
tot_uptimes_duration: 30840.006079997635
