comms_cons: 196.8694015948772
finished_reconf: true
global_termination_time: 2005915.571
local_termination_time: 1527664.7955999996
node_cons: 41221.34579999949
tot_aggregated_send: 28710
tot_msg_rcv: 397
tot_msg_sent: 816
tot_reconf_duration: 5.1
tot_sleeping_duration: 1975135.571
tot_uptimes: 514
tot_uptimes_duration: 30780.0
