comms_cons: 322.4252093551995
finished_reconf: true
global_termination_time: 2010139.984
local_termination_time: 886088.1023599999
node_cons: 41301.32454446708
tot_aggregated_send: 0
tot_msg_rcv: 24751
tot_msg_sent: 24257
tot_reconf_duration: 4.8100000000000005
tot_sleeping_duration: 1979299.9596800094
tot_uptimes: 515
tot_uptimes_duration: 30840.024319990538
