comms_cons: 196.56675839467007
finished_reconf: true
global_termination_time: 2008051.592
local_termination_time: 1582410.4695599985
node_cons: 41315.59171999979
tot_aggregated_send: 28884
tot_msg_rcv: 309
tot_msg_sent: 684
tot_reconf_duration: 15.34
tot_sleeping_duration: 1977211.592
tot_uptimes: 515
tot_uptimes_duration: 30840.0
