comms_cons: 2.6928639999942443
finished_reconf: true
global_termination_time: 14391.84548
local_termination_time: 14391.80436
node_cons: 292.7635187200006
tot_aggregated_send: 0
tot_msg_rcv: 235
tot_msg_sent: 173
tot_reconf_duration: 24.59
tot_sleeping_duration: 14198.141
tot_uptimes: 4
tot_uptimes_duration: 193.70448000000033
