comms_cons: 44.16019200133589
finished_reconf: true
global_termination_time: 428720.715
local_termination_time: 62033.22
node_cons: 8768.620309930302
tot_aggregated_send: 5391
tot_msg_rcv: 383
tot_msg_sent: 939
tot_reconf_duration: 6.22
tot_sleeping_duration: 422178.38971999235
tot_uptimes: 110
tot_uptimes_duration: 6542.325280007688
