comms_cons: 95.93852159973221
finished_reconf: true
global_termination_time: 990656.746
local_termination_time: 261157.76224000048
node_cons: 20332.56012112146
tot_aggregated_send: 13514
tot_msg_rcv: 420
tot_msg_sent: 648
tot_reconf_duration: 4.8100000000000005
tot_sleeping_duration: 975476.739919999
tot_uptimes: 254
tot_uptimes_duration: 15180.006080001069
