comms_cons: 96.48899200100178
finished_reconf: true
global_termination_time: 991174.91
local_termination_time: 614277.3121599993
node_cons: 20331.98976112148
tot_aggregated_send: 13340
tot_msg_rcv: 489
tot_msg_sent: 836
tot_reconf_duration: 4.390000000000001
tot_sleeping_duration: 975994.903919999
tot_uptimes: 254
tot_uptimes_duration: 15180.006080001069
