comms_cons: 193.54982390785884
finished_reconf: true
global_termination_time: 990316.457
local_termination_time: 2350.57936
node_cons: 20341.39526224289
tot_aggregated_send: 0
tot_msg_rcv: 14749
tot_msg_sent: 14668
tot_reconf_duration: 11.31
tot_sleeping_duration: 975136.4448399979
tot_uptimes: 254
tot_uptimes_duration: 15180.012160002138
