comms_cons: 1.1053056000024641
finished_reconf: true
global_termination_time: 4917.766
local_termination_time: 1321.1443600000002
node_cons: 93.13236000000009
tot_aggregated_send: 0
tot_msg_rcv: 118
tot_msg_sent: 50
tot_reconf_duration: 9.42
tot_sleeping_duration: 4857.766
tot_uptimes: 2
tot_uptimes_duration: 60.0
