comms_cons: 89.51722240016522
finished_reconf: true
global_termination_time: 946454.3
local_termination_time: 494133.8018800009
node_cons: 19453.266220000063
tot_aggregated_send: 13340
tot_msg_rcv: 97
tot_msg_sent: 169
tot_reconf_duration: 8.09
tot_sleeping_duration: 931934.3
tot_uptimes: 243
tot_uptimes_duration: 14520.0
