comms_cons: 90.83816320019336
finished_reconf: true
global_termination_time: 943844.935
local_termination_time: 253949.79436000003
node_cons: 19374.740501121436
tot_aggregated_send: 13398
tot_msg_rcv: 123
tot_msg_sent: 285
tot_reconf_duration: 9.42
tot_sleeping_duration: 929384.9289199989
tot_uptimes: 242
tot_uptimes_duration: 14460.006080001069
