comms_cons: 91.03043839999368
finished_reconf: true
global_termination_time: 941643.253
local_termination_time: 351748.1797600009
node_cons: 19383.220694641215
tot_aggregated_send: 13282
tot_msg_rcv: 180
tot_msg_sent: 375
tot_reconf_duration: 12.629999999999999
tot_sleeping_duration: 927180.1692399991
tot_uptimes: 242
tot_uptimes_duration: 14463.083760000882
