comms_cons: 188.18698231513073
finished_reconf: true
global_termination_time: 986033.109
local_termination_time: 131619.6158800004
node_cons: 20276.495687850038
tot_aggregated_send: 0
tot_msg_rcv: 14572
tot_msg_sent: 14029
tot_reconf_duration: 22.65
tot_sleeping_duration: 970913.0664399925
tot_uptimes: 253
tot_uptimes_duration: 15120.042560007481
