comms_cons: 100.52178559430348
finished_reconf: true
global_termination_time: 985724.372
local_termination_time: 229559.63748000056
node_cons: 20280.061823364347
tot_aggregated_send: 13166
tot_msg_rcv: 683
tot_msg_sent: 1429
tot_reconf_duration: 25.299999999999997
tot_sleeping_duration: 970604.3537599967
tot_uptimes: 253
tot_uptimes_duration: 15120.018240003206
