comms_cons: 97.98402559604291
finished_reconf: true
global_termination_time: 986538.948
local_termination_time: 333766.97536000004
node_cons: 20258.083944481135
tot_aggregated_send: 12876
tot_msg_rcv: 715
tot_msg_sent: 1302
tot_reconf_duration: 9.11
tot_sleeping_duration: 971418.9236799992
tot_uptimes: 253
tot_uptimes_duration: 15120.02432000084
