comms_cons: 99.16641279469813
finished_reconf: true
global_termination_time: 985573.912
local_termination_time: 246113.95636000004
node_cons: 20258.480501121438
tot_aggregated_send: 13630
tot_msg_rcv: 519
tot_msg_sent: 923
tot_reconf_duration: 9.42
tot_sleeping_duration: 970453.9059199989
tot_uptimes: 253
tot_uptimes_duration: 15120.006080001069
