comms_cons: 96.43133439833593
finished_reconf: true
global_termination_time: 986874.635
local_termination_time: 271528.77360000054
node_cons: 20260.582664476573
tot_aggregated_send: 13630
tot_msg_rcv: 351
tot_msg_sent: 676
tot_reconf_duration: 10.95
tot_sleeping_duration: 971754.6106800026
tot_uptimes: 253
tot_uptimes_duration: 15120.024319997407
