comms_cons: 186.80385271635072
finished_reconf: true
global_termination_time: 990186.259
local_termination_time: 132398.56836000003
node_cons: 20336.66398336429
tot_aggregated_send: 0
tot_msg_rcv: 14332
tot_msg_sent: 14062
tot_reconf_duration: 7.819999999999999
tot_sleeping_duration: 975006.2407599967
tot_uptimes: 254
tot_uptimes_duration: 15180.018240003206
