comms_cons: 102.78060159386307
finished_reconf: true
global_termination_time: 989077.652
local_termination_time: 55353.74480000005
node_cons: 20333.467210083712
tot_aggregated_send: 12876
tot_msg_rcv: 936
tot_msg_sent: 1810
tot_reconf_duration: 5.43
tot_sleeping_duration: 973897.5972799972
tot_uptimes: 254
tot_uptimes_duration: 15180.05472000275
