comms_cons: 382.90286082345114
finished_reconf: true
global_termination_time: 3878225.237
local_termination_time: 2518179.0574399987
node_cons: 79795.50485999792
tot_aggregated_send: 55970
tot_msg_rcv: 664
tot_msg_sent: 1565
tot_reconf_duration: 13.17
tot_sleeping_duration: 3818645.237
tot_uptimes: 994
tot_uptimes_duration: 59580.0
