comms_cons: 392.6585024568932
finished_reconf: true
global_termination_time: 3880231.839
local_termination_time: 920689.4263599999
node_cons: 79783.63860781617
tot_aggregated_send: 53128
tot_msg_rcv: 2083
tot_msg_sent: 4469
tot_reconf_duration: 4.390000000000001
tot_sleeping_duration: 3820651.7964400165
tot_uptimes: 994
tot_uptimes_duration: 59580.042559983674
