comms_cons: 406.7094334560235
finished_reconf: true
global_termination_time: 1008499.803
local_termination_time: 217440.30612000093
node_cons: 61559.77670564022
tot_aggregated_send: 0
tot_msg_rcv: 24876
tot_msg_sent: 36941
tot_reconf_duration: 18.21
tot_sleeping_duration: 962543.8302399989
tot_uptimes: 753
tot_uptimes_duration: 45955.972760001016
