comms_cons: 100.71503359735935
finished_reconf: true
global_termination_time: 1010505.845
local_termination_time: 89901.78099999999
node_cons: 20736.352689123203
tot_aggregated_send: 13163
tot_msg_rcv: 683
tot_msg_sent: 1463
tot_reconf_duration: 5.57
tot_sleeping_duration: 995025.0469199975
tot_uptimes: 259
tot_uptimes_duration: 15480.79808000238
