comms_cons: 101.46212479560248
finished_reconf: true
global_termination_time: 1011033.406
local_termination_time: 499140.81620000064
node_cons: 20748.57614335516
tot_aggregated_send: 14036
tot_msg_rcv: 468
tot_msg_sent: 917
tot_reconf_duration: 15.34
tot_sleeping_duration: 995553.3877600037
tot_uptimes: 259
tot_uptimes_duration: 15480.018239996338
