comms_cons: 270.59666558287523
finished_reconf: true
global_termination_time: 2736091.629
local_termination_time: 792252.9083599999
node_cons: 56245.59662446629
tot_aggregated_send: 37758
tot_msg_rcv: 1103
tot_msg_sent: 2268
tot_reconf_duration: 5.57
tot_sleeping_duration: 2694091.6046800097
tot_uptimes: 701
tot_uptimes_duration: 42000.02431999054
