comms_cons: 270.6469119908545
finished_reconf: true
global_termination_time: 2738722.293
local_termination_time: 1497813.3413599997
node_cons: 56322.49818223244
tot_aggregated_send: 38222
tot_msg_rcv: 879
tot_msg_sent: 2035
tot_reconf_duration: 3.05
tot_sleeping_duration: 2696662.280840005
tot_uptimes: 702
tot_uptimes_duration: 42060.01215999527
