comms_cons: 270.77860478422986
finished_reconf: true
global_termination_time: 2736034.523
local_termination_time: 1528870.947999999
node_cons: 56246.46304223266
tot_aggregated_send: 38338
tot_msg_rcv: 966
tot_msg_sent: 1852
tot_reconf_duration: 6.22
tot_sleeping_duration: 2694034.510840005
tot_uptimes: 701
tot_uptimes_duration: 42000.01215999527
