comms_cons: 268.33491198607896
finished_reconf: true
global_termination_time: 2736388.463
local_termination_time: 1536345.0393599998
node_cons: 56253.35897999911
tot_aggregated_send: 38280
tot_msg_rcv: 797
tot_msg_sent: 1708
tot_reconf_duration: 11.31
tot_sleeping_duration: 2694388.463
tot_uptimes: 701
tot_uptimes_duration: 42000.0
