comms_cons: 267.33934718962325
finished_reconf: true
global_termination_time: 2740819.56
local_termination_time: 1588389.9053199985
node_cons: 56325.72208111577
tot_aggregated_send: 38396
tot_msg_rcv: 681
tot_msg_sent: 1556
tot_reconf_duration: 5.43
tot_sleeping_duration: 2698759.5539200027
tot_uptimes: 702
tot_uptimes_duration: 42060.006079997635
