comms_cons: 61.048051200285485
finished_reconf: true
global_termination_time: 605968.012
local_termination_time: 345172.97936
node_cons: 12458.69418448568
tot_aggregated_send: 8178
tot_msg_rcv: 343
tot_msg_sent: 757
tot_reconf_duration: 4.390000000000001
tot_sleeping_duration: 596667.9876799957
tot_uptimes: 156
tot_uptimes_duration: 9300.024320004275
