comms_cons: 389.92366082839084
finished_reconf: true
global_termination_time: 3928102.336
local_termination_time: 2908222.41844
node_cons: 80750.25266334946
tot_aggregated_send: 54288
tot_msg_rcv: 1783
tot_msg_sent: 3194
tot_reconf_duration: 6.279999999999999
tot_sleeping_duration: 3867802.3177600065
tot_uptimes: 1006
tot_uptimes_duration: 60300.01823999337
