comms_cons: 387.43427203576334
finished_reconf: true
global_termination_time: 3926888.338
local_termination_time: 2915971.9526000004
node_cons: 80748.64208223208
tot_aggregated_send: 54288
tot_msg_rcv: 1637
tot_msg_sent: 2962
tot_reconf_duration: 5.1
tot_sleeping_duration: 3866588.3258400043
tot_uptimes: 1006
tot_uptimes_duration: 60300.0121599955
