comms_cons: 395.3575488441412
finished_reconf: true
global_termination_time: 3926669.083
local_termination_time: 1754409.865519998
node_cons: 80745.89888781744
tot_aggregated_send: 54810
tot_msg_rcv: 1863
tot_msg_sent: 3419
tot_reconf_duration: 3.05
tot_sleeping_duration: 3866369.0404400155
tot_uptimes: 1006
tot_uptimes_duration: 60300.04255998484
