comms_cons: 0.8881919999970674
finished_reconf: true
global_termination_time: 13190.676
local_termination_time: 7390.193360000001
node_cons: 248.5840599999984
tot_aggregated_send: 0
tot_msg_rcv: 70
tot_msg_sent: 65
tot_reconf_duration: 5.57
tot_sleeping_duration: 13010.676000000001
tot_uptimes: 4
tot_uptimes_duration: 180.0
