comms_cons: 371.41610856105456
finished_reconf: true
global_termination_time: 1274488.669
local_termination_time: 368117.08360000007
node_cons: 52051.02182099913
tot_aggregated_send: 0
tot_msg_rcv: 18908
tot_msg_sent: 37545
tot_reconf_duration: 13.17
tot_sleeping_duration: 1235628.97
tot_uptimes: 644
tot_uptimes_duration: 38859.698999999935
