comms_cons: 131.0830079916176
finished_reconf: true
global_termination_time: 1274710.395
local_termination_time: 128136.06035999996
node_cons: 26197.44525006992
tot_aggregated_send: 16994
tot_msg_rcv: 1006
tot_msg_sent: 1923
tot_reconf_duration: 4.8100000000000005
tot_sleeping_duration: 1255150.3402800076
tot_uptimes: 327
tot_uptimes_duration: 19560.054719992448
