comms_cons: 707.9862778940931
finished_reconf: true
global_termination_time: 1824940.907
local_termination_time: 892285.4344799998
node_cons: 110758.5610468146
tot_aggregated_send: 0
tot_msg_rcv: 43502
tot_msg_sent: 64108
tot_reconf_duration: 18.21
tot_sleeping_duration: 1742242.0034400164
tot_uptimes: 1363
tot_uptimes_duration: 82698.90355998343
