comms_cons: 180.54703359237226
finished_reconf: true
global_termination_time: 1824173.4854799989
local_termination_time: 1824173.444359999
node_cons: 37605.73418407341
tot_aggregated_send: 26318
tot_msg_rcv: 336
tot_msg_sent: 788
tot_reconf_duration: 24.59
tot_sleeping_duration: 1796113.4847600039
tot_uptimes: 468
tot_uptimes_duration: 28060.00071999518
