comms_cons: 179.63189758980138
finished_reconf: true
global_termination_time: 1830920.527
local_termination_time: 1142516.6947999995
node_cons: 37609.747701116765
tot_aggregated_send: 25056
tot_msg_rcv: 797
tot_msg_sent: 1450
tot_reconf_duration: 7.819999999999999
tot_sleeping_duration: 1802840.5209200024
tot_uptimes: 469
tot_uptimes_duration: 28080.006079997635
