comms_cons: 179.1450367977551
finished_reconf: true
global_termination_time: 1824811.458
local_termination_time: 1250884.86836
node_cons: 37539.61171999996
tot_aggregated_send: 26448
tot_msg_rcv: 271
tot_msg_sent: 510
tot_reconf_duration: 15.34
tot_sleeping_duration: 1796791.458
tot_uptimes: 468
tot_uptimes_duration: 28020.0
