comms_cons: 31.409318399911314
finished_reconf: true
global_termination_time: 13946.403240000003
local_termination_time: 110.82304000000019
node_cons: 4147.985364320058
tot_aggregated_send: 0
tot_msg_rcv: 2401
tot_msg_sent: 2373
tot_reconf_duration: 18.21
tot_sleeping_duration: 10867.04835999996
tot_uptimes: 47
tot_uptimes_duration: 3079.3548800000417
