comms_cons: 2.2698239999945926
finished_reconf: true
global_termination_time: 14505.441
local_termination_time: 5203.03736
node_cons: 248.58405999999962
tot_aggregated_send: 0
tot_msg_rcv: 175
tot_msg_sent: 169
tot_reconf_duration: 5.57
tot_sleeping_duration: 14325.441
tot_uptimes: 4
tot_uptimes_duration: 180.0
