comms_cons: 37.07379200016154
finished_reconf: true
global_termination_time: 378242.797
local_termination_time: 94551.28119999963
node_cons: 7723.259560000021
tot_aggregated_send: 5394
tot_msg_rcv: 74
tot_msg_sent: 167
tot_reconf_duration: 7.819999999999999
tot_sleeping_duration: 372482.797
tot_uptimes: 97
tot_uptimes_duration: 5760.000000000002
