comms_cons: 365.3613312006966
finished_reconf: true
global_termination_time: 3673847.893
local_termination_time: 2279500.2337199994
node_cons: 75553.98182334908
tot_aggregated_send: 50576
tot_msg_rcv: 1828
tot_msg_sent: 3126
tot_reconf_duration: 25.299999999999997
tot_sleeping_duration: 3617447.8747600066
tot_uptimes: 941
tot_uptimes_duration: 56400.01823999337
