comms_cons: 56.460640004029834
finished_reconf: true
global_termination_time: 246387.7946800008
local_termination_time: 2403.6003600000004
node_cons: 5154.669452086007
tot_aggregated_send: 0
tot_msg_rcv: 4836
tot_msg_sent: 3739
tot_reconf_duration: 18.21
tot_sleeping_duration: 242556.62195999632
tot_uptimes: 64
tot_uptimes_duration: 3831.1727200044843
