comms_cons: 85.24641921021487
finished_reconf: true
global_termination_time: 413059.1043600002
local_termination_time: 1191.4280400000014
node_cons: 8478.23241688884
tot_aggregated_send: 0
tot_msg_rcv: 6845
tot_msg_sent: 6107
tot_reconf_duration: 18.21
tot_sleeping_duration: 406745.80843999353
tot_uptimes: 106
tot_uptimes_duration: 6313.295920006596
