comms_cons: 52.877030400772426
finished_reconf: true
global_termination_time: 525508.984
local_termination_time: 36022.564960000025
node_cons: 10774.105004281995
tot_aggregated_send: 7192
tot_msg_rcv: 268
tot_msg_sent: 577
tot_reconf_duration: 6.279999999999999
tot_sleeping_duration: 517468.9714799986
tot_uptimes: 135
tot_uptimes_duration: 8040.012520001481
