comms_cons: 54.08290560089798
finished_reconf: true
global_termination_time: 530453.349
local_termination_time: 52390.763360000004
node_cons: 10850.098922242869
tot_aggregated_send: 7076
tot_msg_rcv: 389
tot_msg_sent: 756
tot_reconf_duration: 3.08
tot_sleeping_duration: 522353.3368399979
tot_uptimes: 136
tot_uptimes_duration: 8100.0121600021375
