comms_cons: 52.87703040099063
finished_reconf: true
global_termination_time: 525228.729
local_termination_time: 93969.77919999935
node_cons: 10782.735963364294
tot_aggregated_send: 7134
tot_msg_rcv: 274
tot_msg_sent: 629
tot_reconf_duration: 12.629999999999999
tot_sleeping_duration: 517188.71075999684
tot_uptimes: 135
tot_uptimes_duration: 8040.018240003206
