comms_cons: 54.21386240058829
finished_reconf: true
global_termination_time: 526129.617
local_termination_time: 112510.56319999989
node_cons: 10769.734464482302
tot_aggregated_send: 7076
tot_msg_rcv: 465
tot_msg_sent: 699
tot_reconf_duration: 3.05
tot_sleeping_duration: 518089.59267999826
tot_uptimes: 135
tot_uptimes_duration: 8040.024320001721
