comms_cons: 53.706636801120766
finished_reconf: true
global_termination_time: 525271.207
local_termination_time: 36024.37524000019
node_cons: 10779.506064479425
tot_aggregated_send: 6960
tot_msg_rcv: 395
tot_msg_sent: 809
tot_reconf_duration: 7.819999999999999
tot_sleeping_duration: 517228.72268000053
tot_uptimes: 135
tot_uptimes_duration: 8042.484319999559
