comms_cons: 132.46749439831137
finished_reconf: true
global_termination_time: 1340097.05
local_termination_time: 823473.721
node_cons: 27561.95257319381
tot_aggregated_send: 19255
tot_msg_rcv: 298
tot_msg_sent: 581
tot_reconf_duration: 3.08
tot_sleeping_duration: 1319516.1912000047
tot_uptimes: 344
tot_uptimes_duration: 20580.85879999539
