comms_cons: 133.77487359560058
finished_reconf: true
global_termination_time: 1340132.661
local_termination_time: 786040.0365999999
node_cons: 27567.239560000133
tot_aggregated_send: 19140
tot_msg_rcv: 446
tot_msg_sent: 747
tot_reconf_duration: 7.819999999999999
tot_sleeping_duration: 1319552.661
tot_uptimes: 344
tot_uptimes_duration: 20580.0
