comms_cons: 90.87848960027024
finished_reconf: true
global_termination_time: 926798.00648
local_termination_time: 4747.912
node_cons: 19068.98420984138
tot_aggregated_send: 13566
tot_msg_rcv: 67
tot_msg_sent: 179
tot_reconf_duration: 5.8100000000000005
tot_sleeping_duration: 912562.6859199989
tot_uptimes: 238
tot_uptimes_duration: 14235.320560001011
