comms_cons: 92.636723198275
finished_reconf: true
global_termination_time: 927933.149
local_termination_time: 4885.152
node_cons: 19050.21092223715
tot_aggregated_send: 13100
tot_msg_rcv: 340
tot_msg_sent: 640
tot_reconf_duration: 7.08
tot_sleeping_duration: 913713.1368400021
tot_uptimes: 238
tot_uptimes_duration: 14220.012159997852
