comms_cons: 133.31180159052613
finished_reconf: true
global_termination_time: 1334052.7655999998
local_termination_time: 1334052.7244799999
node_cons: 27447.75486063804
tot_aggregated_send: 18836
tot_msg_rcv: 487
tot_msg_sent: 939
tot_reconf_duration: 24.59
tot_sleeping_duration: 1313579.0078400015
tot_uptimes: 342
tot_uptimes_duration: 20473.757759998494
