comms_cons: 806.5843265536292
finished_reconf: true
global_termination_time: 8214390.501
local_termination_time: 4375486.935
node_cons: 168977.88861797666
tot_aggregated_send: 114021
tot_msg_rcv: 2804
tot_msg_sent: 5772
tot_reconf_duration: 13.17
tot_sleeping_duration: 8088206.779000013
tot_uptimes: 2104
tot_uptimes_duration: 126183.72199998703
