comms_cons: 393.45387525656054
finished_reconf: true
global_termination_time: 3952773.842
local_termination_time: 524551.7931599993
node_cons: 81321.28038669958
tot_aggregated_send: 54926
tot_msg_rcv: 1737
tot_msg_sent: 3140
tot_reconf_duration: 12.629999999999999
tot_sleeping_duration: 3892053.805520014
tot_uptimes: 1013
tot_uptimes_duration: 60720.03647998627
