comms_cons: 777.9016908765009
finished_reconf: true
global_termination_time: 3949760.8015999976
local_termination_time: 1387.8864800000022
node_cons: 81260.47763063294
tot_aggregated_send: 0
tot_msg_rcv: 59590
tot_msg_sent: 58643
tot_reconf_duration: 11.899999999999999
tot_sleeping_duration: 3889085.4338400015
tot_uptimes: 1012
tot_uptimes_duration: 60675.36775999627
