comms_cons: 399.39297927322036
finished_reconf: true
global_termination_time: 3950815.417
local_termination_time: 506288.02136
node_cons: 81232.24374781638
tot_aggregated_send: 54520
tot_msg_rcv: 2064
tot_msg_sent: 4122
tot_reconf_duration: 6.22
tot_sleeping_duration: 3890155.374440016
tot_uptimes: 1012
tot_uptimes_duration: 60660.04255998391
