comms_cons: 401.68647686603543
finished_reconf: true
global_termination_time: 3953380.37
local_termination_time: 532049.0735999998
node_cons: 81319.48782669981
tot_aggregated_send: 54694
tot_msg_rcv: 2358
tot_msg_sent: 4002
tot_reconf_duration: 11.31
tot_sleeping_duration: 3892660.333520014
tot_uptimes: 1013
tot_uptimes_duration: 60720.036479986506
