comms_cons: 130.51737598216866
finished_reconf: true
global_termination_time: 665829.061
local_termination_time: 2936.3363600000002
node_cons: 13682.53732112145
tot_aggregated_send: 0
tot_msg_rcv: 9990
tot_msg_sent: 9846
tot_reconf_duration: 18.21
tot_sleeping_duration: 655629.0549199989
tot_uptimes: 171
tot_uptimes_duration: 10200.006080001069
