comms_cons: 64.67353600033576
finished_reconf: true
global_termination_time: 664058.509
local_termination_time: 429194.5883600001
node_cons: 13742.281900000084
tot_aggregated_send: 9396
tot_msg_rcv: 121
tot_msg_sent: 313
tot_reconf_duration: 3.05
tot_sleeping_duration: 653798.509
tot_uptimes: 171
tot_uptimes_duration: 10260.0
