comms_cons: 66.77950720089333
finished_reconf: true
global_termination_time: 664018.70512
local_termination_time: 5470.130160000004
node_cons: 13686.595810801571
tot_aggregated_send: 9048
tot_msg_rcv: 346
tot_msg_sent: 757
tot_reconf_duration: 6.22
tot_sleeping_duration: 653803.507919999
tot_uptimes: 171
tot_uptimes_duration: 10215.19720000116
