comms_cons: 30.731443200626444
finished_reconf: true
global_termination_time: 307848.09496000025
local_termination_time: 205711.55344000025
node_cons: 6322.964258561757
tot_aggregated_send: 4234
tot_msg_rcv: 160
tot_msg_sent: 276
tot_reconf_duration: 25.299999999999997
tot_sleeping_duration: 303151.59991999896
tot_uptimes: 79
tot_uptimes_duration: 4696.495040001289
