comms_cons: 292.4603648143495
finished_reconf: true
global_termination_time: 2926630.66
local_termination_time: 536441.95136
node_cons: 60181.24082670025
tot_aggregated_send: 40484
tot_msg_rcv: 1264
tot_msg_sent: 2703
tot_reconf_duration: 4.8100000000000005
tot_sleeping_duration: 2881690.623520014
tot_uptimes: 750
tot_uptimes_duration: 44940.03647998604
