comms_cons: 248.80988799161378
finished_reconf: true
global_termination_time: 2469001.57
local_termination_time: 1010932.1224799989
node_cons: 50809.237399999336
tot_aggregated_send: 34800
tot_msg_rcv: 1185
tot_msg_sent: 1832
tot_reconf_duration: 25.299999999999997
tot_sleeping_duration: 2431081.57
tot_uptimes: 633
tot_uptimes_duration: 37920.0
