comms_cons: 245.98312959889552
finished_reconf: true
global_termination_time: 2469685.572
local_termination_time: 949492.7887999984
node_cons: 50787.25137999925
tot_aggregated_send: 35438
tot_msg_rcv: 740
tot_msg_sent: 1210
tot_reconf_duration: 9.11
tot_sleeping_duration: 2431765.572
tot_uptimes: 633
tot_uptimes_duration: 37920.0
