comms_cons: 253.54320639451151
finished_reconf: true
global_termination_time: 2472781.1
local_termination_time: 909468.491
node_cons: 50868.19590069169
tot_aggregated_send: 32883
tot_msg_rcv: 2031
tot_msg_sent: 3623
tot_reconf_duration: 6.22
tot_sleeping_duration: 2434797.717520021
tot_uptimes: 634
tot_uptimes_duration: 37983.38247997931
