comms_cons: 1.5197951999992
finished_reconf: true
global_termination_time: 14735.762
local_termination_time: 6968.477360000001
node_cons: 253.81236000000013
tot_aggregated_send: 0
tot_msg_rcv: 121
tot_msg_sent: 110
tot_reconf_duration: 9.42
tot_sleeping_duration: 14555.762
tot_uptimes: 4
tot_uptimes_duration: 180.0
