comms_cons: 2.2632447999925214
finished_reconf: true
global_termination_time: 15866.917
local_termination_time: 10032.45636
node_cons: 336.230100000001
tot_aggregated_send: 0
tot_msg_rcv: 178
tot_msg_sent: 166
tot_reconf_duration: 10.95
tot_sleeping_duration: 15626.917
tot_uptimes: 5
tot_uptimes_duration: 240.0
