comms_cons: 7.651609600134909
finished_reconf: true
global_termination_time: 59928.329
local_termination_time: 33479.83560000002
node_cons: 1216.0943611202963
tot_aggregated_send: 290
tot_msg_rcv: 408
tot_msg_sent: 465
tot_reconf_duration: 8.09
tot_sleeping_duration: 59028.32291999978
tot_uptimes: 16
tot_uptimes_duration: 900.0060800002175
