comms_cons: 8.443622400048863
finished_reconf: true
global_termination_time: 60188.806
local_termination_time: 17315.092999999997
node_cons: 1235.7253767202951
tot_aggregated_send: 346
tot_msg_rcv: 467
tot_msg_sent: 471
tot_reconf_duration: 18.700000000000003
tot_sleeping_duration: 59284.89951999978
tot_uptimes: 16
tot_uptimes_duration: 903.9064800002216
