comms_cons: 10.459609600233424
finished_reconf: true
global_termination_time: 65310.608
local_termination_time: 14081.534160000003
node_cons: 1300.3589467214658
tot_aggregated_send: 174
tot_msg_rcv: 658
tot_msg_sent: 758
tot_reconf_duration: 10.95
tot_sleeping_duration: 64350.571519998906
tot_uptimes: 17
tot_uptimes_duration: 960.0364800010939
