comms_cons: 8.992204800159202
finished_reconf: true
global_termination_time: 64510.169
local_termination_time: 30607.219080000006
node_cons: 1305.0196233608754
tot_aggregated_send: 348
tot_msg_rcv: 439
tot_msg_sent: 578
tot_reconf_duration: 14.4
tot_sleeping_duration: 63550.15075999935
tot_uptimes: 17
tot_uptimes_duration: 960.0182400006524
