comms_cons: 7.960832000170029
finished_reconf: true
global_termination_time: 62104.444
local_termination_time: 5613.02936
node_cons: 1211.6808267209
tot_aggregated_send: 174
tot_msg_rcv: 392
tot_msg_sent: 644
tot_reconf_duration: 4.8100000000000005
tot_sleeping_duration: 61204.40751999933
tot_uptimes: 16
tot_uptimes_duration: 900.0364800006719
