comms_cons: 8.836492800171849
finished_reconf: true
global_termination_time: 59877.507240000035
local_termination_time: 19213.715680000005
node_cons: 1231.546495320636
tot_aggregated_send: 290
tot_msg_rcv: 517
tot_msg_sent: 536
tot_reconf_duration: 5.43
tot_sleeping_duration: 58963.26335999956
tot_uptimes: 16
tot_uptimes_duration: 914.2438800004747
