comms_cons: 825.9473090130329
finished_reconf: true
global_termination_time: 8278932.563
local_termination_time: 3520226.4203999992
node_cons: 170355.21438781352
tot_aggregated_send: 115768
tot_msg_rcv: 3431
tot_msg_sent: 6339
tot_reconf_duration: 25.299999999999997
tot_sleeping_duration: 8151732.520440015
tot_uptimes: 2121
tot_uptimes_duration: 127200.04255998484
