comms_cons: 817.2590273624056
finished_reconf: true
global_termination_time: 8281004.192
local_termination_time: 5029814.727359999
node_cons: 170341.35194446184
tot_aggregated_send: 115014
tot_msg_rcv: 3186
tot_msg_sent: 6018
tot_reconf_duration: 15.110000000000001
tot_sleeping_duration: 8153804.167680008
tot_uptimes: 2121
tot_uptimes_duration: 127200.02431999147
