comms_cons: 813.2266497359747
finished_reconf: true
global_termination_time: 8282121.117
local_termination_time: 5869861.743359999
node_cons: 170346.22716446166
tot_aggregated_send: 115536
tot_msg_rcv: 2520
tot_msg_sent: 5550
tot_reconf_duration: 18.700000000000003
tot_sleeping_duration: 8154921.092680008
tot_uptimes: 2121
tot_uptimes_duration: 127200.02431999147
