comms_cons: 816.4360257370382
finished_reconf: true
global_termination_time: 8281715.842
local_termination_time: 5903474.97236
node_cons: 170335.7026644629
tot_aggregated_send: 115710
tot_msg_rcv: 2817
tot_msg_sent: 5566
tot_reconf_duration: 10.95
tot_sleeping_duration: 8154515.817680009
tot_uptimes: 2121
tot_uptimes_duration: 127200.02431999147
