comms_cons: 831.8508418391301
finished_reconf: true
global_termination_time: 8279073.928
local_termination_time: 920356.43
node_cons: 170325.74899558775
tot_aggregated_send: 114260
tot_msg_rcv: 3986
tot_msg_sent: 8187
tot_reconf_duration: 3.05
tot_sleeping_duration: 8151873.325240035
tot_uptimes: 2121
tot_uptimes_duration: 127200.60275996535
