comms_cons: 827.5202369821765
finished_reconf: true
global_termination_time: 8279198.453
local_termination_time: 3010059.810839999
node_cons: 170328.25535116543
tot_aggregated_send: 115652
tot_msg_rcv: 3406
tot_msg_sent: 6719
tot_reconf_duration: 5.43
tot_sleeping_duration: 8151998.392200021
tot_uptimes: 2121
tot_uptimes_duration: 127200.06079997844
