comms_cons: 31.552569599375172
finished_reconf: true
global_termination_time: 149729.0927200001
local_termination_time: 149729.0516000001
node_cons: 3104.8143436804517
tot_aggregated_send: 0
tot_msg_rcv: 2576
tot_msg_sent: 2217
tot_reconf_duration: 24.59
tot_sleeping_duration: 147435.2755999998
tot_uptimes: 39
tot_uptimes_duration: 2293.817120000327
