comms_cons: 14.605823999968706
finished_reconf: true
global_termination_time: 149729.29608000026
local_termination_time: 114224.48135999996
node_cons: 3081.9004571203177
tot_aggregated_send: 2146
tot_msg_rcv: 9
tot_msg_sent: 64
tot_reconf_duration: 3.05
tot_sleeping_duration: 147430.746
tot_uptimes: 39
tot_uptimes_duration: 2298.5500800002483
