comms_cons: 158.2839295818307
finished_reconf: true
global_termination_time: 1547662.619
local_termination_time: 328286.5533600001
node_cons: 31839.442450065362
tot_aggregated_send: 20706
tot_msg_rcv: 1095
tot_msg_sent: 2257
tot_reconf_duration: 18.21
tot_sleeping_duration: 1523902.564280011
tot_uptimes: 397
tot_uptimes_duration: 23760.054719989013
