comms_cons: 154.46050559369016
finished_reconf: true
global_termination_time: 1547700.103
local_termination_time: 451318.9363600001
node_cons: 31835.479861121516
tot_aggregated_send: 22040
tot_msg_rcv: 522
tot_msg_sent: 915
tot_reconf_duration: 15.34
tot_sleeping_duration: 1523940.0969199988
tot_uptimes: 397
tot_uptimes_duration: 23760.00608000107
