comms_cons: 159.90275837860588
finished_reconf: true
global_termination_time: 1548633.984
local_termination_time: 345194.06799999997
node_cons: 31821.833928466942
tot_aggregated_send: 20239
tot_msg_rcv: 1330
tot_msg_sent: 2738
tot_reconf_duration: 4.390000000000001
tot_sleeping_duration: 1524873.0636800097
tot_uptimes: 397
tot_uptimes_duration: 23760.920319990255
