comms_cons: 64.61047680064955
finished_reconf: true
global_termination_time: 631174.535
local_termination_time: 214912.75392000028
node_cons: 12965.531264485733
tot_aggregated_send: 8062
tot_msg_rcv: 670
tot_msg_sent: 1088
tot_reconf_duration: 22.65
tot_sleeping_duration: 621514.5106799958
tot_uptimes: 162
tot_uptimes_duration: 9660.024320004275
