comms_cons: 66.2092223998919
finished_reconf: true
global_termination_time: 630761.9637999984
local_termination_time: 630761.9226799984
node_cons: 13037.216836164778
tot_aggregated_send: 8178
tot_msg_rcv: 677
tot_msg_sent: 1206
tot_reconf_duration: 24.59
tot_sleeping_duration: 621050.3703599948
tot_uptimes: 162
tot_uptimes_duration: 9711.593440003548
