comms_cons: 62.910310400548155
finished_reconf: true
global_termination_time: 630960.907
local_termination_time: 158354.24536000006
node_cons: 12942.304060000028
tot_aggregated_send: 8642
tot_msg_rcv: 335
tot_msg_sent: 585
tot_reconf_duration: 5.57
tot_sleeping_duration: 621300.907
tot_uptimes: 162
tot_uptimes_duration: 9660.0
