comms_cons: 64.13529599998873
finished_reconf: true
global_termination_time: 635822.916
local_termination_time: 160746.84736000007
node_cons: 13022.038364485748
tot_aggregated_send: 8236
tot_msg_rcv: 522
tot_msg_sent: 990
tot_reconf_duration: 5.1
tot_sleeping_duration: 626102.8916799957
tot_uptimes: 163
tot_uptimes_duration: 9720.024320004275
