comms_cons: 61.87079680057214
finished_reconf: true
global_termination_time: 632057.16
local_termination_time: 356428.26348000014
node_cons: 12938.890041121515
tot_aggregated_send: 8758
tot_msg_rcv: 212
tot_msg_sent: 434
tot_reconf_duration: 3.05
tot_sleeping_duration: 622397.153919999
tot_uptimes: 162
tot_uptimes_duration: 9660.006080001069
