comms_cons: 65.77884160062477
finished_reconf: true
global_termination_time: 632170.726
local_termination_time: 214897.40748000005
node_cons: 12945.392124485712
tot_aggregated_send: 8004
tot_msg_rcv: 716
tot_msg_sent: 1278
tot_reconf_duration: 7.819999999999999
tot_sleeping_duration: 622510.7016799957
tot_uptimes: 162
tot_uptimes_duration: 9660.024320004275
