comms_cons: 65.63472640066124
finished_reconf: true
global_termination_time: 630762.7942400001
local_termination_time: 114264.45535999998
node_cons: 12976.00839496724
tot_aggregated_send: 8004
tot_msg_rcv: 714
tot_msg_sent: 1258
tot_reconf_duration: 15.34
tot_sleeping_duration: 621087.5315999946
tot_uptimes: 162
tot_uptimes_duration: 9675.262640005385
