comms_cons: 436.3062272449712
finished_reconf: true
global_termination_time: 4427376.29
local_termination_time: 346446.65136
node_cons: 91031.23860781656
tot_aggregated_send: 62002
tot_msg_rcv: 1464
tot_msg_sent: 2850
tot_reconf_duration: 4.390000000000001
tot_sleeping_duration: 4359396.247440016
tot_uptimes: 1134
tot_uptimes_duration: 67980.04255998437
