comms_cons: 0.15132159999950093
finished_reconf: true
global_termination_time: 3505.732960000003
local_termination_time: 3491.3873600000006
node_cons: 40.206447440004204
tot_aggregated_send: 0
tot_msg_rcv: 14
tot_msg_sent: 8
tot_reconf_duration: 6.22
tot_sleeping_duration: 3482.014
tot_uptimes: 1
tot_uptimes_duration: 23.71896000000288
