comms_cons: 78.63052799790677
finished_reconf: true
global_termination_time: 790464.49
local_termination_time: 4001.792
node_cons: 16250.421580000024
tot_aggregated_send: 11236
tot_msg_rcv: 257
tot_msg_sent: 458
tot_reconf_duration: 16.009999999999998
tot_sleeping_duration: 778344.49
tot_uptimes: 203
tot_uptimes_duration: 12120.0
