comms_cons: 78.57250559948451
finished_reconf: true
global_termination_time: 790418.291
local_termination_time: 7139.215
node_cons: 16245.296481121455
tot_aggregated_send: 11123
tot_msg_rcv: 236
tot_msg_sent: 582
tot_reconf_duration: 12.23
tot_sleeping_duration: 778298.2849199988
tot_uptimes: 203
tot_uptimes_duration: 12120.006080001069
