comms_cons: 77.73227520024012
finished_reconf: true
global_termination_time: 790132.717
local_termination_time: 6606.549
node_cons: 16233.815942240606
tot_aggregated_send: 11421
tot_msg_rcv: 101
tot_msg_sent: 292
tot_reconf_duration: 3.77
tot_sleeping_duration: 778012.7048399996
tot_uptimes: 203
tot_uptimes_duration: 12120.012160000435
