comms_cons: 106.23496961155446
finished_reconf: true
global_termination_time: 541566.595
local_termination_time: 277457.2937200006
node_cons: 11117.678700000046
tot_aggregated_send: 0
tot_msg_rcv: 8160
tot_msg_sent: 7988
tot_reconf_duration: 22.65
tot_sleeping_duration: 533286.595
tot_uptimes: 139
tot_uptimes_duration: 8280.0
