comms_cons: 56.048204801208186
finished_reconf: true
global_termination_time: 545178.883
local_termination_time: 283101.5158000003
node_cons: 11185.161142242854
tot_aggregated_send: 7134
tot_msg_rcv: 467
tot_msg_sent: 918
tot_reconf_duration: 13.17
tot_sleeping_duration: 536838.8708399979
tot_uptimes: 140
tot_uptimes_duration: 8340.012160002138
