comms_cons: 54.0218112005583
finished_reconf: true
global_termination_time: 543891.15
local_termination_time: 293128.7593600001
node_cons: 11171.41004112151
tot_aggregated_send: 7772
tot_msg_rcv: 150
tot_msg_sent: 289
tot_reconf_duration: 3.05
tot_sleeping_duration: 535551.1439199989
tot_uptimes: 140
tot_uptimes_duration: 8340.006080001069
