comms_cons: 55.249504000236996
finished_reconf: true
global_termination_time: 541998.674
local_termination_time: 128217.00595999966
node_cons: 11107.784284481153
tot_aggregated_send: 7192
tot_msg_rcv: 402
tot_msg_sent: 804
tot_reconf_duration: 15.34
tot_sleeping_duration: 533718.6496799992
tot_uptimes: 139
tot_uptimes_duration: 8280.02432000084
