comms_cons: 125.74167039437266
finished_reconf: true
global_termination_time: 1251318.4865999979
local_termination_time: 1251318.4865999979
node_cons: 25832.364157995074
tot_aggregated_send: 17444
tot_msg_rcv: 501
tot_msg_sent: 1166
tot_reconf_duration: 24.59
tot_sleeping_duration: 1232051.1446000016
tot_uptimes: 321
tot_uptimes_duration: 19267.34199999628
