comms_cons: 127.51210238901092
finished_reconf: true
global_termination_time: 1251436.079
local_termination_time: 787279.070239998
node_cons: 25718.43086447433
tot_aggregated_send: 17226
tot_msg_rcv: 823
tot_msg_sent: 1333
tot_reconf_duration: 6.22
tot_sleeping_duration: 1232235.1946800044
tot_uptimes: 321
tot_uptimes_duration: 19200.884319995646
