comms_cons: 135.3078271982824
finished_reconf: true
global_termination_time: 1387405.812
local_termination_time: 657622.57236
node_cons: 28531.319560000135
tot_aggregated_send: 20010
tot_msg_rcv: 201
tot_msg_sent: 355
tot_reconf_duration: 7.819999999999999
tot_sleeping_duration: 1366105.812
tot_uptimes: 356
tot_uptimes_duration: 21300.0
