comms_cons: 139.34745598916857
finished_reconf: true
global_termination_time: 1383889.9292400002
local_termination_time: 165765.78848000008
node_cons: 28496.291234953707
tot_aggregated_send: 19082
tot_msg_rcv: 699
tot_msg_sent: 1398
tot_reconf_duration: 6.22
tot_sleeping_duration: 1362614.466600005
tot_uptimes: 355
tot_uptimes_duration: 21275.46263999527
