comms_cons: 2.7275967999941906
finished_reconf: true
global_termination_time: 14686.654
local_termination_time: 10576.92636
node_cons: 249.5482399999984
tot_aggregated_send: 0
tot_msg_rcv: 244
tot_msg_sent: 170
tot_reconf_duration: 6.279999999999999
tot_sleeping_duration: 14506.654
tot_uptimes: 4
tot_uptimes_duration: 180.0
