comms_cons: 1.9079679999936958
finished_reconf: true
global_termination_time: 13451.067
local_termination_time: 11162.69248
node_cons: 271.7786999999995
tot_aggregated_send: 0
tot_msg_rcv: 161
tot_msg_sent: 129
tot_reconf_duration: 22.65
tot_sleeping_duration: 13271.067
tot_uptimes: 4
tot_uptimes_duration: 180.0
