comms_cons: 2.276403199992478
finished_reconf: true
global_termination_time: 11819.988
local_termination_time: 8025.406360000001
node_cons: 248.39394000000158
tot_aggregated_send: 0
tot_msg_rcv: 177
tot_msg_sent: 169
tot_reconf_duration: 5.43
tot_sleeping_duration: 11639.987999999998
tot_uptimes: 4
tot_uptimes_duration: 180.0
