comms_cons: 439.5274302153778
finished_reconf: true
global_termination_time: 1024249.7510000003
local_termination_time: 397635.60904000036
node_cons: 61992.7676359525
tot_aggregated_send: 0
tot_msg_rcv: 27017
tot_msg_sent: 39789
tot_reconf_duration: 18.21
tot_sleeping_duration: 977970.409360005
tot_uptimes: 753
tot_uptimes_duration: 46279.34163999522
