comms_cons: 68.10129920010517
finished_reconf: true
global_termination_time: 698445.627
local_termination_time: 666752.86836
node_cons: 14304.661900000085
tot_aggregated_send: 10034
tot_msg_rcv: 136
tot_msg_sent: 181
tot_reconf_duration: 3.05
tot_sleeping_duration: 687765.627
tot_uptimes: 179
tot_uptimes_duration: 10680.0
