comms_cons: 68.43025919926153
finished_reconf: true
global_termination_time: 696727.309
local_termination_time: 562747.3693199987
node_cons: 14308.96676000014
tot_aggregated_send: 10208
tot_msg_rcv: 82
tot_msg_sent: 111
tot_reconf_duration: 6.22
tot_sleeping_duration: 686047.309
tot_uptimes: 179
tot_uptimes_duration: 10680.0
