comms_cons: 83.82788479609809
finished_reconf: true
global_termination_time: 824844.271
local_termination_time: 91818.05159999996
node_cons: 16967.115262242904
tot_aggregated_send: 11310
tot_msg_rcv: 508
tot_msg_sent: 924
tot_reconf_duration: 11.31
tot_sleeping_duration: 812184.2588399978
tot_uptimes: 212
tot_uptimes_duration: 12660.012160002138
