comms_cons: 381.1793916827934
finished_reconf: true
global_termination_time: 1941416.2245999998
local_termination_time: 1588.9246000000005
node_cons: 39958.0144741547
tot_aggregated_send: 0
tot_msg_rcv: 29101
tot_msg_sent: 28835
tot_reconf_duration: 6.22
tot_sleeping_duration: 1911580.8491600037
tot_uptimes: 498
tot_uptimes_duration: 29835.375439996234
