comms_cons: 184.65602559848443
finished_reconf: true
global_termination_time: 1943552.078
local_termination_time: 726933.0889999999
node_cons: 39945.628062076634
tot_aggregated_send: 27425
tot_msg_rcv: 174
tot_msg_sent: 466
tot_reconf_duration: 11.31
tot_sleeping_duration: 1913731.1152800021
tot_uptimes: 498
tot_uptimes_duration: 29820.96271999774
