comms_cons: 111.66218239238673
finished_reconf: true
global_termination_time: 1115318.6090000002
local_termination_time: 988261.0703599999
node_cons: 22939.954651117278
tot_aggregated_send: 15312
tot_msg_rcv: 591
tot_msg_sent: 1069
tot_reconf_duration: 4.8100000000000005
tot_sleeping_duration: 1098191.3329200023
tot_uptimes: 286
tot_uptimes_duration: 17127.276079997886
