comms_cons: 99.95371519249964
finished_reconf: true
global_termination_time: 988869.7014799998
local_termination_time: 988869.6603599999
node_cons: 20395.189360953493
tot_aggregated_send: 13836
tot_msg_rcv: 530
tot_msg_sent: 827
tot_reconf_duration: 37.410000000000004
tot_sleeping_duration: 973675.9848400047
tot_uptimes: 254
tot_uptimes_duration: 15193.71663999511
