comms_cons: 100.79171839528752
finished_reconf: true
global_termination_time: 990879.049
local_termination_time: 93818.73635999998
node_cons: 20350.806167840856
tot_aggregated_send: 13572
tot_msg_rcv: 651
tot_msg_sent: 1098
tot_reconf_duration: 18.21
tot_sleeping_duration: 975699.0064399993
tot_uptimes: 254
tot_uptimes_duration: 15180.042560000613
