comms_cons: 175.98230393190374
finished_reconf: true
global_termination_time: 991181.489
local_termination_time: 310119.32448000007
node_cons: 20332.978364481125
tot_aggregated_send: 0
tot_msg_rcv: 13629
tot_msg_sent: 13120
tot_reconf_duration: 5.1
tot_sleeping_duration: 976001.464679999
tot_uptimes: 254
tot_uptimes_duration: 15180.02432000084
