comms_cons: 101.68216319478493
finished_reconf: true
global_termination_time: 989693.225
local_termination_time: 487649.43948000006
node_cons: 20360.418105593373
tot_aggregated_send: 13166
tot_msg_rcv: 796
tot_msg_sent: 1494
tot_reconf_duration: 25.299999999999997
tot_sleeping_duration: 974513.1946000049
tot_uptimes: 254
tot_uptimes_duration: 15180.030399995041
