comms_cons: 216.93596147973736
finished_reconf: true
global_termination_time: 1103086.271
local_termination_time: 709101.4625999999
node_cons: 22686.65498223373
tot_aggregated_send: 0
tot_msg_rcv: 16634
tot_msg_sent: 16339
tot_reconf_duration: 22.65
tot_sleeping_duration: 1086166.2588400047
tot_uptimes: 283
tot_uptimes_duration: 16920.01215999527
