comms_cons: 110.5305599935278
finished_reconf: true
global_termination_time: 1101229.848
local_termination_time: 354944.0659600011
node_cons: 22662.44454447194
tot_aggregated_send: 15428
tot_msg_rcv: 445
tot_msg_sent: 927
tot_reconf_duration: 4.8100000000000005
tot_sleeping_duration: 1084309.823680006
tot_uptimes: 283
tot_uptimes_duration: 16920.024319993958
