comms_cons: 877.4884481910321
finished_reconf: true
global_termination_time: 8796669.995
local_termination_time: 1619715.8123599987
node_cons: 180929.9033111645
tot_aggregated_send: 123772
tot_msg_rcv: 3436
tot_msg_sent: 6162
tot_reconf_duration: 3.05
tot_sleeping_duration: 8661549.93420002
tot_uptimes: 2253
tot_uptimes_duration: 135120.06079997844
