comms_cons: 877.501184206238
finished_reconf: true
global_termination_time: 8797342.919
local_termination_time: 1665517.79136
node_cons: 180936.38097116514
tot_aggregated_send: 123540
tot_msg_rcv: 3387
tot_msg_sent: 6447
tot_reconf_duration: 7.819999999999999
tot_sleeping_duration: 8662222.858200021
tot_uptimes: 2253
tot_uptimes_duration: 135120.06079997867
