comms_cons: 877.9257730575273
finished_reconf: true
global_termination_time: 8793490.102
local_termination_time: 2449772.19448
node_cons: 180852.78721004815
tot_aggregated_send: 121684
tot_msg_rcv: 3856
tot_msg_sent: 7898
tot_reconf_duration: 5.43
tot_sleeping_duration: 8658430.04728002
tot_uptimes: 2252
tot_uptimes_duration: 135060.0547199808
