comms_cons: 0.9474048000021122
finished_reconf: true
global_termination_time: 6129.921
local_termination_time: 1662.0973600000004
node_cons: 86.30162000000013
tot_aggregated_send: 0
tot_msg_rcv: 89
tot_msg_sent: 54
tot_reconf_duration: 4.390000000000001
tot_sleeping_duration: 6069.921
tot_uptimes: 2
tot_uptimes_duration: 60.0
