comms_cons: 284.87278081850815
finished_reconf: true
global_termination_time: 2809158.283
local_termination_time: 5692.665
node_cons: 57861.45718670915
tot_aggregated_send: 38383
tot_msg_rcv: 1743
tot_msg_sent: 3173
tot_reconf_duration: 12.23
tot_sleeping_duration: 2765958.2465200075
tot_uptimes: 720
tot_uptimes_duration: 43200.036479992676
