comms_cons: 99.74067199833235
finished_reconf: true
global_termination_time: 1009590.697
local_termination_time: 731464.678879998
node_cons: 20765.465545434145
tot_aggregated_send: 14558
tot_msg_rcv: 204
tot_msg_sent: 398
tot_reconf_duration: 18.21
tot_sleeping_duration: 994100.9760400044
tot_uptimes: 259
tot_uptimes_duration: 15489.72095999564
