comms_cons: 329.7348669503559
finished_reconf: true
global_termination_time: 2145831.509
local_termination_time: 683588.88
node_cons: 44148.7946297443
tot_aggregated_send: 0
tot_msg_rcv: 25521
tot_msg_sent: 24594
tot_reconf_duration: 22.65
tot_sleeping_duration: 2112883.0131600117
tot_uptimes: 550
tot_uptimes_duration: 32948.49583998858
