comms_cons: 213.48811519132528
finished_reconf: true
global_termination_time: 2145659.757
local_termination_time: 819613.84836
node_cons: 44122.82834111642
tot_aggregated_send: 30566
tot_msg_rcv: 617
tot_msg_sent: 1265
tot_reconf_duration: 11.899999999999999
tot_sleeping_duration: 2112719.750920003
tot_uptimes: 550
tot_uptimes_duration: 32940.006079997635
