comms_cons: 220.1314943771488
finished_reconf: true
global_termination_time: 2146209.572
local_termination_time: 732851.9803599999
node_cons: 44117.36097116797
tot_aggregated_send: 28768
tot_msg_rcv: 1608
tot_msg_sent: 3083
tot_reconf_duration: 7.819999999999999
tot_sleeping_duration: 2113269.511200024
tot_uptimes: 550
tot_uptimes_duration: 32940.060799976345
