comms_cons: 212.233427185086
finished_reconf: true
global_termination_time: 2148941.248
local_termination_time: 803243.931359998
node_cons: 44198.095301971625
tot_aggregated_send: 29058
tot_msg_rcv: 1069
tot_msg_sent: 2133
tot_reconf_duration: 6.22
tot_sleeping_duration: 2115939.270000021
tot_uptimes: 551
tot_uptimes_duration: 33001.97799997905
