comms_cons: 218.9573183744435
finished_reconf: true
global_termination_time: 2144614.906239997
local_termination_time: 94288.663
node_cons: 44141.181676766835
tot_aggregated_send: 28933
tot_msg_rcv: 1514
tot_msg_sent: 2832
tot_reconf_duration: 11.31
tot_sleeping_duration: 2111660.595040022
tot_uptimes: 550
tot_uptimes_duration: 32954.31119997555
