comms_cons: 268.2486782202846
finished_reconf: true
global_termination_time: 1347454.8860399993
local_termination_time: 364.51559999999904
node_cons: 27779.52043014342
tot_aggregated_send: 0
tot_msg_rcv: 20741
tot_msg_sent: 20033
tot_reconf_duration: 18.21
tot_sleeping_duration: 1326726.8866000117
tot_uptimes: 346
tot_uptimes_duration: 20727.999439987587
