comms_cons: 133.0708991965283
finished_reconf: true
global_termination_time: 1349021.023
local_termination_time: 458433.15836000006
node_cons: 27724.233941119164
tot_aggregated_send: 19604
tot_msg_rcv: 219
tot_msg_sent: 403
tot_reconf_duration: 5.1
tot_sleeping_duration: 1328321.0169200008
tot_uptimes: 346
tot_uptimes_duration: 20700.006079999366
