comms_cons: 134.1738943954537
finished_reconf: true
global_termination_time: 1351234.269
local_termination_time: 295248.84436000005
node_cons: 27815.524860000023
tot_aggregated_send: 19198
tot_msg_rcv: 336
tot_msg_sent: 859
tot_reconf_duration: 13.17
tot_sleeping_duration: 1330474.269
tot_uptimes: 347
tot_uptimes_duration: 20760.0
