comms_cons: 133.54460159566554
finished_reconf: true
global_termination_time: 1349447.356
local_termination_time: 451778.09336000006
node_cons: 27732.17010000006
tot_aggregated_send: 19430
tot_msg_rcv: 298
tot_msg_sent: 570
tot_reconf_duration: 10.95
tot_sleeping_duration: 1328747.356
tot_uptimes: 346
tot_uptimes_duration: 20700.0
