comms_cons: 139.33537918458495
finished_reconf: true
global_termination_time: 1350424.769
local_termination_time: 88716.85939999952
node_cons: 27723.945955658684
tot_aggregated_send: 17748
tot_msg_rcv: 1152
tot_msg_sent: 2279
tot_reconf_duration: 4.8100000000000005
tot_sleeping_duration: 1329724.6838800162
tot_uptimes: 346
tot_uptimes_duration: 20700.085119984054
