comms_cons: 138.13078398947587
finished_reconf: true
global_termination_time: 1348421.787
local_termination_time: 45892.61088000018
node_cons: 27721.55587566329
tot_aggregated_send: 17980
tot_msg_rcv: 968
tot_msg_sent: 2046
tot_reconf_duration: 3.05
tot_sleeping_duration: 1327721.7018800126
tot_uptimes: 346
tot_uptimes_duration: 20700.08511998749
