comms_cons: 1004.2885943381073
finished_reconf: true
global_termination_time: 2078959.5712399979
local_termination_time: 2078959.5712399979
node_cons: 125934.44507994689
tot_aggregated_send: 0
tot_msg_rcv: 61807
tot_msg_sent: 90836
tot_reconf_duration: 24.59
tot_sleeping_duration: 1984933.3936000047
tot_uptimes: 1535
tot_uptimes_duration: 94026.177639993
