comms_cons: 204.0933631948738
finished_reconf: true
global_termination_time: 2079903.127
local_termination_time: 1317446.6089599999
node_cons: 42761.728002233394
tot_aggregated_send: 28768
tot_msg_rcv: 859
tot_msg_sent: 1394
tot_reconf_duration: 15.34
tot_sleeping_duration: 2047983.1148400048
tot_uptimes: 533
tot_uptimes_duration: 31920.01215999527
