comms_cons: 203.78539519398885
finished_reconf: true
global_termination_time: 2079942.233
local_termination_time: 78748.55735999996
node_cons: 42747.44454446926
tot_aggregated_send: 29058
tot_msg_rcv: 631
tot_msg_sent: 1287
tot_reconf_duration: 4.8100000000000005
tot_sleeping_duration: 2048022.2086800078
tot_uptimes: 533
tot_uptimes_duration: 31920.02431999227
