comms_cons: 205.3571967883336
finished_reconf: true
global_termination_time: 2082650.333
local_termination_time: 1247709.991999998
node_cons: 42841.779977347585
tot_aggregated_send: 28536
tot_msg_rcv: 938
tot_msg_sent: 1740
tot_reconf_duration: 11.31
tot_sleeping_duration: 2050666.4487600091
tot_uptimes: 534
tot_uptimes_duration: 31983.884239990963
