comms_cons: 1.4276863999995046
finished_reconf: true
global_termination_time: 10559.858
local_termination_time: 4559.977360000001
node_cons: 191.43870000000075
tot_aggregated_send: 0
tot_msg_rcv: 122
tot_msg_sent: 95
tot_reconf_duration: 22.65
tot_sleeping_duration: 10439.858
tot_uptimes: 3
tot_uptimes_duration: 120.0
