comms_cons: 95.33323519819403
finished_reconf: true
global_termination_time: 965529.171
local_termination_time: 427710.233
node_cons: 19852.74840304125
tot_aggregated_send: 13918
tot_msg_rcv: 170
tot_msg_sent: 403
tot_reconf_duration: 6.279999999999999
tot_sleeping_duration: 950708.991639999
tot_uptimes: 248
tot_uptimes_duration: 14820.17936000094
