comms_cons: 94.82600959724286
finished_reconf: true
global_termination_time: 966568.154
local_termination_time: 658942.3707199987
node_cons: 19851.54405999996
tot_aggregated_send: 13978
tot_msg_rcv: 92
tot_msg_sent: 343
tot_reconf_duration: 5.57
tot_sleeping_duration: 951748.154
tot_uptimes: 248
tot_uptimes_duration: 14820.0
