comms_cons: 385.80428799524805
finished_reconf: true
global_termination_time: 3933798.133
local_termination_time: 1962976.48036
node_cons: 80910.8430422319
tot_aggregated_send: 54984
tot_msg_rcv: 1224
tot_msg_sent: 2432
tot_reconf_duration: 6.22
tot_sleeping_duration: 3873378.120840004
tot_uptimes: 1008
tot_uptimes_duration: 60420.0121599955
