comms_cons: 45.15962880122976
finished_reconf: true
global_termination_time: 438091.50236000016
local_termination_time: 19029.214480000002
node_cons: 9025.442872404554
tot_aggregated_send: 5916
tot_msg_rcv: 362
tot_msg_sent: 586
tot_reconf_duration: 3.08
tot_sleeping_duration: 431354.19075999677
tot_uptimes: 113
tot_uptimes_duration: 6737.3116000033915
