comms_cons: 44.17932800064216
finished_reconf: true
global_termination_time: 438971.609
local_termination_time: 244776.3622000002
node_cons: 9018.623803362045
tot_aggregated_send: 6090
tot_msg_rcv: 229
tot_msg_sent: 396
tot_reconf_duration: 15.110000000000001
tot_sleeping_duration: 432251.5907599985
tot_uptimes: 113
tot_uptimes_duration: 6720.018240001504
