comms_cons: 45.88131840142855
finished_reconf: true
global_termination_time: 441955.655
local_termination_time: 70829.03035999996
node_cons: 9095.604104485721
tot_aggregated_send: 5858
tot_msg_rcv: 425
tot_msg_sent: 691
tot_reconf_duration: 12.629999999999999
tot_sleeping_duration: 435175.63067999575
tot_uptimes: 114
tot_uptimes_duration: 6780.024320004275
