comms_cons: 43.59377920044792
finished_reconf: true
global_termination_time: 443578.467
local_termination_time: 252466.34836000006
node_cons: 9094.580200000004
tot_aggregated_send: 6264
tot_msg_rcv: 83
tot_msg_sent: 279
tot_reconf_duration: 11.899999999999999
tot_sleeping_duration: 436798.467
tot_uptimes: 114
tot_uptimes_duration: 6780.0
