comms_cons: 83.64857599945569
finished_reconf: true
global_termination_time: 870444.852
local_termination_time: 6702.62
node_cons: 17851.40390112027
tot_aggregated_send: 12342
tot_msg_rcv: 136
tot_msg_sent: 236
tot_reconf_duration: 11.719999999999999
tot_sleeping_duration: 857124.8459199998
tot_uptimes: 223
tot_uptimes_duration: 13320.006080000181
