comms_cons: 42.60380800071069
finished_reconf: true
global_termination_time: 420799.394
local_termination_time: 203424.80704000077
node_cons: 8603.95220112145
tot_aggregated_send: 5626
tot_msg_rcv: 271
tot_msg_sent: 578
tot_reconf_duration: 5.57
tot_sleeping_duration: 414379.3879199989
tot_uptimes: 108
tot_uptimes_duration: 6420.006080001069
