comms_cons: 76.44680320959567
finished_reconf: true
global_termination_time: 420715.94
local_termination_time: 197389.73536000005
node_cons: 8603.762081121431
tot_aggregated_send: 0
tot_msg_rcv: 5875
tot_msg_sent: 5744
tot_reconf_duration: 5.43
tot_sleeping_duration: 414295.93391999893
tot_uptimes: 108
tot_uptimes_duration: 6420.006080001069
