comms_cons: 15.652543999774283
finished_reconf: true
global_termination_time: 147402.301
local_termination_time: 139529.69536000004
node_cons: 2981.1082400000005
tot_aggregated_send: 1624
tot_msg_rcv: 282
tot_msg_sent: 474
tot_reconf_duration: 6.279999999999999
tot_sleeping_duration: 145182.301
tot_uptimes: 38
tot_uptimes_duration: 2220.0
