comms_cons: 17.199283199519684
finished_reconf: true
global_termination_time: 147927.765
local_termination_time: 55392.78512000018
node_cons: 2979.1282622394406
tot_aggregated_send: 1160
tot_msg_rcv: 495
tot_msg_sent: 959
tot_reconf_duration: 4.8100000000000005
tot_sleeping_duration: 145707.75284000044
tot_uptimes: 38
tot_uptimes_duration: 2220.0121599995837
