comms_cons: 170.50654719467343
finished_reconf: true
global_termination_time: 1722556.572
local_termination_time: 644901.9453599999
node_cons: 35450.771719999895
tot_aggregated_send: 24824
tot_msg_rcv: 352
tot_msg_sent: 740
tot_reconf_duration: 15.34
tot_sleeping_duration: 1696096.572
tot_uptimes: 442
tot_uptimes_duration: 26460.0
