comms_cons: 291.29928938976065
finished_reconf: true
global_termination_time: 1722501.706
local_termination_time: 881927.4534799999
node_cons: 35438.403042233724
tot_aggregated_send: 0
tot_msg_rcv: 22290
tot_msg_sent: 21986
tot_reconf_duration: 6.22
tot_sleeping_duration: 1696041.6938400047
tot_uptimes: 442
tot_uptimes_duration: 26460.01215999527
