comms_cons: 474.3431745013794
finished_reconf: true
global_termination_time: 4723977.986
local_termination_time: 109958.99291999955
node_cons: 97138.73803563876
tot_aggregated_send: 65830
tot_msg_rcv: 1963
tot_msg_sent: 4303
tot_reconf_duration: 5.57
tot_sleeping_duration: 4651437.9008800285
tot_uptimes: 1210
tot_uptimes_duration: 72540.08511997125
