comms_cons: 471.607833651816
finished_reconf: true
global_termination_time: 4721271.774
local_termination_time: 397992.06080000073
node_cons: 97135.33219228829
tot_aggregated_send: 65366
tot_msg_rcv: 1971
tot_msg_sent: 4344
tot_reconf_duration: 3.08
tot_sleeping_duration: 4648731.707120022
tot_uptimes: 1210
tot_uptimes_duration: 72540.06687997835
