comms_cons: 474.0254080924035
finished_reconf: true
global_termination_time: 4720520.09
local_termination_time: 2101907.427279998
node_cons: 97057.28454446561
tot_aggregated_send: 65714
tot_msg_rcv: 1984
tot_msg_sent: 4352
tot_reconf_duration: 4.8100000000000005
tot_sleeping_duration: 4648040.065680009
tot_uptimes: 1209
tot_uptimes_duration: 72480.02431999124
