comms_cons: 473.97872647579555
finished_reconf: true
global_termination_time: 4724645.93
local_termination_time: 604600.4704799989
node_cons: 97151.98127228394
tot_aggregated_send: 65888
tot_msg_rcv: 1921
tot_msg_sent: 4234
tot_reconf_duration: 15.34
tot_sleeping_duration: 4652105.863120025
tot_uptimes: 1210
tot_uptimes_duration: 72540.06687997514
