comms_cons: 866.0124993889506
finished_reconf: true
global_termination_time: 8665667.166
local_termination_time: 2265539.6503600003
node_cons: 178283.03708669695
tot_aggregated_send: 120292
tot_msg_rcv: 3952
tot_msg_sent: 7383
tot_reconf_duration: 6.279999999999999
tot_sleeping_duration: 8532527.129520012
tot_uptimes: 2220
tot_uptimes_duration: 133140.0364799872
