comms_cons: 858.196454600731
finished_reconf: true
global_termination_time: 8666762.342
local_termination_time: 4945859.515
node_cons: 178310.29297797597
tot_aggregated_send: 119517
tot_msg_rcv: 3495
tot_msg_sent: 7428
tot_reconf_duration: 25.299999999999997
tot_sleeping_duration: 8533621.240000013
tot_uptimes: 2220
tot_uptimes_duration: 133141.10199998692
