comms_cons: 855.6176129517465
finished_reconf: true
global_termination_time: 8666638.603
local_termination_time: 5111159.06236
node_cons: 178286.86394446276
tot_aggregated_send: 120988
tot_msg_rcv: 2945
tot_msg_sent: 6114
tot_reconf_duration: 9.11
tot_sleeping_duration: 8533498.578680009
tot_uptimes: 2220
tot_uptimes_duration: 133140.02431999147
