comms_cons: 877.9143107211585
finished_reconf: true
global_termination_time: 8664594.699
local_termination_time: 1151175.874639998
node_cons: 178200.14674892952
tot_aggregated_send: 118726
tot_msg_rcv: 5071
tot_msg_sent: 9638
tot_reconf_duration: 4.390000000000001
tot_sleeping_duration: 8531514.650360018
tot_uptimes: 2219
tot_uptimes_duration: 133080.048639982
