comms_cons: 865.4137538277514
finished_reconf: true
global_termination_time: 8665915.447
local_termination_time: 1413023.2349599998
node_cons: 178285.12026557926
tot_aggregated_send: 121394
tot_msg_rcv: 3527
tot_msg_sent: 6617
tot_reconf_duration: 7.819999999999999
tot_sleeping_duration: 8532775.416600011
tot_uptimes: 2220
tot_uptimes_duration: 133140.0303999891
