comms_cons: 14.699302399964996
finished_reconf: true
global_termination_time: 149810.15724000032
local_termination_time: 16307.21556
node_cons: 3114.3785004796
tot_aggregated_send: 1624
tot_msg_rcv: 263
tot_msg_sent: 347
tot_reconf_duration: 11.31
tot_sleeping_duration: 147495.72892000063
tot_uptimes: 39
tot_uptimes_duration: 2314.4283199997008
