comms_cons: 304.1840128362331
finished_reconf: true
global_termination_time: 3014854.9624799998
local_termination_time: 3014854.9213599996
node_cons: 62091.73077213783
tot_aggregated_send: 42082
tot_msg_rcv: 1464
tot_msg_sent: 2687
tot_reconf_duration: 37.410000000000004
tot_sleeping_duration: 2968521.1850400153
tot_uptimes: 773
tot_uptimes_duration: 46333.77743998457
