comms_cons: 433.42943973874065
finished_reconf: true
global_termination_time: 3017259.591
local_termination_time: 2114010.008399999
node_cons: 62031.03266334964
tot_aggregated_send: 0
tot_msg_rcv: 33144
tot_msg_sent: 32735
tot_reconf_duration: 6.279999999999999
tot_sleeping_duration: 2970939.572760007
tot_uptimes: 773
tot_uptimes_duration: 46320.0182399929
