comms_cons: 434.90615653716236
finished_reconf: true
global_termination_time: 3018194.237
local_termination_time: 2114005.3036
node_cons: 62029.41394111574
tot_aggregated_send: 0
tot_msg_rcv: 33384
tot_msg_sent: 32718
tot_reconf_duration: 5.1
tot_sleeping_duration: 2971874.230920003
tot_uptimes: 773
tot_uptimes_duration: 46320.006079997635
