comms_cons: 300.29718399791255
finished_reconf: true
global_termination_time: 3016635.226
local_termination_time: 786393.0764399985
node_cons: 62043.05636781691
tot_aggregated_send: 42050
tot_msg_rcv: 1127
tot_msg_sent: 2465
tot_reconf_duration: 15.110000000000001
tot_sleeping_duration: 2970315.183440016
tot_uptimes: 773
tot_uptimes_duration: 46320.042559983674
