comms_cons: 112.12833279316345
finished_reconf: true
global_termination_time: 1134411.904
local_termination_time: 678029.59636
node_cons: 23305.148262233775
tot_aggregated_send: 16008
tot_msg_rcv: 281
tot_msg_sent: 753
tot_reconf_duration: 4.8100000000000005
tot_sleeping_duration: 1117011.8918400048
tot_uptimes: 291
tot_uptimes_duration: 17400.01215999527
