comms_cons: 38.63525760021366
finished_reconf: true
global_termination_time: 388754.381
local_termination_time: 74723.43735999997
node_cons: 7964.646220000005
tot_aggregated_send: 5452
tot_msg_rcv: 137
tot_msg_sent: 283
tot_reconf_duration: 8.09
tot_sleeping_duration: 382814.381
tot_uptimes: 100
tot_uptimes_duration: 5940.0
