comms_cons: 38.798169600190164
finished_reconf: true
global_termination_time: 389367.284
local_termination_time: 61115.31236000001
node_cons: 7964.279560000009
tot_aggregated_send: 5452
tot_msg_rcv: 162
tot_msg_sent: 283
tot_reconf_duration: 7.819999999999999
tot_sleeping_duration: 383427.284
tot_uptimes: 100
tot_uptimes_duration: 5940.0
