comms_cons: 37.56723200002263
finished_reconf: true
global_termination_time: 386110.63
local_termination_time: 28511.392359999998
node_cons: 7888.678980000006
tot_aggregated_send: 5626
tot_msg_rcv: 36
tot_msg_sent: 48
tot_reconf_duration: 11.31
tot_sleeping_duration: 380230.63
tot_uptimes: 99
tot_uptimes_duration: 5880.0
