comms_cons: 97.93797119384817
finished_reconf: true
global_termination_time: 977700.4167199999
local_termination_time: 636799.5423999992
node_cons: 20120.292938079947
tot_aggregated_send: 13746
tot_msg_rcv: 384
tot_msg_sent: 756
tot_reconf_duration: 7.819999999999999
tot_sleeping_duration: 962681.99
tot_uptimes: 251
tot_uptimes_duration: 15018.426719999872
