comms_cons: 44.85698560024651
finished_reconf: true
global_termination_time: 473522.584
local_termination_time: 198400.31176000045
node_cons: 9727.117902242893
tot_aggregated_send: 6322
tot_msg_rcv: 150
tot_msg_sent: 346
tot_reconf_duration: 4.390000000000001
tot_sleeping_duration: 466262.57183999784
tot_uptimes: 122
tot_uptimes_duration: 7260.0121600021375
