comms_cons: 45.1662080000342
finished_reconf: true
global_termination_time: 473661.938
local_termination_time: 205448.21144000022
node_cons: 9736.49898000001
tot_aggregated_send: 6496
tot_msg_rcv: 145
tot_msg_sent: 224
tot_reconf_duration: 11.31
tot_sleeping_duration: 466401.938
tot_uptimes: 122
tot_uptimes_duration: 7260.0
