comms_cons: 15.836134399627673
finished_reconf: true
global_termination_time: 145752.137
local_termination_time: 29988.861360000003
node_cons: 3003.3712644777484
tot_aggregated_send: 1508
tot_msg_rcv: 334
tot_msg_sent: 565
tot_reconf_duration: 22.65
tot_sleeping_duration: 143532.11268000168
tot_uptimes: 38
tot_uptimes_duration: 2220.024319998316
