comms_cons: 15.655775999733095
finished_reconf: true
global_termination_time: 146957.029
local_termination_time: 48691.68036000001
node_cons: 2976.7381822383077
tot_aggregated_send: 1624
tot_msg_rcv: 233
tot_msg_sent: 522
tot_reconf_duration: 3.05
tot_sleeping_duration: 144737.01684000128
tot_uptimes: 38
tot_uptimes_duration: 2220.0121599987324
