comms_cons: 114.92014079467761
finished_reconf: true
global_termination_time: 1181748.984
local_termination_time: 333558.4215600007
node_cons: 24269.2282622383
tot_aggregated_send: 15602
tot_msg_rcv: 551
tot_msg_sent: 1315
tot_reconf_duration: 4.8100000000000005
tot_sleeping_duration: 1163628.9718400012
tot_uptimes: 303
tot_uptimes_duration: 18120.012159998703
