comms_cons: 350.48348159475256
finished_reconf: true
global_termination_time: 3530633.327
local_termination_time: 1653144.71236
node_cons: 72742.0818233492
tot_aggregated_send: 49068
tot_msg_rcv: 1494
tot_msg_sent: 2710
tot_reconf_duration: 25.299999999999997
tot_sleeping_duration: 3476333.308760007
tot_uptimes: 905
tot_uptimes_duration: 54300.01823999314
