comms_cons: 353.9885824494003
finished_reconf: true
global_termination_time: 3530623.979239997
local_termination_time: 247784.40352000037
node_cons: 72664.00572164994
tot_aggregated_send: 49474
tot_msg_rcv: 1480
tot_msg_sent: 2850
tot_reconf_duration: 11.899999999999999
tot_sleeping_duration: 3476368.6801200183
tot_uptimes: 905
tot_uptimes_duration: 54255.299119978794
