comms_cons: 350.45344640792933
finished_reconf: true
global_termination_time: 3531708.642
local_termination_time: 788504.8091599983
node_cons: 72631.5507466997
tot_aggregated_send: 49416
tot_msg_rcv: 1289
tot_msg_sent: 2561
tot_reconf_duration: 3.05
tot_sleeping_duration: 3477468.605520014
tot_uptimes: 905
tot_uptimes_duration: 54240.03647998604
