comms_cons: 55.51654400072401
finished_reconf: true
global_termination_time: 537536.956
local_termination_time: 78123.09035999996
node_cons: 11013.160826726316
tot_aggregated_send: 7018
tot_msg_rcv: 490
tot_msg_sent: 930
tot_reconf_duration: 4.8100000000000005
tot_sleeping_duration: 529316.9195199952
tot_uptimes: 138
tot_uptimes_duration: 8220.03648000471
