comms_cons: 56.942240000425876
finished_reconf: true
global_termination_time: 536116.532
local_termination_time: 201126.27636000005
node_cons: 11017.223983364278
tot_aggregated_send: 6670
tot_msg_rcv: 708
tot_msg_sent: 1277
tot_reconf_duration: 7.819999999999999
tot_sleeping_duration: 527896.5137599967
tot_uptimes: 138
tot_uptimes_duration: 8220.018240003206
