comms_cons: 269.0701695834219
finished_reconf: true
global_termination_time: 2711445.843
local_termination_time: 992581.4801599983
node_cons: 55762.54082670013
tot_aggregated_send: 36540
tot_msg_rcv: 1347
tot_msg_sent: 3011
tot_reconf_duration: 4.8100000000000005
tot_sleeping_duration: 2669805.806520014
tot_uptimes: 695
tot_uptimes_duration: 41640.03647998581
