comms_cons: 273.2723007873598
finished_reconf: true
global_termination_time: 2716616.214
local_termination_time: 683626.7503199986
node_cons: 55840.50702893441
tot_aggregated_send: 35844
tot_msg_rcv: 2001
tot_msg_sent: 3692
tot_reconf_duration: 3.05
tot_sleeping_duration: 2674916.1653600186
tot_uptimes: 696
tot_uptimes_duration: 41700.04863998154
