comms_cons: 693.6572993190131
finished_reconf: true
global_termination_time: 7062120.294
local_termination_time: 3755482.357519999
node_cons: 145272.64556558078
tot_aggregated_send: 97498
tot_msg_rcv: 2599
tot_msg_sent: 5334
tot_reconf_duration: 13.17
tot_sleeping_duration: 6953640.26360001
tot_uptimes: 1809
tot_uptimes_duration: 108480.03039998934
