comms_cons: 687.24349448854
finished_reconf: true
global_termination_time: 7062313.884
local_termination_time: 4415392.448399998
node_cons: 145269.60638222971
tot_aggregated_send: 97382
tot_msg_rcv: 2279
tot_msg_sent: 4796
tot_reconf_duration: 10.95
tot_sleeping_duration: 6953833.871840004
tot_uptimes: 1809
tot_uptimes_duration: 108480.01215999573
