comms_cons: 76.58188799761025
finished_reconf: true
global_termination_time: 766000.1005999999
local_termination_time: 43707.48608000003
node_cons: 15775.08551839989
tot_aggregated_send: 10904
tot_msg_rcv: 269
tot_msg_sent: 467
tot_reconf_duration: 4.8100000000000005
tot_sleeping_duration: 754223.735
tot_uptimes: 197
tot_uptimes_duration: 11776.365599999903
