comms_cons: 76.37135359895628
finished_reconf: true
global_termination_time: 768820.395
local_termination_time: 91462.31359999994
node_cons: 15750.781900000007
tot_aggregated_send: 10962
tot_msg_rcv: 242
tot_msg_sent: 404
tot_reconf_duration: 3.05
tot_sleeping_duration: 757060.395
tot_uptimes: 197
tot_uptimes_duration: 11760.0
