comms_cons: 78.15431680028033
finished_reconf: true
global_termination_time: 802245.22
local_termination_time: 371537.5593600001
node_cons: 16500.466841121488
tot_aggregated_send: 11600
tot_msg_rcv: 66
tot_msg_sent: 213
tot_reconf_duration: 22.65
tot_sleeping_duration: 789945.213919999
tot_uptimes: 206
tot_uptimes_duration: 12300.006080001069
