comms_cons: 79.23330559740708
finished_reconf: true
global_termination_time: 800926.756
local_termination_time: 333276.2877600004
node_cons: 16477.073940000013
tot_aggregated_send: 11426
tot_msg_rcv: 214
tot_msg_sent: 403
tot_reconf_duration: 5.43
tot_sleeping_duration: 788626.756
tot_uptimes: 206
tot_uptimes_duration: 12300.0
