comms_cons: 288.4311549939585
finished_reconf: true
global_termination_time: 1475661.9367999996
local_termination_time: 278.47603999999984
node_cons: 30347.561107433037
tot_aggregated_send: 0
tot_msg_rcv: 21969
tot_msg_sent: 21869
tot_reconf_duration: 18.21
tot_sleeping_duration: 1453016.0578400048
tot_uptimes: 378
tot_uptimes_duration: 22645.878959994763
