comms_cons: 258.62835199786065
finished_reconf: true
global_termination_time: 2673274.892
local_termination_time: 1478129.0593599998
node_cons: 54967.918979999165
tot_aggregated_send: 38512
tot_msg_rcv: 211
tot_msg_sent: 587
tot_reconf_duration: 11.31
tot_sleeping_duration: 2632234.892
tot_uptimes: 685
tot_uptimes_duration: 41040.0
