comms_cons: 158.53256958664596
finished_reconf: true
global_termination_time: 1625145.603
local_termination_time: 6796.478
node_cons: 33428.371135658665
tot_aggregated_send: 21107
tot_msg_rcv: 1010
tot_msg_sent: 1979
tot_reconf_duration: 5.02
tot_sleeping_duration: 1600185.5178800158
tot_uptimes: 417
tot_uptimes_duration: 24960.085119984054
