comms_cons: 161.2778367871445
finished_reconf: true
global_termination_time: 1623812.692
local_termination_time: 4361.8589999999995
node_cons: 33347.29518223369
tot_aggregated_send: 22209
tot_msg_rcv: 736
tot_msg_sent: 1568
tot_reconf_duration: 4.55
tot_sleeping_duration: 1598912.6798400048
tot_uptimes: 416
tot_uptimes_duration: 24900.01215999527
