comms_cons: 152.01241599128952
finished_reconf: true
global_termination_time: 1624001.378
local_termination_time: 5713.254
node_cons: 33351.04866670102
tot_aggregated_send: 21684
tot_msg_rcv: 447
tot_msg_sent: 974
tot_reconf_duration: 7.29
tot_sleeping_duration: 1599101.3415200142
tot_uptimes: 416
tot_uptimes_duration: 24900.036479985807
