comms_cons: 155.30951038913489
finished_reconf: true
global_termination_time: 1626793.528
local_termination_time: 345.19012
node_cons: 33430.35922013979
tot_aggregated_send: 21112
tot_msg_rcv: 796
tot_msg_sent: 1697
tot_reconf_duration: 6.46
tot_sleeping_duration: 1601833.418560015
tot_uptimes: 417
tot_uptimes_duration: 24960.109439984895
