comms_cons: 444.58056927440134
finished_reconf: true
global_termination_time: 1525890.3195999998
local_termination_time: 1525890.2784799999
node_cons: 62345.818405398546
tot_aggregated_send: 0
tot_msg_rcv: 22613
tot_msg_sent: 44959
tot_reconf_duration: 24.59
tot_sleeping_duration: 1479353.7810000002
tot_uptimes: 772
tot_uptimes_duration: 46536.538599999796
