comms_cons: 148.65765119576847
finished_reconf: true
global_termination_time: 1529545.079
local_termination_time: 691473.7939599998
node_cons: 31421.38676000017
tot_aggregated_send: 21170
tot_msg_rcv: 439
tot_msg_sent: 987
tot_reconf_duration: 6.22
tot_sleeping_duration: 1506085.079
tot_uptimes: 392
tot_uptimes_duration: 23460.0
