comms_cons: 148.67018239803105
finished_reconf: true
global_termination_time: 1528022.746
local_termination_time: 724927.500639998
node_cons: 31429.253204957375
tot_aggregated_send: 21924
tot_msg_rcv: 206
tot_msg_sent: 467
tot_reconf_duration: 11.31
tot_sleeping_duration: 1504562.0333600019
tot_uptimes: 392
tot_uptimes_duration: 23460.712639998063
