comms_cons: 808.6500993589176
finished_reconf: true
global_termination_time: 8131606.982
local_termination_time: 2341923.9847599994
node_cons: 167275.48476558033
tot_aggregated_send: 113796
tot_msg_rcv: 3239
tot_msg_sent: 5876
tot_reconf_duration: 5.57
tot_sleeping_duration: 8006686.9516000105
tot_uptimes: 2083
tot_uptimes_duration: 124920.03039998934
