comms_cons: 819.6758658662217
finished_reconf: true
global_termination_time: 8130396.037119997
local_termination_time: 99907.54859999995
node_cons: 167319.06916196624
tot_aggregated_send: 112636
tot_msg_rcv: 3893
tot_msg_sent: 8056
tot_reconf_duration: 22.65
tot_sleeping_duration: 8005460.779120018
tot_uptimes: 2083
tot_uptimes_duration: 124935.2579999791
