comms_cons: 813.5536833937231
finished_reconf: true
global_termination_time: 8131875.477
local_termination_time: 1821943.139639999
node_cons: 167276.40003004755
tot_aggregated_send: 113100
tot_msg_rcv: 3585
tot_msg_sent: 6968
tot_reconf_duration: 6.22
tot_sleeping_duration: 8006955.42228002
tot_uptimes: 2083
tot_uptimes_duration: 124920.05471998011
