comms_cons: 2.881689599995826
finished_reconf: true
global_termination_time: 13323.221
local_termination_time: 7969.552360000001
node_cons: 261.8517200000002
tot_aggregated_send: 0
tot_msg_rcv: 276
tot_msg_sent: 162
tot_reconf_duration: 15.34
tot_sleeping_duration: 13143.221
tot_uptimes: 4
tot_uptimes_duration: 180.0
