comms_cons: 2.6185215999913467
finished_reconf: true
global_termination_time: 12005.073
local_termination_time: 7978.932360000001
node_cons: 258.9130011200063
tot_aggregated_send: 0
tot_msg_rcv: 235
tot_msg_sent: 163
tot_reconf_duration: 13.17
tot_sleeping_duration: 11825.066919999996
tot_uptimes: 4
tot_uptimes_duration: 180.00608000000466
