comms_cons: 121.965209596354
finished_reconf: true
global_termination_time: 1227434.778
local_termination_time: 532998.1275999998
node_cons: 25239.13138000002
tot_aggregated_send: 17690
tot_msg_rcv: 334
tot_msg_sent: 514
tot_reconf_duration: 9.11
tot_sleeping_duration: 1208594.778
tot_uptimes: 315
tot_uptimes_duration: 18840.0
