comms_cons: 119.95855359754941
finished_reconf: true
global_termination_time: 1225257.152
local_termination_time: 797975.2203599998
node_cons: 25161.290099999977
tot_aggregated_send: 17922
tot_msg_rcv: 89
tot_msg_sent: 222
tot_reconf_duration: 10.95
tot_sleeping_duration: 1206477.152
tot_uptimes: 314
tot_uptimes_duration: 18780.0
