comms_cons: 121.51782399652282
finished_reconf: true
global_termination_time: 1225683.349
local_termination_time: 570900.2573599999
node_cons: 25150.561900000102
tot_aggregated_send: 16994
tot_msg_rcv: 348
tot_msg_sent: 1128
tot_reconf_duration: 3.05
tot_sleeping_duration: 1206903.349
tot_uptimes: 314
tot_uptimes_duration: 18780.0
