comms_cons: 92.51671039719587
finished_reconf: true
global_termination_time: 932730.741
local_termination_time: 201308.88236000005
node_cons: 19141.759861121456
tot_aggregated_send: 13340
tot_msg_rcv: 271
tot_msg_sent: 451
tot_reconf_duration: 15.34
tot_sleeping_duration: 918450.734919999
tot_uptimes: 239
tot_uptimes_duration: 14280.006080001069
