comms_cons: 91.2666624000775
finished_reconf: true
global_termination_time: 934978.923
local_termination_time: 916229.3023599999
node_cons: 19209.788240000064
tot_aggregated_send: 13688
tot_msg_rcv: 61
tot_msg_sent: 123
tot_reconf_duration: 6.279999999999999
tot_sleeping_duration: 920638.923
tot_uptimes: 240
tot_uptimes_duration: 14340.0
