comms_cons: 92.69434879646425
finished_reconf: true
global_termination_time: 932954.785
local_termination_time: 463870.45136000006
node_cons: 19128.48406000004
tot_aggregated_send: 13398
tot_msg_rcv: 290
tot_msg_sent: 401
tot_reconf_duration: 5.57
tot_sleeping_duration: 918674.785
tot_uptimes: 239
tot_uptimes_duration: 14280.0
