comms_cons: 91.92458239747072
finished_reconf: true
global_termination_time: 932136.844
local_termination_time: 369574.3884800005
node_cons: 19126.881619999967
tot_aggregated_send: 13456
tot_msg_rcv: 171
tot_msg_sent: 345
tot_reconf_duration: 4.390000000000001
tot_sleeping_duration: 917856.844
tot_uptimes: 239
tot_uptimes_duration: 14280.0
