comms_cons: 1240.240239079315
finished_reconf: true
global_termination_time: 4252952.387
local_termination_time: 2680630.952639999
node_cons: 173734.38553399363
tot_aggregated_send: 0
tot_msg_rcv: 63147
tot_msg_sent: 125363
tot_reconf_duration: 18.21
tot_sleeping_duration: 4123221.5010000006
tot_uptimes: 2147
tot_uptimes_duration: 129730.88599999963
