comms_cons: 430.47013126955875
finished_reconf: true
global_termination_time: 4255216.88
local_termination_time: 435551.51864000084
node_cons: 87511.6791772452
tot_aggregated_send: 58754
tot_msg_rcv: 2263
tot_msg_sent: 4413
tot_reconf_duration: 13.17
tot_sleeping_duration: 4189874.2404800244
tot_uptimes: 1090
tot_uptimes_duration: 65342.63951997575
