comms_cons: 429.17465608002345
finished_reconf: true
global_termination_time: 4252095.586
local_termination_time: 1527241.5602399998
node_cons: 87422.78563005096
tot_aggregated_send: 58870
tot_msg_rcv: 2125
tot_msg_sent: 4238
tot_reconf_duration: 9.42
tot_sleeping_duration: 4186815.53128002
tot_uptimes: 1089
tot_uptimes_duration: 65280.05471998011
