comms_cons: 139.1017087887604
finished_reconf: true
global_termination_time: 1375190.6511999986
local_termination_time: 1375190.6100799986
node_cons: 28373.767197735153
tot_aggregated_send: 19010
tot_msg_rcv: 690
tot_msg_sent: 1440
tot_reconf_duration: 24.59
tot_sleeping_duration: 1354025.3233600173
tot_uptimes: 353
tot_uptimes_duration: 21165.3278399814
