comms_cons: 137.22895359305437
finished_reconf: true
global_termination_time: 1378000.149
local_termination_time: 529263.3769199994
node_cons: 28314.037400000107
tot_aggregated_send: 19604
tot_msg_rcv: 466
tot_msg_sent: 788
tot_reconf_duration: 25.299999999999997
tot_sleeping_duration: 1356880.149
tot_uptimes: 353
tot_uptimes_duration: 21120.0
