comms_cons: 136.45918719605754
finished_reconf: true
global_termination_time: 1380257.797
local_termination_time: 694541.536239999
node_cons: 28377.9048600001
tot_aggregated_send: 19952
tot_msg_rcv: 279
tot_msg_sent: 510
tot_reconf_duration: 13.17
tot_sleeping_duration: 1359077.797
tot_uptimes: 354
tot_uptimes_duration: 21180.0
