comms_cons: 1.5132159999976402
finished_reconf: true
global_termination_time: 10935.542
local_termination_time: 4140.459360000001
node_cons: 167.21198000000055
tot_aggregated_send: 0
tot_msg_rcv: 118
tot_msg_sent: 112
tot_reconf_duration: 4.8100000000000005
tot_sleeping_duration: 10815.542
tot_uptimes: 3
tot_uptimes_duration: 120.0
