comms_cons: 42.43584000105327
finished_reconf: true
global_termination_time: 407951.206
local_termination_time: 146998.19736000005
node_cons: 8363.814901121441
tot_aggregated_send: 5336
tot_msg_rcv: 420
tot_msg_sent: 694
tot_reconf_duration: 6.22
tot_sleeping_duration: 401711.19991999894
tot_uptimes: 105
tot_uptimes_duration: 6240.006080001069
