comms_cons: 115.66609916056154
finished_reconf: true
global_termination_time: 852840.8912799992
local_termination_time: 852840.8501599992
node_cons: 17600.742851015417
tot_aggregated_send: 5800
tot_msg_rcv: 4822
tot_msg_sent: 6964
tot_reconf_duration: 37.410000000000004
tot_sleeping_duration: 839734.1399200176
tot_uptimes: 219
tot_uptimes_duration: 13106.75135998163
