comms_cons: 84.39139839813016
finished_reconf: true
global_termination_time: 853306.533
local_termination_time: 69169.11335999996
node_cons: 17548.47740000001
tot_aggregated_send: 12296
tot_msg_rcv: 207
tot_msg_sent: 324
tot_reconf_duration: 25.299999999999997
tot_sleeping_duration: 840226.533
tot_uptimes: 219
tot_uptimes_duration: 13080.0
