comms_cons: 84.48350719533323
finished_reconf: true
global_termination_time: 854489.404
local_termination_time: 92281.0843199996
node_cons: 17525.10622000002
tot_aggregated_send: 12122
tot_msg_rcv: 204
tot_msg_sent: 515
tot_reconf_duration: 8.09
tot_sleeping_duration: 841409.404
tot_uptimes: 219
tot_uptimes_duration: 13080.0
