comms_cons: 23.719609601252817
finished_reconf: true
global_termination_time: 231122.54348000008
local_termination_time: 231122.50236000007
node_cons: 4801.097833198531
tot_aggregated_send: 0
tot_msg_rcv: 196
tot_msg_sent: 3408
tot_reconf_duration: 31.42
tot_sleeping_duration: 227568.82468000118
tot_uptimes: 60
tot_uptimes_duration: 3553.718799998882
