comms_cons: 63.91016320646436
finished_reconf: true
global_termination_time: 468169.7092800003
local_termination_time: 468169.6681600003
node_cons: 9646.9200286791
tot_aggregated_send: 2874
tot_msg_rcv: 2719
tot_msg_sent: 4120
tot_reconf_duration: 37.410000000000004
tot_sleeping_duration: 461003.0795199711
tot_uptimes: 120
tot_uptimes_duration: 7166.629760029195
