comms_cons: 46.78531840036439
finished_reconf: true
global_termination_time: 469194.923
local_termination_time: 18472.762040000005
node_cons: 9651.786220000022
tot_aggregated_send: 6728
tot_msg_rcv: 158
tot_msg_sent: 225
tot_reconf_duration: 8.09
tot_sleeping_duration: 461994.92299999995
tot_uptimes: 121
tot_uptimes_duration: 7200.000000000007
