comms_cons: 46.60768000033034
finished_reconf: true
global_termination_time: 470986.632
local_termination_time: 47977.26636000001
node_cons: 9666.194600000008
tot_aggregated_send: 6728
tot_msg_rcv: 141
tot_msg_sent: 215
tot_reconf_duration: 18.700000000000003
tot_sleeping_duration: 463786.632
tot_uptimes: 121
tot_uptimes_duration: 7200.0
