comms_cons: 162.53255679707763
finished_reconf: true
global_termination_time: 1647441.94
local_termination_time: 922908.7133599998
node_cons: 33830.70405999994
tot_aggregated_send: 23780
tot_msg_rcv: 291
tot_msg_sent: 633
tot_reconf_duration: 5.57
tot_sleeping_duration: 1622181.94
tot_uptimes: 422
tot_uptimes_duration: 25260.0
