comms_cons: 162.5851903943929
finished_reconf: true
global_termination_time: 1645856.992
local_termination_time: 999210.5694799998
node_cons: 33839.30020000004
tot_aggregated_send: 23780
tot_msg_rcv: 360
tot_msg_sent: 572
tot_reconf_duration: 11.899999999999999
tot_sleeping_duration: 1620596.992
tot_uptimes: 422
tot_uptimes_duration: 25260.0
