comms_cons: 169.55381758010748
finished_reconf: true
global_termination_time: 1646396.041
local_termination_time: 774641.70448
node_cons: 33833.808406701166
tot_aggregated_send: 21692
tot_msg_rcv: 1352
tot_msg_sent: 2729
tot_reconf_duration: 7.819999999999999
tot_sleeping_duration: 1621136.0045200142
tot_uptimes: 422
tot_uptimes_duration: 25260.036479985865
