comms_cons: 28.36808960009806
finished_reconf: true
global_termination_time: 277467.564
local_termination_time: 203280.53048000054
node_cons: 5719.498980000002
tot_aggregated_send: 3770
tot_msg_rcv: 203
tot_msg_sent: 338
tot_reconf_duration: 11.31
tot_sleeping_duration: 273207.564
tot_uptimes: 72
tot_uptimes_duration: 4260.0
