comms_cons: 20.79027199982352
finished_reconf: true
global_termination_time: 206404.634
local_termination_time: 47198.496480000016
node_cons: 4198.215662239447
tot_aggregated_send: 2726
tot_msg_rcv: 156
tot_msg_sent: 278
tot_reconf_duration: 15.110000000000001
tot_sleeping_duration: 203284.62184000039
tot_uptimes: 53
tot_uptimes_duration: 3120.0121599995837
