comms_cons: 20.862643200552746
finished_reconf: true
global_termination_time: 203289.472
local_termination_time: 53682.15772000011
node_cons: 4203.0827411214295
tot_aggregated_send: 2610
tot_msg_rcv: 175
tot_msg_sent: 386
tot_reconf_duration: 18.700000000000003
tot_sleeping_duration: 200169.46591999894
tot_uptimes: 53
tot_uptimes_duration: 3120.0060800010688
