comms_cons: 61.410252798905006
finished_reconf: true
global_termination_time: 606883.4184799999
local_termination_time: 606883.3773599999
node_cons: 12504.476083200942
tot_aggregated_send: 8338
tot_msg_rcv: 347
tot_msg_sent: 648
tot_reconf_duration: 24.59
tot_sleeping_duration: 597569.6896799993
tot_uptimes: 156
tot_uptimes_duration: 9313.728800000681
