comms_cons: 60.337843200956165
finished_reconf: true
global_termination_time: 608836.843
local_termination_time: 483619.4433200002
node_cons: 12460.264060000027
tot_aggregated_send: 8236
tot_msg_rcv: 357
tot_msg_sent: 578
tot_reconf_duration: 5.57
tot_sleeping_duration: 599536.843
tot_uptimes: 156
tot_uptimes_duration: 9300.0
