comms_cons: 62.98268159930466
finished_reconf: true
global_termination_time: 612162.941
local_termination_time: 357583.20536
node_cons: 12567.438105602556
tot_aggregated_send: 8062
tot_msg_rcv: 542
tot_msg_sent: 969
tot_reconf_duration: 25.299999999999997
tot_sleeping_duration: 602802.9105999981
tot_uptimes: 157
tot_uptimes_duration: 9360.03040000191
