comms_cons: 408.0449532510219
finished_reconf: true
global_termination_time: 2084398.1276
local_termination_time: 855.7790399999994
node_cons: 42859.68229063774
tot_aggregated_send: 0
tot_msg_rcv: 31101
tot_msg_sent: 30918
tot_reconf_duration: 13.17
tot_sleeping_duration: 2052402.7598400016
tot_uptimes: 534
tot_uptimes_duration: 31995.367759998597
