comms_cons: 209.12726398416373
finished_reconf: true
global_termination_time: 2087186.473
local_termination_time: 49550.52099999999
node_cons: 42935.203013108556
tot_aggregated_send: 28940
tot_msg_rcv: 869
tot_msg_sent: 1978
tot_reconf_duration: 22.65
tot_sleeping_duration: 2055144.3189200084
tot_uptimes: 535
tot_uptimes_duration: 32042.15407999175
