comms_cons: 206.50135038385417
finished_reconf: true
global_termination_time: 2088583.271
local_termination_time: 532126.0445999998
node_cons: 42905.7344644716
tot_aggregated_send: 28246
tot_msg_rcv: 1160
tot_msg_sent: 1981
tot_reconf_duration: 3.05
tot_sleeping_duration: 2056543.246680006
tot_uptimes: 535
tot_uptimes_duration: 32040.024319993972
