comms_cons: 89.47711999438881
finished_reconf: true
global_termination_time: 886026.913
local_termination_time: 399687.20224000094
node_cons: 18217.954047833195
tot_aggregated_send: 12122
tot_msg_rcv: 493
tot_msg_sent: 984
tot_reconf_duration: 25.299999999999997
tot_sleeping_duration: 872446.930440005
tot_uptimes: 227
tot_uptimes_duration: 13579.98255999491
