comms_cons: 91.55972479319303
finished_reconf: true
global_termination_time: 885076.237
local_termination_time: 322788.09160000004
node_cons: 18177.41636783163
tot_aggregated_send: 11600
tot_msg_rcv: 811
tot_msg_sent: 1506
tot_reconf_duration: 15.110000000000001
tot_sleeping_duration: 871516.1944400063
tot_uptimes: 227
tot_uptimes_duration: 13560.042559993744
