comms_cons: 89.4749823977695
finished_reconf: true
global_termination_time: 884204.158
local_termination_time: 638201.093
node_cons: 18197.40514863044
tot_aggregated_send: 12236
tot_msg_rcv: 493
tot_msg_sent: 870
tot_reconf_duration: 18.700000000000003
tot_sleeping_duration: 870632.8282400072
tot_uptimes: 227
tot_uptimes_duration: 13571.329759992892
