comms_cons: 79.07540479955259
finished_reconf: true
global_termination_time: 807377.99
local_termination_time: 462971.3799600001
node_cons: 16558.568239999982
tot_aggregated_send: 11774
tot_msg_rcv: 76
tot_msg_sent: 169
tot_reconf_duration: 6.279999999999999
tot_sleeping_duration: 795017.99
tot_uptimes: 207
tot_uptimes_duration: 12360.0
