comms_cons: 79.82709759775173
finished_reconf: true
global_termination_time: 808364.078
local_termination_time: 272591.73280000023
node_cons: 16646.540199999978
tot_aggregated_send: 11658
tot_msg_rcv: 194
tot_msg_sent: 281
tot_reconf_duration: 11.899999999999999
tot_sleeping_duration: 795944.078
tot_uptimes: 208
tot_uptimes_duration: 12420.0
