comms_cons: 80.29913599932173
finished_reconf: true
global_termination_time: 809838.368
local_termination_time: 293528.49336
node_cons: 16637.753940000013
tot_aggregated_send: 11542
tot_msg_rcv: 234
tot_msg_sent: 429
tot_reconf_duration: 5.43
tot_sleeping_duration: 797418.368
tot_uptimes: 208
tot_uptimes_duration: 12420.0
