comms_cons: 150.93043202076836
finished_reconf: true
global_termination_time: 518598.409480001
local_termination_time: 518598.409480001
node_cons: 21062.058225964167
tot_aggregated_send: 0
tot_msg_rcv: 7793
tot_msg_sent: 15149
tot_reconf_duration: 37.410000000000004
tot_sleeping_duration: 502906.6578399979
tot_uptimes: 257
tot_uptimes_duration: 15691.75164000308
