comms_cons: 52.28490240050108
finished_reconf: true
global_termination_time: 522354.298
local_termination_time: 56433.23660000002
node_cons: 10705.747521119167
tot_aggregated_send: 7366
tot_msg_rcv: 246
tot_msg_sent: 335
tot_reconf_duration: 15.110000000000001
tot_sleeping_duration: 514374.2919200007
tot_uptimes: 134
tot_uptimes_duration: 7980.006079999366
