comms_cons: 51.206540799997896
finished_reconf: true
global_termination_time: 521465.015
local_termination_time: 34778.81744000014
node_cons: 10689.361900000018
tot_aggregated_send: 7598
tot_msg_rcv: 71
tot_msg_sent: 114
tot_reconf_duration: 3.05
tot_sleeping_duration: 513485.015
tot_uptimes: 134
tot_uptimes_duration: 7980.0
