comms_cons: 51.35065600037988
finished_reconf: true
global_termination_time: 522849.946
local_termination_time: 131355.00032000063
node_cons: 10695.839559999984
tot_aggregated_send: 7540
tot_msg_rcv: 98
tot_msg_sent: 167
tot_reconf_duration: 7.819999999999999
tot_sleeping_duration: 514869.946
tot_uptimes: 134
tot_uptimes_duration: 7980.0
