comms_cons: 37.54520320015518
finished_reconf: true
global_termination_time: 380717.65
local_termination_time: 65055.95972000001
node_cons: 7797.162640000001
tot_aggregated_send: 5510
tot_msg_rcv: 81
tot_msg_sent: 115
tot_reconf_duration: 3.08
tot_sleeping_duration: 374897.65
tot_uptimes: 98
tot_uptimes_duration: 5820.0
