comms_cons: 37.10073600025221
finished_reconf: true
global_termination_time: 381057.101
local_termination_time: 77537.53535999997
node_cons: 7807.858776720098
tot_aggregated_send: 5452
tot_msg_rcv: 23
tot_msg_sent: 164
tot_reconf_duration: 10.95
tot_sleeping_duration: 375237.09452
tot_uptimes: 98
tot_uptimes_duration: 5820.006480000069
