comms_cons: 117.86539519671501
finished_reconf: true
global_termination_time: 1184095.974
local_termination_time: 197095.11836000005
node_cons: 24363.851720000035
tot_aggregated_send: 16704
tot_msg_rcv: 354
tot_msg_sent: 856
tot_reconf_duration: 15.34
tot_sleeping_duration: 1165915.974
tot_uptimes: 304
tot_uptimes_duration: 18180.0
