comms_cons: 117.33345279784784
finished_reconf: true
global_termination_time: 1185404.67
local_termination_time: 225121.10708000063
node_cons: 24351.548240000047
tot_aggregated_send: 16820
tot_msg_rcv: 265
tot_msg_sent: 749
tot_reconf_duration: 6.279999999999999
tot_sleeping_duration: 1167224.67
tot_uptimes: 304
tot_uptimes_duration: 18180.000000000007
