comms_cons: 231.5035454616199
finished_reconf: true
global_termination_time: 1181764.306
local_termination_time: 323001.21948
node_cons: 24271.143042238262
tot_aggregated_send: 0
tot_msg_rcv: 17671
tot_msg_sent: 17516
tot_reconf_duration: 6.22
tot_sleeping_duration: 1163644.2938400016
tot_uptimes: 303
tot_uptimes_duration: 18120.012159998703
