comms_cons: 116.67553280000458
finished_reconf: true
global_termination_time: 1183262.548
local_termination_time: 283414.7724800005
node_cons: 24350.393940000027
tot_aggregated_send: 17168
tot_msg_rcv: 164
tot_msg_sent: 401
tot_reconf_duration: 5.43
tot_sleeping_duration: 1165082.548
tot_uptimes: 304
tot_uptimes_duration: 18180.0
