comms_cons: 791.9875001917726
finished_reconf: true
global_termination_time: 1637653.2794399995
local_termination_time: 1637653.2383199995
node_cons: 99506.735337228
tot_aggregated_send: 0
tot_msg_rcv: 48600
tot_msg_sent: 71778
tot_reconf_duration: 24.59
tot_sleeping_duration: 1563364.0022800067
tot_uptimes: 1222
tot_uptimes_duration: 74289.27715999304
