comms_cons: 162.85493758857803
finished_reconf: true
global_termination_time: 1642805.698
local_termination_time: 189644.16136000006
node_cons: 33750.39662446735
tot_aggregated_send: 22794
tot_msg_rcv: 635
tot_msg_sent: 1324
tot_reconf_duration: 5.57
tot_sleeping_duration: 1617605.6736800096
tot_uptimes: 421
tot_uptimes_duration: 25200.024319990538
