comms_cons: 165.09186558395945
finished_reconf: true
global_termination_time: 1640293.918
local_termination_time: 169751.9598800009
node_cons: 33749.78278782244
tot_aggregated_send: 22562
tot_msg_rcv: 893
tot_msg_sent: 1638
tot_reconf_duration: 5.1
tot_sleeping_duration: 1615093.8754400131
tot_uptimes: 421
tot_uptimes_duration: 25200.042559986876
