comms_cons: 164.2023743909956
finished_reconf: true
global_termination_time: 1638445.388
local_termination_time: 66535.84559999996
node_cons: 33693.24312335512
tot_aggregated_send: 23026
tot_msg_rcv: 669
tot_msg_sent: 1261
tot_reconf_duration: 22.65
tot_sleeping_duration: 1613305.3697600036
tot_uptimes: 420
tot_uptimes_duration: 25140.018239996338
