comms_cons: 213.4548416290121
finished_reconf: true
global_termination_time: 441545.36280000076
local_termination_time: 441545.32168000075
node_cons: 26762.971193284233
tot_aggregated_send: 0
tot_msg_rcv: 13151
tot_msg_sent: 19291
tot_reconf_duration: 24.59
tot_sleeping_duration: 421583.0192799976
tot_uptimes: 330
tot_uptimes_duration: 19962.343520003124
