comms_cons: 494.0067648040766
finished_reconf: true
global_termination_time: 2508211.733
local_termination_time: 1198981.509
node_cons: 51626.03628734677
tot_aggregated_send: 0
tot_msg_rcv: 37854
tot_msg_sent: 37232
tot_reconf_duration: 22.65
tot_sleeping_duration: 2469679.038760009
tot_uptimes: 643
tot_uptimes_duration: 38532.694239990786
