comms_cons: 252.63638400695288
finished_reconf: true
global_termination_time: 2508507.604
local_termination_time: 760470.6363599999
node_cons: 51584.27418446659
tot_aggregated_send: 34626
tot_msg_rcv: 1158
tot_msg_sent: 2613
tot_reconf_duration: 4.390000000000001
tot_sleeping_duration: 2469987.5796800093
tot_uptimes: 643
tot_uptimes_duration: 38520.02431999054
