comms_cons: 474.3289855149148
finished_reconf: true
global_termination_time: 2403583.353
local_termination_time: 880620.687
node_cons: 49454.04138798759
tot_aggregated_send: 0
tot_msg_rcv: 36431
tot_msg_sent: 35664
tot_reconf_duration: 22.65
tot_sleeping_duration: 2366672.7610000093
tot_uptimes: 616
tot_uptimes_duration: 36910.591999991215
