comms_cons: 241.3087231876362
finished_reconf: true
global_termination_time: 2403168.616
local_termination_time: 709847.4323199996
node_cons: 49417.64452223302
tot_aggregated_send: 33176
tot_msg_rcv: 1223
tot_msg_sent: 2277
tot_reconf_duration: 6.279999999999999
tot_sleeping_duration: 2366268.6038400047
tot_uptimes: 616
tot_uptimes_duration: 36900.01215999526
