comms_cons: 243.4651776044093
finished_reconf: true
global_termination_time: 2402030.2421999997
local_termination_time: 2402030.2010799996
node_cons: 49469.36148686263
tot_aggregated_send: 33452
tot_msg_rcv: 1325
tot_msg_sent: 2229
tot_reconf_duration: 24.59
tot_sleeping_duration: 2365110.176280012
tot_uptimes: 616
tot_uptimes_duration: 36920.06591998776
