comms_cons: 216.89648638622566
finished_reconf: true
global_termination_time: 2194082.202
local_termination_time: 1649195.3186799996
node_cons: 45081.36770111644
tot_aggregated_send: 30218
tot_msg_rcv: 818
tot_msg_sent: 1931
tot_reconf_duration: 7.819999999999999
tot_sleeping_duration: 2160422.195920002
tot_uptimes: 562
tot_uptimes_duration: 33660.006079997635
