comms_cons: 281.8726976011564
finished_reconf: true
global_termination_time: 2808043.52
local_termination_time: 607110.9757999994
node_cons: 57865.36822670025
tot_aggregated_send: 39440
tot_msg_rcv: 1089
tot_msg_sent: 2314
tot_reconf_duration: 15.110000000000001
tot_sleeping_duration: 2764843.483520014
tot_uptimes: 720
tot_uptimes_duration: 43200.03647998604
