comms_cons: 283.0805824305796
finished_reconf: false
global_termination_time: 2808807.593
local_termination_time: 0
node_cons: 57844.80814111579
tot_aggregated_send: 39092
tot_msg_rcv: 1265
tot_msg_sent: 2669
tot_reconf_duration: 0
tot_sleeping_duration: 2765607.586920002
tot_uptimes: 720
tot_uptimes_duration: 43200.006079997635
