comms_cons: 284.72803839895136
finished_reconf: true
global_termination_time: 2808912.848
local_termination_time: 641400.5823199986
node_cons: 57857.633065583184
tot_aggregated_send: 38744
tot_msg_rcv: 1518
tot_msg_sent: 3015
tot_reconf_duration: 9.42
tot_sleeping_duration: 2765712.817600012
tot_uptimes: 720
tot_uptimes_duration: 43200.03039998817
