comms_cons: 286.36625922473246
finished_reconf: true
global_termination_time: 2811091.838
local_termination_time: 849903.0683599998
node_cons: 57870.235305583374
tot_aggregated_send: 38686
tot_msg_rcv: 1776
tot_msg_sent: 3064
tot_reconf_duration: 18.700000000000003
tot_sleeping_duration: 2767891.8076000116
tot_uptimes: 720
tot_uptimes_duration: 43200.030399988405
