comms_cons: 283.3384000104771
finished_reconf: true
global_termination_time: 2810712.569
local_termination_time: 2116739.7653599996
node_cons: 57853.254901115484
tot_aggregated_send: 39208
tot_msg_rcv: 1307
tot_msg_sent: 2550
tot_reconf_duration: 6.22
tot_sleeping_duration: 2767512.5629200027
tot_uptimes: 720
tot_uptimes_duration: 43200.00607999766
