comms_cons: 285.37278722937907
finished_reconf: true
global_termination_time: 2808149.63
local_termination_time: 1147487.4171599983
node_cons: 57852.206504466834
tot_aggregated_send: 38802
tot_msg_rcv: 1613
tot_msg_sent: 2959
tot_reconf_duration: 5.43
tot_sleeping_duration: 2764949.605680009
tot_uptimes: 720
tot_uptimes_duration: 43200.024319991004
