comms_cons: 130.76720639192763
finished_reconf: true
global_termination_time: 1324500.431
local_termination_time: 352704.1789600001
node_cons: 27245.895842233716
tot_aggregated_send: 18386
tot_msg_rcv: 402
tot_msg_sent: 1087
tot_reconf_duration: 7.819999999999999
tot_sleeping_duration: 1304160.4188400048
tot_uptimes: 340
tot_uptimes_duration: 20340.01215999527
