comms_cons: 76.72327039713447
finished_reconf: true
global_termination_time: 761776.5275999989
local_termination_time: 4741.120999999999
node_cons: 15750.185287114204
tot_aggregated_send: 10477
tot_msg_rcv: 400
tot_msg_sent: 784
tot_reconf_duration: 21.68
tot_sleeping_duration: 750035.8675200032
tot_uptimes: 196
tot_uptimes_duration: 11740.660079995656
