comms_cons: 71.60046079891784
finished_reconf: true
global_termination_time: 762377.044
local_termination_time: 5418.57
node_cons: 15675.934189396352
tot_aggregated_send: 10432
tot_msg_rcv: 92
tot_msg_sent: 359
tot_reconf_duration: 7.08
tot_sleeping_duration: 750677.0294000028
tot_uptimes: 196
tot_uptimes_duration: 11700.01459999726
