comms_cons: 72.98964479918016
finished_reconf: true
global_termination_time: 763715.101
local_termination_time: 5329.823
node_cons: 15680.635041121453
tot_aggregated_send: 10719
tot_msg_rcv: 121
tot_msg_sent: 254
tot_reconf_duration: 10.55
tot_sleeping_duration: 752015.094919999
tot_uptimes: 196
tot_uptimes_duration: 11700.006080001069
