comms_cons: 325.16868461757167
finished_reconf: true
global_termination_time: 1119301.549
local_termination_time: 472031.9554800001
node_cons: 45566.62846599948
tot_aggregated_send: 0
tot_msg_rcv: 16571
tot_msg_sent: 32853
tot_reconf_duration: 18.21
tot_sleeping_duration: 1085289.675
tot_uptimes: 563
tot_uptimes_duration: 34011.87399999995
