comms_cons: 220.552825476799
finished_reconf: true
global_termination_time: 1119301.549
local_termination_time: 472035.4266000001
node_cons: 23008.0068411215
tot_aggregated_send: 0
tot_msg_rcv: 16951
tot_msg_sent: 16571
tot_reconf_duration: 22.65
tot_sleeping_duration: 1102141.542919999
tot_uptimes: 287
tot_uptimes_duration: 17160.00608000107
