comms_cons: 50.69273600099512
finished_reconf: true
global_termination_time: 502360.863
local_termination_time: 101230.36219999962
node_cons: 10314.286841121457
tot_aggregated_send: 6902
tot_msg_rcv: 299
tot_msg_sent: 504
tot_reconf_duration: 22.65
tot_sleeping_duration: 494680.85691999894
tot_uptimes: 129
tot_uptimes_duration: 7680.006080001069
