comms_cons: 49.61374720034325
finished_reconf: true
global_termination_time: 499417.678
local_termination_time: 41135.67360000002
node_cons: 10213.799560000012
tot_aggregated_send: 6902
tot_msg_rcv: 182
tot_msg_sent: 457
tot_reconf_duration: 7.819999999999999
tot_sleeping_duration: 491797.678
tot_uptimes: 128
tot_uptimes_duration: 7620.0
