comms_cons: 364.8185661012921
finished_reconf: true
global_termination_time: 1860651.4435999999
local_termination_time: 1057.2940400000014
node_cons: 38287.15475175017
tot_aggregated_send: 0
tot_msg_rcv: 27846
tot_msg_sent: 27603
tot_reconf_duration: 18.21
tot_sleeping_duration: 1832076.069760007
tot_uptimes: 477
tot_uptimes_duration: 28575.373839992797
