comms_cons: 474.26821124903637
finished_reconf: true
global_termination_time: 4805809.588
local_termination_time: 1350535.99248
node_cons: 98839.05614334873
tot_aggregated_send: 67048
tot_msg_rcv: 1768
tot_msg_sent: 3270
tot_reconf_duration: 15.34
tot_sleeping_duration: 4732009.569760007
tot_uptimes: 1231
tot_uptimes_duration: 73800.0182399936
