comms_cons: 484.5120257036501
finished_reconf: true
global_termination_time: 4803772.543
local_termination_time: 260633.82856000072
node_cons: 98824.21046669915
tot_aggregated_send: 66468
tot_msg_rcv: 2501
tot_msg_sent: 4674
tot_reconf_duration: 4.390000000000001
tot_sleeping_duration: 4729972.506520012
tot_uptimes: 1231
tot_uptimes_duration: 73800.0364799865
