comms_cons: 478.5380288724802
finished_reconf: true
global_termination_time: 4803267.051
local_termination_time: 1318164.4043199986
node_cons: 98833.58340334838
tot_aggregated_send: 66410
tot_msg_rcv: 2150
tot_msg_sent: 4174
tot_reconf_duration: 11.31
tot_sleeping_duration: 4729467.032760006
tot_uptimes: 1231
tot_uptimes_duration: 73800.01823999337
