comms_cons: 476.5239808632468
finished_reconf: true
global_termination_time: 4803563.862
local_termination_time: 1336680.0633599998
node_cons: 98825.59836334821
tot_aggregated_send: 66584
tot_msg_rcv: 1819
tot_msg_sent: 4025
tot_reconf_duration: 5.43
tot_sleeping_duration: 4729763.843760006
tot_uptimes: 1231
tot_uptimes_duration: 73800.01823999337
