comms_cons: 78.02993919972685
finished_reconf: true
global_termination_time: 793860.693
local_termination_time: 559511.1323599978
node_cons: 16317.919543037013
tot_aggregated_send: 11484
tot_msg_rcv: 89
tot_msg_sent: 287
tot_reconf_duration: 5.43
tot_sleeping_duration: 781679.5536400022
tot_uptimes: 204
tot_uptimes_duration: 12181.139359997818
