comms_cons: 118.86045439521476
finished_reconf: true
global_termination_time: 1182560.38548
local_termination_time: 91598.54447999997
node_cons: 24307.980397673018
tot_aggregated_send: 16298
tot_msg_rcv: 551
tot_msg_sent: 1217
tot_reconf_duration: 18.21
tot_sleeping_duration: 1164425.0223600052
tot_uptimes: 303
tot_uptimes_duration: 18135.363119994756
