comms_cons: 118.65587199461696
finished_reconf: true
global_termination_time: 1185817.955
local_termination_time: 420723.28036000003
node_cons: 24350.58406000005
tot_aggregated_send: 16820
tot_msg_rcv: 466
tot_msg_sent: 749
tot_reconf_duration: 5.57
tot_sleeping_duration: 1167637.955
tot_uptimes: 304
tot_uptimes_duration: 18180.0
