comms_cons: 444.6402942110607
finished_reconf: true
global_termination_time: 918074.8465999998
local_termination_time: 918074.8054799999
node_cons: 55850.15271096095
tot_aggregated_send: 0
tot_msg_rcv: 27308
tot_msg_sent: 40273
tot_reconf_duration: 24.59
tot_sleeping_duration: 876389.4399599985
tot_uptimes: 683
tot_uptimes_duration: 41685.40664000139
