comms_cons: 181.91127032297953
finished_reconf: true
global_termination_time: 918075.4465999999
local_termination_time: 1398.3310400000014
node_cons: 18925.23103400244
tot_aggregated_send: 0
tot_msg_rcv: 14014
tot_msg_sent: 13634
tot_reconf_duration: 18.21
tot_sleeping_duration: 903960.0605999981
tot_uptimes: 236
tot_uptimes_duration: 14115.386000001803
