comms_cons: 91.2008703961481
finished_reconf: true
global_termination_time: 921219.107
local_termination_time: 552849.7293599999
node_cons: 18900.731719999985
tot_aggregated_send: 13282
tot_msg_rcv: 246
tot_msg_sent: 334
tot_reconf_duration: 15.34
tot_sleeping_duration: 907119.107
tot_uptimes: 236
tot_uptimes_duration: 14100.0
