comms_cons: 91.16554879822253
finished_reconf: true
global_termination_time: 918480.239
local_termination_time: 650639.844
node_cons: 18897.793001116916
tot_aggregated_send: 13043
tot_msg_rcv: 236
tot_msg_sent: 577
tot_reconf_duration: 13.17
tot_sleeping_duration: 904380.2329200023
tot_uptimes: 236
tot_uptimes_duration: 14100.006079997635
