comms_cons: 93.75325439451748
finished_reconf: true
global_termination_time: 918075.1062400005
local_termination_time: 188507.9536000001
node_cons: 18965.013283832544
tot_aggregated_send: 11948
tot_msg_rcv: 727
tot_msg_sent: 1575
tot_reconf_duration: 4.8100000000000005
tot_sleeping_duration: 903916.419680006
tot_uptimes: 236
tot_uptimes_duration: 14158.686559994414
