comms_cons: 95.21560319043904
finished_reconf: true
global_termination_time: 920727.823
local_termination_time: 14376.8096
node_cons: 18885.91046670562
tot_aggregated_send: 12296
tot_msg_rcv: 835
tot_msg_sent: 1340
tot_reconf_duration: 4.390000000000001
tot_sleeping_duration: 906627.7865200107
tot_uptimes: 236
tot_uptimes_duration: 14100.036479989241
