comms_cons: 93.50421759528012
finished_reconf: true
global_termination_time: 921212.939
local_termination_time: 341030.41956000077
node_cons: 18884.08260558885
tot_aggregated_send: 12354
tot_msg_rcv: 576
tot_msg_sent: 1283
tot_reconf_duration: 3.05
tot_sleeping_duration: 907112.9086000085
tot_uptimes: 236
tot_uptimes_duration: 14100.030399991607
