comms_cons: 112.47863038830387
finished_reconf: true
global_termination_time: 1090454.75
local_termination_time: 601727.7824799978
node_cons: 22419.067063355073
tot_aggregated_send: 13630
tot_msg_rcv: 1140
tot_msg_sent: 2327
tot_reconf_duration: 3.08
tot_sleeping_duration: 1073714.7317600036
tot_uptimes: 280
tot_uptimes_duration: 16740.018239996338
