comms_cons: 112.54647678925579
finished_reconf: true
global_termination_time: 1088067.752
local_termination_time: 611805.9968799991
node_cons: 22351.70410446737
tot_aggregated_send: 14210
tot_msg_rcv: 1043
tot_msg_sent: 1851
tot_reconf_duration: 12.629999999999999
tot_sleeping_duration: 1071387.7276800096
tot_uptimes: 279
tot_uptimes_duration: 16680.024319990538
