comms_cons: 109.59694079142339
finished_reconf: true
global_termination_time: 1092067.219
local_termination_time: 606235.8771999995
node_cons: 22440.303446700964
tot_aggregated_send: 14558
tot_msg_rcv: 689
tot_msg_sent: 1412
tot_reconf_duration: 18.700000000000003
tot_sleeping_duration: 1075327.1825200142
tot_uptimes: 280
tot_uptimes_duration: 16740.036479985807
