comms_cons: 98.95116799417691
finished_reconf: true
global_termination_time: 992587.1354799998
local_termination_time: 992587.0943599999
node_cons: 20458.127942070325
tot_aggregated_send: 14080
tot_msg_rcv: 310
tot_msg_sent: 649
tot_reconf_duration: 24.59
tot_sleeping_duration: 977333.4127600071
tot_uptimes: 255
tot_uptimes_duration: 15253.722719992744
