comms_cons: 98.99189759896187
finished_reconf: true
global_termination_time: 994482.972
local_termination_time: 477584.76600000047
node_cons: 20416.9958422337
tot_aggregated_send: 13920
tot_msg_rcv: 411
tot_msg_sent: 716
tot_reconf_duration: 7.819999999999999
tot_sleeping_duration: 979242.9598400047
tot_uptimes: 255
tot_uptimes_duration: 15240.012159995269
