comms_cons: 48.37483520030645
finished_reconf: true
global_termination_time: 485533.608
local_termination_time: 56106.50936000002
node_cons: 9979.311540000019
tot_aggregated_send: 6902
tot_msg_rcv: 172
tot_msg_sent: 279
tot_reconf_duration: 12.629999999999999
tot_sleeping_duration: 478093.608
tot_uptimes: 125
tot_uptimes_duration: 7440.0
