comms_cons: 117.26731520879429
finished_reconf: true
global_termination_time: 243384.02248000016
local_termination_time: 3470.7980400000015
node_cons: 14751.41720904288
tot_aggregated_send: 0
tot_msg_rcv: 7204
tot_msg_sent: 10619
tot_reconf_duration: 18.21
tot_sleeping_duration: 232385.74911999804
tot_uptimes: 184
tot_uptimes_duration: 10998.273360002137
