comms_cons: 24.801939200413333
finished_reconf: true
global_termination_time: 249515.59
local_termination_time: 131447.61888000046
node_cons: 5079.304860000021
tot_aggregated_send: 3306
tot_msg_rcv: 126
tot_msg_sent: 337
tot_reconf_duration: 13.17
tot_sleeping_duration: 245735.59
tot_uptimes: 64
tot_uptimes_duration: 3780.0
