comms_cons: 47.77815040362186
finished_reconf: true
global_termination_time: 243416.74
local_termination_time: 7360.491360000001
node_cons: 5011.846841121436
tot_aggregated_send: 0
tot_msg_rcv: 3686
tot_msg_sent: 3576
tot_reconf_duration: 22.65
tot_sleeping_duration: 239696.73391999892
tot_uptimes: 63
tot_uptimes_duration: 3720.0060800010688
