comms_cons: 146.4661503973298
finished_reconf: true
global_termination_time: 1515592.402
local_termination_time: 341708.4383600001
node_cons: 31202.70312335518
tot_aggregated_send: 21344
tot_msg_rcv: 297
tot_msg_sent: 621
tot_reconf_duration: 22.65
tot_sleeping_duration: 1492312.3837600036
tot_uptimes: 389
tot_uptimes_duration: 23280.018239996338
