comms_cons: 150.6391423953831
finished_reconf: true
global_termination_time: 1513923.9422400002
local_termination_time: 99629.30215999954
node_cons: 31151.702392720043
tot_aggregated_send: 21286
tot_msg_rcv: 453
tot_msg_sent: 1156
tot_reconf_duration: 11.31
tot_sleeping_duration: 1490670.5117600004
tot_uptimes: 388
tot_uptimes_duration: 23253.43047999998
