comms_cons: 149.0504575911417
finished_reconf: true
global_termination_time: 1473768.620359998
local_termination_time: 1473768.620359998
node_cons: 30427.674926396936
tot_aggregated_send: 20448
tot_msg_rcv: 750
tot_msg_sent: 1456
tot_reconf_duration: 37.410000000000004
tot_sleeping_duration: 1451082.3827600004
tot_uptimes: 378
tot_uptimes_duration: 22686.237599997665
