comms_cons: 143.36139519164638
finished_reconf: true
global_termination_time: 1478974.147
local_termination_time: 672849.9120399983
node_cons: 30415.551409908425
tot_aggregated_send: 19720
tot_msg_rcv: 687
tot_msg_sent: 1384
tot_reconf_duration: 25.299999999999997
tot_sleeping_duration: 1456284.6817200088
tot_uptimes: 379
tot_uptimes_duration: 22689.465279991273
