comms_cons: 143.6470527864571
finished_reconf: true
global_termination_time: 1476303.822
local_termination_time: 433076.0686000001
node_cons: 30379.563207817908
tot_aggregated_send: 18966
tot_msg_rcv: 1003
tot_msg_sent: 1864
tot_reconf_duration: 8.09
tot_sleeping_duration: 1453623.7794400165
tot_uptimes: 379
tot_uptimes_duration: 22680.04255998344
