comms_cons: 143.4271871944621
finished_reconf: true
global_termination_time: 1478557.658
local_termination_time: 723951.682
node_cons: 30405.195753990665
tot_aggregated_send: 19891
tot_msg_rcv: 567
tot_msg_sent: 1342
tot_reconf_duration: 15.110000000000001
tot_sleeping_duration: 1455865.5920000072
tot_uptimes: 379
tot_uptimes_duration: 22692.065999993007
