comms_cons: 143.35481599705125
finished_reconf: true
global_termination_time: 1475433.943
local_termination_time: 364789.709
node_cons: 30308.015285761052
tot_aggregated_send: 20356
tot_msg_rcv: 386
tot_msg_sent: 1047
tot_reconf_duration: 9.42
tot_sleeping_duration: 1452808.683159999
tot_uptimes: 378
tot_uptimes_duration: 22625.25984000077
