comms_cons: 146.8411647930016
finished_reconf: true
global_termination_time: 1473912.377
local_termination_time: 632798.2980000001
node_cons: 30294.174184467392
tot_aggregated_send: 20585
tot_msg_rcv: 585
tot_msg_sent: 1149
tot_reconf_duration: 4.390000000000001
tot_sleeping_duration: 1451292.3526800096
tot_uptimes: 378
tot_uptimes_duration: 22620.024319990538
