comms_cons: 148.6319615910503
finished_reconf: true
global_termination_time: 1477856.54
local_termination_time: 550195.9601599983
node_cons: 30383.919685584126
tot_aggregated_send: 19488
tot_msg_rcv: 1072
tot_msg_sent: 2032
tot_reconf_duration: 11.31
tot_sleeping_duration: 1455176.5096000119
tot_uptimes: 379
tot_uptimes_duration: 22680.030399988173
