comms_cons: 313.20470403524104
finished_reconf: true
global_termination_time: 3102944.891
local_termination_time: 1076081.7653599998
node_cons: 63797.58918893346
tot_aggregated_send: 42108
tot_msg_rcv: 1931
tot_msg_sent: 3565
tot_reconf_duration: 5.57
tot_sleeping_duration: 3055304.8423600188
tot_uptimes: 795
tot_uptimes_duration: 47640.048639981076
