comms_cons: 304.34690560748385
finished_reconf: true
global_termination_time: 3101440.73
local_termination_time: 2250348.6858799993
node_cons: 63802.752359999235
tot_aggregated_send: 44370
tot_msg_rcv: 560
tot_msg_sent: 1328
tot_reconf_duration: 9.42
tot_sleeping_duration: 3053800.73
tot_uptimes: 795
tot_uptimes_duration: 47640.0
