comms_cons: 304.22941440762276
finished_reconf: true
global_termination_time: 3102931.436
local_termination_time: 1639115.58036
node_cons: 63804.838241115795
tot_aggregated_send: 44950
tot_msg_rcv: 429
tot_msg_sent: 862
tot_reconf_duration: 10.95
tot_sleeping_duration: 3055291.4299200024
tot_uptimes: 795
tot_uptimes_duration: 47640.006079997635
