comms_cons: 178.22955518071478
finished_reconf: true
global_termination_time: 1749620.903
local_termination_time: 441756.4148800009
node_cons: 35996.51888781781
tot_aggregated_send: 23780
tot_msg_rcv: 1096
tot_msg_sent: 2214
tot_reconf_duration: 3.05
tot_sleeping_duration: 1722740.8604400165
tot_uptimes: 449
tot_uptimes_duration: 26880.04255998344
