comms_cons: 50.754457601214064
finished_reconf: true
global_termination_time: 494944.474
local_termination_time: 109812.72211999945
node_cons: 10138.914732650719
tot_aggregated_send: 6264
tot_msg_rcv: 496
tot_msg_sent: 956
tot_reconf_duration: 9.11
tot_sleeping_duration: 487381.70823999203
tot_uptimes: 127
tot_uptimes_duration: 7562.765760007998
