comms_cons: 50.13350400101919
finished_reconf: true
global_termination_time: 494245.258
local_termination_time: 161777.411600001
node_cons: 10131.765844644257
tot_aggregated_send: 6612
tot_msg_rcv: 310
tot_msg_sent: 698
tot_reconf_duration: 4.390000000000001
tot_sleeping_duration: 486683.0442399968
tot_uptimes: 127
tot_uptimes_duration: 7562.2137600031565
