comms_cons: 59.94309120160517
finished_reconf: true
global_termination_time: 576723.905
local_termination_time: 118539.05935999997
node_cons: 11820.640265607179
tot_aggregated_send: 7366
tot_msg_rcv: 585
tot_msg_sent: 1160
tot_reconf_duration: 7.819999999999999
tot_sleeping_duration: 567903.8745999946
tot_uptimes: 148
tot_uptimes_duration: 8820.030400005344
