comms_cons: 80.26623999789992
finished_reconf: true
global_termination_time: 813295.932
local_termination_time: 470852.94899999996
node_cons: 16721.347701116865
tot_aggregated_send: 11534
tot_msg_rcv: 199
tot_msg_sent: 467
tot_reconf_duration: 7.819999999999999
tot_sleeping_duration: 800815.9259200024
tot_uptimes: 209
tot_uptimes_duration: 12480.006079997635
