comms_cons: 134.45911039595794
finished_reconf: true
global_termination_time: 1357237.425
local_termination_time: 743960.2465599994
node_cons: 27902.709179999994
tot_aggregated_send: 19430
tot_msg_rcv: 325
tot_msg_sent: 682
tot_reconf_duration: 18.21
tot_sleeping_duration: 1336417.425
tot_uptimes: 348
tot_uptimes_duration: 20820.0
