comms_cons: 138.98952959615508
finished_reconf: true
global_termination_time: 1410096.288
local_termination_time: 535951.0681199989
node_cons: 29027.48546223366
tot_aggregated_send: 19546
tot_msg_rcv: 440
tot_msg_sent: 1139
tot_reconf_duration: 18.21
tot_sleeping_duration: 1388436.2758400047
tot_uptimes: 362
tot_uptimes_duration: 21660.01215999527
