comms_cons: 141.32779518802482
finished_reconf: true
global_termination_time: 1410596.461
local_termination_time: 545013.9183599999
node_cons: 29033.531264467405
tot_aggregated_send: 18328
tot_msg_rcv: 1064
tot_msg_sent: 2089
tot_reconf_duration: 22.65
tot_sleeping_duration: 1388936.4366800094
tot_uptimes: 362
tot_uptimes_duration: 21660.024319990538
