comms_cons: 138.85401599675018
finished_reconf: true
global_termination_time: 1407291.0844799997
local_termination_time: 1407291.0433599998
node_cons: 28974.15165984127
tot_aggregated_send: 20286
tot_msg_rcv: 231
tot_msg_sent: 587
tot_reconf_duration: 24.59
tot_sleeping_duration: 1385677.3739199988
tot_uptimes: 361
tot_uptimes_duration: 21613.71056000091
