comms_cons: 1.4922815999969437
finished_reconf: true
global_termination_time: 15877.566
local_termination_time: 5036.782360000001
node_cons: 336.71898000000056
tot_aggregated_send: 0
tot_msg_rcv: 118
tot_msg_sent: 108
tot_reconf_duration: 11.31
tot_sleeping_duration: 15637.566
tot_uptimes: 5
tot_uptimes_duration: 240.0
