comms_cons: 27.882649600011536
finished_reconf: true
global_termination_time: 281501.741
local_termination_time: 124547.31291999982
node_cons: 5790.441620000007
tot_aggregated_send: 4002
tot_msg_rcv: 65
tot_msg_sent: 171
tot_reconf_duration: 4.390000000000001
tot_sleeping_duration: 277181.741
tot_uptimes: 73
tot_uptimes_duration: 4320.000000000002
