comms_cons: 124.20727679321698
finished_reconf: true
global_termination_time: 1255907.815
local_termination_time: 281539.70836000005
node_cons: 25813.901744471998
tot_aggregated_send: 17284
tot_msg_rcv: 560
tot_msg_sent: 1034
tot_reconf_duration: 18.21
tot_sleeping_duration: 1236647.790680006
tot_uptimes: 322
tot_uptimes_duration: 19260.024319993972
