comms_cons: 123.32115199852582
finished_reconf: true
global_termination_time: 1256124.305
local_termination_time: 524573.6268799991
node_cons: 25807.033001116928
tot_aggregated_send: 18038
tot_msg_rcv: 172
tot_msg_sent: 534
tot_reconf_duration: 13.17
tot_sleeping_duration: 1236864.2989200023
tot_uptimes: 322
tot_uptimes_duration: 19260.006079997635
