comms_cons: 125.37981439701251
finished_reconf: true
global_termination_time: 1254978.5967999995
local_termination_time: 1254978.5556799995
node_cons: 25856.381747439835
tot_aggregated_send: 17908
tot_msg_rcv: 433
tot_msg_sent: 715
tot_reconf_duration: 24.59
tot_sleeping_duration: 1235693.3178399997
tot_uptimes: 322
tot_uptimes_duration: 19285.278959999836
