comms_cons: 125.44393599233698
finished_reconf: true
global_termination_time: 1256834.833
local_termination_time: 527810.3990000001
node_cons: 25797.630562061968
tot_aggregated_send: 16933
tot_msg_rcv: 677
tot_msg_sent: 1456
tot_reconf_duration: 4.8100000000000005
tot_sleeping_duration: 1237573.3702800137
tot_uptimes: 322
tot_uptimes_duration: 19261.462719986448
