comms_cons: 208.0066687860336
finished_reconf: true
global_termination_time: 2073255.88424
local_termination_time: 89439.90947999996
node_cons: 42609.07529383161
tot_aggregated_send: 28710
tot_msg_rcv: 927
tot_msg_sent: 1980
tot_reconf_duration: 6.22
tot_sleeping_duration: 2041440.6276800062
tot_uptimes: 531
tot_uptimes_duration: 31815.256559994014
