comms_cons: 205.6967423945583
finished_reconf: true
global_termination_time: 2073255.0644799978
local_termination_time: 2073255.0644799978
node_cons: 42703.684674950426
tot_aggregated_send: 29682
tot_msg_rcv: 478
tot_msg_sent: 1102
tot_reconf_duration: 24.59
tot_sleeping_duration: 2041387.7818400047
tot_uptimes: 531
tot_uptimes_duration: 31867.282639993122
