comms_cons: 183.33066239827642
finished_reconf: true
global_termination_time: 1870143.479
local_termination_time: 257168.24148000008
node_cons: 38436.885541116666
tot_aggregated_send: 27434
tot_msg_rcv: 164
tot_msg_sent: 267
tot_reconf_duration: 25.299999999999997
tot_sleeping_duration: 1841463.4729200024
tot_uptimes: 479
tot_uptimes_duration: 28680.006079997635
