comms_cons: 185.43395839046335
finished_reconf: true
global_termination_time: 1870187.31
local_termination_time: 844765.5185999997
node_cons: 38406.70263999975
tot_aggregated_send: 26854
tot_msg_rcv: 461
tot_msg_sent: 870
tot_reconf_duration: 3.08
tot_sleeping_duration: 1841507.31
tot_uptimes: 479
tot_uptimes_duration: 28680.0
