comms_cons: 189.3049343815147
finished_reconf: true
global_termination_time: 1867292.72
local_termination_time: 803395.08536
node_cons: 38411.007465584094
tot_aggregated_send: 25462
tot_msg_rcv: 1047
tot_msg_sent: 2265
tot_reconf_duration: 6.22
tot_sleeping_duration: 1838612.6896000118
tot_uptimes: 479
tot_uptimes_duration: 28680.030399988173
