comms_cons: 192.96198397846734
finished_reconf: true
global_termination_time: 1867378.989
local_termination_time: 104629.13235999997
node_cons: 38417.96039118654
tot_aggregated_send: 24650
tot_msg_rcv: 1599
tot_msg_sent: 3081
tot_reconf_duration: 11.31
tot_sleeping_duration: 1838698.92820001
tot_uptimes: 479
tot_uptimes_duration: 28680.060799990082
