comms_cons: 237.55265278231667
finished_reconf: true
global_termination_time: 2393429.807
local_termination_time: 1333394.9434399987
node_cons: 49176.61638111621
tot_aggregated_send: 33350
tot_msg_rcv: 957
tot_msg_sent: 1799
tot_reconf_duration: 6.279999999999999
tot_sleeping_duration: 2356709.8009200026
tot_uptimes: 613
tot_uptimes_duration: 36720.006079997635
