comms_cons: 236.30512638429153
finished_reconf: true
global_termination_time: 2388012.375
local_termination_time: 1765179.7010000001
node_cons: 49124.93972207635
tot_aggregated_send: 32575
tot_msg_rcv: 1157
tot_msg_sent: 2185
tot_reconf_duration: 25.299999999999997
tot_sleeping_duration: 2351350.252280002
tot_uptimes: 612
tot_uptimes_duration: 36662.122719997715
