comms_cons: 470.45374709812944
finished_reconf: true
global_termination_time: 2387988.575
local_termination_time: 263.64104
node_cons: 49096.22746558812
tot_aggregated_send: 0
tot_msg_rcv: 36064
tot_msg_sent: 35441
tot_reconf_duration: 6.22
tot_sleeping_duration: 2351328.5446000085
tot_uptimes: 612
tot_uptimes_duration: 36660.030399991614
