comms_cons: 1154.877382147381
finished_reconf: true
global_termination_time: 2387083.7325999998
local_termination_time: 2387083.6914799996
node_cons: 145079.5163015815
tot_aggregated_send: 0
tot_msg_rcv: 70879
tot_msg_sent: 104655
tot_reconf_duration: 24.59
tot_sleeping_duration: 2278759.51820001
tot_uptimes: 1775
tot_uptimes_duration: 108324.21439998977
