comms_cons: 171.96950399236337
finished_reconf: true
global_termination_time: 1747066.78
local_termination_time: 942886.6005999998
node_cons: 35919.552201116676
tot_aggregated_send: 24476
tot_msg_rcv: 570
tot_msg_sent: 1092
tot_reconf_duration: 5.57
tot_sleeping_duration: 1720246.7739200024
tot_uptimes: 448
tot_uptimes_duration: 26820.006079997635
