comms_cons: 174.59032959246062
finished_reconf: true
global_termination_time: 1751365.071
local_termination_time: 6729.16848
node_cons: 36010.23742446956
tot_aggregated_send: 24302
tot_msg_rcv: 706
tot_msg_sent: 1527
tot_reconf_duration: 13.17
tot_sleeping_duration: 1724485.0466800078
tot_uptimes: 449
tot_uptimes_duration: 26880.02431999227
