comms_cons: 239.555609453529
finished_reconf: true
global_termination_time: 1747406.709
local_termination_time: 840375.7054799999
node_cons: 35922.61584223367
tot_aggregated_send: 0
tot_msg_rcv: 18431
tot_msg_sent: 17980
tot_reconf_duration: 7.819999999999999
tot_sleeping_duration: 1720586.6968400048
tot_uptimes: 448
tot_uptimes_duration: 26820.01215999527
