comms_cons: 586.8777980374423
finished_reconf: true
global_termination_time: 1747218.792
local_termination_time: 840375.1565999999
node_cons: 106243.09829962814
tot_aggregated_send: 0
tot_msg_rcv: 35978
tot_msg_sent: 53224
tot_reconf_duration: 6.22
tot_sleeping_duration: 1667879.9932400067
tot_uptimes: 1305
tot_uptimes_duration: 79338.79875999331
