comms_cons: 86.0170879969438
finished_reconf: true
global_termination_time: 862398.263
local_termination_time: 7399.453
node_cons: 17689.15132335512
tot_aggregated_send: 11821
tot_msg_rcv: 481
tot_msg_sent: 773
tot_reconf_duration: 10.55
tot_sleeping_duration: 849198.2447600038
tot_uptimes: 221
tot_uptimes_duration: 13200.018239996338
