comms_cons: 82.88357759974585
finished_reconf: true
global_termination_time: 859450.07
local_termination_time: 484.4542399999999
node_cons: 17679.96036560258
tot_aggregated_send: 11774
tot_msg_rcv: 227
tot_msg_sent: 596
tot_reconf_duration: 3.77
tot_sleeping_duration: 846250.039599998
tot_uptimes: 221
tot_uptimes_duration: 13200.03040000191
