comms_cons: 0.14474239999952263
finished_reconf: true
global_termination_time: 3238.1179600000023
local_termination_time: 3224.78236
node_cons: 35.05128744000308
tot_aggregated_send: 0
tot_msg_rcv: 13
tot_msg_sent: 8
tot_reconf_duration: 4.8100000000000005
tot_sleeping_duration: 3216.819
tot_uptimes: 1
tot_uptimes_duration: 21.298960000002353
