comms_cons: 141.17121279246072
finished_reconf: true
global_termination_time: 1421085.141
local_termination_time: 322315.1607600009
node_cons: 29181.140654641214
tot_aggregated_send: 20184
tot_msg_rcv: 412
tot_msg_sent: 862
tot_reconf_duration: 11.31
tot_sleeping_duration: 1399303.3772399991
tot_uptimes: 364
tot_uptimes_duration: 21781.763760000875
