comms_cons: 38.3244672009899
finished_reconf: true
global_termination_time: 368688.827
local_termination_time: 127643.53335999997
node_cons: 7560.504522242869
tot_aggregated_send: 4814
tot_msg_rcv: 375
tot_msg_sent: 637
tot_reconf_duration: 6.279999999999999
tot_sleeping_duration: 363048.81483999785
tot_uptimes: 95
tot_uptimes_duration: 5640.0121600021375
