comms_cons: 37.95540480073492
finished_reconf: true
global_termination_time: 372740.141
local_termination_time: 118539.64075999976
node_cons: 7642.93584224288
tot_aggregated_send: 5046
tot_msg_rcv: 264
tot_msg_sent: 459
tot_reconf_duration: 7.819999999999999
tot_sleeping_duration: 367040.12883999787
tot_uptimes: 96
tot_uptimes_duration: 5700.0121600021375
