comms_cons: 66.78545920110025
finished_reconf: true
global_termination_time: 685625.033
local_termination_time: 490338.0034800001
node_cons: 14090.258700000051
tot_aggregated_send: 9338
tot_msg_rcv: 285
tot_msg_sent: 528
tot_reconf_duration: 22.65
tot_sleeping_duration: 675125.033
tot_uptimes: 176
tot_uptimes_duration: 10500.0
