comms_cons: 67.40984320035764
finished_reconf: true
global_termination_time: 681183.185
local_termination_time: 221395.87900000092
node_cons: 13985.700121121448
tot_aggregated_send: 9512
tot_msg_rcv: 238
tot_msg_sent: 495
tot_reconf_duration: 4.8100000000000005
tot_sleeping_duration: 670743.1789199989
tot_uptimes: 175
tot_uptimes_duration: 10440.006080001069
