comms_cons: 70.62113280016165
finished_reconf: true
global_termination_time: 684162.442
local_termination_time: 205827.95004000075
node_cons: 14074.883403364309
tot_aggregated_send: 8990
tot_msg_rcv: 651
tot_msg_sent: 1093
tot_reconf_duration: 11.31
tot_sleeping_duration: 673662.4237599969
tot_uptimes: 176
tot_uptimes_duration: 10500.018240003206
