comms_cons: 54.84032000518515
finished_reconf: true
global_termination_time: 274850.958
local_termination_time: 440.37203999999946
node_cons: 5630.340121121436
tot_aggregated_send: 0
tot_msg_rcv: 4273
tot_msg_sent: 4060
tot_reconf_duration: 4.8100000000000005
tot_sleeping_duration: 270650.9519199989
tot_uptimes: 71
tot_uptimes_duration: 4200.006080001069
