comms_cons: 259.8047104316151
finished_reconf: true
global_termination_time: 535081.637
local_termination_time: 269778.4972000006
node_cons: 32757.658111567747
tot_aggregated_send: 0
tot_msg_rcv: 15876
tot_msg_sent: 23612
tot_reconf_duration: 18.21
tot_sleeping_duration: 510635.83495999424
tot_uptimes: 403
tot_uptimes_duration: 24445.80204000573
