comms_cons: 53.597734400321464
finished_reconf: true
global_termination_time: 538086.533
local_termination_time: 453960.39436000003
node_cons: 11014.144060000024
tot_aggregated_send: 7482
tot_msg_rcv: 224
tot_msg_sent: 440
tot_reconf_duration: 5.57
tot_sleeping_duration: 529866.533
tot_uptimes: 138
tot_uptimes_duration: 8220.0
