comms_cons: 54.10659200045902
finished_reconf: true
global_termination_time: 534634.311
local_termination_time: 402676.57048000005
node_cons: 10933.190223364276
tot_aggregated_send: 7018
tot_msg_rcv: 385
tot_msg_sent: 821
tot_reconf_duration: 5.1
tot_sleeping_duration: 526474.2927599968
tot_uptimes: 137
tot_uptimes_duration: 8160.018240003206
