comms_cons: 54.24550400034086
finished_reconf: true
global_termination_time: 537566.033
local_termination_time: 465102.04948000005
node_cons: 11013.962081121435
tot_aggregated_send: 7308
tot_msg_rcv: 303
tot_msg_sent: 634
tot_reconf_duration: 5.43
tot_sleeping_duration: 529346.0269199989
tot_uptimes: 138
tot_uptimes_duration: 8220.006080001069
