comms_cons: 54.32383360027626
finished_reconf: true
global_termination_time: 534166.7302400001
local_termination_time: 23627.169000000005
node_cons: 10976.696184481509
tot_aggregated_send: 7134
tot_msg_rcv: 425
tot_msg_sent: 700
tot_reconf_duration: 15.34
tot_sleeping_duration: 525984.6059199988
tot_uptimes: 137
tot_uptimes_duration: 8182.124320001116
