comms_cons: 22.88966400067469
finished_reconf: true
global_termination_time: 209533.84
local_termination_time: 77149.4434799997
node_cons: 4282.757321119163
tot_aggregated_send: 2320
tot_msg_rcv: 420
tot_msg_sent: 740
tot_reconf_duration: 18.21
tot_sleeping_duration: 206353.83392000062
tot_uptimes: 54
tot_uptimes_duration: 3180.006079999366
