comms_cons: 151.90814079241483
finished_reconf: true
global_termination_time: 1518325.935
local_termination_time: 674587.266999999
node_cons: 31178.878364467346
tot_aggregated_send: 21228
tot_msg_rcv: 582
tot_msg_sent: 1278
tot_reconf_duration: 5.1
tot_sleeping_duration: 1495045.9106800095
tot_uptimes: 389
tot_uptimes_duration: 23280.024319990538
