comms_cons: 626.8475643920891
finished_reconf: true
global_termination_time: 1516447.646
local_termination_time: 990277.187
node_cons: 92255.32713707037
tot_aggregated_send: 0
tot_msg_rcv: 38392
tot_msg_sent: 56886
tot_reconf_duration: 6.22
tot_sleeping_duration: 1447555.2782800056
tot_uptimes: 1136
tot_uptimes_duration: 68892.36771999454
