comms_cons: 11.414911999942984
finished_reconf: true
global_termination_time: 108912.43
local_termination_time: 61949.77536000002
node_cons: 2175.1416200000085
tot_aggregated_send: 1334
tot_msg_rcv: 170
tot_msg_sent: 231
tot_reconf_duration: 4.390000000000001
tot_sleeping_duration: 107292.43
tot_uptimes: 28
tot_uptimes_duration: 1620.0
