comms_cons: 229.14585599693646
finished_reconf: true
global_termination_time: 2322542.772
local_termination_time: 1500378.46336
node_cons: 47732.94621999951
tot_aggregated_send: 33698
tot_msg_rcv: 383
tot_msg_sent: 747
tot_reconf_duration: 8.09
tot_sleeping_duration: 2286902.772
tot_uptimes: 595
tot_uptimes_duration: 35640.0
