comms_cons: 228.85089279253287
finished_reconf: true
global_termination_time: 2320863.679
local_termination_time: 1239083.5786799986
node_cons: 47736.83009999966
tot_aggregated_send: 33350
tot_msg_rcv: 514
tot_msg_sent: 920
tot_reconf_duration: 10.95
tot_sleeping_duration: 2285223.679
tot_uptimes: 595
tot_uptimes_duration: 35640.0
