comms_cons: 238.7770623803287
finished_reconf: true
global_termination_time: 2322830.852
local_termination_time: 608466.1633599999
node_cons: 47726.25658122849
tot_aggregated_send: 30566
tot_msg_rcv: 1864
tot_msg_sent: 3861
tot_reconf_duration: 3.05
tot_sleeping_duration: 2287190.736480038
tot_uptimes: 595
tot_uptimes_duration: 35640.115519961924
