comms_cons: 56.303820805049384
finished_reconf: true
global_termination_time: 283308.599
local_termination_time: 1306.9750400000014
node_cons: 5815.246841119158
tot_aggregated_send: 0
tot_msg_rcv: 4398
tot_msg_sent: 4159
tot_reconf_duration: 22.65
tot_sleeping_duration: 278988.5929200006
tot_uptimes: 73
tot_uptimes_duration: 4320.006079999366
