comms_cons: 42.57400320085392
finished_reconf: true
global_termination_time: 416974.994
local_termination_time: 25781.404359999997
node_cons: 8524.51118336202
tot_aggregated_send: 5626
tot_msg_rcv: 324
tot_msg_sent: 521
tot_reconf_duration: 6.22
tot_sleeping_duration: 410614.97575999855
tot_uptimes: 107
tot_uptimes_duration: 6360.018240001504
