comms_cons: 948.486182703996
finished_reconf: true
global_termination_time: 9391746.919
local_termination_time: 72092.78571999994
node_cons: 193242.55129675328
tot_aggregated_send: 130268
tot_msg_rcv: 4738
tot_msg_sent: 9158
tot_reconf_duration: 18.21
tot_sleeping_duration: 9247446.827800028
tot_uptimes: 2406
tot_uptimes_duration: 144300.09119997028
