comms_cons: 931.0174850035055
finished_reconf: true
global_termination_time: 9389851.973
local_termination_time: 2427072.9866000004
node_cons: 193144.97290669603
tot_aggregated_send: 131370
tot_msg_rcv: 3553
tot_msg_sent: 6585
tot_reconf_duration: 5.57
tot_sleeping_duration: 9245611.936520012
tot_uptimes: 2405
tot_uptimes_duration: 144240.03647998697
