comms_cons: 931.1764034082496
finished_reconf: true
global_termination_time: 9388184.575
local_termination_time: 4218796.054799999
node_cons: 193144.3509289294
tot_aggregated_send: 131892
tot_msg_rcv: 3310
tot_msg_sent: 6331
tot_reconf_duration: 5.1
tot_sleeping_duration: 9243944.526360016
tot_uptimes: 2405
tot_uptimes_duration: 144240.0486399827
