comms_cons: 918.2131777861184
finished_reconf: true
global_termination_time: 9394653.458
local_termination_time: 5825189.127359999
node_cons: 193234.8841044615
tot_aggregated_send: 128934
tot_msg_rcv: 3585
tot_msg_sent: 7042
tot_reconf_duration: 12.629999999999999
tot_sleeping_duration: 9250353.43368001
tot_uptimes: 2406
tot_uptimes_duration: 144300.02431999147
