comms_cons: 256.2335231822495
finished_reconf: true
global_termination_time: 2537709.807
local_termination_time: 1049378.416239999
node_cons: 52148.2484833498
tot_aggregated_send: 34510
tot_msg_rcv: 1646
tot_msg_sent: 2790
tot_reconf_duration: 5.57
tot_sleeping_duration: 2498769.7887600074
tot_uptimes: 650
tot_uptimes_duration: 38940.0182399929
