comms_cons: 251.7392831943085
finished_reconf: true
global_termination_time: 2539118.055
local_termination_time: 697061.5353599999
node_cons: 52241.51937999919
tot_aggregated_send: 36366
tot_msg_rcv: 690
tot_msg_sent: 1206
tot_reconf_duration: 15.110000000000001
tot_sleeping_duration: 2500118.055
tot_uptimes: 651
tot_uptimes_duration: 39000.0
