comms_cons: 52.916505600388476
finished_reconf: true
global_termination_time: 537458.193
local_termination_time: 155167.90048000007
node_cons: 11015.026760000015
tot_aggregated_send: 7772
tot_msg_rcv: 102
tot_msg_sent: 169
tot_reconf_duration: 6.22
tot_sleeping_duration: 529238.193
tot_uptimes: 138
tot_uptimes_duration: 8220.0
