comms_cons: 367.37455363168857
finished_reconf: true
global_termination_time: 3645956.77
local_termination_time: 802871.072
node_cons: 74978.35233340759
tot_aggregated_send: 50634
tot_msg_rcv: 1780
tot_msg_sent: 3424
tot_reconf_duration: 12.629999999999999
tot_sleeping_duration: 3589973.797040023
tot_uptimes: 934
tot_uptimes_duration: 55982.97295997711
