comms_cons: 361.9204608176976
finished_reconf: true
global_termination_time: 3645692.317
local_termination_time: 954694.5425999998
node_cons: 74961.42702893421
tot_aggregated_send: 51040
tot_msg_rcv: 1345
tot_msg_sent: 2624
tot_reconf_duration: 3.05
tot_sleeping_duration: 3589712.268360018
tot_uptimes: 934
tot_uptimes_duration: 55980.04863998201
