comms_cons: 362.38279041941746
finished_reconf: true
global_termination_time: 3644551.724
local_termination_time: 2041145.4255199982
node_cons: 74965.70746558298
tot_aggregated_send: 50402
tot_msg_rcv: 1513
tot_msg_sent: 3166
tot_reconf_duration: 6.22
tot_sleeping_duration: 3588571.6936000115
tot_uptimes: 934
tot_uptimes_duration: 55980.03039998864
