comms_cons: 416.0803073020516
finished_reconf: true
global_termination_time: 4094371.2942399876
local_termination_time: 30659.334
node_cons: 84297.81049228006
tot_aggregated_send: 56196
tot_msg_rcv: 2481
tot_msg_sent: 4565
tot_reconf_duration: 11.899999999999999
tot_sleeping_duration: 4031427.567360016
tot_uptimes: 1049
tot_uptimes_duration: 62943.726879971786
