comms_cons: 408.0500800586064
finished_reconf: true
global_termination_time: 4096578.405
local_termination_time: 1183506.6303599998
node_cons: 84285.15560670034
tot_aggregated_send: 57130
tot_msg_rcv: 1423
tot_msg_sent: 3469
tot_reconf_duration: 6.22
tot_sleeping_duration: 4033638.3685200126
tot_uptimes: 1050
tot_uptimes_duration: 62940.03647998697
