comms_cons: 413.4876992741388
finished_reconf: true
global_termination_time: 4097336.616
local_termination_time: 2512682.59436
node_cons: 84284.08278670062
tot_aggregated_send: 56898
tot_msg_rcv: 2117
tot_msg_sent: 3833
tot_reconf_duration: 5.43
tot_sleeping_duration: 4034396.579520013
tot_uptimes: 1050
tot_uptimes_duration: 62940.03647998697
