comms_cons: 341.445145619238
finished_reconf: true
global_termination_time: 3412062.754
local_termination_time: 1386351.4613599998
node_cons: 70144.46547116748
tot_aggregated_send: 46110
tot_msg_rcv: 1945
tot_msg_sent: 3841
tot_reconf_duration: 5.57
tot_sleeping_duration: 3359682.6932000234
tot_uptimes: 874
tot_uptimes_duration: 52380.06079997681
