comms_cons: 338.50641921745904
finished_reconf: true
global_termination_time: 3411172.375
local_termination_time: 606583.7654799978
node_cons: 70157.06009383233
tot_aggregated_send: 48952
tot_msg_rcv: 820
tot_msg_sent: 1679
tot_reconf_duration: 9.11
tot_sleeping_duration: 3358786.498440005
tot_uptimes: 874
tot_uptimes_duration: 52385.876559995464
