comms_cons: 335.0200704059617
finished_reconf: true
global_termination_time: 3411035.981
local_termination_time: 882053.5570399994
node_cons: 70149.61235999849
tot_aggregated_send: 49184
tot_msg_rcv: 555
tot_msg_sent: 1183
tot_reconf_duration: 9.42
tot_sleeping_duration: 3358655.981
tot_uptimes: 874
tot_uptimes_duration: 52380.0
