comms_cons: 335.8878976038885
finished_reconf: true
global_termination_time: 3410330.774
local_termination_time: 1399331.6603599992
node_cons: 70151.69009999868
tot_aggregated_send: 49068
tot_msg_rcv: 717
tot_msg_sent: 1268
tot_reconf_duration: 10.95
tot_sleeping_duration: 3357950.774
tot_uptimes: 874
tot_uptimes_duration: 52380.0
