comms_cons: 341.21637122131455
finished_reconf: true
global_termination_time: 3408643.637
local_termination_time: 248736.7132400005
node_cons: 70062.58001898984
tot_aggregated_send: 46284
tot_msg_rcv: 1863
tot_msg_sent: 3715
tot_reconf_duration: 4.390000000000001
tot_sleeping_duration: 3356323.5336400364
tot_uptimes: 873
tot_uptimes_duration: 52320.10335996369
