comms_cons: 339.8432640194733
finished_reconf: true
global_termination_time: 3408407.822
local_termination_time: 624080.19936
node_cons: 70067.19725340114
tot_aggregated_send: 45530
tot_msg_rcv: 2166
tot_msg_sent: 3957
tot_reconf_duration: 7.819999999999999
tot_sleeping_duration: 3356087.749040028
tot_uptimes: 873
tot_uptimes_duration: 52320.07295997208
