comms_cons: 918.1168904361717
finished_reconf: true
global_termination_time: 3148666.7306
local_termination_time: 3148666.6894799997
node_cons: 128645.78307347103
tot_aggregated_send: 0
tot_msg_rcv: 46741
tot_msg_sent: 92806
tot_reconf_duration: 24.59
tot_sleeping_duration: 3052615.6552800033
tot_uptimes: 1586
tot_uptimes_duration: 96051.07531999651
