comms_cons: 229.06389759192385
finished_reconf: true
global_termination_time: 2298131.307
local_termination_time: 904767.8169599996
node_cons: 47265.31459999936
tot_aggregated_send: 32828
tot_msg_rcv: 729
tot_msg_sent: 1259
tot_reconf_duration: 18.700000000000003
tot_sleeping_duration: 2262851.307
tot_uptimes: 589
tot_uptimes_duration: 35280.0
