comms_cons: 230.31868158713633
finished_reconf: true
global_termination_time: 2294981.481119997
local_termination_time: 145174.63696000015
node_cons: 47185.980223077204
tot_aggregated_send: 31552
tot_msg_rcv: 1119
tot_msg_sent: 2336
tot_reconf_duration: 4.390000000000001
tot_sleeping_duration: 2259746.2170400284
tot_uptimes: 588
tot_uptimes_duration: 35235.264079968445
