comms_cons: 73.98968319957687
finished_reconf: true
global_termination_time: 747503.881
local_termination_time: 313580.2313600001
node_cons: 15349.081900000087
tot_aggregated_send: 10846
tot_msg_rcv: 170
tot_msg_sent: 230
tot_reconf_duration: 3.05
tot_sleeping_duration: 736043.881
tot_uptimes: 192
tot_uptimes_duration: 11460.0
