comms_cons: 53.904639999931526
finished_reconf: true
global_termination_time: 547714.7701200001
local_termination_time: 369739.36136000004
node_cons: 11281.281531922954
tot_aggregated_send: 7772
tot_msg_rcv: 93
tot_msg_sent: 329
tot_reconf_duration: 7.819999999999999
tot_sleeping_duration: 539297.5468399979
tot_uptimes: 141
tot_uptimes_duration: 8417.223280002188
