comms_cons: 147.05918722083427
finished_reconf: true
global_termination_time: 503396.79548000015
local_termination_time: 379.24803999999955
node_cons: 20672.495318720255
tot_aggregated_send: 0
tot_msg_rcv: 7443
tot_msg_sent: 14907
tot_reconf_duration: 4.390000000000001
tot_sleeping_duration: 487962.491
tot_uptimes: 258
tot_uptimes_duration: 15434.304480000166
