comms_cons: 70.52307199945629
finished_reconf: true
global_termination_time: 713351.6552400003
local_termination_time: 260136.01436000006
node_cons: 14704.896492720109
tot_aggregated_send: 9744
tot_msg_rcv: 353
tot_msg_sent: 622
tot_reconf_duration: 18.21
tot_sleeping_duration: 702388.1247600003
tot_uptimes: 183
tot_uptimes_duration: 10963.530480000074
