comms_cons: 80.58924799731867
finished_reconf: true
global_termination_time: 786033.73448
local_termination_time: 63310.505000000005
node_cons: 16192.79436391665
tot_aggregated_send: 10498
tot_msg_rcv: 592
tot_msg_sent: 1159
tot_reconf_duration: 18.21
tot_sleeping_duration: 773959.0032000025
tot_uptimes: 202
tot_uptimes_duration: 12074.731279997482
