comms_cons: 80.0359679976208
finished_reconf: true
global_termination_time: 790154.817
local_termination_time: 148853.19036000004
node_cons: 16232.830041121439
tot_aggregated_send: 10962
tot_msg_rcv: 450
tot_msg_sent: 753
tot_reconf_duration: 3.05
tot_sleeping_duration: 778034.8109199989
tot_uptimes: 203
tot_uptimes_duration: 12120.006080001069
