comms_cons: 39.297216000512016
finished_reconf: true
global_termination_time: 385983.3442400002
local_termination_time: 38352.73436000001
node_cons: 7902.187152724514
tot_aggregated_send: 5104
tot_msg_rcv: 294
tot_msg_sent: 575
tot_reconf_duration: 6.22
tot_sleeping_duration: 380088.0937599968
tot_uptimes: 99
tot_uptimes_duration: 5895.250480003364
