comms_cons: 0.8421375999999876
finished_reconf: true
global_termination_time: 5534.012
local_termination_time: 48.65148000000001
node_cons: 105.06917999999999
tot_aggregated_send: 0
tot_msg_rcv: 82
tot_msg_sent: 44
tot_reconf_duration: 18.21
tot_sleeping_duration: 5474.012
tot_uptimes: 2
tot_uptimes_duration: 60.0
