comms_cons: 1.1053055999994077
finished_reconf: true
global_termination_time: 5945.955
local_termination_time: 385.29435999999987
node_cons: 84.52263999999997
tot_aggregated_send: 0
tot_msg_rcv: 111
tot_msg_sent: 57
tot_reconf_duration: 3.08
tot_sleeping_duration: 5885.955
tot_uptimes: 2
tot_uptimes_duration: 60.0
