comms_cons: 283.9112320079695
finished_reconf: true
global_termination_time: 2858723.3114799997
local_termination_time: 2858723.2703599995
node_cons: 58878.065643194925
tot_aggregated_send: 41038
tot_msg_rcv: 711
tot_msg_sent: 1402
tot_reconf_duration: 37.410000000000004
tot_sleeping_duration: 2814789.5826800023
tot_uptimes: 733
tot_uptimes_duration: 43933.72879999725
