comms_cons: 290.4783615916484
finished_reconf: true
global_termination_time: 2860984.425
local_termination_time: 506843.9173600001
node_cons: 58819.59725340156
tot_aggregated_send: 37932
tot_msg_rcv: 2145
tot_msg_sent: 4072
tot_reconf_duration: 7.819999999999999
tot_sleeping_duration: 2817064.3520400277
tot_uptimes: 733
tot_uptimes_duration: 43920.07295997208
