comms_cons: 293.45268482956214
finished_reconf: true
global_termination_time: 2858723.894239991
local_termination_time: 141879.2974000008
node_cons: 58879.89478275373
tot_aggregated_send: 38396
tot_msg_rcv: 2249
tot_msg_sent: 3958
tot_reconf_duration: 11.31
tot_sleeping_duration: 2814762.3290400244
tot_uptimes: 733
tot_uptimes_duration: 43961.56519996625
