comms_cons: 2.29676799999385
finished_reconf: true
global_termination_time: 15051.840240000001
local_termination_time: 8944.252359999999
node_cons: 264.5346493600002
tot_aggregated_send: 0
tot_msg_rcv: 178
tot_msg_sent: 171
tot_reconf_duration: 6.279999999999999
tot_sleeping_duration: 14860.648
tot_uptimes: 4
tot_uptimes_duration: 191.19224000000224
