comms_cons: 187.20546559408197
finished_reconf: true
global_termination_time: 1884560.13812
local_termination_time: 116318.50551999976
node_cons: 38778.627156385526
tot_aggregated_send: 26622
tot_msg_rcv: 545
tot_msg_sent: 1287
tot_reconf_duration: 25.299999999999997
tot_sleeping_duration: 1855624.9105200106
tot_uptimes: 483
tot_uptimes_duration: 28935.22759998936
