comms_cons: 185.93477119227546
finished_reconf: true
global_termination_time: 1884599.309
local_termination_time: 1186160.2803199985
node_cons: 38812.68304223342
tot_aggregated_send: 26332
tot_msg_rcv: 593
tot_msg_sent: 1336
tot_reconf_duration: 6.22
tot_sleeping_duration: 1855619.2968400046
tot_uptimes: 483
tot_uptimes_duration: 28980.01215999527
