comms_cons: 185.497971194691
finished_reconf: true
global_termination_time: 1886893.727
local_termination_time: 1556949.7794799998
node_cons: 38819.587121116696
tot_aggregated_send: 26912
tot_msg_rcv: 397
tot_msg_sent: 885
tot_reconf_duration: 11.31
tot_sleeping_duration: 1857913.7209200023
tot_uptimes: 484
tot_uptimes_duration: 28980.006079997635
