comms_cons: 186.7966463880709
finished_reconf: true
global_termination_time: 1884767.388
local_termination_time: 1358206.3173599998
node_cons: 38731.27022223337
tot_aggregated_send: 26332
tot_msg_rcv: 725
tot_msg_sent: 1335
tot_reconf_duration: 5.43
tot_sleeping_duration: 1855847.3758400048
tot_uptimes: 483
tot_uptimes_duration: 28920.01215999527
