comms_cons: 22.62586880010316
finished_reconf: true
global_termination_time: 228327.491
local_termination_time: 74454.28855999986
node_cons: 4666.251980000001
tot_aggregated_send: 3190
tot_msg_rcv: 78
tot_msg_sent: 171
tot_reconf_duration: 4.8100000000000005
tot_sleeping_duration: 224847.491
tot_uptimes: 59
tot_uptimes_duration: 3480.0
