comms_cons: 96.37870079545306
finished_reconf: true
global_termination_time: 974892.942
local_termination_time: 569588.4286399991
node_cons: 20025.50800223365
tot_aggregated_send: 12354
tot_msg_rcv: 753
tot_msg_sent: 1542
tot_reconf_duration: 15.34
tot_sleeping_duration: 959952.9298400048
tot_uptimes: 250
tot_uptimes_duration: 14940.012159995269
