comms_cons: 98.21332479931459
finished_reconf: true
global_termination_time: 973999.732
local_termination_time: 653575.8977199988
node_cons: 20022.544860000085
tot_aggregated_send: 13514
tot_msg_rcv: 553
tot_msg_sent: 860
tot_reconf_duration: 13.17
tot_sleeping_duration: 959059.732
tot_uptimes: 250
tot_uptimes_duration: 14940.0
