comms_cons: 98.1616639944189
finished_reconf: true
global_termination_time: 977779.562
local_termination_time: 196705.50836000004
node_cons: 20089.207028955385
tot_aggregated_send: 12818
tot_msg_rcv: 757
tot_msg_sent: 1345
tot_reconf_duration: 3.05
tot_sleeping_duration: 962779.5133600035
tot_uptimes: 251
tot_uptimes_duration: 15000.048639996545
