comms_cons: 97.53006079646197
finished_reconf: true
global_termination_time: 979371.651
local_termination_time: 287368.19376000087
node_cons: 20092.414645593377
tot_aggregated_send: 13166
tot_msg_rcv: 535
tot_msg_sent: 1123
tot_reconf_duration: 5.43
tot_sleeping_duration: 964371.6206000049
tot_uptimes: 251
tot_uptimes_duration: 15000.030399995041
