comms_cons: 95.49569279597777
finished_reconf: true
global_termination_time: 963363.926
local_termination_time: 423064.01136000006
node_cons: 19780.824104476564
tot_aggregated_send: 13224
tot_msg_rcv: 469
tot_msg_sent: 822
tot_reconf_duration: 12.629999999999999
tot_sleeping_duration: 948603.9016800026
tot_uptimes: 247
tot_uptimes_duration: 14760.024319997407
