comms_cons: 95.93194239420112
finished_reconf: true
global_termination_time: 960116.481
local_termination_time: 440026.289
node_cons: 19690.406304314976
tot_aggregated_send: 13166
tot_msg_rcv: 371
tot_msg_sent: 1044
tot_reconf_duration: 4.390000000000001
tot_sleeping_duration: 945415.6261200038
tot_uptimes: 246
tot_uptimes_duration: 14700.854879996274
