comms_cons: 97.29320959209625
finished_reconf: true
global_termination_time: 960002.016
local_termination_time: 48475.88148000002
node_cons: 19687.53145230358
tot_aggregated_send: 12876
tot_msg_rcv: 568
tot_msg_sent: 1344
tot_reconf_duration: 3.05
tot_sleeping_duration: 945301.9491200122
tot_uptimes: 246
tot_uptimes_duration: 14700.066879987717
