comms_cons: 133.2306815953995
finished_reconf: true
global_termination_time: 1334052.7323199997
local_termination_time: 198051.20436000006
node_cons: 27429.56321760102
tot_aggregated_send: 18966
tot_msg_rcv: 462
tot_msg_sent: 822
tot_reconf_duration: 4.390000000000001
tot_sleeping_duration: 1313572.073919999
tot_uptimes: 342
tot_uptimes_duration: 20480.658400000713
