comms_cons: 55.88435200004465
finished_reconf: true
global_termination_time: 570642.643
local_termination_time: 26883.768
node_cons: 11755.039874320022
tot_aggregated_send: 8291
tot_msg_rcv: 37
tot_msg_sent: 167
tot_reconf_duration: 15.110000000000001
tot_sleeping_duration: 561878.99812
tot_uptimes: 147
tot_uptimes_duration: 8763.644880000003
