comms_cons: 36.28428800035324
finished_reconf: true
global_termination_time: 361067.911
local_termination_time: 3139.9176800000005
node_cons: 7397.811980000009
tot_aggregated_send: 4988
tot_msg_rcv: 181
tot_msg_sent: 346
tot_reconf_duration: 4.8100000000000005
tot_sleeping_duration: 355547.911
tot_uptimes: 93
tot_uptimes_duration: 5520.0
