comms_cons: 37.98830080053002
finished_reconf: true
global_termination_time: 362712.142
local_termination_time: 91700.3441999999
node_cons: 7401.9077011214495
tot_aggregated_send: 4756
tot_msg_rcv: 442
tot_msg_sent: 576
tot_reconf_duration: 7.819999999999999
tot_sleeping_duration: 357192.1359199989
tot_uptimes: 93
tot_uptimes_duration: 5520.006080001069
