comms_cons: 102.51772159667884
finished_reconf: true
global_termination_time: 1042124.807
local_termination_time: 210489.913600001
node_cons: 21375.816492401344
tot_aggregated_send: 14674
tot_msg_rcv: 225
tot_msg_sent: 684
tot_reconf_duration: 3.08
tot_sleeping_duration: 1026163.915399999
tot_uptimes: 267
tot_uptimes_duration: 15960.891600000992
