comms_cons: 101.78743039939445
finished_reconf: true
global_termination_time: 1036783.035
local_termination_time: 243734.33636000004
node_cons: 21306.260200000026
tot_aggregated_send: 15080
tot_msg_rcv: 112
tot_msg_sent: 279
tot_reconf_duration: 11.899999999999999
tot_sleeping_duration: 1020883.035
tot_uptimes: 266
tot_uptimes_duration: 15900.0
