comms_cons: 102.12892159918555
finished_reconf: true
global_termination_time: 1039803.144
local_termination_time: 311777.41236
node_cons: 21376.40161999997
tot_aggregated_send: 15022
tot_msg_rcv: 155
tot_msg_sent: 346
tot_reconf_duration: 4.390000000000001
tot_sleeping_duration: 1023843.144
tot_uptimes: 267
tot_uptimes_duration: 15960.0
