comms_cons: 102.20216319933427
finished_reconf: true
global_termination_time: 1040553.417
local_termination_time: 252340.34136000005
node_cons: 21374.581900000016
tot_aggregated_send: 14558
tot_msg_rcv: 279
tot_msg_sent: 696
tot_reconf_duration: 3.05
tot_sleeping_duration: 1024593.417
tot_uptimes: 267
tot_uptimes_duration: 15960.0
