comms_cons: 695.2092414544945
finished_reconf: true
global_termination_time: 2388420.2889599986
local_termination_time: 2388420.2478399985
node_cons: 97326.74666143459
tot_aggregated_send: 0
tot_msg_rcv: 35460
tot_msg_sent: 70207
tot_reconf_duration: 24.59
tot_sleeping_duration: 2315759.0840000003
tot_uptimes: 1203
tot_uptimes_duration: 72661.2049599982
