comms_cons: 236.5926591836706
finished_reconf: true
global_termination_time: 2390957.342
local_termination_time: 263018.19736000005
node_cons: 49174.65268558349
tot_aggregated_send: 33350
tot_msg_rcv: 850
tot_msg_sent: 1759
tot_reconf_duration: 4.8100000000000005
tot_sleeping_duration: 2354237.311600012
tot_uptimes: 613
tot_uptimes_duration: 36720.030399988165
