comms_cons: 237.92116477950412
finished_reconf: true
global_termination_time: 2392495.368
local_termination_time: 427181.1254000008
node_cons: 49174.074184466604
tot_aggregated_send: 33292
tot_msg_rcv: 966
tot_msg_sent: 1904
tot_reconf_duration: 4.390000000000001
tot_sleeping_duration: 2355775.3436800092
tot_uptimes: 613
tot_uptimes_duration: 36720.02431999054
