comms_cons: 228.70019839548547
finished_reconf: true
global_termination_time: 2389889.506
local_termination_time: 1263540.9743599999
node_cons: 49176.53490111613
tot_aggregated_send: 32828
tot_msg_rcv: 540
tot_msg_sent: 1394
tot_reconf_duration: 6.22
tot_sleeping_duration: 2353169.499920002
tot_uptimes: 613
tot_uptimes_duration: 36720.006079997635
