comms_cons: 0.14474239999952263
finished_reconf: true
global_termination_time: 3087.4829600000025
local_termination_time: 3073.13736
node_cons: 35.27093744000317
tot_aggregated_send: 0
tot_msg_rcv: 13
tot_msg_sent: 8
tot_reconf_duration: 4.390000000000001
tot_sleeping_duration: 3065.594
tot_uptimes: 1
tot_uptimes_duration: 21.8889600000025
