comms_cons: 270.72349440872557
finished_reconf: true
global_termination_time: 2710986.401
local_termination_time: 1692613.7597199986
node_cons: 55762.902082232846
tot_aggregated_send: 38338
tot_msg_rcv: 896
tot_msg_sent: 1915
tot_reconf_duration: 5.1
tot_sleeping_duration: 2669346.388840005
tot_uptimes: 695
tot_uptimes_duration: 41640.0121599955
