comms_cons: 273.4584959998003
finished_reconf: true
global_termination_time: 2712110.763
local_termination_time: 201417.98492000028
node_cons: 55766.62026558842
tot_aggregated_send: 37816
tot_msg_rcv: 1311
tot_msg_sent: 2438
tot_reconf_duration: 7.819999999999999
tot_sleeping_duration: 2670470.7326000077
tot_uptimes: 695
tot_uptimes_duration: 41640.03039999207
