comms_cons: 106.88351359178986
finished_reconf: true
global_termination_time: 1045729.530879998
local_termination_time: 1045729.530879998
node_cons: 21584.67769214764
tot_aggregated_send: 14068
tot_msg_rcv: 718
tot_msg_sent: 1459
tot_reconf_duration: 37.41
tot_sleeping_duration: 1029647.4734400072
tot_uptimes: 268
tot_uptimes_duration: 16082.057439990735
