comms_cons: 103.27695359528326
finished_reconf: true
global_termination_time: 1045952.543
local_termination_time: 544471.4738799991
node_cons: 21485.145541116926
tot_aggregated_send: 13862
tot_msg_rcv: 628
tot_msg_sent: 1207
tot_reconf_duration: 25.299999999999997
tot_sleeping_duration: 1029932.5369200023
tot_uptimes: 268
tot_uptimes_duration: 16020.006079997635
