comms_cons: 104.03818879718517
finished_reconf: true
global_termination_time: 1049248.269
local_termination_time: 502257.76836000005
node_cons: 21543.920501116845
tot_aggregated_send: 14906
tot_msg_rcv: 333
tot_msg_sent: 574
tot_reconf_duration: 9.42
tot_sleeping_duration: 1033168.2629200025
tot_uptimes: 269
tot_uptimes_duration: 16080.006079997635
