comms_cons: 107.28591359193095
finished_reconf: true
global_termination_time: 1050104.673
local_termination_time: 111642.82235999998
node_cons: 21546.51641843191
tot_aggregated_send: 14094
tot_msg_rcv: 772
tot_msg_sent: 1440
tot_reconf_duration: 11.31
tot_sleeping_duration: 1034024.645040006
tot_uptimes: 269
tot_uptimes_duration: 16080.027959993924
