comms_cons: 452.9612160671868
finished_reconf: true
global_termination_time: 4530612.341
local_termination_time: 772259.8984799979
node_cons: 93201.9672416499
tot_aggregated_send: 62582
tot_msg_rcv: 2079
tot_msg_sent: 4186
tot_reconf_duration: 4.390000000000001
tot_sleeping_duration: 4461011.1418800205
tot_uptimes: 1161
tot_uptimes_duration: 69601.19911997941
