comms_cons: 452.9420480699809
finished_reconf: true
global_termination_time: 4531116.751
local_termination_time: 798178.6663599979
node_cons: 93198.59888781596
tot_aggregated_send: 62872
tot_msg_rcv: 2032
tot_msg_sent: 3940
tot_reconf_duration: 3.05
tot_sleeping_duration: 4461516.708440017
tot_uptimes: 1161
tot_uptimes_duration: 69600.0425599839
