comms_cons: 0.5394943999997126
finished_reconf: true
global_termination_time: 5672.462
local_termination_time: 381.3704799999991
node_cons: 97.49153999999999
tot_aggregated_send: 0
tot_msg_rcv: 34
tot_msg_sent: 47
tot_reconf_duration: 12.629999999999999
tot_sleeping_duration: 5612.462
tot_uptimes: 2
tot_uptimes_duration: 60.0
