comms_cons: 350.938623718794
finished_reconf: true
global_termination_time: 1782235.397
local_termination_time: 2787.01636
node_cons: 36659.777321116715
tot_aggregated_send: 0
tot_msg_rcv: 26899
tot_msg_sent: 26438
tot_reconf_duration: 18.21
tot_sleeping_duration: 1754875.3909200025
tot_uptimes: 457
tot_uptimes_duration: 27360.006079997635
