comms_cons: 59.69433599997615
finished_reconf: true
global_termination_time: 589163.6031999995
local_termination_time: 589163.5620799996
node_cons: 12111.220781285218
tot_aggregated_send: 8106
tot_msg_rcv: 369
tot_msg_sent: 598
tot_reconf_duration: 24.59
tot_sleeping_duration: 580143.5676799957
tot_uptimes: 151
tot_uptimes_duration: 9020.035520003876
