comms_cons: 106.54356479872277
finished_reconf: true
global_termination_time: 1060757.685
local_termination_time: 594101.864879998
node_cons: 21779.712201116796
tot_aggregated_send: 14674
tot_msg_rcv: 536
tot_msg_sent: 984
tot_reconf_duration: 5.57
tot_sleeping_duration: 1044497.6789200024
tot_uptimes: 272
tot_uptimes_duration: 16260.006079997635
