comms_cons: 109.39066879365345
finished_reconf: true
global_termination_time: 1061749.942
local_termination_time: 452511.74948000006
node_cons: 21782.8246889347
tot_aggregated_send: 13282
tot_msg_rcv: 1212
tot_msg_sent: 2132
tot_reconf_duration: 7.819999999999999
tot_sleeping_duration: 1045489.893360019
tot_uptimes: 272
tot_uptimes_duration: 16260.048639981076
