comms_cons: 247.03911039971314
finished_reconf: true
global_termination_time: 2426562.136
local_termination_time: 1483503.7756799995
node_cons: 49898.73662446705
tot_aggregated_send: 33118
tot_msg_rcv: 1527
tot_msg_sent: 2903
tot_reconf_duration: 5.57
tot_sleeping_duration: 2389302.1116800094
tot_uptimes: 622
tot_uptimes_duration: 37260.02431999077
