comms_cons: 245.14819839987774
finished_reconf: true
global_termination_time: 2423334.968
local_termination_time: 377163.92936000007
node_cons: 49821.50097117684
tot_aggregated_send: 33640
tot_msg_rcv: 1297
tot_msg_sent: 2324
tot_reconf_duration: 7.819999999999999
tot_sleeping_duration: 2386134.907200017
tot_uptimes: 621
tot_uptimes_duration: 37200.060799983214
