comms_cons: 58.99631359922699
finished_reconf: true
global_termination_time: 594773.899
local_termination_time: 113439.7193999995
node_cons: 12235.426905599365
tot_aggregated_send: 8584
tot_msg_rcv: 163
tot_msg_sent: 221
tot_reconf_duration: 15.110000000000001
tot_sleeping_duration: 585651.4886000005
tot_uptimes: 153
tot_uptimes_duration: 9122.410399999513
