comms_cons: 57.71932160003945
finished_reconf: true
global_termination_time: 592204.04236
local_termination_time: 191538.71964000087
node_cons: 12171.664274001167
tot_aggregated_send: 8700
tot_msg_rcv: 23
tot_msg_sent: 50
tot_reconf_duration: 12.629999999999999
tot_sleeping_duration: 583126.736359999
tot_uptimes: 152
tot_uptimes_duration: 9077.306000000855
