comms_cons: 59.48317439970222
finished_reconf: true
global_termination_time: 592709.188
local_termination_time: 86378.06059999995
node_cons: 12146.698980000034
tot_aggregated_send: 8294
tot_msg_rcv: 293
tot_msg_sent: 454
tot_reconf_duration: 11.31
tot_sleeping_duration: 583649.188
tot_uptimes: 152
tot_uptimes_duration: 9060.0
