comms_cons: 308.7421184211639
finished_reconf: true
global_termination_time: 3075586.163
local_termination_time: 1275552.40836
node_cons: 63234.13640334962
tot_aggregated_send: 43036
tot_msg_rcv: 1279
tot_msg_sent: 2612
tot_reconf_duration: 4.8100000000000005
tot_sleeping_duration: 3028366.144760007
tot_uptimes: 788
tot_uptimes_duration: 47220.01823999314
