comms_cons: 306.59072001442047
finished_reconf: true
global_termination_time: 3072018.135
local_termination_time: 583693.2963599999
node_cons: 63153.2341844664
tot_aggregated_send: 43442
tot_msg_rcv: 1010
tot_msg_sent: 2148
tot_reconf_duration: 4.390000000000001
tot_sleeping_duration: 3024858.1106800092
tot_uptimes: 787
tot_uptimes_duration: 47160.02431999077
