comms_cons: 302.346790404717
finished_reconf: true
global_termination_time: 3074193.864
local_termination_time: 508644.29236
node_cons: 63234.986504466375
tot_aggregated_send: 43152
tot_msg_rcv: 884
tot_msg_sent: 1919
tot_reconf_duration: 5.43
tot_sleeping_duration: 3026973.8396800095
tot_uptimes: 788
tot_uptimes_duration: 47220.02431999077
