comms_cons: 168.32225278039817
finished_reconf: true
global_termination_time: 1662735.135
local_termination_time: 6898.6759999999995
node_cons: 34161.14090447192
tot_aggregated_send: 22549
tot_msg_rcv: 1043
tot_msg_sent: 1992
tot_reconf_duration: 12.23
tot_sleeping_duration: 1637235.110680006
tot_uptimes: 426
tot_uptimes_duration: 25500.024319993972
