comms_cons: 2.2961407999966332
finished_reconf: true
global_termination_time: 18513.601
local_termination_time: 7013.077360000001
node_cons: 328.2857999999993
tot_aggregated_send: 0
tot_msg_rcv: 177
tot_msg_sent: 172
tot_reconf_duration: 5.1
tot_sleeping_duration: 18273.601
tot_uptimes: 5
tot_uptimes_duration: 240.0
