comms_cons: 103.65592319536503
finished_reconf: true
global_termination_time: 1029723.516
local_termination_time: 651086.8921599983
node_cons: 21133.57818223376
tot_aggregated_send: 14384
tot_msg_rcv: 498
tot_msg_sent: 874
tot_reconf_duration: 3.05
tot_sleeping_duration: 1013943.5038400047
tot_uptimes: 264
tot_uptimes_duration: 15780.012159995269
