comms_cons: 103.4256511997412
finished_reconf: true
global_termination_time: 1044332.8074799998
local_termination_time: 1044332.7663599999
node_cons: 21502.547942081845
tot_aggregated_send: 15066
tot_msg_rcv: 238
tot_msg_sent: 415
tot_reconf_duration: 24.59
tot_sleeping_duration: 1028299.0847599985
tot_uptimes: 268
tot_uptimes_duration: 16033.722720001344
