comms_cons: 103.39870719887004
finished_reconf: true
global_termination_time: 1047967.185
local_termination_time: 328063.29036000004
node_cons: 21539.566759999994
tot_aggregated_send: 14906
tot_msg_rcv: 349
tot_msg_sent: 461
tot_reconf_duration: 6.22
tot_sleeping_duration: 1031887.185
tot_uptimes: 269
tot_uptimes_duration: 16080.0
