comms_cons: 124.22211839021382
finished_reconf: true
global_termination_time: 1203681.974
local_termination_time: 66995.99899999947
node_cons: 24782.593875186052
tot_aggregated_send: 16066
tot_msg_rcv: 1008
tot_msg_sent: 1808
tot_reconf_duration: 18.21
tot_sleeping_duration: 1185192.1572000105
tot_uptimes: 309
tot_uptimes_duration: 18489.816799989552
