comms_cons: 124.34687998779071
finished_reconf: true
global_termination_time: 1202070.788
local_termination_time: 223718.71036000006
node_cons: 24670.390466714827
tot_aggregated_send: 15660
tot_msg_rcv: 1088
tot_msg_sent: 2152
tot_reconf_duration: 4.390000000000001
tot_sleeping_duration: 1183650.7515200037
tot_uptimes: 308
tot_uptimes_duration: 18420.036479996095
