comms_cons: 236.21413105680102
finished_reconf: true
global_termination_time: 1205216.757
local_termination_time: 739862.1884799999
node_cons: 24753.18304223842
tot_aggregated_send: 0
tot_msg_rcv: 18039
tot_msg_sent: 17864
tot_reconf_duration: 6.22
tot_sleeping_duration: 1186736.7448400012
tot_uptimes: 309
tot_uptimes_duration: 18480.012159998703
