comms_cons: 104.62773759504607
finished_reconf: true
global_termination_time: 1037527.7351200002
local_termination_time: 197442.79616000078
node_cons: 21352.32792263157
tot_aggregated_send: 13978
tot_msg_rcv: 588
tot_msg_sent: 1338
tot_reconf_duration: 15.34
tot_sleeping_duration: 1021596.8193600065
tot_uptimes: 266
tot_uptimes_duration: 15930.915759993688
