comms_cons: 105.90536959273463
finished_reconf: true
global_termination_time: 1040942.084
local_termination_time: 372696.00536000007
node_cons: 21374.687768948508
tot_aggregated_send: 13804
tot_msg_rcv: 814
tot_msg_sent: 1479
tot_reconf_duration: 3.08
tot_sleeping_duration: 1024982.0353600086
tot_uptimes: 267
tot_uptimes_duration: 15960.048639991379
