comms_cons: 103.50359679671362
finished_reconf: true
global_termination_time: 1039452.021
local_termination_time: 782595.3344799998
node_cons: 21390.975662233675
tot_aggregated_send: 14268
tot_msg_rcv: 548
tot_msg_sent: 916
tot_reconf_duration: 15.110000000000001
tot_sleeping_duration: 1023492.0088400047
tot_uptimes: 267
tot_uptimes_duration: 15960.012159995269
