comms_cons: 401.95678723303695
finished_reconf: true
global_termination_time: 4082872.331
local_termination_time: 2587347.56672
node_cons: 83962.2502233491
tot_aggregated_send: 56666
tot_msg_rcv: 1467
tot_msg_sent: 2962
tot_reconf_duration: 5.1
tot_sleeping_duration: 4020172.312760006
tot_uptimes: 1046
tot_uptimes_duration: 62700.01823999337
