comms_cons: 401.37082883464996
finished_reconf: true
global_termination_time: 4079657.582
local_termination_time: 1841759.2013599998
node_cons: 83892.88556558317
tot_aggregated_send: 56260
tot_msg_rcv: 1500
tot_msg_sent: 3246
tot_reconf_duration: 13.17
tot_sleeping_duration: 4017017.5516000106
tot_uptimes: 1045
tot_uptimes_duration: 62640.030399989104
