comms_cons: 26.8891904001238
finished_reconf: true
global_termination_time: 271235.703
local_termination_time: 108937.16255999959
node_cons: 5561.344860000002
tot_aggregated_send: 3770
tot_msg_rcv: 96
tot_msg_sent: 221
tot_reconf_duration: 13.17
tot_sleeping_duration: 267095.703
tot_uptimes: 70
tot_uptimes_duration: 4140.0
