comms_cons: 26.922713600031727
finished_reconf: true
global_termination_time: 270118.68836000015
local_termination_time: 125868.004
node_cons: 5570.895162560862
tot_aggregated_send: 3709
tot_msg_rcv: 89
tot_msg_sent: 294
tot_reconf_duration: 4.8100000000000005
tot_sleeping_duration: 265963.0773199995
tot_uptimes: 70
tot_uptimes_duration: 4155.611040000644
