comms_cons: 54.81131520068725
finished_reconf: true
global_termination_time: 561118.055
local_termination_time: 364725.9583600005
node_cons: 11496.192201121454
tot_aggregated_send: 7772
tot_msg_rcv: 225
tot_msg_sent: 334
tot_reconf_duration: 5.57
tot_sleeping_duration: 552538.048919999
tot_uptimes: 144
tot_uptimes_duration: 8580.006080001069
