comms_cons: 54.70880640110087
finished_reconf: true
global_termination_time: 561532.491
local_termination_time: 12655.60248
node_cons: 11494.614184485737
tot_aggregated_send: 7308
tot_msg_rcv: 306
tot_msg_sent: 702
tot_reconf_duration: 4.390000000000001
tot_sleeping_duration: 552952.4666799958
tot_uptimes: 144
tot_uptimes_duration: 8580.024320004275
