comms_cons: 84.53328641125883
finished_reconf: true
global_termination_time: 559491.896
local_termination_time: 299504.0826000001
node_cons: 11496.026504485728
tot_aggregated_send: 0
tot_msg_rcv: 6635
tot_msg_sent: 6214
tot_reconf_duration: 5.43
tot_sleeping_duration: 550911.8716799957
tot_uptimes: 144
tot_uptimes_duration: 8580.024320004275
