comms_cons: 247.76104944415792
finished_reconf: true
global_termination_time: 1248866.9675999999
local_termination_time: 1066.5273600000003
node_cons: 25673.782892879884
tot_aggregated_send: 0
tot_msg_rcv: 19155
tot_msg_sent: 18499
tot_reconf_duration: 18.21
tot_sleeping_duration: 1229711.58768
tot_uptimes: 320
tot_uptimes_duration: 19155.379919999883
