comms_cons: 138.21262078466935
finished_reconf: true
global_termination_time: 643752.2647199988
local_termination_time: 3151.0506
node_cons: 13256.427136895345
tot_aggregated_send: 0
tot_msg_rcv: 11415
tot_msg_sent: 9590
tot_reconf_duration: 18.21
tot_sleeping_duration: 633870.4887999874
tot_uptimes: 165
tot_uptimes_duration: 9881.775920011452
