comms_cons: 64.3248384007956
finished_reconf: true
global_termination_time: 647846.165
local_termination_time: 164249.82448000007
node_cons: 13286.858699999932
tot_aggregated_send: 9222
tot_msg_rcv: 228
tot_msg_sent: 327
tot_reconf_duration: 22.65
tot_sleeping_duration: 637946.165
tot_uptimes: 166
tot_uptimes_duration: 9899.999999999942
