comms_cons: 62.73925119981088
finished_reconf: true
global_termination_time: 643752.3549599998
local_termination_time: 643736.0304799998
node_cons: 13218.270567439602
tot_aggregated_send: 9512
tot_msg_rcv: 16
tot_msg_sent: 8
tot_reconf_duration: 5.57
tot_sleeping_duration: 633886.256
tot_uptimes: 165
tot_uptimes_duration: 9866.098959999741
