comms_cons: 60.415577600457894
finished_reconf: true
global_termination_time: 581355.756
local_termination_time: 91979.30859999995
node_cons: 11896.306043364308
tot_aggregated_send: 7540
tot_msg_rcv: 594
tot_msg_sent: 1048
tot_reconf_duration: 4.390000000000001
tot_sleeping_duration: 572475.7377599968
tot_uptimes: 149
tot_uptimes_duration: 8880.018240003206
