comms_cons: 56.64691200093752
finished_reconf: true
global_termination_time: 578795.501
local_termination_time: 399046.29636000004
node_cons: 11898.774901121407
tot_aggregated_send: 7714
tot_msg_rcv: 227
tot_msg_sent: 669
tot_reconf_duration: 6.22
tot_sleeping_duration: 569915.494919999
tot_uptimes: 149
tot_uptimes_duration: 8880.006080001069
