comms_cons: 221.5533119854959
finished_reconf: true
global_termination_time: 2228492.633
local_termination_time: 1175015.7628799982
node_cons: 45823.83771990126
tot_aggregated_send: 30624
tot_msg_rcv: 1068
tot_msg_sent: 1983
tot_reconf_duration: 15.34
tot_sleeping_duration: 2194285.7577200136
tot_uptimes: 571
tot_uptimes_duration: 34206.8752799863
