comms_cons: 643.222067877288
finished_reconf: true
global_termination_time: 3270062.154
local_termination_time: 1936944.8285999997
node_cons: 67275.35498223241
tot_aggregated_send: 0
tot_msg_rcv: 49235
tot_msg_sent: 48531
tot_reconf_duration: 22.65
tot_sleeping_duration: 3219842.1418400044
tot_uptimes: 838
tot_uptimes_duration: 50220.0121599955
