comms_cons: 842.7678465260738
finished_reconf: true
global_termination_time: 8617276.642
local_termination_time: 2692181.583519998
node_cons: 177234.27148669676
tot_aggregated_send: 118494
tot_msg_rcv: 3390
tot_msg_sent: 6211
tot_reconf_duration: 3.08
tot_sleeping_duration: 8484916.605520014
tot_uptimes: 2207
tot_uptimes_duration: 132360.0364799872
