comms_cons: 864.5422082332842
finished_reconf: true
global_termination_time: 8616993.807
local_termination_time: 395278.1623600001
node_cons: 177260.89639339768
tot_aggregated_send: 119770
tot_msg_rcv: 4039
tot_msg_sent: 7597
tot_reconf_duration: 22.65
tot_sleeping_duration: 8484633.734040027
tot_uptimes: 2207
tot_uptimes_duration: 132360.072959973
