comms_cons: 861.1599234105206
finished_reconf: true
global_termination_time: 8619090.284
local_termination_time: 427182.2587600008
node_cons: 177316.4393133979
tot_aggregated_send: 119770
tot_msg_rcv: 3798
tot_msg_sent: 7323
tot_reconf_duration: 4.390000000000001
tot_sleeping_duration: 8486670.211040027
tot_uptimes: 2208
tot_uptimes_duration: 132420.07295997324
