comms_cons: 860.979456227537
finished_reconf: true
global_termination_time: 8617299.523
local_termination_time: 1717287.8451599993
node_cons: 177240.7246889304
tot_aggregated_send: 119074
tot_msg_rcv: 3969
tot_msg_sent: 7821
tot_reconf_duration: 7.819999999999999
tot_sleeping_duration: 8484939.474360019
tot_uptimes: 2207
tot_uptimes_duration: 132360.04863998247
