comms_cons: 9.92143360027146
finished_reconf: true
global_termination_time: 52484.504
local_termination_time: 3477.15536
node_cons: 1050.38162
tot_aggregated_send: 0
tot_msg_rcv: 758
tot_msg_sent: 750
tot_reconf_duration: 4.390000000000001
tot_sleeping_duration: 51704.504
tot_uptimes: 14
tot_uptimes_duration: 780.0
