comms_cons: 424.8482236983569
finished_reconf: true
global_termination_time: 2739573.015
local_termination_time: 1748079.9850799998
node_cons: 56328.99212447104
tot_aggregated_send: 0
tot_msg_rcv: 32553
tot_msg_sent: 32021
tot_reconf_duration: 7.819999999999999
tot_sleeping_duration: 2697512.990680006
tot_uptimes: 702
tot_uptimes_duration: 42060.02431999397
