comms_cons: 1042.2608376599555
finished_reconf: true
global_termination_time: 2739494.197
local_termination_time: 1748079.3950799997
node_cons: 166039.75356497127
tot_aggregated_send: 0
tot_msg_rcv: 64075
tot_msg_sent: 94344
tot_reconf_duration: 6.22
tot_sleeping_duration: 2615497.7020000177
tot_uptimes: 2032
tot_uptimes_duration: 123996.4949999826
