comms_cons: 424.095858900049
finished_reconf: true
global_termination_time: 2740585.393
local_termination_time: 1750757.50636
node_cons: 56333.723403349606
tot_aggregated_send: 0
tot_msg_rcv: 32405
tot_msg_sent: 32056
tot_reconf_duration: 11.31
tot_sleeping_duration: 2698525.3747600075
tot_uptimes: 702
tot_uptimes_duration: 42060.0182399929
