comms_cons: 110.97857279512142
finished_reconf: true
global_termination_time: 1106869.8454399996
local_termination_time: 1106869.8043199996
node_cons: 22799.263821752764
tot_aggregated_send: 15356
tot_msg_rcv: 447
tot_msg_sent: 1065
tot_reconf_duration: 24.59
tot_sleeping_duration: 1089867.7016000052
tot_uptimes: 284
tot_uptimes_duration: 17002.143839994562
