comms_cons: 110.98452479902973
finished_reconf: true
global_termination_time: 1107569.247
local_termination_time: 183045.02336000005
node_cons: 22760.98174447655
tot_aggregated_send: 15428
tot_msg_rcv: 466
tot_msg_sent: 975
tot_reconf_duration: 18.21
tot_sleeping_duration: 1090589.2226800025
tot_uptimes: 284
tot_uptimes_duration: 16980.024319997407
