comms_cons: 108.12915199785564
finished_reconf: true
global_termination_time: 1108612.046
local_termination_time: 217663.21136000004
node_cons: 22742.776403359727
tot_aggregated_send: 15022
tot_msg_rcv: 383
tot_msg_sent: 1030
tot_reconf_duration: 4.8100000000000005
tot_sleeping_duration: 1091632.0277600002
tot_uptimes: 284
tot_uptimes_duration: 16980.018239999772
