comms_cons: 195.8022143895982
finished_reconf: true
global_termination_time: 1995914.142
local_termination_time: 651448.6543599999
node_cons: 41059.709761116545
tot_aggregated_send: 27376
tot_msg_rcv: 758
tot_msg_sent: 1627
tot_reconf_duration: 4.390000000000001
tot_sleeping_duration: 1965254.1359200024
tot_uptimes: 512
tot_uptimes_duration: 30660.006079997635
