comms_cons: 53.27836160102549
finished_reconf: true
global_termination_time: 522107.885
local_termination_time: 248991.2811600008
node_cons: 10693.691183364308
tot_aggregated_send: 7018
tot_msg_rcv: 386
tot_msg_sent: 694
tot_reconf_duration: 6.22
tot_sleeping_duration: 514127.8667599968
tot_uptimes: 134
tot_uptimes_duration: 7980.018240003206
