comms_cons: 44.82534400060013
finished_reconf: true
global_termination_time: 431038.347
local_termination_time: 106228.75747999996
node_cons: 8845.94452224287
tot_aggregated_send: 5684
tot_msg_rcv: 434
tot_msg_sent: 697
tot_reconf_duration: 6.279999999999999
tot_sleeping_duration: 424438.3348399979
tot_uptimes: 111
tot_uptimes_duration: 6600.0121600021375
