comms_cons: 86.28546561116931
finished_reconf: true
global_termination_time: 430842.596
local_termination_time: 89.87248000000017
node_cons: 8848.426925607164
tot_aggregated_send: 0
tot_msg_rcv: 6720
tot_msg_sent: 6392
tot_reconf_duration: 8.09
tot_sleeping_duration: 424242.5655999947
tot_uptimes: 111
tot_uptimes_duration: 6600.030400005344
