comms_cons: 45.219929601628685
finished_reconf: true
global_termination_time: 430450.183
local_termination_time: 195369.35436000006
node_cons: 8854.575963364308
tot_aggregated_send: 5452
tot_msg_rcv: 499
tot_msg_sent: 923
tot_reconf_duration: 12.629999999999999
tot_sleeping_duration: 423850.1647599968
tot_uptimes: 111
tot_uptimes_duration: 6600.018240003206
