comms_cons: 44.492140800388164
finished_reconf: true
global_termination_time: 430089.074
local_termination_time: 148770.38336000004
node_cons: 8848.035842242844
tot_aggregated_send: 5626
tot_msg_rcv: 385
tot_msg_sent: 751
tot_reconf_duration: 7.819999999999999
tot_sleeping_duration: 423489.0618399979
tot_uptimes: 111
tot_uptimes_duration: 6600.012160002138
