comms_cons: 47.02840320163586
finished_reconf: true
global_termination_time: 429979.494
local_termination_time: 52887.315600000016
node_cons: 8844.806504485734
tot_aggregated_send: 5104
tot_msg_rcv: 766
tot_msg_sent: 1277
tot_reconf_duration: 5.43
tot_sleeping_duration: 423379.46967999573
tot_uptimes: 111
tot_uptimes_duration: 6600.024320004275
