comms_cons: 2.282982399992456
finished_reconf: true
global_termination_time: 12243.066
local_termination_time: 7970.398360000001
node_cons: 247.55198000000055
tot_aggregated_send: 0
tot_msg_rcv: 177
tot_msg_sent: 170
tot_reconf_duration: 4.8100000000000005
tot_sleeping_duration: 12063.066
tot_uptimes: 4
tot_uptimes_duration: 180.0
