comms_cons: 18.284223999965064
finished_reconf: true
global_termination_time: 184134.877
local_termination_time: 13969.401320000003
node_cons: 3793.8648600000024
tot_aggregated_send: 2610
tot_msg_rcv: 65
tot_msg_sent: 104
tot_reconf_duration: 13.17
tot_sleeping_duration: 181314.877
tot_uptimes: 48
tot_uptimes_duration: 2820.0
