comms_cons: 276.951423993142
finished_reconf: true
global_termination_time: 2772021.484
local_termination_time: 921903.7689599987
node_cons: 56967.63268558388
tot_aggregated_send: 38338
tot_msg_rcv: 1315
tot_msg_sent: 2442
tot_reconf_duration: 4.8100000000000005
tot_sleeping_duration: 2729481.4536000118
tot_uptimes: 710
tot_uptimes_duration: 42540.03039998864
