comms_cons: 272.6608511944472
finished_reconf: true
global_termination_time: 2768674.533
local_termination_time: 1971653.1173599998
node_cons: 56965.22632334957
tot_aggregated_send: 38686
tot_msg_rcv: 877
tot_msg_sent: 1879
tot_reconf_duration: 3.05
tot_sleeping_duration: 2726134.5147600067
tot_uptimes: 710
tot_uptimes_duration: 42540.01823999314
