comms_cons: 400.33533406091885
finished_reconf: true
global_termination_time: 2024249.794
local_termination_time: 962157.7740399993
node_cons: 41646.886841116524
tot_aggregated_send: 0
tot_msg_rcv: 30821
tot_msg_sent: 30027
tot_reconf_duration: 22.65
tot_sleeping_duration: 1993169.7879200024
tot_uptimes: 519
tot_uptimes_duration: 31080.006079997635
