comms_cons: 206.02827517960543
finished_reconf: true
global_termination_time: 2025844.086
local_termination_time: 834361.6277199996
node_cons: 41623.71662446693
tot_aggregated_send: 27898
tot_msg_rcv: 1269
tot_msg_sent: 2149
tot_reconf_duration: 5.57
tot_sleeping_duration: 1994764.0616800094
tot_uptimes: 519
tot_uptimes_duration: 31080.024319990538
