comms_cons: 1110.7123003495742
finished_reconf: true
global_termination_time: 2498290.631
local_termination_time: 380687.2006000001
node_cons: 151974.1223032945
tot_aggregated_send: 0
tot_msg_rcv: 68169
tot_msg_sent: 100653
tot_reconf_duration: 18.21
tot_sleeping_duration: 2384810.875120016
tot_uptimes: 1857
tot_uptimes_duration: 113479.75587998456
