comms_cons: 259.4434815962989
finished_reconf: true
global_termination_time: 2496937.123
local_termination_time: 1404761.69236
node_cons: 51345.84522781711
tot_aggregated_send: 32886
tot_msg_rcv: 2362
tot_msg_sent: 4185
tot_reconf_duration: 6.279999999999999
tot_sleeping_duration: 2458597.080440017
tot_uptimes: 640
tot_uptimes_duration: 38340.04255998344
