comms_cons: 248.35274240053093
finished_reconf: true
global_termination_time: 2497818.622
local_termination_time: 726419.8810799987
node_cons: 51373.00738911755
tot_aggregated_send: 35786
tot_msg_rcv: 709
tot_msg_sent: 1254
tot_reconf_duration: 25.299999999999997
tot_sleeping_duration: 2459477.5839200015
tot_uptimes: 640
tot_uptimes_duration: 38341.03807999869
