comms_cons: 910.7204728527878
finished_reconf: true
global_termination_time: 1977811.65
local_termination_time: 507912.7074800001
node_cons: 120233.06024617374
tot_aggregated_send: 0
tot_msg_rcv: 55897
tot_msg_sent: 82528
tot_reconf_duration: 18.21
tot_sleeping_duration: 1888036.944200017
tot_uptimes: 1482
tot_uptimes_duration: 89774.70579998304
