comms_cons: 195.56014079414982
finished_reconf: true
global_termination_time: 1982561.123
local_termination_time: 1653359.99936
node_cons: 40739.9440599998
tot_aggregated_send: 28536
tot_msg_rcv: 323
tot_msg_sent: 865
tot_reconf_duration: 5.57
tot_sleeping_duration: 1952141.123
tot_uptimes: 508
tot_uptimes_duration: 30420.0
