comms_cons: 194.80355839216494
finished_reconf: true
global_termination_time: 1977401.846
local_termination_time: 1574633.63836
node_cons: 40686.39739999981
tot_aggregated_send: 28246
tot_msg_rcv: 457
tot_msg_sent: 906
tot_reconf_duration: 25.299999999999997
tot_sleeping_duration: 1947041.846
tot_uptimes: 507
tot_uptimes_duration: 30360.00000000003
