comms_cons: 201.03334398195096
finished_reconf: true
global_termination_time: 1979399.181
local_termination_time: 449641.3254400006
node_cons: 40658.08303117258
tot_aggregated_send: 26796
tot_msg_rcv: 1342
tot_msg_sent: 2418
tot_reconf_duration: 4.390000000000001
tot_sleeping_duration: 1949039.1202000205
tot_uptimes: 507
tot_uptimes_duration: 30360.06079997978
