comms_cons: 199.1530111836246
finished_reconf: true
global_termination_time: 1979529.687
local_termination_time: 516025.86664000084
node_cons: 40662.732830051216
tot_aggregated_send: 27028
tot_msg_rcv: 916
tot_msg_sent: 2326
tot_reconf_duration: 7.819999999999999
tot_sleeping_duration: 1949169.6322800212
tot_uptimes: 507
tot_uptimes_duration: 30360.05471997871
