comms_cons: 185.90833278660347
finished_reconf: true
global_termination_time: 1832150.5831599992
local_termination_time: 1832150.5420399993
node_cons: 37750.97294319194
tot_aggregated_send: 25448
tot_msg_rcv: 1036
tot_msg_sent: 1772
tot_reconf_duration: 24.59
tot_sleeping_duration: 1803982.1143600051
tot_uptimes: 470
tot_uptimes_duration: 28168.468799994094
