comms_cons: 184.86247038345655
finished_reconf: true
global_termination_time: 1835840.587
local_termination_time: 1002598.5534799998
node_cons: 37780.64800223346
tot_aggregated_send: 24708
tot_msg_rcv: 1133
tot_msg_sent: 2256
tot_reconf_duration: 15.34
tot_sleeping_duration: 1807640.5748400048
tot_uptimes: 471
tot_uptimes_duration: 28200.01215999527
