comms_cons: 127.10841598279654
finished_reconf: true
global_termination_time: 1195552.328
local_termination_time: 4439.78448
node_cons: 24591.718035677073
tot_aggregated_send: 15080
tot_msg_rcv: 1613
tot_msg_sent: 2628
tot_reconf_duration: 5.57
tot_sleeping_duration: 1177192.2428800021
tot_uptimes: 307
tot_uptimes_duration: 18360.08511999779
