comms_cons: 125.17564158479992
finished_reconf: true
global_termination_time: 1195008.3063199986
local_termination_time: 1195008.2651999986
node_cons: 24698.37800862657
tot_aggregated_send: 15634
tot_msg_rcv: 1240
tot_msg_sent: 2150
tot_reconf_duration: 37.410000000000004
tot_sleeping_duration: 1176600.8565600086
tot_uptimes: 307
tot_uptimes_duration: 18407.449759989933
