comms_cons: 120.77502079078191
finished_reconf: true
global_termination_time: 1195009.0840000005
local_termination_time: 50054.992320000136
node_cons: 24664.087867827682
tot_aggregated_send: 15660
tot_msg_rcv: 1007
tot_msg_sent: 1690
tot_reconf_duration: 9.11
tot_sleeping_duration: 1176598.5414400098
tot_uptimes: 307
tot_uptimes_duration: 18410.542559990776
