comms_cons: 116.87160959630967
finished_reconf: true
global_termination_time: 1196554.894
local_termination_time: 224742.69812000045
node_cons: 24598.95080559797
tot_aggregated_send: 16356
tot_msg_rcv: 405
tot_msg_sent: 1002
tot_reconf_duration: 10.95
tot_sleeping_duration: 1178194.8636000014
tot_uptimes: 307
tot_uptimes_duration: 18360.030399998475
