comms_cons: 116.19525119982175
finished_reconf: true
global_termination_time: 1195836.876
local_termination_time: 880084.6733599999
node_cons: 24600.2083411215
tot_aggregated_send: 17052
tot_msg_rcv: 210
tot_msg_sent: 399
tot_reconf_duration: 11.899999999999999
tot_sleeping_duration: 1177476.8699199988
tot_uptimes: 307
tot_uptimes_duration: 18360.00608000107
