comms_cons: 124.83374078438557
finished_reconf: true
global_termination_time: 1196873.857
local_termination_time: 55477.469120000096
node_cons: 24594.72468894849
tot_aggregated_send: 15312
tot_msg_rcv: 1223
tot_msg_sent: 2439
tot_reconf_duration: 7.819999999999999
tot_sleeping_duration: 1178513.8083600088
tot_uptimes: 307
tot_uptimes_duration: 18360.04863999138
