comms_cons: 96.43816319605459
finished_reconf: true
global_termination_time: 967742.341
local_termination_time: 478964.86236
node_cons: 19849.94161999997
tot_aggregated_send: 13688
tot_msg_rcv: 336
tot_msg_sent: 634
tot_reconf_duration: 4.390000000000001
tot_sleeping_duration: 952922.341
tot_uptimes: 248
tot_uptimes_duration: 14820.0
