comms_cons: 95.62913279834602
finished_reconf: true
global_termination_time: 968056.603
local_termination_time: 164397.61060000007
node_cons: 19854.59956
tot_aggregated_send: 13920
tot_msg_rcv: 246
tot_msg_sent: 369
tot_reconf_duration: 7.819999999999999
tot_sleeping_duration: 953236.603
tot_uptimes: 248
tot_uptimes_duration: 14820.0
