comms_cons: 580.125746845281
finished_reconf: true
global_termination_time: 1201494.7735999997
local_termination_time: 1201494.7324799998
node_cons: 72813.37656411543
tot_aggregated_send: 0
tot_msg_rcv: 35677
tot_msg_sent: 52499
tot_reconf_duration: 24.59
tot_sleeping_duration: 1147140.7905200021
tot_uptimes: 885
tot_uptimes_duration: 54353.98307999774
