comms_cons: 190.7610495798066
finished_reconf: true
global_termination_time: 1919700.869
local_termination_time: 467906.9465600007
node_cons: 39453.553391172674
tot_aggregated_send: 25114
tot_msg_rcv: 1255
tot_msg_sent: 2625
tot_reconf_duration: 4.8100000000000005
tot_sleeping_duration: 1890240.80820002
tot_uptimes: 492
tot_uptimes_duration: 29460.06079997978
