comms_cons: 187.97908478295054
finished_reconf: true
global_termination_time: 1920292.81
local_termination_time: 1028171.6487599981
node_cons: 39455.42746558404
tot_aggregated_send: 25520
tot_msg_rcv: 1035
tot_msg_sent: 2016
tot_reconf_duration: 6.22
tot_sleeping_duration: 1890832.7796000119
tot_uptimes: 492
tot_uptimes_duration: 29460.030399988173
