comms_cons: 199.76487678688625
finished_reconf: true
global_termination_time: 1987189.018
local_termination_time: 23672.63148
node_cons: 40837.481744479686
tot_aggregated_send: 27260
tot_msg_rcv: 1148
tot_msg_sent: 1956
tot_reconf_duration: 18.21
tot_sleeping_duration: 1956708.9936799998
tot_uptimes: 509
tot_uptimes_duration: 30480.02431999999
