comms_cons: 195.78383358671545
finished_reconf: true
global_termination_time: 1983316.188
local_termination_time: 531461.8724399996
node_cons: 40738.92826223344
tot_aggregated_send: 27260
tot_msg_rcv: 813
tot_msg_sent: 1685
tot_reconf_duration: 4.8100000000000005
tot_sleeping_duration: 1952896.1758400048
tot_uptimes: 508
tot_uptimes_duration: 30420.01215999527
