comms_cons: 417.20307184239044
finished_reconf: true
global_termination_time: 863437.2057999984
local_termination_time: 863437.1646799984
node_cons: 52368.104956314724
tot_aggregated_send: 0
tot_msg_rcv: 25655
tot_msg_sent: 37755
tot_reconf_duration: 24.59
tot_sleeping_duration: 824352.2829200017
tot_uptimes: 637
tot_uptimes_duration: 39084.92287999661
