comms_cons: 85.31906559972319
finished_reconf: true
global_termination_time: 864005.909
local_termination_time: 335030.1844800006
node_cons: 17775.97172000006
tot_aggregated_send: 12470
tot_msg_rcv: 164
tot_msg_sent: 334
tot_reconf_duration: 15.34
tot_sleeping_duration: 850745.909
tot_uptimes: 222
tot_uptimes_duration: 13260.0
