comms_cons: 88.35865599643117
finished_reconf: true
global_termination_time: 863437.49136
local_termination_time: 582146.3465999998
node_cons: 17782.139291273754
tot_aggregated_send: 11774
tot_msg_rcv: 607
tot_msg_sent: 1049
tot_reconf_duration: 4.8100000000000005
tot_sleeping_duration: 850162.2058400047
tot_uptimes: 222
tot_uptimes_duration: 13275.285519995261
