comms_cons: 88.84457599343696
finished_reconf: true
global_termination_time: 864565.146
local_termination_time: 78128.51395999992
node_cons: 17765.800265593403
tot_aggregated_send: 11716
tot_msg_rcv: 683
tot_msg_sent: 1104
tot_reconf_duration: 7.819999999999999
tot_sleeping_duration: 851305.1156000049
tot_uptimes: 222
tot_uptimes_duration: 13260.030399995048
