comms_cons: 426.42753288376537
finished_reconf: true
global_termination_time: 4229486.808
local_termination_time: 233037.65436000004
node_cons: 87039.05197005933
tot_aggregated_send: 57478
tot_msg_rcv: 2470
tot_msg_sent: 4864
tot_reconf_duration: 22.65
tot_sleeping_duration: 4164506.753280014
tot_uptimes: 1084
tot_uptimes_duration: 64980.05471998628
