comms_cons: 43.36880640193053
finished_reconf: true
global_termination_time: 215348.283
local_termination_time: 1901.6703600000003
node_cons: 4523.781713040076
tot_aggregated_send: 0
tot_msg_rcv: 3363
tot_msg_sent: 3228
tot_reconf_duration: 18.21
tot_sleeping_duration: 211988.27363999994
tot_uptimes: 56
tot_uptimes_duration: 3360.0093600000546
