comms_cons: 762.5973884965172
finished_reconf: true
global_termination_time: 968895.23
local_termination_time: 245282.5718400001
node_cons: 97032.82447471959
tot_aggregated_send: 0
tot_msg_rcv: 52355
tot_msg_sent: 63554
tot_reconf_duration: 5.57
tot_sleeping_duration: 896434.2438799686
tot_uptimes: 1169
tot_uptimes_duration: 72460.98612003138
