comms_cons: 99.4919167933268
finished_reconf: true
global_termination_time: 971023.339
local_termination_time: 322623.57836000004
node_cons: 19958.750670074496
tot_aggregated_send: 12760
tot_msg_rcv: 751
tot_msg_sent: 1611
tot_reconf_duration: 25.299999999999997
tot_sleeping_duration: 956143.2842800042
tot_uptimes: 249
tot_uptimes_duration: 14880.054719995882
