comms_cons: 96.91161599552501
finished_reconf: true
global_termination_time: 970557.181
local_termination_time: 330367.83036
node_cons: 19936.699521116883
tot_aggregated_send: 13166
tot_msg_rcv: 433
tot_msg_sent: 1131
tot_reconf_duration: 9.11
tot_sleeping_duration: 955677.1749200023
tot_uptimes: 249
tot_uptimes_duration: 14880.006079997664
