comms_cons: 99.82682879143242
finished_reconf: true
global_termination_time: 969443.982
local_termination_time: 260195.87136000005
node_cons: 19939.71154448115
tot_aggregated_send: 12528
tot_msg_rcv: 906
tot_msg_sent: 1740
tot_reconf_duration: 11.31
tot_sleeping_duration: 954563.9576799991
tot_uptimes: 249
tot_uptimes_duration: 14880.02432000084
