comms_cons: 34.021043200244684
finished_reconf: true
global_termination_time: 345666.178
local_termination_time: 111855.85335999996
node_cons: 7075.881620000007
tot_aggregated_send: 4872
tot_msg_rcv: 80
tot_msg_sent: 219
tot_reconf_duration: 4.390000000000001
tot_sleeping_duration: 340386.178
tot_uptimes: 89
tot_uptimes_duration: 5280.0
