comms_cons: 94.81173759045662
finished_reconf: true
global_termination_time: 900421.781
local_termination_time: 104373.56735999942
node_cons: 18567.898534225955
tot_aggregated_send: 11658
tot_msg_rcv: 1004
tot_msg_sent: 1749
tot_reconf_duration: 5.57
tot_sleeping_duration: 886560.4408400105
tot_uptimes: 231
tot_uptimes_duration: 13861.3401599895
