comms_cons: 93.25420799335397
finished_reconf: true
global_termination_time: 902230.796
local_termination_time: 360311.00048000005
node_cons: 18567.051888957638
tot_aggregated_send: 12064
tot_msg_rcv: 773
tot_msg_sent: 1337
tot_reconf_duration: 6.22
tot_sleeping_duration: 888370.7473600018
tot_uptimes: 232
tot_uptimes_duration: 13860.048639998247
