comms_cons: 91.9609792007543
finished_reconf: true
global_termination_time: 900469.983
local_termination_time: 778300.5755999997
node_cons: 18565.93836335503
tot_aggregated_send: 12064
tot_msg_rcv: 635
tot_msg_sent: 1278
tot_reconf_duration: 5.43
tot_sleeping_duration: 886609.9647600036
tot_uptimes: 231
tot_uptimes_duration: 13860.018239996338
