comms_cons: 58.81804800053857
finished_reconf: true
global_termination_time: 574967.1145999997
local_termination_time: 574967.0734799998
node_cons: 11879.28036872755
tot_aggregated_send: 7514
tot_msg_rcv: 416
tot_msg_sent: 1009
tot_reconf_duration: 37.410000000000004
tot_sleeping_duration: 566133.3001199941
tot_uptimes: 148
tot_uptimes_duration: 8833.814480005618
