comms_cons: 58.24565760088576
finished_reconf: true
global_termination_time: 576917.684
local_termination_time: 368732.85136000003
node_cons: 11830.531944481161
tot_aggregated_send: 7946
tot_msg_rcv: 336
tot_msg_sent: 571
tot_reconf_duration: 15.110000000000001
tot_sleeping_duration: 568097.6596799991
tot_uptimes: 148
tot_uptimes_duration: 8820.02432000087
