comms_cons: 58.061439999910974
finished_reconf: true
global_termination_time: 577564.217
local_termination_time: 266049.6770400003
node_cons: 11822.772359999994
tot_aggregated_send: 8062
tot_msg_rcv: 307
tot_msg_sent: 456
tot_reconf_duration: 9.42
tot_sleeping_duration: 568744.217
tot_uptimes: 148
tot_uptimes_duration: 8820.0
