comms_cons: 61.01919999874121
finished_reconf: true
global_termination_time: 578475.384
local_termination_time: 174202.34236000007
node_cons: 11898.815606724002
tot_aggregated_send: 7482
tot_msg_rcv: 684
tot_msg_sent: 1109
tot_reconf_duration: 6.22
tot_sleeping_duration: 569595.347519997
tot_uptimes: 149
tot_uptimes_duration: 8880.036480002978
