comms_cons: 59.758771199605434
finished_reconf: true
global_termination_time: 580717.707
local_termination_time: 170501.15836000006
node_cons: 11911.184284481134
tot_aggregated_send: 7714
tot_msg_rcv: 507
tot_msg_sent: 862
tot_reconf_duration: 15.34
tot_sleeping_duration: 571837.6826799992
tot_uptimes: 149
tot_uptimes_duration: 8880.02432000084
