comms_cons: 62.565875204712626
finished_reconf: true
global_termination_time: 467848.8793200002
local_termination_time: 467848.8382000002
node_cons: 9635.652290115197
tot_aggregated_send: 2642
tot_msg_rcv: 2529
tot_msg_sent: 4344
tot_reconf_duration: 37.410000000000004
tot_sleeping_duration: 460690.6645999739
tot_uptimes: 120
tot_uptimes_duration: 7158.214720026277
