comms_cons: 47.07320320038436
finished_reconf: true
global_termination_time: 470141.574
local_termination_time: 72618.62367999958
node_cons: 9656.960200000025
tot_aggregated_send: 6554
tot_msg_rcv: 205
tot_msg_sent: 395
tot_reconf_duration: 11.899999999999999
tot_sleeping_duration: 462941.574
tot_uptimes: 121
tot_uptimes_duration: 7200.0
