comms_cons: 526.3905217247707
finished_reconf: true
global_termination_time: 5228943.256
local_termination_time: 624023.0730799987
node_cons: 107581.84082669881
tot_aggregated_send: 71514
tot_msg_rcv: 2864
tot_msg_sent: 5630
tot_reconf_duration: 4.8100000000000005
tot_sleeping_duration: 5148603.219520014
tot_uptimes: 1340
tot_uptimes_duration: 80340.0364799865
