comms_cons: 517.7886784755003
finished_reconf: true
global_termination_time: 5231224.6
local_termination_time: 1750948.4298399987
node_cons: 107583.76374781587
tot_aggregated_send: 72094
tot_msg_rcv: 2208
tot_msg_sent: 4398
tot_reconf_duration: 6.22
tot_sleeping_duration: 5150884.5574400155
tot_uptimes: 1340
tot_uptimes_duration: 80340.04255998437
