comms_cons: 760.6476289435708
finished_reconf: true
global_termination_time: 2612078.614
local_termination_time: 1001996.3364399995
node_cons: 106572.22098399626
tot_aggregated_send: 0
tot_msg_rcv: 38728
tot_msg_sent: 76886
tot_reconf_duration: 18.21
tot_sleeping_duration: 2532506.1780000003
tot_uptimes: 1318
tot_uptimes_duration: 79572.43599999954
