comms_cons: 155.6708351898114
finished_reconf: true
global_termination_time: 1549305.2294799997
local_termination_time: 1549305.1883599998
node_cons: 31883.85006654227
tot_aggregated_send: 21608
tot_msg_rcv: 700
tot_msg_sent: 1352
tot_reconf_duration: 37.410000000000004
tot_sleeping_duration: 1525531.482440013
tot_uptimes: 397
tot_uptimes_duration: 23773.747039986716
