comms_cons: 154.74936319372273
finished_reconf: true
global_termination_time: 1551099.453
local_termination_time: 449524.64236000006
node_cons: 31912.86486000003
tot_aggregated_send: 22272
tot_msg_rcv: 507
tot_msg_sent: 742
tot_reconf_duration: 13.17
tot_sleeping_duration: 1527279.453
tot_uptimes: 398
tot_uptimes_duration: 23820.0
