comms_cons: 117.75452159686503
finished_reconf: true
global_termination_time: 1174407.597
local_termination_time: 70645.9471999999
node_cons: 24107.9779022383
tot_aggregated_send: 16588
tot_msg_rcv: 497
tot_msg_sent: 813
tot_reconf_duration: 4.390000000000001
tot_sleeping_duration: 1156407.5848400013
tot_uptimes: 301
tot_uptimes_duration: 18000.012159998703
