comms_cons: 78.71160320988389
finished_reconf: true
global_termination_time: 400559.1046000002
local_termination_time: 2628.62636
node_cons: 8239.970328400257
tot_aggregated_send: 0
tot_msg_rcv: 6054
tot_msg_sent: 5907
tot_reconf_duration: 18.21
tot_sleeping_duration: 394423.749
tot_uptimes: 103
tot_uptimes_duration: 6135.3556000001845
