comms_cons: 40.44296960025633
finished_reconf: true
global_termination_time: 403566.091
local_termination_time: 250322.66436000005
node_cons: 8279.161899999994
tot_aggregated_send: 5452
tot_msg_rcv: 207
tot_msg_sent: 489
tot_reconf_duration: 3.05
tot_sleeping_duration: 397386.091
tot_uptimes: 104
tot_uptimes_duration: 6180.0
