comms_cons: 41.267526401430075
finished_reconf: true
global_termination_time: 400637.527
local_termination_time: 262690.66836
node_cons: 8203.134901121402
tot_aggregated_send: 5162
tot_msg_rcv: 471
tot_msg_sent: 639
tot_reconf_duration: 6.22
tot_sleeping_duration: 394517.52091999893
tot_uptimes: 103
tot_uptimes_duration: 6120.006080001069
