comms_cons: 41.21931520050864
finished_reconf: true
global_termination_time: 402583.923
local_termination_time: 284579.2603600001
node_cons: 8290.378979999985
tot_aggregated_send: 5394
tot_msg_rcv: 305
tot_msg_sent: 566
tot_reconf_duration: 11.31
tot_sleeping_duration: 396403.923
tot_uptimes: 104
tot_uptimes_duration: 6179.9999999999845
