comms_cons: 77.7410815978826
finished_reconf: true
global_termination_time: 750901.023
local_termination_time: 323385.52636
node_cons: 15431.257902233627
tot_aggregated_send: 10092
tot_msg_rcv: 677
tot_msg_sent: 1048
tot_reconf_duration: 4.390000000000001
tot_sleeping_duration: 739381.0108400048
tot_uptimes: 193
tot_uptimes_duration: 11520.012159995269
