comms_cons: 287.53077761602765
finished_reconf: true
global_termination_time: 2893869.27048
local_termination_time: 2893869.2293599998
node_cons: 59601.117502068875
tot_aggregated_send: 41676
tot_msg_rcv: 741
tot_msg_sent: 1285
tot_reconf_duration: 37.410000000000004
tot_sleeping_duration: 2849395.547760007
tot_uptimes: 742
tot_uptimes_duration: 44473.722719992744
