comms_cons: 272.51061119196606
finished_reconf: true
global_termination_time: 2712543.557
local_termination_time: 1256828.3434799998
node_cons: 55764.5370867004
tot_aggregated_send: 37352
tot_msg_rcv: 1333
tot_msg_sent: 2735
tot_reconf_duration: 6.279999999999999
tot_sleeping_duration: 2670903.5205200138
tot_uptimes: 695
tot_uptimes_duration: 41640.03647998604
