comms_cons: 272.54408320971055
finished_reconf: true
global_termination_time: 2712625.636
local_termination_time: 1465927.7197199997
node_cons: 55762.91836446652
tot_aggregated_send: 37816
tot_msg_rcv: 1170
tot_msg_sent: 2439
tot_reconf_duration: 5.1
tot_sleeping_duration: 2670985.6116800094
tot_uptimes: 695
tot_uptimes_duration: 41640.02431999077
