comms_cons: 269.8201983913726
finished_reconf: true
global_termination_time: 2716841.476
local_termination_time: 1547031.04136
node_cons: 55854.19300111578
tot_aggregated_send: 38628
tot_msg_rcv: 712
tot_msg_sent: 1671
tot_reconf_duration: 13.17
tot_sleeping_duration: 2675141.469920002
tot_uptimes: 696
tot_uptimes_duration: 41700.006079997635
