comms_cons: 1313.1196996452588
finished_reconf: true
global_termination_time: 2712541.8905999996
local_termination_time: 2712541.8494799994
node_cons: 164981.88205758334
tot_aggregated_send: 0
tot_msg_rcv: 80566
tot_msg_sent: 119019
tot_reconf_duration: 24.59
tot_sleeping_duration: 2589354.0722000077
tot_uptimes: 2022
tot_uptimes_duration: 123187.81839999187
