comms_cons: 251.80634879127535
finished_reconf: true
global_termination_time: 2548374.8260399993
local_termination_time: 2548374.784919999
node_cons: 52451.72036455799
tot_aggregated_send: 36932
tot_msg_rcv: 450
tot_msg_sent: 891
tot_reconf_duration: 24.59
tot_sleeping_duration: 2509227.457
tot_uptimes: 653
tot_uptimes_duration: 39147.36903999932
