comms_cons: 250.64693759547802
finished_reconf: true
global_termination_time: 2550779.681
local_termination_time: 572102.3553599998
node_cons: 52469.39393999911
tot_aggregated_send: 36540
tot_msg_rcv: 521
tot_msg_sent: 1035
tot_reconf_duration: 5.43
tot_sleeping_duration: 2511599.681
tot_uptimes: 654
tot_uptimes_duration: 39180.0
