comms_cons: 248.42526719534945
finished_reconf: true
global_termination_time: 2550568.338
local_termination_time: 1196369.9303599999
node_cons: 52482.859861116136
tot_aggregated_send: 36888
tot_msg_rcv: 301
tot_msg_sent: 571
tot_reconf_duration: 15.34
tot_sleeping_duration: 2511388.331920002
tot_uptimes: 654
tot_uptimes_duration: 39180.006079997635
