comms_cons: 876.5478402237759
finished_reconf: true
global_termination_time: 8848295.211
local_termination_time: 2830821.68444
node_cons: 181978.70965116503
tot_aggregated_send: 122380
tot_msg_rcv: 3589
tot_msg_sent: 7261
tot_reconf_duration: 6.279999999999999
tot_sleeping_duration: 8712395.15020002
tot_uptimes: 2266
tot_uptimes_duration: 135900.06079997844
