comms_cons: 857.9411265023159
finished_reconf: true
global_termination_time: 8851579.37
local_termination_time: 4335000.828799998
node_cons: 182075.85088222683
tot_aggregated_send: 123308
tot_msg_rcv: 2368
tot_msg_sent: 4726
tot_reconf_duration: 18.700000000000003
tot_sleeping_duration: 8715619.357840003
tot_uptimes: 2267
tot_uptimes_duration: 135960.01215999573
