comms_cons: 881.0171586173295
finished_reconf: true
global_termination_time: 8852301.263
local_termination_time: 1661052.3465999998
node_cons: 182065.8803911651
tot_aggregated_send: 122960
tot_msg_rcv: 3749
tot_msg_sent: 7199
tot_reconf_duration: 11.31
tot_sleeping_duration: 8716341.202200022
tot_uptimes: 2267
tot_uptimes_duration: 135960.06079997867
