comms_cons: 79.76684799742537
finished_reconf: true
global_termination_time: 802322.197
local_termination_time: 291399.13336000004
node_cons: 16475.661619999963
tot_aggregated_send: 11484
tot_msg_rcv: 263
tot_msg_sent: 377
tot_reconf_duration: 4.390000000000001
tot_sleeping_duration: 790022.197
tot_uptimes: 206
tot_uptimes_duration: 12300.0
