comms_cons: 79.39183359924125
finished_reconf: true
global_termination_time: 801766.721
local_termination_time: 323043.83536
node_cons: 16478.146759999985
tot_aggregated_send: 11484
tot_msg_rcv: 238
tot_msg_sent: 345
tot_reconf_duration: 6.22
tot_sleeping_duration: 789466.721
tot_uptimes: 206
tot_uptimes_duration: 12300.0
