comms_cons: 79.33919999742241
finished_reconf: true
global_termination_time: 799516.068239998
local_termination_time: 799516.068239998
node_cons: 16510.021634478704
tot_aggregated_send: 11296
tot_msg_rcv: 186
tot_msg_sent: 577
tot_reconf_duration: 24.59
tot_sleeping_duration: 787210.893919999
tot_uptimes: 205
tot_uptimes_duration: 12305.174319999001
