comms_cons: 79.2530431988598
finished_reconf: true
global_termination_time: 801533.218
local_termination_time: 347973.72848000005
node_cons: 16485.05898000002
tot_aggregated_send: 11542
tot_msg_rcv: 166
tot_msg_sent: 338
tot_reconf_duration: 11.31
tot_sleeping_duration: 789233.218
tot_uptimes: 206
tot_uptimes_duration: 12300.0
