comms_cons: 169.4467775368833
finished_reconf: true
global_termination_time: 856701.859
local_termination_time: 2459.9373600000004
node_cons: 17619.22174448115
tot_aggregated_send: 0
tot_msg_rcv: 13058
tot_msg_sent: 12693
tot_reconf_duration: 18.21
tot_sleeping_duration: 843561.8346799992
tot_uptimes: 220
tot_uptimes_duration: 13140.02432000084
