comms_cons: 168.65807993720694
finished_reconf: true
global_termination_time: 856132.9305999998
local_termination_time: 2269.748040000001
node_cons: 17620.990909516717
tot_aggregated_send: 0
tot_msg_rcv: 12922
tot_msg_sent: 12710
tot_reconf_duration: 4.390000000000001
tot_sleeping_duration: 842977.5689200023
tot_uptimes: 220
tot_uptimes_duration: 13155.361679997528
