comms_cons: 60.40363519962779
finished_reconf: true
global_termination_time: 607500.195
local_termination_time: 58195.71572000002
node_cons: 12460.073940000018
tot_aggregated_send: 8700
tot_msg_rcv: 196
tot_msg_sent: 285
tot_reconf_duration: 5.43
tot_sleeping_duration: 598200.195
tot_uptimes: 156
tot_uptimes_duration: 9300.0
