comms_cons: 59.58123520005417
finished_reconf: true
global_termination_time: 606399.013
local_termination_time: 84181.38535999999
node_cons: 12473.531720000032
tot_aggregated_send: 8816
tot_msg_rcv: 79
tot_msg_sent: 161
tot_reconf_duration: 15.34
tot_sleeping_duration: 597099.013
tot_uptimes: 156
tot_uptimes_duration: 9300.0
