comms_cons: 753.7588929664723
finished_reconf: true
global_termination_time: 7627671.236
local_termination_time: 3367561.893519999
node_cons: 156995.37878446304
tot_aggregated_send: 105676
tot_msg_rcv: 2972
tot_msg_sent: 5914
tot_reconf_duration: 8.09
tot_sleeping_duration: 7510431.211680008
tot_uptimes: 1954
tot_uptimes_duration: 117240.02431999147
