comms_cons: 1009.8619095077283
finished_reconf: true
global_termination_time: 5506497.158
local_termination_time: 1013527.361
node_cons: 113293.99156957268
tot_aggregated_send: 0
tot_msg_rcv: 77385
tot_msg_sent: 76106
tot_reconf_duration: 7.819999999999999
tot_sleeping_duration: 5421894.191600018
tot_uptimes: 1411
tot_uptimes_duration: 84602.9663999821
