comms_cons: 1008.7150487072447
finished_reconf: true
global_termination_time: 5505711.525
local_termination_time: 1009974.2998399996
node_cons: 113214.47596781555
tot_aggregated_send: 0
tot_msg_rcv: 77178
tot_msg_sent: 76141
tot_reconf_duration: 11.31
tot_sleeping_duration: 5421171.482440016
tot_uptimes: 1410
tot_uptimes_duration: 84540.04255998437
