comms_cons: 78.64020481007832
finished_reconf: true
global_termination_time: 394952.086
local_termination_time: 1146.1346000000003
node_cons: 8122.876381119161
tot_aggregated_send: 0
tot_msg_rcv: 6092
tot_msg_sent: 5860
tot_reconf_duration: 6.279999999999999
tot_sleeping_duration: 388892.07992000063
tot_uptimes: 102
tot_uptimes_duration: 6060.006079999366
