comms_cons: 14.151859199671614
finished_reconf: true
global_termination_time: 129283.882
local_termination_time: 86166.15147999996
node_cons: 2657.7601211191486
tot_aggregated_send: 1624
tot_msg_rcv: 235
tot_msg_sent: 290
tot_reconf_duration: 4.8100000000000005
tot_sleeping_duration: 127303.87592000063
tot_uptimes: 34
tot_uptimes_duration: 1980.0060799993662
