comms_cons: 14.454291199722146
finished_reconf: true
global_termination_time: 130325.932
local_termination_time: 12508.757720000001
node_cons: 2659.674901119151
tot_aggregated_send: 1566
tot_msg_rcv: 281
tot_msg_sent: 348
tot_reconf_duration: 6.22
tot_sleeping_duration: 128345.92592000063
tot_uptimes: 34
tot_uptimes_duration: 1980.0060799993662
