comms_cons: 87.28624639794069
finished_reconf: true
global_termination_time: 872224.48
local_termination_time: 290757.42188000045
node_cons: 17936.684284481187
tot_aggregated_send: 11716
tot_msg_rcv: 556
tot_msg_sent: 995
tot_reconf_duration: 15.34
tot_sleeping_duration: 858844.4556799991
tot_uptimes: 224
tot_uptimes_duration: 13380.02432000084
