comms_cons: 86.6109695985861
finished_reconf: true
global_termination_time: 871925.037
local_termination_time: 624023.0730799987
node_cons: 17922.3519800001
tot_aggregated_send: 12180
tot_msg_rcv: 349
tot_msg_sent: 635
tot_reconf_duration: 4.8100000000000005
tot_sleeping_duration: 858545.037
tot_uptimes: 224
tot_uptimes_duration: 13380.0
