comms_cons: 82.78188800074518
finished_reconf: true
global_termination_time: 827325.458
local_termination_time: 205229.80212000044
node_cons: 16958.288262242884
tot_aggregated_send: 11484
tot_msg_rcv: 341
tot_msg_sent: 757
tot_reconf_duration: 4.8100000000000005
tot_sleeping_duration: 814665.4458399978
tot_uptimes: 212
tot_uptimes_duration: 12660.012160002138
