comms_cons: 62.58260479907666
finished_reconf: true
global_termination_time: 619689.979
local_termination_time: 344024.14936000004
node_cons: 12714.255662238262
tot_aggregated_send: 8526
tot_msg_rcv: 359
tot_msg_sent: 628
tot_reconf_duration: 15.110000000000001
tot_sleeping_duration: 610209.9668400013
tot_uptimes: 159
tot_uptimes_duration: 9480.012159998703
