comms_cons: 62.38460159961463
finished_reconf: true
global_termination_time: 620500.505
local_termination_time: 466616.2832800003
node_cons: 12702.166759999978
tot_aggregated_send: 8468
tot_msg_rcv: 322
tot_msg_sent: 693
tot_reconf_duration: 6.22
tot_sleeping_duration: 611020.505
tot_uptimes: 159
tot_uptimes_duration: 9480.0
