comms_cons: 63.03181440114078
finished_reconf: true
global_termination_time: 620321.347
local_termination_time: 221824.7169600006
node_cons: 12714.584284485736
tot_aggregated_send: 8410
tot_msg_rcv: 425
tot_msg_sent: 745
tot_reconf_duration: 15.34
tot_sleeping_duration: 610841.3226799957
tot_uptimes: 159
tot_uptimes_duration: 9480.024320004275
