comms_cons: 70.50270719955523
finished_reconf: true
global_termination_time: 715502.302
local_termination_time: 7463.16
node_cons: 14718.836481120303
tot_aggregated_send: 10137
tot_msg_rcv: 181
tot_msg_sent: 398
tot_reconf_duration: 12.23
tot_sleeping_duration: 704522.2959199998
tot_uptimes: 184
tot_uptimes_duration: 10980.00608000021
