comms_cons: 20.79027200033013
finished_reconf: true
global_termination_time: 206654.999
local_termination_time: 159477.77836000005
node_cons: 4185.252201121443
tot_aggregated_send: 2842
tot_msg_rcv: 148
tot_msg_sent: 170
tot_reconf_duration: 5.57
tot_sleeping_duration: 203534.99291999894
tot_uptimes: 53
tot_uptimes_duration: 3120.0060800010688
