comms_cons: 116.2347263974211
finished_reconf: true
global_termination_time: 1207825.605
local_termination_time: 4091.3690000000006
node_cons: 24839.386900000038
tot_aggregated_send: 17331
tot_msg_rcv: 100
tot_msg_sent: 236
tot_reconf_duration: 10.55
tot_sleeping_duration: 1189285.605
tot_uptimes: 310
tot_uptimes_duration: 18540.0
