comms_cons: 251.34986879445984
finished_reconf: true
global_termination_time: 2564346.721
local_termination_time: 1462168.2023599998
node_cons: 52710.413939999096
tot_aggregated_send: 37062
tot_msg_rcv: 332
tot_msg_sent: 809
tot_reconf_duration: 5.43
tot_sleeping_duration: 2524986.721
tot_uptimes: 657
tot_uptimes_duration: 39360.0
