comms_cons: 253.8913280009991
finished_reconf: true
global_termination_time: 2568877.392
local_termination_time: 1541050.9545199992
node_cons: 52804.21171999929
tot_aggregated_send: 36946
tot_msg_rcv: 567
tot_msg_sent: 1077
tot_reconf_duration: 15.34
tot_sleeping_duration: 2529457.392
tot_uptimes: 658
tot_uptimes_duration: 39420.0
