comms_cons: 36.87544320066014
finished_reconf: true
global_termination_time: 182557.91
local_termination_time: 2518.0353600000003
node_cons: 3726.3987000000025
tot_aggregated_send: 0
tot_msg_rcv: 2953
tot_msg_sent: 2651
tot_reconf_duration: 22.65
tot_sleeping_duration: 179797.91
tot_uptimes: 47
tot_uptimes_duration: 2760.0
