comms_cons: 18.15201279997242
finished_reconf: true
global_termination_time: 180698.0486400005
local_termination_time: 180682.7341600003
node_cons: 3745.6859329606364
tot_aggregated_send: 2494
tot_msg_rcv: 81
tot_msg_sent: 184
tot_reconf_duration: 7.819999999999999
tot_sleeping_duration: 177908.604
tot_uptimes: 47
tot_uptimes_duration: 2789.4446400004963
