comms_cons: 193.88244479292408
finished_reconf: true
global_termination_time: 1957179.311
local_termination_time: 675735.0293599999
node_cons: 40263.132359999785
tot_aggregated_send: 28246
tot_msg_rcv: 419
tot_msg_sent: 804
tot_reconf_duration: 9.42
tot_sleeping_duration: 1927119.311
tot_uptimes: 502
tot_uptimes_duration: 30060.0
