comms_cons: 62.90373120029172
finished_reconf: true
global_termination_time: 646710.673
local_termination_time: 315389.57708000013
node_cons: 13264.62823999999
tot_aggregated_send: 9338
tot_msg_rcv: 52
tot_msg_sent: 171
tot_reconf_duration: 6.279999999999999
tot_sleeping_duration: 636810.673
tot_uptimes: 166
tot_uptimes_duration: 9900.000000000007
