comms_cons: 64.07545600088655
finished_reconf: true
global_termination_time: 648552.421
local_termination_time: 209033.90536000003
node_cons: 13343.813940000011
tot_aggregated_send: 8874
tot_msg_rcv: 230
tot_msg_sent: 635
tot_reconf_duration: 5.43
tot_sleeping_duration: 638592.421
tot_uptimes: 167
tot_uptimes_duration: 9960.0
