comms_cons: 249.66597760679136
finished_reconf: true
global_termination_time: 2474433.252
local_termination_time: 174858.8616000001
node_cons: 50862.65092783548
tot_aggregated_send: 34278
tot_msg_rcv: 1229
tot_msg_sent: 2440
tot_reconf_duration: 5.43
tot_sleeping_duration: 2436453.2094400027
tot_uptimes: 634
tot_uptimes_duration: 37980.04255999718
