comms_cons: 282.9121792070053
finished_reconf: true
global_termination_time: 2807828.068
local_termination_time: 509060.6704400007
node_cons: 57854.058788934286
tot_aggregated_send: 39382
tot_msg_rcv: 1237
tot_msg_sent: 2382
tot_reconf_duration: 6.77
tot_sleeping_duration: 2764628.0193600184
tot_uptimes: 720
tot_uptimes_duration: 43200.04863998154
