comms_cons: 285.33990402582145
finished_reconf: true
global_termination_time: 2808193.39
local_termination_time: 1654439.4623599998
node_cons: 57853.29560670087
tot_aggregated_send: 38860
tot_msg_rcv: 1606
tot_msg_sent: 2904
tot_reconf_duration: 6.22
tot_sleeping_duration: 2764993.3535200134
tot_uptimes: 720
tot_uptimes_duration: 43200.036479986506
