comms_cons: 164.90058234121292
finished_reconf: true
global_termination_time: 1052132.968
local_termination_time: 270111.47060000006
node_cons: 21618.016403350524
tot_aggregated_send: 0
tot_msg_rcv: 12700
tot_msg_sent: 12364
tot_reconf_duration: 4.8100000000000005
tot_sleeping_duration: 1035992.9497600072
tot_uptimes: 270
tot_uptimes_duration: 16140.018239992904
