comms_cons: 186.9479679966903
finished_reconf: true
global_termination_time: 1884026.3419199993
local_termination_time: 1884026.3007999994
node_cons: 38792.53733823637
tot_aggregated_send: 27130
tot_msg_rcv: 451
tot_msg_sent: 833
tot_reconf_duration: 24.59
tot_sleeping_duration: 1855080.005760002
tot_uptimes: 483
tot_uptimes_duration: 28946.33615999743
