comms_cons: 184.75772159064002
finished_reconf: true
global_termination_time: 1886283.013
local_termination_time: 441820.04636000004
node_cons: 38814.85584223346
tot_aggregated_send: 26100
tot_msg_rcv: 669
tot_msg_sent: 1313
tot_reconf_duration: 7.819999999999999
tot_sleeping_duration: 1857303.0008400048
tot_uptimes: 484
tot_uptimes_duration: 28980.01215999527
