comms_cons: 184.89342719359414
finished_reconf: true
global_termination_time: 1884525.464
local_termination_time: 737665.84236
node_cons: 38732.334901116745
tot_aggregated_send: 26564
tot_msg_rcv: 536
tot_msg_sent: 1002
tot_reconf_duration: 6.22
tot_sleeping_duration: 1855605.4579200023
tot_uptimes: 483
tot_uptimes_duration: 28920.006079997635
