comms_cons: 589.3773188264477
finished_reconf: true
global_termination_time: 3741490.79
local_termination_time: 626002.473
node_cons: 76999.43435501511
tot_aggregated_send: 0
tot_msg_rcv: 45236
tot_msg_sent: 44349
tot_reconf_duration: 22.65
tot_sleeping_duration: 3684008.582640017
tot_uptimes: 959
tot_uptimes_duration: 57482.20735998277
