comms_cons: 373.6170944270943
finished_reconf: true
global_termination_time: 3743147.107
local_termination_time: 896423.7993599998
node_cons: 76973.34918893337
tot_aggregated_send: 50228
tot_msg_rcv: 2314
tot_msg_sent: 4245
tot_reconf_duration: 5.57
tot_sleeping_duration: 3685667.0583600183
tot_uptimes: 959
tot_uptimes_duration: 57480.04863998154
