comms_cons: 371.4501568077537
finished_reconf: true
global_termination_time: 3744462.369
local_termination_time: 1252577.40736
node_cons: 76986.63313116752
tot_aggregated_send: 50402
tot_msg_rcv: 2050
tot_msg_sent: 4006
tot_reconf_duration: 15.34
tot_sleeping_duration: 3686982.308200023
tot_uptimes: 959
tot_uptimes_duration: 57480.060799977044
