comms_cons: 296.45970561201085
finished_reconf: true
global_termination_time: 2901849.034
local_termination_time: 2069811.41536
node_cons: 59700.24918893553
tot_aggregated_send: 39150
tot_msg_rcv: 1959
tot_msg_sent: 3951
tot_reconf_duration: 5.57
tot_sleeping_duration: 2857268.9853600175
tot_uptimes: 744
tot_uptimes_duration: 44580.04863998247
