comms_cons: 288.15580160492004
finished_reconf: true
global_termination_time: 2900578.077
local_termination_time: 2098332.29736
node_cons: 59619.21394111616
tot_aggregated_send: 41412
tot_msg_rcv: 765
tot_msg_sent: 1621
tot_reconf_duration: 5.1
tot_sleeping_duration: 2856058.070920002
tot_uptimes: 743
tot_uptimes_duration: 44520.00607999787
