comms_cons: 289.51080320652403
finished_reconf: true
global_termination_time: 2900209.2816799986
local_termination_time: 2900209.2405599984
node_cons: 59730.70195863794
tot_aggregated_send: 41270
tot_msg_rcv: 949
tot_msg_sent: 1784
tot_reconf_duration: 37.410000000000004
tot_sleeping_duration: 2855638.781919999
tot_uptimes: 743
tot_uptimes_duration: 44570.49975999951
