comms_cons: 297.77946882971486
finished_reconf: true
global_termination_time: 2901620.44
local_termination_time: 2042625.5991999987
node_cons: 59701.13188893539
tot_aggregated_send: 38628
tot_msg_rcv: 2159
tot_msg_sent: 4473
tot_reconf_duration: 6.22
tot_sleeping_duration: 2857040.3913600175
tot_uptimes: 744
tot_uptimes_duration: 44580.04863998247
