comms_cons: 212.3165695838757
finished_reconf: true
global_termination_time: 2100023.199
local_termination_time: 1212091.0716
node_cons: 43176.945541116496
tot_aggregated_send: 29116
tot_msg_rcv: 1145
tot_msg_sent: 2009
tot_reconf_duration: 25.299999999999997
tot_sleeping_duration: 2067803.1929200024
tot_uptimes: 538
tot_uptimes_duration: 32220.006079997635
