comms_cons: 225.1474303897795
finished_reconf: true
global_termination_time: 2259101.833
local_termination_time: 1646602.11936
node_cons: 46461.24917999941
tot_aggregated_send: 32306
tot_msg_rcv: 713
tot_msg_sent: 1203
tot_reconf_duration: 18.21
tot_sleeping_duration: 2224421.833
tot_uptimes: 579
tot_uptimes_duration: 34680.0
