comms_cons: 228.54990718178425
finished_reconf: true
global_termination_time: 2260169.333
local_termination_time: 616589.2686799995
node_cons: 46440.70260558828
tot_aggregated_send: 31204
tot_msg_rcv: 1209
tot_msg_sent: 2325
tot_reconf_duration: 3.05
tot_sleeping_duration: 2225489.3026000084
tot_uptimes: 579
tot_uptimes_duration: 34680.03039999161
