comms_cons: 229.5244799862396
finished_reconf: true
global_termination_time: 2255223.9922799994
local_termination_time: 2255223.9511599992
node_cons: 46427.72357951526
tot_aggregated_send: 30958
tot_msg_rcv: 1403
tot_msg_sent: 2528
tot_reconf_duration: 24.59
tot_sleeping_duration: 2220575.5006000022
tot_uptimes: 578
tot_uptimes_duration: 34648.49167999709
