comms_cons: 231.01807998472785
finished_reconf: true
global_termination_time: 2255949.271
local_termination_time: 131973.03348000007
node_cons: 46372.566153672604
tot_aggregated_send: 30624
tot_msg_rcv: 1646
tot_msg_sent: 2842
tot_reconf_duration: 11.31
tot_sleeping_duration: 2221328.5038800053
tot_uptimes: 578
tot_uptimes_duration: 34620.76711999488
