comms_cons: 228.7133567871473
finished_reconf: true
global_termination_time: 2258406.323
local_termination_time: 171275.26236000005
node_cons: 46443.926504471376
tot_aggregated_send: 31262
tot_msg_rcv: 1237
tot_msg_sent: 2265
tot_reconf_duration: 5.43
tot_sleeping_duration: 2223726.2986800056
tot_uptimes: 579
tot_uptimes_duration: 34680.02431999397
