comms_cons: 84.92346239752317
finished_reconf: true
global_termination_time: 838809.654
local_termination_time: 517597.31452000036
node_cons: 17210.6692833551
tot_aggregated_send: 11310
tot_msg_rcv: 504
tot_msg_sent: 1093
tot_reconf_duration: 13.17
tot_sleeping_duration: 825969.6357600037
tot_uptimes: 215
tot_uptimes_duration: 12840.018239996338
