comms_cons: 84.58854399918438
finished_reconf: true
global_termination_time: 835350.02024
local_termination_time: 235188.61848000006
node_cons: 17143.851036088658
tot_aggregated_send: 11020
tot_msg_rcv: 554
tot_msg_sent: 1284
tot_reconf_duration: 8.09
tot_sleeping_duration: 822554.7515199935
tot_uptimes: 214
tot_uptimes_duration: 12795.268720006454
