comms_cons: 88.05006079576157
finished_reconf: true
global_termination_time: 835978.039
local_termination_time: 169200.5213200002
node_cons: 17201.271888962274
tot_aggregated_send: 10730
tot_msg_rcv: 967
tot_msg_sent: 1686
tot_reconf_duration: 6.22
tot_sleeping_duration: 823137.9903599983
tot_uptimes: 215
tot_uptimes_duration: 12840.048640001682
