comms_cons: 86.86580479676144
finished_reconf: true
global_termination_time: 836997.216
local_termination_time: 105073.43235999998
node_cons: 17208.216673448012
tot_aggregated_send: 10846
tot_msg_rcv: 783
tot_msg_sent: 1575
tot_reconf_duration: 11.31
tot_sleeping_duration: 824157.143039994
tot_uptimes: 215
tot_uptimes_duration: 12840.072960005957
