comms_cons: 302.06556802017366
finished_reconf: true
global_termination_time: 2995219.3054799996
local_termination_time: 2995219.2643599994
node_cons: 61690.01448989675
tot_aggregated_send: 41386
tot_msg_rcv: 1433
tot_msg_sent: 3094
tot_reconf_duration: 37.410000000000004
tot_sleeping_duration: 2949185.5402000155
tot_uptimes: 768
tot_uptimes_duration: 46033.76527998375
