comms_cons: 296.9971519916098
finished_reconf: true
global_termination_time: 2998635.301
local_termination_time: 2482581.93036
node_cons: 61624.997721785134
tot_aggregated_send: 41992
tot_msg_rcv: 991
tot_msg_sent: 2158
tot_reconf_duration: 3.08
tot_sleeping_duration: 2952615.27480001
tot_uptimes: 768
tot_uptimes_duration: 46020.02619998972
