comms_cons: 2.23034879999263
finished_reconf: true
global_termination_time: 13318.261
local_termination_time: 8697.360920000003
node_cons: 257.1801999999995
tot_aggregated_send: 0
tot_msg_rcv: 175
tot_msg_sent: 163
tot_reconf_duration: 11.899999999999999
tot_sleeping_duration: 13138.261
tot_uptimes: 4
tot_uptimes_duration: 180.0
