comms_cons: 2.2369279999951557
finished_reconf: true
global_termination_time: 11835.82
local_termination_time: 7007.929360000001
node_cons: 256.3789800000005
tot_aggregated_send: 0
tot_msg_rcv: 175
tot_msg_sent: 164
tot_reconf_duration: 11.31
tot_sleeping_duration: 11655.82
tot_uptimes: 4
tot_uptimes_duration: 180.0
