comms_cons: 58.4627712008868
finished_reconf: true
global_termination_time: 581516.221
local_termination_time: 134646.27236000006
node_cons: 11896.884544485736
tot_aggregated_send: 7772
tot_msg_rcv: 326
tot_msg_sent: 788
tot_reconf_duration: 4.8100000000000005
tot_sleeping_duration: 572636.1966799957
tot_uptimes: 149
tot_uptimes_duration: 8880.024320004275
