comms_cons: 128.61020159726593
finished_reconf: true
global_termination_time: 1303116.55
local_termination_time: 832373.1005599984
node_cons: 26777.94917999999
tot_aggregated_send: 18850
tot_msg_rcv: 249
tot_msg_sent: 449
tot_reconf_duration: 18.21
tot_sleeping_duration: 1283136.55
tot_uptimes: 334
tot_uptimes_duration: 19980.0
