comms_cons: 127.59700479452593
finished_reconf: true
global_termination_time: 1299741.53
local_termination_time: 797622.412
node_cons: 26703.683690391765
tot_aggregated_send: 18210
tot_msg_rcv: 444
tot_msg_sent: 740
tot_reconf_duration: 22.65
tot_sleeping_duration: 1279821.496400006
tot_uptimes: 333
tot_uptimes_duration: 19920.033599993796
