comms_cons: 40.35681280056194
finished_reconf: true
global_termination_time: 405092.745
local_termination_time: 206223.98536000005
node_cons: 8299.749179999999
tot_aggregated_send: 5742
tot_msg_rcv: 183
tot_msg_sent: 209
tot_reconf_duration: 18.21
tot_sleeping_duration: 398912.745
tot_uptimes: 104
tot_uptimes_duration: 6180.0
