comms_cons: 39.92258560030104
finished_reconf: true
global_termination_time: 404896.101
local_termination_time: 159218.57336000004
node_cons: 8290.378980000005
tot_aggregated_send: 5858
tot_msg_rcv: 103
tot_msg_sent: 107
tot_reconf_duration: 11.31
tot_sleeping_duration: 398716.101
tot_uptimes: 104
tot_uptimes_duration: 6180.0
