comms_cons: 350.00355199381414
finished_reconf: true
global_termination_time: 3535716.325
local_termination_time: 2762772.6673199995
node_cons: 72728.55614334893
tot_aggregated_send: 49474
tot_msg_rcv: 1326
tot_msg_sent: 2397
tot_reconf_duration: 15.34
tot_sleeping_duration: 3481416.306760007
tot_uptimes: 906
tot_uptimes_duration: 54300.01823999314
