comms_cons: 545.926157031171
finished_reconf: true
global_termination_time: 3533594.198
local_termination_time: 2429503.0083600003
node_cons: 72635.90452223265
tot_aggregated_send: 0
tot_msg_rcv: 41793
tot_msg_sent: 41184
tot_reconf_duration: 6.279999999999999
tot_sleeping_duration: 3479354.185840004
tot_uptimes: 905
tot_uptimes_duration: 54240.0121599955
