comms_cons: 353.49634562452235
finished_reconf: true
global_termination_time: 3533544.001
local_termination_time: 382.71207999999973
node_cons: 72658.17568782107
tot_aggregated_send: 49010
tot_msg_rcv: 1672
tot_msg_sent: 3050
tot_reconf_duration: 22.65
tot_sleeping_duration: 3479303.958440013
tot_uptimes: 905
tot_uptimes_duration: 54240.04255998711
