comms_cons: 353.2586560390249
finished_reconf: true
global_termination_time: 3532769.709
local_termination_time: 687994.8013599999
node_cons: 72633.94896782178
tot_aggregated_send: 49068
tot_msg_rcv: 1657
tot_msg_sent: 2968
tot_reconf_duration: 4.8100000000000005
tot_sleeping_duration: 3478529.6664400124
tot_uptimes: 905
tot_uptimes_duration: 54240.042559987574
