comms_cons: 350.3561856167599
finished_reconf: true
global_termination_time: 3532990.41
local_termination_time: 2311106.551399998
node_cons: 72635.83118334878
tot_aggregated_send: 49300
tot_msg_rcv: 1351
tot_msg_sent: 2602
tot_reconf_duration: 6.22
tot_sleeping_duration: 3478750.391760007
tot_uptimes: 905
tot_uptimes_duration: 54240.01823999314
