comms_cons: 29.731404800311353
finished_reconf: true
global_termination_time: 297573.768
local_termination_time: 342.8939199999987
node_cons: 6109.990041121437
tot_aggregated_send: 4060
tot_msg_rcv: 111
tot_msg_sent: 348
tot_reconf_duration: 3.05
tot_sleeping_duration: 293013.7619199989
tot_uptimes: 77
tot_uptimes_duration: 4560.006080001069
