comms_cons: 57.11619840483019
finished_reconf: true
global_termination_time: 273466.3157200001
local_termination_time: 273466.27460000006
node_cons: 5675.751331527908
tot_aggregated_send: 0
tot_msg_rcv: 4592
tot_msg_sent: 4092
tot_reconf_duration: 24.59
tot_sleeping_duration: 269252.4560399942
tot_uptimes: 71
tot_uptimes_duration: 4213.859680005893
