comms_cons: 27.718796800358433
finished_reconf: true
global_termination_time: 274645.782
local_termination_time: 148520.57300000047
node_cons: 5631.388483364308
tot_aggregated_send: 3770
tot_msg_rcv: 155
tot_msg_sent: 288
tot_reconf_duration: 5.57
tot_sleeping_duration: 270445.7637599968
tot_uptimes: 71
tot_uptimes_duration: 4200.018240003206
