comms_cons: 27.645798400043823
finished_reconf: true
global_termination_time: 275382.548
local_termination_time: 76891.894
node_cons: 5630.839193200633
tot_aggregated_send: 3767
tot_msg_rcv: 143
tot_msg_sent: 292
tot_reconf_duration: 4.8100000000000005
tot_sleeping_duration: 271182.16919999954
tot_uptimes: 71
tot_uptimes_duration: 4200.3788000004715
