comms_cons: 28.665574400109996
finished_reconf: true
global_termination_time: 273570.488
local_termination_time: 126975.11159999995
node_cons: 5629.777902242866
tot_aggregated_send: 3538
tot_msg_rcv: 294
tot_msg_sent: 525
tot_reconf_duration: 4.390000000000001
tot_sleeping_duration: 269370.4758399979
tot_uptimes: 71
tot_uptimes_duration: 4200.0121600021375
