comms_cons: 223.63358717913817
finished_reconf: true
global_termination_time: 2237583.106
local_termination_time: 336153.814480001
node_cons: 46043.50471707109
tot_aggregated_send: 30044
tot_msg_rcv: 1327
tot_msg_sent: 2620
tot_reconf_duration: 4.8100000000000005
tot_sleeping_duration: 2203201.4982800065
tot_uptimes: 574
tot_uptimes_duration: 34381.60771999374
