comms_cons: 18.999756800061025
finished_reconf: true
global_termination_time: 192727.26268000083
local_termination_time: 12511.434720000001
node_cons: 4014.311197521108
tot_aggregated_send: 2784
tot_msg_rcv: 11
tot_msg_sent: 92
tot_reconf_duration: 4.8100000000000005
tot_sleeping_duration: 189734.149
tot_uptimes: 50
tot_uptimes_duration: 2993.1136800008244
