comms_cons: 19.099417599918446
finished_reconf: true
global_termination_time: 193802.073
local_termination_time: 43907.91860000002
node_cons: 3947.279560000002
tot_aggregated_send: 2726
tot_msg_rcv: 68
tot_msg_sent: 109
tot_reconf_duration: 7.819999999999999
tot_sleeping_duration: 190862.073
tot_uptimes: 50
tot_uptimes_duration: 2940.0
