comms_cons: 156.48689919297595
finished_reconf: true
global_termination_time: 1586461.365
local_termination_time: 467303.043
node_cons: 32626.511183359708
tot_aggregated_send: 22265
tot_msg_rcv: 419
tot_msg_sent: 1101
tot_reconf_duration: 6.22
tot_sleeping_duration: 1562101.3467600003
tot_uptimes: 407
tot_uptimes_duration: 24360.018239999772
