comms_cons: 82.78857599951995
finished_reconf: true
global_termination_time: 813378.055
local_termination_time: 505174.0884400002
node_cons: 16719.256381121413
tot_aggregated_send: 11136
tot_msg_rcv: 523
tot_msg_sent: 924
tot_reconf_duration: 6.279999999999999
tot_sleeping_duration: 800898.0489199989
tot_uptimes: 209
tot_uptimes_duration: 12480.006080001069
