comms_cons: 83.55534719568618
finished_reconf: true
global_termination_time: 813409.971
local_termination_time: 549309.4339999999
node_cons: 16723.10766223367
tot_aggregated_send: 10663
tot_msg_rcv: 753
tot_msg_sent: 1283
tot_reconf_duration: 9.11
tot_sleeping_duration: 800929.9588400048
tot_uptimes: 209
tot_uptimes_duration: 12480.012159995269
