comms_cons: 718.9898621502679
finished_reconf: true
global_termination_time: 1065173.349
local_termination_time: 212248.02056000024
node_cons: 106340.14747981215
tot_aggregated_send: 0
tot_msg_rcv: 49410
tot_msg_sent: 59872
tot_reconf_duration: 15.34
tot_sleeping_duration: 985771.3207999888
tot_uptimes: 1281
tot_uptimes_duration: 79402.02820001118
