comms_cons: 107.21652479305672
finished_reconf: true
global_termination_time: 1065287.948
local_termination_time: 116473.40459999966
node_cons: 21856.66260560489
tot_aggregated_send: 13340
tot_msg_rcv: 977
tot_msg_sent: 1981
tot_reconf_duration: 3.05
tot_sleeping_duration: 1048967.9175999966
tot_uptimes: 273
tot_uptimes_duration: 16320.030400003641
