comms_cons: 105.68634879724294
finished_reconf: true
global_termination_time: 1067757.065
local_termination_time: 221674.60236000005
node_cons: 21941.283042238298
tot_aggregated_send: 14268
tot_msg_rcv: 622
tot_msg_sent: 1173
tot_reconf_duration: 6.22
tot_sleeping_duration: 1051377.0528400014
tot_uptimes: 274
tot_uptimes_duration: 16380.012159998703
