comms_cons: 170.40024314164936
finished_reconf: true
global_termination_time: 1065173.349
local_termination_time: 212237.14168000023
node_cons: 21859.89464560258
tot_aggregated_send: 0
tot_msg_rcv: 13533
tot_msg_sent: 12368
tot_reconf_duration: 5.43
tot_sleeping_duration: 1048853.318599998
tot_uptimes: 273
tot_uptimes_duration: 16320.030400001911
