comms_cons: 33.04537599991069
finished_reconf: true
global_termination_time: 164640.888
local_termination_time: 306.4470399999995
node_cons: 3380.249761119153
tot_aggregated_send: 0
tot_msg_rcv: 2582
tot_msg_sent: 2439
tot_reconf_duration: 4.390000000000001
tot_sleeping_duration: 162120.88192000063
tot_uptimes: 43
tot_uptimes_duration: 2520.006079999366
