comms_cons: 32.67486080013979
finished_reconf: true
global_termination_time: 164627.52156000034
local_termination_time: 2144.8213600000004
node_cons: 3410.2426458404443
tot_aggregated_send: 0
tot_msg_rcv: 2515
tot_msg_sent: 2449
tot_reconf_duration: 3.05
tot_sleeping_duration: 162083.757
tot_uptimes: 43
tot_uptimes_duration: 2543.7645600003307
