comms_cons: 61.804031999839275
finished_reconf: true
global_termination_time: 614990.0370399993
local_termination_time: 614989.9959199993
node_cons: 12700.862489042567
tot_aggregated_send: 8500
tot_msg_rcv: 288
tot_msg_sent: 604
tot_reconf_duration: 37.410000000000004
tot_sleeping_duration: 605542.6436799974
tot_uptimes: 158
tot_uptimes_duration: 9447.393360001894
