comms_cons: 61.27866879998744
finished_reconf: true
global_termination_time: 615518.694
local_termination_time: 367214.45716000034
node_cons: 12631.264859999994
tot_aggregated_send: 8816
tot_msg_rcv: 220
tot_msg_sent: 278
tot_reconf_duration: 13.17
tot_sleeping_duration: 606098.694
tot_uptimes: 158
tot_uptimes_duration: 9420.0
