comms_cons: 324.3648703895108
finished_reconf: true
global_termination_time: 3322252.403
local_termination_time: 503197.57268000074
node_cons: 68299.64398335361
tot_aggregated_send: 46574
tot_msg_rcv: 915
tot_msg_sent: 1812
tot_reconf_duration: 7.819999999999999
tot_sleeping_duration: 3271252.3847600035
tot_uptimes: 851
tot_uptimes_duration: 51000.01823999634
