comms_cons: 603.9148732200649
finished_reconf: true
global_termination_time: 1681819.732
local_termination_time: 223130.78448000006
node_cons: 101272.07351264679
tot_aggregated_send: 0
tot_msg_rcv: 37362
tot_msg_sent: 54430
tot_reconf_duration: 18.21
tot_sleeping_duration: 1606205.5838800229
tot_uptimes: 1241
tot_uptimes_duration: 75614.14811997727
