comms_cons: 166.14516479356848
finished_reconf: true
global_termination_time: 1685546.451
local_termination_time: 223116.96436000004
node_cons: 34633.91393999996
tot_aggregated_send: 23606
tot_msg_rcv: 606
tot_msg_sent: 1041
tot_reconf_duration: 5.43
tot_sleeping_duration: 1659686.451
tot_uptimes: 432
tot_uptimes_duration: 25860.0
