comms_cons: 63.2957504051471
finished_reconf: true
global_termination_time: 495945.557
local_termination_time: 46981.05588000009
node_cons: 10228.137131390953
tot_aggregated_send: 3248
tot_msg_rcv: 2637
tot_msg_sent: 3737
tot_reconf_duration: 18.21
tot_sleeping_duration: 488325.38675997686
tot_uptimes: 128
tot_uptimes_duration: 7620.170240023115
