comms_cons: 49.133465600090844
finished_reconf: true
global_termination_time: 497190.932
local_termination_time: 186803.0664800001
node_cons: 10237.537400000037
tot_aggregated_send: 6786
tot_msg_rcv: 237
tot_msg_sent: 445
tot_reconf_duration: 25.299999999999997
tot_sleeping_duration: 489570.932
tot_uptimes: 128
tot_uptimes_duration: 7620.0
