comms_cons: 50.82432000101312
finished_reconf: true
global_termination_time: 496958.936
local_termination_time: 275930.13336000004
node_cons: 10215.551379999995
tot_aggregated_send: 6786
tot_msg_rcv: 363
tot_msg_sent: 576
tot_reconf_duration: 9.11
tot_sleeping_duration: 489338.936
tot_uptimes: 128
tot_uptimes_duration: 7620.0
