comms_cons: 51.04206080146448
finished_reconf: true
global_termination_time: 498323.463
local_termination_time: 300061.2076400004
node_cons: 10223.731944485718
tot_aggregated_send: 6554
tot_msg_rcv: 458
tot_msg_sent: 746
tot_reconf_duration: 15.110000000000001
tot_sleeping_duration: 490703.4386799957
tot_uptimes: 128
tot_uptimes_duration: 7620.024320004275
