comms_cons: 250.80725118067022
finished_reconf: true
global_termination_time: 2468696.718
local_termination_time: 298061.492
node_cons: 50818.44028979957
tot_aggregated_send: 32942
tot_msg_rcv: 1680
tot_msg_sent: 3500
tot_reconf_duration: 22.65
tot_sleeping_duration: 2430767.1574400296
tot_uptimes: 633
tot_uptimes_duration: 37929.56055997033
