comms_cons: 242.34545918986052
finished_reconf: true
global_termination_time: 2471510.416
local_termination_time: 1673104.646
node_cons: 50810.672272396405
tot_aggregated_send: 35185
tot_msg_rcv: 490
tot_msg_sent: 1161
tot_reconf_duration: 25.299999999999997
tot_sleeping_duration: 2433589.344400002
tot_uptimes: 633
tot_uptimes_duration: 37921.07159999781
