comms_cons: 248.25999358913992
finished_reconf: true
global_termination_time: 2468345.277
local_termination_time: 1445582.81136
node_cons: 50781.44454447128
tot_aggregated_send: 33872
tot_msg_rcv: 1375
tot_msg_sent: 2486
tot_reconf_duration: 4.8100000000000005
tot_sleeping_duration: 2430425.2526800055
tot_uptimes: 633
tot_uptimes_duration: 37920.02431999397
