comms_cons: 249.47731198658573
finished_reconf: true
global_termination_time: 2467189.303
local_termination_time: 279607.0115600002
node_cons: 50700.57489005562
tot_aggregated_send: 33292
tot_msg_rcv: 1539
tot_msg_sent: 3089
tot_reconf_duration: 4.390000000000001
tot_sleeping_duration: 2429329.2482800176
tot_uptimes: 632
tot_uptimes_duration: 37860.05471998238
