comms_cons: 610.4412357348059
finished_reconf: true
global_termination_time: 3109615.401
local_termination_time: 2256346.6918400005
node_cons: 63959.18452223304
tot_aggregated_send: 0
tot_msg_rcv: 46670
tot_msg_sent: 46113
tot_reconf_duration: 6.279999999999999
tot_sleeping_duration: 3061855.388840005
tot_uptimes: 797
tot_uptimes_duration: 47760.0121599955
