comms_cons: 315.16341760489513
finished_reconf: true
global_termination_time: 3110847.214
local_termination_time: 1866627.9194799997
node_cons: 63958.05464558341
tot_aggregated_send: 43036
tot_msg_rcv: 1732
tot_msg_sent: 3135
tot_reconf_duration: 5.43
tot_sleeping_duration: 3063087.1836000113
tot_uptimes: 797
tot_uptimes_duration: 47760.03039998864
