comms_cons: 204.7512831928984
finished_reconf: true
global_termination_time: 2069078.676
local_termination_time: 1446864.20836
node_cons: 42507.424059999714
tot_aggregated_send: 29812
tot_msg_rcv: 444
tot_msg_sent: 865
tot_reconf_duration: 5.57
tot_sleeping_duration: 2037338.676
tot_uptimes: 530
tot_uptimes_duration: 31740.0
