comms_cons: 205.59342078928958
finished_reconf: true
global_termination_time: 2069275.5
local_termination_time: 1088142.623759999
node_cons: 42506.78579999944
tot_aggregated_send: 29638
tot_msg_rcv: 571
tot_msg_sent: 1040
tot_reconf_duration: 5.1
tot_sleeping_duration: 2037535.5
tot_uptimes: 530
tot_uptimes_duration: 31740.0
