comms_cons: 75.49694720077348
finished_reconf: true
global_termination_time: 762077.3024799998
local_termination_time: 762077.2613599999
node_cons: 15718.059800962685
tot_aggregated_send: 10832
tot_msg_rcv: 171
tot_msg_sent: 472
tot_reconf_duration: 24.59
tot_sleeping_duration: 750363.5858399979
tot_uptimes: 196
tot_uptimes_duration: 11713.716640001978
