comms_cons: 160.9729407822829
finished_reconf: true
global_termination_time: 1576453.312
local_termination_time: 219120.94744000066
node_cons: 32383.657814532664
tot_aggregated_send: 21344
tot_msg_rcv: 1076
tot_msg_sent: 2047
tot_reconf_duration: 4.8100000000000005
tot_sleeping_duration: 1552273.2329600204
tot_uptimes: 404
tot_uptimes_duration: 24180.07903997955
