comms_cons: 519.311846497876
finished_reconf: true
global_termination_time: 5178162.381119997
local_termination_time: 168295.4156000001
node_cons: 106582.03730308075
tot_aggregated_send: 72616
tot_msg_rcv: 2075
tot_msg_sent: 4240
tot_reconf_duration: 22.65
tot_sleeping_duration: 5098587.117040024
tot_uptimes: 1327
tot_uptimes_duration: 79575.26407997304
