comms_cons: 513.1838336535425
finished_reconf: true
global_termination_time: 5180759.148
local_termination_time: 2494612.520519999
node_cons: 106539.3437478162
tot_aggregated_send: 72848
tot_msg_rcv: 1684
tot_msg_sent: 3468
tot_reconf_duration: 6.22
tot_sleeping_duration: 5101199.105440015
tot_uptimes: 1327
tot_uptimes_duration: 79560.04255998484
