comms_cons: 643.5909952977278
finished_reconf: true
global_termination_time: 6565271.246
local_termination_time: 3024221.1293599997
node_cons: 135062.56692558114
tot_aggregated_send: 91466
tot_msg_rcv: 1943
tot_msg_sent: 4413
tot_reconf_duration: 8.09
tot_sleeping_duration: 6464411.215600011
tot_uptimes: 1682
tot_uptimes_duration: 100860.03039998934
