comms_cons: 644.1921281066022
finished_reconf: true
global_termination_time: 6564807.282
local_termination_time: 3513000.2333600004
node_cons: 135064.35678334758
tot_aggregated_send: 91234
tot_msg_rcv: 2316
tot_msg_sent: 4362
tot_reconf_duration: 9.42
tot_sleeping_duration: 6463947.263760006
tot_uptimes: 1682
tot_uptimes_duration: 100860.0182399936
