comms_cons: 662.1145217434499
finished_reconf: true
global_termination_time: 6565368.066
local_termination_time: 1407836.3381599982
node_cons: 135055.75517004874
tot_aggregated_send: 90654
tot_msg_rcv: 3498
tot_msg_sent: 6484
tot_reconf_duration: 3.05
tot_sleeping_duration: 6464508.01128002
tot_uptimes: 1682
tot_uptimes_duration: 100860.05471998011
