comms_cons: 1627.1210514601316
finished_reconf: true
global_termination_time: 3361150.1474399986
local_termination_time: 3361150.1063199984
node_cons: 204418.8212699307
tot_aggregated_send: 0
tot_msg_rcv: 99850
tot_msg_sent: 147461
tot_reconf_duration: 37.410000000000004
tot_sleeping_duration: 3208522.799800015
tot_uptimes: 2500
tot_uptimes_duration: 152627.34763998358
