comms_cons: 333.47628802798965
finished_reconf: true
global_termination_time: 3363389.459
local_termination_time: 1118244.28536
node_cons: 69185.15208558341
tot_aggregated_send: 47154
tot_msg_rcv: 1210
tot_msg_sent: 2322
tot_reconf_duration: 9.11
tot_sleeping_duration: 3311729.428600011
tot_uptimes: 862
tot_uptimes_duration: 51660.03039998864
