comms_cons: 342.4515904398571
finished_reconf: true
global_termination_time: 3365149.132
local_termination_time: 92767.1633599997
node_cons: 69179.3696734152
tot_aggregated_send: 46226
tot_msg_rcv: 2098
tot_msg_sent: 3726
tot_reconf_duration: 4.8100000000000005
tot_sleeping_duration: 3313489.0590400174
tot_uptimes: 862
tot_uptimes_duration: 51660.072959982615
