comms_cons: 239.4697215736852
finished_reconf: true
global_termination_time: 2325285.512
local_termination_time: 44702.795080000025
node_cons: 47833.17267564882
tot_aggregated_send: 31088
tot_msg_rcv: 1889
tot_msg_sent: 3421
tot_reconf_duration: 22.65
tot_sleeping_duration: 2289585.426880023
tot_uptimes: 596
tot_uptimes_duration: 35700.08511997717
