comms_cons: 108.37916159464403
finished_reconf: true
global_termination_time: 1087326.112
local_termination_time: 410530.7357200001
node_cons: 22355.351720000068
tot_aggregated_send: 15486
tot_msg_rcv: 363
tot_msg_sent: 624
tot_reconf_duration: 15.34
tot_sleeping_duration: 1070646.112
tot_uptimes: 279
tot_uptimes_duration: 16680.0
