comms_cons: 57.30545920075137
finished_reconf: true
global_termination_time: 568910.232
local_termination_time: 109568.23959999994
node_cons: 11653.490781121449
tot_aggregated_send: 7772
tot_msg_rcv: 300
tot_msg_sent: 639
tot_reconf_duration: 3.08
tot_sleeping_duration: 560210.2259199988
tot_uptimes: 146
tot_uptimes_duration: 8700.006080001069
