comms_cons: 55.988992000525606
finished_reconf: true
global_termination_time: 565128.918
local_termination_time: 169488.97752000083
node_cons: 11579.587701121416
tot_aggregated_send: 7946
tot_msg_rcv: 214
tot_msg_sent: 350
tot_reconf_duration: 7.819999999999999
tot_sleeping_duration: 556488.9119199989
tot_uptimes: 145
tot_uptimes_duration: 8640.006080001069
