comms_cons: 59.33843199946823
finished_reconf: true
global_termination_time: 566637.75
local_termination_time: 186792.64036000005
node_cons: 11670.156143364302
tot_aggregated_send: 7308
tot_msg_rcv: 617
tot_msg_sent: 1095
tot_reconf_duration: 15.34
tot_sleeping_duration: 557937.7317599969
tot_uptimes: 146
tot_uptimes_duration: 8700.018240003206
