comms_cons: 44.79182080075829
finished_reconf: true
global_termination_time: 437735.662
local_termination_time: 156460.32736000005
node_cons: 9013.45526224287
tot_aggregated_send: 5974
tot_msg_rcv: 319
tot_msg_sent: 516
tot_reconf_duration: 11.31
tot_sleeping_duration: 431015.6498399979
tot_uptimes: 113
tot_uptimes_duration: 6720.0121600021375
