comms_cons: 110.97794559893852
finished_reconf: true
global_termination_time: 1131884.245
local_termination_time: 955856.4017199988
node_cons: 23252.617400000097
tot_aggregated_send: 16530
tot_msg_rcv: 128
tot_msg_sent: 208
tot_reconf_duration: 25.299999999999997
tot_sleeping_duration: 1114544.245
tot_uptimes: 290
tot_uptimes_duration: 17340.0
