comms_cons: 116.92554239251896
finished_reconf: true
global_termination_time: 1128736.43
local_termination_time: 240731.80996000062
node_cons: 23304.618607836273
tot_aggregated_send: 15080
tot_msg_rcv: 945
tot_msg_sent: 1747
tot_reconf_duration: 4.390000000000001
tot_sleeping_duration: 1111336.3874400028
tot_uptimes: 290
tot_uptimes_duration: 17400.04255999718
