comms_cons: 116.03139839425691
finished_reconf: true
global_termination_time: 1131763.343
local_termination_time: 375080.80436000007
node_cons: 23228.928406710245
tot_aggregated_send: 15138
tot_msg_rcv: 870
tot_msg_sent: 1629
tot_reconf_duration: 7.819999999999999
tot_sleeping_duration: 1114423.3065200073
tot_uptimes: 290
tot_uptimes_duration: 17340.036479992683
