comms_cons: 222.66841587348634
finished_reconf: true
global_termination_time: 1130877.568
local_termination_time: 158257.18048000007
node_cons: 23226.7230422429
tot_aggregated_send: 0
tot_msg_rcv: 17083
tot_msg_sent: 16762
tot_reconf_duration: 6.22
tot_sleeping_duration: 1113537.555839998
tot_uptimes: 290
tot_uptimes_duration: 17340.012160002138
