comms_cons: 102.99863039256478
finished_reconf: true
global_termination_time: 1004106.521
local_termination_time: 420413.1865200004
node_cons: 20653.960826701023
tot_aggregated_send: 13572
tot_msg_rcv: 742
tot_msg_sent: 1342
tot_reconf_duration: 4.8100000000000005
tot_sleeping_duration: 988686.4845200141
tot_uptimes: 258
tot_uptimes_duration: 15420.036479985807
