comms_cons: 102.20315519311298
finished_reconf: true
global_termination_time: 1005280.833
local_termination_time: 518821.14436000003
node_cons: 20655.851183350485
tot_aggregated_send: 13804
tot_msg_rcv: 628
tot_msg_sent: 1102
tot_reconf_duration: 6.22
tot_sleeping_duration: 989860.8147600071
tot_uptimes: 258
tot_uptimes_duration: 15420.018239992904
