comms_cons: 214.89217917755175
finished_reconf: true
global_termination_time: 2095026.581
local_termination_time: 463441.66536000004
node_cons: 43068.861532284755
tot_aggregated_send: 27666
tot_msg_rcv: 1847
tot_msg_sent: 3150
tot_reconf_duration: 4.8100000000000005
tot_sleeping_duration: 2062866.514120026
tot_uptimes: 537
tot_uptimes_duration: 32160.06687997398
