comms_cons: 207.1059903927411
finished_reconf: true
global_termination_time: 2095575.916
local_termination_time: 1342331.09136
node_cons: 43087.63459999985
tot_aggregated_send: 30218
tot_msg_rcv: 407
tot_msg_sent: 853
tot_reconf_duration: 18.700000000000003
tot_sleeping_duration: 2063415.916
tot_uptimes: 537
tot_uptimes_duration: 32160.0
