comms_cons: 12.711014399931994
finished_reconf: true
global_termination_time: 130891.17347999991
local_termination_time: 101074.20715999954
node_cons: 2698.3140149592723
tot_aggregated_send: 1856
tot_msg_rcv: 28
tot_msg_sent: 47
tot_reconf_duration: 18.21
tot_sleeping_duration: 128894.47084000046
tot_uptimes: 34
tot_uptimes_duration: 1996.7026399994502
