comms_cons: 38.28561919807212
finished_reconf: true
global_termination_time: 130891.52027999974
local_termination_time: 1768.6910400000015
node_cons: 5401.759752919656
tot_aggregated_send: 0
tot_msg_rcv: 1937
tot_msg_sent: 3881
tot_reconf_duration: 4.390000000000001
tot_sleeping_duration: 126861.798
tot_uptimes: 67
tot_uptimes_duration: 4029.72227999974
