comms_cons: 12.87549440000148
finished_reconf: true
global_termination_time: 132387.631
local_termination_time: 1771.6770400000014
node_cons: 2661.8395600000013
tot_aggregated_send: 1856
tot_msg_rcv: 48
tot_msg_sent: 52
tot_reconf_duration: 7.819999999999999
tot_sleeping_duration: 130407.631
tot_uptimes: 34
tot_uptimes_duration: 1980.0
