comms_cons: 165.5918847983132
finished_reconf: true
global_termination_time: 1709297.284
local_termination_time: 4633.17
node_cons: 35125.18833999995
tot_aggregated_send: 24637
tot_msg_rcv: 134
tot_msg_sent: 398
tot_reconf_duration: 12.23
tot_sleeping_duration: 1683077.284
tot_uptimes: 438
tot_uptimes_duration: 26220.0
