comms_cons: 166.15111679868613
finished_reconf: true
global_termination_time: 1708878.758
local_termination_time: 5253.661999999999
node_cons: 35118.19463999995
tot_aggregated_send: 24526
tot_msg_rcv: 208
tot_msg_sent: 520
tot_reconf_duration: 7.08
tot_sleeping_duration: 1682658.758
tot_uptimes: 438
tot_uptimes_duration: 26220.0
