comms_cons: 176.68441599815117
finished_reconf: true
global_termination_time: 1853333.488
local_termination_time: 674370.9773599999
node_cons: 38087.12162
tot_aggregated_send: 25462
tot_msg_rcv: 449
tot_msg_sent: 944
tot_reconf_duration: 4.390000000000001
tot_sleeping_duration: 1824893.488
tot_uptimes: 475
tot_uptimes_duration: 28440.000000000116
