comms_cons: 183.09255679413195
finished_reconf: true
global_termination_time: 1847913.84848
local_termination_time: 1847913.80736
node_cons: 38052.57165984105
tot_aggregated_send: 26608
tot_msg_rcv: 401
tot_msg_sent: 819
tot_reconf_duration: 24.59
tot_sleeping_duration: 1819520.137919999
tot_uptimes: 474
tot_uptimes_duration: 28393.71056000091
