comms_cons: 13.612364799948425
finished_reconf: true
global_termination_time: 135783.464
local_termination_time: 20145.10748
node_cons: 2756.2891799999993
tot_aggregated_send: 1798
tot_msg_rcv: 114
tot_msg_sent: 157
tot_reconf_duration: 18.21
tot_sleeping_duration: 133743.464
tot_uptimes: 35
tot_uptimes_duration: 2040.0
