comms_cons: 2.223769599992652
finished_reconf: true
global_termination_time: 12601.46
local_termination_time: 6690.5473600000005
node_cons: 258.9048600000001
tot_aggregated_send: 0
tot_msg_rcv: 175
tot_msg_sent: 162
tot_reconf_duration: 13.17
tot_sleeping_duration: 12421.46
tot_uptimes: 4
tot_uptimes_duration: 180.0
