comms_cons: 101.99796479851233
finished_reconf: true
global_termination_time: 1029263.63
local_termination_time: 572347.78036
node_cons: 21135.96012111694
tot_aggregated_send: 14268
tot_msg_rcv: 363
tot_msg_sent: 873
tot_reconf_duration: 4.8100000000000005
tot_sleeping_duration: 1013483.6239200024
tot_uptimes: 264
tot_uptimes_duration: 15780.006079997635
