comms_cons: 63.484582401160864
finished_reconf: true
global_termination_time: 621707.2685999998
local_termination_time: 4492.2789999999995
node_cons: 12806.148219931336
tot_aggregated_send: 8233
tot_msg_rcv: 412
tot_msg_sent: 1004
tot_reconf_duration: 5.57
tot_sleeping_duration: 612148.9533199914
tot_uptimes: 160
tot_uptimes_duration: 9558.315280008454
