comms_cons: 63.83897599901641
finished_reconf: true
global_termination_time: 623065.373
local_termination_time: 220877.73104000077
node_cons: 12785.062502242872
tot_aggregated_send: 8294
tot_msg_rcv: 481
tot_msg_sent: 929
tot_reconf_duration: 8.09
tot_sleeping_duration: 613525.3608399979
tot_uptimes: 160
tot_uptimes_duration: 9540.012160002138
