comms_cons: 64.12746239941865
finished_reconf: true
global_termination_time: 622200.708
local_termination_time: 244940.73936000007
node_cons: 12794.58752112148
tot_aggregated_send: 8352
tot_msg_rcv: 535
tot_msg_sent: 860
tot_reconf_duration: 15.110000000000001
tot_sleeping_duration: 612660.701919999
tot_uptimes: 160
tot_uptimes_duration: 9540.006080001076
