comms_cons: 63.22513919843822
finished_reconf: true
global_termination_time: 624434.163
local_termination_time: 408669.74236000003
node_cons: 12780.608262242877
tot_aggregated_send: 8584
tot_msg_rcv: 388
tot_msg_sent: 638
tot_reconf_duration: 4.8100000000000005
tot_sleeping_duration: 614894.1508399978
tot_uptimes: 160
tot_uptimes_duration: 9540.012160002138
