comms_cons: 63.2569855980726
finished_reconf: true
global_termination_time: 623644.089
local_termination_time: 387850.09836000006
node_cons: 12791.23596335512
tot_aggregated_send: 8584
tot_msg_rcv: 401
tot_msg_sent: 630
tot_reconf_duration: 12.629999999999999
tot_sleeping_duration: 614104.0707600038
tot_uptimes: 160
tot_uptimes_duration: 9540.018239996338
