comms_cons: 62.94978559773479
finished_reconf: true
global_termination_time: 622280.86
local_termination_time: 331146.4270400003
node_cons: 12790.228341116803
tot_aggregated_send: 8642
tot_msg_rcv: 354
tot_msg_sent: 572
tot_reconf_duration: 11.899999999999999
tot_sleeping_duration: 612740.8539200024
tot_uptimes: 160
tot_uptimes_duration: 9540.006079997635
