comms_cons: 510.2427329068671
finished_reconf: true
global_termination_time: 5065563.14
local_termination_time: 851407.8221599984
node_cons: 104218.9462711715
tot_aggregated_send: 69948
tot_msg_rcv: 2556
tot_msg_sent: 5049
tot_reconf_duration: 13.17
tot_sleeping_duration: 4987743.079200019
tot_uptimes: 1298
tot_uptimes_duration: 77820.06079998094
