comms_cons: 501.9100416580873
finished_reconf: true
global_termination_time: 5067444.434
local_termination_time: 1977404.3903599998
node_cons: 104221.53194446536
tot_aggregated_send: 70818
tot_msg_rcv: 1691
tot_msg_sent: 3777
tot_reconf_duration: 15.110000000000001
tot_sleeping_duration: 4989624.409680009
tot_uptimes: 1298
tot_uptimes_duration: 77820.02431999147
