comms_cons: 512.2342017112236
finished_reconf: true
global_termination_time: 5065670.445
local_termination_time: 1330392.474759998
node_cons: 104206.9741844654
tot_aggregated_send: 70412
tot_msg_rcv: 2626
tot_msg_sent: 4819
tot_reconf_duration: 4.390000000000001
tot_sleeping_duration: 4987850.420680009
tot_uptimes: 1298
tot_uptimes_duration: 77820.02431999147
