comms_cons: 508.9360512894345
finished_reconf: true
global_termination_time: 5067021.267
local_termination_time: 1137262.7230399984
node_cons: 104211.67283004979
tot_aggregated_send: 70934
tot_msg_rcv: 2124
tot_msg_sent: 4296
tot_reconf_duration: 7.819999999999999
tot_sleeping_duration: 4989201.21228002
tot_uptimes: 1298
tot_uptimes_duration: 77820.05471997964
