comms_cons: 512.260915295492
finished_reconf: true
global_termination_time: 5067552.269
local_termination_time: 839105.3873199996
node_cons: 104209.50003005014
tot_aggregated_send: 70528
tot_msg_rcv: 2627
tot_msg_sent: 4706
tot_reconf_duration: 6.22
tot_sleeping_duration: 4989732.21428002
tot_uptimes: 1298
tot_uptimes_duration: 77820.05471997987
