comms_cons: 47.49242880134756
finished_reconf: true
global_termination_time: 457752.2832400004
local_termination_time: 4645.36048
node_cons: 9482.812774966585
tot_aggregated_send: 5336
tot_msg_rcv: 656
tot_msg_sent: 1230
tot_reconf_duration: 18.21
tot_sleeping_duration: 450688.7405999955
tot_uptimes: 118
tot_uptimes_duration: 7063.542640004911
