comms_cons: 45.50237440052976
finished_reconf: true
global_termination_time: 457751.4654800001
local_termination_time: 457751.42436000006
node_cons: 9451.539800962984
tot_aggregated_send: 6482
tot_msg_rcv: 136
tot_msg_sent: 298
tot_reconf_duration: 24.59
tot_sleeping_duration: 450717.74883999786
tot_uptimes: 118
tot_uptimes_duration: 7033.716640002211
