comms_cons: 46.576499200869726
finished_reconf: true
global_termination_time: 459664.804
local_termination_time: 192253.6462000002
node_cons: 9405.766043363183
tot_aggregated_send: 6148
tot_msg_rcv: 294
tot_msg_sent: 637
tot_reconf_duration: 4.390000000000001
tot_sleeping_duration: 452644.78575999767
tot_uptimes: 118
tot_uptimes_duration: 7020.018240002355
