comms_cons: 43.541145600116
finished_reconf: true
global_termination_time: 459638.193
local_termination_time: 367477.46736000007
node_cons: 9415.138980000009
tot_aggregated_send: 6438
tot_msg_rcv: 57
tot_msg_sent: 123
tot_reconf_duration: 11.31
tot_sleeping_duration: 452618.193
tot_uptimes: 118
tot_uptimes_duration: 7020.0
