comms_cons: 234.4346111763636
finished_reconf: true
global_termination_time: 2309759.217
local_termination_time: 1191941.5736799994
node_cons: 47489.517086700456
tot_aggregated_send: 31088
tot_msg_rcv: 1556
tot_msg_sent: 2988
tot_reconf_duration: 6.279999999999999
tot_sleeping_duration: 2274299.1805200144
tot_uptimes: 592
tot_uptimes_duration: 35460.03647998581
