comms_cons: 235.11491838768757
finished_reconf: true
global_termination_time: 2310208.64
local_termination_time: 1490783.72036
node_cons: 47488.528483350005
tot_aggregated_send: 31378
tot_msg_rcv: 1455
tot_msg_sent: 2904
tot_reconf_duration: 5.57
tot_sleeping_duration: 2274748.621760007
tot_uptimes: 592
tot_uptimes_duration: 35460.0182399929
