comms_cons: 229.7462911916129
finished_reconf: true
global_termination_time: 2308222.988839999
local_termination_time: 2308222.9477199987
node_cons: 47589.53423423278
tot_aggregated_send: 33092
tot_msg_rcv: 631
tot_msg_sent: 1196
tot_reconf_duration: 37.410000000000004
tot_sleeping_duration: 2272719.8286800035
tot_uptimes: 592
tot_uptimes_duration: 35503.16015999528
