comms_cons: 201.46224642641124
finished_reconf: true
global_termination_time: 418861.60824000003
local_termination_time: 418861.56712
node_cons: 25308.22026708236
tot_aggregated_send: 0
tot_msg_rcv: 12391
tot_msg_sent: 18229
tot_reconf_duration: 24.59
tot_sleeping_duration: 399985.71051999833
tot_uptimes: 312
tot_uptimes_duration: 18875.897720001725
