comms_cons: 43.46769920041062
finished_reconf: true
global_termination_time: 422685.53
local_termination_time: 126758.6932799998
node_cons: 8687.363983364312
tot_aggregated_send: 5568
tot_msg_rcv: 345
tot_msg_sent: 694
tot_reconf_duration: 7.819999999999999
tot_sleeping_duration: 416205.5117599968
tot_uptimes: 109
tot_uptimes_duration: 6480.018240003206
