comms_cons: 180.2515967909248
finished_reconf: true
global_termination_time: 1904918.819
local_termination_time: 5789.548
node_cons: 39135.51238447171
tot_aggregated_send: 25860
tot_msg_rcv: 542
tot_msg_sent: 996
tot_reconf_duration: 7.29
tot_sleeping_duration: 1875698.7946800059
tot_uptimes: 488
tot_uptimes_duration: 29220.024319993972
