comms_cons: 185.15184638810658
finished_reconf: true
global_termination_time: 1908617.286
local_termination_time: 4772.961
node_cons: 39222.52833999977
tot_aggregated_send: 26493
tot_msg_rcv: 565
tot_msg_sent: 1084
tot_reconf_duration: 12.23
tot_sleeping_duration: 1879337.286
tot_uptimes: 489
tot_uptimes_duration: 29280.0
