comms_cons: 96.41880319496514
finished_reconf: true
global_termination_time: 957194.029
local_termination_time: 165049.82948000007
node_cons: 19701.209283364336
tot_aggregated_send: 13282
tot_msg_rcv: 454
tot_msg_sent: 919
tot_reconf_duration: 13.17
tot_sleeping_duration: 942494.0107599968
tot_uptimes: 246
tot_uptimes_duration: 14700.018240003206
