comms_cons: 11.730713599934559
finished_reconf: true
global_termination_time: 120140.081
local_termination_time: 109778.64835999998
node_cons: 2425.558980000016
tot_aggregated_send: 1624
tot_msg_rcv: 53
tot_msg_sent: 106
tot_reconf_duration: 11.31
tot_sleeping_duration: 118340.081
tot_uptimes: 31
tot_uptimes_duration: 1800.0
