comms_cons: 26.237849600133522
finished_reconf: true
global_termination_time: 262849.899
local_termination_time: 203417.91136000003
node_cons: 5393.399559999976
tot_aggregated_send: 3596
tot_msg_rcv: 138
tot_msg_sent: 254
tot_reconf_duration: 7.819999999999999
tot_sleeping_duration: 258829.89899999998
tot_uptimes: 68
tot_uptimes_duration: 4020.0
