comms_cons: 434.52468486017403
finished_reconf: true
global_termination_time: 4319243.206
local_termination_time: 326187.67968000023
node_cons: 88890.51137564005
tot_aggregated_send: 60436
tot_msg_rcv: 1903
tot_msg_sent: 3705
tot_reconf_duration: 25.299999999999997
tot_sleeping_duration: 4252883.120880028
tot_uptimes: 1107
tot_uptimes_duration: 66360.08511997195
