comms_cons: 119.72856319285042
finished_reconf: true
global_termination_time: 1182559.7788399986
local_termination_time: 1182559.7377199987
node_cons: 24352.561130953098
tot_aggregated_send: 16226
tot_msg_rcv: 649
tot_msg_sent: 1322
tot_reconf_duration: 24.59
tot_sleeping_duration: 1164397.5922000038
tot_uptimes: 303
tot_uptimes_duration: 18162.186639994812
