comms_cons: 123.12314879022355
finished_reconf: true
global_termination_time: 1184713.566
local_termination_time: 237617.87236000004
node_cons: 24347.22702895307
tot_aggregated_send: 15892
tot_msg_rcv: 1130
tot_msg_sent: 1692
tot_reconf_duration: 3.05
tot_sleeping_duration: 1166533.5173600053
tot_uptimes: 304
tot_uptimes_duration: 18180.048639994813
