comms_cons: 231.9956862635853
finished_reconf: true
global_termination_time: 1182635.854
local_termination_time: 485819.9522800008
node_cons: 24271.145184639532
tot_aggregated_send: 0
tot_msg_rcv: 17745
tot_msg_sent: 17517
tot_reconf_duration: 6.22
tot_sleeping_duration: 1164515.8402400005
tot_uptimes: 303
tot_uptimes_duration: 18120.013759999652
