comms_cons: 40.07390720032984
finished_reconf: true
global_termination_time: 405061.957
local_termination_time: 59497.91892000015
node_cons: 8285.639560000009
tot_aggregated_send: 5800
tot_msg_rcv: 124
tot_msg_sent: 167
tot_reconf_duration: 7.819999999999999
tot_sleeping_duration: 398881.957
tot_uptimes: 104
tot_uptimes_duration: 6180.0
