comms_cons: 46.43394560164783
finished_reconf: true
global_termination_time: 432412.9879600001
local_termination_time: 432412.9468400001
node_cons: 8890.789417531636
tot_aggregated_send: 5206
tot_msg_rcv: 655
tot_msg_sent: 1196
tot_reconf_duration: 24.59
tot_sleeping_duration: 425798.0542799914
tot_uptimes: 111
tot_uptimes_duration: 6614.933680008675
