comms_cons: 1.7829631999941091
finished_reconf: true
global_termination_time: 7407.452240000004
local_termination_time: 7407.452240000004
node_cons: 214.3458833600056
tot_aggregated_send: 0
tot_msg_rcv: 175
tot_msg_sent: 92
tot_reconf_duration: 37.410000000000004
tot_sleeping_duration: 7285.314
tot_uptimes: 2
tot_uptimes_duration: 122.13824000000386
