comms_cons: 2.4020351999913543
finished_reconf: true
global_termination_time: 11306.292
local_termination_time: 3442.4643600000004
node_cons: 164.86263999999989
tot_aggregated_send: 0
tot_msg_rcv: 248
tot_msg_sent: 117
tot_reconf_duration: 3.08
tot_sleeping_duration: 11186.292
tot_uptimes: 3
tot_uptimes_duration: 120.0
