comms_cons: 1.6842751999944354
finished_reconf: true
global_termination_time: 9958.177
local_termination_time: 6190.06236
node_cons: 173.05137999999954
tot_aggregated_send: 0
tot_msg_rcv: 148
tot_msg_sent: 108
tot_reconf_duration: 9.11
tot_sleeping_duration: 9838.177
tot_uptimes: 3
tot_uptimes_duration: 120.0
