comms_cons: 563.3344640751441
finished_reconf: true
global_termination_time: 5649512.65623999
local_termination_time: 3090.41048
node_cons: 116260.14746388221
tot_aggregated_send: 79402
tot_msg_rcv: 2140
tot_msg_sent: 4080
tot_reconf_duration: 18.21
tot_sleeping_duration: 5562705.024960016
tot_uptimes: 1447
tot_uptimes_duration: 86807.63127997445
