comms_cons: 213.4427967855408
finished_reconf: true
global_termination_time: 2126532.512
local_termination_time: 307216.07336000004
node_cons: 43791.8889678266
tot_aggregated_send: 29580
tot_msg_rcv: 943
tot_msg_sent: 1919
tot_reconf_duration: 4.8100000000000005
tot_sleeping_duration: 2093832.4694400097
tot_uptimes: 545
tot_uptimes_duration: 32700.04255999031
