comms_cons: 211.02577278728427
finished_reconf: true
global_termination_time: 2128889.869
local_termination_time: 420231.61436000007
node_cons: 43795.952124471514
tot_aggregated_send: 29522
tot_msg_rcv: 868
tot_msg_sent: 1684
tot_reconf_duration: 7.819999999999999
tot_sleeping_duration: 2096189.844680006
tot_uptimes: 546
tot_uptimes_duration: 32700.024319993972
