comms_cons: 208.1612671920219
finished_reconf: true
global_termination_time: 2127378.642
local_termination_time: 1269329.7923599998
node_cons: 43720.35154446698
tot_aggregated_send: 29638
tot_msg_rcv: 666
tot_msg_sent: 1335
tot_reconf_duration: 11.31
tot_sleeping_duration: 2094738.6176800095
tot_uptimes: 545
tot_uptimes_duration: 32640.024319990538
