comms_cons: 205.8236927904025
finished_reconf: true
global_termination_time: 2128597.716
local_termination_time: 1412247.8654799997
node_cons: 43792.68208111631
tot_aggregated_send: 29406
tot_msg_rcv: 616
tot_msg_sent: 1262
tot_reconf_duration: 5.43
tot_sleeping_duration: 2095897.7099200024
tot_uptimes: 546
tot_uptimes_duration: 32700.006079997635
