comms_cons: 27.402368000150513
finished_reconf: true
global_termination_time: 278952.985
local_termination_time: 227761.62248000008
node_cons: 5722.024860000024
tot_aggregated_send: 4060
tot_msg_rcv: 59
tot_msg_sent: 46
tot_reconf_duration: 13.17
tot_sleeping_duration: 274692.985
tot_uptimes: 72
tot_uptimes_duration: 4260.0
