comms_cons: 30.941977600508956
finished_reconf: true
global_termination_time: 299060.25
local_termination_time: 89160.32335999969
node_cons: 6111.809761121437
tot_aggregated_send: 4002
tot_msg_rcv: 298
tot_msg_sent: 403
tot_reconf_duration: 4.390000000000001
tot_sleeping_duration: 294500.24391999893
tot_uptimes: 77
tot_uptimes_duration: 4560.006080001069
