comms_cons: 30.968294400423407
finished_reconf: true
global_termination_time: 298290.337
local_termination_time: 17110.49896
node_cons: 6116.483983362018
tot_aggregated_send: 3886
tot_msg_rcv: 301
tot_msg_sent: 520
tot_reconf_duration: 7.819999999999999
tot_sleeping_duration: 293730.3187599985
tot_uptimes: 77
tot_uptimes_duration: 4560.018240001504
