comms_cons: 704.9135553669747
finished_reconf: true
global_termination_time: 7029017.691
local_termination_time: 350721.4863600001
node_cons: 144642.8563933994
tot_aggregated_send: 98426
tot_msg_rcv: 3034
tot_msg_sent: 5682
tot_reconf_duration: 22.65
tot_sleeping_duration: 6921017.618040026
tot_uptimes: 1801
tot_uptimes_duration: 108000.07295997324
