comms_cons: 686.3540353077198
finished_reconf: true
global_termination_time: 7029269.496
local_termination_time: 4446960.0896
node_cons: 144637.43530557991
tot_aggregated_send: 97324
tot_msg_rcv: 2305
tot_msg_sent: 4692
tot_reconf_duration: 18.700000000000003
tot_sleeping_duration: 6921269.465600011
tot_uptimes: 1801
tot_uptimes_duration: 108000.03039998934
