comms_cons: 282.3489663986726
finished_reconf: false
global_termination_time: 2807764.539
local_termination_time: 0
node_cons: 57844.80814111611
tot_aggregated_send: 39382
tot_msg_rcv: 1153
tot_msg_sent: 2379
tot_reconf_duration: 0
tot_sleeping_duration: 2764564.532920002
tot_uptimes: 720
tot_uptimes_duration: 43200.00607999787
