comms_cons: 284.94894081487513
finished_reconf: true
global_termination_time: 2809656.273
local_termination_time: 299455.8953600001
node_cons: 57875.62382893889
tot_aggregated_send: 38570
tot_msg_rcv: 1559
tot_msg_sent: 3181
tot_reconf_duration: 22.65
tot_sleeping_duration: 2766456.2243600152
tot_uptimes: 720
tot_uptimes_duration: 43200.048639984976
