comms_cons: 283.2815488081818
finished_reconf: false
global_termination_time: 2808890.5
local_termination_time: 0
node_cons: 57844.79999999896
tot_aggregated_send: 39208
tot_msg_rcv: 1296
tot_msg_sent: 2552
tot_reconf_duration: 0
tot_sleeping_duration: 2765690.5
tot_uptimes: 720
tot_uptimes_duration: 43200.0
