comms_cons: 284.23978241829275
finished_reconf: false
global_termination_time: 2808007.098
local_termination_time: 0
node_cons: 57844.79999999896
tot_aggregated_send: 38918
tot_msg_rcv: 1442
tot_msg_sent: 2842
tot_reconf_duration: 0
tot_sleeping_duration: 2764807.098
tot_uptimes: 720
tot_uptimes_duration: 43200.0
