comms_cons: 190.14842238873024
finished_reconf: true
global_termination_time: 1915503.334
local_termination_time: 574868.5423599998
node_cons: 39372.59418446711
tot_aggregated_send: 26274
tot_msg_rcv: 769
tot_msg_sent: 1858
tot_reconf_duration: 4.390000000000001
tot_sleeping_duration: 1886103.3096800095
tot_uptimes: 491
tot_uptimes_duration: 29400.024319990538
