comms_cons: 191.1915519914721
finished_reconf: true
global_termination_time: 1916516.246
local_termination_time: 728953.3300000001
node_cons: 39377.23584223352
tot_aggregated_send: 26502
tot_msg_rcv: 894
tot_msg_sent: 1664
tot_reconf_duration: 7.819999999999999
tot_sleeping_duration: 1887116.2338400048
tot_uptimes: 491
tot_uptimes_duration: 29400.01215999527
