comms_cons: 1045.764255255801
finished_reconf: true
global_termination_time: 2156192.5602799994
local_termination_time: 2156192.519159999
node_cons: 131557.13194244722
tot_aggregated_send: 0
tot_msg_rcv: 64039
tot_msg_sent: 94914
tot_reconf_duration: 24.59
tot_sleeping_duration: 2057967.2139600208
tot_uptimes: 1615
tot_uptimes_duration: 98225.34631997874
