comms_cons: 422.8761212999471
finished_reconf: true
global_termination_time: 2157333.355
local_termination_time: 2668.5483600000002
node_cons: 44372.41732111638
tot_aggregated_send: 0
tot_msg_rcv: 32265
tot_msg_sent: 32009
tot_reconf_duration: 18.21
tot_sleeping_duration: 2124213.3489200026
tot_uptimes: 553
tot_uptimes_duration: 33120.006079997635
