comms_cons: 218.20908798136583
finished_reconf: true
global_termination_time: 2159118.654
local_termination_time: 649839.799
node_cons: 44357.4953151071
tot_aggregated_send: 29693
tot_msg_rcv: 1249
tot_msg_sent: 2224
tot_reconf_duration: 4.8100000000000005
tot_sleeping_duration: 2125996.2019200097
tot_uptimes: 553
tot_uptimes_duration: 33122.452079990646
