comms_cons: 216.8201471815296
finished_reconf: true
global_termination_time: 2158131.473
local_termination_time: 920484.4144799989
node_cons: 44358.323983350136
tot_aggregated_send: 29754
tot_msg_rcv: 1198
tot_msg_sent: 2003
tot_reconf_duration: 7.819999999999999
tot_sleeping_duration: 2125011.4547600076
tot_uptimes: 553
tot_uptimes_duration: 33120.0182399929
