comms_cons: 212.35266558597812
finished_reconf: true
global_termination_time: 2158638.609
local_termination_time: 1432328.38736
node_cons: 44363.05526223323
tot_aggregated_send: 29464
tot_msg_rcv: 868
tot_msg_sent: 1944
tot_reconf_duration: 11.31
tot_sleeping_duration: 2125518.596840005
tot_uptimes: 553
tot_uptimes_duration: 33120.012159995225
