comms_cons: 214.66613758283793
finished_reconf: true
global_termination_time: 2156831.821
local_termination_time: 1377577.6482399988
node_cons: 44355.070222233124
tot_aggregated_send: 29406
tot_msg_rcv: 943
tot_msg_sent: 2279
tot_reconf_duration: 5.43
tot_sleeping_duration: 2123711.8088400047
tot_uptimes: 553
tot_uptimes_duration: 33120.01215999527
