comms_cons: 27.672742398922306
finished_reconf: true
global_termination_time: 139453.0057200001
local_termination_time: 139452.9646000001
node_cons: 2863.769920319293
tot_aggregated_send: 0
tot_msg_rcv: 2168
tot_msg_sent: 2037
tot_reconf_duration: 24.59
tot_sleeping_duration: 137339.20684000064
tot_uptimes: 36
tot_uptimes_duration: 2113.798879999462
