comms_cons: 116.75511039270637
finished_reconf: true
global_termination_time: 1179744.762
local_termination_time: 5526.901
node_cons: 24268.15807566328
tot_aggregated_send: 15307
tot_msg_rcv: 812
tot_msg_sent: 1628
tot_reconf_duration: 3.95
tot_sleeping_duration: 1161624.6768800125
tot_uptimes: 303
tot_uptimes_duration: 18120.08511998749
