comms_cons: 77.8514111972598
finished_reconf: true
global_termination_time: 771311.009
local_termination_time: 459939.7053600001
node_cons: 15847.852425588817
tot_aggregated_send: 10034
tot_msg_rcv: 581
tot_msg_sent: 1217
tot_reconf_duration: 15.34
tot_sleeping_duration: 759490.9786000083
tot_uptimes: 198
tot_uptimes_duration: 11820.030399991607
