comms_cons: 79.27581439708577
finished_reconf: true
global_termination_time: 771984.038
local_termination_time: 470911.3010800006
node_cons: 15835.54080447191
tot_aggregated_send: 9860
tot_msg_rcv: 745
tot_msg_sent: 1445
tot_reconf_duration: 6.279999999999999
tot_sleeping_duration: 760164.0136800059
tot_uptimes: 198
tot_uptimes_duration: 11820.024319993972
