comms_cons: 77.02927359873156
finished_reconf: true
global_termination_time: 770961.623
local_termination_time: 513114.18536000006
node_cons: 15837.623983355126
tot_aggregated_send: 10034
tot_msg_rcv: 515
tot_msg_sent: 1159
tot_reconf_duration: 7.819999999999999
tot_sleeping_duration: 759141.6047600036
tot_uptimes: 198
tot_uptimes_duration: 11820.018239996338
