comms_cons: 78.6342527990775
finished_reconf: true
global_termination_time: 770099.643
local_termination_time: 313200.24184000056
node_cons: 15842.371544481144
tot_aggregated_send: 10556
tot_msg_rcv: 530
tot_msg_sent: 867
tot_reconf_duration: 11.31
tot_sleeping_duration: 758279.6186799991
tot_uptimes: 198
tot_uptimes_duration: 11820.02432000084
