comms_cons: 153.41841915511046
finished_reconf: true
global_termination_time: 773411.899
local_termination_time: 1518.4283600000003
node_cons: 15932.065462238284
tot_aggregated_send: 0
tot_msg_rcv: 11843
tot_msg_sent: 11474
tot_reconf_duration: 18.21
tot_sleeping_duration: 761531.8868400013
tot_uptimes: 199
tot_uptimes_duration: 11880.012159998703
