comms_cons: 75.54237439955872
finished_reconf: true
global_termination_time: 772012.2900399985
local_termination_time: 771995.9655599985
node_cons: 15910.547416558053
tot_aggregated_send: 11426
tot_msg_rcv: 14
tot_msg_sent: 42
tot_reconf_duration: 3.05
tot_sleeping_duration: 760132.973
tot_uptimes: 198
tot_uptimes_duration: 11879.317039998481
