comms_cons: 114.4386047950519
finished_reconf: true
global_termination_time: 1143451.588
local_termination_time: 362582.08836000005
node_cons: 23465.8282622337
tot_aggregated_send: 15892
tot_msg_rcv: 472
tot_msg_sent: 1030
tot_reconf_duration: 4.8100000000000005
tot_sleeping_duration: 1125931.5758400047
tot_uptimes: 293
tot_uptimes_duration: 17520.01215999527
