comms_cons: 101.84069119374034
finished_reconf: true
global_termination_time: 1006494.077
local_termination_time: 366214.83836000005
node_cons: 20653.944544476555
tot_aggregated_send: 13746
tot_msg_rcv: 572
tot_msg_sent: 1163
tot_reconf_duration: 4.8100000000000005
tot_sleeping_duration: 991074.0526800026
tot_uptimes: 258
tot_uptimes_duration: 15420.024319997407
