comms_cons: 414.89093121091275
finished_reconf: true
global_termination_time: 4214393.659
local_termination_time: 2696434.69436
node_cons: 86693.79394111499
tot_aggregated_send: 58754
tot_msg_rcv: 1637
tot_msg_sent: 2670
tot_reconf_duration: 5.1
tot_sleeping_duration: 4149653.652920002
tot_uptimes: 1080
tot_uptimes_duration: 64740.00607999787
