comms_cons: 414.91998721274865
finished_reconf: true
global_termination_time: 4212452.332
local_termination_time: 2843337.2549199993
node_cons: 86640.8855411146
tot_aggregated_send: 58696
tot_msg_rcv: 1576
tot_msg_sent: 2792
tot_reconf_duration: 25.299999999999997
tot_sleeping_duration: 4147772.3259200025
tot_uptimes: 1079
tot_uptimes_duration: 64680.00607999787
