comms_cons: 1.4276863999995046
finished_reconf: true
global_termination_time: 13725.661
local_termination_time: 6353.5963600000005
node_cons: 275.37740000000025
tot_aggregated_send: 0
tot_msg_rcv: 122
tot_msg_sent: 95
tot_reconf_duration: 25.299999999999997
tot_sleeping_duration: 13545.661
tot_uptimes: 4
tot_uptimes_duration: 180.0
