comms_cons: 1.5066367999950228
finished_reconf: true
global_termination_time: 12000.609
local_termination_time: 4844.0563600000005
node_cons: 258.9048600000001
tot_aggregated_send: 0
tot_msg_rcv: 122
tot_msg_sent: 107
tot_reconf_duration: 13.17
tot_sleeping_duration: 11820.609
tot_uptimes: 4
tot_uptimes_duration: 180.0
