comms_cons: 1.532953599997047
finished_reconf: true
global_termination_time: 12128.605
local_termination_time: 6131.0833600000005
node_cons: 251.63956000000084
tot_aggregated_send: 0
tot_msg_rcv: 122
tot_msg_sent: 111
tot_reconf_duration: 7.819999999999999
tot_sleeping_duration: 11948.605
tot_uptimes: 4
tot_uptimes_duration: 180.0
