comms_cons: 2.171135999995465
finished_reconf: true
global_termination_time: 14130.707
local_termination_time: 7081.372360000001
node_cons: 271.77870000000075
tot_aggregated_send: 0
tot_msg_rcv: 176
tot_msg_sent: 153
tot_reconf_duration: 22.65
tot_sleeping_duration: 13950.707
tot_uptimes: 4
tot_uptimes_duration: 180.0
