comms_cons: 89.12372479572409
finished_reconf: true
global_termination_time: 874026.35
local_termination_time: 57848.66516000007
node_cons: 17921.81418447656
tot_aggregated_send: 11832
tot_msg_rcv: 606
tot_msg_sent: 1110
tot_reconf_duration: 4.390000000000001
tot_sleeping_duration: 860646.3256800026
tot_uptimes: 224
tot_uptimes_duration: 13380.024319997407
