comms_cons: 49.84464640081188
finished_reconf: true
global_termination_time: 492868.667
local_termination_time: 941.9725999999997
node_cons: 10131.319324483457
tot_aggregated_send: 6844
tot_msg_rcv: 268
tot_msg_sent: 464
tot_reconf_duration: 6.22
tot_sleeping_duration: 485308.6426799975
tot_uptimes: 127
tot_uptimes_duration: 7560.0243200025725
