comms_cons: 49.6598016004792
finished_reconf: true
global_termination_time: 499406.953
local_termination_time: 436175.68868000025
node_cons: 10211.626759999974
tot_aggregated_send: 7018
tot_msg_rcv: 187
tot_msg_sent: 343
tot_reconf_duration: 6.22
tot_sleeping_duration: 491786.953
tot_uptimes: 128
tot_uptimes_duration: 7620.0
