comms_cons: 1.4803199999977261
finished_reconf: true
global_termination_time: 18507.735
local_termination_time: 4363.18336
node_cons: 339.24486000000013
tot_aggregated_send: 0
tot_msg_rcv: 119
tot_msg_sent: 106
tot_reconf_duration: 13.17
tot_sleeping_duration: 18267.735
tot_uptimes: 5
tot_uptimes_duration: 240.0
