comms_cons: 1.427686399997395
finished_reconf: true
global_termination_time: 13029.837
local_termination_time: 4669.894360000001
node_cons: 271.77870000000075
tot_aggregated_send: 0
tot_msg_rcv: 120
tot_msg_sent: 97
tot_reconf_duration: 22.65
tot_sleeping_duration: 12849.837
tot_uptimes: 4
tot_uptimes_duration: 180.0
