comms_cons: 140.1412991718755
finished_reconf: true
global_termination_time: 705136.3518799992
local_termination_time: 2659.7703600000004
node_cons: 14533.256295669358
tot_aggregated_send: 0
tot_msg_rcv: 10839
tot_msg_sent: 10459
tot_reconf_duration: 18.21
tot_sleeping_duration: 694301.0067600071
tot_uptimes: 181
tot_uptimes_duration: 10835.345119992038
