comms_cons: 69.86452480029415
finished_reconf: true
global_termination_time: 710314.327
local_termination_time: 430091.34936000005
node_cons: 14549.10406000003
tot_aggregated_send: 10266
tot_msg_rcv: 126
tot_msg_sent: 227
tot_reconf_duration: 5.57
tot_sleeping_duration: 699454.327
tot_uptimes: 182
tot_uptimes_duration: 10860.0
