comms_cons: 71.8514431990491
finished_reconf: true
global_termination_time: 709806.967
local_termination_time: 176510.87960000007
node_cons: 14545.72260559796
tot_aggregated_send: 9628
tot_msg_rcv: 416
tot_msg_sent: 877
tot_reconf_duration: 3.05
tot_sleeping_duration: 698946.9366000014
tot_uptimes: 182
tot_uptimes_duration: 10860.030399998475
