comms_cons: 563.0209283183393
finished_reconf: true
global_termination_time: 2859936.159639997
local_termination_time: 2357.06448
node_cons: 58878.12953742668
tot_aggregated_send: 0
tot_msg_rcv: 43099
tot_msg_sent: 42474
tot_reconf_duration: 18.21
tot_sleeping_duration: 2815982.9106800063
tot_uptimes: 733
tot_uptimes_duration: 43953.24895999086
