comms_cons: 282.01740799215764
finished_reconf: true
global_termination_time: 2861270.826
local_termination_time: 2203701.14144
node_cons: 58817.42452223325
tot_aggregated_send: 39498
tot_msg_rcv: 1254
tot_msg_sent: 2113
tot_reconf_duration: 6.279999999999999
tot_sleeping_duration: 2817350.8138400046
tot_uptimes: 733
tot_uptimes_duration: 43920.0121599955
