comms_cons: 285.93186559498696
finished_reconf: true
global_termination_time: 2859972.789
local_termination_time: 1510811.2415199983
node_cons: 58813.087063350235
tot_aggregated_send: 39672
tot_msg_rcv: 1324
tot_msg_sent: 2465
tot_reconf_duration: 3.08
tot_sleeping_duration: 2816052.7707600067
tot_uptimes: 733
tot_uptimes_duration: 43920.01823999343
