comms_cons: 284.7243008028185
finished_reconf: true
global_termination_time: 2864517.969
local_termination_time: 1373814.74736
node_cons: 58901.64836781752
tot_aggregated_send: 39788
tot_msg_rcv: 1129
tot_msg_sent: 2358
tot_reconf_duration: 9.11
tot_sleeping_duration: 2820537.9264400164
tot_uptimes: 734
tot_uptimes_duration: 43980.04255998391
