comms_cons: 288.06369281396917
finished_reconf: true
global_termination_time: 2860221.801
local_termination_time: 330018.9493200002
node_cons: 58815.47710893881
tot_aggregated_send: 38976
tot_msg_rcv: 1609
tot_msg_sent: 3199
tot_reconf_duration: 4.8100000000000005
tot_sleeping_duration: 2816301.7523600147
tot_uptimes: 733
tot_uptimes_duration: 43920.048639984976
