comms_cons: 284.51155200144814
finished_reconf: true
global_termination_time: 2862954.478
local_termination_time: 869594.29536
node_cons: 58899.896547817465
tot_aggregated_send: 39382
tot_msg_rcv: 1288
tot_msg_sent: 2575
tot_reconf_duration: 7.819999999999999
tot_sleeping_duration: 2818974.435440016
tot_uptimes: 734
tot_uptimes_duration: 43980.04255998391
