comms_cons: 282.66216960512037
finished_reconf: true
global_termination_time: 2860643.885
local_termination_time: 955441.638
node_cons: 58817.37560670067
tot_aggregated_send: 39727
tot_msg_rcv: 1083
tot_msg_sent: 2153
tot_reconf_duration: 6.22
tot_sleeping_duration: 2816723.8485200135
tot_uptimes: 733
tot_uptimes_duration: 43920.03647998627
