comms_cons: 25.112940800006363
finished_reconf: true
global_termination_time: 252273.939
local_termination_time: 81145.48335999998
node_cons: 5157.127121119172
tot_aggregated_send: 3422
tot_msg_rcv: 112
tot_msg_sent: 282
tot_reconf_duration: 11.31
tot_sleeping_duration: 248433.93292000063
tot_uptimes: 65
tot_uptimes_duration: 3840.006079999366
