comms_cons: 306.6396607953043
finished_reconf: true
global_termination_time: 3059142.657
local_termination_time: 815803.2964799999
node_cons: 62914.78080447071
tot_aggregated_send: 42514
tot_msg_rcv: 1459
tot_msg_sent: 2634
tot_reconf_duration: 6.279999999999999
tot_sleeping_duration: 3012162.6326800063
tot_uptimes: 784
tot_uptimes_duration: 46980.02431999397
