comms_cons: 309.91198723067674
finished_reconf: true
global_termination_time: 3058912.387
local_termination_time: 316573.7992800003
node_cons: 62912.23860781683
tot_aggregated_send: 42050
tot_msg_rcv: 1685
tot_msg_sent: 3369
tot_reconf_duration: 4.390000000000001
tot_sleeping_duration: 3011932.3444400164
tot_uptimes: 784
tot_uptimes_duration: 46980.042559983674
