comms_cons: 307.1614976302904
finished_reconf: true
global_termination_time: 3055951.3902399987
local_termination_time: 3055951.3491199985
node_cons: 62910.09255477802
tot_aggregated_send: 42906
tot_msg_rcv: 1299
tot_msg_sent: 2481
tot_reconf_duration: 24.59
tot_sleeping_duration: 3008993.437040014
tot_uptimes: 783
tot_uptimes_duration: 46957.95319998474
