comms_cons: 421.51618563348705
finished_reconf: true
global_termination_time: 4256015.884
local_termination_time: 2707661.6633599997
node_cons: 87514.98917999763
tot_aggregated_send: 61306
tot_msg_rcv: 923
tot_msg_sent: 1839
tot_reconf_duration: 18.21
tot_sleeping_duration: 4190675.8839999996
tot_uptimes: 1090
tot_uptimes_duration: 65340.0
