comms_cons: 0.8092415999973285
finished_reconf: true
global_termination_time: 6249.615
local_termination_time: 2227.8743600000003
node_cons: 84.5226399999999
tot_aggregated_send: 0
tot_msg_rcv: 66
tot_msg_sent: 57
tot_reconf_duration: 3.08
tot_sleeping_duration: 6189.615
tot_uptimes: 2
tot_uptimes_duration: 60.0
