comms_cons: 0.7631872000017017
finished_reconf: true
global_termination_time: 5536.734
local_termination_time: 1113.4843600000002
node_cons: 92.71137999999986
tot_aggregated_send: 0
tot_msg_rcv: 65
tot_msg_sent: 51
tot_reconf_duration: 9.11
tot_sleeping_duration: 5476.734
tot_uptimes: 2
tot_uptimes_duration: 60.0
