comms_cons: 94.8325887977561
finished_reconf: true
global_termination_time: 975774.997
local_termination_time: 302656.7273600001
node_cons: 20011.19198000003
tot_aggregated_send: 13746
tot_msg_rcv: 214
tot_msg_sent: 454
tot_reconf_duration: 4.8100000000000005
tot_sleeping_duration: 960834.997
tot_uptimes: 250
tot_uptimes_duration: 14940.0
