comms_cons: 191.65551351051852
finished_reconf: true
global_termination_time: 975721.821
local_termination_time: 464031.8526000001
node_cons: 20015.28770111687
tot_aggregated_send: 0
tot_msg_rcv: 14691
tot_msg_sent: 14439
tot_reconf_duration: 7.819999999999999
tot_sleeping_duration: 960781.8149200024
tot_uptimes: 250
tot_uptimes_duration: 14940.006079997635
