comms_cons: 414.519168054561
finished_reconf: true
global_termination_time: 4129568.5991199967
local_termination_time: 87404.41591999984
node_cons: 84971.9052697303
tot_aggregated_send: 57420
tot_msg_rcv: 1817
tot_msg_sent: 3763
tot_reconf_duration: 22.65
tot_sleeping_duration: 4066132.3432800174
tot_uptimes: 1058
tot_uptimes_duration: 63436.25583997945
