comms_cons: 411.93029124184375
finished_reconf: true
global_termination_time: 4132702.49
local_termination_time: 513808.7453600001
node_cons: 85003.91074669948
tot_aggregated_send: 57652
tot_msg_rcv: 1818
tot_msg_sent: 3141
tot_reconf_duration: 3.05
tot_sleeping_duration: 4069222.453520014
tot_uptimes: 1059
tot_uptimes_duration: 63480.03647998627
