comms_cons: 27.580633600137258
finished_reconf: true
global_termination_time: 277707.719
local_termination_time: 91518.091
node_cons: 5741.964656559416
tot_aggregated_send: 3710
tot_msg_rcv: 194
tot_msg_sent: 289
tot_reconf_duration: 22.65
tot_sleeping_duration: 273442.44196000043
tot_uptimes: 72
tot_uptimes_duration: 4265.27703999955
