comms_cons: 28.441881600095883
finished_reconf: true
global_termination_time: 278542.767
local_termination_time: 34703.04892000006
node_cons: 5719.515262240584
tot_aggregated_send: 3712
tot_msg_rcv: 213
tot_msg_sent: 398
tot_reconf_duration: 11.31
tot_sleeping_duration: 274282.75483999954
tot_uptimes: 72
tot_uptimes_duration: 4260.012160000435
