comms_cons: 11.17771519999846
finished_reconf: true
global_termination_time: 103684.618
local_termination_time: 39677.50280000005
node_cons: 2096.4284833597326
tot_aggregated_send: 812
tot_msg_rcv: 331
tot_msg_sent: 556
tot_reconf_duration: 5.57
tot_sleeping_duration: 102124.5997600002
tot_uptimes: 27
tot_uptimes_duration: 1560.0182399998012
