comms_cons: 11.312153599970266
finished_reconf: true
global_termination_time: 102191.708
local_termination_time: 61332.99836000001
node_cons: 2106.733001119146
tot_aggregated_send: 754
tot_msg_rcv: 392
tot_msg_sent: 575
tot_reconf_duration: 13.17
tot_sleeping_duration: 100631.70192000063
tot_uptimes: 27
tot_uptimes_duration: 1560.0060799993644
