comms_cons: 228.11464957959817
finished_reconf: true
global_termination_time: 2256666.855
local_termination_time: 1172329.58336
node_cons: 46362.74454446687
tot_aggregated_send: 30972
tot_msg_rcv: 1315
tot_msg_sent: 2385
tot_reconf_duration: 4.8100000000000005
tot_sleeping_duration: 2222046.8306800094
tot_uptimes: 578
tot_uptimes_duration: 34620.02431999054
