comms_cons: 102.73344639724299
finished_reconf: true
global_termination_time: 1028242.932
local_termination_time: 94346.84435999996
node_cons: 21137.956381119184
tot_aggregated_send: 14326
tot_msg_rcv: 365
tot_msg_sent: 923
tot_reconf_duration: 6.279999999999999
tot_sleeping_duration: 1012462.9259200006
tot_uptimes: 264
tot_uptimes_duration: 15780.006079999366
