comms_cons: 101.37231359846345
finished_reconf: true
global_termination_time: 1029231.689
local_termination_time: 41620.6543600001
node_cons: 21136.98406000003
tot_aggregated_send: 14906
tot_msg_rcv: 159
tot_msg_sent: 343
tot_reconf_duration: 5.57
tot_sleeping_duration: 1013451.689
tot_uptimes: 264
tot_uptimes_duration: 15780.0
