comms_cons: 102.7282559965472
finished_reconf: true
global_termination_time: 1029367.272
local_termination_time: 83806.38503999954
node_cons: 21137.866760000034
tot_aggregated_send: 14500
tot_msg_rcv: 365
tot_msg_sent: 749
tot_reconf_duration: 6.22
tot_sleeping_duration: 1013587.272
tot_uptimes: 264
tot_uptimes_duration: 15780.0
