comms_cons: 283.157996810655
finished_reconf: true
global_termination_time: 2809744.352
local_termination_time: 6853.5199999999995
node_cons: 57859.78137341745
tot_aggregated_send: 38849
tot_msg_rcv: 1458
tot_msg_sent: 2732
tot_reconf_duration: 10.96
tot_sleeping_duration: 2766544.279040016
tot_uptimes: 720
tot_uptimes_duration: 43200.072959983925
