comms_cons: 274.8538048196795
finished_reconf: true
global_termination_time: 2808527.039
local_termination_time: 4919.089
node_cons: 57861.457186705185
tot_aggregated_send: 38441
tot_msg_rcv: 1305
tot_msg_sent: 2030
tot_reconf_duration: 12.23
tot_sleeping_duration: 2765327.0025200103
tot_uptimes: 720
tot_uptimes_duration: 43200.03647998971
