comms_cons: 196.0915135845858
finished_reconf: true
global_termination_time: 1942628.1811200003
local_termination_time: 200914.5456000001
node_cons: 40019.323343030715
tot_aggregated_send: 26970
tot_msg_rcv: 1015
tot_msg_sent: 1819
tot_reconf_duration: 22.65
tot_sleeping_duration: 1912763.681760007
tot_uptimes: 498
tot_uptimes_duration: 29864.499359993264
