comms_cons: 140.96119039607956
finished_reconf: true
global_termination_time: 1438575.474
local_termination_time: 1025114.9323599999
node_cons: 29572.684059999978
tot_aggregated_send: 20590
tot_msg_rcv: 314
tot_msg_sent: 521
tot_reconf_duration: 5.57
tot_sleeping_duration: 1416495.474
tot_uptimes: 369
tot_uptimes_duration: 22080.0
