comms_cons: 144.63444478641895
finished_reconf: true
global_termination_time: 1439373.367
local_termination_time: 679883.0604799999
node_cons: 29569.323119055705
tot_aggregated_send: 19430
tot_msg_rcv: 686
tot_msg_sent: 1867
tot_reconf_duration: 3.05
tot_sleeping_duration: 1417293.3212800182
tot_uptimes: 369
tot_uptimes_duration: 22080.045719981776
