comms_cons: 143.83447039267506
finished_reconf: true
global_termination_time: 1441338.222
local_termination_time: 208716.7284400002
node_cons: 29660.8596855934
tot_aggregated_send: 20184
tot_msg_rcv: 574
tot_msg_sent: 1104
tot_reconf_duration: 11.31
tot_sleeping_duration: 1419198.1916000051
tot_uptimes: 370
tot_uptimes_duration: 22140.03039999504
