comms_cons: 752.7977408946837
finished_reconf: true
global_termination_time: 7595963.909519998
local_termination_time: 7595963.868399998
node_cons: 156389.5985297396
tot_aggregated_send: 109652
tot_msg_rcv: 1583
tot_msg_sent: 3186
tot_reconf_duration: 37.410000000000004
tot_sleeping_duration: 7479206.03368001
tot_uptimes: 1946
tot_uptimes_duration: 116757.87583998893
