comms_cons: 753.0224385394556
finished_reconf: true
global_termination_time: 7600253.273
local_termination_time: 2455840.1538399993
node_cons: 156376.06252893127
tot_aggregated_send: 105444
tot_msg_rcv: 3044
tot_msg_sent: 5966
tot_reconf_duration: 25.299999999999997
tot_sleeping_duration: 7483493.224360017
tot_uptimes: 1947
tot_uptimes_duration: 116760.0486399827
