comms_cons: 757.2940033820913
finished_reconf: true
global_termination_time: 7597551.152
local_termination_time: 3001752.843759999
node_cons: 156265.53148669735
tot_aggregated_send: 105386
tot_msg_rcv: 3351
tot_msg_sent: 6365
tot_reconf_duration: 3.08
tot_sleeping_duration: 7480851.1155200135
tot_uptimes: 1946
tot_uptimes_duration: 116700.03647998697
