comms_cons: 752.4717953780216
finished_reconf: true
global_termination_time: 7598803.972
local_termination_time: 3391644.7270399984
node_cons: 156273.71208558086
tot_aggregated_send: 104284
tot_msg_rcv: 3593
tot_msg_sent: 6493
tot_reconf_duration: 9.11
tot_sleeping_duration: 7482103.941600011
tot_uptimes: 1946
tot_uptimes_duration: 116700.0303999898
