comms_cons: 750.6696577497092
finished_reconf: true
global_termination_time: 7600244.039
local_termination_time: 1696979.6090799996
node_cons: 156349.10349228288
tot_aggregated_send: 105386
tot_msg_rcv: 2924
tot_msg_sent: 5787
tot_reconf_duration: 5.43
tot_sleeping_duration: 7483483.972120023
tot_uptimes: 1947
tot_uptimes_duration: 116760.06687997631
