comms_cons: 2.3027199999966115
finished_reconf: true
global_termination_time: 12954.064
local_termination_time: 9238.677360000001
node_cons: 247.55198000000178
tot_aggregated_send: 0
tot_msg_rcv: 180
tot_msg_sent: 170
tot_reconf_duration: 4.8100000000000005
tot_sleeping_duration: 12774.064
tot_uptimes: 4
tot_uptimes_duration: 180.0
