comms_cons: 277.62250220810125
finished_reconf: true
global_termination_time: 1463449.995
local_termination_time: 355429.8476000001
node_cons: 30057.78770111689
tot_aggregated_send: 0
tot_msg_rcv: 21246
tot_msg_sent: 20951
tot_reconf_duration: 7.819999999999999
tot_sleeping_duration: 1441009.9889200025
tot_uptimes: 375
tot_uptimes_duration: 22440.006079997635
