comms_cons: 410.2460157149119
finished_reconf: true
global_termination_time: 1463449.995
local_termination_time: 355434.3064800001
node_cons: 59386.55604699883
tot_aggregated_send: 0
tot_msg_rcv: 20951
tot_msg_sent: 41404
tot_reconf_duration: 11.31
tot_sleeping_duration: 1419110.0420000004
tot_uptimes: 734
tot_uptimes_duration: 44339.952999999936
