comms_cons: 179.68845439204537
finished_reconf: true
global_termination_time: 1803095.213
local_termination_time: 1153854.7469599997
node_cons: 37071.097399999926
tot_aggregated_send: 25578
tot_msg_rcv: 597
tot_msg_sent: 1136
tot_reconf_duration: 25.299999999999997
tot_sleeping_duration: 1775435.213
tot_uptimes: 462
tot_uptimes_duration: 27660.0
