comms_cons: 525.7409531772579
finished_reconf: true
global_termination_time: 1800769.2515999998
local_termination_time: 1800769.21048
node_cons: 73720.52040951514
tot_aggregated_send: 0
tot_msg_rcv: 26740
tot_msg_sent: 53168
tot_reconf_duration: 24.59
tot_sleeping_duration: 1745737.7899200022
tot_uptimes: 912
tot_uptimes_duration: 55031.461679997636
