comms_cons: 347.45742725229786
finished_reconf: true
global_termination_time: 3447727.432
local_termination_time: 852162.5173599988
node_cons: 70864.14405116794
tot_aggregated_send: 47908
tot_msg_rcv: 1644
tot_msg_sent: 3259
tot_reconf_duration: 3.08
tot_sleeping_duration: 3394807.3712000228
tot_uptimes: 883
tot_uptimes_duration: 52920.06079997728
