comms_cons: 349.8631552425619
finished_reconf: true
global_termination_time: 3445305.856
local_termination_time: 915601.7825599984
node_cons: 70870.93949005111
tot_aggregated_send: 47270
tot_msg_rcv: 2017
tot_msg_sent: 3890
tot_reconf_duration: 8.09
tot_sleeping_duration: 3392385.8012800203
tot_uptimes: 883
tot_uptimes_duration: 52920.05471997964
