comms_cons: 351.46807045361817
finished_reconf: true
global_termination_time: 3451391.171
local_termination_time: 1798141.6163599999
node_cons: 70952.65650893447
tot_aggregated_send: 47618
tot_msg_rcv: 2204
tot_msg_sent: 3600
tot_reconf_duration: 9.11
tot_sleeping_duration: 3398411.122360018
tot_uptimes: 884
tot_uptimes_duration: 52980.04863998201
