comms_cons: 346.7418368427685
finished_reconf: true
global_termination_time: 3451031.035
local_termination_time: 1790329.24636
node_cons: 70946.77640334929
tot_aggregated_send: 48140
tot_msg_rcv: 1486
tot_msg_sent: 3075
tot_reconf_duration: 4.8100000000000005
tot_sleeping_duration: 3398051.016760007
tot_uptimes: 884
tot_uptimes_duration: 52980.01823999314
