comms_cons: 347.4930560308103
finished_reconf: true
global_termination_time: 3451341.446
local_termination_time: 1061701.978
node_cons: 70950.03649021348
tot_aggregated_send: 47964
tot_msg_rcv: 1595
tot_msg_sent: 3258
tot_reconf_duration: 5.43
tot_sleeping_duration: 3398359.6218400183
tot_uptimes: 884
tot_uptimes_duration: 52981.82415998145
