comms_cons: 167.85436159821734
finished_reconf: true
global_termination_time: 1713230.212
local_termination_time: 778555.104
node_cons: 35200.43700223347
tot_aggregated_send: 24821
tot_msg_rcv: 223
tot_msg_sent: 468
tot_reconf_duration: 5.57
tot_sleeping_duration: 1686947.2598400048
tot_uptimes: 439
tot_uptimes_duration: 26282.952159995213
