comms_cons: 167.75644159573932
finished_reconf: true
global_termination_time: 1708810.135
local_termination_time: 1185099.7133599997
node_cons: 35126.47300111668
tot_aggregated_send: 24650
tot_msg_rcv: 318
tot_msg_sent: 530
tot_reconf_duration: 13.17
tot_sleeping_duration: 1682590.1289200024
tot_uptimes: 438
tot_uptimes_duration: 26220.006079997635
