comms_cons: 144.2166911912464
finished_reconf: true
global_termination_time: 1437745.68524
local_termination_time: 184365.02228000032
node_cons: 29592.651044953447
tot_aggregated_send: 20126
tot_msg_rcv: 628
tot_msg_sent: 1166
tot_reconf_duration: 6.22
tot_sleeping_duration: 1415651.432600005
tot_uptimes: 369
tot_uptimes_duration: 22094.252639995073
