comms_cons: 81.18795520707235
finished_reconf: true
global_termination_time: 277449.50880000036
local_termination_time: 2524.072040000001
node_cons: 11380.860082200525
tot_aggregated_send: 0
tot_msg_rcv: 4142
tot_msg_sent: 8197
tot_reconf_duration: 4.390000000000001
tot_sleeping_duration: 268954.43899999995
tot_uptimes: 140
tot_uptimes_duration: 8495.069800000383
