comms_cons: 63.77218559970582
finished_reconf: true
global_termination_time: 631040.691
local_termination_time: 546778.7574399995
node_cons: 12940.701620000034
tot_aggregated_send: 8758
tot_msg_rcv: 358
tot_msg_sent: 576
tot_reconf_duration: 4.390000000000001
tot_sleeping_duration: 621380.691
tot_uptimes: 162
tot_uptimes_duration: 9660.0
