comms_cons: 262.57507198502503
finished_reconf: true
global_termination_time: 2576571.073
local_termination_time: 638502.9534799999
node_cons: 52950.72223787779
tot_aggregated_send: 33930
tot_msg_rcv: 2011
tot_msg_sent: 3968
tot_reconf_duration: 4.8100000000000005
tot_sleeping_duration: 2537030.975720031
tot_uptimes: 660
tot_uptimes_duration: 39540.09727996902
