comms_cons: 14.980838399886341
finished_reconf: true
global_termination_time: 148655.479
local_termination_time: 31808.23208
node_cons: 3060.516624478886
tot_aggregated_send: 1450
tot_msg_rcv: 302
tot_msg_sent: 525
tot_reconf_duration: 5.57
tot_sleeping_duration: 146375.4546800008
tot_uptimes: 39
tot_uptimes_duration: 2280.0243199991673
