comms_cons: 15.843340799678181
finished_reconf: true
global_termination_time: 149110.275
local_termination_time: 8084.96936
node_cons: 3058.8979022391604
tot_aggregated_send: 1392
tot_msg_rcv: 450
tot_msg_sent: 567
tot_reconf_duration: 4.390000000000001
tot_sleeping_duration: 146830.26284000062
tot_uptimes: 39
tot_uptimes_duration: 2280.0121599993727
