comms_cons: 15.77860479969443
finished_reconf: true
global_termination_time: 150870.568
local_termination_time: 14170.30472
node_cons: 3063.588406718046
tot_aggregated_send: 1160
tot_msg_rcv: 482
tot_msg_sent: 756
tot_reconf_duration: 7.819999999999999
tot_sleeping_duration: 148590.53152000144
tot_uptimes: 39
tot_uptimes_duration: 2280.03647999854
