comms_cons: 31.323571200453653
finished_reconf: true
global_termination_time: 320830.223
local_termination_time: 210177.78248000008
node_cons: 6618.6387
tot_aggregated_send: 4234
tot_msg_rcv: 152
tot_msg_sent: 375
tot_reconf_duration: 22.65
tot_sleeping_duration: 315910.223
tot_uptimes: 83
tot_uptimes_duration: 4920.0
