comms_cons: 55.40862719961163
finished_reconf: true
global_termination_time: 561981.879
local_termination_time: 76323.57135999996
node_cons: 11505.779681119153
tot_aggregated_send: 7946
tot_msg_rcv: 138
tot_msg_sent: 338
tot_reconf_duration: 12.629999999999999
tot_sleeping_duration: 553401.8729200006
tot_uptimes: 144
tot_uptimes_duration: 8580.006079999366
