comms_cons: 55.04816640006401
finished_reconf: true
global_termination_time: 549769.0808399998
local_termination_time: 549752.7563599999
node_cons: 11324.122868881095
tot_aggregated_send: 7830
tot_msg_rcv: 239
tot_msg_sent: 298
tot_reconf_duration: 18.700000000000003
tot_sleeping_duration: 541330.896919999
tot_uptimes: 141
tot_uptimes_duration: 8438.183920000854
