comms_cons: 55.86398720128013
finished_reconf: true
global_termination_time: 554010.047
local_termination_time: 411397.2353600001
node_cons: 11332.106323364373
tot_aggregated_send: 7598
tot_msg_rcv: 312
tot_msg_sent: 581
tot_reconf_duration: 3.05
tot_sleeping_duration: 545550.0287599968
tot_uptimes: 142
tot_uptimes_duration: 8460.018240003206
