comms_cons: 735.2699466770692
finished_reconf: true
global_termination_time: 3728144.437439997
local_termination_time: 262.09747999999996
node_cons: 76682.39434397298
tot_aggregated_send: 0
tot_msg_rcv: 56400
tot_msg_sent: 55354
tot_reconf_duration: 5.57
tot_sleeping_duration: 3670881.6814400163
tot_uptimes: 955
tot_uptimes_duration: 57262.75599998119
