comms_cons: 369.27244162976734
finished_reconf: true
global_termination_time: 3729931.778
local_termination_time: 918438.6843599998
node_cons: 76740.10782670001
tot_aggregated_send: 51910
tot_msg_rcv: 1431
tot_msg_sent: 2785
tot_reconf_duration: 11.31
tot_sleeping_duration: 3672631.741520013
tot_uptimes: 956
tot_uptimes_duration: 57300.036479986506
