comms_cons: 447.714560058389
finished_reconf: true
global_termination_time: 4534428.478
local_termination_time: 1217787.7779199984
node_cons: 93290.13154446546
tot_aggregated_send: 62756
tot_msg_rcv: 1813
tot_msg_sent: 3481
tot_reconf_duration: 11.31
tot_sleeping_duration: 4464768.45368001
tot_uptimes: 1162
tot_uptimes_duration: 69660.024319991
