comms_cons: 46.07413760057477
finished_reconf: true
global_termination_time: 463864.974
local_termination_time: 345078.01540000085
node_cons: 9487.684060000023
tot_aggregated_send: 6438
tot_msg_rcv: 169
tot_msg_sent: 396
tot_reconf_duration: 5.57
tot_sleeping_duration: 456784.974
tot_uptimes: 119
tot_uptimes_duration: 7080.0
