comms_cons: 1.565849599994827
finished_reconf: true
global_termination_time: 5980.353
local_termination_time: 3003.5083600000003
node_cons: 95.69897999999992
tot_aggregated_send: 0
tot_msg_rcv: 189
tot_msg_sent: 49
tot_reconf_duration: 11.31
tot_sleeping_duration: 5920.353
tot_uptimes: 2
tot_uptimes_duration: 60.0
