comms_cons: 54.166553600516984
finished_reconf: true
global_termination_time: 553424.803
local_termination_time: 129535.00811999945
node_cons: 11334.471980000051
tot_aggregated_send: 7714
tot_msg_rcv: 126
tot_msg_sent: 393
tot_reconf_duration: 4.8100000000000005
tot_sleeping_duration: 544964.803
tot_uptimes: 142
tot_uptimes_duration: 8460.00000000003
