comms_cons: 55.021849600482525
finished_reconf: true
global_termination_time: 556837.802
local_termination_time: 221580.45636000004
node_cons: 11412.4219
tot_aggregated_send: 7946
tot_msg_rcv: 129
tot_msg_sent: 288
tot_reconf_duration: 3.05
tot_sleeping_duration: 548317.802
tot_uptimes: 143
tot_uptimes_duration: 8520.0
