comms_cons: 53.87706880011318
finished_reconf: true
global_termination_time: 552971.51
local_termination_time: 209829.51236000005
node_cons: 11343.307121121443
tot_aggregated_send: 7946
tot_msg_rcv: 77
tot_msg_sent: 166
tot_reconf_duration: 11.31
tot_sleeping_duration: 544511.5039199989
tot_uptimes: 142
tot_uptimes_duration: 8460.006080001069
