comms_cons: 164.82869758369844
finished_reconf: true
global_termination_time: 1652817.018
local_termination_time: 1064633.5911999994
node_cons: 34014.6112644672
tot_aggregated_send: 21924
tot_msg_rcv: 1024
tot_msg_sent: 2105
tot_reconf_duration: 22.65
tot_sleeping_duration: 1627436.9936800094
tot_uptimes: 424
tot_uptimes_duration: 25380.024319990538
