comms_cons: 67.4552447998505
finished_reconf: true
global_termination_time: 670930.757
local_termination_time: 91022.24747999995
node_cons: 13744.69640336203
tot_aggregated_send: 9222
tot_msg_rcv: 338
tot_msg_sent: 692
tot_reconf_duration: 4.8100000000000005
tot_sleeping_duration: 660670.7387599985
tot_uptimes: 172
tot_uptimes_duration: 10260.018240001504
