comms_cons: 260.12590077759234
finished_reconf: true
global_termination_time: 2629858.346
local_termination_time: 1182375.30336
node_cons: 54075.42525005529
tot_aggregated_send: 35786
tot_msg_rcv: 1407
tot_msg_sent: 2344
tot_reconf_duration: 4.8100000000000005
tot_sleeping_duration: 2589478.2912800177
tot_uptimes: 674
tot_uptimes_duration: 40380.054719982145
