comms_cons: 257.12392319030477
finished_reconf: true
global_termination_time: 2629049.563
local_termination_time: 1674267.39036
node_cons: 54084.98019999932
tot_aggregated_send: 37410
tot_msg_rcv: 578
tot_msg_sent: 1093
tot_reconf_duration: 11.899999999999999
tot_sleeping_duration: 2588669.563
tot_uptimes: 674
tot_uptimes_duration: 40380.0
