comms_cons: 272.9263744084193
finished_reconf: true
global_termination_time: 2628772.539
local_termination_time: 442483.0503600001
node_cons: 54073.05145228894
tot_aggregated_send: 34394
tot_msg_rcv: 2466
tot_msg_sent: 4624
tot_reconf_duration: 3.05
tot_sleeping_duration: 2588392.4721200224
tot_uptimes: 674
tot_uptimes_duration: 40380.06687997741
