comms_cons: 104.9871615962265
finished_reconf: true
global_termination_time: 1058866.0022400003
local_termination_time: 6700.441000000001
node_cons: 21822.38446495366
tot_aggregated_send: 14437
tot_msg_rcv: 546
tot_msg_sent: 972
tot_reconf_duration: 5.02
tot_sleeping_duration: 1042573.569600005
tot_uptimes: 272
tot_uptimes_duration: 16292.43263999524
