comms_cons: 106.1641983940613
finished_reconf: true
global_termination_time: 1063850.704
local_termination_time: 4923.914
node_cons: 21866.839464481156
tot_aggregated_send: 14141
tot_msg_rcv: 633
tot_msg_sent: 1362
tot_reconf_duration: 10.55
tot_sleeping_duration: 1047530.679679999
tot_uptimes: 273
tot_uptimes_duration: 16320.02432000084
