comms_cons: 7.743718400136248
finished_reconf: true
global_termination_time: 63907.656
local_termination_time: 37766.95548000001
node_cons: 1293.9926633608725
tot_aggregated_send: 464
tot_msg_rcv: 250
tot_msg_sent: 463
tot_reconf_duration: 6.279999999999999
tot_sleeping_duration: 62947.63775999935
tot_uptimes: 17
tot_uptimes_duration: 960.0182400006524
