comms_cons: 8.692377600111229
finished_reconf: true
global_termination_time: 66798.74
local_termination_time: 13286.372760000004
node_cons: 1369.9381822405815
tot_aggregated_send: 522
tot_msg_rcv: 326
tot_msg_sent: 473
tot_reconf_duration: 3.05
tot_sleeping_duration: 65778.72783999957
tot_uptimes: 18
tot_uptimes_duration: 1020.012160000435
