comms_cons: 442.0392637687027
finished_reconf: true
global_termination_time: 2306756.011
local_termination_time: 265612.7257200001
node_cons: 47431.423828943625
tot_aggregated_send: 0
tot_msg_rcv: 33981
tot_msg_sent: 33205
tot_reconf_duration: 22.65
tot_sleeping_duration: 2271355.962360012
tot_uptimes: 591
tot_uptimes_duration: 35400.04863998818
