comms_cons: 228.20903680030955
finished_reconf: true
global_termination_time: 2306984.606
local_termination_time: 2079767.8423599997
node_cons: 47407.52579999923
tot_aggregated_send: 33350
tot_msg_rcv: 470
tot_msg_sent: 866
tot_reconf_duration: 5.1
tot_sleeping_duration: 2271584.606
tot_uptimes: 591
tot_uptimes_duration: 35400.0
