comms_cons: 228.49561599484178
finished_reconf: true
global_termination_time: 2303537.3301999997
local_termination_time: 2303537.2890799996
node_cons: 47380.49706351658
tot_aggregated_send: 32988
tot_msg_rcv: 565
tot_msg_sent: 1177
tot_reconf_duration: 24.59
tot_sleeping_duration: 2268177.2825200018
tot_uptimes: 590
tot_uptimes_duration: 35360.04767999811
