comms_cons: 110.6610175935356
finished_reconf: true
global_termination_time: 1089810.3611200002
local_termination_time: 115468.87047999995
node_cons: 22478.304407521307
tot_aggregated_send: 14442
tot_msg_rcv: 740
tot_msg_sent: 1637
tot_reconf_duration: 4.8100000000000005
tot_sleeping_duration: 1073027.8574399992
tot_uptimes: 280
tot_uptimes_duration: 16782.503680000955
