comms_cons: 214.6115582827922
finished_reconf: true
global_termination_time: 1089810.8875999998
local_termination_time: 1154.0620400000014
node_cons: 22443.867908399894
tot_aggregated_send: 0
tot_msg_rcv: 16427
tot_msg_sent: 16190
tot_reconf_duration: 6.22
tot_sleeping_duration: 1073055.532
tot_uptimes: 280
tot_uptimes_duration: 16755.355599999893
