comms_cons: 229.2082432320707
finished_reconf: true
global_termination_time: 473584.37952000083
local_termination_time: 473584.3384000008
node_cons: 28797.078818452737
tot_aggregated_send: 0
tot_msg_rcv: 14088
tot_msg_sent: 20748
tot_reconf_duration: 24.59
tot_sleeping_duration: 452102.91155999136
tot_uptimes: 352
tot_uptimes_duration: 21481.467960009475
