comms_cons: 48.218611200522304
finished_reconf: true
global_termination_time: 474377.606
local_termination_time: 264830.7814800005
node_cons: 9751.906841121474
tot_aggregated_send: 6438
tot_msg_rcv: 327
tot_msg_sent: 562
tot_reconf_duration: 22.65
tot_sleeping_duration: 467117.59991999896
tot_uptimes: 122
tot_uptimes_duration: 7260.006080001069
