comms_cons: 126.78118399877259
finished_reconf: true
global_termination_time: 1283778.102
local_termination_time: 941826.7361999996
node_cons: 26359.084059999972
tot_aggregated_send: 18502
tot_msg_rcv: 251
tot_msg_sent: 517
tot_reconf_duration: 5.57
tot_sleeping_duration: 1264098.102
tot_uptimes: 329
tot_uptimes_duration: 19680.0
