comms_cons: 127.79569919294134
finished_reconf: true
global_termination_time: 1281051.595
local_termination_time: 322315.1607600009
node_cons: 26369.24065464121
tot_aggregated_send: 18212
tot_msg_rcv: 409
tot_msg_sent: 804
tot_reconf_duration: 11.31
tot_sleeping_duration: 1261369.831239999
tot_uptimes: 329
tot_uptimes_duration: 19681.763760000875
