comms_cons: 1044.738610462523
finished_reconf: true
global_termination_time: 2160878.2065999997
local_termination_time: 2160878.1654799995
node_cons: 131139.59414334333
tot_aggregated_send: 0
tot_msg_rcv: 64195
tot_msg_sent: 94599
tot_reconf_duration: 24.59
tot_sleeping_duration: 2062964.688360009
tot_uptimes: 1605
tot_uptimes_duration: 97913.51823999075
