comms_cons: 423.66877410199186
finished_reconf: true
global_termination_time: 2160878.8065999974
local_termination_time: 1694.8860400000015
node_cons: 44473.33475174678
tot_aggregated_send: 0
tot_msg_rcv: 32323
tot_msg_sent: 32073
tot_reconf_duration: 18.21
tot_sleeping_duration: 2127683.432760007
tot_uptimes: 554
tot_uptimes_duration: 33195.37383999047
