comms_cons: 149.61895681580137
finished_reconf: true
global_termination_time: 308566.66960000055
local_termination_time: 308566.62848000054
node_cons: 18852.77968587966
tot_aggregated_send: 0
tot_msg_rcv: 9169
tot_msg_sent: 13570
tot_reconf_duration: 24.59
tot_sleeping_duration: 294511.8626800008
tot_uptimes: 231
tot_uptimes_duration: 14054.806919999715
