comms_cons: 151.9801471899388
finished_reconf: true
global_termination_time: 1528091.317
local_termination_time: 1048274.2067999995
node_cons: 31443.73940558884
tot_aggregated_send: 20764
tot_msg_rcv: 818
tot_msg_sent: 1519
tot_reconf_duration: 22.65
tot_sleeping_duration: 1504631.2866000086
tot_uptimes: 392
tot_uptimes_duration: 23460.030399991607
