comms_cons: 299.4700797801753
finished_reconf: true
global_termination_time: 1525846.1125999999
local_termination_time: 1542.9066000000005
node_cons: 31361.626333038177
tot_aggregated_send: 0
tot_msg_rcv: 22888
tot_msg_sent: 22627
tot_reconf_duration: 6.22
tot_sleeping_duration: 1502430.7432400011
tot_uptimes: 391
tot_uptimes_duration: 23415.3693599986
