comms_cons: 99.0439039917789
finished_reconf: true
global_termination_time: 964216.532
local_termination_time: 321761.25448000006
node_cons: 19779.047826714814
tot_aggregated_send: 12412
tot_msg_rcv: 903
tot_msg_sent: 1739
tot_reconf_duration: 11.31
tot_sleeping_duration: 949456.495520004
tot_uptimes: 247
tot_uptimes_duration: 14760.03647999611
