comms_cons: 231.09502717927444
finished_reconf: true
global_termination_time: 2321595.773
local_termination_time: 556040.9103599999
node_cons: 47746.74616781718
tot_aggregated_send: 31494
tot_msg_rcv: 1260
tot_msg_sent: 2372
tot_reconf_duration: 18.21
tot_sleeping_duration: 2285955.7304400164
tot_uptimes: 595
tot_uptimes_duration: 35640.04255998344
