comms_cons: 238.89143038348695
finished_reconf: true
global_termination_time: 2319925.471
local_termination_time: 1225076.25436
node_cons: 47729.60547116782
tot_aggregated_send: 30508
tot_msg_rcv: 2192
tot_msg_sent: 3610
tot_reconf_duration: 5.57
tot_sleeping_duration: 2284285.4102000236
tot_uptimes: 595
tot_uptimes_duration: 35640.060799976345
