comms_cons: 227.98734719595635
finished_reconf: true
global_termination_time: 2321183.816
local_termination_time: 1235785.2133599997
node_cons: 47742.479379999226
tot_aggregated_send: 33640
tot_msg_rcv: 328
tot_msg_sent: 684
tot_reconf_duration: 15.110000000000001
tot_sleeping_duration: 2285543.816
tot_uptimes: 595
tot_uptimes_duration: 35640.0
