comms_cons: 230.3910527811887
finished_reconf: true
global_termination_time: 2318815.786
local_termination_time: 1141675.7605999976
node_cons: 47645.84331116749
tot_aggregated_send: 31726
tot_msg_rcv: 1087
tot_msg_sent: 2205
tot_reconf_duration: 3.05
tot_sleeping_duration: 2283235.7252000235
tot_uptimes: 594
tot_uptimes_duration: 35580.060799976345
