comms_cons: 27.296127998841246
finished_reconf: true
global_termination_time: 139835.713
local_termination_time: 2571.55936
node_cons: 2817.8616200000006
tot_aggregated_send: 0
tot_msg_rcv: 2118
tot_msg_sent: 2030
tot_reconf_duration: 4.390000000000001
tot_sleeping_duration: 137735.713
tot_uptimes: 36
tot_uptimes_duration: 2100.0
