comms_cons: 14.52687360028855
finished_reconf: true
global_termination_time: 140208.635
local_termination_time: 25230.4722
node_cons: 2827.2589799999973
tot_aggregated_send: 1798
tot_msg_rcv: 188
tot_msg_sent: 222
tot_reconf_duration: 11.31
tot_sleeping_duration: 138108.635
tot_uptimes: 36
tot_uptimes_duration: 2100.0
