comms_cons: 836.5662721825574
finished_reconf: true
global_termination_time: 8478311.704
local_termination_time: 3534550.7263599997
node_cons: 174452.53810557936
tot_aggregated_send: 118088
tot_msg_rcv: 2988
tot_msg_sent: 6078
tot_reconf_duration: 25.299999999999997
tot_sleeping_duration: 8348051.673600011
tot_uptimes: 2172
tot_uptimes_duration: 130260.03039998934
