comms_cons: 856.3585154637333
finished_reconf: true
global_termination_time: 8481118.795
local_termination_time: 233037.65436000004
node_cons: 174449.01267564093
tot_aggregated_send: 116696
tot_msg_rcv: 4484
tot_msg_sent: 8979
tot_reconf_duration: 22.65
tot_sleeping_duration: 8350858.709880025
tot_uptimes: 2172
tot_uptimes_duration: 130260.08511997538
