comms_cons: 842.6778049996208
finished_reconf: true
global_termination_time: 8476373.991
local_termination_time: 1336699.414639999
node_cons: 174342.01517004732
tot_aggregated_send: 119074
tot_msg_rcv: 3085
tot_msg_sent: 5922
tot_reconf_duration: 3.05
tot_sleeping_duration: 8346173.9362800205
tot_uptimes: 2171
tot_uptimes_duration: 130200.05471998034
