comms_cons: 844.0174786008913
finished_reconf: true
global_termination_time: 8480697.019
local_termination_time: 2234517.5257200003
node_cons: 174425.57906893129
tot_aggregated_send: 116696
tot_msg_rcv: 3920
tot_msg_sent: 7667
tot_reconf_duration: 5.43
tot_sleeping_duration: 8350436.970360016
tot_uptimes: 2172
tot_uptimes_duration: 130260.04863998294
