comms_cons: 45.91974400224504
finished_reconf: true
global_termination_time: 409020.5182400002
local_termination_time: 93819.12703999982
node_cons: 8400.558419450828
tot_aggregated_send: 3596
tot_msg_rcv: 1213
tot_msg_sent: 2169
tot_reconf_duration: 18.21
tot_sleeping_duration: 402765.23127999215
tot_uptimes: 105
tot_uptimes_duration: 6255.286960008074
