comms_cons: 187.51280639415822
finished_reconf: true
global_termination_time: 1881880.415
local_termination_time: 790301.2563599999
node_cons: 38677.897399999856
tot_aggregated_send: 27028
tot_msg_rcv: 626
tot_msg_sent: 846
tot_reconf_duration: 25.299999999999997
tot_sleeping_duration: 1853020.415
tot_uptimes: 482
tot_uptimes_duration: 28859.999999999996
