comms_cons: 185.0926335946576
finished_reconf: true
global_termination_time: 1879702.198
local_termination_time: 836678.7223599999
node_cons: 38654.52621999975
tot_aggregated_send: 27260
tot_msg_rcv: 291
tot_msg_sent: 582
tot_reconf_duration: 8.09
tot_sleeping_duration: 1850842.198
tot_uptimes: 482
tot_uptimes_duration: 28860.0
