comms_cons: 186.90191359229163
finished_reconf: true
global_termination_time: 1881433.972
local_termination_time: 1266877.8993599997
node_cons: 38656.332359999695
tot_aggregated_send: 26738
tot_msg_rcv: 518
tot_msg_sent: 1152
tot_reconf_duration: 9.42
tot_sleeping_duration: 1852573.972
tot_uptimes: 482
tot_uptimes_duration: 28860.0
