comms_cons: 57.35746560533269
finished_reconf: true
global_termination_time: 319561.161
local_termination_time: 50078.53836000002
node_cons: 6513.534184479756
tot_aggregated_send: 0
tot_msg_rcv: 4480
tot_msg_sent: 4238
tot_reconf_duration: 4.390000000000001
tot_sleeping_duration: 314701.1366800002
tot_uptimes: 82
tot_uptimes_duration: 4860.024319999806
