comms_cons: 34.28411520044829
finished_reconf: true
global_termination_time: 318734.45092000073
local_termination_time: 318734.4098000007
node_cons: 6611.399862482479
tot_aggregated_send: 3770
tot_msg_rcv: 474
tot_msg_sent: 966
tot_reconf_duration: 24.59
tot_sleeping_duration: 313821.8245999989
tot_uptimes: 82
tot_uptimes_duration: 4912.626320001837
