comms_cons: 56.258739200257324
finished_reconf: true
global_termination_time: 571764.55124
local_termination_time: 157622.9645200004
node_cons: 11759.806489360013
tot_aggregated_send: 8352
tot_msg_rcv: 93
tot_msg_sent: 106
tot_reconf_duration: 13.17
tot_sleeping_duration: 562995.379
tot_uptimes: 147
tot_uptimes_duration: 8769.172239999985
