comms_cons: 57.58773760082427
finished_reconf: true
global_termination_time: 577114.046
local_termination_time: 193700.2274800001
node_cons: 11815.941620000034
tot_aggregated_send: 8178
tot_msg_rcv: 231
tot_msg_sent: 344
tot_reconf_duration: 4.390000000000001
tot_sleeping_duration: 568294.046
tot_uptimes: 148
tot_uptimes_duration: 8820.0
