comms_cons: 56.85765759931379
finished_reconf: true
global_termination_time: 574266.732
local_termination_time: 172652.94999999998
node_cons: 11818.434901121447
tot_aggregated_send: 8287
tot_msg_rcv: 121
tot_msg_sent: 233
tot_reconf_duration: 6.22
tot_sleeping_duration: 565446.7259199988
tot_uptimes: 148
tot_uptimes_duration: 8820.006080001069
