comms_cons: 167.83700480477478
finished_reconf: true
global_termination_time: 571763.643
local_termination_time: 571763.6067599981
node_cons: 23548.77330300005
tot_aggregated_send: 0
tot_msg_rcv: 8542
tot_msg_sent: 16966
tot_reconf_duration: 24.59
tot_sleeping_duration: 554201.746
tot_uptimes: 292
tot_uptimes_duration: 17561.896999999997
