comms_cons: 151.578815958384
finished_reconf: true
global_termination_time: 768211.442
local_termination_time: 352425.73936000007
node_cons: 15777.414982242917
tot_aggregated_send: 0
tot_msg_rcv: 11687
tot_msg_sent: 11353
tot_reconf_duration: 22.65
tot_sleeping_duration: 756451.4298399979
tot_uptimes: 197
tot_uptimes_duration: 11760.012160002138
