comms_cons: 464.06156805078575
finished_reconf: true
global_termination_time: 4672515.085
local_termination_time: 3765006.35348
node_cons: 96093.59022334855
tot_aggregated_send: 64670
tot_msg_rcv: 2032
tot_msg_sent: 3832
tot_reconf_duration: 5.1
tot_sleeping_duration: 4600755.066760006
tot_uptimes: 1197
tot_uptimes_duration: 71760.01823999337
