comms_cons: 332.71144294042847
finished_reconf: true
global_termination_time: 1686986.433
local_termination_time: 296273.52168000024
node_cons: 34717.50770111681
tot_aggregated_send: 0
tot_msg_rcv: 25517
tot_msg_sent: 25053
tot_reconf_duration: 7.819999999999999
tot_sleeping_duration: 1661066.4269200023
tot_uptimes: 433
tot_uptimes_duration: 25920.006079997635
