comms_cons: 59.96282880046425
finished_reconf: true
global_termination_time: 603852.698
local_termination_time: 237617.87236000004
node_cons: 12376.501900000001
tot_aggregated_send: 8700
tot_msg_rcv: 184
tot_msg_sent: 230
tot_reconf_duration: 3.05
tot_sleeping_duration: 594612.698
tot_uptimes: 155
tot_uptimes_duration: 9240.0
