comms_cons: 118.82693119722119
finished_reconf: true
global_termination_time: 603161.123
local_termination_time: 214869.67256000065
node_cons: 12382.995842242848
tot_aggregated_send: 0
tot_msg_rcv: 9131
tot_msg_sent: 8930
tot_reconf_duration: 7.819999999999999
tot_sleeping_duration: 593921.1108399979
tot_uptimes: 155
tot_uptimes_duration: 9240.012160002138
