comms_cons: 57.16666880048369
finished_reconf: true
global_termination_time: 578817.351
local_termination_time: 428820.5826400004
node_cons: 11897.892201121454
tot_aggregated_send: 8004
tot_msg_rcv: 208
tot_msg_sent: 477
tot_reconf_duration: 5.57
tot_sleeping_duration: 569937.344919999
tot_uptimes: 149
tot_uptimes_duration: 8880.006080001069
