comms_cons: 54.76526080077365
finished_reconf: true
global_termination_time: 577344.183
local_termination_time: 346731.74436000007
node_cons: 11844.34554112143
tot_aggregated_send: 7656
tot_msg_rcv: 190
tot_msg_sent: 478
tot_reconf_duration: 25.299999999999997
tot_sleeping_duration: 568524.1769199988
tot_uptimes: 148
tot_uptimes_duration: 8820.006080001069
