comms_cons: 55.83109120069095
finished_reconf: true
global_termination_time: 576219.611
local_termination_time: 405389.11936
node_cons: 11827.864859999989
tot_aggregated_send: 8004
tot_msg_rcv: 158
tot_msg_sent: 324
tot_reconf_duration: 13.17
tot_sleeping_duration: 567399.611
tot_uptimes: 148
tot_uptimes_duration: 8819.999999999996
