comms_cons: 59.79077120042724
finished_reconf: true
global_termination_time: 580741.25
local_termination_time: 31497.876600000007
node_cons: 11894.478182242881
tot_aggregated_send: 7540
tot_msg_rcv: 509
tot_msg_sent: 1037
tot_reconf_duration: 3.05
tot_sleeping_duration: 571861.2378399979
tot_uptimes: 149
tot_uptimes_duration: 8880.012160002138
