comms_cons: 43.53797760220905
finished_reconf: true
global_termination_time: 197575.51868000033
local_termination_time: 245.41616
node_cons: 4073.629408884751
tot_aggregated_send: 0
tot_msg_rcv: 3685
tot_msg_sent: 2930
tot_reconf_duration: 18.21
tot_sleeping_duration: 194551.69475999678
tot_uptimes: 51
tot_uptimes_duration: 3023.823920003546
