comms_cons: 20.4152576000676
finished_reconf: true
global_termination_time: 198807.816
local_termination_time: 20943.324360000002
node_cons: 4024.5640600000024
tot_aggregated_send: 2436
tot_msg_rcv: 208
tot_msg_sent: 459
tot_reconf_duration: 5.57
tot_sleeping_duration: 195807.816
tot_uptimes: 51
tot_uptimes_duration: 3000.0
