comms_cons: 19.757337600113427
finished_reconf: true
global_termination_time: 198661.169
local_termination_time: 119570.29800000001
node_cons: 4027.6277011214424
tot_aggregated_send: 2664
tot_msg_rcv: 109
tot_msg_sent: 230
tot_reconf_duration: 7.819999999999999
tot_sleeping_duration: 195661.16291999893
tot_uptimes: 51
tot_uptimes_duration: 3000.0060800010688
