comms_cons: 302.7418880231456
finished_reconf: true
global_termination_time: 3027588.60072
local_termination_time: 3027588.5596
node_cons: 62335.59009483127
tot_aggregated_send: 42488
tot_msg_rcv: 1064
tot_msg_sent: 2462
tot_reconf_duration: 37.410000000000004
tot_sleeping_duration: 2981072.702800035
tot_uptimes: 776
tot_uptimes_duration: 46515.897919964744
