comms_cons: 298.4770943918062
finished_reconf: true
global_termination_time: 3033418.489
local_termination_time: 1844962.5214799999
node_cons: 62352.40894558329
tot_aggregated_send: 42456
tot_msg_rcv: 895
tot_msg_sent: 2014
tot_reconf_duration: 6.279999999999999
tot_sleeping_duration: 2986858.4586000117
tot_uptimes: 777
tot_uptimes_duration: 46560.030399988405
