comms_cons: 302.2822463998231
finished_reconf: true
global_termination_time: 3029195.271
local_termination_time: 1830941.2846
node_cons: 62297.88182334964
tot_aggregated_send: 41992
tot_msg_rcv: 1295
tot_msg_sent: 2658
tot_reconf_duration: 25.299999999999997
tot_sleeping_duration: 2982695.252760007
tot_uptimes: 776
tot_uptimes_duration: 46500.01823999314
