comms_cons: 303.2096448182748
finished_reconf: true
global_termination_time: 3027629.122
local_termination_time: 594283.0353599999
node_cons: 62278.435228934315
tot_aggregated_send: 42340
tot_msg_rcv: 1137
tot_msg_sent: 2608
tot_reconf_duration: 10.95
tot_sleeping_duration: 2981129.073360018
tot_uptimes: 776
tot_uptimes_duration: 46500.048639981775
