comms_cons: 302.79187841605625
finished_reconf: true
global_termination_time: 3027753.129
local_termination_time: 574868.5423599998
node_cons: 62269.53489005092
tot_aggregated_send: 41644
tot_msg_rcv: 1285
tot_msg_sent: 3093
tot_reconf_duration: 4.390000000000001
tot_sleeping_duration: 2981253.0742800212
tot_uptimes: 776
tot_uptimes_duration: 46500.054719979176
