comms_cons: 2.236927999994774
finished_reconf: true
global_termination_time: 18293.64
local_termination_time: 6743.513360000001
node_cons: 352.1187000000008
tot_aggregated_send: 0
tot_msg_rcv: 184
tot_msg_sent: 156
tot_reconf_duration: 22.65
tot_sleeping_duration: 18053.64
tot_uptimes: 5
tot_uptimes_duration: 240.0
