comms_cons: 37.87610880110946
finished_reconf: true
global_termination_time: 362102.878
local_termination_time: 16525.57548
node_cons: 7397.2660433643
tot_aggregated_send: 4524
tot_msg_rcv: 418
tot_msg_sent: 816
tot_reconf_duration: 4.390000000000001
tot_sleeping_duration: 356582.8597599968
tot_uptimes: 93
tot_uptimes_duration: 5520.018240003206
