comms_cons: 48.6268672006334
finished_reconf: true
global_termination_time: 481876.108
local_termination_time: 208723.75236000004
node_cons: 9897.18712112144
tot_aggregated_send: 6496
tot_msg_rcv: 264
tot_msg_sent: 631
tot_reconf_duration: 11.31
tot_sleeping_duration: 474496.10191999894
tot_uptimes: 124
tot_uptimes_duration: 7380.006080001069
