comms_cons: 178.478604792267
finished_reconf: true
global_termination_time: 1803727.129
local_termination_time: 655211.3083199995
node_cons: 37061.48546223348
tot_aggregated_send: 25230
tot_msg_rcv: 630
tot_msg_sent: 1268
tot_reconf_duration: 18.21
tot_sleeping_duration: 1776067.1168400047
tot_uptimes: 462
tot_uptimes_duration: 27660.01215999527
