comms_cons: 179.65475838817682
finished_reconf: true
global_termination_time: 1802305.025
local_termination_time: 734970.005
node_cons: 37081.63446942472
tot_aggregated_send: 24186
tot_msg_rcv: 1089
tot_msg_sent: 2031
tot_reconf_duration: 22.65
tot_sleeping_duration: 1774634.4680400114
tot_uptimes: 462
tot_uptimes_duration: 27670.556959988666
