comms_cons: 174.57907199484555
finished_reconf: true
global_termination_time: 1807378.482
local_termination_time: 856664.8563599999
node_cons: 37123.04161999987
tot_aggregated_send: 25172
tot_msg_rcv: 476
tot_msg_sent: 887
tot_reconf_duration: 4.390000000000001
tot_sleeping_duration: 1779658.482
tot_uptimes: 463
tot_uptimes_duration: 27719.999999999993
