comms_cons: 173.32902399749796
finished_reconf: true
global_termination_time: 1802457.141
local_termination_time: 923991.9831999985
node_cons: 37052.098979999784
tot_aggregated_send: 25810
tot_msg_rcv: 206
tot_msg_sent: 329
tot_reconf_duration: 11.31
tot_sleeping_duration: 1774797.141
tot_uptimes: 462
tot_uptimes_duration: 27660.0
