comms_cons: 608.8326842776384
finished_reconf: true
global_termination_time: 2085678.7104399984
local_termination_time: 2085678.6693199985
node_cons: 85321.14342115578
tot_aggregated_send: 0
tot_msg_rcv: 30996
tot_msg_sent: 61543
tot_reconf_duration: 24.59
tot_sleeping_duration: 2021983.602
tot_uptimes: 1056
tot_uptimes_duration: 63695.10843999847
