comms_cons: 205.69210878827786
finished_reconf: true
global_termination_time: 2086109.869
local_termination_time: 613315.3295599986
node_cons: 42908.10826223335
tot_aggregated_send: 29580
tot_msg_rcv: 637
tot_msg_sent: 1047
tot_reconf_duration: 4.8100000000000005
tot_sleeping_duration: 2054069.8568400047
tot_uptimes: 535
tot_uptimes_duration: 32040.01215999527
