comms_cons: 204.5407487974967
finished_reconf: true
global_termination_time: 2086782.048
local_termination_time: 1142698.496
node_cons: 42916.91897999969
tot_aggregated_send: 29975
tot_msg_rcv: 413
tot_msg_sent: 701
tot_reconf_duration: 11.31
tot_sleeping_duration: 2054742.048
tot_uptimes: 535
tot_uptimes_duration: 32040.0
