comms_cons: 1.4276863999978726
finished_reconf: true
global_termination_time: 12500.318
local_termination_time: 4629.750360000001
node_cons: 271.77870000000075
tot_aggregated_send: 0
tot_msg_rcv: 120
tot_msg_sent: 97
tot_reconf_duration: 22.65
tot_sleeping_duration: 12320.318
tot_uptimes: 4
tot_uptimes_duration: 180.0
