comms_cons: 27.370099199937517
finished_reconf: true
global_termination_time: 12460.915240000002
local_termination_time: 1900.0680400000015
node_cons: 3526.815853720025
tot_aggregated_send: 0
tot_msg_rcv: 2096
tot_msg_sent: 2063
tot_reconf_duration: 6.22
tot_sleeping_duration: 9833.305759999985
tot_uptimes: 39
tot_uptimes_duration: 2627.6094800000174
