comms_cons: 160.5390591483548
finished_reconf: true
global_termination_time: 1046785.894
local_termination_time: 459563.02548000007
node_cons: 21561.878700000067
tot_aggregated_send: 0
tot_msg_rcv: 12406
tot_msg_sent: 11995
tot_reconf_duration: 22.65
tot_sleeping_duration: 1030705.894
tot_uptimes: 269
tot_uptimes_duration: 16080.0
