comms_cons: 102.28024319893503
finished_reconf: true
global_termination_time: 1048787.951
local_termination_time: 612716.9815999998
node_cons: 21541.739560000122
tot_aggregated_send: 15022
tot_msg_rcv: 181
tot_msg_sent: 343
tot_reconf_duration: 7.819999999999999
tot_sleeping_duration: 1032707.9509999999
tot_uptimes: 269
tot_uptimes_duration: 16080.0
