comms_cons: 87.03262720838576
finished_reconf: true
global_termination_time: 297187.3268400006
local_termination_time: 297187.28572000057
node_cons: 12229.924898760859
tot_aggregated_send: 0
tot_msg_rcv: 4441
tot_msg_sent: 8786
tot_reconf_duration: 24.59
tot_sleeping_duration: 288078.63999999996
tot_uptimes: 150
tot_uptimes_duration: 9108.68684000062
