comms_cons: 598.3917888927384
finished_reconf: true
global_termination_time: 6098253.105
local_termination_time: 2373029.034479999
node_cons: 125419.31708669863
tot_aggregated_send: 84738
tot_msg_rcv: 2231
tot_msg_sent: 3982
tot_reconf_duration: 6.279999999999999
tot_sleeping_duration: 6004593.068520013
tot_uptimes: 1562
tot_uptimes_duration: 93660.03647998674
