comms_cons: 606.1706048986215
finished_reconf: true
global_termination_time: 6102318.526
local_termination_time: 224011.96508000014
node_cons: 125497.66896781877
tot_aggregated_send: 84854
tot_msg_rcv: 2511
tot_msg_sent: 4769
tot_reconf_duration: 4.8100000000000005
tot_sleeping_duration: 6008598.483440013
tot_uptimes: 1563
tot_uptimes_duration: 93720.04255998711
