comms_cons: 603.1770113136298
finished_reconf: true
global_termination_time: 6097162.493
local_termination_time: 579518.4704799999
node_cons: 125414.93888781455
tot_aggregated_send: 84506
tot_msg_rcv: 2233
tot_msg_sent: 4940
tot_reconf_duration: 3.05
tot_sleeping_duration: 6003502.450440017
tot_uptimes: 1562
tot_uptimes_duration: 93660.0425599839
