comms_cons: 165.14512638758214
finished_reconf: true
global_termination_time: 1635176.6654799997
local_termination_time: 1635176.6243599998
node_cons: 33651.321925430006
tot_aggregated_send: 22594
tot_msg_rcv: 867
tot_msg_sent: 1640
tot_reconf_duration: 37.410000000000004
tot_sleeping_duration: 1610082.9245200073
tot_uptimes: 419
tot_uptimes_duration: 25093.740959992516
