comms_cons: 161.64436479402085
finished_reconf: true
global_termination_time: 1635449.496
local_termination_time: 503421.3544400002
node_cons: 33616.4774
tot_aggregated_send: 23432
tot_msg_rcv: 349
tot_msg_sent: 788
tot_reconf_duration: 25.299999999999997
tot_sleeping_duration: 1610369.496
tot_uptimes: 419
tot_uptimes_duration: 25080.0
