comms_cons: 166.58518398589698
finished_reconf: true
global_termination_time: 1638120.002
local_termination_time: 572347.78036
node_cons: 33669.06525005158
tot_aggregated_send: 22040
tot_msg_rcv: 1007
tot_msg_sent: 2272
tot_reconf_duration: 4.8100000000000005
tot_sleeping_duration: 1612979.9472800214
tot_uptimes: 420
tot_uptimes_duration: 25140.05471997871
