comms_cons: 325.21182695175105
finished_reconf: true
global_termination_time: 1636772.517
local_termination_time: 758897.2794799999
node_cons: 33670.94746558429
tot_aggregated_send: 0
tot_msg_rcv: 25123
tot_msg_sent: 24309
tot_reconf_duration: 6.22
tot_sleeping_duration: 1611632.4866000118
tot_uptimes: 420
tot_uptimes_duration: 25140.030399988173
