comms_cons: 184.4883648230443
finished_reconf: true
global_termination_time: 382211.4153200002
local_termination_time: 382211.3742000002
node_cons: 23226.768547720443
tot_aggregated_send: 0
tot_msg_rcv: 11310
tot_msg_sent: 16729
tot_reconf_duration: 24.59
tot_sleeping_duration: 364889.99983999995
tot_uptimes: 286
tot_uptimes_duration: 17321.415480000294
