comms_cons: 75.84867840902743
finished_reconf: true
global_termination_time: 382212.0153200003
local_termination_time: 2667.92036
node_cons: 7846.723167600695
tot_aggregated_send: 0
tot_msg_rcv: 5900
tot_msg_sent: 5626
tot_reconf_duration: 18.21
tot_sleeping_duration: 376370.3469199998
tot_uptimes: 98
tot_uptimes_duration: 5841.668400000512
