comms_cons: 168.2696191969415
finished_reconf: true
global_termination_time: 1710084.307
local_termination_time: 659979.2219199995
node_cons: 35126.46486000001
tot_aggregated_send: 24708
tot_msg_rcv: 298
tot_msg_sent: 570
tot_reconf_duration: 13.17
tot_sleeping_duration: 1683864.307
tot_uptimes: 438
tot_uptimes_duration: 26220.0
