comms_cons: 167.23010559614758
finished_reconf: true
global_termination_time: 1709698.852
local_termination_time: 734885.1985199992
node_cons: 35112.72190000001
tot_aggregated_send: 24766
tot_msg_rcv: 203
tot_msg_sent: 449
tot_reconf_duration: 3.05
tot_sleeping_duration: 1683478.852
tot_uptimes: 438
tot_uptimes_duration: 26220.0
