comms_cons: 168.56035839651747
finished_reconf: true
global_termination_time: 1709851.088
local_termination_time: 665566.1933599998
node_cons: 35123.93897999987
tot_aggregated_send: 24418
tot_msg_rcv: 398
tot_msg_sent: 804
tot_reconf_duration: 11.31
tot_sleeping_duration: 1683631.088
tot_uptimes: 438
tot_uptimes_duration: 26220.0
