comms_cons: 168.4538367950817
finished_reconf: true
global_termination_time: 1709912.258
local_termination_time: 915816.5719599996
node_cons: 35129.4117199999
tot_aggregated_send: 24708
tot_msg_rcv: 272
tot_msg_sent: 624
tot_reconf_duration: 15.34
tot_sleeping_duration: 1683692.258
tot_uptimes: 438
tot_uptimes_duration: 26220.0
