comms_cons: 223.98949123160583
finished_reconf: true
global_termination_time: 735707.228
local_termination_time: 402359.63460000005
node_cons: 44458.095296081134
tot_aggregated_send: 0
tot_msg_rcv: 13804
tot_msg_sent: 20241
tot_reconf_duration: 4.390000000000001
tot_sleeping_duration: 702509.2192799987
tot_uptimes: 547
tot_uptimes_duration: 33198.00872000122
