comms_cons: 125.02350079144301
finished_reconf: true
global_termination_time: 625435.9243999983
local_termination_time: 727.4544799999992
node_cons: 12938.839477840598
tot_aggregated_send: 0
tot_msg_rcv: 9670
tot_msg_sent: 9332
tot_reconf_duration: 5.57
tot_sleeping_duration: 615778.5118399978
tot_uptimes: 161
tot_uptimes_duration: 9657.412560000434
