comms_cons: 62.785305599072
finished_reconf: true
global_termination_time: 627240.391
local_termination_time: 387405.3768800004
node_cons: 12872.301142242857
tot_aggregated_send: 8584
tot_msg_rcv: 277
tot_msg_sent: 682
tot_reconf_duration: 13.17
tot_sleeping_duration: 617640.3788399978
tot_uptimes: 161
tot_uptimes_duration: 9600.012160002138
