comms_cons: 62.54250239945816
finished_reconf: true
global_termination_time: 627106.389
local_termination_time: 94945.202
node_cons: 12870.57648224065
tot_aggregated_send: 8926
tot_msg_rcv: 235
tot_msg_sent: 345
tot_reconf_duration: 11.899999999999999
tot_sleeping_duration: 617506.3768399995
tot_uptimes: 161
tot_uptimes_duration: 9600.012160000464
