comms_cons: 67.31339519694242
finished_reconf: true
global_termination_time: 632142.076
local_termination_time: 59864.044680000145
node_cons: 12943.246104485395
tot_aggregated_send: 8004
tot_msg_rcv: 888
tot_msg_sent: 1339
tot_reconf_duration: 6.22
tot_sleeping_duration: 622482.0316799959
tot_uptimes: 162
tot_uptimes_duration: 9660.044320004017
