comms_cons: 73.67388160914997
finished_reconf: true
global_termination_time: 583068.182
local_termination_time: 364200.8546000001
node_cons: 12001.443123364339
tot_aggregated_send: 0
tot_msg_rcv: 5757
tot_msg_sent: 5441
tot_reconf_duration: 22.65
tot_sleeping_duration: 574128.1637599969
tot_uptimes: 150
tot_uptimes_duration: 8940.018240003206
