comms_cons: 109.43062398892735
finished_reconf: true
global_termination_time: 1073057.052
local_termination_time: 343822.65092000074
node_cons: 22021.71266335049
tot_aggregated_send: 14442
tot_msg_rcv: 742
tot_msg_sent: 1448
tot_reconf_duration: 6.279999999999999
tot_sleeping_duration: 1056617.033760007
tot_uptimes: 275
tot_uptimes_duration: 16440.018239992904
