comms_cons: 112.35487998966688
finished_reconf: true
global_termination_time: 1071264.66648
local_termination_time: 1071264.62536
node_cons: 22082.394489928396
tot_aggregated_send: 13778
tot_msg_rcv: 1186
tot_msg_sent: 2115
tot_reconf_duration: 37.410000000000004
tot_sleeping_duration: 1054810.9011999937
tot_uptimes: 275
tot_uptimes_duration: 16453.765280006242
