comms_cons: 109.87389439336663
finished_reconf: true
global_termination_time: 1072019.028
local_termination_time: 44674.87336000001
node_cons: 22020.18349345146
tot_aggregated_send: 13978
tot_msg_rcv: 910
tot_msg_sent: 1813
tot_reconf_duration: 5.1
tot_sleeping_duration: 1055578.9550399915
tot_uptimes: 275
tot_uptimes_duration: 16440.07296000854
