comms_cons: 110.78056959128735
finished_reconf: true
global_termination_time: 1075248.339
local_termination_time: 118226.72835999996
node_cons: 22104.567631200538
tot_aggregated_send: 14036
tot_msg_rcv: 991
tot_msg_sent: 1811
tot_reconf_duration: 8.09
tot_sleeping_duration: 1058748.2781999996
tot_uptimes: 276
tot_uptimes_duration: 16500.060800000385
