comms_cons: 107.1093759957006
finished_reconf: true
global_termination_time: 1073001.546
local_termination_time: 377429.86652000033
node_cons: 22038.579023355065
tot_aggregated_send: 14790
tot_msg_rcv: 515
tot_msg_sent: 975
tot_reconf_duration: 18.700000000000003
tot_sleeping_duration: 1056561.5277600037
tot_uptimes: 275
tot_uptimes_duration: 16440.018239996338
