comms_cons: 109.35288319811148
finished_reconf: true
global_termination_time: 1073219.764
local_termination_time: 207952.33236000006
node_cons: 22034.024284481155
tot_aggregated_send: 14790
tot_msg_rcv: 737
tot_msg_sent: 1094
tot_reconf_duration: 15.34
tot_sleeping_duration: 1056779.7396799992
tot_uptimes: 275
tot_uptimes_duration: 16440.02432000084
