comms_cons: 138.26056957453324
finished_reconf: true
global_termination_time: 699582.6935999999
local_termination_time: 1396.2343600000004
node_cons: 14426.15846952131
tot_aggregated_send: 0
tot_msg_rcv: 10635
tot_msg_sent: 10378
tot_reconf_duration: 18.21
tot_sleeping_duration: 688827.3319199989
tot_uptimes: 180
tot_uptimes_duration: 10755.361680000962
