comms_cons: 71.01713919899406
finished_reconf: true
global_termination_time: 703513.222
local_termination_time: 348800.719
node_cons: 14475.6144839996
tot_aggregated_send: 9568
tot_msg_rcv: 407
tot_msg_sent: 820
tot_reconf_duration: 6.279999999999999
tot_sleeping_duration: 692708.8260000002
tot_uptimes: 181
tot_uptimes_duration: 10804.395999999717
