comms_cons: 139.38398717286148
finished_reconf: true
global_termination_time: 705333.468
local_termination_time: 703.2904799999999
node_cons: 14467.177902233685
tot_aggregated_send: 0
tot_msg_rcv: 10736
tot_msg_sent: 10447
tot_reconf_duration: 4.390000000000001
tot_sleeping_duration: 694533.4558400047
tot_uptimes: 181
tot_uptimes_duration: 10800.012159995269
