comms_cons: 97.18919679702549
finished_reconf: true
global_termination_time: 966796.292
local_termination_time: 243962.43640000038
node_cons: 19849.966043359742
tot_aggregated_send: 13282
tot_msg_rcv: 445
tot_msg_sent: 1047
tot_reconf_duration: 4.390000000000001
tot_sleeping_duration: 951976.2737600002
tot_uptimes: 248
tot_uptimes_duration: 14820.018239999772
