comms_cons: 96.24899839955243
finished_reconf: true
global_termination_time: 966356.54
local_termination_time: 727524.28036
node_cons: 19848.138182242954
tot_aggregated_send: 13456
tot_msg_rcv: 413
tot_msg_sent: 761
tot_reconf_duration: 3.05
tot_sleeping_duration: 951536.5278399979
tot_uptimes: 248
tot_uptimes_duration: 14820.012160002138
