comms_cons: 95.65498879854397
finished_reconf: true
global_termination_time: 963988.7641200003
local_termination_time: 94311.06559999994
node_cons: 19828.95034080192
tot_aggregated_send: 13630
tot_msg_rcv: 328
tot_msg_sent: 581
tot_reconf_duration: 6.22
tot_sleeping_duration: 949186.296919999
tot_uptimes: 247
tot_uptimes_duration: 14802.46720000141
