comms_cons: 53.699430400825335
finished_reconf: true
global_termination_time: 534025.7624799998
local_termination_time: 534025.7213599999
node_cons: 10995.425643205537
tot_aggregated_send: 7250
tot_msg_rcv: 286
tot_msg_sent: 625
tot_reconf_duration: 37.410000000000004
tot_sleeping_duration: 525852.0336799957
tot_uptimes: 137
tot_uptimes_duration: 8173.728800004115
