comms_cons: 247.57667198433518
finished_reconf: true
global_termination_time: 2537358.081
local_termination_time: 896527.0663199986
node_cons: 52147.240826700276
tot_aggregated_send: 34104
tot_msg_rcv: 1135
tot_msg_sent: 2391
tot_reconf_duration: 4.8100000000000005
tot_sleeping_duration: 2498418.044520014
tot_uptimes: 650
tot_uptimes_duration: 38940.03647998581
