comms_cons: 293.3325245910079
finished_reconf: true
global_termination_time: 1662243.312
local_termination_time: 538137.0083599999
node_cons: 34175.28312335052
tot_aggregated_send: 0
tot_msg_rcv: 22726
tot_msg_sent: 21858
tot_reconf_duration: 22.65
tot_sleeping_duration: 1636743.293760007
tot_uptimes: 426
tot_uptimes_duration: 25500.018239992904
