comms_cons: 0.9539840000021269
finished_reconf: true
global_termination_time: 5294.611
local_termination_time: 1568.8453600000003
node_cons: 105.06918000000005
tot_aggregated_send: 0
tot_msg_rcv: 101
tot_msg_sent: 43
tot_reconf_duration: 18.21
tot_sleeping_duration: 5234.611
tot_uptimes: 2
tot_uptimes_duration: 60.0
