comms_cons: 0.835558400001863
finished_reconf: true
global_termination_time: 5340.685
local_termination_time: 1407.7883600000002
node_cons: 88.7889024000062
tot_aggregated_send: 0
tot_msg_rcv: 72
tot_msg_sent: 55
tot_reconf_duration: 6.22
tot_sleeping_duration: 5280.683399999996
tot_uptimes: 2
tot_uptimes_duration: 60.0016000000046
