comms_cons: 14.002278400011068
finished_reconf: true
global_termination_time: 90121.56447999996
local_termination_time: 90121.52335999996
node_cons: 1917.0137843185435
tot_aggregated_send: 348
tot_msg_rcv: 785
tot_msg_sent: 995
tot_reconf_duration: 37.410000000000004
tot_sleeping_duration: 88727.82960000103
tot_uptimes: 24
tot_uptimes_duration: 1393.7348799989177
