comms_cons: 11.738547199943374
finished_reconf: true
global_termination_time: 92168.281
local_termination_time: 41244.45636000001
node_cons: 1865.7374244766022
tot_aggregated_send: 580
tot_msg_rcv: 453
tot_msg_sent: 752
tot_reconf_duration: 13.17
tot_sleeping_duration: 90788.25668000254
tot_uptimes: 24
tot_uptimes_duration: 1380.0243199974648
