comms_cons: 12.613580799775487
finished_reconf: true
global_termination_time: 92578.299
local_termination_time: 11180.35
node_cons: 1898.3768326394909
tot_aggregated_send: 462
tot_msg_rcv: 578
tot_msg_sent: 879
tot_reconf_duration: 22.65
tot_sleeping_duration: 91183.51324000038
tot_uptimes: 24
tot_uptimes_duration: 1394.7857599996196
