comms_cons: 11.85822719985871
finished_reconf: true
global_termination_time: 90513.686
local_termination_time: 41774.57636000001
node_cons: 1873.2634467183232
tot_aggregated_send: 580
tot_msg_rcv: 477
tot_msg_sent: 747
tot_reconf_duration: 18.700000000000003
tot_sleeping_duration: 89133.64952000126
tot_uptimes: 24
tot_uptimes_duration: 1380.036479998751
