comms_cons: 95.70762239710491
finished_reconf: true
global_termination_time: 1008862.229
local_termination_time: 4622.813
node_cons: 20744.352763364324
tot_aggregated_send: 13211
tot_msg_rcv: 389
tot_msg_sent: 947
tot_reconf_duration: 12.23
tot_sleeping_duration: 993382.2107599969
tot_uptimes: 259
tot_uptimes_duration: 15480.018240003206
