comms_cons: 155.587174381994
finished_reconf: true
global_termination_time: 1514760.484
local_termination_time: 329399.44136
node_cons: 31100.173368943862
tot_aggregated_send: 20300
tot_msg_rcv: 1197
tot_msg_sent: 2153
tot_reconf_duration: 6.279999999999999
tot_sleeping_duration: 1491540.4353600119
tot_uptimes: 388
tot_uptimes_duration: 23220.048639987945
