comms_cons: 276.62371840943064
finished_reconf: true
global_termination_time: 575845.797
local_termination_time: 250503.7139600006
node_cons: 34694.4175444857
tot_aggregated_send: 0
tot_msg_rcv: 17038
tot_msg_sent: 25007
tot_reconf_duration: 18.21
tot_sleeping_duration: 549953.5726799958
tot_uptimes: 424
tot_uptimes_duration: 25892.224320004294
