comms_cons: 114.70960640383474
finished_reconf: true
global_termination_time: 576635.01
local_termination_time: 250507.22620000062
node_cons: 11840.754982242868
tot_aggregated_send: 0
tot_msg_rcv: 8921
tot_msg_sent: 8515
tot_reconf_duration: 22.65
tot_sleeping_duration: 567814.9978399979
tot_uptimes: 148
tot_uptimes_duration: 8820.012160002138
