comms_cons: 59.456505601102364
finished_reconf: true
global_termination_time: 575499.658
local_termination_time: 135455.05536000003
node_cons: 11814.219627845414
tot_aggregated_send: 7598
tot_msg_rcv: 502
tot_msg_sent: 937
tot_reconf_duration: 3.08
tot_sleeping_duration: 566679.615439996
tot_uptimes: 148
tot_uptimes_duration: 8820.042560004047
