comms_cons: 60.61277440004312
finished_reconf: true
global_termination_time: 578397.546
local_termination_time: 245650.11736000006
node_cons: 11907.536668962272
tot_aggregated_send: 7424
tot_msg_rcv: 629
tot_msg_sent: 1160
tot_reconf_duration: 12.629999999999999
tot_sleeping_duration: 569517.4973599983
tot_uptimes: 149
tot_uptimes_duration: 8880.048640001682
