comms_cons: 61.09570560177097
finished_reconf: true
global_termination_time: 575952.928
local_termination_time: 241041.09636000005
node_cons: 11835.415305607185
tot_aggregated_send: 7250
tot_msg_rcv: 769
tot_msg_sent: 1269
tot_reconf_duration: 18.700000000000003
tot_sleeping_duration: 567132.8975999946
tot_uptimes: 148
tot_uptimes_duration: 8820.030400005344
