comms_cons: 57.88380159996675
finished_reconf: true
global_termination_time: 578088.818
local_termination_time: 433595.4513600001
node_cons: 11894.478182242941
tot_aggregated_send: 8178
tot_msg_rcv: 214
tot_msg_sent: 406
tot_reconf_duration: 3.05
tot_sleeping_duration: 569208.8058399978
tot_uptimes: 149
tot_uptimes_duration: 8880.012160002138
