comms_cons: 61.02577919876126
finished_reconf: true
global_termination_time: 578475.384
local_termination_time: 174202.34236000007
node_cons: 11898.799324485739
tot_aggregated_send: 7482
tot_msg_rcv: 687
tot_msg_sent: 1107
tot_reconf_duration: 6.22
tot_sleeping_duration: 569595.3596799957
tot_uptimes: 149
tot_uptimes_duration: 8880.024320004275
