comms_cons: 24.823321600253728
finished_reconf: true
global_termination_time: 250226.874
local_termination_time: 189458.78236000004
node_cons: 5150.288240000013
tot_aggregated_send: 3596
tot_msg_rcv: 66
tot_msg_sent: 111
tot_reconf_duration: 6.279999999999999
tot_sleeping_duration: 246386.874
tot_uptimes: 65
tot_uptimes_duration: 3840.0000000000073
