comms_cons: 124.66988799848495
finished_reconf: true
global_termination_time: 1302814.753
local_termination_time: 284357.389
node_cons: 26809.349643522855
tot_aggregated_send: 18036
tot_msg_rcv: 329
tot_msg_sent: 585
tot_reconf_duration: 22.65
tot_sleeping_duration: 1282815.805319998
tot_uptimes: 334
tot_uptimes_duration: 19998.94768000208
