comms_cons: 141.20243838898102
finished_reconf: true
global_termination_time: 1407655.012
local_termination_time: 51816.64456000005
node_cons: 28928.386043350543
tot_aggregated_send: 19604
tot_msg_rcv: 579
tot_msg_sent: 1278
tot_reconf_duration: 4.390000000000001
tot_sleeping_duration: 1386054.9937600072
tot_uptimes: 361
tot_uptimes_duration: 21600.018239992896
