comms_cons: 96.78003199720357
finished_reconf: true
global_termination_time: 972561.606
local_termination_time: 619184.1641999997
node_cons: 20013.18824000007
tot_aggregated_send: 14036
tot_msg_rcv: 273
tot_msg_sent: 401
tot_reconf_duration: 6.279999999999999
tot_sleeping_duration: 957621.606
tot_uptimes: 250
tot_uptimes_duration: 14940.0
