comms_cons: 95.94718719822058
finished_reconf: true
global_termination_time: 970580.948
local_termination_time: 287205.63536
node_cons: 19958.685541121446
tot_aggregated_send: 13920
tot_msg_rcv: 223
tot_msg_sent: 441
tot_reconf_duration: 25.299999999999997
tot_sleeping_duration: 955700.9419199988
tot_uptimes: 249
tot_uptimes_duration: 14880.006080001069
