comms_cons: 98.38535679861447
finished_reconf: true
global_termination_time: 975286.745
local_termination_time: 404780.17636000004
node_cons: 20013.123042238254
tot_aggregated_send: 13572
tot_msg_rcv: 513
tot_msg_sent: 869
tot_reconf_duration: 6.22
tot_sleeping_duration: 960346.7328400014
tot_uptimes: 250
tot_uptimes_duration: 14940.012159998703
