comms_cons: 75.67298559942438
finished_reconf: true
global_termination_time: 747201.958
local_termination_time: 305810.9680000004
node_cons: 15350.909761121395
tot_aggregated_send: 9976
tot_msg_rcv: 423
tot_msg_sent: 1103
tot_reconf_duration: 4.390000000000001
tot_sleeping_duration: 735741.9519199989
tot_uptimes: 192
tot_uptimes_duration: 11460.006080001069
