comms_cons: 74.5554943990648
finished_reconf: true
global_termination_time: 746877.67836
local_termination_time: 139044.46784000014
node_cons: 15373.837789040012
tot_aggregated_send: 10672
tot_msg_rcv: 256
tot_msg_sent: 404
tot_reconf_duration: 6.22
tot_sleeping_duration: 735402.405
tot_uptimes: 192
tot_uptimes_duration: 11475.273359999992
