comms_cons: 397.93217281572464
finished_reconf: true
global_termination_time: 4037095.844
local_termination_time: 2491870.2068399987
node_cons: 83012.06800223165
tot_aggregated_send: 55680
tot_msg_rcv: 1620
tot_msg_sent: 3183
tot_reconf_duration: 15.34
tot_sleeping_duration: 3975115.8318400043
tot_uptimes: 1034
tot_uptimes_duration: 61980.0121599955
