comms_cons: 407.0300416893124
finished_reconf: true
global_termination_time: 4035468.8051199964
local_termination_time: 315860.655
node_cons: 83043.72898749184
tot_aggregated_send: 55910
tot_msg_rcv: 2065
tot_msg_sent: 3892
tot_reconf_duration: 22.65
tot_sleeping_duration: 3973472.5614400157
tot_uptimes: 1034
tot_uptimes_duration: 61996.243679980515
