comms_cons: 401.0088192421183
finished_reconf: true
global_termination_time: 4036124.002
local_termination_time: 1259179.3234799998
node_cons: 82997.2141844654
tot_aggregated_send: 56840
tot_msg_rcv: 1445
tot_msg_sent: 2666
tot_reconf_duration: 4.390000000000001
tot_sleeping_duration: 3974143.977680009
tot_uptimes: 1034
tot_uptimes_duration: 61980.02431999077
