comms_cons: 88.20314880897747
finished_reconf: true
global_termination_time: 372858.2687200001
local_termination_time: 372858.2276000001
node_cons: 7701.726395417254
tot_aggregated_send: 0
tot_msg_rcv: 7832
tot_msg_sent: 5577
tot_reconf_duration: 37.410000000000004
tot_sleeping_duration: 367144.3601199872
tot_uptimes: 96
tot_uptimes_duration: 5713.908600012874
