comms_cons: 37.469171200443704
finished_reconf: true
global_termination_time: 373747.878
local_termination_time: 127666.41275999948
node_cons: 7638.269761121439
tot_aggregated_send: 5104
tot_msg_rcv: 186
tot_msg_sent: 405
tot_reconf_duration: 4.390000000000001
tot_sleeping_duration: 368047.87191999896
tot_uptimes: 96
tot_uptimes_duration: 5700.006080001069
