comms_cons: 505.1198972033729
finished_reconf: true
global_termination_time: 1731175.6496
local_termination_time: 1731175.60848
node_cons: 70832.79139339778
tot_aggregated_send: 0
tot_msg_rcv: 25687
tot_msg_sent: 51089
tot_reconf_duration: 24.59
tot_sleeping_duration: 1678300.8190000004
tot_uptimes: 877
tot_uptimes_duration: 52874.83059999949
