comms_cons: 340.72542693206856
finished_reconf: true
global_termination_time: 1731176.2496
local_termination_time: 1833.9590400000016
node_cons: 35635.926610633454
tot_aggregated_send: 0
tot_msg_rcv: 26097
tot_msg_sent: 25692
tot_reconf_duration: 18.21
tot_sleeping_duration: 1704580.8818400048
tot_uptimes: 444
tot_uptimes_duration: 26595.367759995162
