comms_cons: 170.35522559687476
finished_reconf: true
global_termination_time: 1736375.758
local_termination_time: 947005.7753599999
node_cons: 35686.31897999984
tot_aggregated_send: 24940
tot_msg_rcv: 308
tot_msg_sent: 645
tot_reconf_duration: 11.31
tot_sleeping_duration: 1709735.758
tot_uptimes: 445
tot_uptimes_duration: 26640.0
