comms_cons: 119.74892799591017
finished_reconf: true
global_termination_time: 1184077.4254799997
local_termination_time: 1184077.3843599998
node_cons: 24394.79608319636
tot_aggregated_send: 16458
tot_msg_rcv: 627
tot_msg_sent: 1116
tot_reconf_duration: 24.59
tot_sleeping_duration: 1165883.6966800024
tot_uptimes: 304
tot_uptimes_duration: 18193.728799997247
