comms_cons: 116.04238720014091
finished_reconf: true
global_termination_time: 1185954.347
local_termination_time: 439926.1365600007
node_cons: 24347.1619000001
tot_aggregated_send: 17052
tot_msg_rcv: 179
tot_msg_sent: 406
tot_reconf_duration: 3.05
tot_sleeping_duration: 1167774.347
tot_uptimes: 304
tot_uptimes_duration: 18180.0
