comms_cons: 91.84700161020514
finished_reconf: true
global_termination_time: 314873.19828000036
local_termination_time: 314873.15716000035
node_cons: 12933.28756603964
tot_aggregated_send: 0
tot_msg_rcv: 4661
tot_msg_sent: 9298
tot_reconf_duration: 24.59
tot_sleeping_duration: 305239.2219200007
tot_uptimes: 161
tot_uptimes_duration: 9633.97635999971
