comms_cons: 36.21052160012903
finished_reconf: true
global_termination_time: 363583.439
local_termination_time: 244726.92936000007
node_cons: 7488.779681121447
tot_aggregated_send: 5104
tot_msg_rcv: 120
tot_msg_sent: 280
tot_reconf_duration: 12.629999999999999
tot_sleeping_duration: 358003.43291999894
tot_uptimes: 94
tot_uptimes_duration: 5580.006080001069
