comms_cons: 35.82437119990922
finished_reconf: true
global_termination_time: 363924.091
local_termination_time: 101158.42723999942
node_cons: 7475.761899999993
tot_aggregated_send: 5278
tot_msg_rcv: 53
tot_msg_sent: 114
tot_reconf_duration: 3.05
tot_sleeping_duration: 358344.091
tot_uptimes: 94
tot_uptimes_duration: 5580.0
