comms_cons: 35.72505600021789
finished_reconf: true
global_termination_time: 364042.884
local_termination_time: 225446.97816000078
node_cons: 7480.066760000012
tot_aggregated_send: 5278
tot_msg_rcv: 41
tot_msg_sent: 111
tot_reconf_duration: 6.22
tot_sleeping_duration: 358462.884
tot_uptimes: 94
tot_uptimes_duration: 5580.0
