comms_cons: 36.09537279997456
finished_reconf: true
global_termination_time: 365005.277
local_termination_time: 152899.847
node_cons: 7492.459861121434
tot_aggregated_send: 5149
tot_msg_rcv: 107
tot_msg_sent: 230
tot_reconf_duration: 15.34
tot_sleeping_duration: 359425.27091999893
tot_uptimes: 94
tot_uptimes_duration: 5580.006080001069
