comms_cons: 27.86291200009381
finished_reconf: true
global_termination_time: 276891.733
local_termination_time: 110697.43867999986
node_cons: 5648.5373211214455
tot_aggregated_send: 3770
tot_msg_rcv: 191
tot_msg_sent: 274
tot_reconf_duration: 18.21
tot_sleeping_duration: 272691.72691999894
tot_uptimes: 71
tot_uptimes_duration: 4200.006080001069
