comms_cons: 30.047833600589424
finished_reconf: true
global_termination_time: 279139.122
local_termination_time: 5940.6024800000005
node_cons: 5708.322640000006
tot_aggregated_send: 3422
tot_msg_rcv: 450
tot_msg_sent: 695
tot_reconf_duration: 3.08
tot_sleeping_duration: 274879.122
tot_uptimes: 72
tot_uptimes_duration: 4260.0
