comms_cons: 28.600409600674215
finished_reconf: true
global_termination_time: 276562.115
local_termination_time: 16102.200680000002
node_cons: 5636.171380000006
tot_aggregated_send: 3596
tot_msg_rcv: 295
tot_msg_sent: 456
tot_reconf_duration: 9.11
tot_sleeping_duration: 272362.115
tot_uptimes: 71
tot_uptimes_duration: 4200.0
