comms_cons: 78.6621696005332
finished_reconf: true
global_termination_time: 804093.182
local_termination_time: 137779.80036000005
node_cons: 16476.264544485744
tot_aggregated_send: 10788
tot_msg_rcv: 384
tot_msg_sent: 785
tot_reconf_duration: 4.8100000000000005
tot_sleeping_duration: 791793.1576799958
tot_uptimes: 206
tot_uptimes_duration: 12300.024320004275
