comms_cons: 76.37231360113923
finished_reconf: true
global_termination_time: 802782.104
local_termination_time: 244774.619480001
node_cons: 16477.250959449968
tot_aggregated_send: 10266
tot_msg_rcv: 459
tot_msg_sent: 883
tot_reconf_duration: 4.390000000000001
tot_sleeping_duration: 790480.9170399926
tot_uptimes: 206
tot_uptimes_duration: 12301.186960007413
