comms_cons: 169.47984638963996
finished_reconf: true
global_termination_time: 1688504.209
local_termination_time: 236912.58736000006
node_cons: 34737.671264476485
tot_aggregated_send: 23548
tot_msg_rcv: 719
tot_msg_sent: 1493
tot_reconf_duration: 22.65
tot_sleeping_duration: 1662584.1846800027
tot_uptimes: 433
tot_uptimes_duration: 25920.024319997407
