comms_cons: 817.133932164656
finished_reconf: true
global_termination_time: 1688410.1805999998
local_termination_time: 1688410.13948
node_cons: 102623.09046223777
tot_aggregated_send: 0
tot_msg_rcv: 50181
tot_msg_sent: 74018
tot_reconf_duration: 24.59
tot_sleeping_duration: 1611793.5284399996
tot_uptimes: 1255
tot_uptimes_duration: 76616.65216000042
