comms_cons: 345.93614719981616
finished_reconf: true
global_termination_time: 3525683.88
local_termination_time: 2735067.0443599997
node_cons: 72482.03897999841
tot_aggregated_send: 50460
tot_msg_rcv: 721
tot_msg_sent: 1399
tot_reconf_duration: 11.31
tot_sleeping_duration: 3471563.88
tot_uptimes: 903
tot_uptimes_duration: 54120.0
