comms_cons: 50.10697600342639
finished_reconf: true
global_termination_time: 255534.851
local_termination_time: 2573.92536
node_cons: 5228.0697611214355
tot_aggregated_send: 0
tot_msg_rcv: 3843
tot_msg_sent: 3770
tot_reconf_duration: 4.390000000000001
tot_sleeping_duration: 251634.84491999893
tot_uptimes: 66
tot_uptimes_duration: 3900.0060800010688
