comms_cons: 49.78411520346462
finished_reconf: true
global_termination_time: 252809.67
local_termination_time: 457.4650399999994
node_cons: 5145.910041121435
tot_aggregated_send: 0
tot_msg_rcv: 3851
tot_msg_sent: 3717
tot_reconf_duration: 3.05
tot_sleeping_duration: 248969.66391999894
tot_uptimes: 65
tot_uptimes_duration: 3840.0060800010688
