comms_cons: 162.52984318461336
finished_reconf: true
global_termination_time: 1638676.502
local_termination_time: 6441.781
node_cons: 33667.93807564946
tot_aggregated_send: 21687
tot_msg_rcv: 1067
tot_msg_sent: 1949
tot_reconf_duration: 3.95
tot_sleeping_duration: 1613536.4168800227
tot_uptimes: 420
tot_uptimes_duration: 25140.085119977186
