comms_cons: 157.808691196979
finished_reconf: true
global_termination_time: 1633789.949
local_termination_time: 6602.508
node_cons: 33598.73648111685
tot_aggregated_send: 23303
tot_msg_rcv: 201
tot_msg_sent: 482
tot_reconf_duration: 12.23
tot_sleeping_duration: 1608709.9429200024
tot_uptimes: 419
tot_uptimes_duration: 25080.006079997635
