comms_cons: 1.6579584000006757
finished_reconf: true
global_termination_time: 10300.68
local_termination_time: 7470.917560000002
node_cons: 169.20823999999968
tot_aggregated_send: 0
tot_msg_rcv: 183
tot_msg_sent: 69
tot_reconf_duration: 6.279999999999999
tot_sleeping_duration: 10180.68
tot_uptimes: 3
tot_uptimes_duration: 120.0
