comms_cons: 489.3280000064967
finished_reconf: true
global_termination_time: 5028553.603
local_termination_time: 2976025.92936
node_cons: 103415.4648599969
tot_aggregated_send: 72500
tot_msg_rcv: 650
tot_msg_sent: 1225
tot_reconf_duration: 13.17
tot_sleeping_duration: 4951333.603
tot_uptimes: 1288
tot_uptimes_duration: 77220.0
