comms_cons: 504.2703488902149
finished_reconf: true
global_termination_time: 5028510.832
local_termination_time: 840375.6643599999
node_cons: 103408.26468893299
tot_aggregated_send: 69252
tot_msg_rcv: 2555
tot_msg_sent: 4839
tot_reconf_duration: 7.819999999999999
tot_sleeping_duration: 4951290.783360018
tot_uptimes: 1288
tot_uptimes_duration: 77220.04863998201
