comms_cons: 446.5763584188073
finished_reconf: true
global_termination_time: 4517580.75248
local_termination_time: 4517580.71136
node_cons: 92924.79980095064
tot_aggregated_send: 65120
tot_msg_rcv: 834
tot_msg_sent: 1922
tot_reconf_duration: 24.59
tot_sleeping_duration: 4448207.035840006
tot_uptimes: 1157
tot_uptimes_duration: 69373.71663999511
