comms_cons: 446.6220736488479
finished_reconf: true
global_termination_time: 4517723.906
local_termination_time: 1645107.6504399995
node_cons: 92893.9205666995
tot_aggregated_send: 62524
tot_msg_rcv: 1772
tot_msg_sent: 3587
tot_reconf_duration: 15.34
tot_sleeping_duration: 4448363.869520014
tot_uptimes: 1157
tot_uptimes_duration: 69360.0364799865
