comms_cons: 568.7057664743911
finished_reconf: true
global_termination_time: 5742334.858
local_termination_time: 2993395.98336
node_cons: 118112.21208558188
tot_aggregated_send: 79634
tot_msg_rcv: 2221
tot_msg_sent: 4585
tot_reconf_duration: 9.11
tot_sleeping_duration: 5654134.827600011
tot_uptimes: 1471
tot_uptimes_duration: 88200.03039998934
