comms_cons: 566.7972416573579
finished_reconf: true
global_termination_time: 5745385.639
local_termination_time: 3060833.1347999997
node_cons: 118200.69194446536
tot_aggregated_send: 80620
tot_msg_rcv: 1752
tot_msg_sent: 3777
tot_reconf_duration: 15.110000000000001
tot_sleeping_duration: 5657125.614680009
tot_uptimes: 1472
tot_uptimes_duration: 88260.02431999147
