comms_cons: 573.8711680963878
finished_reconf: true
global_termination_time: 5745473.412
local_termination_time: 454896.0254800001
node_cons: 118184.35517005344
tot_aggregated_send: 80330
tot_msg_rcv: 2242
tot_msg_sent: 4654
tot_reconf_duration: 3.05
tot_sleeping_duration: 5657213.357280016
tot_uptimes: 1472
tot_uptimes_duration: 88260.05471998284
