comms_cons: 568.2610816953955
finished_reconf: true
global_termination_time: 5743238.053
local_termination_time: 1269662.89636
node_cons: 118107.21464558135
tot_aggregated_send: 80678
tot_msg_rcv: 1844
tot_msg_sent: 3851
tot_reconf_duration: 5.43
tot_sleeping_duration: 5655038.022600012
tot_uptimes: 1471
tot_uptimes_duration: 88200.03039998887
