comms_cons: 176.76336639063433
finished_reconf: true
global_termination_time: 1779981.407
local_termination_time: 379975.23136000003
node_cons: 36563.228239999844
tot_aggregated_send: 25346
tot_msg_rcv: 482
tot_msg_sent: 1039
tot_reconf_duration: 6.279999999999999
tot_sleeping_duration: 1752681.407
tot_uptimes: 456
tot_uptimes_duration: 27300.0
