comms_cons: 175.92476159664162
finished_reconf: true
global_termination_time: 1781697.292
local_termination_time: 264090.692
node_cons: 36642.604059999896
tot_aggregated_send: 25862
tot_msg_rcv: 296
tot_msg_sent: 582
tot_reconf_duration: 5.57
tot_sleeping_duration: 1754337.292
tot_uptimes: 457
tot_uptimes_duration: 27360.0
