comms_cons: 183.49044477701472
finished_reconf: true
global_termination_time: 1778181.739
local_termination_time: 371947.1343600001
node_cons: 36565.37654782232
tot_aggregated_send: 23490
tot_msg_rcv: 1494
tot_msg_sent: 2907
tot_reconf_duration: 7.819999999999999
tot_sleeping_duration: 1750881.6964400131
tot_uptimes: 456
tot_uptimes_duration: 27300.042559986876
