comms_cons: 175.7429311934688
finished_reconf: true
global_termination_time: 1780908.791
local_termination_time: 529279.4883599998
node_cons: 36642.413939999795
tot_aggregated_send: 25694
tot_msg_rcv: 268
tot_msg_sent: 749
tot_reconf_duration: 5.43
tot_sleeping_duration: 1753548.791
tot_uptimes: 457
tot_uptimes_duration: 27360.0
