comms_cons: 2.1579775999970536
finished_reconf: true
global_termination_time: 12192.641
local_termination_time: 7317.0653600000005
node_cons: 275.37740000000025
tot_aggregated_send: 0
tot_msg_rcv: 177
tot_msg_sent: 151
tot_reconf_duration: 25.299999999999997
tot_sleeping_duration: 12012.641
tot_uptimes: 4
tot_uptimes_duration: 180.0
