comms_cons: 1.6842751999986563
finished_reconf: true
global_termination_time: 15267.009
local_termination_time: 11268.51336
node_cons: 253.3913800000008
tot_aggregated_send: 0
tot_msg_rcv: 133
tot_msg_sent: 123
tot_reconf_duration: 9.11
tot_sleeping_duration: 15087.009
tot_uptimes: 4
tot_uptimes_duration: 180.0
