comms_cons: 90.55416321277816
finished_reconf: true
global_termination_time: 457384.3735600003
local_termination_time: 3289.9573600000003
node_cons: 9456.346208083316
tot_aggregated_send: 0
tot_msg_rcv: 6973
tot_msg_sent: 6788
tot_reconf_duration: 18.21
tot_sleeping_duration: 450340.59683999786
tot_uptimes: 118
tot_uptimes_duration: 7043.776720002468
