comms_cons: 803.7781313778257
finished_reconf: true
global_termination_time: 8075101.58
local_termination_time: 3232819.28236
node_cons: 166067.01962781406
tot_aggregated_send: 111940
tot_msg_rcv: 3431
tot_msg_sent: 6796
tot_reconf_duration: 3.08
tot_sleeping_duration: 7951081.537440015
tot_uptimes: 2068
tot_uptimes_duration: 124020.04255998484
