comms_cons: 818.0322306805386
finished_reconf: true
global_termination_time: 8075689.55
local_termination_time: 636752.9868399977
node_cons: 166149.17931339907
tot_aggregated_send: 111186
tot_msg_rcv: 4552
tot_msg_sent: 8597
tot_reconf_duration: 4.390000000000001
tot_sleeping_duration: 7951609.477040026
tot_uptimes: 2069
tot_uptimes_duration: 124080.07295997371
