comms_cons: 814.1351938478401
finished_reconf: true
global_termination_time: 8077663.885
local_termination_time: 708219.0533199996
node_cons: 166147.35145228228
tot_aggregated_send: 111592
tot_msg_rcv: 3991
tot_msg_sent: 8160
tot_reconf_duration: 3.05
tot_sleeping_duration: 7953583.818120024
tot_uptimes: 2069
tot_uptimes_duration: 124080.06687997608
