comms_cons: 811.7470274166014
finished_reconf: true
global_termination_time: 8078016.302
local_termination_time: 731632.5548799991
node_cons: 166153.81283004832
tot_aggregated_send: 111418
tot_msg_rcv: 4008
tot_msg_sent: 7954
tot_reconf_duration: 7.819999999999999
tot_sleeping_duration: 7953936.247280019
tot_uptimes: 2069
tot_uptimes_duration: 124080.05471998057
