comms_cons: 15.829555199956568
finished_reconf: true
global_termination_time: 11974.857240000003
local_termination_time: 2372.832040000001
node_cons: 2063.209925600016
tot_aggregated_send: 0
tot_msg_rcv: 1176
tot_msg_sent: 1229
tot_reconf_duration: 18.21
tot_sleeping_duration: 10452.46683999999
tot_uptimes: 22
tot_uptimes_duration: 1522.3904000000123
