comms_cons: 245.0955647852787
finished_reconf: true
global_termination_time: 2475308.052
local_termination_time: 860337.3773599998
node_cons: 50862.17022334973
tot_aggregated_send: 34684
tot_msg_rcv: 884
tot_msg_sent: 1686
tot_reconf_duration: 5.1
tot_sleeping_duration: 2437328.033760007
tot_uptimes: 634
tot_uptimes_duration: 37980.0182399929
