comms_cons: 199.98716800000955
finished_reconf: true
global_termination_time: 2198083.259
local_termination_time: 7158.251
node_cons: 45167.68833999951
tot_aggregated_send: 30205
tot_msg_rcv: 70
tot_msg_sent: 121
tot_reconf_duration: 12.23
tot_sleeping_duration: 2164363.259
tot_uptimes: 563
tot_uptimes_duration: 33720.0
