comms_cons: 14.217401599998073
finished_reconf: true
global_termination_time: 3528.997880000001
local_termination_time: 3528.956760000001
node_cons: 1483.0746813200014
tot_aggregated_send: 0
tot_msg_rcv: 1102
tot_msg_sent: 1056
tot_reconf_duration: 37.410000000000004
tot_sleeping_duration: 2459.3399999999997
tot_uptimes: 14
tot_uptimes_duration: 1069.657880000001
