comms_cons: 0.8110144000001122
finished_reconf: true
global_termination_time: 6997.075
local_termination_time: 191.75520000000023
node_cons: 95.21010000000001
tot_aggregated_send: 0
tot_msg_rcv: 75
tot_msg_sent: 48
tot_reconf_duration: 10.95
tot_sleeping_duration: 6937.075
tot_uptimes: 2
tot_uptimes_duration: 60.0
