comms_cons: 30.757760000126634
finished_reconf: true
global_termination_time: 311940.084
local_termination_time: 203267.42836000005
node_cons: 6362.218980000003
tot_aggregated_send: 4408
tot_msg_rcv: 103
tot_msg_sent: 164
tot_reconf_duration: 11.31
tot_sleeping_duration: 307200.084
tot_uptimes: 80
tot_uptimes_duration: 4740.0
