comms_cons: 193.37485438680199
finished_reconf: true
global_termination_time: 1932546.52448
local_termination_time: 1932546.48336
node_cons: 39757.16192542973
tot_aggregated_send: 26828
tot_msg_rcv: 747
tot_msg_sent: 1817
tot_reconf_duration: 37.410000000000004
tot_sleeping_duration: 1902892.7835200075
tot_uptimes: 495
tot_uptimes_duration: 29653.740959992516
