comms_cons: 196.52070397449216
finished_reconf: true
global_termination_time: 1935984.632
local_termination_time: 280195.4360400003
node_cons: 39776.934074537
tot_aggregated_send: 25172
tot_msg_rcv: 1634
tot_msg_sent: 3064
tot_reconf_duration: 6.279999999999999
tot_sleeping_duration: 1906284.552960017
tot_uptimes: 496
tot_uptimes_duration: 29700.079039983044
