comms_cons: 564.609177130729
finished_reconf: true
global_termination_time: 1933047.658
local_termination_time: 879070.8015999999
node_cons: 79147.27621399838
tot_aggregated_send: 0
tot_msg_rcv: 28714
tot_msg_sent: 57103
tot_reconf_duration: 13.17
tot_sleeping_duration: 1873951.7719999999
tot_uptimes: 979
tot_uptimes_duration: 59095.88600000019
