comms_cons: 192.8495103933073
finished_reconf: true
global_termination_time: 1933080.893
local_termination_time: 962902.4313599998
node_cons: 39772.48263999969
tot_aggregated_send: 27666
tot_msg_rcv: 604
tot_msg_sent: 1042
tot_reconf_duration: 3.08
tot_sleeping_duration: 1903380.893
tot_uptimes: 496
tot_uptimes_duration: 29700.0
