comms_cons: 194.42193918624093
finished_reconf: true
global_termination_time: 1935074.106
local_termination_time: 1031107.7013599998
node_cons: 39779.2862199997
tot_aggregated_send: 27202
tot_msg_rcv: 848
tot_msg_sent: 1501
tot_reconf_duration: 8.09
tot_sleeping_duration: 1905374.106
tot_uptimes: 496
tot_uptimes_duration: 29700.0
