comms_cons: 193.23468798957217
finished_reconf: true
global_termination_time: 1933021.42
local_termination_time: 533277.4293599998
node_cons: 39785.451539999754
tot_aggregated_send: 27550
tot_msg_rcv: 671
tot_msg_sent: 1149
tot_reconf_duration: 12.629999999999999
tot_sleeping_duration: 1903321.42
tot_uptimes: 496
tot_uptimes_duration: 29700.0
