comms_cons: 64.29319680027382
finished_reconf: true
global_termination_time: 671179.541
local_termination_time: 5531.258
node_cons: 13754.75648112031
tot_aggregated_send: 9325
tot_msg_rcv: 150
tot_msg_sent: 299
tot_reconf_duration: 12.23
tot_sleeping_duration: 660919.5349199997
tot_uptimes: 172
tot_uptimes_duration: 10260.006080000217
