comms_cons: 10.131968000358459
finished_reconf: true
global_termination_time: 179247.029
local_termination_time: 18.55212
node_cons: 3631.9164811202936
tot_aggregated_send: 0
tot_msg_rcv: 102
tot_msg_sent: 1438
tot_reconf_duration: 12.23
tot_sleeping_duration: 176547.02291999978
tot_uptimes: 46
tot_uptimes_duration: 2700.0060800002175
