comms_cons: 2.32903679999492
finished_reconf: true
global_termination_time: 16739.121
local_termination_time: 5979.16136
node_cons: 332.34622000000024
tot_aggregated_send: 0
tot_msg_rcv: 184
tot_msg_sent: 170
tot_reconf_duration: 8.09
tot_sleeping_duration: 16499.121
tot_uptimes: 5
tot_uptimes_duration: 240.0
