comms_cons: 47.657983999874986
finished_reconf: true
global_termination_time: 15319.991240000003
local_termination_time: 503.0854799999991
node_cons: 6460.801986200052
tot_aggregated_send: 0
tot_msg_rcv: 3841
tot_msg_sent: 3400
tot_reconf_duration: 5.57
tot_sleeping_duration: 10500.545439999969
tot_uptimes: 68
tot_uptimes_duration: 4819.445800000035
