comms_cons: 2.704051199993794
finished_reconf: true
global_termination_time: 16667.536
local_termination_time: 4047.3453600000003
node_cons: 339.24486000000013
tot_aggregated_send: 0
tot_msg_rcv: 244
tot_msg_sent: 167
tot_reconf_duration: 13.17
tot_sleeping_duration: 16427.536
tot_uptimes: 5
tot_uptimes_duration: 240.0
