comms_cons: 2.5922047999914337
finished_reconf: true
global_termination_time: 17955.346
local_termination_time: 7960.726360000001
node_cons: 328.7339400000004
tot_aggregated_send: 0
tot_msg_rcv: 223
tot_msg_sent: 171
tot_reconf_duration: 5.43
tot_sleeping_duration: 17715.346
tot_uptimes: 5
tot_uptimes_duration: 240.0
