comms_cons: 267.55632639975363
finished_reconf: true
global_termination_time: 2720375.645
local_termination_time: 1410093.9493599997
node_cons: 55934.52485999894
tot_aggregated_send: 39208
tot_msg_rcv: 499
tot_msg_sent: 960
tot_reconf_duration: 13.17
tot_sleeping_duration: 2678615.645
tot_uptimes: 697
tot_uptimes_duration: 41760.0
