comms_cons: 274.4973824062043
finished_reconf: true
global_termination_time: 2720139.043
local_termination_time: 430011.83336
node_cons: 56002.97418446671
tot_aggregated_send: 37874
tot_msg_rcv: 1294
tot_msg_sent: 2554
tot_reconf_duration: 4.390000000000001
tot_sleeping_duration: 2678319.0186800095
tot_uptimes: 697
tot_uptimes_duration: 41820.02431999083
