comms_cons: 273.99331842160717
finished_reconf: true
global_termination_time: 2720805.85
local_termination_time: 32374.74148
node_cons: 55927.3084067081
tot_aggregated_send: 38048
tot_msg_rcv: 1276
tot_msg_sent: 2321
tot_reconf_duration: 7.819999999999999
tot_sleeping_duration: 2679045.813520008
tot_uptimes: 697
tot_uptimes_duration: 41760.036479991824
