comms_cons: 31.22551039989319
finished_reconf: true
global_termination_time: 319414.91596000025
local_termination_time: 1499.0655600000011
node_cons: 6543.477179840358
tot_aggregated_send: 4524
tot_msg_rcv: 43
tot_msg_sent: 179
tot_reconf_duration: 6.22
tot_sleeping_duration: 314534.3854
tot_uptimes: 82
tot_uptimes_duration: 4880.530560000263
