comms_cons: 10.487244800116498
finished_reconf: true
global_termination_time: 88337.50535999986
local_termination_time: 75487.70599999999
node_cons: 1818.889563679619
tot_aggregated_send: 689
tot_msg_rcv: 373
tot_msg_sent: 531
tot_reconf_duration: 13.17
tot_sleeping_duration: 86992.46824000015
tot_uptimes: 23
tot_uptimes_duration: 1345.037119999717
