comms_cons: 11.369484799976703
finished_reconf: true
global_termination_time: 92989.674
local_termination_time: 23713.32936
node_cons: 1860.2158033597343
tot_aggregated_send: 580
tot_msg_rcv: 397
tot_msg_sent: 751
tot_reconf_duration: 9.11
tot_sleeping_duration: 91609.6557600002
tot_uptimes: 24
tot_uptimes_duration: 1380.0182399998012
