comms_cons: 11.033945599854192
finished_reconf: true
global_termination_time: 88471.281
local_termination_time: 25846.376520000005
node_cons: 1778.1158422383016
tot_aggregated_send: 754
tot_msg_rcv: 404
tot_msg_sent: 519
tot_reconf_duration: 7.819999999999999
tot_sleeping_duration: 87151.26884000127
tot_uptimes: 23
tot_uptimes_duration: 1320.0121599987324
