comms_cons: 11.384524799717854
finished_reconf: true
global_termination_time: 115001.613
local_termination_time: 5147.305
node_cons: 2333.6460833585943
tot_aggregated_send: 694
tot_msg_rcv: 373
tot_msg_sent: 664
tot_reconf_duration: 2.77
tot_sleeping_duration: 113261.59476000105
tot_uptimes: 30
tot_uptimes_duration: 1740.0182399989499
