comms_cons: 51.173017600436935
finished_reconf: true
global_termination_time: 516860.249
local_termination_time: 120107.85211999944
node_cons: 10613.408240000012
tot_aggregated_send: 7366
tot_msg_rcv: 127
tot_msg_sent: 285
tot_reconf_duration: 6.279999999999999
tot_sleeping_duration: 508940.249
tot_uptimes: 133
tot_uptimes_duration: 7920.0
