comms_cons: 51.00195840021408
finished_reconf: true
global_termination_time: 518307.399
local_termination_time: 109488.61795999992
node_cons: 10610.841620000012
tot_aggregated_send: 7424
tot_msg_rcv: 100
tot_msg_sent: 228
tot_reconf_duration: 4.390000000000001
tot_sleeping_duration: 510387.399
tot_uptimes: 133
tot_uptimes_duration: 7920.0
