comms_cons: 15.935449599259323
finished_reconf: true
global_termination_time: 134064.239
local_termination_time: 3522.97312
node_cons: 2745.94892247834
tot_aggregated_send: 0
tot_msg_rcv: 508
tot_msg_sent: 1915
tot_reconf_duration: 10.55
tot_sleeping_duration: 132024.19268000126
tot_uptimes: 35
tot_uptimes_duration: 2040.0463199987598
