comms_cons: 2.236927999996829
finished_reconf: true
global_termination_time: 16711.141
local_termination_time: 4706.02936
node_cons: 342.19172000000026
tot_aggregated_send: 0
tot_msg_rcv: 178
tot_msg_sent: 162
tot_reconf_duration: 15.34
tot_sleeping_duration: 16471.141
tot_uptimes: 5
tot_uptimes_duration: 240.0
