comms_cons: 3.066534399991709
finished_reconf: true
global_termination_time: 17866.365
local_termination_time: 4905.32636
node_cons: 325.55078112000615
tot_aggregated_send: 0
tot_msg_rcv: 291
tot_msg_sent: 175
tot_reconf_duration: 3.08
tot_sleeping_duration: 17626.35892
tot_uptimes: 5
tot_uptimes_duration: 240.00608000000466
