comms_cons: 2.7638911999943785
finished_reconf: true
global_termination_time: 17522.716
local_termination_time: 6578.117360000001
node_cons: 336.2300999999986
tot_aggregated_send: 0
tot_msg_rcv: 254
tot_msg_sent: 166
tot_reconf_duration: 10.95
tot_sleeping_duration: 17282.716
tot_uptimes: 5
tot_uptimes_duration: 240.0
