comms_cons: 88.42507519825338
finished_reconf: true
global_termination_time: 896767.2917199988
local_termination_time: 896767.2505999989
node_cons: 18487.62094231896
tot_aggregated_send: 12920
tot_msg_rcv: 136
tot_msg_sent: 383
tot_reconf_duration: 24.59
tot_sleeping_duration: 882985.1948399997
tot_uptimes: 230
tot_uptimes_duration: 13782.096879999197
