comms_cons: 1.5197951999970905
finished_reconf: true
global_termination_time: 10629.357
local_termination_time: 7389.28436
node_cons: 166.64161999999922
tot_aggregated_send: 0
tot_msg_rcv: 118
tot_msg_sent: 112
tot_reconf_duration: 4.390000000000001
tot_sleeping_duration: 10509.357
tot_uptimes: 3
tot_uptimes_duration: 120.0
