comms_cons: 188.54344958705687
finished_reconf: true
global_termination_time: 1904314.639
local_termination_time: 668400.4693599999
node_cons: 39132.53022335024
tot_aggregated_send: 26158
tot_msg_rcv: 839
tot_msg_sent: 1659
tot_reconf_duration: 5.1
tot_sleeping_duration: 1875094.620760007
tot_uptimes: 488
tot_uptimes_duration: 29220.018239992904
