comms_cons: 188.0407423902192
finished_reconf: true
global_termination_time: 1904869.367
local_termination_time: 1008771.1797599981
node_cons: 39129.74632335033
tot_aggregated_send: 26448
tot_msg_rcv: 676
tot_msg_sent: 1457
tot_reconf_duration: 3.05
tot_sleeping_duration: 1875649.3487600072
tot_uptimes: 488
tot_uptimes_duration: 29220.018239992904
