comms_cons: 318.65169255883046
finished_reconf: true
global_termination_time: 1904905.429
local_termination_time: 1028963.82448
node_cons: 39136.21584223353
tot_aggregated_send: 0
tot_msg_rcv: 24417
tot_msg_sent: 24016
tot_reconf_duration: 7.819999999999999
tot_sleeping_duration: 1875685.4168400047
tot_uptimes: 488
tot_uptimes_duration: 29220.01215999527
