comms_cons: 317.6438525595128
finished_reconf: true
global_termination_time: 1905044.659
local_termination_time: 1030127.7633599999
node_cons: 39140.95526223336
tot_aggregated_send: 0
tot_msg_rcv: 24271
tot_msg_sent: 24009
tot_reconf_duration: 11.31
tot_sleeping_duration: 1875824.6468400047
tot_uptimes: 488
tot_uptimes_duration: 29220.01215999527
