comms_cons: 36.17369600098339
finished_reconf: true
global_termination_time: 349131.262
local_termination_time: 195329.83536000008
node_cons: 7184.649964485755
tot_aggregated_send: 4582
tot_msg_rcv: 355
tot_msg_sent: 562
tot_reconf_duration: 25.299999999999997
tot_sleeping_duration: 343791.2376799957
tot_uptimes: 90
tot_uptimes_duration: 5340.024320004275
