comms_cons: 81.27943680000871
finished_reconf: true
global_termination_time: 830663.572119999
local_termination_time: 830663.530999999
node_cons: 17114.787411678648
tot_aggregated_send: 12166
tot_msg_rcv: 43
tot_msg_sent: 144
tot_reconf_duration: 24.59
tot_sleeping_duration: 817906.743
tot_uptimes: 213
tot_uptimes_duration: 12756.829119998962
