comms_cons: 175.5143679886139
finished_reconf: true
global_termination_time: 1749931.552
local_termination_time: 239273.79936000006
node_cons: 36023.13568782693
tot_aggregated_send: 23664
tot_msg_rcv: 1105
tot_msg_sent: 1910
tot_reconf_duration: 22.65
tot_sleeping_duration: 1723051.5094400097
tot_uptimes: 449
tot_uptimes_duration: 26880.04255999031
