comms_cons: 177.83045118257405
finished_reconf: true
global_termination_time: 1747811.2431200002
local_termination_time: 835.3674799999999
node_cons: 35945.17473756781
tot_aggregated_send: 23258
tot_msg_rcv: 1316
tot_msg_sent: 2456
tot_reconf_duration: 4.390000000000001
tot_sleeping_duration: 1720970.9047200242
tot_uptimes: 448
tot_uptimes_duration: 26840.338399976026
