comms_cons: 64.46168319923063
finished_reconf: true
global_termination_time: 621884.5133599979
local_termination_time: 621884.5133599979
node_cons: 12896.13722528007
tot_aggregated_send: 8396
tot_msg_rcv: 526
tot_msg_sent: 875
tot_reconf_duration: 24.59
tot_sleeping_duration: 612278.2818399979
tot_uptimes: 160
tot_uptimes_duration: 9606.23152000003
