comms_cons: 61.04181760064377
finished_reconf: true
global_termination_time: 623748.076
local_termination_time: 344976.57884000055
node_cons: 12782.50675999998
tot_aggregated_send: 8526
tot_msg_rcv: 258
tot_msg_sent: 494
tot_reconf_duration: 6.22
tot_sleeping_duration: 614208.076
tot_uptimes: 160
tot_uptimes_duration: 9540.0
