comms_cons: 38.91736320138071
finished_reconf: true
global_termination_time: 193065.83280000035
local_termination_time: 362.39403999999945
node_cons: 3996.041107442217
tot_aggregated_send: 0
tot_msg_rcv: 3058
tot_msg_sent: 2853
tot_reconf_duration: 18.21
tot_sleeping_duration: 190099.9538399987
tot_uptimes: 50
tot_uptimes_duration: 2965.8789600016535
