comms_cons: 42.606553600777275
finished_reconf: true
global_termination_time: 411356.3504800001
local_termination_time: 411356.3093600001
node_cons: 8487.484224324995
tot_aggregated_send: 5438
tot_msg_rcv: 382
tot_msg_sent: 654
tot_reconf_duration: 24.59
tot_sleeping_duration: 405042.61559999635
tot_uptimes: 106
tot_uptimes_duration: 6313.734880003714
