comms_cons: 41.685811200598685
finished_reconf: true
global_termination_time: 411551.056
local_termination_time: 237147.57192000074
node_cons: 8439.850041121423
tot_aggregated_send: 5452
tot_msg_rcv: 298
tot_msg_sent: 586
tot_reconf_duration: 3.05
tot_sleeping_duration: 405251.0499199989
tot_uptimes: 106
tot_uptimes_duration: 6300.006080001069
