comms_cons: 241.223526393945
finished_reconf: true
global_termination_time: 2419609.258
local_termination_time: 729476.0569599997
node_cons: 49747.61153999932
tot_aggregated_send: 34104
tot_msg_rcv: 860
tot_msg_sent: 1700
tot_reconf_duration: 12.629999999999999
tot_sleeping_duration: 2382469.258
tot_uptimes: 620
tot_uptimes_duration: 37140.0
