comms_cons: 245.98378237390685
finished_reconf: true
global_termination_time: 2420006.535
local_termination_time: 889988.37836
node_cons: 49738.95560670044
tot_aggregated_send: 32538
tot_msg_rcv: 1593
tot_msg_sent: 3258
tot_reconf_duration: 6.22
tot_sleeping_duration: 2382866.4985200143
tot_uptimes: 620
tot_uptimes_duration: 37140.03647998581
