comms_cons: 234.0822208325091
finished_reconf: true
global_termination_time: 486364.35548000055
local_termination_time: 486364.31436000054
node_cons: 29390.77063716687
tot_aggregated_send: 0
tot_msg_rcv: 14407
tot_msg_sent: 21172
tot_reconf_duration: 24.59
tot_sleeping_duration: 464439.5030399955
tot_uptimes: 356
tot_uptimes_duration: 21924.85244000509
