comms_cons: 42.52794880016292
finished_reconf: true
global_termination_time: 426153.225
local_termination_time: 72574.61847999996
node_cons: 8765.58824000001
tot_aggregated_send: 6032
tot_msg_rcv: 147
tot_msg_sent: 285
tot_reconf_duration: 6.279999999999999
tot_sleeping_duration: 419613.225
tot_uptimes: 110
tot_uptimes_duration: 6540.0
