comms_cons: 124.28874241575005
finished_reconf: true
global_termination_time: 424354.87960000103
local_termination_time: 424354.87960000103
node_cons: 17391.85681576428
tot_aggregated_send: 0
tot_msg_rcv: 6389
tot_msg_sent: 12502
tot_reconf_duration: 37.410000000000004
tot_sleeping_duration: 411404.1297599979
tot_uptimes: 214
tot_uptimes_duration: 12950.749840003169
