comms_cons: 42.00161280050459
finished_reconf: true
global_termination_time: 425020.437
local_termination_time: 153827.1704400007
node_cons: 8694.604860000027
tot_aggregated_send: 6032
tot_msg_rcv: 132
tot_msg_sent: 220
tot_reconf_duration: 13.17
tot_sleeping_duration: 418540.437
tot_uptimes: 109
tot_uptimes_duration: 6480.0
