comms_cons: 42.001612799955964
finished_reconf: true
global_termination_time: 425890.313
local_termination_time: 48674.458480000016
node_cons: 8767.67956000001
tot_aggregated_send: 6206
tot_msg_rcv: 69
tot_msg_sent: 109
tot_reconf_duration: 7.819999999999999
tot_sleeping_duration: 419350.313
tot_uptimes: 110
tot_uptimes_duration: 6540.0
