comms_cons: 33.021004800647326
finished_reconf: true
global_termination_time: 319647.333
local_termination_time: 20170.61816
node_cons: 6513.517902242867
tot_aggregated_send: 4176
tot_msg_rcv: 321
tot_msg_sent: 522
tot_reconf_duration: 4.390000000000001
tot_sleeping_duration: 314787.32083999785
tot_uptimes: 82
tot_uptimes_duration: 4860.0121600021375
