comms_cons: 93.02093439613068
finished_reconf: true
global_termination_time: 927772.832
local_termination_time: 301321.9613600001
node_cons: 19061.46056671945
tot_aggregated_send: 12644
tot_msg_rcv: 513
tot_msg_sent: 982
tot_reconf_duration: 15.34
tot_sleeping_duration: 913552.7955200005
tot_uptimes: 238
tot_uptimes_duration: 14220.036479999544
