comms_cons: 91.37255679869993
finished_reconf: true
global_termination_time: 926483.155
local_termination_time: 321979.4295200008
node_cons: 19060.510316402542
tot_aggregated_send: 12876
tot_msg_rcv: 323
tot_msg_sent: 690
tot_reconf_duration: 13.17
tot_sleeping_duration: 912261.6273999981
tot_uptimes: 238
tot_uptimes_duration: 14221.527600001893
