comms_cons: 94.57565439396417
finished_reconf: true
global_termination_time: 926172.247
local_termination_time: 496752.37736000004
node_cons: 19053.000226701002
tot_aggregated_send: 12122
tot_msg_rcv: 746
tot_msg_sent: 1507
tot_reconf_duration: 9.11
tot_sleeping_duration: 911952.2105200142
tot_uptimes: 238
tot_uptimes_duration: 14220.036479985807
