comms_cons: 94.27169279446
finished_reconf: true
global_termination_time: 926518.04
local_termination_time: 462653.7103600001
node_cons: 19071.37126447199
tot_aggregated_send: 12644
tot_msg_rcv: 598
tot_msg_sent: 1087
tot_reconf_duration: 22.65
tot_sleeping_duration: 912298.015680006
tot_uptimes: 238
tot_uptimes_duration: 14220.024319993972
