comms_cons: 94.11588479500806
finished_reconf: true
global_termination_time: 927873.151
local_termination_time: 678127.9653599999
node_cons: 19057.76410447656
tot_aggregated_send: 12006
tot_msg_rcv: 672
tot_msg_sent: 1626
tot_reconf_duration: 12.629999999999999
tot_sleeping_duration: 913653.1266800025
tot_uptimes: 238
tot_uptimes_duration: 14220.024319997407
