comms_cons: 96.12931839189751
finished_reconf: true
global_termination_time: 927114.558
local_termination_time: 374038.4115200004
node_cons: 19051.280971182154
tot_aggregated_send: 12122
tot_msg_rcv: 918
tot_msg_sent: 1571
tot_reconf_duration: 7.819999999999999
tot_sleeping_duration: 912894.4972000133
tot_uptimes: 238
tot_uptimes_duration: 14220.060799986648
