comms_cons: 95.42117119519332
finished_reconf: true
global_termination_time: 927983.786
local_termination_time: 429867.53148000006
node_cons: 19055.995967826988
tot_aggregated_send: 12006
tot_msg_rcv: 758
tot_msg_sent: 1739
tot_reconf_duration: 11.31
tot_sleeping_duration: 913763.7434400097
tot_uptimes: 238
tot_uptimes_duration: 14220.042559990266
