comms_cons: 255.43859183389804
finished_reconf: true
global_termination_time: 1704042.115
local_termination_time: 510836.18436000013
node_cons: 35032.39818223368
tot_aggregated_send: 0
tot_msg_rcv: 19572
tot_msg_sent: 19253
tot_reconf_duration: 3.05
tot_sleeping_duration: 1677882.1028400047
tot_uptimes: 437
tot_uptimes_duration: 26160.01215999527
