comms_cons: 166.9340415947371
finished_reconf: true
global_termination_time: 1703210.258
local_termination_time: 543542.8303599999
node_cons: 35038.875842233705
tot_aggregated_send: 23722
tot_msg_rcv: 541
tot_msg_sent: 1110
tot_reconf_duration: 7.819999999999999
tot_sleeping_duration: 1677050.2458400046
tot_uptimes: 437
tot_uptimes_duration: 26160.01215999527
