comms_cons: 167.4406399967435
finished_reconf: true
global_termination_time: 1703934.704
local_termination_time: 1133955.9850799998
node_cons: 35043.59898000003
tot_aggregated_send: 24418
tot_msg_rcv: 323
tot_msg_sent: 709
tot_reconf_duration: 11.31
tot_sleeping_duration: 1677774.704
tot_uptimes: 437
tot_uptimes_duration: 26160.0
