comms_cons: 102.22760959953962
finished_reconf: true
global_termination_time: 1041140.743
local_termination_time: 570416.6414799988
node_cons: 21382.81138000001
tot_aggregated_send: 15138
tot_msg_rcv: 151
tot_msg_sent: 249
tot_reconf_duration: 9.11
tot_sleeping_duration: 1025180.743
tot_uptimes: 267
tot_uptimes_duration: 15960.0
