comms_cons: 102.01707519770562
finished_reconf: true
global_termination_time: 1042239.547
local_termination_time: 643669.5163599999
node_cons: 21390.959380000015
tot_aggregated_send: 15138
tot_msg_rcv: 96
tot_msg_sent: 272
tot_reconf_duration: 15.110000000000001
tot_sleeping_duration: 1026279.547
tot_uptimes: 267
tot_uptimes_duration: 15960.0
