comms_cons: 103.34607359816182
finished_reconf: true
global_termination_time: 1041810.193
local_termination_time: 193403.61692000076
node_cons: 21378.886760000034
tot_aggregated_send: 14732
tot_msg_rcv: 285
tot_msg_sent: 691
tot_reconf_duration: 6.22
tot_sleeping_duration: 1025850.193
tot_uptimes: 267
tot_uptimes_duration: 15960.0
