comms_cons: 239.8052607873277
finished_reconf: true
global_termination_time: 2361811.115
local_termination_time: 407877.3183600001
node_cons: 48529.55074670074
tot_aggregated_send: 32422
tot_msg_rcv: 1411
tot_msg_sent: 2616
tot_reconf_duration: 3.05
tot_sleeping_duration: 2325571.0785200144
tot_uptimes: 605
tot_uptimes_duration: 36240.03647998604
