comms_cons: 238.89428479470186
finished_reconf: true
global_termination_time: 2360646.787
local_termination_time: 116201.62055999986
node_cons: 48532.77464558386
tot_aggregated_send: 32654
tot_msg_rcv: 1271
tot_msg_sent: 2385
tot_reconf_duration: 5.43
tot_sleeping_duration: 2324406.7566000116
tot_uptimes: 605
tot_uptimes_duration: 36240.030399988405
