comms_cons: 230.67555838534994
finished_reconf: true
global_termination_time: 2270532.967
local_termination_time: 878899.638
node_cons: 46719.664828247696
tot_aggregated_send: 30448
tot_msg_rcv: 1534
tot_msg_sent: 3081
tot_reconf_duration: 22.65
tot_sleeping_duration: 2235664.478480024
tot_uptimes: 582
tot_uptimes_duration: 34868.488519976265
