comms_cons: 225.77840640090164
finished_reconf: true
global_termination_time: 2270842.629
local_termination_time: 799507.8200799996
node_cons: 46688.5262199994
tot_aggregated_send: 32538
tot_msg_rcv: 626
tot_msg_sent: 1153
tot_reconf_duration: 8.09
tot_sleeping_duration: 2235982.629
tot_uptimes: 582
tot_uptimes_duration: 34860.0
