comms_cons: 175.6979200205542
finished_reconf: true
global_termination_time: 362031.9366000001
local_termination_time: 362031.89548000006
node_cons: 22126.260826203852
tot_aggregated_send: 0
tot_msg_rcv: 10767
tot_msg_sent: 15936
tot_reconf_duration: 37.410000000000004
tot_sleeping_duration: 345545.4107999972
tot_uptimes: 273
tot_uptimes_duration: 16486.525800002844
