comms_cons: 37.1862656009827
finished_reconf: true
global_termination_time: 362444.768
local_termination_time: 150605.27536000006
node_cons: 7412.128002242865
tot_aggregated_send: 4698
tot_msg_rcv: 328
tot_msg_sent: 626
tot_reconf_duration: 15.34
tot_sleeping_duration: 356924.75583999784
tot_uptimes: 93
tot_uptimes_duration: 5520.0121600021375
