comms_cons: 72.73768960813719
finished_reconf: true
global_termination_time: 364186.434
local_termination_time: 1320.4693600000003
node_cons: 7502.394982240591
tot_aggregated_send: 0
tot_msg_rcv: 5675
tot_msg_sent: 5380
tot_reconf_duration: 22.65
tot_sleeping_duration: 358606.42183999956
tot_uptimes: 94
tot_uptimes_duration: 5580.012160000435
