comms_cons: 37.83697920106895
finished_reconf: true
global_termination_time: 363950.668
local_termination_time: 164051.87360000054
node_cons: 7475.778182242855
tot_aggregated_send: 4756
tot_msg_rcv: 356
tot_msg_sent: 639
tot_reconf_duration: 3.05
tot_sleeping_duration: 358370.65583999787
tot_uptimes: 94
tot_uptimes_duration: 5580.0121600021375
