comms_cons: 30.368985600688948
finished_reconf: true
global_termination_time: 290849.178
local_termination_time: 30305.28648
node_cons: 5951.129761121436
tot_aggregated_send: 3770
tot_msg_rcv: 323
tot_msg_sent: 523
tot_reconf_duration: 4.390000000000001
tot_sleeping_duration: 286409.17191999895
tot_uptimes: 75
tot_uptimes_duration: 4440.006080001069
