comms_cons: 29.34823680008357
finished_reconf: true
global_termination_time: 292219.555
local_termination_time: 34615.378280000165
node_cons: 5949.310041119161
tot_aggregated_send: 3944
tot_msg_rcv: 168
tot_msg_sent: 348
tot_reconf_duration: 3.05
tot_sleeping_duration: 287779.5489200006
tot_uptimes: 75
tot_uptimes_duration: 4440.006079999366
