comms_cons: 67.83109119962668
finished_reconf: true
global_termination_time: 669161.28
local_termination_time: 293828.79232000024
node_cons: 13758.99614335975
tot_aggregated_send: 8178
tot_msg_rcv: 655
tot_msg_sent: 1478
tot_reconf_duration: 15.34
tot_sleeping_duration: 658901.2617600003
tot_uptimes: 172
tot_uptimes_duration: 10260.018239999772
