comms_cons: 68.33717759991993
finished_reconf: true
global_termination_time: 670515.749
local_termination_time: 283410.3205600002
node_cons: 13745.098364485711
tot_aggregated_send: 8874
tot_msg_rcv: 524
tot_msg_sent: 989
tot_reconf_duration: 5.1
tot_sleeping_duration: 660255.7246799957
tot_uptimes: 172
tot_uptimes_duration: 10260.024320004275
