comms_cons: 67.05520639858736
finished_reconf: true
global_termination_time: 670962.994
local_termination_time: 208913.45536000005
node_cons: 13746.594901121452
tot_aggregated_send: 9338
tot_msg_rcv: 278
tot_msg_sent: 576
tot_reconf_duration: 6.22
tot_sleeping_duration: 660702.9879199989
tot_uptimes: 172
tot_uptimes_duration: 10260.006080001069
