comms_cons: 67.79270399919838
finished_reconf: true
global_termination_time: 668965.3910000002
local_termination_time: 285334.36352000036
node_cons: 13775.266520000285
tot_aggregated_send: 8410
tot_msg_rcv: 616
tot_msg_sent: 1278
tot_reconf_duration: 5.43
tot_sleeping_duration: 658683.171
tot_uptimes: 172
tot_uptimes_duration: 10282.220000000205
