comms_cons: 221.2200383882266
finished_reconf: true
global_termination_time: 2195645.77
local_termination_time: 1482363.275359999
node_cons: 45185.453682233245
tot_aggregated_send: 30798
tot_msg_rcv: 1048
tot_msg_sent: 1778
tot_reconf_duration: 25.299999999999997
tot_sleeping_duration: 2161925.7578400047
tot_uptimes: 563
tot_uptimes_duration: 33720.01215999527
