comms_cons: 221.96034559136552
finished_reconf: true
global_termination_time: 2195551.7024799976
local_termination_time: 7335.9376
node_cons: 45185.67757129401
tot_aggregated_send: 30160
tot_msg_rcv: 1130
tot_msg_sent: 2444
tot_reconf_duration: 11.31
tot_sleeping_duration: 2161817.334600017
tot_uptimes: 563
tot_uptimes_duration: 33734.36787998094
