comms_cons: 100.58727039033889
finished_reconf: true
global_termination_time: 956363.954
local_termination_time: 299009.50336000003
node_cons: 19611.602215667826
tot_aggregated_send: 11832
tot_msg_rcv: 1293
tot_msg_sent: 2164
tot_reconf_duration: 6.279999999999999
tot_sleeping_duration: 941723.868880009
tot_uptimes: 245
tot_uptimes_duration: 14640.085119990923
