comms_cons: 94.52336639878015
finished_reconf: true
global_termination_time: 961064.455
local_termination_time: 629309.6242799993
node_cons: 19772.168240000068
tot_aggregated_send: 14094
tot_msg_rcv: 104
tot_msg_sent: 169
tot_reconf_duration: 6.279999999999999
tot_sleeping_duration: 946304.455
tot_uptimes: 247
tot_uptimes_duration: 14760.0
