comms_cons: 94.91874559831275
finished_reconf: true
global_termination_time: 963169.623
local_termination_time: 586471.0833599999
node_cons: 19770.171980000105
tot_aggregated_send: 13920
tot_msg_rcv: 192
tot_msg_sent: 315
tot_reconf_duration: 4.8100000000000005
tot_sleeping_duration: 948409.623
tot_uptimes: 247
tot_uptimes_duration: 14760.0
