comms_cons: 96.06289919821121
finished_reconf: true
global_termination_time: 962784.495
local_termination_time: 108875.42935999998
node_cons: 19771.01394000004
tot_aggregated_send: 13514
tot_msg_rcv: 338
tot_msg_sent: 749
tot_reconf_duration: 5.43
tot_sleeping_duration: 948024.495
tot_uptimes: 247
tot_uptimes_duration: 14760.0
