comms_cons: 75.16203519736621
finished_reconf: true
global_termination_time: 752178.203
local_termination_time: 249386.147
node_cons: 15443.909986721013
tot_aggregated_send: 10491
tot_msg_rcv: 296
tot_msg_sent: 639
tot_reconf_duration: 13.17
tot_sleeping_duration: 740657.6465199993
tot_uptimes: 193
tot_uptimes_duration: 11520.556480000727
