comms_cons: 76.89347839511414
finished_reconf: true
global_termination_time: 750088.51
local_termination_time: 308686.71036
node_cons: 15431.257902242825
tot_aggregated_send: 10092
tot_msg_rcv: 551
tot_msg_sent: 1044
tot_reconf_duration: 4.390000000000001
tot_sleeping_duration: 738568.4978399979
tot_uptimes: 193
tot_uptimes_duration: 11520.012160002138
