comms_cons: 75.68711679770414
finished_reconf: true
global_termination_time: 751442.598
local_termination_time: 223140.22036000006
node_cons: 15440.687826719446
tot_aggregated_send: 10208
tot_msg_rcv: 370
tot_msg_sent: 927
tot_reconf_duration: 11.31
tot_sleeping_duration: 739922.5615200005
tot_uptimes: 193
tot_uptimes_duration: 11520.036479999573
