comms_cons: 27.744960000351654
finished_reconf: true
global_termination_time: 269947.97912000003
local_termination_time: 177610.08536000008
node_cons: 5579.241131922915
tot_aggregated_send: 3538
tot_msg_rcv: 233
tot_msg_sent: 445
tot_reconf_duration: 25.299999999999997
tot_sleeping_duration: 265806.9158399979
tot_uptimes: 70
tot_uptimes_duration: 4141.063280002156
