comms_cons: 27.251673600069417
finished_reconf: true
global_termination_time: 271153.872
local_termination_time: 80231.23335999997
node_cons: 5549.437902242867
tot_aggregated_send: 3712
tot_msg_rcv: 142
tot_msg_sent: 288
tot_reconf_duration: 4.390000000000001
tot_sleeping_duration: 267013.85983999784
tot_uptimes: 70
tot_uptimes_duration: 4140.0121600021375
