comms_cons: 67.23845119854195
finished_reconf: true
global_termination_time: 664584.943
local_termination_time: 286191.39236000006
node_cons: 13682.53732112148
tot_aggregated_send: 9280
tot_msg_rcv: 375
tot_msg_sent: 564
tot_reconf_duration: 18.21
tot_sleeping_duration: 654384.9369199988
tot_uptimes: 171
tot_uptimes_duration: 10200.006080001069
