comms_cons: 68.01429120117314
finished_reconf: true
global_termination_time: 664131.71024
local_termination_time: 1555.2180000000021
node_cons: 13685.314762724354
tot_aggregated_send: 8816
tot_msg_rcv: 569
tot_msg_sent: 951
tot_reconf_duration: 6.22
tot_sleeping_duration: 653917.4697599967
tot_uptimes: 171
tot_uptimes_duration: 10214.240480003238
