comms_cons: 31.212351999914553
finished_reconf: true
global_termination_time: 12086.37148000002
local_termination_time: 1706.9770400000014
node_cons: 3629.4415463200594
tot_aggregated_send: 0
tot_msg_rcv: 2381
tot_msg_sent: 2363
tot_reconf_duration: 18.21
tot_sleeping_duration: 9394.278599999976
tot_uptimes: 41
tot_uptimes_duration: 2692.0928800000434
