comms_cons: 25.77918719863565
finished_reconf: true
global_termination_time: 127063.78515999955
local_termination_time: 127063.74403999955
node_cons: 2674.8255584788253
tot_aggregated_send: 0
tot_msg_rcv: 2015
tot_msg_sent: 1904
tot_reconf_duration: 24.59
tot_sleeping_duration: 125091.09484000041
tot_uptimes: 33
tot_uptimes_duration: 1972.6903199991284
