comms_cons: 16.343359999958622
finished_reconf: true
global_termination_time: 11407.375240000003
local_termination_time: 735.2860399999995
node_cons: 2016.6528667200205
tot_aggregated_send: 0
tot_msg_rcv: 1171
tot_msg_sent: 1313
tot_reconf_duration: 4.390000000000001
tot_sleeping_duration: 9905.738759999987
tot_uptimes: 22
tot_uptimes_duration: 1501.6364800000156
