comms_cons: 107.7377343955566
finished_reconf: true
global_termination_time: 1074891.698
local_termination_time: 500188.4834400007
node_cons: 22106.300501116842
tot_aggregated_send: 14964
tot_msg_rcv: 432
tot_msg_sent: 979
tot_reconf_duration: 9.42
tot_sleeping_duration: 1058391.6919200025
tot_uptimes: 276
tot_uptimes_duration: 16500.006079997635
