comms_cons: 109.17587199148474
finished_reconf: true
global_termination_time: 1074957.491
local_termination_time: 458000.10956000065
node_cons: 22109.69276447191
tot_aggregated_send: 14616
tot_msg_rcv: 650
tot_msg_sent: 1329
tot_reconf_duration: 11.899999999999999
tot_sleeping_duration: 1058457.466680006
tot_uptimes: 276
tot_uptimes_duration: 16500.024319993972
