comms_cons: 111.29975678837027
finished_reconf: true
global_termination_time: 1073194.444
local_termination_time: 60800.82112
node_cons: 22028.575967829373
tot_aggregated_send: 13688
tot_msg_rcv: 1022
tot_msg_sent: 2206
tot_reconf_duration: 11.31
tot_sleeping_duration: 1056754.4014400078
tot_uptimes: 275
tot_uptimes_duration: 16440.04255999204
