comms_cons: 110.488563190104
finished_reconf: true
global_termination_time: 1077467.647
local_termination_time: 322523.4982000002
node_cons: 22114.37242558883
tot_aggregated_send: 14210
tot_msg_rcv: 851
tot_msg_sent: 1733
tot_reconf_duration: 15.34
tot_sleeping_duration: 1060967.6166000084
tot_uptimes: 276
tot_uptimes_duration: 16500.030399991607
