comms_cons: 270.6548672005117
finished_reconf: true
global_termination_time: 2727605.84448
local_termination_time: 2727605.80336
node_cons: 56129.07980095678
tot_aggregated_send: 39310
tot_msg_rcv: 658
tot_msg_sent: 1168
tot_reconf_duration: 24.59
tot_sleeping_duration: 2685712.127840001
tot_uptimes: 699
tot_uptimes_duration: 41893.71663999854
