comms_cons: 116.50307199111539
finished_reconf: true
global_termination_time: 1144915.345
local_termination_time: 92044.62335999997
node_cons: 23548.22965119367
tot_aggregated_send: 15254
tot_msg_rcv: 787
tot_msg_sent: 1664
tot_reconf_duration: 6.279999999999999
tot_sleeping_duration: 1127335.2842000048
tot_uptimes: 294
tot_uptimes_duration: 17580.060799995248
