comms_cons: 116.30791039316563
finished_reconf: true
global_termination_time: 1146095.595
local_termination_time: 431468.38164000085
node_cons: 23543.867768948512
tot_aggregated_send: 15022
tot_msg_rcv: 849
tot_msg_sent: 1810
tot_reconf_duration: 3.08
tot_sleeping_duration: 1128515.5463600087
tot_uptimes: 294
tot_uptimes_duration: 17580.04863999138
