comms_cons: 114.25320319280561
finished_reconf: true
global_termination_time: 1143105.493
local_termination_time: 499519.79136000003
node_cons: 23471.72465005155
tot_aggregated_send: 15602
tot_msg_rcv: 540
tot_msg_sent: 1223
tot_reconf_duration: 9.11
tot_sleeping_duration: 1125585.4382800213
tot_uptimes: 293
tot_uptimes_duration: 17520.05471997874
