comms_cons: 113.48789759754925
finished_reconf: true
global_termination_time: 1141966.951
local_termination_time: 590379.7660000001
node_cons: 23475.45648223373
tot_aggregated_send: 15944
tot_msg_rcv: 411
tot_msg_sent: 894
tot_reconf_duration: 11.899999999999999
tot_sleeping_duration: 1124446.9388400046
tot_uptimes: 293
tot_uptimes_duration: 17520.01215999527
