comms_cons: 118.4193023873063
finished_reconf: true
global_termination_time: 1142972.54
local_termination_time: 171499.70012000093
node_cons: 23467.816312303585
tot_aggregated_send: 14964
tot_msg_rcv: 1054
tot_msg_sent: 1982
tot_reconf_duration: 6.22
tot_sleeping_duration: 1125452.4731200123
tot_uptimes: 293
tot_uptimes_duration: 17520.066879987717
