comms_cons: 107.20211199540692
finished_reconf: true
global_termination_time: 1070309.601
local_termination_time: 625144.4304799999
node_cons: 22031.04486000009
tot_aggregated_send: 15196
tot_msg_rcv: 414
tot_msg_sent: 684
tot_reconf_duration: 13.17
tot_sleeping_duration: 1053869.601
tot_uptimes: 275
tot_uptimes_duration: 16440.0
