comms_cons: 106.58410879640306
finished_reconf: true
global_termination_time: 1070512.344
local_termination_time: 617542.497
node_cons: 22028.527121116782
tot_aggregated_send: 15303
tot_msg_rcv: 322
tot_msg_sent: 575
tot_reconf_duration: 11.31
tot_sleeping_duration: 1054072.3379200024
tot_uptimes: 275
tot_uptimes_duration: 16440.006079997635
