comms_cons: 223.58684158911927
finished_reconf: true
global_termination_time: 2233192.615
local_termination_time: 142179.52136000004
node_cons: 45889.54782670048
tot_aggregated_send: 31030
tot_msg_rcv: 867
tot_msg_sent: 2086
tot_reconf_duration: 11.31
tot_sleeping_duration: 2198932.5785200144
tot_uptimes: 572
tot_uptimes_duration: 34260.03647998581
