comms_cons: 59.286425600106796
finished_reconf: true
global_termination_time: 630865.919
local_termination_time: 402336.2856400009
node_cons: 12959.477321121476
tot_aggregated_send: 8700
tot_msg_rcv: 82
tot_msg_sent: 229
tot_reconf_duration: 18.21
tot_sleeping_duration: 621205.912919999
tot_uptimes: 162
tot_uptimes_duration: 9660.006080001069
