comms_cons: 65.84835839971095
finished_reconf: true
global_termination_time: 630716.8273999982
local_termination_time: 630716.7862799983
node_cons: 13044.245943445363
tot_aggregated_send: 8164
tot_msg_rcv: 624
tot_msg_sent: 1220
tot_reconf_duration: 24.59
tot_sleeping_duration: 620999.9844399942
tot_uptimes: 162
tot_uptimes_duration: 9716.842960003982
