comms_cons: 64.30635520049618
finished_reconf: true
global_termination_time: 632008.313
local_termination_time: 121427.40315999954
node_cons: 12941.304544483457
tot_aggregated_send: 8468
tot_msg_rcv: 435
tot_msg_sent: 872
tot_reconf_duration: 4.8100000000000005
tot_sleeping_duration: 622348.2886799973
tot_uptimes: 162
tot_uptimes_duration: 9660.024320002572
