comms_cons: 63.134003199947465
finished_reconf: true
global_termination_time: 631254.527
local_termination_time: 310839.46336
node_cons: 12940.717902242819
tot_aggregated_send: 8758
tot_msg_rcv: 260
tot_msg_sent: 578
tot_reconf_duration: 4.390000000000001
tot_sleeping_duration: 621594.5148399979
tot_uptimes: 162
tot_uptimes_duration: 9660.012160002138
