comms_cons: 64.97486080133208
finished_reconf: true
global_termination_time: 632761.529
local_termination_time: 267017.66099999996
node_cons: 13030.99953624709
tot_aggregated_send: 8004
tot_msg_rcv: 733
tot_msg_sent: 1139
tot_reconf_duration: 7.819999999999999
tot_sleeping_duration: 623037.5708399947
tot_uptimes: 163
tot_uptimes_duration: 9723.958160005306
