comms_cons: 63.98929919858096
finished_reconf: true
global_termination_time: 634301.733
local_termination_time: 220824.59136000005
node_cons: 13022.470222238273
tot_aggregated_send: 8468
tot_msg_rcv: 464
tot_msg_sent: 794
tot_reconf_duration: 5.43
tot_sleeping_duration: 624581.7208400014
tot_uptimes: 163
tot_uptimes_duration: 9720.012159998703
