comms_cons: 65.93044479910327
finished_reconf: true
global_termination_time: 635660.536
local_termination_time: 139852.87288000045
node_cons: 13035.928002242876
tot_aggregated_send: 8410
tot_msg_rcv: 666
tot_msg_sent: 945
tot_reconf_duration: 15.34
tot_sleeping_duration: 625940.5238399978
tot_uptimes: 163
tot_uptimes_duration: 9720.012160002138
