comms_cons: 267.477376003656
finished_reconf: true
global_termination_time: 2669008.619
local_termination_time: 1196835.70836
node_cons: 54879.80848335031
tot_aggregated_send: 37526
tot_msg_rcv: 1040
tot_msg_sent: 2089
tot_reconf_duration: 5.57
tot_sleeping_duration: 2628028.6007600063
tot_uptimes: 684
tot_uptimes_duration: 40980.01823999337
