comms_cons: 27.738534400088902
finished_reconf: true
global_termination_time: 282760.651
local_termination_time: 8119.057000000001
node_cons: 5829.396964640012
tot_aggregated_send: 4000
tot_msg_rcv: 51
tot_msg_sent: 166
tot_reconf_duration: 22.65
tot_sleeping_duration: 278430.07724
tot_uptimes: 73
tot_uptimes_duration: 4330.573760000004
