comms_cons: 39.403456000240745
finished_reconf: true
global_termination_time: 395991.292
local_termination_time: 92450.59907999962
node_cons: 8121.90406
tot_aggregated_send: 5568
tot_msg_rcv: 136
tot_msg_sent: 285
tot_reconf_duration: 5.57
tot_sleeping_duration: 389931.292
tot_uptimes: 102
tot_uptimes_duration: 6060.0
