comms_cons: 176.9876863929248
finished_reconf: true
global_termination_time: 1777903.7494799998
local_termination_time: 1777903.7083599998
node_cons: 36606.49236543907
tot_aggregated_send: 25216
tot_msg_rcv: 509
tot_msg_sent: 1176
tot_reconf_duration: 24.59
tot_sleeping_duration: 1750590.0085200004
tot_uptimes: 456
tot_uptimes_duration: 27313.740959999384
