comms_cons: 93.31768961295967
finished_reconf: true
global_termination_time: 469026.597
local_termination_time: 267556.02836
node_cons: 9649.344522242833
tot_aggregated_send: 0
tot_msg_rcv: 7225
tot_msg_sent: 6959
tot_reconf_duration: 6.279999999999999
tot_sleeping_duration: 461826.5848399979
tot_uptimes: 121
tot_uptimes_duration: 7200.0121600021375
