comms_cons: 49.1071488013918
finished_reconf: true
global_termination_time: 470398.49
local_termination_time: 352570.3802000006
node_cons: 9647.742082242841
tot_aggregated_send: 5974
tot_msg_rcv: 504
tot_msg_sent: 987
tot_reconf_duration: 5.1
tot_sleeping_duration: 463198.47783999785
tot_uptimes: 121
tot_uptimes_duration: 7200.0121600021375
