comms_cons: 47.49524480011741
finished_reconf: true
global_termination_time: 470423.725
local_termination_time: 325307.90820000065
node_cons: 9658.68485999999
tot_aggregated_send: 6554
tot_msg_rcv: 271
tot_msg_sent: 394
tot_reconf_duration: 13.17
tot_sleeping_duration: 463223.725
tot_uptimes: 121
tot_uptimes_duration: 7200.0
