comms_cons: 47.77877760076994
finished_reconf: true
global_termination_time: 470293.51
local_termination_time: 292564.74260000006
node_cons: 9649.271183364266
tot_aggregated_send: 6322
tot_msg_rcv: 304
tot_msg_sent: 636
tot_reconf_duration: 6.22
tot_sleeping_duration: 463093.4917599968
tot_uptimes: 121
tot_uptimes_duration: 7200.018240003206
