comms_cons: 86.7215999989329
finished_reconf: true
global_termination_time: 853044.681
local_termination_time: 274568.46248000005
node_cons: 17524.739560000035
tot_aggregated_send: 11774
tot_msg_rcv: 541
tot_msg_sent: 866
tot_reconf_duration: 7.819999999999999
tot_sleeping_duration: 839964.681
tot_uptimes: 219
tot_uptimes_duration: 13080.0
