comms_cons: 85.17768959664465
finished_reconf: true
global_termination_time: 853938.229
local_termination_time: 229310.68852000037
node_cons: 17522.59118335972
tot_aggregated_send: 11948
tot_msg_rcv: 302
tot_msg_sent: 696
tot_reconf_duration: 6.22
tot_sleeping_duration: 840858.2107600003
tot_uptimes: 219
tot_uptimes_duration: 13080.018239999772
