comms_cons: 323.6909696065535
finished_reconf: true
global_termination_time: 3218567.102
local_termination_time: 512977.76936000003
node_cons: 66208.72894558335
tot_aggregated_send: 43674
tot_msg_rcv: 1806
tot_msg_sent: 3720
tot_reconf_duration: 6.279999999999999
tot_sleeping_duration: 3169127.0716000115
tot_uptimes: 825
tot_uptimes_duration: 49440.03039998864
