comms_cons: 314.064691192266
finished_reconf: true
global_termination_time: 3218654.462
local_termination_time: 1722705.6544799998
node_cons: 66218.04485999851
tot_aggregated_send: 46458
tot_msg_rcv: 418
tot_msg_sent: 860
tot_reconf_duration: 13.17
tot_sleeping_duration: 3169214.462
tot_uptimes: 825
tot_uptimes_duration: 49440.0
