comms_cons: 319.7365888001438
finished_reconf: true
global_termination_time: 3216017.05248
local_termination_time: 3216017.01136
node_cons: 66189.00564319808
tot_aggregated_send: 46200
tot_msg_rcv: 880
tot_msg_sent: 1518
tot_reconf_duration: 37.410000000000004
tot_sleeping_duration: 3166623.3236800004
tot_uptimes: 824
tot_uptimes_duration: 49393.72879999983
