comms_cons: 318.6970751978864
finished_reconf: true
global_termination_time: 3217807.69
local_termination_time: 581211.1053599998
node_cons: 66225.55459999853
tot_aggregated_send: 46284
tot_msg_rcv: 734
tot_msg_sent: 1422
tot_reconf_duration: 18.700000000000003
tot_sleeping_duration: 3168367.69
tot_uptimes: 825
tot_uptimes_duration: 49440.0
