comms_cons: 327.6935680164507
finished_reconf: true
global_termination_time: 3217085.138
local_termination_time: 607363.7324799978
node_cons: 66156.92753276807
tot_aggregated_send: 43326
tot_msg_rcv: 2301
tot_msg_sent: 4181
tot_reconf_duration: 15.34
tot_sleeping_duration: 3167692.9828000227
tot_uptimes: 824
tot_uptimes_duration: 49392.15519997722
