comms_cons: 0.6973952000015551
finished_reconf: true
global_termination_time: 6370.117
local_termination_time: 1293.1163600000002
node_cons: 98.22486000000009
tot_aggregated_send: 0
tot_msg_rcv: 60
tot_msg_sent: 46
tot_reconf_duration: 13.17
tot_sleeping_duration: 6310.117
tot_uptimes: 2
tot_uptimes_duration: 60.0
