comms_cons: 128.15028479537204
finished_reconf: true
global_termination_time: 1295532.972
local_termination_time: 196464.78900000002
node_cons: 26631.202231441486
tot_aggregated_send: 18423
tot_msg_rcv: 300
tot_msg_sent: 756
tot_reconf_duration: 25.299999999999997
tot_sleeping_duration: 1275669.757039999
tot_uptimes: 332
tot_uptimes_duration: 19863.21496000106
