comms_cons: 127.29436159733363
finished_reconf: true
global_termination_time: 1294808.174
local_termination_time: 1055613.1180399985
node_cons: 26607.898980000118
tot_aggregated_send: 18792
tot_msg_rcv: 219
tot_msg_sent: 337
tot_reconf_duration: 11.31
tot_sleeping_duration: 1274948.174
tot_uptimes: 332
tot_uptimes_duration: 19860.0
