comms_cons: 450.47124479851925
finished_reconf: true
global_termination_time: 4633331.121
local_termination_time: 2660858.41236
node_cons: 95301.12485999725
tot_aggregated_send: 66468
tot_msg_rcv: 660
tot_msg_sent: 1341
tot_reconf_duration: 13.17
tot_sleeping_duration: 4562171.121
tot_uptimes: 1187
tot_uptimes_duration: 71160.0
