comms_cons: 457.6228352279566
finished_reconf: true
global_termination_time: 4632951.85
local_termination_time: 1714427.4583599998
node_cons: 95290.6383633484
tot_aggregated_send: 64148
tot_msg_rcv: 1843
tot_msg_sent: 3565
tot_reconf_duration: 5.43
tot_sleeping_duration: 4561791.831760006
tot_uptimes: 1187
tot_uptimes_duration: 71160.01823999337
