comms_cons: 41.185792001055844
finished_reconf: true
global_termination_time: 401678.051
local_termination_time: 66533.78447999997
node_cons: 8225.446841121453
tot_aggregated_send: 5278
tot_msg_rcv: 361
tot_msg_sent: 621
tot_reconf_duration: 22.65
tot_sleeping_duration: 395558.0449199989
tot_uptimes: 103
tot_uptimes_duration: 6120.006080001069
