comms_cons: 102.68878079794432
finished_reconf: true
global_termination_time: 1041656.636
local_termination_time: 371266.5394400002
node_cons: 21383.23236000001
tot_aggregated_send: 14848
tot_msg_rcv: 287
tot_msg_sent: 473
tot_reconf_duration: 9.42
tot_sleeping_duration: 1025696.636
tot_uptimes: 267
tot_uptimes_duration: 15960.0
