comms_cons: 101.90585599925332
finished_reconf: true
global_termination_time: 1041635.064
local_termination_time: 817452.7783599999
node_cons: 21387.591540000038
tot_aggregated_send: 15138
tot_msg_rcv: 126
tot_msg_sent: 225
tot_reconf_duration: 12.629999999999999
tot_sleeping_duration: 1025675.064
tot_uptimes: 267
tot_uptimes_duration: 15960.0
