comms_cons: 102.60262399870231
finished_reconf: true
global_termination_time: 1042061.978
local_termination_time: 336848.4070800001
node_cons: 21376.40161999997
tot_aggregated_send: 15196
tot_msg_rcv: 171
tot_msg_sent: 228
tot_reconf_duration: 4.390000000000001
tot_sleeping_duration: 1026101.978
tot_uptimes: 267
tot_uptimes_duration: 15960.0
