comms_cons: 101.88611839846763
finished_reconf: true
global_termination_time: 1040789.174
local_termination_time: 420553.17636000004
node_cons: 21381.05956000004
tot_aggregated_send: 15022
tot_msg_rcv: 142
tot_msg_sent: 322
tot_reconf_duration: 7.819999999999999
tot_sleeping_duration: 1024829.174
tot_uptimes: 267
tot_uptimes_duration: 15960.0
