comms_cons: 103.70135039936189
finished_reconf: true
global_termination_time: 1042094.911
local_termination_time: 344189.3683600001
node_cons: 21385.79898000003
tot_aggregated_send: 14790
tot_msg_rcv: 400
tot_msg_sent: 572
tot_reconf_duration: 11.31
tot_sleeping_duration: 1026134.911
tot_uptimes: 267
tot_uptimes_duration: 15960.0
