comms_cons: 48.47352319987759
finished_reconf: true
global_termination_time: 11880.148600000015
local_termination_time: 214.00983999999985
node_cons: 4890.417855640034
tot_aggregated_send: 0
tot_msg_rcv: 3921
tot_msg_sent: 3445
tot_reconf_duration: 18.21
tot_sleeping_duration: 8246.32583999999
tot_uptimes: 44
tot_uptimes_duration: 3633.8227600000246
