comms_cons: 2.151398399994688
finished_reconf: true
global_termination_time: 11880.02348
local_termination_time: 11879.98236
node_cons: 310.181219840007
tot_aggregated_send: 0
tot_msg_rcv: 168
tot_msg_sent: 157
tot_reconf_duration: 37.410000000000004
tot_sleeping_duration: 11686.312919999995
tot_uptimes: 4
tot_uptimes_duration: 193.710560000005
