comms_cons: 2.27045119999601
finished_reconf: true
global_termination_time: 15303.669
local_termination_time: 7471.332360000002
node_cons: 249.54823999999968
tot_aggregated_send: 0
tot_msg_rcv: 176
tot_msg_sent: 169
tot_reconf_duration: 6.279999999999999
tot_sleeping_duration: 15123.669
tot_uptimes: 4
tot_uptimes_duration: 180.0
