comms_cons: 2.493516799994381
finished_reconf: true
global_termination_time: 12091.051
local_termination_time: 8267.73336
node_cons: 245.2026399999999
tot_aggregated_send: 0
tot_msg_rcv: 207
tot_msg_sent: 172
tot_reconf_duration: 3.08
tot_sleeping_duration: 11911.051
tot_uptimes: 4
tot_uptimes_duration: 180.0
