comms_cons: 95.92037119195103
finished_reconf: true
global_termination_time: 904095.8568399989
local_termination_time: 442621.32136
node_cons: 18629.74468758086
tot_aggregated_send: 11542
tot_msg_rcv: 1147
tot_msg_sent: 1890
tot_reconf_duration: 6.279999999999999
tot_sleeping_duration: 890189.0484400131
tot_uptimes: 232
tot_uptimes_duration: 13906.808399985719
