comms_cons: 93.64654719120179
finished_reconf: true
global_termination_time: 904284.307
local_termination_time: 306915.9948800004
node_cons: 18566.136624467366
tot_aggregated_send: 11542
tot_msg_rcv: 942
tot_msg_sent: 1749
tot_reconf_duration: 5.57
tot_sleeping_duration: 890424.2826800095
tot_uptimes: 232
tot_uptimes_duration: 13860.024319990538
