comms_cons: 95.28060159311501
finished_reconf: true
global_termination_time: 904712.506
local_termination_time: 610290.9589599987
node_cons: 18575.74038670103
tot_aggregated_send: 11542
tot_msg_rcv: 1087
tot_msg_sent: 1853
tot_reconf_duration: 12.629999999999999
tot_sleeping_duration: 890852.4695200142
tot_uptimes: 232
tot_uptimes_duration: 13860.036479985807
