comms_cons: 95.18128639177453
finished_reconf: true
global_termination_time: 905595.981
local_termination_time: 559508.4584799998
node_cons: 18583.98649961864
tot_aggregated_send: 11426
tot_msg_rcv: 1075
tot_msg_sent: 1966
tot_reconf_duration: 18.700000000000003
tot_sleeping_duration: 891735.942240016
tot_uptimes: 232
tot_uptimes_duration: 13860.038759984076
