comms_cons: 94.23450879014356
finished_reconf: true
global_termination_time: 908658.61
local_termination_time: 253344.43560000008
node_cons: 18645.43640335052
tot_aggregated_send: 11426
tot_msg_rcv: 975
tot_msg_sent: 1923
tot_reconf_duration: 4.8100000000000005
tot_sleeping_duration: 894738.5917600071
tot_uptimes: 233
tot_uptimes_duration: 13920.018239992904
