comms_cons: 94.33136638589048
finished_reconf: true
global_termination_time: 909074.878
local_termination_time: 284378.021
node_cons: 18651.87218293884
tot_aggregated_send: 11365
tot_msg_rcv: 958
tot_msg_sent: 2014
tot_reconf_duration: 6.22
tot_sleeping_duration: 895151.4833600158
tot_uptimes: 233
tot_uptimes_duration: 13923.39463998421
