comms_cons: 301.29446402826414
finished_reconf: true
global_termination_time: 3017159.512
local_termination_time: 158383.93116000076
node_cons: 62026.662639998765
tot_aggregated_send: 42920
tot_msg_rcv: 1021
tot_msg_sent: 1854
tot_reconf_duration: 3.08
tot_sleeping_duration: 2970839.512
tot_uptimes: 773
tot_uptimes_duration: 46320.0
