comms_cons: 303.010348786798
finished_reconf: true
global_termination_time: 3015667.374
local_termination_time: 802720.7235599986
node_cons: 62029.117814518955
tot_aggregated_send: 40368
tot_msg_rcv: 1782
tot_msg_sent: 3905
tot_reconf_duration: 4.8100000000000005
tot_sleeping_duration: 2969347.29496003
tot_uptimes: 773
tot_uptimes_duration: 46320.07903997018
