comms_cons: 297.43905279353527
finished_reconf: true
global_termination_time: 3015706.827
local_termination_time: 1387642.7993599998
node_cons: 62035.28050111551
tot_aggregated_send: 43326
tot_msg_rcv: 601
tot_msg_sent: 1282
tot_reconf_duration: 9.42
tot_sleeping_duration: 2969386.820920002
tot_uptimes: 773
tot_uptimes_duration: 46320.006079997635
