comms_cons: 297.4671871970446
finished_reconf: true
global_termination_time: 3017896.301
local_termination_time: 2175181.6450799997
node_cons: 62038.640199998656
tot_aggregated_send: 42804
tot_msg_rcv: 743
tot_msg_sent: 1666
tot_reconf_duration: 11.899999999999999
tot_sleeping_duration: 2971576.301
tot_uptimes: 773
tot_uptimes_duration: 46320.0
