comms_cons: 192.896819195659
finished_reconf: true
global_termination_time: 1960709.201
local_termination_time: 1100614.9163599997
node_cons: 40337.61394111636
tot_aggregated_send: 28362
tot_msg_rcv: 343
tot_msg_sent: 614
tot_reconf_duration: 5.1
tot_sleeping_duration: 1930589.1949200023
tot_uptimes: 503
tot_uptimes_duration: 30120.006079997635
