comms_cons: 192.9547775950551
finished_reconf: true
global_termination_time: 1957315.1403199995
local_termination_time: 1957315.0991999996
node_cons: 40311.94380759598
tot_aggregated_send: 28522
tot_msg_rcv: 269
tot_msg_sent: 536
tot_reconf_duration: 24.59
tot_sleeping_duration: 1927234.0719200023
tot_uptimes: 502
tot_uptimes_duration: 30081.068399997195
