comms_cons: 12.416831999782609
finished_reconf: true
global_termination_time: 86581.887
local_termination_time: 26983.810520000003
node_cons: 1820.1656319994704
tot_aggregated_send: 406
tot_msg_rcv: 612
tot_msg_sent: 871
tot_reconf_duration: 25.299999999999997
tot_sleeping_duration: 85248.19900000039
tot_uptimes: 23
tot_uptimes_duration: 1333.6879999996054
