comms_cons: 8.954918400004644
finished_reconf: true
global_termination_time: 84954.809
local_termination_time: 68783.86511999943
node_cons: 1691.3063233608573
tot_aggregated_send: 696
tot_msg_rcv: 219
tot_msg_sent: 447
tot_reconf_duration: 3.05
tot_sleeping_duration: 83694.79075999933
tot_uptimes: 22
tot_uptimes_duration: 1260.0182400006524
