comms_cons: 99.04230399339995
finished_reconf: true
global_termination_time: 993841.6641200004
local_termination_time: 54254.17608000012
node_cons: 20503.4490107974
tot_aggregated_send: 13630
tot_msg_rcv: 394
tot_msg_sent: 1029
tot_reconf_duration: 22.65
tot_sleeping_duration: 978552.1269200024
tot_uptimes: 255
tot_uptimes_duration: 15289.537199998042
