comms_cons: 112.68195839450864
finished_reconf: true
global_termination_time: 1126446.972
local_termination_time: 151890.48628000036
node_cons: 23172.27739999998
tot_aggregated_send: 16124
tot_msg_rcv: 447
tot_msg_sent: 556
tot_reconf_duration: 25.299999999999997
tot_sleeping_duration: 1109166.972
tot_uptimes: 289
tot_uptimes_duration: 17279.99999999994
