comms_cons: 110.47855359971905
finished_reconf: true
global_termination_time: 1130351.014
local_termination_time: 713293.1393599998
node_cons: 23233.13009999997
tot_aggregated_send: 16298
tot_msg_rcv: 154
tot_msg_sent: 340
tot_reconf_duration: 10.95
tot_sleeping_duration: 1113011.014
tot_uptimes: 290
tot_uptimes_duration: 17340.0
