comms_cons: 281.770476812605
finished_reconf: true
global_termination_time: 2810474.265
local_termination_time: 353502.07136000006
node_cons: 57857.20394447119
tot_aggregated_send: 39846
tot_msg_rcv: 1067
tot_msg_sent: 1914
tot_reconf_duration: 9.11
tot_sleeping_duration: 2767274.240680006
tot_uptimes: 720
tot_uptimes_duration: 43200.024319994205
