comms_cons: 285.4245824155147
finished_reconf: true
global_termination_time: 2810655.258
local_termination_time: 1533579.848
node_cons: 57861.83666862074
tot_aggregated_send: 38626
tot_msg_rcv: 1621
tot_msg_sent: 3135
tot_reconf_duration: 9.42
tot_sleeping_duration: 2767452.0882400135
tot_uptimes: 720
tot_uptimes_duration: 43203.16975998646
