comms_cons: 283.0602112136176
finished_reconf: false
global_termination_time: 2810650.296
local_termination_time: 0
node_cons: 57844.81628223295
tot_aggregated_send: 39498
tot_msg_rcv: 1261
tot_msg_sent: 2264
tot_reconf_duration: 0
tot_sleeping_duration: 2767450.2838400044
tot_uptimes: 720
tot_uptimes_duration: 43200.0121599955
