comms_cons: 283.0395456199567
finished_reconf: false
global_termination_time: 2811090.675
local_termination_time: 0
node_cons: 57844.81628223295
tot_aggregated_send: 39382
tot_msg_rcv: 1258
tot_msg_sent: 2380
tot_reconf_duration: 0
tot_sleeping_duration: 2767890.6628400045
tot_uptimes: 720
tot_uptimes_duration: 43200.0121599955
