comms_cons: 283.64441601777713
finished_reconf: true
global_termination_time: 2807795.705
local_termination_time: 1859365.6343599998
node_cons: 57850.77790223281
tot_aggregated_send: 39324
tot_msg_rcv: 1352
tot_msg_sent: 2436
tot_reconf_duration: 4.390000000000001
tot_sleeping_duration: 2764595.692840005
tot_uptimes: 720
tot_uptimes_duration: 43200.0121599955
