comms_cons: 64.42415360089232
finished_reconf: true
global_termination_time: 625746.7591200001
local_termination_time: 62714.45460000003
node_cons: 12880.7432352873
tot_aggregated_send: 8004
tot_msg_rcv: 556
tot_msg_sent: 1232
tot_reconf_duration: 4.390000000000001
tot_sleeping_duration: 616131.5375999946
tot_uptimes: 161
tot_uptimes_duration: 9615.221520005434
