comms_cons: 64.13804160042704
finished_reconf: true
global_termination_time: 630420.11
local_termination_time: 84431.40015999954
node_cons: 12943.194901119172
tot_aggregated_send: 8352
tot_msg_rcv: 411
tot_msg_sent: 986
tot_reconf_duration: 6.22
tot_sleeping_duration: 620760.1039200006
tot_uptimes: 162
tot_uptimes_duration: 9660.006079999366
