comms_cons: 179.37496318535287
finished_reconf: true
global_termination_time: 1783672.1475999989
local_termination_time: 136929.8054400002
node_cons: 36714.204885982545
tot_aggregated_send: 24882
tot_msg_rcv: 792
tot_msg_sent: 1590
tot_reconf_duration: 18.21
tot_sleeping_duration: 1756271.4936000118
tot_uptimes: 457
tot_uptimes_duration: 27400.65399998706
