comms_cons: 325.9078784235273
finished_reconf: true
global_termination_time: 3199096.444
local_termination_time: 221881.95036000008
node_cons: 65804.56816010749
tot_aggregated_send: 42572
tot_msg_rcv: 2479
tot_msg_sent: 4486
tot_reconf_duration: 4.390000000000001
tot_sleeping_duration: 3149956.3345600385
tot_uptimes: 820
tot_uptimes_duration: 49140.10943996179
