comms_cons: 326.2015552441312
finished_reconf: true
global_termination_time: 3202303.197
local_termination_time: 346238.4633600001
node_cons: 65883.05587564022
tot_aggregated_send: 42572
tot_msg_rcv: 2463
tot_msg_sent: 4545
tot_reconf_duration: 3.05
tot_sleeping_duration: 3153103.1118800286
tot_uptimes: 821
tot_uptimes_duration: 49200.08511997125
