comms_cons: 319.69551361888784
finished_reconf: true
global_termination_time: 3198635.0263599968
local_termination_time: 153500.94348000007
node_cons: 65834.31537432947
tot_aggregated_send: 45124
tot_msg_rcv: 1137
tot_msg_sent: 2330
tot_reconf_duration: 11.31
tot_sleeping_duration: 3149479.719120018
tot_uptimes: 820
tot_uptimes_duration: 49155.307239978225
