comms_cons: 317.57547519666724
finished_reconf: true
global_termination_time: 3201579.078
local_termination_time: 480001.3479200007
node_cons: 65805.83393999861
tot_aggregated_send: 45820
tot_msg_rcv: 812
tot_msg_sent: 1637
tot_reconf_duration: 5.43
tot_sleeping_duration: 3152439.078
tot_uptimes: 820
tot_uptimes_duration: 49140.0
