comms_cons: 1.3928447999968485
finished_reconf: true
global_termination_time: 10823.69448
local_termination_time: 10823.65336
node_cons: 212.42351871999944
tot_aggregated_send: 0
tot_msg_rcv: 100
tot_msg_sent: 110
tot_reconf_duration: 24.59
tot_sleeping_duration: 10689.990000000002
tot_uptimes: 3
tot_uptimes_duration: 133.70448000000033
