comms_cons: 252.5377983867167
finished_reconf: true
global_termination_time: 2528970.407
local_termination_time: 321988.80160000094
node_cons: 51987.61044245653
tot_aggregated_send: 34626
tot_msg_rcv: 1355
tot_msg_sent: 2404
tot_reconf_duration: 4.390000000000001
tot_sleeping_duration: 2490149.160680017
tot_uptimes: 648
tot_uptimes_duration: 38821.246319983096
