comms_cons: 242.56234238535512
finished_reconf: true
global_termination_time: 2532266.751
local_termination_time: 790289.4775999999
node_cons: 52070.97212446663
tot_aggregated_send: 33930
tot_msg_rcv: 949
tot_msg_sent: 1987
tot_reconf_duration: 7.819999999999999
tot_sleeping_duration: 2493386.7266800096
tot_uptimes: 649
tot_uptimes_duration: 38880.02431999054
