comms_cons: 64.98178559968166
finished_reconf: true
global_termination_time: 662030.211
local_termination_time: 232894.63352000085
node_cons: 13592.818980000013
tot_aggregated_send: 9512
tot_msg_rcv: 84
tot_msg_sent: 280
tot_reconf_duration: 11.31
tot_sleeping_duration: 651890.211
tot_uptimes: 170
tot_uptimes_duration: 10139.999999999998
