comms_cons: 523.4077952460952
finished_reconf: true
global_termination_time: 5388091.046
local_termination_time: 1637998.9610399983
node_cons: 110809.70800223076
tot_aggregated_send: 74762
tot_msg_rcv: 1550
tot_msg_sent: 3242
tot_reconf_duration: 15.34
tot_sleeping_duration: 5305351.033840004
tot_uptimes: 1380
tot_uptimes_duration: 82740.0121599955
