comms_cons: 527.051033663191
finished_reconf: true
global_termination_time: 5388399.102
local_termination_time: 2946644.410359999
node_cons: 110796.4322011142
tot_aggregated_send: 74936
tot_msg_rcv: 1747
tot_msg_sent: 3424
tot_reconf_duration: 5.57
tot_sleeping_duration: 5305659.095920002
tot_uptimes: 1380
tot_uptimes_duration: 82740.00607999787
