comms_cons: 535.6663936681999
finished_reconf: true
global_termination_time: 5390449.439
local_termination_time: 1444319.077
node_cons: 110877.67932446458
tot_aggregated_send: 74523
tot_msg_rcv: 2239
tot_msg_sent: 4655
tot_reconf_duration: 6.22
tot_sleeping_duration: 5307649.414680009
tot_uptimes: 1381
tot_uptimes_duration: 82800.024319991
