comms_cons: 19.39610880011353
finished_reconf: true
global_termination_time: 208689.874
local_termination_time: 6201.456
node_cons: 4268.272900000003
tot_aggregated_send: 2660
tot_msg_rcv: 93
tot_msg_sent: 195
tot_reconf_duration: 7.55
tot_sleeping_duration: 205509.874
tot_uptimes: 54
tot_uptimes_duration: 3180.0
