comms_cons: 17.007859199951373
finished_reconf: true
global_termination_time: 14098.947360000011
local_termination_time: 393.85003999999947
node_cons: 2525.4757342800267
tot_aggregated_send: 0
tot_msg_rcv: 1240
tot_msg_sent: 1345
tot_reconf_duration: 18.21
tot_sleeping_duration: 12231.324839999992
tot_uptimes: 29
tot_uptimes_duration: 1867.62252000002
