comms_cons: 2.3092991999944803
finished_reconf: true
global_termination_time: 16400.846
local_termination_time: 8446.86336
node_cons: 325.50189999999895
tot_aggregated_send: 0
tot_msg_rcv: 177
tot_msg_sent: 174
tot_reconf_duration: 3.05
tot_sleeping_duration: 16160.846000000001
tot_uptimes: 5
tot_uptimes_duration: 240.0
