comms_cons: 815.0295694243181
finished_reconf: true
global_termination_time: 4130641.5345999976
local_termination_time: 37.95703999999999
node_cons: 84964.7028928625
tot_aggregated_send: 0
tot_msg_rcv: 62570
tot_msg_sent: 61309
tot_reconf_duration: 18.21
tot_sleeping_duration: 4067206.154680009
tot_uptimes: 1058
tot_uptimes_duration: 63435.37991998857
