comms_cons: 405.36915203550257
finished_reconf: true
global_termination_time: 4133719.19
local_termination_time: 1661923.11136
node_cons: 85020.592425583
tot_aggregated_send: 57072
tot_msg_rcv: 1412
tot_msg_sent: 3129
tot_reconf_duration: 15.34
tot_sleeping_duration: 4070239.159600011
tot_uptimes: 1059
tot_uptimes_duration: 63480.03039998887
