comms_cons: 413.041203250169
finished_reconf: true
global_termination_time: 4133413.628
local_termination_time: 360686.24008000013
node_cons: 85005.74674893777
tot_aggregated_send: 57826
tot_msg_rcv: 1685
tot_msg_sent: 3268
tot_reconf_duration: 4.390000000000001
tot_sleeping_duration: 4069933.579360015
tot_uptimes: 1059
tot_uptimes_duration: 63480.04863998509
