comms_cons: 332.76524802650147
finished_reconf: true
global_termination_time: 3324119.674
local_termination_time: 2103089.7248799996
node_cons: 68377.90080446715
tot_aggregated_send: 45240
tot_msg_rcv: 1910
tot_msg_sent: 3427
tot_reconf_duration: 6.279999999999999
tot_sleeping_duration: 3273059.649680009
tot_uptimes: 852
tot_uptimes_duration: 51060.02431999124
