comms_cons: 330.22672643041324
finished_reconf: true
global_termination_time: 3324181.358
local_termination_time: 2103089.809439999
node_cons: 68376.92848335004
tot_aggregated_send: 45182
tot_msg_rcv: 1640
tot_msg_sent: 3369
tot_reconf_duration: 5.57
tot_sleeping_duration: 3273121.339760007
tot_uptimes: 852
tot_uptimes_duration: 51060.01823999337
