comms_cons: 332.51402242462336
finished_reconf: true
global_termination_time: 3325812.754
local_termination_time: 59568.42
node_cons: 68428.34967182041
tot_aggregated_send: 46456
tot_msg_rcv: 1171
tot_msg_sent: 2915
tot_reconf_duration: 22.65
tot_sleeping_duration: 3274731.6554400134
tot_uptimes: 852
tot_uptimes_duration: 51081.09855998649
