comms_cons: 332.6413376292959
finished_reconf: true
global_termination_time: 3324229.773
local_termination_time: 1712152.63736
node_cons: 68384.739685584
tot_aggregated_send: 46110
tot_msg_rcv: 1532
tot_msg_sent: 2917
tot_reconf_duration: 11.31
tot_sleeping_duration: 3273169.7426000107
tot_uptimes: 852
tot_uptimes_duration: 51060.030399989104
