comms_cons: 72.54883839845066
finished_reconf: true
global_termination_time: 739850.218
local_termination_time: 306764.47156000073
node_cons: 15208.989180000051
tot_aggregated_send: 10672
tot_msg_rcv: 82
tot_msg_sent: 273
tot_reconf_duration: 18.21
tot_sleeping_duration: 728510.218
tot_uptimes: 190
tot_uptimes_duration: 11340.0
