comms_cons: 5.454156799998965
finished_reconf: true
global_termination_time: 3556.978720000002
local_termination_time: 3556.937600000002
node_cons: 680.3440850800031
tot_aggregated_send: 0
tot_msg_rcv: 366
tot_msg_sent: 461
tot_reconf_duration: 24.59
tot_sleeping_duration: 3073.8189999999995
tot_uptimes: 7
tot_uptimes_duration: 483.15972000000215
