comms_cons: 57.63379200013918
finished_reconf: true
global_termination_time: 587188.123
local_termination_time: 381888.14404000074
node_cons: 12066.358980000014
tot_aggregated_send: 8468
tot_msg_rcv: 70
tot_msg_sent: 222
tot_reconf_duration: 11.31
tot_sleeping_duration: 578188.123
tot_uptimes: 151
tot_uptimes_duration: 9000.0
