comms_cons: 49.27650559987257
finished_reconf: true
global_termination_time: 12763.344240000002
local_termination_time: 686.0605999999991
node_cons: 5545.178625680076
tot_aggregated_send: 0
tot_msg_rcv: 3856
tot_msg_sent: 3633
tot_reconf_duration: 18.21
tot_sleeping_duration: 8640.529119999948
tot_uptimes: 59
tot_uptimes_duration: 4122.815120000054
