comms_cons: 1.4800127999981418
finished_reconf: true
global_termination_time: 19135.796
local_termination_time: 5444.81936
node_cons: 339.24486000000013
tot_aggregated_send: 0
tot_msg_rcv: 118
tot_msg_sent: 106
tot_reconf_duration: 13.17
tot_sleeping_duration: 18895.796
tot_uptimes: 5
tot_uptimes_duration: 240.0
