comms_cons: 2.3224575999923256
finished_reconf: true
global_termination_time: 17715.163
local_termination_time: 9173.839360000002
node_cons: 327.8919800000018
tot_aggregated_send: 0
tot_msg_rcv: 181
tot_msg_sent: 172
tot_reconf_duration: 4.8100000000000005
tot_sleeping_duration: 17475.163
tot_uptimes: 5
tot_uptimes_duration: 240.0
