comms_cons: 271.0983999860193
finished_reconf: true
global_termination_time: 2737983.855
local_termination_time: 1036831.3086399981
node_cons: 56345.54653830693
tot_aggregated_send: 38106
tot_msg_rcv: 1090
tot_msg_sent: 2008
tot_reconf_duration: 15.34
tot_sleeping_duration: 2695919.0941200093
tot_uptimes: 702
tot_uptimes_duration: 42064.760879990994
