comms_cons: 273.7183359805421
finished_reconf: true
global_termination_time: 2737739.858
local_termination_time: 1010952.5914799998
node_cons: 56326.90894558323
tot_aggregated_send: 37410
tot_msg_rcv: 1413
tot_msg_sent: 2780
tot_reconf_duration: 6.279999999999999
tot_sleeping_duration: 2695679.827600012
tot_uptimes: 702
tot_uptimes_duration: 42060.03039998817
