comms_cons: 274.1233151928428
finished_reconf: true
global_termination_time: 2738431.371
local_termination_time: 692138.0037999994
node_cons: 56325.322787816825
tot_aggregated_send: 38570
tot_msg_rcv: 1087
tot_msg_sent: 2008
tot_reconf_duration: 5.1
tot_sleeping_duration: 2696371.328440016
tot_uptimes: 702
tot_uptimes_duration: 42060.04255998344
