comms_cons: 268.29183358597425
finished_reconf: true
global_termination_time: 2737695.047
local_termination_time: 286690.9392400005
node_cons: 56324.89640334953
tot_aggregated_send: 38338
tot_msg_rcv: 753
tot_msg_sent: 1686
tot_reconf_duration: 4.8100000000000005
tot_sleeping_duration: 2695635.0287600067
tot_uptimes: 702
tot_uptimes_duration: 42060.0182399929
