comms_cons: 268.4720447867572
finished_reconf: true
global_termination_time: 2737739.923
local_termination_time: 1455243.1691199979
node_cons: 56324.31790223255
tot_aggregated_send: 38454
tot_msg_rcv: 782
tot_msg_sent: 1569
tot_reconf_duration: 4.390000000000001
tot_sleeping_duration: 2695679.9108400047
tot_uptimes: 702
tot_uptimes_duration: 42060.01215999527
