comms_cons: 266.1356223876239
finished_reconf: true
global_termination_time: 2739066.582
local_termination_time: 1087831.7605199981
node_cons: 56333.707121115935
tot_aggregated_send: 38280
tot_msg_rcv: 671
tot_msg_sent: 1500
tot_reconf_duration: 11.31
tot_sleeping_duration: 2697006.5759200025
tot_uptimes: 702
tot_uptimes_duration: 42060.006079997635
