comms_cons: 327.4974016360091
finished_reconf: true
global_termination_time: 3242634.083
local_termination_time: 4645.371480000004
node_cons: 66725.69553277071
tot_aggregated_send: 45124
tot_msg_rcv: 1629
tot_msg_sent: 3025
tot_reconf_duration: 18.21
tot_sleeping_duration: 3192820.067800021
tot_uptimes: 831
tot_uptimes_duration: 49814.015199979185
