comms_cons: 321.2853568022036
finished_reconf: true
global_termination_time: 3242549.962
local_termination_time: 1460549.8807199998
node_cons: 66700.11742446614
tot_aggregated_send: 45240
tot_msg_rcv: 1276
tot_msg_sent: 2317
tot_reconf_duration: 13.17
tot_sleeping_duration: 3192749.9376800093
tot_uptimes: 831
tot_uptimes_duration: 49800.02431999077
