comms_cons: 320.2220160174127
finished_reconf: true
global_termination_time: 3240365.822
local_termination_time: 1250704.1180399985
node_cons: 66606.0833455835
tot_aggregated_send: 45008
tot_msg_rcv: 1187
tot_msg_sent: 2476
tot_reconf_duration: 3.08
tot_sleeping_duration: 3190625.7916000118
tot_uptimes: 830
tot_uptimes_duration: 49740.03039998864
