comms_cons: 323.49989121964256
finished_reconf: true
global_termination_time: 3242770.228
local_termination_time: 1009894.5353599999
node_cons: 66694.62836781671
tot_aggregated_send: 44892
tot_msg_rcv: 1398
tot_msg_sent: 2881
tot_reconf_duration: 9.11
tot_sleeping_duration: 3192970.1854400164
tot_uptimes: 831
tot_uptimes_duration: 49800.042559983674
