comms_cons: 327.1509760181127
finished_reconf: true
global_termination_time: 3240163.073
local_termination_time: 705904.1813599999
node_cons: 66614.7093478214
tot_aggregated_send: 44718
tot_msg_rcv: 1813
tot_msg_sent: 3194
tot_reconf_duration: 9.42
tot_sleeping_duration: 3190423.0304400125
tot_uptimes: 830
tot_uptimes_duration: 49740.04255998711
