comms_cons: 325.91838721953906
finished_reconf: true
global_termination_time: 3241760.207
local_termination_time: 378247.85599999997
node_cons: 66718.52844549753
tot_aggregated_send: 44484
tot_msg_rcv: 1613
tot_msg_sent: 3441
tot_reconf_duration: 18.700000000000003
tot_sleeping_duration: 3191952.0413200157
tot_uptimes: 831
tot_uptimes_duration: 49808.16567998432
