comms_cons: 326.07464323153965
finished_reconf: true
global_termination_time: 3240111.641
local_termination_time: 1471397.84436
node_cons: 66692.85212446663
tot_aggregated_send: 45008
tot_msg_rcv: 1651
tot_msg_sent: 2902
tot_reconf_duration: 7.819999999999999
tot_sleeping_duration: 3190311.616680009
tot_uptimes: 830
tot_uptimes_duration: 49800.024319991004
