comms_cons: 323.8413824414264
finished_reconf: true
global_termination_time: 3243796.102
local_termination_time: 1611911.559639998
node_cons: 66690.6793244665
tot_aggregated_send: 44892
tot_msg_rcv: 1424
tot_msg_sent: 2906
tot_reconf_duration: 6.22
tot_sleeping_duration: 3193996.077680009
tot_uptimes: 831
tot_uptimes_duration: 49800.024319991004
