comms_cons: 816.4375438596137
finished_reconf: true
global_termination_time: 4153589.019
local_termination_time: 291.08947999999947
node_cons: 85426.17360334922
tot_aggregated_send: 0
tot_msg_rcv: 62444
tot_msg_sent: 61650
tot_reconf_duration: 18.21
tot_sleeping_duration: 4089809.0007600063
tot_uptimes: 1064
tot_uptimes_duration: 63780.0182399936
