comms_cons: 411.8839232513626
finished_reconf: true
global_termination_time: 4152900.263
local_termination_time: 636033.5614399995
node_cons: 85418.64481005022
tot_aggregated_send: 57652
tot_msg_rcv: 1667
tot_msg_sent: 3286
tot_reconf_duration: 12.629999999999999
tot_sleeping_duration: 4089120.2082800204
tot_uptimes: 1064
tot_uptimes_duration: 63780.05471997941
