comms_cons: 409.2956096307061
finished_reconf: true
global_termination_time: 4152877.276
local_termination_time: 1062768.9921599983
node_cons: 85416.8115444655
tot_aggregated_send: 57362
tot_msg_rcv: 1714
tot_msg_sent: 3134
tot_reconf_duration: 11.31
tot_sleeping_duration: 4089097.251680009
tot_uptimes: 1064
tot_uptimes_duration: 63780.02431999077
