comms_cons: 820.205408186453
finished_reconf: true
global_termination_time: 8268591.825
local_termination_time: 3574448.6482799985
node_cons: 170084.01148669675
tot_aggregated_send: 114202
tot_msg_rcv: 3722
tot_msg_sent: 6741
tot_reconf_duration: 3.08
tot_sleeping_duration: 8141571.788520014
tot_uptimes: 2118
tot_uptimes_duration: 127020.03647998697
