comms_cons: 808.3928832515173
finished_reconf: true
global_termination_time: 8266174.224
local_termination_time: 5589197.031359999
node_cons: 170015.60019999335
tot_aggregated_send: 118784
tot_msg_rcv: 1274
tot_msg_sent: 2813
tot_reconf_duration: 11.899999999999999
tot_sleeping_duration: 8139214.224
tot_uptimes: 2117
tot_uptimes_duration: 126960.0
