comms_cons: 827.7159938011737
finished_reconf: true
global_termination_time: 8265602.856
local_termination_time: 1238483.8497199998
node_cons: 170014.86410893072
tot_aggregated_send: 114666
tot_msg_rcv: 3891
tot_msg_sent: 7251
tot_reconf_duration: 11.31
tot_sleeping_duration: 8138642.807360018
tot_uptimes: 2117
tot_uptimes_duration: 126960.04863998247
