comms_cons: 352.24060138649907
finished_reconf: true
global_termination_time: 1208767.538
local_termination_time: 543755.648
node_cons: 49378.80726507658
tot_aggregated_send: 0
tot_msg_rcv: 17923
tot_msg_sent: 35616
tot_reconf_duration: 13.17
tot_sleeping_duration: 1171903.518280002
tot_uptimes: 610
tot_uptimes_duration: 36864.01971999789
