comms_cons: 9.776691199998691
finished_reconf: true
global_termination_time: 3317.7478800000013
local_termination_time: 3317.7067600000014
node_cons: 1106.965767320002
tot_aggregated_send: 0
tot_msg_rcv: 695
tot_msg_sent: 789
tot_reconf_duration: 24.59
tot_sleeping_duration: 2515.976
tot_uptimes: 12
tot_uptimes_duration: 801.7718800000011
