comms_cons: 16.1083903996331
finished_reconf: true
global_termination_time: 120630.76
local_termination_time: 41086.92636000001
node_cons: 2426.3846233574545
tot_aggregated_send: 986
tot_msg_rcv: 766
tot_msg_sent: 699
tot_reconf_duration: 11.899999999999999
tot_sleeping_duration: 118830.7417600019
tot_uptimes: 31
tot_uptimes_duration: 1800.0182399980986
