comms_cons: 58.581196800063296
finished_reconf: true
global_termination_time: 589302.495759999
local_termination_time: 589302.4546399991
node_cons: 12129.509486000814
tot_aggregated_send: 8280
tot_msg_rcv: 187
tot_msg_sent: 436
tot_reconf_duration: 24.59
tot_sleeping_duration: 580268.8017599985
tot_uptimes: 151
tot_uptimes_duration: 9033.694000000585
