comms_cons: 59.04957440042892
finished_reconf: true
global_termination_time: 591165.075
local_termination_time: 223221.59036000006
node_cons: 12138.273941121455
tot_aggregated_send: 8004
tot_msg_rcv: 332
tot_msg_sent: 639
tot_reconf_duration: 5.1
tot_sleeping_duration: 582105.0689199988
tot_uptimes: 152
tot_uptimes_duration: 9060.006080001069
