comms_cons: 0.15132159999950093
finished_reconf: true
global_termination_time: 2890.3222000000023
local_termination_time: 2875.8943600000002
node_cons: 31.767076800003643
tot_aggregated_send: 0
tot_msg_rcv: 12
tot_msg_sent: 10
tot_reconf_duration: 3.05
tot_sleeping_duration: 2869.691
tot_uptimes: 1
tot_uptimes_duration: 20.631200000002536
