comms_cons: 0.743449599997546
finished_reconf: true
global_termination_time: 7420.585000000001
local_termination_time: 2680.0263600000003
node_cons: 88.78676000000034
tot_aggregated_send: 0
tot_msg_rcv: 60
tot_msg_sent: 53
tot_reconf_duration: 6.22
tot_sleeping_duration: 7360.585000000001
tot_uptimes: 2
tot_uptimes_duration: 60.00000000000091
