comms_cons: 96.30632959891909
finished_reconf: true
global_termination_time: 1017292.411
local_termination_time: 486990.46620000055
node_cons: 20894.36161999997
tot_aggregated_send: 13862
tot_msg_rcv: 270
tot_msg_sent: 506
tot_reconf_duration: 4.390000000000001
tot_sleeping_duration: 1001692.411
tot_uptimes: 261
tot_uptimes_duration: 15600.0
