comms_cons: 99.26696959848067
finished_reconf: true
global_termination_time: 1014804.938
local_termination_time: 332799.6229600006
node_cons: 20818.703983350537
tot_aggregated_send: 13572
tot_msg_rcv: 587
tot_msg_sent: 929
tot_reconf_duration: 7.819999999999999
tot_sleeping_duration: 999264.9197600071
tot_uptimes: 260
tot_uptimes_duration: 15540.018239992904
