comms_cons: 1.6908543999944137
finished_reconf: true
global_termination_time: 13208.699
local_termination_time: 4680.39636
node_cons: 246.98161999999923
tot_aggregated_send: 0
tot_msg_rcv: 143
tot_msg_sent: 114
tot_reconf_duration: 4.390000000000001
tot_sleeping_duration: 13028.699
tot_uptimes: 4
tot_uptimes_duration: 180.0
