comms_cons: 1.4474240000025533
finished_reconf: true
global_termination_time: 6089.914
local_termination_time: 1015.7533599999999
node_cons: 91.32622000000003
tot_aggregated_send: 0
tot_msg_rcv: 164
tot_msg_sent: 56
tot_reconf_duration: 8.09
tot_sleeping_duration: 6029.914
tot_uptimes: 2
tot_uptimes_duration: 60.0
