comms_cons: 1.006617599996676
finished_reconf: true
global_termination_time: 4719.656
local_termination_time: 2755.23736
node_cons: 105.73459999999974
tot_aggregated_send: 0
tot_msg_rcv: 110
tot_msg_sent: 42
tot_reconf_duration: 18.700000000000003
tot_sleeping_duration: 4659.656
tot_uptimes: 2
tot_uptimes_duration: 60.0
