comms_cons: 38.19883519995137
finished_reconf: true
global_termination_time: 388073.9608400002
local_termination_time: 388058.64636
node_cons: 8010.482737760224
tot_aggregated_send: 5684
tot_msg_rcv: 57
tot_msg_sent: 65
tot_reconf_duration: 11.899999999999999
tot_sleeping_duration: 382103.593
tot_uptimes: 100
tot_uptimes_duration: 5970.367840000195
