comms_cons: 39.45448960039586
finished_reconf: true
global_termination_time: 392642.509
local_termination_time: 55381.98728000016
node_cons: 8040.548262242868
tot_aggregated_send: 5336
tot_msg_rcv: 198
tot_msg_sent: 462
tot_reconf_duration: 4.8100000000000005
tot_sleeping_duration: 386642.4968399979
tot_uptimes: 101
tot_uptimes_duration: 6000.0121600021375
