comms_cons: 215.4687999757224
finished_reconf: true
global_termination_time: 2142626.595
local_termination_time: 1318267.3634799998
node_cons: 44032.90082670064
tot_aggregated_send: 28420
tot_msg_rcv: 1418
tot_msg_sent: 2912
tot_reconf_duration: 4.8100000000000005
tot_sleeping_duration: 2109746.5585200144
tot_uptimes: 549
tot_uptimes_duration: 32880.03647998581
