comms_cons: 214.61475838132034
finished_reconf: true
global_termination_time: 2138086.938
local_termination_time: 1355577.21636
node_cons: 43954.45932446685
tot_aggregated_send: 28652
tot_msg_rcv: 1283
tot_msg_sent: 2686
tot_reconf_duration: 6.22
tot_sleeping_duration: 2105266.9136800095
tot_uptimes: 548
tot_uptimes_duration: 32820.02431999054
