comms_cons: 271.4697599989583
finished_reconf: true
global_termination_time: 2742915.788
local_termination_time: 788359.1749999999
node_cons: 56423.466167816805
tot_aggregated_send: 38494
tot_msg_rcv: 841
tot_msg_sent: 1926
tot_reconf_duration: 18.21
tot_sleeping_duration: 2700795.7454400165
tot_uptimes: 703
tot_uptimes_duration: 42120.04255998344
