comms_cons: 271.36488960365205
finished_reconf: true
global_termination_time: 2742059.141
local_termination_time: 789491.5173599999
node_cons: 56411.47235999908
tot_aggregated_send: 39440
tot_msg_rcv: 537
tot_msg_sent: 1268
tot_reconf_duration: 9.42
tot_sleeping_duration: 2699939.141
tot_uptimes: 703
tot_uptimes_duration: 42120.0
