comms_cons: 452.01444489342197
finished_reconf: true
global_termination_time: 4469667.276479998
local_termination_time: 94366.11975999948
node_cons: 91937.1278421215
tot_aggregated_send: 62060
tot_msg_rcv: 2335
tot_msg_sent: 4306
tot_reconf_duration: 5.57
tot_sleeping_duration: 4401011.889040025
tot_uptimes: 1145
tot_uptimes_duration: 68655.38743997313
