comms_cons: 452.8907136839879
finished_reconf: true
global_termination_time: 4469666.59976
local_termination_time: 4469666.5586399995
node_cons: 92003.61620828208
tot_aggregated_send: 61686
tot_msg_rcv: 2467
tot_msg_sent: 4682
tot_reconf_duration: 37.410000000000004
tot_sleeping_duration: 4400993.848880026
tot_uptimes: 1145
tot_uptimes_duration: 68672.75087997376
