comms_cons: 454.1129153002594
finished_reconf: true
global_termination_time: 4473566.804
local_termination_time: 770755.38312
node_cons: 92007.25813005045
tot_aggregated_send: 61306
tot_msg_rcv: 2610
tot_msg_sent: 5105
tot_reconf_duration: 13.17
tot_sleeping_duration: 4404866.74928002
tot_uptimes: 1146
tot_uptimes_duration: 68700.05471997976
