comms_cons: 453.32593928210696
finished_reconf: true
global_termination_time: 4471616.405
local_termination_time: 770761.5903199995
node_cons: 91993.56405116733
tot_aggregated_send: 61480
tot_msg_rcv: 2482
tot_msg_sent: 4941
tot_reconf_duration: 3.08
tot_sleeping_duration: 4402916.3442000225
tot_uptimes: 1146
tot_uptimes_duration: 68700.06079997751
