comms_cons: 449.3651584787444
finished_reconf: true
global_termination_time: 4474235.687
local_termination_time: 1779039.56536
node_cons: 92002.14120669963
tot_aggregated_send: 62698
tot_msg_rcv: 1890
tot_msg_sent: 3712
tot_reconf_duration: 9.42
tot_sleeping_duration: 4405535.650520014
tot_uptimes: 1146
tot_uptimes_duration: 68700.03647998674
