comms_cons: 257.0181631945044
finished_reconf: true
global_termination_time: 2537708.775
local_termination_time: 1676091.0863599998
node_cons: 52148.248483350435
tot_aggregated_send: 34858
tot_msg_rcv: 1419
tot_msg_sent: 2788
tot_reconf_duration: 5.57
tot_sleeping_duration: 2498768.756760007
tot_uptimes: 650
tot_uptimes_duration: 38940.01823999337
