comms_cons: 255.45499519000765
finished_reconf: true
global_termination_time: 2568248.268
local_termination_time: 525594.8423599999
node_cons: 52808.149885583305
tot_aggregated_send: 35496
tot_msg_rcv: 1036
tot_msg_sent: 2296
tot_reconf_duration: 18.21
tot_sleeping_duration: 2528828.2376000118
tot_uptimes: 658
tot_uptimes_duration: 39420.03039998817
