comms_cons: 255.5390847874072
finished_reconf: true
global_termination_time: 2566403.222
local_termination_time: 1133318.7956399992
node_cons: 52789.9689678171
tot_aggregated_send: 34742
tot_msg_rcv: 1316
tot_msg_sent: 2781
tot_reconf_duration: 4.8100000000000005
tot_sleeping_duration: 2526983.179440017
tot_uptimes: 658
tot_uptimes_duration: 39420.04255998344
