comms_cons: 68.82563839672748
finished_reconf: true
global_termination_time: 668893.106
local_termination_time: 45763.37936000001
node_cons: 13772.521823359717
tot_aggregated_send: 9106
tot_msg_rcv: 564
tot_msg_sent: 791
tot_reconf_duration: 25.299999999999997
tot_sleeping_duration: 658633.0877600003
tot_uptimes: 172
tot_uptimes_duration: 10260.018239999772
