comms_cons: 65.7656831989169
finished_reconf: true
global_termination_time: 670277.704
local_termination_time: 615445.1230399994
node_cons: 13744.680121121526
tot_aggregated_send: 9280
tot_msg_rcv: 229
tot_msg_sent: 487
tot_reconf_duration: 4.8100000000000005
tot_sleeping_duration: 660017.697919999
tot_uptimes: 172
tot_uptimes_duration: 10260.006080001069
