comms_cons: 66.96242559902512
finished_reconf: true
global_termination_time: 668851.71124
local_termination_time: 110594.08451999977
node_cons: 13765.671044967217
tot_aggregated_send: 9106
tot_msg_rcv: 359
tot_msg_sent: 712
tot_reconf_duration: 6.22
tot_sleeping_duration: 658577.4585999945
tot_uptimes: 172
tot_uptimes_duration: 10274.252640005376
