comms_cons: 141.52677119040285
finished_reconf: true
global_termination_time: 1390388.5282400001
local_termination_time: 203308.47736000095
node_cons: 28668.9254713545
tot_aggregated_send: 18792
tot_msg_rcv: 1013
tot_msg_sent: 1705
tot_reconf_duration: 18.21
tot_sleeping_duration: 1368996.2980000041
tot_uptimes: 357
tot_uptimes_duration: 21392.23023999587
