comms_cons: 139.26850559035475
finished_reconf: true
global_termination_time: 1391004.122
local_termination_time: 320611.75076000084
node_cons: 28622.497954706447
tot_aggregated_send: 18618
tot_msg_rcv: 978
tot_msg_sent: 1572
tot_reconf_duration: 13.17
tot_sleeping_duration: 1369641.4535200102
tot_uptimes: 357
tot_uptimes_duration: 21362.668479989865
