comms_cons: 136.61514879461984
finished_reconf: true
global_termination_time: 1390539.894
local_termination_time: 700756.691
node_cons: 28635.91214910931
tot_aggregated_send: 18790
tot_msg_rcv: 686
tot_msg_sent: 1290
tot_reconf_duration: 18.700000000000003
tot_sleeping_duration: 1369172.815920008
tot_uptimes: 357
tot_uptimes_duration: 21367.078079992032
