comms_cons: 138.13834239743818
finished_reconf: true
global_termination_time: 1393227.042
local_termination_time: 744017.9686799984
node_cons: 28617.208341116908
tot_aggregated_send: 19488
tot_msg_rcv: 529
tot_msg_sent: 978
tot_reconf_duration: 11.899999999999999
tot_sleeping_duration: 1371867.0359200023
tot_uptimes: 357
tot_uptimes_duration: 21360.006079997635
