comms_cons: 102.29340160004243
finished_reconf: true
global_termination_time: 1043864.304
local_termination_time: 167031.45484000057
node_cons: 21481.563123364318
tot_aggregated_send: 14674
tot_msg_rcv: 285
tot_msg_sent: 589
tot_reconf_duration: 22.65
tot_sleeping_duration: 1027844.2857599969
tot_uptimes: 268
tot_uptimes_duration: 16020.018240003206
