comms_cons: 105.0754303971682
finished_reconf: true
global_termination_time: 1049462.796
local_termination_time: 143500.55436000007
node_cons: 21539.583042238297
tot_aggregated_send: 14384
tot_msg_rcv: 497
tot_msg_sent: 1090
tot_reconf_duration: 6.22
tot_sleeping_duration: 1033382.7838400013
tot_uptimes: 269
tot_uptimes_duration: 16080.012159998703
