comms_cons: 147.05295359202117
finished_reconf: true
global_termination_time: 1483487.498
local_termination_time: 602726.218
node_cons: 30490.73683303712
tot_aggregated_send: 21052
tot_msg_rcv: 375
tot_msg_sent: 925
tot_reconf_duration: 18.700000000000003
tot_sleeping_duration: 1460735.188640002
tot_uptimes: 380
tot_uptimes_duration: 22752.30935999786
