comms_cons: 55.67976960152534
finished_reconf: true
global_termination_time: 545412.475
local_termination_time: 172227.2238400001
node_cons: 11171.47520448572
tot_aggregated_send: 7308
tot_msg_rcv: 399
tot_msg_sent: 756
tot_reconf_duration: 3.08
tot_sleeping_duration: 537072.4506799957
tot_uptimes: 140
tot_uptimes_duration: 8340.024320004275
