comms_cons: 107.75842561135649
finished_reconf: true
global_termination_time: 544878.823
local_termination_time: 2026.2873600000003
node_cons: 11178.270643364307
tot_aggregated_send: 0
tot_msg_rcv: 8315
tot_msg_sent: 8063
tot_reconf_duration: 8.09
tot_sleeping_duration: 536538.8047599967
tot_uptimes: 140
tot_uptimes_duration: 8340.018240003206
