comms_cons: 56.213267200019544
finished_reconf: true
global_termination_time: 544747.185
local_termination_time: 52773.1214800002
node_cons: 11175.91927608229
tot_aggregated_send: 7250
tot_msg_rcv: 478
tot_msg_sent: 815
tot_reconf_duration: 4.8100000000000005
tot_sleeping_duration: 536405.5962799983
tot_uptimes: 140
tot_uptimes_duration: 8341.588720001702
