comms_cons: 54.04154880062355
finished_reconf: true
global_termination_time: 543924.486
local_termination_time: 29257.886280000002
node_cons: 11182.16266448004
tot_aggregated_send: 7308
tot_msg_rcv: 267
tot_msg_sent: 639
tot_reconf_duration: 10.95
tot_sleeping_duration: 535584.46168
tot_uptimes: 140
tot_uptimes_duration: 8340.024320000019
