comms_cons: 55.54881280016114
finished_reconf: true
global_termination_time: 544835.222
local_termination_time: 124396.36335999997
node_cons: 11177.912124485747
tot_aggregated_send: 7250
tot_msg_rcv: 384
tot_msg_sent: 809
tot_reconf_duration: 7.819999999999999
tot_sleeping_duration: 536495.1976799957
tot_uptimes: 140
tot_uptimes_duration: 8340.024320004275
