comms_cons: 300.22634242372226
finished_reconf: true
global_termination_time: 2995236.594
local_termination_time: 1360267.3563599999
node_cons: 61628.39290670114
tot_aggregated_send: 42224
tot_msg_rcv: 1141
tot_msg_sent: 2267
tot_reconf_duration: 5.57
tot_sleeping_duration: 2949216.5575200133
tot_uptimes: 768
tot_uptimes_duration: 46020.03647998674
