comms_cons: 301.42974082357136
finished_reconf: true
global_termination_time: 2994647.388
local_termination_time: 2012443.4040799986
node_cons: 61547.39836446689
tot_aggregated_send: 41760
tot_msg_rcv: 1384
tot_msg_sent: 2670
tot_reconf_duration: 5.1
tot_sleeping_duration: 2948687.3636800083
tot_uptimes: 767
tot_uptimes_duration: 45960.02431999124
