comms_cons: 300.80108161748797
finished_reconf: true
global_termination_time: 2996475.4
local_termination_time: 2226917.27536
node_cons: 61655.17810558366
tot_aggregated_send: 42050
tot_msg_rcv: 1251
tot_msg_sent: 2420
tot_reconf_duration: 25.299999999999997
tot_sleeping_duration: 2950455.369600011
tot_uptimes: 768
tot_uptimes_duration: 46020.03039998887
