comms_cons: 302.79118720088434
finished_reconf: true
global_termination_time: 2996354.549
local_termination_time: 228531.63736000005
node_cons: 61628.18650447072
tot_aggregated_send: 41296
tot_msg_rcv: 1645
tot_msg_sent: 3081
tot_reconf_duration: 5.43
tot_sleeping_duration: 2950334.5246800063
tot_uptimes: 768
tot_uptimes_duration: 46020.02431999397
