comms_cons: 2984.5934607532
finished_reconf: true
global_termination_time: 7904979.826
local_termination_time: 1731069.58448
node_cons: 479390.1910872415
tot_aggregated_send: 0
tot_msg_rcv: 183408
tot_msg_sent: 270233
tot_reconf_duration: 5.57
tot_sleeping_duration: 7546964.42120001
tot_uptimes: 5856
tot_uptimes_duration: 358015.4047999896
