comms_cons: 784.3788033596666
finished_reconf: true
global_termination_time: 7906848.335
local_termination_time: 1304600.0996799995
node_cons: 162618.85283004757
tot_aggregated_send: 110200
tot_msg_rcv: 2903
tot_msg_sent: 6118
tot_reconf_duration: 7.819999999999999
tot_sleeping_duration: 7785408.28028002
tot_uptimes: 2025
tot_uptimes_duration: 121440.05471997987
