comms_cons: 782.5988673618542
finished_reconf: true
global_termination_time: 7905088.817
local_termination_time: 1364957.2393599998
node_cons: 162616.66374781347
tot_aggregated_send: 109214
tot_msg_rcv: 3115
tot_msg_sent: 6619
tot_reconf_duration: 6.22
tot_sleeping_duration: 7783648.774440016
tot_uptimes: 2025
tot_uptimes_duration: 121440.04255998437
