comms_cons: 28.48856319985334
finished_reconf: true
global_termination_time: 291908.627
local_termination_time: 71850.91335999996
node_cons: 5951.121620000005
tot_aggregated_send: 4176
tot_msg_rcv: 42
tot_msg_sent: 112
tot_reconf_duration: 4.390000000000001
tot_sleeping_duration: 287468.627
tot_uptimes: 75
tot_uptimes_duration: 4440.0
