comms_cons: 58.765414400041635
finished_reconf: true
global_termination_time: 592758.958
local_termination_time: 1470.0169200000034
node_cons: 12138.904060000013
tot_aggregated_send: 8294
tot_msg_rcv: 178
tot_msg_sent: 460
tot_reconf_duration: 5.57
tot_sleeping_duration: 583698.958
tot_uptimes: 152
tot_uptimes_duration: 9059.999999999998
