comms_cons: 115.27416319463319
finished_reconf: true
global_termination_time: 1164157.421
local_termination_time: 739994.8043599998
node_cons: 23966.049179999987
tot_aggregated_send: 16704
tot_msg_rcv: 310
tot_msg_sent: 507
tot_reconf_duration: 18.21
tot_sleeping_duration: 1146277.421
tot_uptimes: 299
tot_uptimes_duration: 17880.0
