comms_cons: 116.1110655967888
finished_reconf: true
global_termination_time: 1164696.284
local_termination_time: 488453.85660000006
node_cons: 23956.678980000033
tot_aggregated_send: 16646
tot_msg_rcv: 372
tot_msg_sent: 630
tot_reconf_duration: 11.31
tot_sleeping_duration: 1146816.284
tot_uptimes: 299
tot_uptimes_duration: 17880.0
