comms_cons: 47.589414400672354
finished_reconf: true
global_termination_time: 485625.88
local_termination_time: 262279.69148000056
node_cons: 9992.918700000044
tot_aggregated_send: 6670
tot_msg_rcv: 231
tot_msg_sent: 332
tot_reconf_duration: 22.65
tot_sleeping_duration: 478185.88
tot_uptimes: 125
tot_uptimes_duration: 7440.0
