comms_cons: 51.844096002386216
finished_reconf: true
global_termination_time: 488402.222
local_termination_time: 213280.35436000006
node_cons: 10048.510466728616
tot_aggregated_send: 6090
tot_msg_rcv: 624
tot_msg_sent: 1167
tot_reconf_duration: 4.390000000000001
tot_sleeping_duration: 480902.1855199936
tot_uptimes: 126
tot_uptimes_duration: 7500.036480006413
