comms_cons: 49.2459392010086
finished_reconf: true
global_termination_time: 485312.592
local_termination_time: 288083.56836000003
node_cons: 9977.52712112144
tot_aggregated_send: 6612
tot_msg_rcv: 302
tot_msg_sent: 571
tot_reconf_duration: 11.31
tot_sleeping_duration: 477872.58591999894
tot_uptimes: 125
tot_uptimes_duration: 7440.006080001069
