comms_cons: 172.96779519372726
finished_reconf: true
global_termination_time: 1748333.078
local_termination_time: 585457.6123599999
node_cons: 35929.8730011168
tot_aggregated_send: 25056
tot_msg_rcv: 375
tot_msg_sent: 859
tot_reconf_duration: 13.17
tot_sleeping_duration: 1721513.0719200023
tot_uptimes: 448
tot_uptimes_duration: 26820.006079997635
