comms_cons: 96.95516161305788
finished_reconf: true
global_termination_time: 464751.70760000055
local_termination_time: 464751.66648000054
node_cons: 9644.82959272706
tot_aggregated_send: 0
tot_msg_rcv: 7787
tot_msg_sent: 6948
tot_reconf_duration: 24.59
tot_sleeping_duration: 457573.6371199953
tot_uptimes: 120
tot_uptimes_duration: 7178.070480005255
