comms_cons: 11.56216319975536
finished_reconf: true
global_termination_time: 95594.414
local_termination_time: 7199.854
node_cons: 1938.282470076639
tot_aggregated_send: 343
tot_msg_rcv: 626
tot_msg_sent: 790
tot_reconf_duration: 7.3999999999999995
tot_sleeping_duration: 94154.35928000252
tot_uptimes: 25
tot_uptimes_duration: 1440.0547199974899
