comms_cons: 10.65423359988947
finished_reconf: true
global_termination_time: 93942.383
local_termination_time: 1097.63212
node_cons: 1940.9713444785991
tot_aggregated_send: 464
tot_msg_rcv: 565
tot_msg_sent: 591
tot_reconf_duration: 9.41
tot_sleeping_duration: 92502.35868000105
tot_uptimes: 25
tot_uptimes_duration: 1440.0243199989545
