comms_cons: 11.67463679987741
finished_reconf: true
global_termination_time: 94813.312
local_termination_time: 1009.9152399999998
node_cons: 1936.6691867177615
tot_aggregated_send: 290
tot_msg_rcv: 622
tot_msg_sent: 865
tot_reconf_duration: 6.23
tot_sleeping_duration: 93373.27552000167
tot_uptimes: 25
tot_uptimes_duration: 1440.036479998329
