comms_cons: 8.521945599995615
finished_reconf: true
global_termination_time: 96056.751
local_termination_time: 3513.4761200000003
node_cons: 1938.4291822400169
tot_aggregated_send: 870
tot_msg_rcv: 153
tot_msg_sent: 270
tot_reconf_duration: 7.55
tot_sleeping_duration: 94616.73883999999
tot_uptimes: 25
tot_uptimes_duration: 1440.012160000013
