comms_cons: 2.5132543999941883
finished_reconf: true
global_termination_time: 13624.227
local_termination_time: 6369.532360000001
node_cons: 247.9458000000005
tot_aggregated_send: 0
tot_msg_rcv: 211
tot_msg_sent: 170
tot_reconf_duration: 5.1
tot_sleeping_duration: 13444.227
tot_uptimes: 4
tot_uptimes_duration: 180.0
