comms_cons: 2.9481087999937694
finished_reconf: true
global_termination_time: 16697.592
local_termination_time: 4636.418360000001
node_cons: 332.35436112000644
tot_aggregated_send: 0
tot_msg_rcv: 277
tot_msg_sent: 171
tot_reconf_duration: 8.09
tot_sleeping_duration: 16457.585919999998
tot_uptimes: 5
tot_uptimes_duration: 240.00608000000466
