comms_cons: 324.36382715392733
finished_reconf: true
global_termination_time: 671154.8435999998
local_termination_time: 671154.8024799998
node_cons: 40806.12007512065
tot_aggregated_send: 0
tot_msg_rcv: 19891
tot_msg_sent: 29410
tot_reconf_duration: 24.59
tot_sleeping_duration: 640704.7115199991
tot_uptimes: 500
tot_uptimes_duration: 30450.13208000068
