comms_cons: 132.76012798164166
finished_reconf: true
global_termination_time: 671155.4435999999
local_termination_time: 2571.9793600000003
node_cons: 13765.273834003612
tot_aggregated_send: 0
tot_msg_rcv: 10249
tot_msg_sent: 9927
tot_reconf_duration: 4.8100000000000005
tot_sleeping_duration: 660880.0575999971
tot_uptimes: 172
tot_uptimes_duration: 10275.386000002683
