comms_cons: 66.69335039990689
finished_reconf: true
global_termination_time: 672306.193
local_termination_time: 29137.2616
node_cons: 13829.10770112145
tot_aggregated_send: 9454
tot_msg_rcv: 223
tot_msg_sent: 460
tot_reconf_duration: 7.819999999999999
tot_sleeping_duration: 661986.1869199988
tot_uptimes: 173
tot_uptimes_duration: 10320.006080001069
