comms_cons: 98.08396799876131
finished_reconf: true
global_termination_time: 997463.159
local_termination_time: 368826.88952000084
node_cons: 20512.474665281225
tot_aggregated_send: 14384
tot_msg_rcv: 135
tot_msg_sent: 390
tot_reconf_duration: 15.34
tot_sleeping_duration: 982159.4674799992
tot_uptimes: 256
tot_uptimes_duration: 15303.691520000866
