comms_cons: 97.28067839871126
finished_reconf: true
global_termination_time: 998135.437
local_termination_time: 222853.97036000006
node_cons: 20521.065541121487
tot_aggregated_send: 13746
tot_msg_rcv: 307
tot_msg_sent: 733
tot_reconf_duration: 25.299999999999997
tot_sleeping_duration: 982835.4309199989
tot_uptimes: 256
tot_uptimes_duration: 15300.006080001069
