comms_cons: 98.07738879853221
finished_reconf: true
global_termination_time: 996330.4914799999
local_termination_time: 996330.4503599999
node_cons: 20538.45980095809
tot_aggregated_send: 14486
tot_msg_rcv: 123
tot_msg_sent: 298
tot_reconf_duration: 24.59
tot_sleeping_duration: 981016.7748400014
tot_uptimes: 256
tot_uptimes_duration: 15313.716639998544
