comms_cons: 2.3240575999944717
finished_reconf: true
global_termination_time: 14924.662
local_termination_time: 6707.97536
node_cons: 247.56012112000678
tot_aggregated_send: 0
tot_msg_rcv: 182
tot_msg_sent: 171
tot_reconf_duration: 4.8100000000000005
tot_sleeping_duration: 14744.655919999996
tot_uptimes: 4
tot_uptimes_duration: 180.00608000000466
