comms_cons: 92.57063039890527
finished_reconf: true
global_termination_time: 928031.203
local_termination_time: 148748.42736000006
node_cons: 19047.111980000027
tot_aggregated_send: 13108
tot_msg_rcv: 328
tot_msg_sent: 634
tot_reconf_duration: 4.8100000000000005
tot_sleeping_duration: 913811.203
tot_uptimes: 238
tot_uptimes_duration: 14220.0
