comms_cons: 90.93112319969434
finished_reconf: true
global_termination_time: 926602.489
local_termination_time: 674406.6243999992
node_cons: 19065.974599999965
tot_aggregated_send: 13456
tot_msg_rcv: 148
tot_msg_sent: 217
tot_reconf_duration: 18.700000000000003
tot_sleeping_duration: 912382.489
tot_uptimes: 238
tot_uptimes_duration: 14220.0
