comms_cons: 2.388249599992108
finished_reconf: true
global_termination_time: 11927.589
local_termination_time: 8548.25036
node_cons: 271.7786999999995
tot_aggregated_send: 0
tot_msg_rcv: 208
tot_msg_sent: 154
tot_reconf_duration: 22.65
tot_sleeping_duration: 11747.589
tot_uptimes: 4
tot_uptimes_duration: 180.0
