comms_cons: 306.27617279828587
finished_reconf: true
global_termination_time: 3024434.148
local_termination_time: 1103111.8936399983
node_cons: 62189.73268558364
tot_aggregated_send: 40890
tot_msg_rcv: 2011
tot_msg_sent: 3652
tot_reconf_duration: 4.8100000000000005
tot_sleeping_duration: 2977994.1176000116
tot_uptimes: 775
tot_uptimes_duration: 46440.03039998864
