comms_cons: 307.0663232065773
finished_reconf: true
global_termination_time: 3025196.512
local_termination_time: 629327.2100000001
node_cons: 62187.37517005064
tot_aggregated_send: 40716
tot_msg_rcv: 1952
tot_msg_sent: 4005
tot_reconf_duration: 3.05
tot_sleeping_duration: 2978756.457280021
tot_uptimes: 775
tot_uptimes_duration: 46440.05471997894
