comms_cons: 121.31386879145856
finished_reconf: true
global_termination_time: 1191101.913
local_termination_time: 1005758.1234799998
node_cons: 24510.24012111695
tot_aggregated_send: 16414
tot_msg_rcv: 751
tot_msg_sent: 1274
tot_reconf_duration: 4.8100000000000005
tot_sleeping_duration: 1172801.9069200023
tot_uptimes: 306
tot_uptimes_duration: 18300.006079997635
