comms_cons: 46.488627200407116
finished_reconf: true
global_termination_time: 471032.054
local_termination_time: 292921.72
node_cons: 9652.4727638428
tot_aggregated_send: 6782
tot_msg_rcv: 113
tot_msg_sent: 171
tot_reconf_duration: 7.819999999999999
tot_sleeping_duration: 463831.26743999793
tot_uptimes: 121
tot_uptimes_duration: 7200.786560002074
