comms_cons: 46.114240000067014
finished_reconf: true
global_termination_time: 470471.528
local_termination_time: 230094.60148000007
node_cons: 9648.182081121435
tot_aggregated_send: 6844
tot_msg_rcv: 53
tot_msg_sent: 112
tot_reconf_duration: 5.43
tot_sleeping_duration: 463271.5219199989
tot_uptimes: 121
tot_uptimes_duration: 7200.006080001069
