comms_cons: 57.34485120434436
finished_reconf: true
global_termination_time: 441755.7371600003
local_termination_time: 441755.6960400003
node_cons: 9164.819130950353
tot_aggregated_send: 2932
tot_msg_rcv: 2093
tot_msg_sent: 3691
tot_reconf_duration: 37.410000000000004
tot_sleeping_duration: 434949.1528799776
tot_uptimes: 114
tot_uptimes_duration: 6806.58428002266
