comms_cons: 44.173376000413484
finished_reconf: true
global_termination_time: 443171.529
local_termination_time: 4466.59936
node_cons: 9112.793682241449
tot_aggregated_send: 6032
tot_msg_rcv: 210
tot_msg_sent: 472
tot_reconf_duration: 25.299999999999997
tot_sleeping_duration: 436391.5168399989
tot_uptimes: 114
tot_uptimes_duration: 6780.012160001073
