comms_cons: 46.27151360137211
finished_reconf: true
global_termination_time: 447112.147
local_termination_time: 8664.142360000002
node_cons: 9171.155803364303
tot_aggregated_send: 5858
tot_msg_rcv: 424
tot_msg_sent: 751
tot_reconf_duration: 9.11
tot_sleeping_duration: 440272.1287599968
tot_uptimes: 115
tot_uptimes_duration: 6840.018240003206
