comms_cons: 96.91287039344849
finished_reconf: true
global_termination_time: 977149.8531200005
local_termination_time: 165520.54636000007
node_cons: 20171.08216303897
tot_aggregated_send: 13224
tot_msg_rcv: 460
tot_msg_sent: 1047
tot_reconf_duration: 5.57
tot_sleeping_duration: 962091.2137600012
tot_uptimes: 251
tot_uptimes_duration: 15058.6393599992
