comms_cons: 98.62244479321923
finished_reconf: true
global_termination_time: 977684.907
local_termination_time: 448555.7633600005
node_cons: 20091.974646714785
tot_aggregated_send: 12760
tot_msg_rcv: 772
tot_msg_sent: 1456
tot_reconf_duration: 5.1
tot_sleeping_duration: 962684.870520004
tot_uptimes: 251
tot_uptimes_duration: 15000.03647999611
