comms_cons: 100.13667839229906
finished_reconf: true
global_termination_time: 977230.107
local_termination_time: 30650.73844
node_cons: 20115.79940559339
tot_aggregated_send: 13108
tot_msg_rcv: 789
tot_msg_sent: 1324
tot_reconf_duration: 22.65
tot_sleeping_duration: 962230.0766000049
tot_uptimes: 251
tot_uptimes_duration: 15000.030399995041
