comms_cons: 2.901427199994125
finished_reconf: true
global_termination_time: 16691.551
local_termination_time: 5542.75536
node_cons: 342.19172000000026
tot_aggregated_send: 0
tot_msg_rcv: 279
tot_msg_sent: 162
tot_reconf_duration: 15.34
tot_sleeping_duration: 16451.551
tot_uptimes: 5
tot_uptimes_duration: 240.0
