comms_cons: 2.460620799991869
finished_reconf: true
global_termination_time: 17081.746
local_termination_time: 6482.424360000001
node_cons: 328.2858000000005
tot_aggregated_send: 0
tot_msg_rcv: 201
tot_msg_sent: 173
tot_reconf_duration: 5.1
tot_sleeping_duration: 16841.746
tot_uptimes: 5
tot_uptimes_duration: 240.0
