comms_cons: 2.7573119999901796
finished_reconf: true
global_termination_time: 18657.492
local_termination_time: 7456.90836
node_cons: 325.5426399999999
tot_aggregated_send: 0
tot_msg_rcv: 244
tot_msg_sent: 176
tot_reconf_duration: 3.08
tot_sleeping_duration: 18417.492
tot_uptimes: 5
tot_uptimes_duration: 240.0
