comms_cons: 2.3092991999965897
finished_reconf: true
global_termination_time: 17431.333
local_termination_time: 4953.3243600000005
node_cons: 332.34622000000024
tot_aggregated_send: 0
tot_msg_rcv: 181
tot_msg_sent: 170
tot_reconf_duration: 8.09
tot_sleeping_duration: 17191.333
tot_uptimes: 5
tot_uptimes_duration: 240.0
