comms_cons: 2.3270143999946242
finished_reconf: true
global_termination_time: 18772.842
local_termination_time: 5814.13836
node_cons: 338.5115400000002
tot_aggregated_send: 0
tot_msg_rcv: 189
tot_msg_sent: 165
tot_reconf_duration: 12.629999999999999
tot_sleeping_duration: 18532.842
tot_uptimes: 5
tot_uptimes_duration: 240.0
