comms_cons: 2.843468799993298
finished_reconf: true
global_termination_time: 17571.272
local_termination_time: 6420.823360000001
node_cons: 337.52834112000687
tot_aggregated_send: 0
tot_msg_rcv: 265
tot_msg_sent: 167
tot_reconf_duration: 11.899999999999999
tot_sleeping_duration: 17331.265919999998
tot_uptimes: 5
tot_uptimes_duration: 240.00608000000454
