comms_cons: 7.66007039978667
finished_reconf: true
global_termination_time: 95369.899
local_termination_time: 1975.3841200000002
node_cons: 1936.164024478602
tot_aggregated_send: 0
tot_msg_rcv: 252
tot_msg_sent: 912
tot_reconf_duration: 5.87
tot_sleeping_duration: 93929.87468000106
tot_uptimes: 25
tot_uptimes_duration: 1440.0243199989563
