comms_cons: 19.790233600144752
finished_reconf: true
global_termination_time: 194699.978
local_termination_time: 114774.41735999996
node_cons: 3942.6379022428623
tot_aggregated_send: 2436
tot_msg_rcv: 168
tot_msg_sent: 404
tot_reconf_duration: 4.390000000000001
tot_sleeping_duration: 191759.96583999787
tot_uptimes: 50
tot_uptimes_duration: 2940.0121600021375
