comms_cons: 45.10699520029536
finished_reconf: true
global_termination_time: 453083.515
local_termination_time: 39848.394360000006
node_cons: 9325.971980000008
tot_aggregated_send: 6438
tot_msg_rcv: 132
tot_msg_sent: 286
tot_reconf_duration: 4.8100000000000005
tot_sleeping_duration: 446123.515
tot_uptimes: 117
tot_uptimes_duration: 6960.0
