comms_cons: 232.28115837649392
finished_reconf: true
global_termination_time: 2270687.56
local_termination_time: 933472.8993599998
node_cons: 46685.155156219575
tot_aggregated_send: 30682
tot_msg_rcv: 1604
tot_msg_sent: 3019
tot_reconf_duration: 5.57
tot_sleeping_duration: 2235827.5218400145
tot_uptimes: 582
tot_uptimes_duration: 34860.03815998521
