comms_cons: 231.52935678023573
finished_reconf: true
global_termination_time: 2270465.724
local_termination_time: 992124.3213599998
node_cons: 46684.490223349916
tot_aggregated_send: 30914
tot_msg_rcv: 1492
tot_msg_sent: 2786
tot_reconf_duration: 5.1
tot_sleeping_duration: 2235605.705760007
tot_uptimes: 582
tot_uptimes_duration: 34860.0182399929
