comms_cons: 228.6131839947858
finished_reconf: true
global_termination_time: 2274036.322
local_termination_time: 1015375.8933599999
node_cons: 46792.26996446715
tot_aggregated_send: 31726
tot_msg_rcv: 1009
tot_msg_sent: 2012
tot_reconf_duration: 25.299999999999997
tot_sleeping_duration: 2239116.297680009
tot_uptimes: 583
tot_uptimes_duration: 34920.02431999077
