comms_cons: 448.0201725997427
finished_reconf: true
global_termination_time: 2270135.963
local_termination_time: 1274.3570400000015
node_cons: 46692.89897999939
tot_aggregated_send: 0
tot_msg_rcv: 34398
tot_msg_sent: 33700
tot_reconf_duration: 11.31
tot_sleeping_duration: 2235275.963
tot_uptimes: 582
tot_uptimes_duration: 34859.999999999956
