comms_cons: 75.193676798657
finished_reconf: true
global_termination_time: 764259.671
local_termination_time: 477575.8986
node_cons: 15674.844522233649
tot_aggregated_send: 10498
tot_msg_rcv: 340
tot_msg_sent: 591
tot_reconf_duration: 6.279999999999999
tot_sleeping_duration: 752559.6588400047
tot_uptimes: 196
tot_uptimes_duration: 11700.012159995269
