comms_cons: 76.02923519782591
finished_reconf: true
global_termination_time: 762578.539
local_termination_time: 496358.71772000054
node_cons: 15684.193001121432
tot_aggregated_send: 10672
tot_msg_rcv: 280
tot_msg_sent: 604
tot_reconf_duration: 13.17
tot_sleeping_duration: 750878.5329199989
tot_uptimes: 196
tot_uptimes_duration: 11700.006080001069
