comms_cons: 98.49720319356277
finished_reconf: true
global_termination_time: 988821.635
local_termination_time: 602810.0143599999
node_cons: 20343.929283350582
tot_aggregated_send: 13224
tot_msg_rcv: 534
tot_msg_sent: 1213
tot_reconf_duration: 13.17
tot_sleeping_duration: 973641.6167600071
tot_uptimes: 254
tot_uptimes_duration: 15180.018239992904
