comms_cons: 101.78566399286464
finished_reconf: true
global_termination_time: 989416.104
local_termination_time: 54784.09736000001
node_cons: 20330.28405118674
tot_aggregated_send: 12992
tot_msg_rcv: 886
tot_msg_sent: 1591
tot_reconf_duration: 3.08
tot_sleeping_duration: 974236.04320001
tot_uptimes: 254
tot_uptimes_duration: 15180.060799990082
