comms_cons: 100.80223999422644
finished_reconf: true
global_termination_time: 986819.233
local_termination_time: 265942.34936000005
node_cons: 20258.132791186727
tot_aggregated_send: 12760
tot_msg_rcv: 926
tot_msg_sent: 1635
tot_reconf_duration: 9.11
tot_sleeping_duration: 971699.1722000099
tot_uptimes: 253
tot_uptimes_duration: 15120.060799990082
