comms_cons: 99.41171199286724
finished_reconf: true
global_termination_time: 991292.68
local_termination_time: 541314.0837199988
node_cons: 20342.196482233725
tot_aggregated_send: 13688
tot_msg_rcv: 469
tot_msg_sent: 953
tot_reconf_duration: 11.899999999999999
tot_sleeping_duration: 976112.6678400048
tot_uptimes: 254
tot_uptimes_duration: 15180.012159995269
