comms_cons: 98.4314111970325
finished_reconf: true
global_termination_time: 989426.577
local_termination_time: 459665.6733600001
node_cons: 20330.170041121524
tot_aggregated_send: 14036
tot_msg_rcv: 286
tot_msg_sent: 639
tot_reconf_duration: 3.05
tot_sleeping_duration: 974246.5709199989
tot_uptimes: 254
tot_uptimes_duration: 15180.006080001069
