comms_cons: 195.47891190690436
finished_reconf: true
global_termination_time: 985315.429
local_termination_time: 259725.89036000002
node_cons: 20256.307701116835
tot_aggregated_send: 0
tot_msg_rcv: 15149
tot_msg_sent: 14563
tot_reconf_duration: 7.819999999999999
tot_sleeping_duration: 970195.4229200024
tot_uptimes: 253
tot_uptimes_duration: 15120.006079997635
