comms_cons: 100.8328191946693
finished_reconf: true
global_termination_time: 985121.9791599993
local_termination_time: 278561.9798000007
node_cons: 20291.902802070723
tot_aggregated_send: 13340
tot_msg_rcv: 695
tot_msg_sent: 1291
tot_reconf_duration: 15.34
tot_sleeping_duration: 969983.0164400063
tot_uptimes: 253
tot_uptimes_duration: 15138.962719993026
