comms_cons: 211.59365119329718
finished_reconf: true
global_termination_time: 2158192.651
local_termination_time: 1641420.06036
node_cons: 44363.03897999963
tot_aggregated_send: 31204
tot_msg_rcv: 312
tot_msg_sent: 645
tot_reconf_duration: 11.31
tot_sleeping_duration: 2125072.651
tot_uptimes: 553
tot_uptimes_duration: 33120.0
