comms_cons: 40.159436801263844
finished_reconf: true
global_termination_time: 385777.579
local_termination_time: 151223.97892000075
node_cons: 7880.89220112145
tot_aggregated_send: 4930
tot_msg_rcv: 422
tot_msg_sent: 752
tot_reconf_duration: 5.57
tot_sleeping_duration: 379897.57291999896
tot_uptimes: 99
tot_uptimes_duration: 5880.006080001069
