comms_cons: 39.185715200714654
finished_reconf: true
global_termination_time: 385476.552
local_termination_time: 12106.744120000003
node_cons: 7898.71460000001
tot_aggregated_send: 5104
tot_msg_rcv: 288
tot_msg_sent: 564
tot_reconf_duration: 18.700000000000003
tot_sleeping_duration: 379596.552
tot_uptimes: 99
tot_uptimes_duration: 5880.0
