comms_cons: 38.38368000029456
finished_reconf: true
global_termination_time: 385527.775
local_termination_time: 17692.97036
node_cons: 7881.783042240588
tot_aggregated_send: 5278
tot_msg_rcv: 153
tot_msg_sent: 403
tot_reconf_duration: 6.22
tot_sleeping_duration: 379647.76283999963
tot_uptimes: 99
tot_uptimes_duration: 5880.012160000435
