comms_cons: 34.92960000002326
finished_reconf: true
global_termination_time: 355888.6317600005
local_termination_time: 43124.18836000001
node_cons: 7370.84183264068
tot_aggregated_send: 5220
tot_msg_rcv: 17
tot_msg_sent: 71
tot_reconf_duration: 11.31
tot_sleeping_duration: 350395.366
tot_uptimes: 92
tot_uptimes_duration: 5493.265760000504
