comms_cons: 138.34613121345598
finished_reconf: true
global_termination_time: 286122.95720000064
local_termination_time: 286122.91608000064
node_cons: 17428.649547281475
tot_aggregated_send: 0
tot_msg_rcv: 8493
tot_msg_sent: 12536
tot_reconf_duration: 24.59
tot_sleeping_duration: 273131.72767999955
tot_uptimes: 208
tot_uptimes_duration: 12991.229520001078
