comms_cons: 56.812051205531574
finished_reconf: true
global_termination_time: 286123.55720000074
local_termination_time: 916.96236
node_cons: 5952.341959922418
tot_aggregated_send: 0
tot_msg_rcv: 4377
tot_msg_sent: 4256
tot_reconf_duration: 18.21
tot_sleeping_duration: 281696.66191999894
tot_uptimes: 74
tot_uptimes_duration: 4426.895280001801
