comms_cons: 28.96439679986887
finished_reconf: true
global_termination_time: 291720.679
local_termination_time: 140727.32936000006
node_cons: 5953.614901119158
tot_aggregated_send: 3770
tot_msg_rcv: 256
tot_msg_sent: 376
tot_reconf_duration: 6.22
tot_sleeping_duration: 287280.6729200006
tot_uptimes: 75
tot_uptimes_duration: 4440.006079999366
