comms_cons: 396.17004161476154
finished_reconf: true
global_termination_time: 4003926.748
local_termination_time: 2897971.8763599996
node_cons: 82364.66019999777
tot_aggregated_send: 57652
tot_msg_rcv: 775
tot_msg_sent: 1787
tot_reconf_duration: 11.899999999999999
tot_sleeping_duration: 3942426.748
tot_uptimes: 1026
tot_uptimes_duration: 61500.0
