comms_cons: 405.8178688782698
finished_reconf: true
global_termination_time: 4005632.153
local_termination_time: 1281583.1074799998
node_cons: 82356.98746558296
tot_aggregated_send: 54984
tot_msg_rcv: 2230
tot_msg_sent: 4469
tot_reconf_duration: 6.22
tot_sleeping_duration: 3944132.122600011
tot_uptimes: 1026
tot_uptimes_duration: 61500.03039998887
