comms_cons: 9.750374400086496
finished_reconf: true
global_termination_time: 78401.685
local_termination_time: 42618.296
node_cons: 1641.173682240021
tot_aggregated_send: 580
tot_msg_rcv: 338
tot_msg_sent: 564
tot_reconf_duration: 25.299999999999997
tot_sleeping_duration: 77201.67283999998
tot_uptimes: 21
tot_uptimes_duration: 1200.012160000013
