comms_cons: 9.534169600155835
finished_reconf: true
global_termination_time: 79815.588
local_termination_time: 1274.9794800000002
node_cons: 1617.8106433608737
tot_aggregated_send: 406
tot_msg_rcv: 397
tot_msg_sent: 648
tot_reconf_duration: 8.09
tot_sleeping_duration: 78615.56975999934
tot_uptimes: 21
tot_uptimes_duration: 1200.0182400006524
