comms_cons: 10.494451200078611
finished_reconf: true
global_termination_time: 81147.395
local_termination_time: 15896.75236
node_cons: 1619.2120855997518
tot_aggregated_send: 348
tot_msg_rcv: 458
tot_msg_sent: 789
tot_reconf_duration: 9.11
tot_sleeping_duration: 79947.36460000019
tot_uptimes: 21
tot_uptimes_duration: 1200.030399999814
