comms_cons: 9.099660800027273
finished_reconf: true
global_termination_time: 79629.737
local_termination_time: 43730.938
node_cons: 1619.2946939997396
tot_aggregated_send: 689
tot_msg_rcv: 228
tot_msg_sent: 467
tot_reconf_duration: 8.129999999999999
tot_sleeping_duration: 78428.6510000002
tot_uptimes: 21
tot_uptimes_duration: 1201.085999999801
