comms_cons: 9.954956800142007
finished_reconf: true
global_termination_time: 79287.975
local_termination_time: 37337.605080000125
node_cons: 1611.3954444808833
tot_aggregated_send: 464
tot_msg_rcv: 469
tot_msg_sent: 581
tot_reconf_duration: 3.3600000000000003
tot_sleeping_duration: 78087.95067999935
tot_uptimes: 21
tot_uptimes_duration: 1200.024320000659
