comms_cons: 81.06923519883384
finished_reconf: true
global_termination_time: 787359.3621200002
local_termination_time: 219032.80584000057
node_cons: 16194.875291923103
tot_aggregated_send: 10266
tot_msg_rcv: 780
tot_msg_sent: 1276
tot_reconf_duration: 11.31
tot_sleeping_duration: 775276.0788399979
tot_uptimes: 202
tot_uptimes_duration: 12083.283280002302
