comms_cons: 309.70330883568147
finished_reconf: true
global_termination_time: 3023400.821
local_termination_time: 2111238.8045199984
node_cons: 62190.748483350304
tot_aggregated_send: 40832
tot_msg_rcv: 2180
tot_msg_sent: 4061
tot_reconf_duration: 5.57
tot_sleeping_duration: 2976960.8027600064
tot_uptimes: 775
tot_uptimes_duration: 46440.01823999337
