comms_cons: 299.9502784185871
finished_reconf: true
global_termination_time: 3022550.793
local_termination_time: 2323793.6160399993
node_cons: 62201.04485999868
tot_aggregated_send: 43268
tot_msg_rcv: 709
tot_msg_sent: 1613
tot_reconf_duration: 13.17
tot_sleeping_duration: 2976110.793
tot_uptimes: 775
tot_uptimes_duration: 46440.0
