comms_cons: 306.1371328152648
finished_reconf: true
global_termination_time: 3020296.23
local_termination_time: 1075786.5751599984
node_cons: 62109.39268558365
tot_aggregated_send: 41296
tot_msg_rcv: 1773
tot_msg_sent: 3462
tot_reconf_duration: 4.8100000000000005
tot_sleeping_duration: 2973916.1996000116
tot_uptimes: 774
tot_uptimes_duration: 46380.03039998864
