comms_cons: 303.20263043160656
finished_reconf: true
global_termination_time: 3024758.319
local_termination_time: 352834.27240000083
node_cons: 62190.574645583874
tot_aggregated_send: 42398
tot_msg_rcv: 1190
tot_msg_sent: 2496
tot_reconf_duration: 5.43
tot_sleeping_duration: 2978318.2886000113
tot_uptimes: 775
tot_uptimes_duration: 46440.03039998887
