comms_cons: 47.60709120107673
finished_reconf: true
global_termination_time: 466736.173
local_termination_time: 326271.45136000006
node_cons: 9591.226841121475
tot_aggregated_send: 6264
tot_msg_rcv: 354
tot_msg_sent: 618
tot_reconf_duration: 22.65
tot_sleeping_duration: 459596.16691999894
tot_uptimes: 120
tot_uptimes_duration: 7140.006080001069
