comms_cons: 69.08159999884079
finished_reconf: true
global_termination_time: 674336.649
local_termination_time: 38009.136480000016
node_cons: 13826.068483359713
tot_aggregated_send: 8874
tot_msg_rcv: 525
tot_msg_sent: 1101
tot_reconf_duration: 5.57
tot_sleeping_duration: 664016.6307600002
tot_uptimes: 173
tot_uptimes_duration: 10320.018239999772
