comms_cons: 69.27142399830747
finished_reconf: true
global_termination_time: 672977.5985199992
local_termination_time: 672977.5573999992
node_cons: 13911.632993355715
tot_aggregated_send: 8848
tot_msg_rcv: 541
tot_msg_sent: 1139
tot_reconf_duration: 37.410000000000004
tot_sleeping_duration: 662625.9702800023
tot_uptimes: 173
tot_uptimes_duration: 10351.628239996775
