comms_cons: 68.5427327991045
finished_reconf: true
global_termination_time: 672978.4670000002
local_termination_time: 389817.05048000003
node_cons: 13850.245806715022
tot_aggregated_send: 8874
tot_msg_rcv: 495
tot_msg_sent: 1050
tot_reconf_duration: 5.43
tot_sleeping_duration: 662640.2505200038
tot_uptimes: 173
tot_uptimes_duration: 10338.216479996277
