comms_cons: 128.13117438491764
finished_reconf: true
global_termination_time: 694769.434
local_termination_time: 175906.38499999998
node_cons: 14273.560622958354
tot_aggregated_send: 0
tot_msg_rcv: 9844
tot_msg_sent: 9632
tot_reconf_duration: 22.65
tot_sleeping_duration: 684132.5393600013
tot_uptimes: 178
tot_uptimes_duration: 10636.894639998762
