comms_cons: 130.3128959839457
finished_reconf: true
global_termination_time: 694366.762
local_termination_time: 174929.75172000006
node_cons: 14224.338182242866
tot_aggregated_send: 0
tot_msg_rcv: 10114
tot_msg_sent: 9695
tot_reconf_duration: 3.05
tot_sleeping_duration: 683746.7498399979
tot_uptimes: 178
tot_uptimes_duration: 10620.012160002138
