comms_cons: 79.79797759635451
finished_reconf: true
global_termination_time: 792087.289
local_termination_time: 549752.7563599999
node_cons: 16254.082741116792
tot_aggregated_send: 11078
tot_msg_rcv: 424
tot_msg_sent: 625
tot_reconf_duration: 18.700000000000003
tot_sleeping_duration: 779967.2829200024
tot_uptimes: 203
tot_uptimes_duration: 12120.006079997635
