comms_cons: 79.94385919913334
finished_reconf: true
global_termination_time: 788088.201
local_termination_time: 589175.8138399987
node_cons: 16163.218241116792
tot_aggregated_send: 10498
tot_msg_rcv: 616
tot_msg_sent: 1037
tot_reconf_duration: 10.95
tot_sleeping_duration: 776028.1949200024
tot_uptimes: 202
tot_uptimes_duration: 12060.006079997635
