comms_cons: 80.29283839852475
finished_reconf: true
global_termination_time: 791071.633
local_termination_time: 251950.45336000004
node_cons: 16239.364688966842
tot_aggregated_send: 10208
tot_msg_rcv: 656
tot_msg_sent: 1341
tot_reconf_duration: 7.819999999999999
tot_sleeping_duration: 778951.584359995
tot_uptimes: 203
tot_uptimes_duration: 12120.048640005116
