comms_cons: 285.53352961905716
finished_reconf: true
global_termination_time: 2810417.004
local_termination_time: 2134337.1330799987
node_cons: 57851.74208223339
tot_aggregated_send: 38570
tot_msg_rcv: 1637
tot_msg_sent: 3192
tot_reconf_duration: 5.1
tot_sleeping_duration: 2767216.9918400045
tot_uptimes: 720
tot_uptimes_duration: 43200.012159995735
