comms_cons: 281.7016064146574
finished_reconf: false
global_termination_time: 2809712.073
local_termination_time: 0
node_cons: 57844.79999999896
tot_aggregated_send: 39266
tot_msg_rcv: 1057
tot_msg_sent: 2494
tot_reconf_duration: 0
tot_sleeping_duration: 2766512.073
tot_uptimes: 720
tot_uptimes_duration: 43200.0
