comms_cons: 283.3048768120287
finished_reconf: false
global_termination_time: 2809027.556
local_termination_time: 0
node_cons: 57844.79999999896
tot_aggregated_send: 38918
tot_msg_rcv: 1300
tot_msg_sent: 2842
tot_reconf_duration: 0
tot_sleeping_duration: 2765827.556
tot_uptimes: 720
tot_uptimes_duration: 43200.0
