comms_cons: 286.3032640045231
finished_reconf: true
global_termination_time: 2809377.874
local_termination_time: 1860111.8213199996
node_cons: 57860.199685583844
tot_aggregated_send: 38570
tot_msg_rcv: 1759
tot_msg_sent: 3187
tot_reconf_duration: 11.31
tot_sleeping_duration: 2766177.843600011
tot_uptimes: 720
tot_uptimes_duration: 43200.03039998864
