comms_cons: 319.93201915784755
finished_reconf: true
global_termination_time: 760209.032
local_termination_time: 202388.01904000074
node_cons: 46060.96032533029
tot_aggregated_send: 0
tot_msg_rcv: 19658
tot_msg_sent: 28969
tot_reconf_duration: 18.21
tot_sleeping_duration: 725827.978119992
tot_uptimes: 565
tot_uptimes_duration: 34381.053880008054
