comms_cons: 64.28599039678251
finished_reconf: true
global_termination_time: 641014.0994399996
local_termination_time: 326011.1083600001
node_cons: 13214.10435839775
tot_aggregated_send: 9106
tot_msg_rcv: 250
tot_msg_sent: 415
tot_reconf_duration: 7.819999999999999
tot_sleeping_duration: 631153.3938400012
tot_uptimes: 165
tot_uptimes_duration: 9860.705599998299
