comms_cons: 113.49777919470856
finished_reconf: true
global_termination_time: 1138560.552
local_termination_time: 3983.707
node_cons: 23408.430286714825
tot_aggregated_send: 15697
tot_msg_rcv: 558
tot_msg_sent: 996
tot_reconf_duration: 21.68
tot_sleeping_duration: 1121100.5155200036
tot_uptimes: 292
tot_uptimes_duration: 17460.03647999611
