comms_cons: 115.60277758979569
finished_reconf: true
global_termination_time: 1138520.156
local_termination_time: 7455.701
node_cons: 23391.13477119595
tot_aggregated_send: 15303
tot_msg_rcv: 731
tot_msg_sent: 1537
tot_reconf_duration: 8.92
tot_sleeping_duration: 1121060.095200003
tot_uptimes: 292
tot_uptimes_duration: 17460.06079999695
