comms_cons: 11.770188799976033
finished_reconf: true
global_termination_time: 11203.568240000002
local_termination_time: 2305.305040000001
node_cons: 1961.673341360003
tot_aggregated_send: 0
tot_msg_rcv: 834
tot_msg_sent: 954
tot_reconf_duration: 18.21
tot_sleeping_duration: 9757.008
tot_uptimes: 24
tot_uptimes_duration: 1446.5602400000025
