comms_cons: 376.81863043306373
finished_reconf: true
global_termination_time: 3789124.132
local_termination_time: 2688563.9090399994
node_cons: 77964.165541115
tot_aggregated_send: 52548
tot_msg_rcv: 1726
tot_msg_sent: 3001
tot_reconf_duration: 25.299999999999997
tot_sleeping_duration: 3730924.1259200023
tot_uptimes: 971
tot_uptimes_duration: 58200.00607999787
