comms_cons: 380.9173248544205
finished_reconf: true
global_termination_time: 3789250.369
local_termination_time: 1095399.3366799993
node_cons: 77935.80232558244
tot_aggregated_send: 52838
tot_msg_rcv: 1634
tot_msg_sent: 3425
tot_reconf_duration: 4.390000000000001
tot_sleeping_duration: 3731050.3386000115
tot_uptimes: 971
tot_uptimes_duration: 58200.030399988405
