comms_cons: 380.49497603278667
finished_reconf: true
global_termination_time: 3788421.869239997
local_termination_time: 129751.60147999997
node_cons: 77965.6200782986
tot_aggregated_send: 52838
tot_msg_rcv: 1573
tot_msg_sent: 3421
tot_reconf_duration: 11.31
tot_sleeping_duration: 3730206.588360012
tot_uptimes: 971
tot_uptimes_duration: 58215.280879985425
