comms_cons: 72.46891519968712
finished_reconf: true
global_termination_time: 733773.295
local_termination_time: 561045.9563599998
node_cons: 15031.144059999951
tot_aggregated_send: 10150
tot_msg_rcv: 271
tot_msg_sent: 593
tot_reconf_duration: 5.57
tot_sleeping_duration: 722553.295
tot_uptimes: 188
tot_uptimes_duration: 11220.0
