comms_cons: 101.1900671994737
finished_reconf: true
global_termination_time: 1017121.1334399997
local_termination_time: 74924.2274399996
node_cons: 20918.619703402423
tot_aggregated_send: 14210
tot_msg_rcv: 405
tot_msg_sent: 766
tot_reconf_duration: 6.22
tot_sleeping_duration: 1001504.8728399979
tot_uptimes: 261
tot_uptimes_duration: 15616.260600001784
