comms_cons: 152.4466431937755
finished_reconf: true
global_termination_time: 1535107.85
local_termination_time: 135014.85636000006
node_cons: 31580.176403350546
tot_aggregated_send: 21576
tot_msg_rcv: 490
tot_msg_sent: 1105
tot_reconf_duration: 4.8100000000000005
tot_sleeping_duration: 1511527.8317600072
tot_uptimes: 394
tot_uptimes_duration: 23580.018239992904
