comms_cons: 154.70330878936534
finished_reconf: true
global_termination_time: 1532470.86024
local_termination_time: 111814.20435999996
node_cons: 31519.670153836632
tot_aggregated_send: 21054
tot_msg_rcv: 787
tot_msg_sent: 1673
tot_reconf_duration: 4.390000000000001
tot_sleeping_duration: 1508935.6036800025
tot_uptimes: 393
tot_uptimes_duration: 23535.256559997448
