comms_cons: 246.98974719749665
finished_reconf: true
global_termination_time: 2476211.1808399963
local_termination_time: 46014.77312000009
node_cons: 50980.81803170273
tot_aggregated_send: 34626
tot_msg_rcv: 943
tot_msg_sent: 1971
tot_reconf_duration: 18.21
tot_sleeping_duration: 2438155.8493600087
tot_uptimes: 635
tot_uptimes_duration: 38055.33147998765
