comms_cons: 243.80541438933906
finished_reconf: true
global_termination_time: 2478391.242
local_termination_time: 1361378.5293599998
node_cons: 50944.09638111613
tot_aggregated_send: 34858
tot_msg_rcv: 730
tot_msg_sent: 1469
tot_reconf_duration: 6.279999999999999
tot_sleeping_duration: 2440351.2359200027
tot_uptimes: 635
tot_uptimes_duration: 38040.006079997635
