comms_cons: 240.60045438971815
finished_reconf: true
global_termination_time: 2481864.523
local_termination_time: 1022379.135879998
node_cons: 51023.47220111602
tot_aggregated_send: 34684
tot_msg_rcv: 574
tot_msg_sent: 1311
tot_reconf_duration: 5.57
tot_sleeping_duration: 2443764.5169200026
tot_uptimes: 636
tot_uptimes_duration: 38100.006079997635
