comms_cons: 240.5729727898646
finished_reconf: true
global_termination_time: 2476700.103
local_termination_time: 868774.6830799996
node_cons: 50942.49394111606
tot_aggregated_send: 34626
tot_msg_rcv: 566
tot_msg_sent: 1373
tot_reconf_duration: 5.1
tot_sleeping_duration: 2438660.0969200023
tot_uptimes: 635
tot_uptimes_duration: 38040.006079997635
