comms_cons: 245.56206078677394
finished_reconf: true
global_termination_time: 2477939.073
local_termination_time: 533258.132119998
node_cons: 50941.554184471206
tot_aggregated_send: 34742
tot_msg_rcv: 837
tot_msg_sent: 1745
tot_reconf_duration: 4.390000000000001
tot_sleeping_duration: 2439899.0486800056
tot_uptimes: 635
tot_uptimes_duration: 38040.02431999397
