comms_cons: 22.507443200157393
finished_reconf: true
global_termination_time: 221871.068
local_termination_time: 12455.38548
node_cons: 4523.769180000005
tot_aggregated_send: 3016
tot_msg_rcv: 190
tot_msg_sent: 215
tot_reconf_duration: 18.21
tot_sleeping_duration: 218511.068
tot_uptimes: 57
tot_uptimes_duration: 3360.0
