comms_cons: 191.88584321085338
finished_reconf: true
global_termination_time: 221457.08072000058
local_termination_time: 221457.03960000057
node_cons: 22210.99897004169
tot_aggregated_send: 0
tot_msg_rcv: 13172
tot_msg_sent: 15993
tot_reconf_duration: 24.59
tot_sleeping_duration: 204894.26835999935
tot_uptimes: 267
tot_uptimes_duration: 16562.812360001226
