comms_cons: 288.78803200046593
finished_reconf: true
global_termination_time: 2931349.529
local_termination_time: 1266552.579
node_cons: 60279.73732111564
tot_aggregated_send: 42556
tot_msg_rcv: 411
tot_msg_sent: 927
tot_reconf_duration: 18.21
tot_sleeping_duration: 2886349.522920002
tot_uptimes: 751
tot_uptimes_duration: 45000.006079997635
