comms_cons: 291.32611839383145
finished_reconf: true
global_termination_time: 2929951.614
local_termination_time: 1868300.7345999996
node_cons: 60261.958364466635
tot_aggregated_send: 40600
tot_msg_rcv: 1237
tot_msg_sent: 2443
tot_reconf_duration: 5.1
tot_sleeping_duration: 2884951.589680009
tot_uptimes: 751
tot_uptimes_duration: 45000.024319991004
