comms_cons: 294.8754112309058
finished_reconf: true
global_termination_time: 2929107.968
local_termination_time: 930463.8125999998
node_cons: 60261.55640334944
tot_aggregated_send: 41122
tot_msg_rcv: 1318
tot_msg_sent: 2379
tot_reconf_duration: 4.8100000000000005
tot_sleeping_duration: 2884107.949760007
tot_uptimes: 751
tot_uptimes_duration: 45000.0182399929
