comms_cons: 296.6278656067641
finished_reconf: true
global_termination_time: 2931536.539
local_termination_time: 523864.70104000036
node_cons: 60259.18260558308
tot_aggregated_send: 40774
tot_msg_rcv: 1579
tot_msg_sent: 2732
tot_reconf_duration: 3.05
tot_sleeping_duration: 2886536.508600012
tot_uptimes: 751
tot_uptimes_duration: 45000.03039998817
