comms_cons: 293.43871361609314
finished_reconf: true
global_termination_time: 2929014.9081199947
local_termination_time: 37560.383600000016
node_cons: 60294.951488612125
tot_aggregated_send: 40832
tot_msg_rcv: 1283
tot_msg_sent: 2485
tot_reconf_duration: 5.43
tot_sleeping_duration: 2883990.578360015
tot_uptimes: 751
tot_uptimes_duration: 45024.32975998003
