comms_cons: 22.76403200022076
finished_reconf: true
global_termination_time: 233327.222
local_termination_time: 144085.92948000005
node_cons: 4750.679559999973
tot_aggregated_send: 3306
tot_msg_rcv: 45
tot_msg_sent: 109
tot_reconf_duration: 7.819999999999999
tot_sleeping_duration: 229787.222
tot_uptimes: 60
tot_uptimes_duration: 3540.0
