comms_cons: 148.53859836157898
finished_reconf: true
global_termination_time: 1108613.249
local_termination_time: 684472.8063599999
node_cons: 22740.370041121452
tot_aggregated_send: 0
tot_msg_rcv: 11364
tot_msg_sent: 11213
tot_reconf_duration: 3.05
tot_sleeping_duration: 1091633.242919999
tot_uptimes: 284
tot_uptimes_duration: 16980.00608000101
