comms_cons: 219.16293757561044
finished_reconf: true
global_termination_time: 2158884.5122399973
local_termination_time: 328406.55168000027
node_cons: 44391.52602941197
tot_aggregated_send: 29522
tot_msg_rcv: 1335
tot_msg_sent: 2454
tot_reconf_duration: 18.21
tot_sleeping_duration: 2125750.235280018
tot_uptimes: 553
tot_uptimes_duration: 33134.27695997938
