comms_cons: 214.4341887888679
finished_reconf: true
global_termination_time: 2162612.63
local_termination_time: 406517.46948
node_cons: 44436.57266335
tot_aggregated_send: 30334
tot_msg_rcv: 711
tot_msg_sent: 1548
tot_reconf_duration: 6.279999999999999
tot_sleeping_duration: 2129432.611760007
tot_uptimes: 554
tot_uptimes_duration: 33180.0182399929
