comms_cons: 216.7875903851679
finished_reconf: true
global_termination_time: 2162974.396
local_termination_time: 406491.776
node_cons: 44438.04385655287
tot_aggregated_send: 29870
tot_msg_rcv: 942
tot_msg_sent: 2138
tot_reconf_duration: 5.57
tot_sleeping_duration: 2129792.558960005
tot_uptimes: 554
tot_uptimes_duration: 33181.83703999501
