comms_cons: 216.56940797949676
finished_reconf: true
global_termination_time: 2159134.187
local_termination_time: 357212.97436000005
node_cons: 44378.49568781741
tot_aggregated_send: 29464
tot_msg_rcv: 1163
tot_msg_sent: 2291
tot_reconf_duration: 22.65
tot_sleeping_duration: 2126014.1444400162
tot_uptimes: 553
tot_uptimes_duration: 33120.04255998344
