comms_cons: 215.2956159845421
finished_reconf: true
global_termination_time: 2158942.105
local_termination_time: 514185.6587600004
node_cons: 44434.608967817374
tot_aggregated_send: 29754
tot_msg_rcv: 1045
tot_msg_sent: 1925
tot_reconf_duration: 4.8100000000000005
tot_sleeping_duration: 2125762.062440017
tot_uptimes: 553
tot_uptimes_duration: 33180.04255998344
