comms_cons: 216.1069823805019
finished_reconf: true
global_termination_time: 2159548.762
local_termination_time: 1370746.916879999
node_cons: 44443.403403350116
tot_aggregated_send: 29928
tot_msg_rcv: 1080
tot_msg_sent: 1839
tot_reconf_duration: 11.31
tot_sleeping_duration: 2126368.7437600074
tot_uptimes: 554
tot_uptimes_duration: 33180.0182399929
