comms_cons: 54.066547200344296
finished_reconf: true
global_termination_time: 549170.313
local_termination_time: 158503.64532000065
node_cons: 11279.039661845172
tot_aggregated_send: 7192
tot_msg_rcv: 364
tot_msg_sent: 662
tot_reconf_duration: 22.65
tot_sleeping_duration: 540769.804439996
tot_uptimes: 141
tot_uptimes_duration: 8400.508560003858
