comms_cons: 92.96409599974089
finished_reconf: true
global_termination_time: 974871.185
local_termination_time: 549576.1353999982
node_cons: 20012.23220112139
tot_aggregated_send: 13804
tot_msg_rcv: 95
tot_msg_sent: 231
tot_reconf_duration: 5.57
tot_sleeping_duration: 959931.1789199989
tot_uptimes: 250
tot_uptimes_duration: 14940.006080001069
