comms_cons: 128.13385598761397
finished_reconf: true
global_termination_time: 975106.577
local_termination_time: 274431.72036000004
node_cons: 20039.025541116847
tot_aggregated_send: 0
tot_msg_rcv: 9953
tot_msg_sent: 9522
tot_reconf_duration: 25.299999999999997
tot_sleeping_duration: 960166.5709200024
tot_uptimes: 250
tot_uptimes_duration: 14940.006079997635
