comms_cons: 267.2527232077112
finished_reconf: true
global_termination_time: 2809553.077
local_termination_time: 5577.501
node_cons: 57850.36776558377
tot_aggregated_send: 39436
tot_msg_rcv: 422
tot_msg_sent: 762
tot_reconf_duration: 4.07
tot_sleeping_duration: 2766353.046600011
tot_uptimes: 720
tot_uptimes_duration: 43200.03039998864
