comms_cons: 269.04924161654407
finished_reconf: true
global_termination_time: 2810799.56
local_termination_time: 5495.314
node_cons: 57854.889905584394
tot_aggregated_send: 39432
tot_msg_rcv: 482
tot_msg_sent: 980
tot_reconf_duration: 7.3999999999999995
tot_sleeping_duration: 2767599.5296000107
tot_uptimes: 720
tot_uptimes_duration: 43200.030399989104
