comms_cons: 275.9931008248934
finished_reconf: true
global_termination_time: 2809412.796
local_termination_time: 5625.348
node_cons: 57853.64595005204
tot_aggregated_send: 38679
tot_msg_rcv: 1088
tot_msg_sent: 2180
tot_reconf_duration: 6.46
tot_sleeping_duration: 2766212.74128002
tot_uptimes: 720
tot_uptimes_duration: 43200.054719979875
