comms_cons: 267.7477504063359
finished_reconf: true
global_termination_time: 2687365.0058399974
local_termination_time: 2687365.0058399974
node_cons: 55401.635165113985
tot_aggregated_send: 38498
tot_msg_rcv: 744
tot_msg_sent: 1454
tot_reconf_duration: 24.59
tot_sleeping_duration: 2646014.563760001
tot_uptimes: 689
tot_uptimes_duration: 41350.44207999642
