comms_cons: 269.83443200135383
finished_reconf: true
global_termination_time: 2687365.272239997
local_termination_time: 20882.7956
node_cons: 55319.57560758617
tot_aggregated_send: 37352
tot_msg_rcv: 1170
tot_msg_sent: 2491
tot_reconf_duration: 18.21
tot_sleeping_duration: 2646069.643840007
tot_uptimes: 689
tot_uptimes_duration: 41295.62839999037
