comms_cons: 123.51132159260646
finished_reconf: true
global_termination_time: 623470.652
local_termination_time: 246652.67236000006
node_cons: 12804.834982238273
tot_aggregated_send: 0
tot_msg_rcv: 9568
tot_msg_sent: 9205
tot_reconf_duration: 22.65
tot_sleeping_duration: 613930.6398400012
tot_uptimes: 160
tot_uptimes_duration: 9540.012159998703
