comms_cons: 62.92885759930058
finished_reconf: true
global_termination_time: 620904.511
local_termination_time: 206142.50436000098
node_cons: 12783.353405284195
tot_aggregated_send: 8526
tot_msg_rcv: 344
tot_msg_sent: 695
tot_reconf_duration: 5.57
tot_sleeping_duration: 611363.219479997
tot_uptimes: 160
tot_uptimes_duration: 9541.291520003113
