comms_cons: 63.437484801079435
finished_reconf: true
global_termination_time: 622737.1
local_termination_time: 252252.09136000005
node_cons: 12781.458363364301
tot_aggregated_send: 8352
tot_msg_rcv: 421
tot_msg_sent: 868
tot_reconf_duration: 5.43
tot_sleeping_duration: 613197.0817599967
tot_uptimes: 160
tot_uptimes_duration: 9540.018240003206
