comms_cons: 549.6664704608351
finished_reconf: true
global_termination_time: 5562962.11
local_termination_time: 2572355.6270000003
node_cons: 114415.58316510555
tot_aggregated_send: 78297
tot_msg_rcv: 1783
tot_msg_sent: 3467
tot_reconf_duration: 5.57
tot_sleeping_duration: 5477519.227920009
tot_uptimes: 1425
tot_uptimes_duration: 85442.88207999151
