comms_cons: 558.6116097465057
finished_reconf: true
global_termination_time: 5562075.654999997
local_termination_time: 136945.67548000006
node_cons: 114432.47044004912
tot_aggregated_send: 77372
tot_msg_rcv: 2329
tot_msg_sent: 5205
tot_reconf_duration: 4.8100000000000005
tot_sleeping_duration: 5476619.390280018
tot_uptimes: 1425
tot_uptimes_duration: 85456.26471997955
