comms_cons: 560.8362817520134
finished_reconf: true
global_termination_time: 5567219.27
local_termination_time: 2001988.2795199982
node_cons: 114493.00374781618
tot_aggregated_send: 76212
tot_msg_rcv: 3050
tot_msg_sent: 5981
tot_reconf_duration: 6.22
tot_sleeping_duration: 5481719.2274400145
tot_uptimes: 1426
tot_uptimes_duration: 85500.04255998484
