comms_cons: 25.288499198736254
finished_reconf: true
global_termination_time: 126034.08859999962
local_termination_time: 2415.43536
node_cons: 2632.6052926386524
tot_aggregated_send: 0
tot_msg_rcv: 1955
tot_msg_sent: 1886
tot_reconf_duration: 4.390000000000001
tot_sleeping_duration: 124072.44284000064
tot_uptimes: 33
tot_uptimes_duration: 1961.6457599989935
