comms_cons: 25.106227198602024
finished_reconf: true
global_termination_time: 130763.301
local_termination_time: 308.91203999999954
node_cons: 2659.6667600000005
tot_aggregated_send: 0
tot_msg_rcv: 1906
tot_msg_sent: 1910
tot_reconf_duration: 6.22
tot_sleeping_duration: 128783.301
tot_uptimes: 34
tot_uptimes_duration: 1980.0
