comms_cons: 2116.1287806006494
finished_reconf: true
global_termination_time: 7257489.147559999
local_termination_time: 7257489.106439998
node_cons: 296367.0222717559
tot_aggregated_send: 0
tot_msg_rcv: 107798
tot_msg_sent: 213845
tot_reconf_duration: 37.410000000000004
tot_sleeping_duration: 7036192.4937200025
tot_uptimes: 3659
tot_uptimes_duration: 221296.65383999632
