comms_cons: 720.9146945538748
finished_reconf: true
global_termination_time: 7261052.251
local_termination_time: 2240892.910839999
node_cons: 149360.6533689322
tot_aggregated_send: 100746
tot_msg_rcv: 2961
tot_msg_sent: 5866
tot_reconf_duration: 6.279999999999999
tot_sleeping_duration: 7149512.202360017
tot_uptimes: 1860
tot_uptimes_duration: 111540.0486399827
