comms_cons: 718.5516993293719
finished_reconf: true
global_termination_time: 7262527.558
local_termination_time: 3598857.352
node_cons: 149377.7597995717
tot_aggregated_send: 101029
tot_msg_rcv: 2782
tot_msg_sent: 5404
tot_reconf_duration: 13.17
tot_sleeping_duration: 7150981.7216000175
tot_uptimes: 1860
tot_uptimes_duration: 111545.83639998268
