comms_cons: 711.0204737540272
finished_reconf: true
global_termination_time: 7257766.633
local_termination_time: 4007499.5923599997
node_cons: 149284.13208558052
tot_aggregated_send: 100398
tot_msg_rcv: 2376
tot_msg_sent: 5297
tot_reconf_duration: 9.11
tot_sleeping_duration: 7146286.602600011
tot_uptimes: 1859
tot_uptimes_duration: 111480.03039998934
