comms_cons: 718.1819393565177
finished_reconf: true
global_termination_time: 7259448.145
local_termination_time: 4881742.8070399985
node_cons: 149369.25224558054
tot_aggregated_send: 99818
tot_msg_rcv: 3645
tot_msg_sent: 5696
tot_reconf_duration: 12.629999999999999
tot_sleeping_duration: 7147908.11460001
tot_uptimes: 1860
tot_uptimes_duration: 111540.03039998934
