comms_cons: 11.733676799851928
finished_reconf: true
global_termination_time: 102541.055
local_termination_time: 23494.42008
node_cons: 2113.5773211191495
tot_aggregated_send: 928
tot_msg_rcv: 340
tot_msg_sent: 515
tot_reconf_duration: 18.21
tot_sleeping_duration: 100981.04892000063
tot_uptimes: 27
tot_uptimes_duration: 1560.0060799993662
