comms_cons: 11.624217599846322
finished_reconf: true
global_termination_time: 104921.685
local_termination_time: 72009.397
node_cons: 2128.2454263985233
tot_aggregated_send: 1100
tot_msg_rcv: 270
tot_msg_sent: 397
tot_reconf_duration: 22.65
tot_sleeping_duration: 103355.22740000111
tot_uptimes: 27
tot_uptimes_duration: 1566.4575999988883
