comms_cons: 10.63904640014879
finished_reconf: true
global_termination_time: 99237.3374799999
local_termination_time: 62633.24332000013
node_cons: 2034.185678719868
tot_aggregated_send: 1160
tot_msg_rcv: 164
tot_msg_sent: 291
tot_reconf_duration: 4.8100000000000005
tot_sleeping_duration: 97723.033
tot_uptimes: 26
tot_uptimes_duration: 1514.3044799999043
