comms_cons: 0.9394752000016144
finished_reconf: true
global_termination_time: 5093.146
local_termination_time: 1681.1803600000003
node_cons: 105.06918000000005
tot_aggregated_send: 0
tot_msg_rcv: 99
tot_msg_sent: 43
tot_reconf_duration: 18.21
tot_sleeping_duration: 5033.146
tot_uptimes: 2
tot_uptimes_duration: 60.0
