comms_cons: 0.7368703999996108
finished_reconf: true
global_termination_time: 4387.36
local_termination_time: 297.8975999999991
node_cons: 97.49154000000003
tot_aggregated_send: 0
tot_msg_rcv: 61
tot_msg_sent: 49
tot_reconf_duration: 12.629999999999999
tot_sleeping_duration: 4327.36
tot_uptimes: 2
tot_uptimes_duration: 60.00000000000003
