comms_cons: 88.83625599745953
finished_reconf: true
global_termination_time: 897718.146
local_termination_time: 5602.003
node_cons: 18412.75996224061
tot_aggregated_send: 12865
tot_msg_rcv: 229
tot_msg_sent: 408
tot_reconf_duration: 10.96
tot_sleeping_duration: 883978.1338399996
tot_uptimes: 230
tot_uptimes_duration: 13740.012160000435
