comms_cons: 90.64947199563764
finished_reconf: true
global_termination_time: 896843.947
local_termination_time: 6461.168000000001
node_cons: 18407.92548224139
tot_aggregated_send: 12520
tot_msg_rcv: 502
tot_msg_sent: 756
tot_reconf_duration: 7.3999999999999995
tot_sleeping_duration: 883103.9348399991
tot_uptimes: 230
tot_uptimes_duration: 13740.012160001017
