comms_cons: 88.45734399905606
finished_reconf: true
global_termination_time: 895900.796
local_termination_time: 6092.456
node_cons: 18405.766262238292
tot_aggregated_send: 12986
tot_msg_rcv: 167
tot_msg_sent: 292
tot_reconf_duration: 5.8100000000000005
tot_sleeping_duration: 882160.7838400012
tot_uptimes: 230
tot_uptimes_duration: 13740.012159998703
