comms_cons: 91.05675519981317
finished_reconf: true
global_termination_time: 897591.4
local_termination_time: 5341.384
node_cons: 18406.336622241466
tot_aggregated_send: 12347
tot_msg_rcv: 563
tot_msg_sent: 930
tot_reconf_duration: 6.23
tot_sleeping_duration: 883851.3878399989
tot_uptimes: 230
tot_uptimes_duration: 13740.012160001073
