comms_cons: 91.85941759715283
finished_reconf: true
global_termination_time: 895553.527
local_termination_time: 4951.232
node_cons: 18403.75642224175
tot_aggregated_send: 12291
tot_msg_rcv: 683
tot_msg_sent: 988
tot_reconf_duration: 4.33
tot_sleeping_duration: 881813.5148399987
tot_uptimes: 230
tot_uptimes_duration: 13740.012160001286
