comms_cons: 0.7237119999976113
finished_reconf: true
global_termination_time: 3951.696
local_termination_time: 2913.1163600000004
node_cons: 96.50020000000012
tot_aggregated_send: 0
tot_msg_rcv: 63
tot_msg_sent: 47
tot_reconf_duration: 11.899999999999999
tot_sleeping_duration: 3891.696
tot_uptimes: 2
tot_uptimes_duration: 60.0
