comms_cons: 181.88613119424696
finished_reconf: true
global_termination_time: 1845878.363
local_termination_time: 1267340.689999998
node_cons: 37935.082153997435
tot_aggregated_send: 26680
tot_msg_rcv: 276
tot_msg_sent: 690
tot_reconf_duration: 9.11
tot_sleeping_duration: 1817556.6970000018
tot_uptimes: 473
tot_uptimes_duration: 28321.665999998106
