comms_cons: 190.39014397599502
finished_reconf: true
global_termination_time: 1845124.935
local_termination_time: 911770.7644799999
node_cons: 37927.08525005141
tot_aggregated_send: 24070
tot_msg_rcv: 1592
tot_msg_sent: 3277
tot_reconf_duration: 4.8100000000000005
tot_sleeping_duration: 1816804.8802800213
tot_uptimes: 473
tot_uptimes_duration: 28320.05471997871
