comms_cons: 183.50704639198375
finished_reconf: true
global_termination_time: 1849114.354
local_termination_time: 1496428.3464399998
node_cons: 38016.98020000002
tot_aggregated_send: 26448
tot_msg_rcv: 469
tot_msg_sent: 975
tot_reconf_duration: 11.899999999999999
tot_sleeping_duration: 1820734.354
tot_uptimes: 474
tot_uptimes_duration: 28380.0
