comms_cons: 187.66576637982476
finished_reconf: true
global_termination_time: 1844853.34712
local_termination_time: 66702.10571999993
node_cons: 37946.8965053248
tot_aggregated_send: 24882
tot_msg_rcv: 1187
tot_msg_sent: 2455
tot_reconf_duration: 4.390000000000001
tot_sleeping_duration: 1816518.070880026
tot_uptimes: 473
tot_uptimes_duration: 28335.276239973842
