comms_cons: 270.90352640756146
finished_reconf: true
global_termination_time: 2709749.844
local_termination_time: 59339.502
node_cons: 55691.0325935377
tot_aggregated_send: 37807
tot_msg_rcv: 982
tot_msg_sent: 2386
tot_reconf_duration: 11.31
tot_sleeping_duration: 2668169.803960016
tot_uptimes: 694
tot_uptimes_duration: 41580.040039984044
