comms_cons: 277.63473919953987
finished_reconf: true
global_termination_time: 2810482.688
local_termination_time: 1327300.9965599985
node_cons: 57789.18917999891
tot_aggregated_send: 40484
tot_msg_rcv: 513
tot_msg_sent: 1201
tot_reconf_duration: 18.21
tot_sleeping_duration: 2767342.688
tot_uptimes: 720
tot_uptimes_duration: 43140.0
