comms_cons: 280.52156158949015
finished_reconf: true
global_termination_time: 2811089.65
local_termination_time: 1082089.228119999
node_cons: 57771.410223349594
tot_aggregated_send: 38744
tot_msg_rcv: 1279
tot_msg_sent: 2614
tot_reconf_duration: 5.1
tot_sleeping_duration: 2767949.631760007
tot_uptimes: 720
tot_uptimes_duration: 43140.01823999314
