comms_cons: 285.57017600380163
finished_reconf: true
global_termination_time: 2806674.685
local_termination_time: 1225608.857879998
node_cons: 57690.11418446648
tot_aggregated_send: 38164
tot_msg_rcv: 1758
tot_msg_sent: 3483
tot_reconf_duration: 4.390000000000001
tot_sleeping_duration: 2763594.6606800095
tot_uptimes: 719
tot_uptimes_duration: 43080.02431999077
