comms_cons: 283.1645184250462
finished_reconf: true
global_termination_time: 2808083.833
local_termination_time: 800943.8653599999
node_cons: 57775.1121244667
tot_aggregated_send: 38802
tot_msg_rcv: 1339
tot_msg_sent: 2899
tot_reconf_duration: 7.819999999999999
tot_sleeping_duration: 2764943.8086800096
tot_uptimes: 720
tot_uptimes_duration: 43140.02431999077
