comms_cons: 155.42702078755838
finished_reconf: true
global_termination_time: 1544124.636759998
local_termination_time: 1544124.595639998
node_cons: 31846.667761349996
tot_aggregated_send: 21576
tot_msg_rcv: 668
tot_msg_sent: 1379
tot_reconf_duration: 24.59
tot_sleeping_duration: 1520365.6565200055
tot_uptimes: 396
tot_uptimes_duration: 23758.98023999248
