comms_cons: 156.0987263882569
finished_reconf: true
global_termination_time: 1547607.919
local_termination_time: 1015662.32536
node_cons: 31823.103042233837
tot_aggregated_send: 21518
tot_msg_rcv: 761
tot_msg_sent: 1448
tot_reconf_duration: 6.22
tot_sleeping_duration: 1523847.9068400047
tot_uptimes: 397
tot_uptimes_duration: 23760.01215999527
