comms_cons: 64.30510079790523
finished_reconf: true
global_termination_time: 637704.233
local_termination_time: 327606.4186000001
node_cons: 13120.157321121478
tot_aggregated_send: 8816
tot_msg_rcv: 336
tot_msg_sent: 622
tot_reconf_duration: 18.21
tot_sleeping_duration: 627924.226919999
tot_uptimes: 164
tot_uptimes_duration: 9780.006080001069
