comms_cons: 66.2956031990391
finished_reconf: true
global_termination_time: 638165.227
local_termination_time: 81627.27035999995
node_cons: 13112.620386719393
tot_aggregated_send: 8584
tot_msg_rcv: 625
tot_msg_sent: 868
tot_reconf_duration: 12.629999999999999
tot_sleeping_duration: 628385.1905200004
tot_uptimes: 164
tot_uptimes_duration: 9780.036479999544
