comms_cons: 65.51954559779618
finished_reconf: true
global_termination_time: 636051.3727599992
local_termination_time: 396055.43680000026
node_cons: 13075.692678236916
tot_aggregated_send: 8584
tot_msg_rcv: 541
tot_msg_sent: 833
tot_reconf_duration: 7.819999999999999
tot_sleeping_duration: 626294.0366000016
tot_uptimes: 163
tot_uptimes_duration: 9757.336159997678
