comms_cons: 126.78609918894136
finished_reconf: true
global_termination_time: 637183.745
local_termination_time: 2363.18436
node_cons: 13110.803403359712
tot_aggregated_send: 0
tot_msg_rcv: 9812
tot_msg_sent: 9456
tot_reconf_duration: 11.31
tot_sleeping_duration: 627403.7267600002
tot_uptimes: 164
tot_uptimes_duration: 9780.018239999772
