comms_cons: 65.81618559964414
finished_reconf: true
global_termination_time: 636863.667
local_termination_time: 30329.1112
node_cons: 13102.826504485742
tot_aggregated_send: 8352
tot_msg_rcv: 545
tot_msg_sent: 1105
tot_reconf_duration: 5.43
tot_sleeping_duration: 627083.6426799957
tot_uptimes: 164
tot_uptimes_duration: 9780.024320004275
