comms_cons: 54.79718400085294
finished_reconf: true
global_termination_time: 547672.104
local_termination_time: 221843.27896000058
node_cons: 11256.136381121445
tot_aggregated_send: 7540
tot_msg_rcv: 209
tot_msg_sent: 580
tot_reconf_duration: 6.279999999999999
tot_sleeping_duration: 539272.097919999
tot_uptimes: 141
tot_uptimes_duration: 8400.006080001069
