comms_cons: 55.95512320121081
finished_reconf: true
global_termination_time: 546809.724
local_termination_time: 288247.74548000004
node_cons: 11296.041858962915
tot_aggregated_send: 7308
tot_msg_rcv: 397
tot_msg_sent: 799
tot_reconf_duration: 25.299999999999997
tot_sleeping_duration: 538399.2053599979
tot_uptimes: 141
tot_uptimes_duration: 8410.518640002178
