comms_cons: 1524.312419543585
finished_reconf: true
global_termination_time: 5379194.746
local_termination_time: 3932715.8631599983
node_cons: 219179.73510022915
tot_aggregated_send: 0
tot_msg_rcv: 77712
tot_msg_sent: 153977
tot_reconf_duration: 18.21
tot_sleeping_duration: 5215524.091840003
tot_uptimes: 2707
tot_uptimes_duration: 163670.65415999776
