comms_cons: 539.0738496810511
finished_reconf: true
global_termination_time: 5379080.785
local_termination_time: 1713410.7993599996
node_cons: 110632.34632334755
tot_aggregated_send: 75400
tot_msg_rcv: 2235
tot_msg_sent: 4300
tot_reconf_duration: 3.05
tot_sleeping_duration: 5296460.766760007
tot_uptimes: 1378
tot_uptimes_duration: 82620.01823999337
