comms_cons: 395.54010206624827
finished_reconf: true
global_termination_time: 2013402.944
local_termination_time: 845982.6585999998
node_cons: 41405.883123350206
tot_aggregated_send: 0
tot_msg_rcv: 30264
tot_msg_sent: 29855
tot_reconf_duration: 22.65
tot_sleeping_duration: 1982502.925760007
tot_uptimes: 516
tot_uptimes_duration: 30900.018239992904
