comms_cons: 201.28520958762076
finished_reconf: true
global_termination_time: 2012302.663
local_termination_time: 1265633.5103599997
node_cons: 41392.984859999575
tot_aggregated_send: 28652
tot_msg_rcv: 735
tot_msg_sent: 1207
tot_reconf_duration: 13.17
tot_sleeping_duration: 1981402.663
tot_uptimes: 516
tot_uptimes_duration: 30900.0
