comms_cons: 201.84390398439552
finished_reconf: true
global_termination_time: 2010594.335
local_termination_time: 803889.7109199994
node_cons: 41301.31640335026
tot_aggregated_send: 28130
tot_msg_rcv: 865
tot_msg_sent: 1685
tot_reconf_duration: 4.8100000000000005
tot_sleeping_duration: 1979754.316760007
tot_uptimes: 515
tot_uptimes_duration: 30840.018239992904
