comms_cons: 205.92895997831766
finished_reconf: true
global_termination_time: 2013985.455
local_termination_time: 35714.94640000017
node_cons: 41383.62003006497
tot_aggregated_send: 27434
tot_msg_rcv: 1423
tot_msg_sent: 2443
tot_reconf_duration: 6.22
tot_sleeping_duration: 1983085.4002800111
tot_uptimes: 516
tot_uptimes_duration: 30900.054719989013
