comms_cons: 270.54254079894554
finished_reconf: true
global_termination_time: 2682305.901
local_termination_time: 459702.85536000005
node_cons: 55123.90840670103
tot_aggregated_send: 36830
tot_msg_rcv: 1331
tot_msg_sent: 2959
tot_reconf_duration: 7.819999999999999
tot_sleeping_duration: 2641145.8645200133
tot_uptimes: 687
tot_uptimes_duration: 41160.036479986506
