comms_cons: 367.27767010043186
finished_reconf: true
global_termination_time: 1861280.255
local_termination_time: 416.7150399999995
node_cons: 38259.757424470605
tot_aggregated_send: 0
tot_msg_rcv: 28214
tot_msg_sent: 27608
tot_reconf_duration: 13.17
tot_sleeping_duration: 1832720.2306800068
tot_uptimes: 477
tot_uptimes_duration: 28560.02431999312
