comms_cons: 102.8381055929921
finished_reconf: true
global_termination_time: 987570.721
local_termination_time: 455198.57336000004
node_cons: 20280.078105593373
tot_aggregated_send: 12818
tot_msg_rcv: 1034
tot_msg_sent: 1779
tot_reconf_duration: 25.299999999999997
tot_sleeping_duration: 972450.690600005
tot_uptimes: 253
tot_uptimes_duration: 15120.030399995041
