comms_cons: 100.43211519241187
finished_reconf: true
global_termination_time: 990702.162
local_termination_time: 757738.0024799999
node_cons: 20343.904860000086
tot_aggregated_send: 13630
tot_msg_rcv: 601
tot_msg_sent: 1035
tot_reconf_duration: 13.17
tot_sleeping_duration: 975522.162
tot_uptimes: 254
tot_uptimes_duration: 15180.0
