comms_cons: 101.27623679179125
finished_reconf: true
global_termination_time: 987655.104
local_termination_time: 477571.8310400008
node_cons: 20256.34840670103
tot_aggregated_send: 12644
tot_msg_rcv: 945
tot_msg_sent: 1805
tot_reconf_duration: 7.819999999999999
tot_sleeping_duration: 972535.0675200142
tot_uptimes: 253
tot_uptimes_duration: 15120.036479985807
