comms_cons: 438.53329261596053
finished_reconf: true
global_termination_time: 939583.118
local_termination_time: 219317.5411600003
node_cons: 57088.22444748459
tot_aggregated_send: 0
tot_msg_rcv: 26920
tot_msg_sent: 39735
tot_reconf_duration: 18.21
tot_sleeping_duration: 896966.6166799958
tot_uptimes: 699
tot_uptimes_duration: 42616.50132000414
