comms_cons: 179.9508159253222
finished_reconf: true
global_termination_time: 943691.275
local_termination_time: 220817.04136000006
node_cons: 19392.706841116855
tot_aggregated_send: 0
tot_msg_rcv: 13893
tot_msg_sent: 13458
tot_reconf_duration: 22.65
tot_sleeping_duration: 929231.2689200024
tot_uptimes: 242
tot_uptimes_duration: 14460.006079997635
