comms_cons: 182.66173432217843
finished_reconf: true
global_termination_time: 944604.201
local_termination_time: 219303.14116000032
node_cons: 19368.488262238287
tot_aggregated_send: 0
tot_msg_rcv: 14298
tot_msg_sent: 13465
tot_reconf_duration: 4.8100000000000005
tot_sleeping_duration: 930144.1888400014
tot_uptimes: 242
tot_uptimes_duration: 14460.012159998703
