comms_cons: 558.5154303424736
finished_reconf: true
global_termination_time: 723130.138
local_termination_time: 200189.003
node_cons: 72659.48666706272
tot_aggregated_send: 0
tot_msg_rcv: 38201
tot_msg_sent: 46690
tot_reconf_duration: 15.34
tot_sleeping_duration: 668881.702639982
tot_uptimes: 882
tot_uptimes_duration: 54248.435360018106
