comms_cons: 73.36465920090268
finished_reconf: true
global_termination_time: 723591.031
local_termination_time: 267759.78536000004
node_cons: 14870.480342242892
tot_aggregated_send: 9744
tot_msg_rcv: 424
tot_msg_sent: 983
tot_reconf_duration: 5.57
tot_sleeping_duration: 712491.0188399978
tot_uptimes: 186
tot_uptimes_duration: 11100.012160002138
