comms_cons: 74.74027520058036
finished_reconf: true
global_termination_time: 722557.609
local_termination_time: 356043.96848000004
node_cons: 14869.833941121422
tot_aggregated_send: 9280
tot_msg_rcv: 686
tot_msg_sent: 1394
tot_reconf_duration: 5.1
tot_sleeping_duration: 711457.602919999
tot_uptimes: 186
tot_uptimes_duration: 11100.006080001069
