comms_cons: 76.42301439754743
finished_reconf: true
global_termination_time: 725327.486
local_termination_time: 173736.04724000048
node_cons: 14867.058182238268
tot_aggregated_send: 9164
tot_msg_rcv: 946
tot_msg_sent: 1506
tot_reconf_duration: 3.05
tot_sleeping_duration: 714227.4738400013
tot_uptimes: 186
tot_uptimes_duration: 11100.012159998703
