comms_cons: 149.3412607961808
finished_reconf: true
global_termination_time: 1505602.37
local_termination_time: 281835.33536
node_cons: 30939.428240000005
tot_aggregated_send: 21634
tot_msg_rcv: 374
tot_msg_sent: 691
tot_reconf_duration: 6.279999999999999
tot_sleeping_duration: 1482502.37
tot_uptimes: 386
tot_uptimes_duration: 23099.999999999996
