comms_cons: 148.59781119881438
finished_reconf: true
global_termination_time: 1505992.745
local_termination_time: 838922.32436
node_cons: 30948.78486000019
tot_aggregated_send: 21866
tot_msg_rcv: 268
tot_msg_sent: 452
tot_reconf_duration: 13.17
tot_sleeping_duration: 1482892.7449999999
tot_uptimes: 386
tot_uptimes_duration: 23100.00000000006
