comms_cons: 153.4562623838764
finished_reconf: true
global_termination_time: 1504146.575
local_termination_time: 286733.30799999996
node_cons: 30941.560265588818
tot_aggregated_send: 20238
tot_msg_rcv: 991
tot_msg_sent: 2098
tot_reconf_duration: 7.819999999999999
tot_sleeping_duration: 1481046.5446000085
tot_uptimes: 386
tot_uptimes_duration: 23100.030399991607
