comms_cons: 338.68234882257326
finished_reconf: true
global_termination_time: 3429650.879
local_termination_time: 752357.5198399988
node_cons: 70547.0808044661
tot_aggregated_send: 47908
tot_msg_rcv: 1082
tot_msg_sent: 2487
tot_reconf_duration: 6.279999999999999
tot_sleeping_duration: 3376970.854680009
tot_uptimes: 879
tot_uptimes_duration: 52680.02431999077
