comms_cons: 43.63325440011181
finished_reconf: true
global_termination_time: 447712.79
local_termination_time: 378134.4204400007
node_cons: 9169.746220000046
tot_aggregated_send: 6554
tot_msg_rcv: 27
tot_msg_sent: 51
tot_reconf_duration: 8.09
tot_sleeping_duration: 440872.79
tot_uptimes: 115
tot_uptimes_duration: 6840.0
