comms_cons: 75.3781503990726
finished_reconf: true
global_termination_time: 734968.485
local_termination_time: 71080.9965999997
node_cons: 15128.681744485753
tot_aggregated_send: 9802
tot_msg_rcv: 568
tot_msg_sent: 1088
tot_reconf_duration: 18.21
tot_sleeping_duration: 723688.4606799957
tot_uptimes: 189
tot_uptimes_duration: 11280.024320004275
