comms_cons: 73.7659903981127
finished_reconf: true
global_termination_time: 735292.549
local_termination_time: 247955.34972000011
node_cons: 15110.460121116841
tot_aggregated_send: 10266
tot_msg_rcv: 309
tot_msg_sent: 637
tot_reconf_duration: 4.8100000000000005
tot_sleeping_duration: 724012.5429200024
tot_uptimes: 189
tot_uptimes_duration: 11280.006079997627
