comms_cons: 144.39426556606597
finished_reconf: true
global_termination_time: 735914.955
local_termination_time: 494211.8787600004
node_cons: 15114.539560000032
tot_aggregated_send: 0
tot_msg_rcv: 11047
tot_msg_sent: 10900
tot_reconf_duration: 7.819999999999999
tot_sleeping_duration: 724634.955
tot_uptimes: 189
tot_uptimes_duration: 11280.0
