comms_cons: 177.50744319334225
finished_reconf: true
global_termination_time: 1782252.4191999985
local_termination_time: 1782252.3780799985
node_cons: 36729.10277439141
tot_aggregated_send: 25216
tot_msg_rcv: 502
tot_msg_sent: 1262
tot_reconf_duration: 24.59
tot_sleeping_duration: 1754847.1096000047
tot_uptimes: 457
tot_uptimes_duration: 27405.309599993663
