comms_cons: 2.9355775999888816
finished_reconf: true
global_termination_time: 12398.58848
local_termination_time: 12398.54736
node_cons: 292.77165984000686
tot_aggregated_send: 0
tot_msg_rcv: 275
tot_msg_sent: 170
tot_reconf_duration: 24.59
tot_sleeping_duration: 12204.877919999995
tot_uptimes: 4
tot_uptimes_duration: 193.710560000005
