comms_cons: 32.96962559991308
finished_reconf: true
global_termination_time: 12399.070360000003
local_termination_time: 2557.9000400000014
node_cons: 3874.596466120067
tot_aggregated_send: 0
tot_msg_rcv: 2438
tot_msg_sent: 2572
tot_reconf_duration: 6.22
tot_sleeping_duration: 9511.729279999954
tot_uptimes: 44
tot_uptimes_duration: 2887.3410800000484
