comms_cons: 780.1691404861639
finished_reconf: true
global_termination_time: 3963716.993919997
local_termination_time: 1177.4414800000004
node_cons: 81588.10960045982
tot_aggregated_send: 0
tot_msg_rcv: 59683
tot_msg_sent: 58894
tot_reconf_duration: 5.1
tot_sleeping_duration: 3902790.0456000105
tot_uptimes: 1016
tot_uptimes_duration: 60926.94831998646
