comms_cons: 396.49881605628735
finished_reconf: true
global_termination_time: 3966169.29
local_termination_time: 1127850.1129599977
node_cons: 81563.04184781661
tot_aggregated_send: 55390
tot_msg_rcv: 1625
tot_msg_sent: 3249
tot_reconf_duration: 13.17
tot_sleeping_duration: 3905269.247440016
tot_uptimes: 1016
tot_uptimes_duration: 60900.04255998414
