comms_cons: 401.49617286856795
finished_reconf: true
global_termination_time: 3965146.441
local_termination_time: 2021169.406999999
node_cons: 81551.66454446659
tot_aggregated_send: 54694
tot_msg_rcv: 2152
tot_msg_sent: 4178
tot_reconf_duration: 4.8100000000000005
tot_sleeping_duration: 3904246.4166800086
tot_uptimes: 1016
tot_uptimes_duration: 60900.02431999147
