comms_cons: 401.7654272846493
finished_reconf: true
global_termination_time: 3965798.952
local_termination_time: 2520478.96248
node_cons: 81570.51902334964
tot_aggregated_send: 54694
tot_msg_rcv: 2210
tot_msg_sent: 4162
tot_reconf_duration: 18.700000000000003
tot_sleeping_duration: 3904898.9337600064
tot_uptimes: 1016
tot_uptimes_duration: 60900.0182399936
