comms_cons: 72.73831679868904
finished_reconf: true
global_termination_time: 151854.4865600007
local_termination_time: 151854.44544000068
node_cons: 9159.123839200403
tot_aggregated_send: 0
tot_msg_rcv: 4481
tot_msg_sent: 6574
tot_reconf_duration: 24.59
tot_sleeping_duration: 145039.1537600004
tot_uptimes: 112
tot_uptimes_duration: 6815.332800000286
