comms_cons: 270.6332288124391
finished_reconf: true
global_termination_time: 2735155.83848
local_termination_time: 2735155.7973599997
node_cons: 56289.75980095678
tot_aggregated_send: 39426
tot_msg_rcv: 538
tot_msg_sent: 1169
tot_reconf_duration: 24.59
tot_sleeping_duration: 2693142.121840001
tot_uptimes: 701
tot_uptimes_duration: 42013.71663999854
