comms_cons: 265.7273087840677
finished_reconf: true
global_termination_time: 2737724.132
local_termination_time: 1480802.5618399987
node_cons: 56325.93662446645
tot_aggregated_send: 37468
tot_msg_rcv: 1061
tot_msg_sent: 1860
tot_reconf_duration: 5.57
tot_sleeping_duration: 2695664.1076800097
tot_uptimes: 702
tot_uptimes_duration: 42060.02431999054
