comms_cons: 273.12135679697303
finished_reconf: true
global_termination_time: 2735871.003
local_termination_time: 678029.59636
node_cons: 56244.580826700105
tot_aggregated_send: 37874
tot_msg_rcv: 1138
tot_msg_sent: 2500
tot_reconf_duration: 4.8100000000000005
tot_sleeping_duration: 2693870.966520014
tot_uptimes: 701
tot_uptimes_duration: 42000.03647998581
