comms_cons: 97.90507519655588
finished_reconf: true
global_termination_time: 993223.515
local_termination_time: 3911.803
node_cons: 20411.740382238295
tot_aggregated_send: 14321
tot_msg_rcv: 152
tot_msg_sent: 408
tot_reconf_duration: 3.95
tot_sleeping_duration: 977983.5028400013
tot_uptimes: 255
tot_uptimes_duration: 15240.012159998703
