comms_cons: 98.25377279969514
finished_reconf: true
global_termination_time: 995192.579
local_termination_time: 7160.0160000000005
node_cons: 20419.15940059832
tot_aggregated_send: 14432
tot_msg_rcv: 210
tot_msg_sent: 292
tot_reconf_duration: 9.41
tot_sleeping_duration: 979952.5636000013
tot_uptimes: 255
tot_uptimes_duration: 15240.015399998723
