comms_cons: 98.51036159830525
finished_reconf: true
global_termination_time: 993932.483
local_termination_time: 4976.732
node_cons: 20412.256422236012
tot_aggregated_send: 14263
tot_msg_rcv: 244
tot_msg_sent: 466
tot_reconf_duration: 4.33
tot_sleeping_duration: 978692.470840003
tot_uptimes: 255
tot_uptimes_duration: 15240.012159997
