comms_cons: 202.61794558723676
finished_reconf: true
global_termination_time: 2019487.123
local_termination_time: 722786.2700799986
node_cons: 41544.34894558387
tot_aggregated_send: 28478
tot_msg_rcv: 808
tot_msg_sent: 1511
tot_reconf_duration: 6.279999999999999
tot_sleeping_duration: 1988467.0926000117
tot_uptimes: 518
tot_uptimes_duration: 31020.030399988173
