comms_cons: 202.04839678762076
finished_reconf: true
global_termination_time: 2021627.075
local_termination_time: 1265633.5103599997
node_cons: 41553.66485999957
tot_aggregated_send: 28768
tot_msg_rcv: 735
tot_msg_sent: 1207
tot_reconf_duration: 13.17
tot_sleeping_duration: 1990607.075
tot_uptimes: 518
tot_uptimes_duration: 31020.0
