comms_cons: 206.3763455782389
finished_reconf: true
global_termination_time: 2017519.24248
local_termination_time: 35714.94640000017
node_cons: 41483.113728784876
tot_aggregated_send: 27492
tot_msg_rcv: 1428
tot_msg_sent: 2447
tot_reconf_duration: 6.22
tot_sleeping_duration: 1986544.883280011
tot_uptimes: 517
tot_uptimes_duration: 30974.359199988947
