comms_cons: 106.02941439707351
finished_reconf: true
global_termination_time: 1053627.971
local_termination_time: 459653.01936000003
node_cons: 21618.45092896225
tot_aggregated_send: 13630
tot_msg_rcv: 842
tot_msg_sent: 1644
tot_reconf_duration: 5.1
tot_sleeping_duration: 1037487.9223599982
tot_uptimes: 270
tot_uptimes_duration: 16140.048640001682
