comms_cons: 109.9436735874288
finished_reconf: true
global_termination_time: 1051525.519
local_termination_time: 198463.01336000007
node_cons: 21629.45883566675
tot_aggregated_send: 13398
tot_msg_rcv: 1124
tot_msg_sent: 2188
tot_reconf_duration: 13.17
tot_sleeping_duration: 1035385.43388001
tot_uptimes: 270
tot_uptimes_duration: 16140.085119990072
