comms_cons: 77.77272319444572
finished_reconf: true
global_termination_time: 763873.867
local_termination_time: 412415.0031600008
node_cons: 15676.935842233695
tot_aggregated_send: 10266
tot_msg_rcv: 514
tot_msg_sent: 1041
tot_reconf_duration: 7.819999999999999
tot_sleeping_duration: 752173.8548400047
tot_uptimes: 196
tot_uptimes_duration: 11700.012159995269
