comms_cons: 148.2826367910521
finished_reconf: true
global_termination_time: 1487134.0822400001
local_termination_time: 1066.5684800000004
node_cons: 30573.005323832018
tot_aggregated_send: 20764
tot_msg_rcv: 606
tot_msg_sent: 1168
tot_reconf_duration: 18.21
tot_sleeping_duration: 1464319.8356800063
tot_uptimes: 381
tot_uptimes_duration: 22814.246559994004
