comms_cons: 84.35975679371936
finished_reconf: true
global_termination_time: 841645.143
local_termination_time: 6929.3949999999995
node_cons: 17302.58214558878
tot_aggregated_send: 11115
tot_msg_rcv: 545
tot_msg_sent: 1163
tot_reconf_duration: 21.68
tot_sleeping_duration: 828745.1126000085
tot_uptimes: 216
tot_uptimes_duration: 12900.030399991607
