comms_cons: 80.95110399803973
finished_reconf: true
global_termination_time: 844236.808
local_termination_time: 4788.199
node_cons: 17385.93150111686
tot_aggregated_send: 11635
tot_msg_rcv: 208
tot_msg_sent: 462
tot_reconf_duration: 23.919999999999998
tot_sleeping_duration: 831276.8019200023
tot_uptimes: 217
tot_uptimes_duration: 12960.006079997635
