comms_cons: 86.0565631919365
finished_reconf: true
global_termination_time: 841018.994
local_termination_time: 391.58824
node_cons: 17281.9947967709
tot_aggregated_send: 10904
tot_msg_rcv: 764
tot_msg_sent: 1412
tot_reconf_duration: 6.46
tot_sleeping_duration: 828118.9028000217
tot_uptimes: 216
tot_uptimes_duration: 12900.091199978255
