comms_cons: 109.51799039530418
finished_reconf: true
global_termination_time: 1100526.137
local_termination_time: 567468.2923599998
node_cons: 22606.298700000065
tot_aggregated_send: 15022
tot_msg_rcv: 541
tot_msg_sent: 1084
tot_reconf_duration: 22.65
tot_sleeping_duration: 1083666.137
tot_uptimes: 282
tot_uptimes_duration: 16860.0
