comms_cons: 112.0700927931596
finished_reconf: true
global_termination_time: 1098992.71048
local_termination_time: 1098992.66936
node_cons: 22627.35678879289
tot_aggregated_send: 14906
tot_msg_rcv: 725
tot_msg_sent: 1402
tot_reconf_duration: 24.59
tot_sleeping_duration: 1082118.9512800053
tot_uptimes: 282
tot_uptimes_duration: 16873.75919999466
