comms_cons: 112.08937599575675
finished_reconf: true
global_termination_time: 1099479.05
local_termination_time: 316590.9460800002
node_cons: 22583.120342238308
tot_aggregated_send: 15080
tot_msg_rcv: 741
tot_msg_sent: 1215
tot_reconf_duration: 5.57
tot_sleeping_duration: 1082619.0378400013
tot_uptimes: 282
tot_uptimes_duration: 16860.012159998703
