comms_cons: 111.1035775950905
finished_reconf: true
global_termination_time: 1098993.1040000003
local_termination_time: 623088.9433599999
node_cons: 22634.878164477097
tot_aggregated_send: 14674
tot_msg_rcv: 763
tot_msg_sent: 1450
tot_reconf_duration: 7.819999999999999
tot_sleeping_duration: 1082096.7196800024
tot_uptimes: 282
tot_uptimes_duration: 16896.384319997742
