comms_cons: 97.78727679493831
finished_reconf: true
global_termination_time: 973138.4044799998
local_termination_time: 973138.3633599998
node_cons: 20056.444224311763
tot_aggregated_send: 13790
tot_msg_rcv: 422
tot_msg_sent: 651
tot_reconf_duration: 24.59
tot_sleeping_duration: 958184.669600006
tot_uptimes: 250
tot_uptimes_duration: 14953.734879993817
