comms_cons: 98.04323839567815
finished_reconf: true
global_termination_time: 976499.531
local_termination_time: 182459.87536000006
node_cons: 20090.96162000005
tot_aggregated_send: 13862
tot_msg_rcv: 406
tot_msg_sent: 634
tot_reconf_duration: 4.390000000000001
tot_sleeping_duration: 961499.531
tot_uptimes: 251
tot_uptimes_duration: 15000.0
