comms_cons: 13.357657599833203
finished_reconf: true
global_termination_time: 131655.153
local_termination_time: 25730.6794
node_cons: 2666.5952622382997
tot_aggregated_send: 1334
tot_msg_rcv: 237
tot_msg_sent: 460
tot_reconf_duration: 11.31
tot_sleeping_duration: 129675.14084000126
tot_uptimes: 34
tot_uptimes_duration: 1980.0121599987324
