comms_cons: 201.5669503939285
finished_reconf: true
global_termination_time: 2039412.276
local_termination_time: 1008410.6790799996
node_cons: 41945.044059999585
tot_aggregated_send: 29290
tot_msg_rcv: 479
tot_msg_sent: 868
tot_reconf_duration: 5.57
tot_sleeping_duration: 2008092.276
tot_uptimes: 523
tot_uptimes_duration: 31320.0
