comms_cons: 201.902489593032
finished_reconf: true
global_termination_time: 2039047.885
local_termination_time: 919051.9293599998
node_cons: 41944.40579999962
tot_aggregated_send: 29406
tot_msg_rcv: 416
tot_msg_sent: 866
tot_reconf_duration: 5.1
tot_sleeping_duration: 2007727.885
tot_uptimes: 523
tot_uptimes_duration: 31320.0
