comms_cons: 207.4251135757893
finished_reconf: true
global_termination_time: 2041061.162
local_termination_time: 838224.3215199983
node_cons: 41948.156547817576
tot_aggregated_send: 26970
tot_msg_rcv: 1536
tot_msg_sent: 3020
tot_reconf_duration: 7.819999999999999
tot_sleeping_duration: 2009741.1194400166
tot_uptimes: 523
tot_uptimes_duration: 31320.04255998344
