comms_cons: 203.71897598318995
finished_reconf: true
global_termination_time: 2040124.063
local_termination_time: 838250.84436
node_cons: 41945.96746558393
tot_aggregated_send: 27840
tot_msg_rcv: 911
tot_msg_sent: 2214
tot_reconf_duration: 6.22
tot_sleeping_duration: 2008804.032600012
tot_uptimes: 523
tot_uptimes_duration: 31320.030399988173
