comms_cons: 59.21342720043325
finished_reconf: true
global_termination_time: 591496.81
local_termination_time: 86715.26223999943
node_cons: 12137.871980000014
tot_aggregated_send: 8236
tot_msg_rcv: 245
tot_msg_sent: 520
tot_reconf_duration: 4.8100000000000005
tot_sleeping_duration: 582436.81
tot_uptimes: 152
tot_uptimes_duration: 9060.0
