comms_cons: 59.67459839937036
finished_reconf: true
global_termination_time: 591946.514
local_termination_time: 143160.00048000098
node_cons: 12142.43337384276
tot_aggregated_send: 8178
tot_msg_rcv: 314
tot_msg_sent: 579
tot_reconf_duration: 6.22
tot_sleeping_duration: 582884.5374399979
tot_uptimes: 152
tot_uptimes_duration: 9061.976560002047
