comms_cons: 60.14607359905001
finished_reconf: true
global_termination_time: 591570.972
local_termination_time: 230071.28972000012
node_cons: 12146.723403364296
tot_aggregated_send: 8062
tot_msg_rcv: 386
tot_msg_sent: 693
tot_reconf_duration: 11.31
tot_sleeping_duration: 582510.9537599968
tot_uptimes: 152
tot_uptimes_duration: 9060.018240003199
