comms_cons: 9.882867200155651
finished_reconf: true
global_termination_time: 87272.91347999996
local_termination_time: 87272.87235999996
node_cons: 1819.2398009593767
tot_aggregated_send: 696
tot_msg_rcv: 218
tot_msg_sent: 587
tot_reconf_duration: 24.59
tot_sleeping_duration: 85939.19684000043
tot_uptimes: 23
tot_uptimes_duration: 1333.7166399995403
