comms_cons: 113.670374416558
finished_reconf: true
global_termination_time: 508548.37280000024
local_termination_time: 508548.33168000024
node_cons: 10507.465988651544
tot_aggregated_send: 0
tot_msg_rcv: 9681
tot_msg_sent: 7595
tot_reconf_duration: 24.59
tot_sleeping_duration: 500726.06303999166
tot_uptimes: 131
tot_uptimes_duration: 7822.309760008604
