comms_cons: 239.8912511861576
finished_reconf: true
global_termination_time: 2355254.559
local_termination_time: 640737.8273599999
node_cons: 48453.59708670041
tot_aggregated_send: 32016
tot_msg_rcv: 1483
tot_msg_sent: 2964
tot_reconf_duration: 6.279999999999999
tot_sleeping_duration: 2319074.522520014
tot_uptimes: 604
tot_uptimes_duration: 36180.03647998581
