comms_cons: 233.3905407924179
finished_reconf: true
global_termination_time: 2357529.825
local_termination_time: 1882411.59748
node_cons: 48479.37739999944
tot_aggregated_send: 33698
tot_msg_rcv: 523
tot_msg_sent: 1253
tot_reconf_duration: 25.299999999999997
tot_sleeping_duration: 2321349.825
tot_uptimes: 604
tot_uptimes_duration: 36180.0
