comms_cons: 232.69972479688016
finished_reconf: true
global_termination_time: 2356226.814
local_termination_time: 627497.6173599999
node_cons: 48457.391379999426
tot_aggregated_send: 34162
tot_msg_rcv: 403
tot_msg_sent: 804
tot_reconf_duration: 9.11
tot_sleeping_duration: 2320046.814
tot_uptimes: 604
tot_uptimes_duration: 36180.00000000006
