comms_cons: 232.43365759551594
finished_reconf: true
global_termination_time: 2355156.896
local_termination_time: 804535.951
node_cons: 48482.68262511343
tot_aggregated_send: 34160
tot_msg_rcv: 363
tot_msg_sent: 805
tot_reconf_duration: 18.700000000000003
tot_sleeping_duration: 2318967.7339200047
tot_uptimes: 604
tot_uptimes_duration: 36189.162079995614
