comms_cons: 233.25895679395904
finished_reconf: true
global_termination_time: 2358255.204
local_termination_time: 1917414.3281999996
node_cons: 48461.18019999956
tot_aggregated_send: 33756
tot_msg_rcv: 605
tot_msg_sent: 1093
tot_reconf_duration: 11.899999999999999
tot_sleeping_duration: 2322075.204
tot_uptimes: 604
tot_uptimes_duration: 36180.0
