comms_cons: 240.42518398490836
finished_reconf: true
global_termination_time: 2358093.506
local_termination_time: 1337454.3240799988
node_cons: 48455.6965478173
tot_aggregated_send: 31030
tot_msg_rcv: 1783
tot_msg_sent: 3731
tot_reconf_duration: 7.819999999999999
tot_sleeping_duration: 2321913.4634400164
tot_uptimes: 604
tot_uptimes_duration: 36180.04255998344
