comms_cons: 92.22327679564171
finished_reconf: true
global_termination_time: 893788.34
local_termination_time: 77227.90235999996
node_cons: 18324.108967840843
tot_aggregated_send: 11832
tot_msg_rcv: 789
tot_msg_sent: 1395
tot_reconf_duration: 4.8100000000000005
tot_sleeping_duration: 880108.2974399993
tot_uptimes: 229
tot_uptimes_duration: 13680.042560000613
