comms_cons: 175.27114233076037
finished_reconf: true
global_termination_time: 893896.777
local_termination_time: 139886.57160000005
node_cons: 18328.172124478842
tot_aggregated_send: 0
tot_msg_rcv: 13469
tot_msg_sent: 13173
tot_reconf_duration: 7.819999999999999
tot_sleeping_duration: 880216.7526800008
tot_uptimes: 229
tot_uptimes_duration: 13680.024319999138
