comms_cons: 90.85228799677589
finished_reconf: true
global_termination_time: 893363.876
local_termination_time: 172682.94364000086
node_cons: 18326.015606715995
tot_aggregated_send: 11774
tot_msg_rcv: 581
tot_msg_sent: 1455
tot_reconf_duration: 6.22
tot_sleeping_duration: 879683.8395200031
tot_uptimes: 229
tot_uptimes_duration: 13680.03647999699
