comms_cons: 41.186419199885584
finished_reconf: true
global_termination_time: 421369.107
local_termination_time: 43918.49036000001
node_cons: 8611.747121119159
tot_aggregated_send: 6090
tot_msg_rcv: 63
tot_msg_sent: 107
tot_reconf_duration: 11.31
tot_sleeping_duration: 414949.10092000064
tot_uptimes: 108
tot_uptimes_duration: 6420.006079999366
