comms_cons: 1.7961215999940656
finished_reconf: true
global_termination_time: 13893.832
local_termination_time: 11332.79736
node_cons: 275.3774000000015
tot_aggregated_send: 0
tot_msg_rcv: 149
tot_msg_sent: 124
tot_reconf_duration: 25.299999999999997
tot_sleeping_duration: 13713.832
tot_uptimes: 4
tot_uptimes_duration: 180.0
