comms_cons: 2.269823999996684
finished_reconf: true
global_termination_time: 13220.585
local_termination_time: 11034.92536
node_cons: 249.4667599999991
tot_aggregated_send: 0
tot_msg_rcv: 176
tot_msg_sent: 169
tot_reconf_duration: 6.22
tot_sleeping_duration: 13040.585
tot_uptimes: 4
tot_uptimes_duration: 180.0
