comms_cons: 40.27128320012758
finished_reconf: true
global_termination_time: 411668.508
local_termination_time: 138317.04784000057
node_cons: 8439.841899999994
tot_aggregated_send: 6032
tot_msg_rcv: 33
tot_msg_sent: 56
tot_reconf_duration: 3.05
tot_sleeping_duration: 405368.508
tot_uptimes: 106
tot_uptimes_duration: 6300.0
