comms_cons: 51.7065600011652
finished_reconf: true
global_termination_time: 534205.258
local_termination_time: 188814.97840000034
node_cons: 10950.977321121356
tot_aggregated_send: 6148
tot_msg_rcv: 556
tot_msg_sent: 1156
tot_reconf_duration: 18.21
tot_sleeping_duration: 526045.251919999
tot_uptimes: 137
tot_uptimes_duration: 8160.006080001011
