comms_cons: 51.96910080079144
finished_reconf: true
global_termination_time: 531719.997
local_termination_time: 202435.1679200003
node_cons: 10934.694901121447
tot_aggregated_send: 7018
tot_msg_rcv: 297
tot_msg_sent: 584
tot_reconf_duration: 6.22
tot_sleeping_duration: 523559.9909199989
tot_uptimes: 137
tot_uptimes_duration: 8160.006080001069
