comms_cons: 99.35208318971418
finished_reconf: true
global_termination_time: 955583.2387999985
local_termination_time: 227382.72140000082
node_cons: 19703.60223173834
tot_aggregated_send: 12412
tot_msg_rcv: 907
tot_msg_sent: 1780
tot_reconf_duration: 18.21
tot_sleeping_duration: 940886.5449600146
tot_uptimes: 245
tot_uptimes_duration: 14696.69383998381
