comms_cons: 98.84590079015739
finished_reconf: true
global_termination_time: 956203.154
local_termination_time: 205098.405
node_cons: 19638.098086941707
tot_aggregated_send: 12584
tot_msg_rcv: 877
tot_msg_sent: 1563
tot_reconf_duration: 22.65
tot_sleeping_duration: 941559.8833600136
tot_uptimes: 245
tot_uptimes_duration: 14643.270639986324
