comms_cons: 97.63658239553867
finished_reconf: true
global_termination_time: 958410.118
local_termination_time: 214190.8206800002
node_cons: 19693.96026559336
tot_aggregated_send: 12992
tot_msg_rcv: 626
tot_msg_sent: 1224
tot_reconf_duration: 7.819999999999999
tot_sleeping_duration: 943710.087600005
tot_uptimes: 246
tot_uptimes_duration: 14700.030399995041
