comms_cons: 115.7863616153202
finished_reconf: true
global_termination_time: 512853.5457200001
local_termination_time: 512853.5046000001
node_cons: 10594.039290597078
tot_aggregated_send: 0
tot_msg_rcv: 9926
tot_msg_sent: 7682
tot_reconf_duration: 37.410000000000004
tot_sleeping_duration: 504979.58267997246
tot_uptimes: 132
tot_uptimes_duration: 7873.96304002768
