comms_cons: 1158.0316691135372
finished_reconf: true
global_termination_time: 3971576.844
local_termination_time: 2868228.31248
node_cons: 162209.72634899427
tot_aggregated_send: 0
tot_msg_rcv: 58970
tot_msg_sent: 117045
tot_reconf_duration: 18.21
tot_sleeping_duration: 3850452.873
tot_uptimes: 2007
tot_uptimes_duration: 121123.97099999979
