comms_cons: 400.64163846754377
finished_reconf: true
global_termination_time: 3970561.393
local_termination_time: 1754088.4841599981
node_cons: 81632.86278670041
tot_aggregated_send: 55274
tot_msg_rcv: 1963
tot_msg_sent: 3659
tot_reconf_duration: 5.43
tot_sleeping_duration: 3909601.3565200134
tot_uptimes: 1017
tot_uptimes_duration: 60960.03647998697
