comms_cons: 64.89064959863138
finished_reconf: true
global_termination_time: 643610.906
local_termination_time: 573476.5303599999
node_cons: 13200.4973211168
tot_aggregated_send: 8932
tot_msg_rcv: 367
tot_msg_sent: 564
tot_reconf_duration: 18.21
tot_sleeping_duration: 633770.8999200023
tot_uptimes: 165
tot_uptimes_duration: 9840.006079997635
