comms_cons: 553.563110344202
finished_reconf: true
global_termination_time: 642920.6235999998
local_termination_time: 642920.5824799999
node_cons: 63611.95719158601
tot_aggregated_send: 0
tot_msg_rcv: 38247
tot_msg_sent: 45886
tot_reconf_duration: 37.410000000000004
tot_sleeping_duration: 595451.5015599796
tot_uptimes: 771
tot_uptimes_duration: 47469.12204002027
