comms_cons: 65.11434240010374
finished_reconf: true
global_termination_time: 643141.961
local_termination_time: 21079.699600000004
node_cons: 13179.958922242882
tot_aggregated_send: 8816
tot_msg_rcv: 385
tot_msg_sent: 696
tot_reconf_duration: 3.08
tot_sleeping_duration: 633301.9488399979
tot_uptimes: 165
tot_uptimes_duration: 9840.012160002138
