comms_cons: 130.1520768111889
finished_reconf: true
global_termination_time: 266791.5736000001
local_termination_time: 266791.5324800001
node_cons: 16421.836969078264
tot_aggregated_send: 0
tot_msg_rcv: 7953
tot_msg_sent: 11828
tot_reconf_duration: 24.59
tot_sleeping_duration: 254552.25788000145
tot_uptimes: 201
tot_uptimes_duration: 12239.315719998678
