comms_cons: 40.99499520094674
finished_reconf: true
global_termination_time: 405758.201
local_termination_time: 217938.67148000008
node_cons: 8283.5726633643
tot_aggregated_send: 5452
tot_msg_rcv: 259
tot_msg_sent: 520
tot_reconf_duration: 6.279999999999999
tot_sleeping_duration: 399578.1827599968
tot_uptimes: 104
tot_uptimes_duration: 6180.018240003206
