comms_cons: 113.83503359261793
finished_reconf: true
global_termination_time: 1118174.478
local_termination_time: 594727.2417199988
node_cons: 23011.621823350593
tot_aggregated_send: 15312
tot_msg_rcv: 732
tot_msg_sent: 1258
tot_reconf_duration: 25.299999999999997
tot_sleeping_duration: 1101014.459760007
tot_uptimes: 287
tot_uptimes_duration: 17160.018239992904
