comms_cons: 112.82362239645322
finished_reconf: true
global_termination_time: 1117678.27
local_termination_time: 771212.1585199991
node_cons: 23002.650882233636
tot_aggregated_send: 15544
tot_msg_rcv: 574
tot_msg_sent: 1031
tot_reconf_duration: 18.700000000000003
tot_sleeping_duration: 1100518.2578400047
tot_uptimes: 287
tot_uptimes_duration: 17160.01215999527
