comms_cons: 113.8197439907506
finished_reconf: true
global_termination_time: 1115306.543
local_termination_time: 64820.058360000105
node_cons: 22907.592830065358
tot_aggregated_send: 14442
tot_msg_rcv: 877
tot_msg_sent: 1980
tot_reconf_duration: 7.819999999999999
tot_sleeping_duration: 1098206.488280011
tot_uptimes: 286
tot_uptimes_duration: 17100.054719989042
