comms_cons: 116.32262398561471
finished_reconf: true
global_termination_time: 1116225.704
local_termination_time: 533116.7303599998
node_cons: 22904.314645584105
tot_aggregated_send: 14674
tot_msg_rcv: 1146
tot_msg_sent: 1860
tot_reconf_duration: 5.43
tot_sleeping_duration: 1099125.6736000117
tot_uptimes: 286
tot_uptimes_duration: 17100.030399988173
