comms_cons: 307.72234243892643
finished_reconf: true
global_termination_time: 3072425.528
local_termination_time: 1085015.08736
node_cons: 63155.79266334927
tot_aggregated_send: 42688
tot_msg_rcv: 1472
tot_msg_sent: 2612
tot_reconf_duration: 6.279999999999999
tot_sleeping_duration: 3025265.509760007
tot_uptimes: 787
tot_uptimes_duration: 47160.0182399929
