comms_cons: 299.4902335890004
finished_reconf: true
global_termination_time: 3070118.915
local_termination_time: 1794831.14436
node_cons: 63162.61526223247
tot_aggregated_send: 43848
tot_msg_rcv: 596
tot_msg_sent: 1076
tot_reconf_duration: 11.31
tot_sleeping_duration: 3022958.902840005
tot_uptimes: 787
tot_uptimes_duration: 47160.01215999527
