comms_cons: 32.31703040041049
finished_reconf: true
global_termination_time: 326123.02
local_termination_time: 12527.17248
node_cons: 6698.9868411214375
tot_aggregated_send: 4582
tot_msg_rcv: 119
tot_msg_sent: 211
tot_reconf_duration: 22.65
tot_sleeping_duration: 321143.01391999895
tot_uptimes: 84
tot_uptimes_duration: 4980.006080001069
