comms_cons: 32.619673600204884
finished_reconf: true
global_termination_time: 324407.444
local_termination_time: 43905.81636000001
node_cons: 6678.839560000007
tot_aggregated_send: 4582
tot_msg_rcv: 151
tot_msg_sent: 225
tot_reconf_duration: 7.819999999999999
tot_sleeping_duration: 319427.444
tot_uptimes: 84
tot_uptimes_duration: 4980.0
