comms_cons: 189.85816958736285
finished_reconf: true
global_termination_time: 1902446.159
local_termination_time: 763084.4643599999
node_cons: 39131.57418446713
tot_aggregated_send: 26274
tot_msg_rcv: 723
tot_msg_sent: 1860
tot_reconf_duration: 4.390000000000001
tot_sleeping_duration: 1873226.1346800094
tot_uptimes: 488
tot_uptimes_duration: 29220.024319990538
