comms_cons: 186.92118399294455
finished_reconf: true
global_termination_time: 1904810.501
local_termination_time: 1274534.92536
node_cons: 39140.94712111668
tot_aggregated_send: 26738
tot_msg_rcv: 493
tot_msg_sent: 1179
tot_reconf_duration: 11.31
tot_sleeping_duration: 1875590.4949200023
tot_uptimes: 488
tot_uptimes_duration: 29220.006079997635
