comms_cons: 192.7395263873922
finished_reconf: true
global_termination_time: 1927889.117
local_termination_time: 765555.468879999
node_cons: 39638.39498223345
tot_aggregated_send: 26854
tot_msg_rcv: 719
tot_msg_sent: 1723
tot_reconf_duration: 22.65
tot_sleeping_duration: 1898309.1048400048
tot_uptimes: 494
tot_uptimes_duration: 29580.01215999527
