comms_cons: 190.9684863937444
finished_reconf: true
global_termination_time: 1926962.637
local_termination_time: 1382052.5423599998
node_cons: 39625.50485999965
tot_aggregated_send: 27608
tot_msg_rcv: 444
tot_msg_sent: 974
tot_reconf_duration: 13.17
tot_sleeping_duration: 1897382.637
tot_uptimes: 494
tot_uptimes_duration: 29580.0
