comms_cons: 274.66577920124615
finished_reconf: true
global_termination_time: 2807952.343
local_termination_time: 5522.217
node_cons: 57859.68367999896
tot_aggregated_send: 40705
tot_msg_rcv: 343
tot_msg_sent: 698
tot_reconf_duration: 10.96
tot_sleeping_duration: 2764752.343
tot_uptimes: 720
tot_uptimes_duration: 43200.0
