comms_cons: 266.6089216006302
finished_reconf: true
global_termination_time: 2809509.929
local_termination_time: 4523.576
node_cons: 57855.08546446661
tot_aggregated_send: 38214
tot_msg_rcv: 749
tot_msg_sent: 1560
tot_reconf_duration: 7.55
tot_sleeping_duration: 2766309.904680009
tot_uptimes: 720
tot_uptimes_duration: 43200.02431999077
