comms_cons: 279.63064323314023
finished_reconf: true
global_termination_time: 2810151.614
local_termination_time: 5497.986
node_cons: 57853.65409116855
tot_aggregated_send: 39143
tot_msg_rcv: 1160
tot_msg_sent: 2199
tot_reconf_duration: 6.46
tot_sleeping_duration: 2766951.553200023
tot_uptimes: 720
tot_uptimes_duration: 43200.06079997728
