comms_cons: 65.84366080031256
finished_reconf: true
global_termination_time: 647194.358
local_termination_time: 17312.711600000002
node_cons: 13290.514387845433
tot_aggregated_send: 8468
tot_msg_rcv: 451
tot_msg_sent: 1089
tot_reconf_duration: 25.299999999999997
tot_sleeping_duration: 637294.315439996
tot_uptimes: 166
tot_uptimes_duration: 9900.042560004047
