comms_cons: 66.51633919798918
finished_reconf: true
global_termination_time: 645241.061
local_termination_time: 185726.40848000007
node_cons: 13274.017424481159
tot_aggregated_send: 8700
tot_msg_rcv: 547
tot_msg_sent: 863
tot_reconf_duration: 13.17
tot_sleeping_duration: 635341.0366799991
tot_uptimes: 166
tot_uptimes_duration: 9900.02432000084
