comms_cons: 629.977638558926
finished_reconf: true
global_termination_time: 6255371.427239994
local_termination_time: 66995.99899999947
node_cons: 128705.61675676086
tot_aggregated_send: 86710
tot_msg_rcv: 2938
tot_msg_sent: 6101
tot_reconf_duration: 18.21
tot_sleeping_duration: 6159269.19604002
tot_uptimes: 1602
tot_uptimes_duration: 96102.23119997383
