comms_cons: 2628.257215962443
finished_reconf: true
global_termination_time: 6255476.543
local_termination_time: 2466502.1501199985
node_cons: 379649.15437603346
tot_aggregated_send: 0
tot_msg_rcv: 161457
tot_msg_sent: 238025
tot_reconf_duration: 5.57
tot_sleeping_duration: 5971950.336640025
tot_uptimes: 4640
tot_uptimes_duration: 283526.2063599752
