comms_cons: 628.4793857368966
finished_reconf: true
global_termination_time: 6258927.062
local_termination_time: 481015.38396000006
node_cons: 128710.70674893235
tot_aggregated_send: 86652
tot_msg_rcv: 2944
tot_msg_sent: 5927
tot_reconf_duration: 4.390000000000001
tot_sleeping_duration: 6162807.013360018
tot_uptimes: 1603
tot_uptimes_duration: 96120.04863998246
