comms_cons: 307.68344323056374
finished_reconf: true
global_termination_time: 3050602.355
local_termination_time: 1151280.1685199982
node_cons: 62752.12082670078
tot_aggregated_send: 42398
tot_msg_rcv: 1464
tot_msg_sent: 2904
tot_reconf_duration: 4.8100000000000005
tot_sleeping_duration: 3003742.3185200132
tot_uptimes: 782
tot_uptimes_duration: 46860.036479986506
