comms_cons: 303.59872001359895
finished_reconf: true
global_termination_time: 3051391.716
local_termination_time: 1726166.3018799983
node_cons: 62766.27561655018
tot_aggregated_send: 43674
tot_msg_rcv: 853
tot_msg_sent: 1617
tot_reconf_duration: 11.899999999999999
tot_sleeping_duration: 3004528.298960007
tot_uptimes: 782
tot_uptimes_duration: 46863.41703999345
