comms_cons: 186.04730239007534
finished_reconf: true
global_termination_time: 1861281.749
local_termination_time: 996998.5455599985
node_cons: 38254.63235999987
tot_aggregated_send: 26448
tot_msg_rcv: 678
tot_msg_sent: 1152
tot_reconf_duration: 9.42
tot_sleeping_duration: 1832721.749
tot_uptimes: 477
tot_uptimes_duration: 28560.0
