comms_cons: 195.63313918962677
finished_reconf: true
global_termination_time: 1955047.394
local_termination_time: 767521.3076799995
node_cons: 40175.98604335025
tot_aggregated_send: 26854
tot_msg_rcv: 903
tot_msg_sent: 1979
tot_reconf_duration: 4.390000000000001
tot_sleeping_duration: 1925047.3757600072
tot_uptimes: 501
tot_uptimes_duration: 30000.018239992904
