comms_cons: 71.22162560186611
finished_reconf: true
global_termination_time: 597541.6212400001
local_termination_time: 24012.376480000003
node_cons: 12342.766378507018
tot_aggregated_send: 4814
tot_msg_rcv: 2164
tot_msg_sent: 3852
tot_reconf_duration: 18.21
tot_sleeping_duration: 588342.1909199799
tot_uptimes: 154
tot_uptimes_duration: 9199.430320020176
