comms_cons: 58.52856319966231
finished_reconf: true
global_termination_time: 600372.123
local_termination_time: 539677.1395599995
node_cons: 12322.778700000046
tot_aggregated_send: 8758
tot_msg_rcv: 63
tot_msg_sent: 75
tot_reconf_duration: 22.65
tot_sleeping_duration: 591192.123
tot_uptimes: 154
tot_uptimes_duration: 9180.0
