comms_cons: 13.984332799947897
finished_reconf: true
global_termination_time: 135723.667
local_termination_time: 68457.5933999998
node_cons: 2752.3917200000155
tot_aggregated_send: 1218
tot_msg_rcv: 339
tot_msg_sent: 568
tot_reconf_duration: 15.34
tot_sleeping_duration: 133683.667
tot_uptimes: 35
tot_uptimes_duration: 2040.0
