comms_cons: 14.565420799936682
finished_reconf: true
global_termination_time: 134579.373
local_termination_time: 72364.97267999985
node_cons: 2765.9418233597185
tot_aggregated_send: 1102
tot_msg_rcv: 351
tot_msg_sent: 761
tot_reconf_duration: 25.299999999999997
tot_sleeping_duration: 132539.3547600002
tot_uptimes: 35
tot_uptimes_duration: 2040.0182399998012
