comms_cons: 51.03485440047476
finished_reconf: true
global_termination_time: 510978.558
local_termination_time: 15882.23748
node_cons: 10452.728240000011
tot_aggregated_send: 7250
tot_msg_rcv: 222
tot_msg_sent: 285
tot_reconf_duration: 6.279999999999999
tot_sleeping_duration: 503178.558
tot_uptimes: 131
tot_uptimes_duration: 7800.0
