comms_cons: 14.816358399853247
finished_reconf: true
global_termination_time: 150967.93
local_termination_time: 128218.52335999998
node_cons: 3068.2789800000173
tot_aggregated_send: 2088
tot_msg_rcv: 58
tot_msg_sent: 106
tot_reconf_duration: 11.31
tot_sleeping_duration: 148687.93
tot_uptimes: 39
tot_uptimes_duration: 2280.0
