comms_cons: 18.474393599869877
finished_reconf: true
global_termination_time: 186838.894
local_termination_time: 18238.960479999998
node_cons: 3791.3471211191504
tot_aggregated_send: 2552
tot_msg_rcv: 90
tot_msg_sent: 166
tot_reconf_duration: 11.31
tot_sleeping_duration: 184018.88792000065
tot_uptimes: 48
tot_uptimes_duration: 2820.006079999366
