comms_cons: 2.801990399996196
finished_reconf: true
global_termination_time: 13552.57148
local_termination_time: 13552.53036
node_cons: 292.76351872000066
tot_aggregated_send: 0
tot_msg_rcv: 252
tot_msg_sent: 172
tot_reconf_duration: 24.59
tot_sleeping_duration: 13358.867
tot_uptimes: 4
tot_uptimes_duration: 193.70448000000033
