comms_cons: 192.0857471861475
finished_reconf: true
global_termination_time: 1894734.95
local_termination_time: 33827.41772000011
node_cons: 38995.756393422475
tot_aggregated_send: 25984
tot_msg_rcv: 1067
tot_msg_sent: 2139
tot_reconf_duration: 22.65
tot_sleeping_duration: 1865634.8770400127
tot_uptimes: 486
tot_uptimes_duration: 29100.072959987083
