comms_cons: 192.05424638552614
finished_reconf: true
global_termination_time: 1901419.581
local_termination_time: 782193.2395999999
node_cons: 39049.42260558401
tot_aggregated_send: 26564
tot_msg_rcv: 998
tot_msg_sent: 1629
tot_reconf_duration: 3.05
tot_sleeping_duration: 1872259.5506000118
tot_uptimes: 487
tot_uptimes_duration: 29160.030399988173
