comms_cons: 190.1066111875604
finished_reconf: true
global_termination_time: 1899559.237
local_termination_time: 1088777.9804799997
node_cons: 39052.630222233354
tot_aggregated_send: 26448
tot_msg_rcv: 810
tot_msg_sent: 1638
tot_reconf_duration: 5.43
tot_sleeping_duration: 1870399.2248400047
tot_uptimes: 487
tot_uptimes_duration: 29160.01215999527
