comms_cons: 136.48828798552364
finished_reconf: true
global_termination_time: 1334010.701
local_termination_time: 314941.8013600009
node_cons: 27405.844731994297
tot_aggregated_send: 17516
tot_msg_rcv: 1065
tot_msg_sent: 2166
tot_reconf_duration: 6.279999999999999
tot_sleeping_duration: 1313549.6730000041
tot_uptimes: 342
tot_uptimes_duration: 20461.027999995742
