comms_cons: 133.06557438690265
finished_reconf: true
global_termination_time: 1334027.571
local_termination_time: 571441.9683599998
node_cons: 27403.577330065258
tot_aggregated_send: 17052
tot_msg_rcv: 1071
tot_msg_sent: 2104
tot_reconf_duration: 5.57
tot_sleeping_duration: 1313567.516280011
tot_uptimes: 342
tot_uptimes_duration: 20460.054719989013
