comms_cons: 133.40546559204523
finished_reconf: true
global_termination_time: 1336335.147
local_termination_time: 718957.4857199998
node_cons: 27488.683944467353
tot_aggregated_send: 18270
tot_msg_rcv: 666
tot_msg_sent: 1340
tot_reconf_duration: 9.11
tot_sleeping_duration: 1315815.1226800096
tot_uptimes: 343
tot_uptimes_duration: 20520.024319990538
