comms_cons: 132.867571190058
finished_reconf: true
global_termination_time: 1335867.511
local_termination_time: 645159.0603599999
node_cons: 27501.73972893463
tot_aggregated_send: 17922
tot_msg_rcv: 829
tot_msg_sent: 1444
tot_reconf_duration: 18.700000000000003
tot_sleeping_duration: 1315347.4623600189
tot_uptimes: 343
tot_uptimes_duration: 20520.04863998107
