comms_cons: 131.853747194592
finished_reconf: true
global_termination_time: 1334580.488
local_termination_time: 739690.638
node_cons: 27415.982174950714
tot_aggregated_send: 18382
tot_msg_rcv: 553
tot_msg_sent: 1106
tot_reconf_duration: 10.95
tot_sleeping_duration: 1314116.6253600067
tot_uptimes: 342
tot_uptimes_duration: 20463.86263999308
