comms_cons: 133.62417919086118
finished_reconf: true
global_termination_time: 1334586.491
local_termination_time: 415051.3288800009
node_cons: 27406.616547822472
tot_aggregated_send: 18270
tot_msg_rcv: 692
tot_msg_sent: 1348
tot_reconf_duration: 7.819999999999999
tot_sleeping_duration: 1314126.448440013
tot_uptimes: 342
tot_uptimes_duration: 20460.042559986876
