comms_cons: 295.20791678940634
finished_reconf: true
global_termination_time: 2963318.429
local_termination_time: 1268565.19236
node_cons: 60906.26452223253
tot_aggregated_send: 41354
tot_msg_rcv: 1303
tot_msg_sent: 2212
tot_reconf_duration: 6.279999999999999
tot_sleeping_duration: 2917838.4168400047
tot_uptimes: 759
tot_uptimes_duration: 45480.01215999527
