comms_cons: 298.3858560254972
finished_reconf: true
global_termination_time: 2965626.582
local_termination_time: 212311.75336000006
node_cons: 61008.85940558789
tot_aggregated_send: 40600
tot_msg_rcv: 1618
tot_msg_sent: 3134
tot_reconf_duration: 22.65
tot_sleeping_duration: 2920086.551600008
tot_uptimes: 760
tot_uptimes_duration: 45540.03039999184
