comms_cons: 293.5476224011897
finished_reconf: true
global_termination_time: 2963113.335
local_termination_time: 295554.44028000085
node_cons: 60901.902605592564
tot_aggregated_send: 40832
tot_msg_rcv: 1398
tot_msg_sent: 2387
tot_reconf_duration: 3.05
tot_sleeping_duration: 2917633.3046000046
tot_uptimes: 759
tot_uptimes_duration: 45480.030399995274
