comms_cons: 457.9452158417456
finished_reconf: true
global_termination_time: 2963111.814
local_termination_time: 317324.37736000004
node_cons: 60913.103403353925
tot_aggregated_send: 0
tot_msg_rcv: 35096
tot_msg_sent: 34509
tot_reconf_duration: 11.31
tot_sleeping_duration: 2917631.7957600034
tot_uptimes: 759
tot_uptimes_duration: 45480.01823999634
