comms_cons: 14.803827199779498
finished_reconf: true
global_termination_time: 133745.1012400004
local_termination_time: 17812.500480000002
node_cons: 2806.6300038382687
tot_aggregated_send: 1102
tot_msg_rcv: 449
tot_msg_sent: 699
tot_reconf_duration: 15.34
tot_sleeping_duration: 131664.59468000167
tot_uptimes: 35
tot_uptimes_duration: 2080.5065599987065
