comms_cons: 14.40089599981468
finished_reconf: true
global_termination_time: 139326.773
local_termination_time: 71938.65935999998
node_cons: 2818.8420822383114
tot_aggregated_send: 1624
tot_msg_rcv: 160
tot_msg_sent: 404
tot_reconf_duration: 5.1
tot_sleeping_duration: 137226.76084000125
tot_uptimes: 36
tot_uptimes_duration: 2100.0121599987324
