comms_cons: 18.325235199601682
finished_reconf: true
global_termination_time: 135814.426
local_termination_time: 29101.575360000003
node_cons: 2735.767028957492
tot_aggregated_send: 986
tot_msg_rcv: 800
tot_msg_sent: 1001
tot_reconf_duration: 3.05
tot_sleeping_duration: 133774.3773600019
tot_uptimes: 35
tot_uptimes_duration: 2040.0486399981237
