comms_cons: 54.33824000052853
finished_reconf: true
global_termination_time: 554158.068
local_termination_time: 359750.8436400008
node_cons: 11333.901619999957
tot_aggregated_send: 7366
tot_msg_rcv: 254
tot_msg_sent: 640
tot_reconf_duration: 4.390000000000001
tot_sleeping_duration: 545698.068
tot_uptimes: 142
tot_uptimes_duration: 8460.0
