comms_cons: 38.994918400250846
finished_reconf: true
global_termination_time: 394941.166
local_termination_time: 8080.982480000004
node_cons: 8125.433373841446
tot_aggregated_send: 5684
tot_msg_rcv: 72
tot_msg_sent: 171
tot_reconf_duration: 6.22
tot_sleeping_duration: 388879.18943999894
tot_uptimes: 102
tot_uptimes_duration: 6061.976560001073
