comms_cons: 117.95847679704106
finished_reconf: true
global_termination_time: 1182815.693
local_termination_time: 70664.60935999997
node_cons: 24293.43870000005
tot_aggregated_send: 16588
tot_msg_rcv: 434
tot_msg_sent: 907
tot_reconf_duration: 22.65
tot_sleeping_duration: 1164695.693
tot_uptimes: 303
tot_uptimes_duration: 18120.0
