comms_cons: 117.53803519551548
finished_reconf: true
global_termination_time: 1186241.779
local_termination_time: 212354.29436000006
node_cons: 24349.945800000045
tot_aggregated_send: 16994
tot_msg_rcv: 294
tot_msg_sent: 577
tot_reconf_duration: 5.1
tot_sleeping_duration: 1168061.779
tot_uptimes: 304
tot_uptimes_duration: 18180.0
