comms_cons: 118.49922559454261
finished_reconf: true
global_termination_time: 1183558.808
local_termination_time: 114329.57035999997
node_cons: 24347.20264000004
tot_aggregated_send: 16704
tot_msg_rcv: 439
tot_msg_sent: 868
tot_reconf_duration: 3.08
tot_sleeping_duration: 1165378.808
tot_uptimes: 304
tot_uptimes_duration: 18180.0
