comms_cons: 117.82743679685606
finished_reconf: true
global_termination_time: 1182105.638
local_termination_time: 212408.57336000007
node_cons: 24279.839681121477
tot_aggregated_send: 16646
tot_msg_rcv: 402
tot_msg_sent: 860
tot_reconf_duration: 12.629999999999999
tot_sleeping_duration: 1163985.6319199991
tot_uptimes: 303
tot_uptimes_duration: 18120.00608000107
