comms_cons: 117.51892479804837
finished_reconf: true
global_termination_time: 1183286.847
local_termination_time: 266615.86788000085
node_cons: 24348.98161999998
tot_aggregated_send: 16994
tot_msg_rcv: 292
tot_msg_sent: 576
tot_reconf_duration: 4.390000000000001
tot_sleeping_duration: 1165106.847
tot_uptimes: 304
tot_uptimes_duration: 18180.0
