comms_cons: 118.19000319604588
finished_reconf: true
global_termination_time: 1186011.286
local_termination_time: 279781.3893600001
node_cons: 24347.1619000001
tot_aggregated_send: 16878
tot_msg_rcv: 392
tot_msg_sent: 694
tot_reconf_duration: 3.05
tot_sleeping_duration: 1167831.286
tot_uptimes: 304
tot_uptimes_duration: 18180.0
