comms_cons: 11.935296000015626
finished_reconf: true
global_termination_time: 114064.405
local_termination_time: 44701.70284000002
node_cons: 2360.6349822394345
tot_aggregated_send: 1334
tot_msg_rcv: 151
tot_msg_sent: 329
tot_reconf_duration: 22.65
tot_sleeping_duration: 112324.39284000042
tot_uptimes: 30
tot_uptimes_duration: 1740.0121599995837
