comms_cons: 318.5916288009879
finished_reconf: true
global_termination_time: 3124893.435
local_termination_time: 344986.09148000047
node_cons: 64278.11630122858
tot_aggregated_send: 41760
tot_msg_rcv: 2350
tot_msg_sent: 4313
tot_reconf_duration: 4.390000000000001
tot_sleeping_duration: 3076893.3194800373
tot_uptimes: 801
tot_uptimes_duration: 48000.11551996262
