comms_cons: 316.39594243100913
finished_reconf: true
global_termination_time: 3128995.615
local_termination_time: 587320.5960399994
node_cons: 64356.61215786902
tot_aggregated_send: 42746
tot_msg_rcv: 1783
tot_msg_sent: 3560
tot_reconf_duration: 3.05
tot_sleeping_duration: 3080935.517720037
tot_uptimes: 802
tot_uptimes_duration: 48060.09727996285
