comms_cons: 314.9870336249139
finished_reconf: true
global_termination_time: 3124541.9752399973
local_termination_time: 316998.92548000003
node_cons: 64306.51653499128
tot_aggregated_send: 43152
tot_msg_rcv: 1635
tot_msg_sent: 3090
tot_reconf_duration: 11.31
tot_sleeping_duration: 3076527.6678800327
tot_uptimes: 801
tot_uptimes_duration: 48014.30735996459
