comms_cons: 57.837747200553586
finished_reconf: true
global_termination_time: 555406.441
local_termination_time: 51952.777480000106
node_cons: 11415.222082241731
tot_aggregated_send: 7076
tot_msg_rcv: 557
tot_msg_sent: 1158
tot_reconf_duration: 5.1
tot_sleeping_duration: 546886.4288399987
tot_uptimes: 143
tot_uptimes_duration: 8520.012160001283
