comms_cons: 56.59330560103106
finished_reconf: true
global_termination_time: 555034.111
local_termination_time: 104437.85535999996
node_cons: 11412.446323364293
tot_aggregated_send: 7424
tot_msg_rcv: 362
tot_msg_sent: 816
tot_reconf_duration: 3.05
tot_sleeping_duration: 546514.0927599968
tot_uptimes: 143
tot_uptimes_duration: 8520.018240003206
