comms_cons: 12.493900800037272
finished_reconf: true
global_termination_time: 119041.436
local_termination_time: 34817.61752000008
node_cons: 2417.1339411202894
tot_aggregated_send: 1392
tot_msg_rcv: 180
tot_msg_sent: 327
tot_reconf_duration: 5.1
tot_sleeping_duration: 117241.42991999978
tot_uptimes: 31
tot_uptimes_duration: 1800.0060800002175
