comms_cons: 11.772070399704328
finished_reconf: true
global_termination_time: 116107.568
local_termination_time: 29739.129360000006
node_cons: 2338.767684159158
tot_aggregated_send: 870
tot_msg_rcv: 188
tot_msg_sent: 733
tot_reconf_duration: 5.43
tot_sleeping_duration: 114366.42256000063
tot_uptimes: 30
tot_uptimes_duration: 1741.1454399993709
