comms_cons: 189.95112318129782
finished_reconf: true
global_termination_time: 1878913.61448
local_termination_time: 96495.92535999996
node_cons: 38680.65996988803
tot_aggregated_send: 26100
tot_msg_rcv: 968
tot_msg_sent: 1802
tot_reconf_duration: 13.17
tot_sleeping_duration: 1850039.2492000237
tot_uptimes: 482
tot_uptimes_duration: 28874.36527997628
