comms_cons: 184.43534078939842
finished_reconf: true
global_termination_time: 1881379.132
local_termination_time: 1126866.278399998
node_cons: 38647.69004111653
tot_aggregated_send: 25926
tot_msg_rcv: 654
tot_msg_sent: 1454
tot_reconf_duration: 3.05
tot_sleeping_duration: 1852519.1259200023
tot_uptimes: 482
tot_uptimes_duration: 28860.00607999775
