comms_cons: 182.80307199202903
finished_reconf: true
global_termination_time: 1882219.254
local_termination_time: 1153195.19036
node_cons: 38731.253939999704
tot_aggregated_send: 25984
tot_msg_rcv: 642
tot_msg_sent: 1159
tot_reconf_duration: 5.43
tot_sleeping_duration: 1853299.254
tot_uptimes: 483
tot_uptimes_duration: 28920.0
