comms_cons: 31.97491200032772
finished_reconf: true
global_termination_time: 306541.412
local_termination_time: 99941.0661599998
node_cons: 6274.100342238299
tot_aggregated_send: 4002
tot_msg_rcv: 336
tot_msg_sent: 522
tot_reconf_duration: 5.57
tot_sleeping_duration: 301861.3998400013
tot_uptimes: 79
tot_uptimes_duration: 4680.012159998732
