comms_cons: 33.01625600068475
finished_reconf: true
global_termination_time: 311833.214
local_termination_time: 73201.51147999996
node_cons: 6351.0589222405915
tot_aggregated_send: 3886
tot_msg_rcv: 436
tot_msg_sent: 696
tot_reconf_duration: 3.08
tot_sleeping_duration: 307093.2018399996
tot_uptimes: 80
tot_uptimes_duration: 4740.012160000435
