comms_cons: 30.690547200015164
finished_reconf: true
global_termination_time: 308970.104
local_termination_time: 2853.8015600000026
node_cons: 6372.254600000007
tot_aggregated_send: 4350
tot_msg_rcv: 98
tot_msg_sent: 216
tot_reconf_duration: 18.700000000000003
tot_sleeping_duration: 304230.104
tot_uptimes: 80
tot_uptimes_duration: 4740.0
