comms_cons: 30.665651200321555
finished_reconf: true
global_termination_time: 307888.108
local_termination_time: 249419.33436000004
node_cons: 6277.147701121408
tot_aggregated_send: 4176
tot_msg_rcv: 144
tot_msg_sent: 341
tot_reconf_duration: 7.819999999999999
tot_sleeping_duration: 303208.10191999894
tot_uptimes: 79
tot_uptimes_duration: 4680.006080001069
