comms_cons: 240.08879359649518
finished_reconf: true
global_termination_time: 2403345.189
local_termination_time: 1476586.23636
node_cons: 49429.939861116276
tot_aggregated_send: 34336
tot_msg_rcv: 835
tot_msg_sent: 1321
tot_reconf_duration: 15.34
tot_sleeping_duration: 2366445.1829200024
tot_uptimes: 616
tot_uptimes_duration: 36900.006079997635
