comms_cons: 154.8563007890458
finished_reconf: true
global_termination_time: 1591714.545
local_termination_time: 918732.375
node_cons: 32721.245215432045
tot_aggregated_send: 21108
tot_msg_rcv: 790
tot_msg_sent: 1640
tot_reconf_duration: 10.95
tot_sleeping_duration: 1567288.574040006
tot_uptimes: 408
tot_uptimes_duration: 24425.97095999407
