comms_cons: 157.99982078696365
finished_reconf: true
global_termination_time: 1595082.931
local_termination_time: 160577.12436000005
node_cons: 32789.4128300699
tot_aggregated_send: 20996
tot_msg_rcv: 936
tot_msg_sent: 2083
tot_reconf_duration: 7.819999999999999
tot_sleeping_duration: 1570602.8762800077
tot_uptimes: 409
tot_uptimes_duration: 24480.054719992448
