comms_cons: 105.78100479914406
finished_reconf: true
global_termination_time: 1080436.803
local_termination_time: 446856.35936000006
node_cons: 22180.380121116865
tot_aggregated_send: 15428
tot_msg_rcv: 246
tot_msg_sent: 404
tot_reconf_duration: 4.8100000000000005
tot_sleeping_duration: 1063876.7969200024
tot_uptimes: 277
tot_uptimes_duration: 16560.006079997635
