comms_cons: 104.43822079975797
finished_reconf: true
global_termination_time: 1081220.134
local_termination_time: 723310.4972399989
node_cons: 22189.19897999995
tot_aggregated_send: 15718
tot_msg_rcv: 67
tot_msg_sent: 89
tot_reconf_duration: 11.31
tot_sleeping_duration: 1064660.134
tot_uptimes: 277
tot_uptimes_duration: 16560.0
