comms_cons: 108.08870399661676
finished_reconf: true
global_termination_time: 1103006.978
local_termination_time: 6601.498
node_cons: 22665.51906335053
tot_aggregated_send: 15652
tot_msg_rcv: 249
tot_msg_sent: 528
tot_reconf_duration: 7.08
tot_sleeping_duration: 1086086.959760007
tot_uptimes: 283
tot_uptimes_duration: 16920.018239992904
