comms_cons: 110.36700159166767
finished_reconf: true
global_termination_time: 1102120.305
local_termination_time: 6271.754
node_cons: 22661.097353420413
tot_aggregated_send: 14437
tot_msg_rcv: 751
tot_msg_sent: 1587
tot_reconf_duration: 3.77
tot_sleeping_duration: 1085200.2320400146
tot_uptimes: 283
tot_uptimes_duration: 16920.07295998535
