comms_cons: 233.5359103824291
finished_reconf: true
global_termination_time: 2352372.253
local_termination_time: 1039681.5974799998
node_cons: 48372.08650446662
tot_aggregated_send: 32538
tot_msg_rcv: 1097
tot_msg_sent: 1861
tot_reconf_duration: 5.43
tot_sleeping_duration: 2316252.2286800095
tot_uptimes: 603
tot_uptimes_duration: 36120.02431999054
