comms_cons: 100.7604479958375
finished_reconf: true
global_termination_time: 1067588.34
local_termination_time: 6906.6669999999995
node_cons: 21949.428340000035
tot_aggregated_send: 14777
tot_msg_rcv: 153
tot_msg_sent: 384
tot_reconf_duration: 12.23
tot_sleeping_duration: 1051208.34
tot_uptimes: 274
tot_uptimes_duration: 16380.0
