comms_cons: 123.19552000025448
finished_reconf: true
global_termination_time: 1285292.433
local_termination_time: 6147.28
node_cons: 26448.468340000043
tot_aggregated_send: 18489
tot_msg_rcv: 52
tot_msg_sent: 184
tot_reconf_duration: 12.23
tot_sleeping_duration: 1265552.433
tot_uptimes: 330
tot_uptimes_duration: 19740.0
