comms_cons: 281.7943424105392
finished_reconf: true
global_termination_time: 2798488.044
local_termination_time: 596627.8713599999
node_cons: 57532.0089455835
tot_aggregated_send: 39150
tot_msg_rcv: 1300
tot_msg_sent: 2382
tot_reconf_duration: 6.279999999999999
tot_sleeping_duration: 2755528.013600012
tot_uptimes: 717
tot_uptimes_duration: 42960.030399988405
