comms_cons: 281.809952004331
finished_reconf: true
global_termination_time: 2799474.662
local_termination_time: 786833.9843599999
node_cons: 57530.02082670068
tot_aggregated_send: 38512
tot_msg_rcv: 1301
tot_msg_sent: 3022
tot_reconf_duration: 4.8100000000000005
tot_sleeping_duration: 2756514.6255200137
tot_uptimes: 717
tot_uptimes_duration: 42960.03647998627
