comms_cons: 280.64956162618444
finished_reconf: true
global_termination_time: 2799172.087
local_termination_time: 308834.8917600009
node_cons: 57527.622605583834
tot_aggregated_send: 38744
tot_msg_rcv: 1230
tot_msg_sent: 2684
tot_reconf_duration: 3.05
tot_sleeping_duration: 2756212.0566000114
tot_uptimes: 717
tot_uptimes_duration: 42960.03039998864
