comms_cons: 208.78335998285203
finished_reconf: true
global_termination_time: 2065964.1644799998
local_termination_time: 2065964.1233599999
node_cons: 42551.70121213522
tot_aggregated_send: 28696
tot_msg_rcv: 1044
tot_msg_sent: 1993
tot_reconf_duration: 24.59
tot_sleeping_duration: 2034210.387040018
tot_uptimes: 530
tot_uptimes_duration: 31753.777439981757
