comms_cons: 209.16592638086715
finished_reconf: true
global_termination_time: 2068686.683
local_termination_time: 22668.968080000006
node_cons: 42517.80184781746
tot_aggregated_send: 28594
tot_msg_rcv: 1112
tot_msg_sent: 2086
tot_reconf_duration: 13.17
tot_sleeping_duration: 2036946.6404400165
tot_uptimes: 530
tot_uptimes_duration: 31740.04255998344
