comms_cons: 207.29085438633723
finished_reconf: true
global_termination_time: 2068402.862
local_termination_time: 1101428.4309599996
node_cons: 42505.83790223316
tot_aggregated_send: 29000
tot_msg_rcv: 825
tot_msg_sent: 1682
tot_reconf_duration: 4.390000000000001
tot_sleeping_duration: 2036662.8498400047
tot_uptimes: 530
tot_uptimes_duration: 31740.01215999527
