comms_cons: 204.77102078800888
finished_reconf: true
global_termination_time: 2068782.67
local_termination_time: 1417157.4600799985
node_cons: 42507.2420811164
tot_aggregated_send: 28768
tot_msg_rcv: 732
tot_msg_sent: 1624
tot_reconf_duration: 5.43
tot_sleeping_duration: 2037042.6639200023
tot_uptimes: 530
tot_uptimes_duration: 31740.006079997656
