comms_cons: 103.52433919873842
finished_reconf: true
global_termination_time: 1088845.814
local_termination_time: 457158.81060000055
node_cons: 22355.376143350408
tot_aggregated_send: 15022
tot_msg_rcv: 241
tot_msg_sent: 472
tot_reconf_duration: 15.34
tot_sleeping_duration: 1072165.7957600073
tot_uptimes: 279
tot_uptimes_duration: 16680.018239992787
