comms_cons: 152.4186111595865
finished_reconf: true
global_termination_time: 1090978.904
local_termination_time: 358899.47336
node_cons: 22423.412663355088
tot_aggregated_send: 0
tot_msg_rcv: 11846
tot_msg_sent: 11321
tot_reconf_duration: 6.279999999999999
tot_sleeping_duration: 1074238.8857600037
tot_uptimes: 280
tot_uptimes_duration: 16740.018239996338
