comms_cons: 153.97100795803718
finished_reconf: true
global_termination_time: 1090459.911
local_termination_time: 353916.90848000004
node_cons: 22421.793941116837
tot_aggregated_send: 0
tot_msg_rcv: 12021
tot_msg_sent: 11381
tot_reconf_duration: 5.1
tot_sleeping_duration: 1073719.9049200024
tot_uptimes: 280
tot_uptimes_duration: 16740.006079997635
