comms_cons: 104.30131199847507
finished_reconf: true
global_termination_time: 1088307.846
local_termination_time: 613387.438
node_cons: 22355.713807511238
tot_aggregated_send: 14961
tot_msg_rcv: 203
tot_msg_sent: 690
tot_reconf_duration: 15.110000000000001
tot_sleeping_duration: 1071627.3423200066
tot_uptimes: 279
tot_uptimes_duration: 16680.503679993446
