comms_cons: 106.86497279477989
finished_reconf: true
global_termination_time: 1088463.202
local_termination_time: 525068.1223599999
node_cons: 22365.29498223373
tot_aggregated_send: 14964
tot_msg_rcv: 394
tot_msg_sent: 884
tot_reconf_duration: 22.65
tot_sleeping_duration: 1071783.1898400048
tot_uptimes: 279
tot_uptimes_duration: 16680.01215999527
