comms_cons: 108.27187199680485
finished_reconf: true
global_termination_time: 1090051.813
local_termination_time: 457223.3707600004
node_cons: 22432.027822233707
tot_aggregated_send: 14848
tot_msg_rcv: 628
tot_msg_sent: 981
tot_reconf_duration: 12.629999999999999
tot_sleeping_duration: 1073311.8008400048
tot_uptimes: 280
tot_uptimes_duration: 16740.01215999527
