comms_cons: 108.1122623957842
finished_reconf: true
global_termination_time: 1093044.451
local_termination_time: 614135.2393599999
node_cons: 22420.837902233718
tot_aggregated_send: 15254
tot_msg_rcv: 380
tot_msg_sent: 798
tot_reconf_duration: 4.390000000000001
tot_sleeping_duration: 1076304.4388400046
tot_uptimes: 280
tot_uptimes_duration: 16740.01215999527
