comms_cons: 110.96729599303632
finished_reconf: true
global_termination_time: 1088119.667
local_termination_time: 295271.0822400005
node_cons: 22345.212830076845
tot_aggregated_send: 14384
tot_msg_rcv: 1013
tot_msg_sent: 1470
tot_reconf_duration: 7.819999999999999
tot_sleeping_duration: 1071439.6122800023
tot_uptimes: 279
tot_uptimes_duration: 16680.054719997614
