comms_cons: 513.401292896859
finished_reconf: true
global_termination_time: 5133645.238239997
local_termination_time: 51536.804200000035
node_cons: 105610.60602940626
tot_aggregated_send: 71746
tot_msg_rcv: 2052
tot_msg_sent: 4235
tot_reconf_duration: 18.21
tot_sleeping_duration: 5054790.96128002
tot_uptimes: 1315
tot_uptimes_duration: 78854.27695997711
