comms_cons: 502.8732992596754
finished_reconf: true
global_termination_time: 5134691.867
local_termination_time: 3378223.93248
node_cons: 105601.14182334776
tot_aggregated_send: 71514
tot_msg_rcv: 1695
tot_msg_sent: 3224
tot_reconf_duration: 25.299999999999997
tot_sleeping_duration: 5055851.848760006
tot_uptimes: 1315
tot_uptimes_duration: 78840.01823999337
