comms_cons: 510.64924168573174
finished_reconf: true
global_termination_time: 5133801.566
local_termination_time: 551091.95136
node_cons: 105597.59197005
tot_aggregated_send: 71630
tot_msg_rcv: 2012
tot_msg_sent: 3973
tot_reconf_duration: 22.65
tot_sleeping_duration: 5054961.51128002
tot_uptimes: 1315
tot_uptimes_duration: 78840.05471997987
