comms_cons: 513.8490624916628
finished_reconf: true
global_termination_time: 5138299.676
local_termination_time: 117375.62735999997
node_cons: 105663.3497522833
tot_aggregated_send: 72384
tot_msg_rcv: 1830
tot_msg_sent: 3888
tot_reconf_duration: 11.899999999999999
tot_sleeping_duration: 5059399.609120025
tot_uptimes: 1316
tot_uptimes_duration: 78900.06687997491
