comms_cons: 438.37933447920545
finished_reconf: true
global_termination_time: 4354844.582
local_termination_time: 1394715.8393599999
node_cons: 89585.11046669971
tot_aggregated_send: 60842
tot_msg_rcv: 1955
tot_msg_sent: 3833
tot_reconf_duration: 4.390000000000001
tot_sleeping_duration: 4287944.545520013
tot_uptimes: 1116
tot_uptimes_duration: 66900.03647998674
