comms_cons: 433.67985286747586
finished_reconf: true
global_termination_time: 4352684.675
local_termination_time: 544671.648879998
node_cons: 89506.17464558229
tot_aggregated_send: 59682
tot_msg_rcv: 1947
tot_msg_sent: 4287
tot_reconf_duration: 5.43
tot_sleeping_duration: 4285844.644600011
tot_uptimes: 1115
tot_uptimes_duration: 66840.03039998864
