comms_cons: 172.7052543867611
finished_reconf: true
global_termination_time: 1711097.289
local_termination_time: 587889.6133599998
node_cons: 35209.784284467234
tot_aggregated_send: 23722
tot_msg_rcv: 968
tot_msg_sent: 1561
tot_reconf_duration: 15.34
tot_sleeping_duration: 1684817.2646800096
tot_uptimes: 439
tot_uptimes_duration: 26280.024319990538
