comms_cons: 170.19137279188067
finished_reconf: true
global_termination_time: 1712876.386
local_termination_time: 848932.3614799998
node_cons: 35194.8897611168
tot_aggregated_send: 23954
tot_msg_rcv: 577
tot_msg_sent: 1338
tot_reconf_duration: 4.390000000000001
tot_sleeping_duration: 1686596.3799200023
tot_uptimes: 439
tot_uptimes_duration: 26280.006079997635
