comms_cons: 170.2762751859118
finished_reconf: true
global_termination_time: 1713461.324
local_termination_time: 1184500.68236
node_cons: 35199.5558422337
tot_aggregated_send: 23548
tot_msg_rcv: 767
tot_msg_sent: 1566
tot_reconf_duration: 7.819999999999999
tot_sleeping_duration: 1687181.3118400048
tot_uptimes: 439
tot_uptimes_duration: 26280.01215999527
