comms_cons: 167.1041279912097
finished_reconf: true
global_termination_time: 1710483.15
local_termination_time: 1226968.2024399994
node_cons: 35197.37490111674
tot_aggregated_send: 23606
tot_msg_rcv: 560
tot_msg_sent: 1232
tot_reconf_duration: 6.22
tot_sleeping_duration: 1684203.1439200023
tot_uptimes: 439
tot_uptimes_duration: 26280.006079997635
