comms_cons: 170.4779519910848
finished_reconf: true
global_termination_time: 1710488.293
local_termination_time: 1077175.4793599998
node_cons: 35196.326504467186
tot_aggregated_send: 24070
tot_msg_rcv: 700
tot_msg_sent: 1141
tot_reconf_duration: 5.43
tot_sleeping_duration: 1684208.2686800095
tot_uptimes: 439
tot_uptimes_duration: 26280.024319990538
