comms_cons: 49.31831040328451
finished_reconf: true
global_termination_time: 239522.1001600003
local_termination_time: 239522.05904000028
node_cons: 4968.171349844152
tot_aggregated_send: 0
tot_msg_rcv: 3930
tot_msg_sent: 3562
tot_reconf_duration: 24.59
tot_sleeping_duration: 235836.6795999972
tot_uptimes: 62
tot_uptimes_duration: 3685.420560003091
