comms_cons: 76.85946879856407
finished_reconf: true
global_termination_time: 736600.258
local_termination_time: 94362.6111599998
node_cons: 15112.480804485744
tot_aggregated_send: 9396
tot_msg_rcv: 776
tot_msg_sent: 1511
tot_reconf_duration: 6.279999999999999
tot_sleeping_duration: 725320.2336799958
tot_uptimes: 189
tot_uptimes_duration: 11280.024320004275
