comms_cons: 74.68773119705446
finished_reconf: true
global_termination_time: 735856.803
local_termination_time: 41324.16236000001
node_cons: 15124.800566719403
tot_aggregated_send: 9048
tot_msg_rcv: 752
tot_msg_sent: 1552
tot_reconf_duration: 15.34
tot_sleeping_duration: 724576.7665200004
tot_uptimes: 189
tot_uptimes_duration: 11280.036479999544
