comms_cons: 10.397875199908126
finished_reconf: true
global_termination_time: 88707.839
local_termination_time: 28058.161360000002
node_cons: 1774.4139411202939
tot_aggregated_send: 580
tot_msg_rcv: 413
tot_msg_sent: 586
tot_reconf_duration: 5.1
tot_sleeping_duration: 87387.8329199998
tot_uptimes: 23
tot_uptimes_duration: 1320.0060800002175
