comms_cons: 117.53866239684297
finished_reconf: true
global_termination_time: 1180851.897
local_termination_time: 519631.6293600001
node_cons: 24283.55242558883
tot_aggregated_send: 15428
tot_msg_rcv: 816
tot_msg_sent: 1621
tot_reconf_duration: 15.34
tot_sleeping_duration: 1162731.8666000084
tot_uptimes: 303
tot_uptimes_duration: 18120.030399991607
