comms_cons: 114.99188479606363
finished_reconf: true
global_termination_time: 1180735.713
local_termination_time: 371916.38764000044
node_cons: 24273.348406714835
tot_aggregated_send: 15312
tot_msg_rcv: 712
tot_msg_sent: 1455
tot_reconf_duration: 7.819999999999999
tot_sleeping_duration: 1162615.676520004
tot_uptimes: 303
tot_uptimes_duration: 18120.03647999611
