comms_cons: 42.69242880068027
finished_reconf: true
global_termination_time: 419985.318
local_termination_time: 126867.3199599999
node_cons: 8600.530041119146
tot_aggregated_send: 5568
tot_msg_rcv: 281
tot_msg_sent: 639
tot_reconf_duration: 3.05
tot_sleeping_duration: 413565.3119200007
tot_uptimes: 108
tot_uptimes_duration: 6420.006079999366
