comms_cons: 42.587788800391685
finished_reconf: true
global_termination_time: 416348.831
local_termination_time: 34089.94672000002
node_cons: 8526.716547845466
tot_aggregated_send: 5336
tot_msg_rcv: 323
tot_msg_sent: 814
tot_reconf_duration: 7.819999999999999
tot_sleeping_duration: 409988.7884399959
tot_uptimes: 107
tot_uptimes_duration: 6360.042560004076
