comms_cons: 21.757414400131537
finished_reconf: true
global_termination_time: 220932.129
local_termination_time: 3442.9110800000008
node_cons: 4533.3974000000035
tot_aggregated_send: 3132
tot_msg_rcv: 82
tot_msg_sent: 93
tot_reconf_duration: 25.299999999999997
tot_sleeping_duration: 217572.129
tot_uptimes: 57
tot_uptimes_duration: 3360.0
