comms_cons: 22.133683199783224
finished_reconf: true
global_termination_time: 219368.75
local_termination_time: 24823.28136
node_cons: 4506.413940000004
tot_aggregated_send: 3016
tot_msg_rcv: 121
tot_msg_sent: 227
tot_reconf_duration: 5.43
tot_sleeping_duration: 216008.75
tot_uptimes: 57
tot_uptimes_duration: 3360.0
