comms_cons: 248.37023363672947
finished_reconf: true
global_termination_time: 514677.447
local_termination_time: 173583.69524000093
node_cons: 31151.38915896845
tot_aggregated_send: 0
tot_msg_rcv: 15298
tot_msg_sent: 22453
tot_reconf_duration: 18.21
tot_sleeping_duration: 491431.2483599937
tot_uptimes: 384
tot_uptimes_duration: 23246.198640006285
