comms_cons: 541.045472077165
finished_reconf: true
global_termination_time: 5493825.467
local_termination_time: 4132794.33736
node_cons: 112964.97394111352
tot_aggregated_send: 75168
tot_msg_rcv: 2239
tot_msg_sent: 4830
tot_reconf_duration: 5.1
tot_sleeping_duration: 5409465.460920002
tot_uptimes: 1407
tot_uptimes_duration: 84360.00607999763
