comms_cons: 13.224191999928554
finished_reconf: true
global_termination_time: 136141.843
local_termination_time: 7130.351400000004
node_cons: 2738.091980000001
tot_aggregated_send: 1856
tot_msg_rcv: 41
tot_msg_sent: 113
tot_reconf_duration: 4.8100000000000005
tot_sleeping_duration: 134101.843
tot_uptimes: 35
tot_uptimes_duration: 2040.0
