comms_cons: 39.12117759834815
finished_reconf: true
global_termination_time: 133830.65016000043
local_termination_time: 2451.8370400000013
node_cons: 5494.202813240582
tot_aggregated_send: 0
tot_msg_rcv: 1997
tot_msg_sent: 3948
tot_reconf_duration: 4.390000000000001
tot_sleeping_duration: 129731.889
tot_uptimes: 68
tot_uptimes_duration: 4098.761160000431
