comms_cons: 81.40409601017733
finished_reconf: true
global_termination_time: 528651.904
local_termination_time: 178261.35336000004
node_cons: 10850.041899999998
tot_aggregated_send: 0
tot_msg_rcv: 6278
tot_msg_sent: 6095
tot_reconf_duration: 3.05
tot_sleeping_duration: 520551.904
tot_uptimes: 136
tot_uptimes_duration: 8100.0
