comms_cons: 2226.758649894556
finished_reconf: true
global_termination_time: 7638757.964679999
local_termination_time: 7638757.923559999
node_cons: 311831.9833225256
tot_aggregated_send: 0
tot_msg_rcv: 113455
tot_msg_sent: 225002
tot_reconf_duration: 37.410000000000004
tot_sleeping_duration: 7405911.675999999
tot_uptimes: 3848
tot_uptimes_duration: 232846.28867999982
