comms_cons: 765.5586177687029
finished_reconf: true
global_termination_time: 7644020.32
local_termination_time: 1789160.83736
node_cons: 157233.9652278144
tot_aggregated_send: 105734
tot_msg_rcv: 3462
tot_msg_sent: 7163
tot_reconf_duration: 6.279999999999999
tot_sleeping_duration: 7526600.277440015
tot_uptimes: 1958
tot_uptimes_duration: 117420.04255998484
