comms_cons: 763.7771905504459
finished_reconf: true
global_termination_time: 7639704.584
local_termination_time: 1789174.9085599997
node_cons: 157152.65290669698
tot_aggregated_send: 106024
tot_msg_rcv: 3328
tot_msg_sent: 6736
tot_reconf_duration: 5.57
tot_sleeping_duration: 7522344.547520013
tot_uptimes: 1957
tot_uptimes_duration: 117360.03647998674
