comms_cons: 752.9168513610125
finished_reconf: true
global_termination_time: 7639212.151
local_termination_time: 3061760.9732799986
node_cons: 157156.06692558018
tot_aggregated_send: 105154
tot_msg_rcv: 3189
tot_msg_sent: 6095
tot_reconf_duration: 8.09
tot_sleeping_duration: 7521852.12060001
tot_uptimes: 1957
tot_uptimes_duration: 117360.03039998934
