comms_cons: 756.2588225571554
finished_reconf: true
global_termination_time: 7641557.391
local_termination_time: 3274933.5637599993
node_cons: 157165.59194446367
tot_aggregated_send: 105792
tot_msg_rcv: 3069
tot_msg_sent: 6085
tot_reconf_duration: 15.110000000000001
tot_sleeping_duration: 7524197.366680008
tot_uptimes: 1957
tot_uptimes_duration: 117360.02431999147
