comms_cons: 752.658611317686
finished_reconf: true
global_termination_time: 7645635.611
local_termination_time: 5449832.68084
node_cons: 157240.2663822292
tot_aggregated_send: 105908
tot_msg_rcv: 2908
tot_msg_sent: 5582
tot_reconf_duration: 10.95
tot_sleeping_duration: 7528215.598840004
tot_uptimes: 1958
tot_uptimes_duration: 117420.01215999573
