comms_cons: 750.4959232625893
finished_reconf: true
global_termination_time: 7642258.955
local_termination_time: 5467905.806559999
node_cons: 157241.5401999939
tot_aggregated_send: 109504
tot_msg_rcv: 1534
tot_msg_sent: 3033
tot_reconf_duration: 11.899999999999999
tot_sleeping_duration: 7524838.955
tot_uptimes: 1958
tot_uptimes_duration: 117420.0
