comms_cons: 42.95089920053016
finished_reconf: true
global_termination_time: 418250.051
local_termination_time: 14166.316480000001
node_cons: 8621.149885604886
tot_aggregated_send: 4292
tot_msg_rcv: 778
tot_msg_sent: 1461
tot_reconf_duration: 18.21
tot_sleeping_duration: 411830.0205999963
tot_uptimes: 108
tot_uptimes_duration: 6420.030400003641
