comms_cons: 41.29763840009742
finished_reconf: true
global_termination_time: 418281.801
local_termination_time: 84062.51635999998
node_cons: 8606.99956000002
tot_aggregated_send: 6032
tot_msg_rcv: 78
tot_msg_sent: 167
tot_reconf_duration: 7.819999999999999
tot_sleeping_duration: 411861.801
tot_uptimes: 108
tot_uptimes_duration: 6420.0
