comms_cons: 152.57067519759866
finished_reconf: true
global_termination_time: 1545450.774
local_termination_time: 563328.0838799991
node_cons: 31752.184860000107
tot_aggregated_send: 22156
tot_msg_rcv: 346
tot_msg_sent: 687
tot_reconf_duration: 13.17
tot_sleeping_duration: 1521750.774
tot_uptimes: 396
tot_uptimes_duration: 23700.0
