comms_cons: 158.76717438524364
finished_reconf: true
global_termination_time: 1546035.708
local_termination_time: 532894.8230799997
node_cons: 31738.515170051603
tot_aggregated_send: 20590
tot_msg_rcv: 1322
tot_msg_sent: 2218
tot_reconf_duration: 3.05
tot_sleeping_duration: 1522335.6532800214
tot_uptimes: 396
tot_uptimes_duration: 23700.05471997871
