comms_cons: 156.2566271861482
finished_reconf: true
global_termination_time: 1544152.629
local_termination_time: 964601.5293599999
node_cons: 31744.952124467472
tot_aggregated_send: 20880
tot_msg_rcv: 951
tot_msg_sent: 1919
tot_reconf_duration: 7.819999999999999
tot_sleeping_duration: 1520452.6046800094
tot_uptimes: 396
tot_uptimes_duration: 23700.02431999054
