comms_cons: 112.89969919198163
finished_reconf: true
global_termination_time: 1111791.667
local_termination_time: 9067.579960000001
node_cons: 22837.46499006532
tot_aggregated_send: 14732
tot_msg_rcv: 777
tot_msg_sent: 1651
tot_reconf_duration: 15.34
tot_sleeping_duration: 1094751.612280011
tot_uptimes: 285
tot_uptimes_duration: 17040.054719989013
