comms_cons: 113.88542079354096
finished_reconf: true
global_termination_time: 1114489.752
local_termination_time: 476039.64336000005
node_cons: 22914.841847827036
tot_aggregated_send: 14848
tot_msg_rcv: 780
tot_msg_sent: 1681
tot_reconf_duration: 13.17
tot_sleeping_duration: 1097389.70944001
tot_uptimes: 286
tot_uptimes_duration: 17100.04255999031
