comms_cons: 220.5752446780914
finished_reconf: true
global_termination_time: 1111238.7115999998
local_termination_time: 1032.4163600000004
node_cons: 22841.29561286738
tot_aggregated_send: 0
tot_msg_rcv: 17029
tot_msg_sent: 16495
tot_reconf_duration: 3.05
tot_sleeping_duration: 1094183.3316800094
tot_uptimes: 285
tot_uptimes_duration: 17055.379919990548
