comms_cons: 113.78256639104251
finished_reconf: true
global_termination_time: 1112320.921
local_termination_time: 177090.00236000004
node_cons: 22825.055606710226
tot_aggregated_send: 14848
tot_msg_rcv: 870
tot_msg_sent: 1577
tot_reconf_duration: 6.22
tot_sleeping_duration: 1095280.8845200073
tot_uptimes: 285
tot_uptimes_duration: 17040.036479992676
