comms_cons: 694.0162177494059
finished_reconf: true
global_termination_time: 7004606.329
local_termination_time: 2049319.53036
node_cons: 144070.5005666982
tot_aggregated_send: 97266
tot_msg_rcv: 2537
tot_msg_sent: 5681
tot_reconf_duration: 15.34
tot_sleeping_duration: 6897026.292520013
tot_uptimes: 1794
tot_uptimes_duration: 107580.0364799872
