comms_cons: 698.7411649800137
finished_reconf: true
global_termination_time: 7003818.341
local_termination_time: 3293275.2989599993
node_cons: 144084.01810558068
tot_aggregated_send: 97208
tot_msg_rcv: 3152
tot_msg_sent: 5844
tot_reconf_duration: 25.299999999999997
tot_sleeping_duration: 6896238.310600011
tot_uptimes: 1794
tot_uptimes_duration: 107580.03039998934
