comms_cons: 679.8089984268145
finished_reconf: true
global_termination_time: 7003454.206
local_termination_time: 4573902.29948
node_cons: 144065.78019999448
tot_aggregated_send: 101210
tot_msg_rcv: 704
tot_msg_sent: 1413
tot_reconf_duration: 11.899999999999999
tot_sleeping_duration: 6895874.206
tot_uptimes: 1794
tot_uptimes_duration: 107580.0
