comms_cons: 83.78015999951478
finished_reconf: true
global_termination_time: 856693.143
local_termination_time: 156316.42036000005
node_cons: 17625.226841116848
tot_aggregated_send: 12470
tot_msg_rcv: 109
tot_msg_sent: 155
tot_reconf_duration: 22.65
tot_sleeping_duration: 843553.1369200024
tot_uptimes: 220
tot_uptimes_duration: 13140.006079997635
