comms_cons: 82.93081599949504
finished_reconf: true
global_termination_time: 857069.195
local_termination_time: 614044.7303599998
node_cons: 17615.291719999983
tot_aggregated_send: 12470
tot_msg_rcv: 31
tot_msg_sent: 104
tot_reconf_duration: 15.34
tot_sleeping_duration: 843929.195
tot_uptimes: 220
tot_uptimes_duration: 13140.0
