comms_cons: 85.39527039985971
finished_reconf: true
global_termination_time: 856877.032
local_termination_time: 160984.84536000004
node_cons: 17598.61004112144
tot_aggregated_send: 12064
tot_msg_rcv: 279
tot_msg_sent: 636
tot_reconf_duration: 3.05
tot_sleeping_duration: 843737.0259199989
tot_uptimes: 220
tot_uptimes_duration: 13140.006080001069
