comms_cons: 84.1345088000044
finished_reconf: true
global_termination_time: 855814.635
local_termination_time: 294778.4548000007
node_cons: 17601.833940000015
tot_aggregated_send: 12238
tot_msg_rcv: 157
tot_msg_sent: 392
tot_reconf_duration: 5.43
tot_sleeping_duration: 842674.635
tot_uptimes: 220
tot_uptimes_duration: 13140.0
