comms_cons: 423.2544896730479
finished_reconf: true
global_termination_time: 4161642.008
local_termination_time: 838805.0213599999
node_cons: 85573.15949005046
tot_aggregated_send: 56956
tot_msg_rcv: 2557
tot_msg_sent: 4820
tot_reconf_duration: 8.09
tot_sleeping_duration: 4097741.9532800205
tot_uptimes: 1066
tot_uptimes_duration: 63900.05471997964
