comms_cons: 421.8754560901229
finished_reconf: true
global_termination_time: 4163639.03
local_termination_time: 1536064.384999999
node_cons: 85659.63224558334
tot_aggregated_send: 57478
tot_msg_rcv: 2297
tot_msg_sent: 4346
tot_reconf_duration: 12.629999999999999
tot_sleeping_duration: 4099678.9996000105
tot_uptimes: 1067
tot_uptimes_duration: 63960.030399989104
