comms_cons: 166.63257593986438
finished_reconf: true
global_termination_time: 842337.22
local_termination_time: 3442.76036
node_cons: 17297.87802671713
tot_aggregated_send: 0
tot_msg_rcv: 12862
tot_msg_sent: 12463
tot_reconf_duration: 18.21
tot_sleeping_duration: 829437.1835200022
tot_uptimes: 216
tot_uptimes_duration: 12900.036479997842
