comms_cons: 82.33210879783616
finished_reconf: true
global_termination_time: 839199.024
local_termination_time: 604289.6245599994
node_cons: 17199.685799999992
tot_aggregated_send: 12180
tot_msg_rcv: 106
tot_msg_sent: 228
tot_reconf_duration: 5.1
tot_sleeping_duration: 826359.024
tot_uptimes: 215
tot_uptimes_duration: 12840.0
