comms_cons: 219.77222398881426
finished_reconf: true
global_termination_time: 2227127.671
local_termination_time: 466967.7918800005
node_cons: 45797.974464466875
tot_aggregated_send: 31378
tot_msg_rcv: 664
tot_msg_sent: 1362
tot_reconf_duration: 3.05
tot_sleeping_duration: 2192927.6466800096
tot_uptimes: 571
tot_uptimes_duration: 34200.02431999054
