comms_cons: 366.2634941036751
finished_reconf: true
global_termination_time: 2228881.711
local_termination_time: 1726868.59036
node_cons: 45809.16712111639
tot_aggregated_send: 0
tot_msg_rcv: 27983
tot_msg_sent: 27687
tot_reconf_duration: 11.31
tot_sleeping_duration: 2194681.7049200023
tot_uptimes: 571
tot_uptimes_duration: 34200.006079997635
