comms_cons: 2.276403199992478
finished_reconf: true
global_termination_time: 16933.061
local_termination_time: 10074.93236
node_cons: 333.7313800000008
tot_aggregated_send: 0
tot_msg_rcv: 178
tot_msg_sent: 168
tot_reconf_duration: 9.11
tot_sleeping_duration: 16693.061
tot_uptimes: 5
tot_uptimes_duration: 240.0
