comms_cons: 2.329036799994415
finished_reconf: true
global_termination_time: 18687.515
local_termination_time: 6121.284360000001
node_cons: 327.89198000000056
tot_aggregated_send: 0
tot_msg_rcv: 182
tot_msg_sent: 172
tot_reconf_duration: 4.8100000000000005
tot_sleeping_duration: 18447.515
tot_uptimes: 5
tot_uptimes_duration: 240.0
