comms_cons: 2.261222399991807
finished_reconf: true
global_termination_time: 18174.177
local_termination_time: 9165.50436
node_cons: 338.51154000000145
tot_aggregated_send: 0
tot_msg_rcv: 179
tot_msg_sent: 165
tot_reconf_duration: 12.629999999999999
tot_sleeping_duration: 17934.177
tot_uptimes: 5
tot_uptimes_duration: 240.0
