comms_cons: 201.48121597348265
finished_reconf: true
global_termination_time: 1979288.875
local_termination_time: 1323988.68836
node_cons: 40662.740971168125
tot_aggregated_send: 26390
tot_msg_rcv: 1269
tot_msg_sent: 2967
tot_reconf_duration: 7.819999999999999
tot_sleeping_duration: 1948928.8142000237
tot_uptimes: 507
tot_uptimes_duration: 30360.060799976345
