comms_cons: 196.10684159444455
finished_reconf: true
global_termination_time: 1978458.437
local_termination_time: 299036.39148000005
node_cons: 40659.4139399997
tot_aggregated_send: 28594
tot_msg_rcv: 464
tot_msg_sent: 749
tot_reconf_duration: 5.43
tot_sleeping_duration: 1948098.437
tot_uptimes: 507
tot_uptimes_duration: 30360.0
