comms_cons: 80.15999999988992
finished_reconf: true
global_termination_time: 822408.7875999999
local_termination_time: 710816.2044799998
node_cons: 16913.832918399876
tot_aggregated_send: 12122
tot_msg_rcv: 13
tot_msg_sent: 48
tot_reconf_duration: 15.110000000000001
tot_sleeping_duration: 809792.422
tot_uptimes: 211
tot_uptimes_duration: 12616.365599999903
