comms_cons: 81.47023359976423
finished_reconf: true
global_termination_time: 826870.959
local_termination_time: 57168.261800000146
node_cons: 16967.09898000002
tot_aggregated_send: 11832
tot_msg_rcv: 155
tot_msg_sent: 396
tot_reconf_duration: 11.31
tot_sleeping_duration: 814210.959
tot_uptimes: 212
tot_uptimes_duration: 12660.0
