comms_cons: 81.51628799720494
finished_reconf: true
global_termination_time: 822867.451
local_termination_time: 203275.70160000055
node_cons: 16878.773940000017
tot_aggregated_send: 11832
tot_msg_rcv: 214
tot_msg_sent: 344
tot_reconf_duration: 5.43
tot_sleeping_duration: 810267.451
tot_uptimes: 211
tot_uptimes_duration: 12600.0
