comms_cons: 157.568428785022
finished_reconf: true
global_termination_time: 1567889.391
local_termination_time: 1289124.5035599996
node_cons: 32250.713682233778
tot_aggregated_send: 21808
tot_msg_rcv: 711
tot_msg_sent: 1430
tot_reconf_duration: 25.299999999999997
tot_sleeping_duration: 1543829.3788400048
tot_uptimes: 402
tot_uptimes_duration: 24060.01215999527
