comms_cons: 159.39553278763103
finished_reconf: true
global_termination_time: 1565144.006
local_termination_time: 693483.3136399991
node_cons: 32142.564544467456
tot_aggregated_send: 21460
tot_msg_rcv: 1025
tot_msg_sent: 1744
tot_reconf_duration: 4.8100000000000005
tot_sleeping_duration: 1541143.9816800095
tot_uptimes: 401
tot_uptimes_duration: 24000.024319990538
