comms_cons: 158.2902271843126
finished_reconf: true
global_termination_time: 1565108.8168399988
local_termination_time: 72448.58175999975
node_cons: 32204.697997585525
tot_aggregated_send: 21576
tot_msg_rcv: 824
tot_msg_sent: 1660
tot_reconf_duration: 5.43
tot_sleeping_duration: 1541063.0184400096
tot_uptimes: 401
tot_uptimes_duration: 24045.798399989144
