comms_cons: 51.83230720372593
finished_reconf: true
global_termination_time: 255075.849
local_termination_time: 982.9100399999995
node_cons: 5246.861744483449
tot_aggregated_send: 0
tot_msg_rcv: 4103
tot_msg_sent: 3771
tot_reconf_duration: 18.21
tot_sleeping_duration: 251175.82467999743
tot_uptimes: 66
tot_uptimes_duration: 3900.0243200025725
