comms_cons: 24.54041600002047
finished_reconf: true
global_termination_time: 250477.039
local_termination_time: 37579.31112000009
node_cons: 5172.518699999997
tot_aggregated_send: 3654
tot_msg_rcv: 39
tot_msg_sent: 37
tot_reconf_duration: 22.65
tot_sleeping_duration: 246637.039
tot_uptimes: 65
tot_uptimes_duration: 3840.0
