comms_cons: 210.3041279788462
finished_reconf: true
global_termination_time: 2094336.927
local_termination_time: 188814.91548000005
node_cons: 43087.09943788272
tot_aggregated_send: 28014
tot_msg_rcv: 1216
tot_msg_sent: 2735
tot_reconf_duration: 18.21
tot_sleeping_duration: 2062176.8297200275
tot_uptimes: 537
tot_uptimes_duration: 32160.097279972455
