comms_cons: 13.125503999742755
finished_reconf: true
global_termination_time: 135258.557
local_termination_time: 90700.41047999996
node_cons: 2756.2973211191606
tot_aggregated_send: 1508
tot_msg_rcv: 207
tot_msg_sent: 280
tot_reconf_duration: 18.21
tot_sleeping_duration: 133218.55092000065
tot_uptimes: 35
tot_uptimes_duration: 2040.0060799993662
