comms_cons: 0.7631872000017017
finished_reconf: true
global_termination_time: 5110.816
local_termination_time: 1588.0763600000002
node_cons: 92.71137999999986
tot_aggregated_send: 0
tot_msg_rcv: 65
tot_msg_sent: 51
tot_reconf_duration: 9.11
tot_sleeping_duration: 5050.816
tot_uptimes: 2
tot_uptimes_duration: 60.0
