comms_cons: 0.8816127999995282
finished_reconf: true
global_termination_time: 4828.789
local_termination_time: 523.3733599999999
node_cons: 95.69898000000008
tot_aggregated_send: 0
tot_msg_rcv: 86
tot_msg_sent: 48
tot_reconf_duration: 11.31
tot_sleeping_duration: 4768.789
tot_uptimes: 2
tot_uptimes_duration: 60.00000000000006
