comms_cons: 64.08252160044162
finished_reconf: true
global_termination_time: 614593.816
local_termination_time: 185833.0737200001
node_cons: 12621.932663364309
tot_aggregated_send: 8004
tot_msg_rcv: 635
tot_msg_sent: 1102
tot_reconf_duration: 6.279999999999999
tot_sleeping_duration: 605173.7977599967
tot_uptimes: 158
tot_uptimes_duration: 9420.018240003206
