comms_cons: 61.462886400109376
finished_reconf: true
global_termination_time: 613400.38
local_termination_time: 291864.7603600001
node_cons: 12628.290805607186
tot_aggregated_send: 8642
tot_msg_rcv: 241
tot_msg_sent: 459
tot_reconf_duration: 10.95
tot_sleeping_duration: 603980.3495999947
tot_uptimes: 158
tot_uptimes_duration: 9420.030400005344
