comms_cons: 516.0151165234572
finished_reconf: true
global_termination_time: 1068578.574
local_termination_time: 360186.53580000123
node_cons: 64776.867210835175
tot_aggregated_send: 0
tot_msg_rcv: 31711
tot_msg_sent: 46720
tot_reconf_duration: 18.21
tot_sleeping_duration: 1020219.9944400026
tot_uptimes: 796
tot_uptimes_duration: 48358.57955999732
