comms_cons: 110.97225598881738
finished_reconf: true
global_termination_time: 1073178.535
local_termination_time: 260476.52536000006
node_cons: 22025.56394447658
tot_aggregated_send: 14094
tot_msg_rcv: 973
tot_msg_sent: 1800
tot_reconf_duration: 9.11
tot_sleeping_duration: 1056738.5106800024
tot_uptimes: 275
tot_uptimes_duration: 16440.024319997407
