comms_cons: 111.01745918722546
finished_reconf: true
global_termination_time: 1072654.116
local_termination_time: 375890.7745600002
node_cons: 22021.64746559795
tot_aggregated_send: 14036
tot_msg_rcv: 981
tot_msg_sent: 1856
tot_reconf_duration: 6.22
tot_sleeping_duration: 1056214.0856000015
tot_uptimes: 275
tot_uptimes_duration: 16440.030399998475
