comms_cons: 108.69168639276945
finished_reconf: true
global_termination_time: 1068147.153
local_termination_time: 366772.5263600001
node_cons: 21953.700566724056
tot_aggregated_send: 14268
tot_msg_rcv: 693
tot_msg_sent: 1559
tot_reconf_duration: 15.34
tot_sleeping_duration: 1051767.116519997
tot_uptimes: 274
tot_uptimes_duration: 16380.036480002978
