comms_cons: 53.6145280010552
finished_reconf: true
global_termination_time: 525837.589
local_termination_time: 27937.897360000003
node_cons: 10783.461142242879
tot_aggregated_send: 7250
tot_msg_rcv: 387
tot_msg_sent: 512
tot_reconf_duration: 13.17
tot_sleeping_duration: 517797.5768399979
tot_uptimes: 135
tot_uptimes_duration: 8040.0121600021375
