comms_cons: 54.45603840072048
finished_reconf: true
global_termination_time: 525161.09
local_termination_time: 36020.86164000009
node_cons: 10771.521620000023
tot_aggregated_send: 6960
tot_msg_rcv: 507
tot_msg_sent: 810
tot_reconf_duration: 4.390000000000001
tot_sleeping_duration: 517121.08999999997
tot_uptimes: 135
tot_uptimes_duration: 8040.0
