comms_cons: 51.96314880045356
finished_reconf: true
global_termination_time: 526715.624
local_termination_time: 34338.903
node_cons: 10780.935262242872
tot_aggregated_send: 7413
tot_msg_rcv: 134
tot_msg_sent: 352
tot_reconf_duration: 11.31
tot_sleeping_duration: 518675.6118399978
tot_uptimes: 135
tot_uptimes_duration: 8040.0121600021375
