comms_cons: 158.398732797925
finished_reconf: true
global_termination_time: 1622002.67
local_termination_time: 406890.1623600001
node_cons: 33351.719560000034
tot_aggregated_send: 23142
tot_msg_rcv: 300
tot_msg_sent: 633
tot_reconf_duration: 7.819999999999999
tot_sleeping_duration: 1597102.67
tot_uptimes: 416
tot_uptimes_duration: 24900.0
