comms_cons: 201.95443202652623
finished_reconf: true
global_termination_time: 419205.783
local_termination_time: 196607.5686000001
node_cons: 25389.89287972858
tot_aggregated_send: 0
tot_msg_rcv: 12400
tot_msg_sent: 18295
tot_reconf_duration: 18.21
tot_sleeping_duration: 400262.4195199936
tot_uptimes: 311
tot_uptimes_duration: 18943.36348000639
