comms_cons: 42.12066560024245
finished_reconf: true
global_termination_time: 421126.348
local_termination_time: 144112.51736000006
node_cons: 8611.755262242868
tot_aggregated_send: 5858
tot_msg_rcv: 202
tot_msg_sent: 342
tot_reconf_duration: 11.31
tot_sleeping_duration: 414706.33583999786
tot_uptimes: 108
tot_uptimes_duration: 6420.0121600021375
