comms_cons: 45.9857152026227
finished_reconf: true
global_termination_time: 322200.8368000002
local_termination_time: 322200.7956800002
node_cons: 6668.632514379153
tot_aggregated_send: 1830
tot_msg_rcv: 2157
tot_msg_sent: 3008
tot_reconf_duration: 37.410000000000004
tot_sleeping_duration: 317258.4695599859
tot_uptimes: 83
tot_uptimes_duration: 4942.367240014295
