comms_cons: 620.8803265366354
finished_reconf: true
global_termination_time: 6175061.093
local_termination_time: 266463.8124800001
node_cons: 127024.16153228297
tot_aggregated_send: 86072
tot_msg_rcv: 2766
tot_msg_sent: 5530
tot_reconf_duration: 4.8100000000000005
tot_sleeping_duration: 6080201.026120026
tot_uptimes: 1582
tot_uptimes_duration: 94860.06687997538
