comms_cons: 85.63391359718486
finished_reconf: true
global_termination_time: 828688.2108399977
local_termination_time: 828688.2108399977
node_cons: 17159.81958848103
tot_aggregated_send: 11006
tot_msg_rcv: 660
tot_msg_sent: 1351
tot_reconf_duration: 24.59
tot_sleeping_duration: 815897.7505199971
tot_uptimes: 213
tot_uptimes_duration: 12790.46032000074
