comms_cons: 83.33628159769103
finished_reconf: true
global_termination_time: 830718.118
local_termination_time: 216327.61336000008
node_cons: 17066.469964471977
tot_aggregated_send: 11368
tot_msg_rcv: 388
tot_msg_sent: 911
tot_reconf_duration: 25.299999999999997
tot_sleeping_duration: 817998.093680006
tot_uptimes: 213
tot_uptimes_duration: 12720.024319993972
