comms_cons: 82.06956799706269
finished_reconf: true
global_termination_time: 828941.266
local_termination_time: 525983.3083599999
node_cons: 17049.981142233744
tot_aggregated_send: 11832
tot_msg_rcv: 188
tot_msg_sent: 455
tot_reconf_duration: 13.17
tot_sleeping_duration: 816221.2538400047
tot_uptimes: 213
tot_uptimes_duration: 12720.012159995269
