comms_cons: 82.56300799677763
finished_reconf: true
global_termination_time: 829553.946
local_termination_time: 212838.12876000087
node_cons: 17038.65268559338
tot_aggregated_send: 11078
tot_msg_rcv: 388
tot_msg_sent: 1084
tot_reconf_duration: 4.8100000000000005
tot_sleeping_duration: 816833.915600005
tot_uptimes: 213
tot_uptimes_duration: 12720.030399995041
