comms_cons: 2.480358399996024
finished_reconf: true
global_termination_time: 14163.761240000013
local_termination_time: 5590.150360000001
node_cons: 330.88393936001654
tot_aggregated_send: 0
tot_msg_rcv: 211
tot_msg_sent: 166
tot_reconf_duration: 11.31
tot_sleeping_duration: 13928.119
tot_uptimes: 4
tot_uptimes_duration: 235.64224000001195
