comms_cons: 531.0796160790094
finished_reconf: true
global_termination_time: 5339753.007
local_termination_time: 1221735.7966399982
node_cons: 109852.00282053983
tot_aggregated_send: 73660
tot_msg_rcv: 2477
tot_msg_sent: 4583
tot_reconf_duration: 15.34
tot_sleeping_duration: 5257728.233960013
tot_uptimes: 1368
tot_uptimes_duration: 82024.77303998731
