comms_cons: 538.0346049160433
finished_reconf: true
global_termination_time: 5337290.767
local_termination_time: 158503.64532000065
node_cons: 109775.95293189492
tot_aggregated_send: 73834
tot_msg_rcv: 2728
tot_msg_sent: 5215
tot_reconf_duration: 22.65
tot_sleeping_duration: 5255330.203720016
tot_uptimes: 1367
tot_uptimes_duration: 81960.56327998373
