comms_cons: 535.2886016995145
finished_reconf: true
global_termination_time: 5338950.575
local_termination_time: 518569.94636
node_cons: 109830.81489004938
tot_aggregated_send: 74530
tot_msg_rcv: 2412
tot_msg_sent: 4418
tot_reconf_duration: 4.390000000000001
tot_sleeping_duration: 5256930.52028002
tot_uptimes: 1368
tot_uptimes_duration: 82020.05471997964
