comms_cons: 86.45692159586142
finished_reconf: true
global_termination_time: 854751.35024
local_termination_time: 155213.7042800008
node_cons: 17573.42001759855
tot_aggregated_send: 11252
tot_msg_rcv: 543
tot_msg_sent: 1345
tot_reconf_duration: 18.21
tot_sleeping_duration: 841645.5318400011
tot_uptimes: 219
tot_uptimes_duration: 13105.818399998912
