comms_cons: 86.11779199634694
finished_reconf: true
global_termination_time: 856495.839
local_termination_time: 548436.4449599996
node_cons: 17615.324284471906
tot_aggregated_send: 10788
tot_msg_rcv: 792
tot_msg_sent: 1509
tot_reconf_duration: 15.34
tot_sleeping_duration: 843355.8146800061
tot_uptimes: 220
tot_uptimes_duration: 13140.024319993972
