comms_cons: 88.35207679799883
finished_reconf: true
global_termination_time: 857976.705
local_termination_time: 555468.4707999994
node_cons: 17601.41836447192
tot_aggregated_send: 11194
tot_msg_rcv: 756
tot_msg_sent: 1479
tot_reconf_duration: 5.1
tot_sleeping_duration: 844836.680680006
tot_uptimes: 220
tot_uptimes_duration: 13140.024319993972
