comms_cons: 13.875814399717378
finished_reconf: true
global_termination_time: 122619.588
local_termination_time: 2410.7141200000005
node_cons: 2525.0141467171884
tot_aggregated_send: 870
tot_msg_rcv: 530
tot_msg_sent: 710
tot_reconf_duration: 25.35
tot_sleeping_duration: 120759.5515200021
tot_uptimes: 32
tot_uptimes_duration: 1860.0364799978997
