comms_cons: 11.501004800155226
finished_reconf: true
global_termination_time: 81273.525
local_termination_time: 21331.25236
node_cons: 1641.1655411202898
tot_aggregated_send: 406
tot_msg_rcv: 664
tot_msg_sent: 679
tot_reconf_duration: 25.299999999999997
tot_sleeping_duration: 80073.51891999977
tot_uptimes: 21
tot_uptimes_duration: 1200.0060800002175
