comms_cons: 9.193023999974335
finished_reconf: true
global_termination_time: 81177.897
local_termination_time: 38374.22768000005
node_cons: 1619.6167833597312
tot_aggregated_send: 580
tot_msg_rcv: 296
tot_msg_sent: 523
tot_reconf_duration: 9.42
tot_sleeping_duration: 79977.8787600002
tot_uptimes: 21
tot_uptimes_duration: 1200.0182399998012
