comms_cons: 280.4562175949157
finished_reconf: true
global_termination_time: 2769349.768279999
local_termination_time: 2769349.727159999
node_cons: 57066.67304733117
tot_aggregated_send: 38221
tot_msg_rcv: 1513
tot_msg_sent: 2891
tot_reconf_duration: 48.65
tot_sleeping_duration: 2726780.2340400196
tot_uptimes: 710
tot_uptimes_duration: 42569.53423997937
