comms_cons: 275.79060480912926
finished_reconf: true
global_termination_time: 2769891.3
local_termination_time: 7195.491
node_cons: 56969.09658893921
tot_aggregated_send: 37752
tot_msg_rcv: 1422
tot_msg_sent: 2743
tot_reconf_duration: 5.87
tot_sleeping_duration: 2727351.2513600145
tot_uptimes: 710
tot_uptimes_duration: 42540.04863998521
