comms_cons: 274.5687808040432
finished_reconf: true
global_termination_time: 2770579.808
local_termination_time: 5818.936000000001
node_cons: 56964.870506704916
tot_aggregated_send: 38856
tot_msg_rcv: 975
tot_msg_sent: 1901
tot_reconf_duration: 2.77
tot_sleeping_duration: 2728039.7715200107
tot_uptimes: 710
tot_uptimes_duration: 42540.036479989474
