comms_cons: 193.47989758269009
finished_reconf: true
global_termination_time: 1963224.329
local_termination_time: 6026.715999999999
node_cons: 40365.21113453234
tot_aggregated_send: 26307
tot_msg_rcv: 1143
tot_msg_sent: 1958
tot_reconf_duration: 25.35
tot_sleeping_duration: 1933104.2499600204
tot_uptimes: 503
tot_uptimes_duration: 30120.07903997955
