comms_cons: 190.90269438299498
finished_reconf: true
global_termination_time: 1967011.233
local_termination_time: 4207.418
node_cons: 40421.34617005121
tot_aggregated_send: 26730
tot_msg_rcv: 719
tot_msg_sent: 1567
tot_reconf_duration: 7.55
tot_sleeping_duration: 1936831.1782800213
tot_uptimes: 504
tot_uptimes_duration: 30180.054719978707
