comms_cons: 303.18111357558973
finished_reconf: true
global_termination_time: 627636.8663199985
local_termination_time: 627636.8251999986
node_cons: 38057.600354681264
tot_aggregated_send: 0
tot_msg_rcv: 18651
tot_msg_sent: 27431
tot_reconf_duration: 24.59
tot_sleeping_duration: 599239.4001999975
tot_uptimes: 461
tot_uptimes_duration: 28397.466120001052
