comms_cons: 124.79928958972805
finished_reconf: true
global_termination_time: 631796.69
local_termination_time: 156.76904000000007
node_cons: 12959.493603359711
tot_aggregated_send: 0
tot_msg_rcv: 9631
tot_msg_sent: 9337
tot_reconf_duration: 18.21
tot_sleeping_duration: 622136.6717600002
tot_uptimes: 162
tot_uptimes_duration: 9660.018239999772
