comms_cons: 63.558195199074
finished_reconf: true
global_termination_time: 632266.468
local_termination_time: 172924.66052000038
node_cons: 12942.32848335972
tot_aggregated_send: 8526
tot_msg_rcv: 322
tot_msg_sent: 812
tot_reconf_duration: 5.57
tot_sleeping_duration: 622606.4497600002
tot_uptimes: 162
tot_uptimes_duration: 9660.018239999772
