comms_cons: 61.23324160021983
finished_reconf: true
global_termination_time: 632260.358
local_termination_time: 545215.9323199996
node_cons: 12952.633001121505
tot_aggregated_send: 8700
tot_msg_rcv: 183
tot_msg_sent: 425
tot_reconf_duration: 13.17
tot_sleeping_duration: 622600.351919999
tot_uptimes: 162
tot_uptimes_duration: 9660.006080001069
