comms_cons: 124.70213119069503
finished_reconf: true
global_termination_time: 627637.4663199986
local_termination_time: 374.17335999999995
node_cons: 12924.561849599628
tot_aggregated_send: 0
tot_msg_rcv: 9632
tot_msg_sent: 9319
tot_reconf_duration: 4.390000000000001
tot_sleeping_duration: 617989.519919999
tot_uptimes: 161
tot_uptimes_duration: 9647.94639999971
