comms_cons: 63.941151999705156
finished_reconf: true
global_termination_time: 630516.099
local_termination_time: 4543.51072
node_cons: 12938.9144644857
tot_aggregated_send: 8352
tot_msg_rcv: 432
tot_msg_sent: 933
tot_reconf_duration: 3.05
tot_sleeping_duration: 620856.0746799958
tot_uptimes: 162
tot_uptimes_duration: 9660.024320004246
