comms_cons: 64.32483840136372
finished_reconf: true
global_termination_time: 629062.923
local_termination_time: 192303.26936000006
node_cons: 12943.20304224288
tot_aggregated_send: 8526
tot_msg_rcv: 438
tot_msg_sent: 813
tot_reconf_duration: 6.22
tot_sleeping_duration: 619402.9108399978
tot_uptimes: 162
tot_uptimes_duration: 9660.012160002138
