comms_cons: 20.7179008002738
finished_reconf: true
global_termination_time: 210177.434
local_termination_time: 146496.75348000007
node_cons: 4266.466760000004
tot_aggregated_send: 2958
tot_msg_rcv: 80
tot_msg_sent: 111
tot_reconf_duration: 6.22
tot_sleeping_duration: 206997.434
tot_uptimes: 54
tot_uptimes_duration: 3180.0
