comms_cons: 17.534195200044937
finished_reconf: true
global_termination_time: 162630.0823200002
local_termination_time: 162630.04120000018
node_cons: 3355.5600898411567
tot_aggregated_send: 1798
tot_msg_rcv: 272
tot_msg_sent: 594
tot_reconf_duration: 24.59
tot_sleeping_duration: 160149.00175999934
tot_uptimes: 42
tot_uptimes_duration: 2481.0805600008534
