comms_cons: 16.803276800119697
finished_reconf: true
global_termination_time: 163388.02
local_termination_time: 1885.7488400000027
node_cons: 3309.2989800000014
tot_aggregated_send: 2030
tot_msg_rcv: 184
tot_msg_sent: 340
tot_reconf_duration: 11.31
tot_sleeping_duration: 160928.02
tot_uptimes: 42
tot_uptimes_duration: 2460.0
