comms_cons: 1.3224191999956318
finished_reconf: true
global_termination_time: 9544.23748
local_termination_time: 9544.19636
node_cons: 229.83307872000086
tot_aggregated_send: 0
tot_msg_rcv: 103
tot_msg_sent: 97
tot_reconf_duration: 37.410000000000004
tot_sleeping_duration: 9410.533
tot_uptimes: 3
tot_uptimes_duration: 133.70448000000033
