comms_cons: 1.4211071999979448
finished_reconf: true
global_termination_time: 11288.864
local_termination_time: 6596.589360000001
node_cons: 195.03740000000025
tot_aggregated_send: 0
tot_msg_rcv: 123
tot_msg_sent: 92
tot_reconf_duration: 25.299999999999997
tot_sleeping_duration: 11168.864
tot_uptimes: 3
tot_uptimes_duration: 120.0
