comms_cons: 0.756608000001687
finished_reconf: true
global_termination_time: 6979.477
local_termination_time: 1679.0843600000003
node_cons: 86.30162000000013
tot_aggregated_send: 0
tot_msg_rcv: 60
tot_msg_sent: 54
tot_reconf_duration: 4.390000000000001
tot_sleeping_duration: 6919.477
tot_uptimes: 2
tot_uptimes_duration: 60.0
