comms_cons: 5.67127039999429
finished_reconf: true
global_termination_time: 3101.104720000002
local_termination_time: 3101.063600000002
node_cons: 728.4074900800031
tot_aggregated_send: 0
tot_msg_rcv: 364
tot_msg_sent: 496
tot_reconf_duration: 24.59
tot_sleeping_duration: 2582.0499999999997
tot_uptimes: 9
tot_uptimes_duration: 519.0547200000021
