comms_cons: 54.35075200102969
finished_reconf: true
global_termination_time: 526016.702
local_termination_time: 22015.5046
node_cons: 10796.35126448232
tot_aggregated_send: 6786
tot_msg_rcv: 501
tot_msg_sent: 974
tot_reconf_duration: 22.65
tot_sleeping_duration: 517976.6776799983
tot_uptimes: 135
tot_uptimes_duration: 8040.024320001721
