comms_cons: 326.7035968125052
finished_reconf: true
global_termination_time: 3258328.309
local_termination_time: 1454295.1007199995
node_cons: 67090.82579999838
tot_aggregated_send: 46110
tot_msg_rcv: 1287
tot_msg_sent: 2260
tot_reconf_duration: 5.1
tot_sleeping_duration: 3208228.309
tot_uptimes: 835
tot_uptimes_duration: 50100.0
