comms_cons: 323.3347840111125
finished_reconf: true
global_termination_time: 3258598.277
local_termination_time: 1422759.373599999
node_cons: 67019.72019999876
tot_aggregated_send: 46748
tot_msg_rcv: 804
tot_msg_sent: 1593
tot_reconf_duration: 11.899999999999999
tot_sleeping_duration: 3208558.277
tot_uptimes: 835
tot_uptimes_duration: 50040.0
