comms_cons: 329.796345640442
finished_reconf: true
global_termination_time: 3263547.166
local_termination_time: 1262389.7623599996
node_cons: 67088.13959340125
tot_aggregated_send: 44776
tot_msg_rcv: 1797
tot_msg_sent: 3556
tot_reconf_duration: 3.05
tot_sleeping_duration: 3213447.0930400277
tot_uptimes: 836
tot_uptimes_duration: 50100.07295997231
