comms_cons: 289.78893441292917
finished_reconf: true
global_termination_time: 2857229.782
local_termination_time: 1392140.1996799994
node_cons: 58737.1170867006
tot_aggregated_send: 38454
tot_msg_rcv: 1928
tot_msg_sent: 3663
tot_reconf_duration: 6.279999999999999
tot_sleeping_duration: 2813369.745520014
tot_uptimes: 732
tot_uptimes_duration: 43860.03647998627
