comms_cons: 294.26575363712533
finished_reconf: true
global_termination_time: 2857098.348
local_termination_time: 868510.951
node_cons: 58738.625879002524
tot_aggregated_send: 37987
tot_msg_rcv: 2317
tot_msg_sent: 4423
tot_reconf_duration: 5.57
tot_sleeping_duration: 2813236.4646400274
tot_uptimes: 732
tot_uptimes_duration: 43861.88335997285
