comms_cons: 283.3464064073252
finished_reconf: true
global_termination_time: 2853259.706
local_termination_time: 1202963.6889199996
node_cons: 58663.07009999918
tot_aggregated_send: 41064
tot_msg_rcv: 737
tot_msg_sent: 1266
tot_reconf_duration: 10.95
tot_sleeping_duration: 2809459.706
tot_uptimes: 731
tot_uptimes_duration: 43800.0
