comms_cons: 288.48914561291247
finished_reconf: true
global_termination_time: 2857442.471
local_termination_time: 1325362.1724799997
node_cons: 58732.74702893397
tot_aggregated_send: 38686
tot_msg_rcv: 1904
tot_msg_sent: 3258
tot_reconf_duration: 3.05
tot_sleeping_duration: 2813582.4223600184
tot_uptimes: 732
tot_uptimes_duration: 43860.04863998154
