comms_cons: 196.0933247942685
finished_reconf: true
global_termination_time: 1986581.151
local_termination_time: 764999.5083599999
node_cons: 40820.284059999634
tot_aggregated_send: 28536
tot_msg_rcv: 458
tot_msg_sent: 811
tot_reconf_duration: 5.57
tot_sleeping_duration: 1956101.151
tot_uptimes: 509
tot_uptimes_duration: 30480.0
