comms_cons: 196.6851839942208
finished_reconf: true
global_termination_time: 1985005.212
local_termination_time: 447696.38548000006
node_cons: 40847.07739999969
tot_aggregated_send: 28652
tot_msg_rcv: 455
tot_msg_sent: 788
tot_reconf_duration: 25.299999999999997
tot_sleeping_duration: 1954525.212
tot_uptimes: 509
tot_uptimes_duration: 30480.0
