comms_cons: 197.30077439080753
finished_reconf: true
global_termination_time: 1984979.84112
local_termination_time: 1984979.8
node_cons: 40860.273734160786
tot_aggregated_send: 28348
tot_msg_rcv: 531
tot_msg_sent: 1109
tot_reconf_duration: 24.59
tot_sleeping_duration: 1954489.2656799993
tot_uptimes: 509
tot_uptimes_duration: 30490.5754400008
