comms_cons: 193.04030719739544
finished_reconf: true
global_termination_time: 1985899.179
local_termination_time: 1486358.9743599999
node_cons: 40833.551719999814
tot_aggregated_send: 28884
tot_msg_rcv: 160
tot_msg_sent: 297
tot_reconf_duration: 15.34
tot_sleeping_duration: 1955419.179
tot_uptimes: 509
tot_uptimes_duration: 30480.0
