comms_cons: 91.43114239798096
finished_reconf: true
global_termination_time: 936844.786
local_termination_time: 393914.77032000065
node_cons: 19205.458922233716
tot_aggregated_send: 12006
tot_msg_rcv: 542
tot_msg_sent: 1349
tot_reconf_duration: 3.08
tot_sleeping_duration: 922504.7738400047
tot_uptimes: 240
tot_uptimes_duration: 14340.012159995269
