comms_cons: 94.88595839703588
finished_reconf: true
global_termination_time: 935420.245
local_termination_time: 481006.49548000004
node_cons: 19221.803803355106
tot_aggregated_send: 12760
tot_msg_rcv: 627
tot_msg_sent: 1035
tot_reconf_duration: 15.110000000000001
tot_sleeping_duration: 921080.2267600036
tot_uptimes: 240
tot_uptimes_duration: 14340.018239996338
