comms_cons: 94.45512959590484
finished_reconf: true
global_termination_time: 933840.204
local_termination_time: 560728.1503599999
node_cons: 19217.42834111689
tot_aggregated_send: 12818
tot_msg_rcv: 516
tot_msg_sent: 1022
tot_reconf_duration: 11.899999999999999
tot_sleeping_duration: 919500.1979200024
tot_uptimes: 240
tot_uptimes_duration: 14340.006079997635
