comms_cons: 103.01550079888841
finished_reconf: true
global_termination_time: 1041823.805
local_termination_time: 152943.848
node_cons: 21413.902596402586
tot_aggregated_send: 14266
tot_msg_rcv: 470
tot_msg_sent: 922
tot_reconf_duration: 22.65
tot_sleeping_duration: 1025854.3173999982
tot_uptimes: 267
tot_uptimes_duration: 15969.487600001914
