comms_cons: 142.03302399240175
finished_reconf: true
global_termination_time: 1435098.275
local_termination_time: 87710.12735999997
node_cons: 29495.423983357472
tot_aggregated_send: 19488
tot_msg_rcv: 605
tot_msg_sent: 1497
tot_reconf_duration: 7.819999999999999
tot_sleeping_duration: 1413078.2567600019
tot_uptimes: 368
tot_uptimes_duration: 22020.01823999807
