comms_cons: 413.7822912169403
finished_reconf: true
global_termination_time: 4228389.713
local_termination_time: 2811123.969
node_cons: 86938.08027606658
tot_aggregated_send: 58926
tot_msg_rcv: 1413
tot_msg_sent: 2552
tot_reconf_duration: 6.279999999999999
tot_sleeping_duration: 4163468.464280009
tot_uptimes: 1083
tot_uptimes_duration: 64921.24871999142
