comms_cons: 422.59580165738134
finished_reconf: true
global_termination_time: 4228721.497
local_termination_time: 2048095.8611599994
node_cons: 86932.10334558322
tot_aggregated_send: 58754
tot_msg_rcv: 1756
tot_msg_sent: 3723
tot_reconf_duration: 3.08
tot_sleeping_duration: 4163801.466600011
tot_uptimes: 1083
tot_uptimes_duration: 64920.030399989104
