comms_cons: 69.66527360631895
finished_reconf: true
global_termination_time: 545655.588
local_termination_time: 155212.75636000006
node_cons: 11192.168284670057
tot_aggregated_send: 2900
tot_msg_rcv: 3102
tot_msg_sent: 4590
tot_reconf_duration: 18.21
tot_sleeping_duration: 537315.4542399775
tot_uptimes: 140
tot_uptimes_duration: 8340.13376002245
