comms_cons: 56.17978880185633
finished_reconf: true
global_termination_time: 546120.686
local_termination_time: 284610.75636000006
node_cons: 11180.068642242853
tot_aggregated_send: 7192
tot_msg_rcv: 539
tot_msg_sent: 808
tot_reconf_duration: 9.42
tot_sleeping_duration: 537780.6738399978
tot_uptimes: 140
tot_uptimes_duration: 8340.012160002138
