comms_cons: 55.35998080106823
finished_reconf: true
global_termination_time: 545406.022
local_termination_time: 156263.25584000058
node_cons: 11192.662741121461
tot_aggregated_send: 7018
tot_msg_rcv: 481
tot_msg_sent: 915
tot_reconf_duration: 18.700000000000003
tot_sleeping_duration: 537066.0159199989
tot_uptimes: 140
tot_uptimes_duration: 8340.006080001069
