comms_cons: 55.5087104013634
finished_reconf: true
global_termination_time: 544762.748
local_termination_time: 267015.62144000025
node_cons: 11177.887701121455
tot_aggregated_send: 7134
tot_msg_rcv: 461
tot_msg_sent: 842
tot_reconf_duration: 7.819999999999999
tot_sleeping_duration: 536422.7419199989
tot_uptimes: 140
tot_uptimes_duration: 8340.006080001069
