comms_cons: 50.732838401381
finished_reconf: true
global_termination_time: 490167.68
local_termination_time: 262203.1285200004
node_cons: 10063.33986112148
tot_aggregated_send: 6380
tot_msg_rcv: 526
tot_msg_sent: 806
tot_reconf_duration: 15.34
tot_sleeping_duration: 482667.6739199989
tot_uptimes: 126
tot_uptimes_duration: 7500.006080001069
