comms_cons: 96.05605121293434
finished_reconf: true
global_termination_time: 490001.284
local_termination_time: 1928.3420400000016
node_cons: 10048.469761121443
tot_aggregated_send: 0
tot_msg_rcv: 7348
tot_msg_sent: 7253
tot_reconf_duration: 4.390000000000001
tot_sleeping_duration: 482501.2779199989
tot_uptimes: 126
tot_uptimes_duration: 7500.006080001069
