comms_cons: 48.02816000049886
finished_reconf: true
global_termination_time: 489115.289
local_termination_time: 291531.81736000004
node_cons: 10053.135842242884
tot_aggregated_send: 6670
tot_msg_rcv: 224
tot_msg_sent: 406
tot_reconf_duration: 7.819999999999999
tot_sleeping_duration: 481615.27683999785
tot_uptimes: 126
tot_uptimes_duration: 7500.0121600021375
