comms_cons: 48.94277760108597
finished_reconf: true
global_termination_time: 487051.226
local_termination_time: 248677.64736000006
node_cons: 9977.51898000001
tot_aggregated_send: 6496
tot_msg_rcv: 254
tot_msg_sent: 688
tot_reconf_duration: 11.31
tot_sleeping_duration: 479611.226
tot_uptimes: 125
tot_uptimes_duration: 7440.0
