comms_cons: 51.732876801889375
finished_reconf: true
global_termination_time: 488205.099
local_termination_time: 251696.45948000005
node_cons: 10049.906504485725
tot_aggregated_send: 5974
tot_msg_rcv: 666
tot_msg_sent: 1223
tot_reconf_duration: 5.43
tot_sleeping_duration: 480705.0746799957
tot_uptimes: 126
tot_uptimes_duration: 7500.024320004275
