comms_cons: 122.47838719897936
finished_reconf: true
global_termination_time: 1242018.914
local_termination_time: 258494.20316000032
node_cons: 25556.648240000042
tot_aggregated_send: 18096
tot_msg_rcv: 177
tot_msg_sent: 343
tot_reconf_duration: 6.279999999999999
tot_sleeping_duration: 1222938.914
tot_uptimes: 319
tot_uptimes_duration: 19080.0
