comms_cons: 122.50470399655741
finished_reconf: true
global_termination_time: 1243225.658
local_termination_time: 640559.0013599999
node_cons: 25566.004860000096
tot_aggregated_send: 17864
tot_msg_rcv: 244
tot_msg_sent: 512
tot_reconf_duration: 13.17
tot_sleeping_duration: 1224145.658
tot_uptimes: 319
tot_uptimes_duration: 19080.0
