comms_cons: 122.8336639947285
finished_reconf: true
global_termination_time: 1242332.141
local_termination_time: 153100.77136000007
node_cons: 25573.514600000057
tot_aggregated_send: 17806
tot_msg_rcv: 299
tot_msg_sent: 565
tot_reconf_duration: 18.700000000000003
tot_sleeping_duration: 1223252.141
tot_uptimes: 319
tot_uptimes_duration: 19080.0
