comms_cons: 93.23910399463605
finished_reconf: true
global_termination_time: 915792.7054799999
local_termination_time: 915792.6643599999
node_cons: 18851.352365436935
tot_aggregated_send: 12456
tot_msg_rcv: 597
tot_msg_sent: 1118
tot_reconf_duration: 24.59
tot_sleeping_duration: 901738.9645200022
tot_uptimes: 235
tot_uptimes_duration: 14053.740959997682
