comms_cons: 94.82600959172464
finished_reconf: true
global_termination_time: 920686.771
local_termination_time: 15154.06548
node_cons: 18910.674982233693
tot_aggregated_send: 12238
tot_msg_rcv: 794
tot_msg_sent: 1380
tot_reconf_duration: 22.65
tot_sleeping_duration: 906586.7588400047
tot_uptimes: 236
tot_uptimes_duration: 14100.012159995269
