comms_cons: 91.49968639946202
finished_reconf: true
global_termination_time: 920331.997
local_termination_time: 427144.9497600004
node_cons: 18888.34675999999
tot_aggregated_send: 13108
tot_msg_rcv: 282
tot_msg_sent: 517
tot_reconf_duration: 6.22
tot_sleeping_duration: 906231.997
tot_uptimes: 236
tot_uptimes_duration: 14100.0
