comms_cons: 115.68207359916319
finished_reconf: true
global_termination_time: 1206988.751
local_termination_time: 3948.436
node_cons: 24835.31290000004
tot_aggregated_send: 17392
tot_msg_rcv: 58
tot_msg_sent: 133
tot_reconf_duration: 7.55
tot_sleeping_duration: 1188448.751
tot_uptimes: 310
tot_uptimes_duration: 18540.0
