comms_cons: 116.1360383990023
finished_reconf: true
global_termination_time: 1207187.322
local_termination_time: 5439.382
node_cons: 24834.674640000037
tot_aggregated_send: 17276
tot_msg_rcv: 150
tot_msg_sent: 226
tot_reconf_duration: 7.08
tot_sleeping_duration: 1188647.322
tot_uptimes: 310
tot_uptimes_duration: 18540.0
