comms_cons: 33.81834240014991
finished_reconf: true
global_termination_time: 204334.83
local_termination_time: 11788.62772
node_cons: 4202.409180000004
tot_aggregated_send: 0
tot_msg_rcv: 2654
tot_msg_sent: 2487
tot_reconf_duration: 18.21
tot_sleeping_duration: 201214.83
tot_uptimes: 53
tot_uptimes_duration: 3120.0
