comms_cons: 122.85402879326722
finished_reconf: true
global_termination_time: 1209823.439
local_termination_time: 665157.415
node_cons: 24831.993941116838
tot_aggregated_send: 16294
tot_msg_rcv: 755
tot_msg_sent: 1625
tot_reconf_duration: 5.1
tot_sleeping_duration: 1191283.4329200024
tot_uptimes: 310
tot_uptimes_duration: 18540.006079997635
