comms_cons: 122.07903359335171
finished_reconf: true
global_termination_time: 1204757.546
local_termination_time: 562938.02
node_cons: 24754.55159734585
tot_aggregated_send: 16353
tot_msg_rcv: 742
tot_msg_sent: 1460
tot_reconf_duration: 4.8100000000000005
tot_sleeping_duration: 1186275.081760011
tot_uptimes: 309
tot_uptimes_duration: 18482.46423998935
