comms_cons: 180.14122238812578
finished_reconf: true
global_termination_time: 1792532.627
local_termination_time: 175269.21748000008
node_cons: 36900.829885588624
tot_aggregated_send: 25056
tot_msg_rcv: 855
tot_msg_sent: 1469
tot_reconf_duration: 18.21
tot_sleeping_duration: 1764992.5966000084
tot_uptimes: 460
tot_uptimes_duration: 27540.030399991607
