comms_cons: 114.81360001409514
finished_reconf: true
global_termination_time: 517579.5588400002
local_termination_time: 2697.6386
node_cons: 10650.50839915208
tot_aggregated_send: 0
tot_msg_rcv: 9700
tot_msg_sent: 7746
tot_reconf_duration: 18.21
tot_sleeping_duration: 509643.95075997623
tot_uptimes: 133
tot_uptimes_duration: 7935.608080023956
