comms_cons: 51.25196800028552
finished_reconf: true
global_termination_time: 521812.078
local_termination_time: 71318.86807999964
node_cons: 10715.978700000027
tot_aggregated_send: 7482
tot_msg_rcv: 97
tot_msg_sent: 211
tot_reconf_duration: 22.65
tot_sleeping_duration: 513832.078
tot_uptimes: 134
tot_uptimes_duration: 7980.0
