comms_cons: 51.897356800466966
finished_reconf: true
global_termination_time: 518943.757
local_termination_time: 25772.28
node_cons: 10619.746213520313
tot_aggregated_send: 7189
tot_msg_rcv: 237
tot_msg_sent: 462
tot_reconf_duration: 8.09
tot_sleeping_duration: 511020.85931999976
tot_uptimes: 133
tot_uptimes_duration: 7922.897680000224
