comms_cons: 51.0157440000627
finished_reconf: true
global_termination_time: 520075.627
local_termination_time: 170455.49899999998
node_cons: 10706.62597352279
tot_aggregated_send: 7592
tot_msg_rcv: 48
tot_msg_sent: 114
tot_reconf_duration: 11.899999999999999
tot_sleeping_duration: 512091.7093199979
tot_uptimes: 134
tot_uptimes_duration: 7983.91768000208
