comms_cons: 51.239436799982755
finished_reconf: true
global_termination_time: 522154.303
local_termination_time: 81409.30823999943
node_cons: 10694.850864480693
tot_aggregated_send: 7482
tot_msg_rcv: 79
tot_msg_sent: 227
tot_reconf_duration: 6.22
tot_sleeping_duration: 514173.4186799995
tot_uptimes: 134
tot_uptimes_duration: 7980.884320000507
