comms_cons: 51.246016000187424
finished_reconf: true
global_termination_time: 520461.666
local_termination_time: 155248.10648000007
node_cons: 10700.58712112144
tot_aggregated_send: 7540
tot_msg_rcv: 84
tot_msg_sent: 165
tot_reconf_duration: 11.31
tot_sleeping_duration: 512481.65991999896
tot_uptimes: 134
tot_uptimes_duration: 7980.006080001068
