comms_cons: 50.75194880024942
finished_reconf: true
global_termination_time: 517579.24124000006
local_termination_time: 236022.39448000008
node_cons: 10628.52661936006
tot_aggregated_send: 7540
tot_msg_rcv: 70
tot_msg_sent: 104
tot_reconf_duration: 15.34
tot_sleeping_duration: 509657.139
tot_uptimes: 133
tot_uptimes_duration: 7922.1022400000365
