comms_cons: 144.8405951957453
finished_reconf: true
global_termination_time: 1460109.478
local_termination_time: 582682.603
node_cons: 29986.630862397233
tot_aggregated_send: 20936
tot_msg_rcv: 384
tot_msg_sent: 695
tot_reconf_duration: 9.42
tot_sleeping_duration: 1437724.2364000021
tot_uptimes: 374
tot_uptimes_duration: 22385.241599997855
