comms_cons: 549.9395776684499
finished_reconf: true
global_termination_time: 5568222.247
local_termination_time: 1578277.9126
node_cons: 114493.06096514354
tot_aggregated_send: 77546
tot_msg_rcv: 2033
tot_msg_sent: 4007
tot_reconf_duration: 6.279999999999999
tot_sleeping_duration: 5482722.222560011
tot_uptimes: 1426
tot_uptimes_duration: 85500.02443999029
