comms_cons: 25.32993919995408
finished_reconf: true
global_termination_time: 11798.434240000002
local_termination_time: 3042.2500400000013
node_cons: 3494.362724960035
tot_aggregated_send: 0
tot_msg_rcv: 1873
tot_msg_sent: 1977
tot_reconf_duration: 6.22
tot_sleeping_duration: 9195.061599999979
tot_uptimes: 40
tot_uptimes_duration: 2603.3726400000246
