comms_cons: 13.964825600098713
finished_reconf: true
global_termination_time: 146232.374
local_termination_time: 3554.08712
node_cons: 2988.5446067194684
tot_aggregated_send: 696
tot_msg_rcv: 508
tot_msg_sent: 920
tot_reconf_duration: 11.719999999999999
tot_sleeping_duration: 144012.3375200004
tot_uptimes: 38
tot_uptimes_duration: 2220.0364799996023
