comms_cons: 752.8090049994089
finished_reconf: true
global_termination_time: 7550157.817
local_termination_time: 2375798.19436
node_cons: 155304.86547116627
tot_aggregated_send: 103994
tot_msg_rcv: 3399
tot_msg_sent: 7028
tot_reconf_duration: 5.57
tot_sleeping_duration: 7434177.756200021
tot_uptimes: 1934
tot_uptimes_duration: 115980.06079997844
