comms_cons: 752.35339541025
finished_reconf: true
global_termination_time: 7552428.191
local_termination_time: 4003321.1312
node_cons: 155381.8159100488
tot_aggregated_send: 102892
tot_msg_rcv: 4096
tot_msg_sent: 7364
tot_reconf_duration: 3.08
tot_sleeping_duration: 7436388.136280019
tot_uptimes: 1935
tot_uptimes_duration: 116040.05471998057
