comms_cons: 758.1404353961545
finished_reconf: true
global_termination_time: 7551835.316
local_termination_time: 1601855.83136
node_cons: 155305.7481711652
tot_aggregated_send: 104748
tot_msg_rcv: 3547
tot_msg_sent: 6937
tot_reconf_duration: 6.22
tot_sleeping_duration: 7435855.255200022
tot_uptimes: 1934
tot_uptimes_duration: 115980.06079997797
