comms_cons: 136.62055037969827
finished_reconf: true
global_termination_time: 735511.432
local_termination_time: 100566.70403999984
node_cons: 15114.588406719418
tot_aggregated_send: 0
tot_msg_rcv: 10724
tot_msg_sent: 10040
tot_reconf_duration: 7.819999999999999
tot_sleeping_duration: 724231.3955200005
tot_uptimes: 189
tot_uptimes_duration: 11280.036479999544
