comms_cons: 206.60661758711174
finished_reconf: true
global_termination_time: 2059082.059
local_termination_time: 328901.08436000004
node_cons: 42345.76082670523
tot_aggregated_send: 28942
tot_msg_rcv: 834
tot_msg_sent: 1627
tot_reconf_duration: 4.8100000000000005
tot_sleeping_duration: 2027462.0225200106
tot_uptimes: 528
tot_uptimes_duration: 31620.03647998924
