comms_cons: 204.57354238327898
finished_reconf: true
global_termination_time: 2058908.632
local_termination_time: 1440214.96736
node_cons: 42346.57022223321
tot_aggregated_send: 28536
tot_msg_rcv: 815
tot_msg_sent: 1742
tot_reconf_duration: 5.43
tot_sleeping_duration: 2027288.6198400047
tot_uptimes: 528
tot_uptimes_duration: 31620.01215999527
