comms_cons: 113.78068480044463
finished_reconf: true
global_termination_time: 1154221.042
local_termination_time: 290412.37636000005
node_cons: 23708.828239999995
tot_aggregated_send: 16646
tot_msg_rcv: 254
tot_msg_sent: 394
tot_reconf_duration: 6.279999999999999
tot_sleeping_duration: 1136521.042
tot_uptimes: 296
tot_uptimes_duration: 17700.0
