comms_cons: 112.49018879998401
finished_reconf: true
global_termination_time: 1153004.364
local_termination_time: 485139.00336000003
node_cons: 23707.225800000026
tot_aggregated_send: 16704
tot_msg_rcv: 121
tot_msg_sent: 272
tot_reconf_duration: 5.1
tot_sleeping_duration: 1135304.364
tot_uptimes: 296
tot_uptimes_duration: 17700.000000000015
