comms_cons: 112.36615680024615
finished_reconf: true
global_termination_time: 1155125.372
local_termination_time: 205919.55168000027
node_cons: 23708.74676000004
tot_aggregated_send: 16472
tot_msg_rcv: 262
tot_msg_sent: 345
tot_reconf_duration: 6.22
tot_sleeping_duration: 1137425.372
tot_uptimes: 296
tot_uptimes_duration: 17700.0
