comms_cons: 262.26906879755313
finished_reconf: true
global_termination_time: 2619120.526
local_termination_time: 395278.1623600001
node_cons: 53858.59940558364
tot_aggregated_send: 36250
tot_msg_rcv: 1230
tot_msg_sent: 2383
tot_reconf_duration: 22.65
tot_sleeping_duration: 2578920.4956000117
tot_uptimes: 671
tot_uptimes_duration: 40200.030399988405
