comms_cons: 261.54387200219475
finished_reconf: true
global_termination_time: 2615350.092
local_termination_time: 417294.45399999997
node_cons: 53754.024544466454
tot_aggregated_send: 36421
tot_msg_rcv: 1140
tot_msg_sent: 2190
tot_reconf_duration: 4.8100000000000005
tot_sleeping_duration: 2575210.0676800096
tot_uptimes: 670
tot_uptimes_duration: 40140.02431999053
