comms_cons: 260.3908799795724
finished_reconf: true
global_termination_time: 2615830.825
local_termination_time: 990656.24336
node_cons: 53751.63446446654
tot_aggregated_send: 36308
tot_msg_rcv: 1073
tot_msg_sent: 2196
tot_reconf_duration: 3.05
tot_sleeping_duration: 2575690.8006800096
tot_uptimes: 670
tot_uptimes_duration: 40140.02431999054
