comms_cons: 23.56011520018583
finished_reconf: true
global_termination_time: 236611.472
local_termination_time: 26698.482519999998
node_cons: 4828.84676
tot_aggregated_send: 3306
tot_msg_rcv: 105
tot_msg_sent: 170
tot_reconf_duration: 6.22
tot_sleeping_duration: 233011.472
tot_uptimes: 61
tot_uptimes_duration: 3600.0
