comms_cons: 25.691564798534355
finished_reconf: true
global_termination_time: 126862.01271999994
local_termination_time: 126862.01271999994
node_cons: 2624.107559199057
tot_aggregated_send: 0
tot_msg_rcv: 2041
tot_msg_sent: 1863
tot_reconf_duration: 24.59
tot_sleeping_duration: 124927.19992000064
tot_uptimes: 33
tot_uptimes_duration: 1934.8127999993012
