comms_cons: 13.0794495999301
finished_reconf: true
global_termination_time: 130411.213
local_termination_time: 51131.71568000015
node_cons: 2661.83956
tot_aggregated_send: 1798
tot_msg_rcv: 79
tot_msg_sent: 111
tot_reconf_duration: 7.819999999999999
tot_sleeping_duration: 128431.213
tot_uptimes: 34
tot_uptimes_duration: 1980.0
