comms_cons: 345.48338560793286
finished_reconf: true
global_termination_time: 3465810.236
local_termination_time: 427282.7853600001
node_cons: 71292.39568783004
tot_aggregated_send: 48662
tot_msg_rcv: 1305
tot_msg_sent: 2545
tot_reconf_duration: 22.65
tot_sleeping_duration: 3412590.1934400066
tot_uptimes: 888
tot_uptimes_duration: 53220.042559993744
