comms_cons: 337.9208703918532
finished_reconf: true
global_termination_time: 3466847.991
local_termination_time: 2055520.339119998
node_cons: 71283.52300367581
tot_aggregated_send: 49996
tot_msg_rcv: 479
tot_msg_sent: 887
tot_reconf_duration: 11.31
tot_sleeping_duration: 3413623.073880002
tot_uptimes: 888
tot_uptimes_duration: 53224.91711999802
