comms_cons: 40.13969920043149
finished_reconf: true
global_termination_time: 403337.4
local_termination_time: 157123.77420000063
node_cons: 8281.551980000007
tot_aggregated_send: 5800
tot_msg_rcv: 131
tot_msg_sent: 170
tot_reconf_duration: 4.8100000000000005
tot_sleeping_duration: 397157.4
tot_uptimes: 104
tot_uptimes_duration: 6180.0
