comms_cons: 39.63968000032254
finished_reconf: true
global_termination_time: 404847.003
local_termination_time: 251267.88848000008
node_cons: 8290.387121121437
tot_aggregated_send: 5800
tot_msg_rcv: 60
tot_msg_sent: 165
tot_reconf_duration: 11.31
tot_sleeping_duration: 398666.99691999896
tot_uptimes: 104
tot_uptimes_duration: 6180.006080001069
