comms_cons: 115.36627199112851
finished_reconf: true
global_termination_time: 1136786.919
local_termination_time: 468085.7194800001
node_cons: 23386.512201116875
tot_aggregated_send: 15776
tot_msg_rcv: 660
tot_msg_sent: 1099
tot_reconf_duration: 5.57
tot_sleeping_duration: 1119326.9129200024
tot_uptimes: 292
tot_uptimes_duration: 17460.006079997635
