comms_cons: 113.88657279329861
finished_reconf: true
global_termination_time: 1138056.237
local_termination_time: 389277.59436
node_cons: 23384.909761121406
tot_aggregated_send: 15776
tot_msg_rcv: 435
tot_msg_sent: 1099
tot_reconf_duration: 4.390000000000001
tot_sleeping_duration: 1120596.230919999
tot_uptimes: 292
tot_uptimes_duration: 17460.00608000107
