comms_cons: 118.00418558805998
finished_reconf: true
global_termination_time: 1134925.67924
local_termination_time: 113449.44135999997
node_cons: 23326.179891682023
tot_aggregated_send: 14732
tot_msg_rcv: 1158
tot_msg_sent: 2045
tot_reconf_duration: 6.22
tot_sleeping_duration: 1117511.3901199985
tot_uptimes: 291
tot_uptimes_duration: 17414.289120001486
