comms_cons: 114.85000319167517
finished_reconf: true
global_termination_time: 1138134.598
local_termination_time: 338827.4963600001
node_cons: 23399.81242558883
tot_aggregated_send: 15544
tot_msg_rcv: 583
tot_msg_sent: 1330
tot_reconf_duration: 15.34
tot_sleeping_duration: 1120674.5676000083
tot_uptimes: 292
tot_uptimes_duration: 17460.030399991607
