comms_cons: 119.04467198987494
finished_reconf: true
global_termination_time: 1157795.475
local_termination_time: 298325.37116000074
node_cons: 23787.614646705595
tot_aggregated_send: 15486
tot_msg_rcv: 922
tot_msg_sent: 1686
tot_reconf_duration: 5.1
tot_sleeping_duration: 1140035.4385200108
tot_uptimes: 297
tot_uptimes_duration: 17760.03647998924
