comms_cons: 119.50222078686937
finished_reconf: true
global_termination_time: 1161395.474
local_termination_time: 553836.7859599997
node_cons: 23881.556367817844
tot_aggregated_send: 15196
tot_msg_rcv: 984
tot_msg_sent: 1984
tot_reconf_duration: 15.110000000000001
tot_sleeping_duration: 1143575.4314400165
tot_uptimes: 298
tot_uptimes_duration: 17820.04255998344
