comms_cons: 114.40433919621076
finished_reconf: true
global_termination_time: 1158659.374
local_termination_time: 264497.67760000005
node_cons: 23796.03154447656
tot_aggregated_send: 15718
tot_msg_rcv: 567
tot_msg_sent: 1103
tot_reconf_duration: 11.31
tot_sleeping_duration: 1140899.3496800028
tot_uptimes: 297
tot_uptimes_duration: 17760.024319997407
