comms_cons: 158.30338558928443
finished_reconf: true
global_termination_time: 1568607.368
local_termination_time: 279974.005
node_cons: 32248.567422312946
tot_aggregated_send: 21516
tot_msg_rcv: 970
tot_msg_sent: 1577
tot_reconf_duration: 22.65
tot_sleeping_duration: 1544546.2711200053
tot_uptimes: 402
tot_uptimes_duration: 24061.09687999467
