comms_cons: 154.06101759173544
finished_reconf: true
global_termination_time: 1562635.358
local_termination_time: 1206824.226399999
node_cons: 32144.446760000013
tot_aggregated_send: 21402
tot_msg_rcv: 656
tot_msg_sent: 1358
tot_reconf_duration: 6.22
tot_sleeping_duration: 1538635.358
tot_uptimes: 401
tot_uptimes_duration: 24000.0
