comms_cons: 281.85860479224965
finished_reconf: true
global_termination_time: 2809223.52
local_termination_time: 1621341.49236
node_cons: 57772.05662447099
tot_aggregated_send: 39498
tot_msg_rcv: 1135
tot_msg_sent: 2206
tot_reconf_duration: 5.57
tot_sleeping_duration: 2766083.4956800058
tot_uptimes: 720
tot_uptimes_duration: 43140.02431999397
