comms_cons: 282.8838976156276
finished_reconf: true
global_termination_time: 2805914.710399997
local_termination_time: 204590.06416000033
node_cons: 57742.561251417355
tot_aggregated_send: 39150
tot_msg_rcv: 1332
tot_msg_sent: 2513
tot_reconf_duration: 11.31
tot_sleeping_duration: 2762802.5354400133
tot_uptimes: 719
tot_uptimes_duration: 43112.17495998385
