comms_cons: 319.70369282629764
finished_reconf: true
global_termination_time: 3128698.3842399977
local_termination_time: 3128698.3842399977
node_cons: 64490.525170122535
tot_aggregated_send: 43036
tot_msg_rcv: 2086
tot_msg_sent: 3471
tot_reconf_duration: 37.410000000000004
tot_sleeping_duration: 3080573.1248000246
tot_uptimes: 802
tot_uptimes_duration: 48125.25943997322
