comms_cons: 311.5865087814179
finished_reconf: true
global_termination_time: 3132974.747
local_termination_time: 2488913.3334800005
node_cons: 64440.26848334959
tot_aggregated_send: 43268
tot_msg_rcv: 1469
tot_msg_sent: 2622
tot_reconf_duration: 5.57
tot_sleeping_duration: 3084854.728760007
tot_uptimes: 803
tot_uptimes_duration: 48120.0182399929
