comms_cons: 50.15806720403895
finished_reconf: true
global_termination_time: 261239.197
local_termination_time: 166100.44536000004
node_cons: 5306.581899999989
tot_aggregated_send: 0
tot_msg_rcv: 3818
tot_msg_sent: 3805
tot_reconf_duration: 3.05
tot_sleeping_duration: 257279.197
tot_uptimes: 67
tot_uptimes_duration: 3960.0
