comms_cons: 110.2285439914658
finished_reconf: true
global_termination_time: 1076403.206
local_termination_time: 393976.09936000005
node_cons: 22101.129188943898
tot_aggregated_send: 14094
tot_msg_rcv: 929
tot_msg_sent: 1733
tot_reconf_duration: 5.57
tot_sleeping_duration: 1059903.1573600122
tot_uptimes: 276
tot_uptimes_duration: 16500.048639987945
