comms_cons: 109.52906239365511
finished_reconf: true
global_termination_time: 1076572.657
local_termination_time: 739883.5955199992
node_cons: 22127.898105588774
tot_aggregated_send: 14268
tot_msg_rcv: 770
tot_msg_sent: 1609
tot_reconf_duration: 25.299999999999997
tot_sleeping_duration: 1060072.6266000082
tot_uptimes: 276
tot_uptimes_duration: 16500.03039999155
