comms_cons: 108.62835199342119
finished_reconf: true
global_termination_time: 1075877.09
local_termination_time: 536060.0554799999
node_cons: 22111.417424472016
tot_aggregated_send: 14616
tot_msg_rcv: 679
tot_msg_sent: 1214
tot_reconf_duration: 13.17
tot_sleeping_duration: 1059377.065680006
tot_uptimes: 276
tot_uptimes_duration: 16500.024319993972
