comms_cons: 108.91533438868858
finished_reconf: true
global_termination_time: 1077305.998
local_termination_time: 738293.8145199982
node_cons: 22105.928367827033
tot_aggregated_send: 13920
tot_msg_rcv: 828
tot_msg_sent: 1808
tot_reconf_duration: 9.11
tot_sleeping_duration: 1060805.9554400097
tot_uptimes: 276
tot_uptimes_duration: 16500.04255999031
