comms_cons: 109.53333119325316
finished_reconf: true
global_termination_time: 1075098.808
local_termination_time: 764930.0725999997
node_cons: 22114.03566223828
tot_aggregated_send: 13920
tot_msg_rcv: 936
tot_msg_sent: 1792
tot_reconf_duration: 15.110000000000001
tot_sleeping_duration: 1058598.7958400012
tot_uptimes: 276
tot_uptimes_duration: 16500.012159998703
