comms_cons: 92.69108481297854
finished_reconf: true
global_termination_time: 467174.4
local_termination_time: 2500.037040000001
node_cons: 9585.213603364304
tot_aggregated_send: 0
tot_msg_rcv: 7191
tot_msg_sent: 6896
tot_reconf_duration: 18.21
tot_sleeping_duration: 460034.3817599968
tot_uptimes: 120
tot_uptimes_duration: 7140.018240003206
