comms_cons: 46.87022080093704
finished_reconf: true
global_termination_time: 463827.338
local_termination_time: 205486.27848000007
node_cons: 9500.976143362019
tot_aggregated_send: 6032
tot_msg_rcv: 400
tot_msg_sent: 692
tot_reconf_duration: 15.34
tot_sleeping_duration: 456747.31975999847
tot_uptimes: 119
tot_uptimes_duration: 7080.018240001504
