comms_cons: 101.01766400536555
finished_reconf: true
global_termination_time: 211149.64748000016
local_termination_time: 3130.321040000001
node_cons: 12670.349461320026
tot_aggregated_send: 0
tot_msg_rcv: 6249
tot_msg_sent: 9104
tot_reconf_duration: 18.21
tot_sleeping_duration: 201705.56960000016
tot_uptimes: 155
tot_uptimes_duration: 9444.077880000006
