comms_cons: 17.968422399956857
finished_reconf: true
global_termination_time: 12426.126360000002
local_termination_time: 1351.9593600000023
node_cons: 2172.3242857600394
tot_aggregated_send: 0
tot_msg_rcv: 1290
tot_msg_sent: 1441
tot_reconf_duration: 18.21
tot_sleeping_duration: 10822.246519999971
tot_uptimes: 26
tot_uptimes_duration: 1603.8798400000296
