comms_cons: 89.26721279963695
finished_reconf: true
global_termination_time: 898548.72
local_termination_time: 9846.0342
node_cons: 18484.169761121535
tot_aggregated_send: 12644
tot_msg_rcv: 287
tot_msg_sent: 637
tot_reconf_duration: 4.390000000000001
tot_sleeping_duration: 884748.7139199988
tot_uptimes: 231
tot_uptimes_duration: 13800.006080001127
