comms_cons: 441.042560065065
finished_reconf: true
global_termination_time: 512588.11272000056
local_termination_time: 512588.07160000055
node_cons: 50727.99256449163
tot_aggregated_send: 0
tot_msg_rcv: 30459
tot_msg_sent: 36577
tot_reconf_duration: 24.59
tot_sleeping_duration: 474728.06839999143
tot_uptimes: 605
tot_uptimes_duration: 37860.04432000916
