comms_cons: 298.04336639918586
finished_reconf: true
global_termination_time: 3053186.505
local_termination_time: 740421.3765599985
node_cons: 62754.10894558296
tot_aggregated_send: 42862
tot_msg_rcv: 700
tot_msg_sent: 1739
tot_reconf_duration: 6.279999999999999
tot_sleeping_duration: 3006326.4746000115
tot_uptimes: 782
tot_uptimes_duration: 46860.03039998817
