comms_cons: 15.4611200000005
finished_reconf: true
global_termination_time: 3350.3750800000034
local_termination_time: 3350.3339600000036
node_cons: 1683.7468621200053
tot_aggregated_send: 0
tot_msg_rcv: 1146
tot_msg_sent: 1200
tot_reconf_duration: 37.410000000000004
tot_sleeping_duration: 2130.85
tot_uptimes: 17
tot_uptimes_duration: 1219.5250800000035
