comms_cons: 0.7105535999996204
finished_reconf: true
global_termination_time: 5355.377
local_termination_time: 554.2913599999999
node_cons: 95.21010000000007
tot_aggregated_send: 0
tot_msg_rcv: 60
tot_msg_sent: 48
tot_reconf_duration: 10.95
tot_sleeping_duration: 5295.377
tot_uptimes: 2
tot_uptimes_duration: 60.0
