comms_cons: 2.1053439999967023
finished_reconf: true
global_termination_time: 13439.711
local_termination_time: 4881.51936
node_cons: 248.58405999999962
tot_aggregated_send: 0
tot_msg_rcv: 207
tot_msg_sent: 113
tot_reconf_duration: 5.57
tot_sleeping_duration: 13259.711
tot_uptimes: 4
tot_uptimes_duration: 180.0
