comms_cons: 290.7157376349069
finished_reconf: true
global_termination_time: 2879628.74
local_termination_time: 882022.5693599998
node_cons: 59241.379405583095
tot_aggregated_send: 39846
tot_msg_rcv: 1457
tot_msg_sent: 2885
tot_reconf_duration: 22.65
tot_sleeping_duration: 2835408.7096000123
tot_uptimes: 738
tot_uptimes_duration: 44220.03039998817
