comms_cons: 288.912409599764
finished_reconf: true
global_termination_time: 2881293.836
local_termination_time: 186395.459
node_cons: 59221.82081130155
tot_aggregated_send: 39728
tot_msg_rcv: 1422
tot_msg_sent: 2763
tot_reconf_duration: 5.43
tot_sleeping_duration: 2837070.948120013
tot_uptimes: 738
tot_uptimes_duration: 44222.88787998704
