comms_cons: 54.18629119966212
finished_reconf: true
global_termination_time: 546354.511
local_termination_time: 244705.55536000006
node_cons: 11173.229761121465
tot_aggregated_send: 7714
tot_msg_rcv: 177
tot_msg_sent: 345
tot_reconf_duration: 4.390000000000001
tot_sleeping_duration: 538014.504919999
tot_uptimes: 140
tot_uptimes_duration: 8340.006080001069
