comms_cons: 56.39770240162248
finished_reconf: true
global_termination_time: 543176.417
local_termination_time: 190501.92236000003
node_cons: 11177.903983364276
tot_aggregated_send: 6902
tot_msg_rcv: 622
tot_msg_sent: 1048
tot_reconf_duration: 7.819999999999999
tot_sleeping_duration: 534836.3987599968
tot_uptimes: 140
tot_uptimes_duration: 8340.018240003206
