comms_cons: 55.442918400112006
finished_reconf: true
global_termination_time: 545071.548
local_termination_time: 238417.63536000004
node_cons: 11182.643403359705
tot_aggregated_send: 7540
tot_msg_rcv: 370
tot_msg_sent: 517
tot_reconf_duration: 11.31
tot_sleeping_duration: 536731.5297600002
tot_uptimes: 140
tot_uptimes_duration: 8340.018239999772
