comms_cons: 853.2028432067863
finished_reconf: true
global_termination_time: 4336901.446
local_termination_time: 2762399.43724
node_cons: 89208.1831233486
tot_aggregated_send: 0
tot_msg_rcv: 65316
tot_msg_sent: 64366
tot_reconf_duration: 22.65
tot_sleeping_duration: 4270301.427760008
tot_uptimes: 1111
tot_uptimes_duration: 66600.01823999337
