comms_cons: 435.7932096614056
finished_reconf: true
global_termination_time: 4337106.257
local_termination_time: 26741.453640000003
node_cons: 89185.06989453809
tot_aggregated_send: 60726
tot_msg_rcv: 1846
tot_msg_sent: 3665
tot_reconf_duration: 5.57
tot_sleeping_duration: 4270506.177960015
tot_uptimes: 1111
tot_uptimes_duration: 66600.07903998542
