comms_cons: 202.15249918785474
finished_reconf: true
global_termination_time: 2027321.8747999985
local_termination_time: 2027321.8336799985
node_cons: 41811.10474055877
tot_aggregated_send: 29057
tot_msg_rcv: 606
tot_msg_sent: 1062
tot_reconf_duration: 33.589999999999996
tot_sleeping_duration: 1996130.321759999
tot_uptimes: 520
tot_uptimes_duration: 31191.55303999936
