comms_cons: 135.94726399575072
finished_reconf: true
global_termination_time: 1364517.08
local_termination_time: 352814.9694800001
node_cons: 28042.842605588867
tot_aggregated_send: 19314
tot_msg_rcv: 472
tot_msg_sent: 879
tot_reconf_duration: 3.05
tot_sleeping_duration: 1343577.0496000084
tot_uptimes: 350
tot_uptimes_duration: 20940.030399991607
