comms_cons: 136.19006719408617
finished_reconf: true
global_termination_time: 1365719.957
local_termination_time: 249419.33436000004
node_cons: 28049.305590155345
tot_aggregated_send: 19314
tot_msg_rcv: 458
tot_msg_sent: 929
tot_reconf_duration: 7.819999999999999
tot_sleeping_duration: 1344779.9375600035
tot_uptimes: 350
tot_uptimes_duration: 20940.01943999651
