comms_cons: 137.6183807941859
finished_reconf: true
global_termination_time: 1365272.078
local_termination_time: 22010.4936
node_cons: 28054.05154447429
tot_aggregated_send: 19140
tot_msg_rcv: 687
tot_msg_sent: 1090
tot_reconf_duration: 11.31
tot_sleeping_duration: 1344332.0536800043
tot_uptimes: 350
tot_uptimes_duration: 20940.024319995704
