comms_cons: 214.14673278440856
finished_reconf: true
global_termination_time: 2132813.025359997
local_termination_time: 117223.47759999995
node_cons: 43918.25096574112
tot_aggregated_send: 29986
tot_msg_rcv: 889
tot_msg_sent: 1674
tot_reconf_duration: 22.65
tot_sleeping_duration: 2100036.705520011
tot_uptimes: 547
tot_uptimes_duration: 32776.319839986216
