comms_cons: 147.4069759815486
finished_reconf: true
global_termination_time: 1427721.786
local_termination_time: 576011.9433599999
node_cons: 29334.784688934793
tot_aggregated_send: 18792
tot_msg_rcv: 1228
tot_msg_sent: 2385
tot_reconf_duration: 7.819999999999999
tot_sleeping_duration: 1405821.737360019
tot_uptimes: 366
tot_uptimes_duration: 21900.048639981076
