comms_cons: 64.60116479940902
finished_reconf: true
global_termination_time: 660774.5695999999
local_termination_time: 554735.3445999997
node_cons: 13610.359758399843
tot_aggregated_send: 9744
tot_msg_rcv: 19
tot_msg_sent: 56
tot_reconf_duration: 8.09
tot_sleeping_duration: 650618.204
tot_uptimes: 170
tot_uptimes_duration: 10156.365599999903
