comms_cons: 65.62094080026046
finished_reconf: true
global_termination_time: 663008.445
local_termination_time: 49325.67848000001
node_cons: 13602.854600000015
tot_aggregated_send: 9396
tot_msg_rcv: 189
tot_msg_sent: 389
tot_reconf_duration: 18.700000000000003
tot_sleeping_duration: 652868.445
tot_uptimes: 170
tot_uptimes_duration: 10140.0
