comms_cons: 22.857395200329695
finished_reconf: true
global_termination_time: 207582.04448000007
local_termination_time: 207582.00336000006
node_cons: 4309.7716598392635
tot_aggregated_send: 2422
tot_msg_rcv: 398
tot_msg_sent: 654
tot_reconf_duration: 24.59
tot_sleeping_duration: 204388.33392000064
tot_uptimes: 54
tot_uptimes_duration: 3193.7105599994393
