comms_cons: 431.0250110254216
finished_reconf: true
global_termination_time: 916670.222
local_termination_time: 213400.31252000039
node_cons: 55330.353539956624
tot_aggregated_send: 0
tot_msg_rcv: 26521
tot_msg_sent: 38992
tot_reconf_duration: 18.21
tot_sleeping_duration: 875366.5443600018
tot_uptimes: 675
tot_uptimes_duration: 41303.677639998125
