comms_cons: 90.80514559684
finished_reconf: true
global_termination_time: 914364.483
local_termination_time: 559350.2294799999
node_cons: 18817.469283359776
tot_aggregated_send: 12122
tot_msg_rcv: 643
tot_msg_sent: 1036
tot_reconf_duration: 13.17
tot_sleeping_duration: 900324.4647600002
tot_uptimes: 235
tot_uptimes_duration: 14040.018239999772
