comms_cons: 75.15936000321818
finished_reconf: true
global_termination_time: 683503.09924
local_termination_time: 141245.20448000004
node_cons: 14103.427601347286
tot_aggregated_send: 6090
tot_msg_rcv: 2012
tot_msg_sent: 3321
tot_reconf_duration: 18.21
tot_sleeping_duration: 672988.7613599796
tot_uptimes: 176
tot_uptimes_duration: 10514.337880020379
