comms_cons: 67.29268480044402
finished_reconf: true
global_termination_time: 685293.816
local_termination_time: 353699.102
node_cons: 14090.287408160963
tot_aggregated_send: 9800
tot_msg_rcv: 99
tot_msg_sent: 329
tot_reconf_duration: 22.65
tot_sleeping_duration: 674793.7945599994
tot_uptimes: 176
tot_uptimes_duration: 10500.02144000068
