comms_cons: 66.71308800020715
finished_reconf: true
global_termination_time: 684314.033
local_termination_time: 290648.28836000006
node_cons: 14067.06406000003
tot_aggregated_send: 9976
tot_msg_rcv: 51
tot_msg_sent: 113
tot_reconf_duration: 5.57
tot_sleeping_duration: 673814.033
tot_uptimes: 176
tot_uptimes_duration: 10500.0
