comms_cons: 343.8822525940668
finished_reconf: true
global_termination_time: 1180609.995
local_termination_time: 698401.4353999991
node_cons: 48217.75607499882
tot_aggregated_send: 0
tot_msg_rcv: 17499
tot_msg_sent: 34769
tot_reconf_duration: 18.21
tot_sleeping_duration: 1144618.1900000006
tot_uptimes: 597
tot_uptimes_duration: 35991.80499999961
