comms_cons: 117.21565439572326
finished_reconf: true
global_termination_time: 1178999.4404799999
local_termination_time: 17672.818480000005
node_cons: 24205.635598719946
tot_aggregated_send: 16414
tot_msg_rcv: 353
tot_msg_sent: 1049
tot_reconf_duration: 3.05
tot_sleeping_duration: 1160925.136
tot_uptimes: 302
tot_uptimes_duration: 18074.30447999993
