comms_cons: 118.94598399206292
finished_reconf: true
global_termination_time: 1179645.819
local_termination_time: 800944.1368799991
node_cons: 24273.31584223379
tot_aggregated_send: 16124
tot_msg_rcv: 567
tot_msg_sent: 1389
tot_reconf_duration: 7.819999999999999
tot_sleeping_duration: 1161525.8068400046
tot_uptimes: 303
tot_uptimes_duration: 18120.01215999527
