comms_cons: 400.57176286280014
finished_reconf: true
global_termination_time: 2345959.344
local_termination_time: 948015.4919599987
node_cons: 48234.815687817245
tot_aggregated_send: 0
tot_msg_rcv: 30961
tot_msg_sent: 29923
tot_reconf_duration: 22.65
tot_sleeping_duration: 2309959.301440017
tot_uptimes: 601
tot_uptimes_duration: 36000.04255998344
