comms_cons: 235.91916157395016
finished_reconf: true
global_termination_time: 2343013.195
local_termination_time: 1010784.1340000001
node_cons: 48217.129060214385
tot_aggregated_send: 31258
tot_msg_rcv: 1466
tot_msg_sent: 3135
tot_reconf_duration: 7.819999999999999
tot_sleeping_duration: 2307011.320840019
tot_uptimes: 601
tot_uptimes_duration: 36001.874159981264
