comms_cons: 14.258380799591741
finished_reconf: true
global_termination_time: 106832.728
local_termination_time: 16832.701600000004
node_cons: 2215.394666877466
tot_aggregated_send: 696
tot_msg_rcv: 596
tot_msg_sent: 877
tot_reconf_duration: 18.21
tot_sleeping_duration: 105196.68208000189
tot_uptimes: 28
tot_uptimes_duration: 1636.0459199981087
