comms_cons: 12.789619199407102
finished_reconf: true
global_termination_time: 106710.375
local_termination_time: 69027.23535999998
node_cons: 2190.0605667160626
tot_aggregated_send: 928
tot_msg_rcv: 385
tot_msg_sent: 630
tot_reconf_duration: 15.34
tot_sleeping_duration: 105090.33852000294
tot_uptimes: 28
tot_uptimes_duration: 1620.0364799970484
