comms_cons: 12.632691199639218
finished_reconf: true
global_termination_time: 109473.817
local_termination_time: 71461.71035999995
node_cons: 2266.7041044765915
tot_aggregated_send: 986
tot_msg_rcv: 365
tot_msg_sent: 569
tot_reconf_duration: 12.629999999999999
tot_sleeping_duration: 107793.79268000253
tot_uptimes: 29
tot_uptimes_duration: 1680.0243199974648
