comms_cons: 45.70172800067574
finished_reconf: true
global_termination_time: 435302.543
local_termination_time: 105035.33835999998
node_cons: 8948.531264485744
tot_aggregated_send: 5568
tot_msg_rcv: 525
tot_msg_sent: 853
tot_reconf_duration: 22.65
tot_sleeping_duration: 428642.51867999573
tot_uptimes: 112
tot_uptimes_duration: 6660.024320004275
