comms_cons: 86.86398721127328
finished_reconf: true
global_termination_time: 439263.101
local_termination_time: 902.50236
node_cons: 9005.684765607166
tot_aggregated_send: 0
tot_msg_rcv: 6695
tot_msg_sent: 6505
tot_reconf_duration: 5.57
tot_sleeping_duration: 432543.0705999947
tot_uptimes: 113
tot_uptimes_duration: 6720.030400005344
