comms_cons: 45.046745599978486
finished_reconf: true
global_termination_time: 434628.9943600002
local_termination_time: 9183.4266
node_cons: 8972.605416884551
tot_aggregated_send: 5510
tot_msg_rcv: 419
tot_msg_sent: 916
tot_reconf_duration: 25.299999999999997
tot_sleeping_duration: 427953.6784399968
tot_uptimes: 112
tot_uptimes_duration: 6675.3159200033915
