comms_cons: 44.20564480116558
finished_reconf: true
global_termination_time: 435028.087
local_termination_time: 181310.9495200008
node_cons: 8928.375842242842
tot_aggregated_send: 5858
tot_msg_rcv: 284
tot_msg_sent: 577
tot_reconf_duration: 7.819999999999999
tot_sleeping_duration: 428368.07483999786
tot_uptimes: 112
tot_uptimes_duration: 6660.0121600021375
