comms_cons: 44.48848000077244
finished_reconf: true
global_termination_time: 435432.839
local_termination_time: 90133.54935999998
node_cons: 8938.596143364317
tot_aggregated_send: 5742
tot_msg_rcv: 332
tot_msg_sent: 688
tot_reconf_duration: 15.34
tot_sleeping_duration: 428772.8207599968
tot_uptimes: 112
tot_uptimes_duration: 6660.018240003206
