comms_cons: 2.1908735999969813
finished_reconf: true
global_termination_time: 15239.68
local_termination_time: 4855.618360000001
node_cons: 266.414600000001
tot_aggregated_send: 0
tot_msg_rcv: 176
tot_msg_sent: 157
tot_reconf_duration: 18.700000000000003
tot_sleeping_duration: 15059.68
tot_uptimes: 4
tot_uptimes_duration: 180.0
