comms_cons: 2.315878399996568
finished_reconf: true
global_termination_time: 16549.62
local_termination_time: 7277.525360000001
node_cons: 329.80676000000034
tot_aggregated_send: 0
tot_msg_rcv: 181
tot_msg_sent: 171
tot_reconf_duration: 6.22
tot_sleeping_duration: 16309.619999999999
tot_uptimes: 5
tot_uptimes_duration: 240.0
