comms_cons: 2.2770303999955877
finished_reconf: true
global_termination_time: 17583.764
local_termination_time: 1858.2214800000045
node_cons: 330.32274384001244
tot_aggregated_send: 0
tot_msg_rcv: 173
tot_msg_sent: 173
tot_reconf_duration: 5.43
tot_sleeping_duration: 17342.57743999999
tot_uptimes: 5
tot_uptimes_duration: 241.1865600000092
