comms_cons: 55.173798400518315
finished_reconf: true
global_termination_time: 536978.217
local_termination_time: 169019.3156000001
node_cons: 11037.354982242867
tot_aggregated_send: 7250
tot_msg_rcv: 457
tot_msg_sent: 679
tot_reconf_duration: 22.65
tot_sleeping_duration: 528758.2048399978
tot_uptimes: 138
tot_uptimes_duration: 8220.012160002138
