comms_cons: 52.43831040054035
finished_reconf: true
global_termination_time: 537003.738
local_termination_time: 420128.606360001
node_cons: 11010.730041121507
tot_aggregated_send: 7134
tot_msg_rcv: 251
tot_msg_sent: 585
tot_reconf_duration: 3.05
tot_sleeping_duration: 528783.731919999
tot_uptimes: 138
tot_uptimes_duration: 8220.006080001069
