comms_cons: 104.86392321360064
finished_reconf: true
global_termination_time: 532049.8836
local_termination_time: 249.86303999999996
node_cons: 10962.168269521304
tot_aggregated_send: 0
tot_msg_rcv: 8048
tot_msg_sent: 7888
tot_reconf_duration: 11.31
tot_sleeping_duration: 523874.521919999
tot_uptimes: 137
tot_uptimes_duration: 8175.361680000962
