comms_cons: 85.48977919947407
finished_reconf: true
global_termination_time: 859908.8891200002
local_termination_time: 133457.76160000009
node_cons: 17731.317310797018
tot_aggregated_send: 12122
tot_msg_rcv: 278
tot_msg_sent: 594
tot_reconf_duration: 22.65
tot_sleeping_duration: 846689.6519200024
tot_uptimes: 221
tot_uptimes_duration: 13219.237199997762
