comms_cons: 170.3457279350218
finished_reconf: true
global_termination_time: 862652.302
local_termination_time: 151.07804000000004
node_cons: 17690.17526223601
tot_aggregated_send: 0
tot_msg_rcv: 13135
tot_msg_sent: 12755
tot_reconf_duration: 11.31
tot_sleeping_duration: 849452.289840003
tot_uptimes: 221
tot_uptimes_duration: 13200.012159997
