comms_cons: 19.599436799929308
finished_reconf: true
global_termination_time: 202706.812
local_termination_time: 103023.95659999996
node_cons: 4112.698980000019
tot_aggregated_send: 2900
tot_msg_rcv: 31
tot_msg_sent: 48
tot_reconf_duration: 11.31
tot_sleeping_duration: 199646.812
tot_uptimes: 52
tot_uptimes_duration: 3060.0
