comms_cons: 11.443110400026386
finished_reconf: true
global_termination_time: 87358.78547999996
local_termination_time: 87358.74435999997
node_cons: 1836.6493609605168
tot_aggregated_send: 670
tot_msg_rcv: 467
tot_msg_sent: 602
tot_reconf_duration: 37.410000000000004
tot_sleeping_duration: 86025.06883999957
tot_uptimes: 23
tot_uptimes_duration: 1333.7166400003916
