comms_cons: 11.985145599900678
finished_reconf: true
global_termination_time: 87462.93
local_termination_time: 24880.116359999996
node_cons: 1792.9153056000296
tot_aggregated_send: 464
tot_msg_rcv: 557
tot_msg_sent: 801
tot_reconf_duration: 18.700000000000003
tot_sleeping_duration: 86142.89959999998
tot_uptimes: 23
tot_uptimes_duration: 1320.030400000025
