comms_cons: 10.49382400010673
finished_reconf: true
global_termination_time: 88422.794
local_termination_time: 48488.67236000001
node_cons: 1771.6381822405863
tot_aggregated_send: 928
tot_msg_rcv: 318
tot_msg_sent: 349
tot_reconf_duration: 3.05
tot_sleeping_duration: 87102.78183999956
tot_uptimes: 23
tot_uptimes_duration: 1320.012160000435
