comms_cons: 11.188345600001458
finished_reconf: true
global_termination_time: 88458.225
local_termination_time: 36158.40748000001
node_cons: 1778.1239833597328
tot_aggregated_send: 638
tot_msg_rcv: 426
tot_msg_sent: 636
tot_reconf_duration: 7.819999999999999
tot_sleeping_duration: 87138.2067600002
tot_uptimes: 23
tot_uptimes_duration: 1320.0182399998012
