comms_cons: 255.3817471747734
finished_reconf: true
global_termination_time: 2594080.007
local_termination_time: 587539.1773599999
node_cons: 53376.55940558335
tot_aggregated_send: 34684
tot_msg_rcv: 1526
tot_msg_sent: 2608
tot_reconf_duration: 22.65
tot_sleeping_duration: 2554239.976600012
tot_uptimes: 665
tot_uptimes_duration: 39840.03039998817
