comms_cons: 253.08866559551228
finished_reconf: true
global_termination_time: 2596482.961
local_termination_time: 1734221.2149599998
node_cons: 53361.118979999235
tot_aggregated_send: 37352
tot_msg_rcv: 350
tot_msg_sent: 766
tot_reconf_duration: 11.31
tot_sleeping_duration: 2556642.961
tot_uptimes: 665
tot_uptimes_duration: 39840.0
