comms_cons: 255.8848256196327
finished_reconf: true
global_termination_time: 2572828.259
local_termination_time: 481796.16028000036
node_cons: 52884.23937999916
tot_aggregated_send: 36656
tot_msg_rcv: 743
tot_msg_sent: 1494
tot_reconf_duration: 15.110000000000001
tot_sleeping_duration: 2533348.259
tot_uptimes: 659
tot_uptimes_duration: 39480.0
