comms_cons: 261.9525632018895
finished_reconf: true
global_termination_time: 2571525.628
local_termination_time: 316398.3817200006
node_cons: 52874.40468893417
tot_aggregated_send: 35032
tot_msg_rcv: 1647
tot_msg_sent: 3137
tot_reconf_duration: 7.819999999999999
tot_sleeping_duration: 2532045.579360019
tot_uptimes: 659
tot_uptimes_duration: 39480.04863998131
