comms_cons: 265.43124483187853
finished_reconf: true
global_termination_time: 2576615.725
local_termination_time: 328892.4881600003
node_cons: 52951.53977453273
tot_aggregated_send: 34046
tot_msg_rcv: 2114
tot_msg_sent: 4184
tot_reconf_duration: 5.43
tot_sleeping_duration: 2537075.64596002
tot_uptimes: 660
tot_uptimes_duration: 39540.07903998025
