comms_cons: 506.6326144694804
finished_reconf: true
global_termination_time: 5096100.241
local_termination_time: 391467.877
node_cons: 104868.01677325214
tot_aggregated_send: 70869
tot_msg_rcv: 2004
tot_msg_sent: 4132
tot_reconf_duration: 13.17
tot_sleeping_duration: 5017795.4374800185
tot_uptimes: 1306
tot_uptimes_duration: 78304.8035199815
