comms_cons: 517.28809614448
finished_reconf: true
global_termination_time: 5097164.008
local_termination_time: 996555.93936
node_cons: 104852.1956066993
tot_aggregated_send: 70064
tot_msg_rcv: 2930
tot_msg_sent: 5630
tot_reconf_duration: 6.22
tot_sleeping_duration: 5018863.971520013
tot_uptimes: 1306
tot_uptimes_duration: 78300.03647998674
