comms_cons: 512.0766081035423
finished_reconf: true
global_termination_time: 5098258.661
local_termination_time: 632165.3155999997
node_cons: 104851.13906893275
tot_aggregated_send: 70992
tot_msg_rcv: 2137
tot_msg_sent: 4703
tot_reconf_duration: 5.43
tot_sleeping_duration: 5019958.612360018
tot_uptimes: 1306
tot_uptimes_duration: 78300.04863998201
