comms_cons: 345.40991363965435
finished_reconf: true
global_termination_time: 3434684.951
local_termination_time: 72964.0561999999
node_cons: 70625.89163453659
tot_aggregated_send: 47096
tot_msg_rcv: 1906
tot_msg_sent: 3496
tot_reconf_duration: 5.1
tot_sleeping_duration: 3381944.871960016
tot_uptimes: 880
tot_uptimes_duration: 52740.079039983684
