comms_cons: 342.0222720104908
finished_reconf: true
global_termination_time: 3436003.756
local_termination_time: 658172.6589199994
node_cons: 70629.89506669968
tot_aggregated_send: 47734
tot_msg_rcv: 1392
tot_msg_sent: 2859
tot_reconf_duration: 8.09
tot_sleeping_duration: 3383263.719520014
tot_uptimes: 880
tot_uptimes_duration: 52740.03647998604
