comms_cons: 344.9546624318062
finished_reconf: true
global_termination_time: 3431805.484
local_termination_time: 697777.969639998
node_cons: 70565.76724389139
tot_aggregated_send: 48024
tot_msg_rcv: 1507
tot_msg_sent: 2900
tot_reconf_duration: 15.34
tot_sleeping_duration: 3379120.6927200207
tot_uptimes: 879
tot_uptimes_duration: 52684.791279979836
