comms_cons: 104.48427519381882
finished_reconf: true
global_termination_time: 1027484.5595599985
local_termination_time: 1027484.5184399985
node_cons: 21246.49149679566
tot_aggregated_send: 14242
tot_msg_rcv: 604
tot_msg_sent: 1034
tot_reconf_duration: 37.410000000000004
tot_sleeping_duration: 1011655.0683600018
tot_uptimes: 264
tot_uptimes_duration: 15829.49119999673
