comms_cons: 144.4576703687993
finished_reconf: true
global_termination_time: 1031356.805
local_termination_time: 211300.08388000086
node_cons: 21218.312663359724
tot_aggregated_send: 0
tot_msg_rcv: 11274
tot_msg_sent: 10686
tot_reconf_duration: 6.279999999999999
tot_sleeping_duration: 1015516.7867600003
tot_uptimes: 265
tot_uptimes_duration: 15840.018239999772
