comms_cons: 102.31313919289212
finished_reconf: true
global_termination_time: 1027602.175
local_termination_time: 272029.95536
node_cons: 21141.848367827035
tot_aggregated_send: 13340
tot_msg_rcv: 848
tot_msg_sent: 1363
tot_reconf_duration: 9.11
tot_sleeping_duration: 1011822.1324400097
tot_uptimes: 264
tot_uptimes_duration: 15780.04255999031
