comms_cons: 102.96696319819853
finished_reconf: true
global_termination_time: 1028330.85
local_termination_time: 414506.5996800007
node_cons: 21135.3897611214
tot_aggregated_send: 14442
tot_msg_rcv: 511
tot_msg_sent: 697
tot_reconf_duration: 4.390000000000001
tot_sleeping_duration: 1012550.843919999
tot_uptimes: 264
tot_uptimes_duration: 15780.006080001069
