comms_cons: 526.5152893125179
finished_reconf: true
global_termination_time: 1088602.720639998
local_termination_time: 1088602.6795199981
node_cons: 66130.71479551117
tot_aggregated_send: 0
tot_msg_rcv: 32355
tot_msg_sent: 47670
tot_reconf_duration: 37.410000000000004
tot_sleeping_duration: 1039252.5249600038
tot_uptimes: 810
tot_uptimes_duration: 49350.195679994395
