comms_cons: 107.63473919663501
finished_reconf: true
global_termination_time: 1091522.139
local_termination_time: 672835.5124799998
node_cons: 22429.738241116804
tot_aggregated_send: 15312
tot_msg_rcv: 389
tot_msg_sent: 658
tot_reconf_duration: 10.95
tot_sleeping_duration: 1074782.1329200023
tot_uptimes: 280
tot_uptimes_duration: 16740.006079997635
