comms_cons: 147.93359359163006
finished_reconf: true
global_termination_time: 1470018.7707999984
local_termination_time: 1470018.7296799985
node_cons: 30310.320424671874
tot_aggregated_send: 20344
tot_msg_rcv: 638
tot_msg_sent: 1503
tot_reconf_duration: 24.59
tot_sleeping_duration: 1447407.1746800046
tot_uptimes: 377
tot_uptimes_duration: 22611.596119993887
