comms_cons: 64.35836160344039
finished_reconf: true
global_termination_time: 218859.74856000076
local_termination_time: 3422.114040000001
node_cons: 9013.11007784107
tot_aggregated_send: 0
tot_msg_rcv: 3293
tot_msg_sent: 6488
tot_reconf_duration: 4.390000000000001
tot_sleeping_duration: 212132.97599999997
tot_uptimes: 111
tot_uptimes_duration: 6726.772560000791
