comms_cons: 65.41006080063157
finished_reconf: true
global_termination_time: 647842.7029199983
local_termination_time: 647842.6617999984
node_cons: 13359.943580239851
tot_aggregated_send: 8802
tot_msg_rcv: 337
tot_msg_sent: 802
tot_reconf_duration: 24.59
tot_sleeping_duration: 637890.0887599986
tot_uptimes: 166
tot_uptimes_duration: 9952.614159999866
