comms_cons: 63.52875520008866
finished_reconf: true
global_termination_time: 649716.942
local_termination_time: 248218.55236000006
node_cons: 13351.798980000016
tot_aggregated_send: 9396
tot_msg_rcv: 93
tot_msg_sent: 167
tot_reconf_duration: 11.31
tot_sleeping_duration: 639756.942
tot_uptimes: 167
tot_uptimes_duration: 9960.0
