comms_cons: 439.8119744372761
finished_reconf: true
global_termination_time: 4434814.58748
local_termination_time: 4434814.54636
node_cons: 91237.66794207212
tot_aggregated_send: 63612
tot_msg_rcv: 1021
tot_msg_sent: 2213
tot_reconf_duration: 24.59
tot_sleeping_duration: 4366700.864760004
tot_uptimes: 1136
tot_uptimes_duration: 68113.72271999618
