comms_cons: 447.1515520606865
finished_reconf: true
global_termination_time: 4434814.803239997
local_termination_time: 26840.025560000005
node_cons: 91233.78691717138
tot_aggregated_send: 61538
tot_msg_rcv: 2194
tot_msg_sent: 4231
tot_reconf_duration: 18.21
tot_sleeping_duration: 4366697.508440016
tot_uptimes: 1136
tot_uptimes_duration: 68117.29479998047
