comms_cons: 430.0200192035694
finished_reconf: true
global_termination_time: 4436238.421
local_termination_time: 2285226.51836
node_cons: 91273.17394111479
tot_aggregated_send: 61422
tot_msg_rcv: 1348
tot_msg_sent: 2591
tot_reconf_duration: 5.1
tot_sleeping_duration: 4368078.414920002
tot_uptimes: 1137
tot_uptimes_duration: 68160.00607999787
