comms_cons: 713.4975689855087
finished_reconf: true
global_termination_time: 4439590.901
local_termination_time: 1232270.1034799998
node_cons: 91276.89212446526
tot_aggregated_send: 0
tot_msg_rcv: 54736
tot_msg_sent: 53711
tot_reconf_duration: 7.819999999999999
tot_sleeping_duration: 4371430.876680009
tot_uptimes: 1137
tot_uptimes_duration: 68160.02431999077
