comms_cons: 80.79915519792229
finished_reconf: true
global_termination_time: 808363.1141200002
local_termination_time: 32997.52948000001
node_cons: 16661.32634192076
tot_aggregated_send: 11252
tot_msg_rcv: 387
tot_msg_sent: 642
tot_reconf_duration: 4.8100000000000005
tot_sleeping_duration: 795924.8808399995
tot_uptimes: 208
tot_uptimes_duration: 12438.233280000553
