comms_cons: 392.60426227407726
finished_reconf: true
global_termination_time: 808363.1395999998
local_termination_time: 808363.0984799998
node_cons: 49462.414540643964
tot_aggregated_send: 0
tot_msg_rcv: 24019
tot_msg_sent: 35654
tot_reconf_duration: 24.59
tot_sleeping_duration: 771448.2618399963
tot_uptimes: 602
tot_uptimes_duration: 36914.877760003445
