comms_cons: 82.36500479447655
finished_reconf: true
global_termination_time: 810520.409
local_termination_time: 149752.5178400001
node_cons: 16641.007701121423
tot_aggregated_send: 10962
tot_msg_rcv: 516
tot_msg_sent: 1041
tot_reconf_duration: 7.819999999999999
tot_sleeping_duration: 798100.402919999
tot_uptimes: 208
tot_uptimes_duration: 12420.006080001069
