comms_cons: 406.3248128743228
finished_reconf: true
global_termination_time: 4038875.134
local_termination_time: 1103712.16436
node_cons: 83075.79962781738
tot_aggregated_send: 56492
tot_msg_rcv: 1780
tot_msg_sent: 3487
tot_reconf_duration: 3.08
tot_sleeping_duration: 3976835.0914400155
tot_uptimes: 1035
tot_uptimes_duration: 62040.042559984606
