comms_cons: 407.8108608443642
finished_reconf: true
global_termination_time: 4039021.886
local_termination_time: 1912926.4486
node_cons: 83096.97902334956
tot_aggregated_send: 56086
tot_msg_rcv: 2020
tot_msg_sent: 3877
tot_reconf_duration: 18.700000000000003
tot_sleeping_duration: 3976981.8677600063
tot_uptimes: 1035
tot_uptimes_duration: 62040.0182399936
