comms_cons: 410.1524096687725
finished_reconf: true
global_termination_time: 4041227.621
local_termination_time: 1912936.9537999986
node_cons: 83086.45452334925
tot_aggregated_send: 55158
tot_msg_rcv: 2371
tot_msg_sent: 4810
tot_reconf_duration: 10.95
tot_sleeping_duration: 3979187.602760006
tot_uptimes: 1035
tot_uptimes_duration: 62040.01823999337
