comms_cons: 402.1001728331236
finished_reconf: true
global_termination_time: 4038559.596
local_termination_time: 1933311.5559999992
node_cons: 83087.72019999806
tot_aggregated_send: 57594
tot_msg_rcv: 1155
tot_msg_sent: 2367
tot_reconf_duration: 11.899999999999999
tot_sleeping_duration: 3976519.596
tot_uptimes: 1035
tot_uptimes_duration: 62040.0
