comms_cons: 405.57203206513543
finished_reconf: true
global_termination_time: 4038934.36
local_termination_time: 525596.7693599998
node_cons: 83092.46499005058
tot_aggregated_send: 55564
tot_msg_rcv: 1960
tot_msg_sent: 4119
tot_reconf_duration: 15.34
tot_sleeping_duration: 3976894.3052800205
tot_uptimes: 1035
tot_uptimes_duration: 62040.05471997964
