comms_cons: 121.5712959928584
finished_reconf: true
global_termination_time: 1243577.068
local_termination_time: 108428.99623999944
node_cons: 25555.693504564413
tot_aggregated_send: 15312
tot_msg_rcv: 835
tot_msg_sent: 2332
tot_reconf_duration: 5.43
tot_sleeping_duration: 1224496.9189599967
tot_uptimes: 319
tot_uptimes_duration: 19080.149040003264
