comms_cons: 339.12486373270247
finished_reconf: true
global_termination_time: 2117835.917
local_termination_time: 565406.4093599999
node_cons: 43548.43818223331
tot_aggregated_send: 0
tot_msg_rcv: 25875
tot_msg_sent: 25670
tot_reconf_duration: 3.05
tot_sleeping_duration: 2085315.9048400046
tot_uptimes: 543
tot_uptimes_duration: 32520.01215999527
