comms_cons: 208.3106303883999
finished_reconf: true
global_termination_time: 2116692.532
local_termination_time: 1445405.7309599987
node_cons: 43552.734901116375
tot_aggregated_send: 29522
tot_msg_rcv: 635
tot_msg_sent: 1505
tot_reconf_duration: 6.22
tot_sleeping_duration: 2084172.5259200025
tot_uptimes: 543
tot_uptimes_duration: 32520.006079997635
