comms_cons: 110.73451519986298
finished_reconf: true
global_termination_time: 1127243.866
local_termination_time: 396001.1108400005
node_cons: 23148.960539999964
tot_aggregated_send: 16298
tot_msg_rcv: 189
tot_msg_sent: 344
tot_reconf_duration: 8.129999999999999
tot_sleeping_duration: 1109963.866
tot_uptimes: 289
tot_uptimes_duration: 17280.0
