comms_cons: 83.32556799934112
finished_reconf: true
global_termination_time: 853774.481
local_termination_time: 642113.1023599998
node_cons: 17521.684059999956
tot_aggregated_send: 12064
tot_msg_rcv: 189
tot_msg_sent: 412
tot_reconf_duration: 5.57
tot_sleeping_duration: 840694.481
tot_uptimes: 219
tot_uptimes_duration: 13080.0
