comms_cons: 83.87822079930078
finished_reconf: true
global_termination_time: 853293.511
local_termination_time: 199780.2246400004
node_cons: 17521.0887015638
tot_aggregated_send: 11368
tot_msg_rcv: 441
tot_msg_sent: 940
tot_reconf_duration: 5.1
tot_sleeping_duration: 840213.4789599972
tot_uptimes: 219
tot_uptimes_duration: 13080.032040002814
