comms_cons: 86.34159359704232
finished_reconf: true
global_termination_time: 854286.79
local_termination_time: 82085.196
node_cons: 17548.518105600284
tot_aggregated_send: 10883
tot_msg_rcv: 779
tot_msg_sent: 1461
tot_reconf_duration: 25.299999999999997
tot_sleeping_duration: 841206.7595999999
tot_uptimes: 219
tot_uptimes_duration: 13080.030400000207
