comms_cons: 9.039820800086224
finished_reconf: true
global_termination_time: 84224.086
local_termination_time: 52451.25900000009
node_cons: 1711.8773211202897
tot_aggregated_send: 870
tot_msg_rcv: 170
tot_msg_sent: 334
tot_reconf_duration: 18.21
tot_sleeping_duration: 82964.07991999979
tot_uptimes: 22
tot_uptimes_duration: 1260.0060800002175
