comms_cons: 11.454387200007766
finished_reconf: true
global_termination_time: 84022.46
local_termination_time: 56292.31084000003
node_cons: 1695.6845222394406
tot_aggregated_send: 580
tot_msg_rcv: 520
tot_msg_sent: 641
tot_reconf_duration: 6.279999999999999
tot_sleeping_duration: 82762.44784000043
tot_uptimes: 22
tot_uptimes_duration: 1260.0121599995837
