comms_cons: 10.744460800223735
finished_reconf: true
global_termination_time: 80782.74
local_termination_time: 39819.86236000001
node_cons: 1613.733941120289
tot_aggregated_send: 464
tot_msg_rcv: 464
tot_msg_sent: 706
tot_reconf_duration: 5.1
tot_sleeping_duration: 79582.7339199998
tot_uptimes: 21
tot_uptimes_duration: 1200.0060800002175
