comms_cons: 10.402342400167853
finished_reconf: true
global_termination_time: 80530.039
local_termination_time: 52524.26136000019
node_cons: 1614.0274030402575
tot_aggregated_send: 754
tot_msg_rcv: 422
tot_msg_sent: 405
tot_reconf_duration: 4.8100000000000005
tot_sleeping_duration: 79329.51963999981
tot_uptimes: 21
tot_uptimes_duration: 1200.5193600001949
