comms_cons: 9.572736000045676
finished_reconf: true
global_termination_time: 83545.339
local_termination_time: 47322.05036000001
node_cons: 1697.7677011202907
tot_aggregated_send: 638
tot_msg_rcv: 243
tot_msg_sent: 574
tot_reconf_duration: 7.819999999999999
tot_sleeping_duration: 82285.3329199998
tot_uptimes: 22
tot_uptimes_duration: 1260.0060800002175
