comms_cons: 101.90055039586396
finished_reconf: true
global_termination_time: 1033125.485
local_termination_time: 473667.9503600001
node_cons: 21216.316403355126
tot_aggregated_send: 13862
tot_msg_rcv: 462
tot_msg_sent: 1165
tot_reconf_duration: 4.8100000000000005
tot_sleeping_duration: 1017285.4667600036
tot_uptimes: 265
tot_uptimes_duration: 15840.018239996338
