comms_cons: 101.34662399845006
finished_reconf: true
global_termination_time: 1031489.686
local_termination_time: 677239.8336399992
node_cons: 21215.72976112148
tot_aggregated_send: 14210
tot_msg_rcv: 380
tot_msg_sent: 814
tot_reconf_duration: 4.390000000000001
tot_sleeping_duration: 1015649.679919999
tot_uptimes: 265
tot_uptimes_duration: 15840.006080001069
