comms_cons: 103.95793919694401
finished_reconf: true
global_termination_time: 1030103.34148
local_termination_time: 37082.59744000004
node_cons: 21163.94081983677
tot_aggregated_send: 14384
tot_msg_rcv: 548
tot_msg_sent: 868
tot_reconf_duration: 11.31
tot_sleeping_duration: 1014309.0309200024
tot_uptimes: 264
tot_uptimes_duration: 15794.310559997568
