comms_cons: 140.4518271944403
finished_reconf: true
global_termination_time: 1414561.203
local_termination_time: 384030.97836000007
node_cons: 29089.62826223371
tot_aggregated_send: 19952
tot_msg_rcv: 351
tot_msg_sent: 1045
tot_reconf_duration: 4.8100000000000005
tot_sleeping_duration: 1392841.1908400047
tot_uptimes: 363
tot_uptimes_duration: 21720.01215999527
