comms_cons: 142.0340991903936
finished_reconf: true
global_termination_time: 1413972.0724799999
local_termination_time: 1413972.03136
node_cons: 29134.864224315523
tot_aggregated_send: 19662
tot_msg_rcv: 593
tot_msg_sent: 1332
tot_reconf_duration: 24.59
tot_sleeping_duration: 1392238.3376000032
tot_uptimes: 363
tot_uptimes_duration: 21733.734879996613
