comms_cons: 0.7434495999996027
finished_reconf: true
global_termination_time: 5504.665
local_termination_time: 480.0333599999999
node_cons: 87.7139400000001
tot_aggregated_send: 0
tot_msg_rcv: 60
tot_msg_sent: 53
tot_reconf_duration: 5.43
tot_sleeping_duration: 5444.665
tot_uptimes: 2
tot_uptimes_duration: 60.00000000000006
