comms_cons: 84.72693759990524
finished_reconf: true
global_termination_time: 851646.473
local_termination_time: 187034.18399999998
node_cons: 17522.583042242888
tot_aggregated_send: 11945
tot_msg_rcv: 290
tot_msg_sent: 643
tot_reconf_duration: 6.22
tot_sleeping_duration: 838566.4608399979
tot_uptimes: 219
tot_uptimes_duration: 13080.012160002138
