comms_cons: 70.36357119778627
finished_reconf: true
global_termination_time: 682625.268
local_termination_time: 137602.10180000027
node_cons: 13987.71266336431
tot_aggregated_send: 8816
tot_msg_rcv: 604
tot_msg_sent: 1274
tot_reconf_duration: 6.279999999999999
tot_sleeping_duration: 672185.2497599968
tot_uptimes: 175
tot_uptimes_duration: 10440.018240003206
