comms_cons: 69.80433920165045
finished_reconf: true
global_termination_time: 679587.256
local_termination_time: 12422.747
node_cons: 13985.948869603204
tot_aggregated_send: 8815
tot_msg_rcv: 510
tot_msg_sent: 1284
tot_reconf_duration: 3.08
tot_sleeping_duration: 669145.3095999976
tot_uptimes: 175
tot_uptimes_duration: 10441.946400002378
