comms_cons: 69.08563199785307
finished_reconf: true
global_termination_time: 680126.677
local_termination_time: 324242.29636000004
node_cons: 14004.562741121388
tot_aggregated_send: 9338
tot_msg_rcv: 424
tot_msg_sent: 738
tot_reconf_duration: 18.700000000000003
tot_sleeping_duration: 669686.670919999
tot_uptimes: 175
tot_uptimes_duration: 10440.006080001069
