comms_cons: 69.75330559757003
finished_reconf: true
global_termination_time: 680220.468
local_termination_time: 29888.19148
node_cons: 13986.550222240603
tot_aggregated_send: 9106
tot_msg_rcv: 510
tot_msg_sent: 986
tot_reconf_duration: 5.43
tot_sleeping_duration: 669780.4558399995
tot_uptimes: 175
tot_uptimes_duration: 10440.012160000435
