comms_cons: 69.98295040011476
finished_reconf: true
global_termination_time: 735463.591
local_termination_time: 537916.6403599998
node_cons: 15109.88162000004
tot_aggregated_send: 10440
tot_msg_rcv: 74
tot_msg_sent: 123
tot_reconf_duration: 4.390000000000001
tot_sleeping_duration: 724183.591
tot_uptimes: 189
tot_uptimes_duration: 11280.0
