comms_cons: 431.1186048744386
finished_reconf: true
global_termination_time: 4270866.068
local_termination_time: 2147857.4371599993
node_cons: 87822.29654781683
tot_aggregated_send: 59044
tot_msg_rcv: 2130
tot_msg_sent: 4352
tot_reconf_duration: 7.819999999999999
tot_sleeping_duration: 4205286.025440016
tot_uptimes: 1094
tot_uptimes_duration: 65580.0425599846
