comms_cons: 100.77166081510515
finished_reconf: true
global_termination_time: 513444.60040000046
local_termination_time: 1919.3630400000015
node_cons: 10596.971593600629
tot_aggregated_send: 0
tot_msg_rcv: 7711
tot_msg_sent: 7603
tot_reconf_duration: 22.65
tot_sleeping_duration: 505553.478
tot_uptimes: 132
tot_uptimes_duration: 7891.122400000459
