comms_cons: 223.99509758754644
finished_reconf: true
global_termination_time: 2226786.675
local_termination_time: 838170.4073599989
node_cons: 45802.36894558369
tot_aggregated_send: 31146
tot_msg_rcv: 1047
tot_msg_sent: 1853
tot_reconf_duration: 6.279999999999999
tot_sleeping_duration: 2192586.644600012
tot_uptimes: 571
tot_uptimes_duration: 34200.03039998817
