comms_cons: 83.75979519864941
finished_reconf: true
global_termination_time: 867088.171
local_termination_time: 7005.664
node_cons: 17840.852241121458
tot_aggregated_send: 12001
tot_msg_rcv: 261
tot_msg_sent: 469
tot_reconf_duration: 3.95
tot_sleeping_duration: 853768.164919999
tot_uptimes: 223
tot_uptimes_duration: 13320.006080001069
