comms_cons: 237.5420159860126
finished_reconf: true
global_termination_time: 2404726.826
local_termination_time: 579518.4704799999
node_cons: 49413.26632334989
tot_aggregated_send: 33524
tot_msg_rcv: 777
tot_msg_sent: 1804
tot_reconf_duration: 3.05
tot_sleeping_duration: 2367826.8077600067
tot_uptimes: 616
tot_uptimes_duration: 36900.0182399929
