comms_cons: 237.93302399254355
finished_reconf: true
global_termination_time: 2402735.311
local_termination_time: 702991.798479999
node_cons: 49419.727701116244
tot_aggregated_send: 33756
tot_msg_rcv: 901
tot_msg_sent: 1507
tot_reconf_duration: 7.819999999999999
tot_sleeping_duration: 2365835.3049200024
tot_uptimes: 616
tot_uptimes_duration: 36900.006079997635
