comms_cons: 168.92158719762492
finished_reconf: true
global_termination_time: 1715677.739
local_termination_time: 1083932.97736
node_cons: 35293.98917999989
tot_aggregated_send: 24882
tot_msg_rcv: 283
tot_msg_sent: 510
tot_reconf_duration: 18.21
tot_sleeping_duration: 1689337.739
tot_uptimes: 440
tot_uptimes_duration: 26340.0
