comms_cons: 89.33895679999937
finished_reconf: true
global_termination_time: 915091.427
local_termination_time: 728609.7003599999
node_cons: 18806.091980000103
tot_aggregated_send: 13456
tot_msg_rcv: 58
tot_msg_sent: 65
tot_reconf_duration: 4.8100000000000005
tot_sleeping_duration: 901051.427
tot_uptimes: 235
tot_uptimes_duration: 14040.0
