comms_cons: 88.10269440013163
finished_reconf: true
global_termination_time: 915976.668
local_termination_time: 204479.682
node_cons: 18812.470771761364
tot_aggregated_send: 12757
tot_msg_rcv: 151
tot_msg_sent: 484
tot_reconf_duration: 6.22
tot_sleeping_duration: 901933.3341599989
tot_uptimes: 235
tot_uptimes_duration: 14043.333840000996
