comms_cons: 76.94200960924668
finished_reconf: true
global_termination_time: 378318.9062000007
local_termination_time: 3461.2656
node_cons: 7798.817711043839
tot_aggregated_send: 0
tot_msg_rcv: 6084
tot_msg_sent: 5605
tot_reconf_duration: 18.21
tot_sleeping_duration: 372513.01483999786
tot_uptimes: 97
tot_uptimes_duration: 5805.891360002861
