comms_cons: 109.98933121323621
finished_reconf: true
global_termination_time: 378318.2650800006
local_termination_time: 378318.2239600006
node_cons: 15454.87458412089
tot_aggregated_send: 0
tot_msg_rcv: 5602
tot_msg_sent: 11115
tot_reconf_duration: 24.59
tot_sleeping_duration: 366801.102
tot_uptimes: 190
tot_uptimes_duration: 11517.163080000639
