comms_cons: 196.10784630819953
finished_reconf: true
global_termination_time: 973605.665
local_termination_time: 1989.5663600000003
node_cons: 20012.29733007911
tot_aggregated_send: 0
tot_msg_rcv: 15346
tot_msg_sent: 14460
tot_reconf_duration: 5.57
tot_sleeping_duration: 958665.6102800007
tot_uptimes: 250
tot_uptimes_duration: 14940.054719999316
