comms_cons: 196.13722230646064
finished_reconf: true
global_termination_time: 977073.113
local_termination_time: 291.39947999999913
node_cons: 20091.94208224289
tot_aggregated_send: 0
tot_msg_rcv: 15302
tot_msg_sent: 14507
tot_reconf_duration: 5.1
tot_sleeping_duration: 962073.1008399979
tot_uptimes: 251
tot_uptimes_duration: 15000.012160002138
