comms_cons: 101.41362559355072
finished_reconf: true
global_termination_time: 977590.874
local_termination_time: 39641.44964000018
node_cons: 20139.068658324562
tot_aggregated_send: 12934
tot_msg_rcv: 921
tot_msg_sent: 1560
tot_reconf_duration: 25.299999999999997
tot_sleeping_duration: 962576.1531199965
tot_uptimes: 251
tot_uptimes_duration: 15014.720880003384
