comms_cons: 194.59974390718585
finished_reconf: true
global_termination_time: 973501.3855999999
local_termination_time: 569.42936
node_cons: 20036.256215123874
tot_aggregated_send: 0
tot_msg_rcv: 15123
tot_msg_sent: 14453
tot_reconf_duration: 8.09
tot_sleeping_duration: 958545.9935199971
tot_uptimes: 250
tot_uptimes_duration: 14955.392080002872
