comms_cons: 98.51036159597791
finished_reconf: true
global_termination_time: 973501.4701200001
local_termination_time: 143325.01436000052
node_cons: 20053.10843080162
tot_aggregated_send: 13340
tot_msg_rcv: 658
tot_msg_sent: 975
tot_reconf_duration: 18.700000000000003
tot_sleeping_duration: 958544.2529199988
tot_uptimes: 250
tot_uptimes_duration: 14957.217200001178
