comms_cons: 95.62769919670875
finished_reconf: true
global_termination_time: 974732.671
local_termination_time: 166899.37312000047
node_cons: 20019.54638223367
tot_aggregated_send: 13572
tot_msg_rcv: 387
tot_msg_sent: 576
tot_reconf_duration: 10.95
tot_sleeping_duration: 959792.6588400047
tot_uptimes: 250
tot_uptimes_duration: 14940.012159995269
