comms_cons: 102.1828095920819
finished_reconf: true
global_termination_time: 974485.231
local_termination_time: 46993.780440000046
node_cons: 20010.678607838578
tot_aggregated_send: 12818
tot_msg_rcv: 1083
tot_msg_sent: 1632
tot_reconf_duration: 4.390000000000001
tot_sleeping_duration: 959545.1884400011
tot_uptimes: 250
tot_uptimes_duration: 14940.04255999891
