comms_cons: 99.97940479287585
finished_reconf: true
global_termination_time: 975558.641
local_termination_time: 270341.9123600001
node_cons: 20008.810041116925
tot_aggregated_send: 13282
tot_msg_rcv: 754
tot_msg_sent: 1161
tot_reconf_duration: 3.05
tot_sleeping_duration: 960618.6349200023
tot_uptimes: 250
tot_uptimes_duration: 14940.006079997635
