comms_cons: 242.86543358596958
finished_reconf: true
global_termination_time: 2470649.957
local_termination_time: 812989.5059999999
node_cons: 50797.61202877725
tot_aggregated_send: 34033
tot_msg_rcv: 957
tot_msg_sent: 1924
tot_reconf_duration: 15.34
tot_sleeping_duration: 2432728.5378000163
tot_uptimes: 633
tot_uptimes_duration: 37921.41919998359
