comms_cons: 247.6454271826303
finished_reconf: true
global_termination_time: 2471457.847
local_termination_time: 708589.3951599993
node_cons: 50781.86278781706
tot_aggregated_send: 34394
tot_msg_rcv: 1150
tot_msg_sent: 2096
tot_reconf_duration: 5.1
tot_sleeping_duration: 2433537.8044400164
tot_uptimes: 633
tot_uptimes_duration: 37920.04255998344
