comms_cons: 250.18065918588817
finished_reconf: true
global_termination_time: 2470678.889
local_termination_time: 446057.98736
node_cons: 50781.4689678171
tot_aggregated_send: 33466
tot_msg_rcv: 1520
tot_msg_sent: 3040
tot_reconf_duration: 4.8100000000000005
tot_sleeping_duration: 2432758.8464400168
tot_uptimes: 633
tot_uptimes_duration: 37920.04255998344
