comms_cons: 244.50280958829245
finished_reconf: true
global_termination_time: 2471021.433
local_termination_time: 821580.0783599999
node_cons: 50785.54840670004
tot_aggregated_send: 34684
tot_msg_rcv: 860
tot_msg_sent: 1619
tot_reconf_duration: 7.819999999999999
tot_sleeping_duration: 2433101.3965200144
tot_uptimes: 633
tot_uptimes_duration: 37920.036479985574
