comms_cons: 15.268934399987241
finished_reconf: true
global_termination_time: 3486.484640000001
local_termination_time: 3486.443520000001
node_cons: 1673.4975669600033
tot_aggregated_send: 0
tot_msg_rcv: 1127
tot_msg_sent: 1192
tot_reconf_duration: 37.410000000000004
tot_sleeping_duration: 2274.6139999999987
tot_uptimes: 17
tot_uptimes_duration: 1211.870640000002
