comms_cons: 263.86539518777573
finished_reconf: true
global_termination_time: 2692556.631
local_termination_time: 981815.2512799993
node_cons: 55362.81266334961
tot_aggregated_send: 37932
tot_msg_rcv: 747
tot_msg_sent: 1427
tot_reconf_duration: 6.279999999999999
tot_sleeping_duration: 2651216.612760007
tot_uptimes: 690
tot_uptimes_duration: 41340.0182399929
