comms_cons: 270.67644160783567
finished_reconf: true
global_termination_time: 2695039.294
local_termination_time: 78631.64347999996
node_cons: 55452.53370670497
tot_aggregated_send: 37700
tot_msg_rcv: 1180
tot_msg_sent: 2262
tot_reconf_duration: 13.17
tot_sleeping_duration: 2653639.2575200107
tot_uptimes: 691
tot_uptimes_duration: 41400.036479989474
