comms_cons: 137.42940798775828
finished_reconf: true
global_termination_time: 1357336.799
local_termination_time: 467906.9465600007
node_cons: 27884.52012111687
tot_aggregated_send: 18618
tot_msg_rcv: 762
tot_msg_sent: 1508
tot_reconf_duration: 4.8100000000000005
tot_sleeping_duration: 1336516.7929200025
tot_uptimes: 348
tot_uptimes_duration: 20820.006079997635
