comms_cons: 56.436377600858364
finished_reconf: true
global_termination_time: 557686.226
local_termination_time: 71481.02935999997
node_cons: 11416.824522242876
tot_aggregated_send: 7656
tot_msg_rcv: 345
tot_msg_sent: 577
tot_reconf_duration: 6.279999999999999
tot_sleeping_duration: 549166.2138399979
tot_uptimes: 143
tot_uptimes_duration: 8520.012160002138
