comms_cons: 56.633753599994286
finished_reconf: true
global_termination_time: 556049.534
local_termination_time: 95608.20435999997
node_cons: 11415.222082238286
tot_aggregated_send: 7540
tot_msg_rcv: 371
tot_msg_sent: 697
tot_reconf_duration: 5.1
tot_sleeping_duration: 547529.5218400013
tot_uptimes: 143
tot_uptimes_duration: 8520.012159998703
