comms_cons: 345.1672575280163
finished_reconf: true
global_termination_time: 712981.0925999999
local_termination_time: 712981.0514799999
node_cons: 43511.44199520731
tot_aggregated_send: 0
tot_msg_rcv: 21099
tot_msg_sent: 31363
tot_reconf_duration: 24.59
tot_sleeping_duration: 680510.5557999942
tot_uptimes: 532
tot_uptimes_duration: 32470.536800005746
