comms_cons: 641.8505281010165
finished_reconf: true
global_termination_time: 6464389.858
local_termination_time: 2562452.57036
node_cons: 132969.6746466984
tot_aggregated_send: 90190
tot_msg_rcv: 2605
tot_msg_sent: 4762
tot_reconf_duration: 5.1
tot_sleeping_duration: 6365089.821520013
tot_uptimes: 1656
tot_uptimes_duration: 99300.03647998697
