comms_cons: 631.0790593099055
finished_reconf: true
global_termination_time: 6465988.018
local_termination_time: 2847652.87448
node_cons: 132966.92334558125
tot_aggregated_send: 89494
tot_msg_rcv: 1881
tot_msg_sent: 4546
tot_reconf_duration: 3.08
tot_sleeping_duration: 6366687.987600011
tot_uptimes: 1656
tot_uptimes_duration: 99300.0303999891
