comms_cons: 627.3964032621338
finished_reconf: true
global_termination_time: 6464659.887
local_termination_time: 3324053.5833599996
node_cons: 132979.86782222983
tot_aggregated_send: 89552
tot_msg_rcv: 1983
tot_msg_sent: 3826
tot_reconf_duration: 12.629999999999999
tot_sleeping_duration: 6365359.874840004
tot_uptimes: 1656
tot_uptimes_duration: 99300.01215999573
