comms_cons: 785.2895296828066
finished_reconf: true
global_termination_time: 7933066.132119999
local_termination_time: 7933066.090999999
node_cons: 163270.68953614068
tot_aggregated_send: 114698
tot_msg_rcv: 1553
tot_msg_sent: 3107
tot_reconf_duration: 37.410000000000004
tot_sleeping_duration: 7811169.27868001
tot_uptimes: 2032
tot_uptimes_duration: 121896.85343998997
