comms_cons: 785.7024641282839
finished_reconf: true
global_termination_time: 7933120.18
local_termination_time: 2873703.388759998
node_cons: 163259.46522781445
tot_aggregated_send: 110084
tot_msg_rcv: 3241
tot_msg_sent: 6096
tot_reconf_duration: 6.279999999999999
tot_sleeping_duration: 7811200.137440015
tot_uptimes: 2032
tot_uptimes_duration: 121920.04255998484
