comms_cons: 784.2550209750509
finished_reconf: true
global_termination_time: 7933475.391
local_termination_time: 3673098.69736
node_cons: 163174.77962781448
tot_aggregated_send: 110432
tot_msg_rcv: 3075
tot_msg_sent: 5694
tot_reconf_duration: 3.08
tot_sleeping_duration: 7811615.348440015
tot_uptimes: 2032
tot_uptimes_duration: 121860.04255998507
