comms_cons: 782.5274049488607
finished_reconf: true
global_termination_time: 7934321.324
local_termination_time: 3833719.1571199982
node_cons: 163183.89367037476
tot_aggregated_send: 109736
tot_msg_rcv: 3093
tot_msg_sent: 6111
tot_reconf_duration: 9.11
tot_sleeping_duration: 7812460.590400015
tot_uptimes: 2032
tot_uptimes_duration: 121860.73359998548
