comms_cons: 774.3784192798922
finished_reconf: true
global_termination_time: 7933298.194
local_termination_time: 5501133.75436
node_cons: 163186.70019999365
tot_aggregated_send: 112926
tot_msg_rcv: 1636
tot_msg_sent: 3139
tot_reconf_duration: 11.899999999999999
tot_sleeping_duration: 7811438.194
tot_uptimes: 2032
tot_uptimes_duration: 121860.0
