comms_cons: 794.3528706536281
finished_reconf: true
global_termination_time: 7938410.512
local_termination_time: 1226968.2024399994
node_cons: 163259.42445339946
tot_aggregated_send: 108634
tot_msg_rcv: 4086
tot_msg_sent: 8016
tot_reconf_duration: 6.22
tot_sleeping_duration: 7816490.439040026
tot_uptimes: 2033
tot_uptimes_duration: 121920.07295997394
