comms_cons: 46.23861760049945
finished_reconf: true
global_termination_time: 450628.733
local_termination_time: 115650.61635999997
node_cons: 9245.640121119159
tot_aggregated_send: 6090
tot_msg_rcv: 361
tot_msg_sent: 577
tot_reconf_duration: 4.8100000000000005
tot_sleeping_duration: 443728.7269200006
tot_uptimes: 116
tot_uptimes_duration: 6900.006079999366
