comms_cons: 46.29187840073685
finished_reconf: true
global_termination_time: 452161.755
local_termination_time: 84900.89235999995
node_cons: 9243.258182242856
tot_aggregated_send: 5858
tot_msg_rcv: 362
tot_msg_sent: 816
tot_reconf_duration: 3.05
tot_sleeping_duration: 445261.74283999787
tot_uptimes: 116
tot_uptimes_duration: 6900.0121600021375
