comms_cons: 130.27665919474518
finished_reconf: true
global_termination_time: 1299885.733
local_termination_time: 97233.43079999984
node_cons: 26679.436403352855
tot_aggregated_send: 18212
tot_msg_rcv: 546
tot_msg_sent: 1044
tot_reconf_duration: 4.8100000000000005
tot_sleeping_duration: 1279965.7147600052
tot_uptimes: 333
tot_uptimes_duration: 19920.018239994635
