comms_cons: 13.231052800014862
finished_reconf: true
global_termination_time: 108010.746
local_termination_time: 21441.02936
node_cons: 2193.941744477743
tot_aggregated_send: 754
tot_msg_rcv: 516
tot_msg_sent: 742
tot_reconf_duration: 18.21
tot_sleeping_duration: 106390.72168000168
tot_uptimes: 28
tot_uptimes_duration: 1620.024319998316
