comms_cons: 13.255417599775452
finished_reconf: true
global_termination_time: 107498.927
local_termination_time: 2360.8954400000007
node_cons: 2199.954982239442
tot_aggregated_send: 986
tot_msg_rcv: 463
tot_msg_sent: 566
tot_reconf_duration: 22.65
tot_sleeping_duration: 105878.9148400004
tot_uptimes: 28
tot_uptimes_duration: 1620.0121599995837
