comms_cons: 14.18002559969047
finished_reconf: true
global_termination_time: 107307.656
local_termination_time: 51417.12128000017
node_cons: 2175.157902238311
tot_aggregated_send: 754
tot_msg_rcv: 588
tot_msg_sent: 813
tot_reconf_duration: 4.390000000000001
tot_sleeping_duration: 105687.64384000127
tot_uptimes: 28
tot_uptimes_duration: 1620.0121599987324
