comms_cons: 32.11370239991978
finished_reconf: true
global_termination_time: 13591.140240000002
local_termination_time: 1704.2950400000016
node_cons: 4205.629100080039
tot_aggregated_send: 0
tot_msg_rcv: 2453
tot_msg_sent: 2428
tot_reconf_duration: 18.21
tot_sleeping_duration: 10468.735519999973
tot_uptimes: 45
tot_uptimes_duration: 3122.4047200000286
