comms_cons: 2.1711359999970465
finished_reconf: true
global_termination_time: 14664.328
local_termination_time: 6414.58736
node_cons: 271.77870000000075
tot_aggregated_send: 0
tot_msg_rcv: 177
tot_msg_sent: 153
tot_reconf_duration: 22.65
tot_sleeping_duration: 14484.328
tot_uptimes: 4
tot_uptimes_duration: 180.0
