comms_cons: 2.1908735999949265
finished_reconf: true
global_termination_time: 14674.616
local_termination_time: 6894.02648
node_cons: 265.7491800000014
tot_aggregated_send: 0
tot_msg_rcv: 175
tot_msg_sent: 157
tot_reconf_duration: 18.21
tot_sleeping_duration: 14494.615999999998
tot_uptimes: 4
tot_uptimes_duration: 180.0000000000001
