comms_cons: 1.6974335999995231
finished_reconf: true
global_termination_time: 10656.842
local_termination_time: 1885.7488400000027
node_cons: 176.03897999999992
tot_aggregated_send: 0
tot_msg_rcv: 149
tot_msg_sent: 108
tot_reconf_duration: 11.31
tot_sleeping_duration: 10536.842
tot_uptimes: 3
tot_uptimes_duration: 120.0
