comms_cons: 313.7698815671523
finished_reconf: true
global_termination_time: 657331.237
local_termination_time: 443426.16296000016
node_cons: 40167.68314748088
tot_aggregated_send: 0
tot_msg_rcv: 19187
tot_msg_sent: 28504
tot_reconf_duration: 18.21
tot_sleeping_duration: 627351.4356799992
tot_uptimes: 497
tot_uptimes_duration: 29979.801320000835
