comms_cons: 240.02696960161947
finished_reconf: true
global_termination_time: 2380212.514
local_termination_time: 1238553.0489999999
node_cons: 48933.99394111631
tot_aggregated_send: 33112
tot_msg_rcv: 1162
tot_msg_sent: 2210
tot_reconf_duration: 5.1
tot_sleeping_duration: 2343672.507920002
tot_uptimes: 610
tot_uptimes_duration: 36540.00607999787
