comms_cons: 238.9942783871051
finished_reconf: true
global_termination_time: 2384437.219
local_termination_time: 1071433.1873199984
node_cons: 49013.38604334971
tot_aggregated_send: 33350
tot_msg_rcv: 943
tot_msg_sent: 2032
tot_reconf_duration: 4.390000000000001
tot_sleeping_duration: 2347837.200760007
tot_uptimes: 611
tot_uptimes_duration: 36600.0182399929
