comms_cons: 239.022963194521
finished_reconf: true
global_termination_time: 2381444.315
local_termination_time: 326868.33452000044
node_cons: 48931.22632335451
tot_aggregated_send: 33292
tot_msg_rcv: 1004
tot_msg_sent: 2035
tot_reconf_duration: 3.05
tot_sleeping_duration: 2344904.2967600035
tot_uptimes: 610
tot_uptimes_duration: 36540.01823999634
