comms_cons: 212.64632318227842
finished_reconf: true
global_termination_time: 2104140.016
local_termination_time: 709956.025999998
node_cons: 43231.47266335933
tot_aggregated_send: 29290
tot_msg_rcv: 1115
tot_msg_sent: 1916
tot_reconf_duration: 6.279999999999999
tot_sleeping_duration: 2071859.9977600002
tot_uptimes: 539
tot_uptimes_duration: 32280.018239999772
