comms_cons: 209.05346558826457
finished_reconf: true
global_termination_time: 2101434.972
local_termination_time: 1329282.1884799998
node_cons: 43240.804859999495
tot_aggregated_send: 29870
tot_msg_rcv: 581
tot_msg_sent: 1323
tot_reconf_duration: 13.17
tot_sleeping_duration: 2069154.972
tot_uptimes: 539
tot_uptimes_duration: 32280.0
