comms_cons: 64.33862399791053
finished_reconf: true
global_termination_time: 628859.143
local_termination_time: 18933.88736
node_cons: 12965.506841120028
tot_aggregated_send: 8352
tot_msg_rcv: 466
tot_msg_sent: 961
tot_reconf_duration: 22.65
tot_sleeping_duration: 619199.13692
tot_uptimes: 162
tot_uptimes_duration: 9660.006080000006
