comms_cons: 229.25900157407042
finished_reconf: true
global_termination_time: 2230239.877
local_termination_time: 611883.316879999
node_cons: 45895.02870781726
tot_aggregated_send: 29928
tot_msg_rcv: 1730
tot_msg_sent: 3188
tot_reconf_duration: 15.34
tot_sleeping_duration: 2195979.8344400167
tot_uptimes: 572
tot_uptimes_duration: 34260.04255998344
