comms_cons: 222.69276159021132
finished_reconf: true
global_termination_time: 2232204.653
local_termination_time: 494940.13436
node_cons: 45894.659379999466
tot_aggregated_send: 31958
tot_msg_rcv: 744
tot_msg_sent: 1146
tot_reconf_duration: 15.110000000000001
tot_sleeping_duration: 2197944.653
tot_uptimes: 572
tot_uptimes_duration: 34260.0
