comms_cons: 230.6397055669217
finished_reconf: true
global_termination_time: 2229807.701239997
local_termination_time: 19112.368480000005
node_cons: 45924.015549407275
tot_aggregated_send: 29696
tot_msg_rcv: 1997
tot_msg_sent: 3362
tot_reconf_duration: 22.65
tot_sleeping_duration: 2195533.4242800213
tot_uptimes: 572
tot_uptimes_duration: 34274.27695997595
