comms_cons: 225.7721791838097
finished_reconf: true
global_termination_time: 2232298.27
local_termination_time: 355429.7653600001
node_cons: 45884.83283005098
tot_aggregated_send: 30682
tot_msg_rcv: 1192
tot_msg_sent: 2442
tot_reconf_duration: 7.819999999999999
tot_sleeping_duration: 2198038.215280021
tot_uptimes: 572
tot_uptimes_duration: 34260.05471997871
