comms_cons: 382.44204128325833
finished_reconf: true
global_termination_time: 1947416.108
local_termination_time: 1300055.58436
node_cons: 40024.703403350315
tot_aggregated_send: 0
tot_msg_rcv: 29249
tot_msg_sent: 28879
tot_reconf_duration: 11.31
tot_sleeping_duration: 1917536.089760007
tot_uptimes: 499
tot_uptimes_duration: 29880.018239992904
