comms_cons: 367.98123524397994
finished_reconf: true
global_termination_time: 3687460.2854799996
local_termination_time: 3687460.2443599994
node_cons: 75892.72794207737
tot_aggregated_send: 52824
tot_msg_rcv: 1183
tot_msg_sent: 1923
tot_reconf_duration: 24.59
tot_sleeping_duration: 3630806.56276
tot_uptimes: 945
tot_uptimes_duration: 56653.72271999961
