comms_cons: 88.66850559901492
finished_reconf: true
global_termination_time: 893844.977
local_termination_time: 196490.04636000007
node_cons: 18335.413001121473
tot_aggregated_send: 12818
tot_msg_rcv: 264
tot_msg_sent: 395
tot_reconf_duration: 13.17
tot_sleeping_duration: 880164.9709199988
tot_uptimes: 229
tot_uptimes_duration: 13680.006080001069
