comms_cons: 88.773145595873
finished_reconf: true
global_termination_time: 895516.443
local_termination_time: 367982.12236000004
node_cons: 18408.479560000036
tot_aggregated_send: 12702
tot_msg_rcv: 218
tot_msg_sent: 573
tot_reconf_duration: 7.819999999999999
tot_sleeping_duration: 881776.443
tot_uptimes: 230
tot_uptimes_duration: 13740.0
