comms_cons: 917.455954444337
finished_reconf: true
global_termination_time: 2088587.037
local_termination_time: 373525.5844800001
node_cons: 126854.96814605207
tot_aggregated_send: 0
tot_msg_rcv: 56372
tot_msg_sent: 83074
tot_reconf_duration: 18.21
tot_sleeping_duration: 1993866.918280018
tot_uptimes: 1556
tot_uptimes_duration: 94720.11871998197
