comms_cons: 208.00104957929432
finished_reconf: true
global_termination_time: 2091872.086
local_termination_time: 388646.00536
node_cons: 42990.46080446689
tot_aggregated_send: 27840
tot_msg_rcv: 1205
tot_msg_sent: 2568
tot_reconf_duration: 6.279999999999999
tot_sleeping_duration: 2059772.0616800094
tot_uptimes: 536
tot_uptimes_duration: 32100.024319990538
