comms_cons: 205.06175999822702
finished_reconf: true
global_termination_time: 2091999.937
local_termination_time: 1025967.3033599999
node_cons: 43016.2655411165
tot_aggregated_send: 30566
tot_msg_rcv: 161
tot_msg_sent: 441
tot_reconf_duration: 25.299999999999997
tot_sleeping_duration: 2059899.9309200023
tot_uptimes: 536
tot_uptimes_duration: 32100.006079997635
