comms_cons: 207.75406718852395
finished_reconf: true
global_termination_time: 2090725.9
local_termination_time: 527239.3463599999
node_cons: 42986.090781116385
tot_aggregated_send: 29870
tot_msg_rcv: 546
tot_msg_sent: 1160
tot_reconf_duration: 3.08
tot_sleeping_duration: 2058625.8939200023
tot_uptimes: 536
tot_uptimes_duration: 32100.006079997635
