comms_cons: 207.27769598911848
finished_reconf: true
global_termination_time: 2091728.895
local_termination_time: 876891.9093599988
node_cons: 42996.77009999954
tot_aggregated_send: 29812
tot_msg_rcv: 538
tot_msg_sent: 1155
tot_reconf_duration: 10.95
tot_sleeping_duration: 2059628.895
tot_uptimes: 536
tot_uptimes_duration: 32100.0
