comms_cons: 841.1624953348098
finished_reconf: true
global_termination_time: 1739452.6825199982
local_termination_time: 1739452.6413999982
node_cons: 105648.19118397874
tot_aggregated_send: 0
tot_msg_rcv: 51651
tot_msg_sent: 76201
tot_reconf_duration: 24.59
tot_sleeping_duration: 1660576.8065200117
tot_uptimes: 1291
tot_uptimes_duration: 78875.87599998627
