comms_cons: 55.06790400078371
finished_reconf: true
global_termination_time: 549795.897
local_termination_time: 296301.02236000006
node_cons: 11255.164060000025
tot_aggregated_send: 7656
tot_msg_rcv: 255
tot_msg_sent: 459
tot_reconf_duration: 5.57
tot_sleeping_duration: 541395.897
tot_uptimes: 141
tot_uptimes_duration: 8400.0
