comms_cons: 57.17041920135917
finished_reconf: true
global_termination_time: 548308.362
local_termination_time: 29507.341200000003
node_cons: 11251.782605607174
tot_aggregated_send: 7076
tot_msg_rcv: 566
tot_msg_sent: 1047
tot_reconf_duration: 3.05
tot_sleeping_duration: 539908.3315999946
tot_uptimes: 141
tot_uptimes_duration: 8400.030400005344
