comms_cons: 399.2013120310595
finished_reconf: true
global_termination_time: 4068479.608
local_termination_time: 1647482.28036
node_cons: 83646.32766223197
tot_aggregated_send: 57362
tot_msg_rcv: 1044
tot_msg_sent: 2271
tot_reconf_duration: 9.11
tot_sleeping_duration: 4006019.5958400043
tot_uptimes: 1042
tot_uptimes_duration: 62460.0121599955
