comms_cons: 85.83287039643265
finished_reconf: true
global_termination_time: 865252.54
local_termination_time: 171974.99736000007
node_cons: 17762.728483364328
tot_aggregated_send: 12180
tot_msg_rcv: 231
tot_msg_sent: 635
tot_reconf_duration: 5.57
tot_sleeping_duration: 851992.5217599968
tot_uptimes: 222
tot_uptimes_duration: 13260.018240003206
