comms_cons: 87.51651839696949
finished_reconf: true
global_termination_time: 866030.956
local_termination_time: 516303.85452000034
node_cons: 17773.024860000005
tot_aggregated_send: 11948
tot_msg_rcv: 494
tot_msg_sent: 860
tot_reconf_duration: 13.17
tot_sleeping_duration: 852770.956
tot_uptimes: 222
tot_uptimes_duration: 13260.0
