comms_cons: 43.10741760122327
finished_reconf: true
global_termination_time: 403627.988
local_termination_time: 224241.91788000087
node_cons: 8279.170041121424
tot_aggregated_send: 4988
tot_msg_rcv: 630
tot_msg_sent: 934
tot_reconf_duration: 3.05
tot_sleeping_duration: 397447.98191999894
tot_uptimes: 104
tot_uptimes_duration: 6180.006080001069
