comms_cons: 40.35681280031468
finished_reconf: true
global_termination_time: 401135.092
local_termination_time: 240786.50396000015
node_cons: 8203.134901121442
tot_aggregated_send: 5162
tot_msg_rcv: 249
tot_msg_sent: 723
tot_reconf_duration: 6.22
tot_sleeping_duration: 395015.08591999894
tot_uptimes: 103
tot_uptimes_duration: 6120.006080001069
