comms_cons: 216.56815357467488
finished_reconf: true
global_termination_time: 2107523.931
local_termination_time: 170940.41499999998
node_cons: 43341.300610444065
tot_aggregated_send: 28186
tot_msg_rcv: 1715
tot_msg_sent: 3017
tot_reconf_duration: 22.65
tot_sleeping_duration: 2075178.4926800265
tot_uptimes: 540
tot_uptimes_duration: 32345.438319973473
