comms_cons: 218.17831676706285
finished_reconf: true
global_termination_time: 2106616.154
local_termination_time: 627538.995119999
node_cons: 43311.877792284795
tot_aggregated_send: 27318
tot_msg_rcv: 1889
tot_msg_sent: 3955
tot_reconf_duration: 6.279999999999999
tot_sleeping_duration: 2074276.0871200261
tot_uptimes: 540
tot_uptimes_duration: 32340.06687997398
