comms_cons: 211.8107647796874
finished_reconf: true
global_termination_time: 2107885.583
local_termination_time: 1066827.8833599999
node_cons: 43310.88918894354
tot_aggregated_send: 28304
tot_msg_rcv: 1443
tot_msg_sent: 2447
tot_reconf_duration: 5.57
tot_sleeping_duration: 2075545.534360012
tot_uptimes: 540
tot_uptimes_duration: 32340.048639987945
