comms_cons: 209.1783999917164
finished_reconf: true
global_termination_time: 2104067.911
local_termination_time: 1124060.069
node_cons: 43237.21118303655
tot_aggregated_send: 30042
tot_msg_rcv: 595
tot_msg_sent: 1157
tot_reconf_duration: 9.42
tot_sleeping_duration: 2071786.791640002
tot_uptimes: 539
tot_uptimes_duration: 32281.1193599978
