comms_cons: 208.6731135885872
finished_reconf: true
global_termination_time: 2104444.609
local_termination_time: 1201834.3050000002
node_cons: 43250.722336237675
tot_aggregated_send: 29984
tot_msg_rcv: 529
tot_msg_sent: 1205
tot_reconf_duration: 18.700000000000003
tot_sleeping_duration: 2072162.8108400018
tot_uptimes: 539
tot_uptimes_duration: 32281.798159998376
