comms_cons: 216.7931007731725
finished_reconf: true
global_termination_time: 2106125.654
local_termination_time: 1070524.6433599999
node_cons: 43324.164990051206
tot_aggregated_send: 28014
tot_msg_rcv: 1692
tot_msg_sent: 3247
tot_reconf_duration: 15.34
tot_sleeping_duration: 2073785.5992800214
tot_uptimes: 540
tot_uptimes_duration: 32340.05471997871
