comms_cons: 71.93227519827917
finished_reconf: true
global_termination_time: 692924.116
local_termination_time: 25006.536
node_cons: 14231.660152959439
tot_aggregated_send: 8987
tot_msg_rcv: 657
tot_msg_sent: 1291
tot_reconf_duration: 5.57
tot_sleeping_duration: 682301.1913600005
tot_uptimes: 178
tot_uptimes_duration: 10622.924639999568
