comms_cons: 69.8250495976296
finished_reconf: true
global_termination_time: 691957.918
local_termination_time: 346435.01636000007
node_cons: 14232.972359999998
tot_aggregated_send: 9628
tot_msg_rcv: 355
tot_msg_sent: 630
tot_reconf_duration: 9.42
tot_sleeping_duration: 681337.918
tot_uptimes: 178
tot_uptimes_duration: 10620.0
