comms_cons: 13.597017599977027
finished_reconf: true
global_termination_time: 100177.54547999968
local_termination_time: 100177.50435999969
node_cons: 2161.1813652778337
tot_aggregated_send: 637
tot_msg_rcv: 626
tot_msg_sent: 804
tot_reconf_duration: 66.59
tot_sleeping_duration: 98631.05396000129
tot_uptimes: 26
tot_uptimes_duration: 1546.4915199983934
