comms_cons: 8.81800960002385
finished_reconf: true
global_termination_time: 72492.30159999995
local_termination_time: 72492.26047999995
node_cons: 1515.3444206393704
tot_aggregated_send: 554
tot_msg_rcv: 297
tot_msg_sent: 491
tot_reconf_duration: 37.410000000000004
tot_sleeping_duration: 71398.5438400004
tot_uptimes: 19
tot_uptimes_duration: 1093.7577599995348
