comms_cons: 10.544326400155768
finished_reconf: true
global_termination_time: 76111.918
local_termination_time: 48146.70948000001
node_cons: 1535.004522240581
tot_aggregated_send: 348
tot_msg_rcv: 500
tot_msg_sent: 754
tot_reconf_duration: 6.279999999999999
tot_sleeping_duration: 74971.90583999957
tot_uptimes: 20
tot_uptimes_duration: 1140.012160000435
