comms_cons: 10.158284800072694
finished_reconf: true
global_termination_time: 74416.772
local_termination_time: 41985.90316000016
node_cons: 1534.0484833597334
tot_aggregated_send: 406
tot_msg_rcv: 442
tot_msg_sent: 696
tot_reconf_duration: 5.57
tot_sleeping_duration: 73276.7537600002
tot_uptimes: 20
tot_uptimes_duration: 1140.0182399998012
