comms_cons: 9.916108800307606
finished_reconf: true
global_termination_time: 75138.223
local_termination_time: 21155.882080000003
node_cons: 1533.0245444800264
tot_aggregated_send: 290
tot_msg_rcv: 452
tot_msg_sent: 765
tot_reconf_duration: 4.8100000000000005
tot_sleeping_duration: 73998.19867999999
tot_uptimes: 20
tot_uptimes_duration: 1140.0243200000186
