comms_cons: 9.935680000039104
finished_reconf: true
global_termination_time: 73214.306
local_termination_time: 39605.14136000001
node_cons: 1453.4939400000003
tot_aggregated_send: 522
tot_msg_rcv: 464
tot_msg_sent: 524
tot_reconf_duration: 5.43
tot_sleeping_duration: 72134.306
tot_uptimes: 19
tot_uptimes_duration: 1080.0
