comms_cons: 361.52101123062477
finished_reconf: true
global_termination_time: 3588272.174239987
local_termination_time: 109829.33535999997
node_cons: 73856.83986163643
tot_aggregated_send: 49532
tot_msg_rcv: 1761
tot_msg_sent: 3655
tot_reconf_duration: 18.21
tot_sleeping_duration: 3533132.435120018
tot_uptimes: 919
tot_uptimes_duration: 55139.739119968726
