comms_cons: 357.6058368203146
finished_reconf: true
global_termination_time: 3590365.382
local_termination_time: 1013175.4204799999
node_cons: 73853.03636781735
tot_aggregated_send: 50112
tot_msg_rcv: 1404
tot_msg_sent: 2838
tot_reconf_duration: 15.110000000000001
tot_sleeping_duration: 3535225.339440016
tot_uptimes: 920
tot_uptimes_duration: 55140.04255998437
