comms_cons: 355.46830082021074
finished_reconf: true
global_termination_time: 3589049.386
local_termination_time: 1522637.45936
node_cons: 73843.11212446632
tot_aggregated_send: 50170
tot_msg_rcv: 1303
tot_msg_sent: 2555
tot_reconf_duration: 7.819999999999999
tot_sleeping_duration: 3533909.361680009
tot_uptimes: 920
tot_uptimes_duration: 55140.024319991004
