comms_cons: 34.76414720025009
finished_reconf: true
global_termination_time: 350330.332
local_termination_time: 136942.72736000005
node_cons: 7158.796381121438
tot_aggregated_send: 4872
tot_msg_rcv: 126
tot_msg_sent: 285
tot_reconf_duration: 6.279999999999999
tot_sleeping_duration: 344990.3259199989
tot_uptimes: 90
tot_uptimes_duration: 5340.006080001069
