comms_cons: 34.435532800476345
finished_reconf: true
global_termination_time: 346895.06
local_termination_time: 98379.89835999998
node_cons: 7086.088341121451
tot_aggregated_send: 4814
tot_msg_rcv: 140
tot_msg_sent: 279
tot_reconf_duration: 11.899999999999999
tot_sleeping_duration: 341615.0539199989
tot_uptimes: 89
tot_uptimes_duration: 5280.006080001069
