comms_cons: 113.76752639601585
finished_reconf: true
global_termination_time: 1147692.653
local_termination_time: 776089.0133599999
node_cons: 23560.451719999994
tot_aggregated_send: 16472
tot_msg_rcv: 312
tot_msg_sent: 508
tot_reconf_duration: 15.34
tot_sleeping_duration: 1130112.653
tot_uptimes: 294
tot_uptimes_duration: 17580.0
