comms_cons: 116.08403199069755
finished_reconf: true
global_termination_time: 1143837.839
local_termination_time: 721069.1526399981
node_cons: 23465.84454446744
tot_aggregated_send: 15602
tot_msg_rcv: 704
tot_msg_sent: 1338
tot_reconf_duration: 4.8100000000000005
tot_sleeping_duration: 1126317.8146800094
tot_uptimes: 293
tot_uptimes_duration: 17520.024319990538
