comms_cons: 83.86568959910927
finished_reconf: true
global_termination_time: 852371.842
local_termination_time: 4711.189
node_cons: 17522.091460000025
tot_aggregated_send: 12464
tot_msg_rcv: 113
tot_msg_sent: 170
tot_reconf_duration: 5.87
tot_sleeping_duration: 839291.842
tot_uptimes: 219
tot_uptimes_duration: 13080.0
