comms_cons: 84.5837951993234
finished_reconf: true
global_termination_time: 854013.123
local_termination_time: 5607.356
node_cons: 17524.381041121454
tot_aggregated_send: 12175
tot_msg_rcv: 218
tot_msg_sent: 463
tot_reconf_duration: 7.55
tot_sleeping_duration: 840933.1169199989
tot_uptimes: 219
tot_uptimes_duration: 13080.006080001069
