comms_cons: 136.98615038991397
finished_reconf: true
global_termination_time: 1379783.121
local_termination_time: 409017.994
node_cons: 28397.901644383535
tot_aggregated_send: 18732
tot_msg_rcv: 698
tot_msg_sent: 1391
tot_reconf_duration: 22.65
tot_sleeping_duration: 1358597.8014000123
tot_uptimes: 354
tot_uptimes_duration: 21185.319599987648
