comms_cons: 134.53806079698867
finished_reconf: true
global_termination_time: 1381856.778
local_termination_time: 946309.4174399986
node_cons: 28365.99790223373
tot_aggregated_send: 19488
tot_msg_rcv: 265
tot_msg_sent: 696
tot_reconf_duration: 4.390000000000001
tot_sleeping_duration: 1360676.7658400047
tot_uptimes: 354
tot_uptimes_duration: 21180.01215999527
