comms_cons: 136.76245759565808
finished_reconf: true
global_termination_time: 1381756.72
local_termination_time: 440156.92384000105
node_cons: 28365.425701761542
tot_aggregated_send: 19836
tot_msg_rcv: 313
tot_msg_sent: 639
tot_reconf_duration: 3.05
tot_sleeping_duration: 1360575.776159999
tot_uptimes: 354
tot_uptimes_duration: 21180.94384000107
