comms_cons: 402.5468541257253
finished_reconf: true
global_termination_time: 1378665.2507999993
local_termination_time: 1378665.2096799994
node_cons: 56439.628929198014
tot_aggregated_send: 0
tot_msg_rcv: 20490
tot_msg_sent: 40693
tot_reconf_duration: 24.59
tot_sleeping_duration: 1336539.608
tot_uptimes: 695
tot_uptimes_duration: 42125.642799999216
