comms_cons: 26.00820480051616
finished_reconf: true
global_termination_time: 203270.06280000025
local_termination_time: 203270.02168000024
node_cons: 4240.913424168373
tot_aggregated_send: 1842
tot_msg_rcv: 894
tot_msg_sent: 1218
tot_reconf_duration: 24.59
tot_sleeping_duration: 200127.777359994
tot_uptimes: 53
tot_uptimes_duration: 3142.2854400062424
