comms_cons: 21.803468800199113
finished_reconf: true
global_termination_time: 204314.894
local_termination_time: 14078.211479999998
node_cons: 4186.20824
tot_aggregated_send: 2552
tot_msg_rcv: 299
tot_msg_sent: 463
tot_reconf_duration: 6.279999999999999
tot_sleeping_duration: 201194.894
tot_uptimes: 53
tot_uptimes_duration: 3120.0
