comms_cons: 184.15564158718178
finished_reconf: true
global_termination_time: 1834911.828
local_termination_time: 565077.4438399987
node_cons: 37704.22988558395
tot_aggregated_send: 25114
tot_msg_rcv: 1027
tot_msg_sent: 1849
tot_reconf_duration: 18.21
tot_sleeping_duration: 1806771.7976000118
tot_uptimes: 470
tot_uptimes_duration: 28140.030399988173
