comms_cons: 184.09917439110814
finished_reconf: true
global_termination_time: 1832291.954
local_termination_time: 921207.7713599999
node_cons: 37686.38579999981
tot_aggregated_send: 25984
tot_msg_rcv: 784
tot_msg_sent: 1214
tot_reconf_duration: 5.1
tot_sleeping_duration: 1804151.954
tot_uptimes: 470
tot_uptimes_duration: 28140.0
