comms_cons: 189.99585917832448
finished_reconf: true
global_termination_time: 1832902.48
local_termination_time: 860619.983239998
node_cons: 37693.45491117506
tot_aggregated_send: 24186
tot_msg_rcv: 1669
tot_msg_sent: 3023
tot_reconf_duration: 7.819999999999999
tot_sleeping_duration: 1804759.9592000186
tot_uptimes: 470
tot_uptimes_duration: 28142.52079998143
