comms_cons: 180.70850559482315
finished_reconf: true
global_termination_time: 1832484.525
local_termination_time: 654452.2713599999
node_cons: 37700.299861116626
tot_aggregated_send: 26332
tot_msg_rcv: 277
tot_msg_sent: 857
tot_reconf_duration: 15.34
tot_sleeping_duration: 1804344.5189200023
tot_uptimes: 470
tot_uptimes_duration: 28140.006079997635
