comms_cons: 257.86433922434014
finished_reconf: true
global_termination_time: 326260.7980000001
local_termination_time: 17170.225
node_cons: 32787.11608268925
tot_aggregated_send: 0
tot_msg_rcv: 17701
tot_msg_sent: 21493
tot_reconf_duration: 4.390000000000001
tot_sleeping_duration: 301778.97987999325
tot_uptimes: 396
tot_uptimes_duration: 24481.81812000688
