comms_cons: 58.89762560589154
finished_reconf: true
global_termination_time: 329518.549
local_termination_time: 17318.04136
node_cons: 6757.023042241443
tot_aggregated_send: 0
tot_msg_rcv: 4510
tot_msg_sent: 4443
tot_reconf_duration: 6.22
tot_sleeping_duration: 324478.5368399989
tot_uptimes: 85
tot_uptimes_duration: 5040.012160001075
