comms_cons: 143.21007359400767
finished_reconf: true
global_termination_time: 1416545.9984799998
local_termination_time: 1416545.95736
node_cons: 29134.8642243224
tot_aggregated_send: 19590
tot_msg_rcv: 770
tot_msg_sent: 1407
tot_reconf_duration: 24.59
tot_sleeping_duration: 1394812.263599998
tot_uptimes: 363
tot_uptimes_duration: 21733.73488000175
