comms_cons: 95.4738111981288
finished_reconf: true
global_termination_time: 962410.64
local_termination_time: 157749.51308000015
node_cons: 19794.431264474268
tot_aggregated_send: 13514
tot_msg_rcv: 319
tot_msg_sent: 678
tot_reconf_duration: 22.65
tot_sleeping_duration: 947650.6156800042
tot_uptimes: 247
tot_uptimes_duration: 14760.024319995704
