comms_cons: 94.14079999803279
finished_reconf: true
global_termination_time: 967183.656
local_termination_time: 10305.394880000003
node_cons: 19861.780137678586
tot_aggregated_send: 13456
tot_msg_rcv: 244
tot_msg_sent: 609
tot_reconf_duration: 11.31
tot_sleeping_duration: 952361.832880001
tot_uptimes: 248
tot_uptimes_duration: 14821.823119998924
