comms_cons: 36.54745600031191
finished_reconf: true
global_termination_time: 368488.417
local_termination_time: 67490.02535999997
node_cons: 7582.718700000022
tot_aggregated_send: 5162
tot_msg_rcv: 124
tot_msg_sent: 269
tot_reconf_duration: 22.65
tot_sleeping_duration: 362848.417
tot_uptimes: 95
tot_uptimes_duration: 5640.0
