comms_cons: 72.530687995265
finished_reconf: true
global_termination_time: 696998.282
local_termination_time: 187016.91436000002
node_cons: 14311.180265602545
tot_aggregated_send: 8990
tot_msg_rcv: 696
tot_msg_sent: 1339
tot_reconf_duration: 7.819999999999999
tot_sleeping_duration: 686318.2515999981
tot_uptimes: 179
tot_uptimes_duration: 10680.03040000191
