comms_cons: 73.792307199673
finished_reconf: true
global_termination_time: 696879.443
local_termination_time: 321207.08036
node_cons: 14307.926504485733
tot_aggregated_send: 9048
tot_msg_rcv: 890
tot_msg_sent: 1278
tot_reconf_duration: 5.43
tot_sleeping_duration: 686199.4186799957
tot_uptimes: 179
tot_uptimes_duration: 10680.024320004275
