comms_cons: 81.5627520105897
finished_reconf: true
global_termination_time: 487269.82
local_termination_time: 254660.16756000023
node_cons: 9968.691980000005
tot_aggregated_send: 0
tot_msg_rcv: 6300
tot_msg_sent: 6096
tot_reconf_duration: 4.8100000000000005
tot_sleeping_duration: 479829.82
tot_uptimes: 125
tot_uptimes_duration: 7439.999999999996
