comms_cons: 404.3379584474839
finished_reconf: true
global_termination_time: 4003311.827
local_termination_time: 2388431.3367199986
node_cons: 82379.29940558318
tot_aggregated_send: 55564
tot_msg_rcv: 2021
tot_msg_sent: 3872
tot_reconf_duration: 22.65
tot_sleeping_duration: 3941811.7966000107
tot_uptimes: 1026
tot_uptimes_duration: 61500.030399989104
