comms_cons: 405.11751045236997
finished_reconf: true
global_termination_time: 4004516.148
local_termination_time: 204947.86836000005
node_cons: 82357.1340745275
tot_aggregated_send: 55448
tot_msg_rcv: 2113
tot_msg_sent: 4012
tot_reconf_duration: 6.279999999999999
tot_sleeping_duration: 3943016.068960023
tot_uptimes: 1026
tot_uptimes_duration: 61500.07903997728
