comms_cons: 405.7739520826205
finished_reconf: true
global_termination_time: 4002691.477
local_termination_time: 2129223.426359999
node_cons: 82355.06454446625
tot_aggregated_send: 55158
tot_msg_rcv: 2222
tot_msg_sent: 4296
tot_reconf_duration: 4.8100000000000005
tot_sleeping_duration: 3941191.4526800085
tot_uptimes: 1026
tot_uptimes_duration: 61500.02431999124
