comms_cons: 405.38590726039337
finished_reconf: true
global_termination_time: 4004229.94
local_termination_time: 1404034.7624399993
node_cons: 82352.69888781705
tot_aggregated_send: 55622
tot_msg_rcv: 2157
tot_msg_sent: 3837
tot_reconf_duration: 3.05
tot_sleeping_duration: 3942729.8974400153
tot_uptimes: 1026
tot_uptimes_duration: 61500.042559984606
