comms_cons: 353.35886081141393
finished_reconf: true
global_termination_time: 3499975.158
local_termination_time: 1899154.1423999993
node_cons: 71992.23662446642
tot_aggregated_send: 47734
tot_msg_rcv: 2167
tot_msg_sent: 3807
tot_reconf_duration: 5.57
tot_sleeping_duration: 3446215.133680009
tot_uptimes: 897
tot_uptimes_duration: 53760.024319991004
