comms_cons: 356.2852992433594
finished_reconf: true
global_termination_time: 3501401.456
local_termination_time: 1091988.0983599997
node_cons: 72005.21636781664
tot_aggregated_send: 48082
tot_msg_rcv: 2189
tot_msg_sent: 3885
tot_reconf_duration: 15.110000000000001
tot_sleeping_duration: 3447641.4134400156
tot_uptimes: 897
tot_uptimes_duration: 53760.04255998391
