comms_cons: 352.963808046565
finished_reconf: true
global_termination_time: 3501773.074
local_termination_time: 885649.8553599998
node_cons: 72010.09972893326
tot_aggregated_send: 48720
tot_msg_rcv: 1686
tot_msg_sent: 3244
tot_reconf_duration: 18.700000000000003
tot_sleeping_duration: 3448013.025360019
tot_uptimes: 897
tot_uptimes_duration: 53760.04863998131
