comms_cons: 348.2849920155272
finished_reconf: true
global_termination_time: 3498286.89
local_termination_time: 901399.2913599999
node_cons: 71910.30232558286
tot_aggregated_send: 49300
tot_msg_rcv: 1194
tot_msg_sent: 2446
tot_reconf_duration: 4.390000000000001
tot_sleeping_duration: 3444586.8596000117
tot_uptimes: 896
tot_uptimes_duration: 53700.030399988405
