comms_cons: 348.83293443718424
finished_reconf: true
global_termination_time: 3501493.297
local_termination_time: 1070798.496119999
node_cons: 71995.31654781754
tot_aggregated_send: 48778
tot_msg_rcv: 1358
tot_msg_sent: 2884
tot_reconf_duration: 7.819999999999999
tot_sleeping_duration: 3447733.254440015
tot_uptimes: 897
tot_uptimes_duration: 53760.04255998437
