comms_cons: 348.72391682335893
finished_reconf: true
global_termination_time: 3498941.544
local_termination_time: 1518682.5129199994
node_cons: 71993.13560670093
tot_aggregated_send: 49068
tot_msg_rcv: 1264
tot_msg_sent: 2672
tot_reconf_duration: 6.22
tot_sleeping_duration: 3445181.5075200135
tot_uptimes: 897
tot_uptimes_duration: 53760.036479987
