comms_cons: 2.4145663999952585
finished_reconf: true
global_termination_time: 14550.583480000001
local_termination_time: 14550.542360000001
node_cons: 310.18936096001335
tot_aggregated_send: 0
tot_msg_rcv: 208
tot_msg_sent: 157
tot_reconf_duration: 37.410000000000004
tot_sleeping_duration: 14356.866839999991
tot_uptimes: 4
tot_uptimes_duration: 193.71664000000965
