comms_cons: 2.948108799989549
finished_reconf: true
global_termination_time: 17643.934
local_termination_time: 6539.868360000001
node_cons: 329.89638112000716
tot_aggregated_send: 0
tot_msg_rcv: 275
tot_msg_sent: 173
tot_reconf_duration: 6.279999999999999
tot_sleeping_duration: 17403.927919999995
tot_uptimes: 5
tot_uptimes_duration: 240.00608000000466
