comms_cons: 2.9869567999901285
finished_reconf: true
global_termination_time: 14551.437480000008
local_termination_time: 7241.99536
node_cons: 306.17029984001636
tot_aggregated_send: 0
tot_msg_rcv: 281
tot_msg_sent: 172
tot_reconf_duration: 10.95
tot_sleeping_duration: 14333.886919999995
tot_uptimes: 4
tot_uptimes_duration: 217.5505600000124
