comms_cons: 2.302719999992391
finished_reconf: true
global_termination_time: 18329.696
local_termination_time: 5867.650360000001
node_cons: 331.97956000000084
tot_aggregated_send: 0
tot_msg_rcv: 181
tot_msg_sent: 169
tot_reconf_duration: 7.819999999999999
tot_sleeping_duration: 18089.696
tot_uptimes: 5
tot_uptimes_duration: 240.0
