comms_cons: 28.613568000078484
finished_reconf: true
global_termination_time: 290832.196
local_termination_time: 237522.5127600009
node_cons: 5967.897074641216
tot_aggregated_send: 4176
tot_msg_rcv: 63
tot_msg_sent: 108
tot_reconf_duration: 13.17
tot_sleeping_duration: 286388.5722399991
tot_uptimes: 75
tot_uptimes_duration: 4443.62376000089
