comms_cons: 119.14273279274678
finished_reconf: true
global_termination_time: 1191773.421
local_termination_time: 35624.12556000014
node_cons: 24512.228240000037
tot_aggregated_send: 16646
tot_msg_rcv: 424
tot_msg_sent: 1039
tot_reconf_duration: 6.279999999999999
tot_sleeping_duration: 1173473.421
tot_uptimes: 306
tot_uptimes_duration: 18300.0
