comms_cons: 118.67560959702615
finished_reconf: true
global_termination_time: 1191727.22
local_termination_time: 137073.1982000002
node_cons: 24516.07138000006
tot_aggregated_send: 16994
tot_msg_rcv: 356
tot_msg_sent: 688
tot_reconf_duration: 9.11
tot_sleeping_duration: 1173427.22
tot_uptimes: 306
tot_uptimes_duration: 18300.0
