comms_cons: 119.13813119539228
finished_reconf: true
global_termination_time: 1193152.907
local_termination_time: 15042.356480000002
node_cons: 24514.319560000036
tot_aggregated_send: 16994
tot_msg_rcv: 425
tot_msg_sent: 689
tot_reconf_duration: 7.819999999999999
tot_sleeping_duration: 1174852.907
tot_uptimes: 306
tot_uptimes_duration: 18300.0
