comms_cons: 117.82031359649791
finished_reconf: true
global_termination_time: 1192984.025
local_termination_time: 380699.8860800002
node_cons: 24511.073940000028
tot_aggregated_send: 17226
tot_msg_rcv: 223
tot_msg_sent: 459
tot_reconf_duration: 5.43
tot_sleeping_duration: 1174684.025
tot_uptimes: 306
tot_uptimes_duration: 18300.0
