comms_cons: 22.54691839983742
finished_reconf: true
global_termination_time: 221324.226
local_termination_time: 67312.29427999978
node_cons: 4503.190041119139
tot_aggregated_send: 2842
tot_msg_rcv: 180
tot_msg_sent: 405
tot_reconf_duration: 3.05
tot_sleeping_duration: 217964.2199200006
tot_uptimes: 57
tot_uptimes_duration: 3360.006079999366
