comms_cons: 119.84915198784785
finished_reconf: true
global_termination_time: 1180208.091
local_termination_time: 574354.6905599994
node_cons: 24278.063403350454
tot_aggregated_send: 16124
tot_msg_rcv: 705
tot_msg_sent: 1387
tot_reconf_duration: 11.31
tot_sleeping_duration: 1162088.072760007
tot_uptimes: 303
tot_uptimes_duration: 18120.018239992904
