comms_cons: 77.97667839451543
finished_reconf: true
global_termination_time: 771996.544
local_termination_time: 383259.59488000046
node_cons: 15851.720320475484
tot_aggregated_send: 10556
tot_msg_rcv: 442
tot_msg_sent: 854
tot_reconf_duration: 18.21
tot_sleeping_duration: 760176.5356800033
tot_uptimes: 198
tot_uptimes_duration: 11820.008319996588
