comms_cons: 79.3194623966465
finished_reconf: true
global_termination_time: 775571.585
local_termination_time: 336611.04600000003
node_cons: 15940.94673087611
tot_aggregated_send: 10264
tot_msg_rcv: 587
tot_msg_sent: 1206
tot_reconf_duration: 22.65
tot_sleeping_duration: 763689.4430800029
tot_uptimes: 199
tot_uptimes_duration: 11882.141919997055
