comms_cons: 79.76214399718016
finished_reconf: true
global_termination_time: 773595.235
local_termination_time: 74783.02247999996
node_cons: 15941.718105602562
tot_aggregated_send: 10382
tot_msg_rcv: 655
tot_msg_sent: 1086
tot_reconf_duration: 25.299999999999997
tot_sleeping_duration: 761715.2045999981
tot_uptimes: 199
tot_uptimes_duration: 11880.03040000191
