comms_cons: 76.97663999933458
finished_reconf: true
global_termination_time: 772097.626
local_termination_time: 120632.6803999998
node_cons: 15842.363403359734
tot_aggregated_send: 10730
tot_msg_rcv: 392
tot_msg_sent: 578
tot_reconf_duration: 11.31
tot_sleeping_duration: 760277.6077600003
tot_uptimes: 198
tot_uptimes_duration: 11820.018239999772
