comms_cons: 82.63475199394995
finished_reconf: true
global_termination_time: 771927.596
local_termination_time: 78959.51035999999
node_cons: 15847.925695686272
tot_aggregated_send: 9686
tot_msg_rcv: 1129
tot_msg_sent: 1745
tot_reconf_duration: 15.34
tot_sleeping_duration: 760107.5108799953
tot_uptimes: 198
tot_uptimes_duration: 11820.08512000466
