comms_cons: 257.98359040000065
finished_reconf: true
global_termination_time: 2808046.181
local_termination_time: 5858.688
node_cons: 57850.843099998965
tot_aggregated_send: 39203
tot_msg_rcv: 5
tot_msg_sent: 4
tot_reconf_duration: 4.45
tot_sleeping_duration: 2764846.181
tot_uptimes: 720
tot_uptimes_duration: 43200.0
