comms_cons: 1.8027007999940439
finished_reconf: true
global_termination_time: 9108.147
local_termination_time: 5658.76236
node_cons: 173.05137999999954
tot_aggregated_send: 0
tot_msg_rcv: 165
tot_msg_sent: 109
tot_reconf_duration: 9.11
tot_sleeping_duration: 8988.147
tot_uptimes: 3
tot_uptimes_duration: 120.0
