comms_cons: 1.905395199996028
finished_reconf: true
global_termination_time: 11113.002
local_termination_time: 5791.616359999999
node_cons: 164.82189999999903
tot_aggregated_send: 0
tot_msg_rcv: 171
tot_msg_sent: 117
tot_reconf_duration: 3.05
tot_sleeping_duration: 10993.002
tot_uptimes: 3
tot_uptimes_duration: 120.0
