comms_cons: 30.494592000234615
finished_reconf: true
global_termination_time: 300191.594
local_termination_time: 9921.500479999999
node_cons: 6109.981900000005
tot_aggregated_send: 4060
tot_msg_rcv: 226
tot_msg_sent: 349
tot_reconf_duration: 3.05
tot_sleeping_duration: 295631.594
tot_uptimes: 77
tot_uptimes_duration: 4560.0
