comms_cons: 29.599635200072385
finished_reconf: true
global_termination_time: 297590.578
local_termination_time: 70757.24587999946
node_cons: 6114.286760000008
tot_aggregated_send: 4118
tot_msg_rcv: 95
tot_msg_sent: 285
tot_reconf_duration: 6.22
tot_sleeping_duration: 293030.578
tot_uptimes: 77
tot_uptimes_duration: 4560.0
