comms_cons: 60.3318912058756
finished_reconf: true
global_termination_time: 291888.4547200001
local_termination_time: 291888.4136000001
node_cons: 5997.038061444433
tot_aggregated_send: 0
tot_msg_rcv: 4863
tot_msg_sent: 4305
tot_reconf_duration: 24.59
tot_sleeping_duration: 287434.6497599968
tot_uptimes: 75
tot_uptimes_duration: 4453.804960003297
