comms_cons: 1323.0689882483116
finished_reconf: true
global_termination_time: 4542173.608
local_termination_time: 1898579.1909199983
node_cons: 185231.77405582645
tot_aggregated_send: 0
tot_msg_rcv: 67441
tot_msg_sent: 133659
tot_reconf_duration: 18.21
tot_sleeping_duration: 4403856.173440006
tot_uptimes: 2289
tot_uptimes_duration: 138317.43455999467
