comms_cons: 450.7751296480205
finished_reconf: true
global_termination_time: 4546746.084
local_termination_time: 555934.1201199979
node_cons: 93519.99148669899
tot_aggregated_send: 63336
tot_msg_rcv: 1802
tot_msg_sent: 3376
tot_reconf_duration: 3.08
tot_sleeping_duration: 4476906.0475200135
tot_uptimes: 1165
tot_uptimes_duration: 69840.03647998627
