comms_cons: 460.05056009322226
finished_reconf: true
global_termination_time: 4543814.162
local_termination_time: 877909.0905999998
node_cons: 93450.31452334816
tot_aggregated_send: 62292
tot_msg_rcv: 2645
tot_msg_sent: 4988
tot_reconf_duration: 10.95
tot_sleeping_duration: 4474034.143760006
tot_uptimes: 1164
tot_uptimes_duration: 69780.01823999314
