comms_cons: 458.12086406261744
finished_reconf: true
global_termination_time: 4546472.088
local_termination_time: 1389747.2264799997
node_cons: 93519.95888781593
tot_aggregated_send: 63046
tot_msg_rcv: 2111
tot_msg_sent: 4474
tot_reconf_duration: 3.05
tot_sleeping_duration: 4476632.045440016
tot_uptimes: 1165
tot_uptimes_duration: 69840.04255998414
