comms_cons: 16.703616000019817
finished_reconf: true
global_termination_time: 183077.118
local_termination_time: 6997.926
node_cons: 3705.9091822394453
tot_aggregated_send: 2199
tot_msg_rcv: 56
tot_msg_sent: 284
tot_reconf_duration: 7.55
tot_sleeping_duration: 180317.1058400004
tot_uptimes: 47
tot_uptimes_duration: 2760.0121599995837
