comms_cons: 202.91402229631592
finished_reconf: true
global_termination_time: 1025069.7026799986
local_termination_time: 2396.1243600000003
node_cons: 21142.248040873168
tot_aggregated_send: 0
tot_msg_rcv: 15614
tot_msg_sent: 15226
tot_reconf_duration: 18.21
tot_sleeping_duration: 1009298.5907600038
tot_uptimes: 263
tot_uptimes_duration: 15771.111919994873
