comms_cons: 293.8450752031516
finished_reconf: true
global_termination_time: 2939694.643
local_termination_time: 801004.9250799987
node_cons: 60422.63022334963
tot_aggregated_send: 40310
tot_msg_rcv: 1504
tot_msg_sent: 2847
tot_reconf_duration: 5.1
tot_sleeping_duration: 2894574.624760007
tot_uptimes: 753
tot_uptimes_duration: 45120.01823999314
