comms_cons: 295.8533312250818
finished_reconf: true
global_termination_time: 2941699.522
local_termination_time: 1056375.639759999
node_cons: 60502.03046670002
tot_aggregated_send: 40890
tot_msg_rcv: 1288
tot_msg_sent: 2788
tot_reconf_duration: 4.390000000000001
tot_sleeping_duration: 2896519.4855200136
tot_uptimes: 754
tot_uptimes_duration: 45180.03647998604
