comms_cons: 294.87232001390095
finished_reconf: true
global_termination_time: 2937528.6322399885
local_termination_time: 213275.45536000005
node_cons: 60502.89903940417
tot_aggregated_send: 41122
tot_msg_rcv: 1221
tot_msg_sent: 2474
tot_reconf_duration: 11.31
tot_sleeping_duration: 2892354.9652800146
tot_uptimes: 753
tot_uptimes_duration: 45173.6669599741
