comms_cons: 176.04623359248126
finished_reconf: true
global_termination_time: 1799655.847
local_termination_time: 579518.4704799999
node_cons: 36960.590746700924
tot_aggregated_send: 24998
tot_msg_rcv: 533
tot_msg_sent: 1227
tot_reconf_duration: 3.05
tot_sleeping_duration: 1772055.8105200143
tot_uptimes: 461
tot_uptimes_duration: 27600.036479985807
