comms_cons: 50.30554880056599
finished_reconf: true
global_termination_time: 502560.117
local_termination_time: 213491.36236000006
node_cons: 10308.265462242864
tot_aggregated_send: 6844
tot_msg_rcv: 237
tot_msg_sent: 565
tot_reconf_duration: 18.21
tot_sleeping_duration: 494880.1048399979
tot_uptimes: 129
tot_uptimes_duration: 7680.0121600021375
