comms_cons: 50.560179201041194
finished_reconf: true
global_termination_time: 498644.1492400002
local_termination_time: 310121.1823200002
node_cons: 10254.342810481689
tot_aggregated_send: 6612
tot_msg_rcv: 364
tot_msg_sent: 707
tot_reconf_duration: 22.65
tot_sleeping_duration: 491008.91091999895
tot_uptimes: 128
tot_uptimes_duration: 7635.238320001226
