comms_cons: 49.97560320082857
finished_reconf: true
global_termination_time: 498746.957
local_termination_time: 300330.65120000066
node_cons: 10213.807701121455
tot_aggregated_send: 7018
tot_msg_rcv: 236
tot_msg_sent: 342
tot_reconf_duration: 7.819999999999999
tot_sleeping_duration: 491126.9509199989
tot_uptimes: 128
tot_uptimes_duration: 7620.006080001071
