comms_cons: 279.55612802353966
finished_reconf: true
global_termination_time: 2809512.878
local_termination_time: 5046.152999999999
node_cons: 57854.45534558345
tot_aggregated_send: 39490
tot_msg_rcv: 996
tot_msg_sent: 2004
tot_reconf_duration: 7.08
tot_sleeping_duration: 2766312.8476000116
tot_uptimes: 720
tot_uptimes_duration: 43200.030399988405
