comms_cons: 278.23824001412066
finished_reconf: true
global_termination_time: 2810450.764
local_termination_time: 4917.504
node_cons: 57853.60524446661
tot_aggregated_send: 38914
tot_msg_rcv: 1212
tot_msg_sent: 2164
tot_reconf_duration: 6.46
tot_sleeping_duration: 2767250.739680009
tot_uptimes: 720
tot_uptimes_duration: 43200.02431999077
