comms_cons: 157.72441599188832
finished_reconf: true
global_termination_time: 1584801.082
local_termination_time: 328338.64820000064
node_cons: 32544.288967827073
tot_aggregated_send: 21112
tot_msg_rcv: 843
tot_msg_sent: 2020
tot_reconf_duration: 4.8100000000000005
tot_sleeping_duration: 1560501.0394400097
tot_uptimes: 406
tot_uptimes_duration: 24300.04255999031
