comms_cons: 154.57830399562704
finished_reconf: true
global_termination_time: 1584144.8
local_termination_time: 950870.7854799988
node_cons: 32543.661620000075
tot_aggregated_send: 21924
tot_msg_rcv: 569
tot_msg_sent: 1002
tot_reconf_duration: 4.390000000000001
tot_sleeping_duration: 1559844.8
tot_uptimes: 406
tot_uptimes_duration: 24300.0
