comms_cons: 158.3350271895074
finished_reconf: true
global_termination_time: 1579340.56024
local_termination_time: 278915.16248000006
node_cons: 32497.062554953525
tot_aggregated_send: 21692
tot_msg_rcv: 674
tot_msg_sent: 1699
tot_reconf_duration: 6.22
tot_sleeping_duration: 1555077.217600005
tot_uptimes: 405
tot_uptimes_duration: 24263.342639995157
