comms_cons: 49.91043840016743
finished_reconf: true
global_termination_time: 504776.942
local_termination_time: 120443.562
node_cons: 10369.829761121444
tot_aggregated_send: 7247
tot_msg_rcv: 108
tot_msg_sent: 231
tot_reconf_duration: 4.390000000000001
tot_sleeping_duration: 497036.9359199989
tot_uptimes: 130
tot_uptimes_duration: 7740.006080001069
