comms_cons: 138.48088319174758
finished_reconf: true
global_termination_time: 1360790.207
local_termination_time: 226658.89800000002
node_cons: 27979.63643799473
tot_aggregated_send: 18721
tot_msg_rcv: 869
tot_msg_sent: 1460
tot_reconf_duration: 15.34
tot_sleeping_duration: 1339909.845000004
tot_uptimes: 349
tot_uptimes_duration: 20880.361999996036
