comms_cons: 136.05785599469556
finished_reconf: true
global_termination_time: 1361574.906
local_termination_time: 282247.54336000007
node_cons: 27992.67740000003
tot_aggregated_send: 19256
tot_msg_rcv: 520
tot_msg_sent: 904
tot_reconf_duration: 25.299999999999997
tot_sleeping_duration: 1340694.906
tot_uptimes: 349
tot_uptimes_duration: 20880.0
