comms_cons: 135.64336639622002
finished_reconf: true
global_termination_time: 1364185.244
local_termination_time: 637470.6277199998
node_cons: 28064.05459999998
tot_aggregated_send: 19778
tot_msg_rcv: 392
tot_msg_sent: 447
tot_reconf_duration: 18.700000000000003
tot_sleeping_duration: 1343245.244
tot_uptimes: 350
tot_uptimes_duration: 20940.0
