comms_cons: 85.79253759725113
finished_reconf: true
global_termination_time: 861644.444
local_termination_time: 695700.8553599998
node_cons: 17699.54546223824
tot_aggregated_send: 12064
tot_msg_rcv: 382
tot_msg_sent: 593
tot_reconf_duration: 18.21
tot_sleeping_duration: 848444.4318400014
tot_uptimes: 221
tot_uptimes_duration: 13200.012159998703
