comms_cons: 86.1618303983216
finished_reconf: true
global_termination_time: 860437.193
local_termination_time: 397097.1875200003
node_cons: 17700.227164476488
tot_aggregated_send: 12180
tot_msg_rcv: 349
tot_msg_sent: 567
tot_reconf_duration: 18.700000000000003
tot_sleeping_duration: 847237.1686800026
tot_uptimes: 221
tot_uptimes_duration: 13200.024319997407
