comms_cons: 87.22766079864607
finished_reconf: true
global_termination_time: 860675.854
local_termination_time: 448456.12836000003
node_cons: 17690.96834111681
tot_aggregated_send: 11890
tot_msg_rcv: 506
tot_msg_sent: 863
tot_reconf_duration: 11.899999999999999
tot_sleeping_duration: 847475.8479200024
tot_uptimes: 221
tot_uptimes_duration: 13200.006079997635
