comms_cons: 86.2063615966546
finished_reconf: true
global_termination_time: 859152.235
local_termination_time: 293128.7593600001
node_cons: 17678.95004112152
tot_aggregated_send: 12122
tot_msg_rcv: 343
tot_msg_sent: 637
tot_reconf_duration: 3.05
tot_sleeping_duration: 845952.2289199989
tot_uptimes: 221
tot_uptimes_duration: 13200.006080001069
