comms_cons: 1.940863999993587
finished_reconf: true
global_termination_time: 13769.1
local_termination_time: 5368.803360000001
node_cons: 271.77870000000075
tot_aggregated_send: 0
tot_msg_rcv: 160
tot_msg_sent: 135
tot_reconf_duration: 22.65
tot_sleeping_duration: 13589.1
tot_uptimes: 4
tot_uptimes_duration: 180.0
