comms_cons: 2.1711359999947173
finished_reconf: true
global_termination_time: 15136.81
local_termination_time: 6983.65236
node_cons: 275.37739999999997
tot_aggregated_send: 0
tot_msg_rcv: 178
tot_msg_sent: 151
tot_reconf_duration: 25.299999999999997
tot_sleeping_duration: 14956.81
tot_uptimes: 4
tot_uptimes_duration: 179.99999999999977
