comms_cons: 2.2698239999967202
finished_reconf: true
global_termination_time: 17678.14
local_termination_time: 5983.3153600000005
node_cons: 339.24486000000013
tot_aggregated_send: 0
tot_msg_rcv: 181
tot_msg_sent: 164
tot_reconf_duration: 13.17
tot_sleeping_duration: 17438.14
tot_uptimes: 5
tot_uptimes_duration: 240.0
