comms_cons: 2.2303487999947413
finished_reconf: true
global_termination_time: 17436.618
local_termination_time: 6001.322359999999
node_cons: 325.50189999999907
tot_aggregated_send: 0
tot_msg_rcv: 173
tot_msg_sent: 166
tot_reconf_duration: 3.05
tot_sleeping_duration: 17196.618
tot_uptimes: 5
tot_uptimes_duration: 240.0
