comms_cons: 1.5066367999992436
finished_reconf: true
global_termination_time: 15192.003
local_termination_time: 6859.312360000001
node_cons: 256.3789800000005
tot_aggregated_send: 0
tot_msg_rcv: 121
tot_msg_sent: 108
tot_reconf_duration: 11.31
tot_sleeping_duration: 15012.003
tot_uptimes: 4
tot_uptimes_duration: 180.0
