comms_cons: 1.526374399999142
finished_reconf: true
global_termination_time: 16001.722
local_termination_time: 4835.59536
node_cons: 328.7339400000004
tot_aggregated_send: 0
tot_msg_rcv: 119
tot_msg_sent: 113
tot_reconf_duration: 5.43
tot_sleeping_duration: 15761.722
tot_uptimes: 5
tot_uptimes_duration: 240.0
