comms_cons: 459.1228928315094
finished_reconf: true
global_termination_time: 4712995.129
local_termination_time: 2734089.6017199997
node_cons: 96896.98208223138
tot_aggregated_send: 65598
tot_msg_rcv: 1382
tot_msg_sent: 2804
tot_reconf_duration: 5.1
tot_sleeping_duration: 4640635.116840004
tot_uptimes: 1207
tot_uptimes_duration: 72360.0121599955
