comms_cons: 462.18222080625793
finished_reconf: true
global_termination_time: 4714827.042
local_termination_time: 3048098.2667999985
node_cons: 96988.26485999717
tot_aggregated_send: 68034
tot_msg_rcv: 837
tot_msg_sent: 1378
tot_reconf_duration: 13.17
tot_sleeping_duration: 4642407.042
tot_uptimes: 1208
tot_uptimes_duration: 72420.0
