comms_cons: 470.4851712628052
finished_reconf: true
global_termination_time: 4714585.564
local_termination_time: 439799.24836000096
node_cons: 96977.64810862303
tot_aggregated_send: 65482
tot_msg_rcv: 1967
tot_msg_sent: 4062
tot_reconf_duration: 4.8100000000000005
tot_sleeping_duration: 4642165.014240011
tot_uptimes: 1208
tot_uptimes_duration: 72420.54975998937
