comms_cons: 467.59061124768044
finished_reconf: true
global_termination_time: 4716709.549
local_termination_time: 541193.1513599999
node_cons: 96974.57074669864
tot_aggregated_send: 65830
tot_msg_rcv: 1808
tot_msg_sent: 3433
tot_reconf_duration: 3.05
tot_sleeping_duration: 4644289.512520014
tot_uptimes: 1208
tot_uptimes_duration: 72420.03647998604
