comms_cons: 60.42648320438535
finished_reconf: true
global_termination_time: 513987.21824000013
local_termination_time: 59018.59736000001
node_cons: 10569.811689539138
tot_aggregated_send: 3886
tot_msg_rcv: 2166
tot_msg_sent: 3136
tot_reconf_duration: 18.21
tot_sleeping_duration: 506111.87655998586
tot_uptimes: 132
tot_uptimes_duration: 7875.341680014288
