comms_cons: 52.89018880094064
finished_reconf: true
global_termination_time: 518623.683
local_termination_time: 105750.47479999984
node_cons: 10611.830223362034
tot_aggregated_send: 6612
tot_msg_rcv: 470
tot_msg_sent: 957
tot_reconf_duration: 5.1
tot_sleeping_duration: 510703.66475999856
tot_uptimes: 133
tot_uptimes_duration: 7920.018240001504
