comms_cons: 51.607872000581615
finished_reconf: true
global_termination_time: 514824.487
local_termination_time: 170084.11236000003
node_cons: 10537.356783364283
tot_aggregated_send: 6728
tot_msg_rcv: 306
tot_msg_sent: 810
tot_reconf_duration: 9.42
tot_sleeping_duration: 506964.4687599968
tot_uptimes: 132
tot_uptimes_duration: 7860.018240003206
