comms_cons: 49.08083200056446
finished_reconf: true
global_termination_time: 489883.8772400002
local_termination_time: 37473.42648000001
node_cons: 10086.289041603071
tot_aggregated_send: 6554
tot_msg_rcv: 273
tot_msg_sent: 632
tot_reconf_duration: 18.21
tot_sleeping_duration: 482369.6428399979
tot_uptimes: 126
tot_uptimes_duration: 7514.234400002286
