comms_cons: 83.0748672103437
finished_reconf: true
global_termination_time: 490968.139
local_termination_time: 345699.85136000003
node_cons: 10049.890222242864
tot_aggregated_send: 0
tot_msg_rcv: 6473
tot_msg_sent: 6154
tot_reconf_duration: 5.43
tot_sleeping_duration: 483468.1268399979
tot_uptimes: 126
tot_uptimes_duration: 7500.0121600021375
