comms_cons: 58.22972800006544
finished_reconf: true
global_termination_time: 579148.042
local_termination_time: 57084.939
node_cons: 11896.900826723999
tot_aggregated_send: 7943
tot_msg_rcv: 261
tot_msg_sent: 648
tot_reconf_duration: 4.8100000000000005
tot_sleeping_duration: 570268.005519997
tot_uptimes: 149
tot_uptimes_duration: 8880.036480002978
