comms_cons: 59.068057599532786
finished_reconf: true
global_termination_time: 581084.469
local_termination_time: 235928.49536000003
node_cons: 11894.47004112143
tot_aggregated_send: 7656
tot_msg_rcv: 394
tot_msg_sent: 927
tot_reconf_duration: 3.05
tot_sleeping_duration: 572204.4629199989
tot_uptimes: 149
tot_uptimes_duration: 8880.006080001069
