comms_cons: 88.60271359586491
finished_reconf: true
global_termination_time: 881362.112
local_termination_time: 170090.25336000006
node_cons: 18083.890222242877
tot_aggregated_send: 11948
tot_msg_rcv: 473
tot_msg_sent: 1047
tot_reconf_duration: 5.43
tot_sleeping_duration: 867862.0998399978
tot_uptimes: 226
tot_uptimes_duration: 13500.012160002138
