comms_cons: 99.13068799322738
finished_reconf: true
global_termination_time: 1029818.8042400003
local_termination_time: 260619.634
node_cons: 21211.700471187065
tot_aggregated_send: 11990
tot_msg_rcv: 1118
tot_msg_sent: 1960
tot_reconf_duration: 18.21
tot_sleeping_duration: 1013995.82344001
tot_uptimes: 264
tot_uptimes_duration: 15822.980799990328
