comms_cons: 0.7500287999995991
finished_reconf: true
global_termination_time: 6377.452
local_termination_time: 772.9493599999998
node_cons: 88.86823999999996
tot_aggregated_send: 0
tot_msg_rcv: 61
tot_msg_sent: 53
tot_reconf_duration: 6.279999999999999
tot_sleeping_duration: 6317.452
tot_uptimes: 2
tot_uptimes_duration: 60.0
