comms_cons: 0.5263360000000439
finished_reconf: true
global_termination_time: 4476.907
local_termination_time: 76.11647999999995
node_cons: 100.85937999999999
tot_aggregated_send: 0
tot_msg_rcv: 34
tot_msg_sent: 45
tot_reconf_duration: 15.110000000000001
tot_sleeping_duration: 4416.907
tot_uptimes: 2
tot_uptimes_duration: 59.99999999999999
