comms_cons: 649.3009020346958
finished_reconf: true
global_termination_time: 2225473.958159998
local_termination_time: 2225473.917039998
node_cons: 91013.29508635297
tot_aggregated_send: 0
tot_msg_rcv: 33043
tot_msg_sent: 65646
tot_reconf_duration: 24.59
tot_sleeping_duration: 2157527.8029200016
tot_uptimes: 1123
tot_uptimes_duration: 67946.15523999673
