comms_cons: 224.78434557834498
finished_reconf: true
global_termination_time: 2227968.705
local_termination_time: 1357613.6455999976
node_cons: 45799.16885244755
tot_aggregated_send: 30044
tot_msg_rcv: 1314
tot_msg_sent: 2809
tot_reconf_duration: 3.05
tot_sleeping_duration: 2193767.7886800235
tot_uptimes: 571
tot_uptimes_duration: 34200.91631997633
