comms_cons: 159.74511359258315
finished_reconf: true
global_termination_time: 1632422.156
local_termination_time: 854344.0873599999
node_cons: 33602.67194447192
tot_aggregated_send: 21808
tot_msg_rcv: 732
tot_msg_sent: 1743
tot_reconf_duration: 15.110000000000001
tot_sleeping_duration: 1607342.131680006
tot_uptimes: 419
tot_uptimes_duration: 25080.024319993972
