comms_cons: 160.72327678940633
finished_reconf: true
global_termination_time: 1629715.0200000003
local_termination_time: 388190.27512000094
node_cons: 33539.45765558906
tot_aggregated_send: 21692
tot_msg_rcv: 925
tot_msg_sent: 1812
tot_reconf_duration: 4.8100000000000005
tot_sleeping_duration: 1604671.7596000084
tot_uptimes: 418
tot_uptimes_duration: 25043.26039999182
