comms_cons: 61.001791997575836
finished_reconf: true
global_termination_time: 605933.703
local_termination_time: 39224.69032000004
node_cons: 12477.429180000016
tot_aggregated_send: 8642
tot_msg_rcv: 298
tot_msg_sent: 331
tot_reconf_duration: 18.21
tot_sleeping_duration: 596633.703
tot_uptimes: 156
tot_uptimes_duration: 9300.0
