comms_cons: 93.70794240936802
finished_reconf: true
global_termination_time: 326487.4842000002
local_termination_time: 326487.4430800002
node_cons: 13096.945287800201
tot_aggregated_send: 0
tot_msg_rcv: 4828
tot_msg_sent: 9414
tot_reconf_duration: 24.59
tot_sleeping_duration: 316731.28400000004
tot_uptimes: 162
tot_uptimes_duration: 9756.200200000127
