comms_cons: 68.53552639919161
finished_reconf: true
global_termination_time: 698535.5750000003
local_termination_time: 583378.8193599998
node_cons: 14378.612350000489
tot_aggregated_send: 10034
tot_msg_rcv: 147
tot_msg_sent: 236
tot_reconf_duration: 22.65
tot_sleeping_duration: 687820.225
tot_uptimes: 179
tot_uptimes_duration: 10715.350000000326
