comms_cons: 1622.5278898489742
finished_reconf: true
global_termination_time: 8239049.285679996
local_termination_time: 3361.43048
node_cons: 169530.2687464459
tot_aggregated_send: 0
tot_msg_rcv: 124248
tot_msg_sent: 122360
tot_reconf_duration: 18.21
tot_sleeping_duration: 8112458.143360017
tot_uptimes: 2110
tot_uptimes_duration: 126591.14231997891
