comms_cons: 822.2378689816651
finished_reconf: true
global_termination_time: 8242022.129
local_termination_time: 2328154.154879998
node_cons: 169546.13417659965
tot_aggregated_send: 114724
tot_msg_rcv: 3340
tot_msg_sent: 6911
tot_reconf_duration: 15.34
tot_sleeping_duration: 8115416.227240025
tot_uptimes: 2111
tot_uptimes_duration: 126605.90175997443
