comms_cons: 821.5584258026294
finished_reconf: true
global_termination_time: 8240678.056
local_termination_time: 2658183.61236
node_cons: 169526.00965116557
tot_aggregated_send: 114434
tot_msg_rcv: 3444
tot_msg_sent: 6993
tot_reconf_duration: 6.279999999999999
tot_sleeping_duration: 8114077.995200022
tot_uptimes: 2111
tot_uptimes_duration: 126600.06079997844
