comms_cons: 817.7212162152872
finished_reconf: true
global_termination_time: 8241903.997
local_termination_time: 3944176.50936
node_cons: 169535.3418478137
tot_aggregated_send: 114492
tot_msg_rcv: 3242
tot_msg_sent: 6555
tot_reconf_duration: 13.17
tot_sleeping_duration: 8115303.954440016
tot_uptimes: 2111
tot_uptimes_duration: 126600.04255998484
