comms_cons: 818.4702785921068
finished_reconf: true
global_termination_time: 8241571.102
local_termination_time: 4967898.222759999
node_cons: 169528.43506669646
tot_aggregated_send: 114376
tot_msg_rcv: 3437
tot_msg_sent: 6589
tot_reconf_duration: 8.09
tot_sleeping_duration: 8114971.065520014
tot_uptimes: 2111
tot_uptimes_duration: 126600.03647998697
