comms_cons: 826.4448577839029
finished_reconf: true
global_termination_time: 8240664.683
local_termination_time: 871986.48436
node_cons: 169528.11827104207
tot_aggregated_send: 115304
tot_msg_rcv: 3571
tot_msg_sent: 6738
tot_reconf_duration: 7.819999999999999
tot_sleeping_duration: 8114064.609280025
tot_uptimes: 2111
tot_uptimes_duration: 126600.073719976
