comms_cons: 823.7468161819941
finished_reconf: true
global_termination_time: 8242638.87
local_termination_time: 2328138.8644800005
node_cons: 169524.8797745169
tot_aggregated_send: 115072
tot_msg_rcv: 3409
tot_msg_sent: 6722
tot_reconf_duration: 5.43
tot_sleeping_duration: 8116038.790960028
tot_uptimes: 2111
tot_uptimes_duration: 126600.07903997204
