comms_cons: 316.26483175970304
finished_reconf: true
global_termination_time: 1604403.811239999
local_termination_time: 1730.2580400000015
node_cons: 33015.670503592395
tot_aggregated_send: 0
tot_msg_rcv: 24270
tot_msg_sent: 23797
tot_reconf_duration: 18.21
tot_sleeping_duration: 1579765.3188400047
tot_uptimes: 411
tot_uptimes_duration: 24638.492399994284
