comms_cons: 12.172147199696674
finished_reconf: true
global_termination_time: 101578.906
local_termination_time: 52600.93048000001
node_cons: 2095.7820822383
tot_aggregated_send: 870
tot_msg_rcv: 342
tot_msg_sent: 638
tot_reconf_duration: 5.1
tot_sleeping_duration: 100018.89384000127
tot_uptimes: 27
tot_uptimes_duration: 1560.0121599987324
