comms_cons: 12.6827519997797
finished_reconf: true
global_termination_time: 104394.734
local_termination_time: 74272.02471999993
node_cons: 2093.0063233574388
tot_aggregated_send: 986
tot_msg_rcv: 416
tot_msg_sent: 526
tot_reconf_duration: 3.05
tot_sleeping_duration: 102834.7157600019
tot_uptimes: 27
tot_uptimes_duration: 1560.0182399980986
