comms_cons: 15.120134399412542
finished_reconf: true
global_termination_time: 167292.069
local_termination_time: 2849.6982399999997
node_cons: 3374.4376167183273
tot_aggregated_send: 0
tot_msg_rcv: 0
tot_msg_sent: 0
tot_reconf_duration: 5.02
tot_sleeping_duration: 164772.02252000125
tot_uptimes: 43
tot_uptimes_duration: 2520.0464799987494
