comms_cons: 0.48028160000002396
finished_reconf: true
global_termination_time: 5227.051
local_termination_time: 78.84447999999995
node_cons: 114.6974
tot_aggregated_send: 0
tot_msg_rcv: 37
tot_msg_sent: 35
tot_reconf_duration: 25.299999999999997
tot_sleeping_duration: 5167.051
tot_uptimes: 2
tot_uptimes_duration: 60.0
