comms_cons: 343.9276800372956
finished_reconf: true
global_termination_time: 3433614.647
local_termination_time: 1031505.4193599998
node_cons: 70631.28022670034
tot_aggregated_send: 47502
tot_msg_rcv: 1698
tot_msg_sent: 3075
tot_reconf_duration: 9.11
tot_sleeping_duration: 3380874.6105200136
tot_uptimes: 880
tot_uptimes_duration: 52740.036479986506
