comms_cons: 1396.4393608295861
finished_reconf: true
global_termination_time: 2888549.5656
local_termination_time: 2888549.5244799997
node_cons: 175311.7045704611
tot_aggregated_send: 0
tot_msg_rcv: 85788
tot_msg_sent: 126463
tot_reconf_duration: 24.59
tot_sleeping_duration: 2757647.1672800095
tot_uptimes: 2141
tot_uptimes_duration: 130902.39831999036
