comms_cons: 79.15651839563233
finished_reconf: true
global_termination_time: 753332.693
local_termination_time: 14661.553039999999
node_cons: 15432.336057900464
tot_aggregated_send: 9396
tot_msg_rcv: 875
tot_msg_sent: 1764
tot_reconf_duration: 5.1
tot_sleeping_duration: 741812.5957200147
tot_uptimes: 193
tot_uptimes_duration: 11520.097279985399
