comms_cons: 78.48453119378902
finished_reconf: true
global_termination_time: 754613.147
local_termination_time: 424863.5960000004
node_cons: 15526.180085593362
tot_aggregated_send: 9976
tot_msg_rcv: 743
tot_msg_sent: 1211
tot_reconf_duration: 15.110000000000001
tot_sleeping_duration: 743033.116600005
tot_uptimes: 194
tot_uptimes_duration: 11580.030399995041
