comms_cons: 75.47063039663209
finished_reconf: true
global_termination_time: 755190.695
local_termination_time: 334000.282
node_cons: 15512.184544476544
tot_aggregated_send: 10608
tot_msg_rcv: 279
tot_msg_sent: 584
tot_reconf_duration: 4.8100000000000005
tot_sleeping_duration: 743610.6706800025
tot_uptimes: 194
tot_uptimes_duration: 11580.024319997407
