comms_cons: 76.42398719831836
finished_reconf: true
global_termination_time: 755452.841
local_termination_time: 576984.4723599999
node_cons: 15511.606043355136
tot_aggregated_send: 10382
tot_msg_rcv: 421
tot_msg_sent: 813
tot_reconf_duration: 4.390000000000001
tot_sleeping_duration: 743872.8227600037
tot_uptimes: 194
tot_uptimes_duration: 11580.018239996338
