comms_cons: 79.57730559555412
finished_reconf: true
global_termination_time: 756301.241
local_termination_time: 102842.32811999973
node_cons: 15521.060391195952
tot_aggregated_send: 9628
tot_msg_rcv: 953
tot_msg_sent: 1516
tot_reconf_duration: 11.31
tot_sleeping_duration: 744721.1802000031
tot_uptimes: 194
tot_uptimes_duration: 11580.06079999695
