comms_cons: 916.1040904281916
finished_reconf: true
global_termination_time: 3139773.809
local_termination_time: 1562700.047639999
node_cons: 128380.89158199674
tot_aggregated_send: 0
tot_msg_rcv: 46616
tot_msg_sent: 92628
tot_reconf_duration: 18.21
tot_sleeping_duration: 3043914.090999999
tot_uptimes: 1587
tot_uptimes_duration: 95859.71800000058
