comms_cons: 314.7874304269323
finished_reconf: true
global_termination_time: 3141828.027
local_termination_time: 1137231.8953199987
node_cons: 64600.95662446672
tot_aggregated_send: 44312
tot_msg_rcv: 1212
tot_msg_sent: 2322
tot_reconf_duration: 5.57
tot_sleeping_duration: 3093588.0026800088
tot_uptimes: 805
tot_uptimes_duration: 48240.024319991004
