comms_cons: 316.20228482501096
finished_reconf: true
global_termination_time: 3140565.913
local_termination_time: 1217204.9643599996
node_cons: 64600.31836446644
tot_aggregated_send: 43848
tot_msg_rcv: 1426
tot_msg_sent: 2786
tot_reconf_duration: 5.1
tot_sleeping_duration: 3092325.888680009
tot_uptimes: 805
tot_uptimes_duration: 48240.024319991004
