comms_cons: 315.8767808332841
finished_reconf: true
global_termination_time: 3141762.093
local_termination_time: 13379.43436
node_cons: 64601.888171172235
tot_aggregated_send: 43848
tot_msg_rcv: 1371
tot_msg_sent: 2791
tot_reconf_duration: 6.22
tot_sleeping_duration: 3093522.03220002
tot_uptimes: 805
tot_uptimes_duration: 48240.060799980245
