comms_cons: 52.457676804142075
finished_reconf: true
global_termination_time: 259260.982
local_termination_time: 629.5705999999999
node_cons: 5327.201744484589
tot_aggregated_send: 0
tot_msg_rcv: 4149
tot_msg_sent: 3821
tot_reconf_duration: 18.21
tot_sleeping_duration: 255300.95767999656
tot_uptimes: 67
tot_uptimes_duration: 3960.024320003424
