comms_cons: 25.718092800528833
finished_reconf: true
global_termination_time: 256690.852
local_termination_time: 22069.408520000005
node_cons: 5228.6319800000065
tot_aggregated_send: 3480
tot_msg_rcv: 143
tot_msg_sent: 286
tot_reconf_duration: 4.8100000000000005
tot_sleeping_duration: 252790.852
tot_uptimes: 66
tot_uptimes_duration: 3900.0
