comms_cons: 25.987840000350836
finished_reconf: true
global_termination_time: 255974.187
local_termination_time: 642.2473199999996
node_cons: 5232.735842242876
tot_aggregated_send: 3422
tot_msg_rcv: 184
tot_msg_sent: 344
tot_reconf_duration: 7.819999999999999
tot_sleeping_duration: 252074.17483999784
tot_uptimes: 66
tot_uptimes_duration: 3900.0121600021453
