comms_cons: 2.243507199996771
finished_reconf: true
global_termination_time: 14320.573
local_termination_time: 9369.220360000001
node_cons: 258.9048600000001
tot_aggregated_send: 0
tot_msg_rcv: 179
tot_msg_sent: 162
tot_reconf_duration: 13.17
tot_sleeping_duration: 14140.573
tot_uptimes: 4
tot_uptimes_duration: 180.0
