comms_cons: 2.2106111999953506
finished_reconf: true
global_termination_time: 14555.342
local_termination_time: 8431.542360000001
node_cons: 266.4146000000007
tot_aggregated_send: 0
tot_msg_rcv: 179
tot_msg_sent: 157
tot_reconf_duration: 18.700000000000003
tot_sleeping_duration: 14375.342
tot_uptimes: 4
tot_uptimes_duration: 179.99999999999977
