comms_cons: 277.2869632090674
finished_reconf: true
global_termination_time: 2810394.978
local_termination_time: 5174.443
node_cons: 57850.22108781743
tot_aggregated_send: 39435
tot_msg_rcv: 890
tot_msg_sent: 1821
tot_reconf_duration: 3.95
tot_sleeping_duration: 2767194.935440016
tot_uptimes: 720
tot_uptimes_duration: 43200.04255998391
