comms_cons: 289.8585664291236
finished_reconf: true
global_termination_time: 2810141.599
local_termination_time: 6021.623
node_cons: 57859.75695005801
tot_aggregated_send: 37979
tot_msg_rcv: 2296
tot_msg_sent: 3783
tot_reconf_duration: 10.96
tot_sleeping_duration: 2766941.5442800154
tot_uptimes: 720
tot_uptimes_duration: 43200.05471998434
