comms_cons: 270.05642241861506
finished_reconf: true
global_termination_time: 2809624.455
local_termination_time: 4121.305
node_cons: 57852.72254446693
tot_aggregated_send: 38970
tot_msg_rcv: 718
tot_msg_sent: 1359
tot_reconf_duration: 5.8100000000000005
tot_sleeping_duration: 2766424.430680009
tot_uptimes: 720
tot_uptimes_duration: 43200.024319991004
