comms_cons: 266.58821121378173
finished_reconf: true
global_termination_time: 2810606.16
local_termination_time: 6897.723
node_cons: 57860.723901115794
tot_aggregated_send: 39312
tot_msg_rcv: 392
tot_msg_sent: 815
tot_reconf_duration: 11.719999999999999
tot_sleeping_duration: 2767406.1539200023
tot_uptimes: 720
tot_uptimes_duration: 43200.006079997635
