comms_cons: 76.81936639713564
finished_reconf: true
global_termination_time: 770705.96
local_termination_time: 288442.8654800001
node_cons: 15851.717321121483
tot_aggregated_send: 10962
tot_msg_rcv: 266
tot_msg_sent: 448
tot_reconf_duration: 18.21
tot_sleeping_duration: 758885.953919999
tot_uptimes: 198
tot_uptimes_duration: 11820.006080001069
