comms_cons: 74.27258880019033
finished_reconf: true
global_termination_time: 768362.4211200002
local_termination_time: 98306.35447999995
node_cons: 15795.151129680342
tot_aggregated_send: 10672
tot_msg_rcv: 209
tot_msg_sent: 408
tot_reconf_duration: 4.8100000000000005
tot_sleeping_duration: 756571.07
tot_uptimes: 197
tot_uptimes_duration: 11791.35112000024
