comms_cons: 78.28329599476545
finished_reconf: true
global_termination_time: 771063.508
local_termination_time: 182573.07736000005
node_cons: 15831.138182242868
tot_aggregated_send: 10266
tot_msg_rcv: 564
tot_msg_sent: 1069
tot_reconf_duration: 3.05
tot_sleeping_duration: 759243.4958399979
tot_uptimes: 198
tot_uptimes_duration: 11820.012160002138
