comms_cons: 50.4493056010145
finished_reconf: true
global_termination_time: 485744.978
local_termination_time: 96433.16547999997
node_cons: 9968.154184483456
tot_aggregated_send: 6264
tot_msg_rcv: 473
tot_msg_sent: 931
tot_reconf_duration: 4.390000000000001
tot_sleeping_duration: 478304.9536799975
tot_uptimes: 125
tot_uptimes_duration: 7440.0243200025725
