comms_cons: 50.5420416010823
finished_reconf: true
global_termination_time: 490058.653
local_termination_time: 25219.336600000002
node_cons: 10049.898363364306
tot_aggregated_send: 6322
tot_msg_rcv: 430
tot_msg_sent: 930
tot_reconf_duration: 5.43
tot_sleeping_duration: 482558.6347599968
tot_uptimes: 126
tot_uptimes_duration: 7500.018240003206
