comms_cons: 46.37020160037557
finished_reconf: true
global_termination_time: 471473.284
local_termination_time: 436908.9493600001
node_cons: 9644.941900000076
tot_aggregated_send: 6786
tot_msg_rcv: 90
tot_msg_sent: 172
tot_reconf_duration: 3.05
tot_sleeping_duration: 464273.284
tot_uptimes: 121
tot_uptimes_duration: 7200.0
