comms_cons: 69.92401919931275
finished_reconf: true
global_termination_time: 687349.1637199998
local_termination_time: 55747.434040000146
node_cons: 14191.214908079804
tot_aggregated_send: 9570
tot_msg_rcv: 431
tot_msg_sent: 627
tot_reconf_duration: 22.65
tot_sleeping_duration: 676773.767
tot_uptimes: 177
tot_uptimes_duration: 10575.396719999844
