comms_cons: 69.09475839909616
finished_reconf: true
global_termination_time: 688127.95
local_termination_time: 568886.9945999999
node_cons: 14143.981900000084
tot_aggregated_send: 9570
tot_msg_rcv: 334
tot_msg_sent: 598
tot_reconf_duration: 3.05
tot_sleeping_duration: 677567.95
tot_uptimes: 177
tot_uptimes_duration: 10560.0
