comms_cons: 2.289561599996655
finished_reconf: true
global_termination_time: 17449.313
local_termination_time: 10524.731360000002
node_cons: 328.9240600000021
tot_aggregated_send: 0
tot_msg_rcv: 177
tot_msg_sent: 171
tot_reconf_duration: 5.57
tot_sleeping_duration: 17209.313
tot_uptimes: 5
tot_uptimes_duration: 240.0
