comms_cons: 2.1119231999944774
finished_reconf: true
global_termination_time: 13453.41548
local_termination_time: 13453.37436
node_cons: 310.181219840007
tot_aggregated_send: 0
tot_msg_rcv: 164
tot_msg_sent: 156
tot_reconf_duration: 37.410000000000004
tot_sleeping_duration: 13259.704919999995
tot_uptimes: 4
tot_uptimes_duration: 193.710560000005
