comms_cons: 2.3027199999966115
finished_reconf: true
global_termination_time: 16753.503
local_termination_time: 9936.906359999999
node_cons: 329.80675999999914
tot_aggregated_send: 0
tot_msg_rcv: 179
tot_msg_sent: 171
tot_reconf_duration: 6.22
tot_sleeping_duration: 16513.503
tot_uptimes: 5
tot_uptimes_duration: 240.0
