comms_cons: 2.282982399992456
finished_reconf: true
global_termination_time: 13635.509
local_termination_time: 5020.447360000001
node_cons: 256.3789800000005
tot_aggregated_send: 0
tot_msg_rcv: 183
tot_msg_sent: 164
tot_reconf_duration: 11.31
tot_sleeping_duration: 13455.509
tot_uptimes: 4
tot_uptimes_duration: 180.0
