comms_cons: 51.83093760102744
finished_reconf: true
global_termination_time: 517815.146
local_termination_time: 191567.32436000006
node_cons: 10610.849761121463
tot_aggregated_send: 7076
tot_msg_rcv: 248
tot_msg_sent: 554
tot_reconf_duration: 4.390000000000001
tot_sleeping_duration: 509895.13991999894
tot_uptimes: 133
tot_uptimes_duration: 7920.006080001069
