comms_cons: 13.364236799855753
finished_reconf: true
global_termination_time: 111957.278
local_termination_time: 19684.307600000004
node_cons: 2253.7270633594508
tot_aggregated_send: 928
tot_msg_rcv: 397
tot_msg_sent: 708
tot_reconf_duration: 3.08
tot_sleeping_duration: 110277.25976000041
tot_uptimes: 29
tot_uptimes_duration: 1680.0182399995883
