comms_cons: 12.84889599966575
finished_reconf: true
global_termination_time: 110845.606
local_termination_time: 33805.32544000014
node_cons: 2265.7046233597357
tot_aggregated_send: 638
tot_msg_rcv: 445
tot_msg_sent: 871
tot_reconf_duration: 11.899999999999999
tot_sleeping_duration: 109165.5877600002
tot_uptimes: 29
tot_uptimes_duration: 1680.0182399998012
