comms_cons: 14.0228351997082
finished_reconf: true
global_termination_time: 113365.245
local_termination_time: 6731.500360000001
node_cons: 2340.5284067203233
tot_aggregated_send: 522
tot_msg_rcv: 677
tot_msg_sent: 934
tot_reconf_duration: 7.819999999999999
tot_sleeping_duration: 111625.20851999975
tot_uptimes: 30
tot_uptimes_duration: 1740.0364800002408
