comms_cons: 166.68403199555766
finished_reconf: true
global_termination_time: 1706069.617
local_termination_time: 121250.12635999998
node_cons: 35038.85955999996
tot_aggregated_send: 24418
tot_msg_rcv: 284
tot_msg_sent: 633
tot_reconf_duration: 7.819999999999999
tot_sleeping_duration: 1679909.617
tot_uptimes: 437
tot_uptimes_duration: 26160.0
