comms_cons: 46.43599360298556
finished_reconf: true
global_termination_time: 239203.729
local_termination_time: 2048.1843600000007
node_cons: 4931.498700000005
tot_aggregated_send: 0
tot_msg_rcv: 3541
tot_msg_sent: 3517
tot_reconf_duration: 22.65
tot_sleeping_duration: 235543.729
tot_uptimes: 62
tot_uptimes_duration: 3660.0
