comms_cons: 23.4351104000344
finished_reconf: true
global_termination_time: 238558.04008000027
local_termination_time: 238542.7256000001
node_cons: 4941.255907120356
tot_aggregated_send: 3538
tot_msg_rcv: 15
tot_msg_sent: 9
tot_reconf_duration: 4.8100000000000005
tot_sleeping_duration: 234872.66
tot_uptimes: 62
tot_uptimes_duration: 3685.3800800002646
