comms_cons: 47.57980160358904
finished_reconf: true
global_termination_time: 238558.46156000078
local_termination_time: 3541.5543600000005
node_cons: 4970.549887841058
tot_aggregated_send: 0
tot_msg_rcv: 3654
tot_msg_sent: 3576
tot_reconf_duration: 3.05
tot_sleeping_duration: 234849.419
tot_uptimes: 62
tot_uptimes_duration: 3709.0425600007875
