comms_cons: 24.145664000127
finished_reconf: true
global_termination_time: 240942.757
local_termination_time: 1689.3091200000022
node_cons: 4911.359560000004
tot_aggregated_send: 3306
tot_msg_rcv: 138
tot_msg_sent: 226
tot_reconf_duration: 7.819999999999999
tot_sleeping_duration: 237282.757
tot_uptimes: 62
tot_uptimes_duration: 3660.0
