comms_cons: 785.9882946611949
finished_reconf: true
global_termination_time: 2700096.424
local_termination_time: 978277.0780399992
node_cons: 109987.83189699688
tot_aggregated_send: 0
tot_msg_rcv: 40120
tot_msg_sent: 79346
tot_reconf_duration: 18.21
tot_sleeping_duration: 2617973.121
tot_uptimes: 1356
tot_uptimes_duration: 82123.3030000001
