comms_cons: 530.7613889761888
finished_reconf: true
global_termination_time: 2705419.158
local_termination_time: 978280.5491599992
node_cons: 55626.05498223307
tot_aggregated_send: 0
tot_msg_rcv: 40552
tot_msg_sent: 40120
tot_reconf_duration: 22.65
tot_sleeping_duration: 2663899.1458400046
tot_uptimes: 693
tot_uptimes_duration: 41520.0121599955
