comms_cons: 355.46406403257254
finished_reconf: true
global_termination_time: 3520170.097
local_termination_time: 1181128.6129599987
node_cons: 72392.31790223219
tot_aggregated_send: 49068
tot_msg_rcv: 1767
tot_msg_sent: 3194
tot_reconf_duration: 4.390000000000001
tot_sleeping_duration: 3466110.084840005
tot_uptimes: 902
tot_uptimes_duration: 54060.0121599955
