comms_cons: 355.80803202657495
finished_reconf: true
global_termination_time: 3520855.364
local_termination_time: 459205.58736000006
node_cons: 72407.2205667046
tot_aggregated_send: 49184
tot_msg_rcv: 1827
tot_msg_sent: 3070
tot_reconf_duration: 15.34
tot_sleeping_duration: 3466795.32752001
tot_uptimes: 902
tot_uptimes_duration: 54060.03647998971
