comms_cons: 284.58392321588383
finished_reconf: true
global_termination_time: 2808421.122
local_termination_time: 1152969.26736
node_cons: 57855.46840670037
tot_aggregated_send: 39092
tot_msg_rcv: 1493
tot_msg_sent: 2671
tot_reconf_duration: 7.819999999999999
tot_sleeping_duration: 2765221.085520014
tot_uptimes: 720
tot_uptimes_duration: 43200.03647998604
