comms_cons: 366.64565763493124
finished_reconf: true
global_termination_time: 3696227.353
local_termination_time: 981006.7039599988
node_cons: 76012.30026558338
tot_aggregated_send: 51446
tot_msg_rcv: 1390
tot_msg_sent: 2892
tot_reconf_duration: 7.819999999999999
tot_sleeping_duration: 3639467.3226000112
tot_uptimes: 947
tot_uptimes_duration: 56760.03039998887
