comms_cons: 77.75956479821181
finished_reconf: true
global_termination_time: 781926.85
local_termination_time: 4667.452
node_cons: 16075.987742236865
tot_aggregated_send: 11188
tot_msg_rcv: 223
tot_msg_sent: 408
tot_reconf_duration: 5.87
tot_sleeping_duration: 769926.8378400023
tot_uptimes: 201
tot_uptimes_duration: 12000.012159997641
