comms_cons: 76.35819519894066
finished_reconf: true
global_termination_time: 779873.884
local_termination_time: 4629.284
node_cons: 16002.559962238287
tot_aggregated_send: 11299
tot_msg_rcv: 73
tot_msg_sent: 234
tot_reconf_duration: 10.96
tot_sleeping_duration: 767933.8718400013
tot_uptimes: 200
tot_uptimes_duration: 11940.012159998703
