comms_cons: 28.521459200344708
finished_reconf: true
global_termination_time: 276492.8
local_termination_time: 115732.52935999996
node_cons: 5658.1818233642825
tot_aggregated_send: 3538
tot_msg_rcv: 293
tot_msg_sent: 504
tot_reconf_duration: 25.299999999999997
tot_sleeping_duration: 272292.7817599968
tot_uptimes: 71
tot_uptimes_duration: 4200.018240003206
