comms_cons: 93.25786881270878
finished_reconf: true
global_termination_time: 461207.5867600005
local_termination_time: 2981.7236000000003
node_cons: 9546.887668245574
tot_aggregated_send: 0
tot_msg_rcv: 7304
tot_msg_sent: 6868
tot_reconf_duration: 15.34
tot_sleeping_duration: 454093.2805999964
tot_uptimes: 119
tot_uptimes_duration: 7114.306160004155
