comms_cons: 123.22967039887449
finished_reconf: true
global_termination_time: 1251575.425
local_termination_time: 4048.1499999999996
node_cons: 25714.335201119193
tot_aggregated_send: 17976
tot_msg_rcv: 235
tot_msg_sent: 519
tot_reconf_duration: 4.07
tot_sleeping_duration: 1232375.4189200005
tot_uptimes: 321
tot_uptimes_duration: 19200.006079999366
