comms_cons: 121.64345599830779
finished_reconf: true
global_termination_time: 1249098.588
local_termination_time: 4707.367
node_cons: 25640.573360000042
tot_aggregated_send: 18087
tot_msg_rcv: 108
tot_msg_sent: 294
tot_reconf_duration: 8.92
tot_sleeping_duration: 1229958.588
tot_uptimes: 320
tot_uptimes_duration: 19140.0
