comms_cons: 122.6297087981774
finished_reconf: true
global_termination_time: 1248566.341
local_termination_time: 4322.110000000001
node_cons: 25641.255062236025
tot_aggregated_send: 18086
tot_msg_rcv: 145
tot_msg_sent: 408
tot_reconf_duration: 9.41
tot_sleeping_duration: 1229426.3288400029
tot_uptimes: 320
tot_uptimes_duration: 19140.012159997
