comms_cons: 872.0577872908137
finished_reconf: true
global_termination_time: 4427409.306839997
local_termination_time: 291.39947999999913
node_cons: 91090.7732187019
tot_aggregated_send: 0
tot_msg_rcv: 66787
tot_msg_sent: 65758
tot_reconf_duration: 5.1
tot_sleeping_duration: 4359385.522360008
tot_uptimes: 1134
tot_uptimes_duration: 68023.78447998833
