comms_cons: 439.8392768561056
finished_reconf: true
global_termination_time: 4428512.33
local_termination_time: 3188367.830239998
node_cons: 91121.72834111455
tot_aggregated_send: 63452
tot_msg_rcv: 1090
tot_msg_sent: 2310
tot_reconf_duration: 11.899999999999999
tot_sleeping_duration: 4360472.323920002
tot_uptimes: 1135
tot_uptimes_duration: 68040.00607999787
