comms_cons: 211.36747508906706
finished_reconf: true
global_termination_time: 1406767.711
local_termination_time: 268734.03536000004
node_cons: 28929.3990700699
tot_aggregated_send: 0
tot_msg_rcv: 16514
tot_msg_sent: 15614
tot_reconf_duration: 5.1
tot_sleeping_duration: 1385167.6562800074
tot_uptimes: 361
tot_uptimes_duration: 21600.054719992448
