comms_cons: 140.6369791916258
finished_reconf: true
global_termination_time: 1406599.2
local_termination_time: 365444.66236
node_cons: 28934.812085597983
tot_aggregated_send: 18502
tot_msg_rcv: 1030
tot_msg_sent: 1844
tot_reconf_duration: 9.11
tot_sleeping_duration: 1384999.1696000015
tot_uptimes: 361
tot_uptimes_duration: 21600.030399998475
