comms_cons: 140.45934079154685
finished_reconf: true
global_termination_time: 1407640.468
local_termination_time: 706338.1554799989
node_cons: 28928.39418446739
tot_aggregated_send: 19372
tot_msg_rcv: 676
tot_msg_sent: 1301
tot_reconf_duration: 4.390000000000001
tot_sleeping_duration: 1386040.4436800096
tot_uptimes: 361
tot_uptimes_duration: 21600.024319990538
