comms_cons: 111.30753279960098
finished_reconf: true
global_termination_time: 1125879.328
local_termination_time: 593998.15536
node_cons: 23148.539560000125
tot_aggregated_send: 16240
tot_msg_rcv: 223
tot_msg_sent: 455
tot_reconf_duration: 7.819999999999999
tot_sleeping_duration: 1108599.328
tot_uptimes: 289
tot_uptimes_duration: 17280.0
