comms_cons: 2.217190399994347
finished_reconf: true
global_termination_time: 12095.84
local_termination_time: 5535.3463600000005
node_cons: 261.8517200000002
tot_aggregated_send: 0
tot_msg_rcv: 176
tot_msg_sent: 160
tot_reconf_duration: 15.34
tot_sleeping_duration: 11915.84
tot_uptimes: 4
tot_uptimes_duration: 180.0
