comms_cons: 138.75357437323981
finished_reconf: true
global_termination_time: 709592.686
local_termination_time: 2756.44336
node_cons: 14566.285462238284
tot_aggregated_send: 0
tot_msg_rcv: 10605
tot_msg_sent: 10484
tot_reconf_duration: 18.21
tot_sleeping_duration: 698732.6738400013
tot_uptimes: 182
tot_uptimes_duration: 10860.012159998703
