comms_cons: 72.19356159740992
finished_reconf: true
global_termination_time: 710024.737
local_termination_time: 253344.39448000008
node_cons: 14548.080121116851
tot_aggregated_send: 9512
tot_msg_rcv: 475
tot_msg_sent: 986
tot_reconf_duration: 4.8100000000000005
tot_sleeping_duration: 699164.7309200023
tot_uptimes: 182
tot_uptimes_duration: 10860.006079997635
