comms_cons: 71.4501119976481
finished_reconf: true
global_termination_time: 709834.676
local_termination_time: 586515.2323599999
node_cons: 14547.509761116871
tot_aggregated_send: 9802
tot_msg_rcv: 365
tot_msg_sent: 693
tot_reconf_duration: 4.390000000000001
tot_sleeping_duration: 698974.6699200023
tot_uptimes: 182
tot_uptimes_duration: 10860.006079997635
