comms_cons: 33.163808000263714
finished_reconf: true
global_termination_time: 332330.618
local_termination_time: 56270.86536000001
node_cons: 6849.748002240585
tot_aggregated_send: 4582
tot_msg_rcv: 121
tot_msg_sent: 337
tot_reconf_duration: 15.34
tot_sleeping_duration: 327230.6058399996
tot_uptimes: 86
tot_uptimes_duration: 5100.012160000435
