comms_cons: 34.13351680046336
finished_reconf: true
global_termination_time: 335325.009
local_termination_time: 91952.25131999988
node_cons: 6846.809283364298
tot_aggregated_send: 4524
tot_msg_rcv: 267
tot_msg_sent: 397
tot_reconf_duration: 13.17
tot_sleeping_duration: 330224.9907599968
tot_uptimes: 86
tot_uptimes_duration: 5100.018240003206
