comms_cons: 32.283161600102986
finished_reconf: true
global_termination_time: 331587.93
local_termination_time: 91414.57947999994
node_cons: 6765.719681119145
tot_aggregated_send: 4698
tot_msg_rcv: 45
tot_msg_sent: 163
tot_reconf_duration: 12.629999999999999
tot_sleeping_duration: 326547.92392000067
tot_uptimes: 85
tot_uptimes_duration: 5040.006079999366
