comms_cons: 33.383488000357076
finished_reconf: true
global_termination_time: 333269.037
local_termination_time: 64506.52360000011
node_cons: 6845.06020000001
tot_aggregated_send: 4582
tot_msg_rcv: 154
tot_msg_sent: 339
tot_reconf_duration: 11.899999999999999
tot_sleeping_duration: 328169.037
tot_uptimes: 86
tot_uptimes_duration: 5100.0
