comms_cons: 301.54883201625256
finished_reconf: true
global_termination_time: 3009680.136239997
local_termination_time: 52467.35848000001
node_cons: 61896.300252767534
tot_aggregated_send: 41934
tot_msg_rcv: 1191
tot_msg_sent: 2707
tot_reconf_duration: 11.31
tot_sleeping_duration: 2963465.8410400203
tot_uptimes: 771
tot_uptimes_duration: 46214.29519997665
