comms_cons: 303.42785922959547
finished_reconf: true
global_termination_time: 3011363.087
local_termination_time: 102100.84035999997
node_cons: 61949.58721005583
tot_aggregated_send: 41702
tot_msg_rcv: 1409
tot_msg_sent: 3007
tot_reconf_duration: 5.43
tot_sleeping_duration: 2965103.032280017
tot_uptimes: 772
tot_uptimes_duration: 46260.05471998284
