comms_cons: 194.9826623921596
finished_reconf: true
global_termination_time: 1963314.986
local_termination_time: 441595.0803600001
node_cons: 40351.511719999755
tot_aggregated_send: 28130
tot_msg_rcv: 533
tot_msg_sent: 972
tot_reconf_duration: 15.34
tot_sleeping_duration: 1933194.986
tot_uptimes: 503
tot_uptimes_duration: 30120.0
