comms_cons: 194.71142399248905
finished_reconf: true
global_termination_time: 1964818.196
local_termination_time: 853075.4433599989
node_cons: 40419.548239999756
tot_aggregated_send: 28362
tot_msg_rcv: 426
tot_msg_sent: 807
tot_reconf_duration: 6.279999999999999
tot_sleeping_duration: 1934638.196
tot_uptimes: 504
tot_uptimes_duration: 30180.0
