comms_cons: 97.91685121147113
finished_reconf: true
global_termination_time: 432413.5057200002
local_termination_time: 2184.1456
node_cons: 8882.91635162661
tot_aggregated_send: 0
tot_msg_rcv: 8415
tot_msg_sent: 6458
tot_reconf_duration: 18.21
tot_sleeping_duration: 425797.9813199803
tot_uptimes: 111
tot_uptimes_duration: 6615.524400019873
