comms_cons: 42.027929600103214
finished_reconf: true
global_termination_time: 432413.35948000016
local_termination_time: 219426.545
node_cons: 8864.438068720241
tot_aggregated_send: 6316
tot_msg_rcv: 10
tot_msg_sent: 62
tot_reconf_duration: 4.8100000000000005
tot_sleeping_duration: 425798.045
tot_uptimes: 111
tot_uptimes_duration: 6615.3144800001755
