comms_cons: 44.08064000066771
finished_reconf: true
global_termination_time: 434677.621
local_termination_time: 59447.22760000001
node_cons: 8932.610100000007
tot_aggregated_send: 6032
tot_msg_rcv: 272
tot_msg_sent: 396
tot_reconf_duration: 10.95
tot_sleeping_duration: 428017.621
tot_uptimes: 112
tot_uptimes_duration: 6660.0
