comms_cons: 42.12066560044434
finished_reconf: true
global_termination_time: 420494.636
local_termination_time: 170776.08468000023
node_cons: 8621.12546224286
tot_aggregated_send: 5800
tot_msg_rcv: 209
tot_msg_sent: 394
tot_reconf_duration: 18.21
tot_sleeping_duration: 414074.62383999786
tot_uptimes: 108
tot_uptimes_duration: 6420.0121600021375
