comms_cons: 42.7121664006447
finished_reconf: true
global_termination_time: 416259.58
local_termination_time: 135347.47336000006
node_cons: 8523.60406000002
tot_aggregated_send: 5568
tot_msg_rcv: 349
tot_msg_sent: 575
tot_reconf_duration: 5.57
tot_sleeping_duration: 409899.58
tot_uptimes: 107
tot_uptimes_duration: 6360.0
