comms_cons: 166.14159354262983
finished_reconf: true
global_termination_time: 838292.5
local_termination_time: 963.9860399999995
node_cons: 17217.505462242887
tot_aggregated_send: 0
tot_msg_rcv: 12847
tot_msg_sent: 12402
tot_reconf_duration: 18.21
tot_sleeping_duration: 825452.4878399979
tot_uptimes: 215
tot_uptimes_duration: 12840.012160002138
