comms_cons: 79.12208640062765
finished_reconf: true
global_termination_time: 838091.372
local_termination_time: 277525.7770800002
node_cons: 17293.93986112149
tot_aggregated_send: 11368
tot_msg_rcv: 197
tot_msg_sent: 462
tot_reconf_duration: 15.34
tot_sleeping_duration: 825191.3659199988
tot_uptimes: 215
tot_uptimes_duration: 12900.006080001069
