comms_cons: 82.75975680038913
finished_reconf: true
global_termination_time: 840638.89
local_termination_time: 319414.63608000014
node_cons: 17307.465541116842
tot_aggregated_send: 11426
tot_msg_rcv: 415
tot_msg_sent: 738
tot_reconf_duration: 25.299999999999997
tot_sleeping_duration: 827738.8839200024
tot_uptimes: 216
tot_uptimes_duration: 12900.006079997635
