comms_cons: 165.0462207414404
finished_reconf: true
global_termination_time: 838036.4113199987
local_termination_time: 2374.32436
node_cons: 17262.929990721088
tot_aggregated_send: 0
tot_msg_rcv: 12629
tot_msg_sent: 12452
tot_reconf_duration: 4.390000000000001
tot_sleeping_duration: 825148.4588399979
tot_uptimes: 215
tot_uptimes_duration: 12887.952480000793
