comms_cons: 135.21697277827704
finished_reconf: true
global_termination_time: 740904.215
local_termination_time: 199929.40572000007
node_cons: 15215.051264481139
tot_aggregated_send: 0
tot_msg_rcv: 10525
tot_msg_sent: 10029
tot_reconf_duration: 22.65
tot_sleeping_duration: 729564.1906799991
tot_uptimes: 190
tot_uptimes_duration: 11340.02432000084
