comms_cons: 74.23876480014655
finished_reconf: true
global_termination_time: 736001.958
local_termination_time: 104118.28547999996
node_cons: 15112.44003009062
tot_aggregated_send: 9686
tot_msg_rcv: 484
tot_msg_sent: 1115
tot_reconf_duration: 6.22
tot_sleeping_duration: 724721.903279992
tot_uptimes: 189
tot_uptimes_duration: 11280.054720007916
