comms_cons: 441.90581130416007
finished_reconf: true
global_termination_time: 4381670.057
local_termination_time: 907098.6903599999
node_cons: 90152.5232078163
tot_aggregated_send: 60900
tot_msg_rcv: 2086
tot_msg_sent: 4182
tot_reconf_duration: 8.09
tot_sleeping_duration: 4314350.014440016
tot_uptimes: 1123
tot_uptimes_duration: 67320.04255998414
