comms_cons: 440.96206086024756
finished_reconf: true
global_termination_time: 4379313.723
local_termination_time: 1496537.5233599998
node_cons: 90081.70822669902
tot_aggregated_send: 60552
tot_msg_rcv: 2008
tot_msg_sent: 4462
tot_reconf_duration: 15.110000000000001
tot_sleeping_duration: 4312053.686520014
tot_uptimes: 1122
tot_uptimes_duration: 67260.03647998627
