comms_cons: 439.54381446760084
finished_reconf: true
global_termination_time: 4378488.91
local_termination_time: 1534175.6143599998
node_cons: 90073.98934781655
tot_aggregated_send: 60784
tot_msg_rcv: 1786
tot_msg_sent: 4236
tot_reconf_duration: 9.42
tot_sleeping_duration: 4311228.867440016
tot_uptimes: 1122
tot_uptimes_duration: 67260.04255998437
