comms_cons: 443.7357120715176
finished_reconf: true
global_termination_time: 4377872.401
local_termination_time: 1577108.1693600002
node_cons: 90086.57707306267
tot_aggregated_send: 60378
tot_msg_rcv: 2434
tot_msg_sent: 4630
tot_reconf_duration: 18.700000000000003
tot_sleeping_duration: 4310612.36928001
tot_uptimes: 1122
tot_uptimes_duration: 67260.03171998868
