comms_cons: 435.1184320467968
finished_reconf: true
global_termination_time: 4379470.867
local_termination_time: 1413023.00936
node_cons: 90071.81654781644
tot_aggregated_send: 61538
tot_msg_rcv: 1361
tot_msg_sent: 3236
tot_reconf_duration: 7.819999999999999
tot_sleeping_duration: 4312210.8244400155
tot_uptimes: 1122
tot_uptimes_duration: 67260.04255998414
