comms_cons: 846.9268673284166
finished_reconf: true
global_termination_time: 8530544.85348
local_termination_time: 8530544.81236
node_cons: 175531.73750206415
tot_aggregated_send: 122644
tot_msg_rcv: 2071
tot_msg_sent: 4012
tot_reconf_duration: 37.410000000000004
tot_sleeping_duration: 8399491.130760007
tot_uptimes: 2185
tot_uptimes_duration: 131053.72271999298
