comms_cons: 849.5475970042332
finished_reconf: true
global_termination_time: 8533933.767
local_termination_time: 2707363.430239998
node_cons: 175577.1844922878
tot_aggregated_send: 119074
tot_msg_rcv: 3142
tot_msg_sent: 6909
tot_reconf_duration: 15.34
tot_sleeping_duration: 8402823.72012002
tot_uptimes: 2186
tot_uptimes_duration: 131110.0468799807
