comms_cons: 855.3837570465524
finished_reconf: true
global_termination_time: 8533603.766
local_termination_time: 3044030.52836
node_cons: 175577.3306700479
tot_aggregated_send: 117276
tot_msg_rcv: 4319
tot_msg_sent: 8419
tot_reconf_duration: 25.299999999999997
tot_sleeping_duration: 8402503.71128002
tot_uptimes: 2186
tot_uptimes_duration: 131100.0547199808
