comms_cons: 840.8543233541569
finished_reconf: true
global_termination_time: 8535994.267
local_termination_time: 5105934.375359999
node_cons: 175563.46008557876
tot_aggregated_send: 118958
tot_msg_rcv: 2998
tot_msg_sent: 5847
tot_reconf_duration: 15.110000000000001
tot_sleeping_duration: 8404894.236600012
tot_uptimes: 2186
tot_uptimes_duration: 131100.03039998934
