comms_cons: 837.0138945140573
finished_reconf: true
global_termination_time: 8531514.878
local_termination_time: 5267200.37536
node_cons: 175475.38492446233
tot_aggregated_send: 120002
tot_msg_rcv: 2302
tot_msg_sent: 4916
tot_reconf_duration: 9.42
tot_sleeping_duration: 8400474.853680009
tot_uptimes: 2185
tot_uptimes_duration: 131040.02431999147
