comms_cons: 852.5623042406852
finished_reconf: true
global_termination_time: 8532701.143
local_termination_time: 1749853.4047599991
node_cons: 175551.42817116462
tot_aggregated_send: 118552
tot_msg_rcv: 3454
tot_msg_sent: 7576
tot_reconf_duration: 6.22
tot_sleeping_duration: 8401601.08220002
tot_uptimes: 2186
tot_uptimes_duration: 131100.0607999782
