comms_cons: 243.048844795746
finished_reconf: true
global_termination_time: 2449953.525
local_termination_time: 646517.6233599999
node_cons: 50397.90917999924
tot_aggregated_send: 35206
tot_msg_rcv: 592
tot_msg_sent: 1144
tot_reconf_duration: 18.21
tot_sleeping_duration: 2412333.525
tot_uptimes: 628
tot_uptimes_duration: 37620.0
