comms_cons: 246.68434560072194
finished_reconf: true
global_termination_time: 2450028.376
local_termination_time: 579390.122
node_cons: 50413.843979267476
tot_aggregated_send: 34276
tot_msg_rcv: 1137
tot_msg_sent: 2082
tot_reconf_duration: 22.65
tot_sleeping_duration: 2412400.978480009
tot_uptimes: 628
tot_uptimes_duration: 37627.39751999115
