comms_cons: 244.2941568008438
finished_reconf: true
global_termination_time: 2452019.492
local_termination_time: 998807.7663599999
node_cons: 50380.12208223293
tot_aggregated_send: 34452
tot_msg_rcv: 820
tot_msg_sent: 1862
tot_reconf_duration: 5.1
tot_sleeping_duration: 2414399.479840005
tot_uptimes: 628
tot_uptimes_duration: 37620.01215999527
