comms_cons: 247.31864319601158
finished_reconf: true
global_termination_time: 2449048.658
local_termination_time: 150597.88736000005
node_cons: 50457.70260558803
tot_aggregated_send: 34162
tot_msg_rcv: 1158
tot_msg_sent: 2272
tot_reconf_duration: 3.05
tot_sleeping_duration: 2411368.627600008
tot_uptimes: 628
tot_uptimes_duration: 37680.03039999161
