comms_cons: 159.41464319613218
finished_reconf: true
global_termination_time: 1617443.437
local_termination_time: 864057.326
node_cons: 33288.86445287383
tot_aggregated_send: 23427
tot_msg_rcv: 223
tot_msg_sent: 580
tot_reconf_duration: 12.629999999999999
tot_sleeping_duration: 1592595.2570800046
tot_uptimes: 415
tot_uptimes_duration: 24848.179919995368
