comms_cons: 321.7605885564356
finished_reconf: true
global_termination_time: 1618212.384
local_termination_time: 340491.4109600001
node_cons: 33269.31259452341
tot_aggregated_send: 0
tot_msg_rcv: 24880
tot_msg_sent: 24027
tot_reconf_duration: 6.22
tot_sleeping_duration: 1593372.3049600273
tot_uptimes: 415
tot_uptimes_duration: 24840.079039972683
