comms_cons: 166.58428157715267
finished_reconf: true
global_termination_time: 1616905.726
local_termination_time: 931796.3173599999
node_cons: 33268.16650446727
tot_aggregated_send: 21634
tot_msg_rcv: 1304
tot_msg_sent: 2381
tot_reconf_duration: 5.43
tot_sleeping_duration: 1592065.7016800095
tot_uptimes: 415
tot_uptimes_duration: 24840.024319990538
