comms_cons: 141.1302271683372
finished_reconf: true
global_termination_time: 721740.947
local_termination_time: 1322.0136000000005
node_cons: 14788.537902233677
tot_aggregated_send: 0
tot_msg_rcv: 10772
tot_msg_sent: 10676
tot_reconf_duration: 4.390000000000001
tot_sleeping_duration: 710700.9348400048
tot_uptimes: 185
tot_uptimes_duration: 11040.012159995262
