comms_cons: 141.9943231686512
finished_reconf: true
global_termination_time: 715689.448
local_termination_time: 3306.3693600000006
node_cons: 14786.701900000022
tot_aggregated_send: 0
tot_msg_rcv: 10914
tot_msg_sent: 10666
tot_reconf_duration: 3.05
tot_sleeping_duration: 704649.448
tot_uptimes: 184
tot_uptimes_duration: 11040.0
