comms_cons: 39.74494720084176
finished_reconf: true
global_termination_time: 382227.918
local_termination_time: 67102.75059999994
node_cons: 7813.515662242873
tot_aggregated_send: 4930
tot_msg_rcv: 427
tot_msg_sent: 684
tot_reconf_duration: 15.110000000000001
tot_sleeping_duration: 376407.90583999787
tot_uptimes: 98
tot_uptimes_duration: 5820.0121600021375
