comms_cons: 75.50816000956448
finished_reconf: true
global_termination_time: 377862.03240000043
local_termination_time: 1303.9423600000002
node_cons: 7785.079734720912
tot_aggregated_send: 0
tot_msg_rcv: 5905
tot_msg_sent: 5571
tot_reconf_duration: 22.65
tot_sleeping_duration: 372070.9039199998
tot_uptimes: 97
tot_uptimes_duration: 5791.128480000674
