comms_cons: 128.68257279524826
finished_reconf: true
global_termination_time: 1290948.814
local_termination_time: 73050.02371999995
node_cons: 26533.031720000057
tot_aggregated_send: 18386
tot_msg_rcv: 432
tot_msg_sent: 741
tot_reconf_duration: 15.34
tot_sleeping_duration: 1271148.814
tot_uptimes: 331
tot_uptimes_duration: 19800.0
