comms_cons: 128.97205759315403
finished_reconf: true
global_termination_time: 1287806.698
local_termination_time: 542276.2223599999
node_cons: 26438.785800000005
tot_aggregated_send: 18270
tot_msg_rcv: 525
tot_msg_sent: 808
tot_reconf_duration: 5.1
tot_sleeping_duration: 1268066.698
tot_uptimes: 330
tot_uptimes_duration: 19739.999999999996
