comms_cons: 129.53605759434004
finished_reconf: true
global_termination_time: 1287751.1751200003
local_termination_time: 53203.3104800002
node_cons: 26487.899844636657
tot_aggregated_send: 17574
tot_msg_rcv: 829
tot_msg_sent: 1285
tot_reconf_duration: 4.8100000000000005
tot_sleeping_duration: 1267974.2013600029
tot_uptimes: 330
tot_uptimes_duration: 19776.973759997476
