comms_cons: 132.05237758777258
finished_reconf: true
global_termination_time: 1287796.055
local_termination_time: 375937.8684400007
node_cons: 26522.868406705642
tot_aggregated_send: 17574
tot_msg_rcv: 929
tot_msg_sent: 1569
tot_reconf_duration: 7.819999999999999
tot_sleeping_duration: 1267996.0185200106
tot_uptimes: 330
tot_uptimes_duration: 19800.03647998924
