comms_cons: 126.17589759756991
finished_reconf: true
global_termination_time: 1291447.901
local_termination_time: 135088.61836000005
node_cons: 26520.654901116875
tot_aggregated_send: 17922
tot_msg_rcv: 440
tot_msg_sent: 816
tot_reconf_duration: 6.22
tot_sleeping_duration: 1271647.8949200024
tot_uptimes: 331
tot_uptimes_duration: 19800.006079997635
