comms_cons: 54.9476416000246
finished_reconf: true
global_termination_time: 548109.49836
local_termination_time: 159767.34960000007
node_cons: 11280.022979039986
tot_aggregated_send: 7656
tot_msg_rcv: 235
tot_msg_sent: 460
tot_reconf_duration: 7.819999999999999
tot_sleeping_duration: 539693.215
tot_uptimes: 141
tot_uptimes_duration: 8416.283360000001
