comms_cons: 93.87884159752684
finished_reconf: true
global_termination_time: 940268.759
local_termination_time: 177453.68944000022
node_cons: 19289.16406000004
tot_aggregated_send: 13224
tot_msg_rcv: 353
tot_msg_sent: 691
tot_reconf_duration: 5.57
tot_sleeping_duration: 925868.759
tot_uptimes: 241
tot_uptimes_duration: 14400.0
