comms_cons: 94.20881919935536
finished_reconf: true
global_termination_time: 942348.219
local_termination_time: 227749.94936000006
node_cons: 19367.90976112148
tot_aggregated_send: 13340
tot_msg_rcv: 344
tot_msg_sent: 636
tot_reconf_duration: 4.390000000000001
tot_sleeping_duration: 927888.2129199989
tot_uptimes: 242
tot_uptimes_duration: 14460.006080001069
