comms_cons: 91.58246399938616
finished_reconf: true
global_termination_time: 939951.007
local_termination_time: 746882.974
node_cons: 19287.83925604001
tot_aggregated_send: 13744
tot_msg_rcv: 35
tot_msg_sent: 141
tot_reconf_duration: 3.05
tot_sleeping_duration: 925549.44064
tot_uptimes: 241
tot_uptimes_duration: 14401.566359999939
