comms_cons: 93.18120959677034
finished_reconf: true
global_termination_time: 938371.4034799999
local_termination_time: 938371.3623599999
node_cons: 19333.37608319981
tot_aggregated_send: 13442
tot_msg_rcv: 248
tot_msg_sent: 472
tot_reconf_duration: 24.59
tot_sleeping_duration: 923957.67468
tot_uptimes: 241
tot_uptimes_duration: 14413.72879999983
