comms_cons: 54.79157760015614
finished_reconf: true
global_termination_time: 560802.961
local_termination_time: 515029.61788000044
node_cons: 11503.97898000001
tot_aggregated_send: 8120
tot_msg_rcv: 44
tot_msg_sent: 164
tot_reconf_duration: 11.31
tot_sleeping_duration: 552222.961
tot_uptimes: 144
tot_uptimes_duration: 8580.0
