comms_cons: 130.13125118433084
finished_reconf: true
global_termination_time: 1248951.829
local_termination_time: 101074.20715999954
node_cons: 25657.817835199403
tot_aggregated_send: 16240
tot_msg_rcv: 1280
tot_msg_sent: 2261
tot_reconf_duration: 18.21
tot_sleeping_duration: 1229808.3722000003
tot_uptimes: 320
tot_uptimes_duration: 19143.45679999952
