comms_cons: 125.65018879214594
finished_reconf: true
global_termination_time: 1243819.453
local_termination_time: 384909.6556000001
node_cons: 25554.668262233703
tot_aggregated_send: 17342
tot_msg_rcv: 654
tot_msg_sent: 1102
tot_reconf_duration: 4.8100000000000005
tot_sleeping_duration: 1224739.4408400047
tot_uptimes: 319
tot_uptimes_duration: 19080.01215999527
