comms_cons: 122.70207999687489
finished_reconf: true
global_termination_time: 1244076.503
local_termination_time: 518109.22836
node_cons: 25556.56676
tot_aggregated_send: 18038
tot_msg_rcv: 211
tot_msg_sent: 401
tot_reconf_duration: 6.22
tot_sleeping_duration: 1224996.503
tot_uptimes: 319
tot_uptimes_duration: 19080.0
