comms_cons: 38.60674560039194
finished_reconf: true
global_termination_time: 397379.313
local_termination_time: 268825.8154800001
node_cons: 8118.481900000074
tot_aggregated_send: 5394
tot_msg_rcv: 117
tot_msg_sent: 357
tot_reconf_duration: 3.05
tot_sleeping_duration: 391319.313
tot_uptimes: 102
tot_uptimes_duration: 6060.0
