comms_cons: 78.02993920019534
finished_reconf: true
global_termination_time: 795989.887
local_termination_time: 342684.9186800003
node_cons: 16329.85172000006
tot_aggregated_send: 11426
tot_msg_rcv: 203
tot_msg_sent: 231
tot_reconf_duration: 15.34
tot_sleeping_duration: 783809.887
tot_uptimes: 204
tot_uptimes_duration: 12180.0
