comms_cons: 78.33258240037878
finished_reconf: true
global_termination_time: 791595.351359999
local_termination_time: 221975.97048000008
node_cons: 16298.971732158758
tot_aggregated_send: 11368
tot_msg_rcv: 165
tot_msg_sent: 373
tot_reconf_duration: 4.8100000000000005
tot_sleeping_duration: 779427.73392
tot_uptimes: 203
tot_uptimes_duration: 12167.617439999056
