comms_cons: 291.41908481754496
finished_reconf: true
global_termination_time: 2918071.916
local_termination_time: 211122.11684000012
node_cons: 60018.16263999885
tot_aggregated_send: 41586
tot_msg_rcv: 970
tot_msg_sent: 1738
tot_reconf_duration: 3.08
tot_sleeping_duration: 2873251.916
tot_uptimes: 748
tot_uptimes_duration: 44820.0
