comms_cons: 298.6452544329802
finished_reconf: true
global_termination_time: 2919508.904
local_termination_time: 279102.73136000003
node_cons: 60020.634096751994
tot_aggregated_send: 38860
tot_msg_rcv: 2051
tot_msg_sent: 4480
tot_reconf_duration: 4.8100000000000005
tot_sleeping_duration: 2874688.8128000353
tot_uptimes: 748
tot_uptimes_duration: 44820.09119996498
