comms_cons: 289.54968319768466
finished_reconf: true
global_termination_time: 2920154.957
local_termination_time: 1277446.8152399987
node_cons: 60026.772359998766
tot_aggregated_send: 41818
tot_msg_rcv: 691
tot_msg_sent: 1500
tot_reconf_duration: 9.42
tot_sleeping_duration: 2875334.957
tot_uptimes: 748
tot_uptimes_duration: 44820.0
