comms_cons: 260.9573887859142
finished_reconf: true
global_termination_time: 2648722.411
local_termination_time: 399734.55280000076
node_cons: 54478.10848334962
tot_aggregated_send: 37236
tot_msg_rcv: 783
tot_msg_sent: 1645
tot_reconf_duration: 5.57
tot_sleeping_duration: 2608042.392760007
tot_uptimes: 679
tot_uptimes_duration: 40680.0182399929
