comms_cons: 261.5495167847104
finished_reconf: true
global_termination_time: 2646592.571
local_termination_time: 2016509.1620399982
node_cons: 54397.570222232695
tot_aggregated_send: 36598
tot_msg_rcv: 1105
tot_msg_sent: 2051
tot_reconf_duration: 5.43
tot_sleeping_duration: 2605972.5588400047
tot_uptimes: 678
tot_uptimes_duration: 40620.01215999527
