comms_cons: 101.3268863994181
finished_reconf: true
global_termination_time: 1030269.881
local_termination_time: 390132.0953600001
node_cons: 21133.561900000095
tot_aggregated_send: 14732
tot_msg_rcv: 238
tot_msg_sent: 431
tot_reconf_duration: 3.05
tot_sleeping_duration: 1014489.881
tot_uptimes: 264
tot_uptimes_duration: 15780.0
