comms_cons: 101.33941759790913
finished_reconf: true
global_termination_time: 1029843.396
local_termination_time: 516534.78612000047
node_cons: 21144.77898000003
tot_aggregated_send: 14906
tot_msg_rcv: 178
tot_msg_sent: 319
tot_reconf_duration: 11.31
tot_sleeping_duration: 1014063.396
tot_uptimes: 264
tot_uptimes_duration: 15780.0
