comms_cons: 105.66195199606098
finished_reconf: true
global_termination_time: 1064822.055
local_termination_time: 574783.8927199987
node_cons: 21867.83897999995
tot_aggregated_send: 15254
tot_msg_rcv: 292
tot_msg_sent: 514
tot_reconf_duration: 11.31
tot_sleeping_duration: 1048502.0549999999
tot_uptimes: 273
tot_uptimes_duration: 16320.0
