comms_cons: 34.20371200034558
finished_reconf: true
global_termination_time: 354980.143
local_termination_time: 311730.9250000009
node_cons: 7261.358700000037
tot_aggregated_send: 4930
tot_msg_rcv: 87
tot_msg_sent: 181
tot_reconf_duration: 22.65
tot_sleeping_duration: 349580.143
tot_uptimes: 91
tot_uptimes_duration: 5399.999999999998
