comms_cons: 270.6579840274451
finished_reconf: true
global_termination_time: 351566.38500000053
local_termination_time: 19805.4896
node_cons: 35330.16105780921
tot_aggregated_send: 0
tot_msg_rcv: 18553
tot_msg_sent: 22586
tot_reconf_duration: 4.390000000000001
tot_sleeping_duration: 325185.3547999936
tot_uptimes: 426
tot_uptimes_duration: 26381.030200006924
