comms_cons: 281.88535040531013
finished_reconf: true
global_termination_time: 2808030.497
local_termination_time: 4412.594999999999
node_cons: 57874.33099228968
tot_aggregated_send: 39709
tot_msg_rcv: 1093
tot_msg_sent: 2043
tot_reconf_duration: 21.68
tot_sleeping_duration: 2764830.4301200216
tot_uptimes: 720
tot_uptimes_duration: 43200.06687997811
