comms_cons: 160.22983679223614
finished_reconf: true
global_termination_time: 1608519.763
local_termination_time: 330549.1063600001
node_cons: 33044.50988558883
tot_aggregated_send: 22562
tot_msg_rcv: 571
tot_msg_sent: 1221
tot_reconf_duration: 18.21
tot_sleeping_duration: 1583859.7326000084
tot_uptimes: 412
tot_uptimes_duration: 24660.030399991607
