comms_cons: 159.4415871929222
finished_reconf: true
global_termination_time: 1607881.26
local_termination_time: 663076.4136399991
node_cons: 33025.72604335056
tot_aggregated_send: 22446
tot_msg_rcv: 485
tot_msg_sent: 1304
tot_reconf_duration: 4.390000000000001
tot_sleeping_duration: 1583221.241760007
tot_uptimes: 412
tot_uptimes_duration: 24660.018239992904
