comms_cons: 159.57191679443574
finished_reconf: true
global_termination_time: 1611033.932
local_termination_time: 856510.5873599999
node_cons: 33110.699560000125
tot_aggregated_send: 23258
tot_msg_rcv: 421
tot_msg_sent: 575
tot_reconf_duration: 7.819999999999999
tot_sleeping_duration: 1586313.932
tot_uptimes: 413
tot_uptimes_duration: 24720.0
