comms_cons: 65.51630080735798
finished_reconf: true
global_termination_time: 334178.32
local_termination_time: 6456.598360000001
node_cons: 6859.666841120017
tot_aggregated_send: 0
tot_msg_rcv: 5047
tot_msg_sent: 4912
tot_reconf_duration: 22.65
tot_sleeping_duration: 329078.31392
tot_uptimes: 86
tot_uptimes_duration: 5100.0060800000065
