comms_cons: 268.53662719749116
finished_reconf: true
global_termination_time: 2726418.899
local_termination_time: 1586752.36848
node_cons: 56111.685541115934
tot_aggregated_send: 38860
tot_msg_rcv: 642
tot_msg_sent: 1314
tot_reconf_duration: 25.299999999999997
tot_sleeping_duration: 2684538.892920003
tot_uptimes: 699
tot_uptimes_duration: 41880.006079997635
