comms_cons: 272.1815871800478
finished_reconf: true
global_termination_time: 2726349.469
local_termination_time: 378275.83536
node_cons: 56083.354890050476
tot_aggregated_send: 36888
tot_msg_rcv: 1505
tot_msg_sent: 2978
tot_reconf_duration: 4.390000000000001
tot_sleeping_duration: 2684469.4142800216
tot_uptimes: 699
tot_uptimes_duration: 41880.05471997871
