comms_cons: 270.54521599075645
finished_reconf: true
global_termination_time: 2725964.369
local_termination_time: 1483530.6300000001
node_cons: 56085.856312284486
tot_aggregated_send: 36073
tot_msg_rcv: 1610
tot_msg_sent: 3437
tot_reconf_duration: 6.22
tot_sleeping_duration: 2684084.3021200257
tot_uptimes: 699
tot_uptimes_duration: 41880.06687997421
