comms_cons: 72.20805760710755
finished_reconf: true
global_termination_time: 330258.7726800002
local_termination_time: 330258.7315600002
node_cons: 6809.063256730072
tot_aggregated_send: 0
tot_msg_rcv: 6047
tot_msg_sent: 4928
tot_reconf_duration: 24.59
tot_sleeping_duration: 325198.5261999927
tot_uptimes: 85
tot_uptimes_duration: 5060.24648000751
