comms_cons: 447.69482250437125
finished_reconf: true
global_termination_time: 4431620.368
local_termination_time: 852482.5007199997
node_cons: 91126.47313116706
tot_aggregated_send: 61480
tot_msg_rcv: 2278
tot_msg_sent: 4289
tot_reconf_duration: 15.34
tot_sleeping_duration: 4363580.307200022
tot_uptimes: 1135
tot_uptimes_duration: 68040.06079997728
