comms_cons: 74.05015039964212
finished_reconf: true
global_termination_time: 741394.19
local_termination_time: 190258.87976000088
node_cons: 15201.98879576262
tot_aggregated_send: 9860
tot_msg_rcv: 371
tot_msg_sent: 1026
tot_reconf_duration: 11.31
tot_sleeping_duration: 730052.420159998
tot_uptimes: 190
tot_uptimes_duration: 11341.769840001944
