comms_cons: 442.2542782140012
finished_reconf: true
global_termination_time: 1195502.393
local_termination_time: 478279.4726000001
node_cons: 72719.6823284754
tot_aggregated_send: 0
tot_msg_rcv: 27082
tot_msg_sent: 40138
tot_reconf_duration: 18.21
tot_sleeping_duration: 1141211.9126800024
tot_uptimes: 893
tot_uptimes_duration: 54290.48031999774
