comms_cons: 118.08410879755348
finished_reconf: true
global_termination_time: 1198196.809
local_termination_time: 808673.135
node_cons: 24600.69620319376
tot_aggregated_send: 17217
tot_msg_rcv: 217
tot_msg_sent: 514
tot_reconf_duration: 11.31
tot_sleeping_duration: 1179835.8402000046
tot_uptimes: 307
tot_uptimes_duration: 18360.968799995375
