comms_cons: 144.58255356682915
finished_reconf: true
global_termination_time: 733342.052
local_termination_time: 2359.12636
node_cons: 15048.341744481148
tot_aggregated_send: 0
tot_msg_rcv: 11137
tot_msg_sent: 10837
tot_reconf_duration: 18.21
tot_sleeping_duration: 722122.0276799991
tot_uptimes: 188
tot_uptimes_duration: 11220.02432000084
