comms_cons: 73.20206079875344
finished_reconf: true
global_termination_time: 729726.8030799998
local_termination_time: 9589.5046
node_cons: 14982.75528711969
tot_aggregated_send: 10150
tot_msg_rcv: 334
tot_msg_sent: 644
tot_reconf_duration: 7.819999999999999
tot_sleeping_duration: 718545.223
tot_uptimes: 187
tot_uptimes_duration: 11181.580079999752
