comms_cons: 72.36524799850739
finished_reconf: true
global_termination_time: 733646.158
local_termination_time: 125827.59323999945
node_cons: 15046.9304533593
tot_aggregated_send: 10556
tot_msg_rcv: 157
tot_msg_sent: 286
tot_reconf_duration: 11.31
tot_sleeping_duration: 722420.1897600006
tot_uptimes: 188
tot_uptimes_duration: 11225.968239999449
