comms_cons: 38.88307200070679
finished_reconf: true
global_termination_time: 381882.78
local_termination_time: 1123.7543600000004
node_cons: 7800.37836336288
tot_aggregated_send: 5046
tot_msg_rcv: 286
tot_msg_sent: 578
tot_reconf_duration: 5.43
tot_sleeping_duration: 376062.7617599979
tot_uptimes: 98
tot_uptimes_duration: 5820.018240002144
