comms_cons: 0.7237119999976113
finished_reconf: true
global_termination_time: 7126.853
local_termination_time: 3027.1043600000003
node_cons: 92.71138000000016
tot_aggregated_send: 0
tot_msg_rcv: 60
tot_msg_sent: 50
tot_reconf_duration: 9.11
tot_sleeping_duration: 7066.853
tot_uptimes: 2
tot_uptimes_duration: 60.0
