comms_cons: 76.97159679599346
finished_reconf: true
global_termination_time: 738295.0766399981
local_termination_time: 738295.0355199982
node_cons: 15312.646153911743
tot_aggregated_send: 9660
tot_msg_rcv: 695
tot_msg_sent: 1346
tot_reconf_duration: 37.410000000000004
tot_sleeping_duration: 726897.1353600043
tot_uptimes: 190
tot_uptimes_duration: 11397.941279993807
