comms_cons: 75.83225599771029
finished_reconf: true
global_termination_time: 739835.33
local_termination_time: 246737.88440000036
node_cons: 15192.763747844068
tot_aggregated_send: 9918
tot_msg_rcv: 561
tot_msg_sent: 1046
tot_reconf_duration: 6.22
tot_sleeping_duration: 728495.287439997
tot_uptimes: 190
tot_uptimes_duration: 11340.042560003021
