comms_cons: 17.89605120007774
finished_reconf: true
global_termination_time: 164065.72780000023
local_termination_time: 164065.68668000022
node_cons: 3434.7679385623323
tot_aggregated_send: 1842
tot_msg_rcv: 265
tot_msg_sent: 612
tot_reconf_duration: 24.59
tot_sleeping_duration: 161525.4927599985
tot_uptimes: 43
tot_uptimes_duration: 2540.2350400017312
