comms_cons: 118.83351039790112
finished_reconf: true
global_termination_time: 1228838.065
local_termination_time: 4840.433999999999
node_cons: 25256.201440000037
tot_aggregated_send: 17785
tot_msg_rcv: 93
tot_msg_sent: 184
tot_reconf_duration: 21.68
tot_sleeping_duration: 1209998.065
tot_uptimes: 315
tot_uptimes_duration: 18840.0
