comms_cons: 274.71361281008734
finished_reconf: true
global_termination_time: 570545.4388399997
local_termination_time: 570545.3977199998
node_cons: 34428.54652160356
tot_aggregated_send: 0
tot_msg_rcv: 16939
tot_msg_sent: 24816
tot_reconf_duration: 24.59
tot_sleeping_duration: 544858.244439997
tot_uptimes: 423
tot_uptimes_duration: 25687.194400002678
