comms_cons: 1410.3152798427811
finished_reconf: true
global_termination_time: 4837542.821599999
local_termination_time: 4837542.780479999
node_cons: 197573.61675986822
tot_aggregated_send: 0
tot_msg_rcv: 71797
tot_msg_sent: 142562
tot_reconf_duration: 24.59
tot_sleeping_duration: 4690014.648680002
tot_uptimes: 2441
tot_uptimes_duration: 147528.1729199966
