comms_cons: 952.1605140571799
finished_reconf: true
global_termination_time: 4837543.421599997
local_termination_time: 1764.3124800000003
node_cons: 99506.22661062788
tot_aggregated_send: 0
tot_msg_rcv: 72918
tot_msg_sent: 71800
tot_reconf_duration: 18.21
tot_sleeping_duration: 4763248.053840004
tot_uptimes: 1239
tot_uptimes_duration: 74295.36775999307
