comms_cons: 480.9634816537655
finished_reconf: true
global_termination_time: 4840339.73
local_termination_time: 429921.488120001
node_cons: 99545.42632334835
tot_aggregated_send: 67628
tot_msg_rcv: 1813
tot_msg_sent: 3664
tot_reconf_duration: 3.05
tot_sleeping_duration: 4765999.711760007
tot_uptimes: 1240
tot_uptimes_duration: 74340.01823999337
