comms_cons: 482.42283526214743
finished_reconf: true
global_termination_time: 4841277.888
local_termination_time: 1173462.3181599982
node_cons: 99548.67464558186
tot_aggregated_send: 67106
tot_msg_rcv: 2031
tot_msg_sent: 4188
tot_reconf_duration: 5.43
tot_sleeping_duration: 4766937.857600012
tot_uptimes: 1240
tot_uptimes_duration: 74340.03039998864
