comms_cons: 79.98333439789891
finished_reconf: true
global_termination_time: 794913.476
local_termination_time: 374082.1923600001
node_cons: 16333.757321116886
tot_aggregated_send: 11136
tot_msg_rcv: 399
tot_msg_sent: 622
tot_reconf_duration: 18.21
tot_sleeping_duration: 782733.4699200024
tot_uptimes: 204
tot_uptimes_duration: 12180.006079997635
