comms_cons: 83.3059007951562
finished_reconf: true
global_termination_time: 795880.013
local_termination_time: 24601.143600000007
node_cons: 16317.597086710217
tot_aggregated_send: 10266
tot_msg_rcv: 881
tot_msg_sent: 1516
tot_reconf_duration: 6.279999999999999
tot_sleeping_duration: 783699.9765200074
tot_uptimes: 204
tot_uptimes_duration: 12180.036479992676
