comms_cons: 83.65766399229486
finished_reconf: true
global_termination_time: 793035.2985999997
local_termination_time: 793035.2574799998
node_cons: 16378.333972949345
tot_aggregated_send: 9950
tot_msg_rcv: 937
tot_msg_sent: 1831
tot_reconf_duration: 37.41
tot_sleeping_duration: 780841.4739600078
tot_uptimes: 204
tot_uptimes_duration: 12193.824639992017
