comms_cons: 82.89134079630014
finished_reconf: true
global_termination_time: 796752.417
local_termination_time: 248421.52852000037
node_cons: 16393.599627845422
tot_aggregated_send: 10266
tot_msg_rcv: 762
tot_msg_sent: 1571
tot_reconf_duration: 3.08
tot_sleeping_duration: 784512.374439996
tot_uptimes: 205
tot_uptimes_duration: 12240.042560004047
