comms_cons: 79.53818239636962
finished_reconf: true
global_termination_time: 796034.261
local_termination_time: 348758.6743600001
node_cons: 16313.17004111692
tot_aggregated_send: 11194
tot_msg_rcv: 315
tot_msg_sent: 579
tot_reconf_duration: 3.05
tot_sleeping_duration: 783854.2549200024
tot_uptimes: 204
tot_uptimes_duration: 12180.006079997635
