comms_cons: 81.97683199603958
finished_reconf: true
global_termination_time: 793181.615
local_termination_time: 334742.97776000045
node_cons: 16319.67212447656
tot_aggregated_send: 10672
tot_msg_rcv: 687
tot_msg_sent: 1101
tot_reconf_duration: 7.819999999999999
tot_sleeping_duration: 781001.5906800026
tot_uptimes: 204
tot_uptimes_duration: 12180.024319997407
