comms_cons: 81.08669439710879
finished_reconf: true
global_termination_time: 794493.174
local_termination_time: 475369.50920000015
node_cons: 16317.499324471912
tot_aggregated_send: 10730
tot_msg_rcv: 550
tot_msg_sent: 1044
tot_reconf_duration: 6.22
tot_sleeping_duration: 782313.1496800061
tot_uptimes: 204
tot_uptimes_duration: 12180.024319993972
