comms_cons: 84.56650879267353
finished_reconf: true
global_termination_time: 793352.783
local_termination_time: 307583.64536
node_cons: 16316.4427867194
tot_aggregated_send: 9918
tot_msg_rcv: 1070
tot_msg_sent: 1866
tot_reconf_duration: 5.43
tot_sleeping_duration: 781172.7465200005
tot_uptimes: 204
tot_uptimes_duration: 12180.036479999544
