comms_cons: 160.0587775923261
finished_reconf: true
global_termination_time: 1624494.121
local_termination_time: 464355.15036
node_cons: 33427.409761121395
tot_aggregated_send: 22272
tot_msg_rcv: 655
tot_msg_sent: 1401
tot_reconf_duration: 4.390000000000001
tot_sleeping_duration: 1599534.1149199991
tot_uptimes: 417
tot_uptimes_duration: 24960.00608000107
