comms_cons: 110.72135679782659
finished_reconf: true
global_termination_time: 1122751.5154799998
local_termination_time: 1122751.4743599999
node_cons: 23109.339800958096
tot_aggregated_send: 16284
tot_msg_rcv: 185
tot_msg_sent: 359
tot_reconf_duration: 24.59
tot_sleeping_duration: 1105517.7988400012
tot_uptimes: 288
tot_uptimes_duration: 17233.716639998544
