comms_cons: 111.84639999341012
finished_reconf: true
global_termination_time: 1126613.245
local_termination_time: 588954.583
node_cons: 23154.57620319376
tot_aggregated_send: 16057
tot_msg_rcv: 360
tot_msg_sent: 583
tot_reconf_duration: 11.31
tot_sleeping_duration: 1109332.2762000046
tot_uptimes: 289
tot_uptimes_duration: 17280.968799995375
