comms_cons: 110.70161919651659
finished_reconf: true
global_termination_time: 1123947.872
local_termination_time: 587230.1576799994
node_cons: 23064.953939999945
tot_aggregated_send: 16066
tot_msg_rcv: 240
tot_msg_sent: 520
tot_reconf_duration: 5.43
tot_sleeping_duration: 1106727.872
tot_uptimes: 288
tot_uptimes_duration: 17220.0
