comms_cons: 101.87101441446791
finished_reconf: true
global_termination_time: 552818.733
local_termination_time: 460331.7143600001
node_cons: 11358.71498224291
tot_aggregated_send: 0
tot_msg_rcv: 7842
tot_msg_sent: 7642
tot_reconf_duration: 22.65
tot_sleeping_duration: 544358.7208399979
tot_uptimes: 142
tot_uptimes_duration: 8460.012160002138
