comms_cons: 56.16287360068021
finished_reconf: true
global_termination_time: 550096.3388399999
local_termination_time: 147289.79640000084
node_cons: 11322.221665603774
tot_aggregated_send: 7424
tot_msg_rcv: 415
tot_msg_sent: 697
tot_reconf_duration: 25.299999999999997
tot_sleeping_duration: 541666.2684399971
tot_uptimes: 141
tot_uptimes_duration: 8430.07040000279
