comms_cons: 55.12711680093151
finished_reconf: true
global_termination_time: 552202.752
local_termination_time: 246171.75100000002
node_cons: 11345.841142242894
tot_aggregated_send: 7649
tot_msg_rcv: 212
tot_msg_sent: 518
tot_reconf_duration: 13.17
tot_sleeping_duration: 543742.7398399978
tot_uptimes: 142
tot_uptimes_duration: 8460.012160002138
