comms_cons: 55.41127680103552
finished_reconf: true
global_termination_time: 551878.59
local_termination_time: 177785.42284000057
node_cons: 11336.427465607168
tot_aggregated_send: 7134
tot_msg_rcv: 373
tot_msg_sent: 918
tot_reconf_duration: 6.22
tot_sleeping_duration: 543418.5595999946
tot_uptimes: 142
tot_uptimes_duration: 8460.030400005344
