comms_cons: 62.31616640661082
finished_reconf: true
global_termination_time: 313734.3633600006
local_termination_time: 77.32403999999997
node_cons: 6504.861671040817
tot_aggregated_send: 0
tot_msg_rcv: 4811
tot_msg_sent: 4658
tot_reconf_duration: 18.21
tot_sleeping_duration: 308894.832
tot_uptimes: 81
tot_uptimes_duration: 4839.531360000605
