comms_cons: 31.573580800133442
finished_reconf: true
global_termination_time: 317224.65
local_termination_time: 127957.14119999988
node_cons: 6511.681899999991
tot_aggregated_send: 4524
tot_msg_rcv: 103
tot_msg_sent: 172
tot_reconf_duration: 3.05
tot_sleeping_duration: 312364.65
tot_uptimes: 82
tot_uptimes_duration: 4860.0
