comms_cons: 211.4297983791843
finished_reconf: true
global_termination_time: 2092755.39
local_termination_time: 161320.18036000003
node_cons: 42992.55212446691
tot_aggregated_send: 28942
tot_msg_rcv: 1106
tot_msg_sent: 2089
tot_reconf_duration: 7.819999999999999
tot_sleeping_duration: 2060655.3656800094
tot_uptimes: 536
tot_uptimes_duration: 32100.024319990538
