comms_cons: 29.435340800260896
finished_reconf: true
global_termination_time: 300123.871
local_termination_time: 256159.08564000038
node_cons: 6130.569179999996
tot_aggregated_send: 4292
tot_msg_rcv: 83
tot_msg_sent: 99
tot_reconf_duration: 18.21
tot_sleeping_duration: 295563.871
tot_uptimes: 77
tot_uptimes_duration: 4560.0
