comms_cons: 89.67388159674336
finished_reconf: true
global_termination_time: 876671.968
local_termination_time: 322366.54936000006
node_cons: 18017.048707840877
tot_aggregated_send: 11542
tot_msg_rcv: 718
tot_msg_sent: 1369
tot_reconf_duration: 15.34
tot_sleeping_duration: 863231.9254399993
tot_uptimes: 225
tot_uptimes_duration: 13440.042560000613
