comms_cons: 90.1346943941553
finished_reconf: true
global_termination_time: 877398.877
local_termination_time: 712810.6066399992
node_cons: 18004.745227827087
tot_aggregated_send: 11658
tot_msg_rcv: 702
tot_msg_sent: 1341
tot_reconf_duration: 6.279999999999999
tot_sleeping_duration: 863958.8344400097
tot_uptimes: 225
tot_uptimes_duration: 13440.04255999031
