comms_cons: 88.25401599903478
finished_reconf: true
global_termination_time: 877571.514
local_termination_time: 556396.5963599999
node_cons: 18003.73220111679
tot_aggregated_send: 12180
tot_msg_rcv: 426
tot_msg_sent: 808
tot_reconf_duration: 5.57
tot_sleeping_duration: 864131.5079200023
tot_uptimes: 225
tot_uptimes_duration: 13440.006079997635
