comms_cons: 87.87837439699047
finished_reconf: true
global_termination_time: 875414.417
local_termination_time: 337930.4490400003
node_cons: 18002.700121116857
tot_aggregated_send: 12238
tot_msg_rcv: 368
tot_msg_sent: 751
tot_reconf_duration: 4.8100000000000005
tot_sleeping_duration: 861974.4109200024
tot_uptimes: 225
tot_uptimes_duration: 13440.006079997635
