comms_cons: 172.72735993210213
finished_reconf: true
global_termination_time: 875998.563
local_termination_time: 767.3710399999994
node_cons: 18002.12976111686
tot_aggregated_send: 0
tot_msg_rcv: 13256
tot_msg_sent: 12997
tot_reconf_duration: 4.390000000000001
tot_sleeping_duration: 862558.5569200023
tot_uptimes: 225
tot_uptimes_duration: 13440.006079997635
