comms_cons: 47.12743680087836
finished_reconf: true
global_termination_time: 459985.881
local_termination_time: 297346.81060000055
node_cons: 9414.666382242889
tot_aggregated_send: 5974
tot_msg_rcv: 382
tot_msg_sent: 808
tot_reconf_duration: 10.95
tot_sleeping_duration: 452965.86883999786
tot_uptimes: 118
tot_uptimes_duration: 7020.0121600021375
