comms_cons: 281.6663167862816
finished_reconf: true
global_termination_time: 2915690.594
local_termination_time: 794251.3563599999
node_cons: 59941.2284833493
tot_aggregated_send: 40252
tot_msg_rcv: 774
tot_msg_sent: 1784
tot_reconf_duration: 5.57
tot_sleeping_duration: 2870930.575760007
tot_uptimes: 747
tot_uptimes_duration: 44760.0182399929
