comms_cons: 32.073600000319225
finished_reconf: true
global_termination_time: 323022.473
local_termination_time: 231326.31472000058
node_cons: 6600.26766224289
tot_aggregated_send: 4524
tot_msg_rcv: 125
tot_msg_sent: 226
tot_reconf_duration: 9.11
tot_sleeping_duration: 318102.46083999786
tot_uptimes: 83
tot_uptimes_duration: 4920.0121600021375
