comms_cons: 31.97553920037629
finished_reconf: true
global_termination_time: 318780.59624000033
local_termination_time: 22340.6484
node_cons: 6567.0949404818575
tot_aggregated_send: 4234
tot_msg_rcv: 249
tot_msg_sent: 376
tot_reconf_duration: 11.899999999999999
tot_sleeping_duration: 313888.18791999895
tot_uptimes: 82
tot_uptimes_duration: 4892.408320001385
