comms_cons: 33.29681920057563
finished_reconf: true
global_termination_time: 321696.903
local_termination_time: 150794.90644000066
node_cons: 6595.262081121429
tot_aggregated_send: 4234
tot_msg_rcv: 307
tot_msg_sent: 519
tot_reconf_duration: 5.43
tot_sleeping_duration: 316776.8969199989
tot_uptimes: 83
tot_uptimes_duration: 4920.006080001069
