comms_cons: 279.30527360644703
finished_reconf: true
global_termination_time: 2808269.838
local_termination_time: 6196.316000000001
node_cons: 57848.602365583756
tot_aggregated_send: 39320
tot_msg_rcv: 1101
tot_msg_sent: 2030
tot_reconf_duration: 2.77
tot_sleeping_duration: 2765069.807600011
tot_uptimes: 720
tot_uptimes_duration: 43200.03039998864
