comms_cons: 271.793331195904
finished_reconf: true
global_termination_time: 2811200.377
local_termination_time: 1169.64712
node_cons: 57859.6918211158
tot_aggregated_send: 40774
tot_msg_rcv: 185
tot_msg_sent: 352
tot_reconf_duration: 10.96
tot_sleeping_duration: 2768000.3709200025
tot_uptimes: 720
tot_uptimes_duration: 43200.006079997635
