comms_cons: 61.48298880054366
finished_reconf: true
global_termination_time: 616602.041
local_termination_time: 344227.8813600001
node_cons: 12617.538182242943
tot_aggregated_send: 8468
tot_msg_rcv: 250
tot_msg_sent: 626
tot_reconf_duration: 3.05
tot_sleeping_duration: 607182.0288399978
tot_uptimes: 158
tot_uptimes_duration: 9420.012160002138
