comms_cons: 187.0729727948075
finished_reconf: true
global_termination_time: 1898546.16248
local_termination_time: 1898546.12136
node_cons: 39096.999800955564
tot_aggregated_send: 27536
tot_msg_rcv: 251
tot_msg_sent: 646
tot_reconf_duration: 24.59
tot_sleeping_duration: 1869372.4458400032
tot_uptimes: 487
tot_uptimes_duration: 29173.71663999684
