comms_cons: 190.18331519007964
finished_reconf: true
global_termination_time: 1898546.2232400002
local_termination_time: 4431.058480000001
node_cons: 39098.5039127104
tot_aggregated_send: 26738
tot_msg_rcv: 758
tot_msg_sent: 1409
tot_reconf_duration: 18.21
tot_sleeping_duration: 1869364.9127600072
tot_uptimes: 487
tot_uptimes_duration: 29181.310479993
