comms_cons: 188.77698559337523
finished_reconf: true
global_termination_time: 1903203.581
local_termination_time: 267372.4652400005
node_cons: 39156.363123350304
tot_aggregated_send: 26912
tot_msg_rcv: 669
tot_msg_sent: 1112
tot_reconf_duration: 22.65
tot_sleeping_duration: 1873983.562760007
tot_uptimes: 488
tot_uptimes_duration: 29220.018239992904
