comms_cons: 744.4931066512805
finished_reconf: true
global_termination_time: 1898635.22
local_termination_time: 486195.3245600006
node_cons: 115062.86312446788
tot_aggregated_send: 0
tot_msg_rcv: 45772
tot_msg_sent: 67387
tot_reconf_duration: 4.390000000000001
tot_sleeping_duration: 1812707.7356800067
tot_uptimes: 1413
tot_uptimes_duration: 85927.48431999348
