comms_cons: 304.28478697618164
finished_reconf: true
global_termination_time: 1898635.22
local_termination_time: 489481.9613600001
node_cons: 39049.398182233504
tot_aggregated_send: 0
tot_msg_rcv: 23391
tot_msg_sent: 22858
tot_reconf_duration: 3.05
tot_sleeping_duration: 1869475.2078400047
tot_uptimes: 487
tot_uptimes_duration: 29160.01215999527
