comms_cons: 188.70392958540964
finished_reconf: true
global_termination_time: 1899577.496
local_termination_time: 1309860.3681999987
node_cons: 39055.87584223353
tot_aggregated_send: 26100
tot_msg_rcv: 956
tot_msg_sent: 1625
tot_reconf_duration: 7.819999999999999
tot_sleeping_duration: 1870417.4838400048
tot_uptimes: 487
tot_uptimes_duration: 29160.01215999527
