comms_cons: 186.53347839789208
finished_reconf: true
global_termination_time: 1899768.347
local_termination_time: 1377309.5291999998
node_cons: 39060.59897999986
tot_aggregated_send: 27434
tot_msg_rcv: 324
tot_msg_sent: 594
tot_reconf_duration: 11.31
tot_sleeping_duration: 1870608.347
tot_uptimes: 487
tot_uptimes_duration: 29160.0
