comms_cons: 873.2697592998368
finished_reconf: true
global_termination_time: 2179506.497
local_termination_time: 753231.5361199989
node_cons: 132173.8648845215
tot_aggregated_send: 0
tot_msg_rcv: 53709
tot_msg_sent: 79022
tot_reconf_duration: 18.21
tot_sleeping_duration: 2080814.0879600258
tot_uptimes: 1617
tot_uptimes_duration: 98692.40903997427
