comms_cons: 360.8932093118235
finished_reconf: true
global_termination_time: 2179506.497
local_termination_time: 753912.8743599999
node_cons: 44836.33339117713
tot_aggregated_send: 0
tot_msg_rcv: 27983
tot_msg_sent: 26872
tot_reconf_duration: 4.8100000000000005
tot_sleeping_duration: 2146026.4362000166
tot_uptimes: 559
tot_uptimes_duration: 33480.060799983214
