comms_cons: 218.9199807851069
finished_reconf: true
global_termination_time: 2180586.154
local_termination_time: 753215.7165999978
node_cons: 44833.95145228475
tot_aggregated_send: 29464
tot_msg_rcv: 1236
tot_msg_sent: 2575
tot_reconf_duration: 3.05
tot_sleeping_duration: 2147106.087120026
tot_uptimes: 559
tot_uptimes_duration: 33480.06687997398
