comms_cons: 220.53067517098626
finished_reconf: true
global_termination_time: 2178696.877239997
local_termination_time: 178592.28348000007
node_cons: 44785.24892499119
tot_aggregated_send: 29058
tot_msg_rcv: 1591
tot_msg_sent: 2870
tot_reconf_duration: 11.31
tot_sleeping_duration: 2145261.559880033
tot_uptimes: 558
tot_uptimes_duration: 33435.3173599639
