comms_cons: 40.343654401113625
finished_reconf: true
global_termination_time: 391700.47
local_termination_time: 43808.60748000001
node_cons: 8049.367121121437
tot_aggregated_send: 5278
tot_msg_rcv: 341
tot_msg_sent: 513
tot_reconf_duration: 11.31
tot_sleeping_duration: 385700.4639199989
tot_uptimes: 101
tot_uptimes_duration: 6000.006080001069
