comms_cons: 48.140006401099996
finished_reconf: true
global_termination_time: 467031.063
local_termination_time: 52119.77476000009
node_cons: 9564.610041121447
tot_aggregated_send: 6264
tot_msg_rcv: 414
tot_msg_sent: 639
tot_reconf_duration: 3.05
tot_sleeping_duration: 459891.05691999895
tot_uptimes: 120
tot_uptimes_duration: 7140.006080001069
