comms_cons: 47.37744640064719
finished_reconf: true
global_termination_time: 468795.532
local_termination_time: 87701.84551999951
node_cons: 9656.17526224289
tot_aggregated_send: 6438
tot_msg_rcv: 249
tot_msg_sent: 514
tot_reconf_duration: 11.31
tot_sleeping_duration: 461595.51983999787
tot_uptimes: 121
tot_uptimes_duration: 7200.0121600021375
