comms_cons: 248.8437631964158
finished_reconf: true
global_termination_time: 2471317.792
local_termination_time: 526136.5733599999
node_cons: 50779.07074670064
tot_aggregated_send: 34394
tot_msg_rcv: 1159
tot_msg_sent: 2271
tot_reconf_duration: 3.05
tot_sleeping_duration: 2433397.7555200136
tot_uptimes: 633
tot_uptimes_duration: 37920.03647998604
