comms_cons: 248.97252480240002
finished_reconf: true
global_termination_time: 2470924.667
local_termination_time: 483292.00536000007
node_cons: 50785.54931721879
tot_aggregated_send: 34104
tot_msg_rcv: 1181
tot_msg_sent: 2557
tot_reconf_duration: 7.819999999999999
tot_sleeping_duration: 2433004.629840015
tot_uptimes: 633
tot_uptimes_duration: 37920.0371599847
