comms_cons: 250.96803199982196
finished_reconf: true
global_termination_time: 2472514.791
local_termination_time: 176372.4282400005
node_cons: 50863.72374781773
tot_aggregated_send: 34162
tot_msg_rcv: 1425
tot_msg_sent: 2559
tot_reconf_duration: 6.22
tot_sleeping_duration: 2434534.748440016
tot_uptimes: 634
tot_uptimes_duration: 37980.04255998391
