comms_cons: 251.27938560300038
finished_reconf: true
global_termination_time: 2469456.90948
local_termination_time: 2469456.8683599997
node_cons: 50826.71307101801
tot_aggregated_send: 33742
tot_msg_rcv: 1532
tot_msg_sent: 2919
tot_reconf_duration: 24.59
tot_sleeping_duration: 2431523.1381200156
tot_uptimes: 633
tot_uptimes_duration: 37933.771359984356
