comms_cons: 950.6156802421195
finished_reconf: true
global_termination_time: 9530564.635
local_termination_time: 2184088.0903600003
node_cons: 196037.23733004768
tot_aggregated_send: 132298
tot_msg_rcv: 4234
tot_msg_sent: 7955
tot_reconf_duration: 5.57
tot_sleeping_duration: 9384164.580280019
tot_uptimes: 2441
tot_uptimes_duration: 146400.0547199808
