comms_cons: 941.4496514025398
finished_reconf: true
global_termination_time: 9529136.163
local_termination_time: 3652345.420839999
node_cons: 196033.81520446163
tot_aggregated_send: 132066
tot_msg_rcv: 3667
tot_msg_sent: 7361
tot_reconf_duration: 3.08
tot_sleeping_duration: 9382736.13868001
tot_uptimes: 2441
tot_uptimes_duration: 146400.02431999147
