comms_cons: 942.9967362278807
finished_reconf: true
global_termination_time: 9529108.019
local_termination_time: 6397808.90616
node_cons: 196042.00394446196
tot_aggregated_send: 132066
tot_msg_rcv: 4030
tot_msg_sent: 7234
tot_reconf_duration: 9.11
tot_sleeping_duration: 9382707.994680008
tot_uptimes: 2441
tot_uptimes_duration: 146400.02431999147
