comms_cons: 958.2476035152386
finished_reconf: true
global_termination_time: 9530006.814
local_termination_time: 930529.5523599999
node_cons: 196060.45639339718
tot_aggregated_send: 132298
tot_msg_rcv: 4478
tot_msg_sent: 8870
tot_reconf_duration: 22.65
tot_sleeping_duration: 9383606.741040027
tot_uptimes: 2441
tot_uptimes_duration: 146400.07295997324
