comms_cons: 943.6971906327133
finished_reconf: true
global_termination_time: 9531616.403
local_termination_time: 6444291.910159999
node_cons: 196042.42492446146
tot_aggregated_send: 132472
tot_msg_rcv: 3792
tot_msg_sent: 7172
tot_reconf_duration: 9.42
tot_sleeping_duration: 9385216.37868001
tot_uptimes: 2441
tot_uptimes_duration: 146400.02431999147
