comms_cons: 943.9005570640231
finished_reconf: true
global_termination_time: 9534068.119
local_termination_time: 6458250.498
node_cons: 196132.41465414682
tot_aggregated_send: 131133
tot_msg_rcv: 4040
tot_msg_sent: 8294
tot_reconf_duration: 12.629999999999999
tot_sleeping_duration: 9387604.143560005
tot_uptimes: 2442
tot_uptimes_duration: 146463.97543999553
