comms_cons: 305.38232321300154
finished_reconf: true
global_termination_time: 3052648.993
local_termination_time: 728063.6494799999
node_cons: 62752.09640334964
tot_aggregated_send: 42804
tot_msg_rcv: 1117
tot_msg_sent: 2495
tot_reconf_duration: 4.8100000000000005
tot_sleeping_duration: 3005788.9747600066
tot_uptimes: 782
tot_uptimes_duration: 46860.01823999314
