comms_cons: 308.910425621186
finished_reconf: true
global_termination_time: 3048518.31012
local_termination_time: 3048518.269
node_cons: 62712.78629862686
tot_aggregated_send: 42152
tot_msg_rcv: 1713
tot_msg_sent: 3087
tot_reconf_duration: 24.59
tot_sleeping_duration: 3001707.7103600088
tot_uptimes: 781
tot_uptimes_duration: 46810.59975999134
