comms_cons: 507.0130880911728
finished_reconf: true
global_termination_time: 5032130.418239998
local_termination_time: 12476.836480000002
node_cons: 103521.77417053604
tot_aggregated_send: 69774
tot_msg_rcv: 2376
tot_msg_sent: 4912
tot_reconf_duration: 18.21
tot_sleeping_duration: 4954836.135200013
tot_uptimes: 1289
tot_uptimes_duration: 77294.28303998435
