comms_cons: 272.6552064096308
finished_reconf: true
global_termination_time: 2808066.256
local_termination_time: 4984.177
node_cons: 57863.654410051735
tot_aggregated_send: 39020
tot_msg_rcv: 728
tot_msg_sent: 1694
tot_reconf_duration: 13.83
tot_sleeping_duration: 2764866.20128002
tot_uptimes: 720
tot_uptimes_duration: 43200.05471997964
