comms_cons: 268.4635328242812
finished_reconf: true
global_termination_time: 2810544.67
local_termination_time: 4609.747
node_cons: 57857.611344467245
tot_aggregated_send: 39256
tot_msg_rcv: 574
tot_msg_sent: 974
tot_reconf_duration: 9.41
tot_sleeping_duration: 2767344.6456800085
tot_uptimes: 720
tot_uptimes_duration: 43200.02431999124
