comms_cons: 268.8261120159847
finished_reconf: true
global_termination_time: 2807791.996
local_termination_time: 4771.951
node_cons: 57854.439063350095
tot_aggregated_send: 39490
tot_msg_rcv: 504
tot_msg_sent: 866
tot_reconf_duration: 7.08
tot_sleeping_duration: 2764591.9777600067
tot_uptimes: 720
tot_uptimes_duration: 43200.01823999337
