comms_cons: 203.30511349584293
finished_reconf: true
global_termination_time: 1090434.321
local_termination_time: 101009.47335999997
node_cons: 22423.314901121466
tot_aggregated_send: 0
tot_msg_rcv: 15587
tot_msg_sent: 15315
tot_reconf_duration: 6.22
tot_sleeping_duration: 1073694.3149199989
tot_uptimes: 280
tot_uptimes_duration: 16740.00608000107
