comms_cons: 83.03608319909364
finished_reconf: true
global_termination_time: 842610.9034799999
local_termination_time: 842610.8623599999
node_cons: 17342.27750207952
tot_aggregated_send: 12096
tot_msg_rcv: 167
tot_msg_sent: 357
tot_reconf_duration: 37.410000000000004
tot_sleeping_duration: 829697.1807600003
tot_uptimes: 216
tot_uptimes_duration: 12913.722719999612
