comms_cons: 83.56962560024863
finished_reconf: true
global_termination_time: 846879.459
local_termination_time: 157119.43136000005
node_cons: 17359.971980000024
tot_aggregated_send: 12122
tot_msg_rcv: 178
tot_msg_sent: 402
tot_reconf_duration: 4.8100000000000005
tot_sleeping_duration: 833919.459
tot_uptimes: 217
tot_uptimes_duration: 12960.0
