comms_cons: 82.77354240007428
finished_reconf: true
global_termination_time: 846853.068
local_termination_time: 139932.881
node_cons: 17366.02254288284
tot_aggregated_send: 12294
tot_msg_rcv: 111
tot_msg_sent: 176
tot_reconf_duration: 5.43
tot_sleeping_duration: 833889.1780799979
tot_uptimes: 217
tot_uptimes_duration: 12963.889920002111
