comms_cons: 82.1287807994958
finished_reconf: true
global_termination_time: 842844.231
local_termination_time: 401790.6880400003
node_cons: 17293.93172000006
tot_aggregated_send: 12122
tot_msg_rcv: 141
tot_msg_sent: 220
tot_reconf_duration: 15.34
tot_sleeping_duration: 829944.231
tot_uptimes: 216
tot_uptimes_duration: 12900.0
