comms_cons: 2.237555199991898
finished_reconf: true
global_termination_time: 18888.041
local_termination_time: 7040.418360000001
node_cons: 342.19172000000026
tot_aggregated_send: 0
tot_msg_rcv: 178
tot_msg_sent: 162
tot_reconf_duration: 15.34
tot_sleeping_duration: 18648.041
tot_uptimes: 5
tot_uptimes_duration: 240.0
