comms_cons: 57.79232000162002
finished_reconf: true
global_termination_time: 552791.167
local_termination_time: 112640.74171999967
node_cons: 11334.930928971466
tot_aggregated_send: 7018
tot_msg_rcv: 599
tot_msg_sent: 1168
tot_reconf_duration: 5.1
tot_sleeping_duration: 544331.1183599915
tot_uptimes: 142
tot_uptimes_duration: 8460.04864000855
