comms_cons: 55.745561600268466
finished_reconf: true
global_termination_time: 552887.409
local_termination_time: 130477.30235999997
node_cons: 11345.841142242874
tot_aggregated_send: 7714
tot_msg_rcv: 302
tot_msg_sent: 457
tot_reconf_duration: 13.17
tot_sleeping_duration: 544427.3968399978
tot_uptimes: 142
tot_uptimes_duration: 8460.012160002138
