comms_cons: 55.62055680018662
finished_reconf: true
global_termination_time: 550071.488
local_termination_time: 178777.32636000006
node_cons: 11254.131980000013
tot_aggregated_send: 7424
tot_msg_rcv: 339
tot_msg_sent: 691
tot_reconf_duration: 4.8100000000000005
tot_sleeping_duration: 541671.488
tot_uptimes: 141
tot_uptimes_duration: 8400.0
