comms_cons: 79.2793279992953
finished_reconf: true
global_termination_time: 798768.086
local_termination_time: 5589.813999999999
node_cons: 16423.793441116857
tot_aggregated_send: 11285
tot_msg_rcv: 241
tot_msg_sent: 524
tot_reconf_duration: 25.35
tot_sleeping_duration: 786528.0799200024
tot_uptimes: 205
tot_uptimes_duration: 12240.006079997635
