comms_cons: 175.9662976202264
finished_reconf: true
global_termination_time: 364594.0046800007
local_termination_time: 364593.9635600007
node_cons: 22064.65445384486
tot_aggregated_send: 0
tot_msg_rcv: 10866
tot_msg_sent: 15879
tot_reconf_duration: 37.410000000000004
tot_sleeping_duration: 348153.4881199971
tot_uptimes: 268
tot_uptimes_duration: 16440.516560003598
