comms_cons: 38.304102400841764
finished_reconf: true
global_termination_time: 366679.513
local_termination_time: 27837.229400000004
node_cons: 7479.208483362021
tot_aggregated_send: 4698
tot_msg_rcv: 430
tot_msg_sent: 694
tot_reconf_duration: 5.57
tot_sleeping_duration: 361099.49475999846
tot_uptimes: 94
tot_uptimes_duration: 5580.018240001504
