comms_cons: 72.69918720851686
finished_reconf: true
global_termination_time: 366454.632
local_termination_time: 1556.1344800000004
node_cons: 7502.38684112144
tot_aggregated_send: 0
tot_msg_rcv: 5672
tot_msg_sent: 5377
tot_reconf_duration: 22.65
tot_sleeping_duration: 360874.6259199989
tot_uptimes: 94
tot_uptimes_duration: 5580.006080001069
