comms_cons: 38.80389760084383
finished_reconf: true
global_termination_time: 365810.844
local_termination_time: 20407.198
node_cons: 7512.121947841056
tot_aggregated_send: 4638
tot_msg_rcv: 507
tot_msg_sent: 753
tot_reconf_duration: 18.700000000000003
tot_sleeping_duration: 360219.5614399992
tot_uptimes: 94
tot_uptimes_duration: 5591.282560000785
