comms_cons: 16.816435199867307
finished_reconf: true
global_termination_time: 165524.46008000025
local_termination_time: 165510.11448000008
node_cons: 3415.893897120337
tot_aggregated_send: 2262
tot_msg_rcv: 110
tot_msg_sent: 183
tot_reconf_duration: 6.22
tot_sleeping_duration: 162979.69
tot_uptimes: 43
tot_uptimes_duration: 2544.7700800002494
