comms_cons: 62.555033599507595
finished_reconf: true
global_termination_time: 620175.62
local_termination_time: 97770.82835999997
node_cons: 12718.465462242888
tot_aggregated_send: 8410
tot_msg_rcv: 357
tot_msg_sent: 741
tot_reconf_duration: 18.21
tot_sleeping_duration: 610695.6078399979
tot_uptimes: 159
tot_uptimes_duration: 9480.012160002138
