comms_cons: 61.574732800845354
finished_reconf: true
global_termination_time: 617712.383
local_termination_time: 155613.62000000046
node_cons: 12724.486841121441
tot_aggregated_send: 8468
tot_msg_rcv: 319
tot_msg_sent: 572
tot_reconf_duration: 22.65
tot_sleeping_duration: 608232.3769199989
tot_uptimes: 159
tot_uptimes_duration: 9480.006080001069
