comms_cons: 5.07914240002047
finished_reconf: true
global_termination_time: 53775.754
local_termination_time: 47663.470400000166
node_cons: 1050.951979999997
tot_aggregated_send: 696
tot_msg_rcv: 22
tot_msg_sent: 54
tot_reconf_duration: 4.8100000000000005
tot_sleeping_duration: 52995.754
tot_uptimes: 14
tot_uptimes_duration: 780.0
