comms_cons: 83.9906943994882
finished_reconf: true
global_termination_time: 845001.405
local_termination_time: 60826.91732000004
node_cons: 17384.21498223828
tot_aggregated_send: 12122
tot_msg_rcv: 255
tot_msg_sent: 389
tot_reconf_duration: 22.65
tot_sleeping_duration: 832041.3928400013
tot_uptimes: 217
tot_uptimes_duration: 12960.012159998703
