comms_cons: 82.10540159987417
finished_reconf: true
global_termination_time: 845100.339
local_termination_time: 388650.5656400004
node_cons: 17361.903042242848
tot_aggregated_send: 11890
tot_msg_rcv: 181
tot_msg_sent: 408
tot_reconf_duration: 6.22
tot_sleeping_duration: 832140.3268399979
tot_uptimes: 217
tot_uptimes_duration: 12960.012160002138
