comms_cons: 164.65383674204557
finished_reconf: true
global_termination_time: 842990.3225999998
local_termination_time: 924.9850399999996
node_cons: 17309.020128399883
tot_aggregated_send: 0
tot_msg_rcv: 12555
tot_msg_sent: 12470
tot_reconf_duration: 11.31
tot_sleeping_duration: 830074.967
tot_uptimes: 216
tot_uptimes_duration: 12915.355599999893
