comms_cons: 112.12272639954456
finished_reconf: true
global_termination_time: 1145625.622
local_termination_time: 697543.9245999998
node_cons: 23570.378700000067
tot_aggregated_send: 16762
tot_msg_rcv: 125
tot_msg_sent: 155
tot_reconf_duration: 22.65
tot_sleeping_duration: 1128045.622
tot_uptimes: 294
tot_uptimes_duration: 17580.0
