comms_cons: 112.57011199690258
finished_reconf: true
global_termination_time: 1147165.398
local_termination_time: 652370.8472799992
node_cons: 23550.60621999999
tot_aggregated_send: 16646
tot_msg_rcv: 137
tot_msg_sent: 327
tot_reconf_duration: 8.09
tot_sleeping_duration: 1129585.398
tot_uptimes: 294
tot_uptimes_duration: 17580.0
