comms_cons: 112.52468479685793
finished_reconf: true
global_termination_time: 1145852.313
local_termination_time: 302253.7376000005
node_cons: 23565.014599999973
tot_aggregated_send: 16240
tot_msg_rcv: 318
tot_msg_sent: 545
tot_reconf_duration: 18.700000000000003
tot_sleeping_duration: 1128272.313
tot_uptimes: 294
tot_uptimes_duration: 17580.0
