comms_cons: 113.06355199627885
finished_reconf: true
global_termination_time: 1145519.698
local_termination_time: 221353.3423600005
node_cons: 23552.697540000045
tot_aggregated_send: 16240
tot_msg_rcv: 372
tot_msg_sent: 573
tot_reconf_duration: 9.629999999999999
tot_sleeping_duration: 1127939.698
tot_uptimes: 294
tot_uptimes_duration: 17580.0
