comms_cons: 435.8995712835848
finished_reconf: true
global_termination_time: 4350637.482
local_termination_time: 55680.918999999994
node_cons: 89513.2803185208
tot_aggregated_send: 60724
tot_msg_rcv: 1629
tot_msg_sent: 3902
tot_reconf_duration: 6.279999999999999
tot_sleeping_duration: 4283793.006960028
tot_uptimes: 1115
tot_uptimes_duration: 66844.47503997253
