comms_cons: 438.0888896786327
finished_reconf: true
global_termination_time: 4352833.685
local_termination_time: 2280050.67036
node_cons: 89505.3164033488
tot_aggregated_send: 60436
tot_msg_rcv: 1973
tot_msg_sent: 4178
tot_reconf_duration: 4.8100000000000005
tot_sleeping_duration: 4285993.666760006
tot_uptimes: 1115
tot_uptimes_duration: 66840.01823999337
