comms_cons: 439.03360650043027
finished_reconf: true
global_termination_time: 4351418.475
local_termination_time: 2203472.177079999
node_cons: 89504.7623255832
tot_aggregated_send: 60552
tot_msg_rcv: 2114
tot_msg_sent: 4063
tot_reconf_duration: 4.390000000000001
tot_sleeping_duration: 4284578.44460001
tot_uptimes: 1115
tot_uptimes_duration: 66840.0303999891
