comms_cons: 435.8389632723363
finished_reconf: true
global_termination_time: 4353274.52
local_termination_time: 410816.8243600001
node_cons: 89519.70569564006
tot_aggregated_send: 60958
tot_msg_rcv: 1630
tot_msg_sent: 3657
tot_reconf_duration: 15.34
tot_sleeping_duration: 4286434.434880028
tot_uptimes: 1115
tot_uptimes_duration: 66840.08511997195
