comms_cons: 471.3700991043868
finished_reconf: true
global_termination_time: 2394615.3399999966
local_termination_time: 3030.7743600000003
node_cons: 49321.87560422868
tot_aggregated_send: 0
tot_msg_rcv: 36073
tot_msg_sent: 35571
tot_reconf_duration: 18.21
tot_sleeping_duration: 2357798.9498400046
tot_uptimes: 614
tot_uptimes_duration: 36816.39015999204
