comms_cons: 244.88440319082756
finished_reconf: true
global_termination_time: 2397029.357
local_termination_time: 253099.83248000007
node_cons: 49256.032906704946
tot_aggregated_send: 32538
tot_msg_rcv: 1663
tot_msg_sent: 3020
tot_reconf_duration: 5.57
tot_sleeping_duration: 2360249.3205200103
tot_uptimes: 614
tot_uptimes_duration: 36780.03647998924
