comms_cons: 239.35363838317826
finished_reconf: true
global_termination_time: 2394670.442
local_termination_time: 555637.6524799998
node_cons: 49254.41418446668
tot_aggregated_send: 33350
tot_msg_rcv: 980
tot_msg_sent: 2050
tot_reconf_duration: 4.390000000000001
tot_sleeping_duration: 2357890.4176800093
tot_uptimes: 614
tot_uptimes_duration: 36780.02431999054
