comms_cons: 122.44526079673774
finished_reconf: true
global_termination_time: 600580.0406
local_termination_time: 1784.2424800000003
node_cons: 12337.375457355245
tot_aggregated_send: 0
tot_msg_rcv: 9720
tot_msg_sent: 8885
tot_reconf_duration: 18.21
tot_sleeping_duration: 591384.6363600036
tot_uptimes: 154
tot_uptimes_duration: 9195.404239996438
