comms_cons: 59.206220799440736
finished_reconf: true
global_termination_time: 600953.248
local_termination_time: 95750.73647999996
node_cons: 12322.77870000003
tot_aggregated_send: 8642
tot_msg_rcv: 146
tot_msg_sent: 211
tot_reconf_duration: 22.65
tot_sleeping_duration: 591773.248
tot_uptimes: 154
tot_uptimes_duration: 9180.0
