comms_cons: 58.52856319989475
finished_reconf: true
global_termination_time: 600579.6243999993
local_termination_time: 152893.33
node_cons: 12351.748405360471
tot_aggregated_send: 8807
tot_msg_rcv: 12
tot_msg_sent: 77
tot_reconf_duration: 11.31
tot_sleeping_duration: 591366.4881599989
tot_uptimes: 154
tot_uptimes_duration: 9213.136240000342
