comms_cons: 226.27107839102177
finished_reconf: true
global_termination_time: 2235338.2386399982
local_termination_time: 2235338.197519998
node_cons: 46066.81712501736
tot_aggregated_send: 31074
tot_msg_rcv: 1168
tot_msg_sent: 2148
tot_reconf_duration: 24.59
tot_sleeping_duration: 2200959.2812800147
tot_uptimes: 573
tot_uptimes_duration: 34378.9573599837
