comms_cons: 26.85629440016902
finished_reconf: true
global_termination_time: 271495.342
local_termination_time: 80997.76999999974
node_cons: 5574.234982242879
tot_aggregated_send: 3770
tot_msg_rcv: 99
tot_msg_sent: 213
tot_reconf_duration: 22.65
tot_sleeping_duration: 267355.32983999787
tot_uptimes: 70
tot_uptimes_duration: 4140.0121600021375
