comms_cons: 281.00037121692424
finished_reconf: true
global_termination_time: 2810500.138
local_termination_time: 3948.556
node_cons: 57861.449045583126
tot_aggregated_send: 39079
tot_msg_rcv: 1174
tot_msg_sent: 2457
tot_reconf_duration: 12.23
tot_sleeping_duration: 2767300.1076000114
tot_uptimes: 720
tot_uptimes_duration: 43200.03039998817
