comms_cons: 281.52396802086935
finished_reconf: true
global_termination_time: 2810531.954
local_termination_time: 6322.906999999999
node_cons: 57854.44720447073
tot_aggregated_send: 38968
tot_msg_rcv: 1239
tot_msg_sent: 2583
tot_reconf_duration: 7.08
tot_sleeping_duration: 2767331.929680006
tot_uptimes: 720
tot_uptimes_duration: 43200.024319993856
