comms_cons: 279.98158720800774
finished_reconf: true
global_termination_time: 2787553.272
local_termination_time: 1159264.4362399988
node_cons: 57307.18174446658
tot_aggregated_send: 38744
tot_msg_rcv: 1382
tot_msg_sent: 2429
tot_reconf_duration: 18.21
tot_sleeping_duration: 2744773.247680009
tot_uptimes: 714
tot_uptimes_duration: 42780.02431999077
