comms_cons: 276.60993280664394
finished_reconf: true
global_termination_time: 2786318.301
local_termination_time: 789777.3233599999
node_cons: 57290.94823999902
tot_aggregated_send: 39788
tot_msg_rcv: 710
tot_msg_sent: 1545
tot_reconf_duration: 6.279999999999999
tot_sleeping_duration: 2743538.301
tot_uptimes: 714
tot_uptimes_duration: 42780.0
