comms_cons: 2.6790527999929163
finished_reconf: true
global_termination_time: 18696.641
local_termination_time: 9033.91036
node_cons: 325.5426399999999
tot_aggregated_send: 0
tot_msg_rcv: 233
tot_msg_sent: 174
tot_reconf_duration: 3.08
tot_sleeping_duration: 18456.641
tot_uptimes: 5
tot_uptimes_duration: 240.0
