comms_cons: 2.329036799994943
finished_reconf: true
global_termination_time: 13994.271
local_termination_time: 4158.299360000001
node_cons: 271.77870000000075
tot_aggregated_send: 0
tot_msg_rcv: 199
tot_msg_sent: 154
tot_reconf_duration: 22.65
tot_sleeping_duration: 13814.271
tot_uptimes: 4
tot_uptimes_duration: 180.0
