comms_cons: 2.888268799990455
finished_reconf: true
global_termination_time: 13688.245
local_termination_time: 6294.825400000001
node_cons: 245.161899999999
tot_aggregated_send: 0
tot_msg_rcv: 265
tot_msg_sent: 173
tot_reconf_duration: 3.05
tot_sleeping_duration: 13508.245
tot_uptimes: 4
tot_uptimes_duration: 180.0
