comms_cons: 15.322956799712276
finished_reconf: true
global_termination_time: 145430.095
local_termination_time: 25359.225479999997
node_cons: 2987.9389799999976
tot_aggregated_send: 1798
tot_msg_rcv: 193
tot_msg_sent: 338
tot_reconf_duration: 11.31
tot_sleeping_duration: 143210.095
tot_uptimes: 38
tot_uptimes_duration: 2220.0
