comms_cons: 266.8720895889366
finished_reconf: true
global_termination_time: 2809155.713
local_termination_time: 2851.49124
node_cons: 57850.18038223262
tot_aggregated_send: 39150
tot_msg_rcv: 512
tot_msg_sent: 901
tot_reconf_duration: 3.95
tot_sleeping_duration: 2765955.7008400047
tot_uptimes: 720
tot_uptimes_duration: 43200.01215999527
