comms_cons: 211.09231359628407
finished_reconf: true
global_termination_time: 2137288.221
local_termination_time: 296303.4883600001
node_cons: 43953.54405999958
tot_aggregated_send: 30972
tot_msg_rcv: 363
tot_msg_sent: 749
tot_reconf_duration: 5.57
tot_sleeping_duration: 2104468.221
tot_uptimes: 548
tot_uptimes_duration: 32820.0
