comms_cons: 217.25324798074277
finished_reconf: true
global_termination_time: 2135010.073
local_termination_time: 134350.13636000003
node_cons: 43869.87145229391
tot_aggregated_send: 29058
tot_msg_rcv: 1334
tot_msg_sent: 2628
tot_reconf_duration: 3.05
tot_sleeping_duration: 2102250.006120019
tot_uptimes: 547
tot_uptimes_duration: 32760.066879980848
