comms_cons: 19.77770240009618
finished_reconf: true
global_termination_time: 194150.298
local_termination_time: 9547.221000000001
node_cons: 3946.45903288002
tot_aggregated_send: 2375
tot_msg_rcv: 167
tot_msg_sent: 464
tot_reconf_duration: 4.8100000000000005
tot_sleeping_duration: 191207.85808
tot_uptimes: 50
tot_uptimes_duration: 2942.4399200000116
