comms_cons: 80.18728959854579
finished_reconf: true
global_termination_time: 815826.642
local_termination_time: 268080.9393600001
node_cons: 16717.251980000023
tot_aggregated_send: 11484
tot_msg_rcv: 238
tot_msg_sent: 466
tot_reconf_duration: 4.8100000000000005
tot_sleeping_duration: 803346.642
tot_uptimes: 209
tot_uptimes_duration: 12480.0
