comms_cons: 77.05992960887684
finished_reconf: true
global_termination_time: 362231.0539600002
local_termination_time: 3040.53436
node_cons: 7440.890370892938
tot_aggregated_send: 0
tot_msg_rcv: 6332
tot_msg_sent: 5374
tot_reconf_duration: 18.21
tot_sleeping_duration: 356692.47203999053
tot_uptimes: 93
tot_uptimes_duration: 5538.581920009659
