comms_cons: 37.19221760059589
finished_reconf: true
global_termination_time: 365749.83
local_termination_time: 57396.46032000013
node_cons: 7489.521142240589
tot_aggregated_send: 4988
tot_msg_rcv: 268
tot_msg_sent: 397
tot_reconf_duration: 13.17
tot_sleeping_duration: 360169.81783999957
tot_uptimes: 94
tot_uptimes_duration: 5580.012160000435
