comms_cons: 37.31722240050465
finished_reconf: true
global_termination_time: 363422.764
local_termination_time: 39849.44548000001
node_cons: 7478.151980000006
tot_aggregated_send: 4814
tot_msg_rcv: 281
tot_msg_sent: 577
tot_reconf_duration: 4.8100000000000005
tot_sleeping_duration: 357842.764
tot_uptimes: 94
tot_uptimes_duration: 5580.0
