comms_cons: 36.42903040000652
finished_reconf: true
global_termination_time: 365735.084
local_termination_time: 15739.781440000002
node_cons: 7478.993940000007
tot_aggregated_send: 5046
tot_msg_rcv: 146
tot_msg_sent: 345
tot_reconf_duration: 5.43
tot_sleeping_duration: 360155.084
tot_uptimes: 94
tot_uptimes_duration: 5580.0
