comms_cons: 218.1531135924652
finished_reconf: true
global_termination_time: 2216266.356
local_termination_time: 601941.536
node_cons: 45559.71394111629
tot_aggregated_send: 31604
tot_msg_rcv: 494
tot_msg_sent: 1060
tot_reconf_duration: 5.1
tot_sleeping_duration: 2182246.3499200023
tot_uptimes: 568
tot_uptimes_duration: 34020.006079997635
