comms_cons: 216.27866879585162
finished_reconf: true
global_termination_time: 2215510.719
local_termination_time: 977495.9753599999
node_cons: 45570.67300111639
tot_aggregated_send: 32016
tot_msg_rcv: 255
tot_msg_sent: 602
tot_reconf_duration: 13.17
tot_sleeping_duration: 2181490.712920002
tot_uptimes: 568
tot_uptimes_duration: 34020.006079997635
