comms_cons: 644.2843260258387
finished_reconf: true
global_termination_time: 2214981.6185599994
local_termination_time: 2214981.577439999
node_cons: 90185.04500295309
tot_aggregated_send: 0
tot_msg_rcv: 32905
tot_msg_sent: 65021
tot_reconf_duration: 37.410000000000004
tot_sleeping_duration: 2147667.0239200024
tot_uptimes: 1113
tot_uptimes_duration: 67314.59463999685
