comms_cons: 216.39051519591504
finished_reconf: true
global_termination_time: 2216105.548
local_termination_time: 961772.3420000001
node_cons: 45575.591495039385
tot_aggregated_send: 31668
tot_msg_rcv: 357
tot_msg_sent: 865
tot_reconf_duration: 11.899999999999999
tot_sleeping_duration: 2182080.58064
tot_uptimes: 568
tot_uptimes_duration: 34024.96735999989
