comms_cons: 196.70143358363453
finished_reconf: true
global_termination_time: 1949300.084
local_termination_time: 1122165.1571599992
node_cons: 40124.03368223346
tot_aggregated_send: 27086
tot_msg_rcv: 975
tot_msg_sent: 1836
tot_reconf_duration: 25.299999999999997
tot_sleeping_duration: 1919360.0718400048
tot_uptimes: 500
tot_uptimes_duration: 29940.01215999527
