comms_cons: 941.8424120103743
finished_reconf: true
global_termination_time: 1947260.1961999985
local_termination_time: 1947260.1550799985
node_cons: 118237.66467798006
tot_aggregated_send: 0
tot_msg_rcv: 57867
tot_msg_sent: 85287
tot_reconf_duration: 24.59
tot_sleeping_duration: 1858982.1742000107
tot_uptimes: 1446
tot_uptimes_duration: 88278.02199998772
