comms_cons: 218.95032958189347
finished_reconf: true
global_termination_time: 2180412.231239997
local_termination_time: 20713.27148
node_cons: 44865.53193717336
tot_aggregated_send: 30218
tot_msg_rcv: 1025
tot_msg_sent: 2036
tot_reconf_duration: 11.31
tot_sleeping_duration: 2146916.956440016
tot_uptimes: 559
tot_uptimes_duration: 33495.274799980456
