comms_cons: 43.10891520211909
finished_reconf: true
global_termination_time: 211349.2436000002
local_termination_time: 644.8180399999995
node_cons: 4383.658469519402
tot_aggregated_send: 0
tot_msg_rcv: 3414
tot_msg_sent: 3134
tot_reconf_duration: 18.21
tot_sleeping_duration: 208093.88192000063
tot_uptimes: 55
tot_uptimes_duration: 3255.3616799995507
