comms_cons: 20.92185600015195
finished_reconf: true
global_termination_time: 213168.876
local_termination_time: 144890.97348000007
node_cons: 4344.89198
tot_aggregated_send: 3074
tot_msg_rcv: 52
tot_msg_sent: 54
tot_reconf_duration: 4.8100000000000005
tot_sleeping_duration: 209928.876
tot_uptimes: 55
tot_uptimes_duration: 3240.0
