comms_cons: 61.81358080287776
finished_reconf: true
global_termination_time: 211348.6436000001
local_termination_time: 211348.6024800001
node_cons: 8729.870968400146
tot_aggregated_send: 0
tot_msg_rcv: 3131
tot_msg_sent: 6264
tot_reconf_duration: 24.59
tot_sleeping_duration: 204853.888
tot_uptimes: 109
tot_uptimes_duration: 6494.755600000091
