comms_cons: 57.0507008007187
finished_reconf: true
global_termination_time: 577181.178
local_termination_time: 367764.5673600001
node_cons: 11814.12190000008
tot_aggregated_send: 7540
tot_msg_rcv: 370
tot_msg_sent: 761
tot_reconf_duration: 3.05
tot_sleeping_duration: 568361.178
tot_uptimes: 148
tot_uptimes_duration: 8820.0
