comms_cons: 58.58968959933333
finished_reconf: true
global_termination_time: 580016.144
local_termination_time: 118718.49235999942
node_cons: 11901.374596403542
tot_aggregated_send: 7946
tot_msg_rcv: 322
tot_msg_sent: 636
tot_reconf_duration: 6.22
tot_sleeping_duration: 571134.1963999973
tot_uptimes: 149
tot_uptimes_duration: 8881.947600002633
