comms_cons: 225.5971135823147
finished_reconf: true
global_termination_time: 2248942.773
local_termination_time: 129051.01683999991
node_cons: 46229.906246709645
tot_aggregated_send: 30624
tot_msg_rcv: 1242
tot_msg_sent: 2423
tot_reconf_duration: 25.299999999999997
tot_sleeping_duration: 2214442.7365200073
tot_uptimes: 576
tot_uptimes_duration: 34500.036479992676
