comms_cons: 224.64020478970764
finished_reconf: true
global_termination_time: 2246457.353
local_termination_time: 904190.6965199992
node_cons: 46226.3075467005
tot_aggregated_send: 31378
tot_msg_rcv: 885
tot_msg_sent: 1881
tot_reconf_duration: 22.65
tot_sleeping_duration: 2211957.3165200143
tot_uptimes: 576
tot_uptimes_duration: 34500.03647998581
