comms_cons: 223.68839038734745
finished_reconf: true
global_termination_time: 2246399.104
local_termination_time: 1251067.9113599998
node_cons: 46201.49418446666
tot_aggregated_send: 31320
tot_msg_rcv: 867
tot_msg_sent: 1813
tot_reconf_duration: 4.390000000000001
tot_sleeping_duration: 2211899.0796800093
tot_uptimes: 576
tot_uptimes_duration: 34500.02431999054
