comms_cons: 340.52623362736705
finished_reconf: true
global_termination_time: 3339015.83
local_termination_time: 1826525.5533599998
node_cons: 68721.49126446633
tot_aggregated_send: 45936
tot_msg_rcv: 2183
tot_msg_sent: 3639
tot_reconf_duration: 22.65
tot_sleeping_duration: 3287715.805680009
tot_uptimes: 856
tot_uptimes_duration: 51300.024319991004
