comms_cons: 338.5067008522507
finished_reconf: true
global_termination_time: 3340927.888
local_termination_time: 50379.79648000001
node_cons: 68698.38617676635
tot_aggregated_send: 45762
tot_msg_rcv: 1847
tot_msg_sent: 3842
tot_reconf_duration: 5.57
tot_sleeping_duration: 3289627.796800024
tot_uptimes: 856
tot_uptimes_duration: 51300.091199975985
