comms_cons: 333.15403522244696
finished_reconf: true
global_termination_time: 3340068.401
local_termination_time: 288640.58936000004
node_cons: 68708.65813005091
tot_aggregated_send: 47154
tot_msg_rcv: 1256
tot_msg_sent: 2227
tot_reconf_duration: 13.17
tot_sleeping_duration: 3288768.3462800207
tot_uptimes: 856
tot_uptimes_duration: 51300.05471997941
