comms_cons: 122.77214079720424
finished_reconf: true
global_termination_time: 1240601.935
local_termination_time: 839027.5192399989
node_cons: 25488.611719999994
tot_aggregated_send: 17864
tot_msg_rcv: 288
tot_msg_sent: 508
tot_reconf_duration: 15.34
tot_sleeping_duration: 1221581.935
tot_uptimes: 318
tot_uptimes_duration: 19020.0
