comms_cons: 122.26127359719386
finished_reconf: true
global_termination_time: 1237248.279
local_termination_time: 280398.69252000086
node_cons: 25395.00406000005
tot_aggregated_send: 17690
tot_msg_rcv: 260
tot_msg_sent: 633
tot_reconf_duration: 5.57
tot_sleeping_duration: 1218288.279
tot_uptimes: 317
tot_uptimes_duration: 18960.0
