comms_cons: 125.05868798905763
finished_reconf: true
global_termination_time: 1238335.944
local_termination_time: 897707.4175599995
node_cons: 25478.432124467454
tot_aggregated_send: 16936
tot_msg_rcv: 625
tot_msg_sent: 1448
tot_reconf_duration: 7.819999999999999
tot_sleeping_duration: 1219315.9196800094
tot_uptimes: 318
tot_uptimes_duration: 19020.024319990538
