comms_cons: 244.12913904744164
finished_reconf: true
global_termination_time: 1238597.306
local_termination_time: 258105.37148000006
node_cons: 25476.2511833597
tot_aggregated_send: 0
tot_msg_rcv: 18720
tot_msg_sent: 18387
tot_reconf_duration: 6.22
tot_sleeping_duration: 1219577.2877600002
tot_uptimes: 318
tot_uptimes_duration: 19020.018239999743
