comms_cons: 79.47015679853838
finished_reconf: true
global_termination_time: 774845.077
local_termination_time: 504190.2734800005
node_cons: 15915.885410641966
tot_aggregated_send: 10382
tot_msg_rcv: 596
tot_msg_sent: 1101
tot_reconf_duration: 6.279999999999999
tot_sleeping_duration: 762965.0492399986
tot_uptimes: 199
tot_uptimes_duration: 11880.027760001482
