comms_cons: 77.24776959558649
finished_reconf: true
global_termination_time: 774856.571
local_termination_time: 544729.4693599999
node_cons: 15925.237424472007
tot_aggregated_send: 10730
tot_msg_rcv: 265
tot_msg_sent: 746
tot_reconf_duration: 13.17
tot_sleeping_duration: 762976.5466800061
tot_uptimes: 199
tot_uptimes_duration: 11880.024319993972
