comms_cons: 78.54117119907977
finished_reconf: true
global_termination_time: 776222.73
local_termination_time: 355595.0564000009
node_cons: 15938.10312335975
tot_aggregated_send: 10672
tot_msg_rcv: 469
tot_msg_sent: 795
tot_reconf_duration: 22.65
tot_sleeping_duration: 764342.7117600002
tot_uptimes: 199
tot_uptimes_duration: 11880.018239999772
