comms_cons: 79.89683199353715
finished_reconf: true
global_termination_time: 774316.374
local_termination_time: 59687.97160000002
node_cons: 15922.73596783164
tot_aggregated_send: 10208
tot_msg_rcv: 660
tot_msg_sent: 1275
tot_reconf_duration: 11.31
tot_sleeping_duration: 762436.3314400063
tot_uptimes: 199
tot_uptimes_duration: 11880.042559993744
