comms_cons: 851.0198657193512
finished_reconf: true
global_termination_time: 8665198.669
local_termination_time: 4310035.944399999
node_cons: 178285.49506669637
tot_aggregated_send: 121046
tot_msg_rcv: 3022
tot_msg_sent: 5282
tot_reconf_duration: 8.09
tot_sleeping_duration: 8532058.632520013
tot_uptimes: 2220
tot_uptimes_duration: 133140.0364799872
