comms_cons: 846.7175041365762
finished_reconf: true
global_termination_time: 8666480.55
local_termination_time: 4753537.550919998
node_cons: 178299.87902334417
tot_aggregated_send: 120234
tot_msg_rcv: 2949
tot_msg_sent: 5512
tot_reconf_duration: 18.700000000000003
tot_sleeping_duration: 8533340.531760007
tot_uptimes: 2220
tot_uptimes_duration: 133140.0182399936
