comms_cons: 860.6205569843529
finished_reconf: true
global_termination_time: 8665958.58
local_termination_time: 1474764.8503599998
node_cons: 178283.0044533985
tot_aggregated_send: 120698
tot_msg_rcv: 3374
tot_msg_sent: 6736
tot_reconf_duration: 6.22
tot_sleeping_duration: 8532818.507040026
tot_uptimes: 2220
tot_uptimes_duration: 133140.0729599737
