comms_cons: 143.31976959133036
finished_reconf: true
global_termination_time: 1414984.75
local_termination_time: 208413.66704000076
node_cons: 29093.75654783164
tot_aggregated_send: 19082
tot_msg_rcv: 783
tot_msg_sent: 1918
tot_reconf_duration: 7.819999999999999
tot_sleeping_duration: 1393264.707440006
tot_uptimes: 363
tot_uptimes_duration: 21720.042559993744
