comms_cons: 476.90647040997595
finished_reconf: true
global_termination_time: 4928547.039
local_termination_time: 2639110.908
node_cons: 101409.093013034
tot_aggregated_send: 70985
tot_msg_rcv: 453
tot_msg_sent: 1049
tot_reconf_duration: 13.17
tot_sleeping_duration: 4852825.449640002
tot_uptimes: 1263
tot_uptimes_duration: 75721.58935999777
