comms_cons: 240.2263295901738
finished_reconf: true
global_termination_time: 2420006.057
local_termination_time: 1180830.4143599977
node_cons: 49737.38579999912
tot_aggregated_send: 34568
tot_msg_rcv: 698
tot_msg_sent: 1247
tot_reconf_duration: 5.1
tot_sleeping_duration: 2382866.057
tot_uptimes: 620
tot_uptimes_duration: 37140.0
