comms_cons: 281.8500671898237
finished_reconf: true
global_termination_time: 2852977.983
local_termination_time: 1095398.8163599998
node_cons: 58654.186043349284
tot_aggregated_send: 40136
tot_msg_rcv: 957
tot_msg_sent: 1746
tot_reconf_duration: 4.390000000000001
tot_sleeping_duration: 2809177.9647600073
tot_uptimes: 731
tot_uptimes_duration: 43800.0182399929
