comms_cons: 280.86667518886765
finished_reconf: true
global_termination_time: 2856430.966
local_termination_time: 1299177.38836
node_cons: 58739.17584223299
tot_aggregated_send: 39846
tot_msg_rcv: 872
tot_msg_sent: 1972
tot_reconf_duration: 7.819999999999999
tot_sleeping_duration: 2812570.9538400047
tot_uptimes: 732
tot_uptimes_duration: 43860.0121599955
