comms_cons: 239.8421567938343
finished_reconf: true
global_termination_time: 2377336.073
local_termination_time: 615966.7460799997
node_cons: 48877.494982233045
tot_aggregated_send: 33060
tot_msg_rcv: 1206
tot_msg_sent: 2188
tot_reconf_duration: 22.65
tot_sleeping_duration: 2340856.0608400046
tot_uptimes: 609
tot_uptimes_duration: 36480.01215999527
