comms_cons: 91.37850879596517
finished_reconf: true
global_termination_time: 916995.9925999998
local_termination_time: 916995.9514799998
node_cons: 18851.374860642623
tot_aggregated_send: 12920
tot_msg_rcv: 321
tot_msg_sent: 647
tot_reconf_duration: 24.59
tot_sleeping_duration: 902942.2348399978
tot_uptimes: 235
tot_uptimes_duration: 14053.757760001929
