comms_cons: 92.621977596364
finished_reconf: true
global_termination_time: 916996.8291999986
local_termination_time: 251638.68099999998
node_cons: 18912.846143959767
tot_aggregated_send: 12468
tot_msg_rcv: 472
tot_msg_sent: 1137
tot_reconf_duration: 22.65
tot_sleeping_duration: 902895.1955599987
tot_uptimes: 235
tot_uptimes_duration: 14101.63363999981
