comms_cons: 13.830732799664359
finished_reconf: true
global_termination_time: 155216.266
local_termination_time: 1087.9962400000002
node_cons: 3149.918204356851
tot_aggregated_send: 0
tot_msg_rcv: 360
tot_msg_sent: 1742
tot_reconf_duration: 12.23
tot_sleeping_duration: 152876.22876000236
tot_uptimes: 40
tot_uptimes_duration: 2340.0372399976477
