comms_cons: 72.05345279984974
finished_reconf: true
global_termination_time: 739735.398
local_termination_time: 72381.75435999996
node_cons: 15190.80012112145
tot_aggregated_send: 10266
tot_msg_rcv: 253
tot_msg_sent: 432
tot_reconf_duration: 4.8100000000000005
tot_sleeping_duration: 728395.3919199989
tot_uptimes: 190
tot_uptimes_duration: 11340.006080001069
