comms_cons: 74.40417279866554
finished_reconf: true
global_termination_time: 739926.949
local_termination_time: 547238.9673199995
node_cons: 15199.61897999994
tot_aggregated_send: 10208
tot_msg_rcv: 411
tot_msg_sent: 690
tot_reconf_duration: 11.31
tot_sleeping_duration: 728586.949
tot_uptimes: 190
tot_uptimes_duration: 11340.0
