comms_cons: 57.2666112005784
finished_reconf: true
global_termination_time: 564509.221
local_termination_time: 285550.3403600001
node_cons: 11589.79986112148
tot_aggregated_send: 7540
tot_msg_rcv: 471
tot_msg_sent: 694
tot_reconf_duration: 15.34
tot_sleeping_duration: 555869.214919999
tot_uptimes: 145
tot_uptimes_duration: 8640.006080001069
