comms_cons: 56.1773312006311
finished_reconf: true
global_termination_time: 564086.795
local_termination_time: 293236.3320800006
node_cons: 11577.504522242836
tot_aggregated_send: 8004
tot_msg_rcv: 189
tot_msg_sent: 345
tot_reconf_duration: 6.279999999999999
tot_sleeping_duration: 555446.7828399979
tot_uptimes: 145
tot_uptimes_duration: 8640.012160002138
