comms_cons: 56.566988800669954
finished_reconf: true
global_termination_time: 564465.212
local_termination_time: 30015.326480000003
node_cons: 11599.726841121448
tot_aggregated_send: 7598
tot_msg_rcv: 375
tot_msg_sent: 624
tot_reconf_duration: 22.65
tot_sleeping_duration: 555825.205919999
tot_uptimes: 145
tot_uptimes_duration: 8640.006080001069
