comms_cons: 15.261919999839911
finished_reconf: true
global_termination_time: 146481.715
local_termination_time: 2783.10612
node_cons: 2976.3579422383036
tot_aggregated_send: 1508
tot_msg_rcv: 347
tot_msg_sent: 466
tot_reconf_duration: 2.77
tot_sleeping_duration: 144261.70284000126
tot_uptimes: 38
tot_uptimes_duration: 2220.0121599987324
