comms_cons: 75.52439040320908
finished_reconf: true
global_termination_time: 756748.726
local_termination_time: 30600.090480000003
node_cons: 15530.503861293528
tot_aggregated_send: 6496
tot_msg_rcv: 1809
tot_msg_sent: 3178
tot_reconf_duration: 18.21
tot_sleeping_duration: 745168.6104799899
tot_uptimes: 194
tot_uptimes_duration: 11580.115520010091
