comms_cons: 71.47705599706015
finished_reconf: true
global_termination_time: 709707.9814799998
local_termination_time: 709707.9403599999
node_cons: 14593.32422431778
tot_aggregated_send: 9730
tot_msg_rcv: 365
tot_msg_sent: 769
tot_reconf_duration: 24.59
tot_sleeping_duration: 698834.2466000015
tot_uptimes: 182
tot_uptimes_duration: 10873.734879998316
