comms_cons: 71.62589439753891
finished_reconf: true
global_termination_time: 713642.503
local_termination_time: 149828.6834800001
node_cons: 14656.28624671943
tot_aggregated_send: 9686
tot_msg_rcv: 344
tot_msg_sent: 857
tot_reconf_duration: 25.299999999999997
tot_sleeping_duration: 702722.4665200005
tot_uptimes: 183
tot_uptimes_duration: 10920.036479999542
