comms_cons: 72.25518079805268
finished_reconf: true
global_termination_time: 713655.241
local_termination_time: 514904.1780000005
node_cons: 14626.030041116916
tot_aggregated_send: 9164
tot_msg_rcv: 650
tot_msg_sent: 1168
tot_reconf_duration: 3.05
tot_sleeping_duration: 702735.2349200024
tot_uptimes: 183
tot_uptimes_duration: 10920.006079997635
