comms_cons: 177.80945919283295
finished_reconf: true
global_termination_time: 1800975.392
local_termination_time: 645491.6169199995
node_cons: 37047.35955999995
tot_aggregated_send: 26042
tot_msg_rcv: 351
tot_msg_sent: 633
tot_reconf_duration: 7.819999999999999
tot_sleeping_duration: 1773315.392
tot_uptimes: 462
tot_uptimes_duration: 27660.0
