comms_cons: 180.57272319051873
finished_reconf: true
global_termination_time: 1800750.6102400003
local_termination_time: 169673.18016000077
node_cons: 37095.367873827534
tot_aggregated_send: 25056
tot_msg_rcv: 758
tot_msg_sent: 1631
tot_reconf_duration: 6.22
tot_sleeping_duration: 1773053.1336800095
tot_uptimes: 462
tot_uptimes_duration: 27697.476559990784
