comms_cons: 395.6644416627914
finished_reconf: true
global_termination_time: 3930769.666
local_termination_time: 2925236.1048399997
node_cons: 80852.80684111499
tot_aggregated_send: 54868
tot_msg_rcv: 1808
tot_msg_sent: 3462
tot_reconf_duration: 22.65
tot_sleeping_duration: 3870409.6599200023
tot_uptimes: 1007
tot_uptimes_duration: 60360.00607999787
