comms_cons: 1901.3427870734558
finished_reconf: true
global_termination_time: 3930692.7095999997
local_termination_time: 3930692.6684799995
node_cons: 238807.7919800295
tot_aggregated_send: 0
tot_msg_rcv: 116715
tot_msg_sent: 172279
tot_reconf_duration: 37.410000000000004
tot_sleeping_duration: 3752382.784880031
tot_uptimes: 2928
tot_uptimes_duration: 178309.92471996878
