comms_cons: 395.79275526811386
finished_reconf: true
global_termination_time: 3933359.544
local_termination_time: 2705200.2773599997
node_cons: 80906.538182232
tot_aggregated_send: 54810
tot_msg_rcv: 1750
tot_msg_sent: 3597
tot_reconf_duration: 3.05
tot_sleeping_duration: 3872939.5318400045
tot_uptimes: 1008
tot_uptimes_duration: 60420.012159995735
