comms_cons: 394.42792325968816
finished_reconf: true
global_termination_time: 3931058.74
local_termination_time: 2357398.9873599997
node_cons: 80830.51118334905
tot_aggregated_send: 55448
tot_msg_rcv: 1601
tot_msg_sent: 2900
tot_reconf_duration: 6.22
tot_sleeping_duration: 3870698.7217600066
tot_uptimes: 1007
tot_uptimes_duration: 60360.0182399936
