comms_cons: 266.07000319205406
finished_reconf: true
global_termination_time: 2611200.464
local_termination_time: 135915.31040000037
node_cons: 53698.017098995115
tot_aggregated_send: 34568
tot_msg_rcv: 2063
tot_msg_sent: 3808
tot_reconf_duration: 22.65
tot_sleeping_duration: 2571120.3606400327
tot_uptimes: 669
tot_uptimes_duration: 40080.10335996712
