comms_cons: 255.38709758497185
finished_reconf: true
global_termination_time: 2609906.489
local_termination_time: 660421.3384799979
node_cons: 53675.8036994174
tot_aggregated_send: 35496
tot_msg_rcv: 1211
tot_msg_sent: 2111
tot_reconf_duration: 4.8100000000000005
tot_sleeping_duration: 2569824.8820400164
tot_uptimes: 669
tot_uptimes_duration: 40081.60695998371
