comms_cons: 260.1191552006892
finished_reconf: true
global_termination_time: 2611762.27
local_termination_time: 822689.4171599983
node_cons: 53679.9123599992
tot_aggregated_send: 37178
tot_msg_rcv: 800
tot_msg_sent: 1558
tot_reconf_duration: 9.42
tot_sleeping_duration: 2571682.27
tot_uptimes: 669
tot_uptimes_duration: 40080.0
