comms_cons: 259.9028992021585
finished_reconf: true
global_termination_time: 2608899.964
local_termination_time: 1173974.2033600002
node_cons: 53692.51459999939
tot_aggregated_send: 37410
tot_msg_rcv: 776
tot_msg_sent: 1317
tot_reconf_duration: 18.700000000000003
tot_sleeping_duration: 2568819.964
tot_uptimes: 669
tot_uptimes_duration: 40080.0
