comms_cons: 516.4744320979986
finished_reconf: true
global_termination_time: 2608636.004599998
local_termination_time: 2012.5456000000004
node_cons: 53703.129680686274
tot_aggregated_send: 0
tot_msg_rcv: 39735
tot_msg_sent: 38764
tot_reconf_duration: 11.31
tot_sleeping_duration: 2568540.5821200223
tot_uptimes: 669
tot_uptimes_duration: 40095.422479975445
