comms_cons: 264.16135039718466
finished_reconf: true
global_termination_time: 2609515.638
local_termination_time: 668769.6881999996
node_cons: 53688.00056670469
tot_aggregated_send: 35264
tot_msg_rcv: 1559
tot_msg_sent: 3327
tot_reconf_duration: 15.34
tot_sleeping_duration: 2569435.6015200107
tot_uptimes: 669
tot_uptimes_duration: 40080.03647998924
