comms_cons: 1.342783999994856
finished_reconf: true
global_termination_time: 11413.56848
local_termination_time: 11413.52736
node_cons: 229.8412198400071
tot_aggregated_send: 0
tot_msg_rcv: 105
tot_msg_sent: 98
tot_reconf_duration: 37.410000000000004
tot_sleeping_duration: 11279.857919999995
tot_uptimes: 3
tot_uptimes_duration: 133.710560000005
