comms_cons: 73.1672832007268
finished_reconf: true
global_termination_time: 753189.685
local_termination_time: 520074.07240000035
node_cons: 15433.726759999983
tot_aggregated_send: 10614
tot_msg_rcv: 193
tot_msg_sent: 314
tot_reconf_duration: 6.22
tot_sleeping_duration: 741669.685
tot_uptimes: 193
tot_uptimes_duration: 11520.0
