comms_cons: 75.07525119827216
finished_reconf: true
global_termination_time: 752008.715
local_termination_time: 331607.73936000007
node_cons: 15440.63898000002
tot_aggregated_send: 10208
tot_msg_rcv: 370
tot_msg_sent: 833
tot_reconf_duration: 11.31
tot_sleeping_duration: 740488.715
tot_uptimes: 193
tot_uptimes_duration: 11520.0
