comms_cons: 141.1764735950837
finished_reconf: true
global_termination_time: 1444208.929
local_termination_time: 258621.12024000048
node_cons: 29676.22684112147
tot_aggregated_send: 19778
tot_msg_rcv: 544
tot_msg_sent: 1136
tot_reconf_duration: 22.65
tot_sleeping_duration: 1422068.9229199989
tot_uptimes: 370
tot_uptimes_duration: 22140.00608000107
