comms_cons: 612.8471553330298
finished_reconf: true
global_termination_time: 6111575.288
local_termination_time: 614410.7359599987
node_cons: 125738.68082669802
tot_aggregated_send: 84796
tot_msg_rcv: 2609
tot_msg_sent: 5746
tot_reconf_duration: 4.8100000000000005
tot_sleeping_duration: 6017675.251520013
tot_uptimes: 1566
tot_uptimes_duration: 93900.0364799865
