comms_cons: 40.5739264001948
finished_reconf: true
global_termination_time: 411945.699
local_termination_time: 33724.74248000002
node_cons: 8441.661620000019
tot_aggregated_send: 5742
tot_msg_rcv: 90
tot_msg_sent: 335
tot_reconf_duration: 4.390000000000001
tot_sleeping_duration: 405645.699
tot_uptimes: 106
tot_uptimes_duration: 6300.0
