comms_cons: 1.5263743999949575
finished_reconf: true
global_termination_time: 18523.826
local_termination_time: 6512.067480000001
node_cons: 328.7339400000016
tot_aggregated_send: 0
tot_msg_rcv: 119
tot_msg_sent: 113
tot_reconf_duration: 5.43
tot_sleeping_duration: 18283.826
tot_uptimes: 5
tot_uptimes_duration: 240.0
