comms_cons: 281.9197824048898
finished_reconf: true
global_termination_time: 2808030.497
local_termination_time: 143088.45836000005
node_cons: 57869.58616781742
tot_aggregated_send: 39730
tot_msg_rcv: 1100
tot_msg_sent: 2020
tot_reconf_duration: 18.21
tot_sleeping_duration: 2764830.454440016
tot_uptimes: 720
tot_uptimes_duration: 43200.04255998391
