comms_cons: 284.4185728214852
finished_reconf: true
global_termination_time: 2810330.897
local_termination_time: 2760408.09404
node_cons: 57853.35266335045
tot_aggregated_send: 38918
tot_msg_rcv: 1468
tot_msg_sent: 2843
tot_reconf_duration: 6.279999999999999
tot_sleeping_duration: 2767130.8787600067
tot_uptimes: 720
tot_uptimes_duration: 43200.01823999337
