comms_cons: 284.9122560065785
finished_reconf: false
global_termination_time: 2810084.129
local_termination_time: 0
node_cons: 57844.82442335009
tot_aggregated_send: 38744
tot_msg_rcv: 1542
tot_msg_sent: 3019
tot_reconf_duration: 0
tot_sleeping_duration: 2766884.110760007
tot_uptimes: 720
tot_uptimes_duration: 43200.01823999337
