comms_cons: 286.0109824253443
finished_reconf: true
global_termination_time: 2807874.909
local_termination_time: 1591368.060239999
node_cons: 57859.69452335003
tot_aggregated_send: 38512
tot_msg_rcv: 1717
tot_msg_sent: 3243
tot_reconf_duration: 10.95
tot_sleeping_duration: 2764674.890760007
tot_uptimes: 720
tot_uptimes_duration: 43200.01823999314
