comms_cons: 287.3136639978901
finished_reconf: true
global_termination_time: 2808988.524
local_termination_time: 1325676.43936
node_cons: 57854.04250670062
tot_aggregated_send: 38628
tot_msg_rcv: 1908
tot_msg_sent: 3134
tot_reconf_duration: 6.77
tot_sleeping_duration: 2765788.487520014
tot_uptimes: 720
tot_uptimes_duration: 43200.03647998627
