comms_cons: 265.4970368132195
finished_reconf: true
global_termination_time: 2809745.326
local_termination_time: 6973.417
node_cons: 57852.69812111611
tot_aggregated_send: 39898
tot_msg_rcv: 163
tot_msg_sent: 293
tot_reconf_duration: 5.8100000000000005
tot_sleeping_duration: 2766545.319920002
tot_uptimes: 720
tot_uptimes_duration: 43200.00607999787
