comms_cons: 44.7225984002439
finished_reconf: true
global_termination_time: 452153.1
local_termination_time: 123695.099
node_cons: 9256.283624480708
tot_aggregated_send: 6432
tot_msg_rcv: 138
tot_msg_sent: 227
tot_reconf_duration: 11.899999999999999
tot_sleeping_duration: 445252.33567999944
tot_uptimes: 116
tot_uptimes_duration: 6900.764320000511
