comms_cons: 44.535232000055544
finished_reconf: true
global_termination_time: 456036.332
local_termination_time: 372503.21336000005
node_cons: 9334.80712112144
tot_aggregated_send: 6612
tot_msg_rcv: 50
tot_msg_sent: 107
tot_reconf_duration: 11.31
tot_sleeping_duration: 449076.3259199989
tot_uptimes: 117
tot_uptimes_duration: 6960.006080001069
