comms_cons: 29.520870400246075
finished_reconf: true
global_termination_time: 296314.539
local_termination_time: 47686.38168000005
node_cons: 6050.229180000005
tot_aggregated_send: 4118
tot_msg_rcv: 154
tot_msg_sent: 215
tot_reconf_duration: 18.21
tot_sleeping_duration: 291814.539
tot_uptimes: 76
tot_uptimes_duration: 4500.0
