comms_cons: 29.02743040001154
finished_reconf: true
global_termination_time: 294931.036
local_termination_time: 124547.31291999982
node_cons: 6031.461620000007
tot_aggregated_send: 4176
tot_msg_rcv: 65
tot_msg_sent: 171
tot_reconf_duration: 4.390000000000001
tot_sleeping_duration: 290431.036
tot_uptimes: 76
tot_uptimes_duration: 4500.000000000002
