comms_cons: 1.697433599994392
finished_reconf: true
global_termination_time: 13612.452
local_termination_time: 4592.109360000001
node_cons: 249.5482400000009
tot_aggregated_send: 0
tot_msg_rcv: 143
tot_msg_sent: 115
tot_reconf_duration: 6.279999999999999
tot_sleeping_duration: 13432.452
tot_uptimes: 4
tot_uptimes_duration: 180.0
