comms_cons: 1.5329535999949357
finished_reconf: true
global_termination_time: 12450.31
local_termination_time: 4705.65336
node_cons: 247.55198000000055
tot_aggregated_send: 0
tot_msg_rcv: 119
tot_msg_sent: 114
tot_reconf_duration: 4.8100000000000005
tot_sleeping_duration: 12270.31
tot_uptimes: 4
tot_uptimes_duration: 180.0
