comms_cons: 11.835980799978447
finished_reconf: true
global_termination_time: 9971.730240000003
local_termination_time: 3467.6660400000014
node_cons: 1903.4751524800108
tot_aggregated_send: 0
tot_msg_rcv: 829
tot_msg_sent: 969
tot_reconf_duration: 18.21
tot_sleeping_duration: 8568.633919999995
tot_uptimes: 22
tot_uptimes_duration: 1403.0963200000083
