comms_cons: 1.5329535999949357
finished_reconf: true
global_termination_time: 13637.583
local_termination_time: 4060.163800000001
node_cons: 248.58406000000022
tot_aggregated_send: 0
tot_msg_rcv: 120
tot_msg_sent: 113
tot_reconf_duration: 5.57
tot_sleeping_duration: 13457.583
tot_uptimes: 4
tot_uptimes_duration: 180.00000000000045
