comms_cons: 1.3280255999966164
finished_reconf: true
global_termination_time: 9668.14648
local_termination_time: 9668.10536
node_cons: 229.83307872000074
tot_aggregated_send: 0
tot_msg_rcv: 103
tot_msg_sent: 98
tot_reconf_duration: 37.410000000000004
tot_sleeping_duration: 9534.442
tot_uptimes: 3
tot_uptimes_duration: 133.70448000000033
