comms_cons: 1.5461119999970034
finished_reconf: true
global_termination_time: 9668.14824000001
local_termination_time: 4207.026360000001
node_cons: 234.151599360014
tot_aggregated_send: 0
tot_msg_rcv: 122
tot_msg_sent: 113
tot_reconf_duration: 6.22
tot_sleeping_duration: 9499.586
tot_uptimes: 3
tot_uptimes_duration: 168.5622400000102
