comms_cons: 552.0235324787517
finished_reconf: true
global_termination_time: 1713696.774
local_termination_time: 470936.64164000086
node_cons: 104364.89962254265
tot_aggregated_send: 0
tot_msg_rcv: 33870
tot_msg_sent: 50034
tot_reconf_duration: 18.21
tot_sleeping_duration: 1635772.8229600107
tot_uptimes: 1281
tot_uptimes_duration: 77923.95103998925
