comms_cons: 227.07559026982923
finished_reconf: true
global_termination_time: 1715205.7
local_termination_time: 473910.873
node_cons: 35311.38648863619
tot_aggregated_send: 0
tot_msg_rcv: 17590
tot_msg_sent: 16926
tot_reconf_duration: 22.65
tot_sleeping_duration: 1688857.2102400027
tot_uptimes: 440
tot_uptimes_duration: 26348.489759997174
