comms_cons: 166.49323519742268
finished_reconf: true
global_termination_time: 1717020.416
local_termination_time: 983396.4263599999
node_cons: 35277.78823999998
tot_aggregated_send: 24882
tot_msg_rcv: 137
tot_msg_sent: 287
tot_reconf_duration: 6.279999999999999
tot_sleeping_duration: 1690680.416
tot_uptimes: 440
tot_uptimes_duration: 26340.0
