comms_cons: 167.23731199702618
finished_reconf: true
global_termination_time: 1712613.946
local_termination_time: 485864.98736
node_cons: 35223.28554111676
tot_aggregated_send: 24476
tot_msg_rcv: 326
tot_msg_sent: 617
tot_reconf_duration: 25.299999999999997
tot_sleeping_duration: 1686333.9399200024
tot_uptimes: 439
tot_uptimes_duration: 26280.006079997635
