comms_cons: 227.6415742686933
finished_reconf: true
global_termination_time: 1713696.774
local_termination_time: 473948.55836
node_cons: 35195.47640335044
tot_aggregated_send: 0
tot_msg_rcv: 17654
tot_msg_sent: 16948
tot_reconf_duration: 4.8100000000000005
tot_sleeping_duration: 1687416.755760007
tot_uptimes: 439
tot_uptimes_duration: 26280.018239992904
