comms_cons: 171.74248959183734
finished_reconf: true
global_termination_time: 1712804.733
local_termination_time: 399890.76536
node_cons: 35194.93860782231
tot_aggregated_send: 23026
tot_msg_rcv: 1036
tot_msg_sent: 2040
tot_reconf_duration: 4.390000000000001
tot_sleeping_duration: 1686524.690440013
tot_uptimes: 439
tot_uptimes_duration: 26280.042559986876
