comms_cons: 204.34767358835327
finished_reconf: true
global_termination_time: 2069313.369
local_termination_time: 1465434.1144399992
node_cons: 42504.010041116206
tot_aggregated_send: 29116
tot_msg_rcv: 604
tot_msg_sent: 1339
tot_reconf_duration: 3.05
tot_sleeping_duration: 2037573.3629200023
tot_uptimes: 530
tot_uptimes_duration: 31740.006079997635
