comms_cons: 343.32904932877705
finished_reconf: true
global_termination_time: 2068863.716
local_termination_time: 1537662.93136
node_cons: 42515.227121116535
tot_aggregated_send: 0
tot_msg_rcv: 26263
tot_msg_sent: 25921
tot_reconf_duration: 11.31
tot_sleeping_duration: 2037123.7099200024
tot_uptimes: 530
tot_uptimes_duration: 31740.006079997635
