comms_cons: 1272.7647586788307
finished_reconf: true
global_termination_time: 7425221.244
local_termination_time: 2112929.9334000004
node_cons: 152734.92522781523
tot_aggregated_send: 0
tot_msg_rcv: 97561
tot_msg_sent: 95888
tot_reconf_duration: 6.279999999999999
tot_sleeping_duration: 7311161.201440015
tot_uptimes: 1902
tot_uptimes_duration: 114060.04255998507
