comms_cons: 730.2977793281318
finished_reconf: true
global_termination_time: 7430551.894
local_termination_time: 4971227.39136
node_cons: 152821.5663822294
tot_aggregated_send: 103008
tot_msg_rcv: 2844
tot_msg_sent: 5149
tot_reconf_duration: 10.95
tot_sleeping_duration: 7316431.881840005
tot_uptimes: 1903
tot_uptimes_duration: 114120.01215999573
