comms_cons: 742.0614594026089
finished_reconf: true
global_termination_time: 7426784.291
local_termination_time: 1926558.4311599983
node_cons: 152741.7722500489
tot_aggregated_send: 101964
tot_msg_rcv: 3510
tot_msg_sent: 7315
tot_reconf_duration: 11.31
tot_sleeping_duration: 7312724.236280019
tot_uptimes: 1902
tot_uptimes_duration: 114060.05471998057
