comms_cons: 19.494169600115107
finished_reconf: true
global_termination_time: 176313.056
local_termination_time: 82206.94047999996
node_cons: 3640.0780267206183
tot_aggregated_send: 2030
tot_msg_rcv: 363
tot_msg_sent: 570
tot_reconf_duration: 18.21
tot_sleeping_duration: 173613.01951999954
tot_uptimes: 46
tot_uptimes_duration: 2700.0364800004536
