comms_cons: 1975.1379127645425
finished_reconf: true
global_termination_time: 6775241.628119999
local_termination_time: 6775241.586999998
node_cons: 276575.7764836743
tot_aggregated_send: 0
tot_msg_rcv: 100653
tot_msg_sent: 199556
tot_reconf_duration: 37.410000000000004
tot_sleeping_duration: 6568725.590999999
tot_uptimes: 3417
tot_uptimes_duration: 206516.03711999982
