comms_cons: 675.9519425535827
finished_reconf: true
global_termination_time: 6778666.513
local_termination_time: 2563615.641279999
node_cons: 139410.8049900496
tot_aggregated_send: 94250
tot_msg_rcv: 2885
tot_msg_sent: 5605
tot_reconf_duration: 15.34
tot_sleeping_duration: 6674566.458280019
tot_uptimes: 1736
tot_uptimes_duration: 104100.05471998086
