comms_cons: 676.5876737657086
finished_reconf: true
global_termination_time: 6778304.572
local_termination_time: 2579064.95836
node_cons: 139398.48522781578
tot_aggregated_send: 94076
tot_msg_rcv: 3035
tot_msg_sent: 5725
tot_reconf_duration: 6.279999999999999
tot_sleeping_duration: 6674204.529440015
tot_uptimes: 1736
tot_uptimes_duration: 104100.04255998507
