comms_cons: 669.2449857068228
finished_reconf: true
global_termination_time: 6775757.948
local_termination_time: 3439945.3781199977
node_cons: 139403.199369258
tot_aggregated_send: 94888
tot_msg_rcv: 2073
tot_msg_sent: 4760
tot_reconf_duration: 8.09
tot_sleeping_duration: 6671656.220480013
tot_uptimes: 1736
tot_uptimes_duration: 104101.72751998715
