comms_cons: 663.253305676244
finished_reconf: true
global_termination_time: 6777175.655
local_termination_time: 5079691.296359999
node_cons: 139406.0601999947
tot_aggregated_send: 96338
tot_msg_rcv: 1507
tot_msg_sent: 2965
tot_reconf_duration: 11.899999999999999
tot_sleeping_duration: 6673075.654999999
tot_uptimes: 1736
tot_uptimes_duration: 104100.00000000003
