comms_cons: 158.72261119149977
finished_reconf: true
global_termination_time: 1569939.473
local_termination_time: 493229.7863600001
node_cons: 32307.323983350558
tot_aggregated_send: 21982
tot_msg_rcv: 808
tot_msg_sent: 1334
tot_reconf_duration: 7.819999999999999
tot_sleeping_duration: 1545819.454760007
tot_uptimes: 403
tot_uptimes_duration: 24120.018239992904
