comms_cons: 162.22584317960167
finished_reconf: true
global_termination_time: 1568507.647
local_termination_time: 454341.82836000004
node_cons: 32231.780391182165
tot_aggregated_send: 20590
tot_msg_rcv: 1395
tot_msg_sent: 2674
tot_reconf_duration: 11.31
tot_sleeping_duration: 1544447.5862000135
tot_uptimes: 402
tot_uptimes_duration: 24060.060799986648
