comms_cons: 379.51608322012186
finished_reconf: true
global_termination_time: 3853894.529
local_termination_time: 2646507.9379999996
node_cons: 79226.75146319174
tot_aggregated_send: 52777
tot_msg_rcv: 1564
tot_msg_sent: 3342
tot_reconf_duration: 6.22
tot_sleeping_duration: 3794732.2402000045
tot_uptimes: 987
tot_uptimes_duration: 59162.28879999556
