comms_cons: 384.968934463433
finished_reconf: true
global_termination_time: 3848189.312239997
local_termination_time: 68284.13847999998
node_cons: 79169.35140605667
tot_aggregated_send: 54056
tot_msg_rcv: 1432
tot_msg_sent: 3023
tot_reconf_duration: 11.31
tot_sleeping_duration: 3789075.053520013
tot_uptimes: 986
tot_uptimes_duration: 59114.258719984005
