comms_cons: 199.5375167898577
finished_reconf: true
global_termination_time: 2003475.15948
local_termination_time: 2003475.11836
node_cons: 41266.18794207804
tot_aggregated_send: 28580
tot_msg_rcv: 579
tot_msg_sent: 1169
tot_reconf_duration: 24.59
tot_sleeping_duration: 1972681.4367600011
tot_uptimes: 514
tot_uptimes_duration: 30793.72271999876
