comms_cons: 182.63530872164165
finished_reconf: true
global_termination_time: 923424.641
local_termination_time: 618840.3970399994
node_cons: 18964.390041116923
tot_aggregated_send: 0
tot_msg_rcv: 14070
tot_msg_sent: 13690
tot_reconf_duration: 3.05
tot_sleeping_duration: 909264.6349200023
tot_uptimes: 237
tot_uptimes_duration: 14160.006079997635
