comms_cons: 92.19432959615564
finished_reconf: true
global_termination_time: 923509.97
local_termination_time: 135781.0806000001
node_cons: 18968.69490111686
tot_aggregated_send: 13050
tot_msg_rcv: 326
tot_msg_sent: 637
tot_reconf_duration: 6.22
tot_sleeping_duration: 909349.9639200023
tot_uptimes: 237
tot_uptimes_duration: 14160.006079997635
