comms_cons: 291.5591296363413
finished_reconf: true
global_termination_time: 2866429.573119991
local_termination_time: 138539.98760000008
node_cons: 59055.862455260234
tot_aggregated_send: 39092
tot_msg_rcv: 1811
tot_msg_sent: 3413
tot_reconf_duration: 22.65
tot_sleeping_duration: 2822348.0916000046
tot_uptimes: 735
tot_uptimes_duration: 44081.48151998606
