comms_cons: 405.00897279378313
finished_reconf: true
global_termination_time: 4167124.257
local_termination_time: 2180324.124
node_cons: 85747.01536207453
tot_aggregated_send: 59849
tot_msg_rcv: 548
tot_msg_sent: 1162
tot_reconf_duration: 13.17
tot_sleeping_duration: 4103099.5142800026
tot_uptimes: 1068
tot_uptimes_duration: 64024.74271999765
