comms_cons: 406.8840448311586
finished_reconf: true
global_termination_time: 4107599.942
local_termination_time: 2707661.6633599997
node_cons: 84462.06917999776
tot_aggregated_send: 59160
tot_msg_rcv: 903
tot_msg_sent: 1781
tot_reconf_duration: 18.21
tot_sleeping_duration: 4044539.942
tot_uptimes: 1052
tot_uptimes_duration: 63060.0
