comms_cons: 414.85671685540433
finished_reconf: true
global_termination_time: 4106645.979
local_termination_time: 360659.87136000005
node_cons: 84455.30627116737
tot_aggregated_send: 56898
tot_msg_rcv: 2095
tot_msg_sent: 4063
tot_reconf_duration: 13.17
tot_sleeping_duration: 4043585.9182000225
tot_uptimes: 1052
tot_uptimes_duration: 63060.06079997728
