comms_cons: 414.18067206589023
finished_reconf: true
global_termination_time: 4103155.188
local_termination_time: 1088315.1363599997
node_cons: 84377.58509809118
tot_aggregated_send: 57014
tot_msg_rcv: 2054
tot_msg_sent: 3885
tot_reconf_duration: 15.110000000000001
tot_sleeping_duration: 4040155.13892002
tot_uptimes: 1051
tot_uptimes_duration: 63000.049079980236
