comms_cons: 414.6193856781253
finished_reconf: true
global_termination_time: 4103356.078
local_termination_time: 2675959.6116
node_cons: 84363.58896781696
tot_aggregated_send: 57246
tot_msg_rcv: 2114
tot_msg_sent: 3659
tot_reconf_duration: 4.8100000000000005
tot_sleeping_duration: 4040356.035440016
tot_uptimes: 1051
tot_uptimes_duration: 63000.04255998437
