comms_cons: 413.45038085378206
finished_reconf: true
global_termination_time: 4104168.214
local_termination_time: 405029.19936
node_cons: 84444.77987233421
tot_aggregated_send: 56434
tot_msg_rcv: 2107
tot_msg_sent: 4301
tot_reconf_duration: 5.43
tot_sleeping_duration: 4041108.164760018
tot_uptimes: 1052
tot_uptimes_duration: 63060.049239982385
