comms_cons: 81.03663359783546
finished_reconf: true
global_termination_time: 786562.607
local_termination_time: 238615.7872400005
node_cons: 16182.729964481172
tot_aggregated_send: 10324
tot_msg_rcv: 781
tot_msg_sent: 1213
tot_reconf_duration: 25.299999999999997
tot_sleeping_duration: 774502.5826799992
tot_uptimes: 202
tot_uptimes_duration: 12060.02432000084
