comms_cons: 78.75960319966087
finished_reconf: true
global_termination_time: 788078.956
local_termination_time: 385721.4953600006
node_cons: 16152.506323359781
tot_aggregated_send: 10788
tot_msg_rcv: 362
tot_msg_sent: 821
tot_reconf_duration: 3.05
tot_sleeping_duration: 776018.9377600002
tot_uptimes: 202
tot_uptimes_duration: 12060.018239999772
