comms_cons: 95.49050880102006
finished_reconf: true
global_termination_time: 980247.069
local_termination_time: 543280.1463599999
node_cons: 20171.30976112148
tot_aggregated_send: 13398
tot_msg_rcv: 411
tot_msg_sent: 705
tot_reconf_duration: 4.390000000000001
tot_sleeping_duration: 965187.062919999
tot_uptimes: 252
tot_uptimes_duration: 15060.006080001069
