comms_cons: 95.09575680083381
finished_reconf: true
global_termination_time: 979081.83
local_termination_time: 187059.0846400004
node_cons: 20089.150041121447
tot_aggregated_send: 13514
tot_msg_rcv: 301
tot_msg_sent: 639
tot_reconf_duration: 3.05
tot_sleeping_duration: 964081.823919999
tot_uptimes: 251
tot_uptimes_duration: 15000.006080001069
