comms_cons: 97.93727359621298
finished_reconf: true
global_termination_time: 977225.097
local_termination_time: 64317.51136000001
node_cons: 20095.63584224289
tot_aggregated_send: 13688
tot_msg_rcv: 388
tot_msg_sent: 809
tot_reconf_duration: 7.819999999999999
tot_sleeping_duration: 962225.0848399978
tot_uptimes: 251
tot_uptimes_duration: 15000.012160002138
