comms_cons: 78.13520639967078
finished_reconf: true
global_termination_time: 762278.363
local_termination_time: 472730.234480001
node_cons: 15675.716982721282
tot_aggregated_send: 10208
tot_msg_rcv: 600
tot_msg_sent: 1069
tot_reconf_duration: 5.1
tot_sleeping_duration: 750576.502519999
tot_uptimes: 196
tot_uptimes_duration: 11701.860480000963
