comms_cons: 76.95690239953004
finished_reconf: true
global_termination_time: 764024.479
local_termination_time: 350132.04148
node_cons: 15672.269761116795
tot_aggregated_send: 10382
tot_msg_rcv: 503
tot_msg_sent: 812
tot_reconf_duration: 4.390000000000001
tot_sleeping_duration: 752324.4729200024
tot_uptimes: 196
tot_uptimes_duration: 11700.006079997635
