comms_cons: 76.7059199980777
finished_reconf: true
global_termination_time: 763171.055
local_termination_time: 571795.0363999982
node_cons: 15674.74676000014
tot_aggregated_send: 9976
tot_msg_rcv: 571
tot_msg_sent: 1112
tot_reconf_duration: 6.22
tot_sleeping_duration: 751471.055
tot_uptimes: 196
tot_uptimes_duration: 11700.0
