comms_cons: 110.62209281323351
finished_reconf: true
global_termination_time: 378173.91232000064
local_termination_time: 378173.87120000063
node_cons: 15569.889863721512
tot_aggregated_send: 0
tot_msg_rcv: 5610
tot_msg_sent: 11202
tot_reconf_duration: 24.59
tot_sleeping_duration: 366570.85283999954
tot_uptimes: 193
tot_uptimes_duration: 11603.059480001102
