comms_cons: 37.75802880012203
finished_reconf: true
global_termination_time: 380830.685
local_termination_time: 51985.163080000035
node_cons: 7803.599560000009
tot_aggregated_send: 5394
tot_msg_rcv: 119
tot_msg_sent: 226
tot_reconf_duration: 7.819999999999999
tot_sleeping_duration: 375010.685
tot_uptimes: 98
tot_uptimes_duration: 5820.0
