comms_cons: 36.83596799995657
finished_reconf: true
global_termination_time: 378174.61296000023
local_termination_time: 378159.25736000005
node_cons: 7767.926567440324
tot_aggregated_send: 5510
tot_msg_rcv: 22
tot_msg_sent: 66
tot_reconf_duration: 11.31
tot_sleeping_duration: 372384.794
tot_uptimes: 97
tot_uptimes_duration: 5789.818960000237
