comms_cons: 279.98568960776055
finished_reconf: true
global_termination_time: 751482.423
local_termination_time: 148729.66492000074
node_cons: 45985.879167487685
tot_aggregated_send: 0
tot_msg_rcv: 17111
tot_msg_sent: 25446
tot_reconf_duration: 18.21
tot_sleeping_duration: 717157.4416799939
tot_uptimes: 566
tot_uptimes_duration: 34324.98132000613
