comms_cons: 114.66229760432853
finished_reconf: true
global_termination_time: 751482.423
local_termination_time: 155703.55336000005
node_cons: 15456.054982242875
tot_aggregated_send: 0
tot_msg_rcv: 8911
tot_msg_sent: 8517
tot_reconf_duration: 22.65
tot_sleeping_duration: 739962.4108399978
tot_uptimes: 193
tot_uptimes_duration: 11520.012160002138
