comms_cons: 73.4373439994694
finished_reconf: true
global_termination_time: 752536.087
local_termination_time: 496013.21628000075
node_cons: 15431.241619999962
tot_aggregated_send: 10440
tot_msg_rcv: 228
tot_msg_sent: 494
tot_reconf_duration: 4.390000000000001
tot_sleeping_duration: 741016.087
tot_uptimes: 193
tot_uptimes_duration: 11520.0
