comms_cons: 73.01596160003062
finished_reconf: true
global_termination_time: 750948.311
local_termination_time: 540429.4253599999
node_cons: 15440.638979999938
tot_aggregated_send: 10846
tot_msg_rcv: 71
tot_msg_sent: 181
tot_reconf_duration: 11.31
tot_sleeping_duration: 739428.311
tot_uptimes: 193
tot_uptimes_duration: 11520.0
