comms_cons: 30.436006399932086
finished_reconf: true
global_termination_time: 13090.643240000003
local_termination_time: 1809.5420400000014
node_cons: 3756.4577473200643
tot_aggregated_send: 0
tot_msg_rcv: 2274
tot_msg_sent: 2352
tot_reconf_duration: 18.21
tot_sleeping_duration: 10303.691359999955
tot_uptimes: 44
tot_uptimes_duration: 2786.9518800000465
