comms_cons: 107.42517759531222
finished_reconf: true
global_termination_time: 1069056.159
local_termination_time: 463133.27836000005
node_cons: 21939.368262233696
tot_aggregated_send: 15138
tot_msg_rcv: 494
tot_msg_sent: 696
tot_reconf_duration: 4.8100000000000005
tot_sleeping_duration: 1052676.1468400047
tot_uptimes: 274
tot_uptimes_duration: 16380.012159995269
