comms_cons: 491.5365248474527
finished_reconf: true
global_termination_time: 4949917.162759998
local_termination_time: 4949917.121639998
node_cons: 101904.46758687247
tot_aggregated_send: 71210
tot_msg_rcv: 1185
tot_msg_sent: 2314
tot_reconf_duration: 24.59
tot_sleeping_duration: 4873837.19684
tot_uptimes: 1268
tot_uptimes_duration: 76079.96591999679
