comms_cons: 495.58448008197365
finished_reconf: true
global_termination_time: 4952845.054
local_termination_time: 272167.3993600001
node_cons: 101901.92754670362
tot_aggregated_send: 69136
tot_msg_rcv: 2140
tot_msg_sent: 4049
tot_reconf_duration: 22.65
tot_sleeping_duration: 4876765.01752001
tot_uptimes: 1269
tot_uptimes_duration: 76080.03647998994
