comms_cons: 496.5649857261386
finished_reconf: true
global_termination_time: 4950418.434
local_termination_time: 701492.20136
node_cons: 101794.97074669907
tot_aggregated_send: 67338
tot_msg_rcv: 2705
tot_msg_sent: 5430
tot_reconf_duration: 3.05
tot_sleeping_duration: 4874398.397520014
tot_uptimes: 1268
tot_uptimes_duration: 76020.0364799865
