comms_cons: 215.37073918899284
finished_reconf: true
global_termination_time: 2197292.642
local_termination_time: 1340081.1403999992
node_cons: 45161.70770111644
tot_aggregated_send: 30914
tot_msg_rcv: 641
tot_msg_sent: 1181
tot_reconf_duration: 7.819999999999999
tot_sleeping_duration: 2163572.635920002
tot_uptimes: 563
tot_uptimes_duration: 33720.006079997635
