comms_cons: 158.62451198748082
finished_reconf: true
global_termination_time: 1566857.108
local_termination_time: 413348.78836
node_cons: 32241.73459999999
tot_aggregated_send: 21692
tot_msg_rcv: 869
tot_msg_sent: 1549
tot_reconf_duration: 18.700000000000003
tot_sleeping_duration: 1542797.108
tot_uptimes: 402
tot_uptimes_duration: 24060.0
