comms_cons: 157.90737918922827
finished_reconf: true
global_termination_time: 1567196.733
local_termination_time: 784403.6677999983
node_cons: 32231.739685588727
tot_aggregated_send: 21402
tot_msg_rcv: 744
tot_msg_sent: 1855
tot_reconf_duration: 11.31
tot_sleeping_duration: 1543136.7026000083
tot_uptimes: 402
tot_uptimes_duration: 24060.030399991607
