comms_cons: 656.0120315574927
finished_reconf: true
global_termination_time: 1617674.437
local_termination_time: 742205.4975999998
node_cons: 98472.76918899085
tot_aggregated_send: 0
tot_msg_rcv: 40190
tot_msg_sent: 59520
tot_reconf_duration: 4.390000000000001
tot_sleeping_duration: 1544136.8660000048
tot_uptimes: 1212
tot_uptimes_duration: 73537.57099999515
