comms_cons: 157.14940159250955
finished_reconf: true
global_termination_time: 1618347.326
local_termination_time: 773635.6423599999
node_cons: 33271.38770111695
tot_aggregated_send: 22214
tot_msg_rcv: 497
tot_msg_sent: 1174
tot_reconf_duration: 7.819999999999999
tot_sleeping_duration: 1593507.3199200023
tot_uptimes: 415
tot_uptimes_duration: 24840.006079997635
