comms_cons: 528.5425341095789
finished_reconf: true
global_termination_time: 1091144.1140799986
local_termination_time: 1091144.0729599986
node_cons: 66494.74117353151
tot_aggregated_send: 0
tot_msg_rcv: 32395
tot_msg_sent: 47938
tot_reconf_duration: 37.410000000000004
tot_sleeping_duration: 1041522.0540400189
tot_uptimes: 817
tot_uptimes_duration: 49622.06003997971
