comms_cons: 111.55183998987252
finished_reconf: true
global_termination_time: 1091893.947
local_termination_time: 416532.73536000005
node_cons: 22421.850928934662
tot_aggregated_send: 14442
tot_msg_rcv: 885
tot_msg_sent: 1628
tot_reconf_duration: 5.1
tot_sleeping_duration: 1075153.8983600189
tot_uptimes: 280
tot_uptimes_duration: 16740.048639981076
