comms_cons: 112.93002238883636
finished_reconf: true
global_termination_time: 1091966.427
local_termination_time: 443600.4101600003
node_cons: 22432.777424467342
tot_aggregated_send: 14268
tot_msg_rcv: 985
tot_msg_sent: 1911
tot_reconf_duration: 13.17
tot_sleeping_duration: 1075226.4026800094
tot_uptimes: 280
tot_uptimes_duration: 16740.024319990538
