comms_cons: 109.83379199399145
finished_reconf: true
global_termination_time: 1091325.895
local_termination_time: 479488.58936000004
node_cons: 22435.40380335511
tot_aggregated_send: 15022
tot_msg_rcv: 579
tot_msg_sent: 1093
tot_reconf_duration: 15.110000000000001
tot_sleeping_duration: 1074585.8767600036
tot_uptimes: 280
tot_uptimes_duration: 16740.018239996338
