comms_cons: 111.0109759917208
finished_reconf: true
global_termination_time: 1092453.649
local_termination_time: 559977.8373599999
node_cons: 22432.0522455888
tot_aggregated_send: 14384
tot_msg_rcv: 707
tot_msg_sent: 1781
tot_reconf_duration: 12.629999999999999
tot_sleeping_duration: 1075713.6186000083
tot_uptimes: 280
tot_uptimes_duration: 16740.030399991607
