comms_cons: 113.89911039116679
finished_reconf: true
global_termination_time: 1096394.925
local_termination_time: 262173.28040000034
node_cons: 22501.813391182226
tot_aggregated_send: 14674
tot_msg_rcv: 1061
tot_msg_sent: 1577
tot_reconf_duration: 4.8100000000000005
tot_sleeping_duration: 1079594.8642000135
tot_uptimes: 281
tot_uptimes_duration: 16800.060799986706
