comms_cons: 111.99543038932086
finished_reconf: true
global_termination_time: 1091490.843
local_termination_time: 312666.81548000005
node_cons: 22423.347465593353
tot_aggregated_send: 14442
tot_msg_rcv: 837
tot_msg_sent: 1744
tot_reconf_duration: 6.22
tot_sleeping_duration: 1074750.812600005
tot_uptimes: 280
tot_uptimes_duration: 16740.03039999504
