comms_cons: 112.89311998928156
finished_reconf: true
global_termination_time: 1094828.464
local_termination_time: 320477.85828000034
node_cons: 22510.624108939286
tot_aggregated_send: 14442
tot_msg_rcv: 976
tot_msg_sent: 1742
tot_reconf_duration: 11.31
tot_sleeping_duration: 1078028.4153600156
tot_uptimes: 281
tot_uptimes_duration: 16800.04863998451
