comms_cons: 113.34417918675368
finished_reconf: true
global_termination_time: 1091910.141
local_termination_time: 353051.0142400009
node_cons: 22422.392798950048
tot_aggregated_send: 14500
tot_msg_rcv: 1044
tot_msg_sent: 1683
tot_reconf_duration: 5.43
tot_sleeping_duration: 1075170.0223600075
tot_uptimes: 280
tot_uptimes_duration: 16740.11863999255
