comms_cons: 172.91663358907118
finished_reconf: true
global_termination_time: 1720921.791
local_termination_time: 57318.51392000006
node_cons: 35353.76632335504
tot_aggregated_send: 24012
tot_msg_rcv: 757
tot_msg_sent: 1514
tot_reconf_duration: 3.05
tot_sleeping_duration: 1694521.7727600038
tot_uptimes: 441
tot_uptimes_duration: 26400.018239996338
