comms_cons: 170.0657407950468
finished_reconf: true
global_termination_time: 1720044.28
local_termination_time: 1197802.9625999988
node_cons: 35364.95898000002
tot_aggregated_send: 24940
tot_msg_rcv: 339
tot_msg_sent: 570
tot_reconf_duration: 11.31
tot_sleeping_duration: 1693644.28
tot_uptimes: 441
tot_uptimes_duration: 26400.0
