comms_cons: 10.105011200006704
finished_reconf: true
global_termination_time: 88253.704
local_termination_time: 38513.18324000019
node_cons: 1799.0352889602775
tot_aggregated_send: 348
tot_msg_rcv: 366
tot_msg_sent: 822
tot_reconf_duration: 15.34
tot_sleeping_duration: 86925.69535999978
tot_uptimes: 23
tot_uptimes_duration: 1328.008640000211
