comms_cons: 12.756134400000885
finished_reconf: true
global_termination_time: 89410.833
local_termination_time: 9981.008560000004
node_cons: 1785.3974244800252
tot_aggregated_send: 290
tot_msg_rcv: 763
tot_msg_sent: 890
tot_reconf_duration: 13.17
tot_sleeping_duration: 88090.80867999999
tot_uptimes: 23
tot_uptimes_duration: 1320.0243200000186
