comms_cons: 91.49600001142139
finished_reconf: true
global_termination_time: 425322.4097200005
local_termination_time: 425322.3686000005
node_cons: 8762.513324651365
tot_aggregated_send: 0
tot_msg_rcv: 7570
tot_msg_sent: 6336
tot_reconf_duration: 24.59
tot_sleeping_duration: 418803.2759599921
tot_uptimes: 109
tot_uptimes_duration: 6519.1337600084735
