comms_cons: 42.081190400129735
finished_reconf: true
global_termination_time: 425322.45636000007
local_termination_time: 22418.40436
node_cons: 8686.912110159215
tot_aggregated_send: 5916
tot_msg_rcv: 132
tot_msg_sent: 347
tot_reconf_duration: 4.390000000000001
tot_sleeping_duration: 418839.29692000063
tot_uptimes: 109
tot_uptimes_duration: 6483.1594399994065
