comms_cons: 268.5730304382025
finished_reconf: true
global_termination_time: 2809606.029
local_termination_time: 1277.8641200000002
node_cons: 57854.92247005205
tot_aggregated_send: 38338
tot_msg_rcv: 847
tot_msg_sent: 1636
tot_reconf_duration: 7.3999999999999995
tot_sleeping_duration: 2766405.97428002
tot_uptimes: 720
tot_uptimes_duration: 43200.054719979875
