comms_cons: 282.2494912255981
finished_reconf: true
global_termination_time: 2807764.173
local_termination_time: 6278.055
node_cons: 57861.48975116824
tot_aggregated_send: 39137
tot_msg_rcv: 1281
tot_msg_sent: 2481
tot_reconf_duration: 12.23
tot_sleeping_duration: 2764564.112200023
tot_uptimes: 720
tot_uptimes_duration: 43200.060799977044
