comms_cons: 105.39781119776816
finished_reconf: true
global_termination_time: 1066180.22
local_termination_time: 957812.4442799994
node_cons: 21943.439560000123
tot_aggregated_send: 15312
tot_msg_rcv: 237
tot_msg_sent: 470
tot_reconf_duration: 7.819999999999999
tot_sleeping_duration: 1049800.22
tot_uptimes: 274
tot_uptimes_duration: 16380.0
