comms_cons: 198.74447358863452
finished_reconf: true
global_termination_time: 1998124.532119999
local_termination_time: 1998124.490999999
node_cons: 41136.52068173213
tot_aggregated_send: 28406
tot_msg_rcv: 544
tot_msg_sent: 1257
tot_reconf_duration: 24.59
tot_sleeping_duration: 1967427.6482800196
tot_uptimes: 512
tot_uptimes_duration: 30696.883839979404
