comms_cons: 200.31528318845656
finished_reconf: true
global_termination_time: 1998125.40824
local_termination_time: 4431.058480000001
node_cons: 41098.905854943914
tot_aggregated_send: 28072
tot_msg_rcv: 848
tot_msg_sent: 1525
tot_reconf_duration: 18.21
tot_sleeping_duration: 1967450.1456000118
tot_uptimes: 512
tot_uptimes_duration: 30675.262639988214
