comms_cons: 195.26002559319173
finished_reconf: true
global_termination_time: 2001053.589
local_termination_time: 1277522.5985599984
node_cons: 41142.53490111648
tot_aggregated_send: 27840
tot_msg_rcv: 668
tot_msg_sent: 1170
tot_reconf_duration: 6.22
tot_sleeping_duration: 1970333.5829200023
tot_uptimes: 513
tot_uptimes_duration: 30720.006079997635
