comms_cons: 205.94017278603178
finished_reconf: true
global_termination_time: 2063352.097
local_termination_time: 466643.30664000043
node_cons: 42450.31940558842
tot_aggregated_send: 28304
tot_msg_rcv: 997
tot_msg_sent: 1999
tot_reconf_duration: 22.65
tot_sleeping_duration: 2031672.0666000084
tot_uptimes: 529
tot_uptimes_duration: 31680.030399991607
