comms_cons: 382.1590972821361
finished_reconf: true
global_termination_time: 2064707.579
local_termination_time: 490790.78424
node_cons: 42426.076403350125
tot_aggregated_send: 0
tot_msg_rcv: 29310
tot_msg_sent: 28775
tot_reconf_duration: 4.8100000000000005
tot_sleeping_duration: 2033027.560760007
tot_uptimes: 529
tot_uptimes_duration: 31680.018239992904
