comms_cons: 52.89081600036255
finished_reconf: true
global_termination_time: 534059.815
local_termination_time: 29729.573080000002
node_cons: 10934.686760000011
tot_aggregated_send: 7598
tot_msg_rcv: 156
tot_msg_sent: 285
tot_reconf_duration: 6.22
tot_sleeping_duration: 525899.815
tot_uptimes: 137
tot_uptimes_duration: 8160.0
