comms_cons: 372.01062399804545
finished_reconf: true
global_termination_time: 3753211.927
local_termination_time: 2817290.4673599997
node_cons: 77241.10554111503
tot_aggregated_send: 52200
tot_msg_rcv: 1519
tot_msg_sent: 2825
tot_reconf_duration: 25.299999999999997
tot_sleeping_duration: 3695551.9209200023
tot_uptimes: 962
tot_uptimes_duration: 57660.00607999787
