comms_cons: 371.46741121149154
finished_reconf: true
global_termination_time: 3751144.964
local_termination_time: 788504.8091599983
node_cons: 77130.5907466995
tot_aggregated_send: 52490
tot_msg_rcv: 1307
tot_msg_sent: 2663
tot_reconf_duration: 3.05
tot_sleeping_duration: 3693544.9275200143
tot_uptimes: 961
tot_uptimes_duration: 57600.03647998604
