comms_cons: 374.36407046703744
finished_reconf: true
global_termination_time: 3750464.509
local_termination_time: 1282265.51136
node_cons: 77141.80782670015
tot_aggregated_send: 51678
tot_msg_rcv: 1645
tot_msg_sent: 3577
tot_reconf_duration: 11.31
tot_sleeping_duration: 3692864.4725200133
tot_uptimes: 961
tot_uptimes_duration: 57600.036479986506
