comms_cons: 75.02919679973985
finished_reconf: true
global_termination_time: 744325.626
local_termination_time: 235118.3611600003
node_cons: 15289.337321121442
tot_aggregated_send: 10266
tot_msg_rcv: 451
tot_msg_sent: 687
tot_reconf_duration: 18.21
tot_sleeping_duration: 732925.619919999
tot_uptimes: 191
tot_uptimes_duration: 11400.006080001069
