comms_cons: 76.28645119917738
finished_reconf: true
global_termination_time: 742561.099
local_termination_time: 211479.65899999999
node_cons: 15303.848388483933
tot_aggregated_send: 9568
tot_msg_rcv: 700
tot_msg_sent: 1327
tot_reconf_duration: 22.65
tot_sleeping_duration: 731154.7586799972
tot_uptimes: 191
tot_uptimes_duration: 11406.340320002928
