comms_cons: 312.3117568270809
finished_reconf: true
global_termination_time: 3109953.874
local_termination_time: 92939.61703999955
node_cons: 63978.614808849125
tot_aggregated_send: 43616
tot_msg_rcv: 1304
tot_msg_sent: 2549
tot_reconf_duration: 18.21
tot_sleeping_duration: 3062191.4500800218
tot_uptimes: 797
tot_uptimes_duration: 47762.4239199779
