comms_cons: 1312.202374877372
finished_reconf: true
global_termination_time: 3109932.279
local_termination_time: 1654420.7074799999
node_cons: 187690.8868183401
tot_aggregated_send: 0
tot_msg_rcv: 80886
tot_msg_sent: 118562
tot_reconf_duration: 5.57
tot_sleeping_duration: 2969765.4957600106
tot_uptimes: 2299
tot_uptimes_duration: 140166.7832399898
