comms_cons: 301.9069567847946
finished_reconf: true
global_termination_time: 3107343.33
local_termination_time: 2167656.20248
node_cons: 63874.5032070333
tot_aggregated_send: 42978
tot_msg_rcv: 974
tot_msg_sent: 1936
tot_reconf_duration: 3.08
tot_sleeping_duration: 3059643.314640004
tot_uptimes: 796
tot_uptimes_duration: 47700.01535999589
