comms_cons: 314.46664962706785
finished_reconf: true
global_termination_time: 3107674.869
local_termination_time: 1485000.769599998
node_cons: 63897.89722574673
tot_aggregated_send: 43036
tot_msg_rcv: 1686
tot_msg_sent: 3076
tot_reconf_duration: 11.31
tot_sleeping_duration: 3059965.729160009
tot_uptimes: 796
tot_uptimes_duration: 47709.139839990996
