comms_cons: 313.66461441536376
finished_reconf: true
global_termination_time: 3111732.39
local_termination_time: 1533186.7944799997
node_cons: 63958.046504466256
tot_aggregated_send: 42862
tot_msg_rcv: 1621
tot_msg_sent: 3193
tot_reconf_duration: 5.43
tot_sleeping_duration: 3063972.365680009
tot_uptimes: 797
tot_uptimes_duration: 47760.02431999077
