comms_cons: 51.410496000298544
finished_reconf: true
global_termination_time: 517865.939
local_termination_time: 342585.11100000003
node_cons: 10622.943652882805
tot_aggregated_send: 7009
tot_msg_rcv: 281
tot_msg_sent: 524
tot_reconf_duration: 11.31
tot_sleeping_duration: 509943.9190799979
tot_uptimes: 133
tot_uptimes_duration: 7922.019920002087
