comms_cons: 26.6194432002902
finished_reconf: true
global_termination_time: 265829.2597200007
local_termination_time: 108066.43831999962
node_cons: 5538.346741202301
tot_aggregated_send: 3712
tot_msg_rcv: 80
tot_msg_sent: 254
tot_reconf_duration: 11.31
tot_sleeping_duration: 261704.54891999895
tot_uptimes: 69
tot_uptimes_duration: 4124.710800001703
