comms_cons: 29.32349440286042
finished_reconf: true
global_termination_time: 297447.849
local_termination_time: 3228.16012
node_cons: 6122.464622241729
tot_aggregated_send: 0
tot_msg_rcv: 59
tot_msg_sent: 4398
tot_reconf_duration: 12.23
tot_sleeping_duration: 292887.8368399987
tot_uptimes: 77
tot_uptimes_duration: 4560.012160001286
