comms_cons: 2.3558719999958564
finished_reconf: true
global_termination_time: 16063.57
local_termination_time: 5686.017640000004
node_cons: 333.7313799999996
tot_aggregated_send: 0
tot_msg_rcv: 245
tot_msg_sent: 113
tot_reconf_duration: 9.11
tot_sleeping_duration: 15823.57
tot_uptimes: 5
tot_uptimes_duration: 240.0
