comms_cons: 1.6513791999987286
finished_reconf: true
global_termination_time: 17360.336
local_termination_time: 6451.299360000001
node_cons: 328.7339400000004
tot_aggregated_send: 0
tot_msg_rcv: 134
tot_msg_sent: 117
tot_reconf_duration: 5.43
tot_sleeping_duration: 17120.336
tot_uptimes: 5
tot_uptimes_duration: 240.0
