comms_cons: 43.87010560018632
finished_reconf: true
global_termination_time: 442834.137
local_termination_time: 38265.11336000001
node_cons: 9085.802081119164
tot_aggregated_send: 6322
tot_msg_rcv: 119
tot_msg_sent: 227
tot_reconf_duration: 5.43
tot_sleeping_duration: 436054.13092000067
tot_uptimes: 114
tot_uptimes_duration: 6780.006079999366
