comms_cons: 1.4211071999953055
finished_reconf: true
global_termination_time: 16509.0
local_termination_time: 4529.48736
node_cons: 355.7174000000002
tot_aggregated_send: 0
tot_msg_rcv: 121
tot_msg_sent: 95
tot_reconf_duration: 25.299999999999997
tot_sleeping_duration: 16269.0
tot_uptimes: 5
tot_uptimes_duration: 240.0
