comms_cons: 1.5395327999970252
finished_reconf: true
global_termination_time: 14937.994
local_termination_time: 6455.54636
node_cons: 248.3939400000004
tot_aggregated_send: 0
tot_msg_rcv: 121
tot_msg_sent: 113
tot_reconf_duration: 5.43
tot_sleeping_duration: 14757.994
tot_uptimes: 4
tot_uptimes_duration: 180.0
