comms_cons: 15.630156799985324
finished_reconf: true
global_termination_time: 3382.7264400000004
local_termination_time: 3382.6853200000005
node_cons: 1765.6004141600013
tot_aggregated_send: 0
tot_msg_rcv: 1116
tot_msg_sent: 1257
tot_reconf_duration: 37.410000000000004
tot_sleeping_duration: 2102.071
tot_uptimes: 19
tot_uptimes_duration: 1280.6554400000002
