comms_cons: 13.710003199768849
finished_reconf: true
global_termination_time: 120686.997
local_termination_time: 22369.928160000007
node_cons: 2418.768945598897
tot_aggregated_send: 696
tot_msg_rcv: 429
tot_msg_sent: 959
tot_reconf_duration: 6.279999999999999
tot_sleeping_duration: 118886.96660000083
tot_uptimes: 31
tot_uptimes_duration: 1800.0303999991738
