comms_cons: 11.651763199955113
finished_reconf: true
global_termination_time: 114770.16723999976
local_termination_time: 32970.38836000001
node_cons: 2393.7044404788394
tot_aggregated_send: 1044
tot_msg_rcv: 252
tot_msg_sent: 474
tot_reconf_duration: 5.1
tot_sleeping_duration: 112987.65892000063
tot_uptimes: 30
tot_uptimes_duration: 1782.508319999135
