comms_cons: 65.50909440021573
finished_reconf: true
global_termination_time: 648711.514
local_termination_time: 414562.4333600001
node_cons: 13361.169180000048
tot_aggregated_send: 9048
tot_msg_rcv: 366
tot_msg_sent: 543
tot_reconf_duration: 18.21
tot_sleeping_duration: 638751.514
tot_uptimes: 167
tot_uptimes_duration: 9960.0
