comms_cons: 67.10783999909984
finished_reconf: true
global_termination_time: 647806.4966399991
local_termination_time: 647806.4555199991
node_cons: 13331.906634159397
tot_aggregated_send: 8628
tot_msg_rcv: 603
tot_msg_sent: 968
tot_reconf_duration: 24.59
tot_sleeping_duration: 637874.8211999995
tot_uptimes: 166
tot_uptimes_duration: 9931.675439999526
