comms_cons: 70.03683839853022
finished_reconf: true
global_termination_time: 648836.004
local_termination_time: 36552.211800000056
node_cons: 13345.000735679378
tot_aggregated_send: 8294
tot_msg_rcv: 1007
tot_msg_sent: 1345
tot_reconf_duration: 6.22
tot_sleeping_duration: 638875.9188800005
tot_uptimes: 167
tot_uptimes_duration: 9960.085119999523
