comms_cons: 67.42426880036301
finished_reconf: true
global_termination_time: 648985.434
local_termination_time: 360690.36036000005
node_cons: 13343.846504481133
tot_aggregated_send: 8642
tot_msg_rcv: 621
tot_msg_sent: 985
tot_reconf_duration: 5.43
tot_sleeping_duration: 639025.4096799992
tot_uptimes: 167
tot_uptimes_duration: 9960.02432000084
