comms_cons: 87.73488639575777
finished_reconf: true
global_termination_time: 862559.689
local_termination_time: 527536.7765199981
node_cons: 17700.599088627976
tot_aggregated_send: 11542
tot_msg_rcv: 621
tot_msg_sent: 1173
tot_reconf_duration: 15.34
tot_sleeping_duration: 849355.979240009
tot_uptimes: 221
tot_uptimes_duration: 13203.709759991034
