comms_cons: 87.30337919715986
finished_reconf: true
global_termination_time: 862545.798
local_termination_time: 447607.85636000003
node_cons: 17682.3803422383
tot_aggregated_send: 11832
tot_msg_rcv: 508
tot_msg_sent: 929
tot_reconf_duration: 5.57
tot_sleeping_duration: 849345.7858400013
tot_uptimes: 221
tot_uptimes_duration: 13200.012159998703
