comms_cons: 87.5625727945116
finished_reconf: true
global_termination_time: 859827.876
local_termination_time: 435940.31936
node_cons: 17692.70114223367
tot_aggregated_send: 11716
tot_msg_rcv: 557
tot_msg_sent: 1036
tot_reconf_duration: 13.17
tot_sleeping_duration: 846627.8638400048
tot_uptimes: 221
tot_uptimes_duration: 13200.012159995269
