comms_cons: 86.69411839824868
finished_reconf: true
global_termination_time: 862403.116
local_termination_time: 439261.7976400009
node_cons: 17681.34826223369
tot_aggregated_send: 12180
tot_msg_rcv: 419
tot_msg_sent: 578
tot_reconf_duration: 4.8100000000000005
tot_sleeping_duration: 849203.1038400048
tot_uptimes: 221
tot_uptimes_duration: 13200.012159995269
