comms_cons: 96.76135041209407
finished_reconf: true
global_termination_time: 450938.5116000002
local_termination_time: 1182.7616000000005
node_cons: 9284.50430409231
tot_aggregated_send: 0
tot_msg_rcv: 7992
tot_msg_sent: 6710
tot_reconf_duration: 18.21
tot_sleeping_duration: 444023.07087999105
tot_uptimes: 116
tot_uptimes_duration: 6915.440720009188
