comms_cons: 44.389862400110374
finished_reconf: true
global_termination_time: 455260.69
local_termination_time: 440036.0724800001
node_cons: 9350.198700000055
tot_aggregated_send: 6670
tot_msg_rcv: 40
tot_msg_sent: 37
tot_reconf_duration: 22.65
tot_sleeping_duration: 448300.69
tot_uptimes: 117
tot_uptimes_duration: 6960.000000000007
