comms_cons: 44.75829760021356
finished_reconf: true
global_termination_time: 452163.949
local_termination_time: 57286.010840000024
node_cons: 9247.62824000001
tot_aggregated_send: 6438
tot_msg_rcv: 138
tot_msg_sent: 227
tot_reconf_duration: 6.279999999999999
tot_sleeping_duration: 445263.949
tot_uptimes: 116
tot_uptimes_duration: 6900.0
