comms_cons: 44.5437568002398
finished_reconf: true
global_termination_time: 452084.877
local_termination_time: 6732.002600000001
node_cons: 9247.554901120304
tot_aggregated_send: 6438
tot_msg_rcv: 105
tot_msg_sent: 227
tot_reconf_duration: 6.22
tot_sleeping_duration: 445184.8709199998
tot_uptimes: 116
tot_uptimes_duration: 6900.0060800002175
