comms_cons: 741.673216162869
finished_reconf: true
global_termination_time: 7461803.562
local_termination_time: 3140731.699799999
node_cons: 153467.32556558042
tot_aggregated_send: 103762
tot_msg_rcv: 3286
tot_msg_sent: 5682
tot_reconf_duration: 13.17
tot_sleeping_duration: 7347203.531600011
tot_uptimes: 1911
tot_uptimes_duration: 114600.03039998934
