comms_cons: 751.727756995221
finished_reconf: true
global_termination_time: 7460561.702119997
local_termination_time: 51352.95860000001
node_cons: 153500.6054442011
tot_aggregated_send: 104052
tot_msg_rcv: 3536
tot_msg_sent: 6670
tot_reconf_duration: 22.65
tot_sleeping_duration: 7345946.431960022
tot_uptimes: 1911
tot_uptimes_duration: 114615.27015997481
