comms_cons: 747.3339137743686
finished_reconf: true
global_termination_time: 7463935.083
local_termination_time: 869257.1083999983
node_cons: 153540.4653945162
tot_aggregated_send: 104226
tot_msg_rcv: 3146
tot_msg_sent: 6218
tot_reconf_duration: 7.819999999999999
tot_sleeping_duration: 7349275.003960028
tot_uptimes: 1912
tot_uptimes_duration: 114660.07903997111
