comms_cons: 90.60874240032916
finished_reconf: true
global_termination_time: 915451.6443199987
local_termination_time: 7154.156
node_cons: 18870.379299599645
tot_aggregated_send: 13276
tot_msg_rcv: 168
tot_msg_sent: 327
tot_reconf_duration: 5.87
tot_sleeping_duration: 901364.707919999
tot_uptimes: 235
tot_uptimes_duration: 14086.936399999715
