comms_cons: 91.27324159763886
finished_reconf: true
global_termination_time: 916325.471
local_termination_time: 2962.24212
node_cons: 18809.18278111686
tot_aggregated_send: 12992
tot_msg_rcv: 306
tot_msg_sent: 575
tot_reconf_duration: 7.08
tot_sleeping_duration: 902285.4649200024
tot_uptimes: 235
tot_uptimes_duration: 14040.006079997635
