comms_cons: 37.70539520040277
finished_reconf: true
global_termination_time: 380055.562
local_termination_time: 46263.08888000019
node_cons: 7798.941620000019
tot_aggregated_send: 5394
tot_msg_rcv: 109
tot_msg_sent: 228
tot_reconf_duration: 4.390000000000001
tot_sleeping_duration: 374235.562
tot_uptimes: 98
tot_uptimes_duration: 5820.0
