comms_cons: 219.5155327741543
finished_reconf: true
global_termination_time: 2127152.832
local_termination_time: 12963.73548
node_cons: 43735.832675647885
tot_aggregated_send: 28710
tot_msg_rcv: 1814
tot_msg_sent: 2841
tot_reconf_duration: 22.65
tot_sleeping_duration: 2094512.7468800235
tot_uptimes: 545
tot_uptimes_duration: 32640.085119976335
