comms_cons: 738.8438145326357
finished_reconf: true
global_termination_time: 7511306.442
local_termination_time: 2041373.5555199992
node_cons: 154528.23438781424
tot_aggregated_send: 103878
tot_msg_rcv: 2653
tot_msg_sent: 5766
tot_reconf_duration: 25.299999999999997
tot_sleeping_duration: 7395926.399440015
tot_uptimes: 1924
tot_uptimes_duration: 115380.0425599846
