comms_cons: 740.6614145253176
finished_reconf: true
global_termination_time: 7512243.518
local_termination_time: 4394204.17436
node_cons: 154514.36380334542
tot_aggregated_send: 104400
tot_msg_rcv: 2670
tot_msg_sent: 5505
tot_reconf_duration: 15.110000000000001
tot_sleeping_duration: 7396863.499760007
tot_uptimes: 1924
tot_uptimes_duration: 115380.0182399936
