comms_cons: 733.2255232438466
finished_reconf: true
global_termination_time: 7512256.967
local_termination_time: 5066612.131359999
node_cons: 154509.98019999402
tot_aggregated_send: 107822
tot_msg_rcv: 1123
tot_msg_sent: 2501
tot_reconf_duration: 11.899999999999999
tot_sleeping_duration: 7396876.967
tot_uptimes: 1924
tot_uptimes_duration: 115380.0
