comms_cons: 753.0691202001011
finished_reconf: true
global_termination_time: 7511198.372
local_termination_time: 1546496.9173599998
node_cons: 154502.32374781382
tot_aggregated_send: 103124
tot_msg_rcv: 4081
tot_msg_sent: 7257
tot_reconf_duration: 6.22
tot_sleeping_duration: 7395818.329440015
tot_uptimes: 1924
tot_uptimes_duration: 115380.04255998437
