comms_cons: 740.1409217090425
finished_reconf: true
global_termination_time: 7515272.16
local_termination_time: 1756016.050759999
node_cons: 154581.56650446326
tot_aggregated_send: 105154
tot_msg_rcv: 2408
tot_msg_sent: 4936
tot_reconf_duration: 5.43
tot_sleeping_duration: 7399832.135680009
tot_uptimes: 1925
tot_uptimes_duration: 115440.02431999147
