comms_cons: 66.33772799874863
finished_reconf: true
global_termination_time: 666857.373
local_termination_time: 13695.094360000001
node_cons: 13682.537321116853
tot_aggregated_send: 9338
tot_msg_rcv: 238
tot_msg_sent: 506
tot_reconf_duration: 18.21
tot_sleeping_duration: 656657.3669200024
tot_uptimes: 171
tot_uptimes_duration: 10200.006079997635
