comms_cons: 117.68215039901285
finished_reconf: true
global_termination_time: 665187.366
local_termination_time: 132468.30736000006
node_cons: 13692.165541121472
tot_aggregated_send: 0
tot_msg_rcv: 9030
tot_msg_sent: 8857
tot_reconf_duration: 25.299999999999997
tot_sleeping_duration: 654987.359919999
tot_uptimes: 171
tot_uptimes_duration: 10200.006080001069
