comms_cons: 67.62662400013053
finished_reconf: true
global_termination_time: 666483.197
local_termination_time: 115104.81135999995
node_cons: 13661.958182238266
tot_aggregated_send: 8584
tot_msg_rcv: 587
tot_msg_sent: 1107
tot_reconf_duration: 3.05
tot_sleeping_duration: 656283.1848400014
tot_uptimes: 171
tot_uptimes_duration: 10200.012159998703
