comms_cons: 65.56172799968769
finished_reconf: true
global_termination_time: 663888.103
local_termination_time: 335944.81036000006
node_cons: 13673.167121121447
tot_aggregated_send: 9106
tot_msg_rcv: 224
tot_msg_sent: 635
tot_reconf_duration: 11.31
tot_sleeping_duration: 653688.0969199989
tot_uptimes: 171
tot_uptimes_duration: 10200.006080001069
