comms_cons: 120.4303103964986
finished_reconf: true
global_termination_time: 667281.549
local_termination_time: 126640.63055999961
node_cons: 13665.190222238292
tot_aggregated_send: 0
tot_msg_rcv: 9383
tot_msg_sent: 8921
tot_reconf_duration: 5.43
tot_sleeping_duration: 657081.5368400012
tot_uptimes: 171
tot_uptimes_duration: 10200.012159998703
