comms_cons: 284.16222721033915
finished_reconf: false
global_termination_time: 2811179.196
local_termination_time: 0
node_cons: 57844.80814111579
tot_aggregated_send: 39150
tot_msg_rcv: 1430
tot_msg_sent: 2611
tot_reconf_duration: 0
tot_sleeping_duration: 2767979.189920002
tot_uptimes: 720
tot_uptimes_duration: 43200.006079997635
