comms_cons: 286.0502848200234
finished_reconf: true
global_termination_time: 2808091.53
local_termination_time: 399204.24324000045
node_cons: 57851.831634519025
tot_aggregated_send: 38628
tot_msg_rcv: 1705
tot_msg_sent: 3144
tot_reconf_duration: 5.1
tot_sleeping_duration: 2764891.45096003
tot_uptimes: 720
tot_uptimes_duration: 43200.07903997018
