comms_cons: 286.2673024139171
finished_reconf: true
global_termination_time: 2810449.113
local_termination_time: 258155.13336000007
node_cons: 57879.27137564479
tot_aggregated_send: 38396
tot_msg_rcv: 1758
tot_msg_sent: 3356
tot_reconf_duration: 25.299999999999997
tot_sleeping_duration: 2767249.027880025
tot_uptimes: 720
tot_uptimes_duration: 43200.08511997445
