comms_cons: 283.9662912143652
finished_reconf: true
global_termination_time: 2809675.477
local_termination_time: 221233.29352000082
node_cons: 57849.05591005107
tot_aggregated_send: 39092
tot_msg_rcv: 1388
tot_msg_sent: 2682
tot_reconf_duration: 3.08
tot_sleeping_duration: 2766475.4222800205
tot_uptimes: 720
tot_uptimes_duration: 43200.054719979176
