comms_cons: 284.4322432078321
finished_reconf: true
global_termination_time: 2808364.655
local_termination_time: 802423.1644799978
node_cons: 57865.08894053942
tot_aggregated_send: 38802
tot_msg_rcv: 1463
tot_msg_sent: 2966
tot_reconf_duration: 9.11
tot_sleeping_duration: 2765158.741960014
tot_uptimes: 720
tot_uptimes_duration: 43205.913039985404
