comms_cons: 282.46148480277054
finished_reconf: false
global_termination_time: 2808502.663
local_termination_time: 0
node_cons: 57844.80814111579
tot_aggregated_send: 39672
tot_msg_rcv: 1171
tot_msg_sent: 2089
tot_reconf_duration: 0
tot_sleeping_duration: 2765302.6569200023
tot_uptimes: 720
tot_uptimes_duration: 43200.006079997635
