comms_cons: 283.38588161056805
finished_reconf: true
global_termination_time: 2811062.021
local_termination_time: 1791768.7520799988
node_cons: 57870.227164467186
tot_aggregated_send: 39092
tot_msg_rcv: 1324
tot_msg_sent: 2657
tot_reconf_duration: 18.700000000000003
tot_sleeping_duration: 2767861.996680009
tot_uptimes: 720
tot_uptimes_duration: 43200.024319991004
