comms_cons: 284.3727616131801
finished_reconf: true
global_termination_time: 2810006.529
local_termination_time: 1889533.3183600002
node_cons: 57859.69452335034
tot_aggregated_send: 38918
tot_msg_rcv: 1468
tot_msg_sent: 2837
tot_reconf_duration: 10.95
tot_sleeping_duration: 2766806.5107600065
tot_uptimes: 720
tot_uptimes_duration: 43200.01823999337
