comms_cons: 2.2895615999954555
finished_reconf: true
global_termination_time: 12642.345
local_termination_time: 6168.294360000001
node_cons: 249.54824000000073
tot_aggregated_send: 0
tot_msg_rcv: 179
tot_msg_sent: 169
tot_reconf_duration: 6.279999999999999
tot_sleeping_duration: 12462.345
tot_uptimes: 4
tot_uptimes_duration: 179.9999999999999
