comms_cons: 2.250086399992565
finished_reconf: true
global_termination_time: 13398.088
local_termination_time: 5803.401360000001
node_cons: 253.81236000000013
tot_aggregated_send: 0
tot_msg_rcv: 176
tot_msg_sent: 166
tot_reconf_duration: 9.42
tot_sleeping_duration: 13218.088
tot_uptimes: 4
tot_uptimes_duration: 180.0
