comms_cons: 2.2632447999925214
finished_reconf: true
global_termination_time: 13886.381
local_termination_time: 3958.3763600000007
node_cons: 255.8901000000004
tot_aggregated_send: 0
tot_msg_rcv: 180
tot_msg_sent: 164
tot_reconf_duration: 10.95
tot_sleeping_duration: 13706.381
tot_uptimes: 4
tot_uptimes_duration: 180.0
