comms_cons: 1.6908543999944137
finished_reconf: true
global_termination_time: 13112.198
local_termination_time: 10703.530359999999
node_cons: 256.3789799999993
tot_aggregated_send: 0
tot_msg_rcv: 134
tot_msg_sent: 123
tot_reconf_duration: 11.31
tot_sleeping_duration: 12932.198
tot_uptimes: 4
tot_uptimes_duration: 180.0
