comms_cons: 2.250086399992565
finished_reconf: true
global_termination_time: 12468.500240000007
local_termination_time: 6521.9774800000005
node_cons: 303.8993193600104
tot_aggregated_send: 0
tot_msg_rcv: 180
tot_msg_sent: 162
tot_reconf_duration: 15.34
tot_sleeping_duration: 12257.098
tot_uptimes: 4
tot_uptimes_duration: 211.4022400000067
