comms_cons: 151.61610879203073
finished_reconf: true
global_termination_time: 1510338.972
local_termination_time: 231919.6915600002
node_cons: 31021.859560000023
tot_aggregated_send: 21228
tot_msg_rcv: 663
tot_msg_sent: 1153
tot_reconf_duration: 7.819999999999999
tot_sleeping_duration: 1487178.972
tot_uptimes: 387
tot_uptimes_duration: 23160.0
