comms_cons: 296.93628138436725
finished_reconf: true
global_termination_time: 1506726.1605999998
local_termination_time: 1989.9346000000005
node_cons: 30959.918191916746
tot_aggregated_send: 0
tot_msg_rcv: 22794
tot_msg_sent: 22337
tot_reconf_duration: 6.22
tot_sleeping_duration: 1483610.7973200022
tot_uptimes: 386
tot_uptimes_duration: 23115.36327999753
