comms_cons: 350.5473216075591
finished_reconf: true
global_termination_time: 3582844.118
local_termination_time: 1952003.861
node_cons: 73692.63614334952
tot_aggregated_send: 50038
tot_msg_rcv: 1031
tot_msg_sent: 2212
tot_reconf_duration: 15.34
tot_sleeping_duration: 3527824.099760006
tot_uptimes: 918
tot_uptimes_duration: 55020.01823999337
