comms_cons: 1248.6099585813674
finished_reconf: true
global_termination_time: 3581894.002
local_termination_time: 1976554.5831599983
node_cons: 217007.6786634588
tot_aggregated_send: 0
tot_msg_rcv: 76871
tot_msg_sent: 112912
tot_reconf_duration: 5.57
tot_sleeping_duration: 3419832.6766800103
tot_uptimes: 2656
tot_uptimes_duration: 162061.3253199897
