comms_cons: 319.55941124041584
finished_reconf: true
global_termination_time: 3153674.212
local_termination_time: 977118.3734799998
node_cons: 64841.97662446623
tot_aggregated_send: 43152
tot_msg_rcv: 1761
tot_msg_sent: 3656
tot_reconf_duration: 5.57
tot_sleeping_duration: 3105254.187680009
tot_uptimes: 808
tot_uptimes_duration: 48420.02431999077
