comms_cons: 319.88641282072786
finished_reconf: true
global_termination_time: 3154614.489
local_termination_time: 1158725.2221199991
node_cons: 64868.76182334986
tot_aggregated_send: 43326
tot_msg_rcv: 1833
tot_msg_sent: 3462
tot_reconf_duration: 25.299999999999997
tot_sleeping_duration: 3106194.4707600065
tot_uptimes: 808
tot_uptimes_duration: 48420.01823999337
