comms_cons: 312.7573120051709
finished_reconf: true
global_termination_time: 3153389.293
local_termination_time: 587501.8523599999
node_cons: 64838.55446446637
tot_aggregated_send: 44080
tot_msg_rcv: 1072
tot_msg_sent: 2383
tot_reconf_duration: 3.05
tot_sleeping_duration: 3104969.268680009
tot_uptimes: 808
tot_uptimes_duration: 48420.02431999077
