comms_cons: 313.85230721126027
finished_reconf: true
global_termination_time: 3153640.011
local_termination_time: 60636.139800000055
node_cons: 64845.02398334915
tot_aggregated_send: 43906
tot_msg_rcv: 1242
tot_msg_sent: 2554
tot_reconf_duration: 7.819999999999999
tot_sleeping_duration: 3105219.992760007
tot_uptimes: 808
tot_uptimes_duration: 48420.0182399929
