comms_cons: 319.4471040396202
finished_reconf: true
global_termination_time: 3158376.556
local_termination_time: 40362.63036000001
node_cons: 64930.15225006394
tot_aggregated_send: 43558
tot_msg_rcv: 1687
tot_msg_sent: 3309
tot_reconf_duration: 11.31
tot_sleeping_duration: 3109896.501280011
tot_uptimes: 809
tot_uptimes_duration: 48480.05471998901
