comms_cons: 300.3702336264492
finished_reconf: true
global_termination_time: 2974253.70248
local_termination_time: 2974253.66136
node_cons: 61207.982631025436
tot_aggregated_send: 41386
tot_msg_rcv: 1520
tot_msg_sent: 2749
tot_reconf_duration: 37.410000000000004
tot_sleeping_duration: 2928579.9311200096
tot_uptimes: 762
tot_uptimes_duration: 45673.77135999022
