comms_cons: 292.9975935847379
finished_reconf: true
global_termination_time: 2977061.039
local_termination_time: 2098248.5029999977
node_cons: 61250.50074622941
tot_aggregated_send: 40948
tot_msg_rcv: 1263
tot_msg_sent: 2321
tot_reconf_duration: 15.34
tot_sleeping_duration: 2931333.1308400068
tot_uptimes: 763
tot_uptimes_duration: 45727.90815999312
