comms_cons: 296.6734079933447
finished_reconf: true
global_termination_time: 2976493.57
local_termination_time: 1495977.6423599997
node_cons: 61225.09860781683
tot_aggregated_send: 41354
tot_msg_rcv: 1294
tot_msg_sent: 2444
tot_reconf_duration: 4.390000000000001
tot_sleeping_duration: 2930773.527440016
tot_uptimes: 763
tot_uptimes_duration: 45720.042559983674
