comms_cons: 293.8402303929416
finished_reconf: true
global_termination_time: 2976880.051
local_termination_time: 1926558.4722799982
node_cons: 61234.45526223288
tot_aggregated_send: 40948
tot_msg_rcv: 1164
tot_msg_sent: 2550
tot_reconf_duration: 11.31
tot_sleeping_duration: 2931160.0388400047
tot_uptimes: 763
tot_uptimes_duration: 45720.0121599955
