comms_cons: 20.987647999928118
finished_reconf: true
global_termination_time: 213567.181
local_termination_time: 56155.41132000013
node_cons: 4359.199861119149
tot_aggregated_send: 3016
tot_msg_rcv: 71
tot_msg_sent: 103
tot_reconf_duration: 15.34
tot_sleeping_duration: 210327.17492000066
tot_uptimes: 55
tot_uptimes_duration: 3240.006079999366
