comms_cons: 91.31929599668004
finished_reconf: true
global_termination_time: 895501.417
local_termination_time: 56032.047480000016
node_cons: 18405.472906719413
tot_aggregated_send: 11948
tot_msg_rcv: 643
tot_msg_sent: 1289
tot_reconf_duration: 5.57
tot_sleeping_duration: 881761.3805200005
tot_uptimes: 230
tot_uptimes_duration: 13740.036479999544
