comms_cons: 400.58862087597106
finished_reconf: true
global_termination_time: 3969679.834
local_termination_time: 475575.8322000002
node_cons: 81634.04151005033
tot_aggregated_send: 55100
tot_msg_rcv: 1951
tot_msg_sent: 3835
tot_reconf_duration: 6.279999999999999
tot_sleeping_duration: 3908719.7792800204
tot_uptimes: 1017
tot_uptimes_duration: 60960.05471997941
