comms_cons: 399.0883200540367
finished_reconf: true
global_termination_time: 3969956.117
local_termination_time: 1356916.7320799998
node_cons: 81640.32638223216
tot_aggregated_send: 55622
tot_msg_rcv: 1735
tot_msg_sent: 3303
tot_reconf_duration: 10.95
tot_sleeping_duration: 3908996.1048400044
tot_uptimes: 1017
tot_uptimes_duration: 60960.0121599955
