comms_cons: 401.704793679021
finished_reconf: true
global_termination_time: 3974370.378
local_termination_time: 1528084.9973599997
node_cons: 81709.95446446563
tot_aggregated_send: 54926
tot_msg_rcv: 2065
tot_msg_sent: 4064
tot_reconf_duration: 3.05
tot_sleeping_duration: 3913350.353680009
tot_uptimes: 1018
tot_uptimes_duration: 61020.024319991004
