comms_cons: 87.09544959829724
finished_reconf: true
global_termination_time: 886951.183
local_termination_time: 653367.12536
node_cons: 18241.32190000009
tot_aggregated_send: 12934
tot_msg_rcv: 74
tot_msg_sent: 230
tot_reconf_duration: 3.05
tot_sleeping_duration: 873331.183
tot_uptimes: 228
tot_uptimes_duration: 13620.0
