comms_cons: 1668.156952451358
finished_reconf: true
global_termination_time: 8467241.886599997
local_termination_time: 357.5234799999991
node_cons: 174222.45917510195
tot_aggregated_send: 0
tot_msg_rcv: 127797
tot_msg_sent: 125747
tot_reconf_duration: 18.21
tot_sleeping_duration: 8337146.494520007
tot_uptimes: 2169
tot_uptimes_duration: 130095.39207999106
