comms_cons: 844.0529665982458
finished_reconf: true
global_termination_time: 8467262.099
local_termination_time: 3223654.72236
node_cons: 174195.06998893063
tot_aggregated_send: 117566
tot_msg_rcv: 3640
tot_msg_sent: 7085
tot_reconf_duration: 13.17
tot_sleeping_duration: 8337182.0503600165
tot_uptimes: 2169
tot_uptimes_duration: 130080.0486399827
