comms_cons: 856.2750466779326
finished_reconf: true
global_termination_time: 8467242.008119987
local_termination_time: 142314.1116000001
node_cons: 174282.42918530933
tot_aggregated_send: 117392
tot_msg_rcv: 4422
tot_msg_sent: 8331
tot_reconf_duration: 22.65
tot_sleeping_duration: 8337106.331880021
tot_uptimes: 2169
tot_uptimes_duration: 130135.6762399667
