comms_cons: 850.0475522250856
finished_reconf: true
global_termination_time: 8468314.133
local_termination_time: 412777.71436
node_cons: 174183.1711722815
tot_aggregated_send: 117682
tot_msg_rcv: 3850
tot_msg_sent: 7670
tot_reconf_duration: 4.390000000000001
tot_sleeping_duration: 8338234.066120024
tot_uptimes: 2169
tot_uptimes_duration: 130080.06687997584
