comms_cons: 31.154393600713476
finished_reconf: true
global_termination_time: 211972.4456000001
local_termination_time: 211972.40448000008
node_cons: 4407.7146785687855
tot_aggregated_send: 902
tot_msg_rcv: 1556
tot_msg_sent: 2278
tot_reconf_duration: 37.410000000000004
tot_sleeping_duration: 208718.59055999355
tot_uptimes: 55
tot_uptimes_duration: 3253.8550400065506
