comms_cons: 21.889625600125267
finished_reconf: true
global_termination_time: 212824.826
local_termination_time: 87083.28199999947
node_cons: 4369.764463999308
tot_aggregated_send: 2842
tot_msg_rcv: 202
tot_msg_sent: 284
tot_reconf_duration: 15.34
tot_sleeping_duration: 209576.93000000052
tot_uptimes: 55
tot_uptimes_duration: 3247.8959999994695
