comms_cons: 22.908774400447616
finished_reconf: true
global_termination_time: 217816.478
local_termination_time: 29154.93956
node_cons: 4435.867822242862
tot_aggregated_send: 2784
tot_msg_rcv: 301
tot_msg_sent: 397
tot_reconf_duration: 12.629999999999999
tot_sleeping_duration: 214516.46583999787
tot_uptimes: 56
tot_uptimes_duration: 3300.0121600021375
