comms_cons: 23.06009600038768
finished_reconf: true
global_termination_time: 214209.278
local_termination_time: 14015.966360000002
node_cons: 4344.916403363158
tot_aggregated_send: 2378
tot_msg_rcv: 371
tot_msg_sent: 756
tot_reconf_duration: 4.8100000000000005
tot_sleeping_duration: 210969.25975999763
tot_uptimes: 55
tot_uptimes_duration: 3240.018240002355
