comms_cons: 61.482624000939936
finished_reconf: true
global_termination_time: 599016.793
local_termination_time: 356627.06236000004
node_cons: 12298.970223364278
tot_aggregated_send: 7830
tot_msg_rcv: 526
tot_msg_sent: 989
tot_reconf_duration: 5.1
tot_sleeping_duration: 589836.7747599967
tot_uptimes: 154
tot_uptimes_duration: 9180.018240003206
