comms_cons: 61.05295359966105
finished_reconf: true
global_termination_time: 599773.453
local_termination_time: 403634.57999999996
node_cons: 12333.921256400912
tot_aggregated_send: 7770
tot_msg_rcv: 403
tot_msg_sent: 1106
tot_reconf_duration: 18.700000000000003
tot_sleeping_duration: 590581.1253999993
tot_uptimes: 154
tot_uptimes_duration: 9192.327600000717
