comms_cons: 61.50677119908764
finished_reconf: true
global_termination_time: 600681.942
local_termination_time: 342890.41088000085
node_cons: 12300.491183359673
tot_aggregated_send: 7772
tot_msg_rcv: 472
tot_msg_sent: 1105
tot_reconf_duration: 6.22
tot_sleeping_duration: 591501.9237600003
tot_uptimes: 154
tot_uptimes_duration: 9180.018239999772
