comms_cons: 405.95374045347273
finished_reconf: true
global_termination_time: 2058221.547
local_termination_time: 1148.5780400000015
node_cons: 42363.93360335481
tot_aggregated_send: 0
tot_msg_rcv: 31144
tot_msg_sent: 30558
tot_reconf_duration: 18.21
tot_sleeping_duration: 2026601.5287600036
tot_uptimes: 528
tot_uptimes_duration: 31620.018239996396
