comms_cons: 213.22682878662533
finished_reconf: true
global_termination_time: 2136065.455
local_termination_time: 6667.648999999999
node_cons: 43975.454004471496
tot_aggregated_send: 29923
tot_msg_rcv: 973
tot_msg_sent: 1514
tot_reconf_duration: 21.68
tot_sleeping_duration: 2103245.430680006
tot_uptimes: 548
tot_uptimes_duration: 32820.02431999397
