comms_cons: 107.16858879527794
finished_reconf: true
global_termination_time: 1067962.076
local_termination_time: 5439.382
node_cons: 21942.450922233696
tot_aggregated_send: 14782
tot_msg_rcv: 578
tot_msg_sent: 929
tot_reconf_duration: 7.08
tot_sleeping_duration: 1051582.0638400046
tot_uptimes: 274
tot_uptimes_duration: 16380.012159995269
