comms_cons: 222.47299199747022
finished_reconf: true
global_termination_time: 2283716.875
local_termination_time: 1282265.51136
node_cons: 46933.918979999515
tot_aggregated_send: 32828
tot_msg_rcv: 260
tot_msg_sent: 726
tot_reconf_duration: 11.31
tot_sleeping_duration: 2248676.875
tot_uptimes: 585
tot_uptimes_duration: 35040.0
