comms_cons: 192.21790718796626
finished_reconf: true
global_termination_time: 1959205.456
local_termination_time: 1394214.3257999993
node_cons: 40258.803042233354
tot_aggregated_send: 26854
tot_msg_rcv: 781
tot_msg_sent: 1581
tot_reconf_duration: 6.22
tot_sleeping_duration: 1929145.4438400047
tot_uptimes: 502
tot_uptimes_duration: 30060.01215999527
