comms_cons: 82.48097919605594
finished_reconf: true
global_termination_time: 826719.887
local_termination_time: 225225.11236000006
node_cons: 16976.477321116847
tot_aggregated_send: 11542
tot_msg_rcv: 325
tot_msg_sent: 669
tot_reconf_duration: 18.21
tot_sleeping_duration: 814059.8809200024
tot_uptimes: 212
tot_uptimes_duration: 12660.006079997635
