comms_cons: 31.436518400035705
finished_reconf: true
global_termination_time: 157368.721
local_termination_time: 578.1640399999994
node_cons: 3217.7581822405837
tot_aggregated_send: 0
tot_msg_rcv: 2453
tot_msg_sent: 2324
tot_reconf_duration: 3.05
tot_sleeping_duration: 154968.70883999957
tot_uptimes: 41
tot_uptimes_duration: 2400.012160000435
