comms_cons: 76.00354559792348
finished_reconf: true
global_termination_time: 755467.009
local_termination_time: 265726.38252000086
node_cons: 15513.200342242893
tot_aggregated_send: 10382
tot_msg_rcv: 359
tot_msg_sent: 811
tot_reconf_duration: 5.57
tot_sleeping_duration: 743886.9968399978
tot_uptimes: 194
tot_uptimes_duration: 11580.012160002138
