comms_cons: 76.51772159770645
finished_reconf: true
global_termination_time: 757020.415
local_termination_time: 75297.51135999997
node_cons: 15512.570223357445
tot_aggregated_send: 10266
tot_msg_rcv: 432
tot_msg_sent: 933
tot_reconf_duration: 5.1
tot_sleeping_duration: 745440.3967600019
tot_uptimes: 194
tot_uptimes_duration: 11580.01823999807
