comms_cons: 317.7490431949687
finished_reconf: true
global_termination_time: 3184581.726
local_termination_time: 2192599.698639998
node_cons: 65484.68034223302
tot_aggregated_send: 43848
tot_msg_rcv: 1430
tot_msg_sent: 3018
tot_reconf_duration: 5.57
tot_sleeping_duration: 3135681.7138400045
tot_uptimes: 816
tot_uptimes_duration: 48900.0121599955
