comms_cons: 315.7519424267418
finished_reconf: true
global_termination_time: 3183625.582
local_termination_time: 1093725.9744399996
node_cons: 65489.916783349974
tot_aggregated_send: 44544
tot_msg_rcv: 1070
tot_msg_sent: 2378
tot_reconf_duration: 9.42
tot_sleeping_duration: 3134725.5637600063
tot_uptimes: 816
tot_uptimes_duration: 48900.0182399936
