comms_cons: 616.9720188026189
finished_reconf: true
global_termination_time: 1275649.2455999998
local_termination_time: 1275649.2044799998
node_cons: 77551.42869593517
tot_aggregated_send: 0
tot_msg_rcv: 37866
tot_msg_sent: 55907
tot_reconf_duration: 37.410000000000004
tot_sleeping_duration: 1217769.7639600171
tot_uptimes: 946
tot_uptimes_duration: 57879.481639982754
