comms_cons: 127.2022527955341
finished_reconf: true
global_termination_time: 1277514.024
local_termination_time: 706034.4843599999
node_cons: 26275.362639999985
tot_aggregated_send: 18444
tot_msg_rcv: 369
tot_msg_sent: 520
tot_reconf_duration: 3.08
tot_sleeping_duration: 1257894.024
tot_uptimes: 328
tot_uptimes_duration: 19620.0
