comms_cons: 126.70783999634756
finished_reconf: true
global_termination_time: 1277105.69
local_termination_time: 442011.15636
node_cons: 26283.551380000023
tot_aggregated_send: 18444
tot_msg_rcv: 300
tot_msg_sent: 514
tot_reconf_duration: 9.11
tot_sleeping_duration: 1257485.69
tot_uptimes: 328
tot_uptimes_duration: 19620.0
