comms_cons: 127.8915775921204
finished_reconf: true
global_termination_time: 1279813.228
local_termination_time: 1005980.089999999
node_cons: 26291.69938000002
tot_aggregated_send: 18038
tot_msg_rcv: 486
tot_msg_sent: 914
tot_reconf_duration: 15.110000000000001
tot_sleeping_duration: 1260193.228
tot_uptimes: 328
tot_uptimes_duration: 19620.0
