comms_cons: 126.41337599622034
finished_reconf: true
global_termination_time: 1276617.655
local_termination_time: 673444.6435199982
node_cons: 26209.305795277596
tot_aggregated_send: 18328
tot_msg_rcv: 317
tot_msg_sent: 570
tot_reconf_duration: 12.629999999999999
tot_sleeping_duration: 1257056.673480002
tot_uptimes: 327
tot_uptimes_duration: 19560.981519998168
