comms_cons: 131.4674815856827
finished_reconf: true
global_termination_time: 1278054.018
local_termination_time: 364338.57836000004
node_cons: 26286.61225005613
tot_aggregated_send: 17052
tot_msg_rcv: 1013
tot_msg_sent: 1918
tot_reconf_duration: 11.31
tot_sleeping_duration: 1258433.963280018
tot_uptimes: 328
tot_uptimes_duration: 19620.054719982145
