comms_cons: 104.18165119650817
finished_reconf: true
global_termination_time: 1016920.127
local_termination_time: 258313.57348000008
node_cons: 20897.001510083708
tot_aggregated_send: 13108
tot_msg_rcv: 1036
tot_msg_sent: 1691
tot_reconf_duration: 6.279999999999999
tot_sleeping_duration: 1001320.0722799973
tot_uptimes: 261
tot_uptimes_duration: 15600.05472000275
