comms_cons: 103.89935359483516
finished_reconf: true
global_termination_time: 1016863.263
local_termination_time: 171869.32236000005
node_cons: 20892.59888784083
tot_aggregated_send: 13572
tot_msg_rcv: 711
tot_msg_sent: 1510
tot_reconf_duration: 3.05
tot_sleeping_duration: 1001263.2204399995
tot_uptimes: 261
tot_uptimes_duration: 15600.042560000613
