comms_cons: 104.51882239441065
finished_reconf: true
global_termination_time: 1016268.862
local_termination_time: 78910.71235999998
node_cons: 20899.092830067653
tot_aggregated_send: 12992
tot_msg_rcv: 1085
tot_msg_sent: 1809
tot_reconf_duration: 7.819999999999999
tot_sleeping_duration: 1000668.8072800093
tot_uptimes: 261
tot_uptimes_duration: 15600.054719990752
