comms_cons: 105.31683199182966
finished_reconf: true
global_termination_time: 1017299.273
local_termination_time: 509093.87992000073
node_cons: 20903.832250079107
tot_aggregated_send: 12818
tot_msg_rcv: 1051
tot_msg_sent: 2138
tot_reconf_duration: 11.31
tot_sleeping_duration: 1001699.2182800007
tot_uptimes: 261
tot_uptimes_duration: 15600.054719999316
