comms_cons: 239.8856959886629
finished_reconf: true
global_termination_time: 2352015.546
local_termination_time: 1315521.531999998
node_cons: 48372.30918893445
tot_aggregated_send: 31842
tot_msg_rcv: 1536
tot_msg_sent: 3083
tot_reconf_duration: 5.57
tot_sleeping_duration: 2315895.497360019
tot_uptimes: 603
tot_uptimes_duration: 36120.04863998131
