comms_cons: 240.97697277985569
finished_reconf: true
global_termination_time: 2349200.866239995
local_termination_time: 198160.47948000007
node_cons: 48329.67565500733
tot_aggregated_send: 31668
tot_msg_rcv: 1847
tot_msg_sent: 3111
tot_reconf_duration: 11.31
tot_sleeping_duration: 2313118.478880019
tot_uptimes: 602
tot_uptimes_duration: 36082.38735997607
