comms_cons: 116.47817600126595
finished_reconf: true
global_termination_time: 587548.3554399986
local_termination_time: 3361.43048
node_cons: 12141.353141522455
tot_aggregated_send: 0
tot_msg_rcv: 8972
tot_msg_sent: 8730
tot_reconf_duration: 18.21
tot_sleeping_duration: 578499.3457599967
tot_uptimes: 151
tot_uptimes_duration: 9049.009680001822
