comms_cons: 59.956876799638586
finished_reconf: true
global_termination_time: 588527.178
local_termination_time: 301587.85136000003
node_cons: 12057.933941121415
tot_aggregated_send: 8062
tot_msg_rcv: 415
tot_msg_sent: 637
tot_reconf_duration: 5.1
tot_sleeping_duration: 579527.171919999
tot_uptimes: 151
tot_uptimes_duration: 9000.006080001069
