comms_cons: 58.28969600059892
finished_reconf: true
global_termination_time: 591899.836
local_termination_time: 289822.44136000006
node_cons: 12137.871980000014
tot_aggregated_send: 8294
tot_msg_rcv: 161
tot_msg_sent: 404
tot_reconf_duration: 4.8100000000000005
tot_sleeping_duration: 582839.836
tot_uptimes: 152
tot_uptimes_duration: 9060.0
