comms_cons: 116.5137535996423
finished_reconf: true
global_termination_time: 591442.104
local_termination_time: 3467.86436
node_cons: 12137.309761121447
tot_aggregated_send: 0
tot_msg_rcv: 8946
tot_msg_sent: 8761
tot_reconf_duration: 4.390000000000001
tot_sleeping_duration: 582382.0979199989
tot_uptimes: 152
tot_uptimes_duration: 9060.006080001069
