comms_cons: 58.59435520030589
finished_reconf: true
global_termination_time: 590611.643
local_termination_time: 428160.1050800001
node_cons: 12139.786759999977
tot_aggregated_send: 8410
tot_msg_rcv: 153
tot_msg_sent: 343
tot_reconf_duration: 6.22
tot_sleeping_duration: 581551.643
tot_uptimes: 152
tot_uptimes_duration: 9060.0
