comms_cons: 196.382540788944
finished_reconf: true
global_termination_time: 1963854.538
local_termination_time: 615741.2850399984
node_cons: 40336.657902233404
tot_aggregated_send: 27492
tot_msg_rcv: 772
tot_msg_sent: 1585
tot_reconf_duration: 4.390000000000001
tot_sleeping_duration: 1933734.5258400047
tot_uptimes: 503
tot_uptimes_duration: 30120.01215999527
