comms_cons: 196.1502271896846
finished_reconf: true
global_termination_time: 1964447.153
local_termination_time: 1584981.209519998
node_cons: 40415.18632334997
tot_aggregated_send: 27492
tot_msg_rcv: 804
tot_msg_sent: 1518
tot_reconf_duration: 3.05
tot_sleeping_duration: 1934267.134760007
tot_uptimes: 504
tot_uptimes_duration: 30180.018239992904
