comms_cons: 194.7482047913971
finished_reconf: true
global_termination_time: 1965856.06
local_termination_time: 1653392.2853599999
node_cons: 40421.65584223347
tot_aggregated_send: 27840
tot_msg_rcv: 599
tot_msg_sent: 1161
tot_reconf_duration: 7.819999999999999
tot_sleeping_duration: 1935676.0478400048
tot_uptimes: 504
tot_uptimes_duration: 30180.01215999527
