comms_cons: 54.77309440145906
finished_reconf: true
global_termination_time: 520501.11156000075
local_termination_time: 89296.306
node_cons: 10758.02595569106
tot_aggregated_send: 6783
tot_msg_rcv: 567
tot_msg_sent: 975
tot_reconf_duration: 6.22
tot_sleeping_duration: 512473.0464399925
tot_uptimes: 134
tot_uptimes_duration: 8028.06512000825
