comms_cons: 472.04917772869385
finished_reconf: true
global_termination_time: 4664670.431
local_termination_time: 819353.5173599999
node_cons: 95934.56965116708
tot_aggregated_send: 63800
tot_msg_rcv: 2489
tot_msg_sent: 5459
tot_reconf_duration: 6.279999999999999
tot_sleeping_duration: 4593030.370200023
tot_uptimes: 1195
tot_uptimes_duration: 71640.0607999774
