comms_cons: 468.55264006611714
finished_reconf: true
global_termination_time: 4664124.742
local_termination_time: 251496.27636000008
node_cons: 95960.41509341009
tot_aggregated_send: 64728
tot_msg_rcv: 2201
tot_msg_sent: 4287
tot_reconf_duration: 25.299999999999997
tot_sleeping_duration: 4592484.66904002
tot_uptimes: 1195
tot_uptimes_duration: 71640.07295997965
