comms_cons: 468.7716608972307
finished_reconf: true
global_termination_time: 4664751.604
local_termination_time: 909420.7453199985
node_cons: 95930.21591005064
tot_aggregated_send: 64902
tot_msg_rcv: 2141
tot_msg_sent: 4207
tot_reconf_duration: 3.08
tot_sleeping_duration: 4593111.54928002
tot_uptimes: 1195
tot_uptimes_duration: 71640.05471998011
