comms_cons: 460.1755648472246
finished_reconf: true
global_termination_time: 4664200.761
local_termination_time: 1419670.66236
node_cons: 95938.39650893369
tot_aggregated_send: 64728
tot_msg_rcv: 1730
tot_msg_sent: 3486
tot_reconf_duration: 9.11
tot_sleeping_duration: 4592560.712360017
tot_uptimes: 1195
tot_uptimes_duration: 71640.04863998224
