comms_cons: 192.67649918314956
finished_reconf: true
global_termination_time: 1914150.301
local_termination_time: 887889.3183599999
node_cons: 39370.76632335032
tot_aggregated_send: 25984
tot_msg_rcv: 1017
tot_msg_sent: 2284
tot_reconf_duration: 3.05
tot_sleeping_duration: 1884750.282760007
tot_uptimes: 491
tot_uptimes_duration: 29400.018239992904
