comms_cons: 195.10627838306021
finished_reconf: true
global_termination_time: 1916133.397
local_termination_time: 1307216.1634799999
node_cons: 39373.99022223334
tot_aggregated_send: 26332
tot_msg_rcv: 1235
tot_msg_sent: 2088
tot_reconf_duration: 5.43
tot_sleeping_duration: 1886733.3848400048
tot_uptimes: 491
tot_uptimes_duration: 29400.01215999527
