comms_cons: 224.0495807858699
finished_reconf: true
global_termination_time: 2252066.775
local_termination_time: 483328.2474800005
node_cons: 46281.8260433499
tot_aggregated_send: 31378
tot_msg_rcv: 868
tot_msg_sent: 1808
tot_reconf_duration: 4.390000000000001
tot_sleeping_duration: 2217506.7567600072
tot_uptimes: 577
tot_uptimes_duration: 34560.0182399929
