comms_cons: 224.57799038436735
finished_reconf: true
global_termination_time: 2252196.828
local_termination_time: 653461.169
node_cons: 46280.684714310235
tot_aggregated_send: 31086
tot_msg_rcv: 1023
tot_msg_sent: 2025
tot_reconf_duration: 3.05
tot_sleeping_duration: 2217636.303120007
tot_uptimes: 577
tot_uptimes_duration: 34560.524879993056
