comms_cons: 220.593996787158
finished_reconf: true
global_termination_time: 2253951.25
local_termination_time: 724607.6891999986
node_cons: 46366.82398335005
tot_aggregated_send: 30914
tot_msg_rcv: 874
tot_msg_sent: 1741
tot_reconf_duration: 7.819999999999999
tot_sleeping_duration: 2219331.231760007
tot_uptimes: 578
tot_uptimes_duration: 34620.0182399929
