comms_cons: 69.09868800797409
finished_reconf: true
global_termination_time: 353526.782
local_termination_time: 177.56403999999998
node_cons: 7239.128240000008
tot_aggregated_send: 0
tot_msg_rcv: 5282
tot_msg_sent: 5220
tot_reconf_duration: 6.279999999999999
tot_sleeping_duration: 348126.782
tot_uptimes: 91
tot_uptimes_duration: 5400.0
