comms_cons: 33.87630080033985
finished_reconf: true
global_termination_time: 351923.9290000001
local_termination_time: 59859.469480000014
node_cons: 7254.713050000168
tot_aggregated_send: 4756
tot_msg_rcv: 161
tot_msg_sent: 232
tot_reconf_duration: 4.8100000000000005
tot_sleeping_duration: 346510.799
tot_uptimes: 91
tot_uptimes_duration: 5413.130000000121
