comms_cons: 36.56782080039015
finished_reconf: true
global_termination_time: 351923.7272400002
local_termination_time: 11137.931040000003
node_cons: 7265.688981600838
tot_aggregated_send: 4524
tot_msg_rcv: 369
tot_msg_sent: 665
tot_reconf_duration: 7.819999999999999
tot_sleeping_duration: 346505.4528399996
tot_uptimes: 91
tot_uptimes_duration: 5418.2744000006205
