comms_cons: 167.2677823832827
finished_reconf: true
global_termination_time: 1658976.7984799999
local_termination_time: 1658976.75736
node_cons: 34133.36192544264
tot_aggregated_send: 22652
tot_msg_rcv: 844
tot_msg_sent: 1926
tot_reconf_duration: 37.410000000000004
tot_sleeping_duration: 1633523.057519998
tot_uptimes: 425
tot_uptimes_duration: 25453.740960001967
