comms_cons: 172.00065277576536
finished_reconf: true
global_termination_time: 1661460.503
local_termination_time: 407624.71236
node_cons: 34153.117792289704
tot_aggregated_send: 21170
tot_msg_rcv: 1829
tot_msg_sent: 3145
tot_reconf_duration: 6.279999999999999
tot_sleeping_duration: 1635960.4361200226
tot_uptimes: 426
tot_uptimes_duration: 25500.066879977414
