comms_cons: 167.27518718519573
finished_reconf: true
global_termination_time: 1661967.832
local_termination_time: 824095.7473599998
node_cons: 34159.38638223359
tot_aggregated_send: 21924
tot_msg_rcv: 1221
tot_msg_sent: 2280
tot_reconf_duration: 10.95
tot_sleeping_duration: 1636467.8198400047
tot_uptimes: 426
tot_uptimes_duration: 25500.01215999527
