comms_cons: 137.21259519696576
finished_reconf: true
global_termination_time: 1417677.015
local_termination_time: 505609.62636000005
node_cons: 29194.17870000008
tot_aggregated_send: 19662
tot_msg_rcv: 340
tot_msg_sent: 852
tot_reconf_duration: 22.65
tot_sleeping_duration: 1395897.015
tot_uptimes: 364
tot_uptimes_duration: 21780.0
