comms_cons: 141.58879359451086
finished_reconf: true
global_termination_time: 1414984.75
local_termination_time: 381552.1233600001
node_cons: 29093.715842238318
tot_aggregated_send: 19140
tot_msg_rcv: 798
tot_msg_sent: 1582
tot_reconf_duration: 7.819999999999999
tot_sleeping_duration: 1393264.7378400015
tot_uptimes: 363
tot_uptimes_duration: 21720.012159998703
