comms_cons: 80.99778559960478
finished_reconf: true
global_termination_time: 800012.464
local_termination_time: 159760.57436000006
node_cons: 16410.224284485743
tot_aggregated_send: 11020
tot_msg_rcv: 486
tot_msg_sent: 806
tot_reconf_duration: 15.34
tot_sleeping_duration: 787772.4396799958
tot_uptimes: 205
tot_uptimes_duration: 12240.024320004275
