comms_cons: 81.80765439773386
finished_reconf: true
global_termination_time: 803087.124
local_termination_time: 217629.32736000005
node_cons: 16487.6011422429
tot_aggregated_send: 10962
tot_msg_rcv: 552
tot_msg_sent: 922
tot_reconf_duration: 13.17
tot_sleeping_duration: 790787.1118399978
tot_uptimes: 206
tot_uptimes_duration: 12300.012160002138
