comms_cons: 82.11499519642526
finished_reconf: true
global_termination_time: 803292.081
local_termination_time: 359894.6222000002
node_cons: 16473.91520448117
tot_aggregated_send: 10614
tot_msg_rcv: 586
tot_msg_sent: 1281
tot_reconf_duration: 3.08
tot_sleeping_duration: 790992.0566799991
tot_uptimes: 206
tot_uptimes_duration: 12300.02432000084
