comms_cons: 81.05096319636638
finished_reconf: true
global_termination_time: 802244.837
local_termination_time: 366577.767
node_cons: 16495.151587840777
tot_aggregated_send: 10670
tot_msg_rcv: 569
tot_msg_sent: 1080
tot_reconf_duration: 18.700000000000003
tot_sleeping_duration: 789944.7944399995
tot_uptimes: 206
tot_uptimes_duration: 12300.042560000613
