comms_cons: 81.56892159785363
finished_reconf: true
global_termination_time: 799944.16724
local_termination_time: 197560.05972000008
node_cons: 16412.594326079437
tot_aggregated_send: 10846
tot_msg_rcv: 581
tot_msg_sent: 970
tot_reconf_duration: 3.05
tot_sleeping_duration: 787689.9085200004
tot_uptimes: 205
tot_uptimes_duration: 12254.258719999576
