comms_cons: 68.52894720013188
finished_reconf: true
global_termination_time: 701411.095
local_termination_time: 496368.47348000004
node_cons: 14389.306759999981
tot_aggregated_send: 10324
tot_msg_rcv: 39
tot_msg_sent: 53
tot_reconf_duration: 6.22
tot_sleeping_duration: 690671.095
tot_uptimes: 180
tot_uptimes_duration: 10740.0
