comms_cons: 111.7578623961709
finished_reconf: true
global_termination_time: 1146576.717
local_termination_time: 770714.2534799998
node_cons: 23570.37870000007
tot_aggregated_send: 15718
tot_msg_rcv: 457
tot_msg_sent: 811
tot_reconf_duration: 22.65
tot_sleeping_duration: 1128996.717
tot_uptimes: 294
tot_uptimes_duration: 17580.0
