comms_cons: 112.45168639817275
finished_reconf: true
global_termination_time: 1142086.3804799998
local_termination_time: 1142086.3393599999
node_cons: 23511.023518719834
tot_aggregated_send: 16632
tot_msg_rcv: 163
tot_msg_sent: 296
tot_reconf_duration: 24.59
tot_sleeping_duration: 1124552.676
tot_uptimes: 293
tot_uptimes_duration: 17533.70447999984
