comms_cons: 212.74741748519014
finished_reconf: true
global_termination_time: 1079609.65
local_termination_time: 286832.3274800001
node_cons: 22204.61498223833
tot_aggregated_send: 0
tot_msg_rcv: 16340
tot_msg_sent: 15995
tot_reconf_duration: 22.65
tot_sleeping_duration: 1063049.6378400011
tot_uptimes: 277
tot_uptimes_duration: 16560.012159998703
