comms_cons: 109.00418559516947
finished_reconf: true
global_termination_time: 1078105.031
local_termination_time: 548800.0213599999
node_cons: 22194.391944471943
tot_aggregated_send: 14674
tot_msg_rcv: 692
tot_msg_sent: 1202
tot_reconf_duration: 15.110000000000001
tot_sleeping_duration: 1061545.006680006
tot_uptimes: 277
tot_uptimes_duration: 16560.024319993972
