comms_cons: 106.70146559383807
finished_reconf: true
global_termination_time: 1081231.205
local_termination_time: 949650.2673599999
node_cons: 22190.016482233885
tot_aggregated_send: 15254
tot_msg_rcv: 316
tot_msg_sent: 648
tot_reconf_duration: 11.899999999999999
tot_sleeping_duration: 1064671.1928400046
tot_uptimes: 277
tot_uptimes_duration: 16560.012159995385
