comms_cons: 109.32111359343521
finished_reconf: true
global_termination_time: 1078853.788
local_termination_time: 590390.683119998
node_cons: 22177.99818223836
tot_aggregated_send: 14848
tot_msg_rcv: 608
tot_msg_sent: 1160
tot_reconf_duration: 3.05
tot_sleeping_duration: 1062293.7758400012
tot_uptimes: 277
tot_uptimes_duration: 16560.012159998703
