comms_cons: 112.27363839005503
finished_reconf: true
global_termination_time: 1079295.58
local_termination_time: 209922.3297200001
node_cons: 22182.343747844312
tot_aggregated_send: 14036
tot_msg_rcv: 1047
tot_msg_sent: 1980
tot_reconf_duration: 6.22
tot_sleeping_duration: 1062735.5374399968
tot_uptimes: 277
tot_uptimes_duration: 16560.042560003196
