comms_cons: 9.191142399990689
finished_reconf: true
global_termination_time: 3490.7976800000006
local_termination_time: 3490.7565600000007
node_cons: 978.4442625200003
tot_aggregated_send: 0
tot_msg_rcv: 697
tot_msg_sent: 698
tot_reconf_duration: 24.59
tot_sleeping_duration: 2785.0090000000005
tot_uptimes: 11
tot_uptimes_duration: 705.7886800000001
