comms_cons: 1.0658303999964802
finished_reconf: true
global_termination_time: 5840.747
local_termination_time: 2294.4053599999997
node_cons: 87.90405999999962
tot_aggregated_send: 0
tot_msg_rcv: 108
tot_msg_sent: 53
tot_reconf_duration: 5.57
tot_sleeping_duration: 5780.747
tot_uptimes: 2
tot_uptimes_duration: 60.0
