comms_cons: 0.9934592000022149
finished_reconf: true
global_termination_time: 5712.034
local_termination_time: 1693.2163600000003
node_cons: 98.22486000000009
tot_aggregated_send: 0
tot_msg_rcv: 105
tot_msg_sent: 46
tot_reconf_duration: 13.17
tot_sleeping_duration: 5652.034
tot_uptimes: 2
tot_uptimes_duration: 60.0
