comms_cons: 2.2764031999957517
finished_reconf: true
global_termination_time: 15099.559
local_termination_time: 6934.487360000001
node_cons: 247.9458000000008
tot_aggregated_send: 0
tot_msg_rcv: 175
tot_msg_sent: 170
tot_reconf_duration: 5.1
tot_sleeping_duration: 14919.559
tot_uptimes: 4
tot_uptimes_duration: 180.00000000000023
