comms_cons: 119.47169279281074
finished_reconf: true
global_termination_time: 1198066.139
local_termination_time: 7415.098999999999
node_cons: 24613.514004478882
tot_aggregated_send: 16567
tot_msg_rcv: 513
tot_msg_sent: 1079
tot_reconf_duration: 21.68
tot_sleeping_duration: 1179706.1146800008
tot_uptimes: 307
tot_uptimes_duration: 18360.02431999914
