comms_cons: 118.2611199916656
finished_reconf: true
global_termination_time: 1198293.098
local_termination_time: 6824.777
node_cons: 24587.80980111687
tot_aggregated_send: 16584
tot_msg_rcv: 434
tot_msg_sent: 957
tot_reconf_duration: 2.77
tot_sleeping_duration: 1179933.0919200024
tot_uptimes: 307
tot_uptimes_duration: 18360.006079997635
