comms_cons: 114.97809919791375
finished_reconf: true
global_termination_time: 1197265.34
local_termination_time: 4935.555
node_cons: 24594.301041116873
tot_aggregated_send: 17044
tot_msg_rcv: 147
tot_msg_sent: 285
tot_reconf_duration: 7.55
tot_sleeping_duration: 1178905.3339200024
tot_uptimes: 307
tot_uptimes_duration: 18360.006079997635
