comms_cons: 15.553855999554958
finished_reconf: true
global_termination_time: 100022.429
local_termination_time: 34845.282360000005
node_cons: 2023.4189467194633
tot_aggregated_send: 348
tot_msg_rcv: 918
tot_msg_sent: 1098
tot_reconf_duration: 10.95
tot_sleeping_duration: 98522.3925200004
tot_uptimes: 26
tot_uptimes_duration: 1500.0364799996023
