comms_cons: 12.076806399904772
finished_reconf: true
global_termination_time: 104352.575
local_termination_time: 41332.07436000001
node_cons: 2099.475842239443
tot_aggregated_send: 696
tot_msg_rcv: 499
tot_msg_sent: 641
tot_reconf_duration: 7.819999999999999
tot_sleeping_duration: 102792.5628400004
tot_uptimes: 27
tot_uptimes_duration: 1560.0121599995846
