comms_cons: 12.961651199946694
finished_reconf: true
global_termination_time: 100773.199
local_termination_time: 40322.32148000001
node_cons: 2023.88340336087
tot_aggregated_send: 638
tot_msg_rcv: 523
tot_msg_sent: 809
tot_reconf_duration: 11.31
tot_sleeping_duration: 99273.18075999933
tot_uptimes: 26
tot_uptimes_duration: 1500.0182400006524
