comms_cons: 39.26661760156023
finished_reconf: true
global_termination_time: 328506.48060000007
local_termination_time: 328506.43948000006
node_cons: 6800.464412970751
tot_aggregated_send: 2900
tot_msg_rcv: 1065
tot_msg_sent: 2005
tot_reconf_duration: 24.59
tot_sleeping_duration: 323452.65595999203
tot_uptimes: 85
tot_uptimes_duration: 5053.824640008017
