comms_cons: 32.79731200044975
finished_reconf: true
global_termination_time: 330621.199
local_termination_time: 258989.116600001
node_cons: 6759.400714644231
tot_aggregated_send: 4466
tot_msg_rcv: 114
tot_msg_sent: 405
tot_reconf_duration: 5.1
tot_sleeping_duration: 325578.2752399969
tot_uptimes: 85
tot_uptimes_duration: 5042.923760003148
