comms_cons: 101.77630079836372
finished_reconf: true
global_termination_time: 1035984.973
local_termination_time: 201349.47900000002
node_cons: 21296.64826224289
tot_aggregated_send: 14610
tot_msg_rcv: 268
tot_msg_sent: 591
tot_reconf_duration: 4.8100000000000005
tot_sleeping_duration: 1020084.9608399979
tot_uptimes: 266
tot_uptimes_duration: 15900.012160002138
