comms_cons: 104.6625407959628
finished_reconf: true
global_termination_time: 1034450.662
local_termination_time: 238412.54536000005
node_cons: 21218.214901116866
tot_aggregated_send: 14268
tot_msg_rcv: 597
tot_msg_sent: 1044
tot_reconf_duration: 6.22
tot_sleeping_duration: 1018610.6559200024
tot_uptimes: 265
tot_uptimes_duration: 15840.006079997635
