comms_cons: 32.50124800024855
finished_reconf: true
global_termination_time: 317948.7141600009
local_termination_time: 315331.84236
node_cons: 6590.250636241147
tot_aggregated_send: 4350
tot_msg_rcv: 203
tot_msg_sent: 387
tot_reconf_duration: 4.390000000000001
tot_sleeping_duration: 313031.396
tot_uptimes: 82
tot_uptimes_duration: 4917.3181600008975
