comms_cons: 175.67779838705127
finished_reconf: true
global_termination_time: 1752715.048
local_termination_time: 560640.1143599999
node_cons: 35998.29790223359
tot_aggregated_send: 24650
tot_msg_rcv: 718
tot_msg_sent: 1334
tot_reconf_duration: 4.390000000000001
tot_sleeping_duration: 1725835.0358400047
tot_uptimes: 449
tot_uptimes_duration: 26880.01215999527
