comms_cons: 848.4131193235891
finished_reconf: true
global_termination_time: 1750845.0701999995
local_termination_time: 1750845.0290799995
node_cons: 106639.53300974763
tot_aggregated_send: 0
tot_msg_rcv: 52033
tot_msg_sent: 76920
tot_reconf_duration: 24.59
tot_sleeping_duration: 1671228.8343600065
tot_uptimes: 1306
tot_uptimes_duration: 79616.23583999297
