comms_cons: 355.60638724129007
finished_reconf: true
global_termination_time: 3563221.225639999
local_termination_time: 3563221.1845199987
node_cons: 73347.1820363154
tot_aggregated_send: 50620
tot_msg_rcv: 1141
tot_msg_sent: 2289
tot_reconf_duration: 24.59
tot_sleeping_duration: 3508468.5827600006
tot_uptimes: 913
tot_uptimes_duration: 54752.64287999804
