comms_cons: 42.0081920010218
finished_reconf: true
global_termination_time: 405626.751
local_termination_time: 231453.72236000004
node_cons: 8283.556381121434
tot_aggregated_send: 5336
tot_msg_rcv: 415
tot_msg_sent: 634
tot_reconf_duration: 6.279999999999999
tot_sleeping_duration: 399446.7449199989
tot_uptimes: 104
tot_uptimes_duration: 6180.006080001065
