comms_cons: 16.52447999984876
finished_reconf: true
global_termination_time: 146927.88224000097
local_termination_time: 146927.88224000097
node_cons: 3093.2741989601914
tot_aggregated_send: 1624
tot_msg_rcv: 314
tot_msg_sent: 572
tot_reconf_duration: 24.59
tot_sleeping_duration: 144642.68360000083
tot_uptimes: 38
tot_uptimes_duration: 2285.1986400001333
