comms_cons: 2.18429439999693
finished_reconf: true
global_termination_time: 18117.14
local_termination_time: 6158.394360000001
node_cons: 352.11870000000056
tot_aggregated_send: 0
tot_msg_rcv: 177
tot_msg_sent: 155
tot_reconf_duration: 22.65
tot_sleeping_duration: 17877.14
tot_uptimes: 5
tot_uptimes_duration: 239.9999999999999
