comms_cons: 1.5329535999949357
finished_reconf: true
global_termination_time: 17997.076
local_termination_time: 6480.14836
node_cons: 328.7339400000004
tot_aggregated_send: 0
tot_msg_rcv: 120
tot_msg_sent: 113
tot_reconf_duration: 5.43
tot_sleeping_duration: 17757.076
tot_uptimes: 5
tot_uptimes_duration: 240.0
