comms_cons: 44.14320640230704
finished_reconf: true
global_termination_time: 209726.3117600004
local_termination_time: 209726.27064000038
node_cons: 4331.1524904825665
tot_aggregated_send: 0
tot_msg_rcv: 3583
tot_msg_sent: 3119
tot_reconf_duration: 24.59
tot_sleeping_duration: 206516.63343999846
tot_uptimes: 54
tot_uptimes_duration: 3209.6783200019054
