comms_cons: 22.45480960004561
finished_reconf: true
global_termination_time: 214292.057
local_termination_time: 6150.054360000001
node_cons: 4346.896381119155
tot_aggregated_send: 2726
tot_msg_rcv: 283
tot_msg_sent: 404
tot_reconf_duration: 6.279999999999999
tot_sleeping_duration: 211052.05092000065
tot_uptimes: 55
tot_uptimes_duration: 3240.006079999366
