comms_cons: 80.3523967993907
finished_reconf: true
global_termination_time: 826403.709
local_termination_time: 520115.75260000007
node_cons: 16967.107121116853
tot_aggregated_send: 11542
tot_msg_rcv: 176
tot_msg_sent: 495
tot_reconf_duration: 11.31
tot_sleeping_duration: 813743.7029200024
tot_uptimes: 212
tot_uptimes_duration: 12660.006079997635
