comms_cons: 123.5667007923948
finished_reconf: true
global_termination_time: 623056.059
local_termination_time: 3215.37336
node_cons: 12781.64034224288
tot_aggregated_send: 0
tot_msg_rcv: 9552
tot_msg_sent: 9229
tot_reconf_duration: 5.57
tot_sleeping_duration: 613516.0468399979
tot_uptimes: 160
tot_uptimes_duration: 9540.012160002138
