comms_cons: 61.627366400386876
finished_reconf: true
global_termination_time: 622617.352
local_termination_time: 214304.74436000004
node_cons: 12790.22020000001
tot_aggregated_send: 8700
tot_msg_rcv: 250
tot_msg_sent: 417
tot_reconf_duration: 11.899999999999999
tot_sleeping_duration: 613077.352
tot_uptimes: 160
tot_uptimes_duration: 9540.0
