comms_cons: 64.60837119970611
finished_reconf: true
global_termination_time: 622226.566
local_termination_time: 267184.83836000005
node_cons: 12784.703983364321
tot_aggregated_send: 8294
tot_msg_rcv: 601
tot_msg_sent: 926
tot_reconf_duration: 7.819999999999999
tot_sleeping_duration: 612686.5477599967
tot_uptimes: 160
tot_uptimes_duration: 9540.018240003206
