comms_cons: 64.90380799908293
finished_reconf: true
global_termination_time: 623631.189
local_termination_time: 236880.89708000017
node_cons: 12794.908002242875
tot_aggregated_send: 8062
tot_msg_rcv: 655
tot_msg_sent: 1148
tot_reconf_duration: 15.34
tot_sleeping_duration: 614091.1768399979
tot_uptimes: 160
tot_uptimes_duration: 9540.012160002138
