comms_cons: 277.02184960861
finished_reconf: true
global_termination_time: 2767755.6441199966
local_termination_time: 13307.43344
node_cons: 56933.220846380056
tot_aggregated_send: 38512
tot_msg_rcv: 1224
tot_msg_sent: 2368
tot_reconf_duration: 22.65
tot_sleeping_duration: 2725259.406520011
tot_uptimes: 709
tot_uptimes_duration: 42496.23759998585
