comms_cons: 33.28417280077189
finished_reconf: true
global_termination_time: 326766.561
local_termination_time: 201713.61136000004
node_cons: 6679.230643362872
tot_aggregated_send: 4350
tot_msg_rcv: 249
tot_msg_sent: 460
tot_reconf_duration: 8.09
tot_sleeping_duration: 321786.5427599978
tot_uptimes: 84
tot_uptimes_duration: 4980.018240002144
