comms_cons: 34.49474560086948
finished_reconf: true
global_termination_time: 328173.775
local_termination_time: 256519.32944000023
node_cons: 6769.111944485751
tot_aggregated_send: 4176
tot_msg_rcv: 381
tot_msg_sent: 686
tot_reconf_duration: 15.110000000000001
tot_sleeping_duration: 323133.75067999575
tot_uptimes: 85
tot_uptimes_duration: 5040.024320004275
