comms_cons: 32.55185920038649
finished_reconf: true
global_termination_time: 327575.88
local_termination_time: 280865.3413600001
node_cons: 6685.379681121445
tot_aggregated_send: 4524
tot_msg_rcv: 144
tot_msg_sent: 280
tot_reconf_duration: 12.629999999999999
tot_sleeping_duration: 322595.87391999894
tot_uptimes: 84
tot_uptimes_duration: 4980.006080001069
