comms_cons: 32.829862400094285
finished_reconf: true
global_termination_time: 326916.084
local_termination_time: 117727.53235999998
node_cons: 6684.388341121449
tot_aggregated_send: 4466
tot_msg_rcv: 185
tot_msg_sent: 339
tot_reconf_duration: 11.899999999999999
tot_sleeping_duration: 321936.0779199989
tot_uptimes: 84
tot_uptimes_duration: 4980.006080001069
