comms_cons: 455.36318699801245
finished_reconf: true
global_termination_time: 940700.0173599978
local_termination_time: 940700.0173599978
node_cons: 57214.51047871866
tot_aggregated_send: 0
tot_msg_rcv: 27943
tot_msg_sent: 41268
tot_reconf_duration: 24.59
tot_sleeping_duration: 897995.6728799981
tot_uptimes: 706
tot_uptimes_duration: 42704.344479999716
