comms_cons: 186.1739647184825
finished_reconf: true
global_termination_time: 943437.403
local_termination_time: 3236.5963600000005
node_cons: 19386.718026714818
tot_aggregated_send: 0
tot_msg_rcv: 14319
tot_msg_sent: 13976
tot_reconf_duration: 18.21
tot_sleeping_duration: 928977.366520004
tot_uptimes: 242
tot_uptimes_duration: 14460.036479996112
