comms_cons: 95.12207359860815
finished_reconf: true
global_termination_time: 940700.19336
local_termination_time: 181625.23040000035
node_cons: 19306.209211278263
tot_aggregated_send: 12702
tot_msg_rcv: 531
tot_msg_sent: 1225
tot_reconf_duration: 3.05
tot_sleeping_duration: 926284.9078400013
tot_uptimes: 241
tot_uptimes_duration: 14415.285519998695
