comms_cons: 263.3870015906116
finished_reconf: true
global_termination_time: 2614735.814239997
local_termination_time: 294793.90216000035
node_cons: 53792.663668294445
tot_aggregated_send: 36076
tot_msg_rcv: 1373
tot_msg_sent: 2585
tot_reconf_duration: 18.21
tot_sleeping_duration: 2574580.5233600154
tot_uptimes: 670
tot_uptimes_duration: 40155.290879981534
