comms_cons: 261.2751807825506
finished_reconf: true
global_termination_time: 2616525.672
local_termination_time: 991925.0974799998
node_cons: 53848.656143349595
tot_aggregated_send: 36134
tot_msg_rcv: 1204
tot_msg_sent: 2373
tot_reconf_duration: 15.34
tot_sleeping_duration: 2576325.653760007
tot_uptimes: 671
tot_uptimes_duration: 40200.0182399929
