comms_cons: 78.35231999652198
finished_reconf: true
global_termination_time: 759086.131
local_termination_time: 203492.00976000042
node_cons: 15606.824284481143
tot_aggregated_send: 9860
tot_msg_rcv: 662
tot_msg_sent: 1388
tot_reconf_duration: 15.34
tot_sleeping_duration: 747446.1066799993
tot_uptimes: 195
tot_uptimes_duration: 11640.02432000084
