comms_cons: 46.78469120070301
finished_reconf: true
global_termination_time: 470646.503
local_termination_time: 166800.54036000004
node_cons: 9653.616783364281
tot_aggregated_send: 6554
tot_msg_rcv: 157
tot_msg_sent: 400
tot_reconf_duration: 9.42
tot_sleeping_duration: 463446.4847599968
tot_uptimes: 121
tot_uptimes_duration: 7200.018240003206
