comms_cons: 46.626790400371924
finished_reconf: true
global_termination_time: 471835.388
local_termination_time: 339904.4124800001
node_cons: 9644.941900000076
tot_aggregated_send: 6670
tot_msg_rcv: 128
tot_msg_sent: 289
tot_reconf_duration: 3.05
tot_sleeping_duration: 464635.388
tot_uptimes: 121
tot_uptimes_duration: 7200.0
