comms_cons: 50.6374720005543
finished_reconf: true
global_termination_time: 474644.755
local_termination_time: 97993.30535999997
node_cons: 9731.783983362035
tot_aggregated_send: 5974
tot_msg_rcv: 678
tot_msg_sent: 1045
tot_reconf_duration: 7.819999999999999
tot_sleeping_duration: 467384.73675999854
tot_uptimes: 122
tot_uptimes_duration: 7260.018240001504
