comms_cons: 48.34876800090147
finished_reconf: true
global_termination_time: 469261.703
local_termination_time: 296416.338
node_cons: 9661.656143364338
tot_aggregated_send: 6135
tot_msg_rcv: 398
tot_msg_sent: 815
tot_reconf_duration: 15.34
tot_sleeping_duration: 462061.6847599968
tot_uptimes: 121
tot_uptimes_duration: 7200.018240003206
