comms_cons: 38.96368640152166
finished_reconf: true
global_termination_time: 328749.3156000001
local_termination_time: 328749.2744800001
node_cons: 6800.4562718527395
tot_aggregated_send: 3350
tot_msg_rcv: 1018
tot_msg_sent: 1554
tot_reconf_duration: 24.59
tot_sleeping_duration: 323695.49703999056
tot_uptimes: 85
tot_uptimes_duration: 5053.818560009502
