comms_cons: 14.611430399561346
finished_reconf: true
global_termination_time: 130985.978
local_termination_time: 100809.46363999949
node_cons: 2659.6749011191537
tot_aggregated_send: 1160
tot_msg_rcv: 310
tot_msg_sent: 751
tot_reconf_duration: 6.22
tot_sleeping_duration: 129005.97192000064
tot_uptimes: 34
tot_uptimes_duration: 1980.0060799993662
