comms_cons: 124.58773759199725
finished_reconf: true
global_termination_time: 1050076.454
local_termination_time: 563973.1653199996
node_cons: 21535.261900000096
tot_aggregated_send: 0
tot_msg_rcv: 9595
tot_msg_sent: 9342
tot_reconf_duration: 3.05
tot_sleeping_duration: 1033996.4539999999
tot_uptimes: 269
tot_uptimes_duration: 16080.0
