comms_cons: 105.54753279831189
finished_reconf: true
global_termination_time: 1048596.497
local_termination_time: 424765.36536000005
node_cons: 21541.747701116885
tot_aggregated_send: 14384
tot_msg_rcv: 649
tot_msg_sent: 1009
tot_reconf_duration: 7.819999999999999
tot_sleeping_duration: 1032516.4909200023
tot_uptimes: 269
tot_uptimes_duration: 16080.006079997642
