comms_cons: 66.81936000422569
finished_reconf: true
global_termination_time: 592785.45936
local_termination_time: 14171.674280000003
node_cons: 12175.379488192351
tot_aggregated_send: 5278
tot_msg_rcv: 1877
tot_msg_sent: 3004
tot_reconf_duration: 18.21
tot_sleeping_duration: 583711.0379199758
tot_uptimes: 152
tot_uptimes_duration: 9074.421440024154
