comms_cons: 59.9678336009474
finished_reconf: true
global_termination_time: 596051.606
local_termination_time: 289217.04380000074
node_cons: 12232.528002240633
tot_aggregated_send: 7772
tot_msg_rcv: 366
tot_msg_sent: 976
tot_reconf_duration: 15.34
tot_sleeping_duration: 586931.5938399995
tot_uptimes: 153
tot_uptimes_duration: 9120.012160000435
