comms_cons: 178.56581758768513
finished_reconf: true
global_termination_time: 1780273.161
local_termination_time: 870056.8893599989
node_cons: 36558.88263999983
tot_aggregated_send: 24882
tot_msg_rcv: 752
tot_msg_sent: 1506
tot_reconf_duration: 3.08
tot_sleeping_duration: 1752973.161
tot_uptimes: 456
tot_uptimes_duration: 27300.0
