comms_cons: 180.3195455854455
finished_reconf: true
global_termination_time: 1779322.373
local_termination_time: 66415.11083999992
node_cons: 36561.29710893455
tot_aggregated_send: 24070
tot_msg_rcv: 1008
tot_msg_sent: 2330
tot_reconf_duration: 4.8100000000000005
tot_sleeping_duration: 1752022.3243600188
tot_uptimes: 456
tot_uptimes_duration: 27300.048639981076
