comms_cons: 182.9418623803395
finished_reconf: true
global_termination_time: 1783167.401
local_termination_time: 583674.9403599999
node_cons: 36641.09931340189
tot_aggregated_send: 24012
tot_msg_rcv: 1347
tot_msg_sent: 2448
tot_reconf_duration: 4.390000000000001
tot_sleeping_duration: 1755807.3280400285
tot_uptimes: 457
tot_uptimes_duration: 27360.072959971614
