comms_cons: 1152.7276189436643
finished_reconf: true
global_termination_time: 6979794.016
local_termination_time: 1659060.2583599996
node_cons: 143574.54650558077
tot_aggregated_send: 0
tot_msg_rcv: 88217
tot_msg_sent: 86990
tot_reconf_duration: 5.1
tot_sleeping_duration: 6872573.9856000105
tot_uptimes: 1788
tot_uptimes_duration: 107220.03039998934
