comms_cons: 701.6026113748189
finished_reconf: true
global_termination_time: 6978668.509
local_termination_time: 1126866.278399998
node_cons: 143571.78702893137
tot_aggregated_send: 96744
tot_msg_rcv: 3282
tot_msg_sent: 6612
tot_reconf_duration: 3.05
tot_sleeping_duration: 6871448.460360018
tot_uptimes: 1788
tot_uptimes_duration: 107220.04863998236
