comms_cons: 699.9156609584161
finished_reconf: true
global_termination_time: 6977665.101
local_termination_time: 1485000.769599998
node_cons: 143514.86979021184
tot_aggregated_send: 97150
tot_msg_rcv: 3251
tot_msg_sent: 5983
tot_reconf_duration: 11.31
tot_sleeping_duration: 6870495.936840017
tot_uptimes: 1787
tot_uptimes_duration: 107169.16415998247
