comms_cons: 57.05384960111146
finished_reconf: true
global_termination_time: 579185.669
local_termination_time: 171167.2786000001
node_cons: 11897.27022336431
tot_aggregated_send: 7424
tot_msg_rcv: 365
tot_msg_sent: 883
tot_reconf_duration: 5.1
tot_sleeping_duration: 570305.6507599967
tot_uptimes: 149
tot_uptimes_duration: 8880.018240003203
