comms_cons: 59.4443264012318
finished_reconf: true
global_termination_time: 580700.46
local_termination_time: 175086.27748000008
node_cons: 11921.11126448573
tot_aggregated_send: 7598
tot_msg_rcv: 466
tot_msg_sent: 973
tot_reconf_duration: 22.65
tot_sleeping_duration: 571820.4356799957
tot_uptimes: 149
tot_uptimes_duration: 8880.024320004275
