comms_cons: 59.200268800988624
finished_reconf: true
global_termination_time: 579687.542
local_termination_time: 278929.16736000095
node_cons: 11897.571826405598
tot_aggregated_send: 7888
tot_msg_rcv: 416
tot_msg_sent: 694
tot_reconf_duration: 4.8100000000000005
tot_sleeping_duration: 570807.0043999959
tot_uptimes: 149
tot_uptimes_duration: 8880.537600004172
