comms_cons: 116.28632320214112
finished_reconf: true
global_termination_time: 583775.651
local_termination_time: 3473.66136
node_cons: 11976.67046672746
tot_aggregated_send: 0
tot_msg_rcv: 9022
tot_msg_sent: 8652
tot_reconf_duration: 4.390000000000001
tot_sleeping_duration: 574835.6145199944
tot_uptimes: 150
tot_uptimes_duration: 8940.036480005561
