comms_cons: 58.77199360102401
finished_reconf: true
global_termination_time: 581352.1
local_termination_time: 306886.11604000075
node_cons: 11898.78304224284
tot_aggregated_send: 7946
tot_msg_rcv: 352
tot_msg_sent: 635
tot_reconf_duration: 6.22
tot_sleeping_duration: 572472.0878399978
tot_uptimes: 149
tot_uptimes_duration: 8880.012160002138
