comms_cons: 284.4373631989662
finished_reconf: true
global_termination_time: 2874703.397
local_termination_time: 788359.1749999999
node_cons: 59155.01802669985
tot_aggregated_send: 40466
tot_msg_rcv: 841
tot_msg_sent: 1925
tot_reconf_duration: 18.21
tot_sleeping_duration: 2830543.360520014
tot_uptimes: 737
tot_uptimes_duration: 44160.03647998581
