comms_cons: 289.34995840420385
finished_reconf: true
global_termination_time: 2877148.369
local_termination_time: 463087.971
node_cons: 59172.40098123634
tot_aggregated_send: 38744
tot_msg_rcv: 1631
tot_msg_sent: 3605
tot_reconf_duration: 22.65
tot_sleeping_duration: 2832979.8534800317
tot_uptimes: 737
tot_uptimes_duration: 44168.515519968176
