comms_cons: 284.2418687950304
finished_reconf: true
global_termination_time: 2873573.73
local_termination_time: 998860.0283599999
node_cons: 59058.428239998946
tot_aggregated_send: 41064
tot_msg_rcv: 749
tot_msg_sent: 1389
tot_reconf_duration: 6.279999999999999
tot_sleeping_duration: 2829473.73
tot_uptimes: 736
tot_uptimes_duration: 44100.0
