comms_cons: 285.69580800680455
finished_reconf: true
global_termination_time: 2874520.689
local_termination_time: 856046.3135199981
node_cons: 59156.01466527636
tot_aggregated_send: 41122
tot_msg_rcv: 762
tot_msg_sent: 1541
tot_reconf_duration: 15.34
tot_sleeping_duration: 2830356.9974800018
tot_uptimes: 737
tot_uptimes_duration: 44163.69151999813
