comms_cons: 267.5563264060732
finished_reconf: true
global_termination_time: 2692368.55948
local_termination_time: 2692368.5183599996
node_cons: 55406.01980095682
tot_aggregated_send: 38498
tot_msg_rcv: 710
tot_msg_sent: 1458
tot_reconf_duration: 24.59
tot_sleeping_duration: 2651014.8428400015
tot_uptimes: 690
tot_uptimes_duration: 41353.71663999854
