comms_cons: 258.3125503949733
finished_reconf: true
global_termination_time: 2692491.703
local_termination_time: 1401220.0123599998
node_cons: 55362.70675999907
tot_aggregated_send: 37410
tot_msg_rcv: 606
tot_msg_sent: 1246
tot_reconf_duration: 6.22
tot_sleeping_duration: 2651151.703
tot_uptimes: 690
tot_uptimes_duration: 41340.00000000003
