comms_cons: 399.2942909278259
finished_reconf: true
global_termination_time: 1374061.102
local_termination_time: 369177.12964000035
node_cons: 55917.80412427502
tot_aggregated_send: 0
tot_msg_rcv: 20359
tot_msg_sent: 40332
tot_reconf_duration: 13.17
tot_sleeping_duration: 1332313.5894800029
tot_uptimes: 690
tot_uptimes_duration: 41747.51251999699
