comms_cons: 271.18280941495647
finished_reconf: true
global_termination_time: 1374061.102
local_termination_time: 369169.1285200003
node_cons: 28207.819324467335
tot_aggregated_send: 0
tot_msg_rcv: 20859
tot_msg_sent: 20360
tot_reconf_duration: 6.22
tot_sleeping_duration: 1353001.0776800094
tot_uptimes: 352
tot_uptimes_duration: 21060.024319990538
