comms_cons: 97.9371775914856
finished_reconf: true
global_termination_time: 957528.746
local_termination_time: 600899.5377199998
node_cons: 19689.8564033506
tot_aggregated_send: 12876
tot_msg_rcv: 676
tot_msg_sent: 1333
tot_reconf_duration: 4.8100000000000005
tot_sleeping_duration: 942828.7277600071
tot_uptimes: 246
tot_uptimes_duration: 14700.018239992904
