comms_cons: 98.68862719690141
finished_reconf: true
global_termination_time: 960205.113
local_termination_time: 463045.97936
node_cons: 19708.71088223363
tot_aggregated_send: 12528
tot_msg_rcv: 882
tot_msg_sent: 1590
tot_reconf_duration: 18.700000000000003
tot_sleeping_duration: 945505.1008400047
tot_uptimes: 246
tot_uptimes_duration: 14700.012159995269
