comms_cons: 98.9615359938532
finished_reconf: true
global_termination_time: 957966.388
local_termination_time: 412771.41536000004
node_cons: 19693.960265597994
tot_aggregated_send: 12702
tot_msg_rcv: 831
tot_msg_sent: 1508
tot_reconf_duration: 7.819999999999999
tot_sleeping_duration: 943266.3576000015
tot_uptimes: 246
tot_uptimes_duration: 14700.030399998475
