comms_cons: 108.25226879736866
finished_reconf: true
global_termination_time: 1083414.698
local_termination_time: 539500.0272799992
node_cons: 22275.011719999988
tot_aggregated_send: 15370
tot_msg_rcv: 401
tot_msg_sent: 682
tot_reconf_duration: 15.34
tot_sleeping_duration: 1066794.698
tot_uptimes: 278
tot_uptimes_duration: 16620.0
