comms_cons: 106.78041599630507
finished_reconf: true
global_termination_time: 1081370.55
local_termination_time: 571842.1650399994
node_cons: 22208.197400000096
tot_aggregated_send: 15486
tot_msg_rcv: 246
tot_msg_sent: 498
tot_reconf_duration: 25.299999999999997
tot_sleeping_duration: 1064810.55
tot_uptimes: 277
tot_uptimes_duration: 16560.0
