comms_cons: 9.26351359996483
finished_reconf: true
global_termination_time: 91598.62699999966
local_termination_time: 91583.31251999976
node_cons: 1906.1083819995283
tot_aggregated_send: 1276
tot_msg_rcv: 49
tot_msg_sent: 83
tot_reconf_duration: 3.05
tot_sleeping_duration: 90178.189
tot_uptimes: 24
tot_uptimes_duration: 1420.43799999966
