comms_cons: 11.975590400040733
finished_reconf: true
global_termination_time: 95641.11247999995
local_termination_time: 95641.07135999996
node_cons: 1997.3212198402255
tot_aggregated_send: 670
tot_msg_rcv: 427
tot_msg_sent: 722
tot_reconf_duration: 37.410000000000004
tot_sleeping_duration: 94187.40191999979
tot_uptimes: 25
tot_uptimes_duration: 1453.7105600001742
