comms_cons: 12.398975999957333
finished_reconf: true
global_termination_time: 99925.031
local_termination_time: 12566.543360000001
node_cons: 2016.1047655997525
tot_aggregated_send: 464
tot_msg_rcv: 595
tot_msg_sent: 828
tot_reconf_duration: 5.57
tot_sleeping_duration: 98425.00060000019
tot_uptimes: 26
tot_uptimes_duration: 1500.030399999814
