comms_cons: 13.154259199922876
finished_reconf: true
global_termination_time: 100723.406
local_termination_time: 17106.54336
node_cons: 2029.0682267191853
tot_aggregated_send: 522
tot_msg_rcv: 603
tot_msg_sent: 873
tot_reconf_duration: 15.110000000000001
tot_sleeping_duration: 99223.3695200006
tot_uptimes: 26
tot_uptimes_duration: 1500.0364799993913
