comms_cons: 11.335142399901391
finished_reconf: true
global_termination_time: 96571.481
local_termination_time: 35329.56036
node_cons: 1958.9349822405738
tot_aggregated_send: 754
tot_msg_rcv: 403
tot_msg_sent: 566
tot_reconf_duration: 22.65
tot_sleeping_duration: 95131.46883999956
tot_uptimes: 25
tot_uptimes_duration: 1440.012160000435
