comms_cons: 12.397721600193545
finished_reconf: true
global_termination_time: 96258.941
local_termination_time: 29082.2066
node_cons: 1940.9944581600391
tot_aggregated_send: 638
tot_msg_rcv: 607
tot_msg_sent: 641
tot_reconf_duration: 9.42
tot_sleeping_duration: 94818.90955999999
tot_uptimes: 25
tot_uptimes_duration: 1440.031440000028
