comms_cons: 12.160524800090545
finished_reconf: true
global_termination_time: 99418.298
local_termination_time: 25070.475920000004
node_cons: 2019.12770112029
tot_aggregated_send: 580
tot_msg_rcv: 565
tot_msg_sent: 704
tot_reconf_duration: 7.819999999999999
tot_sleeping_duration: 97918.29191999979
tot_uptimes: 26
tot_uptimes_duration: 1500.0060800002175
