comms_cons: 790.5901953134813
finished_reconf: true
global_termination_time: 7966867.25448
local_termination_time: 7966867.2133599995
node_cons: 163962.80192542006
tot_aggregated_send: 114292
tot_msg_rcv: 1858
tot_msg_sent: 4014
tot_reconf_duration: 37.410000000000004
tot_sleeping_duration: 7844453.51352001
tot_uptimes: 2041
tot_uptimes_duration: 122413.74095998955
