comms_cons: 788.9835137662601
finished_reconf: true
global_termination_time: 7969307.629
local_termination_time: 3531074.9853600003
node_cons: 163914.16822669766
tot_aggregated_send: 110896
tot_msg_rcv: 2936
tot_msg_sent: 6087
tot_reconf_duration: 15.110000000000001
tot_sleeping_duration: 7846907.5925200125
tot_uptimes: 2041
tot_uptimes_duration: 122400.0364799872
