comms_cons: 804.5288002687274
finished_reconf: true
global_termination_time: 7971616.907
local_termination_time: 1295116.213
node_cons: 163982.5357543217
tot_aggregated_send: 110255
tot_msg_rcv: 4122
tot_msg_sent: 7907
tot_reconf_duration: 4.390000000000001
tot_sleeping_duration: 7849154.939760024
tot_uptimes: 2042
tot_uptimes_duration: 122461.9672399757
