comms_cons: 799.4994114419551
finished_reconf: true
global_termination_time: 7967265.868
local_termination_time: 1523894.6383599997
node_cons: 163901.06349228256
tot_aggregated_send: 109794
tot_msg_rcv: 3824
tot_msg_sent: 7899
tot_reconf_duration: 5.43
tot_sleeping_duration: 7844865.801120024
tot_uptimes: 2041
tot_uptimes_duration: 122400.06687997631
