comms_cons: 142.28177916749712
finished_reconf: true
global_termination_time: 729828.141
local_termination_time: 595904.1489199994
node_cons: 14953.85956000011
tot_aggregated_send: 0
tot_msg_rcv: 10842
tot_msg_sent: 10784
tot_reconf_duration: 7.819999999999999
tot_sleeping_duration: 718668.141
tot_uptimes: 187
tot_uptimes_duration: 11160.0
