comms_cons: 72.62778880064631
finished_reconf: true
global_termination_time: 733327.843
local_termination_time: 487415.6768800004
node_cons: 15032.026759999904
tot_aggregated_send: 10498
tot_msg_rcv: 198
tot_msg_sent: 343
tot_reconf_duration: 6.22
tot_sleeping_duration: 722107.8430000001
tot_uptimes: 188
tot_uptimes_duration: 11219.999999999942
