comms_cons: 194.05227511029835
finished_reconf: true
global_termination_time: 971030.366
local_termination_time: 423918.17736000003
node_cons: 19932.905227840805
tot_aggregated_send: 0
tot_msg_rcv: 15106
tot_msg_sent: 14388
tot_reconf_duration: 6.279999999999999
tot_sleeping_duration: 956150.3234399994
tot_uptimes: 249
tot_uptimes_duration: 14880.042560000613
