comms_cons: 193.6737919108349
finished_reconf: true
global_termination_time: 969835.667
local_termination_time: 426362.14436000003
node_cons: 19931.31092895765
tot_aggregated_send: 0
tot_msg_rcv: 15045
tot_msg_sent: 14394
tot_reconf_duration: 5.1
tot_sleeping_duration: 954955.6183600017
tot_uptimes: 249
tot_uptimes_duration: 14880.048639998247
