comms_cons: 97.92481279648337
finished_reconf: true
global_termination_time: 971196.662
local_termination_time: 454177.52724000096
node_cons: 19985.425906720964
tot_aggregated_send: 12818
tot_msg_rcv: 733
tot_msg_sent: 1333
tot_reconf_duration: 25.299999999999997
tot_sleeping_duration: 956296.6855199994
tot_uptimes: 249
tot_uptimes_duration: 14899.97648000071
