comms_cons: 99.63615359405095
finished_reconf: true
global_termination_time: 969275.204
local_termination_time: 442371.1219600006
node_cons: 19942.229283355104
tot_aggregated_send: 12760
tot_msg_rcv: 765
tot_msg_sent: 1619
tot_reconf_duration: 13.17
tot_sleeping_duration: 954395.1857600037
tot_uptimes: 249
tot_uptimes_duration: 14880.018239996338
