comms_cons: 100.98414078864859
finished_reconf: true
global_termination_time: 970850.75
local_termination_time: 471828.56128000084
node_cons: 19928.53520447198
tot_aggregated_send: 12064
tot_msg_rcv: 963
tot_msg_sent: 2322
tot_reconf_duration: 3.08
tot_sleeping_duration: 955970.725680006
tot_uptimes: 249
tot_uptimes_duration: 14880.024319993972
