comms_cons: 99.04985599674453
finished_reconf: true
global_termination_time: 971128.472
local_termination_time: 439804.8667200001
node_cons: 19937.138175919474
tot_aggregated_send: 13282
tot_msg_rcv: 674
tot_msg_sent: 1099
tot_reconf_duration: 9.42
tot_sleeping_duration: 956248.4527200004
tot_uptimes: 249
tot_uptimes_duration: 14880.0192799996
