comms_cons: 98.98418559412843
finished_reconf: true
global_termination_time: 972908.4
local_termination_time: 475309.14
node_cons: 20027.481564319583
tot_aggregated_send: 13160
tot_msg_rcv: 616
tot_msg_sent: 1267
tot_reconf_duration: 11.899999999999999
tot_sleeping_duration: 957963.4251200004
tot_uptimes: 250
tot_uptimes_duration: 14944.974879999703
