comms_cons: 95.47735039926596
finished_reconf: true
global_termination_time: 971385.367
local_termination_time: 502463.23936000007
node_cons: 19931.702081116855
tot_aggregated_send: 13108
tot_msg_rcv: 525
tot_msg_sent: 879
tot_reconf_duration: 5.43
tot_sleeping_duration: 956505.3609200023
tot_uptimes: 249
tot_uptimes_duration: 14880.006079997635
