comms_cons: 82.74659839820147
finished_reconf: true
global_termination_time: 835025.536
local_termination_time: 336770.2767200006
node_cons: 17116.60264000005
tot_aggregated_send: 12006
tot_msg_rcv: 225
tot_msg_sent: 346
tot_reconf_duration: 3.08
tot_sleeping_duration: 822245.536
tot_uptimes: 214
tot_uptimes_duration: 12780.0
