comms_cons: 48.26501120044801
finished_reconf: true
global_termination_time: 492056.722
local_termination_time: 275973.09964000084
node_cons: 10176.884234961133
tot_aggregated_send: 6844
tot_msg_rcv: 164
tot_msg_sent: 328
tot_reconf_duration: 25.299999999999997
tot_sleeping_duration: 484482.01935999916
tot_uptimes: 127
tot_uptimes_duration: 7574.702640000847
