comms_cons: 51.60724480156017
finished_reconf: true
global_termination_time: 494708.865
local_termination_time: 55290.25996000013
node_cons: 10128.809761119173
tot_aggregated_send: 6438
tot_msg_rcv: 537
tot_msg_sent: 869
tot_reconf_duration: 4.390000000000001
tot_sleeping_duration: 487148.8589200006
tot_uptimes: 127
tot_uptimes_duration: 7560.006079999366
