comms_cons: 50.739417600782
finished_reconf: true
global_termination_time: 493945.773
local_termination_time: 89505.99435999995
node_cons: 10126.998182242858
tot_aggregated_send: 6670
tot_msg_rcv: 404
tot_msg_sent: 638
tot_reconf_duration: 3.05
tot_sleeping_duration: 486385.76083999785
tot_uptimes: 127
tot_uptimes_duration: 7560.0121600021375
