comms_cons: 50.397299200866996
finished_reconf: true
global_termination_time: 494038.345
local_termination_time: 118561.64335999997
node_cons: 10133.492124485745
tot_aggregated_send: 6380
tot_msg_rcv: 522
tot_msg_sent: 758
tot_reconf_duration: 7.819999999999999
tot_sleeping_duration: 486478.3206799957
tot_uptimes: 127
tot_uptimes_duration: 7560.024320004275
