comms_cons: 61.91747840005874
finished_reconf: true
global_termination_time: 623698.88648
local_termination_time: 100809.12743999988
node_cons: 12826.677178719965
tot_aggregated_send: 8758
tot_msg_rcv: 204
tot_msg_sent: 449
tot_reconf_duration: 22.65
tot_sleeping_duration: 614142.562
tot_uptimes: 160
tot_uptimes_duration: 9556.324479999952
