comms_cons: 62.68661760117983
finished_reconf: true
global_termination_time: 627890.595
local_termination_time: 232553.179
node_cons: 12858.558182242863
tot_aggregated_send: 8640
tot_msg_rcv: 248
tot_msg_sent: 640
tot_reconf_duration: 3.05
tot_sleeping_duration: 618290.5828399978
tot_uptimes: 161
tot_uptimes_duration: 9600.012160002138
