comms_cons: 32.54730240052286
finished_reconf: true
global_termination_time: 318503.709
local_termination_time: 9878.837360000001
node_cons: 6522.410100000008
tot_aggregated_send: 4176
tot_msg_rcv: 259
tot_msg_sent: 512
tot_reconf_duration: 10.95
tot_sleeping_duration: 313643.709
tot_uptimes: 82
tot_uptimes_duration: 4860.0
