comms_cons: 33.53418240098878
finished_reconf: true
global_termination_time: 317060.798
local_termination_time: 17051.845720000005
node_cons: 6518.167701121447
tot_aggregated_send: 4002
tot_msg_rcv: 403
tot_msg_sent: 692
tot_reconf_duration: 7.819999999999999
tot_sleeping_duration: 312200.79191999894
tot_uptimes: 82
tot_uptimes_duration: 4860.006080001076
