comms_cons: 2.2961407999924126
finished_reconf: true
global_termination_time: 12252.009
local_termination_time: 6827.09836
node_cons: 245.16189999999904
tot_aggregated_send: 0
tot_msg_rcv: 176
tot_msg_sent: 172
tot_reconf_duration: 3.05
tot_sleeping_duration: 12072.009
tot_uptimes: 4
tot_uptimes_duration: 180.0
