comms_cons: 40.79103999865665
finished_reconf: true
global_termination_time: 141456.315
local_termination_time: 284.94803999999954
node_cons: 5730.052720000012
tot_aggregated_send: 0
tot_msg_rcv: 2085
tot_msg_sent: 4115
tot_reconf_duration: 4.390000000000001
tot_sleeping_duration: 137181.415
tot_uptimes: 69
tot_uptimes_duration: 4274.900000000006
