comms_cons: 24.481203200110002
finished_reconf: true
global_termination_time: 229364.18348000007
local_termination_time: 229364.14236000006
node_cons: 4711.496083198999
tot_aggregated_send: 2726
tot_msg_rcv: 349
tot_msg_sent: 645
tot_reconf_duration: 24.59
tot_sleeping_duration: 225870.4546800008
tot_uptimes: 59
tot_uptimes_duration: 3493.7287999992404
