comms_cons: 24.06734080021961
finished_reconf: true
global_termination_time: 232599.222
local_termination_time: 91518.091
node_cons: 4777.892797678565
tot_aggregated_send: 2840
tot_msg_rcv: 364
tot_msg_sent: 455
tot_reconf_duration: 22.65
tot_sleeping_duration: 229053.93888000108
tot_uptimes: 60
tot_uptimes_duration: 3545.283119998916
