comms_cons: 22.829823999930312
finished_reconf: true
global_termination_time: 233838.157
local_termination_time: 58919.86280000015
node_cons: 4748.514901119157
tot_aggregated_send: 2726
tot_msg_rcv: 279
tot_msg_sent: 465
tot_reconf_duration: 6.22
tot_sleeping_duration: 230298.15092000063
tot_uptimes: 60
tot_uptimes_duration: 3540.006079999366
