comms_cons: 437.6221310161641
finished_reconf: true
global_termination_time: 906992.8935999998
local_termination_time: 906992.8524799999
node_cons: 54867.89380423812
tot_aggregated_send: 0
tot_msg_rcv: 26956
tot_msg_sent: 39560
tot_reconf_duration: 24.59
tot_sleeping_duration: 866041.0634400006
tot_uptimes: 672
tot_uptimes_duration: 40951.83015999922
