comms_cons: 90.16135679886179
finished_reconf: true
global_termination_time: 908594.694
local_termination_time: 714873.3303599989
node_cons: 18645.805799999995
tot_aggregated_send: 13050
tot_msg_rcv: 252
tot_msg_sent: 402
tot_reconf_duration: 5.1
tot_sleeping_duration: 894674.694
tot_uptimes: 233
tot_uptimes_duration: 13920.0
