comms_cons: 14.270284799718063
finished_reconf: true
global_termination_time: 129381.385
local_termination_time: 59642.956200000124
node_cons: 2659.764522238301
tot_aggregated_send: 1392
tot_msg_rcv: 303
tot_msg_sent: 474
tot_reconf_duration: 6.279999999999999
tot_sleeping_duration: 127401.37284000126
tot_uptimes: 34
tot_uptimes_duration: 1980.0121599987324
