comms_cons: 85.93787519733127
finished_reconf: true
global_termination_time: 832962.78824
local_termination_time: 19931.966320000003
node_cons: 17157.593996084066
tot_aggregated_send: 10962
tot_msg_rcv: 794
tot_msg_sent: 1305
tot_reconf_duration: 18.21
tot_sleeping_duration: 820167.519519997
tot_uptimes: 214
tot_uptimes_duration: 12795.26872000302
