comms_cons: 123.33076479123221
finished_reconf: true
global_termination_time: 627960.9955999999
local_termination_time: 1536.6266000000005
node_cons: 12880.947191761888
tot_aggregated_send: 0
tot_msg_rcv: 9454
tot_msg_sent: 9289
tot_reconf_duration: 4.390000000000001
tot_sleeping_duration: 618345.6217599986
tot_uptimes: 161
tot_uptimes_duration: 9615.373840001397
