comms_cons: 159.86501118921092
finished_reconf: true
global_termination_time: 1573377.456
local_termination_time: 1066669.387
node_cons: 32305.47282638771
tot_aggregated_send: 21516
tot_msg_rcv: 980
tot_msg_sent: 1801
tot_reconf_duration: 6.279999999999999
tot_sleeping_duration: 1549257.2584000092
tot_uptimes: 403
tot_uptimes_duration: 24120.19759999076
