comms_cons: 159.22141438890026
finished_reconf: true
global_termination_time: 1573037.0887199999
local_termination_time: 264846.00536000007
node_cons: 32348.136319261994
tot_aggregated_send: 21692
tot_msg_rcv: 885
tot_msg_sent: 1624
tot_reconf_duration: 22.65
tot_sleeping_duration: 1548901.6312000134
tot_uptimes: 403
tot_uptimes_duration: 24135.457519986492
