comms_cons: 162.6603903799934
finished_reconf: true
global_termination_time: 1574271.982
local_termination_time: 554951.12836
node_cons: 32385.523747822594
tot_aggregated_send: 21112
tot_msg_rcv: 1338
tot_msg_sent: 2274
tot_reconf_duration: 6.22
tot_sleeping_duration: 1550091.9394400134
tot_uptimes: 404
tot_uptimes_duration: 24180.042559986876
