comms_cons: 29.856409600449485
finished_reconf: true
global_termination_time: 289031.576
local_termination_time: 216837.30860000008
node_cons: 5969.905462242856
tot_aggregated_send: 3886
tot_msg_rcv: 259
tot_msg_sent: 393
tot_reconf_duration: 18.21
tot_sleeping_duration: 284591.56383999786
tot_uptimes: 75
tot_uptimes_duration: 4440.0121600021375
