comms_cons: 29.724825600771926
finished_reconf: true
global_termination_time: 286154.864
local_termination_time: 204891.4664800001
node_cons: 5877.199521121458
tot_aggregated_send: 3596
tot_msg_rcv: 290
tot_msg_sent: 632
tot_reconf_duration: 9.11
tot_sleeping_duration: 281774.85791999893
tot_uptimes: 74
tot_uptimes_duration: 4380.006080001069
