comms_cons: 30.20040959987871
finished_reconf: true
global_termination_time: 290088.662
local_termination_time: 94608.301
node_cons: 5955.795842240597
tot_aggregated_send: 3766
tot_msg_rcv: 301
tot_msg_sent: 524
tot_reconf_duration: 7.819999999999999
tot_sleeping_duration: 285648.64983999956
tot_uptimes: 75
tot_uptimes_duration: 4440.012160000435
