comms_cons: 270.47091200503866
finished_reconf: true
global_termination_time: 2739012.5
local_termination_time: 1886716.1140799986
node_cons: 56343.06917999899
tot_aggregated_send: 39440
tot_msg_rcv: 467
tot_msg_sent: 1203
tot_reconf_duration: 18.21
tot_sleeping_duration: 2696952.5
tot_uptimes: 702
tot_uptimes_duration: 42060.0
