comms_cons: 276.35992320502424
finished_reconf: true
global_termination_time: 2738437.376
local_termination_time: 1094365.52
node_cons: 56352.72996446642
tot_aggregated_send: 37874
tot_msg_rcv: 1364
tot_msg_sent: 2767
tot_reconf_duration: 25.299999999999997
tot_sleeping_duration: 2696377.3516800096
tot_uptimes: 702
tot_uptimes_duration: 42060.02431999054
