comms_cons: 271.04988159856725
finished_reconf: true
global_termination_time: 2739656.382
local_termination_time: 1094384.0607199997
node_cons: 56336.22485999893
tot_aggregated_send: 39498
tot_msg_rcv: 550
tot_msg_sent: 1150
tot_reconf_duration: 13.17
tot_sleeping_duration: 2697596.382
tot_uptimes: 702
tot_uptimes_duration: 42060.0
