comms_cons: 275.6152576068136
finished_reconf: true
global_termination_time: 2739858.56
local_termination_time: 100286.59435999996
node_cons: 56322.514464471256
tot_aggregated_send: 38222
tot_msg_rcv: 1230
tot_msg_sent: 2440
tot_reconf_duration: 3.05
tot_sleeping_duration: 2697798.535680006
tot_uptimes: 702
tot_uptimes_duration: 42060.024319994205
