comms_cons: 50.76573440045351
finished_reconf: true
global_termination_time: 529543.909
local_termination_time: 258282.89236000006
node_cons: 10866.748002242872
tot_aggregated_send: 6786
tot_msg_rcv: 288
tot_msg_sent: 642
tot_reconf_duration: 15.34
tot_sleeping_duration: 521443.89683999785
tot_uptimes: 136
tot_uptimes_duration: 8100.0121600021375
