comms_cons: 52.008780800343295
finished_reconf: true
global_termination_time: 525327.454
local_termination_time: 412073.60848000005
node_cons: 10774.112663364265
tot_aggregated_send: 6728
tot_msg_rcv: 359
tot_msg_sent: 819
tot_reconf_duration: 6.279999999999999
tot_sleeping_duration: 517287.4357599968
tot_uptimes: 135
tot_uptimes_duration: 8040.018240003206
