comms_cons: 53.4279040008724
finished_reconf: true
global_termination_time: 525978.984
local_termination_time: 181184.0124800001
node_cons: 10799.917400000038
tot_aggregated_send: 7076
tot_msg_rcv: 372
tot_msg_sent: 672
tot_reconf_duration: 25.299999999999997
tot_sleeping_duration: 517938.98400000005
tot_uptimes: 135
tot_uptimes_duration: 8040.0
