comms_cons: 54.091404800826375
finished_reconf: true
global_termination_time: 527528.295
local_termination_time: 105039.82135999997
node_cons: 10863.793001121441
tot_aggregated_send: 7018
tot_msg_rcv: 458
tot_msg_sent: 745
tot_reconf_duration: 13.17
tot_sleeping_duration: 519428.288919999
tot_uptimes: 136
tot_uptimes_duration: 8100.006080001069
