comms_cons: 52.730700800357425
finished_reconf: true
global_termination_time: 528110.976
local_termination_time: 105017.51935999996
node_cons: 10854.363042242878
tot_aggregated_send: 7308
tot_msg_rcv: 237
tot_msg_sent: 468
tot_reconf_duration: 6.22
tot_sleeping_duration: 520010.9638399979
tot_uptimes: 136
tot_uptimes_duration: 8100.0121600021375
