comms_cons: 91.47719679606276
finished_reconf: true
global_termination_time: 911631.896
local_termination_time: 622208.1776399992
node_cons: 18737.121142238346
tot_aggregated_send: 12586
tot_msg_rcv: 494
tot_msg_sent: 824
tot_reconf_duration: 13.17
tot_sleeping_duration: 897651.8838400012
tot_uptimes: 234
tot_uptimes_duration: 13980.012159998703
