comms_cons: 181.37889912508444
finished_reconf: true
global_termination_time: 907106.9187199989
local_termination_time: 2612.34236
node_cons: 18702.012742316758
tot_aggregated_send: 0
tot_msg_rcv: 14075
tot_msg_sent: 13493
tot_reconf_duration: 4.390000000000001
tot_sleeping_duration: 893144.2218400013
tot_uptimes: 233
tot_uptimes_duration: 13962.696879997558
