comms_cons: 77.66147839546234
finished_reconf: true
global_termination_time: 771272.931
local_termination_time: 121508.58335999996
node_cons: 15844.889283350518
tot_aggregated_send: 10614
tot_msg_rcv: 386
tot_msg_sent: 804
tot_reconf_duration: 13.17
tot_sleeping_duration: 759452.9127600071
tot_uptimes: 198
tot_uptimes_duration: 11820.018239992904
