comms_cons: 80.4839807994985
finished_reconf: true
global_termination_time: 772551.177
local_termination_time: 20019.245240000004
node_cons: 15847.868707845439
tot_aggregated_send: 9976
tot_msg_rcv: 812
tot_msg_sent: 1446
tot_reconf_duration: 15.34
tot_sleeping_duration: 760731.134439996
tot_uptimes: 198
tot_uptimes_duration: 11820.042560004047
