comms_cons: 81.121817596304
finished_reconf: true
global_termination_time: 807088.939
local_termination_time: 286820.21636
node_cons: 16558.51118335508
tot_aggregated_send: 10382
tot_msg_rcv: 607
tot_msg_sent: 1341
tot_reconf_duration: 6.22
tot_sleeping_duration: 794728.9207600037
tot_uptimes: 207
tot_uptimes_duration: 12360.018239996338
