comms_cons: 0.7237120000016137
finished_reconf: true
global_termination_time: 7101.863
local_termination_time: 1542.5053600000003
node_cons: 93.13236000000009
tot_aggregated_send: 0
tot_msg_rcv: 60
tot_msg_sent: 50
tot_reconf_duration: 9.42
tot_sleeping_duration: 7041.863
tot_uptimes: 2
tot_uptimes_duration: 60.0
