comms_cons: 0.7960831999998337
finished_reconf: true
global_termination_time: 6286.012
local_termination_time: 243.48536000000001
node_cons: 95.21010000000003
tot_aggregated_send: 0
tot_msg_rcv: 72
tot_msg_sent: 48
tot_reconf_duration: 10.95
tot_sleeping_duration: 6226.012
tot_uptimes: 2
tot_uptimes_duration: 60.0
