comms_cons: 28.553727999997694
finished_reconf: true
global_termination_time: 290340.469
local_termination_time: 6003.228800000002
node_cons: 5953.688240000007
tot_aggregated_send: 4234
tot_msg_rcv: 51
tot_msg_sent: 54
tot_reconf_duration: 6.279999999999999
tot_sleeping_duration: 285900.469
tot_uptimes: 75
tot_uptimes_duration: 4440.0
