comms_cons: 28.645836800172017
finished_reconf: true
global_termination_time: 294686.177
local_termination_time: 200720.63440000082
node_cons: 6044.014725601143
tot_aggregated_send: 4234
tot_msg_rcv: 24
tot_msg_sent: 96
tot_reconf_duration: 13.17
tot_sleeping_duration: 290185.7065999992
tot_uptimes: 76
tot_uptimes_duration: 4500.470400000835
