comms_cons: 257.81845760354173
finished_reconf: true
global_termination_time: 2551863.427
local_termination_time: 959042.0411599993
node_cons: 52470.61433301219
tot_aggregated_send: 35090
tot_msg_rcv: 1306
tot_msg_sent: 2791
tot_reconf_duration: 6.279999999999999
tot_sleeping_duration: 2512683.3776400206
tot_uptimes: 654
tot_uptimes_duration: 39180.04935997981
