comms_cons: 258.73756799794677
finished_reconf: true
global_termination_time: 2552189.201
local_termination_time: 1213984.2388399988
node_cons: 52469.65733005109
tot_aggregated_send: 34626
tot_msg_rcv: 1558
tot_msg_sent: 3142
tot_reconf_duration: 5.57
tot_sleeping_duration: 2513009.146280021
tot_uptimes: 654
tot_uptimes_duration: 39180.05471997894
