comms_cons: 254.34547838001222
finished_reconf: true
global_termination_time: 2550023.248
local_termination_time: 1041985.61336
node_cons: 52472.69654781711
tot_aggregated_send: 35148
tot_msg_rcv: 1180
tot_msg_sent: 2330
tot_reconf_duration: 7.819999999999999
tot_sleeping_duration: 2510843.2054400165
tot_uptimes: 654
tot_uptimes_duration: 39180.04255998344
