comms_cons: 257.07628801114356
finished_reconf: true
global_termination_time: 2550808.556
local_termination_time: 527956.9533599998
node_cons: 52469.450927816935
tot_aggregated_send: 34742
tot_msg_rcv: 1376
tot_msg_sent: 2957
tot_reconf_duration: 5.43
tot_sleeping_duration: 2511628.513440016
tot_uptimes: 654
tot_uptimes_duration: 39180.04255998344
