comms_cons: 73.42449919855527
finished_reconf: true
global_termination_time: 725580.1284799998
local_termination_time: 725580.0873599999
node_cons: 14914.692365439247
tot_aggregated_send: 9904
tot_msg_rcv: 427
tot_msg_sent: 828
tot_reconf_duration: 24.59
tot_sleeping_duration: 714466.3875200005
tot_uptimes: 186
tot_uptimes_duration: 11113.740959999413
