comms_cons: 75.03577599675617
finished_reconf: true
global_termination_time: 729180.014
local_termination_time: 478179.2745600002
node_cons: 14950.804060000031
tot_aggregated_send: 9744
tot_msg_rcv: 622
tot_msg_sent: 1039
tot_reconf_duration: 5.57
tot_sleeping_duration: 718020.014
tot_uptimes: 187
tot_uptimes_duration: 11160.0
