comms_cons: 137.38522237577928
finished_reconf: true
global_termination_time: 728315.991
local_termination_time: 447332.25536000007
node_cons: 14977.597400000006
tot_aggregated_send: 0
tot_msg_rcv: 10633
tot_msg_sent: 10247
tot_reconf_duration: 25.299999999999997
tot_sleeping_duration: 717155.991
tot_uptimes: 187
tot_uptimes_duration: 11160.0
