comms_cons: 74.21995519845726
finished_reconf: true
global_termination_time: 725907.08
local_termination_time: 112510.5220799999
node_cons: 14867.058182238268
tot_aggregated_send: 9628
tot_msg_rcv: 663
tot_msg_sent: 990
tot_reconf_duration: 3.05
tot_sleeping_duration: 714807.0678400013
tot_uptimes: 186
tot_uptimes_duration: 11100.012159998703
