comms_cons: 246.43709440364287
finished_reconf: true
global_termination_time: 2440671.623
local_termination_time: 398704.66236
node_cons: 50219.47464670946
tot_aggregated_send: 33756
tot_msg_rcv: 1203
tot_msg_sent: 2498
tot_reconf_duration: 5.1
tot_sleeping_duration: 2403171.5865200073
tot_uptimes: 626
tot_uptimes_duration: 37500.036479992676
