comms_cons: 247.31338238958054
finished_reconf: true
global_termination_time: 2439981.02
local_termination_time: 26525.12248
node_cons: 50157.7600173037
tot_aggregated_send: 33582
tot_msg_rcv: 1396
tot_msg_sent: 2613
tot_reconf_duration: 13.17
tot_sleeping_duration: 2402535.258120012
tot_uptimes: 625
tot_uptimes_duration: 37445.76187998835
