comms_cons: 242.83497598816314
finished_reconf: true
global_termination_time: 2441986.055
local_termination_time: 543280.1463599999
node_cons: 50218.50505714121
tot_aggregated_send: 34162
tot_msg_rcv: 944
tot_msg_sent: 1803
tot_reconf_duration: 4.390000000000001
tot_sleeping_duration: 2404486.0225600135
tot_uptimes: 626
tot_uptimes_duration: 37500.03243998648
