comms_cons: 239.2460287851413
finished_reconf: true
global_termination_time: 2439065.497
local_termination_time: 1154611.881759999
node_cons: 50140.62304223292
tot_aggregated_send: 33466
tot_msg_rcv: 1039
tot_msg_sent: 1859
tot_reconf_duration: 6.22
tot_sleeping_duration: 2401625.4848400047
tot_uptimes: 625
tot_uptimes_duration: 37440.01215999527
