comms_cons: 236.01564159087883
finished_reconf: true
global_termination_time: 2439849.026
local_termination_time: 1484928.3853599997
node_cons: 50139.574645583365
tot_aggregated_send: 34046
tot_msg_rcv: 605
tot_msg_sent: 1222
tot_reconf_duration: 5.43
tot_sleeping_duration: 2402408.9956000117
tot_uptimes: 625
tot_uptimes_duration: 37440.03039998817
