comms_cons: 106.45145599501012
finished_reconf: true
global_termination_time: 1057692.043
local_termination_time: 324380.44448000053
node_cons: 21699.429188957693
tot_aggregated_send: 13688
tot_msg_rcv: 766
tot_msg_sent: 1726
tot_reconf_duration: 5.57
tot_sleeping_duration: 1041491.9943600019
tot_uptimes: 271
tot_uptimes_duration: 16200.048639998247
