comms_cons: 106.05075199768945
finished_reconf: true
global_termination_time: 1053454.483
local_termination_time: 418582.40836000006
node_cons: 21631.979380000015
tot_aggregated_send: 14210
tot_msg_rcv: 668
tot_msg_sent: 1241
tot_reconf_duration: 15.110000000000001
tot_sleeping_duration: 1037314.483
tot_uptimes: 270
tot_uptimes_duration: 16140.0
