comms_cons: 107.070527994563
finished_reconf: true
global_termination_time: 1056081.737
local_termination_time: 355020.9244800001
node_cons: 21706.710805593408
tot_aggregated_send: 13920
tot_msg_rcv: 769
tot_msg_sent: 1585
tot_reconf_duration: 10.95
tot_sleeping_duration: 1039881.7066000049
tot_uptimes: 271
tot_uptimes_duration: 16200.030399995041
