comms_cons: 105.25964799582312
finished_reconf: true
global_termination_time: 1055923.257
local_termination_time: 513104.0693600001
node_cons: 21698.348262233696
tot_aggregated_send: 14558
tot_msg_rcv: 451
tot_msg_sent: 990
tot_reconf_duration: 4.8100000000000005
tot_sleeping_duration: 1039723.2448400047
tot_uptimes: 271
tot_uptimes_duration: 16200.012159995269
