comms_cons: 105.78758399948367
finished_reconf: true
global_termination_time: 1053620.932
local_termination_time: 290868.6756000001
node_cons: 21626.83526223829
tot_aggregated_send: 14268
tot_msg_rcv: 590
tot_msg_sent: 1221
tot_reconf_duration: 11.31
tot_sleeping_duration: 1037480.9198400014
tot_uptimes: 270
tot_uptimes_duration: 16140.012159998703
