comms_cons: 108.4252159969045
finished_reconf: true
global_termination_time: 1103009.193
local_termination_time: 94653.07735999998
node_cons: 22686.654982242908
tot_aggregated_send: 15370
tot_msg_rcv: 413
tot_msg_sent: 697
tot_reconf_duration: 22.65
tot_sleeping_duration: 1086089.180839998
tot_uptimes: 283
tot_uptimes_duration: 16920.012160002138
