comms_cons: 37.447244801840206
finished_reconf: true
global_termination_time: 289234.1297200001
local_termination_time: 289234.0886000001
node_cons: 6014.504609293308
tot_aggregated_send: 2120
tot_msg_rcv: 1350
tot_msg_sent: 2226
tot_reconf_duration: 37.410000000000004
tot_sleeping_duration: 284780.2821999902
tot_uptimes: 75
tot_uptimes_duration: 4453.847520009927
