comms_cons: 765.3057601227464
finished_reconf: true
global_termination_time: 7715508.601839998
local_termination_time: 7715508.601839998
node_cons: 158816.6328662186
tot_aggregated_send: 110812
tot_msg_rcv: 1731
tot_msg_sent: 3776
tot_reconf_duration: 37.410000000000004
tot_sleeping_duration: 7596938.15368001
tot_uptimes: 1976
tot_uptimes_duration: 118570.44815998827
