comms_cons: 774.7527489644095
finished_reconf: true
global_termination_time: 7719762.843
local_termination_time: 3087781.94036
node_cons: 158769.78998893162
tot_aggregated_send: 107010
tot_msg_rcv: 3752
tot_msg_sent: 6993
tot_reconf_duration: 13.17
tot_sleeping_duration: 7601202.794360017
tot_uptimes: 1977
tot_uptimes_duration: 118560.04863998294
