comms_cons: 765.7867521520357
finished_reconf: true
global_termination_time: 7716618.472
local_termination_time: 3357485.2638399987
node_cons: 158762.87506669722
tot_aggregated_send: 106314
tot_msg_rcv: 3468
tot_msg_sent: 6613
tot_reconf_duration: 8.09
tot_sleeping_duration: 7598058.435520013
tot_uptimes: 1977
tot_uptimes_duration: 118560.0364799872
