comms_cons: 758.3883777510287
finished_reconf: true
global_termination_time: 7717212.475
local_termination_time: 4698635.077919998
node_cons: 158769.01596334588
tot_aggregated_send: 106546
tot_msg_rcv: 3075
tot_msg_sent: 5648
tot_reconf_duration: 12.629999999999999
tot_sleeping_duration: 7598652.456760006
tot_uptimes: 1977
tot_uptimes_duration: 118560.0182399936
