comms_cons: 32.74966400039207
finished_reconf: true
global_termination_time: 334190.346
local_termination_time: 302661.9586000005
node_cons: 6837.346759999969
tot_aggregated_send: 4640
tot_msg_rcv: 129
tot_msg_sent: 208
tot_reconf_duration: 6.22
tot_sleeping_duration: 329090.346
tot_uptimes: 86
tot_uptimes_duration: 5100.0
