comms_cons: 320.36721922081733
finished_reconf: true
global_termination_time: 3216844.019
local_termination_time: 1794340.702
node_cons: 66137.71300111535
tot_aggregated_send: 45697
tot_msg_rcv: 1085
tot_msg_sent: 1911
tot_reconf_duration: 13.17
tot_sleeping_duration: 3167464.012920002
tot_uptimes: 824
tot_uptimes_duration: 49380.006079997635
