comms_cons: 318.3659008011647
finished_reconf: true
global_termination_time: 3212862.645
local_termination_time: 2283177.13336
node_cons: 66064.87459999888
tot_aggregated_send: 45936
tot_msg_rcv: 835
tot_msg_sent: 1617
tot_reconf_duration: 18.700000000000003
tot_sleeping_duration: 3163542.645
tot_uptimes: 823
tot_uptimes_duration: 49320.0
