comms_cons: 325.1685248428259
finished_reconf: true
global_termination_time: 3212198.898
local_termination_time: 1766486.3468399988
node_cons: 66050.16468893463
tot_aggregated_send: 43674
tot_msg_rcv: 1948
tot_msg_sent: 3801
tot_reconf_duration: 7.819999999999999
tot_sleeping_duration: 3162878.849360018
tot_uptimes: 823
tot_uptimes_duration: 49320.04863998201
