comms_cons: 152.69746558543616
finished_reconf: true
global_termination_time: 1495975.461
local_termination_time: 173179.83736000003
node_cons: 30795.030591191353
tot_aggregated_send: 19720
tot_msg_rcv: 1279
tot_msg_sent: 2211
tot_reconf_duration: 18.21
tot_sleeping_duration: 1472995.4002000063
tot_uptimes: 384
tot_uptimes_duration: 22980.060799993516
