comms_cons: 147.38128638850685
finished_reconf: true
global_termination_time: 1496362.088
local_termination_time: 433628.65436000004
node_cons: 30785.65225006073
tot_aggregated_send: 19604
tot_msg_rcv: 993
tot_msg_sent: 1804
tot_reconf_duration: 11.31
tot_sleeping_duration: 1473382.0332800143
tot_uptimes: 384
tot_uptimes_duration: 22980.05471998558
