comms_cons: 109.66868479603212
finished_reconf: true
global_termination_time: 1122429.119
local_termination_time: 217943.42284000013
node_cons: 23065.152201116878
tot_aggregated_send: 15486
tot_msg_rcv: 386
tot_msg_sent: 797
tot_reconf_duration: 5.57
tot_sleeping_duration: 1105209.1129200023
tot_uptimes: 288
tot_uptimes_duration: 17220.006079997635
