comms_cons: 109.64299519169609
finished_reconf: true
global_termination_time: 1122005.928
local_termination_time: 217934.97836000007
node_cons: 23072.955262233696
tot_aggregated_send: 14732
tot_msg_rcv: 717
tot_msg_sent: 1216
tot_reconf_duration: 11.31
tot_sleeping_duration: 1104785.9158400048
tot_uptimes: 288
tot_uptimes_duration: 17220.01215999527
