comms_cons: 16.270361599852546
finished_reconf: true
global_termination_time: 143772.374
local_termination_time: 79501.09567999985
node_cons: 2916.9854622383123
tot_aggregated_send: 1508
tot_msg_rcv: 399
tot_msg_sent: 566
tot_reconf_duration: 18.21
tot_sleeping_duration: 141612.36184000128
tot_uptimes: 37
tot_uptimes_duration: 2160.0121599987324
