comms_cons: 17.290137599435056
finished_reconf: true
global_termination_time: 141276.906
local_termination_time: 77342.94283999995
node_cons: 2913.0798611191676
tot_aggregated_send: 1276
tot_msg_rcv: 552
tot_msg_sent: 800
tot_reconf_duration: 15.34
tot_sleeping_duration: 139116.89992000064
tot_uptimes: 37
tot_uptimes_duration: 2160.006079999366
