comms_cons: 16.61498879962126
finished_reconf: true
global_termination_time: 141638.712
local_termination_time: 3013.15448
node_cons: 2910.133001119152
tot_aggregated_send: 1450
tot_msg_rcv: 442
tot_msg_sent: 636
tot_reconf_duration: 13.17
tot_sleeping_duration: 139478.70592000062
tot_uptimes: 37
tot_uptimes_duration: 2160.006079999366
