comms_cons: 16.349311999685955
finished_reconf: true
global_termination_time: 143740.181
local_termination_time: 37239.2141200001
node_cons: 2902.9084067183285
tot_aggregated_send: 1218
tot_msg_rcv: 451
tot_msg_sent: 816
tot_reconf_duration: 7.819999999999999
tot_sleeping_duration: 141580.14452000125
tot_uptimes: 37
tot_uptimes_duration: 2160.036479998751
