comms_cons: 252.60058239585248
finished_reconf: true
global_termination_time: 2524467.655
local_termination_time: 3936.486
node_cons: 51914.605091167876
tot_aggregated_send: 35659
tot_msg_rcv: 1003
tot_msg_sent: 1730
tot_reconf_duration: 10.96
tot_sleeping_duration: 2485707.5942000234
tot_uptimes: 647
tot_uptimes_duration: 38760.06079997658
