comms_cons: 187.92071679130865
finished_reconf: true
global_termination_time: 1895206.7800399982
local_termination_time: 1895206.7389199983
node_cons: 39070.134747678974
tot_aggregated_send: 27188
tot_msg_rcv: 400
tot_msg_sent: 974
tot_reconf_duration: 24.59
tot_sleeping_duration: 1866053.1269199988
tot_uptimes: 486
tot_uptimes_duration: 29153.65311999939
