comms_cons: 214.40090882884502
finished_reconf: true
global_termination_time: 505704.182
local_termination_time: 161798.187600001
node_cons: 30417.759842812542
tot_aggregated_send: 0
tot_msg_rcv: 13280
tot_msg_sent: 19307
tot_reconf_duration: 18.21
tot_sleeping_duration: 483005.8767999906
tot_uptimes: 368
tot_uptimes_duration: 22698.305200009345
