comms_cons: 88.34280961153954
finished_reconf: true
global_termination_time: 510724.524
local_termination_time: 165757.474
node_cons: 10497.577944964181
tot_aggregated_send: 0
tot_msg_rcv: 6813
tot_msg_sent: 6615
tot_reconf_duration: 22.65
tot_sleeping_duration: 502907.63135999686
tot_uptimes: 131
tot_uptimes_duration: 7816.89264000312
