comms_cons: 50.469952001016296
finished_reconf: true
global_termination_time: 505537.879
local_termination_time: 15323.304640000004
node_cons: 10398.266246728599
tot_aggregated_send: 6554
tot_msg_rcv: 372
tot_msg_sent: 745
tot_reconf_duration: 25.299999999999997
tot_sleeping_duration: 497797.8425199936
tot_uptimes: 130
tot_uptimes_duration: 7740.036480006413
