comms_cons: 88.8264064122369
finished_reconf: true
global_termination_time: 506521.205
local_termination_time: 162805.45060000007
node_cons: 10368.010041121428
tot_aggregated_send: 0
tot_msg_rcv: 6834
tot_msg_sent: 6668
tot_reconf_duration: 3.05
tot_sleeping_duration: 498781.19891999895
tot_uptimes: 130
tot_uptimes_duration: 7740.006080001069
