comms_cons: 105.681689595072
finished_reconf: true
global_termination_time: 1061381.336
local_termination_time: 4602.825
node_cons: 21801.605863359728
tot_aggregated_send: 14827
tot_msg_rcv: 470
tot_msg_sent: 766
tot_reconf_duration: 21.68
tot_sleeping_duration: 1045121.3177600001
tot_uptimes: 272
tot_uptimes_duration: 16260.018239999772
