comms_cons: 103.85925119039067
finished_reconf: true
global_termination_time: 1059906.613
local_termination_time: 4846.564
node_cons: 21780.168447827054
tot_aggregated_send: 14262
tot_msg_rcv: 469
tot_msg_sent: 1055
tot_reconf_duration: 5.87
tot_sleeping_duration: 1043646.5704400096
tot_uptimes: 272
tot_uptimes_duration: 16260.04255999031
