comms_cons: 346.3197184424092
finished_reconf: true
global_termination_time: 3443638.75
local_termination_time: 1518.4694800000004
node_cons: 70804.35873229313
tot_aggregated_send: 47850
tot_msg_rcv: 1640
tot_msg_sent: 3150
tot_reconf_duration: 18.21
tot_sleeping_duration: 3390778.6831200193
tot_uptimes: 882
tot_uptimes_duration: 52860.06687998111
