comms_cons: 336.9405695941386
finished_reconf: true
global_termination_time: 3438664.929
local_termination_time: 1704018.98036
node_cons: 70720.03986111567
tot_aggregated_send: 47908
tot_msg_rcv: 1053
tot_msg_sent: 2252
tot_reconf_duration: 15.34
tot_sleeping_duration: 3385864.922920002
tot_uptimes: 881
tot_uptimes_duration: 52800.00607999787
