comms_cons: 447.12788460680144
finished_reconf: true
global_termination_time: 3439194.177
local_termination_time: 2276064.856479998
node_cons: 70706.12579999854
tot_aggregated_send: 0
tot_msg_rcv: 34144
tot_msg_sent: 33816
tot_reconf_duration: 5.1
tot_sleeping_duration: 3386394.177
tot_uptimes: 881
tot_uptimes_duration: 52800.0
