comms_cons: 338.0447232000765
finished_reconf: true
global_termination_time: 3438963.422
local_termination_time: 2160539.230599999
node_cons: 70733.56554111531
tot_aggregated_send: 48604
tot_msg_rcv: 930
tot_msg_sent: 1847
tot_reconf_duration: 25.299999999999997
tot_sleeping_duration: 3386163.415920002
tot_uptimes: 881
tot_uptimes_duration: 52800.00607999787
