comms_cons: 344.2175104067486
finished_reconf: true
global_termination_time: 3438538.023
local_termination_time: 1431109.3738799992
node_cons: 70710.21064334933
tot_aggregated_send: 47850
tot_msg_rcv: 1524
tot_msg_sent: 2945
tot_reconf_duration: 8.09
tot_sleeping_duration: 3385738.004760007
tot_uptimes: 881
tot_uptimes_duration: 52800.01823999314
