comms_cons: 348.1658176513095
finished_reconf: true
global_termination_time: 3441128.373
local_termination_time: 189212.715
node_cons: 70823.09214869367
tot_aggregated_send: 47326
tot_msg_rcv: 1935
tot_msg_sent: 3659
tot_reconf_duration: 22.65
tot_sleeping_duration: 3388258.818520019
tot_uptimes: 882
tot_uptimes_duration: 52869.554479981525
