comms_cons: 338.1928832056062
finished_reconf: true
global_termination_time: 3438779.011
local_termination_time: 1580668.9965999997
node_cons: 70714.59154446614
tot_aggregated_send: 47850
tot_msg_rcv: 1116
tot_msg_sent: 2437
tot_reconf_duration: 11.31
tot_sleeping_duration: 3385978.9866800094
tot_uptimes: 881
tot_uptimes_duration: 52800.02431999077
