comms_cons: 49.00750079986652
finished_reconf: true
global_termination_time: 12666.297480000014
local_termination_time: 573.7534799999992
node_cons: 5105.9051104000955
tot_aggregated_send: 0
tot_msg_rcv: 3924
tot_msg_sent: 3522
tot_reconf_duration: 5.57
tot_sleeping_duration: 8858.723879999943
tot_uptimes: 52
tot_uptimes_duration: 3807.573600000069
