comms_cons: 2.940902399990281
finished_reconf: true
global_termination_time: 13440.205
local_termination_time: 8860.37236
node_cons: 247.95394112000423
tot_aggregated_send: 0
tot_msg_rcv: 276
tot_msg_sent: 171
tot_reconf_duration: 5.1
tot_sleeping_duration: 13260.198919999995
tot_uptimes: 4
tot_uptimes_duration: 180.00608000000466
