comms_cons: 2.977804799989661
finished_reconf: true
global_termination_time: 14179.723
local_termination_time: 7941.84336
node_cons: 245.17004112000524
tot_aggregated_send: 0
tot_msg_rcv: 276
tot_msg_sent: 176
tot_reconf_duration: 3.05
tot_sleeping_duration: 13999.716919999995
tot_uptimes: 4
tot_uptimes_duration: 180.00608000000466
