comms_cons: 2.799052799993153
finished_reconf: true
global_termination_time: 17052.64
local_termination_time: 6154.94436
node_cons: 329.81490112000665
tot_aggregated_send: 0
tot_msg_rcv: 251
tot_msg_sent: 174
tot_reconf_duration: 6.22
tot_sleeping_duration: 16812.633919999993
tot_uptimes: 5
tot_uptimes_duration: 240.00608000000472
