comms_cons: 2.895475199992653
finished_reconf: true
global_termination_time: 17741.977
local_termination_time: 8279.41836
node_cons: 342.1917199999996
tot_aggregated_send: 0
tot_msg_rcv: 278
tot_msg_sent: 162
tot_reconf_duration: 15.34
tot_sleeping_duration: 17501.977
tot_uptimes: 5
tot_uptimes_duration: 240.0
