comms_cons: 2.75668479999089
finished_reconf: true
global_termination_time: 18452.67
local_termination_time: 7078.4443599999995
node_cons: 333.73137999999955
tot_aggregated_send: 0
tot_msg_rcv: 251
tot_msg_sent: 168
tot_reconf_duration: 9.11
tot_sleeping_duration: 18212.67
tot_uptimes: 5
tot_uptimes_duration: 240.0
