comms_cons: 40.277862400265526
finished_reconf: true
global_termination_time: 409312.605
local_termination_time: 36103.95636000001
node_cons: 8365.979560000009
tot_aggregated_send: 5858
tot_msg_rcv: 97
tot_msg_sent: 167
tot_reconf_duration: 7.819999999999999
tot_sleeping_duration: 403072.605
tot_uptimes: 105
tot_uptimes_duration: 6240.0
