comms_cons: 217.6823167919406
finished_reconf: true
global_termination_time: 2201199.437
local_termination_time: 21898.100360000008
node_cons: 45235.60263999951
tot_aggregated_send: 31668
tot_msg_rcv: 434
tot_msg_sent: 984
tot_reconf_duration: 3.08
tot_sleeping_duration: 2167419.437
tot_uptimes: 564
tot_uptimes_duration: 33780.0
