comms_cons: 221.27153918398164
finished_reconf: true
global_termination_time: 2196053.368119997
local_termination_time: 65000.05956000015
node_cons: 45177.4883641987
tot_aggregated_send: 30392
tot_msg_rcv: 1134
tot_msg_sent: 2106
tot_reconf_duration: 4.390000000000001
tot_sleeping_duration: 2162318.0979600274
tot_uptimes: 563
tot_uptimes_duration: 33735.270159969514
