comms_cons: 434.14346212936
finished_reconf: true
global_termination_time: 2196053.7875999976
local_termination_time: 1659.4194800000023
node_cons: 45187.08968069407
tot_aggregated_send: 0
tot_msg_rcv: 33372
tot_msg_sent: 32612
tot_reconf_duration: 11.31
tot_sleeping_duration: 2162318.3651200165
tot_uptimes: 563
tot_uptimes_duration: 33735.422479980996
