comms_cons: 249.4575743910527
finished_reconf: true
global_termination_time: 2533127.576
local_termination_time: 1414920.0383599997
node_cons: 52067.25394111585
tot_aggregated_send: 36076
tot_msg_rcv: 596
tot_msg_sent: 1244
tot_reconf_duration: 5.1
tot_sleeping_duration: 2494247.5699200025
tot_uptimes: 649
tot_uptimes_duration: 38880.006079997635
