comms_cons: 248.30621439068148
finished_reconf: true
global_termination_time: 2532477.147
local_termination_time: 1339972.9613599998
node_cons: 52094.68554111611
tot_aggregated_send: 36366
tot_msg_rcv: 460
tot_msg_sent: 915
tot_reconf_duration: 25.299999999999997
tot_sleeping_duration: 2493597.1409200025
tot_uptimes: 649
tot_uptimes_duration: 38880.006079997635
