comms_cons: 737.0283456433414
finished_reconf: true
global_termination_time: 2531119.905119998
local_termination_time: 2531119.905119998
node_cons: 103160.1552637954
tot_aggregated_send: 0
tot_msg_rcv: 37639
tot_msg_sent: 74385
tot_reconf_duration: 37.410000000000004
tot_sleeping_duration: 2454115.160919999
tot_uptimes: 1270
tot_uptimes_duration: 77004.74419999895
