comms_cons: 9.177983999945415
finished_reconf: true
global_termination_time: 95715.752
local_termination_time: 91604.03559999996
node_cons: 1958.9187000000115
tot_aggregated_send: 1334
tot_msg_rcv: 33
tot_msg_sent: 28
tot_reconf_duration: 22.65
tot_sleeping_duration: 94275.752
tot_uptimes: 25
tot_uptimes_duration: 1440.0
