comms_cons: 9.46088959999774
finished_reconf: true
global_termination_time: 95633.322
local_termination_time: 6492.65648
node_cons: 1934.1216199999985
tot_aggregated_send: 1334
tot_msg_rcv: 50
tot_msg_sent: 54
tot_reconf_duration: 4.390000000000001
tot_sleeping_duration: 94193.322
tot_uptimes: 25
tot_uptimes_duration: 1440.0
