comms_cons: 93.04962559946306
finished_reconf: true
global_termination_time: 934514.291
local_termination_time: 90185.47047999995
node_cons: 19235.617400000014
tot_aggregated_send: 13340
tot_msg_rcv: 305
tot_msg_sent: 498
tot_reconf_duration: 25.299999999999997
tot_sleeping_duration: 920174.291
tot_uptimes: 240
tot_uptimes_duration: 14340.0
