comms_cons: 93.0233087965818
finished_reconf: true
global_termination_time: 936736.143
local_termination_time: 90193.96859999995
node_cons: 19219.144860000026
tot_aggregated_send: 13340
tot_msg_rcv: 289
tot_msg_sent: 510
tot_reconf_duration: 13.17
tot_sleeping_duration: 922396.143
tot_uptimes: 240
tot_uptimes_duration: 14340.0
