comms_cons: 92.10845439822546
finished_reconf: true
global_termination_time: 939898.325
local_termination_time: 470771.15248000005
node_cons: 19302.127521116843
tot_aggregated_send: 13688
tot_msg_rcv: 93
tot_msg_sent: 218
tot_reconf_duration: 15.110000000000001
tot_sleeping_duration: 925498.3189200023
tot_uptimes: 241
tot_uptimes_duration: 14400.006079997635
