comms_cons: 92.5030591988666
finished_reconf: true
global_termination_time: 935604.072
local_termination_time: 81141.70559999996
node_cons: 19208.63394000004
tot_aggregated_send: 13456
tot_msg_rcv: 203
tot_msg_sent: 401
tot_reconf_duration: 5.43
tot_sleeping_duration: 921264.072
tot_uptimes: 240
tot_uptimes_duration: 14340.0
