comms_cons: 2.2895615999924344
finished_reconf: true
global_termination_time: 18119.421
local_termination_time: 10325.99636
node_cons: 329.8882399999984
tot_aggregated_send: 0
tot_msg_rcv: 177
tot_msg_sent: 171
tot_reconf_duration: 6.279999999999999
tot_sleeping_duration: 17879.421
tot_uptimes: 5
tot_uptimes_duration: 240.0
