comms_cons: 2.261222399995445
finished_reconf: true
global_termination_time: 17135.348
local_termination_time: 5293.1233600000005
node_cons: 338.5115400000004
tot_aggregated_send: 0
tot_msg_rcv: 179
tot_msg_sent: 165
tot_reconf_duration: 12.629999999999999
tot_sleeping_duration: 16895.348
tot_uptimes: 5
tot_uptimes_duration: 240.00000000000023
