comms_cons: 705.1720265456122
finished_reconf: true
global_termination_time: 3579093.3755999976
local_termination_time: 3175.48148
node_cons: 73618.97579509928
tot_aggregated_send: 0
tot_msg_rcv: 54035
tot_msg_sent: 53146
tot_reconf_duration: 5.1
tot_sleeping_duration: 3524117.983520012
tot_uptimes: 917
tot_uptimes_duration: 54975.3920799858
