comms_cons: 360.35685123384883
finished_reconf: true
global_termination_time: 3584205.965
local_termination_time: 3249.0434800000007
node_cons: 73706.25951677216
tot_aggregated_send: 49474
tot_msg_rcv: 1603
tot_msg_sent: 3695
tot_reconf_duration: 25.299999999999997
tot_sleeping_duration: 3529185.8738000193
tot_uptimes: 918
tot_uptimes_duration: 55020.091199980496
