comms_cons: 361.3639424476715
finished_reconf: true
global_termination_time: 3580102.234
local_termination_time: 1272705.0494399993
node_cons: 73612.00822670004
tot_aggregated_send: 49474
tot_msg_rcv: 1803
tot_msg_sent: 3648
tot_reconf_duration: 15.110000000000001
tot_sleeping_duration: 3525142.197520014
tot_uptimes: 917
tot_uptimes_duration: 54960.036479986506
