comms_cons: 363.81791362667366
finished_reconf: true
global_termination_time: 3579240.134
local_termination_time: 1596600.620519999
node_cons: 73595.59818223232
tot_aggregated_send: 49184
tot_msg_rcv: 2165
tot_msg_sent: 3948
tot_reconf_duration: 3.05
tot_sleeping_duration: 3524280.1218400043
tot_uptimes: 917
tot_uptimes_duration: 54960.012159995735
