comms_cons: 361.5273472722951
finished_reconf: true
global_termination_time: 3580012.45
local_termination_time: 1447104.6409999991
node_cons: 73606.85596781714
tot_aggregated_send: 49474
tot_msg_rcv: 1823
tot_msg_sent: 3654
tot_reconf_duration: 11.31
tot_sleeping_duration: 3525052.407440016
tot_uptimes: 917
tot_uptimes_duration: 54960.04255998414
