comms_cons: 702.3002761378367
finished_reconf: true
global_termination_time: 3571234.4711199966
local_termination_time: 3371.3753600000005
node_cons: 73505.66375949727
tot_aggregated_send: 0
tot_msg_rcv: 53707
tot_msg_sent: 53037
tot_reconf_duration: 18.21
tot_sleeping_duration: 3516356.999440012
tot_uptimes: 915
tot_uptimes_duration: 54877.4716799843
