comms_cons: 349.0295168096563
finished_reconf: true
global_termination_time: 3571362.388
local_termination_time: 2149823.8160799993
node_cons: 73451.61614334921
tot_aggregated_send: 48778
tot_msg_rcv: 1349
tot_msg_sent: 2923
tot_reconf_duration: 15.34
tot_sleeping_duration: 3516522.369760006
tot_uptimes: 915
tot_uptimes_duration: 54840.01823999337
