comms_cons: 349.9811712008929
finished_reconf: true
global_termination_time: 3573257.524
local_termination_time: 1791326.248399998
node_cons: 73529.009283349
tot_aggregated_send: 49996
tot_msg_rcv: 999
tot_msg_sent: 2201
tot_reconf_duration: 13.17
tot_sleeping_duration: 3518357.505760007
tot_uptimes: 916
tot_uptimes_duration: 54900.01823999314
