comms_cons: 362.8171776608395
finished_reconf: true
global_termination_time: 3573643.848
local_termination_time: 327372.30736000004
node_cons: 73528.34109228964
tot_aggregated_send: 49300
tot_msg_rcv: 2129
tot_msg_sent: 3716
tot_reconf_duration: 12.629999999999999
tot_sleeping_duration: 3518743.7811200214
tot_uptimes: 916
tot_uptimes_duration: 54900.06687997858
