comms_cons: 357.4057664318614
finished_reconf: true
global_termination_time: 3572455.609
local_termination_time: 111388.6742399997
node_cons: 73445.71965228471
tot_aggregated_send: 49996
tot_msg_rcv: 1306
tot_msg_sent: 3020
tot_reconf_duration: 10.95
tot_sleeping_duration: 3517615.5421200255
tot_uptimes: 915
tot_uptimes_duration: 54840.06687997491
