comms_cons: 384.4470012792852
finished_reconf: true
global_termination_time: 1955294.031
local_termination_time: 2188.32936
node_cons: 40194.74546223324
tot_aggregated_send: 0
tot_msg_rcv: 29440
tot_msg_sent: 28991
tot_reconf_duration: 18.21
tot_sleeping_duration: 1925294.0188400047
tot_uptimes: 501
tot_uptimes_duration: 30000.012159995153
