comms_cons: 197.30265598696855
finished_reconf: true
global_termination_time: 1953165.444
local_termination_time: 121191.32059999995
node_cons: 40200.81568783136
tot_aggregated_send: 27144
tot_msg_rcv: 1000
tot_msg_sent: 1844
tot_reconf_duration: 22.65
tot_sleeping_duration: 1923165.4014400062
tot_uptimes: 501
tot_uptimes_duration: 30000.042559993744
