comms_cons: 188.21117439374027
finished_reconf: true
global_termination_time: 1955522.58
local_termination_time: 967583.4734799998
node_cons: 40177.37393999964
tot_aggregated_send: 26970
tot_msg_rcv: 584
tot_msg_sent: 1053
tot_reconf_duration: 5.43
tot_sleeping_duration: 1925522.58
tot_uptimes: 501
tot_uptimes_duration: 30000.0
