comms_cons: 1041.7971256538035
finished_reconf: true
global_termination_time: 2154637.0416799984
local_termination_time: 2154637.000559998
node_cons: 130793.88865959068
tot_aggregated_send: 0
tot_msg_rcv: 63994
tot_msg_sent: 94351
tot_reconf_duration: 24.59
tot_sleeping_duration: 2056981.7052800022
tot_uptimes: 1601
tot_uptimes_duration: 97655.33639999619
