comms_cons: 213.3239807912197
finished_reconf: true
global_termination_time: 2157442.061
local_termination_time: 987456.1683599999
node_cons: 44356.22452223325
tot_aggregated_send: 30740
tot_msg_rcv: 522
tot_msg_sent: 1162
tot_reconf_duration: 6.279999999999999
tot_sleeping_duration: 2124322.048840005
tot_uptimes: 553
tot_uptimes_duration: 33120.01215999527
