comms_cons: 215.0016767867828
finished_reconf: true
global_termination_time: 2158029.324
local_termination_time: 934232.4453599998
node_cons: 44355.27662447141
tot_aggregated_send: 30160
tot_msg_rcv: 833
tot_msg_sent: 1686
tot_reconf_duration: 5.57
tot_sleeping_duration: 2124909.2996800058
tot_uptimes: 553
tot_uptimes_duration: 33120.02431999397
