comms_cons: 217.8394046793491
finished_reconf: true
global_termination_time: 1104542.6526
local_termination_time: 1314.8040400000016
node_cons: 22707.207989516726
tot_aggregated_send: 0
tot_msg_rcv: 16756
tot_msg_sent: 16350
tot_reconf_duration: 22.65
tot_sleeping_duration: 1087607.2909200024
tot_uptimes: 283
tot_uptimes_duration: 16935.361679997528
