comms_cons: 109.14955519713966
finished_reconf: true
global_termination_time: 1106511.557
local_termination_time: 215081.57160000008
node_cons: 22763.85707440014
tot_aggregated_send: 16008
tot_msg_rcv: 177
tot_msg_sent: 406
tot_reconf_duration: 11.31
tot_sleeping_duration: 1089522.3874
tot_uptimes: 284
tot_uptimes_duration: 16989.16960000008
