comms_cons: 200.38172159095274
finished_reconf: true
global_termination_time: 2038535.495
local_termination_time: 239619.62836000006
node_cons: 41962.225462233306
tot_aggregated_send: 28652
tot_msg_rcv: 656
tot_msg_sent: 1149
tot_reconf_duration: 18.21
tot_sleeping_duration: 2007215.4828400048
tot_uptimes: 523
tot_uptimes_duration: 31320.01215999527
