comms_cons: 201.07259519465794
finished_reconf: true
global_termination_time: 2039511.904
local_termination_time: 1430034.6627599988
node_cons: 41941.621899999394
tot_aggregated_send: 29406
tot_msg_rcv: 421
tot_msg_sent: 734
tot_reconf_duration: 3.05
tot_sleeping_duration: 2008191.904
tot_uptimes: 523
tot_uptimes_duration: 31320.0
