comms_cons: 32.77099519976995
finished_reconf: true
global_termination_time: 330006.704
local_termination_time: 2944.1116400000014
node_cons: 6763.918979999988
tot_aggregated_send: 4640
tot_msg_rcv: 118
tot_msg_sent: 223
tot_reconf_duration: 11.31
tot_sleeping_duration: 324966.704
tot_uptimes: 85
tot_uptimes_duration: 5039.999999999985
