comms_cons: 67.91552000695897
finished_reconf: true
global_termination_time: 315424.71956000064
local_termination_time: 315424.6784400006
node_cons: 6521.50936465438
tot_aggregated_send: 0
tot_msg_rcv: 5607
tot_msg_sent: 4717
tot_reconf_duration: 24.59
tot_sleeping_duration: 310579.22579998994
tot_uptimes: 81
tot_uptimes_duration: 4845.49376001073
