comms_cons: 92.25793280906367
finished_reconf: true
global_termination_time: 315425.1962000007
local_termination_time: 1376.0620400000014
node_cons: 12928.204956800988
tot_aggregated_send: 0
tot_msg_rcv: 4709
tot_msg_sent: 9312
tot_reconf_duration: 6.22
tot_sleeping_duration: 305776.385
tot_uptimes: 160
tot_uptimes_duration: 9648.811200000724
