comms_cons: 137.05194238667178
finished_reconf: true
global_termination_time: 1338369.823
local_termination_time: 156267.66976000043
node_cons: 27484.848945597998
tot_aggregated_send: 17690
tot_msg_rcv: 992
tot_msg_sent: 2151
tot_reconf_duration: 6.279999999999999
tot_sleeping_duration: 1317849.7926000017
tot_uptimes: 343
tot_uptimes_duration: 20520.030399998475
