comms_cons: 265.7960702233865
finished_reconf: true
global_termination_time: 1337552.647
local_termination_time: 2517.280480000002
node_cons: 27507.11197006533
tot_aggregated_send: 0
tot_msg_rcv: 20562
tot_msg_sent: 19836
tot_reconf_duration: 22.65
tot_sleeping_duration: 1317032.5922800112
tot_uptimes: 343
tot_uptimes_duration: 20520.054719989013
