comms_cons: 122.68892159123688
finished_reconf: true
global_termination_time: 625722.625
local_termination_time: 103481.21635999998
node_cons: 12885.18312336432
tot_aggregated_send: 0
tot_msg_rcv: 9386
tot_msg_sent: 9262
tot_reconf_duration: 22.65
tot_sleeping_duration: 616122.6067599969
tot_uptimes: 161
tot_uptimes_duration: 9600.018240003206
