comms_cons: 64.9840127996967
finished_reconf: true
global_termination_time: 624949.4783999992
local_termination_time: 624949.4372799993
node_cons: 12926.031203689534
tot_aggregated_send: 8106
tot_msg_rcv: 575
tot_msg_sent: 1195
tot_reconf_duration: 24.59
tot_sleeping_duration: 615320.9212799921
tot_uptimes: 161
tot_uptimes_duration: 9628.557120007099
