comms_cons: 53.99105280017929
finished_reconf: true
global_termination_time: 543541.467
local_termination_time: 49550.52099999999
node_cons: 11198.034982242869
tot_aggregated_send: 7422
tot_msg_rcv: 229
tot_msg_sent: 556
tot_reconf_duration: 22.65
tot_sleeping_duration: 535201.4548399978
tot_uptimes: 140
tot_uptimes_duration: 8340.012160002138
