comms_cons: 55.42976000130578
finished_reconf: true
global_termination_time: 545312.722
local_termination_time: 239508.66048000005
node_cons: 11177.895842242866
tot_aggregated_send: 7134
tot_msg_rcv: 511
tot_msg_sent: 780
tot_reconf_duration: 7.819999999999999
tot_sleeping_duration: 536972.7098399978
tot_uptimes: 140
tot_uptimes_duration: 8340.012160002152
