comms_cons: 52.284902400150486
finished_reconf: true
global_termination_time: 541310.783
local_termination_time: 374465.72320000065
node_cons: 11102.278980000012
tot_aggregated_send: 7250
tot_msg_rcv: 251
tot_msg_sent: 446
tot_reconf_duration: 11.31
tot_sleeping_duration: 533030.783
tot_uptimes: 139
tot_uptimes_duration: 8280.0
