comms_cons: 360.96641284945207
finished_reconf: true
global_termination_time: 3579526.525
local_termination_time: 377511.41699999996
node_cons: 73617.89187438687
tot_aggregated_send: 49588
tot_msg_rcv: 1745
tot_msg_sent: 3531
tot_reconf_duration: 18.700000000000003
tot_sleeping_duration: 3524565.7354000085
tot_uptimes: 917
tot_uptimes_duration: 54960.78959999152
