comms_cons: 352.6474624275782
finished_reconf: true
global_termination_time: 3578321.819
local_termination_time: 1751125.0425999998
node_cons: 73599.92960797998
tot_aggregated_send: 50054
tot_msg_rcv: 1193
tot_msg_sent: 2353
tot_reconf_duration: 6.22
tot_sleeping_duration: 3523361.7870000135
tot_uptimes: 917
tot_uptimes_duration: 54960.03199998636
