comms_cons: 64.4398207979161
finished_reconf: true
global_termination_time: 604791.492
local_termination_time: 195431.0776400004
node_cons: 12403.159405602564
tot_aggregated_send: 7250
tot_msg_rcv: 901
tot_msg_sent: 1646
tot_reconf_duration: 22.65
tot_sleeping_duration: 595551.4615999981
tot_uptimes: 155
tot_uptimes_duration: 9240.03040000191
