comms_cons: 63.26286079960818
finished_reconf: true
global_termination_time: 611430.582
local_termination_time: 88398.012
node_cons: 12542.823925758925
tot_aggregated_send: 7944
tot_msg_rcv: 563
tot_msg_sent: 1108
tot_reconf_duration: 5.43
tot_sleeping_duration: 602068.7821600009
tot_uptimes: 157
tot_uptimes_duration: 9361.799839999177
