comms_cons: 273.0960128118005
finished_reconf: true
global_termination_time: 2749855.436
local_termination_time: 2022105.7435199982
node_cons: 56590.178416393275
tot_aggregated_send: 39556
tot_msg_rcv: 688
tot_msg_sent: 1265
tot_reconf_duration: 18.21
tot_sleeping_duration: 2707610.8884000042
tot_uptimes: 705
tot_uptimes_duration: 42244.54759999574
