comms_cons: 279.16592002172007
finished_reconf: true
global_termination_time: 2750996.175
local_termination_time: 129255.27947999995
node_cons: 56567.87188894779
tot_aggregated_send: 37758
tot_msg_rcv: 1595
tot_msg_sent: 3079
tot_reconf_duration: 6.22
tot_sleeping_duration: 2708756.126360008
tot_uptimes: 705
tot_uptimes_duration: 42240.04863999161
