comms_cons: 1.0584575999997081
finished_reconf: true
global_termination_time: 6053.092
local_termination_time: 511.3703599999999
node_cons: 84.52263999999991
tot_aggregated_send: 0
tot_msg_rcv: 101
tot_msg_sent: 58
tot_reconf_duration: 3.08
tot_sleeping_duration: 5993.092
tot_uptimes: 2
tot_uptimes_duration: 59.99999999999994
