comms_cons: 150.6834751861031
finished_reconf: true
global_termination_time: 1480943.634
local_termination_time: 107808.49835999997
node_cons: 30459.53654782248
tot_aggregated_send: 20126
tot_msg_rcv: 916
tot_msg_sent: 1860
tot_reconf_duration: 7.819999999999999
tot_sleeping_duration: 1458203.5914400131
tot_uptimes: 380
tot_uptimes_duration: 22740.042559986876
