comms_cons: 287.48535019475287
finished_reconf: true
global_termination_time: 1478777.97
local_termination_time: 510670.94528000074
node_cons: 30376.993325756375
tot_aggregated_send: 0
tot_msg_rcv: 21963
tot_msg_sent: 21734
tot_reconf_duration: 6.22
tot_sleeping_duration: 1456097.9501600028
tot_uptimes: 379
tot_uptimes_duration: 22680.019839997287
