comms_cons: 148.11157759217784
finished_reconf: true
global_termination_time: 1481513.48
local_termination_time: 551983.6229999999
node_cons: 30466.92365287372
tot_aggregated_send: 21045
tot_msg_rcv: 539
tot_msg_sent: 928
tot_reconf_duration: 11.31
tot_sleeping_duration: 1458771.4600800048
tot_uptimes: 380
tot_uptimes_duration: 22742.019919995335
