comms_cons: 244.85767679723014
finished_reconf: true
global_termination_time: 2532899.882
local_termination_time: 1767784.5671599982
node_cons: 52075.67897999929
tot_aggregated_send: 36366
tot_msg_rcv: 223
tot_msg_sent: 627
tot_reconf_duration: 11.31
tot_sleeping_duration: 2494019.882
tot_uptimes: 649
tot_uptimes_duration: 38880.0
