comms_cons: 1.4145279999953273
finished_reconf: true
global_termination_time: 12442.452
local_termination_time: 5542.557360000008
node_cons: 271.77870000000075
tot_aggregated_send: 0
tot_msg_rcv: 118
tot_msg_sent: 97
tot_reconf_duration: 22.65
tot_sleeping_duration: 12262.452
tot_uptimes: 4
tot_uptimes_duration: 180.0
