comms_cons: 97.96403199215025
finished_reconf: true
global_termination_time: 967730.468
local_termination_time: 110185.19135999995
node_cons: 19848.260299027545
tot_aggregated_send: 11716
tot_msg_rcv: 1040
tot_msg_sent: 2132
tot_reconf_duration: 3.05
tot_sleeping_duration: 952910.3646400094
tot_uptimes: 248
tot_uptimes_duration: 14820.103359990695
