comms_cons: 73.14657279922488
finished_reconf: true
global_termination_time: 723470.536
local_termination_time: 243173.31336000006
node_cons: 14871.444522242882
tot_aggregated_send: 9860
tot_msg_rcv: 444
tot_msg_sent: 813
tot_reconf_duration: 6.279999999999999
tot_sleeping_duration: 712370.5238399978
tot_uptimes: 186
tot_uptimes_duration: 11100.012160002138
