comms_cons: 74.74843519532803
finished_reconf: true
global_termination_time: 724991.425
local_termination_time: 362483.11836
node_cons: 14883.460085597959
tot_aggregated_send: 9164
tot_msg_rcv: 703
tot_msg_sent: 1494
tot_reconf_duration: 15.110000000000001
tot_sleeping_duration: 713891.3946000015
tot_uptimes: 186
tot_uptimes_duration: 11100.030399998475
