comms_cons: 73.04885759749904
finished_reconf: true
global_termination_time: 724755.981
local_termination_time: 494943.8397600009
node_cons: 14875.700501116831
tot_aggregated_send: 9976
tot_msg_rcv: 380
tot_msg_sent: 747
tot_reconf_duration: 9.42
tot_sleeping_duration: 713655.9749200024
tot_uptimes: 186
tot_uptimes_duration: 11100.006079997635
