comms_cons: 221.86355187418854
finished_reconf: true
global_termination_time: 1114436.718
local_termination_time: 490.26003999999944
node_cons: 22921.65360335513
tot_aggregated_send: 0
tot_msg_rcv: 17195
tot_msg_sent: 16524
tot_reconf_duration: 18.21
tot_sleeping_duration: 1097336.699760004
tot_uptimes: 286
tot_uptimes_duration: 17100.018239996338
