comms_cons: 221.31207027621292
finished_reconf: true
global_termination_time: 1113483.7808399987
local_termination_time: 2240.0483600000002
node_cons: 22986.229130875283
tot_aggregated_send: 0
tot_msg_rcv: 17088
tot_msg_sent: 16548
tot_reconf_duration: 22.65
tot_sleeping_duration: 1096340.0389200023
tot_uptimes: 286
tot_uptimes_duration: 17143.74191999645
