comms_cons: 110.38581759790311
finished_reconf: true
global_termination_time: 1113483.68412
local_termination_time: 35747.7781200001
node_cons: 22929.212859680167
tot_aggregated_send: 15776
tot_msg_rcv: 332
tot_msg_sent: 670
tot_reconf_duration: 7.819999999999999
tot_sleeping_duration: 1096367.483
tot_uptimes: 286
tot_uptimes_duration: 17116.2011200001
