comms_cons: 109.37919999858816
finished_reconf: true
global_termination_time: 1115754.311
local_termination_time: 642516.769119999
node_cons: 22905.346760000153
tot_aggregated_send: 16356
tot_msg_rcv: 100
tot_msg_sent: 169
tot_reconf_duration: 6.22
tot_sleeping_duration: 1098654.311
tot_uptimes: 286
tot_uptimes_duration: 17100.0
