comms_cons: 29.251123200137613
finished_reconf: true
global_termination_time: 299518.722
local_termination_time: 192959.6226400004
node_cons: 6113.213939999991
tot_aggregated_send: 4350
tot_msg_rcv: 42
tot_msg_sent: 53
tot_reconf_duration: 5.43
tot_sleeping_duration: 294958.722
tot_uptimes: 77
tot_uptimes_duration: 4559.999999999996
