comms_cons: 208.79101438416527
finished_reconf: true
global_termination_time: 2082847.417
local_termination_time: 995056.4033599999
node_cons: 42852.003123350136
tot_aggregated_send: 29290
tot_msg_rcv: 837
tot_msg_sent: 1608
tot_reconf_duration: 22.65
tot_sleeping_duration: 2050867.398760007
tot_uptimes: 534
tot_uptimes_duration: 31980.018239992904
