comms_cons: 208.59285118680415
finished_reconf: true
global_termination_time: 2082049.695
local_termination_time: 558948.6613599999
node_cons: 42825.394464467005
tot_aggregated_send: 29464
tot_msg_rcv: 785
tot_msg_sent: 1455
tot_reconf_duration: 3.05
tot_sleeping_duration: 2050069.6706800095
tot_uptimes: 534
tot_uptimes_duration: 31980.024319990538
