comms_cons: 208.21150718626058
finished_reconf: true
global_termination_time: 2079277.40412
local_termination_time: 3333.878480000004
node_cons: 42771.593031342476
tot_aggregated_send: 29000
tot_msg_rcv: 837
tot_msg_sent: 1809
tot_reconf_duration: 5.43
tot_sleeping_duration: 2047339.973880013
tot_uptimes: 533
tot_uptimes_duration: 31937.430239987196
