comms_cons: 45.453548802632895
finished_reconf: true
global_termination_time: 341730.067360001
local_termination_time: 341730.067360001
node_cons: 7127.829549299066
tot_aggregated_send: 2320
tot_msg_rcv: 1762
tot_msg_sent: 2834
tot_reconf_duration: 37.410000000000004
tot_sleeping_duration: 336444.75983998674
tot_uptimes: 88
tot_uptimes_duration: 5285.307520014227
