comms_cons: 34.790809600627504
finished_reconf: true
global_termination_time: 341730.48948000016
local_termination_time: 2610.9095200000015
node_cons: 7039.508680963092
tot_aggregated_send: 4524
tot_msg_rcv: 254
tot_msg_sent: 510
tot_reconf_duration: 22.65
tot_sleeping_duration: 336496.17283999786
tot_uptimes: 88
tot_uptimes_duration: 5234.316640002304
