comms_cons: 34.36113920026651
finished_reconf: true
global_termination_time: 343180.936
local_termination_time: 158813.12936000005
node_cons: 7006.739681121445
tot_aggregated_send: 4756
tot_msg_rcv: 187
tot_msg_sent: 280
tot_reconf_duration: 12.629999999999999
tot_sleeping_duration: 337960.9299199989
tot_uptimes: 88
tot_uptimes_duration: 5220.006080001069
