comms_cons: 88.62479361182257
finished_reconf: true
global_termination_time: 434730.1704800002
local_termination_time: 2631.4436
node_cons: 8963.032256570259
tot_aggregated_send: 0
tot_msg_rcv: 7016
tot_msg_sent: 6451
tot_reconf_duration: 18.21
tot_sleeping_duration: 428054.81343999255
tot_uptimes: 112
tot_uptimes_duration: 6675.357040007657
