comms_cons: 24.34304000023586
finished_reconf: true
global_termination_time: 233706.337
local_termination_time: 48691.84736000001
node_cons: 4770.818699999996
tot_aggregated_send: 2726
tot_msg_rcv: 385
tot_msg_sent: 589
tot_reconf_duration: 22.65
tot_sleeping_duration: 230166.337
tot_uptimes: 60
tot_uptimes_duration: 3540.0
