comms_cons: 23.499929600097605
finished_reconf: true
global_termination_time: 232205.996
local_termination_time: 71789.99635999998
node_cons: 4748.53118335746
tot_aggregated_send: 2494
tot_msg_rcv: 381
tot_msg_sent: 697
tot_reconf_duration: 6.22
tot_sleeping_duration: 228665.97776000193
tot_uptimes: 60
tot_uptimes_duration: 3540.0182399980986
