comms_cons: 168.52791673994642
finished_reconf: true
global_termination_time: 926069.973
local_termination_time: 199680.66260000007
node_cons: 19049.116381121457
tot_aggregated_send: 0
tot_msg_rcv: 13075
tot_msg_sent: 12540
tot_reconf_duration: 6.279999999999999
tot_sleeping_duration: 911849.9669199989
tot_uptimes: 238
tot_uptimes_duration: 14220.006080001069
