comms_cons: 731.5015037408847
finished_reconf: true
global_termination_time: 922778.984
local_termination_time: 199680.92148000008
node_cons: 92325.2331358449
tot_aggregated_send: 0
tot_msg_rcv: 50203
tot_msg_sent: 60980
tot_reconf_duration: 5.57
tot_sleeping_duration: 853833.7494399947
tot_uptimes: 1116
tot_uptimes_duration: 68945.23456000532
