comms_cons: 95.50632319547618
finished_reconf: true
global_termination_time: 924812.279
local_termination_time: 205766.41336000006
node_cons: 18972.63580336434
tot_aggregated_send: 11948
tot_msg_rcv: 833
tot_msg_sent: 1735
tot_reconf_duration: 9.11
tot_sleeping_duration: 910652.2607599968
tot_uptimes: 237
tot_uptimes_duration: 14160.018240003206
