comms_cons: 90.70743039905906
finished_reconf: true
global_termination_time: 925160.243
local_termination_time: 377106.6203200007
node_cons: 18991.663379602403
tot_aggregated_send: 12876
tot_msg_rcv: 345
tot_msg_sent: 566
tot_reconf_duration: 22.65
tot_sleeping_duration: 910999.7465999982
tot_uptimes: 237
tot_uptimes_duration: 14160.49640000175
