comms_cons: 90.85244799672103
finished_reconf: true
global_termination_time: 922927.349
local_termination_time: 403041.87836000003
node_cons: 18966.804544476552
tot_aggregated_send: 12528
tot_msg_rcv: 437
tot_msg_sent: 844
tot_reconf_duration: 4.8100000000000005
tot_sleeping_duration: 908767.3246800026
tot_uptimes: 237
tot_uptimes_duration: 14160.024319997407
