comms_cons: 93.71217919639739
finished_reconf: true
global_termination_time: 925094.191
local_termination_time: 438275.14824000094
node_cons: 18983.623017837817
tot_aggregated_send: 12354
tot_msg_rcv: 622
tot_msg_sent: 1266
tot_reconf_duration: 11.31
tot_sleeping_duration: 910928.1984400016
tot_uptimes: 237
tot_uptimes_duration: 14165.992559998354
