comms_cons: 277.30074880557584
finished_reconf: true
global_termination_time: 2804312.208
local_termination_time: 571445.9225999978
node_cons: 57705.75940239599
tot_aggregated_send: 40310
tot_msg_rcv: 562
tot_msg_sent: 1277
tot_reconf_duration: 9.11
tot_sleeping_duration: 2761225.2864000024
tot_uptimes: 719
tot_uptimes_duration: 43086.92159999779
