comms_cons: 274.6773823925542
finished_reconf: true
global_termination_time: 2802906.743
local_termination_time: 1261809.7073600001
node_cons: 57620.93153999913
tot_aggregated_send: 40252
tot_msg_rcv: 414
tot_msg_sent: 1083
tot_reconf_duration: 12.629999999999999
tot_sleeping_duration: 2759886.743
tot_uptimes: 718
tot_uptimes_duration: 43020.0
