comms_cons: 274.42556159372015
finished_reconf: true
global_termination_time: 2806699.98
local_termination_time: 2145677.2203599997
node_cons: 57700.280199998844
tot_aggregated_send: 40368
tot_msg_rcv: 419
tot_msg_sent: 924
tot_reconf_duration: 11.899999999999999
tot_sleeping_duration: 2763619.98
tot_uptimes: 719
tot_uptimes_duration: 43080.0
