comms_cons: 11.612287999976456
finished_reconf: true
global_termination_time: 8932.807240000002
local_termination_time: 904.1830399999996
node_cons: 1552.140191360004
tot_aggregated_send: 0
tot_msg_rcv: 831
tot_msg_sent: 933
tot_reconf_duration: 18.21
tot_sleeping_duration: 7792.096999999999
tot_uptimes: 18
tot_uptimes_duration: 1140.710240000003
