comms_cons: 91.0814719966645
finished_reconf: true
global_termination_time: 902496.8225999988
local_termination_time: 902496.7814799988
node_cons: 18664.303052636697
tot_aggregated_send: 12528
tot_msg_rcv: 431
tot_msg_sent: 883
tot_reconf_duration: 37.410000000000004
tot_sleeping_duration: 888595.7768400012
tot_uptimes: 232
tot_uptimes_duration: 13901.045759997505
