comms_cons: 91.67930239797309
finished_reconf: true
global_termination_time: 902496.90124
local_termination_time: 2478.8986400000017
node_cons: 18602.337182719762
tot_aggregated_send: 11890
tot_msg_rcv: 669
tot_msg_sent: 1373
tot_reconf_duration: 18.21
tot_sleeping_duration: 888622.6607600002
tot_uptimes: 232
tot_uptimes_duration: 13874.240479999804
