comms_cons: 90.09504639590871
finished_reconf: true
global_termination_time: 903096.204
local_termination_time: 114350.8263199996
node_cons: 18562.698182233675
tot_aggregated_send: 12702
tot_msg_rcv: 293
tot_msg_sent: 698
tot_reconf_duration: 3.05
tot_sleeping_duration: 889236.1918400048
tot_uptimes: 232
tot_uptimes_duration: 13860.012159995269
