comms_cons: 676.5019586249422
finished_reconf: true
global_termination_time: 6698705.058
local_termination_time: 328661.97436000005
node_cons: 137789.7378145205
tot_aggregated_send: 92046
tot_msg_rcv: 3397
tot_msg_sent: 7381
tot_reconf_duration: 4.8100000000000005
tot_sleeping_duration: 6595804.978960027
tot_uptimes: 1716
tot_uptimes_duration: 102900.07903997385
