comms_cons: 675.6938434029178
finished_reconf: true
global_termination_time: 6696708.479
local_termination_time: 379165.73736
node_cons: 137708.80303116533
tot_aggregated_send: 92336
tot_msg_rcv: 3508
tot_msg_sent: 6857
tot_reconf_duration: 4.390000000000001
tot_sleeping_duration: 6593868.4182000235
tot_uptimes: 1715
tot_uptimes_duration: 102840.06079997751
