comms_cons: 671.4388993598923
finished_reconf: true
global_termination_time: 6699353.375
local_termination_time: 1382989.3643599998
node_cons: 137791.62003004912
tot_aggregated_send: 93032
tot_msg_rcv: 2975
tot_msg_sent: 6047
tot_reconf_duration: 6.22
tot_sleeping_duration: 6596453.320280019
tot_uptimes: 1716
tot_uptimes_duration: 102900.05471998034
