comms_cons: 55.50871040113205
finished_reconf: true
global_termination_time: 545864.646
local_termination_time: 163065.15400000045
node_cons: 11174.848483364316
tot_aggregated_send: 7134
tot_msg_rcv: 431
tot_msg_sent: 872
tot_reconf_duration: 5.57
tot_sleeping_duration: 537524.6277599968
tot_uptimes: 140
tot_uptimes_duration: 8340.018240003206
