comms_cons: 54.742380801126714
finished_reconf: true
global_termination_time: 541925.422
local_termination_time: 183595.61536000008
node_cons: 11099.307662242896
tot_aggregated_send: 7134
tot_msg_rcv: 321
tot_msg_sent: 865
tot_reconf_duration: 9.11
tot_sleeping_duration: 533645.4098399979
tot_uptimes: 139
tot_uptimes_duration: 8280.012160002138
