comms_cons: 54.80599039998156
finished_reconf: true
global_termination_time: 544673.177
local_termination_time: 192888.66936000006
node_cons: 11198.034982242867
tot_aggregated_send: 7250
tot_msg_rcv: 340
tot_msg_sent: 741
tot_reconf_duration: 22.65
tot_sleeping_duration: 536333.1648399979
tot_uptimes: 140
tot_uptimes_duration: 8340.012160002138
