comms_cons: 54.60078080095232
finished_reconf: true
global_termination_time: 544799.924
local_termination_time: 510222.93912000046
node_cons: 11180.052359999992
tot_aggregated_send: 7482
tot_msg_rcv: 298
tot_msg_sent: 519
tot_reconf_duration: 9.42
tot_sleeping_duration: 536459.924
tot_uptimes: 140
tot_uptimes_duration: 8340.0
