comms_cons: 54.52183040104621
finished_reconf: true
global_termination_time: 542328.748
local_termination_time: 400628.3303600001
node_cons: 11091.061900000079
tot_aggregated_send: 7424
tot_msg_rcv: 283
tot_msg_sent: 580
tot_reconf_duration: 3.05
tot_sleeping_duration: 534048.748
tot_uptimes: 139
tot_uptimes_duration: 8280.0
