comms_cons: 56.56796160090251
finished_reconf: true
global_termination_time: 543598.785
local_termination_time: 266527.47708000016
node_cons: 11182.627121121443
tot_aggregated_send: 7192
tot_msg_rcv: 542
tot_msg_sent: 864
tot_reconf_duration: 11.31
tot_sleeping_duration: 535258.7789199989
tot_uptimes: 140
tot_uptimes_duration: 8340.006080001069
