comms_cons: 610.751564678891
finished_reconf: true
global_termination_time: 706492.6166399991
local_termination_time: 706492.5755199991
node_cons: 70513.16142408198
tot_aggregated_send: 0
tot_msg_rcv: 41976
tot_msg_sent: 50851
tot_reconf_duration: 37.410000000000004
tot_sleeping_duration: 653869.4959199965
tot_uptimes: 850
tot_uptimes_duration: 52623.1207200025
