comms_cons: 142.2831615723215
finished_reconf: true
global_termination_time: 709873.088
local_termination_time: 225.93047999999993
node_cons: 14548.530928965445
tot_aggregated_send: 0
tot_msg_rcv: 11114
tot_msg_sent: 10513
tot_reconf_duration: 5.1
tot_sleeping_duration: 699013.039359996
tot_uptimes: 182
tot_uptimes_duration: 10860.048640004054
