comms_cons: 73.80609279960909
finished_reconf: true
global_termination_time: 709850.477
local_termination_time: 97941.45875999948
node_cons: 14564.317780244193
tot_aggregated_send: 9338
tot_msg_rcv: 720
tot_msg_sent: 1161
tot_reconf_duration: 13.17
tot_sleeping_duration: 698986.8228399968
tot_uptimes: 182
tot_uptimes_duration: 10863.65416000312
