comms_cons: 71.6662527957354
finished_reconf: true
global_termination_time: 710190.312
local_termination_time: 194811.68220000062
node_cons: 14557.700200000014
tot_aggregated_send: 9628
tot_msg_rcv: 403
tot_msg_sent: 862
tot_reconf_duration: 11.899999999999999
tot_sleeping_duration: 699330.312
tot_uptimes: 182
tot_uptimes_duration: 10860.0
