comms_cons: 69.93031679926268
finished_reconf: true
global_termination_time: 709581.887
local_termination_time: 272203.49236000003
node_cons: 14552.200265602585
tot_aggregated_send: 9686
tot_msg_rcv: 300
tot_msg_sent: 643
tot_reconf_duration: 7.819999999999999
tot_sleeping_duration: 698721.8565999981
tot_uptimes: 182
tot_uptimes_duration: 10860.03040000191
