comms_cons: 38.450099200141416
finished_reconf: true
global_termination_time: 383337.697
local_termination_time: 49680.52680000015
node_cons: 7917.512087200236
tot_aggregated_send: 5452
tot_msg_rcv: 177
tot_msg_sent: 216
tot_reconf_duration: 25.299999999999997
tot_sleeping_duration: 377450.35219999985
tot_uptimes: 99
tot_uptimes_duration: 5887.344800000166
