comms_cons: 522.2086269181968
finished_reconf: true
global_termination_time: 1201615.323
local_termination_time: 313040.09348000056
node_cons: 73146.40700658724
tot_aggregated_send: 0
tot_msg_rcv: 32020
tot_msg_sent: 47353
tot_reconf_duration: 18.21
tot_sleeping_duration: 1147006.1536000082
tot_uptimes: 901
tot_uptimes_duration: 54609.169399991675
