comms_cons: 213.77447668455548
finished_reconf: true
global_termination_time: 1206187.133
local_termination_time: 313043.56460000057
node_cons: 24775.51940558423
tot_aggregated_send: 0
tot_msg_rcv: 16490
tot_msg_sent: 16003
tot_reconf_duration: 22.65
tot_sleeping_duration: 1187707.1026000117
tot_uptimes: 309
tot_uptimes_duration: 18480.030399988173
