comms_cons: 121.2809727982251
finished_reconf: true
global_termination_time: 1201080.8062400005
local_termination_time: 69904.71295999993
node_cons: 24759.680814956337
tot_aggregated_send: 16704
tot_msg_rcv: 682
tot_msg_sent: 1047
tot_reconf_duration: 11.31
tot_sleeping_duration: 1182601.1036000033
tot_uptimes: 308
tot_uptimes_duration: 18479.702639997224
