comms_cons: 124.12026880983767
finished_reconf: true
global_termination_time: 256457.73504000032
local_termination_time: 256457.6939200003
node_cons: 15660.106167041333
tot_aggregated_send: 0
tot_msg_rcv: 7600
tot_msg_sent: 11265
tot_reconf_duration: 24.59
tot_sleeping_duration: 244787.29967999933
tot_uptimes: 192
tot_uptimes_duration: 11670.43536000097
