comms_cons: 44.72568320040922
finished_reconf: true
global_termination_time: 445369.65120000066
local_termination_time: 445369.61008000065
node_cons: 9254.158882164033
tot_aggregated_send: 6134
tot_msg_rcv: 158
tot_msg_sent: 506
tot_reconf_duration: 24.59
tot_sleeping_duration: 438483.3437599977
tot_uptimes: 115
tot_uptimes_duration: 6886.307440002995
