comms_cons: 43.71878400082752
finished_reconf: true
global_termination_time: 447179.928
local_termination_time: 294265.9071200009
node_cons: 9167.214901121404
tot_aggregated_send: 6032
tot_msg_rcv: 155
tot_msg_sent: 458
tot_reconf_duration: 6.22
tot_sleeping_duration: 440339.92191999895
tot_uptimes: 115
tot_uptimes_duration: 6840.006080001069
