comms_cons: 59.599577599131926
finished_reconf: true
global_termination_time: 603726.831
local_termination_time: 92032.86887999973
node_cons: 12389.511540000003
tot_aggregated_send: 8700
tot_msg_rcv: 138
tot_msg_sent: 221
tot_reconf_duration: 12.629999999999999
tot_sleeping_duration: 594486.831
tot_uptimes: 155
tot_uptimes_duration: 9240.0
