comms_cons: 59.42894079784698
finished_reconf: true
global_termination_time: 603677.269
local_termination_time: 191753.44248000006
node_cons: 12388.52834112144
tot_aggregated_send: 8642
tot_msg_rcv: 111
tot_msg_sent: 279
tot_reconf_duration: 11.899999999999999
tot_sleeping_duration: 594437.262919999
tot_uptimes: 155
tot_uptimes_duration: 9240.006080001069
