comms_cons: 11.476006399979084
finished_reconf: true
global_termination_time: 98126.32547999996
local_termination_time: 98126.28435999996
node_cons: 2077.701925439117
tot_aggregated_send: 902
tot_msg_rcv: 299
tot_msg_sent: 540
tot_reconf_duration: 37.410000000000004
tot_sleeping_duration: 96612.58452000062
tot_uptimes: 26
tot_uptimes_duration: 1513.7409599993462
