comms_cons: 12.3892608000223
finished_reconf: true
global_termination_time: 99149.519
local_termination_time: 78869.68435999997
node_cons: 2017.0526633597317
tot_aggregated_send: 638
tot_msg_rcv: 489
tot_msg_sent: 757
tot_reconf_duration: 6.279999999999999
tot_sleeping_duration: 97649.5007600002
tot_uptimes: 26
tot_uptimes_duration: 1500.0182399998012
