comms_cons: 13.671462399935933
finished_reconf: true
global_termination_time: 98126.68063999958
local_termination_time: 61419.683480000014
node_cons: 2118.474586318047
tot_aggregated_send: 522
tot_msg_rcv: 623
tot_msg_sent: 933
tot_reconf_duration: 25.299999999999997
tot_sleeping_duration: 96570.20776000104
tot_uptimes: 26
tot_uptimes_duration: 1556.4728799985387
