comms_cons: 371.57944323760705
finished_reconf: true
global_termination_time: 3649432.772
local_termination_time: 193359.52488000088
node_cons: 75060.43493805238
tot_aggregated_send: 50112
tot_msg_rcv: 2301
tot_msg_sent: 4065
tot_reconf_duration: 13.17
tot_sleeping_duration: 3593389.0452800193
tot_uptimes: 935
tot_uptimes_duration: 56043.72671998068
