comms_cons: 364.61377284383593
finished_reconf: true
global_termination_time: 3649446.661
local_termination_time: 2291745.13236
node_cons: 75044.11640334943
tot_aggregated_send: 51446
tot_msg_rcv: 1245
tot_msg_sent: 2727
tot_reconf_duration: 4.8100000000000005
tot_sleeping_duration: 3593406.6427600062
tot_uptimes: 935
tot_uptimes_duration: 56040.01823999337
