comms_cons: 361.1518976243025
finished_reconf: true
global_termination_time: 3649486.223
local_termination_time: 1870948.0396
node_cons: 75053.72019999841
tot_aggregated_send: 52722
tot_msg_rcv: 729
tot_msg_sent: 1441
tot_reconf_duration: 11.899999999999999
tot_sleeping_duration: 3593446.223
tot_uptimes: 935
tot_uptimes_duration: 56040.0
