comms_cons: 49.67296000068445
finished_reconf: true
global_termination_time: 495243.893
local_termination_time: 215797.89860000007
node_cons: 10133.467701121415
tot_aggregated_send: 6902
tot_msg_rcv: 248
tot_msg_sent: 400
tot_reconf_duration: 7.819999999999999
tot_sleeping_duration: 487683.8869199989
tot_uptimes: 127
tot_uptimes_duration: 7560.006080001069
