comms_cons: 211.75288315355408
finished_reconf: true
global_termination_time: 727493.049
local_termination_time: 220811.57204000032
node_cons: 29681.59356500005
tot_aggregated_send: 0
tot_msg_rcv: 10786
tot_msg_sent: 21400
tot_reconf_duration: 11.31
tot_sleeping_duration: 705337.534
tot_uptimes: 366
tot_uptimes_duration: 22155.515000000007
