comms_cons: 29.439027200524343
finished_reconf: true
global_termination_time: 278088.76812000014
local_termination_time: 64637.94320000004
node_cons: 5734.377821920798
tot_aggregated_send: 3422
tot_msg_rcv: 412
tot_msg_sent: 640
tot_reconf_duration: 6.279999999999999
tot_sleeping_duration: 273812.55483999953
tot_uptimes: 72
tot_uptimes_duration: 4276.213280000593
