comms_cons: 28.277401600034132
finished_reconf: true
global_termination_time: 279294.8
local_termination_time: 6493.076480000001
node_cons: 5710.671980000006
tot_aggregated_send: 3886
tot_msg_rcv: 184
tot_msg_sent: 228
tot_reconf_duration: 4.8100000000000005
tot_sleeping_duration: 275034.8
tot_uptimes: 72
tot_uptimes_duration: 4260.0
