comms_cons: 28.323456000420688
finished_reconf: true
global_termination_time: 281884.993
local_termination_time: 16990.07828
node_cons: 5795.099560000005
tot_aggregated_send: 3828
tot_msg_rcv: 136
tot_msg_sent: 341
tot_reconf_duration: 7.819999999999999
tot_sleeping_duration: 277564.993
tot_uptimes: 73
tot_uptimes_duration: 4320.0
