comms_cons: 49.19832319986113
finished_reconf: true
global_termination_time: 12066.235240000004
local_termination_time: 901.4595999999991
node_cons: 5336.262275440064
tot_aggregated_send: 0
tot_msg_rcv: 3864
tot_msg_sent: 3613
tot_reconf_duration: 18.21
tot_sleeping_duration: 8099.444279999959
tot_uptimes: 55
tot_uptimes_duration: 3966.790960000045
