comms_cons: 2.276403199992478
finished_reconf: true
global_termination_time: 14628.644
local_termination_time: 9865.62236
node_cons: 249.4667599999991
tot_aggregated_send: 0
tot_msg_rcv: 177
tot_msg_sent: 169
tot_reconf_duration: 6.22
tot_sleeping_duration: 14448.644
tot_uptimes: 4
tot_uptimes_duration: 180.0
