comms_cons: 14.398003199705805
finished_reconf: true
global_termination_time: 119310.81863999976
local_termination_time: 119310.77751999977
node_cons: 2487.3264596780014
tot_aggregated_send: 972
tot_msg_rcv: 419
tot_msg_sent: 796
tot_reconf_duration: 24.59
tot_sleeping_duration: 117478.15752000126
tot_uptimes: 31
tot_uptimes_duration: 1832.6611199985127
