comms_cons: 14.196543999771556
finished_reconf: true
global_termination_time: 122212.587
local_termination_time: 12479.95908
node_cons: 2511.3961433594513
tot_aggregated_send: 1218
tot_msg_rcv: 365
tot_msg_sent: 574
tot_reconf_duration: 15.34
tot_sleeping_duration: 120352.5687600004
tot_uptimes: 32
tot_uptimes_duration: 1860.0182399995902
