comms_cons: 14.79066879970409
finished_reconf: true
global_termination_time: 119836.294
local_termination_time: 17858.54532
node_cons: 2417.804765599176
tot_aggregated_send: 870
tot_msg_rcv: 500
tot_msg_sent: 879
tot_reconf_duration: 5.57
tot_sleeping_duration: 118036.2636000006
tot_uptimes: 31
tot_uptimes_duration: 1800.0303999993848
