comms_cons: 14.013695999571178
finished_reconf: true
global_termination_time: 122901.428
local_termination_time: 70536.78335999999
node_cons: 2505.9478267172044
tot_aggregated_send: 1044
tot_msg_rcv: 334
tot_msg_sent: 751
tot_reconf_duration: 11.31
tot_sleeping_duration: 121041.3915200021
tot_uptimes: 32
tot_uptimes_duration: 1860.0364799978997
