comms_cons: 40.71866880021363
finished_reconf: true
global_termination_time: 412039.227
local_termination_time: 37473.42648000001
node_cons: 8460.429180000008
tot_aggregated_send: 5800
tot_msg_rcv: 113
tot_msg_sent: 276
tot_reconf_duration: 18.21
tot_sleeping_duration: 405739.227
tot_uptimes: 106
tot_uptimes_duration: 6300.0
