comms_cons: 42.34373120099486
finished_reconf: true
global_termination_time: 416457.779
local_termination_time: 342446.53488000046
node_cons: 8526.675842242872
tot_aggregated_send: 5742
tot_msg_rcv: 293
tot_msg_sent: 401
tot_reconf_duration: 7.819999999999999
tot_sleeping_duration: 410097.76683999784
tot_uptimes: 107
tot_uptimes_duration: 6360.01216000213
