comms_cons: 174.77644798701243
finished_reconf: true
global_termination_time: 1718590.35248
local_termination_time: 1718590.31136
node_cons: 35418.81820767971
tot_aggregated_send: 23696
tot_msg_rcv: 1054
tot_msg_sent: 1814
tot_reconf_duration: 37.41
tot_sleeping_duration: 1692176.59936
tot_uptimes: 441
tot_uptimes_duration: 26413.75311999982
