comms_cons: 171.99319038618927
finished_reconf: true
global_termination_time: 1721312.36
local_termination_time: 209224.4068800009
node_cons: 35373.76894767629
tot_aggregated_send: 23084
tot_msg_rcv: 1046
tot_msg_sent: 2012
tot_reconf_duration: 13.17
tot_sleeping_duration: 1694907.666880003
tot_uptimes: 441
tot_uptimes_duration: 26404.69311999726
