comms_cons: 171.50972158433567
finished_reconf: true
global_termination_time: 1721396.022
local_termination_time: 794345.2573599998
node_cons: 35362.0690734203
tot_aggregated_send: 22272
tot_msg_rcv: 1290
tot_msg_sent: 2508
tot_reconf_duration: 9.11
tot_sleeping_duration: 1694995.9490400148
tot_uptimes: 441
tot_uptimes_duration: 26400.07295998535
