comms_cons: 169.28774399173855
finished_reconf: true
global_termination_time: 1722424.893
local_termination_time: 399032.43600000005
node_cons: 35486.102207999276
tot_aggregated_send: 23604
tot_msg_rcv: 725
tot_msg_sent: 1401
tot_reconf_duration: 22.65
tot_sleeping_duration: 1695945.9210000006
tot_uptimes: 442
tot_uptimes_duration: 26478.971999999485
