comms_cons: 175.04192638211737
finished_reconf: true
global_termination_time: 1720186.944
local_termination_time: 450881.28936000005
node_cons: 35365.03225005602
tot_aggregated_send: 22504
tot_msg_rcv: 1487
tot_msg_sent: 2613
tot_reconf_duration: 11.31
tot_sleeping_duration: 1693786.889280018
tot_uptimes: 441
tot_uptimes_duration: 26400.054719982145
