comms_cons: 48.22083840088711
finished_reconf: true
global_termination_time: 461707.5774800002
local_termination_time: 172747.48452000084
node_cons: 9508.543023205979
tot_aggregated_send: 5858
tot_msg_rcv: 477
tot_msg_sent: 995
tot_reconf_duration: 4.8100000000000005
tot_sleeping_duration: 454611.22867999575
tot_uptimes: 119
tot_uptimes_duration: 7096.34880000446
