comms_cons: 227.92883186529158
finished_reconf: true
global_termination_time: 1157213.9945999999
local_termination_time: 2007.0944800000004
node_cons: 23805.35118951673
tot_aggregated_send: 0
tot_msg_rcv: 17465
tot_msg_sent: 17177
tot_reconf_duration: 3.05
tot_sleeping_duration: 1139438.6329200023
tot_uptimes: 297
tot_uptimes_duration: 17775.361679997528
