comms_cons: 176.3620351977089
finished_reconf: true
global_termination_time: 1787981.542
local_termination_time: 1390344.00936
node_cons: 36727.751380000016
tot_aggregated_send: 25868
tot_msg_rcv: 308
tot_msg_sent: 630
tot_reconf_duration: 9.11
tot_sleeping_duration: 1760561.542
tot_uptimes: 458
tot_uptimes_duration: 27420.0
