comms_cons: 110.66214399985984
finished_reconf: true
global_termination_time: 1127730.658
local_termination_time: 68940.57035999995
node_cons: 23145.484060000024
tot_aggregated_send: 16182
tot_msg_rcv: 235
tot_msg_sent: 403
tot_reconf_duration: 5.57
tot_sleeping_duration: 1110450.658
tot_uptimes: 289
tot_uptimes_duration: 17280.0
