comms_cons: 111.09637119717972
finished_reconf: true
global_termination_time: 1123380.43
local_termination_time: 108039.64635999997
node_cons: 23069.951380000035
tot_aggregated_send: 16240
tot_msg_rcv: 248
tot_msg_sent: 398
tot_reconf_duration: 9.11
tot_sleeping_duration: 1106160.43
tot_uptimes: 288
tot_uptimes_duration: 17220.0
