comms_cons: 110.20285439813541
finished_reconf: true
global_termination_time: 1123863.019
local_termination_time: 556304.78736
node_cons: 23064.120121116943
tot_aggregated_send: 16298
tot_msg_rcv: 164
tot_msg_sent: 288
tot_reconf_duration: 4.8100000000000005
tot_sleeping_duration: 1106643.0129200025
tot_uptimes: 288
tot_uptimes_duration: 17220.006079997635
