comms_cons: 154.374348796846
finished_reconf: true
global_termination_time: 1573271.652
local_termination_time: 1414278.834639999
node_cons: 32321.40918
tot_aggregated_send: 22968
tot_msg_rcv: 165
tot_msg_sent: 331
tot_reconf_duration: 18.21
tot_sleeping_duration: 1549151.652
tot_uptimes: 403
tot_uptimes_duration: 24120.0
