comms_cons: 157.77623678955368
finished_reconf: true
global_termination_time: 1572595.474
local_termination_time: 163022.98136000006
node_cons: 32303.25268558881
tot_aggregated_send: 21808
tot_msg_rcv: 661
tot_msg_sent: 1512
tot_reconf_duration: 4.8100000000000005
tot_sleeping_duration: 1548475.4436000085
tot_uptimes: 403
tot_uptimes_duration: 24120.030399991607
