comms_cons: 158.752819190432
finished_reconf: true
global_termination_time: 1570755.6575999998
local_termination_time: 1570755.6164799999
node_cons: 32348.511142871714
tot_aggregated_send: 21678
tot_msg_rcv: 813
tot_msg_sent: 1637
tot_reconf_duration: 24.59
tot_sleeping_duration: 1546621.887680006
tot_uptimes: 403
tot_uptimes_duration: 24133.769919993763
