comms_cons: 160.5707583887295
finished_reconf: true
global_termination_time: 1570982.073
local_termination_time: 459552.59936000005
node_cons: 32307.323983350558
tot_aggregated_send: 21344
tot_msg_rcv: 1091
tot_msg_sent: 1970
tot_reconf_duration: 7.819999999999999
tot_sleeping_duration: 1546862.0547600072
tot_uptimes: 403
tot_uptimes_duration: 24120.018239992904
