comms_cons: 226.49452158544068
finished_reconf: true
global_termination_time: 2287253.701
local_termination_time: 1219583.99736
node_cons: 47019.73986111638
tot_aggregated_send: 31088
tot_msg_rcv: 1020
tot_msg_sent: 2319
tot_reconf_duration: 15.34
tot_sleeping_duration: 2252153.6949200025
tot_uptimes: 586
tot_uptimes_duration: 35100.006079997635
