comms_cons: 223.00806398343283
finished_reconf: true
global_termination_time: 2217602.699
local_termination_time: 555717.8476799985
node_cons: 45559.36896782192
tot_aggregated_send: 30392
tot_msg_rcv: 1116
tot_msg_sent: 2388
tot_reconf_duration: 4.8100000000000005
tot_sleeping_duration: 2183582.656440013
tot_uptimes: 568
tot_uptimes_duration: 34020.04255998682
