comms_cons: 220.15976958526892
finished_reconf: true
global_termination_time: 2213853.301
local_termination_time: 887821.95936
node_cons: 45556.95446447149
tot_aggregated_send: 30740
tot_msg_rcv: 1003
tot_msg_sent: 1720
tot_reconf_duration: 3.05
tot_sleeping_duration: 2179833.276680006
tot_uptimes: 567
tot_uptimes_duration: 34020.02431999397
