comms_cons: 217.96889598775837
finished_reconf: true
global_termination_time: 2216390.928
local_termination_time: 1449174.59136
node_cons: 45561.24304223312
tot_aggregated_send: 31030
tot_msg_rcv: 630
tot_msg_sent: 1470
tot_reconf_duration: 6.22
tot_sleeping_duration: 2182370.9158400046
tot_uptimes: 568
tot_uptimes_duration: 34020.01215999527
