comms_cons: 204.02583029809733
finished_reconf: true
global_termination_time: 1024786.244
local_termination_time: 2222.0803600000004
node_cons: 21073.825462238296
tot_aggregated_send: 0
tot_msg_rcv: 15821
tot_msg_sent: 15187
tot_reconf_duration: 18.21
tot_sleeping_duration: 1009066.2318400013
tot_uptimes: 263
tot_uptimes_duration: 15720.012159998703
