comms_cons: 106.08204799615011
finished_reconf: true
global_termination_time: 1024491.899
local_termination_time: 119244.8463599997
node_cons: 21059.748406719427
tot_aggregated_send: 13166
tot_msg_rcv: 1044
tot_msg_sent: 1914
tot_reconf_duration: 7.819999999999999
tot_sleeping_duration: 1008771.8625200004
tot_uptimes: 263
tot_uptimes_duration: 15720.036479999544
