comms_cons: 92.9785087916597
finished_reconf: true
global_termination_time: 951341.846
local_termination_time: 4919.089
node_cons: 19539.29346895308
tot_aggregated_send: 12051
tot_msg_rcv: 847
tot_msg_sent: 1235
tot_reconf_duration: 12.23
tot_sleeping_duration: 936761.7973600052
tot_uptimes: 244
tot_uptimes_duration: 14580.048639994813
