comms_cons: 95.02338559285093
finished_reconf: true
global_termination_time: 952256.376
local_termination_time: 4372.116
node_cons: 19538.54390111686
tot_aggregated_send: 12922
tot_msg_rcv: 482
tot_msg_sent: 1039
tot_reconf_duration: 11.719999999999999
tot_sleeping_duration: 937676.3699200024
tot_uptimes: 244
tot_uptimes_duration: 14580.006079997635
