comms_cons: 74.21040000748563
finished_reconf: true
global_termination_time: 320412.791
local_termination_time: 1060.6083600000002
node_cons: 6612.723155695193
tot_aggregated_send: 0
tot_msg_rcv: 6484
tot_msg_sent: 4792
tot_reconf_duration: 18.21
tot_sleeping_duration: 315492.7058799887
tot_uptimes: 83
tot_uptimes_duration: 4920.085120011345
