comms_cons: 152.88343041631404
finished_reconf: true
global_termination_time: 317783.4797600009
local_termination_time: 317783.4797600009
node_cons: 19144.389505210216
tot_aggregated_send: 0
tot_msg_rcv: 9466
tot_msg_sent: 13768
tot_reconf_duration: 37.410000000000004
tot_sleeping_duration: 303523.8929599933
tot_uptimes: 231
tot_uptimes_duration: 14259.586800007604
