comms_cons: 31.54033920028021
finished_reconf: true
global_termination_time: 318767.261
local_termination_time: 35628.40448000001
node_cons: 6522.915262242865
tot_aggregated_send: 4350
tot_msg_rcv: 104
tot_msg_sent: 339
tot_reconf_duration: 11.31
tot_sleeping_duration: 313907.24883999786
tot_uptimes: 82
tot_uptimes_duration: 4860.0121600021375
