comms_cons: 779.7542529780221
finished_reconf: true
global_termination_time: 7809420.551
local_termination_time: 2226089.243039998
node_cons: 160620.55684893113
tot_aggregated_send: 107822
tot_msg_rcv: 3736
tot_msg_sent: 6961
tot_reconf_duration: 15.34
tot_sleeping_duration: 7689480.502360017
tot_uptimes: 2000
tot_uptimes_duration: 119940.0486399827
