comms_cons: 775.5659009688594
finished_reconf: true
global_termination_time: 7808595.429
local_termination_time: 2249744.8669199995
node_cons: 160608.2777922831
tot_aggregated_send: 108692
tot_msg_rcv: 3082
tot_msg_sent: 6104
tot_reconf_duration: 6.279999999999999
tot_sleeping_duration: 7688655.362120023
tot_uptimes: 2000
tot_uptimes_duration: 119940.06687997631
