comms_cons: 774.6810113467444
finished_reconf: true
global_termination_time: 7807134.398
local_termination_time: 2275167.9998399992
node_cons: 160607.30547116604
tot_aggregated_send: 108808
tot_msg_rcv: 2951
tot_msg_sent: 5985
tot_reconf_duration: 5.57
tot_sleeping_duration: 7687194.337200021
tot_uptimes: 2000
tot_uptimes_duration: 119940.06079997844
