comms_cons: 782.6100033766091
finished_reconf: true
global_termination_time: 7811691.791
local_termination_time: 2773463.3823599997
node_cons: 160697.9418478141
tot_aggregated_send: 107880
tot_msg_rcv: 3905
tot_msg_sent: 7166
tot_reconf_duration: 13.17
tot_sleeping_duration: 7691691.748440015
tot_uptimes: 2001
tot_uptimes_duration: 120000.04255998484
