comms_cons: 768.2466049462167
finished_reconf: true
global_termination_time: 7807940.182
local_termination_time: 5225467.707559998
node_cons: 160620.21194446227
tot_aggregated_send: 107822
tot_msg_rcv: 3035
tot_msg_sent: 5912
tot_reconf_duration: 15.110000000000001
tot_sleeping_duration: 7688000.157680009
tot_uptimes: 2000
tot_uptimes_duration: 119940.02431999147
