comms_cons: 786.6462402342485
finished_reconf: true
global_termination_time: 7807203.4
local_termination_time: 699147.5512799983
node_cons: 160606.26525004825
tot_aggregated_send: 108518
tot_msg_rcv: 3844
tot_msg_sent: 7203
tot_reconf_duration: 4.8100000000000005
tot_sleeping_duration: 7687263.34528002
tot_uptimes: 2000
tot_uptimes_duration: 119940.05471998034
