comms_cons: 784.526297804238
finished_reconf: true
global_termination_time: 7807983.979
local_termination_time: 735749.9415999978
node_cons: 160605.02885244536
tot_aggregated_send: 108808
tot_msg_rcv: 3691
tot_msg_sent: 6742
tot_reconf_duration: 3.05
tot_sleeping_duration: 7688043.062680022
tot_uptimes: 2000
tot_uptimes_duration: 119940.91631997819
