comms_cons: 781.2898689889735
finished_reconf: true
global_termination_time: 7812172.357
local_termination_time: 2212738.50484
node_cons: 160687.46349228302
tot_aggregated_send: 107880
tot_msg_rcv: 3676
tot_msg_sent: 7194
tot_reconf_duration: 5.43
tot_sleeping_duration: 7692172.290120024
tot_uptimes: 2001
tot_uptimes_duration: 120000.06687997631
