comms_cons: 75.54237439948153
finished_reconf: true
global_termination_time: 786414.321
local_termination_time: 525983.3083599999
node_cons: 16166.22486000008
tot_aggregated_send: 11194
tot_msg_rcv: 83
tot_msg_sent: 205
tot_reconf_duration: 13.17
tot_sleeping_duration: 774354.321
tot_uptimes: 202
tot_uptimes_duration: 12060.0
