comms_cons: 94.89934081178299
finished_reconf: true
global_termination_time: 430403.3726000002
local_termination_time: 1443.9810400000015
node_cons: 8884.172976337464
tot_aggregated_send: 0
tot_msg_rcv: 7999
tot_msg_sent: 6421
tot_reconf_duration: 18.21
tot_sleeping_duration: 423786.90971998713
tot_uptimes: 111
tot_uptimes_duration: 6616.462880013038
