comms_cons: 42.08056320011937
finished_reconf: true
global_termination_time: 430403.51748000016
local_termination_time: 371891.7252800008
node_cons: 8880.865854641392
tot_aggregated_send: 6264
tot_msg_rcv: 26
tot_msg_sent: 106
tot_reconf_duration: 15.34
tot_sleeping_duration: 423786.61371999915
tot_uptimes: 111
tot_uptimes_duration: 6616.903760001005
