comms_cons: 42.580307200007574
finished_reconf: true
global_termination_time: 430450.616
local_termination_time: 18932.37148
node_cons: 8843.931980000012
tot_aggregated_send: 6206
tot_msg_rcv: 95
tot_msg_sent: 170
tot_reconf_duration: 4.8100000000000005
tot_sleeping_duration: 423850.616
tot_uptimes: 111
tot_uptimes_duration: 6600.0
