comms_cons: 42.152934400022886
finished_reconf: true
global_termination_time: 432981.545
local_termination_time: 29264.16836
node_cons: 8852.758980000008
tot_aggregated_send: 6322
tot_msg_rcv: 37
tot_msg_sent: 48
tot_reconf_duration: 11.31
tot_sleeping_duration: 426381.545
tot_uptimes: 111
tot_uptimes_duration: 6600.0
