comms_cons: 120.89957759541345
finished_reconf: true
global_termination_time: 611905.735
local_termination_time: 939.1984799999998
node_cons: 12539.596403362011
tot_aggregated_send: 0
tot_msg_rcv: 9323
tot_msg_sent: 9051
tot_reconf_duration: 4.8100000000000005
tot_sleeping_duration: 602545.7167599985
tot_uptimes: 157
tot_uptimes_duration: 9360.01824000149
