comms_cons: 62.180019201190206
finished_reconf: true
global_termination_time: 608475.15112
local_termination_time: 34486.461600000024
node_cons: 12479.018811923008
tot_aggregated_send: 7888
tot_msg_rcv: 514
tot_msg_sent: 1049
tot_reconf_duration: 4.390000000000001
tot_sleeping_duration: 599159.9478399978
tot_uptimes: 156
tot_uptimes_duration: 9315.203280002228
