comms_cons: 69.74516479898062
finished_reconf: true
global_termination_time: 695205.672
local_termination_time: 294534.8136400008
node_cons: 14320.513517203975
tot_aggregated_send: 9628
tot_msg_rcv: 284
tot_msg_sent: 689
tot_reconf_duration: 13.17
tot_sleeping_duration: 684524.097199997
tot_uptimes: 179
tot_uptimes_duration: 10681.57480000297
