comms_cons: 70.56849919857417
finished_reconf: true
global_termination_time: 695288.478
local_termination_time: 58048.63728000016
node_cons: 14307.084544478863
tot_aggregated_send: 9338
tot_msg_rcv: 402
tot_msg_sent: 986
tot_reconf_duration: 4.8100000000000005
tot_sleeping_duration: 684608.453680001
tot_uptimes: 179
tot_uptimes_duration: 10680.024319999138
