comms_cons: 67.28042239835297
finished_reconf: true
global_termination_time: 680827.5392400003
local_termination_time: 145721.97036000006
node_cons: 14040.68787047725
tot_aggregated_send: 9222
tot_msg_rcv: 301
tot_msg_sent: 703
tot_reconf_duration: 4.390000000000001
tot_sleeping_duration: 670346.0409200024
tot_uptimes: 175
tot_uptimes_duration: 10481.498319997918
