comms_cons: 30.644384000625905
finished_reconf: true
global_termination_time: 298350.17
local_termination_time: 156260.6841200005
node_cons: 6114.294901121438
tot_aggregated_send: 3944
tot_msg_rcv: 253
tot_msg_sent: 460
tot_reconf_duration: 6.22
tot_sleeping_duration: 293790.1639199989
tot_uptimes: 77
tot_uptimes_duration: 4560.006080001069
