comms_cons: 602.0996932856038
finished_reconf: true
global_termination_time: 3883490.781
local_termination_time: 2648345.5096000005
node_cons: 79866.50452223266
tot_aggregated_send: 0
tot_msg_rcv: 46155
tot_msg_sent: 45360
tot_reconf_duration: 6.279999999999999
tot_sleeping_duration: 3823850.768840004
tot_uptimes: 995
tot_uptimes_duration: 59640.012159995735
