comms_cons: 388.0740672383051
finished_reconf: true
global_termination_time: 3883179.802
local_termination_time: 2132371.08836
node_cons: 79875.86928334873
tot_aggregated_send: 53940
tot_msg_rcv: 1686
tot_msg_sent: 3358
tot_reconf_duration: 13.17
tot_sleeping_duration: 3823539.783760007
tot_uptimes: 995
tot_uptimes_duration: 59640.01823999314
