comms_cons: 390.23271684158584
finished_reconf: true
global_termination_time: 3884235.254
local_termination_time: 1548906.2263599997
node_cons: 79878.51194446579
tot_aggregated_send: 54752
tot_msg_rcv: 1668
tot_msg_sent: 2893
tot_reconf_duration: 15.110000000000001
tot_sleeping_duration: 3824595.229680009
tot_uptimes: 995
tot_uptimes_duration: 59640.024319991004
