comms_cons: 473.04065284542577
finished_reconf: true
global_termination_time: 4845536.597
local_termination_time: 2646023.68636
node_cons: 99630.15266334862
tot_aggregated_send: 66816
tot_msg_rcv: 1715
tot_msg_sent: 3367
tot_reconf_duration: 6.279999999999999
tot_sleeping_duration: 4771136.578760006
tot_uptimes: 1241
tot_uptimes_duration: 74400.01823999337
