comms_cons: 27.104006400321722
finished_reconf: true
global_termination_time: 260905.671
local_termination_time: 22783.89648
node_cons: 5313.067701121435
tot_aggregated_send: 3422
tot_msg_rcv: 297
tot_msg_sent: 400
tot_reconf_duration: 7.819999999999999
tot_sleeping_duration: 256945.66491999893
tot_uptimes: 67
tot_uptimes_duration: 3960.0060800010688
