comms_cons: 10.954828800137951
finished_reconf: true
global_termination_time: 72981.403
local_termination_time: 43324.52560000001
node_cons: 1450.343345600309
tot_aggregated_send: 290
tot_msg_rcv: 607
tot_msg_sent: 768
tot_reconf_duration: 3.08
tot_sleeping_duration: 71901.37259999977
tot_uptimes: 19
tot_uptimes_duration: 1080.030400000236
