comms_cons: 8.639744000098993
finished_reconf: true
global_termination_time: 69406.184
local_termination_time: 38664.160920000155
node_cons: 1376.7743611202989
tot_aggregated_send: 348
tot_msg_rcv: 332
tot_msg_sent: 634
tot_reconf_duration: 8.09
tot_sleeping_duration: 68386.17791999978
tot_uptimes: 18
tot_uptimes_duration: 1020.0060800002193
