comms_cons: 8.717440000148644
finished_reconf: true
global_termination_time: 69852.686
local_termination_time: 39425.142360000005
node_cons: 1380.6582411200045
tot_aggregated_send: 522
tot_msg_rcv: 348
tot_msg_sent: 455
tot_reconf_duration: 10.95
tot_sleeping_duration: 68832.67992
tot_uptimes: 18
tot_uptimes_duration: 1020.0060800000065
