comms_cons: 11.170540800135901
finished_reconf: true
global_termination_time: 69255.749
local_termination_time: 32973.25036000001
node_cons: 1376.8449633608802
tot_aggregated_send: 232
tot_msg_rcv: 705
tot_msg_sent: 759
tot_reconf_duration: 8.129999999999999
tot_sleeping_duration: 68235.73075999934
tot_uptimes: 18
tot_uptimes_duration: 1020.0182400006524
