comms_cons: 9.7425024001342
finished_reconf: true
global_termination_time: 69968.724
local_termination_time: 23722.643360000002
node_cons: 1378.8901044811662
tot_aggregated_send: 348
tot_msg_rcv: 488
tot_msg_sent: 644
tot_reconf_duration: 9.629999999999999
tot_sleeping_duration: 68948.69967999913
tot_uptimes: 18
tot_uptimes_duration: 1020.0243200008699
