comms_cons: 20.356044800128412
finished_reconf: true
global_termination_time: 206226.497
local_termination_time: 18595.777120000002
node_cons: 4218.240444799158
tot_aggregated_send: 2842
tot_msg_rcv: 84
tot_msg_sent: 168
tot_reconf_duration: 18.21
tot_sleeping_duration: 203094.67380000066
tot_uptimes: 53
tot_uptimes_duration: 3131.8231999993695
