comms_cons: 72.29224959813514
finished_reconf: true
global_termination_time: 721345.159
local_termination_time: 50418.63816000007
node_cons: 14816.941823352841
tot_aggregated_send: 9976
tot_msg_rcv: 335
tot_msg_sent: 677
tot_reconf_duration: 25.299999999999997
tot_sleeping_duration: 710305.1407600053
tot_uptimes: 185
tot_uptimes_duration: 11040.018239994635
