comms_cons: 72.72052479946048
finished_reconf: true
global_termination_time: 721328.86
local_termination_time: 312687.35352000035
node_cons: 14788.529761121392
tot_aggregated_send: 9976
tot_msg_rcv: 384
tot_msg_sent: 693
tot_reconf_duration: 4.390000000000001
tot_sleeping_duration: 710288.8539199989
tot_uptimes: 185
tot_uptimes_duration: 11040.006080001069
