comms_cons: 99.8728832146024
finished_reconf: true
global_termination_time: 718747.529
local_termination_time: 362733.9364000004
node_cons: 14786.701900000086
tot_aggregated_send: 0
tot_msg_rcv: 7693
tot_msg_sent: 7488
tot_reconf_duration: 3.05
tot_sleeping_duration: 707707.529
tot_uptimes: 185
tot_uptimes_duration: 11040.0
