comms_cons: 2.243507199996771
finished_reconf: true
global_termination_time: 15082.698
local_termination_time: 10674.157360000001
node_cons: 253.3913800000008
tot_aggregated_send: 0
tot_msg_rcv: 175
tot_msg_sent: 166
tot_reconf_duration: 9.11
tot_sleeping_duration: 14902.698
tot_uptimes: 4
tot_uptimes_duration: 180.0
