comms_cons: 2.329036799994397
finished_reconf: true
global_termination_time: 13344.36424000001
local_termination_time: 7005.867360000001
node_cons: 305.8148693600128
tot_aggregated_send: 0
tot_msg_rcv: 182
tot_msg_sent: 172
tot_reconf_duration: 4.8100000000000005
tot_sleeping_duration: 13120.852
tot_uptimes: 4
tot_uptimes_duration: 223.51224000000911
