comms_cons: 2.254086399991561
finished_reconf: true
global_termination_time: 14877.557
local_termination_time: 10979.18336
node_cons: 253.81236000000007
tot_aggregated_send: 0
tot_msg_rcv: 176
tot_msg_sent: 166
tot_reconf_duration: 9.42
tot_sleeping_duration: 14697.557
tot_uptimes: 4
tot_uptimes_duration: 180.0
