comms_cons: 2.197452799996923
finished_reconf: true
global_termination_time: 13423.408
local_termination_time: 10850.018360000002
node_cons: 266.414600000001
tot_aggregated_send: 0
tot_msg_rcv: 177
tot_msg_sent: 157
tot_reconf_duration: 18.700000000000003
tot_sleeping_duration: 13243.408
tot_uptimes: 4
tot_uptimes_duration: 180.0
