comms_cons: 2.3158783999923473
finished_reconf: true
global_termination_time: 13610.033
local_termination_time: 10820.75736
node_cons: 246.98161999999923
tot_aggregated_send: 0
tot_msg_rcv: 181
tot_msg_sent: 170
tot_reconf_duration: 4.390000000000001
tot_sleeping_duration: 13430.033
tot_uptimes: 4
tot_uptimes_duration: 180.0
