comms_cons: 2.2143615999961783
finished_reconf: true
global_termination_time: 13941.537
local_termination_time: 8363.978360000001
node_cons: 261.8517200000002
tot_aggregated_send: 0
tot_msg_rcv: 176
tot_msg_sent: 160
tot_reconf_duration: 15.34
tot_sleeping_duration: 13761.537
tot_uptimes: 4
tot_uptimes_duration: 180.0
