comms_cons: 75.9626111991166
finished_reconf: true
global_termination_time: 761121.044
local_termination_time: 438071.0447600004
node_cons: 15593.532201121463
tot_aggregated_send: 10150
tot_msg_rcv: 410
tot_msg_sent: 985
tot_reconf_duration: 5.57
tot_sleeping_duration: 749481.0379199989
tot_uptimes: 195
tot_uptimes_duration: 11640.006080001069
