comms_cons: 77.36543999585143
finished_reconf: true
global_termination_time: 757734.638
local_termination_time: 221999.32936000006
node_cons: 15620.341823355144
tot_aggregated_send: 10208
tot_msg_rcv: 544
tot_msg_sent: 1007
tot_reconf_duration: 25.299999999999997
tot_sleeping_duration: 746094.6197600036
tot_uptimes: 195
tot_uptimes_duration: 11640.01823999634
