comms_cons: 77.80561919751565
finished_reconf: true
global_termination_time: 757698.1862400003
local_termination_time: 163551.8006400004
node_cons: 15654.087168322687
tot_aggregated_send: 9570
tot_msg_rcv: 714
tot_msg_sent: 1541
tot_reconf_duration: 6.22
tot_sleeping_duration: 746013.6153599983
tot_uptimes: 195
tot_uptimes_duration: 11684.570880001993
