comms_cons: 76.64830720079794
finished_reconf: true
global_termination_time: 759266.443
local_termination_time: 482494.73948000005
node_cons: 15593.350222242876
tot_aggregated_send: 9976
tot_msg_rcv: 526
tot_msg_sent: 1148
tot_reconf_duration: 5.43
tot_sleeping_duration: 747626.4308399978
tot_uptimes: 195
tot_uptimes_duration: 11640.012160002138
