comms_cons: 69.71383039743525
finished_reconf: true
global_termination_time: 686392.589
local_termination_time: 75021.03747999996
node_cons: 14068.052663364311
tot_aggregated_send: 9280
tot_msg_rcv: 444
tot_msg_sent: 873
tot_reconf_duration: 6.279999999999999
tot_sleeping_duration: 675892.5707599969
tot_uptimes: 176
tot_uptimes_duration: 10500.018240003206
