comms_cons: 69.4796991972153
finished_reconf: true
global_termination_time: 685119.222
local_termination_time: 103984.84247999969
node_cons: 14066.05640335971
tot_aggregated_send: 9222
tot_msg_rcv: 409
tot_msg_sent: 929
tot_reconf_duration: 4.8100000000000005
tot_sleeping_duration: 674619.2037600002
tot_uptimes: 176
tot_uptimes_duration: 10500.018239999772
