comms_cons: 70.41059839716432
finished_reconf: true
global_termination_time: 688179.261
local_termination_time: 229816.52536000003
node_cons: 14152.648642242859
tot_aggregated_send: 9396
tot_msg_rcv: 500
tot_msg_sent: 806
tot_reconf_duration: 9.42
tot_sleeping_duration: 677619.2488399979
tot_uptimes: 177
tot_uptimes_duration: 10560.012160002138
