comms_cons: 70.84362879954891
finished_reconf: true
global_termination_time: 689279.086
local_termination_time: 20817.510359999997
node_cons: 14157.0403867286
tot_aggregated_send: 9106
tot_msg_rcv: 562
tot_msg_sent: 1101
tot_reconf_duration: 12.629999999999999
tot_sleeping_duration: 678719.0495199936
tot_uptimes: 177
tot_uptimes_duration: 10560.036480006413
