comms_cons: 17.191244800201204
finished_reconf: true
global_termination_time: 162360.7947200001
local_termination_time: 162360.75360000008
node_cons: 3341.25518143987
tot_aggregated_send: 1903
tot_msg_rcv: 226
tot_msg_sent: 483
tot_reconf_duration: 21.23
tot_sleeping_duration: 159886.9897600002
tot_uptimes: 42
tot_uptimes_duration: 2473.804959999892
