comms_cons: 38.36418560034969
finished_reconf: true
global_termination_time: 389688.665
local_termination_time: 163500.60448000007
node_cons: 7961.224060000019
tot_aggregated_send: 5510
tot_msg_rcv: 94
tot_msg_sent: 227
tot_reconf_duration: 5.57
tot_sleeping_duration: 383748.665
tot_uptimes: 100
tot_uptimes_duration: 5940.0
