comms_cons: 97.0826751993341
finished_reconf: true
global_termination_time: 999270.619
local_termination_time: 5705.974
node_cons: 20502.623901119183
tot_aggregated_send: 14488
tot_msg_rcv: 90
tot_msg_sent: 178
tot_reconf_duration: 11.719999999999999
tot_sleeping_duration: 983970.6129200006
tot_uptimes: 256
tot_uptimes_duration: 15300.006079999366
