comms_cons: 12.08389759991238
finished_reconf: true
global_termination_time: 108698.232
local_termination_time: 7976.698840000001
node_cons: 2193.9417444803166
tot_aggregated_send: 928
tot_msg_rcv: 339
tot_msg_sent: 569
tot_reconf_duration: 18.21
tot_sleeping_duration: 107078.20767999976
tot_uptimes: 28
tot_uptimes_duration: 1620.024320000237
