comms_cons: 12.460659200023198
finished_reconf: true
global_termination_time: 104180.836
local_termination_time: 18933.928480000002
node_cons: 2119.623123359735
tot_aggregated_send: 928
tot_msg_rcv: 452
tot_msg_sent: 515
tot_reconf_duration: 22.65
tot_sleeping_duration: 102620.8177600002
tot_uptimes: 27
tot_uptimes_duration: 1560.0182399998012
