comms_cons: 12.080665599822755
finished_reconf: true
global_termination_time: 108178.805
local_termination_time: 26431.479
node_cons: 2180.3632343205904
tot_aggregated_send: 1042
tot_msg_rcv: 326
tot_msg_sent: 469
tot_reconf_duration: 5.43
tot_sleeping_duration: 106555.96011999955
tot_uptimes: 28
tot_uptimes_duration: 1622.8448800004408
