comms_cons: 127.10183038815877
finished_reconf: true
global_termination_time: 1237515.18
local_termination_time: 197605.21452000082
node_cons: 25391.622605588782
tot_aggregated_send: 16704
tot_msg_rcv: 985
tot_msg_sent: 1629
tot_reconf_duration: 3.05
tot_sleeping_duration: 1218555.1496000083
tot_uptimes: 317
tot_uptimes_duration: 18960.030399991607
