comms_cons: 90.79986561057348
finished_reconf: true
global_termination_time: 397569.3422400006
local_termination_time: 2637.7356
node_cons: 8190.740761538284
tot_aggregated_send: 0
tot_msg_rcv: 7852
tot_msg_sent: 5951
tot_reconf_duration: 18.21
tot_sleeping_duration: 391470.75255998696
tot_uptimes: 102
tot_uptimes_duration: 6098.5896800136525
