comms_cons: 1.0000383999966977
finished_reconf: true
global_termination_time: 5869.831
local_termination_time: 2351.0686400000013
node_cons: 91.3262200000002
tot_aggregated_send: 0
tot_msg_rcv: 100
tot_msg_sent: 52
tot_reconf_duration: 8.09
tot_sleeping_duration: 5809.831
tot_uptimes: 2
tot_uptimes_duration: 60.0
