comms_cons: 2.3224575999923256
finished_reconf: true
global_termination_time: 13919.069
local_termination_time: 2473.25248
node_cons: 246.98161999999982
tot_aggregated_send: 0
tot_msg_rcv: 182
tot_msg_sent: 171
tot_reconf_duration: 4.390000000000001
tot_sleeping_duration: 13739.069
tot_uptimes: 4
tot_uptimes_duration: 180.0
