comms_cons: 467.65701108923747
finished_reconf: true
global_termination_time: 2377735.3135999977
local_termination_time: 722.5673599999998
node_cons: 48875.75233174659
tot_aggregated_send: 0
tot_msg_rcv: 35803
tot_msg_sent: 35276
tot_reconf_duration: 6.22
tot_sleeping_duration: 2341239.9397600074
tot_uptimes: 609
tot_uptimes_duration: 36495.37383999047
