comms_cons: 96.9490688139404
finished_reconf: true
global_termination_time: 493931.762
local_termination_time: 1154.4580400000013
node_cons: 10131.368240000013
tot_aggregated_send: 0
tot_msg_rcv: 7428
tot_msg_sent: 7308
tot_reconf_duration: 6.279999999999999
tot_sleeping_duration: 486371.762
tot_uptimes: 127
tot_uptimes_duration: 7560.0
