comms_cons: 49.45584640089598
finished_reconf: true
global_termination_time: 494423.318
local_termination_time: 51496.138999999996
node_cons: 10129.782082242873
tot_aggregated_send: 6840
tot_msg_rcv: 213
tot_msg_sent: 464
tot_reconf_duration: 5.1
tot_sleeping_duration: 486863.3058399979
tot_uptimes: 127
tot_uptimes_duration: 7560.0121600021375
