comms_cons: 97.7213568140894
finished_reconf: true
global_termination_time: 494525.547
local_termination_time: 3278.4773600000003
node_cons: 10131.286760000014
tot_aggregated_send: 0
tot_msg_rcv: 7543
tot_msg_sent: 7309
tot_reconf_duration: 6.22
tot_sleeping_duration: 486965.547
tot_uptimes: 127
tot_uptimes_duration: 7560.0
