comms_cons: 50.827974401104676
finished_reconf: true
global_termination_time: 491209.89848000015
local_termination_time: 53003.92948000001
node_cons: 10070.41259320597
tot_aggregated_send: 6438
tot_msg_rcv: 470
tot_msg_sent: 817
tot_reconf_duration: 5.43
tot_sleeping_duration: 483694.5596799957
tot_uptimes: 126
tot_uptimes_duration: 7515.338800004451
