comms_cons: 267.2187712140104
finished_reconf: true
global_termination_time: 2645600.91
local_termination_time: 1076219.8653599997
node_cons: 54420.96312334948
tot_aggregated_send: 36772
tot_msg_rcv: 1366
tot_msg_sent: 2478
tot_reconf_duration: 22.65
tot_sleeping_duration: 2604980.891760007
tot_uptimes: 678
tot_uptimes_duration: 40620.0182399929
