comms_cons: 266.4834816193699
finished_reconf: true
global_termination_time: 2641380.694
local_termination_time: 914238.1009599988
node_cons: 54316.40454446684
tot_aggregated_send: 36714
tot_msg_rcv: 1293
tot_msg_sent: 2496
tot_reconf_duration: 4.8100000000000005
tot_sleeping_duration: 2600820.669680009
tot_uptimes: 677
tot_uptimes_duration: 40560.02431999077
