comms_cons: 268.11003520101343
finished_reconf: true
global_termination_time: 2642684.095
local_termination_time: 101685.28147999996
node_cons: 54320.53283005982
tot_aggregated_send: 36366
tot_msg_rcv: 1537
tot_msg_sent: 2847
tot_reconf_duration: 7.819999999999999
tot_sleeping_duration: 2602124.0402800147
tot_uptimes: 677
tot_uptimes_duration: 40560.05471998558
