comms_cons: 31.626214400022484
finished_reconf: true
global_termination_time: 317088.994
local_termination_time: 130694.88335999996
node_cons: 6513.509761121435
tot_aggregated_send: 4408
tot_msg_rcv: 112
tot_msg_sent: 287
tot_reconf_duration: 4.390000000000001
tot_sleeping_duration: 312228.98791999894
tot_uptimes: 82
tot_uptimes_duration: 4860.006080001069
