comms_cons: 62.02995200617527
finished_reconf: true
global_termination_time: 315422.93360000016
local_termination_time: 3087.4873600000005
node_cons: 6456.232331761128
tot_aggregated_send: 0
tot_msg_rcv: 4779
tot_msg_sent: 4649
tot_reconf_duration: 6.22
tot_sleeping_duration: 310607.55975999933
tot_uptimes: 81
tot_uptimes_duration: 4815.373840000837
