comms_cons: 1.0987264000024495
finished_reconf: true
global_termination_time: 7441.827
local_termination_time: 1533.1033600000003
node_cons: 88.7889024000062
tot_aggregated_send: 0
tot_msg_rcv: 112
tot_msg_sent: 55
tot_reconf_duration: 6.22
tot_sleeping_duration: 7381.825399999996
tot_uptimes: 2
tot_uptimes_duration: 60.0016000000046
