comms_cons: 506.44817286891094
finished_reconf: true
global_termination_time: 5043398.631
local_termination_time: 943785.9013599999
node_cons: 103724.95860781576
tot_aggregated_send: 69658
tot_msg_rcv: 2471
tot_msg_sent: 4848
tot_reconf_duration: 4.390000000000001
tot_sleeping_duration: 4965938.588440016
tot_uptimes: 1292
tot_uptimes_duration: 77460.04255998414
