comms_cons: 494.1275584245177
finished_reconf: true
global_termination_time: 5044772.267
local_termination_time: 1879041.0593999983
node_cons: 103734.331544465
tot_aggregated_send: 70122
tot_msg_rcv: 1606
tot_msg_sent: 3377
tot_reconf_duration: 11.31
tot_sleeping_duration: 4967312.2426800085
tot_uptimes: 1292
tot_uptimes_duration: 77460.024319991
