comms_cons: 249.3319871850526
finished_reconf: true
global_termination_time: 2552799.316
local_termination_time: 977127.0373599998
node_cons: 52482.89242558332
tot_aggregated_send: 34974
tot_msg_rcv: 1012
tot_msg_sent: 1910
tot_reconf_duration: 15.34
tot_sleeping_duration: 2513619.2856000117
tot_uptimes: 654
tot_uptimes_duration: 39180.03039998817
