comms_cons: 256.1680127946545
finished_reconf: true
global_termination_time: 2552536.595
local_termination_time: 868188.54236
node_cons: 52468.59268558344
tot_aggregated_send: 35380
tot_msg_rcv: 1171
tot_msg_sent: 2387
tot_reconf_duration: 4.8100000000000005
tot_sleeping_duration: 2513356.564600012
tot_uptimes: 654
tot_uptimes_duration: 39180.03039998817
