comms_cons: 251.1017471880373
finished_reconf: true
global_termination_time: 2555306.194
local_termination_time: 1086423.3840799986
node_cons: 52557.735262232934
tot_aggregated_send: 35554
tot_msg_rcv: 839
tot_msg_sent: 1773
tot_reconf_duration: 11.31
tot_sleeping_duration: 2516066.181840005
tot_uptimes: 655
tot_uptimes_duration: 39240.01215999527
