comms_cons: 325.4269696358045
finished_reconf: true
global_termination_time: 3223566.483
local_termination_time: 1443891.6213599998
node_cons: 66311.29940558327
tot_aggregated_send: 44892
tot_msg_rcv: 1628
tot_msg_sent: 2943
tot_reconf_duration: 22.65
tot_sleeping_duration: 3174066.452600011
tot_uptimes: 826
tot_uptimes_duration: 49500.03039998864
