comms_cons: 36.03393280016527
finished_reconf: true
global_termination_time: 364434.774
local_termination_time: 115571.26483999993
node_cons: 7502.386841121451
tot_aggregated_send: 5220
tot_msg_rcv: 103
tot_msg_sent: 153
tot_reconf_duration: 22.65
tot_sleeping_duration: 358854.7679199989
tot_uptimes: 94
tot_uptimes_duration: 5580.006080001069
