comms_cons: 163.92650874391836
finished_reconf: true
global_termination_time: 1068104.096
local_termination_time: 514639.26736
node_cons: 21941.380804476517
tot_aggregated_send: 0
tot_msg_rcv: 12669
tot_msg_sent: 12247
tot_reconf_duration: 6.279999999999999
tot_sleeping_duration: 1051724.0716800024
tot_uptimes: 274
tot_uptimes_duration: 16380.024319997407
