comms_cons: 103.5572351976053
finished_reconf: true
global_termination_time: 1064120.897
local_termination_time: 308822.86736000003
node_cons: 21867.83898000003
tot_aggregated_send: 14674
tot_msg_rcv: 328
tot_msg_sent: 738
tot_reconf_duration: 11.31
tot_sleeping_duration: 1047800.8970000001
tot_uptimes: 273
tot_uptimes_duration: 16320.0
