comms_cons: 165.3938175441262
finished_reconf: true
global_termination_time: 1064042.282
local_termination_time: 512079.88280000025
node_cons: 21859.89464559798
tot_aggregated_send: 0
tot_msg_rcv: 12847
tot_msg_sent: 12292
tot_reconf_duration: 5.43
tot_sleeping_duration: 1047722.2516000014
tot_uptimes: 273
tot_uptimes_duration: 16320.030399998475
