comms_cons: 23.258099200174918
finished_reconf: true
global_termination_time: 233321.666
local_termination_time: 20579.538
node_cons: 4796.189643519165
tot_aggregated_send: 3246
tot_msg_rcv: 119
tot_msg_sent: 170
tot_reconf_duration: 22.65
tot_sleeping_duration: 229762.71832000063
tot_uptimes: 60
tot_uptimes_duration: 3558.9476799993718
