comms_cons: 22.19164160009604
finished_reconf: true
global_termination_time: 229516.947
local_termination_time: 225384.2184800001
node_cons: 4665.681620000024
tot_aggregated_send: 3306
tot_msg_rcv: 13
tot_msg_sent: 54
tot_reconf_duration: 4.390000000000001
tot_sleeping_duration: 226036.947
tot_uptimes: 59
tot_uptimes_duration: 3480.0
