comms_cons: 198.93809277866072
finished_reconf: true
global_termination_time: 1993218.134
local_termination_time: 408524.4503600001
node_cons: 41004.23197005582
tot_aggregated_send: 26506
tot_msg_rcv: 1297
tot_msg_sent: 2434
tot_reconf_duration: 22.65
tot_sleeping_duration: 1962618.0792800179
tot_uptimes: 511
tot_uptimes_duration: 30600.054719982145
