comms_cons: 171.1447296000505
finished_reconf: true
global_termination_time: 1855623.383
local_termination_time: 7190.058
node_cons: 38178.10833999982
tot_aggregated_send: 25739
tot_msg_rcv: 41
tot_msg_sent: 233
tot_reconf_duration: 12.23
tot_sleeping_duration: 1827123.383
tot_uptimes: 476
tot_uptimes_duration: 28500.0
