comms_cons: 31.04049920074342
finished_reconf: true
global_termination_time: 231925.90200000044
local_termination_time: 231925.86088000043
node_cons: 4834.81818656979
tot_aggregated_send: 1508
tot_msg_rcv: 1223
tot_msg_sent: 1978
tot_reconf_duration: 37.410000000000004
tot_sleeping_duration: 228353.07495999316
tot_uptimes: 60
tot_uptimes_duration: 3572.8270400073015
