comms_cons: 24.125926399638843
finished_reconf: true
global_termination_time: 232630.662
local_termination_time: 69692.8813199999
node_cons: 4765.462741119171
tot_aggregated_send: 3132
tot_msg_rcv: 261
tot_msg_sent: 274
tot_reconf_duration: 18.700000000000003
tot_sleeping_duration: 229090.65592000066
tot_uptimes: 60
tot_uptimes_duration: 3540.006079999366
