comms_cons: 24.268691200129247
finished_reconf: true
global_termination_time: 232926.853
local_termination_time: 50981.22248000001
node_cons: 4746.608262239443
tot_aggregated_send: 3016
tot_msg_rcv: 268
tot_msg_sent: 404
tot_reconf_duration: 4.8100000000000005
tot_sleeping_duration: 229386.84084000043
tot_uptimes: 60
tot_uptimes_duration: 3540.0121599995837
