comms_cons: 52.25858560008432
finished_reconf: true
global_termination_time: 534424.367
local_termination_time: 4328.039
node_cons: 10955.697722240595
tot_aggregated_send: 7751
tot_msg_rcv: 74
tot_msg_sent: 118
tot_reconf_duration: 21.68
tot_sleeping_duration: 526264.3548399995
tot_uptimes: 137
tot_uptimes_duration: 8160.012160000435
