comms_cons: 75.22657280003759
finished_reconf: true
global_termination_time: 753972.189
local_termination_time: 72385.01835999997
node_cons: 15514.148240000022
tot_aggregated_send: 10672
tot_msg_rcv: 245
tot_msg_sent: 517
tot_reconf_duration: 6.279999999999999
tot_sleeping_duration: 742392.189
tot_uptimes: 194
tot_uptimes_duration: 11580.0
