comms_cons: 73.99688959985853
finished_reconf: true
global_termination_time: 755687.715
local_termination_time: 383358.2769600006
node_cons: 15509.802640000044
tot_aggregated_send: 11078
tot_msg_rcv: 55
tot_msg_sent: 114
tot_reconf_duration: 3.08
tot_sleeping_duration: 744107.715
tot_uptimes: 194
tot_uptimes_duration: 11580.0
