comms_cons: 73.97652479953412
finished_reconf: true
global_termination_time: 752653.6677199989
local_termination_time: 72381.75435999996
node_cons: 15488.966820078487
tot_aggregated_send: 11020
tot_msg_rcv: 80
tot_msg_sent: 143
tot_reconf_duration: 4.8100000000000005
tot_sleeping_duration: 741090.983
tot_uptimes: 193
tot_uptimes_duration: 11562.684719998855
