comms_cons: 76.35224319589153
finished_reconf: true
global_termination_time: 755249.091
local_termination_time: 62175.23436000002
node_cons: 15511.581620000034
tot_aggregated_send: 10440
tot_msg_rcv: 415
tot_msg_sent: 750
tot_reconf_duration: 4.390000000000001
tot_sleeping_duration: 743669.091
tot_uptimes: 194
tot_uptimes_duration: 11580.0
