comms_cons: 75.59500799836093
finished_reconf: true
global_termination_time: 753239.569
local_termination_time: 49188.54356000005
node_cons: 15435.899560000022
tot_aggregated_send: 10556
tot_msg_rcv: 361
tot_msg_sent: 573
tot_reconf_duration: 7.819999999999999
tot_sleeping_duration: 741719.569
tot_uptimes: 193
tot_uptimes_duration: 11520.0
