comms_cons: 88.84614399811656
finished_reconf: true
global_termination_time: 884635.729
local_termination_time: 377380.78232000064
node_cons: 18163.77394111683
tot_aggregated_send: 12006
tot_msg_rcv: 460
tot_msg_sent: 1038
tot_reconf_duration: 5.1
tot_sleeping_duration: 871075.7229200024
tot_uptimes: 227
tot_uptimes_duration: 13560.006079997635
