comms_cons: 88.82577919700782
finished_reconf: true
global_termination_time: 884720.011
local_termination_time: 588739.1043599999
node_cons: 18161.038922233634
tot_aggregated_send: 12296
tot_msg_rcv: 391
tot_msg_sent: 814
tot_reconf_duration: 3.08
tot_sleeping_duration: 871159.9988400048
tot_uptimes: 227
tot_uptimes_duration: 13560.012159995269
