comms_cons: 89.55964799779701
finished_reconf: true
global_termination_time: 887092.399
local_termination_time: 313574.67036000005
node_cons: 18243.72826223369
tot_aggregated_send: 11948
tot_msg_rcv: 563
tot_msg_sent: 1101
tot_reconf_duration: 4.8100000000000005
tot_sleeping_duration: 873472.3868400047
tot_uptimes: 228
tot_uptimes_duration: 13620.012159995269
