comms_cons: 266.457600005423
finished_reconf: true
global_termination_time: 2809387.038
local_termination_time: 5346.239
node_cons: 57879.28228781774
tot_aggregated_send: 38442
tot_msg_rcv: 666
tot_msg_sent: 1392
tot_reconf_duration: 25.35
tot_sleeping_duration: 2766186.995440016
tot_uptimes: 720
tot_uptimes_duration: 43200.04255998414
