comms_cons: 271.19462400615134
finished_reconf: true
global_termination_time: 2810364.225
local_termination_time: 5776.891999999999
node_cons: 57853.61338558344
tot_aggregated_send: 39607
tot_msg_rcv: 617
tot_msg_sent: 996
tot_reconf_duration: 6.46
tot_sleeping_duration: 2767164.1946000117
tot_uptimes: 720
tot_uptimes_duration: 43200.030399988405
