comms_cons: 127.76889599047378
finished_reconf: true
global_termination_time: 1257834.742
local_termination_time: 388753.11632000067
node_cons: 25900.927802948314
tot_aggregated_send: 17110
tot_msg_rcv: 759
tot_msg_sent: 1551
tot_reconf_duration: 22.65
tot_sleeping_duration: 1238514.2273600088
tot_uptimes: 323
tot_uptimes_duration: 19320.51463999122
