comms_cons: 127.20081279226763
finished_reconf: true
global_termination_time: 1256463.076
local_termination_time: 8182.221480000001
node_cons: 25795.69640335054
tot_aggregated_send: 17168
tot_msg_rcv: 713
tot_msg_sent: 1454
tot_reconf_duration: 4.8100000000000005
tot_sleeping_duration: 1237203.057760007
tot_uptimes: 322
tot_uptimes_duration: 19260.018239992904
