comms_cons: 123.64415999827811
finished_reconf: true
global_termination_time: 1256581.631
local_termination_time: 731690.89
node_cons: 25800.65146319751
tot_aggregated_send: 17690
tot_msg_rcv: 347
tot_msg_sent: 757
tot_reconf_duration: 6.22
tot_sleeping_duration: 1237319.342200002
tot_uptimes: 322
tot_uptimes_duration: 19262.288799998023
