comms_cons: 132.58150400046594
finished_reconf: true
global_termination_time: 590707.9323599989
local_termination_time: 590707.9323599989
node_cons: 12215.661710100574
tot_aggregated_send: 0
tot_msg_rcv: 11320
tot_msg_sent: 8835
tot_reconf_duration: 24.59
tot_sleeping_duration: 581609.8976399836
tot_uptimes: 152
tot_uptimes_duration: 9098.034720015348
