comms_cons: 59.667712000169495
finished_reconf: true
global_termination_time: 591404.588
local_termination_time: 29783.445920000002
node_cons: 12138.904060000015
tot_aggregated_send: 8178
tot_msg_rcv: 316
tot_msg_sent: 575
tot_reconf_duration: 5.57
tot_sleeping_duration: 582344.588
tot_uptimes: 152
tot_uptimes_duration: 9060.0
