comms_cons: 59.19258240044051
finished_reconf: true
global_termination_time: 594739.116
local_termination_time: 57389.20272000011
node_cons: 12242.43870000001
tot_aggregated_send: 8526
tot_msg_rcv: 201
tot_msg_sent: 269
tot_reconf_duration: 22.65
tot_sleeping_duration: 585619.116
tot_uptimes: 153
tot_uptimes_duration: 9120.0
