comms_cons: 408.34179202673187
finished_reconf: true
global_termination_time: 4115294.421
local_termination_time: 2351107.3106799982
node_cons: 84618.87614334904
tot_aggregated_send: 56144
tot_msg_rcv: 2039
tot_msg_sent: 3882
tot_reconf_duration: 15.34
tot_sleeping_duration: 4052114.4027600065
tot_uptimes: 1054
tot_uptimes_duration: 63180.0182399936
