comms_cons: 143.43752961386363
finished_reconf: true
global_termination_time: 298923.49460000015
local_termination_time: 3560.4624800000024
node_cons: 17986.314593206265
tot_aggregated_send: 0
tot_msg_rcv: 8847
tot_msg_sent: 12953
tot_reconf_duration: 18.21
tot_sleeping_duration: 285509.3157999955
tot_uptimes: 220
tot_uptimes_duration: 13414.178800004664
