comms_cons: 31.797900800730893
finished_reconf: true
global_termination_time: 301922.946
local_termination_time: 27793.83836
node_cons: 6190.3952044857315
tot_aggregated_send: 3770
tot_msg_rcv: 363
tot_msg_sent: 700
tot_reconf_duration: 3.08
tot_sleeping_duration: 297302.9216799957
tot_uptimes: 78
tot_uptimes_duration: 4620.024320004275
