comms_cons: 703.3362174952894
finished_reconf: true
global_termination_time: 2418315.423
local_termination_time: 1880913.0444799997
node_cons: 98444.84046299719
tot_aggregated_send: 0
tot_msg_rcv: 35885
tot_msg_sent: 71018
tot_reconf_duration: 18.21
tot_sleeping_duration: 2344812.726
tot_uptimes: 1215
tot_uptimes_duration: 73502.69699999997
