comms_cons: 246.25945599715243
finished_reconf: true
global_termination_time: 2424694.128
local_termination_time: 884630.4953599998
node_cons: 49831.672425583754
tot_aggregated_send: 33118
tot_msg_rcv: 1477
tot_msg_sent: 2835
tot_reconf_duration: 15.34
tot_sleeping_duration: 2387494.0976000116
tot_uptimes: 621
tot_uptimes_duration: 37200.030399988405
