comms_cons: 369.2911232536077
finished_reconf: true
global_termination_time: 3667387.838
local_termination_time: 664728.6645999998
node_cons: 75457.22627116785
tot_aggregated_send: 50982
tot_msg_rcv: 1667
tot_msg_sent: 3481
tot_reconf_duration: 13.17
tot_sleeping_duration: 3611047.7772000227
tot_uptimes: 940
tot_uptimes_duration: 56340.06079997728
