comms_cons: 366.97117445083757
finished_reconf: true
global_termination_time: 3670307.049
local_termination_time: 1868962.36736
node_cons: 75449.92840670054
tot_aggregated_send: 51852
tot_msg_rcv: 1314
tot_msg_sent: 2613
tot_reconf_duration: 7.819999999999999
tot_sleeping_duration: 3613967.0125200134
tot_uptimes: 940
tot_uptimes_duration: 56340.03647998674
