comms_cons: 370.7955584351493
finished_reconf: true
global_termination_time: 3668970.386
local_termination_time: 778001.9463599998
node_cons: 75446.69906893371
tot_aggregated_send: 50982
tot_msg_rcv: 1888
tot_msg_sent: 3487
tot_reconf_duration: 5.43
tot_sleeping_duration: 3612630.3373600184
tot_uptimes: 940
tot_uptimes_duration: 56340.048639981775
