comms_cons: 24.52547200023998
finished_reconf: true
global_termination_time: 240027.52552000093
local_termination_time: 64888.547360000004
node_cons: 4999.8383052812505
tot_aggregated_send: 3132
tot_msg_rcv: 154
tot_msg_sent: 440
tot_reconf_duration: 15.34
tot_sleeping_duration: 236309.074
tot_uptimes: 62
tot_uptimes_duration: 3718.4515200009337
