comms_cons: 24.586470400042387
finished_reconf: true
global_termination_time: 245343.074
local_termination_time: 76891.894
node_cons: 4988.05599239921
tot_aggregated_send: 3303
tot_msg_rcv: 143
tot_msg_sent: 290
tot_reconf_duration: 4.8100000000000005
tot_sleeping_duration: 241622.74240000057
tot_uptimes: 63
tot_uptimes_duration: 3720.3315999994084
