comms_cons: 25.61940480011376
finished_reconf: true
global_termination_time: 245451.025
local_termination_time: 126975.07047999995
node_cons: 4987.057902242865
tot_aggregated_send: 3074
tot_msg_rcv: 296
tot_msg_sent: 524
tot_reconf_duration: 4.390000000000001
tot_sleeping_duration: 241731.01283999786
tot_uptimes: 63
tot_uptimes_duration: 3720.0121600021375
