comms_cons: 24.968063999633934
finished_reconf: true
global_termination_time: 245481.217
local_termination_time: 86199.72095999966
node_cons: 4996.447121119172
tot_aggregated_send: 3248
tot_msg_rcv: 208
tot_msg_sent: 339
tot_reconf_duration: 11.31
tot_sleeping_duration: 241761.21092000065
tot_uptimes: 63
tot_uptimes_duration: 3720.006079999366
