comms_cons: 65.7603200074066
finished_reconf: true
global_termination_time: 327600.3697200002
local_termination_time: 1855.6100400000014
node_cons: 6741.654126683981
tot_aggregated_send: 0
tot_msg_rcv: 5151
tot_msg_sent: 4840
tot_reconf_duration: 18.21
tot_sleeping_duration: 322583.99559999723
tot_uptimes: 84
tot_uptimes_duration: 5016.374120002969
