comms_cons: 94.59842561055466
finished_reconf: true
global_termination_time: 327599.80400000047
local_termination_time: 327599.76288000046
node_cons: 13274.812424000647
tot_aggregated_send: 0
tot_msg_rcv: 4838
tot_msg_sent: 9539
tot_reconf_duration: 24.59
tot_sleeping_duration: 317710.76800000004
tot_uptimes: 163
tot_uptimes_duration: 9889.036000000462
