comms_cons: 137.72188159617687
finished_reconf: true
global_termination_time: 598067.9381599984
local_termination_time: 3461.2656
node_cons: 12389.690508745574
tot_aggregated_send: 0
tot_msg_rcv: 11926
tot_msg_sent: 9001
tot_reconf_duration: 18.21
tot_sleeping_duration: 588833.4636799793
tot_uptimes: 154
tot_uptimes_duration: 9234.474480019097
