comms_cons: 58.97466880015999
finished_reconf: true
global_termination_time: 598879.33
local_termination_time: 252622.89384000012
node_cons: 12322.778700000012
tot_aggregated_send: 8758
tot_msg_rcv: 110
tot_msg_sent: 95
tot_reconf_duration: 22.65
tot_sleeping_duration: 589699.33
tot_uptimes: 154
tot_uptimes_duration: 9180.000000000002
