comms_cons: 59.614758398840046
finished_reconf: true
global_termination_time: 598351.422
local_termination_time: 309100.808
node_cons: 12306.418201761333
tot_aggregated_send: 8524
tot_msg_rcv: 189
tot_msg_sent: 349
tot_reconf_duration: 6.279999999999999
tot_sleeping_duration: 589167.0381599991
tot_uptimes: 154
tot_uptimes_duration: 9184.383840001014
