comms_cons: 59.185510400051236
finished_reconf: true
global_termination_time: 599157.188
local_termination_time: 60321.92968000015
node_cons: 12308.180200000019
tot_aggregated_send: 8642
tot_msg_rcv: 132
tot_msg_sent: 221
tot_reconf_duration: 11.899999999999999
tot_sleeping_duration: 589977.188
tot_uptimes: 154
tot_uptimes_duration: 9180.0
