comms_cons: 256.7993344000006
finished_reconf: true
global_termination_time: 2808733.525
local_termination_time: 7411.48
node_cons: 57863.58113999896
tot_aggregated_send: 39020
tot_msg_rcv: 5
tot_msg_sent: 7
tot_reconf_duration: 13.83
tot_sleeping_duration: 2765533.525
tot_uptimes: 720
tot_uptimes_duration: 43200.0
