comms_cons: 265.24702719999976
finished_reconf: true
global_termination_time: 2808734.138
local_termination_time: 6867.688
node_cons: 57850.68013999896
tot_aggregated_send: 40308
tot_msg_rcv: 5
tot_msg_sent: 3
tot_reconf_duration: 4.33
tot_sleeping_duration: 2765534.138
tot_uptimes: 720
tot_uptimes_duration: 43200.0
