comms_cons: 74.38346239956086
finished_reconf: true
global_termination_time: 746042.769
local_termination_time: 18198.05636
node_cons: 15353.41932448318
tot_aggregated_send: 10324
tot_msg_rcv: 340
tot_msg_sent: 642
tot_reconf_duration: 6.22
tot_sleeping_duration: 734582.7446799977
tot_uptimes: 192
tot_uptimes_duration: 11460.024320002361
