comms_cons: 74.68112639906187
finished_reconf: true
global_termination_time: 746422.477
local_termination_time: 297489.08436000004
node_cons: 15360.331544476545
tot_aggregated_send: 10440
tot_msg_rcv: 279
tot_msg_sent: 632
tot_reconf_duration: 11.31
tot_sleeping_duration: 734962.4526800025
tot_uptimes: 192
tot_uptimes_duration: 11460.024319997407
