comms_cons: 74.96186239812552
finished_reconf: true
global_termination_time: 746364.791
local_termination_time: 185482.06036000006
node_cons: 15352.338363364304
tot_aggregated_send: 10208
tot_msg_rcv: 427
tot_msg_sent: 758
tot_reconf_duration: 5.43
tot_sleeping_duration: 734904.7727599967
tot_uptimes: 192
tot_uptimes_duration: 11460.018240003206
