comms_cons: 76.31818239650654
finished_reconf: true
global_termination_time: 744097.51924
local_termination_time: 168565.2212800008
node_cons: 15306.709179845935
tot_aggregated_send: 9338
tot_msg_rcv: 745
tot_msg_sent: 1515
tot_reconf_duration: 15.34
tot_sleeping_duration: 732681.6286799957
tot_uptimes: 191
tot_uptimes_duration: 11415.890560004424
