comms_cons: 178.88622717616937
finished_reconf: true
global_termination_time: 1739814.305
local_termination_time: 1114585.9120399982
node_cons: 35759.78746558404
tot_aggregated_send: 22736
tot_msg_rcv: 1505
tot_msg_sent: 2948
tot_reconf_duration: 6.22
tot_sleeping_duration: 1713114.2746000118
tot_uptimes: 446
tot_uptimes_duration: 26700.030399988173
