comms_cons: 219.65317118829736
finished_reconf: true
global_termination_time: 2192296.542
local_termination_time: 1248962.9861999985
node_cons: 45079.284522233225
tot_aggregated_send: 30682
tot_msg_rcv: 849
tot_msg_sent: 1855
tot_reconf_duration: 6.279999999999999
tot_sleeping_duration: 2158636.5298400046
tot_uptimes: 562
tot_uptimes_duration: 33660.01215999527
