comms_cons: 223.9506431772181
finished_reconf: true
global_termination_time: 2191216.445
local_termination_time: 849177.6503599999
node_cons: 45077.70650558365
tot_aggregated_send: 29696
tot_msg_rcv: 1498
tot_msg_sent: 2847
tot_reconf_duration: 5.1
tot_sleeping_duration: 2157556.4146000114
tot_uptimes: 562
tot_uptimes_duration: 33660.03039998817
