comms_cons: 222.93758718309627
finished_reconf: true
global_termination_time: 2191778.691
local_termination_time: 177643.06208000064
node_cons: 45088.68998893887
tot_aggregated_send: 30450
tot_msg_rcv: 1349
tot_msg_sent: 2086
tot_reconf_duration: 13.17
tot_sleeping_duration: 2158118.642360016
tot_uptimes: 562
tot_uptimes_duration: 33660.04863998457
