comms_cons: 215.12668159231376
finished_reconf: true
global_termination_time: 2192568.513
local_termination_time: 340872.0633200002
node_cons: 45077.29640335002
tot_aggregated_send: 30972
tot_msg_rcv: 620
tot_msg_sent: 1106
tot_reconf_duration: 4.8100000000000005
tot_sleeping_duration: 2158908.4947600067
tot_uptimes: 562
tot_uptimes_duration: 33660.0182399929
