comms_cons: 97.7485311988063
finished_reconf: true
global_termination_time: 987450.56
local_termination_time: 752073.9944799999
node_cons: 20249.821900000094
tot_aggregated_send: 14152
tot_msg_rcv: 243
tot_msg_sent: 462
tot_reconf_duration: 3.05
tot_sleeping_duration: 972330.56
tot_uptimes: 253
tot_uptimes_duration: 15120.0
