comms_cons: 97.74059519754528
finished_reconf: true
global_termination_time: 988854.834
local_termination_time: 689065.7427599991
node_cons: 20336.63956000012
tot_aggregated_send: 14210
tot_msg_rcv: 245
tot_msg_sent: 401
tot_reconf_duration: 7.819999999999999
tot_sleeping_duration: 973674.834
tot_uptimes: 254
tot_uptimes_duration: 15180.0
