comms_cons: 3393.34436819035
finished_reconf: true
global_termination_time: 7967437.245
local_termination_time: 2595757.4392
node_cons: 483480.44386734825
tot_aggregated_send: 0
tot_msg_rcv: 208466
tot_msg_sent: 307305
tot_reconf_duration: 5.57
tot_sleeping_duration: 7606367.133120022
tot_uptimes: 5920
tot_uptimes_duration: 361070.1118799777
