comms_cons: 136.03925759479992
finished_reconf: true
global_termination_time: 1364002.5555999998
local_termination_time: 1364002.51448
node_cons: 28090.499283997735
tot_aggregated_send: 19358
tot_msg_rcv: 433
tot_msg_sent: 885
tot_reconf_duration: 24.59
tot_sleeping_duration: 1343048.7796000016
tot_uptimes: 350
tot_uptimes_duration: 20953.775999998266
