comms_cons: 51.751987200508864
finished_reconf: true
global_termination_time: 516763.411
local_termination_time: 379502.60336000007
node_cons: 10620.238980000011
tot_aggregated_send: 7308
tot_msg_rcv: 220
tot_msg_sent: 338
tot_reconf_duration: 11.31
tot_sleeping_duration: 508843.411
tot_uptimes: 133
tot_uptimes_duration: 7920.0
