comms_cons: 44.535232000520544
finished_reconf: true
global_termination_time: 428402.445
local_termination_time: 140930.81832000066
node_cons: 8788.499661845168
tot_aggregated_send: 5510
tot_msg_rcv: 466
tot_msg_sent: 793
tot_reconf_duration: 22.65
tot_sleeping_duration: 421861.9364399962
tot_uptimes: 110
tot_uptimes_duration: 6540.508560003858
