comms_cons: 43.777996800791456
finished_reconf: true
global_termination_time: 428009.223
local_termination_time: 17457.11236
node_cons: 8763.03790224287
tot_aggregated_send: 5626
tot_msg_rcv: 333
tot_msg_sent: 695
tot_reconf_duration: 4.390000000000001
tot_sleeping_duration: 421469.2108399979
tot_uptimes: 110
tot_uptimes_duration: 6540.012160002137
