comms_cons: 11.395174399976323
finished_reconf: true
global_termination_time: 110569.007
local_termination_time: 35403.6262400001
node_cons: 2256.0601211202875
tot_aggregated_send: 1392
tot_msg_rcv: 111
tot_msg_sent: 229
tot_reconf_duration: 4.8100000000000005
tot_sleeping_duration: 108889.00091999977
tot_uptimes: 29
tot_uptimes_duration: 1680.0060800002175
