comms_cons: 15.829209599760706
finished_reconf: true
global_termination_time: 122209.756
local_termination_time: 21331.25236
node_cons: 2524.9299644777443
tot_aggregated_send: 870
tot_msg_rcv: 682
tot_msg_sent: 855
tot_reconf_duration: 25.299999999999997
tot_sleeping_duration: 120349.73168000167
tot_uptimes: 32
tot_uptimes_duration: 1860.024319998316
