comms_cons: 184.0162432224107
finished_reconf: true
global_termination_time: 380416.91356000025
local_termination_time: 380416.87244000024
node_cons: 23216.78282132358
tot_aggregated_send: 0
tot_msg_rcv: 11251
tot_msg_sent: 16717
tot_reconf_duration: 24.59
tot_sleeping_duration: 363102.9556799976
tot_uptimes: 284
tot_uptimes_duration: 17313.957880002643
