comms_cons: 38.409996800409175
finished_reconf: true
global_termination_time: 382057.066
local_termination_time: 148742.0262800008
node_cons: 7798.957902242889
tot_aggregated_send: 4930
tot_msg_rcv: 213
tot_msg_sent: 696
tot_reconf_duration: 4.390000000000001
tot_sleeping_duration: 376237.05383999785
tot_uptimes: 98
tot_uptimes_duration: 5820.0121600021375
