comms_cons: 55.5159168011417
finished_reconf: true
global_termination_time: 541501.565
local_termination_time: 215230.96336000005
node_cons: 11093.870223364314
tot_aggregated_send: 7192
tot_msg_rcv: 456
tot_msg_sent: 790
tot_reconf_duration: 5.1
tot_sleeping_duration: 533221.5467599968
tot_uptimes: 139
tot_uptimes_duration: 8280.018240003206
