comms_cons: 103.31941119525467
finished_reconf: true
global_termination_time: 1041257.788
local_termination_time: 618093.8083599998
node_cons: 21374.63892223364
tot_aggregated_send: 13224
tot_msg_rcv: 793
tot_msg_sent: 1686
tot_reconf_duration: 3.08
tot_sleeping_duration: 1025297.7758400047
tot_uptimes: 267
tot_uptimes_duration: 15960.012159995269
