comms_cons: 176.78003833012644
finished_reconf: true
global_termination_time: 1044325.031
local_termination_time: 506248.3993600001
node_cons: 21461.81506670106
tot_aggregated_send: 0
tot_msg_rcv: 13747
tot_msg_sent: 13122
tot_reconf_duration: 8.09
tot_sleeping_duration: 1028304.9945200142
tot_uptimes: 268
tot_uptimes_duration: 16020.036479985807
