comms_cons: 106.7462015913755
finished_reconf: true
global_termination_time: 1045438.53
local_termination_time: 504496.7656400004
node_cons: 21463.183944467342
tot_aggregated_send: 13514
tot_msg_rcv: 968
tot_msg_sent: 1742
tot_reconf_duration: 9.11
tot_sleeping_duration: 1029418.5056800095
tot_uptimes: 268
tot_uptimes_duration: 16020.024319990538
