comms_cons: 104.72175359822094
finished_reconf: true
global_termination_time: 1045825.664
local_termination_time: 292165.0297600004
node_cons: 21457.320121121462
tot_aggregated_send: 14442
tot_msg_rcv: 531
tot_msg_sent: 945
tot_reconf_duration: 4.8100000000000005
tot_sleeping_duration: 1029805.657919999
tot_uptimes: 268
tot_uptimes_duration: 16020.006080001069
