comms_cons: 176.9203263290746
finished_reconf: true
global_termination_time: 1045078.961
local_termination_time: 500881.34992000024
node_cons: 21459.30003006068
tot_aggregated_send: 0
tot_msg_rcv: 13766
tot_msg_sent: 13124
tot_reconf_duration: 6.22
tot_sleeping_duration: 1029058.9062800144
tot_uptimes: 268
tot_uptimes_duration: 16020.05471998558
