comms_cons: 30.770918399967865
finished_reconf: true
global_termination_time: 315442.57112000044
local_termination_time: 268989.7675200004
node_cons: 6501.436949680616
tot_aggregated_send: 4524
tot_msg_rcv: 69
tot_msg_sent: 84
tot_reconf_duration: 7.819999999999999
tot_sleeping_duration: 310595.06
tot_uptimes: 81
tot_uptimes_duration: 4847.511120000447
