comms_cons: 54.210662404310405
finished_reconf: true
global_termination_time: 284628.584
local_termination_time: 183045.10560000007
node_cons: 5809.217321121425
tot_aggregated_send: 0
tot_msg_rcv: 4242
tot_msg_sent: 3997
tot_reconf_duration: 18.21
tot_sleeping_duration: 280308.5779199989
tot_uptimes: 73
tot_uptimes_duration: 4320.006080001069
