comms_cons: 27.6852735999607
finished_reconf: true
global_termination_time: 282867.977
local_termination_time: 268989.7675200004
node_cons: 5795.099560000016
tot_aggregated_send: 4060
tot_msg_rcv: 65
tot_msg_sent: 83
tot_reconf_duration: 7.819999999999999
tot_sleeping_duration: 278547.977
tot_uptimes: 73
tot_uptimes_duration: 4320.0
