comms_cons: 461.30370567839367
finished_reconf: true
global_termination_time: 4550591.354
local_termination_time: 3523.3451200000036
node_cons: 93603.7698945224
tot_aggregated_send: 62872
tot_msg_rcv: 2533
tot_msg_sent: 4709
tot_reconf_duration: 5.57
tot_sleeping_duration: 4480691.274960026
tot_uptimes: 1166
tot_uptimes_duration: 69900.07903997385
