comms_cons: 458.9745664711555
finished_reconf: true
global_termination_time: 4549667.021319998
local_termination_time: 4549666.980199998
node_cons: 93710.41358523305
tot_aggregated_send: 63626
tot_msg_rcv: 2159
tot_msg_sent: 3976
tot_reconf_duration: 37.410000000000004
tot_sleeping_duration: 4479719.589800031
tot_uptimes: 1166
tot_uptimes_duration: 69947.43151996707
