comms_cons: 460.05776647142915
finished_reconf: true
global_termination_time: 4550248.74
local_termination_time: 994280.3081599992
node_cons: 93607.15949005011
tot_aggregated_send: 62350
tot_msg_rcv: 2508
tot_msg_sent: 5068
tot_reconf_duration: 8.09
tot_sleeping_duration: 4480348.685280021
tot_uptimes: 1166
tot_uptimes_duration: 69900.05471997963
