comms_cons: 152.47463038823489
finished_reconf: true
global_termination_time: 1510095.39524
local_termination_time: 51957.630480000014
node_cons: 31059.094352710625
tot_aggregated_send: 20938
tot_msg_rcv: 853
tot_msg_sent: 1383
tot_reconf_duration: 18.21
tot_sleeping_duration: 1486918.124760007
tot_uptimes: 387
tot_uptimes_duration: 23177.270479992963
