comms_cons: 147.7622527967315
finished_reconf: true
global_termination_time: 1513388.703
local_termination_time: 953864.8770799995
node_cons: 31106.938979999966
tot_aggregated_send: 21692
tot_msg_rcv: 290
tot_msg_sent: 477
tot_reconf_duration: 11.31
tot_sleeping_duration: 1490168.703
tot_uptimes: 388
tot_uptimes_duration: 23220.0
