comms_cons: 471.5610816674593
finished_reconf: true
global_termination_time: 4712302.254
local_termination_time: 1336565.09148
node_cons: 96900.71654781644
tot_aggregated_send: 65598
tot_msg_rcv: 1917
tot_msg_sent: 4161
tot_reconf_duration: 7.819999999999999
tot_sleeping_duration: 4639942.211440016
tot_uptimes: 1207
tot_uptimes_duration: 72360.04255998437
