comms_cons: 12.829439999863986
finished_reconf: true
global_termination_time: 128474.50027999947
local_termination_time: 128458.0113199996
node_cons: 2651.8527559192744
tot_aggregated_send: 1798
tot_msg_rcv: 49
tot_msg_sent: 102
tot_reconf_duration: 3.05
tot_sleeping_duration: 126497.121
tot_uptimes: 33
tot_uptimes_duration: 1977.3792799994699
