comms_cons: 12.822860799938326
finished_reconf: true
global_termination_time: 128503.054
local_termination_time: 10305.353760000004
node_cons: 2588.6087957602954
tot_aggregated_send: 1682
tot_msg_rcv: 102
tot_msg_sent: 165
tot_reconf_duration: 11.31
tot_sleeping_duration: 126581.28415999978
tot_uptimes: 33
tot_uptimes_duration: 1921.769840000221
