comms_cons: 64.44451839852834
finished_reconf: true
global_termination_time: 633279.764
local_termination_time: 129945.76447999995
node_cons: 13023.632663364308
tot_aggregated_send: 8468
tot_msg_rcv: 398
tot_msg_sent: 930
tot_reconf_duration: 6.279999999999999
tot_sleeping_duration: 623559.7457599968
tot_uptimes: 163
tot_uptimes_duration: 9720.018240003206
