comms_cons: 63.872012799408154
finished_reconf: true
global_termination_time: 629655.312
local_termination_time: 80247.188
node_cons: 12973.387877366322
tot_aggregated_send: 8505
tot_msg_rcv: 381
tot_msg_sent: 822
tot_reconf_duration: 25.299999999999997
tot_sleeping_duration: 619992.1077599954
tot_uptimes: 162
tot_uptimes_duration: 9663.204240004721
