comms_cons: 65.00458239875113
finished_reconf: true
global_termination_time: 633559.22
local_termination_time: 146573.19900000002
node_cons: 13037.932335765678
tot_aggregated_send: 8171
tot_msg_rcv: 487
tot_msg_sent: 1223
tot_reconf_duration: 13.17
tot_sleeping_duration: 623835.5101599958
tot_uptimes: 163
tot_uptimes_duration: 9723.709840004216
