comms_cons: 65.6122367983407
finished_reconf: true
global_termination_time: 630763.872
local_termination_time: 105543.2951599998
node_cons: 12938.955204485743
tot_aggregated_send: 8004
tot_msg_rcv: 627
tot_msg_sent: 1341
tot_reconf_duration: 3.08
tot_sleeping_duration: 621103.8476799957
tot_uptimes: 162
tot_uptimes_duration: 9660.024320004275
