comms_cons: 125.44280319025312
finished_reconf: true
global_termination_time: 630237.745
local_termination_time: 631.16748
node_cons: 12945.74250224288
tot_aggregated_send: 0
tot_msg_rcv: 9717
tot_msg_sent: 9346
tot_reconf_duration: 8.09
tot_sleeping_duration: 620577.7328399979
tot_uptimes: 162
tot_uptimes_duration: 9660.012160002138
