comms_cons: 64.84060160147403
finished_reconf: true
global_termination_time: 633317.202
local_termination_time: 212266.29336000007
node_cons: 13021.06604336433
tot_aggregated_send: 8468
tot_msg_rcv: 459
tot_msg_sent: 929
tot_reconf_duration: 4.390000000000001
tot_sleeping_duration: 623597.1837599969
tot_uptimes: 163
tot_uptimes_duration: 9720.018240003206
