comms_cons: 500.87575000556427
finished_reconf: true
global_termination_time: 1723182.827
local_termination_time: 461321.678
node_cons: 70081.10459219324
tot_aggregated_send: 0
tot_msg_rcv: 25576
tot_msg_sent: 50555
tot_reconf_duration: 11.31
tot_sleeping_duration: 1670855.907200004
tot_uptimes: 864
tot_uptimes_duration: 52326.91979999608
