comms_cons: 58.70951680087576
finished_reconf: true
global_termination_time: 547478.4815999998
local_termination_time: 547478.4404799999
node_cons: 11328.986627366612
tot_aggregated_send: 6959
tot_msg_rcv: 817
tot_msg_sent: 1145
tot_reconf_duration: 46.33
tot_sleeping_duration: 539064.687359995
tot_uptimes: 141
tot_uptimes_duration: 8413.794240004907
