comms_cons: 53.884275199463886
finished_reconf: true
global_termination_time: 547479.23624
local_termination_time: 6985.428
node_cons: 11276.801213841234
tot_aggregated_send: 7243
tot_msg_rcv: 288
tot_msg_sent: 659
tot_reconf_duration: 6.46
tot_sleeping_duration: 539063.9796799992
tot_uptimes: 141
tot_uptimes_duration: 8415.256560000911
