comms_cons: 49.46242560113248
finished_reconf: true
global_termination_time: 491533.96528000094
local_termination_time: 262958.824840001
node_cons: 10126.634368164041
tot_aggregated_send: 6728
tot_msg_rcv: 226
tot_msg_sent: 564
tot_reconf_duration: 4.390000000000001
tot_sleeping_duration: 483975.5838399979
tot_uptimes: 126
tot_uptimes_duration: 7558.381440003053
