comms_cons: 50.22994560110513
finished_reconf: true
global_termination_time: 493983.118
local_termination_time: 130415.3793199996
node_cons: 10127.006323364289
tot_aggregated_send: 6496
tot_msg_rcv: 322
tot_msg_sent: 817
tot_reconf_duration: 3.05
tot_sleeping_duration: 486423.0997599968
tot_uptimes: 127
tot_uptimes_duration: 7560.018240003206
