comms_cons: 81.94290560097352
finished_reconf: true
global_termination_time: 747902.337
local_termination_time: 251294.46968000024
node_cons: 15369.75059120972
tot_aggregated_send: 6786
tot_msg_rcv: 2075
tot_msg_sent: 3596
tot_reconf_duration: 18.21
tot_sleeping_duration: 736442.2761999929
tot_uptimes: 192
tot_uptimes_duration: 11460.060800007253
