comms_cons: 102.54073601283118
finished_reconf: true
global_termination_time: 462133.96560000005
local_termination_time: 462133.92448000005
node_cons: 9549.46653746075
tot_aggregated_send: 0
tot_msg_rcv: 8698
tot_msg_sent: 6893
tot_reconf_duration: 37.410000000000004
tot_sleeping_duration: 455040.1166399846
tot_uptimes: 119
tot_uptimes_duration: 7093.848960015486
