comms_cons: 47.19260160069355
finished_reconf: true
global_termination_time: 464384.282
local_termination_time: 197303.09184000012
node_cons: 9484.310781121425
tot_aggregated_send: 6438
tot_msg_rcv: 330
tot_msg_sent: 405
tot_reconf_duration: 3.08
tot_sleeping_duration: 457304.27591999894
tot_uptimes: 119
tot_uptimes_duration: 7080.006080001069
