comms_cons: 46.620211200579476
finished_reconf: true
global_termination_time: 463432.753
local_termination_time: 39117.56532000013
node_cons: 9505.522741121438
tot_aggregated_send: 6322
tot_msg_rcv: 258
tot_msg_sent: 506
tot_reconf_duration: 18.700000000000003
tot_sleeping_duration: 456352.74691999896
tot_uptimes: 119
tot_uptimes_duration: 7080.006080001069
