comms_cons: 28.533990400486747
finished_reconf: true
global_termination_time: 275714.437
local_termination_time: 2690.9098400000007
node_cons: 5627.958182242867
tot_aggregated_send: 3538
tot_msg_rcv: 275
tot_msg_sent: 524
tot_reconf_duration: 3.05
tot_sleeping_duration: 271514.42483999784
tot_uptimes: 71
tot_uptimes_duration: 4200.0121600021375
