comms_cons: 1.4211071999953055
finished_reconf: true
global_termination_time: 12406.492
local_termination_time: 4827.936360000001
node_cons: 271.77870000000075
tot_aggregated_send: 0
tot_msg_rcv: 119
tot_msg_sent: 97
tot_reconf_duration: 22.65
tot_sleeping_duration: 12226.492
tot_uptimes: 4
tot_uptimes_duration: 180.0
