comms_cons: 0.7434496000016577
finished_reconf: true
global_termination_time: 3959.42
local_termination_time: 1879.75836
node_cons: 96.50019999999981
tot_aggregated_send: 0
tot_msg_rcv: 66
tot_msg_sent: 47
tot_reconf_duration: 11.899999999999999
tot_sleeping_duration: 3899.42
tot_uptimes: 2
tot_uptimes_duration: 60.0
