comms_cons: 1549.2630799344174
finished_reconf: true
global_termination_time: 4238133.604
local_termination_time: 1657214.0446
node_cons: 256945.51052465016
tot_aggregated_send: 0
tot_msg_rcv: 95319
tot_msg_sent: 140162
tot_reconf_duration: 5.57
tot_sleeping_duration: 4046245.667880016
tot_uptimes: 3148
tot_uptimes_duration: 191887.9361199845
