comms_cons: 415.05209602509217
finished_reconf: true
global_termination_time: 4240046.159
local_termination_time: 1592258.549239998
node_cons: 87183.59053670564
tot_aggregated_send: 59566
tot_msg_rcv: 1214
tot_msg_sent: 2306
tot_reconf_duration: 8.09
tot_sleeping_duration: 4174943.392520009
tot_uptimes: 1086
tot_uptimes_duration: 65102.76647999091
