comms_cons: 424.98971527353655
finished_reconf: true
global_termination_time: 4239975.15
local_termination_time: 771619.2133599999
node_cons: 87173.0907466994
tot_aggregated_send: 58638
tot_msg_rcv: 1989
tot_msg_sent: 3968
tot_reconf_duration: 3.05
tot_sleeping_duration: 4174875.113520014
tot_uptimes: 1086
tot_uptimes_duration: 65100.03647998628
