comms_cons: 419.2030912396185
finished_reconf: true
global_termination_time: 4237542.682
local_termination_time: 1342659.1283599997
node_cons: 87176.30650446494
tot_aggregated_send: 58522
tot_msg_rcv: 1710
tot_msg_sent: 3484
tot_reconf_duration: 5.43
tot_sleeping_duration: 4172442.6576800095
tot_uptimes: 1086
tot_uptimes_duration: 65100.02431999054
