comms_cons: 9.625369599862506
finished_reconf: true
global_termination_time: 93196.495
local_termination_time: 68169.98759999996
node_cons: 1872.5736033586022
tot_aggregated_send: 638
tot_msg_rcv: 250
tot_msg_sent: 575
tot_reconf_duration: 18.21
tot_sleeping_duration: 91816.47676000105
tot_uptimes: 24
tot_uptimes_duration: 1380.0182399989499
