comms_cons: 10.769734399965513
finished_reconf: true
global_termination_time: 91327.371
local_termination_time: 7435.877240000004
node_cons: 1907.5816578386082
tot_aggregated_send: 638
tot_msg_rcv: 356
tot_msg_sent: 643
tot_reconf_duration: 25.299999999999997
tot_sleeping_duration: 89928.39844000104
tot_uptimes: 24
tot_uptimes_duration: 1398.9725599989606
