comms_cons: 11.74105599986861
finished_reconf: true
global_termination_time: 92008.925
local_termination_time: 27825.547480000005
node_cons: 1860.6463170397485
tot_aggregated_send: 522
tot_msg_rcv: 565
tot_msg_sent: 699
tot_reconf_duration: 9.42
tot_sleeping_duration: 90628.89964000019
tot_uptimes: 24
tot_uptimes_duration: 1380.0253599998105
