comms_cons: 10.92272640006654
finished_reconf: true
global_termination_time: 90852.304
local_termination_time: 27949.62756
node_cons: 1854.3764033608747
tot_aggregated_send: 812
tot_msg_rcv: 326
tot_msg_sent: 523
tot_reconf_duration: 4.8100000000000005
tot_sleeping_duration: 89472.28575999936
tot_uptimes: 24
tot_uptimes_duration: 1380.0182400006524
