comms_cons: 54.66250240038085
finished_reconf: true
global_termination_time: 553743.733
local_termination_time: 513067.49764000037
node_cons: 11340.732359999993
tot_aggregated_send: 7830
tot_msg_rcv: 138
tot_msg_sent: 340
tot_reconf_duration: 9.42
tot_sleeping_duration: 545283.733
tot_uptimes: 142
tot_uptimes_duration: 8460.0
