comms_cons: 55.60885120065337
finished_reconf: true
global_termination_time: 554056.357
local_termination_time: 278013.0373600001
node_cons: 11345.107822242884
tot_aggregated_send: 7540
tot_msg_rcv: 281
tot_msg_sent: 631
tot_reconf_duration: 12.629999999999999
tot_sleeping_duration: 545596.3448399978
tot_uptimes: 142
tot_uptimes_duration: 8460.012160002138
