comms_cons: 214.76563198216093
finished_reconf: true
global_termination_time: 2160255.795
local_termination_time: 855835.67936
node_cons: 44436.51560670067
tot_aggregated_send: 29058
tot_msg_rcv: 1085
tot_msg_sent: 2501
tot_reconf_duration: 6.22
tot_sleeping_duration: 2127075.758520014
tot_uptimes: 554
tot_uptimes_duration: 33180.03647998581
