comms_cons: 154.10801918809412
finished_reconf: true
global_termination_time: 1517634.237
local_termination_time: 18432.922720000002
node_cons: 31176.094464471982
tot_aggregated_send: 20822
tot_msg_rcv: 912
tot_msg_sent: 1690
tot_reconf_duration: 3.05
tot_sleeping_duration: 1494354.2126800062
tot_uptimes: 389
tot_uptimes_duration: 23280.024319993972
