comms_cons: 823.6171521671839
finished_reconf: true
global_termination_time: 8322449.423
local_termination_time: 2763808.9413599996
node_cons: 171222.47370669682
tot_aggregated_send: 115362
tot_msg_rcv: 3478
tot_msg_sent: 6345
tot_reconf_duration: 13.17
tot_sleeping_duration: 8194589.386520013
tot_uptimes: 2132
tot_uptimes_duration: 127860.0364799872
