comms_cons: 832.851718586501
finished_reconf: true
global_termination_time: 8321970.567
local_termination_time: 156852.95736000006
node_cons: 171235.3963934028
tot_aggregated_send: 115536
tot_msg_rcv: 3691
tot_msg_sent: 7361
tot_reconf_duration: 22.65
tot_sleeping_duration: 8194110.494040023
tot_uptimes: 2132
tot_uptimes_duration: 127860.07295997668
