comms_cons: 818.2940417353111
finished_reconf: true
global_termination_time: 8324038.174
local_termination_time: 5431550.070359999
node_cons: 171221.7159633453
tot_aggregated_send: 116696
tot_msg_rcv: 2595
tot_msg_sent: 5083
tot_reconf_duration: 12.629999999999999
tot_sleeping_duration: 8196178.155760006
tot_uptimes: 2132
tot_uptimes_duration: 127860.0182399936
