comms_cons: 828.4404738133694
finished_reconf: true
global_termination_time: 8322800.996
local_termination_time: 2199897.78936
node_cons: 171213.06817116484
tot_aggregated_send: 115594
tot_msg_rcv: 3355
tot_msg_sent: 6970
tot_reconf_duration: 6.22
tot_sleeping_duration: 8194940.9352000225
tot_uptimes: 2132
tot_uptimes_duration: 127860.06079997844
