comms_cons: 828.6381698189653
finished_reconf: true
global_termination_time: 8323800.321
local_termination_time: 2279870.903599998
node_cons: 171232.18607244524
tot_aggregated_send: 115362
tot_msg_rcv: 3538
tot_msg_sent: 7048
tot_reconf_duration: 11.31
tot_sleeping_duration: 8195931.144680021
tot_uptimes: 2132
tot_uptimes_duration: 127869.17631997843
