comms_cons: 58.95431039907864
finished_reconf: true
global_termination_time: 584894.405
local_termination_time: 6730.1784800000005
node_cons: 11988.553001119168
tot_aggregated_send: 7946
tot_msg_rcv: 329
tot_msg_sent: 684
tot_reconf_duration: 13.17
tot_sleeping_duration: 575954.3989200006
tot_uptimes: 150
tot_uptimes_duration: 8940.006079999366
