comms_cons: 58.23907840060384
finished_reconf: true
global_termination_time: 584069.629
local_termination_time: 24877.67848
node_cons: 11981.279560000015
tot_aggregated_send: 8352
tot_msg_rcv: 217
tot_msg_sent: 283
tot_reconf_duration: 7.819999999999999
tot_sleeping_duration: 575129.629
tot_uptimes: 150
tot_uptimes_duration: 8940.0
