comms_cons: 170.3644416018961
finished_reconf: true
global_termination_time: 582381.8565199982
local_termination_time: 582381.8153999982
node_cons: 23840.12700927756
tot_aggregated_send: 0
tot_msg_rcv: 8716
tot_msg_sent: 17175
tot_reconf_duration: 24.59
tot_sleeping_duration: 564602.3690000001
tot_uptimes: 294
tot_uptimes_duration: 17779.48751999814
