comms_cons: 41.547648000156244
finished_reconf: true
global_termination_time: 425304.47328000044
local_termination_time: 336372.3849600006
node_cons: 8723.006993920577
tot_aggregated_send: 6206
tot_msg_rcv: 36
tot_msg_sent: 72
tot_reconf_duration: 5.43
tot_sleeping_duration: 418795.412
tot_uptimes: 109
tot_uptimes_duration: 6509.061280000431
