comms_cons: 226.92381438278105
finished_reconf: true
global_termination_time: 2276279.213
local_termination_time: 251013.67436000003
node_cons: 46782.65802670502
tot_aggregated_send: 31088
tot_msg_rcv: 1200
tot_msg_sent: 2204
tot_reconf_duration: 18.21
tot_sleeping_duration: 2241359.176520011
tot_uptimes: 583
tot_uptimes_duration: 34920.03647998924
