comms_cons: 227.38991357630215
finished_reconf: true
global_termination_time: 2275786.184
local_termination_time: 207284.82452000037
node_cons: 46788.760816768045
tot_aggregated_send: 30450
tot_msg_rcv: 1497
tot_msg_sent: 2614
tot_reconf_duration: 22.65
tot_sleeping_duration: 2240866.0928000235
tot_uptimes: 583
tot_uptimes_duration: 34920.09119997655
