comms_cons: 225.7586687932702
finished_reconf: true
global_termination_time: 2272728.748
local_termination_time: 388440.39488000044
node_cons: 46768.86621999948
tot_aggregated_send: 32538
tot_msg_rcv: 605
tot_msg_sent: 1171
tot_reconf_duration: 8.09
tot_sleeping_duration: 2237808.748
tot_uptimes: 583
tot_uptimes_duration: 34920.0
