comms_cons: 614.8532988061116
finished_reconf: true
global_termination_time: 1426679.756
local_termination_time: 226930.43084000057
node_cons: 87012.57425970795
tot_aggregated_send: 0
tot_msg_rcv: 37677
tot_msg_sent: 55778
tot_reconf_duration: 18.21
tot_sleeping_duration: 1361714.9725200073
tot_uptimes: 1072
tot_uptimes_duration: 64964.783479992664
