comms_cons: 139.64351999651697
finished_reconf: true
global_termination_time: 1431570.057
local_termination_time: 1194185.7516799995
node_cons: 29419.798980000123
tot_aggregated_send: 20416
tot_msg_rcv: 269
tot_msg_sent: 540
tot_reconf_duration: 11.31
tot_sleeping_duration: 1409610.057
tot_uptimes: 367
tot_uptimes_duration: 21960.0
