comms_cons: 141.69623039658336
finished_reconf: true
global_termination_time: 1426510.7468399997
local_termination_time: 1426510.7057199997
node_cons: 29380.090291112505
tot_aggregated_send: 20474
tot_msg_rcv: 368
tot_msg_sent: 694
tot_reconf_duration: 24.59
tot_sleeping_duration: 1404593.8707600054
tot_uptimes: 366
tot_uptimes_duration: 21916.876079994356
