comms_cons: 47.707033604227604
finished_reconf: true
global_termination_time: 329659.4676400004
local_termination_time: 329659.4265200004
node_cons: 6839.17724874317
tot_aggregated_send: 1540
tot_msg_rcv: 2293
tot_msg_sent: 3422
tot_reconf_duration: 37.410000000000004
tot_sleeping_duration: 324589.7331599831
tot_uptimes: 85
tot_uptimes_duration: 5069.734480017294
