comms_cons: 135.2706175852079
finished_reconf: true
global_termination_time: 1306633.326
local_termination_time: 61652.408600000024
node_cons: 26837.799593420466
tot_aggregated_send: 16878
tot_msg_rcv: 1173
tot_msg_sent: 2509
tot_reconf_duration: 3.05
tot_sleeping_duration: 1286593.2530400143
tot_uptimes: 335
tot_uptimes_duration: 20040.07295998538
