comms_cons: 166.87654394151926
finished_reconf: true
global_termination_time: 850622.3575999999
local_termination_time: 3026.43736
node_cons: 17460.310909521315
tot_aggregated_send: 0
tot_msg_rcv: 12768
tot_msg_sent: 12592
tot_reconf_duration: 4.390000000000001
tot_sleeping_duration: 837586.995919999
tot_uptimes: 218
tot_uptimes_duration: 13035.361680000962
