comms_cons: 412.46669424921413
finished_reconf: true
global_termination_time: 850621.7575999998
local_termination_time: 850621.7164799998
node_cons: 51948.14228176046
tot_aggregated_send: 0
tot_msg_rcv: 25236
tot_msg_sent: 37455
tot_reconf_duration: 24.59
tot_sleeping_duration: 811850.4737599989
tot_uptimes: 640
tot_uptimes_duration: 38771.28384000091
