comms_cons: 631.5899393130992
finished_reconf: true
global_termination_time: 6331301.174
local_termination_time: 1969495.04336
node_cons: 130252.0612722839
tot_aggregated_send: 88624
tot_msg_rcv: 2672
tot_msg_sent: 4700
tot_reconf_duration: 15.34
tot_sleeping_duration: 6234041.107120024
tot_uptimes: 1622
tot_uptimes_duration: 97260.06687997608
