comms_cons: 627.837926500937
finished_reconf: true
global_termination_time: 6330964.376
local_termination_time: 2489868.5713600004
node_cons: 130238.77733005022
tot_aggregated_send: 89030
tot_msg_rcv: 1977
tot_msg_sent: 4420
tot_reconf_duration: 5.57
tot_sleeping_duration: 6233704.321280019
tot_uptimes: 1622
tot_uptimes_duration: 97260.05471998057
