comms_cons: 631.202496132872
finished_reconf: true
global_termination_time: 6330313.647
local_termination_time: 3086067.21236
node_cons: 130249.0697968228
tot_aggregated_send: 87696
tot_msg_rcv: 2964
tot_msg_sent: 5280
tot_reconf_duration: 13.17
tot_sleeping_duration: 6233053.61344001
tot_uptimes: 1622
tot_uptimes_duration: 97260.03355999035
