comms_cons: 621.1107584617712
finished_reconf: true
global_termination_time: 6333189.973
local_termination_time: 4117802.5513599995
node_cons: 130246.01009999543
tot_aggregated_send: 88682
tot_msg_rcv: 1899
tot_msg_sent: 3824
tot_reconf_duration: 10.95
tot_sleeping_duration: 6235929.973
tot_uptimes: 1622
tot_uptimes_duration: 97260.0
