comms_cons: 88.20733439836833
finished_reconf: true
global_termination_time: 896745.507
local_termination_time: 246578.8626000001
node_cons: 18403.821620000046
tot_aggregated_send: 12934
tot_msg_rcv: 129
tot_msg_sent: 344
tot_reconf_duration: 4.390000000000001
tot_sleeping_duration: 883005.507
tot_uptimes: 230
tot_uptimes_duration: 13740.0
