comms_cons: 86.49674239971645
finished_reconf: true
global_termination_time: 893729.129
local_termination_time: 792197.5977999993
node_cons: 18332.878979999943
tot_aggregated_send: 13050
tot_msg_rcv: 20
tot_msg_sent: 77
tot_reconf_duration: 11.31
tot_sleeping_duration: 880049.129
tot_uptimes: 229
tot_uptimes_duration: 13680.0
