comms_cons: 846.5623417275897
finished_reconf: true
global_termination_time: 1748377.7415999998
local_termination_time: 1748377.7004799999
node_cons: 106411.77141281261
tot_aggregated_send: 0
tot_msg_rcv: 51902
tot_msg_sent: 76769
tot_reconf_duration: 24.59
tot_sleeping_duration: 1668931.604040018
tot_uptimes: 1309
tot_uptimes_duration: 79446.13755998173
