comms_cons: 86.464473595278
finished_reconf: true
global_termination_time: 857461.934
local_termination_time: 387405.3357600004
node_cons: 17612.3692833551
tot_aggregated_send: 11658
tot_msg_rcv: 448
tot_msg_sent: 1037
tot_reconf_duration: 13.17
tot_sleeping_duration: 844321.9157600036
tot_uptimes: 220
tot_uptimes_duration: 13140.018239996338
