comms_cons: 85.66776319869739
finished_reconf: true
global_termination_time: 853460.881
local_termination_time: 311471.51660000003
node_cons: 17539.539023359655
tot_aggregated_send: 11832
tot_msg_rcv: 389
tot_msg_sent: 800
tot_reconf_duration: 18.700000000000003
tot_sleeping_duration: 840380.8627600003
tot_uptimes: 219
tot_uptimes_duration: 13080.018239999772
