comms_cons: 48.1005311998819
finished_reconf: true
global_termination_time: 11285.65680000001
local_termination_time: 2215.2419600000044
node_cons: 4877.571971680042
tot_aggregated_send: 0
tot_msg_rcv: 3798
tot_msg_sent: 3512
tot_reconf_duration: 18.21
tot_sleeping_duration: 7661.427679999979
tot_uptimes: 45
tot_uptimes_duration: 3624.229120000031
