comms_cons: 1.3618943999955013
finished_reconf: true
global_termination_time: 11285.34948
local_termination_time: 11285.30836
node_cons: 229.8412198400071
tot_aggregated_send: 0
tot_msg_rcv: 108
tot_msg_sent: 98
tot_reconf_duration: 37.410000000000004
tot_sleeping_duration: 11151.638919999996
tot_uptimes: 3
tot_uptimes_duration: 133.710560000005
