comms_cons: 2.250086399992565
finished_reconf: true
global_termination_time: 12104.73
local_termination_time: 9760.03836
node_cons: 255.89010000000098
tot_aggregated_send: 0
tot_msg_rcv: 177
tot_msg_sent: 164
tot_reconf_duration: 10.95
tot_sleeping_duration: 11924.73
tot_uptimes: 4
tot_uptimes_duration: 180.0
