comms_cons: 2.4283519999933785
finished_reconf: true
global_termination_time: 13959.988
local_termination_time: 6209.371360000001
node_cons: 247.55198000000055
tot_aggregated_send: 0
tot_msg_rcv: 196
tot_msg_sent: 173
tot_reconf_duration: 4.8100000000000005
tot_sleeping_duration: 13779.988
tot_uptimes: 4
tot_uptimes_duration: 180.0
