comms_cons: 221.9294335960483
finished_reconf: true
global_termination_time: 2274894.706
local_termination_time: 1121874.86836
node_cons: 46792.2373999995
tot_aggregated_send: 32770
tot_msg_rcv: 345
tot_msg_sent: 616
tot_reconf_duration: 25.299999999999997
tot_sleeping_duration: 2239974.706
tot_uptimes: 583
tot_uptimes_duration: 34920.0
