comms_cons: 116.27968640794947
finished_reconf: true
global_termination_time: 242577.09248000017
local_termination_time: 276.8970399999999
node_cons: 14560.711473042578
tot_aggregated_send: 0
tot_msg_rcv: 7199
tot_msg_sent: 10474
tot_reconf_duration: 18.21
tot_sleeping_duration: 231721.24311999825
tot_uptimes: 178
tot_uptimes_duration: 10855.849360001912
