comms_cons: 25.033856000001983
finished_reconf: true
global_termination_time: 242974.523
local_termination_time: 16686.987360000003
node_cons: 4987.620388919365
tot_aggregated_send: 3132
tot_msg_rcv: 212
tot_msg_sent: 461
tot_reconf_duration: 4.8100000000000005
tot_sleeping_duration: 239254.51672000048
tot_uptimes: 63
tot_uptimes_duration: 3720.006279999521
