comms_cons: 335.4405120064905
finished_reconf: true
global_termination_time: 3435521.538
local_termination_time: 1835049.744999999
node_cons: 70636.7448599983
tot_aggregated_send: 49590
tot_msg_rcv: 535
tot_msg_sent: 860
tot_reconf_duration: 13.17
tot_sleeping_duration: 3382781.538
tot_uptimes: 880
tot_uptimes_duration: 52740.0
