comms_cons: 353.29465607595733
finished_reconf: true
global_termination_time: 3438116.303
local_termination_time: 825663.7596399981
node_cons: 70706.63092781679
tot_aggregated_send: 45762
tot_msg_rcv: 2651
tot_msg_sent: 5284
tot_reconf_duration: 5.43
tot_sleeping_duration: 3385316.2604400157
tot_uptimes: 881
tot_uptimes_duration: 52800.04255998391
