comms_cons: 915.747392238255
finished_reconf: true
global_termination_time: 9144427.302
local_termination_time: 2007498.4446399992
node_cons: 188096.8287078128
tot_aggregated_send: 126962
tot_msg_rcv: 4394
tot_msg_sent: 7830
tot_reconf_duration: 15.34
tot_sleeping_duration: 9003967.259440014
tot_uptimes: 2342
tot_uptimes_duration: 140460.0425599846
