comms_cons: 302.5571391907081
finished_reconf: true
global_termination_time: 3041005.787
local_termination_time: 674076.7546799985
node_cons: 62508.68632334963
tot_aggregated_send: 42166
tot_msg_rcv: 1308
tot_msg_sent: 2512
tot_reconf_duration: 3.05
tot_sleeping_duration: 2994325.768760007
tot_uptimes: 779
tot_uptimes_duration: 46680.01823999314
