comms_cons: 299.5626047973877
finished_reconf: true
global_termination_time: 3041222.361
local_termination_time: 2066395.7155999998
node_cons: 62512.98304223269
tot_aggregated_send: 42224
tot_msg_rcv: 1046
tot_msg_sent: 2262
tot_reconf_duration: 6.22
tot_sleeping_duration: 2994542.3488400048
tot_uptimes: 779
tot_uptimes_duration: 46680.0121599955
