comms_cons: 297.68017919525926
finished_reconf: true
global_termination_time: 3039487.007
local_termination_time: 2204939.04536
node_cons: 62519.87897999884
tot_aggregated_send: 43674
tot_msg_rcv: 477
tot_msg_sent: 1094
tot_reconf_duration: 11.31
tot_sleeping_duration: 2992807.007
tot_uptimes: 779
tot_uptimes_duration: 46680.0
