comms_cons: 11.697817599977668
finished_reconf: true
global_termination_time: 99317.04
local_termination_time: 63192.58524000019
node_cons: 2049.123645598556
tot_aggregated_send: 696
tot_msg_rcv: 330
tot_msg_sent: 752
tot_reconf_duration: 18.21
tot_sleeping_duration: 97805.16960000107
tot_uptimes: 26
tot_uptimes_duration: 1511.870399998923
