comms_cons: 12.391385600252011
finished_reconf: true
global_termination_time: 99027.704
local_termination_time: 46087.47536000001
node_cons: 2023.88340335745
tot_aggregated_send: 696
tot_msg_rcv: 491
tot_msg_sent: 698
tot_reconf_duration: 11.31
tot_sleeping_duration: 97527.6857600019
tot_uptimes: 26
tot_uptimes_duration: 1500.0182399980986
