comms_cons: 307.9690878397014
finished_reconf: true
global_termination_time: 1054878.8565999998
local_termination_time: 1054878.8154799999
node_cons: 43198.97011651653
tot_aggregated_send: 0
tot_msg_rcv: 15666
tot_msg_sent: 31142
tot_reconf_duration: 24.59
tot_sleeping_duration: 1022641.6819200022
tot_uptimes: 536
tot_uptimes_duration: 32237.174679997686
