comms_cons: 208.21194239144876
finished_reconf: true
global_termination_time: 2098207.371
local_termination_time: 279759.9851200005
node_cons: 43167.30917999963
tot_aggregated_send: 30102
tot_msg_rcv: 515
tot_msg_sent: 1030
tot_reconf_duration: 18.21
tot_sleeping_duration: 2065987.3709999998
tot_uptimes: 538
tot_uptimes_duration: 32220.0
