comms_cons: 212.2449919794262
finished_reconf: true
global_termination_time: 2097615.603
local_termination_time: 247529.43336000005
node_cons: 43173.36312335929
tot_aggregated_send: 28768
tot_msg_rcv: 1130
tot_msg_sent: 2362
tot_reconf_duration: 22.65
tot_sleeping_duration: 2065395.5847600002
tot_uptimes: 538
tot_uptimes_duration: 32220.018239999772
