comms_cons: 2.4014079999920646
finished_reconf: true
global_termination_time: 14693.505
local_termination_time: 7948.77836
node_cons: 265.7491800000001
tot_aggregated_send: 0
tot_msg_rcv: 208
tot_msg_sent: 157
tot_reconf_duration: 18.21
tot_sleeping_duration: 14513.505
tot_uptimes: 4
tot_uptimes_duration: 180.0
