comms_cons: 1.6579583999987069
finished_reconf: true
global_termination_time: 14131.549
local_termination_time: 10839.88336
node_cons: 249.5482399999984
tot_aggregated_send: 0
tot_msg_rcv: 129
tot_msg_sent: 123
tot_reconf_duration: 6.279999999999999
tot_sleeping_duration: 13951.549
tot_uptimes: 4
tot_uptimes_duration: 180.0
