comms_cons: 136.44602879406796
finished_reconf: true
global_termination_time: 1380988.793
local_termination_time: 571812.1944799998
node_cons: 28366.945800000012
tot_aggregated_send: 19894
tot_msg_rcv: 269
tot_msg_sent: 576
tot_reconf_duration: 5.1
tot_sleeping_duration: 1359808.793
tot_uptimes: 354
tot_uptimes_duration: 21180.0
