comms_cons: 137.5908095925986
finished_reconf: true
global_termination_time: 1382036.219
local_termination_time: 345397.1243600005
node_cons: 28377.904860000024
tot_aggregated_send: 19546
tot_msg_rcv: 451
tot_msg_sent: 916
tot_reconf_duration: 13.17
tot_sleeping_duration: 1360856.219
tot_uptimes: 354
tot_uptimes_duration: 21180.0
