comms_cons: 141.75544318673005
finished_reconf: true
global_termination_time: 1381399.339
local_termination_time: 29733.556600000004
node_cons: 28364.251452305914
tot_aggregated_send: 18444
tot_msg_rcv: 1058
tot_msg_sent: 2044
tot_reconf_duration: 3.05
tot_sleeping_duration: 1360219.2721200103
tot_uptimes: 354
tot_uptimes_duration: 21180.06687998945
