comms_cons: 236.06622719170088
finished_reconf: true
global_termination_time: 2329732.282
local_termination_time: 1252484.8763599999
node_cons: 47889.196403349975
tot_aggregated_send: 32190
tot_msg_rcv: 1313
tot_msg_sent: 2377
tot_reconf_duration: 4.8100000000000005
tot_sleeping_duration: 2293972.263760007
tot_uptimes: 597
tot_uptimes_duration: 35760.0182399929
