comms_cons: 233.7181695993463
finished_reconf: true
global_termination_time: 2332501.608
local_termination_time: 1053264.6483599998
node_cons: 47968.966043349756
tot_aggregated_send: 32944
tot_msg_rcv: 896
tot_msg_sent: 1683
tot_reconf_duration: 4.390000000000001
tot_sleeping_duration: 2296681.589760007
tot_uptimes: 598
tot_uptimes_duration: 35820.0182399929
