comms_cons: 73.20080639834539
finished_reconf: true
global_termination_time: 736960.738
local_termination_time: 219011.79536000005
node_cons: 15111.484060000032
tot_aggregated_send: 10382
tot_msg_rcv: 227
tot_msg_sent: 517
tot_reconf_duration: 5.57
tot_sleeping_duration: 725680.738
tot_uptimes: 189
tot_uptimes_duration: 11280.0
