comms_cons: 73.89099519982197
finished_reconf: true
global_termination_time: 740517.229
local_termination_time: 347065.22136
node_cons: 15190.79198000002
tot_aggregated_send: 10498
tot_msg_rcv: 273
tot_msg_sent: 460
tot_reconf_duration: 4.8100000000000005
tot_sleeping_duration: 729177.229
tot_uptimes: 190
tot_uptimes_duration: 11340.0
