comms_cons: 73.45081599812933
finished_reconf: true
global_termination_time: 737353.853
local_termination_time: 217699.9908800009
node_cons: 15123.048104321213
tot_aggregated_send: 10440
tot_msg_rcv: 267
tot_msg_sent: 457
tot_reconf_duration: 11.31
tot_sleeping_duration: 726071.0381199991
tot_uptimes: 189
tot_uptimes_duration: 11282.814880000893
