comms_cons: 81.59749119754738
finished_reconf: true
global_termination_time: 795791.043
local_termination_time: 388753.11632000067
node_cons: 16340.4433795978
tot_aggregated_send: 10556
tot_msg_rcv: 643
tot_msg_sent: 1206
tot_reconf_duration: 22.65
tot_sleeping_duration: 783610.5466000016
tot_uptimes: 204
tot_uptimes_duration: 12180.496399998316
