comms_cons: 80.96391679753854
finished_reconf: true
global_termination_time: 790580.807
local_termination_time: 85993.13391999956
node_cons: 16239.739490083697
tot_aggregated_send: 10324
tot_msg_rcv: 584
tot_msg_sent: 1398
tot_reconf_duration: 8.09
tot_sleeping_duration: 778460.7522799973
tot_uptimes: 203
tot_uptimes_duration: 12120.05472000275
