comms_cons: 80.56230399822549
finished_reconf: true
global_termination_time: 790687.936
local_termination_time: 390547.1254400002
node_cons: 16241.08394448113
tot_aggregated_send: 10730
tot_msg_rcv: 530
tot_msg_sent: 985
tot_reconf_duration: 9.11
tot_sleeping_duration: 778567.9116799992
tot_uptimes: 203
tot_uptimes_duration: 12120.02432000084
