comms_cons: 81.36152319640944
finished_reconf: true
global_termination_time: 792041.374
local_termination_time: 261157.03436000005
node_cons: 16235.236403355117
tot_aggregated_send: 10324
tot_msg_rcv: 648
tot_msg_sent: 1397
tot_reconf_duration: 4.8100000000000005
tot_sleeping_duration: 779921.3557600036
tot_uptimes: 203
tot_uptimes_duration: 12120.018239996338
