comms_cons: 80.49553919665709
finished_reconf: true
global_termination_time: 790511.392
local_termination_time: 324528.9044800001
node_cons: 16249.552425597976
tot_aggregated_send: 10730
tot_msg_rcv: 526
tot_msg_sent: 978
tot_reconf_duration: 15.34
tot_sleeping_duration: 778391.3616000016
tot_uptimes: 203
tot_uptimes_duration: 12120.030399998446
