comms_cons: 85.02854399814383
finished_reconf: true
global_termination_time: 847016.501
local_termination_time: 683527.6983199986
node_cons: 17392.026711837916
tot_aggregated_send: 11252
tot_msg_rcv: 496
tot_msg_sent: 1177
tot_reconf_duration: 25.299999999999997
tot_sleeping_duration: 834053.3424400017
tot_uptimes: 217
tot_uptimes_duration: 12963.158559998381
