comms_cons: 86.3460479980817
finished_reconf: true
global_termination_time: 849453.802
local_termination_time: 167247.04512000093
node_cons: 17441.2027867194
tot_aggregated_send: 10498
tot_msg_rcv: 869
tot_msg_sent: 1758
tot_reconf_duration: 5.43
tot_sleeping_duration: 836433.7655200005
tot_uptimes: 218
tot_uptimes_duration: 13020.036479999544
