comms_cons: 271.373222427606
finished_reconf: true
global_termination_time: 2808960.762
local_termination_time: 6587.366
node_cons: 57848.569801115795
tot_aggregated_send: 39088
tot_msg_rcv: 676
tot_msg_sent: 1483
tot_reconf_duration: 2.77
tot_sleeping_duration: 2765760.7559200027
tot_uptimes: 720
tot_uptimes_duration: 43200.006079997635
