comms_cons: 264.9509632334129
finished_reconf: true
global_termination_time: 2809600.649
local_termination_time: 4411.673
node_cons: 57854.724243350414
tot_aggregated_send: 39084
tot_msg_rcv: 341
tot_msg_sent: 846
tot_reconf_duration: 7.29
tot_sleeping_duration: 2766400.6307600066
tot_uptimes: 720
tot_uptimes_duration: 43200.0182399936
