comms_cons: 266.64181762779555
finished_reconf: true
global_termination_time: 2810045.828
local_termination_time: 5848.282
node_cons: 57851.62530111611
tot_aggregated_send: 39087
tot_msg_rcv: 481
tot_msg_sent: 960
tot_reconf_duration: 5.02
tot_sleeping_duration: 2766845.8219200023
tot_uptimes: 720
tot_uptimes_duration: 43200.00607999787
