comms_cons: 284.4226240147615
finished_reconf: true
global_termination_time: 2809336.571
local_termination_time: 4350.178000000001
node_cons: 57848.602365590676
tot_aggregated_send: 38856
tot_msg_rcv: 1466
tot_msg_sent: 2907
tot_reconf_duration: 2.77
tot_sleeping_duration: 2766136.540600006
tot_uptimes: 720
tot_uptimes_duration: 43200.030399993804
