comms_cons: 84.56903679877142
finished_reconf: true
global_termination_time: 854598.94
local_termination_time: 142414.54780000026
node_cons: 17521.49394000001
tot_aggregated_send: 12354
tot_msg_rcv: 215
tot_msg_sent: 285
tot_reconf_duration: 5.43
tot_sleeping_duration: 841518.94
tot_uptimes: 219
tot_uptimes_duration: 13079.999999999996
