comms_cons: 472.01217285145776
finished_reconf: true
global_termination_time: 4703252.228
local_termination_time: 1488479.921759999
node_cons: 96733.55074669927
tot_aggregated_send: 65366
tot_msg_rcv: 2166
tot_msg_sent: 4212
tot_reconf_duration: 3.05
tot_sleeping_duration: 4631012.191520013
tot_uptimes: 1205
tot_uptimes_duration: 72240.03647998674
