comms_cons: 729.3769738460893
finished_reconf: true
global_termination_time: 4699847.882
local_termination_time: 1523661.13548
node_cons: 96659.6639833488
tot_aggregated_send: 0
tot_msg_rcv: 56047
tot_msg_sent: 54815
tot_reconf_duration: 7.819999999999999
tot_sleeping_duration: 4627667.863760007
tot_uptimes: 1204
tot_uptimes_duration: 72180.0182399936
