comms_cons: 53.13304960137592
finished_reconf: true
global_termination_time: 515098.747
local_termination_time: 201082.66452000084
node_cons: 10531.104544485734
tot_aggregated_send: 6612
tot_msg_rcv: 474
tot_msg_sent: 989
tot_reconf_duration: 4.8100000000000005
tot_sleeping_duration: 507238.7226799957
tot_uptimes: 132
tot_uptimes_duration: 7860.024320004275
