comms_cons: 54.9825728014599
finished_reconf: true
global_termination_time: 518780.625
local_termination_time: 106694.76907999993
node_cons: 10625.760566728612
tot_aggregated_send: 6612
tot_msg_rcv: 701
tot_msg_sent: 1044
tot_reconf_duration: 15.34
tot_sleeping_duration: 510860.5885199936
tot_uptimes: 133
tot_uptimes_duration: 7920.036480006413
