comms_cons: 59.65360640101634
finished_reconf: true
global_termination_time: 578673.407
local_termination_time: 121712.54435999997
node_cons: 12001.451264485751
tot_aggregated_send: 8062
tot_msg_rcv: 441
tot_msg_sent: 564
tot_reconf_duration: 22.65
tot_sleeping_duration: 569733.3826799957
tot_uptimes: 149
tot_uptimes_duration: 8940.024320004275
