comms_cons: 115.52258560357774
finished_reconf: true
global_termination_time: 580944.007
local_termination_time: 1889.1853600000004
node_cons: 11897.262082242878
tot_aggregated_send: 0
tot_msg_rcv: 8969
tot_msg_sent: 8588
tot_reconf_duration: 5.1
tot_sleeping_duration: 572063.9948399978
tot_uptimes: 149
tot_uptimes_duration: 8880.012160002138
