comms_cons: 58.66077439965838
finished_reconf: true
global_termination_time: 579897.267
local_termination_time: 412848.1710800001
node_cons: 11906.488341121398
tot_aggregated_send: 8120
tot_msg_rcv: 340
tot_msg_sent: 457
tot_reconf_duration: 11.899999999999999
tot_sleeping_duration: 571017.2609199989
tot_uptimes: 149
tot_uptimes_duration: 8880.006080001069
