comms_cons: 60.43715839999366
finished_reconf: true
global_termination_time: 584450.182
local_termination_time: 143058.1280400003
node_cons: 11991.524284481135
tot_aggregated_send: 7772
tot_msg_rcv: 549
tot_msg_sent: 866
tot_reconf_duration: 15.34
tot_sleeping_duration: 575510.1576799991
tot_uptimes: 150
tot_uptimes_duration: 8940.02432000084
