comms_cons: 46.79210880059335
finished_reconf: true
global_termination_time: 453374.21648000006
local_termination_time: 453374.17536000005
node_cons: 9388.617502081852
tot_aggregated_send: 6006
tot_msg_rcv: 394
tot_msg_sent: 711
tot_reconf_duration: 37.410000000000004
tot_sleeping_duration: 446400.4937599987
tot_uptimes: 117
tot_uptimes_duration: 6973.722720001366
