comms_cons: 45.48326400051909
finished_reconf: true
global_termination_time: 453909.774
local_termination_time: 208052.372
node_cons: 9329.439433202837
tot_aggregated_send: 6087
tot_msg_rcv: 213
tot_msg_sent: 614
tot_reconf_duration: 5.57
tot_sleeping_duration: 446947.9551999979
tot_uptimes: 117
tot_uptimes_duration: 6961.818800002104
