comms_cons: 46.32414720075605
finished_reconf: true
global_termination_time: 454453.663
local_termination_time: 96934.47847999998
node_cons: 9334.80712112146
tot_aggregated_send: 6206
tot_msg_rcv: 322
tot_msg_sent: 513
tot_reconf_duration: 11.31
tot_sleeping_duration: 447493.65691999893
tot_uptimes: 117
tot_uptimes_duration: 6960.006080001069
