comms_cons: 160.5708351838657
finished_reconf: true
global_termination_time: 1588335.829
local_termination_time: 757655.2863999982
node_cons: 32628.68398335064
tot_aggregated_send: 21228
tot_msg_rcv: 1142
tot_msg_sent: 2036
tot_reconf_duration: 7.819999999999999
tot_sleeping_duration: 1563975.810760007
tot_uptimes: 407
tot_uptimes_duration: 24360.018239992904
