comms_cons: 0.6915327999999126
finished_reconf: true
global_termination_time: 6335.592
local_termination_time: 1122.1483600000004
node_cons: 100.85938000000017
tot_aggregated_send: 0
tot_msg_rcv: 61
tot_msg_sent: 44
tot_reconf_duration: 15.110000000000001
tot_sleeping_duration: 6275.592
tot_uptimes: 2
tot_uptimes_duration: 60.0
