comms_cons: 38.409369600646
finished_reconf: true
global_termination_time: 381313.876
local_termination_time: 222129.86236000003
node_cons: 7803.599559999981
tot_aggregated_send: 5162
tot_msg_rcv: 275
tot_msg_sent: 401
tot_reconf_duration: 7.819999999999999
tot_sleeping_duration: 375493.876
tot_uptimes: 98
tot_uptimes_duration: 5820.0
