comms_cons: 0.6973951999976983
finished_reconf: true
global_termination_time: 5440.514
local_termination_time: 2262.0443600000003
node_cons: 98.22486000000009
tot_aggregated_send: 0
tot_msg_rcv: 60
tot_msg_sent: 46
tot_reconf_duration: 13.17
tot_sleeping_duration: 5380.514
tot_uptimes: 2
tot_uptimes_duration: 60.0
