comms_cons: 76.05617919409345
finished_reconf: true
global_termination_time: 723471.0283199985
local_termination_time: 723470.9871999986
node_cons: 14959.747037438081
tot_aggregated_send: 9382
tot_msg_rcv: 789
tot_msg_sent: 1389
tot_reconf_duration: 24.59
tot_sleeping_duration: 712323.6393599999
tot_uptimes: 186
tot_uptimes_duration: 11147.388959998541
