comms_cons: 72.92945919936516
finished_reconf: true
global_termination_time: 724463.173
local_termination_time: 392454.78336000006
node_cons: 14870.464060000031
tot_aggregated_send: 9976
tot_msg_rcv: 356
tot_msg_sent: 752
tot_reconf_duration: 5.57
tot_sleeping_duration: 713363.173
tot_uptimes: 186
tot_uptimes_duration: 11100.0
