comms_cons: 280.6160384002031
finished_reconf: true
global_termination_time: 2856366.327
local_termination_time: 1102077.45336
node_cons: 58737.06823999896
tot_aggregated_send: 40890
tot_msg_rcv: 544
tot_msg_sent: 1218
tot_reconf_duration: 6.279999999999999
tot_sleeping_duration: 2812506.327
tot_uptimes: 732
tot_uptimes_duration: 43860.0
