comms_cons: 120.702630394372
finished_reconf: true
global_termination_time: 1205216.757
local_termination_time: 739862.14736
node_cons: 24753.18304223382
tot_aggregated_send: 16820
tot_msg_rcv: 482
tot_msg_sent: 1045
tot_reconf_duration: 6.22
tot_sleeping_duration: 1186736.7448400047
tot_uptimes: 309
tot_uptimes_duration: 18480.01215999527
