comms_cons: 458.2221694421357
finished_reconf: true
global_termination_time: 2955345.137
local_termination_time: 2197534.79636
node_cons: 60745.60894558336
tot_aggregated_send: 0
tot_msg_rcv: 35172
tot_msg_sent: 34475
tot_reconf_duration: 6.279999999999999
tot_sleeping_duration: 2909985.1066000117
tot_uptimes: 757
tot_uptimes_duration: 45360.03039998817
