comms_cons: 1121.9378684114622
finished_reconf: true
global_termination_time: 2953127.8589999983
local_termination_time: 2197204.1926
node_cons: 178978.03690269322
tot_aggregated_send: 0
tot_msg_rcv: 68991
tot_msg_sent: 101537
tot_reconf_duration: 5.57
tot_sleeping_duration: 2819468.058520014
tot_uptimes: 2190
tot_uptimes_duration: 133659.80047998411
