comms_cons: 291.70101758697615
finished_reconf: true
global_termination_time: 2955519.157
local_termination_time: 2076234.33536
node_cons: 60771.4218233494
tot_aggregated_send: 41702
tot_msg_rcv: 910
tot_msg_sent: 1725
tot_reconf_duration: 25.299999999999997
tot_sleeping_duration: 2910159.1387600075
tot_uptimes: 757
tot_uptimes_duration: 45360.0182399929
