comms_cons: 295.123660805001
finished_reconf: true
global_termination_time: 2953181.566
local_termination_time: 1584137.1412799994
node_cons: 60829.792085584086
tot_aggregated_send: 40716
tot_msg_rcv: 1300
tot_msg_sent: 2840
tot_reconf_duration: 9.11
tot_sleeping_duration: 2907761.5356000112
tot_uptimes: 757
tot_uptimes_duration: 45420.03039998887
