comms_cons: 294.53258242888467
finished_reconf: true
global_termination_time: 2955101.573
local_termination_time: 125592.471
node_cons: 60757.07922942399
tot_aggregated_send: 41522
tot_msg_rcv: 973
tot_msg_sent: 2275
tot_reconf_duration: 11.899999999999999
tot_sleeping_duration: 2909738.676040011
tot_uptimes: 757
tot_uptimes_duration: 45362.896959988895
