comms_cons: 14.994623999607747
finished_reconf: true
global_termination_time: 107172.165
local_termination_time: 29873.571160000007
node_cons: 2195.800490717753
tot_aggregated_send: 754
tot_msg_rcv: 718
tot_msg_sent: 808
tot_reconf_duration: 18.21
tot_sleeping_duration: 105550.75252000167
tot_uptimes: 28
tot_uptimes_duration: 1621.412479998322
