comms_cons: 13.857676799770863
finished_reconf: true
global_termination_time: 111458.675
local_termination_time: 40482.12388000018
node_cons: 2258.0726633585923
tot_aggregated_send: 812
tot_msg_rcv: 484
tot_msg_sent: 810
tot_reconf_duration: 6.279999999999999
tot_sleeping_duration: 109778.65676000106
tot_uptimes: 29
tot_uptimes_duration: 1680.0182399989499
