comms_cons: 14.541286399768579
finished_reconf: true
global_termination_time: 107743.385
local_termination_time: 55009.7090000001
node_cons: 2175.149761120016
tot_aggregated_send: 696
tot_msg_rcv: 646
tot_msg_sent: 868
tot_reconf_duration: 4.390000000000001
tot_sleeping_duration: 106123.37891999999
tot_uptimes: 28
tot_uptimes_duration: 1620.0060800000065
