comms_cons: 183.8039231841566
finished_reconf: true
global_termination_time: 1834200.835
local_termination_time: 678111.1073599999
node_cons: 37710.251264467195
tot_aggregated_send: 24418
tot_msg_rcv: 1209
tot_msg_sent: 2310
tot_reconf_duration: 22.65
tot_sleeping_duration: 1806060.8106800094
tot_uptimes: 470
tot_uptimes_duration: 28140.024319990538
