comms_cons: 179.13547519502248
finished_reconf: true
global_termination_time: 1830132.854
local_termination_time: 746278.9623599999
node_cons: 37603.2618999999
tot_aggregated_send: 26100
tot_msg_rcv: 373
tot_msg_sent: 754
tot_reconf_duration: 3.05
tot_sleeping_duration: 1802052.854
tot_uptimes: 469
tot_uptimes_duration: 28080.0
