comms_cons: 182.18752639270545
finished_reconf: true
global_termination_time: 1829518.8404799998
local_termination_time: 1829518.7993599998
node_cons: 37650.88794207934
tot_aggregated_send: 26216
tot_msg_rcv: 549
tot_msg_sent: 925
tot_reconf_duration: 24.59
tot_sleeping_duration: 1801425.11776
tot_uptimes: 469
tot_uptimes_duration: 28093.722719999612
