comms_cons: 2.211238399991985
finished_reconf: true
global_termination_time: 12217.702
local_termination_time: 6809.10836
node_cons: 261.8517200000002
tot_aggregated_send: 0
tot_msg_rcv: 176
tot_msg_sent: 160
tot_reconf_duration: 15.34
tot_sleeping_duration: 12037.702
tot_uptimes: 4
tot_uptimes_duration: 180.0
