comms_cons: 2.1645567999949407
finished_reconf: true
global_termination_time: 13872.879
local_termination_time: 7014.69836
node_cons: 275.3774000000002
tot_aggregated_send: 0
tot_msg_rcv: 177
tot_msg_sent: 151
tot_reconf_duration: 25.299999999999997
tot_sleeping_duration: 13692.879
tot_uptimes: 4
tot_uptimes_duration: 179.99999999999994
