comms_cons: 1.5658495999990478
finished_reconf: true
global_termination_time: 14170.395
local_termination_time: 4163.72336
node_cons: 245.16189999999904
tot_aggregated_send: 0
tot_msg_rcv: 122
tot_msg_sent: 116
tot_reconf_duration: 3.05
tot_sleeping_duration: 13990.395
tot_uptimes: 4
tot_uptimes_duration: 180.0
