comms_cons: 10.356288000153672
finished_reconf: true
global_termination_time: 78884.906
local_termination_time: 32078.074400000005
node_cons: 1613.3726856008923
tot_aggregated_send: 406
tot_msg_rcv: 550
tot_msg_sent: 619
tot_reconf_duration: 4.8100000000000005
tot_sleeping_duration: 77684.87559999933
tot_uptimes: 21
tot_uptimes_duration: 1200.0304000006654
