comms_cons: 11.252313600182953
finished_reconf: true
global_termination_time: 76768.641
local_termination_time: 26511.07536
node_cons: 1534.939324481103
tot_aggregated_send: 232
tot_msg_rcv: 600
tot_msg_sent: 877
tot_reconf_duration: 6.22
tot_sleeping_duration: 75628.61667999918
tot_uptimes: 20
tot_uptimes_duration: 1140.0243200008263
