comms_cons: 199.9624767881099
finished_reconf: true
global_termination_time: 2025671.189
local_termination_time: 532549.1467599991
node_cons: 41624.68894558387
tot_aggregated_send: 27898
tot_msg_rcv: 866
tot_msg_sent: 1629
tot_reconf_duration: 6.279999999999999
tot_sleeping_duration: 1994591.1586000118
tot_uptimes: 519
tot_uptimes_duration: 31080.030399988173
