comms_cons: 201.4287871900416
finished_reconf: true
global_termination_time: 2024534.206
local_termination_time: 722721.8024799998
node_cons: 41622.08976111652
tot_aggregated_send: 28304
tot_msg_rcv: 858
tot_msg_sent: 1454
tot_reconf_duration: 4.390000000000001
tot_sleeping_duration: 1993454.1999200024
tot_uptimes: 519
tot_uptimes_duration: 31080.006079997635
