comms_cons: 69.32503040043865
finished_reconf: true
global_termination_time: 698262.597
local_termination_time: 424171.3303600001
node_cons: 14311.14770112146
tot_aggregated_send: 9976
tot_msg_rcv: 218
tot_msg_sent: 343
tot_reconf_duration: 7.819999999999999
tot_sleeping_duration: 687582.5909199988
tot_uptimes: 179
tot_uptimes_duration: 10680.006080001069
