comms_cons: 1698.472363782563
finished_reconf: true
global_termination_time: 8625741.207599998
local_termination_time: 3030.81548
node_cons: 177436.0428928591
tot_aggregated_send: 0
tot_msg_rcv: 130092
tot_msg_sent: 128066
tot_reconf_duration: 18.21
tot_sleeping_duration: 8493245.827680008
tot_uptimes: 2209
tot_uptimes_duration: 132495.37991998903
