comms_cons: 870.2918402607078
finished_reconf: true
global_termination_time: 8625740.998119997
local_termination_time: 355595.0564000009
node_cons: 177444.61394195998
tot_aggregated_send: 120060
tot_msg_rcv: 4249
tot_msg_sent: 7968
tot_reconf_duration: 22.65
tot_sleeping_duration: 8493243.720120022
tot_uptimes: 2209
tot_uptimes_duration: 132497.27799997473
