comms_cons: 845.158003346851
finished_reconf: true
global_termination_time: 8629629.303
local_termination_time: 5307208.956359999
node_cons: 177496.4790233442
tot_aggregated_send: 118784
tot_msg_rcv: 3325
tot_msg_sent: 6347
tot_reconf_duration: 18.700000000000003
tot_sleeping_duration: 8497089.284760006
tot_uptimes: 2210
tot_uptimes_duration: 132540.0182399936
