comms_cons: 861.6109762277356
finished_reconf: true
global_termination_time: 8628802.118
local_termination_time: 1413023.2349599998
node_cons: 177481.72840669611
tot_aggregated_send: 120814
tot_msg_rcv: 3528
tot_msg_sent: 6618
tot_reconf_duration: 7.819999999999999
tot_sleeping_duration: 8496262.081520014
tot_uptimes: 2210
tot_uptimes_duration: 132540.03647998674
