comms_cons: 333.06385920547876
finished_reconf: true
global_termination_time: 3316872.424
local_termination_time: 1706729.6039199994
node_cons: 68229.54056669994
tot_aggregated_send: 45646
tot_msg_rcv: 1793
tot_msg_sent: 3184
tot_reconf_duration: 15.34
tot_sleeping_duration: 3265932.3875200143
tot_uptimes: 850
tot_uptimes_duration: 50940.03647998604
