comms_cons: 334.0592512362907
finished_reconf: true
global_termination_time: 3317772.728
local_termination_time: 448203.41599999997
node_cons: 68243.10995165941
tot_aggregated_send: 45451
tot_msg_rcv: 1739
tot_msg_sent: 3583
tot_reconf_duration: 25.299999999999997
tot_sleeping_duration: 3266832.6588800144
tot_uptimes: 850
tot_uptimes_duration: 50940.06911998574
