comms_cons: 328.2860992167723
finished_reconf: true
global_termination_time: 3317831.435
local_termination_time: 564070.6085199981
node_cons: 68214.678607817
tot_aggregated_send: 45704
tot_msg_rcv: 1319
tot_msg_sent: 2876
tot_reconf_duration: 4.390000000000001
tot_sleeping_duration: 3266891.392440016
tot_uptimes: 850
tot_uptimes_duration: 50940.04255998391
