comms_cons: 327.150387194228
finished_reconf: true
global_termination_time: 3318355.039
local_termination_time: 634538.6563599999
node_cons: 68219.34468893359
tot_aggregated_send: 46284
tot_msg_rcv: 1231
tot_msg_sent: 2210
tot_reconf_duration: 7.819999999999999
tot_sleeping_duration: 3267414.9903600183
tot_uptimes: 850
tot_uptimes_duration: 50940.04863998131
