comms_cons: 329.70310398730555
finished_reconf: true
global_termination_time: 3316701.483
local_termination_time: 2450439.351239999
node_cons: 68217.13932446549
tot_aggregated_send: 46226
tot_msg_rcv: 1471
tot_msg_sent: 2416
tot_reconf_duration: 6.22
tot_sleeping_duration: 3265761.4586800095
tot_uptimes: 850
tot_uptimes_duration: 50940.02431999054
