comms_cons: 44.26485760258151
finished_reconf: true
global_termination_time: 215338.49736000047
local_termination_time: 215338.45624000047
node_cons: 4500.1732821620935
tot_aggregated_send: 0
tot_msg_rcv: 3503
tot_msg_sent: 3221
tot_reconf_duration: 24.59
tot_sleeping_duration: 212002.58991999892
tot_uptimes: 56
tot_uptimes_duration: 3335.9074400015525
