comms_cons: 14.12679679991373
finished_reconf: true
global_termination_time: 128325.057
local_termination_time: 43541.044360000014
node_cons: 2576.8497611191606
tot_aggregated_send: 1334
tot_msg_rcv: 289
tot_msg_sent: 525
tot_reconf_duration: 4.390000000000001
tot_sleeping_duration: 126405.05092000063
tot_uptimes: 33
tot_uptimes_duration: 1920.0060799993662
