comms_cons: 14.382758399867495
finished_reconf: true
global_termination_time: 125650.122
local_termination_time: 58120.552360000016
node_cons: 2575.0463233585983
tot_aggregated_send: 1218
tot_msg_rcv: 329
tot_msg_sent: 639
tot_reconf_duration: 3.05
tot_sleeping_duration: 123730.10376000105
tot_uptimes: 33
tot_uptimes_duration: 1920.0182399989499
