comms_cons: 88.76656639809603
finished_reconf: true
global_termination_time: 873452.673
local_termination_time: 123788.35631999989
node_cons: 17922.79464672174
tot_aggregated_send: 12064
tot_msg_rcv: 554
tot_msg_sent: 874
tot_reconf_duration: 5.1
tot_sleeping_duration: 860072.6365199987
tot_uptimes: 224
tot_uptimes_duration: 13380.036480001276
