comms_cons: 85.9243519989025
finished_reconf: true
global_termination_time: 872354.172
local_termination_time: 630813.5345599985
node_cons: 17919.97004111692
tot_aggregated_send: 11948
tot_msg_rcv: 414
tot_msg_sent: 698
tot_reconf_duration: 3.05
tot_sleeping_duration: 858974.1659200024
tot_uptimes: 224
tot_uptimes_duration: 13380.006079997635
