comms_cons: 45.758336000374115
finished_reconf: true
global_termination_time: 463746.494
local_termination_time: 21154.364360000003
node_cons: 9487.045800000014
tot_aggregated_send: 6612
tot_msg_rcv: 115
tot_msg_sent: 228
tot_reconf_duration: 5.1
tot_sleeping_duration: 456666.494
tot_uptimes: 119
tot_uptimes_duration: 7080.0
