comms_cons: 158.69030399854515
finished_reconf: true
global_termination_time: 1618705.007
local_termination_time: 673700.183999998
node_cons: 33319.02658399748
tot_aggregated_send: 23548
tot_msg_rcv: 170
tot_msg_sent: 402
tot_reconf_duration: 25.299999999999997
tot_sleeping_duration: 1593847.151000002
tot_uptimes: 415
tot_uptimes_duration: 24857.85599999805
