comms_cons: 51.685222400818844
finished_reconf: true
global_termination_time: 504009.6606000002
local_termination_time: 4910.33
node_cons: 10392.740386243424
tot_aggregated_send: 6662
tot_msg_rcv: 425
tot_msg_sent: 768
tot_reconf_duration: 7.08
tot_sleeping_duration: 496255.27243999764
tot_uptimes: 130
tot_uptimes_duration: 7754.388160002549
