comms_cons: 780.8093452874696
finished_reconf: true
global_termination_time: 3966856.6335999975
local_termination_time: 1916.6453600000004
node_cons: 81572.6357951058
tot_aggregated_send: 0
tot_msg_rcv: 59791
tot_msg_sent: 58883
tot_reconf_duration: 5.1
tot_sleeping_duration: 3905941.2415200067
tot_uptimes: 1016
tot_uptimes_duration: 60915.39207999094
