comms_cons: 400.6487040711992
finished_reconf: true
global_termination_time: 3966856.272399997
local_termination_time: 177340.10796000063
node_cons: 81622.56409477205
tot_aggregated_send: 54810
tot_msg_rcv: 2017
tot_msg_sent: 4070
tot_reconf_duration: 25.299999999999997
tot_sleeping_duration: 3905924.0792000163
tot_uptimes: 1016
tot_uptimes_duration: 60932.193199980655
