comms_cons: 400.5332096573278
finished_reconf: true
global_termination_time: 3967741.036
local_termination_time: 1925452.98436
node_cons: 81642.63224558321
tot_aggregated_send: 55100
tot_msg_rcv: 1955
tot_msg_sent: 3824
tot_reconf_duration: 12.629999999999999
tot_sleeping_duration: 3906781.005600011
tot_uptimes: 1017
tot_uptimes_duration: 60960.03039998887
