comms_cons: 404.0132544738967
finished_reconf: true
global_termination_time: 3970711.118
local_termination_time: 1726241.3169999998
node_cons: 81629.6226055828
tot_aggregated_send: 54634
tot_msg_rcv: 2476
tot_msg_sent: 4297
tot_reconf_duration: 3.05
tot_sleeping_duration: 3909751.087600011
tot_uptimes: 1017
tot_uptimes_duration: 60960.03039998887
