comms_cons: 1.565849599994827
finished_reconf: true
global_termination_time: 5549.906
local_termination_time: 2683.3753600000005
node_cons: 95.21010000000037
tot_aggregated_send: 0
tot_msg_rcv: 185
tot_msg_sent: 53
tot_reconf_duration: 10.95
tot_sleeping_duration: 5489.906
tot_uptimes: 2
tot_uptimes_duration: 60.0
