comms_cons: 457.35999344398596
finished_reconf: true
global_termination_time: 2323793.018119997
local_termination_time: 1512.0726000000004
node_cons: 47877.19561838092
tot_aggregated_send: 0
tot_msg_rcv: 34981
tot_msg_sent: 34531
tot_reconf_duration: 18.21
tot_sleeping_duration: 2288055.5525200106
tot_uptimes: 596
tot_uptimes_duration: 35737.4655999862
