comms_cons: 235.75905277935323
finished_reconf: true
global_termination_time: 2323824.15
local_termination_time: 814866.8373599998
node_cons: 47890.23662446666
tot_aggregated_send: 31494
tot_msg_rcv: 1449
tot_msg_sent: 2891
tot_reconf_duration: 5.57
tot_sleeping_duration: 2288064.1256800094
tot_uptimes: 596
tot_uptimes_duration: 35760.02431999054
