comms_cons: 232.77209597733093
finished_reconf: true
global_termination_time: 2323834.831
local_termination_time: 575484.7369599998
node_cons: 47889.21268558363
tot_aggregated_send: 31900
tot_msg_rcv: 1212
tot_msg_sent: 2268
tot_reconf_duration: 4.8100000000000005
tot_sleeping_duration: 2288074.8006000114
tot_uptimes: 596
tot_uptimes_duration: 35760.03039998817
