comms_cons: 84.8904447959947
finished_reconf: true
global_termination_time: 866431.734
local_termination_time: 614292.3823599999
node_cons: 17841.441620000045
tot_aggregated_send: 11774
tot_msg_rcv: 349
tot_msg_sent: 779
tot_reconf_duration: 4.390000000000001
tot_sleeping_duration: 853111.734
tot_uptimes: 222
tot_uptimes_duration: 13320.0
