comms_cons: 85.95192319712532
finished_reconf: true
global_termination_time: 868574.667
local_termination_time: 80354.09559999994
node_cons: 17843.951183355122
tot_aggregated_send: 11948
tot_msg_rcv: 333
tot_msg_sent: 784
tot_reconf_duration: 6.22
tot_sleeping_duration: 855254.6487600036
tot_uptimes: 223
tot_uptimes_duration: 13320.018239996338
