comms_cons: 9.623692799997345
finished_reconf: true
global_termination_time: 3180.98644
local_termination_time: 3180.9453200000003
node_cons: 1084.5610301600009
tot_aggregated_send: 0
tot_msg_rcv: 689
tot_msg_sent: 771
tot_reconf_duration: 24.59
tot_sleeping_duration: 2395.9469999999997
tot_uptimes: 13
tot_uptimes_duration: 785.0394400000004
