comms_cons: 89.9843455977823
finished_reconf: true
global_termination_time: 895483.17
local_termination_time: 438291.45404000033
node_cons: 18428.63498223832
tot_aggregated_send: 11774
tot_msg_rcv: 604
tot_msg_sent: 1300
tot_reconf_duration: 22.65
tot_sleeping_duration: 881743.1578400013
tot_uptimes: 230
tot_uptimes_duration: 13740.012159998703
