comms_cons: 91.26008319641437
finished_reconf: true
global_termination_time: 897086.298
local_termination_time: 305147.17036000005
node_cons: 18405.44848335973
tot_aggregated_send: 11832
tot_msg_rcv: 647
tot_msg_sent: 1392
tot_reconf_duration: 5.57
tot_sleeping_duration: 883346.2797600001
tot_uptimes: 230
tot_uptimes_duration: 13740.018239999772
