comms_cons: 88.85772799689805
finished_reconf: true
global_termination_time: 894875.211
local_termination_time: 188193.93808000063
node_cons: 18403.829761121477
tot_aggregated_send: 12296
tot_msg_rcv: 378
tot_msg_sent: 832
tot_reconf_duration: 4.390000000000001
tot_sleeping_duration: 881135.2049199989
tot_uptimes: 230
tot_uptimes_duration: 13740.006080001069
