comms_cons: 91.69431039561805
finished_reconf: true
global_termination_time: 896179.501
local_termination_time: 134988.12648000053
node_cons: 18413.251544481147
tot_aggregated_send: 11890
tot_msg_rcv: 706
tot_msg_sent: 1341
tot_reconf_duration: 11.31
tot_sleeping_duration: 882439.4766799991
tot_uptimes: 230
tot_uptimes_duration: 13740.02432000084
