comms_cons: 693.0364161257268
finished_reconf: true
global_termination_time: 6983866.616
local_termination_time: 2249744.8669199995
node_cons: 143736.87779228354
tot_aggregated_send: 97614
tot_msg_rcv: 2547
tot_msg_sent: 5173
tot_reconf_duration: 6.279999999999999
tot_sleeping_duration: 6876526.549120025
tot_uptimes: 1789
tot_uptimes_duration: 107340.06687997608
