comms_cons: 696.0169729315196
finished_reconf: true
global_termination_time: 6983992.696
local_termination_time: 2620800.7253599996
node_cons: 143682.35067004865
tot_aggregated_send: 96396
tot_msg_rcv: 3426
tot_msg_sent: 5964
tot_reconf_duration: 25.299999999999997
tot_sleeping_duration: 6876712.64128002
tot_uptimes: 1789
tot_uptimes_duration: 107280.05471998034
