comms_cons: 503.80935684580544
finished_reconf: true
global_termination_time: 5137318.477
local_termination_time: 2614317.32248
node_cons: 105654.68034223159
tot_aggregated_send: 72152
tot_msg_rcv: 1580
tot_msg_sent: 2844
tot_reconf_duration: 5.57
tot_sleeping_duration: 5058418.464840004
tot_uptimes: 1316
tot_uptimes_duration: 78900.01215999573
