comms_cons: 501.22403841777634
finished_reconf: true
global_termination_time: 5136666.276
local_termination_time: 3376960.946639999
node_cons: 105664.98485999678
tot_aggregated_send: 73776
tot_msg_rcv: 872
tot_msg_sent: 1534
tot_reconf_duration: 13.17
tot_sleeping_duration: 5057766.276
tot_uptimes: 1316
tot_uptimes_duration: 78900.0
