comms_cons: 512.5440512924367
finished_reconf: true
global_termination_time: 5137417.859
local_termination_time: 490554.4414800005
node_cons: 105653.6889678155
tot_aggregated_send: 72268
tot_msg_rcv: 1800
tot_msg_sent: 3834
tot_reconf_duration: 4.8100000000000005
tot_sleeping_duration: 5058517.816440016
tot_uptimes: 1316
tot_uptimes_duration: 78900.04255998402
