comms_cons: 512.1644032707359
finished_reconf: true
global_termination_time: 5135274.075
local_termination_time: 1064380.2823599998
node_cons: 105657.77654781607
tot_aggregated_send: 71340
tot_msg_rcv: 2274
tot_msg_sent: 4232
tot_reconf_duration: 7.819999999999999
tot_sleeping_duration: 5056374.032440016
tot_uptimes: 1316
tot_uptimes_duration: 78900.04255998439
