comms_cons: 124.18727679346458
finished_reconf: true
global_termination_time: 1231940.580879999
local_termination_time: 1231940.5397599991
node_cons: 25387.02507679989
tot_aggregated_send: 17212
tot_msg_rcv: 586
tot_msg_sent: 1078
tot_reconf_duration: 24.59
tot_sleeping_duration: 1213005.8296799993
tot_uptimes: 316
tot_uptimes_duration: 18934.751199999882
