comms_cons: 125.9857279866037
finished_reconf: true
global_termination_time: 1237066.349
local_termination_time: 237682.39060000103
node_cons: 25396.42283246211
tot_aggregated_send: 16588
tot_msg_rcv: 811
tot_msg_sent: 1750
tot_reconf_duration: 4.390000000000001
tot_sleeping_duration: 1218104.0926800133
tot_uptimes: 317
tot_uptimes_duration: 18962.256319986598
