comms_cons: 31.44549760033154
finished_reconf: true
global_termination_time: 312539.95924000046
local_termination_time: 35415.05404000006
node_cons: 6498.795370479743
tot_aggregated_send: 4002
tot_msg_rcv: 310
tot_msg_sent: 467
tot_reconf_duration: 7.819999999999999
tot_sleeping_duration: 307694.42092000064
tot_uptimes: 81
tot_uptimes_duration: 4845.538319999803
