comms_cons: 121.1966975876443
finished_reconf: true
global_termination_time: 1174891.884
local_termination_time: 360054.5423600001
node_cons: 24106.247734532717
tot_aggregated_send: 15080
tot_msg_rcv: 1178
tot_msg_sent: 2165
tot_reconf_duration: 3.05
tot_sleeping_duration: 1156891.8049600206
tot_uptimes: 301
tot_uptimes_duration: 18000.07903997955
