comms_cons: 443.4681664847925
finished_reconf: true
global_termination_time: 4372191.726
local_termination_time: 2137616.24936
node_cons: 89915.37894669977
tot_aggregated_send: 59972
tot_msg_rcv: 2505
tot_msg_sent: 4928
tot_reconf_duration: 10.95
tot_sleeping_duration: 4305051.689520013
tot_uptimes: 1120
tot_uptimes_duration: 67140.03647998697
