comms_cons: 38.429107200004545
finished_reconf: true
global_termination_time: 392603.46912000055
local_termination_time: 392588.1546400004
node_cons: 8098.442551680778
tot_aggregated_send: 5742
tot_msg_rcv: 15
tot_msg_sent: 84
tot_reconf_duration: 4.8100000000000005
tot_sleeping_duration: 386560.22
tot_uptimes: 101
tot_uptimes_duration: 6043.249120000575
