comms_cons: 120.9783295925768
finished_reconf: true
global_termination_time: 1186567.568
local_termination_time: 276619.9607600009
node_cons: 24371.682834715764
tot_aggregated_send: 15834
tot_msg_rcv: 809
tot_msg_sent: 1745
tot_reconf_duration: 15.34
tot_sleeping_duration: 1168381.7195200033
tot_uptimes: 304
tot_uptimes_duration: 18185.848479996785
