comms_cons: 117.48540159520948
finished_reconf: true
global_termination_time: 1186704.158
local_termination_time: 306626.58436000004
node_cons: 24350.58406000005
tot_aggregated_send: 16994
tot_msg_rcv: 288
tot_msg_sent: 575
tot_reconf_duration: 5.57
tot_sleeping_duration: 1168524.158
tot_uptimes: 304
tot_uptimes_duration: 18180.0
