comms_cons: 116.71500799743784
finished_reconf: true
global_termination_time: 1184819.532
local_termination_time: 604297.1074399985
node_cons: 24355.391380000015
tot_aggregated_send: 17052
tot_msg_rcv: 174
tot_msg_sent: 514
tot_reconf_duration: 9.11
tot_sleeping_duration: 1166639.532
tot_uptimes: 304
tot_uptimes_duration: 18180.0
