comms_cons: 1335.3016677692867
finished_reconf: true
global_termination_time: 7737417.873
local_termination_time: 2881373.14136
node_cons: 159160.50650558042
tot_aggregated_send: 0
tot_msg_rcv: 102082
tot_msg_sent: 100871
tot_reconf_duration: 5.1
tot_sleeping_duration: 7618557.84260001
tot_uptimes: 1982
tot_uptimes_duration: 118860.03039998934
