comms_cons: 758.343353691479
finished_reconf: true
global_termination_time: 7738738.83
local_termination_time: 3957420.2408799985
node_cons: 159165.94394446295
tot_aggregated_send: 107532
tot_msg_rcv: 2567
tot_msg_sent: 5165
tot_reconf_duration: 9.11
tot_sleeping_duration: 7619878.805680009
tot_uptimes: 1982
tot_uptimes_duration: 118860.02431999147
