comms_cons: 86.16540159857473
finished_reconf: true
global_termination_time: 873142.319
local_termination_time: 415311.88636
node_cons: 17924.266759999988
tot_aggregated_send: 12470
tot_msg_rcv: 168
tot_msg_sent: 457
tot_reconf_duration: 6.22
tot_sleeping_duration: 859762.319
tot_uptimes: 224
tot_uptimes_duration: 13380.0
