comms_cons: 47.772198400449916
finished_reconf: true
global_termination_time: 472179.067
local_termination_time: 69845.05779999983
node_cons: 9646.761620000012
tot_aggregated_send: 6554
tot_msg_rcv: 301
tot_msg_sent: 407
tot_reconf_duration: 4.390000000000001
tot_sleeping_duration: 464979.067
tot_uptimes: 121
tot_uptimes_duration: 7200.0
