comms_cons: 169.73995519573475
finished_reconf: true
global_termination_time: 1731273.154
local_termination_time: 1127790.7223599998
node_cons: 35621.38684111663
tot_aggregated_send: 24476
tot_msg_rcv: 435
tot_msg_sent: 888
tot_reconf_duration: 22.65
tot_sleeping_duration: 1704693.1479200025
tot_uptimes: 444
tot_uptimes_duration: 26580.006079997635
