comms_cons: 839.8195961363391
finished_reconf: true
global_termination_time: 1730540.1958399988
local_termination_time: 1730540.1547199988
node_cons: 105663.45353446511
tot_aggregated_send: 0
tot_msg_rcv: 51424
tot_msg_sent: 76224
tot_reconf_duration: 24.59
tot_sleeping_duration: 1651652.9215200078
tot_uptimes: 1300
tot_uptimes_duration: 78887.27431999109
