comms_cons: 174.585651180934
finished_reconf: true
global_termination_time: 1733254.287
local_termination_time: 580370.92336
node_cons: 35599.08304223371
tot_aggregated_send: 23780
tot_msg_rcv: 843
tot_msg_sent: 1913
tot_reconf_duration: 6.22
tot_sleeping_duration: 1706674.2748400047
tot_uptimes: 444
tot_uptimes_duration: 26580.01215999527
