comms_cons: 32.94863360019796
finished_reconf: true
global_termination_time: 319023.037
local_termination_time: 20743.98336
node_cons: 6515.9867600000425
tot_aggregated_send: 4176
tot_msg_rcv: 315
tot_msg_sent: 517
tot_reconf_duration: 6.22
tot_sleeping_duration: 314163.03699999995
tot_uptimes: 82
tot_uptimes_duration: 4860.000000000029
