comms_cons: 330.9271808391993
finished_reconf: true
global_termination_time: 3287210.809
local_termination_time: 123467.21247999996
node_cons: 67574.4600300559
tot_aggregated_send: 45356
tot_msg_rcv: 1514
tot_msg_sent: 3429
tot_reconf_duration: 6.22
tot_sleeping_duration: 3236750.7542800168
tot_uptimes: 842
tot_uptimes_duration: 50460.054719983076
