comms_cons: 616.8203653594958
finished_reconf: true
global_termination_time: 3137397.124
local_termination_time: 2120457.5924799996
node_cons: 64521.57266334985
tot_aggregated_send: 0
tot_msg_rcv: 47178
tot_msg_sent: 46576
tot_reconf_duration: 6.279999999999999
tot_sleeping_duration: 3089217.1057600067
tot_uptimes: 804
tot_uptimes_duration: 48180.01823999314
