comms_cons: 308.61102719751443
finished_reconf: true
global_termination_time: 3136390.116
local_termination_time: 2069923.0059199985
node_cons: 64604.35436111563
tot_aggregated_send: 43964
tot_msg_rcv: 915
tot_msg_sent: 2028
tot_reconf_duration: 8.09
tot_sleeping_duration: 3088150.109920002
tot_uptimes: 804
tot_uptimes_duration: 48240.006079997635
