comms_cons: 317.674259233044
finished_reconf: true
global_termination_time: 3136756.165
local_termination_time: 54366.45936000001
node_cons: 64543.88453452108
tot_aggregated_send: 43036
tot_msg_rcv: 1717
tot_msg_sent: 3531
tot_reconf_duration: 22.65
tot_sleeping_duration: 3088576.085960028
tot_uptimes: 804
tot_uptimes_duration: 48180.07903997191
