comms_cons: 1.546111999999113
finished_reconf: true
global_termination_time: 13956.102
local_termination_time: 5876.08336
node_cons: 245.16189999999904
tot_aggregated_send: 0
tot_msg_rcv: 119
tot_msg_sent: 116
tot_reconf_duration: 3.05
tot_sleeping_duration: 13776.102
tot_uptimes: 4
tot_uptimes_duration: 180.0
