comms_cons: 273.632332801839
finished_reconf: true
global_termination_time: 2790372.325
local_termination_time: 746415.5633599998
node_cons: 57388.16274111575
tot_aggregated_send: 40078
tot_msg_rcv: 483
tot_msg_sent: 1029
tot_reconf_duration: 18.700000000000003
tot_sleeping_duration: 2747532.318920003
tot_uptimes: 715
tot_uptimes_duration: 42840.006079997635
