comms_cons: 285.12467839117903
finished_reconf: true
global_termination_time: 2790655.546
local_termination_time: 627956.2277999994
node_cons: 57373.469112284554
tot_aggregated_send: 37120
tot_msg_rcv: 2141
tot_msg_sent: 4074
tot_reconf_duration: 7.819999999999999
tot_sleeping_duration: 2747815.479120026
tot_uptimes: 715
tot_uptimes_duration: 42840.06687997421
