comms_cons: 60.00951039981398
finished_reconf: true
global_termination_time: 607145.478
local_termination_time: 318319.31472000014
node_cons: 12483.45870000005
tot_aggregated_send: 8642
tot_msg_rcv: 189
tot_msg_sent: 290
tot_reconf_duration: 22.65
tot_sleeping_duration: 597845.478
tot_uptimes: 156
tot_uptimes_duration: 9300.0
