comms_cons: 59.78519040029186
finished_reconf: true
global_termination_time: 606457.057
local_termination_time: 189564.13036000007
node_cons: 12460.264060000027
tot_aggregated_send: 8816
tot_msg_rcv: 102
tot_msg_sent: 169
tot_reconf_duration: 5.57
tot_sleeping_duration: 597157.057
tot_uptimes: 156
tot_uptimes_duration: 9300.0
