comms_cons: 59.38448640036235
finished_reconf: true
global_termination_time: 603913.9454799999
local_termination_time: 603913.9043599999
node_cons: 12441.529360962679
tot_aggregated_send: 8616
tot_msg_rcv: 112
tot_msg_sent: 298
tot_reconf_duration: 37.410000000000004
tot_sleeping_duration: 594660.2288399979
tot_uptimes: 155
tot_uptimes_duration: 9253.716640001978
