comms_cons: 59.561497600264076
finished_reconf: true
global_termination_time: 607614.138
local_termination_time: 277739.05784000055
node_cons: 12487.057400000002
tot_aggregated_send: 8816
tot_msg_rcv: 87
tot_msg_sent: 150
tot_reconf_duration: 25.299999999999997
tot_sleeping_duration: 598314.138
tot_uptimes: 156
tot_uptimes_duration: 9300.0
