comms_cons: 60.804966400756314
finished_reconf: true
global_termination_time: 608672.123
local_termination_time: 281191.25448000006
node_cons: 12456.88264000004
tot_aggregated_send: 8526
tot_msg_rcv: 254
tot_msg_sent: 462
tot_reconf_duration: 3.08
tot_sleeping_duration: 599372.123
tot_uptimes: 156
tot_uptimes_duration: 9300.0
