comms_cons: 508.9492096894932
finished_reconf: true
global_termination_time: 5067021.267
local_termination_time: 1137262.7230399984
node_cons: 104211.68097116695
tot_aggregated_send: 70934
tot_msg_rcv: 2125
tot_msg_sent: 4297
tot_reconf_duration: 7.819999999999999
tot_sleeping_duration: 4989201.206200022
tot_uptimes: 1298
tot_uptimes_duration: 77820.06079997751
