comms_cons: 49.2716288005089
finished_reconf: true
global_termination_time: 498027.733
local_termination_time: 213879.82336000007
node_cons: 10210.744060000023
tot_aggregated_send: 7134
tot_msg_rcv: 128
tot_msg_sent: 227
tot_reconf_duration: 5.57
tot_sleeping_duration: 490407.733
tot_uptimes: 128
tot_uptimes_duration: 7620.0
