comms_cons: 48.18668799993657
finished_reconf: true
global_termination_time: 495620.04820000025
local_termination_time: 429030.24736000004
node_cons: 10168.32325680036
tot_aggregated_send: 7250
tot_msg_rcv: 17
tot_msg_sent: 56
tot_reconf_duration: 13.17
tot_sleeping_duration: 488039.437
tot_uptimes: 127
tot_uptimes_duration: 7580.611200000276
