comms_cons: 144.4757888204099
finished_reconf: true
global_termination_time: 495619.72348000016
local_termination_time: 3535.8760400000015
node_cons: 20270.96666672021
tot_aggregated_send: 0
tot_msg_rcv: 7346
tot_msg_sent: 14612
tot_reconf_duration: 6.22
tot_sleeping_duration: 480487.147
tot_uptimes: 252
tot_uptimes_duration: 15132.576480000134
