comms_cons: 49.107148800280484
finished_reconf: true
global_termination_time: 498798.735
local_termination_time: 36946.14536000001
node_cons: 10218.53898000001
tot_aggregated_send: 7192
tot_msg_rcv: 108
tot_msg_sent: 164
tot_reconf_duration: 11.31
tot_sleeping_duration: 491178.735
tot_uptimes: 128
tot_uptimes_duration: 7620.0
