comms_cons: 247.5430271931102
finished_reconf: true
global_termination_time: 2492714.99
local_termination_time: 1138029.972239998
node_cons: 51266.71268447337
tot_aggregated_send: 35438
tot_msg_rcv: 682
tot_msg_sent: 1505
tot_reconf_duration: 6.279999999999999
tot_sleeping_duration: 2454434.0456800046
tot_uptimes: 639
tot_uptimes_duration: 38280.944319995586
