comms_cons: 245.64550399425931
finished_reconf: true
global_termination_time: 2494679.516
local_termination_time: 1318764.272239999
node_cons: 51291.27739999931
tot_aggregated_send: 35844
tot_msg_rcv: 470
tot_msg_sent: 1022
tot_reconf_duration: 25.299999999999997
tot_sleeping_duration: 2456399.516
tot_uptimes: 639
tot_uptimes_duration: 38280.0
