comms_cons: 253.29387518526516
finished_reconf: true
global_termination_time: 2493553.713
local_termination_time: 1075194.1934799997
node_cons: 51261.110746700004
tot_aggregated_send: 33350
tot_msg_rcv: 1701
tot_msg_sent: 3450
tot_reconf_duration: 3.05
tot_sleeping_duration: 2455273.676520014
tot_uptimes: 639
tot_uptimes_duration: 38280.03647998581
