comms_cons: 39.73219200075588
finished_reconf: true
global_termination_time: 377053.777
local_termination_time: 5660.49336
node_cons: 7727.526382242871
tot_aggregated_send: 4756
tot_msg_rcv: 479
tot_msg_sent: 805
tot_reconf_duration: 10.95
tot_sleeping_duration: 371293.76483999786
tot_uptimes: 97
tot_uptimes_duration: 5760.0121600021375
