comms_cons: 362.2048256403977
finished_reconf: true
global_termination_time: 3591497.091
local_termination_time: 1142455.861
node_cons: 73852.30342686278
tot_aggregated_send: 49762
tot_msg_rcv: 1745
tot_msg_sent: 3544
tot_reconf_duration: 9.42
tot_sleeping_duration: 3536351.8250800115
tot_uptimes: 920
tot_uptimes_duration: 55145.26591998851
