comms_cons: 109.24761599113916
finished_reconf: true
global_termination_time: 1075280.036
local_termination_time: 232619.35968000026
node_cons: 22100.092770585456
tot_aggregated_send: 14616
tot_msg_rcv: 652
tot_msg_sent: 1337
tot_reconf_duration: 4.8100000000000005
tot_sleeping_duration: 1058779.990600011
tot_uptimes: 276
tot_uptimes_duration: 16500.045399989118
