comms_cons: 112.23548158308655
finished_reconf: true
global_termination_time: 1073102.822
local_termination_time: 98943.55435999998
node_cons: 22028.63295565869
tot_aggregated_send: 13514
tot_msg_rcv: 1158
tot_msg_sent: 2388
tot_reconf_duration: 11.31
tot_sleeping_duration: 1056662.7368800158
tot_uptimes: 275
tot_uptimes_duration: 16440.085119984054
