comms_cons: 244.5341375984102
finished_reconf: true
global_termination_time: 2419178.001
local_termination_time: 1395141.5293599998
node_cons: 49761.24312334969
tot_aggregated_send: 33466
tot_msg_rcv: 1281
tot_msg_sent: 2420
tot_reconf_duration: 22.65
tot_sleeping_duration: 2382037.982760007
tot_uptimes: 620
tot_uptimes_duration: 37140.0182399929
