comms_cons: 243.69124479214653
finished_reconf: true
global_termination_time: 2416040.568
local_termination_time: 690527.3113599999
node_cons: 49658.68080446701
tot_aggregated_send: 33466
tot_msg_rcv: 1255
tot_msg_sent: 2318
tot_reconf_duration: 6.279999999999999
tot_sleeping_duration: 2378960.543680009
tot_uptimes: 619
tot_uptimes_duration: 37080.02431999077
