comms_cons: 159.92037758251874
finished_reconf: true
global_termination_time: 1552520.53
local_termination_time: 748416.1975599985
node_cons: 31903.532663350587
tot_aggregated_send: 20706
tot_msg_rcv: 1276
tot_msg_sent: 2326
tot_reconf_duration: 6.279999999999999
tot_sleeping_duration: 1528700.5117600071
tot_uptimes: 398
tot_uptimes_duration: 23820.018239992904
