comms_cons: 445.0339516742508
finished_reconf: true
global_termination_time: 1551099.453
local_termination_time: 358789.576
node_cons: 63110.28086612039
tot_aggregated_send: 0
tot_msg_rcv: 22719
tot_msg_sent: 44923
tot_reconf_duration: 13.17
tot_sleeping_duration: 1503980.411919999
tot_uptimes: 782
tot_uptimes_duration: 47119.04108000125
