comms_cons: 157.25122558490597
finished_reconf: true
global_termination_time: 1552520.145
local_termination_time: 265232.98936000053
node_cons: 31901.585250056138
tot_aggregated_send: 21054
tot_msg_rcv: 959
tot_msg_sent: 1888
tot_reconf_duration: 4.8100000000000005
tot_sleeping_duration: 1528700.090280018
tot_uptimes: 398
tot_uptimes_duration: 23820.054719982145
