comms_cons: 158.5659263843695
finished_reconf: true
global_termination_time: 1553641.135
local_termination_time: 739045.4180000001
node_cons: 31899.18702893937
tot_aggregated_send: 21282
tot_msg_rcv: 1067
tot_msg_sent: 1752
tot_reconf_duration: 3.05
tot_sleeping_duration: 1529821.0863600154
tot_uptimes: 398
tot_uptimes_duration: 23820.04863998451
