comms_cons: 284.66350082334725
finished_reconf: false
global_termination_time: 2810250.03
local_termination_time: 0
node_cons: 57881.41975228969
tot_aggregated_send: 39356
tot_msg_rcv: 1516
tot_msg_sent: 2396
tot_reconf_duration: 26.9
tot_sleeping_duration: 2767049.963120022
tot_uptimes: 720
tot_uptimes_duration: 43200.06687997811
