comms_cons: 282.50389761965334
finished_reconf: true
global_termination_time: 2809166.22
local_termination_time: 2277464.75148
node_cons: 57862.70114223316
tot_aggregated_send: 39382
tot_msg_rcv: 1184
tot_msg_sent: 2372
tot_reconf_duration: 13.17
tot_sleeping_duration: 2765966.2078400045
tot_uptimes: 720
tot_uptimes_duration: 43200.012159995735
