comms_cons: 285.4003328212848
finished_reconf: true
global_termination_time: 2808668.802
local_termination_time: 1306355.6342799994
node_cons: 57870.2271644675
tot_aggregated_send: 38802
tot_msg_rcv: 1628
tot_msg_sent: 2948
tot_reconf_duration: 18.700000000000003
tot_sleeping_duration: 2765468.7776800087
tot_uptimes: 720
tot_uptimes_duration: 43200.02431999124
