comms_cons: 287.14981122092627
finished_reconf: true
global_termination_time: 2810206.452
local_termination_time: 137138.47308000017
node_cons: 57857.96709229459
tot_aggregated_send: 38512
tot_msg_rcv: 1878
tot_msg_sent: 3256
tot_reconf_duration: 9.629999999999999
tot_sleeping_duration: 2767006.3851200184
tot_uptimes: 720
tot_uptimes_duration: 43200.06687998178
