comms_cons: 284.85328003263277
finished_reconf: true
global_termination_time: 2811165.915
local_termination_time: 1547682.1153599997
node_cons: 57848.990746700656
tot_aggregated_send: 38976
tot_msg_rcv: 1529
tot_msg_sent: 2790
tot_reconf_duration: 3.05
tot_sleeping_duration: 2767965.8785200133
tot_uptimes: 720
tot_uptimes_duration: 43200.036479986506
