comms_cons: 2188.51034891532
finished_reconf: true
global_termination_time: 7515482.392919999
local_termination_time: 7515482.351799998
node_cons: 306310.62576703774
tot_aggregated_send: 0
tot_msg_rcv: 111626
tot_msg_sent: 221015
tot_reconf_duration: 37.410000000000004
tot_sleeping_duration: 7286759.597560003
tot_uptimes: 3781
tot_uptimes_duration: 228722.7953599954
