comms_cons: 756.7264386123467
finished_reconf: true
global_termination_time: 7515482.793119997
local_termination_time: 115571.26483999993
node_cons: 154626.73411643438
tot_aggregated_send: 104226
tot_msg_rcv: 3484
tot_msg_sent: 7306
tot_reconf_duration: 22.65
tot_sleeping_duration: 7400026.500800027
tot_uptimes: 1925
tot_uptimes_duration: 115456.29231996986
