comms_cons: 755.3854913834542
finished_reconf: true
global_termination_time: 7519655.54
local_termination_time: 266463.8124800001
node_cons: 154661.1459556332
tot_aggregated_send: 104922
tot_msg_rcv: 3223
tot_msg_sent: 6667
tot_reconf_duration: 4.8100000000000005
tot_sleeping_duration: 7404155.454880032
tot_uptimes: 1926
tot_uptimes_duration: 115500.08511996898
