comms_cons: 754.019577800761
finished_reconf: true
global_termination_time: 7519033.902
local_termination_time: 790681.09136
node_cons: 154665.20097116995
tot_aggregated_send: 104690
tot_msg_rcv: 3353
tot_msg_sent: 6563
tot_reconf_duration: 7.819999999999999
tot_sleeping_duration: 7403533.841200018
tot_uptimes: 1926
tot_uptimes_duration: 115500.06079998141
