comms_cons: 1604.6506705825177
finished_reconf: true
global_termination_time: 3324342.1805999996
local_termination_time: 3324342.1394799994
node_cons: 201261.2614192798
tot_aggregated_send: 0
tot_msg_rcv: 98717
tot_msg_sent: 145180
tot_reconf_duration: 37.410000000000004
tot_sleeping_duration: 3174072.980720024
tot_uptimes: 2463
tot_uptimes_duration: 150269.1998799753
