comms_cons: 654.2451975235454
finished_reconf: true
global_termination_time: 3324342.7805999974
local_termination_time: 196.89947999999995
node_cons: 68414.67103398664
tot_aggregated_send: 0
tot_msg_rcv: 50079
tot_msg_sent: 49361
tot_reconf_duration: 18.21
tot_sleeping_duration: 3273267.3946000063
tot_uptimes: 852
tot_uptimes_duration: 51075.38599999114
