comms_cons: 330.01436162678044
finished_reconf: true
global_termination_time: 3326108.836
local_termination_time: 2645972.1599199995
node_cons: 68390.21242558278
tot_aggregated_send: 45646
tot_msg_rcv: 1618
tot_msg_sent: 2895
tot_reconf_duration: 15.34
tot_sleeping_duration: 3275048.8056000117
tot_uptimes: 852
tot_uptimes_duration: 51060.030399988405
