comms_cons: 332.57720322264083
finished_reconf: true
global_termination_time: 3325550.907
local_termination_time: 2287212.99548
node_cons: 68376.27394111546
tot_aggregated_send: 47154
tot_msg_rcv: 1322
tot_msg_sent: 2074
tot_reconf_duration: 5.1
tot_sleeping_duration: 3274490.9009200027
tot_uptimes: 852
tot_uptimes_duration: 51060.006079997635
