comms_cons: 337.1905792463846
finished_reconf: true
global_termination_time: 3326472.661
local_termination_time: 589913.9223599999
node_cons: 68389.91636781696
tot_aggregated_send: 45994
tot_msg_rcv: 1898
tot_msg_sent: 3359
tot_reconf_duration: 15.110000000000001
tot_sleeping_duration: 3275412.6184400157
tot_uptimes: 852
tot_uptimes_duration: 51060.04255998391
