comms_cons: 332.2920256382671
finished_reconf: true
global_termination_time: 3328139.916
local_termination_time: 98936.25275999976
node_cons: 68456.28525005095
tot_aggregated_send: 46110
tot_msg_rcv: 1486
tot_msg_sent: 2910
tot_reconf_duration: 4.8100000000000005
tot_sleeping_duration: 3277019.861280021
tot_uptimes: 853
tot_uptimes_duration: 51120.05471997941
