comms_cons: 78.99112959809375
finished_reconf: true
global_termination_time: 782827.434
local_termination_time: 188814.91548000005
node_cons: 16092.737321121444
tot_aggregated_send: 10788
tot_msg_rcv: 418
tot_msg_sent: 802
tot_reconf_duration: 18.21
tot_sleeping_duration: 770827.4279199989
tot_uptimes: 201
tot_uptimes_duration: 12000.006080001069
