comms_cons: 80.2997631950921
finished_reconf: true
global_termination_time: 782171.80824
local_termination_time: 37182.558000000005
node_cons: 16094.406436076057
tot_aggregated_send: 10263
tot_msg_rcv: 712
tot_msg_sent: 1229
tot_reconf_duration: 4.390000000000001
tot_sleeping_duration: 770156.539520003
tot_uptimes: 201
tot_uptimes_duration: 12015.268719997031
