comms_cons: 365.3811392167087
finished_reconf: true
global_termination_time: 3627305.435
local_termination_time: 207544.77436000007
node_cons: 74589.95067005498
tot_aggregated_send: 50634
tot_msg_rcv: 1721
tot_msg_sent: 3182
tot_reconf_duration: 25.299999999999997
tot_sleeping_duration: 3571625.3802800174
tot_uptimes: 929
tot_uptimes_duration: 55680.05471998261
