comms_cons: 363.4470464328169
finished_reconf: true
global_termination_time: 3630260.298
local_termination_time: 2035549.1374799996
node_cons: 74640.03446446627
tot_aggregated_send: 51272
tot_msg_rcv: 1354
tot_msg_sent: 2615
tot_reconf_duration: 3.05
tot_sleeping_duration: 3574520.2736800085
tot_uptimes: 930
tot_uptimes_duration: 55740.02431999124
