comms_cons: 364.91902726394966
finished_reconf: true
global_termination_time: 3630841.119
local_termination_time: 1703598.1130000001
node_cons: 74647.46722845761
tot_aggregated_send: 50399
tot_msg_rcv: 1580
tot_msg_sent: 3487
tot_reconf_duration: 6.22
tot_sleeping_duration: 3575098.7586800153
tot_uptimes: 930
tot_uptimes_duration: 55742.36031998461
