comms_cons: 99.97655039090114
finished_reconf: true
global_termination_time: 980882.734
local_termination_time: 467228.97836000007
node_cons: 20185.875662233677
tot_aggregated_send: 13050
tot_msg_rcv: 705
tot_msg_sent: 1441
tot_reconf_duration: 15.110000000000001
tot_sleeping_duration: 965822.7218400048
tot_uptimes: 252
tot_uptimes_duration: 15060.012159995269
