comms_cons: 97.30636799961965
finished_reconf: true
global_termination_time: 981727.061
local_termination_time: 709579.7155199982
node_cons: 20178.132360000087
tot_aggregated_send: 13572
tot_msg_rcv: 471
tot_msg_sent: 747
tot_reconf_duration: 9.42
tot_sleeping_duration: 966667.061
tot_uptimes: 252
tot_uptimes_duration: 15060.0
