comms_cons: 97.45045759953213
finished_reconf: true
global_termination_time: 982278.438
local_termination_time: 609525.4423599999
node_cons: 20182.499681116868
tot_aggregated_send: 13108
tot_msg_rcv: 707
tot_msg_sent: 997
tot_reconf_duration: 12.629999999999999
tot_sleeping_duration: 967218.4319200023
tot_uptimes: 252
tot_uptimes_duration: 15060.006079997635
