comms_cons: 97.27745919725221
finished_reconf: true
global_termination_time: 980754.753
local_termination_time: 578173.5794399985
node_cons: 20190.75088223823
tot_aggregated_send: 13340
tot_msg_rcv: 469
tot_msg_sent: 975
tot_reconf_duration: 18.700000000000003
tot_sleeping_duration: 965694.7408400013
tot_uptimes: 252
tot_uptimes_duration: 15060.012159998703
