comms_cons: 19.96326399971083
finished_reconf: true
global_termination_time: 177947.50524000096
local_termination_time: 177947.50524000096
node_cons: 3735.994198960193
tot_aggregated_send: 1856
tot_msg_rcv: 369
tot_msg_sent: 810
tot_reconf_duration: 24.59
tot_sleeping_duration: 175182.30660000083
tot_uptimes: 46
tot_uptimes_duration: 2765.1986400001333
