comms_cons: 18.658611199923875
finished_reconf: true
global_termination_time: 178580.703
local_termination_time: 39210.95936000001
node_cons: 3621.8564033608727
tot_aggregated_send: 1740
tot_msg_rcv: 455
tot_msg_sent: 641
tot_reconf_duration: 4.8100000000000005
tot_sleeping_duration: 175880.68475999936
tot_uptimes: 46
tot_uptimes_duration: 2700.018240000652
