comms_cons: 414.22810844469706
finished_reconf: true
global_termination_time: 2090692.23
local_termination_time: 37.95703999999999
node_cons: 43006.66174446695
tot_aggregated_send: 0
tot_msg_rcv: 31932
tot_msg_sent: 31028
tot_reconf_duration: 18.21
tot_sleeping_duration: 2058592.2056800094
tot_uptimes: 536
tot_uptimes_duration: 32100.024319990538
