comms_cons: 209.75805438754054
finished_reconf: true
global_termination_time: 2089404.95512
local_termination_time: 88375.47615999979
node_cons: 43036.63087414704
tot_aggregated_send: 29174
tot_msg_rcv: 922
tot_msg_sent: 1786
tot_reconf_duration: 25.299999999999997
tot_sleeping_duration: 2057289.7396800094
tot_uptimes: 536
tot_uptimes_duration: 32115.21543999063
