comms_cons: 204.43978239330033
finished_reconf: true
global_termination_time: 2091930.364
local_termination_time: 618478.75136
node_cons: 42990.371183350224
tot_aggregated_send: 29522
tot_msg_rcv: 562
tot_msg_sent: 989
tot_reconf_duration: 6.22
tot_sleeping_duration: 2059830.3457600072
tot_uptimes: 536
tot_uptimes_duration: 32100.018239992904
