comms_cons: 264.5298943940109
finished_reconf: true
global_termination_time: 2809727.619
local_termination_time: 6026.715999999999
node_cons: 57879.27414669996
tot_aggregated_send: 38429
tot_msg_rcv: 521
tot_msg_sent: 1256
tot_reconf_duration: 25.35
tot_sleeping_duration: 2766527.582520014
tot_uptimes: 720
tot_uptimes_duration: 43200.03647998581
