comms_cons: 83.94224639853678
finished_reconf: true
global_termination_time: 606561.4532400002
local_termination_time: 123373.30775999949
node_cons: 12535.3836173375
tot_aggregated_send: 3828
tot_msg_rcv: 3700
tot_msg_sent: 5235
tot_reconf_duration: 18.21
tot_sleeping_duration: 597218.1713599871
tot_uptimes: 156
tot_uptimes_duration: 9343.281880013063
