comms_cons: 59.90361600032978
finished_reconf: true
global_termination_time: 608368.587
local_termination_time: 598239.8163599999
node_cons: 12458.661620000035
tot_aggregated_send: 8758
tot_msg_rcv: 166
tot_msg_sent: 181
tot_reconf_duration: 4.390000000000001
tot_sleeping_duration: 599068.587
tot_uptimes: 156
tot_uptimes_duration: 9300.0
