comms_cons: 496.28625894740344
finished_reconf: true
global_termination_time: 1026662.2408399987
local_termination_time: 1026662.1997199988
node_cons: 62339.07176267175
tot_aggregated_send: 0
tot_msg_rcv: 30487
tot_msg_sent: 44942
tot_reconf_duration: 37.410000000000004
tot_sleeping_duration: 980143.7427200039
tot_uptimes: 762
tot_uptimes_duration: 46518.49811999469
