comms_cons: 107.27385599482562
finished_reconf: true
global_termination_time: 1028708.34
local_termination_time: 193894.43036000006
node_cons: 21138.02151008371
tot_aggregated_send: 13282
tot_msg_rcv: 1044
tot_msg_sent: 1979
tot_reconf_duration: 6.279999999999999
tot_sleeping_duration: 1012928.2852799973
tot_uptimes: 264
tot_uptimes_duration: 15780.05472000275
