comms_cons: 106.14223359117587
finished_reconf: true
global_termination_time: 1027355.656
local_termination_time: 275688.1916000001
node_cons: 21137.12245903219
tot_aggregated_send: 12412
tot_msg_rcv: 1328
tot_msg_sent: 2393
tot_reconf_duration: 5.57
tot_sleeping_duration: 1011575.5526400057
tot_uptimes: 264
tot_uptimes_duration: 15780.103359994144
