comms_cons: 104.18225919443363
finished_reconf: true
global_termination_time: 1030338.355
local_termination_time: 319190.86936
node_cons: 21136.427211186718
tot_aggregated_send: 13224
tot_msg_rcv: 840
tot_msg_sent: 1771
tot_reconf_duration: 5.1
tot_sleeping_duration: 1014558.2942000099
tot_uptimes: 264
tot_uptimes_duration: 15780.060799990082
