comms_cons: 250.37717759310308
finished_reconf: true
global_termination_time: 2463480.064
local_termination_time: 731156.7034799998
node_cons: 50620.19418446726
tot_aggregated_send: 33640
tot_msg_rcv: 1512
tot_msg_sent: 2903
tot_reconf_duration: 4.390000000000001
tot_sleeping_duration: 2425680.039680009
tot_uptimes: 631
tot_uptimes_duration: 37800.024319991004
