comms_cons: 35.07932160023733
finished_reconf: true
global_termination_time: 358588.303
local_termination_time: 181395.87036000006
node_cons: 7345.305541121463
tot_aggregated_send: 5104
tot_msg_rcv: 76
tot_msg_sent: 151
tot_reconf_duration: 25.299999999999997
tot_sleeping_duration: 353128.29691999895
tot_uptimes: 92
tot_uptimes_duration: 5460.006080001069
