comms_cons: 34.98160640010286
finished_reconf: true
global_termination_time: 358709.141
local_termination_time: 12656.3236
node_cons: 7315.081900000007
tot_aggregated_send: 5162
tot_msg_rcv: 41
tot_msg_sent: 114
tot_reconf_duration: 3.05
tot_sleeping_duration: 353249.141
tot_uptimes: 92
tot_uptimes_duration: 5460.0
