comms_cons: 50.315097600814774
finished_reconf: true
global_termination_time: 495398.20648000017
local_termination_time: 103531.61979999956
node_cons: 10147.522963406303
tot_aggregated_send: 6612
tot_msg_rcv: 327
tot_msg_sent: 705
tot_reconf_duration: 3.05
tot_sleeping_duration: 487822.86587999546
tot_uptimes: 127
tot_uptimes_duration: 7575.340600004711
