comms_cons: 190.17873918366678
finished_reconf: true
global_termination_time: 1907811.028
local_termination_time: 2780.6962399999998
node_cons: 39212.89998236861
tot_aggregated_send: 24882
tot_msg_rcv: 1337
tot_msg_sent: 2688
tot_reconf_duration: 5.02
tot_sleeping_duration: 1878530.9064000233
tot_uptimes: 489
tot_uptimes_duration: 29280.12159997673
