comms_cons: 179.41459198688545
finished_reconf: true
global_termination_time: 1906912.324
local_termination_time: 6219.977
node_cons: 39218.09848893445
tot_aggregated_send: 25337
tot_msg_rcv: 528
tot_msg_sent: 1404
tot_reconf_duration: 8.92
tot_sleeping_duration: 1877632.275360019
tot_uptimes: 489
tot_uptimes_duration: 29280.048639981076
