comms_cons: 189.32305918337568
finished_reconf: true
global_termination_time: 1906619.85
local_termination_time: 4306.287
node_cons: 39209.77121231252
tot_aggregated_send: 24994
tot_msg_rcv: 1276
tot_msg_sent: 2506
tot_reconf_duration: 2.77
tot_sleeping_duration: 1877339.7831200056
tot_uptimes: 489
tot_uptimes_duration: 29280.066879994585
