comms_cons: 184.84262398284463
finished_reconf: true
global_termination_time: 1906734.43
local_termination_time: 4827.643
node_cons: 39213.87510894363
tot_aggregated_send: 25572
tot_msg_rcv: 907
tot_msg_sent: 1616
tot_reconf_duration: 5.8100000000000005
tot_sleeping_duration: 1877454.3813600119
tot_uptimes: 489
tot_uptimes_duration: 29280.048639987945
