comms_cons: 21.941632000303812
finished_reconf: true
global_termination_time: 208154.74860000008
local_termination_time: 208154.70748000007
node_cons: 4327.187554002251
tot_aggregated_send: 2609
tot_msg_rcv: 278
tot_msg_sent: 447
tot_reconf_duration: 37.36
tot_sleeping_duration: 204960.98259999842
tot_uptimes: 54
tot_uptimes_duration: 3193.766000001662
