comms_cons: 52.7247360042971
finished_reconf: true
global_termination_time: 273024.111
local_termination_time: 3016.79736
node_cons: 5549.4216200000055
tot_aggregated_send: 0
tot_msg_rcv: 4014
tot_msg_sent: 3999
tot_reconf_duration: 4.390000000000001
tot_sleeping_duration: 268884.111
tot_uptimes: 70
tot_uptimes_duration: 4140.0
