comms_cons: 234.37751041914237
finished_reconf: true
global_termination_time: 268473.4948800004
local_termination_time: 268473.4537600004
node_cons: 27299.331745285246
tot_aggregated_send: 0
tot_msg_rcv: 15951
tot_msg_sent: 19673
tot_reconf_duration: 24.59
tot_sleeping_duration: 248110.58335999653
tot_uptimes: 333
tot_uptimes_duration: 20362.911520003876
