comms_cons: 54.00768000439744
finished_reconf: true
global_termination_time: 269762.416
local_termination_time: 785.0413599999998
node_cons: 5547.610041119156
tot_aggregated_send: 0
tot_msg_rcv: 4205
tot_msg_sent: 4003
tot_reconf_duration: 3.05
tot_sleeping_duration: 265622.40992000065
tot_uptimes: 70
tot_uptimes_duration: 4140.006079999366
