comms_cons: 278.02383360862876
finished_reconf: true
global_termination_time: 2810030.494
local_termination_time: 4288.075
node_cons: 57850.2373700606
tot_aggregated_send: 37985
tot_msg_rcv: 1471
tot_msg_sent: 2802
tot_reconf_duration: 3.95
tot_sleeping_duration: 2766830.439280014
tot_uptimes: 720
tot_uptimes_duration: 43200.05471998628
