comms_cons: 278.53126401063565
finished_reconf: true
global_termination_time: 2808643.574
local_termination_time: 4610.21
node_cons: 57852.828447831525
tot_aggregated_send: 39260
tot_msg_rcv: 1042
tot_msg_sent: 2033
tot_reconf_duration: 5.87
tot_sleeping_duration: 2765443.5314400056
tot_uptimes: 720
tot_uptimes_duration: 43200.04255999444
