comms_cons: 112.08318719265515
finished_reconf: true
global_termination_time: 1113753.078
local_termination_time: 309412.2094800001
node_cons: 22907.95949007455
tot_aggregated_send: 13804
tot_msg_rcv: 1078
tot_msg_sent: 2154
tot_reconf_duration: 8.09
tot_sleeping_duration: 1096653.023280004
tot_uptimes: 286
tot_uptimes_duration: 17100.054719995882
