comms_cons: 109.94501119409185
finished_reconf: true
global_termination_time: 1110909.329
local_termination_time: 775878.6900799986
node_cons: 22831.47080559333
tot_aggregated_send: 14906
tot_msg_rcv: 603
tot_msg_sent: 1202
tot_reconf_duration: 10.95
tot_sleeping_duration: 1093869.2986000048
tot_uptimes: 285
tot_uptimes_duration: 17040.03039999504
