comms_cons: 170.7224191899391
finished_reconf: true
global_termination_time: 1708646.77424
local_termination_time: 206447.12848000004
node_cons: 35153.74585495795
tot_aggregated_send: 23722
tot_msg_rcv: 721
tot_msg_sent: 1504
tot_reconf_duration: 18.21
tot_sleeping_duration: 1682411.5116000012
tot_uptimes: 438
tot_uptimes_duration: 26235.262639998517
