comms_cons: 229.0129279865216
finished_reconf: true
global_termination_time: 2258241.142
local_termination_time: 574216.3773599978
node_cons: 46479.92839065922
tot_aggregated_send: 31204
tot_msg_rcv: 1280
tot_msg_sent: 2326
tot_reconf_duration: 18.21
tot_sleeping_duration: 2223547.191880015
tot_uptimes: 579
tot_uptimes_duration: 34693.95011998492
