comms_cons: 225.09416959493038
finished_reconf: true
global_termination_time: 2257445.408
local_termination_time: 1067043.1482399988
node_cons: 46443.44579999927
tot_aggregated_send: 32190
tot_msg_rcv: 693
tot_msg_sent: 1330
tot_reconf_duration: 5.1
tot_sleeping_duration: 2222765.408
tot_uptimes: 579
tot_uptimes_duration: 34680.0
