comms_cons: 223.17207039100242
finished_reconf: true
global_termination_time: 2259274.22
local_termination_time: 1209541.7395999997
node_cons: 46449.312359999356
tot_aggregated_send: 32654
tot_msg_rcv: 460
tot_msg_sent: 806
tot_reconf_duration: 9.42
tot_sleeping_duration: 2224594.22
tot_uptimes: 579
tot_uptimes_duration: 34680.0
