comms_cons: 230.60844798915116
finished_reconf: true
global_termination_time: 2256358.3181199883
local_termination_time: 354443.19448
node_cons: 46435.35728298565
tot_aggregated_send: 29986
tot_msg_rcv: 1578
tot_msg_sent: 3487
tot_reconf_duration: 4.390000000000001
tot_sleeping_duration: 2221683.6387600284
tot_uptimes: 578
tot_uptimes_duration: 34674.679359959846
