comms_cons: 315.34833276459
finished_reconf: true
global_termination_time: 653776.2905999998
local_termination_time: 653776.2494799999
node_cons: 39636.02287412043
tot_aggregated_send: 0
tot_msg_rcv: 19362
tot_msg_sent: 28567
tot_reconf_duration: 24.59
tot_sleeping_duration: 624200.0175199993
tot_uptimes: 485
tot_uptimes_duration: 29576.273080000487
