comms_cons: 708.9745225781295
finished_reconf: true
global_termination_time: 4351807.695
local_termination_time: 1645171.5113599997
node_cons: 89505.7020822317
tot_aggregated_send: 0
tot_msg_rcv: 54159
tot_msg_sent: 53598
tot_reconf_duration: 5.1
tot_sleeping_duration: 4284967.682840005
tot_uptimes: 1115
tot_uptimes_duration: 66840.01215999573
