comms_cons: 432.09616646494806
finished_reconf: true
global_termination_time: 4351589.397
local_termination_time: 823589.8893599999
node_cons: 89511.59306558245
tot_aggregated_send: 60784
tot_msg_rcv: 1649
tot_msg_sent: 3244
tot_reconf_duration: 9.42
tot_sleeping_duration: 4284749.3666000115
tot_uptimes: 1115
tot_uptimes_duration: 66840.03039998864
