comms_cons: 440.62343687810136
finished_reconf: true
global_termination_time: 4351696.473
local_termination_time: 1487412.30736
node_cons: 89514.15154446563
tot_aggregated_send: 59392
tot_msg_rcv: 2651
tot_msg_sent: 4931
tot_reconf_duration: 11.31
tot_sleeping_duration: 4284856.448680009
tot_uptimes: 1115
tot_uptimes_duration: 66840.024319991
