comms_cons: 2.2632447999925214
finished_reconf: true
global_termination_time: 13208.865
local_termination_time: 7341.48036
node_cons: 248.58405999999962
tot_aggregated_send: 0
tot_msg_rcv: 175
tot_msg_sent: 169
tot_reconf_duration: 5.57
tot_sleeping_duration: 13028.865
tot_uptimes: 4
tot_uptimes_duration: 180.0
