comms_cons: 12.5412095999908
finished_reconf: true
global_termination_time: 122872.43731999988
local_termination_time: 122872.39619999989
node_cons: 2550.7995587189994
tot_aggregated_send: 1494
tot_msg_rcv: 100
tot_msg_sent: 310
tot_reconf_duration: 24.59
tot_sleeping_duration: 120992.37284000062
tot_uptimes: 32
tot_uptimes_duration: 1880.0644799992588
