comms_cons: 14.25678079970911
finished_reconf: true
global_termination_time: 122941.938
local_termination_time: 75277.12483999964
node_cons: 2494.706323358578
tot_aggregated_send: 986
tot_msg_rcv: 364
tot_msg_sent: 818
tot_reconf_duration: 3.05
tot_sleeping_duration: 121081.91976000104
tot_uptimes: 32
tot_uptimes_duration: 1860.0182399989499
