comms_cons: 13.90808319976762
finished_reconf: true
global_termination_time: 126223.781
local_termination_time: 110370.623
node_cons: 2583.9602135183695
tot_aggregated_send: 1272
tot_msg_rcv: 317
tot_msg_sent: 525
tot_reconf_duration: 7.819999999999999
tot_sleeping_duration: 124301.94332000123
tot_uptimes: 33
tot_uptimes_duration: 1921.8376799987745
