comms_cons: 14.087603199729928
finished_reconf: true
global_termination_time: 127858.3
local_termination_time: 17693.01148
node_cons: 2579.334901119148
tot_aggregated_send: 1276
tot_msg_rcv: 283
tot_msg_sent: 583
tot_reconf_duration: 6.22
tot_sleeping_duration: 125938.29392000064
tot_uptimes: 33
tot_uptimes_duration: 1920.0060799993662
