comms_cons: 343.3618688065723
finished_reconf: true
global_termination_time: 3496096.903
local_termination_time: 1091657.0741199988
node_cons: 71908.45818223208
tot_aggregated_send: 49184
tot_msg_rcv: 970
tot_msg_sent: 2035
tot_reconf_duration: 3.05
tot_sleeping_duration: 3442396.8908400047
tot_uptimes: 896
tot_uptimes_duration: 53700.0121599955
