comms_cons: 343.3223935862085
finished_reconf: true
global_termination_time: 3494501.116
local_termination_time: 1962976.48036
node_cons: 71832.41490111515
tot_aggregated_send: 48836
tot_msg_rcv: 1127
tot_msg_sent: 2220
tot_reconf_duration: 6.22
tot_sleeping_duration: 3440861.109920002
tot_uptimes: 895
tot_uptimes_duration: 53640.006079997635
