comms_cons: 95.4510336138854
finished_reconf: true
global_termination_time: 482629.221
local_termination_time: 342486.9516000001
node_cons: 9912.586841121474
tot_aggregated_send: 0
tot_msg_rcv: 7388
tot_msg_sent: 7120
tot_reconf_duration: 22.65
tot_sleeping_duration: 475249.21491999895
tot_uptimes: 124
tot_uptimes_duration: 7380.006080001069
