comms_cons: 49.671987201400746
finished_reconf: true
global_termination_time: 482558.115
local_termination_time: 197832.81336000006
node_cons: 9888.770223364314
tot_aggregated_send: 6322
tot_msg_rcv: 414
tot_msg_sent: 813
tot_reconf_duration: 5.1
tot_sleeping_duration: 475178.0967599968
tot_uptimes: 124
tot_uptimes_duration: 7380.018240003208
