comms_cons: 49.20354560115466
finished_reconf: true
global_termination_time: 479824.07
local_termination_time: 41684.49164000008
node_cons: 9835.861823364308
tot_aggregated_send: 6264
tot_msg_rcv: 416
tot_msg_sent: 798
tot_reconf_duration: 25.299999999999997
tot_sleeping_duration: 472504.0517599968
tot_uptimes: 123
tot_uptimes_duration: 7320.018240003206
