comms_cons: 73.57049599920018
finished_reconf: true
global_termination_time: 731457.28324
local_termination_time: 16059.834480000001
node_cons: 15067.377182724358
tot_aggregated_send: 9686
tot_msg_rcv: 573
tot_msg_sent: 924
tot_reconf_duration: 18.21
tot_sleeping_duration: 720223.0427599968
tot_uptimes: 188
tot_uptimes_duration: 11234.240480003238
