comms_cons: 115.51777920253072
finished_reconf: true
global_termination_time: 731958.497
local_termination_time: 301641.01936000003
node_cons: 15032.140804485705
tot_aggregated_send: 0
tot_msg_rcv: 8954
tot_msg_sent: 8601
tot_reconf_duration: 6.279999999999999
tot_sleeping_duration: 720738.4726799957
tot_uptimes: 188
tot_uptimes_duration: 11220.024320004275
