comms_cons: 74.00119039968577
finished_reconf: true
global_termination_time: 734806.294
local_termination_time: 246594.17936000004
node_cons: 15108.070041116838
tot_aggregated_send: 9570
tot_msg_rcv: 580
tot_msg_sent: 1097
tot_reconf_duration: 3.05
tot_sleeping_duration: 723526.2879200024
tot_uptimes: 189
tot_uptimes_duration: 11280.006079997635
