comms_cons: 1231.3644374409535
finished_reconf: true
global_termination_time: 4542314.241
local_termination_time: 3139290.26448
node_cons: 185506.62174843403
tot_aggregated_send: 0
tot_msg_rcv: 62731
tot_msg_sent: 124430
tot_reconf_duration: 18.21
tot_sleeping_duration: 4403791.54304
tot_uptimes: 2292
tot_uptimes_duration: 138522.6979600004
