comms_cons: 15.428646399679995
finished_reconf: true
global_termination_time: 143377.26724000042
local_termination_time: 102338.16835999995
node_cons: 2956.0134615988604
tot_aggregated_send: 1566
tot_msg_rcv: 307
tot_msg_sent: 470
tot_reconf_duration: 3.05
tot_sleeping_duration: 141172.73284000126
tot_uptimes: 37
tot_uptimes_duration: 2204.53439999916
