comms_cons: 39.29052800024
finished_reconf: true
global_termination_time: 401788.235880001
local_termination_time: 20631.199
node_cons: 8281.500716401319
tot_aggregated_send: 5854
tot_msg_rcv: 12
tot_msg_sent: 105
tot_reconf_duration: 5.1
tot_sleeping_duration: 395608.56828
tot_uptimes: 103
tot_uptimes_duration: 6179.667600000976
