comms_cons: 471.4954688540908
finished_reconf: true
global_termination_time: 4719388.69
local_termination_time: 1077444.1543199986
node_cons: 97056.73860781622
tot_aggregated_send: 65192
tot_msg_rcv: 2000
tot_msg_sent: 4472
tot_reconf_duration: 4.390000000000001
tot_sleeping_duration: 4646908.647440016
tot_uptimes: 1209
tot_uptimes_duration: 72480.04255998437
