comms_cons: 470.0384128789594
finished_reconf: true
global_termination_time: 4719061.368
local_termination_time: 1078730.3173599998
node_cons: 97054.90260558242
tot_aggregated_send: 64612
tot_msg_rcv: 2162
tot_msg_sent: 4670
tot_reconf_duration: 3.05
tot_sleeping_duration: 4646581.337600011
tot_uptimes: 1209
tot_uptimes_duration: 72480.0303999891
