comms_cons: 467.6439424606575
finished_reconf: true
global_termination_time: 4719934.648
local_termination_time: 1965096.58036
node_cons: 97061.38840669992
tot_aggregated_send: 64960
tot_msg_rcv: 1997
tot_msg_sent: 4122
tot_reconf_duration: 7.819999999999999
tot_sleeping_duration: 4647454.611520013
tot_uptimes: 1209
tot_uptimes_duration: 72480.03647998697
