comms_cons: 67.58812159781093
finished_reconf: true
global_termination_time: 680867.889
local_termination_time: 666543.882999999
node_cons: 13983.310041121513
tot_aggregated_send: 9570
tot_msg_rcv: 209
tot_msg_sent: 494
tot_reconf_duration: 3.05
tot_sleeping_duration: 670427.882919999
tot_uptimes: 175
tot_uptimes_duration: 10440.006080001069
