comms_cons: 66.65388159853157
finished_reconf: true
global_termination_time: 679823.1691200001
local_termination_time: 83895.25459999994
node_cons: 14016.062009680218
tot_aggregated_send: 9570
tot_msg_rcv: 155
tot_msg_sent: 406
tot_reconf_duration: 6.22
tot_sleeping_duration: 669361.918
tot_uptimes: 175
tot_uptimes_duration: 10461.251120000146
