comms_cons: 99.60250879518966
finished_reconf: true
global_termination_time: 985247.458
local_termination_time: 4376.283
node_cons: 20250.81594224147
tot_aggregated_send: 13683
tot_msg_rcv: 526
tot_msg_sent: 930
tot_reconf_duration: 3.77
tot_sleeping_duration: 970127.4458399989
tot_uptimes: 253
tot_uptimes_duration: 15120.012160001073
