comms_cons: 24.941747199952403
finished_reconf: true
global_termination_time: 252153.481
local_termination_time: 47305.19008000004
node_cons: 5147.721620000014
tot_aggregated_send: 3596
tot_msg_rcv: 83
tot_msg_sent: 112
tot_reconf_duration: 4.390000000000001
tot_sleeping_duration: 248313.481
tot_uptimes: 65
tot_uptimes_duration: 3840.0
