comms_cons: 219.37147518350554
finished_reconf: true
global_termination_time: 2162494.7922399873
local_termination_time: 143891.16248000006
node_cons: 44531.33048381919
tot_aggregated_send: 29638
tot_msg_rcv: 1347
tot_msg_sent: 2356
tot_reconf_duration: 18.21
tot_sleeping_duration: 2129256.1056800024
tot_uptimes: 554
tot_uptimes_duration: 33238.68655998481
