comms_cons: 94.66152959865076
finished_reconf: true
global_termination_time: 920468.945
local_termination_time: 365638.1832000006
node_cons: 18886.47268560258
tot_aggregated_send: 12064
tot_msg_rcv: 752
tot_msg_sent: 1572
tot_reconf_duration: 4.8100000000000005
tot_sleeping_duration: 906368.914599998
tot_uptimes: 236
tot_uptimes_duration: 14100.03040000191
