comms_cons: 443.3756032827997
finished_reconf: true
global_termination_time: 4381030.746239997
local_termination_time: 209468.3516800007
node_cons: 90106.32213718105
tot_aggregated_send: 60262
tot_msg_rcv: 2465
tot_msg_sent: 4660
tot_reconf_duration: 18.21
tot_sleeping_duration: 4313755.47144001
tot_uptimes: 1122
tot_uptimes_duration: 67275.27479998767
