comms_cons: 422.9701888091616
finished_reconf: true
global_termination_time: 4383812.915
local_termination_time: 2477701.6288399985
node_cons: 90175.84554111415
tot_aggregated_send: 60552
tot_msg_rcv: 1229
tot_msg_sent: 2508
tot_reconf_duration: 25.299999999999997
tot_sleeping_duration: 4316492.908920002
tot_uptimes: 1123
tot_uptimes_duration: 67320.00607999763
