comms_cons: 440.68139527295955
finished_reconf: true
global_termination_time: 4383463.132
local_termination_time: 545013.2534399995
node_cons: 90147.49046669921
tot_aggregated_send: 60610
tot_msg_rcv: 2141
tot_msg_sent: 4230
tot_reconf_duration: 4.390000000000001
tot_sleeping_duration: 4316143.095520014
tot_uptimes: 1123
tot_uptimes_duration: 67320.03647998627
