comms_cons: 28.32673920051984
finished_reconf: true
global_termination_time: 288290.56324000045
local_termination_time: 137893.93836000006
node_cons: 5937.7454916035
tot_aggregated_send: 3770
tot_msg_rcv: 156
tot_msg_sent: 378
tot_reconf_duration: 4.8100000000000005
tot_sleeping_duration: 283860.97883999784
tot_uptimes: 74
tot_uptimes_duration: 4429.584400002612
