comms_cons: 30.883046399760048
finished_reconf: true
global_termination_time: 149947.1306800002
local_termination_time: 149947.0895600002
node_cons: 3113.3610200000458
tot_aggregated_send: 0
tot_msg_rcv: 2468
tot_msg_sent: 2224
tot_reconf_duration: 24.59
tot_sleeping_duration: 147646.93068000017
tot_uptimes: 39
tot_uptimes_duration: 2300.2000000000244
