comms_cons: 43.14639360120964
finished_reconf: true
global_termination_time: 420988.597
local_termination_time: 255115.57836000004
node_cons: 8609.180501121418
tot_aggregated_send: 5568
tot_msg_rcv: 358
tot_msg_sent: 632
tot_reconf_duration: 9.42
tot_sleeping_duration: 414568.59091999894
tot_uptimes: 108
tot_uptimes_duration: 6420.006080001069
