comms_cons: 42.61410560048248
finished_reconf: true
global_termination_time: 423029.004
local_termination_time: 341905.37636000005
node_cons: 8691.590100000027
tot_aggregated_send: 5742
tot_msg_rcv: 223
tot_msg_sent: 512
tot_reconf_duration: 10.95
tot_sleeping_duration: 416549.004
tot_uptimes: 109
tot_uptimes_duration: 6480.0
