comms_cons: 108.04431359481998
finished_reconf: true
global_termination_time: 1080191.822
local_termination_time: 371769.49036000005
node_cons: 22184.475842233707
tot_aggregated_send: 14964
tot_msg_rcv: 418
tot_msg_sent: 1040
tot_reconf_duration: 7.819999999999999
tot_sleeping_duration: 1063631.8098400047
tot_uptimes: 277
tot_uptimes_duration: 16560.01215999527
