comms_cons: 109.65139199274233
finished_reconf: true
global_termination_time: 1079579.08
local_termination_time: 487432.44736000046
node_cons: 22182.30518463493
tot_aggregated_send: 14616
tot_msg_rcv: 657
tot_msg_sent: 1395
tot_reconf_duration: 6.22
tot_sleeping_duration: 1063019.0662400038
tot_uptimes: 277
tot_uptimes_duration: 16560.013759996218
