comms_cons: 107.4132799960502
finished_reconf: true
global_termination_time: 1080897.467
local_termination_time: 538269.5533599998
node_cons: 22189.19897999995
tot_aggregated_send: 15312
tot_msg_rcv: 328
tot_msg_sent: 686
tot_reconf_duration: 11.31
tot_sleeping_duration: 1064337.467
tot_uptimes: 277
tot_uptimes_duration: 16560.0
