comms_cons: 101.11503359079451
finished_reconf: true
global_termination_time: 979610.263
local_termination_time: 4465.857
node_cons: 20091.914853419028
tot_aggregated_send: 12755
tot_msg_rcv: 858
tot_msg_sent: 1757
tot_reconf_duration: 5.02
tot_sleeping_duration: 964610.1900400157
tot_uptimes: 251
tot_uptimes_duration: 15000.072959984318
