comms_cons: 98.5965183939458
finished_reconf: true
global_termination_time: 977847.626
local_termination_time: 5044.906
node_cons: 20103.87069230358
tot_aggregated_send: 13036
tot_msg_rcv: 733
tot_msg_sent: 1217
tot_reconf_duration: 13.83
tot_sleeping_duration: 962847.5591200123
tot_uptimes: 251
tot_uptimes_duration: 15000.066879987717
