comms_cons: 101.89460478693971
finished_reconf: true
global_termination_time: 974549.689
local_termination_time: 7247.6269999999995
node_cons: 20012.560788947343
tot_aggregated_send: 12521
tot_msg_rcv: 1136
tot_msg_sent: 1831
tot_reconf_duration: 5.77
tot_sleeping_duration: 959609.6403600095
tot_uptimes: 250
tot_uptimes_duration: 14940.048639990528
