comms_cons: 29.131724799334652
finished_reconf: true
global_termination_time: 150646.328
local_termination_time: 611.5770399999994
node_cons: 3083.686841121432
tot_aggregated_send: 0
tot_msg_rcv: 2240
tot_msg_sent: 2187
tot_reconf_duration: 22.65
tot_sleeping_duration: 148366.32191999894
tot_uptimes: 39
tot_uptimes_duration: 2280.0060800010688
