comms_cons: 14.80319999996215
finished_reconf: true
global_termination_time: 146858.018
local_termination_time: 12045.893600000001
node_cons: 2979.111980000003
tot_aggregated_send: 1914
tot_msg_rcv: 108
tot_msg_sent: 228
tot_reconf_duration: 4.8100000000000005
tot_sleeping_duration: 144638.018
tot_uptimes: 38
tot_uptimes_duration: 2220.0
