comms_cons: 14.178803199849314
finished_reconf: true
global_termination_time: 146275.703
local_termination_time: 102685.42223999943
node_cons: 2976.7218999999864
tot_aggregated_send: 1856
tot_msg_rcv: 66
tot_msg_sent: 233
tot_reconf_duration: 3.05
tot_sleeping_duration: 144055.703
tot_uptimes: 38
tot_uptimes_duration: 2220.0
