comms_cons: 13.941324799971582
finished_reconf: true
global_termination_time: 144764.09312000015
local_termination_time: 124331.59235999943
node_cons: 3008.2662827194486
tot_aggregated_send: 2030
tot_msg_rcv: 22
tot_msg_sent: 67
tot_reconf_duration: 7.819999999999999
tot_sleeping_duration: 142525.37264000057
tot_uptimes: 38
tot_uptimes_duration: 2238.7204799995816
