comms_cons: 15.123558399978291
finished_reconf: true
global_termination_time: 3564.4117200000014
local_termination_time: 3564.3706000000016
node_cons: 1691.927670080003
tot_aggregated_send: 0
tot_msg_rcv: 1090
tot_msg_sent: 1204
tot_reconf_duration: 37.410000000000004
tot_sleeping_duration: 2338.7769999999996
tot_uptimes: 18
tot_uptimes_duration: 1225.6347200000018
