comms_cons: 270.60981759408776
finished_reconf: true
global_termination_time: 2709710.116
local_termination_time: 189009.63176000086
node_cons: 55683.05483769797
tot_aggregated_send: 37178
tot_msg_rcv: 1238
tot_msg_sent: 2713
tot_reconf_duration: 5.43
tot_sleeping_duration: 2668130.070520016
tot_uptimes: 694
tot_uptimes_duration: 41580.045479984256
