comms_cons: 253.7005184077122
finished_reconf: true
global_termination_time: 2531682.797
local_termination_time: 64412.062920000055
node_cons: 52091.1275467094
tot_aggregated_send: 35148
tot_msg_rcv: 1115
tot_msg_sent: 2297
tot_reconf_duration: 22.65
tot_sleeping_duration: 2492802.7605200075
tot_uptimes: 649
tot_uptimes_duration: 38880.036479992676
