comms_cons: 255.57168000155323
finished_reconf: true
global_termination_time: 2519185.01
local_termination_time: 7190.702840000001
node_cons: 51834.72410893912
tot_aggregated_send: 34858
tot_msg_rcv: 1433
tot_msg_sent: 2553
tot_reconf_duration: 11.31
tot_sleeping_duration: 2480484.961360015
tot_uptimes: 646
tot_uptimes_duration: 38700.048639984976
