comms_cons: 255.67530239731335
finished_reconf: true
global_termination_time: 2519611.005
local_termination_time: 406172.2376000005
node_cons: 51826.730927817676
tot_aggregated_send: 34742
tot_msg_rcv: 1448
tot_msg_sent: 2672
tot_reconf_duration: 5.43
tot_sleeping_duration: 2480910.962440016
tot_uptimes: 646
tot_uptimes_duration: 38700.04255998391
