comms_cons: 133.27485439597663
finished_reconf: true
global_termination_time: 1354503.01
local_termination_time: 358167.2003600001
node_cons: 27808.259560000053
tot_aggregated_send: 19546
tot_msg_rcv: 252
tot_msg_sent: 459
tot_reconf_duration: 7.819999999999999
tot_sleeping_duration: 1333743.01
tot_uptimes: 347
tot_uptimes_duration: 20760.0
