comms_cons: 135.94663679200306
finished_reconf: true
global_termination_time: 1353779.40524
local_termination_time: 193534.38748000006
node_cons: 27829.21193271522
tot_aggregated_send: 18908
tot_msg_rcv: 647
tot_msg_sent: 1107
tot_reconf_duration: 6.22
tot_sleeping_duration: 1333002.1347600035
tot_uptimes: 347
tot_uptimes_duration: 20777.270479996398
