comms_cons: 11.407360000298686
finished_reconf: true
global_termination_time: 54979.21204000017
local_termination_time: 2020.6153600000005
node_cons: 1200.1996865602373
tot_aggregated_send: 0
tot_msg_rcv: 878
tot_msg_sent: 854
tot_reconf_duration: 3.05
tot_sleeping_duration: 54085.965
tot_uptimes: 15
tot_uptimes_duration: 893.2470400001769
