comms_cons: 10.684620800302389
finished_reconf: true
global_termination_time: 55744.183
local_termination_time: 2240.6753600000006
node_cons: 1133.2067600000005
tot_aggregated_send: 0
tot_msg_rcv: 817
tot_msg_sent: 807
tot_reconf_duration: 6.22
tot_sleeping_duration: 54904.183
tot_uptimes: 15
tot_uptimes_duration: 840.0
