comms_cons: 34.274048000699835
finished_reconf: true
global_termination_time: 277449.0321600003
local_termination_time: 277448.9910400003
node_cons: 5770.275947687034
tot_aggregated_send: 2248
tot_msg_rcv: 1035
tot_msg_sent: 1927
tot_reconf_duration: 24.59
tot_sleeping_duration: 273164.5790399951
tot_uptimes: 72
tot_uptimes_duration: 4284.453120005242
