comms_cons: 54.57446400135106
finished_reconf: true
global_termination_time: 524216.984
local_termination_time: 170219.62836000006
node_cons: 10771.562325607185
tot_aggregated_send: 6844
tot_msg_rcv: 517
tot_msg_sent: 934
tot_reconf_duration: 4.390000000000001
tot_sleeping_duration: 516176.95359999465
tot_uptimes: 135
tot_uptimes_duration: 8040.030400005344
