comms_cons: 35.27109120014771
finished_reconf: true
global_termination_time: 358296.75
local_termination_time: 8312.297359999999
node_cons: 7319.4682400000065
tot_aggregated_send: 5046
tot_msg_rcv: 88
tot_msg_sent: 227
tot_reconf_duration: 6.279999999999999
tot_sleeping_duration: 352836.75
tot_uptimes: 92
tot_uptimes_duration: 5460.0
