comms_cons: 35.46188800018947
finished_reconf: true
global_termination_time: 358113.247
local_termination_time: 28583.17572
node_cons: 7315.502880000009
tot_aggregated_send: 5162
tot_msg_rcv: 115
tot_msg_sent: 113
tot_reconf_duration: 3.3600000000000003
tot_sleeping_duration: 352653.247
tot_uptimes: 92
tot_uptimes_duration: 5460.0
