comms_cons: 35.01512960014299
finished_reconf: true
global_termination_time: 356878.941
local_termination_time: 137391.32636000006
node_cons: 7319.386760000009
tot_aggregated_send: 5104
tot_msg_rcv: 49
tot_msg_sent: 169
tot_reconf_duration: 6.22
tot_sleeping_duration: 351418.941
tot_uptimes: 92
tot_uptimes_duration: 5460.0
