comms_cons: 167.79514876398858
finished_reconf: true
global_termination_time: 706951.5863999992
local_termination_time: 706951.5452799993
node_cons: 14629.35049048111
tot_aggregated_send: 0
tot_msg_rcv: 14911
tot_msg_sent: 10600
tot_reconf_duration: 37.410000000000004
tot_sleeping_duration: 696063.9480799984
tot_uptimes: 182
tot_uptimes_duration: 10887.638320000813
