comms_cons: 207.2900415584337
finished_reconf: true
global_termination_time: 706952.1041599994
local_termination_time: 298.7414799999991
node_cons: 29008.799238239088
tot_aggregated_send: 0
tot_msg_rcv: 10583
tot_msg_sent: 20920
tot_reconf_duration: 5.57
tot_sleeping_duration: 685293.2280000001
tot_uptimes: 359
tot_uptimes_duration: 21658.876159999287
