comms_cons: 70.8526591973704
finished_reconf: true
global_termination_time: 707495.158
local_termination_time: 83131.65335999997
node_cons: 14552.526220000018
tot_aggregated_send: 9976
tot_msg_rcv: 278
tot_msg_sent: 515
tot_reconf_duration: 8.09
tot_sleeping_duration: 696635.158
tot_uptimes: 182
tot_uptimes_duration: 10860.0
