comms_cons: 72.86526719629637
finished_reconf: true
global_termination_time: 695561.564
local_termination_time: 98040.31447999996
node_cons: 14307.502787833968
tot_aggregated_send: 9048
tot_msg_rcv: 743
tot_msg_sent: 1285
tot_reconf_duration: 5.1
tot_sleeping_duration: 684881.5214400045
tot_uptimes: 179
tot_uptimes_duration: 10680.042559995476
