comms_cons: 68.64640000092069
finished_reconf: true
global_termination_time: 697373.056
local_termination_time: 179033.63152000037
node_cons: 14304.767768971447
tot_aggregated_send: 8874
tot_msg_rcv: 401
tot_msg_sent: 1158
tot_reconf_duration: 3.08
tot_sleeping_duration: 686693.0073599914
tot_uptimes: 179
tot_uptimes_duration: 10680.04864000855
