comms_cons: 69.45003519875777
finished_reconf: true
global_termination_time: 695790.631
local_termination_time: 125435.73935999996
node_cons: 14311.54692560257
tot_aggregated_send: 9454
tot_msg_rcv: 286
tot_msg_sent: 817
tot_reconf_duration: 8.09
tot_sleeping_duration: 685110.6005999981
tot_uptimes: 179
tot_uptimes_duration: 10680.03040000191
