comms_cons: 72.04881919849242
finished_reconf: true
global_termination_time: 695209.17
local_termination_time: 131758.44180000076
node_cons: 14312.940226714829
tot_aggregated_send: 9396
tot_msg_rcv: 624
tot_msg_sent: 931
tot_reconf_duration: 9.11
tot_sleeping_duration: 684529.133520004
tot_uptimes: 179
tot_uptimes_duration: 10680.03647999611
