comms_cons: 67.02951680051082
finished_reconf: true
global_termination_time: 696189.344
local_termination_time: 345065.1403600001
node_cons: 14317.69596336432
tot_aggregated_send: 9512
tot_msg_rcv: 216
tot_msg_sent: 460
tot_reconf_duration: 12.629999999999999
tot_sleeping_duration: 685509.3257599969
tot_uptimes: 179
tot_uptimes_duration: 10680.018240003206
