comms_cons: 132.32467838923657
finished_reconf: true
global_termination_time: 1294675.562
local_termination_time: 510724.31736
node_cons: 26598.526043350477
tot_aggregated_send: 17458
tot_msg_rcv: 911
tot_msg_sent: 1743
tot_reconf_duration: 4.390000000000001
tot_sleeping_duration: 1274815.543760007
tot_uptimes: 332
tot_uptimes_duration: 19860.018239992904
