comms_cons: 254.31365103625362
finished_reconf: true
global_termination_time: 1292138.698
local_termination_time: 533272.371359998
node_cons: 26521.910347509358
tot_aggregated_send: 0
tot_msg_rcv: 19513
tot_msg_sent: 19141
tot_reconf_duration: 6.22
tot_sleeping_duration: 1272337.754320008
tot_uptimes: 331
tot_uptimes_duration: 19800.943679991935
