comms_cons: 38.3615872008751
finished_reconf: true
global_termination_time: 371471.10848000017
local_termination_time: 151977.94999999998
node_cons: 7683.6016380025785
tot_aggregated_send: 4754
tot_msg_rcv: 333
tot_msg_sent: 744
tot_reconf_duration: 22.65
tot_sleeping_duration: 365755.76647999824
tot_uptimes: 96
tot_uptimes_duration: 5715.342000001925
