comms_cons: 38.19883520117262
finished_reconf: true
global_termination_time: 374349.769
local_termination_time: 186006.4156400004
node_cons: 7636.458182242855
tot_aggregated_send: 4988
tot_msg_rcv: 295
tot_msg_sent: 523
tot_reconf_duration: 3.05
tot_sleeping_duration: 368649.75683999783
tot_uptimes: 96
tot_uptimes_duration: 5700.0121600021375
