comms_cons: 470.89370883020587
finished_reconf: true
global_termination_time: 4890427.512
local_termination_time: 2985354.2458799994
node_cons: 100592.62208223122
tot_aggregated_send: 67860
tot_msg_rcv: 1203
tot_msg_sent: 2511
tot_reconf_duration: 5.1
tot_sleeping_duration: 4815307.499840005
tot_uptimes: 1253
tot_uptimes_duration: 75120.0121599955
