comms_cons: 2.5724671999943203
finished_reconf: true
global_termination_time: 18069.337
local_termination_time: 921.7293599999999
node_cons: 327.32162
tot_aggregated_send: 0
tot_msg_rcv: 219
tot_msg_sent: 172
tot_reconf_duration: 4.390000000000001
tot_sleeping_duration: 17829.337
tot_uptimes: 5
tot_uptimes_duration: 240.0
