comms_cons: 33.212428799916495
finished_reconf: true
global_termination_time: 14341.853600000017
local_termination_time: 917.9830399999994
node_cons: 4258.442989960108
tot_aggregated_send: 0
tot_msg_rcv: 2458
tot_msg_sent: 2589
tot_reconf_duration: 6.22
tot_sleeping_duration: 11167.845959999939
tot_uptimes: 49
tot_uptimes_duration: 3174.007640000079
