comms_cons: 319.1754111584657
finished_reconf: true
global_termination_time: 817509.514
local_termination_time: 239379.45060000007
node_cons: 49645.334138602106
tot_aggregated_send: 0
tot_msg_rcv: 19626
tot_msg_sent: 28886
tot_reconf_duration: 18.21
tot_sleeping_duration: 780451.5565999979
tot_uptimes: 611
tot_uptimes_duration: 37057.957400002066
