comms_cons: 84.61167359485096
finished_reconf: true
global_termination_time: 823126.562
local_termination_time: 106085.31399999945
node_cons: 16929.69100736356
tot_aggregated_send: 11078
tot_msg_rcv: 685
tot_msg_sent: 1097
tot_reconf_duration: 25.299999999999997
tot_sleeping_duration: 810508.6877599974
tot_uptimes: 211
tot_uptimes_duration: 12617.874240002653
