comms_cons: 80.05778560030117
finished_reconf: true
global_termination_time: 818437.3
local_termination_time: 547058.2983599999
node_cons: 16797.600121121533
tot_aggregated_send: 11542
tot_msg_rcv: 211
tot_msg_sent: 416
tot_reconf_duration: 4.8100000000000005
tot_sleeping_duration: 805897.293919999
tot_uptimes: 210
tot_uptimes_duration: 12540.006080001069
