comms_cons: 79.52999680035349
finished_reconf: true
global_termination_time: 819144.655
local_termination_time: 38455.11160000011
node_cons: 16799.523042242887
tot_aggregated_send: 11136
tot_msg_rcv: 352
tot_msg_sent: 600
tot_reconf_duration: 6.22
tot_sleeping_duration: 806604.6428399979
tot_uptimes: 210
tot_uptimes_duration: 12540.012160002138
