comms_cons: 81.53044480915565
finished_reconf: true
global_termination_time: 360603.72360000096
local_termination_time: 360603.72360000096
node_cons: 7512.204506973103
tot_aggregated_send: 0
tot_msg_rcv: 6961
tot_msg_sent: 5431
tot_reconf_duration: 24.59
tot_sleeping_duration: 355018.3529599912
tot_uptimes: 93
tot_uptimes_duration: 5585.370640009773
