comms_cons: 105.49328641180959
finished_reconf: true
global_termination_time: 362832.154
local_termination_time: 3132.8210400000016
node_cons: 14716.33608600002
tot_aggregated_send: 0
tot_msg_rcv: 5426
tot_msg_sent: 10608
tot_reconf_duration: 6.22
tot_sleeping_duration: 351847.92
tot_uptimes: 182
tot_uptimes_duration: 10984.233999999997
