comms_cons: 915.2620216474554
finished_reconf: true
global_termination_time: 1887387.2805599994
local_termination_time: 1887387.2394399995
node_cons: 115164.14635894368
tot_aggregated_send: 0
tot_msg_rcv: 56025
tot_msg_sent: 83088
tot_reconf_duration: 24.59
tot_sleeping_duration: 1801404.641920009
tot_uptimes: 1417
tot_uptimes_duration: 85982.6386399903
