comms_cons: 189.02041598651158
finished_reconf: true
global_termination_time: 1891923.736
local_termination_time: 383521.38648000004
node_cons: 38891.54278781759
tot_aggregated_send: 26100
tot_msg_rcv: 732
tot_msg_sent: 1898
tot_reconf_duration: 5.1
tot_sleeping_duration: 1862883.6934400166
tot_uptimes: 485
tot_uptimes_duration: 29040.04255998344
