comms_cons: 189.0248191872395
finished_reconf: true
global_termination_time: 1888555.18
local_termination_time: 150557.8078400001
node_cons: 38835.035687831405
tot_aggregated_send: 26216
tot_msg_rcv: 784
tot_msg_sent: 1728
tot_reconf_duration: 22.65
tot_sleeping_duration: 1859575.137440006
tot_uptimes: 484
tot_uptimes_duration: 28980.042559993744
