comms_cons: 68.91408639730847
finished_reconf: true
global_termination_time: 669933.745
local_termination_time: 464363.6088000003
node_cons: 13768.931264476578
tot_aggregated_send: 8700
tot_msg_rcv: 573
tot_msg_sent: 1201
tot_reconf_duration: 22.65
tot_sleeping_duration: 659673.7206800026
tot_uptimes: 172
tot_uptimes_duration: 10260.024319997407
