comms_cons: 68.63421440029714
finished_reconf: true
global_termination_time: 669440.42
local_termination_time: 128113.05035999996
node_cons: 13746.68452224288
tot_aggregated_send: 9048
tot_msg_rcv: 517
tot_msg_sent: 867
tot_reconf_duration: 6.279999999999999
tot_sleeping_duration: 659180.4078399979
tot_uptimes: 172
tot_uptimes_duration: 10260.012160002138
