comms_cons: 67.1200255978747
finished_reconf: true
global_termination_time: 670712.59
local_termination_time: 558028.1463599999
node_cons: 13744.10976111687
tot_aggregated_send: 9280
tot_msg_rcv: 286
tot_msg_sent: 635
tot_reconf_duration: 4.390000000000001
tot_sleeping_duration: 660452.5839200023
tot_uptimes: 172
tot_uptimes_duration: 10260.006079997635
