comms_cons: 71.16725759663277
finished_reconf: true
global_termination_time: 670128.37
local_termination_time: 336138.9571200009
node_cons: 13745.546504476535
tot_aggregated_send: 8526
tot_msg_rcv: 891
tot_msg_sent: 1400
tot_reconf_duration: 5.43
tot_sleeping_duration: 659868.3456800026
tot_uptimes: 172
tot_uptimes_duration: 10260.024319997407
