comms_cons: 752.798105738536
finished_reconf: true
global_termination_time: 7655511.179
local_termination_time: 3248290.0943599995
node_cons: 157500.7981055801
tot_aggregated_send: 105676
tot_msg_rcv: 2856
tot_msg_sent: 5889
tot_reconf_duration: 25.299999999999997
tot_sleeping_duration: 7537911.14860001
tot_uptimes: 1961
tot_uptimes_duration: 117600.03039998934
