comms_cons: 768.8135105988846
finished_reconf: true
global_termination_time: 7658353.941
local_termination_time: 6011.0389600000035
node_cons: 157577.61267563706
tot_aggregated_send: 106894
tot_msg_rcv: 3186
tot_msg_sent: 6774
tot_reconf_duration: 22.65
tot_sleeping_duration: 7540693.855880028
tot_uptimes: 1962
tot_uptimes_duration: 117660.08511997195
