comms_cons: 100.41901441400458
finished_reconf: true
global_termination_time: 494913.832600001
local_termination_time: 494913.832600001
node_cons: 10243.691236882512
tot_aggregated_send: 0
tot_msg_rcv: 7888
tot_msg_sent: 7372
tot_reconf_duration: 24.59
tot_sleeping_duration: 487288.5166799991
tot_uptimes: 127
tot_uptimes_duration: 7625.315920001856
