comms_cons: 143.8939648209666
finished_reconf: true
global_termination_time: 497597.218
local_termination_time: 3403.739040000001
node_cons: 20107.795528000053
tot_aggregated_send: 0
tot_msg_rcv: 7369
tot_msg_sent: 14501
tot_reconf_duration: 4.390000000000001
tot_sleeping_duration: 482584.64599999995
tot_uptimes: 250
tot_uptimes_duration: 15012.572000000018
