comms_cons: 150.24261119663203
finished_reconf: true
global_termination_time: 1519380.702
local_termination_time: 707456.5803599999
node_cons: 31270.144860000106
tot_aggregated_send: 21924
tot_msg_rcv: 286
tot_msg_sent: 626
tot_reconf_duration: 13.17
tot_sleeping_duration: 1496040.702
tot_uptimes: 390
tot_uptimes_duration: 23340.0
