comms_cons: 79.50556159520126
finished_reconf: true
global_termination_time: 770675.293
local_termination_time: 155613.63948000007
node_cons: 15857.787546719403
tot_aggregated_send: 10092
tot_msg_rcv: 671
tot_msg_sent: 1323
tot_reconf_duration: 22.65
tot_sleeping_duration: 758855.2565200004
tot_uptimes: 198
tot_uptimes_duration: 11820.036479999544
