comms_cons: 80.75856639499408
finished_reconf: true
global_termination_time: 771037.945
local_termination_time: 56591.55148000001
node_cons: 15831.270563382126
tot_aggregated_send: 9628
tot_msg_rcv: 831
tot_msg_sent: 1815
tot_reconf_duration: 3.08
tot_sleeping_duration: 759217.8644000132
tot_uptimes: 198
tot_uptimes_duration: 11820.080599986642
