comms_cons: 78.61016320092297
finished_reconf: true
global_termination_time: 770198.244
local_termination_time: 266128.576
node_cons: 15836.842233684312
tot_aggregated_send: 10263
tot_msg_rcv: 517
tot_msg_sent: 1170
tot_reconf_duration: 4.8100000000000005
tot_sleeping_duration: 758375.7568799967
tot_uptimes: 198
tot_uptimes_duration: 11822.487120003207
