comms_cons: 13.424716799850337
finished_reconf: true
global_termination_time: 89326.941
local_termination_time: 36245.392240000096
node_cons: 1774.0608267194639
tot_aggregated_send: 406
tot_msg_rcv: 762
tot_msg_sent: 872
tot_reconf_duration: 4.8100000000000005
tot_sleeping_duration: 88006.9045200004
tot_uptimes: 23
tot_uptimes_duration: 1320.0364799996023
