comms_cons: 411.5197824910855
finished_reconf: true
global_termination_time: 4048554.256
local_termination_time: 1124983.57136
node_cons: 83243.28320781737
tot_aggregated_send: 55622
tot_msg_rcv: 2458
tot_msg_sent: 4468
tot_reconf_duration: 8.09
tot_sleeping_duration: 3986394.2134400154
tot_uptimes: 1037
tot_uptimes_duration: 62160.042559984606
