comms_cons: 401.83184643052624
finished_reconf: true
global_termination_time: 4045966.556
local_termination_time: 2329829.821
node_cons: 83253.63783239493
tot_aggregated_send: 58168
tot_msg_rcv: 995
tot_msg_sent: 1913
tot_reconf_duration: 11.899999999999999
tot_sleeping_duration: 3983802.644400002
tot_uptimes: 1037
tot_uptimes_duration: 62163.9115999979
