comms_cons: 26.079948799969028
finished_reconf: true
global_termination_time: 264494.453
local_termination_time: 92791.26535999998
node_cons: 5393.399560000015
tot_aggregated_send: 3422
tot_msg_rcv: 199
tot_msg_sent: 343
tot_reconf_duration: 7.819999999999999
tot_sleeping_duration: 260474.45299999998
tot_uptimes: 68
tot_uptimes_duration: 4020.0
