comms_cons: 131.74847999633002
finished_reconf: true
global_termination_time: 1342433.441
local_termination_time: 98136.35435999997
node_cons: 27567.239560000053
tot_aggregated_send: 19198
tot_msg_rcv: 252
tot_msg_sent: 575
tot_reconf_duration: 7.819999999999999
tot_sleeping_duration: 1321853.441
tot_uptimes: 344
tot_uptimes_duration: 20580.0
