comms_cons: 133.340300796324
finished_reconf: true
global_termination_time: 1341647.021
local_termination_time: 832515.0763599998
node_cons: 27571.978979999963
tot_aggregated_send: 19256
tot_msg_rcv: 414
tot_msg_sent: 596
tot_reconf_duration: 11.31
tot_sleeping_duration: 1321067.021
tot_uptimes: 344
tot_uptimes_duration: 20580.0
