comms_cons: 68.93748479887408
finished_reconf: true
global_termination_time: 689685.1414799999
local_termination_time: 689685.1003599999
node_cons: 14191.616083205545
tot_aggregated_send: 9672
tot_msg_rcv: 272
tot_msg_sent: 534
tot_reconf_duration: 24.59
tot_sleeping_duration: 679111.4126799958
tot_uptimes: 177
tot_uptimes_duration: 10573.728800004115
