comms_cons: 69.14081280111296
finished_reconf: true
global_termination_time: 693375.517
local_termination_time: 257310.83236000003
node_cons: 14224.346323364296
tot_aggregated_send: 9222
tot_msg_rcv: 452
tot_msg_sent: 835
tot_reconf_duration: 3.05
tot_sleeping_duration: 682755.4987599968
tot_uptimes: 178
tot_uptimes_duration: 10620.018240003206
