comms_cons: 68.60306560025055
finished_reconf: true
global_termination_time: 690541.101
local_termination_time: 215269.54736000006
node_cons: 14148.303042242884
tot_aggregated_send: 9048
tot_msg_rcv: 434
tot_msg_sent: 943
tot_reconf_duration: 6.22
tot_sleeping_duration: 679981.0888399979
tot_uptimes: 177
tot_uptimes_duration: 10560.012160002138
