comms_cons: 120.08481279465053
finished_reconf: true
global_termination_time: 1174259.951
local_termination_time: 197275.53140000036
node_cons: 24122.87242559339
tot_aggregated_send: 15892
tot_msg_rcv: 855
tot_msg_sent: 1505
tot_reconf_duration: 15.34
tot_sleeping_duration: 1156259.9206000047
tot_uptimes: 301
tot_uptimes_duration: 18000.03039999504
