comms_cons: 120.09061758951431
finished_reconf: true
global_termination_time: 1170949.013
local_termination_time: 256539.58136000004
node_cons: 24030.29407454185
tot_aggregated_send: 15486
tot_msg_rcv: 903
tot_msg_sent: 1864
tot_reconf_duration: 6.279999999999999
tot_sleeping_duration: 1153008.9339600136
tot_uptimes: 300
tot_uptimes_duration: 17940.07903998642
