comms_cons: 117.80536319498121
finished_reconf: true
global_termination_time: 1174136.329
local_termination_time: 656376.2364799997
node_cons: 24109.64547119128
tot_aggregated_send: 15950
tot_msg_rcv: 545
tot_msg_sent: 1411
tot_reconf_duration: 5.57
tot_sleeping_duration: 1156136.2682000063
tot_uptimes: 301
tot_uptimes_duration: 18000.060799993516
