comms_cons: 121.69660798775797
finished_reconf: true
global_termination_time: 1171679.902
local_termination_time: 340970.43852000084
node_cons: 24106.264051191374
tot_aggregated_send: 15138
tot_msg_rcv: 1086
tot_msg_sent: 2273
tot_reconf_duration: 3.08
tot_sleeping_duration: 1153679.8412000064
tot_uptimes: 301
tot_uptimes_duration: 18000.060799993516
