comms_cons: 118.53123199397243
finished_reconf: true
global_termination_time: 1174714.254
local_termination_time: 1018562.569
node_cons: 24130.239197032402
tot_aggregated_send: 15309
tot_msg_rcv: 965
tot_msg_sent: 1742
tot_reconf_duration: 15.110000000000001
tot_sleeping_duration: 1156708.4886400057
tot_uptimes: 301
tot_uptimes_duration: 18005.765359994315
