comms_cons: 121.09017598889167
finished_reconf: true
global_termination_time: 1174352.476
local_termination_time: 815105.3893599998
node_cons: 24127.427164471897
tot_aggregated_send: 15370
tot_msg_rcv: 1016
tot_msg_sent: 2019
tot_reconf_duration: 18.700000000000003
tot_sleeping_duration: 1156352.451680006
tot_uptimes: 301
tot_uptimes_duration: 18000.024319993972
