comms_cons: 120.99148798766717
finished_reconf: true
global_termination_time: 1172050.283
local_termination_time: 899512.912999998
node_cons: 24118.900559585974
tot_aggregated_send: 15370
tot_msg_rcv: 999
tot_msg_sent: 2021
tot_reconf_duration: 10.95
tot_sleeping_duration: 1154048.7666000105
tot_uptimes: 301
tot_uptimes_duration: 18001.516399989545
