comms_cons: 102.95194879207018
finished_reconf: true
global_termination_time: 1017786.3634799999
local_termination_time: 271920.178
node_cons: 20966.587151199543
tot_aggregated_send: 13860
tot_msg_rcv: 556
tot_msg_sent: 1231
tot_reconf_duration: 22.65
tot_sleeping_duration: 1002150.9426800003
tot_uptimes: 261
tot_uptimes_duration: 15635.420799999614
