comms_cons: 100.64202239820355
finished_reconf: true
global_termination_time: 1019212.347
local_termination_time: 835101.1210799996
node_cons: 20974.701620000054
tot_aggregated_send: 14848
tot_msg_rcv: 163
tot_msg_sent: 286
tot_reconf_duration: 4.390000000000001
tot_sleeping_duration: 1003552.347
tot_uptimes: 262
tot_uptimes_duration: 15660.0
