comms_cons: 115.52417279265576
finished_reconf: true
global_termination_time: 1146911.343
local_termination_time: 768405.76112
node_cons: 23548.074901116986
tot_aggregated_send: 15834
tot_msg_rcv: 567
tot_msg_sent: 1158
tot_reconf_duration: 6.22
tot_sleeping_duration: 1129331.3369200025
tot_uptimes: 294
tot_uptimes_duration: 17580.006079997635
