comms_cons: 466.81827205949446
finished_reconf: true
global_termination_time: 4702657.958
local_termination_time: 2014031.05336
node_cons: 96737.92894558274
tot_aggregated_send: 64612
tot_msg_rcv: 2115
tot_msg_sent: 4225
tot_reconf_duration: 6.279999999999999
tot_sleeping_duration: 4630417.92760001
tot_uptimes: 1205
tot_uptimes_duration: 72240.0303999891
