comms_cons: 464.51592964490106
finished_reconf: true
global_termination_time: 4704473.375
local_termination_time: 2247831.3956
node_cons: 96736.95662446595
tot_aggregated_send: 64380
tot_msg_rcv: 2084
tot_msg_sent: 4139
tot_reconf_duration: 5.57
tot_sleeping_duration: 4632233.3506800085
tot_uptimes: 1205
tot_uptimes_duration: 72240.02431999124
