comms_cons: 470.13550087728805
finished_reconf: true
global_termination_time: 4703708.611
local_termination_time: 852958.13836
node_cons: 96735.94896781612
tot_aggregated_send: 66120
tot_msg_rcv: 1849
tot_msg_sent: 3489
tot_reconf_duration: 4.8100000000000005
tot_sleeping_duration: 4631468.568440015
tot_uptimes: 1205
tot_uptimes_duration: 72240.04255998414
