comms_cons: 362.49654404012335
finished_reconf: true
global_termination_time: 3625603.794
local_termination_time: 1600545.8247199997
node_cons: 74562.47188370874
tot_aggregated_send: 50402
tot_msg_rcv: 1502
tot_msg_sent: 3193
tot_reconf_duration: 5.1
tot_sleeping_duration: 3569923.774520007
tot_uptimes: 929
tot_uptimes_duration: 55680.01947999303
