comms_cons: 180.8483327239824
finished_reconf: true
global_termination_time: 919919.7455999999
local_termination_time: 2486.33136
node_cons: 18925.20661063815
tot_aggregated_send: 0
tot_msg_rcv: 13861
tot_msg_sent: 13624
tot_reconf_duration: 18.21
tot_sleeping_duration: 905804.3778400014
tot_uptimes: 236
tot_uptimes_duration: 14115.367759998597
