comms_cons: 92.54926079564709
finished_reconf: true
global_termination_time: 923046.351
local_termination_time: 155801.59244000068
node_cons: 18968.703042238292
tot_aggregated_send: 12760
tot_msg_rcv: 379
tot_msg_sent: 927
tot_reconf_duration: 6.22
tot_sleeping_duration: 908886.3388400013
tot_uptimes: 237
tot_uptimes_duration: 14160.012159998703
