comms_cons: 174.572492796906
finished_reconf: true
global_termination_time: 1776834.089
local_termination_time: 1355625.3504799977
node_cons: 36564.13326495029
tot_aggregated_send: 25694
tot_msg_rcv: 318
tot_msg_sent: 523
tot_reconf_duration: 5.1
tot_sleeping_duration: 1749532.216360007
tot_uptimes: 456
tot_uptimes_duration: 27301.872639992973
