comms_cons: 175.38173439713762
finished_reconf: true
global_termination_time: 1779575.127
local_termination_time: 1130286.0223599998
node_cons: 36572.58485999963
tot_aggregated_send: 26042
tot_msg_rcv: 279
tot_msg_sent: 336
tot_reconf_duration: 13.17
tot_sleeping_duration: 1752275.127
tot_uptimes: 456
tot_uptimes_duration: 27299.999999999884
