comms_cons: 1.421734399994595
finished_reconf: true
global_termination_time: 9519.05748
local_termination_time: 9519.01636
node_cons: 212.4316598400069
tot_aggregated_send: 0
tot_msg_rcv: 105
tot_msg_sent: 110
tot_reconf_duration: 24.59
tot_sleeping_duration: 9385.346919999994
tot_uptimes: 3
tot_uptimes_duration: 133.710560000005
