comms_cons: 2.2698239999945926
finished_reconf: true
global_termination_time: 13951.09
local_termination_time: 4046.9544800000003
node_cons: 248.3939399999998
tot_aggregated_send: 0
tot_msg_rcv: 175
tot_msg_sent: 169
tot_reconf_duration: 5.43
tot_sleeping_duration: 13771.09
tot_uptimes: 4
tot_uptimes_duration: 179.99999999999955
