comms_cons: 29.93536000015098
finished_reconf: true
global_termination_time: 302837.455
local_termination_time: 115045.66923999971
node_cons: 6196.799560000016
tot_aggregated_send: 4292
tot_msg_rcv: 90
tot_msg_sent: 168
tot_reconf_duration: 7.819999999999999
tot_sleeping_duration: 298217.455
tot_uptimes: 78
tot_uptimes_duration: 4620.0
