comms_cons: 68.75984639877294
finished_reconf: true
global_termination_time: 698107.871
local_termination_time: 215988.105
node_cons: 14339.135312882881
tot_aggregated_send: 9839
tot_msg_rcv: 148
tot_msg_sent: 464
tot_reconf_duration: 25.299999999999997
tot_sleeping_duration: 687424.6910799979
tot_uptimes: 179
tot_uptimes_duration: 10683.17992000212
