comms_cons: 138.08258557400956
finished_reconf: true
global_termination_time: 698166.109
local_termination_time: 2373.5623600000004
node_cons: 14331.298195837579
tot_aggregated_send: 0
tot_msg_rcv: 10671
tot_msg_sent: 10316
tot_reconf_duration: 22.65
tot_sleeping_duration: 687486.0944400019
tot_uptimes: 179
tot_uptimes_duration: 10680.014559998177
