comms_cons: 70.35138559943215
finished_reconf: true
global_termination_time: 697125.33236
local_termination_time: 225354.18544000023
node_cons: 14326.948931278292
tot_aggregated_send: 9512
tot_msg_rcv: 363
tot_msg_sent: 818
tot_reconf_duration: 4.390000000000001
tot_sleeping_duration: 686430.0468400014
tot_uptimes: 179
tot_uptimes_duration: 10695.285519998695
