comms_cons: 69.614515197925
finished_reconf: true
global_termination_time: 702426.264
local_termination_time: 99699.41135999998
node_cons: 14396.218980000038
tot_aggregated_send: 9918
tot_msg_rcv: 209
tot_msg_sent: 454
tot_reconf_duration: 11.31
tot_sleeping_duration: 691686.264
tot_uptimes: 180
tot_uptimes_duration: 10740.0
