comms_cons: 85.44407039775066
finished_reconf: true
global_termination_time: 870133.812
local_termination_time: 7117.725
node_cons: 17845.757323355123
tot_aggregated_send: 12230
tot_msg_rcv: 220
tot_msg_sent: 537
tot_reconf_duration: 7.55
tot_sleeping_duration: 856813.7937600036
tot_uptimes: 223
tot_uptimes_duration: 13320.018239996338
