comms_cons: 257.3914624001748
finished_reconf: true
global_termination_time: 2589917.2744799997
local_termination_time: 2589917.2333599995
node_cons: 53317.1798009569
tot_aggregated_send: 37280
tot_msg_rcv: 673
tot_msg_sent: 1168
tot_reconf_duration: 24.59
tot_sleeping_duration: 2550123.557840001
tot_uptimes: 664
tot_uptimes_duration: 39793.71663999854
