comms_cons: 262.05207679904373
finished_reconf: true
global_termination_time: 2589917.2492399886
local_termination_time: 99391.17779999984
node_cons: 53360.63242605429
tot_aggregated_send: 35670
tot_msg_rcv: 1496
tot_msg_sent: 2664
tot_reconf_duration: 18.21
tot_sleeping_duration: 2550084.610520007
tot_uptimes: 664
tot_uptimes_duration: 39832.63871998142
