comms_cons: 252.1544191921772
finished_reconf: true
global_termination_time: 2592116.898
local_termination_time: 1452191.175519999
node_cons: 53269.57818223717
tot_aggregated_send: 36192
tot_msg_rcv: 715
tot_msg_sent: 1419
tot_reconf_duration: 3.05
tot_sleeping_duration: 2552336.885840001
tot_uptimes: 664
tot_uptimes_duration: 39780.0121599987
