comms_cons: 277.4475326081304
finished_reconf: true
global_termination_time: 1396342.456
local_termination_time: 1555.0420400000014
node_cons: 28706.149885596864
tot_aggregated_send: 0
tot_msg_rcv: 21461
tot_msg_sent: 20707
tot_reconf_duration: 18.21
tot_sleeping_duration: 1374922.4256000023
tot_uptimes: 358
tot_uptimes_duration: 21420.030399997624
