comms_cons: 135.30782719877877
finished_reconf: true
global_termination_time: 1394851.115
local_termination_time: 592912.8546799985
node_cons: 28724.164637518086
tot_aggregated_send: 20242
tot_msg_rcv: 83
tot_msg_sent: 241
tot_reconf_duration: 25.299999999999997
tot_sleeping_duration: 1373424.8213200015
tot_uptimes: 358
tot_uptimes_duration: 21426.29367999849
