comms_cons: 275.4856318100007
finished_reconf: true
global_termination_time: 1394122.4026
local_termination_time: 2709.51236
node_cons: 28732.740553987525
tot_aggregated_send: 0
tot_msg_rcv: 21162
tot_msg_sent: 20706
tot_reconf_duration: 22.65
tot_sleeping_duration: 1372687.0166000093
tot_uptimes: 358
tot_uptimes_duration: 21435.38599999065
