comms_cons: 140.1034879900957
finished_reconf: true
global_termination_time: 1395923.453
local_termination_time: 350048.0731200005
node_cons: 28688.753940000035
tot_aggregated_send: 19778
tot_msg_rcv: 593
tot_msg_sent: 923
tot_reconf_duration: 5.43
tot_sleeping_duration: 1374503.453
tot_uptimes: 358
tot_uptimes_duration: 21420.0
