comms_cons: 487.37397767227526
finished_reconf: true
global_termination_time: 4911737.462
local_termination_time: 2086568.67636
node_cons: 101008.24428446549
tot_aggregated_send: 67802
tot_msg_rcv: 2054
tot_msg_sent: 4222
tot_reconf_duration: 15.34
tot_sleeping_duration: 4836317.437680009
tot_uptimes: 1258
tot_uptimes_duration: 75420.02431999124
