comms_cons: 492.6882304968283
finished_reconf: true
global_termination_time: 4907423.219
local_termination_time: 505609.62636000005
node_cons: 100937.8719700502
tot_aggregated_send: 68498
tot_msg_rcv: 2115
tot_msg_sent: 4271
tot_reconf_duration: 22.65
tot_sleeping_duration: 4832063.16428002
tot_uptimes: 1257
tot_uptimes_duration: 75360.05471997987
