comms_cons: 491.93688969106483
finished_reconf: true
global_termination_time: 4907900.232
local_termination_time: 978871.771359999
node_cons: 100913.64525005023
tot_aggregated_send: 68092
tot_msg_rcv: 2203
tot_msg_sent: 4476
tot_reconf_duration: 4.8100000000000005
tot_sleeping_duration: 4832540.17728002
tot_uptimes: 1257
tot_uptimes_duration: 75360.05471997987
