comms_cons: 108.5041663947264
finished_reconf: true
global_termination_time: 1081368.455
local_termination_time: 151666.69136000006
node_cons: 22178.104051205126
tot_aggregated_send: 13804
tot_msg_rcv: 806
tot_msg_sent: 1882
tot_reconf_duration: 3.08
tot_sleeping_duration: 1064808.3941999963
tot_uptimes: 277
tot_uptimes_duration: 16560.06080000382
