comms_cons: 108.19800319303208
finished_reconf: true
global_termination_time: 1079078.241
local_termination_time: 324242.29636000004
node_cons: 22199.275305593328
tot_aggregated_send: 14616
tot_msg_rcv: 620
tot_msg_sent: 1208
tot_reconf_duration: 18.700000000000003
tot_sleeping_duration: 1062518.210600005
tot_uptimes: 277
tot_uptimes_duration: 16560.03039999504
