comms_cons: 2359.8689843443726
finished_reconf: true
global_termination_time: 4879897.7266
local_termination_time: 4879897.6854799995
node_cons: 296252.3972302863
tot_aggregated_send: 0
tot_msg_rcv: 144960
tot_msg_sent: 213725
tot_reconf_duration: 37.410000000000004
tot_sleeping_duration: 4658686.677720025
tot_uptimes: 3632
tot_uptimes_duration: 221211.04887997443
