comms_cons: 486.916748861321
finished_reconf: true
global_termination_time: 4883973.913
local_termination_time: 1851541.412719999
node_cons: 100441.1601999973
tot_aggregated_send: 69542
tot_msg_rcv: 1518
tot_msg_sent: 2947
tot_reconf_duration: 11.899999999999999
tot_sleeping_duration: 4808973.913
tot_uptimes: 1251
tot_uptimes_duration: 75000.0
