comms_cons: 484.4468608733381
finished_reconf: true
global_termination_time: 4884179.597
local_termination_time: 1519353.7590799986
node_cons: 100433.50374781585
tot_aggregated_send: 68324
tot_msg_rcv: 1823
tot_msg_sent: 3487
tot_reconf_duration: 6.22
tot_sleeping_duration: 4809179.554440016
tot_uptimes: 1251
tot_uptimes_duration: 75000.04255998414
