comms_cons: 231.57468158665182
finished_reconf: true
global_termination_time: 2290780.224
local_termination_time: 634252.8543599999
node_cons: 47167.18476558352
tot_aggregated_send: 31436
tot_msg_rcv: 1150
tot_msg_sent: 2612
tot_reconf_duration: 5.57
tot_sleeping_duration: 2255560.193600012
tot_uptimes: 587
tot_uptimes_duration: 35220.03039998817
