comms_cons: 231.0354495915566
finished_reconf: true
global_termination_time: 2292555.974
local_termination_time: 1256977.7113599998
node_cons: 47193.96996446682
tot_aggregated_send: 31842
tot_msg_rcv: 1087
tot_msg_sent: 2187
tot_reconf_duration: 25.299999999999997
tot_sleeping_duration: 2257335.9496800094
tot_uptimes: 588
tot_uptimes_duration: 35220.02431999054
