comms_cons: 231.1996671920666
finished_reconf: true
global_termination_time: 2290829.91
local_termination_time: 1134047.58236
node_cons: 47165.557902232955
tot_aggregated_send: 32016
tot_msg_rcv: 1150
tot_msg_sent: 1975
tot_reconf_duration: 4.390000000000001
tot_sleeping_duration: 2255609.897840005
tot_uptimes: 587
tot_uptimes_duration: 35220.01215999527
