comms_cons: 231.91140478868246
finished_reconf: true
global_termination_time: 2292543.539
local_termination_time: 8653.40448
node_cons: 47174.98846943422
tot_aggregated_send: 31552
tot_msg_rcv: 1199
tot_msg_sent: 2498
tot_reconf_duration: 11.31
tot_sleeping_duration: 2257323.502040004
tot_uptimes: 588
tot_uptimes_duration: 35220.03695999611
