comms_cons: 168.26792953938528
finished_reconf: true
global_termination_time: 989712.302
local_termination_time: 94132.20635999997
node_cons: 20337.09577231048
tot_aggregated_send: 0
tot_msg_rcv: 13092
tot_msg_sent: 12484
tot_reconf_duration: 8.09
tot_sleeping_duration: 974532.2351200072
tot_uptimes: 254
tot_uptimes_duration: 15180.066879992875
