comms_cons: 100.01400319723334
finished_reconf: true
global_termination_time: 990260.281
local_termination_time: 433532.30936
node_cons: 20338.82050112144
tot_aggregated_send: 13688
tot_msg_rcv: 540
tot_msg_sent: 972
tot_reconf_duration: 9.42
tot_sleeping_duration: 975080.274919999
tot_uptimes: 254
tot_uptimes_duration: 15180.006080001069
