comms_cons: 99.51683839565126
finished_reconf: true
global_termination_time: 989821.714
local_termination_time: 446134.80168000027
node_cons: 20343.220386719426
tot_aggregated_send: 13108
tot_msg_rcv: 682
tot_msg_sent: 1338
tot_reconf_duration: 12.629999999999999
tot_sleeping_duration: 974641.6775200005
tot_uptimes: 254
tot_uptimes_duration: 15180.036479999544
