comms_cons: 594.430489699098
finished_reconf: true
global_termination_time: 6010569.871
local_termination_time: 2899431.1705599995
node_cons: 123650.22650558196
tot_aggregated_send: 82940
tot_msg_rcv: 2475
tot_msg_sent: 4934
tot_reconf_duration: 5.1
tot_sleeping_duration: 5918229.840600011
tot_uptimes: 1540
tot_uptimes_duration: 92340.03039998934
