comms_cons: 605.9533505829331
finished_reconf: true
global_termination_time: 6011414.801
local_termination_time: 1900033.0863599998
node_cons: 123653.96097116734
tot_aggregated_send: 82824
tot_msg_rcv: 3178
tot_msg_sent: 6098
tot_reconf_duration: 7.819999999999999
tot_sleeping_duration: 5919074.740200021
tot_uptimes: 1540
tot_uptimes_duration: 92340.06079997844
