comms_cons: 600.3996033421195
finished_reconf: true
global_termination_time: 6011131.073
local_termination_time: 2120092.9160799985
node_cons: 123658.67596781619
tot_aggregated_send: 83462
tot_msg_rcv: 2761
tot_msg_sent: 5033
tot_reconf_duration: 11.31
tot_sleeping_duration: 5918791.030440015
tot_uptimes: 1540
tot_uptimes_duration: 92340.04255998507
