comms_cons: 254.18557440490184
finished_reconf: true
global_termination_time: 2556397.56
local_termination_time: 1407657.4913599999
node_cons: 52567.08917999914
tot_aggregated_send: 36482
tot_msg_rcv: 719
tot_msg_sent: 1433
tot_reconf_duration: 18.21
tot_sleeping_duration: 2517157.56
tot_uptimes: 655
tot_uptimes_duration: 39240.0
