comms_cons: 253.8484159905291
finished_reconf: true
global_termination_time: 2556920.965
local_termination_time: 439473.6663600001
node_cons: 52563.22428447147
tot_aggregated_send: 35960
tot_msg_rcv: 790
tot_msg_sent: 1833
tot_reconf_duration: 15.34
tot_sleeping_duration: 2517680.9406800056
tot_uptimes: 655
tot_uptimes_duration: 39240.024319994205
