comms_cons: 257.18750719945194
finished_reconf: true
global_termination_time: 2556822.468
local_termination_time: 121850.03747999997
node_cons: 52550.87188894337
tot_aggregated_send: 35786
tot_msg_rcv: 1155
tot_msg_sent: 2151
tot_reconf_duration: 6.22
tot_sleeping_duration: 2517582.419360012
tot_uptimes: 655
tot_uptimes_duration: 39240.04863998818
