comms_cons: 285.9183552207159
finished_reconf: true
global_termination_time: 2808091.53
local_termination_time: 2036069.3023599999
node_cons: 57852.3884833505
tot_aggregated_send: 38628
tot_msg_rcv: 1696
tot_msg_sent: 3133
tot_reconf_duration: 5.57
tot_sleeping_duration: 2764891.511760006
tot_uptimes: 720
tot_uptimes_duration: 43200.0182399936
