comms_cons: 285.022745615552
finished_reconf: false
global_termination_time: 2810970.609
local_termination_time: 0
node_cons: 57844.832564467244
tot_aggregated_send: 38918
tot_msg_rcv: 1557
tot_msg_sent: 2846
tot_reconf_duration: 0
tot_sleeping_duration: 2767770.584680009
tot_uptimes: 720
tot_uptimes_duration: 43200.02431999124
