comms_cons: 91.62256639618337
finished_reconf: true
global_termination_time: 912990.2911599993
local_termination_time: 912990.2500399994
node_cons: 18808.101797598767
tot_aggregated_send: 12676
tot_msg_rcv: 415
tot_msg_sent: 835
tot_reconf_duration: 37.410000000000004
tot_sleeping_duration: 898981.8527600003
tot_uptimes: 234
tot_uptimes_duration: 14008.43839999905
