comms_cons: 90.03503360021874
finished_reconf: true
global_termination_time: 914333.554
local_termination_time: 432300.21436000004
node_cons: 18833.925541121444
tot_aggregated_send: 12412
tot_msg_rcv: 420
tot_msg_sent: 853
tot_reconf_duration: 25.299999999999997
tot_sleeping_duration: 900293.547919999
tot_uptimes: 235
tot_uptimes_duration: 14040.006080001069
