comms_cons: 92.3140095984196
finished_reconf: true
global_termination_time: 915094.929
local_termination_time: 524342.8784799998
node_cons: 18814.47080559792
tot_aggregated_send: 12296
tot_msg_rcv: 628
tot_msg_sent: 1108
tot_reconf_duration: 10.95
tot_sleeping_duration: 901054.8986000015
tot_uptimes: 235
tot_uptimes_duration: 14040.030399998475
