comms_cons: 252.04248318724774
finished_reconf: true
global_termination_time: 2511301.632
local_termination_time: 807372.1233599999
node_cons: 51667.19708670027
tot_aggregated_send: 34974
tot_msg_rcv: 1181
tot_msg_sent: 2154
tot_reconf_duration: 6.279999999999999
tot_sleeping_duration: 2472721.5955200144
tot_uptimes: 644
tot_uptimes_duration: 38580.03647998581
