comms_cons: 248.18778879684766
finished_reconf: true
global_termination_time: 2512577.154
local_termination_time: 321915.0844800001
node_cons: 51665.16012111607
tot_aggregated_send: 35612
tot_msg_rcv: 716
tot_msg_sent: 1396
tot_reconf_duration: 4.8100000000000005
tot_sleeping_duration: 2473997.1479200027
tot_uptimes: 644
tot_uptimes_duration: 38580.006079997635
