comms_cons: 43.35034880013332
finished_reconf: true
global_termination_time: 441718.756
local_termination_time: 311214.3592400005
node_cons: 9085.345799999981
tot_aggregated_send: 6496
tot_msg_rcv: 39
tot_msg_sent: 54
tot_reconf_duration: 5.1
tot_sleeping_duration: 434938.756
tot_uptimes: 114
tot_uptimes_duration: 6780.0
