comms_cons: 44.370752000641275
finished_reconf: true
global_termination_time: 439864.851
local_termination_time: 364.87207999999976
node_cons: 9004.61198000001
tot_aggregated_send: 6032
tot_msg_rcv: 250
tot_msg_sent: 462
tot_reconf_duration: 4.8100000000000005
tot_sleeping_duration: 433144.851
tot_uptimes: 113
tot_uptimes_duration: 6720.0
