comms_cons: 43.17271040028117
finished_reconf: true
global_termination_time: 440065.042
local_termination_time: 64950.52160000002
node_cons: 9015.239681121448
tot_aggregated_send: 6322
tot_msg_rcv: 77
tot_msg_sent: 163
tot_reconf_duration: 12.629999999999999
tot_sleeping_duration: 433345.03591999895
tot_uptimes: 113
tot_uptimes_duration: 6720.006080001069
