comms_cons: 43.706252800290635
finished_reconf: true
global_termination_time: 442229.846
local_termination_time: 153185.92576000042
node_cons: 9103.814600000027
tot_aggregated_send: 6322
tot_msg_rcv: 106
tot_msg_sent: 215
tot_reconf_duration: 18.700000000000003
tot_sleeping_duration: 435449.846
tot_uptimes: 114
tot_uptimes_duration: 6780.0
