comms_cons: 44.34443520028447
finished_reconf: true
global_termination_time: 444543.651
local_termination_time: 32866.16664000017
node_cons: 9093.770426079389
tot_aggregated_send: 6148
tot_msg_rcv: 196
tot_msg_sent: 396
tot_reconf_duration: 10.95
tot_sleeping_duration: 437763.29228000046
tot_uptimes: 114
tot_uptimes_duration: 6780.358719999538
