comms_cons: 51.26318080420721
finished_reconf: true
global_termination_time: 261088.69492000085
local_termination_time: 90.47004000000007
node_cons: 5398.406658002564
tot_aggregated_send: 0
tot_msg_rcv: 3932
tot_msg_sent: 3857
tot_reconf_duration: 18.21
tot_sleeping_duration: 257075.49291999894
tot_uptimes: 67
tot_uptimes_duration: 4013.202000001911
