comms_cons: 51.231257603791256
finished_reconf: true
global_termination_time: 261170.599
local_termination_time: 3504.68636
node_cons: 5308.971980000005
tot_aggregated_send: 0
tot_msg_rcv: 3957
tot_msg_sent: 3829
tot_reconf_duration: 4.8100000000000005
tot_sleeping_duration: 257210.599
tot_uptimes: 67
tot_uptimes_duration: 3960.0
