comms_cons: 25.021324800135506
finished_reconf: true
global_termination_time: 264913.424
local_termination_time: 61044.543000000005
node_cons: 5395.762113683152
tot_aggregated_send: 3535
tot_msg_rcv: 87
tot_msg_sent: 181
tot_reconf_duration: 6.22
tot_sleeping_duration: 260890.03687999767
tot_uptimes: 68
tot_uptimes_duration: 4023.3871200023495
