comms_cons: 0.6996096000003298
finished_reconf: true
global_termination_time: 7176.312
local_termination_time: 1469.378440000003
node_cons: 96.50019999999981
tot_aggregated_send: 0
tot_msg_rcv: 59
tot_msg_sent: 47
tot_reconf_duration: 11.899999999999999
tot_sleeping_duration: 7116.312
tot_uptimes: 2
tot_uptimes_duration: 60.0
