comms_cons: 197.7237247041328
finished_reconf: true
global_termination_time: 995421.7457599991
local_termination_time: 2279.9240400000012
node_cons: 20458.24942711545
tot_aggregated_send: 0
tot_msg_rcv: 15287
tot_msg_sent: 14764
tot_reconf_duration: 4.390000000000001
tot_sleeping_duration: 980147.4456800026
tot_uptimes: 255
tot_uptimes_duration: 15274.300079996581
