comms_cons: 102.57278079142421
finished_reconf: true
global_termination_time: 995421.8651200001
local_termination_time: 140641.6572800008
node_cons: 20443.452985282715
tot_aggregated_send: 12702
tot_msg_rcv: 972
tot_msg_sent: 1915
tot_reconf_duration: 11.31
tot_sleeping_duration: 980165.6335999981
tot_uptimes: 255
tot_uptimes_duration: 15256.23152000201
