comms_cons: 333.5672192007427
finished_reconf: true
global_termination_time: 3380332.017
local_termination_time: 2040997.0015999998
node_cons: 69514.9398611154
tot_aggregated_send: 47444
tot_msg_rcv: 1176
tot_msg_sent: 2080
tot_reconf_duration: 15.34
tot_sleeping_duration: 3328432.0109200026
tot_uptimes: 866
tot_uptimes_duration: 51900.006079997635
