comms_cons: 334.40162561159906
finished_reconf: true
global_termination_time: 3383831.984
local_termination_time: 1445563.248
node_cons: 69606.93411053404
tot_aggregated_send: 46513
tot_msg_rcv: 1405
tot_msg_sent: 2909
tot_reconf_duration: 15.110000000000001
tot_sleeping_duration: 3331863.0409600185
tot_uptimes: 867
tot_uptimes_duration: 51968.94303998188
