comms_cons: 340.35315204093723
finished_reconf: true
global_termination_time: 3383969.081
local_termination_time: 795200.5913599998
node_cons: 69599.92415228512
tot_aggregated_send: 46632
tot_msg_rcv: 1795
tot_msg_sent: 3304
tot_reconf_duration: 18.700000000000003
tot_sleeping_duration: 3332009.0141200246
tot_uptimes: 867
tot_uptimes_duration: 51960.06687997514
