comms_cons: 344.84679683281274
finished_reconf: true
global_termination_time: 3383016.965
local_termination_time: 361909.8363600001
node_cons: 69581.03710893376
tot_aggregated_send: 46052
tot_msg_rcv: 2179
tot_msg_sent: 4182
tot_reconf_duration: 4.8100000000000005
tot_sleeping_duration: 3331056.9163600183
tot_uptimes: 867
tot_uptimes_duration: 51960.04863998154
