comms_cons: 342.8974336365888
finished_reconf: true
global_termination_time: 3384524.421
local_termination_time: 1204626.6473599998
node_cons: 69580.45046669996
tot_aggregated_send: 46516
tot_msg_rcv: 1884
tot_msg_sent: 3717
tot_reconf_duration: 4.390000000000001
tot_sleeping_duration: 3332564.384520014
tot_uptimes: 867
tot_uptimes_duration: 51960.03647998627
