comms_cons: 339.30656001898774
finished_reconf: true
global_termination_time: 3380757.543
local_termination_time: 1365110.0153599996
node_cons: 69498.29074670015
tot_aggregated_send: 47096
tot_msg_rcv: 1395
tot_msg_sent: 3080
tot_reconf_duration: 3.05
tot_sleeping_duration: 3328857.506520014
tot_uptimes: 866
tot_uptimes_duration: 51900.036479986506
