comms_cons: 338.7564288175826
finished_reconf: true
global_termination_time: 3382701.949
local_termination_time: 1411446.56736
node_cons: 69585.10840670048
tot_aggregated_send: 47444
tot_msg_rcv: 1275
tot_msg_sent: 2770
tot_reconf_duration: 7.819999999999999
tot_sleeping_duration: 3330741.9125200133
tot_uptimes: 867
tot_uptimes_duration: 51960.036479986506
