comms_cons: 204.03477757862322
finished_reconf: true
global_termination_time: 2007597.873
local_termination_time: 1259625.4606799996
node_cons: 41302.3566244671
tot_aggregated_send: 27318
tot_msg_rcv: 1198
tot_msg_sent: 2497
tot_reconf_duration: 5.57
tot_sleeping_duration: 1976757.8486800094
tot_uptimes: 515
tot_uptimes_duration: 30840.024319990538
