comms_cons: 349.46556132202807
finished_reconf: true
global_termination_time: 2006318.994
local_termination_time: 721979.0333599999
node_cons: 41221.00082670075
tot_aggregated_send: 0
tot_msg_rcv: 26827
tot_msg_sent: 26291
tot_reconf_duration: 4.8100000000000005
tot_sleeping_duration: 1975538.9575200141
tot_uptimes: 514
tot_uptimes_duration: 30780.036479985807
