comms_cons: 47.02619520298971
finished_reconf: true
global_termination_time: 373175.3747200001
local_termination_time: 373175.33360000007
node_cons: 7684.283896016766
tot_aggregated_send: 3016
tot_msg_rcv: 1592
tot_msg_sent: 2542
tot_reconf_duration: 24.59
tot_sleeping_duration: 367461.49071998755
tot_uptimes: 96
tot_uptimes_duration: 5713.884000012511
