comms_cons: 36.92149760004293
finished_reconf: true
global_termination_time: 374002.0
local_termination_time: 2604.4642400000043
node_cons: 7640.746760000009
tot_aggregated_send: 5278
tot_msg_rcv: 105
tot_msg_sent: 228
tot_reconf_duration: 6.22
tot_sleeping_duration: 368302.0
tot_uptimes: 96
tot_uptimes_duration: 5700.0
