comms_cons: 41.574592000926955
finished_reconf: true
global_termination_time: 400892.443
local_termination_time: 73477.45359999995
node_cons: 8212.115156642813
tot_aggregated_send: 5278
tot_msg_rcv: 404
tot_msg_sent: 638
tot_reconf_duration: 9.11
tot_sleeping_duration: 394768.66123999795
tot_uptimes: 103
tot_uptimes_duration: 6123.7817600020935
