comms_cons: 41.49796480097447
finished_reconf: true
global_termination_time: 401539.114
local_termination_time: 110023.66879999956
node_cons: 8201.229226321791
tot_aggregated_send: 5278
tot_msg_rcv: 392
tot_msg_sent: 637
tot_reconf_duration: 4.8100000000000005
tot_sleeping_duration: 395419.10111999867
tot_uptimes: 103
tot_uptimes_duration: 6120.0128800013335
