comms_cons: 57.633792000913076
finished_reconf: true
global_termination_time: 567066.736
local_termination_time: 137110.84736000004
node_cons: 11664.683403364304
tot_aggregated_send: 7772
tot_msg_rcv: 355
tot_msg_sent: 633
tot_reconf_duration: 11.31
tot_sleeping_duration: 558366.7177599969
tot_uptimes: 146
tot_uptimes_duration: 8700.018240003206
