comms_cons: 51.350656001046175
finished_reconf: true
global_termination_time: 178699.9943200003
local_termination_time: 2518.093040000001
node_cons: 7198.480888480402
tot_aggregated_send: 0
tot_msg_rcv: 2626
tot_msg_sent: 5178
tot_reconf_duration: 4.390000000000001
tot_sleeping_duration: 173328.43399999998
tot_uptimes: 89
tot_uptimes_duration: 5371.560320000295
