comms_cons: 83.71541119742133
finished_reconf: true
global_termination_time: 793502.5919599987
local_termination_time: 793502.5508399988
node_cons: 16424.54073952198
tot_aggregated_send: 10265
tot_msg_rcv: 936
tot_msg_sent: 1524
tot_reconf_duration: 42.44
tot_sleeping_duration: 781279.3602799973
tot_uptimes: 204
tot_uptimes_duration: 12223.231680001427
