comms_cons: 78.53591039803348
finished_reconf: true
global_termination_time: 795664.519
local_termination_time: 7370.317
node_cons: 16317.040306719411
tot_aggregated_send: 10840
tot_msg_rcv: 345
tot_msg_sent: 752
tot_reconf_duration: 5.87
tot_sleeping_duration: 783484.4825200004
tot_uptimes: 204
tot_uptimes_duration: 12180.036479999544
