comms_cons: 80.10238719753238
finished_reconf: true
global_termination_time: 793563.745
local_termination_time: 7175.091
node_cons: 16319.321746721731
tot_aggregated_send: 10548
tot_msg_rcv: 601
tot_msg_sent: 1027
tot_reconf_duration: 7.55
tot_sleeping_duration: 781383.7085199987
tot_uptimes: 204
tot_uptimes_duration: 12180.036480001276
