comms_cons: 200.3432191947511
finished_reconf: true
global_termination_time: 2040043.123
local_termination_time: 1019738.4963599999
node_cons: 41945.044059999585
tot_aggregated_send: 29464
tot_msg_rcv: 303
tot_msg_sent: 684
tot_reconf_duration: 5.57
tot_sleeping_duration: 2008723.123
tot_uptimes: 523
tot_uptimes_duration: 31320.0
