comms_cons: 204.14004477898172
finished_reconf: true
global_termination_time: 2044779.383
local_termination_time: 264436.35672000004
node_cons: 42023.838607822014
tot_aggregated_send: 27666
tot_msg_rcv: 1205
tot_msg_sent: 2157
tot_reconf_duration: 4.390000000000001
tot_sleeping_duration: 2013399.340440013
tot_uptimes: 524
tot_uptimes_duration: 31380.042559986876
