comms_cons: 26.473888000502527
finished_reconf: true
global_termination_time: 264326.864
local_termination_time: 164817.19136000006
node_cons: 5398.147121121432
tot_aggregated_send: 3596
tot_msg_rcv: 146
tot_msg_sent: 281
tot_reconf_duration: 11.31
tot_sleeping_duration: 260306.85791999893
tot_uptimes: 68
tot_uptimes_duration: 4020.0060800010688
