comms_cons: 0.9671423999968064
finished_reconf: true
global_termination_time: 6586.618999999999
local_termination_time: 2185.82436
node_cons: 105.06918000000005
tot_aggregated_send: 0
tot_msg_rcv: 105
tot_msg_sent: 42
tot_reconf_duration: 18.21
tot_sleeping_duration: 6526.618999999999
tot_uptimes: 2
tot_uptimes_duration: 59.99999999999909
