comms_cons: 167.72712958010976
finished_reconf: true
global_termination_time: 1646818.229
local_termination_time: 846096.9003599999
node_cons: 33831.76593340663
tot_aggregated_send: 22040
tot_msg_rcv: 1063
tot_msg_sent: 2389
tot_reconf_duration: 6.279999999999999
tot_sleeping_duration: 1621558.156040025
tot_uptimes: 422
tot_uptimes_duration: 25260.07295997505
