comms_cons: 163.93729279152635
finished_reconf: true
global_termination_time: 1646155.628
local_termination_time: 1205932.1071599992
node_cons: 33924.007521116655
tot_aggregated_send: 23606
tot_msg_rcv: 454
tot_msg_sent: 857
tot_reconf_duration: 15.110000000000001
tot_sleeping_duration: 1620835.6219200024
tot_uptimes: 422
tot_uptimes_duration: 25320.006079997635
