comms_cons: 262.1822463945018
finished_reconf: true
global_termination_time: 2621919.378
local_termination_time: 119399.35935999996
node_cons: 53942.54624670703
tot_aggregated_send: 36134
tot_msg_rcv: 1177
tot_msg_sent: 2539
tot_reconf_duration: 25.299999999999997
tot_sleeping_duration: 2581659.3415200086
tot_uptimes: 672
tot_uptimes_duration: 40260.03647999097
