comms_cons: 580.9242371996561
finished_reconf: true
global_termination_time: 2958109.137
local_termination_time: 1084994.3868399996
node_cons: 60848.14684111554
tot_aggregated_send: 0
tot_msg_rcv: 44408
tot_msg_sent: 43889
tot_reconf_duration: 22.65
tot_sleeping_duration: 2912689.1309200027
tot_uptimes: 758
tot_uptimes_duration: 45420.006079997635
