comms_cons: 291.84673280855117
finished_reconf: true
global_termination_time: 2963435.294
local_termination_time: 2207923.41836
node_cons: 60915.60485999873
tot_aggregated_send: 42978
tot_msg_rcv: 407
tot_msg_sent: 974
tot_reconf_duration: 13.17
tot_sleeping_duration: 2917955.294
tot_uptimes: 759
tot_uptimes_duration: 45480.0
