comms_cons: 183.75668478069792
finished_reconf: true
global_termination_time: 1805605.684
local_termination_time: 1119779.02136
node_cons: 37125.64080446723
tot_aggregated_send: 23722
tot_msg_rcv: 1416
tot_msg_sent: 2791
tot_reconf_duration: 6.279999999999999
tot_sleeping_duration: 1777885.6596800094
tot_uptimes: 463
tot_uptimes_duration: 27720.024319990538
