comms_cons: 177.51339519942488
finished_reconf: true
global_termination_time: 1802407.854
local_termination_time: 1213911.9189199982
node_cons: 37054.62485999977
tot_aggregated_send: 26216
tot_msg_rcv: 254
tot_msg_sent: 511
tot_reconf_duration: 13.17
tot_sleeping_duration: 1774747.854
tot_uptimes: 462
tot_uptimes_duration: 27660.0
