comms_cons: 183.91854717947572
finished_reconf: true
global_termination_time: 1803237.788
local_termination_time: 755754.9556799985
node_cons: 37043.34525005143
tot_aggregated_send: 24012
tot_msg_rcv: 1202
tot_msg_sent: 2737
tot_reconf_duration: 4.8100000000000005
tot_sleeping_duration: 1775577.7332800212
tot_uptimes: 462
tot_uptimes_duration: 27660.05471997871
