comms_cons: 46.6539007998748
finished_reconf: true
global_termination_time: 13319.22936000001
local_termination_time: 3055.122480000002
node_cons: 5573.726805000066
tot_aggregated_send: 0
tot_msg_rcv: 3678
tot_msg_sent: 3412
tot_reconf_duration: 5.57
tot_sleeping_duration: 9162.274359999963
tot_uptimes: 56
tot_uptimes_duration: 4156.955000000046
