comms_cons: 1.7763839999941309
finished_reconf: true
global_termination_time: 19054.66
local_termination_time: 7481.05036
node_cons: 334.15236000000016
tot_aggregated_send: 0
tot_msg_rcv: 157
tot_msg_sent: 113
tot_reconf_duration: 9.42
tot_sleeping_duration: 18814.66
tot_uptimes: 5
tot_uptimes_duration: 240.0
