comms_cons: 3.03959039999687
finished_reconf: true
global_termination_time: 14735.24
local_termination_time: 6947.890480000001
node_cons: 266.414600000001
tot_aggregated_send: 0
tot_msg_rcv: 303
tot_msg_sent: 158
tot_reconf_duration: 18.700000000000003
tot_sleeping_duration: 14555.24
tot_uptimes: 4
tot_uptimes_duration: 180.0
