comms_cons: 57.923276800287425
finished_reconf: true
global_termination_time: 596090.049
local_termination_time: 412758.9040800001
node_cons: 12246.037400000001
tot_aggregated_send: 8584
tot_msg_rcv: 68
tot_msg_sent: 152
tot_reconf_duration: 25.299999999999997
tot_sleeping_duration: 586970.049
tot_uptimes: 153
tot_uptimes_duration: 9120.0
