comms_cons: 2.335615999992282
finished_reconf: true
global_termination_time: 16361.893
local_termination_time: 10317.66436
node_cons: 325.5426399999999
tot_aggregated_send: 0
tot_msg_rcv: 181
tot_msg_sent: 174
tot_reconf_duration: 3.08
tot_sleeping_duration: 16121.893
tot_uptimes: 5
tot_uptimes_duration: 240.0
