comms_cons: 55.272358401500185
finished_reconf: true
global_termination_time: 523386.605
local_termination_time: 64715.17936000001
node_cons: 10783.493706726278
tot_aggregated_send: 6612
tot_msg_rcv: 632
tot_msg_sent: 1156
tot_reconf_duration: 13.17
tot_sleeping_duration: 515346.5685199953
tot_uptimes: 135
tot_uptimes_duration: 8040.036480004681
