comms_cons: 53.75206400103344
finished_reconf: true
global_termination_time: 521787.978
local_termination_time: 148981.94336000003
node_cons: 10700.09824112142
tot_aggregated_send: 6844
tot_msg_rcv: 463
tot_msg_sent: 863
tot_reconf_duration: 10.95
tot_sleeping_duration: 513807.97191999893
tot_uptimes: 134
tot_uptimes_duration: 7980.006080001069
