comms_cons: 52.641433600562245
finished_reconf: true
global_termination_time: 522938.005
local_termination_time: 252556.13948000007
node_cons: 10706.084284484594
tot_aggregated_send: 7192
tot_msg_rcv: 296
tot_msg_sent: 513
tot_reconf_duration: 15.34
tot_sleeping_duration: 514957.9806799966
tot_uptimes: 134
tot_uptimes_duration: 7980.024320003424
