comms_cons: 576.2464831224183
finished_reconf: true
global_termination_time: 882142.155
local_termination_time: 272115.8824800001
node_cons: 87857.72716604396
tot_aggregated_send: 0
tot_msg_rcv: 39598
tot_msg_sent: 47990
tot_reconf_duration: 15.34
tot_sleeping_duration: 816543.2786399956
tot_uptimes: 1059
tot_uptimes_duration: 65598.87636000445
