comms_cons: 134.09788158141373
finished_reconf: true
global_termination_time: 885635.837
local_termination_time: 272105.00360000005
node_cons: 18164.24650447654
tot_aggregated_send: 0
tot_msg_rcv: 10452
tot_msg_sent: 9931
tot_reconf_duration: 5.43
tot_sleeping_duration: 872075.8126800027
tot_uptimes: 227
tot_uptimes_duration: 13560.024319997407
