comms_cons: 374.02814718904443
finished_reconf: true
global_termination_time: 3869218.499
local_termination_time: 2272336.440879998
node_cons: 79593.4835576654
tot_aggregated_send: 53244
tot_msg_rcv: 1121
tot_msg_sent: 2486
tot_reconf_duration: 25.299999999999997
tot_sleeping_duration: 3809801.675880009
tot_uptimes: 991
tot_uptimes_duration: 59416.82311999076
