comms_cons: 384.0871168280985
finished_reconf: true
global_termination_time: 3864236.576
local_termination_time: 779099.7393599999
node_cons: 79466.92840670038
tot_aggregated_send: 52490
tot_msg_rcv: 2123
tot_msg_sent: 3766
tot_reconf_duration: 7.819999999999999
tot_sleeping_duration: 3804896.539520013
tot_uptimes: 990
tot_uptimes_duration: 59340.03647998674
