comms_cons: 46.33072640028383
finished_reconf: true
global_termination_time: 469901.25
local_termination_time: 253109.35748000006
node_cons: 9647.33198000001
tot_aggregated_send: 6844
tot_msg_rcv: 86
tot_msg_sent: 112
tot_reconf_duration: 4.8100000000000005
tot_sleeping_duration: 462701.25
tot_uptimes: 121
tot_uptimes_duration: 7200.0
