comms_cons: 47.93605120073133
finished_reconf: true
global_termination_time: 470530.905
local_termination_time: 114754.71751999977
node_cons: 9649.246760000015
tot_aggregated_send: 6438
tot_msg_rcv: 331
tot_msg_sent: 517
tot_reconf_duration: 6.22
tot_sleeping_duration: 463330.905
tot_uptimes: 121
tot_uptimes_duration: 7200.0
