comms_cons: 23.454848000038698
finished_reconf: true
global_termination_time: 241240.47420000026
local_termination_time: 241226.04636000007
node_cons: 4941.218386800334
tot_aggregated_send: 3538
tot_msg_rcv: 16
tot_msg_sent: 10
tot_reconf_duration: 6.279999999999999
tot_sleeping_duration: 237556.613
tot_uptimes: 62
tot_uptimes_duration: 3683.8612000002468
