comms_cons: 443.3992320621318
finished_reconf: true
global_termination_time: 4425032.61
local_termination_time: 762837.6103599999
node_cons: 91033.84593340143
tot_aggregated_send: 62176
tot_msg_rcv: 1670
tot_msg_sent: 3548
tot_reconf_duration: 6.279999999999999
tot_sleeping_duration: 4357052.537040028
tot_uptimes: 1134
tot_uptimes_duration: 67980.07295997301
