comms_cons: 446.2865280492819
finished_reconf: true
global_termination_time: 4424718.85648
local_termination_time: 4424718.815359999
node_cons: 91094.495195476
tot_aggregated_send: 61512
tot_msg_rcv: 2119
tot_msg_sent: 4201
tot_reconf_duration: 37.410000000000004
tot_sleeping_duration: 4356725.060800031
tot_uptimes: 1134
tot_uptimes_duration: 67993.79567996919
