comms_cons: 443.1615936789234
finished_reconf: true
global_termination_time: 4427310.305
local_termination_time: 2966677.49236
node_cons: 91050.64716446605
tot_aggregated_send: 61828
tot_msg_rcv: 1883
tot_msg_sent: 3646
tot_reconf_duration: 18.700000000000003
tot_sleeping_duration: 4359330.280680008
tot_uptimes: 1134
tot_uptimes_duration: 67980.02431999124
