comms_cons: 447.50305289155455
finished_reconf: true
global_termination_time: 4425931.528
local_termination_time: 1067806.82536
node_cons: 91035.88840670018
tot_aggregated_send: 61422
tot_msg_rcv: 2302
tot_msg_sent: 4294
tot_reconf_duration: 7.819999999999999
tot_sleeping_duration: 4357951.491520013
tot_uptimes: 1134
tot_uptimes_duration: 67980.03647998697
