comms_cons: 747.7591930459309
finished_reconf: true
global_termination_time: 1544853.3895999999
local_termination_time: 1544853.34848
node_cons: 93966.20415870474
tot_aggregated_send: 0
tot_msg_rcv: 45881
tot_msg_sent: 67773
tot_reconf_duration: 24.59
tot_sleeping_duration: 1474701.9251200093
tot_uptimes: 1149
tot_uptimes_duration: 70151.4644799904
