comms_cons: 38.91659520007848
finished_reconf: true
global_termination_time: 396667.407
local_termination_time: 194062.30336000005
node_cons: 8118.522639999992
tot_aggregated_send: 5742
tot_msg_rcv: 59
tot_msg_sent: 114
tot_reconf_duration: 3.08
tot_sleeping_duration: 390607.407
tot_uptimes: 102
tot_uptimes_duration: 6060.0
