comms_cons: 1.7243775999935944
finished_reconf: true
global_termination_time: 18364.462
local_termination_time: 10656.613360000001
node_cons: 342.19172000000026
tot_aggregated_send: 0
tot_msg_rcv: 139
tot_msg_sent: 123
tot_reconf_duration: 15.34
tot_sleeping_duration: 18124.462
tot_uptimes: 5
tot_uptimes_duration: 240.0
