comms_cons: 2.388249599996875
finished_reconf: true
global_termination_time: 17612.399
local_termination_time: 7261.19436
node_cons: 328.7339400000004
tot_aggregated_send: 0
tot_msg_rcv: 192
tot_msg_sent: 171
tot_reconf_duration: 5.43
tot_sleeping_duration: 17372.399
tot_uptimes: 5
tot_uptimes_duration: 240.0
