comms_cons: 249.14202864340103
finished_reconf: true
global_termination_time: 1381562.919
local_termination_time: 154527.00048000005
node_cons: 28390.811264471966
tot_aggregated_send: 0
tot_msg_rcv: 19255
tot_msg_sent: 18613
tot_reconf_duration: 22.65
tot_sleeping_duration: 1360382.8946800062
tot_uptimes: 354
tot_uptimes_duration: 21180.024319993972
