comms_cons: 249.9575934407164
finished_reconf: true
global_termination_time: 1381536.921
local_termination_time: 153070.1879200003
node_cons: 28366.59268559338
tot_aggregated_send: 0
tot_msg_rcv: 19305
tot_msg_sent: 18688
tot_reconf_duration: 4.8100000000000005
tot_sleeping_duration: 1360356.890600005
tot_uptimes: 354
tot_uptimes_duration: 21180.030399995027
