comms_cons: 135.99206399560475
finished_reconf: true
global_termination_time: 1377870.216
local_termination_time: 1232231.38536
node_cons: 28295.03898000012
tot_aggregated_send: 19604
tot_msg_rcv: 419
tot_msg_sent: 647
tot_reconf_duration: 11.31
tot_sleeping_duration: 1356750.216
tot_uptimes: 353
tot_uptimes_duration: 21120.0
