comms_cons: 68.50920960017903
finished_reconf: true
global_termination_time: 693401.013
local_termination_time: 421163.37636000005
node_cons: 14230.80770112146
tot_aggregated_send: 9744
tot_msg_rcv: 211
tot_msg_sent: 458
tot_reconf_duration: 7.819999999999999
tot_sleeping_duration: 682781.006919999
tot_uptimes: 178
tot_uptimes_duration: 10620.006080001069
