comms_cons: 719.0605055521543
finished_reconf: true
global_termination_time: 3098895.574
local_termination_time: 2157911.8544799997
node_cons: 126623.93183718926
tot_aggregated_send: 0
tot_msg_rcv: 36624
tot_msg_sent: 72669
tot_reconf_duration: 18.21
tot_sleeping_duration: 3004347.999200005
tot_uptimes: 1565
tot_uptimes_duration: 94547.57479999494
