comms_cons: 312.7022016232235
finished_reconf: true
global_termination_time: 3100612.176
local_termination_time: 367896.972
node_cons: 63803.007739898145
tot_aggregated_send: 42978
tot_msg_rcv: 1470
tot_msg_sent: 3080
tot_reconf_duration: 6.279999999999999
tot_sleeping_duration: 3052968.8007200155
tot_uptimes: 795
tot_uptimes_duration: 47643.37527998467
