comms_cons: 312.99145602301337
finished_reconf: true
global_termination_time: 3103123.682
local_termination_time: 1036224.0733599998
node_cons: 63796.92650558316
tot_aggregated_send: 43036
tot_msg_rcv: 1517
tot_msg_sent: 3019
tot_reconf_duration: 5.1
tot_sleeping_duration: 3055483.6516000116
tot_uptimes: 795
tot_uptimes_duration: 47640.030399988405
