comms_cons: 310.5793088241149
finished_reconf: true
global_termination_time: 3097900.636239988
local_termination_time: 36451.581480000015
node_cons: 63793.9677071609
tot_aggregated_send: 43326
tot_msg_rcv: 1260
tot_msg_sent: 2620
tot_reconf_duration: 6.22
tot_sleeping_duration: 3050263.9514400163
tot_uptimes: 794
tot_uptimes_duration: 47636.68479997176
