comms_cons: 243.33397759277608
finished_reconf: true
global_termination_time: 2416511.048
local_termination_time: 1695216.913
node_cons: 49684.50182334989
tot_aggregated_send: 33151
tot_msg_rcv: 1161
tot_msg_sent: 2673
tot_reconf_duration: 25.299999999999997
tot_sleeping_duration: 2379431.029760007
tot_uptimes: 619
tot_uptimes_duration: 37080.0182399929
