comms_cons: 239.9637887916091
finished_reconf: true
global_termination_time: 2416464.889
local_termination_time: 1821199.9671199978
node_cons: 49677.0794236764
tot_aggregated_send: 34452
tot_msg_rcv: 635
tot_msg_sent: 1387
tot_reconf_duration: 13.17
tot_sleeping_duration: 2379378.111880002
tot_uptimes: 619
tot_uptimes_duration: 37086.77711999789
