comms_cons: 242.95425920231435
finished_reconf: true
global_termination_time: 2413863.697039998
local_termination_time: 2413863.655919998
node_cons: 49755.39545326236
tot_aggregated_send: 33684
tot_msg_rcv: 1044
tot_msg_sent: 2198
tot_reconf_duration: 24.59
tot_sleeping_duration: 2376730.0135200107
tot_uptimes: 619
tot_uptimes_duration: 37133.683519987564
