comms_cons: 163.34179838650059
finished_reconf: true
global_termination_time: 1620579.424
local_termination_time: 226018.15936000005
node_cons: 33365.886167817844
tot_aggregated_send: 22620
tot_msg_rcv: 765
tot_msg_sent: 1442
tot_reconf_duration: 18.21
tot_sleeping_duration: 1595679.3814400167
tot_uptimes: 416
tot_uptimes_duration: 24900.04255998344
