comms_cons: 445.13188486650944
finished_reconf: true
global_termination_time: 4380823.484
local_termination_time: 1033603.0033599999
node_cons: 90072.18556445367
tot_aggregated_send: 59856
tot_msg_rcv: 2636
tot_msg_sent: 5165
tot_reconf_duration: 8.09
tot_sleeping_duration: 4313563.439680018
tot_uptimes: 1122
tot_uptimes_duration: 67260.04431998217
