comms_cons: 440.3859584799335
finished_reconf: true
global_termination_time: 4380899.054
local_termination_time: 2184426.54936
node_cons: 90086.57134214613
tot_aggregated_send: 60726
tot_msg_rcv: 1930
tot_msg_sent: 4280
tot_reconf_duration: 18.700000000000003
tot_sleeping_duration: 4313639.026560008
tot_uptimes: 1122
tot_uptimes_duration: 67260.02743999125
