comms_cons: 434.0035072400892
finished_reconf: true
global_termination_time: 4379574.085
local_termination_time: 2502097.9651999986
node_cons: 90077.30019999744
tot_aggregated_send: 63104
tot_msg_rcv: 959
tot_msg_sent: 1903
tot_reconf_duration: 11.899999999999999
tot_sleeping_duration: 4312314.085
tot_uptimes: 1122
tot_uptimes_duration: 67260.0
