comms_cons: 283.1924288306563
finished_reconf: true
global_termination_time: 2808807.593
local_termination_time: 4399.393
node_cons: 57848.65935340651
tot_aggregated_send: 39088
tot_msg_rcv: 1275
tot_msg_sent: 2680
tot_reconf_duration: 2.77
tot_sleeping_duration: 2765607.520040024
tot_uptimes: 720
tot_uptimes_duration: 43200.07295997575
