comms_cons: 38.56131840028408
finished_reconf: true
global_termination_time: 390178.442
local_termination_time: 74453.54135999997
node_cons: 7974.499861121456
tot_aggregated_send: 5452
tot_msg_rcv: 132
tot_msg_sent: 277
tot_reconf_duration: 15.34
tot_sleeping_duration: 384238.4359199989
tot_uptimes: 100
tot_uptimes_duration: 5940.006080001069
