comms_cons: 38.60016639999322
finished_reconf: true
global_termination_time: 388172.404
local_termination_time: 78924.91031999962
node_cons: 7962.106760000012
tot_aggregated_send: 5568
tot_msg_rcv: 130
tot_msg_sent: 169
tot_reconf_duration: 6.22
tot_sleeping_duration: 382232.404
tot_uptimes: 100
tot_uptimes_duration: 5940.000000000001
