comms_cons: 141.73842557012833
finished_reconf: true
global_termination_time: 906944.642
local_termination_time: 292305.5402400009
node_cons: 18647.416381121417
tot_aggregated_send: 0
tot_msg_rcv: 10921
tot_msg_sent: 10622
tot_reconf_duration: 6.279999999999999
tot_sleeping_duration: 893024.635919999
tot_uptimes: 233
tot_uptimes_duration: 13920.006080001069
