comms_cons: 618.589625471826
finished_reconf: true
global_termination_time: 906944.642
local_termination_time: 292305.7991200009
node_cons: 90073.85540721775
tot_aggregated_send: 0
tot_msg_rcv: 42503
tot_msg_sent: 51517
tot_reconf_duration: 5.57
tot_sleeping_duration: 839680.7948400151
tot_uptimes: 1087
tot_uptimes_duration: 67263.84715998496
