comms_cons: 92.83463039629055
finished_reconf: true
global_termination_time: 907585.44
local_termination_time: 379994.7222000002
node_cons: 18656.03968111687
tot_aggregated_send: 12006
tot_msg_rcv: 717
tot_msg_sent: 1386
tot_reconf_duration: 12.629999999999999
tot_sleeping_duration: 893665.4339200023
tot_uptimes: 233
tot_uptimes_duration: 13920.006079997635
