comms_cons: 152.67155837523876
finished_reconf: true
global_termination_time: 1734487.36024
local_termination_time: 147496.05680000025
node_cons: 35716.40265301299
tot_aggregated_send: 12296
tot_msg_rcv: 4218
tot_msg_sent: 6694
tot_reconf_duration: 18.21
tot_sleeping_duration: 1707831.8908800203
tot_uptimes: 445
tot_uptimes_duration: 26655.469359979907
