comms_cons: 166.93404160034032
finished_reconf: true
global_termination_time: 1734825.704
local_termination_time: 336792.6548000003
node_cons: 35685.83009999994
tot_aggregated_send: 25056
tot_msg_rcv: 93
tot_msg_sent: 224
tot_reconf_duration: 10.95
tot_sleeping_duration: 1708185.704
tot_uptimes: 445
tot_uptimes_duration: 26640.0
