comms_cons: 168.54096639876332
finished_reconf: true
global_termination_time: 1734531.632
local_termination_time: 259495.82848000008
node_cons: 35676.92161999994
tot_aggregated_send: 24824
tot_msg_rcv: 232
tot_msg_sent: 561
tot_reconf_duration: 4.390000000000001
tot_sleeping_duration: 1707891.632
tot_uptimes: 445
tot_uptimes_duration: 26640.0
