comms_cons: 167.5919615981194
finished_reconf: true
global_termination_time: 1736831.285
local_termination_time: 190221.3994000008
node_cons: 35675.10189999991
tot_aggregated_send: 24824
tot_msg_rcv: 205
tot_msg_sent: 444
tot_reconf_duration: 3.05
tot_sleeping_duration: 1710191.285
tot_uptimes: 445
tot_uptimes_duration: 26640.0
