comms_cons: 167.3607167985373
finished_reconf: true
global_termination_time: 1739638.87
local_termination_time: 431849.9109200003
node_cons: 35758.67393999989
tot_aggregated_send: 24766
tot_msg_rcv: 210
tot_msg_sent: 461
tot_reconf_duration: 5.43
tot_sleeping_duration: 1712938.87
tot_uptimes: 446
tot_uptimes_duration: 26699.999999999985
