comms_cons: 337.54570220364894
finished_reconf: true
global_termination_time: 1159028.908
local_termination_time: 429906.9259200007
node_cons: 47328.59912899962
tot_aggregated_send: 0
tot_msg_rcv: 17168
tot_msg_sent: 34138
tot_reconf_duration: 13.17
tot_sleeping_duration: 1123696.0369999998
tot_uptimes: 586
tot_uptimes_duration: 35332.87100000016
