comms_cons: 119.11618559135997
finished_reconf: true
global_termination_time: 1157191.067
local_termination_time: 380965.08436000004
node_cons: 23786.658607826997
tot_aggregated_send: 15138
tot_msg_rcv: 931
tot_msg_sent: 2037
tot_reconf_duration: 4.390000000000001
tot_sleeping_duration: 1139431.0244400098
tot_uptimes: 297
tot_uptimes_duration: 17760.04255999031
