comms_cons: 270.0166080169021
finished_reconf: true
global_termination_time: 563741.7787999994
local_termination_time: 563741.7376799994
node_cons: 33790.72977891885
tot_aggregated_send: 0
tot_msg_rcv: 16693
tot_msg_sent: 24347
tot_reconf_duration: 24.59
tot_sleeping_duration: 538530.9225200003
tot_uptimes: 411
tot_uptimes_duration: 25210.856279999127
