comms_cons: 28.04712960048972
finished_reconf: true
global_termination_time: 272150.48
local_termination_time: 18769.890880000003
node_cons: 5551.996381121439
tot_aggregated_send: 3480
tot_msg_rcv: 265
tot_msg_sent: 518
tot_reconf_duration: 6.279999999999999
tot_sleeping_duration: 268010.4739199989
tot_uptimes: 70
tot_uptimes_duration: 4140.006080001069
