comms_cons: 26.98787840025554
finished_reconf: true
global_termination_time: 268526.84848000016
local_termination_time: 193976.54
node_cons: 5496.005609841691
tot_aggregated_send: 3646
tot_msg_rcv: 161
tot_msg_sent: 294
tot_reconf_duration: 9.11
tot_sleeping_duration: 264431.5279199989
tot_uptimes: 69
tot_uptimes_duration: 4095.3205600012443
