comms_cons: 574.9628672998783
finished_reconf: true
global_termination_time: 5764095.795
local_termination_time: 213504.839
node_cons: 118591.68787957648
tot_aggregated_send: 81313
tot_msg_rcv: 2007
tot_msg_sent: 4071
tot_reconf_duration: 4.8100000000000005
tot_sleeping_duration: 5675533.318600015
tot_uptimes: 1477
tot_uptimes_duration: 88562.47639998517
