comms_cons: 573.382886499887
finished_reconf: true
global_termination_time: 5763105.622
local_termination_time: 1304600.0996799995
node_cons: 118512.18468893203
tot_aggregated_send: 80156
tot_msg_rcv: 2237
tot_msg_sent: 4757
tot_reconf_duration: 7.819999999999999
tot_sleeping_duration: 5674605.573360018
tot_uptimes: 1476
tot_uptimes_duration: 88500.04863998177
