comms_cons: 52.390796801279556
finished_reconf: true
global_termination_time: 509018.126
local_termination_time: 69302.24247999996
node_cons: 10462.125565604885
tot_aggregated_send: 6728
tot_msg_rcv: 430
tot_msg_sent: 805
tot_reconf_duration: 13.17
tot_sleeping_duration: 501218.09559999633
tot_uptimes: 131
tot_uptimes_duration: 7800.030400003641
