comms_cons: 49.534796800316805
finished_reconf: true
global_termination_time: 506589.76812000014
local_termination_time: 332231.1559600002
node_cons: 10389.589935120468
tot_aggregated_send: 7308
tot_msg_rcv: 50
tot_msg_sent: 171
tot_reconf_duration: 3.08
tot_sleeping_duration: 498833.6760399998
tot_uptimes: 130
tot_uptimes_duration: 7756.092080000322
