comms_cons: 51.96778240100317
finished_reconf: true
global_termination_time: 510430.395
local_termination_time: 25138.14548
node_cons: 10456.595803364307
tot_aggregated_send: 6844
tot_msg_rcv: 362
tot_msg_sent: 692
tot_reconf_duration: 9.11
tot_sleeping_duration: 502630.3767599968
tot_uptimes: 131
tot_uptimes_duration: 7800.018240003206
