comms_cons: 51.962521601263646
finished_reconf: true
global_termination_time: 507673.048
local_termination_time: 152560.72960000008
node_cons: 10457.000501121422
tot_aggregated_send: 6902
tot_msg_rcv: 365
tot_msg_sent: 631
tot_reconf_duration: 9.42
tot_sleeping_duration: 499873.04191999894
tot_uptimes: 131
tot_uptimes_duration: 7800.006080001069
