comms_cons: 51.94734080142625
finished_reconf: true
global_termination_time: 510093.844
local_termination_time: 116158.57935999996
node_cons: 10461.35154
tot_aggregated_send: 6728
tot_msg_rcv: 367
tot_msg_sent: 801
tot_reconf_duration: 12.629999999999999
tot_sleeping_duration: 502293.844
tot_uptimes: 131
tot_uptimes_duration: 7800.0
