comms_cons: 53.35793920192627
finished_reconf: true
global_termination_time: 508455.7
local_termination_time: 29174.826599999997
node_cons: 10469.627164484593
tot_aggregated_send: 6322
tot_msg_rcv: 581
tot_msg_sent: 1206
tot_reconf_duration: 18.700000000000003
tot_sleeping_duration: 500655.6756799966
tot_uptimes: 131
tot_uptimes_duration: 7800.024320003424
