comms_cons: 51.29144320103212
finished_reconf: true
global_termination_time: 509308.243
local_termination_time: 250996.00132000065
node_cons: 10459.07824112142
tot_aggregated_send: 7076
tot_msg_rcv: 265
tot_msg_sent: 455
tot_reconf_duration: 10.95
tot_sleeping_duration: 501508.23691999895
tot_uptimes: 131
tot_uptimes_duration: 7800.006080001069
