comms_cons: 51.8315648009374
finished_reconf: true
global_termination_time: 510231.117
local_termination_time: 44788.72248000021
node_cons: 10451.710253839452
tot_aggregated_send: 6902
tot_msg_rcv: 340
tot_msg_sent: 637
tot_reconf_duration: 4.390000000000001
tot_sleeping_duration: 502429.96044000046
tot_uptimes: 131
tot_uptimes_duration: 7801.156559999574
