comms_cons: 47.41427199988563
finished_reconf: true
global_termination_time: 13551.471240000003
local_termination_time: 1877.6114800000025
node_cons: 6212.172713960039
tot_aggregated_send: 0
tot_msg_rcv: 3666
tot_msg_sent: 3539
tot_reconf_duration: 18.21
tot_sleeping_duration: 8930.527599999978
tot_uptimes: 67
tot_uptimes_duration: 4620.943640000025
