comms_cons: 2.2698239999924996
finished_reconf: true
global_termination_time: 16933.061
local_termination_time: 5287.15936
node_cons: 333.73137999999955
tot_aggregated_send: 0
tot_msg_rcv: 177
tot_msg_sent: 168
tot_reconf_duration: 9.11
tot_sleeping_duration: 16693.061
tot_uptimes: 5
tot_uptimes_duration: 240.0
