comms_cons: 39.174272001770944
finished_reconf: true
global_termination_time: 196061.05192000038
local_termination_time: 1681.0990400000014
node_cons: 4076.433274880519
tot_aggregated_send: 0
tot_msg_rcv: 3038
tot_msg_sent: 2911
tot_reconf_duration: 18.21
tot_sleeping_duration: 193035.134
tot_uptimes: 51
tot_uptimes_duration: 3025.9179200003855
