comms_cons: 129.003839985676
finished_reconf: true
global_termination_time: 1235157.842
local_termination_time: 177885.27836000005
node_cons: 25476.381441261237
tot_aggregated_send: 15370
tot_msg_rcv: 1377
tot_msg_sent: 2861
tot_reconf_duration: 6.22
tot_sleeping_duration: 1216137.726480014
tot_uptimes: 317
tot_uptimes_duration: 19020.115519985964
