comms_cons: 53.93628160070227
finished_reconf: true
global_termination_time: 538356.355
local_termination_time: 338879.9323600001
node_cons: 11031.325462242905
tot_aggregated_send: 7540
tot_msg_rcv: 267
tot_msg_sent: 391
tot_reconf_duration: 18.21
tot_sleeping_duration: 530136.3428399978
tot_uptimes: 138
tot_uptimes_duration: 8220.012160002138
