comms_cons: 55.014297601463625
finished_reconf: true
global_termination_time: 538411.298
local_termination_time: 156796.50436000005
node_cons: 11037.387546728594
tot_aggregated_send: 7134
tot_msg_rcv: 430
tot_msg_sent: 798
tot_reconf_duration: 22.65
tot_sleeping_duration: 530191.2615199935
tot_uptimes: 138
tot_uptimes_duration: 8220.036480006416
