comms_cons: 53.41368320025238
finished_reconf: true
global_termination_time: 540551.502
local_termination_time: 84415.32447999995
node_cons: 11121.28554112143
tot_aggregated_send: 7656
tot_msg_rcv: 133
tot_msg_sent: 328
tot_reconf_duration: 25.299999999999997
tot_sleeping_duration: 532271.4959199989
tot_uptimes: 139
tot_uptimes_duration: 8280.006080001069
