comms_cons: 466.7609280252484
finished_reconf: true
global_termination_time: 4745503.369
local_termination_time: 2939180.5883599995
node_cons: 97647.47368223098
tot_aggregated_send: 65192
tot_msg_rcv: 1941
tot_msg_sent: 3812
tot_reconf_duration: 25.299999999999997
tot_sleeping_duration: 4672603.356840005
tot_uptimes: 1216
tot_uptimes_duration: 72900.0121599955
