comms_cons: 474.6895424788879
finished_reconf: true
global_termination_time: 4747588.618
local_termination_time: 1615961.2866799983
node_cons: 97620.53092781616
tot_aggregated_send: 65888
tot_msg_rcv: 1904
tot_msg_sent: 4356
tot_reconf_duration: 5.43
tot_sleeping_duration: 4674688.575440016
tot_uptimes: 1216
tot_uptimes_duration: 72900.04255998431
