comms_cons: 50.79800320035787
finished_reconf: true
global_termination_time: 516609.854
local_termination_time: 53550.364
node_cons: 10610.849761121453
tot_aggregated_send: 7421
tot_msg_rcv: 69
tot_msg_sent: 231
tot_reconf_duration: 4.390000000000001
tot_sleeping_duration: 508689.8479199989
tot_uptimes: 133
tot_uptimes_duration: 7920.006080001069
