comms_cons: 0.8552959999971762
finished_reconf: true
global_termination_time: 6354.6759999999995
local_termination_time: 2075.86536
node_cons: 93.13235999999948
tot_aggregated_send: 0
tot_msg_rcv: 80
tot_msg_sent: 50
tot_reconf_duration: 9.42
tot_sleeping_duration: 6294.6759999999995
tot_uptimes: 2
tot_uptimes_duration: 59.99999999999909
