comms_cons: 179.81611519381835
finished_reconf: true
global_termination_time: 1828047.291
local_termination_time: 1200842.46348
node_cons: 37619.951719999954
tot_aggregated_send: 25404
tot_msg_rcv: 660
tot_msg_sent: 1267
tot_reconf_duration: 15.34
tot_sleeping_duration: 1799967.291
tot_uptimes: 469
tot_uptimes_duration: 28080.0
