comms_cons: 183.8813183869449
finished_reconf: true
global_termination_time: 1825572.993
local_termination_time: 243962.43640000038
node_cons: 37524.79860782229
tot_aggregated_send: 25172
tot_msg_rcv: 914
tot_msg_sent: 1863
tot_reconf_duration: 4.390000000000001
tot_sleeping_duration: 1797552.950440013
tot_uptimes: 468
tot_uptimes_duration: 28020.042559986876
