comms_cons: 180.6588799930862
finished_reconf: true
global_termination_time: 1825201.477
local_termination_time: 897630.60436
node_cons: 37527.24304223363
tot_aggregated_send: 25810
tot_msg_rcv: 578
tot_msg_sent: 1071
tot_reconf_duration: 6.22
tot_sleeping_duration: 1797181.4648400047
tot_uptimes: 468
tot_uptimes_duration: 28020.01215999527
