comms_cons: 916.6271810400658
finished_reconf: true
global_termination_time: 9191021.197
local_termination_time: 3169173.8032
node_cons: 189047.64104781306
tot_aggregated_send: 127078
tot_msg_rcv: 4097
tot_msg_sent: 8145
tot_reconf_duration: 5.57
tot_sleeping_duration: 9049841.154440016
tot_uptimes: 2354
tot_uptimes_duration: 141180.0425599846
