comms_cons: 911.831878601585
finished_reconf: true
global_termination_time: 9190917.489
local_termination_time: 3636569.42336
node_cons: 189051.03878446162
tot_aggregated_send: 128760
tot_msg_rcv: 3548
tot_msg_sent: 6284
tot_reconf_duration: 8.09
tot_sleeping_duration: 9049737.464680009
tot_uptimes: 2354
tot_uptimes_duration: 141180.02431999147
