comms_cons: 906.6140674084772
finished_reconf: true
global_termination_time: 9195029.444
local_termination_time: 4105634.15448
node_cons: 189133.18492446237
tot_aggregated_send: 126614
tot_msg_rcv: 3703
tot_msg_sent: 7482
tot_reconf_duration: 9.42
tot_sleeping_duration: 9053789.419680009
tot_uptimes: 2355
tot_uptimes_duration: 141240.02431999147
