comms_cons: 908.3463489596905
finished_reconf: true
global_termination_time: 9190100.432
local_termination_time: 4481770.313999999
node_cons: 189081.93196838367
tot_aggregated_send: 127656
tot_msg_rcv: 3794
tot_msg_sent: 6613
tot_reconf_duration: 18.700000000000003
tot_sleeping_duration: 9048908.096400008
tot_uptimes: 2354
tot_uptimes_duration: 141192.3355999936
