comms_cons: 905.8294977878755
finished_reconf: true
global_termination_time: 9189219.179
local_termination_time: 4499950.61088
node_cons: 189054.9063822278
tot_aggregated_send: 128006
tot_msg_rcv: 3426
tot_msg_sent: 6248
tot_reconf_duration: 10.95
tot_sleeping_duration: 9048039.166840004
tot_uptimes: 2354
tot_uptimes_duration: 141180.01215999573
