comms_cons: 924.3393154930377
finished_reconf: true
global_termination_time: 9189636.13
local_termination_time: 389832.2166800003
node_cons: 189044.24331116382
tot_aggregated_send: 126730
tot_msg_rcv: 4757
tot_msg_sent: 9005
tot_reconf_duration: 3.05
tot_sleeping_duration: 9048456.069200022
tot_uptimes: 2354
tot_uptimes_duration: 141180.06079997797
