comms_cons: 919.7969410680504
finished_reconf: true
global_termination_time: 9191582.609
local_termination_time: 445384.3890800001
node_cons: 189048.54003004657
tot_aggregated_send: 127658
tot_msg_rcv: 4129
tot_msg_sent: 8017
tot_reconf_duration: 6.22
tot_sleeping_duration: 9050402.55428002
tot_uptimes: 2354
tot_uptimes_duration: 141180.0547199801
