comms_cons: 77.94503680149964
finished_reconf: true
global_termination_time: 802478.149
local_termination_time: 150974.33136000004
node_cons: 16490.588707850035
tot_aggregated_send: 10324
tot_msg_rcv: 596
tot_msg_sent: 928
tot_reconf_duration: 15.34
tot_sleeping_duration: 790178.1064399924
tot_uptimes: 206
tot_uptimes_duration: 12300.042560007481
