comms_cons: 77.76677120092405
finished_reconf: true
global_termination_time: 805261.319
local_termination_time: 365424.6230000004
node_cons: 16584.40554112144
tot_aggregated_send: 10846
tot_msg_rcv: 413
tot_msg_sent: 562
tot_reconf_duration: 25.299999999999997
tot_sleeping_duration: 792901.3129199989
tot_uptimes: 207
tot_uptimes_duration: 12360.006080001069
