comms_cons: 79.66334720040061
finished_reconf: true
global_termination_time: 803847.291
local_termination_time: 205229.80212000044
node_cons: 16476.240121121453
tot_aggregated_send: 11252
tot_msg_rcv: 244
tot_msg_sent: 612
tot_reconf_duration: 4.8100000000000005
tot_sleeping_duration: 791547.284919999
tot_uptimes: 206
tot_uptimes_duration: 12300.006080001069
