comms_cons: 84.55768959354322
finished_reconf: true
global_termination_time: 807154.143
local_termination_time: 15309.0366
node_cons: 16554.24702896459
tot_aggregated_send: 10208
tot_msg_rcv: 895
tot_msg_sent: 1748
tot_reconf_duration: 3.05
tot_sleeping_duration: 794794.0943599966
tot_uptimes: 207
tot_uptimes_duration: 12360.048640003413
