comms_cons: 81.68139519985081
finished_reconf: true
global_termination_time: 807771.506
local_termination_time: 91002.03435999998
node_cons: 16560.724688971477
tot_aggregated_send: 10208
tot_msg_rcv: 792
tot_msg_sent: 1416
tot_reconf_duration: 7.819999999999999
tot_sleeping_duration: 795411.4573599915
tot_uptimes: 207
tot_uptimes_duration: 12360.04864000855
