comms_cons: 1083.2750938385368
finished_reconf: true
global_termination_time: 5492355.609639996
local_termination_time: 1800.8884800000023
node_cons: 113045.31065941902
tot_aggregated_send: 0
tot_msg_rcv: 83044
tot_msg_sent: 81607
tot_reconf_duration: 5.57
tot_sleeping_duration: 5407936.082680009
tot_uptimes: 1407
tot_uptimes_duration: 84419.52695998689
