comms_cons: 2654.013862479967
finished_reconf: true
global_termination_time: 5492355.009639998
local_termination_time: 5492354.968519998
node_cons: 332915.3673777422
tot_aggregated_send: 0
tot_msg_rcv: 163217
tot_msg_sent: 240179
tot_reconf_duration: 37.410000000000004
tot_sleeping_duration: 5243763.10180002
tot_uptimes: 4076
tot_uptimes_duration: 248591.90783997782
