comms_cons: 549.4714881039131
finished_reconf: true
global_termination_time: 5496375.897
local_termination_time: 1183459.6177999994
node_cons: 113055.57224558183
tot_aggregated_send: 77488
tot_msg_rcv: 1914
tot_msg_sent: 4114
tot_reconf_duration: 12.629999999999999
tot_sleeping_duration: 5411955.866600011
tot_uptimes: 1408
tot_uptimes_duration: 84420.03039998887
