comms_cons: 550.6549185117092
finished_reconf: true
global_termination_time: 5493290.48
local_termination_time: 1548906.11136
node_cons: 112972.93452334794
tot_aggregated_send: 77082
tot_msg_rcv: 2152
tot_msg_sent: 4461
tot_reconf_duration: 10.95
tot_sleeping_duration: 5408930.461760008
tot_uptimes: 1407
tot_uptimes_duration: 84360.01823999337
