comms_cons: 539.4920128769393
finished_reconf: true
global_termination_time: 5495061.612
local_termination_time: 953796.96636
node_cons: 113049.05654781603
tot_aggregated_send: 76734
tot_msg_rcv: 1779
tot_msg_sent: 3485
tot_reconf_duration: 7.819999999999999
tot_sleeping_duration: 5410641.569440016
tot_uptimes: 1408
tot_uptimes_duration: 84420.0425599846
