comms_cons: 548.2960449159399
finished_reconf: true
global_termination_time: 5495955.7
local_termination_time: 199609.70840000035
node_cons: 113059.28499005391
tot_aggregated_send: 76096
tot_msg_rcv: 2220
tot_msg_sent: 5023
tot_reconf_duration: 15.34
tot_sleeping_duration: 5411535.645280017
tot_uptimes: 1408
tot_uptimes_duration: 84420.05471998308
