comms_cons: 187.01501438930742
finished_reconf: true
global_termination_time: 1867454.0524799998
local_termination_time: 1867454.01136
node_cons: 38471.76263102548
tot_aggregated_send: 26132
tot_msg_rcv: 704
tot_msg_sent: 1589
tot_reconf_duration: 37.410000000000004
tot_sleeping_duration: 1838760.2811200104
tot_uptimes: 479
tot_uptimes_duration: 28693.77135998929
