comms_cons: 187.777209586874
finished_reconf: true
global_termination_time: 1869274.905
local_termination_time: 804822.0663599998
node_cons: 38410.08405999974
tot_aggregated_send: 26332
tot_msg_rcv: 822
tot_msg_sent: 1387
tot_reconf_duration: 5.57
tot_sleeping_duration: 1840594.905
tot_uptimes: 479
tot_uptimes_duration: 28680.0
