comms_cons: 186.334079993756
finished_reconf: true
global_termination_time: 1872165.272
local_termination_time: 402393.62244000024
node_cons: 38500.01153999981
tot_aggregated_send: 26622
tot_msg_rcv: 551
tot_msg_sent: 1149
tot_reconf_duration: 12.629999999999999
tot_sleeping_duration: 1843425.272
tot_uptimes: 480
tot_uptimes_duration: 28740.0
