comms_cons: 186.49400319088716
finished_reconf: true
global_termination_time: 1871855.073
local_termination_time: 1411123.6253600002
node_cons: 38497.73010000005
tot_aggregated_send: 26738
tot_msg_rcv: 574
tot_msg_sent: 1034
tot_reconf_duration: 10.95
tot_sleeping_duration: 1843115.073
tot_uptimes: 480
tot_uptimes_duration: 28740.0
