comms_cons: 185.87555839087574
finished_reconf: true
global_termination_time: 1868181.496
local_termination_time: 945819.50536
node_cons: 38418.680199999835
tot_aggregated_send: 26738
tot_msg_rcv: 539
tot_msg_sent: 975
tot_reconf_duration: 11.899999999999999
tot_sleeping_duration: 1839501.496
tot_uptimes: 479
tot_uptimes_duration: 28680.0
