comms_cons: 192.11263357373042
finished_reconf: true
global_termination_time: 1869008.447
local_termination_time: 338169.3303600001
node_cons: 38417.94410893907
tot_aggregated_send: 25056
tot_msg_rcv: 1473
tot_msg_sent: 2671
tot_reconf_duration: 11.31
tot_sleeping_duration: 1840328.3983600154
tot_uptimes: 479
tot_uptimes_duration: 28680.04863998451
