comms_cons: 87.47046399508167
finished_reconf: true
global_termination_time: 852345.3842400002
local_termination_time: 346710.7255600003
node_cons: 17572.809754953592
tot_aggregated_send: 11252
tot_msg_rcv: 716
tot_msg_sent: 1326
tot_reconf_duration: 18.21
tot_sleeping_duration: 839240.021600005
tot_uptimes: 219
tot_uptimes_duration: 13105.362639995175
