comms_cons: 85.92697599423842
finished_reconf: true
global_termination_time: 852929.521
local_termination_time: 589094.1503599999
node_cons: 17522.656381116896
tot_aggregated_send: 11484
tot_msg_rcv: 531
tot_msg_sent: 1045
tot_reconf_duration: 6.279999999999999
tot_sleeping_duration: 839849.5149200023
tot_uptimes: 219
tot_uptimes_duration: 13080.006079997635
