comms_cons: 87.80587519811569
finished_reconf: true
global_termination_time: 853692.133
local_termination_time: 407492.6544800001
node_cons: 17518.310746724073
tot_aggregated_send: 11078
tot_msg_rcv: 808
tot_msg_sent: 1460
tot_reconf_duration: 3.05
tot_sleeping_duration: 840612.0965199971
tot_uptimes: 219
tot_uptimes_duration: 13080.036480002978
