comms_cons: 87.3388799972806
finished_reconf: true
global_termination_time: 852901.255
local_termination_time: 519069.5523600001
node_cons: 17524.763983350524
tot_aggregated_send: 10962
tot_msg_rcv: 807
tot_msg_sent: 1506
tot_reconf_duration: 7.819999999999999
tot_sleeping_duration: 839821.2367600071
tot_uptimes: 219
tot_uptimes_duration: 13080.0182399929
