comms_cons: 106.95833599909183
finished_reconf: true
global_termination_time: 1081003.2314799998
local_termination_time: 1081003.19036
node_cons: 22243.041959841295
tot_aggregated_send: 15427
tot_msg_rcv: 269
tot_msg_sent: 561
tot_reconf_duration: 37.44
tot_sleeping_duration: 1064429.5209199989
tot_uptimes: 277
tot_uptimes_duration: 16573.71056000091
