comms_cons: 53.868300803289785
finished_reconf: true
global_termination_time: 439263.4500400007
local_termination_time: 439263.4089200007
node_cons: 9099.387835620777
tot_aggregated_send: 3886
tot_msg_rcv: 1606
tot_msg_sent: 2700
tot_reconf_duration: 24.59
tot_sleeping_duration: 432492.72963998525
tot_uptimes: 113
tot_uptimes_duration: 6770.720400015503
