comms_cons: 43.92273920044217
finished_reconf: true
global_termination_time: 440860.165
local_termination_time: 8171.34436
node_cons: 9018.911720000011
tot_aggregated_send: 6264
tot_msg_rcv: 194
tot_msg_sent: 218
tot_reconf_duration: 15.34
tot_sleeping_duration: 434140.165
tot_uptimes: 113
tot_uptimes_duration: 6719.999999999999
