comms_cons: 43.96284160044232
finished_reconf: true
global_termination_time: 440894.059
local_termination_time: 98888.19139999953
node_cons: 9013.438980000028
tot_aggregated_send: 6148
tot_msg_rcv: 196
tot_msg_sent: 338
tot_reconf_duration: 11.31
tot_sleeping_duration: 434174.059
tot_uptimes: 113
tot_uptimes_duration: 6720.0
