comms_cons: 198.10426878165245
finished_reconf: true
global_termination_time: 1931902.43
local_termination_time: 805407.9553599999
node_cons: 39696.53708670079
tot_aggregated_send: 25752
tot_msg_rcv: 1566
tot_msg_sent: 2792
tot_reconf_duration: 6.279999999999999
tot_sleeping_duration: 1902262.3935200141
tot_uptimes: 495
tot_uptimes_duration: 29640.036479985807
