comms_cons: 199.56552957422312
finished_reconf: true
global_termination_time: 1932265.363
local_termination_time: 718029.5143199986
node_cons: 39695.56476558385
tot_aggregated_send: 25520
tot_msg_rcv: 1787
tot_msg_sent: 3027
tot_reconf_duration: 5.57
tot_sleeping_duration: 1902625.3326000117
tot_uptimes: 495
tot_uptimes_duration: 29640.030399988173
