comms_cons: 190.6796287918702
finished_reconf: true
global_termination_time: 1931414.651
local_termination_time: 631675.2805999998
node_cons: 39722.32554111665
tot_aggregated_send: 27492
tot_msg_rcv: 465
tot_msg_sent: 1025
tot_reconf_duration: 25.299999999999997
tot_sleeping_duration: 1901774.6449200024
tot_uptimes: 495
tot_uptimes_duration: 29640.006079997635
