comms_cons: 190.90864639302782
finished_reconf: true
global_termination_time: 1931553.839
local_termination_time: 711419.377879998
node_cons: 39692.14263999969
tot_aggregated_send: 28014
tot_msg_rcv: 367
tot_msg_sent: 636
tot_reconf_duration: 3.08
tot_sleeping_duration: 1901913.839
tot_uptimes: 495
tot_uptimes_duration: 29640.0
