comms_cons: 189.84939519745888
finished_reconf: true
global_termination_time: 1930931.829
local_termination_time: 788082.8964399985
node_cons: 39700.75235999981
tot_aggregated_send: 27956
tot_msg_rcv: 326
tot_msg_sent: 574
tot_reconf_duration: 9.42
tot_sleeping_duration: 1901291.829
tot_uptimes: 495
tot_uptimes_duration: 29640.0
