comms_cons: 192.0322687920187
finished_reconf: true
global_termination_time: 1930330.729
local_termination_time: 828307.8996799984
node_cons: 39705.11153999976
tot_aggregated_send: 27782
tot_msg_rcv: 547
tot_msg_sent: 859
tot_reconf_duration: 12.629999999999999
tot_sleeping_duration: 1900690.729
tot_uptimes: 495
tot_uptimes_duration: 29640.0
