comms_cons: 191.50716799546706
finished_reconf: true
global_termination_time: 1931436.9
local_termination_time: 936191.7841999995
node_cons: 39713.354599999686
tot_aggregated_send: 27666
tot_msg_rcv: 514
tot_msg_sent: 927
tot_reconf_duration: 18.700000000000003
tot_sleeping_duration: 1901796.9
tot_uptimes: 495
tot_uptimes_duration: 29640.0
