comms_cons: 193.19857278311576
finished_reconf: true
global_termination_time: 1928465.096
local_termination_time: 436173.12536
node_cons: 39613.671172284834
tot_aggregated_send: 25926
tot_msg_rcv: 1256
tot_msg_sent: 2182
tot_reconf_duration: 4.390000000000001
tot_sleeping_duration: 1898885.029120026
tot_uptimes: 494
tot_uptimes_duration: 29580.066879973965
