comms_cons: 197.3994687734261
finished_reconf: true
global_termination_time: 1929076.582
local_termination_time: 847734.6353599998
node_cons: 39695.36650446699
tot_aggregated_send: 25520
tot_msg_rcv: 1632
tot_msg_sent: 2850
tot_reconf_duration: 5.43
tot_sleeping_duration: 1899436.5576800094
tot_uptimes: 495
tot_uptimes_duration: 29640.024319990538
