comms_cons: 228.77382400143955
finished_reconf: true
global_termination_time: 2298793.225
local_termination_time: 195329.83536000008
node_cons: 47274.318105588216
tot_aggregated_send: 32770
tot_msg_rcv: 685
tot_msg_sent: 1319
tot_reconf_duration: 25.299999999999997
tot_sleeping_duration: 2263513.1946000084
tot_uptimes: 589
tot_uptimes_duration: 35280.03039999161
