comms_cons: 261.8930559943254
finished_reconf: true
global_termination_time: 2559563.93
local_termination_time: 809748.3396399992
node_cons: 52631.30151005073
tot_aggregated_send: 34626
tot_msg_rcv: 1809
tot_msg_sent: 3372
tot_reconf_duration: 6.279999999999999
tot_sleeping_duration: 2520263.875280021
tot_uptimes: 656
tot_uptimes_duration: 39300.05471997871
