comms_cons: 253.15445759885006
finished_reconf: true
global_termination_time: 2555948.35548
local_termination_time: 2555948.3143599997
node_cons: 52611.54564319521
tot_aggregated_send: 36688
tot_msg_rcv: 561
tot_msg_sent: 1228
tot_reconf_duration: 37.410000000000004
tot_sleeping_duration: 2516694.626680003
tot_uptimes: 655
tot_uptimes_duration: 39253.72879999725
