comms_cons: 253.11498239768787
finished_reconf: true
global_termination_time: 2559814.602
local_termination_time: 167081.19264000084
node_cons: 52626.88263999915
tot_aggregated_send: 36830
tot_msg_rcv: 484
tot_msg_sent: 1158
tot_reconf_duration: 3.08
tot_sleeping_duration: 2520514.602
tot_uptimes: 656
tot_uptimes_duration: 39299.999999999985
