comms_cons: 250.30691839706554
finished_reconf: true
global_termination_time: 2556030.712
local_termination_time: 568424.8373599999
node_cons: 52554.739521116004
tot_aggregated_send: 36888
tot_msg_rcv: 293
tot_msg_sent: 864
tot_reconf_duration: 9.11
tot_sleeping_duration: 2516790.705920002
tot_uptimes: 655
tot_uptimes_duration: 39240.006079997635
