comms_cons: 252.86497279459863
finished_reconf: true
global_termination_time: 2559446.663
local_termination_time: 946849.2253199995
node_cons: 52643.219379999166
tot_aggregated_send: 36946
tot_msg_rcv: 458
tot_msg_sent: 1030
tot_reconf_duration: 15.110000000000001
tot_sleeping_duration: 2520146.663
tot_uptimes: 656
tot_uptimes_duration: 39300.0
