comms_cons: 252.8651263943583
finished_reconf: true
global_termination_time: 2556967.853
local_termination_time: 1770733.68036
node_cons: 52557.23009999945
tot_aggregated_send: 36714
tot_msg_rcv: 581
tot_msg_sent: 1139
tot_reconf_duration: 10.95
tot_sleeping_duration: 2517727.853
tot_uptimes: 655
tot_uptimes_duration: 39240.0
