comms_cons: 248.04899839129797
finished_reconf: true
global_termination_time: 2556537.116
local_termination_time: 2053512.9456799985
node_cons: 52558.52019999939
tot_aggregated_send: 36366
tot_msg_rcv: 401
tot_msg_sent: 935
tot_reconf_duration: 11.899999999999999
tot_sleeping_duration: 2517297.116
tot_uptimes: 655
tot_uptimes_duration: 39240.0
