comms_cons: 259.93103359029595
finished_reconf: true
global_termination_time: 2557963.679
local_termination_time: 880732.4223599999
node_cons: 52643.60499005095
tot_aggregated_send: 33988
tot_msg_rcv: 1864
tot_msg_sent: 3656
tot_reconf_duration: 15.34
tot_sleeping_duration: 2518663.624280021
tot_uptimes: 656
tot_uptimes_duration: 39300.05471997894
