comms_cons: 175.7805631902672
finished_reconf: true
global_termination_time: 1731424.591
local_termination_time: 599015.9854799999
node_cons: 35594.794464467326
tot_aggregated_send: 23838
tot_msg_rcv: 1016
tot_msg_sent: 1862
tot_reconf_duration: 3.05
tot_sleeping_duration: 1704844.5666800095
tot_uptimes: 444
tot_uptimes_duration: 26580.024319990538
