comms_cons: 169.3683455900764
finished_reconf: true
global_termination_time: 1732005.5
local_termination_time: 984207.5003599998
node_cons: 35598.00208111667
tot_aggregated_send: 24012
tot_msg_rcv: 596
tot_msg_sent: 1135
tot_reconf_duration: 5.43
tot_sleeping_duration: 1705425.4939200024
tot_uptimes: 444
tot_uptimes_duration: 26580.006079997635
