comms_cons: 533.3546237046568
finished_reconf: true
global_termination_time: 1105731.0905999998
local_termination_time: 1105731.0494799998
node_cons: 66902.40691147404
tot_aggregated_send: 0
tot_msg_rcv: 32817
tot_msg_sent: 48250
tot_reconf_duration: 24.59
tot_sleeping_duration: 1055791.5732800034
tot_uptimes: 822
tot_uptimes_duration: 49939.51731999656
