comms_cons: 109.37919999785626
finished_reconf: true
global_termination_time: 1107117.379
local_termination_time: 198302.91936000006
node_cons: 22770.577400000137
tot_aggregated_send: 15892
tot_msg_rcv: 235
tot_msg_sent: 498
tot_reconf_duration: 25.299999999999997
tot_sleeping_duration: 1090137.379
tot_uptimes: 284
tot_uptimes_duration: 16980.00000000006
