comms_cons: 109.19498239836695
finished_reconf: true
global_termination_time: 1107792.778
local_termination_time: 1029997.0333599999
node_cons: 22754.104860000094
tot_aggregated_send: 16008
tot_msg_rcv: 234
tot_msg_sent: 355
tot_reconf_duration: 13.17
tot_sleeping_duration: 1090812.778
tot_uptimes: 284
tot_uptimes_duration: 16980.0
