comms_cons: 113.32146559057865
finished_reconf: true
global_termination_time: 1107138.022
local_termination_time: 177941.97460000007
node_cons: 22746.888406710194
tot_aggregated_send: 14790
tot_msg_rcv: 806
tot_msg_sent: 1628
tot_reconf_duration: 7.819999999999999
tot_sleeping_duration: 1090157.9855200073
tot_uptimes: 284
tot_uptimes_duration: 16980.036479992676
