comms_cons: 110.16847359599379
finished_reconf: true
global_termination_time: 1107885.784
local_termination_time: 528111.081759999
node_cons: 22743.593939999944
tot_aggregated_send: 15834
tot_msg_rcv: 335
tot_msg_sent: 575
tot_reconf_duration: 5.43
tot_sleeping_duration: 1090905.784
tot_uptimes: 284
tot_uptimes_duration: 16980.0
