comms_cons: 102.34666239706992
finished_reconf: true
global_termination_time: 1054738.251
local_termination_time: 4972.281
node_cons: 21706.151323355127
tot_aggregated_send: 14779
tot_msg_rcv: 260
tot_msg_sent: 517
tot_reconf_duration: 10.55
tot_sleeping_duration: 1038538.2327600035
tot_uptimes: 271
tot_uptimes_duration: 16200.018239996338
