comms_cons: 239.50845439640798
finished_reconf: true
global_termination_time: 2366921.77
local_termination_time: 264762.5151600008
node_cons: 48715.40597630575
tot_aggregated_send: 32538
tot_msg_rcv: 1259
tot_msg_sent: 2606
tot_reconf_duration: 18.21
tot_sleeping_duration: 2330558.3071200103
tot_uptimes: 607
tot_uptimes_duration: 36363.46287998982
