comms_cons: 235.07544319409732
finished_reconf: true
global_termination_time: 2368536.935
local_termination_time: 317221.5750400003
node_cons: 48720.446246709536
tot_aggregated_send: 33118
tot_msg_rcv: 828
tot_msg_sent: 1785
tot_reconf_duration: 25.299999999999997
tot_sleeping_duration: 2332176.8985200073
tot_uptimes: 607
tot_uptimes_duration: 36360.036479992676
