comms_cons: 237.81576958844286
finished_reconf: true
global_termination_time: 2365883.83
local_termination_time: 822685.7174799999
node_cons: 48616.352124466786
tot_aggregated_send: 32712
tot_msg_rcv: 1181
tot_msg_sent: 2253
tot_reconf_duration: 7.819999999999999
tot_sleeping_duration: 2329583.8056800095
tot_uptimes: 606
tot_uptimes_duration: 36300.02431999054
