comms_cons: 442.4775168867846
finished_reconf: true
global_termination_time: 4372957.72
local_termination_time: 1415216.36536
node_cons: 89911.535772289
tot_aggregated_send: 60436
tot_msg_rcv: 2347
tot_msg_sent: 4471
tot_reconf_duration: 8.09
tot_sleeping_duration: 4305817.653120021
tot_uptimes: 1120
tot_uptimes_duration: 67140.06687997858
