comms_cons: 441.58803847920956
finished_reconf: true
global_termination_time: 4374343.595
local_termination_time: 1451693.1203599998
node_cons: 89987.38896781673
tot_aggregated_send: 60552
tot_msg_rcv: 2155
tot_msg_sent: 4412
tot_reconf_duration: 4.8100000000000005
tot_sleeping_duration: 4307143.552440015
tot_uptimes: 1121
tot_uptimes_duration: 67200.04255998437
