comms_cons: 442.6778112944212
finished_reconf: true
global_termination_time: 4373197.969
local_termination_time: 2797973.362
node_cons: 89935.32400798683
tot_aggregated_send: 60318
tot_msg_rcv: 2388
tot_msg_sent: 4578
tot_reconf_duration: 18.700000000000003
tot_sleeping_duration: 4306050.897000008
tot_uptimes: 1120
tot_uptimes_duration: 67147.07199999178
