comms_cons: 442.603148885227
finished_reconf: true
global_termination_time: 4372442.674
local_termination_time: 2801600.3770399983
node_cons: 89915.36266446578
tot_aggregated_send: 60378
tot_msg_rcv: 2374
tot_msg_sent: 4522
tot_reconf_duration: 10.95
tot_sleeping_duration: 4305302.649680008
tot_uptimes: 1120
tot_uptimes_duration: 67140.02431999147
