comms_cons: 445.6862336870523
finished_reconf: true
global_termination_time: 4372332.628
local_termination_time: 1420482.8174799997
node_cons: 89906.4786078165
tot_aggregated_send: 60088
tot_msg_rcv: 2834
tot_msg_sent: 4819
tot_reconf_duration: 4.390000000000001
tot_sleeping_duration: 4305192.585440015
tot_uptimes: 1120
tot_uptimes_duration: 67140.04255998437
