comms_cons: 101.14862079754099
finished_reconf: true
global_termination_time: 1023937.489
local_termination_time: 143282.68936000005
node_cons: 21056.644060000042
tot_aggregated_send: 14732
tot_msg_rcv: 183
tot_msg_sent: 459
tot_reconf_duration: 5.57
tot_sleeping_duration: 1008217.489
tot_uptimes: 263
tot_uptimes_duration: 15720.0
