comms_cons: 100.70844159910475
finished_reconf: true
global_termination_time: 1026013.007
local_termination_time: 287536.31336000003
node_cons: 21066.97300112144
tot_aggregated_send: 14790
tot_msg_rcv: 122
tot_msg_sent: 395
tot_reconf_duration: 13.17
tot_sleeping_duration: 1010293.000919999
tot_uptimes: 263
tot_uptimes_duration: 15720.006080001069
