comms_cons: 101.33283839864774
finished_reconf: true
global_termination_time: 1021579.6873999982
local_termination_time: 1021579.6462799982
node_cons: 21095.622938961933
tot_aggregated_send: 14648
tot_msg_rcv: 238
tot_msg_sent: 514
tot_reconf_duration: 37.41
tot_sleeping_duration: 1005862.8687599968
tot_uptimes: 262
tot_uptimes_duration: 15716.81864000141
