comms_cons: 101.34698239838256
finished_reconf: true
global_termination_time: 1026657.598
local_termination_time: 370479.27800000005
node_cons: 21053.262640000055
tot_aggregated_send: 14790
tot_msg_rcv: 211
tot_msg_sent: 404
tot_reconf_duration: 3.08
tot_sleeping_duration: 1010937.598
tot_uptimes: 263
tot_uptimes_duration: 15720.0
