comms_cons: 101.86575359822899
finished_reconf: true
global_termination_time: 1023742.425
local_termination_time: 125215.15035999997
node_cons: 21055.611980000027
tot_aggregated_send: 14732
tot_msg_rcv: 291
tot_msg_sent: 460
tot_reconf_duration: 4.8100000000000005
tot_sleeping_duration: 1008022.425
tot_uptimes: 263
tot_uptimes_duration: 15720.0
