comms_cons: 100.85255679891421
finished_reconf: true
global_termination_time: 1025138.705
local_termination_time: 260008.39299999998
node_cons: 21053.91657320281
tot_aggregated_send: 14904
tot_msg_rcv: 136
tot_msg_sent: 289
tot_reconf_duration: 3.05
tot_sleeping_duration: 1009418.1861999979
tot_uptimes: 263
tot_uptimes_duration: 15720.518800002086
