comms_cons: 107.41351039575832
finished_reconf: true
global_termination_time: 1072190.928
local_termination_time: 342176.29872000054
node_cons: 22047.51740000002
tot_aggregated_send: 15138
tot_msg_rcv: 458
tot_msg_sent: 730
tot_reconf_duration: 25.299999999999997
tot_sleeping_duration: 1055750.928
tot_uptimes: 275
tot_uptimes_duration: 16440.0
