comms_cons: 104.98429439866624
finished_reconf: true
global_termination_time: 1070562.305
local_termination_time: 845257.50536
node_cons: 22031.044860000093
tot_aggregated_send: 15718
tot_msg_rcv: 77
tot_msg_sent: 162
tot_reconf_duration: 13.17
tot_sleeping_duration: 1054122.305
tot_uptimes: 275
tot_uptimes_duration: 16440.0
