comms_cons: 105.61589759756737
finished_reconf: true
global_termination_time: 1070865.909
local_termination_time: 376093.51736000006
node_cons: 22019.691980000032
tot_aggregated_send: 15312
tot_msg_rcv: 221
tot_msg_sent: 520
tot_reconf_duration: 4.8100000000000005
tot_sleeping_duration: 1054425.909
tot_uptimes: 275
tot_uptimes_duration: 16440.0
