comms_cons: 107.37912319599529
finished_reconf: true
global_termination_time: 1069971.325
local_termination_time: 469337.9963600001
node_cons: 22017.301900000097
tot_aggregated_send: 14964
tot_msg_rcv: 464
tot_msg_sent: 893
tot_reconf_duration: 3.05
tot_sleeping_duration: 1053531.325
tot_uptimes: 275
tot_uptimes_duration: 16440.0
