comms_cons: 105.95704319511304
finished_reconf: true
global_termination_time: 1073360.442
local_termination_time: 664226.1881999996
node_cons: 22023.779560000123
tot_aggregated_send: 15196
tot_msg_rcv: 275
tot_msg_sent: 633
tot_reconf_duration: 7.819999999999999
tot_sleeping_duration: 1056920.442
tot_uptimes: 275
tot_uptimes_duration: 16440.0
