comms_cons: 104.9322879978327
finished_reconf: true
global_termination_time: 1069501.2471599984
local_termination_time: 1069501.2060399984
node_cons: 22039.454056237748
tot_aggregated_send: 15530
tot_msg_rcv: 82
tot_msg_sent: 337
tot_reconf_duration: 24.59
tot_sleeping_duration: 1053066.549
tot_uptimes: 274
tot_uptimes_duration: 16434.698159998283
