comms_cons: 106.18828799841397
finished_reconf: true
global_termination_time: 1070462.374
local_termination_time: 389701.9463200002
node_cons: 22028.51898000003
tot_aggregated_send: 15370
tot_msg_rcv: 258
tot_msg_sent: 512
tot_reconf_duration: 11.31
tot_sleeping_duration: 1054022.374
tot_uptimes: 275
tot_uptimes_duration: 16440.0
