comms_cons: 93.86607359729109
finished_reconf: true
global_termination_time: 948079.991
local_termination_time: 4522.8060000000005
node_cons: 19446.057942236013
tot_aggregated_send: 13568
tot_msg_rcv: 233
tot_msg_sent: 466
tot_reconf_duration: 2.77
tot_sleeping_duration: 933559.978840003
tot_uptimes: 243
tot_uptimes_duration: 14520.012159997
