comms_cons: 272.53020160650436
finished_reconf: true
global_termination_time: 2808869.462
local_termination_time: 6569.257
node_cons: 57855.0854644666
tot_aggregated_send: 39606
tot_msg_rcv: 660
tot_msg_sent: 1157
tot_reconf_duration: 7.55
tot_sleeping_duration: 2765669.437680009
tot_uptimes: 720
tot_uptimes_duration: 43200.02431999076
