comms_cons: 36.843584000381526
finished_reconf: true
global_termination_time: 354284.933
local_termination_time: 64919.67036000001
node_cons: 7245.9915444811695
tot_aggregated_send: 4640
tot_msg_rcv: 384
tot_msg_sent: 576
tot_reconf_duration: 11.31
tot_sleeping_duration: 348884.9086799991
tot_uptimes: 91
tot_uptimes_duration: 5400.02432000087
