comms_cons: 176.03033599315663
finished_reconf: true
global_termination_time: 1778961.995
local_termination_time: 653305.5553599999
node_cons: 36585.483123350416
tot_aggregated_send: 25230
tot_msg_rcv: 464
tot_msg_sent: 1061
tot_reconf_duration: 22.65
tot_sleeping_duration: 1751661.9767600072
tot_uptimes: 456
tot_uptimes_duration: 27300.018239992904
