comms_cons: 175.98169599405003
finished_reconf: true
global_termination_time: 1781263.926
local_termination_time: 918078.2630399984
node_cons: 36641.58012111679
tot_aggregated_send: 25114
tot_msg_rcv: 496
tot_msg_sent: 1140
tot_reconf_duration: 4.8100000000000005
tot_sleeping_duration: 1753903.9199200023
tot_uptimes: 457
tot_uptimes_duration: 27360.006079997635
