comms_cons: 71.40493440392642
finished_reconf: true
global_termination_time: 534442.1086799994
local_termination_time: 534442.0675599994
node_cons: 11005.638356906438
tot_aggregated_send: 3422
tot_msg_rcv: 2870
tot_msg_sent: 4562
tot_reconf_duration: 37.410000000000004
tot_sleeping_duration: 526260.7527599796
tot_uptimes: 137
tot_uptimes_duration: 8181.355920019732
