comms_cons: 53.09477120025767
finished_reconf: true
global_termination_time: 535850.571
local_termination_time: 149761.72448000096
node_cons: 11051.362793842743
tot_aggregated_send: 7772
tot_msg_rcv: 127
tot_msg_sent: 171
tot_reconf_duration: 18.21
tot_sleeping_duration: 527615.594439998
tot_uptimes: 138
tot_uptimes_duration: 8234.976560002047
