comms_cons: 52.83097600019289
finished_reconf: true
global_termination_time: 536736.629
local_termination_time: 92839.01931999961
node_cons: 11021.450100000011
tot_aggregated_send: 7772
tot_msg_rcv: 94
tot_msg_sent: 164
tot_reconf_duration: 10.95
tot_sleeping_duration: 528516.629
tot_uptimes: 138
tot_uptimes_duration: 8220.0
