comms_cons: 118.68239999614752
finished_reconf: true
global_termination_time: 1194615.8034799998
local_termination_time: 1194615.7623599998
node_cons: 24576.269799841255
tot_aggregated_send: 16935
tot_msg_rcv: 370
tot_msg_sent: 733
tot_reconf_duration: 39.92
tot_sleeping_duration: 1176302.0929199988
tot_uptimes: 306
tot_uptimes_duration: 18313.71056000091
