comms_cons: 112.58327039874392
finished_reconf: true
global_termination_time: 1198382.869
local_termination_time: 7158.251
node_cons: 24600.656481116872
tot_aggregated_send: 16459
tot_msg_rcv: 175
tot_msg_sent: 478
tot_reconf_duration: 12.23
tot_sleeping_duration: 1180022.8629200023
tot_uptimes: 307
tot_uptimes_duration: 18360.006079997635
