comms_cons: 13.809740799783242
finished_reconf: true
global_termination_time: 115847.197
local_termination_time: 20953.097719999998
node_cons: 2354.621744480024
tot_aggregated_send: 986
tot_msg_rcv: 539
tot_msg_sent: 574
tot_reconf_duration: 18.21
tot_sleeping_duration: 114107.17267999999
tot_uptimes: 30
tot_uptimes_duration: 1740.0243200000186
