comms_cons: 13.784678399850927
finished_reconf: true
global_termination_time: 112177.549
local_termination_time: 242.8661599999999
node_cons: 2270.3761433594486
tot_aggregated_send: 928
tot_msg_rcv: 481
tot_msg_sent: 688
tot_reconf_duration: 15.34
tot_sleeping_duration: 110497.53076000042
tot_uptimes: 29
tot_uptimes_duration: 1680.0182399995883
