comms_cons: 264.0749567948763
finished_reconf: true
global_termination_time: 2666273.728
local_termination_time: 2083966.8573599998
node_cons: 54816.617321115875
tot_aggregated_send: 38454
tot_msg_rcv: 597
tot_msg_sent: 1086
tot_reconf_duration: 18.21
tot_sleeping_duration: 2625353.7219200027
tot_uptimes: 683
tot_uptimes_duration: 40920.006079997635
