comms_cons: 267.6030079998938
finished_reconf: true
global_termination_time: 2665973.613
local_termination_time: 1175013.022
node_cons: 54827.688554629894
tot_aggregated_send: 37041
tot_msg_rcv: 1137
tot_msg_sent: 2497
tot_reconf_duration: 25.299999999999997
tot_sleeping_duration: 2625052.5292400066
tot_uptimes: 683
tot_uptimes_duration: 40921.08375999308
