comms_cons: 271.3472000169429
finished_reconf: true
global_termination_time: 2669579.433
local_termination_time: 1075273.12836
node_cons: 54878.78454446713
tot_aggregated_send: 36598
tot_msg_rcv: 1627
tot_msg_sent: 3019
tot_reconf_duration: 4.8100000000000005
tot_sleeping_duration: 2628599.408680009
tot_uptimes: 684
tot_uptimes_duration: 40980.024319991004
