comms_cons: 265.86547200646964
finished_reconf: true
global_termination_time: 2665336.927239988
local_termination_time: 306281.97448000003
node_cons: 54874.88345827774
tot_aggregated_send: 37178
tot_msg_rcv: 1013
tot_msg_sent: 2218
tot_reconf_duration: 6.22
tot_sleeping_duration: 2624361.246360019
tot_uptimes: 683
tot_uptimes_duration: 40975.68087996915
