comms_cons: 267.4642176061877
finished_reconf: true
global_termination_time: 2665336.6834799997
local_termination_time: 2665336.6423599995
node_cons: 54843.69678877502
tot_aggregated_send: 37280
tot_msg_rcv: 1095
tot_msg_sent: 2278
tot_reconf_duration: 24.59
tot_sleeping_duration: 2624402.9242800176
tot_uptimes: 683
tot_uptimes_duration: 40933.75919998225
