comms_cons: 424.7511232726319
finished_reconf: true
global_termination_time: 4249464.398
local_termination_time: 582204.8277999983
node_cons: 87417.33464558239
tot_aggregated_send: 59160
tot_msg_rcv: 1965
tot_msg_sent: 3434
tot_reconf_duration: 5.43
tot_sleeping_duration: 4184184.3676000116
tot_uptimes: 1089
tot_uptimes_duration: 65280.03039998864
