comms_cons: 262.9521408046373
finished_reconf: true
global_termination_time: 2602189.571
local_termination_time: 6677.91748
node_cons: 53521.864108934125
tot_aggregated_send: 35728
tot_msg_rcv: 1337
tot_msg_sent: 2903
tot_reconf_duration: 11.31
tot_sleeping_duration: 2562229.5223600185
tot_uptimes: 667
tot_uptimes_duration: 39960.04863998131
