comms_cons: 62.4234495988261
finished_reconf: true
global_termination_time: 630638.509
local_termination_time: 7372.45
node_cons: 12944.99290000002
tot_aggregated_send: 9040
tot_msg_rcv: 163
tot_msg_sent: 285
tot_reconf_duration: 7.55
tot_sleeping_duration: 620978.509
tot_uptimes: 162
tot_uptimes_duration: 9660.0
