comms_cons: 62.16439040027404
finished_reconf: true
global_termination_time: 632254.097
local_termination_time: 7281.771
node_cons: 12951.36462224288
tot_aggregated_send: 9035
tot_msg_rcv: 121
tot_msg_sent: 292
tot_reconf_duration: 12.23
tot_sleeping_duration: 622594.0848399978
tot_uptimes: 162
tot_uptimes_duration: 9660.012160002138
