comms_cons: 244.92169599462702
finished_reconf: true
global_termination_time: 2478469.712
local_termination_time: 931677.8913599999
node_cons: 50953.453001116155
tot_aggregated_send: 35670
tot_msg_rcv: 467
tot_msg_sent: 1088
tot_reconf_duration: 13.17
tot_sleeping_duration: 2440429.7059200024
tot_uptimes: 635
tot_uptimes_duration: 38040.006079997635
