comms_cons: 245.34494720124448
finished_reconf: true
global_termination_time: 2478110.981
local_termination_time: 1731491.2063599997
node_cons: 50948.35235999916
tot_aggregated_send: 35786
tot_msg_rcv: 527
tot_msg_sent: 978
tot_reconf_duration: 9.42
tot_sleeping_duration: 2440070.981
tot_uptimes: 635
tot_uptimes_duration: 38040.0
