comms_cons: 85.49814400759914
finished_reconf: true
global_termination_time: 368621.47660000017
local_termination_time: 2526.8166
node_cons: 7597.348021848022
tot_aggregated_send: 0
tot_msg_rcv: 7473
tot_msg_sent: 5518
tot_reconf_duration: 18.21
tot_sleeping_duration: 362966.0480399942
tot_uptimes: 95
tot_uptimes_duration: 5655.428560005987
