comms_cons: 37.80408320050269
finished_reconf: true
global_termination_time: 370343.141
local_termination_time: 44207.779840000025
node_cons: 7558.893941120298
tot_aggregated_send: 4930
tot_msg_rcv: 296
tot_msg_sent: 520
tot_reconf_duration: 5.1
tot_sleeping_duration: 364703.1349199998
tot_uptimes: 95
tot_uptimes_duration: 5640.0060800002175
