comms_cons: 32.153177600250736
finished_reconf: true
global_termination_time: 326999.789
local_termination_time: 84920.86147999998
node_cons: 6698.994982242881
tot_aggregated_send: 4524
tot_msg_rcv: 92
tot_msg_sent: 271
tot_reconf_duration: 22.65
tot_sleeping_duration: 322019.77683999785
tot_uptimes: 84
tot_uptimes_duration: 4980.0121600021375
