comms_cons: 192.07041918722175
finished_reconf: true
global_termination_time: 1902519.6334799998
local_termination_time: 1902519.59236
node_cons: 39177.372365429765
tot_aggregated_send: 26506
tot_msg_rcv: 943
tot_msg_sent: 1745
tot_reconf_duration: 24.59
tot_sleeping_duration: 1873285.8925200072
tot_uptimes: 488
tot_uptimes_duration: 29233.740959992516
