comms_cons: 192.1718527811855
finished_reconf: true
global_termination_time: 1902520.0312400002
local_termination_time: 114235.88447999969
node_cons: 39177.53222829441
tot_aggregated_send: 26216
tot_msg_rcv: 986
tot_msg_sent: 2006
tot_reconf_duration: 18.21
tot_sleeping_duration: 1873279.7003600192
tot_uptimes: 488
tot_uptimes_duration: 29240.330879981047
