comms_cons: 189.81649918715507
finished_reconf: true
global_termination_time: 1903300.308
local_termination_time: 739052.4319599996
node_cons: 39146.4280022334
tot_aggregated_send: 26738
tot_msg_rcv: 786
tot_msg_sent: 1327
tot_reconf_duration: 15.34
tot_sleeping_duration: 1874080.2958400047
tot_uptimes: 488
tot_uptimes_duration: 29220.01215999527
