comms_cons: 191.57473278714326
finished_reconf: true
global_termination_time: 1904597.592
local_termination_time: 643522.9163599999
node_cons: 39134.13266335031
tot_aggregated_send: 26448
tot_msg_rcv: 986
tot_msg_sent: 1684
tot_reconf_duration: 6.279999999999999
tot_sleeping_duration: 1875377.573760007
tot_uptimes: 488
tot_uptimes_duration: 29220.018239992904
