comms_cons: 74.51576960006301
finished_reconf: true
global_termination_time: 756463.428
local_termination_time: 110991.133
node_cons: 15512.54580000003
tot_aggregated_send: 10666
tot_msg_rcv: 186
tot_msg_sent: 474
tot_reconf_duration: 5.1
tot_sleeping_duration: 744883.428
tot_uptimes: 194
tot_uptimes_duration: 11580.0
