comms_cons: 74.2725888003856
finished_reconf: true
global_termination_time: 756874.735
local_termination_time: 433129.88408000016
node_cons: 15539.977400000007
tot_aggregated_send: 11020
tot_msg_rcv: 117
tot_msg_sent: 151
tot_reconf_duration: 25.299999999999997
tot_sleeping_duration: 745294.735
tot_uptimes: 194
tot_uptimes_duration: 11580.0
