comms_cons: 73.7791488002488
finished_reconf: true
global_termination_time: 758339.589
local_termination_time: 438039.83536
node_cons: 15594.406759999983
tot_aggregated_send: 10904
tot_msg_rcv: 81
tot_msg_sent: 229
tot_reconf_duration: 6.22
tot_sleeping_duration: 746699.589
tot_uptimes: 195
tot_uptimes_duration: 11640.0
