comms_cons: 81.13469440047055
finished_reconf: true
global_termination_time: 814627.363
local_termination_time: 256946.25864000086
node_cons: 16717.251980000023
tot_aggregated_send: 11484
tot_msg_rcv: 325
tot_msg_sent: 523
tot_reconf_duration: 4.8100000000000005
tot_sleeping_duration: 802147.363
tot_uptimes: 209
tot_uptimes_duration: 12480.0
