comms_cons: 87.62836479522676
finished_reconf: true
global_termination_time: 861418.005
local_termination_time: 408050.6578000003
node_cons: 17695.63986111689
tot_aggregated_send: 11194
tot_msg_rcv: 742
tot_msg_sent: 1383
tot_reconf_duration: 15.34
tot_sleeping_duration: 848217.9989200024
tot_uptimes: 221
tot_uptimes_duration: 13200.006079997635
