comms_cons: 88.45859839580328
finished_reconf: true
global_termination_time: 862173.979
local_termination_time: 810787.9099199994
node_cons: 17692.709283359778
tot_aggregated_send: 11600
tot_msg_rcv: 718
tot_msg_sent: 1128
tot_reconf_duration: 13.17
tot_sleeping_duration: 848973.9607600003
tot_uptimes: 221
tot_uptimes_duration: 13200.018239999772
