comms_cons: 24.674508801233312
finished_reconf: true
global_termination_time: 199214.78416000077
local_termination_time: 199214.74304000076
node_cons: 4201.358828569943
tot_aggregated_send: 1378
tot_msg_rcv: 721
tot_msg_sent: 1652
tot_reconf_duration: 24.59
tot_sleeping_duration: 196102.03911999337
tot_uptimes: 52
tot_uptimes_duration: 3112.745040007416
