comms_cons: 209.02327678261034
finished_reconf: true
global_termination_time: 2060124.431
local_termination_time: 1138459.18636
node_cons: 42346.76034223339
tot_aggregated_send: 28362
tot_msg_rcv: 1203
tot_msg_sent: 2204
tot_reconf_duration: 5.57
tot_sleeping_duration: 2028504.4188400048
tot_uptimes: 528
tot_uptimes_duration: 31620.01215999527
