comms_cons: 206.5322687856201
finished_reconf: true
global_termination_time: 2061212.117
local_termination_time: 1030938.9373599999
node_cons: 42345.17418446699
tot_aggregated_send: 28826
tot_msg_rcv: 823
tot_msg_sent: 1742
tot_reconf_duration: 4.390000000000001
tot_sleeping_duration: 2029592.0926800095
tot_uptimes: 528
tot_uptimes_duration: 31620.024319990538
