comms_cons: 406.48988125491627
finished_reconf: true
global_termination_time: 2060190.662
local_termination_time: 2152.2354800000003
node_cons: 42354.5796855884
tot_aggregated_send: 0
tot_msg_rcv: 31217
tot_msg_sent: 30565
tot_reconf_duration: 11.31
tot_sleeping_duration: 2028570.6316000086
tot_uptimes: 528
tot_uptimes_duration: 31620.030399991607
