comms_cons: 130.62343679565697
finished_reconf: true
global_termination_time: 1320878.975
local_termination_time: 1074672.66336
node_cons: 27189.277400000105
tot_aggregated_send: 18966
tot_msg_rcv: 330
tot_msg_sent: 558
tot_reconf_duration: 25.299999999999997
tot_sleeping_duration: 1300598.975
tot_uptimes: 339
tot_uptimes_duration: 20280.0
