comms_cons: 131.1826687940995
finished_reconf: true
global_termination_time: 1321615.603
local_termination_time: 680369.7323599998
node_cons: 27162.293939999952
tot_aggregated_send: 18792
tot_msg_rcv: 361
tot_msg_sent: 786
tot_reconf_duration: 5.43
tot_sleeping_duration: 1301335.603
tot_uptimes: 339
tot_uptimes_duration: 20280.0
