comms_cons: 2.2369279999926084
finished_reconf: true
global_termination_time: 14036.509
local_termination_time: 8958.23636
node_cons: 257.1801999999995
tot_aggregated_send: 0
tot_msg_rcv: 177
tot_msg_sent: 163
tot_reconf_duration: 11.899999999999999
tot_sleeping_duration: 13856.509
tot_uptimes: 4
tot_uptimes_duration: 180.0
