comms_cons: 2.276403199994571
finished_reconf: true
global_termination_time: 12433.623
local_termination_time: 4793.957360000001
node_cons: 251.63956000000084
tot_aggregated_send: 0
tot_msg_rcv: 178
tot_msg_sent: 167
tot_reconf_duration: 7.819999999999999
tot_sleeping_duration: 12253.623
tot_uptimes: 4
tot_uptimes_duration: 180.0
