comms_cons: 452.5956352158496
finished_reconf: true
global_termination_time: 4610635.069
local_termination_time: 3337457.22936
node_cons: 94808.78848334891
tot_aggregated_send: 63974
tot_msg_rcv: 1556
tot_msg_sent: 3261
tot_reconf_duration: 5.57
tot_sleeping_duration: 4539835.0507600065
tot_uptimes: 1181
tot_uptimes_duration: 70800.01823999337
