comms_cons: 461.4827904745906
finished_reconf: true
global_termination_time: 4611392.834
local_termination_time: 546110.497
node_cons: 94840.40654564151
tot_aggregated_send: 64030
tot_msg_rcv: 1982
tot_msg_sent: 4129
tot_reconf_duration: 18.700000000000003
tot_sleeping_duration: 4540582.518880027
tot_uptimes: 1181
tot_uptimes_duration: 70810.31511997327
