comms_cons: 460.3562624636058
finished_reconf: true
global_termination_time: 4609773.578
local_termination_time: 174130.9208400006
node_cons: 94807.82967340185
tot_aggregated_send: 64496
tot_msg_rcv: 1771
tot_msg_sent: 3704
tot_reconf_duration: 4.8100000000000005
tot_sleeping_duration: 4538973.505040026
tot_uptimes: 1181
tot_uptimes_duration: 70800.07295997348
