comms_cons: 459.34126086143465
finished_reconf: true
global_termination_time: 4612857.862
local_termination_time: 1762723.7142399978
node_cons: 94889.05651670553
tot_aggregated_send: 63858
tot_msg_rcv: 2069
tot_msg_sent: 3892
tot_reconf_duration: 5.43
tot_sleeping_duration: 4541997.7555200085
tot_uptimes: 1182
tot_uptimes_duration: 70860.10647999123
