comms_cons: 116.34719999182609
finished_reconf: true
global_termination_time: 1158316.8134799998
local_termination_time: 1158316.7723599998
node_cons: 23832.416083194083
tot_aggregated_send: 16110
tot_msg_rcv: 518
tot_msg_sent: 1057
tot_reconf_duration: 24.59
tot_sleeping_duration: 1140543.0846800043
tot_uptimes: 297
tot_uptimes_duration: 17773.728799995544
