comms_cons: 114.55045119715803
finished_reconf: true
global_termination_time: 1162279.749
local_termination_time: 605995.34836
node_cons: 23891.7468411169
tot_aggregated_send: 16530
tot_msg_rcv: 316
tot_msg_sent: 565
tot_reconf_duration: 22.65
tot_sleeping_duration: 1144459.7429200024
tot_uptimes: 298
tot_uptimes_duration: 17820.006079997635
