comms_cons: 114.86959999472755
finished_reconf: true
global_termination_time: 1158748.829
local_termination_time: 568666.6000399995
node_cons: 23789.103042233823
tot_aggregated_send: 15776
tot_msg_rcv: 578
tot_msg_sent: 1105
tot_reconf_duration: 6.22
tot_sleeping_duration: 1140988.8168400046
tot_uptimes: 297
tot_uptimes_duration: 17760.01215999527
