comms_cons: 74.20679679819905
finished_reconf: true
global_termination_time: 734651.4852400001
local_termination_time: 161291.14636000004
node_cons: 15138.19671271982
tot_aggregated_send: 9628
tot_msg_rcv: 482
tot_msg_sent: 1168
tot_reconf_duration: 6.22
tot_sleeping_duration: 723352.1947600002
tot_uptimes: 189
tot_uptimes_duration: 11299.29047999985
