comms_cons: 275.71559680923053
finished_reconf: true
global_termination_time: 2809763.909
local_termination_time: 6701.0430000000015
node_cons: 57848.602365584076
tot_aggregated_send: 38972
tot_msg_rcv: 1060
tot_msg_sent: 1876
tot_reconf_duration: 2.77
tot_sleeping_duration: 2766563.878600011
tot_uptimes: 720
tot_uptimes_duration: 43200.03039998887
