comms_cons: 285.15636481466737
finished_reconf: true
global_termination_time: 2808419.44
local_termination_time: 3398.15124
node_cons: 57853.66223228999
tot_aggregated_send: 39092
tot_msg_rcv: 1647
tot_msg_sent: 2604
tot_reconf_duration: 6.46
tot_sleeping_duration: 2765219.3731200215
tot_uptimes: 720
tot_uptimes_duration: 43200.066879978345
