comms_cons: 46.27809280060494
finished_reconf: true
global_termination_time: 467345.996
local_termination_time: 250685.13148000007
node_cons: 9568.906760000014
tot_aggregated_send: 6612
tot_msg_rcv: 137
tot_msg_sent: 285
tot_reconf_duration: 6.22
tot_sleeping_duration: 460205.996
tot_uptimes: 120
tot_uptimes_duration: 7140.0
