comms_cons: 45.47543040034691
finished_reconf: true
global_termination_time: 463755.642
local_termination_time: 159595.3256800007
node_cons: 9487.493940000002
tot_aggregated_send: 6670
tot_msg_rcv: 73
tot_msg_sent: 169
tot_reconf_duration: 5.43
tot_sleeping_duration: 456675.642
tot_uptimes: 119
tot_uptimes_duration: 7080.0
