comms_cons: 567.1862529260164
finished_reconf: true
global_termination_time: 5664137.868
local_termination_time: 624464.9303599999
node_cons: 116499.59710893272
tot_aggregated_send: 78648
tot_msg_rcv: 2448
tot_msg_sent: 5113
tot_reconf_duration: 4.8100000000000005
tot_sleeping_duration: 5577137.819360018
tot_uptimes: 1451
tot_uptimes_duration: 87000.04863998224
