comms_cons: 569.4626561545548
finished_reconf: true
global_termination_time: 5664021.534
local_termination_time: 1101428.4309599996
node_cons: 116499.01860781567
tot_aggregated_send: 78184
tot_msg_rcv: 2795
tot_msg_sent: 5576
tot_reconf_duration: 4.390000000000001
tot_sleeping_duration: 5577021.491440015
tot_uptimes: 1451
tot_uptimes_duration: 87000.0425599846
