comms_cons: 560.9694528931374
finished_reconf: true
global_termination_time: 5660739.968
local_termination_time: 2160484.58836
node_cons: 116428.07596781652
tot_aggregated_send: 79054
tot_msg_rcv: 1961
tot_msg_sent: 4249
tot_reconf_duration: 11.31
tot_sleeping_duration: 5573799.925440015
tot_uptimes: 1450
tot_uptimes_duration: 86940.04255998507
