comms_cons: 66.6485503985138
finished_reconf: true
global_termination_time: 655501.046
local_termination_time: 227744.01224000048
node_cons: 13423.73836448115
tot_aggregated_send: 8874
tot_msg_rcv: 441
tot_msg_sent: 816
tot_reconf_duration: 5.1
tot_sleeping_duration: 645481.0216799991
tot_uptimes: 168
tot_uptimes_duration: 10020.02432000084
