comms_cons: 67.02424319648864
finished_reconf: true
global_termination_time: 654879.601
local_termination_time: 186070.40136000005
node_cons: 13424.219068957656
tot_aggregated_send: 8758
tot_msg_rcv: 497
tot_msg_sent: 932
tot_reconf_duration: 5.43
tot_sleeping_duration: 644859.5523600017
tot_uptimes: 168
tot_uptimes_duration: 10020.048639998246
