comms_cons: 67.2663680011866
finished_reconf: true
global_termination_time: 652199.4114799999
local_termination_time: 652199.37036
node_cons: 13485.981925444987
tot_aggregated_send: 8906
tot_msg_rcv: 550
tot_msg_sent: 768
tot_reconf_duration: 37.410000000000004
tot_sleeping_duration: 642165.6705199962
tot_uptimes: 168
tot_uptimes_duration: 10033.740960003699
