comms_cons: 64.50053120032604
finished_reconf: true
global_termination_time: 652209.757
local_termination_time: 249538.85236000005
node_cons: 13425.32452224288
tot_aggregated_send: 8816
tot_msg_rcv: 292
tot_msg_sent: 695
tot_reconf_duration: 6.279999999999999
tot_sleeping_duration: 642189.7448399978
tot_uptimes: 168
tot_uptimes_duration: 10020.012160002138
