comms_cons: 65.15381759883253
finished_reconf: true
global_termination_time: 654292.215
local_termination_time: 157607.859
node_cons: 13424.36848336432
tot_aggregated_send: 8987
tot_msg_rcv: 245
tot_msg_sent: 671
tot_reconf_duration: 5.57
tot_sleeping_duration: 644272.1967599968
tot_uptimes: 168
tot_uptimes_duration: 10020.018240003206
