comms_cons: 93.70754559555401
finished_reconf: true
global_termination_time: 936306.825
local_termination_time: 139556.26836000005
node_cons: 19232.043123355113
tot_aggregated_send: 13050
tot_msg_rcv: 397
tot_msg_sent: 796
tot_reconf_duration: 22.65
tot_sleeping_duration: 921966.8067600036
tot_uptimes: 240
tot_uptimes_duration: 14340.018239996338
