comms_cons: 184.46371831851613
finished_reconf: true
global_termination_time: 939680.558
local_termination_time: 2181.5823600000003
node_cons: 19287.569761121536
tot_aggregated_send: 0
tot_msg_rcv: 14113
tot_msg_sent: 13922
tot_reconf_duration: 4.390000000000001
tot_sleeping_duration: 925280.5519199988
tot_uptimes: 241
tot_uptimes_duration: 14400.006080001127
