comms_cons: 807.3829250338422
finished_reconf: true
global_termination_time: 7995796.675239996
local_termination_time: 40491.27364000008
node_cons: 164505.26815387997
tot_aggregated_send: 110258
tot_msg_rcv: 4102
tot_msg_sent: 8359
tot_reconf_duration: 18.21
tot_sleeping_duration: 7872958.333960022
tot_uptimes: 2048
tot_uptimes_duration: 122838.34127997432
