comms_cons: 794.4449985806082
finished_reconf: true
global_termination_time: 8000438.786
local_termination_time: 1924549.73648
node_cons: 164557.21684893098
tot_aggregated_send: 111360
tot_msg_rcv: 3102
tot_msg_sent: 6285
tot_reconf_duration: 15.34
tot_sleeping_duration: 7877558.737360018
tot_uptimes: 2049
tot_uptimes_duration: 122880.04863998247
