comms_cons: 780.8252481610236
finished_reconf: true
global_termination_time: 7998307.344
local_termination_time: 4418382.213279999
node_cons: 164556.8882266964
tot_aggregated_send: 110142
tot_msg_rcv: 2844
tot_msg_sent: 5694
tot_reconf_duration: 15.110000000000001
tot_sleeping_duration: 7875427.307520012
tot_uptimes: 2049
tot_uptimes_duration: 122880.0364799872
