comms_cons: 783.1485249580207
finished_reconf: true
global_termination_time: 7999215.256
local_termination_time: 5087114.238159998
node_cons: 164549.1449244628
tot_aggregated_send: 110606
tot_msg_rcv: 2856
tot_msg_sent: 5571
tot_reconf_duration: 9.42
tot_sleeping_duration: 7876335.231680009
tot_uptimes: 2049
tot_uptimes_duration: 122880.02431999147
