comms_cons: 785.364825731334
finished_reconf: true
global_termination_time: 7996424.576
local_termination_time: 5134384.567359999
node_cons: 164481.41530557905
tot_aggregated_send: 110374
tot_msg_rcv: 3056
tot_msg_sent: 5940
tot_reconf_duration: 18.700000000000003
tot_sleeping_duration: 7873604.545600011
tot_uptimes: 2048
tot_uptimes_duration: 122820.03039998934
