comms_cons: 801.4420802105872
finished_reconf: true
global_termination_time: 7997107.687
local_termination_time: 634380.8011599983
node_cons: 164460.2195933992
tot_aggregated_send: 111012
tot_msg_rcv: 3594
tot_msg_sent: 7207
tot_reconf_duration: 3.05
tot_sleeping_duration: 7874287.614040026
tot_uptimes: 2048
tot_uptimes_duration: 122820.07295997371
