comms_cons: 799.2688066016736
finished_reconf: true
global_termination_time: 7996220.401
local_termination_time: 1723401.19636
node_cons: 164464.52445339877
tot_aggregated_send: 110954
tot_msg_rcv: 3480
tot_msg_sent: 7048
tot_reconf_duration: 6.22
tot_sleeping_duration: 7873400.328040026
tot_uptimes: 2048
tot_uptimes_duration: 122820.07295997348
