comms_cons: 409.23105928973274
finished_reconf: true
global_termination_time: 4067880.157
local_termination_time: 366041.5953600001
node_cons: 83664.73940558727
tot_aggregated_send: 56260
tot_msg_rcv: 2053
tot_msg_sent: 3887
tot_reconf_duration: 22.65
tot_sleeping_duration: 4005420.126600008
tot_uptimes: 1042
tot_uptimes_duration: 62460.03039999207
