comms_cons: 403.66023684214196
finished_reconf: true
global_termination_time: 4067831.929
local_termination_time: 1941590.8343599997
node_cons: 83639.92604334853
tot_aggregated_send: 57246
tot_msg_rcv: 1443
tot_msg_sent: 2665
tot_reconf_duration: 4.390000000000001
tot_sleeping_duration: 4005371.910760007
tot_uptimes: 1042
tot_uptimes_duration: 62460.01823999314
