comms_cons: 403.66023681750846
finished_reconf: true
global_termination_time: 4067622.812
local_termination_time: 2190084.3846799983
node_cons: 83649.3315444662
tot_aggregated_send: 56666
tot_msg_rcv: 1730
tot_msg_sent: 2958
tot_reconf_duration: 11.31
tot_sleeping_duration: 4005162.787680009
tot_uptimes: 1042
tot_uptimes_duration: 62460.02431999124
