comms_cons: 26.31660800170214
finished_reconf: true
global_termination_time: 1319009.629
local_termination_time: 3512.16712
node_cons: 27078.349801121476
tot_aggregated_send: 0
tot_msg_rcv: 50
tot_msg_sent: 3950
tot_reconf_duration: 2.77
tot_sleeping_duration: 1298789.6229199988
tot_uptimes: 338
tot_uptimes_duration: 20220.00608000107
