comms_cons: 167.92812793775857
finished_reconf: true
global_termination_time: 857986.024
local_termination_time: 418717.2106000001
node_cons: 17605.079560000035
tot_aggregated_send: 0
tot_msg_rcv: 12825
tot_msg_sent: 12700
tot_reconf_duration: 7.819999999999999
tot_sleeping_duration: 844846.024
tot_uptimes: 220
tot_uptimes_duration: 13140.0
