comms_cons: 54.025932800005535
finished_reconf: true
global_termination_time: 549410.056
local_termination_time: 88736.43400000001
node_cons: 11260.400501119164
tot_aggregated_send: 7886
tot_msg_rcv: 100
tot_msg_sent: 226
tot_reconf_duration: 9.42
tot_sleeping_duration: 541010.0499200006
tot_uptimes: 141
tot_uptimes_duration: 8400.006079999366
