comms_cons: 53.69943040023862
finished_reconf: true
global_termination_time: 549759.988
local_termination_time: 60349.17760000002
node_cons: 11263.768341121448
tot_aggregated_send: 7946
tot_msg_rcv: 52
tot_msg_sent: 164
tot_reconf_duration: 11.899999999999999
tot_sleeping_duration: 541359.981919999
tot_uptimes: 141
tot_uptimes_duration: 8400.006080001069
