comms_cons: 122.73497600012551
finished_reconf: true
global_termination_time: 1266083.674
local_termination_time: 943581.26836
node_cons: 26038.606760000162
tot_aggregated_send: 18444
tot_msg_rcv: 88
tot_msg_sent: 123
tot_reconf_duration: 6.22
tot_sleeping_duration: 1246643.674
tot_uptimes: 325
tot_uptimes_duration: 19440.0
