comms_cons: 540.5035452956662
finished_reconf: true
global_termination_time: 1118722.7105999999
local_termination_time: 1118722.66948
node_cons: 67935.79622946911
tot_aggregated_send: 0
tot_msg_rcv: 33166
tot_msg_sent: 48986
tot_reconf_duration: 24.59
tot_sleeping_duration: 1068011.431280007
tot_uptimes: 830
tot_uptimes_duration: 50711.27931999287
