comms_cons: 111.84639999450879
finished_reconf: true
global_termination_time: 1119720.941
local_termination_time: 136366.75336000003
node_cons: 22987.867701116837
tot_aggregated_send: 15776
tot_msg_rcv: 415
tot_msg_sent: 809
tot_reconf_duration: 7.819999999999999
tot_sleeping_duration: 1102560.9349200025
tot_uptimes: 287
tot_uptimes_duration: 17160.006079997635
