comms_cons: 113.35961599476401
finished_reconf: true
global_termination_time: 1121031.51
local_termination_time: 48267.280720000024
node_cons: 23066.059324471964
tot_aggregated_send: 15544
tot_msg_rcv: 581
tot_msg_sent: 1105
tot_reconf_duration: 6.22
tot_sleeping_duration: 1103811.485680006
tot_uptimes: 288
tot_uptimes_duration: 17220.024319993972
