comms_cons: 15.725100799667755
finished_reconf: true
global_termination_time: 98099.30847999996
local_termination_time: 98099.26735999997
node_cons: 2133.8905609582357
tot_aggregated_send: 464
tot_msg_rcv: 985
tot_msg_sent: 940
tot_reconf_duration: 78.81
tot_sleeping_duration: 96585.59184000127
tot_uptimes: 26
tot_uptimes_duration: 1513.716639998689
