comms_cons: 8.941759999812959
finished_reconf: true
global_termination_time: 100111.445
local_termination_time: 4436.504999999999
node_cons: 2037.9821455977526
tot_aggregated_send: 617
tot_msg_rcv: 294
tot_msg_sent: 449
tot_reconf_duration: 21.68
tot_sleeping_duration: 98611.41460000168
tot_uptimes: 26
tot_uptimes_duration: 1500.0303999983225
