comms_cons: 11.218457599827259
finished_reconf: true
global_termination_time: 100119.012
local_termination_time: 5274.4
node_cons: 2042.9578644786013
tot_aggregated_send: 323
tot_msg_rcv: 663
tot_msg_sent: 722
tot_reconf_duration: 25.35
tot_sleeping_duration: 98618.98768000105
tot_uptimes: 26
tot_uptimes_duration: 1500.0243199989563
