comms_cons: 8.042464000018231
finished_reconf: true
global_termination_time: 98382.388
local_termination_time: 1700.22612
node_cons: 2014.4127044786017
tot_aggregated_send: 348
tot_msg_rcv: 313
tot_msg_sent: 563
tot_reconf_duration: 4.33
tot_sleeping_duration: 96882.36368000104
tot_uptimes: 26
tot_uptimes_duration: 1500.0243199989563
