comms_cons: 404.23877766257317
finished_reconf: true
global_termination_time: 4053915.686
local_termination_time: 2926904.6053599995
node_cons: 83427.3099644662
tot_aggregated_send: 55970
tot_msg_rcv: 1898
tot_msg_sent: 3573
tot_reconf_duration: 25.299999999999997
tot_sleeping_duration: 3991635.6616800088
tot_uptimes: 1039
tot_uptimes_duration: 62280.02431999147
