comms_cons: 405.3871744232798
finished_reconf: true
global_termination_time: 4052752.099
local_termination_time: 1382482.021159999
node_cons: 83333.14008558248
tot_aggregated_send: 56434
tot_msg_rcv: 1590
tot_msg_sent: 3592
tot_reconf_duration: 15.110000000000001
tot_sleeping_duration: 3990532.068600011
tot_uptimes: 1038
tot_uptimes_duration: 62220.03039998864
