comms_cons: 407.867321671873
finished_reconf: true
global_termination_time: 4056262.353
local_termination_time: 654222.0635999988
node_cons: 83398.9548900503
tot_aggregated_send: 56376
tot_msg_rcv: 1780
tot_msg_sent: 3837
tot_reconf_duration: 4.390000000000001
tot_sleeping_duration: 3993982.2982800207
tot_uptimes: 1039
tot_uptimes_duration: 62280.05471997941
