comms_cons: 407.83802884102045
finished_reconf: true
global_termination_time: 4054772.504
local_termination_time: 747518.0393599999
node_cons: 83397.12702893413
tot_aggregated_send: 56608
tot_msg_rcv: 1777
tot_msg_sent: 3604
tot_reconf_duration: 3.05
tot_sleeping_duration: 3992492.4553600177
tot_uptimes: 1039
tot_uptimes_duration: 62280.04863998224
