comms_cons: 98.68799999814287
finished_reconf: true
global_termination_time: 995052.29
local_termination_time: 484297.7813600001
node_cons: 20427.191720000064
tot_aggregated_send: 14210
tot_msg_rcv: 282
tot_msg_sent: 508
tot_reconf_duration: 15.34
tot_sleeping_duration: 979812.29
tot_uptimes: 255
tot_uptimes_duration: 15240.0
