comms_cons: 98.89853439519052
finished_reconf: true
global_termination_time: 993691.119
local_termination_time: 583099.1413599999
node_cons: 20413.285799999998
tot_aggregated_send: 14268
tot_msg_rcv: 304
tot_msg_sent: 460
tot_reconf_duration: 5.1
tot_sleeping_duration: 978451.119
tot_uptimes: 255
tot_uptimes_duration: 15240.0
