comms_cons: 197.53945590377285
finished_reconf: true
global_termination_time: 993927.9
local_termination_time: 3543.7273600000003
node_cons: 20437.167546721455
tot_aggregated_send: 0
tot_msg_rcv: 15296
tot_msg_sent: 14730
tot_reconf_duration: 22.65
tot_sleeping_duration: 978687.863519999
tot_uptimes: 255
tot_uptimes_duration: 15240.036480001065
