comms_cons: 103.93767038708963
finished_reconf: true
global_termination_time: 993523.235
local_termination_time: 467682.78060000006
node_cons: 20412.378607822393
tot_aggregated_send: 12818
tot_msg_rcv: 1057
tot_msg_sent: 1922
tot_reconf_duration: 4.390000000000001
tot_sleeping_duration: 978283.1924400132
tot_uptimes: 255
tot_uptimes_duration: 15240.042559986876
