comms_cons: 99.01187199747412
finished_reconf: true
global_termination_time: 995084.419
local_termination_time: 428618.11936
node_cons: 20414.806759999992
tot_aggregated_send: 14094
tot_msg_rcv: 360
tot_msg_sent: 595
tot_reconf_duration: 6.22
tot_sleeping_duration: 979844.419
tot_uptimes: 255
tot_uptimes_duration: 15240.0
