comms_cons: 82.3458943996149
finished_reconf: true
global_termination_time: 810600.809
local_termination_time: 518483.75592000026
node_cons: 16643.196783364296
tot_aggregated_send: 11078
tot_msg_rcv: 512
tot_msg_sent: 927
tot_reconf_duration: 9.42
tot_sleeping_duration: 798180.7907599969
tot_uptimes: 208
tot_uptimes_duration: 12420.018240003206
