comms_cons: 146.0593983650967
finished_reconf: true
global_termination_time: 810997.236
local_termination_time: 297444.56636000006
node_cons: 16641.023983359726
tot_aggregated_send: 0
tot_msg_rcv: 11292
tot_msg_sent: 10909
tot_reconf_duration: 7.819999999999999
tot_sleeping_duration: 798577.2177600003
tot_uptimes: 208
tot_uptimes_duration: 12420.018239999772
