comms_cons: 85.42646399223318
finished_reconf: true
global_termination_time: 810216.393
local_termination_time: 186326.53936000005
node_cons: 16637.835351200523
tot_aggregated_send: 10092
tot_msg_rcv: 967
tot_msg_sent: 1927
tot_reconf_duration: 5.43
tot_sleeping_duration: 797796.3321999997
tot_uptimes: 208
tot_uptimes_duration: 12420.060800000385
