comms_cons: 82.64791039637808
finished_reconf: true
global_termination_time: 807364.915
local_termination_time: 390828.88332000066
node_cons: 16570.912425593415
tot_aggregated_send: 10788
tot_msg_rcv: 620
tot_msg_sent: 1154
tot_reconf_duration: 15.34
tot_sleeping_duration: 795004.884600005
tot_uptimes: 207
tot_uptimes_duration: 12360.030399995041
