comms_cons: 118.53335039683911
finished_reconf: true
global_termination_time: 1221650.641
local_termination_time: 809108.5703199987
node_cons: 25083.97300111693
tot_aggregated_send: 17226
tot_msg_rcv: 284
tot_msg_sent: 506
tot_reconf_duration: 13.17
tot_sleeping_duration: 1202930.6349200024
tot_uptimes: 313
tot_uptimes_duration: 18720.006079997635
