comms_cons: 121.93889279434582
finished_reconf: true
global_termination_time: 1224655.913
local_termination_time: 588426.8745599996
node_cons: 25177.1868411169
tot_aggregated_send: 16878
tot_msg_rcv: 579
tot_msg_sent: 1077
tot_reconf_duration: 22.65
tot_sleeping_duration: 1205875.9069200023
tot_uptimes: 314
tot_uptimes_duration: 18780.006079997635
