comms_cons: 126.16273918942139
finished_reconf: true
global_termination_time: 1224114.875
local_termination_time: 431708.44576000044
node_cons: 25150.62702894856
tot_aggregated_send: 16240
tot_msg_rcv: 1016
tot_msg_sent: 1920
tot_reconf_duration: 3.05
tot_sleeping_duration: 1205334.8263600084
tot_uptimes: 314
tot_uptimes_duration: 18780.04863999138
