comms_cons: 139.5645695990663
finished_reconf: true
global_termination_time: 1411321.231
local_termination_time: 446367.22136
node_cons: 29015.111380000028
tot_aggregated_send: 20474
tot_msg_rcv: 283
tot_msg_sent: 456
tot_reconf_duration: 9.11
tot_sleeping_duration: 1389661.231
tot_uptimes: 362
tot_uptimes_duration: 21660.0
