comms_cons: 141.11726079164129
finished_reconf: true
global_termination_time: 1409834.566
local_termination_time: 932839.1531999996
node_cons: 29015.532360000085
tot_aggregated_send: 20010
tot_msg_rcv: 519
tot_msg_sent: 920
tot_reconf_duration: 9.42
tot_sleeping_duration: 1388174.566
tot_uptimes: 362
tot_uptimes_duration: 21659.999999999985
