comms_cons: 142.94362878983748
finished_reconf: true
global_termination_time: 1410126.213
local_termination_time: 44082.12960000002
node_cons: 29006.922605584212
tot_aggregated_send: 19314
tot_msg_rcv: 780
tot_msg_sent: 1631
tot_reconf_duration: 3.05
tot_sleeping_duration: 1388466.1826000118
tot_uptimes: 362
tot_uptimes_duration: 21660.030399988173
