comms_cons: 55.8901120000169
finished_reconf: true
global_termination_time: 549977.874
local_termination_time: 263869.55036
node_cons: 11253.569761121385
tot_aggregated_send: 7076
tot_msg_rcv: 546
tot_msg_sent: 872
tot_reconf_duration: 4.390000000000001
tot_sleeping_duration: 541577.867919999
tot_uptimes: 141
tot_uptimes_duration: 8400.006080001069
