comms_cons: 52.02877440023649
finished_reconf: true
global_termination_time: 530693.357
local_termination_time: 236747.44936000006
node_cons: 10876.658700000005
tot_aggregated_send: 7540
tot_msg_rcv: 99
tot_msg_sent: 270
tot_reconf_duration: 22.65
tot_sleeping_duration: 522593.35699999996
tot_uptimes: 136
tot_uptimes_duration: 8100.0
