comms_cons: 51.876992000264835
finished_reconf: true
global_termination_time: 526373.6
local_termination_time: 102499.65435999997
node_cons: 10772.485800000022
tot_aggregated_send: 7482
tot_msg_rcv: 139
tot_msg_sent: 264
tot_reconf_duration: 5.1
tot_sleeping_duration: 518333.6
tot_uptimes: 135
tot_uptimes_duration: 8040.0
