comms_cons: 51.60724480010653
finished_reconf: true
global_termination_time: 529044.53
local_termination_time: 233819.814
node_cons: 10863.784860000032
tot_aggregated_send: 7643
tot_msg_rcv: 27
tot_msg_sent: 174
tot_reconf_duration: 13.17
tot_sleeping_duration: 520944.53
tot_uptimes: 136
tot_uptimes_duration: 8100.0
