comms_cons: 52.18621440056194
finished_reconf: true
global_termination_time: 525383.715
local_termination_time: 319741.9982400005
node_cons: 10772.933940000004
tot_aggregated_send: 7540
tot_msg_rcv: 165
tot_msg_sent: 227
tot_reconf_duration: 5.43
tot_sleeping_duration: 517343.71499999997
tot_uptimes: 135
tot_uptimes_duration: 8040.0
