comms_cons: 106.52530561356618
finished_reconf: true
global_termination_time: 527258.067
local_termination_time: 2172.3493600000006
node_cons: 10880.281823363168
tot_aggregated_send: 0
tot_msg_rcv: 8374
tot_msg_sent: 7815
tot_reconf_duration: 25.299999999999997
tot_sleeping_duration: 519158.04875999765
tot_uptimes: 136
tot_uptimes_duration: 8100.018240002355
