comms_cons: 53.487923201050734
finished_reconf: true
global_termination_time: 525819.882
local_termination_time: 50467.375600000014
node_cons: 10783.453001120304
tot_aggregated_send: 7134
tot_msg_rcv: 368
tot_msg_sent: 627
tot_reconf_duration: 13.17
tot_sleeping_duration: 517779.8759199998
tot_uptimes: 135
tot_uptimes_duration: 8040.0060800002175
