comms_cons: 52.975718400825066
finished_reconf: true
global_termination_time: 529218.7
local_termination_time: 471102.4023600001
node_cons: 10850.041900000078
tot_aggregated_send: 7366
tot_msg_rcv: 222
tot_msg_sent: 464
tot_reconf_duration: 3.05
tot_sleeping_duration: 521118.69999999995
tot_uptimes: 136
tot_uptimes_duration: 8100.0
