comms_cons: 152.89866239451953
finished_reconf: true
global_termination_time: 1552040.36
local_termination_time: 1071762.387519998
node_cons: 31900.941619999914
tot_aggregated_send: 22098
tot_msg_rcv: 324
tot_msg_sent: 817
tot_reconf_duration: 4.390000000000001
tot_sleeping_duration: 1528220.36
tot_uptimes: 398
tot_uptimes_duration: 23820.0
