comms_cons: 152.9532415967026
finished_reconf: true
global_termination_time: 1551608.211
local_termination_time: 1385798.44336
node_cons: 31915.81172000016
tot_aggregated_send: 22156
tot_msg_rcv: 350
tot_msg_sent: 742
tot_reconf_duration: 15.34
tot_sleeping_duration: 1527788.211
tot_uptimes: 398
tot_uptimes_duration: 23820.0
