comms_cons: 56.42979839871221
finished_reconf: true
global_termination_time: 563951.336
local_termination_time: 340057.0243600001
node_cons: 11599.72684111688
tot_aggregated_send: 7830
tot_msg_rcv: 245
tot_msg_sent: 502
tot_reconf_duration: 22.65
tot_sleeping_duration: 555311.3299200024
tot_uptimes: 145
tot_uptimes_duration: 8640.006079997635
