comms_cons: 57.54888959942385
finished_reconf: true
global_termination_time: 564182.482
local_termination_time: 361611.987
node_cons: 11582.641136247086
tot_aggregated_send: 7482
tot_msg_rcv: 398
tot_msg_sent: 867
tot_reconf_duration: 9.11
tot_sleeping_duration: 555541.5038399947
tot_uptimes: 145
tot_uptimes_duration: 8640.978160005296
