comms_cons: 56.99623679855268
finished_reconf: true
global_termination_time: 564115.363
local_termination_time: 333443.36699999997
node_cons: 11589.511944481132
tot_aggregated_send: 7598
tot_msg_rcv: 321
tot_msg_sent: 744
tot_reconf_duration: 15.110000000000001
tot_sleeping_duration: 555475.3386799991
tot_uptimes: 145
tot_uptimes_duration: 8640.024320000848
