comms_cons: 58.25944319968765
finished_reconf: true
global_termination_time: 566471.921
local_termination_time: 23007.512880000002
node_cons: 11655.840121121448
tot_aggregated_send: 7540
tot_msg_rcv: 447
tot_msg_sent: 869
tot_reconf_duration: 4.8100000000000005
tot_sleeping_duration: 557771.914919999
tot_uptimes: 146
tot_uptimes_duration: 8700.006080001069
