comms_cons: 1.4408447999952403
finished_reconf: true
global_termination_time: 13454.088
local_termination_time: 2231.7095600000007
node_cons: 247.55197999999993
tot_aggregated_send: 0
tot_msg_rcv: 103
tot_msg_sent: 116
tot_reconf_duration: 4.8100000000000005
tot_sleeping_duration: 13274.088
tot_uptimes: 4
tot_uptimes_duration: 180.0
