comms_cons: 1.4211071999953055
finished_reconf: true
global_termination_time: 11098.39348
local_termination_time: 11098.35236
node_cons: 212.43369512001146
tot_aggregated_send: 0
tot_msg_rcv: 105
tot_msg_sent: 110
tot_reconf_duration: 24.59
tot_sleeping_duration: 10964.681399999992
tot_uptimes: 3
tot_uptimes_duration: 133.71208000000843
