comms_cons: 287.8747773948011
finished_reconf: true
global_termination_time: 1463898.698
local_termination_time: 170.91603999999998
node_cons: 30071.913603352863
tot_aggregated_send: 0
tot_msg_rcv: 22071
tot_msg_sent: 21686
tot_reconf_duration: 18.21
tot_sleeping_duration: 1441458.6797600053
tot_uptimes: 375
tot_uptimes_duration: 22440.018239994635
