comms_cons: 147.95381118759238
finished_reconf: true
global_termination_time: 1461622.038
local_termination_time: 306222.50260000053
node_cons: 30053.732685588806
tot_aggregated_send: 19952
tot_msg_rcv: 790
tot_msg_sent: 1745
tot_reconf_duration: 4.8100000000000005
tot_sleeping_duration: 1439182.0076000083
tot_uptimes: 375
tot_uptimes_duration: 22440.030399991607
