comms_cons: 147.01880319117228
finished_reconf: true
global_termination_time: 1463748.911
local_termination_time: 1058401.8911599992
node_cons: 30051.32632335029
tot_aggregated_send: 20648
tot_msg_rcv: 651
tot_msg_sent: 1047
tot_reconf_duration: 3.05
tot_sleeping_duration: 1441308.8927600072
tot_uptimes: 375
tot_uptimes_duration: 22440.018239992904
