comms_cons: 385.1463680552685
finished_reconf: true
global_termination_time: 3814160.211
local_termination_time: 139282.84592000028
node_cons: 78429.80627117197
tot_aggregated_send: 52606
tot_msg_rcv: 2041
tot_msg_sent: 3893
tot_reconf_duration: 13.17
tot_sleeping_duration: 3755600.1502000196
tot_uptimes: 977
tot_uptimes_duration: 58560.06079998048
