comms_cons: 385.1418944590899
finished_reconf: true
global_termination_time: 3814722.172
local_termination_time: 919217.3933599999
node_cons: 78416.07962782106
tot_aggregated_send: 52316
tot_msg_rcv: 2037
tot_msg_sent: 4186
tot_reconf_duration: 3.08
tot_sleeping_duration: 3756162.1294400124
tot_uptimes: 977
tot_uptimes_duration: 58560.04255998734
