comms_cons: 378.17283202223206
finished_reconf: true
global_termination_time: 3810966.744
local_termination_time: 1140633.4063599997
node_cons: 78352.06008558301
tot_aggregated_send: 53186
tot_msg_rcv: 1373
tot_msg_sent: 2922
tot_reconf_duration: 15.110000000000001
tot_sleeping_duration: 3752466.713600011
tot_uptimes: 976
tot_uptimes_duration: 58500.03039998887
