comms_cons: 72.73583999798294
finished_reconf: true
global_termination_time: 592362.9153199996
local_termination_time: 592362.8741999996
node_cons: 12229.853824654974
tot_aggregated_send: 5394
tot_msg_rcv: 2213
tot_msg_sent: 3447
tot_reconf_duration: 24.59
tot_sleeping_duration: 583254.2815599884
tot_uptimes: 152
tot_uptimes_duration: 9108.633760011166
