comms_cons: 287.0040959954594
finished_reconf: true
global_termination_time: 2875137.045
local_termination_time: 741138.213
node_cons: 59177.99007436784
tot_aggregated_send: 39090
tot_msg_rcv: 1528
tot_msg_sent: 3005
tot_reconf_duration: 22.65
tot_sleeping_duration: 2830964.355400023
tot_uptimes: 737
tot_uptimes_duration: 44172.68959997676
