comms_cons: 283.27798399943026
finished_reconf: true
global_termination_time: 2875959.23
local_termination_time: 1438766.0073600002
node_cons: 59145.11824111599
tot_aggregated_send: 40890
tot_msg_rcv: 724
tot_msg_sent: 1442
tot_reconf_duration: 10.95
tot_sleeping_duration: 2831799.2239200026
tot_uptimes: 737
tot_uptimes_duration: 44160.006079997635
