comms_cons: 497.51051494850543
finished_reconf: true
global_termination_time: 1025847.174999999
local_termination_time: 1025847.133879999
node_cons: 62710.94232406465
tot_aggregated_send: 0
tot_msg_rcv: 30414
tot_msg_sent: 45203
tot_reconf_duration: 37.410000000000004
tot_sleeping_duration: 979050.9542800096
tot_uptimes: 770
tot_uptimes_duration: 46796.22071998942
