comms_cons: 105.37212159606503
finished_reconf: true
global_termination_time: 1026667.241
local_termination_time: 456055.55848000094
node_cons: 21058.521406076386
tot_aggregated_send: 13514
tot_msg_rcv: 839
tot_msg_sent: 1663
tot_reconf_duration: 5.1
tot_sleeping_duration: 1010945.3622800028
tot_uptimes: 263
tot_uptimes_duration: 15721.878719997301
