comms_cons: 102.5680447958471
finished_reconf: true
global_termination_time: 1025847.8711200001
local_termination_time: 24123.428440000003
node_cons: 21081.42542415209
tot_aggregated_send: 13572
tot_msg_rcv: 702
tot_msg_sent: 1317
tot_reconf_duration: 7.819999999999999
tot_sleeping_duration: 1010111.6456800061
tot_uptimes: 263
tot_uptimes_duration: 15736.225439994072
