comms_cons: 541.6653179580097
finished_reconf: true
global_termination_time: 1859692.7236
local_termination_time: 1859692.68248
node_cons: 75887.77749839795
tot_aggregated_send: 0
tot_msg_rcv: 27599
tot_msg_sent: 54730
tot_reconf_duration: 24.59
tot_sleeping_duration: 1803042.6980000003
tot_uptimes: 937
tot_uptimes_duration: 56650.02559999976
