comms_cons: 183.61889278912787
finished_reconf: true
global_termination_time: 1859704.262
local_termination_time: 782974.7163599998
node_cons: 38328.174184471754
tot_aggregated_send: 25578
tot_msg_rcv: 720
tot_msg_sent: 1611
tot_reconf_duration: 4.390000000000001
tot_sleeping_duration: 1831084.2376800063
tot_uptimes: 477
tot_uptimes_duration: 28620.024319993972
