comms_cons: 1.4474239999994394
finished_reconf: true
global_termination_time: 11072.141
local_termination_time: 4930.15336
node_cons: 181.5117200000002
tot_aggregated_send: 0
tot_msg_rcv: 118
tot_msg_sent: 102
tot_reconf_duration: 15.34
tot_sleeping_duration: 10952.141
tot_uptimes: 3
tot_uptimes_duration: 120.0
