comms_cons: 1.5263743999991783
finished_reconf: true
global_termination_time: 11105.799
local_termination_time: 7245.16036
node_cons: 168.24405999999962
tot_aggregated_send: 0
tot_msg_rcv: 121
tot_msg_sent: 111
tot_reconf_duration: 5.57
tot_sleeping_duration: 10985.799
tot_uptimes: 3
tot_uptimes_duration: 120.0
