comms_cons: 2.2298303999951226
finished_reconf: true
global_termination_time: 13154.035
local_termination_time: 4048.6723600000005
node_cons: 258.9048600000002
tot_aggregated_send: 0
tot_msg_rcv: 175
tot_msg_sent: 162
tot_reconf_duration: 13.17
tot_sleeping_duration: 12974.035
tot_uptimes: 4
tot_uptimes_duration: 180.00000000000006
