comms_cons: 1.5263743999991783
finished_reconf: true
global_termination_time: 14060.221
local_termination_time: 7265.78736
node_cons: 248.3939400000004
tot_aggregated_send: 0
tot_msg_rcv: 119
tot_msg_sent: 113
tot_reconf_duration: 5.43
tot_sleeping_duration: 13880.221
tot_uptimes: 4
tot_uptimes_duration: 180.0
