comms_cons: 68.04850559820295
finished_reconf: true
global_termination_time: 655237.8532400001
local_termination_time: 179817.71948000006
node_cons: 13444.183180565193
tot_aggregated_send: 8468
tot_msg_rcv: 700
tot_msg_sent: 1175
tot_reconf_duration: 5.1
tot_sleeping_duration: 645202.5601999962
tot_uptimes: 168
tot_uptimes_duration: 10035.29304000386
