comms_cons: 66.73704320038996
finished_reconf: true
global_termination_time: 655273.057
local_termination_time: 304227.09876000084
node_cons: 13472.256108005455
tot_aggregated_send: 8526
tot_msg_rcv: 515
tot_msg_sent: 1103
tot_reconf_duration: 25.299999999999997
tot_sleeping_duration: 645237.284999996
tot_uptimes: 168
tot_uptimes_duration: 10035.772000004072
