comms_cons: 65.85841919768673
finished_reconf: true
global_termination_time: 655565.079
local_termination_time: 350864.18436
node_cons: 13429.596783364288
tot_aggregated_send: 9048
tot_msg_rcv: 330
tot_msg_sent: 632
tot_reconf_duration: 9.42
tot_sleeping_duration: 645545.0607599969
tot_uptimes: 168
tot_uptimes_duration: 10020.018240003206
