comms_cons: 66.04174719842865
finished_reconf: true
global_termination_time: 655453.187
local_termination_time: 260461.0542800008
node_cons: 13425.251183359715
tot_aggregated_send: 8874
tot_msg_rcv: 352
tot_msg_sent: 812
tot_reconf_duration: 6.22
tot_sleeping_duration: 645433.1687600003
tot_uptimes: 168
tot_uptimes_duration: 10020.018239999772
