comms_cons: 67.41095039731852
finished_reconf: true
global_termination_time: 655608.509
local_termination_time: 249969.20736000006
node_cons: 13424.178363359704
tot_aggregated_send: 8584
tot_msg_rcv: 643
tot_msg_sent: 1021
tot_reconf_duration: 5.43
tot_sleeping_duration: 645588.4907600002
tot_uptimes: 168
tot_uptimes_duration: 10020.018239999772
