comms_cons: 67.17920639931361
finished_reconf: true
global_termination_time: 657026.451
local_termination_time: 264683.4556000001
node_cons: 13517.976143359747
tot_aggregated_send: 8642
tot_msg_rcv: 513
tot_msg_sent: 1056
tot_reconf_duration: 15.34
tot_sleeping_duration: 646946.4327600002
tot_uptimes: 169
tot_uptimes_duration: 10080.018239999772
