comms_cons: 40.718656000277015
finished_reconf: true
global_termination_time: 407367.922
local_termination_time: 1211.4994800000004
node_cons: 8386.11870000001
tot_aggregated_send: 5742
tot_msg_rcv: 175
tot_msg_sent: 271
tot_reconf_duration: 22.65
tot_sleeping_duration: 401127.922
tot_uptimes: 105
tot_uptimes_duration: 6240.0
