comms_cons: 35.95532800037414
finished_reconf: true
global_termination_time: 354665.685
local_termination_time: 115383.18535999996
node_cons: 7239.144522242868
tot_aggregated_send: 4640
tot_msg_rcv: 248
tot_msg_sent: 577
tot_reconf_duration: 6.279999999999999
tot_sleeping_duration: 349265.67283999786
tot_uptimes: 91
tot_uptimes_duration: 5400.0121600021375
