comms_cons: 35.95532800100492
finished_reconf: true
global_termination_time: 354649.442
local_termination_time: 331536.56680000026
node_cons: 7239.054901121402
tot_aggregated_send: 4698
tot_msg_rcv: 249
tot_msg_sent: 518
tot_reconf_duration: 6.22
tot_sleeping_duration: 349249.4359199989
tot_uptimes: 91
tot_uptimes_duration: 5400.006080001069
