comms_cons: 107.71528958847563
finished_reconf: true
global_termination_time: 1053931.003
local_termination_time: 6146.875999999999
node_cons: 21618.342288948486
tot_aggregated_send: 14031
tot_msg_rcv: 792
tot_msg_sent: 1549
tot_reconf_duration: 5.02
tot_sleeping_duration: 1037790.9543600086
tot_uptimes: 270
tot_uptimes_duration: 16140.048639991379
