comms_cons: 104.53690879606081
finished_reconf: true
global_termination_time: 1052240.154
local_termination_time: 5148.075
node_cons: 21621.745464471962
tot_aggregated_send: 14492
tot_msg_rcv: 459
tot_msg_sent: 938
tot_reconf_duration: 7.55
tot_sleeping_duration: 1036100.1296800062
tot_uptimes: 270
tot_uptimes_duration: 16140.024319993972
