comms_cons: 0.8552959999971762
finished_reconf: true
global_termination_time: 4022.181
local_termination_time: 2729.1813600000005
node_cons: 98.22486000000009
tot_aggregated_send: 0
tot_msg_rcv: 81
tot_msg_sent: 48
tot_reconf_duration: 13.17
tot_sleeping_duration: 3962.181
tot_uptimes: 2
tot_uptimes_duration: 60.0
