comms_cons: 0.9276672000020683
finished_reconf: true
global_termination_time: 7454.445
local_termination_time: 1102.9113600000003
node_cons: 88.78676000000004
tot_aggregated_send: 0
tot_msg_rcv: 88
tot_msg_sent: 53
tot_reconf_duration: 6.22
tot_sleeping_duration: 7394.445
tot_uptimes: 2
tot_uptimes_duration: 60.0
