comms_cons: 45.65867520093971
finished_reconf: true
global_termination_time: 444215.795
local_termination_time: 65930.44371999968
node_cons: 9099.268002242889
tot_aggregated_send: 6032
tot_msg_rcv: 397
tot_msg_sent: 511
tot_reconf_duration: 15.34
tot_sleeping_duration: 437435.78283999785
tot_uptimes: 114
tot_uptimes_duration: 6780.0121600021375
