comms_cons: 45.4766848004895
finished_reconf: true
global_termination_time: 443961.362
local_termination_time: 26454.46768
node_cons: 9090.815803363164
tot_aggregated_send: 5916
tot_msg_rcv: 361
tot_msg_sent: 637
tot_reconf_duration: 9.11
tot_sleeping_duration: 437181.3437599977
tot_uptimes: 114
tot_uptimes_duration: 6780.018240002355
