comms_cons: 45.62017280100511
finished_reconf: true
global_termination_time: 442117.475
local_termination_time: 155788.30136000004
node_cons: 9093.314523364279
tot_aggregated_send: 5800
tot_msg_rcv: 384
tot_msg_sent: 750
tot_reconf_duration: 10.95
tot_sleeping_duration: 435337.45675999677
tot_uptimes: 114
tot_uptimes_duration: 6780.018240003206
