comms_cons: 46.22608640113861
finished_reconf: true
global_termination_time: 441632.003
local_termination_time: 177106.91516000076
node_cons: 9082.594464485717
tot_aggregated_send: 5800
tot_msg_rcv: 470
tot_msg_sent: 756
tot_reconf_duration: 3.05
tot_sleeping_duration: 434851.97867999575
tot_uptimes: 114
tot_uptimes_duration: 6780.024320004275
