comms_cons: 79.75580799785787
finished_reconf: true
global_termination_time: 795871.442
local_termination_time: 450904.68736000004
node_cons: 16315.560121121453
tot_aggregated_send: 10556
tot_msg_rcv: 580
tot_msg_sent: 986
tot_reconf_duration: 4.8100000000000005
tot_sleeping_duration: 783691.4359199989
tot_uptimes: 204
tot_uptimes_duration: 12180.006080001069
