comms_cons: 79.9241215984192
finished_reconf: true
global_termination_time: 796306.792
local_termination_time: 411475.93952000083
node_cons: 16325.525126402497
tot_aggregated_send: 11136
tot_msg_rcv: 382
tot_msg_sent: 630
tot_reconf_duration: 11.899999999999999
tot_sleeping_duration: 784126.5343999981
tot_uptimes: 204
tot_uptimes_duration: 12180.257600001882
