comms_cons: 82.5353727986436
finished_reconf: true
global_termination_time: 794248.387
local_termination_time: 267611.81060000096
node_cons: 16315.241064639487
tot_aggregated_send: 10556
tot_msg_rcv: 768
tot_msg_sent: 1222
tot_reconf_duration: 4.390000000000001
tot_sleeping_duration: 782068.1932400003
tot_uptimes: 204
tot_uptimes_duration: 12180.193759999645
