comms_cons: 80.3376383985702
finished_reconf: true
global_termination_time: 793658.143
local_termination_time: 428110.67148
node_cons: 16317.49932447651
tot_aggregated_send: 10150
tot_msg_rcv: 747
tot_msg_sent: 1313
tot_reconf_duration: 6.22
tot_sleeping_duration: 781478.1186800026
tot_uptimes: 204
tot_uptimes_duration: 12180.024319997407
