comms_cons: 79.80472319768786
finished_reconf: true
global_termination_time: 796026.742
local_termination_time: 359306.9933600001
node_cons: 16324.411544476547
tot_aggregated_send: 10208
tot_msg_rcv: 727
tot_msg_sent: 1194
tot_reconf_duration: 11.31
tot_sleeping_duration: 783846.7176800026
tot_uptimes: 204
tot_uptimes_duration: 12180.024319997407
