comms_cons: 63.29848320011765
finished_reconf: true
global_termination_time: 645917.593
local_termination_time: 517571.93836000003
node_cons: 13262.061619999957
tot_aggregated_send: 9396
tot_msg_rcv: 92
tot_msg_sent: 133
tot_reconf_duration: 4.390000000000001
tot_sleeping_duration: 636017.593
tot_uptimes: 166
tot_uptimes_duration: 9900.0
