comms_cons: 63.7919232001393
finished_reconf: true
global_termination_time: 647189.016
local_termination_time: 314342.3073600001
node_cons: 13260.241900000083
tot_aggregated_send: 9222
tot_msg_rcv: 128
tot_msg_sent: 346
tot_reconf_duration: 3.05
tot_sleeping_duration: 637289.016
tot_uptimes: 166
tot_uptimes_duration: 9900.0
