comms_cons: 168.06904313950096
finished_reconf: true
global_termination_time: 1452208.726
local_termination_time: 451022.38136000006
node_cons: 29836.91498223359
tot_aggregated_send: 0
tot_msg_rcv: 12968
tot_msg_sent: 12576
tot_reconf_duration: 22.65
tot_sleeping_duration: 1429948.7138400048
tot_uptimes: 372
tot_uptimes_duration: 22260.012159995153
