comms_cons: 142.2883583987914
finished_reconf: true
global_termination_time: 1451820.971
local_termination_time: 478638.2683600001
node_cons: 29810.28190000011
tot_aggregated_send: 20880
tot_msg_rcv: 253
tot_msg_sent: 494
tot_reconf_duration: 3.05
tot_sleeping_duration: 1429560.971
tot_uptimes: 372
tot_uptimes_duration: 22260.0
