comms_cons: 141.33437439772436
finished_reconf: true
global_termination_time: 1453724.404
local_termination_time: 849211.4591999986
node_cons: 29897.099560000137
tot_aggregated_send: 20880
tot_msg_rcv: 157
tot_msg_sent: 445
tot_reconf_duration: 7.819999999999999
tot_sleeping_duration: 1431404.404
tot_uptimes: 373
tot_uptimes_duration: 22320.0
