comms_cons: 14.748403199624157
finished_reconf: true
global_termination_time: 151691.625
local_termination_time: 1135.7581200000002
node_cons: 3085.468488960051
tot_aggregated_send: 0
tot_msg_rcv: 548
tot_msg_sent: 1694
tot_reconf_duration: 23.919999999999998
tot_sleeping_duration: 149411.57635999998
tot_uptimes: 39
tot_uptimes_duration: 2280.0486400000373
