comms_cons: 19.951488000012212
finished_reconf: true
global_termination_time: 153629.686
local_termination_time: 2602.2081200000002
node_cons: 3142.9479100777794
tot_aggregated_send: 0
tot_msg_rcv: 766
tot_msg_sent: 2268
tot_reconf_duration: 7.08
tot_sleeping_duration: 151289.63128000166
tot_uptimes: 40
tot_uptimes_duration: 2340.0547199983407
