comms_cons: 97.99718399769296
finished_reconf: true
global_termination_time: 991435.187
local_termination_time: 357968.69096000056
node_cons: 20334.54823999999
tot_aggregated_send: 14094
tot_msg_rcv: 226
tot_msg_sent: 575
tot_reconf_duration: 6.279999999999999
tot_sleeping_duration: 976255.187
tot_uptimes: 254
tot_uptimes_duration: 15180.0
