comms_cons: 97.00372479962998
finished_reconf: true
global_termination_time: 993500.324
local_termination_time: 430220.424
node_cons: 20442.152272401374
tot_aggregated_send: 14537
tot_msg_rcv: 40
tot_msg_sent: 167
tot_reconf_duration: 25.299999999999997
tot_sleeping_duration: 978259.252399999
tot_uptimes: 255
tot_uptimes_duration: 15241.071600001014
