comms_cons: 197.6880831045911
finished_reconf: true
global_termination_time: 989988.4205999998
local_termination_time: 2592.9993600000003
node_cons: 20377.372412871817
tot_aggregated_send: 0
tot_msg_rcv: 15372
tot_msg_sent: 14672
tot_reconf_duration: 22.65
tot_sleeping_duration: 974793.040680006
tot_uptimes: 254
tot_uptimes_duration: 15195.379919993866
