comms_cons: 541.5440636917251
finished_reconf: true
global_termination_time: 1121199.1265999998
local_termination_time: 1121199.08548
node_cons: 67983.4833646063
tot_aggregated_send: 0
tot_msg_rcv: 33299
tot_msg_sent: 49012
tot_reconf_duration: 37.410000000000004
tot_sleeping_duration: 1070465.2351999942
tot_uptimes: 835
tot_uptimes_duration: 50733.89140000574
