comms_cons: 222.7329790736472
finished_reconf: true
global_termination_time: 1122724.235
local_termination_time: 2767.6223600000003
node_cons: 23082.3580267226
tot_aggregated_send: 0
tot_msg_rcv: 17207
tot_msg_sent: 16644
tot_reconf_duration: 18.21
tot_sleeping_duration: 1105504.1985199982
tot_uptimes: 288
tot_uptimes_duration: 17220.036480001916
