comms_cons: 112.72801279369102
finished_reconf: true
global_termination_time: 1122854.616
local_termination_time: 260056.26536000005
node_cons: 23064.56278783626
tot_aggregated_send: 14674
tot_msg_rcv: 827
tot_msg_sent: 1633
tot_reconf_duration: 5.1
tot_sleeping_duration: 1105634.5734400027
tot_uptimes: 288
tot_uptimes_duration: 17220.04255999718
