comms_cons: 113.34024319301228
finished_reconf: true
global_termination_time: 1123011.058
local_termination_time: 431149.9944800001
node_cons: 23068.615066714858
tot_aggregated_send: 14152
tot_msg_rcv: 1095
tot_msg_sent: 1978
tot_reconf_duration: 8.09
tot_sleeping_duration: 1105791.021520004
tot_uptimes: 288
tot_uptimes_duration: 17220.03647999611
