comms_cons: 114.06325759390018
finished_reconf: true
global_termination_time: 1122156.533
local_termination_time: 534074.7505999998
node_cons: 23074.764104476566
tot_aggregated_send: 15138
tot_msg_rcv: 791
tot_msg_sent: 1408
tot_reconf_duration: 12.629999999999999
tot_sleeping_duration: 1104936.5086800025
tot_uptimes: 288
tot_uptimes_duration: 17220.024319997407
