comms_cons: 255.75129598240744
finished_reconf: true
global_termination_time: 2562206.693
local_termination_time: 612541.0063599999
node_cons: 52709.99836446648
tot_aggregated_send: 35960
tot_msg_rcv: 1049
tot_msg_sent: 1863
tot_reconf_duration: 5.1
tot_sleeping_duration: 2522846.6686800094
tot_uptimes: 657
tot_uptimes_duration: 39360.02431999054
