comms_cons: 157.28103678997434
finished_reconf: true
global_termination_time: 1581161.6541199998
local_termination_time: 1581161.613
node_cons: 32504.930016381004
tot_aggregated_send: 22258
tot_msg_rcv: 476
tot_msg_sent: 1173
tot_reconf_duration: 24.59
tot_sleeping_duration: 1556911.066520014
tot_uptimes: 405
tot_uptimes_duration: 24250.587599985767
