comms_cons: 155.13095679307378
finished_reconf: true
global_termination_time: 1583567.694
local_termination_time: 573681.2604799998
node_cons: 32543.67790223833
tot_aggregated_send: 21634
tot_msg_rcv: 778
tot_msg_sent: 1167
tot_reconf_duration: 4.390000000000001
tot_sleeping_duration: 1559267.6818400011
tot_uptimes: 406
tot_uptimes_duration: 24300.012159998703
