comms_cons: 164.48687998277646
finished_reconf: true
global_termination_time: 1584086.826
local_termination_time: 118373.66715999955
node_cons: 32548.40911229901
tot_aggregated_send: 20880
tot_msg_rcv: 1501
tot_msg_sent: 2621
tot_reconf_duration: 7.819999999999999
tot_sleeping_duration: 1559786.7591200154
tot_uptimes: 406
tot_uptimes_duration: 24300.066879984282
