comms_cons: 231.00291839174184
finished_reconf: true
global_termination_time: 2343387.252
local_termination_time: 1007138.3519999981
node_cons: 48229.55197399682
tot_aggregated_send: 33698
tot_msg_rcv: 318
tot_msg_sent: 1096
tot_reconf_duration: 13.17
tot_sleeping_duration: 2307381.526000002
tot_uptimes: 601
tot_uptimes_duration: 36005.725999998045
