comms_cons: 367.67690209936126
finished_reconf: true
global_termination_time: 2408403.944
local_termination_time: 1323173.3656
node_cons: 49500.075842233084
tot_aggregated_send: 0
tot_msg_rcv: 28158
tot_msg_sent: 27727
tot_reconf_duration: 7.819999999999999
tot_sleeping_duration: 2371443.931840005
tot_uptimes: 617
tot_uptimes_duration: 36960.01215999527
