comms_cons: 905.4415672552298
finished_reconf: true
global_termination_time: 2403793.579
local_termination_time: 1323172.8167199998
node_cons: 146282.33370201045
tot_aggregated_send: 0
tot_msg_rcv: 55473
tot_msg_sent: 82150
tot_reconf_duration: 6.22
tot_sleeping_duration: 2294552.4386400185
tot_uptimes: 1796
tot_uptimes_duration: 109241.14035998145
