comms_cons: 446.6092544393238
finished_reconf: true
global_termination_time: 4520229.013
local_termination_time: 2858788.7096
node_cons: 92978.1091799974
tot_aggregated_send: 65482
tot_msg_rcv: 791
tot_msg_sent: 1609
tot_reconf_duration: 18.21
tot_sleeping_duration: 4450809.013
tot_uptimes: 1158
tot_uptimes_duration: 69420.0
