comms_cons: 456.4257408893238
finished_reconf: true
global_termination_time: 4519068.321
local_termination_time: 2359800.908919999
node_cons: 92961.87560669964
tot_aggregated_send: 62582
tot_msg_rcv: 2267
tot_msg_sent: 4525
tot_reconf_duration: 6.22
tot_sleeping_duration: 4449648.284520014
tot_uptimes: 1158
tot_uptimes_duration: 69420.03647998697
