comms_cons: 453.13336326853573
finished_reconf: true
global_termination_time: 4517242.87
local_termination_time: 896913.9405599985
node_cons: 92893.93684893595
tot_aggregated_send: 63626
tot_msg_rcv: 1829
tot_msg_sent: 3418
tot_reconf_duration: 15.34
tot_sleeping_duration: 4447882.821360016
tot_uptimes: 1157
tot_uptimes_duration: 69360.04863998397
