comms_cons: 62.133964800021744
finished_reconf: true
global_termination_time: 619244.8344799998
local_termination_time: 619244.7933599999
node_cons: 12740.91692096268
tot_aggregated_send: 8689
tot_msg_rcv: 280
tot_msg_sent: 474
tot_reconf_duration: 21.23
tot_sleeping_duration: 609751.1178399979
tot_uptimes: 159
tot_uptimes_duration: 9493.716640001978
