comms_cons: 60.2325760007354
finished_reconf: true
global_termination_time: 603981.292
local_termination_time: 504902.67036000005
node_cons: 12397.097321121477
tot_aggregated_send: 8642
tot_msg_rcv: 239
tot_msg_sent: 274
tot_reconf_duration: 18.21
tot_sleeping_duration: 594741.285919999
tot_uptimes: 155
tot_uptimes_duration: 9240.006080001069
