comms_cons: 60.56037120090695
finished_reconf: true
global_termination_time: 602632.692
local_termination_time: 140271.99496000016
node_cons: 12406.749964485763
tot_aggregated_send: 8294
tot_msg_rcv: 292
tot_msg_sent: 618
tot_reconf_duration: 25.299999999999997
tot_sleeping_duration: 593392.6676799958
tot_uptimes: 155
tot_uptimes_duration: 9240.024320004275
