comms_cons: 87.21155199852323
finished_reconf: true
global_termination_time: 903708.357
local_termination_time: 6653.548
node_cons: 18568.17906335972
tot_aggregated_send: 11998
tot_msg_rcv: 430
tot_msg_sent: 827
tot_reconf_duration: 7.08
tot_sleeping_duration: 889848.3387600002
tot_uptimes: 232
tot_uptimes_duration: 13860.018239999772
