comms_cons: 491.42289290759663
finished_reconf: true
global_termination_time: 4869171.141
local_termination_time: 502367.54812000046
node_cons: 100138.06252893302
tot_aggregated_send: 67802
tot_msg_rcv: 2437
tot_msg_sent: 4454
tot_reconf_duration: 25.299999999999997
tot_sleeping_duration: 4794411.092360018
tot_uptimes: 1247
tot_uptimes_duration: 74760.04863998201
