comms_cons: 490.2273280822468
finished_reconf: true
global_termination_time: 4873070.27
local_termination_time: 1048117.5333599999
node_cons: 100196.82120669975
tot_aggregated_send: 68208
tot_msg_rcv: 2185
tot_msg_sent: 4118
tot_reconf_duration: 9.42
tot_sleeping_duration: 4798250.233520012
tot_uptimes: 1248
tot_uptimes_duration: 74820.03647998697
