comms_cons: 489.086560079326
finished_reconf: true
global_termination_time: 4869197.232
local_termination_time: 2847338.9453600002
node_cons: 100129.0753055828
tot_aggregated_send: 67802
tot_msg_rcv: 2081
tot_msg_sent: 4455
tot_reconf_duration: 18.700000000000003
tot_sleeping_duration: 4794437.201600011
tot_uptimes: 1247
tot_uptimes_duration: 74760.0303999891
