comms_cons: 489.539468880914
finished_reconf: true
global_termination_time: 4872638.163
local_termination_time: 2944677.88696
node_cons: 100198.88266446501
tot_aggregated_send: 67918
tot_msg_rcv: 2082
tot_msg_sent: 4406
tot_reconf_duration: 10.95
tot_sleeping_duration: 4797818.138680009
tot_uptimes: 1248
tot_uptimes_duration: 74820.02431999124
