comms_cons: 480.3998336325526
finished_reconf: true
global_termination_time: 4871290.506
local_termination_time: 2954325.085919998
node_cons: 100200.14019999716
tot_aggregated_send: 70586
tot_msg_rcv: 702
tot_msg_sent: 1729
tot_reconf_duration: 11.899999999999999
tot_sleeping_duration: 4796470.505999999
tot_uptimes: 1248
tot_uptimes_duration: 74820.00000000012
