comms_cons: 493.2179841154461
finished_reconf: true
global_termination_time: 4871906.881
local_termination_time: 2515408.3476399984
node_cons: 100189.9823255824
tot_aggregated_send: 67280
tot_msg_rcv: 2634
tot_msg_sent: 5050
tot_reconf_duration: 4.390000000000001
tot_sleeping_duration: 4797086.850600012
tot_uptimes: 1248
tot_uptimes_duration: 74820.03039998887
