comms_cons: 23.11948160010768
finished_reconf: true
global_termination_time: 212570.9808800009
local_termination_time: 212570.9808800009
node_cons: 4454.807426560669
tot_aggregated_send: 2610
tot_msg_rcv: 336
tot_msg_sent: 568
tot_reconf_duration: 24.59
tot_sleeping_duration: 209268.9538400004
tot_uptimes: 55
tot_uptimes_duration: 3302.0270400004883
