comms_cons: 23.092992000276865
finished_reconf: true
global_termination_time: 213091.697
local_termination_time: 134970.5364400002
node_cons: 4342.510041121418
tot_aggregated_send: 2494
tot_msg_rcv: 379
tot_msg_sent: 637
tot_reconf_duration: 3.05
tot_sleeping_duration: 209851.69091999892
tot_uptimes: 55
tot_uptimes_duration: 3240.0060800010688
