comms_cons: 63.48332799924361
finished_reconf: true
global_termination_time: 618296.311
local_termination_time: 185104.012
node_cons: 12747.051026401006
tot_aggregated_send: 8060
tot_msg_rcv: 485
tot_msg_sent: 1105
tot_reconf_duration: 22.65
tot_sleeping_duration: 608799.4533999993
tot_uptimes: 159
tot_uptimes_duration: 9496.857600000745
