comms_cons: 63.456384000396746
finished_reconf: true
global_termination_time: 619165.156
local_termination_time: 116198.46035999995
node_cons: 12728.118105607155
tot_aggregated_send: 8120
tot_msg_rcv: 566
tot_msg_sent: 959
tot_reconf_duration: 25.299999999999997
tot_sleeping_duration: 609685.1255999946
tot_uptimes: 159
tot_uptimes_duration: 9480.030400005344
