comms_cons: 62.072940801103485
finished_reconf: true
global_termination_time: 617440.725
local_termination_time: 176387.04968000072
node_cons: 12714.263803364329
tot_aggregated_send: 8062
tot_msg_rcv: 389
tot_msg_sent: 984
tot_reconf_duration: 15.110000000000001
tot_sleeping_duration: 607960.7067599968
tot_uptimes: 159
tot_uptimes_duration: 9480.018240003206
