comms_cons: 62.80895360099401
finished_reconf: true
global_termination_time: 616276.06224
local_termination_time: 60058.464360000005
node_cons: 12647.863970574363
tot_aggregated_send: 7540
tot_msg_rcv: 648
tot_msg_sent: 1357
tot_reconf_duration: 11.31
tot_sleeping_duration: 606841.7791999893
tot_uptimes: 158
tot_uptimes_duration: 9434.28304001072
