comms_cons: 9.934591999991673
finished_reconf: true
global_termination_time: 3487.3036800000004
local_termination_time: 3487.2625600000006
node_cons: 1137.4250715200014
tot_aggregated_send: 0
tot_msg_rcv: 695
tot_msg_sent: 813
tot_reconf_duration: 24.59
tot_sleeping_duration: 2662.7839999999997
tot_uptimes: 13
tot_uptimes_duration: 824.5196800000006
