comms_cons: 130.04446719749572
finished_reconf: true
global_termination_time: 1329171.567
local_termination_time: 845356.4
node_cons: 27329.050622717055
tot_aggregated_send: 19369
tot_msg_rcv: 138
tot_msg_sent: 259
tot_reconf_duration: 8.09
tot_sleeping_duration: 1308769.7265200024
tot_uptimes: 341
tot_uptimes_duration: 20401.8404799978
