comms_cons: 130.93265919583158
finished_reconf: true
global_termination_time: 1330072.069
local_termination_time: 902442.5215999999
node_cons: 27328.3923600001
tot_aggregated_send: 19372
tot_msg_rcv: 189
tot_msg_sent: 340
tot_reconf_duration: 9.42
tot_sleeping_duration: 1309672.069
tot_uptimes: 341
tot_uptimes_duration: 20400.0
