comms_cons: 132.06428159875696
finished_reconf: true
global_termination_time: 1335031.69
local_termination_time: 211151.38480000026
node_cons: 27404.386760000045
tot_aggregated_send: 19082
tot_msg_rcv: 387
tot_msg_sent: 604
tot_reconf_duration: 6.22
tot_sleeping_duration: 1314571.69
tot_uptimes: 342
tot_uptimes_duration: 20460.0
