comms_cons: 222.8440831955464
finished_reconf: true
global_termination_time: 2194130.671
local_termination_time: 906245.0273999992
node_cons: 45101.52312335464
tot_aggregated_send: 30160
tot_msg_rcv: 1349
tot_msg_sent: 2362
tot_reconf_duration: 22.65
tot_sleeping_duration: 2160470.6527600037
tot_uptimes: 562
tot_uptimes_duration: 33660.01823999634
