comms_cons: 223.69498877770292
finished_reconf: true
global_termination_time: 2195901.308
local_termination_time: 53395.724360000015
node_cons: 45157.082325588286
tot_aggregated_send: 30102
tot_msg_rcv: 1401
tot_msg_sent: 2497
tot_reconf_duration: 4.390000000000001
tot_sleeping_duration: 2162181.277600009
tot_uptimes: 563
tot_uptimes_duration: 33720.03039999161
