comms_cons: 65.3364864004468
finished_reconf: true
global_termination_time: 664859.385
local_termination_time: 649816.9793599999
node_cons: 13688.558700000049
tot_aggregated_send: 9338
tot_msg_rcv: 178
tot_msg_sent: 414
tot_reconf_duration: 22.65
tot_sleeping_duration: 654659.385
tot_uptimes: 171
tot_uptimes_duration: 10199.999999999998
