comms_cons: 2.3033471999916806
finished_reconf: true
global_termination_time: 17870.763
local_termination_time: 6343.44136
node_cons: 328.9240599999996
tot_aggregated_send: 0
tot_msg_rcv: 179
tot_msg_sent: 171
tot_reconf_duration: 5.57
tot_sleeping_duration: 17630.763
tot_uptimes: 5
tot_uptimes_duration: 240.0
