comms_cons: 2.242713599991971
finished_reconf: true
global_termination_time: 16489.815
local_termination_time: 2847.8678800000016
node_cons: 325.5426399999999
tot_aggregated_send: 0
tot_msg_rcv: 165
tot_msg_sent: 176
tot_reconf_duration: 3.08
tot_sleeping_duration: 16249.814999999999
tot_uptimes: 5
tot_uptimes_duration: 240.0
