comms_cons: 95.62992639657801
finished_reconf: true
global_termination_time: 951470.775
local_termination_time: 172752.09860000006
node_cons: 19533.255842233662
tot_aggregated_send: 13166
tot_msg_rcv: 445
tot_msg_sent: 925
tot_reconf_duration: 7.819999999999999
tot_sleeping_duration: 936890.7628400048
tot_uptimes: 244
tot_uptimes_duration: 14580.012159995269
