comms_cons: 54.713740800101796
finished_reconf: true
global_termination_time: 553468.166
local_termination_time: 110621.84171999995
node_cons: 11349.591614079964
tot_aggregated_send: 7946
tot_msg_rcv: 140
tot_msg_sent: 231
tot_reconf_duration: 9.11
tot_sleeping_duration: 545001.23528
tot_uptimes: 142
tot_uptimes_duration: 8466.93071999996
