comms_cons: 55.89653760037255
finished_reconf: true
global_termination_time: 555761.319
local_termination_time: 52145.47936000001
node_cons: 11428.799380000017
tot_aggregated_send: 7772
tot_msg_rcv: 273
tot_msg_sent: 450
tot_reconf_duration: 15.110000000000001
tot_sleeping_duration: 547241.319
tot_uptimes: 143
tot_uptimes_duration: 8520.0
