comms_cons: 54.575091200247634
finished_reconf: true
global_termination_time: 552590.102
local_termination_time: 410451.5833600001
node_cons: 11358.698700000048
tot_aggregated_send: 8004
tot_msg_rcv: 138
tot_msg_sent: 153
tot_reconf_duration: 22.65
tot_sleeping_duration: 544130.102
tot_uptimes: 142
tot_uptimes_duration: 8460.0
