comms_cons: 54.963264000158574
finished_reconf: true
global_termination_time: 554015.564
local_termination_time: 35361.68236000001
node_cons: 11332.502880000016
tot_aggregated_send: 7888
tot_msg_rcv: 179
tot_msg_sent: 287
tot_reconf_duration: 3.3600000000000003
tot_sleeping_duration: 545555.564
tot_uptimes: 142
tot_uptimes_duration: 8460.0
