comms_cons: 55.56134400022501
finished_reconf: true
global_termination_time: 556042.451
local_termination_time: 69278.62647999995
node_cons: 11414.811980000013
tot_aggregated_send: 7830
tot_msg_rcv: 213
tot_msg_sent: 402
tot_reconf_duration: 4.8100000000000005
tot_sleeping_duration: 547522.451
tot_uptimes: 143
tot_uptimes_duration: 8520.0
