comms_cons: 55.02247680031999
finished_reconf: true
global_termination_time: 553504.617
local_termination_time: 60338.612760000084
node_cons: 11338.559560000014
tot_aggregated_send: 7946
tot_msg_rcv: 192
tot_msg_sent: 225
tot_reconf_duration: 7.819999999999999
tot_sleeping_duration: 545044.617
tot_uptimes: 142
tot_uptimes_duration: 8460.0
