comms_cons: 55.04221439942671
finished_reconf: true
global_termination_time: 554675.612
local_termination_time: 35332.26488000009
node_cons: 11416.726760000018
tot_aggregated_send: 7946
tot_msg_rcv: 135
tot_msg_sent: 285
tot_reconf_duration: 6.22
tot_sleeping_duration: 546155.612
tot_uptimes: 143
tot_uptimes_duration: 8520.0
