comms_cons: 182.9149183929266
finished_reconf: true
global_termination_time: 1866806.665
local_termination_time: 916936.4933599998
node_cons: 38417.88712111655
tot_aggregated_send: 26100
tot_msg_rcv: 546
tot_msg_sent: 1156
tot_reconf_duration: 11.31
tot_sleeping_duration: 1838126.6589200024
tot_uptimes: 479
tot_uptimes_duration: 28680.006079997635
