comms_cons: 70.85140479861897
finished_reconf: true
global_termination_time: 725292.824
local_termination_time: 701752.5634399985
node_cons: 14867.041900000086
tot_aggregated_send: 10498
tot_msg_rcv: 56
tot_msg_sent: 215
tot_reconf_duration: 3.05
tot_sleeping_duration: 714192.824
tot_uptimes: 186
tot_uptimes_duration: 11100.0
