comms_cons: 21.671884799877944
finished_reconf: true
global_termination_time: 215108.90312000015
local_termination_time: 115048.82259999968
node_cons: 4451.012859680224
tot_aggregated_send: 2900
tot_msg_rcv: 165
tot_msg_sent: 229
tot_reconf_duration: 7.819999999999999
tot_sleeping_duration: 211792.702
tot_uptimes: 56
tot_uptimes_duration: 3316.201120000158
