comms_cons: 243.9504382505312
finished_reconf: true
global_termination_time: 1754567.414
local_termination_time: 355690.68760000006
node_cons: 36079.22454447643
tot_aggregated_send: 0
tot_msg_rcv: 18850
tot_msg_sent: 18230
tot_reconf_duration: 4.8100000000000005
tot_sleeping_duration: 1727627.3896800028
tot_uptimes: 450
tot_uptimes_duration: 26940.024319997407
