comms_cons: 51.84305280069309
finished_reconf: true
global_termination_time: 513980.581
local_termination_time: 8512.312
node_cons: 10533.12384240002
tot_aggregated_send: 7073
tot_msg_rcv: 286
tot_msg_sent: 521
tot_reconf_duration: 5.57
tot_sleeping_duration: 506119.81940000004
tot_uptimes: 132
tot_uptimes_duration: 7860.761600000004
