comms_cons: 162.2562303970643
finished_reconf: true
global_termination_time: 1645325.576
local_termination_time: 980894.8383599999
node_cons: 33831.66824000004
tot_aggregated_send: 23606
tot_msg_rcv: 352
tot_msg_sent: 704
tot_reconf_duration: 6.279999999999999
tot_sleeping_duration: 1620065.576
tot_uptimes: 422
tot_uptimes_duration: 25260.0
