comms_cons: 162.56682239151988
finished_reconf: true
global_termination_time: 1644847.492
local_termination_time: 983178.11136
node_cons: 33831.61932446746
tot_aggregated_send: 22040
tot_msg_rcv: 884
tot_msg_sent: 1786
tot_reconf_duration: 6.22
tot_sleeping_duration: 1619587.4676800095
tot_uptimes: 422
tot_uptimes_duration: 25260.024319990538
