comms_cons: 163.0147903900407
finished_reconf: true
global_termination_time: 1645359.91
local_termination_time: 448077.46236000006
node_cons: 33830.51394
tot_aggregated_send: 23142
tot_msg_rcv: 493
tot_msg_sent: 1142
tot_reconf_duration: 5.43
tot_sleeping_duration: 1620099.91
tot_uptimes: 422
tot_uptimes_duration: 25260.0
