comms_cons: 162.67071999420827
finished_reconf: true
global_termination_time: 1645770.094
local_termination_time: 784309.5857999984
node_cons: 33843.97171999996
tot_aggregated_send: 23722
tot_msg_rcv: 321
tot_msg_sent: 682
tot_reconf_duration: 15.34
tot_sleeping_duration: 1620510.094
tot_uptimes: 422
tot_uptimes_duration: 25260.0
