comms_cons: 191.39393918305967
finished_reconf: true
global_termination_time: 1901096.33
local_termination_time: 685904.0027999984
node_cons: 39052.19022335024
tot_aggregated_send: 26216
tot_msg_rcv: 901
tot_msg_sent: 1973
tot_reconf_duration: 5.1
tot_sleeping_duration: 1871936.3117600072
tot_uptimes: 487
tot_uptimes_duration: 29160.018239992904
