comms_cons: 189.36974079088176
finished_reconf: true
global_termination_time: 1901398.081
local_termination_time: 1171796.56736
node_cons: 39051.78826223352
tot_aggregated_send: 26796
tot_msg_rcv: 677
tot_msg_sent: 1310
tot_reconf_duration: 4.8100000000000005
tot_sleeping_duration: 1872238.0688400047
tot_uptimes: 487
tot_uptimes_duration: 29160.01215999527
