comms_cons: 252.22021103668638
finished_reconf: true
global_termination_time: 1902053.879
local_termination_time: 1276994.1058399996
node_cons: 39140.95526223352
tot_aggregated_send: 0
tot_msg_rcv: 19315
tot_msg_sent: 19021
tot_reconf_duration: 11.31
tot_sleeping_duration: 1872833.8668400047
tot_uptimes: 488
tot_uptimes_duration: 29220.01215999527
