comms_cons: 100.25384959771921
finished_reconf: true
global_termination_time: 1010082.19
local_termination_time: 5592.106999999999
node_cons: 20749.47786224147
tot_aggregated_send: 14426
tot_msg_rcv: 288
tot_msg_sent: 524
tot_reconf_duration: 16.009999999999998
tot_sleeping_duration: 994602.1778399989
tot_uptimes: 259
tot_uptimes_duration: 15480.012160001075
