comms_cons: 195.296435186978
finished_reconf: true
global_termination_time: 1939912.562
local_termination_time: 811452.7894399995
node_cons: 39857.19266335028
tot_aggregated_send: 26970
tot_msg_rcv: 913
tot_msg_sent: 1801
tot_reconf_duration: 6.279999999999999
tot_sleeping_duration: 1910152.543760007
tot_uptimes: 497
tot_uptimes_duration: 29760.018239992904
