comms_cons: 11.777395199971272
finished_reconf: true
global_termination_time: 8591.70536000001
local_termination_time: 860.4410399999995
node_cons: 1730.4027610400146
tot_aggregated_send: 0
tot_msg_rcv: 827
tot_msg_sent: 963
tot_reconf_duration: 18.21
tot_sleeping_duration: 7317.8640000000005
tot_uptimes: 21
tot_uptimes_duration: 1273.841360000011
