comms_cons: 10.901734400318325
finished_reconf: true
global_termination_time: 58014.745
local_termination_time: 3944.9313600000005
node_cons: 1155.5187000000003
tot_aggregated_send: 0
tot_msg_rcv: 866
tot_msg_sent: 791
tot_reconf_duration: 22.65
tot_sleeping_duration: 57174.745
tot_uptimes: 15
tot_uptimes_duration: 840.0
