comms_cons: 12.085990400253491
finished_reconf: true
global_termination_time: 80632.457
local_termination_time: 39866.380440000044
node_cons: 1622.9927644800282
tot_aggregated_send: 464
tot_msg_rcv: 679
tot_msg_sent: 694
tot_reconf_duration: 11.899999999999999
tot_sleeping_duration: 79432.43267999998
tot_uptimes: 21
tot_uptimes_duration: 1200.0243200000195
