comms_cons: 9.318611200085538
finished_reconf: true
global_termination_time: 80050.307
local_termination_time: 53142.411600000014
node_cons: 1615.2549011202925
tot_aggregated_send: 638
tot_msg_rcv: 254
tot_msg_sent: 525
tot_reconf_duration: 6.22
tot_sleeping_duration: 78850.30091999978
tot_uptimes: 21
tot_uptimes_duration: 1200.0060800002175
