comms_cons: 31.226764800399874
finished_reconf: true
global_termination_time: 306574.701
local_termination_time: 169220.98836000005
node_cons: 6287.3680022428625
tot_aggregated_send: 3944
tot_msg_rcv: 233
tot_msg_sent: 570
tot_reconf_duration: 15.34
tot_sleeping_duration: 301894.68883999786
tot_uptimes: 79
tot_uptimes_duration: 4680.0121600021375
