comms_cons: 30.350476800249126
finished_reconf: true
global_termination_time: 303355.217
local_termination_time: 2982.6244800000004
node_cons: 6203.3315400000065
tot_aggregated_send: 4176
tot_msg_rcv: 157
tot_msg_sent: 281
tot_reconf_duration: 12.629999999999999
tot_sleeping_duration: 298735.217
tot_uptimes: 78
tot_uptimes_duration: 4620.0
