comms_cons: 1179.705155069142
finished_reconf: true
global_termination_time: 6964696.193
local_termination_time: 1694867.501119998
node_cons: 143254.82151004876
tot_aggregated_send: 0
tot_msg_rcv: 90152
tot_msg_sent: 89156
tot_reconf_duration: 6.279999999999999
tot_sleeping_duration: 6857716.138280019
tot_uptimes: 1784
tot_uptimes_duration: 106980.05471998017
