comms_cons: 694.5240769792814
finished_reconf: true
global_termination_time: 6965932.849
local_termination_time: 2477701.6288399985
node_cons: 143280.64252893155
tot_aggregated_send: 96048
tot_msg_rcv: 3262
tot_msg_sent: 6253
tot_reconf_duration: 25.299999999999997
tot_sleeping_duration: 6858952.800360017
tot_uptimes: 1784
tot_uptimes_duration: 106980.04863998247
