comms_cons: 682.2728513050895
finished_reconf: true
global_termination_time: 6965812.079
local_termination_time: 4270767.741999999
node_cons: 143266.77194446273
tot_aggregated_send: 96802
tot_msg_rcv: 2380
tot_msg_sent: 4519
tot_reconf_duration: 15.110000000000001
tot_sleeping_duration: 6858832.054680009
tot_uptimes: 1784
tot_uptimes_duration: 106980.02431999124
