comms_cons: 683.4062849090288
finished_reconf: true
global_termination_time: 6966851.99
local_termination_time: 4288793.8456
node_cons: 143339.39306558057
tot_aggregated_send: 96454
tot_msg_rcv: 2488
tot_msg_sent: 4932
tot_reconf_duration: 9.42
tot_sleeping_duration: 6859811.959600011
tot_uptimes: 1785
tot_uptimes_duration: 107040.0303999891
