comms_cons: 679.7833088543383
finished_reconf: true
global_termination_time: 6965534.211
local_termination_time: 4673965.649359999
node_cons: 143262.3801999945
tot_aggregated_send: 99412
tot_msg_rcv: 1322
tot_msg_sent: 2589
tot_reconf_duration: 11.899999999999999
tot_sleeping_duration: 6858554.211
tot_uptimes: 1784
tot_uptimes_duration: 106980.0
