comms_cons: 1230.4399766378297
finished_reconf: true
global_termination_time: 4981143.985
local_termination_time: 4218879.36348
node_cons: 203351.21503599518
tot_aggregated_send: 0
tot_msg_rcv: 62653
tot_msg_sent: 124367
tot_reconf_duration: 18.21
tot_sleeping_duration: 4829294.480999999
tot_uptimes: 2515
tot_uptimes_duration: 151849.50400000182
