comms_cons: 505.6321985177364
finished_reconf: true
global_termination_time: 4981071.947239997
local_termination_time: 161418.76948000008
node_cons: 102464.2625027655
tot_aggregated_send: 68672
tot_msg_rcv: 2943
tot_msg_sent: 5234
tot_reconf_duration: 5.57
tot_sleeping_duration: 4904554.62204002
tot_uptimes: 1276
tot_uptimes_duration: 76517.32519997645
