comms_cons: 504.667731318258
finished_reconf: true
global_termination_time: 4981071.75048
local_termination_time: 4981071.70936
node_cons: 102502.7751954798
tot_aggregated_send: 68704
tot_msg_rcv: 2756
tot_msg_sent: 5246
tot_reconf_duration: 37.410000000000004
tot_sleeping_duration: 4904557.954800027
tot_uptimes: 1276
tot_uptimes_duration: 76513.79567997239
