comms_cons: 504.7568513129857
finished_reconf: true
global_termination_time: 4984236.532
local_termination_time: 632721.507
node_cons: 102518.11219228766
tot_aggregated_send: 68729
tot_msg_rcv: 2702
tot_msg_sent: 5289
tot_reconf_duration: 3.08
tot_sleeping_duration: 4907676.465120021
tot_uptimes: 1277
tot_uptimes_duration: 76560.06687997811
