comms_cons: 505.7206145251846
finished_reconf: true
global_termination_time: 4985529.797
local_termination_time: 954129.6143599999
node_cons: 102524.90763116688
tot_aggregated_send: 68788
tot_msg_rcv: 2854
tot_msg_sent: 5225
tot_reconf_duration: 8.09
tot_sleeping_duration: 4908969.7362000225
tot_uptimes: 1277
tot_uptimes_duration: 76560.06079997751
