comms_cons: 493.997830447877
finished_reconf: true
global_termination_time: 4981306.508
local_termination_time: 2493967.7989999996
node_cons: 102450.67548335425
tot_aggregated_send: 71450
tot_msg_rcv: 1145
tot_msg_sent: 2490
tot_reconf_duration: 11.899999999999999
tot_sleeping_duration: 4904805.749760002
tot_uptimes: 1276
tot_uptimes_duration: 76500.75823999802
