comms_cons: 498.1036417052717
finished_reconf: true
global_termination_time: 4982042.154
local_termination_time: 2234864.19336
node_cons: 102444.17654781618
tot_aggregated_send: 68904
tot_msg_rcv: 2205
tot_msg_sent: 4599
tot_reconf_duration: 7.819999999999999
tot_sleeping_duration: 4905542.111440016
tot_uptimes: 1276
tot_uptimes_duration: 76500.0425599846
