comms_cons: 498.42721290700115
finished_reconf: true
global_termination_time: 4984566.371
local_termination_time: 2079318.16236
node_cons: 102522.3356067035
tot_aggregated_send: 69078
tot_msg_rcv: 2380
tot_msg_sent: 4300
tot_reconf_duration: 6.22
tot_sleeping_duration: 4908006.334520011
tot_uptimes: 1277
tot_uptimes_duration: 76560.03647998994
