comms_cons: 498.8028096938964
finished_reconf: true
global_termination_time: 4983033.651
local_termination_time: 170546.13236000005
node_cons: 102534.75313117182
tot_aggregated_send: 69716
tot_msg_rcv: 1930
tot_msg_sent: 4169
tot_reconf_duration: 15.34
tot_sleeping_duration: 4906473.590200019
tot_uptimes: 1277
tot_uptimes_duration: 76560.06079998118
