comms_cons: 31.020928000579417
finished_reconf: true
global_termination_time: 308030.28856000036
local_termination_time: 87605.53859999994
node_cons: 6294.861022840507
tot_aggregated_send: 4176
tot_msg_rcv: 190
tot_msg_sent: 349
tot_reconf_duration: 4.8100000000000005
tot_sleeping_duration: 303334.001
tot_uptimes: 79
tot_uptimes_duration: 4696.287560000375
