comms_cons: 230.7573631930789
finished_reconf: true
global_termination_time: 2353958.192
local_termination_time: 1158906.3123599999
node_cons: 48372.25514691441
tot_aggregated_send: 34104
tot_msg_rcv: 275
tot_msg_sent: 694
tot_reconf_duration: 5.57
tot_sleeping_duration: 2317838.1837200033
tot_uptimes: 603
tot_uptimes_duration: 36120.008279996226
