comms_cons: 232.46086398341978
finished_reconf: true
global_termination_time: 2353522.275
local_termination_time: 732985.2361999986
node_cons: 48373.191888934154
tot_aggregated_send: 31842
tot_msg_rcv: 1218
tot_msg_sent: 2273
tot_reconf_duration: 6.22
tot_sleeping_duration: 2317402.226360019
tot_uptimes: 603
tot_uptimes_duration: 36120.048639981076
