comms_cons: 257.44013443096674
finished_reconf: true
global_termination_time: 534377.863
local_termination_time: 162448.08848000053
node_cons: 32249.70947921133
tot_aggregated_send: 0
tot_msg_rcv: 15885
tot_msg_sent: 23245
tot_reconf_duration: 18.21
tot_sleeping_duration: 510311.4101999916
tot_uptimes: 394
tot_uptimes_duration: 24066.45280000844
