comms_cons: 53.92375040069005
finished_reconf: true
global_termination_time: 536765.933
local_termination_time: 195992.953
node_cons: 11013.152685607165
tot_aggregated_send: 7302
tot_msg_rcv: 251
tot_msg_sent: 643
tot_reconf_duration: 4.8100000000000005
tot_sleeping_duration: 528545.9025999946
tot_uptimes: 138
tot_uptimes_duration: 8220.030400005344
