comms_cons: 55.24554240090199
finished_reconf: true
global_termination_time: 538299.613
local_termination_time: 129175.98035999999
node_cons: 11021.947121121462
tot_aggregated_send: 7192
tot_msg_rcv: 458
tot_msg_sent: 747
tot_reconf_duration: 11.31
tot_sleeping_duration: 530079.606919999
tot_uptimes: 138
tot_uptimes_duration: 8220.006080001069
