comms_cons: 97.67380479489894
finished_reconf: true
global_termination_time: 945809.3804799998
local_termination_time: 945809.3393599999
node_cons: 19511.547054394585
tot_aggregated_send: 12502
tot_msg_rcv: 806
tot_msg_sent: 1536
tot_reconf_duration: 37.410000000000004
tot_sleeping_duration: 931275.5908800039
tot_uptimes: 243
tot_uptimes_duration: 14533.78959999593
