comms_cons: 92.22722559842101
finished_reconf: true
global_termination_time: 946657.063
local_termination_time: 391644.25436
node_cons: 19455.080501121436
tot_aggregated_send: 13224
tot_msg_rcv: 255
tot_msg_sent: 539
tot_reconf_duration: 9.42
tot_sleeping_duration: 932137.0569199988
tot_uptimes: 243
tot_uptimes_duration: 14520.006080001069
