comms_cons: 96.53848319274215
finished_reconf: true
global_termination_time: 946946.035
local_termination_time: 417263.4984400002
node_cons: 19457.198946710236
tot_aggregated_send: 12586
tot_msg_rcv: 640
tot_msg_sent: 1448
tot_reconf_duration: 10.95
tot_sleeping_duration: 932425.9985200074
tot_uptimes: 243
tot_uptimes_duration: 14520.036479992676
