comms_cons: 95.27339519807481
finished_reconf: true
global_termination_time: 946660.683
local_termination_time: 380048.2396000001
node_cons: 19463.119861116895
tot_aggregated_send: 13166
tot_msg_rcv: 458
tot_msg_sent: 857
tot_reconf_duration: 15.34
tot_sleeping_duration: 932140.6769200023
tot_uptimes: 243
tot_uptimes_duration: 14520.006079997635
