comms_cons: 11.534592000178296
finished_reconf: true
global_termination_time: 81398.798
local_termination_time: 30060.749920000002
node_cons: 1619.608642240585
tot_aggregated_send: 522
tot_msg_rcv: 590
tot_msg_sent: 642
tot_reconf_duration: 9.42
tot_sleeping_duration: 80198.78583999956
tot_uptimes: 21
tot_uptimes_duration: 1200.012160000435
