comms_cons: 10.402342400231584
finished_reconf: true
global_termination_time: 82532.123
local_termination_time: 16909.15064
node_cons: 1702.5315444805963
tot_aggregated_send: 464
tot_msg_rcv: 473
tot_msg_sent: 645
tot_reconf_duration: 11.31
tot_sleeping_duration: 81272.09867999956
tot_uptimes: 22
tot_uptimes_duration: 1260.024320000448
