comms_cons: 45.72102400117828
finished_reconf: true
global_termination_time: 420213.57424000016
local_termination_time: 104353.78435999998
node_cons: 8641.529572724523
tot_aggregated_send: 5162
tot_msg_rcv: 767
tot_msg_sent: 1019
tot_reconf_duration: 18.21
tot_sleeping_duration: 413778.3237599968
tot_uptimes: 108
tot_uptimes_duration: 6435.250480003364
