comms_cons: 42.15951360066047
finished_reconf: true
global_termination_time: 420212.7371600008
local_termination_time: 420212.69604000077
node_cons: 8703.038479603087
tot_aggregated_send: 5728
tot_msg_rcv: 167
tot_msg_sent: 512
tot_reconf_duration: 24.59
tot_sleeping_duration: 413738.02075999853
tot_uptimes: 108
tot_uptimes_duration: 6474.716400002289
