comms_cons: 43.942476801066626
finished_reconf: true
global_termination_time: 420728.57
local_termination_time: 227040.72936000003
node_cons: 8607.007701121413
tot_aggregated_send: 5510
tot_msg_rcv: 479
tot_msg_sent: 690
tot_reconf_duration: 7.819999999999999
tot_sleeping_duration: 414308.56391999894
tot_uptimes: 108
tot_uptimes_duration: 6420.006080001069
