comms_cons: 41.35475200022621
finished_reconf: true
global_termination_time: 422681.507
local_termination_time: 407409.50036000006
node_cons: 8692.078980000008
tot_aggregated_send: 6032
tot_msg_rcv: 72
tot_msg_sent: 181
tot_reconf_duration: 11.31
tot_sleeping_duration: 416201.507
tot_uptimes: 109
tot_uptimes_duration: 6480.0
