comms_cons: 775.4024513576554
finished_reconf: true
global_termination_time: 7849585.089
local_termination_time: 3840279.01236
node_cons: 161496.24120669786
tot_aggregated_send: 109620
tot_msg_rcv: 2683
tot_msg_sent: 5553
tot_reconf_duration: 9.42
tot_sleeping_duration: 7728985.0525200125
tot_uptimes: 2011
tot_uptimes_duration: 120600.0364799872
