comms_cons: 787.1722050056914
finished_reconf: true
global_termination_time: 7851254.932
local_termination_time: 1389729.8975999998
node_cons: 161498.84039116505
tot_aggregated_send: 109330
tot_msg_rcv: 3487
tot_msg_sent: 6828
tot_reconf_duration: 11.31
tot_sleeping_duration: 7730654.871200022
tot_uptimes: 2011
tot_uptimes_duration: 120600.06079997797
