comms_cons: 314.45170562053806
finished_reconf: true
global_termination_time: 3097944.796
local_termination_time: 1253224.9473599999
node_cons: 63744.018105583564
tot_aggregated_send: 42456
tot_msg_rcv: 1815
tot_msg_sent: 3523
tot_reconf_duration: 25.299999999999997
tot_sleeping_duration: 3050364.7656000117
tot_uptimes: 794
tot_uptimes_duration: 47580.03039998864
