comms_cons: 310.99220481434656
finished_reconf: true
global_termination_time: 3099553.366
local_termination_time: 1143100.8588399985
node_cons: 63713.78632334958
tot_aggregated_send: 42456
tot_msg_rcv: 1501
tot_msg_sent: 3312
tot_reconf_duration: 3.05
tot_sleeping_duration: 3051973.347760007
tot_uptimes: 794
tot_uptimes_duration: 47580.01823999337
