comms_cons: 44.60036480041145
finished_reconf: true
global_termination_time: 449164.374
local_termination_time: 120201.28635999997
node_cons: 9245.631980000007
tot_aggregated_send: 6322
tot_msg_rcv: 112
tot_msg_sent: 345
tot_reconf_duration: 4.8100000000000005
tot_sleeping_duration: 442264.374
tot_uptimes: 116
tot_uptimes_duration: 6900.0
