comms_cons: 410.53349104808166
finished_reconf: true
global_termination_time: 851750.0805999998
local_termination_time: 851750.0394799998
node_cons: 51467.70538612239
tot_aggregated_send: 0
tot_msg_rcv: 25291
tot_msg_sent: 37107
tot_reconf_duration: 24.59
tot_sleeping_duration: 813337.5995199975
tot_uptimes: 630
tot_uptimes_duration: 38412.481080002326
