comms_cons: 170.47804153809125
finished_reconf: true
global_termination_time: 851989.959
local_termination_time: 2919.0353600000003
node_cons: 17538.873603364318
tot_aggregated_send: 0
tot_msg_rcv: 13268
tot_msg_sent: 12642
tot_reconf_duration: 18.21
tot_sleeping_duration: 838909.9407599969
tot_uptimes: 219
tot_uptimes_duration: 13080.018240003206
