comms_cons: 88.3655359974409
finished_reconf: true
global_termination_time: 852317.298
local_termination_time: 150108.37120000063
node_cons: 17534.992425607175
tot_aggregated_send: 10962
tot_msg_rcv: 965
tot_msg_sent: 1504
tot_reconf_duration: 15.34
tot_sleeping_duration: 839237.2675999945
tot_uptimes: 219
tot_uptimes_duration: 13080.030400005344
