comms_cons: 88.68915839393382
finished_reconf: true
global_termination_time: 856856.677
local_termination_time: 2926.497440000001
node_cons: 17598.61818223829
tot_aggregated_send: 10846
tot_msg_rcv: 911
tot_msg_sent: 1722
tot_reconf_duration: 3.05
tot_sleeping_duration: 843716.6648400013
tot_uptimes: 220
tot_uptimes_duration: 13140.012159998703
