comms_cons: 90.86595838856688
finished_reconf: true
global_termination_time: 852799.063
local_termination_time: 111419.9910799999
node_cons: 17521.52650448116
tot_aggregated_send: 10730
tot_msg_rcv: 1205
tot_msg_sent: 1877
tot_reconf_duration: 5.43
tot_sleeping_duration: 839719.0386799992
tot_uptimes: 219
tot_uptimes_duration: 13080.02432000084
