comms_cons: 69.25923840026306
finished_reconf: true
global_termination_time: 710130.708
local_termination_time: 504908.1906800003
node_cons: 14572.298700000054
tot_aggregated_send: 10324
tot_msg_rcv: 106
tot_msg_sent: 97
tot_reconf_duration: 22.65
tot_sleeping_duration: 699270.708
tot_uptimes: 182
tot_uptimes_duration: 10860.000000000002
