comms_cons: 70.74801920011099
finished_reconf: true
global_termination_time: 707891.3500399983
local_termination_time: 707891.3089199984
node_cons: 14646.77474767922
tot_aggregated_send: 10078
tot_msg_rcv: 223
tot_msg_sent: 453
tot_reconf_duration: 24.59
tot_sleeping_duration: 696977.6969199989
tot_uptimes: 182
tot_uptimes_duration: 10913.653119999391
