comms_cons: 68.21972480012487
finished_reconf: true
global_termination_time: 709447.235
local_termination_time: 338200.55888000043
node_cons: 14552.159560000031
tot_aggregated_send: 10208
tot_msg_rcv: 50
tot_msg_sent: 111
tot_reconf_duration: 7.819999999999999
tot_sleeping_duration: 698587.235
tot_uptimes: 182
tot_uptimes_duration: 10860.0
