comms_cons: 37.356697600843134
finished_reconf: true
global_termination_time: 365014.54
local_termination_time: 9144.14212
node_cons: 7478.545800000008
tot_aggregated_send: 4872
tot_msg_rcv: 288
tot_msg_sent: 518
tot_reconf_duration: 5.1
tot_sleeping_duration: 359434.54
tot_uptimes: 94
tot_uptimes_duration: 5580.0
