comms_cons: 38.63964160090952
finished_reconf: true
global_termination_time: 364640.7128800006
local_termination_time: 82114.78479999957
node_cons: 7533.615704563629
tot_aggregated_send: 4640
tot_msg_rcv: 460
tot_msg_sent: 773
tot_reconf_duration: 7.819999999999999
tot_sleeping_duration: 359022.3438399979
tot_uptimes: 94
tot_uptimes_duration: 5618.369040002697
