comms_cons: 282.5707392181423
finished_reconf: true
global_termination_time: 2766386.263
local_termination_time: 824995.3565199992
node_cons: 56889.34593340104
tot_aggregated_send: 37004
tot_msg_rcv: 1875
tot_msg_sent: 4072
tot_reconf_duration: 6.279999999999999
tot_sleeping_duration: 2723906.190040028
tot_uptimes: 709
tot_uptimes_duration: 42480.072959971614
