comms_cons: 275.26714880460685
finished_reconf: true
global_termination_time: 2770300.125
local_termination_time: 1082947.46936
node_cons: 56972.05436111595
tot_aggregated_send: 39962
tot_msg_rcv: 724
tot_msg_sent: 1153
tot_reconf_duration: 8.09
tot_sleeping_duration: 2727760.118920002
tot_uptimes: 710
tot_uptimes_duration: 42540.006079997635
