comms_cons: 273.56971521804337
finished_reconf: true
global_termination_time: 2772241.906
local_termination_time: 1486287.0253199998
node_cons: 56986.454599999255
tot_aggregated_send: 40136
tot_msg_rcv: 476
tot_msg_sent: 969
tot_reconf_duration: 18.700000000000003
tot_sleeping_duration: 2729701.906
tot_uptimes: 710
tot_uptimes_duration: 42540.0
