comms_cons: 278.3894400064849
finished_reconf: true
global_termination_time: 2766986.593
local_termination_time: 205543.74236000006
node_cons: 56886.79559564848
tot_aggregated_send: 37410
tot_msg_rcv: 1589
tot_msg_sent: 3315
tot_reconf_duration: 4.390000000000001
tot_sleeping_duration: 2724506.5078800227
tot_uptimes: 709
tot_uptimes_duration: 42480.085119977186
