comms_cons: 278.86190080563654
finished_reconf: true
global_termination_time: 2766796.581
local_termination_time: 436895.30836
node_cons: 56889.24003005507
tot_aggregated_send: 37758
tot_msg_rcv: 1655
tot_msg_sent: 2975
tot_reconf_duration: 6.22
tot_sleeping_duration: 2724316.5262800176
tot_uptimes: 709
tot_uptimes_duration: 42480.054719982145
