comms_cons: 365.1696512153321
finished_reconf: true
global_termination_time: 3670200.122
local_termination_time: 1906248.7195999988
node_cons: 75450.27064334945
tot_aggregated_send: 50576
tot_msg_rcv: 1624
tot_msg_sent: 3302
tot_reconf_duration: 8.09
tot_sleeping_duration: 3613860.103760007
tot_uptimes: 940
tot_uptimes_duration: 56340.01823999337
