comms_cons: 98.34713599123963
finished_reconf: true
global_termination_time: 958226.011
local_termination_time: 148906.52548000007
node_cons: 19708.110591186734
tot_aggregated_send: 12470
tot_msg_rcv: 763
tot_msg_sent: 1716
tot_reconf_duration: 18.21
tot_sleeping_duration: 943525.95020001
tot_uptimes: 246
tot_uptimes_duration: 14700.060799990082
