comms_cons: 100.55945598966012
finished_reconf: true
global_termination_time: 955860.55
local_termination_time: 276528.3364800001
node_cons: 19607.19959342047
tot_aggregated_send: 12122
tot_msg_rcv: 1228
tot_msg_sent: 1933
tot_reconf_duration: 3.05
tot_sleeping_duration: 941220.4770400147
tot_uptimes: 245
tot_uptimes_duration: 14640.072959985351
