comms_cons: 162.92730879939418
finished_reconf: true
global_termination_time: 1694194.07
local_termination_time: 6451.990000000001
node_cons: 34794.0453011214
tot_aggregated_send: 24355
tot_msg_rcv: 143
tot_msg_sent: 266
tot_reconf_duration: 5.02
tot_sleeping_duration: 1668214.0639199992
tot_uptimes: 434
tot_uptimes_duration: 25980.00608000107
