comms_cons: 163.24373759606985
finished_reconf: true
global_termination_time: 1691622.474
local_termination_time: 4075.208
node_cons: 34803.14390111997
tot_aggregated_send: 23884
tot_msg_rcv: 344
tot_msg_sent: 584
tot_reconf_duration: 11.719999999999999
tot_sleeping_duration: 1665642.4679199997
tot_uptimes: 434
tot_uptimes_duration: 25980.006080000006
