comms_cons: 164.8550143967045
finished_reconf: true
global_termination_time: 1693229.331
local_termination_time: 7159.266
node_cons: 34792.34780111912
tot_aggregated_send: 24239
tot_msg_rcv: 231
tot_msg_sent: 587
tot_reconf_duration: 3.77
tot_sleeping_duration: 1667249.3249200005
tot_uptimes: 434
tot_uptimes_duration: 25980.006079999366
