comms_cons: 71.29392639874725
finished_reconf: true
global_termination_time: 146512.99444000068
local_termination_time: 146512.95332000067
node_cons: 9016.74143487927
tot_aggregated_send: 0
tot_msg_rcv: 4359
tot_msg_sent: 6477
tot_reconf_duration: 24.59
tot_sleeping_duration: 139803.99652000124
tot_uptimes: 112
tot_uptimes_duration: 6708.997919999438
