comms_cons: 44.7780352002781
finished_reconf: true
global_termination_time: 455514.768
local_termination_time: 284335.73592000024
node_cons: 9325.401619999953
tot_aggregated_send: 6612
tot_msg_rcv: 82
tot_msg_sent: 112
tot_reconf_duration: 4.390000000000001
tot_sleeping_duration: 448554.768
tot_uptimes: 117
tot_uptimes_duration: 6960.0
