comms_cons: 40.93480960048236
finished_reconf: true
global_termination_time: 408598.119
local_termination_time: 56563.57488000009
node_cons: 8361.891980000008
tot_aggregated_send: 5510
tot_msg_rcv: 193
tot_msg_sent: 518
tot_reconf_duration: 4.8100000000000005
tot_sleeping_duration: 402358.119
tot_uptimes: 105
tot_uptimes_duration: 6240.0
