comms_cons: 79.92866560973603
finished_reconf: true
global_termination_time: 407656.507
local_termination_time: 38629.55736000002
node_cons: 8361.321620000019
tot_aggregated_send: 0
tot_msg_rcv: 6118
tot_msg_sent: 6032
tot_reconf_duration: 4.390000000000001
tot_sleeping_duration: 401416.507
tot_uptimes: 105
tot_uptimes_duration: 6240.0
