comms_cons: 102.10918399391511
finished_reconf: true
global_termination_time: 1010488.431
local_termination_time: 414504.0658800004
node_cons: 20753.17158782699
tot_aggregated_send: 13572
tot_msg_rcv: 622
tot_msg_sent: 1326
tot_reconf_duration: 18.700000000000003
tot_sleeping_duration: 995008.3884400097
tot_uptimes: 259
tot_uptimes_duration: 15480.04255999031
