comms_cons: 100.6374335975232
finished_reconf: true
global_termination_time: 1009713.292
local_termination_time: 370262.7588000007
node_cons: 20743.09526223829
tot_aggregated_send: 13282
tot_msg_rcv: 605
tot_msg_sent: 1409
tot_reconf_duration: 11.31
tot_sleeping_duration: 994233.2798400014
tot_uptimes: 259
tot_uptimes_duration: 15480.012159998703
