comms_cons: 103.78030079491062
finished_reconf: true
global_termination_time: 1032874.734
local_termination_time: 7174.027999999999
node_cons: 21239.25842784085
tot_aggregated_send: 13915
tot_msg_rcv: 677
tot_msg_sent: 1182
tot_reconf_duration: 21.68
tot_sleeping_duration: 1017034.6914399994
tot_uptimes: 265
tot_uptimes_duration: 15840.042560000613
