comms_cons: 102.54506879469295
finished_reconf: true
global_termination_time: 1028899.667
local_termination_time: 4836.170999999999
node_cons: 21139.38494895308
tot_aggregated_send: 13448
tot_msg_rcv: 730
tot_msg_sent: 1407
tot_reconf_duration: 7.29
tot_sleeping_duration: 1013119.6183600052
tot_uptimes: 264
tot_uptimes_duration: 15780.048639994813
