comms_cons: 848.2700034582123
finished_reconf: true
global_termination_time: 8434173.465
local_termination_time: 47050.2283600001
node_cons: 173478.84616781335
tot_aggregated_send: 117218
tot_msg_rcv: 3938
tot_msg_sent: 7771
tot_reconf_duration: 18.21
tot_sleeping_duration: 8304633.422440016
tot_uptimes: 2160
tot_uptimes_duration: 129540.0425599846
