comms_cons: 810.5831104817818
finished_reconf: true
global_termination_time: 8433520.129
local_termination_time: 3857821.323799999
node_cons: 173466.86864222877
tot_aggregated_send: 116348
tot_msg_rcv: 2301
tot_msg_sent: 4553
tot_reconf_duration: 9.42
tot_sleeping_duration: 8303980.116840005
tot_uptimes: 2160
tot_uptimes_duration: 129540.01215999573
