comms_cons: 834.2355329760609
finished_reconf: true
global_termination_time: 8433992.791
local_termination_time: 1656999.7360799997
node_cons: 173464.7446889309
tot_aggregated_send: 116928
tot_msg_rcv: 3238
tot_msg_sent: 6630
tot_reconf_duration: 7.819999999999999
tot_sleeping_duration: 8304452.742360016
tot_uptimes: 2160
tot_uptimes_duration: 129540.0486399827
