comms_cons: 825.6294145289951
finished_reconf: true
global_termination_time: 8429094.012
local_termination_time: 1818843.67936
node_cons: 173389.1441089309
tot_aggregated_send: 115594
tot_msg_rcv: 3223
tot_msg_sent: 6673
tot_reconf_duration: 11.31
tot_sleeping_duration: 8299613.963360017
tot_uptimes: 2159
tot_uptimes_duration: 129480.0486399827
