comms_cons: 114.57717119256378
finished_reconf: true
global_termination_time: 1118615.029
local_termination_time: 189042.764
node_cons: 23027.835610071485
tot_aggregated_send: 14962
tot_msg_rcv: 823
tot_msg_sent: 1629
tot_reconf_duration: 22.65
tot_sleeping_duration: 1101440.2142800065
tot_uptimes: 287
tot_uptimes_duration: 17174.81471999362
