comms_cons: 234.67589760069544
finished_reconf: true
global_termination_time: 2323621.824
local_termination_time: 965827.4718399987
node_cons: 47810.86080446677
tot_aggregated_send: 32364
tot_msg_rcv: 1157
tot_msg_sent: 2147
tot_reconf_duration: 6.279999999999999
tot_sleeping_duration: 2287921.7996800095
tot_uptimes: 596
tot_uptimes_duration: 35700.02431999054
