comms_cons: 232.92841598863987
finished_reconf: true
global_termination_time: 2322825.419
local_termination_time: 1252627.5753599997
node_cons: 47728.91022334971
tot_aggregated_send: 32248
tot_msg_rcv: 951
tot_msg_sent: 2205
tot_reconf_duration: 5.1
tot_sleeping_duration: 2287185.400760007
tot_uptimes: 595
tot_uptimes_duration: 35640.0182399929
