comms_cons: 234.5634367882356
finished_reconf: true
global_termination_time: 2323756.899
local_termination_time: 771528.6273599999
node_cons: 47808.29418446675
tot_aggregated_send: 32306
tot_msg_rcv: 1139
tot_msg_sent: 2206
tot_reconf_duration: 4.390000000000001
tot_sleeping_duration: 2288056.8746800097
tot_uptimes: 596
tot_uptimes_duration: 35700.02431999054
