comms_cons: 234.41031679100848
finished_reconf: true
global_termination_time: 2327006.423
local_termination_time: 393.4504799999999
node_cons: 47810.80374781723
tot_aggregated_send: 32364
tot_msg_rcv: 1114
tot_msg_sent: 2151
tot_reconf_duration: 6.22
tot_sleeping_duration: 2291306.3804400167
tot_uptimes: 596
tot_uptimes_duration: 35700.04255998344
