comms_cons: 232.88888958623494
finished_reconf: true
global_termination_time: 2324270.285
local_termination_time: 480514.8468400006
node_cons: 47809.71464558355
tot_aggregated_send: 32306
tot_msg_rcv: 1089
tot_msg_sent: 2003
tot_reconf_duration: 5.43
tot_sleeping_duration: 2288570.2546000117
tot_uptimes: 596
tot_uptimes_duration: 35700.03039998817
