comms_cons: 257.8839295846859
finished_reconf: true
global_termination_time: 2621067.746
local_termination_time: 1787677.7815599996
node_cons: 53916.676381116
tot_aggregated_send: 36830
tot_msg_rcv: 781
tot_msg_sent: 1586
tot_reconf_duration: 6.279999999999999
tot_sleeping_duration: 2580807.7399200024
tot_uptimes: 672
tot_uptimes_duration: 40260.006079997635
