comms_cons: 260.2905855826618
finished_reconf: true
global_termination_time: 2623151.547
local_termination_time: 750122.5841999986
node_cons: 53914.134184466486
tot_aggregated_send: 36772
tot_msg_rcv: 987
tot_msg_sent: 1803
tot_reconf_duration: 4.390000000000001
tot_sleeping_duration: 2582891.5226800092
tot_uptimes: 672
tot_uptimes_duration: 40260.02431999054
