comms_cons: 838.6378241753957
finished_reconf: true
global_termination_time: 8435858.409
local_termination_time: 1611633.4711999996
node_cons: 173555.28870781374
tot_aggregated_send: 117798
tot_msg_rcv: 3327
tot_msg_sent: 6343
tot_reconf_duration: 15.34
tot_sleeping_duration: 8306258.366440015
tot_uptimes: 2161
tot_uptimes_duration: 129600.04255998484
