comms_cons: 836.0362369912705
finished_reconf: true
global_termination_time: 8435624.18
local_termination_time: 4056071.227479999
node_cons: 173541.37464669693
tot_aggregated_send: 116754
tot_msg_rcv: 3410
tot_msg_sent: 6909
tot_reconf_duration: 5.1
tot_sleeping_duration: 8306024.1435200125
tot_uptimes: 2161
tot_uptimes_duration: 129600.0364799872
