comms_cons: 842.8408002190722
finished_reconf: true
global_termination_time: 8437056.883
local_termination_time: 966121.9483599999
node_cons: 173538.61517004736
tot_aggregated_send: 117566
tot_msg_rcv: 3624
tot_msg_sent: 6916
tot_reconf_duration: 3.05
tot_sleeping_duration: 8307456.82828002
tot_uptimes: 2161
tot_uptimes_duration: 129600.05471998011
