comms_cons: 840.1558402202579
finished_reconf: true
global_termination_time: 8436938.254
local_termination_time: 1419174.54036
node_cons: 173549.81596781372
tot_aggregated_send: 117102
tot_msg_rcv: 3357
tot_msg_sent: 7240
tot_reconf_duration: 11.31
tot_sleeping_duration: 8307338.211440016
tot_uptimes: 2161
tot_uptimes_duration: 129600.04255998484
