comms_cons: 839.7024385990869
finished_reconf: true
global_termination_time: 8437730.457
local_termination_time: 1596269.4203599999
node_cons: 173541.83092781354
tot_aggregated_send: 117334
tot_msg_rcv: 3327
tot_msg_sent: 6967
tot_reconf_duration: 5.43
tot_sleeping_duration: 8308130.414440016
tot_uptimes: 2161
tot_uptimes_duration: 129600.04255998484
