comms_cons: 184.2005055892027
finished_reconf: true
global_termination_time: 1861910.319
local_termination_time: 1203940.89436
node_cons: 38252.83436111676
tot_aggregated_send: 26564
tot_msg_rcv: 396
tot_msg_sent: 1037
tot_reconf_duration: 8.09
tot_sleeping_duration: 1833350.3129200023
tot_uptimes: 477
tot_uptimes_duration: 28560.006079997635
