comms_cons: 189.33747198158792
finished_reconf: true
global_termination_time: 1855948.079
local_termination_time: 100380.95851999978
node_cons: 38168.12153229417
tot_aggregated_send: 24708
tot_msg_rcv: 1302
tot_msg_sent: 2770
tot_reconf_duration: 4.8100000000000005
tot_sleeping_duration: 1827448.012120019
tot_uptimes: 476
tot_uptimes_duration: 28500.066879980848
