comms_cons: 166.9950335886475
finished_reconf: true
global_termination_time: 1694893.23312
local_termination_time: 62847.48860000001
node_cons: 34920.04456415661
tot_aggregated_send: 23258
tot_msg_rcv: 742
tot_msg_sent: 1380
tot_reconf_duration: 22.65
tot_sleeping_duration: 1668837.0076800024
tot_uptimes: 435
tot_uptimes_duration: 26056.225439997506
