comms_cons: 37.16590080059481
finished_reconf: true
global_termination_time: 365749.83
local_termination_time: 57393.30696000012
node_cons: 7489.521142240589
tot_aggregated_send: 4988
tot_msg_rcv: 265
tot_msg_sent: 396
tot_reconf_duration: 13.17
tot_sleeping_duration: 360169.81783999957
tot_uptimes: 94
tot_uptimes_duration: 5580.012160000435
