comms_cons: 37.77776640046579
finished_reconf: true
global_termination_time: 365846.432
local_termination_time: 43541.044360000014
node_cons: 7477.589761120309
tot_aggregated_send: 4756
tot_msg_rcv: 351
tot_msg_sent: 635
tot_reconf_duration: 4.390000000000001
tot_sleeping_duration: 360266.4259199997
tot_uptimes: 94
tot_uptimes_duration: 5580.0060800002175
