comms_cons: 93.30402559486603
finished_reconf: true
global_termination_time: 925103.317
local_termination_time: 21772.358920000006
node_cons: 18966.82082670562
tot_aggregated_send: 12586
tot_msg_rcv: 487
tot_msg_sent: 1112
tot_reconf_duration: 4.8100000000000005
tot_sleeping_duration: 910943.2805200107
tot_uptimes: 237
tot_uptimes_duration: 14160.036479989241
