comms_cons: 91.39887359809853
finished_reconf: true
global_termination_time: 927257.685
local_termination_time: 473695.5388800009
node_cons: 19059.70810432122
tot_aggregated_send: 13398
tot_msg_rcv: 154
tot_msg_sent: 341
tot_reconf_duration: 11.31
tot_sleeping_duration: 913034.8701199992
tot_uptimes: 238
tot_uptimes_duration: 14222.814880000893
