comms_cons: 668.1641025277678
finished_reconf: true
global_termination_time: 6768648.27
local_termination_time: 2302038.694
node_cons: 139239.45284053287
tot_aggregated_send: 93378
tot_msg_rcv: 2687
tot_msg_sent: 5492
tot_reconf_duration: 6.279999999999999
tot_sleeping_duration: 6664666.996960017
tot_uptimes: 1734
tot_uptimes_duration: 103981.27303998289
