comms_cons: 671.3965377298666
finished_reconf: true
global_termination_time: 6769013.418
local_termination_time: 2619734.0895199985
node_cons: 139236.84104781554
tot_aggregated_send: 94134
tot_msg_rcv: 2609
tot_msg_sent: 5305
tot_reconf_duration: 5.57
tot_sleeping_duration: 6665033.3754400145
tot_uptimes: 1734
tot_uptimes_duration: 103980.04255998484
