comms_cons: 663.1570433198733
finished_reconf: true
global_termination_time: 6769595.697
local_termination_time: 2824159.8643999984
node_cons: 139247.16998893218
tot_aggregated_send: 93322
tot_msg_rcv: 2426
tot_msg_sent: 5048
tot_reconf_duration: 13.17
tot_sleeping_duration: 6665615.648360017
tot_uptimes: 1734
tot_uptimes_duration: 103980.0486399827
