comms_cons: 667.7357249087706
finished_reconf: true
global_termination_time: 6766808.35
local_termination_time: 3311539.5956000006
node_cons: 139161.7130655814
tot_aggregated_send: 94714
tot_msg_rcv: 2342
tot_msg_sent: 4436
tot_reconf_duration: 9.42
tot_sleeping_duration: 6662888.31960001
tot_uptimes: 1733
tot_uptimes_duration: 103920.0303999891
