comms_cons: 667.3940481040704
finished_reconf: true
global_termination_time: 6770719.878
local_termination_time: 4598690.11736
node_cons: 139254.647164463
tot_aggregated_send: 94076
tot_msg_rcv: 2558
tot_msg_sent: 4806
tot_reconf_duration: 18.700000000000003
tot_sleeping_duration: 6666739.853680008
tot_uptimes: 1734
tot_uptimes_duration: 103980.02431999147
