comms_cons: 86.49907199583083
finished_reconf: true
global_termination_time: 743059.182
local_termination_time: 1092.8035200000038
node_cons: 15295.695214504867
tot_aggregated_send: 4988
tot_msg_rcv: 3039
tot_msg_sent: 5134
tot_reconf_duration: 18.21
tot_sleeping_duration: 731654.4276799815
tot_uptimes: 191
tot_uptimes_duration: 11404.754320018566
