comms_cons: 71.96986879948092
finished_reconf: true
global_termination_time: 744426.582
local_termination_time: 420184.46348000003
node_cons: 15285.135662238266
tot_aggregated_send: 10208
tot_msg_rcv: 160
tot_msg_sent: 571
tot_reconf_duration: 15.110000000000001
tot_sleeping_duration: 733026.5698400013
tot_uptimes: 191
tot_uptimes_duration: 11400.012159998703
