comms_cons: 83.43231359822057
finished_reconf: true
global_termination_time: 847704.216
local_termination_time: 376211.08504000073
node_cons: 17440.72208223826
tot_aggregated_send: 11600
tot_msg_rcv: 326
tot_msg_sent: 755
tot_reconf_duration: 5.1
tot_sleeping_duration: 834684.2038400014
tot_uptimes: 218
tot_uptimes_duration: 13020.012159998703
