comms_cons: 86.30657279598572
finished_reconf: true
global_termination_time: 850462.692
local_termination_time: 312687.35352000035
node_cons: 17439.749761121395
tot_aggregated_send: 11600
tot_msg_rcv: 535
tot_msg_sent: 983
tot_reconf_duration: 4.390000000000001
tot_sleeping_duration: 837442.6859199989
tot_uptimes: 218
tot_uptimes_duration: 13020.006080001069
