comms_cons: 0.7237119999976113
finished_reconf: true
global_termination_time: 6739.008
local_termination_time: 2954.8413600000003
node_cons: 95.21010000000037
tot_aggregated_send: 0
tot_msg_rcv: 62
tot_msg_sent: 48
tot_reconf_duration: 10.95
tot_sleeping_duration: 6679.008
tot_uptimes: 2
tot_uptimes_duration: 60.0
