comms_cons: 58.55488000095749
finished_reconf: true
global_termination_time: 582257.003
local_termination_time: 372716.36799999996
node_cons: 11988.553001121425
tot_aggregated_send: 8120
tot_msg_rcv: 267
tot_msg_sent: 513
tot_reconf_duration: 13.17
tot_sleeping_duration: 573316.996919999
tot_uptimes: 150
tot_uptimes_duration: 8940.006080001069
