comms_cons: 190.25730558395972
finished_reconf: true
global_termination_time: 1895115.383
local_termination_time: 917981.6851599984
node_cons: 39013.32257735444
tot_aggregated_send: 26274
tot_msg_rcv: 799
tot_msg_sent: 1845
tot_reconf_duration: 25.299999999999997
tot_sleeping_duration: 1866004.878760004
tot_uptimes: 486
tot_uptimes_duration: 29110.504239995964
