comms_cons: 192.18551038262348
finished_reconf: true
global_termination_time: 1894256.713959999
local_termination_time: 248774.56536000004
node_cons: 39034.46190502234
tot_aggregated_send: 26274
tot_msg_rcv: 1042
tot_msg_sent: 1896
tot_reconf_duration: 3.05
tot_sleeping_duration: 1865107.856600012
tot_uptimes: 486
tot_uptimes_duration: 29148.857359986985
