comms_cons: 373.6655996927173
finished_reconf: true
global_termination_time: 1894256.7213999983
local_termination_time: 375.8630399999995
node_cons: 39050.22217783576
tot_aggregated_send: 0
tot_msg_rcv: 28613
tot_msg_sent: 28182
tot_reconf_duration: 6.22
tot_sleeping_duration: 1865099.3088400012
tot_uptimes: 486
tot_uptimes_duration: 29157.412559997
