comms_cons: 65.96963839839526
finished_reconf: true
global_termination_time: 666732.123
local_termination_time: 466674.1603600001
node_cons: 13682.53732111688
tot_aggregated_send: 9454
tot_msg_rcv: 183
tot_msg_sent: 390
tot_reconf_duration: 18.21
tot_sleeping_duration: 656532.1169200024
tot_uptimes: 171
tot_uptimes_duration: 10200.006079997635
