comms_cons: 66.54860799817769
finished_reconf: true
global_termination_time: 667328.122
local_termination_time: 335923.8353600001
node_cons: 13665.364060000029
tot_aggregated_send: 9280
tot_msg_rcv: 260
tot_msg_sent: 575
tot_reconf_duration: 5.57
tot_sleeping_duration: 657128.122
tot_uptimes: 171
tot_uptimes_duration: 10200.0
