comms_cons: 66.4367615999935
finished_reconf: true
global_termination_time: 665740.881
local_termination_time: 315696.87236000004
node_cons: 13664.34826223828
tot_aggregated_send: 9396
tot_msg_rcv: 240
tot_msg_sent: 462
tot_reconf_duration: 4.8100000000000005
tot_sleeping_duration: 655540.8688400014
tot_uptimes: 171
tot_uptimes_duration: 10200.012159998703
