comms_cons: 66.31175679955578
finished_reconf: true
global_termination_time: 666009.226
local_termination_time: 342431.82736000005
node_cons: 13673.183403364308
tot_aggregated_send: 9338
tot_msg_rcv: 224
tot_msg_sent: 517
tot_reconf_duration: 11.31
tot_sleeping_duration: 655809.2077599968
tot_uptimes: 171
tot_uptimes_duration: 10200.018240003206
