comms_cons: 66.91046400044718
finished_reconf: true
global_termination_time: 663030.0962400003
local_termination_time: 5871.04748
node_cons: 13666.078327205927
tot_aggregated_send: 8816
tot_msg_rcv: 421
tot_msg_sent: 932
tot_reconf_duration: 15.34
tot_sleeping_duration: 652839.4714399959
tot_uptimes: 170
tot_uptimes_duration: 10190.624800004414
