comms_cons: 39.725209600291606
finished_reconf: true
global_termination_time: 404070.969
local_termination_time: 348177.1334800001
node_cons: 8281.551980000007
tot_aggregated_send: 5742
tot_msg_rcv: 123
tot_msg_sent: 173
tot_reconf_duration: 4.8100000000000005
tot_sleeping_duration: 397890.969
tot_uptimes: 104
tot_uptimes_duration: 6180.0
