comms_cons: 179.09194878901337
finished_reconf: true
global_termination_time: 1808688.79724
local_termination_time: 489767.46048
node_cons: 37226.28715271037
tot_aggregated_send: 25520
tot_msg_rcv: 549
tot_msg_sent: 1150
tot_reconf_duration: 6.22
tot_sleeping_duration: 1780893.546760007
tot_uptimes: 464
tot_uptimes_duration: 27795.250479992945
