comms_cons: 125.62589441312952
finished_reconf: true
global_termination_time: 541408.756999999
local_termination_time: 1086.9274800000023
node_cons: 11160.571151833774
tot_aggregated_send: 0
tot_msg_rcv: 10981
tot_msg_sent: 8108
tot_reconf_duration: 18.21
tot_sleeping_duration: 533092.2207999738
tot_uptimes: 139
tot_uptimes_duration: 8316.53620002522
