comms_cons: 54.298137600487934
finished_reconf: true
global_termination_time: 542402.991
local_termination_time: 34105.50068000005
node_cons: 11094.484060000015
tot_aggregated_send: 7656
tot_msg_rcv: 254
tot_msg_sent: 343
tot_reconf_duration: 5.57
tot_sleeping_duration: 534122.991
tot_uptimes: 139
tot_uptimes_duration: 8280.0
