comms_cons: 53.580947199995805
finished_reconf: true
global_termination_time: 543967.5
local_termination_time: 8893.156960000002
node_cons: 11187.779380000013
tot_aggregated_send: 7830
tot_msg_rcv: 95
tot_msg_sent: 218
tot_reconf_duration: 15.110000000000001
tot_sleeping_duration: 535627.5
tot_uptimes: 140
tot_uptimes_duration: 8340.0
