comms_cons: 59.219379200255425
finished_reconf: true
global_termination_time: 600029.148
local_termination_time: 393106.68960000057
node_cons: 12298.560121121445
tot_aggregated_send: 8352
tot_msg_rcv: 223
tot_msg_sent: 426
tot_reconf_duration: 4.8100000000000005
tot_sleeping_duration: 590849.1419199989
tot_uptimes: 154
tot_uptimes_duration: 9180.006080001069
