comms_cons: 0.18421759999939244
finished_reconf: true
global_termination_time: 2889.1199600000023
local_termination_time: 2875.78436
node_cons: 52.581787440003076
tot_aggregated_send: 0
tot_msg_rcv: 19
tot_msg_sent: 8
tot_reconf_duration: 11.31
tot_sleeping_duration: 2861.321
tot_uptimes: 1
tot_uptimes_duration: 27.798960000002353
