comms_cons: 14.737407999472179
finished_reconf: true
global_termination_time: 126330.927
local_termination_time: 58658.54008000012
node_cons: 2591.7442844766
tot_aggregated_send: 928
tot_msg_rcv: 452
tot_msg_sent: 860
tot_reconf_duration: 15.34
tot_sleeping_duration: 124410.90268000253
tot_uptimes: 33
tot_uptimes_duration: 1920.0243199974648
