comms_cons: 15.144070399785598
finished_reconf: true
global_termination_time: 124589.066
local_termination_time: 55130.648360000014
node_cons: 2524.9299644777493
tot_aggregated_send: 870
tot_msg_rcv: 575
tot_msg_sent: 858
tot_reconf_duration: 25.299999999999997
tot_sleeping_duration: 122729.04168000168
tot_uptimes: 32
tot_uptimes_duration: 1860.024319998316
