comms_cons: 13.987379199718221
finished_reconf: true
global_termination_time: 124325.861
local_termination_time: 63006.21904000006
node_cons: 2501.1758422383023
tot_aggregated_send: 1218
tot_msg_rcv: 388
tot_msg_sent: 520
tot_reconf_duration: 7.819999999999999
tot_sleeping_duration: 122465.84884000127
tot_uptimes: 32
tot_uptimes_duration: 1860.0121599987324
