comms_cons: 26.02794239867619
finished_reconf: true
global_termination_time: 158037.075
local_termination_time: 26219.038520000006
node_cons: 3219.5697611191517
tot_aggregated_send: 0
tot_msg_rcv: 2065
tot_msg_sent: 1892
tot_reconf_duration: 4.390000000000001
tot_sleeping_duration: 155637.06892000063
tot_uptimes: 41
tot_uptimes_duration: 2400.006079999366
