comms_cons: 352.633779224425
finished_reconf: true
global_termination_time: 3541357.943
local_termination_time: 2189558.25436
node_cons: 72796.60080446664
tot_aggregated_send: 48778
tot_msg_rcv: 1682
tot_msg_sent: 3137
tot_reconf_duration: 6.279999999999999
tot_sleeping_duration: 3486997.918680009
tot_uptimes: 907
tot_uptimes_duration: 54360.024319991004
