comms_cons: 106.78906879205
finished_reconf: true
global_termination_time: 1048382.9794799999
local_termination_time: 1048382.9383599999
node_cons: 21600.3382076798
tot_aggregated_send: 14068
tot_msg_rcv: 695
tot_msg_sent: 1468
tot_reconf_duration: 37.41
tot_sleeping_duration: 1032289.22636
tot_uptimes: 269
tot_uptimes_duration: 16093.75311999982
