comms_cons: 106.38433279581407
finished_reconf: true
global_termination_time: 1051351.452
local_termination_time: 147023.11136000004
node_cons: 21632.356848957683
tot_aggregated_send: 13920
tot_msg_rcv: 742
tot_msg_sent: 1506
tot_reconf_duration: 15.34
tot_sleeping_duration: 1035211.4033600017
tot_uptimes: 270
tot_uptimes_duration: 16140.048639998251
