comms_cons: 106.45153919266826
finished_reconf: true
global_termination_time: 1048820.754
local_termination_time: 524940.6613599998
node_cons: 21535.369857777212
tot_aggregated_send: 13166
tot_msg_rcv: 995
tot_msg_sent: 2018
tot_reconf_duration: 3.08
tot_sleeping_duration: 1032740.703800017
tot_uptimes: 269
tot_uptimes_duration: 16080.050199983001
