comms_cons: 106.04417279942349
finished_reconf: true
global_termination_time: 1051865.442
local_termination_time: 155613.62000000046
node_cons: 21642.24312336432
tot_aggregated_send: 14210
tot_msg_rcv: 597
tot_msg_sent: 1312
tot_reconf_duration: 22.65
tot_sleeping_duration: 1035725.4237599969
tot_uptimes: 270
tot_uptimes_duration: 16140.018240003206
