comms_cons: 102.37955839946889
finished_reconf: true
global_termination_time: 1053220.05
local_termination_time: 582045.2019999999
node_cons: 21632.901483513815
tot_aggregated_send: 14496
tot_msg_rcv: 365
tot_msg_sent: 701
tot_reconf_duration: 10.95
tot_sleeping_duration: 1037075.1423200046
tot_uptimes: 270
tot_uptimes_duration: 16144.907679995405
