comms_cons: 103.61644799513539
finished_reconf: true
global_termination_time: 1052237.348
local_termination_time: 609493.8406399981
node_cons: 21629.364434957584
tot_aggregated_send: 14558
tot_msg_rcv: 438
tot_msg_sent: 754
tot_reconf_duration: 11.899999999999999
tot_sleeping_duration: 1036096.0453600019
tot_uptimes: 270
tot_uptimes_duration: 16141.302639998146
