comms_cons: 106.7882495927328
finished_reconf: true
global_termination_time: 1048383.2382400002
local_termination_time: 51482.55348000011
node_cons: 21574.623893832195
tot_aggregated_send: 13862
tot_msg_rcv: 810
tot_msg_sent: 1559
tot_reconf_duration: 3.05
tot_sleeping_duration: 1032273.841680006
tot_uptimes: 269
tot_uptimes_duration: 16109.396559994144
