comms_cons: 325.4923008125759
finished_reconf: true
global_termination_time: 3283461.556
local_termination_time: 1517809.9504799997
node_cons: 67503.48485999844
tot_aggregated_send: 47270
tot_msg_rcv: 763
tot_msg_sent: 1439
tot_reconf_duration: 13.17
tot_sleeping_duration: 3233061.556
tot_uptimes: 841
tot_uptimes_duration: 50400.0
