comms_cons: 325.7384895990333
finished_reconf: true
global_termination_time: 3283496.647
local_termination_time: 610107.4283599999
node_cons: 67491.5941844659
tot_aggregated_send: 45588
tot_msg_rcv: 1308
tot_msg_sent: 2614
tot_reconf_duration: 4.390000000000001
tot_sleeping_duration: 3233096.6226800093
tot_uptimes: 841
tot_uptimes_duration: 50400.02431999054
