comms_cons: 326.07831041774915
finished_reconf: true
global_termination_time: 3282909.201
local_termination_time: 227041.17668000024
node_cons: 67496.26840669983
tot_aggregated_send: 45646
tot_msg_rcv: 1186
tot_msg_sent: 2730
tot_reconf_duration: 7.819999999999999
tot_sleeping_duration: 3232509.164520014
tot_uptimes: 841
tot_uptimes_duration: 50400.03647998604
