comms_cons: 189.7441279934033
finished_reconf: true
global_termination_time: 1914707.845
local_termination_time: 1074672.66336
node_cons: 39400.957399999825
tot_aggregated_send: 27666
tot_msg_rcv: 444
tot_msg_sent: 730
tot_reconf_duration: 25.299999999999997
tot_sleeping_duration: 1885307.845
tot_uptimes: 491
tot_uptimes_duration: 29400.0
