comms_cons: 192.56270718284716
finished_reconf: true
global_termination_time: 1914109.426
local_termination_time: 910433.0195199982
node_cons: 39373.20525005134
tot_aggregated_send: 25636
tot_msg_rcv: 1105
tot_msg_sent: 2526
tot_reconf_duration: 4.8100000000000005
tot_sleeping_duration: 1884709.3712800213
tot_uptimes: 491
tot_uptimes_duration: 29400.05471997871
