comms_cons: 191.9171199895812
finished_reconf: true
global_termination_time: 1915413.209
local_termination_time: 1395130.3295999998
node_cons: 39383.75153999993
tot_aggregated_send: 27086
tot_msg_rcv: 761
tot_msg_sent: 1323
tot_reconf_duration: 12.629999999999999
tot_sleeping_duration: 1886013.209
tot_uptimes: 491
tot_uptimes_duration: 29400.0
