comms_cons: 188.38943999405612
finished_reconf: true
global_termination_time: 1916409.915
local_termination_time: 1113568.810479999
node_cons: 39391.99460000002
tot_aggregated_send: 27666
tot_msg_rcv: 230
tot_msg_sent: 739
tot_reconf_duration: 18.700000000000003
tot_sleeping_duration: 1887009.915
tot_uptimes: 491
tot_uptimes_duration: 29400.0
