comms_cons: 116.56368638835453
finished_reconf: true
global_termination_time: 1224397.6802400004
local_termination_time: 6702.213
node_cons: 25231.46025494458
tot_aggregated_send: 16219
tot_msg_rcv: 488
tot_msg_sent: 1009
tot_reconf_duration: 21.68
tot_sleeping_duration: 1205576.157600012
tot_uptimes: 314
tot_uptimes_duration: 18821.522639988456
