comms_cons: 391.7635968711649
finished_reconf: true
global_termination_time: 3880893.027
local_termination_time: 546829.6975999998
node_cons: 79795.58787796524
tot_aggregated_send: 53708
tot_msg_rcv: 2003
tot_msg_sent: 3833
tot_reconf_duration: 13.17
tot_sleeping_duration: 3821312.9650000245
tot_uptimes: 994
tot_uptimes_duration: 59580.06199997547
