comms_cons: 390.0593728677538
finished_reconf: true
global_termination_time: 3878734.715
local_termination_time: 2055774.33036
node_cons: 79784.20082670034
tot_aggregated_send: 53940
tot_msg_rcv: 1690
tot_msg_sent: 3656
tot_reconf_duration: 4.8100000000000005
tot_sleeping_duration: 3819154.678520013
tot_uptimes: 994
tot_uptimes_duration: 59580.03647998674
