comms_cons: 390.12897283564513
finished_reconf: true
global_termination_time: 3876460.331
local_termination_time: 1496292.2640799999
node_cons: 79714.48852781727
tot_aggregated_send: 54172
tot_msg_rcv: 1763
tot_msg_sent: 3362
tot_reconf_duration: 12.629999999999999
tot_sleeping_duration: 3816940.2884400156
tot_uptimes: 993
tot_uptimes_duration: 59520.04255998437
