comms_cons: 2.763263999992852
finished_reconf: true
global_termination_time: 14340.498
local_termination_time: 364.0853599999999
node_cons: 275.3774
tot_aggregated_send: 0
tot_msg_rcv: 270
tot_msg_sent: 150
tot_reconf_duration: 25.299999999999997
tot_sleeping_duration: 14160.498
tot_uptimes: 4
tot_uptimes_duration: 180.0
