comms_cons: 176.553964721058
finished_reconf: true
global_termination_time: 1706535.86824
local_termination_time: 6018.87
node_cons: 35157.691885494016
tot_aggregated_send: 8579
tot_msg_rcv: 8012
tot_msg_sent: 10262
tot_reconf_duration: 21.68
tot_sleeping_duration: 1680301.177840079
tot_uptimes: 438
tot_uptimes_duration: 26234.690399920917
