comms_cons: 166.77018879702078
finished_reconf: true
global_termination_time: 1708423.78
local_termination_time: 5929.624
node_cons: 35123.46367999995
tot_aggregated_send: 24291
tot_msg_rcv: 275
tot_msg_sent: 782
tot_reconf_duration: 10.96
tot_sleeping_duration: 1682203.78
tot_uptimes: 438
tot_uptimes_duration: 26220.0
