comms_cons: 167.19859839567079
finished_reconf: true
global_termination_time: 1709689.176
local_termination_time: 4673.814
node_cons: 35120.693359999954
tot_aggregated_send: 24525
tot_msg_rcv: 301
tot_msg_sent: 586
tot_reconf_duration: 8.92
tot_sleeping_duration: 1683469.176
tot_uptimes: 438
tot_uptimes_duration: 26220.0
