comms_cons: 74.88091520056885
finished_reconf: true
global_termination_time: 754060.9545599995
local_termination_time: 754060.9134399996
node_cons: 15570.038706960771
tot_aggregated_send: 10890
tot_msg_rcv: 181
tot_msg_sent: 308
tot_reconf_duration: 24.59
tot_sleeping_duration: 742457.783919999
tot_uptimes: 194
tot_uptimes_duration: 11603.17064000055
