comms_cons: 74.33528959971464
finished_reconf: true
global_termination_time: 754060.93524
local_termination_time: 251293.76248000006
node_cons: 15549.392759360055
tot_aggregated_send: 10846
tot_msg_rcv: 174
tot_msg_sent: 278
tot_reconf_duration: 18.21
tot_sleeping_duration: 742466.713
tot_uptimes: 194
tot_uptimes_duration: 11594.222240000032
