comms_cons: 333.1141631459703
finished_reconf: true
global_termination_time: 755057.632
local_termination_time: 581458.5390399994
node_cons: 46067.118625233015
tot_aggregated_send: 0
tot_msg_rcv: 20363
tot_msg_sent: 30267
tot_reconf_duration: 4.390000000000001
tot_sleeping_duration: 720657.9628400048
tot_uptimes: 569
tot_uptimes_duration: 34399.669159995145
