comms_cons: 76.14766080036867
finished_reconf: true
global_termination_time: 754368.216
local_termination_time: 367946.1019600001
node_cons: 15520.97898000002
tot_aggregated_send: 10672
tot_msg_rcv: 387
tot_msg_sent: 515
tot_reconf_duration: 11.31
tot_sleeping_duration: 742788.216
tot_uptimes: 194
tot_uptimes_duration: 11580.0
