comms_cons: 9.73847040001768
finished_reconf: true
global_termination_time: 96906.448
local_termination_time: 47612.11636000001
node_cons: 1948.999861120286
tot_aggregated_send: 754
tot_msg_rcv: 292
tot_msg_sent: 434
tot_reconf_duration: 15.34
tot_sleeping_duration: 95466.4419199998
tot_uptimes: 25
tot_uptimes_duration: 1440.0060800002175
