comms_cons: 12.290227199943025
finished_reconf: true
global_termination_time: 95856.83
local_termination_time: 27516.10636
node_cons: 1938.8121244811643
tot_aggregated_send: 580
tot_msg_rcv: 529
tot_msg_sent: 760
tot_reconf_duration: 7.819999999999999
tot_sleeping_duration: 94416.80567999913
tot_uptimes: 25
tot_uptimes_duration: 1440.02432000087
