comms_cons: 93.81939199886551
finished_reconf: true
global_termination_time: 975148.516
local_termination_time: 659291.8184799999
node_cons: 20011.191980000105
tot_aggregated_send: 13804
tot_msg_rcv: 166
tot_msg_sent: 290
tot_reconf_duration: 4.8100000000000005
tot_sleeping_duration: 960208.516
tot_uptimes: 250
tot_uptimes_duration: 14940.0
