comms_cons: 95.26681599778153
finished_reconf: true
global_termination_time: 971618.099
local_termination_time: 287298.65048
node_cons: 19930.289761116805
tot_aggregated_send: 13804
tot_msg_rcv: 213
tot_msg_sent: 463
tot_reconf_duration: 4.390000000000001
tot_sleeping_duration: 956738.0929200024
tot_uptimes: 249
tot_uptimes_duration: 14880.006079997635
