comms_cons: 14.79787519995066
finished_reconf: true
global_termination_time: 135919.457
local_termination_time: 3090.41048
node_cons: 2756.329885598894
tot_aggregated_send: 1392
tot_msg_rcv: 285
tot_msg_sent: 573
tot_reconf_duration: 18.21
tot_sleeping_duration: 133879.42660000082
tot_uptimes: 35
tot_uptimes_duration: 2040.0303999991738
