comms_cons: 85.02958079606476
finished_reconf: true
global_termination_time: 828064.7063599979
local_termination_time: 828064.7063599979
node_cons: 17154.181648629154
tot_aggregated_send: 11064
tot_msg_rcv: 578
tot_msg_sent: 1281
tot_reconf_duration: 24.59
tot_sleeping_duration: 815278.4566000061
tot_uptimes: 213
tot_uptimes_duration: 12786.249759991872
