comms_cons: 80.76688639898595
finished_reconf: true
global_termination_time: 829553.946
local_termination_time: 397185.6173600001
node_cons: 17062.85498223832
tot_aggregated_send: 11600
tot_msg_rcv: 189
tot_msg_sent: 487
tot_reconf_duration: 22.65
tot_sleeping_duration: 816833.9338400014
tot_uptimes: 213
tot_uptimes_duration: 12720.012159998703
