comms_cons: 154.38556155428986
finished_reconf: true
global_termination_time: 828612.924
local_termination_time: 344028.6231200005
node_cons: 17036.221900000088
tot_aggregated_send: 0
tot_msg_rcv: 11804
tot_msg_sent: 11663
tot_reconf_duration: 3.05
tot_sleeping_duration: 815892.924
tot_uptimes: 213
tot_uptimes_duration: 12720.0
