comms_cons: 127.6700031870112
finished_reconf: true
global_termination_time: 646491.178
local_termination_time: 3433.7656
node_cons: 13286.883123359712
tot_aggregated_send: 0
tot_msg_rcv: 9846
tot_msg_sent: 9560
tot_reconf_duration: 22.65
tot_sleeping_duration: 636591.1597600002
tot_uptimes: 166
tot_uptimes_duration: 9900.018239999772
