comms_cons: 64.08798719983643
finished_reconf: true
global_termination_time: 646142.747
local_termination_time: 157770.57560000007
node_cons: 13266.727701116823
tot_aggregated_send: 9164
tot_msg_rcv: 175
tot_msg_sent: 402
tot_reconf_duration: 7.819999999999999
tot_sleeping_duration: 636242.7409200023
tot_uptimes: 166
tot_uptimes_duration: 9900.006079997635
