comms_cons: 75.50352639669349
finished_reconf: true
global_termination_time: 740299.917
local_termination_time: 520905.8976400004
node_cons: 15191.658363355107
tot_aggregated_send: 10208
tot_msg_rcv: 512
tot_msg_sent: 756
tot_reconf_duration: 5.43
tot_sleeping_duration: 728959.8987600036
tot_uptimes: 190
tot_uptimes_duration: 11340.018239996338
