comms_cons: 71.25273599962472
finished_reconf: true
global_termination_time: 718813.889
local_termination_time: 36862.01836000002
node_cons: 14788.52162000003
tot_aggregated_send: 10382
tot_msg_rcv: 162
tot_msg_sent: 286
tot_reconf_duration: 4.390000000000001
tot_sleeping_duration: 707773.889
tot_uptimes: 185
tot_uptimes_duration: 11040.0
