comms_cons: 71.78565119913374
finished_reconf: true
global_termination_time: 717771.354
local_termination_time: 23079.894360000002
node_cons: 14706.361900000025
tot_aggregated_send: 10034
tot_msg_rcv: 299
tot_msg_sent: 578
tot_reconf_duration: 3.05
tot_sleeping_duration: 706791.354
tot_uptimes: 184
tot_uptimes_duration: 10980.0
