comms_cons: 71.09483519982548
finished_reconf: true
global_termination_time: 720357.774
local_termination_time: 310436.3468000003
node_cons: 14793.179560000031
tot_aggregated_send: 10382
tot_msg_rcv: 141
tot_msg_sent: 283
tot_reconf_duration: 7.819999999999999
tot_sleeping_duration: 709317.774
tot_uptimes: 185
tot_uptimes_duration: 11040.0
