comms_cons: 72.02375679955402
finished_reconf: true
global_termination_time: 724320.545
local_termination_time: 5173.633000000001
node_cons: 14869.733442240604
tot_aggregated_send: 10203
tot_msg_rcv: 220
tot_msg_sent: 524
tot_reconf_duration: 5.02
tot_sleeping_duration: 713220.5328399997
tot_uptimes: 186
tot_uptimes_duration: 11100.012160000435
