comms_cons: 71.32636159967545
finished_reconf: true
global_termination_time: 724865.577
local_termination_time: 6135.642
node_cons: 14881.697422241461
tot_aggregated_send: 10368
tot_msg_rcv: 123
tot_msg_sent: 350
tot_reconf_duration: 13.83
tot_sleeping_duration: 713765.5648399991
tot_uptimes: 186
tot_uptimes_duration: 11100.012160001075
