comms_cons: 71.47768319996372
finished_reconf: true
global_termination_time: 725197.037
local_termination_time: 4121.305
node_cons: 14870.806262240605
tot_aggregated_send: 10492
tot_msg_rcv: 138
tot_msg_sent: 234
tot_reconf_duration: 5.8100000000000005
tot_sleeping_duration: 714097.0248399995
tot_uptimes: 186
tot_uptimes_duration: 11100.012160000435
