comms_cons: 71.6586111994956
finished_reconf: true
global_termination_time: 722080.603
local_termination_time: 6777.351000000001
node_cons: 14795.355062242883
tot_aggregated_send: 10198
tot_msg_rcv: 227
tot_msg_sent: 466
tot_reconf_duration: 9.41
tot_sleeping_duration: 711040.5908399979
tot_uptimes: 185
tot_uptimes_duration: 11040.012160002138
