comms_cons: 72.1684991980633
finished_reconf: true
global_termination_time: 721881.651
local_termination_time: 7158.251
node_cons: 14799.184622240604
tot_aggregated_send: 10253
tot_msg_rcv: 308
tot_msg_sent: 408
tot_reconf_duration: 12.23
tot_sleeping_duration: 710841.6388399996
tot_uptimes: 185
tot_uptimes_duration: 11040.012160000435
