comms_cons: 564.3117697073502
finished_reconf: true
global_termination_time: 5657259.148
local_termination_time: 2140088.10308
node_cons: 116339.28650558226
tot_aggregated_send: 77662
tot_msg_rcv: 2656
tot_msg_sent: 5455
tot_reconf_duration: 5.1
tot_sleeping_duration: 5570379.117600011
tot_uptimes: 1449
tot_uptimes_duration: 86880.03039998934
