comms_cons: 567.7154433237246
finished_reconf: true
global_termination_time: 5654110.361119997
local_termination_time: 164190.7416000001
node_cons: 116303.1691619589
tot_aggregated_send: 78358
tot_msg_rcv: 2474
tot_msg_sent: 5454
tot_reconf_duration: 22.65
tot_sleeping_duration: 5567275.103120025
tot_uptimes: 1448
tot_uptimes_duration: 86835.25799997197
