comms_cons: 551.6175680720387
finished_reconf: true
global_termination_time: 5657088.579
local_termination_time: 3690435.5943599995
node_cons: 116347.19824111318
tot_aggregated_send: 77720
tot_msg_rcv: 2106
tot_msg_sent: 4015
tot_reconf_duration: 10.95
tot_sleeping_duration: 5570208.572920002
tot_uptimes: 1449
tot_uptimes_duration: 86880.00607999787
