comms_cons: 562.7642753000008
finished_reconf: true
global_termination_time: 5655348.054
local_termination_time: 1419798.3991999987
node_cons: 116347.73596781622
tot_aggregated_send: 78706
tot_msg_rcv: 2311
tot_msg_sent: 4520
tot_reconf_duration: 11.31
tot_sleeping_duration: 5568468.0114400145
tot_uptimes: 1449
tot_uptimes_duration: 86880.04255998484
