comms_cons: 1.6053247999995364
finished_reconf: true
global_termination_time: 12906.521
local_termination_time: 7008.848480000001
node_cons: 256.3789800000018
tot_aggregated_send: 0
tot_msg_rcv: 136
tot_msg_sent: 108
tot_reconf_duration: 11.31
tot_sleeping_duration: 12726.520999999999
tot_uptimes: 4
tot_uptimes_duration: 180.0
