comms_cons: 63.79192319905304
finished_reconf: true
global_termination_time: 627296.261
local_termination_time: 343875.16260000056
node_cons: 12858.550041121513
tot_aggregated_send: 8410
tot_msg_rcv: 532
tot_msg_sent: 754
tot_reconf_duration: 3.05
tot_sleeping_duration: 617696.2549199989
tot_uptimes: 161
tot_uptimes_duration: 9600.006080001069
