comms_cons: 2.2698239999945926
finished_reconf: true
global_termination_time: 17755.636
local_termination_time: 10225.39336
node_cons: 332.3462200000002
tot_aggregated_send: 0
tot_msg_rcv: 176
tot_msg_sent: 169
tot_reconf_duration: 8.09
tot_sleeping_duration: 17515.636
tot_uptimes: 5
tot_uptimes_duration: 240.0
