comms_cons: 14.93729279983698
finished_reconf: true
global_termination_time: 118105.368
local_termination_time: 49803.75500000018
node_cons: 2418.7608044766034
tot_aggregated_send: 986
tot_msg_rcv: 638
tot_msg_sent: 648
tot_reconf_duration: 6.279999999999999
tot_sleeping_duration: 116305.34368000254
tot_uptimes: 31
tot_uptimes_duration: 1800.0243199974648
