comms_cons: 12.336627199868841
finished_reconf: true
global_termination_time: 117730.42123999991
local_termination_time: 49808.15452000008
node_cons: 2445.963090480167
tot_aggregated_send: 1160
tot_msg_rcv: 254
tot_msg_sent: 461
tot_reconf_duration: 11.31
tot_sleeping_duration: 115915.18291999979
tot_uptimes: 31
tot_uptimes_duration: 1815.2383200001277
