comms_cons: 73.97085439691189
finished_reconf: true
global_termination_time: 732390.402
local_termination_time: 236713.15348000007
node_cons: 15048.990882233702
tot_aggregated_send: 9860
tot_msg_rcv: 409
tot_msg_sent: 976
tot_reconf_duration: 18.700000000000003
tot_sleeping_duration: 721170.3898400047
tot_uptimes: 188
tot_uptimes_duration: 11220.012159995269
