comms_cons: 73.01658879977818
finished_reconf: true
global_termination_time: 730441.316
local_termination_time: 200995.63452000084
node_cons: 15027.730041121436
tot_aggregated_send: 10324
tot_msg_rcv: 252
tot_msg_sent: 523
tot_reconf_duration: 3.05
tot_sleeping_duration: 719221.3099199989
tot_uptimes: 188
tot_uptimes_duration: 11220.006080001069
