comms_cons: 129.70234879924783
finished_reconf: true
global_termination_time: 1306815.279
local_termination_time: 348657.3993600001
node_cons: 26854.391720000076
tot_aggregated_send: 18850
tot_msg_rcv: 356
tot_msg_sent: 508
tot_reconf_duration: 15.34
tot_sleeping_duration: 1286775.279
tot_uptimes: 335
tot_uptimes_duration: 20040.0
