comms_cons: 134.79590398457748
finished_reconf: true
global_termination_time: 1307029.732
local_termination_time: 232936.50836000004
node_cons: 26837.734464467354
tot_aggregated_send: 17110
tot_msg_rcv: 1109
tot_msg_sent: 2270
tot_reconf_duration: 3.05
tot_sleeping_duration: 1286989.7076800095
tot_uptimes: 335
tot_uptimes_duration: 20040.024319990538
