comms_cons: 64.87603199997723
finished_reconf: true
global_termination_time: 630135.3574799999
local_termination_time: 630135.3163599999
node_cons: 12986.51608320554
tot_aggregated_send: 8454
tot_msg_rcv: 523
tot_msg_sent: 882
tot_reconf_duration: 24.59
tot_sleeping_duration: 620461.6286799958
tot_uptimes: 162
tot_uptimes_duration: 9673.728800004115
