comms_cons: 63.9043968003775
finished_reconf: true
global_termination_time: 631729.871
local_termination_time: 303059.5553600005
node_cons: 12941.280121121446
tot_aggregated_send: 8700
tot_msg_rcv: 377
tot_msg_sent: 636
tot_reconf_duration: 4.8100000000000005
tot_sleeping_duration: 622069.864919999
tot_uptimes: 162
tot_uptimes_duration: 9660.006080001069
