comms_cons: 66.60186880074642
finished_reconf: true
global_termination_time: 633902.717
local_termination_time: 263085.4833600001
node_cons: 13025.732124481152
tot_aggregated_send: 8004
tot_msg_rcv: 727
tot_msg_sent: 1393
tot_reconf_duration: 7.819999999999999
tot_sleeping_duration: 624182.692679999
tot_uptimes: 163
tot_uptimes_duration: 9720.02432000084
