comms_cons: 35.83690240042846
finished_reconf: true
global_termination_time: 353460.736
local_termination_time: 207998.77184000012
node_cons: 7261.366841121432
tot_aggregated_send: 4872
tot_msg_rcv: 247
tot_msg_sent: 328
tot_reconf_duration: 22.65
tot_sleeping_duration: 348060.7299199989
tot_uptimes: 91
tot_uptimes_duration: 5400.006080001069
