comms_cons: 35.68460800040456
finished_reconf: true
global_termination_time: 349386.024
local_termination_time: 35706.83404000007
node_cons: 7154.418182242874
tot_aggregated_send: 4466
tot_msg_rcv: 312
tot_msg_sent: 645
tot_reconf_duration: 3.05
tot_sleeping_duration: 344046.01183999784
tot_uptimes: 90
tot_uptimes_duration: 5340.0121600021375
