comms_cons: 46.34186239987897
finished_reconf: true
global_termination_time: 11734.677240000005
local_termination_time: 2124.152480000002
node_cons: 4956.41373780008
tot_aggregated_send: 0
tot_msg_rcv: 3678
tot_msg_sent: 3364
tot_reconf_duration: 18.21
tot_sleeping_duration: 8051.567039999947
tot_uptimes: 51
tot_uptimes_duration: 3683.110200000058
