comms_cons: 136.8190207888107
finished_reconf: true
global_termination_time: 1357372.009
local_termination_time: 357589.64964000083
node_cons: 27886.638497906104
tot_aggregated_send: 17516
tot_msg_rcv: 1011
tot_msg_sent: 2270
tot_reconf_duration: 6.279999999999999
tot_sleeping_duration: 1336551.9117200105
tot_uptimes: 348
tot_uptimes_duration: 20820.097279989626
