comms_cons: 135.727769592086
finished_reconf: true
global_termination_time: 1358510.344
local_termination_time: 825603.7540399984
node_cons: 27925.01140990842
tot_aggregated_send: 18676
tot_msg_rcv: 569
tot_msg_sent: 1384
tot_reconf_duration: 25.299999999999997
tot_sleeping_duration: 1337680.8787200088
tot_uptimes: 348
tot_uptimes_duration: 20829.465279991273
