comms_cons: 137.7667071912403
finished_reconf: true
global_termination_time: 1355505.747
local_termination_time: 393038.565360001
node_cons: 27882.244051200578
tot_aggregated_send: 17806
tot_msg_rcv: 971
tot_msg_sent: 2162
tot_reconf_duration: 3.08
tot_sleeping_duration: 1334685.6861999996
tot_uptimes: 348
tot_uptimes_duration: 20820.060800000385
