comms_cons: 136.5641087922816
finished_reconf: true
global_termination_time: 1356397.146
local_termination_time: 829579.1213599999
node_cons: 27892.88266446731
tot_aggregated_send: 18618
tot_msg_rcv: 685
tot_msg_sent: 1454
tot_reconf_duration: 10.95
tot_sleeping_duration: 1335577.1216800094
tot_uptimes: 348
tot_uptimes_duration: 20820.024319990538
