comms_cons: 138.47180158482206
finished_reconf: true
global_termination_time: 1358541.323
local_termination_time: 457889.1596000001
node_cons: 27886.50003006529
tot_aggregated_send: 17226
tot_msg_rcv: 1253
tot_msg_sent: 2570
tot_reconf_duration: 6.22
tot_sleeping_duration: 1337721.2682800111
tot_uptimes: 348
tot_uptimes_duration: 20820.054719989013
