comms_cons: 50.12595200006361
finished_reconf: true
global_termination_time: 510917.323
local_termination_time: 42244.89836000001
node_cons: 10451.125800000013
tot_aggregated_send: 7366
tot_msg_rcv: 82
tot_msg_sent: 170
tot_reconf_duration: 5.1
tot_sleeping_duration: 503117.323
tot_uptimes: 131
tot_uptimes_duration: 7800.0
