comms_cons: 50.21245440015779
finished_reconf: true
global_termination_time: 509432.85
local_termination_time: 70501.22187999974
node_cons: 10450.731980000011
tot_aggregated_send: 7366
tot_msg_rcv: 96
tot_msg_sent: 170
tot_reconf_duration: 4.8100000000000005
tot_sleeping_duration: 501632.85
tot_uptimes: 131
tot_uptimes_duration: 7800.0
