comms_cons: 50.436147200476924
finished_reconf: true
global_termination_time: 508766.322
local_termination_time: 113398.16183999967
node_cons: 10454.819560000024
tot_aggregated_send: 7192
tot_msg_rcv: 132
tot_msg_sent: 342
tot_reconf_duration: 7.819999999999999
tot_sleeping_duration: 500966.322
tot_uptimes: 131
tot_uptimes_duration: 7800.0
