comms_cons: 35.085894400423776
finished_reconf: true
global_termination_time: 346698.222
local_termination_time: 181258.474
node_cons: 7084.326342882832
tot_aggregated_send: 4582
tot_msg_rcv: 227
tot_msg_sent: 523
tot_reconf_duration: 6.279999999999999
tot_sleeping_duration: 341413.8320799979
tot_uptimes: 89
tot_uptimes_duration: 5284.3899200021115
