comms_cons: 35.890790401046125
finished_reconf: true
global_termination_time: 348146.206
local_termination_time: 86556.10135999996
node_cons: 7184.633682242854
tot_aggregated_send: 4466
tot_msg_rcv: 313
tot_msg_sent: 676
tot_reconf_duration: 25.299999999999997
tot_sleeping_duration: 342806.19383999787
tot_uptimes: 90
tot_uptimes_duration: 5340.0121600021375
