comms_cons: 35.494784000523396
finished_reconf: true
global_termination_time: 350485.381
local_termination_time: 1898.3622800000037
node_cons: 7165.618980000008
tot_aggregated_send: 4640
tot_msg_rcv: 242
tot_msg_sent: 513
tot_reconf_duration: 11.31
tot_sleeping_duration: 345145.381
tot_uptimes: 90
tot_uptimes_duration: 5340.0
