comms_cons: 251.05631998687142
finished_reconf: true
global_termination_time: 2589866.928
local_termination_time: 1106689.2226799994
node_cons: 53286.28428446661
tot_aggregated_send: 35960
tot_msg_rcv: 697
tot_msg_sent: 1503
tot_reconf_duration: 15.34
tot_sleeping_duration: 2550086.9036800093
tot_uptimes: 664
tot_uptimes_duration: 39780.02431999054
