comms_cons: 890.6391800716119
finished_reconf: true
global_termination_time: 2587850.805
local_termination_time: 1383035.4415999998
node_cons: 157144.44561774313
tot_aggregated_send: 0
tot_msg_rcv: 54684
tot_msg_sent: 80688
tot_reconf_duration: 6.22
tot_sleeping_duration: 2470497.557160009
tot_uptimes: 1932
tot_uptimes_duration: 117353.24783999127
