comms_cons: 362.1423421048977
finished_reconf: true
global_termination_time: 2587850.805
local_termination_time: 1383039.48048
node_cons: 53200.47154446657
tot_aggregated_send: 0
tot_msg_rcv: 27716
tot_msg_sent: 27326
tot_reconf_duration: 11.31
tot_sleeping_duration: 2548130.7806800096
tot_uptimes: 663
tot_uptimes_duration: 39720.02431999054
