comms_cons: 416.46455664355847
finished_reconf: true
global_termination_time: 981715.5770000004
local_termination_time: 439040.00672000105
node_cons: 59681.03555356601
tot_aggregated_send: 0
tot_msg_rcv: 25527
tot_msg_sent: 37774
tot_reconf_duration: 18.21
tot_sleeping_duration: 937162.6969599951
tot_uptimes: 732
tot_uptimes_duration: 44552.88004000527
