comms_cons: 171.30319993593235
finished_reconf: true
global_termination_time: 981715.5770000004
local_termination_time: 440141.9723600001
node_cons: 20251.57111335567
tot_aggregated_send: 0
tot_msg_rcv: 13286
tot_msg_sent: 12751
tot_reconf_duration: 22.65
tot_sleeping_duration: 966614.1487600037
tot_uptimes: 252
tot_uptimes_duration: 15101.42823999672
