comms_cons: 97.97744639689917
finished_reconf: true
global_termination_time: 987480.775
local_termination_time: 517080.3783600001
node_cons: 20249.821900000094
tot_aggregated_send: 13978
tot_msg_rcv: 333
tot_msg_sent: 581
tot_reconf_duration: 3.05
tot_sleeping_duration: 972360.775
tot_uptimes: 253
tot_uptimes_duration: 15120.0
