comms_cons: 97.43137279937999
finished_reconf: true
global_termination_time: 981745.032
local_termination_time: 499486.9875600007
node_cons: 20261.038980000027
tot_aggregated_send: 14094
tot_msg_rcv: 202
tot_msg_sent: 513
tot_reconf_duration: 11.31
tot_sleeping_duration: 966625.032
tot_uptimes: 252
tot_uptimes_duration: 15120.0
