comms_cons: 102.7617791903217
finished_reconf: true
global_termination_time: 985456.112
local_termination_time: 148060.4706000001
node_cons: 20249.927768953065
tot_aggregated_send: 12528
tot_msg_rcv: 1046
tot_msg_sent: 2047
tot_reconf_duration: 3.08
tot_sleeping_duration: 970336.0633600052
tot_uptimes: 253
tot_uptimes_duration: 15120.048639994813
