comms_cons: 101.09404799595214
finished_reconf: true
global_termination_time: 988541.034
local_termination_time: 223343.96972000058
node_cons: 20351.44716448117
tot_aggregated_send: 13340
tot_msg_rcv: 701
tot_msg_sent: 1324
tot_reconf_duration: 18.700000000000003
tot_sleeping_duration: 973361.0096799992
tot_uptimes: 254
tot_uptimes_duration: 15180.02432000084
