comms_cons: 114.42069759604003
finished_reconf: true
global_termination_time: 1162842.639
local_termination_time: 387729.535480001
node_cons: 23898.03868607652
tot_aggregated_send: 15486
tot_msg_rcv: 625
tot_msg_sent: 1281
tot_reconf_duration: 15.34
tot_sleeping_duration: 1145010.5202800026
tot_uptimes: 298
tot_uptimes_duration: 17832.11871999735
