comms_cons: 174.19327353365208
finished_reconf: true
global_termination_time: 1157837.866
local_termination_time: 204266.28036000006
node_cons: 23787.630928957693
tot_aggregated_send: 0
tot_msg_rcv: 13585
tot_msg_sent: 12890
tot_reconf_duration: 5.1
tot_sleeping_duration: 1140077.8173600016
tot_uptimes: 297
tot_uptimes_duration: 17760.048639998247
