comms_cons: 118.35883519160481
finished_reconf: true
global_termination_time: 1163292.647
local_termination_time: 395215.68892000074
node_cons: 23878.172245588805
tot_aggregated_send: 15660
tot_msg_rcv: 767
tot_msg_sent: 1562
tot_reconf_duration: 12.629999999999999
tot_sleeping_duration: 1145472.6166000084
tot_uptimes: 298
tot_uptimes_duration: 17820.030399991607
