comms_cons: 115.7676031925129
finished_reconf: true
global_termination_time: 1158383.78
local_termination_time: 192088.18384000057
node_cons: 23791.324688957666
tot_aggregated_send: 15370
tot_msg_rcv: 887
tot_msg_sent: 1339
tot_reconf_duration: 7.819999999999999
tot_sleeping_duration: 1140623.7313600017
tot_uptimes: 297
tot_uptimes_duration: 17760.048639998255
