comms_cons: 147.73061118924733
finished_reconf: true
global_termination_time: 1456222.661
local_termination_time: 657756.2345999979
node_cons: 29892.53117228982
tot_aggregated_send: 19662
tot_msg_rcv: 868
tot_msg_sent: 1925
tot_reconf_duration: 4.390000000000001
tot_sleeping_duration: 1433902.5941200228
tot_uptimes: 373
tot_uptimes_duration: 22320.066879977414
