comms_cons: 323.9735936049418
finished_reconf: true
global_termination_time: 3264245.756
local_termination_time: 434473.589
node_cons: 67173.06539086252
tot_aggregated_send: 45238
tot_msg_rcv: 1302
tot_msg_sent: 2703
tot_reconf_duration: 6.279999999999999
tot_sleeping_duration: 3214085.534080012
tot_uptimes: 836
tot_uptimes_duration: 50160.22191998805
