comms_cons: 323.88085760460285
finished_reconf: true
global_termination_time: 3267929.143
local_termination_time: 875498.4050799985
node_cons: 67171.84476558756
tot_aggregated_send: 45240
tot_msg_rcv: 1308
tot_msg_sent: 2680
tot_reconf_duration: 5.57
tot_sleeping_duration: 3217769.1126000085
tot_uptimes: 837
tot_uptimes_duration: 50160.03039999184
