comms_cons: 79.46357759818538
finished_reconf: true
global_termination_time: 770475.783
local_termination_time: 289197.8783600001
node_cons: 15837.615842242894
tot_aggregated_send: 10440
tot_msg_rcv: 655
tot_msg_sent: 983
tot_reconf_duration: 7.819999999999999
tot_sleeping_duration: 758655.7708399979
tot_uptimes: 198
tot_uptimes_duration: 11820.012160002138
