comms_cons: 0.6710784000000808
finished_reconf: true
global_termination_time: 5941.437
local_termination_time: 69.96603999999996
node_cons: 90.95956000000001
tot_aggregated_send: 0
tot_msg_rcv: 48
tot_msg_sent: 53
tot_reconf_duration: 7.819999999999999
tot_sleeping_duration: 5881.437
tot_uptimes: 2
tot_uptimes_duration: 60.00000000000001
