comms_cons: 144.05392642060295
finished_reconf: true
global_termination_time: 494394.699240001
local_termination_time: 494394.699240001
node_cons: 20186.78564436127
tot_aggregated_send: 0
tot_msg_rcv: 7365
tot_msg_sent: 14530
tot_reconf_duration: 24.59
tot_sleeping_duration: 479343.6220000001
tot_uptimes: 249
tot_uptimes_duration: 15051.077240000915
