comms_cons: 254.84476159374157
finished_reconf: true
global_termination_time: 2548658.056
local_termination_time: 751300.8497199988
node_cons: 52394.051379999175
tot_aggregated_send: 35960
tot_msg_rcv: 926
tot_msg_sent: 1848
tot_reconf_duration: 9.11
tot_sleeping_duration: 2509538.056
tot_uptimes: 653
tot_uptimes_duration: 39120.0
