comms_cons: 256.3768447851246
finished_reconf: true
global_termination_time: 2547795.051
local_termination_time: 992021.7880000001
node_cons: 52388.2933911676
tot_aggregated_send: 34330
tot_msg_rcv: 1468
tot_msg_sent: 3170
tot_reconf_duration: 4.8100000000000005
tot_sleeping_duration: 2508674.9902000236
tot_uptimes: 653
tot_uptimes_duration: 39120.060799976345
