comms_cons: 250.85246079398806
finished_reconf: true
global_termination_time: 2547045.032
local_termination_time: 1366395.6253600002
node_cons: 52396.55009999945
tot_aggregated_send: 36888
tot_msg_rcv: 407
tot_msg_sent: 833
tot_reconf_duration: 10.95
tot_sleeping_duration: 2507925.032
tot_uptimes: 653
tot_uptimes_duration: 39120.0
