comms_cons: 252.0754687984147
finished_reconf: true
global_termination_time: 2549379.848
local_termination_time: 1230345.9365199993
node_cons: 52397.84019999939
tot_aggregated_send: 36308
tot_msg_rcv: 681
tot_msg_sent: 1325
tot_reconf_duration: 11.899999999999999
tot_sleeping_duration: 2510259.848
tot_uptimes: 653
tot_uptimes_duration: 39120.0
