comms_cons: 253.0422655783284
finished_reconf: true
global_termination_time: 2548786.215
local_termination_time: 1092764.7223999982
node_cons: 52392.34026558346
tot_aggregated_send: 34510
tot_msg_rcv: 1333
tot_msg_sent: 2619
tot_reconf_duration: 7.819999999999999
tot_sleeping_duration: 2509666.184600012
tot_uptimes: 653
tot_uptimes_duration: 39120.03039998817
