comms_cons: 71.31194880051748
finished_reconf: true
global_termination_time: 712508.147
local_termination_time: 177862.95152000038
node_cons: 14646.61732112144
tot_aggregated_send: 9860
tot_msg_rcv: 299
tot_msg_sent: 680
tot_reconf_duration: 18.21
tot_sleeping_duration: 701588.140919999
tot_uptimes: 183
tot_uptimes_duration: 10920.006080001069
