comms_cons: 69.82504959968882
finished_reconf: true
global_termination_time: 711802.524
local_termination_time: 590009.1213599999
node_cons: 14629.44405999995
tot_aggregated_send: 10208
tot_msg_rcv: 116
tot_msg_sent: 289
tot_reconf_duration: 5.57
tot_sleeping_duration: 700882.524
tot_uptimes: 183
tot_uptimes_duration: 10920.0
