comms_cons: 462.20106245909164
finished_reconf: true
global_termination_time: 4664753.912
local_termination_time: 3158744.00936
node_cons: 95934.52080446592
tot_aggregated_send: 64844
tot_msg_rcv: 1826
tot_msg_sent: 3581
tot_reconf_duration: 6.279999999999999
tot_sleeping_duration: 4593113.887680008
tot_uptimes: 1195
tot_uptimes_duration: 71640.02431999124
