comms_cons: 463.85333768288274
finished_reconf: true
global_termination_time: 4666020.371
local_termination_time: 1251054.024639999
node_cons: 95933.37464558263
tot_aggregated_send: 64670
tot_msg_rcv: 1861
tot_msg_sent: 3972
tot_reconf_duration: 5.43
tot_sleeping_duration: 4594380.340600011
tot_uptimes: 1195
tot_uptimes_duration: 71640.0303999891
