comms_cons: 694.2542792920514
finished_reconf: true
global_termination_time: 3517228.952
local_termination_time: 1439594.1050399991
node_cons: 72336.7831233533
tot_aggregated_send: 0
tot_msg_rcv: 53336
tot_msg_sent: 52186
tot_reconf_duration: 22.65
tot_sleeping_duration: 3463228.9337600037
tot_uptimes: 901
tot_uptimes_duration: 54000.01823999634
