comms_cons: 347.28307200630735
finished_reconf: true
global_termination_time: 3516391.454
local_termination_time: 2415760.5679199984
node_cons: 72312.95022334928
tot_aggregated_send: 49068
tot_msg_rcv: 1217
tot_msg_sent: 2500
tot_reconf_duration: 5.1
tot_sleeping_duration: 3462391.435760007
tot_uptimes: 901
tot_uptimes_duration: 54000.01823999314
