comms_cons: 346.80279040560765
finished_reconf: true
global_termination_time: 3518061.999
local_termination_time: 2679709.814639998
node_cons: 72327.33776607277
tot_aggregated_send: 50866
tot_msg_rcv: 636
tot_msg_sent: 1210
tot_reconf_duration: 13.17
tot_sleeping_duration: 3464059.420280004
tot_uptimes: 901
tot_uptimes_duration: 54002.578719995916
