comms_cons: 355.0822848608937
finished_reconf: true
global_termination_time: 3514078.017
local_termination_time: 283164.17036
node_cons: 72231.6704666996
tot_aggregated_send: 48778
tot_msg_rcv: 1823
tot_msg_sent: 3370
tot_reconf_duration: 4.390000000000001
tot_sleeping_duration: 3460137.980520014
tot_uptimes: 900
tot_uptimes_duration: 53940.03647998604
