comms_cons: 66.03333759836651
finished_reconf: true
global_termination_time: 626718.789
local_termination_time: 105035.33835999998
node_cons: 12885.199405607182
tot_aggregated_send: 8004
tot_msg_rcv: 770
tot_msg_sent: 1264
tot_reconf_duration: 22.65
tot_sleeping_duration: 617118.7585999947
tot_uptimes: 161
tot_uptimes_duration: 9600.030400005344
