comms_cons: 64.25309440070117
finished_reconf: true
global_termination_time: 626268.902
local_termination_time: 381719.0616000001
node_cons: 12865.055123845792
tot_aggregated_send: 8526
tot_msg_rcv: 486
tot_msg_sent: 755
tot_reconf_duration: 7.819999999999999
tot_sleeping_duration: 616668.8754399957
tot_uptimes: 161
tot_uptimes_duration: 9600.026560004306
