comms_cons: 65.65446399854665
finished_reconf: true
global_termination_time: 626022.23
local_termination_time: 294021.11248
node_cons: 12862.92003008366
tot_aggregated_send: 8120
tot_msg_rcv: 694
tot_msg_sent: 1166
tot_reconf_duration: 6.22
tot_sleeping_duration: 616422.1752799973
tot_uptimes: 161
tot_uptimes_duration: 9600.05472000275
