comms_cons: 480.1894912355752
finished_reconf: true
global_termination_time: 4867295.497
local_termination_time: 2450509.6636
node_cons: 100124.50428446551
tot_aggregated_send: 68208
tot_msg_rcv: 1649
tot_msg_sent: 3129
tot_reconf_duration: 15.34
tot_sleeping_duration: 4792535.472680009
tot_uptimes: 1247
tot_uptimes_duration: 74760.02431999147
