comms_cons: 125.6771327938178
finished_reconf: true
global_termination_time: 1252072.967
local_termination_time: 670772.4705599995
node_cons: 25739.574982233735
tot_aggregated_send: 17400
tot_msg_rcv: 560
tot_msg_sent: 1143
tot_reconf_duration: 22.65
tot_sleeping_duration: 1232872.9548400047
tot_uptimes: 321
tot_uptimes_duration: 19200.01215999527
