comms_cons: 89.03631359978492
finished_reconf: true
global_termination_time: 924401.549
local_termination_time: 5511.717
node_cons: 18976.84834000003
tot_aggregated_send: 13037
tot_msg_rcv: 151
tot_msg_sent: 345
tot_reconf_duration: 12.23
tot_sleeping_duration: 910241.549
tot_uptimes: 237
tot_uptimes_duration: 14160.0
