comms_cons: 53.607321599897055
finished_reconf: true
global_termination_time: 545093.062
local_termination_time: 289172.68360000005
node_cons: 11174.185799999985
tot_aggregated_send: 7830
tot_msg_rcv: 90
tot_msg_sent: 228
tot_reconf_duration: 5.1
tot_sleeping_duration: 536753.062
tot_uptimes: 140
tot_uptimes_duration: 8340.0
