comms_cons: 271.48410881439946
finished_reconf: true
global_termination_time: 2810254.135
local_termination_time: 5697.485
node_cons: 57874.24143999896
tot_aggregated_send: 40347
tot_msg_rcv: 335
tot_msg_sent: 582
tot_reconf_duration: 21.68
tot_sleeping_duration: 2767054.135
tot_uptimes: 720
tot_uptimes_duration: 43200.0
