comms_cons: 282.50346880199413
finished_reconf: true
global_termination_time: 2808220.514
local_termination_time: 7121.352
node_cons: 57850.3840478217
tot_aggregated_send: 39262
tot_msg_rcv: 1199
tot_msg_sent: 2476
tot_reconf_duration: 4.07
tot_sleeping_duration: 2765020.471440013
tot_uptimes: 720
tot_uptimes_duration: 43200.04255998711
