comms_cons: 272.9752576353757
finished_reconf: true
global_termination_time: 2808713.186
local_termination_time: 7362.619
node_cons: 57855.08546446692
tot_aggregated_send: 38794
tot_msg_rcv: 976
tot_msg_sent: 1719
tot_reconf_duration: 7.55
tot_sleeping_duration: 2765513.161680009
tot_uptimes: 720
tot_uptimes_duration: 43200.024319991004
