comms_cons: 271.1546560190819
finished_reconf: true
global_termination_time: 2807911.131
local_termination_time: 5173.723999999999
node_cons: 57854.73238446662
tot_aggregated_send: 38504
tot_msg_rcv: 870
tot_msg_sent: 1840
tot_reconf_duration: 7.29
tot_sleeping_duration: 2764711.106680009
tot_uptimes: 720
tot_uptimes_duration: 43200.02431999077
