comms_cons: 270.94461442637726
finished_reconf: true
global_termination_time: 2811022.959
local_termination_time: 2041.6821200000002
node_cons: 57850.85938223295
tot_aggregated_send: 38686
tot_msg_rcv: 852
tot_msg_sent: 1644
tot_reconf_duration: 4.45
tot_sleeping_duration: 2767822.9468400045
tot_uptimes: 720
tot_uptimes_duration: 43200.0121599955
