comms_cons: 273.7901504473402
finished_reconf: true
global_termination_time: 2810893.849
local_termination_time: 3270.98624
node_cons: 57861.432763350094
tot_aggregated_send: 38686
tot_msg_rcv: 1064
tot_msg_sent: 1864
tot_reconf_duration: 12.23
tot_sleeping_duration: 2767693.830760007
tot_uptimes: 720
tot_uptimes_duration: 43200.01823999337
