comms_cons: 33.61971200010557
finished_reconf: true
global_termination_time: 345195.203
local_termination_time: 23546.131
node_cons: 7074.756573201451
tot_aggregated_send: 4986
tot_msg_rcv: 9
tot_msg_sent: 115
tot_reconf_duration: 3.05
tot_sleeping_duration: 339914.6841999989
tot_uptimes: 89
tot_uptimes_duration: 5280.518800001075
