comms_cons: 28.962265600366354
finished_reconf: true
global_termination_time: 284173.964
local_termination_time: 14194.103360000005
node_cons: 5803.312644161444
tot_aggregated_send: 3828
tot_msg_rcv: 229
tot_msg_sent: 346
tot_reconf_duration: 9.11
tot_sleeping_duration: 279849.13855999894
tot_uptimes: 73
tot_uptimes_duration: 4324.825440001074
