comms_cons: 29.448499199745143
finished_reconf: true
global_termination_time: 285742.928
local_termination_time: 91815.94935999998
node_cons: 5880.178980000022
tot_aggregated_send: 3944
tot_msg_rcv: 250
tot_msg_sent: 282
tot_reconf_duration: 11.31
tot_sleeping_duration: 281362.928
tot_uptimes: 74
tot_uptimes_duration: 4380.0
