comms_cons: 211.06073598857733
finished_reconf: true
global_termination_time: 2112189.131
local_termination_time: 650932.0613599998
node_cons: 43404.119379999574
tot_aggregated_send: 29754
tot_msg_rcv: 823
tot_msg_sent: 1503
tot_reconf_duration: 15.110000000000001
tot_sleeping_duration: 2079789.131
tot_uptimes: 541
tot_uptimes_duration: 32400.0
