comms_cons: 650.2479239092271
finished_reconf: true
global_termination_time: 3310924.709
local_termination_time: 2650.9573600000003
node_cons: 68072.73360334965
tot_aggregated_send: 0
tot_msg_rcv: 49708
tot_msg_sent: 49123
tot_reconf_duration: 18.21
tot_sleeping_duration: 3260104.690760006
tot_uptimes: 848
tot_uptimes_duration: 50820.01823999337
