comms_cons: 84.78608640062771
finished_reconf: true
global_termination_time: 856261.9442400001
local_termination_time: 144823.98404000074
node_cons: 17641.42954152823
tot_aggregated_send: 11600
tot_msg_rcv: 372
tot_msg_sent: 916
tot_reconf_duration: 18.21
tot_sleeping_duration: 843105.334559994
tot_uptimes: 220
tot_uptimes_duration: 13156.609680006135
