comms_cons: 83.08063999954868
finished_reconf: true
global_termination_time: 861580.564
local_termination_time: 185816.83236000006
node_cons: 17680.802325607197
tot_aggregated_send: 11136
tot_msg_rcv: 457
tot_msg_sent: 1034
tot_reconf_duration: 4.390000000000001
tot_sleeping_duration: 848380.5335999947
tot_uptimes: 221
tot_uptimes_duration: 13200.030400005344
