comms_cons: 80.67863680047508
finished_reconf: true
global_termination_time: 857876.371
local_termination_time: 313385.9623600001
node_cons: 17598.61004112152
tot_aggregated_send: 11252
tot_msg_rcv: 250
tot_msg_sent: 761
tot_reconf_duration: 3.05
tot_sleeping_duration: 844736.364919999
tot_uptimes: 220
tot_uptimes_duration: 13140.006080001069
