comms_cons: 330.00083840858605
finished_reconf: true
global_termination_time: 3340304.994
local_termination_time: 1035861.1110399994
node_cons: 68699.22823999853
tot_aggregated_send: 47908
tot_msg_rcv: 729
tot_msg_sent: 1521
tot_reconf_duration: 6.279999999999999
tot_sleeping_duration: 3289004.994
tot_uptimes: 856
tot_uptimes_duration: 51300.0
