comms_cons: 331.85547520440804
finished_reconf: true
global_termination_time: 3341297.796
local_termination_time: 697631.0392399979
node_cons: 68698.19209335554
tot_aggregated_send: 47792
tot_msg_rcv: 1008
tot_msg_sent: 1641
tot_reconf_duration: 5.43
tot_sleeping_duration: 3289997.7077600025
tot_uptimes: 856
tot_uptimes_duration: 51300.08823999786
