comms_cons: 494.298604845729
finished_reconf: true
global_termination_time: 5085623.704
local_termination_time: 1801816.811879998
node_cons: 104610.08650446513
tot_aggregated_send: 70586
tot_msg_rcv: 1465
tot_msg_sent: 3080
tot_reconf_duration: 5.43
tot_sleeping_duration: 5007503.679680009
tot_uptimes: 1303
tot_uptimes_duration: 78120.02431999124
