comms_cons: 9.947750400002286
finished_reconf: true
global_termination_time: 3018.0408000000007
local_termination_time: 3017.999680000001
node_cons: 1158.6684672000015
tot_aggregated_send: 0
tot_msg_rcv: 686
tot_msg_sent: 824
tot_reconf_duration: 24.59
tot_sleeping_duration: 2177.656
tot_uptimes: 13
tot_uptimes_duration: 840.3848000000004
