comms_cons: 0.6710784000001059
finished_reconf: true
global_termination_time: 4110.969
local_termination_time: 93.17904000000019
node_cons: 87.26579999999998
tot_aggregated_send: 0
tot_msg_rcv: 47
tot_msg_sent: 55
tot_reconf_duration: 5.1
tot_sleeping_duration: 4050.969
tot_uptimes: 2
tot_uptimes_duration: 60.0
