comms_cons: 48.83740160045446
finished_reconf: true
global_termination_time: 484392.435
local_termination_time: 68151.13291999984
node_cons: 9982.991720000029
tot_aggregated_send: 6786
tot_msg_rcv: 245
tot_msg_sent: 392
tot_reconf_duration: 15.34
tot_sleeping_duration: 476952.435
tot_uptimes: 125
tot_uptimes_duration: 7440.0
