comms_cons: 243.38559998769367
finished_reconf: true
global_termination_time: 2465891.043
local_termination_time: 901399.2913599999
node_cons: 50700.517902232954
tot_aggregated_send: 34510
tot_msg_rcv: 798
tot_msg_sent: 1687
tot_reconf_duration: 4.390000000000001
tot_sleeping_duration: 2428031.030840005
tot_uptimes: 632
tot_uptimes_duration: 37860.01215999527
