comms_cons: 239.7394687905181
finished_reconf: true
global_termination_time: 2467079.859
local_termination_time: 1070798.496119999
node_cons: 50705.17584223303
tot_aggregated_send: 34452
tot_msg_rcv: 594
tot_msg_sent: 1393
tot_reconf_duration: 7.819999999999999
tot_sleeping_duration: 2429219.846840005
tot_uptimes: 632
tot_uptimes_duration: 37860.01215999527
