comms_cons: 226.66001918716805
finished_reconf: true
global_termination_time: 2307537.561
local_termination_time: 1382684.47336
node_cons: 47421.45614335002
tot_aggregated_send: 31842
tot_msg_rcv: 875
tot_msg_sent: 1734
tot_reconf_duration: 15.34
tot_sleeping_duration: 2272137.542760007
tot_uptimes: 591
tot_uptimes_duration: 35400.0182399929
