comms_cons: 224.64678399007528
finished_reconf: true
global_termination_time: 2305880.128
local_termination_time: 1077866.3864799999
node_cons: 47409.07118334987
tot_aggregated_send: 32306
tot_msg_rcv: 568
tot_msg_sent: 1271
tot_reconf_duration: 6.22
tot_sleeping_duration: 2270480.1097600074
tot_uptimes: 591
tot_uptimes_duration: 35400.0182399929
