comms_cons: 47.81907840059491
finished_reconf: true
global_termination_time: 462153.76
local_termination_time: 64145.399200000036
node_cons: 9487.510222240595
tot_aggregated_send: 6090
tot_msg_rcv: 479
tot_msg_sent: 700
tot_reconf_duration: 5.43
tot_sleeping_duration: 455073.7478399996
tot_uptimes: 119
tot_uptimes_duration: 7080.012160000435
