comms_cons: 79.54252799648435
finished_reconf: true
global_termination_time: 764743.123
local_termination_time: 61605.69152000007
node_cons: 15697.083123364308
tot_aggregated_send: 9860
tot_msg_rcv: 794
tot_msg_sent: 1436
tot_reconf_duration: 22.65
tot_sleeping_duration: 753043.1047599969
tot_uptimes: 196
tot_uptimes_duration: 11700.018240003206
