comms_cons: 75.88296319918318
finished_reconf: true
global_termination_time: 764983.59
local_termination_time: 127328.9343199996
node_cons: 15670.441900000007
tot_aggregated_send: 10846
tot_msg_rcv: 225
tot_msg_sent: 462
tot_reconf_duration: 3.05
tot_sleeping_duration: 753283.59
tot_uptimes: 196
tot_uptimes_duration: 11700.0
