comms_cons: 150.40709116050897
finished_reconf: true
global_termination_time: 765040.254
local_termination_time: 153859.43460000004
node_cons: 15676.927701121424
tot_aggregated_send: 0
tot_msg_rcv: 11554
tot_msg_sent: 11307
tot_reconf_duration: 7.819999999999999
tot_sleeping_duration: 753340.247919999
tot_uptimes: 196
tot_uptimes_duration: 11700.006080001069
