comms_cons: 221.83088634124553
finished_reconf: true
global_termination_time: 763457.505
local_termination_time: 153863.89348000006
node_cons: 31078.24554900002
tot_aggregated_send: 0
tot_msg_rcv: 11307
tot_msg_sent: 22410
tot_reconf_duration: 11.31
tot_sleeping_duration: 740258.9340000001
tot_uptimes: 385
tot_uptimes_duration: 23198.57099999998
