comms_cons: 696.3806267119168
finished_reconf: true
global_termination_time: 1438366.8055999998
local_termination_time: 1438366.76448
node_cons: 87508.19900671359
tot_aggregated_send: 0
tot_msg_rcv: 42746
tot_msg_sent: 63101
tot_reconf_duration: 37.410000000000004
tot_sleeping_duration: 1373051.3491200032
tot_uptimes: 1070
tot_uptimes_duration: 65315.456479996814
