comms_cons: 286.3721022004739
finished_reconf: true
global_termination_time: 1438367.4056
local_termination_time: 2880.9153600000004
node_cons: 29610.459175114695
tot_aggregated_send: 0
tot_msg_rcv: 22173
tot_msg_sent: 21351
tot_reconf_duration: 18.21
tot_sleeping_duration: 1416272.013520004
tot_uptimes: 369
tot_uptimes_duration: 22095.392079996003
