comms_cons: 143.33445119445284
finished_reconf: true
global_termination_time: 1439570.425
local_termination_time: 575071.7939999991
node_cons: 29583.004860000103
tot_aggregated_send: 20532
tot_msg_rcv: 454
tot_msg_sent: 800
tot_reconf_duration: 13.17
tot_sleeping_duration: 1417490.425
tot_uptimes: 369
tot_uptimes_duration: 22080.0
