comms_cons: 142.86074879529016
finished_reconf: true
global_termination_time: 1442828.974
local_termination_time: 916523.83436
node_cons: 29658.252360000104
tot_aggregated_send: 20822
tot_msg_rcv: 320
tot_msg_sent: 572
tot_reconf_duration: 9.42
tot_sleeping_duration: 1420688.974
tot_uptimes: 370
tot_uptimes_duration: 22140.0
