comms_cons: 143.33347839425684
finished_reconf: true
global_termination_time: 1440609.694
local_termination_time: 629009.1261999985
node_cons: 29579.99009999998
tot_aggregated_send: 20358
tot_msg_rcv: 451
tot_msg_sent: 976
tot_reconf_duration: 10.95
tot_sleeping_duration: 1418529.694
tot_uptimes: 369
tot_uptimes_duration: 22080.0
