comms_cons: 149.23662078444843
finished_reconf: true
global_termination_time: 1438367.1485999988
local_termination_time: 4822.634599999999
node_cons: 29628.262811585297
tot_aggregated_send: 18734
tot_msg_rcv: 1299
tot_msg_sent: 2650
tot_reconf_duration: 4.390000000000001
tot_sleeping_duration: 1416244.4442000098
tot_uptimes: 369
tot_uptimes_duration: 22122.704399988987
