comms_cons: 670.9683265366385
finished_reconf: true
global_termination_time: 6726520.538
local_termination_time: 2680562.6673600003
node_cons: 138354.07336893235
tot_aggregated_send: 93206
tot_msg_rcv: 3085
tot_msg_sent: 5692
tot_reconf_duration: 6.279999999999999
tot_sleeping_duration: 6623200.489360017
tot_uptimes: 1723
tot_uptimes_duration: 103320.04863998247
