comms_cons: 676.0122050007552
finished_reconf: true
global_termination_time: 6723567.097
local_termination_time: 957244.1386399982
node_cons: 138273.70887675122
tot_aggregated_send: 92162
tot_msg_rcv: 3555
tot_msg_sent: 7033
tot_reconf_duration: 6.22
tot_sleeping_duration: 6620307.005800033
tot_uptimes: 1722
tot_uptimes_duration: 103260.09119996685
