comms_cons: 666.2626881300524
finished_reconf: true
global_termination_time: 6726969.542
local_termination_time: 1615961.2866799983
node_cons: 138352.94349228297
tot_aggregated_send: 93264
tot_msg_rcv: 2479
tot_msg_sent: 5523
tot_reconf_duration: 5.43
tot_sleeping_duration: 6623649.475120025
tot_uptimes: 1723
tot_uptimes_duration: 103320.06687997578
