comms_cons: 0.7829248000017457
finished_reconf: true
global_termination_time: 4613.738
local_termination_time: 1129.0823600000003
node_cons: 84.48190000000025
tot_aggregated_send: 0
tot_msg_rcv: 63
tot_msg_sent: 56
tot_reconf_duration: 3.05
tot_sleeping_duration: 4553.738
tot_uptimes: 2
tot_uptimes_duration: 60.0
