comms_cons: 138.79262721348493
finished_reconf: true
global_termination_time: 287627.9305600007
local_termination_time: 287627.8894400007
node_cons: 17443.470295559815
tot_aggregated_send: 0
tot_msg_rcv: 8539
tot_msg_sent: 12554
tot_reconf_duration: 24.59
tot_sleeping_duration: 274625.6325200009
tot_uptimes: 211
tot_uptimes_duration: 13002.298039999834
