comms_cons: 28.983142400490777
finished_reconf: true
global_termination_time: 290171.341
local_termination_time: 146255.413
node_cons: 5963.223652882835
tot_aggregated_send: 4051
tot_msg_rcv: 122
tot_msg_sent: 232
tot_reconf_duration: 11.31
tot_sleeping_duration: 285729.32107999787
tot_uptimes: 75
tot_uptimes_duration: 4442.019920002116
