comms_cons: 25.363443199990567
finished_reconf: true
global_termination_time: 254522.571
local_termination_time: 55685.98104000016
node_cons: 5249.985256560211
tot_aggregated_send: 3654
tot_msg_rcv: 99
tot_msg_sent: 102
tot_reconf_duration: 18.21
tot_sleeping_duration: 250620.21395999985
tot_uptimes: 66
tot_uptimes_duration: 3902.3570400001554
