comms_cons: 48.32997120028233
finished_reconf: true
global_termination_time: 491669.124
local_termination_time: 188564.7612800008
node_cons: 10051.02824000001
tot_aggregated_send: 7076
tot_msg_rcv: 100
tot_msg_sent: 169
tot_reconf_duration: 6.279999999999999
tot_sleeping_duration: 484169.124
tot_uptimes: 126
tot_uptimes_duration: 7500.0
