comms_cons: 48.71897600007813
finished_reconf: true
global_termination_time: 489871.755
local_termination_time: 55203.64648000002
node_cons: 10050.064060000013
tot_aggregated_send: 7076
tot_msg_rcv: 159
tot_msg_sent: 170
tot_reconf_duration: 5.57
tot_sleeping_duration: 482371.755
tot_uptimes: 126
tot_uptimes_duration: 7500.0
