comms_cons: 48.06008320024041
finished_reconf: true
global_termination_time: 489996.56
local_termination_time: 170228.2464800001
node_cons: 10063.027521121465
tot_aggregated_send: 7018
tot_msg_rcv: 68
tot_msg_sent: 218
tot_reconf_duration: 15.110000000000001
tot_sleeping_duration: 482496.5539199989
tot_uptimes: 126
tot_uptimes_duration: 7500.006080001069
