comms_cons: 49.42952960033027
finished_reconf: true
global_termination_time: 495343.944
local_termination_time: 11932.915599999998
node_cons: 10130.21394000001
tot_aggregated_send: 6960
tot_msg_rcv: 210
tot_msg_sent: 343
tot_reconf_duration: 5.43
tot_sleeping_duration: 487783.944
tot_uptimes: 127
tot_uptimes_duration: 7560.0
