comms_cons: 395.8267008267591
finished_reconf: true
global_termination_time: 3974951.788
local_termination_time: 1492551.3510399985
node_cons: 81726.64428446631
tot_aggregated_send: 55622
tot_msg_rcv: 1519
tot_msg_sent: 3022
tot_reconf_duration: 15.34
tot_sleeping_duration: 3913931.7636800087
tot_uptimes: 1018
tot_uptimes_duration: 61020.02431999124
