comms_cons: 395.2286080220866
finished_reconf: true
global_termination_time: 3969234.66
local_termination_time: 3172537.153439998
node_cons: 81665.42602038944
tot_aggregated_send: 55274
tot_msg_rcv: 1568
tot_msg_sent: 3230
tot_reconf_duration: 25.299999999999997
tot_sleeping_duration: 3908270.456400006
tot_uptimes: 1017
tot_uptimes_duration: 60964.20359999384
