comms_cons: 57.60810240561627
finished_reconf: true
global_termination_time: 295123.199
local_termination_time: 2113.55936
node_cons: 6031.4779022428675
tot_aggregated_send: 0
tot_msg_rcv: 4407
tot_msg_sent: 4350
tot_reconf_duration: 4.390000000000001
tot_sleeping_duration: 290623.1868399979
tot_uptimes: 76
tot_uptimes_duration: 4500.0121600021375
