comms_cons: 57.303859205682826
finished_reconf: true
global_termination_time: 293708.423
local_termination_time: 2007.3733600000003
node_cons: 6033.946760000006
tot_aggregated_send: 0
tot_msg_rcv: 4362
tot_msg_sent: 4347
tot_reconf_duration: 6.22
tot_sleeping_duration: 289208.423
tot_uptimes: 76
tot_uptimes_duration: 4500.0
