comms_cons: 28.66557440009317
finished_reconf: true
global_termination_time: 294894.359
local_termination_time: 291900.4705600007
node_cons: 6040.858980000004
tot_aggregated_send: 4292
tot_msg_rcv: 23
tot_msg_sent: 42
tot_reconf_duration: 11.31
tot_sleeping_duration: 290394.359
tot_uptimes: 76
tot_uptimes_duration: 4500.0
