comms_cons: 2330.779751155506
finished_reconf: true
global_termination_time: 7994364.6306
local_termination_time: 7994364.58948
node_cons: 326417.38216041005
tot_aggregated_send: 0
tot_msg_rcv: 118724
tot_msg_sent: 235543
tot_reconf_duration: 37.410000000000004
tot_sleeping_duration: 7750625.586999999
tot_uptimes: 4036
tot_uptimes_duration: 243739.04359999992
