comms_cons: 1572.7358256284342
finished_reconf: true
global_termination_time: 7994365.230599998
local_termination_time: 3604.34148
node_cons: 164501.31103398078
tot_aggregated_send: 0
tot_msg_rcv: 120313
tot_msg_sent: 118731
tot_reconf_duration: 18.21
tot_sleeping_duration: 7871529.844600008
tot_uptimes: 2048
tot_uptimes_duration: 122835.38599998987
