comms_cons: 784.5082880716627
finished_reconf: true
global_termination_time: 7996242.922
local_termination_time: 6069803.051359999
node_cons: 164472.1401999936
tot_aggregated_send: 115130
tot_msg_rcv: 1377
tot_msg_sent: 2733
tot_reconf_duration: 11.899999999999999
tot_sleeping_duration: 7873422.922
tot_uptimes: 2048
tot_uptimes_duration: 122820.0
