comms_cons: 148.32806399586426
finished_reconf: true
global_termination_time: 1500464.654
local_termination_time: 1166122.4371199978
node_cons: 30877.527564793956
tot_aggregated_send: 21808
tot_msg_rcv: 279
tot_msg_sent: 458
tot_reconf_duration: 13.17
tot_sleeping_duration: 1477417.8708000046
tot_uptimes: 385
tot_uptimes_duration: 23046.783199995523
