comms_cons: 154.2302335808
finished_reconf: true
global_termination_time: 1499057.313
local_termination_time: 780295.8008799991
node_cons: 30774.39446446744
tot_aggregated_send: 19778
tot_msg_rcv: 1221
tot_msg_sent: 2444
tot_reconf_duration: 3.05
tot_sleeping_duration: 1476077.2886800095
tot_uptimes: 384
tot_uptimes_duration: 22980.024319990538
