comms_cons: 135.82225279663137
finished_reconf: true
global_termination_time: 592202.1451199979
local_termination_time: 592202.1451199979
node_cons: 12265.544698109725
tot_aggregated_send: 0
tot_msg_rcv: 11755
tot_msg_sent: 8899
tot_reconf_duration: 37.410000000000004
tot_sleeping_duration: 583079.8583999757
tot_uptimes: 152
tot_uptimes_duration: 9122.286720022188
