comms_cons: 58.995686398918515
finished_reconf: true
global_termination_time: 595488.033
local_termination_time: 71152.55335999998
node_cons: 12236.409180000026
tot_aggregated_send: 8526
tot_msg_rcv: 168
tot_msg_sent: 273
tot_reconf_duration: 18.21
tot_sleeping_duration: 586368.033
tot_uptimes: 153
tot_uptimes_duration: 9120.0
