comms_cons: 57.7127424000287
finished_reconf: true
global_termination_time: 592203.0734799999
local_termination_time: 191537.66852000085
node_cons: 12168.959494001065
tot_aggregated_send: 8700
tot_msg_rcv: 22
tot_msg_sent: 50
tot_reconf_duration: 12.629999999999999
tot_sleeping_duration: 583127.7874799991
tot_uptimes: 152
tot_uptimes_duration: 9075.286000000779
