comms_cons: 39.46862080062183
finished_reconf: true
global_termination_time: 397748.835
local_termination_time: 146669.17636000004
node_cons: 8124.97584224288
tot_aggregated_send: 5510
tot_msg_rcv: 146
tot_msg_sent: 343
tot_reconf_duration: 7.819999999999999
tot_sleeping_duration: 391688.8228399978
tot_uptimes: 102
tot_uptimes_duration: 6060.012160002167
