comms_cons: 23.225830399854996
finished_reconf: true
global_termination_time: 232983.071
local_termination_time: 103905.13835999997
node_cons: 4748.596381119134
tot_aggregated_send: 3190
tot_msg_rcv: 111
tot_msg_sent: 229
tot_reconf_duration: 6.279999999999999
tot_sleeping_duration: 229443.06492000064
tot_uptimes: 60
tot_uptimes_duration: 3540.0060799993516
