comms_cons: 157.44088315015833
finished_reconf: true
global_termination_time: 797571.631
local_termination_time: 233668.14660000007
node_cons: 16420.151264476543
tot_aggregated_send: 0
tot_msg_rcv: 12112
tot_msg_sent: 11818
tot_reconf_duration: 22.65
tot_sleeping_duration: 785331.6066800026
tot_uptimes: 205
tot_uptimes_duration: 12240.024319997407
