comms_cons: 82.60481279656938
finished_reconf: true
global_termination_time: 796865.29324
local_termination_time: 286359.02796000015
node_cons: 16423.81140607485
tot_aggregated_send: 10324
tot_msg_rcv: 832
tot_msg_sent: 1398
tot_reconf_duration: 11.31
tot_sleeping_duration: 784611.0345200038
tot_uptimes: 205
tot_uptimes_duration: 12254.258719996142
