comms_cons: 285.51682561585864
finished_reconf: true
global_termination_time: 2846379.854
local_termination_time: 940543.9243599998
node_cons: 58508.38428447081
tot_aggregated_send: 39092
tot_msg_rcv: 1514
tot_msg_sent: 2791
tot_reconf_duration: 15.34
tot_sleeping_duration: 2802699.829680006
tot_uptimes: 729
tot_uptimes_duration: 43680.02431999397
