comms_cons: 282.3397888087287
finished_reconf: true
global_termination_time: 2850344.692
local_termination_time: 2176396.47136
node_cons: 58585.744859998835
tot_aggregated_send: 41064
tot_msg_rcv: 644
tot_msg_sent: 1206
tot_reconf_duration: 13.17
tot_sleeping_duration: 2806604.692
tot_uptimes: 730
tot_uptimes_duration: 43740.0
