comms_cons: 285.22147838473177
finished_reconf: true
global_termination_time: 2869046.915
local_termination_time: 813292.2133599999
node_cons: 58975.5623255831
tot_aggregated_send: 39614
tot_msg_rcv: 1214
tot_msg_sent: 2524
tot_reconf_duration: 4.390000000000001
tot_sleeping_duration: 2825006.884600012
tot_uptimes: 735
tot_uptimes_duration: 44040.03039998817
