comms_cons: 278.8822911861012
finished_reconf: true
global_termination_time: 2869367.703
local_termination_time: 1164204.0037199988
node_cons: 58980.19584223267
tot_aggregated_send: 39498
tot_msg_rcv: 975
tot_msg_sent: 1914
tot_reconf_duration: 7.819999999999999
tot_sleeping_duration: 2825327.690840005
tot_uptimes: 735
tot_uptimes_duration: 44040.01215999527
