comms_cons: 90.74753279701707
finished_reconf: true
global_termination_time: 896529.9071200003
local_termination_time: 12504.14408
node_cons: 18488.203343035606
tot_aggregated_send: 12354
tot_msg_rcv: 559
tot_msg_sent: 880
tot_reconf_duration: 22.65
tot_sleeping_duration: 882745.4077600037
tot_uptimes: 230
tot_uptimes_duration: 13784.499359996698
