comms_cons: 58.88384000050656
finished_reconf: true
global_termination_time: 575319.306
local_termination_time: 92622.46399999972
node_cons: 11817.58476560716
tot_aggregated_send: 7830
tot_msg_rcv: 422
tot_msg_sent: 698
tot_reconf_duration: 5.57
tot_sleeping_duration: 566499.2755999946
tot_uptimes: 148
tot_uptimes_duration: 8820.030400005344
