comms_cons: 59.963455999517976
finished_reconf: true
global_termination_time: 576902.32
local_termination_time: 371522.1354800005
node_cons: 11827.889283359687
tot_aggregated_send: 7482
tot_msg_rcv: 594
tot_msg_sent: 1038
tot_reconf_duration: 13.17
tot_sleeping_duration: 568082.3017600002
tot_uptimes: 148
tot_uptimes_duration: 8820.018239999772
