comms_cons: 60.17580800014931
finished_reconf: true
global_termination_time: 577333.881
local_termination_time: 381868.9769600002
node_cons: 11814.19520448576
tot_aggregated_send: 7424
tot_msg_rcv: 614
tot_msg_sent: 1108
tot_reconf_duration: 3.08
tot_sleeping_duration: 568513.8566799958
tot_uptimes: 148
tot_uptimes_duration: 8820.024320004275
