comms_cons: 197.09253759192757
finished_reconf: true
global_termination_time: 1986403.048
local_termination_time: 540586.5973599999
node_cons: 40823.71436111649
tot_aggregated_send: 28536
tot_msg_rcv: 498
tot_msg_sent: 922
tot_reconf_duration: 8.09
tot_sleeping_duration: 1955923.0419200023
tot_uptimes: 509
tot_uptimes_duration: 30480.006079997635
