comms_cons: 196.52070399159976
finished_reconf: true
global_termination_time: 1986400.724
local_termination_time: 1647311.2532799984
node_cons: 40827.59009999996
tot_aggregated_send: 28710
tot_msg_rcv: 472
tot_msg_sent: 688
tot_reconf_duration: 10.95
tot_sleeping_duration: 1955920.724
tot_uptimes: 509
tot_uptimes_duration: 30480.0
