comms_cons: 196.12595199415938
finished_reconf: true
global_termination_time: 1990464.216
local_termination_time: 1759051.09336
node_cons: 40909.220199999894
tot_aggregated_send: 28768
tot_msg_rcv: 353
tot_msg_sent: 689
tot_reconf_duration: 11.899999999999999
tot_sleeping_duration: 1959924.216
tot_uptimes: 510
tot_uptimes_duration: 30540.0
