comms_cons: 493.00186889169373
finished_reconf: true
global_termination_time: 4902310.826
local_termination_time: 238279.44672000056
node_cons: 100835.34221563433
tot_aggregated_send: 67976
tot_msg_rcv: 2409
tot_msg_sent: 4547
tot_reconf_duration: 6.279999999999999
tot_sleeping_duration: 4827010.740880032
tot_uptimes: 1256
tot_uptimes_duration: 75300.08511996805
