comms_cons: 493.65750407769
finished_reconf: true
global_termination_time: 4903177.137
local_termination_time: 881159.6103599998
node_cons: 100839.14465004952
tot_aggregated_send: 68034
tot_msg_rcv: 2236
tot_msg_sent: 4763
tot_reconf_duration: 9.11
tot_sleeping_duration: 4827877.082280021
tot_uptimes: 1256
tot_uptimes_duration: 75300.05471997941
