comms_cons: 493.29428488799033
finished_reconf: true
global_termination_time: 4905700.882
local_termination_time: 2928413.34636
node_cons: 100913.60454446544
tot_aggregated_send: 68904
tot_msg_rcv: 2127
tot_msg_sent: 3947
tot_reconf_duration: 4.8100000000000005
tot_sleeping_duration: 4830340.85768001
tot_uptimes: 1257
tot_uptimes_duration: 75360.02431999124
