comms_cons: 495.61413130927895
finished_reconf: true
global_termination_time: 4906386.613
local_termination_time: 1624188.0846799996
node_cons: 100932.48344669899
tot_aggregated_send: 68324
tot_msg_rcv: 2490
tot_msg_sent: 4515
tot_reconf_duration: 18.700000000000003
tot_sleeping_duration: 4831026.576520014
tot_uptimes: 1257
tot_uptimes_duration: 75360.03647998627
