comms_cons: 42.59436800048384
finished_reconf: true
global_termination_time: 427575.947
local_termination_time: 63310.505000000005
node_cons: 8782.301642080285
tot_aggregated_send: 5842
tot_msg_rcv: 167
tot_msg_sent: 466
tot_reconf_duration: 18.21
tot_sleeping_duration: 421035.56427999976
tot_uptimes: 110
tot_uptimes_duration: 6540.382720000205
