comms_cons: 43.600985601000694
finished_reconf: true
global_termination_time: 428821.437
local_termination_time: 137645.06948000006
node_cons: 8787.851264485726
tot_aggregated_send: 5684
tot_msg_rcv: 322
tot_msg_sent: 621
tot_reconf_duration: 22.65
tot_sleeping_duration: 422281.4126799957
tot_uptimes: 110
tot_uptimes_duration: 6540.024320004275
