comms_cons: 65.64506880556121
finished_reconf: true
global_termination_time: 275190.9206000002
local_termination_time: 2693.9727199999998
node_cons: 5669.196162974295
tot_aggregated_send: 0
tot_msg_rcv: 5856
tot_msg_sent: 4119
tot_reconf_duration: 18.21
tot_sleeping_duration: 270975.4859599895
tot_uptimes: 71
tot_uptimes_duration: 4215.434640010673
