comms_cons: 28.5800448005772
finished_reconf: true
global_termination_time: 278325.336
local_termination_time: 32310.29848
node_cons: 5715.126220000006
tot_aggregated_send: 3770
tot_msg_rcv: 233
tot_msg_sent: 341
tot_reconf_duration: 8.09
tot_sleeping_duration: 274065.336
tot_uptimes: 72
tot_uptimes_duration: 4260.0
