comms_cons: 29.68002560027647
finished_reconf: true
global_termination_time: 277770.152
local_termination_time: 2711.286160000003
node_cons: 5724.675662240587
tot_aggregated_send: 3596
tot_msg_rcv: 400
tot_msg_sent: 517
tot_reconf_duration: 15.110000000000001
tot_sleeping_duration: 273510.1398399996
tot_uptimes: 72
tot_uptimes_duration: 4260.012160000435
