comms_cons: 29.446182400302334
finished_reconf: true
global_termination_time: 280266.086
local_termination_time: 62521.957360000015
node_cons: 5721.307822240595
tot_aggregated_send: 3480
tot_msg_rcv: 371
tot_msg_sent: 625
tot_reconf_duration: 12.629999999999999
tot_sleeping_duration: 276006.07383999956
tot_uptimes: 72
tot_uptimes_duration: 4260.012160000435
