comms_cons: 27.38263040026692
finished_reconf: true
global_termination_time: 276703.26
local_termination_time: 103673.88659999994
node_cons: 5632.254901121399
tot_aggregated_send: 3828
tot_msg_rcv: 106
tot_msg_sent: 228
tot_reconf_duration: 6.22
tot_sleeping_duration: 272503.25391999894
tot_uptimes: 71
tot_uptimes_duration: 4200.00608000104
