comms_cons: 104.78033919632436
finished_reconf: true
global_termination_time: 1056978.31
local_termination_time: 319127.07460000005
node_cons: 21700.246759999995
tot_aggregated_send: 15080
tot_msg_rcv: 271
tot_msg_sent: 575
tot_reconf_duration: 6.22
tot_sleeping_duration: 1040778.31
tot_uptimes: 271
tot_uptimes_duration: 16200.0
