comms_cons: 333.928550433007
finished_reconf: true
global_termination_time: 3337416.084
local_termination_time: 1729208.1973599999
node_cons: 68631.23242558373
tot_aggregated_send: 45820
tot_msg_rcv: 1579
tot_msg_sent: 3357
tot_reconf_duration: 15.34
tot_sleeping_duration: 3286176.053600011
tot_uptimes: 855
tot_uptimes_duration: 51240.03039998887
