comms_cons: 329.98635521590677
finished_reconf: true
global_termination_time: 3336599.665
local_termination_time: 2369181.43036
node_cons: 68614.55892223227
tot_aggregated_send: 46690
tot_msg_rcv: 1167
tot_msg_sent: 2299
tot_reconf_duration: 3.08
tot_sleeping_duration: 3285359.652840005
tot_uptimes: 855
tot_uptimes_duration: 51240.01215999527
