comms_cons: 655.6977927343785
finished_reconf: true
global_termination_time: 3336190.379
local_termination_time: 2510.2114800000004
node_cons: 68626.56090558298
tot_aggregated_send: 0
tot_msg_rcv: 50122
tot_msg_sent: 49537
tot_reconf_duration: 11.899999999999999
tot_sleeping_duration: 3284950.348600012
tot_uptimes: 855
tot_uptimes_duration: 51240.030399988405
