comms_cons: 336.24294404375945
finished_reconf: true
global_termination_time: 3336410.816
local_termination_time: 778077.4865199982
node_cons: 68614.59145228562
tot_aggregated_send: 46458
tot_msg_rcv: 1563
tot_msg_sent: 3086
tot_reconf_duration: 3.05
tot_sleeping_duration: 3285170.749120025
tot_uptimes: 855
tot_uptimes_duration: 51240.06687997538
