comms_cons: 335.6485696339753
finished_reconf: true
global_termination_time: 3337370.272
local_termination_time: 903342.17736
node_cons: 68621.06097117277
tot_aggregated_send: 46226
tot_msg_rcv: 1479
tot_msg_sent: 3311
tot_reconf_duration: 7.819999999999999
tot_sleeping_duration: 3286130.211200019
tot_uptimes: 855
tot_uptimes_duration: 51240.06079998071
