comms_cons: 344.95270401964245
finished_reconf: true
global_termination_time: 3481907.254
local_termination_time: 587689.44436
node_cons: 71587.12260558354
tot_aggregated_send: 48720
tot_msg_rcv: 1264
tot_msg_sent: 2447
tot_reconf_duration: 3.05
tot_sleeping_duration: 3428447.2236000113
tot_uptimes: 892
tot_uptimes_duration: 53460.03039998887
