comms_cons: 0.796083200001775
finished_reconf: true
global_termination_time: 7073.813
local_termination_time: 1220.8983600000001
node_cons: 96.50019999999981
tot_aggregated_send: 0
tot_msg_rcv: 72
tot_msg_sent: 49
tot_reconf_duration: 11.899999999999999
tot_sleeping_duration: 7013.813
tot_uptimes: 2
tot_uptimes_duration: 60.0
