comms_cons: 387.0829760440653
finished_reconf: true
global_termination_time: 3824510.979
local_termination_time: 2618294.2955599995
node_cons: 78683.64312334906
tot_aggregated_send: 52954
tot_msg_rcv: 2067
tot_msg_sent: 3812
tot_reconf_duration: 22.65
tot_sleeping_duration: 3765770.9607600067
tot_uptimes: 980
tot_uptimes_duration: 58740.01823999337
