comms_cons: 750.894247553862
finished_reconf: true
global_termination_time: 3824924.459
local_termination_time: 3506.10536
node_cons: 78660.44034223663
tot_aggregated_send: 0
tot_msg_rcv: 57344
tot_msg_sent: 56785
tot_reconf_duration: 5.57
tot_sleeping_duration: 3766184.446840001
tot_uptimes: 980
tot_uptimes_duration: 58740.012159998936
