comms_cons: 386.66172807297954
finished_reconf: true
global_termination_time: 3823260.324
local_termination_time: 142020.31636000006
node_cons: 78670.83441229003
tot_aggregated_send: 52780
tot_msg_rcv: 1985
tot_msg_sent: 4005
tot_reconf_duration: 13.17
tot_sleeping_duration: 3764520.257120021
tot_uptimes: 980
tot_uptimes_duration: 58740.066879979044
