comms_cons: 386.51238406222006
finished_reconf: true
global_termination_time: 3825008.724
local_termination_time: 1944783.4053199987
node_cons: 78665.2883678179
tot_aggregated_send: 53476
tot_msg_rcv: 1963
tot_msg_sent: 3307
tot_reconf_duration: 9.11
tot_sleeping_duration: 3766268.681440015
tot_uptimes: 980
tot_uptimes_duration: 58740.04255998484
