comms_cons: 611.2372352849536
finished_reconf: true
global_termination_time: 6199165.554
local_termination_time: 3290037.027239999
node_cons: 127533.98624669823
tot_aggregated_send: 86768
tot_msg_rcv: 2031
tot_msg_sent: 4105
tot_reconf_duration: 25.299999999999997
tot_sleeping_duration: 6103945.517520012
tot_uptimes: 1588
tot_uptimes_duration: 95220.03647998697
