comms_cons: 605.3300352826467
finished_reconf: true
global_termination_time: 6200140.021
local_termination_time: 3639118.781519998
node_cons: 127518.06207750746
tot_aggregated_send: 86188
tot_msg_rcv: 1964
tot_msg_sent: 3853
tot_reconf_duration: 12.629999999999999
tot_sleeping_duration: 6104919.027320006
tot_uptimes: 1588
tot_uptimes_duration: 95220.99367999379
