comms_cons: 617.2120385268346
finished_reconf: true
global_termination_time: 6197606.482
local_termination_time: 473602.0043600001
node_cons: 127506.17357397331
tot_aggregated_send: 86420
tot_msg_rcv: 2570
tot_msg_sent: 4822
tot_reconf_duration: 4.8100000000000005
tot_sleeping_duration: 6102386.4360000165
tot_uptimes: 1588
tot_uptimes_duration: 95220.0459999831
