comms_cons: 613.1556225193715
finished_reconf: true
global_termination_time: 6199397.782
local_termination_time: 564452.1493599999
node_cons: 127503.78702893191
tot_aggregated_send: 86014
tot_msg_rcv: 2354
tot_msg_sent: 4825
tot_reconf_duration: 3.05
tot_sleeping_duration: 6104177.733360018
tot_uptimes: 1588
tot_uptimes_duration: 95220.04863998201
