comms_cons: 89.48369919626744
finished_reconf: true
global_termination_time: 893188.639
local_termination_time: 194009.89036000005
node_cons: 18325.983042233693
tot_aggregated_send: 12586
tot_msg_rcv: 380
tot_msg_sent: 635
tot_reconf_duration: 6.22
tot_sleeping_duration: 879508.6268400047
tot_uptimes: 229
tot_uptimes_duration: 13680.012159995269
