comms_cons: 536.1126912527001
finished_reconf: true
global_termination_time: 5409798.42048
local_termination_time: 5409798.37936
node_cons: 111322.67608318807
tot_aggregated_send: 77894
tot_msg_rcv: 1157
tot_msg_sent: 2434
tot_reconf_duration: 24.59
tot_sleeping_duration: 5326684.691680007
tot_uptimes: 1386
tot_uptimes_duration: 83113.72879999381
