comms_cons: 530.5151424723266
finished_reconf: true
global_termination_time: 5414561.828
local_termination_time: 3319278.265
node_cons: 111364.27145766001
tot_aggregated_send: 75456
tot_msg_rcv: 1749
tot_msg_sent: 3430
tot_reconf_duration: 6.279999999999999
tot_sleeping_duration: 5331398.464880012
tot_uptimes: 1387
tot_uptimes_duration: 83163.3631199873
