comms_cons: 540.4782528943772
finished_reconf: true
global_termination_time: 5412413.717
local_termination_time: 490067.9113600001
node_cons: 111382.05568782035
tot_aggregated_send: 75864
tot_msg_rcv: 2084
tot_msg_sent: 4202
tot_reconf_duration: 22.65
tot_sleeping_duration: 5329253.674440012
tot_uptimes: 1387
tot_uptimes_duration: 83160.0425599878
