comms_cons: 540.3696193037457
finished_reconf: true
global_termination_time: 5412010.034
local_termination_time: 1224484.4793599998
node_cons: 111275.09888781578
tot_aggregated_send: 74066
tot_msg_rcv: 2714
tot_msg_sent: 5353
tot_reconf_duration: 3.05
tot_sleeping_duration: 5328909.991440016
tot_uptimes: 1386
tot_uptimes_duration: 83100.0425599846
