comms_cons: 1.697433599994392
finished_reconf: true
global_termination_time: 15142.488
local_termination_time: 10932.10936
node_cons: 256.3789799999993
tot_aggregated_send: 0
tot_msg_rcv: 135
tot_msg_sent: 123
tot_reconf_duration: 11.31
tot_sleeping_duration: 14962.488
tot_uptimes: 4
tot_uptimes_duration: 180.0
