comms_cons: 186.29067518606033
finished_reconf: true
global_termination_time: 1881674.827
local_termination_time: 754072.5163599999
node_cons: 38674.33940558399
tot_aggregated_send: 25462
tot_msg_rcv: 947
tot_msg_sent: 1907
tot_reconf_duration: 22.65
tot_sleeping_duration: 1852814.7966000119
tot_uptimes: 482
tot_uptimes_duration: 28860.030399988173
