comms_cons: 369.7694524967574
finished_reconf: true
global_termination_time: 1881142.6426799987
local_termination_time: 1678.2490400000015
node_cons: 38720.40119751784
tot_aggregated_send: 0
tot_msg_rcv: 28260
tot_msg_sent: 27941
tot_reconf_duration: 6.22
tot_sleeping_duration: 1852231.549
tot_uptimes: 482
tot_uptimes_duration: 28911.093679998536
