comms_cons: 92.52327679513036
finished_reconf: true
global_termination_time: 885526.297
local_termination_time: 20882.7956
node_cons: 18183.50087495449
tot_aggregated_send: 11368
tot_msg_rcv: 953
tot_msg_sent: 1741
tot_reconf_duration: 18.21
tot_sleeping_duration: 871964.8543600042
tot_uptimes: 227
tot_uptimes_duration: 13561.442639995872
