comms_cons: 256.43585269943077
finished_reconf: true
global_termination_time: 885319.901
local_termination_time: 466876.5830000009
node_cons: 35875.81344700137
tot_aggregated_send: 0
tot_msg_rcv: 13111
tot_msg_sent: 25867
tot_reconf_duration: 13.17
tot_sleeping_duration: 858540.2679999989
tot_uptimes: 442
tot_uptimes_duration: 26779.6330000011
