comms_cons: 90.32943999527124
finished_reconf: true
global_termination_time: 885922.538
local_termination_time: 453171.0808800005
node_cons: 18161.014464472017
tot_aggregated_send: 11716
tot_msg_rcv: 728
tot_msg_sent: 1286
tot_reconf_duration: 3.05
tot_sleeping_duration: 872362.513680006
tot_uptimes: 227
tot_uptimes_duration: 13560.024319993972
