comms_cons: 482.0822141646966
finished_reconf: true
global_termination_time: 993817.3235999998
local_termination_time: 993817.2824799998
node_cons: 60668.244274954406
tot_aggregated_send: 0
tot_msg_rcv: 29515
tot_msg_sent: 43758
tot_reconf_duration: 24.59
tot_sleeping_duration: 948533.6409600031
tot_uptimes: 746
tot_uptimes_duration: 45283.68263999664
