comms_cons: 197.21034870518568
finished_reconf: true
global_termination_time: 993817.9235999999
local_termination_time: 3453.9603600000005
node_cons: 20451.703084999666
tot_aggregated_send: 0
tot_msg_rcv: 15236
tot_msg_sent: 14735
tot_reconf_duration: 18.21
tot_sleeping_duration: 978562.5286000002
tot_uptimes: 255
tot_uptimes_duration: 15255.394999999728
