comms_cons: 98.6330943973827
finished_reconf: true
global_termination_time: 998946.895
local_termination_time: 729353.3146799984
node_cons: 20495.22824000007
tot_aggregated_send: 14268
tot_msg_rcv: 205
tot_msg_sent: 520
tot_reconf_duration: 6.279999999999999
tot_sleeping_duration: 983646.895
tot_uptimes: 256
tot_uptimes_duration: 15300.0
