comms_cons: 99.91893759648535
finished_reconf: true
global_termination_time: 993817.8190799988
local_termination_time: 45981.14504000006
node_cons: 20475.654123599474
tot_aggregated_send: 13862
tot_msg_rcv: 417
tot_msg_sent: 909
tot_reconf_duration: 4.8100000000000005
tot_sleeping_duration: 978530.9466799992
tot_uptimes: 255
tot_uptimes_duration: 15286.872399999585
