comms_cons: 199.19208958828688
finished_reconf: true
global_termination_time: 1994660.419
local_termination_time: 859957.5435199991
node_cons: 40980.325799999664
tot_aggregated_send: 28188
tot_msg_rcv: 700
tot_msg_sent: 1388
tot_reconf_duration: 5.1
tot_sleeping_duration: 1964060.419
tot_uptimes: 511
tot_uptimes_duration: 30600.0
