comms_cons: 198.09313279302867
finished_reconf: true
global_termination_time: 1997609.833
local_termination_time: 844743.0013599999
node_cons: 41066.53235999975
tot_aggregated_send: 28710
tot_msg_rcv: 479
tot_msg_sent: 920
tot_reconf_duration: 9.42
tot_sleeping_duration: 1966949.833
tot_uptimes: 512
tot_uptimes_duration: 30660.0
