comms_cons: 395.1618044677291
finished_reconf: true
global_termination_time: 1994545.9086
local_termination_time: 1593.6176000000003
node_cons: 41009.36897510975
tot_aggregated_send: 0
tot_msg_rcv: 30469
tot_msg_sent: 29591
tot_reconf_duration: 11.31
tot_sleeping_duration: 1963930.5165200073
tot_uptimes: 511
tot_uptimes_duration: 30615.39207999257
