comms_cons: 706.6041602121331
finished_reconf: true
global_termination_time: 6963463.043239989
local_termination_time: 209468.3516800007
node_cons: 143340.12888275276
tot_aggregated_send: 95874
tot_msg_rcv: 3995
tot_msg_sent: 7527
tot_reconf_duration: 18.21
tot_sleeping_duration: 6856431.37804002
tot_uptimes: 1784
tot_uptimes_duration: 107031.66519996827
