comms_cons: 682.9536705164511
finished_reconf: true
global_termination_time: 6965826.44
local_termination_time: 3939121.4511599983
node_cons: 143258.62394446364
tot_aggregated_send: 97266
tot_msg_rcv: 2158
tot_msg_sent: 4380
tot_reconf_duration: 9.11
tot_sleeping_duration: 6858846.415680009
tot_uptimes: 1784
tot_uptimes_duration: 106980.02431999147
