comms_cons: 297.9719679929419
finished_reconf: true
global_termination_time: 3037683.246
local_termination_time: 2187355.060639998
node_cons: 62478.22423495575
tot_aggregated_send: 43384
tot_msg_rcv: 655
tot_msg_sent: 1251
tot_reconf_duration: 25.299999999999997
tot_sleeping_duration: 2991048.543360002
tot_uptimes: 778
tot_uptimes_duration: 46634.70263999794
