comms_cons: 311.4395904404336
finished_reconf: true
global_termination_time: 3039862.292
local_termination_time: 1092045.7623599996
node_cons: 62508.7270289338
tot_aggregated_send: 40542
tot_msg_rcv: 2346
tot_msg_sent: 4449
tot_reconf_duration: 3.05
tot_sleeping_duration: 2993182.2433600184
tot_uptimes: 779
tot_uptimes_duration: 46680.04863998154
