comms_cons: 307.087385610496
finished_reconf: true
global_termination_time: 3037710.1
local_termination_time: 1722229.0611599984
node_cons: 62434.84840669986
tot_aggregated_send: 40542
tot_msg_rcv: 2015
tot_msg_sent: 4118
tot_reconf_duration: 7.819999999999999
tot_sleeping_duration: 2991090.0635200143
tot_uptimes: 778
tot_uptimes_duration: 46620.03647998581
