comms_cons: 299.76435841468276
finished_reconf: true
global_termination_time: 3038826.521
local_termination_time: 626415.3703599998
node_cons: 62511.9020811155
tot_aggregated_send: 43732
tot_msg_rcv: 530
tot_msg_sent: 1299
tot_reconf_duration: 5.43
tot_sleeping_duration: 2992146.5149200023
tot_uptimes: 779
tot_uptimes_duration: 46680.006079997635
