comms_cons: 78.76040960981294
finished_reconf: true
global_termination_time: 724045.591
local_termination_time: 394913.20448000013
node_cons: 14867.050041121518
tot_aggregated_send: 0
tot_msg_rcv: 6052
tot_msg_sent: 5920
tot_reconf_duration: 3.05
tot_sleeping_duration: 712945.5849199989
tot_uptimes: 186
tot_uptimes_duration: 11100.006080001069
