comms_cons: 245.78575359595504
finished_reconf: true
global_termination_time: 2520739.446
local_termination_time: 1776836.160119999
node_cons: 51827.82823999926
tot_aggregated_send: 36366
tot_msg_rcv: 323
tot_msg_sent: 669
tot_reconf_duration: 6.279999999999999
tot_sleeping_duration: 2482039.446
tot_uptimes: 646
tot_uptimes_duration: 38700.0
