comms_cons: 88.24680959867116
finished_reconf: true
global_termination_time: 893750.762
local_termination_time: 3569.03148
node_cons: 18329.891380000026
tot_aggregated_send: 12934
tot_msg_rcv: 196
tot_msg_sent: 283
tot_reconf_duration: 9.11
tot_sleeping_duration: 880070.762
tot_uptimes: 229
tot_uptimes_duration: 13679.999999999998
