comms_cons: 177.19445759304764
finished_reconf: true
global_termination_time: 1791973.344
local_termination_time: 581105.9283599999
node_cons: 36813.604859999934
tot_aggregated_send: 25520
tot_msg_rcv: 494
tot_msg_sent: 918
tot_reconf_duration: 13.17
tot_sleeping_duration: 1764493.344
tot_uptimes: 459
tot_uptimes_duration: 27480.0
