comms_cons: 184.62551038106193
finished_reconf: true
global_termination_time: 1794034.305
local_termination_time: 451124.62380000076
node_cons: 36880.29145229429
tot_aggregated_send: 24186
tot_msg_rcv: 1431
tot_msg_sent: 2445
tot_reconf_duration: 3.05
tot_sleeping_duration: 1766494.238120019
tot_uptimes: 460
tot_uptimes_duration: 27540.066879980848
