comms_cons: 182.0470911845088
finished_reconf: true
global_termination_time: 1791969.542
local_termination_time: 254660.76348000005
node_cons: 36804.240030065164
tot_aggregated_send: 24128
tot_msg_rcv: 1245
tot_msg_sent: 2297
tot_reconf_duration: 6.22
tot_sleeping_duration: 1764489.487280011
tot_uptimes: 459
tot_uptimes_duration: 27480.054719989013
