comms_cons: 0.6842367999986877
finished_reconf: true
global_termination_time: 3920.609
local_termination_time: 2054.4803600000005
node_cons: 114.69740000000024
tot_aggregated_send: 0
tot_msg_rcv: 66
tot_msg_sent: 36
tot_reconf_duration: 25.299999999999997
tot_sleeping_duration: 3860.609
tot_uptimes: 2
tot_uptimes_duration: 60.0
