comms_cons: 41.51475200006594
finished_reconf: true
global_termination_time: 425307.7847200007
local_termination_time: 425292.4702400005
node_cons: 8748.1998000809
tot_aggregated_send: 6264
tot_msg_rcv: 15
tot_msg_sent: 31
tot_reconf_duration: 4.8100000000000005
tot_sleeping_duration: 418779.28
tot_uptimes: 109
tot_uptimes_duration: 6528.504720000667
