comms_cons: 124.38062081621278
finished_reconf: true
global_termination_time: 425307.62180000026
local_termination_time: 425307.58068000025
node_cons: 17499.674606319557
tot_aggregated_send: 0
tot_msg_rcv: 6307
tot_msg_sent: 12597
tot_reconf_duration: 24.59
tot_sleeping_duration: 412263.3489200006
tot_uptimes: 218
tot_uptimes_duration: 13044.27287999964
