comms_cons: 90.65667839908542
finished_reconf: true
global_termination_time: 908486.7775999998
local_termination_time: 908486.7364799998
node_cons: 18690.719284000035
tot_aggregated_send: 12644
tot_msg_rcv: 323
tot_msg_sent: 813
tot_reconf_duration: 24.59
tot_sleeping_duration: 894553.0015999998
tot_uptimes: 233
tot_uptimes_duration: 13933.775999999998
