comms_cons: 89.51659519828947
finished_reconf: true
global_termination_time: 910157.945
local_termination_time: 549518.411
node_cons: 18734.587121116776
tot_aggregated_send: 13213
tot_msg_rcv: 102
tot_msg_sent: 291
tot_reconf_duration: 11.31
tot_sleeping_duration: 896177.9389200023
tot_uptimes: 234
tot_uptimes_duration: 13980.006079997635
