comms_cons: 82.56701439762041
finished_reconf: true
global_termination_time: 826554.289
local_termination_time: 719244.18036
node_cons: 16962.375842233778
tot_aggregated_send: 11600
tot_msg_rcv: 314
tot_msg_sent: 635
tot_reconf_duration: 7.819999999999999
tot_sleeping_duration: 813894.2768400047
tot_uptimes: 212
tot_uptimes_duration: 12660.012159995269
