comms_cons: 84.24156799681276
finished_reconf: true
global_termination_time: 822603.239
local_termination_time: 44186.36044000004
node_cons: 16886.783403359714
tot_aggregated_send: 10962
tot_msg_rcv: 629
tot_msg_sent: 1213
tot_reconf_duration: 11.31
tot_sleeping_duration: 810003.2207600002
tot_uptimes: 211
tot_uptimes_duration: 12600.018239999772
