comms_cons: 30.739903999724692
finished_reconf: true
global_termination_time: 300915.361
local_termination_time: 93374.81067999985
node_cons: 6193.113941119166
tot_aggregated_send: 4060
tot_msg_rcv: 208
tot_msg_sent: 405
tot_reconf_duration: 5.1
tot_sleeping_duration: 296295.3549200006
tot_uptimes: 78
tot_uptimes_duration: 4620.006079999366
