comms_cons: 28.507673600022496
finished_reconf: true
global_termination_time: 291908.627
local_termination_time: 71850.62447999994
node_cons: 5949.30189999999
tot_aggregated_send: 4176
tot_msg_rcv: 43
tot_msg_sent: 114
tot_reconf_duration: 3.05
tot_sleeping_duration: 287468.627
tot_uptimes: 75
tot_uptimes_duration: 4440.0
