comms_cons: 68.24872960753765
finished_reconf: true
global_termination_time: 337817.0886000002
local_termination_time: 1490.6360400000015
node_cons: 6954.554751764547
tot_aggregated_send: 0
tot_msg_rcv: 5378
tot_msg_sent: 4991
tot_reconf_duration: 18.21
tot_sleeping_duration: 332641.7147599968
tot_uptimes: 87
tot_uptimes_duration: 5175.373840003391
