comms_cons: 162.05258881795788
finished_reconf: true
global_termination_time: 337816.4886000001
local_termination_time: 337816.4474800001
node_cons: 20374.823663884454
tot_aggregated_send: 0
tot_msg_rcv: 9957
tot_msg_sent: 14673
tot_reconf_duration: 24.59
tot_sleeping_duration: 322624.9796799968
tot_uptimes: 252
tot_uptimes_duration: 15191.508920003296
