comms_cons: 34.79738880106299
finished_reconf: true
global_termination_time: 338490.997
local_termination_time: 177106.91516000076
node_cons: 6913.398182242853
tot_aggregated_send: 4234
tot_msg_rcv: 391
tot_msg_sent: 664
tot_reconf_duration: 3.05
tot_sleeping_duration: 333330.98483999784
tot_uptimes: 87
tot_uptimes_duration: 5160.0121600021375
