comms_cons: 35.13292800092218
finished_reconf: true
global_termination_time: 342250.047
local_termination_time: 13903.36472
node_cons: 7000.207701121458
tot_aggregated_send: 4408
tot_msg_rcv: 412
tot_msg_sent: 520
tot_reconf_duration: 7.819999999999999
tot_sleeping_duration: 337030.04091999895
tot_uptimes: 88
tot_uptimes_duration: 5220.006080001083
