comms_cons: 96.37932799201918
finished_reconf: true
global_termination_time: 931192.4994799999
local_termination_time: 931192.4583599999
node_cons: 19190.138207668282
tot_aggregated_send: 12270
tot_msg_rcv: 847
tot_msg_sent: 1532
tot_reconf_duration: 37.410000000000004
tot_sleeping_duration: 916898.7463600086
tot_uptimes: 239
tot_uptimes_duration: 14293.75311999122
