comms_cons: 93.39174399805916
finished_reconf: true
global_termination_time: 932506.229
local_termination_time: 167183.8031200005
node_cons: 19138.837424481168
tot_aggregated_send: 12354
tot_msg_rcv: 624
tot_msg_sent: 1217
tot_reconf_duration: 13.17
tot_sleeping_duration: 918226.2046799993
tot_uptimes: 239
tot_uptimes_duration: 14280.02432000084
