comms_cons: 94.54968319564956
finished_reconf: true
global_termination_time: 931668.998
local_termination_time: 269890.89644000016
node_cons: 19137.096482238245
tot_aggregated_send: 12876
tot_msg_rcv: 576
tot_msg_sent: 919
tot_reconf_duration: 11.899999999999999
tot_sleeping_duration: 917388.9858400014
tot_uptimes: 239
tot_uptimes_duration: 14280.012159998703
