comms_cons: 708.9102145367764
finished_reconf: true
global_termination_time: 7148722.51
local_termination_time: 1443913.04336
node_cons: 147043.09684893204
tot_aggregated_send: 99992
tot_msg_rcv: 2421
tot_msg_sent: 5337
tot_reconf_duration: 15.34
tot_sleeping_duration: 7038922.461360017
tot_uptimes: 1831
tot_uptimes_duration: 109800.0486399827
