comms_cons: 699.4245120997076
finished_reconf: true
global_termination_time: 7149138.311
local_termination_time: 3788327.5464800005
node_cons: 147042.77636781553
tot_aggregated_send: 99644
tot_msg_rcv: 2212
tot_msg_sent: 4453
tot_reconf_duration: 15.110000000000001
tot_sleeping_duration: 7039338.268440015
tot_uptimes: 1831
tot_uptimes_duration: 109800.04255998507
