comms_cons: 716.9532865517192
finished_reconf: true
global_termination_time: 7149322.763
local_termination_time: 490823.4949200007
node_cons: 147028.2593133986
tot_aggregated_send: 99818
tot_msg_rcv: 3028
tot_msg_sent: 6125
tot_reconf_duration: 4.390000000000001
tot_sleeping_duration: 7039522.690040027
tot_uptimes: 1831
tot_uptimes_duration: 109800.07295997278
