comms_cons: 332.15626243893
finished_reconf: true
global_termination_time: 3302454.171
local_termination_time: 293237.46760000003
node_cons: 67895.9177922895
tot_aggregated_send: 45936
tot_msg_rcv: 1465
tot_msg_sent: 3085
tot_reconf_duration: 6.279999999999999
tot_sleeping_duration: 3251754.1041200217
tot_uptimes: 846
tot_uptimes_duration: 50700.066879978345
