comms_cons: 331.609792066652
finished_reconf: true
global_termination_time: 3301955.668
local_termination_time: 976612.0613599998
node_cons: 67907.86822670077
tot_aggregated_send: 46284
tot_msg_rcv: 1397
tot_msg_sent: 2720
tot_reconf_duration: 15.110000000000001
tot_sleeping_duration: 3251255.6315200133
tot_uptimes: 846
tot_uptimes_duration: 50700.03647998674
