comms_cons: 335.5363456499108
finished_reconf: true
global_termination_time: 3301754.663
local_termination_time: 2172251.1224399987
node_cons: 67912.74344670105
tot_aggregated_send: 45008
tot_msg_rcv: 1999
tot_msg_sent: 3993
tot_reconf_duration: 18.700000000000003
tot_sleeping_duration: 3251054.6265200134
tot_uptimes: 846
tot_uptimes_duration: 50700.03647998674
