comms_cons: 148.92966399318038
finished_reconf: true
global_termination_time: 1533438.594
local_termination_time: 270653.4053600001
node_cons: 31524.054982238325
tot_aggregated_send: 21228
tot_msg_rcv: 458
tot_msg_sent: 950
tot_reconf_duration: 22.65
tot_sleeping_duration: 1509918.5818400013
tot_uptimes: 393
tot_uptimes_duration: 23520.01215999869
