comms_cons: 147.89446399805152
finished_reconf: true
global_termination_time: 1531321.626
local_termination_time: 920246.1663599999
node_cons: 31499.83640335982
tot_aggregated_send: 21576
tot_msg_rcv: 337
tot_msg_sent: 566
tot_reconf_duration: 4.8100000000000005
tot_sleeping_duration: 1507801.6077600003
tot_uptimes: 393
tot_uptimes_duration: 23520.018239999772
