comms_cons: 153.79503358874274
finished_reconf: true
global_termination_time: 1534299.998
local_termination_time: 579276.1204799999
node_cons: 31501.76746558433
tot_aggregated_send: 21460
tot_msg_rcv: 638
tot_msg_sent: 1279
tot_reconf_duration: 6.22
tot_sleeping_duration: 1510779.9676000117
tot_uptimes: 393
tot_uptimes_duration: 23520.030399988173
