comms_cons: 64.03002879842899
finished_reconf: true
global_termination_time: 627065.6867199978
local_termination_time: 627065.6867199978
node_cons: 12980.707715432143
tot_aggregated_send: 8512
tot_msg_rcv: 402
tot_msg_sent: 819
tot_reconf_duration: 24.59
tot_sleeping_duration: 617396.2957600037
tot_uptimes: 161
tot_uptimes_duration: 9669.39095999411
