comms_cons: 65.23934720024175
finished_reconf: true
global_termination_time: 627656.817
local_termination_time: 209227.08268000025
node_cons: 12862.871183364312
tot_aggregated_send: 8062
tot_msg_rcv: 636
tot_msg_sent: 1218
tot_reconf_duration: 6.22
tot_sleeping_duration: 618056.7987599968
tot_uptimes: 161
tot_uptimes_duration: 9600.018240003206
