comms_cons: 62.44976640083276
finished_reconf: true
global_termination_time: 617187.1634799999
local_termination_time: 617187.1223599999
node_cons: 12745.463518719818
tot_aggregated_send: 8570
tot_msg_rcv: 330
tot_msg_sent: 591
tot_reconf_duration: 24.59
tot_sleeping_duration: 607693.459
tot_uptimes: 159
tot_uptimes_duration: 9493.70447999984
