comms_cons: 133.41134079439195
finished_reconf: true
global_termination_time: 1341323.231
local_termination_time: 461735.51656000025
node_cons: 27560.802640000067
tot_aggregated_send: 19256
tot_msg_rcv: 385
tot_msg_sent: 636
tot_reconf_duration: 3.08
tot_sleeping_duration: 1320743.231
tot_uptimes: 344
tot_uptimes_duration: 20580.0
