comms_cons: 133.11037439601594
finished_reconf: true
global_termination_time: 1342075.664
local_termination_time: 658821.7273599999
node_cons: 27568.99138000002
tot_aggregated_send: 19256
tot_msg_rcv: 346
tot_msg_sent: 630
tot_reconf_duration: 9.11
tot_sleeping_duration: 1321495.664
tot_uptimes: 344
tot_uptimes_duration: 20580.0
