comms_cons: 133.04138879521713
finished_reconf: true
global_termination_time: 1339854.557
local_termination_time: 404162.5133200002
node_cons: 27573.771540000052
tot_aggregated_send: 19140
tot_msg_rcv: 338
tot_msg_sent: 743
tot_reconf_duration: 12.629999999999999
tot_sleeping_duration: 1319274.557
tot_uptimes: 344
tot_uptimes_duration: 20580.0
