comms_cons: 137.47301118839897
finished_reconf: true
global_termination_time: 1337775.57136
local_termination_time: 151828.2636000001
node_cons: 27504.12645023138
tot_aggregated_send: 17980
tot_msg_rcv: 1047
tot_msg_sent: 1869
tot_reconf_duration: 4.390000000000001
tot_sleeping_duration: 1317239.2272000064
tot_uptimes: 343
tot_uptimes_duration: 20536.344159993518
