comms_cons: 137.30194558797837
finished_reconf: true
global_termination_time: 1338682.824
local_termination_time: 186674.6194400002
node_cons: 27484.79188893926
tot_aggregated_send: 18038
tot_msg_rcv: 1026
tot_msg_sent: 1805
tot_reconf_duration: 6.22
tot_sleeping_duration: 1318162.7753600155
tot_uptimes: 343
tot_uptimes_duration: 20520.04863998448
