comms_cons: 77.86483199894083
finished_reconf: true
global_termination_time: 788285.892
local_termination_time: 248804.22136000005
node_cons: 16154.871980000018
tot_aggregated_send: 11310
tot_msg_rcv: 181
tot_msg_sent: 344
tot_reconf_duration: 4.8100000000000005
tot_sleeping_duration: 776225.892
tot_uptimes: 202
tot_uptimes_duration: 12059.999999999998
