comms_cons: 76.97663999884101
finished_reconf: true
global_termination_time: 789439.192
local_termination_time: 729191.9770000001
node_cons: 16232.821900000086
tot_aggregated_send: 11482
tot_msg_rcv: 42
tot_msg_sent: 176
tot_reconf_duration: 3.05
tot_sleeping_duration: 777319.192
tot_uptimes: 203
tot_uptimes_duration: 12120.0
