comms_cons: 81.15010561053751
finished_reconf: true
global_termination_time: 418006.8762400001
local_termination_time: 415727.5193600001
node_cons: 8646.182279360242
tot_aggregated_send: 0
tot_msg_rcv: 6177
tot_msg_sent: 6157
tot_reconf_duration: 22.65
tot_sleeping_duration: 411572.654
tot_uptimes: 108
tot_uptimes_duration: 6434.222240000148
