comms_cons: 61.566342405402594
finished_reconf: true
global_termination_time: 301054.4561600003
local_termination_time: 301054.4150400003
node_cons: 6253.595067603292
tot_aggregated_send: 0
tot_msg_rcv: 4869
tot_msg_sent: 4484
tot_reconf_duration: 24.59
tot_sleeping_duration: 296409.0477599979
tot_uptimes: 78
tot_uptimes_duration: 4645.408400002445
