comms_cons: 146.16764801394496
finished_reconf: true
global_termination_time: 301054.97392000037
local_termination_time: 1901.6371200000042
node_cons: 18446.602216843236
tot_aggregated_send: 0
tot_msg_rcv: 8938
tot_msg_sent: 13277
tot_reconf_duration: 18.21
tot_sleeping_duration: 287297.04035999795
tot_uptimes: 226
tot_uptimes_duration: 13757.933560002399
