comms_cons: 59.83124480585704
finished_reconf: true
global_termination_time: 303792.936
local_termination_time: 5136.0070000000005
node_cons: 6232.504414320013
tot_aggregated_send: 0
tot_msg_rcv: 4638
tot_msg_sent: 4456
tot_reconf_duration: 22.65
tot_sleeping_duration: 299161.31112
tot_uptimes: 78
tot_uptimes_duration: 4631.624880000004
