comms_cons: 31.33077760039908
finished_reconf: true
global_termination_time: 302160.058
local_termination_time: 34150.11016000008
node_cons: 6192.149761121446
tot_aggregated_send: 4060
tot_msg_rcv: 295
tot_msg_sent: 408
tot_reconf_duration: 4.390000000000001
tot_sleeping_duration: 297540.05191999895
tot_uptimes: 78
tot_uptimes_duration: 4620.006080001069
