comms_cons: 807.5621441288347
finished_reconf: true
global_termination_time: 8203234.365
local_termination_time: 5378784.466359999
node_cons: 168739.41902334458
tot_aggregated_send: 113680
tot_msg_rcv: 3041
tot_msg_sent: 6022
tot_reconf_duration: 18.700000000000003
tot_sleeping_duration: 8077234.346760007
tot_uptimes: 2101
tot_uptimes_duration: 126000.0182399936
