comms_cons: 819.5649921976612
finished_reconf: true
global_termination_time: 8203267.244
local_termination_time: 1921988.8259199993
node_cons: 168722.5037478141
tot_aggregated_send: 114492
tot_msg_rcv: 3689
tot_msg_sent: 6389
tot_reconf_duration: 6.22
tot_sleeping_duration: 8077267.201440015
tot_uptimes: 2101
tot_uptimes_duration: 126000.04255998507
