comms_cons: 817.9125186112807
finished_reconf: true
global_termination_time: 8202365.104
local_termination_time: 1947427.61536
node_cons: 168729.43225004853
tot_aggregated_send: 114028
tot_msg_rcv: 3590
tot_msg_sent: 6699
tot_reconf_duration: 11.31
tot_sleeping_duration: 8076365.0492800195
tot_uptimes: 2101
tot_uptimes_duration: 126000.0547199808
