comms_cons: 333.6121216252385
finished_reconf: true
global_termination_time: 3327361.433
local_termination_time: 840375.6643599999
node_cons: 68460.35654781705
tot_aggregated_send: 45530
tot_msg_rcv: 1750
tot_msg_sent: 3426
tot_reconf_duration: 7.819999999999999
tot_sleeping_duration: 3276241.390440016
tot_uptimes: 853
tot_uptimes_duration: 51120.04255998391
