comms_cons: 235.36430079163213
finished_reconf: true
global_termination_time: 2395548.604
local_termination_time: 1127429.783119998
node_cons: 49256.972663349865
tot_aggregated_send: 33756
tot_msg_rcv: 681
tot_msg_sent: 1337
tot_reconf_duration: 6.279999999999999
tot_sleeping_duration: 2358768.5857600067
tot_uptimes: 614
tot_uptimes_duration: 36780.0182399929
