comms_cons: 234.94926078977025
finished_reconf: true
global_termination_time: 2393837.011
local_termination_time: 1368952.5119599986
node_cons: 49255.802081116075
tot_aggregated_send: 32828
tot_msg_rcv: 1025
tot_msg_sent: 1857
tot_reconf_duration: 5.43
tot_sleeping_duration: 2357057.004920002
tot_uptimes: 614
tot_uptimes_duration: 36780.006079997635
