comms_cons: 90.47057919620859
finished_reconf: true
global_termination_time: 912818.7442400003
local_termination_time: 591677.5163599999
node_cons: 18780.288681594146
tot_aggregated_send: 12760
tot_msg_rcv: 315
tot_msg_sent: 675
tot_reconf_duration: 3.05
tot_sleeping_duration: 898796.2298400047
tot_uptimes: 234
tot_uptimes_duration: 14022.514399995562
