comms_cons: 24.145664000252978
finished_reconf: true
global_termination_time: 244980.552
local_termination_time: 196143.887
node_cons: 4985.221899999989
tot_aggregated_send: 3418
tot_msg_rcv: 75
tot_msg_sent: 176
tot_reconf_duration: 3.05
tot_sleeping_duration: 241260.552
tot_uptimes: 63
tot_uptimes_duration: 3720.0
