comms_cons: 96.25577599206737
finished_reconf: true
global_termination_time: 937773.1348399977
local_termination_time: 937773.1348399977
node_cons: 19409.347729593224
tot_aggregated_send: 12456
tot_msg_rcv: 656
tot_msg_sent: 1518
tot_reconf_duration: 24.59
tot_sleeping_duration: 923302.6684400028
tot_uptimes: 241
tot_uptimes_duration: 14470.466399994912
