comms_cons: 93.05751680062725
finished_reconf: true
global_termination_time: 938468.157
local_termination_time: 255686.78936000005
node_cons: 19288.542082242897
tot_aggregated_send: 12818
tot_msg_rcv: 415
tot_msg_sent: 912
tot_reconf_duration: 5.1
tot_sleeping_duration: 924068.1448399979
tot_uptimes: 241
tot_uptimes_duration: 14400.012160002138
