comms_cons: 94.08632319704392
finished_reconf: true
global_termination_time: 939302.357
local_termination_time: 267375.0216000001
node_cons: 19316.0062467194
tot_aggregated_send: 12644
tot_msg_rcv: 563
tot_msg_sent: 1097
tot_reconf_duration: 25.299999999999997
tot_sleeping_duration: 924902.3205200004
tot_uptimes: 241
tot_uptimes_duration: 14400.036479999544
