comms_cons: 92.00384639730021
finished_reconf: true
global_termination_time: 940446.92
local_termination_time: 661361.5603599999
node_cons: 19299.493001121515
tot_aggregated_send: 12818
tot_msg_rcv: 359
tot_msg_sent: 806
tot_reconf_duration: 13.17
tot_sleeping_duration: 926046.9139199989
tot_uptimes: 241
tot_uptimes_duration: 14400.006080001069
