comms_cons: 93.20752639848008
finished_reconf: true
global_termination_time: 944553.085
local_termination_time: 564414.9478399998
node_cons: 19368.471980000104
tot_aggregated_send: 13050
tot_msg_rcv: 362
tot_msg_sent: 755
tot_reconf_duration: 4.8100000000000005
tot_sleeping_duration: 930093.085
tot_uptimes: 242
tot_uptimes_duration: 14460.0
