comms_cons: 260.06421760178625
finished_reconf: true
global_termination_time: 2627679.23848
local_termination_time: 2627679.1973599996
node_cons: 54057.64936095228
tot_aggregated_send: 37906
tot_msg_rcv: 569
tot_msg_sent: 1052
tot_reconf_duration: 37.410000000000004
tot_sleeping_duration: 2587345.5218400047
tot_uptimes: 673
tot_uptimes_duration: 40333.71663999511
