comms_cons: 264.6897599846921
finished_reconf: true
global_termination_time: 2631498.984
local_termination_time: 1094164.261999998
node_cons: 54079.51283005071
tot_aggregated_send: 35090
tot_msg_rcv: 1648
tot_msg_sent: 3493
tot_reconf_duration: 7.819999999999999
tot_sleeping_duration: 2591118.9292800217
tot_uptimes: 674
tot_uptimes_duration: 40380.05471997871
