comms_cons: 415.635008076615
finished_reconf: true
global_termination_time: 4105717.9602399883
local_termination_time: 137604.33336000005
node_cons: 84535.33861722285
tot_aggregated_send: 56782
tot_msg_rcv: 2326
tot_msg_sent: 4065
tot_reconf_duration: 18.21
tot_sleeping_duration: 4042603.2407200295
tot_uptimes: 1052
tot_uptimes_duration: 63114.71951995895
