comms_cons: 401.25945602334275
finished_reconf: true
global_termination_time: 4106383.045
local_termination_time: 2561205.5264800005
node_cons: 84445.90080446612
tot_aggregated_send: 56550
tot_msg_rcv: 1493
tot_msg_sent: 2946
tot_reconf_duration: 6.279999999999999
tot_sleeping_duration: 4043323.020680009
tot_uptimes: 1052
tot_uptimes_duration: 63060.024319991004
