comms_cons: 402.8045568275799
finished_reconf: true
global_termination_time: 4109621.007
local_termination_time: 2037153.666279999
node_cons: 84535.58928334883
tot_aggregated_send: 56666
tot_msg_rcv: 1552
tot_msg_sent: 3007
tot_reconf_duration: 13.17
tot_sleeping_duration: 4046500.988760007
tot_uptimes: 1053
tot_uptimes_duration: 63120.01823999337
