comms_cons: 404.5493760268107
finished_reconf: true
global_termination_time: 4109688.123
local_termination_time: 2037142.5847999994
node_cons: 84521.89520446619
tot_aggregated_send: 56956
tot_msg_rcv: 1510
tot_msg_sent: 3023
tot_reconf_duration: 3.08
tot_sleeping_duration: 4046568.098680009
tot_uptimes: 1053
tot_uptimes_duration: 63120.02431999124
