comms_cons: 412.1207040638192
finished_reconf: true
global_termination_time: 4105764.32
local_termination_time: 551432.1814799998
node_cons: 84543.14787005019
tot_aggregated_send: 57014
tot_msg_rcv: 1915
tot_msg_sent: 3710
tot_reconf_duration: 18.700000000000003
tot_sleeping_duration: 4042644.2652800204
tot_uptimes: 1052
tot_uptimes_duration: 63120.05471997941
