comms_cons: 155.11418875474862
finished_reconf: true
global_termination_time: 782782.431
local_termination_time: 857.1854799999999
node_cons: 16073.977902242885
tot_aggregated_send: 0
tot_msg_rcv: 11968
tot_msg_sent: 11606
tot_reconf_duration: 4.390000000000001
tot_sleeping_duration: 770782.4188399978
tot_uptimes: 201
tot_uptimes_duration: 12000.012160002138
