comms_cons: 77.0950655998034
finished_reconf: true
global_termination_time: 790221.945
local_termination_time: 178128.1810000009
node_cons: 16232.821900000008
tot_aggregated_send: 11310
tot_msg_rcv: 118
tot_msg_sent: 290
tot_reconf_duration: 3.05
tot_sleeping_duration: 778101.945
tot_uptimes: 203
tot_uptimes_duration: 12120.0
