comms_cons: 76.86479359899073
finished_reconf: true
global_termination_time: 789439.192
local_termination_time: 601793.30936
node_cons: 16239.299560000112
tot_aggregated_send: 11484
tot_msg_rcv: 35
tot_msg_sent: 164
tot_reconf_duration: 7.819999999999999
tot_sleeping_duration: 777319.192
tot_uptimes: 203
tot_uptimes_duration: 12120.0
