comms_cons: 76.89111040007961
finished_reconf: true
global_termination_time: 789257.347
local_termination_time: 90368.89967999958
node_cons: 16236.053940000034
tot_aggregated_send: 11426
tot_msg_rcv: 90
tot_msg_sent: 171
tot_reconf_duration: 5.43
tot_sleeping_duration: 777137.347
tot_uptimes: 203
tot_uptimes_duration: 12120.0
