comms_cons: 255.88729599332243
finished_reconf: true
global_termination_time: 2642802.296
local_termination_time: 949467.08
node_cons: 54316.765799999084
tot_aggregated_send: 37464
tot_msg_rcv: 487
tot_msg_sent: 943
tot_reconf_duration: 5.1
tot_sleeping_duration: 2602242.296
tot_uptimes: 677
tot_uptimes_duration: 40560.0
