comms_cons: 257.7263167809236
finished_reconf: true
global_termination_time: 2642350.986
local_termination_time: 881061.3943599999
node_cons: 54316.428967817024
tot_aggregated_send: 34800
tot_msg_rcv: 1517
tot_msg_sent: 2856
tot_reconf_duration: 4.8100000000000005
tot_sleeping_duration: 2601790.9434400164
tot_uptimes: 677
tot_uptimes_duration: 40560.04255998344
