comms_cons: 256.1152639789425
finished_reconf: true
global_termination_time: 2643821.905
local_termination_time: 930995.1120399993
node_cons: 54400.84026558336
tot_aggregated_send: 34800
tot_msg_rcv: 1401
tot_msg_sent: 2728
tot_reconf_duration: 7.819999999999999
tot_sleeping_duration: 2603201.874600012
tot_uptimes: 678
tot_uptimes_duration: 40620.03039998817
