comms_cons: 258.2868607927549
finished_reconf: true
global_termination_time: 2647172.63
local_termination_time: 657388.1699999999
node_cons: 54412.8631820761
tot_aggregated_send: 37745
tot_msg_rcv: 428
tot_msg_sent: 1086
tot_reconf_duration: 15.34
tot_sleeping_duration: 2606551.247280002
tot_uptimes: 678
tot_uptimes_duration: 40621.38271999778
