comms_cons: 64.52879359905253
finished_reconf: true
global_termination_time: 653115.753
local_termination_time: 556730.1223599999
node_cons: 13423.320121121526
tot_aggregated_send: 9280
tot_msg_rcv: 180
tot_msg_sent: 348
tot_reconf_duration: 4.8100000000000005
tot_sleeping_duration: 643095.7469199989
tot_uptimes: 168
tot_uptimes_duration: 10020.006080001069
