comms_cons: 69.34602239980838
finished_reconf: true
global_termination_time: 655158.28
local_termination_time: 128276.61339999952
node_cons: 13424.202786724014
tot_aggregated_send: 8236
tot_msg_rcv: 847
tot_msg_sent: 1459
tot_reconf_duration: 5.43
tot_sleeping_duration: 645138.2435199971
tot_uptimes: 168
tot_uptimes_duration: 10020.036480002978
