comms_cons: 226.3125759983549
finished_reconf: true
global_termination_time: 2259528.515
local_termination_time: 1130081.3703599998
node_cons: 46443.47836447119
tot_aggregated_send: 31842
tot_msg_rcv: 872
tot_msg_sent: 1685
tot_reconf_duration: 5.1
tot_sleeping_duration: 2224848.4906800063
tot_uptimes: 579
tot_uptimes_duration: 34680.02431999397
