comms_cons: 228.4970623847634
finished_reconf: true
global_termination_time: 2263309.654
local_termination_time: 131076.09971999997
node_cons: 46521.058887821906
tot_aggregated_send: 31262
tot_msg_rcv: 1141
tot_msg_sent: 2327
tot_reconf_duration: 3.05
tot_sleeping_duration: 2228569.611440013
tot_uptimes: 580
tot_uptimes_duration: 34740.04255998689
