comms_cons: 226.60842879572465
finished_reconf: true
global_termination_time: 2258034.1735999975
local_termination_time: 103814.93531999961
node_cons: 46465.8563251107
tot_aggregated_send: 31900
tot_msg_rcv: 910
tot_msg_sent: 1632
tot_reconf_duration: 5.43
tot_sleeping_duration: 2223337.771520004
tot_uptimes: 579
tot_uptimes_duration: 34696.40207999345
