comms_cons: 71.26589439981532
finished_reconf: true
global_termination_time: 717918.143
local_termination_time: 37774.770560000055
node_cons: 14708.18162000003
tot_aggregated_send: 10208
tot_msg_rcv: 222
tot_msg_sent: 402
tot_reconf_duration: 4.390000000000001
tot_sleeping_duration: 706938.143
tot_uptimes: 184
tot_uptimes_duration: 10980.0
