comms_cons: 110.52460799262575
finished_reconf: true
global_termination_time: 1103801.453
local_termination_time: 369585.57948
node_cons: 22662.870928953056
tot_aggregated_send: 14268
tot_msg_rcv: 998
tot_msg_sent: 1534
tot_reconf_duration: 5.1
tot_sleeping_duration: 1086881.4043600052
tot_uptimes: 283
tot_uptimes_duration: 16920.048639994813
