comms_cons: 107.80677119806106
finished_reconf: true
global_termination_time: 1103067.941
local_termination_time: 255771.44436000002
node_cons: 22670.78266447194
tot_aggregated_send: 14964
tot_msg_rcv: 519
tot_msg_sent: 903
tot_reconf_duration: 10.95
tot_sleeping_duration: 1086147.9166800063
tot_uptimes: 283
tot_uptimes_duration: 16920.024319993972
