comms_cons: 107.70150399850077
finished_reconf: true
global_termination_time: 1100803.488
local_termination_time: 754998.5129199994
node_cons: 22591.70834111686
tot_aggregated_send: 15254
tot_msg_rcv: 399
tot_msg_sent: 717
tot_reconf_duration: 11.899999999999999
tot_sleeping_duration: 1083943.4819200023
tot_uptimes: 282
tot_uptimes_duration: 16860.006079997605
