comms_cons: 115.40508159196607
finished_reconf: true
global_termination_time: 1100102.2931200003
local_termination_time: 46420.19648000001
node_cons: 22634.97392975954
tot_aggregated_send: 13746
tot_msg_rcv: 1242
tot_msg_sent: 2552
tot_reconf_duration: 7.819999999999999
tot_sleeping_duration: 1083205.8372800006
tot_uptimes: 282
tot_uptimes_duration: 16896.45583999963
