comms_cons: 613.3510846776306
finished_reconf: true
global_termination_time: 962388.461
local_termination_time: 353523.97636000055
node_cons: 96244.94352929071
tot_aggregated_send: 0
tot_msg_rcv: 42048
tot_msg_sent: 51178
tot_reconf_duration: 15.34
tot_sleeping_duration: 890525.7934799902
tot_uptimes: 1161
tot_uptimes_duration: 71862.66752000977
