comms_cons: 96.2405375975114
finished_reconf: true
global_termination_time: 962625.496
local_termination_time: 153955.31236000004
node_cons: 19794.423123359717
tot_aggregated_send: 13050
tot_msg_rcv: 603
tot_msg_sent: 975
tot_reconf_duration: 22.65
tot_sleeping_duration: 947865.4777600003
tot_uptimes: 247
tot_uptimes_duration: 14760.018239999772
