comms_cons: 98.08416639899892
finished_reconf: true
global_termination_time: 960754.1310000005
local_termination_time: 348731.0924800001
node_cons: 19846.23680224368
tot_aggregated_send: 12934
tot_msg_rcv: 709
tot_msg_sent: 1264
tot_reconf_duration: 3.05
tot_sleeping_duration: 945935.5388399978
tot_uptimes: 247
tot_uptimes_duration: 14818.592160002678
