comms_cons: 34.456524800222724
finished_reconf: true
global_termination_time: 350904.753
local_termination_time: 20122.47736
node_cons: 7181.026841121441
tot_aggregated_send: 4930
tot_msg_rcv: 96
tot_msg_sent: 211
tot_reconf_duration: 22.65
tot_sleeping_duration: 345564.74691999896
tot_uptimes: 90
tot_uptimes_duration: 5340.006080001069
