comms_cons: 34.336844800116936
finished_reconf: true
global_termination_time: 345580.8002400006
local_termination_time: 86370.86835999996
node_cons: 7129.891801360795
tot_aggregated_send: 4988
tot_msg_rcv: 92
tot_msg_sent: 138
tot_reconf_duration: 6.22
tot_sleeping_duration: 340262.32
tot_uptimes: 89
tot_uptimes_duration: 5318.4802400005865
