comms_cons: 126.95349759241464
finished_reconf: true
global_termination_time: 1259315.5707599982
local_termination_time: 1259315.5707599982
node_cons: 25984.56480658467
tot_aggregated_send: 17676
tot_msg_rcv: 574
tot_msg_sent: 1047
tot_reconf_duration: 24.59
tot_sleeping_duration: 1239934.5613600097
tot_uptimes: 323
tot_uptimes_duration: 19381.009399988514
