comms_cons: 124.62978559413602
finished_reconf: true
global_termination_time: 1260238.679
local_termination_time: 542875.18436
node_cons: 25903.837400000102
tot_aggregated_send: 18096
tot_msg_rcv: 290
tot_msg_sent: 556
tot_reconf_duration: 25.299999999999997
tot_sleeping_duration: 1240918.679
tot_uptimes: 323
tot_uptimes_duration: 19320.0
