comms_cons: 111.30775039204136
finished_reconf: true
global_termination_time: 1104418.027
local_termination_time: 164690.92224000095
node_cons: 22665.765557508654
tot_aggregated_send: 14210
tot_msg_rcv: 822
tot_msg_sent: 1886
tot_reconf_duration: 6.279999999999999
tot_sleeping_duration: 1087497.0133200085
tot_uptimes: 283
tot_uptimes_duration: 16921.013679991505
