comms_cons: 109.87998719559394
finished_reconf: true
global_termination_time: 1107322.398
local_termination_time: 468692.01436000003
node_cons: 22748.632085593377
tot_aggregated_send: 13920
tot_msg_rcv: 1016
tot_msg_sent: 1765
tot_reconf_duration: 9.11
tot_sleeping_duration: 1090342.3676000051
tot_uptimes: 284
tot_uptimes_duration: 16980.03039999504
