comms_cons: 109.46327679751714
finished_reconf: true
global_termination_time: 1105361.417
local_termination_time: 431196.88436
node_cons: 22749.020501121446
tot_aggregated_send: 15660
tot_msg_rcv: 286
tot_msg_sent: 691
tot_reconf_duration: 9.42
tot_sleeping_duration: 1088381.410919999
tot_uptimes: 284
tot_uptimes_duration: 16980.00608000107
