comms_cons: 110.45871359482199
finished_reconf: true
global_termination_time: 1102028.847
local_termination_time: 504007.17936
node_cons: 22661.849761116806
tot_aggregated_send: 15602
tot_msg_rcv: 436
tot_msg_sent: 751
tot_reconf_duration: 4.390000000000001
tot_sleeping_duration: 1085108.8409200024
tot_uptimes: 283
tot_uptimes_duration: 16920.006079997635
