comms_cons: 112.02071679088338
finished_reconf: true
global_termination_time: 1103230.436
local_termination_time: 220454.77052000037
node_cons: 22663.28650447655
tot_aggregated_send: 14442
tot_msg_rcv: 965
tot_msg_sent: 1619
tot_reconf_duration: 5.43
tot_sleeping_duration: 1086310.4116800025
tot_uptimes: 283
tot_uptimes_duration: 16920.024319997407
