comms_cons: 157.99280635209334
finished_reconf: true
global_termination_time: 795791.043
local_termination_time: 346899.46836000006
node_cons: 16339.78684111689
tot_aggregated_send: 0
tot_msg_rcv: 12258
tot_msg_sent: 11756
tot_reconf_duration: 22.65
tot_sleeping_duration: 783611.0369200023
tot_uptimes: 204
tot_uptimes_duration: 12180.006079997635
