comms_cons: 81.49185279678642
finished_reconf: true
global_termination_time: 792041.374
local_termination_time: 261157.03436000005
node_cons: 16235.244544481146
tot_aggregated_send: 10324
tot_msg_rcv: 669
tot_msg_sent: 1394
tot_reconf_duration: 4.8100000000000005
tot_sleeping_duration: 779921.3496799992
tot_uptimes: 203
tot_uptimes_duration: 12120.02432000084
