comms_cons: 0.875033600001951
finished_reconf: true
global_termination_time: 4174.241
local_termination_time: 1906.0923600000003
node_cons: 87.26580000000018
tot_aggregated_send: 0
tot_msg_rcv: 77
tot_msg_sent: 56
tot_reconf_duration: 5.1
tot_sleeping_duration: 4114.241
tot_uptimes: 2
tot_uptimes_duration: 60.0
