comms_cons: 1.052671999999468
finished_reconf: true
global_termination_time: 4613.525
local_termination_time: 276.14748
node_cons: 105.73460000000006
tot_aggregated_send: 0
tot_msg_rcv: 118
tot_msg_sent: 42
tot_reconf_duration: 18.700000000000003
tot_sleeping_duration: 4553.525
tot_uptimes: 2
tot_uptimes_duration: 60.0
