comms_cons: 457.1714624671679
finished_reconf: true
global_termination_time: 4534365.856119995
local_termination_time: 12063.710600000002
node_cons: 93339.03529755349
tot_aggregated_send: 62988
tot_msg_rcv: 2208
tot_msg_sent: 4289
tot_reconf_duration: 25.299999999999997
tot_sleeping_duration: 4464683.497720027
tot_uptimes: 1162
tot_uptimes_duration: 69682.35839996718
