comms_cons: 453.26048006287004
finished_reconf: true
global_termination_time: 4536854.616
local_termination_time: 583874.0367999984
node_cons: 93285.81577228443
tot_aggregated_send: 63452
tot_msg_rcv: 1781
tot_msg_sent: 3660
tot_reconf_duration: 8.09
tot_sleeping_duration: 4467194.549120025
tot_uptimes: 1162
tot_uptimes_duration: 69660.06687997538
