comms_cons: 458.60908809049505
finished_reconf: true
global_termination_time: 4540626.633
local_termination_time: 1250043.6398799978
node_cons: 93359.27074669942
tot_aggregated_send: 62988
tot_msg_rcv: 2302
tot_msg_sent: 4414
tot_reconf_duration: 3.05
tot_sleeping_duration: 4470906.596520014
tot_uptimes: 1163
tot_uptimes_duration: 69720.03647998674
