comms_cons: 28.001075200031533
finished_reconf: true
global_termination_time: 285643.7040800003
local_termination_time: 285630.3684800001
node_cons: 5896.532017120453
tot_aggregated_send: 4234
tot_msg_rcv: 12
tot_msg_sent: 9
tot_reconf_duration: 3.05
tot_sleeping_duration: 281243.114
tot_uptimes: 74
tot_uptimes_duration: 4400.5900800002855
