comms_cons: 67.35127040016373
finished_reconf: true
global_termination_time: 680663.668
local_termination_time: 507095.10936000006
node_cons: 14003.88918000005
tot_aggregated_send: 9802
tot_msg_rcv: 162
tot_msg_sent: 273
tot_reconf_duration: 18.21
tot_sleeping_duration: 670223.668
tot_uptimes: 175
tot_uptimes_duration: 10440.0
