comms_cons: 132.1666303798297
finished_reconf: true
global_termination_time: 678036.9885999999
local_termination_time: 3116.2783600000002
node_cons: 13925.35090951671
tot_aggregated_send: 0
tot_msg_rcv: 10049
tot_msg_sent: 10037
tot_reconf_duration: 4.390000000000001
tot_sleeping_duration: 667641.6269200024
tot_uptimes: 174
tot_uptimes_duration: 10395.361679997528
