comms_cons: 67.51325439914636
finished_reconf: true
global_termination_time: 681119.576
local_termination_time: 252155.40480000072
node_cons: 13994.518980000017
tot_aggregated_send: 9744
tot_msg_rcv: 178
tot_msg_sent: 338
tot_reconf_duration: 11.31
tot_sleeping_duration: 670679.576
tot_uptimes: 175
tot_uptimes_duration: 10440.0
