comms_cons: 234.8472127947249
finished_reconf: true
global_termination_time: 2390774.801
local_termination_time: 1920532.8107999994
node_cons: 49185.96485999924
tot_aggregated_send: 34568
tot_msg_rcv: 441
tot_msg_sent: 686
tot_reconf_duration: 13.17
tot_sleeping_duration: 2354054.801
tot_uptimes: 613
tot_uptimes_duration: 36720.0
