comms_cons: 418.60817885262844
finished_reconf: true
global_termination_time: 2391834.718
local_termination_time: 443706.35436000006
node_cons: 49174.66896782176
tot_aggregated_send: 0
tot_msg_rcv: 32294
tot_msg_sent: 31332
tot_reconf_duration: 4.8100000000000005
tot_sleeping_duration: 2355114.675440013
tot_uptimes: 613
tot_uptimes_duration: 36720.042559986876
