comms_cons: 241.92607357276495
finished_reconf: true
global_termination_time: 2390284.961
local_termination_time: 942574.872239998
node_cons: 49172.27888782182
tot_aggregated_send: 31900
tot_msg_rcv: 1552
tot_msg_sent: 3320
tot_reconf_duration: 3.05
tot_sleeping_duration: 2353564.918440013
tot_uptimes: 613
tot_uptimes_duration: 36720.042559986876
