comms_cons: 239.16215039495148
finished_reconf: true
global_termination_time: 2391229.787
local_termination_time: 131404.47452000037
node_cons: 49183.504108938905
tot_aggregated_send: 33524
tot_msg_rcv: 966
tot_msg_sent: 1861
tot_reconf_duration: 11.31
tot_sleeping_duration: 2354509.738360015
tot_uptimes: 613
tot_uptimes_duration: 36720.04863998474
