comms_cons: 77.45692160045012
finished_reconf: true
global_termination_time: 798659.845
local_termination_time: 58048.63728000016
node_cons: 16395.908262240602
tot_aggregated_send: 10962
tot_msg_rcv: 207
tot_msg_sent: 604
tot_reconf_duration: 4.8100000000000005
tot_sleeping_duration: 786419.8328399996
tot_uptimes: 205
tot_uptimes_duration: 12240.012160000435
