comms_cons: 402.1141888415688
finished_reconf: true
global_termination_time: 3998063.207
local_termination_time: 294793.94328000036
node_cons: 82212.62245005528
tot_aggregated_send: 55448
tot_msg_rcv: 1958
tot_msg_sent: 3713
tot_reconf_duration: 18.21
tot_sleeping_duration: 3936683.1522800173
tot_uptimes: 1024
tot_uptimes_duration: 61380.054719983076
