comms_cons: 392.73876481441636
finished_reconf: true
global_termination_time: 3997084.351
local_termination_time: 2239699.82536
node_cons: 82194.76208223202
tot_aggregated_send: 54694
tot_msg_rcv: 1653
tot_msg_sent: 3347
tot_reconf_duration: 5.1
tot_sleeping_duration: 3935704.3388400045
tot_uptimes: 1024
tot_uptimes_duration: 61380.0121599955
