comms_cons: 401.81899526792495
finished_reconf: true
global_termination_time: 3992590.378
local_termination_time: 417294.45399999997
node_cons: 82114.06896781667
tot_aggregated_send: 55503
tot_msg_rcv: 2019
tot_msg_sent: 3550
tot_reconf_duration: 4.8100000000000005
tot_sleeping_duration: 3931270.335440016
tot_uptimes: 1023
tot_uptimes_duration: 61320.04255998413
