comms_cons: 392.81370243141885
finished_reconf: true
global_termination_time: 3993565.051
local_termination_time: 1898759.7446799984
node_cons: 82115.96746558267
tot_aggregated_send: 54520
tot_msg_rcv: 1670
tot_msg_sent: 3515
tot_reconf_duration: 6.22
tot_sleeping_duration: 3932245.0206000116
tot_uptimes: 1023
tot_uptimes_duration: 61320.03039998864
