comms_cons: 363.06911999030376
finished_reconf: true
global_termination_time: 3743659.21
local_termination_time: 1632637.43248
node_cons: 77000.09368223186
tot_aggregated_send: 51098
tot_msg_rcv: 1404
tot_msg_sent: 2683
tot_reconf_duration: 25.299999999999997
tot_sleeping_duration: 3686179.1978400047
tot_uptimes: 959
tot_uptimes_duration: 57480.01215999527
