comms_cons: 374.10234884015074
finished_reconf: true
global_termination_time: 3742848.657
local_termination_time: 1100602.4109599986
node_cons: 76969.91074670442
tot_aggregated_send: 52606
tot_msg_rcv: 1520
tot_msg_sent: 2735
tot_reconf_duration: 3.05
tot_sleeping_duration: 3685368.6205200106
tot_uptimes: 959
tot_uptimes_duration: 57480.03647998994
