comms_cons: 367.2055168107605
finished_reconf: true
global_termination_time: 3742305.466
local_termination_time: 1821987.08236
node_cons: 76981.11154446586
tot_aggregated_send: 52432
tot_msg_rcv: 1078
tot_msg_sent: 2304
tot_reconf_duration: 11.31
tot_sleeping_duration: 3684825.4416800095
tot_uptimes: 959
tot_uptimes_duration: 57480.02431999077
