comms_cons: 273.363008019408
finished_reconf: true
global_termination_time: 2711311.012
local_termination_time: 914238.1009599988
node_cons: 55762.53268558361
tot_aggregated_send: 37758
tot_msg_rcv: 1293
tot_msg_sent: 2497
tot_reconf_duration: 4.8100000000000005
tot_sleeping_duration: 2669670.9816000117
tot_uptimes: 695
tot_uptimes_duration: 41640.030399988405
