comms_cons: 272.19587839577537
finished_reconf: true
global_termination_time: 2709761.609
local_termination_time: 298711.8463600001
node_cons: 55679.794464466766
tot_aggregated_send: 37874
tot_msg_rcv: 1172
tot_msg_sent: 2326
tot_reconf_duration: 3.05
tot_sleeping_duration: 2668181.5846800096
tot_uptimes: 694
tot_uptimes_duration: 41580.02431999077
