comms_cons: 404.19903965547525
finished_reconf: true
global_termination_time: 2058050.1716
local_termination_time: 1101.9804800000004
node_cons: 42384.478469516325
tot_aggregated_send: 0
tot_msg_rcv: 30873
tot_msg_sent: 30561
tot_reconf_duration: 18.21
tot_sleeping_duration: 2026414.8099200025
tot_uptimes: 528
tot_uptimes_duration: 31635.361679997528
