comms_cons: 203.5643263894177
finished_reconf: true
global_termination_time: 2058562.406
local_termination_time: 167459.09336000006
node_cons: 42345.760826709666
tot_aggregated_send: 28768
tot_msg_rcv: 669
tot_msg_sent: 1503
tot_reconf_duration: 4.8100000000000005
tot_sleeping_duration: 2026942.3695200074
tot_uptimes: 528
tot_uptimes_duration: 31620.03647999256
