comms_cons: 100.51106559825101
finished_reconf: true
global_termination_time: 1016937.983
local_termination_time: 208176.57836000007
node_cons: 20900.779521121483
tot_aggregated_send: 14326
tot_msg_rcv: 287
tot_msg_sent: 664
tot_reconf_duration: 9.11
tot_sleeping_duration: 1001337.976919999
tot_uptimes: 261
tot_uptimes_duration: 15600.006080001069
