comms_cons: 99.97157119887419
finished_reconf: true
global_termination_time: 1016218.839
local_termination_time: 372827.838
node_cons: 20896.791583202856
tot_aggregated_send: 14555
tot_msg_rcv: 208
tot_msg_sent: 432
tot_reconf_duration: 4.8100000000000005
tot_sleeping_duration: 1000617.4501999979
tot_uptimes: 261
tot_uptimes_duration: 15601.38880000211
