comms_cons: 100.33342719842
finished_reconf: true
global_termination_time: 1016528.75
local_termination_time: 273755.1946400004
node_cons: 20903.758980000028
tot_aggregated_send: 14790
tot_msg_rcv: 180
tot_msg_sent: 280
tot_reconf_duration: 11.31
tot_sleeping_duration: 1000928.75
tot_uptimes: 261
tot_uptimes_duration: 15600.0
