comms_cons: 495.55984601197946
finished_reconf: true
global_termination_time: 2206676.418
local_termination_time: 1276587.516639999
node_cons: 90048.0899429972
tot_aggregated_send: 0
tot_msg_rcv: 25303
tot_msg_sent: 50019
tot_reconf_duration: 13.17
tot_sleeping_duration: 2139439.521
tot_uptimes: 1110
tot_uptimes_duration: 67236.89699999976
