comms_cons: 224.899801579661
finished_reconf: true
global_termination_time: 2205886.673
local_termination_time: 315826.48040000076
node_cons: 45317.82745452287
tot_aggregated_send: 29696
tot_msg_rcv: 1524
tot_msg_sent: 2962
tot_reconf_duration: 4.390000000000001
tot_sleeping_duration: 2172046.593960027
tot_uptimes: 565
tot_uptimes_duration: 33840.07903997268
