comms_cons: 83.87226879837466
finished_reconf: true
global_termination_time: 845568.7294799999
local_termination_time: 845568.6883599999
node_cons: 17405.199800962648
tot_aggregated_send: 12050
tot_msg_rcv: 225
tot_msg_sent: 472
tot_reconf_duration: 24.59
tot_sleeping_duration: 832595.0128399979
tot_uptimes: 217
tot_uptimes_duration: 12973.716640001949
