comms_cons: 290.7354752109708
finished_reconf: true
global_termination_time: 2890383.166
local_termination_time: 755500.2163599998
node_cons: 59482.48895786857
tot_aggregated_send: 39034
tot_msg_rcv: 1736
tot_msg_sent: 3420
tot_reconf_duration: 22.65
tot_sleeping_duration: 2845983.0687200376
tot_uptimes: 741
tot_uptimes_duration: 44400.097279962385
