comms_cons: 292.85741440178185
finished_reconf: true
global_termination_time: 2892647.625
local_termination_time: 1181111.4143599998
node_cons: 59458.21339116731
tot_aggregated_send: 38628
tot_msg_rcv: 2028
tot_msg_sent: 3857
tot_reconf_duration: 4.8100000000000005
tot_sleeping_duration: 2848247.5642000237
tot_uptimes: 741
tot_uptimes_duration: 44400.060799976345
