comms_cons: 292.69783680025375
finished_reconf: true
global_termination_time: 2888292.0081199966
local_termination_time: 9872.840880000002
node_cons: 59397.68464642778
tot_aggregated_send: 39382
tot_msg_rcv: 1822
tot_msg_sent: 3284
tot_reconf_duration: 4.390000000000001
tot_sleeping_duration: 2843936.725800035
tot_uptimes: 740
tot_uptimes_duration: 44355.282319961814
