comms_cons: 86.11514879871426
finished_reconf: true
global_termination_time: 897139.285
local_termination_time: 3911.803
node_cons: 18403.24038224289
tot_aggregated_send: 12410
tot_msg_rcv: 203
tot_msg_sent: 476
tot_reconf_duration: 3.95
tot_sleeping_duration: 883399.2728399979
tot_uptimes: 230
tot_uptimes_duration: 13740.012160002138
