comms_cons: 88.9705215971821
finished_reconf: true
global_termination_time: 892673.964
local_termination_time: 4629.284
node_cons: 18332.42810335398
tot_aggregated_send: 12691
tot_msg_rcv: 307
tot_msg_sent: 525
tot_reconf_duration: 10.96
tot_sleeping_duration: 878993.9457600045
tot_uptimes: 229
tot_uptimes_duration: 13680.018239995487
