comms_cons: 127.80795520984415
finished_reconf: true
global_termination_time: 264429.44748000015
local_termination_time: 2478.2704800000024
node_cons: 16081.073559922934
tot_aggregated_send: 0
tot_msg_rcv: 7851
tot_msg_sent: 11574
tot_reconf_duration: 18.21
tot_sleeping_duration: 252438.15219999797
tot_uptimes: 196
tot_uptimes_duration: 11991.295280002174
