comms_cons: 429.8055680666285
finished_reconf: true
global_termination_time: 4298041.949
local_termination_time: 1383689.92248
node_cons: 88391.16782223179
tot_aggregated_send: 60552
tot_msg_rcv: 1532
tot_msg_sent: 3244
tot_reconf_duration: 12.629999999999999
tot_sleeping_duration: 4232041.936840004
tot_uptimes: 1101
tot_uptimes_duration: 66000.0121599955
