comms_cons: 426.71375364195615
finished_reconf: true
global_termination_time: 4296513.113
local_termination_time: 1565170.0346
node_cons: 88390.16019999783
tot_aggregated_send: 61248
tot_msg_rcv: 1066
tot_msg_sent: 2543
tot_reconf_duration: 11.899999999999999
tot_sleeping_duration: 4230513.113
tot_uptimes: 1101
tot_uptimes_duration: 66000.0
