comms_cons: 53.394131201374165
finished_reconf: true
global_termination_time: 511203.03848000005
local_termination_time: 511202.99736000004
node_cons: 10495.992365448708
tot_aggregated_send: 6482
tot_msg_rcv: 567
tot_msg_sent: 1066
tot_reconf_duration: 24.59
tot_sleeping_duration: 503389.29751999356
tot_uptimes: 131
tot_uptimes_duration: 7813.740960006486
