comms_cons: 51.58391680031237
finished_reconf: true
global_termination_time: 512081.894
local_termination_time: 19724.873920000005
node_cons: 10533.076381121447
tot_aggregated_send: 7018
tot_msg_rcv: 242
tot_msg_sent: 580
tot_reconf_duration: 6.279999999999999
tot_sleeping_duration: 504221.8879199989
tot_uptimes: 132
tot_uptimes_duration: 7860.006080001069
