comms_cons: 52.48811520090133
finished_reconf: true
global_termination_time: 512104.741
local_termination_time: 213658.9847600004
node_cons: 10535.183983364277
tot_aggregated_send: 7018
tot_msg_rcv: 384
tot_msg_sent: 575
tot_reconf_duration: 7.819999999999999
tot_sleeping_duration: 504244.7227599968
tot_uptimes: 132
tot_uptimes_duration: 7860.018240003206
