comms_cons: 16.389414399733145
finished_reconf: true
global_termination_time: 155607.637
local_termination_time: 20600.281000000003
node_cons: 3137.4181822394476
tot_aggregated_send: 1854
tot_msg_rcv: 229
tot_msg_sent: 409
tot_reconf_duration: 3.05
tot_sleeping_duration: 153267.6248400004
tot_uptimes: 40
tot_uptimes_duration: 2340.0121599995837
