comms_cons: 152.4096767869031
finished_reconf: true
global_termination_time: 1529015.671
local_termination_time: 415024.0535200004
node_cons: 31417.18776893473
tot_aggregated_send: 20242
tot_msg_rcv: 910
tot_msg_sent: 2015
tot_reconf_duration: 3.08
tot_sleeping_duration: 1505555.622360019
tot_uptimes: 392
tot_uptimes_duration: 23460.048639981076
