comms_cons: 1.5592703999948487
finished_reconf: true
global_termination_time: 16196.234
local_termination_time: 5046.92136
node_cons: 328.2858000000005
tot_aggregated_send: 0
tot_msg_rcv: 123
tot_msg_sent: 114
tot_reconf_duration: 5.1
tot_sleeping_duration: 15956.234
tot_uptimes: 5
tot_uptimes_duration: 240.0
