comms_cons: 1.5066367999992436
finished_reconf: true
global_termination_time: 15247.682
local_termination_time: 4620.29036
node_cons: 253.39137999999954
tot_aggregated_send: 0
tot_msg_rcv: 119
tot_msg_sent: 110
tot_reconf_duration: 9.11
tot_sleeping_duration: 15067.682
tot_uptimes: 4
tot_uptimes_duration: 180.0
