comms_cons: 1.5000575999952628
finished_reconf: true
global_termination_time: 14723.176
local_termination_time: 4464.14536
node_cons: 257.18020000000047
tot_aggregated_send: 0
tot_msg_rcv: 121
tot_msg_sent: 107
tot_reconf_duration: 11.899999999999999
tot_sleeping_duration: 14543.176
tot_uptimes: 4
tot_uptimes_duration: 179.99999999999977
