comms_cons: 123.91265279351288
finished_reconf: true
global_termination_time: 1244411.2479599987
local_termination_time: 1244411.2068399987
node_cons: 25640.728406141603
tot_aggregated_send: 17444
tot_msg_rcv: 362
tot_msg_sent: 1027
tot_reconf_duration: 24.59
tot_sleeping_duration: 1225287.0245200126
tot_uptimes: 319
tot_uptimes_duration: 19124.22343998622
