comms_cons: 193.286623987074
finished_reconf: true
global_termination_time: 1946851.858
local_termination_time: 336624.10336000007
node_cons: 40034.09802670076
tot_aggregated_send: 27028
tot_msg_rcv: 744
tot_msg_sent: 1605
tot_reconf_duration: 18.21
tot_sleeping_duration: 1916971.8215200142
tot_uptimes: 499
tot_uptimes_duration: 29880.036479985807
