comms_cons: 197.7424895789766
finished_reconf: true
global_termination_time: 1947630.834
local_termination_time: 777779.93236
node_cons: 40019.99654781765
tot_aggregated_send: 25694
tot_msg_rcv: 1484
tot_msg_sent: 2878
tot_reconf_duration: 7.819999999999999
tot_sleeping_duration: 1917750.7914400166
tot_uptimes: 499
tot_uptimes_duration: 29880.04255998344
