comms_cons: 194.81731838361503
finished_reconf: true
global_termination_time: 1948757.631
local_termination_time: 1196265.1263599999
node_cons: 40098.13118335019
tot_aggregated_send: 26564
tot_msg_rcv: 1154
tot_msg_sent: 1894
tot_reconf_duration: 6.22
tot_sleeping_duration: 1918817.6127600071
tot_uptimes: 500
tot_uptimes_duration: 29940.018239992904
