comms_cons: 193.79691518729345
finished_reconf: true
global_termination_time: 1947662.889
local_termination_time: 233955.47768000024
node_cons: 40030.15171999973
tot_aggregated_send: 27434
tot_msg_rcv: 598
tot_msg_sent: 1424
tot_reconf_duration: 15.34
tot_sleeping_duration: 1917782.889
tot_uptimes: 499
tot_uptimes_duration: 29880.0
