comms_cons: 173.47063679575598
finished_reconf: true
global_termination_time: 1753736.35
local_termination_time: 860106.5483599999
node_cons: 36090.544859999965
tot_aggregated_send: 25288
tot_msg_rcv: 335
tot_msg_sent: 742
tot_reconf_duration: 13.17
tot_sleeping_duration: 1726796.35
tot_uptimes: 450
tot_uptimes_duration: 26940.0
