comms_cons: 174.9076223855435
finished_reconf: true
global_termination_time: 1752593.306
local_termination_time: 217302.171600001
node_cons: 35997.705134695585
tot_aggregated_send: 23374
tot_msg_rcv: 989
tot_msg_sent: 2221
tot_reconf_duration: 3.05
tot_sleeping_duration: 1725712.3775200183
tot_uptimes: 449
tot_uptimes_duration: 26880.92847998185
