comms_cons: 179.39470078115136
finished_reconf: true
global_termination_time: 1752774.806
local_termination_time: 267160.19736000005
node_cons: 36000.81560671007
tot_aggregated_send: 23316
tot_msg_rcv: 1277
tot_msg_sent: 2675
tot_reconf_duration: 6.22
tot_sleeping_duration: 1725894.7695200075
tot_uptimes: 449
tot_uptimes_duration: 26880.036479992676
