comms_cons: 2.7961599999907594
finished_reconf: true
global_termination_time: 15830.694
local_termination_time: 5809.192000000004
node_cons: 328.28580000000045
tot_aggregated_send: 0
tot_msg_rcv: 251
tot_msg_sent: 174
tot_reconf_duration: 5.1
tot_sleeping_duration: 15590.694
tot_uptimes: 5
tot_uptimes_duration: 240.0
