comms_cons: 2.1908735999954
finished_reconf: true
global_termination_time: 17802.926
local_termination_time: 6594.34036
node_cons: 355.7174000000002
tot_aggregated_send: 0
tot_msg_rcv: 180
tot_msg_sent: 153
tot_reconf_duration: 25.299999999999997
tot_sleeping_duration: 17562.926
tot_uptimes: 5
tot_uptimes_duration: 240.0
