comms_cons: 107.99819518809177
finished_reconf: true
global_termination_time: 1114031.514
local_termination_time: 5776.891999999999
node_cons: 22905.713385584197
tot_aggregated_send: 14551
tot_msg_rcv: 654
tot_msg_sent: 1211
tot_reconf_duration: 6.46
tot_sleeping_duration: 1096931.4836000118
tot_uptimes: 286
tot_uptimes_duration: 17100.030399988173
