comms_cons: 129.87436159822258
finished_reconf: true
global_termination_time: 151249.53072000103
local_termination_time: 151249.53072000103
node_cons: 14898.404073159787
tot_aggregated_send: 0
tot_msg_rcv: 9023
tot_msg_sent: 10716
tot_reconf_duration: 24.59
tot_sleeping_duration: 140147.95428000123
tot_uptimes: 178
tot_uptimes_duration: 11101.576439999819
