comms_cons: 15.461119999765554
finished_reconf: true
global_termination_time: 155645.445
local_termination_time: 68026.51159999995
node_cons: 3148.618980000018
tot_aggregated_send: 2088
tot_msg_rcv: 98
tot_msg_sent: 164
tot_reconf_duration: 11.31
tot_sleeping_duration: 153305.445
tot_uptimes: 40
tot_uptimes_duration: 2340.0
