comms_cons: 84.85852159806225
finished_reconf: true
global_termination_time: 849726.986
local_termination_time: 86231.79235999996
node_cons: 17441.344060000014
tot_aggregated_send: 12122
tot_msg_rcv: 317
tot_msg_sent: 459
tot_reconf_duration: 5.57
tot_sleeping_duration: 836706.986
tot_uptimes: 218
tot_uptimes_duration: 13020.0
