comms_cons: 83.7775103991573
finished_reconf: true
global_termination_time: 845434.418
local_termination_time: 8995.159520000003
node_cons: 17368.798980000025
tot_aggregated_send: 12064
tot_msg_rcv: 213
tot_msg_sent: 455
tot_reconf_duration: 11.31
tot_sleeping_duration: 832474.418
tot_uptimes: 217
tot_uptimes_duration: 12960.0
