comms_cons: 810.041792153554
finished_reconf: true
global_termination_time: 8195958.967
local_termination_time: 3053240.23436
node_cons: 168561.9215100485
tot_aggregated_send: 113796
tot_msg_rcv: 3051
tot_msg_sent: 6273
tot_reconf_duration: 6.279999999999999
tot_sleeping_duration: 8070078.91228002
tot_uptimes: 2099
tot_uptimes_duration: 125880.05471998057
