comms_cons: 810.6034497599362
finished_reconf: true
global_termination_time: 8195366.113
local_termination_time: 3684372.6615999998
node_cons: 168587.71810557932
tot_aggregated_send: 113564
tot_msg_rcv: 3396
tot_msg_sent: 6247
tot_reconf_duration: 25.299999999999997
tot_sleeping_duration: 8069486.082600011
tot_uptimes: 2099
tot_uptimes_duration: 125880.0303999891
