comms_cons: 122.87971839731144
finished_reconf: true
global_termination_time: 1240345.23
local_termination_time: 810037.7567999983
node_cons: 25475.153939999953
tot_aggregated_send: 17864
tot_msg_rcv: 296
tot_msg_sent: 517
tot_reconf_duration: 5.43
tot_sleeping_duration: 1221325.23
tot_uptimes: 318
tot_uptimes_duration: 19020.0
