comms_cons: 118.05058559803327
finished_reconf: true
global_termination_time: 1197707.334
local_termination_time: 1028568.8953599998
node_cons: 24599.398979999954
tot_aggregated_send: 17400
tot_msg_rcv: 205
tot_msg_sent: 338
tot_reconf_duration: 11.31
tot_sleeping_duration: 1179347.334
tot_uptimes: 307
tot_uptimes_duration: 18360.0
