comms_cons: 67.4170624000426
finished_reconf: true
global_termination_time: 657973.0413199996
local_termination_time: 22566.207360000008
node_cons: 13531.338000960668
tot_aggregated_send: 8700
tot_msg_rcv: 485
tot_msg_sent: 1061
tot_reconf_duration: 4.8100000000000005
tot_sleeping_duration: 647872.3646799991
tot_uptimes: 169
tot_uptimes_duration: 10100.676640000485
