comms_cons: 68.59704959807445
finished_reconf: true
global_termination_time: 661234.045
local_termination_time: 249521.78436000008
node_cons: 13583.454184481163
tot_aggregated_send: 8758
tot_msg_rcv: 620
tot_msg_sent: 1047
tot_reconf_duration: 4.390000000000001
tot_sleeping_duration: 651094.0206799993
tot_uptimes: 170
tot_uptimes_duration: 10140.02432000084
