comms_cons: 133.67618559512775
finished_reconf: true
global_termination_time: 1357838.244
local_termination_time: 4358.6140000000005
node_cons: 27884.797160000046
tot_aggregated_send: 19251
tot_msg_rcv: 371
tot_msg_sent: 696
tot_reconf_duration: 5.02
tot_sleeping_duration: 1337018.244
tot_uptimes: 348
tot_uptimes_duration: 20820.0
