comms_cons: 134.17488639503011
finished_reconf: true
global_termination_time: 1354273.8634799998
local_termination_time: 1354273.8223599999
node_cons: 27930.451822557032
tot_aggregated_send: 19139
tot_msg_rcv: 376
tot_msg_sent: 878
tot_reconf_duration: 74.44
tot_sleeping_duration: 1333490.172440002
tot_uptimes: 347
tot_uptimes_duration: 20783.691039997757
