comms_cons: 247.0818559930044
finished_reconf: true
global_termination_time: 2509985.327
local_termination_time: 885957.6947199998
node_cons: 51585.205799999196
tot_aggregated_send: 36250
tot_msg_rcv: 379
tot_msg_sent: 926
tot_reconf_duration: 5.1
tot_sleeping_duration: 2471465.327
tot_uptimes: 643
tot_uptimes_duration: 38520.0
