comms_cons: 251.0563200011058
finished_reconf: true
global_termination_time: 2512507.307
local_termination_time: 251194.20120000062
node_cons: 51662.802639999216
tot_aggregated_send: 35902
tot_msg_rcv: 867
tot_msg_sent: 1390
tot_reconf_duration: 3.08
tot_sleeping_duration: 2473927.307
tot_uptimes: 644
tot_uptimes_duration: 38580.0
