comms_cons: 244.94361599242606
finished_reconf: true
global_termination_time: 2511624.732
local_termination_time: 1775210.380359999
node_cons: 51675.771539999405
tot_aggregated_send: 36192
tot_msg_rcv: 310
tot_msg_sent: 728
tot_reconf_duration: 12.629999999999999
tot_sleeping_duration: 2473044.732
tot_uptimes: 644
tot_uptimes_duration: 38580.0
