comms_cons: 253.75722237275747
finished_reconf: true
global_termination_time: 2509373.756
local_termination_time: 291424.184
node_cons: 51591.479277366045
tot_aggregated_send: 33230
tot_msg_rcv: 1821
tot_msg_sent: 3518
tot_reconf_duration: 7.819999999999999
tot_sleeping_duration: 2470851.829400025
tot_uptimes: 643
tot_uptimes_duration: 38521.92659997521
