comms_cons: 253.92026240077126
finished_reconf: true
global_termination_time: 2513054.399
local_termination_time: 407983.744
node_cons: 51671.26767181208
tot_aggregated_send: 34160
tot_msg_rcv: 1441
tot_msg_sent: 2993
tot_reconf_duration: 5.43
tot_sleeping_duration: 2474470.4604400205
tot_uptimes: 644
tot_uptimes_duration: 38583.938559979724
