comms_cons: 251.17205757181972
finished_reconf: true
global_termination_time: 2508285.306
local_termination_time: 802894.813
node_cons: 51599.61679077914
tot_aggregated_send: 33511
tot_msg_rcv: 1577
tot_msg_sent: 3088
tot_reconf_duration: 15.34
tot_sleeping_duration: 2469764.928800015
tot_uptimes: 643
tot_uptimes_duration: 38520.37719998503
