comms_cons: 281.8972160120106
finished_reconf: false
global_termination_time: 2808869.462
local_termination_time: 0
node_cons: 57844.80814111579
tot_aggregated_send: 39614
tot_msg_rcv: 1085
tot_msg_sent: 2147
tot_reconf_duration: 0
tot_sleeping_duration: 2765669.4559200024
tot_uptimes: 720
tot_uptimes_duration: 43200.00607999763
