comms_cons: 284.5240832152958
finished_reconf: true
global_termination_time: 2810589.068
local_termination_time: 1665498.6615999998
node_cons: 57853.25511535739
tot_aggregated_send: 38918
tot_msg_rcv: 1488
tot_msg_sent: 2840
tot_reconf_duration: 6.22
tot_sleeping_duration: 2767389.061760001
tot_uptimes: 720
tot_uptimes_duration: 43200.00623999885
