comms_cons: 284.4282944130653
finished_reconf: true
global_termination_time: 2810450.764
local_termination_time: 1657863.0510799997
node_cons: 57860.17526223271
tot_aggregated_send: 38918
tot_msg_rcv: 1477
tot_msg_sent: 2836
tot_reconf_duration: 11.31
tot_sleeping_duration: 2767250.7518400047
tot_uptimes: 720
tot_uptimes_duration: 43200.01215999527
