comms_cons: 282.2082368188685
finished_reconf: true
global_termination_time: 2808815.148
local_termination_time: 1589961.96248
node_cons: 57865.656143350214
tot_aggregated_send: 39498
tot_msg_rcv: 1142
tot_msg_sent: 2254
tot_reconf_duration: 15.34
tot_sleeping_duration: 2765615.129760007
tot_uptimes: 720
tot_uptimes_duration: 43200.01823999337
