comms_cons: 184.89930878826314
finished_reconf: true
global_termination_time: 1859706.982
local_termination_time: 914654.8023599999
node_cons: 38266.59360335026
tot_aggregated_send: 25694
tot_msg_rcv: 788
tot_msg_sent: 1621
tot_reconf_duration: 18.21
tot_sleeping_duration: 1831146.9637600072
tot_uptimes: 477
tot_uptimes_duration: 28560.018239992904
