comms_cons: 185.672230387462
finished_reconf: true
global_termination_time: 1861383.78
local_termination_time: 950027.2963599999
node_cons: 38248.42082670088
tot_aggregated_send: 24998
tot_msg_rcv: 1067
tot_msg_sent: 2157
tot_reconf_duration: 4.8100000000000005
tot_sleeping_duration: 1832823.7435200142
tot_uptimes: 477
tot_uptimes_duration: 28560.036479985807
