comms_cons: 59.81276160117101
finished_reconf: true
global_termination_time: 589165.275
local_termination_time: 379929.97036000004
node_cons: 12071.535662242859
tot_aggregated_send: 7772
tot_msg_rcv: 403
tot_msg_sent: 916
tot_reconf_duration: 15.110000000000001
tot_sleeping_duration: 580165.2628399979
tot_uptimes: 151
tot_uptimes_duration: 9000.012160002138
