comms_cons: 59.383859201263654
finished_reconf: true
global_termination_time: 588654.804
local_termination_time: 19960.958480000005
node_cons: 12081.766841121449
tot_aggregated_send: 8004
tot_msg_rcv: 343
tot_msg_sent: 679
tot_reconf_duration: 22.65
tot_sleeping_duration: 579654.797919999
tot_uptimes: 151
tot_uptimes_duration: 9000.006080001069
