comms_cons: 60.58127359977757
finished_reconf: true
global_termination_time: 588630.926
local_termination_time: 232128.2954800001
node_cons: 12076.402741116864
tot_aggregated_send: 7830
tot_msg_rcv: 577
tot_msg_sent: 801
tot_reconf_duration: 18.700000000000003
tot_sleeping_duration: 579630.9199200023
tot_uptimes: 151
tot_uptimes_duration: 9000.006079997635
