comms_cons: 13.848332799609075
finished_reconf: true
global_termination_time: 119705.748
local_termination_time: 72196.4939999995
node_cons: 2436.203045118484
tot_aggregated_send: 986
tot_msg_rcv: 425
tot_msg_sent: 693
tot_reconf_duration: 15.34
tot_sleeping_duration: 117901.88592000115
tot_uptimes: 31
tot_uptimes_duration: 1803.8620799988566
