comms_cons: 13.435980799725726
finished_reconf: true
global_termination_time: 117381.612
local_termination_time: 60676.73048000001
node_cons: 2444.5736822383064
tot_aggregated_send: 1160
tot_msg_rcv: 318
tot_msg_sent: 565
tot_reconf_duration: 25.299999999999997
tot_sleeping_duration: 115581.59984000126
tot_uptimes: 31
tot_uptimes_duration: 1800.0121599987324
