comms_cons: 8.936774400076187
finished_reconf: true
global_termination_time: 65840.524
local_termination_time: 35336.120080000124
node_cons: 1298.2405011202877
tot_aggregated_send: 290
tot_msg_rcv: 426
tot_msg_sent: 642
tot_reconf_duration: 9.42
tot_sleeping_duration: 64880.51791999979
tot_uptimes: 17
tot_uptimes_duration: 960.0060800002166
