comms_cons: 8.248870400073676
finished_reconf: true
global_termination_time: 65977.731
local_termination_time: 30516.043359999996
node_cons: 1310.850882240481
tot_aggregated_send: 290
tot_msg_rcv: 339
tot_msg_sent: 625
tot_reconf_duration: 18.700000000000003
tot_sleeping_duration: 65017.71883999964
tot_uptimes: 17
tot_uptimes_duration: 960.0121600003622
