comms_cons: 8.971839999970115
finished_reconf: true
global_termination_time: 68915.625
local_termination_time: 29560.567600000006
node_cons: 1380.6582411202921
tot_aggregated_send: 290
tot_msg_rcv: 381
tot_msg_sent: 693
tot_reconf_duration: 10.95
tot_sleeping_duration: 67895.61891999978
tot_uptimes: 18
tot_uptimes_duration: 1020.0060800002175
