comms_cons: 9.416716800085279
finished_reconf: true
global_termination_time: 66924.044
local_termination_time: 23546.131
node_cons: 1370.6165732003033
tot_aggregated_send: 406
tot_msg_rcv: 488
tot_msg_sent: 537
tot_reconf_duration: 3.05
tot_sleeping_duration: 65903.52519999977
tot_uptimes: 18
tot_uptimes_duration: 1020.5188000002237
