comms_cons: 9.3753600001831
finished_reconf: true
global_termination_time: 69538.387
local_termination_time: 33251.99632000014
node_cons: 1376.4239833608735
tot_aggregated_send: 348
tot_msg_rcv: 490
tot_msg_sent: 587
tot_reconf_duration: 7.819999999999999
tot_sleeping_duration: 68518.36875999934
tot_uptimes: 18
tot_uptimes_duration: 1020.0182400006524
