comms_cons: 9.904736000099923
finished_reconf: true
global_termination_time: 69760.617
local_termination_time: 30453.461000000003
node_cons: 1374.2511833605868
tot_aggregated_send: 290
tot_msg_rcv: 512
tot_msg_sent: 705
tot_reconf_duration: 6.22
tot_sleeping_duration: 68740.59875999956
tot_uptimes: 18
tot_uptimes_duration: 1020.0182400004414
