comms_cons: 1.3158399999970547
finished_reconf: true
global_termination_time: 10406.90148
local_termination_time: 10406.86036
node_cons: 229.84121984000694
tot_aggregated_send: 0
tot_msg_rcv: 101
tot_msg_sent: 98
tot_reconf_duration: 37.410000000000004
tot_sleeping_duration: 10273.190919999995
tot_uptimes: 3
tot_uptimes_duration: 133.710560000005
