comms_cons: 1.5177727999989223
finished_reconf: true
global_termination_time: 10923.026
local_termination_time: 7328.476360000001
node_cons: 177.83154000000016
tot_aggregated_send: 0
tot_msg_rcv: 125
tot_msg_sent: 105
tot_reconf_duration: 12.629999999999999
tot_sleeping_duration: 10803.026
tot_uptimes: 3
tot_uptimes_duration: 120.0
