comms_cons: 209.2385983893333
finished_reconf: true
global_termination_time: 2104345.074
local_termination_time: 115557.22835999998
node_cons: 43243.80195927168
tot_aggregated_send: 29290
tot_msg_rcv: 816
tot_msg_sent: 1696
tot_reconf_duration: 15.34
tot_sleeping_duration: 2072065.0364800058
tot_uptimes: 539
tot_uptimes_duration: 32280.037519994075
