comms_cons: 209.6720319867895
finished_reconf: true
global_termination_time: 2103611.046
local_termination_time: 1157505.2794799998
node_cons: 43229.8702233499
tot_aggregated_send: 29522
tot_msg_rcv: 695
tot_msg_sent: 1652
tot_reconf_duration: 5.1
tot_sleeping_duration: 2071331.0277600072
tot_uptimes: 539
tot_uptimes_duration: 32280.018239992904
