comms_cons: 209.07980799393314
finished_reconf: true
global_termination_time: 2104340.237
local_termination_time: 1292103.4085999997
node_cons: 43240.81300111633
tot_aggregated_send: 30276
tot_msg_rcv: 583
tot_msg_sent: 919
tot_reconf_duration: 13.17
tot_sleeping_duration: 2072060.2309200026
tot_uptimes: 539
tot_uptimes_duration: 32280.006079997635
