comms_cons: 273.9743296008999
finished_reconf: true
global_termination_time: 2810785.562
local_termination_time: 4716.656
node_cons: 57854.439063349775
tot_aggregated_send: 39838
tot_msg_rcv: 632
tot_msg_sent: 1172
tot_reconf_duration: 7.08
tot_sleeping_duration: 2767585.543760007
tot_uptimes: 720
tot_uptimes_duration: 43200.01823999314
