comms_cons: 3.1119615999958294
finished_reconf: true
global_termination_time: 17980.89
local_termination_time: 9891.81236
node_cons: 331.97955999999965
tot_aggregated_send: 0
tot_msg_rcv: 303
tot_msg_sent: 170
tot_reconf_duration: 7.819999999999999
tot_sleeping_duration: 17740.89
tot_uptimes: 5
tot_uptimes_duration: 240.0
