comms_cons: 112.56353278915402
finished_reconf: true
global_termination_time: 1102852.609
local_termination_time: 418961.5216800003
node_cons: 22686.646841116897
tot_aggregated_send: 15138
tot_msg_rcv: 770
tot_msg_sent: 1201
tot_reconf_duration: 22.65
tot_sleeping_duration: 1085932.6029200023
tot_uptimes: 283
tot_uptimes_duration: 16920.006079997635
