comms_cons: 155.5374655925929
finished_reconf: true
global_termination_time: 1571194.535
local_termination_time: 362020.0127600004
node_cons: 32304.244060000066
tot_aggregated_send: 22504
tot_msg_rcv: 385
tot_msg_sent: 751
tot_reconf_duration: 5.57
tot_sleeping_duration: 1547074.535
tot_uptimes: 403
tot_uptimes_duration: 24120.000000000004
