comms_cons: 155.84276479381313
finished_reconf: true
global_termination_time: 1571965.219
local_termination_time: 200720.12136000008
node_cons: 32331.04554111691
tot_aggregated_send: 22620
tot_msg_rcv: 394
tot_msg_sent: 673
tot_reconf_duration: 25.299999999999997
tot_sleeping_duration: 1547845.2129200024
tot_uptimes: 403
tot_uptimes_duration: 24120.006079997635
