comms_cons: 155.6836095933153
finished_reconf: true
global_termination_time: 1569263.521
local_termination_time: 590152.1315999997
node_cons: 32220.522639999996
tot_aggregated_send: 22388
tot_msg_rcv: 406
tot_msg_sent: 868
tot_reconf_duration: 3.08
tot_sleeping_duration: 1545203.521
tot_uptimes: 402
tot_uptimes_duration: 24060.0
