comms_cons: 155.69676799642085
finished_reconf: true
global_termination_time: 1573013.738
local_termination_time: 438253.5956800002
node_cons: 32322.07459999999
tot_aggregated_send: 22504
tot_msg_rcv: 366
tot_msg_sent: 795
tot_reconf_duration: 18.700000000000003
tot_sleeping_duration: 1548893.738
tot_uptimes: 403
tot_uptimes_duration: 24120.0
