comms_cons: 154.92655359627742
finished_reconf: true
global_termination_time: 1571363.067
local_termination_time: 637990.1313599999
node_cons: 32312.840200000082
tot_aggregated_send: 22620
tot_msg_rcv: 242
tot_msg_sent: 685
tot_reconf_duration: 11.899999999999999
tot_sleeping_duration: 1547243.067
tot_uptimes: 403
tot_uptimes_duration: 24120.0
