comms_cons: 160.67055357825416
finished_reconf: true
global_termination_time: 1570347.196
local_termination_time: 768531.2633599999
node_cons: 32312.104108934625
tot_aggregated_send: 20764
tot_msg_rcv: 1102
tot_msg_sent: 2554
tot_reconf_duration: 11.31
tot_sleeping_duration: 1546227.147360019
tot_uptimes: 403
tot_uptimes_duration: 24120.048639981076
