comms_cons: 257.94411519933635
finished_reconf: true
global_termination_time: 2626149.456
local_termination_time: 1596677.9953599998
node_cons: 54006.364859999034
tot_aggregated_send: 38454
tot_msg_rcv: 242
tot_msg_sent: 510
tot_reconf_duration: 13.17
tot_sleeping_duration: 2585829.456
tot_uptimes: 673
tot_uptimes_duration: 40320.0
