comms_cons: 258.06254080277387
finished_reconf: true
global_termination_time: 2625573.777
local_termination_time: 1385592.33136
node_cons: 54013.87459999938
tot_aggregated_send: 37932
tot_msg_rcv: 437
tot_msg_sent: 855
tot_reconf_duration: 18.700000000000003
tot_sleeping_duration: 2585253.777
tot_uptimes: 673
tot_uptimes_duration: 40320.0
