comms_cons: 264.28702716850603
finished_reconf: true
global_termination_time: 2623381.332
local_termination_time: 1181388.20536
node_cons: 53918.800265583384
tot_aggregated_send: 34858
tot_msg_rcv: 1938
tot_msg_sent: 3374
tot_reconf_duration: 7.819999999999999
tot_sleeping_duration: 2583121.3016000115
tot_uptimes: 672
tot_uptimes_duration: 40260.03039998817
