comms_cons: 264.6458559887791
finished_reconf: true
global_termination_time: 2622860.3172399905
local_termination_time: 121135.8973199999
node_cons: 53983.17938828574
tot_aggregated_send: 35960
tot_msg_rcv: 1315
tot_msg_sent: 2947
tot_reconf_duration: 11.31
tot_sleeping_duration: 2582555.7463600156
tot_uptimes: 672
tot_uptimes_duration: 40304.57087997504
