comms_cons: 266.49711360234545
finished_reconf: true
global_termination_time: 2624948.261
local_termination_time: 960077.235
node_cons: 53995.935351168
tot_aggregated_send: 34910
tot_msg_rcv: 1807
tot_msg_sent: 3789
tot_reconf_duration: 5.43
tot_sleeping_duration: 2584628.200200023
tot_uptimes: 673
tot_uptimes_duration: 40320.06079997681
