comms_cons: 472.3561281040838
finished_reconf: true
global_termination_time: 4672651.306
local_termination_time: 2372591.51636
node_cons: 96093.2126855828
tot_aggregated_send: 64728
tot_msg_rcv: 2424
tot_msg_sent: 4643
tot_reconf_duration: 4.8100000000000005
tot_sleeping_duration: 4600891.2756000105
tot_uptimes: 1197
tot_uptimes_duration: 71760.0303999891
