comms_cons: 469.41155847159723
finished_reconf: true
global_termination_time: 4673579.699
local_termination_time: 1064397.50736
node_cons: 96094.06278669946
tot_aggregated_send: 65192
tot_msg_rcv: 1975
tot_msg_sent: 4180
tot_reconf_duration: 5.43
tot_sleeping_duration: 4601819.662520014
tot_uptimes: 1197
tot_uptimes_duration: 71760.03647998674
