comms_cons: 48.12684800009318
finished_reconf: true
global_termination_time: 493676.501
local_termination_time: 489627.22464000084
node_cons: 10129.37198000001
tot_aggregated_send: 7250
tot_msg_rcv: 13
tot_msg_sent: 52
tot_reconf_duration: 4.8100000000000005
tot_sleeping_duration: 486116.501
tot_uptimes: 127
tot_uptimes_duration: 7560.0
