comms_cons: 122.24216319548896
finished_reconf: true
global_termination_time: 1232808.285
local_termination_time: 524677.9294799998
node_cons: 25314.025800000007
tot_aggregated_send: 17574
tot_msg_rcv: 314
tot_msg_sent: 692
tot_reconf_duration: 5.1
tot_sleeping_duration: 1213908.285
tot_uptimes: 316
tot_uptimes_duration: 18900.0
