comms_cons: 122.88034559660213
finished_reconf: true
global_termination_time: 1236094.33
local_termination_time: 703828.16536
node_cons: 25421.7974000001
tot_aggregated_send: 17748
tot_msg_rcv: 373
tot_msg_sent: 556
tot_reconf_duration: 25.299999999999997
tot_sleeping_duration: 1217134.33
tot_uptimes: 317
tot_uptimes_duration: 18960.0
