comms_cons: 31.238041599926365
finished_reconf: true
global_termination_time: 11047.920240000003
local_termination_time: 1197.4430400000015
node_cons: 3449.6577119600574
tot_aggregated_send: 0
tot_msg_rcv: 2317
tot_msg_sent: 2430
tot_reconf_duration: 18.21
tot_sleeping_duration: 8490.09459999996
tot_uptimes: 39
tot_uptimes_duration: 2557.8256400000423
