comms_cons: 1.3947903999986302
finished_reconf: true
global_termination_time: 11047.40248
local_termination_time: 11047.36136
node_cons: 212.4316598400069
tot_aggregated_send: 0
tot_msg_rcv: 101
tot_msg_sent: 110
tot_reconf_duration: 24.59
tot_sleeping_duration: 10913.691919999996
tot_uptimes: 3
tot_uptimes_duration: 133.710560000005
