comms_cons: 45.471193602012555
finished_reconf: true
global_termination_time: 203275.84616000042
local_termination_time: 2518.2896
node_cons: 4239.977020966874
tot_aggregated_send: 0
tot_msg_rcv: 3853
tot_msg_sent: 3054
tot_reconf_duration: 18.21
tot_sleeping_duration: 200127.7895199953
tot_uptimes: 53
tot_uptimes_duration: 3148.056640005132
