comms_cons: 40.191360001922355
finished_reconf: true
global_termination_time: 206603.995
local_termination_time: 2757.70436
node_cons: 4208.446841119155
tot_aggregated_send: 0
tot_msg_rcv: 3112
tot_msg_sent: 2996
tot_reconf_duration: 22.65
tot_sleeping_duration: 203483.98892000064
tot_uptimes: 53
tot_uptimes_duration: 3120.006079999366
