comms_cons: 20.70474240011659
finished_reconf: true
global_termination_time: 208026.726
local_termination_time: 203259.71080000073
node_cons: 4265.3939399999945
tot_aggregated_send: 2900
tot_msg_rcv: 87
tot_msg_sent: 160
tot_reconf_duration: 5.43
tot_sleeping_duration: 204846.726
tot_uptimes: 54
tot_uptimes_duration: 3180.0
