comms_cons: 127.10647041661696
finished_reconf: true
global_termination_time: 434729.2016000002
local_termination_time: 2645.040480000002
node_cons: 17779.58295840023
tot_aggregated_send: 0
tot_msg_rcv: 6502
tot_msg_sent: 12815
tot_reconf_duration: 5.57
tot_sleeping_duration: 421456.5960000001
tot_uptimes: 220
tot_uptimes_duration: 13272.605600000155
