comms_cons: 515.8028033015248
finished_reconf: true
global_termination_time: 5145752.942
local_termination_time: 638533.6491599993
node_cons: 105811.98702893287
tot_aggregated_send: 71456
tot_msg_rcv: 2349
tot_msg_sent: 4593
tot_reconf_duration: 3.05
tot_sleeping_duration: 5066732.893360018
tot_uptimes: 1318
tot_uptimes_duration: 79020.04863998201
