comms_cons: 949.6881812418201
finished_reconf: true
global_termination_time: 5143896.159
local_termination_time: 800207.8884799998
node_cons: 105818.45654781575
tot_aggregated_send: 0
tot_msg_rcv: 72710
tot_msg_sent: 71637
tot_reconf_duration: 7.819999999999999
tot_sleeping_duration: 5064876.116440016
tot_uptimes: 1318
tot_uptimes_duration: 79020.04255998414
