comms_cons: 28.343820799926387
finished_reconf: true
global_termination_time: 288663.33336000063
local_termination_time: 252017.35736000005
node_cons: 5935.816251040837
tot_aggregated_send: 4060
tot_msg_rcv: 56
tot_msg_sent: 192
tot_reconf_duration: 11.31
tot_sleeping_duration: 284241.782
tot_uptimes: 74
tot_uptimes_duration: 4421.551360000623
