comms_cons: 51.26512640088118
finished_reconf: true
global_termination_time: 514479.143
local_termination_time: 281560.63160000055
node_cons: 10555.306841121475
tot_aggregated_send: 6902
tot_msg_rcv: 214
tot_msg_sent: 676
tot_reconf_duration: 22.65
tot_sleeping_duration: 506619.1369199989
tot_uptimes: 132
tot_uptimes_duration: 7860.006080001069
