comms_cons: 51.817088000632076
finished_reconf: true
global_termination_time: 514072.841
local_termination_time: 308870.60036000004
node_cons: 10532.120342242884
tot_aggregated_send: 6960
tot_msg_rcv: 279
tot_msg_sent: 636
tot_reconf_duration: 5.57
tot_sleeping_duration: 506212.8288399979
tot_uptimes: 132
tot_uptimes_duration: 7860.0121600021375
