comms_cons: 52.83160320127588
finished_reconf: true
global_termination_time: 513229.464
local_termination_time: 183871.00408000016
node_cons: 10531.104544485734
tot_aggregated_send: 6960
tot_msg_rcv: 432
tot_msg_sent: 638
tot_reconf_duration: 4.8100000000000005
tot_sleeping_duration: 505369.4396799957
tot_uptimes: 132
tot_uptimes_duration: 7860.024320004275
