comms_cons: 102.25031681423486
finished_reconf: true
global_termination_time: 516813.781
local_termination_time: 446.9930399999995
node_cons: 10613.343042240596
tot_aggregated_send: 0
tot_msg_rcv: 7878
tot_msg_sent: 7661
tot_reconf_duration: 6.22
tot_sleeping_duration: 508893.76883999957
tot_uptimes: 133
tot_uptimes_duration: 7920.012160000435
