comms_cons: 136.27585921289582
finished_reconf: true
global_termination_time: 283324.03668000083
local_termination_time: 2300.7655200000017
node_cons: 17031.36314535708
tot_aggregated_send: 0
tot_msg_rcv: 8456
tot_msg_sent: 12255
tot_reconf_duration: 18.21
tot_sleeping_duration: 270623.04044000304
tot_uptimes: 208
tot_uptimes_duration: 12700.996239997805
