comms_cons: 407.23274241261845
finished_reconf: true
global_termination_time: 4149186.334
local_termination_time: 1422759.373599999
node_cons: 85337.24019999796
tot_aggregated_send: 59450
tot_msg_rcv: 826
tot_msg_sent: 1621
tot_reconf_duration: 11.899999999999999
tot_sleeping_duration: 4085466.334
tot_uptimes: 1063
tot_uptimes_duration: 63720.0
