comms_cons: 7.340736000063103
finished_reconf: true
global_termination_time: 63940.743
local_termination_time: 40745.23784000002
node_cons: 1298.2730656003212
tot_aggregated_send: 522
tot_msg_rcv: 237
tot_msg_sent: 356
tot_reconf_duration: 9.42
tot_sleeping_duration: 62980.71259999976
tot_uptimes: 17
tot_uptimes_duration: 960.0304000002416
