comms_cons: 78.25300480989625
finished_reconf: true
global_termination_time: 635142.201
local_termination_time: 183250.43136000005
node_cons: 13045.83870000001
tot_aggregated_send: 0
tot_msg_rcv: 6048
tot_msg_sent: 5846
tot_reconf_duration: 22.65
tot_sleeping_duration: 625422.201
tot_uptimes: 163
tot_uptimes_duration: 9720.0
