comms_cons: 62.34449920022784
finished_reconf: true
global_termination_time: 639310.43
local_termination_time: 272948.79
node_cons: 13106.047701121459
tot_aggregated_send: 8924
tot_msg_rcv: 201
tot_msg_sent: 351
tot_reconf_duration: 7.819999999999999
tot_sleeping_duration: 629530.4239199989
tot_uptimes: 164
tot_uptimes_duration: 9780.006080001069
