comms_cons: 60.78522880015904
finished_reconf: true
global_termination_time: 634743.617
local_termination_time: 277984.93636000005
node_cons: 13030.447121121446
tot_aggregated_send: 8990
tot_msg_rcv: 36
tot_msg_sent: 213
tot_reconf_duration: 11.31
tot_sleeping_duration: 625023.610919999
tot_uptimes: 163
tot_uptimes_duration: 9720.006080001069
