comms_cons: 2.2895615999966186
finished_reconf: true
global_termination_time: 11893.42
local_termination_time: 5294.147360000001
node_cons: 249.5482400000009
tot_aggregated_send: 0
tot_msg_rcv: 179
tot_msg_sent: 169
tot_reconf_duration: 6.279999999999999
tot_sleeping_duration: 11713.42
tot_uptimes: 4
tot_uptimes_duration: 180.0
