comms_cons: 63.785971200329186
finished_reconf: true
global_termination_time: 661669.863
local_termination_time: 335491.76936000003
node_cons: 13584.858363359703
tot_aggregated_send: 8816
tot_msg_rcv: 239
tot_msg_sent: 641
tot_reconf_duration: 5.43
tot_sleeping_duration: 651529.8447600002
tot_uptimes: 170
tot_uptimes_duration: 10140.018239999772
