comms_cons: 29.689984000006337
finished_reconf: true
global_termination_time: 300200.911
local_termination_time: 193846.97436000005
node_cons: 6113.404060000015
tot_aggregated_send: 4002
tot_msg_rcv: 108
tot_msg_sent: 401
tot_reconf_duration: 5.57
tot_sleeping_duration: 295640.911
tot_uptimes: 77
tot_uptimes_duration: 4560.0
