comms_cons: 59.04174079899997
finished_reconf: true
global_termination_time: 602214.813
local_termination_time: 2359.01212
node_cons: 12376.137942241454
tot_aggregated_send: 0
tot_msg_rcv: 43
tot_msg_sent: 8931
tot_reconf_duration: 2.77
tot_sleeping_duration: 592974.8008399989
tot_uptimes: 155
tot_uptimes_duration: 9240.012160001073
