comms_cons: 751.171590548577
finished_reconf: true
global_termination_time: 7511044.862239989
local_termination_time: 119341.57947999997
node_cons: 154586.36835163133
tot_aggregated_send: 105676
tot_msg_rcv: 2869
tot_msg_sent: 5627
tot_reconf_duration: 18.21
tot_sleeping_duration: 7395614.213120023
tot_uptimes: 1924
tot_uptimes_duration: 115430.64911996754
