comms_cons: 737.8996352919494
finished_reconf: true
global_termination_time: 7513527.713
local_termination_time: 1941692.72836
node_cons: 154595.04056669775
tot_aggregated_send: 105792
tot_msg_rcv: 2133
tot_msg_sent: 4231
tot_reconf_duration: 15.34
tot_sleeping_duration: 7398087.676520013
tot_uptimes: 1925
tot_uptimes_duration: 115440.0364799872
