comms_cons: 750.8189121695857
finished_reconf: true
global_termination_time: 7512135.632
local_termination_time: 361139.11736000003
node_cons: 154500.42525004785
tot_aggregated_send: 104748
tot_msg_rcv: 3178
tot_msg_sent: 6194
tot_reconf_duration: 4.8100000000000005
tot_sleeping_duration: 7396755.57728002
tot_uptimes: 1924
tot_uptimes_duration: 115380.05471997989
