comms_cons: 749.8404161878775
finished_reconf: true
global_termination_time: 7514498.191
local_termination_time: 1432544.6626399993
node_cons: 154584.8446889311
tot_aggregated_send: 104052
tot_msg_rcv: 3474
tot_msg_sent: 6444
tot_reconf_duration: 7.819999999999999
tot_sleeping_duration: 7399058.142360018
tot_uptimes: 1925
tot_uptimes_duration: 115440.04863998224
