comms_cons: 753.0822786001598
finished_reconf: true
global_termination_time: 7511198.372
local_termination_time: 1546496.9173599998
node_cons: 154502.33188893096
tot_aggregated_send: 103124
tot_msg_rcv: 4082
tot_msg_sent: 7258
tot_reconf_duration: 6.22
tot_sleeping_duration: 7395818.3233600175
tot_uptimes: 1924
tot_uptimes_duration: 115380.04863998224
