comms_cons: 740.1540801091013
finished_reconf: true
global_termination_time: 7515272.16
local_termination_time: 1756016.050759999
node_cons: 154581.5746455804
tot_aggregated_send: 105154
tot_msg_rcv: 2409
tot_msg_sent: 4937
tot_reconf_duration: 5.43
tot_sleeping_duration: 7399832.129600011
tot_uptimes: 1925
tot_uptimes_duration: 115440.03039998934
