comms_cons: 507.7551105222362
finished_reconf: true
global_termination_time: 5036841.915
local_termination_time: 1127850.1129599977
node_cons: 103576.21813004963
tot_aggregated_send: 70064
tot_msg_rcv: 2413
tot_msg_sent: 4697
tot_reconf_duration: 13.17
tot_sleeping_duration: 4959501.86028002
tot_uptimes: 1290
tot_uptimes_duration: 77340.05471997964
