comms_cons: 506.7165248958003
finished_reconf: true
global_termination_time: 5037069.15
local_termination_time: 721011.4783599998
node_cons: 103573.7003911671
tot_aggregated_send: 70354
tot_msg_rcv: 2430
tot_msg_sent: 4233
tot_reconf_duration: 11.31
tot_sleeping_duration: 4959729.089200023
tot_uptimes: 1290
tot_uptimes_duration: 77340.06079997774
