comms_cons: 171.3440255867374
finished_reconf: true
global_termination_time: 1740413.898
local_termination_time: 5274.4
node_cons: 35785.806711172845
tot_aggregated_send: 23755
tot_msg_rcv: 831
tot_msg_sent: 1457
tot_reconf_duration: 25.35
tot_sleeping_duration: 1713713.8372000202
tot_uptimes: 446
tot_uptimes_duration: 26700.06079997978
