comms_cons: 170.48084479021395
finished_reconf: true
global_termination_time: 1738578.483
local_termination_time: 829.7822399999999
node_cons: 35764.12762671011
tot_aggregated_send: 23838
tot_msg_rcv: 717
tot_msg_sent: 1358
tot_reconf_duration: 9.41
tot_sleeping_duration: 1711878.4465200074
tot_uptimes: 446
tot_uptimes_duration: 26700.036479992676
