comms_cons: 58.50882560018286
finished_reconf: true
global_termination_time: 598751.323
local_termination_time: 582288.9973599999
node_cons: 12297.981620000035
tot_aggregated_send: 8642
tot_msg_rcv: 70
tot_msg_sent: 181
tot_reconf_duration: 4.390000000000001
tot_sleeping_duration: 589571.323
tot_uptimes: 154
tot_uptimes_duration: 9180.0
