comms_cons: 137.28284159504642
finished_reconf: true
global_termination_time: 1378933.057
local_termination_time: 881158.0593599998
node_cons: 28384.74917999999
tot_aggregated_send: 19604
tot_msg_rcv: 408
tot_msg_sent: 855
tot_reconf_duration: 18.21
tot_sleeping_duration: 1357753.057
tot_uptimes: 354
tot_uptimes_duration: 21180.0
