comms_cons: 137.0919039928127
finished_reconf: true
global_termination_time: 1375754.0765999998
local_termination_time: 1375754.0354799998
node_cons: 28331.51114287631
tot_aggregated_send: 19474
tot_msg_rcv: 421
tot_msg_sent: 942
tot_reconf_duration: 24.59
tot_sleeping_duration: 1354620.3066800025
tot_uptimes: 353
tot_uptimes_duration: 21133.769919997198
