comms_cons: 138.91980799054085
finished_reconf: true
global_termination_time: 1376650.781
local_termination_time: 778123.1323599999
node_cons: 28290.32398335063
tot_aggregated_send: 19256
tot_msg_rcv: 701
tot_msg_sent: 1158
tot_reconf_duration: 7.819999999999999
tot_sleeping_duration: 1355530.762760007
tot_uptimes: 353
tot_uptimes_duration: 21120.018239992904
