comms_cons: 381.3501696422934
finished_reconf: true
global_termination_time: 3793444.303
local_termination_time: 2445133.6259199986
node_cons: 78037.971901345
tot_aggregated_send: 53128
tot_msg_rcv: 1656
tot_msg_sent: 3179
tot_reconf_duration: 18.700000000000003
tot_sleeping_duration: 3735182.48276001
tot_uptimes: 972
tot_uptimes_duration: 58261.82023999002
