comms_cons: 383.7387072513226
finished_reconf: true
global_termination_time: 3794489.876
local_termination_time: 1294929.0237999985
node_cons: 78018.65188893398
tot_aggregated_send: 52432
tot_msg_rcv: 1999
tot_msg_sent: 3893
tot_reconf_duration: 6.22
tot_sleeping_duration: 3736229.827360018
tot_uptimes: 972
tot_uptimes_duration: 58260.04863998201
