comms_cons: 30.540646400898265
finished_reconf: true
global_termination_time: 289820.715
local_termination_time: 168082.38992000074
node_cons: 5951.129761121456
tot_aggregated_send: 3654
tot_msg_rcv: 348
tot_msg_sent: 640
tot_reconf_duration: 4.390000000000001
tot_sleeping_duration: 285380.70891999896
tot_uptimes: 75
tot_uptimes_duration: 4440.006080001069
