comms_cons: 231.22249599176513
finished_reconf: true
global_termination_time: 2284656.592
local_termination_time: 840566.6552799992
node_cons: 47087.80080446712
tot_aggregated_send: 31842
tot_msg_rcv: 1154
tot_msg_sent: 2148
tot_reconf_duration: 6.279999999999999
tot_sleeping_duration: 2249496.567680009
tot_uptimes: 586
tot_uptimes_duration: 35160.02431999077
