comms_cons: 228.91751038575472
finished_reconf: true
global_termination_time: 2285899.775
local_termination_time: 249275.87096000058
node_cons: 47006.31464559278
tot_aggregated_send: 31958
tot_msg_rcv: 973
tot_msg_sent: 1863
tot_reconf_duration: 5.43
tot_sleeping_duration: 2250799.744600005
tot_uptimes: 586
tot_uptimes_duration: 35100.03039999504
