comms_cons: 1.1316223999962627
finished_reconf: true
global_termination_time: 5712.081
local_termination_time: 2231.7164800000005
node_cons: 88.78676000000034
tot_aggregated_send: 0
tot_msg_rcv: 118
tot_msg_sent: 54
tot_reconf_duration: 6.22
tot_sleeping_duration: 5652.081
tot_uptimes: 2
tot_uptimes_duration: 60.0
