comms_cons: 10.20433919998982
finished_reconf: true
global_termination_time: 3485.1558800000025
local_termination_time: 3485.1147600000027
node_cons: 1230.372024320004
tot_aggregated_send: 0
tot_msg_rcv: 672
tot_msg_sent: 876
tot_reconf_duration: 24.59
tot_sleeping_duration: 2591.221
tot_uptimes: 15
tot_uptimes_duration: 893.9348800000025
