comms_cons: 0.25000959999917544
finished_reconf: true
global_termination_time: 3485.2380800000024
local_termination_time: 3471.85136
node_cons: 37.16945712000255
tot_aggregated_send: 0
tot_msg_rcv: 28
tot_msg_sent: 9
tot_reconf_duration: 5.57
tot_sleeping_duration: 3463.128
tot_uptimes: 1
tot_uptimes_duration: 22.1100800000022
