comms_cons: 195.69661438118644
finished_reconf: true
global_termination_time: 1928589.716
local_termination_time: 913168.8347199998
node_cons: 39638.394982233454
tot_aggregated_send: 26622
tot_msg_rcv: 1166
tot_msg_sent: 1956
tot_reconf_duration: 22.65
tot_sleeping_duration: 1899009.7038400047
tot_uptimes: 494
tot_uptimes_duration: 29580.01215999527
