comms_cons: 381.09430368425666
finished_reconf: true
global_termination_time: 1925403.1471199992
local_termination_time: 1451.3563600000002
node_cons: 39673.129136145835
tot_aggregated_send: 0
tot_msg_rcv: 29300
tot_msg_sent: 28621
tot_reconf_duration: 11.31
tot_sleeping_duration: 1895785.6936800096
tot_uptimes: 494
tot_uptimes_duration: 29617.453439989607
