comms_cons: 340.15121919277163
finished_reconf: true
global_termination_time: 3472140.988
local_termination_time: 2476508.46536
node_cons: 71439.41153999824
tot_aggregated_send: 50344
tot_msg_rcv: 480
tot_msg_sent: 877
tot_reconf_duration: 12.629999999999999
tot_sleeping_duration: 3418800.988
tot_uptimes: 890
tot_uptimes_duration: 53340.0
