comms_cons: 353.7839488443408
finished_reconf: true
global_termination_time: 3470420.601
local_termination_time: 611734.3958399988
node_cons: 71350.46445340144
tot_aggregated_send: 46458
tot_msg_rcv: 2544
tot_msg_sent: 4771
tot_reconf_duration: 6.22
tot_sleeping_duration: 3417140.5280400272
tot_uptimes: 889
tot_uptimes_duration: 53280.07295997231
