comms_cons: 350.80322564577693
finished_reconf: true
global_termination_time: 3473081.895
local_termination_time: 805303.6440399992
node_cons: 71429.73163340121
tot_aggregated_send: 46806
tot_msg_rcv: 1964
tot_msg_sent: 4552
tot_reconf_duration: 5.43
tot_sleeping_duration: 3419741.822040028
tot_uptimes: 890
tot_uptimes_duration: 53340.07295997231
