comms_cons: 28.57982720014944
finished_reconf: true
global_termination_time: 274939.546
local_termination_time: 100261.85419999989
node_cons: 5627.958182240572
tot_aggregated_send: 3654
tot_msg_rcv: 282
tot_msg_sent: 407
tot_reconf_duration: 3.05
tot_sleeping_duration: 270739.5338399995
tot_uptimes: 71
tot_uptimes_duration: 4200.012160000435
