comms_cons: 27.672115200458723
finished_reconf: true
global_termination_time: 274375.59320000076
local_termination_time: 181399.80148000008
node_cons: 5708.705568801045
tot_aggregated_send: 3886
tot_msg_rcv: 121
tot_msg_sent: 199
tot_reconf_duration: 11.31
tot_sleeping_duration: 270123.654
tot_uptimes: 71
tot_uptimes_duration: 4251.939200000779
