comms_cons: 234.2069887837623
finished_reconf: true
global_termination_time: 2334033.183
local_termination_time: 126262.403
node_cons: 48020.57408101787
tot_aggregated_send: 32594
tot_msg_rcv: 1022
tot_msg_sent: 1982
tot_reconf_duration: 22.65
tot_sleeping_duration: 2298193.1416400163
tot_uptimes: 598
tot_uptimes_duration: 35840.04135998391
