comms_cons: 231.8246911847713
finished_reconf: true
global_termination_time: 2334122.268
local_termination_time: 385117.3853600001
node_cons: 47969.56082670039
tot_aggregated_send: 32712
tot_msg_rcv: 835
tot_msg_sent: 1689
tot_reconf_duration: 4.8100000000000005
tot_sleeping_duration: 2298302.2315200143
tot_uptimes: 598
tot_uptimes_duration: 35820.03647998581
