comms_cons: 231.20029439025168
finished_reconf: true
global_termination_time: 2333921.788
local_termination_time: 1207506.0104799997
node_cons: 47971.46119906427
tot_aggregated_send: 32596
tot_msg_rcv: 913
tot_msg_sent: 1633
tot_reconf_duration: 6.22
tot_sleeping_duration: 2298101.7622800115
tot_uptimes: 598
tot_uptimes_duration: 35820.02571998874
