comms_cons: 45.745177600065745
finished_reconf: true
global_termination_time: 464102.976
local_termination_time: 51957.58936000001
node_cons: 9504.84918000001
tot_aggregated_send: 6670
tot_msg_rcv: 126
tot_msg_sent: 157
tot_reconf_duration: 18.21
tot_sleeping_duration: 457022.976
tot_uptimes: 119
tot_uptimes_duration: 7080.0
