comms_cons: 45.26489600028755
finished_reconf: true
global_termination_time: 460255.688
local_termination_time: 63434.37436000001
node_cons: 9408.308240000011
tot_aggregated_send: 6612
tot_msg_rcv: 99
tot_msg_sent: 169
tot_reconf_duration: 6.279999999999999
tot_sleeping_duration: 453235.688
tot_uptimes: 118
tot_uptimes_duration: 7020.0
