comms_cons: 268.3572543851564
finished_reconf: true
global_termination_time: 2810450.764
local_termination_time: 4917.504
node_cons: 57853.62152669996
tot_aggregated_send: 38914
tot_msg_rcv: 691
tot_msg_sent: 1183
tot_reconf_duration: 6.46
tot_sleeping_duration: 2767250.727520014
tot_uptimes: 720
tot_uptimes_duration: 43200.03647998581
