comms_cons: 269.0685695899304
finished_reconf: true
global_termination_time: 2810051.891
local_termination_time: 4958.794
node_cons: 57859.16760558313
tot_aggregated_send: 39554
tot_msg_rcv: 434
tot_msg_sent: 909
tot_reconf_duration: 10.55
tot_sleeping_duration: 2766851.8606000114
tot_uptimes: 720
tot_uptimes_duration: 43200.03039998817
