comms_cons: 242.04218878798127
finished_reconf: true
global_termination_time: 2400940.936
local_termination_time: 274078.02300000004
node_cons: 49368.00838847869
tot_aggregated_send: 33232
tot_msg_rcv: 1286
tot_msg_sent: 2271
tot_reconf_duration: 22.65
tot_sleeping_duration: 2364094.5956800007
tot_uptimes: 615
tot_uptimes_duration: 36846.340319999494
