comms_cons: 241.761900790622
finished_reconf: true
global_termination_time: 2402389.499
local_termination_time: 635026.9463599998
node_cons: 49429.97242558345
tot_aggregated_send: 33350
tot_msg_rcv: 1081
tot_msg_sent: 2314
tot_reconf_duration: 15.34
tot_sleeping_duration: 2365489.468600012
tot_uptimes: 616
tot_uptimes_duration: 36900.03039998817
