comms_cons: 240.99711999092182
finished_reconf: true
global_termination_time: 2399114.406
local_termination_time: 693777.1970799987
node_cons: 49337.320804466704
tot_aggregated_send: 33118
tot_msg_rcv: 1016
tot_msg_sent: 2496
tot_reconf_duration: 6.279999999999999
tot_sleeping_duration: 2362274.3816800094
tot_uptimes: 615
tot_uptimes_duration: 36840.02431999054
