comms_cons: 242.081766394778
finished_reconf: true
global_termination_time: 2405071.768
local_termination_time: 918290.9241599982
node_cons: 49416.68848334977
tot_aggregated_send: 33234
tot_msg_rcv: 1125
tot_msg_sent: 2436
tot_reconf_duration: 5.57
tot_sleeping_duration: 2368171.749760007
tot_uptimes: 616
tot_uptimes_duration: 36900.0182399929
