comms_cons: 242.95061759017642
finished_reconf: true
global_termination_time: 2400666.886
local_termination_time: 203674.86036000005
node_cons: 49332.92632335441
tot_aggregated_send: 32944
tot_msg_rcv: 1424
tot_msg_sent: 2559
tot_reconf_duration: 3.05
tot_sleeping_duration: 2363826.8677600035
tot_uptimes: 615
tot_uptimes_duration: 36840.01823999634
