comms_cons: 472.8495871109197
finished_reconf: true
global_termination_time: 2399805.177
local_termination_time: 2629.6383600000004
node_cons: 49344.151544471264
tot_aggregated_send: 0
tot_msg_rcv: 36256
tot_msg_sent: 35612
tot_reconf_duration: 11.31
tot_sleeping_duration: 2362965.1526800063
tot_uptimes: 615
tot_uptimes_duration: 36840.02431999397
