comms_cons: 241.85719039263648
finished_reconf: true
global_termination_time: 2400862.736
local_termination_time: 116423.92559999996
node_cons: 49336.16650446667
tot_aggregated_send: 33582
tot_msg_rcv: 1146
tot_msg_sent: 2032
tot_reconf_duration: 5.43
tot_sleeping_duration: 2364022.7116800095
tot_uptimes: 615
tot_uptimes_duration: 36840.02431999054
