comms_cons: 26.14574079856737
finished_reconf: true
global_termination_time: 135282.659
local_termination_time: 6398.967360000001
node_cons: 2762.3268411200097
tot_aggregated_send: 0
tot_msg_rcv: 2022
tot_msg_sent: 1952
tot_reconf_duration: 22.65
tot_sleeping_duration: 133242.65292000002
tot_uptimes: 35
tot_uptimes_duration: 2040.0060800000065
