comms_cons: 97.41163519781368
finished_reconf: true
global_termination_time: 990129.512
local_termination_time: 7022.560640000002
node_cons: 20332.568262238296
tot_aggregated_send: 13572
tot_msg_rcv: 401
tot_msg_sent: 833
tot_reconf_duration: 4.8100000000000005
tot_sleeping_duration: 974949.4998400013
tot_uptimes: 254
tot_uptimes_duration: 15180.012159998703
