comms_cons: 95.1549695999456
finished_reconf: true
global_termination_time: 990715.281
local_termination_time: 712915.1153599999
node_cons: 20330.161900000094
tot_aggregated_send: 14384
tot_msg_rcv: 14
tot_msg_sent: 65
tot_reconf_duration: 3.05
tot_sleeping_duration: 975535.281
tot_uptimes: 254
tot_uptimes_duration: 15180.0
