comms_cons: 92.75018880981827
finished_reconf: true
global_termination_time: 401607.25116000045
local_termination_time: 3587.4686
node_cons: 8257.07471441949
tot_aggregated_send: 0
tot_msg_rcv: 8079
tot_msg_sent: 6009
tot_reconf_duration: 18.21
tot_sleeping_duration: 395459.12155998586
tot_uptimes: 103
tot_uptimes_duration: 6148.129600014552
