comms_cons: 39.34361600009174
finished_reconf: true
global_termination_time: 404841.425
local_termination_time: 401591.12604000076
node_cons: 8282.584060000017
tot_aggregated_send: 5916
tot_msg_rcv: 18
tot_msg_sent: 46
tot_reconf_duration: 5.57
tot_sleeping_duration: 398661.425
tot_uptimes: 104
tot_uptimes_duration: 6180.0
