comms_cons: 40.24496640056183
finished_reconf: true
global_termination_time: 404165.987
local_termination_time: 125993.12859999994
node_cons: 8287.820501121438
tot_aggregated_send: 5626
tot_msg_rcv: 151
tot_msg_sent: 340
tot_reconf_duration: 9.42
tot_sleeping_duration: 397985.98091999895
tot_uptimes: 104
tot_uptimes_duration: 6180.006080001069
