comms_cons: 172.09304318640343
finished_reconf: true
global_termination_time: 1699479.43724
local_termination_time: 176370.43048000007
node_cons: 34994.34401606569
tot_aggregated_send: 23432
tot_msg_rcv: 1032
tot_msg_sent: 1693
tot_reconf_duration: 13.17
tot_sleeping_duration: 1673358.1085200107
tot_uptimes: 436
tot_uptimes_duration: 26121.32871998934
