comms_cons: 1151.692566144071
finished_reconf: true
global_termination_time: 7087108.204
local_termination_time: 3004066.14664
node_cons: 145745.3289455809
tot_aggregated_send: 0
tot_msg_rcv: 88217
tot_msg_sent: 86833
tot_reconf_duration: 6.279999999999999
tot_sleeping_duration: 6978268.173600011
tot_uptimes: 1815
tot_uptimes_duration: 108840.0303999891
