comms_cons: 2823.5809992295303
finished_reconf: true
global_termination_time: 7084463.778
local_termination_time: 3004066.4055199996
node_cons: 429694.5648508606
tot_aggregated_send: 0
tot_msg_rcv: 173640
tot_msg_sent: 255529
tot_reconf_duration: 5.57
tot_sleeping_duration: 6763562.358440015
tot_uptimes: 5268
tot_uptimes_duration: 320901.41955998435
