comms_cons: 694.9797633136855
finished_reconf: true
global_termination_time: 7082230.844
local_termination_time: 3850642.65336
node_cons: 145667.4550666978
tot_aggregated_send: 98658
tot_msg_rcv: 2250
tot_msg_sent: 4725
tot_reconf_duration: 8.09
tot_sleeping_duration: 6973450.807520012
tot_uptimes: 1814
tot_uptimes_duration: 108780.0364799872
