comms_cons: 118.7954304085065
finished_reconf: true
global_termination_time: 248240.22448000018
local_termination_time: 1388.0520400000014
node_cons: 14936.548688047675
tot_aggregated_send: 0
tot_msg_rcv: 7310
tot_msg_sent: 10745
tot_reconf_duration: 18.21
tot_sleeping_duration: 237103.69011999446
tot_uptimes: 181
tot_uptimes_duration: 11136.534360005719
