comms_cons: 367.71274242357714
finished_reconf: true
global_termination_time: 3670263.094
local_termination_time: 1643586.26436
node_cons: 75450.29506669995
tot_aggregated_send: 51098
tot_msg_rcv: 1599
tot_msg_sent: 3195
tot_reconf_duration: 8.09
tot_sleeping_duration: 3613923.057520014
tot_uptimes: 940
tot_uptimes_duration: 56340.03647998627
