comms_cons: 369.5877056448454
finished_reconf: true
global_termination_time: 3672997.972
local_termination_time: 1464035.9273599999
node_cons: 75540.18450893425
tot_aggregated_send: 51098
tot_msg_rcv: 1700
tot_msg_sent: 3376
tot_reconf_duration: 15.110000000000001
tot_sleeping_duration: 3616597.9233600176
tot_uptimes: 941
tot_uptimes_duration: 56400.04863998224
