comms_cons: 372.067545669641
finished_reconf: true
global_termination_time: 3672544.029
local_termination_time: 1407146.3371599982
node_cons: 75532.47377116769
tot_aggregated_send: 50460
tot_msg_rcv: 2029
tot_msg_sent: 4064
tot_reconf_duration: 9.42
tot_sleeping_duration: 3616143.968200023
tot_uptimes: 941
tot_uptimes_duration: 56400.06079997728
