comms_cons: 371.57913606790004
finished_reconf: true
global_termination_time: 3670319.432
local_termination_time: 661566.1392799992
node_cons: 75456.47666893381
tot_aggregated_send: 50924
tot_msg_rcv: 2017
tot_msg_sent: 3537
tot_reconf_duration: 12.629999999999999
tot_sleeping_duration: 3613979.383360018
tot_uptimes: 940
tot_uptimes_duration: 56340.048639981775
