comms_cons: 27.994496000645015
finished_reconf: true
global_termination_time: 270497.757
local_termination_time: 164244.33336000005
node_cons: 5568.189179999994
tot_aggregated_send: 3654
tot_msg_rcv: 270
tot_msg_sent: 331
tot_reconf_duration: 18.21
tot_sleeping_duration: 266357.757
tot_uptimes: 70
tot_uptimes_duration: 4140.0
