comms_cons: 95.64806399480905
finished_reconf: true
global_termination_time: 999076.968
local_termination_time: 4421.380999999999
node_cons: 20503.316481116864
tot_aggregated_send: 13269
tot_msg_rcv: 492
tot_msg_sent: 778
tot_reconf_duration: 12.23
tot_sleeping_duration: 983776.9619200024
tot_uptimes: 256
tot_uptimes_duration: 15300.006079997635
