comms_cons: 194.48773119442976
finished_reconf: true
global_termination_time: 1990885.608
local_termination_time: 1043803.1493599998
node_cons: 40908.41897999962
tot_aggregated_send: 28652
tot_msg_rcv: 337
tot_msg_sent: 572
tot_reconf_duration: 11.31
tot_sleeping_duration: 1960345.608
tot_uptimes: 510
tot_uptimes_duration: 30540.0
