comms_cons: 55.53502720020397
finished_reconf: true
global_termination_time: 552349.827
local_termination_time: 118893.29483999993
node_cons: 11338.559560000025
tot_aggregated_send: 7714
tot_msg_rcv: 270
tot_msg_sent: 457
tot_reconf_duration: 7.819999999999999
tot_sleeping_duration: 543889.827
tot_uptimes: 142
tot_uptimes_duration: 8460.0
