comms_cons: 54.77246720018519
finished_reconf: true
global_termination_time: 553012.675
local_termination_time: 43918.49036000001
node_cons: 11343.307121119164
tot_aggregated_send: 7946
tot_msg_rcv: 156
tot_msg_sent: 223
tot_reconf_duration: 11.31
tot_sleeping_duration: 544552.6689200007
tot_uptimes: 142
tot_uptimes_duration: 8460.006079999366
