comms_cons: 0.730291199999772
finished_reconf: true
global_termination_time: 7221.541
local_termination_time: 2026.2873600000003
node_cons: 91.32621999999958
tot_aggregated_send: 0
tot_msg_rcv: 60
tot_msg_sent: 51
tot_reconf_duration: 8.09
tot_sleeping_duration: 7161.541
tot_uptimes: 2
tot_uptimes_duration: 59.99999999999977
