comms_cons: 348.82900480857177
finished_reconf: true
global_termination_time: 3511883.07
local_termination_time: 1969655.3433599998
node_cons: 72243.58556558368
tot_aggregated_send: 48488
tot_msg_rcv: 1575
tot_msg_sent: 2956
tot_reconf_duration: 13.17
tot_sleeping_duration: 3457943.039600011
tot_uptimes: 900
tot_uptimes_duration: 53940.030399989104
