comms_cons: 350.05291522358357
finished_reconf: true
global_termination_time: 3512819.364
local_termination_time: 1884390.97048
node_cons: 72238.08022670043
tot_aggregated_send: 48836
tot_msg_rcv: 1528
tot_msg_sent: 2842
tot_reconf_duration: 9.11
tot_sleeping_duration: 3458879.327520014
tot_uptimes: 900
tot_uptimes_duration: 53940.036479986506
