comms_cons: 346.2646912238903
finished_reconf: true
global_termination_time: 3513398.401
local_termination_time: 830309.2253599999
node_cons: 72238.50120670034
tot_aggregated_send: 48372
tot_msg_rcv: 1429
tot_msg_sent: 2830
tot_reconf_duration: 9.42
tot_sleeping_duration: 3459458.3645200133
tot_uptimes: 900
tot_uptimes_duration: 53940.036479986506
