comms_cons: 351.9225728390049
finished_reconf: true
global_termination_time: 3514168.143
local_termination_time: 703023.0793599999
node_cons: 72251.12787005104
tot_aggregated_send: 48140
tot_msg_rcv: 2046
tot_msg_sent: 3303
tot_reconf_duration: 18.700000000000003
tot_sleeping_duration: 3460228.0882800207
tot_uptimes: 900
tot_uptimes_duration: 53940.05471997964
