comms_cons: 346.2180096083909
finished_reconf: true
global_termination_time: 3514018.541
local_termination_time: 2300266.3223599996
node_cons: 72234.13932446596
tot_aggregated_send: 49010
tot_msg_rcv: 1124
tot_msg_sent: 2490
tot_reconf_duration: 6.22
tot_sleeping_duration: 3460078.516680009
tot_uptimes: 900
tot_uptimes_duration: 53940.024319991004
