comms_cons: 342.64496000723227
finished_reconf: true
global_termination_time: 3509916.206
local_termination_time: 2464439.44148
node_cons: 72152.7183633497
tot_aggregated_send: 49706
tot_msg_rcv: 805
tot_msg_sent: 1569
tot_reconf_duration: 5.43
tot_sleeping_duration: 3456036.1877600066
tot_uptimes: 899
tot_uptimes_duration: 53880.01823999337
