comms_cons: 2.4935167999959806
finished_reconf: true
global_termination_time: 12877.859
local_termination_time: 9203.88036
node_cons: 256.3789799999993
tot_aggregated_send: 0
tot_msg_rcv: 215
tot_msg_sent: 164
tot_reconf_duration: 11.31
tot_sleeping_duration: 12697.859
tot_uptimes: 4
tot_uptimes_duration: 180.0
