comms_cons: 578.5310080628807
finished_reconf: true
global_termination_time: 5914643.388
local_termination_time: 2605086.7268
node_cons: 121643.32080446513
tot_aggregated_send: 82476
tot_msg_rcv: 1857
tot_msg_sent: 3601
tot_reconf_duration: 6.279999999999999
tot_sleeping_duration: 5823803.363680009
tot_uptimes: 1515
tot_uptimes_duration: 90840.02431999147
