comms_cons: 599.1197185492443
finished_reconf: true
global_termination_time: 5916603.226
local_termination_time: 361909.8363600001
node_cons: 121721.71339116577
tot_aggregated_send: 80736
tot_msg_rcv: 3455
tot_msg_sent: 6870
tot_reconf_duration: 4.8100000000000005
tot_sleeping_duration: 5825703.165200022
tot_uptimes: 1516
tot_uptimes_duration: 90900.06079997728
