comms_cons: 85.27301119639185
finished_reconf: true
global_termination_time: 840488.7814799999
local_termination_time: 840488.7403599999
node_cons: 17324.867942084118
tot_aggregated_send: 11528
tot_msg_rcv: 494
tot_msg_sent: 939
tot_reconf_duration: 24.59
tot_sleeping_duration: 827575.0587599968
tot_uptimes: 216
tot_uptimes_duration: 12913.722720003047
