comms_cons: 135.38977918039717
finished_reconf: true
global_termination_time: 842160.379
local_termination_time: 267739.28536000004
node_cons: 17281.636381116816
tot_aggregated_send: 0
tot_msg_rcv: 10598
tot_msg_sent: 9980
tot_reconf_duration: 6.279999999999999
tot_sleeping_duration: 829260.3729200023
tot_uptimes: 216
tot_uptimes_duration: 12900.006079997635
