comms_cons: 84.97233919936653
finished_reconf: true
global_termination_time: 842852.055
local_termination_time: 297170.91892000026
node_cons: 17290.984860000004
tot_aggregated_send: 11426
tot_msg_rcv: 457
tot_msg_sent: 1032
tot_reconf_duration: 13.17
tot_sleeping_duration: 829952.055
tot_uptimes: 216
tot_uptimes_duration: 12900.0
