comms_cons: 76.48356479888876
finished_reconf: true
global_termination_time: 772161.287
local_termination_time: 451952.65436000004
node_cons: 15833.511980000021
tot_aggregated_send: 10962
tot_msg_rcv: 203
tot_msg_sent: 460
tot_reconf_duration: 4.8100000000000005
tot_sleeping_duration: 760341.287
tot_uptimes: 198
tot_uptimes_duration: 11820.0
