comms_cons: 226.37711359501492
finished_reconf: true
global_termination_time: 2295575.153
local_termination_time: 1015969.3310399983
node_cons: 47163.76263999937
tot_aggregated_send: 33466
tot_msg_rcv: 364
tot_msg_sent: 578
tot_reconf_duration: 3.08
tot_sleeping_duration: 2260355.153
tot_uptimes: 588
tot_uptimes_duration: 35220.0
