comms_cons: 227.24501119191038
finished_reconf: true
global_termination_time: 2295440.72
local_termination_time: 540586.5973599999
node_cons: 47170.57436111621
tot_aggregated_send: 33118
tot_msg_rcv: 499
tot_msg_sent: 922
tot_reconf_duration: 8.09
tot_sleeping_duration: 2260220.713920003
tot_uptimes: 588
tot_uptimes_duration: 35220.006079997635
