comms_cons: 94.92990718807773
finished_reconf: true
global_termination_time: 917309.919
local_termination_time: 323060.8656000001
node_cons: 18810.611348948514
tot_aggregated_send: 11774
tot_msg_rcv: 850
tot_msg_sent: 1806
tot_reconf_duration: 8.09
tot_sleeping_duration: 903269.8703600086
tot_uptimes: 235
tot_uptimes_duration: 14040.048639991379
