comms_cons: 93.77396479202093
finished_reconf: true
global_termination_time: 916630.71
local_termination_time: 349711.53032000066
node_cons: 18811.963944471936
tot_aggregated_send: 12238
tot_msg_rcv: 680
tot_msg_sent: 1336
tot_reconf_duration: 9.11
tot_sleeping_duration: 902590.6856800059
tot_uptimes: 235
tot_uptimes_duration: 14040.024319993972
