comms_cons: 240.46318079239578
finished_reconf: true
global_termination_time: 2430632.249
local_termination_time: 1343744.5824399986
node_cons: 50011.45787927428
tot_aggregated_send: 35032
tot_msg_rcv: 493
tot_msg_sent: 1024
tot_reconf_duration: 25.299999999999997
tot_sleeping_duration: 2393308.0514800036
tot_uptimes: 623
tot_uptimes_duration: 37324.1975199962
