comms_cons: 240.98951677802071
finished_reconf: true
global_termination_time: 2432043.492
local_termination_time: 499102.1668000003
node_cons: 49978.06896782173
tot_aggregated_send: 32828
tot_msg_rcv: 1296
tot_msg_sent: 2505
tot_reconf_duration: 4.8100000000000005
tot_sleeping_duration: 2394723.449440013
tot_uptimes: 623
tot_uptimes_duration: 37320.042559986876
