comms_cons: 111.69397119575338
finished_reconf: true
global_termination_time: 1114731.853
local_termination_time: 432824.1188400001
node_cons: 22903.4482622337
tot_aggregated_send: 15602
tot_msg_rcv: 446
tot_msg_sent: 928
tot_reconf_duration: 4.8100000000000005
tot_sleeping_duration: 1097631.8408400046
tot_uptimes: 286
tot_uptimes_duration: 17100.01215999527
