comms_cons: 366.8901056650353
finished_reconf: true
global_termination_time: 3635046.753
local_termination_time: 636752.9868399977
node_cons: 74722.25931340874
tot_aggregated_send: 49938
tot_msg_rcv: 1975
tot_msg_sent: 3852
tot_reconf_duration: 4.390000000000001
tot_sleeping_duration: 3579246.680040022
tot_uptimes: 931
tot_uptimes_duration: 55800.072959977944
