comms_cons: 366.485907237571
finished_reconf: true
global_termination_time: 3638797.589
local_termination_time: 731632.5548799991
node_cons: 74807.23283005138
tot_aggregated_send: 49822
tot_msg_rcv: 1987
tot_msg_sent: 3893
tot_reconf_duration: 7.819999999999999
tot_sleeping_duration: 3582937.5342800203
tot_uptimes: 932
tot_uptimes_duration: 55860.054719979875
