comms_cons: 363.7072704413753
finished_reconf: true
global_termination_time: 3634395.124
local_termination_time: 2149601.5514800004
node_cons: 74723.62278670009
tot_aggregated_send: 49938
tot_msg_rcv: 1830
tot_msg_sent: 3513
tot_reconf_duration: 5.43
tot_sleeping_duration: 3578595.0875200136
tot_uptimes: 931
tot_uptimes_duration: 55800.03647998627
