comms_cons: 431.8755068896958
finished_reconf: true
global_termination_time: 1483180.3495999998
local_termination_time: 1483180.30848
node_cons: 60557.23442639819
tot_aggregated_send: 0
tot_msg_rcv: 21974
tot_msg_sent: 43667
tot_reconf_duration: 24.59
tot_sleeping_duration: 1437979.5720000004
tot_uptimes: 748
tot_uptimes_duration: 45200.77759999948
