comms_cons: 108.82170239345395
finished_reconf: true
global_termination_time: 1087451.991
local_termination_time: 513565.15236000007
node_cons: 22368.901823350516
tot_aggregated_send: 14732
tot_msg_rcv: 478
tot_msg_sent: 1330
tot_reconf_duration: 25.299999999999997
tot_sleeping_duration: 1070771.972760007
tot_uptimes: 279
tot_uptimes_duration: 16680.018239992904
