comms_cons: 111.45164798917165
finished_reconf: true
global_termination_time: 1090454.75
local_termination_time: 582782.4381599983
node_cons: 22419.05892223824
tot_aggregated_send: 13630
tot_msg_rcv: 1103
tot_msg_sent: 2207
tot_reconf_duration: 3.08
tot_sleeping_duration: 1073714.7378400012
tot_uptimes: 280
tot_uptimes_duration: 16740.012159998703
