comms_cons: 105.92042239887647
finished_reconf: true
global_termination_time: 1089100.61
local_termination_time: 595013.497
node_cons: 22350.33168479863
tot_aggregated_send: 14670
tot_msg_rcv: 485
tot_msg_sent: 946
tot_reconf_duration: 10.95
tot_sleeping_duration: 1072419.9068000012
tot_uptimes: 279
tot_uptimes_duration: 16680.703199999
