comms_cons: 286.77251199885
finished_reconf: true
global_termination_time: 2908269.364
local_termination_time: 1620777.8233599998
node_cons: 59779.885799998694
tot_aggregated_send: 41992
tot_msg_rcv: 528
tot_msg_sent: 1067
tot_reconf_duration: 5.1
tot_sleeping_duration: 2863629.364
tot_uptimes: 745
tot_uptimes_duration: 44640.0
