comms_cons: 293.80789760332914
finished_reconf: true
global_termination_time: 2906358.9221199965
local_termination_time: 25781.27408
node_cons: 59800.737036436345
tot_aggregated_send: 39962
tot_msg_rcv: 1602
tot_msg_sent: 3094
tot_reconf_duration: 4.390000000000001
tot_sleeping_duration: 2861702.6298000286
tot_uptimes: 745
tot_uptimes_duration: 44656.29231996823
