comms_cons: 182.18992639346894
finished_reconf: true
global_termination_time: 1838300.133
local_termination_time: 642471.32636
node_cons: 37772.60050111672
tot_aggregated_send: 26274
tot_msg_rcv: 438
tot_msg_sent: 979
tot_reconf_duration: 9.42
tot_sleeping_duration: 1810100.1269200023
tot_uptimes: 471
tot_uptimes_duration: 28200.006079997635
