comms_cons: 10.907987200125874
finished_reconf: true
global_termination_time: 93231.123
local_termination_time: 27819.97892
node_cons: 1868.3556622405824
tot_aggregated_send: 754
tot_msg_rcv: 390
tot_msg_sent: 514
tot_reconf_duration: 15.110000000000001
tot_sleeping_duration: 91851.11083999957
tot_uptimes: 24
tot_uptimes_duration: 1380.012160000435
