comms_cons: 12.614207999720303
finished_reconf: true
global_termination_time: 93024.449
local_termination_time: 9871.730640000002
node_cons: 1878.6112644766042
tot_aggregated_send: 638
tot_msg_rcv: 594
tot_msg_sent: 686
tot_reconf_duration: 22.65
tot_sleeping_duration: 91644.42468000253
tot_uptimes: 24
tot_uptimes_duration: 1380.0243199974648
