comms_cons: 11.501068799900644
finished_reconf: true
global_termination_time: 93287.92
local_termination_time: 30231.24548
node_cons: 1860.653065600036
tot_aggregated_send: 580
tot_msg_rcv: 416
tot_msg_sent: 753
tot_reconf_duration: 9.42
tot_sleeping_duration: 91907.88959999997
tot_uptimes: 24
tot_uptimes_duration: 1380.030400000025
