comms_cons: 9.89236479991202
finished_reconf: true
global_termination_time: 89996.381
local_termination_time: 59583.64436000001
node_cons: 1855.2183633585937
tot_aggregated_send: 696
tot_msg_rcv: 338
tot_msg_sent: 469
tot_reconf_duration: 5.43
tot_sleeping_duration: 88616.36276000105
tot_uptimes: 24
tot_uptimes_duration: 1380.0182399989499
