comms_cons: 13.839987200099433
finished_reconf: true
global_termination_time: 118546.40147999996
local_termination_time: 118546.36035999996
node_cons: 2461.9760831996746
tot_aggregated_send: 1204
tot_msg_rcv: 354
tot_msg_sent: 543
tot_reconf_duration: 24.59
tot_sleeping_duration: 116732.67268000019
tot_uptimes: 31
tot_uptimes_duration: 1813.7287999997625
