comms_cons: 13.48861439986733
finished_reconf: true
global_termination_time: 120620.929
local_termination_time: 74700.39607999964
node_cons: 2434.961744478894
tot_aggregated_send: 986
tot_msg_rcv: 451
tot_msg_sent: 613
tot_reconf_duration: 18.21
tot_sleeping_duration: 118820.90468000084
tot_uptimes: 31
tot_uptimes_duration: 1800.0243199991673
