comms_cons: 13.064614399880483
finished_reconf: true
global_termination_time: 118547.29723999985
local_termination_time: 34105.200680000045
node_cons: 2454.016781600383
tot_aggregated_send: 1218
tot_msg_rcv: 301
tot_msg_sent: 466
tot_reconf_duration: 6.279999999999999
tot_sleeping_duration: 116720.94283999957
tot_uptimes: 31
tot_uptimes_duration: 1826.3544000002876
