comms_cons: 787.5212602007604
finished_reconf: true
global_termination_time: 1629541.3415999997
local_termination_time: 1629541.3004799997
node_cons: 98820.09173441443
tot_aggregated_send: 0
tot_msg_rcv: 48431
tot_msg_sent: 71269
tot_reconf_duration: 37.410000000000004
tot_sleeping_duration: 1555777.869640017
tot_uptimes: 1211
tot_uptimes_duration: 73763.47195998282
