comms_cons: 162.3839999914939
finished_reconf: true
global_termination_time: 1634868.146
local_termination_time: 653463.9193599998
node_cons: 33594.49137999999
tot_aggregated_send: 23374
tot_msg_rcv: 445
tot_msg_sent: 862
tot_reconf_duration: 9.11
tot_sleeping_duration: 1609788.146
tot_uptimes: 419
tot_uptimes_duration: 25080.0
