comms_cons: 1.5132159999973307
finished_reconf: true
global_termination_time: 8902.188
local_termination_time: 6325.82736
node_cons: 167.2119800000005
tot_aggregated_send: 0
tot_msg_rcv: 118
tot_msg_sent: 112
tot_reconf_duration: 4.8100000000000005
tot_sleeping_duration: 8782.188
tot_uptimes: 3
tot_uptimes_duration: 119.99999999999997
