comms_cons: 1.5461119999970034
finished_reconf: true
global_termination_time: 8436.057240000013
local_termination_time: 6131.74436
node_cons: 243.8513593600158
tot_aggregated_send: 0
tot_msg_rcv: 121
tot_msg_sent: 114
tot_reconf_duration: 4.390000000000001
tot_sleeping_duration: 8258.395
tot_uptimes: 3
tot_uptimes_duration: 177.6622400000124
