comms_cons: 1.395417599994682
finished_reconf: true
global_termination_time: 8435.38048
local_termination_time: 8435.33936
node_cons: 212.42351872000063
tot_aggregated_send: 0
tot_msg_rcv: 102
tot_msg_sent: 109
tot_reconf_duration: 24.59
tot_sleeping_duration: 8301.676
tot_uptimes: 3
tot_uptimes_duration: 133.70448000000033
