comms_cons: 621.7833217392745
finished_reconf: true
global_termination_time: 6198103.641
local_termination_time: 419385.57836000004
node_cons: 127506.16082669755
tot_aggregated_send: 86420
tot_msg_rcv: 2685
tot_msg_sent: 5401
tot_reconf_duration: 4.8100000000000005
tot_sleeping_duration: 6102883.604520014
tot_uptimes: 1588
tot_uptimes_duration: 95220.03647998627
