comms_cons: 621.7021889213494
finished_reconf: true
global_termination_time: 6198175.965
local_termination_time: 528820.071119998
node_cons: 127505.58232558073
tot_aggregated_send: 86594
tot_msg_rcv: 2688
tot_msg_sent: 5213
tot_reconf_duration: 4.390000000000001
tot_sleeping_duration: 6102955.934600011
tot_uptimes: 1588
tot_uptimes_duration: 95220.03039998864
