comms_cons: 618.6408449222773
finished_reconf: true
global_termination_time: 6196228.171
local_termination_time: 587689.44436
node_cons: 127423.41446446396
tot_aggregated_send: 86826
tot_msg_rcv: 2441
tot_msg_sent: 4763
tot_reconf_duration: 3.05
tot_sleeping_duration: 6101068.146680009
tot_uptimes: 1587
tot_uptimes_duration: 95160.024319991
