comms_cons: 613.8470273290641
finished_reconf: true
global_termination_time: 6196806.054
local_termination_time: 1665184.0464799998
node_cons: 127434.63968558081
tot_aggregated_send: 85782
tot_msg_rcv: 2447
tot_msg_sent: 5072
tot_reconf_duration: 11.31
tot_sleeping_duration: 6101646.023600011
tot_uptimes: 1587
tot_uptimes_duration: 95160.03039998864
