comms_cons: 340.62360325640543
finished_reconf: true
global_termination_time: 3309351.787
local_termination_time: 491276.54136000003
node_cons: 68056.62221563446
tot_aggregated_send: 44022
tot_msg_rcv: 2687
tot_msg_sent: 5065
tot_reconf_duration: 6.279999999999999
tot_sleeping_duration: 3258531.7018800327
tot_uptimes: 848
tot_uptimes_duration: 50820.085119967116
