comms_cons: 325.3727487953726
finished_reconf: true
global_termination_time: 3306777.297
local_termination_time: 1695787.2613199984
node_cons: 67985.52485999843
tot_aggregated_send: 47676
tot_msg_rcv: 627
tot_msg_sent: 1150
tot_reconf_duration: 13.17
tot_sleeping_duration: 3256017.297
tot_uptimes: 847
tot_uptimes_duration: 50760.0
