comms_cons: 330.7304320345232
finished_reconf: true
global_termination_time: 3305887.755
local_termination_time: 193430.54112000094
node_cons: 67980.89866367976
tot_aggregated_send: 46690
tot_msg_rcv: 1207
tot_msg_sent: 2373
tot_reconf_duration: 8.09
tot_sleeping_duration: 3255126.057879999
tot_uptimes: 847
tot_uptimes_duration: 50761.69712000093
