comms_cons: 334.1639168227177
finished_reconf: true
global_termination_time: 3308666.836
local_termination_time: 1269216.3833599999
node_cons: 68054.60967340122
tot_aggregated_send: 44544
tot_msg_rcv: 2225
tot_msg_sent: 4021
tot_reconf_duration: 4.8100000000000005
tot_sleeping_duration: 3257846.763040028
tot_uptimes: 848
tot_uptimes_duration: 50820.07295997208
