comms_cons: 329.1273920150451
finished_reconf: true
global_termination_time: 3305131.973
local_termination_time: 613698.458
node_cons: 67984.63596303582
tot_aggregated_send: 47558
tot_msg_rcv: 963
tot_msg_sent: 1505
tot_reconf_duration: 9.42
tot_sleeping_duration: 3254368.833640002
tot_uptimes: 847
tot_uptimes_duration: 50763.139359997935
