comms_cons: 329.22316801456674
finished_reconf: true
global_termination_time: 3305729.319
local_termination_time: 531444.7765999987
node_cons: 67993.03459999846
tot_aggregated_send: 47038
tot_msg_rcv: 989
tot_msg_sent: 2013
tot_reconf_duration: 18.700000000000003
tot_sleeping_duration: 3254969.319
tot_uptimes: 847
tot_uptimes_duration: 50760.0
