comms_cons: 77.89772800033815
finished_reconf: true
global_termination_time: 794290.852
local_termination_time: 269646.7496800003
node_cons: 16313.161900000088
tot_aggregated_send: 11368
tot_msg_rcv: 182
tot_msg_sent: 290
tot_reconf_duration: 3.05
tot_sleeping_duration: 782110.852
tot_uptimes: 204
tot_uptimes_duration: 12180.0
