comms_cons: 136.558156781781
finished_reconf: true
global_termination_time: 1307325.988
local_termination_time: 261909.34336000006
node_cons: 26842.17779232206
tot_aggregated_send: 16530
tot_msg_rcv: 1486
tot_msg_sent: 2740
tot_reconf_duration: 6.279999999999999
tot_sleeping_duration: 1287285.9211199984
tot_uptimes: 335
tot_uptimes_duration: 20040.066880001512
