comms_cons: 133.01196799230382
finished_reconf: true
global_termination_time: 1307314.382
local_termination_time: 315278.4343600001
node_cons: 26867.974387840844
tot_aggregated_send: 17690
tot_msg_rcv: 860
tot_msg_sent: 1666
tot_reconf_duration: 25.299999999999997
tot_sleeping_duration: 1287274.3394399993
tot_uptimes: 335
tot_uptimes_duration: 20040.042560000613
