comms_cons: 135.37189758799278
finished_reconf: true
global_termination_time: 1310756.461
local_termination_time: 92767.1633599997
node_cons: 26920.480826724026
tot_aggregated_send: 17284
tot_msg_rcv: 1138
tot_msg_sent: 2154
tot_reconf_duration: 4.8100000000000005
tot_sleeping_duration: 1290656.4245199969
tot_uptimes: 336
tot_uptimes_duration: 20100.03648000298
