comms_cons: 11.981977600230262
finished_reconf: true
global_termination_time: 96825.416
local_termination_time: 53521.87460000002
node_cons: 1952.8973211202895
tot_aggregated_send: 870
tot_msg_rcv: 445
tot_msg_sent: 506
tot_reconf_duration: 18.21
tot_sleeping_duration: 95385.40991999979
tot_uptimes: 25
tot_uptimes_duration: 1440.0060800002175
