comms_cons: 11.948454400067341
finished_reconf: true
global_termination_time: 95769.959
local_termination_time: 48143.00280000014
node_cons: 1935.1265056003142
tot_aggregated_send: 754
tot_msg_rcv: 419
tot_msg_sent: 642
tot_reconf_duration: 5.1
tot_sleeping_duration: 94329.92859999977
tot_uptimes: 25
tot_uptimes_duration: 1440.030400000236
