comms_cons: 13.6800383998123
finished_reconf: true
global_termination_time: 95330.888
local_termination_time: 41116.22448000001
node_cons: 1946.0611422382995
tot_aggregated_send: 870
tot_msg_rcv: 694
tot_msg_sent: 517
tot_reconf_duration: 13.17
tot_sleeping_duration: 93890.87584000127
tot_uptimes: 25
tot_uptimes_duration: 1440.0121599987324
