comms_cons: 94.15493119789903
finished_reconf: true
global_termination_time: 952417.85
local_termination_time: 149595.8954800001
node_cons: 19530.18406000004
tot_aggregated_send: 13282
tot_msg_rcv: 336
tot_msg_sent: 693
tot_reconf_duration: 5.57
tot_sleeping_duration: 937837.85
tot_uptimes: 244
tot_uptimes_duration: 14580.0
