comms_cons: 92.47703679929455
finished_reconf: true
global_termination_time: 954741.881
local_termination_time: 453045.03448000003
node_cons: 19620.861142233673
tot_aggregated_send: 13398
tot_msg_rcv: 201
tot_msg_sent: 456
tot_reconf_duration: 13.17
tot_sleeping_duration: 940101.8688400048
tot_uptimes: 245
tot_uptimes_duration: 14640.012159995269
