comms_cons: 95.92054399970569
finished_reconf: true
global_termination_time: 951581.876
local_termination_time: 124547.31291999982
node_cons: 19528.60604336432
tot_aggregated_send: 12934
tot_msg_rcv: 536
tot_msg_sent: 1110
tot_reconf_duration: 4.390000000000001
tot_sleeping_duration: 937001.8577599969
tot_uptimes: 244
tot_uptimes_duration: 14580.018240003208
