comms_cons: 94.92607999728882
finished_reconf: true
global_termination_time: 953063.154
local_termination_time: 87199.35035999998
node_cons: 19610.40721007684
tot_aggregated_send: 12470
tot_msg_rcv: 651
tot_msg_sent: 1307
tot_reconf_duration: 5.43
tot_sleeping_duration: 938423.0992800024
tot_uptimes: 245
tot_uptimes_duration: 14640.054719997614
