comms_cons: 199.6305215945696
finished_reconf: true
global_termination_time: 2024432.729
local_termination_time: 1560557.47736
node_cons: 41634.004859999564
tot_aggregated_send: 29116
tot_msg_rcv: 424
tot_msg_sent: 802
tot_reconf_duration: 13.17
tot_sleeping_duration: 1993352.729
tot_uptimes: 519
tot_uptimes_duration: 31080.0
