comms_cons: 203.96619518576054
finished_reconf: true
global_termination_time: 2024706.708
local_termination_time: 783862.3766399992
node_cons: 41622.66826223341
tot_aggregated_send: 28130
tot_msg_rcv: 956
tot_msg_sent: 1914
tot_reconf_duration: 4.8100000000000005
tot_sleeping_duration: 1993626.6958400048
tot_uptimes: 519
tot_uptimes_duration: 31080.01215999527
