comms_cons: 66.2334335998813
finished_reconf: true
global_termination_time: 664870.729
local_termination_time: 592238.5413599999
node_cons: 13688.574982238313
tot_aggregated_send: 9338
tot_msg_rcv: 280
tot_msg_sent: 449
tot_reconf_duration: 22.65
tot_sleeping_duration: 654670.7168400013
tot_uptimes: 171
tot_uptimes_duration: 10200.012159998703
