comms_cons: 68.19901440003045
finished_reconf: true
global_termination_time: 666992.494
local_termination_time: 313453.89736
node_cons: 13664.74208224285
tot_aggregated_send: 8758
tot_msg_rcv: 549
tot_msg_sent: 1058
tot_reconf_duration: 5.1
tot_sleeping_duration: 656792.4818399978
tot_uptimes: 171
tot_uptimes_duration: 10200.012160002138
