comms_cons: 68.02892800089859
finished_reconf: true
global_termination_time: 665425.545
local_termination_time: 210986.03536000004
node_cons: 13661.982605602558
tot_aggregated_send: 8758
tot_msg_rcv: 531
tot_msg_sent: 1051
tot_reconf_duration: 3.05
tot_sleeping_duration: 655225.5145999981
tot_uptimes: 171
tot_uptimes_duration: 10200.03040000191
