comms_cons: 67.4290304005701
finished_reconf: true
global_termination_time: 664983.338
local_termination_time: 179990.89432000063
node_cons: 13668.476547850003
tot_aggregated_send: 8468
tot_msg_rcv: 615
tot_msg_sent: 1165
tot_reconf_duration: 7.819999999999999
tot_sleeping_duration: 654783.2954399926
tot_uptimes: 171
tot_uptimes_duration: 10200.042560007481
