comms_cons: 68.74606079752931
finished_reconf: true
global_termination_time: 664803.922
local_termination_time: 201603.95336000004
node_cons: 13673.175262242878
tot_aggregated_send: 8990
tot_msg_rcv: 597
tot_msg_sent: 862
tot_reconf_duration: 11.31
tot_sleeping_duration: 654603.9098399979
tot_uptimes: 171
tot_uptimes_duration: 10200.012160002138
