comms_cons: 129.6483967849569
finished_reconf: true
global_termination_time: 648573.15
local_termination_time: 173161.67528000032
node_cons: 13367.239405602566
tot_aggregated_send: 0
tot_msg_rcv: 10089
tot_msg_sent: 9616
tot_reconf_duration: 22.65
tot_sleeping_duration: 638613.1195999981
tot_uptimes: 167
tot_uptimes_duration: 9960.03040000191
