comms_cons: 65.38534399793157
finished_reconf: true
global_termination_time: 651589.996
local_termination_time: 260446.71052000087
node_cons: 13348.835803359738
tot_aggregated_send: 8468
tot_msg_rcv: 437
tot_msg_sent: 1034
tot_reconf_duration: 9.11
tot_sleeping_duration: 641629.9777600003
tot_uptimes: 167
tot_uptimes_duration: 9960.018239999776
