comms_cons: 67.33574399949046
finished_reconf: true
global_termination_time: 651076.812
local_termination_time: 212213.84836000006
node_cons: 13353.62410447657
tot_aggregated_send: 8584
tot_msg_rcv: 608
tot_msg_sent: 1044
tot_reconf_duration: 12.629999999999999
tot_sleeping_duration: 641116.7876800025
tot_uptimes: 167
tot_uptimes_duration: 9960.024319997421
