comms_cons: 82.47955197494
finished_reconf: true
global_termination_time: 809955.9978399999
local_termination_time: 1754.96612
node_cons: 16669.093408954253
tot_aggregated_send: 0
tot_msg_rcv: 521
tot_msg_sent: 12013
tot_reconf_duration: 12.23
tot_sleeping_duration: 797519.4892000041
tot_uptimes: 208
tot_uptimes_duration: 12436.508639995693
