comms_cons: 68.95659518540778
finished_reconf: true
global_termination_time: 810962.417
local_termination_time: 1455.6292400000002
node_cons: 16639.16896223715
tot_aggregated_send: 0
tot_msg_rcv: 390
tot_msg_sent: 10091
tot_reconf_duration: 6.46
tot_sleeping_duration: 798542.4048400022
tot_uptimes: 208
tot_uptimes_duration: 12420.012159997852
