comms_cons: 65.91042557595664
finished_reconf: true
global_termination_time: 811191.226
local_termination_time: 733.4501200000001
node_cons: 16644.71193464002
tot_aggregated_send: 0
tot_msg_rcv: 160
tot_msg_sent: 9858
tot_reconf_duration: 10.55
tot_sleeping_duration: 798771.22224
tot_uptimes: 208
tot_uptimes_duration: 12420.00376
