comms_cons: 288.45089279638313
finished_reconf: true
global_termination_time: 2902854.716
local_termination_time: 1743102.6298399987
node_cons: 59699.5457999987
tot_aggregated_send: 41644
tot_msg_rcv: 808
tot_msg_sent: 1390
tot_reconf_duration: 5.1
tot_sleeping_duration: 2858274.716
tot_uptimes: 744
tot_uptimes_duration: 44580.0
