comms_cons: 295.06886401910475
finished_reconf: true
global_termination_time: 2904534.554
local_termination_time: 234747.7781600003
node_cons: 59696.827028943044
tot_aggregated_send: 38686
tot_msg_rcv: 2138
tot_msg_sent: 4024
tot_reconf_duration: 3.05
tot_sleeping_duration: 2859954.505360012
tot_uptimes: 744
tot_uptimes_duration: 44580.04863998818
