comms_cons: 63.08794879944761
finished_reconf: true
global_termination_time: 626950.875
local_termination_time: 161233.50636000006
node_cons: 12885.183123364302
tot_aggregated_send: 8584
tot_msg_rcv: 340
tot_msg_sent: 665
tot_reconf_duration: 22.65
tot_sleeping_duration: 617350.8567599969
tot_uptimes: 161
tot_uptimes_duration: 9600.018240003206
