comms_cons: 63.68007680116467
finished_reconf: true
global_termination_time: 627414.477
local_termination_time: 29408.84808
node_cons: 12861.972201121449
tot_aggregated_send: 8468
tot_msg_rcv: 401
tot_msg_sent: 810
tot_reconf_duration: 5.57
tot_sleeping_duration: 617814.470919999
tot_uptimes: 161
tot_uptimes_duration: 9600.006080001069
