comms_cons: 63.07592320090297
finished_reconf: true
global_termination_time: 624044.595
local_termination_time: 146941.90636000005
node_cons: 12780.608262242877
tot_aggregated_send: 8294
tot_msg_rcv: 367
tot_msg_sent: 926
tot_reconf_duration: 4.8100000000000005
tot_sleeping_duration: 614504.5828399978
tot_uptimes: 160
tot_uptimes_duration: 9540.012160002138
