comms_cons: 64.3386240009498
finished_reconf: true
global_termination_time: 628046.137
local_termination_time: 1553.4942000000008
node_cons: 12869.758980000019
tot_aggregated_send: 8468
tot_msg_rcv: 506
tot_msg_sent: 805
tot_reconf_duration: 11.31
tot_sleeping_duration: 618446.137
tot_uptimes: 161
tot_uptimes_duration: 9600.0
