comms_cons: 388.8701952289778
finished_reconf: true
global_termination_time: 3924001.948
local_termination_time: 2555416.591999999
node_cons: 80679.269283349
tot_aggregated_send: 54694
tot_msg_rcv: 1620
tot_msg_sent: 2792
tot_reconf_duration: 13.17
tot_sleeping_duration: 3863761.9297600063
tot_uptimes: 1005
tot_uptimes_duration: 60240.01823999337
