comms_cons: 389.51325445782066
finished_reconf: true
global_termination_time: 3920739.109
local_termination_time: 2024110.0893599996
node_cons: 80681.94450893467
tot_aggregated_send: 54288
tot_msg_rcv: 1669
tot_msg_sent: 3247
tot_reconf_duration: 15.110000000000001
tot_sleeping_duration: 3860499.0603600177
tot_uptimes: 1005
tot_uptimes_duration: 60240.048639982706
