comms_cons: 390.36913283064393
finished_reconf: true
global_termination_time: 3923922.245
local_termination_time: 564669.4606799984
node_cons: 80676.31965228496
tot_aggregated_send: 55274
tot_msg_rcv: 1269
tot_msg_sent: 2790
tot_reconf_duration: 10.95
tot_sleeping_duration: 3863682.178120025
tot_uptimes: 1005
tot_uptimes_duration: 60240.06687997538
