comms_cons: 61.733260800280014
finished_reconf: true
global_termination_time: 627207.093
local_termination_time: 112229.514
node_cons: 12880.059094002056
tot_aggregated_send: 8693
tot_msg_rcv: 222
tot_msg_sent: 469
tot_reconf_duration: 13.17
tot_sleeping_duration: 617601.2869999985
tot_uptimes: 161
tot_uptimes_duration: 9605.806000001525
