comms_cons: 736.8400122606976
finished_reconf: true
global_termination_time: 2117564.268
local_termination_time: 333802.1171200005
node_cons: 128725.69854317991
tot_aggregated_send: 0
tot_msg_rcv: 45249
tot_msg_sent: 66746
tot_reconf_duration: 18.21
tot_sleeping_duration: 2021447.0392000123
tot_uptimes: 1576
tot_uptimes_duration: 96117.22879998786
