comms_cons: 78.42559999705078
finished_reconf: true
global_termination_time: 782333.1965999998
local_termination_time: 782333.1554799998
node_cons: 16132.036860633405
tot_aggregated_send: 11077
tot_msg_rcv: 331
tot_msg_sent: 513
tot_reconf_duration: 33.59
tot_sleeping_duration: 770319.4388400047
tot_uptimes: 201
tot_uptimes_duration: 12013.75775999506
