comms_cons: 66.19333120001833
finished_reconf: true
global_termination_time: 677526.816
local_termination_time: 579281.0033599999
node_cons: 13914.178979999957
tot_aggregated_send: 9686
tot_msg_rcv: 135
tot_msg_sent: 240
tot_reconf_duration: 11.31
tot_sleeping_duration: 667146.816
tot_uptimes: 174
tot_uptimes_duration: 10380.000000000015
