comms_cons: 57.81143040045728
finished_reconf: true
global_termination_time: 583007.008
local_termination_time: 136987.46468000027
node_cons: 11979.188240000014
tot_aggregated_send: 8468
tot_msg_rcv: 150
tot_msg_sent: 169
tot_reconf_duration: 6.279999999999999
tot_sleeping_duration: 574067.008
tot_uptimes: 150
tot_uptimes_duration: 8940.0
