comms_cons: 57.13377279946553
finished_reconf: true
global_termination_time: 580593.003
local_termination_time: 259397.14968000026
node_cons: 11924.67740000004
tot_aggregated_send: 8410
tot_msg_rcv: 124
tot_msg_sent: 150
tot_reconf_duration: 25.299999999999997
tot_sleeping_duration: 571713.003
tot_uptimes: 149
tot_uptimes_duration: 8880.0
