comms_cons: 58.12723200067541
finished_reconf: true
global_termination_time: 581954.928
local_termination_time: 134016.62596000015
node_cons: 11988.544860000033
tot_aggregated_send: 8294
tot_msg_rcv: 205
tot_msg_sent: 336
tot_reconf_duration: 13.17
tot_sleeping_duration: 573014.928
tot_uptimes: 150
tot_uptimes_duration: 8940.0
