comms_cons: 216.22666237686582
finished_reconf: true
global_termination_time: 2119814.942
local_termination_time: 326015.778
node_cons: 43600.42592575606
tot_aggregated_send: 28766
tot_msg_rcv: 1428
tot_msg_sent: 2672
tot_reconf_duration: 22.65
tot_sleeping_duration: 2087275.9821600025
tot_uptimes: 543
tot_uptimes_duration: 32538.959839997347
