comms_cons: 223.73885439480952
finished_reconf: true
global_termination_time: 2275486.369
local_termination_time: 1271551.897119999
node_cons: 46764.80579999925
tot_aggregated_send: 33002
tot_msg_rcv: 369
tot_msg_sent: 636
tot_reconf_duration: 5.1
tot_sleeping_duration: 2240566.369
tot_uptimes: 583
tot_uptimes_duration: 34920.0
