comms_cons: 227.68762877504216
finished_reconf: true
global_termination_time: 2275275.221
local_termination_time: 545785.4360000001
node_cons: 46766.657975001894
tot_aggregated_send: 30273
tot_msg_rcv: 1347
tot_msg_sent: 2988
tot_reconf_duration: 6.22
tot_sleeping_duration: 2240354.9736400284
tot_uptimes: 583
tot_uptimes_duration: 34920.247359971865
