comms_cons: 94.95993601301157
finished_reconf: true
global_termination_time: 477466.5446000002
local_termination_time: 369.27903999999944
node_cons: 9846.786610640844
tot_aggregated_send: 0
tot_msg_rcv: 7357
tot_msg_sent: 7074
tot_reconf_duration: 18.21
tot_sleeping_duration: 470131.1768399996
tot_uptimes: 123
tot_uptimes_duration: 7335.3677600006195
