comms_cons: 94.82869761340528
finished_reconf: true
global_termination_time: 478200.636
local_termination_time: 3477.5753600000003
node_cons: 9808.028262242873
tot_aggregated_send: 0
tot_msg_rcv: 7334
tot_msg_sent: 7078
tot_reconf_duration: 4.8100000000000005
tot_sleeping_duration: 470880.62383999786
tot_uptimes: 123
tot_uptimes_duration: 7320.0121600021375
