comms_cons: 44.356966400415914
finished_reconf: true
global_termination_time: 452199.24
local_termination_time: 224400.31836000006
node_cons: 9245.64826224287
tot_aggregated_send: 6032
tot_msg_rcv: 218
tot_msg_sent: 492
tot_reconf_duration: 4.8100000000000005
tot_sleeping_duration: 445299.22783999785
tot_uptimes: 116
tot_uptimes_duration: 6900.0121600021375
