comms_cons: 23.19825919906143
finished_reconf: true
global_termination_time: 120690.864
local_termination_time: 3502.5073600000005
node_cons: 2418.64676
tot_aggregated_send: 0
tot_msg_rcv: 1791
tot_msg_sent: 1735
tot_reconf_duration: 6.22
tot_sleeping_duration: 118890.864
tot_uptimes: 31
tot_uptimes_duration: 1800.0
