comms_cons: 89.17447680020123
finished_reconf: true
global_termination_time: 905627.097
local_termination_time: 335404.9441600003
node_cons: 18567.068239999986
tot_aggregated_send: 12876
tot_msg_rcv: 247
tot_msg_sent: 431
tot_reconf_duration: 6.279999999999999
tot_sleeping_duration: 891767.097
tot_uptimes: 232
tot_uptimes_duration: 13860.0
