comms_cons: 55.732403200092314
finished_reconf: true
global_termination_time: 556295.283
local_termination_time: 167366.64636000004
node_cons: 11439.046841121437
tot_aggregated_send: 7830
tot_msg_rcv: 253
tot_msg_sent: 388
tot_reconf_duration: 22.65
tot_sleeping_duration: 547775.276919999
tot_uptimes: 143
tot_uptimes_duration: 8520.006080001069
