comms_cons: 192.53347842428857
finished_reconf: true
global_termination_time: 401150.2272800008
local_termination_time: 401150.1861600008
node_cons: 24189.14560752097
tot_aggregated_send: 0
tot_msg_rcv: 11839
tot_msg_sent: 17423
tot_reconf_duration: 24.59
tot_sleeping_duration: 383110.08360000007
tot_uptimes: 298
tot_uptimes_duration: 18040.14368000069
