comms_cons: 70.92377599813082
finished_reconf: true
global_termination_time: 711645.871
local_termination_time: 470154.50248000055
node_cons: 14629.44406000003
tot_aggregated_send: 9918
tot_msg_rcv: 283
tot_msg_sent: 579
tot_reconf_duration: 5.57
tot_sleeping_duration: 700725.871
tot_uptimes: 183
tot_uptimes_duration: 10920.0
