comms_cons: 71.65452799883509
finished_reconf: true
global_termination_time: 711953.043
local_termination_time: 612541.0063599999
node_cons: 14628.81394112142
tot_aggregated_send: 9744
tot_msg_rcv: 447
tot_msg_sent: 700
tot_reconf_duration: 5.1
tot_sleeping_duration: 701033.0369199988
tot_uptimes: 183
tot_uptimes_duration: 10920.006080001069
