comms_cons: 73.02370559607863
finished_reconf: true
global_termination_time: 711332.307
local_termination_time: 476655.83836000005
node_cons: 14656.261823359679
tot_aggregated_send: 9454
tot_msg_rcv: 555
tot_msg_sent: 1089
tot_reconf_duration: 25.299999999999997
tot_sleeping_duration: 700412.2887600003
tot_uptimes: 183
tot_uptimes_duration: 10920.018239999757
