comms_cons: 71.54142079849652
finished_reconf: true
global_termination_time: 710840.504
local_termination_time: 288042.4569600006
node_cons: 14632.556547845448
tot_aggregated_send: 9454
tot_msg_rcv: 483
tot_msg_sent: 937
tot_reconf_duration: 7.819999999999999
tot_sleeping_duration: 699920.4614399959
tot_uptimes: 183
tot_uptimes_duration: 10920.042560004047
