comms_cons: 41.07439360053916
finished_reconf: true
global_termination_time: 403100.17312000017
local_termination_time: 233924.49636000008
node_cons: 8302.691201923102
tot_aggregated_send: 5336
tot_msg_rcv: 321
tot_msg_sent: 586
tot_reconf_duration: 4.390000000000001
tot_sleeping_duration: 396903.9598399979
tot_uptimes: 104
tot_uptimes_duration: 6196.2132800022955
