comms_cons: 86.69647999602111
finished_reconf: true
global_termination_time: 840689.699
local_termination_time: 379994.7222000002
node_cons: 17290.251540000034
tot_aggregated_send: 11078
tot_msg_rcv: 716
tot_msg_sent: 1383
tot_reconf_duration: 12.629999999999999
tot_sleeping_duration: 827789.699
tot_uptimes: 216
tot_uptimes_duration: 12900.0
