comms_cons: 86.47042559737434
finished_reconf: true
global_termination_time: 840073.925
local_termination_time: 353823.68936
node_cons: 17279.07790223363
tot_aggregated_send: 11426
tot_msg_rcv: 673
tot_msg_sent: 1044
tot_reconf_duration: 4.390000000000001
tot_sleeping_duration: 827173.9128400048
tot_uptimes: 216
tot_uptimes_duration: 12900.012159995269
