comms_cons: 86.75333119539745
finished_reconf: true
global_termination_time: 840553.155
local_termination_time: 280371.58148000005
node_cons: 17281.587465597942
tot_aggregated_send: 11310
tot_msg_rcv: 715
tot_msg_sent: 1162
tot_reconf_duration: 6.22
tot_sleeping_duration: 827653.1246000015
tot_uptimes: 216
tot_uptimes_duration: 12900.030399998475
