comms_cons: 40.84940800026919
finished_reconf: true
global_termination_time: 398764.191
local_termination_time: 140157.32448000004
node_cons: 8205.29955999998
tot_aggregated_send: 5278
tot_msg_rcv: 297
tot_msg_sent: 633
tot_reconf_duration: 7.819999999999999
tot_sleeping_duration: 392644.191
tot_uptimes: 103
tot_uptimes_duration: 6120.0
