comms_cons: 39.11992320012509
finished_reconf: true
global_termination_time: 397900.286
local_termination_time: 198184.3156000001
node_cons: 8129.6989800000065
tot_aggregated_send: 5568
tot_msg_rcv: 153
tot_msg_sent: 225
tot_reconf_duration: 11.31
tot_sleeping_duration: 391840.286
tot_uptimes: 102
tot_uptimes_duration: 6060.0
