comms_cons: 38.71263999997749
finished_reconf: true
global_termination_time: 396707.132
local_termination_time: 91588.40247999996
node_cons: 8135.179861121456
tot_aggregated_send: 5684
tot_msg_rcv: 39
tot_msg_sent: 161
tot_reconf_duration: 15.34
tot_sleeping_duration: 390647.1259199989
tot_uptimes: 102
tot_uptimes_duration: 6060.006080001069
