comms_cons: 148.56431356371706
finished_reconf: true
global_termination_time: 746298.429
local_termination_time: 281996.3496000001
node_cons: 15375.706841121484
tot_aggregated_send: 0
tot_msg_rcv: 11514
tot_msg_sent: 11064
tot_reconf_duration: 22.65
tot_sleeping_duration: 734838.422919999
tot_uptimes: 192
tot_uptimes_duration: 11460.006080001069
