comms_cons: 76.30807039895595
finished_reconf: true
global_termination_time: 752561.972
local_termination_time: 245594.26336000007
node_cons: 15432.230223359724
tot_aggregated_send: 9860
tot_msg_rcv: 592
tot_msg_sent: 1150
tot_reconf_duration: 5.1
tot_sleeping_duration: 741041.9537600002
tot_uptimes: 193
tot_uptimes_duration: 11520.018239999772
