comms_cons: 75.85003520033325
finished_reconf: true
global_termination_time: 750666.991
local_termination_time: 294534.7725200008
node_cons: 15445.226598645397
tot_aggregated_send: 10382
tot_msg_rcv: 398
tot_msg_sent: 748
tot_reconf_duration: 13.17
tot_sleeping_duration: 739145.451239996
tot_uptimes: 193
tot_uptimes_duration: 11521.53976000403
