comms_cons: 78.97797119617172
finished_reconf: true
global_termination_time: 748996.771
local_termination_time: 252295.77236000006
node_cons: 15356.00763119591
tot_aggregated_send: 9338
tot_msg_rcv: 921
tot_msg_sent: 1747
tot_reconf_duration: 8.09
tot_sleeping_duration: 737536.710200003
tot_uptimes: 192
tot_uptimes_duration: 11460.060799996936
