comms_cons: 76.56998399961256
finished_reconf: true
global_termination_time: 747091.773
local_termination_time: 428494.0086000005
node_cons: 15351.521523000965
tot_aggregated_send: 9918
tot_msg_rcv: 557
tot_msg_sent: 1164
tot_reconf_duration: 4.8100000000000005
tot_sleeping_duration: 735631.7359999993
tot_uptimes: 192
tot_uptimes_duration: 11460.03700000071
