comms_cons: 76.97006079727468
finished_reconf: true
global_termination_time: 746971.214
local_termination_time: 294337.75636000006
node_cons: 15352.35464559797
tot_aggregated_send: 9628
tot_msg_rcv: 696
tot_msg_sent: 1375
tot_reconf_duration: 5.43
tot_sleeping_duration: 735511.1836000016
tot_uptimes: 192
tot_uptimes_duration: 11460.030399998475
