comms_cons: 77.27270399434315
finished_reconf: true
global_termination_time: 746867.605
local_termination_time: 376888.56536000007
node_cons: 15365.812425593414
tot_aggregated_send: 9918
tot_msg_rcv: 676
tot_msg_sent: 1151
tot_reconf_duration: 15.34
tot_sleeping_duration: 735407.5746000049
tot_uptimes: 192
tot_uptimes_duration: 11460.030399995041
