comms_cons: 395.6523584566831
finished_reconf: true
global_termination_time: 3932779.049
local_termination_time: 2512372.433
node_cons: 80941.63652958651
tot_aggregated_send: 54982
tot_msg_rcv: 1740
tot_msg_sent: 3413
tot_reconf_duration: 22.65
tot_sleeping_duration: 3872352.702600009
tot_uptimes: 1008
tot_uptimes_duration: 60426.34639999154
