comms_cons: 398.40151045229413
finished_reconf: true
global_termination_time: 3931350.76
local_termination_time: 125651.55819999988
node_cons: 80856.47067005037
tot_aggregated_send: 54172
tot_msg_rcv: 2218
tot_msg_sent: 4164
tot_reconf_duration: 25.299999999999997
tot_sleeping_duration: 3870990.7052800204
tot_uptimes: 1007
tot_uptimes_duration: 60360.05471997941
