comms_cons: 395.8181121008717
finished_reconf: true
global_termination_time: 3935604.395
local_termination_time: 589194.8433599998
node_cons: 80906.619627817
tot_aggregated_send: 54578
tot_msg_rcv: 1748
tot_msg_sent: 3838
tot_reconf_duration: 3.08
tot_sleeping_duration: 3875184.3524400154
tot_uptimes: 1008
tot_uptimes_duration: 60420.04255998437
