comms_cons: 396.8675776741608
finished_reconf: true
global_termination_time: 3934417.258
local_termination_time: 1922278.8253600001
node_cons: 80917.26638223219
tot_aggregated_send: 54752
tot_msg_rcv: 1921
tot_msg_sent: 3648
tot_reconf_duration: 10.95
tot_sleeping_duration: 3873997.2458400046
tot_uptimes: 1008
tot_uptimes_duration: 60420.0121599955
