comms_cons: 370.77226244811806
finished_reconf: true
global_termination_time: 3728188.147
local_termination_time: 700339.231
node_cons: 76684.90265340803
tot_aggregated_send: 52142
tot_msg_rcv: 1350
tot_msg_sent: 2863
tot_reconf_duration: 18.700000000000003
tot_sleeping_duration: 3670936.8340400225
tot_uptimes: 955
tot_uptimes_duration: 57251.31295997754
