comms_cons: 376.46540805730297
finished_reconf: true
global_termination_time: 3726579.985239997
local_termination_time: 41401.90848000001
node_cons: 76679.661472762
tot_aggregated_send: 51852
tot_msg_rcv: 1915
tot_msg_sent: 3450
tot_reconf_duration: 11.899999999999999
tot_sleeping_duration: 3669325.690040024
tot_uptimes: 955
tot_uptimes_duration: 57254.295199972985
