comms_cons: 379.85634566384164
finished_reconf: true
global_termination_time: 3726886.041
local_termination_time: 1172329.58336
node_cons: 76650.948967817
tot_aggregated_send: 51040
tot_msg_rcv: 2398
tot_msg_sent: 4297
tot_reconf_duration: 4.8100000000000005
tot_sleeping_duration: 3669645.998440016
tot_uptimes: 955
tot_uptimes_duration: 57240.04255998414
