comms_cons: 133.26905600068798
finished_reconf: true
global_termination_time: 581165.019
local_termination_time: 1891.2024800000024
node_cons: 11995.617131362187
tot_aggregated_send: 0
tot_msg_rcv: 11532
tot_msg_sent: 8713
tot_reconf_duration: 18.21
tot_sleeping_duration: 572224.8487599983
tot_uptimes: 149
tot_uptimes_duration: 8940.17024000163
