comms_cons: 58.36046720004236
finished_reconf: true
global_termination_time: 584502.349
local_termination_time: 64197.75684000012
node_cons: 11979.106760000097
tot_aggregated_send: 8236
tot_msg_rcv: 233
tot_msg_sent: 401
tot_reconf_duration: 6.22
tot_sleeping_duration: 575562.3489999999
tot_uptimes: 150
tot_uptimes_duration: 8940.000000000058
