comms_cons: 456.7927744800478
finished_reconf: true
global_termination_time: 4525013.413399998
local_termination_time: 4525013.372279998
node_cons: 93160.6762090075
tot_aggregated_send: 62962
tot_msg_rcv: 2225
tot_msg_sent: 4241
tot_reconf_duration: 37.410000000000004
tot_sleeping_duration: 4455476.540040021
tot_uptimes: 1159
tot_uptimes_duration: 69536.87335997785
