comms_cons: 456.38199049309304
finished_reconf: true
global_termination_time: 4529335.473
local_termination_time: 313653.96952000086
node_cons: 93166.79447869128
tot_aggregated_send: 62930
tot_msg_rcv: 2143
tot_msg_sent: 4294
tot_reconf_duration: 25.299999999999997
tot_sleeping_duration: 4459781.748520019
tot_uptimes: 1160
tot_uptimes_duration: 69553.72447998048
