comms_cons: 455.9254016978241
finished_reconf: true
global_termination_time: 4525544.124
local_termination_time: 2447749.98436
node_cons: 93040.28454446579
tot_aggregated_send: 62582
tot_msg_rcv: 2132
tot_msg_sent: 4584
tot_reconf_duration: 4.8100000000000005
tot_sleeping_duration: 4456064.099680008
tot_uptimes: 1159
tot_uptimes_duration: 69480.02431999124
