comms_cons: 456.3333120946942
finished_reconf: true
global_termination_time: 4525453.955
local_termination_time: 1609911.1726
node_cons: 93048.62266446564
tot_aggregated_send: 62930
tot_msg_rcv: 2198
tot_msg_sent: 4232
tot_reconf_duration: 10.95
tot_sleeping_duration: 4455973.930680009
tot_uptimes: 1159
tot_uptimes_duration: 69480.024319991
