comms_cons: 452.9010112778431
finished_reconf: true
global_termination_time: 4527074.534
local_termination_time: 2319153.3995999987
node_cons: 93118.23446446545
tot_aggregated_send: 63278
tot_msg_rcv: 1612
tot_msg_sent: 3948
tot_reconf_duration: 3.05
tot_sleeping_duration: 4457534.5096800085
tot_uptimes: 1160
tot_uptimes_duration: 69540.02431999124
