comms_cons: 814.6931257636402
finished_reconf: true
global_termination_time: 1686426.8565999998
local_termination_time: 1686426.8154799999
node_cons: 102371.03753070396
tot_aggregated_send: 0
tot_msg_rcv: 49988
tot_msg_sent: 73840
tot_reconf_duration: 24.59
tot_sleeping_duration: 1609998.4441200097
tot_uptimes: 1250
tot_uptimes_duration: 76428.41247999009
