comms_cons: 194.31162878824028
finished_reconf: true
global_termination_time: 1981267.114
local_termination_time: 802163.8975199993
node_cons: 40740.859324471756
tot_aggregated_send: 26738
tot_msg_rcv: 936
tot_msg_sent: 1863
tot_reconf_duration: 6.22
tot_sleeping_duration: 1950847.089680006
tot_uptimes: 508
tot_uptimes_duration: 30420.024319993972
