comms_cons: 183.8622591913334
finished_reconf: true
global_termination_time: 1836815.3278399997
local_termination_time: 1836815.2867199997
node_cons: 37897.426404800724
tot_aggregated_send: 25983
tot_msg_rcv: 740
tot_msg_sent: 1222
tot_reconf_duration: 78.21000000000001
tot_sleeping_duration: 1808591.864639999
tot_uptimes: 471
tot_uptimes_duration: 28223.46320000066
