comms_cons: 180.4680831972592
finished_reconf: true
global_termination_time: 1840699.674
local_termination_time: 4153.771
node_cons: 37846.19124112126
tot_aggregated_send: 26443
tot_msg_rcv: 316
tot_msg_sent: 671
tot_reconf_duration: 4.45
tot_sleeping_duration: 1812439.667919999
tot_uptimes: 472
tot_uptimes_duration: 28260.00608000107
