comms_cons: 172.1097663848861
finished_reconf: true
global_termination_time: 1707119.7846
local_termination_time: 1707119.74348
node_cons: 35161.78795621752
tot_aggregated_send: 23882
tot_msg_rcv: 809
tot_msg_sent: 1466
tot_reconf_duration: 24.59
tot_sleeping_duration: 1680884.9864400167
tot_uptimes: 438
tot_uptimes_duration: 26234.798159983242
