comms_cons: 172.85062398441153
finished_reconf: true
global_termination_time: 1707642.886
local_termination_time: 700714.2630799987
node_cons: 35115.53836446725
tot_aggregated_send: 23374
tot_msg_rcv: 1053
tot_msg_sent: 1847
tot_reconf_duration: 5.1
tot_sleeping_duration: 1681422.8616800094
tot_uptimes: 438
tot_uptimes_duration: 26220.024319990538
