comms_cons: 171.3777151885771
finished_reconf: true
global_termination_time: 1708824.101
local_termination_time: 512880.2289600006
node_cons: 35142.978105584094
tot_aggregated_send: 23606
tot_msg_rcv: 890
tot_msg_sent: 1553
tot_reconf_duration: 25.299999999999997
tot_sleeping_duration: 1682604.0706000119
tot_uptimes: 438
tot_uptimes_duration: 26220.030399988173
