comms_cons: 171.76317438661164
finished_reconf: true
global_termination_time: 1708251.157
local_termination_time: 345838.68312000093
node_cons: 35115.16082670554
tot_aggregated_send: 23838
tot_msg_rcv: 756
tot_msg_sent: 1513
tot_reconf_duration: 4.8100000000000005
tot_sleeping_duration: 1682031.1205200106
tot_uptimes: 438
tot_uptimes_duration: 26220.03647998924
