comms_cons: 827.6287289506843
finished_reconf: true
global_termination_time: 1707678.187
local_termination_time: 924528.9405999999
node_cons: 104092.3684877447
tot_aggregated_send: 0
tot_msg_rcv: 50685
tot_msg_sent: 75111
tot_reconf_duration: 6.22
tot_sleeping_duration: 1629945.6091600093
tot_uptimes: 1276
tot_uptimes_duration: 77732.57783999064
