comms_cons: 163.4733823937067
finished_reconf: true
global_termination_time: 1656367.802
local_termination_time: 357123.6843600001
node_cons: 34074.8039833505
tot_aggregated_send: 22968
tot_msg_rcv: 718
tot_msg_sent: 1161
tot_reconf_duration: 7.819999999999999
tot_sleeping_duration: 1630927.783760007
tot_uptimes: 425
tot_uptimes_duration: 25440.018239992904
