comms_cons: 34.926156802258916
finished_reconf: true
global_termination_time: 285413.54080000025
local_termination_time: 285413.49968000024
node_cons: 5928.045283049222
tot_aggregated_send: 2364
tot_msg_rcv: 1029
tot_msg_sent: 1918
tot_reconf_duration: 24.59
tot_sleeping_duration: 281011.2614399934
tot_uptimes: 74
tot_uptimes_duration: 4402.279360006876
