comms_cons: 38.604800001088556
finished_reconf: true
global_termination_time: 196192.334
local_termination_time: 11269.66172
node_cons: 4022.969761119153
tot_aggregated_send: 0
tot_msg_rcv: 2962
tot_msg_sent: 2905
tot_reconf_duration: 4.390000000000001
tot_sleeping_duration: 193192.32792000062
tot_uptimes: 51
tot_uptimes_duration: 3000.006079999366
