comms_cons: 19.428377599969956
finished_reconf: true
global_termination_time: 196056.769
local_termination_time: 102198.98091999983
node_cons: 4025.4549011214353
tot_aggregated_send: 2494
tot_msg_rcv: 167
tot_msg_sent: 292
tot_reconf_duration: 6.22
tot_sleeping_duration: 193056.76291999893
tot_uptimes: 51
tot_uptimes_duration: 3000.0060800010688
