comms_cons: 100.23491201345739
finished_reconf: true
global_termination_time: 461975.81300000043
local_termination_time: 461975.7718800004
node_cons: 9560.22225329584
tot_aggregated_send: 0
tot_msg_rcv: 8332
tot_msg_sent: 6900
tot_reconf_duration: 24.59
tot_sleeping_duration: 454860.9294799886
tot_uptimes: 119
tot_uptimes_duration: 7114.883520011817
