comms_cons: 46.48107519990939
finished_reconf: true
global_termination_time: 462148.753
local_termination_time: 20784.592520000002
node_cons: 9498.004860000014
tot_aggregated_send: 6438
tot_msg_rcv: 231
tot_msg_sent: 395
tot_reconf_duration: 13.17
tot_sleeping_duration: 455068.753
tot_uptimes: 119
tot_uptimes_duration: 7080.0
