comms_cons: 47.75904000095581
finished_reconf: true
global_termination_time: 465769.414
local_termination_time: 27452.87136
node_cons: 9571.087701119162
tot_aggregated_send: 6206
tot_msg_rcv: 362
tot_msg_sent: 692
tot_reconf_duration: 7.819999999999999
tot_sleeping_duration: 458629.4079200006
tot_uptimes: 120
tot_uptimes_duration: 7140.006079999366
