comms_cons: 223.4631552314058
finished_reconf: true
global_termination_time: 611145.968
local_termination_time: 280412.1430000009
node_cons: 36803.5152754869
tot_aggregated_send: 0
tot_msg_rcv: 13736
tot_msg_sent: 20229
tot_reconf_duration: 18.21
tot_sleeping_duration: 583678.6146799948
tot_uptimes: 450
tot_uptimes_duration: 27467.35332000521
