comms_cons: 90.80611841279301
finished_reconf: true
global_termination_time: 611145.968
local_termination_time: 282782.4544800001
node_cons: 12563.80684112149
tot_aggregated_send: 0
tot_msg_rcv: 6973
tot_msg_sent: 6829
tot_reconf_duration: 22.65
tot_sleeping_duration: 601785.961919999
tot_uptimes: 157
tot_uptimes_duration: 9360.006080001076
