comms_cons: 61.931263998510914
finished_reconf: true
global_termination_time: 612331.644
local_termination_time: 119305.70335999996
node_cons: 12567.446246723986
tot_aggregated_send: 8004
tot_msg_rcv: 380
tot_msg_sent: 1029
tot_reconf_duration: 25.299999999999997
tot_sleeping_duration: 602971.6075199969
tot_uptimes: 157
tot_uptimes_duration: 9360.036480002978
