comms_cons: 61.85763840054855
finished_reconf: true
global_termination_time: 612163.443
local_termination_time: 291295.03856000025
node_cons: 12553.904284485776
tot_aggregated_send: 8178
tot_msg_rcv: 364
tot_msg_sent: 860
tot_reconf_duration: 15.34
tot_sleeping_duration: 602803.4186799957
tot_uptimes: 157
tot_uptimes_duration: 9360.024320004275
