comms_cons: 57.15453440245533
finished_reconf: true
global_termination_time: 197574.87756000023
local_termination_time: 197574.83644000022
node_cons: 8050.418234960634
tot_aggregated_send: 0
tot_msg_rcv: 2912
tot_msg_sent: 5774
tot_reconf_duration: 24.59
tot_sleeping_duration: 191587.55491999976
tot_uptimes: 100
tot_uptimes_duration: 5987.322640000457
