comms_cons: 19.771123200049498
finished_reconf: true
global_termination_time: 199867.543
local_termination_time: 85428.1755599996
node_cons: 4105.7867600000045
tot_aggregated_send: 2784
tot_msg_rcv: 60
tot_msg_sent: 161
tot_reconf_duration: 6.22
tot_sleeping_duration: 196807.543
tot_uptimes: 52
tot_uptimes_duration: 3060.0
