comms_cons: 251.37114879340953
finished_reconf: true
global_termination_time: 2530121.401
local_termination_time: 1107533.1713599998
node_cons: 51988.557086700566
tot_aggregated_send: 34858
tot_msg_rcv: 969
tot_msg_sent: 2380
tot_reconf_duration: 6.279999999999999
tot_sleeping_duration: 2491301.364520014
tot_uptimes: 648
tot_uptimes_duration: 38820.03647998604
