comms_cons: 256.625868788809
finished_reconf: true
global_termination_time: 2528871.6873599947
local_termination_time: 315742.12336
node_cons: 52078.16228108444
tot_aggregated_send: 34974
tot_msg_rcv: 1464
tot_msg_sent: 2567
tot_reconf_duration: 25.299999999999997
tot_sleeping_duration: 2490004.021280021
tot_uptimes: 648
tot_uptimes_duration: 38867.666079974035
