comms_cons: 36.337548800353346
finished_reconf: true
global_termination_time: 353651.147
local_termination_time: 27661.25948
node_cons: 7245.494523362023
tot_aggregated_send: 4524
tot_msg_rcv: 309
tot_msg_sent: 691
tot_reconf_duration: 10.95
tot_sleeping_duration: 348251.12875999854
tot_uptimes: 91
tot_uptimes_duration: 5400.018240001504
