comms_cons: 41.08710400068197
finished_reconf: true
global_termination_time: 408155.522
local_termination_time: 10089.597480000002
node_cons: 8361.891980000011
tot_aggregated_send: 5684
tot_msg_rcv: 216
tot_msg_sent: 345
tot_reconf_duration: 4.8100000000000005
tot_sleeping_duration: 401915.522
tot_uptimes: 105
tot_uptimes_duration: 6240.0
