comms_cons: 87.5599232100392
finished_reconf: true
global_termination_time: 379653.4946000002
local_termination_time: 2124.6086
node_cons: 7838.425009699462
tot_aggregated_send: 0
tot_msg_rcv: 7610
tot_msg_sent: 5692
tot_reconf_duration: 18.21
tot_sleeping_duration: 373818.0234799857
tot_uptimes: 98
tot_uptimes_duration: 5835.471120014532
