comms_cons: 184.29245442176563
finished_reconf: true
global_termination_time: 379652.8946000001
local_termination_time: 379652.8534800001
node_cons: 23215.10895332282
tot_aggregated_send: 0
tot_msg_rcv: 11291
tot_msg_sent: 16720
tot_reconf_duration: 37.410000000000004
tot_sleeping_duration: 362353.18871999806
tot_uptimes: 285
tot_uptimes_duration: 17299.705880002075
