comms_cons: 39.429145600876424
finished_reconf: true
global_termination_time: 380121.758
local_termination_time: 2150.3076000000005
node_cons: 7799.922082241731
tot_aggregated_send: 4872
tot_msg_rcv: 369
tot_msg_sent: 752
tot_reconf_duration: 5.1
tot_sleeping_duration: 374301.7458399987
tot_uptimes: 98
tot_uptimes_duration: 5820.012160001286
