comms_cons: 20.38138880021888
finished_reconf: true
global_termination_time: 198155.08644000077
local_termination_time: 121511.80035999996
node_cons: 4088.8193492824407
tot_aggregated_send: 2610
tot_msg_rcv: 163
tot_msg_sent: 323
tot_reconf_duration: 5.57
tot_sleeping_duration: 195107.09891999894
tot_uptimes: 51
tot_uptimes_duration: 3047.9875200018287
