comms_cons: 20.020505600159012
finished_reconf: true
global_termination_time: 200052.655
local_termination_time: 76551.38935999997
node_cons: 4128.1068411214455
tot_aggregated_send: 2726
tot_msg_rcv: 104
tot_msg_sent: 213
tot_reconf_duration: 22.65
tot_sleeping_duration: 196992.64891999893
tot_uptimes: 52
tot_uptimes_duration: 3060.0060800010688
