comms_cons: 57.24561919951087
finished_reconf: true
global_termination_time: 583297.822
local_termination_time: 7091.531
node_cons: 12000.117722240597
tot_aggregated_send: 8157
tot_msg_rcv: 165
tot_msg_sent: 379
tot_reconf_duration: 21.68
tot_sleeping_duration: 574357.8098399997
tot_uptimes: 150
tot_uptimes_duration: 8940.012160000435
