comms_cons: 817.7728706139452
finished_reconf: true
global_termination_time: 8173170.522
local_termination_time: 2363223.3323600003
node_cons: 168160.2215100482
tot_aggregated_send: 112810
tot_msg_rcv: 3994
tot_msg_sent: 7491
tot_reconf_duration: 6.279999999999999
tot_sleeping_duration: 8047590.46728002
tot_uptimes: 2094
tot_uptimes_duration: 125580.05471998034
