comms_cons: 796.3990016827036
finished_reconf: true
global_termination_time: 8175842.248
local_termination_time: 3749569.3373600002
node_cons: 168172.16380334605
tot_aggregated_send: 114376
tot_msg_rcv: 2385
tot_msg_sent: 4287
tot_reconf_duration: 15.110000000000001
tot_sleeping_duration: 8050262.229760006
tot_uptimes: 2094
tot_uptimes_duration: 125580.0182399936
