comms_cons: 300.81418238786273
finished_reconf: true
global_termination_time: 3072731.076
local_termination_time: 2237023.7803599997
node_cons: 63165.133001115464
tot_aggregated_send: 42804
tot_msg_rcv: 1011
tot_msg_sent: 1907
tot_reconf_duration: 13.17
tot_sleeping_duration: 3025571.0699200025
tot_uptimes: 787
tot_uptimes_duration: 47160.006079997635
