comms_cons: 302.7024127922364
finished_reconf: true
global_termination_time: 3075506.029
local_termination_time: 1767573.9195199993
node_cons: 63231.7789222328
tot_aggregated_send: 43152
tot_msg_rcv: 1028
tot_msg_sent: 1829
tot_reconf_duration: 3.08
tot_sleeping_duration: 3028286.0168400044
tot_uptimes: 788
tot_uptimes_duration: 47220.0121599955
