comms_cons: 311.25178883792137
finished_reconf: true
global_termination_time: 3070561.213
local_termination_time: 337205.31136
node_cons: 63253.05601117258
tot_aggregated_send: 42224
tot_msg_rcv: 1664
tot_msg_sent: 3418
tot_reconf_duration: 18.700000000000003
tot_sleeping_duration: 3023341.1522000195
tot_uptimes: 787
tot_uptimes_duration: 47220.06079998051
