comms_cons: 106.86267519551737
finished_reconf: true
global_termination_time: 1057722.795
local_termination_time: 848389.9084799989
node_cons: 21709.733706705683
tot_aggregated_send: 14094
tot_msg_rcv: 701
tot_msg_sent: 1446
tot_reconf_duration: 13.17
tot_sleeping_duration: 1041522.7585200106
tot_uptimes: 271
tot_uptimes_duration: 16200.036479989241
