comms_cons: 107.26856319635985
finished_reconf: true
global_termination_time: 1060036.947
local_termination_time: 758695.01
node_cons: 21815.448706072144
tot_aggregated_send: 14150
tot_msg_rcv: 713
tot_msg_sent: 1440
tot_reconf_duration: 18.700000000000003
tot_sleeping_duration: 1043763.5682800058
tot_uptimes: 272
tot_uptimes_duration: 16273.378719994158
