comms_cons: 109.68967678749576
finished_reconf: true
global_termination_time: 1057494.75
local_termination_time: 445298.8735600002
node_cons: 21698.380826705466
tot_aggregated_send: 13978
tot_msg_rcv: 1008
tot_msg_sent: 1688
tot_reconf_duration: 4.8100000000000005
tot_sleeping_duration: 1041294.7135200108
tot_uptimes: 271
tot_uptimes_duration: 16200.036479989125
