comms_cons: 277.12464621048656
finished_reconf: true
global_termination_time: 1709625.391
local_termination_time: 498420.2206000001
node_cons: 35139.39997261583
tot_aggregated_send: 0
tot_msg_rcv: 21415
tot_msg_sent: 20710
tot_reconf_duration: 22.65
tot_sleeping_duration: 1683405.345240018
tot_uptimes: 438
tot_uptimes_duration: 26220.045759981964
