comms_cons: 164.72405759655268
finished_reconf: true
global_termination_time: 1708005.267
local_termination_time: 1237271.2323599998
node_cons: 35115.51394111659
tot_aggregated_send: 24244
tot_msg_rcv: 272
tot_msg_sent: 521
tot_reconf_duration: 5.1
tot_sleeping_duration: 1681785.2609200024
tot_uptimes: 438
tot_uptimes_duration: 26220.006079997635
