comms_cons: 170.77044478956137
finished_reconf: true
global_termination_time: 1708902.687
local_termination_time: 608466.1633599999
node_cons: 35112.770746701004
tot_aggregated_send: 22388
tot_msg_rcv: 1119
tot_msg_sent: 2448
tot_reconf_duration: 3.05
tot_sleeping_duration: 1682682.650520014
tot_uptimes: 438
tot_uptimes_duration: 26220.036479985807
