comms_cons: 166.6625215964678
finished_reconf: true
global_termination_time: 1705903.91
local_termination_time: 709717.4173599998
node_cons: 35049.07171999991
tot_aggregated_send: 24418
tot_msg_rcv: 236
tot_msg_sent: 677
tot_reconf_duration: 15.34
tot_sleeping_duration: 1679743.91
tot_uptimes: 437
tot_uptimes_duration: 26160.0
