comms_cons: 145.82796798970335
finished_reconf: true
global_termination_time: 1446316.754
local_termination_time: 219120.94744000066
node_cons: 29732.35640335974
tot_aggregated_send: 20242
tot_msg_rcv: 703
tot_msg_sent: 1220
tot_reconf_duration: 4.8100000000000005
tot_sleeping_duration: 1424116.73576
tot_uptimes: 371
tot_uptimes_duration: 22200.018239999772
