comms_cons: 467.3961086872712
finished_reconf: true
global_termination_time: 2373105.931159997
local_termination_time: 855.3645999999999
node_cons: 48820.629538707646
tot_aggregated_send: 0
tot_msg_rcv: 35813
tot_msg_sent: 35224
tot_reconf_duration: 11.31
tot_sleeping_duration: 2336656.8866800056
tot_uptimes: 608
tot_uptimes_duration: 36449.04447999125
