comms_cons: 244.2264832000439
finished_reconf: true
global_termination_time: 2412879.857
local_termination_time: 388406.6323600001
node_cons: 49590.684990051486
tot_aggregated_send: 33060
tot_msg_rcv: 1337
tot_msg_sent: 2724
tot_reconf_duration: 15.34
tot_sleeping_duration: 2375859.8022800204
tot_uptimes: 618
tot_uptimes_duration: 37020.054719979176
