comms_cons: 241.99767680053733
finished_reconf: true
global_termination_time: 2411180.443
local_termination_time: 594525.2894799998
node_cons: 49577.4010478174
tot_aggregated_send: 33814
tot_msg_rcv: 991
tot_msg_sent: 1977
tot_reconf_duration: 5.57
tot_sleeping_duration: 2374160.4004400163
tot_uptimes: 618
tot_uptimes_duration: 37020.042559983674
