comms_cons: 242.1058880115663
finished_reconf: true
global_termination_time: 2410736.76
local_termination_time: 1290806.7553599998
node_cons: 49575.78232558366
tot_aggregated_send: 33466
tot_msg_rcv: 1010
tot_msg_sent: 2322
tot_reconf_duration: 4.390000000000001
tot_sleeping_duration: 2373716.7296000114
tot_uptimes: 618
tot_uptimes_duration: 37020.030399988405
