comms_cons: 242.31573120540804
finished_reconf: true
global_termination_time: 2409952.965
local_termination_time: 294677.81336000003
node_cons: 49577.21906893429
tot_aggregated_send: 33118
tot_msg_rcv: 1151
tot_msg_sent: 2561
tot_reconf_duration: 5.43
tot_sleeping_duration: 2372932.9163600183
tot_uptimes: 618
tot_uptimes_duration: 37020.04863998131
