comms_cons: 56.10183040359087
finished_reconf: true
global_termination_time: 258538.06940000044
local_termination_time: 379.44459999999987
node_cons: 5367.530389202917
tot_aggregated_send: 0
tot_msg_rcv: 4654
tot_msg_sent: 3867
tot_reconf_duration: 18.21
tot_sleeping_duration: 254547.92659999826
tot_uptimes: 67
tot_uptimes_duration: 3990.142800002175
