comms_cons: 266.9247231963292
finished_reconf: true
global_termination_time: 2649698.756
local_termination_time: 1122522.6206799992
node_cons: 54477.46208223259
tot_aggregated_send: 37120
tot_msg_rcv: 1246
tot_msg_sent: 2205
tot_reconf_duration: 5.1
tot_sleeping_duration: 2609018.743840005
tot_uptimes: 679
tot_uptimes_duration: 40680.01215999527
