comms_cons: 395.88140165789844
finished_reconf: true
global_termination_time: 3935281.444
local_termination_time: 17301.67648
node_cons: 80936.81881117958
tot_aggregated_send: 54984
tot_msg_rcv: 1773
tot_msg_sent: 3413
tot_reconf_duration: 25.299999999999997
tot_sleeping_duration: 3874861.383200014
tot_uptimes: 1008
tot_uptimes_duration: 60420.06079998626
