comms_cons: 399.833670468058
finished_reconf: true
global_termination_time: 3936554.074
local_termination_time: 693344.7254799998
node_cons: 81003.28008558338
tot_aggregated_send: 54346
tot_msg_rcv: 2314
tot_msg_sent: 4112
tot_reconf_duration: 15.110000000000001
tot_sleeping_duration: 3876074.0436000107
tot_uptimes: 1009
tot_uptimes_duration: 60480.030399989104
