comms_cons: 228.84431359131298
finished_reconf: true
global_termination_time: 2315096.267
local_termination_time: 1063451.5723599999
node_cons: 47569.80823999944
tot_aggregated_send: 33524
tot_msg_rcv: 452
tot_msg_sent: 807
tot_reconf_duration: 6.279999999999999
tot_sleeping_duration: 2279576.267
tot_uptimes: 593
tot_uptimes_duration: 35519.99999999999
