comms_cons: 254.48170240484248
finished_reconf: true
global_termination_time: 2509734.243
local_termination_time: 1025299.1713599999
node_cons: 51586.88965117743
tot_aggregated_send: 33118
tot_msg_rcv: 1949
tot_msg_sent: 3613
tot_reconf_duration: 6.279999999999999
tot_sleeping_duration: 2471214.182200016
tot_uptimes: 643
tot_uptimes_duration: 38520.06079998368
