comms_cons: 424.8772860877496
finished_reconf: true
global_termination_time: 2505766.724
local_termination_time: 272944.86636000004
node_cons: 51504.561532289
tot_aggregated_send: 0
tot_msg_rcv: 32660
tot_msg_sent: 31918
tot_reconf_duration: 4.8100000000000005
tot_sleeping_duration: 2467306.6571200225
tot_uptimes: 642
tot_uptimes_duration: 38460.066879977414
