comms_cons: 249.29967359157024
finished_reconf: true
global_termination_time: 2505834.191
local_termination_time: 977186.493
node_cons: 51520.78079207613
tot_aggregated_send: 35782
tot_msg_rcv: 757
tot_msg_sent: 1354
tot_reconf_duration: 10.95
tot_sleeping_duration: 2467368.2382800025
tot_uptimes: 642
tot_uptimes_duration: 38465.95271999773
