comms_cons: 252.75685118091315
finished_reconf: true
global_termination_time: 2507986.204
local_termination_time: 118479.94735999996
node_cons: 51584.3800190061
tot_aggregated_send: 34162
tot_msg_rcv: 1485
tot_msg_sent: 2768
tot_reconf_duration: 4.390000000000001
tot_sleeping_duration: 2469466.1006400245
tot_uptimes: 643
tot_uptimes_duration: 38520.103359975255
