comms_cons: 248.99088638281955
finished_reconf: true
global_termination_time: 2509098.412
local_termination_time: 711380.0563599999
node_cons: 51588.96468893859
tot_aggregated_send: 34278
tot_msg_rcv: 1155
tot_msg_sent: 2413
tot_reconf_duration: 7.819999999999999
tot_sleeping_duration: 2470578.3633600157
tot_uptimes: 643
tot_uptimes_duration: 38520.04863998451
