comms_cons: 254.03594877308717
finished_reconf: true
global_termination_time: 2509030.562
local_termination_time: 1255911.5565199992
node_cons: 51586.79188893387
tot_aggregated_send: 34162
tot_msg_rcv: 1594
tot_msg_sent: 2856
tot_reconf_duration: 6.22
tot_sleeping_duration: 2470510.513360019
tot_uptimes: 643
tot_uptimes_duration: 38520.048639981076
