comms_cons: 192.48107519242896
finished_reconf: true
global_termination_time: 1934817.787
local_termination_time: 719038.2243599999
node_cons: 39772.48263999969
tot_aggregated_send: 27724
tot_msg_rcv: 548
tot_msg_sent: 984
tot_reconf_duration: 3.08
tot_sleeping_duration: 1905117.787
tot_uptimes: 496
tot_uptimes_duration: 29700.0
