comms_cons: 191.89775999167128
finished_reconf: true
global_termination_time: 1936039.037
local_termination_time: 996639.6011199979
node_cons: 39784.317744793814
tot_aggregated_send: 27434
tot_msg_rcv: 463
tot_msg_sent: 1270
tot_reconf_duration: 9.11
tot_sleeping_duration: 1906336.3138000045
tot_uptimes: 496
tot_uptimes_duration: 29702.723199995584
