comms_cons: 199.22389757503376
finished_reconf: true
global_termination_time: 1934355.807
local_termination_time: 388965.5473600001
node_cons: 39799.16780167792
tot_aggregated_send: 26042
tot_msg_rcv: 1574
tot_msg_sent: 2664
tot_reconf_duration: 22.65
tot_sleeping_duration: 1904655.7255200313
tot_uptimes: 496
tot_uptimes_duration: 29700.081479968736
