comms_cons: 193.80477439029883
finished_reconf: true
global_termination_time: 1935960.965
local_termination_time: 1126947.58636
node_cons: 39783.170099999996
tot_aggregated_send: 27550
tot_msg_rcv: 757
tot_msg_sent: 1150
tot_reconf_duration: 10.95
tot_sleeping_duration: 1906260.965
tot_uptimes: 496
tot_uptimes_duration: 29700.0
