comms_cons: 90.15345919239142
finished_reconf: true
global_termination_time: 889233.503
local_termination_time: 320886.156
node_cons: 18253.860626557907
tot_aggregated_send: 11997
tot_msg_rcv: 540
tot_msg_sent: 1165
tot_reconf_duration: 11.31
tot_sleeping_duration: 875612.5159600016
tot_uptimes: 228
tot_uptimes_duration: 13620.987039998421
