comms_cons: 2.2638719999918107
finished_reconf: true
global_termination_time: 13290.020480000001
local_termination_time: 13289.979360000001
node_cons: 310.1730787200009
tot_aggregated_send: 0
tot_msg_rcv: 186
tot_msg_sent: 157
tot_reconf_duration: 37.410000000000004
tot_sleeping_duration: 13096.316
tot_uptimes: 4
tot_uptimes_duration: 193.70448000000033
