comms_cons: 2.7303679999951975
finished_reconf: true
global_termination_time: 13651.183
local_termination_time: 4537.172360000001
node_cons: 266.42274112000723
tot_aggregated_send: 0
tot_msg_rcv: 254
tot_msg_sent: 161
tot_reconf_duration: 18.700000000000003
tot_sleeping_duration: 13471.176919999996
tot_uptimes: 4
tot_uptimes_duration: 180.00608000000466
