comms_cons: 22.645606400361245
finished_reconf: true
global_termination_time: 226801.952
local_termination_time: 134246.5446000001
node_cons: 4677.613001121451
tot_aggregated_send: 3190
tot_msg_rcv: 91
tot_msg_sent: 161
tot_reconf_duration: 13.17
tot_sleeping_duration: 223321.94591999892
tot_uptimes: 59
tot_uptimes_duration: 3480.0060800010688
