comms_cons: 22.645606399987845
finished_reconf: true
global_termination_time: 226044.045
local_termination_time: 18483.59548
node_cons: 4585.341620000003
tot_aggregated_send: 3016
tot_msg_rcv: 140
tot_msg_sent: 286
tot_reconf_duration: 4.390000000000001
tot_sleeping_duration: 222624.045
tot_uptimes: 58
tot_uptimes_duration: 3420.0
