comms_cons: 23.928550400746637
finished_reconf: true
global_termination_time: 227383.435
local_termination_time: 170956.42532000065
node_cons: 4668.174901121436
tot_aggregated_send: 2958
tot_msg_rcv: 277
tot_msg_sent: 402
tot_reconf_duration: 6.22
tot_sleeping_duration: 223903.42891999893
tot_uptimes: 59
tot_uptimes_duration: 3480.0060800010688
