comms_cons: 49.693952000223014
finished_reconf: true
global_termination_time: 498325.377
local_termination_time: 103326.88823999971
node_cons: 10215.551380000014
tot_aggregated_send: 7018
tot_msg_rcv: 195
tot_msg_sent: 340
tot_reconf_duration: 9.11
tot_sleeping_duration: 490705.377
tot_uptimes: 128
tot_uptimes_duration: 7620.0
