comms_cons: 49.75752320043848
finished_reconf: true
global_termination_time: 497965.43
local_termination_time: 16408.191840000003
node_cons: 10209.141620000013
tot_aggregated_send: 7076
tot_msg_rcv: 199
tot_msg_sent: 287
tot_reconf_duration: 4.390000000000001
tot_sleeping_duration: 490345.43
tot_uptimes: 128
tot_uptimes_duration: 7620.0
