comms_cons: 145.2887552142028
finished_reconf: true
global_termination_time: 299537.24280000036
local_termination_time: 2473.223040000001
node_cons: 18324.581985526387
tot_aggregated_send: 0
tot_msg_rcv: 8889
tot_msg_sent: 13193
tot_reconf_duration: 18.21
tot_sleeping_duration: 285870.4371199956
tot_uptimes: 224
tot_uptimes_duration: 13666.805680004754
