comms_cons: 30.8164288002587
finished_reconf: true
global_termination_time: 300164.113
local_termination_time: 16107.293640000004
node_cons: 6140.21368224173
tot_aggregated_send: 3770
tot_msg_rcv: 295
tot_msg_sent: 618
tot_reconf_duration: 25.299999999999997
tot_sleeping_duration: 295604.1008399987
tot_uptimes: 77
tot_uptimes_duration: 4560.012160001286
