comms_cons: 378.17045126012596
finished_reconf: true
global_termination_time: 3755890.322
local_termination_time: 599998.59136
node_cons: 77215.3170866998
tot_aggregated_send: 52084
tot_msg_rcv: 1739
tot_msg_sent: 3657
tot_reconf_duration: 6.279999999999999
tot_sleeping_duration: 3698230.285520014
tot_uptimes: 962
tot_uptimes_duration: 57660.03647998627
