comms_cons: 376.3962880255684
finished_reconf: true
global_termination_time: 3755312.516
local_termination_time: 1525107.2786799995
node_cons: 77213.31268558331
tot_aggregated_send: 52432
tot_msg_rcv: 1581
tot_msg_sent: 3197
tot_reconf_duration: 4.8100000000000005
tot_sleeping_duration: 3697652.485600011
tot_uptimes: 962
tot_uptimes_duration: 57660.03039998887
