comms_cons: 377.40327685403753
finished_reconf: true
global_termination_time: 3755841.399
local_termination_time: 19128.259
node_cons: 77224.85249958008
tot_aggregated_send: 52191
tot_msg_rcv: 1626
tot_msg_sent: 3546
tot_reconf_duration: 11.31
tot_sleeping_duration: 3698179.3426000136
tot_uptimes: 962
tot_uptimes_duration: 57662.05639998652
