comms_cons: 434.27982694130606
finished_reconf: true
global_termination_time: 2203681.275
local_termination_time: 906954.0380000001
node_cons: 45359.508146230364
tot_aggregated_send: 0
tot_msg_rcv: 33298
tot_msg_sent: 32707
tot_reconf_duration: 22.65
tot_sleeping_duration: 2169828.5868400065
tot_uptimes: 565
tot_uptimes_duration: 33852.68815999315
