comms_cons: 222.84471039462
finished_reconf: true
global_termination_time: 2205159.121
local_termination_time: 775709.6151999995
node_cons: 45332.6242844668
tot_aggregated_send: 30682
tot_msg_rcv: 1165
tot_msg_sent: 2025
tot_reconf_duration: 15.34
tot_sleeping_duration: 2171319.0966800093
tot_uptimes: 565
tot_uptimes_duration: 33840.02431999054
