comms_cons: 225.6823423770568
finished_reconf: true
global_termination_time: 2201364.3781599985
local_termination_time: 2201364.3370399983
node_cons: 45338.143608526945
tot_aggregated_send: 29450
tot_msg_rcv: 1604
tot_msg_sent: 3248
tot_reconf_duration: 24.59
tot_sleeping_duration: 2167529.6131200227
tot_uptimes: 564
tot_uptimes_duration: 33834.7650399759
