comms_cons: 1876.5974173896686
finished_reconf: true
global_termination_time: 3882658.774399999
local_termination_time: 3882658.733279999
node_cons: 235550.17969276835
tot_aggregated_send: 0
tot_msg_rcv: 115314
tot_msg_sent: 169917
tot_reconf_duration: 37.410000000000004
tot_sleeping_duration: 3706781.7192000165
tot_uptimes: 2880
tot_uptimes_duration: 175877.05519998283
