comms_cons: 390.7169472716797
finished_reconf: true
global_termination_time: 3883962.248
local_termination_time: 19963.019600000003
node_cons: 79888.79197005076
tot_aggregated_send: 54462
tot_msg_rcv: 1742
tot_msg_sent: 3181
tot_reconf_duration: 22.65
tot_sleeping_duration: 3824322.1932800207
tot_uptimes: 995
tot_uptimes_duration: 59640.05471997964
