comms_cons: 394.5762048436986
finished_reconf: true
global_termination_time: 3889001.643
local_termination_time: 353406.43564000033
node_cons: 79963.77601116784
tot_aggregated_send: 53534
tot_msg_rcv: 2435
tot_msg_sent: 4004
tot_reconf_duration: 18.700000000000003
tot_sleeping_duration: 3829301.582200023
tot_uptimes: 996
tot_uptimes_duration: 59700.06079997751
