comms_cons: 390.7891904664219
finished_reconf: true
global_termination_time: 3884835.531
local_termination_time: 420231.61436000007
node_cons: 79868.62840670394
tot_aggregated_send: 53476
tot_msg_rcv: 1975
tot_msg_sent: 3946
tot_reconf_duration: 7.819999999999999
tot_sleeping_duration: 3825195.4945200104
tot_uptimes: 995
tot_uptimes_duration: 59640.036479989474
