comms_cons: 65.38504319994186
finished_reconf: true
global_termination_time: 655399.34224
local_termination_time: 279831.97436000005
node_cons: 13461.921431602965
tot_aggregated_send: 8932
tot_msg_rcv: 318
tot_msg_sent: 687
tot_reconf_duration: 18.21
tot_sleeping_duration: 645364.0978399978
tot_uptimes: 168
tot_uptimes_duration: 10035.244400002179
