comms_cons: 54.90342400110006
finished_reconf: true
global_termination_time: 536858.661
local_termination_time: 498889.0191200005
node_cons: 11021.94712112144
tot_aggregated_send: 7308
tot_msg_rcv: 407
tot_msg_sent: 629
tot_reconf_duration: 11.31
tot_sleeping_duration: 528638.6549199988
tot_uptimes: 138
tot_uptimes_duration: 8220.006080001069
