comms_cons: 268.9774335969874
finished_reconf: true
global_termination_time: 2731597.899
local_termination_time: 1446963.7833599998
node_cons: 56175.54485999893
tot_aggregated_send: 39788
tot_msg_rcv: 353
tot_msg_sent: 742
tot_reconf_duration: 13.17
tot_sleeping_duration: 2689657.899
tot_uptimes: 700
tot_uptimes_duration: 41940.0
