comms_cons: 272.9255808085971
finished_reconf: true
global_termination_time: 2732879.781
local_termination_time: 885552.539
node_cons: 56180.126513036215
tot_aggregated_send: 38855
tot_msg_rcv: 950
tot_msg_sent: 1679
tot_reconf_duration: 12.629999999999999
tot_sleeping_duration: 2690935.811640002
tot_uptimes: 700
tot_uptimes_duration: 41943.96935999789
