comms_cons: 108.300211191521
finished_reconf: true
global_termination_time: 1064896.5994799999
local_termination_time: 1064896.55836
node_cons: 21921.69006656065
tot_aggregated_send: 14416
tot_msg_rcv: 697
tot_msg_sent: 1347
tot_reconf_duration: 37.410000000000004
tot_sleeping_duration: 1048562.8524399995
tot_uptimes: 273
tot_uptimes_duration: 16333.747040000453
