comms_cons: 108.88575998870782
finished_reconf: true
global_termination_time: 1067354.699
local_termination_time: 301878.8370400003
node_cons: 21957.598026710253
tot_aggregated_send: 14326
tot_msg_rcv: 803
tot_msg_sent: 1421
tot_reconf_duration: 18.21
tot_sleeping_duration: 1050974.6625200072
tot_uptimes: 274
tot_uptimes_duration: 16380.036479992676
