comms_cons: 104.58261759653008
finished_reconf: true
global_termination_time: 1066422.663
local_termination_time: 362514.7002400005
node_cons: 21950.750439556734
tot_aggregated_send: 14210
tot_msg_rcv: 646
tot_msg_sent: 1039
tot_reconf_duration: 13.17
tot_sleeping_duration: 1050042.6289600022
tot_uptimes: 274
tot_uptimes_duration: 16380.034039997554
