comms_cons: 107.313548792225
finished_reconf: true
global_termination_time: 1068996.942
local_termination_time: 296895.7026800007
node_cons: 21945.256508962262
tot_aggregated_send: 13746
tot_msg_rcv: 866
tot_msg_sent: 1698
tot_reconf_duration: 9.11
tot_sleeping_duration: 1052616.8933599982
tot_uptimes: 274
tot_uptimes_duration: 16380.048640001682
