comms_cons: 105.44605439519056
finished_reconf: true
global_termination_time: 1069487.904
local_termination_time: 499113.076
node_cons: 21965.094340880707
tot_aggregated_send: 14790
tot_msg_rcv: 418
tot_msg_sent: 819
tot_reconf_duration: 22.65
tot_sleeping_duration: 1053106.7720799996
tot_uptimes: 274
tot_uptimes_duration: 16381.13192000048
