comms_cons: 379.3278144559555
finished_reconf: true
global_termination_time: 3769556.848
local_termination_time: 2693241.7433599997
node_cons: 77538.743983349
tot_aggregated_send: 52664
tot_msg_rcv: 1685
tot_msg_sent: 3305
tot_reconf_duration: 7.819999999999999
tot_sleeping_duration: 3711656.8297600066
tot_uptimes: 966
tot_uptimes_duration: 57900.01823999337
