comms_cons: 123.30702079615789
finished_reconf: true
global_termination_time: 1232156.258
local_termination_time: 409477.86564000085
node_cons: 25323.413204961184
tot_aggregated_send: 17574
tot_msg_rcv: 481
tot_msg_sent: 687
tot_reconf_duration: 11.31
tot_sleeping_duration: 1213255.5453599992
tot_uptimes: 316
tot_uptimes_duration: 18900.712640000856
