comms_cons: 106.49757441452697
finished_reconf: true
global_termination_time: 462493.2018400001
local_termination_time: 462493.1607200001
node_cons: 9549.633644667634
tot_aggregated_send: 0
tot_msg_rcv: 9273
tot_msg_sent: 6913
tot_reconf_duration: 37.410000000000004
tot_sleeping_duration: 455399.2280799795
tot_uptimes: 119
tot_uptimes_duration: 7093.973760020628
