comms_cons: 45.962291200355494
finished_reconf: true
global_termination_time: 466876.129
local_termination_time: 4396.603360000001
node_cons: 9571.079560000013
tot_aggregated_send: 6670
tot_msg_rcv: 91
tot_msg_sent: 225
tot_reconf_duration: 7.819999999999999
tot_sleeping_duration: 459736.129
tot_uptimes: 120
tot_uptimes_duration: 7140.0
