comms_cons: 925.6315643065813
finished_reconf: true
global_termination_time: 1205447.631
local_termination_time: 457342.99060000054
node_cons: 120453.45584640151
tot_aggregated_send: 0
tot_msg_rcv: 63590
tot_msg_sent: 77102
tot_reconf_duration: 5.57
tot_sleeping_duration: 1115495.508680056
tot_uptimes: 1449
tot_uptimes_duration: 89952.12231994385
