comms_cons: 123.58650239132461
finished_reconf: true
global_termination_time: 1209098.421
local_termination_time: 570746.7165999997
node_cons: 24837.447662233684
tot_aggregated_send: 15950
tot_msg_rcv: 1012
tot_msg_sent: 1823
tot_reconf_duration: 9.11
tot_sleeping_duration: 1190558.4088400048
tot_uptimes: 310
tot_uptimes_duration: 18540.01215999527
