comms_cons: 122.36788478587516
finished_reconf: true
global_termination_time: 1205114.032
local_termination_time: 407475.45136000006
node_cons: 24755.38899586958
tot_aggregated_send: 15370
tot_msg_rcv: 1031
tot_msg_sent: 2198
tot_reconf_duration: 7.819999999999999
tot_sleeping_duration: 1186633.9950800077
tot_uptimes: 309
tot_uptimes_duration: 18480.036919992184
