comms_cons: 122.70991359139224
finished_reconf: true
global_termination_time: 1207261.701
local_termination_time: 392274.93164000084
node_cons: 24841.389487194847
tot_aggregated_send: 15892
tot_msg_rcv: 903
tot_msg_sent: 1857
tot_reconf_duration: 11.31
tot_sleeping_duration: 1188720.9762000039
tot_uptimes: 310
tot_uptimes_duration: 18540.724799996126
