comms_cons: 830.8946319166299
finished_reconf: true
global_termination_time: 4223192.678
local_termination_time: 1764035.9835999997
node_cons: 86878.3231233487
tot_aggregated_send: 0
tot_msg_rcv: 63607
tot_msg_sent: 62683
tot_reconf_duration: 22.65
tot_sleeping_duration: 4158332.659760007
tot_uptimes: 1082
tot_uptimes_duration: 64860.01823999337
