comms_cons: 226.04889603141189
finished_reconf: true
global_termination_time: 470183.9136000001
local_termination_time: 470183.8724800001
node_cons: 28381.151997004345
tot_aggregated_send: 0
tot_msg_rcv: 13913
tot_msg_sent: 20444
tot_reconf_duration: 24.59
tot_sleeping_duration: 449013.0705999969
tot_uptimes: 347
tot_uptimes_duration: 21170.843000003202
