comms_cons: 48.81136640079925
finished_reconf: true
global_termination_time: 471440.74
local_termination_time: 140773.058480001
node_cons: 9648.326536085662
tot_aggregated_send: 6090
tot_msg_rcv: 452
tot_msg_sent: 878
tot_reconf_duration: 4.390000000000001
tot_sleeping_duration: 464239.5712799958
tot_uptimes: 121
tot_uptimes_duration: 7201.168720004207
