comms_cons: 61.85079040159388
finished_reconf: true
global_termination_time: 571455.34724
local_termination_time: 119341.82167999985
node_cons: 11774.862842817247
tot_aggregated_send: 5800
tot_msg_rcv: 1460
tot_msg_sent: 2145
tot_reconf_duration: 18.21
tot_sleeping_duration: 562680.0420399872
tot_uptimes: 147
tot_uptimes_duration: 8775.305200012866
