comms_cons: 56.10707200023104
finished_reconf: true
global_termination_time: 575799.429
local_termination_time: 98188.981
node_cons: 11850.690897842249
tot_aggregated_send: 7828
tot_msg_rcv: 244
tot_msg_sent: 455
tot_reconf_duration: 22.65
tot_sleeping_duration: 566971.9964399984
tot_uptimes: 148
tot_uptimes_duration: 8827.43256000166
