comms_cons: 410.90400007010766
finished_reconf: true
global_termination_time: 4075573.2742399974
local_termination_time: 136929.8054400002
node_cons: 83838.46602940594
tot_aggregated_send: 56666
tot_msg_rcv: 1990
tot_msg_sent: 3798
tot_reconf_duration: 18.21
tot_sleeping_duration: 4012978.997280021
tot_uptimes: 1044
tot_uptimes_duration: 62594.27695997618
