comms_cons: 405.9583104256801
finished_reconf: true
global_termination_time: 4076023.248
local_termination_time: 2588326.431
node_cons: 83804.836558301
tot_aggregated_send: 56606
tot_msg_rcv: 1901
tot_msg_sent: 3196
tot_reconf_duration: 6.279999999999999
tot_sleeping_duration: 4013441.9871200128
tot_uptimes: 1044
tot_uptimes_duration: 62581.26087998715
