comms_cons: 735.048973886676
finished_reconf: true
global_termination_time: 4076342.99
local_termination_time: 830416.4837199998
node_cons: 83805.28026558303
tot_aggregated_send: 0
tot_msg_rcv: 56212
tot_msg_sent: 55510
tot_reconf_duration: 7.819999999999999
tot_sleeping_duration: 4013762.9596000114
tot_uptimes: 1044
tot_uptimes_duration: 62580.03039998887
