comms_cons: 735.2618634850174
finished_reconf: true
global_termination_time: 4078496.954
local_termination_time: 834849.1753599999
node_cons: 83890.35968558317
tot_aggregated_send: 0
tot_msg_rcv: 56255
tot_msg_sent: 55500
tot_reconf_duration: 11.31
tot_sleeping_duration: 4015856.923600011
tot_uptimes: 1045
tot_uptimes_duration: 62640.030399989104
