comms_cons: 407.0614080499593
finished_reconf: true
global_termination_time: 4076382.343
local_termination_time: 984207.5003599998
node_cons: 83802.03464558316
tot_aggregated_send: 56550
tot_msg_rcv: 1776
tot_msg_sent: 3544
tot_reconf_duration: 5.43
tot_sleeping_duration: 4013802.312600011
tot_uptimes: 1044
tot_uptimes_duration: 62580.030399989104
