comms_cons: 23.619328000044487
finished_reconf: true
global_termination_time: 217342.983
local_termination_time: 38728.09296000003
node_cons: 4425.272685598036
tot_aggregated_send: 2552
tot_msg_rcv: 397
tot_msg_sent: 641
tot_reconf_duration: 4.8100000000000005
tot_sleeping_duration: 214042.95260000147
tot_uptimes: 56
tot_uptimes_duration: 3300.0303999985335
