comms_cons: 320.62271365023685
finished_reconf: true
global_termination_time: 3152142.871
local_termination_time: 1295934.1409199992
node_cons: 64838.55446446637
tot_aggregated_send: 43442
tot_msg_rcv: 1918
tot_msg_sent: 3370
tot_reconf_duration: 3.05
tot_sleeping_duration: 3103722.846680009
tot_uptimes: 808
tot_uptimes_duration: 48420.024319991004
