comms_cons: 323.24494725248013
finished_reconf: true
global_termination_time: 3154124.887
local_termination_time: 1229153.54736
node_cons: 64845.048406699985
tot_aggregated_send: 42630
tot_msg_rcv: 2322
tot_msg_sent: 4177
tot_reconf_duration: 7.819999999999999
tot_sleeping_duration: 3105704.850520014
tot_uptimes: 808
tot_uptimes_duration: 48420.03647998598
