comms_cons: 14.428812799844733
finished_reconf: true
global_termination_time: 128228.021
local_termination_time: 63134.633120000195
node_cons: 2576.8660433574632
tot_aggregated_send: 1276
tot_msg_rcv: 335
tot_msg_sent: 583
tot_reconf_duration: 4.390000000000001
tot_sleeping_duration: 126308.0027600019
tot_uptimes: 33
tot_uptimes_duration: 1920.0182399980986
