comms_cons: 276.4698240182954
finished_reconf: true
global_termination_time: 2808281.472
local_termination_time: 7444.388
node_cons: 57854.05882334977
tot_aggregated_send: 39142
tot_msg_rcv: 885
tot_msg_sent: 1994
tot_reconf_duration: 6.8
tot_sleeping_duration: 2765081.453760007
tot_uptimes: 720
tot_uptimes_duration: 43200.01823999314
