comms_cons: 278.3450688252662
finished_reconf: true
global_termination_time: 2808285.302
local_termination_time: 6759.64
node_cons: 57853.27662223263
tot_aggregated_send: 39201
tot_msg_rcv: 1073
tot_msg_sent: 2033
tot_reconf_duration: 6.23
tot_sleeping_duration: 2765085.289840005
tot_uptimes: 720
tot_uptimes_duration: 43200.01215999527
