comms_cons: 269.1533760165232
finished_reconf: true
global_termination_time: 2808117.531
local_termination_time: 6044.876
node_cons: 57860.748324466615
tot_aggregated_send: 38330
tot_msg_rcv: 948
tot_msg_sent: 1631
tot_reconf_duration: 11.719999999999999
tot_sleeping_duration: 2764917.506680009
tot_uptimes: 720
tot_uptimes_duration: 43200.02431999077
