comms_cons: 49.14662400047129
finished_reconf: true
global_termination_time: 490605.296
local_termination_time: 370649.6324800001
node_cons: 10073.266841121476
tot_aggregated_send: 6844
tot_msg_rcv: 237
tot_msg_sent: 389
tot_reconf_duration: 22.65
tot_sleeping_duration: 483105.2899199989
tot_uptimes: 126
tot_uptimes_duration: 7500.006080001069
