comms_cons: 49.436108800808434
finished_reconf: true
global_termination_time: 490329.655
local_termination_time: 240848.01436000003
node_cons: 10046.666323364288
tot_aggregated_send: 6670
tot_msg_rcv: 263
tot_msg_sent: 581
tot_reconf_duration: 3.05
tot_sleeping_duration: 482829.6367599968
tot_uptimes: 126
tot_uptimes_duration: 7500.018240003206
