comms_cons: 130.42954231609338
finished_reconf: true
global_termination_time: 1300977.1874799998
local_termination_time: 1300977.14636
node_cons: 26772.372376556614
tot_aggregated_send: 0
tot_msg_rcv: 0
tot_msg_sent: 0
tot_reconf_duration: 39.92
tot_sleeping_duration: 1280983.4504400026
tot_uptimes: 334
tot_uptimes_duration: 19993.737039997442
