comms_cons: 48.367929601235275
finished_reconf: true
global_termination_time: 486775.255
local_termination_time: 25956.084
node_cons: 10007.038187202883
tot_aggregated_send: 6204
tot_msg_rcv: 395
tot_msg_sent: 753
tot_reconf_duration: 22.65
tot_sleeping_duration: 479324.7101999979
tot_uptimes: 125
tot_uptimes_duration: 7450.544800002142
