comms_cons: 284.4230656278067
finished_reconf: true
global_termination_time: 2810799.17
local_termination_time: 282275.41536000004
node_cons: 57852.42104782235
tot_aggregated_send: 38860
tot_msg_rcv: 1466
tot_msg_sent: 2904
tot_reconf_duration: 5.57
tot_sleeping_duration: 2767599.127440012
tot_uptimes: 720
tot_uptimes_duration: 43200.042559987574
