comms_cons: 286.09912963601505
finished_reconf: true
global_termination_time: 2808738.748
local_termination_time: 215809.12636000008
node_cons: 57862.73370670917
tot_aggregated_send: 38570
tot_msg_rcv: 1724
tot_msg_sent: 3190
tot_reconf_duration: 13.17
tot_sleeping_duration: 2765538.7115200073
tot_uptimes: 720
tot_uptimes_duration: 43200.036479992676
