comms_cons: 284.8333056179535
finished_reconf: false
global_termination_time: 2807791.204
local_termination_time: 0
node_cons: 57844.824423350095
tot_aggregated_send: 38918
tot_msg_rcv: 1530
tot_msg_sent: 2845
tot_reconf_duration: 0
tot_sleeping_duration: 2764591.185760007
tot_uptimes: 720
tot_uptimes_duration: 43200.01823999337
