comms_cons: 284.4780288258465
finished_reconf: true
global_termination_time: 2810139.419
local_termination_time: 1707847.5453599999
node_cons: 57860.19968558416
tot_aggregated_send: 38744
tot_msg_rcv: 1482
tot_msg_sent: 3013
tot_reconf_duration: 11.31
tot_sleeping_duration: 2766939.3886000114
tot_uptimes: 720
tot_uptimes_duration: 43200.03039998887
