comms_cons: 125.53301759017211
finished_reconf: true
global_termination_time: 1236081.109
local_termination_time: 584565.729359999
node_cons: 25394.004544467363
tot_aggregated_send: 16878
tot_msg_rcv: 745
tot_msg_sent: 1458
tot_reconf_duration: 4.8100000000000005
tot_sleeping_duration: 1217121.0846800094
tot_uptimes: 317
tot_uptimes_duration: 18960.02431999048
