comms_cons: 127.29374078506373
finished_reconf: true
global_termination_time: 1240386.628
local_termination_time: 424870.4643600001
node_cons: 25471.98702893476
tot_aggregated_send: 16472
tot_msg_rcv: 951
tot_msg_sent: 1924
tot_reconf_duration: 3.05
tot_sleeping_duration: 1221366.579360019
tot_uptimes: 318
tot_uptimes_duration: 19020.048639981076
