comms_cons: 87.01455361191411
finished_reconf: true
global_termination_time: 444329.007
local_termination_time: 3987.15536
node_cons: 9109.178700000011
tot_aggregated_send: 0
tot_msg_rcv: 6691
tot_msg_sent: 6534
tot_reconf_duration: 22.65
tot_sleeping_duration: 437549.007
tot_uptimes: 114
tot_uptimes_duration: 6780.0
