comms_cons: 45.18158720089788
finished_reconf: true
global_termination_time: 440724.081
local_termination_time: 50446.28200000001
node_cons: 9011.007054000876
tot_aggregated_send: 5858
tot_msg_rcv: 370
tot_msg_sent: 638
tot_reconf_duration: 6.22
tot_sleeping_duration: 434000.73499999935
tot_uptimes: 113
tot_uptimes_duration: 6723.346000000645
