comms_cons: 110.53713919878979
finished_reconf: true
global_termination_time: 1121654.44
local_termination_time: 671867.0093599999
node_cons: 23064.11198000011
tot_aggregated_send: 16008
tot_msg_rcv: 321
tot_msg_sent: 472
tot_reconf_duration: 4.8100000000000005
tot_sleeping_duration: 1104434.44
tot_uptimes: 288
tot_uptimes_duration: 17220.0
