comms_cons: 69.67372799912114
finished_reconf: true
global_termination_time: 683002.871
local_termination_time: 36631.513480000016
node_cons: 13987.720804483462
tot_aggregated_send: 9164
tot_msg_rcv: 497
tot_msg_sent: 929
tot_reconf_duration: 6.279999999999999
tot_sleeping_duration: 672562.8466799975
tot_uptimes: 175
tot_uptimes_duration: 10440.024320002572
