comms_cons: 70.88511999924836
finished_reconf: true
global_termination_time: 702585.96
local_termination_time: 31721.20972000001
node_cons: 14385.026323364318
tot_aggregated_send: 9628
tot_msg_rcv: 445
tot_msg_sent: 701
tot_reconf_duration: 3.05
tot_sleeping_duration: 691845.9417599968
tot_uptimes: 180
tot_uptimes_duration: 10740.018240003206
