comms_cons: 31.94922240043447
finished_reconf: true
global_termination_time: 320411.353
local_termination_time: 82308.72735999996
node_cons: 6605.773001121436
tot_aggregated_send: 4524
tot_msg_rcv: 111
tot_msg_sent: 221
tot_reconf_duration: 13.17
tot_sleeping_duration: 315491.34691999893
tot_uptimes: 83
tot_uptimes_duration: 4920.006080001069
