comms_cons: 41.75818240020324
finished_reconf: true
global_termination_time: 421363.122
local_termination_time: 1076.028560000001
node_cons: 8621.10918000001
tot_aggregated_send: 5974
tot_msg_rcv: 157
tot_msg_sent: 216
tot_reconf_duration: 18.21
tot_sleeping_duration: 414943.122
tot_uptimes: 108
tot_uptimes_duration: 6420.0
