comms_cons: 125.4668415915596
finished_reconf: true
global_termination_time: 1231133.284
local_termination_time: 131619.5336400004
node_cons: 25337.866841121464
tot_aggregated_send: 16936
tot_msg_rcv: 817
tot_msg_sent: 1316
tot_reconf_duration: 22.65
tot_sleeping_duration: 1212233.277919999
tot_uptimes: 316
tot_uptimes_duration: 18900.00608000107
