comms_cons: 110.47923200652329
finished_reconf: true
global_termination_time: 227055.6139200003
local_termination_time: 227055.5728000003
node_cons: 13953.339587081091
tot_aggregated_send: 0
tot_msg_rcv: 6747
tot_msg_sent: 10043
tot_reconf_duration: 24.59
tot_sleeping_duration: 216659.8361999995
tot_uptimes: 171
tot_uptimes_duration: 10395.777720000791
