comms_cons: 45.69157120295044
finished_reconf: true
global_termination_time: 228546.785
local_termination_time: 1361.2323600000004
node_cons: 4690.4949822394465
tot_aggregated_send: 0
tot_msg_rcv: 3597
tot_msg_sent: 3347
tot_reconf_duration: 22.65
tot_sleeping_duration: 225066.77284000043
tot_uptimes: 59
tot_uptimes_duration: 3480.0121599995837
