comms_cons: 12.18530559991153
finished_reconf: true
global_termination_time: 123096.482
local_termination_time: 69481.65875999974
node_cons: 2524.913682238287
tot_aggregated_send: 1160
tot_msg_rcv: 297
tot_msg_sent: 395
tot_reconf_duration: 25.299999999999997
tot_sleeping_duration: 121236.46984000127
tot_uptimes: 32
tot_uptimes_duration: 1860.0121599987324
