comms_cons: 14.138700799759377
finished_reconf: true
global_termination_time: 122939.741
local_termination_time: 70394.54779999983
node_cons: 2494.6981822382863
tot_aggregated_send: 1102
tot_msg_rcv: 464
tot_msg_sent: 583
tot_reconf_duration: 3.05
tot_sleeping_duration: 121079.72884000126
tot_uptimes: 32
tot_uptimes_duration: 1860.0121599987324
