comms_cons: 12.350412800064944
finished_reconf: true
global_termination_time: 123120.8
local_termination_time: 34002.68648000001
node_cons: 2497.9139400000004
tot_aggregated_send: 1276
tot_msg_rcv: 196
tot_msg_sent: 406
tot_reconf_duration: 5.43
tot_sleeping_duration: 121260.8
tot_uptimes: 32
tot_uptimes_duration: 1860.0
