comms_cons: 16.42293759975322
finished_reconf: true
global_termination_time: 146958.251
local_termination_time: 103460.94975999946
node_cons: 2976.7544644788704
tot_aggregated_send: 1566
tot_msg_rcv: 345
tot_msg_sent: 586
tot_reconf_duration: 3.05
tot_sleeping_duration: 144738.2266800008
tot_uptimes: 38
tot_uptimes_duration: 2220.0243199991673
