comms_cons: 63.64122879849985
finished_reconf: true
global_termination_time: 638840.702
local_termination_time: 385904.21836000006
node_cons: 13102.984060000028
tot_aggregated_send: 8990
tot_msg_rcv: 223
tot_msg_sent: 461
tot_reconf_duration: 5.57
tot_sleeping_duration: 629060.702
tot_uptimes: 164
tot_uptimes_duration: 9780.0
