comms_cons: 64.79756799706426
finished_reconf: true
global_termination_time: 635913.425
local_termination_time: 15919.3136
node_cons: 13022.005800000017
tot_aggregated_send: 8526
tot_msg_rcv: 456
tot_msg_sent: 866
tot_reconf_duration: 5.1
tot_sleeping_duration: 626193.425
tot_uptimes: 163
tot_uptimes_duration: 9720.0
