comms_cons: 284.7675136082932
finished_reconf: false
global_termination_time: 2810402.79
local_termination_time: 0
node_cons: 57844.80814111611
tot_aggregated_send: 38744
tot_msg_rcv: 1522
tot_msg_sent: 3017
tot_reconf_duration: 0
tot_sleeping_duration: 2767202.783920002
tot_uptimes: 720
tot_uptimes_duration: 43200.00607999787
