comms_cons: 285.1389120092904
finished_reconf: false
global_termination_time: 2809854.93
local_termination_time: 0
node_cons: 57844.79999999896
tot_aggregated_send: 39266
tot_msg_rcv: 1579
tot_msg_sent: 2494
tot_reconf_duration: 0
tot_sleeping_duration: 2766654.93
tot_uptimes: 720
tot_uptimes_duration: 43200.0
