comms_cons: 282.7082240122089
finished_reconf: true
global_termination_time: 2808254.68
local_termination_time: 2201817.7506399984
node_cons: 57861.162051658226
tot_aggregated_send: 39730
tot_msg_rcv: 1212
tot_msg_sent: 2028
tot_reconf_duration: 11.31
tot_sleeping_duration: 2765053.9308800157
tot_uptimes: 720
tot_uptimes_duration: 43200.74911998445
