comms_cons: 58.12018560079329
finished_reconf: true
global_termination_time: 575102.614
local_termination_time: 90512.17535999998
node_cons: 11820.599560000028
tot_aggregated_send: 7830
tot_msg_rcv: 354
tot_msg_sent: 649
tot_reconf_duration: 7.819999999999999
tot_sleeping_duration: 566282.614
tot_uptimes: 148
tot_uptimes_duration: 8820.000000000002
