comms_cons: 13.126131199833297
finished_reconf: true
global_termination_time: 131777.477
local_termination_time: 21797.24248
node_cons: 2675.949179999999
tot_aggregated_send: 1682
tot_msg_rcv: 97
tot_msg_sent: 217
tot_reconf_duration: 18.21
tot_sleeping_duration: 129797.47700000001
tot_uptimes: 34
tot_uptimes_duration: 1980.0
