comms_cons: 25.24244479893552
finished_reconf: true
global_termination_time: 130703.326
local_termination_time: 1964.8073600000002
node_cons: 2659.6667600000005
tot_aggregated_send: 0
tot_msg_rcv: 1927
tot_msg_sent: 1909
tot_reconf_duration: 6.22
tot_sleeping_duration: 128723.326
tot_uptimes: 34
tot_uptimes_duration: 1980.0
