comms_cons: 144.72391679068437
finished_reconf: true
global_termination_time: 1435485.969
local_termination_time: 197095.11836000005
node_cons: 29505.676848948497
tot_aggregated_send: 19372
tot_msg_rcv: 715
tot_msg_sent: 1912
tot_reconf_duration: 15.34
tot_sleeping_duration: 1413465.9203600087
tot_uptimes: 368
tot_uptimes_duration: 22020.04863999138
