comms_cons: 141.78175999445838
finished_reconf: true
global_termination_time: 1434234.837
local_termination_time: 731940.9302799993
node_cons: 29519.137400000105
tot_aggregated_send: 20764
tot_msg_rcv: 288
tot_msg_sent: 498
tot_reconf_duration: 25.299999999999997
tot_sleeping_duration: 1412214.837
tot_uptimes: 368
tot_uptimes_duration: 22020.0
