comms_cons: 141.21594879566481
finished_reconf: true
global_termination_time: 1435317.806
local_termination_time: 900090.5193599998
node_cons: 29488.962639999987
tot_aggregated_send: 20590
tot_msg_rcv: 294
tot_msg_sent: 580
tot_reconf_duration: 3.08
tot_sleeping_duration: 1413297.806
tot_uptimes: 368
tot_uptimes_duration: 22020.0
