comms_cons: 141.75544319497348
finished_reconf: true
global_termination_time: 1434262.381
local_termination_time: 591492.0913599998
node_cons: 29500.940200000077
tot_aggregated_send: 20706
tot_msg_rcv: 270
tot_msg_sent: 570
tot_reconf_duration: 11.899999999999999
tot_sleeping_duration: 1412242.381
tot_uptimes: 368
tot_uptimes_duration: 22020.0
