comms_cons: 144.18442238869704
finished_reconf: true
global_termination_time: 1432684.6061200001
local_termination_time: 20139.058880000004
node_cons: 29431.40244198372
tot_aggregated_send: 19256
tot_msg_rcv: 888
tot_msg_sent: 1772
tot_reconf_duration: 4.8100000000000005
tot_sleeping_duration: 1410709.3481200123
tot_uptimes: 367
tot_uptimes_duration: 21975.257999987807
