comms_cons: 149.0990207796712
finished_reconf: true
global_termination_time: 1434070.742
local_termination_time: 84130.68459999995
node_cons: 29495.480971184494
tot_aggregated_send: 18850
tot_msg_rcv: 1368
tot_msg_sent: 2444
tot_reconf_duration: 7.819999999999999
tot_sleeping_duration: 1412050.6812000116
tot_uptimes: 368
tot_uptimes_duration: 22020.06079998838
