comms_cons: 66.47091199873631
finished_reconf: true
global_termination_time: 637884.841
local_termination_time: 97026.53700000001
node_cons: 13102.625597445442
tot_aggregated_send: 7884
tot_msg_rcv: 633
tot_msg_sent: 1587
tot_reconf_duration: 5.1
tot_sleeping_duration: 628104.632039996
tot_uptimes: 164
tot_uptimes_duration: 9780.208960004049
