comms_cons: 63.90376959901242
finished_reconf: true
global_termination_time: 640102.766
local_termination_time: 258643.0300800006
node_cons: 13111.604623359704
tot_aggregated_send: 8932
tot_msg_rcv: 266
tot_msg_sent: 515
tot_reconf_duration: 11.899999999999999
tot_sleeping_duration: 630322.7477600002
tot_uptimes: 164
tot_uptimes_duration: 9780.018239999772
