comms_cons: 1.3421567999983308
finished_reconf: true
global_termination_time: 10039.63148
local_termination_time: 10039.59036
node_cons: 229.84555820000958
tot_aggregated_send: 0
tot_msg_rcv: 105
tot_msg_sent: 98
tot_reconf_duration: 37.410000000000004
tot_sleeping_duration: 9905.917679999993
tot_uptimes: 3
tot_uptimes_duration: 133.7138000000068
