comms_cons: 2.290188799991724
finished_reconf: true
global_termination_time: 12936.398
local_termination_time: 7118.91236
node_cons: 249.46676000000033
tot_aggregated_send: 0
tot_msg_rcv: 179
tot_msg_sent: 169
tot_reconf_duration: 6.22
tot_sleeping_duration: 12756.398
tot_uptimes: 4
tot_uptimes_duration: 180.0
