comms_cons: 297.72916479852296
finished_reconf: true
global_termination_time: 3055978.13
local_termination_time: 2141930.152519998
node_cons: 62841.23897999882
tot_aggregated_send: 44138
tot_msg_rcv: 294
tot_msg_sent: 821
tot_reconf_duration: 11.31
tot_sleeping_duration: 3009058.13
tot_uptimes: 783
tot_uptimes_duration: 46920.0
