comms_cons: 3.0264319999933953
finished_reconf: true
global_termination_time: 16527.19
local_termination_time: 5724.391480000001
node_cons: 346.754600000001
tot_aggregated_send: 0
tot_msg_rcv: 300
tot_msg_sent: 160
tot_reconf_duration: 18.700000000000003
tot_sleeping_duration: 16287.189999999999
tot_uptimes: 5
tot_uptimes_duration: 240.0
