comms_cons: 2.2698239999924996
finished_reconf: true
global_termination_time: 19211.387
local_termination_time: 7029.93736
node_cons: 327.32161999999926
tot_aggregated_send: 0
tot_msg_rcv: 180
tot_msg_sent: 165
tot_reconf_duration: 4.390000000000001
tot_sleeping_duration: 18971.387
tot_uptimes: 5
tot_uptimes_duration: 240.0
