comms_cons: 375.5275776216991
finished_reconf: true
global_termination_time: 3792906.855
local_termination_time: 1164842.18536
node_cons: 78021.13436111502
tot_aggregated_send: 54694
tot_msg_rcv: 834
tot_msg_sent: 1550
tot_reconf_duration: 8.09
tot_sleeping_duration: 3734646.848920002
tot_uptimes: 972
tot_uptimes_duration: 58260.00607999763
