comms_cons: 280.5066880156773
finished_reconf: true
global_termination_time: 2809843.848
local_termination_time: 5143.13
node_cons: 57859.74880895233
tot_aggregated_send: 39371
tot_msg_rcv: 975
tot_msg_sent: 2289
tot_reconf_duration: 10.96
tot_sleeping_duration: 2766643.799360005
tot_uptimes: 720
tot_uptimes_duration: 43200.048639995046
