comms_cons: 272.36474882319703
finished_reconf: true
global_termination_time: 2809336.571
local_termination_time: 4350.948
node_cons: 57855.077323349775
tot_aggregated_send: 38852
tot_msg_rcv: 851
tot_msg_sent: 1694
tot_reconf_duration: 7.55
tot_sleeping_duration: 2766136.552760007
tot_uptimes: 720
tot_uptimes_duration: 43200.01823999314
