comms_cons: 275.72769280883
finished_reconf: true
global_termination_time: 2809190.182
local_termination_time: 5644.296
node_cons: 57852.68450669997
tot_aggregated_send: 39433
tot_msg_rcv: 870
tot_msg_sent: 1606
tot_reconf_duration: 5.77
tot_sleeping_duration: 2765990.145520014
tot_uptimes: 720
tot_uptimes_duration: 43200.03647998581
