comms_cons: 270.36088960757957
finished_reconf: true
global_termination_time: 2810914.148
local_termination_time: 5997.897999999999
node_cons: 57854.732384466304
tot_aggregated_send: 38794
tot_msg_rcv: 840
tot_msg_sent: 1459
tot_reconf_duration: 7.29
tot_sleeping_duration: 2767714.1236800095
tot_uptimes: 720
tot_uptimes_duration: 43200.02431999054
