comms_cons: 272.4332416213732
finished_reconf: true
global_termination_time: 2809275.685
local_termination_time: 6835.7390000000005
node_cons: 57850.86752335009
tot_aggregated_send: 38798
tot_msg_rcv: 758
tot_msg_sent: 1852
tot_reconf_duration: 4.45
tot_sleeping_duration: 2766075.666760007
tot_uptimes: 720
tot_uptimes_duration: 43200.01823999337
