comms_cons: 195.15105910779945
finished_reconf: true
global_termination_time: 977710.0376799986
local_termination_time: 3619.1673600000004
node_cons: 20178.17618199
tot_aggregated_send: 0
tot_msg_rcv: 15122
tot_msg_sent: 14537
tot_reconf_duration: 18.21
tot_sleeping_duration: 962658.9196800061
tot_uptimes: 251
tot_uptimes_duration: 15051.117999992508
