comms_cons: 98.99722239315103
finished_reconf: true
global_termination_time: 982252.191
local_termination_time: 467882.80036000005
node_cons: 20177.760226701004
tot_aggregated_send: 12296
tot_msg_rcv: 947
tot_msg_sent: 1804
tot_reconf_duration: 9.11
tot_sleeping_duration: 967192.1545200142
tot_uptimes: 252
tot_uptimes_duration: 15060.036479985807
