comms_cons: 97.13530879845409
finished_reconf: true
global_termination_time: 983238.399
local_termination_time: 200996.97452000086
node_cons: 20171.31790224291
tot_aggregated_send: 13804
tot_msg_rcv: 322
tot_msg_sent: 638
tot_reconf_duration: 4.390000000000001
tot_sleeping_duration: 968178.3868399978
tot_uptimes: 252
tot_uptimes_duration: 15060.012160002138
