comms_cons: 100.3536767938367
finished_reconf: true
global_termination_time: 981771.359
local_termination_time: 117754.49159999995
node_cons: 20175.992124481145
tot_aggregated_send: 13282
tot_msg_rcv: 695
tot_msg_sent: 1278
tot_reconf_duration: 7.819999999999999
tot_sleeping_duration: 966711.3346799992
tot_uptimes: 252
tot_uptimes_duration: 15060.024320000826
