comms_cons: 97.97212159670663
finished_reconf: true
global_termination_time: 977842.244
local_termination_time: 167189.50048000008
node_cons: 20093.50374784085
tot_aggregated_send: 13050
tot_msg_rcv: 559
tot_msg_sent: 1282
tot_reconf_duration: 6.22
tot_sleeping_duration: 962842.2014399994
tot_uptimes: 251
tot_uptimes_duration: 15000.042560000613
