comms_cons: 218.6926079855909
finished_reconf: true
global_termination_time: 2192842.3372399975
local_termination_time: 79502.14679999984
node_cons: 45114.55346494458
tot_aggregated_send: 30914
tot_msg_rcv: 822
tot_msg_sent: 1503
tot_reconf_duration: 18.21
tot_sleeping_duration: 2159168.0846000086
tot_uptimes: 562
tot_uptimes_duration: 33674.252639988845
