comms_cons: 217.16810877595674
finished_reconf: true
global_termination_time: 2129978.786
local_termination_time: 702580.3953599998
node_cons: 43792.722786700484
tot_aggregated_send: 28652
tot_msg_rcv: 1536
tot_msg_sent: 2821
tot_reconf_duration: 5.43
tot_sleeping_duration: 2097278.749520014
tot_uptimes: 546
tot_uptimes_duration: 32700.036479985807
