comms_cons: 569.4025600790858
finished_reconf: true
global_termination_time: 5808782.899
local_termination_time: 4218882.752359999
node_cons: 119496.36312334666
tot_aggregated_send: 80620
tot_msg_rcv: 2031
tot_msg_sent: 3894
tot_reconf_duration: 22.65
tot_sleeping_duration: 5719562.880760007
tot_uptimes: 1488
tot_uptimes_duration: 89220.01823999337
