comms_cons: 587.1888385395322
finished_reconf: true
global_termination_time: 5807229.114239989
local_termination_time: 161418.76948000008
node_cons: 119543.68429387143
tot_aggregated_send: 80330
tot_msg_rcv: 3158
tot_msg_sent: 5757
tot_reconf_duration: 5.57
tot_sleeping_duration: 5717956.432960022
tot_uptimes: 1488
tot_uptimes_duration: 89272.68127996649
