comms_cons: 588.1521921254912
finished_reconf: true
global_termination_time: 5807229.622039997
local_termination_time: 134952.27348000006
node_cons: 119510.07846131595
tot_aggregated_send: 80504
tot_msg_rcv: 3117
tot_msg_sent: 5773
tot_reconf_duration: 5.1
tot_sleeping_duration: 5717981.561800027
tot_uptimes: 1488
tot_uptimes_duration: 89248.06023996987
