comms_cons: 574.4082049079385
finished_reconf: true
global_termination_time: 5809939.696
local_termination_time: 2993743.25436
node_cons: 119472.14454446464
tot_aggregated_send: 80968
tot_msg_rcv: 2071
tot_msg_sent: 4268
tot_reconf_duration: 4.8100000000000005
tot_sleeping_duration: 5720719.671680009
tot_uptimes: 1488
tot_uptimes_duration: 89220.02431999124
