comms_cons: 71.39179520206544
finished_reconf: true
global_termination_time: 543201.6395599995
local_termination_time: 543201.5984399995
node_cons: 11245.28347171018
tot_aggregated_send: 3686
tot_msg_rcv: 2702
tot_msg_sent: 4470
tot_reconf_duration: 37.410000000000004
tot_sleeping_duration: 534841.310439977
tot_uptimes: 140
tot_uptimes_duration: 8360.329120022529
