comms_cons: 96.58328319445921
finished_reconf: true
global_termination_time: 947668.42
local_termination_time: 284666.4628800009
node_cons: 19499.171698793125
tot_aggregated_send: 12702
tot_msg_rcv: 699
tot_msg_sent: 1280
tot_reconf_duration: 25.299999999999997
tot_sleeping_duration: 933131.5908000052
tot_uptimes: 243
tot_uptimes_duration: 14536.829199994856
