comms_cons: 98.34549759437049
finished_reconf: true
global_termination_time: 949481.937
local_termination_time: 79963.57259999996
node_cons: 19533.30468896229
tot_aggregated_send: 12644
tot_msg_rcv: 852
tot_msg_sent: 1450
tot_reconf_duration: 7.819999999999999
tot_sleeping_duration: 934901.8883599984
tot_uptimes: 244
tot_uptimes_duration: 14580.048640001682
