comms_cons: 99.40848639667777
finished_reconf: true
global_termination_time: 950038.015
local_termination_time: 317765.3038000003
node_cons: 19538.06039119134
tot_aggregated_send: 11716
tot_msg_rcv: 1179
tot_msg_sent: 2214
tot_reconf_duration: 11.31
tot_sleeping_duration: 935457.9542000066
tot_uptimes: 244
tot_uptimes_duration: 14580.060799993516
