comms_cons: 97.60963839260128
finished_reconf: true
global_termination_time: 946946.94
local_termination_time: 277663.23480000027
node_cons: 19449.686504471945
tot_aggregated_send: 12586
tot_msg_rcv: 800
tot_msg_sent: 1451
tot_reconf_duration: 5.43
tot_sleeping_duration: 932426.9156800059
tot_uptimes: 243
tot_uptimes_duration: 14520.024319993972
