comms_cons: 298.06435840724725
finished_reconf: true
global_termination_time: 2946060.5861199955
local_termination_time: 125141.85459999995
node_cons: 60635.62279638333
tot_aggregated_send: 40426
tot_msg_rcv: 1618
tot_msg_sent: 3259
tot_reconf_duration: 22.65
tot_sleeping_duration: 2900799.2985200067
tot_uptimes: 755
tot_uptimes_duration: 45261.2875999884
