comms_cons: 122.64286720036034
finished_reconf: true
global_termination_time: 1245853.6
local_termination_time: 4350.948
node_cons: 25638.72104111919
tot_aggregated_send: 18146
tot_msg_rcv: 188
tot_msg_sent: 307
tot_reconf_duration: 7.55
tot_sleeping_duration: 1226713.5939200006
tot_uptimes: 320
tot_uptimes_duration: 19140.006079999366
