comms_cons: 671.6995008593162
finished_reconf: true
global_termination_time: 6792733.521839998
local_termination_time: 6792733.521839998
node_cons: 139856.40100733627
tot_aggregated_send: 97878
tot_msg_rcv: 1193
tot_msg_sent: 3022
tot_reconf_duration: 37.410000000000004
tot_sleeping_duration: 6688323.067600012
tot_uptimes: 1740
tot_uptimes_duration: 104410.4542399859
