comms_cons: 672.7151297227225
finished_reconf: true
global_termination_time: 6796498.688
local_termination_time: 2874331.75936
node_cons: 139795.82334558124
tot_aggregated_send: 93786
tot_msg_rcv: 2818
tot_msg_sent: 5644
tot_reconf_duration: 3.08
tot_sleeping_duration: 6692098.657600011
tot_uptimes: 1741
tot_uptimes_duration: 104400.03039998934
