comms_cons: 670.0059905231558
finished_reconf: true
global_termination_time: 6792770.199
local_termination_time: 2874381.7263599997
node_cons: 139802.61064334665
tot_aggregated_send: 94192
tot_msg_rcv: 2482
tot_msg_sent: 5163
tot_reconf_duration: 8.09
tot_sleeping_duration: 6688370.180760006
tot_uptimes: 1740
tot_uptimes_duration: 104400.0182399936
