comms_cons: 869.330937776712
finished_reconf: true
global_termination_time: 8827905.749
local_termination_time: 3748951.7960799993
node_cons: 181572.6396278137
tot_aggregated_send: 123598
tot_msg_rcv: 2801
tot_msg_sent: 5734
tot_reconf_duration: 3.08
tot_sleeping_duration: 8692305.706440015
tot_uptimes: 2261
tot_uptimes_duration: 135600.04255998507
