comms_cons: 882.4859586007767
finished_reconf: true
global_termination_time: 8832483.515
local_termination_time: 490823.4949200007
node_cons: 181654.79117227992
tot_aggregated_send: 123308
tot_msg_rcv: 3618
tot_msg_sent: 7205
tot_reconf_duration: 4.390000000000001
tot_sleeping_duration: 8696823.448120026
tot_uptimes: 2262
tot_uptimes_duration: 135660.0668799749
