comms_cons: 880.0992578120517
finished_reconf: true
global_termination_time: 8827560.538
local_termination_time: 1266152.8803599998
node_cons: 181576.90374781325
tot_aggregated_send: 123830
tot_msg_rcv: 3412
tot_msg_sent: 6527
tot_reconf_duration: 6.22
tot_sleeping_duration: 8691960.495440016
tot_uptimes: 2261
tot_uptimes_duration: 135600.04255998484
