comms_cons: 880.2160834323403
finished_reconf: true
global_termination_time: 8831363.869
local_termination_time: 1381760.95236
node_cons: 181664.15596781336
tot_aggregated_send: 122380
tot_msg_rcv: 3630
tot_msg_sent: 7775
tot_reconf_duration: 11.31
tot_sleeping_duration: 8695703.826440016
tot_uptimes: 2262
tot_uptimes_duration: 135660.04255998484
