comms_cons: 49.97623040384787
finished_reconf: true
global_termination_time: 250096.643
local_termination_time: 4982.592360000001
node_cons: 5172.518700000005
tot_aggregated_send: 0
tot_msg_rcv: 3902
tot_msg_sent: 3693
tot_reconf_duration: 22.65
tot_sleeping_duration: 246256.643
tot_uptimes: 65
tot_uptimes_duration: 3840.0
