comms_cons: 25.691776000005525
finished_reconf: true
global_termination_time: 251465.356
local_termination_time: 127587.68135999996
node_cons: 5148.300121121432
tot_aggregated_send: 3422
tot_msg_rcv: 195
tot_msg_sent: 287
tot_reconf_duration: 4.8100000000000005
tot_sleeping_duration: 247625.34991999893
tot_uptimes: 65
tot_uptimes_duration: 3840.0060800010688
