comms_cons: 79.20824319791207
finished_reconf: true
global_termination_time: 771643.936
local_termination_time: 496323.6487600004
node_cons: 15833.536403350516
tot_aggregated_send: 10092
tot_msg_rcv: 609
tot_msg_sent: 1339
tot_reconf_duration: 4.8100000000000005
tot_sleeping_duration: 759823.9177600071
tot_uptimes: 198
tot_uptimes_duration: 11820.018239992904
