comms_cons: 90.91796479866917
finished_reconf: true
global_termination_time: 926272.603
local_termination_time: 5849.296
node_cons: 19050.849182236012
tot_aggregated_send: 13448
tot_msg_rcv: 79
tot_msg_sent: 292
tot_reconf_duration: 7.55
tot_sleeping_duration: 912052.590840003
tot_uptimes: 238
tot_uptimes_duration: 14220.012159997
