comms_cons: 91.66044159893761
finished_reconf: true
global_termination_time: 927511.231
local_termination_time: 5702.853
node_cons: 19056.51204223829
tot_aggregated_send: 13386
tot_msg_rcv: 195
tot_msg_sent: 351
tot_reconf_duration: 11.719999999999999
tot_sleeping_duration: 913291.2188400014
tot_uptimes: 238
tot_uptimes_duration: 14220.012159998701
