comms_cons: 96.4704639966903
finished_reconf: true
global_termination_time: 960027.998
local_termination_time: 618139.94736
node_cons: 19691.771183355242
tot_aggregated_send: 13166
tot_msg_rcv: 508
tot_msg_sent: 989
tot_reconf_duration: 6.22
tot_sleeping_duration: 945327.9797600037
tot_uptimes: 246
tot_uptimes_duration: 14700.018239996338
