comms_cons: 267.4905344141098
finished_reconf: true
global_termination_time: 2702305.552
local_termination_time: 5071.996999999999
node_cons: 55629.762287817844
tot_aggregated_send: 37675
tot_msg_rcv: 1053
tot_msg_sent: 1929
tot_reconf_duration: 25.35
tot_sleeping_duration: 2660785.509440016
tot_uptimes: 693
tot_uptimes_duration: 41520.04255998414
