comms_cons: 31.059935999922608
finished_reconf: true
global_termination_time: 14711.192240000002
local_termination_time: 1414.8450400000015
node_cons: 4311.98456532006
tot_aggregated_send: 0
tot_msg_rcv: 2358
tot_msg_sent: 2362
tot_reconf_duration: 6.22
tot_sleeping_duration: 11497.198359999958
tot_uptimes: 48
tot_uptimes_duration: 3213.993880000043
