comms_cons: 2.2967679999917023
finished_reconf: true
global_termination_time: 18559.787
local_termination_time: 5634.017360000001
node_cons: 329.8882400000009
tot_aggregated_send: 0
tot_msg_rcv: 178
tot_msg_sent: 171
tot_reconf_duration: 6.279999999999999
tot_sleeping_duration: 18319.787
tot_uptimes: 5
tot_uptimes_duration: 240.0
