comms_cons: 1784.4872239148026
finished_reconf: true
global_termination_time: 6126419.30312
local_termination_time: 6126419.262
node_cons: 249786.0460886671
tot_aggregated_send: 0
tot_msg_rcv: 90996
tot_msg_sent: 180236
tot_reconf_duration: 24.59
tot_sleeping_duration: 5939897.531000003
tot_uptimes: 3079
tot_uptimes_duration: 186521.77211999733
