comms_cons: 617.3877953506916
finished_reconf: true
global_termination_time: 6127128.083
local_termination_time: 847959.9524799999
node_cons: 126057.65888781546
tot_aggregated_send: 85086
tot_msg_rcv: 3056
tot_msg_sent: 5698
tot_reconf_duration: 3.05
tot_sleeping_duration: 6032988.0404400155
tot_uptimes: 1570
tot_uptimes_duration: 94140.0425599846
