comms_cons: 182.88065918479293
finished_reconf: true
global_termination_time: 1801193.924
local_termination_time: 403526.60936
node_cons: 37042.774890051296
tot_aggregated_send: 24186
tot_msg_rcv: 1124
tot_msg_sent: 2485
tot_reconf_duration: 4.390000000000001
tot_sleeping_duration: 1773533.8692800214
tot_uptimes: 462
tot_uptimes_duration: 27660.05471997871
