comms_cons: 174.41584639255322
finished_reconf: true
global_termination_time: 1802103.383
local_termination_time: 830657.1722799983
node_cons: 37045.19490111682
tot_aggregated_send: 23896
tot_msg_rcv: 927
tot_msg_sent: 1688
tot_reconf_duration: 6.22
tot_sleeping_duration: 1774443.3769200023
tot_uptimes: 462
tot_uptimes_duration: 27660.006079997635
