comms_cons: 180.9946239846497
finished_reconf: true
global_termination_time: 1800248.3512400002
local_termination_time: 329553.0974800005
node_cons: 37102.29637606579
tot_aggregated_send: 24824
tot_msg_rcv: 824
tot_msg_sent: 1860
tot_reconf_duration: 11.31
tot_sleeping_duration: 1772550.8625200107
tot_uptimes: 462
tot_uptimes_duration: 27697.488719989487
