comms_cons: 2.282982399996052
finished_reconf: true
global_termination_time: 11086.006
local_termination_time: 5691.81148
node_cons: 178.56486000000012
tot_aggregated_send: 0
tot_msg_rcv: 239
tot_msg_sent: 108
tot_reconf_duration: 13.17
tot_sleeping_duration: 10966.006
tot_uptimes: 3
tot_uptimes_duration: 120.00000000000001
