comms_cons: 2.276403199992478
finished_reconf: true
global_termination_time: 13253.011
local_termination_time: 9554.880360000001
node_cons: 248.58406000000207
tot_aggregated_send: 0
tot_msg_rcv: 177
tot_msg_sent: 169
tot_reconf_duration: 5.57
tot_sleeping_duration: 13073.011
tot_uptimes: 4
tot_uptimes_duration: 180.0
