comms_cons: 126.99440641030677
finished_reconf: true
global_termination_time: 262193.0376000001
local_termination_time: 262192.9964800001
node_cons: 16050.90354699993
tot_aggregated_send: 0
tot_msg_rcv: 7751
tot_msg_sent: 11550
tot_reconf_duration: 24.59
tot_sleeping_duration: 250230.74460000018
tot_uptimes: 198
tot_uptimes_duration: 11962.292999999923
