comms_cons: 52.08655360444818
finished_reconf: true
global_termination_time: 263252.144
local_termination_time: 1581.9353600000004
node_cons: 5413.538700000006
tot_aggregated_send: 0
tot_msg_rcv: 4048
tot_msg_sent: 3868
tot_reconf_duration: 22.65
tot_sleeping_duration: 259232.14399999997
tot_uptimes: 68
tot_uptimes_duration: 4020.0
