comms_cons: 125.58376959755294
finished_reconf: true
global_termination_time: 1262375.448239999
local_termination_time: 1262375.407119999
node_cons: 26029.38012247544
tot_aggregated_send: 18085
tot_msg_rcv: 334
tot_msg_sent: 668
tot_reconf_duration: 21.23
tot_sleeping_duration: 1242957.5619200023
tot_uptimes: 324
tot_uptimes_duration: 19417.886319996556
