comms_cons: 366.74906240336236
finished_reconf: true
global_termination_time: 3720976.964
local_termination_time: 2527311.619999999
node_cons: 76491.26034223285
tot_aggregated_send: 51562
tot_msg_rcv: 1559
tot_msg_sent: 2621
tot_reconf_duration: 5.57
tot_sleeping_duration: 3663856.9518400044
tot_uptimes: 953
tot_uptimes_duration: 57120.012159995735
