comms_cons: 369.8539200264296
finished_reconf: true
global_termination_time: 3715566.443
local_termination_time: 1587432.12836
node_cons: 76414.36692558308
tot_aggregated_send: 52084
tot_msg_rcv: 1408
tot_msg_sent: 2722
tot_reconf_duration: 8.09
tot_sleeping_duration: 3658506.4126000116
tot_uptimes: 952
tot_uptimes_duration: 57060.03039998864
