comms_cons: 117.31239679607532
finished_reconf: true
global_termination_time: 1202345.418
local_termination_time: 434738.9386000001
node_cons: 24685.219861116904
tot_aggregated_send: 16008
tot_msg_rcv: 668
tot_msg_sent: 1153
tot_reconf_duration: 15.34
tot_sleeping_duration: 1183925.4119200024
tot_uptimes: 308
tot_uptimes_duration: 18420.006079997635
