comms_cons: 676.0296318045555
finished_reconf: true
global_termination_time: 1201651.408
local_termination_time: 281611.3404800001
node_cons: 119547.26740434626
tot_aggregated_send: 0
tot_msg_rcv: 46489
tot_msg_sent: 56261
tot_reconf_duration: 5.57
tot_sleeping_duration: 1112376.0507600077
tot_uptimes: 1451
tot_uptimes_duration: 89275.35723999221
