comms_cons: 117.55196159178199
finished_reconf: true
global_termination_time: 1206158.508
local_termination_time: 352648.3904800005
node_cons: 24757.156508943874
tot_aggregated_send: 15428
tot_msg_rcv: 868
tot_msg_sent: 1572
tot_reconf_duration: 9.11
tot_sleeping_duration: 1187678.459360012
tot_uptimes: 309
tot_uptimes_duration: 18480.048639987945
