comms_cons: 118.01671679393723
finished_reconf: true
global_termination_time: 1201505.598
local_termination_time: 358550.0406000006
node_cons: 24695.179405598028
tot_aggregated_send: 16124
tot_msg_rcv: 628
tot_msg_sent: 1185
tot_reconf_duration: 22.65
tot_sleeping_duration: 1183085.5676000016
tot_uptimes: 308
tot_uptimes_duration: 18420.030399998475
