comms_cons: 116.98147839513541
finished_reconf: true
global_termination_time: 1203144.999
local_termination_time: 650266.4203599999
node_cons: 24760.88020000007
tot_aggregated_send: 16646
tot_msg_rcv: 389
tot_msg_sent: 745
tot_reconf_duration: 11.899999999999999
tot_sleeping_duration: 1184664.999
tot_uptimes: 309
tot_uptimes_duration: 18480.0
