comms_cons: 121.47626879205902
finished_reconf: true
global_termination_time: 1202201.227
local_termination_time: 373749.04136000003
node_cons: 24670.960826710227
tot_aggregated_send: 16182
tot_msg_rcv: 900
tot_msg_sent: 1381
tot_reconf_duration: 4.8100000000000005
tot_sleeping_duration: 1183781.1905200074
tot_uptimes: 308
tot_uptimes_duration: 18420.036479992676
