comms_cons: 176.73767678504436
finished_reconf: true
global_termination_time: 1751195.4344799998
local_termination_time: 1751195.3933599999
node_cons: 36061.53820765437
tot_aggregated_send: 24334
tot_msg_rcv: 886
tot_msg_sent: 1643
tot_reconf_duration: 37.410000000000004
tot_sleeping_duration: 1724301.681360019
tot_uptimes: 449
tot_uptimes_duration: 26893.753119980916
