comms_cons: 180.15927677746606
finished_reconf: true
global_termination_time: 1755852.204
local_termination_time: 257796.47256000023
node_cons: 36079.273391182025
tot_aggregated_send: 23258
tot_msg_rcv: 1332
tot_msg_sent: 2792
tot_reconf_duration: 4.8100000000000005
tot_sleeping_duration: 1728912.1432000133
tot_uptimes: 450
tot_uptimes_duration: 26940.060799986648
