comms_cons: 96.8899328140471
finished_reconf: true
global_termination_time: 492130.7886000002
local_termination_time: 1820.2533600000004
node_cons: 10168.138469521691
tot_aggregated_send: 0
tot_msg_rcv: 7423
tot_msg_sent: 7301
tot_reconf_duration: 18.21
tot_sleeping_duration: 484555.42691999895
tot_uptimes: 127
tot_uptimes_duration: 7575.361680001253
