comms_cons: 48.79134720022429
finished_reconf: true
global_termination_time: 495273.443
local_termination_time: 289809.09436000005
node_cons: 10131.286759999975
tot_aggregated_send: 7076
tot_msg_rcv: 113
tot_msg_sent: 227
tot_reconf_duration: 6.22
tot_sleeping_duration: 487713.443
tot_uptimes: 127
tot_uptimes_duration: 7560.0
