comms_cons: 828.0790145394751
finished_reconf: true
global_termination_time: 8431603.649
local_termination_time: 1942388.544599999
node_cons: 173474.9568489306
tot_aggregated_send: 117276
tot_msg_rcv: 2834
tot_msg_sent: 5753
tot_reconf_duration: 15.34
tot_sleeping_duration: 8302063.600360018
tot_uptimes: 2160
tot_uptimes_duration: 129540.04863998247
