comms_cons: 844.769363427654
finished_reconf: true
global_termination_time: 8433902.316
local_termination_time: 588426.8745599996
node_cons: 173484.9001111645
tot_aggregated_send: 117624
tot_msg_rcv: 3679
tot_msg_sent: 7096
tot_reconf_duration: 22.65
tot_sleeping_duration: 8304362.255200021
tot_uptimes: 2160
tot_uptimes_duration: 129540.06079997797
