comms_cons: 55.738982401563895
finished_reconf: true
global_termination_time: 538366.332
local_termination_time: 10874.28348
node_cons: 11010.803345604889
tot_aggregated_send: 6960
tot_msg_rcv: 523
tot_msg_sent: 989
tot_reconf_duration: 3.08
tot_sleeping_duration: 530146.3015999964
tot_uptimes: 138
tot_uptimes_duration: 8220.030400003641
