comms_cons: 55.30600960077231
finished_reconf: true
global_termination_time: 540876.921
local_termination_time: 99300.55379999983
node_cons: 11099.315803364307
tot_aggregated_send: 7366
tot_msg_rcv: 406
tot_msg_sent: 635
tot_reconf_duration: 9.11
tot_sleeping_duration: 532596.9027599968
tot_uptimes: 139
tot_uptimes_duration: 8280.018240003206
