comms_cons: 56.6212224014276
finished_reconf: true
global_termination_time: 536576.77536
local_termination_time: 68425.35847999995
node_cons: 11034.947963525736
tot_aggregated_send: 6902
tot_msg_rcv: 653
tot_msg_sent: 1052
tot_reconf_duration: 4.8100000000000005
tot_sleeping_duration: 528340.4676799957
tot_uptimes: 138
tot_uptimes_duration: 8236.307680004276
