comms_cons: 54.59420160073901
finished_reconf: true
global_termination_time: 540814.599
local_termination_time: 131642.12712000092
node_cons: 11091.07818224286
tot_aggregated_send: 7482
tot_msg_rcv: 294
tot_msg_sent: 522
tot_reconf_duration: 3.05
tot_sleeping_duration: 532534.5868399979
tot_uptimes: 139
tot_uptimes_duration: 8280.012160002138
