comms_cons: 232.71801599572487
finished_reconf: true
global_termination_time: 2324690.758239997
local_termination_time: 224545.86732000063
node_cons: 47831.185577340875
tot_aggregated_send: 32596
tot_msg_rcv: 864
tot_msg_sent: 1909
tot_reconf_duration: 6.22
tot_sleeping_duration: 2288975.4940000107
tot_uptimes: 596
tot_uptimes_duration: 35715.264239986165
