comms_cons: 64.55454079956016
finished_reconf: true
global_termination_time: 635012.0089599998
local_termination_time: 1539.2086000000004
node_cons: 13049.768550799421
tot_aggregated_send: 8526
tot_msg_rcv: 408
tot_msg_sent: 879
tot_reconf_duration: 6.279999999999999
tot_sleeping_duration: 625272.4717600002
tot_uptimes: 163
tot_uptimes_duration: 9739.537199999555
