comms_cons: 65.5679615991657
finished_reconf: true
global_termination_time: 637231.654
local_termination_time: 119394.63347999995
node_cons: 13112.587822242866
tot_aggregated_send: 8584
tot_msg_rcv: 517
tot_msg_sent: 866
tot_reconf_duration: 12.629999999999999
tot_sleeping_duration: 627451.6418399978
tot_uptimes: 164
tot_uptimes_duration: 9780.012160002138
