comms_cons: 125.58867200173258
finished_reconf: true
global_termination_time: 574367.7195999988
local_termination_time: 574367.6784799988
node_cons: 11894.431003938173
tot_aggregated_send: 0
tot_msg_rcv: 10486
tot_msg_sent: 8602
tot_reconf_duration: 24.59
tot_sleeping_duration: 565509.5883199853
tot_uptimes: 148
tot_uptimes_duration: 8858.131280013557
