comms_cons: 58.06206720057967
finished_reconf: true
global_termination_time: 576286.084
local_termination_time: 16970.79836
node_cons: 11827.864860000018
tot_aggregated_send: 8062
tot_msg_rcv: 311
tot_msg_sent: 452
tot_reconf_duration: 13.17
tot_sleeping_duration: 567466.084
tot_uptimes: 148
tot_uptimes_duration: 8820.0
