comms_cons: 57.61468160058022
finished_reconf: true
global_termination_time: 579096.393
local_termination_time: 236567.861
node_cons: 11897.702081121437
tot_aggregated_send: 8234
tot_msg_rcv: 178
tot_msg_sent: 345
tot_reconf_duration: 5.43
tot_sleeping_duration: 570216.3869199989
tot_uptimes: 149
tot_uptimes_duration: 8880.006080001069
