comms_cons: 229.37583357842414
finished_reconf: true
global_termination_time: 2321189.448
local_termination_time: 1184867.20736
node_cons: 47730.53708670044
tot_aggregated_send: 31204
tot_msg_rcv: 1214
tot_msg_sent: 2446
tot_reconf_duration: 6.279999999999999
tot_sleeping_duration: 2285549.411520014
tot_uptimes: 595
tot_uptimes_duration: 35640.03647998581
