comms_cons: 229.52197119101862
finished_reconf: true
global_termination_time: 2318559.2914799997
local_termination_time: 2318559.2503599995
node_cons: 47710.789360952556
tot_aggregated_send: 33498
tot_msg_rcv: 509
tot_msg_sent: 878
tot_reconf_duration: 37.410000000000004
tot_sleeping_duration: 2282965.5748400046
tot_uptimes: 594
tot_uptimes_duration: 35593.71663999511
