comms_cons: 236.05975038018354
finished_reconf: true
global_termination_time: 2318559.866239991
local_termination_time: 174510.42348000006
node_cons: 47712.65106498328
tot_aggregated_send: 31552
tot_msg_rcv: 1491
tot_msg_sent: 2835
tot_reconf_duration: 11.31
tot_sleeping_duration: 2282938.288880033
tot_uptimes: 594
tot_uptimes_duration: 35621.577359958086
