comms_cons: 2.302719999992391
finished_reconf: true
global_termination_time: 14643.995240000002
local_termination_time: 5050.186360000001
node_cons: 258.4812193600025
tot_aggregated_send: 0
tot_msg_rcv: 178
tot_msg_sent: 172
tot_reconf_duration: 4.8100000000000005
tot_sleeping_duration: 14455.833
tot_uptimes: 4
tot_uptimes_duration: 188.16224000000147
