comms_cons: 186.77680631545158
finished_reconf: true
global_termination_time: 950974.048
local_termination_time: 247749.28384000098
node_cons: 19538.19375287814
tot_aggregated_send: 0
tot_msg_rcv: 14291
tot_msg_sent: 14097
tot_reconf_duration: 7.819999999999999
tot_sleeping_duration: 936390.3480800014
tot_uptimes: 244
tot_uptimes_duration: 14583.69991999861
