comms_cons: 277.11653107413224
finished_reconf: true
global_termination_time: 950974.048
local_termination_time: 247753.66048000098
node_cons: 38854.216981842525
tot_aggregated_send: 0
tot_msg_rcv: 14097
tot_msg_sent: 28024
tot_reconf_duration: 11.31
tot_sleeping_duration: 921968.1794399979
tot_uptimes: 480
tot_uptimes_duration: 29005.86856000204
