comms_cons: 34.396057600295855
finished_reconf: true
global_termination_time: 334434.485
local_termination_time: 65545.17752
node_cons: 6833.050041119153
tot_aggregated_send: 4350
tot_msg_rcv: 297
tot_msg_sent: 581
tot_reconf_duration: 3.05
tot_sleeping_duration: 329334.4789200006
tot_uptimes: 86
tot_uptimes_duration: 5100.0060799993735
