comms_cons: 32.79136000014667
finished_reconf: true
global_termination_time: 330845.4686400005
local_termination_time: 211866.10364000086
node_cons: 6809.3609979218145
tot_aggregated_send: 4640
tot_msg_rcv: 99
tot_msg_sent: 245
tot_reconf_duration: 11.31
tot_sleeping_duration: 325771.53135999915
tot_uptimes: 85
tot_uptimes_duration: 5073.937280001352
