comms_cons: 2.1579775999928694
finished_reconf: true
global_termination_time: 13454.819
local_termination_time: 9334.321360000002
node_cons: 275.3774000000015
tot_aggregated_send: 0
tot_msg_rcv: 176
tot_msg_sent: 151
tot_reconf_duration: 25.299999999999997
tot_sleeping_duration: 13274.819
tot_uptimes: 4
tot_uptimes_duration: 180.0
