comms_cons: 2.276403199994589
finished_reconf: true
global_termination_time: 19059.457
local_termination_time: 8399.64536
node_cons: 332.3462200000002
tot_aggregated_send: 0
tot_msg_rcv: 177
tot_msg_sent: 169
tot_reconf_duration: 8.09
tot_sleeping_duration: 18819.457
tot_uptimes: 5
tot_uptimes_duration: 240.0
