comms_cons: 2.228326399994027
finished_reconf: true
global_termination_time: 14323.736
local_termination_time: 10947.498360000001
node_cons: 258.1715400000014
tot_aggregated_send: 0
tot_msg_rcv: 175
tot_msg_sent: 163
tot_reconf_duration: 12.629999999999999
tot_sleeping_duration: 14143.736
tot_uptimes: 4
tot_uptimes_duration: 180.0
