comms_cons: 2.302719999992391
finished_reconf: true
global_termination_time: 12392.982
local_termination_time: 6340.103360000001
node_cons: 248.3939400000004
tot_aggregated_send: 0
tot_msg_rcv: 181
tot_msg_sent: 169
tot_reconf_duration: 5.43
tot_sleeping_duration: 12212.982
tot_uptimes: 4
tot_uptimes_duration: 180.0
