comms_cons: 111.38628479098296
finished_reconf: true
global_termination_time: 1073502.027
local_termination_time: 346975.38036
node_cons: 22019.170466710162
tot_aggregated_send: 14094
tot_msg_rcv: 1034
tot_msg_sent: 1801
tot_reconf_duration: 4.390000000000001
tot_sleeping_duration: 1057061.9905200074
tot_uptimes: 275
tot_uptimes_duration: 16440.036479992676
