comms_cons: 30.145894400272994
finished_reconf: true
global_termination_time: 294899.947
local_termination_time: 16705.99536
node_cons: 6043.393001121439
tot_aggregated_send: 3886
tot_msg_rcv: 243
tot_msg_sent: 453
tot_reconf_duration: 13.17
tot_sleeping_duration: 290399.9409199989
tot_uptimes: 76
tot_uptimes_duration: 4500.006080001069
