comms_cons: 36.48795520021345
finished_reconf: true
global_termination_time: 366042.311
local_termination_time: 233357.27736000004
node_cons: 7502.394982242863
tot_aggregated_send: 4988
tot_msg_rcv: 169
tot_msg_sent: 389
tot_reconf_duration: 22.65
tot_sleeping_duration: 360462.29883999785
tot_uptimes: 94
tot_uptimes_duration: 5580.0121600021375
