comms_cons: 206.891084794724
finished_reconf: true
global_termination_time: 2112127.754
local_termination_time: 1341516.9923599998
node_cons: 43401.48485999949
tot_aggregated_send: 30276
tot_msg_rcv: 368
tot_msg_sent: 802
tot_reconf_duration: 13.17
tot_sleeping_duration: 2079727.7540000002
tot_uptimes: 541
tot_uptimes_duration: 32400.0
