comms_cons: 225.5553408318501
finished_reconf: true
global_termination_time: 466499.037
local_termination_time: 252973.52860000098
node_cons: 28434.21574988707
tot_aggregated_send: 0
tot_msg_rcv: 13791
tot_msg_sent: 20492
tot_reconf_duration: 18.21
tot_sleeping_duration: 445282.0940799948
tot_uptimes: 351
tot_uptimes_duration: 21216.942920005255
