comms_cons: 47.95578880110797
finished_reconf: true
global_termination_time: 466170.331
local_termination_time: 54814.4352400001
node_cons: 9594.825541121447
tot_aggregated_send: 6322
tot_msg_rcv: 408
tot_msg_sent: 559
tot_reconf_duration: 25.299999999999997
tot_sleeping_duration: 459030.32491999894
tot_uptimes: 120
tot_uptimes_duration: 7140.006080001069
