comms_cons: 92.18200321285644
finished_reconf: true
global_termination_time: 466635.832
local_termination_time: 252957.31748000096
node_cons: 9564.626323364288
tot_aggregated_send: 0
tot_msg_rcv: 7106
tot_msg_sent: 6905
tot_reconf_duration: 3.05
tot_sleeping_duration: 459495.8137599968
tot_uptimes: 120
tot_uptimes_duration: 7140.018240003206
