comms_cons: 47.83861760132864
finished_reconf: true
global_termination_time: 468285.29
local_termination_time: 14042.35736
node_cons: 9581.340566727456
tot_aggregated_send: 6090
tot_msg_rcv: 374
tot_msg_sent: 808
tot_reconf_duration: 15.34
tot_sleeping_duration: 461145.25351999444
tot_uptimes: 120
tot_uptimes_duration: 7140.036480005561
