comms_cons: 52.6410880012055
finished_reconf: true
global_termination_time: 504009.22828000033
local_termination_time: 504009.1871600003
node_cons: 10463.372769527658
tot_aggregated_send: 6611
tot_msg_rcv: 522
tot_msg_sent: 869
tot_reconf_duration: 44.19
tot_sleeping_duration: 496239.72659999464
tot_uptimes: 130
tot_uptimes_duration: 7769.501680005691
