comms_cons: 36.98168320027625
finished_reconf: true
global_termination_time: 366146.94
local_termination_time: 30344.4556
node_cons: 7505.993682238311
tot_aggregated_send: 4872
tot_msg_rcv: 249
tot_msg_sent: 500
tot_reconf_duration: 25.299999999999997
tot_sleeping_duration: 360566.92784000124
tot_uptimes: 94
tot_uptimes_duration: 5580.012159998732
