comms_cons: 36.99484160073761
finished_reconf: true
global_termination_time: 365677.511
local_termination_time: 6309.965479999999
node_cons: 7475.81078112144
tot_aggregated_send: 4756
tot_msg_rcv: 229
tot_msg_sent: 638
tot_reconf_duration: 3.08
tot_sleeping_duration: 360097.50491999893
tot_uptimes: 94
tot_uptimes_duration: 5580.006080001069
