comms_cons: 77.96691839713559
finished_reconf: true
global_termination_time: 766798.055
local_termination_time: 370144.62036
node_cons: 15762.824623364268
tot_aggregated_send: 10324
tot_msg_rcv: 490
tot_msg_sent: 1036
tot_reconf_duration: 11.899999999999999
tot_sleeping_duration: 755038.0367599968
tot_uptimes: 197
tot_uptimes_duration: 11760.018240003206
