comms_cons: 76.75203199864981
finished_reconf: true
global_termination_time: 765785.271
local_termination_time: 156787.64036000005
node_cons: 15754.030222242875
tot_aggregated_send: 9918
tot_msg_rcv: 539
tot_msg_sent: 1209
tot_reconf_duration: 5.43
tot_sleeping_duration: 754025.2588399978
tot_uptimes: 197
tot_uptimes_duration: 11760.012160002138
