comms_cons: 94.18296320337774
finished_reconf: true
global_termination_time: 195539.0266000001
local_termination_time: 195538.9854800001
node_cons: 11858.736209720915
tot_aggregated_send: 0
tot_msg_rcv: 5792
tot_msg_sent: 8522
tot_reconf_duration: 24.59
tot_sleeping_duration: 186707.55311999944
tot_uptimes: 145
tot_uptimes_duration: 8831.473480000663
