comms_cons: 20.204723199970008
finished_reconf: true
global_termination_time: 197749.898
local_termination_time: 80404.34859999995
node_cons: 4027.6195600000124
tot_aggregated_send: 2668
tot_msg_rcv: 178
tot_msg_sent: 225
tot_reconf_duration: 7.819999999999999
tot_sleeping_duration: 194749.898
tot_uptimes: 51
tot_uptimes_duration: 3000.0
