comms_cons: 70.7874943993656
finished_reconf: true
global_termination_time: 677235.659
local_termination_time: 38570.84588000009
node_cons: 13905.819070088295
tot_aggregated_send: 8584
tot_msg_rcv: 717
tot_msg_sent: 1460
tot_reconf_duration: 5.1
tot_sleeping_duration: 666855.6042799938
tot_uptimes: 174
tot_uptimes_duration: 10380.054720006185
