comms_cons: 70.31619839758613
finished_reconf: true
global_termination_time: 679529.859
local_termination_time: 145960.17136000004
node_cons: 13983.375204481126
tot_aggregated_send: 8642
tot_msg_rcv: 586
tot_msg_sent: 1459
tot_reconf_duration: 3.08
tot_sleeping_duration: 669089.8346799993
tot_uptimes: 175
tot_uptimes_duration: 10440.02432000084
