comms_cons: 69.54872319770098
finished_reconf: true
global_termination_time: 681346.034
local_termination_time: 411772.15036
node_cons: 13991.968642238262
tot_aggregated_send: 9222
tot_msg_rcv: 485
tot_msg_sent: 864
tot_reconf_duration: 9.42
tot_sleeping_duration: 670906.0218400012
tot_uptimes: 175
tot_uptimes_duration: 10440.012159998703
