comms_cons: 20.83100160005239
finished_reconf: true
global_termination_time: 199710.445
local_termination_time: 67532.09835999997
node_cons: 4122.077321119163
tot_aggregated_send: 2494
tot_msg_rcv: 224
tot_msg_sent: 448
tot_reconf_duration: 18.21
tot_sleeping_duration: 196650.43892000066
tot_uptimes: 52
tot_uptimes_duration: 3060.006079999366
