comms_cons: 20.67842559991261
finished_reconf: true
global_termination_time: 202280.165
local_termination_time: 2598.3372000000004
node_cons: 4128.114982238306
tot_aggregated_send: 2320
tot_msg_rcv: 257
tot_msg_sent: 566
tot_reconf_duration: 22.65
tot_sleeping_duration: 199220.15284000128
tot_uptimes: 52
tot_uptimes_duration: 3060.0121599987324
