comms_cons: 21.802496000076463
finished_reconf: true
global_termination_time: 199590.686
local_termination_time: 11899.11096
node_cons: 4107.983983357456
tot_aggregated_send: 2378
tot_msg_rcv: 357
tot_msg_sent: 578
tot_reconf_duration: 7.819999999999999
tot_sleeping_duration: 196530.66776000187
tot_uptimes: 52
tot_uptimes_duration: 3060.0182399980986
