comms_cons: 2.1849215999937464
finished_reconf: true
global_termination_time: 12039.96248
local_termination_time: 12039.92136
node_cons: 292.771659840007
tot_aggregated_send: 0
tot_msg_rcv: 163
tot_msg_sent: 168
tot_reconf_duration: 24.59
tot_sleeping_duration: 11846.251919999995
tot_uptimes: 4
tot_uptimes_duration: 193.710560000005
