comms_cons: 174.965926396541
finished_reconf: true
global_termination_time: 600578.98948
local_termination_time: 1785.9170400000014
node_cons: 24505.112296719813
tot_aggregated_send: 0
tot_msg_rcv: 8923
tot_msg_sent: 17668
tot_reconf_duration: 6.22
tot_sleeping_duration: 582284.2430000001
tot_uptimes: 304
tot_uptimes_duration: 18294.746479999834
