comms_cons: 536.1386619641083
finished_reconf: true
global_termination_time: 1840831.0205999997
local_termination_time: 1840830.9794799997
node_cons: 75105.27537851503
tot_aggregated_send: 0
tot_msg_rcv: 27321
tot_msg_sent: 54168
tot_reconf_duration: 24.59
tot_sleeping_duration: 1784765.387920002
tot_uptimes: 929
tot_uptimes_duration: 56065.632679997565
