comms_cons: 187.85948798602968
finished_reconf: true
global_termination_time: 1840831.9671200004
local_termination_time: 249169.2316400009
node_cons: 37915.185557507444
tot_aggregated_send: 25230
tot_msg_rcv: 1224
tot_msg_sent: 2099
tot_reconf_duration: 4.390000000000001
tot_sleeping_duration: 1812520.3734400095
tot_uptimes: 472
tot_uptimes_duration: 28311.593679990736
