comms_cons: 362.223116505624
finished_reconf: true
global_termination_time: 1840831.6205999998
local_termination_time: 1951.2320400000015
node_cons: 37876.084551754786
tot_aggregated_send: 0
tot_msg_rcv: 27731
tot_msg_sent: 27323
tot_reconf_duration: 11.31
tot_sleeping_duration: 1812556.2467600037
tot_uptimes: 472
tot_uptimes_duration: 28275.37383999623
