comms_cons: 2.2303487999968508
finished_reconf: true
global_termination_time: 15150.164
local_termination_time: 7987.1723600000005
node_cons: 256.3789800000005
tot_aggregated_send: 0
tot_msg_rcv: 175
tot_msg_sent: 164
tot_reconf_duration: 11.31
tot_sleeping_duration: 14970.164
tot_uptimes: 4
tot_uptimes_duration: 180.0
