comms_cons: 87.71389439876725
finished_reconf: true
global_termination_time: 879779.541
local_termination_time: 358891.60136000003
node_cons: 18082.461619999965
tot_aggregated_send: 12238
tot_msg_rcv: 339
tot_msg_sent: 755
tot_reconf_duration: 4.390000000000001
tot_sleeping_duration: 866279.541
tot_uptimes: 226
tot_uptimes_duration: 13500.0
