comms_cons: 297.4581312094019
finished_reconf: true
global_termination_time: 3018105.007
local_termination_time: 914301.7999599976
node_cons: 62043.00752111559
tot_aggregated_send: 43094
tot_msg_rcv: 647
tot_msg_sent: 1470
tot_reconf_duration: 15.110000000000001
tot_sleeping_duration: 2971785.0009200023
tot_uptimes: 773
tot_uptimes_duration: 46320.006079997635
