comms_cons: 2.2764031999966985
finished_reconf: true
global_termination_time: 14942.611
local_termination_time: 9940.40436
node_cons: 246.98161999999923
tot_aggregated_send: 0
tot_msg_rcv: 175
tot_msg_sent: 170
tot_reconf_duration: 4.390000000000001
tot_sleeping_duration: 14762.611
tot_uptimes: 4
tot_uptimes_duration: 180.0
