comms_cons: 89.667718399238
finished_reconf: true
global_termination_time: 920983.089
local_termination_time: 546829.6975999998
node_cons: 18897.784860000083
tot_aggregated_send: 12470
tot_msg_rcv: 362
tot_msg_sent: 796
tot_reconf_duration: 13.17
tot_sleeping_duration: 906883.089
tot_uptimes: 236
tot_uptimes_duration: 14100.0
