comms_cons: 2.3027199999966115
finished_reconf: true
global_termination_time: 15749.964
local_termination_time: 5584.27036
node_cons: 328.7339400000004
tot_aggregated_send: 0
tot_msg_rcv: 179
tot_msg_sent: 171
tot_reconf_duration: 5.43
tot_sleeping_duration: 15509.964
tot_uptimes: 5
tot_uptimes_duration: 240.0
