comms_cons: 190.79022079605227
finished_reconf: true
global_termination_time: 1963381.94
local_termination_time: 1492178.2089199985
node_cons: 40346.0389799998
tot_aggregated_send: 28420
tot_msg_rcv: 186
tot_msg_sent: 393
tot_reconf_duration: 11.31
tot_sleeping_duration: 1933261.94
tot_uptimes: 503
tot_uptimes_duration: 30120.0
