comms_cons: 268.90311679543515
finished_reconf: true
global_termination_time: 2643825.7717999984
local_termination_time: 2643825.730679998
node_cons: 54492.66497725735
tot_aggregated_send: 36236
tot_msg_rcv: 1564
tot_msg_sent: 3070
tot_reconf_duration: 24.59
tot_sleeping_duration: 2603154.172280014
tot_uptimes: 678
tot_uptimes_duration: 40671.59951998398
