comms_cons: 267.066252781077
finished_reconf: true
global_termination_time: 2643825.8082399974
local_termination_time: 9277.2946
node_cons: 54424.639547182436
tot_aggregated_send: 36250
tot_msg_rcv: 1494
tot_msg_sent: 2847
tot_reconf_duration: 11.31
tot_sleeping_duration: 2603191.54344001
tot_uptimes: 678
tot_uptimes_duration: 40634.26479998755
