comms_cons: 110.41213439194262
finished_reconf: true
global_termination_time: 1101512.252
local_termination_time: 707599.2943599999
node_cons: 22664.343042233817
tot_aggregated_send: 14732
tot_msg_rcv: 582
tot_msg_sent: 1468
tot_reconf_duration: 6.22
tot_sleeping_duration: 1084592.2398400048
tot_uptimes: 283
tot_uptimes_duration: 16920.01215999527
