comms_cons: 1.5658495999974662
finished_reconf: true
global_termination_time: 17668.288
local_termination_time: 6998.696360000001
node_cons: 327.89198000000056
tot_aggregated_send: 0
tot_msg_rcv: 123
tot_msg_sent: 115
tot_reconf_duration: 4.8100000000000005
tot_sleeping_duration: 17428.288
tot_uptimes: 5
tot_uptimes_duration: 240.0
