comms_cons: 1.6645375999945007
finished_reconf: true
global_termination_time: 13789.744
local_termination_time: 9198.48736
node_cons: 246.98161999999923
tot_aggregated_send: 0
tot_msg_rcv: 130
tot_msg_sent: 123
tot_reconf_duration: 4.390000000000001
tot_sleeping_duration: 13609.744
tot_uptimes: 4
tot_uptimes_duration: 180.0
