comms_cons: 17.14539520002979
finished_reconf: true
global_termination_time: 165526.20776000054
local_termination_time: 79865.14847999996
node_cons: 3429.420143759862
tot_aggregated_send: 2262
tot_msg_rcv: 150
tot_msg_sent: 194
tot_reconf_duration: 4.8100000000000005
tot_sleeping_duration: 162969.90592000066
tot_uptimes: 43
tot_uptimes_duration: 2556.301839999898
