comms_cons: 32.99924479993428
finished_reconf: true
global_termination_time: 11307.312240000003
local_termination_time: 429.04147999999907
node_cons: 5082.643999360007
tot_aggregated_send: 0
tot_msg_rcv: 2570
tot_msg_sent: 2444
tot_reconf_duration: 18.21
tot_sleeping_duration: 7529.929999999999
tot_uptimes: 55
tot_uptimes_duration: 3777.3822400000035
