comms_cons: 1.513215999995001
finished_reconf: true
global_termination_time: 12998.169
local_termination_time: 5904.677360000001
node_cons: 253.81236000000013
tot_aggregated_send: 0
tot_msg_rcv: 120
tot_msg_sent: 110
tot_reconf_duration: 9.42
tot_sleeping_duration: 12818.169
tot_uptimes: 4
tot_uptimes_duration: 180.0
