comms_cons: 1.5132159999992947
finished_reconf: true
global_termination_time: 11396.62
local_termination_time: 4089.6483599999997
node_cons: 166.64161999999982
tot_aggregated_send: 0
tot_msg_rcv: 117
tot_msg_sent: 112
tot_reconf_duration: 4.390000000000001
tot_sleeping_duration: 11276.62
tot_uptimes: 3
tot_uptimes_duration: 119.99999999999955
