comms_cons: 14.336076800102193
finished_reconf: true
global_termination_time: 119646.718
local_termination_time: 29152.513240000004
node_cons: 2424.1542056005874
tot_aggregated_send: 1218
tot_msg_rcv: 443
tot_msg_sent: 518
tot_reconf_duration: 7.819999999999999
tot_sleeping_duration: 117844.22759999955
tot_uptimes: 31
tot_uptimes_duration: 1802.490400000439
