comms_cons: 284.25903999858843
finished_reconf: true
global_termination_time: 2810687.224
local_termination_time: 7415.098999999999
node_cons: 57874.3147100626
tot_aggregated_send: 38955
tot_msg_rcv: 1457
tot_msg_sent: 2793
tot_reconf_duration: 21.68
tot_sleeping_duration: 2767487.169280012
tot_uptimes: 720
tot_uptimes_duration: 43200.05471998778
