comms_cons: 269.8064128208444
finished_reconf: true
global_termination_time: 2809261.406
local_termination_time: 6292.496
node_cons: 57852.84473005204
tot_aggregated_send: 38158
tot_msg_rcv: 883
tot_msg_sent: 1968
tot_reconf_duration: 5.87
tot_sleeping_duration: 2766061.35128002
tot_uptimes: 720
tot_uptimes_duration: 43200.054719979875
