comms_cons: 268.36556801536204
finished_reconf: true
global_termination_time: 2810095.03
local_termination_time: 4887.365
node_cons: 57850.39218893521
tot_aggregated_send: 39320
tot_msg_rcv: 513
tot_msg_sent: 957
tot_reconf_duration: 4.07
tot_sleeping_duration: 2766894.981360018
tot_uptimes: 720
tot_uptimes_duration: 43200.04863998224
