comms_cons: 87.26536959633698
finished_reconf: true
global_termination_time: 862283.841
local_termination_time: 188680.60564000087
node_cons: 17680.786043359738
tot_aggregated_send: 11658
tot_msg_rcv: 501
tot_msg_sent: 1103
tot_reconf_duration: 4.390000000000001
tot_sleeping_duration: 849083.8227600002
tot_uptimes: 221
tot_uptimes_duration: 13200.018239999772
