comms_cons: 84.42429439911304
finished_reconf: true
global_termination_time: 859824.6921200001
local_termination_time: 1424.6547200000005
node_cons: 17704.94005968016
tot_aggregated_send: 12354
tot_msg_rcv: 171
tot_msg_sent: 307
tot_reconf_duration: 6.22
tot_sleeping_duration: 846608.491
tot_uptimes: 221
tot_uptimes_duration: 13216.2011200001
