comms_cons: 299.6747837811352
finished_reconf: true
global_termination_time: 1523142.054
local_termination_time: 765.8756
node_cons: 31347.983403350547
tot_aggregated_send: 0
tot_msg_rcv: 22931
tot_msg_sent: 22616
tot_reconf_duration: 11.31
tot_sleeping_duration: 1499742.035760007
tot_uptimes: 391
tot_uptimes_duration: 23400.018239992904
