comms_cons: 104.23858559634286
finished_reconf: true
global_termination_time: 1048785.471
local_termination_time: 361141.41936
node_cons: 21537.08161999997
tot_aggregated_send: 14964
tot_msg_rcv: 352
tot_msg_sent: 527
tot_reconf_duration: 4.390000000000001
tot_sleeping_duration: 1032705.4709999999
tot_uptimes: 269
tot_uptimes_duration: 16080.0
