comms_cons: 262.45428479080186
finished_reconf: true
global_termination_time: 2631359.688
local_termination_time: 1636529.49036
node_cons: 54077.38894558365
tot_aggregated_send: 36250
tot_msg_rcv: 1200
tot_msg_sent: 2441
tot_reconf_duration: 6.279999999999999
tot_sleeping_duration: 2590979.6576000117
tot_uptimes: 674
tot_uptimes_duration: 40380.030399988405
