comms_cons: 260.7404735857799
finished_reconf: true
global_termination_time: 2625850.919
local_termination_time: 1924144.9581999995
node_cons: 53995.870222232705
tot_aggregated_send: 36656
tot_msg_rcv: 1100
tot_msg_sent: 1875
tot_reconf_duration: 5.43
tot_sleeping_duration: 2585530.906840005
tot_uptimes: 673
tot_uptimes_duration: 40320.01215999527
