comms_cons: 436.67042542084187
finished_reconf: true
global_termination_time: 904948.2955999998
local_termination_time: 904948.2544799999
node_cons: 54910.00915700021
tot_aggregated_send: 0
tot_msg_rcv: 26776
tot_msg_sent: 39595
tot_reconf_duration: 24.59
tot_sleeping_duration: 863965.012599999
tot_uptimes: 678
tot_uptimes_duration: 40983.28300000081
