comms_cons: 92.31933439819574
finished_reconf: true
global_termination_time: 907833.915
local_termination_time: 38465.396600000015
node_cons: 18645.42826223829
tot_aggregated_send: 12528
tot_msg_rcv: 576
tot_msg_sent: 928
tot_reconf_duration: 4.8100000000000005
tot_sleeping_duration: 893913.9028400014
tot_uptimes: 233
tot_uptimes_duration: 13920.012159998703
