comms_cons: 89.12184319986312
finished_reconf: true
global_termination_time: 904948.9211200001
local_termination_time: 70623.83487999947
node_cons: 18590.85285968019
tot_aggregated_send: 12818
tot_msg_rcv: 252
tot_msg_sent: 476
tot_reconf_duration: 7.819999999999999
tot_sleeping_duration: 891072.7199999999
tot_uptimes: 232
tot_uptimes_duration: 13876.201120000114
