comms_cons: 88.58892800018512
finished_reconf: true
global_termination_time: 906947.795
local_termination_time: 695631.9835199991
node_cons: 18654.238979999944
tot_aggregated_send: 13050
tot_msg_rcv: 158
tot_msg_sent: 257
tot_reconf_duration: 11.31
tot_sleeping_duration: 893027.795
tot_uptimes: 233
tot_uptimes_duration: 13920.0
