comms_cons: 82.88692480934093
finished_reconf: true
global_termination_time: 379960.83756000065
local_termination_time: 379960.79644000065
node_cons: 7887.297505780373
tot_aggregated_send: 0
tot_msg_rcv: 6891
tot_msg_sent: 5704
tot_reconf_duration: 24.59
tot_sleeping_duration: 374095.3377199854
tot_uptimes: 98
tot_uptimes_duration: 5865.4998400152035
