comms_cons: 35.10723840068592
finished_reconf: true
global_termination_time: 319407.6708000007
local_termination_time: 319407.6296800007
node_cons: 6605.959666165568
tot_aggregated_send: 3596
tot_msg_rcv: 586
tot_msg_sent: 1151
tot_reconf_duration: 24.59
tot_sleeping_duration: 314499.1073599966
tot_uptimes: 82
tot_uptimes_duration: 4908.563440004145
