comms_cons: 31.514368000122868
finished_reconf: true
global_termination_time: 319825.548
local_termination_time: 61053.91636000002
node_cons: 6511.681900000011
tot_aggregated_send: 4524
tot_msg_rcv: 94
tot_msg_sent: 172
tot_reconf_duration: 3.05
tot_sleeping_duration: 314965.548
tot_uptimes: 82
tot_uptimes_duration: 4860.0
