comms_cons: 32.007808000159365
finished_reconf: true
global_termination_time: 322713.184
local_termination_time: 16861.49972
node_cons: 6596.326760000004
tot_aggregated_send: 4524
tot_msg_rcv: 114
tot_msg_sent: 227
tot_reconf_duration: 6.22
tot_sleeping_duration: 317793.184
tot_uptimes: 83
tot_uptimes_duration: 4920.0
