comms_cons: 87.89215999744
finished_reconf: true
global_termination_time: 857790.546
local_termination_time: 474461.23536000005
node_cons: 17609.370805598
tot_aggregated_send: 11484
tot_msg_rcv: 662
tot_msg_sent: 1213
tot_reconf_duration: 10.95
tot_sleeping_duration: 844650.5156000016
tot_uptimes: 220
tot_uptimes_duration: 13140.030399998475
