comms_cons: 87.13555199587775
finished_reconf: true
global_termination_time: 856803.48
local_termination_time: 231387.30136000004
node_cons: 17601.00826223367
tot_aggregated_send: 11658
tot_msg_rcv: 562
tot_msg_sent: 1025
tot_reconf_duration: 4.8100000000000005
tot_sleeping_duration: 843663.4678400047
tot_uptimes: 220
tot_uptimes_duration: 13140.012159995254
