comms_cons: 85.6025983974896
finished_reconf: true
global_termination_time: 856277.479
local_termination_time: 684021.2243599999
node_cons: 17680.77790223371
tot_aggregated_send: 12180
tot_msg_rcv: 253
tot_msg_sent: 578
tot_reconf_duration: 4.390000000000001
tot_sleeping_duration: 843077.4668400048
tot_uptimes: 220
tot_uptimes_duration: 13200.012159995269
