comms_cons: 24.81079040026744
finished_reconf: true
global_termination_time: 244757.223
local_termination_time: 19920.275880000005
node_cons: 4999.237184320012
tot_aggregated_send: 3306
tot_msg_rcv: 183
tot_msg_sent: 283
tot_reconf_duration: 10.95
tot_sleeping_duration: 241034.76812
tot_uptimes: 63
tot_uptimes_duration: 3722.454880000005
