comms_cons: 24.657120000403523
finished_reconf: true
global_termination_time: 244554.759
local_termination_time: 72637.32759999995
node_cons: 4991.707701121445
tot_aggregated_send: 3306
tot_msg_rcv: 157
tot_msg_sent: 284
tot_reconf_duration: 7.819999999999999
tot_sleeping_duration: 240834.75291999892
tot_uptimes: 63
tot_uptimes_duration: 3720.0060800010688
