comms_cons: 109.3395519965637
finished_reconf: true
global_termination_time: 1096818.8011200002
local_termination_time: 372735.3716000001
node_cons: 22528.88153191846
tot_aggregated_send: 15428
tot_msg_rcv: 385
tot_msg_sent: 805
tot_reconf_duration: 7.819999999999999
tot_sleeping_duration: 1080001.5778400013
tot_uptimes: 281
tot_uptimes_duration: 16817.22327999882
