comms_cons: 109.70158079689834
finished_reconf: true
global_termination_time: 1097881.22
local_termination_time: 431190.0028400001
node_cons: 22583.986759999996
tot_aggregated_send: 15370
tot_msg_rcv: 491
tot_msg_sent: 813
tot_reconf_duration: 6.22
tot_sleeping_duration: 1081021.22
tot_uptimes: 282
tot_uptimes_duration: 16860.0
