comms_cons: 113.24839679656924
finished_reconf: true
global_termination_time: 1149718.431
local_termination_time: 435787.9059600001
node_cons: 23626.491980000035
tot_aggregated_send: 16298
tot_msg_rcv: 337
tot_msg_sent: 578
tot_reconf_duration: 4.8100000000000005
tot_sleeping_duration: 1132078.431
tot_uptimes: 295
tot_uptimes_duration: 17640.0
