comms_cons: 111.8727167995646
finished_reconf: true
global_termination_time: 1148650.426
local_termination_time: 924060.9283599999
node_cons: 23636.120200000067
tot_aggregated_send: 16762
tot_msg_rcv: 61
tot_msg_sent: 181
tot_reconf_duration: 11.899999999999999
tot_sleeping_duration: 1131010.426
tot_uptimes: 295
tot_uptimes_duration: 17640.0
