comms_cons: 393.75589107175534
finished_reconf: true
global_termination_time: 817243.0385999999
local_termination_time: 817242.9974799999
node_cons: 49419.57092167958
tot_aggregated_send: 0
tot_msg_rcv: 24236
tot_msg_sent: 35610
tot_reconf_duration: 37.410000000000004
tot_sleeping_duration: 780373.1594799998
tot_uptimes: 604
tot_uptimes_duration: 36869.87912000012
