comms_cons: 162.72285434667216
finished_reconf: true
global_termination_time: 819526.373
local_termination_time: 890.0364799999992
node_cons: 16815.81360335858
tot_aggregated_send: 0
tot_msg_rcv: 12613
tot_msg_sent: 12121
tot_reconf_duration: 18.21
tot_sleeping_duration: 806986.3547600012
tot_uptimes: 210
tot_uptimes_duration: 12540.01823999892
