comms_cons: 81.54323199870491
finished_reconf: true
global_termination_time: 821729.982
local_termination_time: 381004.69899999996
node_cons: 16886.996654482697
tot_aggregated_send: 11598
tot_msg_rcv: 221
tot_msg_sent: 575
tot_reconf_duration: 9.42
tot_sleeping_duration: 809127.887679998
tot_uptimes: 211
tot_uptimes_duration: 12602.094320002012
