comms_cons: 82.91170559710959
finished_reconf: true
global_termination_time: 817593.358
local_termination_time: 225354.18544000023
node_cons: 16797.037902233707
tot_aggregated_send: 11078
tot_msg_rcv: 477
tot_msg_sent: 1047
tot_reconf_duration: 4.390000000000001
tot_sleeping_duration: 805053.3458400047
tot_uptimes: 210
tot_uptimes_duration: 12540.012159995269
