comms_cons: 85.81143039642619
finished_reconf: true
global_termination_time: 818219.291
local_termination_time: 326805.36848000006
node_cons: 16799.547465593343
tot_aggregated_send: 10498
tot_msg_rcv: 914
tot_msg_sent: 1629
tot_reconf_duration: 6.22
tot_sleeping_duration: 805679.2606000049
tot_uptimes: 210
tot_uptimes_duration: 12540.030399995041
