comms_cons: 317.7203200089312
finished_reconf: true
global_termination_time: 3185651.043
local_termination_time: 1851100.4456399982
node_cons: 65484.67220111554
tot_aggregated_send: 43616
tot_msg_rcv: 1564
tot_msg_sent: 3110
tot_reconf_duration: 5.57
tot_sleeping_duration: 3136751.036920002
tot_uptimes: 816
tot_uptimes_duration: 48900.006079997635
