comms_cons: 310.87377918914615
finished_reconf: true
global_termination_time: 3180220.323
local_termination_time: 2278081.09848
node_cons: 65414.653001115366
tot_aggregated_send: 44370
tot_msg_rcv: 1039
tot_msg_sent: 1842
tot_reconf_duration: 13.17
tot_sleeping_duration: 3131380.316920002
tot_uptimes: 815
tot_uptimes_duration: 48840.006079997635
