comms_cons: 316.9197632228769
finished_reconf: true
global_termination_time: 3180461.289
local_termination_time: 1381868.2673599978
node_cons: 65412.12979639108
tot_aggregated_send: 44486
tot_msg_rcv: 1300
tot_msg_sent: 2384
tot_reconf_duration: 7.819999999999999
tot_sleeping_duration: 3131617.7414000053
tot_uptimes: 815
tot_uptimes_duration: 48843.54759999429
