comms_cons: 169.81573118982425
finished_reconf: true
global_termination_time: 1695320.726
local_termination_time: 448618.5483600001
node_cons: 34898.33498223366
tot_aggregated_send: 23838
tot_msg_rcv: 656
tot_msg_sent: 1317
tot_reconf_duration: 22.65
tot_sleeping_duration: 1669280.7138400048
tot_uptimes: 435
tot_uptimes_duration: 26040.01215999527
