comms_cons: 169.69072638948077
finished_reconf: true
global_termination_time: 1692323.22
local_termination_time: 278414.2283200002
node_cons: 34793.76826223363
tot_aggregated_send: 23664
tot_msg_rcv: 677
tot_msg_sent: 1451
tot_reconf_duration: 4.8100000000000005
tot_sleeping_duration: 1666343.2078400047
tot_uptimes: 434
tot_uptimes_duration: 25980.01215999527
