comms_cons: 76.41082879779296
finished_reconf: true
global_termination_time: 756875.9115999998
local_termination_time: 756875.8704799998
node_cons: 15574.84442063802
tot_aggregated_send: 10472
tot_msg_rcv: 434
tot_msg_sent: 707
tot_reconf_duration: 37.410000000000004
tot_sleeping_duration: 745282.1538400012
tot_uptimes: 194
tot_uptimes_duration: 11593.757759998494
