comms_cons: 77.74508799704763
finished_reconf: true
global_termination_time: 759033.464
local_termination_time: 377789.55024000054
node_cons: 15606.816143350554
tot_aggregated_send: 9976
tot_msg_rcv: 644
tot_msg_sent: 1196
tot_reconf_duration: 15.34
tot_sleeping_duration: 747393.4457600071
tot_uptimes: 195
tot_uptimes_duration: 11640.018239992904
