comms_cons: 143.24296956862628
finished_reconf: true
global_termination_time: 756910.287
local_termination_time: 330601.7523600001
node_cons: 15516.62250223832
tot_aggregated_send: 0
tot_msg_rcv: 11043
tot_msg_sent: 10729
tot_reconf_duration: 8.09
tot_sleeping_duration: 745330.2748400012
tot_uptimes: 194
tot_uptimes_duration: 11580.012159998703
