comms_cons: 76.1739775974467
finished_reconf: true
global_termination_time: 757886.943
local_termination_time: 429020.99436
node_cons: 15602.13648223364
tot_aggregated_send: 10614
tot_msg_rcv: 335
tot_msg_sent: 629
tot_reconf_duration: 11.899999999999999
tot_sleeping_duration: 746246.9308400047
tot_uptimes: 195
tot_uptimes_duration: 11640.012159995269
