comms_cons: 78.0941951985954
finished_reconf: true
global_termination_time: 758413.475
local_termination_time: 615217.6097999993
node_cons: 15593.374645602487
tot_aggregated_send: 10208
tot_msg_rcv: 616
tot_msg_sent: 1045
tot_reconf_duration: 5.43
tot_sleeping_duration: 746773.4445999981
tot_uptimes: 195
tot_uptimes_duration: 11640.03040000191
