comms_cons: 295.6725119971153
finished_reconf: true
global_termination_time: 3009943.693
local_termination_time: 435270.5276000001
node_cons: 61886.569885583296
tot_aggregated_send: 42282
tot_msg_rcv: 831
tot_msg_sent: 1827
tot_reconf_duration: 18.21
tot_sleeping_duration: 2963743.6626000116
tot_uptimes: 771
tot_uptimes_duration: 46200.030399988405
