comms_cons: 81.04446719596925
finished_reconf: true
global_termination_time: 784510.566
local_termination_time: 290379.4843200002
node_cons: 16075.60476559339
tot_aggregated_send: 10034
tot_msg_rcv: 829
tot_msg_sent: 1457
tot_reconf_duration: 5.57
tot_sleeping_duration: 772510.535600005
tot_uptimes: 201
tot_uptimes_duration: 12000.030399995041
