comms_cons: 81.31102719440867
finished_reconf: true
global_termination_time: 782896.98
local_termination_time: 24294.375360000002
node_cons: 16075.00721119594
tot_aggregated_send: 9860
tot_msg_rcv: 745
tot_msg_sent: 1755
tot_reconf_duration: 5.1
tot_sleeping_duration: 770896.919200003
tot_uptimes: 201
tot_uptimes_duration: 12000.06079999695
