comms_cons: 77.83256319817237
finished_reconf: true
global_termination_time: 782486.543
local_termination_time: 435796.42028000084
node_cons: 16072.215204476572
tot_aggregated_send: 10440
tot_msg_rcv: 407
tot_msg_sent: 983
tot_reconf_duration: 3.08
tot_sleeping_duration: 770486.5186800025
tot_uptimes: 201
tot_uptimes_duration: 12000.024319997407
