comms_cons: 81.7997823964123
finished_reconf: true
global_termination_time: 784348.267
local_termination_time: 280653.2967600004
node_cons: 16076.47118335968
tot_aggregated_send: 10034
tot_msg_rcv: 829
tot_msg_sent: 1569
tot_reconf_duration: 6.22
tot_sleeping_duration: 772348.2487600002
tot_uptimes: 201
tot_uptimes_duration: 12000.018239999772
