comms_cons: 1313.6842212660963
finished_reconf: true
global_termination_time: 7738045.707
local_termination_time: 1816043.4013599998
node_cons: 159160.5227878144
tot_aggregated_send: 0
tot_msg_rcv: 100540
tot_msg_sent: 99131
tot_reconf_duration: 5.1
tot_sleeping_duration: 7619185.664440015
tot_uptimes: 1982
tot_uptimes_duration: 118860.04255998507
