comms_cons: 769.1450178016216
finished_reconf: true
global_termination_time: 7733824.763
local_termination_time: 1853834.349999998
node_cons: 159131.52357181205
tot_aggregated_send: 107416
tot_msg_rcv: 3336
tot_msg_sent: 6153
tot_reconf_duration: 25.299999999999997
tot_sleeping_duration: 7615006.864440016
tot_uptimes: 1981
tot_uptimes_duration: 118817.89855998312
