comms_cons: 766.0229249715467
finished_reconf: true
global_termination_time: 7733314.108
local_termination_time: 2133392.9706799984
node_cons: 159157.7714866969
tot_aggregated_send: 107126
tot_msg_rcv: 2972
tot_msg_sent: 6332
tot_reconf_duration: 3.08
tot_sleeping_duration: 7614454.071520014
tot_uptimes: 1981
tot_uptimes_duration: 118860.03647998674
