comms_cons: 767.197318549398
finished_reconf: true
global_termination_time: 7738882.491
local_termination_time: 2783392.9869599985
node_cons: 159165.96022669727
tot_aggregated_send: 107416
tot_msg_rcv: 3022
tot_msg_sent: 6170
tot_reconf_duration: 9.11
tot_sleeping_duration: 7620022.454520013
tot_uptimes: 1982
tot_uptimes_duration: 118860.0364799872
