comms_cons: 760.5182912436264
finished_reconf: true
global_termination_time: 7737612.137
local_termination_time: 5594381.740199999
node_cons: 159169.70019999382
tot_aggregated_send: 111998
tot_msg_rcv: 1146
tot_msg_sent: 2450
tot_reconf_duration: 11.899999999999999
tot_sleeping_duration: 7618752.137
tot_uptimes: 1982
tot_uptimes_duration: 118860.0
