comms_cons: 774.542694608056
finished_reconf: true
global_termination_time: 7734436.194
local_termination_time: 1577262.5443599997
node_cons: 159080.63092781417
tot_aggregated_send: 107242
tot_msg_rcv: 3554
tot_msg_sent: 6929
tot_reconf_duration: 5.43
tot_sleeping_duration: 7615636.151440015
tot_uptimes: 1981
tot_uptimes_duration: 118800.04255998484
