comms_cons: 163.0089151916751
finished_reconf: true
global_termination_time: 1620658.26048
local_termination_time: 1620658.21936
node_cons: 33392.91678878857
tot_aggregated_send: 23026
tot_msg_rcv: 700
tot_msg_sent: 1050
tot_reconf_duration: 24.59
tot_sleeping_duration: 1595744.5012800086
tot_uptimes: 416
tot_uptimes_duration: 24913.759199991437
