comms_cons: 284.60093419931616
finished_reconf: true
global_termination_time: 1623544.798
local_termination_time: 431174.75360000005
node_cons: 33349.57932446732
tot_aggregated_send: 0
tot_msg_rcv: 21791
tot_msg_sent: 21467
tot_reconf_duration: 6.22
tot_sleeping_duration: 1598644.7736800094
tot_uptimes: 416
tot_uptimes_duration: 24900.024319990538
