comms_cons: 258.9948735867475
finished_reconf: true
global_termination_time: 2661077.495
local_termination_time: 920341.37036
node_cons: 54719.99490111605
tot_aggregated_send: 37178
tot_msg_rcv: 662
tot_msg_sent: 1525
tot_reconf_duration: 6.22
tot_sleeping_duration: 2620217.4889200022
tot_uptimes: 682
tot_uptimes_duration: 40860.006079997635
