comms_cons: 40.62060800171656
finished_reconf: true
global_termination_time: 203508.34
local_termination_time: 25919.261960000003
node_cons: 4183.6497611191535
tot_aggregated_send: 0
tot_msg_rcv: 3162
tot_msg_sent: 3013
tot_reconf_duration: 4.390000000000001
tot_sleeping_duration: 200388.33392000062
tot_uptimes: 53
tot_uptimes_duration: 3120.006079999366
