comms_cons: 2531.6506298991903
finished_reconf: true
global_termination_time: 5233631.2976
local_termination_time: 5233631.25648
node_cons: 317917.6914039518
tot_aggregated_send: 0
tot_msg_rcv: 155437
tot_msg_sent: 229361
tot_reconf_duration: 37.410000000000004
tot_sleeping_duration: 4996240.043960012
tot_uptimes: 3899
tot_uptimes_duration: 237391.25363998875
