comms_cons: 516.5435904442047
finished_reconf: true
global_termination_time: 5233709.908
local_termination_time: 967121.5149999999
node_cons: 107669.29741846031
tot_aggregated_send: 73652
tot_msg_rcv: 1597
tot_msg_sent: 3262
tot_reconf_duration: 9.11
tot_sleeping_duration: 5153308.917680012
tot_uptimes: 1341
tot_uptimes_duration: 80400.99031998769
