comms_cons: 526.9822081023669
finished_reconf: true
global_termination_time: 5234809.754
local_termination_time: 189273.94836000004
node_cons: 107668.45748893729
tot_aggregated_send: 72790
tot_msg_rcv: 2603
tot_msg_sent: 4703
tot_reconf_duration: 9.42
tot_sleeping_duration: 5154409.705360014
tot_uptimes: 1341
tot_uptimes_duration: 80400.04863998544
