comms_cons: 524.2190912734362
finished_reconf: true
global_termination_time: 5236054.63
local_termination_time: 460273.8763600001
node_cons: 107659.82331116644
tot_aggregated_send: 73660
tot_msg_rcv: 2117
tot_msg_sent: 3901
tot_reconf_duration: 3.05
tot_sleeping_duration: 5155654.569200023
tot_uptimes: 1341
tot_uptimes_duration: 80400.06079997728
