comms_cons: 130.56422399621084
finished_reconf: true
global_termination_time: 1315219.196
local_termination_time: 1100180.4106799983
node_cons: 27001.165799999853
tot_aggregated_send: 18850
tot_msg_rcv: 361
tot_msg_sent: 634
tot_reconf_duration: 5.1
tot_sleeping_duration: 1295059.196
tot_uptimes: 337
tot_uptimes_duration: 20160.0
