comms_cons: 136.22359038416133
finished_reconf: true
global_termination_time: 1318057.078
local_termination_time: 497943.26136
node_cons: 27080.590466700975
tot_aggregated_send: 17400
tot_msg_rcv: 1153
tot_msg_sent: 2154
tot_reconf_duration: 4.390000000000001
tot_sleeping_duration: 1297837.0415200142
tot_uptimes: 338
tot_uptimes_duration: 20220.036479985807
