comms_cons: 181.12600319499734
finished_reconf: true
global_termination_time: 1824038.84
local_termination_time: 1044275.4883599998
node_cons: 37526.352201116606
tot_aggregated_send: 26042
tot_msg_rcv: 449
tot_msg_sent: 1039
tot_reconf_duration: 5.57
tot_sleeping_duration: 1796018.8339200024
tot_uptimes: 468
tot_uptimes_duration: 28020.006079997635
