comms_cons: 178.69765119736863
finished_reconf: true
global_termination_time: 1822579.543
local_termination_time: 852683.9863599999
node_cons: 37449.426219999805
tot_aggregated_send: 26622
tot_msg_rcv: 140
tot_msg_sent: 399
tot_reconf_duration: 8.09
tot_sleeping_duration: 1794619.543
tot_uptimes: 467
tot_uptimes_duration: 27960.0
