comms_cons: 130.3477375951865
finished_reconf: true
global_termination_time: 1320985.305
local_termination_time: 591967.4963599999
node_cons: 27189.277400000105
tot_aggregated_send: 19082
tot_msg_rcv: 265
tot_msg_sent: 465
tot_reconf_duration: 25.299999999999997
tot_sleeping_duration: 1300705.305
tot_uptimes: 339
tot_uptimes_duration: 20280.0
