comms_cons: 131.02936959579412
finished_reconf: true
global_termination_time: 1322182.273
local_termination_time: 550780.9285599996
node_cons: 27161.451980000118
tot_aggregated_send: 19024
tot_msg_rcv: 315
tot_msg_sent: 576
tot_reconf_duration: 4.8100000000000005
tot_sleeping_duration: 1301902.273
tot_uptimes: 339
tot_uptimes_duration: 20280.0
