comms_cons: 94.36449279576088
finished_reconf: true
global_termination_time: 930679.936
local_termination_time: 149941.31040000037
node_cons: 19128.541047836257
tot_aggregated_send: 12876
tot_msg_rcv: 534
tot_msg_sent: 932
tot_reconf_duration: 5.57
tot_sleeping_duration: 916399.8934400028
tot_uptimes: 239
tot_uptimes_duration: 14280.042559997179
