comms_cons: 95.379289596558
finished_reconf: true
global_termination_time: 927325.095
local_termination_time: 193232.04836000007
node_cons: 19053.02465007913
tot_aggregated_send: 12354
tot_msg_rcv: 745
tot_msg_sent: 1399
tot_reconf_duration: 9.11
tot_sleeping_duration: 913105.0402800007
tot_uptimes: 238
tot_uptimes_duration: 14220.054719999316
