comms_cons: 95.99082879265406
finished_reconf: true
global_termination_time: 932275.156
local_termination_time: 434938.9290400003
node_cons: 19127.517108953074
tot_aggregated_send: 12296
tot_msg_rcv: 779
tot_msg_sent: 1516
tot_reconf_duration: 4.8100000000000005
tot_sleeping_duration: 917995.1073600051
tot_uptimes: 239
tot_uptimes_duration: 14280.048639994813
