comms_cons: 442.83742698017096
finished_reconf: true
global_termination_time: 2417940.836
local_termination_time: 1005758.1234799998
node_cons: 49737.00826223307
tot_aggregated_send: 0
tot_msg_rcv: 33895
tot_msg_sent: 33413
tot_reconf_duration: 4.8100000000000005
tot_sleeping_duration: 2380800.823840005
tot_uptimes: 620
tot_uptimes_duration: 37140.01215999527
