comms_cons: 238.26572798953237
finished_reconf: true
global_termination_time: 2419795.957
local_termination_time: 1413023.2349599998
node_cons: 49741.08770111624
tot_aggregated_send: 34162
tot_msg_rcv: 662
tot_msg_sent: 1391
tot_reconf_duration: 7.819999999999999
tot_sleeping_duration: 2382655.950920002
tot_uptimes: 620
tot_uptimes_duration: 37140.006079997635
