comms_cons: 106.75375361176263
finished_reconf: true
global_termination_time: 724472.633
local_termination_time: 293223.85936
node_cons: 14871.436381121413
tot_aggregated_send: 0
tot_msg_rcv: 8222
tot_msg_sent: 8005
tot_reconf_duration: 6.279999999999999
tot_sleeping_duration: 713372.6269199989
tot_uptimes: 186
tot_uptimes_duration: 11100.006080001069
