comms_cons: 164.44773117839188
finished_reconf: true
global_termination_time: 1587555.004
local_termination_time: 657520.4612799992
node_cons: 32626.64151005618
tot_aggregated_send: 20938
tot_msg_rcv: 1439
tot_msg_sent: 2619
tot_reconf_duration: 6.279999999999999
tot_sleeping_duration: 1563194.9492800178
tot_uptimes: 407
tot_uptimes_duration: 24360.054719982145
