comms_cons: 157.4336767960651
finished_reconf: true
global_termination_time: 1587699.944
local_termination_time: 433906.8410400003
node_cons: 32652.397400000038
tot_aggregated_send: 22736
tot_msg_rcv: 405
tot_msg_sent: 788
tot_reconf_duration: 25.299999999999997
tot_sleeping_duration: 1563339.944
tot_uptimes: 407
tot_uptimes_duration: 24360.0
