comms_cons: 160.0569983876159
finished_reconf: true
global_termination_time: 1587001.678
local_termination_time: 1198145.2493599998
node_cons: 32630.83235999995
tot_aggregated_send: 22214
tot_msg_rcv: 787
tot_msg_sent: 1326
tot_reconf_duration: 9.42
tot_sleeping_duration: 1562641.678
tot_uptimes: 407
tot_uptimes_duration: 24360.0
