comms_cons: 157.89237118768423
finished_reconf: true
global_termination_time: 1587323.174
local_termination_time: 110997.84695999937
node_cons: 32624.653391177566
tot_aggregated_send: 21518
tot_msg_rcv: 842
tot_msg_sent: 1640
tot_reconf_duration: 4.8100000000000005
tot_sleeping_duration: 1562963.113200017
tot_uptimes: 407
tot_uptimes_duration: 24360.060799983214
