comms_cons: 161.03970558078433
finished_reconf: true
global_termination_time: 1588784.188
local_termination_time: 506567.1080400003
node_cons: 32633.496673402035
tot_aggregated_send: 20996
tot_msg_rcv: 1259
tot_msg_sent: 2223
tot_reconf_duration: 11.31
tot_sleeping_duration: 1564424.1150400285
tot_uptimes: 407
tot_uptimes_duration: 24360.072959971614
