comms_cons: 261.2995328063058
finished_reconf: true
global_termination_time: 2650679.527
local_termination_time: 1242058.0874799988
node_cons: 54495.24917999905
tot_aggregated_send: 38396
tot_msg_rcv: 408
tot_msg_sent: 911
tot_reconf_duration: 18.21
tot_sleeping_duration: 2609999.527
tot_uptimes: 679
tot_uptimes_duration: 40680.0
