comms_cons: 260.43105279456404
finished_reconf: true
global_termination_time: 2654030.062
local_termination_time: 1409033.5236799994
node_cons: 54557.81022334942
tot_aggregated_send: 37120
tot_msg_rcv: 823
tot_msg_sent: 1641
tot_reconf_duration: 5.1
tot_sleeping_duration: 2613290.043760007
tot_uptimes: 680
tot_uptimes_duration: 40740.0182399929
