comms_cons: 265.1292287926507
finished_reconf: true
global_termination_time: 2649265.5534799974
local_termination_time: 372224.02536
node_cons: 54557.7887966506
tot_aggregated_send: 37120
tot_msg_rcv: 1142
tot_msg_sent: 2035
tot_reconf_duration: 11.31
tot_sleeping_duration: 2608531.8493600185
tot_uptimes: 679
tot_uptimes_duration: 40733.704119978705
