comms_cons: 98.02412799796826
finished_reconf: true
global_termination_time: 985153.542
local_termination_time: 728730.3283599999
node_cons: 20249.821900000017
tot_aggregated_send: 14210
tot_msg_rcv: 283
tot_msg_sent: 406
tot_reconf_duration: 3.05
tot_sleeping_duration: 970033.5420000001
tot_uptimes: 253
tot_uptimes_duration: 15119.999999999942
