comms_cons: 134.144505600205
finished_reconf: true
global_termination_time: 589008.7135199993
local_termination_time: 2591.5136
node_cons: 12119.053756896707
tot_aggregated_send: 0
tot_msg_rcv: 11569
tot_msg_sent: 8809
tot_reconf_duration: 18.21
tot_sleeping_duration: 579976.3575999868
tot_uptimes: 151
tot_uptimes_duration: 9032.355920012473
