comms_cons: 58.19960320037557
finished_reconf: true
global_termination_time: 590273.187
local_termination_time: 294799.39328000037
node_cons: 12162.09870000005
tot_aggregated_send: 8584
tot_msg_rcv: 109
tot_msg_sent: 153
tot_reconf_duration: 22.65
tot_sleeping_duration: 581213.187
tot_uptimes: 152
tot_uptimes_duration: 9060.0
