comms_cons: 58.245657600385606
finished_reconf: true
global_termination_time: 591241.609
local_termination_time: 145845.7404800001
node_cons: 12151.859380000036
tot_aggregated_send: 8584
tot_msg_rcv: 109
tot_msg_sent: 160
tot_reconf_duration: 15.110000000000001
tot_sleeping_duration: 582181.609
tot_uptimes: 152
tot_uptimes_duration: 9060.0
