comms_cons: 777.8285698062274
finished_reconf: true
global_termination_time: 7767841.559
local_termination_time: 2895843.6033599996
node_cons: 159814.20184781443
tot_aggregated_send: 107358
tot_msg_rcv: 3615
tot_msg_sent: 7250
tot_reconf_duration: 13.17
tot_sleeping_duration: 7648501.516440015
tot_uptimes: 1990
tot_uptimes_duration: 119340.04255998507
