comms_cons: 769.9659713507407
finished_reconf: true
global_termination_time: 7768867.429
local_termination_time: 4672263.190359999
node_cons: 159809.09306558015
tot_aggregated_send: 107880
tot_msg_rcv: 3232
tot_msg_sent: 5918
tot_reconf_duration: 9.42
tot_sleeping_duration: 7649527.39860001
tot_uptimes: 1990
tot_uptimes_duration: 119340.03039998934
