comms_cons: 47.27263999987497
finished_reconf: true
global_termination_time: 10462.182240000002
local_termination_time: 2082.226560000005
node_cons: 4804.327225560108
tot_aggregated_send: 0
tot_msg_rcv: 3734
tot_msg_sent: 3451
tot_reconf_duration: 18.21
tot_sleeping_duration: 6892.654199999924
tot_uptimes: 53
tot_uptimes_duration: 3569.528040000078
