comms_cons: 16.804531200102275
finished_reconf: true
global_termination_time: 148900.4354800002
local_termination_time: 91950.1705199995
node_cons: 3106.9737084830304
tot_aggregated_send: 1508
tot_msg_rcv: 352
tot_msg_sent: 694
tot_reconf_duration: 18.21
tot_sleeping_duration: 146598.53515999793
tot_uptimes: 39
tot_uptimes_duration: 2301.900320002256
