comms_cons: 17.469657599703055
finished_reconf: true
global_termination_time: 150585.804
local_termination_time: 82111.6314399996
node_cons: 3063.5639833608843
tot_aggregated_send: 1392
tot_msg_rcv: 452
tot_msg_sent: 812
tot_reconf_duration: 7.819999999999999
tot_sleeping_duration: 148305.78575999936
tot_uptimes: 39
tot_uptimes_duration: 2280.0182400006524
