comms_cons: 247.81406719692765
finished_reconf: true
global_termination_time: 2456359.0092399972
local_termination_time: 162774.93220000018
node_cons: 50568.29512382291
tot_aggregated_send: 33640
tot_msg_rcv: 1293
tot_msg_sent: 2731
tot_reconf_duration: 11.31
tot_sleeping_duration: 2418604.7626800095
tot_uptimes: 630
tot_uptimes_duration: 37754.246559987776
