comms_cons: 811.6079502284466
finished_reconf: true
global_termination_time: 4130706.7501199967
local_termination_time: 742.6584799999991
node_cons: 84977.10235726279
tot_aggregated_send: 0
tot_msg_rcv: 62010
tot_msg_sent: 61345
tot_reconf_duration: 5.57
tot_sleeping_duration: 4067249.290600008
tot_uptimes: 1058
tot_uptimes_duration: 63457.4595199888
