comms_cons: 418.3932736738235
finished_reconf: true
global_termination_time: 4133237.671
local_termination_time: 919713.4603599999
node_cons: 85020.29636781654
tot_aggregated_send: 57536
tot_msg_rcv: 2235
tot_msg_sent: 3822
tot_reconf_duration: 15.110000000000001
tot_sleeping_duration: 4069757.628440016
tot_uptimes: 1059
tot_uptimes_duration: 63480.04255998414
