comms_cons: 416.0043456605071
finished_reconf: true
global_termination_time: 4130956.82
local_termination_time: 2161557.52936
node_cons: 84925.94454446614
tot_aggregated_send: 57536
tot_msg_rcv: 1923
tot_msg_sent: 3772
tot_reconf_duration: 4.8100000000000005
tot_sleeping_duration: 4067536.795680009
tot_uptimes: 1058
tot_uptimes_duration: 63420.02431999124
