comms_cons: 409.4696704393467
finished_reconf: true
global_termination_time: 4134785.598
local_termination_time: 2604939.6613199986
node_cons: 85015.88019999766
tot_aggregated_send: 59276
tot_msg_rcv: 884
tot_msg_sent: 2077
tot_reconf_duration: 11.899999999999999
tot_sleeping_duration: 4071305.598
tot_uptimes: 1059
tot_uptimes_duration: 63480.0
