comms_cons: 416.8706304427855
finished_reconf: true
global_termination_time: 4132426.807
local_termination_time: 1133346.5161999997
node_cons: 85010.41283005093
tot_aggregated_send: 57478
tot_msg_rcv: 1993
tot_msg_sent: 3891
tot_reconf_duration: 7.819999999999999
tot_sleeping_duration: 4068946.75228002
tot_uptimes: 1059
tot_uptimes_duration: 63480.054719979875
