comms_cons: 192.08312318874127
finished_reconf: true
global_termination_time: 1909749.923
local_termination_time: 1047076.3733599999
node_cons: 39317.051264467125
tot_aggregated_send: 26738
tot_msg_rcv: 850
tot_msg_sent: 1608
tot_reconf_duration: 22.65
tot_sleeping_duration: 1880409.8986800094
tot_uptimes: 490
tot_uptimes_duration: 29340.024319990538
