comms_cons: 291.72965098948
finished_reconf: true
global_termination_time: 1483969.377
local_termination_time: 512609.07348
node_cons: 30537.671183350507
tot_aggregated_send: 0
tot_msg_rcv: 22301
tot_msg_sent: 22041
tot_reconf_duration: 6.22
tot_sleeping_duration: 1461169.3587600072
tot_uptimes: 381
tot_uptimes_duration: 22800.018239992904
