comms_cons: 74.58672640897734
finished_reconf: true
global_termination_time: 369170.695
local_termination_time: 968.9254799999999
node_cons: 7582.743123364301
tot_aggregated_send: 0
tot_msg_rcv: 5894
tot_msg_sent: 5442
tot_reconf_duration: 22.65
tot_sleeping_duration: 363530.6767599968
tot_uptimes: 95
tot_uptimes_duration: 5640.018240003206
