comms_cons: 36.448768000126144
finished_reconf: true
global_termination_time: 374491.526
local_termination_time: 270367.1578400005
node_cons: 7638.261619999949
tot_aggregated_send: 5452
tot_msg_rcv: 33
tot_msg_sent: 54
tot_reconf_duration: 4.390000000000001
tot_sleeping_duration: 368791.526
tot_uptimes: 96
tot_uptimes_duration: 5700.0
