comms_cons: 38.17314560063406
finished_reconf: true
global_termination_time: 372951.831
local_termination_time: 65827.466
node_cons: 7646.795804320865
tot_aggregated_send: 4984
tot_msg_rcv: 294
tot_msg_sent: 524
tot_reconf_duration: 7.819999999999999
tot_sleeping_duration: 367248.9361199994
tot_uptimes: 96
tot_uptimes_duration: 5702.89488000064
