comms_cons: 16.68485119999845
finished_reconf: true
global_termination_time: 146019.6854800002
local_termination_time: 64787.41536000002
node_cons: 2999.055849839396
tot_aggregated_send: 1740
tot_msg_rcv: 388
tot_msg_sent: 407
tot_reconf_duration: 4.390000000000001
tot_sleeping_duration: 143784.36492000066
tot_uptimes: 38
tot_uptimes_duration: 2235.3205599995417
