comms_cons: 15.533491199903182
finished_reconf: true
global_termination_time: 150223.721
local_termination_time: 120360.12435999997
node_cons: 3061.3749011214336
tot_aggregated_send: 1856
tot_msg_rcv: 161
tot_msg_sent: 344
tot_reconf_duration: 6.22
tot_sleeping_duration: 147943.71491999892
tot_uptimes: 39
tot_uptimes_duration: 2280.0060800010688
