comms_cons: 15.092339200058019
finished_reconf: true
global_termination_time: 150835.582
local_termination_time: 89011.94535999998
node_cons: 3068.2952622428797
tot_aggregated_send: 1856
tot_msg_rcv: 97
tot_msg_sent: 340
tot_reconf_duration: 11.31
tot_sleeping_duration: 148555.56983999786
tot_uptimes: 39
tot_uptimes_duration: 2280.0121600021375
