comms_cons: 186.6794047277411
finished_reconf: true
global_termination_time: 871354.9750399984
local_termination_time: 1901.3461600000016
node_cons: 18012.05863568413
tot_aggregated_send: 0
tot_msg_rcv: 15347
tot_msg_sent: 13019
tot_reconf_duration: 18.21
tot_sleeping_duration: 857921.5699199954
tot_uptimes: 224
tot_uptimes_duration: 13433.405120003074
