comms_cons: 1561.5875365184631
finished_reconf: true
global_termination_time: 5359885.505
local_termination_time: 3231003.1384799997
node_cons: 218660.67357125948
tot_aggregated_send: 0
tot_msg_rcv: 79562
tot_msg_sent: 157791
tot_reconf_duration: 18.21
tot_sleeping_duration: 5196602.49948001
tot_uptimes: 2704
tot_uptimes_duration: 163283.0055199906
