comms_cons: 538.4409792982862
finished_reconf: true
global_termination_time: 5359419.541
local_termination_time: 740048.8013599998
node_cons: 110230.75219228398
tot_aggregated_send: 74414
tot_msg_rcv: 2480
tot_msg_sent: 4945
tot_reconf_duration: 3.08
tot_sleeping_duration: 5277099.474120025
tot_uptimes: 1373
tot_uptimes_duration: 82320.06687997561
