comms_cons: 163.8134911458708
finished_reconf: true
global_termination_time: 824223.929
local_termination_time: 2928.26936
node_cons: 16959.352906717133
tot_aggregated_send: 0
tot_msg_rcv: 12648
tot_msg_sent: 12250
tot_reconf_duration: 5.57
tot_sleeping_duration: 811563.8925200021
tot_uptimes: 212
tot_uptimes_duration: 12660.036479997842
