comms_cons: 84.56628479450312
finished_reconf: true
global_termination_time: 826112.064
local_termination_time: 93053.74647999968
node_cons: 16969.66556559338
tot_aggregated_send: 11136
tot_msg_rcv: 620
tot_msg_sent: 1097
tot_reconf_duration: 13.17
tot_sleeping_duration: 813452.033600005
tot_uptimes: 212
tot_uptimes_duration: 12660.030399995041
