comms_cons: 84.44403199842027
finished_reconf: true
global_termination_time: 827212.192
local_termination_time: 521001.73248000053
node_cons: 16958.28012112145
tot_aggregated_send: 11310
tot_msg_rcv: 599
tot_msg_sent: 926
tot_reconf_duration: 4.8100000000000005
tot_sleeping_duration: 814552.185919999
tot_uptimes: 212
tot_uptimes_duration: 12660.006080001067
