comms_cons: 82.32615679828754
finished_reconf: true
global_termination_time: 827224.039
local_termination_time: 382294.40736
node_cons: 16967.932764476504
tot_aggregated_send: 11542
tot_msg_rcv: 282
tot_msg_sent: 690
tot_reconf_duration: 11.899999999999999
tot_sleeping_duration: 814564.0146800026
tot_uptimes: 212
tot_uptimes_duration: 12660.024319997407
