comms_cons: 84.42457599534332
finished_reconf: true
global_termination_time: 826905.56
local_termination_time: 59905.10548000001
node_cons: 16960.243747831646
tot_aggregated_send: 10962
tot_msg_rcv: 590
tot_msg_sent: 1281
tot_reconf_duration: 6.22
tot_sleeping_duration: 814245.5174400064
tot_uptimes: 212
tot_uptimes_duration: 12660.042559993744
