comms_cons: 139.44614399432962
finished_reconf: true
global_termination_time: 1413207.433
local_termination_time: 604289.6245599994
node_cons: 29009.665800000013
tot_aggregated_send: 20416
tot_msg_rcv: 261
tot_msg_sent: 518
tot_reconf_duration: 5.1
tot_sleeping_duration: 1391547.433
tot_uptimes: 362
tot_uptimes_duration: 21660.0
