comms_cons: 144.88947198651707
finished_reconf: true
global_termination_time: 1414116.403
local_termination_time: 299654.4744800001
node_cons: 29087.2707467057
tot_aggregated_send: 19140
tot_msg_rcv: 1017
tot_msg_sent: 1865
tot_reconf_duration: 3.05
tot_sleeping_duration: 1392396.3665200106
tot_uptimes: 363
tot_uptimes_duration: 21720.03647998924
