comms_cons: 140.28828159526645
finished_reconf: true
global_termination_time: 1426675.615
local_termination_time: 974375.7439199993
node_cons: 29344.61938000003
tot_aggregated_send: 20532
tot_msg_rcv: 167
tot_msg_sent: 624
tot_reconf_duration: 15.110000000000001
tot_sleeping_duration: 1404775.615
tot_uptimes: 366
tot_uptimes_duration: 21900.0
