comms_cons: 146.0911359835426
finished_reconf: true
global_termination_time: 1427324.986
local_termination_time: 71364.04335999995
node_cons: 29328.307028934687
tot_aggregated_send: 19140
tot_msg_rcv: 1025
tot_msg_sent: 2040
tot_reconf_duration: 3.05
tot_sleeping_duration: 1405424.937360019
tot_uptimes: 366
tot_uptimes_duration: 21900.048639981076
