comms_cons: 32.01438719994122
finished_reconf: true
global_termination_time: 8534.338240000003
local_termination_time: 3588.347480000002
node_cons: 3601.2749314800094
tot_aggregated_send: 0
tot_msg_rcv: 2482
tot_msg_sent: 2383
tot_reconf_duration: 18.21
tot_sleeping_duration: 5863.280919999996
tot_uptimes: 38
tot_uptimes_duration: 2671.0573200000067
