comms_cons: 1.5000575999992654
finished_reconf: true
global_termination_time: 13410.114
local_termination_time: 6889.41136
node_cons: 258.9048600000001
tot_aggregated_send: 0
tot_msg_rcv: 122
tot_msg_sent: 106
tot_reconf_duration: 13.17
tot_sleeping_duration: 13230.114
tot_uptimes: 4
tot_uptimes_duration: 180.0
