comms_cons: 1.4934783999950663
finished_reconf: true
global_termination_time: 10812.212
local_termination_time: 4046.85736
node_cons: 176.03897999999992
tot_aggregated_send: 0
tot_msg_rcv: 121
tot_msg_sent: 106
tot_reconf_duration: 11.31
tot_sleeping_duration: 10692.212
tot_uptimes: 3
tot_uptimes_duration: 120.0
