comms_cons: 266.95486720249966
finished_reconf: true
global_termination_time: 2685269.577
local_termination_time: 695753.0113599999
node_cons: 55224.40382893377
tot_aggregated_send: 37352
tot_msg_rcv: 1026
tot_msg_sent: 2196
tot_reconf_duration: 22.65
tot_sleeping_duration: 2644049.528360019
tot_uptimes: 688
tot_uptimes_duration: 41220.048639981076
