comms_cons: 383.31091808299607
finished_reconf: true
global_termination_time: 2684299.34
local_termination_time: 1471397.88548
node_cons: 55204.223983349664
tot_aggregated_send: 0
tot_msg_rcv: 29432
tot_msg_sent: 28828
tot_reconf_duration: 7.819999999999999
tot_sleeping_duration: 2643079.3217600067
tot_uptimes: 688
tot_uptimes_duration: 41220.0182399929
