comms_cons: 383.08763488282057
finished_reconf: true
global_termination_time: 2684777.657
local_termination_time: 1473120.61936
node_cons: 55208.938979999155
tot_aggregated_send: 0
tot_msg_rcv: 29402
tot_msg_sent: 28823
tot_reconf_duration: 11.31
tot_sleeping_duration: 2643557.657
tot_uptimes: 688
tot_uptimes_duration: 41220.0
