comms_cons: 14.790668799823434
finished_reconf: true
global_termination_time: 139883.709
local_termination_time: 25317.087880000003
node_cons: 2818.4401211200097
tot_aggregated_send: 1682
tot_msg_rcv: 217
tot_msg_sent: 350
tot_reconf_duration: 4.8100000000000005
tot_sleeping_duration: 137783.70291999998
tot_uptimes: 36
tot_uptimes_duration: 2100.0060800000056
