comms_cons: 2.250086399992565
finished_reconf: true
global_termination_time: 16084.122
local_termination_time: 4789.16736
node_cons: 342.19172000000026
tot_aggregated_send: 0
tot_msg_rcv: 180
tot_msg_sent: 162
tot_reconf_duration: 15.34
tot_sleeping_duration: 15844.122
tot_uptimes: 5
tot_uptimes_duration: 240.0
