comms_cons: 2.2961407999950287
finished_reconf: true
global_termination_time: 18095.461
local_termination_time: 4962.6723600000005
node_cons: 327.89198000000056
tot_aggregated_send: 0
tot_msg_rcv: 177
tot_msg_sent: 172
tot_reconf_duration: 4.8100000000000005
tot_sleeping_duration: 17855.461
tot_uptimes: 5
tot_uptimes_duration: 240.0
