comms_cons: 96.92183679394664
finished_reconf: true
global_termination_time: 960807.856
local_termination_time: 379899.93536
node_cons: 19769.626043355056
tot_aggregated_send: 13166
tot_msg_rcv: 464
tot_msg_sent: 1101
tot_reconf_duration: 4.390000000000001
tot_sleeping_duration: 946047.8377600037
tot_uptimes: 247
tot_uptimes_duration: 14760.01823999633
