comms_cons: 96.84582399097037
finished_reconf: true
global_termination_time: 961720.276
local_termination_time: 474291.8763600001
node_cons: 19767.790041116925
tot_aggregated_send: 13166
tot_msg_rcv: 453
tot_msg_sent: 1101
tot_reconf_duration: 3.05
tot_sleeping_duration: 946960.2699200023
tot_uptimes: 247
tot_uptimes_duration: 14760.006079997635
