comms_cons: 99.44716799367644
finished_reconf: true
global_termination_time: 961453.659
local_termination_time: 226746.25336000006
node_cons: 19772.184453420414
tot_aggregated_send: 12586
tot_msg_rcv: 835
tot_msg_sent: 1694
tot_reconf_duration: 6.22
tot_sleeping_duration: 946693.5860400146
tot_uptimes: 247
tot_uptimes_duration: 14760.072959985351
