comms_cons: 229.40142718066008
finished_reconf: true
global_termination_time: 2228087.822
local_termination_time: 129562.09535999998
node_cons: 45804.525394536715
tot_aggregated_send: 29348
tot_msg_rcv: 1794
tot_msg_sent: 3724
tot_reconf_duration: 7.819999999999999
tot_sleeping_duration: 2193887.742960017
tot_uptimes: 571
tot_uptimes_duration: 34200.079039982986
