comms_cons: 443.6937597575588
finished_reconf: true
global_termination_time: 2228729.03
local_termination_time: 484632.81848
node_cons: 45802.28746558361
tot_aggregated_send: 0
tot_msg_rcv: 34372
tot_msg_sent: 33067
tot_reconf_duration: 6.22
tot_sleeping_duration: 2194528.9996000114
tot_uptimes: 571
tot_uptimes_duration: 34200.03039998817
