comms_cons: 223.286572780438
finished_reconf: true
global_termination_time: 2229170.81
local_termination_time: 1252567.49736
node_cons: 45801.206504466725
tot_aggregated_send: 29696
tot_msg_rcv: 1461
tot_msg_sent: 2781
tot_reconf_duration: 5.43
tot_sleeping_duration: 2194970.7856800095
tot_uptimes: 571
tot_uptimes_duration: 34200.02431999054
