comms_cons: 88.2064127972475
finished_reconf: true
global_termination_time: 885237.875
local_termination_time: 590259.7100000001
node_cons: 18173.000200000057
tot_aggregated_send: 12464
tot_msg_rcv: 307
tot_msg_sent: 635
tot_reconf_duration: 11.899999999999999
tot_sleeping_duration: 871677.875
tot_uptimes: 227
tot_uptimes_duration: 13560.0
