comms_cons: 57.041664000930865
finished_reconf: true
global_termination_time: 588270.232
local_termination_time: 235505.63736000008
node_cons: 12056.969761121467
tot_aggregated_send: 7830
tot_msg_rcv: 259
tot_msg_sent: 581
tot_reconf_duration: 4.390000000000001
tot_sleeping_duration: 579270.225919999
tot_uptimes: 151
tot_uptimes_duration: 9000.006080001069
