comms_cons: 54.417817599996596
finished_reconf: true
global_termination_time: 587686.985
local_termination_time: 177169.33352000036
node_cons: 12061.619559999986
tot_aggregated_send: 7656
tot_msg_rcv: 211
tot_msg_sent: 405
tot_reconf_duration: 7.819999999999999
tot_sleeping_duration: 578686.985
tot_uptimes: 151
tot_uptimes_duration: 9000.0
