comms_cons: 319.1898880158719
finished_reconf: true
global_termination_time: 3170509.335
local_termination_time: 429055.6853600001
node_cons: 65159.930746699705
tot_aggregated_send: 44080
tot_msg_rcv: 1471
tot_msg_sent: 2964
tot_reconf_duration: 3.05
tot_sleeping_duration: 3121849.298520014
tot_uptimes: 812
tot_uptimes_duration: 48660.03647998581
