comms_cons: 92.23380479630796
finished_reconf: true
global_termination_time: 910169.188
local_termination_time: 590586.723999999
node_cons: 18725.19790223371
tot_aggregated_send: 12470
tot_msg_rcv: 505
tot_msg_sent: 1044
tot_reconf_duration: 4.390000000000001
tot_sleeping_duration: 896189.1758400047
tot_uptimes: 234
tot_uptimes_duration: 13980.012159995269
