comms_cons: 74.26005759891233
finished_reconf: true
global_termination_time: 725860.284
local_termination_time: 473590.9872800008
node_cons: 14893.608297042585
tot_aggregated_send: 9860
tot_msg_rcv: 570
tot_msg_sent: 857
tot_reconf_duration: 18.21
tot_sleeping_duration: 714755.8186399981
tot_uptimes: 186
tot_uptimes_duration: 11104.465360001894
