comms_cons: 73.80940159894972
finished_reconf: true
global_termination_time: 721612.924
local_termination_time: 122090.58499999999
node_cons: 14801.173704480701
tot_aggregated_send: 9795
tot_msg_rcv: 556
tot_msg_sent: 867
tot_reconf_duration: 13.17
tot_sleeping_duration: 710572.3796799995
tot_uptimes: 185
tot_uptimes_duration: 11040.54432000051
