comms_cons: 74.16732159705444
finished_reconf: true
global_termination_time: 722533.805
local_termination_time: 287369.87736000004
node_cons: 14873.560265597987
tot_aggregated_send: 9512
tot_msg_rcv: 599
tot_msg_sent: 1162
tot_reconf_duration: 7.819999999999999
tot_sleeping_duration: 711433.7746000016
tot_uptimes: 186
tot_uptimes_duration: 11100.030399998475
