comms_cons: 470.4336192817544
finished_reconf: true
global_termination_time: 4640346.741919999
local_termination_time: 4640346.700799999
node_cons: 95530.09273276485
tot_aggregated_send: 63774
tot_msg_rcv: 2585
tot_msg_sent: 5142
tot_reconf_duration: 37.410000000000004
tot_sleeping_duration: 4569040.326720023
tot_uptimes: 1189
tot_uptimes_duration: 71306.41519997595
