comms_cons: 469.17591048665605
finished_reconf: true
global_termination_time: 4644789.213
local_termination_time: 2837212.0470000003
node_cons: 95549.69530558269
tot_aggregated_send: 64668
tot_msg_rcv: 2361
tot_msg_sent: 4283
tot_reconf_duration: 18.700000000000003
tot_sleeping_duration: 4573449.182600011
tot_uptimes: 1190
tot_uptimes_duration: 71340.03039998887
