comms_cons: 470.6623744905795
finished_reconf: true
global_termination_time: 4640521.252
local_termination_time: 2855326.4796
node_cons: 95458.82266446522
tot_aggregated_send: 63974
tot_msg_rcv: 2634
tot_msg_sent: 4930
tot_reconf_duration: 10.95
tot_sleeping_duration: 4569241.227680009
tot_uptimes: 1189
tot_uptimes_duration: 71280.02431999124
