comms_cons: 468.32523529439095
finished_reconf: true
global_termination_time: 4643283.08
local_termination_time: 816801.7733599999
node_cons: 95539.65968558266
tot_aggregated_send: 65018
tot_msg_rcv: 2221
tot_msg_sent: 3943
tot_reconf_duration: 11.31
tot_sleeping_duration: 4571943.049600011
tot_uptimes: 1190
tot_uptimes_duration: 71340.0303999891
