comms_cons: 471.6166849038128
finished_reconf: true
global_termination_time: 4642040.782
local_termination_time: 590483.1077599981
node_cons: 95472.59097580456
tot_aggregated_send: 63916
tot_msg_rcv: 2775
tot_msg_sent: 4992
tot_reconf_duration: 15.34
tot_sleeping_duration: 4570754.927440024
tot_uptimes: 1189
tot_uptimes_duration: 71285.85455997556
