comms_cons: 42.43527040042823
finished_reconf: true
global_termination_time: 411957.03328000056
local_termination_time: 44424.67148000001
node_cons: 8498.758668404189
tot_aggregated_send: 5510
tot_msg_rcv: 335
tot_msg_sent: 604
tot_reconf_duration: 4.8100000000000005
tot_sleeping_duration: 405614.8176799974
tot_uptimes: 106
tot_uptimes_duration: 6342.215600003125
