comms_cons: 42.08776960068438
finished_reconf: true
global_termination_time: 413081.62
local_termination_time: 129568.29147999996
node_cons: 8444.171183364304
tot_aggregated_send: 5336
tot_msg_rcv: 308
tot_msg_sent: 754
tot_reconf_duration: 6.22
tot_sleeping_duration: 406781.6017599968
tot_uptimes: 106
tot_uptimes_duration: 6300.018240003206
