comms_cons: 9.876006399930322
finished_reconf: true
global_termination_time: 100070.939
local_termination_time: 19001.322
node_cons: 2035.1572328802963
tot_aggregated_send: 1260
tot_msg_rcv: 67
tot_msg_sent: 174
tot_reconf_duration: 18.21
tot_sleeping_duration: 98569.49907999978
tot_uptimes: 26
tot_uptimes_duration: 1501.4399200002226
