comms_cons: 10.243814399997676
finished_reconf: true
global_termination_time: 103036.079
local_termination_time: 7191.712840000001
node_cons: 2104.1989799999997
tot_aggregated_send: 1450
tot_msg_rcv: 58
tot_msg_sent: 48
tot_reconf_duration: 11.31
tot_sleeping_duration: 101476.079
tot_uptimes: 27
tot_uptimes_duration: 1560.0
