comms_cons: 2.250086399992565
finished_reconf: true
global_termination_time: 12867.877480000006
local_termination_time: 7401.670360000001
node_cons: 309.8658587200082
tot_aggregated_send: 0
tot_msg_rcv: 184
tot_msg_sent: 157
tot_reconf_duration: 22.65
tot_sleeping_duration: 12659.433
tot_uptimes: 4
tot_uptimes_duration: 208.44448000000557
