comms_cons: 2.276403199994753
finished_reconf: true
global_termination_time: 13463.519
local_termination_time: 6742.8593599999995
node_cons: 246.9816199999992
tot_aggregated_send: 0
tot_msg_rcv: 176
tot_msg_sent: 170
tot_reconf_duration: 4.390000000000001
tot_sleeping_duration: 13283.519
tot_uptimes: 4
tot_uptimes_duration: 179.99999999999997
