comms_cons: 2.2435071999925866
finished_reconf: true
global_termination_time: 14572.275
local_termination_time: 5762.37636
node_cons: 256.3789800000005
tot_aggregated_send: 0
tot_msg_rcv: 177
tot_msg_sent: 164
tot_reconf_duration: 11.31
tot_sleeping_duration: 14392.275
tot_uptimes: 4
tot_uptimes_duration: 180.0
