comms_cons: 240.85135358744947
finished_reconf: true
global_termination_time: 2444213.412
local_termination_time: 695485.7255999998
node_cons: 50233.34800223291
tot_aggregated_send: 34336
tot_msg_rcv: 772
tot_msg_sent: 1500
tot_reconf_duration: 15.34
tot_sleeping_duration: 2406713.3998400047
tot_uptimes: 626
tot_uptimes_duration: 37500.01215999527
