comms_cons: 244.41324160052105
finished_reconf: true
global_termination_time: 2441928.508
local_termination_time: 48468.42060000001
node_cons: 50243.35639340851
tot_aggregated_send: 33872
tot_msg_rcv: 905
tot_msg_sent: 2370
tot_reconf_duration: 22.65
tot_sleeping_duration: 2404428.4350400227
tot_uptimes: 626
tot_uptimes_duration: 37500.07295997701
