comms_cons: 244.23539840969963
finished_reconf: true
global_termination_time: 2442260.979
local_termination_time: 171184.34536000006
node_cons: 50219.064544467255
tot_aggregated_send: 33988
tot_msg_rcv: 866
tot_msg_sent: 2267
tot_reconf_duration: 4.8100000000000005
tot_sleeping_duration: 2404760.954680009
tot_uptimes: 626
tot_uptimes_duration: 37500.024319991004
