comms_cons: 241.37388798647441
finished_reconf: true
global_termination_time: 2442046.42
local_termination_time: 821944.23336
node_cons: 50223.15212446671
tot_aggregated_send: 33756
tot_msg_rcv: 935
tot_msg_sent: 1996
tot_reconf_duration: 7.819999999999999
tot_sleeping_duration: 2404546.3956800094
tot_uptimes: 626
tot_uptimes_duration: 37500.02431999054
