comms_cons: 240.3908095913239
finished_reconf: true
global_termination_time: 2447404.863
local_termination_time: 1843617.84236
node_cons: 50300.23022223287
tot_aggregated_send: 34684
tot_msg_rcv: 646
tot_msg_sent: 1208
tot_reconf_duration: 5.43
tot_sleeping_duration: 2409844.8508400046
tot_uptimes: 627
tot_uptimes_duration: 37560.01215999527
