comms_cons: 10.686502400141169
finished_reconf: true
global_termination_time: 74715.859
local_termination_time: 19083.46236
node_cons: 1547.332425600316
tot_aggregated_send: 348
tot_msg_rcv: 526
tot_msg_sent: 752
tot_reconf_duration: 15.34
tot_sleeping_duration: 73575.82859999976
tot_uptimes: 20
tot_uptimes_duration: 1140.030400000236
