comms_cons: 9.870054400059399
finished_reconf: true
global_termination_time: 73436.593
local_termination_time: 41474.70936000001
node_cons: 1454.6645222394407
tot_aggregated_send: 406
tot_msg_rcv: 457
tot_msg_sent: 639
tot_reconf_duration: 6.279999999999999
tot_sleeping_duration: 72356.58084000042
tot_uptimes: 19
tot_uptimes_duration: 1080.0121599995837
