comms_cons: 9.052979200025172
finished_reconf: true
global_termination_time: 73651.057
local_termination_time: 10941.18936
node_cons: 1452.1060433605903
tot_aggregated_send: 580
tot_msg_rcv: 328
tot_msg_sent: 468
tot_reconf_duration: 4.390000000000001
tot_sleeping_duration: 72571.03875999956
tot_uptimes: 19
tot_uptimes_duration: 1080.0182400004414
