comms_cons: 10.619456000176744
finished_reconf: true
global_termination_time: 76755.756
local_termination_time: 43112.25848000001
node_cons: 1533.874645600317
tot_aggregated_send: 290
tot_msg_rcv: 510
tot_msg_sent: 815
tot_reconf_duration: 5.43
tot_sleeping_duration: 75615.72559999976
tot_uptimes: 20
tot_uptimes_duration: 1140.030400000236
