comms_cons: 100.03203839682227
finished_reconf: true
global_termination_time: 988921.0874799999
local_termination_time: 988921.0463599999
node_cons: 20377.820506559507
tot_aggregated_send: 13732
tot_msg_rcv: 528
tot_msg_sent: 945
tot_reconf_duration: 24.59
tot_sleeping_duration: 973727.3404400003
tot_uptimes: 254
tot_uptimes_duration: 15193.747039999602
