comms_cons: 97.81359359841377
finished_reconf: true
global_termination_time: 990030.463
local_termination_time: 564953.628759998
node_cons: 20343.74879575413
tot_aggregated_send: 14268
tot_msg_rcv: 202
tot_msg_sent: 397
tot_reconf_duration: 11.31
tot_sleeping_duration: 974848.6931600043
tot_uptimes: 254
tot_uptimes_duration: 15181.769839995657
