comms_cons: 44.8911360008658
finished_reconf: true
global_termination_time: 427634.508
local_termination_time: 233686.31136000005
node_cons: 8764.648483364312
tot_aggregated_send: 5452
tot_msg_rcv: 500
tot_msg_sent: 872
tot_reconf_duration: 5.57
tot_sleeping_duration: 421094.48975999677
tot_uptimes: 110
tot_uptimes_duration: 6540.018240003206
