comms_cons: 42.29767680054177
finished_reconf: true
global_termination_time: 427685.392
local_termination_time: 199558.21132000067
node_cons: 8774.944860000029
tot_aggregated_send: 5684
tot_msg_rcv: 226
tot_msg_sent: 519
tot_reconf_duration: 13.17
tot_sleeping_duration: 421145.392
tot_uptimes: 110
tot_uptimes_duration: 6540.0
