comms_cons: 177.06600959265896
finished_reconf: true
global_termination_time: 1791976.881
local_termination_time: 770709.9712799982
node_cons: 36826.428297034254
tot_aggregated_send: 25810
tot_msg_rcv: 362
tot_msg_sent: 741
tot_reconf_duration: 18.21
tot_sleeping_duration: 1764492.4156400042
tot_uptimes: 459
tot_uptimes_duration: 27484.46535999584
