comms_cons: 80.39383039799255
finished_reconf: true
global_termination_time: 862679.472
local_termination_time: 3996.8949999999995
node_cons: 17683.613385597982
tot_aggregated_send: 11187
tot_msg_rcv: 317
tot_msg_sent: 715
tot_reconf_duration: 6.46
tot_sleeping_duration: 849479.4416000014
tot_uptimes: 221
tot_uptimes_duration: 13200.030399998475
