comms_cons: 1002.9484802465096
finished_reconf: true
global_termination_time: 10179392.592
local_termination_time: 2606567.12536
node_cons: 209377.07506669508
tot_aggregated_send: 140418
tot_msg_rcv: 4016
tot_msg_sent: 8008
tot_reconf_duration: 8.09
tot_sleeping_duration: 10023032.555520013
tot_uptimes: 2607
tot_uptimes_duration: 156360.0364799872
