comms_cons: 93.8068607984485
finished_reconf: true
global_termination_time: 923453.857
local_termination_time: 515011.80836
node_cons: 18972.635803355104
tot_aggregated_send: 11600
tot_msg_rcv: 973
tot_msg_sent: 1685
tot_reconf_duration: 9.11
tot_sleeping_duration: 909293.8387600036
tot_uptimes: 237
tot_uptimes_duration: 14160.018239996338
