comms_cons: 94.48844799532117
finished_reconf: true
global_termination_time: 923110.962
local_termination_time: 566425.0273599998
node_cons: 18977.41596335511
tot_aggregated_send: 12354
tot_msg_rcv: 682
tot_msg_sent: 1326
tot_reconf_duration: 12.629999999999999
tot_sleeping_duration: 908950.9437600037
tot_uptimes: 237
tot_uptimes_duration: 14160.018239996323
