comms_cons: 91.63509759924412
finished_reconf: true
global_termination_time: 926573.606
local_termination_time: 649249.2485599985
node_cons: 19056.74020000006
tot_aggregated_send: 13108
tot_msg_rcv: 248
tot_msg_sent: 572
tot_reconf_duration: 11.899999999999999
tot_sleeping_duration: 912353.606
tot_uptimes: 238
tot_uptimes_duration: 14220.0
