comms_cons: 93.3957375954266
finished_reconf: true
global_termination_time: 928153.221
local_termination_time: 539074.0966799995
node_cons: 19046.549761116876
tot_aggregated_send: 12876
tot_msg_rcv: 452
tot_msg_sent: 867
tot_reconf_duration: 4.390000000000001
tot_sleeping_duration: 913933.2149200024
tot_uptimes: 238
tot_uptimes_duration: 14220.006079997635
