comms_cons: 92.91886719211564
finished_reconf: true
global_termination_time: 924510.678
local_termination_time: 232796.78536000004
node_cons: 18964.430746705624
tot_aggregated_send: 12354
tot_msg_rcv: 561
tot_msg_sent: 1208
tot_reconf_duration: 3.05
tot_sleeping_duration: 910350.6415200107
tot_uptimes: 237
tot_uptimes_duration: 14160.036479989258
