comms_cons: 94.05624319531137
finished_reconf: true
global_termination_time: 927214.121
local_termination_time: 212516.15440000035
node_cons: 19051.232124471928
tot_aggregated_send: 12238
tot_msg_rcv: 716
tot_msg_sent: 1342
tot_reconf_duration: 7.819999999999999
tot_sleeping_duration: 912994.0966800061
tot_uptimes: 238
tot_uptimes_duration: 14220.024319993974
