comms_cons: 86.79468799679299
finished_reconf: true
global_termination_time: 847484.9372399979
local_termination_time: 847484.9372399979
node_cons: 17571.875617840713
tot_aggregated_send: 11368
tot_msg_rcv: 567
tot_msg_sent: 1258
tot_reconf_duration: 37.410000000000004
tot_sleeping_duration: 834399.7446799974
tot_uptimes: 218
tot_uptimes_duration: 13085.192560000505
