comms_cons: 629.7489150564312
finished_reconf: true
global_termination_time: 848818.613
local_termination_time: 356105.96940000035
node_cons: 84125.25235618239
tot_aggregated_send: 0
tot_msg_rcv: 43462
tot_msg_sent: 52255
tot_reconf_duration: 5.57
tot_sleeping_duration: 785997.3372000117
tot_uptimes: 1008
tot_uptimes_duration: 62821.27579998822
