comms_cons: 83.17434879839153
finished_reconf: true
global_termination_time: 848890.936
local_termination_time: 428669.681
node_cons: 17468.161823359704
tot_aggregated_send: 11343
tot_msg_rcv: 362
tot_msg_sent: 937
tot_reconf_duration: 25.299999999999997
tot_sleeping_duration: 835870.9177600002
tot_uptimes: 218
tot_uptimes_duration: 13020.018239999772
