comms_cons: 87.01712639641964
finished_reconf: true
global_termination_time: 848824.578
local_termination_time: 533508.3849199984
node_cons: 17451.689283350577
tot_aggregated_send: 11484
tot_msg_rcv: 649
tot_msg_sent: 1094
tot_reconf_duration: 13.17
tot_sleeping_duration: 835804.5597600071
tot_uptimes: 218
tot_uptimes_duration: 13020.018239992904
