comms_cons: 83.03608319882568
finished_reconf: true
global_termination_time: 849960.687
local_termination_time: 609517.7124399996
node_cons: 17449.940200000055
tot_aggregated_send: 12006
tot_msg_rcv: 218
tot_msg_sent: 397
tot_reconf_duration: 11.899999999999999
tot_sleeping_duration: 836940.687
tot_uptimes: 218
tot_uptimes_duration: 13020.0
