comms_cons: 85.05589759993916
finished_reconf: true
global_termination_time: 847532.256
local_termination_time: 560117.1753599999
node_cons: 17439.741620000044
tot_aggregated_send: 11948
tot_msg_rcv: 346
tot_msg_sent: 634
tot_reconf_duration: 4.390000000000001
tot_sleeping_duration: 834512.256
tot_uptimes: 218
tot_uptimes_duration: 13020.0
