comms_cons: 98.39747841397558
finished_reconf: true
global_termination_time: 493243.991
local_termination_time: 2920.48248
node_cons: 10147.569180000015
tot_aggregated_send: 0
tot_msg_rcv: 7652
tot_msg_sent: 7304
tot_reconf_duration: 18.21
tot_sleeping_duration: 485683.991
tot_uptimes: 127
tot_uptimes_duration: 7560.000000000002
