comms_cons: 48.39001600023095
finished_reconf: true
global_termination_time: 492273.135
local_termination_time: 379432.5165600002
node_cons: 10140.724859999997
tot_aggregated_send: 7134
tot_msg_rcv: 58
tot_msg_sent: 162
tot_reconf_duration: 13.17
tot_sleeping_duration: 484713.135
tot_uptimes: 127
tot_uptimes_duration: 7560.000000000004
