comms_cons: 51.358438400714995
finished_reconf: true
global_termination_time: 495556.472
local_termination_time: 13337.592920000001
node_cons: 10128.850466728596
tot_aggregated_send: 6264
tot_msg_rcv: 492
tot_msg_sent: 1050
tot_reconf_duration: 4.390000000000001
tot_sleeping_duration: 487996.4355199936
tot_uptimes: 127
tot_uptimes_duration: 7560.036480006413
