comms_cons: 175.64490239950752
finished_reconf: true
global_termination_time: 1826542.04
local_termination_time: 7399.929
node_cons: 37522.54165999984
tot_aggregated_send: 26386
tot_msg_rcv: 97
tot_msg_sent: 214
tot_reconf_duration: 2.77
tot_sleeping_duration: 1798522.04
tot_uptimes: 468
tot_uptimes_duration: 28020.0
