comms_cons: 178.30352639429526
finished_reconf: true
global_termination_time: 1825917.252
local_termination_time: 7006.924
node_cons: 37526.759601116675
tot_aggregated_send: 26036
tot_msg_rcv: 305
tot_msg_sent: 760
tot_reconf_duration: 5.87
tot_sleeping_duration: 1797897.2459200025
tot_uptimes: 468
tot_uptimes_duration: 28020.006079997635
