comms_cons: 180.03385599359117
finished_reconf: true
global_termination_time: 1824973.605
local_termination_time: 6286.924999999999
node_cons: 37528.68796111667
tot_aggregated_send: 26324
tot_msg_rcv: 409
tot_msg_sent: 631
tot_reconf_duration: 7.29
tot_sleeping_duration: 1796953.5989200023
tot_uptimes: 468
tot_uptimes_duration: 28020.006079997635
