comms_cons: 2.1908735999963986
finished_reconf: true
global_termination_time: 13892.326
local_termination_time: 1556.2691200000022
node_cons: 249.46890240000621
tot_aggregated_send: 0
tot_msg_rcv: 162
tot_msg_sent: 171
tot_reconf_duration: 6.22
tot_sleeping_duration: 13712.324399999994
tot_uptimes: 4
tot_uptimes_duration: 180.0016000000046
