comms_cons: 50.20257280194346
finished_reconf: true
global_termination_time: 199371.42412000045
local_termination_time: 199371.38300000044
node_cons: 4193.497495129524
tot_aggregated_send: 0
tot_msg_rcv: 4590
tot_msg_sent: 3043
tot_reconf_duration: 37.410000000000004
tot_sleeping_duration: 196277.55203999334
tot_uptimes: 52
tot_uptimes_duration: 3093.8720800071023
