comms_cons: 59.40703360491634
finished_reconf: true
global_termination_time: 433929.110600001
local_termination_time: 433929.110600001
node_cons: 9057.548573795717
tot_aggregated_send: 2610
tot_msg_rcv: 2469
tot_msg_sent: 3952
tot_reconf_duration: 37.410000000000004
tot_sleeping_duration: 427202.6387599744
tot_uptimes: 112
tot_uptimes_duration: 6726.471840026665
