comms_cons: 42.567424000129016
finished_reconf: true
global_termination_time: 434288.255
local_termination_time: 134134.62736000004
node_cons: 8921.881899999995
tot_aggregated_send: 6380
tot_msg_rcv: 33
tot_msg_sent: 57
tot_reconf_duration: 3.05
tot_sleeping_duration: 427628.255
tot_uptimes: 112
tot_uptimes_duration: 6660.0
