comms_cons: 79.24113919638835
finished_reconf: true
global_termination_time: 760326.865
local_termination_time: 46320.520000000004
node_cons: 15592.532685602615
tot_aggregated_send: 9741
tot_msg_rcv: 783
tot_msg_sent: 1521
tot_reconf_duration: 4.8100000000000005
tot_sleeping_duration: 748686.8345999981
tot_uptimes: 195
tot_uptimes_duration: 11640.030400001939
