comms_cons: 76.37855999810492
finished_reconf: true
global_termination_time: 764577.421
local_termination_time: 128264.63635999997
node_cons: 15676.927701121464
tot_aggregated_send: 10672
tot_msg_rcv: 303
tot_msg_sent: 634
tot_reconf_duration: 7.819999999999999
tot_sleeping_duration: 752877.4149199988
tot_uptimes: 196
tot_uptimes_duration: 11700.006080001069
