comms_cons: 54.094182400271954
finished_reconf: true
global_termination_time: 548398.663
local_termination_time: 513582.5926000001
node_cons: 11262.95898000001
tot_aggregated_send: 7946
tot_msg_rcv: 110
tot_msg_sent: 165
tot_reconf_duration: 11.31
tot_sleeping_duration: 539998.663
tot_uptimes: 141
tot_uptimes_duration: 8400.0
