comms_cons: 20.652108799844648
finished_reconf: true
global_termination_time: 193063.25392000025
local_termination_time: 193063.21280000024
node_cons: 4001.276450479546
tot_aggregated_send: 2146
tot_msg_rcv: 274
tot_msg_sent: 717
tot_reconf_duration: 24.59
tot_sleeping_duration: 190099.9356000006
tot_uptimes: 50
tot_uptimes_duration: 2963.3183199996492
