comms_cons: 20.862643200048765
finished_reconf: true
global_termination_time: 194407.5
local_termination_time: 67347.09035999996
node_cons: 3943.2164033597332
tot_aggregated_send: 2320
tot_msg_rcv: 330
tot_msg_sent: 521
tot_reconf_duration: 4.8100000000000005
tot_sleeping_duration: 191467.4817600002
tot_uptimes: 50
tot_uptimes_duration: 2940.018239999801
