comms_cons: 287.94331519928676
finished_reconf: true
global_termination_time: 2884380.667
local_termination_time: 1719310.71736
node_cons: 59311.75986111616
tot_aggregated_send: 39846
tot_msg_rcv: 1317
tot_msg_sent: 2602
tot_reconf_duration: 15.34
tot_sleeping_duration: 2840100.660920002
tot_uptimes: 739
tot_uptimes_duration: 44280.00607999787
