comms_cons: 285.1449343818506
finished_reconf: true
global_termination_time: 2887814.924
local_termination_time: 2096231.153879998
node_cons: 59378.82405999898
tot_aggregated_send: 38918
tot_msg_rcv: 1453
tot_msg_sent: 2968
tot_reconf_duration: 5.57
tot_sleeping_duration: 2843474.924
tot_uptimes: 740
tot_uptimes_duration: 44340.0
