comms_cons: 283.2483455964125
finished_reconf: true
global_termination_time: 2884155.898
local_termination_time: 1636636.01936
node_cons: 59295.1270633495
tot_aggregated_send: 40368
tot_msg_rcv: 763
tot_msg_sent: 1922
tot_reconf_duration: 3.08
tot_sleeping_duration: 2839875.879760007
tot_uptimes: 739
tot_uptimes_duration: 44280.0182399929
