comms_cons: 250.74051840020047
finished_reconf: true
global_termination_time: 2531964.442359998
local_termination_time: 2531964.442359998
node_cons: 52199.823067514626
tot_aggregated_send: 36340
tot_msg_rcv: 494
tot_msg_sent: 1277
tot_reconf_duration: 37.410000000000004
tot_sleeping_duration: 2493018.198680001
tot_uptimes: 649
tot_uptimes_duration: 38946.2436799968
