comms_cons: 251.5346751801224
finished_reconf: true
global_termination_time: 2532386.017
local_termination_time: 1153657.9383599998
node_cons: 52064.49446447089
tot_aggregated_send: 34452
tot_msg_rcv: 1384
tot_msg_sent: 2396
tot_reconf_duration: 3.05
tot_sleeping_duration: 2493505.992680006
tot_uptimes: 649
tot_uptimes_duration: 38880.02431999397
