comms_cons: 383.8472768559144
finished_reconf: true
global_termination_time: 3817435.678
local_termination_time: 1235782.878
node_cons: 78514.91202877746
tot_aggregated_send: 52825
tot_msg_rcv: 1942
tot_msg_sent: 3575
tot_reconf_duration: 15.34
tot_sleeping_duration: 3758814.2588000153
tot_uptimes: 978
tot_uptimes_duration: 58621.41919998452
