comms_cons: 380.37707524938793
finished_reconf: true
global_termination_time: 3813846.854
local_termination_time: 1088777.9393599997
node_cons: 78419.27092781737
tot_aggregated_send: 52780
tot_msg_rcv: 1676
tot_msg_sent: 3360
tot_reconf_duration: 5.43
tot_sleeping_duration: 3755286.811440015
tot_uptimes: 977
tot_uptimes_duration: 58560.042559984606
