comms_cons: 92.9377791983696
finished_reconf: true
global_termination_time: 939988.487
local_termination_time: 374129.14836000005
node_cons: 19296.478241116878
tot_aggregated_send: 13108
tot_msg_rcv: 346
tot_msg_sent: 672
tot_reconf_duration: 10.95
tot_sleeping_duration: 925588.4809200023
tot_uptimes: 241
tot_uptimes_duration: 14400.006079997635
