comms_cons: 79.20040959817764
finished_reconf: true
global_termination_time: 768383.576
local_termination_time: 237774.85036000004
node_cons: 15755.208945597979
tot_aggregated_send: 10266
tot_msg_rcv: 666
tot_msg_sent: 1106
tot_reconf_duration: 6.279999999999999
tot_sleeping_duration: 756623.5456000015
tot_uptimes: 197
tot_uptimes_duration: 11760.030399998475
