comms_cons: 78.21205119853062
finished_reconf: true
global_termination_time: 765774.754
local_termination_time: 516709.93636000005
node_cons: 15754.204060000033
tot_aggregated_send: 10556
tot_msg_rcv: 542
tot_msg_sent: 789
tot_reconf_duration: 5.57
tot_sleeping_duration: 754014.754
tot_uptimes: 197
tot_uptimes_duration: 11760.0
