comms_cons: 77.44404479779332
finished_reconf: true
global_termination_time: 768646.789
local_termination_time: 602275.4330799987
node_cons: 15782.419953585659
tot_aggregated_send: 10266
tot_msg_rcv: 478
tot_msg_sent: 1026
tot_reconf_duration: 25.299999999999997
tot_sleeping_duration: 756885.7266000108
tot_uptimes: 197
tot_uptimes_duration: 11761.062399989227
