comms_cons: 76.23942399866586
finished_reconf: true
global_termination_time: 768054.093
local_termination_time: 186511.35536000005
node_cons: 15777.414982238277
tot_aggregated_send: 10730
tot_msg_rcv: 233
tot_msg_sent: 626
tot_reconf_duration: 22.65
tot_sleeping_duration: 756294.0808400013
tot_uptimes: 197
tot_uptimes_duration: 11760.012159998703
