comms_cons: 472.3931393204292
finished_reconf: true
global_termination_time: 4652734.123
local_termination_time: 304705.67036000005
node_cons: 95693.59035675655
tot_aggregated_send: 63626
tot_msg_rcv: 2711
tot_msg_sent: 5464
tot_reconf_duration: 6.279999999999999
tot_sleeping_duration: 4581274.03180003
tot_uptimes: 1192
tot_uptimes_duration: 71460.09119996958
