comms_cons: 467.53409931389814
finished_reconf: true
global_termination_time: 4650953.704
local_termination_time: 364257.642
node_cons: 95720.82996580683
tot_aggregated_send: 64359
tot_msg_rcv: 2223
tot_msg_sent: 4481
tot_reconf_duration: 25.299999999999997
tot_sleeping_duration: 4579492.559440022
tot_uptimes: 1192
tot_uptimes_duration: 71461.14455997723
