comms_cons: 470.10048012278315
finished_reconf: true
global_termination_time: 4648770.094
local_termination_time: 482917.83736000006
node_cons: 95702.9062711672
tot_aggregated_send: 64148
tot_msg_rcv: 2498
tot_msg_sent: 4806
tot_reconf_duration: 13.17
tot_sleeping_duration: 4577310.033200022
tot_uptimes: 1191
tot_uptimes_duration: 71460.06079997751
