comms_cons: 470.3981312936409
finished_reconf: true
global_termination_time: 4654032.313
local_termination_time: 907181.0453599999
node_cons: 95696.01577228462
tot_aggregated_send: 65018
tot_msg_rcv: 2414
tot_msg_sent: 4065
tot_reconf_duration: 8.09
tot_sleeping_duration: 4582572.2461200245
tot_uptimes: 1192
tot_uptimes_duration: 71460.06687997561
