comms_cons: 466.5631296753781
finished_reconf: true
global_termination_time: 4652422.713
local_termination_time: 2357768.32856
node_cons: 95710.35902334901
tot_aggregated_send: 65250
tot_msg_rcv: 1846
tot_msg_sent: 3818
tot_reconf_duration: 18.700000000000003
tot_sleeping_duration: 4580962.694760007
tot_uptimes: 1192
tot_uptimes_duration: 71460.0182399936
