comms_cons: 471.9233408915626
finished_reconf: true
global_termination_time: 4648926.717
local_termination_time: 1236478.16336
node_cons: 95615.29283005078
tot_aggregated_send: 64090
tot_msg_rcv: 2704
tot_msg_sent: 4935
tot_reconf_duration: 7.819999999999999
tot_sleeping_duration: 4577526.66228002
tot_uptimes: 1191
tot_uptimes_duration: 71400.05471998011
