comms_cons: 470.4581312993743
finished_reconf: true
global_termination_time: 4650079.897
local_termination_time: 1115845.97048
node_cons: 95613.12817116779
tot_aggregated_send: 64322
tot_msg_rcv: 2478
tot_msg_sent: 4707
tot_reconf_duration: 6.22
tot_sleeping_duration: 4578679.836200021
tot_uptimes: 1191
tot_uptimes_duration: 71400.06079997797
