comms_cons: 620.5178107990477
finished_reconf: true
global_termination_time: 1284048.1384799997
local_termination_time: 1284048.0973599998
node_cons: 77950.48267127475
tot_aggregated_send: 0
tot_msg_rcv: 38114
tot_msg_sent: 56199
tot_reconf_duration: 37.410000000000004
tot_sleeping_duration: 1225870.6329600024
tot_uptimes: 951
tot_uptimes_duration: 58177.50551999738
