comms_cons: 130.6121599904774
finished_reconf: true
global_termination_time: 1287193.524
local_termination_time: 380770.71136
node_cons: 26449.78556558878
tot_aggregated_send: 17168
tot_msg_rcv: 943
tot_msg_sent: 1742
tot_reconf_duration: 13.17
tot_sleeping_duration: 1267453.4936000085
tot_uptimes: 330
tot_uptimes_duration: 19740.030399991607
