comms_cons: 127.3598079962571
finished_reconf: true
global_termination_time: 1287607.766
local_termination_time: 630593.0093599998
node_cons: 26457.30344670557
tot_aggregated_send: 17400
tot_msg_rcv: 627
tot_msg_sent: 1332
tot_reconf_duration: 18.700000000000003
tot_sleeping_duration: 1267867.7295200108
tot_uptimes: 330
tot_uptimes_duration: 19740.03647998924
