comms_cons: 492.59786245777957
finished_reconf: true
global_termination_time: 4992856.411
local_termination_time: 2702962.9420399982
node_cons: 102695.40056669936
tot_aggregated_send: 70586
tot_msg_rcv: 1505
tot_msg_sent: 2781
tot_reconf_duration: 15.34
tot_sleeping_duration: 4916176.374520013
tot_uptimes: 1279
tot_uptimes_duration: 76680.03647998697
