comms_cons: 491.3149184337021
finished_reconf: true
global_termination_time: 4992601.149
local_termination_time: 2813224.8292
node_cons: 102762.44848334823
tot_aggregated_send: 70644
tot_msg_rcv: 1417
tot_msg_sent: 2616
tot_reconf_duration: 5.57
tot_sleeping_duration: 4915861.130760007
tot_uptimes: 1279
tot_uptimes_duration: 76740.01823999314
