comms_cons: 500.5064896835499
finished_reconf: true
global_termination_time: 4997472.873
local_termination_time: 1054814.5374399985
node_cons: 102763.38003005003
tot_aggregated_send: 68556
tot_msg_rcv: 2412
tot_msg_sent: 5105
tot_reconf_duration: 6.22
tot_sleeping_duration: 4920732.81828002
tot_uptimes: 1280
tot_uptimes_duration: 76740.05471997987
