comms_cons: 188.93813758186934
finished_reconf: true
global_termination_time: 1866117.105
local_termination_time: 589094.1503599999
node_cons: 38330.75708670085
tot_aggregated_send: 25694
tot_msg_rcv: 1049
tot_msg_sent: 1975
tot_reconf_duration: 6.279999999999999
tot_sleeping_duration: 1837497.0685200142
tot_uptimes: 478
tot_uptimes_duration: 28620.036479985807
