comms_cons: 36.811251200778095
finished_reconf: true
global_termination_time: 360623.816
local_termination_time: 17915.738999999998
node_cons: 7404.746904962873
tot_aggregated_send: 4869
tot_msg_rcv: 264
tot_msg_sent: 462
tot_reconf_duration: 8.09
tot_sleeping_duration: 355101.96335999784
tot_uptimes: 93
tot_uptimes_duration: 5521.852640002142
