comms_cons: 0.6973951999996275
finished_reconf: true
global_termination_time: 4590.128
local_termination_time: 527.99536
node_cons: 100.85938000000002
tot_aggregated_send: 0
tot_msg_rcv: 62
tot_msg_sent: 44
tot_reconf_duration: 15.110000000000001
tot_sleeping_duration: 4530.128
tot_uptimes: 2
tot_uptimes_duration: 59.99999999999994
