comms_cons: 119.90591999915367
finished_reconf: true
global_termination_time: 1221573.686
local_termination_time: 292118.11728000036
node_cons: 25081.438980000035
tot_aggregated_send: 17516
tot_msg_rcv: 239
tot_msg_sent: 470
tot_reconf_duration: 11.31
tot_sleeping_duration: 1202853.686
tot_uptimes: 313
tot_uptimes_duration: 18720.0
