comms_cons: 1365.1662406920389
finished_reconf: true
global_termination_time: 3501683.09
local_termination_time: 575850.0014799999
node_cons: 212916.0783106823
tot_aggregated_send: 0
tot_msg_rcv: 83753
tot_msg_sent: 123741
tot_reconf_duration: 18.21
tot_sleeping_duration: 3342690.2975200224
tot_uptimes: 2610
tot_uptimes_duration: 158992.79247997745
