comms_cons: 353.8885632335025
finished_reconf: true
global_termination_time: 3504125.302
local_termination_time: 1049575.79436
node_cons: 72073.58965116735
tot_aggregated_send: 46980
tot_msg_rcv: 2271
tot_msg_sent: 4539
tot_reconf_duration: 6.279999999999999
tot_sleeping_duration: 3450305.2412000233
tot_uptimes: 898
tot_uptimes_duration: 53820.06079997681
