comms_cons: 343.8569984108738
finished_reconf: true
global_termination_time: 3503221.284
local_termination_time: 886158.5329199994
node_cons: 72099.33739999842
tot_aggregated_send: 50054
tot_msg_rcv: 780
tot_msg_sent: 1429
tot_reconf_duration: 25.299999999999997
tot_sleeping_duration: 3449401.284
tot_uptimes: 898
tot_uptimes_duration: 53820.0
