comms_cons: 346.635673612827
finished_reconf: true
global_termination_time: 3502888.363
local_termination_time: 515892.38636000006
node_cons: 72069.17078111866
tot_aggregated_send: 50344
tot_msg_rcv: 833
tot_msg_sent: 1509
tot_reconf_duration: 3.08
tot_sleeping_duration: 3449068.3569199997
tot_uptimes: 898
tot_uptimes_duration: 53820.00608000022
