comms_cons: 348.47474562061694
finished_reconf: true
global_termination_time: 3501014.51
local_termination_time: 721157.97936
node_cons: 71993.20887675682
tot_aggregated_send: 46400
tot_msg_rcv: 2309
tot_msg_sent: 4256
tot_reconf_duration: 6.22
tot_sleeping_duration: 3447254.418800031
tot_uptimes: 897
tot_uptimes_duration: 53760.09119996888
