comms_cons: 200.96387197684177
finished_reconf: true
global_termination_time: 1962041.741
local_termination_time: 881158.4534399996
node_cons: 40339.24894558393
tot_aggregated_send: 26506
tot_msg_rcv: 1425
tot_msg_sent: 2614
tot_reconf_duration: 6.279999999999999
tot_sleeping_duration: 1931921.7106000117
tot_uptimes: 503
tot_uptimes_duration: 30120.030399988173
