comms_cons: 126.08378879822948
finished_reconf: true
global_termination_time: 1281448.767
local_termination_time: 1135916.603879999
node_cons: 26355.661899999788
tot_aggregated_send: 18502
tot_msg_rcv: 228
tot_msg_sent: 434
tot_reconf_duration: 3.05
tot_sleeping_duration: 1261768.767
tot_uptimes: 329
tot_uptimes_duration: 19680.0
