comms_cons: 77.2009599977938
finished_reconf: true
global_termination_time: 772090.962
local_termination_time: 282466.62432000064
node_cons: 15837.615842238296
tot_aggregated_send: 10556
tot_msg_rcv: 312
tot_msg_sent: 867
tot_reconf_duration: 7.819999999999999
tot_sleeping_duration: 760270.9498400013
tot_uptimes: 198
tot_uptimes_duration: 11820.012159998703
