comms_cons: 38.04814080097224
finished_reconf: true
global_termination_time: 372219.655
local_termination_time: 5735.99
node_cons: 7644.890684002877
tot_aggregated_send: 4812
tot_msg_rcv: 291
tot_msg_sent: 681
tot_reconf_duration: 5.43
tot_sleeping_duration: 366515.75899999787
tot_uptimes: 96
tot_uptimes_duration: 5703.8960000021425
