comms_cons: 37.85139200038653
finished_reconf: true
global_termination_time: 372149.124
local_termination_time: 62730.755840000114
node_cons: 7663.083123364293
tot_aggregated_send: 4988
tot_msg_rcv: 259
tot_msg_sent: 508
tot_reconf_duration: 22.65
tot_sleeping_duration: 366449.1057599968
tot_uptimes: 96
tot_uptimes_duration: 5700.018240003206
