comms_cons: 302.17797120151135
finished_reconf: true
global_termination_time: 2975760.5079599973
local_termination_time: 74831.60903999953
node_cons: 61292.312426289114
tot_aggregated_send: 41064
tot_msg_rcv: 1725
tot_msg_sent: 3140
tot_reconf_duration: 25.299999999999997
tot_sleeping_duration: 2930011.47508002
tot_uptimes: 763
tot_uptimes_duration: 45749.03287997783
