comms_cons: 302.1033600173287
finished_reconf: true
global_termination_time: 2978779.079
local_termination_time: 334662.95980000024
node_cons: 61237.05441228689
tot_aggregated_send: 40890
tot_msg_rcv: 1720
tot_msg_sent: 3307
tot_reconf_duration: 13.17
tot_sleeping_duration: 2933059.0121200234
tot_uptimes: 763
tot_uptimes_duration: 45720.06687997616
