comms_cons: 301.12688641347853
finished_reconf: true
global_termination_time: 2977409.059
local_termination_time: 1171764.74948
node_cons: 61231.50836781742
tot_aggregated_send: 41180
tot_msg_rcv: 1572
tot_msg_sent: 3017
tot_reconf_duration: 9.11
tot_sleeping_duration: 2931689.016440016
tot_uptimes: 763
tot_uptimes_duration: 45720.04255998391
