comms_cons: 301.8372224336838
finished_reconf: true
global_termination_time: 2978590.813
local_termination_time: 1570829.9753599998
node_cons: 61231.89678334921
tot_aggregated_send: 41180
tot_msg_rcv: 1683
tot_msg_sent: 3013
tot_reconf_duration: 9.42
tot_sleeping_duration: 2932870.7947600074
tot_uptimes: 763
tot_uptimes_duration: 45720.0182399929
