comms_cons: 298.5776576092016
finished_reconf: true
global_termination_time: 2975893.251
local_termination_time: 652575.2679999999
node_cons: 61226.51906893434
tot_aggregated_send: 41642
tot_msg_rcv: 1180
tot_msg_sent: 2560
tot_reconf_duration: 5.43
tot_sleeping_duration: 2930173.2023600186
tot_uptimes: 763
tot_uptimes_duration: 45720.048639981775
