comms_cons: 96.86556159920461
finished_reconf: true
global_termination_time: 974308.994
local_termination_time: 325975.4959600001
node_cons: 20020.820199999984
tot_aggregated_send: 13920
tot_msg_rcv: 292
tot_msg_sent: 511
tot_reconf_duration: 11.899999999999999
tot_sleeping_duration: 959368.994
tot_uptimes: 250
tot_uptimes_duration: 14940.0
