comms_cons: 96.01684479838374
finished_reconf: true
global_termination_time: 972611.087
local_termination_time: 414444.3728000003
node_cons: 20015.27956000004
tot_aggregated_send: 14094
tot_msg_rcv: 159
tot_msg_sent: 341
tot_reconf_duration: 7.819999999999999
tot_sleeping_duration: 957671.087
tot_uptimes: 250
tot_uptimes_duration: 14940.0
