comms_cons: 688.2245825319574
finished_reconf: true
global_termination_time: 6949596.873
local_termination_time: 1855360.7217199989
node_cons: 142945.76499004939
tot_aggregated_send: 96744
tot_msg_rcv: 2538
tot_msg_sent: 5323
tot_reconf_duration: 15.34
tot_sleeping_duration: 6842856.81828002
tot_uptimes: 1780
tot_uptimes_duration: 106740.05471998057
