comms_cons: 686.8212096850577
finished_reconf: true
global_termination_time: 6952089.275
local_termination_time: 3039569.0204399996
node_cons: 143012.17464669797
tot_aggregated_send: 97266
tot_msg_rcv: 2503
tot_msg_sent: 4623
tot_reconf_duration: 5.1
tot_sleeping_duration: 6845289.238520013
tot_uptimes: 1781
tot_uptimes_duration: 106800.03647998699
