comms_cons: 687.9802241119128
finished_reconf: true
global_termination_time: 6953189.434
local_termination_time: 3605698.5603599995
node_cons: 143039.61438781468
tot_aggregated_send: 96280
tot_msg_rcv: 2733
tot_msg_sent: 5556
tot_reconf_duration: 25.299999999999997
tot_sleeping_duration: 6846389.391440015
tot_uptimes: 1781
tot_uptimes_duration: 106800.04255998484
