comms_cons: 696.4482689743666
finished_reconf: true
global_termination_time: 6948069.35
local_termination_time: 904190.6965199992
node_cons: 142955.69197004836
tot_aggregated_send: 96860
tot_msg_rcv: 2962
tot_msg_sent: 6033
tot_reconf_duration: 22.65
tot_sleeping_duration: 6841329.29528002
tot_uptimes: 1780
tot_uptimes_duration: 106740.05471997987
