comms_cons: 679.9471616926564
finished_reconf: true
global_termination_time: 6953107.131
local_termination_time: 4021548.683759998
node_cons: 143025.16086910127
tot_aggregated_send: 96802
tot_msg_rcv: 2022
tot_msg_sent: 4524
tot_reconf_duration: 12.629999999999999
tot_sleeping_duration: 6846305.03292001
tot_uptimes: 1781
tot_uptimes_duration: 106802.09807998966
