comms_cons: 681.5156544955553
finished_reconf: true
global_termination_time: 6954052.61
local_termination_time: 4034947.91348
node_cons: 143030.61902334695
tot_aggregated_send: 96222
tot_msg_rcv: 2456
tot_msg_sent: 4907
tot_reconf_duration: 18.700000000000003
tot_sleeping_duration: 6847252.591760007
tot_uptimes: 1781
tot_uptimes_duration: 106800.0182399936
