comms_cons: 697.4072513863777
finished_reconf: true
global_termination_time: 6950555.201
local_termination_time: 1251067.9113599998
node_cons: 142930.8948900485
tot_aggregated_send: 96570
tot_msg_rcv: 3149
tot_msg_sent: 6283
tot_reconf_duration: 4.390000000000001
tot_sleeping_duration: 6843815.1462800205
tot_uptimes: 1780
tot_uptimes_duration: 106740.05471998011
