comms_cons: 83.09529599386569
finished_reconf: true
global_termination_time: 816940.577
local_termination_time: 602268.075239999
node_cons: 16825.449964472016
tot_aggregated_send: 11020
tot_msg_rcv: 526
tot_msg_sent: 1084
tot_reconf_duration: 25.299999999999997
tot_sleeping_duration: 804400.5526800061
tot_uptimes: 210
tot_uptimes_duration: 12540.024319993972
