comms_cons: 127.93317119483991
finished_reconf: true
global_termination_time: 1276339.867
local_termination_time: 15257.81544
node_cons: 26221.623123359735
tot_aggregated_send: 17748
tot_msg_rcv: 553
tot_msg_sent: 1145
tot_reconf_duration: 22.65
tot_sleeping_duration: 1256779.8487600004
tot_uptimes: 327
tot_uptimes_duration: 19560.018239999772
