comms_cons: 124.32714239658233
finished_reconf: true
global_termination_time: 1272247.752
local_termination_time: 521598.28788000037
node_cons: 26116.472760474087
tot_aggregated_send: 18096
tot_msg_rcv: 270
tot_msg_sent: 531
tot_reconf_duration: 4.390000000000001
tot_sleeping_duration: 1252747.7436800045
tot_uptimes: 326
tot_uptimes_duration: 19500.0083199956
