comms_cons: 205.09712638101544
finished_reconf: true
global_termination_time: 2053411.37
local_termination_time: 522075.1133600001
node_cons: 42185.09710893431
tot_aggregated_send: 27608
tot_msg_rcv: 1159
tot_msg_sent: 2406
tot_reconf_duration: 4.8100000000000005
tot_sleeping_duration: 2021911.321360019
tot_uptimes: 526
tot_uptimes_duration: 31500.048639981076
