comms_cons: 13.087910399982324
finished_reconf: true
global_termination_time: 96488.636
local_termination_time: 47769.05048000001
node_cons: 1949.0324256003112
tot_aggregated_send: 406
tot_msg_rcv: 705
tot_msg_sent: 879
tot_reconf_duration: 15.34
tot_sleeping_duration: 95048.60559999976
tot_uptimes: 25
tot_uptimes_duration: 1440.030400000236
