comms_cons: 13.870835200035955
finished_reconf: true
global_termination_time: 98244.275
local_termination_time: 21910.26492
node_cons: 2025.6841044811608
tot_aggregated_send: 464
tot_msg_rcv: 773
tot_msg_sent: 873
tot_reconf_duration: 12.629999999999999
tot_sleeping_duration: 96744.25067999912
tot_uptimes: 26
tot_uptimes_duration: 1500.02432000087
