comms_cons: 10.463436799779743
finished_reconf: true
global_termination_time: 99305.333
local_termination_time: 45467.12748000002
node_cons: 2019.548681120014
tot_aggregated_send: 696
tot_msg_rcv: 373
tot_msg_sent: 522
tot_reconf_duration: 8.129999999999999
tot_sleeping_duration: 97805.32691999999
tot_uptimes: 26
tot_uptimes_duration: 1500.0060800000062
