comms_cons: 13.354035200249609
finished_reconf: true
global_termination_time: 98463.094
local_termination_time: 51854.1762400001
node_cons: 2012.6663233608767
tot_aggregated_send: 290
tot_msg_rcv: 856
tot_msg_sent: 883
tot_reconf_duration: 3.05
tot_sleeping_duration: 96963.07575999934
tot_uptimes: 26
tot_uptimes_duration: 1500.0182400006524
