comms_cons: 11.750451200046623
finished_reconf: true
global_termination_time: 92141.361
local_termination_time: 187.48448000000002
node_cons: 1872.5898856008905
tot_aggregated_send: 696
tot_msg_rcv: 460
tot_msg_sent: 629
tot_reconf_duration: 18.21
tot_sleeping_duration: 90761.33059999935
tot_uptimes: 24
tot_uptimes_duration: 1380.0304000006654
