comms_cons: 146.34239999438523
finished_reconf: true
global_termination_time: 1465561.335
local_termination_time: 731690.89
node_cons: 30139.01960431089
tot_aggregated_send: 20648
tot_msg_rcv: 494
tot_msg_sent: 1102
tot_reconf_duration: 6.22
tot_sleeping_duration: 1443059.040120007
tot_uptimes: 376
tot_uptimes_duration: 22502.294879993075
