comms_cons: 64.89127680009493
finished_reconf: true
global_termination_time: 650476.012
local_termination_time: 441875.6276800002
node_cons: 13343.373941121417
tot_aggregated_send: 8932
tot_msg_rcv: 300
tot_msg_sent: 632
tot_reconf_duration: 5.1
tot_sleeping_duration: 640516.005919999
tot_uptimes: 167
tot_uptimes_duration: 9960.006080001069
