comms_cons: 64.80574720030505
finished_reconf: true
global_termination_time: 650767.958
local_termination_time: 491252.91836000007
node_cons: 13370.813682242864
tot_aggregated_send: 8758
tot_msg_rcv: 353
tot_msg_sent: 740
tot_reconf_duration: 25.299999999999997
tot_sleeping_duration: 640807.9458399978
tot_uptimes: 167
tot_uptimes_duration: 9960.012160002138
