comms_cons: 64.78157439844622
finished_reconf: true
global_termination_time: 650456.804
local_termination_time: 208222.87699999998
node_cons: 13347.647657681657
tot_aggregated_send: 8582
tot_msg_rcv: 361
tot_msg_sent: 904
tot_reconf_duration: 5.43
tot_sleeping_duration: 640493.9408799987
tot_uptimes: 167
tot_uptimes_duration: 9962.863120001231
