comms_cons: 660.9645063506146
finished_reconf: true
global_termination_time: 3361016.089
local_termination_time: 2863.9413600000003
node_cons: 69099.38278782186
tot_aggregated_send: 0
tot_msg_rcv: 50573
tot_msg_sent: 49889
tot_reconf_duration: 5.1
tot_sleeping_duration: 3309416.0464400128
tot_uptimes: 861
tot_uptimes_duration: 51600.042559987574
