comms_cons: 333.0522624077411
finished_reconf: true
global_termination_time: 3359501.747
local_termination_time: 2343983.0813599997
node_cons: 69108.56019999835
tot_aggregated_send: 48024
tot_msg_rcv: 753
tot_msg_sent: 1845
tot_reconf_duration: 11.899999999999999
tot_sleeping_duration: 3307901.747
tot_uptimes: 861
tot_uptimes_duration: 51600.0
