comms_cons: 338.7577600324808
finished_reconf: true
global_termination_time: 3360140.784
local_termination_time: 1056553.8205999988
node_cons: 69107.83225005592
tot_aggregated_send: 46806
tot_msg_rcv: 1608
tot_msg_sent: 3075
tot_reconf_duration: 11.31
tot_sleeping_duration: 3308540.729280017
tot_uptimes: 861
tot_uptimes_duration: 51600.054719983076
