comms_cons: 910.7880257550439
finished_reconf: true
global_termination_time: 9355624.564
local_termination_time: 3066492.344159998
node_cons: 192425.33506669576
tot_aggregated_send: 128006
tot_msg_rcv: 3572
tot_msg_sent: 6856
tot_reconf_duration: 8.09
tot_sleeping_duration: 9211924.527520012
tot_uptimes: 2396
tot_uptimes_duration: 143700.0364799872
