comms_cons: 908.9249409570273
finished_reconf: true
global_termination_time: 9359197.766
local_termination_time: 4480461.308359999
node_cons: 192515.17566222663
tot_aggregated_send: 129978
tot_msg_rcv: 2745
tot_msg_sent: 5430
tot_reconf_duration: 15.110000000000001
tot_sleeping_duration: 9215437.753840005
tot_uptimes: 2397
tot_uptimes_duration: 143760.01215999573
