comms_cons: 908.2806593840288
finished_reconf: true
global_termination_time: 9354885.743
local_termination_time: 4810457.18248
node_cons: 192427.13306557873
tot_aggregated_send: 128644
tot_msg_rcv: 3053
tot_msg_sent: 6355
tot_reconf_duration: 9.42
tot_sleeping_duration: 9211185.712600011
tot_uptimes: 2396
tot_uptimes_duration: 143700.03039998934
