comms_cons: 910.2783744816339
finished_reconf: true
global_termination_time: 9355730.546
local_termination_time: 5440674.921479999
node_cons: 192430.46019999238
tot_aggregated_send: 133400
tot_msg_rcv: 1701
tot_msg_sent: 3256
tot_reconf_duration: 11.899999999999999
tot_sleeping_duration: 9212030.546
tot_uptimes: 2396
tot_uptimes_duration: 143700.0
