comms_cons: 933.6173570374898
finished_reconf: true
global_termination_time: 9353820.802
local_termination_time: 548152.0233599999
node_cons: 192420.35931339732
tot_aggregated_send: 130442
tot_msg_rcv: 3851
tot_msg_sent: 7611
tot_reconf_duration: 4.390000000000001
tot_sleeping_duration: 9210120.729040025
tot_uptimes: 2396
tot_uptimes_duration: 143700.07295997324
