comms_cons: 924.0050113806324
finished_reconf: true
global_termination_time: 9357477.274
local_termination_time: 1284871.409759998
node_cons: 192503.16003004674
tot_aggregated_send: 131370
tot_msg_rcv: 2846
tot_msg_sent: 6226
tot_reconf_duration: 6.22
tot_sleeping_duration: 9213717.21928002
tot_uptimes: 2397
tot_uptimes_duration: 143760.05471998034
