comms_cons: 102.76052479406722
finished_reconf: true
global_termination_time: 1009756.57
local_termination_time: 153902.33308000016
node_cons: 20736.21560671482
tot_aggregated_send: 13224
tot_msg_rcv: 871
tot_msg_sent: 1524
tot_reconf_duration: 6.22
tot_sleeping_duration: 994276.5335200038
tot_uptimes: 259
tot_uptimes_duration: 15480.03647999611
