comms_cons: 59.98319359993684
finished_reconf: true
global_termination_time: 596619.137
local_termination_time: 160783.9878400001
node_cons: 12215.838182242862
tot_aggregated_send: 7888
tot_msg_rcv: 414
tot_msg_sent: 816
tot_reconf_duration: 3.05
tot_sleeping_duration: 587499.1248399979
tot_uptimes: 153
tot_uptimes_duration: 9120.012160002138
