comms_cons: 9.998387200121726
finished_reconf: true
global_termination_time: 71588.164
local_termination_time: 43037.50448000001
node_cons: 1464.013001120289
tot_aggregated_send: 464
tot_msg_rcv: 480
tot_msg_sent: 575
tot_reconf_duration: 13.17
tot_sleeping_duration: 70508.15791999978
tot_uptimes: 19
tot_uptimes_duration: 1080.0060800002175
