comms_cons: 8.369996800150684
finished_reconf: true
global_termination_time: 71658.518
local_termination_time: 26052.41412
node_cons: 1457.1225022403
tot_aggregated_send: 348
tot_msg_rcv: 283
tot_msg_sent: 642
tot_reconf_duration: 8.09
tot_sleeping_duration: 70578.50583999977
tot_uptimes: 19
tot_uptimes_duration: 1080.012160000224
