comms_cons: 9.573030400105232
finished_reconf: true
global_termination_time: 71378.1262399999
local_termination_time: 35498.110600000015
node_cons: 1492.4611916004349
tot_aggregated_send: 232
tot_msg_rcv: 495
tot_msg_sent: 727
tot_reconf_duration: 15.110000000000001
tot_sleeping_duration: 70278.84183999957
tot_uptimes: 19
tot_uptimes_duration: 1099.2844000003242
