comms_cons: 8.478848000093516
finished_reconf: true
global_termination_time: 73647.554
local_termination_time: 57957.53684000003
node_cons: 1463.2878222405889
tot_aggregated_send: 464
tot_msg_rcv: 253
tot_msg_sent: 572
tot_reconf_duration: 12.629999999999999
tot_sleeping_duration: 72567.54183999957
tot_uptimes: 19
tot_uptimes_duration: 1080.012160000435
