comms_cons: 73.9968895992031
finished_reconf: true
global_termination_time: 730608.407
local_termination_time: 240986.76436000093
node_cons: 15038.925373041262
tot_aggregated_send: 9976
tot_msg_rcv: 403
tot_msg_sent: 869
tot_reconf_duration: 7.819999999999999
tot_sleeping_duration: 719384.877639999
tot_uptimes: 188
tot_uptimes_duration: 11223.529360000948
