comms_cons: 9.987225599981766
finished_reconf: true
global_termination_time: 83429.6864799999
local_termination_time: 68911.78443999986
node_cons: 1740.6836631998813
tot_aggregated_send: 812
tot_msg_rcv: 314
tot_msg_sent: 391
tot_reconf_duration: 25.299999999999997
tot_sleeping_duration: 82155.35767999999
tot_uptimes: 22
tot_uptimes_duration: 1274.328799999923
