comms_cons: 10.927257599853803
finished_reconf: true
global_termination_time: 87456.997
local_termination_time: 46154.129360000006
node_cons: 1785.4055655991738
tot_aggregated_send: 638
tot_msg_rcv: 398
tot_msg_sent: 624
tot_reconf_duration: 13.17
tot_sleeping_duration: 86136.96660000061
tot_uptimes: 23
tot_uptimes_duration: 1320.0303999993848
