comms_cons: 10.55366400016401
finished_reconf: true
global_termination_time: 87498.706
local_termination_time: 12534.804360000002
node_cons: 1774.0364033603096
tot_aggregated_send: 638
tot_msg_rcv: 438
tot_msg_sent: 529
tot_reconf_duration: 4.8100000000000005
tot_sleeping_duration: 86178.68775999978
tot_uptimes: 23
tot_uptimes_duration: 1320.0182400002304
