comms_cons: 112.3861759986274
finished_reconf: true
global_termination_time: 1151220.40948
local_termination_time: 1151220.36836
node_cons: 23689.129360958097
tot_aggregated_send: 16736
tot_msg_rcv: 47
tot_msg_sent: 299
tot_reconf_duration: 37.41
tot_sleeping_duration: 1133566.6928400013
tot_uptimes: 295
tot_uptimes_duration: 17653.716639998544
