comms_cons: 114.93204479874478
finished_reconf: true
global_termination_time: 1153749.735
local_termination_time: 401808.01240000036
node_cons: 23715.170100000054
tot_aggregated_send: 16182
tot_msg_rcv: 444
tot_msg_sent: 843
tot_reconf_duration: 10.95
tot_sleeping_duration: 1136049.735
tot_uptimes: 296
tot_uptimes_duration: 17700.0
