comms_cons: 111.99176959908424
finished_reconf: true
global_termination_time: 1154600.398
local_termination_time: 228948.94036000004
node_cons: 23704.86288000002
tot_aggregated_send: 16472
tot_msg_rcv: 191
tot_msg_sent: 359
tot_reconf_duration: 3.3600000000000003
tot_sleeping_duration: 1136900.398
tot_uptimes: 296
tot_uptimes_duration: 17700.0
