comms_cons: 113.51751679452741
finished_reconf: true
global_termination_time: 1152783.814
local_termination_time: 547406.3743599998
node_cons: 23707.673939999946
tot_aggregated_send: 16298
tot_msg_rcv: 360
tot_msg_sent: 596
tot_reconf_duration: 5.43
tot_sleeping_duration: 1135083.814
tot_uptimes: 296
tot_uptimes_duration: 17700.0
