comms_cons: 41.87660800007636
finished_reconf: true
global_termination_time: 422144.077
local_termination_time: 318247.00899999996
node_cons: 8685.166759999973
tot_aggregated_send: 5619
tot_msg_rcv: 189
tot_msg_sent: 557
tot_reconf_duration: 6.22
tot_sleeping_duration: 415664.077
tot_uptimes: 109
tot_uptimes_duration: 6480.0
