comms_cons: 517.910790483667
finished_reconf: true
global_termination_time: 5180798.692
local_termination_time: 1980970.4103599999
node_cons: 106555.57732111392
tot_aggregated_send: 73776
tot_msg_rcv: 1828
tot_msg_sent: 3115
tot_reconf_duration: 18.21
tot_sleeping_duration: 5101238.685920002
tot_uptimes: 1327
tot_uptimes_duration: 79560.00607999784
