comms_cons: 515.5339904792411
finished_reconf: true
global_termination_time: 5177436.406
local_termination_time: 3028819.8675599997
node_cons: 106475.92716446568
tot_aggregated_send: 72268
tot_msg_rcv: 2144
tot_msg_sent: 3945
tot_reconf_duration: 18.700000000000003
tot_sleeping_duration: 5097936.381680009
tot_uptimes: 1326
tot_uptimes_duration: 79500.02431999147
