comms_cons: 144.87398398843663
finished_reconf: true
global_termination_time: 1430225.31448
local_termination_time: 1430225.27336
node_cons: 29456.24050654227
tot_aggregated_send: 19938
tot_msg_rcv: 790
tot_msg_sent: 1291
tot_reconf_duration: 24.59
tot_sleeping_duration: 1408251.5674400132
tot_uptimes: 367
tot_uptimes_duration: 21973.747039986716
