comms_cons: 87.62303999380335
finished_reconf: true
global_termination_time: 834851.365
local_termination_time: 61326.13432000004
node_cons: 17130.353706712533
tot_aggregated_send: 10788
tot_msg_rcv: 969
tot_msg_sent: 1562
tot_reconf_duration: 13.17
tot_sleeping_duration: 822071.3285200056
tot_uptimes: 214
tot_uptimes_duration: 12780.036479994407
