comms_cons: 165.62540794326466
finished_reconf: true
global_termination_time: 838737.429
local_termination_time: 178257.03136000002
node_cons: 17203.403983359687
tot_aggregated_send: 0
tot_msg_rcv: 12765
tot_msg_sent: 12410
tot_reconf_duration: 7.819999999999999
tot_sleeping_duration: 825897.4107600002
tot_uptimes: 215
tot_uptimes_duration: 12840.018239999772
