comms_cons: 42.25820160086953
finished_reconf: true
global_termination_time: 413189.036
local_termination_time: 85335.83135999997
node_cons: 8441.686043364307
tot_aggregated_send: 5278
tot_msg_rcv: 376
tot_msg_sent: 769
tot_reconf_duration: 4.390000000000001
tot_sleeping_duration: 406889.0177599968
tot_uptimes: 106
tot_uptimes_duration: 6300.01824000321
