comms_cons: 41.45553920053058
finished_reconf: true
global_termination_time: 411198.457
local_termination_time: 19117.61644
node_cons: 8451.067121121438
tot_aggregated_send: 5684
tot_msg_rcv: 219
tot_msg_sent: 398
tot_reconf_duration: 11.31
tot_sleeping_duration: 404898.4509199989
tot_uptimes: 106
tot_uptimes_duration: 6300.006080001069
