comms_cons: 449.114803263504
finished_reconf: true
global_termination_time: 4468146.119
local_termination_time: 260136.05548000007
node_cons: 91933.77059117562
tot_aggregated_send: 62060
tot_msg_rcv: 2017
tot_msg_sent: 4186
tot_reconf_duration: 18.21
tot_sleeping_duration: 4399506.058200017
tot_uptimes: 1145
tot_uptimes_duration: 68640.06079998368
