comms_cons: 438.91497602702117
finished_reconf: true
global_termination_time: 4467630.9
local_termination_time: 2031208.328239999
node_cons: 91916.54034223188
tot_aggregated_send: 62176
tot_msg_rcv: 1518
tot_msg_sent: 3017
tot_reconf_duration: 5.57
tot_sleeping_duration: 4398990.887840005
tot_uptimes: 1145
tot_uptimes_duration: 68640.01215999573
