comms_cons: 446.08663043285407
finished_reconf: true
global_termination_time: 4466325.418
local_termination_time: 678810.5132799993
node_cons: 91832.82702893284
tot_aggregated_send: 62234
tot_msg_rcv: 1903
tot_msg_sent: 3664
tot_reconf_duration: 3.05
tot_sleeping_duration: 4397745.3693600185
tot_uptimes: 1144
tot_uptimes_duration: 68580.04863998154
