comms_cons: 2.1777151999944238
finished_reconf: true
global_termination_time: 12446.67548
local_termination_time: 12446.63436
node_cons: 310.1812198400069
tot_aggregated_send: 0
tot_msg_rcv: 173
tot_msg_sent: 156
tot_reconf_duration: 37.410000000000004
tot_sleeping_duration: 12252.964919999995
tot_uptimes: 4
tot_uptimes_duration: 193.710560000005
