comms_cons: 2.5658879999915207
finished_reconf: true
global_termination_time: 12722.839
local_termination_time: 10768.216360000002
node_cons: 275.3774000000015
tot_aggregated_send: 0
tot_msg_rcv: 239
tot_msg_sent: 150
tot_reconf_duration: 25.299999999999997
tot_sleeping_duration: 12542.839
tot_uptimes: 4
tot_uptimes_duration: 180.0
