comms_cons: 2.519833599991673
finished_reconf: true
global_termination_time: 14934.823
local_termination_time: 10159.238360000001
node_cons: 253.3913800000008
tot_aggregated_send: 0
tot_msg_rcv: 217
tot_msg_sent: 166
tot_reconf_duration: 9.11
tot_sleeping_duration: 14754.823
tot_uptimes: 4
tot_uptimes_duration: 180.0
