comms_cons: 2.8553727999928933
finished_reconf: true
global_termination_time: 14896.692
local_termination_time: 9560.497360000001
node_cons: 258.1715400000013
tot_aggregated_send: 0
tot_msg_rcv: 264
tot_msg_sent: 167
tot_reconf_duration: 12.629999999999999
tot_sleeping_duration: 14716.692
tot_uptimes: 4
tot_uptimes_duration: 179.99999999999994
