comms_cons: 249.56743679270687
finished_reconf: true
global_termination_time: 2537657.2
local_termination_time: 969258.838999999
node_cons: 52147.58579999918
tot_aggregated_send: 36308
tot_msg_rcv: 509
tot_msg_sent: 1115
tot_reconf_duration: 5.1
tot_sleeping_duration: 2498717.2
tot_uptimes: 650
tot_uptimes_duration: 38940.0
