comms_cons: 257.9262591868782
finished_reconf: true
global_termination_time: 2536511.345
local_termination_time: 658267.9473599999
node_cons: 52161.548707817
tot_aggregated_send: 33756
tot_msg_rcv: 1923
tot_msg_sent: 3526
tot_reconf_duration: 15.34
tot_sleeping_duration: 2497571.302440017
tot_uptimes: 650
tot_uptimes_duration: 38940.04255998344
