comms_cons: 458.6193536159761
finished_reconf: true
global_termination_time: 4633310.023
local_termination_time: 2574293.58648
node_cons: 95290.82848334886
tot_aggregated_send: 64902
tot_msg_rcv: 1587
tot_msg_sent: 3217
tot_reconf_duration: 5.57
tot_sleeping_duration: 4562150.004760006
tot_uptimes: 1187
tot_uptimes_duration: 71160.01823999337
