comms_cons: 453.50837122432597
finished_reconf: true
global_termination_time: 4633183.757
local_termination_time: 3103504.7791999984
node_cons: 95301.12485999725
tot_aggregated_send: 65946
tot_msg_rcv: 1147
tot_msg_sent: 1837
tot_reconf_duration: 13.17
tot_sleeping_duration: 4562023.757
tot_uptimes: 1187
tot_uptimes_duration: 71160.0
