comms_cons: 463.4905088510432
finished_reconf: true
global_termination_time: 4634854.923
local_termination_time: 716193.0075999988
node_cons: 95293.92468893366
tot_aggregated_send: 63800
tot_msg_rcv: 2289
tot_msg_sent: 4358
tot_reconf_duration: 7.819999999999999
tot_sleeping_duration: 4563694.8743600175
tot_uptimes: 1187
tot_uptimes_duration: 71160.04863998224
