comms_cons: 456.4456064509462
finished_reconf: true
global_termination_time: 4633720.554
local_termination_time: 797370.1660399984
node_cons: 95291.74374781686
tot_aggregated_send: 63858
tot_msg_rcv: 1742
tot_msg_sent: 3777
tot_reconf_duration: 6.22
tot_sleeping_duration: 4562560.511440015
tot_uptimes: 1187
tot_uptimes_duration: 71160.0425599846
