comms_cons: 849.700153751611
finished_reconf: true
global_termination_time: 8542642.648319999
local_termination_time: 8542642.607199999
node_cons: 175782.61779094554
tot_aggregated_send: 121832
tot_msg_rcv: 2310
tot_msg_sent: 5005
tot_reconf_duration: 37.410000000000004
tot_sleeping_duration: 8411401.561680006
tot_uptimes: 2188
tot_uptimes_duration: 131241.086639994
