comms_cons: 863.1833218721194
finished_reconf: true
global_termination_time: 8542643.370239997
local_termination_time: 158581.76304000028
node_cons: 175748.82726611878
tot_aggregated_send: 117740
tot_msg_rcv: 4462
tot_msg_sent: 8995
tot_reconf_duration: 18.21
tot_sleeping_duration: 8411408.046800023
tot_uptimes: 2188
tot_uptimes_duration: 131235.3234399738
