comms_cons: 847.8320449940263
finished_reconf: true
global_termination_time: 8544501.145
local_termination_time: 1939693.537879998
node_cons: 175814.0065665988
tot_aggregated_send: 119074
tot_msg_rcv: 3416
tot_msg_sent: 6376
tot_reconf_duration: 15.34
tot_sleeping_duration: 8413214.233240027
tot_uptimes: 2189
tot_uptimes_duration: 131286.91175997374
