comms_cons: 850.9012865977405
finished_reconf: true
global_termination_time: 8543681.522
local_termination_time: 2234982.7543599997
node_cons: 175721.5299889306
tot_aggregated_send: 118610
tot_msg_rcv: 3639
tot_msg_sent: 7083
tot_reconf_duration: 13.17
tot_sleeping_duration: 8412461.473360017
tot_uptimes: 2188
tot_uptimes_duration: 131220.0486399827
