comms_cons: 843.8387393683788
finished_reconf: true
global_termination_time: 8545453.408
local_termination_time: 4531345.77736
node_cons: 175794.97134893047
tot_aggregated_send: 119538
tot_msg_rcv: 2914
tot_msg_sent: 5806
tot_reconf_duration: 8.09
tot_sleeping_duration: 8414173.359360017
tot_uptimes: 2189
tot_uptimes_duration: 131280.0486399827
