comms_cons: 862.6835714771792
finished_reconf: true
global_termination_time: 8547328.001
local_termination_time: 172087.56736000004
node_cons: 175814.78453452405
tot_aggregated_send: 118378
tot_msg_rcv: 4414
tot_msg_sent: 8329
tot_reconf_duration: 22.65
tot_sleeping_duration: 8416047.921960022
tot_uptimes: 2189
tot_uptimes_duration: 131280.07903997775
