comms_cons: 583.7528315072703
finished_reconf: true
global_termination_time: 2004955.379
local_termination_time: 1291489.9350399983
node_cons: 81772.29808455572
tot_aggregated_send: 0
tot_msg_rcv: 29741
tot_msg_sent: 58987
tot_reconf_duration: 18.21
tot_sleeping_duration: 1943904.1699600017
tot_uptimes: 1011
tot_uptimes_duration: 61051.20903999836
