comms_cons: 394.80422366764844
finished_reconf: true
global_termination_time: 2004955.379
local_termination_time: 1293908.318
node_cons: 41249.51148974955
tot_aggregated_send: 0
tot_msg_rcv: 30266
tot_msg_sent: 29741
tot_reconf_duration: 22.65
tot_sleeping_duration: 1974172.1431600074
tot_uptimes: 514
tot_uptimes_duration: 30783.23583999253
