comms_cons: 203.415705580287
finished_reconf: true
global_termination_time: 2006239.933
local_termination_time: 1642203.78136
node_cons: 41248.78554111658
tot_aggregated_send: 27724
tot_msg_rcv: 1182
tot_msg_sent: 2012
tot_reconf_duration: 25.299999999999997
tot_sleeping_duration: 1975459.9269200023
tot_uptimes: 514
tot_uptimes_duration: 30780.006079997635
