comms_cons: 37.35011840058581
finished_reconf: true
global_termination_time: 370473.225
local_termination_time: 20010.137
node_cons: 7560.6672222805855
tot_aggregated_send: 4869
tot_msg_rcv: 227
tot_msg_sent: 581
tot_reconf_duration: 6.22
tot_sleeping_duration: 364833.03047999955
tot_uptimes: 95
tot_uptimes_duration: 5640.194520000434
