comms_cons: 126.12229118467485
finished_reconf: true
global_termination_time: 1255492.701
local_termination_time: 5100.968
node_cons: 25798.86861565868
tot_aggregated_send: 16174
tot_msg_rcv: 1022
tot_msg_sent: 1974
tot_reconf_duration: 7.08
tot_sleeping_duration: 1236232.6158800158
tot_uptimes: 322
tot_uptimes_duration: 19260.085119984054
