comms_cons: 274.0941630129809
finished_reconf: true
global_termination_time: 1530231.054
local_termination_time: 921750.22836
node_cons: 31417.098182238373
tot_aggregated_send: 0
tot_msg_rcv: 21064
tot_msg_sent: 20596
tot_reconf_duration: 3.05
tot_sleeping_duration: 1506771.0418400012
tot_uptimes: 392
tot_uptimes_duration: 23460.012159998703
