comms_cons: 151.19659519519016
finished_reconf: true
global_termination_time: 1533762.437
local_termination_time: 1310571.3163599998
node_cons: 31508.63898000015
tot_aggregated_send: 22214
tot_msg_rcv: 296
tot_msg_sent: 471
tot_reconf_duration: 11.31
tot_sleeping_duration: 1510242.437
tot_uptimes: 393
tot_uptimes_duration: 23520.000000000015
