comms_cons: 94.4773119967419
finished_reconf: true
global_termination_time: 927856.155
local_termination_time: 43966.36316000016
node_cons: 19047.12826223829
tot_aggregated_send: 12644
tot_msg_rcv: 612
tot_msg_sent: 1104
tot_reconf_duration: 4.8100000000000005
tot_sleeping_duration: 913636.1428400013
tot_uptimes: 238
tot_uptimes_duration: 14220.012159998703
