comms_cons: 93.26078719772329
finished_reconf: true
global_termination_time: 926320.1515999999
local_termination_time: 100806.484
node_cons: 19077.00723175056
tot_aggregated_send: 12814
tot_msg_rcv: 424
tot_msg_sent: 937
tot_reconf_duration: 7.819999999999999
tot_sleeping_duration: 912080.8777600069
tot_uptimes: 238
tot_uptimes_duration: 14239.273839992922
