comms_cons: 371.6359552377644
finished_reconf: true
global_termination_time: 3755677.622
local_termination_time: 2586753.1696799994
node_cons: 77231.46917999808
tot_aggregated_send: 54288
tot_msg_rcv: 764
tot_msg_sent: 1434
tot_reconf_duration: 18.21
tot_sleeping_duration: 3698017.622
tot_uptimes: 962
tot_uptimes_duration: 57660.0
