comms_cons: 377.54739206678425
finished_reconf: true
global_termination_time: 3756002.915
local_termination_time: 2407055.653119999
node_cons: 77237.5149822323
tot_aggregated_send: 52316
tot_msg_rcv: 1662
tot_msg_sent: 3407
tot_reconf_duration: 22.65
tot_sleeping_duration: 3698342.9028400043
tot_uptimes: 962
tot_uptimes_duration: 57660.01215999574
