comms_cons: 739.0963339035566
finished_reconf: true
global_termination_time: 3753026.828599998
local_termination_time: 1159.3054800000025
node_cons: 77234.25951287201
tot_aggregated_send: 0
tot_msg_rcv: 56587
tot_msg_sent: 55753
tot_reconf_duration: 5.1
tot_sleeping_duration: 3695351.4486800022
tot_uptimes: 962
tot_uptimes_duration: 57675.37991999544
