comms_cons: 378.0996480299707
finished_reconf: true
global_termination_time: 3753691.982
local_termination_time: 1457667.888239999
node_cons: 77219.19279116785
tot_aggregated_send: 52490
tot_msg_rcv: 1727
tot_msg_sent: 3252
tot_reconf_duration: 9.11
tot_sleeping_duration: 3696031.9212000226
tot_uptimes: 962
tot_uptimes_duration: 57660.06079997728
