comms_cons: 373.82145922240784
finished_reconf: true
global_termination_time: 3754395.475
local_termination_time: 2133918.51736
node_cons: 77222.900199998
tot_aggregated_send: 53534
tot_msg_rcv: 1091
tot_msg_sent: 2193
tot_reconf_duration: 11.899999999999999
tot_sleeping_duration: 3696735.475
tot_uptimes: 962
tot_uptimes_duration: 57660.0
