comms_cons: 378.0083136469142
finished_reconf: true
global_termination_time: 3755434.363
local_termination_time: 1751125.4007999983
node_cons: 77215.2437478178
tot_aggregated_send: 52490
tot_msg_rcv: 1712
tot_msg_sent: 3252
tot_reconf_duration: 6.22
tot_sleeping_duration: 3697774.3204400153
tot_uptimes: 962
tot_uptimes_duration: 57660.04255998484
