comms_cons: 259.60865279635965
finished_reconf: true
global_termination_time: 2677361.013
local_termination_time: 1683655.0993599999
node_cons: 55050.78485999899
tot_aggregated_send: 38802
tot_msg_rcv: 261
tot_msg_sent: 396
tot_reconf_duration: 13.17
tot_sleeping_duration: 2636261.013
tot_uptimes: 686
tot_uptimes_duration: 41100.0
