comms_cons: 272.0573504184905
finished_reconf: true
global_termination_time: 2676857.981
local_termination_time: 92673.12063999948
node_cons: 55037.09074670069
tot_aggregated_send: 36598
tot_msg_rcv: 1614
tot_msg_sent: 3138
tot_reconf_duration: 3.05
tot_sleeping_duration: 2635757.944520014
tot_uptimes: 686
tot_uptimes_duration: 41100.03647998627
