comms_cons: 89.44046719809062
finished_reconf: true
global_termination_time: 885991.695
local_termination_time: 80852.12447999997
node_cons: 18181.640789714813
tot_aggregated_send: 11948
tot_msg_rcv: 492
tot_msg_sent: 1154
tot_reconf_duration: 18.21
tot_sleeping_duration: 872431.6415200038
tot_uptimes: 227
tot_uptimes_duration: 13560.053479996102
