comms_cons: 90.44488959539427
finished_reconf: true
global_termination_time: 885927.643
local_termination_time: 584332.9592799983
node_cons: 18174.75742446741
tot_aggregated_send: 11658
tot_msg_rcv: 689
tot_msg_sent: 1401
tot_reconf_duration: 13.17
tot_sleeping_duration: 872367.6186800095
tot_uptimes: 227
tot_uptimes_duration: 13560.024319990538
