comms_cons: 92.3635391976645
finished_reconf: true
global_termination_time: 931235.146
local_termination_time: 386753.23936
node_cons: 19129.448239999987
tot_aggregated_send: 13340
tot_msg_rcv: 239
tot_msg_sent: 460
tot_reconf_duration: 6.279999999999999
tot_sleeping_duration: 916955.146
tot_uptimes: 239
tot_uptimes_duration: 14280.0
