comms_cons: 184.95308791905677
finished_reconf: true
global_termination_time: 930356.167
local_termination_time: 1666.8824800000004
node_cons: 19151.711264475416
tot_aggregated_send: 0
tot_msg_rcv: 14314
tot_msg_sent: 13798
tot_reconf_duration: 22.65
tot_sleeping_duration: 916076.1426800034
tot_uptimes: 239
tot_uptimes_duration: 14280.024319996555
