comms_cons: 815.3746690196997
finished_reconf: true
global_termination_time: 8183340.077
local_termination_time: 2027903.9999599997
node_cons: 168333.1887078143
tot_aggregated_send: 113506
tot_msg_rcv: 3518
tot_msg_sent: 6910
tot_reconf_duration: 15.34
tot_sleeping_duration: 8057640.0344400145
tot_uptimes: 2096
tot_uptimes_duration: 125700.04255998507
