comms_cons: 821.8317762512535
finished_reconf: true
global_termination_time: 8180387.606
local_termination_time: 1200155.9405599984
node_cons: 168237.97860781342
tot_aggregated_send: 112926
tot_msg_rcv: 4030
tot_msg_sent: 7957
tot_reconf_duration: 4.390000000000001
tot_sleeping_duration: 8054747.563440016
tot_uptimes: 2095
tot_uptimes_duration: 125640.0425599846
