comms_cons: 115.82033279334566
finished_reconf: true
global_termination_time: 1132112.93948
local_termination_time: 57610.90772000011
node_cons: 23262.19172543933
tot_aggregated_send: 14906
tot_msg_rcv: 844
tot_msg_sent: 1852
tot_reconf_duration: 18.21
tot_sleeping_duration: 1114758.5985200005
tot_uptimes: 290
tot_uptimes_duration: 17354.340959999477
