comms_cons: 114.50512639109661
finished_reconf: true
global_termination_time: 1132491.589
local_termination_time: 731676.07136
node_cons: 23332.97368223376
tot_aggregated_send: 15138
tot_msg_rcv: 719
tot_msg_sent: 1546
tot_reconf_duration: 25.299999999999997
tot_sleeping_duration: 1115091.5768400047
tot_uptimes: 291
tot_uptimes_duration: 17400.01215999527
