comms_cons: 113.77313919680337
finished_reconf: true
global_termination_time: 1132116.515
local_termination_time: 772808.0617599991
node_cons: 23231.060501116925
tot_aggregated_send: 15776
tot_msg_rcv: 593
tot_msg_sent: 923
tot_reconf_duration: 9.42
tot_sleeping_duration: 1114776.5089200023
tot_uptimes: 290
tot_uptimes_duration: 17340.006079997635
