comms_cons: 113.74778879397498
finished_reconf: true
global_termination_time: 1133956.961
local_termination_time: 857400.2893599998
node_cons: 23305.99836335504
tot_aggregated_send: 15602
tot_msg_rcv: 527
tot_msg_sent: 1160
tot_reconf_duration: 5.43
tot_sleeping_duration: 1116556.9427600037
tot_uptimes: 291
tot_uptimes_duration: 17400.018239996338
