comms_cons: 0.7237120000016137
finished_reconf: true
global_termination_time: 5534.726
local_termination_time: 1825.33636
node_cons: 96.50019999999981
tot_aggregated_send: 0
tot_msg_rcv: 62
tot_msg_sent: 47
tot_reconf_duration: 11.899999999999999
tot_sleeping_duration: 5474.726
tot_uptimes: 2
tot_uptimes_duration: 60.0
