comms_cons: 349.2568320243326
finished_reconf: true
global_termination_time: 3521785.074
local_termination_time: 169530.49608000062
node_cons: 72392.91268558313
tot_aggregated_send: 48372
tot_msg_rcv: 1460
tot_msg_sent: 3253
tot_reconf_duration: 4.8100000000000005
tot_sleeping_duration: 3467725.043600011
tot_uptimes: 902
tot_uptimes_duration: 54060.03039998864
