comms_cons: 918.5023763034781
finished_reconf: true
global_termination_time: 4673942.295
local_termination_time: 2559114.219
node_cons: 96117.43126446546
tot_aggregated_send: 0
tot_msg_rcv: 70254
tot_msg_sent: 69353
tot_reconf_duration: 22.65
tot_sleeping_duration: 4602182.270680008
tot_uptimes: 1197
tot_uptimes_duration: 71760.02431999124
