comms_cons: 468.79904005154935
finished_reconf: true
global_termination_time: 4674841.089
local_termination_time: 757203.4001599983
node_cons: 96184.92998893265
tot_aggregated_send: 65540
tot_msg_rcv: 1942
tot_msg_sent: 3772
tot_reconf_duration: 13.17
tot_sleeping_duration: 4603021.040360019
tot_uptimes: 1198
tot_uptimes_duration: 71820.04863998154
