comms_cons: 471.29422089377505
finished_reconf: true
global_termination_time: 4677881.908
local_termination_time: 3017591.2946
node_cons: 96181.88266446519
tot_aggregated_send: 65076
tot_msg_rcv: 2209
tot_msg_sent: 4348
tot_reconf_duration: 10.95
tot_sleeping_duration: 4606061.883680008
tot_uptimes: 1198
tot_uptimes_duration: 71820.02431999124
