comms_cons: 462.85941765122533
finished_reconf: true
global_termination_time: 4673777.078
local_termination_time: 3125819.7963599996
node_cons: 96102.80019999717
tot_aggregated_send: 67396
tot_msg_rcv: 994
tot_msg_sent: 1961
tot_reconf_duration: 11.899999999999999
tot_sleeping_duration: 4602017.078
tot_uptimes: 1197
tot_uptimes_duration: 71760.0
