comms_cons: 565.3641155271729
finished_reconf: true
global_termination_time: 3564657.058
local_termination_time: 2728280.0734800003
node_cons: 73277.0383644667
tot_aggregated_send: 0
tot_msg_rcv: 43238
tot_msg_sent: 42694
tot_reconf_duration: 5.1
tot_sleeping_duration: 3509937.0336800087
tot_uptimes: 913
tot_uptimes_duration: 54720.02431999124
