comms_cons: 353.15726081727087
finished_reconf: true
global_termination_time: 3566387.697
local_termination_time: 1496803.1739199983
node_cons: 73368.33742446617
tot_aggregated_send: 49532
tot_msg_rcv: 1420
tot_msg_sent: 2726
tot_reconf_duration: 13.17
tot_sleeping_duration: 3511607.672680009
tot_uptimes: 914
tot_uptimes_duration: 54780.024319991004
