comms_cons: 353.8674944191481
finished_reconf: true
global_termination_time: 3564699.685
local_termination_time: 1418088.1084399996
node_cons: 73274.28706334953
tot_aggregated_send: 49938
tot_msg_rcv: 1404
tot_msg_sent: 2443
tot_reconf_duration: 3.08
tot_sleeping_duration: 3509979.6667600065
tot_uptimes: 913
tot_uptimes_duration: 54720.01823999337
