comms_cons: 355.9281408360133
finished_reconf: true
global_termination_time: 3566514.798
local_termination_time: 1367434.00448
node_cons: 73361.45506670004
tot_aggregated_send: 50112
tot_msg_rcv: 1389
tot_msg_sent: 2598
tot_reconf_duration: 8.09
tot_sleeping_duration: 3511734.7615200137
tot_uptimes: 914
tot_uptimes_duration: 54780.03647998627
