comms_cons: 359.53062403846513
finished_reconf: true
global_termination_time: 3564124.657
local_termination_time: 54002.97136000001
node_cons: 73286.35417564014
tot_aggregated_send: 49010
tot_msg_rcv: 1743
tot_msg_sent: 3892
tot_reconf_duration: 11.899999999999999
tot_sleeping_duration: 3509404.5718800286
tot_uptimes: 913
tot_uptimes_duration: 54720.08511997148
