comms_cons: 351.32979840973786
finished_reconf: true
global_termination_time: 3564863.636
local_termination_time: 1537825.5667599982
node_cons: 73287.81693686986
tot_aggregated_send: 49416
tot_msg_rcv: 1375
tot_msg_sent: 2609
tot_reconf_duration: 11.31
tot_sleeping_duration: 3510141.860080006
tot_uptimes: 913
tot_uptimes_duration: 54721.77591999364
