comms_cons: 65.96536320644617
finished_reconf: true
global_termination_time: 286984.9565600002
local_termination_time: 286984.9154400002
node_cons: 5942.688790410923
tot_aggregated_send: 0
tot_msg_rcv: 5731
tot_msg_sent: 4292
tot_reconf_duration: 37.410000000000004
tot_sleeping_duration: 282584.742959992
tot_uptimes: 74
tot_uptimes_duration: 4400.213600008145
