comms_cons: 28.982003200227552
finished_reconf: true
global_termination_time: 289875.455
local_termination_time: 6135.534240000004
node_cons: 5962.593335602873
tot_aggregated_send: 4060
tot_msg_rcv: 117
tot_msg_sent: 228
tot_reconf_duration: 9.11
tot_sleeping_duration: 285431.6745999979
tot_uptimes: 75
tot_uptimes_duration: 4443.7804000021415
