comms_cons: 29.73203200039827
finished_reconf: true
global_termination_time: 287217.713
local_termination_time: 79312.33295999993
node_cons: 5890.230882240604
tot_aggregated_send: 3712
tot_msg_rcv: 299
tot_msg_sent: 509
tot_reconf_duration: 18.700000000000003
tot_sleeping_duration: 282837.70083999954
tot_uptimes: 74
tot_uptimes_duration: 4380.012160000435
