comms_cons: 2.309299199992369
finished_reconf: true
global_termination_time: 14989.266
local_termination_time: 5232.1723600000005
node_cons: 275.37740000000025
tot_aggregated_send: 0
tot_msg_rcv: 199
tot_msg_sent: 151
tot_reconf_duration: 25.299999999999997
tot_sleeping_duration: 14809.266
tot_uptimes: 4
tot_uptimes_duration: 180.0
