comms_cons: 382.15977604358176
finished_reconf: true
global_termination_time: 3791436.49
local_termination_time: 1101486.987279999
node_cons: 77950.38450893354
tot_aggregated_send: 52548
tot_msg_rcv: 1829
tot_msg_sent: 3709
tot_reconf_duration: 15.110000000000001
tot_sleeping_duration: 3733236.4413600187
tot_uptimes: 971
tot_uptimes_duration: 58200.048639981775
