comms_cons: 377.88264325136026
finished_reconf: true
global_termination_time: 3786599.091
local_termination_time: 1258079.43
node_cons: 77864.89225005124
tot_aggregated_send: 52771
tot_msg_rcv: 1503
tot_msg_sent: 3161
tot_reconf_duration: 11.31
tot_sleeping_duration: 3728459.03628002
tot_uptimes: 970
tot_uptimes_duration: 58140.054719979875
