comms_cons: 379.8046848402018
finished_reconf: true
global_termination_time: 3786732.124
local_termination_time: 1224243.0600799986
node_cons: 77856.90721005076
tot_aggregated_send: 52664
tot_msg_rcv: 1634
tot_msg_sent: 3431
tot_reconf_duration: 5.43
tot_sleeping_duration: 3728592.0692800204
tot_uptimes: 970
tot_uptimes_duration: 58140.05471997964
