comms_cons: 380.04153604838643
finished_reconf: true
global_termination_time: 3790132.511
local_termination_time: 715902.6193599999
node_cons: 77950.72914560816
tot_aggregated_send: 52838
tot_msg_rcv: 1603
tot_msg_sent: 3323
tot_reconf_duration: 15.34
tot_sleeping_duration: 3731932.438240022
tot_uptimes: 971
tot_uptimes_duration: 58200.07275997766
