comms_cons: 199.67339519322354
finished_reconf: true
global_termination_time: 2019644.298
local_termination_time: 992096.2323599999
node_cons: 41570.145541116566
tot_aggregated_send: 28594
tot_msg_rcv: 558
tot_msg_sent: 1197
tot_reconf_duration: 25.299999999999997
tot_sleeping_duration: 1988624.2919200023
tot_uptimes: 518
tot_uptimes_duration: 31020.006079997635
