comms_cons: 205.32543997306664
finished_reconf: true
global_termination_time: 2022460.615
local_termination_time: 852304.4207199998
node_cons: 41539.94632335023
tot_aggregated_send: 26854
tot_msg_rcv: 1618
tot_msg_sent: 2736
tot_reconf_duration: 3.05
tot_sleeping_duration: 1991440.596760007
tot_uptimes: 518
tot_uptimes_duration: 31020.018239992904
