comms_cons: 96.93135359806476
finished_reconf: true
global_termination_time: 976325.762
local_termination_time: 189898.87132000062
node_cons: 20089.141900000013
tot_aggregated_send: 13978
tot_msg_rcv: 284
tot_msg_sent: 471
tot_reconf_duration: 3.05
tot_sleeping_duration: 961325.762
tot_uptimes: 251
tot_uptimes_duration: 15000.0
