comms_cons: 96.89105919628791
finished_reconf: true
global_termination_time: 976545.798
local_termination_time: 494211.7965200004
node_cons: 20095.619560000036
tot_aggregated_send: 13514
tot_msg_rcv: 401
tot_msg_sent: 812
tot_reconf_duration: 7.819999999999999
tot_sleeping_duration: 961545.798
tot_uptimes: 251
tot_uptimes_duration: 15000.0
