comms_cons: 45.19315200054567
finished_reconf: true
global_termination_time: 446431.993
local_termination_time: 131767.47236000004
node_cons: 9162.901899999995
tot_aggregated_send: 5800
tot_msg_rcv: 365
tot_msg_sent: 705
tot_reconf_duration: 3.05
tot_sleeping_duration: 439591.993
tot_uptimes: 115
tot_uptimes_duration: 6840.0
