comms_cons: 66.7663488073741
finished_reconf: true
global_termination_time: 315443.6966000001
local_termination_time: 315443.6554800001
node_cons: 6479.088130727891
tot_aggregated_send: 0
tot_msg_rcv: 5481
tot_msg_sent: 4667
tot_reconf_duration: 24.59
tot_sleeping_duration: 310629.8841199942
tot_uptimes: 81
tot_uptimes_duration: 4813.8124800058795
