comms_cons: 31.889382400546168
finished_reconf: true
global_termination_time: 318862.847
local_termination_time: 169993.11936000007
node_cons: 6515.994901121439
tot_aggregated_send: 4466
tot_msg_rcv: 153
tot_msg_sent: 228
tot_reconf_duration: 6.22
tot_sleeping_duration: 314002.84091999894
tot_uptimes: 82
tot_uptimes_duration: 4860.006080001069
