comms_cons: 1333.7571611010342
finished_reconf: true
global_termination_time: 4577092.9046
local_termination_time: 4577092.86348
node_cons: 186763.07798239385
tot_aggregated_send: 0
tot_msg_rcv: 67971
tot_msg_sent: 134750
tot_reconf_duration: 24.59
tot_sleeping_duration: 4437638.322999999
tot_uptimes: 2303
tot_uptimes_duration: 139454.58160000044
