comms_cons: 447.65830404542
finished_reconf: true
global_termination_time: 4578006.428
local_termination_time: 2605285.573359998
node_cons: 94194.13123638526
tot_aggregated_send: 63858
tot_msg_rcv: 1164
tot_msg_sent: 3021
tot_reconf_duration: 15.34
tot_sleeping_duration: 4507675.360400009
tot_uptimes: 1173
tot_uptimes_duration: 70331.0675999911
