comms_cons: 446.9842688147166
finished_reconf: true
global_termination_time: 4579023.749
local_termination_time: 3122751.171279998
node_cons: 94176.3648599973
tot_aggregated_send: 65482
tot_msg_rcv: 901
tot_msg_sent: 1556
tot_reconf_duration: 13.17
tot_sleeping_duration: 4508703.749
tot_uptimes: 1173
tot_uptimes_duration: 70320.0
