comms_cons: 459.7330432821655
finished_reconf: true
global_termination_time: 4577093.844119989
local_termination_time: 54254.17608000012
node_cons: 94254.2654674817
tot_aggregated_send: 63626
tot_msg_rcv: 2023
tot_msg_sent: 4226
tot_reconf_duration: 22.65
tot_sleeping_duration: 4506725.280440016
tot_uptimes: 1173
tot_uptimes_duration: 70368.56367997336
