comms_cons: 457.02896006220794
finished_reconf: true
global_termination_time: 4579761.149
local_termination_time: 909182.76336
node_cons: 94169.14026558258
tot_aggregated_send: 62930
tot_msg_rcv: 2239
tot_msg_sent: 4296
tot_reconf_duration: 7.819999999999999
tot_sleeping_duration: 4509441.118600012
tot_uptimes: 1173
tot_uptimes_duration: 70320.03039998887
