comms_cons: 454.53137925941184
finished_reconf: true
global_termination_time: 4579566.07
local_termination_time: 1138971.6674399995
node_cons: 94166.96746558277
tot_aggregated_send: 63568
tot_msg_rcv: 1858
tot_msg_sent: 3660
tot_reconf_duration: 6.22
tot_sleeping_duration: 4509246.039600011
tot_uptimes: 1173
tot_uptimes_duration: 70320.0303999891
