comms_cons: 1714.6056982479458
finished_reconf: true
global_termination_time: 3540872.9711999986
local_termination_time: 3540872.9300799984
node_cons: 215443.849690561
tot_aggregated_send: 0
tot_msg_rcv: 105187
tot_msg_sent: 155425
tot_reconf_duration: 37.410000000000004
tot_sleeping_duration: 3380011.8458000217
tot_uptimes: 2643
tot_uptimes_duration: 160861.12539997668
