comms_cons: 349.9554816068722
finished_reconf: true
global_termination_time: 3545361.911
local_termination_time: 2375072.241
node_cons: 72907.01973622268
tot_aggregated_send: 49300
tot_msg_rcv: 1236
tot_msg_sent: 2656
tot_reconf_duration: 25.299999999999997
tot_sleeping_duration: 3490938.7128400113
tot_uptimes: 908
tot_uptimes_duration: 54423.198159988504
