comms_cons: 358.4479744552615
finished_reconf: true
global_termination_time: 3543823.642
local_termination_time: 121191.32059999995
node_cons: 72899.24903356937
tot_aggregated_send: 49010
tot_msg_rcv: 1894
tot_msg_sent: 3578
tot_reconf_duration: 22.65
tot_sleeping_duration: 3489403.5596000217
tot_uptimes: 908
tot_uptimes_duration: 54420.08239997836
