comms_cons: 696.95245531419
finished_reconf: true
global_termination_time: 3543467.595
local_termination_time: 3491.5693600000004
node_cons: 72884.58968941984
tot_aggregated_send: 0
tot_msg_rcv: 53323
tot_msg_sent: 52608
tot_reconf_duration: 11.899999999999999
tot_sleeping_duration: 3489047.558040014
tot_uptimes: 908
tot_uptimes_duration: 54420.0369599862
