comms_cons: 354.89520642773437
finished_reconf: true
global_termination_time: 3544320.335
local_termination_time: 416163.1770800006
node_cons: 72874.43931340643
tot_aggregated_send: 49358
tot_msg_rcv: 1528
tot_msg_sent: 3056
tot_reconf_duration: 4.390000000000001
tot_sleeping_duration: 3489900.2620400237
tot_uptimes: 908
tot_uptimes_duration: 54420.07295997621
