comms_cons: 684.0625147235231
finished_reconf: true
global_termination_time: 1809122.346
local_termination_time: 975293.8275999997
node_cons: 109811.26364434746
tot_aggregated_send: 0
tot_msg_rcv: 42044
tot_msg_sent: 61929
tot_reconf_duration: 18.21
tot_sleeping_duration: 1727130.9087600068
tot_uptimes: 1349
tot_uptimes_duration: 81991.43723999301
