comms_cons: 177.07819519539655
finished_reconf: true
global_termination_time: 1810341.982
local_termination_time: 1272584.1504799998
node_cons: 37203.38161999972
tot_aggregated_send: 25810
tot_msg_rcv: 406
tot_msg_sent: 698
tot_reconf_duration: 4.390000000000001
tot_sleeping_duration: 1782561.982
tot_uptimes: 464
tot_uptimes_duration: 27780.0
