comms_cons: 151.0123775921548
finished_reconf: true
global_termination_time: 1512292.959
local_termination_time: 390717.6255600002
node_cons: 31098.50580000002
tot_aggregated_send: 21518
tot_msg_rcv: 511
tot_msg_sent: 924
tot_reconf_duration: 5.1
tot_sleeping_duration: 1489072.959
tot_uptimes: 388
tot_uptimes_duration: 23220.0
