comms_cons: 155.73749758352568
finished_reconf: true
global_termination_time: 1514097.522
local_termination_time: 294662.42936000007
node_cons: 31102.28911229441
tot_aggregated_send: 20068
tot_msg_rcv: 1216
tot_msg_sent: 2389
tot_reconf_duration: 7.819999999999999
tot_sleeping_duration: 1490877.4551200194
tot_uptimes: 388
tot_uptimes_duration: 23220.066879980848
