comms_cons: 5.197567999999355
finished_reconf: true
global_termination_time: 3063.511040000001
local_termination_time: 3063.469920000001
node_cons: 639.6469475600012
tot_aggregated_send: 0
tot_msg_rcv: 353
tot_msg_sent: 435
tot_reconf_duration: 24.59
tot_sleeping_duration: 2610.7450000000003
tot_uptimes: 8
tot_uptimes_duration: 452.76604000000066
