comms_cons: 452.1804416709208
finished_reconf: true
global_termination_time: 4516629.484
local_termination_time: 1733177.3053599999
node_cons: 92885.87306558245
tot_aggregated_send: 63568
tot_msg_rcv: 1681
tot_msg_sent: 3479
tot_reconf_duration: 9.42
tot_sleeping_duration: 4447269.453600012
tot_uptimes: 1157
tot_uptimes_duration: 69360.03039998887
