comms_cons: 452.8190464908369
finished_reconf: true
global_termination_time: 4516649.924
local_termination_time: 2128499.1823599995
node_cons: 92887.9345233482
tot_aggregated_send: 62872
tot_msg_rcv: 1782
tot_msg_sent: 4171
tot_reconf_duration: 10.95
tot_sleeping_duration: 4447289.905760007
tot_uptimes: 1157
tot_uptimes_duration: 69360.01823999337
