comms_cons: 445.62104324309706
finished_reconf: true
global_termination_time: 4516213.368
local_termination_time: 2143511.4103599996
node_cons: 92883.68398334866
tot_aggregated_send: 63220
tot_msg_rcv: 1590
tot_msg_sent: 2922
tot_reconf_duration: 7.819999999999999
tot_sleeping_duration: 4446853.349760006
tot_uptimes: 1157
tot_uptimes_duration: 69360.0182399936
