comms_cons: 443.9780736525897
finished_reconf: true
global_termination_time: 4513043.789
local_termination_time: 1814797.447999999
node_cons: 92801.179324466
tot_aggregated_send: 63104
tot_msg_rcv: 1415
tot_msg_sent: 2962
tot_reconf_duration: 6.22
tot_sleeping_duration: 4443743.764680008
tot_uptimes: 1156
tot_uptimes_duration: 69300.02431999147
