comms_cons: 130.13234559642612
finished_reconf: true
global_termination_time: 1315129.858
local_termination_time: 394537.25936
node_cons: 27002.76824
tot_aggregated_send: 18966
tot_msg_rcv: 296
tot_msg_sent: 517
tot_reconf_duration: 6.279999999999999
tot_sleeping_duration: 1294969.858
tot_uptimes: 337
tot_uptimes_duration: 20160.0
