comms_cons: 135.07732478915383
finished_reconf: true
global_termination_time: 1315596.901
local_termination_time: 380965.08436000004
node_cons: 27000.266748943835
tot_aggregated_send: 17284
tot_msg_rcv: 1036
tot_msg_sent: 2212
tot_reconf_duration: 4.390000000000001
tot_sleeping_duration: 1295436.8523600122
tot_uptimes: 337
tot_uptimes_duration: 20160.048639987945
