comms_cons: 41.948979200483144
finished_reconf: true
global_termination_time: 424424.319
local_termination_time: 232309.56452000036
node_cons: 8701.46546224286
tot_aggregated_send: 5974
tot_msg_rcv: 125
tot_msg_sent: 277
tot_reconf_duration: 18.21
tot_sleeping_duration: 417944.3068399979
tot_uptimes: 109
tot_uptimes_duration: 6480.0121600021375
