comms_cons: 213.20555508466197
finished_reconf: true
global_termination_time: 1089090.75
local_termination_time: 754442.2187199987
node_cons: 22365.2868411169
tot_aggregated_send: 0
tot_msg_rcv: 16299
tot_msg_sent: 16107
tot_reconf_duration: 22.65
tot_sleeping_duration: 1072410.7439200024
tot_uptimes: 279
tot_uptimes_duration: 16680.006079997635
