comms_cons: 10.61048320013547
finished_reconf: true
global_termination_time: 84981.986
local_termination_time: 30684.63116
node_cons: 1711.8936033608722
tot_aggregated_send: 696
tot_msg_rcv: 402
tot_msg_sent: 514
tot_reconf_duration: 18.21
tot_sleeping_duration: 83721.96775999934
tot_uptimes: 22
tot_uptimes_duration: 1260.0182400006524
