comms_cons: 10.572774400074351
finished_reconf: true
global_termination_time: 89409.918
local_termination_time: 40298.65536000001
node_cons: 1782.8715444811614
tot_aggregated_send: 638
tot_msg_rcv: 338
tot_msg_sent: 631
tot_reconf_duration: 11.31
tot_sleeping_duration: 88089.89367999914
tot_uptimes: 23
tot_uptimes_duration: 1320.02432000087
