comms_cons: 10.829017599914046
finished_reconf: true
global_termination_time: 89274.576
local_termination_time: 40237.67436000001
node_cons: 1774.8702222394413
tot_aggregated_send: 638
tot_msg_rcv: 370
tot_msg_sent: 638
tot_reconf_duration: 5.43
tot_sleeping_duration: 87954.56384000042
tot_uptimes: 23
tot_uptimes_duration: 1320.0121599995837
