comms_cons: 40.5929920013474
finished_reconf: true
global_termination_time: 337544.30144000065
local_termination_time: 337544.26032000064
node_cons: 7004.8222716112305
tot_aggregated_send: 2958
tot_msg_rcv: 1114
tot_msg_sent: 2096
tot_reconf_duration: 24.59
tot_sleeping_duration: 332337.8570399923
tot_uptimes: 87
tot_uptimes_duration: 5206.444400008375
