comms_cons: 32.85652480025803
finished_reconf: true
global_termination_time: 343236.383
local_termination_time: 194120.6631600008
node_cons: 7037.994436241107
tot_aggregated_send: 4814
tot_msg_rcv: 68
tot_msg_sent: 112
tot_reconf_duration: 25.299999999999997
tot_sleeping_duration: 338005.8848399992
tot_uptimes: 88
tot_uptimes_duration: 5230.498160000803
