comms_cons: 173.29612799471397
finished_reconf: true
global_termination_time: 1740626.233
local_termination_time: 1435336.2789199983
node_cons: 35758.22579999973
tot_aggregated_send: 24766
tot_msg_rcv: 534
tot_msg_sent: 1040
tot_reconf_duration: 5.1
tot_sleeping_duration: 1713926.233
tot_uptimes: 446
tot_uptimes_duration: 26700.0
