comms_cons: 171.5927423946329
finished_reconf: true
global_termination_time: 1737290.544
local_termination_time: 955249.554
node_cons: 35705.32554111682
tot_aggregated_send: 24977
tot_msg_rcv: 353
tot_msg_sent: 751
tot_reconf_duration: 25.299999999999997
tot_sleeping_duration: 1710650.5379200024
tot_uptimes: 445
tot_uptimes_duration: 26640.006079997635
