comms_cons: 342.61130853027527
finished_reconf: true
global_termination_time: 1740030.704
local_termination_time: 276.63903999999974
node_cons: 35766.68340335042
tot_aggregated_send: 0
tot_msg_rcv: 26265
tot_msg_sent: 25807
tot_reconf_duration: 11.31
tot_sleeping_duration: 1713330.685760007
tot_uptimes: 446
tot_uptimes_duration: 26700.018239992904
