comms_cons: 787.9979137002764
finished_reconf: true
global_termination_time: 8096415.699
local_termination_time: 4934458.13136
node_cons: 166559.7063822288
tot_aggregated_send: 111940
tot_msg_rcv: 2713
tot_msg_sent: 5117
tot_reconf_duration: 10.95
tot_sleeping_duration: 7972035.686840004
tot_uptimes: 2074
tot_uptimes_duration: 124380.01215999573
