comms_cons: 808.8681218215362
finished_reconf: true
global_termination_time: 8093847.33
local_termination_time: 1340536.827999999
node_cons: 166473.00003004787
tot_aggregated_send: 111940
tot_msg_rcv: 3858
tot_msg_sent: 7145
tot_reconf_duration: 6.22
tot_sleeping_duration: 7969527.27528002
tot_uptimes: 2073
tot_uptimes_duration: 124320.05471998034
