comms_cons: 109.56341759892494
finished_reconf: true
global_termination_time: 1131342.36
local_termination_time: 657557.3873599999
node_cons: 23236.14486000009
tot_aggregated_send: 16240
tot_msg_rcv: 132
tot_msg_sent: 281
tot_reconf_duration: 13.17
tot_sleeping_duration: 1114002.36
tot_uptimes: 290
tot_uptimes_duration: 17340.0
