comms_cons: 110.37923839887151
finished_reconf: true
global_termination_time: 1134860.254
local_termination_time: 810663.1936799994
node_cons: 23304.56162000006
tot_aggregated_send: 16472
tot_msg_rcv: 94
tot_msg_sent: 211
tot_reconf_duration: 4.390000000000001
tot_sleeping_duration: 1117460.254
tot_uptimes: 291
tot_uptimes_duration: 17400.0
