comms_cons: 2854.4623497728844
finished_reconf: true
global_termination_time: 7320978.948
local_termination_time: 2604894.382199999
node_cons: 443704.55811097275
tot_aggregated_send: 0
tot_msg_rcv: 175499
tot_msg_sent: 258363
tot_reconf_duration: 5.57
tot_sleeping_duration: 6989614.501360024
tot_uptimes: 5427
tot_uptimes_duration: 331364.4466399756
