comms_cons: 715.4230785008306
finished_reconf: true
global_termination_time: 7324566.415
local_termination_time: 3800631.14548
node_cons: 150658.04380334684
tot_aggregated_send: 102254
tot_msg_rcv: 2085
tot_msg_sent: 4402
tot_reconf_duration: 15.110000000000001
tot_sleeping_duration: 7212066.396760006
tot_uptimes: 1876
tot_uptimes_duration: 112500.0182399936
