comms_cons: 730.2968065880113
finished_reconf: true
global_termination_time: 7320879.617
local_termination_time: 2123926.9053599997
node_cons: 150567.852830049
tot_aggregated_send: 101152
tot_msg_rcv: 3115
tot_msg_sent: 6734
tot_reconf_duration: 7.819999999999999
tot_sleeping_duration: 7208439.562280019
tot_uptimes: 1875
tot_uptimes_duration: 112440.0547199808
