comms_cons: 11.126681599987554
finished_reconf: true
global_termination_time: 97060.04847999995
local_termination_time: 97060.00735999996
node_cons: 1997.3130787199348
tot_aggregated_send: 902
tot_msg_rcv: 309
tot_msg_sent: 479
tot_reconf_duration: 37.410000000000004
tot_sleeping_duration: 95606.344
tot_uptimes: 25
tot_uptimes_duration: 1453.7044799999567
