comms_cons: 11.783571200027326
finished_reconf: true
global_termination_time: 99579.135
local_termination_time: 41779.13136000001
node_cons: 2017.0526633585916
tot_aggregated_send: 290
tot_msg_rcv: 574
tot_msg_sent: 927
tot_reconf_duration: 6.279999999999999
tot_sleeping_duration: 98079.11676000105
tot_uptimes: 26
tot_uptimes_duration: 1500.0182399989499
