comms_cons: 13.395251199975284
finished_reconf: true
global_termination_time: 99295.08
local_termination_time: 57763.07136000001
node_cons: 2012.6989222394343
tot_aggregated_send: 870
tot_msg_rcv: 586
tot_msg_sent: 580
tot_reconf_duration: 3.08
tot_sleeping_duration: 97795.06784000043
tot_uptimes: 26
tot_uptimes_duration: 1500.0121599995837
