comms_cons: 12.517497600156055
finished_reconf: true
global_termination_time: 98922.095
local_termination_time: 28560.447200000006
node_cons: 2021.3005011202933
tot_aggregated_send: 638
tot_msg_rcv: 625
tot_msg_sent: 641
tot_reconf_duration: 9.42
tot_sleeping_duration: 97422.08891999979
tot_uptimes: 26
tot_uptimes_duration: 1500.0060800002175
