comms_cons: 11.10882559993658
finished_reconf: true
global_termination_time: 97142.222
local_termination_time: 38703.07336000001
node_cons: 1938.8039833585929
tot_aggregated_send: 638
tot_msg_rcv: 359
tot_msg_sent: 693
tot_reconf_duration: 7.819999999999999
tot_sleeping_duration: 95702.20376000105
tot_uptimes: 25
tot_uptimes_duration: 1440.0182399989499
