comms_cons: 11.028620800238006
finished_reconf: true
global_termination_time: 99996.466
local_termination_time: 33291.39196000003
node_cons: 2016.9549011202919
tot_aggregated_send: 754
tot_msg_rcv: 391
tot_msg_sent: 533
tot_reconf_duration: 6.22
tot_sleeping_duration: 98496.45991999979
tot_uptimes: 26
tot_uptimes_duration: 1500.0060800002175
