comms_cons: 39.95548160017996
finished_reconf: true
global_termination_time: 411901.854
local_termination_time: 358093.48108000064
node_cons: 8442.231980000008
tot_aggregated_send: 5742
tot_msg_rcv: 118
tot_msg_sent: 213
tot_reconf_duration: 4.8100000000000005
tot_sleeping_duration: 405601.854
tot_uptimes: 106
tot_uptimes_duration: 6300.0
