comms_cons: 312.6838141660836
finished_reconf: true
global_termination_time: 1587485.4075999998
local_termination_time: 1698.2130400000015
node_cons: 32647.056049516745
tot_aggregated_send: 0
tot_msg_rcv: 23969
tot_msg_sent: 23555
tot_reconf_duration: 6.22
tot_sleeping_duration: 1563110.0459200023
tot_uptimes: 407
tot_uptimes_duration: 24375.361679997528
