comms_cons: 155.9862527970756
finished_reconf: true
global_termination_time: 1591452.178
local_termination_time: 1336842.3633599998
node_cons: 32713.73898000013
tot_aggregated_send: 23026
tot_msg_rcv: 269
tot_msg_sent: 414
tot_reconf_duration: 11.31
tot_sleeping_duration: 1567032.178
tot_uptimes: 408
tot_uptimes_duration: 24420.0
