comms_cons: 369.30365441791173
finished_reconf: true
global_termination_time: 3707818.183
local_termination_time: 826946.6788399997
node_cons: 76268.0545999981
tot_aggregated_send: 52896
tot_msg_rcv: 1107
tot_msg_sent: 2129
tot_reconf_duration: 18.700000000000003
tot_sleeping_duration: 3650878.183
tot_uptimes: 950
tot_uptimes_duration: 56940.0
