comms_cons: 359.6519679930969
finished_reconf: true
global_termination_time: 3708613.226
local_termination_time: 2000579.3301199991
node_cons: 76257.53009999842
tot_aggregated_send: 53302
tot_msg_rcv: 405
tot_msg_sent: 958
tot_reconf_duration: 10.95
tot_sleeping_duration: 3651673.226
tot_uptimes: 950
tot_uptimes_duration: 56940.0
