comms_cons: 362.92429439030695
finished_reconf: true
global_termination_time: 3707024.25
local_termination_time: 1844239.11336
node_cons: 76258.82019999836
tot_aggregated_send: 52722
tot_msg_rcv: 934
tot_msg_sent: 1506
tot_reconf_duration: 11.899999999999999
tot_sleeping_duration: 3650084.25
tot_uptimes: 950
tot_uptimes_duration: 56940.0
