comms_cons: 379.9701824763854
finished_reconf: true
global_termination_time: 3706222.6931199967
local_termination_time: 201266.41268000027
node_cons: 76270.42889531002
tot_aggregated_send: 48604
tot_msg_rcv: 3154
tot_msg_sent: 5993
tot_reconf_duration: 4.390000000000001
tot_sleeping_duration: 3649266.4068800327
tot_uptimes: 950
tot_uptimes_duration: 56956.286239964014
