comms_cons: 377.45770886445825
finished_reconf: true
global_termination_time: 3706240.259
local_termination_time: 307669.24036000005
node_cons: 76250.1397745222
tot_aggregated_send: 50344
tot_msg_rcv: 2431
tot_msg_sent: 4597
tot_reconf_duration: 5.43
tot_sleeping_duration: 3649300.179960027
tot_uptimes: 950
tot_uptimes_duration: 56940.07903997315
