comms_cons: 380.9081472737426
finished_reconf: true
global_termination_time: 3706684.806
local_termination_time: 881430.6773599999
node_cons: 76263.57313116676
tot_aggregated_send: 49126
tot_msg_rcv: 3138
tot_msg_sent: 5631
tot_reconf_duration: 15.34
tot_sleeping_duration: 3649744.745200023
tot_uptimes: 950
tot_uptimes_duration: 56940.06079997658
