comms_cons: 384.6548092808272
finished_reconf: true
global_termination_time: 2388605.281
local_termination_time: 584398.9835999998
node_cons: 49094.36153229378
tot_aggregated_send: 0
tot_msg_rcv: 29735
tot_msg_sent: 28733
tot_reconf_duration: 4.8100000000000005
tot_sleeping_duration: 2351945.214120019
tot_uptimes: 612
tot_uptimes_duration: 36660.06687998085
