comms_cons: 236.69438077710475
finished_reconf: true
global_termination_time: 2389204.546
local_termination_time: 593170.76536
node_cons: 49091.96331117233
tot_aggregated_send: 31668
tot_msg_rcv: 1479
tot_msg_sent: 2828
tot_reconf_duration: 3.05
tot_sleeping_duration: 2352544.4852000205
tot_uptimes: 612
tot_uptimes_duration: 36660.06079997978
