comms_cons: 239.7532543721826
finished_reconf: true
global_termination_time: 2389052.213
local_termination_time: 806127.08236
node_cons: 49096.27631228923
tot_aggregated_send: 32016
tot_msg_rcv: 1512
tot_msg_sent: 2914
tot_reconf_duration: 6.22
tot_sleeping_duration: 2352392.1461200225
tot_uptimes: 612
tot_uptimes_duration: 36660.066879977414
