comms_cons: 242.6466047938579
finished_reconf: true
global_termination_time: 2386221.632239997
local_termination_time: 39437.33648000001
node_cons: 49123.641489462934
tot_aggregated_send: 31842
tot_msg_rcv: 1575
tot_msg_sent: 3461
tot_reconf_duration: 11.31
tot_sleeping_duration: 2349546.290560039
tot_uptimes: 612
tot_uptimes_duration: 36675.34167995787
