comms_cons: 0.9474048000021122
finished_reconf: true
global_termination_time: 4295.778
local_termination_time: 1849.7903600000004
node_cons: 111.09870000000012
tot_aggregated_send: 0
tot_msg_rcv: 106
tot_msg_sent: 37
tot_reconf_duration: 22.65
tot_sleeping_duration: 4235.778
tot_uptimes: 2
tot_uptimes_duration: 60.0
