comms_cons: 2.250713599995529
finished_reconf: true
global_termination_time: 12481.056480000001
local_termination_time: 12481.015360000001
node_cons: 292.7635187200006
tot_aggregated_send: 0
tot_msg_rcv: 173
tot_msg_sent: 169
tot_reconf_duration: 24.59
tot_sleeping_duration: 12287.352
tot_uptimes: 4
tot_uptimes_duration: 193.70448000000033
