comms_cons: 445.21818248220524
finished_reconf: true
global_termination_time: 4428883.099
local_termination_time: 1298519.0639199985
node_cons: 91109.79962781702
tot_aggregated_send: 61944
tot_msg_rcv: 1891
tot_msg_sent: 3835
tot_reconf_duration: 3.08
tot_sleeping_duration: 4360843.056440016
tot_uptimes: 1135
tot_uptimes_duration: 68040.0425599846
