comms_cons: 449.1073280998867
finished_reconf: true
global_termination_time: 4427858.063
local_termination_time: 1605590.854639998
node_cons: 91038.06934781683
tot_aggregated_send: 60494
tot_msg_rcv: 2545
tot_msg_sent: 5221
tot_reconf_duration: 9.42
tot_sleeping_duration: 4359878.020440016
tot_uptimes: 1134
tot_uptimes_duration: 67980.0425599846
