comms_cons: 442.46830083435975
finished_reconf: true
global_termination_time: 4426712.549
local_termination_time: 1669540.0973599998
node_cons: 91031.22232558219
tot_aggregated_send: 61770
tot_msg_rcv: 1936
tot_msg_sent: 3546
tot_reconf_duration: 4.390000000000001
tot_sleeping_duration: 4358732.51860001
tot_uptimes: 1134
tot_uptimes_duration: 67980.03039998864
