comms_cons: 444.01628167031504
finished_reconf: true
global_termination_time: 4428375.059
local_termination_time: 1178013.7627599991
node_cons: 91120.98410893352
tot_aggregated_send: 61480
tot_msg_rcv: 2104
tot_msg_sent: 3903
tot_reconf_duration: 11.31
tot_sleeping_duration: 4360335.010360018
tot_uptimes: 1135
tot_uptimes_duration: 68040.04863998201
