comms_cons: 36.50860800055196
finished_reconf: true
global_termination_time: 354360.105
local_termination_time: 198484.59580000074
node_cons: 7237.542082242878
tot_aggregated_send: 4582
tot_msg_rcv: 330
tot_msg_sent: 638
tot_reconf_duration: 5.1
tot_sleeping_duration: 348960.09283999784
tot_uptimes: 91
tot_uptimes_duration: 5400.0121600021375
