comms_cons: 35.5743616003804
finished_reconf: true
global_termination_time: 354930.753
local_termination_time: 137200.43336000005
node_cons: 7248.493001121456
tot_aggregated_send: 4930
tot_msg_rcv: 198
tot_msg_sent: 279
tot_reconf_duration: 13.17
tot_sleeping_duration: 349530.74691999896
tot_uptimes: 91
tot_uptimes_duration: 5400.006080001069
