comms_cons: 59.502284799605555
finished_reconf: true
global_termination_time: 590176.8303199986
local_termination_time: 590176.7891999986
node_cons: 12228.162614085259
tot_aggregated_send: 8222
tot_msg_rcv: 253
tot_msg_sent: 568
tot_reconf_duration: 24.59
tot_sleeping_duration: 581069.4595999946
tot_uptimes: 152
tot_uptimes_duration: 9107.370720003906
