comms_cons: 246.35644797690225
finished_reconf: true
global_termination_time: 2414688.261
local_termination_time: 590604.3913599999
node_cons: 49681.000816756445
tot_aggregated_send: 31958
tot_msg_rcv: 1865
tot_msg_sent: 3621
tot_reconf_duration: 22.65
tot_sleeping_duration: 2377608.169800032
tot_uptimes: 619
tot_uptimes_duration: 37080.09119996795
