comms_cons: 237.79923199422856
finished_reconf: true
global_termination_time: 2415493.252
local_termination_time: 1355625.3504799977
node_cons: 49659.55326494972
tot_aggregated_send: 34916
tot_msg_rcv: 474
tot_msg_sent: 755
tot_reconf_duration: 5.1
tot_sleeping_duration: 2378411.379360007
tot_uptimes: 619
tot_uptimes_duration: 37081.87263999297
