comms_cons: 189.59841279226086
finished_reconf: true
global_termination_time: 1905962.077
local_termination_time: 452616.96436000004
node_cons: 39221.27897999977
tot_aggregated_send: 27202
tot_msg_rcv: 556
tot_msg_sent: 1059
tot_reconf_duration: 11.31
tot_sleeping_duration: 1876682.077
tot_uptimes: 489
tot_uptimes_duration: 29280.0
