comms_cons: 371.7178752163333
finished_reconf: true
global_termination_time: 3742533.4474399984
local_termination_time: 3742533.406319998
node_cons: 77063.93378150955
tot_aggregated_send: 53578
tot_msg_rcv: 906
tot_msg_sent: 2014
tot_reconf_duration: 24.59
tot_sleeping_duration: 3685005.0377600044
tot_uptimes: 959
tot_uptimes_duration: 57528.4096799938
