comms_cons: 369.33655042647325
finished_reconf: true
global_termination_time: 3743149.849
local_termination_time: 2401123.5209999983
node_cons: 76974.26452223246
tot_aggregated_send: 51968
tot_msg_rcv: 1253
tot_msg_sent: 2916
tot_reconf_duration: 6.279999999999999
tot_sleeping_duration: 3685669.8368400047
tot_uptimes: 959
tot_uptimes_duration: 57480.0121599955
