comms_cons: 1605.7050769554546
finished_reconf: true
global_termination_time: 3745832.369
local_termination_time: 968621.9075999999
node_cons: 227971.29136297316
tot_aggregated_send: 0
tot_msg_rcv: 98452
tot_msg_sent: 145607
tot_reconf_duration: 6.22
tot_sleeping_duration: 3575583.7920000143
tot_uptimes: 2797
tot_uptimes_duration: 170248.5769999859
