comms_cons: 304.4364288098906
finished_reconf: true
global_termination_time: 3064556.299
local_termination_time: 1928512.65736
node_cons: 63011.954599999
tot_aggregated_send: 43732
tot_msg_rcv: 817
tot_msg_sent: 1723
tot_reconf_duration: 18.700000000000003
tot_sleeping_duration: 3017516.299
tot_uptimes: 785
tot_uptimes_duration: 47040.0
