comms_cons: 304.43367042018093
finished_reconf: true
global_termination_time: 3065915.728
local_termination_time: 1926703.0404399985
node_cons: 63075.42003005178
tot_aggregated_send: 42050
tot_msg_rcv: 1425
tot_msg_sent: 2798
tot_reconf_duration: 6.22
tot_sleeping_duration: 3018815.6732800202
tot_uptimes: 786
tot_uptimes_duration: 47100.054719979875
