comms_cons: 273.2968960220256
finished_reconf: true
global_termination_time: 2809202.649
local_termination_time: 7438.4039999999995
node_cons: 57852.70893005173
tot_aggregated_send: 38389
tot_msg_rcv: 1210
tot_msg_sent: 1941
tot_reconf_duration: 5.77
tot_sleeping_duration: 2766002.594280021
tot_uptimes: 720
tot_uptimes_duration: 43200.05471997964
