comms_cons: 271.5731456110531
finished_reconf: true
global_termination_time: 2810173.675
local_termination_time: 4747.912
node_cons: 57852.73882670122
tot_aggregated_send: 38622
tot_msg_rcv: 965
tot_msg_sent: 1690
tot_reconf_duration: 5.8100000000000005
tot_sleeping_duration: 2766973.638520013
tot_uptimes: 720
tot_uptimes_duration: 43200.03647998674
