comms_cons: 283.43776000211824
finished_reconf: true
global_termination_time: 2809714.02
local_termination_time: 5781.275000000001
node_cons: 57850.93265228998
tot_aggregated_send: 38971
tot_msg_rcv: 1370
tot_msg_sent: 2739
tot_reconf_duration: 4.45
tot_sleeping_duration: 2766513.9531200216
tot_uptimes: 720
tot_uptimes_duration: 43200.066879978345
