comms_cons: 250.7408319809263
finished_reconf: true
global_termination_time: 2522182.177
local_termination_time: 1930909.9134799999
node_cons: 51827.84452223293
tot_aggregated_send: 34800
tot_msg_rcv: 1094
tot_msg_sent: 2217
tot_reconf_duration: 6.279999999999999
tot_sleeping_duration: 2483482.164840005
tot_uptimes: 646
tot_uptimes_duration: 38700.01215999527
