comms_cons: 251.27785597770227
finished_reconf: true
global_termination_time: 2523529.934
local_termination_time: 1885793.728479998
node_cons: 51909.004747183826
tot_aggregated_send: 34800
tot_msg_rcv: 1106
tot_msg_sent: 2285
tot_reconf_duration: 5.57
tot_sleeping_duration: 2484768.5892000115
tot_uptimes: 647
tot_uptimes_duration: 38761.34479998844
