comms_cons: 255.4183423952189
finished_reconf: true
global_termination_time: 2525487.793
local_termination_time: 512439.7573600001
node_cons: 51903.83888781711
tot_aggregated_send: 34626
tot_msg_rcv: 1461
tot_msg_sent: 2735
tot_reconf_duration: 3.05
tot_sleeping_duration: 2486727.7504400164
tot_uptimes: 647
tot_uptimes_duration: 38760.04255998344
