comms_cons: 87.04939520049001
finished_reconf: true
global_termination_time: 906167.509
local_termination_time: 365549.90936
node_cons: 18644.841619999966
tot_aggregated_send: 12354
tot_msg_rcv: 295
tot_msg_sent: 582
tot_reconf_duration: 4.390000000000001
tot_sleeping_duration: 892247.509
tot_uptimes: 233
tot_uptimes_duration: 13920.0
