comms_cons: 59.14763520106136
finished_reconf: true
global_termination_time: 593071.941
local_termination_time: 109011.34535999998
node_cons: 12138.754645607181
tot_aggregated_send: 7772
tot_msg_rcv: 402
tot_msg_sent: 817
tot_reconf_duration: 5.43
tot_sleeping_duration: 584011.9105999947
tot_uptimes: 152
tot_uptimes_duration: 9060.030400005344
