comms_cons: 179.98921599097548
finished_reconf: true
global_termination_time: 1818279.826
local_termination_time: 1077175.4793599998
node_cons: 37365.48208111659
tot_aggregated_send: 25520
tot_msg_rcv: 698
tot_msg_sent: 1138
tot_reconf_duration: 5.43
tot_sleeping_duration: 1790379.8199200023
tot_uptimes: 466
tot_uptimes_duration: 27900.006079997635
