comms_cons: 764.1963329646952
finished_reconf: true
global_termination_time: 7698157.488
local_termination_time: 2386736.0663599996
node_cons: 158371.00428446266
tot_aggregated_send: 107184
tot_msg_rcv: 2999
tot_msg_sent: 5969
tot_reconf_duration: 15.34
tot_sleeping_duration: 7579897.463680008
tot_uptimes: 1972
tot_uptimes_duration: 118260.02431999124
