comms_cons: 765.8795393737684
finished_reconf: true
global_termination_time: 7699045.37
local_termination_time: 2475370.5613200003
node_cons: 158358.69266334607
tot_aggregated_send: 106836
tot_msg_rcv: 3188
tot_msg_sent: 6384
tot_reconf_duration: 6.279999999999999
tot_sleeping_duration: 7580785.351760007
tot_uptimes: 1972
tot_uptimes_duration: 118260.01823999337
