comms_cons: 750.7671488955356
finished_reconf: true
global_termination_time: 7693838.153
local_termination_time: 3727279.36772
node_cons: 158282.60864222943
tot_aggregated_send: 106836
tot_msg_rcv: 2516
tot_msg_sent: 4756
tot_reconf_duration: 9.42
tot_sleeping_duration: 7575638.140840004
tot_uptimes: 1971
tot_uptimes_duration: 118200.01215999573
