comms_cons: 772.0875201668425
finished_reconf: true
global_termination_time: 7694842.772
local_termination_time: 2171752.6787999994
node_cons: 158285.1996855801
tot_aggregated_send: 107416
tot_msg_rcv: 3493
tot_msg_sent: 6443
tot_reconf_duration: 11.31
tot_sleeping_duration: 7576642.741600011
tot_uptimes: 1971
tot_uptimes_duration: 118200.0303999891
