comms_cons: 129.83701761072157
finished_reconf: true
global_termination_time: 267412.38412000093
local_termination_time: 267412.38412000093
node_cons: 16377.349283245681
tot_aggregated_send: 0
tot_msg_rcv: 7935
tot_msg_sent: 11799
tot_reconf_duration: 24.59
tot_sleeping_duration: 255206.29295999673
tot_uptimes: 201
tot_uptimes_duration: 12206.091160004216
