comms_cons: 52.685260804579926
finished_reconf: true
global_termination_time: 267887.935
local_termination_time: 1889.7550400000016
node_cons: 5493.886841121436
tot_aggregated_send: 0
tot_msg_rcv: 4080
tot_msg_sent: 3927
tot_reconf_duration: 22.65
tot_sleeping_duration: 263807.9289199989
tot_uptimes: 69
tot_uptimes_duration: 4080.0060800010688
