comms_cons: 119.05720319115433
finished_reconf: true
global_termination_time: 1158497.29
local_termination_time: 67455.79347999996
node_cons: 23805.434308953096
tot_aggregated_send: 15486
tot_msg_rcv: 931
tot_msg_sent: 1679
tot_reconf_duration: 18.21
tot_sleeping_duration: 1140737.2413600052
tot_uptimes: 297
tot_uptimes_duration: 17760.048639994813
