comms_cons: 117.02193919274468
finished_reconf: true
global_termination_time: 1162842.639
local_termination_time: 387729.535480001
node_cons: 23898.054968314784
tot_aggregated_send: 15486
tot_msg_rcv: 758
tot_msg_sent: 1542
tot_reconf_duration: 15.34
tot_sleeping_duration: 1145010.5081200039
tot_uptimes: 298
tot_uptimes_duration: 17832.130879996053
