comms_cons: 117.51074558990862
finished_reconf: true
global_termination_time: 1160480.817
local_termination_time: 510929.47160000005
node_cons: 23869.597792298948
tot_aggregated_send: 15370
tot_msg_rcv: 891
tot_msg_sent: 1599
tot_reconf_duration: 6.279999999999999
tot_sleeping_duration: 1142660.7501200158
tot_uptimes: 298
tot_uptimes_duration: 17820.066879984282
