comms_cons: 116.59658239446227
finished_reconf: true
global_termination_time: 1158757.0
local_termination_time: 473783.29160000006
node_cons: 23798.54928335511
tot_aggregated_send: 15428
tot_msg_rcv: 845
tot_msg_sent: 1449
tot_reconf_duration: 13.17
tot_sleeping_duration: 1140996.9817600036
tot_uptimes: 297
tot_uptimes_duration: 17760.018239996338
