comms_cons: 116.92021759354192
finished_reconf: true
global_termination_time: 1159476.877
local_termination_time: 574765.7276399991
node_cons: 23791.683207822414
tot_aggregated_send: 14964
tot_msg_rcv: 963
tot_msg_sent: 1845
tot_reconf_duration: 8.09
tot_sleeping_duration: 1141716.8344400134
tot_uptimes: 297
tot_uptimes_duration: 17760.042559986876
