comms_cons: 349.93295999738774
finished_reconf: true
global_termination_time: 3598639.309
local_termination_time: 2066395.7155999998
node_cons: 74001.6030422322
tot_aggregated_send: 49880
tot_msg_rcv: 1046
tot_msg_sent: 2262
tot_reconf_duration: 6.22
tot_sleeping_duration: 3543379.2968400046
tot_uptimes: 922
tot_uptimes_duration: 55260.0121599955
