comms_cons: 14.369599999958048
finished_reconf: true
global_termination_time: 129920.758
local_termination_time: 95699.58619999989
node_cons: 2669.104859999998
tot_aggregated_send: 1450
tot_msg_rcv: 305
tot_msg_sent: 430
tot_reconf_duration: 13.17
tot_sleeping_duration: 127940.758
tot_uptimes: 34
tot_uptimes_duration: 1980.0
