comms_cons: 15.461119999869355
finished_reconf: true
global_termination_time: 159378.723
local_termination_time: 71619.35147999997
node_cons: 3219.561620000001
tot_aggregated_send: 2204
tot_msg_rcv: 33
tot_msg_sent: 113
tot_reconf_duration: 4.390000000000001
tot_sleeping_duration: 156978.723
tot_uptimes: 41
tot_uptimes_duration: 2400.0
