comms_cons: 88.71393279926103
finished_reconf: true
global_termination_time: 897296.54
local_termination_time: 456430.1293600001
node_cons: 18405.424060000038
tot_aggregated_send: 12934
tot_msg_rcv: 207
tot_msg_sent: 343
tot_reconf_duration: 5.57
tot_sleeping_duration: 883556.54
tot_uptimes: 230
tot_uptimes_duration: 13740.0
