comms_cons: 88.27375359650746
finished_reconf: true
global_termination_time: 895795.091
local_termination_time: 593856.7223599998
node_cons: 18413.227121116775
tot_aggregated_send: 12818
tot_msg_rcv: 201
tot_msg_sent: 398
tot_reconf_duration: 11.31
tot_sleeping_duration: 882055.0849200024
tot_uptimes: 230
tot_uptimes_duration: 13740.006079997635
