comms_cons: 12.441849600122882
finished_reconf: true
global_termination_time: 89385.483
local_termination_time: 50242.78476000008
node_cons: 1774.4383644800228
tot_aggregated_send: 406
tot_msg_rcv: 614
tot_msg_sent: 871
tot_reconf_duration: 5.1
tot_sleeping_duration: 88065.45867999998
tot_uptimes: 23
tot_uptimes_duration: 1320.0243200000186
