comms_cons: 12.008921600037917
finished_reconf: true
global_termination_time: 92569.801
local_termination_time: 39128.67136000001
node_cons: 1865.7455656003087
tot_aggregated_send: 696
tot_msg_rcv: 490
tot_msg_sent: 639
tot_reconf_duration: 13.17
tot_sleeping_duration: 91189.77059999979
tot_uptimes: 24
tot_uptimes_duration: 1380.0304000002325
