comms_cons: 12.69503999999867
finished_reconf: true
global_termination_time: 92285.356
local_termination_time: 20407.198
node_cons: 1886.9144981597417
tot_aggregated_send: 694
tot_msg_rcv: 598
tot_msg_sent: 639
tot_reconf_duration: 18.700000000000003
tot_sleeping_duration: 90895.12456000019
tot_uptimes: 24
tot_uptimes_duration: 1390.2314399998104
