comms_cons: 13.91479039980577
finished_reconf: true
global_termination_time: 92305.911
local_termination_time: 13889.429880000003
node_cons: 1853.8386078371952
tot_aggregated_send: 406
tot_msg_rcv: 768
tot_msg_sent: 943
tot_reconf_duration: 4.390000000000001
tot_sleeping_duration: 90925.86844000209
tot_uptimes: 24
tot_uptimes_duration: 1380.0425599979062
