comms_cons: 11.697836799929345
finished_reconf: true
global_termination_time: 92502.74
local_termination_time: 57119.291400000075
node_cons: 1855.2102222394426
tot_aggregated_send: 754
tot_msg_rcv: 444
tot_msg_sent: 580
tot_reconf_duration: 5.43
tot_sleeping_duration: 91122.72784000041
tot_uptimes: 24
tot_uptimes_duration: 1380.0121599995837
