comms_cons: 95.63525119480857
finished_reconf: true
global_termination_time: 950390.281
local_termination_time: 652202.099239998
node_cons: 19532.250864474317
tot_aggregated_send: 13340
tot_msg_rcv: 442
tot_msg_sent: 754
tot_reconf_duration: 6.22
tot_sleeping_duration: 935809.3966800043
tot_uptimes: 244
tot_uptimes_duration: 14580.884319995646
