comms_cons: 94.0700287979209
finished_reconf: true
global_termination_time: 949474.62
local_termination_time: 388081.12524000095
node_cons: 19545.970453361297
tot_aggregated_send: 13746
tot_msg_rcv: 209
tot_msg_sent: 344
tot_reconf_duration: 11.31
tot_sleeping_duration: 934888.651759999
tot_uptimes: 244
tot_uptimes_duration: 14585.968240000948
