comms_cons: 93.25358079953706
finished_reconf: true
global_termination_time: 947975.366
local_termination_time: 110471.8003599997
node_cons: 19449.65394000004
tot_aggregated_send: 13630
tot_msg_rcv: 143
tot_msg_sent: 401
tot_reconf_duration: 5.43
tot_sleeping_duration: 933455.366
tot_uptimes: 243
tot_uptimes_duration: 14520.0
