comms_cons: 195.5169663784683
finished_reconf: true
global_termination_time: 1931894.358
local_termination_time: 451860.1404800005
node_cons: 39694.54896781757
tot_aggregated_send: 25636
tot_msg_rcv: 1403
tot_msg_sent: 2679
tot_reconf_duration: 4.8100000000000005
tot_sleeping_duration: 1902254.3154400166
tot_uptimes: 495
tot_uptimes_duration: 29640.04255998344
