comms_cons: 189.0335743951798
finished_reconf: true
global_termination_time: 1932222.74
local_termination_time: 1150006.5743599997
node_cons: 39692.10189999949
tot_aggregated_send: 27956
tot_msg_rcv: 206
tot_msg_sent: 570
tot_reconf_duration: 3.05
tot_sleeping_duration: 1902582.74
tot_uptimes: 495
tot_uptimes_duration: 29640.0
