comms_cons: 73.51002879762046
finished_reconf: true
global_termination_time: 740078.3764799999
local_termination_time: 740078.3353599999
node_cons: 15236.044224310905
tot_aggregated_send: 10440
tot_msg_rcv: 212
tot_msg_sent: 521
tot_reconf_duration: 24.59
tot_sleeping_duration: 728724.6416000067
tot_uptimes: 190
tot_uptimes_duration: 11353.734879993182
