comms_cons: 36.398015999877806
finished_reconf: true
global_termination_time: 361723.717
local_termination_time: 129631.15223999944
node_cons: 7408.697053359256
tot_aggregated_send: 4988
tot_msg_rcv: 201
tot_msg_sent: 344
tot_reconf_duration: 9.11
tot_sleeping_duration: 356199.9487600006
tot_uptimes: 93
tot_uptimes_duration: 5523.768239999437
