comms_cons: 35.08687360024513
finished_reconf: true
global_termination_time: 357817.68996000016
local_termination_time: 357804.35436
node_cons: 7365.11301744021
tot_aggregated_send: 5162
tot_msg_rcv: 46
tot_msg_sent: 124
tot_reconf_duration: 11.899999999999999
tot_sleeping_duration: 352329.301
tot_uptimes: 92
tot_uptimes_duration: 5488.388960000186
