comms_cons: 36.41649920045223
finished_reconf: true
global_termination_time: 358759.242
local_termination_time: 52119.77476000009
node_cons: 7315.098182240595
tot_aggregated_send: 4814
tot_msg_rcv: 255
tot_msg_sent: 466
tot_reconf_duration: 3.05
tot_sleeping_duration: 353299.2298399996
tot_uptimes: 92
tot_uptimes_duration: 5460.012160000435
