comms_cons: 52.56780800024019
finished_reconf: true
global_termination_time: 532648.48
local_termination_time: 132138.254
node_cons: 10934.776381121443
tot_aggregated_send: 7712
tot_msg_rcv: 108
tot_msg_sent: 170
tot_reconf_duration: 6.279999999999999
tot_sleeping_duration: 524488.4739199989
tot_uptimes: 137
tot_uptimes_duration: 8160.006080001069
