comms_cons: 52.96318720051734
finished_reconf: true
global_termination_time: 533856.371
local_termination_time: 74779.57259999996
node_cons: 10933.173941119174
tot_aggregated_send: 7540
tot_msg_rcv: 166
tot_msg_sent: 344
tot_reconf_duration: 5.1
tot_sleeping_duration: 525696.3649200007
tot_uptimes: 137
tot_uptimes_duration: 8160.006079999366
