comms_cons: 266.30095359829096
finished_reconf: true
global_termination_time: 2632957.41548
local_termination_time: 2632957.37436
node_cons: 54218.402631020195
tot_aggregated_send: 36456
tot_msg_rcv: 1391
tot_msg_sent: 2629
tot_reconf_duration: 37.410000000000004
tot_sleeping_duration: 2592503.644120014
tot_uptimes: 675
tot_uptimes_duration: 40453.77135998609
