comms_cons: 265.6186240059719
finished_reconf: true
global_termination_time: 2634200.864
local_termination_time: 106053.42735999997
node_cons: 54173.96245005786
tot_aggregated_send: 36540
tot_msg_rcv: 1286
tot_msg_sent: 2548
tot_reconf_duration: 18.21
tot_sleeping_duration: 2593760.809280016
tot_uptimes: 675
tot_uptimes_duration: 40440.05471998411
