comms_cons: 263.5495935840626
finished_reconf: true
global_termination_time: 2637657.525
local_termination_time: 1611730.0563599986
node_cons: 54250.051944466286
tot_aggregated_send: 36598
tot_msg_rcv: 1145
tot_msg_sent: 2315
tot_reconf_duration: 15.110000000000001
tot_sleeping_duration: 2597157.5006800094
tot_uptimes: 676
tot_uptimes_duration: 40500.02431999054
