comms_cons: 2.3165055999916366
finished_reconf: true
global_termination_time: 13318.97848
local_termination_time: 13318.93736
node_cons: 292.7635187200006
tot_aggregated_send: 0
tot_msg_rcv: 179
tot_msg_sent: 172
tot_reconf_duration: 24.59
tot_sleeping_duration: 13125.274
tot_uptimes: 4
tot_uptimes_duration: 193.70448000000033
