comms_cons: 2.302719999992391
finished_reconf: true
global_termination_time: 17699.662
local_termination_time: 3091.4237600000038
node_cons: 346.08918000000006
tot_aggregated_send: 0
tot_msg_rcv: 191
tot_msg_sent: 159
tot_reconf_duration: 18.21
tot_sleeping_duration: 17459.662
tot_uptimes: 5
tot_uptimes_duration: 240.0
