comms_cons: 13.844447999700979
finished_reconf: true
global_termination_time: 111935.983
local_termination_time: 42603.460999999996
node_cons: 2258.3923094368884
tot_aggregated_send: 696
tot_msg_rcv: 473
tot_msg_sent: 936
tot_reconf_duration: 6.279999999999999
tot_sleeping_duration: 110255.72604000232
tot_uptimes: 29
tot_uptimes_duration: 1680.2569599976778
