comms_cons: 11.935923200026751
finished_reconf: true
global_termination_time: 111136.971
local_termination_time: 68275.51400000001
node_cons: 2307.1997770383186
tot_aggregated_send: 694
tot_msg_rcv: 414
tot_msg_sent: 707
tot_reconf_duration: 22.65
tot_sleeping_duration: 109436.86564000126
tot_uptimes: 29
tot_uptimes_duration: 1700.1053599987426
