comms_cons: 12.832947199739753
finished_reconf: true
global_termination_time: 108302.4
local_termination_time: 75417.41335999996
node_cons: 2184.0582411202868
tot_aggregated_send: 696
tot_msg_rcv: 446
tot_msg_sent: 810
tot_reconf_duration: 10.95
tot_sleeping_duration: 106682.39391999977
tot_uptimes: 28
tot_uptimes_duration: 1620.0060800002175
