comms_cons: 13.47545599960678
finished_reconf: true
global_termination_time: 109754.485
local_termination_time: 60798.85036000001
node_cons: 2265.7127644777465
tot_aggregated_send: 696
tot_msg_rcv: 542
tot_msg_sent: 810
tot_reconf_duration: 11.899999999999999
tot_sleeping_duration: 108074.46068000168
tot_uptimes: 29
tot_uptimes_duration: 1680.024319998316
