comms_cons: 60.16020479881683
finished_reconf: true
global_termination_time: 584792.71
local_termination_time: 340357.8596000001
node_cons: 12001.45126448577
tot_aggregated_send: 7598
tot_msg_rcv: 515
tot_msg_sent: 1031
tot_reconf_duration: 22.65
tot_sleeping_duration: 575852.6856799957
tot_uptimes: 150
tot_uptimes_duration: 8940.024320004275
