comms_cons: 61.13190400007477
finished_reconf: true
global_termination_time: 587421.221
local_termination_time: 204084.6323600005
node_cons: 12068.192245602579
tot_aggregated_send: 7714
tot_msg_rcv: 596
tot_msg_sent: 982
tot_reconf_duration: 12.629999999999999
tot_sleeping_duration: 578421.1905999981
tot_uptimes: 151
tot_uptimes_duration: 9000.03040000191
