comms_cons: 59.265433600323675
finished_reconf: true
global_termination_time: 587198.092
local_termination_time: 443853.40792000026
node_cons: 12067.16019999997
tot_aggregated_send: 8178
tot_msg_rcv: 319
tot_msg_sent: 511
tot_reconf_duration: 11.899999999999999
tot_sleeping_duration: 578198.092
tot_uptimes: 151
tot_uptimes_duration: 9000.0
