comms_cons: 111.91219199575465
finished_reconf: true
global_termination_time: 1117125.886
local_termination_time: 162930.1610000009
node_cons: 22988.387447360892
tot_aggregated_send: 15544
tot_msg_rcv: 424
tot_msg_sent: 1042
tot_reconf_duration: 7.819999999999999
tot_sleeping_duration: 1099965.4917599992
tot_uptimes: 287
tot_uptimes_duration: 17160.394240000664
