comms_cons: 112.03719679621732
finished_reconf: true
global_termination_time: 1119648.856
local_termination_time: 215629.51436000006
node_cons: 22985.7030422383
tot_aggregated_send: 15544
tot_msg_rcv: 441
tot_msg_sent: 1044
tot_reconf_duration: 6.22
tot_sleeping_duration: 1102488.8438400012
tot_uptimes: 287
tot_uptimes_duration: 17160.012159998703
