comms_cons: 168.32287998683427
finished_reconf: true
global_termination_time: 1660316.116
local_termination_time: 619532.4763599999
node_cons: 34165.38870781777
tot_aggregated_send: 22678
tot_msg_rcv: 936
tot_msg_sent: 1970
tot_reconf_duration: 15.34
tot_sleeping_duration: 1634816.0734400165
tot_uptimes: 426
tot_uptimes_duration: 25500.04255998344
