comms_cons: 164.13130239718237
finished_reconf: true
global_termination_time: 1662521.986
local_termination_time: 899733.9996799984
node_cons: 34155.48621999995
tot_aggregated_send: 23954
tot_msg_rcv: 304
tot_msg_sent: 689
tot_reconf_duration: 8.09
tot_sleeping_duration: 1637021.986
tot_uptimes: 426
tot_uptimes_duration: 25500.0
