comms_cons: 164.5457919943827
finished_reconf: true
global_termination_time: 1661675.635
local_termination_time: 677903.8683599998
node_cons: 34169.89459999993
tot_aggregated_send: 24012
tot_msg_rcv: 377
tot_msg_sent: 621
tot_reconf_duration: 18.700000000000003
tot_sleeping_duration: 1636175.635
tot_uptimes: 426
tot_uptimes_duration: 25500.0
