comms_cons: 172.35434237739864
finished_reconf: true
global_termination_time: 1661820.012
local_termination_time: 369169.0874000003
node_cons: 34153.02817116828
tot_aggregated_send: 21982
tot_msg_rcv: 1537
tot_msg_sent: 2679
tot_reconf_duration: 6.22
tot_sleeping_duration: 1636319.9512000238
tot_uptimes: 426
tot_uptimes_duration: 25500.060799976345
