comms_cons: 168.08602878809117
finished_reconf: true
global_termination_time: 1660046.029
local_termination_time: 527962.8333599998
node_cons: 34159.89968558407
tot_aggregated_send: 22678
tot_msg_rcv: 899
tot_msg_sent: 1971
tot_reconf_duration: 11.31
tot_sleeping_duration: 1634545.998600012
tot_uptimes: 426
tot_uptimes_duration: 25500.030399988173
