comms_cons: 72.62120960075111
finished_reconf: true
global_termination_time: 728082.946
local_termination_time: 100570.58235999997
node_cons: 14973.998700000033
tot_aggregated_send: 10324
tot_msg_rcv: 271
tot_msg_sent: 443
tot_reconf_duration: 22.65
tot_sleeping_duration: 716922.946
tot_uptimes: 187
tot_uptimes_duration: 11160.0
