comms_cons: 71.85802240051264
finished_reconf: true
global_termination_time: 729643.831
local_termination_time: 271724.6088400006
node_cons: 14964.071720000056
tot_aggregated_send: 10324
tot_msg_rcv: 228
tot_msg_sent: 370
tot_reconf_duration: 15.34
tot_sleeping_duration: 718483.831
tot_uptimes: 187
tot_uptimes_duration: 11160.0
