comms_cons: 71.24615680010729
finished_reconf: true
global_termination_time: 728158.478
local_termination_time: 245264.78356000024
node_cons: 14977.597400000046
tot_aggregated_send: 10556
tot_msg_rcv: 121
tot_msg_sent: 152
tot_reconf_duration: 25.299999999999997
tot_sleeping_duration: 716998.478
tot_uptimes: 187
tot_uptimes_duration: 11160.0
