comms_cons: 138.51542401259988
finished_reconf: true
global_termination_time: 287143.9410800006
local_termination_time: 287143.8999600006
node_cons: 17448.359466602913
tot_aggregated_send: 0
tot_msg_rcv: 8492
tot_msg_sent: 12558
tot_reconf_duration: 24.59
tot_sleeping_duration: 274137.99167999846
tot_uptimes: 215
tot_uptimes_duration: 13005.94940000215
