comms_cons: 173.61913598200493
finished_reconf: true
global_termination_time: 1711641.374
local_termination_time: 1161038.6323199987
node_cons: 35204.29526223369
tot_aggregated_send: 23200
tot_msg_rcv: 989
tot_msg_sent: 2202
tot_reconf_duration: 11.31
tot_sleeping_duration: 1685361.3618400048
tot_uptimes: 439
tot_uptimes_duration: 26280.01215999527
