comms_cons: 438.08981765616693
finished_reconf: true
global_termination_time: 4398463.259
local_termination_time: 59568.42
node_cons: 90521.84153070231
tot_aggregated_send: 61420
tot_msg_rcv: 1499
tot_msg_sent: 3669
tot_reconf_duration: 22.65
tot_sleeping_duration: 4330882.166520011
tot_uptimes: 1127
tot_uptimes_duration: 67581.09247998861
