comms_cons: 205.13653749361765
finished_reconf: true
global_termination_time: 1040841.469
local_termination_time: 2457.45336
node_cons: 21376.43418447196
tot_aggregated_send: 0
tot_msg_rcv: 15747
tot_msg_sent: 15431
tot_reconf_duration: 4.390000000000001
tot_sleeping_duration: 1024881.4446800061
tot_uptimes: 267
tot_uptimes_duration: 15960.024319993972
