comms_cons: 103.83697919630002
finished_reconf: true
global_termination_time: 1038105.0221200001
local_termination_time: 451907.69140000036
node_cons: 21322.421000797007
tot_aggregated_send: 14674
tot_msg_rcv: 441
tot_msg_sent: 667
tot_reconf_duration: 7.819999999999999
tot_sleeping_duration: 1022188.8149200024
tot_uptimes: 266
tot_uptimes_duration: 15916.207199997734
