comms_cons: 146.88632318700706
finished_reconf: true
global_termination_time: 1426153.591
local_termination_time: 163073.68636000005
node_cons: 29348.926873420416
tot_aggregated_send: 19198
tot_msg_rcv: 1155
tot_msg_sent: 1972
tot_reconf_duration: 18.21
tot_sleeping_duration: 1404253.5180400147
tot_uptimes: 366
tot_uptimes_duration: 21900.07295998535
