comms_cons: 146.25561598105264
finished_reconf: true
global_termination_time: 1425457.68124
local_termination_time: 122747.50447999997
node_cons: 29373.99183165905
tot_aggregated_send: 18966
tot_msg_rcv: 1137
tot_msg_sent: 2126
tot_reconf_duration: 22.65
tot_sleeping_duration: 1403543.3921200158
tot_uptimes: 366
tot_uptimes_duration: 21914.289119984314
