comms_cons: 141.63701759300312
finished_reconf: true
global_termination_time: 1428044.763
local_termination_time: 617278.6167199997
node_cons: 29331.473939999956
tot_aggregated_send: 20474
tot_msg_rcv: 363
tot_msg_sent: 691
tot_reconf_duration: 5.43
tot_sleeping_duration: 1406144.763
tot_uptimes: 366
tot_uptimes_duration: 21900.0
