comms_cons: 11.500441599988964
finished_reconf: true
global_termination_time: 119301.25159999989
local_termination_time: 4871.17748
node_cons: 2456.8427183998506
tot_aggregated_send: 1682
tot_msg_rcv: 20
tot_msg_sent: 46
tot_reconf_duration: 18.21
tot_sleeping_duration: 117484.886
tot_uptimes: 31
tot_uptimes_duration: 1816.3655999998882
