comms_cons: 40.72733440123581
finished_reconf: true
global_termination_time: 390710.223
local_termination_time: 4611.11336
node_cons: 8068.398105605741
tot_aggregated_send: 5046
tot_msg_rcv: 410
tot_msg_sent: 735
tot_reconf_duration: 25.299999999999997
tot_sleeping_duration: 384710.19259999576
tot_uptimes: 101
tot_uptimes_duration: 6000.030400004282
