comms_cons: 40.24447360095471
finished_reconf: true
global_termination_time: 391456.211
local_termination_time: 112607.8114799997
node_cons: 8059.427164485747
tot_aggregated_send: 5104
tot_msg_rcv: 329
tot_msg_sent: 683
tot_reconf_duration: 18.700000000000003
tot_sleeping_duration: 385456.18667999574
tot_uptimes: 101
tot_uptimes_duration: 6000.024320004275
