comms_cons: 40.390336000468
finished_reconf: true
global_termination_time: 393750.876
local_termination_time: 225208.28136000005
node_cons: 8041.382081121432
tot_aggregated_send: 5220
tot_msg_rcv: 342
tot_msg_sent: 578
tot_reconf_duration: 5.43
tot_sleeping_duration: 387750.8699199989
tot_uptimes: 101
tot_uptimes_duration: 6000.006080001069
