comms_cons: 281.51989761622565
finished_reconf: true
global_termination_time: 2808276.269
local_termination_time: 55922.524400000075
node_cons: 57862.73370669995
tot_aggregated_send: 39498
tot_msg_rcv: 1032
tot_msg_sent: 2262
tot_reconf_duration: 13.17
tot_sleeping_duration: 2765076.232520014
tot_uptimes: 720
tot_uptimes_duration: 43200.03647998581
