comms_cons: 285.8922112189018
finished_reconf: true
global_termination_time: 2810670.745
local_termination_time: 49905.71704000015
node_cons: 57849.04776893821
tot_aggregated_send: 38570
tot_msg_rcv: 1684
tot_msg_sent: 3200
tot_reconf_duration: 3.08
tot_sleeping_duration: 2767470.696360016
tot_uptimes: 720
tot_uptimes_duration: 43200.04863998451
