comms_cons: 284.2227711969408
finished_reconf: true
global_termination_time: 2810015.593
local_termination_time: 981322.3253599999
node_cons: 57862.00852782203
tot_aggregated_send: 38744
tot_msg_rcv: 1440
tot_msg_sent: 3015
tot_reconf_duration: 12.629999999999999
tot_sleeping_duration: 2766815.5504400125
tot_uptimes: 720
tot_uptimes_duration: 43200.04255998734
