comms_cons: 284.32012800704945
finished_reconf: true
global_termination_time: 2809955.843
local_termination_time: 966391.156879999
node_cons: 57865.65614334973
tot_aggregated_send: 39034
tot_msg_rcv: 1463
tot_msg_sent: 2718
tot_reconf_duration: 15.34
tot_sleeping_duration: 2766755.8247600067
tot_uptimes: 720
tot_uptimes_duration: 43200.01823999314
