comms_cons: 2.5264127999916512
finished_reconf: true
global_termination_time: 15094.936
local_termination_time: 4253.84236
node_cons: 248.58405999999962
tot_aggregated_send: 0
tot_msg_rcv: 213
tot_msg_sent: 170
tot_reconf_duration: 5.57
tot_sleeping_duration: 14914.936
tot_uptimes: 4
tot_uptimes_duration: 180.0
