comms_cons: 1.598745599998939
finished_reconf: true
global_termination_time: 17722.384
local_termination_time: 5321.28736
node_cons: 355.7174000000002
tot_aggregated_send: 0
tot_msg_rcv: 146
tot_msg_sent: 97
tot_reconf_duration: 25.299999999999997
tot_sleeping_duration: 17482.384
tot_uptimes: 5
tot_uptimes_duration: 240.0
