comms_cons: 67.40222720052373
finished_reconf: true
global_termination_time: 680561.915
local_termination_time: 22218.587600000006
node_cons: 13987.688240000023
tot_aggregated_send: 9802
tot_msg_rcv: 157
tot_msg_sent: 286
tot_reconf_duration: 6.279999999999999
tot_sleeping_duration: 670121.915
tot_uptimes: 175
tot_uptimes_duration: 10440.0
