comms_cons: 67.64733440034146
finished_reconf: true
global_termination_time: 682704.465
local_termination_time: 247010.8731600003
node_cons: 13983.301900000004
tot_aggregated_send: 9628
tot_msg_rcv: 236
tot_msg_sent: 418
tot_reconf_duration: 3.05
tot_sleeping_duration: 672264.465
tot_uptimes: 175
tot_uptimes_duration: 10440.0
