comms_cons: 67.60785919749091
finished_reconf: true
global_termination_time: 677043.749
local_termination_time: 62635.15836000001
node_cons: 13923.549180000022
tot_aggregated_send: 9512
tot_msg_rcv: 259
tot_msg_sent: 505
tot_reconf_duration: 18.21
tot_sleeping_duration: 666663.749
tot_uptimes: 174
tot_uptimes_duration: 10380.000000000002
