comms_cons: 67.08810239825586
finished_reconf: true
global_termination_time: 678616.127
local_termination_time: 380704.70920000016
node_cons: 13914.178980000017
tot_aggregated_send: 9744
tot_msg_rcv: 173
tot_msg_sent: 280
tot_reconf_duration: 11.31
tot_sleeping_duration: 668236.127
tot_uptimes: 174
tot_uptimes_duration: 10380.0
