comms_cons: 67.19994879981698
finished_reconf: true
global_termination_time: 677396.588
local_termination_time: 1123.7543600000004
node_cons: 13906.20208112003
tot_aggregated_send: 9628
tot_msg_rcv: 184
tot_msg_sent: 402
tot_reconf_duration: 5.43
tot_sleeping_duration: 667016.58192
tot_uptimes: 174
tot_uptimes_duration: 10380.006080000006
