comms_cons: 15.600537599984833
finished_reconf: true
global_termination_time: 141621.33936000097
local_termination_time: 141621.33936000097
node_cons: 3014.341648639076
tot_aggregated_send: 1494
tot_msg_rcv: 235
tot_msg_sent: 641
tot_reconf_duration: 24.59
tot_sleeping_duration: 139395.08960000167
tot_uptimes: 37
tot_uptimes_duration: 2226.2497599993003
