comms_cons: 15.704204799765261
finished_reconf: true
global_termination_time: 141622.12924000015
local_termination_time: 41963.54036000002
node_cons: 2918.6138715985235
tot_aggregated_send: 1392
tot_msg_rcv: 318
tot_msg_sent: 677
tot_reconf_duration: 4.390000000000001
tot_sleeping_duration: 139446.88484000126
tot_uptimes: 37
tot_uptimes_duration: 2175.24439999889
