comms_cons: 15.671654399606494
finished_reconf: true
global_termination_time: 144125.694
local_termination_time: 98407.44235999996
node_cons: 2896.3981822382875
tot_aggregated_send: 1682
tot_msg_rcv: 294
tot_msg_sent: 406
tot_reconf_duration: 3.05
tot_sleeping_duration: 141965.68184000126
tot_uptimes: 37
tot_uptimes_duration: 2160.0121599987324
