comms_cons: 18.111564799626507
finished_reconf: true
global_termination_time: 143577.807
local_termination_time: 92112.17535999998
node_cons: 2907.61526223832
tot_aggregated_send: 1218
tot_msg_rcv: 672
tot_msg_sent: 863
tot_reconf_duration: 11.31
tot_sleeping_duration: 141417.79484000127
tot_uptimes: 37
tot_uptimes_duration: 2160.0121599987324
