comms_cons: 76.07654399733012
finished_reconf: true
global_termination_time: 749304.364
local_termination_time: 364257.642
node_cons: 15380.803614315042
tot_aggregated_send: 10013
tot_msg_rcv: 503
tot_msg_sent: 1047
tot_reconf_duration: 25.299999999999997
tot_sleeping_duration: 737843.2391200037
tot_uptimes: 192
tot_uptimes_duration: 11461.124879996292
