comms_cons: 76.63514879598084
finished_reconf: true
global_termination_time: 753351.711
local_termination_time: 426690.08348000003
node_cons: 15443.197424476526
tot_aggregated_send: 10092
tot_msg_rcv: 518
tot_msg_sent: 1038
tot_reconf_duration: 13.17
tot_sleeping_duration: 741831.6866800026
tot_uptimes: 193
tot_uptimes_duration: 11520.024319997407
