comms_cons: 79.46344959650031
finished_reconf: true
global_termination_time: 752731.28
local_termination_time: 96148.52707999991
node_cons: 15440.736673434214
tot_aggregated_send: 9628
tot_msg_rcv: 932
tot_msg_sent: 1520
tot_reconf_duration: 11.31
tot_sleeping_duration: 741211.2070400043
tot_uptimes: 193
tot_uptimes_duration: 11520.072959995654
