comms_cons: 44.77145600015152
finished_reconf: true
global_termination_time: 454921.86
local_termination_time: 6605.3708000000015
node_cons: 9353.797400000012
tot_aggregated_send: 6612
tot_msg_rcv: 101
tot_msg_sent: 92
tot_reconf_duration: 25.299999999999997
tot_sleeping_duration: 447961.86
tot_uptimes: 117
tot_uptimes_duration: 6960.0
