comms_cons: 45.916236800750895
finished_reconf: true
global_termination_time: 454651.098
local_termination_time: 93379.30047999995
node_cons: 9330.426220000007
tot_aggregated_send: 6322
tot_msg_rcv: 258
tot_msg_sent: 399
tot_reconf_duration: 8.09
tot_sleeping_duration: 447691.098
tot_uptimes: 117
tot_uptimes_duration: 6960.0
