comms_cons: 45.06654720027262
finished_reconf: true
global_termination_time: 453268.493
local_termination_time: 53117.419680000145
node_cons: 9332.232360000009
tot_aggregated_send: 6438
tot_msg_rcv: 129
tot_msg_sent: 282
tot_reconf_duration: 9.42
tot_sleeping_duration: 446308.493
tot_uptimes: 117
tot_uptimes_duration: 6960.0
