comms_cons: 44.93391359983788
finished_reconf: true
global_termination_time: 454337.158
local_termination_time: 43508.555920000064
node_cons: 9336.591540000018
tot_aggregated_send: 6554
tot_msg_rcv: 113
tot_msg_sent: 163
tot_reconf_duration: 12.629999999999999
tot_sleeping_duration: 447377.158
tot_uptimes: 117
tot_uptimes_duration: 6960.0
