comms_cons: 46.035289600743795
finished_reconf: true
global_termination_time: 453463.482
local_termination_time: 3083.5066000000006
node_cons: 9334.318241120305
tot_aggregated_send: 6032
tot_msg_rcv: 279
tot_msg_sent: 686
tot_reconf_duration: 10.95
tot_sleeping_duration: 446503.4759199998
tot_uptimes: 117
tot_uptimes_duration: 6960.0060800002175
