comms_cons: 37.68033280051876
finished_reconf: true
global_termination_time: 364012.094
local_termination_time: 84518.23407999965
node_cons: 7497.014600000025
tot_aggregated_send: 4872
tot_msg_rcv: 373
tot_msg_sent: 482
tot_reconf_duration: 18.700000000000003
tot_sleeping_duration: 358432.094
tot_uptimes: 94
tot_uptimes_duration: 5580.0
