comms_cons: 37.77052160038386
finished_reconf: true
global_termination_time: 381512.255
local_termination_time: 354370.6255200004
node_cons: 7803.59956000002
tot_aggregated_send: 5394
tot_msg_rcv: 121
tot_msg_sent: 225
tot_reconf_duration: 7.819999999999999
tot_sleeping_duration: 375692.255
tot_uptimes: 98
tot_uptimes_duration: 5820.0
