comms_cons: 85.25985279951576
finished_reconf: true
global_termination_time: 852271.543
local_termination_time: 258047.2729200003
node_cons: 17548.493682238313
tot_aggregated_send: 11310
tot_msg_rcv: 507
tot_msg_sent: 1142
tot_reconf_duration: 25.299999999999997
tot_sleeping_duration: 839191.5308400012
tot_uptimes: 219
tot_uptimes_duration: 13080.012159998703
