comms_cons: 86.58787839730438
finished_reconf: true
global_termination_time: 853110.316
local_termination_time: 230583.74836000006
node_cons: 17520.700826714812
tot_aggregated_send: 11600
tot_msg_rcv: 514
tot_msg_sent: 1047
tot_reconf_duration: 4.8100000000000005
tot_sleeping_duration: 840030.2795200039
tot_uptimes: 219
tot_uptimes_duration: 13080.03647999611
