comms_cons: 86.32568319576593
finished_reconf: true
global_termination_time: 854503.04
local_termination_time: 470258.04664000036
node_cons: 17520.138607822388
tot_aggregated_send: 11484
tot_msg_rcv: 474
tot_msg_sent: 1163
tot_reconf_duration: 4.390000000000001
tot_sleeping_duration: 841422.9974400132
tot_uptimes: 219
tot_uptimes_duration: 13080.042559986876
