comms_cons: 283.3073216131621
finished_reconf: false
global_termination_time: 2809763.148
local_termination_time: 0
node_cons: 57844.799999999275
tot_aggregated_send: 39092
tot_msg_rcv: 1300
tot_msg_sent: 2668
tot_reconf_duration: 0
tot_sleeping_duration: 2766563.148
tot_uptimes: 720
tot_uptimes_duration: 43200.00000000023
