comms_cons: 285.6397248028862
finished_reconf: false
global_termination_time: 2810819.944
local_termination_time: 0
node_cons: 57844.79999999896
tot_aggregated_send: 38976
tot_msg_rcv: 1655
tot_msg_sent: 2784
tot_reconf_duration: 0
tot_sleeping_duration: 2767619.944
tot_uptimes: 720
tot_uptimes_duration: 43200.0
