comms_cons: 285.8549504111373
finished_reconf: false
global_termination_time: 2808502.424
local_termination_time: 0
node_cons: 57844.79999999896
tot_aggregated_send: 38396
tot_msg_rcv: 1688
tot_msg_sent: 3364
tot_reconf_duration: 0
tot_sleeping_duration: 2765302.424
tot_uptimes: 720
tot_uptimes_duration: 43200.0
