comms_cons: 546.4808001371688
finished_reconf: true
global_termination_time: 5403090.160999997
local_termination_time: 1518.4694800000004
node_cons: 111183.73259205306
tot_aggregated_send: 75052
tot_msg_rcv: 2826
tot_msg_sent: 5184
tot_reconf_duration: 18.21
tot_sleeping_duration: 5320073.728280014
tot_uptimes: 1384
tot_uptimes_duration: 83016.43271998237
