comms_cons: 104.15763198046038
finished_reconf: true
global_termination_time: 756712.07524
local_termination_time: 21796.273600000004
node_cons: 15549.821346470064
tot_aggregated_send: 4814
tot_msg_rcv: 4614
tot_msg_sent: 6413
tot_reconf_duration: 18.21
tot_sleeping_duration: 745117.5329200075
tot_uptimes: 194
tot_uptimes_duration: 11594.542319992579
