comms_cons: 78.45980159876191
finished_reconf: true
global_termination_time: 758387.609
local_termination_time: 534296.6115999998
node_cons: 15594.520804476626
tot_aggregated_send: 10092
tot_msg_rcv: 671
tot_msg_sent: 1162
tot_reconf_duration: 6.279999999999999
tot_sleeping_duration: 746747.5846800026
tot_uptimes: 195
tot_uptimes_duration: 11640.024319997436
