comms_cons: 77.76542719877027
finished_reconf: true
global_termination_time: 760233.904
local_termination_time: 99339.98335999995
node_cons: 15593.540342238275
tot_aggregated_send: 10208
tot_msg_rcv: 568
tot_msg_sent: 1043
tot_reconf_duration: 5.57
tot_sleeping_duration: 748593.8918400013
tot_uptimes: 195
tot_uptimes_duration: 11640.012159998703
