comms_cons: 76.68778239696573
finished_reconf: true
global_termination_time: 756823.783
local_termination_time: 472148.08636
node_cons: 15518.007662238268
tot_aggregated_send: 10324
tot_msg_rcv: 467
tot_msg_sent: 866
tot_reconf_duration: 9.11
tot_sleeping_duration: 745243.7708400013
tot_uptimes: 194
tot_uptimes_duration: 11580.012159998703
