comms_cons: 77.94696959733137
finished_reconf: true
global_termination_time: 760195.309
local_termination_time: 472138.69936
node_cons: 15598.801206719389
tot_aggregated_send: 10034
tot_msg_rcv: 595
tot_msg_sent: 1218
tot_reconf_duration: 9.42
tot_sleeping_duration: 748555.2725200005
tot_uptimes: 195
tot_uptimes_duration: 11640.036479999544
