comms_cons: 76.80558079786253
finished_reconf: true
global_termination_time: 759208.401
local_termination_time: 159191.39436000003
node_cons: 15600.83824112143
tot_aggregated_send: 10382
tot_msg_rcv: 485
tot_msg_sent: 807
tot_reconf_duration: 10.95
tot_sleeping_duration: 747568.394919999
tot_uptimes: 195
tot_uptimes_duration: 11640.006080001069
