comms_cons: 79.25429759418861
finished_reconf: true
global_termination_time: 759217.133
local_termination_time: 268059.93748
node_cons: 15591.95418447649
tot_aggregated_send: 9570
tot_msg_rcv: 792
tot_msg_sent: 1685
tot_reconf_duration: 4.390000000000001
tot_sleeping_duration: 747577.1086800026
tot_uptimes: 195
tot_uptimes_duration: 11640.024319997407
