comms_cons: 78.18745599654605
finished_reconf: true
global_termination_time: 758545.071
local_termination_time: 86700.22575999974
node_cons: 15590.134464478851
tot_aggregated_send: 9802
tot_msg_rcv: 629
tot_msg_sent: 1452
tot_reconf_duration: 3.05
tot_sleeping_duration: 746905.046680001
tot_uptimes: 195
tot_uptimes_duration: 11640.024319999138
