comms_cons: 76.63354879732356
finished_reconf: true
global_termination_time: 760923.33
local_termination_time: 188290.91836000004
node_cons: 15593.350222242874
tot_aggregated_send: 10208
tot_msg_rcv: 398
tot_msg_sent: 1041
tot_reconf_duration: 5.43
tot_sleeping_duration: 749283.3178399978
tot_uptimes: 195
tot_uptimes_duration: 11640.012160002138
