comms_cons: 272.1492351872593
finished_reconf: true
global_termination_time: 2777826.521
local_termination_time: 1669179.39536
node_cons: 57129.31220111592
tot_aggregated_send: 39092
tot_msg_rcv: 800
tot_msg_sent: 1473
tot_reconf_duration: 5.57
tot_sleeping_duration: 2735166.5149200023
tot_uptimes: 712
tot_uptimes_duration: 42660.006079997635
