comms_cons: 273.11637758762873
finished_reconf: true
global_termination_time: 2777301.982
local_termination_time: 1429338.859279999
node_cons: 57128.68208223247
tot_aggregated_send: 38686
tot_msg_rcv: 1025
tot_msg_sent: 1802
tot_reconf_duration: 5.1
tot_sleeping_duration: 2734641.9698400046
tot_uptimes: 712
tot_uptimes_duration: 42660.01215999527
