comms_cons: 281.53145601232154
finished_reconf: true
global_termination_time: 2779855.22
local_termination_time: 1301580.641359998
node_cons: 57125.95520446675
tot_aggregated_send: 38164
tot_msg_rcv: 1585
tot_msg_sent: 3042
tot_reconf_duration: 3.08
tot_sleeping_duration: 2737195.1956800097
tot_uptimes: 712
tot_uptimes_duration: 42660.02431999077
