comms_cons: 277.77731200252924
finished_reconf: true
global_termination_time: 2779293.091
local_termination_time: 668917.63036
node_cons: 57134.56492446639
tot_aggregated_send: 38454
tot_msg_rcv: 1374
tot_msg_sent: 2393
tot_reconf_duration: 9.42
tot_sleeping_duration: 2736633.0666800095
tot_uptimes: 712
tot_uptimes_duration: 42660.02431999054
