comms_cons: 276.2087552129711
finished_reconf: true
global_termination_time: 2779926.936
local_termination_time: 462116.2795600007
node_cons: 57138.9403867
tot_aggregated_send: 38106
tot_msg_rcv: 1323
tot_msg_sent: 2553
tot_reconf_duration: 12.629999999999999
tot_sleeping_duration: 2737266.8995200144
tot_uptimes: 712
tot_uptimes_duration: 42660.03647998581
