comms_cons: 281.920256003388
finished_reconf: true
global_termination_time: 2777155.5451199966
local_termination_time: 19124.820320000003
node_cons: 57158.40923420628
tot_aggregated_send: 37816
tot_msg_rcv: 1720
tot_msg_sent: 3314
tot_reconf_duration: 10.95
tot_sleeping_duration: 2734479.2649600212
tot_uptimes: 712
tot_uptimes_duration: 42676.28015997556
