comms_cons: 278.16102400220734
finished_reconf: true
global_termination_time: 2777367.124
local_termination_time: 740052.5617599981
node_cons: 57132.39212446641
tot_aggregated_send: 38860
tot_msg_rcv: 1167
tot_msg_sent: 2252
tot_reconf_duration: 7.819999999999999
tot_sleeping_duration: 2734707.0996800093
tot_uptimes: 712
tot_uptimes_duration: 42660.02431999054
