comms_cons: 275.81980157978137
finished_reconf: true
global_termination_time: 2779656.719
local_termination_time: 1144225.3967999993
node_cons: 57129.13022223257
tot_aggregated_send: 38280
tot_msg_rcv: 1239
tot_msg_sent: 2404
tot_reconf_duration: 5.43
tot_sleeping_duration: 2736996.706840005
tot_uptimes: 712
tot_uptimes_duration: 42660.01215999527
