comms_cons: 70.1610496002429
finished_reconf: true
global_termination_time: 712825.136
local_termination_time: 419643.4902400005
node_cons: 14628.411980000019
tot_aggregated_send: 10324
tot_msg_rcv: 112
tot_msg_sent: 228
tot_reconf_duration: 4.8100000000000005
tot_sleeping_duration: 701905.136
tot_uptimes: 183
tot_uptimes_duration: 10920.0
