comms_cons: 2.2895615999924344
finished_reconf: true
global_termination_time: 14467.339
local_termination_time: 6662.218360000001
node_cons: 252.01436112000644
tot_aggregated_send: 0
tot_msg_rcv: 180
tot_msg_sent: 168
tot_reconf_duration: 8.09
tot_sleeping_duration: 14287.332919999995
tot_uptimes: 4
tot_uptimes_duration: 180.00608000000466
