comms_cons: 3.0001151999943056
finished_reconf: true
global_termination_time: 19004.501
local_termination_time: 6334.389360000001
node_cons: 334.16050112000516
tot_aggregated_send: 0
tot_msg_rcv: 287
tot_msg_sent: 169
tot_reconf_duration: 9.42
tot_sleeping_duration: 18764.494919999997
tot_uptimes: 5
tot_uptimes_duration: 240.00608000000466
