comms_cons: 2.5150271999970437
finished_reconf: true
global_termination_time: 17769.209
local_termination_time: 11247.728360000001
node_cons: 346.754600000001
tot_aggregated_send: 0
tot_msg_rcv: 223
tot_msg_sent: 159
tot_reconf_duration: 18.700000000000003
tot_sleeping_duration: 17529.209
tot_uptimes: 5
tot_uptimes_duration: 240.0
