comms_cons: 2.892275199995621
finished_reconf: true
global_termination_time: 19185.41
local_termination_time: 7203.30036
node_cons: 336.23009999999977
tot_aggregated_send: 0
tot_msg_rcv: 269
tot_msg_sent: 170
tot_reconf_duration: 10.95
tot_sleeping_duration: 18945.41
tot_uptimes: 5
tot_uptimes_duration: 240.0
