comms_cons: 3.0066943999900633
finished_reconf: true
global_termination_time: 17435.942
local_termination_time: 9504.66736
node_cons: 337.5201999999995
tot_aggregated_send: 0
tot_msg_rcv: 291
tot_msg_sent: 166
tot_reconf_duration: 11.899999999999999
tot_sleeping_duration: 17195.942
tot_uptimes: 5
tot_uptimes_duration: 240.0
