comms_cons: 3.4751615999951335
finished_reconf: true
global_termination_time: 18101.801
local_termination_time: 6782.753360000001
node_cons: 329.81490112000654
tot_aggregated_send: 0
tot_msg_rcv: 354
tot_msg_sent: 175
tot_reconf_duration: 6.22
tot_sleeping_duration: 17861.794919999993
tot_uptimes: 5
tot_uptimes_duration: 240.00608000000466
