comms_cons: 56.89034240018015
finished_reconf: true
global_termination_time: 580744.975
local_termination_time: 2343.6183600000004
node_cons: 11908.204860000016
tot_aggregated_send: 8352
tot_msg_rcv: 75
tot_msg_sent: 220
tot_reconf_duration: 13.17
tot_sleeping_duration: 571864.975
tot_uptimes: 149
tot_uptimes_duration: 8880.0
