comms_cons: 57.68545280041468
finished_reconf: true
global_termination_time: 580603.506
local_termination_time: 68738.15235999996
node_cons: 11905.190100000013
tot_aggregated_send: 8236
tot_msg_rcv: 192
tot_msg_sent: 339
tot_reconf_duration: 10.95
tot_sleeping_duration: 571723.506
tot_uptimes: 149
tot_uptimes_duration: 8880.0
