comms_cons: 56.98225920008759
finished_reconf: true
global_termination_time: 580365.992
local_termination_time: 97769.08235999997
node_cons: 11894.882880000017
tot_aggregated_send: 8410
tot_msg_rcv: 79
tot_msg_sent: 171
tot_reconf_duration: 3.3600000000000003
tot_sleeping_duration: 571485.992
tot_uptimes: 149
tot_uptimes_duration: 8880.0
