comms_cons: 58.10845440051163
finished_reconf: true
global_termination_time: 579030.805
local_termination_time: 51482.51236000011
node_cons: 11894.46190000002
tot_aggregated_send: 8178
tot_msg_rcv: 250
tot_msg_sent: 404
tot_reconf_duration: 3.05
tot_sleeping_duration: 570150.805
tot_uptimes: 149
tot_uptimes_duration: 8880.0
