comms_cons: 382.70581126682794
finished_reconf: true
global_termination_time: 3789350.91
local_termination_time: 463272.0442000002
node_cons: 77937.45361228514
tot_aggregated_send: 52548
tot_msg_rcv: 1900
tot_msg_sent: 3721
tot_reconf_duration: 5.57
tot_sleeping_duration: 3731150.843120025
tot_uptimes: 971
tot_uptimes_duration: 58200.06687997538
