comms_cons: 381.3695616416238
finished_reconf: true
global_termination_time: 3792894.86
local_termination_time: 483628.61036000005
node_cons: 78044.5869522845
tot_aggregated_send: 52896
tot_msg_rcv: 1713
tot_msg_sent: 3356
tot_reconf_duration: 25.299999999999997
tot_sleeping_duration: 3734634.793120025
tot_uptimes: 972
tot_uptimes_duration: 58260.06687997491
