comms_cons: 380.5058304461763
finished_reconf: true
global_termination_time: 3790601.606
local_termination_time: 1042159.968
node_cons: 77935.21398436207
tot_aggregated_send: 53185
tot_msg_rcv: 1564
tot_msg_sent: 3085
tot_reconf_duration: 3.08
tot_sleeping_duration: 3732400.686400027
tot_uptimes: 971
tot_uptimes_duration: 58200.91959997313
