comms_cons: 380.84357124611824
finished_reconf: true
global_termination_time: 3789904.533
local_termination_time: 1212104.4377199989
node_cons: 77955.21902334948
tot_aggregated_send: 53012
tot_msg_rcv: 1638
tot_msg_sent: 3236
tot_reconf_duration: 18.700000000000003
tot_sleeping_duration: 3731704.5147600067
tot_uptimes: 971
tot_uptimes_duration: 58200.01823999337
