comms_cons: 382.786483280748
finished_reconf: true
global_termination_time: 3789147.134
local_termination_time: 1074642.11536
node_cons: 77938.28746558347
tot_aggregated_send: 52432
tot_msg_rcv: 1916
tot_msg_sent: 3833
tot_reconf_duration: 6.22
tot_sleeping_duration: 3730947.103600011
tot_uptimes: 971
tot_uptimes_duration: 58200.030399989104
