comms_cons: 387.19655688683883
finished_reconf: true
global_termination_time: 3791860.129
local_termination_time: 967593.3423599999
node_cons: 78031.02870781714
tot_aggregated_send: 51620
tot_msg_rcv: 2537
tot_msg_sent: 4696
tot_reconf_duration: 15.34
tot_sleeping_duration: 3733600.086440016
tot_uptimes: 972
tot_uptimes_duration: 58260.04255998437
