comms_cons: 101.78022399739912
finished_reconf: true
global_termination_time: 1030004.217
local_termination_time: 491662.21436000004
node_cons: 21136.345800000003
tot_aggregated_send: 14848
tot_msg_rcv: 220
tot_msg_sent: 402
tot_reconf_duration: 5.1
tot_sleeping_duration: 1014224.217
tot_uptimes: 264
tot_uptimes_duration: 15780.0
