comms_cons: 102.13612799850775
finished_reconf: true
global_termination_time: 1033644.379
local_termination_time: 493107.36036000005
node_cons: 21226.919681116873
tot_aggregated_send: 14790
tot_msg_rcv: 251
tot_msg_sent: 483
tot_reconf_duration: 12.629999999999999
tot_sleeping_duration: 1017804.3729200023
tot_uptimes: 265
tot_uptimes_duration: 15840.006079997635
