comms_cons: 101.06434559930601
finished_reconf: true
global_termination_time: 1032809.203
local_termination_time: 432043.03736
node_cons: 21215.7297611214
tot_aggregated_send: 14790
tot_msg_rcv: 167
tot_msg_sent: 404
tot_reconf_duration: 4.390000000000001
tot_sleeping_duration: 1016969.1969199989
tot_uptimes: 265
tot_uptimes_duration: 15840.006080001069
