comms_cons: 98.42659839365461
finished_reconf: true
global_termination_time: 971029.398
local_termination_time: 262535.46836
node_cons: 19932.929651189024
tot_aggregated_send: 12876
tot_msg_rcv: 683
tot_msg_sent: 1400
tot_reconf_duration: 6.279999999999999
tot_sleeping_duration: 956149.3372000082
tot_uptimes: 249
tot_uptimes_duration: 14880.060799991814
