comms_cons: 95.88428799758506
finished_reconf: true
global_termination_time: 970101.037
local_termination_time: 254411.7813200002
node_cons: 19931.94104783626
tot_aggregated_send: 12876
tot_msg_rcv: 528
tot_msg_sent: 1169
tot_reconf_duration: 5.57
tot_sleeping_duration: 955220.9944400028
tot_uptimes: 249
tot_uptimes_duration: 14880.042559997179
