comms_cons: 99.70777599302791
finished_reconf: true
global_termination_time: 966715.601
local_termination_time: 346883.1003200006
node_cons: 19850.938364471927
tot_aggregated_send: 12702
tot_msg_rcv: 854
tot_msg_sent: 1599
tot_reconf_duration: 5.1
tot_sleeping_duration: 951895.576680006
tot_uptimes: 248
tot_uptimes_duration: 14820.024319993972
