comms_cons: 97.89191679406345
finished_reconf: true
global_termination_time: 966689.144
local_termination_time: 206244.18448000005
node_cons: 19928.575910065298
tot_aggregated_send: 12644
tot_msg_rcv: 715
tot_msg_sent: 1520
tot_reconf_duration: 3.08
tot_sleeping_duration: 951809.0892800109
tot_uptimes: 248
tot_uptimes_duration: 14880.054719989013
