comms_cons: 100.98414079392516
finished_reconf: true
global_termination_time: 966864.171
local_termination_time: 330923.8188000007
node_cons: 19856.41650895766
tot_aggregated_send: 12238
tot_msg_rcv: 1125
tot_msg_sent: 1986
tot_reconf_duration: 9.11
tot_sleeping_duration: 952044.1223600018
tot_uptimes: 248
tot_uptimes_duration: 14820.048639998247
