comms_cons: 373.43370245120195
finished_reconf: true
global_termination_time: 3731919.414
local_termination_time: 1444872.191
node_cons: 76733.19560670068
tot_aggregated_send: 52483
tot_msg_rcv: 1367
tot_msg_sent: 2909
tot_reconf_duration: 6.22
tot_sleeping_duration: 3674619.3775200127
tot_uptimes: 956
tot_uptimes_duration: 57300.03647998697
