comms_cons: 74.76665599628123
finished_reconf: true
global_termination_time: 715635.894
local_termination_time: 250375.40236000007
node_cons: 14710.772663355116
tot_aggregated_send: 9454
tot_msg_rcv: 748
tot_msg_sent: 1162
tot_reconf_duration: 6.279999999999999
tot_sleeping_duration: 704655.8757600036
tot_uptimes: 184
tot_uptimes_duration: 10980.018239996338
