comms_cons: 75.29922559495529
finished_reconf: true
global_termination_time: 712429.7874799998
local_termination_time: 712429.7463599999
node_cons: 14691.171477771528
tot_aggregated_send: 8384
tot_msg_rcv: 885
tot_msg_sent: 2176
tot_reconf_duration: 37.410000000000004
tot_sleeping_duration: 701495.9796399913
tot_uptimes: 183
tot_uptimes_duration: 10933.807840008587
