comms_cons: 74.10341119549142
finished_reconf: true
global_termination_time: 714095.521
local_termination_time: 154190.67728000032
node_cons: 14626.11962784082
tot_aggregated_send: 8990
tot_msg_rcv: 697
tot_msg_sent: 1578
tot_reconf_duration: 3.08
tot_sleeping_duration: 703175.4784399994
tot_uptimes: 183
tot_uptimes_duration: 10920.042560000613
