comms_cons: 72.30647679709602
finished_reconf: true
global_termination_time: 713959.811
local_termination_time: 382895.90836000006
node_cons: 14636.7663822383
tot_aggregated_send: 9686
tot_msg_rcv: 441
tot_msg_sent: 864
tot_reconf_duration: 10.95
tot_sleeping_duration: 703039.7988400012
tot_uptimes: 183
tot_uptimes_duration: 10920.012159998703
