comms_cons: 70.6457791994232
finished_reconf: true
global_termination_time: 713851.578
local_termination_time: 371718.9053600001
node_cons: 14642.736143359749
tot_aggregated_send: 9976
tot_msg_rcv: 275
tot_msg_sent: 485
tot_reconf_duration: 15.34
tot_sleeping_duration: 702931.5597600002
tot_uptimes: 183
tot_uptimes_duration: 10920.018239999772
