comms_cons: 89.23690879774023
finished_reconf: true
global_termination_time: 901300.018
local_termination_time: 117331.47799999946
node_cons: 18486.728240000026
tot_aggregated_send: 12760
tot_msg_rcv: 228
tot_msg_sent: 575
tot_reconf_duration: 6.279999999999999
tot_sleeping_duration: 887500.018
tot_uptimes: 231
tot_uptimes_duration: 13800.0
