comms_cons: 88.50402559940392
finished_reconf: true
global_termination_time: 900084.876
local_termination_time: 102223.28347999995
node_cons: 18498.727521119177
tot_aggregated_send: 13108
tot_msg_rcv: 125
tot_msg_sent: 219
tot_reconf_duration: 15.110000000000001
tot_sleeping_duration: 886284.8699200007
tot_uptimes: 231
tot_uptimes_duration: 13800.006079999366
