comms_cons: 68.43470080739083
finished_reconf: true
global_termination_time: 323012.9836000001
local_termination_time: 323012.9424800001
node_cons: 6639.743707364452
tot_aggregated_send: 0
tot_msg_rcv: 5616
tot_msg_sent: 4786
tot_reconf_duration: 24.59
tot_sleeping_duration: 318079.1893599968
tot_uptimes: 83
tot_uptimes_duration: 4933.794240003312
