comms_cons: 33.512409600036925
finished_reconf: true
global_termination_time: 327416.235
local_termination_time: 24947.431000000004
node_cons: 6726.502866240593
tot_aggregated_send: 4292
tot_msg_rcv: 283
tot_msg_sent: 518
tot_reconf_duration: 25.299999999999997
tot_sleeping_duration: 322418.3668399995
tot_uptimes: 84
tot_uptimes_duration: 4997.868160000438
