comms_cons: 3.052467199992005
finished_reconf: true
global_termination_time: 13142.08148
local_termination_time: 13142.04036
node_cons: 310.1730787200009
tot_aggregated_send: 0
tot_msg_rcv: 304
tot_msg_sent: 158
tot_reconf_duration: 37.410000000000004
tot_sleeping_duration: 12948.377
tot_uptimes: 4
tot_uptimes_duration: 193.70448000000033
