comms_cons: 2.835635199990629
finished_reconf: true
global_termination_time: 13751.181
local_termination_time: 10207.719360000001
node_cons: 253.8205011200063
tot_aggregated_send: 0
tot_msg_rcv: 264
tot_msg_sent: 167
tot_reconf_duration: 9.42
tot_sleeping_duration: 13571.174919999996
tot_uptimes: 4
tot_uptimes_duration: 180.00608000000466
