comms_cons: 2.4343039999970504
finished_reconf: true
global_termination_time: 13475.862
local_termination_time: 6915.592360000001
node_cons: 248.3939400000004
tot_aggregated_send: 0
tot_msg_rcv: 200
tot_msg_sent: 169
tot_reconf_duration: 5.43
tot_sleeping_duration: 13295.862
tot_uptimes: 4
tot_uptimes_duration: 180.0
