comms_cons: 50.85063680075846
finished_reconf: true
global_termination_time: 506688.782
local_termination_time: 348919.05648
node_cons: 10398.225541121428
tot_aggregated_send: 7018
tot_msg_rcv: 268
tot_msg_sent: 442
tot_reconf_duration: 25.299999999999997
tot_sleeping_duration: 498948.77591999894
tot_uptimes: 130
tot_uptimes_duration: 7740.006080001069
