comms_cons: 52.16647680125987
finished_reconf: true
global_termination_time: 508138.451
local_termination_time: 136981.37096000015
node_cons: 10459.599685607163
tot_aggregated_send: 6786
tot_msg_rcv: 392
tot_msg_sent: 751
tot_reconf_duration: 11.31
tot_sleeping_duration: 500338.42059999466
tot_uptimes: 131
tot_uptimes_duration: 7800.030400005344
