comms_cons: 109.43904001032338
finished_reconf: true
global_termination_time: 560756.81
local_termination_time: 5222.3135999999995
node_cons: 11494.581620000015
tot_aggregated_send: 0
tot_msg_rcv: 8451
tot_msg_sent: 8184
tot_reconf_duration: 4.390000000000001
tot_sleeping_duration: 552176.81
tot_uptimes: 144
tot_uptimes_duration: 8580.0
