comms_cons: 57.25219840091309
finished_reconf: true
global_termination_time: 562488.923
local_termination_time: 137110.84736000004
node_cons: 11584.343403364304
tot_aggregated_send: 7714
tot_msg_rcv: 355
tot_msg_sent: 633
tot_reconf_duration: 11.31
tot_sleeping_duration: 553848.9047599968
tot_uptimes: 145
tot_uptimes_duration: 8640.018240003206
