comms_cons: 438.5365760890055
finished_reconf: true
global_termination_time: 4342439.086239997
local_termination_time: 56032.047480000016
node_cons: 89364.82603835604
tot_aggregated_send: 59856
tot_msg_rcv: 2250
tot_msg_sent: 4548
tot_reconf_duration: 5.57
tot_sleeping_duration: 4275704.760640028
tot_uptimes: 1113
tot_uptimes_duration: 66734.32559996896
