comms_cons: 436.3323008715553
finished_reconf: true
global_termination_time: 4345766.618
local_termination_time: 1403602.49036
node_cons: 89349.1394900511
tot_aggregated_send: 61190
tot_msg_rcv: 1819
tot_msg_sent: 3310
tot_reconf_duration: 8.09
tot_sleeping_duration: 4279046.56328002
tot_uptimes: 1113
tot_uptimes_duration: 66720.05471998011
