comms_cons: 435.536460856205
finished_reconf: true
global_termination_time: 4345346.084
local_termination_time: 2076075.9683599998
node_cons: 89344.64454446627
tot_aggregated_send: 61074
tot_msg_rcv: 1703
tot_msg_sent: 3422
tot_reconf_duration: 4.8100000000000005
tot_sleeping_duration: 4278626.059680008
tot_uptimes: 1113
tot_uptimes_duration: 66720.02431999147
