comms_cons: 432.27770884544253
finished_reconf: true
global_termination_time: 4345953.452
local_termination_time: 2445769.0326799992
node_cons: 89354.24019999756
tot_aggregated_send: 61770
tot_msg_rcv: 1218
tot_msg_sent: 2715
tot_reconf_duration: 11.899999999999999
tot_sleeping_duration: 4279233.452
tot_uptimes: 1113
tot_uptimes_duration: 66720.00000000006
