comms_cons: 439.910144089429
finished_reconf: true
global_termination_time: 4344629.49
local_termination_time: 1598513.880999999
node_cons: 89342.27888781675
tot_aggregated_send: 59508
tot_msg_rcv: 2359
tot_msg_sent: 4996
tot_reconf_duration: 3.05
tot_sleeping_duration: 4277909.447440016
tot_uptimes: 1113
tot_uptimes_duration: 66720.0425599846
