comms_cons: 435.6905920716525
finished_reconf: true
global_termination_time: 4344177.829
local_termination_time: 1513306.880999998
node_cons: 89349.2844351653
tot_aggregated_send: 60784
tot_msg_rcv: 1773
tot_msg_sent: 3663
tot_reconf_duration: 7.819999999999999
tot_sleeping_duration: 4277457.392200025
tot_uptimes: 1113
tot_uptimes_duration: 66720.43679997581
