comms_cons: 436.61359365904264
finished_reconf: true
global_termination_time: 4343467.625
local_termination_time: 329859.8833600001
node_cons: 89359.03485440419
tot_aggregated_send: 59798
tot_msg_rcv: 2208
tot_msg_sent: 4356
tot_reconf_duration: 15.34
tot_sleeping_duration: 4276747.533040025
tot_uptimes: 1113
tot_uptimes_duration: 66720.09195997502
