comms_cons: 80.96363519927414
finished_reconf: true
global_termination_time: 799521.485
local_termination_time: 524984.7063599998
node_cons: 16396.940342238217
tot_aggregated_send: 10904
tot_msg_rcv: 477
tot_msg_sent: 925
tot_reconf_duration: 5.57
tot_sleeping_duration: 787281.4728400012
tot_uptimes: 205
tot_uptimes_duration: 12240.012159998701
