comms_cons: 95.62557439720158
finished_reconf: true
global_termination_time: 960088.6260799996
local_termination_time: 960088.5849599997
node_cons: 19764.359059839517
tot_aggregated_send: 13571
tot_msg_rcv: 340
tot_msg_sent: 623
tot_reconf_duration: 39.92
tot_sleeping_duration: 945368.57552
tot_uptimes: 246
tot_uptimes_duration: 14720.050559999636
