comms_cons: 92.79961599842072
finished_reconf: true
global_termination_time: 960224.15
local_termination_time: 4522.8060000000005
node_cons: 19687.07794223829
tot_aggregated_send: 12988
tot_msg_rcv: 398
tot_msg_sent: 719
tot_reconf_duration: 2.77
tot_sleeping_duration: 945524.1378400014
tot_uptimes: 246
tot_uptimes_duration: 14700.012159998703
