comms_cons: 273.14206719687877
finished_reconf: true
global_termination_time: 2808668.114
local_termination_time: 6843.127
node_cons: 57849.94408334946
tot_aggregated_send: 39261
tot_msg_rcv: 796
tot_msg_sent: 1459
tot_reconf_duration: 3.77
tot_sleeping_duration: 2765468.0957600074
tot_uptimes: 720
tot_uptimes_duration: 43200.0182399929
