comms_cons: 242.82636799805326
finished_reconf: true
global_termination_time: 2416809.050759998
local_termination_time: 2416809.009639998
node_cons: 49763.8482924595
tot_aggregated_send: 33858
tot_msg_rcv: 1018
tot_msg_sent: 2033
tot_reconf_duration: 24.59
tot_sleeping_duration: 2379669.0544400127
tot_uptimes: 619
tot_uptimes_duration: 37139.996319985425
