comms_cons: 238.09529599134123
finished_reconf: true
global_termination_time: 2417703.011
local_termination_time: 450906.89820000017
node_cons: 49764.84996446663
tot_aggregated_send: 34220
tot_msg_rcv: 651
tot_msg_sent: 1319
tot_reconf_duration: 25.299999999999997
tot_sleeping_duration: 2380562.9866800094
tot_uptimes: 620
tot_uptimes_duration: 37140.02431999054
