comms_cons: 243.52545920052674
finished_reconf: true
global_termination_time: 2420039.786
local_termination_time: 562938.02
node_cons: 49740.29973845768
tot_aggregated_send: 33695
tot_msg_rcv: 1107
tot_msg_sent: 2212
tot_reconf_duration: 4.8100000000000005
tot_sleeping_duration: 2382897.315680016
tot_uptimes: 620
tot_uptimes_duration: 37142.47031998378
