comms_cons: 43.63983360027953
finished_reconf: true
global_termination_time: 443909.029
local_termination_time: 243921.71036000006
node_cons: 9086.948240000012
tot_aggregated_send: 6438
tot_msg_rcv: 84
tot_msg_sent: 111
tot_reconf_duration: 6.279999999999999
tot_sleeping_duration: 437129.029
tot_uptimes: 114
tot_uptimes_duration: 6780.0
