comms_cons: 759.149056186175
finished_reconf: true
global_termination_time: 7601047.587
local_termination_time: 2391615.785999998
node_cons: 156373.12587516307
tot_aggregated_send: 105966
tot_msg_rcv: 3202
tot_msg_sent: 6217
tot_reconf_duration: 15.34
tot_sleeping_duration: 7484279.630200024
tot_uptimes: 1947
tot_uptimes_duration: 116767.95679997653
