comms_cons: 748.0420097433474
finished_reconf: true
global_termination_time: 7601114.477
local_termination_time: 2921804.9053599997
node_cons: 156348.63092893167
tot_aggregated_send: 104980
tot_msg_rcv: 2938
tot_msg_sent: 5780
tot_reconf_duration: 5.1
tot_sleeping_duration: 7484354.428360018
tot_uptimes: 1947
tot_uptimes_duration: 116760.0486399827
