comms_cons: 743.6638017246931
finished_reconf: true
global_termination_time: 7602567.135
local_termination_time: 4708180.542879999
node_cons: 156354.46492446316
tot_aggregated_send: 105734
tot_msg_rcv: 2447
tot_msg_sent: 4850
tot_reconf_duration: 9.42
tot_sleeping_duration: 7485807.110680008
tot_uptimes: 1947
tot_uptimes_duration: 116760.02431999147
