comms_cons: 39.17913600171114
finished_reconf: true
global_termination_time: 219428.735
local_termination_time: 44804.506600000015
node_cons: 4523.769180000002
tot_aggregated_send: 0
tot_msg_rcv: 3008
tot_msg_sent: 2947
tot_reconf_duration: 18.21
tot_sleeping_duration: 216068.735
tot_uptimes: 57
tot_uptimes_duration: 3360.0
