comms_cons: 21.17844480014199
finished_reconf: true
global_termination_time: 218152.016
local_termination_time: 196620.4688000007
node_cons: 4429.319559999973
tot_aggregated_send: 3016
tot_msg_rcv: 35
tot_msg_sent: 167
tot_reconf_duration: 7.819999999999999
tot_sleeping_duration: 214852.016
tot_uptimes: 56
tot_uptimes_duration: 3300.0
