comms_cons: 0.875033600001951
finished_reconf: true
global_termination_time: 5334.338
local_termination_time: 1684.6333600000003
node_cons: 95.69897999999992
tot_aggregated_send: 0
tot_msg_rcv: 85
tot_msg_sent: 48
tot_reconf_duration: 11.31
tot_sleeping_duration: 5274.338
tot_uptimes: 2
tot_uptimes_duration: 60.0
