comms_cons: 725.013855473701
finished_reconf: true
global_termination_time: 1980171.527
local_termination_time: 426558.93348000007
node_cons: 120247.21904641224
tot_aggregated_send: 0
tot_msg_rcv: 44560
tot_msg_sent: 65639
tot_reconf_duration: 18.21
tot_sleeping_duration: 1890386.2470400182
tot_uptimes: 1471
tot_uptimes_duration: 89785.2799599819
