comms_cons: 298.37953258422647
finished_reconf: true
global_termination_time: 1980281.433
local_termination_time: 426562.40460000007
node_cons: 40763.211970055825
tot_aggregated_send: 0
tot_msg_rcv: 23079
tot_msg_sent: 22273
tot_reconf_duration: 22.65
tot_sleeping_duration: 1949861.3782800178
tot_uptimes: 508
tot_uptimes_duration: 30420.054719982145
