comms_cons: 196.65351679268892
finished_reconf: true
global_termination_time: 1979189.16
local_termination_time: 131536.62036000003
node_cons: 40656.222639999694
tot_aggregated_send: 28188
tot_msg_rcv: 583
tot_msg_sent: 1118
tot_reconf_duration: 3.08
tot_sleeping_duration: 1948829.16
tot_uptimes: 507
tot_uptimes_duration: 30360.0
