comms_cons: 198.01431678705936
finished_reconf: true
global_termination_time: 1978563.931
local_termination_time: 502121.15236000007
node_cons: 40662.77353564456
tot_aggregated_send: 26622
tot_msg_rcv: 1139
tot_msg_sent: 2336
tot_reconf_duration: 7.819999999999999
tot_sleeping_duration: 1948203.8458800265
tot_uptimes: 507
tot_uptimes_duration: 30360.08511997375
