comms_cons: 384.48791686511436
finished_reconf: true
global_termination_time: 3786911.283
local_termination_time: 2511602.7
node_cons: 77898.5686773463
tot_aggregated_send: 51850
tot_msg_rcv: 2241
tot_msg_sent: 4348
tot_reconf_duration: 22.65
tot_sleeping_duration: 3728757.5787600083
tot_uptimes: 970
tot_uptimes_duration: 58153.70423999126
