comms_cons: 381.88945927442245
finished_reconf: true
global_termination_time: 3784793.975
local_termination_time: 66577.97579999984
node_cons: 77858.10644687606
tot_aggregated_send: 52258
tot_msg_rcv: 1829
tot_msg_sent: 3958
tot_reconf_duration: 6.279999999999999
tot_sleeping_duration: 3726653.8867200315
tot_uptimes: 970
tot_uptimes_duration: 58140.08827996859
