comms_cons: 384.60541444537154
finished_reconf: true
global_termination_time: 3791166.852
local_termination_time: 1168436.1943199986
node_cons: 77942.24465005621
tot_aggregated_send: 52026
tot_msg_rcv: 2364
tot_msg_sent: 4068
tot_reconf_duration: 9.11
tot_sleeping_duration: 3732966.7972800164
tot_uptimes: 971
tot_uptimes_duration: 58200.05471998354
