comms_cons: 380.7581120323132
finished_reconf: true
global_termination_time: 3789689.409
local_termination_time: 1211438.6593599997
node_cons: 77950.38450893415
tot_aggregated_send: 52142
tot_msg_rcv: 2019
tot_msg_sent: 3712
tot_reconf_duration: 15.110000000000001
tot_sleeping_duration: 3731489.3603600175
tot_uptimes: 971
tot_uptimes_duration: 58200.04863998224
