comms_cons: 676.4141320255964
finished_reconf: true
global_termination_time: 3442257.734
local_termination_time: 1520032.2275999996
node_cons: 70810.33126446624
tot_aggregated_send: 0
tot_msg_rcv: 51727
tot_msg_sent: 51084
tot_reconf_duration: 22.65
tot_sleeping_duration: 3389397.709680009
tot_uptimes: 882
tot_uptimes_duration: 52860.024319991004
