comms_cons: 115.20545279383127
finished_reconf: true
global_termination_time: 1154115.3052400004
local_termination_time: 10731.54748
node_cons: 23797.476634949275
tot_aggregated_send: 15950
tot_msg_rcv: 486
tot_msg_sent: 1072
tot_reconf_duration: 22.65
tot_sleeping_duration: 1136365.7026000083
tot_uptimes: 296
tot_uptimes_duration: 17749.602639991965
