comms_cons: 114.05603839676748
finished_reconf: true
global_termination_time: 1159150.411
local_termination_time: 519798.8813600001
node_cons: 23784.7819000001
tot_aggregated_send: 16704
tot_msg_rcv: 193
tot_msg_sent: 438
tot_reconf_duration: 3.05
tot_sleeping_duration: 1141390.411
tot_uptimes: 297
tot_uptimes_duration: 17760.0
