comms_cons: 158.46626559091413
finished_reconf: true
global_termination_time: 1584493.657
local_termination_time: 644759.0943199996
node_cons: 32568.474982233747
tot_aggregated_send: 22040
tot_msg_rcv: 613
tot_msg_sent: 1434
tot_reconf_duration: 22.65
tot_sleeping_duration: 1560193.6448400046
tot_uptimes: 406
tot_uptimes_duration: 24300.01215999527
