comms_cons: 159.84887039043178
finished_reconf: true
global_termination_time: 1587670.068
local_termination_time: 920098.7803599999
node_cons: 32624.982082233684
tot_aggregated_send: 22098
tot_msg_rcv: 749
tot_msg_sent: 1450
tot_reconf_duration: 5.1
tot_sleeping_duration: 1563310.0558400047
tot_uptimes: 407
tot_uptimes_duration: 24360.01215999527
