comms_cons: 159.57254399071434
finished_reconf: true
global_termination_time: 1588883.91
local_termination_time: 961017.0043599999
node_cons: 32652.41368223378
tot_aggregated_send: 22040
tot_msg_rcv: 725
tot_msg_sent: 1489
tot_reconf_duration: 25.299999999999997
tot_sleeping_duration: 1564523.8978400046
tot_uptimes: 407
tot_uptimes_duration: 24360.01215999527
