comms_cons: 158.8811007895581
finished_reconf: true
global_termination_time: 1585970.104
local_termination_time: 624022.84136
node_cons: 32624.596403350624
tot_aggregated_send: 22156
tot_msg_rcv: 600
tot_msg_sent: 1393
tot_reconf_duration: 4.8100000000000005
tot_sleeping_duration: 1561610.0857600071
tot_uptimes: 407
tot_uptimes_duration: 24360.018239992904
