comms_cons: 125.14954239819289
finished_reconf: true
global_termination_time: 1316896.456
local_termination_time: 3948.436
node_cons: 27084.841041121475
tot_aggregated_send: 18552
tot_msg_rcv: 137
tot_msg_sent: 333
tot_reconf_duration: 7.55
tot_sleeping_duration: 1296676.449919999
tot_uptimes: 338
tot_uptimes_duration: 20220.00608000107
