comms_cons: 189.90860798248568
finished_reconf: true
global_termination_time: 1890361.798
local_termination_time: 1259388.2918399987
node_cons: 38915.343123350154
tot_aggregated_send: 25114
tot_msg_rcv: 1406
tot_msg_sent: 2345
tot_reconf_duration: 22.65
tot_sleeping_duration: 1861321.779760007
tot_uptimes: 485
tot_uptimes_duration: 29040.018239992904
