comms_cons: 279.35571200779714
finished_reconf: true
global_termination_time: 2807070.395
local_termination_time: 1181227.794879998
node_cons: 57721.86554543308
tot_aggregated_send: 39962
tot_msg_rcv: 824
tot_msg_sent: 1674
tot_reconf_duration: 18.21
tot_sleeping_duration: 2763980.6740400046
tot_uptimes: 719
tot_uptimes_duration: 43089.72095999564
