comms_cons: 415.08142086599827
finished_reconf: true
global_termination_time: 4124227.688
local_termination_time: 360464.874
node_cons: 84849.30540500577
tot_aggregated_send: 57476
tot_msg_rcv: 1832
tot_msg_sent: 3782
tot_reconf_duration: 6.279999999999999
tot_sleeping_duration: 4060866.3906400236
tot_uptimes: 1057
tot_uptimes_duration: 63361.2973599761
