comms_cons: 413.535616079465
finished_reconf: true
global_termination_time: 4126888.676
local_termination_time: 1377664.64536
node_cons: 84850.0994900516
tot_aggregated_send: 57130
tot_msg_rcv: 1842
tot_msg_sent: 3883
tot_reconf_duration: 8.09
tot_sleeping_duration: 4063528.6212800196
tot_uptimes: 1057
tot_uptimes_duration: 63360.05471998034
