comms_cons: 416.76851846467
finished_reconf: true
global_termination_time: 4126131.897
local_termination_time: 2015778.8479999981
node_cons: 84850.22001181469
tot_aggregated_send: 57420
tot_msg_rcv: 2097
tot_msg_sent: 3829
tot_reconf_duration: 7.819999999999999
tot_sleeping_duration: 4062771.478440017
tot_uptimes: 1057
tot_uptimes_duration: 63360.418559982674
