comms_cons: 417.891180845198
finished_reconf: true
global_termination_time: 4167159.766
local_termination_time: 1117092.3613599997
node_cons: 85730.18650446594
tot_aggregated_send: 57362
tot_msg_rcv: 1926
tot_msg_sent: 4227
tot_reconf_duration: 5.43
tot_sleeping_duration: 4103139.7416800084
tot_uptimes: 1068
tot_uptimes_duration: 64020.02431999124
