comms_cons: 219.43068798345325
finished_reconf: true
global_termination_time: 2162494.7922399873
local_termination_time: 143891.12136000005
node_cons: 44531.35490716969
tot_aggregated_send: 29638
tot_msg_rcv: 1353
tot_msg_sent: 2359
tot_reconf_duration: 18.21
tot_sleeping_duration: 2129256.0874400097
tot_uptimes: 554
tot_uptimes_duration: 33238.70479997771
