comms_cons: 209.21855999689805
finished_reconf: true
global_termination_time: 2166660.978
local_termination_time: 819387.2943599999
node_cons: 44514.329761116394
tot_aggregated_send: 30566
tot_msg_rcv: 450
tot_msg_sent: 784
tot_reconf_duration: 4.390000000000001
tot_sleeping_duration: 2133420.9719200023
tot_uptimes: 555
tot_uptimes_duration: 33240.006079997635
