comms_cons: 210.07042559096067
finished_reconf: true
global_termination_time: 2166803.137
local_termination_time: 922232.3936399982
node_cons: 44518.99584223329
tot_aggregated_send: 29522
tot_msg_rcv: 671
tot_msg_sent: 1735
tot_reconf_duration: 7.819999999999999
tot_sleeping_duration: 2133563.124840005
tot_uptimes: 555
tot_uptimes_duration: 33240.01215999527
