comms_cons: 83.53482240927468
finished_reconf: true
global_termination_time: 368193.8944800001
local_termination_time: 368193.85336000007
node_cons: 7621.267760019325
tot_aggregated_send: 0
tot_msg_rcv: 7193
tot_msg_sent: 5509
tot_reconf_duration: 37.410000000000004
tot_sleeping_duration: 362540.07447998563
tot_uptimes: 95
tot_uptimes_duration: 5653.820000014421
