comms_cons: 38.68245120120731
finished_reconf: true
global_termination_time: 373604.59
local_termination_time: 218343.58036000005
node_cons: 7647.202664485708
tot_aggregated_send: 4814
tot_msg_rcv: 376
tot_msg_sent: 689
tot_reconf_duration: 10.95
tot_sleeping_duration: 367904.56567999575
tot_uptimes: 96
tot_uptimes_duration: 5700.024320004275
