comms_cons: 36.99484160061207
finished_reconf: true
global_termination_time: 369593.315
local_termination_time: 93749.50395999991
node_cons: 7558.491980000006
tot_aggregated_send: 4872
tot_msg_rcv: 228
tot_msg_sent: 523
tot_reconf_duration: 4.8100000000000005
tot_sleeping_duration: 363953.315
tot_uptimes: 95
tot_uptimes_duration: 5640.0
