comms_cons: 523.8154111813085
finished_reconf: true
global_termination_time: 605980.7965999998
local_termination_time: 605980.7554799998
node_cons: 60406.924595624194
tot_aggregated_send: 0
tot_msg_rcv: 36046
tot_msg_sent: 43565
tot_reconf_duration: 37.410000000000004
tot_sleeping_duration: 560905.2761999809
tot_uptimes: 731
tot_uptimes_duration: 45075.520400018824
