comms_cons: 61.40927999904483
finished_reconf: true
global_termination_time: 612696.46
local_termination_time: 54120.88336000001
node_cons: 12553.879861119165
tot_aggregated_send: 8526
tot_msg_rcv: 296
tot_msg_sent: 511
tot_reconf_duration: 15.34
tot_sleeping_duration: 603336.4539200006
tot_uptimes: 157
tot_uptimes_duration: 9360.006079999366
