comms_cons: 164.7897216180997
finished_reconf: true
global_termination_time: 341485.45648000017
local_termination_time: 941.6324799999992
node_cons: 20644.208758366916
tot_aggregated_send: 0
tot_msg_rcv: 10180
tot_msg_sent: 14864
tot_reconf_duration: 18.21
tot_sleeping_duration: 326086.293239995
tot_uptimes: 248
tot_uptimes_duration: 15399.163240005148
