comms_cons: 35.27635200014969
finished_reconf: true
global_termination_time: 344404.244
local_termination_time: 62534.3811200001
node_cons: 7077.5084833643
tot_aggregated_send: 4582
tot_msg_rcv: 258
tot_msg_sent: 520
tot_reconf_duration: 5.57
tot_sleeping_duration: 339124.2257599968
tot_uptimes: 89
tot_uptimes_duration: 5280.018240003206
