comms_cons: 278.431744025781
finished_reconf: true
global_termination_time: 2810318.123
local_termination_time: 7482.031
node_cons: 57851.67414781742
tot_aggregated_send: 39261
tot_msg_rcv: 1034
tot_msg_sent: 2025
tot_reconf_duration: 5.02
tot_sleeping_duration: 2767118.080440016
tot_uptimes: 720
tot_uptimes_duration: 43200.04255998391
