comms_cons: 284.2354047987917
finished_reconf: true
global_termination_time: 2820314.949
local_termination_time: 2048055.647999998
node_cons: 58063.78188002553
tot_aggregated_send: 39150
tot_msg_rcv: 1327
tot_msg_sent: 2725
tot_reconf_duration: 25.299999999999997
tot_sleeping_duration: 2776977.06664001
tot_uptimes: 723
tot_uptimes_duration: 43337.88235998992
