comms_cons: 286.1234367906624
finished_reconf: true
global_termination_time: 2822451.42
local_termination_time: 1650578.0944399997
node_cons: 58016.4906433499
tot_aggregated_send: 38744
tot_msg_rcv: 1786
tot_msg_sent: 2958
tot_reconf_duration: 8.09
tot_sleeping_duration: 2779131.401760007
tot_uptimes: 723
tot_uptimes_duration: 43320.01823999314
