comms_cons: 282.73228800963676
finished_reconf: true
global_termination_time: 2821213.075
local_termination_time: 1326824.471399998
node_cons: 58018.3212067008
tot_aggregated_send: 39382
tot_msg_rcv: 1304
tot_msg_sent: 2287
tot_reconf_duration: 9.42
tot_sleeping_duration: 2777893.038520014
tot_uptimes: 723
tot_uptimes_duration: 43320.036479986506
