comms_cons: 286.67626241920595
finished_reconf: true
global_termination_time: 2822023.305
local_termination_time: 1217904.980999998
node_cons: 58016.65187069777
tot_aggregated_send: 38686
tot_msg_rcv: 1695
tot_msg_sent: 3192
tot_reconf_duration: 7.819999999999999
tot_sleeping_duration: 2778702.892520016
tot_uptimes: 723
tot_uptimes_duration: 43320.41247998411
