comms_cons: 70.79674879868108
finished_reconf: true
global_termination_time: 707168.216
local_termination_time: 131972.58036000005
node_cons: 14558.691540000027
tot_aggregated_send: 10034
tot_msg_rcv: 274
tot_msg_sent: 453
tot_reconf_duration: 12.629999999999999
tot_sleeping_duration: 696308.216
tot_uptimes: 182
tot_uptimes_duration: 10860.0
