comms_cons: 70.80535040084638
finished_reconf: true
global_termination_time: 707062.845
local_termination_time: 28782.49136
node_cons: 14552.15956000002
tot_aggregated_send: 10092
tot_msg_rcv: 271
tot_msg_sent: 399
tot_reconf_duration: 7.819999999999999
tot_sleeping_duration: 696202.845
tot_uptimes: 182
tot_uptimes_duration: 10860.0
