comms_cons: 69.39740159886824
finished_reconf: true
global_termination_time: 709127.032
local_termination_time: 157429.49836000006
node_cons: 14548.913940000013
tot_aggregated_send: 10324
tot_msg_rcv: 55
tot_msg_sent: 169
tot_reconf_duration: 5.43
tot_sleeping_duration: 698267.032
tot_uptimes: 182
tot_uptimes_duration: 10860.0
