comms_cons: 41.073945600368944
finished_reconf: true
global_termination_time: 410296.813
local_termination_time: 82896.92391999955
node_cons: 8441.66162000001
tot_aggregated_send: 5742
tot_msg_rcv: 157
tot_msg_sent: 344
tot_reconf_duration: 4.390000000000001
tot_sleeping_duration: 403996.813
tot_uptimes: 106
tot_uptimes_duration: 6300.0
