comms_cons: 37.4224896003383
finished_reconf: true
global_termination_time: 381215.661
local_termination_time: 162080.62636000005
node_cons: 7801.508240000007
tot_aggregated_send: 5452
tot_msg_rcv: 67
tot_msg_sent: 169
tot_reconf_duration: 6.279999999999999
tot_sleeping_duration: 375395.661
tot_uptimes: 98
tot_uptimes_duration: 5820.0
