comms_cons: 37.12110079992732
finished_reconf: true
global_termination_time: 381599.695
local_termination_time: 10366.28948
node_cons: 7810.87300112144
tot_aggregated_send: 5510
tot_msg_rcv: 26
tot_msg_sent: 106
tot_reconf_duration: 13.17
tot_sleeping_duration: 375779.68891999894
tot_uptimes: 98
tot_uptimes_duration: 5820.006080001069
