comms_cons: 237.5319230559641
finished_reconf: true
global_termination_time: 1201155.606
local_termination_time: 2542.5663600000003
node_cons: 24689.141744471966
tot_aggregated_send: 0
tot_msg_rcv: 18296
tot_msg_sent: 17803
tot_reconf_duration: 18.21
tot_sleeping_duration: 1182735.5816800059
tot_uptimes: 308
tot_uptimes_duration: 18420.024319993972
