comms_cons: 118.76113919787706
finished_reconf: true
global_termination_time: 1201271.692
local_termination_time: 935635.6834799988
node_cons: 24698.737400000104
tot_aggregated_send: 17284
tot_msg_rcv: 269
tot_msg_sent: 498
tot_reconf_duration: 25.299999999999997
tot_sleeping_duration: 1182851.692
tot_uptimes: 308
tot_uptimes_duration: 18420.0
