comms_cons: 235.30405105717776
finished_reconf: true
global_termination_time: 1199858.5647999996
local_termination_time: 1131.8410400000016
node_cons: 24729.790627433027
tot_aggregated_send: 0
tot_msg_rcv: 17952
tot_msg_sent: 17812
tot_reconf_duration: 22.65
tot_sleeping_duration: 1181412.6858400048
tot_uptimes: 308
tot_uptimes_duration: 18445.878959994763
