comms_cons: 121.1174911915874
finished_reconf: true
global_termination_time: 1199858.68736
local_termination_time: 67512.645
node_cons: 24696.843684626532
tot_aggregated_send: 16348
tot_msg_rcv: 599
tot_msg_sent: 1462
tot_reconf_duration: 7.819999999999999
tot_sleeping_duration: 1181422.3736000103
tot_uptimes: 308
tot_uptimes_duration: 18436.313759989906
