comms_cons: 121.1708415966641
finished_reconf: true
global_termination_time: 607886.837
local_termination_time: 871.4354799999992
node_cons: 12460.312906727462
tot_aggregated_send: 0
tot_msg_rcv: 9413
tot_msg_sent: 9002
tot_reconf_duration: 5.57
tot_sleeping_duration: 598586.8005199945
tot_uptimes: 156
tot_uptimes_duration: 9300.036480005561
