comms_cons: 121.9651455952452
finished_reconf: true
global_termination_time: 610995.562
local_termination_time: 1961.9193600000003
node_cons: 12539.998364483461
tot_aggregated_send: 0
tot_msg_rcv: 9480
tot_msg_sent: 9059
tot_reconf_duration: 5.1
tot_sleeping_duration: 601635.5376799974
tot_uptimes: 157
tot_uptimes_duration: 9360.024320002572
