comms_cons: 61.70631680059744
finished_reconf: true
global_termination_time: 612162.213
local_termination_time: 289124.89336000005
node_cons: 12553.57566224286
tot_aggregated_send: 8410
tot_msg_rcv: 341
tot_msg_sent: 628
tot_reconf_duration: 15.110000000000001
tot_sleeping_duration: 602802.2008399979
tot_uptimes: 157
tot_uptimes_duration: 9360.012160002138
