comms_cons: 62.705267199595525
finished_reconf: true
global_termination_time: 608448.177
local_termination_time: 151205.58464000086
node_cons: 12459.27268560257
tot_aggregated_send: 8062
tot_msg_rcv: 536
tot_msg_sent: 932
tot_reconf_duration: 4.8100000000000005
tot_sleeping_duration: 599148.1465999981
tot_uptimes: 156
tot_uptimes_duration: 9300.03040000191
