comms_cons: 60.82292479953496
finished_reconf: true
global_termination_time: 608132.321
local_termination_time: 338397.66500000044
node_cons: 12468.86019999997
tot_aggregated_send: 8584
tot_msg_rcv: 263
tot_msg_sent: 396
tot_reconf_duration: 11.899999999999999
tot_sleeping_duration: 598832.321
tot_uptimes: 156
tot_uptimes_duration: 9300.0
