comms_cons: 62.166169600007635
finished_reconf: true
global_termination_time: 608768.432
local_termination_time: 139489.96136000004
node_cons: 12463.35212448571
tot_aggregated_send: 8120
tot_msg_rcv: 461
tot_msg_sent: 867
tot_reconf_duration: 7.819999999999999
tot_sleeping_duration: 599468.4076799958
tot_uptimes: 156
tot_uptimes_duration: 9300.024320004275
