comms_cons: 66.85845760152303
finished_reconf: true
global_termination_time: 609790.685
local_termination_time: 2182.2976000000003
node_cons: 12541.54374784747
tot_aggregated_send: 7598
tot_msg_rcv: 1105
tot_msg_sent: 1459
tot_reconf_duration: 6.22
tot_sleeping_duration: 600430.6424399945
tot_uptimes: 157
tot_uptimes_duration: 9360.042560005568
