comms_cons: 67.52676480542354
finished_reconf: true
global_termination_time: 295335.4215200004
local_termination_time: 295335.3804000004
node_cons: 6116.005522570726
tot_aggregated_send: 0
tot_msg_rcv: 5851
tot_msg_sent: 4411
tot_reconf_duration: 37.410000000000004
tot_sleeping_duration: 290805.7704799924
tot_uptimes: 76
tot_uptimes_duration: 4529.651040007999
