comms_cons: 78.85073919833249
finished_reconf: true
global_termination_time: 781978.474
local_termination_time: 192735.8912000002
node_cons: 16080.428367836263
tot_aggregated_send: 10266
tot_msg_rcv: 591
tot_msg_sent: 1127
tot_reconf_duration: 9.11
tot_sleeping_duration: 769978.4314400029
tot_uptimes: 201
tot_uptimes_duration: 12000.042559997179
