comms_cons: 78.0217599987939
finished_reconf: true
global_termination_time: 781208.72
local_termination_time: 239108.49148000008
node_cons: 16088.527521121476
tot_aggregated_send: 10672
tot_msg_rcv: 421
tot_msg_sent: 766
tot_reconf_duration: 15.110000000000001
tot_sleeping_duration: 769208.713919999
tot_uptimes: 201
tot_uptimes_duration: 12000.006080001069
