comms_cons: 155.45290235512505
finished_reconf: true
global_termination_time: 784569.858
local_termination_time: 3439.8043600000005
node_cons: 16072.158182242885
tot_aggregated_send: 0
tot_msg_rcv: 12023
tot_msg_sent: 11603
tot_reconf_duration: 3.05
tot_sleeping_duration: 772569.8458399979
tot_uptimes: 201
tot_uptimes_duration: 12000.012160002138
