comms_cons: 108.65324799368167
finished_reconf: true
global_termination_time: 1072318.0602399989
local_termination_time: 1072318.019119999
node_cons: 22097.323708073432
tot_aggregated_send: 14602
tot_msg_rcv: 597
tot_msg_sent: 1315
tot_reconf_duration: 24.59
tot_sleeping_duration: 1055840.1435200039
tot_uptimes: 275
tot_uptimes_duration: 16477.91671999506
