comms_cons: 30.553804800123615
finished_reconf: true
global_termination_time: 314575.276
local_termination_time: 189694.11652000083
node_cons: 6437.819559999976
tot_aggregated_send: 4466
tot_msg_rcv: 70
tot_msg_sent: 108
tot_reconf_duration: 7.819999999999999
tot_sleeping_duration: 309775.276
tot_uptimes: 81
tot_uptimes_duration: 4800.0
