comms_cons: 175.32217592999336
finished_reconf: true
global_termination_time: 892278.3755999999
local_termination_time: 237.13403999999997
node_cons: 18362.84289287641
tot_aggregated_send: 0
tot_msg_rcv: 13424
tot_msg_sent: 13223
tot_reconf_duration: 18.21
tot_sleeping_duration: 878582.9956800026
tot_uptimes: 229
tot_uptimes_duration: 13695.3799199973
