comms_cons: 88.9316735967446
finished_reconf: true
global_termination_time: 895457.737
local_termination_time: 612248.549359998
node_cons: 18460.348933037316
tot_aggregated_send: 12876
tot_msg_rcv: 238
tot_msg_sent: 403
tot_reconf_duration: 25.299999999999997
tot_sleeping_duration: 881696.727640002
tot_uptimes: 230
tot_uptimes_duration: 13761.00935999793
