comms_cons: 88.2139135975176
finished_reconf: true
global_termination_time: 897025.08
local_termination_time: 704660.5978799991
node_cons: 18415.744860000083
tot_aggregated_send: 12934
tot_msg_rcv: 138
tot_msg_sent: 336
tot_reconf_duration: 13.17
tot_sleeping_duration: 883285.08
tot_uptimes: 230
tot_uptimes_duration: 13740.0
