comms_cons: 88.74024959907749
finished_reconf: true
global_termination_time: 895418.63
local_termination_time: 197170.54636000004
node_cons: 18405.233940000016
tot_aggregated_send: 12876
tot_msg_rcv: 211
tot_msg_sent: 401
tot_reconf_duration: 5.43
tot_sleeping_duration: 881678.63
tot_uptimes: 230
tot_uptimes_duration: 13740.0
