comms_cons: 112.15893760496239
finished_reconf: true
global_termination_time: 566832.8607199999
local_termination_time: 1696.1551600000014
node_cons: 11701.687106199808
tot_aggregated_send: 0
tot_msg_rcv: 8609
tot_msg_sent: 8437
tot_reconf_duration: 4.8100000000000005
tot_sleeping_duration: 558098.6149200001
tot_uptimes: 146
tot_uptimes_duration: 8734.245799999844
