comms_cons: 13.001126399935984
finished_reconf: true
global_termination_time: 102985.941
local_termination_time: 39688.79848000001
node_cons: 2106.7655656014535
tot_aggregated_send: 638
tot_msg_rcv: 587
tot_msg_sent: 752
tot_reconf_duration: 13.17
tot_sleeping_duration: 101425.91059999891
tot_uptimes: 27
tot_uptimes_duration: 1560.0304000010874
