comms_cons: 13.232652799517304
finished_reconf: true
global_termination_time: 107896.27
local_termination_time: 35868.75992000016
node_cons: 2185.3646233585955
tot_aggregated_send: 754
tot_msg_rcv: 507
tot_msg_sent: 750
tot_reconf_duration: 11.899999999999999
tot_sleeping_duration: 106276.25176000105
tot_uptimes: 28
tot_uptimes_duration: 1620.0182399989499
