comms_cons: 13.49811199948841
finished_reconf: true
global_termination_time: 103321.301
local_termination_time: 49038.54156000014
node_cons: 2096.246504477745
tot_aggregated_send: 522
tot_msg_rcv: 600
tot_msg_sent: 929
tot_reconf_duration: 5.43
tot_sleeping_duration: 101761.2766800017
tot_uptimes: 27
tot_uptimes_duration: 1560.024319998316
