comms_cons: 76.98384640023221
finished_reconf: true
global_termination_time: 764799.47
local_termination_time: 181556.72248000008
node_cons: 15684.209283364331
tot_aggregated_send: 10672
tot_msg_rcv: 398
tot_msg_sent: 632
tot_reconf_duration: 13.17
tot_sleeping_duration: 753099.4517599967
tot_uptimes: 196
tot_uptimes_duration: 11700.018240003206
