comms_cons: 79.21332479504368
finished_reconf: true
global_termination_time: 764278.792
local_termination_time: 16581.62848
node_cons: 15673.706504478869
tot_aggregated_send: 10034
tot_msg_rcv: 728
tot_msg_sent: 1277
tot_reconf_duration: 5.43
tot_sleeping_duration: 752578.767680001
tot_uptimes: 196
tot_uptimes_duration: 11700.024319999138
