comms_cons: 49.45584640042254
finished_reconf: true
global_termination_time: 498927.658
local_termination_time: 449409.5662800004
node_cons: 10210.744060000023
tot_aggregated_send: 7018
tot_msg_rcv: 154
tot_msg_sent: 344
tot_reconf_duration: 5.57
tot_sleeping_duration: 491307.658
tot_uptimes: 128
tot_uptimes_duration: 7620.0
