comms_cons: 371.43531496006216
finished_reconf: true
global_termination_time: 1488315.996
local_termination_time: 1276587.516639999
node_cons: 60664.23037299861
tot_aggregated_send: 0
tot_msg_rcv: 18942
tot_msg_sent: 37514
tot_reconf_duration: 13.17
tot_sleeping_duration: 1443023.729
tot_uptimes: 747
tot_uptimes_duration: 45292.26699999988
