comms_cons: 152.7598463856319
finished_reconf: true
global_termination_time: 1490364.998
local_termination_time: 315826.48040000076
node_cons: 30615.558607822415
tot_aggregated_send: 19778
tot_msg_rcv: 1226
tot_msg_sent: 2214
tot_reconf_duration: 4.390000000000001
tot_sleeping_duration: 1467504.955440013
tot_uptimes: 382
tot_uptimes_duration: 22860.042559986876
