comms_cons: 150.6896447889967
finished_reconf: true
global_termination_time: 1489761.936
local_termination_time: 222286.54036000004
node_cons: 30620.208406705613
tot_aggregated_send: 20184
tot_msg_rcv: 801
tot_msg_sent: 1918
tot_reconf_duration: 7.819999999999999
tot_sleeping_duration: 1466901.8995200107
tot_uptimes: 382
tot_uptimes_duration: 22860.03647998924
