comms_cons: 2.7895807999949653
finished_reconf: true
global_termination_time: 13915.136
local_termination_time: 5691.427360000001
node_cons: 265.74918
tot_aggregated_send: 0
tot_msg_rcv: 265
tot_msg_sent: 159
tot_reconf_duration: 18.21
tot_sleeping_duration: 13735.136
tot_uptimes: 4
tot_uptimes_duration: 180.0
