comms_cons: 2.329036799992304
finished_reconf: true
global_termination_time: 14805.181
local_termination_time: 10713.768360000002
node_cons: 275.3774000000015
tot_aggregated_send: 0
tot_msg_rcv: 202
tot_msg_sent: 151
tot_reconf_duration: 25.299999999999997
tot_sleeping_duration: 14625.181
tot_uptimes: 4
tot_uptimes_duration: 180.0
