comms_cons: 37.15274240075708
finished_reconf: true
global_termination_time: 366503.906
local_termination_time: 240559.97244000025
node_cons: 7484.023944485733
tot_aggregated_send: 4872
tot_msg_rcv: 257
tot_msg_sent: 518
tot_reconf_duration: 9.11
tot_sleeping_duration: 360923.88167999574
tot_uptimes: 94
tot_uptimes_duration: 5580.0243200042605
