comms_cons: 38.42315520106614
finished_reconf: true
global_termination_time: 365738.013
local_termination_time: 161329.62708000018
node_cons: 7492.171944485751
tot_aggregated_send: 4524
tot_msg_rcv: 453
tot_msg_sent: 864
tot_reconf_duration: 15.110000000000001
tot_sleeping_duration: 360157.9886799957
tot_uptimes: 94
tot_uptimes_duration: 5580.024320004275
