comms_cons: 38.173145600905016
finished_reconf: true
global_termination_time: 365357.328
local_termination_time: 174935.72936000003
node_cons: 7484.428642242848
tot_aggregated_send: 4756
tot_msg_rcv: 414
tot_msg_sent: 632
tot_reconf_duration: 9.42
tot_sleeping_duration: 359777.31583999784
tot_uptimes: 94
tot_uptimes_duration: 5580.0121600021375
