comms_cons: 91.80020480005675
finished_reconf: true
global_termination_time: 922762.472
local_termination_time: 5285.132
node_cons: 18989.697722238292
tot_aggregated_send: 13087
tot_msg_rcv: 284
tot_msg_sent: 582
tot_reconf_duration: 21.68
tot_sleeping_duration: 908602.4598400013
tot_uptimes: 237
tot_uptimes_duration: 14160.012159998703
