comms_cons: 92.01731839732896
finished_reconf: true
global_termination_time: 922470.331
local_termination_time: 3996.8949999999995
node_cons: 18969.028962241468
tot_aggregated_send: 13101
tot_msg_rcv: 303
tot_msg_sent: 582
tot_reconf_duration: 6.46
tot_sleeping_duration: 908310.318839999
tot_uptimes: 237
tot_uptimes_duration: 14160.012160001073
