comms_cons: 355.37454721626676
finished_reconf: true
global_termination_time: 3582373.159
local_termination_time: 1976554.3242799982
node_cons: 73680.32452223262
tot_aggregated_send: 50054
tot_msg_rcv: 1280
tot_msg_sent: 2680
tot_reconf_duration: 6.279999999999999
tot_sleeping_duration: 3527353.1468400043
tot_uptimes: 918
tot_uptimes_duration: 55020.012159995735
