comms_cons: 360.0270656277317
finished_reconf: true
global_termination_time: 3582276.722
local_termination_time: 360189.8133600001
node_cons: 73702.60382893392
tot_aggregated_send: 50170
tot_msg_rcv: 1544
tot_msg_sent: 3007
tot_reconf_duration: 22.65
tot_sleeping_duration: 3527256.6733600185
tot_uptimes: 918
tot_uptimes_duration: 55020.048639981775
