comms_cons: 354.35131521331857
finished_reconf: true
global_termination_time: 3584451.555
local_termination_time: 1894553.4723599998
node_cons: 73684.64563005125
tot_aggregated_send: 49880
tot_msg_rcv: 1388
tot_msg_sent: 2590
tot_reconf_duration: 9.42
tot_sleeping_duration: 3529431.5002800203
tot_uptimes: 918
tot_uptimes_duration: 55020.054719979875
