comms_cons: 358.7791552290792
finished_reconf: true
global_termination_time: 3584216.942
local_termination_time: 1459162.5841199988
node_cons: 73680.28374781733
tot_aggregated_send: 50054
tot_msg_rcv: 1395
tot_msg_sent: 3084
tot_reconf_duration: 6.22
tot_sleeping_duration: 3529196.8994400157
tot_uptimes: 918
tot_uptimes_duration: 55020.04255998437
