comms_cons: 380.67909124363064
finished_reconf: true
global_termination_time: 3766933.470239997
local_termination_time: 106212.3824799997
node_cons: 77475.18760387818
tot_aggregated_send: 51620
tot_msg_rcv: 2075
tot_msg_sent: 4165
tot_reconf_duration: 5.1
tot_sleeping_duration: 3709078.1589600267
tot_uptimes: 965
tot_uptimes_duration: 57855.31127997016
