comms_cons: 376.1666688537343
finished_reconf: true
global_termination_time: 3769321.231
local_termination_time: 2257996.5613599997
node_cons: 77543.00266446601
tot_aggregated_send: 52548
tot_msg_rcv: 1367
tot_msg_sent: 3262
tot_reconf_duration: 10.95
tot_sleeping_duration: 3711421.206680009
tot_uptimes: 966
tot_uptimes_duration: 57900.02431999124
