comms_cons: 373.81820802695927
finished_reconf: true
global_termination_time: 3770497.873
local_termination_time: 2263632.90836
node_cons: 77544.26834111514
tot_aggregated_send: 54172
tot_msg_rcv: 858
tot_msg_sent: 1787
tot_reconf_duration: 11.899999999999999
tot_sleeping_duration: 3712597.8669200023
tot_uptimes: 966
tot_uptimes_duration: 57900.00607999787
