comms_cons: 383.6395648655707
finished_reconf: true
global_termination_time: 3767052.052
local_termination_time: 1574625.8663599999
node_cons: 77453.75418446593
tot_aggregated_send: 51562
tot_msg_rcv: 2396
tot_msg_sent: 4352
tot_reconf_duration: 4.390000000000001
tot_sleeping_duration: 3709212.027680009
tot_uptimes: 965
tot_uptimes_duration: 57840.024319991004
