comms_cons: 380.0113280508673
finished_reconf: true
global_termination_time: 3771677.639
local_termination_time: 1474186.2313199986
node_cons: 77538.760265583
tot_aggregated_send: 52490
tot_msg_rcv: 1788
tot_msg_sent: 3480
tot_reconf_duration: 7.819999999999999
tot_sleeping_duration: 3713777.6086000116
tot_uptimes: 966
tot_uptimes_duration: 57900.03039998864
