comms_cons: 379.1063744551474
finished_reconf: true
global_termination_time: 3769362.252
local_termination_time: 721088.9170799996
node_cons: 77549.00499005504
tot_aggregated_send: 52200
tot_msg_rcv: 1648
tot_msg_sent: 3770
tot_reconf_duration: 15.34
tot_sleeping_duration: 3711462.197280017
tot_uptimes: 966
tot_uptimes_duration: 57900.054719982785
