comms_cons: 122.93893119525364
finished_reconf: true
global_termination_time: 1239966.986
local_termination_time: 244390.15336000005
node_cons: 25475.34406000005
tot_aggregated_send: 17748
tot_msg_rcv: 304
tot_msg_sent: 633
tot_reconf_duration: 5.57
tot_sleeping_duration: 1220946.986
tot_uptimes: 318
tot_uptimes_duration: 19020.0
