comms_cons: 359.8636477756574
finished_reconf: true
global_termination_time: 1240014.013
local_termination_time: 661752.7875999989
node_cons: 50338.75146899968
tot_aggregated_send: 0
tot_msg_rcv: 18386
tot_msg_sent: 36311
tot_reconf_duration: 13.17
tot_sleeping_duration: 1202433.0819999997
tot_uptimes: 624
tot_uptimes_duration: 37580.93100000023
