comms_cons: 126.07063039092418
finished_reconf: true
global_termination_time: 1239326.927
local_termination_time: 908395.0543999982
node_cons: 25473.757902233727
tot_aggregated_send: 16646
tot_msg_rcv: 774
tot_msg_sent: 1742
tot_reconf_duration: 4.390000000000001
tot_sleeping_duration: 1220306.9148400046
tot_uptimes: 318
tot_uptimes_duration: 19020.01215999527
