comms_cons: 306.97231358473175
finished_reconf: true
global_termination_time: 3107556.527
local_termination_time: 813292.2133599999
node_cons: 63876.30232558289
tot_aggregated_send: 42920
tot_msg_rcv: 1214
tot_msg_sent: 2524
tot_reconf_duration: 4.390000000000001
tot_sleeping_duration: 3059856.496600012
tot_uptimes: 796
tot_uptimes_duration: 47700.03039998817
