comms_cons: 298.97858558547347
finished_reconf: true
global_termination_time: 3107010.66
local_termination_time: 1907373.6993599997
node_cons: 63878.75490111549
tot_aggregated_send: 42746
tot_msg_rcv: 956
tot_msg_sent: 1741
tot_reconf_duration: 6.22
tot_sleeping_duration: 3059310.6539200027
tot_uptimes: 796
tot_uptimes_duration: 47700.006079997635
