comms_cons: 211.46269438646104
finished_reconf: true
global_termination_time: 2101043.4211199926
local_termination_time: 13478.9726
node_cons: 43299.74758414619
tot_aggregated_send: 28942
tot_msg_rcv: 1102
tot_msg_sent: 2098
tot_reconf_duration: 22.65
tot_sleeping_duration: 2068729.0156800027
tot_uptimes: 539
tot_uptimes_duration: 32314.40543998999
