comms_cons: 209.23234558679124
finished_reconf: true
global_termination_time: 2101939.681
local_termination_time: 287076.4841200009
node_cons: 43229.48454447612
tot_aggregated_send: 29232
tot_msg_rcv: 873
tot_msg_sent: 1697
tot_reconf_duration: 4.8100000000000005
tot_sleeping_duration: 2069659.6566800023
tot_uptimes: 539
tot_uptimes_duration: 32280.024319997407
