comms_cons: 48.50248960066763
finished_reconf: true
global_termination_time: 482154.627
local_termination_time: 3096.9116000000004
node_cons: 9912.58684112002
tot_aggregated_send: 6612
tot_msg_rcv: 259
tot_msg_sent: 501
tot_reconf_duration: 22.65
tot_sleeping_duration: 474774.62091999996
tot_uptimes: 124
tot_uptimes_duration: 7380.0060800000065
