comms_cons: 47.07383039985587
finished_reconf: true
global_termination_time: 482484.475
local_termination_time: 385766.5944800001
node_cons: 9902.65986112148
tot_aggregated_send: 7018
tot_msg_rcv: 34
tot_msg_sent: 102
tot_reconf_duration: 15.34
tot_sleeping_duration: 475104.4689199989
tot_uptimes: 124
tot_uptimes_duration: 7380.006080001069
