comms_cons: 144.40028158815178
finished_reconf: true
global_termination_time: 1424319.2943199987
local_termination_time: 4431.058480000001
node_cons: 29331.369584062395
tot_aggregated_send: 19662
tot_msg_rcv: 804
tot_msg_sent: 1481
tot_reconf_duration: 18.21
tot_sleeping_duration: 1402432.333600012
tot_uptimes: 365
tot_uptimes_duration: 21886.96071998682
