comms_cons: 141.21496319762625
finished_reconf: true
global_termination_time: 1427329.47
local_termination_time: 923056.9123599998
node_cons: 29328.282639999987
tot_aggregated_send: 20532
tot_msg_rcv: 295
tot_msg_sent: 636
tot_reconf_duration: 3.08
tot_sleeping_duration: 1405429.47
tot_uptimes: 366
tot_uptimes_duration: 21900.0
