comms_cons: 140.69619199603423
finished_reconf: true
global_termination_time: 1428735.813
local_termination_time: 796673.0553199996
node_cons: 29340.260200000077
tot_aggregated_send: 20648
tot_msg_rcv: 226
tot_msg_sent: 511
tot_reconf_duration: 11.899999999999999
tot_sleeping_duration: 1406835.813
tot_uptimes: 366
tot_uptimes_duration: 21900.0
