comms_cons: 1.4751743999983522
finished_reconf: true
global_termination_time: 14900.556
local_termination_time: 5778.410320000003
node_cons: 258.9048600000001
tot_aggregated_send: 0
tot_msg_rcv: 118
tot_msg_sent: 106
tot_reconf_duration: 13.17
tot_sleeping_duration: 14720.556
tot_uptimes: 4
tot_uptimes_duration: 180.0
