comms_cons: 23.27125760006981
finished_reconf: true
global_termination_time: 208182.38072000054
local_termination_time: 208182.33960000053
node_cons: 4343.73191344275
tot_aggregated_send: 2480
tot_msg_rcv: 427
tot_msg_sent: 629
tot_reconf_duration: 24.59
tot_sleeping_duration: 204963.3077599985
tot_uptimes: 54
tot_uptimes_duration: 3219.0729600020422
