comms_cons: 20.903372800166817
finished_reconf: true
global_termination_time: 208332.05
local_termination_time: 147241.27248000007
node_cons: 4282.773603363145
tot_aggregated_send: 2842
tot_msg_rcv: 117
tot_msg_sent: 218
tot_reconf_duration: 18.21
tot_sleeping_duration: 205152.03175999763
tot_uptimes: 54
tot_uptimes_duration: 3180.018240002355
