comms_cons: 21.790310400187604
finished_reconf: true
global_termination_time: 213825.588
local_termination_time: 17031.897520000006
node_cons: 4342.501900000007
tot_aggregated_send: 2784
tot_msg_rcv: 181
tot_msg_sent: 347
tot_reconf_duration: 3.05
tot_sleeping_duration: 210585.588
tot_uptimes: 55
tot_uptimes_duration: 3240.0
