comms_cons: 95.63330559162624
finished_reconf: true
global_termination_time: 948185.6594799998
local_termination_time: 948185.6183599998
node_cons: 19511.473784313188
tot_aggregated_send: 12908
tot_msg_rcv: 510
tot_msg_sent: 1116
tot_reconf_duration: 37.410000000000004
tot_sleeping_duration: 933651.9246000049
tot_uptimes: 243
tot_uptimes_duration: 14533.734879994881
