comms_cons: 96.45062399516324
finished_reconf: true
global_termination_time: 948383.299
local_termination_time: 815757.9263599998
node_cons: 19462.831944467336
tot_aggregated_send: 12818
tot_msg_rcv: 634
tot_msg_sent: 1207
tot_reconf_duration: 15.110000000000001
tot_sleeping_duration: 933863.2746800095
tot_uptimes: 243
tot_uptimes_duration: 14520.024319990538
