comms_cons: 97.13321599454932
finished_reconf: true
global_termination_time: 951403.007
local_termination_time: 563857.7924399995
node_cons: 19539.787822238297
tot_aggregated_send: 12934
tot_msg_rcv: 678
tot_msg_sent: 1151
tot_reconf_duration: 12.629999999999999
tot_sleeping_duration: 936822.9948400013
tot_uptimes: 244
tot_uptimes_duration: 14580.012159998703
