comms_cons: 173.99317753250114
finished_reconf: true
global_termination_time: 951289.451
local_termination_time: 324374.71336000005
node_cons: 19531.091183350487
tot_aggregated_send: 0
tot_msg_rcv: 13450
tot_msg_sent: 12997
tot_reconf_duration: 6.22
tot_sleeping_duration: 936709.4327600071
tot_uptimes: 244
tot_uptimes_duration: 14580.018239992904
