comms_cons: 273.91646718475323
finished_reconf: true
global_termination_time: 2773295.432
local_termination_time: 1239252.9285999988
node_cons: 57049.93638111586
tot_aggregated_send: 38454
tot_msg_rcv: 1089
tot_msg_sent: 2090
tot_reconf_duration: 6.279999999999999
tot_sleeping_duration: 2730695.425920002
tot_uptimes: 711
tot_uptimes_duration: 42600.006079997635
