comms_cons: 56.501196800307
finished_reconf: true
global_termination_time: 576470.935
local_termination_time: 121370.06647999995
node_cons: 11818.516381121444
tot_aggregated_send: 8352
tot_msg_rcv: 66
tot_msg_sent: 169
tot_reconf_duration: 6.279999999999999
tot_sleeping_duration: 567650.9289199989
tot_uptimes: 148
tot_uptimes_duration: 8820.006080001069
