comms_cons: 56.76533760040312
finished_reconf: true
global_termination_time: 574697.589
local_termination_time: 22161.293120000006
node_cons: 11822.51861480145
tot_aggregated_send: 8294
tot_msg_rcv: 108
tot_msg_sent: 226
tot_reconf_duration: 7.819999999999999
tot_sleeping_duration: 565876.155799999
tot_uptimes: 148
tot_uptimes_duration: 8821.433200001073
