comms_cons: 205.91355519441584
finished_reconf: true
global_termination_time: 2125110.11
local_termination_time: 1000349.1753599999
node_cons: 43725.81614335003
tot_aggregated_send: 29986
tot_msg_rcv: 447
tot_msg_sent: 864
tot_reconf_duration: 15.34
tot_sleeping_duration: 2092470.091760007
tot_uptimes: 545
tot_uptimes_duration: 32640.018239992904
