comms_cons: 131.72042239317378
finished_reconf: true
global_termination_time: 1327445.23
local_termination_time: 911122.3851199991
node_cons: 27322.140121116954
tot_aggregated_send: 18502
tot_msg_rcv: 498
tot_msg_sent: 1020
tot_reconf_duration: 4.8100000000000005
tot_sleeping_duration: 1307045.2239200023
tot_uptimes: 340
tot_uptimes_duration: 20400.006079997635
