comms_cons: 133.30246399445312
finished_reconf: true
global_termination_time: 1329107.797
local_termination_time: 221059.64156000022
node_cons: 27330.991544471966
tot_aggregated_send: 18618
tot_msg_rcv: 544
tot_msg_sent: 1099
tot_reconf_duration: 11.31
tot_sleeping_duration: 1308707.772680006
tot_uptimes: 341
tot_uptimes_duration: 20400.024319993972
