comms_cons: 24.83647999998381
finished_reconf: true
global_termination_time: 247883.734
local_termination_time: 69059.45839999951
node_cons: 5067.951980000002
tot_aggregated_send: 3364
tot_msg_rcv: 125
tot_msg_sent: 286
tot_reconf_duration: 4.8100000000000005
tot_sleeping_duration: 244103.734
tot_uptimes: 64
tot_uptimes_duration: 3780.0
