comms_cons: 71.89263360527904
finished_reconf: true
global_termination_time: 247319.61816000033
local_termination_time: 247319.57704000032
node_cons: 10110.790452240492
tot_aggregated_send: 0
tot_msg_rcv: 3669
tot_msg_sent: 7258
tot_reconf_duration: 24.59
tot_sleeping_duration: 239793.55599999998
tot_uptimes: 125
tot_uptimes_duration: 7526.062160000351
