comms_cons: 270.4116992202859
finished_reconf: true
global_termination_time: 2808082.316
local_termination_time: 5064.102
node_cons: 57854.873623349784
tot_aggregated_send: 39490
tot_msg_rcv: 573
tot_msg_sent: 1038
tot_reconf_duration: 7.3999999999999995
tot_sleeping_duration: 2764882.297760007
tot_uptimes: 720
tot_uptimes_duration: 43200.01823999314
