comms_cons: 217.78389118768737
finished_reconf: true
global_termination_time: 2180108.245119997
local_termination_time: 509909.2296000001
node_cons: 44885.81140525913
tot_aggregated_send: 30682
tot_msg_rcv: 808
tot_msg_sent: 1610
tot_reconf_duration: 25.299999999999997
tot_sleeping_duration: 2146612.0136000123
tot_uptimes: 559
tot_uptimes_duration: 33496.23151998478
