comms_cons: 217.8469503870368
finished_reconf: true
global_termination_time: 2184689.174
local_termination_time: 1752033.9344799998
node_cons: 44918.53118334997
tot_aggregated_send: 30044
tot_msg_rcv: 837
tot_msg_sent: 2230
tot_reconf_duration: 6.22
tot_sleeping_duration: 2151149.155760007
tot_uptimes: 560
tot_uptimes_duration: 33540.0182399929
