comms_cons: 47.92124800125538
finished_reconf: true
global_termination_time: 470878.03648000007
local_termination_time: 470877.99536000006
node_cons: 9692.576083205846
tot_aggregated_send: 6192
tot_msg_rcv: 319
tot_msg_sent: 771
tot_reconf_duration: 24.59
tot_sleeping_duration: 463664.3076799957
tot_uptimes: 121
tot_uptimes_duration: 7213.728800004348
