comms_cons: 47.47550720070346
finished_reconf: true
global_termination_time: 471899.827
local_termination_time: 96192.50979999955
node_cons: 9644.950041121429
tot_aggregated_send: 6264
tot_msg_rcv: 256
tot_msg_sent: 696
tot_reconf_duration: 3.05
tot_sleeping_duration: 464699.8209199989
tot_uptimes: 121
tot_uptimes_duration: 7200.006080001069
