comms_cons: 12.50666879994479
finished_reconf: true
global_termination_time: 103469.066
local_termination_time: 28511.392359999998
node_cons: 2104.231544478881
tot_aggregated_send: 928
tot_msg_rcv: 396
tot_msg_sent: 577
tot_reconf_duration: 11.31
tot_sleeping_duration: 101909.04168000084
tot_uptimes: 27
tot_uptimes_duration: 1560.0243199991673
