comms_cons: 59.27859199883387
finished_reconf: true
global_termination_time: 602709.383
local_termination_time: 432070.82456000027
node_cons: 12403.118700000048
tot_aggregated_send: 8758
tot_msg_rcv: 99
tot_msg_sent: 153
tot_reconf_duration: 22.65
tot_sleeping_duration: 593469.383
tot_uptimes: 155
tot_uptimes_duration: 9240.0
