comms_cons: 164.53742718366757
finished_reconf: true
global_termination_time: 1599688.802
local_termination_time: 198412.97420000067
node_cons: 32865.10303118678
tot_aggregated_send: 21054
tot_msg_rcv: 1305
tot_msg_sent: 2649
tot_reconf_duration: 4.390000000000001
tot_sleeping_duration: 1575148.7412000098
tot_uptimes: 410
tot_uptimes_duration: 24540.060799990082
