comms_cons: 162.0306431859684
finished_reconf: true
global_termination_time: 1599692.749
local_termination_time: 1022577.2992799992
node_cons: 32874.44340335046
tot_aggregated_send: 21750
tot_msg_rcv: 990
tot_msg_sent: 1886
tot_reconf_duration: 11.31
tot_sleeping_duration: 1575152.7307600072
tot_uptimes: 410
tot_uptimes_duration: 24540.018239992904
