comms_cons: 248.80960640796388
finished_reconf: true
global_termination_time: 2508528.453
local_termination_time: 816982.2333599998
node_cons: 51670.991379999214
tot_aggregated_send: 36192
tot_msg_rcv: 531
tot_msg_sent: 1094
tot_reconf_duration: 9.11
tot_sleeping_duration: 2469948.453
tot_uptimes: 643
tot_uptimes_duration: 38580.0
