comms_cons: 244.57258239910922
finished_reconf: true
global_termination_time: 2509696.983
local_termination_time: 1945531.21936
node_cons: 51595.43153999941
tot_aggregated_send: 36424
tot_msg_rcv: 170
tot_msg_sent: 579
tot_reconf_duration: 12.629999999999999
tot_sleeping_duration: 2471176.983
tot_uptimes: 643
tot_uptimes_duration: 38520.0
