comms_cons: 251.31438078018698
finished_reconf: true
global_termination_time: 2510107.532
local_termination_time: 735903.920999998
node_cons: 51582.527734518044
tot_aggregated_send: 33408
tot_msg_rcv: 1719
tot_msg_sent: 3072
tot_reconf_duration: 3.05
tot_sleeping_duration: 2471587.452960031
tot_uptimes: 643
tot_uptimes_duration: 38520.07903996919
