comms_cons: 256.9407231906157
finished_reconf: true
global_termination_time: 2509106.496
local_termination_time: 969336.09136
node_cons: 51586.808171168006
tot_aggregated_send: 34046
tot_msg_rcv: 1809
tot_msg_sent: 3199
tot_reconf_duration: 6.22
tot_sleeping_duration: 2470586.435200023
tot_uptimes: 643
tot_uptimes_duration: 38520.06079997658
