comms_cons: 254.4248704050849
finished_reconf: true
global_termination_time: 2510355.276
local_termination_time: 654441.3353599998
node_cons: 51585.71092781761
tot_aggregated_send: 34104
tot_msg_rcv: 1541
tot_msg_sent: 3026
tot_reconf_duration: 5.43
tot_sleeping_duration: 2471835.2334400164
tot_uptimes: 643
tot_uptimes_duration: 38520.04255998391
