comms_cons: 1470.8749793093548
finished_reconf: true
global_termination_time: 5044608.006
local_termination_time: 2982914.494359998
node_cons: 205970.13348202908
tot_aggregated_send: 0
tot_msg_rcv: 74933
tot_msg_sent: 148634
tot_reconf_duration: 18.21
tot_sleeping_duration: 4890802.625640003
tot_uptimes: 2548
tot_uptimes_duration: 153805.3803599973
