comms_cons: 506.33875850560565
finished_reconf: true
global_termination_time: 5042766.457999995
local_termination_time: 1014093.2775999998
node_cons: 103751.596100044
tot_aggregated_send: 70180
tot_msg_rcv: 2283
tot_msg_sent: 4499
tot_reconf_duration: 3.08
tot_sleeping_duration: 4965285.19328002
tot_uptimes: 1292
tot_uptimes_duration: 77481.26471997541
