comms_cons: 505.2436481025917
finished_reconf: true
global_termination_time: 5043189.975
local_termination_time: 1052500.39936
node_cons: 103729.99134893362
tot_aggregated_send: 70586
tot_msg_rcv: 2079
tot_msg_sent: 4129
tot_reconf_duration: 8.09
tot_sleeping_duration: 4965729.926360018
tot_uptimes: 1292
tot_uptimes_duration: 77460.04863998247
