comms_cons: 507.5585665226039
finished_reconf: true
global_termination_time: 5043695.092
local_termination_time: 1385752.0153599998
node_cons: 103739.53265005046
tot_aggregated_send: 70296
tot_msg_rcv: 2325
tot_msg_sent: 4523
tot_reconf_duration: 15.110000000000001
tot_sleeping_duration: 4966235.037280019
tot_uptimes: 1292
tot_uptimes_duration: 77460.05471998034
