comms_cons: 508.85506571452527
finished_reconf: true
global_termination_time: 5045378.481
local_termination_time: 2906050.5960799986
node_cons: 103805.84454446562
tot_aggregated_send: 70296
tot_msg_rcv: 2407
tot_msg_sent: 4640
tot_reconf_duration: 4.8100000000000005
tot_sleeping_duration: 4967858.456680008
tot_uptimes: 1293
tot_uptimes_duration: 77520.02431999147
