comms_cons: 511.14525451131254
finished_reconf: true
global_termination_time: 5043554.269
local_termination_time: 3468394.245959999
node_cons: 103744.38344669947
tot_aggregated_send: 69426
tot_msg_rcv: 2823
tot_msg_sent: 5443
tot_reconf_duration: 18.700000000000003
tot_sleeping_duration: 4966094.232520014
tot_uptimes: 1292
tot_uptimes_duration: 77460.03647998674
