comms_cons: 508.13843212350713
finished_reconf: true
global_termination_time: 5044299.058
local_termination_time: 801509.0421199979
node_cons: 103726.38721005055
tot_aggregated_send: 70238
tot_msg_rcv: 2350
tot_msg_sent: 4646
tot_reconf_duration: 5.43
tot_sleeping_duration: 4966839.00328002
tot_uptimes: 1292
tot_uptimes_duration: 77460.05471998034
