comms_cons: 127.34823038917206
finished_reconf: true
global_termination_time: 1255978.2388399977
local_termination_time: 1255978.2388399977
node_cons: 25916.87144735038
tot_aggregated_send: 17444
tot_msg_rcv: 685
tot_msg_sent: 1226
tot_reconf_duration: 24.59
tot_sleeping_duration: 1236647.7846000048
tot_uptimes: 322
tot_uptimes_duration: 19330.454239992774
