comms_cons: 127.48398718952376
finished_reconf: true
global_termination_time: 1256689.692
local_termination_time: 37473.42648000001
node_cons: 25813.918026714826
tot_aggregated_send: 16704
tot_msg_rcv: 993
tot_msg_sent: 1680
tot_reconf_duration: 18.21
tot_sleeping_duration: 1237429.6555200038
tot_uptimes: 322
tot_uptimes_duration: 19260.03647999611
