comms_cons: 204.90260479368771
finished_reconf: true
global_termination_time: 2079587.268
local_termination_time: 993903.807
node_cons: 42749.3240117565
tot_aggregated_send: 29986
tot_msg_rcv: 405
tot_msg_sent: 753
tot_reconf_duration: 5.1
tot_sleeping_duration: 2047666.1341600022
tot_uptimes: 533
tot_uptimes_duration: 31921.133839997696
