comms_cons: 37.48232960020033
finished_reconf: true
global_termination_time: 382307.874
local_termination_time: 309111.818
node_cons: 7817.070631761463
tot_aggregated_send: 5439
tot_msg_rcv: 84
tot_msg_sent: 175
tot_reconf_duration: 15.34
tot_sleeping_duration: 376485.44015999895
tot_uptimes: 98
tot_uptimes_duration: 5822.43384000106
