comms_cons: 37.718553600403304
finished_reconf: true
global_termination_time: 380055.562
local_termination_time: 46262.80000000019
node_cons: 7797.121900000013
tot_aggregated_send: 5394
tot_msg_rcv: 109
tot_msg_sent: 230
tot_reconf_duration: 3.05
tot_sleeping_duration: 374235.562
tot_uptimes: 98
tot_uptimes_duration: 5820.0
