comms_cons: 432.5123648808861
finished_reconf: true
global_termination_time: 4320127.357
local_termination_time: 252621.687
node_cons: 88890.48695228531
tot_aggregated_send: 61053
tot_msg_rcv: 1602
tot_msg_sent: 3085
tot_reconf_duration: 25.299999999999997
tot_sleeping_duration: 4253767.290120024
tot_uptimes: 1107
tot_uptimes_duration: 66360.06687997584
