comms_cons: 435.97480967961116
finished_reconf: true
global_termination_time: 4319350.048
local_termination_time: 584242.177119999
node_cons: 88873.99813005533
tot_aggregated_send: 60204
tot_msg_rcv: 2116
tot_msg_sent: 3947
tot_reconf_duration: 13.17
tot_sleeping_duration: 4252989.993280018
tot_uptimes: 1107
tot_uptimes_duration: 66360.05471998331
