comms_cons: 435.14675848097903
finished_reconf: true
global_termination_time: 4321555.968
local_termination_time: 1160707.1229599977
node_cons: 88879.27024148815
tot_aggregated_send: 60204
tot_msg_rcv: 1979
tot_msg_sent: 3957
tot_reconf_duration: 9.11
tot_sleeping_duration: 4255187.858320022
tot_uptimes: 1107
tot_uptimes_duration: 66368.10967997788
