comms_cons: 435.11260808154174
finished_reconf: true
global_termination_time: 4321051.012
local_termination_time: 1577864.752
node_cons: 88877.29901766016
tot_aggregated_send: 60086
tot_msg_rcv: 1981
tot_msg_sent: 4070
tot_reconf_duration: 9.42
tot_sleeping_duration: 4254684.688880012
tot_uptimes: 1107
tot_uptimes_duration: 66366.32311998704
