comms_cons: 436.1812224884418
finished_reconf: true
global_termination_time: 4317917.302
local_termination_time: 2656612.3357999995
node_cons: 88790.60266446552
tot_aggregated_send: 59682
tot_msg_rcv: 2210
tot_msg_sent: 4405
tot_reconf_duration: 10.95
tot_sleeping_duration: 4251617.277680009
tot_uptimes: 1106
tot_uptimes_duration: 66300.02431999124
