comms_cons: 437.07985288029846
finished_reconf: true
global_termination_time: 4317609.659
local_termination_time: 1923189.5464399995
node_cons: 88786.36840670028
tot_aggregated_send: 59508
tot_msg_rcv: 2342
tot_msg_sent: 4583
tot_reconf_duration: 7.819999999999999
tot_sleeping_duration: 4251309.622520013
tot_uptimes: 1106
tot_uptimes_duration: 66300.03647998697
