comms_cons: 436.1949312841822
finished_reconf: true
global_termination_time: 4320846.155
local_termination_time: 1873226.64136
node_cons: 88871.44782670027
tot_aggregated_send: 59972
tot_msg_rcv: 2206
tot_msg_sent: 4121
tot_reconf_duration: 11.31
tot_sleeping_duration: 4254486.118520013
tot_uptimes: 1107
tot_uptimes_duration: 66360.03647998697
