comms_cons: 433.3665792739466
finished_reconf: true
global_termination_time: 4318341.466
local_termination_time: 1754088.4841599981
node_cons: 88783.1227867001
tot_aggregated_send: 60030
tot_msg_rcv: 2003
tot_msg_sent: 3837
tot_reconf_duration: 5.43
tot_sleeping_duration: 4252041.429520014
tot_uptimes: 1106
tot_uptimes_duration: 66300.03647998697
