comms_cons: 133.31688958024753
finished_reconf: true
global_termination_time: 673085.676
local_termination_time: 2475.8204800000003
node_cons: 13849.254982238283
tot_aggregated_send: 0
tot_msg_rcv: 10298
tot_msg_sent: 9963
tot_reconf_duration: 22.65
tot_sleeping_duration: 662765.6638400012
tot_uptimes: 173
tot_uptimes_duration: 10320.012159998703
