comms_cons: 68.43683839990803
finished_reconf: true
global_termination_time: 673266.033
local_termination_time: 169875.76460000008
node_cons: 13829.10770112142
tot_aggregated_send: 9222
tot_msg_rcv: 430
tot_msg_sent: 750
tot_reconf_duration: 7.819999999999999
tot_sleeping_duration: 662946.026919999
tot_uptimes: 173
tot_uptimes_duration: 10320.006080001069
