comms_cons: 63.41095679951722
finished_reconf: true
global_termination_time: 639355.33
local_termination_time: 137792.89444000067
node_cons: 13102.984060000026
tot_aggregated_send: 8990
tot_msg_rcv: 189
tot_msg_sent: 459
tot_reconf_duration: 5.57
tot_sleeping_duration: 629575.33
tot_uptimes: 164
tot_uptimes_duration: 9780.0
