comms_cons: 62.18001919948377
finished_reconf: true
global_termination_time: 635092.379
local_termination_time: 38606.71160000001
node_cons: 13019.262640000012
tot_aggregated_send: 9280
tot_msg_rcv: 57
tot_msg_sent: 114
tot_reconf_duration: 3.08
tot_sleeping_duration: 625372.379
tot_uptimes: 163
tot_uptimes_duration: 9720.0
