comms_cons: 62.04185600021502
finished_reconf: true
global_termination_time: 635328.305
local_termination_time: 319208.2216000001
node_cons: 13035.59938
tot_aggregated_send: 9280
tot_msg_rcv: 48
tot_msg_sent: 102
tot_reconf_duration: 15.110000000000001
tot_sleeping_duration: 625608.305
tot_uptimes: 163
tot_uptimes_duration: 9720.0
