comms_cons: 373.32417284523234
finished_reconf: true
global_termination_time: 3753321.796
local_termination_time: 2326914.402239998
node_cons: 77267.84590670567
tot_aggregated_send: 52026
tot_msg_rcv: 1517
tot_msg_sent: 3201
tot_reconf_duration: 25.299999999999997
tot_sleeping_duration: 3695641.819520009
tot_uptimes: 962
tot_uptimes_duration: 57679.97647999087
