comms_cons: 86.85875199890727
finished_reconf: true
global_termination_time: 867594.14
local_termination_time: 171289.73336000007
node_cons: 17843.044060000037
tot_aggregated_send: 12006
tot_msg_rcv: 418
tot_msg_sent: 778
tot_reconf_duration: 5.57
tot_sleeping_duration: 854274.14
tot_uptimes: 223
tot_uptimes_duration: 13320.0
