comms_cons: 88.24743679770596
finished_reconf: true
global_termination_time: 869663.462
local_termination_time: 176980.19336000006
node_cons: 17842.446505602587
tot_aggregated_send: 11542
tot_msg_rcv: 592
tot_msg_sent: 1279
tot_reconf_duration: 5.1
tot_sleeping_duration: 856343.4315999981
tot_uptimes: 223
tot_uptimes_duration: 13320.03040000191
