comms_cons: 89.5758079969925
finished_reconf: true
global_termination_time: 868735.053
local_termination_time: 7247.11748
node_cons: 17869.86182335972
tot_aggregated_send: 11484
tot_msg_rcv: 757
tot_msg_sent: 1374
tot_reconf_duration: 25.299999999999997
tot_sleeping_duration: 855415.0347600002
tot_uptimes: 223
tot_uptimes_duration: 13320.018239999772
