comms_cons: 88.20548479681135
finished_reconf: true
global_termination_time: 872872.658
local_termination_time: 169156.08568000072
node_cons: 17924.29118335972
tot_aggregated_send: 11542
tot_msg_rcv: 588
tot_msg_sent: 1276
tot_reconf_duration: 6.22
tot_sleeping_duration: 859492.6397600003
tot_uptimes: 224
tot_uptimes_duration: 13380.018239999772
