comms_cons: 75.94782079826805
finished_reconf: true
global_termination_time: 754060.93524
local_termination_time: 251293.72136000005
node_cons: 15549.417182719748
tot_aggregated_send: 10382
tot_msg_rcv: 427
tot_msg_sent: 734
tot_reconf_duration: 18.21
tot_sleeping_duration: 742466.6947600002
tot_uptimes: 194
tot_uptimes_duration: 11594.240479999804
