comms_cons: 129.33316478757814
finished_reconf: true
global_termination_time: 755006.842
local_termination_time: 383816.59436000005
node_cons: 15512.562082238255
tot_aggregated_send: 0
tot_msg_rcv: 10074
tot_msg_sent: 9582
tot_reconf_duration: 5.1
tot_sleeping_duration: 743426.8298400013
tot_uptimes: 194
tot_uptimes_duration: 11580.012159998703
