comms_cons: 76.10818559784349
finished_reconf: true
global_termination_time: 756760.075
local_termination_time: 448316.6678000007
node_cons: 15523.513001116835
tot_aggregated_send: 9976
tot_msg_rcv: 580
tot_msg_sent: 1012
tot_reconf_duration: 13.17
tot_sleeping_duration: 745180.0689200023
tot_uptimes: 194
tot_uptimes_duration: 11580.006079997635
