comms_cons: 75.05551359891501
finished_reconf: true
global_termination_time: 755896.764
local_termination_time: 580581.5780399983
node_cons: 15511.589761116873
tot_aggregated_send: 10846
tot_msg_rcv: 216
tot_msg_sent: 346
tot_reconf_duration: 4.390000000000001
tot_sleeping_duration: 744316.7579200023
tot_uptimes: 194
tot_uptimes_duration: 11580.006079997635
