comms_cons: 97.1704895953921
finished_reconf: true
global_termination_time: 972851.976
local_termination_time: 539898.34136
node_cons: 20011.20826223377
tot_aggregated_send: 13804
tot_msg_rcv: 329
tot_msg_sent: 636
tot_reconf_duration: 4.8100000000000005
tot_sleeping_duration: 957911.9638400048
tot_uptimes: 250
tot_uptimes_duration: 14940.012159995269
