comms_cons: 94.64081919505227
finished_reconf: true
global_termination_time: 936201.464
local_termination_time: 7237.7609999999995
node_cons: 19209.168930063035
tot_aggregated_send: 11999
tot_msg_rcv: 818
tot_msg_sent: 1568
tot_reconf_duration: 5.77
tot_sleeping_duration: 921861.4092800127
tot_uptimes: 240
tot_uptimes_duration: 14340.05471998731
