comms_cons: 94.58915839394184
finished_reconf: true
global_termination_time: 935720.525
local_termination_time: 5458.99
node_cons: 19214.09576782937
tot_aggregated_send: 12692
tot_msg_rcv: 575
tot_msg_sent: 1110
tot_reconf_duration: 9.41
tot_sleeping_duration: 921380.4824400081
tot_uptimes: 240
tot_uptimes_duration: 14340.042559992042
