comms_cons: 96.8530303897131
finished_reconf: true
global_termination_time: 932182.023
local_termination_time: 4909.4890000000005
node_cons: 19126.20248237411
tot_aggregated_send: 11827
tot_msg_rcv: 901
tot_msg_sent: 1994
tot_reconf_duration: 3.77
tot_sleeping_duration: 917901.9014000194
tot_uptimes: 239
tot_uptimes_duration: 14280.121599980648
