comms_cons: 77.10164479981776
finished_reconf: true
global_termination_time: 776265.931
local_termination_time: 115577.72719999989
node_cons: 15917.939560000033
tot_aggregated_send: 11020
tot_msg_rcv: 242
tot_msg_sent: 457
tot_reconf_duration: 7.819999999999999
tot_sleeping_duration: 764385.931
tot_uptimes: 199
tot_uptimes_duration: 11880.0
