comms_cons: 76.06871039874869
finished_reconf: true
global_termination_time: 772078.0982400002
local_termination_time: 385296.3675600002
node_cons: 15869.626199360206
tot_aggregated_send: 11194
tot_msg_rcv: 138
tot_msg_sent: 230
tot_reconf_duration: 5.43
tot_sleeping_duration: 760231.756
tot_uptimes: 198
tot_uptimes_duration: 11846.342240000144
