comms_cons: 308.72958721015095
finished_reconf: true
global_termination_time: 3032874.285
local_termination_time: 637290.9258399988
node_cons: 62349.83418446612
tot_aggregated_send: 41354
tot_msg_rcv: 1914
tot_msg_sent: 3658
tot_reconf_duration: 4.390000000000001
tot_sleeping_duration: 2986314.2606800096
tot_uptimes: 777
tot_uptimes_duration: 46560.02431999054
