comms_cons: 411.38183644702195
finished_reconf: true
global_termination_time: 2093766.329
local_termination_time: 248.81303999999997
node_cons: 43086.99360335011
tot_aggregated_send: 0
tot_msg_rcv: 31451
tot_msg_sent: 31076
tot_reconf_duration: 18.21
tot_sleeping_duration: 2061606.310760007
tot_uptimes: 537
tot_uptimes_duration: 32160.018239992904
