comms_cons: 206.3895039912847
finished_reconf: true
global_termination_time: 2094129.114
local_termination_time: 1753801.5995999998
node_cons: 43077.59897999968
tot_aggregated_send: 29928
tot_msg_rcv: 468
tot_msg_sent: 974
tot_reconf_duration: 11.31
tot_sleeping_duration: 2061969.114
tot_uptimes: 537
tot_uptimes_duration: 32160.0
