comms_cons: 263.4073599978471
finished_reconf: true
global_termination_time: 2630105.937
local_termination_time: 1527954.021999999
node_cons: 54077.34003005059
tot_aggregated_send: 35032
tot_msg_rcv: 1616
tot_msg_sent: 3391
tot_reconf_duration: 6.22
tot_sleeping_duration: 2589725.8822800214
tot_uptimes: 674
tot_uptimes_duration: 40380.05471997871
