comms_cons: 93.73386239965063
finished_reconf: true
global_termination_time: 959864.495
local_termination_time: 335265.3403600001
node_cons: 19687.482640000053
tot_aggregated_send: 13746
tot_msg_rcv: 153
tot_msg_sent: 348
tot_reconf_duration: 3.08
tot_sleeping_duration: 945164.495
tot_uptimes: 246
tot_uptimes_duration: 14700.0
