comms_cons: 93.06278399909075
finished_reconf: true
global_termination_time: 960297.765
local_termination_time: 329226.3735600007
node_cons: 19689.831980000028
tot_aggregated_send: 13514
tot_msg_rcv: 227
tot_msg_sent: 404
tot_reconf_duration: 4.8100000000000005
tot_sleeping_duration: 945597.765
tot_uptimes: 246
tot_uptimes_duration: 14700.0
