comms_cons: 94.60217599947391
finished_reconf: true
global_termination_time: 959361.253
local_termination_time: 217791.8177200001
node_cons: 19700.45154000004
tot_aggregated_send: 13630
tot_msg_rcv: 276
tot_msg_sent: 473
tot_reconf_duration: 12.629999999999999
tot_sleeping_duration: 944661.253
tot_uptimes: 246
tot_uptimes_duration: 14700.0
