comms_cons: 94.25361919832397
finished_reconf: true
global_termination_time: 960017.185
local_termination_time: 616141.8744399985
node_cons: 19698.170099999967
tot_aggregated_send: 13862
tot_msg_rcv: 182
tot_msg_sent: 282
tot_reconf_duration: 10.95
tot_sleeping_duration: 945317.185
tot_uptimes: 246
tot_uptimes_duration: 14700.0
