comms_cons: 1.0000383999966977
finished_reconf: true
global_termination_time: 6025.129
local_termination_time: 2826.5289600000006
node_cons: 105.06918000000005
tot_aggregated_send: 0
tot_msg_rcv: 109
tot_msg_sent: 42
tot_reconf_duration: 18.21
tot_sleeping_duration: 5965.129
tot_uptimes: 2
tot_uptimes_duration: 60.0
