comms_cons: 0.6644992000001049
finished_reconf: true
global_termination_time: 4673.227
local_termination_time: 237.3234799999999
node_cons: 114.69739999999999
tot_aggregated_send: 0
tot_msg_rcv: 64
tot_msg_sent: 35
tot_reconf_duration: 25.299999999999997
tot_sleeping_duration: 4613.227
tot_uptimes: 2
tot_uptimes_duration: 60.0
