comms_cons: 1.0197759999994538
finished_reconf: true
global_termination_time: 5575.914
local_termination_time: 804.7663599999998
node_cons: 86.30161999999999
tot_aggregated_send: 0
tot_msg_rcv: 101
tot_msg_sent: 54
tot_reconf_duration: 4.390000000000001
tot_sleeping_duration: 5515.914
tot_uptimes: 2
tot_uptimes_duration: 60.0
