comms_cons: 13.132710399979176
finished_reconf: true
global_termination_time: 128203.745
local_termination_time: 52969.18136000001
node_cons: 2577.42826224058
tot_aggregated_send: 1392
tot_msg_rcv: 251
tot_msg_sent: 354
tot_reconf_duration: 4.8100000000000005
tot_sleeping_duration: 126283.73283999956
tot_uptimes: 33
tot_uptimes_duration: 1920.012160000435
