comms_cons: 12.586636800063923
finished_reconf: true
global_termination_time: 124005.424
local_termination_time: 70683.85735999997
node_cons: 2496.509761119151
tot_aggregated_send: 1392
tot_msg_rcv: 174
tot_msg_sent: 347
tot_reconf_duration: 4.390000000000001
tot_sleeping_duration: 122145.41792000063
tot_uptimes: 32
tot_uptimes_duration: 1860.0060799993662
