comms_cons: 55.818483200899706
finished_reconf: true
global_termination_time: 543278.3115199981
local_termination_time: 543278.2703999982
node_cons: 11278.173393127583
tot_aggregated_send: 7236
tot_msg_rcv: 373
tot_msg_sent: 874
tot_reconf_duration: 24.59
tot_sleeping_duration: 534880.4174399925
tot_uptimes: 140
tot_uptimes_duration: 8397.894080005644
