comms_cons: 97.69169919681549
finished_reconf: true
global_termination_time: 976891.998
local_termination_time: 164189.41016000079
node_cons: 20091.548262233693
tot_aggregated_send: 13920
tot_msg_rcv: 348
tot_msg_sent: 580
tot_reconf_duration: 4.8100000000000005
tot_sleeping_duration: 961891.9858400048
tot_uptimes: 251
tot_uptimes_duration: 15000.012159995269
