comms_cons: 94.8128511995517
finished_reconf: true
global_termination_time: 979658.709
local_termination_time: 690568.5243599998
node_cons: 20100.358979999946
tot_aggregated_send: 14152
tot_msg_rcv: 65
tot_msg_sent: 194
tot_reconf_duration: 11.31
tot_sleeping_duration: 964658.709
tot_uptimes: 251
tot_uptimes_duration: 15000.0
