comms_cons: 126.75612159376796
finished_reconf: true
global_termination_time: 1251607.86
local_termination_time: 16832.742720000006
node_cons: 25755.110432161444
tot_aggregated_send: 16878
tot_msg_rcv: 811
tot_msg_sent: 1579
tot_reconf_duration: 18.21
tot_sleeping_duration: 1232391.742559999
tot_uptimes: 321
tot_uptimes_duration: 19216.117440001053
