comms_cons: 126.40021758863053
finished_reconf: true
global_termination_time: 1253010.542
local_termination_time: 233361.88652000038
node_cons: 25717.409651186754
tot_aggregated_send: 15950
tot_msg_rcv: 1122
tot_msg_sent: 2141
tot_reconf_duration: 6.279999999999999
tot_sleeping_duration: 1233810.4812000098
tot_uptimes: 321
tot_uptimes_duration: 19200.060799990082
