comms_cons: 122.81392639166798
finished_reconf: true
global_termination_time: 1249037.779
local_termination_time: 407339.0805200009
node_cons: 25639.495066710264
tot_aggregated_send: 16008
tot_msg_rcv: 904
tot_msg_sent: 1755
tot_reconf_duration: 8.09
tot_sleeping_duration: 1229897.7425200075
tot_uptimes: 320
tot_uptimes_duration: 19140.036479992676
