comms_cons: 123.22841599834027
finished_reconf: true
global_termination_time: 1250028.529
local_termination_time: 626803.1582799993
node_cons: 25721.60050111693
tot_aggregated_send: 17458
tot_msg_rcv: 407
tot_msg_sent: 865
tot_reconf_duration: 9.42
tot_sleeping_duration: 1230828.5229200025
tot_uptimes: 321
tot_uptimes_duration: 19200.006079997635
