comms_cons: 214.42094718165458
finished_reconf: true
global_termination_time: 2112005.7781199967
local_termination_time: 107651.98679999982
node_cons: 43439.73211085255
tot_aggregated_send: 28710
tot_msg_rcv: 1382
tot_msg_sent: 2498
tot_reconf_duration: 25.299999999999997
tot_sleeping_duration: 2079589.5162000167
tot_uptimes: 541
tot_uptimes_duration: 32416.26191997982
