comms_cons: 207.86241919185431
finished_reconf: true
global_termination_time: 2114254.385
local_termination_time: 960324.10836
node_cons: 43468.10632335014
tot_aggregated_send: 29754
tot_msg_rcv: 627
tot_msg_sent: 1213
tot_reconf_duration: 3.05
tot_sleeping_duration: 2081794.3667600069
tot_uptimes: 542
tot_uptimes_duration: 32460.018239992904
