comms_cons: 17.978796800200453
finished_reconf: true
global_termination_time: 165514.0754800001
local_termination_time: 165514.03436000008
node_cons: 3426.0398009606943
tot_aggregated_send: 2016
tot_msg_rcv: 292
tot_msg_sent: 422
tot_reconf_duration: 24.59
tot_sleeping_duration: 162980.3588399996
tot_uptimes: 43
tot_uptimes_duration: 2533.716640000508
