comms_cons: 48.54791680134894
finished_reconf: true
global_termination_time: 480009.728
local_termination_time: 314356.20892000024
node_cons: 9810.016381121402
tot_aggregated_send: 6438
tot_msg_rcv: 357
tot_msg_sent: 584
tot_reconf_duration: 6.279999999999999
tot_sleeping_duration: 472689.72191999893
tot_uptimes: 123
tot_uptimes_duration: 7320.006080001069
