comms_cons: 48.90977280105874
finished_reconf: true
global_termination_time: 479159.532
local_termination_time: 206666.50536000007
node_cons: 9813.859521121465
tot_aggregated_send: 6438
tot_msg_rcv: 404
tot_msg_sent: 592
tot_reconf_duration: 9.11
tot_sleeping_duration: 471839.52591999894
tot_uptimes: 123
tot_uptimes_duration: 7320.006080001069
