comms_cons: 47.54913280042096
finished_reconf: true
global_termination_time: 477091.827
local_termination_time: 221486.823
node_cons: 9826.879874321252
tot_aggregated_send: 6493
tot_msg_rcv: 162
tot_msg_sent: 573
tot_reconf_duration: 15.110000000000001
tot_sleeping_duration: 469768.1821199991
tot_uptimes: 123
tot_uptimes_duration: 7323.644880000909
