comms_cons: 47.52876800048661
finished_reconf: true
global_termination_time: 478824.726
local_termination_time: 295297.75248
node_cons: 9814.281893681191
tot_aggregated_send: 6612
tot_msg_rcv: 154
tot_msg_sent: 459
tot_reconf_duration: 9.42
tot_sleeping_duration: 471504.7188799991
tot_uptimes: 123
tot_uptimes_duration: 7320.007120000897
