comms_cons: 47.89657600093973
finished_reconf: true
global_termination_time: 476749.139
local_termination_time: 182372.89236000006
node_cons: 9805.630041121427
tot_aggregated_send: 6496
tot_msg_rcv: 203
tot_msg_sent: 581
tot_reconf_duration: 3.05
tot_sleeping_duration: 469429.13291999896
tot_uptimes: 123
tot_uptimes_duration: 7320.006080001069
