comms_cons: 305.417676825066
finished_reconf: true
global_termination_time: 3029465.858
local_termination_time: 660102.8543999982
node_cons: 62280.708527818184
tot_aggregated_send: 41934
tot_msg_rcv: 1527
tot_msg_sent: 2960
tot_reconf_duration: 12.629999999999999
tot_sleeping_duration: 2982965.8154400154
tot_uptimes: 776
tot_uptimes_duration: 46500.042559984606
