comms_cons: 294.638175982429
finished_reconf: true
global_termination_time: 3027602.01
local_termination_time: 1399096.508
node_cons: 62352.24089941675
tot_aggregated_send: 41236
tot_msg_rcv: 1160
tot_msg_sent: 2387
tot_reconf_duration: 5.43
tot_sleeping_duration: 2981041.243040016
tot_uptimes: 776
tot_uptimes_duration: 46560.76695998362
