comms_cons: 124.74983678967918
finished_reconf: true
global_termination_time: 916848.438
local_termination_time: 328402.2607200001
node_cons: 18808.08823999999
tot_aggregated_send: 0
tot_msg_rcv: 9621
tot_msg_sent: 9341
tot_reconf_duration: 6.279999999999999
tot_sleeping_duration: 902808.438
tot_uptimes: 235
tot_uptimes_duration: 14040.0
