comms_cons: 92.72638079929371
finished_reconf: true
global_termination_time: 916605.495
local_termination_time: 303300.90936000005
node_cons: 18807.140342242918
tot_aggregated_send: 12470
tot_msg_rcv: 578
tot_msg_sent: 1045
tot_reconf_duration: 5.57
tot_sleeping_duration: 902565.4828399977
tot_uptimes: 235
tot_uptimes_duration: 14040.012160002152
