comms_cons: 124.43961599005797
finished_reconf: true
global_termination_time: 914395.176
local_termination_time: 328584.06336000003
node_cons: 18833.917400000013
tot_aggregated_send: 0
tot_msg_rcv: 9594
tot_msg_sent: 9321
tot_reconf_duration: 25.299999999999997
tot_sleeping_duration: 900355.176
tot_uptimes: 235
tot_uptimes_duration: 14040.0
