comms_cons: 91.76010240009319
finished_reconf: true
global_termination_time: 915867.096
local_termination_time: 228838.63648000004
node_cons: 18803.750746728594
tot_aggregated_send: 12122
tot_msg_rcv: 656
tot_msg_sent: 1169
tot_reconf_duration: 3.05
tot_sleeping_duration: 901827.0595199936
tot_uptimes: 235
tot_uptimes_duration: 14040.036480006413
