comms_cons: 92.5940543968383
finished_reconf: true
global_termination_time: 914855.492
local_termination_time: 297129.72208000015
node_cons: 18814.95968559796
tot_aggregated_send: 12354
tot_msg_rcv: 616
tot_msg_sent: 1103
tot_reconf_duration: 11.31
tot_sleeping_duration: 900815.4616000016
tot_uptimes: 235
tot_uptimes_duration: 14040.03039999846
