comms_cons: 66.60782080013622
finished_reconf: true
global_termination_time: 670952.828
local_termination_time: 89323.36347999994
node_cons: 13772.505541121434
tot_aggregated_send: 9454
tot_msg_rcv: 239
tot_msg_sent: 431
tot_reconf_duration: 25.299999999999997
tot_sleeping_duration: 660692.821919999
tot_uptimes: 172
tot_uptimes_duration: 10260.006080001069
