comms_cons: 65.04855039978725
finished_reconf: true
global_termination_time: 664518.6020799997
local_termination_time: 664503.2875999998
node_cons: 13707.162067119587
tot_aggregated_send: 9860
tot_msg_rcv: 18
tot_msg_sent: 9
tot_reconf_duration: 8.09
tot_sleeping_duration: 654289.942
tot_uptimes: 171
tot_uptimes_duration: 10228.66007999971
