comms_cons: 66.7986175981757
finished_reconf: true
global_termination_time: 665953.696
local_termination_time: 37089.54048000002
node_cons: 13678.31938000002
tot_aggregated_send: 9280
tot_msg_rcv: 307
tot_msg_sent: 566
tot_reconf_duration: 15.110000000000001
tot_sleeping_duration: 655753.696
tot_uptimes: 171
tot_uptimes_duration: 10200.0
