comms_cons: 66.77228799910883
finished_reconf: true
global_termination_time: 666312.777
local_termination_time: 1211.5285200000017
node_cons: 13664.331980000019
tot_aggregated_send: 9338
tot_msg_rcv: 290
tot_msg_sent: 520
tot_reconf_duration: 4.8100000000000005
tot_sleeping_duration: 656112.777
tot_uptimes: 171
tot_uptimes_duration: 10200.0
