comms_cons: 65.5820928000701
finished_reconf: true
global_termination_time: 670031.03
local_termination_time: 47940.94264000017
node_cons: 13765.322114960245
tot_aggregated_send: 9744
tot_msg_rcv: 60
tot_msg_sent: 165
tot_reconf_duration: 15.34
tot_sleeping_duration: 659766.2873599998
tot_uptimes: 172
tot_uptimes_duration: 10264.742640000171
