comms_cons: 270.169574282497
finished_reconf: true
global_termination_time: 927997.991
local_termination_time: 476958.6025200004
node_cons: 37921.17948599989
tot_aggregated_send: 0
tot_msg_rcv: 13729
tot_msg_sent: 27336
tot_reconf_duration: 18.21
tot_sleeping_duration: 899695.937
tot_uptimes: 469
tot_uptimes_duration: 28302.05400000003
