comms_cons: 93.35141759525975
finished_reconf: true
global_termination_time: 929009.1
local_termination_time: 292164.08836000005
node_cons: 19047.12012111686
tot_aggregated_send: 12760
tot_msg_rcv: 442
tot_msg_sent: 986
tot_reconf_duration: 4.8100000000000005
tot_sleeping_duration: 914789.0939200023
tot_uptimes: 238
tot_uptimes_duration: 14220.006079997635
