comms_cons: 93.96413439417603
finished_reconf: true
global_termination_time: 927275.73224
local_termination_time: 9921.85772
node_cons: 19065.15043383433
tot_aggregated_send: 12760
tot_msg_rcv: 584
tot_msg_sent: 938
tot_reconf_duration: 3.05
tot_sleeping_duration: 913040.4756800043
tot_uptimes: 238
tot_uptimes_duration: 14235.256559995745
