comms_cons: 9.276671999963039
finished_reconf: true
global_termination_time: 91596.64811999966
local_termination_time: 91583.31251999976
node_cons: 1903.4586616795348
tot_aggregated_send: 1276
tot_msg_rcv: 49
tot_msg_sent: 84
tot_reconf_duration: 3.05
tot_sleeping_duration: 90178.189
tot_uptimes: 24
tot_uptimes_duration: 1418.4591199996648
