comms_cons: 67.70780159905996
finished_reconf: true
global_termination_time: 667890.1134799999
local_termination_time: 204101.96036000008
node_cons: 13791.683663205677
tot_aggregated_send: 9164
tot_msg_rcv: 387
tot_msg_sent: 740
tot_reconf_duration: 25.299999999999997
tot_sleeping_duration: 657615.7846799957
tot_uptimes: 172
tot_uptimes_duration: 10274.328800004208
