comms_cons: 125.65548798946544
finished_reconf: true
global_termination_time: 668270.768
local_termination_time: 453587.71260000014
node_cons: 13742.306323359775
tot_aggregated_send: 0
tot_msg_rcv: 9696
tot_msg_sent: 9402
tot_reconf_duration: 3.05
tot_sleeping_duration: 658010.7497600003
tot_uptimes: 172
tot_uptimes_duration: 10260.018239999772
