comms_cons: 68.25942400116092
finished_reconf: true
global_termination_time: 670304.535
local_termination_time: 10725.562600000003
node_cons: 13759.020566726325
tot_aggregated_send: 8874
tot_msg_rcv: 571
tot_msg_sent: 929
tot_reconf_duration: 15.34
tot_sleeping_duration: 660044.4985199952
tot_uptimes: 172
tot_uptimes_duration: 10260.03648000471
