comms_cons: 85.96285439900589
finished_reconf: true
global_termination_time: 860044.782
local_termination_time: 87018.25747999942
node_cons: 17705.56684111919
tot_aggregated_send: 12180
tot_msg_rcv: 323
tot_msg_sent: 562
tot_reconf_duration: 22.65
tot_sleeping_duration: 846844.7759200006
tot_uptimes: 221
tot_uptimes_duration: 13200.006079999366
