comms_cons: 153.34204158844986
finished_reconf: true
global_termination_time: 1654900.486
local_termination_time: 6392.205
node_cons: 33998.212028939255
tot_aggregated_send: 21449
tot_msg_rcv: 625
tot_msg_sent: 1233
tot_reconf_duration: 10.55
tot_sleeping_duration: 1629520.4373600157
tot_uptimes: 424
tot_uptimes_duration: 25380.04863998451
