comms_cons: 608.0958721435735
finished_reconf: true
global_termination_time: 6026750.463239998
local_termination_time: 162361.54248000006
node_cons: 124008.44974718004
tot_aggregated_send: 83346
tot_msg_rcv: 2945
tot_msg_sent: 6135
tot_reconf_duration: 18.21
tot_sleeping_duration: 5934156.19844001
tot_uptimes: 1544
tot_uptimes_duration: 92594.26479998801
