comms_cons: 104.44542719771616
finished_reconf: true
global_termination_time: 1044918.5291999998
local_termination_time: 115084.82023999971
node_cons: 21511.84187679966
tot_aggregated_send: 14674
tot_msg_rcv: 400
tot_msg_sent: 801
tot_reconf_duration: 22.65
tot_sleeping_duration: 1028875.898
tot_uptimes: 268
tot_uptimes_duration: 16042.631199999712
