comms_cons: 104.55664639786649
finished_reconf: true
global_termination_time: 1049951.028
local_termination_time: 135648.76968000026
node_cons: 21538.04580000004
tot_aggregated_send: 14906
tot_msg_rcv: 352
tot_msg_sent: 634
tot_reconf_duration: 5.1
tot_sleeping_duration: 1033871.0279999999
tot_uptimes: 269
tot_uptimes_duration: 16080.0
