comms_cons: 146.6108927971426
finished_reconf: true
global_termination_time: 1489202.859
local_termination_time: 664880.4277999984
node_cons: 30613.681900000112
tot_aggregated_send: 21750
tot_msg_rcv: 188
tot_msg_sent: 346
tot_reconf_duration: 3.05
tot_sleeping_duration: 1466342.859
tot_uptimes: 382
tot_uptimes_duration: 22860.0
