comms_cons: 292.8131837888065
finished_reconf: true
global_termination_time: 1488992.7596
local_termination_time: 3580.7856
node_cons: 30638.550050799913
tot_aggregated_send: 0
tot_msg_rcv: 22399
tot_msg_sent: 22106
tot_reconf_duration: 6.22
tot_sleeping_duration: 1466117.4024
tot_uptimes: 382
tot_uptimes_duration: 22875.357199999897
