comms_cons: 53.70304000257849
finished_reconf: true
global_termination_time: 231928.52200000055
local_termination_time: 2677.7026
node_cons: 4812.236484325926
tot_aggregated_send: 0
tot_msg_rcv: 4655
tot_msg_sent: 3500
tot_reconf_duration: 18.21
tot_sleeping_duration: 228353.0871199961
tot_uptimes: 60
tot_uptimes_duration: 3575.4348800044245
