comms_cons: 223.65332478454638
finished_reconf: true
global_termination_time: 2245534.241
local_termination_time: 258657.4820800006
node_cons: 46216.3642844668
tot_aggregated_send: 31320
tot_msg_rcv: 856
tot_msg_sent: 1818
tot_reconf_duration: 15.34
tot_sleeping_duration: 2211034.2166800094
tot_uptimes: 576
tot_uptimes_duration: 34500.02431999054
