comms_cons: 223.41089278346539
finished_reconf: true
global_termination_time: 2247499.328
local_termination_time: 1160746.1169199995
node_cons: 46204.052663350005
tot_aggregated_send: 31610
tot_msg_rcv: 836
tot_msg_sent: 1511
tot_reconf_duration: 6.279999999999999
tot_sleeping_duration: 2212999.309760007
tot_uptimes: 576
tot_uptimes_duration: 34500.0182399929
