comms_cons: 226.2981631842659
finished_reconf: true
global_termination_time: 2244419.69848
local_termination_time: 2244419.6573599996
node_cons: 46166.99307102137
tot_aggregated_send: 31262
tot_msg_rcv: 1096
tot_msg_sent: 2037
tot_reconf_duration: 24.59
tot_sleeping_duration: 2209965.9271200127
tot_uptimes: 575
tot_uptimes_duration: 34453.771359986706
