comms_cons: 299.8676032105801
finished_reconf: true
global_termination_time: 2973003.725
local_termination_time: 63310.505000000005
node_cons: 61164.101830698986
tot_aggregated_send: 41628
tot_msg_rcv: 1444
tot_msg_sent: 2507
tot_reconf_duration: 18.21
tot_sleeping_duration: 2927343.252520015
tot_uptimes: 762
tot_uptimes_duration: 45660.47247998518
