comms_cons: 584.8334788138661
finished_reconf: true
global_termination_time: 2970854.875
local_termination_time: 1792004.0734799989
node_cons: 61066.94452223284
tot_aggregated_send: 0
tot_msg_rcv: 44809
tot_msg_sent: 44083
tot_reconf_duration: 6.279999999999999
tot_sleeping_duration: 2925254.8628400043
tot_uptimes: 761
tot_uptimes_duration: 45600.0121599955
