comms_cons: 586.1941892097972
finished_reconf: true
global_termination_time: 2973174.794
local_termination_time: 1794811.7443599997
node_cons: 61145.690223349455
tot_aggregated_send: 0
tot_msg_rcv: 44960
tot_msg_sent: 44139
tot_reconf_duration: 5.1
tot_sleeping_duration: 2927514.775760007
tot_uptimes: 762
tot_uptimes_duration: 45660.01823999314
