comms_cons: 299.9551680237806
finished_reconf: true
global_termination_time: 2969507.31
local_termination_time: 1958910.158
node_cons: 61071.94638798121
tot_aggregated_send: 40887
tot_msg_rcv: 1509
tot_msg_sent: 3198
tot_reconf_duration: 8.09
tot_sleeping_duration: 2923905.398000013
tot_uptimes: 761
tot_uptimes_duration: 45601.91199998674
