comms_cons: 300.9202368048337
finished_reconf: true
global_termination_time: 2972877.128
local_termination_time: 137645.06948000006
node_cons: 61169.563828938706
tot_aggregated_send: 41180
tot_msg_rcv: 1611
tot_msg_sent: 2947
tot_reconf_duration: 22.65
tot_sleeping_duration: 2927217.079360015
tot_uptimes: 762
tot_uptimes_duration: 45660.048639984976
