comms_cons: 51.57240320022322
finished_reconf: true
global_termination_time: 512519.401
local_termination_time: 54892.10960000001
node_cons: 10555.323123362019
tot_aggregated_send: 7076
tot_msg_rcv: 256
tot_msg_sent: 505
tot_reconf_duration: 22.65
tot_sleeping_duration: 504659.3827599985
tot_uptimes: 132
tot_uptimes_duration: 7860.018240001504
