comms_cons: 33.92235520063455
finished_reconf: true
global_termination_time: 332050.583
local_termination_time: 17092.729000000003
node_cons: 6841.287662241731
tot_aggregated_send: 4408
tot_msg_rcv: 232
tot_msg_sent: 516
tot_reconf_duration: 9.11
tot_sleeping_duration: 326950.5708399987
tot_uptimes: 86
tot_uptimes_duration: 5100.012160001286
