comms_cons: 226.01164159236862
finished_reconf: true
global_termination_time: 2285592.37048
local_termination_time: 2285592.32936
node_cons: 47050.659800957175
tot_aggregated_send: 32930
tot_msg_rcv: 427
tot_msg_sent: 994
tot_reconf_duration: 24.59
tot_sleeping_duration: 2250478.6538400017
tot_uptimes: 586
tot_uptimes_duration: 35113.71663999854
