comms_cons: 225.96262397927154
finished_reconf: true
global_termination_time: 2287037.227
local_termination_time: 1867964.5205999988
node_cons: 47007.35490111622
tot_aggregated_send: 31378
tot_msg_rcv: 921
tot_msg_sent: 2046
tot_reconf_duration: 6.22
tot_sleeping_duration: 2251937.220920002
tot_uptimes: 586
tot_uptimes_duration: 35100.006079997635
