comms_cons: 105.85274879866934
finished_reconf: true
global_termination_time: 1064792.839
local_termination_time: 490056.1967200001
node_cons: 21873.311720000067
tot_aggregated_send: 14616
tot_msg_rcv: 561
tot_msg_sent: 912
tot_reconf_duration: 15.34
tot_sleeping_duration: 1048472.8389999999
tot_uptimes: 273
tot_uptimes_duration: 16320.0
