comms_cons: 105.27377919479169
finished_reconf: true
global_termination_time: 1062914.732
local_termination_time: 535188.4423599999
node_cons: 21864.89208558417
tot_aggregated_send: 14036
tot_msg_rcv: 538
tot_msg_sent: 1427
tot_reconf_duration: 9.11
tot_sleeping_duration: 1046594.7016000119
tot_uptimes: 273
tot_uptimes_duration: 16320.030399988173
