comms_cons: 106.10883839592576
finished_reconf: true
global_termination_time: 1064568.418
local_termination_time: 523883.554
node_cons: 21873.706453198203
tot_aggregated_send: 14558
tot_msg_rcv: 481
tot_msg_sent: 1088
tot_reconf_duration: 9.42
tot_sleeping_duration: 1048242.1192000014
tot_uptimes: 273
tot_uptimes_duration: 16326.29879999865
