comms_cons: 106.43535999351187
finished_reconf: true
global_termination_time: 1065329.953
local_termination_time: 514593.86236
node_cons: 21859.028262233685
tot_aggregated_send: 14558
tot_msg_rcv: 464
tot_msg_sent: 1155
tot_reconf_duration: 4.8100000000000005
tot_sleeping_duration: 1049009.9408400047
tot_uptimes: 273
tot_uptimes_duration: 16320.012159995262
