comms_cons: 109.04978559447707
finished_reconf: true
global_termination_time: 1063371.261
local_termination_time: 475663.7003600001
node_cons: 21863.148406701035
tot_aggregated_send: 14036
tot_msg_rcv: 852
tot_msg_sent: 1686
tot_reconf_duration: 7.819999999999999
tot_sleeping_duration: 1047051.2245200141
tot_uptimes: 273
tot_uptimes_duration: 16320.036479985807
