comms_cons: 24.389094399871826
finished_reconf: true
global_termination_time: 244291.83548000007
local_termination_time: 244291.79436000006
node_cons: 5028.268779841536
tot_aggregated_send: 3353
tot_msg_rcv: 109
tot_msg_sent: 244
tot_reconf_duration: 21.23
tot_sleeping_duration: 240558.12491999893
tot_uptimes: 63
tot_uptimes_duration: 3733.7105600011346
