comms_cons: 40.93859200060908
finished_reconf: true
global_termination_time: 396659.411
local_termination_time: 390.0699199999995
node_cons: 8145.1149822428715
tot_aggregated_send: 5104
tot_msg_rcv: 379
tot_msg_sent: 738
tot_reconf_duration: 22.65
tot_sleeping_duration: 390599.3988399979
tot_uptimes: 102
tot_uptimes_duration: 6060.0121600021375
