comms_cons: 355.0484096321659
finished_reconf: true
global_termination_time: 3539756.116239997
local_termination_time: 32332.40648
node_cons: 72831.91859388391
tot_aggregated_send: 49416
tot_msg_rcv: 1529
tot_msg_sent: 3020
tot_reconf_duration: 18.21
tot_sleeping_duration: 3485381.814960023
tot_uptimes: 907
tot_uptimes_duration: 54374.30127997429
