comms_cons: 348.6814912091298
finished_reconf: true
global_termination_time: 3544488.888
local_termination_time: 2348655.6059199986
node_cons: 72875.96848334954
tot_aggregated_send: 48952
tot_msg_rcv: 1429
tot_msg_sent: 2615
tot_reconf_duration: 5.57
tot_sleeping_duration: 3490068.8697600067
tot_uptimes: 908
tot_uptimes_duration: 54420.01823999314
