comms_cons: 218.08360317759707
finished_reconf: true
global_termination_time: 2137402.514
local_termination_time: 530025.975
node_cons: 43982.4949002794
tot_aggregated_send: 28534
tot_msg_rcv: 1620
tot_msg_sent: 2995
tot_reconf_duration: 22.65
tot_sleeping_duration: 2104578.2151200296
tot_uptimes: 548
tot_uptimes_duration: 32824.29887996998
