comms_cons: 212.0739327908143
finished_reconf: true
global_termination_time: 2138907.872
local_termination_time: 1231870.8093599998
node_cons: 43954.5082399996
tot_aggregated_send: 30508
tot_msg_rcv: 604
tot_msg_sent: 1122
tot_reconf_duration: 6.279999999999999
tot_sleeping_duration: 2106087.872
tot_uptimes: 548
tot_uptimes_duration: 32820.0
