comms_cons: 219.48336637070523
finished_reconf: true
global_termination_time: 2139485.005
local_termination_time: 1106882.7243599996
node_cons: 43950.20331116762
tot_aggregated_send: 27840
tot_msg_rcv: 1935
tot_msg_sent: 3586
tot_reconf_duration: 3.05
tot_sleeping_duration: 2106664.9442000235
tot_uptimes: 548
tot_uptimes_duration: 32820.06079997633
