comms_cons: 20.415257599815888
finished_reconf: true
global_termination_time: 183006.792
local_termination_time: 74808.43835999996
node_cons: 3699.8144644788713
tot_aggregated_send: 2030
tot_msg_rcv: 433
tot_msg_sent: 640
tot_reconf_duration: 3.05
tot_sleeping_duration: 180246.76768000083
tot_uptimes: 47
tot_uptimes_duration: 2760.0243199991673
