comms_cons: 351.7240317176126
finished_reconf: true
global_termination_time: 2143314.529
local_termination_time: 365638.1832000006
node_cons: 44032.876403354654
tot_aggregated_send: 0
tot_msg_rcv: 26833
tot_msg_sent: 26627
tot_reconf_duration: 4.8100000000000005
tot_sleeping_duration: 2110434.5107600037
tot_uptimes: 549
tot_uptimes_duration: 32880.01823999634
