comms_cons: 352.0037501181599
finished_reconf: true
global_termination_time: 2142111.692
local_termination_time: 370372.9373600001
node_cons: 44030.47004111646
tot_aggregated_send: 0
tot_msg_rcv: 26910
tot_msg_sent: 26592
tot_reconf_duration: 3.05
tot_sleeping_duration: 2109231.685920002
tot_uptimes: 549
tot_uptimes_duration: 32880.006079997635
