comms_cons: 62.614246400458015
finished_reconf: true
global_termination_time: 611713.931
local_termination_time: 203250.08436000004
node_cons: 12553.871720000014
tot_aggregated_send: 8236
tot_msg_rcv: 483
tot_msg_sent: 798
tot_reconf_duration: 15.34
tot_sleeping_duration: 602353.931
tot_uptimes: 157
tot_uptimes_duration: 9360.0
