comms_cons: 62.01616639927331
finished_reconf: true
global_termination_time: 611066.107
local_termination_time: 236032.15836000006
node_cons: 12550.941142242897
tot_aggregated_send: 8294
tot_msg_rcv: 388
tot_msg_sent: 744
tot_reconf_duration: 13.17
tot_sleeping_duration: 601706.0948399978
tot_uptimes: 157
tot_uptimes_duration: 9360.012160002138
