comms_cons: 61.377983999879234
finished_reconf: true
global_termination_time: 611772.575
local_termination_time: 269941.45672000054
node_cons: 12539.596403364305
tot_aggregated_send: 8236
tot_msg_rcv: 337
tot_msg_sent: 757
tot_reconf_duration: 4.8100000000000005
tot_sleeping_duration: 602412.5567599967
tot_uptimes: 157
tot_uptimes_duration: 9360.018240003206
