comms_cons: 220.87807998988163
finished_reconf: true
global_termination_time: 2189990.411
local_termination_time: 790468.7263599999
node_cons: 44998.95266335006
tot_aggregated_send: 30508
tot_msg_rcv: 1090
tot_msg_sent: 1972
tot_reconf_duration: 6.279999999999999
tot_sleeping_duration: 2156390.392760007
tot_uptimes: 561
tot_uptimes_duration: 33600.0182399929
