comms_cons: 219.90255359168492
finished_reconf: true
global_termination_time: 2188707.017
local_termination_time: 67301.98635999997
node_cons: 44997.37464670544
tot_aggregated_send: 30566
tot_msg_rcv: 938
tot_msg_sent: 1919
tot_reconf_duration: 5.1
tot_sleeping_duration: 2155106.9805200105
tot_uptimes: 561
tot_uptimes_duration: 33600.036479989474
