comms_cons: 218.04065918500095
finished_reconf: true
global_termination_time: 2186337.286
local_termination_time: 235943.45048000055
node_cons: 44916.062325588304
tot_aggregated_send: 30160
tot_msg_rcv: 1002
tot_msg_sent: 1978
tot_reconf_duration: 4.390000000000001
tot_sleeping_duration: 2152797.255600008
tot_uptimes: 560
tot_uptimes_duration: 33540.03039999161
