comms_cons: 216.24018559214213
finished_reconf: true
global_termination_time: 2190178.671
local_termination_time: 845356.4114399995
node_cons: 44997.78208111626
tot_aggregated_send: 30972
tot_msg_rcv: 610
tot_msg_sent: 1286
tot_reconf_duration: 5.43
tot_sleeping_duration: 2156578.664920002
tot_uptimes: 561
tot_uptimes_duration: 33600.006079997635
