comms_cons: 99.23407359865469
finished_reconf: true
global_termination_time: 1001212.861
local_termination_time: 548513.9545199992
node_cons: 20601.438105607245
tot_aggregated_send: 13340
tot_msg_rcv: 654
tot_msg_sent: 1089
tot_reconf_duration: 25.299999999999997
tot_sleeping_duration: 985852.8305999946
tot_uptimes: 257
tot_uptimes_duration: 15360.030400005344
