comms_cons: 140.01843838420226
finished_reconf: true
global_termination_time: 1359335.016
local_termination_time: 389703.88636000006
node_cons: 27979.2087078225
tot_aggregated_send: 18038
tot_msg_rcv: 1102
tot_msg_sent: 2141
tot_reconf_duration: 15.34
tot_sleeping_duration: 1338454.9734400134
tot_uptimes: 349
tot_uptimes_duration: 20880.042559986876
