comms_cons: 141.84222718463582
finished_reconf: true
global_termination_time: 1360206.639
local_termination_time: 360717.35260000004
node_cons: 27966.97035678004
tot_aggregated_send: 17168
tot_msg_rcv: 1531
tot_msg_sent: 2860
tot_reconf_duration: 6.279999999999999
tot_sleeping_duration: 1339326.547800015
tot_uptimes: 349
tot_uptimes_duration: 20880.091199985094
