comms_cons: 134.56437759348825
finished_reconf: true
global_termination_time: 1358106.157
local_termination_time: 878714.425
node_cons: 27915.187863193954
tot_aggregated_send: 17959
tot_msg_rcv: 830
tot_msg_sent: 1664
tot_reconf_duration: 25.299999999999997
tot_sleeping_duration: 1337284.0282000045
tot_uptimes: 348
tot_uptimes_duration: 20822.128799995407
