comms_cons: 134.635775993547
finished_reconf: true
global_termination_time: 1360613.267
local_termination_time: 595216.5173599998
node_cons: 27973.752250065245
tot_aggregated_send: 18444
tot_msg_rcv: 729
tot_msg_sent: 1291
tot_reconf_duration: 11.31
tot_sleeping_duration: 1339733.212280011
tot_uptimes: 349
tot_uptimes_duration: 20880.054719989013
