comms_cons: 282.6229760109105
finished_reconf: true
global_termination_time: 2810837.93
local_termination_time: 5929.624
node_cons: 57859.74066781711
tot_aggregated_send: 39429
tot_msg_rcv: 1255
tot_msg_sent: 2274
tot_reconf_duration: 10.96
tot_sleeping_duration: 2767637.8874400165
tot_uptimes: 720
tot_uptimes_duration: 43200.042559983674
