comms_cons: 264.7930624244708
finished_reconf: true
global_termination_time: 2809508.4
local_termination_time: 696.4791199999999
node_cons: 57853.284763350406
tot_aggregated_send: 38802
tot_msg_rcv: 567
tot_msg_sent: 878
tot_reconf_duration: 6.23
tot_sleeping_duration: 2766308.3817600063
tot_uptimes: 720
tot_uptimes_duration: 43200.0182399936
