comms_cons: 2275.0054255551086
finished_reconf: true
global_termination_time: 5510353.438
local_termination_time: 1836708.3464799998
node_cons: 334303.1879606673
tot_aggregated_send: 0
tot_msg_rcv: 139797
tot_msg_sent: 205992
tot_reconf_duration: 5.57
tot_sleeping_duration: 5260692.777880019
tot_uptimes: 4090
tot_uptimes_duration: 249660.6601199812
