comms_cons: 546.2117632782465
finished_reconf: true
global_termination_time: 5513024.923
local_termination_time: 3360236.983759999
node_cons: 113372.14394446494
tot_aggregated_send: 76618
tot_msg_rcv: 2136
tot_msg_sent: 4267
tot_reconf_duration: 9.11
tot_sleeping_duration: 5428364.898680009
tot_uptimes: 1412
tot_uptimes_duration: 84660.02431999147
