comms_cons: 545.0437504677056
finished_reconf: true
global_termination_time: 5511836.459
local_termination_time: 3600790.2583600003
node_cons: 113372.55817590977
tot_aggregated_send: 76328
tot_msg_rcv: 2338
tot_msg_sent: 4176
tot_reconf_duration: 9.42
tot_sleeping_duration: 5427176.439720005
tot_uptimes: 1412
tot_uptimes_duration: 84660.01927999454
