comms_cons: 542.4519424683299
finished_reconf: true
global_termination_time: 5511763.383
local_termination_time: 3625842.4757199986
node_cons: 113376.91596334783
tot_aggregated_send: 76502
tot_msg_rcv: 2124
tot_msg_sent: 3823
tot_reconf_duration: 12.629999999999999
tot_sleeping_duration: 5427103.364760007
tot_uptimes: 1412
tot_uptimes_duration: 84660.0182399936
