comms_cons: 538.9483264620492
finished_reconf: true
global_termination_time: 5510141.622
local_termination_time: 3675490.1596
node_cons: 113374.62638223045
tot_aggregated_send: 75748
tot_msg_rcv: 2095
tot_msg_sent: 4074
tot_reconf_duration: 10.95
tot_sleeping_duration: 5425481.609840005
tot_uptimes: 1412
tot_uptimes_duration: 84660.01215999572
