comms_cons: 553.2230977336468
finished_reconf: true
global_termination_time: 5511821.609
local_termination_time: 854564.6053599999
node_cons: 113365.77489004964
tot_aggregated_send: 76444
tot_msg_rcv: 2469
tot_msg_sent: 5173
tot_reconf_duration: 4.390000000000001
tot_sleeping_duration: 5427161.55428002
tot_uptimes: 1412
tot_uptimes_duration: 84660.05471997987
