comms_cons: 64.86433279993052
finished_reconf: true
global_termination_time: 639250.181
local_termination_time: 307247.10668000026
node_cons: 13120.16546223831
tot_aggregated_send: 8642
tot_msg_rcv: 420
tot_msg_sent: 798
tot_reconf_duration: 18.21
tot_sleeping_duration: 629470.1688400013
tot_uptimes: 164
tot_uptimes_duration: 9780.012159998703
