comms_cons: 64.98275839617438
finished_reconf: true
global_termination_time: 637134.225
local_termination_time: 528658.1073599999
node_cons: 13099.586323355177
tot_aggregated_send: 8758
tot_msg_rcv: 422
tot_msg_sent: 697
tot_reconf_duration: 3.05
tot_sleeping_duration: 627354.2067600036
tot_uptimes: 164
tot_uptimes_duration: 9780.018239996338
