comms_cons: 84.7541631964207
finished_reconf: true
global_termination_time: 817192.265
local_termination_time: 40491.27364000008
node_cons: 16815.85430895767
tot_aggregated_send: 10730
tot_msg_rcv: 765
tot_msg_sent: 1388
tot_reconf_duration: 18.21
tot_sleeping_duration: 804652.2163600017
tot_uptimes: 210
tot_uptimes_duration: 12540.048639998247
