comms_cons: 636.4613758469424
finished_reconf: true
global_termination_time: 816837.125
local_termination_time: 390703.5616000001
node_cons: 80851.54105763238
tot_aggregated_send: 0
tot_msg_rcv: 43962
tot_msg_sent: 52775
tot_reconf_duration: 5.57
tot_sleeping_duration: 756460.7418800342
tot_uptimes: 981
tot_uptimes_duration: 60376.38311996574
