comms_cons: 82.04920319845688
finished_reconf: true
global_termination_time: 817624.225
local_termination_time: 572192.3703599998
node_cons: 16816.470882233625
tot_aggregated_send: 11194
tot_msg_rcv: 478
tot_msg_sent: 799
tot_reconf_duration: 18.700000000000003
tot_sleeping_duration: 805084.2128400047
tot_uptimes: 210
tot_uptimes_duration: 12540.012159995269
