comms_cons: 81.39688959985914
finished_reconf: true
global_termination_time: 817983.839
local_termination_time: 400757.8269200008
node_cons: 16805.938241121392
tot_aggregated_send: 11020
tot_msg_rcv: 359
tot_msg_sent: 992
tot_reconf_duration: 10.95
tot_sleeping_duration: 805443.832919999
tot_uptimes: 210
tot_uptimes_duration: 12540.00608000101
