comms_cons: 82.79985919865416
finished_reconf: true
global_termination_time: 821375.785
local_termination_time: 491532.82336000004
node_cons: 16887.560199999978
tot_aggregated_send: 11368
tot_msg_rcv: 417
tot_msg_sent: 801
tot_reconf_duration: 11.899999999999999
tot_sleeping_duration: 808775.785
tot_uptimes: 211
tot_uptimes_duration: 12600.0
