comms_cons: 144.86082559365943
finished_reconf: true
global_termination_time: 1456017.624
local_termination_time: 433072.45636000007
node_cons: 29894.04406000006
tot_aggregated_send: 20706
tot_msg_rcv: 447
tot_msg_sent: 865
tot_reconf_duration: 5.57
tot_sleeping_duration: 1433697.624
tot_uptimes: 373
tot_uptimes_duration: 22320.0
