comms_cons: 125.80151038936768
finished_reconf: true
global_termination_time: 1237195.971
local_termination_time: 279120.39336000005
node_cons: 25398.083983355144
tot_aggregated_send: 16878
tot_msg_rcv: 790
tot_msg_sent: 1452
tot_reconf_duration: 7.819999999999999
tot_sleeping_duration: 1218235.9527600037
tot_uptimes: 317
tot_uptimes_duration: 18960.018239996338
