comms_cons: 86.13578879954925
finished_reconf: true
global_termination_time: 876786.017
local_termination_time: 206566.21896000014
node_cons: 18004.688240000025
tot_aggregated_send: 12818
tot_msg_rcv: 105
tot_msg_sent: 169
tot_reconf_duration: 6.279999999999999
tot_sleeping_duration: 863346.017
tot_uptimes: 225
tot_uptimes_duration: 13440.0
