comms_cons: 86.4177919979734
finished_reconf: true
global_termination_time: 877651.812
local_termination_time: 106525.43483999993
node_cons: 18002.69198000002
tot_aggregated_send: 12702
tot_msg_rcv: 152
tot_msg_sent: 281
tot_reconf_duration: 4.8100000000000005
tot_sleeping_duration: 864211.812
tot_uptimes: 225
tot_uptimes_duration: 13440.0
