comms_cons: 86.55658239904128
finished_reconf: true
global_termination_time: 879592.664
local_termination_time: 602719.563
node_cons: 18092.096654474204
tot_aggregated_send: 12758
tot_msg_rcv: 113
tot_msg_sent: 285
tot_reconf_duration: 9.42
tot_sleeping_duration: 866090.5696800044
tot_uptimes: 226
tot_uptimes_duration: 13502.09431999561
