comms_cons: 87.57177599596939
finished_reconf: true
global_termination_time: 881926.7
local_termination_time: 143200.7090000009
node_cons: 18098.626784001233
tot_aggregated_send: 12412
tot_msg_rcv: 267
tot_msg_sent: 632
tot_reconf_duration: 11.899999999999999
tot_sleeping_duration: 868422.243999999
tot_uptimes: 226
tot_uptimes_duration: 13504.456000000908
