comms_cons: 86.31440640026317
finished_reconf: true
global_termination_time: 877719.902
local_termination_time: 326637.5143600001
node_cons: 18004.769720000062
tot_aggregated_send: 12644
tot_msg_rcv: 133
tot_msg_sent: 343
tot_reconf_duration: 6.34
tot_sleeping_duration: 864279.902
tot_uptimes: 225
tot_uptimes_duration: 13440.0
