comms_cons: 102.38521599864626
finished_reconf: true
global_termination_time: 1048680.457
local_termination_time: 546201.5753599999
node_cons: 21551.647521121446
tot_aggregated_send: 14036
tot_msg_rcv: 668
tot_msg_sent: 857
tot_reconf_duration: 15.110000000000001
tot_sleeping_duration: 1032600.4509199988
tot_uptimes: 269
tot_uptimes_duration: 16080.006080001069
