comms_cons: 107.59421439457687
finished_reconf: true
global_termination_time: 1050984.673
local_termination_time: 266271.39336000005
node_cons: 21628.652245602596
tot_aggregated_send: 13920
tot_msg_rcv: 927
tot_msg_sent: 1507
tot_reconf_duration: 12.629999999999999
tot_sleeping_duration: 1034844.642599998
tot_uptimes: 270
tot_uptimes_duration: 16140.03040000191
