comms_cons: 137.12166395853046
finished_reconf: true
global_termination_time: 893832.4311199989
local_termination_time: 893832.389999999
node_cons: 18552.824031455322
tot_aggregated_send: 4407
tot_msg_rcv: 7524
tot_msg_sent: 8913
tot_reconf_duration: 133.29999999999998
tot_sleeping_duration: 880111.8914400472
tot_uptimes: 229
tot_uptimes_duration: 13720.539679951728
