comms_cons: 88.53629440028199
finished_reconf: true
global_termination_time: 896168.925
local_termination_time: 6287.491
node_cons: 18423.66470223829
tot_aggregated_send: 12799
tot_msg_rcv: 192
tot_msg_sent: 466
tot_reconf_duration: 18.990000000000002
tot_sleeping_duration: 882428.9128400014
tot_uptimes: 230
tot_uptimes_duration: 13740.012159998703
