comms_cons: 87.97048319880025
finished_reconf: true
global_termination_time: 896193.889
local_termination_time: 7453.832000000001
node_cons: 18403.919382242886
tot_aggregated_send: 13045
tot_msg_rcv: 92
tot_msg_sent: 234
tot_reconf_duration: 4.45
tot_sleeping_duration: 882453.8768399978
tot_uptimes: 230
tot_uptimes_duration: 13740.012160002138
