comms_cons: 315.3374912376452
finished_reconf: true
global_termination_time: 3139194.681
local_termination_time: 748288.964
node_cons: 64521.588945583826
tot_aggregated_send: 43962
tot_msg_rcv: 1352
tot_msg_sent: 2614
tot_reconf_duration: 6.279999999999999
tot_sleeping_duration: 3091014.650600011
tot_uptimes: 804
tot_uptimes_duration: 48180.03039998887
