comms_cons: 38.587008000038274
finished_reconf: true
global_termination_time: 393729.782
local_termination_time: 80502.27035999998
node_cons: 8044.619560000019
tot_aggregated_send: 5684
tot_msg_rcv: 72
tot_msg_sent: 109
tot_reconf_duration: 7.819999999999999
tot_sleeping_duration: 387729.782
tot_uptimes: 101
tot_uptimes_duration: 6000.0
