comms_cons: 314.5005376168435
finished_reconf: true
global_termination_time: 3150435.268
local_termination_time: 1380020.5700799995
node_cons: 64760.982082232455
tot_aggregated_send: 43674
tot_msg_rcv: 1342
tot_msg_sent: 2786
tot_reconf_duration: 5.1
tot_sleeping_duration: 3102075.2558400044
tot_uptimes: 807
tot_uptimes_duration: 48360.0121599955
