comms_cons: 181.230643123094
finished_reconf: true
global_termination_time: 916244.709
local_termination_time: 601643.6224799999
node_cons: 18806.108262233767
tot_aggregated_send: 0
tot_msg_rcv: 13973
tot_msg_sent: 13573
tot_reconf_duration: 4.8100000000000005
tot_sleeping_duration: 902204.6968400048
tot_uptimes: 235
tot_uptimes_duration: 14040.012159995269
