comms_cons: 364.7460288373585
finished_reconf: true
global_termination_time: 3675905.513
local_termination_time: 1443913.04336
node_cons: 75620.81242558341
tot_aggregated_send: 51040
tot_msg_rcv: 1270
tot_msg_sent: 3130
tot_reconf_duration: 15.34
tot_sleeping_duration: 3619445.482600011
tot_uptimes: 942
tot_uptimes_duration: 56460.03039998887
