comms_cons: 362.26344961669133
finished_reconf: true
global_termination_time: 3677483.995
local_termination_time: 2640960.51948
node_cons: 75617.85742446606
tot_aggregated_send: 51562
tot_msg_rcv: 1168
tot_msg_sent: 2331
tot_reconf_duration: 13.17
tot_sleeping_duration: 3621023.970680009
tot_uptimes: 942
tot_uptimes_duration: 56460.024319991004
