comms_cons: 364.12582402805657
finished_reconf: true
global_termination_time: 3676682.294
local_termination_time: 1477213.87536
node_cons: 75610.97506670088
tot_aggregated_send: 52026
tot_msg_rcv: 1227
tot_msg_sent: 2092
tot_reconf_duration: 8.09
tot_sleeping_duration: 3620222.257520013
tot_uptimes: 942
tot_uptimes_duration: 56460.03647998697
