comms_cons: 367.2340416329204
finished_reconf: true
global_termination_time: 3677128.622
local_termination_time: 702991.798479999
node_cons: 75610.61654781738
tot_aggregated_send: 51446
tot_msg_rcv: 1524
tot_msg_sent: 2847
tot_reconf_duration: 7.819999999999999
tot_sleeping_duration: 3620668.579440016
tot_uptimes: 942
tot_uptimes_duration: 56460.04255998437
