comms_cons: 368.09433603464873
finished_reconf: true
global_termination_time: 3680369.765
local_termination_time: 1432390.1603599999
node_cons: 75687.69464558321
tot_aggregated_send: 50344
tot_msg_rcv: 1708
tot_msg_sent: 3898
tot_reconf_duration: 5.43
tot_sleeping_duration: 3623849.7346000113
tot_uptimes: 943
tot_uptimes_duration: 56520.03039998887
