comms_cons: 144.21704319828044
finished_reconf: true
global_termination_time: 1468548.943
local_termination_time: 1026216.63336
node_cons: 30225.73300111694
tot_aggregated_send: 20938
tot_msg_rcv: 295
tot_msg_sent: 687
tot_reconf_duration: 13.17
tot_sleeping_duration: 1445988.9369200023
tot_uptimes: 377
tot_uptimes_duration: 22560.006079997635
