comms_cons: 146.54635519094714
finished_reconf: true
global_termination_time: 1468784.892
local_termination_time: 838488.19536
node_cons: 30216.311183350666
tot_aggregated_send: 19952
tot_msg_rcv: 753
tot_msg_sent: 1570
tot_reconf_duration: 6.22
tot_sleeping_duration: 1446224.873760007
tot_uptimes: 377
tot_uptimes_duration: 22560.018239992904
