comms_cons: 17.06979839985457
finished_reconf: true
global_termination_time: 173890.061
local_termination_time: 27942.011359999997
node_cons: 3543.4311833585934
tot_aggregated_send: 1392
tot_msg_rcv: 444
tot_msg_sent: 761
tot_reconf_duration: 6.22
tot_sleeping_duration: 171250.04276000103
tot_uptimes: 45
tot_uptimes_duration: 2640.01823999895
