comms_cons: 145.72270078976322
finished_reconf: true
global_termination_time: 1458776.445
local_termination_time: 1340081.1403999992
node_cons: 29977.44770111697
tot_aggregated_send: 20474
tot_msg_rcv: 605
tot_msg_sent: 1070
tot_reconf_duration: 7.819999999999999
tot_sleeping_duration: 1436396.4389200024
tot_uptimes: 374
tot_uptimes_duration: 22380.006079997635
