comms_cons: 513.0789120605806
finished_reconf: true
global_termination_time: 5139161.445359997
local_termination_time: 5139161.445359997
node_cons: 105849.52536639317
tot_aggregated_send: 73472
tot_msg_rcv: 1612
tot_msg_sent: 2900
tot_reconf_duration: 24.59
tot_sleeping_duration: 5060135.207760001
tot_uptimes: 1317
tot_uptimes_duration: 79026.23759999743
