comms_cons: 520.4510465048543
finished_reconf: true
global_termination_time: 5139161.513239997
local_termination_time: 71508.17763999978
node_cons: 105771.30231165279
tot_aggregated_send: 70412
tot_msg_rcv: 2952
tot_msg_sent: 5741
tot_reconf_duration: 18.21
tot_sleeping_duration: 5060187.224120015
tot_uptimes: 1317
tot_uptimes_duration: 78974.28911998199
