comms_cons: 516.8905025116597
finished_reconf: true
global_termination_time: 5141074.879
local_termination_time: 707753.41036
node_cons: 105734.02896781573
tot_aggregated_send: 71630
tot_msg_rcv: 2400
tot_msg_sent: 4534
tot_reconf_duration: 4.8100000000000005
tot_sleeping_duration: 5062114.836440016
tot_uptimes: 1317
tot_uptimes_duration: 78960.04255998414
