comms_cons: 514.934873690378
finished_reconf: true
global_termination_time: 5139379.764
local_termination_time: 840375.6643599999
node_cons: 105738.10840669861
tot_aggregated_send: 70876
tot_msg_rcv: 2553
tot_msg_sent: 4837
tot_reconf_duration: 7.819999999999999
tot_sleeping_duration: 5060419.727520014
tot_uptimes: 1317
tot_uptimes_duration: 78960.03647998627
