comms_cons: 510.51134086907837
finished_reconf: true
global_termination_time: 5141881.308
local_termination_time: 1207211.3103599998
node_cons: 105735.91932446448
tot_aggregated_send: 71688
tot_msg_rcv: 2072
tot_msg_sent: 3835
tot_reconf_duration: 6.22
tot_sleeping_duration: 5062921.28368001
tot_uptimes: 1317
tot_uptimes_duration: 78960.02431999077
