comms_cons: 73.96839680783651
finished_reconf: true
global_termination_time: 363329.04000000056
local_termination_time: 2561.8376
node_cons: 7546.452417603352
tot_aggregated_send: 0
tot_msg_rcv: 5813
tot_msg_sent: 5423
tot_reconf_duration: 18.21
tot_sleeping_duration: 357711.62159999803
tot_uptimes: 94
tot_uptimes_duration: 5617.418400002498
