comms_cons: 35.74479360013905
finished_reconf: true
global_termination_time: 366325.216
local_termination_time: 261234.34648000007
node_cons: 7486.978980000006
tot_aggregated_send: 5336
tot_msg_rcv: 49
tot_msg_sent: 48
tot_reconf_duration: 11.31
tot_sleeping_duration: 360745.216
tot_uptimes: 94
tot_uptimes_duration: 5580.0
