comms_cons: 69.6034495992941
finished_reconf: true
global_termination_time: 677217.53
local_termination_time: 207559.91912000044
node_cons: 13909.472124481115
tot_aggregated_send: 9222
tot_msg_rcv: 544
tot_msg_sent: 814
tot_reconf_duration: 7.819999999999999
tot_sleeping_duration: 666837.5056799992
tot_uptimes: 174
tot_uptimes_duration: 10380.02432000084
