comms_cons: 51.17381759987247
finished_reconf: true
global_termination_time: 13346.803240000003
local_termination_time: 2447.579480000002
node_cons: 6019.932109040095
tot_aggregated_send: 0
tot_msg_rcv: 3940
tot_msg_sent: 3837
tot_reconf_duration: 18.21
tot_sleeping_duration: 8869.429879999934
tot_uptimes: 66
tot_uptimes_duration: 4477.373360000069
