comms_cons: 2.256665599992543
finished_reconf: true
global_termination_time: 18873.401
local_termination_time: 10336.11136
node_cons: 337.5201999999995
tot_aggregated_send: 0
tot_msg_rcv: 178
tot_msg_sent: 165
tot_reconf_duration: 11.899999999999999
tot_sleeping_duration: 18633.401
tot_uptimes: 5
tot_uptimes_duration: 240.0
