comms_cons: 553.8225788789076
finished_reconf: true
global_termination_time: 1145493.6821999985
local_termination_time: 1145493.6410799986
node_cons: 69541.10629739013
tot_aggregated_send: 0
tot_msg_rcv: 34025
tot_msg_sent: 50151
tot_reconf_duration: 24.59
tot_sleeping_duration: 1093583.5156000047
tot_uptimes: 854
tot_uptimes_duration: 51910.16659999371
