comms_cons: 140.13695999877257
finished_reconf: true
global_termination_time: 1420089.892
local_termination_time: 941826.7361999996
node_cons: 29170.984059999977
tot_aggregated_send: 20532
tot_msg_rcv: 251
tot_msg_sent: 517
tot_reconf_duration: 5.57
tot_sleeping_duration: 1398309.892
tot_uptimes: 364
tot_uptimes_duration: 21780.0
