comms_cons: 140.14353919689086
finished_reconf: true
global_termination_time: 1420402.237
local_termination_time: 220541.42672000057
node_cons: 29170.345800000054
tot_aggregated_send: 20474
tot_msg_rcv: 250
tot_msg_sent: 577
tot_reconf_duration: 5.1
tot_sleeping_duration: 1398622.237
tot_uptimes: 364
tot_uptimes_duration: 21780.0
