comms_cons: 142.15845759509398
finished_reconf: true
global_termination_time: 1419993.541
local_termination_time: 1252567.49736
node_cons: 29170.793939999956
tot_aggregated_send: 20184
tot_msg_rcv: 558
tot_msg_sent: 865
tot_reconf_duration: 5.43
tot_sleeping_duration: 1398213.541
tot_uptimes: 364
tot_uptimes_duration: 21780.0
