comms_cons: 60.07855359934142
finished_reconf: true
global_termination_time: 584055.53
local_termination_time: 58948.380999999994
node_cons: 12028.27657624601
tot_aggregated_send: 7712
tot_msg_rcv: 486
tot_msg_sent: 933
tot_reconf_duration: 22.65
tot_sleeping_duration: 575095.4718399956
tot_uptimes: 150
tot_uptimes_duration: 8960.058160004482
