comms_cons: 59.26543359967804
finished_reconf: true
global_termination_time: 582228.552
local_termination_time: 328661.97436000005
node_cons: 11977.200121121445
tot_aggregated_send: 7714
tot_msg_rcv: 412
tot_msg_sent: 882
tot_reconf_duration: 4.8100000000000005
tot_sleeping_duration: 573288.5459199989
tot_uptimes: 150
tot_uptimes_duration: 8940.006080001069
