comms_cons: 882.3548865234002
finished_reconf: true
global_termination_time: 8883098.7548
local_termination_time: 8883098.71368
node_cons: 182777.83573078184
tot_aggregated_send: 127748
tot_msg_rcv: 2223
tot_msg_sent: 4141
tot_reconf_duration: 37.410000000000004
tot_sleeping_duration: 8746633.457600007
tot_uptimes: 2275
tot_uptimes_duration: 136465.29719999147
