comms_cons: 879.6696193817439
finished_reconf: true
global_termination_time: 8886454.322
local_termination_time: 3279174.438519999
node_cons: 182784.5594900473
tot_aggregated_send: 124004
tot_msg_rcv: 3254
tot_msg_sent: 6445
tot_reconf_duration: 8.09
tot_sleeping_duration: 8749954.26728002
tot_uptimes: 2276
tot_uptimes_duration: 136500.05471998057
