comms_cons: 143.16997119393386
finished_reconf: true
global_termination_time: 1461240.244
local_termination_time: 967324.825999999
node_cons: 30071.897321116827
tot_aggregated_send: 20532
tot_msg_rcv: 429
tot_msg_sent: 800
tot_reconf_duration: 18.21
tot_sleeping_duration: 1438800.2379200023
tot_uptimes: 375
tot_uptimes_duration: 22440.006079997635
