comms_cons: 167.0919423889051
finished_reconf: true
global_termination_time: 1662998.695
local_termination_time: 1515546.4033599999
node_cons: 34152.94675999995
tot_aggregated_send: 22736
tot_msg_rcv: 848
tot_msg_sent: 1813
tot_reconf_duration: 6.22
tot_sleeping_duration: 1637498.695
tot_uptimes: 426
tot_uptimes_duration: 25500.0
