comms_cons: 1558.455799961081
finished_reconf: true
global_termination_time: 7915870.468599997
local_termination_time: 1463.2984800000024
node_cons: 162894.5191750937
tot_aggregated_send: 0
tot_msg_rcv: 119301
tot_msg_sent: 117570
tot_reconf_duration: 18.21
tot_sleeping_duration: 7794235.076520013
tot_uptimes: 2028
tot_uptimes_duration: 121635.39207998454
