comms_cons: 787.7349185604244
finished_reconf: true
global_termination_time: 7916089.567
local_termination_time: 3126258.976879999
node_cons: 162853.4196278145
tot_aggregated_send: 110838
tot_msg_rcv: 3197
tot_msg_sent: 5695
tot_reconf_duration: 3.08
tot_sleeping_duration: 7794469.524440015
tot_uptimes: 2028
tot_uptimes_duration: 121620.04255998507
