comms_cons: 796.9641090182247
finished_reconf: true
global_termination_time: 7922298.714
local_termination_time: 51765.04160000001
node_cons: 162960.3763933986
tot_aggregated_send: 110722
tot_msg_rcv: 3601
tot_msg_sent: 6810
tot_reconf_duration: 22.65
tot_sleeping_duration: 7800618.641040026
tot_uptimes: 2029
tot_uptimes_duration: 121680.07295997324
