comms_cons: 773.3652225232687
finished_reconf: true
global_termination_time: 7916711.092
local_termination_time: 5092586.71836
node_cons: 162864.06638222895
tot_aggregated_send: 109446
tot_msg_rcv: 2747
tot_msg_sent: 5354
tot_reconf_duration: 10.95
tot_sleeping_duration: 7795091.079840004
tot_uptimes: 2028
tot_uptimes_duration: 121620.01215999573
