comms_cons: 798.0970626587656
finished_reconf: true
global_termination_time: 7918612.29
local_termination_time: 786902.31936
node_cons: 162855.8178145155
tot_aggregated_send: 109562
tot_msg_rcv: 3901
tot_msg_sent: 7844
tot_reconf_duration: 4.8100000000000005
tot_sleeping_duration: 7796992.210960029
tot_uptimes: 2028
tot_uptimes_duration: 121620.07903997088
