comms_cons: 795.109971433072
finished_reconf: true
global_termination_time: 7918915.639
local_termination_time: 1317657.7054799995
node_cons: 162853.41145228242
tot_aggregated_send: 110200
tot_msg_rcv: 3625
tot_msg_sent: 7026
tot_reconf_duration: 3.05
tot_sleeping_duration: 7797295.572120024
tot_uptimes: 2028
tot_uptimes_duration: 121620.06687997631
