comms_cons: 37.6790784008497
finished_reconf: true
global_termination_time: 366485.129
local_termination_time: 99339.621
node_cons: 7477.87216400202
tot_aggregated_send: 4754
tot_msg_rcv: 334
tot_msg_sent: 639
tot_reconf_duration: 3.05
tot_sleeping_duration: 360903.5529999985
tot_uptimes: 94
tot_uptimes_duration: 5581.576000001514
