comms_cons: 1.5132159999992219
finished_reconf: true
global_termination_time: 12582.001
local_termination_time: 4609.3643600000005
node_cons: 251.63956000000084
tot_aggregated_send: 0
tot_msg_rcv: 119
tot_msg_sent: 111
tot_reconf_duration: 7.819999999999999
tot_sleeping_duration: 12402.001
tot_uptimes: 4
tot_uptimes_duration: 180.0
