comms_cons: 46.279347201194824
finished_reconf: true
global_termination_time: 548562.2312400002
local_termination_time: 48836.60348000001
node_cons: 11317.141439448611
tot_aggregated_send: 4582
tot_msg_rcv: 845
tot_msg_sent: 1608
tot_reconf_duration: 18.21
tot_sleeping_duration: 540128.7642799938
tot_uptimes: 141
tot_uptimes_duration: 8433.466960006423
