comms_cons: 51.35723520050484
finished_reconf: true
global_termination_time: 549045.826
local_termination_time: 54864.72592000015
node_cons: 11256.136381121445
tot_aggregated_send: 7250
tot_msg_rcv: 206
tot_msg_sent: 350
tot_reconf_duration: 6.279999999999999
tot_sleeping_duration: 540645.819919999
tot_uptimes: 141
tot_uptimes_duration: 8400.006080001069
