comms_cons: 194.1145791951349
finished_reconf: true
global_termination_time: 1947503.809
local_termination_time: 814493.9697199997
node_cons: 40016.88405999967
tot_aggregated_send: 27956
tot_msg_rcv: 625
tot_msg_sent: 923
tot_reconf_duration: 5.57
tot_sleeping_duration: 1917623.809
tot_uptimes: 499
tot_uptimes_duration: 29880.0
