comms_cons: 193.6007935899777
finished_reconf: true
global_termination_time: 1945862.851
local_termination_time: 610336.0719999981
node_cons: 40067.58658399719
tot_aggregated_send: 27956
tot_msg_rcv: 549
tot_msg_sent: 922
tot_reconf_duration: 25.299999999999997
tot_sleeping_duration: 1915964.995000002
tot_uptimes: 499
tot_uptimes_duration: 29897.85599999805
