comms_cons: 549.3157563475165
finished_reconf: true
global_termination_time: 1947233.199
local_termination_time: 465655.16524000093
node_cons: 79306.001702481
tot_aggregated_send: 0
tot_msg_rcv: 28019
tot_msg_sent: 55473
tot_reconf_duration: 13.17
tot_sleeping_duration: 1888018.7726799978
tot_uptimes: 979
tot_uptimes_duration: 59214.42632000218
