comms_cons: 192.8758271930461
finished_reconf: true
global_termination_time: 1945289.498
local_termination_time: 662164.5763599998
node_cons: 40093.84263999966
tot_aggregated_send: 27956
tot_msg_rcv: 376
tot_msg_sent: 984
tot_reconf_duration: 3.08
tot_sleeping_duration: 1915349.498
tot_uptimes: 499
tot_uptimes_duration: 29939.999999999985
