comms_cons: 373.41836129291596
finished_reconf: true
global_termination_time: 1947233.199
local_termination_time: 465647.1641200009
node_cons: 40017.80960798973
tot_aggregated_send: 0
tot_msg_rcv: 28736
tot_msg_sent: 28021
tot_reconf_duration: 6.22
tot_sleeping_duration: 1917353.1670000073
tot_uptimes: 499
tot_uptimes_duration: 29880.031999992556
