comms_cons: 48.13292800395817
finished_reconf: true
global_termination_time: 367704.2466000001
local_termination_time: 367704.20548000006
node_cons: 7621.355384184777
tot_aggregated_send: 2526
tot_msg_rcv: 1806
tot_msg_sent: 2986
tot_reconf_duration: 37.410000000000004
tot_sleeping_duration: 362050.3611599816
tot_uptimes: 95
tot_uptimes_duration: 5653.885440018494
