comms_cons: 39.0613376007713
finished_reconf: true
global_termination_time: 372294.664
local_termination_time: 94538.52735999998
node_cons: 7663.099405602616
tot_aggregated_send: 4698
tot_msg_rcv: 444
tot_msg_sent: 795
tot_reconf_duration: 22.65
tot_sleeping_duration: 366594.633599998
tot_uptimes: 96
tot_uptimes_duration: 5700.030400001939
