comms_cons: 77.64897279863443
finished_reconf: true
global_termination_time: 779203.7481599983
local_termination_time: 779203.7070399984
node_cons: 16094.318479597472
tot_aggregated_send: 11064
tot_msg_rcv: 225
tot_msg_sent: 514
tot_reconf_duration: 24.59
tot_sleeping_duration: 767209.0317600003
tot_uptimes: 200
tot_uptimes_duration: 11994.716399998084
