comms_cons: 92.4443391979522
finished_reconf: true
global_termination_time: 951089.0642400001
local_termination_time: 47686.38168000005
node_cons: 19567.77771383893
tot_aggregated_send: 13050
tot_msg_rcv: 358
tot_msg_sent: 642
tot_reconf_duration: 18.21
tot_sleeping_duration: 936493.8076800009
tot_uptimes: 244
tot_uptimes_duration: 14595.25655999918
