comms_cons: 95.06943999580537
finished_reconf: true
global_termination_time: 954893.604
local_termination_time: 102726.36735999996
node_cons: 19609.50826223369
tot_aggregated_send: 13108
tot_msg_rcv: 466
tot_msg_sent: 876
tot_reconf_duration: 4.8100000000000005
tot_sleeping_duration: 940253.5918400048
tot_uptimes: 245
tot_uptimes_duration: 14640.012159995269
