comms_cons: 143.8234879974584
finished_reconf: true
global_termination_time: 1449898.649
local_termination_time: 1066669.387
node_cons: 29814.916544154043
tot_aggregated_send: 20762
tot_msg_rcv: 348
tot_msg_sent: 750
tot_reconf_duration: 6.279999999999999
tot_sleeping_duration: 1427638.4635600045
tot_uptimes: 372
tot_uptimes_duration: 22260.18543999549
