comms_cons: 421.62062050379114
finished_reconf: true
global_termination_time: 1445681.572
local_termination_time: 554959.1705999998
node_cons: 59005.65183216138
tot_aggregated_send: 0
tot_msg_rcv: 21520
tot_msg_sent: 42564
tot_reconf_duration: 13.17
tot_sleeping_duration: 1401627.9745599981
tot_uptimes: 730
tot_uptimes_duration: 44053.59744000176
