comms_cons: 146.57799678425678
finished_reconf: true
global_termination_time: 1447783.419
local_termination_time: 246702.43636000008
node_cons: 29731.80232558883
tot_aggregated_send: 19604
tot_msg_rcv: 812
tot_msg_sent: 1863
tot_reconf_duration: 4.390000000000001
tot_sleeping_duration: 1425583.3886000083
tot_uptimes: 371
tot_uptimes_duration: 22200.030399991607
