comms_cons: 143.15023359433877
finished_reconf: true
global_termination_time: 1446135.495
local_termination_time: 701363.9280799996
node_cons: 29741.158979999964
tot_aggregated_send: 20880
tot_msg_rcv: 308
tot_msg_sent: 570
tot_reconf_duration: 11.31
tot_sleeping_duration: 1423935.495
tot_uptimes: 371
tot_uptimes_duration: 22200.0
