comms_cons: 19.981030400016223
finished_reconf: true
global_termination_time: 204513.08548000007
local_termination_time: 204513.04436000006
node_cons: 4229.423518720114
tot_aggregated_send: 2886
tot_msg_rcv: 28
tot_msg_sent: 122
tot_reconf_duration: 24.59
tot_sleeping_duration: 201379.381
tot_uptimes: 53
tot_uptimes_duration: 3133.704480000073
