comms_cons: 20.217881600170102
finished_reconf: true
global_termination_time: 205889.147
local_termination_time: 116303.24635999998
node_cons: 4208.446841121445
tot_aggregated_send: 2784
tot_msg_rcv: 78
tot_msg_sent: 211
tot_reconf_duration: 22.65
tot_sleeping_duration: 202769.14091999893
tot_uptimes: 53
tot_uptimes_duration: 3120.0060800010688
