comms_cons: 33.66576640027222
finished_reconf: true
global_termination_time: 209255.667
local_termination_time: 91261.71235999996
node_cons: 4262.170041119139
tot_aggregated_send: 0
tot_msg_rcv: 2564
tot_msg_sent: 2553
tot_reconf_duration: 3.05
tot_sleeping_duration: 206075.66092000064
tot_uptimes: 54
tot_uptimes_duration: 3180.006079999366
