comms_cons: 439.4517118157145
finished_reconf: true
global_termination_time: 951104.21
local_termination_time: 635623.5364399995
node_cons: 57890.125999349446
tot_aggregated_send: 0
tot_msg_rcv: 26965
tot_msg_sent: 39829
tot_reconf_duration: 18.21
tot_sleeping_duration: 907888.8277600071
tot_uptimes: 705
tot_uptimes_duration: 43215.38223999287
