comms_cons: 94.24046079867853
finished_reconf: true
global_termination_time: 954224.913
local_termination_time: 821925.8013599999
node_cons: 19607.10190000009
tot_aggregated_send: 13862
tot_msg_rcv: 174
tot_msg_sent: 288
tot_reconf_duration: 3.05
tot_sleeping_duration: 939584.913
tot_uptimes: 245
tot_uptimes_duration: 14640.0
