comms_cons: 94.00531839634213
finished_reconf: true
global_termination_time: 951668.719
local_termination_time: 653138.3944799999
node_cons: 19533.239560000115
tot_aggregated_send: 13514
tot_msg_rcv: 227
tot_msg_sent: 547
tot_reconf_duration: 7.819999999999999
tot_sleeping_duration: 937088.719
tot_uptimes: 244
tot_uptimes_duration: 14580.0
