comms_cons: 62.22012159674122
finished_reconf: true
global_termination_time: 129017.43027999975
local_termination_time: 959.4020399999995
node_cons: 7840.831942518272
tot_aggregated_send: 0
tot_msg_rcv: 3833
tot_msg_sent: 5623
tot_reconf_duration: 18.21
tot_sleeping_duration: 123180.16160000105
tot_uptimes: 97
tot_uptimes_duration: 5837.268679998702
