comms_cons: 41.1792128010288
finished_reconf: true
global_termination_time: 401678.051
local_termination_time: 42486.15160000001
node_cons: 8225.438700000002
tot_aggregated_send: 5278
tot_msg_rcv: 364
tot_msg_sent: 617
tot_reconf_duration: 22.65
tot_sleeping_duration: 395558.051
tot_uptimes: 103
tot_uptimes_duration: 6120.0
