comms_cons: 39.04097280012652
finished_reconf: true
global_termination_time: 401150.32424000016
local_termination_time: 320887.05936
node_cons: 8223.522729360184
tot_aggregated_send: 5626
tot_msg_rcv: 74
tot_msg_sent: 233
tot_reconf_duration: 6.22
tot_sleeping_duration: 395015.092
tot_uptimes: 103
tot_uptimes_duration: 6135.232240000158
