comms_cons: 41.9160832002875
finished_reconf: true
global_termination_time: 402986.223
local_termination_time: 76189.22735999998
node_cons: 8282.40208112145
tot_aggregated_send: 5336
tot_msg_rcv: 399
tot_msg_sent: 636
tot_reconf_duration: 5.43
tot_sleeping_duration: 396806.21691999893
tot_uptimes: 104
tot_uptimes_duration: 6180.006080001069
