comms_cons: 1.572428799999026
finished_reconf: true
global_termination_time: 18856.049
local_termination_time: 4294.910360000001
node_cons: 329.8882400000009
tot_aggregated_send: 0
tot_msg_rcv: 126
tot_msg_sent: 113
tot_reconf_duration: 6.279999999999999
tot_sleeping_duration: 18616.049
tot_uptimes: 5
tot_uptimes_duration: 240.0
