comms_cons: 2.212390399991841
finished_reconf: true
global_termination_time: 18275.936
local_termination_time: 2918.929520000001
node_cons: 328.9240599999996
tot_aggregated_send: 0
tot_msg_rcv: 164
tot_msg_sent: 172
tot_reconf_duration: 5.57
tot_sleeping_duration: 18035.936
tot_uptimes: 5
tot_uptimes_duration: 240.0
