comms_cons: 1.5526911999975097
finished_reconf: true
global_termination_time: 18022.202
local_termination_time: 4183.22836
node_cons: 325.54263999999995
tot_aggregated_send: 0
tot_msg_rcv: 120
tot_msg_sent: 116
tot_reconf_duration: 3.08
tot_sleeping_duration: 17782.202
tot_uptimes: 5
tot_uptimes_duration: 240.0
