comms_cons: 20.451635200762976
finished_reconf: true
global_termination_time: 199962.22660000008
local_termination_time: 199962.18548000007
node_cons: 4166.491271759385
tot_aggregated_send: 0
tot_msg_rcv: 169
tot_msg_sent: 2939
tot_reconf_duration: 37.36
tot_sleeping_duration: 196888.47276000056
tot_uptimes: 52
tot_uptimes_duration: 3073.7538399995246
