comms_cons: 437.5904256877302
finished_reconf: true
global_termination_time: 4349052.264839998
local_termination_time: 4349052.223719998
node_cons: 89527.09564539709
tot_aggregated_send: 60468
tot_msg_rcv: 1932
tot_msg_sent: 4112
tot_reconf_duration: 37.410000000000004
tot_sleeping_duration: 4282229.043880029
tot_uptimes: 1114
tot_uptimes_duration: 66823.22095996997
