comms_cons: 436.596960044294
finished_reconf: true
global_termination_time: 4351701.4
local_termination_time: 711780.8709999981
node_cons: 89502.98331116755
tot_aggregated_send: 61132
tot_msg_rcv: 1737
tot_msg_sent: 3492
tot_reconf_duration: 3.05
tot_sleeping_duration: 4284861.339200023
tot_uptimes: 1115
tot_uptimes_duration: 66840.06079997751
