comms_cons: 437.16160005909154
finished_reconf: true
global_termination_time: 4349636.722
local_termination_time: 1333475.73036
node_cons: 89429.12097116758
tot_aggregated_send: 61016
tot_msg_rcv: 1884
tot_msg_sent: 3544
tot_reconf_duration: 7.819999999999999
tot_sleeping_duration: 4282856.661200022
tot_uptimes: 1114
tot_uptimes_duration: 66780.06079997751
