comms_cons: 440.3237568693871
finished_reconf: true
global_termination_time: 4349826.521
local_termination_time: 1548151.4593599997
node_cons: 89425.84278669977
tot_aggregated_send: 59682
tot_msg_rcv: 2421
tot_msg_sent: 4820
tot_reconf_duration: 5.43
tot_sleeping_duration: 4283046.484520013
tot_uptimes: 1114
tot_uptimes_duration: 66780.03647998674
