comms_cons: 257.64384002447264
finished_reconf: true
global_termination_time: 325314.1300000001
local_termination_time: 8957.4156
node_cons: 32172.407534206694
tot_aggregated_send: 0
tot_msg_rcv: 17773
tot_msg_sent: 21387
tot_reconf_duration: 4.390000000000001
tot_sleeping_duration: 301291.3921999951
tot_uptimes: 382
tot_uptimes_duration: 24022.737800004972
