comms_cons: 37.100108800420685
finished_reconf: true
global_termination_time: 385910.666
local_termination_time: 118814.47283999967
node_cons: 7894.159861121456
tot_aggregated_send: 5162
tot_msg_rcv: 158
tot_msg_sent: 319
tot_reconf_duration: 15.34
tot_sleeping_duration: 380030.65991999896
tot_uptimes: 99
tot_uptimes_duration: 5880.00608000107
