comms_cons: 36.54087680033896
finished_reconf: true
global_termination_time: 384983.273
local_termination_time: 122376.038
node_cons: 7882.104685282102
tot_aggregated_send: 5160
tot_msg_rcv: 144
tot_msg_sent: 250
tot_reconf_duration: 6.279999999999999
tot_sleeping_duration: 379103.0814799984
tot_uptimes: 99
tot_uptimes_duration: 5880.191520001565
