comms_cons: 38.521216000619916
finished_reconf: true
global_termination_time: 381643.711
local_termination_time: 103327.9393599997
node_cons: 7805.359521121441
tot_aggregated_send: 5278
tot_msg_rcv: 236
tot_msg_sent: 341
tot_reconf_duration: 9.11
tot_sleeping_duration: 375823.70491999894
tot_uptimes: 98
tot_uptimes_duration: 5820.006080001069
