comms_cons: 38.46800640021151
finished_reconf: true
global_termination_time: 383140.529
local_termination_time: 105820.795
node_cons: 7883.135315118919
tot_aggregated_send: 5159
tot_msg_rcv: 163
tot_msg_sent: 524
tot_reconf_duration: 4.8100000000000005
tot_sleeping_duration: 377258.0769200008
tot_uptimes: 99
tot_uptimes_duration: 5882.452079999188
