comms_cons: 94.12248321205337
finished_reconf: true
global_termination_time: 580725.654
local_termination_time: 333405.3293600001
node_cons: 11900.955842242889
tot_aggregated_send: 0
tot_msg_rcv: 7342
tot_msg_sent: 6964
tot_reconf_duration: 7.819999999999999
tot_sleeping_duration: 571845.6418399978
tot_uptimes: 149
tot_uptimes_duration: 8880.012160002138
