comms_cons: 57.483097600466806
finished_reconf: true
global_termination_time: 580830.852
local_termination_time: 337363.2662400009
node_cons: 11899.950864482644
tot_aggregated_send: 8004
tot_msg_rcv: 213
tot_msg_sent: 521
tot_reconf_duration: 6.22
tot_sleeping_duration: 571949.967679998
tot_uptimes: 149
tot_uptimes_duration: 8880.884320001991
