comms_cons: 94.25424641327577
finished_reconf: true
global_termination_time: 583679.192
local_termination_time: 331135.3166000001
node_cons: 11978.058363364298
tot_aggregated_send: 0
tot_msg_rcv: 7359
tot_msg_sent: 6968
tot_reconf_duration: 5.43
tot_sleeping_duration: 574739.1737599969
tot_uptimes: 150
tot_uptimes_duration: 8940.018240003206
