comms_cons: 40.6660352002365
finished_reconf: true
global_termination_time: 407633.5956400005
local_termination_time: 260136.01436000006
node_cons: 8423.23272408208
tot_aggregated_send: 5800
tot_msg_rcv: 142
tot_msg_sent: 238
tot_reconf_duration: 18.21
tot_sleeping_duration: 401361.3749199989
tot_uptimes: 105
tot_uptimes_duration: 6272.220720001555
