comms_cons: 27.31088640076979
finished_reconf: true
global_termination_time: 256192.957
local_termination_time: 89322.31235999995
node_cons: 5256.48996448429
tot_aggregated_send: 3190
tot_msg_rcv: 401
tot_msg_sent: 560
tot_reconf_duration: 25.299999999999997
tot_sleeping_duration: 252292.9326799968
tot_uptimes: 66
tot_uptimes_duration: 3900.024320003213
