comms_cons: 205.20502391426214
finished_reconf: true
global_termination_time: 899423.2255599985
local_termination_time: 3457.1746
node_cons: 18571.549073640937
tot_aggregated_send: 0
tot_msg_rcv: 17710
tot_msg_sent: 13473
tot_reconf_duration: 18.21
tot_sleeping_duration: 885571.9784400277
tot_uptimes: 231
tot_uptimes_duration: 13851.247119970816
