comms_cons: 89.8587135984108
finished_reconf: true
global_termination_time: 902172.994
local_termination_time: 17026.944480000002
node_cons: 18567.068240000033
tot_aggregated_send: 12876
tot_msg_rcv: 265
tot_msg_sent: 517
tot_reconf_duration: 6.279999999999999
tot_sleeping_duration: 888312.994
tot_uptimes: 232
tot_uptimes_duration: 13860.0
