comms_cons: 87.85863679943266
finished_reconf: true
global_termination_time: 899422.7355999999
local_termination_time: 775575.4104799998
node_cons: 18513.63124839982
tot_aggregated_send: 13282
tot_msg_rcv: 19
tot_msg_sent: 53
tot_reconf_duration: 10.95
tot_sleeping_duration: 885607.38
tot_uptimes: 231
tot_uptimes_duration: 13815.355599999893
