comms_cons: 89.99687679483733
finished_reconf: true
global_termination_time: 903260.711
local_termination_time: 166356.4802800008
node_cons: 18565.913940000017
tot_aggregated_send: 12934
tot_msg_rcv: 286
tot_msg_sent: 459
tot_reconf_duration: 5.43
tot_sleeping_duration: 889400.711
tot_uptimes: 232
tot_uptimes_duration: 13860.0
