comms_cons: 474.8184705343441
finished_reconf: true
global_termination_time: 4689905.472
local_termination_time: 89243.12547999996
node_cons: 96496.97407451799
tot_aggregated_send: 64438
tot_msg_rcv: 2501
tot_msg_sent: 5230
tot_reconf_duration: 6.279999999999999
tot_sleeping_duration: 4617845.392960029
tot_uptimes: 1202
tot_uptimes_duration: 72060.07903997065
