comms_cons: 473.5948416983305
finished_reconf: true
global_termination_time: 4690728.332
local_termination_time: 817627.8713199985
node_cons: 96500.79279116778
tot_aggregated_send: 64960
tot_msg_rcv: 2454
tot_msg_sent: 4570
tot_reconf_duration: 9.11
tot_sleeping_duration: 4618668.271200023
tot_uptimes: 1202
tot_uptimes_duration: 72060.06079997797
