comms_cons: 472.80807686491346
finished_reconf: true
global_termination_time: 4689398.846
local_termination_time: 700397.34636
node_cons: 96496.86817117158
tot_aggregated_send: 65308
tot_msg_rcv: 2198
tot_msg_sent: 4357
tot_reconf_duration: 6.22
tot_sleeping_duration: 4617338.785200019
tot_uptimes: 1201
tot_uptimes_duration: 72060.06079998071
