comms_cons: 741.6575681476536
finished_reconf: true
global_termination_time: 7451482.339719999
local_termination_time: 7451482.2985999985
node_cons: 153395.9067845451
tot_aggregated_send: 106230
tot_msg_rcv: 2050
tot_msg_sent: 4445
tot_reconf_duration: 37.410000000000004
tot_sleeping_duration: 7336960.230680006
tot_uptimes: 1909
tot_uptimes_duration: 114522.10903999297
