comms_cons: 751.3557826430683
finished_reconf: true
global_termination_time: 7451482.956239997
local_termination_time: 76743.42671999994
node_cons: 153333.9428427593
tot_aggregated_send: 103124
tot_msg_rcv: 3642
tot_msg_sent: 7433
tot_reconf_duration: 18.21
tot_sleeping_duration: 7336987.651040024
tot_uptimes: 1909
tot_uptimes_duration: 114495.30519997346
