comms_cons: 742.482931392107
finished_reconf: true
global_termination_time: 7452745.216
local_termination_time: 2267815.678
node_cons: 153310.069002446
tot_aggregated_send: 102067
tot_msg_rcv: 3638
tot_msg_sent: 7148
tot_reconf_duration: 15.34
tot_sleeping_duration: 7338264.829680021
tot_uptimes: 1909
tot_uptimes_duration: 114480.38631997863
