comms_cons: 740.9029185344637
finished_reconf: true
global_termination_time: 7452979.25
local_termination_time: 2534409.1779199983
node_cons: 153295.7109289318
tot_aggregated_send: 103182
tot_msg_rcv: 3184
tot_msg_sent: 6246
tot_reconf_duration: 5.1
tot_sleeping_duration: 7338499.201360017
tot_uptimes: 1909
tot_uptimes_duration: 114480.0486399827
