comms_cons: 737.925081730458
finished_reconf: true
global_termination_time: 7453429.4
local_termination_time: 3001270.9104799996
node_cons: 153306.6618478144
tot_aggregated_send: 103298
tot_msg_rcv: 2995
tot_msg_sent: 5866
tot_reconf_duration: 13.17
tot_sleeping_duration: 7338949.357440015
tot_uptimes: 1909
tot_uptimes_duration: 114480.04255998482
