comms_cons: 731.9145025122996
finished_reconf: true
global_termination_time: 7456155.299
local_termination_time: 3124747.43736
node_cons: 153373.29148669748
tot_aggregated_send: 104168
tot_msg_rcv: 2497
tot_msg_sent: 4580
tot_reconf_duration: 3.08
tot_sleeping_duration: 7341615.262520012
tot_uptimes: 1910
tot_uptimes_duration: 114540.03647998697
