comms_cons: 747.1339522023949
finished_reconf: true
global_termination_time: 7451989.413
local_termination_time: 779435.5577599991
node_cons: 153294.76303116963
tot_aggregated_send: 102660
tot_msg_rcv: 3579
tot_msg_sent: 7321
tot_reconf_duration: 4.390000000000001
tot_sleeping_duration: 7337509.352200018
tot_uptimes: 1909
tot_uptimes_duration: 114480.06079998118
