comms_cons: 741.0510913976043
finished_reconf: true
global_termination_time: 7453281.797
local_termination_time: 1937513.9613599998
node_cons: 153304.1359678146
tot_aggregated_send: 102486
tot_msg_rcv: 3327
tot_msg_sent: 6819
tot_reconf_duration: 11.31
tot_sleeping_duration: 7338801.754440015
tot_uptimes: 1909
tot_uptimes_duration: 114480.04255998484
