comms_cons: 419.8328128244161
finished_reconf: true
global_termination_time: 4247032.728
local_termination_time: 1054409.57036
node_cons: 87338.14080446537
tot_aggregated_send: 59102
tot_msg_rcv: 1456
tot_msg_sent: 3254
tot_reconf_duration: 6.279999999999999
tot_sleeping_duration: 4181812.703680009
tot_uptimes: 1088
tot_uptimes_duration: 65220.02431999077
