comms_cons: 412.8382208212784
finished_reconf: true
global_termination_time: 4251690.511
local_termination_time: 1750823.0430399994
node_cons: 87444.28554111459
tot_aggregated_send: 58348
tot_msg_rcv: 1460
tot_msg_sent: 2941
tot_reconf_duration: 25.299999999999997
tot_sleeping_duration: 4186410.504920002
tot_uptimes: 1089
tot_uptimes_duration: 65280.006079997635
