comms_cons: 430.7314048901321
finished_reconf: true
global_termination_time: 4251647.568
local_termination_time: 362623.8403600001
node_cons: 87420.59654781615
tot_aggregated_send: 58870
tot_msg_rcv: 2361
tot_msg_sent: 4238
tot_reconf_duration: 7.819999999999999
tot_sleeping_duration: 4186367.5254400163
tot_uptimes: 1089
tot_uptimes_duration: 65280.04255998391
