comms_cons: 427.7687360717102
finished_reconf: true
global_termination_time: 4246931.513
local_termination_time: 87701.954
node_cons: 87338.0918889399
tot_aggregated_send: 59385
tot_msg_rcv: 1967
tot_msg_sent: 3666
tot_reconf_duration: 6.22
tot_sleeping_duration: 4181711.4643600136
tot_uptimes: 1088
tot_uptimes_duration: 65220.04863998671
