comms_cons: 1275.470259489637
finished_reconf: true
global_termination_time: 3169005.491
local_termination_time: 2297627.4220000003
node_cons: 192204.80921416768
tot_aggregated_send: 0
tot_msg_rcv: 78351
tot_msg_sent: 115515
tot_reconf_duration: 5.57
tot_sleeping_duration: 3025467.5932000196
tot_uptimes: 2355
tot_uptimes_duration: 143537.89779998036
