comms_cons: 313.3738752079411
finished_reconf: true
global_termination_time: 3169864.928
local_termination_time: 2624892.9783599996
node_cons: 65173.64928334936
tot_aggregated_send: 43964
tot_msg_rcv: 1162
tot_msg_sent: 2505
tot_reconf_duration: 13.17
tot_sleeping_duration: 3121204.9097600067
tot_uptimes: 812
tot_uptimes_duration: 48660.01823999314
