comms_cons: 314.8435967981455
finished_reconf: true
global_termination_time: 3167873.509
local_termination_time: 1688294.61836
node_cons: 65166.758784466416
tot_aggregated_send: 44022
tot_msg_rcv: 1256
tot_msg_sent: 2576
tot_reconf_duration: 8.09
tot_sleeping_duration: 3119213.4846800095
tot_uptimes: 812
tot_uptimes_duration: 48660.02431999077
