comms_cons: 317.0732672333892
finished_reconf: true
global_termination_time: 3166571.7882399973
local_termination_time: 260942.30036000005
node_cons: 65110.70147275821
tot_aggregated_send: 44254
tot_msg_rcv: 1219
tot_msg_sent: 2720
tot_reconf_duration: 11.899999999999999
tot_sleeping_duration: 3117957.4930400276
tot_uptimes: 811
tot_uptimes_duration: 48614.29519996978
