comms_cons: 121.27277439275488
finished_reconf: true
global_termination_time: 1210607.5214799999
local_termination_time: 1210607.48036
node_cons: 24957.167942070333
tot_aggregated_send: 17212
tot_msg_rcv: 454
tot_msg_sent: 765
tot_reconf_duration: 24.59
tot_sleeping_duration: 1191993.7987600071
tot_uptimes: 311
tot_uptimes_duration: 18613.722719992744
