comms_cons: 64.7005952011165
finished_reconf: true
global_termination_time: 621097.271
local_termination_time: 99294.36147999996
node_cons: 12781.0590700929
tot_aggregated_send: 7830
tot_msg_rcv: 600
tot_msg_sent: 1405
tot_reconf_duration: 5.1
tot_sleeping_duration: 611557.2162799903
tot_uptimes: 160
tot_uptimes_duration: 9540.054720009619
