comms_cons: 62.579884800644685
finished_reconf: true
global_termination_time: 621159.557
local_termination_time: 379841.49336
node_cons: 12799.470882242817
tot_aggregated_send: 8410
tot_msg_rcv: 415
tot_msg_sent: 686
tot_reconf_duration: 18.700000000000003
tot_sleeping_duration: 611619.5448399979
tot_uptimes: 160
tot_uptimes_duration: 9540.012160002138
