comms_cons: 63.871180800075656
finished_reconf: true
global_termination_time: 622383.915
local_termination_time: 178180.57836000004
node_cons: 12794.924284485736
tot_aggregated_send: 8236
tot_msg_rcv: 493
tot_msg_sent: 979
tot_reconf_duration: 15.34
tot_sleeping_duration: 612843.8906799958
tot_uptimes: 160
tot_uptimes_duration: 9540.024320004275
