comms_cons: 10.559616000024876
finished_reconf: true
global_termination_time: 78885.659
local_termination_time: 37976.828360000014
node_cons: 1610.9907467194712
tot_aggregated_send: 580
tot_msg_rcv: 434
tot_msg_sent: 591
tot_reconf_duration: 3.05
tot_sleeping_duration: 77685.6225200004
tot_uptimes: 21
tot_uptimes_duration: 1200.0364799996023
