comms_cons: 86.86715518959491
finished_reconf: true
global_termination_time: 785625.35424
local_termination_time: 7057.384200000003
node_cons: 16192.300005112766
tot_aggregated_send: 7192
tot_msg_rcv: 2213
tot_msg_sent: 3802
tot_reconf_duration: 18.21
tot_sleeping_duration: 773550.9921600054
tot_uptimes: 202
tot_uptimes_duration: 12074.362079994586
