comms_cons: 77.2858623987724
finished_reconf: true
global_termination_time: 786529.752
local_termination_time: 311384.9144800001
node_cons: 16154.871980000022
tot_aggregated_send: 11252
tot_msg_rcv: 192
tot_msg_sent: 303
tot_reconf_duration: 4.8100000000000005
tot_sleeping_duration: 774469.752
tot_uptimes: 202
tot_uptimes_duration: 12060.0
