comms_cons: 77.7539455984962
finished_reconf: true
global_termination_time: 786718.152
local_termination_time: 46364.455360000014
node_cons: 16158.967701119174
tot_aggregated_send: 11020
tot_msg_rcv: 285
tot_msg_sent: 513
tot_reconf_duration: 7.819999999999999
tot_sleeping_duration: 774658.1459200006
tot_uptimes: 202
tot_uptimes_duration: 12060.006079999366
