comms_cons: 10.43523840007424
finished_reconf: true
global_termination_time: 88650.734
local_termination_time: 61090.49236000001
node_cons: 1774.413941119149
tot_aggregated_send: 696
tot_msg_rcv: 312
tot_msg_sent: 579
tot_reconf_duration: 5.1
tot_sleeping_duration: 87330.72792000063
tot_uptimes: 23
tot_uptimes_duration: 1320.0060799993662
