comms_cons: 10.994515199772128
finished_reconf: true
global_termination_time: 86931.016
local_termination_time: 29191.39836
node_cons: 1788.0482267194668
tot_aggregated_send: 638
tot_msg_rcv: 399
tot_msg_sent: 633
tot_reconf_duration: 15.110000000000001
tot_sleeping_duration: 85610.9795200004
tot_uptimes: 23
tot_uptimes_duration: 1320.0364799996023
