comms_cons: 121.84741118334806
finished_reconf: true
global_termination_time: 1188504.542
local_termination_time: 434222.82636
node_cons: 24430.36721117293
tot_aggregated_send: 15022
tot_msg_rcv: 1108
tot_msg_sent: 2391
tot_reconf_duration: 5.1
tot_sleeping_duration: 1170264.48120002
tot_uptimes: 305
tot_uptimes_duration: 18240.06079997978
