comms_cons: 122.84803838699148
finished_reconf: true
global_termination_time: 1190072.559
local_termination_time: 457889.36200000043
node_cons: 24441.30184782244
tot_aggregated_send: 15486
tot_msg_rcv: 1042
tot_msg_sent: 2144
tot_reconf_duration: 13.17
tot_sleeping_duration: 1171832.516440013
tot_uptimes: 305
tot_uptimes_duration: 18240.042559986876
