comms_cons: 119.98087038838986
finished_reconf: true
global_termination_time: 1188974.56
local_termination_time: 793801.8453199986
node_cons: 24435.796508934673
tot_aggregated_send: 15254
tot_msg_rcv: 884
tot_msg_sent: 2099
tot_reconf_duration: 9.11
tot_sleeping_duration: 1170734.511360019
tot_uptimes: 305
tot_uptimes_duration: 18240.048639981076
