comms_cons: 121.24456958963299
finished_reconf: true
global_termination_time: 1189060.582
local_termination_time: 443429.4153600001
node_cons: 24454.15940559343
tot_aggregated_send: 15486
tot_msg_rcv: 1095
tot_msg_sent: 1847
tot_reconf_duration: 22.65
tot_sleeping_duration: 1170820.5516000048
tot_uptimes: 305
tot_uptimes_duration: 18240.03039999504
