comms_cons: 120.47831039311362
finished_reconf: true
global_termination_time: 1189518.939
local_termination_time: 518235.8583600001
node_cons: 24440.554709342392
tot_aggregated_send: 16356
tot_msg_rcv: 743
tot_msg_sent: 1213
tot_reconf_duration: 12.629999999999999
tot_sleeping_duration: 1171278.9067600132
tot_uptimes: 305
tot_uptimes_duration: 18240.032239986816
