comms_cons: 120.62451838908433
finished_reconf: true
global_termination_time: 1190043.673
local_termination_time: 777137.2913599999
node_cons: 24429.354184467385
tot_aggregated_send: 16066
tot_msg_rcv: 701
tot_msg_sent: 1566
tot_reconf_duration: 4.390000000000001
tot_sleeping_duration: 1171803.6486800094
tot_uptimes: 305
tot_uptimes_duration: 18240.024319990538
