comms_cons: 121.73893758347738
finished_reconf: true
global_termination_time: 1187321.3787199997
local_termination_time: 27756.720760000007
node_cons: 24436.003585902145
tot_aggregated_send: 15660
tot_msg_rcv: 855
tot_msg_sent: 1986
tot_reconf_duration: 3.05
tot_sleeping_duration: 1169075.0294400132
tot_uptimes: 305
tot_uptimes_duration: 18246.349279986636
