comms_cons: 123.89628158589633
finished_reconf: true
global_termination_time: 1189829.264
local_termination_time: 724910.6173599998
node_cons: 24430.782786700944
tot_aggregated_send: 15486
tot_msg_rcv: 1194
tot_msg_sent: 2151
tot_reconf_duration: 5.43
tot_sleeping_duration: 1171589.2275200142
tot_uptimes: 305
tot_uptimes_duration: 18240.036479985807
