comms_cons: 34.60001280044699
finished_reconf: true
global_termination_time: 347187.641
local_termination_time: 115734.9244399996
node_cons: 7076.451980000004
tot_aggregated_send: 4814
tot_msg_rcv: 159
tot_msg_sent: 286
tot_reconf_duration: 4.8100000000000005
tot_sleeping_duration: 341907.641
tot_uptimes: 89
tot_uptimes_duration: 5280.0
