comms_cons: 101.1785984118123
finished_reconf: true
global_termination_time: 346732.8709600006
local_termination_time: 346732.8298400006
node_cons: 14237.498578562281
tot_aggregated_send: 0
tot_msg_rcv: 5140
tot_msg_sent: 10238
tot_reconf_duration: 24.59
tot_sleeping_duration: 336124.8759199989
tot_uptimes: 177
tot_uptimes_duration: 10607.995040001679
