comms_cons: 0.6842368000015258
finished_reconf: true
global_termination_time: 7326.369999999999
local_termination_time: 1608.9823600000002
node_cons: 101.17171999999988
tot_aggregated_send: 0
tot_msg_rcv: 60
tot_msg_sent: 44
tot_reconf_duration: 15.34
tot_sleeping_duration: 7266.369999999999
tot_uptimes: 2
tot_uptimes_duration: 59.99999999999909
