comms_cons: 79.90438399863918
finished_reconf: true
global_termination_time: 807206.856
local_termination_time: 149966.8792400005
node_cons: 16556.001620000043
tot_aggregated_send: 11600
tot_msg_rcv: 201
tot_msg_sent: 344
tot_reconf_duration: 4.390000000000001
tot_sleeping_duration: 794846.856
tot_uptimes: 207
tot_uptimes_duration: 12360.0
