comms_cons: 27.79179520037815
finished_reconf: true
global_termination_time: 275376.05
local_termination_time: 35922.753000000004
node_cons: 5648.545462240592
tot_aggregated_send: 3636
tot_msg_rcv: 179
tot_msg_sent: 410
tot_reconf_duration: 18.21
tot_sleeping_duration: 271176.03783999954
tot_uptimes: 71
tot_uptimes_duration: 4200.012160000435
