comms_cons: 28.59978240073799
finished_reconf: true
global_termination_time: 277988.553
local_termination_time: 139117.09036000006
node_cons: 5711.535310442553
tot_aggregated_send: 3712
tot_msg_rcv: 232
tot_msg_sent: 403
tot_reconf_duration: 5.43
tot_sleeping_duration: 273728.5370399981
tot_uptimes: 72
tot_uptimes_duration: 4260.015960001911
