comms_cons: 46.692582400362674
finished_reconf: true
global_termination_time: 474377.323
local_termination_time: 155241.96536000006
node_cons: 9729.586760000013
tot_aggregated_send: 6844
tot_msg_rcv: 84
tot_msg_sent: 169
tot_reconf_duration: 6.22
tot_sleeping_duration: 467117.323
tot_uptimes: 122
tot_uptimes_duration: 7259.999999999999
