comms_cons: 51.80364800067561
finished_reconf: true
global_termination_time: 518238.837
local_termination_time: 176003.5711600003
node_cons: 10615.532124485728
tot_aggregated_send: 6960
tot_msg_rcv: 333
tot_msg_sent: 580
tot_reconf_duration: 7.819999999999999
tot_sleeping_duration: 510318.81267999567
tot_uptimes: 133
tot_uptimes_duration: 7920.024320004291
