comms_cons: 135.57285759510614
finished_reconf: true
global_termination_time: 1339967.447
local_termination_time: 128913.34207999991
node_cons: 27643.88580000005
tot_aggregated_send: 18908
tot_msg_rcv: 658
tot_msg_sent: 1040
tot_reconf_duration: 5.1
tot_sleeping_duration: 1319327.447
tot_uptimes: 344
tot_uptimes_duration: 20640.0
