comms_cons: 131.91953919740934
finished_reconf: true
global_termination_time: 1341577.931
local_termination_time: 327237.3408000007
node_cons: 27577.139380000037
tot_aggregated_send: 19430
tot_msg_rcv: 171
tot_msg_sent: 450
tot_reconf_duration: 15.110000000000001
tot_sleeping_duration: 1320997.931
tot_uptimes: 344
tot_uptimes_duration: 20580.000000000007
