comms_cons: 138.2857983854765
finished_reconf: true
global_termination_time: 1341148.463
local_termination_time: 390563.9166400009
node_cons: 27560.835170056194
tot_aggregated_send: 17980
tot_msg_rcv: 1114
tot_msg_sent: 1924
tot_reconf_duration: 3.05
tot_sleeping_duration: 1320568.4082800178
tot_uptimes: 344
tot_uptimes_duration: 20580.054719982145
