comms_cons: 435.23033575140363
finished_reconf: true
global_termination_time: 2892745.781
local_termination_time: 1912551.5524799996
node_cons: 59458.542082232685
tot_aggregated_send: 0
tot_msg_rcv: 33261
tot_msg_sent: 32891
tot_reconf_duration: 5.1
tot_sleeping_duration: 2848345.7688400047
tot_uptimes: 741
tot_uptimes_duration: 44400.0121599955
