comms_cons: 283.7702784170682
finished_reconf: true
global_termination_time: 2808063.554
local_termination_time: 985273.0007599981
node_cons: 57853.393368934296
tot_aggregated_send: 38918
tot_msg_rcv: 1364
tot_msg_sent: 2848
tot_reconf_duration: 6.279999999999999
tot_sleeping_duration: 2764863.5053600185
tot_uptimes: 720
tot_uptimes_duration: 43200.04863998154
