comms_cons: 283.95958403215303
finished_reconf: true
global_termination_time: 2808099.882
local_termination_time: 135122.60376000087
node_cons: 57851.7990700557
tot_aggregated_send: 38744
tot_msg_rcv: 1391
tot_msg_sent: 3025
tot_reconf_duration: 5.1
tot_sleeping_duration: 2764899.8272800175
tot_uptimes: 720
tot_uptimes_duration: 43200.05471998261
