comms_cons: 283.8176576158611
finished_reconf: true
global_termination_time: 2807806.781
local_termination_time: 47712.97948000001
node_cons: 57862.774412303144
tot_aggregated_send: 39266
tot_msg_rcv: 1374
tot_msg_sent: 2499
tot_reconf_duration: 13.17
tot_sleeping_duration: 2764606.714120012
tot_uptimes: 720
tot_uptimes_duration: 43200.06687998818
