comms_cons: 284.4053184016974
finished_reconf: true
global_termination_time: 2810342.428
local_termination_time: 342612.91936000006
node_cons: 57855.86763117715
tot_aggregated_send: 39150
tot_msg_rcv: 1463
tot_msg_sent: 2614
tot_reconf_duration: 8.09
tot_sleeping_duration: 2767142.367200016
tot_uptimes: 720
tot_uptimes_duration: 43200.06079998368
