comms_cons: 284.8724352068627
finished_reconf: true
global_termination_time: 2810084.135079998
local_termination_time: 541915.2741599983
node_cons: 57857.228367822
tot_aggregated_send: 38744
tot_msg_rcv: 1536
tot_msg_sent: 3020
tot_reconf_duration: 9.11
tot_sleeping_duration: 2766884.0925200107
tot_uptimes: 720
tot_uptimes_duration: 43200.04255998734
