comms_cons: 285.69483522901356
finished_reconf: true
global_termination_time: 2809416.657
local_termination_time: 2275700.9056000006
node_cons: 57855.85682223342
tot_aggregated_send: 38454
tot_msg_rcv: 1665
tot_msg_sent: 3305
tot_reconf_duration: 8.129999999999999
tot_sleeping_duration: 2766216.6448400044
tot_uptimes: 720
tot_uptimes_duration: 43200.0121599955
