comms_cons: 285.22147842849006
finished_reconf: true
global_termination_time: 2808095.009
local_termination_time: 2134688.4663599995
node_cons: 57855.45212446702
tot_aggregated_send: 38802
tot_msg_rcv: 1593
tot_msg_sent: 2957
tot_reconf_duration: 7.819999999999999
tot_sleeping_duration: 2764894.984680009
tot_uptimes: 720
tot_uptimes_duration: 43200.02431999124
