comms_cons: 287.4057728284407
finished_reconf: true
global_termination_time: 2808476.206
local_termination_time: 1050708.0956
node_cons: 57865.68870781754
tot_aggregated_send: 38280
tot_msg_rcv: 1929
tot_msg_sent: 3475
tot_reconf_duration: 15.34
tot_sleeping_duration: 2765276.163440016
tot_uptimes: 720
tot_uptimes_duration: 43200.04255998391
