comms_cons: 826.7276610021239
finished_reconf: true
global_termination_time: 8234508.549479998
local_termination_time: 98805.13547999969
node_cons: 169446.56110788527
tot_aggregated_send: 115304
tot_msg_rcv: 3524
tot_msg_sent: 6827
tot_reconf_duration: 18.21
tot_sleeping_duration: 8107979.9222000195
tot_uptimes: 2109
tot_uptimes_duration: 126528.62727997842
