comms_cons: 825.7123586039108
finished_reconf: true
global_termination_time: 8237084.341
local_termination_time: 337573.4070000004
node_cons: 169443.08674893426
tot_aggregated_send: 115072
tot_msg_rcv: 3519
tot_msg_sent: 6912
tot_reconf_duration: 4.390000000000001
tot_sleeping_duration: 8110544.292360014
tot_uptimes: 2110
tot_uptimes_duration: 126540.04863998521
