comms_cons: 825.8826434207438
finished_reconf: true
global_termination_time: 8236667.373
local_termination_time: 388683.0230000005
node_cons: 169441.27517005184
tot_aggregated_send: 114434
tot_msg_rcv: 3787
tot_msg_sent: 7307
tot_reconf_duration: 3.05
tot_sleeping_duration: 8110127.318280016
tot_uptimes: 2110
tot_uptimes_duration: 126540.05471998331
