comms_cons: 820.6579010080661
finished_reconf: true
global_termination_time: 8235133.576
local_termination_time: 1055926.7730399992
node_cons: 169365.22374781346
tot_aggregated_send: 114666
tot_msg_rcv: 3403
tot_msg_sent: 6666
tot_reconf_duration: 6.22
tot_sleeping_duration: 8108653.533440016
tot_uptimes: 2109
tot_uptimes_duration: 126480.0425599846
