comms_cons: 73.97057280888038
finished_reconf: true
global_termination_time: 384104.4542400003
local_termination_time: 116728.65159999997
node_cons: 7940.099671603289
tot_aggregated_send: 0
tot_msg_rcv: 5680
tot_msg_sent: 5563
tot_reconf_duration: 18.21
tot_sleeping_duration: 378193.04983999784
tot_uptimes: 99
tot_uptimes_duration: 5911.404400002444
