comms_cons: 172.70988798194935
finished_reconf: true
global_termination_time: 1681775.788
local_termination_time: 473884.3304400002
node_cons: 34567.113131168335
tot_aggregated_send: 22330
tot_msg_rcv: 1311
tot_msg_sent: 2610
tot_reconf_duration: 15.34
tot_sleeping_duration: 1655975.7272000236
tot_uptimes: 431
tot_uptimes_duration: 25800.060799976345
