comms_cons: 1.401369599997482
finished_reconf: true
global_termination_time: 10667.5
local_termination_time: 7368.519480000001
node_cons: 195.03740000000147
tot_aggregated_send: 0
tot_msg_rcv: 119
tot_msg_sent: 93
tot_reconf_duration: 25.299999999999997
tot_sleeping_duration: 10547.5
tot_uptimes: 3
tot_uptimes_duration: 120.0
