comms_cons: 611.9199424996539
finished_reconf: true
global_termination_time: 6122494.265
local_termination_time: 2922718.4816399994
node_cons: 125901.34080446431
tot_aggregated_send: 85376
tot_msg_rcv: 2696
tot_msg_sent: 4935
tot_reconf_duration: 6.279999999999999
tot_sleeping_duration: 6028474.240680008
tot_uptimes: 1568
tot_uptimes_duration: 94020.024319991
