comms_cons: 600.7277824590655
finished_reconf: true
global_termination_time: 6124006.34
local_termination_time: 3357485.2638399987
node_cons: 125984.12250223008
tot_aggregated_send: 84390
tot_msg_rcv: 2395
tot_msg_sent: 4522
tot_reconf_duration: 8.09
tot_sleeping_duration: 6029926.327840004
tot_uptimes: 1569
tot_uptimes_duration: 94080.01215999573
