comms_cons: 620.3135746007291
finished_reconf: true
global_termination_time: 6126595.117
local_termination_time: 21391.301
node_cons: 126023.71753820415
tot_aggregated_send: 84446
tot_msg_rcv: 3375
tot_msg_sent: 6462
tot_reconf_duration: 22.65
tot_sleeping_duration: 6032500.300840023
tot_uptimes: 1569
tot_uptimes_duration: 94094.81615997621
