comms_cons: 597.5664128719027
finished_reconf: true
global_termination_time: 6123526.412
local_termination_time: 3426717.8126000003
node_cons: 125990.28782223014
tot_aggregated_send: 84796
tot_msg_rcv: 2088
tot_msg_sent: 3941
tot_reconf_duration: 12.629999999999999
tot_sleeping_duration: 6029446.399840004
tot_uptimes: 1569
tot_uptimes_duration: 94080.01215999573
