comms_cons: 597.707097626765
finished_reconf: true
global_termination_time: 6123581.182
local_termination_time: 3692319.3126000003
node_cons: 125989.28019999589
tot_aggregated_send: 88450
tot_msg_rcv: 764
tot_msg_sent: 1633
tot_reconf_duration: 11.899999999999999
tot_sleeping_duration: 6029501.182
tot_uptimes: 1569
tot_uptimes_duration: 94080.0
