comms_cons: 612.5586753181601
finished_reconf: true
global_termination_time: 6124489.625
local_termination_time: 1055961.8788399997
node_cons: 125981.6481711665
tot_aggregated_send: 86362
tot_msg_rcv: 2322
tot_msg_sent: 4419
tot_reconf_duration: 6.22
tot_sleeping_duration: 6030409.564200022
tot_uptimes: 1569
tot_uptimes_duration: 94080.06079997797
