comms_cons: 119.51068799448691
finished_reconf: true
global_termination_time: 1186361.203
local_termination_time: 47694.709680000145
node_cons: 24347.20260558652
tot_aggregated_send: 16356
tot_msg_rcv: 583
tot_msg_sent: 1226
tot_reconf_duration: 3.05
tot_sleeping_duration: 1168181.1726000102
tot_uptimes: 304
tot_uptimes_duration: 18180.030399989904
