comms_cons: 86.96386559757477
finished_reconf: true
global_termination_time: 857667.892
local_termination_time: 393039.24348000006
node_cons: 17605.10398335513
tot_aggregated_send: 11832
tot_msg_rcv: 518
tot_msg_sent: 868
tot_reconf_duration: 7.819999999999999
tot_sleeping_duration: 844527.8737600036
tot_uptimes: 220
tot_uptimes_duration: 13140.018239996338
