comms_cons: 42.51284480078977
finished_reconf: true
global_termination_time: 408162.406
local_termination_time: 27938.948480000003
node_cons: 8373.269283362026
tot_aggregated_send: 5452
tot_msg_rcv: 438
tot_msg_sent: 570
tot_reconf_duration: 13.17
tot_sleeping_duration: 401922.3877599985
tot_uptimes: 105
tot_uptimes_duration: 6240.018240001504
