comms_cons: 42.14040320036888
finished_reconf: true
global_termination_time: 408029.317
local_termination_time: 47270.38620000004
node_cons: 8368.16864223945
tot_aggregated_send: 5452
tot_msg_rcv: 379
tot_msg_sent: 574
tot_reconf_duration: 9.42
tot_sleeping_duration: 401789.3048400004
tot_uptimes: 105
tot_uptimes_duration: 6240.012159999584
