comms_cons: 41.58873600077957
finished_reconf: true
global_termination_time: 407250.419
local_termination_time: 202652.8890800006
node_cons: 8370.246382242847
tot_aggregated_send: 5510
tot_msg_rcv: 294
tot_msg_sent: 518
tot_reconf_duration: 10.95
tot_sleeping_duration: 401010.40683999786
tot_uptimes: 105
tot_uptimes_duration: 6240.0121600021375
