comms_cons: 229.56144639226653
finished_reconf: true
global_termination_time: 2330664.041
local_termination_time: 776079.9533599999
node_cons: 47891.16823999943
tot_aggregated_send: 33582
tot_msg_rcv: 443
tot_msg_sent: 867
tot_reconf_duration: 6.279999999999999
tot_sleeping_duration: 2294904.041
tot_uptimes: 597
tot_uptimes_duration: 35760.0
