comms_cons: 230.76543999281304
finished_reconf: true
global_termination_time: 2331469.547
local_termination_time: 1035640.3623599999
node_cons: 47980.86485999945
tot_aggregated_send: 33524
tot_msg_rcv: 556
tot_msg_sent: 995
tot_reconf_duration: 13.17
tot_sleeping_duration: 2295649.547
tot_uptimes: 598
tot_uptimes_duration: 35820.0
