comms_cons: 235.36430078235793
finished_reconf: true
global_termination_time: 2334291.491
local_termination_time: 502310.5037200005
node_cons: 47969.03990256792
tot_aggregated_send: 32074
tot_msg_rcv: 1206
tot_msg_sent: 2494
tot_reconf_duration: 4.390000000000001
tot_sleeping_duration: 2298471.4176000236
tot_uptimes: 598
tot_uptimes_duration: 35820.073399976536
