comms_cons: 274.58193922789593
finished_reconf: true
global_termination_time: 2810088.407
local_termination_time: 5175.294
node_cons: 57856.978488934896
tot_aggregated_send: 39489
tot_msg_rcv: 728
tot_msg_sent: 1518
tot_reconf_duration: 8.92
tot_sleeping_duration: 2766888.358360018
tot_uptimes: 720
tot_uptimes_duration: 43200.04863998201
