comms_cons: 282.0766208087003
finished_reconf: true
global_termination_time: 2808796.455
local_termination_time: 6914.188
node_cons: 57848.6186478171
tot_aggregated_send: 39030
tot_msg_rcv: 1267
tot_msg_sent: 2577
tot_reconf_duration: 2.77
tot_sleeping_duration: 2765596.4124400164
tot_uptimes: 720
tot_uptimes_duration: 43200.042559983674
