comms_cons: 154.35792635588945
finished_reconf: true
global_termination_time: 783765.859
local_termination_time: 797.2934799999999
node_cons: 16092.737321119175
tot_aggregated_send: 0
tot_msg_rcv: 11878
tot_msg_sent: 11583
tot_reconf_duration: 18.21
tot_sleeping_duration: 771765.8529200007
tot_uptimes: 201
tot_uptimes_duration: 12000.006079999366
