comms_cons: 77.19789439921061
finished_reconf: true
global_termination_time: 784098.0
local_termination_time: 738648.4653599999
node_cons: 16074.531980000098
tot_aggregated_send: 10904
tot_msg_rcv: 241
tot_msg_sent: 588
tot_reconf_duration: 4.8100000000000005
tot_sleeping_duration: 772098.0
tot_uptimes: 201
tot_uptimes_duration: 12000.0
