comms_cons: 923.2826755099591
finished_reconf: true
global_termination_time: 9167011.524
local_termination_time: 389829.84848000004
node_cons: 188564.039313402
tot_aggregated_send: 125686
tot_msg_rcv: 5011
tot_msg_sent: 9636
tot_reconf_duration: 4.390000000000001
tot_sleeping_duration: 9026191.451040024
tot_uptimes: 2348
tot_uptimes_duration: 140820.07295997668
