comms_cons: 53.976384000871455
finished_reconf: true
global_termination_time: 526844.567
local_termination_time: 91970.79935999996
node_cons: 10772.116403362024
tot_aggregated_send: 6902
tot_msg_rcv: 432
tot_msg_sent: 871
tot_reconf_duration: 4.8100000000000005
tot_sleeping_duration: 518804.5487599985
tot_uptimes: 135
tot_uptimes_duration: 8040.018240001504
