comms_cons: 53.728134400416735
finished_reconf: true
global_termination_time: 525242.404359999
local_termination_time: 13300.426120000004
node_cons: 10843.156556961532
tot_aggregated_send: 7134
tot_msg_rcv: 368
tot_msg_sent: 665
tot_reconf_duration: 11.31
tot_sleeping_duration: 517155.92371999787
tot_uptimes: 135
tot_uptimes_duration: 8086.480640001135
