comms_cons: 105.08554241530425
finished_reconf: true
global_termination_time: 526786.467
local_termination_time: 2810.4993600000003
node_cons: 10786.399861121445
tot_aggregated_send: 0
tot_msg_rcv: 8206
tot_msg_sent: 7766
tot_reconf_duration: 15.34
tot_sleeping_duration: 518746.4609199989
tot_uptimes: 135
tot_uptimes_duration: 8040.006080001069
