comms_cons: 751.0097281548424
finished_reconf: true
global_termination_time: 7667514.565
local_termination_time: 5018032.165
node_cons: 157754.95105510153
tot_aggregated_send: 105442
tot_msg_rcv: 2899
tot_msg_sent: 5809
tot_reconf_duration: 18.700000000000003
tot_sleeping_duration: 7549718.032920009
tot_uptimes: 1964
tot_uptimes_duration: 117796.53207999095
