comms_cons: 746.1647105775354
finished_reconf: true
global_termination_time: 7477111.231
local_termination_time: 1368962.18136
node_cons: 153791.65684893177
tot_aggregated_send: 104110
tot_msg_rcv: 3206
tot_msg_sent: 6095
tot_reconf_duration: 15.34
tot_sleeping_duration: 7362271.182360018
tot_uptimes: 1915
tot_uptimes_duration: 114840.0486399827
