comms_cons: 746.3431105560612
finished_reconf: true
global_termination_time: 7476499.738
local_termination_time: 2589999.4854800003
node_cons: 153774.98334558032
tot_aggregated_send: 103820
tot_msg_rcv: 3297
tot_msg_sent: 6322
tot_reconf_duration: 3.08
tot_sleeping_duration: 7361659.7076000115
tot_uptimes: 1915
tot_uptimes_duration: 114840.0303999891
