comms_cons: 753.4423041923795
finished_reconf: true
global_termination_time: 7480683.173
local_termination_time: 243962.43640000038
node_cons: 153857.15931340327
tot_aggregated_send: 104168
tot_msg_rcv: 3589
tot_msg_sent: 6761
tot_reconf_duration: 4.390000000000001
tot_sleeping_duration: 7365783.100040023
tot_uptimes: 1916
tot_uptimes_duration: 114900.07295997645
