comms_cons: 747.180633751283
finished_reconf: true
global_termination_time: 7477163.891
local_termination_time: 727524.28036
node_cons: 153774.99959340334
tot_aggregated_send: 104806
tot_msg_rcv: 3062
tot_msg_sent: 5699
tot_reconf_duration: 3.05
tot_sleeping_duration: 7362323.818040023
tot_uptimes: 1915
tot_uptimes_duration: 114840.07295997645
