comms_cons: 111.68912638991061
finished_reconf: true
global_termination_time: 1092858.974
local_termination_time: 297683.28836000006
node_cons: 22419.10776894851
tot_aggregated_send: 14210
tot_msg_rcv: 877
tot_msg_sent: 1890
tot_reconf_duration: 3.08
tot_sleeping_duration: 1076118.9253600086
tot_uptimes: 280
tot_uptimes_duration: 16740.04863999138
