comms_cons: 111.53724799380615
finished_reconf: true
global_termination_time: 1093443.219
local_termination_time: 340088.06688000046
node_cons: 22506.218784471996
tot_aggregated_send: 14036
tot_msg_rcv: 1054
tot_msg_sent: 1862
tot_reconf_duration: 8.09
tot_sleeping_duration: 1076643.194680006
tot_uptimes: 281
tot_uptimes_duration: 16800.024319993972
