comms_cons: 115.29355518991645
finished_reconf: true
global_termination_time: 1090247.2991200003
local_termination_time: 9720.879040000002
node_cons: 22467.548261997697
tot_aggregated_send: 13862
tot_msg_rcv: 1446
tot_msg_sent: 2216
tot_reconf_duration: 7.819999999999999
tot_sleeping_duration: 1073475.8811200021
tot_uptimes: 280
tot_uptimes_duration: 16771.41799999826
