comms_cons: 459.2606592090551
finished_reconf: true
global_termination_time: 4736202.228
local_termination_time: 3255261.6662399992
node_cons: 97389.96485999714
tot_aggregated_send: 67744
tot_msg_rcv: 637
tot_msg_sent: 1423
tot_reconf_duration: 13.17
tot_sleeping_duration: 4663482.228
tot_uptimes: 1213
tot_uptimes_duration: 72720.0
