comms_cons: 471.8081472863812
finished_reconf: true
global_termination_time: 4730900.95
local_termination_time: 378244.5055200008
node_cons: 97298.320826704
tot_aggregated_send: 66178
tot_msg_rcv: 1787
tot_msg_sent: 3746
tot_reconf_duration: 4.8100000000000005
tot_sleeping_duration: 4658240.91352001
tot_uptimes: 1212
tot_uptimes_duration: 72660.03647999011
