comms_cons: 473.34590727883864
finished_reconf: true
global_termination_time: 4736296.382
local_termination_time: 410141.28536000004
node_cons: 97378.07418446545
tot_aggregated_send: 65830
tot_msg_rcv: 2049
tot_msg_sent: 4066
tot_reconf_duration: 4.390000000000001
tot_sleeping_duration: 4663576.35768001
tot_uptimes: 1213
tot_uptimes_duration: 72720.02431999124
