comms_cons: 471.4340992524288
finished_reconf: true
global_termination_time: 4731312.058
local_termination_time: 465434.0193600001
node_cons: 97295.92260558241
tot_aggregated_send: 65482
tot_msg_rcv: 2104
tot_msg_sent: 4069
tot_reconf_duration: 3.05
tot_sleeping_duration: 4658652.027600012
tot_uptimes: 1212
tot_uptimes_duration: 72660.03039998887
