comms_cons: 2.2895615999924344
finished_reconf: true
global_termination_time: 18104.238
local_termination_time: 9794.722360000002
node_cons: 336.230100000001
tot_aggregated_send: 0
tot_msg_rcv: 182
tot_msg_sent: 166
tot_reconf_duration: 10.95
tot_sleeping_duration: 17864.238
tot_uptimes: 5
tot_uptimes_duration: 240.0
