comms_cons: 2.2961407999924126
finished_reconf: true
global_termination_time: 18116.167
local_termination_time: 6568.933360000001
node_cons: 328.7339400000004
tot_aggregated_send: 0
tot_msg_rcv: 178
tot_msg_sent: 171
tot_reconf_duration: 5.43
tot_sleeping_duration: 17876.167
tot_uptimes: 5
tot_uptimes_duration: 240.0
