comms_cons: 29.48797440038871
finished_reconf: true
global_termination_time: 292227.168
local_termination_time: 90441.81851999977
node_cons: 5951.121620000005
tot_aggregated_send: 3886
tot_msg_rcv: 194
tot_msg_sent: 402
tot_reconf_duration: 4.390000000000001
tot_sleeping_duration: 287787.168
tot_uptimes: 75
tot_uptimes_duration: 4440.0
