comms_cons: 132.26291199213225
finished_reconf: true
global_termination_time: 1314673.334
local_termination_time: 92832.05547999998
node_cons: 27009.631544478903
tot_aggregated_send: 18212
tot_msg_rcv: 617
tot_msg_sent: 1274
tot_reconf_duration: 11.31
tot_sleeping_duration: 1294513.3096800009
tot_uptimes: 337
tot_uptimes_duration: 20160.02431999914
