comms_cons: 73.85151999997811
finished_reconf: true
global_termination_time: 753174.962
local_termination_time: 55652.32952000007
node_cons: 15456.046841121446
tot_aggregated_send: 10498
tot_msg_rcv: 243
tot_msg_sent: 484
tot_reconf_duration: 22.65
tot_sleeping_duration: 741654.9559199989
tot_uptimes: 193
tot_uptimes_duration: 11520.006080001069
