comms_cons: 74.10961279875238
finished_reconf: true
global_termination_time: 754094.834
local_termination_time: 435828.7292800008
node_cons: 15511.589761121433
tot_aggregated_send: 10672
tot_msg_rcv: 187
tot_msg_sent: 405
tot_reconf_duration: 4.390000000000001
tot_sleeping_duration: 742514.8279199989
tot_uptimes: 194
tot_uptimes_duration: 11580.006080001098
