comms_cons: 73.81862399887294
finished_reconf: true
global_termination_time: 752772.879
local_termination_time: 433791.7093600001
node_cons: 15429.430041121517
tot_aggregated_send: 10382
tot_msg_rcv: 288
tot_msg_sent: 550
tot_reconf_duration: 3.05
tot_sleeping_duration: 741252.8729199988
tot_uptimes: 193
tot_uptimes_duration: 11520.006080001069
