comms_cons: 100.74791679808492
finished_reconf: true
global_termination_time: 1005314.543
local_termination_time: 174566.68628000034
node_cons: 20653.93640335972
tot_aggregated_send: 14152
tot_msg_rcv: 406
tot_msg_sent: 755
tot_reconf_duration: 4.8100000000000005
tot_sleeping_duration: 989894.5247600002
tot_uptimes: 258
tot_uptimes_duration: 15420.018239999772
