comms_cons: 82.36176641069773
finished_reconf: true
global_termination_time: 409564.9347200001
local_termination_time: 409564.89360000007
node_cons: 8407.262484808727
tot_aggregated_send: 0
tot_msg_rcv: 6469
tot_msg_sent: 6047
tot_reconf_duration: 24.59
tot_sleeping_duration: 403311.1115199936
tot_uptimes: 105
tot_uptimes_duration: 6253.823200006504
