comms_cons: 201.7461503816159
finished_reconf: true
global_termination_time: 1964818.196
local_termination_time: 853075.5255999988
node_cons: 40419.59708670075
tot_aggregated_send: 26912
tot_msg_rcv: 1481
tot_msg_sent: 2271
tot_reconf_duration: 6.279999999999999
tot_sleeping_duration: 1934638.1595200142
tot_uptimes: 504
tot_uptimes_duration: 30180.036479985807
