comms_cons: 197.55082878392017
finished_reconf: true
global_termination_time: 1962349.141
local_termination_time: 483208.69136000006
node_cons: 40351.207521121134
tot_aggregated_send: 27318
tot_msg_rcv: 924
tot_msg_sent: 1784
tot_reconf_duration: 15.110000000000001
tot_sleeping_duration: 1932229.134919999
tot_uptimes: 503
tot_uptimes_duration: 30120.00608000107
