comms_cons: 199.61607677681928
finished_reconf: true
global_termination_time: 1961274.158
local_termination_time: 29162.459480000005
node_cons: 40361.54453452319
tot_aggregated_send: 26796
tot_msg_rcv: 1227
tot_msg_sent: 2318
tot_reconf_duration: 22.65
tot_sleeping_duration: 1931154.0789600273
tot_uptimes: 503
tot_uptimes_duration: 30120.079039972712
