comms_cons: 201.48849277817388
finished_reconf: true
global_termination_time: 1964338.09
local_termination_time: 351960.0550000004
node_cons: 40417.05489005115
tot_aggregated_send: 26448
tot_msg_rcv: 1442
tot_msg_sent: 2735
tot_reconf_duration: 4.390000000000001
tot_sleeping_duration: 1934158.0352800214
tot_uptimes: 504
tot_uptimes_duration: 30180.05471997871
