comms_cons: 267.3249088141789
finished_reconf: true
global_termination_time: 2809313.826
local_termination_time: 4788.199
node_cons: 57877.2915011158
tot_aggregated_send: 38663
tot_msg_rcv: 604
tot_msg_sent: 1364
tot_reconf_duration: 23.919999999999998
tot_sleeping_duration: 2766113.819920002
tot_uptimes: 720
tot_uptimes_duration: 43200.006079997635
