comms_cons: 283.2250048010065
finished_reconf: false
global_termination_time: 2810172.699
local_termination_time: 0
node_cons: 57898.29174117841
tot_aggregated_send: 39382
tot_msg_rcv: 1316
tot_msg_sent: 2350
tot_reconf_duration: 39.34
tot_sleeping_duration: 2766972.6482000155
tot_uptimes: 720
tot_uptimes_duration: 43200.05079998451
