comms_cons: 16.831807999792645
finished_reconf: true
global_termination_time: 168506.986
local_termination_time: 44742.128000000004
node_cons: 3460.5979022394536
tot_aggregated_send: 1735
tot_msg_rcv: 293
tot_msg_sent: 530
tot_reconf_duration: 4.390000000000001
tot_sleeping_duration: 165926.9738400004
tot_uptimes: 44
tot_uptimes_duration: 2580.0121599995837
