comms_cons: 2.157977599994489
finished_reconf: true
global_termination_time: 14523.53448
local_termination_time: 14523.49336
node_cons: 292.7716598400071
tot_aggregated_send: 0
tot_msg_rcv: 159
tot_msg_sent: 168
tot_reconf_duration: 24.59
tot_sleeping_duration: 14329.823919999995
tot_uptimes: 4
tot_uptimes_duration: 193.710560000005
