comms_cons: 2.2040319999948284
finished_reconf: true
global_termination_time: 18304.298
local_termination_time: 7513.482360000001
node_cons: 355.7174000000002
tot_aggregated_send: 0
tot_msg_rcv: 182
tot_msg_sent: 153
tot_reconf_duration: 25.299999999999997
tot_sleeping_duration: 18064.298
tot_uptimes: 5
tot_uptimes_duration: 240.0
