comms_cons: 91.42629119352787
finished_reconf: true
global_termination_time: 883752.86224
local_termination_time: 157140.5630800006
node_cons: 18208.05979829933
tot_aggregated_send: 11716
tot_msg_rcv: 839
tot_msg_sent: 1340
tot_reconf_duration: 22.65
tot_sleeping_duration: 870177.5813600156
tot_uptimes: 227
tot_uptimes_duration: 13575.280879984552
