comms_cons: 73.55545599975505
finished_reconf: true
global_termination_time: 750239.9162399991
local_termination_time: 750223.5917599992
node_cons: 15496.446981358804
tot_aggregated_send: 11078
tot_msg_rcv: 17
tot_msg_sent: 85
tot_reconf_duration: 6.279999999999999
tot_sleeping_duration: 738673.136
tot_uptimes: 193
tot_uptimes_duration: 11566.780239999061
