comms_cons: 74.95682559817638
finished_reconf: true
global_termination_time: 756397.75
local_termination_time: 224359.15348000007
node_cons: 15512.545800000033
tot_aggregated_send: 10846
tot_msg_rcv: 203
tot_msg_sent: 344
tot_reconf_duration: 5.1
tot_sleeping_duration: 744817.75
tot_uptimes: 194
tot_uptimes_duration: 11580.0
