comms_cons: 219.30078074280334
finished_reconf: true
global_termination_time: 750239.1537999994
local_termination_time: 750239.1126799994
node_cons: 30727.51892119932
tot_aggregated_send: 0
tot_msg_rcv: 11188
tot_msg_sent: 22142
tot_reconf_duration: 24.59
tot_sleeping_duration: 727315.983
tot_uptimes: 377
tot_uptimes_duration: 22923.170799999447
