comms_cons: 832.8068033723825
finished_reconf: true
global_termination_time: 8404220.928
local_termination_time: 1990841.96236
node_cons: 172899.3091889303
tot_aggregated_send: 117044
tot_msg_rcv: 3321
tot_msg_sent: 6216
tot_reconf_duration: 5.57
tot_sleeping_duration: 8275100.879360017
tot_uptimes: 2153
tot_uptimes_duration: 129120.04863998224
