comms_cons: 838.2606274218631
finished_reconf: true
global_termination_time: 8404293.373
local_termination_time: 1217904.980999998
node_cons: 172902.88443516166
tot_aggregated_send: 115652
tot_msg_rcv: 3918
tot_msg_sent: 7840
tot_reconf_duration: 7.819999999999999
tot_sleeping_duration: 8275172.936200024
tot_uptimes: 2153
tot_uptimes_duration: 129120.43679997581
