comms_cons: 924.580505827936
finished_reconf: true
global_termination_time: 9315762.486
local_termination_time: 3857560.1174399992
node_cons: 191645.33881116402
tot_aggregated_send: 129804
tot_msg_rcv: 3774
tot_msg_sent: 6951
tot_reconf_duration: 25.299999999999997
tot_sleeping_duration: 9172662.42520002
tot_uptimes: 2386
tot_uptimes_duration: 143100.06079997844
