comms_cons: 922.6537026057896
finished_reconf: true
global_termination_time: 9315392.846
local_termination_time: 3919507.8543599998
node_cons: 191628.84998892987
tot_aggregated_send: 129224
tot_msg_rcv: 3703
tot_msg_sent: 7311
tot_reconf_duration: 13.17
tot_sleeping_duration: 9172292.797360018
tot_uptimes: 2386
tot_uptimes_duration: 143100.0486399827
