comms_cons: 915.3499713530832
finished_reconf: true
global_termination_time: 9316500.061
local_termination_time: 4572164.82436
node_cons: 191623.32022669615
tot_aggregated_send: 129746
tot_msg_rcv: 3336
tot_msg_sent: 6046
tot_reconf_duration: 9.11
tot_sleeping_duration: 9173400.024520015
tot_uptimes: 2386
tot_uptimes_duration: 143100.03647998697
