comms_cons: 65.58804480069695
finished_reconf: true
global_termination_time: 666431.163
local_termination_time: 218228.53036000006
node_cons: 13688.583123364304
tot_aggregated_send: 9106
tot_msg_rcv: 288
tot_msg_sent: 575
tot_reconf_duration: 22.65
tot_sleeping_duration: 656231.1447599968
tot_uptimes: 171
tot_uptimes_duration: 10200.018240003206
