comms_cons: 67.88625279878075
finished_reconf: true
global_termination_time: 663311.328
local_termination_time: 53364.55636000002
node_cons: 13583.4460433598
tot_aggregated_send: 8758
tot_msg_rcv: 512
tot_msg_sent: 1048
tot_reconf_duration: 4.390000000000001
tot_sleeping_duration: 653171.3097600002
tot_uptimes: 170
tot_uptimes_duration: 10140.01823999983
