comms_cons: 67.11441919905741
finished_reconf: true
global_termination_time: 663898.737
local_termination_time: 208723.75236000004
node_cons: 13673.167121121447
tot_aggregated_send: 9106
tot_msg_rcv: 348
tot_msg_sent: 747
tot_reconf_duration: 11.31
tot_sleeping_duration: 653698.730919999
tot_uptimes: 171
tot_uptimes_duration: 10200.006080001069
