comms_cons: 11.581900799892235
finished_reconf: true
global_termination_time: 96290.177
local_termination_time: 74.41412
node_cons: 1962.642287836056
tot_aggregated_send: 0
tot_msg_rcv: 413
tot_msg_sent: 1348
tot_reconf_duration: 25.35
tot_sleeping_duration: 94850.13444000293
tot_uptimes: 25
tot_uptimes_duration: 1440.042559997055
