comms_cons: 7.394828799739815
finished_reconf: true
global_termination_time: 96677.707
local_termination_time: 1199.40412
node_cons: 1933.5566644797416
tot_aggregated_send: 0
tot_msg_rcv: 270
tot_msg_sent: 854
tot_reconf_duration: 3.95
tot_sleeping_duration: 95237.68268000019
tot_uptimes: 25
tot_uptimes_duration: 1440.0243199998076
