comms_cons: 8.77112959977124
finished_reconf: true
global_termination_time: 101039.371
local_termination_time: 653.87812
node_cons: 2014.0514833583106
tot_aggregated_send: 0
tot_msg_rcv: 326
tot_msg_sent: 1008
tot_reconf_duration: 4.07
tot_sleeping_duration: 99539.35276000126
tot_uptimes: 26
tot_uptimes_duration: 1500.0182399987389
