comms_cons: 12.362943999809826
finished_reconf: true
global_termination_time: 99235.009
local_termination_time: 2240.30612
node_cons: 2018.4812311966468
tot_aggregated_send: 0
tot_msg_rcv: 747
tot_msg_sent: 1133
tot_reconf_duration: 7.29
tot_sleeping_duration: 97734.94820000252
tot_uptimes: 26
tot_uptimes_duration: 1500.0607999974964
