comms_cons: 8.81274239986672
finished_reconf: true
global_termination_time: 98212.809
local_termination_time: 1581.48612
node_cons: 2016.9766222383018
tot_aggregated_send: 0
tot_msg_rcv: 445
tot_msg_sent: 896
tot_reconf_duration: 6.23
tot_sleeping_duration: 96712.79684000126
tot_uptimes: 26
tot_uptimes_duration: 1500.0121599987324
