comms_cons: 843.9691906713358
finished_reconf: true
global_termination_time: 8349789.014
local_termination_time: 448332.02420000057
node_cons: 171772.96303116906
tot_aggregated_send: 115072
tot_msg_rcv: 4484
tot_msg_sent: 8720
tot_reconf_duration: 4.390000000000001
tot_sleeping_duration: 8221508.953200019
tot_uptimes: 2139
tot_uptimes_duration: 128280.06079998141
