comms_cons: 835.215468990148
finished_reconf: true
global_termination_time: 8347969.165
local_termination_time: 1597784.98436
node_cons: 171695.1081711645
tot_aggregated_send: 116928
tot_msg_rcv: 3510
tot_msg_sent: 6508
tot_reconf_duration: 6.22
tot_sleeping_duration: 8219749.104200022
tot_uptimes: 2138
tot_uptimes_duration: 128220.06079997797
