comms_cons: 833.4688897908889
finished_reconf: true
global_termination_time: 8348084.831
local_termination_time: 1815992.20636
node_cons: 171702.0203911643
tot_aggregated_send: 117508
tot_msg_rcv: 3020
tot_msg_sent: 6153
tot_reconf_duration: 11.31
tot_sleeping_duration: 8219864.7702000225
tot_uptimes: 2138
tot_uptimes_duration: 128220.06079997774
