comms_cons: 37.09008640239354
finished_reconf: true
global_termination_time: 287347.7158400001
local_termination_time: 287347.67472000007
node_cons: 5934.252233455622
tot_aggregated_send: 2178
tot_msg_rcv: 1352
tot_msg_sent: 2103
tot_reconf_duration: 37.410000000000004
tot_sleeping_duration: 282953.8028799884
tot_uptimes: 74
tot_uptimes_duration: 4393.912960011658
