comms_cons: 29.542464000423625
finished_reconf: true
global_termination_time: 288562.906
local_termination_time: 127446.77975999976
node_cons: 5873.364522242865
tot_aggregated_send: 3828
tot_msg_rcv: 256
tot_msg_sent: 406
tot_reconf_duration: 6.279999999999999
tot_sleeping_duration: 284182.8938399979
tot_uptimes: 74
tot_uptimes_duration: 4380.0121600021375
