comms_cons: 28.974796800325304
finished_reconf: true
global_termination_time: 287789.096
local_termination_time: 191982.81836000006
node_cons: 5882.713001121453
tot_aggregated_send: 3944
tot_msg_rcv: 181
tot_msg_sent: 279
tot_reconf_duration: 13.17
tot_sleeping_duration: 283409.08991999895
tot_uptimes: 74
tot_uptimes_duration: 4380.006080001069
