comms_cons: 29.68535040083899
finished_reconf: true
global_termination_time: 287347.78976000054
local_termination_time: 147762.51392000073
node_cons: 5921.351084883525
tot_aggregated_send: 3770
tot_msg_rcv: 259
tot_msg_sent: 482
tot_reconf_duration: 7.819999999999999
tot_sleeping_duration: 282933.5018399979
tot_uptimes: 74
tot_uptimes_duration: 4414.287920002651
