comms_cons: 252.8468928081088
finished_reconf: true
global_termination_time: 2541236.8297999995
local_termination_time: 2541236.7886799993
node_cons: 52305.65944855551
tot_aggregated_send: 36050
tot_msg_rcv: 736
tot_msg_sent: 1644
tot_reconf_duration: 37.410000000000004
tot_sleeping_duration: 2502211.5447600023
tot_uptimes: 651
tot_uptimes_duration: 39025.28503999747
