comms_cons: 250.14776320434484
finished_reconf: true
global_termination_time: 2541387.988
local_termination_time: 1086404.4843600001
node_cons: 52246.394599999454
tot_aggregated_send: 37004
tot_msg_rcv: 338
tot_msg_sent: 679
tot_reconf_duration: 18.700000000000003
tot_sleeping_duration: 2502387.988
tot_uptimes: 651
tot_uptimes_duration: 39000.0
