comms_cons: 251.0162176010358
finished_reconf: true
global_termination_time: 2542561.83
local_termination_time: 1621106.4406
node_cons: 52316.21009999946
tot_aggregated_send: 36714
tot_msg_rcv: 461
tot_msg_sent: 978
tot_reconf_duration: 10.95
tot_sleeping_duration: 2503501.83
tot_uptimes: 652
tot_uptimes_duration: 39060.0
