comms_cons: 260.89340800394586
finished_reconf: true
global_termination_time: 2542803.983
local_termination_time: 778163.1886399991
node_cons: 52305.59587563555
tot_aggregated_send: 33814
tot_msg_rcv: 1985
tot_msg_sent: 3855
tot_reconf_duration: 3.05
tot_sleeping_duration: 2503743.8978800327
tot_uptimes: 652
tot_uptimes_duration: 39060.08511996735
