comms_cons: 1.5347327999940816
finished_reconf: true
global_termination_time: 8442.610240000009
local_termination_time: 2906.31608
node_cons: 229.21172936001238
tot_aggregated_send: 0
tot_msg_rcv: 119
tot_msg_sent: 114
tot_reconf_duration: 5.57
tot_sleeping_duration: 8277.078
tot_uptimes: 3
tot_uptimes_duration: 165.53224000000955
