comms_cons: 110.51740158998751
finished_reconf: true
global_termination_time: 1058574.586
local_termination_time: 279703.07188000093
node_cons: 21802.17771991466
tot_aggregated_send: 13804
tot_msg_rcv: 1079
tot_msg_sent: 1915
tot_reconf_duration: 15.34
tot_sleeping_duration: 1042307.7107200039
tot_uptimes: 272
tot_uptimes_duration: 16266.875279995962
