comms_cons: 106.64945919680038
finished_reconf: true
global_termination_time: 1058367.267
local_termination_time: 357461.29636000004
node_cons: 21784.956783355105
tot_aggregated_send: 14848
tot_msg_rcv: 496
tot_msg_sent: 867
tot_reconf_duration: 9.42
tot_sleeping_duration: 1042107.2487600036
tot_uptimes: 272
tot_uptimes_duration: 16260.018239996338
