comms_cons: 110.13646079451622
finished_reconf: true
global_termination_time: 1058439.013
local_termination_time: 445543.593
node_cons: 21791.832319279256
tot_aggregated_send: 14089
tot_msg_rcv: 1026
tot_msg_sent: 1626
tot_reconf_duration: 12.629999999999999
tot_sleeping_duration: 1042177.1154800006
tot_uptimes: 272
tot_uptimes_duration: 16261.897519999417
