comms_cons: 107.30079999487633
finished_reconf: true
global_termination_time: 1060714.927
local_termination_time: 508576.35648
node_cons: 21788.31648223365
tot_aggregated_send: 14558
tot_msg_rcv: 599
tot_msg_sent: 1153
tot_reconf_duration: 11.899999999999999
tot_sleeping_duration: 1044454.9148400046
tot_uptimes: 272
tot_uptimes_duration: 16260.012159995269
