comms_cons: 108.27417599229739
finished_reconf: true
global_termination_time: 1057603.532
local_termination_time: 399409.9233600001
node_cons: 21787.55596782705
tot_aggregated_send: 13340
tot_msg_rcv: 1137
tot_msg_sent: 1980
tot_reconf_duration: 11.31
tot_sleeping_duration: 1041343.4894400096
tot_uptimes: 271
tot_uptimes_duration: 16260.04255999031
