comms_cons: 60.58785280062151
finished_reconf: true
global_termination_time: 603918.05324
local_termination_time: 159607.70620000016
node_cons: 12417.501431602923
tot_aggregated_send: 8236
tot_msg_rcv: 351
tot_msg_sent: 621
tot_reconf_duration: 18.21
tot_sleeping_duration: 594662.8088399979
tot_uptimes: 155
tot_uptimes_duration: 9255.244400002179
