comms_cons: 150.39393281554644
finished_reconf: true
global_termination_time: 604464.523
local_termination_time: 286691.6114800005
node_cons: 36744.08062512126
tot_aggregated_send: 0
tot_msg_rcv: 9239
tot_msg_sent: 13620
tot_reconf_duration: 4.390000000000001
tot_sleeping_duration: 577027.5409199989
tot_uptimes: 452
tot_uptimes_duration: 27436.98208000108
