comms_cons: 139.96142079243552
finished_reconf: true
global_termination_time: 1394176.72824
local_termination_time: 57318.51392000006
node_cons: 28704.581761598354
tot_aggregated_send: 19430
tot_msg_rcv: 616
tot_msg_sent: 1227
tot_reconf_duration: 3.05
tot_sleeping_duration: 1372742.4938400015
tot_uptimes: 358
tot_uptimes_duration: 21434.234399998735
