comms_cons: 136.7091967979781
finished_reconf: true
global_termination_time: 1395136.159
local_termination_time: 1197802.9625999988
node_cons: 28696.738980000122
tot_aggregated_send: 20242
tot_msg_rcv: 213
tot_msg_sent: 324
tot_reconf_duration: 11.31
tot_sleeping_duration: 1373716.159
tot_uptimes: 358
tot_uptimes_duration: 21420.0
