comms_cons: 87.57649919613877
finished_reconf: true
global_termination_time: 837199.811
local_termination_time: 45337.483400000165
node_cons: 17196.999627840836
tot_aggregated_send: 10788
tot_msg_rcv: 888
tot_msg_sent: 1635
tot_reconf_duration: 3.08
tot_sleeping_duration: 824359.7684399994
tot_uptimes: 215
tot_uptimes_duration: 12840.042560000613
