comms_cons: 83.73456639746557
finished_reconf: true
global_termination_time: 834920.027
local_termination_time: 161332.95860000007
node_cons: 17125.228642242862
tot_aggregated_send: 11484
tot_msg_rcv: 378
tot_msg_sent: 866
tot_reconf_duration: 9.42
tot_sleeping_duration: 822140.0148399979
tot_uptimes: 214
tot_uptimes_duration: 12780.012160002138
