comms_cons: 307.8395775922518
finished_reconf: true
global_termination_time: 3103207.42
local_termination_time: 867219.583999999
node_cons: 63810.816143349155
tot_aggregated_send: 43384
tot_msg_rcv: 1111
tot_msg_sent: 2294
tot_reconf_duration: 15.34
tot_sleeping_duration: 3055567.401760007
tot_uptimes: 795
tot_uptimes_duration: 47640.0182399929
