comms_cons: 54.31787520002727
finished_reconf: true
global_termination_time: 556467.271
local_termination_time: 105027.38435999998
node_cons: 11439.038700000025
tot_aggregated_send: 8004
tot_msg_rcv: 97
tot_msg_sent: 155
tot_reconf_duration: 22.65
tot_sleeping_duration: 547947.271
tot_uptimes: 143
tot_uptimes_duration: 8520.0
