comms_cons: 54.74552320014845
finished_reconf: true
global_termination_time: 557149.705
local_termination_time: 108935.81999999945
node_cons: 11414.811980000011
tot_aggregated_send: 7772
tot_msg_rcv: 193
tot_msg_sent: 356
tot_reconf_duration: 4.8100000000000005
tot_sleeping_duration: 548629.705
tot_uptimes: 143
tot_uptimes_duration: 8520.0
