comms_cons: 54.4691968001476
finished_reconf: true
global_termination_time: 556322.029
local_termination_time: 355889.8006400004
node_cons: 11423.638980000012
tot_aggregated_send: 8120
tot_msg_rcv: 53
tot_msg_sent: 106
tot_reconf_duration: 11.31
tot_sleeping_duration: 547802.029
tot_uptimes: 143
tot_uptimes_duration: 8520.0
