comms_cons: 56.969292800834225
finished_reconf: true
global_termination_time: 556444.88
local_termination_time: 260989.51776000042
node_cons: 11433.017321121435
tot_aggregated_send: 7366
tot_msg_rcv: 443
tot_msg_sent: 850
tot_reconf_duration: 18.21
tot_sleeping_duration: 547924.873919999
tot_uptimes: 143
tot_uptimes_duration: 8520.006080001069
