comms_cons: 55.456076800576945
finished_reconf: true
global_termination_time: 554692.645
local_termination_time: 260551.8610400003
node_cons: 11414.820121121444
tot_aggregated_send: 7830
tot_msg_rcv: 196
tot_msg_sent: 403
tot_reconf_duration: 4.8100000000000005
tot_sleeping_duration: 546172.638919999
tot_uptimes: 143
tot_uptimes_duration: 8520.006080001069
