comms_cons: 95.56287999727161
finished_reconf: true
global_termination_time: 961537.068
local_termination_time: 500545.2440400007
node_cons: 19769.60161999997
tot_aggregated_send: 13862
tot_msg_rcv: 261
tot_msg_sent: 402
tot_reconf_duration: 4.390000000000001
tot_sleeping_duration: 946777.068
tot_uptimes: 247
tot_uptimes_duration: 14760.0
