comms_cons: 280.4695102714616
finished_reconf: true
global_termination_time: 963817.399
local_termination_time: 289576.18348000007
node_cons: 39323.712479999514
tot_aggregated_send: 0
tot_msg_rcv: 14266
tot_msg_sent: 28364
tot_reconf_duration: 11.31
tot_sleeping_duration: 934460.8990000001
tot_uptimes: 487
tot_uptimes_duration: 29356.49999999981
