comms_cons: 132.604057582196
finished_reconf: true
global_termination_time: 764805.982
local_termination_time: 174682.16636000006
node_cons: 15674.860804471948
tot_aggregated_send: 0
tot_msg_rcv: 10340
tot_msg_sent: 9817
tot_reconf_duration: 6.279999999999999
tot_sleeping_duration: 753105.957680006
tot_uptimes: 196
tot_uptimes_duration: 11700.024319993972
