comms_cons: 79.39838079689852
finished_reconf: true
global_termination_time: 765551.976
local_termination_time: 381914.7768400001
node_cons: 15764.573706705592
tot_aggregated_send: 10034
tot_msg_rcv: 700
tot_msg_sent: 1334
tot_reconf_duration: 13.17
tot_sleeping_duration: 753791.9395200107
tot_uptimes: 197
tot_uptimes_duration: 11760.036479989241
