comms_cons: 78.9431999936132
finished_reconf: true
global_termination_time: 763263.201
local_termination_time: 243199.45648000005
node_cons: 15670.515204467334
tot_aggregated_send: 9744
tot_msg_rcv: 810
tot_msg_sent: 1445
tot_reconf_duration: 3.08
tot_sleeping_duration: 751563.1766800095
tot_uptimes: 196
tot_uptimes_duration: 11700.024319990538
