comms_cons: 77.04803839818119
finished_reconf: true
global_termination_time: 764476.482
local_termination_time: 289155.05172000057
node_cons: 15678.679521121436
tot_aggregated_send: 9860
tot_msg_rcv: 690
tot_msg_sent: 1160
tot_reconf_duration: 9.11
tot_sleeping_duration: 752776.475919999
tot_uptimes: 196
tot_uptimes_duration: 11700.006080001069
