comms_cons: 22.48112639986751
finished_reconf: true
global_termination_time: 219877.947
local_termination_time: 17231.246600000002
node_cons: 4505.571980000005
tot_aggregated_send: 2958
tot_msg_rcv: 173
tot_msg_sent: 286
tot_reconf_duration: 4.8100000000000005
tot_sleeping_duration: 216517.947
tot_uptimes: 57
tot_uptimes_duration: 3360.0
