comms_cons: 22.52060159991588
finished_reconf: true
global_termination_time: 221839.998
local_termination_time: 14113.243360000004
node_cons: 4505.017902239162
tot_aggregated_send: 2900
tot_msg_rcv: 177
tot_msg_sent: 346
tot_reconf_duration: 4.390000000000001
tot_sleeping_duration: 218479.98584000062
tot_uptimes: 57
tot_uptimes_duration: 3360.0121599993727
