comms_cons: 179.54041599468155
finished_reconf: true
global_termination_time: 1812038.683
local_termination_time: 769585.3923999983
node_cons: 37281.91004111675
tot_aggregated_send: 25578
tot_msg_rcv: 570
tot_msg_sent: 1142
tot_reconf_duration: 3.05
tot_sleeping_duration: 1784198.6769200023
tot_uptimes: 465
tot_uptimes_duration: 27840.006079997635
