comms_cons: 182.4998335843661
finished_reconf: true
global_termination_time: 1813038.954
local_termination_time: 1275311.706
node_cons: 37295.894994787435
tot_aggregated_send: 25047
tot_msg_rcv: 828
tot_msg_sent: 1863
tot_reconf_duration: 11.31
tot_sleeping_duration: 1785196.8808000092
tot_uptimes: 465
tot_uptimes_duration: 27842.07319999067
