comms_cons: 2.6119423999934797
finished_reconf: true
global_termination_time: 16765.836
local_termination_time: 6023.145360000001
node_cons: 329.8882400000009
tot_aggregated_send: 0
tot_msg_rcv: 223
tot_msg_sent: 174
tot_reconf_duration: 6.279999999999999
tot_sleeping_duration: 16525.836
tot_uptimes: 5
tot_uptimes_duration: 240.0
