comms_cons: 2.737574399995303
finished_reconf: true
global_termination_time: 16182.403
local_termination_time: 7422.61236
node_cons: 333.73137999999955
tot_aggregated_send: 0
tot_msg_rcv: 243
tot_msg_sent: 174
tot_reconf_duration: 9.11
tot_sleeping_duration: 15942.403
tot_uptimes: 5
tot_uptimes_duration: 240.0
