comms_cons: 2.276403199994589
finished_reconf: true
global_termination_time: 16544.835
local_termination_time: 4650.81736
node_cons: 334.15236000000016
tot_aggregated_send: 0
tot_msg_rcv: 178
tot_msg_sent: 168
tot_reconf_duration: 9.42
tot_sleeping_duration: 16304.835
tot_uptimes: 5
tot_uptimes_duration: 240.0
