comms_cons: 2.690892799993035
finished_reconf: true
global_termination_time: 16144.98
local_termination_time: 6342.02836
node_cons: 338.5196811200067
tot_aggregated_send: 0
tot_msg_rcv: 241
tot_msg_sent: 168
tot_reconf_duration: 12.629999999999999
tot_sleeping_duration: 15904.973919999995
tot_uptimes: 5
tot_uptimes_duration: 240.00608000000489
