comms_cons: 206.21795838620113
finished_reconf: true
global_termination_time: 2089702.268
local_termination_time: 465559.0463600001
node_cons: 43006.67802670523
tot_aggregated_send: 28826
tot_msg_rcv: 917
tot_msg_sent: 1600
tot_reconf_duration: 18.21
tot_sleeping_duration: 2057602.2315200106
tot_uptimes: 536
tot_uptimes_duration: 32100.03647998924
