comms_cons: 211.07076478098824
finished_reconf: true
global_termination_time: 2091649.382
local_termination_time: 443422.4203600001
node_cons: 43012.7238289389
tot_aggregated_send: 28246
tot_msg_rcv: 1463
tot_msg_sent: 2373
tot_reconf_duration: 22.65
tot_sleeping_duration: 2059549.3333600154
tot_uptimes: 536
tot_uptimes_duration: 32100.04863998451
