comms_cons: 609.5950330762165
finished_reconf: true
global_termination_time: 2089521.9695999997
local_termination_time: 2089521.9284799998
node_cons: 85437.51757151796
tot_aggregated_send: 0
tot_msg_rcv: 31033
tot_msg_sent: 61619
tot_reconf_duration: 24.59
tot_sleeping_duration: 2025739.9499199996
tot_uptimes: 1053
tot_uptimes_duration: 63782.01968000007
