comms_cons: 205.99537918297045
finished_reconf: true
global_termination_time: 2091908.531
local_termination_time: 482248.02060000005
node_cons: 42988.505250051094
tot_aggregated_send: 27434
tot_msg_rcv: 1369
tot_msg_sent: 2508
tot_reconf_duration: 4.8100000000000005
tot_sleeping_duration: 2059808.4762800212
tot_uptimes: 536
tot_uptimes_duration: 32100.05471997871
