comms_cons: 217.92495996810825
finished_reconf: true
global_termination_time: 2095519.303
local_termination_time: 102302.2302799998
node_cons: 43068.29931341538
tot_aggregated_send: 27144
tot_msg_rcv: 2084
tot_msg_sent: 3893
tot_reconf_duration: 4.390000000000001
tot_sleeping_duration: 2063359.2300400182
tot_uptimes: 537
tot_uptimes_duration: 32160.072959981917
