comms_cons: 209.1336575850366
finished_reconf: true
global_termination_time: 2090674.898
local_termination_time: 523563.76460000005
node_cons: 42990.39774910183
tot_aggregated_send: 27840
tot_msg_rcv: 1327
tot_msg_sent: 2621
tot_reconf_duration: 6.22
tot_sleeping_duration: 2058574.8599200132
tot_uptimes: 536
tot_uptimes_duration: 32100.038079986756
