comms_cons: 411.98370524702017
finished_reconf: true
global_termination_time: 2089522.5695999998
local_termination_time: 833.9530399999995
node_cons: 43017.860833992825
tot_aggregated_send: 0
tot_msg_rcv: 31579
tot_msg_sent: 31038
tot_reconf_duration: 11.31
tot_sleeping_duration: 2057407.183600005
tot_uptimes: 536
tot_uptimes_duration: 32115.385999994935
