comms_cons: 51.12101120103134
finished_reconf: true
global_termination_time: 513269.935
local_termination_time: 246319.90036000006
node_cons: 10555.314982242868
tot_aggregated_send: 6670
tot_msg_rcv: 277
tot_msg_sent: 824
tot_reconf_duration: 22.65
tot_sleeping_duration: 505409.92283999786
tot_uptimes: 132
tot_uptimes_duration: 7860.0121600021375
