comms_cons: 51.42428160045188
finished_reconf: true
global_termination_time: 512807.865
local_termination_time: 257091.38136000006
node_cons: 10532.120342242884
tot_aggregated_send: 7192
tot_msg_rcv: 221
tot_msg_sent: 403
tot_reconf_duration: 5.57
tot_sleeping_duration: 504947.85283999785
tot_uptimes: 132
tot_uptimes_duration: 7860.0121600021375
