comms_cons: 51.929625600675436
finished_reconf: true
global_termination_time: 515568.413
local_termination_time: 46116.87200000009
node_cons: 10622.764860000012
tot_aggregated_send: 7192
tot_msg_rcv: 249
tot_msg_sent: 452
tot_reconf_duration: 13.17
tot_sleeping_duration: 507648.413
tot_uptimes: 133
tot_uptimes_duration: 7920.0
