comms_cons: 53.03555840151731
finished_reconf: true
global_termination_time: 517431.261
local_termination_time: 237361.22448000006
node_cons: 10620.255262242872
tot_aggregated_send: 6786
tot_msg_rcv: 411
tot_msg_sent: 864
tot_reconf_duration: 11.31
tot_sleeping_duration: 509511.24883999786
tot_uptimes: 133
tot_uptimes_duration: 7920.0121600021375
