comms_cons: 87.57878401162922
finished_reconf: true
global_termination_time: 439180.6484400008
local_termination_time: 3090.36936
node_cons: 9088.425000403902
tot_aggregated_send: 0
tot_msg_rcv: 6786
tot_msg_sent: 6522
tot_reconf_duration: 18.21
tot_sleeping_duration: 432411.64483999787
tot_uptimes: 113
tot_uptimes_duration: 6769.003600002907
