comms_cons: 33.68675840084394
finished_reconf: true
global_termination_time: 328761.258
local_termination_time: 36065.40768000014
node_cons: 6766.469283364297
tot_aggregated_send: 4350
tot_msg_rcv: 256
tot_msg_sent: 515
tot_reconf_duration: 13.17
tot_sleeping_duration: 323721.23975999677
tot_uptimes: 85
tot_uptimes_duration: 5040.018240003206
