comms_cons: 34.284211200126464
finished_reconf: true
global_termination_time: 330674.601
local_termination_time: 101601.64047999996
node_cons: 6755.9420811191685
tot_aggregated_send: 4292
tot_msg_rcv: 338
tot_msg_sent: 581
tot_reconf_duration: 5.43
tot_sleeping_duration: 325634.59492000064
tot_uptimes: 85
tot_uptimes_duration: 5040.006079999366
