comms_cons: 453.53715204437657
finished_reconf: true
global_termination_time: 4591620.653
local_termination_time: 3206208.320479999
node_cons: 94433.8736822311
tot_aggregated_send: 64264
tot_msg_rcv: 1697
tot_msg_sent: 2974
tot_reconf_duration: 25.299999999999997
tot_sleeping_duration: 4521120.640840004
tot_uptimes: 1176
tot_uptimes_duration: 70500.0121599955
