comms_cons: 89.03631359575172
finished_reconf: true
global_termination_time: 892873.503
local_termination_time: 343738.2343200006
node_cons: 18324.519070065282
tot_aggregated_send: 11426
tot_msg_rcv: 660
tot_msg_sent: 1447
tot_reconf_duration: 5.1
tot_sleeping_duration: 879193.4482800111
tot_uptimes: 229
tot_uptimes_duration: 13680.054719989013
