comms_cons: 89.2684095958899
finished_reconf: true
global_termination_time: 892811.415
local_termination_time: 303673.83380000025
node_cons: 18335.445565593367
tot_aggregated_send: 12006
tot_msg_rcv: 519
tot_msg_sent: 1045
tot_reconf_duration: 13.17
tot_sleeping_duration: 879131.384600005
tot_uptimes: 229
tot_uptimes_duration: 13680.030399995045
