comms_cons: 86.93096959545991
finished_reconf: true
global_termination_time: 891470.758
local_termination_time: 422770.799
node_cons: 18329.932085588767
tot_aggregated_send: 11541
tot_msg_rcv: 565
tot_msg_sent: 1107
tot_reconf_duration: 9.11
tot_sleeping_duration: 877790.7276000085
tot_uptimes: 229
tot_uptimes_duration: 13680.030399991607
