comms_cons: 91.23214079462593
finished_reconf: true
global_termination_time: 892226.221
local_termination_time: 310175.08536
node_cons: 18332.935967822446
tot_aggregated_send: 11658
tot_msg_rcv: 697
tot_msg_sent: 1511
tot_reconf_duration: 11.31
tot_sleeping_duration: 878546.1784400131
tot_uptimes: 229
tot_uptimes_duration: 13680.042559986876
