comms_cons: 398.3044224598233
finished_reconf: true
global_termination_time: 3946326.779
local_termination_time: 1248499.9303599999
node_cons: 81241.68998893377
tot_aggregated_send: 54868
tot_msg_rcv: 1901
tot_msg_sent: 3772
tot_reconf_duration: 13.17
tot_sleeping_duration: 3885666.730360018
tot_uptimes: 1011
tot_uptimes_duration: 60660.04863998201
