comms_cons: 399.1271680627098
finished_reconf: true
global_termination_time: 3949118.083
local_termination_time: 2817483.7081599985
node_cons: 81229.73418446639
tot_aggregated_send: 54810
tot_msg_rcv: 2025
tot_msg_sent: 3830
tot_reconf_duration: 4.390000000000001
tot_sleeping_duration: 3888458.0586800086
tot_uptimes: 1012
tot_uptimes_duration: 60660.02431999124
