comms_cons: 397.0538432679681
finished_reconf: true
global_termination_time: 3949110.635
local_termination_time: 802909.60236
node_cons: 81232.23560670063
tot_aggregated_send: 55042
tot_msg_rcv: 1708
tot_msg_sent: 3599
tot_reconf_duration: 6.22
tot_sleeping_duration: 3888450.5985200126
tot_uptimes: 1012
tot_uptimes_duration: 60660.03647998697
