comms_cons: 251.1550079756832
finished_reconf: true
global_termination_time: 2526627.151
local_termination_time: 1535182.26936
node_cons: 52000.844284466664
tot_aggregated_send: 34568
tot_msg_rcv: 1235
tot_msg_sent: 2371
tot_reconf_duration: 15.34
tot_sleeping_duration: 2487807.1266800095
tot_uptimes: 648
tot_uptimes_duration: 38820.02431999054
