comms_cons: 250.08099838639447
finished_reconf: true
global_termination_time: 2528290.257
local_termination_time: 1900180.4785999998
node_cons: 51995.338979999295
tot_aggregated_send: 35090
tot_msg_rcv: 1009
tot_msg_sent: 1911
tot_reconf_duration: 11.31
tot_sleeping_duration: 2489470.257
tot_uptimes: 648
tot_uptimes_duration: 38820.0
