comms_cons: 55.193536000156534
finished_reconf: true
global_termination_time: 561856.086
local_termination_time: 402439.494080001
node_cons: 11506.529283362006
tot_aggregated_send: 8004
tot_msg_rcv: 105
tot_msg_sent: 280
tot_reconf_duration: 13.17
tot_sleeping_duration: 553276.0677599985
tot_uptimes: 144
tot_uptimes_duration: 8580.018240001504
