comms_cons: 56.313254400025045
finished_reconf: true
global_termination_time: 557655.404
local_termination_time: 125984.9593599997
node_cons: 11415.662081121456
tot_aggregated_send: 7598
tot_msg_rcv: 382
tot_msg_sent: 580
tot_reconf_duration: 5.43
tot_sleeping_duration: 549135.397919999
tot_uptimes: 143
tot_uptimes_duration: 8520.006080001069
