comms_cons: 165.3201919413702
finished_reconf: true
global_termination_time: 842602.1575999999
local_termination_time: 1695.5580400000015
node_cons: 17297.819330638147
tot_aggregated_send: 0
tot_msg_rcv: 12646
tot_msg_sent: 12479
tot_reconf_duration: 3.05
tot_sleeping_duration: 829686.7898400013
tot_uptimes: 216
tot_uptimes_duration: 12915.367759998597
