comms_cons: 84.536767998356
finished_reconf: true
global_termination_time: 845064.927
local_termination_time: 283747.24664000084
node_cons: 17361.90304223365
tot_aggregated_send: 11948
tot_msg_rcv: 323
tot_msg_sent: 579
tot_reconf_duration: 6.22
tot_sleeping_duration: 832104.9148400048
tot_uptimes: 217
tot_uptimes_duration: 12960.012159995269
