comms_cons: 83.42488319862936
finished_reconf: true
global_termination_time: 844729.18
local_termination_time: 499350.42236
node_cons: 17368.807121116857
tot_aggregated_send: 12238
tot_msg_rcv: 161
tot_msg_sent: 281
tot_reconf_duration: 11.31
tot_sleeping_duration: 831769.1739200024
tot_uptimes: 217
tot_uptimes_duration: 12960.006079997635
