comms_cons: 38.78999040095037
finished_reconf: true
global_termination_time: 383329.3861200005
local_termination_time: 85423.76659999996
node_cons: 7957.048103042716
tot_aggregated_send: 5104
tot_msg_rcv: 251
tot_msg_sent: 540
tot_reconf_duration: 7.819999999999999
tot_sleeping_duration: 377394.7867599985
tot_uptimes: 99
tot_uptimes_duration: 5934.599360002016
