comms_cons: 87.24081919825349
finished_reconf: true
global_termination_time: 866005.88
local_termination_time: 502394.15228000085
node_cons: 17785.86457927625
tot_aggregated_send: 12006
tot_msg_rcv: 453
tot_msg_sent: 801
tot_reconf_duration: 18.21
tot_sleeping_duration: 852741.4024800028
tot_uptimes: 222
tot_uptimes_duration: 13264.47751999716
