comms_cons: 55.02842880070412
finished_reconf: true
global_termination_time: 549285.079
local_termination_time: 330550.31304000074
node_cons: 11253.577902242816
tot_aggregated_send: 7308
tot_msg_rcv: 354
tot_msg_sent: 702
tot_reconf_duration: 4.390000000000001
tot_sleeping_duration: 540885.0668399979
tot_uptimes: 141
tot_uptimes_duration: 8400.012160002138
