comms_cons: 101.530214396235
finished_reconf: true
global_termination_time: 1024142.549
local_termination_time: 701877.6890399982
node_cons: 21056.45393999994
tot_aggregated_send: 14732
tot_msg_rcv: 241
tot_msg_sent: 459
tot_reconf_duration: 5.43
tot_sleeping_duration: 1008422.549
tot_uptimes: 263
tot_uptimes_duration: 15720.0
