comms_cons: 37.448806401132785
finished_reconf: true
global_termination_time: 329620.192
local_termination_time: 37094.29936000001
node_cons: 6752.701900000011
tot_aggregated_send: 0
tot_msg_rcv: 2849
tot_msg_sent: 2843
tot_reconf_duration: 3.05
tot_sleeping_duration: 324580.192
tot_uptimes: 85
tot_uptimes_duration: 5040.0
