comms_cons: 16.070963199993844
finished_reconf: true
global_termination_time: 3583.442640000001
local_termination_time: 3583.4015200000013
node_cons: 1844.3285259600027
tot_aggregated_send: 0
tot_msg_rcv: 1126
tot_msg_sent: 1314
tot_reconf_duration: 37.410000000000004
tot_sleeping_duration: 2243.991
tot_uptimes: 21
tot_uptimes_duration: 1339.4516400000011
