comms_cons: 261.885055994259
finished_reconf: true
global_termination_time: 2629959.701
local_termination_time: 940196.3469599986
node_cons: 54076.38405999906
tot_aggregated_send: 37294
tot_msg_rcv: 890
tot_msg_sent: 1621
tot_reconf_duration: 5.57
tot_sleeping_duration: 2589579.701
tot_uptimes: 674
tot_uptimes_duration: 40380.0
