comms_cons: 291.693574391155
finished_reconf: true
global_termination_time: 2969525.003
local_termination_time: 1622193.6603599999
node_cons: 61079.23986111577
tot_aggregated_send: 41702
tot_msg_rcv: 875
tot_msg_sent: 1759
tot_reconf_duration: 15.34
tot_sleeping_duration: 2923924.996920002
tot_uptimes: 761
tot_uptimes_duration: 45600.006079997635
