comms_cons: 297.2877312093629
finished_reconf: true
global_termination_time: 2971284.584
local_termination_time: 1515945.963879999
node_cons: 61065.35022334945
tot_aggregated_send: 41238
tot_msg_rcv: 1334
tot_msg_sent: 2614
tot_reconf_duration: 5.1
tot_sleeping_duration: 2925684.5657600067
tot_uptimes: 761
tot_uptimes_duration: 45600.01823999314
