comms_cons: 299.48090242455385
finished_reconf: true
global_termination_time: 2970255.276
local_termination_time: 237192.81536000007
node_cons: 61083.8760111724
tot_aggregated_send: 40542
tot_msg_rcv: 1657
tot_msg_sent: 3319
tot_reconf_duration: 18.700000000000003
tot_sleeping_duration: 2924655.2152000195
tot_uptimes: 761
tot_uptimes_duration: 45600.060799980245
