comms_cons: 583.7648452142479
finished_reconf: true
global_termination_time: 2970817.277
local_termination_time: 944.4484799999991
node_cons: 61074.576482232485
tot_aggregated_send: 0
tot_msg_rcv: 44646
tot_msg_sent: 44081
tot_reconf_duration: 11.899999999999999
tot_sleeping_duration: 2925217.2648400045
tot_uptimes: 761
tot_uptimes_duration: 45600.01215999527
