comms_cons: 292.5759871896209
finished_reconf: true
global_termination_time: 2974501.221
local_termination_time: 761688.6717599991
node_cons: 61144.73418446617
tot_aggregated_send: 41760
tot_msg_rcv: 962
tot_msg_sent: 1746
tot_reconf_duration: 4.390000000000001
tot_sleeping_duration: 2928841.1966800094
tot_uptimes: 762
tot_uptimes_duration: 45660.02431999054
