comms_cons: 57.10087680053377
finished_reconf: true
global_termination_time: 577557.204
local_termination_time: 291986.2115600002
node_cons: 11815.941619999956
tot_aggregated_send: 8236
tot_msg_rcv: 157
tot_msg_sent: 286
tot_reconf_duration: 4.390000000000001
tot_sleeping_duration: 568737.204
tot_uptimes: 148
tot_uptimes_duration: 8820.0
