comms_cons: 112.32405760403235
finished_reconf: true
global_termination_time: 573196.41
local_termination_time: 207135.20248000007
node_cons: 11733.79004112143
tot_aggregated_send: 0
tot_msg_rcv: 8601
tot_msg_sent: 8472
tot_reconf_duration: 3.05
tot_sleeping_duration: 564436.4039199989
tot_uptimes: 147
tot_uptimes_duration: 8760.006080001069
