comms_cons: 368.01504003752837
finished_reconf: true
global_termination_time: 3668395.254119997
local_termination_time: 35538.799480000016
node_cons: 75468.24312531546
tot_aggregated_send: 50808
tot_msg_rcv: 1577
tot_msg_sent: 3551
tot_reconf_duration: 6.279999999999999
tot_sleeping_duration: 3612039.977880029
tot_uptimes: 940
tot_uptimes_duration: 56355.27623996808
