comms_cons: 369.23384964173107
finished_reconf: true
global_termination_time: 3669588.611
local_termination_time: 1221404.9493199987
node_cons: 75451.67208558344
tot_aggregated_send: 51040
tot_msg_rcv: 1658
tot_msg_sent: 3422
tot_reconf_duration: 9.11
tot_sleeping_duration: 3613248.580600011
tot_uptimes: 940
tot_uptimes_duration: 56340.03039998887
