comms_cons: 368.836531246384
finished_reconf: true
global_termination_time: 3668416.345
local_termination_time: 1496863.98936
node_cons: 75534.48638223243
tot_aggregated_send: 51272
tot_msg_rcv: 1546
tot_msg_sent: 3243
tot_reconf_duration: 10.95
tot_sleeping_duration: 3612016.3328400045
tot_uptimes: 940
tot_uptimes_duration: 56400.0121599955
