comms_cons: 895.2734786358368
finished_reconf: true
global_termination_time: 8995618.474
local_termination_time: 1883801.440999999
node_cons: 185031.5889455792
tot_aggregated_send: 124178
tot_msg_rcv: 3929
tot_msg_sent: 7968
tot_reconf_duration: 6.279999999999999
tot_sleeping_duration: 8857438.44360001
tot_uptimes: 2304
tot_uptimes_duration: 138180.03039998934
