comms_cons: 890.374688194867
finished_reconf: true
global_termination_time: 8996070.379
local_termination_time: 2285350.6465199986
node_cons: 185030.62476557956
tot_aggregated_send: 125164
tot_msg_rcv: 3260
tot_msg_sent: 6907
tot_reconf_duration: 5.57
tot_sleeping_duration: 8857890.348600011
tot_uptimes: 2304
tot_uptimes_duration: 138180.03039998934
