comms_cons: 888.6749505738899
finished_reconf: true
global_termination_time: 8995151.524
local_termination_time: 2904090.1283600004
node_cons: 185043.57194446248
tot_aggregated_send: 124816
tot_msg_rcv: 3590
tot_msg_sent: 6665
tot_reconf_duration: 15.110000000000001
tot_sleeping_duration: 8856971.499680009
tot_uptimes: 2304
tot_uptimes_duration: 138180.02431999147
