comms_cons: 881.2466945513892
finished_reconf: true
global_termination_time: 8993773.881
local_termination_time: 5717586.167279999
node_cons: 185048.43088222673
tot_aggregated_send: 124410
tot_msg_rcv: 3054
tot_msg_sent: 6480
tot_reconf_duration: 18.700000000000003
tot_sleeping_duration: 8855593.868840003
tot_uptimes: 2304
tot_uptimes_duration: 138180.01215999573
