comms_cons: 901.9074050277598
finished_reconf: true
global_termination_time: 8993800.486
local_termination_time: 1471397.84436
node_cons: 185033.69654781325
tot_aggregated_send: 125860
tot_msg_rcv: 3929
tot_msg_sent: 7295
tot_reconf_duration: 7.819999999999999
tot_sleeping_duration: 8855620.443440014
tot_uptimes: 2304
tot_uptimes_duration: 138180.04255998484
