comms_cons: 902.162169867732
finished_reconf: true
global_termination_time: 8993579.887
local_termination_time: 1611911.559639998
node_cons: 185031.53188892995
tot_aggregated_send: 125106
tot_msg_rcv: 4086
tot_msg_sent: 7930
tot_reconf_duration: 6.22
tot_sleeping_duration: 8855399.838360017
tot_uptimes: 2304
tot_uptimes_duration: 138180.04863998247
