comms_cons: 18.027635200091453
finished_reconf: true
global_termination_time: 170610.21
local_termination_time: 5798.348480000001
node_cons: 3461.184544480027
tot_aggregated_send: 1740
tot_msg_rcv: 347
tot_msg_sent: 654
tot_reconf_duration: 4.8100000000000005
tot_sleeping_duration: 168030.18567999997
tot_uptimes: 44
tot_uptimes_duration: 2580.0243200000186
