comms_cons: 17.968422399663766
finished_reconf: true
global_termination_time: 168966.867
local_termination_time: 10078.156359999999
node_cons: 3463.083042239444
tot_aggregated_send: 1914
tot_msg_rcv: 321
tot_msg_sent: 496
tot_reconf_duration: 6.22
tot_sleeping_duration: 166386.85484000042
tot_uptimes: 44
tot_uptimes_duration: 2580.0121599995837
