comms_cons: 3130.7391830056595
finished_reconf: true
global_termination_time: 7769825.021
local_termination_time: 1827831.5626799995
node_cons: 471788.0502411386
tot_aggregated_send: 0
tot_msg_rcv: 192230
tot_msg_sent: 283624
tot_reconf_duration: 5.57
tot_sleeping_duration: 7417487.092560056
tot_uptimes: 5778
tot_uptimes_duration: 352337.9284399439
