comms_cons: 774.4046977625545
finished_reconf: true
global_termination_time: 7771462.287
local_termination_time: 438668.8563600001
node_cons: 159907.4726756327
tot_aggregated_send: 108750
tot_msg_rcv: 2925
tot_msg_sent: 6029
tot_reconf_duration: 22.65
tot_sleeping_duration: 7652062.20188003
tot_uptimes: 1991
tot_uptimes_duration: 119400.08511996875
