comms_cons: 528.4975741090981
finished_reconf: true
global_termination_time: 1091707.3435999998
local_termination_time: 1091707.3024799998
node_cons: 66428.01961782697
tot_aggregated_send: 0
tot_msg_rcv: 32417
tot_msg_sent: 47910
tot_reconf_duration: 24.59
tot_sleeping_duration: 1042122.1110400086
tot_uptimes: 813
tot_uptimes_duration: 49585.23255999124
