comms_cons: 108.70805119850662
finished_reconf: true
global_termination_time: 1095648.547
local_termination_time: 284562.696
node_cons: 22508.198893202756
tot_aggregated_send: 15716
tot_msg_rcv: 285
tot_msg_sent: 521
tot_reconf_duration: 6.279999999999999
tot_sleeping_duration: 1078845.2081999981
tot_uptimes: 281
tot_uptimes_duration: 16803.338800002064
