comms_cons: 108.47127039514974
finished_reconf: true
global_termination_time: 1092726.585
local_termination_time: 805258.3364799999
node_cons: 22432.744860000093
tot_aggregated_send: 15602
tot_msg_rcv: 317
tot_msg_sent: 568
tot_reconf_duration: 13.17
tot_sleeping_duration: 1075986.585
tot_uptimes: 280
tot_uptimes_duration: 16740.0
