comms_cons: 215.59374068231287
finished_reconf: true
global_termination_time: 1091707.9435999999
local_termination_time: 3433.7656
node_cons: 22466.196130638156
tot_aggregated_send: 0
tot_msg_rcv: 16588
tot_msg_sent: 16180
tot_reconf_duration: 22.65
tot_sleeping_duration: 1074952.5758400015
tot_uptimes: 280
tot_uptimes_duration: 16755.367759998597
