comms_cons: 111.93976319203728
finished_reconf: true
global_termination_time: 1092529.353
local_termination_time: 74785.07971999966
node_cons: 22419.067028953068
tot_aggregated_send: 14616
tot_msg_rcv: 822
tot_msg_sent: 1578
tot_reconf_duration: 3.05
tot_sleeping_duration: 1075789.304360005
tot_uptimes: 280
tot_uptimes_duration: 16740.048639994813
