comms_cons: 109.86010879456046
finished_reconf: true
global_termination_time: 1091707.8867599992
local_termination_time: 157770.57560000007
node_cons: 22474.09586487719
tot_aggregated_send: 15138
tot_msg_rcv: 495
tot_msg_sent: 1066
tot_reconf_duration: 7.819999999999999
tot_sleeping_duration: 1074931.5788400015
tot_uptimes: 280
tot_uptimes_duration: 16776.307919997897
