comms_cons: 101.20757761466058
finished_reconf: true
global_termination_time: 514537.587
local_termination_time: 2213.2493600000003
node_cons: 10558.913682240596
tot_aggregated_send: 0
tot_msg_rcv: 7802
tot_msg_sent: 7581
tot_reconf_duration: 25.299999999999997
tot_sleeping_duration: 506677.57483999955
tot_uptimes: 132
tot_uptimes_duration: 7860.012160000435
