comms_cons: 102.96876801558592
finished_reconf: true
global_termination_time: 513941.738
local_termination_time: 2450.1743600000004
node_cons: 10545.396143364305
tot_aggregated_send: 0
tot_msg_rcv: 8052
tot_msg_sent: 7596
tot_reconf_duration: 15.34
tot_sleeping_duration: 506081.7197599968
tot_uptimes: 132
tot_uptimes_duration: 7860.018240003206
