comms_cons: 86.26401919620572
finished_reconf: true
global_termination_time: 872843.739
local_termination_time: 3398.15124
node_cons: 17924.641526714815
tot_aggregated_send: 11774
tot_msg_rcv: 495
tot_msg_sent: 843
tot_reconf_duration: 6.46
tot_sleeping_duration: 859463.7025200039
tot_uptimes: 224
tot_uptimes_duration: 13380.03647999611
