comms_cons: 88.36648959665122
finished_reconf: true
global_termination_time: 871431.884
local_termination_time: 4236.281
node_cons: 17930.220170077686
tot_aggregated_send: 11705
tot_msg_rcv: 727
tot_msg_sent: 1000
tot_reconf_duration: 10.55
tot_sleeping_duration: 858051.8292800017
tot_uptimes: 224
tot_uptimes_duration: 13380.054719998254
