comms_cons: 107.32648960040744
finished_reconf: true
global_termination_time: 1111009.565
local_termination_time: 181253.15336000005
node_cons: 22822.529761121485
tot_aggregated_send: 15950
tot_msg_rcv: 75
tot_msg_sent: 288
tot_reconf_duration: 4.390000000000001
tot_sleeping_duration: 1093969.5589199988
tot_uptimes: 285
tot_uptimes_duration: 17040.00608000107
