comms_cons: 283.1661120026797
finished_reconf: true
global_termination_time: 2813626.6210399983
local_termination_time: 2813626.579919998
node_cons: 57967.56642444826
tot_aggregated_send: 39298
tot_msg_rcv: 1245
tot_msg_sent: 2496
tot_reconf_duration: 37.410000000000004
tot_sleeping_duration: 2770372.876720021
tot_uptimes: 721
tot_uptimes_duration: 43253.74431997729
