comms_cons: 280.58204158257985
finished_reconf: true
global_termination_time: 2814670.303
local_termination_time: 1555768.03348
node_cons: 57855.818784466406
tot_aggregated_send: 39324
tot_msg_rcv: 1114
tot_msg_sent: 2208
tot_reconf_duration: 8.09
tot_sleeping_duration: 2771470.2786800093
tot_uptimes: 721
tot_uptimes_duration: 43200.02431999054
