comms_cons: 280.60721281713717
finished_reconf: true
global_termination_time: 2816359.888
local_termination_time: 932291.5375999998
node_cons: 57945.683803349755
tot_aggregated_send: 39034
tot_msg_rcv: 1262
tot_msg_sent: 2356
tot_reconf_duration: 15.110000000000001
tot_sleeping_duration: 2773099.8697600067
tot_uptimes: 722
tot_uptimes_duration: 43260.01823999314
