comms_cons: 283.98199681930566
finished_reconf: true
global_termination_time: 2816287.6
local_termination_time: 190177.061
node_cons: 57946.64661246191
tot_aggregated_send: 38972
tot_msg_rcv: 1452
tot_msg_sent: 2741
tot_reconf_duration: 10.95
tot_sleeping_duration: 2773022.643680013
tot_uptimes: 722
tot_uptimes_duration: 43264.95631998728
