comms_cons: 282.67125759935783
finished_reconf: true
global_termination_time: 2817536.51
local_termination_time: 1132963.20736
node_cons: 57933.61932446625
tot_aggregated_send: 39440
tot_msg_rcv: 1143
tot_msg_sent: 2383
tot_reconf_duration: 6.22
tot_sleeping_duration: 2774276.4856800092
tot_uptimes: 722
tot_uptimes_duration: 43260.02431999054
