comms_cons: 279.2720703896769
finished_reconf: true
global_termination_time: 2815757.977
local_termination_time: 1544847.7994799977
node_cons: 57934.13530830037
tot_aggregated_send: 38918
tot_msg_rcv: 1144
tot_msg_sent: 2385
tot_reconf_duration: 5.43
tot_sleeping_duration: 2772496.766120014
tot_uptimes: 722
tot_uptimes_duration: 43261.210879986174
