comms_cons: 431.9984125011789
finished_reconf: true
global_termination_time: 2163985.4902399965
local_termination_time: 1966.2354800000003
node_cons: 44584.67120917293
tot_aggregated_send: 0
tot_msg_rcv: 33491
tot_msg_sent: 32164
tot_reconf_duration: 18.21
tot_sleeping_duration: 2130706.967440016
tot_uptimes: 555
tot_uptimes_duration: 33278.52279998013
