comms_cons: 211.31074559873136
finished_reconf: true
global_termination_time: 2164130.466
local_termination_time: 1092063.083
node_cons: 44512.54263999964
tot_aggregated_send: 31957
tot_msg_rcv: 42
tot_msg_sent: 119
tot_reconf_duration: 3.08
tot_sleeping_duration: 2130890.466
tot_uptimes: 555
tot_uptimes_duration: 33240.0
