comms_cons: 215.95628799591856
finished_reconf: true
global_termination_time: 2166770.107
local_termination_time: 211161.16260000007
node_cons: 44521.15235999952
tot_aggregated_send: 30856
tot_msg_rcv: 700
tot_msg_sent: 1268
tot_reconf_duration: 9.42
tot_sleeping_duration: 2133530.107
tot_uptimes: 555
tot_uptimes_duration: 33240.0
