comms_cons: 214.88983039510254
finished_reconf: true
global_termination_time: 2165359.987
local_termination_time: 563562.694119999
node_cons: 44524.52019999957
tot_aggregated_send: 30972
tot_msg_rcv: 541
tot_msg_sent: 1149
tot_reconf_duration: 11.899999999999999
tot_sleeping_duration: 2132119.987
tot_uptimes: 555
tot_uptimes_duration: 33240.0
