comms_cons: 52.26516480081626
finished_reconf: true
global_termination_time: 519398.734
local_termination_time: 64393.20636000002
node_cons: 10691.181620000023
tot_aggregated_send: 7308
tot_msg_rcv: 234
tot_msg_sent: 402
tot_reconf_duration: 4.390000000000001
tot_sleeping_duration: 511418.734
tot_uptimes: 134
tot_uptimes_duration: 7980.0
