comms_cons: 419.1219840150287
finished_reconf: true
global_termination_time: 4249930.761
local_termination_time: 2968794.61336
node_cons: 87416.85394111465
tot_aggregated_send: 59276
tot_msg_rcv: 1469
tot_msg_sent: 2960
tot_reconf_duration: 5.1
tot_sleeping_duration: 4184650.7549200025
tot_uptimes: 1089
tot_uptimes_duration: 65280.006079997635
