comms_cons: 423.6544256414612
finished_reconf: true
global_termination_time: 4250183.126
local_termination_time: 385117.3853600001
node_cons: 87416.50896781583
tot_aggregated_send: 59740
tot_msg_rcv: 1407
tot_msg_sent: 3246
tot_reconf_duration: 4.8100000000000005
tot_sleeping_duration: 4184903.0834400165
tot_uptimes: 1089
tot_uptimes_duration: 65280.042559983674
