comms_cons: 37.371462400456835
finished_reconf: true
global_termination_time: 374147.875
local_termination_time: 268643.45236000005
node_cons: 7644.687662242853
tot_aggregated_send: 5104
tot_msg_rcv: 176
tot_msg_sent: 400
tot_reconf_duration: 9.11
tot_sleeping_duration: 368447.86283999786
tot_uptimes: 96
tot_uptimes_duration: 5700.0121600021375
