comms_cons: 38.78393600080676
finished_reconf: true
global_termination_time: 375793.84
local_termination_time: 45006.06136000001
node_cons: 7743.406841121432
tot_aggregated_send: 4930
tot_msg_rcv: 342
tot_msg_sent: 622
tot_reconf_duration: 22.65
tot_sleeping_duration: 370033.83391999896
tot_uptimes: 97
tot_uptimes_duration: 5760.006080001069
