comms_cons: 40.34946560069875
finished_reconf: true
global_termination_time: 374922.177
local_termination_time: 44971.51120000004
node_cons: 7738.08344672175
tot_aggregated_send: 4640
tot_msg_rcv: 573
tot_msg_sent: 919
tot_reconf_duration: 18.700000000000003
tot_sleeping_duration: 369162.1405199987
tot_uptimes: 97
tot_uptimes_duration: 5760.036480001304
