comms_cons: 130.10389758677513
finished_reconf: true
global_termination_time: 645701.877
local_termination_time: 1546.9663600000001
node_cons: 13263.721047845434
tot_aggregated_send: 0
tot_msg_rcv: 10188
tot_msg_sent: 9589
tot_reconf_duration: 5.57
tot_sleeping_duration: 635801.8344399959
tot_uptimes: 166
tot_uptimes_duration: 9900.042560004047
