comms_cons: 64.97617920050484
finished_reconf: true
global_termination_time: 645870.699
local_termination_time: 123780.25535999997
node_cons: 13273.993001121447
tot_aggregated_send: 8932
tot_msg_rcv: 315
tot_msg_sent: 629
tot_reconf_duration: 13.17
tot_sleeping_duration: 635970.6929199989
tot_uptimes: 166
tot_uptimes_duration: 9900.006080001069
