comms_cons: 66.14011519756885
finished_reconf: true
global_termination_time: 645971.687
local_termination_time: 243011.46336000008
node_cons: 13276.668226714828
tot_aggregated_send: 8584
tot_msg_rcv: 490
tot_msg_sent: 978
tot_reconf_duration: 15.110000000000001
tot_sleeping_duration: 636071.650520004
tot_uptimes: 166
tot_uptimes_duration: 9900.03647999611
