comms_cons: 250.28272638644597
finished_reconf: true
global_termination_time: 2464668.034239997
local_termination_time: 313401.24636000005
node_cons: 50738.46744058525
tot_aggregated_send: 33524
tot_msg_rcv: 1545
tot_msg_sent: 2974
tot_reconf_duration: 18.21
tot_sleeping_duration: 2426793.6964800376
tot_uptimes: 632
tot_uptimes_duration: 37874.33775995963
