comms_cons: 716.8307839458568
finished_reconf: true
global_termination_time: 2466296.27
local_termination_time: 395429.51708000014
node_cons: 100272.0151235519
tot_aggregated_send: 0
tot_msg_rcv: 36610
tot_msg_sent: 72344
tot_reconf_duration: 13.17
tot_sleeping_duration: 2391423.879960004
tot_uptimes: 1237
tot_uptimes_duration: 74872.39003999603
