comms_cons: 245.37784319813335
finished_reconf: true
global_termination_time: 2466994.761
local_termination_time: 1371132.70236
node_cons: 50710.70019999946
tot_aggregated_send: 35496
tot_msg_rcv: 708
tot_msg_sent: 1091
tot_reconf_duration: 11.899999999999999
tot_sleeping_duration: 2429134.761
tot_uptimes: 632
tot_uptimes_duration: 37860.0
