comms_cons: 252.76106239227573
finished_reconf: true
global_termination_time: 2468987.874
local_termination_time: 341017.40036
node_cons: 50781.53409675699
tot_aggregated_send: 33350
tot_msg_rcv: 1742
tot_msg_sent: 3324
tot_reconf_duration: 4.8100000000000005
tot_sleeping_duration: 2431067.7828000314
tot_uptimes: 633
tot_uptimes_duration: 37920.09119996842
