comms_cons: 273.90506242643585
finished_reconf: true
global_termination_time: 2810098.156
local_termination_time: 6516.711
node_cons: 57851.64972446693
tot_aggregated_send: 37985
tot_msg_rcv: 1224
tot_msg_sent: 2422
tot_reconf_duration: 5.02
tot_sleeping_duration: 2766898.131680009
tot_uptimes: 720
tot_uptimes_duration: 43200.024319991004
