comms_cons: 267.89844483383354
finished_reconf: true
global_termination_time: 2810670.745
local_termination_time: 5984.894
node_cons: 57850.35148334978
tot_aggregated_send: 38566
tot_msg_rcv: 776
tot_msg_sent: 1377
tot_reconf_duration: 4.07
tot_sleeping_duration: 2767470.726760007
tot_uptimes: 720
tot_uptimes_duration: 43200.01823999314
