comms_cons: 265.21413122913134
finished_reconf: true
global_termination_time: 2810731.31
local_termination_time: 6130.8589999999995
node_cons: 57863.597422232946
tot_aggregated_send: 38854
tot_msg_rcv: 478
tot_msg_sent: 979
tot_reconf_duration: 13.83
tot_sleeping_duration: 2767531.297840005
tot_uptimes: 720
tot_uptimes_duration: 43200.0121599955
