comms_cons: 261.5297792088999
finished_reconf: true
global_termination_time: 2809560.628
local_termination_time: 2240.34724
node_cons: 57854.69981999896
tot_aggregated_send: 39440
tot_msg_rcv: 77
tot_msg_sent: 234
tot_reconf_duration: 7.29
tot_sleeping_duration: 2766360.628
tot_uptimes: 720
tot_uptimes_duration: 43200.0
