comms_cons: 559.3882177030605
finished_reconf: true
global_termination_time: 5607733.425
local_termination_time: 514593.86236
node_cons: 115374.8452500492
tot_aggregated_send: 78590
tot_msg_rcv: 2073
tot_msg_sent: 4361
tot_reconf_duration: 4.8100000000000005
tot_sleeping_duration: 5521573.37028002
tot_uptimes: 1437
tot_uptimes_duration: 86160.05471997964
