comms_cons: 133.47125758897005
finished_reconf: true
global_termination_time: 1352744.1
local_termination_time: 5625.179
node_cons: 27803.093652303593
tot_aggregated_send: 17511
tot_msg_rcv: 868
tot_msg_sent: 1908
tot_reconf_duration: 3.95
tot_sleeping_duration: 1331984.0331200124
tot_uptimes: 347
tot_uptimes_duration: 20760.066879987717
