comms_cons: 132.75041279185544
finished_reconf: true
global_termination_time: 1354110.808
local_termination_time: 7478.079
node_cons: 27805.701012317386
tot_aggregated_send: 17626
tot_msg_rcv: 986
tot_msg_sent: 1565
tot_reconf_duration: 5.87
tot_sleeping_duration: 1333350.7411200018
tot_uptimes: 347
tot_uptimes_duration: 20760.06687999802
