comms_cons: 132.0843007876566
finished_reconf: true
global_termination_time: 1357621.241
local_termination_time: 5988.173
node_cons: 27896.866974532655
tot_aggregated_send: 17386
tot_msg_rcv: 950
tot_msg_sent: 1740
tot_reconf_duration: 13.83
tot_sleeping_duration: 1336801.1619600204
tot_uptimes: 348
tot_uptimes_duration: 20820.07903997955
