comms_cons: 130.31546879513567
finished_reconf: true
global_termination_time: 1352722.693
local_termination_time: 6752.5160000000005
node_cons: 27810.4269211168
tot_aggregated_send: 18956
tot_msg_rcv: 258
tot_msg_sent: 593
tot_reconf_duration: 9.41
tot_sleeping_duration: 1331962.6869200023
tot_uptimes: 347
tot_uptimes_duration: 20760.006079997576
