comms_cons: 231.33908479513224
finished_reconf: true
global_termination_time: 2326272.885
local_termination_time: 1309263.8573599998
node_cons: 47822.81937999922
tot_aggregated_send: 33408
tot_msg_rcv: 665
tot_msg_sent: 1090
tot_reconf_duration: 15.110000000000001
tot_sleeping_duration: 2290572.885
tot_uptimes: 596
tot_uptimes_duration: 35700.0
