comms_cons: 229.54233599596412
finished_reconf: true
global_termination_time: 2326306.544
local_termination_time: 1327082.31636
node_cons: 47818.46019999959
tot_aggregated_send: 33524
tot_msg_rcv: 504
tot_msg_sent: 861
tot_reconf_duration: 11.899999999999999
tot_sleeping_duration: 2290606.544
tot_uptimes: 596
tot_uptimes_duration: 35700.0
