comms_cons: 282.44884481474355
finished_reconf: true
global_termination_time: 2809656.273
local_termination_time: 4306.287
node_cons: 57848.626788938855
tot_aggregated_send: 38566
tot_msg_rcv: 1453
tot_msg_sent: 2911
tot_reconf_duration: 2.77
tot_sleeping_duration: 2766456.2243600152
tot_uptimes: 720
tot_uptimes_duration: 43200.048639984976
