comms_cons: 37.94224640112149
finished_reconf: true
global_termination_time: 368470.242
local_termination_time: 64205.90456000015
node_cons: 7557.921620000018
tot_aggregated_send: 4698
tot_msg_rcv: 319
tot_msg_sent: 750
tot_reconf_duration: 4.390000000000001
tot_sleeping_duration: 362830.242
tot_uptimes: 95
tot_uptimes_duration: 5640.0
