comms_cons: 61.206297600509814
finished_reconf: true
global_termination_time: 612453.301
local_termination_time: 5824.036
node_cons: 12543.301041121449
tot_aggregated_send: 8695
tot_msg_rcv: 261
tot_msg_sent: 347
tot_reconf_duration: 7.55
tot_sleeping_duration: 603093.2949199989
tot_uptimes: 157
tot_uptimes_duration: 9360.006080001069
