comms_cons: 552.0291900782054
finished_reconf: true
global_termination_time: 1139039.298879998
local_termination_time: 1139039.298879998
node_cons: 69404.5119507073
tot_aggregated_send: 0
tot_msg_rcv: 33862
tot_msg_sent: 50041
tot_reconf_duration: 37.410000000000004
tot_sleeping_duration: 1087244.1464000065
tot_uptimes: 851
tot_uptimes_duration: 51795.15247999162
