comms_cons: 78.08915199305552
finished_reconf: true
global_termination_time: 741258.542
local_termination_time: 166453.92472000013
node_cons: 15202.185565597994
tot_aggregated_send: 9280
tot_msg_rcv: 914
tot_msg_sent: 1675
tot_reconf_duration: 13.17
tot_sleeping_duration: 729918.5116000016
tot_uptimes: 190
tot_uptimes_duration: 11340.030399998475
