comms_cons: 76.33090559591751
finished_reconf: true
global_termination_time: 737057.008
local_termination_time: 138621.01348000008
node_cons: 15124.480085602598
tot_aggregated_send: 9628
tot_msg_rcv: 703
tot_msg_sent: 1270
tot_reconf_duration: 15.110000000000001
tot_sleeping_duration: 725776.9775999981
tot_uptimes: 189
tot_uptimes_duration: 11280.03040000191
