comms_cons: 76.39359999533212
finished_reconf: true
global_termination_time: 736138.213
local_termination_time: 249970.25848000008
node_cons: 15111.310222238277
tot_aggregated_send: 9686
tot_msg_rcv: 706
tot_msg_sent: 1223
tot_reconf_duration: 5.43
tot_sleeping_duration: 724858.2008400012
tot_uptimes: 189
tot_uptimes_duration: 11280.012159998703
