comms_cons: 108.42521599748466
finished_reconf: true
global_termination_time: 1087813.646
local_termination_time: 314967.91752000083
node_cons: 22342.084060000045
tot_aggregated_send: 15428
tot_msg_rcv: 370
tot_msg_sent: 682
tot_reconf_duration: 5.57
tot_sleeping_duration: 1071133.646
tot_uptimes: 279
tot_uptimes_duration: 16680.0
