comms_cons: 106.94615039898787
finished_reconf: true
global_termination_time: 1087762.232
local_termination_time: 286864.06744000065
node_cons: 22368.885541121446
tot_aggregated_send: 15776
tot_msg_rcv: 154
tot_msg_sent: 325
tot_reconf_duration: 25.299999999999997
tot_sleeping_duration: 1071082.225919999
tot_uptimes: 279
tot_uptimes_duration: 16680.00608000107
