comms_cons: 107.04786559817862
finished_reconf: true
global_termination_time: 1087914.755
local_termination_time: 152794.43548000054
node_cons: 22359.91460000005
tot_aggregated_send: 15486
tot_msg_rcv: 277
tot_msg_sent: 507
tot_reconf_duration: 18.700000000000003
tot_sleeping_duration: 1071234.755
tot_uptimes: 279
tot_uptimes_duration: 16680.0
