comms_cons: 106.69379839979914
finished_reconf: true
global_termination_time: 1084220.567
local_termination_time: 196216.52948000052
node_cons: 22270.340200000028
tot_aggregated_send: 15660
tot_msg_rcv: 161
tot_msg_sent: 395
tot_reconf_duration: 11.899999999999999
tot_sleeping_duration: 1067600.567
tot_uptimes: 278
tot_uptimes_duration: 16620.0
