comms_cons: 107.01726719803949
finished_reconf: true
global_termination_time: 1086237.768
local_termination_time: 470629.3603600001
node_cons: 22338.661900000097
tot_aggregated_send: 15834
tot_msg_rcv: 143
tot_msg_sent: 289
tot_reconf_duration: 3.05
tot_sleeping_duration: 1069557.768
tot_uptimes: 279
tot_uptimes_duration: 16680.0
