comms_cons: 24.525631999935726
finished_reconf: true
global_termination_time: 235030.102
local_termination_time: 39773.500200000126
node_cons: 4827.3502233597355
tot_aggregated_send: 2842
tot_msg_rcv: 247
tot_msg_sent: 639
tot_reconf_duration: 5.1
tot_sleeping_duration: 231430.0837600002
tot_uptimes: 61
tot_uptimes_duration: 3600.018239999801
