comms_cons: 23.599590399943704
finished_reconf: true
global_termination_time: 232510.787
local_termination_time: 248.86160000000004
node_cons: 4752.870409721433
tot_aggregated_send: 3016
tot_msg_rcv: 171
tot_msg_sent: 400
tot_reconf_duration: 9.42
tot_sleeping_duration: 228970.77351999894
tot_uptimes: 60
tot_uptimes_duration: 3540.013480001068
