comms_cons: 370.45526405231317
finished_reconf: true
global_termination_time: 3693684.938
local_termination_time: 1466725.97836
node_cons: 75946.7108822321
tot_aggregated_send: 51736
tot_msg_rcv: 1509
tot_msg_sent: 3062
tot_reconf_duration: 18.700000000000003
tot_sleeping_duration: 3636984.925840005
tot_uptimes: 946
tot_uptimes_duration: 56700.01215999527
