comms_cons: 70.98298879796702
finished_reconf: true
global_termination_time: 694417.908
local_termination_time: 387853.33248000004
node_cons: 14238.081142238241
tot_aggregated_send: 9048
tot_msg_rcv: 618
tot_msg_sent: 1123
tot_reconf_duration: 13.17
tot_sleeping_duration: 683797.8958400014
tot_uptimes: 178
tot_uptimes_duration: 10620.012159998689
