comms_cons: 69.89576959915995
finished_reconf: true
global_termination_time: 691837.796
local_termination_time: 238443.19760000007
node_cons: 14250.979405602608
tot_aggregated_send: 9338
tot_msg_rcv: 487
tot_msg_sent: 798
tot_reconf_duration: 22.65
tot_sleeping_duration: 681217.7655999981
tot_uptimes: 178
tot_uptimes_duration: 10620.030400001939
