comms_cons: 69.71320319916055
finished_reconf: true
global_termination_time: 694339.152
local_termination_time: 341580.3263200002
node_cons: 14226.752685593376
tot_aggregated_send: 9106
tot_msg_rcv: 500
tot_msg_sent: 990
tot_reconf_duration: 4.8100000000000005
tot_sleeping_duration: 683719.121600005
tot_uptimes: 178
tot_uptimes_duration: 10620.030399995041
