comms_cons: 67.7789184000042
finished_reconf: true
global_termination_time: 691684.906
local_termination_time: 48475.88148000002
node_cons: 14224.354464485747
tot_aggregated_send: 9396
tot_msg_rcv: 261
tot_msg_sent: 645
tot_reconf_duration: 3.05
tot_sleeping_duration: 681064.8816799957
tot_uptimes: 178
tot_uptimes_duration: 10620.024320004275
