comms_cons: 109.65020160911673
finished_reconf: true
global_termination_time: 692273.503
local_termination_time: 237384.19636000006
node_cons: 14228.683747845438
tot_aggregated_send: 0
tot_msg_rcv: 8501
tot_msg_sent: 8167
tot_reconf_duration: 6.22
tot_sleeping_duration: 681653.460439996
tot_uptimes: 178
tot_uptimes_duration: 10620.042560004047
