comms_cons: 388.4778430740798
finished_reconf: true
global_termination_time: 806254.6535999998
local_termination_time: 806254.6124799999
node_cons: 48780.987050003525
tot_aggregated_send: 0
tot_msg_rcv: 23881
tot_msg_sent: 35164
tot_reconf_duration: 24.59
tot_sleeping_duration: 769848.6835999967
tot_uptimes: 596
tot_uptimes_duration: 36405.970000003086
