comms_cons: 72.89753599838023
finished_reconf: true
global_termination_time: 150209.31628000044
local_termination_time: 1189.0790400000014
node_cons: 9214.99799240147
tot_aggregated_send: 0
tot_msg_rcv: 4466
tot_msg_sent: 6613
tot_reconf_duration: 18.21
tot_sleeping_duration: 143345.78467999934
tot_uptimes: 114
tot_uptimes_duration: 6863.53160000109
