comms_cons: 126.67591679560752
finished_reconf: true
global_termination_time: 1278251.09
local_termination_time: 389663.0932000001
node_cons: 26277.141619999984
tot_aggregated_send: 17516
tot_msg_rcv: 587
tot_msg_sent: 1151
tot_reconf_duration: 4.390000000000001
tot_sleeping_duration: 1258631.09
tot_uptimes: 328
tot_uptimes_duration: 19620.0
