comms_cons: 1.5329535999949357
finished_reconf: true
global_termination_time: 16630.256
local_termination_time: 6384.22436
node_cons: 328.9240599999996
tot_aggregated_send: 0
tot_msg_rcv: 120
tot_msg_sent: 113
tot_reconf_duration: 5.57
tot_sleeping_duration: 16390.256
tot_uptimes: 5
tot_uptimes_duration: 240.0
