comms_cons: 53.69285120015153
finished_reconf: true
global_termination_time: 544353.751
local_termination_time: 106413.96535999997
node_cons: 11175.706760000017
tot_aggregated_send: 7888
tot_msg_rcv: 104
tot_msg_sent: 169
tot_reconf_duration: 6.22
tot_sleeping_duration: 536013.751
tot_uptimes: 140
tot_uptimes_duration: 8340.0
