comms_cons: 105.49515519599437
finished_reconf: true
global_termination_time: 1034077.593
local_termination_time: 143135.79824000047
node_cons: 21220.444688966847
tot_aggregated_send: 13050
tot_msg_rcv: 1005
tot_msg_sent: 1979
tot_reconf_duration: 7.819999999999999
tot_sleeping_duration: 1018237.5443599948
tot_uptimes: 265
tot_uptimes_duration: 15840.048640005116
