comms_cons: 181.24442878754058
finished_reconf: true
global_termination_time: 1830176.144
local_termination_time: 277724.082
node_cons: 37605.163995252406
tot_aggregated_send: 25225
tot_msg_rcv: 737
tot_msg_sent: 1587
tot_reconf_duration: 4.390000000000001
tot_sleeping_duration: 1802096.0824800204
tot_uptimes: 469
tot_uptimes_duration: 28080.061519979557
