comms_cons: 25.68519679868554
finished_reconf: true
global_termination_time: 129168.16487999969
local_termination_time: 1235.3000400000017
node_cons: 2701.325592319582
tot_aggregated_send: 0
tot_msg_rcv: 1963
tot_msg_sent: 1940
tot_reconf_duration: 3.05
tot_sleeping_duration: 127153.838
tot_uptimes: 34
tot_uptimes_duration: 2014.3268799996877
