comms_cons: 13.441305599902613
finished_reconf: true
global_termination_time: 130213.727
local_termination_time: 2312.5034800000003
node_cons: 2661.8395600000003
tot_aggregated_send: 1740
tot_msg_rcv: 136
tot_msg_sent: 167
tot_reconf_duration: 7.819999999999999
tot_sleeping_duration: 128233.727
tot_uptimes: 34
tot_uptimes_duration: 1980.0
