comms_cons: 740.136371252981
finished_reconf: true
global_termination_time: 2546137.1743199998
local_termination_time: 2546137.1331999996
node_cons: 103525.14819647654
tot_aggregated_send: 0
tot_msg_rcv: 37824
tot_msg_sent: 74671
tot_reconf_duration: 24.59
tot_sleeping_duration: 2468846.842
tot_uptimes: 1274
tot_uptimes_duration: 77290.33231999981
