comms_cons: 260.59514880362724
finished_reconf: true
global_termination_time: 2546137.4121199967
local_termination_time: 139406.57848000008
node_cons: 52408.04765861423
tot_aggregated_send: 34626
tot_msg_rcv: 1813
tot_msg_sent: 3170
tot_reconf_duration: 4.390000000000001
tot_sleeping_duration: 2507002.172360015
tot_uptimes: 653
tot_uptimes_duration: 39135.23975998134
