comms_cons: 358.7111104312119
finished_reconf: true
global_termination_time: 3564296.442
local_termination_time: 1586702.3513599997
node_cons: 73300.85498223214
tot_aggregated_send: 49764
tot_msg_rcv: 1642
tot_msg_sent: 3115
tot_reconf_duration: 22.65
tot_sleeping_duration: 3509576.429840004
tot_uptimes: 913
tot_uptimes_duration: 54720.0121599955
