comms_cons: 358.48087043552493
finished_reconf: true
global_termination_time: 3565949.986
local_termination_time: 523871.56636000006
node_cons: 73368.37813005073
tot_aggregated_send: 49532
tot_msg_rcv: 1666
tot_msg_sent: 3289
tot_reconf_duration: 13.17
tot_sleeping_duration: 3511169.9312800206
tot_uptimes: 914
tot_uptimes_duration: 54780.05471997941
