comms_cons: 355.24706563730626
finished_reconf: true
global_termination_time: 3565478.101
local_termination_time: 2293437.4364799997
node_cons: 73366.58019999816
tot_aggregated_send: 50808
tot_msg_rcv: 1051
tot_msg_sent: 2135
tot_reconf_duration: 11.899999999999999
tot_sleeping_duration: 3510698.101
tot_uptimes: 914
tot_uptimes_duration: 54780.0
