comms_cons: 356.73882245406196
finished_reconf: true
global_termination_time: 3564786.891
local_termination_time: 1235281.342359999
node_cons: 73285.48782670063
tot_aggregated_send: 49706
tot_msg_rcv: 1329
tot_msg_sent: 3187
tot_reconf_duration: 11.31
tot_sleeping_duration: 3510066.854520013
tot_uptimes: 913
tot_uptimes_duration: 54720.03647998674
