comms_cons: 357.8275456284474
finished_reconf: true
global_termination_time: 3567326.178
local_termination_time: 982990.178
node_cons: 73357.85906893412
tot_aggregated_send: 49936
tot_msg_rcv: 1425
tot_msg_sent: 3025
tot_reconf_duration: 5.43
tot_sleeping_duration: 3512546.129360018
tot_uptimes: 914
tot_uptimes_duration: 54780.04863998201
