comms_cons: 373.70513895891924
finished_reconf: true
global_termination_time: 1281426.605
local_termination_time: 549025.6952399989
node_cons: 52408.266372999075
tot_aggregated_send: 0
tot_msg_rcv: 19007
tot_msg_sent: 37794
tot_reconf_duration: 18.21
tot_sleeping_duration: 1242305.2179999999
tot_uptimes: 648
tot_uptimes_duration: 39121.38699999993
