comms_cons: 202.1880830973688
finished_reconf: true
global_termination_time: 1025167.7991999997
local_termination_time: 2302.75448
node_cons: 21107.461520159315
tot_aggregated_send: 0
tot_msg_rcv: 15534
tot_msg_sent: 15194
tot_reconf_duration: 22.65
tot_sleeping_duration: 1009427.1697600002
tot_uptimes: 263
tot_uptimes_duration: 15740.629439999466
