comms_cons: 102.93158399918
finished_reconf: true
global_termination_time: 1028241.106
local_termination_time: 26647.4376
node_cons: 21135.381620000033
tot_aggregated_send: 14674
tot_msg_rcv: 395
tot_msg_sent: 576
tot_reconf_duration: 4.390000000000001
tot_sleeping_duration: 1012461.106
tot_uptimes: 264
tot_uptimes_duration: 15780.0
