comms_cons: 101.04993279940808
finished_reconf: true
global_termination_time: 1028048.609
local_termination_time: 54877.80860000002
node_cons: 21133.561900000037
tot_aggregated_send: 15080
tot_msg_rcv: 107
tot_msg_sent: 172
tot_reconf_duration: 3.05
tot_sleeping_duration: 1012268.609
tot_uptimes: 264
tot_uptimes_duration: 15780.0
