comms_cons: 131.9727999926725
finished_reconf: true
global_termination_time: 1330363.923
local_termination_time: 361300.129
node_cons: 27356.247697038
tot_aggregated_send: 18558
tot_msg_rcv: 559
tot_msg_sent: 943
tot_reconf_duration: 22.65
tot_sleeping_duration: 1309956.5376400016
tot_uptimes: 341
tot_uptimes_duration: 20407.38535999845
