comms_cons: 70.60797439902335
finished_reconf: true
global_termination_time: 712712.817
local_termination_time: 473487.1913600001
node_cons: 14626.030041121516
tot_aggregated_send: 9744
tot_msg_rcv: 302
tot_msg_sent: 686
tot_reconf_duration: 3.05
tot_sleeping_duration: 701792.810919999
tot_uptimes: 183
tot_uptimes_duration: 10920.006080001069
