comms_cons: 63.88077440088833
finished_reconf: true
global_termination_time: 627999.244
local_termination_time: 73144.74055999985
node_cons: 12858.582605604877
tot_aggregated_send: 7888
tot_msg_rcv: 688
tot_msg_sent: 1133
tot_reconf_duration: 3.05
tot_sleeping_duration: 618399.2135999963
tot_uptimes: 161
tot_uptimes_duration: 9600.030400003641
