comms_cons: 63.38464000060323
finished_reconf: true
global_termination_time: 627956.279
local_termination_time: 212039.41688000088
node_cons: 12872.20013768549
tot_aggregated_send: 8468
tot_msg_rcv: 452
tot_msg_sent: 715
tot_reconf_duration: 11.31
tot_sleeping_duration: 618354.455879996
tot_uptimes: 161
tot_uptimes_duration: 9601.82312000409
