comms_cons: 33.67234560032861
finished_reconf: true
global_termination_time: 327335.13
local_termination_time: 122711.20859999995
node_cons: 6698.98684111917
tot_aggregated_send: 4234
tot_msg_rcv: 321
tot_msg_sent: 563
tot_reconf_duration: 22.65
tot_sleeping_duration: 322355.1239200007
tot_uptimes: 84
tot_uptimes_duration: 4980.006079999366
