comms_cons: 290.0048381930509
finished_reconf: true
global_termination_time: 1811088.523
local_termination_time: 390858.77300000004
node_cons: 37246.616301503556
tot_aggregated_send: 0
tot_msg_rcv: 22262
tot_msg_sent: 21817
tot_reconf_duration: 22.65
tot_sleeping_duration: 1783294.7533200122
tot_uptimes: 464
tot_uptimes_duration: 27793.769679987803
