comms_cons: 176.92126719544873
finished_reconf: true
global_termination_time: 1811483.765
local_termination_time: 782115.5303599999
node_cons: 37205.948239999896
tot_aggregated_send: 26158
tot_msg_rcv: 214
tot_msg_sent: 519
tot_reconf_duration: 6.279999999999999
tot_sleeping_duration: 1783703.765
tot_uptimes: 464
tot_uptimes_duration: 27780.0
