comms_cons: 179.00687359440303
finished_reconf: true
global_termination_time: 1815030.526
local_termination_time: 654688.4173599998
node_cons: 37284.685799999825
tot_aggregated_send: 26100
tot_msg_rcv: 365
tot_msg_sent: 743
tot_reconf_duration: 5.1
tot_sleeping_duration: 1787190.526
tot_uptimes: 465
tot_uptimes_duration: 27840.0
