comms_cons: 180.9154687923287
finished_reconf: true
global_termination_time: 1810331.8347199978
local_termination_time: 1810331.8347199978
node_cons: 37323.719574315146
tot_aggregated_send: 25868
tot_msg_rcv: 596
tot_msg_sent: 1033
tot_reconf_duration: 24.59
tot_sleeping_duration: 1782482.4498400013
tot_uptimes: 464
tot_uptimes_duration: 27849.384879996476
