comms_cons: 177.61155199519467
finished_reconf: true
global_termination_time: 1810690.223
local_termination_time: 659556.4353599998
node_cons: 37204.8020811166
tot_aggregated_send: 25868
tot_msg_rcv: 331
tot_msg_sent: 796
tot_reconf_duration: 5.43
tot_sleeping_duration: 1782910.2169200024
tot_uptimes: 464
tot_uptimes_duration: 27780.006079997635
