comms_cons: 66.41902080398913
finished_reconf: true
global_termination_time: 226598.04460000008
local_termination_time: 226598.00348000007
node_cons: 9372.590968400145
tot_aggregated_send: 0
tot_msg_rcv: 3367
tot_msg_sent: 6728
tot_reconf_duration: 24.59
tot_sleeping_duration: 219623.289
tot_uptimes: 117
tot_uptimes_duration: 6974.755600000091
