comms_cons: 65.10776320018961
finished_reconf: true
global_termination_time: 651321.174
local_termination_time: 61259.96736
node_cons: 13367.214982240594
tot_aggregated_send: 8816
tot_msg_rcv: 288
tot_msg_sent: 792
tot_reconf_duration: 22.65
tot_sleeping_duration: 641361.1618399995
tot_uptimes: 167
tot_uptimes_duration: 9960.012160000435
