comms_cons: 66.09464319825656
finished_reconf: true
global_termination_time: 646361.6762400001
local_termination_time: 111814.20435999996
node_cons: 13282.490153841198
tot_aggregated_send: 8584
tot_msg_rcv: 507
tot_msg_sent: 956
tot_reconf_duration: 4.390000000000001
tot_sleeping_duration: 636446.4196799991
tot_uptimes: 166
tot_uptimes_duration: 9915.256560000882
