comms_cons: 61.68657920187847
finished_reconf: true
global_termination_time: 594646.218
local_termination_time: 285947.92520000064
node_cons: 12226.598946728616
tot_aggregated_send: 7656
tot_msg_rcv: 564
tot_msg_sent: 1156
tot_reconf_duration: 10.95
tot_sleeping_duration: 585526.1815199936
tot_uptimes: 153
tot_uptimes_duration: 9120.036480006413
