comms_cons: 60.67921279994513
finished_reconf: true
global_termination_time: 598090.472
local_termination_time: 50457.19648000001
node_cons: 12299.41022223828
tot_aggregated_send: 8062
tot_msg_rcv: 358
tot_msg_sent: 804
tot_reconf_duration: 5.43
tot_sleeping_duration: 588910.4598400012
tot_uptimes: 154
tot_uptimes_duration: 9180.012159998703
