comms_cons: 106.79991039566066
finished_reconf: true
global_termination_time: 1062432.037999998
local_termination_time: 1062432.037999998
node_cons: 21970.383722955037
tot_aggregated_send: 14892
tot_msg_rcv: 408
tot_msg_sent: 932
tot_reconf_duration: 24.59
tot_sleeping_duration: 1046048.9233600018
tot_uptimes: 273
tot_uptimes_duration: 16383.11463999626
