comms_cons: 109.97195518815693
finished_reconf: true
global_termination_time: 1064466.317
local_termination_time: 189898.87132000062
node_cons: 21856.67888781784
tot_aggregated_send: 14094
tot_msg_rcv: 926
tot_msg_sent: 1696
tot_reconf_duration: 3.05
tot_sleeping_duration: 1048146.2744400166
tot_uptimes: 273
tot_uptimes_duration: 16320.042559983442
