comms_cons: 35.52172800060743
finished_reconf: true
global_termination_time: 344590.195
local_termination_time: 154329.75624000095
node_cons: 7079.550864482713
tot_aggregated_send: 4524
tot_msg_rcv: 297
tot_msg_sent: 579
tot_reconf_duration: 6.22
tot_sleeping_duration: 339309.310679998
tot_uptimes: 89
tot_uptimes_duration: 5280.88432000202
