comms_cons: 34.98818560015229
finished_reconf: true
global_termination_time: 341564.067
local_termination_time: 189137.9885200004
node_cons: 7004.947121121435
tot_aggregated_send: 4640
tot_msg_rcv: 280
tot_msg_sent: 398
tot_reconf_duration: 11.31
tot_sleeping_duration: 336344.0609199989
tot_uptimes: 88
tot_uptimes_duration: 5220.006080001069
