comms_cons: 137.0089215993832
finished_reconf: true
global_termination_time: 158847.01348000005
local_termination_time: 158846.97236000004
node_cons: 15903.114153560184
tot_aggregated_send: 0
tot_msg_rcv: 9376
tot_msg_sent: 11447
tot_reconf_duration: 24.59
tot_sleeping_duration: 146995.09343999994
tot_uptimes: 191
tot_uptimes_duration: 11851.92004000011
