comms_cons: 15.632179200036918
finished_reconf: true
global_termination_time: 159704.722
local_termination_time: 11817.843720000003
node_cons: 3224.2195600000005
tot_aggregated_send: 2146
tot_msg_rcv: 63
tot_msg_sent: 167
tot_reconf_duration: 7.819999999999999
tot_sleeping_duration: 157304.722
tot_uptimes: 41
tot_uptimes_duration: 2399.9999999999995
