comms_cons: 0.7480063999998303
finished_reconf: true
global_termination_time: 7257.623
local_termination_time: 634.6393599999999
node_cons: 97.49153999999999
tot_aggregated_send: 0
tot_msg_rcv: 66
tot_msg_sent: 47
tot_reconf_duration: 12.629999999999999
tot_sleeping_duration: 7197.623
tot_uptimes: 2
tot_uptimes_duration: 60.0
