comms_cons: 229.17571197932486
finished_reconf: true
global_termination_time: 2283191.262
local_termination_time: 248776.91792000073
node_cons: 46925.13268558819
tot_aggregated_send: 30682
tot_msg_rcv: 1532
tot_msg_sent: 2619
tot_reconf_duration: 4.8100000000000005
tot_sleeping_duration: 2248151.2316000084
tot_uptimes: 585
tot_uptimes_duration: 35040.03039999161
