comms_cons: 393.8615360812914
finished_reconf: true
global_termination_time: 3900219.053
local_termination_time: 823061.548
node_cons: 80197.05810069077
tot_aggregated_send: 53937
tot_msg_rcv: 1973
tot_msg_sent: 3955
tot_reconf_duration: 8.09
tot_sleeping_duration: 3840334.01052002
tot_uptimes: 999
tot_uptimes_duration: 59885.04247997969
