comms_cons: 35.4690944002202
finished_reconf: true
global_termination_time: 345700.039
local_termination_time: 76882.29035999996
node_cons: 7077.484059999998
tot_aggregated_send: 4640
tot_msg_rcv: 292
tot_msg_sent: 459
tot_reconf_duration: 5.57
tot_sleeping_duration: 340420.039
tot_uptimes: 89
tot_uptimes_duration: 5280.0
