comms_cons: 101.10003201038555
finished_reconf: true
global_termination_time: 343963.33960000065
local_termination_time: 2528.4500400000015
node_cons: 14157.565494400882
tot_aggregated_send: 0
tot_msg_rcv: 5165
tot_msg_sent: 10199
tot_reconf_duration: 6.22
tot_sleeping_duration: 333396.41000000003
tot_uptimes: 175
tot_uptimes_duration: 10566.929600000643
