comms_cons: 79.32417279703023
finished_reconf: true
global_termination_time: 785080.471
local_termination_time: 206447.12848000004
node_cons: 16173.101744481137
tot_aggregated_send: 10730
tot_msg_rcv: 407
tot_msg_sent: 919
tot_reconf_duration: 18.21
tot_sleeping_duration: 773020.4466799991
tot_uptimes: 202
tot_uptimes_duration: 12060.02432000084
