comms_cons: 79.01023999713767
finished_reconf: true
global_termination_time: 784362.319
local_termination_time: 220458.10936000006
node_cons: 16098.799405597973
tot_aggregated_send: 10730
tot_msg_rcv: 425
tot_msg_sent: 855
tot_reconf_duration: 22.65
tot_sleeping_duration: 772362.2886000016
tot_uptimes: 201
tot_uptimes_duration: 12000.030399998475
