comms_cons: 374.9695998931447
finished_reconf: true
global_termination_time: 783401.926
local_termination_time: 468260.91060000006
node_cons: 47577.16939448085
tot_aggregated_send: 0
tot_msg_rcv: 23049
tot_msg_sent: 33944
tot_reconf_duration: 4.390000000000001
tot_sleeping_duration: 747874.5116799988
tot_uptimes: 583
tot_uptimes_duration: 35527.41432000111
