comms_cons: 690.8451912834057
finished_reconf: true
global_termination_time: 3504254.803919997
local_termination_time: 1565.5532400000022
node_cons: 72125.76041599133
tot_aggregated_send: 0
tot_msg_rcv: 52965
tot_msg_sent: 52038
tot_reconf_duration: 18.21
tot_sleeping_duration: 3450407.8799200025
tot_uptimes: 898
tot_uptimes_duration: 53846.92399999476
