comms_cons: 346.5856768058761
finished_reconf: true
global_termination_time: 3504356.611
local_termination_time: 2549572.362519999
node_cons: 72099.36648307135
tot_aggregated_send: 49300
tot_msg_rcv: 1082
tot_msg_sent: 2297
tot_reconf_duration: 25.299999999999997
tot_sleeping_duration: 3450536.589280005
tot_uptimes: 898
tot_uptimes_duration: 53820.021719994955
