comms_cons: 132.30113279523968
finished_reconf: true
global_termination_time: 1324487.444
local_termination_time: 385680.22436000005
node_cons: 27323.17220112148
tot_aggregated_send: 19024
tot_msg_rcv: 393
tot_msg_sent: 692
tot_reconf_duration: 5.57
tot_sleeping_duration: 1304087.4379199988
tot_uptimes: 340
tot_uptimes_duration: 20400.00608000107
