comms_cons: 132.21358079628013
finished_reconf: true
global_termination_time: 1328789.964
local_termination_time: 908039.3293599999
node_cons: 27332.75154000005
tot_aggregated_send: 18908
tot_msg_rcv: 443
tot_msg_sent: 745
tot_reconf_duration: 12.629999999999999
tot_sleeping_duration: 1308389.964
tot_uptimes: 341
tot_uptimes_duration: 20400.0
