comms_cons: 46.37960960083012
finished_reconf: true
global_termination_time: 463482.13908000017
local_termination_time: 463482.09796000016
node_cons: 9538.925190484537
tot_aggregated_send: 6308
tot_msg_rcv: 202
tot_msg_sent: 538
tot_reconf_duration: 24.59
tot_sleeping_duration: 456383.1607599968
tot_uptimes: 119
tot_uptimes_duration: 7098.978320003371
