comms_cons: 399.54938885618094
finished_reconf: true
global_termination_time: 465834.465
local_termination_time: 245245.60624000095
node_cons: 45960.015787425065
tot_aggregated_send: 0
tot_msg_rcv: 27586
tot_msg_sent: 33143
tot_reconf_duration: 15.34
tot_sleeping_duration: 431525.88839998096
tot_uptimes: 554
tot_uptimes_duration: 34308.57660001906
