comms_cons: 46.7649536003677
finished_reconf: true
global_termination_time: 467480.045
local_termination_time: 422144.3426800007
node_cons: 9568.024060000022
tot_aggregated_send: 6322
tot_msg_rcv: 279
tot_msg_sent: 507
tot_reconf_duration: 5.57
tot_sleeping_duration: 460340.045
tot_uptimes: 120
tot_uptimes_duration: 7140.0
