comms_cons: 49.363737601287305
finished_reconf: true
global_termination_time: 467125.366
local_termination_time: 278901.06696000014
node_cons: 9567.385799999942
tot_aggregated_send: 5858
tot_msg_rcv: 605
tot_msg_sent: 1040
tot_reconf_duration: 5.1
tot_sleeping_duration: 459985.36600000004
tot_uptimes: 120
tot_uptimes_duration: 7139.999999999971
