comms_cons: 168.86895359374
finished_reconf: true
global_termination_time: 1701888.965
local_termination_time: 273615.91372000007
node_cons: 34982.257399999944
tot_aggregated_send: 24360
tot_msg_rcv: 461
tot_msg_sent: 846
tot_reconf_duration: 25.299999999999997
tot_sleeping_duration: 1675788.965
tot_uptimes: 436
tot_uptimes_duration: 26100.0
