comms_cons: 173.71141758037672
finished_reconf: true
global_termination_time: 1701942.891
local_termination_time: 91518.091
node_cons: 34985.83670406178
tot_aggregated_send: 23140
tot_msg_rcv: 1174
tot_msg_sent: 2090
tot_reconf_duration: 22.65
tot_sleeping_duration: 1675837.5302800136
tot_uptimes: 436
tot_uptimes_duration: 26105.36071998642
