comms_cons: 1.085567999996415
finished_reconf: true
global_termination_time: 4080.529
local_termination_time: 2475.4503600000003
node_cons: 91.32622000000019
tot_aggregated_send: 0
tot_msg_rcv: 113
tot_msg_sent: 52
tot_reconf_duration: 8.09
tot_sleeping_duration: 4020.529
tot_uptimes: 2
tot_uptimes_duration: 60.0
