comms_cons: 288.5380224310991
finished_reconf: true
global_termination_time: 2843813.152
local_termination_time: 1153075.58436
node_cons: 58521.90182334981
tot_aggregated_send: 38744
tot_msg_rcv: 1650
tot_msg_sent: 3462
tot_reconf_duration: 25.299999999999997
tot_sleeping_duration: 2800133.1337600066
tot_uptimes: 729
tot_uptimes_duration: 43680.01823999314
