comms_cons: 283.8669504214701
finished_reconf: true
global_termination_time: 2845790.597
local_termination_time: 1175948.1983599998
node_cons: 58505.40485999883
tot_aggregated_send: 40194
tot_msg_rcv: 934
tot_msg_sent: 2018
tot_reconf_duration: 13.17
tot_sleeping_duration: 2802110.597
tot_uptimes: 729
tot_uptimes_duration: 43680.0
