comms_cons: 105.24746239433485
finished_reconf: true
global_termination_time: 1068835.202
local_termination_time: 533206.5073599999
node_cons: 21943.439560000123
tot_aggregated_send: 15138
tot_msg_rcv: 235
tot_msg_sent: 624
tot_reconf_duration: 7.819999999999999
tot_sleeping_duration: 1052455.202
tot_uptimes: 274
tot_uptimes_duration: 16380.0
