comms_cons: 91.87257599754314
finished_reconf: true
global_termination_time: 900407.657
local_termination_time: 461747.56404000026
node_cons: 18486.671183355083
tot_aggregated_send: 12122
tot_msg_rcv: 623
tot_msg_sent: 1220
tot_reconf_duration: 6.22
tot_sleeping_duration: 886607.6387600037
tot_uptimes: 231
tot_uptimes_duration: 13800.018239996338
