comms_cons: 471.83978889287
finished_reconf: true
global_termination_time: 4661399.719
local_termination_time: 242271.7038800009
node_cons: 95868.51796883924
tot_aggregated_send: 64960
tot_msg_rcv: 2515
tot_msg_sent: 4242
tot_reconf_duration: 13.17
tot_sleeping_duration: 4589815.975080028
tot_uptimes: 1194
tot_uptimes_duration: 71583.74391997154
