comms_cons: 469.96088328408314
finished_reconf: true
global_termination_time: 4665680.605
local_termination_time: 563979.3457999984
node_cons: 95937.0357722843
tot_aggregated_send: 65076
tot_msg_rcv: 2172
tot_msg_sent: 4183
tot_reconf_duration: 8.09
tot_sleeping_duration: 4594040.538120025
tot_uptimes: 1195
tot_uptimes_duration: 71640.06687997538
