comms_cons: 471.96521608854795
finished_reconf: true
global_termination_time: 4664710.221
local_termination_time: 2845187.39408
node_cons: 95951.38716446582
tot_aggregated_send: 64670
tot_msg_rcv: 2494
tot_msg_sent: 4571
tot_reconf_duration: 18.700000000000003
tot_sleeping_duration: 4593070.196680008
tot_uptimes: 1195
tot_uptimes_duration: 71640.02431999124
