comms_cons: 95.8345343987805
finished_reconf: true
global_termination_time: 969902.183
local_termination_time: 6441.781
node_cons: 19929.69224111918
tot_aggregated_send: 13741
tot_msg_rcv: 243
tot_msg_sent: 582
tot_reconf_duration: 3.95
tot_sleeping_duration: 955022.1769200006
tot_uptimes: 249
tot_uptimes_duration: 14880.006079999366
