comms_cons: 95.88588799767508
finished_reconf: true
global_termination_time: 971701.526
local_termination_time: 6601.498
node_cons: 19933.95092223687
tot_aggregated_send: 13854
tot_msg_rcv: 252
tot_msg_sent: 468
tot_reconf_duration: 7.08
tot_sleeping_duration: 956821.5138400022
tot_uptimes: 249
tot_uptimes_duration: 14880.012159997641
