comms_cons: 93.60885760000721
finished_reconf: true
global_termination_time: 967410.453
local_termination_time: 5125.589
node_cons: 19852.76082112146
tot_aggregated_send: 14145
tot_msg_rcv: 16
tot_msg_sent: 67
tot_reconf_duration: 6.46
tot_sleeping_duration: 952590.446919999
tot_uptimes: 248
tot_uptimes_duration: 14820.006080001069
