comms_cons: 167.99241597374032
finished_reconf: true
global_termination_time: 1616675.652
local_termination_time: 16059.834480000001
node_cons: 33285.66828458873
tot_aggregated_send: 21228
tot_msg_rcv: 1509
tot_msg_sent: 2795
tot_reconf_duration: 18.21
tot_sleeping_duration: 1591835.5182400383
tot_uptimes: 415
tot_uptimes_duration: 24840.133759961696
