comms_cons: 240.24718079089135
finished_reconf: true
global_termination_time: 2441796.427
local_termination_time: 1555936.2413599999
node_cons: 50246.86554111619
tot_aggregated_send: 35090
tot_msg_rcv: 444
tot_msg_sent: 982
tot_reconf_duration: 25.299999999999997
tot_sleeping_duration: 2404296.4209200023
tot_uptimes: 626
tot_uptimes_duration: 37500.006079997635
