comms_cons: 244.3060607833977
finished_reconf: true
global_termination_time: 2441039.2762399907
local_termination_time: 22513.657
node_cons: 50288.90795340443
tot_aggregated_send: 33921
tot_msg_rcv: 1049
tot_msg_sent: 2162
tot_reconf_duration: 11.31
tot_sleeping_duration: 2403493.6832800168
tot_uptimes: 626
tot_uptimes_duration: 37545.59295997397
