comms_cons: 331.8949504170016
finished_reconf: true
global_termination_time: 3301586.8931199936
local_termination_time: 667400.18736
node_cons: 67934.532009722
tot_aggregated_send: 46110
tot_msg_rcv: 1484
tot_msg_sent: 2852
tot_reconf_duration: 4.8100000000000005
tot_sleeping_duration: 3250856.4972800207
tot_uptimes: 846
tot_uptimes_duration: 50730.395839972654
