comms_cons: 492.43498883509784
finished_reconf: true
global_termination_time: 5058220.683
local_termination_time: 3391914.0633599996
node_cons: 104074.66554111383
tot_aggregated_send: 70354
tot_msg_rcv: 1548
tot_msg_sent: 2945
tot_reconf_duration: 25.299999999999997
tot_sleeping_duration: 4980520.676920002
tot_uptimes: 1296
tot_uptimes_duration: 77700.00607999787
