comms_cons: 501.5725184641565
finished_reconf: true
global_termination_time: 5057900.69
local_termination_time: 646690.5124799989
node_cons: 104046.32674893289
tot_aggregated_send: 70238
tot_msg_rcv: 1988
tot_msg_sent: 4011
tot_reconf_duration: 4.390000000000001
tot_sleeping_duration: 4980200.641360018
tot_uptimes: 1296
tot_uptimes_duration: 77700.04863998201
