comms_cons: 496.709158431464
finished_reconf: true
global_termination_time: 5058466.91
local_termination_time: 992687.33436
node_cons: 104048.78746558249
tot_aggregated_send: 70934
tot_msg_rcv: 1532
tot_msg_sent: 3030
tot_reconf_duration: 6.22
tot_sleeping_duration: 4980766.879600011
tot_uptimes: 1296
tot_uptimes_duration: 77700.0303999891
