comms_cons: 93.73370241195529
finished_reconf: true
global_termination_time: 438419.033
local_termination_time: 1551.3417200000006
node_cons: 9022.939437936064
tot_aggregated_send: 0
tot_msg_rcv: 7713
tot_msg_sent: 6525
tot_reconf_duration: 18.21
tot_sleeping_duration: 431698.935719988
tot_uptimes: 113
tot_uptimes_duration: 6720.097280011993
