comms_cons: 42.6397952000272
finished_reconf: true
global_termination_time: 436000.537
local_termination_time: 61946.33448000001
node_cons: 8925.113940000012
tot_aggregated_send: 6380
tot_msg_rcv: 48
tot_msg_sent: 53
tot_reconf_duration: 5.43
tot_sleeping_duration: 429340.537
tot_uptimes: 112
tot_uptimes_duration: 6660.0
