comms_cons: 118.47706880008734
finished_reconf: true
global_termination_time: 1194160.297
local_termination_time: 274519.87736000004
node_cons: 24510.63394112144
tot_aggregated_send: 17110
tot_msg_rcv: 320
tot_msg_sent: 577
tot_reconf_duration: 5.1
tot_sleeping_duration: 1175860.290919999
tot_uptimes: 306
tot_uptimes_duration: 18300.00608000107
