comms_cons: 118.74265599612497
finished_reconf: true
global_termination_time: 1195642.224
local_termination_time: 178828.28848000054
node_cons: 24590.571980000037
tot_aggregated_send: 17052
tot_msg_rcv: 326
tot_msg_sent: 670
tot_reconf_duration: 4.8100000000000005
tot_sleeping_duration: 1177282.224
tot_uptimes: 307
tot_uptimes_duration: 18360.0
