comms_cons: 2.914585599994916
finished_reconf: true
global_termination_time: 19207.932
local_termination_time: 5586.05536
node_cons: 325.55078112000615
tot_aggregated_send: 0
tot_msg_rcv: 268
tot_msg_sent: 175
tot_reconf_duration: 3.08
tot_sleeping_duration: 18967.925919999994
tot_uptimes: 5
tot_uptimes_duration: 240.00608000000466
