comms_cons: 2.4803583999948158
finished_reconf: true
global_termination_time: 17762.823
local_termination_time: 5863.269359999999
node_cons: 325.50189999999907
tot_aggregated_send: 0
tot_msg_rcv: 203
tot_msg_sent: 174
tot_reconf_duration: 3.05
tot_sleeping_duration: 17522.823
tot_uptimes: 5
tot_uptimes_duration: 240.00000000000003
