comms_cons: 372.771520051591
finished_reconf: true
global_termination_time: 3721053.102
local_termination_time: 2333046.2763599996
node_cons: 76504.55242558337
tot_aggregated_send: 52084
tot_msg_rcv: 1564
tot_msg_sent: 3011
tot_reconf_duration: 15.34
tot_sleeping_duration: 3663933.0716000106
tot_uptimes: 953
tot_uptimes_duration: 57120.030399989104
