comms_cons: 371.5652736297114
finished_reconf: true
global_termination_time: 3719038.388
local_termination_time: 911009.8993599999
node_cons: 76496.52934781699
tot_aggregated_send: 51678
tot_msg_rcv: 1630
tot_msg_sent: 3167
tot_reconf_duration: 9.42
tot_sleeping_duration: 3661918.3454400157
tot_uptimes: 953
tot_uptimes_duration: 57120.04255998414
