comms_cons: 378.07239686296947
finished_reconf: true
global_termination_time: 3718955.6732399873
local_termination_time: 72618.62367999958
node_cons: 76579.86344611314
tot_aggregated_send: 50924
tot_msg_rcv: 2284
tot_msg_sent: 4252
tot_reconf_duration: 11.899999999999999
tot_sleeping_duration: 3661775.909800021
tot_uptimes: 953
tot_uptimes_duration: 57179.763439966366
