comms_cons: 375.0352832588197
finished_reconf: true
global_termination_time: 3724683.066
local_termination_time: 1265877.4753599998
node_cons: 76568.22702893414
tot_aggregated_send: 51736
tot_msg_rcv: 1721
tot_msg_sent: 3546
tot_reconf_duration: 3.05
tot_sleeping_duration: 3667503.017360018
tot_uptimes: 954
tot_uptimes_duration: 57180.04863998224
