comms_cons: 360.99786880174196
finished_reconf: true
global_termination_time: 3681588.284
local_termination_time: 2548462.259399998
node_cons: 75704.6716389462
tot_aggregated_send: 51330
tot_msg_rcv: 1219
tot_msg_sent: 2320
tot_reconf_duration: 15.34
tot_sleeping_duration: 3625065.625360009
tot_uptimes: 943
tot_uptimes_duration: 56522.65863999119
