comms_cons: 358.33675520310834
finished_reconf: true
global_termination_time: 3677363.388
local_termination_time: 2409877.02132
node_cons: 75608.49266334936
tot_aggregated_send: 51098
tot_msg_rcv: 987
tot_msg_sent: 2381
tot_reconf_duration: 6.279999999999999
tot_sleeping_duration: 3620903.3697600067
tot_uptimes: 942
tot_uptimes_duration: 56460.01823999314
