comms_cons: 367.1475584451543
finished_reconf: true
global_termination_time: 3676475.82
local_termination_time: 20823.937
node_cons: 75614.92407564746
tot_aggregated_send: 51906
tot_msg_rcv: 1223
tot_msg_sent: 2676
tot_reconf_duration: 10.95
tot_sleeping_duration: 3620015.7348800227
tot_uptimes: 942
tot_uptimes_duration: 56460.08511997703
