comms_cons: 361.45804162412395
finished_reconf: true
global_termination_time: 3677538.965
local_termination_time: 640730.6690799997
node_cons: 75605.93418447046
tot_aggregated_send: 52258
tot_msg_rcv: 891
tot_msg_sent: 1791
tot_reconf_duration: 4.390000000000001
tot_sleeping_duration: 3621078.9406800056
tot_uptimes: 942
tot_uptimes_duration: 56460.024319994205
