comms_cons: 36.74671360070042
finished_reconf: true
global_termination_time: 358476.017
local_termination_time: 146827.94800000088
node_cons: 7325.042116244036
tot_aggregated_send: 4698
tot_msg_rcv: 310
tot_msg_sent: 580
tot_reconf_duration: 9.42
tot_sleeping_duration: 353015.03883999697
tot_uptimes: 92
tot_uptimes_duration: 5460.978160003026
