comms_cons: 109.60289278977048
finished_reconf: true
global_termination_time: 1122652.623
local_termination_time: 5263.39
node_cons: 23064.44600670103
tot_aggregated_send: 15191
tot_msg_rcv: 521
tot_msg_sent: 947
tot_reconf_duration: 5.02
tot_sleeping_duration: 1105432.586520014
tot_uptimes: 288
tot_uptimes_duration: 17220.036479985807
