comms_cons: 115.13390078859521
finished_reconf: true
global_termination_time: 1121389.1696
local_termination_time: 1121389.12848
node_cons: 23172.70430973597
tot_aggregated_send: 15079
tot_msg_rcv: 885
tot_msg_sent: 1535
tot_reconf_duration: 67.08999999999999
tot_sleeping_duration: 1104151.233760018
tot_uptimes: 288
tot_uptimes_duration: 17237.935839982063
