comms_cons: 109.79212798866709
finished_reconf: true
global_termination_time: 1123862.35
local_termination_time: 6920.12
node_cons: 23072.528808934694
tot_aggregated_send: 15127
tot_msg_rcv: 449
tot_msg_sent: 1111
tot_reconf_duration: 10.96
tot_sleeping_duration: 1106642.301360019
tot_uptimes: 288
tot_uptimes_duration: 17220.048639981076
