comms_cons: 110.50549758921123
finished_reconf: true
global_termination_time: 1124211.287
local_termination_time: 7304.411
node_cons: 23063.22917677551
tot_aggregated_send: 14496
tot_msg_rcv: 691
tot_msg_sent: 1611
tot_reconf_duration: 4.07
tot_sleeping_duration: 1106991.1958000183
tot_uptimes: 288
tot_uptimes_duration: 17220.09119998169
