comms_cons: 112.77528319226758
finished_reconf: true
global_termination_time: 1121591.069
local_termination_time: 5812.582
node_cons: 23069.799194551044
tot_aggregated_send: 14897
tot_msg_rcv: 719
tot_msg_sent: 1526
tot_reconf_duration: 8.92
tot_sleeping_duration: 1104370.9899600067
tot_uptimes: 288
tot_uptimes_duration: 17220.07903999329
