comms_cons: 114.82719359168037
finished_reconf: true
global_termination_time: 1128129.95
local_termination_time: 784.9181199999999
node_cons: 23147.876807831657
tot_aggregated_send: 14964
tot_msg_rcv: 884
tot_msg_sent: 1606
tot_reconf_duration: 7.29
tot_sleeping_duration: 1110849.9074400063
tot_uptimes: 289
tot_uptimes_duration: 17280.042559993744
