comms_cons: 114.85967358810596
finished_reconf: true
global_termination_time: 1123703.806
local_termination_time: 2531.75712
node_cons: 23066.4992201444
tot_aggregated_send: 14326
tot_msg_rcv: 1152
tot_msg_sent: 1980
tot_reconf_duration: 6.46
tot_sleeping_duration: 1106483.6965600117
tot_uptimes: 288
tot_uptimes_duration: 17220.10943998833
