comms_cons: 113.5031935916292
finished_reconf: true
global_termination_time: 1122476.672
local_termination_time: 5965.514999999999
node_cons: 23092.111134541847
tot_aggregated_send: 14881
tot_msg_rcv: 788
tot_msg_sent: 1582
tot_reconf_duration: 25.35
tot_sleeping_duration: 1105256.5929600135
tot_uptimes: 288
tot_uptimes_duration: 17220.07903998642
