comms_cons: 84.96378879937188
finished_reconf: true
global_termination_time: 864983.67
local_termination_time: 637407.1079599998
node_cons: 17763.586760000144
tot_aggregated_send: 12644
tot_msg_rcv: 101
tot_msg_sent: 169
tot_reconf_duration: 6.22
tot_sleeping_duration: 851723.67
tot_uptimes: 222
tot_uptimes_duration: 13260.0
