comms_cons: 78.87802879900785
finished_reconf: true
global_termination_time: 786826.021
local_termination_time: 421144.21736000007
node_cons: 16179.106841116889
tot_aggregated_send: 10672
tot_msg_rcv: 433
tot_msg_sent: 884
tot_reconf_duration: 22.65
tot_sleeping_duration: 774766.0149200023
tot_uptimes: 202
tot_uptimes_duration: 12060.006079997635
