comms_cons: 28.929369600203664
finished_reconf: true
global_termination_time: 286246.434
local_termination_time: 11086.277479999999
node_cons: 5870.8026155225725
tot_aggregated_send: 3770
tot_msg_rcv: 163
tot_msg_sent: 465
tot_reconf_duration: 4.390000000000001
tot_sleeping_duration: 281866.4183199981
tot_uptimes: 74
tot_uptimes_duration: 4380.015680001918
