comms_cons: 28.712256000165965
finished_reconf: true
global_termination_time: 287104.555
local_termination_time: 71081.97947999997
node_cons: 5875.447701119167
tot_aggregated_send: 3944
tot_msg_rcv: 136
tot_msg_sent: 284
tot_reconf_duration: 7.819999999999999
tot_sleeping_duration: 282724.5489200006
tot_uptimes: 74
tot_uptimes_duration: 4380.006079999366
