comms_cons: 24.428569600359346
finished_reconf: true
global_termination_time: 241719.65
local_termination_time: 90599.00035999996
node_cons: 4918.633001121433
tot_aggregated_send: 3132
tot_msg_rcv: 184
tot_msg_sent: 397
tot_reconf_duration: 13.17
tot_sleeping_duration: 238059.64391999893
tot_uptimes: 62
tot_uptimes_duration: 3660.0060800010688
