comms_cons: 25.0476416002149
finished_reconf: true
global_termination_time: 244492.074
local_termination_time: 102232.82135999996
node_cons: 4987.636403364294
tot_aggregated_send: 3132
tot_msg_rcv: 212
tot_msg_sent: 463
tot_reconf_duration: 4.8100000000000005
tot_sleeping_duration: 240772.0557599968
tot_uptimes: 63
tot_uptimes_duration: 3720.0182400032063
