comms_cons: 196.63912958624113
finished_reconf: true
global_termination_time: 1955417.778
local_termination_time: 315263.613600001
node_cons: 40179.54531246629
tot_aggregated_send: 27086
tot_msg_rcv: 880
tot_msg_sent: 1922
tot_reconf_duration: 5.1
tot_sleeping_duration: 1925415.82168001
tot_uptimes: 501
tot_uptimes_duration: 30001.956319989986
