comms_cons: 197.00161278513826
finished_reconf: true
global_termination_time: 1955029.435
local_termination_time: 13293.350840000003
node_cons: 40187.94650754654
tot_aggregated_send: 27144
tot_msg_rcv: 945
tot_msg_sent: 1854
tot_reconf_duration: 13.17
tot_sleeping_duration: 1925029.38896001
tot_uptimes: 501
tot_uptimes_duration: 30000.04603999015
