comms_cons: 198.58062078429145
finished_reconf: true
global_termination_time: 1958987.014
local_termination_time: 322448.0633600001
node_cons: 40281.15568782219
tot_aggregated_send: 26622
tot_msg_rcv: 1249
tot_msg_sent: 2313
tot_reconf_duration: 22.65
tot_sleeping_duration: 1928926.971440013
tot_uptimes: 502
tot_uptimes_duration: 30060.042559986876
