comms_cons: 191.57342718976105
finished_reconf: true
global_termination_time: 1954411.707
local_termination_time: 582015.2254799989
node_cons: 40174.182605583956
tot_aggregated_send: 26912
tot_msg_rcv: 574
tot_msg_sent: 1633
tot_reconf_duration: 3.05
tot_sleeping_duration: 1924411.6766000118
tot_uptimes: 501
tot_uptimes_duration: 30000.030399988173
