comms_cons: 192.07316478643318
finished_reconf: true
global_termination_time: 1957750.592
local_termination_time: 1041282.9390399982
node_cons: 40265.73154446697
tot_aggregated_send: 26448
tot_msg_rcv: 896
tot_msg_sent: 1850
tot_reconf_duration: 11.31
tot_sleeping_duration: 1927690.5676800094
tot_uptimes: 502
tot_uptimes_duration: 30060.024319990538
