comms_cons: 710.1489345820764
finished_reconf: true
global_termination_time: 7089539.182
local_termination_time: 447472.7543600001
node_cons: 145847.94011116965
tot_aggregated_send: 98310
tot_msg_rcv: 3019
tot_msg_sent: 6605
tot_reconf_duration: 22.65
tot_sleeping_duration: 6980639.121200019
tot_uptimes: 1816
tot_uptimes_duration: 108900.06079998094
