comms_cons: 695.572761709174
finished_reconf: true
global_termination_time: 7092664.519
local_termination_time: 3697071.8386399993
node_cons: 145914.59968111213
tot_aggregated_send: 99354
tot_msg_rcv: 2220
tot_msg_sent: 4149
tot_reconf_duration: 12.629999999999999
tot_sleeping_duration: 6983704.512920002
tot_uptimes: 1817
tot_uptimes_duration: 108960.00607999787
