comms_cons: 685.6706304783721
finished_reconf: true
global_termination_time: 7090449.336
local_termination_time: 4118510.5244399994
node_cons: 145831.97009999477
tot_aggregated_send: 98716
tot_msg_rcv: 1761
tot_msg_sent: 3740
tot_reconf_duration: 10.95
tot_sleeping_duration: 6981549.336
tot_uptimes: 1816
tot_uptimes_duration: 108900.0
