comms_cons: 711.4978241927072
finished_reconf: true
global_termination_time: 7094294.852
local_termination_time: 504920.78608000063
node_cons: 145904.0452500485
tot_aggregated_send: 98136
tot_msg_rcv: 3310
tot_msg_sent: 6697
tot_reconf_duration: 4.8100000000000005
tot_sleeping_duration: 6985334.79728002
tot_uptimes: 1817
tot_uptimes_duration: 108960.05471998011
