comms_cons: 700.219168126014
finished_reconf: true
global_termination_time: 7091056.466
local_termination_time: 2800339.2973599997
node_cons: 145832.49968558093
tot_aggregated_send: 98136
tot_msg_rcv: 2782
tot_msg_sent: 5510
tot_reconf_duration: 11.31
tot_sleeping_duration: 6982156.435600011
tot_uptimes: 1816
tot_uptimes_duration: 108900.03039998934
