comms_cons: 644.5312507703021
finished_reconf: true
global_termination_time: 1332505.8575999998
local_termination_time: 1332505.8164799998
node_cons: 80978.67344099018
tot_aggregated_send: 0
tot_msg_rcv: 39563
tot_msg_sent: 58402
tot_reconf_duration: 24.59
tot_sleeping_duration: 1272053.8186000055
tot_uptimes: 993
tot_uptimes_duration: 60452.03899999412
