comms_cons: 2.2632447999946144
finished_reconf: true
global_termination_time: 13764.40224000001
local_termination_time: 4584.784360000001
node_cons: 328.0002593600149
tot_aggregated_send: 0
tot_msg_rcv: 180
tot_msg_sent: 164
tot_reconf_duration: 13.17
tot_sleeping_duration: 13532.8
tot_uptimes: 4
tot_uptimes_duration: 231.60224000001108
