comms_cons: 2.2507135999956382
finished_reconf: true
global_termination_time: 17117.544
local_termination_time: 1113.1171200000042
node_cons: 328.74208112000633
tot_aggregated_send: 0
tot_msg_rcv: 170
tot_msg_sent: 172
tot_reconf_duration: 5.43
tot_sleeping_duration: 16877.537919999995
tot_uptimes: 5
tot_uptimes_duration: 240.00608000000466
