comms_cons: 105.41096959715402
finished_reconf: true
global_termination_time: 1064062.142
local_termination_time: 487187.990360001
node_cons: 21861.75712304135
tot_aggregated_send: 15312
tot_msg_rcv: 249
tot_msg_sent: 460
tot_reconf_duration: 5.57
tot_sleeping_duration: 1047740.862639999
tot_uptimes: 273
tot_uptimes_duration: 16321.279360000975
