comms_cons: 222.0667647863491
finished_reconf: true
global_termination_time: 2217748.9021199965
local_termination_time: 45991.767600000014
node_cons: 45605.2971286234
tot_aggregated_send: 31030
tot_msg_rcv: 933
tot_msg_sent: 1789
tot_reconf_duration: 22.65
tot_sleeping_duration: 2183712.6523600086
tot_uptimes: 568
tot_uptimes_duration: 34036.249759987986
