comms_cons: 220.44652158608906
finished_reconf: true
global_termination_time: 2221522.187
local_termination_time: 418496.97336
node_cons: 45639.12232558819
tot_aggregated_send: 31088
tot_msg_rcv: 846
tot_msg_sent: 1572
tot_reconf_duration: 4.390000000000001
tot_sleeping_duration: 2187442.1566000083
tot_uptimes: 569
tot_uptimes_duration: 34080.03039999161
