comms_cons: 206.43646709132113
finished_reconf: true
global_termination_time: 1051635.846
local_termination_time: 248.12647999999996
node_cons: 21615.610041116866
tot_aggregated_send: 0
tot_msg_rcv: 15771
tot_msg_sent: 15607
tot_reconf_duration: 3.05
tot_sleeping_duration: 1035495.8399200023
tot_uptimes: 270
tot_uptimes_duration: 16140.006079997635
