comms_cons: 107.42748799361185
finished_reconf: true
global_termination_time: 1052999.899
local_termination_time: 635682.7293599978
node_cons: 21620.39210750895
tot_aggregated_send: 13978
tot_msg_rcv: 800
tot_msg_sent: 1549
tot_reconf_duration: 5.43
tot_sleeping_duration: 1036858.7353200082
tot_uptimes: 270
tot_uptimes_duration: 16141.16367999179
