comms_cons: 10.342502399988383
finished_reconf: true
global_termination_time: 3423.7376800000006
local_termination_time: 3423.6965600000008
node_cons: 1240.549495520001
tot_aggregated_send: 0
tot_msg_rcv: 686
tot_msg_sent: 884
tot_reconf_duration: 24.59
tot_sleeping_duration: 2522.202
tot_uptimes: 14
tot_uptimes_duration: 901.5356800000004
