comms_cons: 82.29326079762109
finished_reconf: true
global_termination_time: 810909.248
local_termination_time: 28864.56504
node_cons: 16638.851183362032
tot_aggregated_send: 10962
tot_msg_rcv: 500
tot_msg_sent: 1047
tot_reconf_duration: 6.22
tot_sleeping_duration: 798489.2297599985
tot_uptimes: 208
tot_uptimes_duration: 12420.018240001504
