comms_cons: 827.7091329994346
finished_reconf: true
global_termination_time: 8286076.722
local_termination_time: 2907736.468
node_cons: 170425.28761957085
tot_aggregated_send: 115349
tot_msg_rcv: 3436
tot_msg_sent: 7021
tot_reconf_duration: 15.34
tot_sleeping_duration: 8158814.245600018
tot_uptimes: 2122
tot_uptimes_duration: 127262.47639998281
