comms_cons: 833.3248194413427
finished_reconf: true
global_termination_time: 8284303.63
local_termination_time: 517327.417
node_cons: 170446.11588059342
tot_aggregated_send: 115476
tot_msg_rcv: 3702
tot_msg_sent: 7480
tot_reconf_duration: 22.65
tot_sleeping_duration: 8157033.012240031
tot_uptimes: 2122
tot_uptimes_duration: 127270.61775996961
