comms_cons: 812.7942977031138
finished_reconf: true
global_termination_time: 8279946.235
local_termination_time: 4796208.521879999
node_cons: 170333.6167833454
tot_aggregated_send: 116116
tot_msg_rcv: 2382
tot_msg_sent: 5043
tot_reconf_duration: 9.42
tot_sleeping_duration: 8152746.216760007
tot_uptimes: 2121
tot_uptimes_duration: 127200.0182399936
