comms_cons: 809.9859393323962
finished_reconf: true
global_termination_time: 8284400.289
local_termination_time: 4849363.18336
node_cons: 170418.3241044625
tot_aggregated_send: 115188
tot_msg_rcv: 2533
tot_msg_sent: 5391
tot_reconf_duration: 12.629999999999999
tot_sleeping_duration: 8157140.264680008
tot_uptimes: 2122
tot_uptimes_duration: 127260.02431999147
