comms_cons: 831.7976706383031
finished_reconf: true
global_termination_time: 8281429.653
local_termination_time: 1421113.6609599986
node_cons: 170325.03959339895
tot_aggregated_send: 115246
tot_msg_rcv: 3832
tot_msg_sent: 7350
tot_reconf_duration: 3.05
tot_sleeping_duration: 8154229.580040026
tot_uptimes: 2121
tot_uptimes_duration: 127200.07295997394
