comms_cons: 66.56897279974359
finished_reconf: true
global_termination_time: 628026.9892399979
local_termination_time: 628026.9892399979
node_cons: 12991.216497925514
tot_aggregated_send: 7946
tot_msg_rcv: 787
tot_msg_sent: 1385
tot_reconf_duration: 37.410000000000004
tot_sleeping_duration: 618362.7519599939
tot_uptimes: 161
tot_uptimes_duration: 9664.237280004098
