comms_cons: 66.13474560077942
finished_reconf: true
global_termination_time: 632190.271
local_termination_time: 360076.5806400008
node_cons: 12956.085907203986
tot_aggregated_send: 8294
tot_msg_rcv: 719
tot_msg_sent: 1039
tot_reconf_duration: 13.17
tot_sleeping_duration: 622527.686199997
tot_uptimes: 162
tot_uptimes_duration: 9662.58480000298
