comms_cons: 64.03535359900376
finished_reconf: true
global_termination_time: 632054.242
local_termination_time: 328204.48348000005
node_cons: 12955.291944476525
tot_aggregated_send: 8526
tot_msg_rcv: 402
tot_msg_sent: 805
tot_reconf_duration: 15.110000000000001
tot_sleeping_duration: 622394.2176800026
tot_uptimes: 162
tot_uptimes_duration: 9660.024319997407
