comms_cons: 64.01757439919956
finished_reconf: true
global_termination_time: 628134.528
local_termination_time: 400703.68152000086
node_cons: 12860.964544485738
tot_aggregated_send: 8352
tot_msg_rcv: 446
tot_msg_sent: 931
tot_reconf_duration: 4.8100000000000005
tot_sleeping_duration: 618534.5036799958
tot_uptimes: 161
tot_uptimes_duration: 9600.024320004275
