comms_cons: 145.98552319150156
finished_reconf: true
global_termination_time: 1463449.995
local_termination_time: 355429.7653600001
node_cons: 30057.82840670105
tot_aggregated_send: 20300
tot_msg_rcv: 595
tot_msg_sent: 1294
tot_reconf_duration: 7.819999999999999
tot_sleeping_duration: 1441009.9585200143
tot_uptimes: 375
tot_uptimes_duration: 22440.036479985807
