comms_cons: 274.20789759947974
finished_reconf: true
global_termination_time: 2735067.345
local_termination_time: 2086568.67636
node_cons: 56258.8642844668
tot_aggregated_send: 37874
tot_msg_rcv: 1198
tot_msg_sent: 2606
tot_reconf_duration: 15.34
tot_sleeping_duration: 2693067.320680009
tot_uptimes: 701
tot_uptimes_duration: 42000.02431999077
