comms_cons: 270.89118718123973
finished_reconf: true
global_termination_time: 2736368.477
local_termination_time: 1837086.3325199983
node_cons: 56249.010643349655
tot_aggregated_send: 37352
tot_msg_rcv: 1325
tot_msg_sent: 2496
tot_reconf_duration: 8.09
tot_sleeping_duration: 2694368.4587600073
tot_uptimes: 701
tot_uptimes_duration: 42000.0182399929
