comms_cons: 274.1995776088994
finished_reconf: true
global_termination_time: 2735898.403
local_termination_time: 505609.62636000005
node_cons: 56268.82382893468
tot_aggregated_send: 38280
tot_msg_rcv: 1086
tot_msg_sent: 2309
tot_reconf_duration: 22.65
tot_sleeping_duration: 2693898.354360018
tot_uptimes: 701
tot_uptimes_duration: 42000.048639981775
