comms_cons: 275.4279488133398
finished_reconf: true
global_termination_time: 2736633.496
local_termination_time: 978871.771359999
node_cons: 56244.60525005156
tot_aggregated_send: 37816
tot_msg_rcv: 1256
tot_msg_sent: 2791
tot_reconf_duration: 4.8100000000000005
tot_sleeping_duration: 2694633.4412800204
tot_uptimes: 701
tot_uptimes_duration: 42000.05471997941
