comms_cons: 278.28580481487353
finished_reconf: true
global_termination_time: 2736744.136
local_termination_time: 1667848.2824799998
node_cons: 56248.668406701065
tot_aggregated_send: 37352
tot_msg_rcv: 1694
tot_msg_sent: 3251
tot_reconf_duration: 7.819999999999999
tot_sleeping_duration: 2694744.099520013
tot_uptimes: 701
tot_uptimes_duration: 42000.036479986506
