comms_cons: 976.8305218202436
finished_reconf: true
global_termination_time: 9821865.339
local_termination_time: 2741923.6469199983
node_cons: 202075.99684892964
tot_aggregated_send: 137286
tot_msg_rcv: 3738
tot_msg_sent: 7447
tot_reconf_duration: 15.34
tot_sleeping_duration: 9670965.290360017
tot_uptimes: 2516
tot_uptimes_duration: 150900.04863998294
