comms_cons: 975.6485186150308
finished_reconf: true
global_termination_time: 9824654.913
local_termination_time: 3036948.8961599995
node_cons: 202062.08278781283
tot_aggregated_send: 137054
tot_msg_rcv: 3633
tot_msg_sent: 7606
tot_reconf_duration: 5.1
tot_sleeping_duration: 9673754.870440016
tot_uptimes: 2516
tot_uptimes_duration: 150900.04255998507
