comms_cons: 971.1108226035193
finished_reconf: true
global_termination_time: 9821347.53
local_termination_time: 3341364.036639999
node_cons: 202059.32334557854
tot_aggregated_send: 136938
tot_msg_rcv: 3430
tot_msg_sent: 7236
tot_reconf_duration: 3.08
tot_sleeping_duration: 9670447.49960001
tot_uptimes: 2516
tot_uptimes_duration: 150900.03039998934
