comms_cons: 992.7585091158629
finished_reconf: true
global_termination_time: 9821308.692119997
local_termination_time: 36656.856999999996
node_cons: 202117.52240788488
tot_aggregated_send: 135544
tot_msg_rcv: 5034
tot_msg_sent: 10312
tot_reconf_duration: 22.65
tot_sleeping_duration: 9670385.044840017
tot_uptimes: 2516
tot_uptimes_duration: 150923.64727997925
