comms_cons: 987.9562754641337
finished_reconf: true
global_termination_time: 9823973.089
local_termination_time: 421829.22336000006
node_cons: 202061.7133911635
tot_aggregated_send: 136648
tot_msg_rcv: 4474
tot_msg_sent: 9041
tot_reconf_duration: 4.8100000000000005
tot_sleeping_duration: 9673073.028200023
tot_uptimes: 2516
tot_uptimes_duration: 150900.0607999782
