comms_cons: 986.2105474634762
finished_reconf: true
global_termination_time: 9822660.508
local_termination_time: 460914.61236
node_cons: 202061.14303116314
tot_aggregated_send: 136300
tot_msg_rcv: 4351
tot_msg_sent: 9245
tot_reconf_duration: 4.390000000000001
tot_sleeping_duration: 9671760.44720002
tot_uptimes: 2516
tot_uptimes_duration: 150900.06079997797
