comms_cons: 19.30863359981494
finished_reconf: true
global_termination_time: 169814.698
local_termination_time: 41010.15748000001
node_cons: 3465.2639833597354
tot_aggregated_send: 1276
tot_msg_rcv: 551
tot_msg_sent: 1107
tot_reconf_duration: 7.819999999999999
tot_sleeping_duration: 167234.6797600002
tot_uptimes: 44
tot_uptimes_duration: 2580.018239999801
