comms_cons: 215.16266868121437
finished_reconf: true
global_termination_time: 1093426.797
local_termination_time: 411640.55540000036
node_cons: 22505.819560000044
tot_aggregated_send: 0
tot_msg_rcv: 16467
tot_msg_sent: 16236
tot_reconf_duration: 7.819999999999999
tot_sleeping_duration: 1076626.797
tot_uptimes: 281
tot_uptimes_duration: 16800.0
