comms_cons: 2.1777151999969884
finished_reconf: true
global_termination_time: 16437.629
local_termination_time: 4028.4133600000005
node_cons: 352.1187000000001
tot_aggregated_send: 0
tot_msg_rcv: 176
tot_msg_sent: 155
tot_reconf_duration: 22.65
tot_sleeping_duration: 16197.629
tot_uptimes: 5
tot_uptimes_duration: 240.0000000000009
