comms_cons: 1.5658495999969382
finished_reconf: true
global_termination_time: 15819.548
local_termination_time: 4554.46436
node_cons: 325.5426399999999
tot_aggregated_send: 0
tot_msg_rcv: 122
tot_msg_sent: 116
tot_reconf_duration: 3.08
tot_sleeping_duration: 15579.548
tot_uptimes: 5
tot_uptimes_duration: 240.0
