comms_cons: 2.282982399994549
finished_reconf: true
global_termination_time: 15621.697
local_termination_time: 5696.7973600000005
node_cons: 328.7339400000004
tot_aggregated_send: 0
tot_msg_rcv: 176
tot_msg_sent: 171
tot_reconf_duration: 5.43
tot_sleeping_duration: 15381.697
tot_uptimes: 5
tot_uptimes_duration: 240.0
