comms_cons: 132.29226238009647
finished_reconf: true
global_termination_time: 669728.7412399991
local_termination_time: 2043.7854800000005
node_cons: 13814.40236248013
tot_aggregated_send: 0
tot_msg_rcv: 10168
tot_msg_sent: 9936
tot_reconf_duration: 18.21
tot_sleeping_duration: 659430.254919999
tot_uptimes: 172
tot_uptimes_duration: 10298.486320000084
