comms_cons: 65.56893440006557
finished_reconf: true
global_termination_time: 670884.847
local_termination_time: 418002.6273600009
node_cons: 13744.234663041196
tot_aggregated_send: 9802
tot_msg_rcv: 51
tot_msg_sent: 113
tot_reconf_duration: 4.390000000000001
tot_sleeping_duration: 660624.747639999
tot_uptimes: 172
tot_uptimes_duration: 10260.099360000924
