comms_cons: 37.34416640065039
finished_reconf: true
global_termination_time: 364881.189
local_termination_time: 156447.51368000073
node_cons: 7514.420919763871
tot_aggregated_send: 4698
tot_msg_rcv: 298
tot_msg_sent: 681
tot_reconf_duration: 25.299999999999997
tot_sleeping_duration: 359294.8831599972
tot_uptimes: 94
tot_uptimes_duration: 5586.305840002868
