comms_cons: 0.7171328000015991
finished_reconf: true
global_termination_time: 6632.787
local_termination_time: 1705.4983600000003
node_cons: 98.22486000000009
tot_aggregated_send: 0
tot_msg_rcv: 63
tot_msg_sent: 46
tot_reconf_duration: 13.17
tot_sleeping_duration: 6572.787
tot_uptimes: 2
tot_uptimes_duration: 60.0
