comms_cons: 0.7500288000016724
finished_reconf: true
global_termination_time: 5424.805
local_termination_time: 1640.4163600000004
node_cons: 87.26580000000018
tot_aggregated_send: 0
tot_msg_rcv: 60
tot_msg_sent: 54
tot_reconf_duration: 5.1
tot_sleeping_duration: 5364.805
tot_uptimes: 2
tot_uptimes_duration: 60.0
