comms_cons: 474.4257280601007
finished_reconf: true
global_termination_time: 4818300.752
local_termination_time: 1929391.58636
node_cons: 99080.09242558239
tot_aggregated_send: 66816
tot_msg_rcv: 1701
tot_msg_sent: 3593
tot_reconf_duration: 15.34
tot_sleeping_duration: 4744320.721600012
tot_uptimes: 1234
tot_uptimes_duration: 73980.03039998887
