comms_cons: 225.92905598950952
finished_reconf: true
global_termination_time: 2277955.241
local_termination_time: 1674193.36736
node_cons: 46854.380199999636
tot_aggregated_send: 32596
tot_msg_rcv: 648
tot_msg_sent: 1095
tot_reconf_duration: 11.899999999999999
tot_sleeping_duration: 2242975.241
tot_uptimes: 584
tot_uptimes_duration: 34980.0
