comms_cons: 230.39052797695834
finished_reconf: true
global_termination_time: 2278203.74
local_termination_time: 844535.6159599997
node_cons: 46842.47587564008
tot_aggregated_send: 30102
tot_msg_rcv: 1511
tot_msg_sent: 3405
tot_reconf_duration: 3.05
tot_sleeping_duration: 2243223.6548800296
tot_uptimes: 584
tot_uptimes_duration: 34980.08511997055
