comms_cons: 490.4806144483599
finished_reconf: true
global_termination_time: 4935391.30348
local_termination_time: 4935391.26236
node_cons: 101521.19608318622
tot_aggregated_send: 70746
tot_msg_rcv: 1298
tot_msg_sent: 2506
tot_reconf_duration: 24.59
tot_sleeping_duration: 4859597.574680009
tot_uptimes: 1264
tot_uptimes_duration: 75793.72879999211
