comms_cons: 77.43169919968864
finished_reconf: true
global_termination_time: 762606.415
local_termination_time: 242226.51036000004
node_cons: 15687.14800224288
tot_aggregated_send: 10440
tot_msg_rcv: 464
tot_msg_sent: 864
tot_reconf_duration: 15.34
tot_sleeping_duration: 750906.4028399979
tot_uptimes: 196
tot_uptimes_duration: 11700.012160002138
