comms_cons: 76.49698559968337
finished_reconf: true
global_termination_time: 763686.159
local_termination_time: 192857.9013600005
node_cons: 15674.844522238283
tot_aggregated_send: 10440
tot_msg_rcv: 419
tot_msg_sent: 769
tot_reconf_duration: 6.279999999999999
tot_sleeping_duration: 751986.1468400012
tot_uptimes: 196
tot_uptimes_duration: 11700.012159998703
