comms_cons: 76.97629439778571
finished_reconf: true
global_termination_time: 762227.182
local_termination_time: 121174.15959999996
node_cons: 15681.683403364332
tot_aggregated_send: 10324
tot_msg_rcv: 392
tot_msg_sent: 984
tot_reconf_duration: 11.31
tot_sleeping_duration: 750527.1637599969
tot_uptimes: 196
tot_uptimes_duration: 11700.018240003206
