comms_cons: 78.41074559754637
finished_reconf: true
global_termination_time: 762431.175
local_termination_time: 161219.25848000098
node_cons: 15675.311590571328
tot_aggregated_send: 9918
tot_msg_rcv: 604
tot_msg_sent: 1396
tot_reconf_duration: 5.43
tot_sleeping_duration: 750729.9519599916
tot_uptimes: 196
tot_uptimes_duration: 11701.223040008452
