comms_cons: 485.28997125972984
finished_reconf: true
global_termination_time: 4905771.234
local_termination_time: 2882855.74636
node_cons: 100915.60080446603
tot_aggregated_send: 68788
tot_msg_rcv: 1603
tot_msg_sent: 3368
tot_reconf_duration: 6.279999999999999
tot_sleeping_duration: 4830411.209680009
tot_uptimes: 1257
tot_uptimes_duration: 75360.02431999147
