comms_cons: 490.43549450505384
finished_reconf: true
global_termination_time: 4903650.327119997
local_termination_time: 44992.18072000002
node_cons: 100877.88916196876
tot_aggregated_send: 69020
tot_msg_rcv: 1803
tot_msg_sent: 3719
tot_reconf_duration: 22.65
tot_sleeping_duration: 4828335.069120018
tot_uptimes: 1256
tot_uptimes_duration: 75315.25799997884
