comms_cons: 493.29127686132404
finished_reconf: true
global_termination_time: 4905722.563
local_termination_time: 470469.89088000037
node_cons: 100913.05046669896
tot_aggregated_send: 68266
tot_msg_rcv: 2271
tot_msg_sent: 4439
tot_reconf_duration: 4.390000000000001
tot_sleeping_duration: 4830362.526520014
tot_uptimes: 1257
tot_uptimes_duration: 75360.0364799865
