comms_cons: 1.3947903999953926
finished_reconf: true
global_termination_time: 9023.75648
local_termination_time: 9023.71536
node_cons: 212.42351872000063
tot_aggregated_send: 0
tot_msg_rcv: 102
tot_msg_sent: 109
tot_reconf_duration: 24.59
tot_sleeping_duration: 8890.052
tot_uptimes: 3
tot_uptimes_duration: 133.70448000000033
