comms_cons: 90.10969601067478
finished_reconf: true
global_termination_time: 385527.59372000006
local_termination_time: 385527.55260000005
node_cons: 7942.7623027407935
tot_aggregated_send: 0
tot_msg_rcv: 7948
tot_msg_sent: 5746
tot_reconf_duration: 37.410000000000004
tot_sleeping_duration: 379633.67323998455
tot_uptimes: 99
tot_uptimes_duration: 5893.9204800155185
