comms_cons: 39.97291520088366
finished_reconf: true
global_termination_time: 390027.96
local_termination_time: 249485.65256000022
node_cons: 7964.67064336084
tot_aggregated_send: 5220
tot_msg_rcv: 337
tot_msg_sent: 518
tot_reconf_duration: 8.09
tot_sleeping_duration: 384087.9417599994
tot_uptimes: 100
tot_uptimes_duration: 5940.018240000623
