comms_cons: 39.17255680036834
finished_reconf: true
global_termination_time: 386923.177
local_termination_time: 52523.21024000019
node_cons: 7960.200121121437
tot_aggregated_send: 5278
tot_msg_rcv: 215
tot_msg_sent: 461
tot_reconf_duration: 4.8100000000000005
tot_sleeping_duration: 380983.17091999896
tot_uptimes: 100
tot_uptimes_duration: 5940.006080001069
