comms_cons: 119.12299519468762
finished_reconf: true
global_termination_time: 1212783.293
local_termination_time: 555527.1034799998
node_cons: 24920.758979999955
tot_aggregated_send: 17342
tot_msg_rcv: 284
tot_msg_sent: 480
tot_reconf_duration: 11.31
tot_sleeping_duration: 1194183.293
tot_uptimes: 311
tot_uptimes_duration: 18600.0
