comms_cons: 373.8044542928362
finished_reconf: true
global_termination_time: 980499.667
local_termination_time: 506412.96620000014
node_cons: 59395.049280237494
tot_aggregated_send: 0
tot_msg_rcv: 22984
tot_msg_sent: 33832
tot_reconf_duration: 4.390000000000001
tot_sleeping_duration: 936146.3528400011
tot_uptimes: 725
tot_uptimes_duration: 44353.31415999896
