comms_cons: 213.9177663928647
finished_reconf: true
global_termination_time: 2164748.759
local_termination_time: 1134786.2493599998
node_cons: 44528.879379999365
tot_aggregated_send: 31262
tot_msg_rcv: 395
tot_msg_sent: 856
tot_reconf_duration: 15.110000000000001
tot_sleeping_duration: 2131508.759
tot_uptimes: 555
tot_uptimes_duration: 33240.0
