comms_cons: 213.830399982527
finished_reconf: true
global_termination_time: 2161541.029
local_termination_time: 1065201.756
node_cons: 44434.62525005111
tot_aggregated_send: 28475
tot_msg_rcv: 1206
tot_msg_sent: 2822
tot_reconf_duration: 4.8100000000000005
tot_sleeping_duration: 2128360.9742800216
tot_uptimes: 554
tot_uptimes_duration: 33180.05471997871
