comms_cons: 219.21180798104507
finished_reconf: true
global_termination_time: 2164559.528
local_termination_time: 1130612.634
node_cons: 44516.8556067005
tot_aggregated_send: 28181
tot_msg_rcv: 1651
tot_msg_sent: 3486
tot_reconf_duration: 6.22
tot_sleeping_duration: 2131319.491520014
tot_uptimes: 555
tot_uptimes_duration: 33240.03647998581
