comms_cons: 351.09900798642644
finished_reconf: true
global_termination_time: 3612274.214
local_termination_time: 2068284.7813599997
node_cons: 74321.44208223173
tot_aggregated_send: 50170
tot_msg_rcv: 1085
tot_msg_sent: 2110
tot_reconf_duration: 5.1
tot_sleeping_duration: 3556774.201840005
tot_uptimes: 926
tot_uptimes_duration: 55500.01215999527
