comms_cons: 350.22397438321354
finished_reconf: true
global_termination_time: 3613264.172
local_termination_time: 1884965.6718399988
node_cons: 74348.86554111514
tot_aggregated_send: 49416
tot_msg_rcv: 1282
tot_msg_sent: 2534
tot_reconf_duration: 25.299999999999997
tot_sleeping_duration: 3557764.1659200024
tot_uptimes: 926
tot_uptimes_duration: 55500.006079997635
