comms_cons: 360.2198464359219
finished_reconf: true
global_termination_time: 3613726.87
local_termination_time: 578584.9626799985
node_cons: 74335.076367817
tot_aggregated_send: 50112
tot_msg_rcv: 1574
tot_msg_sent: 3065
tot_reconf_duration: 15.110000000000001
tot_sleeping_duration: 3558226.827440016
tot_uptimes: 926
tot_uptimes_duration: 55500.04255998414
