comms_cons: 355.25012480127464
finished_reconf: true
global_termination_time: 3615469.785
local_termination_time: 954694.5425999998
node_cons: 74318.67446446596
tot_aggregated_send: 50576
tot_msg_rcv: 1148
tot_msg_sent: 2271
tot_reconf_duration: 3.05
tot_sleeping_duration: 3559969.760680009
tot_uptimes: 926
tot_uptimes_duration: 55500.02431999077
