comms_cons: 32.422297600402295
finished_reconf: true
global_termination_time: 314312.877
local_termination_time: 23678.08148
node_cons: 6457.958700000009
tot_aggregated_send: 4234
tot_msg_rcv: 309
tot_msg_sent: 385
tot_reconf_duration: 22.65
tot_sleeping_duration: 309512.877
tot_uptimes: 81
tot_uptimes_duration: 4800.0
