comms_cons: 31.803852800195745
finished_reconf: true
global_termination_time: 319023.037
local_termination_time: 20745.03448
node_cons: 6515.9867600000425
tot_aggregated_send: 4466
tot_msg_rcv: 141
tot_msg_sent: 227
tot_reconf_duration: 6.22
tot_sleeping_duration: 314163.03699999995
tot_uptimes: 82
tot_uptimes_duration: 4860.000000000029
