comms_cons: 2002.323277145805
finished_reconf: true
global_termination_time: 10153811.661599997
local_termination_time: 599.4364799999992
node_cons: 208929.3310339749
tot_aggregated_send: 0
tot_msg_rcv: 153532
tot_msg_sent: 150803
tot_reconf_duration: 18.21
tot_sleeping_duration: 9997796.27560001
tot_uptimes: 2601
tot_uptimes_duration: 156015.3859999869
