comms_cons: 1011.5521410653251
finished_reconf: true
global_termination_time: 10155553.755
local_termination_time: 2258949.296279999
node_cons: 208904.9294133976
tot_aggregated_send: 140998
tot_msg_rcv: 4297
tot_msg_sent: 8454
tot_reconf_duration: 15.34
tot_sleeping_duration: 9999553.682040026
tot_uptimes: 2601
tot_uptimes_duration: 156000.07295997418
