comms_cons: 999.7313730242672
finished_reconf: true
global_termination_time: 10157713.206
local_termination_time: 2439808.22336
node_cons: 208971.98547116393
tot_aggregated_send: 141578
tot_msg_rcv: 3286
tot_msg_sent: 7088
tot_reconf_duration: 5.57
tot_sleeping_duration: 10001653.145200022
tot_uptimes: 2602
tot_uptimes_duration: 156060.06079997844
