comms_cons: 993.2260417754801
finished_reconf: true
global_termination_time: 10154482.245
local_termination_time: 4301956.24336
node_cons: 208888.24776892934
tot_aggregated_send: 140766
tot_msg_rcv: 3517
tot_msg_sent: 6681
tot_reconf_duration: 3.08
tot_sleeping_duration: 9998482.196360016
tot_uptimes: 2601
tot_uptimes_duration: 156000.0486399827
