comms_cons: 990.6300673604629
finished_reconf: true
global_termination_time: 10154832.672
local_termination_time: 4335887.95836
node_cons: 208895.0432078119
tot_aggregated_send: 141230
tot_msg_rcv: 2977
tot_msg_sent: 6362
tot_reconf_duration: 8.09
tot_sleeping_duration: 9998832.629440017
tot_uptimes: 2601
tot_uptimes_duration: 156000.04255998484
