comms_cons: 987.7879297698854
finished_reconf: true
global_termination_time: 10154995.926
local_termination_time: 6170598.26336
node_cons: 208898.9026644609
tot_aggregated_send: 141288
tot_msg_rcv: 3093
tot_msg_sent: 5757
tot_reconf_duration: 10.95
tot_sleeping_duration: 9998995.90168001
tot_uptimes: 2601
tot_uptimes_duration: 156000.02431999124
