comms_cons: 1016.8592002527547
finished_reconf: true
global_termination_time: 10155605.421
local_termination_time: 1490809.4003599999
node_cons: 208894.7184852773
tot_aggregated_send: 142274
tot_msg_rcv: 4151
tot_msg_sent: 8130
tot_reconf_duration: 7.819999999999999
tot_sleeping_duration: 9999605.347120026
tot_uptimes: 2601
tot_uptimes_duration: 156000.07387997373
