comms_cons: 54.54877440042111
finished_reconf: true
global_termination_time: 545269.214
local_termination_time: 83380.5860399998
node_cons: 11171.401899999999
tot_aggregated_send: 7598
tot_msg_rcv: 231
tot_msg_sent: 462
tot_reconf_duration: 3.05
tot_sleeping_duration: 536929.214
tot_uptimes: 140
tot_uptimes_duration: 8340.0
