comms_cons: 281.99047681829074
finished_reconf: true
global_termination_time: 2812853.904239997
local_termination_time: 1044858.9233599998
node_cons: 57880.60379605588
tot_aggregated_send: 39440
tot_msg_rcv: 1155
tot_msg_sent: 2265
tot_reconf_duration: 11.31
tot_sleeping_duration: 2769638.635520014
tot_uptimes: 721
tot_uptimes_duration: 43215.26871998282
