comms_cons: 294.61091819036847
finished_reconf: true
global_termination_time: 1561163.11
local_termination_time: 327518.83736000006
node_cons: 32062.232685584204
tot_aggregated_send: 0
tot_msg_rcv: 22721
tot_msg_sent: 22058
tot_reconf_duration: 4.8100000000000005
tot_sleeping_duration: 1537223.079600012
tot_uptimes: 400
tot_uptimes_duration: 23940.03039998817
