comms_cons: 155.19674879172675
finished_reconf: true
global_termination_time: 1561133.69
local_termination_time: 540208.848879999
node_cons: 32076.491720000005
tot_aggregated_send: 22446
tot_msg_rcv: 461
tot_msg_sent: 682
tot_reconf_duration: 15.34
tot_sleeping_duration: 1537193.69
tot_uptimes: 400
tot_uptimes_duration: 23940.0
