comms_cons: 48.08079360024943
finished_reconf: true
global_termination_time: 490749.919
local_termination_time: 143666.77848000007
node_cons: 10050.946760000013
tot_aggregated_send: 7134
tot_msg_rcv: 63
tot_msg_sent: 111
tot_reconf_duration: 6.22
tot_sleeping_duration: 483249.919
tot_uptimes: 126
tot_uptimes_duration: 7500.0
