comms_cons: 69.41118720045506
finished_reconf: true
global_termination_time: 696358.091
local_termination_time: 83828.02527999978
node_cons: 14304.686323364296
tot_aggregated_send: 9396
tot_msg_rcv: 393
tot_msg_sent: 762
tot_reconf_duration: 3.05
tot_sleeping_duration: 685678.0727599969
tot_uptimes: 179
tot_uptimes_duration: 10680.018240003206
