comms_cons: 137.20629757594068
finished_reconf: true
global_termination_time: 696679.5275999999
local_termination_time: 3282.2296
node_cons: 14345.81846952131
tot_aggregated_send: 0
tot_msg_rcv: 10530
tot_msg_sent: 10321
tot_reconf_duration: 18.21
tot_sleeping_duration: 685984.165919999
tot_uptimes: 179
tot_uptimes_duration: 10695.361680000962
