comms_cons: 71.80793600050144
finished_reconf: true
global_termination_time: 702344.949
local_termination_time: 298183.61632000067
node_cons: 14398.744859999999
tot_aggregated_send: 9338
tot_msg_rcv: 544
tot_msg_sent: 1032
tot_reconf_duration: 13.17
tot_sleeping_duration: 691604.949
tot_uptimes: 180
tot_uptimes_duration: 10740.0
