comms_cons: 36.021747199939476
finished_reconf: true
global_termination_time: 368744.919
local_termination_time: 47937.483
node_cons: 7609.497093201708
tot_aggregated_send: 5334
tot_msg_rcv: 26
tot_msg_sent: 115
tot_reconf_duration: 22.65
tot_sleeping_duration: 363084.9201999987
tot_uptimes: 95
tot_uptimes_duration: 5659.9988000012745
