comms_cons: 11.934668799933783
finished_reconf: true
global_termination_time: 124254.035
local_termination_time: 113969.65047999997
node_cons: 2521.298700000011
tot_aggregated_send: 1740
tot_msg_rcv: 37
tot_msg_sent: 37
tot_reconf_duration: 22.65
tot_sleeping_duration: 122394.035
tot_uptimes: 32
tot_uptimes_duration: 1860.0
