comms_cons: 35.897830398459575
finished_reconf: true
global_termination_time: 122123.6401599998
local_termination_time: 122123.59903999981
node_cons: 5105.159887239736
tot_aggregated_send: 0
tot_msg_rcv: 1813
tot_msg_sent: 3643
tot_reconf_duration: 24.59
tot_sleeping_duration: 118335.913
tot_uptimes: 62
tot_uptimes_duration: 3787.7271599998057
