comms_cons: 0.7631872000017017
finished_reconf: true
global_termination_time: 5798.332
local_termination_time: 1628.0103600000002
node_cons: 88.78676000000004
tot_aggregated_send: 0
tot_msg_rcv: 63
tot_msg_sent: 53
tot_reconf_duration: 6.22
tot_sleeping_duration: 5738.332
tot_uptimes: 2
tot_uptimes_duration: 60.0
