comms_cons: 27.546137598972223
finished_reconf: true
global_termination_time: 136945.88120000073
local_termination_time: 1824.7756000000006
node_cons: 2904.104338800982
tot_aggregated_send: 0
tot_msg_rcv: 2137
tot_msg_sent: 2048
tot_reconf_duration: 22.65
tot_sleeping_duration: 134799.992
tot_uptimes: 36
tot_uptimes_duration: 2145.8892000007327
