comms_cons: 53.09548800109944
finished_reconf: true
global_termination_time: 526166.366
local_termination_time: 340906.05972000014
node_cons: 10772.091980000012
tot_aggregated_send: 7134
tot_msg_rcv: 300
tot_msg_sent: 636
tot_reconf_duration: 4.8100000000000005
tot_sleeping_duration: 518126.36600000004
tot_uptimes: 135
tot_uptimes_duration: 8040.0
