comms_cons: 1.5855871999947617
finished_reconf: true
global_termination_time: 13444.821
local_termination_time: 4872.031360000001
node_cons: 256.3789800000005
tot_aggregated_send: 0
tot_msg_rcv: 133
tot_msg_sent: 108
tot_reconf_duration: 11.31
tot_sleeping_duration: 13264.821
tot_uptimes: 4
tot_uptimes_duration: 180.0
