comms_cons: 10.65893119998096
finished_reconf: true
global_termination_time: 102362.893
local_termination_time: 25152.533080000005
node_cons: 2094.817902238301
tot_aggregated_send: 1218
tot_msg_rcv: 115
tot_msg_sent: 287
tot_reconf_duration: 4.390000000000001
tot_sleeping_duration: 100802.88084000126
tot_uptimes: 27
tot_uptimes_duration: 1560.0121599987324
