comms_cons: 291.4953407927795
finished_reconf: true
global_termination_time: 608587.342
local_termination_time: 332617.52032000065
node_cons: 36843.09322324291
tot_aggregated_send: 0
tot_msg_rcv: 17859
tot_msg_sent: 26446
tot_reconf_duration: 18.21
tot_sleeping_duration: 581090.4308399977
tot_uptimes: 453
tot_uptimes_duration: 27496.91116000224
