comms_cons: 119.47231999644356
finished_reconf: true
global_termination_time: 608718.959
local_termination_time: 332620.99144000065
node_cons: 12483.474982238311
tot_aggregated_send: 0
tot_msg_rcv: 9241
tot_msg_sent: 8919
tot_reconf_duration: 22.65
tot_sleeping_duration: 599418.9468400014
tot_uptimes: 156
tot_uptimes_duration: 9300.012159998703
