comms_cons: 62.570643197417795
finished_reconf: true
global_termination_time: 603981.3854800002
local_termination_time: 156789.88036000007
node_cons: 12455.648102084519
tot_aggregated_send: 7830
tot_msg_rcv: 591
tot_msg_sent: 1089
tot_reconf_duration: 25.299999999999997
tot_sleeping_duration: 594704.8427599969
tot_uptimes: 155
tot_uptimes_duration: 9276.542720003345
