comms_cons: 97.71427839915586
finished_reconf: true
global_termination_time: 997744.642
local_termination_time: 728143.174
node_cons: 20506.71301303726
tot_aggregated_send: 14377
tot_msg_rcv: 125
tot_msg_sent: 350
tot_reconf_duration: 13.17
tot_sleeping_duration: 982443.0526400021
tot_uptimes: 256
tot_uptimes_duration: 15301.589359997888
