comms_cons: 99.18864639729794
finished_reconf: true
global_termination_time: 998095.1
local_termination_time: 321489.4276800007
node_cons: 20497.686220000065
tot_aggregated_send: 14036
tot_msg_rcv: 345
tot_msg_sent: 695
tot_reconf_duration: 8.09
tot_sleeping_duration: 982795.1
tot_uptimes: 256
tot_uptimes_duration: 15300.0
