comms_cons: 97.9906047981706
finished_reconf: true
global_termination_time: 998954.534
local_termination_time: 289565.63804000075
node_cons: 20495.146759999992
tot_aggregated_send: 14442
tot_msg_rcv: 109
tot_msg_sent: 343
tot_reconf_duration: 6.22
tot_sleeping_duration: 983654.534
tot_uptimes: 256
tot_uptimes_duration: 15300.0
