comms_cons: 99.09591039630317
finished_reconf: true
global_termination_time: 998178.796
local_termination_time: 491701.17620000016
node_cons: 20502.058980000027
tot_aggregated_send: 14152
tot_msg_rcv: 317
tot_msg_sent: 593
tot_reconf_duration: 11.31
tot_sleeping_duration: 982878.796
tot_uptimes: 256
tot_uptimes_duration: 15300.0
