comms_cons: 51.962521601186616
finished_reconf: true
global_termination_time: 508272.645
local_termination_time: 227096.3047600004
node_cons: 10448.358182242859
tot_aggregated_send: 6786
tot_msg_rcv: 355
tot_msg_sent: 757
tot_reconf_duration: 3.05
tot_sleeping_duration: 500472.6328399979
tot_uptimes: 131
tot_uptimes_duration: 7800.0121600021375
