comms_cons: 88.14154239694548
finished_reconf: true
global_termination_time: 869434.556
local_termination_time: 479785.7152800009
node_cons: 17839.64327043867
tot_aggregated_send: 11426
tot_msg_rcv: 673
tot_msg_sent: 1298
tot_reconf_duration: 3.05
tot_sleeping_duration: 856114.540040001
tot_uptimes: 223
tot_uptimes_duration: 13320.015959998942
