comms_cons: 11.099737600222943
finished_reconf: true
global_termination_time: 167285.76024000035
local_termination_time: 3116.92112
node_cons: 3427.1367160819264
tot_aggregated_send: 0
tot_msg_rcv: 284
tot_msg_sent: 1403
tot_reconf_duration: 3.95
tot_sleeping_duration: 164730.2915199989
tot_uptimes: 43
tot_uptimes_duration: 2555.4687200014378
