comms_cons: 407.2531072377531
finished_reconf: true
global_termination_time: 4105717.2174799996
local_termination_time: 4105717.1763599995
node_cons: 84489.11608318923
tot_aggregated_send: 59146
tot_msg_rcv: 946
tot_msg_sent: 1808
tot_reconf_duration: 24.59
tot_sleeping_duration: 4042643.488680006
tot_uptimes: 1052
tot_uptimes_duration: 63073.72879999381
