comms_cons: 399.8903552120176
finished_reconf: true
global_termination_time: 4109621.007
local_termination_time: 2871169.09
node_cons: 84537.69301303473
tot_aggregated_send: 58921
tot_msg_rcv: 585
tot_msg_sent: 1275
tot_reconf_duration: 13.17
tot_sleeping_duration: 4046499.4176400024
tot_uptimes: 1053
tot_uptimes_duration: 63121.58935999777
