comms_cons: 342.5391421303388
finished_reconf: true
global_termination_time: 2221318.164
local_termination_time: 378244.54664000083
node_cons: 45639.66012112084
tot_aggregated_send: 0
tot_msg_rcv: 26249
tot_msg_sent: 25815
tot_reconf_duration: 4.8100000000000005
tot_sleeping_duration: 2187238.1579199987
tot_uptimes: 569
tot_uptimes_duration: 34080.00608000101
