comms_cons: 814.9080385668601
finished_reconf: true
global_termination_time: 8265954.255
local_termination_time: 1787677.7815599996
node_cons: 170008.00894557952
tot_aggregated_send: 115014
tot_msg_rcv: 2809
tot_msg_sent: 6039
tot_reconf_duration: 6.279999999999999
tot_sleeping_duration: 8138994.2246000115
tot_uptimes: 2117
tot_uptimes_duration: 126960.0303999891
