comms_cons: 829.3773250097727
finished_reconf: true
global_termination_time: 8264959.769
local_termination_time: 804601.4249199984
node_cons: 170003.67959339835
tot_aggregated_send: 114724
tot_msg_rcv: 3838
tot_msg_sent: 7497
tot_reconf_duration: 3.05
tot_sleeping_duration: 8137999.696040027
tot_uptimes: 2117
tot_uptimes_duration: 126960.07295997324
