comms_cons: 124.41267199188249
finished_reconf: true
global_termination_time: 1228041.912
local_termination_time: 506145.30136000004
node_cons: 25242.118980000036
tot_aggregated_send: 16936
tot_msg_rcv: 708
tot_msg_sent: 1266
tot_reconf_duration: 11.31
tot_sleeping_duration: 1209201.912
tot_uptimes: 315
tot_uptimes_duration: 18840.0
