comms_cons: 123.47842559130876
finished_reconf: true
global_termination_time: 1227936.681
local_termination_time: 270661.54036000004
node_cons: 25234.14208112146
tot_aggregated_send: 17168
tot_msg_rcv: 561
tot_msg_sent: 1039
tot_reconf_duration: 5.43
tot_sleeping_duration: 1209096.6749199992
tot_uptimes: 315
tot_uptimes_duration: 18840.00608000107
