comms_cons: 287.9057920060034
finished_reconf: true
global_termination_time: 2825234.891
local_termination_time: 1087821.72336
node_cons: 58093.408483349536
tot_aggregated_send: 38570
tot_msg_rcv: 1825
tot_msg_sent: 3365
tot_reconf_duration: 5.57
tot_sleeping_duration: 2781854.8727600067
tot_uptimes: 724
tot_uptimes_duration: 43380.0182399929
