comms_cons: 122.99939839127319
finished_reconf: true
global_termination_time: 1236577.01
local_termination_time: 351053.46736
node_cons: 25396.06925414275
tot_aggregated_send: 15892
tot_msg_rcv: 872
tot_msg_sent: 1932
tot_reconf_duration: 6.279999999999999
tot_sleeping_duration: 1217616.9345600128
tot_uptimes: 317
tot_uptimes_duration: 18960.075439987122
