comms_cons: 124.22748159139383
finished_reconf: true
global_termination_time: 1231898.3152400004
local_termination_time: 1788.6214800000005
node_cons: 25379.03664832278
tot_aggregated_send: 16240
tot_msg_rcv: 829
tot_msg_sent: 1811
tot_reconf_duration: 3.05
tot_sleeping_duration: 1212947.6843599984
tot_uptimes: 316
tot_uptimes_duration: 18950.63088000205
