comms_cons: 122.7822847879943
finished_reconf: true
global_termination_time: 1263106.474
local_termination_time: 6182.735000000001
node_cons: 25956.71857118216
tot_aggregated_send: 16583
tot_msg_rcv: 729
tot_msg_sent: 1351
tot_reconf_duration: 5.02
tot_sleeping_duration: 1243726.4132000133
tot_uptimes: 324
tot_uptimes_duration: 19380.060799986648
