comms_cons: 123.24888319071545
finished_reconf: true
global_termination_time: 1264152.37
local_termination_time: 7385.456
node_cons: 25964.75252670571
tot_aggregated_send: 16809
tot_msg_rcv: 625
tot_msg_sent: 1300
tot_reconf_duration: 10.96
tot_sleeping_duration: 1244772.3335200108
tot_uptimes: 324
tot_uptimes_duration: 19380.0364799893
