comms_cons: 600.0048516774223
finished_reconf: true
global_termination_time: 3047511.157
local_termination_time: 1725699.6055999997
node_cons: 62695.97498223229
tot_aggregated_send: 0
tot_msg_rcv: 45971
tot_msg_sent: 45226
tot_reconf_duration: 22.65
tot_sleeping_duration: 3000711.144840005
tot_uptimes: 781
tot_uptimes_duration: 46800.01215999527
