comms_cons: 307.8494912297735
finished_reconf: true
global_termination_time: 3046016.2
local_termination_time: 40255.822
node_cons: 62673.720030072414
tot_aggregated_send: 41931
tot_msg_rcv: 1547
tot_msg_sent: 3314
tot_reconf_duration: 6.22
tot_sleeping_duration: 2999216.145280005
tot_uptimes: 781
tot_uptimes_duration: 46800.05471999526
