comms_cons: 308.2690432248786
finished_reconf: true
global_termination_time: 3044786.3914799974
local_termination_time: 3044786.3914799974
node_cons: 62708.434227265454
tot_aggregated_send: 41804
tot_msg_rcv: 1616
tot_msg_sent: 3435
tot_reconf_duration: 24.59
tot_sleeping_duration: 2997979.041960007
tot_uptimes: 780
tot_uptimes_duration: 46807.34951999029
