comms_cons: 121.85336319733753
finished_reconf: true
global_termination_time: 1235922.389
local_termination_time: 388824.4482000006
node_cons: 25394.365800000047
tot_aggregated_send: 17864
tot_msg_rcv: 197
tot_msg_sent: 460
tot_reconf_duration: 5.1
tot_sleeping_duration: 1216962.389
tot_uptimes: 317
tot_uptimes_duration: 18960.00000000003
