comms_cons: 127.46604798927109
finished_reconf: true
global_termination_time: 1231657.953
local_termination_time: 202670.20156000025
node_cons: 25313.13489006994
tot_aggregated_send: 16298
tot_msg_rcv: 1095
tot_msg_sent: 1981
tot_reconf_duration: 4.390000000000001
tot_sleeping_duration: 1212757.8982800075
tot_uptimes: 316
tot_uptimes_duration: 18900.054719992448
