comms_cons: 124.73505279108647
finished_reconf: true
global_termination_time: 1233498.068
local_termination_time: 83719.9055999994
node_cons: 25311.290746710212
tot_aggregated_send: 16704
tot_msg_rcv: 681
tot_msg_sent: 1574
tot_reconf_duration: 3.05
tot_sleeping_duration: 1214598.0315200072
tot_uptimes: 316
tot_uptimes_duration: 18900.036479992676
