comms_cons: 61.706944000986056
finished_reconf: true
global_termination_time: 617839.492
local_termination_time: 273043.50636000006
node_cons: 12728.109964485724
tot_aggregated_send: 8352
tot_msg_rcv: 379
tot_msg_sent: 648
tot_reconf_duration: 25.299999999999997
tot_sleeping_duration: 608359.4676799957
tot_uptimes: 159
tot_uptimes_duration: 9480.024320004275
