comms_cons: 60.870758400370335
finished_reconf: true
global_termination_time: 620047.327
local_termination_time: 364201.77999999997
node_cons: 12724.361658965317
tot_aggregated_send: 8292
tot_msg_rcv: 270
tot_msg_sent: 690
tot_reconf_duration: 18.700000000000003
tot_sleeping_duration: 610563.408359996
tot_uptimes: 159
tot_uptimes_duration: 9483.918640004005
