comms_cons: 63.71979520006834
finished_reconf: true
global_termination_time: 619493.624
local_termination_time: 67095.60947999996
node_cons: 12700.284544485738
tot_aggregated_send: 8120
tot_msg_rcv: 572
tot_msg_sent: 993
tot_reconf_duration: 4.8100000000000005
tot_sleeping_duration: 610013.5996799957
tot_uptimes: 159
tot_uptimes_duration: 9480.024320004275
