comms_cons: 62.81820160147324
finished_reconf: true
global_termination_time: 619181.2
local_termination_time: 374350.20236000005
node_cons: 12701.102081121438
tot_aggregated_send: 8236
tot_msg_rcv: 502
tot_msg_sent: 810
tot_reconf_duration: 5.43
tot_sleeping_duration: 609701.193919999
tot_uptimes: 159
tot_uptimes_duration: 9480.006080001069
