comms_cons: 42.41672960034225
finished_reconf: true
global_termination_time: 427002.757
local_termination_time: 195457.48992000078
node_cons: 8802.659536881061
tot_aggregated_send: 6090
tot_msg_rcv: 141
tot_msg_sent: 217
tot_reconf_duration: 25.299999999999997
tot_sleeping_duration: 420454.3610799992
tot_uptimes: 110
tot_uptimes_duration: 6548.395920000767
