comms_cons: 67.15320320797419
finished_reconf: true
global_termination_time: 343731.093
local_termination_time: 90960.75459999996
node_cons: 7075.889761121439
tot_aggregated_send: 0
tot_msg_rcv: 5153
tot_msg_sent: 5054
tot_reconf_duration: 4.390000000000001
tot_sleeping_duration: 338451.0869199989
tot_uptimes: 89
tot_uptimes_duration: 5280.006080001069
