comms_cons: 34.63686400061502
finished_reconf: true
global_termination_time: 343026.892
local_termination_time: 122987.04875999947
node_cons: 6993.738182242853
tot_aggregated_send: 4408
tot_msg_rcv: 214
tot_msg_sent: 643
tot_reconf_duration: 3.05
tot_sleeping_duration: 337806.87983999786
tot_uptimes: 88
tot_uptimes_duration: 5220.0121600021375
