comms_cons: 311.435411168668
finished_reconf: true
global_termination_time: 640881.6857999983
local_termination_time: 640881.6446799984
node_cons: 39183.00162855483
tot_aggregated_send: 0
tot_msg_rcv: 19098
tot_msg_sent: 28237
tot_reconf_duration: 24.59
tot_sleeping_duration: 611643.740760002
tot_uptimes: 478
tot_uptimes_duration: 29237.94503999628
