comms_cons: 125.64103678688109
finished_reconf: true
global_termination_time: 640882.2857999984
local_termination_time: 3251.58136
node_cons: 13270.311067198005
tot_aggregated_send: 0
tot_msg_rcv: 9559
tot_msg_sent: 9536
tot_reconf_duration: 18.21
tot_sleeping_duration: 630990.141
tot_uptimes: 165
tot_uptimes_duration: 9892.144799998496
