comms_cons: 96.81480959876748
finished_reconf: true
global_termination_time: 956353.844
local_termination_time: 206218.36736000006
node_cons: 19623.856848962274
tot_aggregated_send: 12702
tot_msg_rcv: 682
tot_msg_sent: 1332
tot_reconf_duration: 15.34
tot_sleeping_duration: 941713.7953599984
tot_uptimes: 245
tot_uptimes_duration: 14640.048640001682
