comms_cons: 143.26412157082933
finished_reconf: true
global_termination_time: 953882.835
local_termination_time: 186088.87136000005
node_cons: 19609.92650560259
tot_aggregated_send: 0
tot_msg_rcv: 11094
tot_msg_sent: 10683
tot_reconf_duration: 5.1
tot_sleeping_duration: 939242.804599998
tot_uptimes: 245
tot_uptimes_duration: 14640.03040000191
