comms_cons: 96.82138879259945
finished_reconf: true
global_termination_time: 954487.264
local_termination_time: 227236.02136000007
node_cons: 19615.38022671024
tot_aggregated_send: 12528
tot_msg_rcv: 679
tot_msg_sent: 1510
tot_reconf_duration: 9.11
tot_sleeping_duration: 939847.2275200073
tot_uptimes: 245
tot_uptimes_duration: 14640.036479992676
