comms_cons: 95.41772799759397
finished_reconf: true
global_termination_time: 955361.878
local_termination_time: 574262.5503599999
node_cons: 19608.92976112148
tot_aggregated_send: 13166
tot_msg_rcv: 469
tot_msg_sent: 868
tot_reconf_duration: 4.390000000000001
tot_sleeping_duration: 940721.8719199989
tot_uptimes: 245
tot_uptimes_duration: 14640.006080001069
