comms_cons: 95.93256959632139
finished_reconf: true
global_termination_time: 952888.7442400001
local_termination_time: 80215.38135999996
node_cons: 19638.34955384129
tot_aggregated_send: 12934
tot_msg_rcv: 533
tot_msg_sent: 1114
tot_reconf_duration: 3.05
tot_sleeping_duration: 938225.4076799992
tot_uptimes: 245
tot_uptimes_duration: 14663.336560000957
