comms_cons: 94.97137919785797
finished_reconf: true
global_termination_time: 955343.554
local_termination_time: 261226.26836000005
node_cons: 19618.367826719412
tot_aggregated_send: 11832
tot_msg_rcv: 956
tot_msg_sent: 1648
tot_reconf_duration: 11.31
tot_sleeping_duration: 940703.5175200005
tot_uptimes: 245
tot_uptimes_duration: 14640.036479999544
