comms_cons: 42.375654400491385
finished_reconf: true
global_termination_time: 420675.855
local_termination_time: 216393.46072000012
node_cons: 8630.745541121465
tot_aggregated_send: 5568
tot_msg_rcv: 284
tot_msg_sent: 589
tot_reconf_duration: 25.299999999999997
tot_sleeping_duration: 414255.8489199989
tot_uptimes: 108
tot_uptimes_duration: 6420.006080001069
