comms_cons: 41.22327040032749
finished_reconf: true
global_termination_time: 417378.018
local_termination_time: 267662.9982000006
node_cons: 8532.200199999963
tot_aggregated_send: 5916
tot_msg_rcv: 128
tot_msg_sent: 221
tot_reconf_duration: 11.899999999999999
tot_sleeping_duration: 411018.018
tot_uptimes: 107
tot_uptimes_duration: 6360.0
