comms_cons: 135.11891199307647
finished_reconf: true
global_termination_time: 1349359.1074799998
local_termination_time: 1349359.0663599998
node_cons: 27786.4937843132
tot_aggregated_send: 18824
tot_msg_rcv: 536
tot_msg_sent: 1178
tot_reconf_duration: 37.410000000000004
tot_sleeping_duration: 1328645.3726000048
tot_uptimes: 346
tot_uptimes_duration: 20713.73487999488
