comms_cons: 135.96735359132134
finished_reconf: true
global_termination_time: 1350411.502
local_termination_time: 129003.41735999996
node_cons: 27721.507028957676
tot_aggregated_send: 18154
tot_msg_rcv: 820
tot_msg_sent: 1692
tot_reconf_duration: 3.05
tot_sleeping_duration: 1329711.4533600018
tot_uptimes: 346
tot_uptimes_duration: 20700.048639998247
