comms_cons: 283.01384319111145
finished_reconf: true
global_termination_time: 2808703.7081199912
local_termination_time: 7963.955000000001
node_cons: 57872.02116909774
tot_aggregated_send: 38568
tot_msg_rcv: 1424
tot_msg_sent: 3023
tot_reconf_duration: 22.65
tot_sleeping_duration: 2765506.3500400074
tot_uptimes: 720
tot_uptimes_duration: 43197.358079984144
