comms_cons: 47.76075520275386
finished_reconf: true
global_termination_time: 227056.2139200004
local_termination_time: 873.6000399999995
node_cons: 4720.508557123379
tot_aggregated_send: 0
tot_msg_rcv: 3881
tot_msg_sent: 3376
tot_reconf_duration: 18.21
tot_sleeping_duration: 223549.28383999786
tot_uptimes: 59
tot_uptimes_duration: 3506.930080002522
