comms_cons: 24.30356480031271
finished_reconf: true
global_termination_time: 231379.338
local_termination_time: 14396.337240000004
node_cons: 4746.591979999987
tot_aggregated_send: 3016
tot_msg_rcv: 276
tot_msg_sent: 402
tot_reconf_duration: 4.8100000000000005
tot_sleeping_duration: 227839.33800000002
tot_uptimes: 60
tot_uptimes_duration: 3539.9999999999854
