comms_cons: 24.48120320012454
finished_reconf: true
global_termination_time: 227101.343
local_termination_time: 22368.136680000007
node_cons: 4663.870041121439
tot_aggregated_send: 2726
tot_msg_rcv: 358
tot_msg_sent: 637
tot_reconf_duration: 3.05
tot_sleeping_duration: 223621.33691999892
tot_uptimes: 59
tot_uptimes_duration: 3480.0060800010688
