comms_cons: 23.736780799919273
finished_reconf: true
global_termination_time: 229017.08
local_termination_time: 71595.29243999987
node_cons: 4670.347701119164
tot_aggregated_send: 2900
tot_msg_rcv: 249
tot_msg_sent: 458
tot_reconf_duration: 7.819999999999999
tot_sleeping_duration: 225537.0739200006
tot_uptimes: 59
tot_uptimes_duration: 3480.006079999366
