comms_cons: 685.5051521374503
finished_reconf: true
global_termination_time: 6965945.36
local_termination_time: 4761483.82248
node_cons: 143263.4041044637
tot_aggregated_send: 96570
tot_msg_rcv: 2510
tot_msg_sent: 5113
tot_reconf_duration: 12.629999999999999
tot_sleeping_duration: 6858965.335680009
tot_uptimes: 1784
tot_uptimes_duration: 106980.02431999147
