comms_cons: 697.9730817512634
finished_reconf: true
global_termination_time: 6963140.552
local_termination_time: 1243336.08836
node_cons: 143261.61968558075
tot_aggregated_send: 96860
tot_msg_rcv: 3310
tot_msg_sent: 5918
tot_reconf_duration: 11.31
tot_sleeping_duration: 6856160.521600011
tot_uptimes: 1784
tot_uptimes_duration: 106980.0303999891
