comms_cons: 696.4794433621823
finished_reconf: true
global_termination_time: 6961304.902
local_termination_time: 1475265.9793599998
node_cons: 143173.30278669772
tot_aggregated_send: 96744
tot_msg_rcv: 3135
tot_msg_sent: 5980
tot_reconf_duration: 5.43
tot_sleeping_duration: 6854384.8655200135
tot_uptimes: 1783
tot_uptimes_duration: 106920.03647998697
