comms_cons: 106.33960959789849
finished_reconf: true
global_termination_time: 1057752.994
local_termination_time: 152894.79136000006
node_cons: 21698.348262238294
tot_aggregated_send: 14906
tot_msg_rcv: 503
tot_msg_sent: 754
tot_reconf_duration: 4.8100000000000005
tot_sleeping_duration: 1041552.9818400013
tot_uptimes: 271
tot_uptimes_duration: 16200.012159998703
