comms_cons: 210.1593855948439
finished_reconf: true
global_termination_time: 2133418.743
local_termination_time: 1309825.26236
node_cons: 43880.99897999965
tot_aggregated_send: 30914
tot_msg_rcv: 345
tot_msg_sent: 684
tot_reconf_duration: 11.31
tot_sleeping_duration: 2100658.743
tot_uptimes: 547
tot_uptimes_duration: 32760.0
