comms_cons: 425.2435968594745
finished_reconf: true
global_termination_time: 495269.6116000001
local_termination_time: 495269.5704800001
node_cons: 48887.813851719
tot_aggregated_send: 0
tot_msg_rcv: 29374
tot_msg_sent: 35256
tot_reconf_duration: 37.410000000000004
tot_sleeping_duration: 458796.86247997056
tot_uptimes: 588
tot_uptimes_duration: 36472.74912002952
