comms_cons: 51.77172480173511
finished_reconf: true
global_termination_time: 496841.267
local_termination_time: 190635.61036000008
node_cons: 10221.089283364321
tot_aggregated_send: 6554
tot_msg_rcv: 509
tot_msg_sent: 806
tot_reconf_duration: 13.17
tot_sleeping_duration: 489221.2487599968
tot_uptimes: 128
tot_uptimes_duration: 7620.018240003206
