comms_cons: 51.377600001017875
finished_reconf: true
global_termination_time: 498837.013
local_termination_time: 351635.3732000001
node_cons: 10228.59902336424
tot_aggregated_send: 6612
tot_msg_rcv: 454
tot_msg_sent: 744
tot_reconf_duration: 18.700000000000003
tot_sleeping_duration: 491216.99475999677
tot_uptimes: 128
tot_uptimes_duration: 7620.018240003206
