comms_cons: 49.00313600027739
finished_reconf: true
global_termination_time: 497977.854
local_termination_time: 475061.07236
node_cons: 10219.340199999966
tot_aggregated_send: 7018
tot_msg_rcv: 132
tot_msg_sent: 299
tot_reconf_duration: 11.899999999999999
tot_sleeping_duration: 490357.854
tot_uptimes: 128
tot_uptimes_duration: 7620.0
