comms_cons: 26.099686400268546
finished_reconf: true
global_termination_time: 253947.48436000018
local_termination_time: 27655.879480000003
node_cons: 5246.692929040232
tot_aggregated_send: 3480
tot_msg_rcv: 194
tot_msg_sent: 293
tot_reconf_duration: 3.05
tot_sleeping_duration: 250032.211
tot_uptimes: 66
tot_uptimes_duration: 3915.2733600001666
