comms_cons: 109.82721279229676
finished_reconf: true
global_termination_time: 1088932.358
local_termination_time: 270114.90076000086
node_cons: 22345.163983355138
tot_aggregated_send: 14674
tot_msg_rcv: 598
tot_msg_sent: 1422
tot_reconf_duration: 7.819999999999999
tot_sleeping_duration: 1072252.3397600036
tot_uptimes: 279
tot_uptimes_duration: 16680.018239996338
