comms_cons: 88.78035199778996
finished_reconf: true
global_termination_time: 850868.096
local_termination_time: 342982.08036
node_cons: 17440.762787844007
tot_aggregated_send: 11020
tot_msg_rcv: 902
tot_msg_sent: 1573
tot_reconf_duration: 5.1
tot_sleeping_duration: 837848.053439997
tot_uptimes: 218
tot_uptimes_duration: 13020.042560003
