comms_cons: 39.11992320020591
finished_reconf: true
global_termination_time: 398403.514
local_termination_time: 103544.62935999996
node_cons: 8212.564860000008
tot_aggregated_send: 5510
tot_msg_rcv: 155
tot_msg_sent: 281
tot_reconf_duration: 13.17
tot_sleeping_duration: 392283.514
tot_uptimes: 103
tot_uptimes_duration: 6120.0
