comms_cons: 41.58837760044056
finished_reconf: true
global_termination_time: 398790.034
local_termination_time: 40467.44340000008
node_cons: 8198.854464482318
tot_aggregated_send: 5162
tot_msg_rcv: 402
tot_msg_sent: 757
tot_reconf_duration: 3.05
tot_sleeping_duration: 392670.0096799983
tot_uptimes: 103
tot_uptimes_duration: 6120.024320001721
