comms_cons: 40.26521600012072
finished_reconf: true
global_termination_time: 397809.618
local_termination_time: 123236.96435999998
node_cons: 8129.715262242888
tot_aggregated_send: 5278
tot_msg_rcv: 268
tot_msg_sent: 574
tot_reconf_duration: 11.31
tot_sleeping_duration: 391749.6058399979
tot_uptimes: 102
tot_uptimes_duration: 6060.0121600021375
