comms_cons: 39.843635200184316
finished_reconf: true
global_termination_time: 398724.532
local_termination_time: 321151.90336000005
node_cons: 8202.06208112143
tot_aggregated_send: 5510
tot_msg_rcv: 197
tot_msg_sent: 349
tot_reconf_duration: 5.43
tot_sleeping_duration: 392604.52591999894
tot_uptimes: 103
tot_uptimes_duration: 6120.006080001069
