comms_cons: 0.8552959999995424
finished_reconf: true
global_termination_time: 6329.856
local_termination_time: 850.1923599999998
node_cons: 88.78890239999751
tot_aggregated_send: 0
tot_msg_rcv: 75
tot_msg_sent: 55
tot_reconf_duration: 6.22
tot_sleeping_duration: 6269.854400000002
tot_uptimes: 2
tot_uptimes_duration: 60.001599999998234
