comms_cons: 362.061951907726
finished_reconf: true
global_termination_time: 746979.0085999998
local_termination_time: 746978.9674799999
node_cons: 45517.135718997
tot_aggregated_send: 0
tot_msg_rcv: 22211
tot_msg_sent: 32820
tot_reconf_duration: 24.59
tot_sleeping_duration: 713010.5676000017
tot_uptimes: 560
tot_uptimes_duration: 33968.440999998114
