comms_cons: 149.41353596191144
finished_reconf: true
global_termination_time: 751311.07
local_termination_time: 2485.763040000001
node_cons: 15431.820121121453
tot_aggregated_send: 0
tot_msg_rcv: 11569
tot_msg_sent: 11140
tot_reconf_duration: 4.8100000000000005
tot_sleeping_duration: 739791.0639199989
tot_uptimes: 193
tot_uptimes_duration: 11520.006080001069
