comms_cons: 75.37852159963016
finished_reconf: true
global_termination_time: 748989.472
local_termination_time: 124357.70959999996
node_cons: 15355.575842242893
tot_aggregated_send: 10092
tot_msg_rcv: 408
tot_msg_sent: 957
tot_reconf_duration: 7.819999999999999
tot_sleeping_duration: 737529.4598399978
tot_uptimes: 192
tot_uptimes_duration: 11460.012160002138
