comms_cons: 1.5132159999971122
finished_reconf: true
global_termination_time: 11336.803
local_termination_time: 6488.039360000001
node_cons: 169.2082400000009
tot_aggregated_send: 0
tot_msg_rcv: 119
tot_msg_sent: 111
tot_reconf_duration: 6.279999999999999
tot_sleeping_duration: 11216.803
tot_uptimes: 3
tot_uptimes_duration: 120.0
