comms_cons: 1.4737407999972245
finished_reconf: true
global_termination_time: 10706.024
local_termination_time: 4076.0953600000007
node_cons: 175.55010000000038
tot_aggregated_send: 0
tot_msg_rcv: 117
tot_msg_sent: 106
tot_reconf_duration: 10.95
tot_sleeping_duration: 10586.024
tot_uptimes: 3
tot_uptimes_duration: 120.0
