comms_cons: 1.486899199997181
finished_reconf: true
global_termination_time: 12028.201
local_termination_time: 5491.759360000001
node_cons: 257.18020000000075
tot_aggregated_send: 0
tot_msg_rcv: 119
tot_msg_sent: 107
tot_reconf_duration: 11.899999999999999
tot_sleeping_duration: 11848.201
tot_uptimes: 4
tot_uptimes_duration: 180.0
