comms_cons: 82.06478079745044
finished_reconf: true
global_termination_time: 864130.475
local_termination_time: 6272.637
node_cons: 17771.76462223369
tot_aggregated_send: 11935
tot_msg_rcv: 174
tot_msg_sent: 364
tot_reconf_duration: 12.23
tot_sleeping_duration: 850870.4628400047
tot_uptimes: 222
tot_uptimes_duration: 13260.01215999527
