comms_cons: 125.23476481639116
finished_reconf: true
global_termination_time: 426827.85560000065
local_termination_time: 1654.5884800000024
node_cons: 17508.70727540088
tot_aggregated_send: 0
tot_msg_rcv: 6412
tot_msg_sent: 12621
tot_reconf_duration: 5.57
tot_sleeping_duration: 413757.547
tot_uptimes: 218
tot_uptimes_duration: 13070.308600000637
