comms_cons: 68.37104640092039
finished_reconf: true
global_termination_time: 697409.591
local_termination_time: 282427.2552800004
node_cons: 14304.670041121515
tot_aggregated_send: 9512
tot_msg_rcv: 325
tot_msg_sent: 555
tot_reconf_duration: 3.05
tot_sleeping_duration: 686729.5849199989
tot_uptimes: 179
tot_uptimes_duration: 10680.006080001069
