comms_cons: 137.2861247746123
finished_reconf: true
global_termination_time: 695873.506999999
local_termination_time: 641.1523599999999
node_cons: 14364.58912199881
tot_aggregated_send: 0
tot_msg_rcv: 10522
tot_msg_sent: 10342
tot_reconf_duration: 11.31
tot_sleeping_duration: 685157.129
tot_uptimes: 179
tot_uptimes_duration: 10716.377999999095
