comms_cons: 355.8689277806495
finished_reconf: true
global_termination_time: 1225363.816
local_termination_time: 167306.17848000006
node_cons: 49861.07328299931
tot_aggregated_send: 0
tot_msg_rcv: 18137
tot_msg_sent: 35953
tot_reconf_duration: 18.21
tot_sleeping_duration: 1188144.7390000003
tot_uptimes: 615
tot_uptimes_duration: 37219.07699999999
