comms_cons: 125.38569599179573
finished_reconf: true
global_termination_time: 1227947.479
local_termination_time: 162289.39756000024
node_cons: 25233.3082622383
tot_aggregated_send: 16530
tot_msg_rcv: 845
tot_msg_sent: 1682
tot_reconf_duration: 4.8100000000000005
tot_sleeping_duration: 1209107.4668400015
tot_uptimes: 315
tot_uptimes_duration: 18840.012159998703
