comms_cons: 124.21314559816629
finished_reconf: true
global_termination_time: 1249742.531
local_termination_time: 105041.92359999995
node_cons: 25726.684860000038
tot_aggregated_send: 17980
tot_msg_rcv: 331
tot_msg_sent: 568
tot_reconf_duration: 13.17
tot_sleeping_duration: 1230542.531
tot_uptimes: 321
tot_uptimes_duration: 19200.0
