comms_cons: 55.843097600880405
finished_reconf: true
global_termination_time: 561608.941
local_termination_time: 160848.69860000006
node_cons: 11519.39498224287
tot_aggregated_send: 7482
tot_msg_rcv: 366
tot_msg_sent: 639
tot_reconf_duration: 22.65
tot_sleeping_duration: 553028.9288399979
tot_uptimes: 144
tot_uptimes_duration: 8580.012160002138
