comms_cons: 55.370547200346124
finished_reconf: true
global_termination_time: 559806.217
local_termination_time: 215936.748
node_cons: 11506.691794004275
tot_aggregated_send: 8004
tot_msg_rcv: 128
tot_msg_sent: 284
tot_reconf_duration: 11.31
tot_sleeping_duration: 551224.1909999967
tot_uptimes: 144
tot_uptimes_duration: 8582.026000003185
