comms_cons: 225.59074563149812
finished_reconf: true
global_termination_time: 466701.9838000008
local_termination_time: 1958.2214800000024
node_cons: 28242.5207071224
tot_aggregated_send: 0
tot_msg_rcv: 13933
tot_msg_sent: 20354
tot_reconf_duration: 18.21
tot_sleeping_duration: 445628.203719999
tot_uptimes: 346
tot_uptimes_duration: 21073.780080001758
