comms_cons: 46.72547840064753
finished_reconf: true
global_termination_time: 467632.948
local_termination_time: 212480.67336000007
node_cons: 9566.429761121462
tot_aggregated_send: 6496
tot_msg_rcv: 203
tot_msg_sent: 403
tot_reconf_duration: 4.390000000000001
tot_sleeping_duration: 460492.9419199989
tot_uptimes: 120
tot_uptimes_duration: 7140.006080001069
