comms_cons: 408.0921725195377
finished_reconf: true
global_termination_time: 1395386.4105199992
local_termination_time: 1395386.3693999993
node_cons: 57148.04379327811
tot_aggregated_send: 0
tot_msg_rcv: 20824
tot_msg_sent: 41201
tot_reconf_duration: 37.410000000000004
tot_sleeping_duration: 1352744.7069999997
tot_uptimes: 708
tot_uptimes_duration: 42641.703519999326
