comms_cons: 139.22245119689944
finished_reconf: true
global_termination_time: 1401131.433
local_termination_time: 162914.1905600007
node_cons: 28778.87154000005
tot_aggregated_send: 19952
tot_msg_rcv: 408
tot_msg_sent: 801
tot_reconf_duration: 12.629999999999999
tot_sleeping_duration: 1379651.433
tot_uptimes: 359
tot_uptimes_duration: 21480.0
