comms_cons: 139.68957439373398
finished_reconf: true
global_termination_time: 1401421.17
local_termination_time: 82917.88659999995
node_cons: 28782.55172000006
tot_aggregated_send: 19894
tot_msg_rcv: 482
tot_msg_sent: 856
tot_reconf_duration: 15.34
tot_sleeping_duration: 1379941.17
tot_uptimes: 359
tot_uptimes_duration: 21480.0
