comms_cons: 263.68901117740126
finished_reconf: true
global_termination_time: 2677669.562
local_termination_time: 478755.3143600001
node_cons: 55063.731970050605
tot_aggregated_send: 35670
tot_msg_rcv: 1338
tot_msg_sent: 3072
tot_reconf_duration: 22.65
tot_sleeping_duration: 2636569.5072800214
tot_uptimes: 686
tot_uptimes_duration: 41100.05471997871
