comms_cons: 262.4245503830702
finished_reconf: true
global_termination_time: 2673490.07
local_termination_time: 643448.69736
node_cons: 54959.14082670015
tot_aggregated_send: 36076
tot_msg_rcv: 1364
tot_msg_sent: 2447
tot_reconf_duration: 4.8100000000000005
tot_sleeping_duration: 2632450.033520014
tot_uptimes: 685
tot_uptimes_duration: 41040.03647998581
