comms_cons: 259.10988798397335
finished_reconf: true
global_termination_time: 2672671.302
local_termination_time: 935457.7809199995
node_cons: 54963.2121244665
tot_aggregated_send: 36192
tot_msg_rcv: 1205
tot_msg_sent: 1989
tot_reconf_duration: 7.819999999999999
tot_sleeping_duration: 2631631.2776800096
tot_uptimes: 685
tot_uptimes_duration: 41040.02431999054
