comms_cons: 261.8840831957079
finished_reconf: true
global_termination_time: 2674074.987
local_termination_time: 624025.4313599998
node_cons: 54959.93393999884
tot_aggregated_send: 38512
tot_msg_rcv: 351
tot_msg_sent: 941
tot_reconf_duration: 5.43
tot_sleeping_duration: 2633034.9870000007
tot_uptimes: 685
tot_uptimes_duration: 41039.99999999988
