comms_cons: 18.23096320000836
finished_reconf: true
global_termination_time: 178648.877
local_termination_time: 99373.10135999997
node_cons: 3623.7630422383063
tot_aggregated_send: 2204
tot_msg_rcv: 165
tot_msg_sent: 402
tot_reconf_duration: 6.22
tot_sleeping_duration: 175948.86484000128
tot_uptimes: 46
tot_uptimes_duration: 2700.0121599987324
