comms_cons: 316.95713280893125
finished_reconf: true
global_termination_time: 3177274.625
local_termination_time: 1851100.4456399982
node_cons: 65323.99220111555
tot_aggregated_send: 43500
tot_msg_rcv: 1564
tot_msg_sent: 3110
tot_reconf_duration: 5.57
tot_sleeping_duration: 3128494.618920002
tot_uptimes: 814
tot_uptimes_duration: 48780.006079997635
