comms_cons: 311.18835839171714
finished_reconf: true
global_termination_time: 3177808.586
local_termination_time: 1896176.9155599996
node_cons: 65320.61892223271
tot_aggregated_send: 44022
tot_msg_rcv: 1125
tot_msg_sent: 2151
tot_reconf_duration: 3.08
tot_sleeping_duration: 3129028.573840005
tot_uptimes: 814
tot_uptimes_duration: 48780.0121599955
