comms_cons: 315.03802881387156
finished_reconf: true
global_termination_time: 3176264.758
local_termination_time: 1540649.4723599998
node_cons: 65324.92374782182
tot_aggregated_send: 43964
tot_msg_rcv: 1188
tot_msg_sent: 2731
tot_reconf_duration: 6.22
tot_sleeping_duration: 3127484.7154400125
tot_uptimes: 814
tot_uptimes_duration: 48780.04255998746
