comms_cons: 87.31914239665414
finished_reconf: true
global_termination_time: 873049.14
local_termination_time: 127493.931
node_cons: 17927.50904607895
tot_aggregated_send: 12118
tot_msg_rcv: 339
tot_msg_sent: 815
tot_reconf_duration: 7.819999999999999
tot_sleeping_duration: 859668.3412800007
tot_uptimes: 224
tot_uptimes_duration: 13380.798719999191
