comms_cons: 86.29431679778023
finished_reconf: true
global_termination_time: 873131.909
local_termination_time: 131471.68104000075
node_cons: 17931.178980000022
tot_aggregated_send: 12470
tot_msg_rcv: 189
tot_msg_sent: 457
tot_reconf_duration: 11.31
tot_sleeping_duration: 859751.909
tot_uptimes: 224
tot_uptimes_duration: 13380.0
