comms_cons: 166.62481919311355
finished_reconf: true
global_termination_time: 1698047.515
local_termination_time: 1034037.328119998
node_cons: 34880.10675591567
tot_aggregated_send: 23432
tot_msg_rcv: 573
tot_msg_sent: 1321
tot_reconf_duration: 7.819999999999999
tot_sleeping_duration: 1672006.075720003
tot_uptimes: 435
tot_uptimes_duration: 26041.43927999673
