comms_cons: 184.24391678635732
finished_reconf: true
global_termination_time: 1824056.50048
local_termination_time: 1824056.45936
node_cons: 37570.58864766123
tot_aggregated_send: 25332
tot_msg_rcv: 915
tot_msg_sent: 1756
tot_reconf_duration: 24.59
tot_sleeping_duration: 1796022.747360014
tot_uptimes: 468
tot_uptimes_duration: 28033.753119986082
