comms_cons: 185.19412478202383
finished_reconf: true
global_termination_time: 1824057.29224
local_termination_time: 26840.025560000005
node_cons: 37574.76497494416
tot_aggregated_send: 25056
tot_msg_rcv: 1083
tot_msg_sent: 2008
tot_reconf_duration: 18.21
tot_sleeping_duration: 1796013.9496000118
tot_uptimes: 468
tot_uptimes_duration: 28043.34263998829
