comms_cons: 183.4068095872974
finished_reconf: true
global_termination_time: 1826084.574
local_termination_time: 947653.1753599999
node_cons: 37526.376624471704
tot_aggregated_send: 25520
tot_msg_rcv: 789
tot_msg_sent: 1567
tot_reconf_duration: 5.57
tot_sleeping_duration: 1798064.549680006
tot_uptimes: 468
tot_uptimes_duration: 28020.024319993972
