comms_cons: 184.89428478398446
finished_reconf: true
global_termination_time: 1826958.665
local_termination_time: 295871.68188000086
node_cons: 37525.73836447174
tot_aggregated_send: 25230
tot_msg_rcv: 1013
tot_msg_sent: 1860
tot_reconf_duration: 5.1
tot_sleeping_duration: 1798938.640680006
tot_uptimes: 468
tot_uptimes_duration: 28020.024319993972
