comms_cons: 182.29023998551133
finished_reconf: true
global_termination_time: 1824363.439
local_termination_time: 396570.46636
node_cons: 37524.74976111662
tot_aggregated_send: 25346
tot_msg_rcv: 791
tot_msg_sent: 1570
tot_reconf_duration: 4.390000000000001
tot_sleeping_duration: 1796343.4329200024
tot_uptimes: 468
tot_uptimes_duration: 28020.006079997635
