comms_cons: 770.8610682180739
finished_reconf: true
global_termination_time: 1824697.001
local_termination_time: 1232269.5545999997
node_cons: 110259.02897423129
tot_aggregated_send: 0
tot_msg_rcv: 47434
tot_msg_sent: 69734
tot_reconf_duration: 6.22
tot_sleeping_duration: 1742359.000840004
tot_uptimes: 1348
tot_uptimes_duration: 82338.00015999585
