comms_cons: 78.37143039919025
finished_reconf: true
global_termination_time: 796713.1851200003
local_termination_time: 315702.8635200008
node_cons: 16440.60631968034
tot_aggregated_send: 11426
tot_msg_rcv: 166
tot_msg_sent: 320
tot_reconf_duration: 7.819999999999999
tot_sleeping_duration: 784442.844
tot_uptimes: 205
tot_uptimes_duration: 12270.34112000023
