comms_cons: 325.8875136563939
finished_reconf: true
global_termination_time: 3220829.735
local_termination_time: 1216408.410999999
node_cons: 66208.67188893355
tot_aggregated_send: 44312
tot_msg_rcv: 1738
tot_msg_sent: 3483
tot_reconf_duration: 6.22
tot_sleeping_duration: 3171389.686360019
tot_uptimes: 825
tot_uptimes_duration: 49440.04863998131
