comms_cons: 1.526374399999142
finished_reconf: true
global_termination_time: 14673.362
local_termination_time: 6271.60536
node_cons: 248.58405999999962
tot_aggregated_send: 0
tot_msg_rcv: 119
tot_msg_sent: 113
tot_reconf_duration: 5.57
tot_sleeping_duration: 14493.362
tot_uptimes: 4
tot_uptimes_duration: 180.0
