comms_cons: 1.4934783999950663
finished_reconf: true
global_termination_time: 14280.076
local_termination_time: 6568.898359999999
node_cons: 258.90486000000135
tot_aggregated_send: 0
tot_msg_rcv: 121
tot_msg_sent: 106
tot_reconf_duration: 13.17
tot_sleeping_duration: 14100.075999999997
tot_uptimes: 4
tot_uptimes_duration: 180.0
