comms_cons: 1.493478399999287
finished_reconf: true
global_termination_time: 13585.94
local_termination_time: 5658.30136
node_cons: 257.18020000000075
tot_aggregated_send: 0
tot_msg_rcv: 120
tot_msg_sent: 107
tot_reconf_duration: 11.899999999999999
tot_sleeping_duration: 13405.94
tot_uptimes: 4
tot_uptimes_duration: 180.0
