comms_cons: 2.3691391999914626
finished_reconf: true
global_termination_time: 14354.224
local_termination_time: 4501.026360000001
node_cons: 275.37740000000025
tot_aggregated_send: 0
tot_msg_rcv: 209
tot_msg_sent: 150
tot_reconf_duration: 25.299999999999997
tot_sleeping_duration: 14174.224
tot_uptimes: 4
tot_uptimes_duration: 180.0
