comms_cons: 3.092223999995494
finished_reconf: true
global_termination_time: 12400.126
local_termination_time: 5728.35736
node_cons: 258.91300112000636
tot_aggregated_send: 0
tot_msg_rcv: 307
tot_msg_sent: 163
tot_reconf_duration: 13.17
tot_sleeping_duration: 12220.119919999996
tot_uptimes: 4
tot_uptimes_duration: 180.00608000000466
