comms_cons: 2.118502399995111
finished_reconf: true
global_termination_time: 12620.923
local_termination_time: 6079.122360000001
node_cons: 261.5393800000008
tot_aggregated_send: 0
tot_msg_rcv: 199
tot_msg_sent: 123
tot_reconf_duration: 15.110000000000001
tot_sleeping_duration: 12440.923
tot_uptimes: 4
tot_uptimes_duration: 180.0
