comms_cons: 2.5790463999914772
finished_reconf: true
global_termination_time: 13298.386
local_termination_time: 8100.468360000001
node_cons: 253.82189368000525
tot_aggregated_send: 0
tot_msg_rcv: 225
tot_msg_sent: 167
tot_reconf_duration: 9.42
tot_sleeping_duration: 13118.378879999997
tot_uptimes: 4
tot_uptimes_duration: 180.00712000000385
