comms_cons: 247.28271359546844
finished_reconf: true
global_termination_time: 2456632.58212
local_termination_time: 2456632.5409999997
node_cons: 50606.267991975146
tot_aggregated_send: 34509
tot_msg_rcv: 1126
tot_msg_sent: 1951
tot_reconf_duration: 42.86
tot_sleeping_duration: 2418881.974120018
tot_uptimes: 630
tot_uptimes_duration: 37750.607999982196
