comms_cons: 621.2254012006877
finished_reconf: true
global_termination_time: 1284944.5095199982
local_termination_time: 1284944.4683999983
node_cons: 77977.1716728188
tot_aggregated_send: 0
tot_msg_rcv: 38200
tot_msg_sent: 56222
tot_reconf_duration: 37.410000000000004
tot_sleeping_duration: 1226747.0719600127
tot_uptimes: 957
tot_uptimes_duration: 58197.437559985505
