comms_cons: 126.54495999565432
finished_reconf: true
global_termination_time: 1286366.446
local_termination_time: 706433.8913599999
node_cons: 26452.387521116856
tot_aggregated_send: 18444
tot_msg_rcv: 166
tot_msg_sent: 624
tot_reconf_duration: 15.110000000000001
tot_sleeping_duration: 1266626.4399200024
tot_uptimes: 330
tot_uptimes_duration: 19740.006079997635
