comms_cons: 127.35813119498725
finished_reconf: true
global_termination_time: 1287628.601
local_termination_time: 619477.3774799998
node_cons: 26449.019681116883
tot_aggregated_send: 18328
tot_msg_rcv: 286
tot_msg_sent: 744
tot_reconf_duration: 12.629999999999999
tot_sleeping_duration: 1267888.5949200024
tot_uptimes: 330
tot_uptimes_duration: 19740.006079997635
