comms_cons: 132.13116158927338
finished_reconf: true
global_termination_time: 1291506.483
local_termination_time: 55910.344840000114
node_cons: 26518.81339117296
tot_aggregated_send: 17226
tot_msg_rcv: 929
tot_msg_sent: 1926
tot_reconf_duration: 4.8100000000000005
tot_sleeping_duration: 1271706.4222000202
tot_uptimes: 331
tot_uptimes_duration: 19800.06079997978
