comms_cons: 131.52518398765312
finished_reconf: true
global_termination_time: 1288698.435
local_termination_time: 528111.081759999
node_cons: 26519.630927817776
tot_aggregated_send: 17342
tot_msg_rcv: 843
tot_msg_sent: 1806
tot_reconf_duration: 5.43
tot_sleeping_duration: 1268898.3924400166
tot_uptimes: 331
tot_uptimes_duration: 19800.04255998344
