comms_cons: 258.50105583164014
finished_reconf: true
global_termination_time: 1294534.594
local_termination_time: 1278.7034800000004
node_cons: 26617.35873230994
tot_aggregated_send: 0
tot_msg_rcv: 20088
tot_msg_sent: 19202
tot_reconf_duration: 18.21
tot_sleeping_duration: 1274674.5271200074
tot_uptimes: 332
tot_uptimes_duration: 19860.066879992457
