comms_cons: 127.55095039775088
finished_reconf: true
global_termination_time: 1294794.275
local_termination_time: 385099.9151200009
node_cons: 26599.465800000013
tot_aggregated_send: 18734
tot_msg_rcv: 193
tot_msg_sent: 460
tot_reconf_duration: 5.1
tot_sleeping_duration: 1274934.275
tot_uptimes: 332
tot_uptimes_duration: 19860.0
