comms_cons: 127.69631999557407
finished_reconf: true
global_termination_time: 1292221.017
local_termination_time: 352949.1133600001
node_cons: 26516.382640000065
tot_aggregated_send: 18502
tot_msg_rcv: 271
tot_msg_sent: 636
tot_reconf_duration: 3.08
tot_sleeping_duration: 1272421.017
tot_uptimes: 331
tot_uptimes_duration: 19800.0
