comms_cons: 1106.4015170831485
finished_reconf: true
global_termination_time: 11174415.834999997
local_termination_time: 3219990.2723199995
node_cons: 229900.67828780823
tot_aggregated_send: 155382
tot_msg_rcv: 4210
tot_msg_sent: 8573
tot_reconf_duration: 25.299999999999997
tot_sleeping_duration: 11002745.692440014
tot_uptimes: 2862
tot_uptimes_duration: 171670.14255998284
