comms_cons: 1099.7902082272296
finished_reconf: true
global_termination_time: 11178531.444
local_termination_time: 4452512.99936
node_cons: 229950.2641044599
tot_aggregated_send: 155150
tot_msg_rcv: 3961
tot_msg_sent: 8051
tot_reconf_duration: 12.629999999999999
tot_sleeping_duration: 11006811.419680009
tot_uptimes: 2863
tot_uptimes_duration: 171720.02431999147
