comms_cons: 41.07955200107234
finished_reconf: true
global_termination_time: 394682.265
local_termination_time: 55356.403360000004
node_cons: 8145.12312336059
tot_aggregated_send: 5104
tot_msg_rcv: 427
tot_msg_sent: 712
tot_reconf_duration: 22.65
tot_sleeping_duration: 388622.24675999954
tot_uptimes: 102
tot_uptimes_duration: 6060.01824000044
