comms_cons: 41.27132160044368
finished_reconf: true
global_termination_time: 407992.865
local_termination_time: 382853.45136
node_cons: 8363.806759999972
tot_aggregated_send: 5568
tot_msg_rcv: 246
tot_msg_sent: 459
tot_reconf_duration: 6.22
tot_sleeping_duration: 401752.865
tot_uptimes: 105
tot_uptimes_duration: 6240.0
