comms_cons: 112.99574399538504
finished_reconf: true
global_termination_time: 1129484.089
local_termination_time: 641914.3414799989
node_cons: 23252.62554111693
tot_aggregated_send: 15486
tot_msg_rcv: 661
tot_msg_sent: 1028
tot_reconf_duration: 25.299999999999997
tot_sleeping_duration: 1112144.0829200023
tot_uptimes: 290
tot_uptimes_duration: 17340.006079997635
