comms_cons: 117.29932158497527
finished_reconf: true
global_termination_time: 1125456.406
local_termination_time: 182250.80916000076
node_cons: 23148.661676782398
tot_aggregated_send: 14558
tot_msg_rcv: 1284
tot_msg_sent: 1986
tot_reconf_duration: 7.819999999999999
tot_sleeping_duration: 1108176.314800013
tot_uptimes: 289
tot_uptimes_duration: 17280.091199986855
