comms_cons: 110.34853119743592
finished_reconf: true
global_termination_time: 1125438.023
local_termination_time: 434724.88636000006
node_cons: 23145.318363355123
tot_aggregated_send: 15834
tot_msg_rcv: 265
tot_msg_sent: 673
tot_reconf_duration: 5.43
tot_sleeping_duration: 1108158.0047600036
tot_uptimes: 289
tot_uptimes_duration: 17280.018239996338
