comms_cons: 919.0344834603778
finished_reconf: true
global_termination_time: 9232805.665
local_termination_time: 2962520.806
node_cons: 189946.69181877316
tot_aggregated_send: 127477
tot_msg_rcv: 4193
tot_msg_sent: 8014
tot_reconf_duration: 13.17
tot_sleeping_duration: 9090961.895800013
tot_uptimes: 2365
tot_uptimes_duration: 141843.76919998508
