comms_cons: 909.4213441214116
finished_reconf: true
global_termination_time: 9233382.565
local_termination_time: 6335653.488
node_cons: 189943.7503827091
tot_aggregated_send: 132176
tot_msg_rcv: 2122
tot_msg_sent: 3928
tot_reconf_duration: 11.899999999999999
tot_sleeping_duration: 9091539.704520002
tot_uptimes: 2365
tot_uptimes_duration: 141842.86047999747
