comms_cons: 927.034752286059
finished_reconf: true
global_termination_time: 9232947.917
local_termination_time: 840471.3233599999
node_cons: 189929.81931339743
tot_aggregated_send: 128006
tot_msg_rcv: 4298
tot_msg_sent: 8597
tot_reconf_duration: 4.390000000000001
tot_sleeping_duration: 9091107.844040027
tot_uptimes: 2365
tot_uptimes_duration: 141840.07295997324
