comms_cons: 931.5702403058759
finished_reconf: true
global_termination_time: 9234753.226
local_termination_time: 1058415.4783599998
node_cons: 189934.45283004732
tot_aggregated_send: 128122
tot_msg_rcv: 4704
tot_msg_sent: 8765
tot_reconf_duration: 7.819999999999999
tot_sleeping_duration: 9092913.171280019
tot_uptimes: 2365
tot_uptimes_duration: 141840.05471998057
