comms_cons: 68.96345599690557
finished_reconf: true
global_termination_time: 655457.793
local_termination_time: 272863.6823600001
node_cons: 13437.65242559801
tot_aggregated_send: 8062
tot_msg_rcv: 803
tot_msg_sent: 1618
tot_reconf_duration: 15.34
tot_sleeping_duration: 645437.7626000014
tot_uptimes: 168
tot_uptimes_duration: 10020.030399998475
