comms_cons: 66.8246847977267
finished_reconf: true
global_termination_time: 654321.07
local_termination_time: 193991.49572000056
node_cons: 13432.155262242877
tot_aggregated_send: 8874
tot_msg_rcv: 476
tot_msg_sent: 806
tot_reconf_duration: 11.31
tot_sleeping_duration: 644301.0578399978
tot_uptimes: 168
tot_uptimes_duration: 10020.012160002138
