comms_cons: 106.0632831943046
finished_reconf: true
global_termination_time: 1047861.226
local_termination_time: 638461.0329599997
node_cons: 21547.280200000063
tot_aggregated_send: 14442
tot_msg_rcv: 587
tot_msg_sent: 1092
tot_reconf_duration: 11.899999999999999
tot_sleeping_duration: 1031781.226
tot_uptimes: 269
tot_uptimes_duration: 16080.0
