comms_cons: 115.01287679280432
finished_reconf: true
global_termination_time: 1111942.4442400003
local_termination_time: 106053.46847999997
node_cons: 22919.911189432834
tot_aggregated_send: 14790
tot_msg_rcv: 1065
tot_msg_sent: 1627
tot_reconf_duration: 18.21
tot_sleeping_duration: 1094843.7272800058
tot_uptimes: 285
tot_uptimes_duration: 17098.71695999462
