comms_cons: 117.6631615884636
finished_reconf: true
global_termination_time: 1116165.665
local_termination_time: 125571.01947999996
node_cons: 22905.517792317365
tot_aggregated_send: 14210
tot_msg_rcv: 1343
tot_msg_sent: 2332
tot_reconf_duration: 6.279999999999999
tot_sleeping_duration: 1099065.598120002
tot_uptimes: 286
tot_uptimes_duration: 17100.066879998012
