comms_cons: 111.66218239403237
finished_reconf: true
global_termination_time: 1114391.071
local_termination_time: 444659.0896800007
node_cons: 22903.874646710192
tot_aggregated_send: 14558
tot_msg_rcv: 726
tot_msg_sent: 1688
tot_reconf_duration: 5.1
tot_sleeping_duration: 1097291.0345200072
tot_uptimes: 286
tot_uptimes_duration: 17100.036479992676
