comms_cons: 114.87283199116511
finished_reconf: true
global_termination_time: 1113940.501
local_termination_time: 578378.9289599996
node_cons: 22911.81894670096
tot_aggregated_send: 14790
tot_msg_rcv: 998
tot_msg_sent: 1672
tot_reconf_duration: 10.95
tot_sleeping_duration: 1096840.4645200141
tot_uptimes: 286
tot_uptimes_duration: 17100.036479985807
