comms_cons: 116.31493119051208
finished_reconf: true
global_termination_time: 1113617.492
local_termination_time: 120391.39907999965
node_cons: 22907.62539455337
tot_aggregated_send: 14036
tot_msg_rcv: 1421
tot_msg_sent: 2223
tot_reconf_duration: 7.819999999999999
tot_sleeping_duration: 1096517.412960005
tot_uptimes: 286
tot_uptimes_duration: 17100.07903999502
