comms_cons: 227.81858559144987
finished_reconf: true
global_termination_time: 2316905.692
local_termination_time: 981472.212999998
node_cons: 47647.58161999942
tot_aggregated_send: 32306
tot_msg_rcv: 775
tot_msg_sent: 1547
tot_reconf_duration: 4.390000000000001
tot_sleeping_duration: 2281325.692
tot_uptimes: 594
tot_uptimes_duration: 35580.0
