comms_cons: 229.02853119354543
finished_reconf: true
global_termination_time: 2317398.521
local_termination_time: 697057.2206799994
node_cons: 47645.76189999947
tot_aggregated_send: 33350
tot_msg_rcv: 528
tot_msg_sent: 933
tot_reconf_duration: 3.05
tot_sleeping_duration: 2281818.521
tot_uptimes: 594
tot_uptimes_duration: 35580.0
