comms_cons: 86.39141121088258
finished_reconf: true
global_termination_time: 440710.847
local_termination_time: 2042.62136
node_cons: 9005.652201119163
tot_aggregated_send: 0
tot_msg_rcv: 6630
tot_msg_sent: 6501
tot_reconf_duration: 5.57
tot_sleeping_duration: 433990.8409200006
tot_uptimes: 113
tot_uptimes_duration: 6720.006079999366
