comms_cons: 44.23196160105771
finished_reconf: true
global_termination_time: 440248.55
local_termination_time: 262176.76392000075
node_cons: 9043.712101366744
tot_aggregated_send: 5800
tot_msg_rcv: 238
tot_msg_sent: 685
tot_reconf_duration: 25.299999999999997
tot_sleeping_duration: 433520.1297599949
tot_uptimes: 113
tot_uptimes_duration: 6728.420240005042
