comms_cons: 44.14643200074142
finished_reconf: true
global_termination_time: 439151.352
local_termination_time: 330854.6018400006
node_cons: 9018.919861121476
tot_aggregated_send: 6032
tot_msg_rcv: 227
tot_msg_sent: 451
tot_reconf_duration: 15.34
tot_sleeping_duration: 432431.34591999894
tot_uptimes: 113
tot_uptimes_duration: 6720.006080001069
