comms_cons: 46.43004160036753
finished_reconf: true
global_termination_time: 459436.414
local_termination_time: 119747.61435999996
node_cons: 9420.315662242874
tot_aggregated_send: 6148
tot_msg_rcv: 282
tot_msg_sent: 628
tot_reconf_duration: 15.110000000000001
tot_sleeping_duration: 452416.40183999785
tot_uptimes: 118
tot_uptimes_duration: 7020.0121600021375
