comms_cons: 45.65964800083849
finished_reconf: true
global_termination_time: 456080.169
local_termination_time: 99962.55191999982
node_cons: 9334.3345233643
tot_aggregated_send: 6148
tot_msg_rcv: 217
tot_msg_sent: 575
tot_reconf_duration: 10.95
tot_sleeping_duration: 449120.1507599968
tot_uptimes: 117
tot_uptimes_duration: 6960.018240003206
