comms_cons: 46.61363200076296
finished_reconf: true
global_termination_time: 460036.82
local_termination_time: 265921.41300000093
node_cons: 9403.938182242937
tot_aggregated_send: 6206
tot_msg_rcv: 299
tot_msg_sent: 580
tot_reconf_duration: 3.05
tot_sleeping_duration: 453016.80783999787
tot_uptimes: 118
tot_uptimes_duration: 7020.0121600021375
