comms_cons: 246.99598719601434
finished_reconf: true
global_termination_time: 2535566.481
local_termination_time: 860708.2206799985
node_cons: 52149.18823999925
tot_aggregated_send: 36366
tot_msg_rcv: 366
tot_msg_sent: 809
tot_reconf_duration: 6.279999999999999
tot_sleeping_duration: 2496626.481
tot_uptimes: 650
tot_uptimes_duration: 38940.0
