comms_cons: 251.27280639391057
finished_reconf: true
global_termination_time: 2534611.9970399993
local_termination_time: 2534611.955919999
node_cons: 52210.72478791768
tot_aggregated_send: 36700
tot_msg_rcv: 541
tot_msg_sent: 950
tot_reconf_duration: 24.59
tot_sleeping_duration: 2495644.6097600004
tot_uptimes: 650
tot_uptimes_duration: 38967.38727999909
