comms_cons: 243.78672638654731
finished_reconf: true
global_termination_time: 2535757.172
local_termination_time: 242639.60536000007
node_cons: 52146.69489005532
tot_aggregated_send: 34394
tot_msg_rcv: 848
tot_msg_sent: 1813
tot_reconf_duration: 4.390000000000001
tot_sleeping_duration: 2496817.1172800176
tot_uptimes: 650
tot_uptimes_duration: 38940.054719982145
