comms_cons: 245.46094719613535
finished_reconf: true
global_termination_time: 2537418.494
local_termination_time: 474631.68712000095
node_cons: 52148.0339399992
tot_aggregated_send: 36424
tot_msg_rcv: 249
tot_msg_sent: 635
tot_reconf_duration: 5.43
tot_sleeping_duration: 2498478.494
tot_uptimes: 650
tot_uptimes_duration: 38940.0
