comms_cons: 291.56840321399795
finished_reconf: true
global_termination_time: 2946425.083
local_termination_time: 1617408.1593599988
node_cons: 60601.0891799988
tot_aggregated_send: 42398
tot_msg_rcv: 600
tot_msg_sent: 1317
tot_reconf_duration: 18.21
tot_sleeping_duration: 2901185.083
tot_uptimes: 755
tot_uptimes_duration: 45240.0
