comms_cons: 295.45374720910314
finished_reconf: true
global_termination_time: 2946981.554
local_termination_time: 1155026.57448
node_cons: 60584.9126633497
tot_aggregated_send: 40658
tot_msg_rcv: 1409
tot_msg_sent: 2841
tot_reconf_duration: 6.279999999999999
tot_sleeping_duration: 2901741.535760007
tot_uptimes: 755
tot_uptimes_duration: 45240.01823999314
