comms_cons: 296.57059842421154
finished_reconf: true
global_termination_time: 2943089.7039199993
local_termination_time: 2943089.662799999
node_cons: 60564.7261849433
tot_aggregated_send: 40702
tot_msg_rcv: 1386
tot_msg_sent: 2988
tot_reconf_duration: 24.59
tot_sleeping_duration: 2897883.3312800103
tot_uptimes: 754
tot_uptimes_duration: 45206.37263998861
