comms_cons: 19.482265600568777
finished_reconf: true
global_termination_time: 68188.618
local_termination_time: 1398.3040400000016
node_cons: 2737.5216200000004
tot_aggregated_send: 0
tot_msg_rcv: 993
tot_msg_sent: 1968
tot_reconf_duration: 4.390000000000001
tot_sleeping_duration: 66148.618
tot_uptimes: 35
tot_uptimes_duration: 2040.0
