comms_cons: 6.237081600036632
finished_reconf: true
global_termination_time: 65549.693
local_termination_time: 31456.66124000001
node_cons: 1289.581900000004
tot_aggregated_send: 812
tot_msg_rcv: 22
tot_msg_sent: 114
tot_reconf_duration: 3.05
tot_sleeping_duration: 64589.693
tot_uptimes: 17
tot_uptimes_duration: 960.0
