comms_cons: 164.41310078079238
finished_reconf: true
global_termination_time: 1584068.5152400003
local_termination_time: 23494.4612
node_cons: 32614.052236122072
tot_aggregated_send: 20706
tot_msg_rcv: 1599
tot_msg_sent: 2685
tot_reconf_duration: 18.21
tot_sleeping_duration: 1559729.9618000286
tot_uptimes: 406
tot_uptimes_duration: 24338.55343997164
