comms_cons: 155.66449919711997
finished_reconf: true
global_termination_time: 1585060.74
local_termination_time: 914112.863
node_cons: 32557.510862397237
tot_aggregated_send: 23082
tot_msg_rcv: 173
tot_msg_sent: 405
tot_reconf_duration: 9.42
tot_sleeping_duration: 1560755.498400002
tot_uptimes: 406
tot_uptimes_duration: 24305.241599997855
