comms_cons: 163.55765758370603
finished_reconf: true
global_termination_time: 1588498.16
local_termination_time: 183813.84148000006
node_cons: 32628.724688939277
tot_aggregated_send: 21112
tot_msg_rcv: 1304
tot_msg_sent: 2444
tot_reconf_duration: 7.819999999999999
tot_sleeping_duration: 1564138.1113600156
tot_uptimes: 407
tot_uptimes_duration: 24360.04863998451
