comms_cons: 160.41116159058734
finished_reconf: true
global_termination_time: 1586303.458
local_termination_time: 250377.92836000005
node_cons: 32625.454645593396
tot_aggregated_send: 21750
tot_msg_rcv: 946
tot_msg_sent: 1687
tot_reconf_duration: 5.43
tot_sleeping_duration: 1561943.427600005
tot_uptimes: 407
tot_uptimes_duration: 24360.030399995037
