comms_cons: 24.89569280018922
finished_reconf: true
global_termination_time: 257111.609
local_termination_time: 205519.99599999998
node_cons: 5252.866841121427
tot_aggregated_send: 3652
tot_msg_rcv: 36
tot_msg_sent: 96
tot_reconf_duration: 22.65
tot_sleeping_duration: 253211.60291999893
tot_uptimes: 66
tot_uptimes_duration: 3900.0060800010688
