comms_cons: 196.27431039013015
finished_reconf: true
global_termination_time: 1967233.157
local_termination_time: 955590.3563599999
node_cons: 40435.749179999664
tot_aggregated_send: 27956
tot_msg_rcv: 674
tot_msg_sent: 1201
tot_reconf_duration: 18.21
tot_sleeping_duration: 1937053.157
tot_uptimes: 504
tot_uptimes_duration: 30179.999999999996
