comms_cons: 212.51862399059956
finished_reconf: true
global_termination_time: 2177770.781
local_termination_time: 420231.61436000007
node_cons: 44760.0158422378
tot_aggregated_send: 30218
tot_msg_rcv: 691
tot_msg_sent: 1392
tot_reconf_duration: 7.819999999999999
tot_sleeping_duration: 2144350.768840001
tot_uptimes: 558
tot_uptimes_duration: 33420.0121599987
