comms_cons: 211.86483839391315
finished_reconf: true
global_termination_time: 2172915.03
local_termination_time: 445384.3890800001
node_cons: 44677.4867599995
tot_aggregated_send: 30566
tot_msg_rcv: 549
tot_msg_sent: 1088
tot_reconf_duration: 6.22
tot_sleeping_duration: 2139555.03
tot_uptimes: 557
tot_uptimes_duration: 33360.0
