comms_cons: 212.87134719835024
finished_reconf: true
global_termination_time: 2174579.955
local_termination_time: 1269329.7923599998
node_cons: 44684.39897999961
tot_aggregated_send: 31552
tot_msg_rcv: 286
tot_msg_sent: 517
tot_reconf_duration: 11.31
tot_sleeping_duration: 2141219.955
tot_uptimes: 557
tot_uptimes_duration: 33360.0
