comms_cons: 62.41029120643129
finished_reconf: true
global_termination_time: 313874.75
local_termination_time: 4423.598360000001
node_cons: 6457.966841119159
tot_aggregated_send: 0
tot_msg_rcv: 4866
tot_msg_sent: 4620
tot_reconf_duration: 22.65
tot_sleeping_duration: 309074.7439200006
tot_uptimes: 81
tot_uptimes_duration: 4800.006079999366
