comms_cons: 16.916377600342877
finished_reconf: true
global_termination_time: 166404.237
local_termination_time: 7130.351400000004
node_cons: 3380.811980000002
tot_aggregated_send: 2088
tot_msg_rcv: 137
tot_msg_sent: 347
tot_reconf_duration: 4.8100000000000005
tot_sleeping_duration: 163884.237
tot_uptimes: 43
tot_uptimes_duration: 2520.0
