comms_cons: 16.09272319993915
finished_reconf: true
global_termination_time: 166845.551
local_termination_time: 70698.15511999944
node_cons: 3380.241620000001
tot_aggregated_send: 2378
tot_msg_rcv: 12
tot_msg_sent: 54
tot_reconf_duration: 4.390000000000001
tot_sleeping_duration: 164325.551
tot_uptimes: 43
tot_uptimes_duration: 2520.0
