comms_cons: 190.1783551108117
finished_reconf: true
global_termination_time: 968993.721
local_termination_time: 396176.4556000001
node_cons: 19955.094982233728
tot_aggregated_send: 0
tot_msg_rcv: 14537
tot_msg_sent: 14369
tot_reconf_duration: 22.65
tot_sleeping_duration: 954113.7088400048
tot_uptimes: 249
tot_uptimes_duration: 14880.012159995269
