comms_cons: 97.18261759891854
finished_reconf: true
global_termination_time: 971392.831
local_termination_time: 83933.34835999997
node_cons: 19934.96398336319
tot_aggregated_send: 13398
tot_msg_rcv: 434
tot_msg_sent: 940
tot_reconf_duration: 7.819999999999999
tot_sleeping_duration: 956512.8127599977
tot_uptimes: 249
tot_uptimes_duration: 14880.018240002355
