comms_cons: 197.98128630105526
finished_reconf: true
global_termination_time: 1786781.343
local_termination_time: 944240.7344799999
node_cons: 36721.91197999996
tot_aggregated_send: 0
tot_msg_rcv: 15068
tot_msg_sent: 15024
tot_reconf_duration: 4.8100000000000005
tot_sleeping_duration: 1759361.343
tot_uptimes: 458
tot_uptimes_duration: 27420.0
