comms_cons: 400.56396772831835
finished_reconf: true
global_termination_time: 1412973.165
local_termination_time: 775083.9335999999
node_cons: 57691.320282713394
tot_aggregated_send: 0
tot_msg_rcv: 20392
tot_msg_sent: 40492
tot_reconf_duration: 13.17
tot_sleeping_duration: 1369901.1445200043
tot_uptimes: 713
tot_uptimes_duration: 43072.02047999577
