comms_cons: 206.65925118377606
finished_reconf: true
global_termination_time: 2055355.359239998
local_termination_time: 2055355.359239998
node_cons: 42396.96004118162
tot_aggregated_send: 28684
tot_msg_rcv: 863
tot_msg_sent: 1863
tot_reconf_duration: 37.410000000000004
tot_sleeping_duration: 2023730.1484400113
tot_uptimes: 527
tot_uptimes_duration: 31625.21079998654
