comms_cons: 203.94188798691548
finished_reconf: true
global_termination_time: 2061428.082
local_termination_time: 1055614.8617199978
node_cons: 42360.87446207691
tot_aggregated_send: 29058
tot_msg_rcv: 662
tot_msg_sent: 1278
tot_reconf_duration: 9.11
tot_sleeping_duration: 2029801.119280002
tot_uptimes: 528
tot_uptimes_duration: 31626.962719997857
