comms_cons: 204.01896959282564
finished_reconf: true
global_termination_time: 2055418.861
local_termination_time: 985057.9583599999
node_cons: 42275.991539999646
tot_aggregated_send: 29638
tot_msg_rcv: 513
tot_msg_sent: 859
tot_reconf_duration: 12.629999999999999
tot_sleeping_duration: 2023858.861
tot_uptimes: 527
tot_uptimes_duration: 31560.0
