comms_cons: 203.45518079529452
finished_reconf: true
global_termination_time: 2059410.5
local_termination_time: 819218.3962399989
node_cons: 42364.57459999957
tot_aggregated_send: 29696
tot_msg_rcv: 431
tot_msg_sent: 797
tot_reconf_duration: 18.700000000000003
tot_sleeping_duration: 2027790.5
tot_uptimes: 528
tot_uptimes_duration: 31620.0
