comms_cons: 203.96898559064383
finished_reconf: true
global_termination_time: 2057519.773
local_termination_time: 634582.662
node_cons: 42280.24597351353
tot_aggregated_send: 29400
tot_msg_rcv: 502
tot_msg_sent: 1100
tot_reconf_duration: 11.899999999999999
tot_sleeping_duration: 2025955.8553200045
tot_uptimes: 527
tot_uptimes_duration: 31563.917679995415
