comms_cons: 206.23833598137873
finished_reconf: true
global_termination_time: 2060513.291
local_termination_time: 876258.84436
node_cons: 42345.777108934366
tot_aggregated_send: 27840
tot_msg_rcv: 1277
tot_msg_sent: 2230
tot_reconf_duration: 4.8100000000000005
tot_sleeping_duration: 2028893.242360019
tot_uptimes: 528
tot_uptimes_duration: 31620.048639981076
