comms_cons: 207.5151743772832
finished_reconf: true
global_termination_time: 2055612.445
local_termination_time: 645464.5673599999
node_cons: 42266.28721006484
tot_aggregated_send: 27550
tot_msg_rcv: 1343
tot_msg_sent: 2649
tot_reconf_duration: 5.43
tot_sleeping_duration: 2024052.390280011
tot_uptimes: 527
tot_uptimes_duration: 31560.054719989013
