comms_cons: 42.00141440058979
finished_reconf: true
global_termination_time: 405489.071
local_termination_time: 45907.48240000017
node_cons: 8289.906382242867
tot_aggregated_send: 5220
tot_msg_rcv: 417
tot_msg_sent: 746
tot_reconf_duration: 10.95
tot_sleeping_duration: 399309.05883999786
tot_uptimes: 104
tot_uptimes_duration: 6180.0121600021375
