comms_cons: 236.02222065605898
finished_reconf: true
global_termination_time: 1205705.951
local_termination_time: 319017.9946000001
node_cons: 24775.486841116905
tot_aggregated_send: 0
tot_msg_rcv: 18027
tot_msg_sent: 17847
tot_reconf_duration: 22.65
tot_sleeping_duration: 1187225.9449200023
tot_uptimes: 309
tot_uptimes_duration: 18480.006079997635
