comms_cons: 119.73451519239298
finished_reconf: true
global_termination_time: 1203153.21524
local_termination_time: 99954.61247999995
node_cons: 24769.290433838923
tot_aggregated_send: 16182
tot_msg_rcv: 615
tot_msg_sent: 1402
tot_reconf_duration: 3.05
tot_sleeping_duration: 1184657.9586800009
tot_uptimes: 309
tot_uptimes_duration: 18495.25655999918
