comms_cons: 116.84663039738697
finished_reconf: true
global_termination_time: 1203298.968
local_termination_time: 291900.20208000013
node_cons: 24753.17490112143
tot_aggregated_send: 16704
tot_msg_rcv: 322
tot_msg_sent: 733
tot_reconf_duration: 6.22
tot_sleeping_duration: 1184818.961919999
tot_uptimes: 309
tot_uptimes_duration: 18480.00608000107
