comms_cons: 45.9958144012584
finished_reconf: true
global_termination_time: 446193.86948000005
local_termination_time: 446193.82836000004
node_cons: 9210.58043088679
tot_aggregated_send: 5670
tot_msg_rcv: 374
tot_msg_sent: 947
tot_reconf_duration: 24.59
tot_sleeping_duration: 439340.10755999497
tot_uptimes: 115
tot_uptimes_duration: 6853.761920005054
