comms_cons: 45.114201600326275
finished_reconf: true
global_termination_time: 450288.159
local_termination_time: 99954.57135999996
node_cons: 9243.258182240577
tot_aggregated_send: 6032
tot_msg_rcv: 185
tot_msg_sent: 641
tot_reconf_duration: 3.05
tot_sleeping_duration: 443388.14683999954
tot_uptimes: 116
tot_uptimes_duration: 6900.012160000435
