comms_cons: 45.09383680042367
finished_reconf: true
global_termination_time: 447605.505
local_termination_time: 120628.97435999998
node_cons: 9169.379560000021
tot_aggregated_send: 6206
tot_msg_rcv: 249
tot_msg_sent: 399
tot_reconf_duration: 7.819999999999999
tot_sleeping_duration: 440765.505
tot_uptimes: 115
tot_uptimes_duration: 6840.0
