comms_cons: 44.57292160059193
finished_reconf: true
global_termination_time: 446193.8622400004
local_termination_time: 45996.91544000004
node_cons: 9222.789292724841
tot_aggregated_send: 5974
tot_msg_rcv: 264
tot_msg_sent: 536
tot_reconf_duration: 6.22
tot_sleeping_duration: 439312.3517599968
tot_uptimes: 115
tot_uptimes_duration: 6881.510480003606
