comms_cons: 107.4843903953511
finished_reconf: true
global_termination_time: 1079754.235
local_termination_time: 562815.94936
node_cons: 22208.197400000096
tot_aggregated_send: 15370
tot_msg_rcv: 353
tot_msg_sent: 614
tot_reconf_duration: 25.299999999999997
tot_sleeping_duration: 1063194.235
tot_uptimes: 277
tot_uptimes_duration: 16560.0
