comms_cons: 106.78699519774075
finished_reconf: true
global_termination_time: 1080031.437
local_termination_time: 311786.0934000004
node_cons: 22184.826220000068
tot_aggregated_send: 15486
tot_msg_rcv: 230
tot_msg_sent: 515
tot_reconf_duration: 8.09
tot_sleeping_duration: 1063471.437
tot_uptimes: 277
tot_uptimes_duration: 16560.0
