comms_cons: 106.53496319868236
finished_reconf: true
global_termination_time: 1081246.4
local_termination_time: 923169.8412799983
node_cons: 22190.99154000002
tot_aggregated_send: 15660
tot_msg_rcv: 196
tot_msg_sent: 337
tot_reconf_duration: 12.629999999999999
tot_sleeping_duration: 1064686.4
tot_uptimes: 277
tot_uptimes_duration: 16559.999999999985
