comms_cons: 107.23438079545029
finished_reconf: true
global_termination_time: 1080332.633
local_termination_time: 617705.2737999994
node_cons: 22190.000200000064
tot_aggregated_send: 15370
tot_msg_rcv: 302
tot_msg_sent: 627
tot_reconf_duration: 11.899999999999999
tot_sleeping_duration: 1063772.633
tot_uptimes: 277
tot_uptimes_duration: 16560.0
