comms_cons: 108.80023039589051
finished_reconf: true
global_termination_time: 1080530.767
local_termination_time: 97174.52735999998
node_cons: 22189.25596783627
tot_aggregated_send: 14732
tot_msg_rcv: 528
tot_msg_sent: 1277
tot_reconf_duration: 11.31
tot_sleeping_duration: 1063970.7244400028
tot_uptimes: 277
tot_uptimes_duration: 16560.04255999718
