comms_cons: 78.5875711996193
finished_reconf: true
global_termination_time: 765600.336
local_termination_time: 210291.2027600009
node_cons: 15759.060226728629
tot_aggregated_send: 10208
tot_msg_rcv: 575
tot_msg_sent: 1162
tot_reconf_duration: 9.11
tot_sleeping_duration: 753840.2995199936
tot_uptimes: 197
tot_uptimes_duration: 11760.036480006413
