comms_cons: 79.10830079743799
finished_reconf: true
global_termination_time: 768791.336
local_termination_time: 274900.72248000005
node_cons: 15767.20822672399
tot_aggregated_send: 10092
tot_msg_rcv: 661
tot_msg_sent: 1271
tot_reconf_duration: 15.110000000000001
tot_sleeping_duration: 757031.2995199971
tot_uptimes: 197
tot_uptimes_duration: 11760.036480002978
