comms_cons: 80.8215551976159
finished_reconf: true
global_termination_time: 767672.576
local_termination_time: 61352.69736000001
node_cons: 15763.840386719417
tot_aggregated_send: 9976
tot_msg_rcv: 920
tot_msg_sent: 1388
tot_reconf_duration: 12.629999999999999
tot_sleeping_duration: 755912.5395200005
tot_uptimes: 197
tot_uptimes_duration: 11760.036479999544
