comms_cons: 78.89231359534217
finished_reconf: true
global_termination_time: 763737.635
local_termination_time: 213477.35736000002
node_cons: 15681.202664476525
tot_aggregated_send: 9860
tot_msg_rcv: 687
tot_msg_sent: 1444
tot_reconf_duration: 10.95
tot_sleeping_duration: 752037.6106800026
tot_uptimes: 196
tot_uptimes_duration: 11700.024319997407
