comms_cons: 1.6645375999945007
finished_reconf: true
global_termination_time: 16131.018
local_termination_time: 10734.38036
node_cons: 329.8882399999984
tot_aggregated_send: 0
tot_msg_rcv: 130
tot_msg_sent: 123
tot_reconf_duration: 6.279999999999999
tot_sleeping_duration: 15891.018
tot_uptimes: 5
tot_uptimes_duration: 240.0
