comms_cons: 1.5197951999970722
finished_reconf: true
global_termination_time: 18389.008
local_termination_time: 6772.182360000001
node_cons: 334.15236000000016
tot_aggregated_send: 0
tot_msg_rcv: 121
tot_msg_sent: 110
tot_reconf_duration: 9.42
tot_sleeping_duration: 18149.008
tot_uptimes: 5
tot_uptimes_duration: 240.0
