comms_cons: 303.2500607799039
finished_reconf: true
global_termination_time: 3002494.472
local_termination_time: 2019895.1673599998
node_cons: 61731.894982232334
tot_aggregated_send: 41702
tot_msg_rcv: 1621
tot_msg_sent: 2769
tot_reconf_duration: 22.65
tot_sleeping_duration: 2956414.459840005
tot_uptimes: 769
tot_uptimes_duration: 46080.01215999527
