comms_cons: 303.1533568294365
finished_reconf: true
global_termination_time: 3001274.831
local_termination_time: 766178.8149199993
node_cons: 61709.697086700464
tot_aggregated_send: 41818
tot_msg_rcv: 1528
tot_msg_sent: 2732
tot_reconf_duration: 6.279999999999999
tot_sleeping_duration: 2955194.7945200135
tot_uptimes: 769
tot_uptimes_duration: 46080.03647998627
