comms_cons: 301.1267328030522
finished_reconf: true
global_termination_time: 3006216.051
local_termination_time: 1787966.4983599999
node_cons: 61815.83368223284
tot_aggregated_send: 42340
tot_msg_rcv: 1186
tot_msg_sent: 2242
tot_reconf_duration: 25.299999999999997
tot_sleeping_duration: 2960076.0388400047
tot_uptimes: 770
tot_uptimes_duration: 46140.0121599955
