comms_cons: 298.06407680568395
finished_reconf: true
global_termination_time: 3004655.131
local_termination_time: 1905193.5193599998
node_cons: 61799.344859998695
tot_aggregated_send: 43210
tot_msg_rcv: 714
tot_msg_sent: 1380
tot_reconf_duration: 13.17
tot_sleeping_duration: 2958515.131
tot_uptimes: 770
tot_uptimes_duration: 46140.0
