comms_cons: 298.82437760779476
finished_reconf: true
global_termination_time: 3001953.838
local_termination_time: 189996.25536000004
node_cons: 61711.79654782182
tot_aggregated_send: 42108
tot_msg_rcv: 1160
tot_msg_sent: 2151
tot_reconf_duration: 7.819999999999999
tot_sleeping_duration: 2955873.7954400126
tot_uptimes: 769
tot_uptimes_duration: 46080.04255998734
