comms_cons: 268.0187520172016
finished_reconf: true
global_termination_time: 2636712.834
local_termination_time: 109586.91547999997
node_cons: 54240.176547826464
tot_aggregated_send: 36250
tot_msg_rcv: 1584
tot_msg_sent: 2904
tot_reconf_duration: 7.819999999999999
tot_sleeping_duration: 2596212.791440009
tot_uptimes: 676
tot_uptimes_duration: 40500.04255999054
