comms_cons: 190.50731519256965
finished_reconf: true
global_termination_time: 1958613.765
local_termination_time: 538033.2451599983
node_cons: 40256.91268558856
tot_aggregated_send: 27666
tot_msg_rcv: 460
tot_msg_sent: 831
tot_reconf_duration: 4.8100000000000005
tot_sleeping_duration: 1928553.7346000082
tot_uptimes: 502
tot_uptimes_duration: 30060.030399991607
