comms_cons: 192.61265919071803
finished_reconf: true
global_termination_time: 1961076.262
local_termination_time: 1304600.0996799995
node_cons: 40341.315842233475
tot_aggregated_send: 27260
tot_msg_rcv: 624
tot_msg_sent: 1392
tot_reconf_duration: 7.819999999999999
tot_sleeping_duration: 1930956.2498400048
tot_uptimes: 503
tot_uptimes_duration: 30120.01215999527
