comms_cons: 1.723750399994305
finished_reconf: true
global_termination_time: 16077.511
local_termination_time: 11269.80236
node_cons: 341.8793799999984
tot_aggregated_send: 0
tot_msg_rcv: 139
tot_msg_sent: 123
tot_reconf_duration: 15.110000000000001
tot_sleeping_duration: 15837.511
tot_uptimes: 5
tot_uptimes_duration: 240.0
