comms_cons: 2.296140799994524
finished_reconf: true
global_termination_time: 18122.21
local_termination_time: 5151.39836
node_cons: 336.23009999999977
tot_aggregated_send: 0
tot_msg_rcv: 183
tot_msg_sent: 166
tot_reconf_duration: 10.95
tot_sleeping_duration: 17882.21
tot_uptimes: 5
tot_uptimes_duration: 240.0
