comms_cons: 2.3224575999923256
finished_reconf: true
global_termination_time: 16476.725
local_termination_time: 6219.15436
node_cons: 328.7339400000004
tot_aggregated_send: 0
tot_msg_rcv: 182
tot_msg_sent: 171
tot_reconf_duration: 5.43
tot_sleeping_duration: 16236.724999999999
tot_uptimes: 5
tot_uptimes_duration: 240.0
