comms_cons: 84.08280319983744
finished_reconf: true
global_termination_time: 853273.263
local_termination_time: 227434.18136000005
node_cons: 17534.959861121453
tot_aggregated_send: 12296
tot_msg_rcv: 149
tot_msg_sent: 335
tot_reconf_duration: 15.34
tot_sleeping_duration: 840193.2569199989
tot_uptimes: 219
tot_uptimes_duration: 13080.006080001069
