comms_cons: 84.61509119950041
finished_reconf: true
global_termination_time: 856195.651
local_termination_time: 396525.95236
node_cons: 17600.42161999997
tot_aggregated_send: 12412
tot_msg_rcv: 162
tot_msg_sent: 287
tot_reconf_duration: 4.390000000000001
tot_sleeping_duration: 843055.651
tot_uptimes: 220
tot_uptimes_duration: 13140.0
