comms_cons: 84.37095039803614
finished_reconf: true
global_termination_time: 855294.795
local_termination_time: 507313.16599999997
node_cons: 17610.346971761453
tot_aggregated_send: 12350
tot_msg_rcv: 126
tot_msg_sent: 348
tot_reconf_duration: 7.819999999999999
tot_sleeping_duration: 842150.8611599989
tot_uptimes: 220
tot_uptimes_duration: 13143.93384000106
