comms_cons: 31.698585600073663
finished_reconf: true
global_termination_time: 317947.02824000054
local_termination_time: 315331.84236
node_cons: 6587.993189360655
tot_aggregated_send: 4350
tot_msg_rcv: 168
tot_msg_sent: 299
tot_reconf_duration: 4.390000000000001
tot_sleeping_duration: 313031.396
tot_uptimes: 82
tot_uptimes_duration: 4915.63224000053
