comms_cons: 592.9356352780857
finished_reconf: true
global_termination_time: 5981932.28
local_termination_time: 1371957.6018399997
node_cons: 123021.39614334736
tot_aggregated_send: 83520
tot_msg_rcv: 2314
tot_msg_sent: 4287
tot_reconf_duration: 15.34
tot_sleeping_duration: 5890072.261760007
tot_uptimes: 1532
tot_uptimes_duration: 91860.01823999337
