comms_cons: 591.4295169246824
finished_reconf: true
global_termination_time: 5980244.048
local_termination_time: 3344250.45036
node_cons: 123008.12848334767
tot_aggregated_send: 82650
tot_msg_rcv: 2522
tot_msg_sent: 4721
tot_reconf_duration: 5.57
tot_sleeping_duration: 5888384.029760007
tot_uptimes: 1532
tot_uptimes_duration: 91860.01823999337
