comms_cons: 601.5873665899064
finished_reconf: true
global_termination_time: 5980002.282119995
local_termination_time: 499113.076
node_cons: 123068.12730580581
tot_aggregated_send: 82766
tot_msg_rcv: 2685
tot_msg_sent: 5985
tot_reconf_duration: 22.65
tot_sleeping_duration: 5888114.777560017
tot_uptimes: 1532
tot_uptimes_duration: 91887.50455997733
