comms_cons: 595.4892672943724
finished_reconf: true
global_termination_time: 5980363.783
local_termination_time: 772287.08536
node_cons: 123009.03560669818
tot_aggregated_send: 83810
tot_msg_rcv: 2193
tot_msg_sent: 4507
tot_reconf_duration: 6.22
tot_sleeping_duration: 5888503.746520014
tot_uptimes: 1532
tot_uptimes_duration: 91860.0364799865
