comms_cons: 50.567731200458724
finished_reconf: true
global_termination_time: 510986.772
local_termination_time: 175267.20984000014
node_cons: 10462.08486000003
tot_aggregated_send: 7366
tot_msg_rcv: 158
tot_msg_sent: 162
tot_reconf_duration: 13.17
tot_sleeping_duration: 503186.772
tot_uptimes: 131
tot_uptimes_duration: 7800.0
