comms_cons: 50.422988800275846
finished_reconf: true
global_termination_time: 510206.843
local_termination_time: 127509.00479999957
node_cons: 10470.600028320896
tot_aggregated_send: 7366
tot_msg_rcv: 141
tot_msg_sent: 157
tot_reconf_duration: 18.700000000000003
tot_sleeping_duration: 502406.09211999935
tot_uptimes: 131
tot_uptimes_duration: 7800.750880000647
