comms_cons: 490.6386944237464
finished_reconf: true
global_termination_time: 5007941.119
local_termination_time: 3901310.363719999
node_cons: 103013.7648599969
tot_aggregated_send: 72036
tot_msg_rcv: 790
tot_msg_sent: 1747
tot_reconf_duration: 13.17
tot_sleeping_duration: 4931021.119
tot_uptimes: 1283
tot_uptimes_duration: 76920.0
