comms_cons: 506.7020097151076
finished_reconf: true
global_termination_time: 5006541.241919995
local_termination_time: 12499.89848
node_cons: 103048.42530116146
tot_aggregated_send: 68440
tot_msg_rcv: 2720
tot_msg_sent: 5854
tot_reconf_duration: 22.65
tot_sleeping_duration: 4929604.971120021
tot_uptimes: 1283
tot_uptimes_duration: 76936.27079997346
