comms_cons: 499.6104512799841
finished_reconf: true
global_termination_time: 5007590.218
local_termination_time: 804541.22336
node_cons: 103000.08702893299
tot_aggregated_send: 70354
tot_msg_rcv: 1974
tot_msg_sent: 3609
tot_reconf_duration: 3.05
tot_sleeping_duration: 4930670.169360018
tot_uptimes: 1283
tot_uptimes_duration: 76920.04863998201
