comms_cons: 618.1943873058125
finished_reconf: true
global_termination_time: 6266445.409
local_termination_time: 2105389.5886799996
node_cons: 128873.9370866991
tot_aggregated_send: 87638
tot_msg_rcv: 2102
tot_msg_sent: 4221
tot_reconf_duration: 6.279999999999999
tot_sleeping_duration: 6170205.372520013
tot_uptimes: 1605
tot_uptimes_duration: 96240.0364799872
