comms_cons: 608.3585856557148
finished_reconf: true
global_termination_time: 6262990.024
local_termination_time: 3556612.9531999985
node_cons: 128791.97022334744
tot_aggregated_send: 87174
tot_msg_rcv: 1792
tot_msg_sent: 3500
tot_reconf_duration: 5.1
tot_sleeping_duration: 6166810.005760007
tot_uptimes: 1604
tot_uptimes_duration: 96180.0182399936
