comms_cons: 625.0715265321566
finished_reconf: true
global_termination_time: 6263135.37
local_termination_time: 494910.9442000006
node_cons: 128791.65781451721
tot_aggregated_send: 86014
tot_msg_rcv: 3003
tot_msg_sent: 5989
tot_reconf_duration: 4.8100000000000005
tot_sleeping_duration: 6166955.290960029
tot_uptimes: 1604
tot_uptimes_duration: 96180.07903997111
