comms_cons: 468.3752960772914
finished_reconf: true
global_termination_time: 4686933.102
local_termination_time: 2000059.3809599988
node_cons: 96414.5564033488
tot_aggregated_send: 66120
tot_msg_rcv: 1587
tot_msg_sent: 3481
tot_reconf_duration: 4.8100000000000005
tot_sleeping_duration: 4614933.083760006
tot_uptimes: 1201
tot_uptimes_duration: 72000.0182399936
