comms_cons: 48.40282880075988
finished_reconf: true
global_termination_time: 478667.221
local_termination_time: 257034.48636000004
node_cons: 9826.241744485724
tot_aggregated_send: 6496
tot_msg_rcv: 293
tot_msg_sent: 567
tot_reconf_duration: 18.21
tot_sleeping_duration: 471347.19667999574
tot_uptimes: 123
tot_uptimes_duration: 7320.024320004275
