comms_cons: 117.42788479293932
finished_reconf: true
global_termination_time: 1170694.702
local_termination_time: 661744.7465999998
node_cons: 24030.106760000155
tot_aggregated_send: 16472
tot_msg_rcv: 511
tot_msg_sent: 865
tot_reconf_duration: 6.22
tot_sleeping_duration: 1152754.702
tot_uptimes: 300
tot_uptimes_duration: 17940.0
