comms_cons: 206.57891829285467
finished_reconf: true
global_termination_time: 1037939.206
local_termination_time: 1616.4413600000003
node_cons: 21314.874331066945
tot_aggregated_send: 0
tot_msg_rcv: 16027
tot_msg_sent: 15372
tot_reconf_duration: 18.21
tot_sleeping_duration: 1022039.1722800098
tot_uptimes: 266
tot_uptimes_duration: 15900.033719990228
