comms_cons: 107.19553279114953
finished_reconf: true
global_termination_time: 1035817.633
local_termination_time: 27630.200600000004
node_cons: 21294.307028961146
tot_aggregated_send: 13282
tot_msg_rcv: 913
tot_msg_sent: 2098
tot_reconf_duration: 3.05
tot_sleeping_duration: 1019917.5843599992
tot_uptimes: 266
tot_uptimes_duration: 15900.04864000083
