comms_cons: 103.66845439657277
finished_reconf: true
global_termination_time: 1040452.409
local_termination_time: 75362.49471999968
node_cons: 21385.79898000005
tot_aggregated_send: 14500
tot_msg_rcv: 339
tot_msg_sent: 918
tot_reconf_duration: 11.31
tot_sleeping_duration: 1024492.409
tot_uptimes: 267
tot_uptimes_duration: 15960.0
