comms_cons: 56.60085759998584
finished_reconf: true
global_termination_time: 564904.074
local_termination_time: 31619.158320000006
node_cons: 11577.49638111685
tot_aggregated_send: 7830
tot_msg_rcv: 253
tot_msg_sent: 520
tot_reconf_duration: 6.279999999999999
tot_sleeping_duration: 556264.0679200024
tot_uptimes: 145
tot_uptimes_duration: 8640.006079997635
