comms_cons: 57.97653760099844
finished_reconf: true
global_termination_time: 567302.904
local_termination_time: 37636.20160000002
node_cons: 11683.689964483463
tot_aggregated_send: 7540
tot_msg_rcv: 421
tot_msg_sent: 852
tot_reconf_duration: 25.299999999999997
tot_sleeping_duration: 558602.8796799975
tot_uptimes: 146
tot_uptimes_duration: 8700.024320002572
