comms_cons: 58.417344001017455
finished_reconf: true
global_termination_time: 568870.569
local_termination_time: 274900.72248000005
node_cons: 11669.85194448572
tot_aggregated_send: 7424
tot_msg_rcv: 476
tot_msg_sent: 979
tot_reconf_duration: 15.110000000000001
tot_sleeping_duration: 560170.5446799957
tot_uptimes: 146
tot_uptimes_duration: 8700.024320004275
