comms_cons: 58.33742080091876
finished_reconf: true
global_termination_time: 568924.965
local_termination_time: 82559.11135999997
node_cons: 11655.277902242877
tot_aggregated_send: 7424
tot_msg_rcv: 455
tot_msg_sent: 988
tot_reconf_duration: 4.390000000000001
tot_sleeping_duration: 560224.9528399978
tot_uptimes: 146
tot_uptimes_duration: 8700.012160002138
