comms_cons: 33.62531840038885
finished_reconf: true
global_termination_time: 164065.72780000023
local_termination_time: 164065.68668000022
node_cons: 3434.78422080149
tot_aggregated_send: 0
tot_msg_rcv: 2652
tot_msg_sent: 2455
tot_reconf_duration: 24.59
tot_sleeping_duration: 161525.4805999991
tot_uptimes: 43
tot_uptimes_duration: 2540.247200001102
