comms_cons: 1.7303295999942832
finished_reconf: true
global_termination_time: 12406.492
local_termination_time: 4869.786760000004
node_cons: 275.9975646400051
tot_aggregated_send: 0
tot_msg_rcv: 152
tot_msg_sent: 111
tot_reconf_duration: 18.21
tot_sleeping_duration: 12218.838239999997
tot_uptimes: 4
tot_uptimes_duration: 187.65376000000379
