comms_cons: 246.4740351114046
finished_reconf: true
global_termination_time: 845271.4691199991
local_termination_time: 1653.7574800000023
node_cons: 34416.2221406787
tot_aggregated_send: 0
tot_msg_rcv: 12640
tot_msg_sent: 24820
tot_reconf_duration: 5.57
tot_sleeping_duration: 819574.189
tot_uptimes: 426
tot_uptimes_duration: 25697.280119999035
