comms_cons: 83.464358397539
finished_reconf: true
global_termination_time: 850180.11
local_termination_time: 78164.06335999997
node_cons: 17449.948341121468
tot_aggregated_send: 12238
tot_msg_rcv: 110
tot_msg_sent: 338
tot_reconf_duration: 11.899999999999999
tot_sleeping_duration: 837160.1039199989
tot_uptimes: 218
tot_uptimes_duration: 13020.006080001069
