comms_cons: 85.04273919768622
finished_reconf: true
global_termination_time: 846976.753
local_termination_time: 51135.169360000014
node_cons: 17359.401620000033
tot_aggregated_send: 11774
tot_msg_rcv: 402
tot_msg_sent: 750
tot_reconf_duration: 4.390000000000001
tot_sleeping_duration: 834016.753
tot_uptimes: 217
tot_uptimes_duration: 12960.0
