comms_cons: 106.72778234196235
finished_reconf: true
global_termination_time: 1074200.439
local_termination_time: 1899.7201200000002
node_cons: 22122.957722238298
tot_aggregated_send: 0
tot_msg_rcv: 291
tot_msg_sent: 15931
tot_reconf_duration: 21.68
tot_sleeping_duration: 1057700.4268400013
tot_uptimes: 276
tot_uptimes_duration: 16500.012159998703
