comms_cons: 84.33876475258072
finished_reconf: true
global_termination_time: 1077300.685
local_termination_time: 1438.19612
node_cons: 22110.140904475138
tot_aggregated_send: 0
tot_msg_rcv: 415
tot_msg_sent: 12404
tot_reconf_duration: 12.23
tot_sleeping_duration: 1060800.6606800037
tot_uptimes: 276
tot_uptimes_duration: 16500.024319996344
