comms_cons: 0.5526528000000878
finished_reconf: true
global_termination_time: 4014.368
local_termination_time: 203.0684799999999
node_cons: 98.22485999999998
tot_aggregated_send: 0
tot_msg_rcv: 36
tot_msg_sent: 47
tot_reconf_duration: 13.17
tot_sleeping_duration: 3954.368
tot_uptimes: 2
tot_uptimes_duration: 60.0
