comms_cons: 73.08238080053667
finished_reconf: true
global_termination_time: 739560.8782400003
local_termination_time: 24358.056
node_cons: 15271.333662724754
tot_aggregated_send: 9960
tot_msg_rcv: 389
tot_msg_sent: 759
tot_reconf_duration: 18.21
tot_sleeping_duration: 728174.3177599967
tot_uptimes: 190
tot_uptimes_duration: 11386.560480003536
