comms_cons: 374.949235251622
finished_reconf: true
global_termination_time: 3709057.096
local_termination_time: 2481708.1213599998
node_cons: 76257.54638223209
tot_aggregated_send: 51156
tot_msg_rcv: 1954
tot_msg_sent: 3880
tot_reconf_duration: 10.95
tot_sleeping_duration: 3652117.083840004
tot_uptimes: 950
tot_uptimes_duration: 56940.012159995735
