comms_cons: 373.01825282069746
finished_reconf: true
global_termination_time: 3706104.831
local_termination_time: 548983.2093599999
node_cons: 76330.43906893829
tot_aggregated_send: 51794
tot_msg_rcv: 1591
tot_msg_sent: 3311
tot_reconf_duration: 5.43
tot_sleeping_duration: 3649104.7823600145
tot_uptimes: 950
tot_uptimes_duration: 57000.04863998521
