comms_cons: 38.96860160001975
finished_reconf: true
global_termination_time: 398731.17224000016
local_termination_time: 73679.46443999987
node_cons: 8219.226010479357
tot_aggregated_send: 5452
tot_msg_rcv: 175
tot_msg_sent: 295
tot_reconf_duration: 3.05
tot_sleeping_duration: 392595.9339200006
tot_uptimes: 103
tot_uptimes_duration: 6135.238319999524
