comms_cons: 39.33703680020684
finished_reconf: true
global_termination_time: 403314.26
local_termination_time: 20383.96792
node_cons: 8283.466760000007
tot_aggregated_send: 5626
tot_msg_rcv: 104
tot_msg_sent: 249
tot_reconf_duration: 6.22
tot_sleeping_duration: 397134.26
tot_uptimes: 104
tot_uptimes_duration: 6180.0
