comms_cons: 200.1547199833716
finished_reconf: true
global_termination_time: 1978100.078
local_termination_time: 296958.65748000005
node_cons: 40659.66104782215
tot_aggregated_send: 27202
tot_msg_rcv: 1124
tot_msg_sent: 2095
tot_reconf_duration: 5.57
tot_sleeping_duration: 1947740.0354400133
tot_uptimes: 507
tot_uptimes_duration: 30360.042559986876
