comms_cons: 198.25103358626245
finished_reconf: true
global_termination_time: 1977240.429
local_termination_time: 219579.2769200003
node_cons: 40656.222605583855
tot_aggregated_send: 27782
tot_msg_rcv: 780
tot_msg_sent: 1571
tot_reconf_duration: 3.05
tot_sleeping_duration: 1946880.3986000118
tot_uptimes: 507
tot_uptimes_duration: 30360.030399988173
