comms_cons: 201.76467198213854
finished_reconf: true
global_termination_time: 1976453.578
local_termination_time: 34308.27748000001
node_cons: 40662.71654782213
tot_aggregated_send: 26854
tot_msg_rcv: 1315
tot_msg_sent: 2496
tot_reconf_duration: 7.819999999999999
tot_sleeping_duration: 1946093.535440013
tot_uptimes: 507
tot_uptimes_duration: 30360.042559986876
