comms_cons: 51.85780480322977
finished_reconf: true
global_termination_time: 241243.5142000003
local_termination_time: 1928.3910400000013
node_cons: 4968.767084011289
tot_aggregated_send: 0
tot_msg_rcv: 4286
tot_msg_sent: 3592
tot_reconf_duration: 18.21
tot_sleeping_duration: 237551.17819999187
tot_uptimes: 62
tot_uptimes_duration: 3692.3360000084285
