comms_cons: 13.185971199935167
finished_reconf: true
global_termination_time: 122208.48
local_termination_time: 4498.026
node_cons: 2523.047783358594
tot_aggregated_send: 984
tot_msg_rcv: 359
tot_msg_sent: 661
tot_reconf_duration: 23.919999999999998
tot_sleeping_duration: 120348.46176000105
tot_uptimes: 32
tot_uptimes_duration: 1860.0182399989499
