comms_cons: 12.322143999947508
finished_reconf: true
global_termination_time: 124359.725
local_termination_time: 6366.144
node_cons: 2494.334224480883
tot_aggregated_send: 1040
tot_msg_rcv: 304
tot_msg_sent: 529
tot_reconf_duration: 2.77
tot_sleeping_duration: 122499.70067999935
tot_uptimes: 32
tot_uptimes_duration: 1860.024320000659
