comms_cons: 162.47334399320835
finished_reconf: true
global_termination_time: 1684835.343
local_termination_time: 1138451.80436
node_cons: 34635.06824000001
tot_aggregated_send: 23722
tot_msg_rcv: 278
tot_msg_sent: 695
tot_reconf_duration: 6.279999999999999
tot_sleeping_duration: 1658975.343
tot_uptimes: 432
tot_uptimes_duration: 25860.0
