comms_cons: 168.83543038840997
finished_reconf: true
global_termination_time: 1682276.867
local_termination_time: 377614.41348000005
node_cons: 34552.788967822395
tot_aggregated_send: 23084
tot_msg_rcv: 811
tot_msg_sent: 1767
tot_reconf_duration: 4.8100000000000005
tot_sleeping_duration: 1656476.8244400132
tot_uptimes: 431
tot_uptimes_duration: 25800.042559986876
