comms_cons: 167.19111038959213
finished_reconf: true
global_termination_time: 1682112.109
local_termination_time: 407820.55636
node_cons: 34552.202325584076
tot_aggregated_send: 23258
tot_msg_rcv: 691
tot_msg_sent: 1463
tot_reconf_duration: 4.390000000000001
tot_sleeping_duration: 1656312.0786000118
tot_uptimes: 431
tot_uptimes_duration: 25800.030399988173
