comms_cons: 23.219251199940505
finished_reconf: true
global_termination_time: 218282.82
local_termination_time: 19804.81736
node_cons: 4425.248262239447
tot_aggregated_send: 2552
tot_msg_rcv: 341
tot_msg_sent: 636
tot_reconf_duration: 4.8100000000000005
tot_sleeping_duration: 214982.80784000043
tot_uptimes: 56
tot_uptimes_duration: 3300.0121599995837
