comms_cons: 24.113395200559133
finished_reconf: true
global_termination_time: 218366.428
local_termination_time: 32684.960360000005
node_cons: 4422.874464483451
tot_aggregated_send: 2320
tot_msg_rcv: 470
tot_msg_sent: 876
tot_reconf_duration: 3.05
tot_sleeping_duration: 215066.40367999743
tot_uptimes: 56
tot_uptimes_duration: 3300.0243200025725
