comms_cons: 22.961408000342292
finished_reconf: true
global_termination_time: 218189.365
local_termination_time: 40302.28476000008
node_cons: 4429.343983359737
tot_aggregated_send: 2668
tot_msg_rcv: 304
tot_msg_sent: 518
tot_reconf_duration: 7.819999999999999
tot_sleeping_duration: 214889.3467600002
tot_uptimes: 56
tot_uptimes_duration: 3300.018239999801
