comms_cons: 16.16509440015313
finished_reconf: true
global_termination_time: 162999.958
local_termination_time: 50319.28484000003
node_cons: 3298.08190000001
tot_aggregated_send: 2204
tot_msg_rcv: 81
tot_msg_sent: 172
tot_reconf_duration: 3.05
tot_sleeping_duration: 160539.958
tot_uptimes: 42
tot_uptimes_duration: 2460.0000000000036
