comms_cons: 278.18033918828775
finished_reconf: true
global_termination_time: 2780505.848
local_termination_time: 494441.0440800006
node_cons: 57210.68151005045
tot_aggregated_send: 37120
tot_msg_rcv: 1785
tot_msg_sent: 3377
tot_reconf_duration: 6.279999999999999
tot_sleeping_duration: 2737785.7932800213
tot_uptimes: 713
tot_uptimes_duration: 42720.05471997871
