comms_cons: 274.65138557556213
finished_reconf: true
global_termination_time: 2781479.13
local_termination_time: 1312679.2683599999
node_cons: 57209.69290670008
tot_aggregated_send: 36946
tot_msg_rcv: 1555
tot_msg_sent: 3244
tot_reconf_duration: 5.57
tot_sleeping_duration: 2738759.093520014
tot_uptimes: 713
tot_uptimes_duration: 42720.03647998581
