comms_cons: 274.58193919063
finished_reconf: true
global_termination_time: 2779598.57448
local_termination_time: 2779598.53336
node_cons: 57190.90936095674
tot_aggregated_send: 40226
tot_msg_rcv: 513
tot_msg_sent: 995
tot_reconf_duration: 37.410000000000004
tot_sleeping_duration: 2736924.8578400016
tot_uptimes: 712
tot_uptimes_duration: 42673.71663999854
