comms_cons: 275.9191167977601
finished_reconf: true
global_termination_time: 2782610.317
local_termination_time: 494460.05468000064
node_cons: 57227.48274111576
tot_aggregated_send: 39324
tot_msg_rcv: 883
tot_msg_sent: 1731
tot_reconf_duration: 18.700000000000003
tot_sleeping_duration: 2739890.3109200024
tot_uptimes: 713
tot_uptimes_duration: 42720.006079997635
