comms_cons: 270.8788223749275
finished_reconf: true
global_termination_time: 2782895.356
local_termination_time: 1211090.1773999992
node_cons: 57212.75654781691
tot_aggregated_send: 36772
tot_msg_rcv: 1418
tot_msg_sent: 2982
tot_reconf_duration: 7.819999999999999
tot_sleeping_duration: 2740175.3134400165
tot_uptimes: 713
tot_uptimes_duration: 42720.04255998344
