comms_cons: 269.8889471893613
finished_reconf: true
global_termination_time: 2696211.872
local_termination_time: 1030494.6363999982
node_cons: 55443.16894558358
tot_aggregated_send: 37178
tot_msg_rcv: 1340
tot_msg_sent: 2503
tot_reconf_duration: 6.279999999999999
tot_sleeping_duration: 2654811.8416000116
tot_uptimes: 691
tot_uptimes_duration: 41400.030399988405
