comms_cons: 265.08815360009123
finished_reconf: true
global_termination_time: 2700944.74
local_termination_time: 1052504.5783600002
node_cons: 55540.33459999931
tot_aggregated_send: 39266
tot_msg_rcv: 344
tot_msg_sent: 681
tot_reconf_duration: 18.700000000000003
tot_sleeping_duration: 2659484.74
tot_uptimes: 692
tot_uptimes_duration: 41460.0
