comms_cons: 266.8774079801513
finished_reconf: true
global_termination_time: 2699464.539
local_termination_time: 1004652.7127199987
node_cons: 55535.844990050515
tot_aggregated_send: 36366
tot_msg_rcv: 1370
tot_msg_sent: 2828
tot_reconf_duration: 15.34
tot_sleeping_duration: 2658004.484280021
tot_uptimes: 692
tot_uptimes_duration: 41460.05471997871
