comms_cons: 28.882688000223624
finished_reconf: true
global_termination_time: 294494.796
local_termination_time: 215965.23156000068
node_cons: 6032.031980000004
tot_aggregated_send: 4234
tot_msg_rcv: 44
tot_msg_sent: 112
tot_reconf_duration: 4.8100000000000005
tot_sleeping_duration: 289994.796
tot_uptimes: 76
tot_uptimes_duration: 4500.0
