comms_cons: 28.711628800175202
finished_reconf: true
global_termination_time: 290410.144
local_termination_time: 32524.28956
node_cons: 5951.121620000005
tot_aggregated_send: 4176
tot_msg_rcv: 76
tot_msg_sent: 112
tot_reconf_duration: 4.390000000000001
tot_sleeping_duration: 285970.144
tot_uptimes: 75
tot_uptimes_duration: 4440.0
