comms_cons: 442.9636352766465
finished_reconf: true
global_termination_time: 4399087.45
local_termination_time: 2324196.02936
node_cons: 90468.834184466
tot_aggregated_send: 61132
tot_msg_rcv: 2018
tot_msg_sent: 4178
tot_reconf_duration: 4.390000000000001
tot_sleeping_duration: 4331527.425680009
tot_uptimes: 1127
tot_uptimes_duration: 67560.02431999124
