comms_cons: 444.86576647700065
finished_reconf: true
global_termination_time: 4398260.728
local_termination_time: 415177.84676000045
node_cons: 90483.76127228525
tot_aggregated_send: 61306
tot_msg_rcv: 2310
tot_msg_sent: 4001
tot_reconf_duration: 15.34
tot_sleeping_duration: 4330700.6611200245
tot_uptimes: 1127
tot_uptimes_duration: 67560.06687997584
