comms_cons: 79.32604159957648
finished_reconf: true
global_termination_time: 793948.14
local_termination_time: 207353.19536000007
node_cons: 16320.060540000031
tot_aggregated_send: 11310
tot_msg_rcv: 290
tot_msg_sent: 457
tot_reconf_duration: 8.129999999999999
tot_sleeping_duration: 781768.14
tot_uptimes: 204
tot_uptimes_duration: 12180.0
