comms_cons: 79.06287359991842
finished_reconf: true
global_termination_time: 794483.093
local_termination_time: 110608.05335999996
node_cons: 16313.161900000008
tot_aggregated_send: 11310
tot_msg_rcv: 286
tot_msg_sent: 421
tot_reconf_duration: 3.05
tot_sleeping_duration: 782303.093
tot_uptimes: 204
tot_uptimes_duration: 12180.0
