comms_cons: 78.7871744001935
finished_reconf: true
global_termination_time: 796226.316
local_termination_time: 151215.63236000005
node_cons: 16319.639559999994
tot_aggregated_send: 11368
tot_msg_rcv: 208
tot_msg_sent: 399
tot_reconf_duration: 7.819999999999999
tot_sleeping_duration: 784046.316
tot_uptimes: 204
tot_uptimes_duration: 12180.0
