comms_cons: 78.11484159980034
finished_reconf: true
global_termination_time: 794925.163
local_termination_time: 228769.39800000092
node_cons: 16340.432605122669
tot_aggregated_send: 11484
tot_msg_rcv: 120
tot_msg_sent: 269
tot_reconf_duration: 15.34
tot_sleeping_duration: 782737.2609199979
tot_uptimes: 204
tot_uptimes_duration: 12187.902080001979
