comms_cons: 82.67325439990026
finished_reconf: true
global_termination_time: 831075.333
local_termination_time: 415115.26999999996
node_cons: 17038.057902242825
tot_aggregated_send: 11653
tot_msg_rcv: 272
tot_msg_sent: 640
tot_reconf_duration: 4.390000000000001
tot_sleeping_duration: 818355.3208399978
tot_uptimes: 213
tot_uptimes_duration: 12720.012160002138
