comms_cons: 83.80487679865182
finished_reconf: true
global_termination_time: 831332.938
local_termination_time: 127115.5623999998
node_cons: 17047.48782671943
tot_aggregated_send: 11136
tot_msg_rcv: 498
tot_msg_sent: 1104
tot_reconf_duration: 11.31
tot_sleeping_duration: 818612.9015200004
tot_uptimes: 213
tot_uptimes_duration: 12720.036479999544
