comms_cons: 35.17303039998356
finished_reconf: true
global_termination_time: 170486.80212000044
local_termination_time: 170486.76100000044
node_cons: 3506.5711172817846
tot_aggregated_send: 0
tot_msg_rcv: 2836
tot_msg_sent: 2509
tot_reconf_duration: 24.59
tot_sleeping_duration: 167892.9425999991
tot_uptimes: 44
tot_uptimes_duration: 2593.8595200013224
