comms_cons: 1498.2542636919977
finished_reconf: true
global_termination_time: 7597961.074559996
local_termination_time: 2756.48448
node_cons: 156353.08501453637
tot_aggregated_send: 0
tot_msg_rcv: 114876
tot_msg_sent: 112844
tot_reconf_duration: 18.21
tot_sleeping_duration: 7481210.99552001
tot_uptimes: 1946
tot_uptimes_duration: 116750.0790399863
