comms_cons: 756.3396993737683
finished_reconf: true
global_termination_time: 7601967.569
local_termination_time: 2475370.5613200003
node_cons: 156350.19266334616
tot_aggregated_send: 105386
tot_msg_rcv: 3188
tot_msg_sent: 6384
tot_reconf_duration: 6.279999999999999
tot_sleeping_duration: 7485207.550760007
tot_uptimes: 1947
tot_uptimes_duration: 116760.01823999337
