comms_cons: 737.1730432769041
finished_reconf: true
global_termination_time: 7602587.155
local_termination_time: 4227687.560879998
node_cons: 156367.05088222798
tot_aggregated_send: 103820
tot_msg_rcv: 2900
tot_msg_sent: 5326
tot_reconf_duration: 18.700000000000003
tot_sleeping_duration: 7485827.1428400045
tot_uptimes: 1947
tot_uptimes_duration: 116760.01215999573
