comms_cons: 763.3090434279791
finished_reconf: true
global_termination_time: 7602466.103
local_termination_time: 794007.0569599997
node_cons: 156345.84702893128
tot_aggregated_send: 104748
tot_msg_rcv: 3718
tot_msg_sent: 7551
tot_reconf_duration: 3.05
tot_sleeping_duration: 7485706.054360018
tot_uptimes: 1947
tot_uptimes_duration: 116760.04863998247
