comms_cons: 761.8762561662053
finished_reconf: true
global_termination_time: 7600002.888
local_termination_time: 2187306.9806799996
node_cons: 156349.0465044632
tot_aggregated_send: 106430
tot_msg_rcv: 3277
tot_msg_sent: 6094
tot_reconf_duration: 5.43
tot_sleeping_duration: 7483242.863680009
tot_uptimes: 1947
tot_uptimes_duration: 116760.02431999124
