comms_cons: 106.67829759936225
finished_reconf: true
global_termination_time: 1080242.7
local_termination_time: 503790.80636000005
node_cons: 22184.467701116875
tot_aggregated_send: 15196
tot_msg_rcv: 361
tot_msg_sent: 657
tot_reconf_duration: 7.819999999999999
tot_sleeping_duration: 1063682.6939200023
tot_uptimes: 277
tot_uptimes_duration: 16560.006079997635
