comms_cons: 91.5137535956986
finished_reconf: true
global_termination_time: 907026.1194399986
local_termination_time: 10731.54748
node_cons: 18733.910271513258
tot_aggregated_send: 12586
tot_msg_rcv: 427
tot_msg_sent: 894
tot_reconf_duration: 22.65
tot_sleeping_duration: 893058.1197600036
tot_uptimes: 233
tot_uptimes_duration: 13967.999679994944
