comms_cons: 89.78536959704327
finished_reconf: true
global_termination_time: 908055.179
local_termination_time: 519798.8813600001
node_cons: 18643.02190000009
tot_aggregated_send: 13050
tot_msg_rcv: 192
tot_msg_sent: 404
tot_reconf_duration: 3.05
tot_sleeping_duration: 894135.179
tot_uptimes: 233
tot_uptimes_duration: 13920.0
