comms_cons: 85.70065919814913
finished_reconf: true
global_termination_time: 858350.461
local_termination_time: 618032.97836
node_cons: 17598.61818223835
tot_aggregated_send: 12122
tot_msg_rcv: 322
tot_msg_sent: 582
tot_reconf_duration: 3.05
tot_sleeping_duration: 845210.4488400012
tot_uptimes: 220
tot_uptimes_duration: 13140.012159998703
