comms_cons: 36.988889600941036
finished_reconf: true
global_termination_time: 190246.724
local_termination_time: 9027.341
node_cons: 3902.59749575916
tot_aggregated_send: 0
tot_msg_rcv: 2848
tot_msg_sent: 2774
tot_reconf_duration: 22.65
tot_sleeping_duration: 187355.13416000063
tot_uptimes: 49
tot_uptimes_duration: 2891.5898399993703
