comms_cons: 178.39971839409066
finished_reconf: true
global_termination_time: 1811032.236
local_termination_time: 1541337.9040799977
node_cons: 37212.77897999994
tot_aggregated_send: 26042
tot_msg_rcv: 325
tot_msg_sent: 748
tot_reconf_duration: 11.31
tot_sleeping_duration: 1783252.236
tot_uptimes: 464
tot_uptimes_duration: 27780.0
