comms_cons: 52.048678400448715
finished_reconf: true
global_termination_time: 515829.186
local_termination_time: 301751.66199999995
node_cons: 10612.02508176131
tot_aggregated_send: 7189
tot_msg_rcv: 258
tot_msg_sent: 465
tot_reconf_duration: 4.390000000000001
tot_sleeping_duration: 507908.302159999
tot_uptimes: 133
tot_uptimes_duration: 7920.883840001014
