comms_cons: 51.20494080014883
finished_reconf: true
global_termination_time: 517147.233
local_termination_time: 293589.9157600004
node_cons: 10620.247121121442
tot_aggregated_send: 7192
tot_msg_rcv: 134
tot_msg_sent: 457
tot_reconf_duration: 11.31
tot_sleeping_duration: 509227.22691999894
tot_uptimes: 133
tot_uptimes_duration: 7920.006080001069
