comms_cons: 80.29541759415349
finished_reconf: true
global_termination_time: 755383.964
local_termination_time: 251043.74760000056
node_cons: 15512.586505602585
tot_aggregated_send: 9512
tot_msg_rcv: 1005
tot_msg_sent: 1688
tot_reconf_duration: 5.1
tot_sleeping_duration: 743803.9335999981
tot_uptimes: 194
tot_uptimes_duration: 11580.03040000191
