comms_cons: 75.22062079663256
finished_reconf: true
global_termination_time: 753060.427
local_termination_time: 465416.58436000004
node_cons: 15459.645541121437
tot_aggregated_send: 10034
tot_msg_rcv: 465
tot_msg_sent: 934
tot_reconf_duration: 25.299999999999997
tot_sleeping_duration: 741540.420919999
tot_uptimes: 193
tot_uptimes_duration: 11520.006080001069
