comms_cons: 76.73051519830643
finished_reconf: true
global_termination_time: 752374.457
local_termination_time: 56223.528
node_cons: 15484.24896624142
tot_aggregated_send: 10032
tot_msg_rcv: 516
tot_msg_sent: 1113
tot_reconf_duration: 22.65
tot_sleeping_duration: 740833.388839999
tot_uptimes: 193
tot_uptimes_duration: 11541.06816000105
