comms_cons: 75.43961599835015
finished_reconf: true
global_termination_time: 751494.362
local_termination_time: 116388.81947999996
node_cons: 15435.923983359726
tot_aggregated_send: 10092
tot_msg_rcv: 500
tot_msg_sent: 875
tot_reconf_duration: 7.819999999999999
tot_sleeping_duration: 739974.3437600002
tot_uptimes: 193
tot_uptimes_duration: 11520.018239999772
