comms_cons: 145.25363202150172
finished_reconf: true
global_termination_time: 498534.03936000017
local_termination_time: 2864.8260400000013
node_cons: 20379.50626496071
tot_aggregated_send: 0
tot_msg_rcv: 7381
tot_msg_sent: 14694
tot_reconf_duration: 4.390000000000001
tot_sleeping_duration: 483318.5467199997
tot_uptimes: 253
tot_uptimes_duration: 15215.492640000506
