comms_cons: 276.5895679811864
finished_reconf: true
global_termination_time: 2787438.84
local_termination_time: 209916.44736000008
node_cons: 57288.4060433541
tot_aggregated_send: 38744
tot_msg_rcv: 1088
tot_msg_sent: 2208
tot_reconf_duration: 4.390000000000001
tot_sleeping_duration: 2744658.8217600035
tot_uptimes: 714
tot_uptimes_duration: 42780.01823999634
