comms_cons: 244.96335358591432
finished_reconf: true
global_termination_time: 2501767.765
local_termination_time: 760470.8217999984
node_cons: 51423.594184466594
tot_aggregated_send: 34684
tot_msg_rcv: 745
tot_msg_sent: 1804
tot_reconf_duration: 4.390000000000001
tot_sleeping_duration: 2463367.7406800096
tot_uptimes: 641
tot_uptimes_duration: 38400.02431999054
