comms_cons: 245.7413183909731
finished_reconf: true
global_termination_time: 2500789.874
local_termination_time: 1632724.7319599986
node_cons: 51426.06304223286
tot_aggregated_send: 35264
tot_msg_rcv: 693
tot_msg_sent: 1394
tot_reconf_duration: 6.22
tot_sleeping_duration: 2462389.8618400046
tot_uptimes: 641
tot_uptimes_duration: 38400.01215999527
