comms_cons: 609.5365632455535
finished_reconf: true
global_termination_time: 6198472.41
local_termination_time: 4511855.44336
node_cons: 127517.46485999583
tot_aggregated_send: 88508
tot_msg_rcv: 1405
tot_msg_sent: 2733
tot_reconf_duration: 13.17
tot_sleeping_duration: 6103252.41
tot_uptimes: 1588
tot_uptimes_duration: 95220.0
