comms_cons: 438.57898887988847
finished_reconf: true
global_termination_time: 4351051.876
local_termination_time: 109898.1612399997
node_cons: 89506.43803564829
tot_aggregated_send: 60030
tot_msg_rcv: 2139
tot_msg_sent: 4491
tot_reconf_duration: 5.57
tot_sleeping_duration: 4284211.790880022
tot_uptimes: 1115
tot_uptimes_duration: 66840.08511997812
