comms_cons: 437.2937344601463
finished_reconf: true
global_termination_time: 4351954.305
local_termination_time: 1352301.176119998
node_cons: 89514.81030926057
tot_aggregated_send: 60726
tot_msg_rcv: 1853
tot_msg_sent: 3888
tot_reconf_duration: 9.11
tot_sleeping_duration: 4285111.557480012
tot_uptimes: 1115
tot_uptimes_duration: 66842.74751998717
