comms_cons: 433.62343046215284
finished_reconf: true
global_termination_time: 4349795.936
local_termination_time: 2955093.6835599984
node_cons: 89424.42232558285
tot_aggregated_send: 60088
tot_msg_rcv: 1987
tot_msg_sent: 3833
tot_reconf_duration: 4.390000000000001
tot_sleeping_duration: 4283015.90560001
tot_uptimes: 1114
tot_uptimes_duration: 66780.03039998886
