comms_cons: 433.07909764502637
finished_reconf: true
global_termination_time: 4351088.935
local_termination_time: 957536.62436
node_cons: 89507.26374781647
tot_aggregated_send: 60378
tot_msg_rcv: 1838
tot_msg_sent: 3609
tot_reconf_duration: 6.22
tot_sleeping_duration: 4284248.892440015
tot_uptimes: 1115
tot_uptimes_duration: 66840.04255998414
