comms_cons: 436.9902336674233
finished_reconf: true
global_termination_time: 4349517.334
local_termination_time: 411298.7273600001
node_cons: 89439.34127228403
tot_aggregated_send: 60204
tot_msg_rcv: 2094
tot_msg_sent: 4121
tot_reconf_duration: 15.34
tot_sleeping_duration: 4282737.267120025
tot_uptimes: 1114
tot_uptimes_duration: 66780.06687997491
