comms_cons: 140.59645439419657
finished_reconf: true
global_termination_time: 1388204.326
local_termination_time: 611757.8011999986
node_cons: 28528.288483350472
tot_aggregated_send: 19198
tot_msg_rcv: 832
tot_msg_sent: 1340
tot_reconf_duration: 5.57
tot_sleeping_duration: 1366904.307760007
tot_uptimes: 356
tot_uptimes_duration: 21300.018239992904
