comms_cons: 137.25527039438322
finished_reconf: true
global_termination_time: 1388416.249
local_termination_time: 782974.7163599998
node_cons: 28526.686043355156
tot_aggregated_send: 19198
tot_msg_rcv: 506
tot_msg_sent: 1158
tot_reconf_duration: 4.390000000000001
tot_sleeping_duration: 1367116.230760004
tot_uptimes: 356
tot_uptimes_duration: 21300.018239996338
