comms_cons: 138.3408383926584
finished_reconf: true
global_termination_time: 1388795.585
local_termination_time: 996126.6374799998
node_cons: 28528.073939999955
tot_aggregated_send: 19430
tot_msg_rcv: 438
tot_msg_sent: 1159
tot_reconf_duration: 5.43
tot_sleeping_duration: 1367495.585
tot_uptimes: 356
tot_uptimes_duration: 21300.0
