comms_cons: 64.88469759918554
finished_reconf: true
global_termination_time: 643914.666
local_termination_time: 297290.87036
node_cons: 13184.296381121409
tot_aggregated_send: 8816
tot_msg_rcv: 352
tot_msg_sent: 695
tot_reconf_duration: 6.279999999999999
tot_sleeping_duration: 634074.659919999
tot_uptimes: 165
tot_uptimes_duration: 9840.006080001069
