comms_cons: 64.67353600036655
finished_reconf: true
global_termination_time: 643222.205
local_termination_time: 262589.66236
node_cons: 13210.141823364293
tot_aggregated_send: 8642
tot_msg_rcv: 392
tot_msg_sent: 796
tot_reconf_duration: 25.299999999999997
tot_sleeping_duration: 633382.1867599967
tot_uptimes: 165
tot_uptimes_duration: 9840.018240003206
