comms_cons: 108.83175039469934
finished_reconf: true
global_termination_time: 1083925.31848
local_termination_time: 1083925.27736
node_cons: 22323.38192543808
tot_aggregated_send: 15112
tot_msg_rcv: 485
tot_msg_sent: 943
tot_reconf_duration: 37.410000000000004
tot_sleeping_duration: 1067291.5775200012
tot_uptimes: 278
tot_uptimes_duration: 16633.740959998533
