comms_cons: 894.5586875433771
finished_reconf: true
global_termination_time: 1084811.377
local_termination_time: 304008.3923200007
node_cons: 108398.99287110417
tot_aggregated_send: 0
tot_msg_rcv: 61404
tot_msg_sent: 74564
tot_reconf_duration: 5.57
tot_sleeping_duration: 1003861.8409200099
tot_uptimes: 1305
tot_uptimes_duration: 80949.5360799903
