comms_cons: 109.35369599551001
finished_reconf: true
global_termination_time: 1084963.147
local_termination_time: 314515.33196000056
node_cons: 22266.567662238278
tot_aggregated_send: 14558
tot_msg_rcv: 730
tot_msg_sent: 1331
tot_reconf_duration: 9.11
tot_sleeping_duration: 1068343.1348400016
tot_uptimes: 278
tot_uptimes_duration: 16620.012159998703
