comms_cons: 109.82721279288118
finished_reconf: true
global_termination_time: 1086625.272
local_termination_time: 343289.20136000006
node_cons: 22355.06380335971
tot_aggregated_send: 14384
tot_msg_rcv: 653
tot_msg_sent: 1657
tot_reconf_duration: 15.110000000000001
tot_sleeping_duration: 1069945.2537600005
tot_uptimes: 279
tot_uptimes_duration: 16680.018239999772
