comms_cons: 109.41690879420037
finished_reconf: true
global_termination_time: 1087386.06
local_termination_time: 279341.38700000005
node_cons: 22369.554180553867
tot_aggregated_send: 14904
tot_msg_rcv: 576
tot_msg_sent: 1150
tot_reconf_duration: 22.65
tot_sleeping_duration: 1070702.8669600047
tot_uptimes: 279
tot_uptimes_duration: 16683.19303999537
