comms_cons: 111.28121598951041
finished_reconf: true
global_termination_time: 1088536.877
local_termination_time: 526331.3956399981
node_cons: 22353.097842775347
tot_aggregated_send: 14384
tot_msg_rcv: 792
tot_msg_sent: 1738
tot_reconf_duration: 12.629999999999999
tot_sleeping_duration: 1071855.8118000184
tot_uptimes: 279
tot_uptimes_duration: 16681.06519998156
