comms_cons: 11.368857600069298
finished_reconf: true
global_termination_time: 92058.924
local_termination_time: 24345.907
node_cons: 1872.581744480026
tot_aggregated_send: 754
tot_msg_rcv: 400
tot_msg_sent: 574
tot_reconf_duration: 18.21
tot_sleeping_duration: 90678.89967999997
tot_uptimes: 24
tot_uptimes_duration: 1380.0243200000205
