comms_cons: 9.981900799978694
finished_reconf: true
global_termination_time: 91356.766
local_termination_time: 28362.572880000003
node_cons: 1855.2020811200084
tot_aggregated_send: 696
tot_msg_rcv: 295
tot_msg_sent: 527
tot_reconf_duration: 5.43
tot_sleeping_duration: 89976.75992
tot_uptimes: 24
tot_uptimes_duration: 1380.0060800000065
