comms_cons: 0.5394944000000504
finished_reconf: true
global_termination_time: 5638.043
local_termination_time: 77.80647999999995
node_cons: 97.49154000000001
tot_aggregated_send: 0
tot_msg_rcv: 34
tot_msg_sent: 47
tot_reconf_duration: 12.629999999999999
tot_sleeping_duration: 5578.043
tot_uptimes: 2
tot_uptimes_duration: 60.00000000000001
