comms_cons: 280.4521856081932
finished_reconf: true
global_termination_time: 2796244.28748
local_termination_time: 2796244.2463599998
node_cons: 57592.69891324743
tot_aggregated_send: 39472
tot_msg_rcv: 1101
tot_msg_sent: 2054
tot_reconf_duration: 37.410000000000004
tot_sleeping_duration: 2753270.503960023
tot_uptimes: 717
tot_uptimes_duration: 42973.783519976656
