comms_cons: 282.02615681183045
finished_reconf: true
global_termination_time: 2796954.181
local_termination_time: 2163793.16048
node_cons: 57541.34928335002
tot_aggregated_send: 39092
tot_msg_rcv: 1345
tot_msg_sent: 2430
tot_reconf_duration: 13.17
tot_sleeping_duration: 2753994.1627600067
tot_uptimes: 717
tot_uptimes_duration: 42960.01823999337
