comms_cons: 278.95275520463
finished_reconf: true
global_termination_time: 2796244.8942399877
local_termination_time: 60320.960800000146
node_cons: 57615.533711628814
tot_aggregated_send: 39382
tot_msg_rcv: 970
tot_msg_sent: 2047
tot_reconf_duration: 11.899999999999999
tot_sleeping_duration: 2753228.185120025
tot_uptimes: 717
tot_uptimes_duration: 43016.70911996253
