comms_cons: 279.4260288071377
finished_reconf: true
global_termination_time: 2797900.805
local_termination_time: 622075.9679599988
node_cons: 57530.037108934666
tot_aggregated_send: 39266
tot_msg_rcv: 938
tot_msg_sent: 2268
tot_reconf_duration: 4.8100000000000005
tot_sleeping_duration: 2754940.7563600186
tot_uptimes: 717
tot_uptimes_duration: 42960.048639981775
