comms_cons: 282.4845312031046
finished_reconf: true
global_termination_time: 2799013.855
local_termination_time: 813292.2133599999
node_cons: 57529.474890051446
tot_aggregated_send: 38570
tot_msg_rcv: 1402
tot_msg_sent: 2964
tot_reconf_duration: 4.390000000000001
tot_sleeping_duration: 2756053.8002800206
tot_uptimes: 717
tot_uptimes_duration: 42960.05471997941
