comms_cons: 27.204992000490364
finished_reconf: true
global_termination_time: 263898.863
local_termination_time: 156656.54736000006
node_cons: 5388.741620000023
tot_aggregated_send: 3422
tot_msg_rcv: 251
tot_msg_sent: 462
tot_reconf_duration: 4.390000000000001
tot_sleeping_duration: 259878.863
tot_uptimes: 68
tot_uptimes_duration: 4020.0
