comms_cons: 456.99123205579593
finished_reconf: true
global_termination_time: 4603064.904839999
local_termination_time: 4603064.863719999
node_cons: 94731.70467422961
tot_aggregated_send: 65932
tot_msg_rcv: 1111
tot_msg_sent: 2416
tot_reconf_duration: 24.59
tot_sleeping_duration: 4532341.744680004
tot_uptimes: 1179
tot_uptimes_duration: 70723.16015999443
