comms_cons: 449.0412608571668
finished_reconf: true
global_termination_time: 4607553.318
local_termination_time: 1560838.1282799982
node_cons: 94729.42080446552
tot_aggregated_send: 63916
tot_msg_rcv: 1489
tot_msg_sent: 2846
tot_reconf_duration: 6.279999999999999
tot_sleeping_duration: 4536813.2936800085
tot_uptimes: 1180
tot_uptimes_duration: 70740.02431999112
