comms_cons: 451.2739072273822
finished_reconf: true
global_termination_time: 4606929.268
local_termination_time: 2843779.5664399983
node_cons: 94760.8541615057
tot_aggregated_send: 64496
tot_msg_rcv: 1518
tot_msg_sent: 2577
tot_reconf_duration: 25.299999999999997
tot_sleeping_duration: 4536185.058320008
tot_uptimes: 1180
tot_uptimes_duration: 70744.20967999147
