comms_cons: 448.90539521962745
finished_reconf: true
global_termination_time: 4606284.066
local_termination_time: 2989513.6373599996
node_cons: 94738.74485999727
tot_aggregated_send: 66584
tot_msg_rcv: 596
tot_msg_sent: 1051
tot_reconf_duration: 13.17
tot_sleeping_duration: 4535544.066
tot_uptimes: 1180
tot_uptimes_duration: 70740.0
