comms_cons: 461.7031616590912
finished_reconf: true
global_termination_time: 4607548.914
local_termination_time: 151119.41936000006
node_cons: 94751.70011118011
tot_aggregated_send: 64438
tot_msg_rcv: 2017
tot_msg_sent: 3720
tot_reconf_duration: 22.65
tot_sleeping_duration: 4536808.853200013
tot_uptimes: 1180
tot_uptimes_duration: 70740.06079998711
