comms_cons: 675.4140936174367
finished_reconf: true
global_termination_time: 4607219.466
local_termination_time: 606852.1664799999
node_cons: 94731.53654781623
tot_aggregated_send: 0
tot_msg_rcv: 51729
tot_msg_sent: 50930
tot_reconf_duration: 7.819999999999999
tot_sleeping_duration: 4536479.423440016
tot_uptimes: 1180
tot_uptimes_duration: 70740.04255998414
