comms_cons: 673.7100808165493
finished_reconf: true
global_termination_time: 4605662.441
local_termination_time: 609683.4313599998
node_cons: 94736.2596855824
tot_aggregated_send: 0
tot_msg_rcv: 51475
tot_msg_sent: 50925
tot_reconf_duration: 11.31
tot_sleeping_duration: 4534922.41060001
tot_uptimes: 1180
tot_uptimes_duration: 70740.03039998887
