comms_cons: 2.6514175999942595
finished_reconf: true
global_termination_time: 15905.05
local_termination_time: 374.8239199999995
node_cons: 346.08917999999994
tot_aggregated_send: 0
tot_msg_rcv: 241
tot_msg_sent: 162
tot_reconf_duration: 18.21
tot_sleeping_duration: 15665.05
tot_uptimes: 5
tot_uptimes_duration: 240.0
