comms_cons: 1.855334399995981
finished_reconf: true
global_termination_time: 15151.668
local_termination_time: 6623.763360000001
node_cons: 247.9458000000005
tot_aggregated_send: 0
tot_msg_rcv: 166
tot_msg_sent: 116
tot_reconf_duration: 5.1
tot_sleeping_duration: 14971.668
tot_uptimes: 4
tot_uptimes_duration: 180.0
