comms_cons: 2.6119423999943536
finished_reconf: true
global_termination_time: 14073.845
local_termination_time: 379.5587199999998
node_cons: 271.77869999999996
tot_aggregated_send: 0
tot_msg_rcv: 242
tot_msg_sent: 154
tot_reconf_duration: 22.65
tot_sleeping_duration: 13893.845
tot_uptimes: 4
tot_uptimes_duration: 180.0
