comms_cons: 2.254643199994149
finished_reconf: true
global_termination_time: 16106.98
local_termination_time: 5945.994360000001
node_cons: 338.5115400000001
tot_aggregated_send: 0
tot_msg_rcv: 178
tot_msg_sent: 165
tot_reconf_duration: 12.629999999999999
tot_sleeping_duration: 15866.98
tot_uptimes: 5
tot_uptimes_duration: 239.99999999999997
