comms_cons: 201.7093119802439
finished_reconf: true
global_termination_time: 1994969.441
local_termination_time: 94653.07735999998
node_cons: 41004.19940558619
tot_aggregated_send: 27376
tot_msg_rcv: 1193
tot_msg_sent: 2090
tot_reconf_duration: 22.65
tot_sleeping_duration: 1964369.4106000103
tot_uptimes: 511
tot_uptimes_duration: 30600.030399989904
