comms_cons: 194.06008319728687
finished_reconf: true
global_termination_time: 1992109.33
local_termination_time: 892595.1093599998
node_cons: 40988.75897999961
tot_aggregated_send: 28478
tot_msg_rcv: 328
tot_msg_sent: 690
tot_reconf_duration: 11.31
tot_sleeping_duration: 1961509.33
tot_uptimes: 511
tot_uptimes_duration: 30600.0
