comms_cons: 1001.930482343878
finished_reconf: true
global_termination_time: 2701405.506
local_termination_time: 591829.5744799998
node_cons: 164367.70754211347
tot_aggregated_send: 0
tot_msg_rcv: 61456
tot_msg_sent: 90832
tot_reconf_duration: 18.21
tot_sleeping_duration: 2578669.898560031
tot_uptimes: 2019
tot_uptimes_duration: 122735.60743996932
