comms_cons: 267.9921279815433
finished_reconf: true
global_termination_time: 2703385.277
local_termination_time: 807290.1029599988
node_cons: 55603.791888933854
tot_aggregated_send: 36250
tot_msg_rcv: 1445
tot_msg_sent: 3038
tot_reconf_duration: 6.22
tot_sleeping_duration: 2661865.2283600187
tot_uptimes: 693
tot_uptimes_duration: 41520.048639981076
