comms_cons: 81.01626879829769
finished_reconf: true
global_termination_time: 793839.085
local_termination_time: 384013.98500000004
node_cons: 16365.182207999364
tot_aggregated_send: 10786
tot_msg_rcv: 537
tot_msg_sent: 991
tot_reconf_duration: 22.65
tot_sleeping_duration: 781640.1130000005
tot_uptimes: 204
tot_uptimes_duration: 12198.971999999485
