comms_cons: 83.03573759517461
finished_reconf: true
global_termination_time: 793747.798
local_termination_time: 43758.232720000015
node_cons: 16316.092340160503
tot_aggregated_send: 9976
tot_msg_rcv: 827
tot_msg_sent: 1817
tot_reconf_duration: 5.1
tot_sleeping_duration: 781567.6885599997
tot_uptimes: 204
tot_uptimes_duration: 12180.109440000364
