comms_cons: 79.34582399787473
finished_reconf: true
global_termination_time: 792401.796
local_termination_time: 389978.00936
node_cons: 16246.581142238265
tot_aggregated_send: 10962
tot_msg_rcv: 410
tot_msg_sent: 688
tot_reconf_duration: 13.17
tot_sleeping_duration: 780281.7838400013
tot_uptimes: 203
tot_uptimes_duration: 12120.012159998703
