comms_cons: 81.06670719595817
finished_reconf: true
global_termination_time: 794914.131
local_termination_time: 340109.781
node_cons: 16327.414988954648
tot_aggregated_send: 10609
tot_msg_rcv: 550
tot_msg_sent: 1161
tot_reconf_duration: 12.629999999999999
tot_sleeping_duration: 782733.2023600041
tot_uptimes: 204
tot_uptimes_duration: 12180.928639995982
