comms_cons: 81.91865599712129
finished_reconf: true
global_termination_time: 794544.249
local_termination_time: 329137.73699999996
node_cons: 16353.799356553214
tot_aggregated_send: 10612
tot_msg_rcv: 674
tot_msg_sent: 1166
tot_reconf_duration: 18.700000000000003
tot_sleeping_duration: 782349.771960005
tot_uptimes: 204
tot_uptimes_duration: 12194.477039994963
