comms_cons: 83.51007999478124
finished_reconf: true
global_termination_time: 792902.686
local_termination_time: 65842.50035999998
node_cons: 16324.460391191355
tot_aggregated_send: 10324
tot_msg_rcv: 913
tot_msg_sent: 1455
tot_reconf_duration: 11.31
tot_sleeping_duration: 780722.6252000064
tot_uptimes: 204
tot_uptimes_duration: 12180.060799993516
