comms_cons: 50.5808896040188
finished_reconf: true
global_termination_time: 258875.152
local_termination_time: 2340.9173600000004
node_cons: 5333.198700000005
tot_aggregated_send: 0
tot_msg_rcv: 3878
tot_msg_sent: 3810
tot_reconf_duration: 22.65
tot_sleeping_duration: 254915.152
tot_uptimes: 67
tot_uptimes_duration: 3960.0
