comms_cons: 26.199001600056693
finished_reconf: true
global_termination_time: 259071.973
local_termination_time: 63328.44548000002
node_cons: 5310.894901119158
tot_aggregated_send: 3596
tot_msg_rcv: 158
tot_msg_sent: 228
tot_reconf_duration: 6.22
tot_sleeping_duration: 255111.96692000065
tot_uptimes: 67
tot_uptimes_duration: 3960.006079999366
