comms_cons: 77.35905280005274
finished_reconf: true
global_termination_time: 160691.39984000011
local_termination_time: 160691.3587200001
node_cons: 9689.490063119661
tot_aggregated_send: 0
tot_msg_rcv: 4801
tot_msg_sent: 6957
tot_reconf_duration: 24.59
tot_sleeping_duration: 153479.97576000038
tot_uptimes: 118
tot_uptimes_duration: 7211.4240799997315
