comms_cons: 28.60636160051154
finished_reconf: true
global_termination_time: 275805.073
local_termination_time: 55133.49436000001
node_cons: 5631.190222240588
tot_aggregated_send: 3538
tot_msg_rcv: 291
tot_msg_sent: 519
tot_reconf_duration: 5.43
tot_sleeping_duration: 271605.0608399995
tot_uptimes: 71
tot_uptimes_duration: 4200.012160000435
