comms_cons: 194.38904318779072
finished_reconf: true
global_termination_time: 1942304.154
local_termination_time: 763.9494399999988
node_cons: 39933.16260558391
tot_aggregated_send: 27318
tot_msg_rcv: 714
tot_msg_sent: 1514
tot_reconf_duration: 3.05
tot_sleeping_duration: 1912484.123600012
tot_uptimes: 498
tot_uptimes_duration: 29820.030399988176
