comms_cons: 195.4539007830568
finished_reconf: true
global_termination_time: 1944799.043
local_termination_time: 348300.1993600001
node_cons: 40019.963983350244
tot_aggregated_send: 27028
tot_msg_rcv: 825
tot_msg_sent: 1855
tot_reconf_duration: 7.819999999999999
tot_sleeping_duration: 1914919.0247600072
tot_uptimes: 499
tot_uptimes_duration: 29880.018239992904
