comms_cons: 124.7811071952306
finished_reconf: true
global_termination_time: 1237083.851119999
local_termination_time: 1237083.8099999991
node_cons: 25487.59767728354
tot_aggregated_send: 17142
tot_msg_rcv: 626
tot_msg_sent: 1197
tot_reconf_duration: 37.410000000000004
tot_sleeping_duration: 1218086.9915999966
tot_uptimes: 317
tot_uptimes_duration: 18996.859520002603
