comms_cons: 127.10299518913226
finished_reconf: true
global_termination_time: 1240339.883
local_termination_time: 39716.37836000001
node_cons: 25492.56616782246
tot_aggregated_send: 16646
tot_msg_rcv: 941
tot_msg_sent: 1732
tot_reconf_duration: 18.21
tot_sleeping_duration: 1221319.840440013
tot_uptimes: 318
tot_uptimes_duration: 19020.042559986876
