comms_cons: 126.88051198654732
finished_reconf: true
global_termination_time: 1237550.935
local_termination_time: 214209.64436000006
node_cons: 25396.07407453725
tot_aggregated_send: 15602
tot_msg_rcv: 1231
tot_msg_sent: 2452
tot_reconf_duration: 6.279999999999999
tot_sleeping_duration: 1218590.855960017
tot_uptimes: 317
tot_uptimes_duration: 18960.079039982986
