comms_cons: 123.55842559073102
finished_reconf: true
global_termination_time: 1240043.878
local_termination_time: 558660.8153599999
node_cons: 25502.17810558886
tot_aggregated_send: 16704
tot_msg_rcv: 754
tot_msg_sent: 1322
tot_reconf_duration: 25.299999999999997
tot_sleeping_duration: 1221023.8476000084
tot_uptimes: 318
tot_uptimes_duration: 19020.030399991607
