comms_cons: 125.64559999088834
finished_reconf: true
global_termination_time: 1239970.792
local_termination_time: 458297.142
node_cons: 25480.2490734158
tot_aggregated_send: 15593
tot_msg_rcv: 1210
tot_msg_sent: 2293
tot_reconf_duration: 9.11
tot_sleeping_duration: 1220950.719040018
tot_uptimes: 318
tot_uptimes_duration: 19020.072959981917
