comms_cons: 125.12671358885214
finished_reconf: true
global_termination_time: 1240055.498
local_termination_time: 583313.0862799992
node_cons: 25488.356367822442
tot_aggregated_send: 16356
tot_msg_rcv: 1035
tot_msg_sent: 1627
tot_reconf_duration: 15.110000000000001
tot_sleeping_duration: 1221035.455440013
tot_uptimes: 318
tot_uptimes_duration: 19020.042559986876
