comms_cons: 125.03691519428178
finished_reconf: true
global_termination_time: 1238557.263
local_termination_time: 694231.8133599999
node_cons: 25480.59678335527
tot_aggregated_send: 16878
tot_msg_rcv: 736
tot_msg_sent: 1390
tot_reconf_duration: 9.42
tot_sleeping_duration: 1219537.2447600036
tot_uptimes: 318
tot_uptimes_duration: 19020.018239996396
