comms_cons: 122.45767679151939
finished_reconf: true
global_termination_time: 1237142.073
local_termination_time: 784483.8873599999
node_cons: 25483.956482233734
tot_aggregated_send: 16820
tot_msg_rcv: 621
tot_msg_sent: 1171
tot_reconf_duration: 11.899999999999999
tot_sleeping_duration: 1218122.0608400048
tot_uptimes: 317
tot_uptimes_duration: 19020.01215999527
