comms_cons: 329.1316863772072
finished_reconf: true
global_termination_time: 3403743.714
local_termination_time: 1926746.461239999
node_cons: 70010.49739999851
tot_aggregated_send: 45878
tot_msg_rcv: 1267
tot_msg_sent: 2882
tot_reconf_duration: 25.299999999999997
tot_sleeping_duration: 3351483.714
tot_uptimes: 872
tot_uptimes_duration: 52260.0
