comms_cons: 330.19112318908145
finished_reconf: true
global_termination_time: 3403368.003
local_termination_time: 2006306.4893599998
node_cons: 69994.02485999835
tot_aggregated_send: 48082
tot_msg_rcv: 545
tot_msg_sent: 1559
tot_reconf_duration: 13.17
tot_sleeping_duration: 3351108.003
tot_uptimes: 872
tot_uptimes_duration: 52260.0
