comms_cons: 181.9812991239642
finished_reconf: true
global_termination_time: 1001262.801
local_termination_time: 393562.23436000006
node_cons: 20597.82312335975
tot_aggregated_send: 0
tot_msg_rcv: 14099
tot_msg_sent: 13562
tot_reconf_duration: 22.65
tot_sleeping_duration: 985902.7827600002
tot_uptimes: 257
tot_uptimes_duration: 15360.018239999768
