comms_cons: 103.08939519582205
finished_reconf: true
global_termination_time: 1006296.024
local_termination_time: 88401.80491999982
node_cons: 20681.778105593414
tot_aggregated_send: 13456
tot_msg_rcv: 796
tot_msg_sent: 1417
tot_reconf_duration: 25.299999999999997
tot_sleeping_duration: 990875.9936000049
tot_uptimes: 258
tot_uptimes_duration: 15420.03039999507
