comms_cons: 83.42151679726739
finished_reconf: true
global_termination_time: 813852.571
local_termination_time: 459714.93636000005
node_cons: 16718.292201121465
tot_aggregated_send: 10904
tot_msg_rcv: 643
tot_msg_sent: 1132
tot_reconf_duration: 5.57
tot_sleeping_duration: 801372.564919999
tot_uptimes: 209
tot_uptimes_duration: 12480.006080001069
