comms_cons: 83.98411519568353
finished_reconf: true
global_termination_time: 815719.053
local_termination_time: 459701.66736
node_cons: 16717.694646714783
tot_aggregated_send: 10498
tot_msg_rcv: 818
tot_msg_sent: 1449
tot_reconf_duration: 5.1
tot_sleeping_duration: 803239.0165200038
tot_uptimes: 209
tot_uptimes_duration: 12480.03647999611
