comms_cons: 80.37150719882861
finished_reconf: true
global_termination_time: 813701.977
local_termination_time: 334681.9103600001
node_cons: 16714.910746719474
tot_aggregated_send: 10324
tot_msg_rcv: 609
tot_msg_sent: 1283
tot_reconf_duration: 3.05
tot_sleeping_duration: 801221.9405200004
tot_uptimes: 209
tot_uptimes_duration: 12480.036479999544
