comms_cons: 79.31946240056268
finished_reconf: true
global_termination_time: 813740.261
local_termination_time: 266291.39260000054
node_cons: 16721.40468896236
tot_aggregated_send: 10266
tot_msg_rcv: 619
tot_msg_sent: 1172
tot_reconf_duration: 7.819999999999999
tot_sleeping_duration: 801260.2123599984
tot_uptimes: 209
tot_uptimes_duration: 12480.04864000174
