comms_cons: 82.05578239850989
finished_reconf: true
global_termination_time: 814177.072
local_termination_time: 415195.27936000004
node_cons: 16726.09526224288
tot_aggregated_send: 10904
tot_msg_rcv: 530
tot_msg_sent: 1038
tot_reconf_duration: 11.31
tot_sleeping_duration: 801697.0598399979
tot_uptimes: 209
tot_uptimes_duration: 12480.012160002138
