comms_cons: 12.73248639996675
finished_reconf: true
global_termination_time: 94574.781
local_termination_time: 21469.88836
node_cons: 1943.062664480883
tot_aggregated_send: 406
tot_msg_rcv: 718
tot_msg_sent: 812
tot_reconf_duration: 10.95
tot_sleeping_duration: 93134.75667999935
tot_uptimes: 25
tot_uptimes_duration: 1440.024320000659
