comms_cons: 11.948454399895304
finished_reconf: true
global_termination_time: 94523.688
local_termination_time: 34835.54548000002
node_cons: 1934.129761120017
tot_aggregated_send: 580
tot_msg_rcv: 601
tot_msg_sent: 635
tot_reconf_duration: 4.390000000000001
tot_sleeping_duration: 93083.68191999999
tot_uptimes: 25
tot_uptimes_duration: 1440.0060800000065
