comms_cons: 118.0248959974368
finished_reconf: true
global_termination_time: 1190306.129
local_termination_time: 86657.37835999996
node_cons: 24430.924060000027
tot_aggregated_send: 16994
tot_msg_rcv: 312
tot_msg_sent: 633
tot_reconf_duration: 5.57
tot_sleeping_duration: 1172066.129
tot_uptimes: 305
tot_uptimes_duration: 18240.0
