comms_cons: 250.47735039407067
finished_reconf: true
global_termination_time: 2467063.18848
local_termination_time: 2467063.14736
node_cons: 50746.356788779434
tot_aggregated_send: 33800
tot_msg_rcv: 1466
tot_msg_sent: 2805
tot_reconf_duration: 24.59
tot_sleeping_duration: 2429189.4292800147
tot_uptimes: 632
tot_uptimes_duration: 37873.75919998542
