comms_cons: 242.17637118926248
finished_reconf: true
global_termination_time: 2470968.205
local_termination_time: 702980.65036
node_cons: 50781.43640334984
tot_aggregated_send: 34452
tot_msg_rcv: 899
tot_msg_sent: 1459
tot_reconf_duration: 4.8100000000000005
tot_sleeping_duration: 2433048.186760007
tot_uptimes: 633
tot_uptimes_duration: 37920.0182399929
