comms_cons: 254.38874239588733
finished_reconf: true
global_termination_time: 2470087.506
local_termination_time: 68489.14347999997
node_cons: 50785.58911230055
tot_aggregated_send: 32770
tot_msg_rcv: 2000
tot_msg_sent: 3895
tot_reconf_duration: 7.819999999999999
tot_sleeping_duration: 2432167.439120014
tot_uptimes: 633
tot_uptimes_duration: 37920.066879986014
