comms_cons: 426.48521601349444
finished_reconf: true
global_termination_time: 4383936.607
local_termination_time: 1698128.15948
node_cons: 90162.3361433488
tot_aggregated_send: 61074
tot_msg_rcv: 1292
tot_msg_sent: 2456
tot_reconf_duration: 15.34
tot_sleeping_duration: 4316616.588760007
tot_uptimes: 1123
tot_uptimes_duration: 67320.01823999337
