comms_cons: 427.0558719973628
finished_reconf: true
global_termination_time: 4386061.887
local_termination_time: 2411967.4733599997
node_cons: 90239.70485999747
tot_aggregated_send: 63278
tot_msg_rcv: 639
tot_msg_sent: 993
tot_reconf_duration: 13.17
tot_sleeping_duration: 4318681.887
tot_uptimes: 1124
tot_uptimes_duration: 67380.0
