comms_cons: 440.13735045350734
finished_reconf: true
global_termination_time: 4388235.441
local_termination_time: 243962.43640000038
node_cons: 90227.8467489378
tot_aggregated_send: 61248
tot_msg_rcv: 2012
tot_msg_sent: 3636
tot_reconf_duration: 4.390000000000001
tot_sleeping_duration: 4320855.392360014
tot_uptimes: 1124
tot_uptimes_duration: 67380.04863998521
