comms_cons: 437.59042564210847
finished_reconf: true
global_termination_time: 4385986.922
local_termination_time: 990473.7540799987
node_cons: 90226.02702893752
tot_aggregated_send: 61480
tot_msg_rcv: 1779
tot_msg_sent: 3253
tot_reconf_duration: 3.05
tot_sleeping_duration: 4318606.8733600145
tot_uptimes: 1124
tot_uptimes_duration: 67380.04863998498
