comms_cons: 435.6420096312198
finished_reconf: true
global_termination_time: 4386548.32
local_termination_time: 1489831.6138799991
node_cons: 90237.21154446561
tot_aggregated_send: 60958
tot_msg_rcv: 1833
tot_msg_sent: 3425
tot_reconf_duration: 11.31
tot_sleeping_duration: 4319168.29568001
tot_uptimes: 1124
tot_uptimes_duration: 67380.024319991
