comms_cons: 122.82113279247785
finished_reconf: true
global_termination_time: 1221257.9684799998
local_termination_time: 1221257.9273599999
node_cons: 25117.872365440406
tot_aggregated_send: 16806
tot_msg_rcv: 571
tot_msg_sent: 1291
tot_reconf_duration: 24.59
tot_sleeping_duration: 1202524.2275199995
tot_uptimes: 313
tot_uptimes_duration: 18733.740960000265
