comms_cons: 37.205376000291
finished_reconf: true
global_termination_time: 381362.685
local_termination_time: 232802.60648000005
node_cons: 7803.599560000002
tot_aggregated_send: 5452
tot_msg_rcv: 36
tot_msg_sent: 167
tot_reconf_duration: 7.819999999999999
tot_sleeping_duration: 375542.68499999994
tot_uptimes: 98
tot_uptimes_duration: 5820.000000000016
