comms_cons: 1.4934783999972867
finished_reconf: true
global_termination_time: 12494.782
local_termination_time: 5188.91236
node_cons: 256.37897999999933
tot_aggregated_send: 0
tot_msg_rcv: 119
tot_msg_sent: 108
tot_reconf_duration: 11.31
tot_sleeping_duration: 12314.782
tot_uptimes: 4
tot_uptimes_duration: 179.9999999999991
