comms_cons: 105.96007041258581
finished_reconf: true
global_termination_time: 537961.445
local_termination_time: 2196.46036
node_cons: 11015.108240000014
tot_aggregated_send: 0
tot_msg_rcv: 8161
tot_msg_sent: 7943
tot_reconf_duration: 6.279999999999999
tot_sleeping_duration: 529741.445
tot_uptimes: 138
tot_uptimes_duration: 8220.0
