comms_cons: 53.646796799990746
finished_reconf: true
global_termination_time: 535742.03
local_termination_time: 336274.3594800001
node_cons: 11010.74632336437
tot_aggregated_send: 7540
tot_msg_rcv: 206
tot_msg_sent: 408
tot_reconf_duration: 3.05
tot_sleeping_duration: 527522.0117599969
tot_uptimes: 138
tot_uptimes_duration: 8220.018240003206
