comms_cons: 54.77454720093927
finished_reconf: true
global_termination_time: 536233.115
local_termination_time: 91369.3062799998
node_cons: 11017.240265607179
tot_aggregated_send: 7134
tot_msg_rcv: 378
tot_msg_sent: 813
tot_reconf_duration: 7.819999999999999
tot_sleeping_duration: 528013.0845999946
tot_uptimes: 138
tot_uptimes_duration: 8220.030400005344
