comms_cons: 106.12083201239679
finished_reconf: true
global_termination_time: 538578.762
local_termination_time: 1333.7010400000015
node_cons: 11015.059324483458
tot_aggregated_send: 0
tot_msg_rcv: 8174
tot_msg_sent: 7955
tot_reconf_duration: 6.22
tot_sleeping_duration: 530358.7376799975
tot_uptimes: 138
tot_uptimes_duration: 8220.024320002572
