comms_cons: 53.830041600422014
finished_reconf: true
global_termination_time: 533722.023
local_termination_time: 12813.02948
node_cons: 10941.607121121444
tot_aggregated_send: 7250
tot_msg_rcv: 300
tot_msg_sent: 631
tot_reconf_duration: 11.31
tot_sleeping_duration: 525562.0169199989
tot_uptimes: 137
tot_uptimes_duration: 8160.006080001069
