comms_cons: 137.60653438705302
finished_reconf: true
global_termination_time: 1350764.28724
local_termination_time: 2300.7655200000017
node_cons: 27762.465854958056
tot_aggregated_send: 17922
tot_msg_rcv: 1035
tot_msg_sent: 1957
tot_reconf_duration: 18.21
tot_sleeping_duration: 1330049.0246000015
tot_uptimes: 346
tot_uptimes_duration: 20715.262639998517
