comms_cons: 138.3188031891152
finished_reconf: true
global_termination_time: 1351252.739
local_termination_time: 42273.374400000066
node_cons: 27828.423123355133
tot_aggregated_send: 18386
tot_msg_rcv: 966
tot_msg_sent: 1672
tot_reconf_duration: 22.65
tot_sleeping_duration: 1330492.720760004
tot_uptimes: 347
tot_uptimes_duration: 20760.018239996338
