comms_cons: 55.81135359976928
finished_reconf: true
global_termination_time: 561690.395
local_termination_time: 69014.84679999956
node_cons: 11499.60622000001
tot_aggregated_send: 8004
tot_msg_rcv: 196
tot_msg_sent: 283
tot_reconf_duration: 8.09
tot_sleeping_duration: 553110.395
tot_uptimes: 144
tot_uptimes_duration: 8580.0
