comms_cons: 55.858662398325286
finished_reconf: true
global_termination_time: 561772.69
local_termination_time: 75709.64935999997
node_cons: 11509.147521121447
tot_aggregated_send: 7830
tot_msg_rcv: 210
tot_msg_sent: 450
tot_reconf_duration: 15.110000000000001
tot_sleeping_duration: 553192.6839199988
tot_uptimes: 144
tot_uptimes_duration: 8580.006080001069
