comms_cons: 54.36392960028814
finished_reconf: true
global_termination_time: 557901.775
local_termination_time: 136293.04760000008
node_cons: 11427.865629521519
tot_aggregated_send: 8062
tot_msg_rcv: 34
tot_msg_sent: 167
tot_reconf_duration: 10.95
tot_sleeping_duration: 549378.253319999
tot_uptimes: 143
tot_uptimes_duration: 8523.52168000114
