comms_cons: 145.65743358997062
finished_reconf: true
global_termination_time: 1444067.4794799997
local_termination_time: 1444067.4383599998
node_cons: 29697.260506553786
tot_aggregated_send: 19880
tot_msg_rcv: 735
tot_msg_sent: 1523
tot_reconf_duration: 24.59
tot_sleeping_duration: 1421913.7324400044
tot_uptimes: 370
tot_uptimes_duration: 22153.747039995316
