comms_cons: 145.82984959125844
finished_reconf: true
global_termination_time: 1447568.639
local_termination_time: 106053.42735999997
node_cons: 29750.569885591136
tot_aggregated_send: 20010
tot_msg_rcv: 715
tot_msg_sent: 1442
tot_reconf_duration: 18.21
tot_sleeping_duration: 1425368.6086000067
tot_uptimes: 371
tot_uptimes_duration: 22200.03039999334
