comms_cons: 143.75551999340064
finished_reconf: true
global_termination_time: 1448350.54
local_termination_time: 1309848.7033599978
node_cons: 29733.364060000134
tot_aggregated_send: 20242
tot_msg_rcv: 501
tot_msg_sent: 1107
tot_reconf_duration: 5.57
tot_sleeping_duration: 1426150.54
tot_uptimes: 371
tot_uptimes_duration: 22200.0
