comms_cons: 142.37388799522677
finished_reconf: true
global_termination_time: 1447579.166
local_termination_time: 1309847.5039199982
node_cons: 29732.725799999855
tot_aggregated_send: 20590
tot_msg_rcv: 364
tot_msg_sent: 686
tot_reconf_duration: 5.1
tot_sleeping_duration: 1425379.166
tot_uptimes: 371
tot_uptimes_duration: 22200.0
