comms_cons: 146.7233663856447
finished_reconf: true
global_termination_time: 1445202.159
local_termination_time: 518569.94636
node_cons: 29731.786043350483
tot_aggregated_send: 19894
tot_msg_rcv: 840
tot_msg_sent: 1567
tot_reconf_duration: 4.390000000000001
tot_sleeping_duration: 1423002.140760007
tot_uptimes: 371
tot_uptimes_duration: 22200.018239992904
