comms_cons: 130.42954239683567
finished_reconf: true
global_termination_time: 1300977.1874799998
local_termination_time: 1300977.14636
node_cons: 26825.82525655653
tot_aggregated_send: 18211
tot_msg_rcv: 530
tot_msg_sent: 1083
tot_reconf_duration: 39.92
tot_sleeping_duration: 1280983.4504400026
tot_uptimes: 334
tot_uptimes_duration: 19993.737039997442
