comms_cons: 82.38025599870625
finished_reconf: true
global_termination_time: 812667.574
local_termination_time: 46015.783120000095
node_cons: 16735.506167845437
tot_aggregated_send: 10788
tot_msg_rcv: 577
tot_msg_sent: 1157
tot_reconf_duration: 18.21
tot_sleeping_duration: 800187.531439996
tot_uptimes: 209
tot_uptimes_duration: 12480.042560004047
