comms_cons: 79.89122559853483
finished_reconf: true
global_termination_time: 812290.869
local_termination_time: 236912.81112000046
node_cons: 16741.48684111685
tot_aggregated_send: 11484
tot_msg_rcv: 182
tot_msg_sent: 477
tot_reconf_duration: 22.65
tot_sleeping_duration: 799810.8629200023
tot_uptimes: 209
tot_uptimes_duration: 12480.006079997635
