comms_cons: 81.63596799791384
finished_reconf: true
global_termination_time: 810925.702
local_termination_time: 235041.94499999998
node_cons: 16643.46835463959
tot_aggregated_send: 11132
tot_msg_rcv: 461
tot_msg_sent: 815
tot_reconf_duration: 7.819999999999999
tot_sleeping_duration: 798503.8582400003
tot_uptimes: 208
tot_uptimes_duration: 12421.843759999698
