comms_cons: 32.099916800207566
finished_reconf: true
global_termination_time: 326149.219
local_termination_time: 127949.45259999993
node_cons: 6675.792201121389
tot_aggregated_send: 4640
tot_msg_rcv: 70
tot_msg_sent: 169
tot_reconf_duration: 5.57
tot_sleeping_duration: 321169.2129199989
tot_uptimes: 84
tot_uptimes_duration: 4980.00608000104
