comms_cons: 94.09084160942399
finished_reconf: true
global_termination_time: 322131.38836000004
local_termination_time: 322131.34724000003
node_cons: 13207.644638161531
tot_aggregated_send: 0
tot_msg_rcv: 4819
tot_msg_sent: 9483
tot_reconf_duration: 37.410000000000004
tot_sleeping_duration: 312305.5169199989
tot_uptimes: 164
tot_uptimes_duration: 9825.871440001123
