comms_cons: 32.01438720014101
finished_reconf: true
global_termination_time: 322697.59
local_termination_time: 72688.40659999994
node_cons: 6605.764860000005
tot_aggregated_send: 4524
tot_msg_rcv: 122
tot_msg_sent: 220
tot_reconf_duration: 13.17
tot_sleeping_duration: 317777.59
tot_uptimes: 83
tot_uptimes_duration: 4920.0
