comms_cons: 31.811059199947717
finished_reconf: true
global_termination_time: 324328.023
local_termination_time: 43864.24000000019
node_cons: 6680.071214000267
tot_aggregated_send: 4698
tot_msg_rcv: 27
tot_msg_sent: 110
tot_reconf_duration: 8.09
tot_sleeping_duration: 319347.3769999998
tot_uptimes: 84
tot_uptimes_duration: 4980.64600000019
