comms_cons: 32.17886720005645
finished_reconf: true
global_termination_time: 323138.298
local_termination_time: 59598.46896000003
node_cons: 6600.672360000005
tot_aggregated_send: 4582
tot_msg_rcv: 143
tot_msg_sent: 166
tot_reconf_duration: 9.42
tot_sleeping_duration: 318218.298
tot_uptimes: 83
tot_uptimes_duration: 4920.0
