comms_cons: 32.257817600204525
finished_reconf: true
global_termination_time: 322157.39
local_termination_time: 43906.31860000002
node_cons: 6596.326760000009
tot_aggregated_send: 4524
tot_msg_rcv: 152
tot_msg_sent: 227
tot_reconf_duration: 6.22
tot_sleeping_duration: 317237.39
tot_uptimes: 83
tot_uptimes_duration: 4920.0
