comms_cons: 34.015091200463765
finished_reconf: true
global_termination_time: 331230.672
local_termination_time: 1040.1449600000008
node_cons: 6755.933940000007
tot_aggregated_send: 4292
tot_msg_rcv: 301
tot_msg_sent: 577
tot_reconf_duration: 5.43
tot_sleeping_duration: 326190.672
tot_uptimes: 85
tot_uptimes_duration: 5040.0
