comms_cons: 121.40660479145599
finished_reconf: true
global_termination_time: 1209228.844
local_termination_time: 6146.2699999999995
node_cons: 24834.723486719424
tot_aggregated_send: 16116
tot_msg_rcv: 783
tot_msg_sent: 1555
tot_reconf_duration: 7.08
tot_sleeping_duration: 1190688.8075200005
tot_uptimes: 310
tot_uptimes_duration: 18540.036479999544
