comms_cons: 123.47247358571138
finished_reconf: true
global_termination_time: 1207930.921
local_termination_time: 7349.339
node_cons: 24833.905950069922
tot_aggregated_send: 15885
tot_msg_rcv: 1022
tot_msg_sent: 1861
tot_reconf_duration: 6.46
tot_sleeping_duration: 1189390.8662800076
tot_uptimes: 310
tot_uptimes_duration: 18540.054719992448
