comms_cons: 527.4945664716639
finished_reconf: true
global_termination_time: 5298042.69848
local_termination_time: 5298042.65736
node_cons: 108992.80794207165
tot_aggregated_send: 75734
tot_msg_rcv: 1533
tot_msg_sent: 2909
tot_reconf_duration: 24.59
tot_sleeping_duration: 5216668.975760004
tot_uptimes: 1357
tot_uptimes_duration: 81373.72271999641
