comms_cons: 531.3826561113392
finished_reconf: true
global_termination_time: 5302511.862
local_termination_time: 468260.2383600001
node_cons: 109027.96896781551
tot_aggregated_send: 73776
tot_msg_rcv: 2283
tot_msg_sent: 4708
tot_reconf_duration: 4.8100000000000005
tot_sleeping_duration: 5221091.819440016
tot_uptimes: 1358
tot_uptimes_duration: 81420.04255998414
