comms_cons: 55.184371201917784
finished_reconf: true
global_termination_time: 472799.01968000084
local_termination_time: 123276.82587999974
node_cons: 9815.725559856848
tot_aggregated_send: 4640
tot_msg_rcv: 1314
tot_msg_sent: 2434
tot_reconf_duration: 18.21
tot_sleeping_duration: 465486.84911998827
tot_uptimes: 122
tot_uptimes_duration: 7312.1705600125715
