comms_cons: 48.107110400998145
finished_reconf: true
global_termination_time: 473791.324
local_termination_time: 171117.75360000008
node_cons: 9728.712201121452
tot_aggregated_send: 6380
tot_msg_rcv: 294
tot_msg_sent: 638
tot_reconf_duration: 5.57
tot_sleeping_duration: 466531.31791999895
tot_uptimes: 122
tot_uptimes_duration: 7260.006080001069
