comms_cons: 48.06008320069302
finished_reconf: true
global_termination_time: 473094.92
local_termination_time: 19626.338480000002
node_cons: 9751.906841121445
tot_aggregated_send: 6496
tot_msg_rcv: 305
tot_msg_sent: 503
tot_reconf_duration: 22.65
tot_sleeping_duration: 465834.9139199989
tot_uptimes: 122
tot_uptimes_duration: 7260.006080001069
