comms_cons: 253.08160639988267
finished_reconf: true
global_termination_time: 2493467.738
local_termination_time: 109829.37647999996
node_cons: 51281.71430894312
tot_aggregated_send: 34104
tot_msg_rcv: 1467
tot_msg_sent: 2895
tot_reconf_duration: 18.21
tot_sleeping_duration: 2455187.689360012
tot_uptimes: 639
tot_uptimes_duration: 38280.048639987945
