comms_cons: 253.8090368121551
finished_reconf: true
global_termination_time: 2493892.007
local_termination_time: 1213306.6687999994
node_cons: 51272.30340335014
tot_aggregated_send: 33872
tot_msg_rcv: 1578
tot_msg_sent: 3127
tot_reconf_duration: 11.31
tot_sleeping_duration: 2455611.988760007
tot_uptimes: 639
tot_uptimes_duration: 38280.01823999314
