comms_cons: 2305.194893451604
finished_reconf: true
global_termination_time: 7916819.301639999
local_termination_time: 7916819.260519999
node_cons: 322636.78812708
tot_aggregated_send: 0
tot_msg_rcv: 117583
tot_msg_sent: 232795
tot_reconf_duration: 37.410000000000004
tot_sleeping_duration: 7675903.703920006
tot_uptimes: 3980
tot_uptimes_duration: 240915.59771999356
