comms_cons: 798.5972162446993
finished_reconf: true
global_termination_time: 7916820.162119997
local_termination_time: 17573.887600000002
node_cons: 162901.72969307404
tot_aggregated_send: 109968
tot_msg_rcv: 3935
tot_msg_sent: 7476
tot_reconf_duration: 22.65
tot_sleeping_duration: 7795183.888040027
tot_uptimes: 2028
tot_uptimes_duration: 121636.27407996985
