comms_cons: 783.5928321351317
finished_reconf: true
global_termination_time: 7917043.4
local_termination_time: 1395449.65536
node_cons: 162864.604108931
tot_aggregated_send: 111128
tot_msg_rcv: 2575
tot_msg_sent: 5399
tot_reconf_duration: 11.31
tot_sleeping_duration: 7795423.351360018
tot_uptimes: 2028
tot_uptimes_duration: 121620.04863998247
