comms_cons: 63.49585919990407
finished_reconf: true
global_termination_time: 630879.214
local_termination_time: 71829.69375999976
node_cons: 12965.514982238294
tot_aggregated_send: 8758
tot_msg_rcv: 329
tot_msg_sent: 564
tot_reconf_duration: 22.65
tot_sleeping_duration: 621219.2018400014
tot_uptimes: 162
tot_uptimes_duration: 9660.012159998703
