comms_cons: 63.633676798708905
finished_reconf: true
global_termination_time: 628217.796
local_termination_time: 169499.19136000052
node_cons: 12874.9356622383
tot_aggregated_send: 8352
tot_msg_rcv: 400
tot_msg_sent: 920
tot_reconf_duration: 15.110000000000001
tot_sleeping_duration: 618617.7838400013
tot_uptimes: 161
tot_uptimes_duration: 9600.012159998703
