comms_cons: 172.4680575339097
finished_reconf: true
global_termination_time: 924360.671
local_termination_time: 193894.51260000007
node_cons: 18968.817086719413
tot_aggregated_send: 0
tot_msg_rcv: 13328
tot_msg_sent: 12887
tot_reconf_duration: 6.279999999999999
tot_sleeping_duration: 910200.6345200004
tot_uptimes: 237
tot_uptimes_duration: 14160.036479999544
