comms_cons: 173.44337913180382
finished_reconf: true
global_termination_time: 920661.482
local_termination_time: 196919.95748000007
node_cons: 18886.85022335053
tot_aggregated_send: 0
tot_msg_rcv: 13415
tot_msg_sent: 12950
tot_reconf_duration: 5.1
tot_sleeping_duration: 906561.463760007
tot_uptimes: 236
tot_uptimes_duration: 14100.018239992904
