comms_cons: 92.68776959665746
finished_reconf: true
global_termination_time: 920870.524
local_termination_time: 327146.6986000001
node_cons: 18910.692710594656
tot_aggregated_send: 12412
tot_msg_rcv: 517
tot_msg_sent: 1159
tot_reconf_duration: 22.65
tot_sleeping_duration: 906770.498600004
tot_uptimes: 236
tot_uptimes_duration: 14100.025399995968
