comms_cons: 93.49763839241193
finished_reconf: true
global_termination_time: 920377.232
local_termination_time: 551086.4344799998
node_cons: 18905.302741116797
tot_aggregated_send: 12412
tot_msg_rcv: 651
tot_msg_sent: 1149
tot_reconf_duration: 18.700000000000003
tot_sleeping_duration: 906277.2259200023
tot_uptimes: 236
tot_uptimes_duration: 14100.006079997635
