comms_cons: 95.38389759324275
finished_reconf: true
global_termination_time: 925034.064
local_termination_time: 225071.56892000028
node_cons: 18975.664108957655
tot_aggregated_send: 12238
tot_msg_rcv: 808
tot_msg_sent: 1450
tot_reconf_duration: 11.31
tot_sleeping_duration: 910874.0153600017
tot_uptimes: 237
tot_uptimes_duration: 14160.048639998233
