comms_cons: 42.55426560050154
finished_reconf: true
global_termination_time: 411555.779
local_termination_time: 244700.89812000046
node_cons: 8444.236381121402
tot_aggregated_send: 5626
tot_msg_rcv: 382
tot_msg_sent: 460
tot_reconf_duration: 6.279999999999999
tot_sleeping_duration: 405255.77291999897
tot_uptimes: 106
tot_uptimes_duration: 6300.00608000104
