comms_cons: 40.81798400028449
finished_reconf: true
global_termination_time: 413577.988
local_termination_time: 120399.92719999989
node_cons: 8456.227521121442
tot_aggregated_send: 5452
tot_msg_rcv: 297
tot_msg_sent: 455
tot_reconf_duration: 15.110000000000001
tot_sleeping_duration: 407277.98191999894
tot_uptimes: 106
tot_uptimes_duration: 6300.006080001069
