comms_cons: 43.113497601071415
finished_reconf: true
global_termination_time: 413566.137
local_termination_time: 29849.69348
node_cons: 8461.119023362018
tot_aggregated_send: 5220
tot_msg_rcv: 493
tot_msg_sent: 840
tot_reconf_duration: 18.700000000000003
tot_sleeping_duration: 407266.11875999847
tot_uptimes: 106
tot_uptimes_duration: 6300.018240001504
