comms_cons: 40.67919360017903
finished_reconf: true
global_termination_time: 412437.325
local_termination_time: 58722.99836000001
node_cons: 8451.876482238315
tot_aggregated_send: 5568
tot_msg_rcv: 216
tot_msg_sent: 399
tot_reconf_duration: 11.899999999999999
tot_sleeping_duration: 406137.31284000125
tot_uptimes: 106
tot_uptimes_duration: 6300.012159998732
