comms_cons: 40.2778624001368
finished_reconf: true
global_termination_time: 411810.393
local_termination_time: 109735.04103999956
node_cons: 8443.082081119172
tot_aggregated_send: 5626
tot_msg_rcv: 147
tot_msg_sent: 349
tot_reconf_duration: 5.43
tot_sleeping_duration: 405510.3869200006
tot_uptimes: 106
tot_uptimes_duration: 6300.006079999366
