comms_cons: 51.208160001118195
finished_reconf: true
global_termination_time: 505804.918
local_termination_time: 192282.23836000008
node_cons: 10371.44848336432
tot_aggregated_send: 6844
tot_msg_rcv: 303
tot_msg_sent: 636
tot_reconf_duration: 5.57
tot_sleeping_duration: 498064.8997599968
tot_uptimes: 130
tot_uptimes_duration: 7740.01824000321
