comms_cons: 51.903392001264656
finished_reconf: true
global_termination_time: 504078.945
local_termination_time: 299329.49136000004
node_cons: 10381.761142242853
tot_aggregated_send: 6728
tot_msg_rcv: 416
tot_msg_sent: 744
tot_reconf_duration: 13.17
tot_sleeping_duration: 496338.93283999787
tot_uptimes: 130
tot_uptimes_duration: 7740.0121600021375
