comms_cons: 51.930611201046034
finished_reconf: true
global_termination_time: 506193.04
local_termination_time: 195764.29884000059
node_cons: 10379.243403364302
tot_aggregated_send: 6438
tot_msg_rcv: 489
tot_msg_sent: 966
tot_reconf_duration: 11.31
tot_sleeping_duration: 498453.0217599968
tot_uptimes: 130
tot_uptimes_duration: 7740.018240003206
