comms_cons: 1265.560648802789
finished_reconf: true
global_termination_time: 4348036.072
local_termination_time: 2110572.146239998
node_cons: 177134.2220093509
tot_aggregated_send: 0
tot_msg_rcv: 64553
tot_msg_sent: 127807
tot_reconf_duration: 18.21
tot_sleeping_duration: 4215766.0997600015
tot_uptimes: 2186
tot_uptimes_duration: 132269.9722399977
