comms_cons: 436.03658243885184
finished_reconf: true
global_termination_time: 4343742.26
local_termination_time: 1687493.0970799986
node_cons: 89358.64822669966
tot_aggregated_send: 60552
tot_msg_rcv: 1784
tot_msg_sent: 3938
tot_reconf_duration: 15.110000000000001
tot_sleeping_duration: 4277022.223520013
tot_uptimes: 1113
tot_uptimes_duration: 66720.03647998674
