comms_cons: 61.17402880065676
finished_reconf: true
global_termination_time: 615980.891
local_termination_time: 260058.701
node_cons: 12672.332684004272
tot_aggregated_send: 8466
tot_msg_rcv: 303
tot_msg_sent: 530
tot_reconf_duration: 22.65
tot_sleeping_duration: 606539.8349999968
tot_uptimes: 158
tot_uptimes_duration: 9441.056000003184
