comms_cons: 64.48994559978203
finished_reconf: true
global_termination_time: 615352.212
local_termination_time: 300867.0613600006
node_cons: 12617.546323359775
tot_aggregated_send: 8004
tot_msg_rcv: 694
tot_msg_sent: 1105
tot_reconf_duration: 3.05
tot_sleeping_duration: 605932.1937600003
tot_uptimes: 158
tot_uptimes_duration: 9420.018239999772
