comms_cons: 175.5537023899968
finished_reconf: true
global_termination_time: 1764220.6843999992
local_termination_time: 1764220.6432799993
node_cons: 36307.66784254729
tot_aggregated_send: 25042
tot_msg_rcv: 506
tot_msg_sent: 1136
tot_reconf_duration: 24.59
tot_sleeping_duration: 1737130.1133600087
tot_uptimes: 452
tot_uptimes_duration: 27090.57103999058
