comms_cons: 181.64917758162923
finished_reconf: true
global_termination_time: 1766214.737
local_termination_time: 483619.4433200002
node_cons: 36321.28476558407
tot_aggregated_send: 23316
tot_msg_rcv: 1461
tot_msg_sent: 2832
tot_reconf_duration: 5.57
tot_sleeping_duration: 1739094.7066000118
tot_uptimes: 453
tot_uptimes_duration: 27120.030399988173
