comms_cons: 177.59857918672066
finished_reconf: true
global_termination_time: 1768042.891
local_termination_time: 10366.28948
node_cons: 36331.62998894233
tot_aggregated_send: 24592
tot_msg_rcv: 778
tot_msg_sent: 1624
tot_reconf_duration: 13.17
tot_sleeping_duration: 1740922.8423600132
tot_uptimes: 453
tot_uptimes_duration: 27120.048639986882
