comms_cons: 173.37507839305437
finished_reconf: true
global_termination_time: 1765358.891
local_termination_time: 1364087.5354799998
node_cons: 36322.13490111669
tot_aggregated_send: 25056
tot_msg_rcv: 474
tot_msg_sent: 822
tot_reconf_duration: 6.22
tot_sleeping_duration: 1738238.8849200024
tot_uptimes: 453
tot_uptimes_duration: 27120.006079997635
