comms_cons: 491.8017793004852
finished_reconf: true
global_termination_time: 4898717.21
local_termination_time: 1202106.15836
node_cons: 100757.04468893373
tot_aggregated_send: 67164
tot_msg_rcv: 2532
tot_msg_sent: 5055
tot_reconf_duration: 7.819999999999999
tot_sleeping_duration: 4823477.161360018
tot_uptimes: 1255
tot_uptimes_duration: 75240.04863998247
