comms_cons: 490.4460800981525
finished_reconf: true
global_termination_time: 4900101.261
local_termination_time: 1202766.8123599999
node_cons: 100754.86374781646
tot_aggregated_send: 66932
tot_msg_rcv: 2557
tot_msg_sent: 5054
tot_reconf_duration: 6.22
tot_sleeping_duration: 4824861.218440016
tot_uptimes: 1255
tot_uptimes_duration: 75240.0425599846
