comms_cons: 101.11363199299063
finished_reconf: true
global_termination_time: 983355.61
local_termination_time: 43740.580480000106
node_cons: 20190.109885588787
tot_aggregated_send: 12992
tot_msg_rcv: 816
tot_msg_sent: 1559
tot_reconf_duration: 18.21
tot_sleeping_duration: 968295.5796000083
tot_uptimes: 252
tot_uptimes_duration: 15060.030399991607
