comms_cons: 66.93569280519188
finished_reconf: true
global_termination_time: 513902.5197200001
local_termination_time: 513902.4786000001
node_cons: 10594.05557283196
tot_aggregated_send: 3512
tot_msg_rcv: 2497
tot_msg_sent: 4173
tot_reconf_duration: 37.410000000000004
tot_sleeping_duration: 506028.5445199762
tot_uptimes: 132
tot_uptimes_duration: 7873.975200023859
