comms_cons: 50.857216000205824
finished_reconf: true
global_termination_time: 514340.783
local_termination_time: 110774.12903999981
node_cons: 10532.104060000003
tot_aggregated_send: 7424
tot_msg_rcv: 137
tot_msg_sent: 169
tot_reconf_duration: 5.57
tot_sleeping_duration: 506480.783
tot_uptimes: 132
tot_uptimes_duration: 7860.0
