comms_cons: 50.28482560014764
finished_reconf: true
global_termination_time: 513902.9652800009
local_termination_time: 231807.74448000005
node_cons: 10612.157005921166
tot_aggregated_send: 7540
tot_msg_rcv: 11
tot_msg_sent: 91
tot_reconf_duration: 10.95
tot_sleeping_duration: 505988.636
tot_uptimes: 132
tot_uptimes_duration: 7914.3292800008785
