comms_cons: 50.4822016002738
finished_reconf: true
global_termination_time: 514086.451
local_termination_time: 411270.4141600008
node_cons: 10531.913940000006
tot_aggregated_send: 7482
tot_msg_rcv: 80
tot_msg_sent: 111
tot_reconf_duration: 5.43
tot_sleeping_duration: 506226.451
tot_uptimes: 132
tot_uptimes_duration: 7860.0
