comms_cons: 248.18736640415716
finished_reconf: true
global_termination_time: 2483728.34648
local_termination_time: 2483728.3053599996
node_cons: 51165.51519548369
tot_aggregated_send: 35122
tot_msg_rcv: 837
tot_msg_sent: 1763
tot_reconf_duration: 37.410000000000004
tot_sleeping_duration: 2445554.550800026
tot_uptimes: 637
tot_uptimes_duration: 38173.79567997366
