comms_cons: 242.6929855906388
finished_reconf: true
global_termination_time: 2486540.473
local_termination_time: 1605504.1614799998
node_cons: 51104.76823999929
tot_aggregated_send: 34742
tot_msg_rcv: 752
tot_msg_sent: 1392
tot_reconf_duration: 6.279999999999999
tot_sleeping_duration: 2448380.473
tot_uptimes: 637
tot_uptimes_duration: 38160.0
