comms_cons: 250.16209918577368
finished_reconf: true
global_termination_time: 2485813.332
local_termination_time: 750293.2446799994
node_cons: 51102.25046670487
tot_aggregated_send: 34220
tot_msg_rcv: 1358
tot_msg_sent: 2445
tot_reconf_duration: 4.390000000000001
tot_sleeping_duration: 2447653.295520011
tot_uptimes: 637
tot_uptimes_duration: 38160.03647998924
