comms_cons: 238.9894399993608
finished_reconf: true
global_termination_time: 2430936.331
local_termination_time: 666593.8153599999
node_cons: 49975.662639999246
tot_aggregated_send: 35322
tot_msg_rcv: 306
tot_msg_sent: 697
tot_reconf_duration: 3.08
tot_sleeping_duration: 2393616.331
tot_uptimes: 623
tot_uptimes_duration: 37320.0
