comms_cons: 238.3644159935388
finished_reconf: true
global_termination_time: 2432261.162
local_termination_time: 1231057.5343600002
node_cons: 49986.35009999955
tot_aggregated_send: 34916
tot_msg_rcv: 462
tot_msg_sent: 852
tot_reconf_duration: 10.95
tot_sleeping_duration: 2394941.162
tot_uptimes: 623
tot_uptimes_duration: 37320.0
