comms_cons: 248.94363520589474
finished_reconf: true
global_termination_time: 2430205.855
local_termination_time: 243319.26436000006
node_cons: 49978.94349228906
tot_aggregated_send: 32944
tot_msg_rcv: 1751
tot_msg_sent: 3142
tot_reconf_duration: 5.43
tot_sleeping_duration: 2392885.7881200225
tot_uptimes: 623
tot_uptimes_duration: 37320.066879977414
