comms_cons: 246.8819071831122
finished_reconf: true
global_termination_time: 2430330.077
local_termination_time: 763179.9698399997
node_cons: 49992.42569563523
tot_aggregated_send: 32190
tot_msg_rcv: 1705
tot_msg_sent: 3631
tot_reconf_duration: 15.34
tot_sleeping_duration: 2393009.991880033
tot_uptimes: 623
tot_uptimes_duration: 37320.085119967116
