comms_cons: 1064.0439950908046
finished_reconf: true
global_termination_time: 3644477.056
local_termination_time: 2499909.310639998
node_cons: 149157.65063595356
tot_aggregated_send: 0
tot_msg_rcv: 54106
tot_msg_sent: 107624
tot_reconf_duration: 18.21
tot_sleeping_duration: 3533100.714360001
tot_uptimes: 1842
tot_uptimes_duration: 111376.34163999892
