comms_cons: 368.9802368553423
finished_reconf: true
global_termination_time: 3648889.174
local_termination_time: 248124.79936000006
node_cons: 75071.9906700556
tot_aggregated_send: 50634
tot_msg_rcv: 1922
tot_msg_sent: 3527
tot_reconf_duration: 25.299999999999997
tot_sleeping_duration: 3592849.119280017
tot_uptimes: 935
tot_uptimes_duration: 56040.054719983076
