comms_cons: 69.24607999842615
finished_reconf: true
global_termination_time: 674799.283
local_termination_time: 8589.01708
node_cons: 13829.10770111917
tot_aggregated_send: 8990
tot_msg_rcv: 555
tot_msg_sent: 980
tot_reconf_duration: 7.819999999999999
tot_sleeping_duration: 664479.2769200007
tot_uptimes: 173
tot_uptimes_duration: 10320.006079999366
