comms_cons: 68.97807359949726
finished_reconf: true
global_termination_time: 673313.123
local_termination_time: 50446.28200000001
node_cons: 13831.415195122316
tot_aggregated_send: 9106
tot_msg_rcv: 505
tot_msg_sent: 871
tot_reconf_duration: 6.22
tot_sleeping_duration: 662989.7709199983
tot_uptimes: 173
tot_uptimes_duration: 10323.352080001714
