comms_cons: 0.7500288000016724
finished_reconf: true
global_termination_time: 5613.006
local_termination_time: 1778.8383600000004
node_cons: 87.26580000000018
tot_aggregated_send: 0
tot_msg_rcv: 60
tot_msg_sent: 54
tot_reconf_duration: 5.1
tot_sleeping_duration: 5553.006
tot_uptimes: 2
tot_uptimes_duration: 60.0
