comms_cons: 143.05812479543056
finished_reconf: true
global_termination_time: 1437920.325
local_termination_time: 301632.8738000007
node_cons: 29573.648240000006
tot_aggregated_send: 20590
tot_msg_rcv: 405
tot_msg_sent: 749
tot_reconf_duration: 6.279999999999999
tot_sleeping_duration: 1415840.325
tot_uptimes: 369
tot_uptimes_duration: 22080.0
