comms_cons: 142.21598719550622
finished_reconf: true
global_termination_time: 1436680.436
local_termination_time: 654688.8873599998
node_cons: 29492.344059999978
tot_aggregated_send: 20648
tot_msg_rcv: 335
tot_msg_sent: 633
tot_reconf_duration: 5.57
tot_sleeping_duration: 1414660.436
tot_uptimes: 368
tot_uptimes_duration: 22020.0
