comms_cons: 45.218841600221054
finished_reconf: true
global_termination_time: 449648.69420000067
local_termination_time: 449648.65308000066
node_cons: 9334.48259992003
tot_aggregated_send: 6424
tot_msg_rcv: 176
tot_msg_sent: 272
tot_reconf_duration: 24.59
tot_sleeping_duration: 442702.3989200007
tot_uptimes: 116
tot_uptimes_duration: 6946.295280000006
