comms_cons: 45.79025920035933
finished_reconf: true
global_termination_time: 449648.92724000016
local_termination_time: 47704.413520000075
node_cons: 9264.708123841372
tot_aggregated_send: 5916
tot_msg_rcv: 341
tot_msg_sent: 702
tot_reconf_duration: 4.8100000000000005
tot_sleeping_duration: 442734.6806799991
tot_uptimes: 116
tot_uptimes_duration: 6914.246560001018
