comms_cons: 95.27644159751492
finished_reconf: true
global_termination_time: 950120.859
local_termination_time: 74971.28071999966
node_cons: 19531.148240000028
tot_aggregated_send: 13340
tot_msg_rcv: 429
tot_msg_sent: 712
tot_reconf_duration: 6.279999999999999
tot_sleeping_duration: 935540.859
tot_uptimes: 244
tot_uptimes_duration: 14580.0
