comms_cons: 93.79977599863226
finished_reconf: true
global_termination_time: 947977.43
local_termination_time: 260526.965
node_cons: 19478.52703432125
tot_aggregated_send: 13454
tot_msg_rcv: 230
tot_msg_sent: 573
tot_reconf_duration: 18.700000000000003
tot_sleeping_duration: 933449.3251199991
tot_uptimes: 243
tot_uptimes_duration: 14528.104880000901
