comms_cons: 85.79997439886819
finished_reconf: true
global_termination_time: 873753.778
local_termination_time: 5226.151000000001
node_cons: 17922.65344224175
tot_aggregated_send: 12581
tot_msg_rcv: 110
tot_msg_sent: 350
tot_reconf_duration: 5.02
tot_sleeping_duration: 860373.7658399987
tot_uptimes: 224
tot_uptimes_duration: 13380.012160001286
