comms_cons: 87.30003199888849
finished_reconf: true
global_termination_time: 877647.739
local_termination_time: 6441.781
node_cons: 18001.540382240608
tot_aggregated_send: 12349
tot_msg_rcv: 280
tot_msg_sent: 640
tot_reconf_duration: 3.95
tot_sleeping_duration: 864207.7268399996
tot_uptimes: 225
tot_uptimes_duration: 13440.012160000435
