comms_cons: 85.87892479839152
finished_reconf: true
global_termination_time: 873479.777
local_termination_time: 3906.863
node_cons: 17919.597942242897
tot_aggregated_send: 12582
tot_msg_rcv: 121
tot_msg_sent: 350
tot_reconf_duration: 2.77
tot_sleeping_duration: 860099.7648399979
tot_uptimes: 224
tot_uptimes_duration: 13380.012160002145
