comms_cons: 43.83720960015625
finished_reconf: true
global_termination_time: 447070.466
local_termination_time: 243929.67648000008
node_cons: 9166.324060000023
tot_aggregated_send: 6554
tot_msg_rcv: 56
tot_msg_sent: 53
tot_reconf_duration: 5.57
tot_sleeping_duration: 440230.466
tot_uptimes: 115
tot_uptimes_duration: 6840.0
