comms_cons: 45.10041600057382
finished_reconf: true
global_termination_time: 450936.953
local_termination_time: 34593.36984000003
node_cons: 9273.457400000054
tot_aggregated_send: 6380
tot_msg_rcv: 209
tot_msg_sent: 266
tot_reconf_duration: 25.299999999999997
tot_sleeping_duration: 444036.9529999999
tot_uptimes: 116
tot_uptimes_duration: 6900.000000000029
