comms_cons: 45.212544000444694
finished_reconf: true
global_termination_time: 450522.561
local_termination_time: 206096.36848000006
node_cons: 9245.64012112144
tot_aggregated_send: 6206
tot_msg_rcv: 205
tot_msg_sent: 460
tot_reconf_duration: 4.8100000000000005
tot_sleeping_duration: 443622.5549199989
tot_uptimes: 116
tot_uptimes_duration: 6900.006080001069
