comms_cons: 275.56414719664406
finished_reconf: true
global_termination_time: 2805368.929
local_termination_time: 1179736.5103599997
node_cons: 57691.053941115606
tot_aggregated_send: 40252
tot_msg_rcv: 464
tot_msg_sent: 1167
tot_reconf_duration: 5.1
tot_sleeping_duration: 2762288.9229200026
tot_uptimes: 719
tot_uptimes_duration: 43080.006079997635
