comms_cons: 360.08782081209625
finished_reconf: true
global_termination_time: 3651510.032
local_termination_time: 2172273.8950399985
node_cons: 75124.8746467003
tot_aggregated_send: 50750
tot_msg_rcv: 1249
tot_msg_sent: 2733
tot_reconf_duration: 5.1
tot_sleeping_duration: 3595409.9955200134
tot_uptimes: 936
tot_uptimes_duration: 56100.036479986506
