comms_cons: 367.8268928472594
finished_reconf: true
global_termination_time: 3654769.351
local_termination_time: 629756.197
node_cons: 75155.82234996189
tot_aggregated_send: 50110
tot_msg_rcv: 1905
tot_msg_sent: 3889
tot_reconf_duration: 22.65
tot_sleeping_duration: 3598664.0010000267
tot_uptimes: 936
tot_uptimes_duration: 56105.34999997284
