comms_cons: 115.52605439767105
finished_reconf: true
global_termination_time: 1172588.1824799997
local_termination_time: 1172588.1413599998
node_cons: 24171.161219836667
tot_aggregated_send: 17026
tot_msg_rcv: 176
tot_msg_sent: 357
tot_reconf_duration: 37.410000000000004
tot_sleeping_duration: 1154574.4719200023
tot_uptimes: 301
tot_uptimes_duration: 18013.710559997475
