comms_cons: 115.58463999661808
finished_reconf: true
global_termination_time: 1174355.842
local_termination_time: 747504.6813599999
node_cons: 24106.1419000001
tot_aggregated_send: 16936
tot_msg_rcv: 170
tot_msg_sent: 462
tot_reconf_duration: 3.05
tot_sleeping_duration: 1156355.842
tot_uptimes: 301
tot_uptimes_duration: 18000.0
