comms_cons: 114.97214719892878
finished_reconf: true
global_termination_time: 1174825.093
local_termination_time: 652371.7133599999
node_cons: 24112.619560000127
tot_aggregated_send: 17110
tot_msg_rcv: 82
tot_msg_sent: 283
tot_reconf_duration: 7.819999999999999
tot_sleeping_duration: 1156825.093
tot_uptimes: 301
tot_uptimes_duration: 18000.0
