comms_cons: 32.645990400798155
finished_reconf: true
global_termination_time: 321959.051
local_termination_time: 131347.0769600006
node_cons: 6592.0381822428535
tot_aggregated_send: 4350
tot_msg_rcv: 206
tot_msg_sent: 406
tot_reconf_duration: 3.05
tot_sleeping_duration: 317039.03883999784
tot_uptimes: 83
tot_uptimes_duration: 4920.0121600021375
