comms_cons: 401.6870464584424
finished_reconf: true
global_termination_time: 3955162.143
local_termination_time: 13500.92436
node_cons: 81328.92315563979
tot_aggregated_send: 53998
tot_msg_rcv: 2357
tot_msg_sent: 4699
tot_reconf_duration: 18.21
tot_sleeping_duration: 3894442.0578800286
tot_uptimes: 1013
tot_uptimes_duration: 60720.08511997148
