comms_cons: 387.449369629852
finished_reconf: true
global_termination_time: 3955201.993
local_termination_time: 1327009.6065999998
node_cons: 81316.50836781718
tot_aggregated_send: 55042
tot_msg_rcv: 1350
tot_msg_sent: 2498
tot_reconf_duration: 9.11
tot_sleeping_duration: 3894481.9504400156
tot_uptimes: 1013
tot_uptimes_duration: 60720.04255998437
