comms_cons: 396.9166528612471
finished_reconf: true
global_termination_time: 3957632.017
local_termination_time: 500002.45236000005
node_cons: 81399.37965228407
tot_aggregated_send: 55100
tot_msg_rcv: 1744
tot_msg_sent: 3485
tot_reconf_duration: 10.95
tot_sleeping_duration: 3896851.9501200253
tot_uptimes: 1014
tot_uptimes_duration: 60780.06687997468
