comms_cons: 400.24940804426535
finished_reconf: true
global_termination_time: 3957073.994
local_termination_time: 785932.5553599999
node_cons: 81391.04153228475
tot_aggregated_send: 54868
tot_msg_rcv: 2071
tot_msg_sent: 3895
tot_reconf_duration: 4.8100000000000005
tot_sleeping_duration: 3896293.927120025
tot_uptimes: 1014
tot_uptimes_duration: 60780.066879975144
