comms_cons: 9.883839999919505
finished_reconf: true
global_termination_time: 102164.34
local_termination_time: 1813.12612
node_cons: 2123.3060055997503
tot_aggregated_send: 754
tot_msg_rcv: 371
tot_msg_sent: 377
tot_reconf_duration: 25.35
tot_sleeping_duration: 100604.30960000018
tot_uptimes: 27
tot_uptimes_duration: 1560.030399999814
