comms_cons: 10.845657600114336
finished_reconf: true
global_termination_time: 102851.835
local_termination_time: 4219.509
node_cons: 2094.395178999055
tot_aggregated_send: 692
tot_msg_rcv: 387
tot_msg_sent: 571
tot_reconf_duration: 4.07
tot_sleeping_duration: 101291.81400000071
tot_uptimes: 27
tot_uptimes_duration: 1560.0209999992949
