comms_cons: 23.80977920068872
finished_reconf: true
global_termination_time: 220560.48728000082
local_termination_time: 220560.4461600008
node_cons: 4607.118997924256
tot_aggregated_send: 2712
tot_msg_rcv: 326
tot_msg_sent: 581
tot_reconf_duration: 24.59
tot_sleeping_duration: 217144.70999999763
tot_uptimes: 57
tot_uptimes_duration: 3415.777280003167
