comms_cons: 485.31272331077525
finished_reconf: true
global_termination_time: 4806353.445
local_termination_time: 1726950.9915999996
node_cons: 98848.97498223104
tot_aggregated_send: 66700
tot_msg_rcv: 2438
tot_msg_sent: 4627
tot_reconf_duration: 22.65
tot_sleeping_duration: 4732553.4328400055
tot_uptimes: 1231
tot_uptimes_duration: 73800.0121599955
