comms_cons: 483.9575041053754
finished_reconf: true
global_termination_time: 4809045.648
local_termination_time: 1899858.6823599997
node_cons: 98911.38120669933
tot_aggregated_send: 65772
tot_msg_rcv: 2794
tot_msg_sent: 4992
tot_reconf_duration: 9.42
tot_sleeping_duration: 4735185.611520013
tot_uptimes: 1232
tot_uptimes_duration: 73860.03647998674
