comms_cons: 484.85317127378477
finished_reconf: true
global_termination_time: 4810590.098
local_termination_time: 1933563.0495999998
node_cons: 98915.75666893357
tot_aggregated_send: 66236
tot_msg_rcv: 2678
tot_msg_sent: 4780
tot_reconf_duration: 12.629999999999999
tot_sleeping_duration: 4736730.049360018
tot_uptimes: 1232
tot_uptimes_duration: 73860.04863998224
