comms_cons: 484.1501697142939
finished_reconf: true
global_termination_time: 4809207.759
local_termination_time: 1712126.2993199995
node_cons: 98904.55046669931
tot_aggregated_send: 66352
tot_msg_rcv: 2188
tot_msg_sent: 5048
tot_reconf_duration: 4.390000000000001
tot_sleeping_duration: 4735347.722520012
tot_uptimes: 1232
tot_uptimes_duration: 73860.03647998674
