comms_cons: 485.73034249934346
finished_reconf: true
global_termination_time: 4809106.462
local_termination_time: 1477287.946
node_cons: 98907.2935516504
tot_aggregated_send: 67045
tot_msg_rcv: 2426
tot_msg_sent: 4357
tot_reconf_duration: 6.22
tot_sleeping_duration: 4735246.2328800205
tot_uptimes: 1232
tot_uptimes_duration: 73860.22911998001
