comms_cons: 97.389222398694
finished_reconf: true
global_termination_time: 980247.069
local_termination_time: 410652.38736
node_cons: 20171.30161999997
tot_aggregated_send: 13630
tot_msg_rcv: 419
tot_msg_sent: 753
tot_reconf_duration: 4.390000000000001
tot_sleeping_duration: 965187.069
tot_uptimes: 252
tot_uptimes_duration: 15060.0
