comms_cons: 99.66830079724711
finished_reconf: true
global_termination_time: 977217.748
local_termination_time: 285757.39136000007
node_cons: 20100.39968560258
tot_aggregated_send: 12818
tot_msg_rcv: 817
tot_msg_sent: 1514
tot_reconf_duration: 11.31
tot_sleeping_duration: 962217.7175999981
tot_uptimes: 251
tot_uptimes_duration: 15000.03040000191
