comms_cons: 199.84977918569828
finished_reconf: true
global_termination_time: 2006460.31224
local_termination_time: 163429.28128000078
node_cons: 41262.85205086953
tot_aggregated_send: 27782
tot_msg_rcv: 793
tot_msg_sent: 1800
tot_reconf_duration: 18.21
tot_sleeping_duration: 1975662.610320008
tot_uptimes: 514
tot_uptimes_duration: 30797.701919992425
