comms_cons: 14.913971199757338
finished_reconf: true
global_termination_time: 130193.07847999991
local_termination_time: 74493.78215999955
node_cons: 2677.315780958183
tot_aggregated_send: 1334
tot_msg_rcv: 346
tot_msg_sent: 587
tot_reconf_duration: 5.1
tot_sleeping_duration: 128198.76184000127
tot_uptimes: 34
tot_uptimes_duration: 1994.3166399986367
