comms_cons: 14.330751999980684
finished_reconf: true
global_termination_time: 130986.734
local_termination_time: 59300.568360000005
node_cons: 2681.9868411191437
tot_aggregated_send: 1392
tot_msg_rcv: 316
tot_msg_sent: 472
tot_reconf_duration: 22.65
tot_sleeping_duration: 129006.72792000063
tot_uptimes: 34
tot_uptimes_duration: 1980.0060799993662
