comms_cons: 14.093900799814566
finished_reconf: true
global_termination_time: 134006.475
local_termination_time: 78643.67735999997
node_cons: 2742.1877011191614
tot_aggregated_send: 1508
tot_msg_rcv: 229
tot_msg_sent: 406
tot_reconf_duration: 7.819999999999999
tot_sleeping_duration: 131966.46892000065
tot_uptimes: 35
tot_uptimes_duration: 2040.0060799993662
