comms_cons: 0.743449599997546
finished_reconf: true
global_termination_time: 4465.25
local_termination_time: 2694.7513599999997
node_cons: 93.13235999999948
tot_aggregated_send: 0
tot_msg_rcv: 63
tot_msg_sent: 50
tot_reconf_duration: 9.42
tot_sleeping_duration: 4405.25
tot_uptimes: 2
tot_uptimes_duration: 60.0
