comms_cons: 90.12090879771947
finished_reconf: true
global_termination_time: 898743.15612
local_termination_time: 145248.4596000001
node_cons: 18530.68943812285
tot_aggregated_send: 12238
tot_msg_rcv: 486
tot_msg_sent: 973
tot_reconf_duration: 22.65
tot_sleeping_duration: 884926.927039998
tot_uptimes: 231
tot_uptimes_duration: 13816.229080002115
