comms_cons: 813.8216321773411
finished_reconf: true
global_termination_time: 8159055.252239995
local_termination_time: 73151.37687999949
node_cons: 167903.39178042952
tot_aggregated_send: 114724
tot_msg_rcv: 2864
tot_msg_sent: 6107
tot_reconf_duration: 18.21
tot_sleeping_duration: 8033679.103920029
tot_uptimes: 2090
tot_uptimes_duration: 125376.14831996663
