comms_cons: 1297.2976291937089
finished_reconf: true
global_termination_time: 8161482.228
local_termination_time: 1778163.8543599998
node_cons: 167917.57464669656
tot_aggregated_send: 0
tot_msg_rcv: 99370
tot_msg_sent: 97811
tot_reconf_duration: 5.1
tot_sleeping_duration: 8036082.191520013
tot_uptimes: 2091
tot_uptimes_duration: 125400.03647998697
