comms_cons: 808.4663297810156
finished_reconf: true
global_termination_time: 8159839.921
local_termination_time: 1818066.7959199995
node_cons: 167864.6662466968
tot_aggregated_send: 113100
tot_msg_rcv: 3264
tot_msg_sent: 6517
tot_reconf_duration: 25.299999999999997
tot_sleeping_duration: 8034499.884520014
tot_uptimes: 2090
tot_uptimes_duration: 125340.03647998697
