comms_cons: 801.4065793250043
finished_reconf: true
global_termination_time: 8159281.43
local_termination_time: 5625753.688
node_cons: 167846.07168478865
tot_aggregated_send: 113676
tot_msg_rcv: 2780
tot_msg_sent: 5352
tot_reconf_duration: 10.95
tot_sleeping_duration: 8033940.726800004
tot_uptimes: 2090
tot_uptimes_duration: 125340.70319999568
