comms_cons: 821.4820674494794
finished_reconf: true
global_termination_time: 8160625.798
local_termination_time: 750293.2446799994
node_cons: 167836.3030311687
tot_aggregated_send: 112114
tot_msg_rcv: 4472
tot_msg_sent: 8273
tot_reconf_duration: 4.390000000000001
tot_sleeping_duration: 8035285.73720002
tot_uptimes: 2090
tot_uptimes_duration: 125340.06079998094
