comms_cons: 375.9486464456197
finished_reconf: true
global_termination_time: 3736184.817
local_termination_time: 2929040.044
node_cons: 76848.51887862686
tot_aggregated_send: 52256
tot_msg_rcv: 1703
tot_msg_sent: 3183
tot_reconf_duration: 22.65
tot_sleeping_duration: 3678815.317240008
tot_uptimes: 957
tot_uptimes_duration: 57369.49975999165
