comms_cons: 372.22014084571373
finished_reconf: true
global_termination_time: 3734409.748
local_termination_time: 2202580.0634799986
node_cons: 76821.20019999801
tot_aggregated_send: 53766
tot_msg_rcv: 1138
tot_msg_sent: 1671
tot_reconf_duration: 11.899999999999999
tot_sleeping_duration: 3677049.748
tot_uptimes: 957
tot_uptimes_duration: 57360.0
