comms_cons: 375.8934720559555
finished_reconf: true
global_termination_time: 3735081.846
local_termination_time: 2693241.7433599997
node_cons: 76815.68398334904
tot_aggregated_send: 52142
tot_msg_rcv: 1685
tot_msg_sent: 3305
tot_reconf_duration: 7.819999999999999
tot_sleeping_duration: 3677721.8277600063
tot_uptimes: 957
tot_uptimes_duration: 57360.01823999337
