comms_cons: 135.4995647799187
finished_reconf: true
global_termination_time: 1244475.9012400005
local_termination_time: 360605.03464000084
node_cons: 25660.31212438711
tot_aggregated_send: 14210
tot_msg_rcv: 2344
tot_msg_sent: 4040
tot_reconf_duration: 18.21
tot_sleeping_duration: 1225330.5816400102
tot_uptimes: 319
tot_uptimes_duration: 19145.319599990326
