comms_cons: 259.1152127889927
finished_reconf: true
global_termination_time: 2618951.367
local_termination_time: 869893.9133599999
node_cons: 53915.0657999991
tot_aggregated_send: 37816
tot_msg_rcv: 584
tot_msg_sent: 984
tot_reconf_duration: 5.1
tot_sleeping_duration: 2578691.367
tot_uptimes: 671
tot_uptimes_duration: 40260.0
