comms_cons: 56.83133439946535
finished_reconf: true
global_termination_time: 557409.681
local_termination_time: 270098.0529600006
node_cons: 11418.907701121456
tot_aggregated_send: 7656
tot_msg_rcv: 406
tot_msg_sent: 576
tot_reconf_duration: 7.819999999999999
tot_sleeping_duration: 548889.6749199989
tot_uptimes: 143
tot_uptimes_duration: 8520.006080001069
