comms_cons: 1172.5207251783027
finished_reconf: true
global_termination_time: 4025202.9236
local_termination_time: 4025202.8824799997
node_cons: 164212.7700983915
tot_aggregated_send: 0
tot_msg_rcv: 59736
tot_msg_sent: 118480
tot_reconf_duration: 24.59
tot_sleeping_duration: 3902589.498000002
tot_uptimes: 2027
tot_uptimes_duration: 122613.42559999797
