comms_cons: 791.4465037359346
finished_reconf: true
global_termination_time: 4025203.5235999976
local_termination_time: 2055.93748
node_cons: 82795.53103397941
tot_aggregated_send: 0
tot_msg_rcv: 60554
tot_msg_sent: 59739
tot_reconf_duration: 18.21
tot_sleeping_duration: 3963388.137600011
tot_uptimes: 1031
tot_uptimes_duration: 61815.3859999862
