comms_cons: 402.3139584493524
finished_reconf: true
global_termination_time: 4028907.438
local_termination_time: 720105.743
node_cons: 82839.07817733962
tot_aggregated_send: 56199
tot_msg_rcv: 1485
tot_msg_sent: 3462
tot_reconf_duration: 4.390000000000001
tot_sleeping_duration: 3967045.513760014
tot_uptimes: 1032
tot_uptimes_duration: 61861.92423998634
