comms_cons: 403.0124800450905
finished_reconf: true
global_termination_time: 4029055.601
local_termination_time: 973522.4087999985
node_cons: 82834.70632334906
tot_aggregated_send: 56318
tot_msg_rcv: 1623
tot_msg_sent: 3313
tot_reconf_duration: 3.05
tot_sleeping_duration: 3967195.5827600067
tot_uptimes: 1032
tot_uptimes_duration: 61860.01823999337
