comms_cons: 400.6986240388598
finished_reconf: true
global_termination_time: 4025456.852
local_termination_time: 1792060.2625999989
node_cons: 82758.67118334929
tot_aggregated_send: 56202
tot_msg_rcv: 1611
tot_msg_sent: 3090
tot_reconf_duration: 6.22
tot_sleeping_duration: 3963656.8337600064
tot_uptimes: 1031
tot_uptimes_duration: 61800.0182399936
