comms_cons: 471.0845055081523
finished_reconf: true
global_termination_time: 2586791.523
local_termination_time: 439861.08260000014
node_cons: 53189.2381822329
tot_aggregated_send: 0
tot_msg_rcv: 36041
tot_msg_sent: 35562
tot_reconf_duration: 3.05
tot_sleeping_duration: 2547071.510840005
tot_uptimes: 663
tot_uptimes_duration: 39720.01215999527
