comms_cons: 70.62771199953676
finished_reconf: true
global_termination_time: 713591.904
local_termination_time: 571929.22636
node_cons: 14639.764860000078
tot_aggregated_send: 10324
tot_msg_rcv: 190
tot_msg_sent: 221
tot_reconf_duration: 13.17
tot_sleeping_duration: 702671.904
tot_uptimes: 183
tot_uptimes_duration: 10920.0
