comms_cons: 71.96391679833934
finished_reconf: true
global_termination_time: 713591.464
local_termination_time: 6638.841840000001
node_cons: 14652.663123359715
tot_aggregated_send: 9628
tot_msg_rcv: 400
tot_msg_sent: 911
tot_reconf_duration: 22.65
tot_sleeping_duration: 702671.4457600003
tot_uptimes: 183
tot_uptimes_duration: 10920.018239999772
