comms_cons: 469.5353920665333
finished_reconf: true
global_termination_time: 4693928.787239992
local_termination_time: 69493.69347999996
node_cons: 96625.1541949885
tot_aggregated_send: 65714
tot_msg_rcv: 1954
tot_msg_sent: 3697
tot_reconf_duration: 5.57
tot_sleeping_duration: 4621772.259880029
tot_uptimes: 1203
tot_uptimes_duration: 72156.52735996357
