comms_cons: 473.53139209545003
finished_reconf: true
global_termination_time: 4695149.474
local_termination_time: 1831022.2266799984
node_cons: 96581.51306558229
tot_aggregated_send: 65250
tot_msg_rcv: 2259
tot_msg_sent: 4465
tot_reconf_duration: 9.42
tot_sleeping_duration: 4623029.443600011
tot_uptimes: 1203
tot_uptimes_duration: 72120.03039998887
