comms_cons: 472.9358848759148
finished_reconf: true
global_termination_time: 4695858.022
local_termination_time: 2202499.495279999
node_cons: 96572.8707466996
tot_aggregated_send: 65250
tot_msg_rcv: 2330
tot_msg_sent: 4304
tot_reconf_duration: 3.05
tot_sleeping_duration: 4623737.985520013
tot_uptimes: 1203
tot_uptimes_duration: 72120.03647998697
