comms_cons: 468.3870656487429
finished_reconf: true
global_termination_time: 4695262.394
local_termination_time: 1658912.3350799996
node_cons: 96577.19188893348
tot_aggregated_send: 65830
tot_msg_rcv: 1811
tot_msg_sent: 3548
tot_reconf_duration: 6.22
tot_sleeping_duration: 4623142.345360017
tot_uptimes: 1203
tot_uptimes_duration: 72120.04863998224
