comms_cons: 33.152588800167784
finished_reconf: true
global_termination_time: 338606.3676400004
local_termination_time: 338606.3265200004
node_cons: 6986.3338952019985
tot_aggregated_send: 4858
tot_msg_rcv: 40
tot_msg_sent: 140
tot_reconf_duration: 24.59
tot_sleeping_duration: 333413.730839999
tot_uptimes: 87
tot_uptimes_duration: 5192.636800001477
