comms_cons: 431.7605629324719
finished_reconf: true
global_termination_time: 2197679.0785199967
local_termination_time: 3261.07448
node_cons: 45218.89766439683
tot_aggregated_send: 0
tot_msg_rcv: 33018
tot_msg_sent: 32607
tot_reconf_duration: 18.21
tot_sleeping_duration: 2163926.8989199987
tot_uptimes: 563
tot_uptimes_duration: 33752.179599997995
