comms_cons: 219.69985278213218
finished_reconf: true
global_termination_time: 2200648.878
local_termination_time: 313794.98448000004
node_cons: 45237.406043354546
tot_aggregated_send: 30276
tot_msg_rcv: 1025
tot_msg_sent: 2092
tot_reconf_duration: 4.390000000000001
tot_sleeping_duration: 2166868.8597600036
tot_uptimes: 564
tot_uptimes_duration: 33780.01823999634
