comms_cons: 218.60707838524456
finished_reconf: true
global_termination_time: 2198194.185
local_termination_time: 352138.3186400004
node_cons: 45155.238182233246
tot_aggregated_send: 30508
tot_msg_rcv: 1002
tot_msg_sent: 1717
tot_reconf_duration: 3.05
tot_sleeping_duration: 2164474.172840005
tot_uptimes: 563
tot_uptimes_duration: 33720.01215999527
