comms_cons: 216.42936318777416
finished_reconf: true
global_termination_time: 2199912.319
local_termination_time: 635666.93036
node_cons: 45239.87490111646
tot_aggregated_send: 30798
tot_msg_rcv: 629
tot_msg_sent: 1469
tot_reconf_duration: 6.22
tot_sleeping_duration: 2166132.3129200027
tot_uptimes: 564
tot_uptimes_duration: 33780.006079997635
