comms_cons: 277.9850175885672
finished_reconf: true
global_termination_time: 2805673.283
local_termination_time: 688857.1413599998
node_cons: 57691.74918893388
tot_aggregated_send: 37526
tot_msg_rcv: 1625
tot_msg_sent: 3101
tot_reconf_duration: 5.57
tot_sleeping_duration: 2762593.2343600187
tot_uptimes: 719
tot_uptimes_duration: 43080.04863998131
