comms_cons: 286.03423359756476
finished_reconf: true
global_termination_time: 2806049.302
local_termination_time: 148828.67036000008
node_cons: 57690.17117228875
tot_aggregated_send: 37352
tot_msg_rcv: 1995
tot_msg_sent: 4127
tot_reconf_duration: 4.390000000000001
tot_sleeping_duration: 2762969.2351200227
tot_uptimes: 719
tot_uptimes_duration: 43080.066879977414
