comms_cons: 15.502975999828532
finished_reconf: true
global_termination_time: 134724.548
local_termination_time: 58004.21716000006
node_cons: 2762.334982238295
tot_aggregated_send: 1102
tot_msg_rcv: 512
tot_msg_sent: 742
tot_reconf_duration: 22.65
tot_sleeping_duration: 132684.53584000128
tot_uptimes: 35
tot_uptimes_duration: 2040.0121599987324
