comms_cons: 15.415065599811145
finished_reconf: true
global_termination_time: 134689.938
local_termination_time: 41487.20048000002
node_cons: 2737.5704667171976
tot_aggregated_send: 1218
tot_msg_rcv: 370
tot_msg_sent: 755
tot_reconf_duration: 4.390000000000001
tot_sleeping_duration: 132649.9015200021
tot_uptimes: 35
tot_uptimes_duration: 2040.0364799978997
