comms_cons: 14.771903999554304
finished_reconf: true
global_termination_time: 134653.803
local_termination_time: 84223.13623999972
node_cons: 2742.2202655957667
tot_aggregated_send: 1334
tot_msg_rcv: 272
tot_msg_sent: 639
tot_reconf_duration: 7.819999999999999
tot_sleeping_duration: 132613.77260000317
tot_uptimes: 35
tot_uptimes_duration: 2040.030399996831
