comms_cons: 278.70402561628464
finished_reconf: true
global_termination_time: 2809671.309
local_termination_time: 5071.996999999999
node_cons: 57879.28228781806
tot_aggregated_send: 39125
tot_msg_rcv: 1108
tot_msg_sent: 2128
tot_reconf_duration: 25.35
tot_sleeping_duration: 2766471.2664400158
tot_uptimes: 720
tot_uptimes_duration: 43200.04255998437
