comms_cons: 277.5898432024787
finished_reconf: true
global_termination_time: 2808613.788
local_termination_time: 4998.662
node_cons: 57850.212946700914
tot_aggregated_send: 39261
tot_msg_rcv: 905
tot_msg_sent: 2027
tot_reconf_duration: 3.95
tot_sleeping_duration: 2765413.751520014
tot_uptimes: 720
tot_uptimes_duration: 43200.036479986506
