comms_cons: 274.1314496123405
finished_reconf: true
global_termination_time: 2809695.428
local_termination_time: 4331.286999999999
node_cons: 57854.487910051714
tot_aggregated_send: 38562
tot_msg_rcv: 1143
tot_msg_sent: 1961
tot_reconf_duration: 7.08
tot_sleeping_duration: 2766495.3732800204
tot_uptimes: 720
tot_uptimes_duration: 43200.05471997964
