comms_cons: 117.22160639801457
finished_reconf: true
global_termination_time: 1185482.437
local_termination_time: 673428.9695199992
node_cons: 24360.904860000093
tot_aggregated_send: 17110
tot_msg_rcv: 255
tot_msg_sent: 452
tot_reconf_duration: 13.17
tot_sleeping_duration: 1167302.437
tot_uptimes: 304
tot_uptimes_duration: 18180.0
