comms_cons: 135.61830399324157
finished_reconf: true
global_termination_time: 1463255.1
local_termination_time: 3306.0682400000005
node_cons: 30081.6504289531
tot_aggregated_send: 18618
tot_msg_rcv: 664
tot_msg_sent: 1332
tot_reconf_duration: 25.35
tot_sleeping_duration: 1440815.0513600053
tot_uptimes: 375
tot_uptimes_duration: 22440.048639994813
