comms_cons: 140.1882751907314
finished_reconf: true
global_termination_time: 1458590.726
local_termination_time: 6281.984
node_cons: 29970.606083350543
tot_aggregated_send: 19426
tot_msg_rcv: 589
tot_msg_sent: 1293
tot_reconf_duration: 2.77
tot_sleeping_duration: 1436210.7077600071
tot_uptimes: 374
tot_uptimes_duration: 22380.018239992904
