comms_cons: 140.79951358779613
finished_reconf: true
global_termination_time: 1458849.417
local_termination_time: 4987.082
node_cons: 29976.524192303594
tot_aggregated_send: 18726
tot_msg_rcv: 761
tot_msg_sent: 1914
tot_reconf_duration: 7.08
tot_sleeping_duration: 1436469.3501200122
tot_uptimes: 374
tot_uptimes_duration: 22380.066879987717
