comms_cons: 378.69577601328695
finished_reconf: true
global_termination_time: 3847460.1
local_termination_time: 1707222.1303599998
node_cons: 79142.46405999814
tot_aggregated_send: 55274
tot_msg_rcv: 780
tot_msg_sent: 1505
tot_reconf_duration: 5.57
tot_sleeping_duration: 3788360.1
tot_uptimes: 986
tot_uptimes_duration: 59100.0
