comms_cons: 386.2440896497376
finished_reconf: true
global_termination_time: 3849832.322
local_termination_time: 1373517.9654799998
node_cons: 79143.4118889333
tot_aggregated_send: 51388
tot_msg_rcv: 2267
tot_msg_sent: 5052
tot_reconf_duration: 6.22
tot_sleeping_duration: 3790732.2733600186
tot_uptimes: 986
tot_uptimes_duration: 59100.04863998154
