comms_cons: 381.47374082263536
finished_reconf: true
global_termination_time: 3849621.421
local_termination_time: 548795.7013599998
node_cons: 79142.27393999795
tot_aggregated_send: 54984
tot_msg_rcv: 959
tot_msg_sent: 2036
tot_reconf_duration: 5.43
tot_sleeping_duration: 3790521.421
tot_uptimes: 986
tot_uptimes_duration: 59100.0
