comms_cons: 378.5579776111026
finished_reconf: true
global_termination_time: 3847422.05
local_termination_time: 1117033.05036
node_cons: 79155.73171999815
tot_aggregated_send: 54984
tot_msg_rcv: 768
tot_msg_sent: 1786
tot_reconf_duration: 15.34
tot_sleeping_duration: 3788322.05
tot_uptimes: 986
tot_uptimes_duration: 59100.0
