comms_cons: 15.937331199891917
finished_reconf: true
global_termination_time: 132095.395
local_termination_time: 35446.974360000015
node_cons: 2671.7800855991777
tot_aggregated_send: 986
tot_msg_rcv: 630
tot_msg_sent: 806
tot_reconf_duration: 15.110000000000001
tot_sleeping_duration: 130115.3646000006
tot_uptimes: 34
tot_uptimes_duration: 1980.0303999993848
