comms_cons: 18.110547199872478
finished_reconf: true
global_termination_time: 131507.294
local_termination_time: 65725.59647999998
node_cons: 2666.619685599194
tot_aggregated_send: 870
tot_msg_rcv: 865
tot_msg_sent: 1018
tot_reconf_duration: 11.31
tot_sleeping_duration: 129527.2636000006
tot_uptimes: 34
tot_uptimes_duration: 1980.0303999993848
