comms_cons: 167.80249599516478
finished_reconf: true
global_termination_time: 1701996.668
local_termination_time: 739047.8180000001
node_cons: 34958.52770111688
tot_aggregated_send: 24642
tot_msg_rcv: 338
tot_msg_sent: 525
tot_reconf_duration: 7.819999999999999
tot_sleeping_duration: 1675896.6619200024
tot_uptimes: 436
tot_uptimes_duration: 26100.006079997635
