comms_cons: 166.33476479588538
finished_reconf: true
global_termination_time: 1700123.115
local_termination_time: 1267903.85736
node_cons: 34963.258980000035
tot_aggregated_send: 24360
tot_msg_rcv: 288
tot_msg_sent: 633
tot_reconf_duration: 11.31
tot_sleeping_duration: 1674023.115
tot_uptimes: 436
tot_uptimes_duration: 26100.0
