comms_cons: 69.77304320015303
finished_reconf: true
global_termination_time: 711858.146
local_termination_time: 253147.92599999998
node_cons: 14652.638700000012
tot_aggregated_send: 10380
tot_msg_rcv: 68
tot_msg_sent: 155
tot_reconf_duration: 22.65
tot_sleeping_duration: 700938.146
tot_uptimes: 183
tot_uptimes_duration: 10920.0
