comms_cons: 70.8645631995847
finished_reconf: true
global_termination_time: 712286.332
local_termination_time: 99958.26435999999
node_cons: 14637.238980000038
tot_aggregated_send: 10208
tot_msg_rcv: 225
tot_msg_sent: 338
tot_reconf_duration: 11.31
tot_sleeping_duration: 701366.332
tot_uptimes: 183
tot_uptimes_duration: 10920.0
