comms_cons: 325.6461888309552
finished_reconf: true
global_termination_time: 3222578.413
local_termination_time: 498184.15144000016
node_cons: 66286.4941844665
tot_aggregated_send: 44660
tot_msg_rcv: 1642
tot_msg_sent: 3194
tot_reconf_duration: 4.390000000000001
tot_sleeping_duration: 3173078.388680009
tot_uptimes: 826
tot_uptimes_duration: 49500.024319991004
