comms_cons: 322.41832961742557
finished_reconf: true
global_termination_time: 3219569.0742399953
local_termination_time: 18943.343800000002
node_cons: 66246.79919828782
tot_aggregated_send: 44660
tot_msg_rcv: 1438
tot_msg_sent: 2906
tot_reconf_duration: 11.31
tot_sleeping_duration: 3170105.7133600186
tot_uptimes: 825
tot_uptimes_duration: 49463.360879977
