comms_cons: 689.4218366181301
finished_reconf: true
global_termination_time: 2360771.6131599983
local_termination_time: 2360771.572039998
node_cons: 96637.83217905984
tot_aggregated_send: 0
tot_msg_rcv: 35074
tot_msg_sent: 69713
tot_reconf_duration: 24.59
tot_sleeping_duration: 2288624.907440011
tot_uptimes: 1195
tot_uptimes_duration: 72146.70571998716
