comms_cons: 236.46574717758674
finished_reconf: true
global_termination_time: 2361547.057
local_termination_time: 1211352.170479999
node_cons: 48533.84746558349
tot_aggregated_send: 32016
tot_msg_rcv: 1450
tot_msg_sent: 2476
tot_reconf_duration: 6.22
tot_sleeping_duration: 2325307.026600012
tot_uptimes: 605
tot_uptimes_duration: 36240.03039998817
