comms_cons: 825.248793726744
finished_reconf: true
global_termination_time: 8325902.40348
local_termination_time: 8325902.36236
node_cons: 171354.07378430033
tot_aggregated_send: 119802
tot_msg_rcv: 1789
tot_msg_sent: 3841
tot_reconf_duration: 37.410000000000004
tot_sleeping_duration: 8197968.66860001
tot_uptimes: 2133
tot_uptimes_duration: 127933.73487998998
