comms_cons: 822.9330817991735
finished_reconf: true
global_termination_time: 8329727.215
local_termination_time: 5455351.52392
node_cons: 171376.25506669638
tot_aggregated_send: 114550
tot_msg_rcv: 3508
tot_msg_sent: 7022
tot_reconf_duration: 8.09
tot_sleeping_duration: 8201747.178520013
tot_uptimes: 2134
tot_uptimes_duration: 127980.03647998697
