comms_cons: 385.33294724334604
finished_reconf: true
global_termination_time: 3865398.155
local_termination_time: 2014083.57636
node_cons: 79467.28692558325
tot_aggregated_send: 54288
tot_msg_rcv: 1578
tot_msg_sent: 2702
tot_reconf_duration: 8.09
tot_sleeping_duration: 3806058.124600011
tot_uptimes: 990
tot_uptimes_duration: 59340.03039998887
