comms_cons: 384.0469504250875
finished_reconf: true
global_termination_time: 3867014.364
local_termination_time: 1696979.6090799996
node_cons: 79544.03092781673
tot_aggregated_send: 53882
tot_msg_rcv: 1524
tot_msg_sent: 2967
tot_reconf_duration: 5.43
tot_sleeping_duration: 3807614.321440016
tot_uptimes: 991
tot_uptimes_duration: 59400.04255998414
