comms_cons: 279.2475647965794
finished_reconf: true
global_termination_time: 2810027.581
local_termination_time: 4846.564
node_cons: 57852.83658893457
tot_aggregated_send: 39434
tot_msg_rcv: 1100
tot_msg_sent: 1910
tot_reconf_duration: 5.87
tot_sleeping_duration: 2766827.5323600178
tot_uptimes: 720
tot_uptimes_duration: 43200.048639981775
