comms_cons: 281.2656128077105
finished_reconf: true
global_termination_time: 2810051.891
local_termination_time: 4958.794
node_cons: 57859.24087565286
tot_aggregated_send: 39554
tot_msg_rcv: 985
tot_msg_sent: 2210
tot_reconf_duration: 10.55
tot_sleeping_duration: 2766851.8058800194
tot_uptimes: 720
tot_uptimes_duration: 43200.08511998049
