comms_cons: 864.93032980013
finished_reconf: true
global_termination_time: 8687526.615
local_termination_time: 2761918.5793999983
node_cons: 178683.80547116525
tot_aggregated_send: 120350
tot_msg_rcv: 3802
tot_msg_sent: 7310
tot_reconf_duration: 5.57
tot_sleeping_duration: 8554086.554200022
tot_uptimes: 2225
tot_uptimes_duration: 133440.06079997844
