comms_cons: 848.4931072477439
finished_reconf: true
global_termination_time: 8687668.244
local_termination_time: 6581597.789879998
node_cons: 178692.32019999294
tot_aggregated_send: 126034
tot_msg_rcv: 874
tot_msg_sent: 2058
tot_reconf_duration: 11.899999999999999
tot_sleeping_duration: 8554228.244
tot_uptimes: 2225
tot_uptimes_duration: 133440.0
