comms_cons: 873.1256322417204
finished_reconf: true
global_termination_time: 8685831.235
local_termination_time: 828325.644239998
node_cons: 178682.24373674934
tot_aggregated_send: 120872
tot_msg_rcv: 3934
tot_msg_sent: 7904
tot_reconf_duration: 4.390000000000001
tot_sleeping_duration: 8552391.143800033
tot_uptimes: 2225
tot_uptimes_duration: 133440.09119996685
