comms_cons: 43.462195200323976
finished_reconf: true
global_termination_time: 443207.238
local_termination_time: 276415.77512000094
node_cons: 9105.387564802646
tot_aggregated_send: 6380
tot_msg_rcv: 78
tot_msg_sent: 148
tot_reconf_duration: 13.17
tot_sleeping_duration: 436420.454799998
tot_uptimes: 114
tot_uptimes_duration: 6786.783200001984
