comms_cons: 43.44903680027851
finished_reconf: true
global_termination_time: 438074.6682000003
local_termination_time: 46982.33148000002
node_cons: 9032.992406800402
tot_aggregated_send: 6322
tot_msg_rcv: 102
tot_msg_sent: 180
tot_reconf_duration: 4.390000000000001
tot_sleeping_duration: 431333.047
tot_uptimes: 113
tot_uptimes_duration: 6741.621200000285
