comms_cons: 117.64975359491994
finished_reconf: true
global_termination_time: 1143151.314
local_termination_time: 265945.91136
node_cons: 23477.20556560253
tot_aggregated_send: 15254
tot_msg_rcv: 952
tot_msg_sent: 1675
tot_reconf_duration: 13.17
tot_sleeping_duration: 1125631.283599998
tot_uptimes: 293
tot_uptimes_duration: 17520.03040000188
