comms_cons: 118.28869118886055
finished_reconf: true
global_termination_time: 1147022.641
local_termination_time: 422371.83756000025
node_cons: 23560.163803355113
tot_aggregated_send: 15138
tot_msg_rcv: 993
tot_msg_sent: 1849
tot_reconf_duration: 15.110000000000001
tot_sleeping_duration: 1129442.622760004
tot_uptimes: 294
tot_uptimes_duration: 17580.018239996338
