comms_cons: 117.03801598887847
finished_reconf: true
global_termination_time: 1142734.73824
local_termination_time: 136184.13316000032
node_cons: 23496.030084953545
tot_aggregated_send: 15254
tot_msg_rcv: 918
tot_msg_sent: 1616
tot_reconf_duration: 3.05
tot_sleeping_duration: 1125190.385600005
tot_uptimes: 293
tot_uptimes_duration: 17544.352639995166
