comms_cons: 114.61029119456981
finished_reconf: true
global_termination_time: 1144473.371
local_termination_time: 311431.65936000005
node_cons: 23555.03596783625
tot_aggregated_send: 15312
tot_msg_rcv: 736
tot_msg_sent: 1373
tot_reconf_duration: 11.31
tot_sleeping_duration: 1126893.3284400029
tot_uptimes: 294
tot_uptimes_duration: 17580.04255999718
