comms_cons: 109.70621439567472
finished_reconf: true
global_termination_time: 1100316.5925999999
local_termination_time: 1100316.55148
node_cons: 22627.354860633437
tot_aggregated_send: 15588
tot_msg_rcv: 377
tot_msg_sent: 708
tot_reconf_duration: 24.59
tot_sleeping_duration: 1083442.8348400048
tot_uptimes: 282
tot_uptimes_duration: 16873.75775999506
