comms_cons: 12.07941120018263
finished_reconf: true
global_termination_time: 165348.871
local_termination_time: 2829.34812
node_cons: 3389.212526721749
tot_aggregated_send: 0
tot_msg_rcv: 328
tot_msg_sent: 1508
tot_reconf_duration: 10.96
tot_sleeping_duration: 162828.8345199987
tot_uptimes: 43
tot_uptimes_duration: 2520.036480001305
