comms_cons: 12.58469120003989
finished_reconf: true
global_termination_time: 161786.297
local_termination_time: 2477.97424
node_cons: 3297.750506721758
tot_aggregated_send: 0
tot_msg_rcv: 391
tot_msg_sent: 1521
tot_reconf_duration: 2.77
tot_sleeping_duration: 159326.26051999867
tot_uptimes: 42
tot_uptimes_duration: 2460.036480001312
