comms_cons: 10.931961600383852
finished_reconf: true
global_termination_time: 162566.667
local_termination_time: 1282.32212
node_cons: 3304.2173233631547
tot_aggregated_send: 0
tot_msg_rcv: 227
tot_msg_sent: 1434
tot_reconf_duration: 7.55
tot_sleeping_duration: 160106.64875999765
tot_uptimes: 42
tot_uptimes_duration: 2460.018240002355
