comms_cons: 32.554508800543566
finished_reconf: true
global_termination_time: 320403.617
local_termination_time: 1239.6415200000038
node_cons: 6598.52398336089
tot_aggregated_send: 4292
tot_msg_rcv: 249
tot_msg_sent: 407
tot_reconf_duration: 7.819999999999999
tot_sleeping_duration: 315483.5987599993
tot_uptimes: 83
tot_uptimes_duration: 4920.01824000066
