comms_cons: 191.02111998781635
finished_reconf: true
global_termination_time: 1938135.736
local_termination_time: 781672.4173599998
node_cons: 39873.40988558385
tot_aggregated_send: 26970
tot_msg_rcv: 707
tot_msg_sent: 1358
tot_reconf_duration: 18.21
tot_sleeping_duration: 1908375.7056000119
tot_uptimes: 497
tot_uptimes_duration: 29760.030399988173
