comms_cons: 190.08029439719954
finished_reconf: true
global_termination_time: 1939516.478
local_termination_time: 560269.799
node_cons: 39857.17638111662
tot_aggregated_send: 27891
tot_msg_rcv: 301
tot_msg_sent: 699
tot_reconf_duration: 6.279999999999999
tot_sleeping_duration: 1909756.4719200023
tot_uptimes: 497
tot_uptimes_duration: 29760.006079997635
