comms_cons: 190.81790078778542
finished_reconf: true
global_termination_time: 1938895.5
local_termination_time: 1173280.31136
node_cons: 39857.103042233364
tot_aggregated_send: 25868
tot_msg_rcv: 1058
tot_msg_sent: 2078
tot_reconf_duration: 6.22
tot_sleeping_duration: 1909135.4878400047
tot_uptimes: 497
tot_uptimes_duration: 29760.01215999527
