comms_cons: 191.1839999943685
finished_reconf: true
global_termination_time: 1938928.154
local_termination_time: 961220.0193599998
node_cons: 39869.471719999696
tot_aggregated_send: 27898
tot_msg_rcv: 376
tot_msg_sent: 784
tot_reconf_duration: 15.34
tot_sleeping_duration: 1909168.154
tot_uptimes: 497
tot_uptimes_duration: 29760.0
