comms_cons: 107.39406721226935
finished_reconf: true
global_termination_time: 669424.627
local_termination_time: 170430.22236000004
node_cons: 13746.733368966863
tot_aggregated_send: 0
tot_msg_rcv: 8367
tot_msg_sent: 7956
tot_reconf_duration: 6.279999999999999
tot_sleeping_duration: 659164.5783599948
tot_uptimes: 172
tot_uptimes_duration: 10260.048640005116
