comms_cons: 107.90859521253607
finished_reconf: true
global_termination_time: 670376.319
local_termination_time: 169200.47360000008
node_cons: 13746.660030092897
tot_aggregated_send: 0
tot_msg_rcv: 8440
tot_msg_sent: 7965
tot_reconf_duration: 6.22
tot_sleeping_duration: 660116.2642799905
tot_uptimes: 172
tot_uptimes_duration: 10260.054720009619
