comms_cons: 38.133043195450966
finished_reconf: true
global_termination_time: 670948.248
local_termination_time: 1750.28612
node_cons: 13748.40104112145
tot_aggregated_send: 0
tot_msg_rcv: 78
tot_msg_sent: 5718
tot_reconf_duration: 7.55
tot_sleeping_duration: 660688.2419199989
tot_uptimes: 172
tot_uptimes_duration: 10260.006080001069
