comms_cons: 85.11511039750556
finished_reconf: true
global_termination_time: 850213.837
local_termination_time: 337744.77348000003
node_cons: 17442.267465597943
tot_aggregated_send: 11484
tot_msg_rcv: 462
tot_msg_sent: 991
tot_reconf_duration: 6.22
tot_sleeping_duration: 837193.8066000016
tot_uptimes: 218
tot_uptimes_duration: 13020.030399998475
