comms_cons: 645.1418561115444
finished_reconf: true
global_termination_time: 6541941.218
local_termination_time: 2288692.6651199977
node_cons: 134629.21473925782
tot_aggregated_send: 90306
tot_msg_rcv: 2468
tot_msg_sent: 5283
tot_reconf_duration: 25.299999999999997
tot_sleeping_duration: 6441422.280480013
tot_uptimes: 1676
tot_uptimes_duration: 100518.93751998688
