comms_cons: 640.6547200735295
finished_reconf: true
global_termination_time: 6544214.804
local_termination_time: 2720587.817519999
node_cons: 134580.5187844637
tot_aggregated_send: 90712
tot_msg_rcv: 2232
tot_msg_sent: 4431
tot_reconf_duration: 8.09
tot_sleeping_duration: 6443714.779680008
tot_uptimes: 1676
tot_uptimes_duration: 100500.02431999124
