comms_cons: 632.2557952483111
finished_reconf: true
global_termination_time: 6542015.673
local_termination_time: 3530759.6113599995
node_cons: 134584.38638222954
tot_aggregated_send: 91060
tot_msg_rcv: 1793
tot_msg_sent: 3247
tot_reconf_duration: 10.95
tot_sleeping_duration: 6441515.660840005
tot_uptimes: 1676
tot_uptimes_duration: 100500.01215999573
