comms_cons: 660.7625281577172
finished_reconf: true
global_termination_time: 6544103.894
local_termination_time: 458220.61236
node_cons: 134576.1296733995
tot_aggregated_send: 90596
tot_msg_rcv: 3326
tot_msg_sent: 6509
tot_reconf_duration: 4.8100000000000005
tot_sleeping_duration: 6443603.821040028
tot_uptimes: 1676
tot_uptimes_duration: 100500.07295997301
