comms_cons: 662.8871618127932
finished_reconf: true
global_termination_time: 6541323.663
local_termination_time: 701492.20136
node_cons: 134573.71517004908
tot_aggregated_send: 89668
tot_msg_rcv: 3724
tot_msg_sent: 7361
tot_reconf_duration: 3.05
tot_sleeping_duration: 6440823.60828002
tot_uptimes: 1676
tot_uptimes_duration: 100500.05471998011
