comms_cons: 393.23220483854755
finished_reconf: true
global_termination_time: 3941474.459
local_termination_time: 1726383.10936
node_cons: 81071.6289991454
tot_aggregated_send: 54404
tot_msg_rcv: 1743
tot_msg_sent: 3622
tot_reconf_duration: 6.279999999999999
tot_sleeping_duration: 3880934.428560009
tot_uptimes: 1010
tot_uptimes_duration: 60540.03043999057
