comms_cons: 391.02170882756144
finished_reconf: true
global_termination_time: 3947556.706
local_termination_time: 1901011.0214799999
node_cons: 81150.98848334917
tot_aggregated_send: 54462
tot_msg_rcv: 1602
tot_msg_sent: 3367
tot_reconf_duration: 5.57
tot_sleeping_duration: 3886956.6877600066
tot_uptimes: 1011
tot_uptimes_duration: 60600.01823999337
