comms_cons: 392.3086720329834
finished_reconf: true
global_termination_time: 3942331.248
local_termination_time: 973522.4499199984
node_cons: 81067.23446446598
tot_aggregated_send: 55100
tot_msg_rcv: 1482
tot_msg_sent: 3045
tot_reconf_duration: 3.05
tot_sleeping_duration: 3881791.223680009
tot_uptimes: 1010
tot_uptimes_duration: 60540.024319991004
