comms_cons: 50.15824000299707
finished_reconf: true
global_termination_time: 352540.6434800001
local_termination_time: 352540.6023600001
node_cons: 7299.907760016763
tot_aggregated_send: 2030
tot_msg_rcv: 2348
tot_msg_sent: 3251
tot_reconf_duration: 37.410000000000004
tot_sleeping_duration: 347126.82347998756
tot_uptimes: 91
tot_uptimes_duration: 5413.820000012507
