comms_cons: 196.78947838852548
finished_reconf: true
global_termination_time: 1965431.1930799996
local_termination_time: 1965431.1519599997
node_cons: 40468.537929409
tot_aggregated_send: 27884
tot_msg_rcv: 724
tot_msg_sent: 1300
tot_reconf_duration: 24.59
tot_sleeping_duration: 1935233.1761200225
tot_uptimes: 504
tot_uptimes_duration: 30198.016959977045
