comms_cons: 1056.3137027431637
finished_reconf: true
global_termination_time: 10510533.212
local_termination_time: 649816.9793599999
node_cons: 216225.78825228038
tot_aggregated_send: 145870
tot_msg_rcv: 4884
tot_msg_sent: 9799
tot_reconf_duration: 22.65
tot_sleeping_duration: 10349073.145120023
tot_uptimes: 2692
tot_uptimes_duration: 161460.0668799763
