comms_cons: 1024.9462657872477
finished_reconf: true
global_termination_time: 10510443.261
local_termination_time: 5839308.230319998
node_cons: 216220.36716445966
tot_aggregated_send: 145406
tot_msg_rcv: 3716
tot_msg_sent: 6662
tot_reconf_duration: 18.700000000000003
tot_sleeping_duration: 10348983.236680008
tot_uptimes: 2692
tot_uptimes_duration: 161460.02431999147
