comms_cons: 241.85797118938405
finished_reconf: true
global_termination_time: 2451973.676
local_termination_time: 968622.41536
node_cons: 50383.823983349874
tot_aggregated_send: 34278
tot_msg_rcv: 807
tot_msg_sent: 1676
tot_reconf_duration: 7.819999999999999
tot_sleeping_duration: 2414353.6577600073
tot_uptimes: 628
tot_uptimes_duration: 37620.0182399929
