comms_cons: 2.2961407999924126
finished_reconf: true
global_termination_time: 18301.065
local_termination_time: 6042.579360000001
node_cons: 329.80676000000034
tot_aggregated_send: 0
tot_msg_rcv: 178
tot_msg_sent: 171
tot_reconf_duration: 6.22
tot_sleeping_duration: 18061.065
tot_uptimes: 5
tot_uptimes_duration: 240.0
