comms_cons: 302.3606592350327
finished_reconf: true
global_termination_time: 351913.4396000001
local_termination_time: 351913.3984800001
node_cons: 34794.73083205139
tot_aggregated_send: 0
tot_msg_rcv: 20864
tot_msg_sent: 25092
tot_reconf_duration: 24.59
tot_sleeping_duration: 325952.76923999155
tot_uptimes: 419
tot_uptimes_duration: 25960.670360008524
