comms_cons: 35.22566400027183
finished_reconf: true
global_termination_time: 354036.327
local_termination_time: 54274.174360000194
node_cons: 7239.885264161702
tot_aggregated_send: 4930
tot_msg_rcv: 137
tot_msg_sent: 288
tot_reconf_duration: 5.57
tot_sleeping_duration: 348635.04155999876
tot_uptimes: 91
tot_uptimes_duration: 5401.285440001266
