comms_cons: 35.41583360044449
finished_reconf: true
global_termination_time: 353576.553
local_termination_time: 116000.90059999995
node_cons: 7248.484860000005
tot_aggregated_send: 4930
tot_msg_rcv: 174
tot_msg_sent: 279
tot_reconf_duration: 13.17
tot_sleeping_duration: 348176.553
tot_uptimes: 91
tot_uptimes_duration: 5400.0
