comms_cons: 70.16487680787237
finished_reconf: true
global_termination_time: 351914.0396000002
local_termination_time: 76.58604000000005
node_cons: 7259.616049521686
tot_aggregated_send: 0
tot_msg_rcv: 5428
tot_msg_sent: 5234
tot_reconf_duration: 6.22
tot_sleeping_duration: 346498.67791999894
tot_uptimes: 91
tot_uptimes_duration: 5415.361680001253
