comms_cons: 72.96239999957315
finished_reconf: true
global_termination_time: 732619.934
local_termination_time: 437586.9593600001
node_cons: 15048.333603359744
tot_aggregated_send: 10324
tot_msg_rcv: 257
tot_msg_sent: 508
tot_reconf_duration: 18.21
tot_sleeping_duration: 721399.9157600002
tot_uptimes: 188
tot_uptimes_duration: 11220.018239999772
