comms_cons: 76.62190079667072
finished_reconf: true
global_termination_time: 732978.968
local_termination_time: 65287.816360000106
node_cons: 15034.672054555633
tot_aggregated_send: 9454
tot_msg_rcv: 788
tot_msg_sent: 1405
tot_reconf_duration: 8.09
tot_sleeping_duration: 721758.8889600033
tot_uptimes: 188
tot_uptimes_duration: 11220.079039996723
