comms_cons: 73.19422719741965
finished_reconf: true
global_termination_time: 731948.709
local_termination_time: 558665.8393599999
node_cons: 15036.388642238342
tot_aggregated_send: 10208
tot_msg_rcv: 286
tot_msg_sent: 631
tot_reconf_duration: 9.42
tot_sleeping_duration: 720728.6968400013
tot_uptimes: 188
tot_uptimes_duration: 11220.012159998703
