comms_cons: 76.01917439615619
finished_reconf: true
global_termination_time: 732018.947
local_termination_time: 254533.53168000025
node_cons: 15032.108171195936
tot_aggregated_send: 9106
tot_msg_rcv: 700
tot_msg_sent: 1749
tot_reconf_duration: 6.22
tot_sleeping_duration: 720798.8862000031
tot_uptimes: 188
tot_uptimes_duration: 11220.06079999695
