comms_cons: 0.5855488000000928
finished_reconf: true
global_termination_time: 4038.827
local_termination_time: 201.10947999999993
node_cons: 87.90405999999999
tot_aggregated_send: 0
tot_msg_rcv: 34
tot_msg_sent: 54
tot_reconf_duration: 5.57
tot_sleeping_duration: 3978.827
tot_uptimes: 2
tot_uptimes_duration: 60.0
