comms_cons: 243.06493443596537
finished_reconf: true
global_termination_time: 502638.8206000001
local_termination_time: 502638.7794800001
node_cons: 30585.46189388359
tot_aggregated_send: 0
tot_msg_rcv: 14900
tot_msg_sent: 22044
tot_reconf_duration: 24.59
tot_sleeping_duration: 479821.7416799975
tot_uptimes: 378
tot_uptimes_duration: 22817.078920002634
