comms_cons: 50.923008000839914
finished_reconf: true
global_termination_time: 505138.821
local_termination_time: 24204.781720000003
node_cons: 10369.837902242876
tot_aggregated_send: 6960
tot_msg_rcv: 258
tot_msg_sent: 522
tot_reconf_duration: 4.390000000000001
tot_sleeping_duration: 497398.80883999786
tot_uptimes: 130
tot_uptimes_duration: 7740.0121600021375
