comms_cons: 49.48216320027236
finished_reconf: true
global_termination_time: 502638.9661200002
local_termination_time: 228236.4866800007
node_cons: 10318.53763968022
tot_aggregated_send: 7076
tot_msg_rcv: 114
tot_msg_sent: 331
tot_reconf_duration: 7.819999999999999
tot_sleeping_duration: 494940.745
tot_uptimes: 129
tot_uptimes_duration: 7698.221120000177
