comms_cons: 29.527449600031535
finished_reconf: true
global_termination_time: 304145.2229600002
local_termination_time: 304131.88736000005
node_cons: 6225.034057440227
tot_aggregated_send: 4466
tot_msg_rcv: 14
tot_msg_sent: 8
tot_reconf_duration: 6.22
tot_sleeping_duration: 299502.514
tot_uptimes: 78
tot_uptimes_duration: 4642.708960000193
