comms_cons: 30.24458240015384
finished_reconf: true
global_termination_time: 307096.831
local_termination_time: 26094.11212
node_cons: 6281.878980000003
tot_aggregated_send: 4350
tot_msg_rcv: 83
tot_msg_sent: 164
tot_reconf_duration: 11.31
tot_sleeping_duration: 302416.831
tot_uptimes: 79
tot_uptimes_duration: 4680.0
