comms_cons: 74.68049919806708
finished_reconf: true
global_termination_time: 752784.0
local_termination_time: 4895.7393600000005
node_cons: 15440.150100000023
tot_aggregated_send: 10730
tot_msg_rcv: 225
tot_msg_sent: 396
tot_reconf_duration: 10.95
tot_sleeping_duration: 741264.0
tot_uptimes: 193
tot_uptimes_duration: 11520.0
