comms_cons: 44.416179201063606
finished_reconf: true
global_termination_time: 435093.78
local_termination_time: 316940.0423600001
node_cons: 8928.367701121451
tot_aggregated_send: 5858
tot_msg_rcv: 319
tot_msg_sent: 574
tot_reconf_duration: 7.819999999999999
tot_sleeping_duration: 428433.77391999896
tot_uptimes: 112
tot_uptimes_duration: 6660.006080001069
