comms_cons: 1369.1899100623273
finished_reconf: true
global_termination_time: 4694444.614519999
local_termination_time: 4694444.573399999
node_cons: 191790.3491975863
tot_aggregated_send: 0
tot_msg_rcv: 69725
tot_msg_sent: 138384
tot_reconf_duration: 24.59
tot_sleeping_duration: 4551235.536120005
tot_uptimes: 2367
tot_uptimes_duration: 143209.078399995
