comms_cons: 463.22831364576047
finished_reconf: true
global_termination_time: 4695445.55
local_termination_time: 947868.7266399981
node_cons: 96579.3402655874
tot_aggregated_send: 65540
tot_msg_rcv: 1617
tot_msg_sent: 3251
tot_reconf_duration: 7.819999999999999
tot_sleeping_duration: 4623325.519600008
tot_uptimes: 1203
tot_uptimes_duration: 72120.03039999254
