comms_cons: 460.5610816481179
finished_reconf: true
global_termination_time: 4695082.979
local_termination_time: 1055926.7730399992
node_cons: 96577.1593244652
tot_aggregated_send: 65366
tot_msg_rcv: 1650
tot_msg_sent: 2987
tot_reconf_duration: 6.22
tot_sleeping_duration: 4622962.95468001
tot_uptimes: 1203
tot_uptimes_duration: 72120.024319991
