comms_cons: 453.80752641712786
finished_reconf: true
global_termination_time: 4697004.053
local_termination_time: 2385316.125479998
node_cons: 96577.66716718311
tot_aggregated_send: 65714
tot_msg_rcv: 1052
tot_msg_sent: 2210
tot_reconf_duration: 5.43
tot_sleeping_duration: 4624882.848200011
tot_uptimes: 1203
tot_uptimes_duration: 72121.20479998924
