comms_cons: 107.08526718851441
finished_reconf: true
global_termination_time: 1030167.879
local_termination_time: 661262.4653599999
node_cons: 21149.996367822438
tot_aggregated_send: 13340
tot_msg_rcv: 1027
tot_msg_sent: 1909
tot_reconf_duration: 15.110000000000001
tot_sleeping_duration: 1014387.8364400131
tot_uptimes: 264
tot_uptimes_duration: 15780.042559986876
