comms_cons: 11.199513600113463
finished_reconf: true
global_termination_time: 80687.165
local_termination_time: 42162.50216000007
node_cons: 1614.3966244811647
tot_aggregated_send: 406
tot_msg_rcv: 547
tot_msg_sent: 749
tot_reconf_duration: 5.57
tot_sleeping_duration: 79487.14067999912
tot_uptimes: 21
tot_uptimes_duration: 1200.02432000087
