comms_cons: 10.67099519998396
finished_reconf: true
global_termination_time: 78837.335
local_termination_time: 36731.2280000001
node_cons: 1641.1736822383064
tot_aggregated_send: 464
tot_msg_rcv: 479
tot_msg_sent: 681
tot_reconf_duration: 25.299999999999997
tot_sleeping_duration: 77637.32284000127
tot_uptimes: 21
tot_uptimes_duration: 1200.0121599987324
