comms_cons: 11.456358400054532
finished_reconf: true
global_termination_time: 76795.489
local_termination_time: 17110.49896
node_cons: 1537.128406720607
tot_aggregated_send: 290
tot_msg_rcv: 633
tot_msg_sent: 819
tot_reconf_duration: 7.819999999999999
tot_sleeping_duration: 75655.45251999956
tot_uptimes: 20
tot_uptimes_duration: 1140.0364800004536
