comms_cons: 12.180351999971984
finished_reconf: true
global_termination_time: 78844.578
local_termination_time: 43903.74260000001
node_cons: 1615.2630422405828
tot_aggregated_send: 464
tot_msg_rcv: 689
tot_msg_sent: 700
tot_reconf_duration: 6.22
tot_sleeping_duration: 77644.56583999956
tot_uptimes: 21
tot_uptimes_duration: 1200.012160000435
