comms_cons: 340.61198083350547
finished_reconf: true
global_termination_time: 3465179.931
local_termination_time: 2307473.48336
node_cons: 71282.44428446678
tot_aggregated_send: 47966
tot_msg_rcv: 1216
tot_msg_sent: 2588
tot_reconf_duration: 15.34
tot_sleeping_duration: 3411959.9066800084
tot_uptimes: 888
tot_uptimes_duration: 53220.02431999147
