comms_cons: 344.15137279485845
finished_reconf: true
global_termination_time: 3471018.588
local_termination_time: 2153002.3974800003
node_cons: 71348.85394111535
tot_aggregated_send: 48546
tot_msg_rcv: 1441
tot_msg_sent: 2322
tot_reconf_duration: 5.1
tot_sleeping_duration: 3417738.581920002
tot_uptimes: 889
tot_uptimes_duration: 53280.006079997635
