comms_cons: 343.9957184312085
finished_reconf: true
global_termination_time: 3465220.97
local_termination_time: 1982155.14836
node_cons: 71265.8033455839
tot_aggregated_send: 47908
tot_msg_rcv: 1475
tot_msg_sent: 2901
tot_reconf_duration: 3.08
tot_sleeping_duration: 3412000.939600011
tot_uptimes: 888
tot_uptimes_duration: 53220.030399989104
