comms_cons: 351.3372352563321
finished_reconf: true
global_termination_time: 3470918.955
local_termination_time: 29577.10948
node_cons: 71358.20231676164
tot_aggregated_send: 47618
tot_msg_rcv: 1890
tot_msg_sent: 3894
tot_reconf_duration: 11.899999999999999
tot_sleeping_duration: 3417638.8638000274
tot_uptimes: 889
tot_uptimes_duration: 53280.09119997255
