comms_cons: 91.27386881271896
finished_reconf: true
global_termination_time: 466736.173
local_termination_time: 296448.7803600001
node_cons: 9591.226841121475
tot_aggregated_send: 0
tot_msg_rcv: 6990
tot_msg_sent: 6884
tot_reconf_duration: 22.65
tot_sleeping_duration: 459596.16691999894
tot_uptimes: 120
tot_uptimes_duration: 7140.006080001069
