comms_cons: 46.63399680047987
finished_reconf: true
global_termination_time: 467486.818
local_termination_time: 337651.2332400005
node_cons: 9567.858363364294
tot_aggregated_send: 6380
tot_msg_rcv: 230
tot_msg_sent: 478
tot_reconf_duration: 5.43
tot_sleeping_duration: 460346.7997599968
tot_uptimes: 120
tot_uptimes_duration: 7140.018240003206
