comms_cons: 84.16832639500392
finished_reconf: true
global_termination_time: 798700.9204799999
local_termination_time: 798700.8793599999
node_cons: 16458.610772153996
tot_aggregated_send: 10240
tot_msg_rcv: 958
tot_msg_sent: 1594
tot_reconf_duration: 37.410000000000004
tot_sleeping_duration: 786447.1430400043
tot_uptimes: 205
tot_uptimes_duration: 12253.777439995494
