comms_cons: 80.89126399649119
finished_reconf: true
global_termination_time: 800153.644
local_termination_time: 584857.3393999982
node_cons: 16402.168642238343
tot_aggregated_send: 11020
tot_msg_rcv: 469
tot_msg_sent: 806
tot_reconf_duration: 9.42
tot_sleeping_duration: 787913.6318400013
tot_uptimes: 205
tot_uptimes_duration: 12240.012159998703
