comms_cons: 82.44100479781063
finished_reconf: true
global_termination_time: 801393.185
local_termination_time: 261971.31248000008
node_cons: 16486.90038671482
tot_aggregated_send: 10672
tot_msg_rcv: 646
tot_msg_sent: 1213
tot_reconf_duration: 12.629999999999999
tot_sleeping_duration: 789093.148520004
tot_uptimes: 206
tot_uptimes_duration: 12300.03647999611
