comms_cons: 226.36184306872698
finished_reconf: true
global_termination_time: 1144354.573
local_termination_time: 510194.73948000005
node_cons: 23548.083042233662
tot_aggregated_send: 0
tot_msg_rcv: 17411
tot_msg_sent: 16995
tot_reconf_duration: 6.22
tot_sleeping_duration: 1126774.5608400048
tot_uptimes: 294
tot_uptimes_duration: 17580.01215999527
