comms_cons: 342.9541887300695
finished_reconf: true
global_termination_time: 708115.283
local_termination_time: 199838.02812000047
node_cons: 43111.03454496187
tot_aggregated_send: 0
tot_msg_rcv: 21039
tot_msg_sent: 31088
tot_reconf_duration: 18.21
tot_sleeping_duration: 675937.3103599984
tot_uptimes: 531
tot_uptimes_duration: 32177.972640001695
