comms_cons: 141.14483197125014
finished_reconf: true
global_termination_time: 708115.283
local_termination_time: 199841.49924000047
node_cons: 14572.339405593371
tot_aggregated_send: 0
tot_msg_rcv: 10966
tot_msg_sent: 10489
tot_reconf_duration: 22.65
tot_sleeping_duration: 697255.252600005
tot_uptimes: 182
tot_uptimes_duration: 10860.030399995041
