comms_cons: 72.78036479729572
finished_reconf: true
global_termination_time: 709385.715
local_termination_time: 181118.91636000006
node_cons: 14550.100804481142
tot_aggregated_send: 9454
tot_msg_rcv: 562
tot_msg_sent: 1047
tot_reconf_duration: 6.279999999999999
tot_sleeping_duration: 698525.6906799992
tot_uptimes: 182
tot_uptimes_duration: 10860.02432000084
