comms_cons: 74.28104959822029
finished_reconf: true
global_termination_time: 707758.3206799994
local_termination_time: 707758.2795599995
node_cons: 14623.521020086397
tot_aggregated_send: 9022
tot_msg_rcv: 783
tot_msg_sent: 1487
tot_reconf_duration: 37.410000000000004
tot_sleeping_duration: 696875.0359599947
tot_uptimes: 182
tot_uptimes_duration: 10883.284720004754
