comms_cons: 72.10803200028839
finished_reconf: true
global_termination_time: 709787.552
local_termination_time: 283082.16036000004
node_cons: 14548.498364485713
tot_aggregated_send: 9570
tot_msg_rcv: 460
tot_msg_sent: 930
tot_reconf_duration: 5.1
tot_sleeping_duration: 698927.5276799958
tot_uptimes: 182
tot_uptimes_duration: 10860.024320004275
