comms_cons: 140.07014397136945
finished_reconf: true
global_termination_time: 714276.511
local_termination_time: 201195.81036000003
node_cons: 14632.499559999993
tot_aggregated_send: 0
tot_msg_rcv: 10737
tot_msg_sent: 10553
tot_reconf_duration: 7.819999999999999
tot_sleeping_duration: 703356.511
tot_uptimes: 183
tot_uptimes_duration: 10920.0
