comms_cons: 72.48625919992912
finished_reconf: true
global_termination_time: 712750.154
local_termination_time: 118652.98287999975
node_cons: 14630.367465607176
tot_aggregated_send: 9570
tot_msg_rcv: 459
tot_msg_sent: 989
tot_reconf_duration: 6.22
tot_sleeping_duration: 701830.1235999946
tot_uptimes: 183
tot_uptimes_duration: 10920.030400005344
