comms_cons: 96.0130048132989
finished_reconf: true
global_termination_time: 427233.3834000008
local_termination_time: 427233.3422800008
node_cons: 8882.728948024023
tot_aggregated_send: 0
tot_msg_rcv: 8180
tot_msg_sent: 6414
tot_reconf_duration: 37.410000000000004
tot_sleeping_duration: 420637.47139998287
tot_uptimes: 110
tot_uptimes_duration: 6595.912000017932
