comms_cons: 43.397420801028545
finished_reconf: true
global_termination_time: 428185.789
local_termination_time: 112441.93335999998
node_cons: 8767.695842242882
tot_aggregated_send: 5742
tot_msg_rcv: 277
tot_msg_sent: 577
tot_reconf_duration: 7.819999999999999
tot_sleeping_duration: 421645.77683999785
tot_uptimes: 110
tot_uptimes_duration: 6540.0121600021375
