comms_cons: 51.06837760098548
finished_reconf: true
global_termination_time: 506370.165
local_termination_time: 317065.853
node_cons: 10396.06299896241
tot_aggregated_send: 6668
tot_msg_rcv: 398
tot_msg_sent: 697
tot_reconf_duration: 22.65
tot_sleeping_duration: 498629.0863599982
tot_uptimes: 130
tot_uptimes_duration: 7741.078640001768
