comms_cons: 67.75918080086808
finished_reconf: true
global_termination_time: 706112.617
local_termination_time: 470710.1627200006
node_cons: 14485.92918000009
tot_aggregated_send: 9570
tot_msg_rcv: 184
tot_msg_sent: 545
tot_reconf_duration: 18.21
tot_sleeping_duration: 695312.6169999999
tot_uptimes: 181
tot_uptimes_duration: 10800.00000000003
