comms_cons: 72.63499520066668
finished_reconf: true
global_termination_time: 703328.081
local_termination_time: 90558.33935999998
node_cons: 14476.58340336433
tot_aggregated_send: 9338
tot_msg_rcv: 641
tot_msg_sent: 1061
tot_reconf_duration: 11.31
tot_sleeping_duration: 692528.0627599969
tot_uptimes: 181
tot_uptimes_duration: 10800.018240003206
