comms_cons: 356.4811840195066
finished_reconf: true
global_termination_time: 3591084.793
local_termination_time: 1306749.5273599997
node_cons: 73839.87464558358
tot_aggregated_send: 50228
tot_msg_rcv: 1282
tot_msg_sent: 2673
tot_reconf_duration: 5.43
tot_sleeping_duration: 3535944.762600011
tot_uptimes: 920
tot_uptimes_duration: 55140.03039998909
