comms_cons: 50.06833920070332
finished_reconf: true
global_termination_time: 490986.333
local_termination_time: 69706.84767999985
node_cons: 10060.384860000011
tot_aggregated_send: 6496
tot_msg_rcv: 372
tot_msg_sent: 742
tot_reconf_duration: 13.17
tot_sleeping_duration: 483486.333
tot_uptimes: 126
tot_uptimes_duration: 7500.0
