comms_cons: 520.776172919368
finished_reconf: true
global_termination_time: 5160542.366239997
local_termination_time: 23520.502920000003
node_cons: 106174.32213717196
tot_aggregated_send: 71514
tot_msg_rcv: 2654
tot_msg_sent: 4985
tot_reconf_duration: 18.21
tot_sleeping_duration: 5081267.091440015
tot_uptimes: 1322
tot_uptimes_duration: 79275.27479998139
