comms_cons: 515.9699585000458
finished_reconf: true
global_termination_time: 5165515.446
local_termination_time: 2493080.2276
node_cons: 106230.36056669922
tot_aggregated_send: 71282
tot_msg_rcv: 2423
tot_msg_sent: 4719
tot_reconf_duration: 15.34
tot_sleeping_duration: 5086195.409520013
tot_uptimes: 1323
tot_uptimes_duration: 79320.03647998697
