comms_cons: 515.5227712859506
finished_reconf: true
global_termination_time: 5164558.93
local_termination_time: 1056374.7693599998
node_cons: 106215.49046669898
tot_aggregated_send: 71978
tot_msg_rcv: 2079
tot_msg_sent: 4299
tot_reconf_duration: 4.390000000000001
tot_sleeping_duration: 5085238.893520013
tot_uptimes: 1323
tot_uptimes_duration: 79320.03647998674
