comms_cons: 513.2757888732186
finished_reconf: true
global_termination_time: 5160665.164
local_termination_time: 2351994.14936
node_cons: 106144.55596781666
tot_aggregated_send: 72326
tot_msg_rcv: 1859
tot_msg_sent: 3828
tot_reconf_duration: 11.31
tot_sleeping_duration: 5081405.121440015
tot_uptimes: 1322
tot_uptimes_duration: 79260.04255998484
