comms_cons: 510.86852488026557
finished_reconf: true
global_termination_time: 5164375.257
local_termination_time: 2464439.44148
node_cons: 106216.90278669966
tot_aggregated_send: 72790
tot_msg_rcv: 1547
tot_msg_sent: 3312
tot_reconf_duration: 5.43
tot_sleeping_duration: 5085055.220520013
tot_uptimes: 1323
tot_uptimes_duration: 79320.03647998697
