comms_cons: 118.66903039584668
finished_reconf: true
global_termination_time: 1204952.698
local_termination_time: 1004020.0803599999
node_cons: 24765.551719999992
tot_aggregated_send: 17400
tot_msg_rcv: 224
tot_msg_sent: 413
tot_reconf_duration: 15.34
tot_sleeping_duration: 1186472.698
tot_uptimes: 309
tot_uptimes_duration: 18480.0
