comms_cons: 350.2368765879884
finished_reconf: true
global_termination_time: 1204771.544
local_termination_time: 574947.459119998
node_cons: 49042.60241479367
tot_aggregated_send: 0
tot_msg_rcv: 17863
tot_msg_sent: 35371
tot_reconf_duration: 13.17
tot_sleeping_duration: 1168158.6108000043
tot_uptimes: 604
tot_uptimes_duration: 36612.93319999569
