comms_cons: 123.4915839873403
finished_reconf: true
global_termination_time: 1205963.326
local_termination_time: 132427.44136000003
node_cons: 24755.380265593365
tot_aggregated_send: 15950
tot_msg_rcv: 904
tot_msg_sent: 1916
tot_reconf_duration: 7.819999999999999
tot_sleeping_duration: 1187483.2956000047
tot_uptimes: 309
tot_uptimes_duration: 18480.03039999504
