comms_cons: 119.2930431880466
finished_reconf: true
global_termination_time: 1159228.504
local_termination_time: 462568.5349600001
node_cons: 23798.16299502429
tot_aggregated_send: 14906
tot_msg_rcv: 1067
tot_msg_sent: 2160
tot_reconf_duration: 9.11
tot_sleeping_duration: 1141464.6566400118
tot_uptimes: 297
tot_uptimes_duration: 17763.847359988256
