comms_cons: 115.74786559183802
finished_reconf: true
global_termination_time: 1156335.568
local_termination_time: 539070.4143599998
node_cons: 23801.191944467348
tot_aggregated_send: 15370
tot_msg_rcv: 773
tot_msg_sent: 1450
tot_reconf_duration: 15.110000000000001
tot_sleeping_duration: 1138575.5436800094
tot_uptimes: 297
tot_uptimes_duration: 17760.024319990538
