comms_cons: 116.70634239679572
finished_reconf: true
global_termination_time: 1155362.646
local_termination_time: 480942.1412000002
node_cons: 23731.058700000067
tot_aggregated_send: 15660
tot_msg_rcv: 647
tot_msg_sent: 1432
tot_reconf_duration: 22.65
tot_sleeping_duration: 1137662.646
tot_uptimes: 296
tot_uptimes_duration: 17700.0
