comms_cons: 116.45471359873427
finished_reconf: true
global_termination_time: 1153980.505
local_termination_time: 828168.87
node_cons: 23707.404376156755
tot_aggregated_send: 15947
tot_msg_rcv: 592
tot_msg_sent: 1161
tot_reconf_duration: 4.390000000000001
tot_sleeping_duration: 1136279.6515600022
tot_uptimes: 296
tot_uptimes_duration: 17700.853439997532
