comms_cons: 87.3520383973842
finished_reconf: true
global_termination_time: 872190.292
local_termination_time: 572381.9430000001
node_cons: 17940.063503193927
tot_aggregated_send: 12006
tot_msg_rcv: 405
tot_msg_sent: 866
tot_reconf_duration: 13.17
tot_sleeping_duration: 858805.5432000046
tot_uptimes: 224
tot_uptimes_duration: 13384.748799995403
