comms_cons: 86.37320319600386
finished_reconf: true
global_termination_time: 871241.227
local_termination_time: 440343.70936000004
node_cons: 17926.504688957684
tot_aggregated_send: 11542
tot_msg_rcv: 593
tot_msg_sent: 994
tot_reconf_duration: 7.819999999999999
tot_sleeping_duration: 857861.1783600018
tot_uptimes: 224
tot_uptimes_duration: 13380.048639998247
