comms_cons: 84.39202559576398
finished_reconf: true
global_termination_time: 827367.611
local_termination_time: 42129.98660000002
node_cons: 16958.32082671481
tot_aggregated_send: 10962
tot_msg_rcv: 582
tot_msg_sent: 1283
tot_reconf_duration: 4.8100000000000005
tot_sleeping_duration: 814707.5745200039
tot_uptimes: 212
tot_uptimes_duration: 12660.03647999611
