comms_cons: 127.90842239184104
finished_reconf: true
global_termination_time: 1261770.111
local_termination_time: 34559.64616000008
node_cons: 25955.8711722944
tot_aggregated_send: 17342
tot_msg_rcv: 696
tot_msg_sent: 1403
tot_reconf_duration: 4.390000000000001
tot_sleeping_duration: 1242390.044120019
tot_uptimes: 324
tot_uptimes_duration: 19380.066879980848
