comms_cons: 9.35464960021381
finished_reconf: true
global_termination_time: 48965.679
local_termination_time: 3588.3993600000003
node_cons: 972.5267600000005
tot_aggregated_send: 0
tot_msg_rcv: 728
tot_msg_sent: 693
tot_reconf_duration: 6.22
tot_sleeping_duration: 48245.679
tot_uptimes: 13
tot_uptimes_duration: 720.0
