comms_cons: 99.59592955221133
finished_reconf: true
global_termination_time: 1006274.4574799999
local_termination_time: 1006274.4163599999
node_cons: 20716.476212081117
tot_aggregated_send: 0
tot_msg_rcv: 253
tot_msg_sent: 14884
tot_reconf_duration: 37.36
tot_sleeping_duration: 990840.744759999
tot_uptimes: 258
tot_uptimes_duration: 15433.712720000796
