comms_cons: 171.45520638176038
finished_reconf: true
global_termination_time: 1648824.622
local_termination_time: 137128.41036000004
node_cons: 33910.894645597946
tot_aggregated_send: 21634
tot_msg_rcv: 1578
tot_msg_sent: 2850
tot_reconf_duration: 5.43
tot_sleeping_duration: 1623504.5916000016
tot_uptimes: 423
tot_uptimes_duration: 25320.030399998475
