comms_cons: 29.816934400061147
finished_reconf: true
global_termination_time: 302309.452
local_termination_time: 28980.246359999997
node_cons: 6202.340200000003
tot_aggregated_send: 4292
tot_msg_rcv: 77
tot_msg_sent: 163
tot_reconf_duration: 11.899999999999999
tot_sleeping_duration: 297689.452
tot_uptimes: 78
tot_uptimes_duration: 4620.0
