comms_cons: 79.28714240241064
finished_reconf: true
global_termination_time: 627692.75124
local_termination_time: 248956.10732000065
node_cons: 12898.294876176911
tot_aggregated_send: 4872
tot_msg_rcv: 3179
tot_msg_sent: 4004
tot_reconf_duration: 18.21
tot_sleeping_duration: 618078.4377999874
tot_uptimes: 161
tot_uptimes_duration: 9614.313440012631
