comms_cons: 63.370854399241516
finished_reconf: true
global_termination_time: 627692.4754799978
local_termination_time: 627692.4754799978
node_cons: 12995.32203259996
tot_aggregated_send: 8558
tot_msg_rcv: 318
tot_msg_sent: 755
tot_reconf_duration: 37.410000000000004
tot_sleeping_duration: 618025.1720799978
tot_uptimes: 161
tot_uptimes_duration: 9667.303399999946
