comms_cons: 63.35237119909307
finished_reconf: true
global_termination_time: 627754.482
local_termination_time: 421177.57140000036
node_cons: 12875.231720000054
tot_aggregated_send: 8526
tot_msg_rcv: 418
tot_msg_sent: 686
tot_reconf_duration: 15.34
tot_sleeping_duration: 618154.482
tot_uptimes: 161
tot_uptimes_duration: 9600.0
