comms_cons: 64.99059199868118
finished_reconf: true
global_termination_time: 628298.345
local_termination_time: 283282.63336000004
node_cons: 12861.35836448571
tot_aggregated_send: 8236
tot_msg_rcv: 597
tot_msg_sent: 1046
tot_reconf_duration: 5.1
tot_sleeping_duration: 618698.3206799957
tot_uptimes: 161
tot_uptimes_duration: 9600.024320004275
