comms_cons: 63.50901760012475
finished_reconf: true
global_termination_time: 628049.543
local_termination_time: 274369.8739600001
node_cons: 12862.857043522681
tot_aggregated_send: 8468
tot_msg_rcv: 373
tot_msg_sent: 812
tot_reconf_duration: 6.22
tot_sleeping_duration: 618449.5353199979
tot_uptimes: 161
tot_uptimes_duration: 9600.007680002018
