comms_cons: 14.19791359981514
finished_reconf: true
global_termination_time: 139198.053
local_termination_time: 5634.994320000003
node_cons: 2836.629180000001
tot_aggregated_send: 1740
tot_msg_rcv: 145
tot_msg_sent: 273
tot_reconf_duration: 18.21
tot_sleeping_duration: 137098.053
tot_uptimes: 36
tot_uptimes_duration: 2100.0
