comms_cons: 27.658956798983304
finished_reconf: true
global_termination_time: 143107.084
local_termination_time: 253.25303999999997
node_cons: 2923.006841120292
tot_aggregated_send: 0
tot_msg_rcv: 2137
tot_msg_sent: 2067
tot_reconf_duration: 22.65
tot_sleeping_duration: 140947.0779199998
tot_uptimes: 37
tot_uptimes_duration: 2160.0060800002175
