comms_cons: 27.618508798688072
finished_reconf: true
global_termination_time: 139057.163
local_termination_time: 1727.1213600000003
node_cons: 2817.8616200000006
tot_aggregated_send: 0
tot_msg_rcv: 2169
tot_msg_sent: 2028
tot_reconf_duration: 4.390000000000001
tot_sleeping_duration: 136957.163
tot_uptimes: 36
tot_uptimes_duration: 2100.0
