comms_cons: 118.66572159412303
finished_reconf: true
global_termination_time: 1174949.188
local_termination_time: 544430.135
node_cons: 24152.49984479418
tot_aggregated_send: 16064
tot_msg_rcv: 641
tot_msg_sent: 1331
tot_reconf_duration: 22.65
tot_sleeping_duration: 1156934.4448000046
tot_uptimes: 301
tot_uptimes_duration: 18014.743199995602
