comms_cons: 119.1565183940513
finished_reconf: true
global_termination_time: 1174410.892
local_termination_time: 197251.03436000008
node_cons: 24107.96976111689
tot_aggregated_send: 16182
tot_msg_rcv: 711
tot_msg_sent: 1219
tot_reconf_duration: 4.390000000000001
tot_sleeping_duration: 1156410.8859200024
tot_uptimes: 301
tot_uptimes_duration: 18000.006079997635
