comms_cons: 117.37418238833628
finished_reconf: true
global_termination_time: 1150988.378
local_termination_time: 191871.50860000055
node_cons: 23640.85684893929
tot_aggregated_send: 15370
tot_msg_rcv: 789
tot_msg_sent: 1682
tot_reconf_duration: 15.34
tot_sleeping_duration: 1133348.3293600155
tot_uptimes: 295
tot_uptimes_duration: 17640.04863998451
