comms_cons: 114.977126395364
finished_reconf: true
global_termination_time: 1152510.426
local_termination_time: 256065.2952800008
node_cons: 23708.8445222337
tot_aggregated_send: 15776
tot_msg_rcv: 602
tot_msg_sent: 1097
tot_reconf_duration: 6.279999999999999
tot_sleeping_duration: 1134810.4138400047
tot_uptimes: 296
tot_uptimes_duration: 17700.01215999527
