comms_cons: 113.78068479618771
finished_reconf: true
global_termination_time: 1150587.244
local_termination_time: 604397.9307999994
node_cons: 23626.885800000004
tot_aggregated_send: 16588
tot_msg_rcv: 246
tot_msg_sent: 460
tot_reconf_duration: 5.1
tot_sleeping_duration: 1132947.244
tot_uptimes: 295
tot_uptimes_duration: 17640.0
