comms_cons: 113.16881919835616
finished_reconf: true
global_termination_time: 1150922.269
local_termination_time: 292218.36124000093
node_cons: 23681.049624482708
tot_aggregated_send: 16704
tot_msg_rcv: 154
tot_msg_sent: 343
tot_reconf_duration: 25.299999999999997
tot_sleeping_duration: 1133262.3046799982
tot_uptimes: 295
tot_uptimes_duration: 17659.964320002007
