comms_cons: 114.13596159638503
finished_reconf: true
global_termination_time: 1154809.909
local_termination_time: 512755.06036
node_cons: 23716.46019999999
tot_aggregated_send: 16588
tot_msg_rcv: 286
tot_msg_sent: 474
tot_reconf_duration: 11.899999999999999
tot_sleeping_duration: 1137109.909
tot_uptimes: 296
tot_uptimes_duration: 17700.0
