comms_cons: 118.57159679056839
finished_reconf: true
global_termination_time: 1150420.071
local_termination_time: 140837.2933200002
node_cons: 23626.565250074516
tot_aggregated_send: 15254
tot_msg_rcv: 959
tot_msg_sent: 1811
tot_reconf_duration: 4.8100000000000005
tot_sleeping_duration: 1132780.016280004
tot_uptimes: 295
tot_uptimes_duration: 17640.054719995882
