comms_cons: 419.7805184404831
finished_reconf: true
global_termination_time: 4208726.069
local_termination_time: 927444.0693199995
node_cons: 86533.58650447018
tot_aggregated_send: 58522
tot_msg_rcv: 1781
tot_msg_sent: 3500
tot_reconf_duration: 5.43
tot_sleeping_duration: 4144106.044680006
tot_uptimes: 1078
tot_uptimes_duration: 64620.02431999444
