comms_cons: 34.51095680026393
finished_reconf: true
global_termination_time: 349286.992
local_termination_time: 30052.686760000004
node_cons: 7165.130100000009
tot_aggregated_send: 4988
tot_msg_rcv: 93
tot_msg_sent: 164
tot_reconf_duration: 10.95
tot_sleeping_duration: 343946.992
tot_uptimes: 90
tot_uptimes_duration: 5340.0
