comms_cons: 66.90817280013896
finished_reconf: true
global_termination_time: 658028.574
local_termination_time: 293589.54404000076
node_cons: 13507.772124481153
tot_aggregated_send: 8468
tot_msg_rcv: 594
tot_msg_sent: 1107
tot_reconf_duration: 7.819999999999999
tot_sleeping_duration: 647948.5496799991
tot_uptimes: 169
tot_uptimes_duration: 10080.02432000084
