comms_cons: 101.72101119824451
finished_reconf: true
global_termination_time: 1004622.77
local_termination_time: 164829.38736000005
node_cons: 20662.795967845443
tot_aggregated_send: 12992
tot_msg_rcv: 843
tot_msg_sent: 1626
tot_reconf_duration: 11.31
tot_sleeping_duration: 989202.727439996
tot_uptimes: 258
tot_uptimes_duration: 15420.042560004047
