comms_cons: 139.40008959660452
finished_reconf: true
global_termination_time: 1416694.56
local_termination_time: 1231256.9493599997
node_cons: 29100.964859999945
tot_aggregated_send: 20590
tot_msg_rcv: 204
tot_msg_sent: 394
tot_reconf_duration: 13.17
tot_sleeping_duration: 1394974.56
tot_uptimes: 363
tot_uptimes_duration: 21720.0
