comms_cons: 140.02511359559225
finished_reconf: true
global_termination_time: 1414748.77
local_termination_time: 613863.6308399987
node_cons: 29094.06622
tot_aggregated_send: 20416
tot_msg_rcv: 294
tot_msg_sent: 573
tot_reconf_duration: 8.09
tot_sleeping_duration: 1393028.77
tot_uptimes: 363
tot_uptimes_duration: 21720.0
