comms_cons: 144.89560318654495
finished_reconf: true
global_termination_time: 1413041.68
local_termination_time: 86609.22155999958
node_cons: 29087.319593425007
tot_aggregated_send: 19140
tot_msg_rcv: 1012
tot_msg_sent: 1872
tot_reconf_duration: 3.05
tot_sleeping_duration: 1391321.607040011
tot_uptimes: 362
tot_uptimes_duration: 21720.072959988785
