comms_cons: 285.9115583909806
finished_reconf: true
global_termination_time: 2910931.907
local_termination_time: 550821.8060799987
node_cons: 59859.864544466276
tot_aggregated_send: 40426
tot_msg_rcv: 936
tot_msg_sent: 2094
tot_reconf_duration: 4.8100000000000005
tot_sleeping_duration: 2866231.8826800096
tot_uptimes: 746
tot_uptimes_duration: 44700.02431999054
