comms_cons: 286.7873279901618
finished_reconf: true
global_termination_time: 2911655.695
local_termination_time: 657811.0844399985
node_cons: 59859.277902232556
tot_aggregated_send: 40832
tot_msg_rcv: 899
tot_msg_sent: 1859
tot_reconf_duration: 4.390000000000001
tot_sleeping_duration: 2866955.6828400046
tot_uptimes: 746
tot_uptimes_duration: 44700.01215999527
