comms_cons: 98.41888001423133
finished_reconf: true
global_termination_time: 498394.335
local_termination_time: 329627.3393600001
node_cons: 10233.954982242907
tot_aggregated_send: 0
tot_msg_rcv: 7611
tot_msg_sent: 7349
tot_reconf_duration: 22.65
tot_sleeping_duration: 490774.3228399979
tot_uptimes: 128
tot_uptimes_duration: 7620.0121600021375
