comms_cons: 50.97626880113046
finished_reconf: true
global_termination_time: 498649.933
local_termination_time: 182372.52736000007
node_cons: 10210.146505607174
tot_aggregated_send: 6496
tot_msg_rcv: 379
tot_msg_sent: 873
tot_reconf_duration: 5.1
tot_sleeping_duration: 491029.9025999947
tot_uptimes: 128
tot_uptimes_duration: 7620.030400005344
