comms_cons: 49.58085120050227
finished_reconf: true
global_termination_time: 498148.273
local_termination_time: 231387.7836400004
node_cons: 10209.711980000011
tot_aggregated_send: 6728
tot_msg_rcv: 286
tot_msg_sent: 522
tot_reconf_duration: 4.8100000000000005
tot_sleeping_duration: 490528.273
tot_uptimes: 128
tot_uptimes_duration: 7620.0
