comms_cons: 51.09034880281463
finished_reconf: true
global_termination_time: 427086.161
local_termination_time: 114235.67059999997
node_cons: 8781.919437942908
tot_aggregated_send: 3422
tot_msg_rcv: 1751
tot_msg_sent: 2594
tot_reconf_duration: 18.21
tot_sleeping_duration: 420546.0637199829
tot_uptimes: 110
tot_uptimes_duration: 6540.0972800171
