comms_cons: 408.70228482691743
finished_reconf: true
global_termination_time: 4159269.606
local_termination_time: 2118400.60484
node_cons: 85596.48182334802
tot_aggregated_send: 58232
tot_msg_rcv: 1405
tot_msg_sent: 2483
tot_reconf_duration: 25.299999999999997
tot_sleeping_duration: 4095369.5877600075
tot_uptimes: 1066
tot_uptimes_duration: 63900.0182399929
