comms_cons: 411.38056964058836
finished_reconf: true
global_termination_time: 4161031.569
local_termination_time: 949165.0753599999
node_cons: 85574.9493478169
tot_aggregated_send: 58116
tot_msg_rcv: 1447
tot_msg_sent: 2962
tot_reconf_duration: 9.42
tot_sleeping_duration: 4097131.526440016
tot_uptimes: 1066
tot_uptimes_duration: 63900.04255998437
