comms_cons: 419.23399686926314
finished_reconf: true
global_termination_time: 4160022.683
local_termination_time: 16934.267600000003
node_cons: 85577.05151116767
tot_aggregated_send: 58406
tot_msg_rcv: 1948
tot_msg_sent: 3366
tot_reconf_duration: 10.95
tot_sleeping_duration: 4096122.6222000225
tot_uptimes: 1066
tot_uptimes_duration: 63900.06079997751
