comms_cons: 818.5264270568185
finished_reconf: true
global_termination_time: 4159558.63
local_termination_time: 3347.2923600000004
node_cons: 85578.30904670493
tot_aggregated_send: 0
tot_msg_rcv: 62635
tot_msg_sent: 61773
tot_reconf_duration: 11.899999999999999
tot_sleeping_duration: 4095658.5935200094
tot_uptimes: 1066
tot_uptimes_duration: 63900.036479990405
