comms_cons: 408.55872644305714
finished_reconf: true
global_termination_time: 4162262.845
local_termination_time: 1632724.7319599986
node_cons: 85570.6037478165
tot_aggregated_send: 57942
tot_msg_rcv: 1366
tot_msg_sent: 2791
tot_reconf_duration: 6.22
tot_sleeping_duration: 4098362.802440016
tot_uptimes: 1066
tot_uptimes_duration: 63900.04255998414
