comms_cons: 407.9149056405852
finished_reconf: true
global_termination_time: 4156965.311
local_termination_time: 1924414.098
node_cons: 85580.18807622288
tot_aggregated_send: 58406
tot_msg_rcv: 1214
tot_msg_sent: 2379
tot_reconf_duration: 11.31
tot_sleeping_duration: 4093063.2728400114
tot_uptimes: 1065
tot_uptimes_duration: 63902.03815998882
