comms_cons: 12.092569599972688
finished_reconf: true
global_termination_time: 10708.848240000003
local_termination_time: 2268.1700400000013
node_cons: 1971.9327593600033
tot_aggregated_send: 0
tot_msg_rcv: 834
tot_msg_sent: 1003
tot_reconf_duration: 18.21
tot_sleeping_duration: 9254.626
tot_uptimes: 25
tot_uptimes_duration: 1454.2222400000028
