comms_cons: 374.4222720257601
finished_reconf: true
global_termination_time: 3784031.92
local_termination_time: 2691461.241359999
node_cons: 77874.18917999805
tot_aggregated_send: 54636
tot_msg_rcv: 725
tot_msg_sent: 1549
tot_reconf_duration: 18.21
tot_sleeping_duration: 3725891.92
tot_uptimes: 970
tot_uptimes_duration: 58140.0
