comms_cons: 1830.9034651627182
finished_reconf: true
global_termination_time: 3783480.2744799987
local_termination_time: 3783480.2333599986
node_cons: 229956.07683815894
tot_aggregated_send: 0
tot_msg_rcv: 112391
tot_msg_sent: 165895
tot_reconf_duration: 37.410000000000004
tot_sleeping_duration: 3611781.040680023
tot_uptimes: 2819
tot_uptimes_duration: 171699.2337999756
