comms_cons: 378.0247168302781
finished_reconf: true
global_termination_time: 3783481.0671199965
local_termination_time: 397682.7496000001
node_cons: 77825.27653419792
tot_aggregated_send: 52780
tot_msg_rcv: 1547
tot_msg_sent: 3130
tot_reconf_duration: 25.299999999999997
tot_sleeping_duration: 3725384.7869600267
tot_uptimes: 969
tot_uptimes_duration: 58096.28015996999
