comms_cons: 382.90314246687274
finished_reconf: true
global_termination_time: 3784759.75
local_termination_time: 1963752.60836
node_cons: 77856.04082670042
tot_aggregated_send: 52374
tot_msg_rcv: 1993
tot_msg_sent: 3832
tot_reconf_duration: 4.8100000000000005
tot_sleeping_duration: 3726619.7135200133
tot_uptimes: 970
tot_uptimes_duration: 58140.03647998674
