comms_cons: 383.2365184563911
finished_reconf: true
global_termination_time: 3785502.068
local_termination_time: 1189492.2245999998
node_cons: 77866.65224558338
tot_aggregated_send: 52838
tot_msg_rcv: 2049
tot_msg_sent: 3361
tot_reconf_duration: 12.629999999999999
tot_sleeping_duration: 3727362.037600011
tot_uptimes: 970
tot_uptimes_duration: 58140.03039998887
