comms_cons: 382.4240896806169
finished_reconf: true
global_termination_time: 3784250.142
local_termination_time: 578081.36436
node_cons: 77857.95560670047
tot_aggregated_send: 52374
tot_msg_rcv: 1917
tot_msg_sent: 3834
tot_reconf_duration: 6.22
tot_sleeping_duration: 3726110.1055200133
tot_uptimes: 970
tot_uptimes_duration: 58140.03647998674
