comms_cons: 135.70257919610253
finished_reconf: true
global_termination_time: 1371510.475
local_termination_time: 439457.26836000005
node_cons: 28206.904060000055
tot_aggregated_send: 19778
tot_msg_rcv: 273
tot_msg_sent: 575
tot_reconf_duration: 5.57
tot_sleeping_duration: 1350450.475
tot_uptimes: 352
tot_uptimes_duration: 21060.0
