comms_cons: 134.8610687984904
finished_reconf: true
global_termination_time: 1371559.082
local_termination_time: 462533.9735200009
node_cons: 28217.813936402614
tot_aggregated_send: 20010
tot_msg_rcv: 150
tot_msg_sent: 339
tot_reconf_duration: 12.629999999999999
tot_sleeping_duration: 1350498.094399998
tot_uptimes: 352
tot_uptimes_duration: 21060.987600001914
