comms_cons: 285.3260544101676
finished_reconf: false
global_termination_time: 2811289.538
local_termination_time: 0
node_cons: 57952.33728335414
tot_aggregated_send: 38859
tot_msg_rcv: 1676
tot_msg_sent: 2833
tot_reconf_duration: 79.16999999999999
tot_sleeping_duration: 2768089.5197600033
tot_uptimes: 720
tot_uptimes_duration: 43200.01823999657
