comms_cons: 270.201164804382
finished_reconf: true
global_termination_time: 2808633.884
local_termination_time: 5452.446
node_cons: 57850.36776558407
tot_aggregated_send: 39030
tot_msg_rcv: 755
tot_msg_sent: 1284
tot_reconf_duration: 4.07
tot_sleeping_duration: 2765433.853600011
tot_uptimes: 720
tot_uptimes_duration: 43200.03039998887
