comms_cons: 280.8005696194565
finished_reconf: true
global_termination_time: 2808896.161
local_termination_time: 4482.842000000001
node_cons: 57870.65354893426
tot_aggregated_send: 38377
tot_msg_rcv: 1640
tot_msg_sent: 2662
tot_reconf_duration: 18.990000000000002
tot_sleeping_duration: 2765696.1123600183
tot_uptimes: 720
tot_uptimes_duration: 43200.04863998154
