comms_cons: 278.46464003253993
finished_reconf: true
global_termination_time: 2808095.009
local_termination_time: 5100.968
node_cons: 57854.46348670091
tot_aggregated_send: 38794
tot_msg_rcv: 1238
tot_msg_sent: 2293
tot_reconf_duration: 7.08
tot_sleeping_duration: 2764894.9725200133
tot_uptimes: 720
tot_uptimes_duration: 43200.036479986506
