comms_cons: 39.750137601116734
finished_reconf: true
global_termination_time: 382023.184
local_termination_time: 35603.24136000001
node_cons: 7813.8442844823085
tot_aggregated_send: 4814
tot_msg_rcv: 426
tot_msg_sent: 801
tot_reconf_duration: 15.34
tot_sleeping_duration: 376203.1596799983
tot_uptimes: 98
tot_uptimes_duration: 5820.024320001721
