comms_cons: 75.45552640955907
finished_reconf: true
global_termination_time: 377862.03240000043
local_termination_time: 1303.9423600000002
node_cons: 7785.071593600621
tot_aggregated_send: 0
tot_msg_rcv: 5898
tot_msg_sent: 5570
tot_reconf_duration: 22.65
tot_sleeping_duration: 372070.91
tot_uptimes: 97
tot_uptimes_duration: 5791.122400000457
