comms_cons: 181.64513279185456
finished_reconf: true
global_termination_time: 1850355.399
local_termination_time: 385117.3853600001
node_cons: 38007.37640335032
tot_aggregated_send: 25984
tot_msg_rcv: 519
tot_msg_sent: 1106
tot_reconf_duration: 4.8100000000000005
tot_sleeping_duration: 1821975.380760007
tot_uptimes: 474
tot_uptimes_duration: 28380.018239992904
