comms_cons: 182.50700799567463
finished_reconf: true
global_termination_time: 1853401.743
local_termination_time: 1027932.3457599981
node_cons: 38098.88065463709
tot_aggregated_send: 26274
tot_msg_rcv: 504
tot_msg_sent: 962
tot_reconf_duration: 11.31
tot_sleeping_duration: 1824959.9792400019
tot_uptimes: 475
tot_uptimes_duration: 28441.763759998023
