comms_cons: 313.4849984299219
finished_reconf: true
global_termination_time: 3127074.039
local_termination_time: 521882.804
node_cons: 64278.364211496904
tot_aggregated_send: 42686
tot_msg_rcv: 1571
tot_msg_sent: 3389
tot_reconf_duration: 3.05
tot_sleeping_duration: 3079072.379320016
tot_uptimes: 801
tot_uptimes_duration: 48001.659679983684
