comms_cons: 188.99409919120157
finished_reconf: true
global_termination_time: 1883041.198
local_termination_time: 762918.7162799992
node_cons: 38748.609179999745
tot_aggregated_send: 26506
tot_msg_rcv: 787
tot_msg_sent: 1433
tot_reconf_duration: 18.21
tot_sleeping_duration: 1854121.198
tot_uptimes: 483
tot_uptimes_duration: 28920.0
