comms_cons: 369.4677884968018
finished_reconf: true
global_termination_time: 1880862.316
local_termination_time: 843.4520399999994
node_cons: 38652.00304223346
tot_aggregated_send: 0
tot_msg_rcv: 28255
tot_msg_sent: 27902
tot_reconf_duration: 6.22
tot_sleeping_duration: 1852002.3038400048
tot_uptimes: 482
tot_uptimes_duration: 28860.01215999527
