comms_cons: 189.9944191882571
finished_reconf: true
global_termination_time: 1880355.6469599989
local_termination_time: 123775.15759999995
node_cons: 38713.62916503155
tot_aggregated_send: 26042
tot_msg_rcv: 945
tot_msg_sent: 1891
tot_reconf_duration: 5.43
tot_sleeping_duration: 1851448.809600005
tot_uptimes: 482
tot_uptimes_duration: 28906.837359993835
