comms_cons: 12.462259199869472
finished_reconf: true
global_termination_time: 108928.736
local_termination_time: 5502.300480000001
node_cons: 2187.0892833585935
tot_aggregated_send: 986
tot_msg_rcv: 336
tot_msg_sent: 573
tot_reconf_duration: 13.17
tot_sleeping_duration: 107308.71776000106
tot_uptimes: 28
tot_uptimes_duration: 1620.0182399989499
