comms_cons: 11.888614399940582
finished_reconf: true
global_termination_time: 103235.153
local_termination_time: 33930.408360000016
node_cons: 2094.826043360882
tot_aggregated_send: 986
tot_msg_rcv: 300
tot_msg_sent: 521
tot_reconf_duration: 4.390000000000001
tot_sleeping_duration: 101675.13475999935
tot_uptimes: 27
tot_uptimes_duration: 1560.0182400006524
