comms_cons: 13.220531199822101
finished_reconf: true
global_termination_time: 103027.06715999947
local_termination_time: 21502.75136
node_cons: 2176.2167173584426
tot_aggregated_send: 986
tot_msg_rcv: 460
tot_msg_sent: 563
tot_reconf_duration: 7.819999999999999
tot_sleeping_duration: 101409.74292000063
tot_uptimes: 27
tot_uptimes_duration: 1617.3242399988376
