comms_cons: 11.646092800004455
finished_reconf: true
global_termination_time: 103027.25359999988
local_termination_time: 68933.83235999997
node_cons: 2121.92136063814
tot_aggregated_send: 1102
tot_msg_rcv: 258
tot_msg_sent: 409
tot_reconf_duration: 6.22
tot_sleeping_duration: 101448.85584000127
tot_uptimes: 27
tot_uptimes_duration: 1578.3977599986101
