comms_cons: 9.618790400008464
finished_reconf: true
global_termination_time: 91389.82547999996
local_termination_time: 91389.78435999996
node_cons: 1899.563518719934
tot_aggregated_send: 1102
tot_msg_rcv: 120
tot_msg_sent: 239
tot_reconf_duration: 24.59
tot_sleeping_duration: 89996.121
tot_uptimes: 24
tot_uptimes_duration: 1393.7044799999567
