comms_cons: 9.92801279996086
finished_reconf: true
global_termination_time: 91964.632
local_termination_time: 7948.307360000001
node_cons: 1858.4558422394427
tot_aggregated_send: 928
tot_msg_rcv: 231
tot_msg_sent: 350
tot_reconf_duration: 7.819999999999999
tot_sleeping_duration: 90584.6198400004
tot_uptimes: 24
tot_uptimes_duration: 1380.0121599995837
