comms_cons: 54.84758400088627
finished_reconf: true
global_termination_time: 534324.48
local_termination_time: 18779.90648
node_cons: 10932.217902242875
tot_aggregated_send: 7076
tot_msg_rcv: 446
tot_msg_sent: 814
tot_reconf_duration: 4.390000000000001
tot_sleeping_duration: 526164.4678399978
tot_uptimes: 137
tot_uptimes_duration: 8160.0121600021375
