comms_cons: 97.6491135981227
finished_reconf: true
global_termination_time: 990632.383
local_termination_time: 253097.68636000005
node_cons: 20334.556381119182
tot_aggregated_send: 14094
tot_msg_rcv: 286
tot_msg_sent: 462
tot_reconf_duration: 6.279999999999999
tot_sleeping_duration: 975452.3769200006
tot_uptimes: 254
tot_uptimes_duration: 15180.006079999366
