comms_cons: 97.60243199917365
finished_reconf: true
global_termination_time: 989854.733
local_termination_time: 361807.7975600007
node_cons: 20331.98161999997
tot_aggregated_send: 14268
tot_msg_rcv: 221
tot_msg_sent: 346
tot_reconf_duration: 4.390000000000001
tot_sleeping_duration: 974674.733
tot_uptimes: 254
tot_uptimes_duration: 15180.0
