comms_cons: 96.0102656000686
finished_reconf: true
global_termination_time: 990575.752
local_termination_time: 465010.244360001
node_cons: 20341.365373041343
tot_aggregated_send: 14442
tot_msg_rcv: 36
tot_msg_sent: 115
tot_reconf_duration: 7.819999999999999
tot_sleeping_duration: 975392.222639999
tot_uptimes: 254
tot_uptimes_duration: 15183.529360000975
