comms_cons: 241.4895359937696
finished_reconf: true
global_termination_time: 2429182.482
local_termination_time: 627953.60336
node_cons: 49978.044544467026
tot_aggregated_send: 33988
tot_msg_rcv: 914
tot_msg_sent: 1803
tot_reconf_duration: 4.8100000000000005
tot_sleeping_duration: 2391862.4576800093
tot_uptimes: 623
tot_uptimes_duration: 37320.02431999077
