comms_cons: 383.2385917483795
finished_reconf: true
global_termination_time: 1319262.95
local_termination_time: 668304.1964799998
node_cons: 53699.26188399908
tot_aggregated_send: 0
tot_msg_rcv: 19530
tot_msg_sent: 38721
tot_reconf_duration: 18.21
tot_sleeping_duration: 1279177.414
tot_uptimes: 663
tot_uptimes_duration: 40085.53599999998
