comms_cons: 133.91961598766335
finished_reconf: true
global_termination_time: 1317351.050999999
local_termination_time: 1317351.009879999
node_cons: 27155.912526470645
tot_aggregated_send: 18024
tot_msg_rcv: 787
tot_msg_sent: 1543
tot_reconf_duration: 24.59
tot_sleeping_duration: 1297095.248680006
tot_uptimes: 338
tot_uptimes_duration: 20255.802319992974
