comms_cons: 111.2365568067898
finished_reconf: true
global_termination_time: 581519.064
local_termination_time: 103624.31359999995
node_cons: 11898.856381121444
tot_aggregated_send: 0
tot_msg_rcv: 8550
tot_msg_sent: 8356
tot_reconf_duration: 6.279999999999999
tot_sleeping_duration: 572639.057919999
tot_uptimes: 149
tot_uptimes_duration: 8880.006080001069
