comms_cons: 58.594982400367556
finished_reconf: true
global_termination_time: 579447.221
local_termination_time: 194059.0164400002
node_cons: 11921.094982242868
tot_aggregated_send: 7424
tot_msg_rcv: 453
tot_msg_sent: 1029
tot_reconf_duration: 22.65
tot_sleeping_duration: 570567.2088399979
tot_uptimes: 149
tot_uptimes_duration: 8880.012160002138
