comms_cons: 126.15192318962782
finished_reconf: true
global_termination_time: 629870.101
local_termination_time: 3568.73336
node_cons: 12945.758784478863
tot_aggregated_send: 0
tot_msg_rcv: 9826
tot_msg_sent: 9345
tot_reconf_duration: 8.09
tot_sleeping_duration: 620210.0766800009
tot_uptimes: 162
tot_uptimes_duration: 9660.024319999138
