comms_cons: 62.431500800484145
finished_reconf: true
global_termination_time: 631095.263
local_termination_time: 232122.8718400006
node_cons: 12951.907822242887
tot_aggregated_send: 8526
tot_msg_rcv: 329
tot_msg_sent: 635
tot_reconf_duration: 12.629999999999999
tot_sleeping_duration: 621435.2508399979
tot_uptimes: 162
tot_uptimes_duration: 9660.012160002138
