comms_cons: 61.52272640040251
finished_reconf: true
global_termination_time: 628102.547
local_termination_time: 282676.19336000003
node_cons: 12870.576482242792
tot_aggregated_send: 8874
tot_msg_rcv: 128
tot_msg_sent: 349
tot_reconf_duration: 11.899999999999999
tot_sleeping_duration: 618502.534839998
tot_uptimes: 161
tot_uptimes_duration: 9600.012160002108
