comms_cons: 216.535967965002
finished_reconf: true
global_termination_time: 2090855.365
local_termination_time: 908427.7090399984
node_cons: 42992.58468893436
tot_aggregated_send: 27260
tot_msg_rcv: 1877
tot_msg_sent: 3775
tot_reconf_duration: 7.819999999999999
tot_sleeping_duration: 2058755.316360019
tot_uptimes: 536
tot_uptimes_duration: 32100.048639981076
