comms_cons: 38.50382080074487
finished_reconf: true
global_termination_time: 178091.2920400004
local_termination_time: 3131.1976000000004
node_cons: 3676.1814301619984
tot_aggregated_send: 0
tot_msg_rcv: 3215
tot_msg_sent: 2633
tot_reconf_duration: 18.21
tot_sleeping_duration: 175364.29259999894
tot_uptimes: 46
tot_uptimes_duration: 2726.999440001491
