comms_cons: 15.59599999977319
finished_reconf: true
global_termination_time: 112775.033
local_termination_time: 58200.62684000002
node_cons: 2264.9034033585904
tot_aggregated_send: 696
tot_msg_rcv: 748
tot_msg_sent: 927
tot_reconf_duration: 11.31
tot_sleeping_duration: 111095.01476000104
tot_uptimes: 29
tot_uptimes_duration: 1680.0182399989499
