comms_cons: 520.658252915546
finished_reconf: true
global_termination_time: 5235519.939
local_termination_time: 2922983.29548
node_cons: 107662.156403348
tot_aggregated_send: 72964
tot_msg_rcv: 1928
tot_msg_sent: 4244
tot_reconf_duration: 4.8100000000000005
tot_sleeping_duration: 5155119.920760007
tot_uptimes: 1341
tot_uptimes_duration: 80400.01823999337
