comms_cons: 524.9944705060676
finished_reconf: true
global_termination_time: 5235474.497
local_termination_time: 1990693.4996399984
node_cons: 107670.99113165734
tot_aggregated_send: 72964
tot_msg_rcv: 2078
tot_msg_sent: 4754
tot_reconf_duration: 10.95
tot_sleeping_duration: 5155074.107880015
tot_uptimes: 1341
tot_uptimes_duration: 80400.38911998528
