comms_cons: 523.859808102758
finished_reconf: true
global_termination_time: 5238823.276
local_termination_time: 2797378.02236
node_cons: 107746.60026558168
tot_aggregated_send: 72036
tot_msg_rcv: 2609
tot_msg_sent: 4978
tot_reconf_duration: 7.819999999999999
tot_sleeping_duration: 5158363.24560001
tot_uptimes: 1342
tot_uptimes_duration: 80460.03039998887
