comms_cons: 520.7356736900379
finished_reconf: true
global_termination_time: 5234033.247
local_termination_time: 2647106.4843599997
node_cons: 107664.08746558156
tot_aggregated_send: 72268
tot_msg_rcv: 2409
tot_msg_sent: 4471
tot_reconf_duration: 6.22
tot_sleeping_duration: 5153633.216600011
tot_uptimes: 1341
tot_uptimes_duration: 80400.03039998887
