comms_cons: 176.94124159328376
finished_reconf: true
global_termination_time: 1778306.631
local_termination_time: 182813.24132000018
node_cons: 36565.31955999986
tot_aggregated_send: 25636
tot_msg_rcv: 511
tot_msg_sent: 747
tot_reconf_duration: 7.819999999999999
tot_sleeping_duration: 1751006.631
tot_uptimes: 456
tot_uptimes_duration: 27300.0
