comms_cons: 349.3670141214897
finished_reconf: true
global_termination_time: 1775215.4469599999
local_termination_time: 843.4520399999994
node_cons: 36507.60653967785
tot_aggregated_send: 0
tot_msg_rcv: 26757
tot_msg_sent: 26344
tot_reconf_duration: 6.22
tot_sleeping_duration: 1747956.9258400013
tot_uptimes: 455
tot_uptimes_duration: 27258.521119998477
