comms_cons: 102.32750719716472
finished_reconf: true
global_termination_time: 1029069.143
local_termination_time: 228535.9249600006
node_cons: 21150.284284481113
tot_aggregated_send: 13688
tot_msg_rcv: 571
tot_msg_sent: 1293
tot_reconf_duration: 15.34
tot_sleeping_duration: 1013289.1186799993
tot_uptimes: 264
tot_uptimes_duration: 15780.024320000812
