comms_cons: 103.8985855975896
finished_reconf: true
global_termination_time: 1026260.415
local_termination_time: 195368.05248000004
node_cons: 21053.30334560257
tot_aggregated_send: 13514
tot_msg_rcv: 809
tot_msg_sent: 1468
tot_reconf_duration: 3.08
tot_sleeping_duration: 1010540.3845999981
tot_uptimes: 263
tot_uptimes_duration: 15720.03040000191
