comms_cons: 101.91838719457778
finished_reconf: true
global_termination_time: 1028408.599
local_termination_time: 234998.01836000007
node_cons: 21141.82394447198
tot_aggregated_send: 13456
tot_msg_rcv: 744
tot_msg_sent: 1291
tot_reconf_duration: 9.11
tot_sleeping_duration: 1012628.574680006
tot_uptimes: 264
tot_uptimes_duration: 15780.024319993972
