comms_cons: 157.74163195344553
finished_reconf: true
global_termination_time: 1027655.737
local_termination_time: 191583.41548000005
node_cons: 21137.883042242895
tot_aggregated_send: 0
tot_msg_rcv: 12248
tot_msg_sent: 11730
tot_reconf_duration: 6.22
tot_sleeping_duration: 1011875.7248399978
tot_uptimes: 264
tot_uptimes_duration: 15780.012160002138
