comms_cons: 625.6423361205996
finished_reconf: true
global_termination_time: 6273138.074
local_termination_time: 1523433.06436
node_cons: 129046.92056669855
tot_aggregated_send: 87348
tot_msg_rcv: 2673
tot_msg_sent: 5072
tot_reconf_duration: 15.34
tot_sleeping_duration: 6176778.037520013
tot_uptimes: 1607
tot_uptimes_duration: 96360.03647998697
