comms_cons: 2682.011020983623
finished_reconf: true
global_termination_time: 6272574.187
local_termination_time: 1801064.0296799985
node_cons: 380878.4926862379
tot_aggregated_send: 0
tot_msg_rcv: 164695
tot_msg_sent: 242957
tot_reconf_duration: 5.57
tot_sleeping_duration: 5988129.878840022
tot_uptimes: 4668
tot_uptimes_duration: 284444.3081599785
