comms_cons: 529.7847101070129
finished_reconf: true
global_termination_time: 1096107.9575999998
local_termination_time: 1096107.91648
node_cons: 66560.10173788332
tot_aggregated_send: 0
tot_msg_rcv: 32527
tot_msg_sent: 47996
tot_reconf_duration: 24.59
tot_sleeping_duration: 1046424.0826799964
tot_uptimes: 816
tot_uptimes_duration: 49683.87492000349
