comms_cons: 36.33692160025342
finished_reconf: true
global_termination_time: 370138.019
local_termination_time: 55735.566040000056
node_cons: 7582.718700000001
tot_aggregated_send: 5278
tot_msg_rcv: 92
tot_msg_sent: 153
tot_reconf_duration: 22.65
tot_sleeping_duration: 364498.019
tot_uptimes: 95
tot_uptimes_duration: 5640.0
