comms_cons: 221.9834623835102
finished_reconf: true
global_termination_time: 2203352.047
local_termination_time: 440748.71536000003
node_cons: 45318.734646705074
tot_aggregated_send: 30682
tot_msg_rcv: 1025
tot_msg_sent: 2034
tot_reconf_duration: 5.1
tot_sleeping_duration: 2169512.0105200103
tot_uptimes: 565
tot_uptimes_duration: 33840.03647998924
