comms_cons: 222.2782719881351
finished_reconf: true
global_termination_time: 2203557.059
local_termination_time: 90191.94859999996
node_cons: 45329.72627118622
tot_aggregated_send: 30682
tot_msg_rcv: 1071
tot_msg_sent: 2032
tot_reconf_duration: 13.17
tot_sleeping_duration: 2169716.9982000096
tot_uptimes: 565
tot_uptimes_duration: 33840.06079999008
