comms_cons: 256.075916634196
finished_reconf: true
global_termination_time: 2201130.797
local_termination_time: 1298026.54348
node_cons: 45246.78712111642
tot_aggregated_send: 0
tot_msg_rcv: 19610
tot_msg_sent: 19312
tot_reconf_duration: 11.31
tot_sleeping_duration: 2167350.790920002
tot_uptimes: 564
tot_uptimes_duration: 33780.006079997635
