comms_cons: 1.2798463999952157
finished_reconf: true
global_termination_time: 4075.056
local_termination_time: 2967.21724
node_cons: 88.86823999999964
tot_aggregated_send: 0
tot_msg_rcv: 139
tot_msg_sent: 54
tot_reconf_duration: 6.279999999999999
tot_sleeping_duration: 4015.056
tot_uptimes: 2
tot_uptimes_duration: 60.0
