comms_cons: 0.7302911999975895
finished_reconf: true
global_termination_time: 4090.33
local_termination_time: 2262.7463600000005
node_cons: 91.32622000000019
tot_aggregated_send: 0
tot_msg_rcv: 60
tot_msg_sent: 51
tot_reconf_duration: 8.09
tot_sleeping_duration: 4030.33
tot_uptimes: 2
tot_uptimes_duration: 60.0
