comms_cons: 251.3714943963057
finished_reconf: true
global_termination_time: 2496224.1294799997
local_termination_time: 2496224.0883599995
node_cons: 51389.06050654576
tot_aggregated_send: 34844
tot_msg_rcv: 1140
tot_msg_sent: 2222
tot_reconf_duration: 24.59
tot_sleeping_duration: 2457870.3824400096
tot_uptimes: 640
tot_uptimes_duration: 38353.74703999015
