comms_cons: 52.25858560091029
finished_reconf: true
global_termination_time: 522122.204
local_termination_time: 238329.49416000035
node_cons: 10691.181620000034
tot_aggregated_send: 7308
tot_msg_rcv: 233
tot_msg_sent: 402
tot_reconf_duration: 4.390000000000001
tot_sleeping_duration: 514142.204
tot_uptimes: 134
tot_uptimes_duration: 7980.0
