comms_cons: 447.63028486052053
finished_reconf: true
global_termination_time: 4445429.164
local_termination_time: 2397861.9246
node_cons: 91538.05126446566
tot_aggregated_send: 62118
tot_msg_rcv: 1990
tot_msg_sent: 3930
tot_reconf_duration: 22.65
tot_sleeping_duration: 4377089.139680008
tot_uptimes: 1139
tot_uptimes_duration: 68340.02431999124
