comms_cons: 452.4940864776554
finished_reconf: true
global_termination_time: 4446818.554
local_termination_time: 169771.44136000008
node_cons: 91461.38323452251
tot_aggregated_send: 61190
tot_msg_rcv: 2780
tot_msg_sent: 4805
tot_reconf_duration: 25.299999999999997
tot_sleeping_duration: 4378538.474960025
tot_uptimes: 1139
tot_uptimes_duration: 68280.07903997385
