comms_cons: 448.2981056872733
finished_reconf: true
global_termination_time: 4445521.794
local_termination_time: 631240.5203599998
node_cons: 91431.17591005478
tot_aggregated_send: 61944
tot_msg_rcv: 2125
tot_msg_sent: 4071
tot_reconf_duration: 3.08
tot_sleeping_duration: 4377241.739280017
tot_uptimes: 1139
tot_uptimes_duration: 68280.05471998308
