comms_cons: 447.9246272754483
finished_reconf: true
global_termination_time: 4445568.535
local_termination_time: 1221172.00736
node_cons: 91437.95506669924
tot_aggregated_send: 61944
tot_msg_rcv: 2074
tot_msg_sent: 4063
tot_reconf_duration: 8.09
tot_sleeping_duration: 4377288.498520014
tot_uptimes: 1139
tot_uptimes_duration: 68280.03647998627
