comms_cons: 15.796659201666888
finished_reconf: true
global_termination_time: 247562.771
local_termination_time: 2215.49612
node_cons: 5090.869581120297
tot_aggregated_send: 0
tot_msg_rcv: 206
tot_msg_sent: 2195
tot_reconf_duration: 21.68
tot_sleeping_duration: 243782.76491999978
tot_uptimes: 64
tot_uptimes_duration: 3780.0060800002175
