comms_cons: 13.395251202632636
finished_reconf: true
global_termination_time: 248201.159
local_termination_time: 1521.6092400000002
node_cons: 5078.028340000004
tot_aggregated_send: 0
tot_msg_rcv: 181
tot_msg_sent: 1855
tot_reconf_duration: 12.23
tot_sleeping_duration: 244421.159
tot_uptimes: 64
tot_uptimes_duration: 3780.0
