comms_cons: 223.85706879616984
finished_reconf: true
global_termination_time: 2280155.416
local_termination_time: 1995535.7573599997
node_cons: 46845.145799999256
tot_aggregated_send: 33176
tot_msg_rcv: 214
tot_msg_sent: 634
tot_reconf_duration: 5.1
tot_sleeping_duration: 2245175.416
tot_uptimes: 584
tot_uptimes_duration: 34980.0
