comms_cons: 226.1863167969813
finished_reconf: true
global_termination_time: 2282438.153
local_termination_time: 617889.0733599998
node_cons: 46929.546219999414
tot_aggregated_send: 32944
tot_msg_rcv: 513
tot_msg_sent: 922
tot_reconf_duration: 8.09
tot_sleeping_duration: 2247398.153
tot_uptimes: 585
tot_uptimes_duration: 35040.000000000015
