comms_cons: 227.9041151881649
finished_reconf: true
global_termination_time: 2281771.136
local_termination_time: 1528023.7353599998
node_cons: 46939.0875211161
tot_aggregated_send: 32306
tot_msg_rcv: 781
tot_msg_sent: 1553
tot_reconf_duration: 15.110000000000001
tot_sleeping_duration: 2246731.1299200025
tot_uptimes: 585
tot_uptimes_duration: 35040.006079997635
