comms_cons: 436.23513572590036
finished_reconf: true
global_termination_time: 2282164.728
local_termination_time: 235844.95628000033
node_cons: 46925.1815322938
tot_aggregated_send: 0
tot_msg_rcv: 33746
tot_msg_sent: 32561
tot_reconf_duration: 4.8100000000000005
tot_sleeping_duration: 2247124.6611200194
tot_uptimes: 585
tot_uptimes_duration: 35040.06687998085
