comms_cons: 226.52638079259785
finished_reconf: true
global_termination_time: 2281804.154
local_termination_time: 1558148.8365199992
node_cons: 46931.352359999335
tot_aggregated_send: 32944
tot_msg_rcv: 566
tot_msg_sent: 920
tot_reconf_duration: 9.42
tot_sleeping_duration: 2246764.154
tot_uptimes: 585
tot_uptimes_duration: 35040.0
