comms_cons: 227.1506047951143
finished_reconf: true
global_termination_time: 2282621.815
local_termination_time: 1497031.2418399998
node_cons: 46935.711539999604
tot_aggregated_send: 32654
tot_msg_rcv: 664
tot_msg_sent: 1207
tot_reconf_duration: 12.629999999999999
tot_sleeping_duration: 2247581.815
tot_uptimes: 585
tot_uptimes_duration: 35040.0
