comms_cons: 232.0952191848286
finished_reconf: true
global_termination_time: 2281690.606
local_termination_time: 187083.43876000043
node_cons: 46924.64373675655
tot_aggregated_send: 30624
tot_msg_rcv: 1617
tot_msg_sent: 3036
tot_reconf_duration: 4.390000000000001
tot_sleeping_duration: 2246650.514800032
tot_uptimes: 585
tot_uptimes_duration: 35040.09119996795
