comms_cons: 234.0210175846832
finished_reconf: true
global_termination_time: 2279462.519239989
local_termination_time: 31525.22928
node_cons: 46922.77496498984
tot_aggregated_send: 30392
tot_msg_rcv: 1799
tot_msg_sent: 3377
tot_reconf_duration: 11.31
tot_sleeping_duration: 2244430.8418800263
tot_uptimes: 584
tot_uptimes_duration: 35031.67735996295
