comms_cons: 762.0494402249667
finished_reconf: true
global_termination_time: 7522033.508239996
local_termination_time: 43740.580480000106
node_cons: 154788.2097472369
tot_aggregated_send: 103820
tot_msg_rcv: 4146
tot_msg_sent: 7859
tot_reconf_duration: 18.21
tot_sleeping_duration: 7406452.118720024
tot_uptimes: 1927
tot_uptimes_duration: 115581.38951997172
