comms_cons: 749.3376193525322
finished_reconf: true
global_termination_time: 7525870.94
local_termination_time: 4509493.13636
node_cons: 154827.59208558124
tot_aggregated_send: 105328
tot_msg_rcv: 3168
tot_msg_sent: 5398
tot_reconf_duration: 9.11
tot_sleeping_duration: 7410250.90960001
tot_uptimes: 1928
tot_uptimes_duration: 115620.03039998957
