comms_cons: 173.4596351859238
finished_reconf: true
global_termination_time: 1713713.208
local_termination_time: 681305.5317999985
node_cons: 35197.39932446739
tot_aggregated_send: 23316
tot_msg_rcv: 1127
tot_msg_sent: 1922
tot_reconf_duration: 6.22
tot_sleeping_duration: 1687433.1836800096
tot_uptimes: 439
tot_uptimes_duration: 26280.024319990538
