comms_cons: 40.90288640108355
finished_reconf: true
global_termination_time: 397330.0249600001
local_termination_time: 397329.9838400001
node_cons: 8171.762164168803
tot_aggregated_send: 5090
tot_msg_rcv: 349
tot_msg_sent: 777
tot_reconf_duration: 24.59
tot_sleeping_duration: 391252.07951999357
tot_uptimes: 102
tot_uptimes_duration: 6077.945440006559
