comms_cons: 533.7031104858555
finished_reconf: true
global_termination_time: 5387889.99
local_termination_time: 2655876.5243599983
node_cons: 110798.1696875029
tot_aggregated_send: 74820
tot_msg_rcv: 2117
tot_msg_sent: 4181
tot_reconf_duration: 5.57
tot_sleeping_duration: 5305148.686320011
tot_uptimes: 1380
tot_uptimes_duration: 82741.30367998942
