comms_cons: 31.810432000021272
finished_reconf: true
global_termination_time: 324336.024
local_termination_time: 20256.908360000005
node_cons: 6672.361900000013
tot_aggregated_send: 4756
tot_msg_rcv: 23
tot_msg_sent: 56
tot_reconf_duration: 3.05
tot_sleeping_duration: 319356.024
tot_uptimes: 84
tot_uptimes_duration: 4980.0
