comms_cons: 60.70529280172002
finished_reconf: true
global_termination_time: 596085.505
local_termination_time: 166331.07788000043
node_cons: 12218.638364483468
tot_aggregated_send: 7830
tot_msg_rcv: 520
tot_msg_sent: 876
tot_reconf_duration: 5.1
tot_sleeping_duration: 586965.4806799974
tot_uptimes: 153
tot_uptimes_duration: 9120.024320002572
