comms_cons: 59.68650239965375
finished_reconf: true
global_termination_time: 594056.838
local_termination_time: 271927.91936000006
node_cons: 12218.228262238277
tot_aggregated_send: 8352
tot_msg_rcv: 256
tot_msg_sent: 464
tot_reconf_duration: 4.8100000000000005
tot_sleeping_duration: 584936.8258400012
tot_uptimes: 153
tot_uptimes_duration: 9120.012159998703
