comms_cons: 65.39398400037793
finished_reconf: true
global_termination_time: 76383.13255999959
local_termination_time: 76383.0914399996
node_cons: 7598.351482161226
tot_aggregated_send: 0
tot_msg_rcv: 4479
tot_msg_sent: 5459
tot_reconf_duration: 24.59
tot_sleeping_duration: 70733.42511999868
tot_uptimes: 93
tot_uptimes_duration: 5649.707440000917
