comms_cons: 82.99941759647115
finished_reconf: true
global_termination_time: 807636.591
local_termination_time: 584005.1453599998
node_cons: 16574.785462238237
tot_aggregated_send: 10962
tot_msg_rcv: 680
tot_msg_sent: 973
tot_reconf_duration: 18.21
tot_sleeping_duration: 795276.5788400014
tot_uptimes: 207
tot_uptimes_duration: 12360.012159998703
