comms_cons: 83.95059199398024
finished_reconf: true
global_termination_time: 805260.0500399993
local_termination_time: 805260.0089199994
node_cons: 16620.178058004825
tot_aggregated_send: 10498
tot_msg_rcv: 790
tot_msg_sent: 1471
tot_reconf_duration: 24.59
tot_sleeping_duration: 792872.6080399958
tot_uptimes: 207
tot_uptimes_duration: 12387.442000003575
