comms_cons: 28.875135998965607
finished_reconf: true
global_termination_time: 143142.989
local_termination_time: 87929.81635999997
node_cons: 2978.557902239158
tot_aggregated_send: 0
tot_msg_rcv: 2251
tot_msg_sent: 2137
tot_reconf_duration: 4.390000000000001
tot_sleeping_duration: 140922.97684000066
tot_uptimes: 37
tot_uptimes_duration: 2220.012159999371
