comms_cons: 148.1497728207255
finished_reconf: true
global_termination_time: 509258.428
local_termination_time: 1080.8984800000023
node_cons: 20690.187879000125
tot_aggregated_send: 0
tot_msg_rcv: 7598
tot_msg_sent: 14918
tot_reconf_duration: 5.57
tot_sleeping_duration: 493812.10699999996
tot_uptimes: 256
tot_uptimes_duration: 15446.321000000069
