comms_cons: 135.88675838999484
finished_reconf: true
global_termination_time: 1331185.1902400001
local_termination_time: 37208.99956000014
node_cons: 27360.782137194037
tot_aggregated_send: 17922
tot_msg_rcv: 957
tot_msg_sent: 1774
tot_reconf_duration: 18.21
tot_sleeping_duration: 1310769.9154400048
tot_uptimes: 341
tot_uptimes_duration: 20415.274799995517
