comms_cons: 133.0517887960905
finished_reconf: true
global_termination_time: 1335110.064
local_termination_time: 770555.164999999
node_cons: 27410.858946714765
tot_aggregated_send: 18096
tot_msg_rcv: 676
tot_msg_sent: 1451
tot_reconf_duration: 10.95
tot_sleeping_duration: 1314650.027520004
tot_uptimes: 342
tot_uptimes_duration: 20460.03647999611
