comms_cons: 132.02543359926983
finished_reconf: true
global_termination_time: 1334586.763
local_termination_time: 31456.70236000001
node_cons: 27400.138887845464
tot_aggregated_send: 18618
tot_msg_rcv: 385
tot_msg_sent: 1065
tot_reconf_duration: 3.05
tot_sleeping_duration: 1314126.720439996
tot_uptimes: 342
tot_uptimes_duration: 20460.042560004047
