comms_cons: 84.55713279631948
finished_reconf: true
global_termination_time: 850921.2905999979
local_termination_time: 850921.2905999979
node_cons: 17576.097966869038
tot_aggregated_send: 11980
tot_msg_rcv: 227
tot_msg_sent: 645
tot_reconf_duration: 37.410000000000004
tot_sleeping_duration: 837832.944680006
tot_uptimes: 218
tot_uptimes_duration: 13088.345919991785
