comms_cons: 86.48101759702271
finished_reconf: true
global_termination_time: 851475.725
local_termination_time: 581020.5716399981
node_cons: 17568.1805171913
tot_aggregated_send: 11542
tot_msg_rcv: 621
tot_msg_sent: 981
tot_reconf_duration: 25.299999999999997
tot_sleeping_duration: 838381.0102000065
tot_uptimes: 219
tot_uptimes_duration: 13094.714799993439
