comms_cons: 84.93747199933256
finished_reconf: true
global_termination_time: 853361.547
local_termination_time: 447798.3582000002
node_cons: 17534.64752111684
tot_aggregated_send: 11658
tot_msg_rcv: 444
tot_msg_sent: 808
tot_reconf_duration: 15.110000000000001
tot_sleeping_duration: 840281.5409200024
tot_uptimes: 219
tot_uptimes_duration: 13080.006079997635
