comms_cons: 85.64705279573207
finished_reconf: true
global_termination_time: 850921.7750000003
local_termination_time: 505318.15156000026
node_cons: 17494.33198558449
tot_aggregated_send: 11136
tot_msg_rcv: 676
tot_msg_sent: 1205
tot_reconf_duration: 22.65
tot_sleeping_duration: 837879.5246000119
tot_uptimes: 218
tot_uptimes_duration: 13042.250399988377
