comms_cons: 85.37578239769478
finished_reconf: true
global_termination_time: 852421.456
local_termination_time: 580963.0433599998
node_cons: 17529.006382233623
tot_aggregated_send: 11600
tot_msg_rcv: 437
tot_msg_sent: 939
tot_reconf_duration: 10.95
tot_sleeping_duration: 839341.4438400047
tot_uptimes: 219
tot_uptimes_duration: 13080.012159995269
