comms_cons: 131.08300798243397
finished_reconf: true
global_termination_time: 668394.0195999999
local_termination_time: 1251.7580400000013
node_cons: 13765.249410642738
tot_aggregated_send: 0
tot_msg_rcv: 9999
tot_msg_sent: 9923
tot_reconf_duration: 4.8100000000000005
tot_sleeping_duration: 658118.6518399979
tot_uptimes: 172
tot_uptimes_duration: 10275.367760002031
