comms_cons: 65.34524160062409
finished_reconf: true
global_termination_time: 669519.442
local_termination_time: 200143.45660000006
node_cons: 13748.783983364283
tot_aggregated_send: 9164
tot_msg_rcv: 217
tot_msg_sent: 553
tot_reconf_duration: 7.819999999999999
tot_sleeping_duration: 659259.4237599968
tot_uptimes: 172
tot_uptimes_duration: 10260.018240003206
