comms_cons: 65.30513920059137
finished_reconf: true
global_termination_time: 670356.067
local_termination_time: 281361.44936
node_cons: 13746.603042242843
tot_aggregated_send: 8932
tot_msg_rcv: 307
tot_msg_sent: 687
tot_reconf_duration: 6.22
tot_sleeping_duration: 660096.0548399979
tot_uptimes: 172
tot_uptimes_duration: 10260.012160002138
