comms_cons: 82.41889279886472
finished_reconf: true
global_termination_time: 806584.50624
local_termination_time: 261819.91148000007
node_cons: 16596.550103845802
tot_aggregated_send: 10788
tot_msg_rcv: 602
tot_msg_sent: 1137
tot_reconf_duration: 18.21
tot_sleeping_duration: 794208.2396799957
tot_uptimes: 207
tot_uptimes_duration: 12376.266560004326
