comms_cons: 542.6711743611751
finished_reconf: true
global_termination_time: 806585.158
local_termination_time: 247249.57880000072
node_cons: 80289.75106569007
tot_aggregated_send: 0
tot_msg_rcv: 37248
tot_msg_sent: 45236
tot_reconf_duration: 15.34
tot_sleeping_duration: 746638.2428799912
tot_uptimes: 970
tot_uptimes_duration: 59946.91512000884
