comms_cons: 123.70932479035065
finished_reconf: true
global_termination_time: 810994.674
local_termination_time: 249315.45136000006
node_cons: 16638.916381121453
tot_aggregated_send: 0
tot_msg_rcv: 9466
tot_msg_sent: 9338
tot_reconf_duration: 6.279999999999999
tot_sleeping_duration: 798574.6679199989
tot_uptimes: 208
tot_uptimes_duration: 12420.006080001069
