comms_cons: 78.28715519739902
finished_reconf: true
global_termination_time: 810233.502
local_termination_time: 268464.34336000006
node_cons: 16637.322082242856
tot_aggregated_send: 10788
tot_msg_rcv: 298
tot_msg_sent: 813
tot_reconf_duration: 5.1
tot_sleeping_duration: 797813.4898399978
tot_uptimes: 208
tot_uptimes_duration: 12420.012160002138
