comms_cons: 125.12385279039802
finished_reconf: true
global_termination_time: 806585.158
local_termination_time: 247238.6999200007
node_cons: 16562.86420559802
tot_aggregated_send: 0
tot_msg_rcv: 9671
tot_msg_sent: 9348
tot_reconf_duration: 5.43
tot_sleeping_duration: 794221.0876000016
tot_uptimes: 207
tot_uptimes_duration: 12364.070399998513
