comms_cons: 340.90603493523923
finished_reconf: true
global_termination_time: 1715925.3100799988
local_termination_time: 3251.58136
node_cons: 35355.42335694067
tot_aggregated_send: 0
tot_msg_rcv: 26306
tot_msg_sent: 25509
tot_reconf_duration: 18.21
tot_sleeping_duration: 1689539.4294400131
tot_uptimes: 440
tot_uptimes_duration: 26385.88063998561
