comms_cons: 179.13053437583687
finished_reconf: true
global_termination_time: 1719928.009
local_termination_time: 215138.14036000005
node_cons: 35358.217792294294
tot_aggregated_send: 22620
tot_msg_rcv: 1697
tot_msg_sent: 2910
tot_reconf_duration: 6.279999999999999
tot_sleeping_duration: 1693527.9421200193
tot_uptimes: 441
tot_uptimes_duration: 26400.066879980848
