comms_cons: 167.7893375955637
finished_reconf: true
global_termination_time: 1716297.684
local_termination_time: 1500378.46336
node_cons: 35280.24622000005
tot_aggregated_send: 24940
tot_msg_rcv: 208
tot_msg_sent: 355
tot_reconf_duration: 8.09
tot_sleeping_duration: 1689957.684
tot_uptimes: 440
tot_uptimes_duration: 26340.0
