comms_cons: 179.15819517287633
finished_reconf: true
global_termination_time: 1718986.345
local_termination_time: 143135.39244000067
node_cons: 35353.831452294275
tot_aggregated_send: 22736
tot_msg_rcv: 1697
tot_msg_sent: 2798
tot_reconf_duration: 3.05
tot_sleeping_duration: 1692586.2781200192
tot_uptimes: 441
tot_uptimes_duration: 26400.066879980848
