comms_cons: 127.35376639916826
finished_reconf: true
global_termination_time: 1291814.726
local_termination_time: 1064944.7886799995
node_cons: 26519.76406000013
tot_aggregated_send: 18792
tot_msg_rcv: 222
tot_msg_sent: 343
tot_reconf_duration: 5.57
tot_sleeping_duration: 1272014.726
tot_uptimes: 331
tot_uptimes_duration: 19800.0
