comms_cons: 130.25528319421616
finished_reconf: true
global_termination_time: 1286553.925879999
local_termination_time: 1172.2194000000038
node_cons: 26484.697687912256
tot_aggregated_send: 17864
tot_msg_rcv: 684
tot_msg_sent: 1250
tot_reconf_duration: 3.05
tot_sleeping_duration: 1266777.558600005
tot_uptimes: 330
tot_uptimes_duration: 19776.367279994185
