comms_cons: 131.332870390051
finished_reconf: true
global_termination_time: 1287073.311
local_termination_time: 383622.35336
node_cons: 26440.347465588762
tot_aggregated_send: 17400
tot_msg_rcv: 874
tot_msg_sent: 1687
tot_reconf_duration: 6.22
tot_sleeping_duration: 1267333.2806000083
tot_uptimes: 330
tot_uptimes_duration: 19740.030399991607
