comms_cons: 131.3623167886543
finished_reconf: true
global_termination_time: 1287805.853
local_termination_time: 45310.55972000002
node_cons: 26439.32349229899
tot_aggregated_send: 17284
tot_msg_rcv: 875
tot_msg_sent: 1808
tot_reconf_duration: 5.43
tot_sleeping_duration: 1268065.7861200154
tot_uptimes: 330
tot_uptimes_duration: 19740.066879984282
