comms_cons: 600.3269438904548
finished_reconf: true
global_termination_time: 767766.861
local_termination_time: 171272.75360000008
node_cons: 76938.16262562748
tot_aggregated_send: 0
tot_msg_rcv: 41091
tot_msg_sent: 50154
tot_reconf_duration: 5.57
tot_sleeping_duration: 710313.0905999783
tot_uptimes: 929
tot_uptimes_duration: 57453.77040002174
