comms_cons: 79.12208639906085
finished_reconf: true
global_termination_time: 768037.102
local_termination_time: 279962.25984000013
node_cons: 15750.838922242907
tot_aggregated_send: 10150
tot_msg_rcv: 743
tot_msg_sent: 1133
tot_reconf_duration: 3.08
tot_sleeping_duration: 756277.0898399978
tot_uptimes: 197
tot_uptimes_duration: 11760.012160002138
