comms_cons: 79.97288959396975
finished_reconf: true
global_termination_time: 770468.215
local_termination_time: 233274.26724000004
node_cons: 15839.38394447657
tot_aggregated_send: 9918
tot_msg_rcv: 730
tot_msg_sent: 1507
tot_reconf_duration: 9.11
tot_sleeping_duration: 758648.1906800026
tot_uptimes: 198
tot_uptimes_duration: 11820.024319997407
