comms_cons: 77.35886079468644
finished_reconf: true
global_termination_time: 767460.572
local_termination_time: 271312.40036
node_cons: 15767.175662233669
tot_aggregated_send: 10266
tot_msg_rcv: 402
tot_msg_sent: 1091
tot_reconf_duration: 15.110000000000001
tot_sleeping_duration: 755700.5598400048
tot_uptimes: 197
tot_uptimes_duration: 11760.012159995269
