comms_cons: 81.49185279729844
finished_reconf: true
global_termination_time: 770475.783
local_termination_time: 143992.27
node_cons: 15837.680971200503
tot_aggregated_send: 9624
tot_msg_rcv: 1087
tot_msg_sent: 1676
tot_reconf_duration: 7.819999999999999
tot_sleeping_duration: 758655.7221999997
tot_uptimes: 198
tot_uptimes_duration: 11820.060800000385
