comms_cons: 9.05297919998794
finished_reconf: true
global_termination_time: 3518.385080000003
local_termination_time: 3518.3439600000033
node_cons: 1033.7642441200044
tot_aggregated_send: 0
tot_msg_rcv: 636
tot_msg_sent: 734
tot_reconf_duration: 24.59
tot_sleeping_duration: 2771.282
tot_uptimes: 12
tot_uptimes_duration: 747.103080000003
