comms_cons: 1.572428799999026
finished_reconf: true
global_termination_time: 9565.41848
local_termination_time: 9565.37736
node_cons: 212.4316598400069
tot_aggregated_send: 0
tot_msg_rcv: 129
tot_msg_sent: 109
tot_reconf_duration: 24.59
tot_sleeping_duration: 9431.707919999995
tot_uptimes: 3
tot_uptimes_duration: 133.710560000005
