comms_cons: 2305.4148742522216
finished_reconf: true
global_termination_time: 7903026.5265999995
local_termination_time: 7903026.485479999
node_cons: 323014.3276395646
tot_aggregated_send: 0
tot_msg_rcv: 117331
tot_msg_sent: 233079
tot_reconf_duration: 37.410000000000004
tot_sleeping_duration: 7661828.972560003
tot_uptimes: 3990
tot_uptimes_duration: 241197.55403999658
