comms_cons: 786.9371138133408
finished_reconf: true
global_termination_time: 7903376.7
local_termination_time: 3790888.317279998
node_cons: 162534.8109289317
tot_aggregated_send: 108750
tot_msg_rcv: 3657
tot_msg_sent: 7201
tot_reconf_duration: 5.1
tot_sleeping_duration: 7781996.651360017
tot_uptimes: 2024
tot_uptimes_duration: 121380.04863998294
