comms_cons: 782.8851137799326
finished_reconf: true
global_termination_time: 7903823.129
local_termination_time: 4702910.702919999
node_cons: 162612.3752044631
tot_aggregated_send: 109098
tot_msg_rcv: 3316
tot_msg_sent: 6578
tot_reconf_duration: 3.08
tot_sleeping_duration: 7782383.104680008
tot_uptimes: 2025
tot_uptimes_duration: 121440.02431999147
