comms_cons: 779.2496705421808
finished_reconf: true
global_termination_time: 7903143.226
local_termination_time: 5087055.846
node_cons: 162553.25243877913
tot_aggregated_send: 109269
tot_msg_rcv: 3140
tot_msg_sent: 6032
tot_reconf_duration: 15.110000000000001
tot_sleeping_duration: 7781759.556800011
tot_uptimes: 2024
tot_uptimes_duration: 121383.66919998918
