comms_cons: 799.7220418572192
finished_reconf: true
global_termination_time: 7903027.095479997
local_termination_time: 135082.51260000007
node_cons: 162618.22349088048
tot_aggregated_send: 109040
tot_msg_rcv: 4273
tot_msg_sent: 8238
tot_reconf_duration: 22.65
tot_sleeping_duration: 7781602.551200022
tot_uptimes: 2024
tot_uptimes_duration: 121424.54427997465
