comms_cons: 773.337209754965
finished_reconf: true
global_termination_time: 7905876.809
local_termination_time: 5212395.11436
node_cons: 162625.32782222854
tot_aggregated_send: 109446
tot_msg_rcv: 2522
tot_msg_sent: 5574
tot_reconf_duration: 12.629999999999999
tot_sleeping_duration: 7784436.796840005
tot_uptimes: 2025
tot_uptimes_duration: 121440.01215999573
