comms_cons: 775.3060865314367
finished_reconf: true
global_termination_time: 7904690.974
local_termination_time: 5218902.593079999
node_cons: 162623.03824111182
tot_aggregated_send: 109736
tot_msg_rcv: 2758
tot_msg_sent: 5348
tot_reconf_duration: 10.95
tot_sleeping_duration: 7783250.9679200025
tot_uptimes: 2025
tot_uptimes_duration: 121440.00607999787
