comms_cons: 221.98283518356598
finished_reconf: true
global_termination_time: 2232876.019
local_termination_time: 1492803.8723599997
node_cons: 45904.91498223302
tot_aggregated_send: 31262
tot_msg_rcv: 884
tot_msg_sent: 1595
tot_reconf_duration: 22.65
tot_sleeping_duration: 2198616.0068400046
tot_uptimes: 572
tot_uptimes_duration: 34260.01215999527
