comms_cons: 225.5793663870904
finished_reconf: true
global_termination_time: 2230379.081
local_termination_time: 646968.8333599998
node_cons: 45881.09022334995
tot_aggregated_send: 30798
tot_msg_rcv: 1167
tot_msg_sent: 2321
tot_reconf_duration: 5.1
tot_sleeping_duration: 2196119.062760007
tot_uptimes: 572
tot_uptimes_duration: 34260.0182399929
