comms_cons: 0.7566079999995956
finished_reconf: true
global_termination_time: 6478.606
local_termination_time: 566.5983599999998
node_cons: 88.86823999999996
tot_aggregated_send: 0
tot_msg_rcv: 62
tot_msg_sent: 53
tot_reconf_duration: 6.279999999999999
tot_sleeping_duration: 6418.606
tot_uptimes: 2
tot_uptimes_duration: 60.0
