comms_cons: 44.8767232004659
finished_reconf: true
global_termination_time: 454720.512
local_termination_time: 184529.37784000058
node_cons: 9350.198700000004
tot_aggregated_send: 6496
tot_msg_rcv: 114
tot_msg_sent: 211
tot_reconf_duration: 22.65
tot_sleeping_duration: 447760.512
tot_uptimes: 117
tot_uptimes_duration: 6960.0
