comms_cons: 354.06741091572025
finished_reconf: true
global_termination_time: 1797170.033
local_termination_time: 1450.6850400000014
node_cons: 36981.14546223354
tot_aggregated_send: 0
tot_msg_rcv: 27147
tot_msg_sent: 26667
tot_reconf_duration: 18.21
tot_sleeping_duration: 1769570.0208400048
tot_uptimes: 461
tot_uptimes_duration: 27600.01215999527
