comms_cons: 179.53397118711274
finished_reconf: true
global_termination_time: 1793224.5511200002
local_termination_time: 51765.04160000001
node_cons: 36928.52828191367
tot_aggregated_send: 25114
tot_msg_rcv: 725
tot_msg_sent: 1449
tot_reconf_duration: 22.65
tot_sleeping_duration: 1765668.3378400048
tot_uptimes: 460
tot_uptimes_duration: 27556.21327999537
