comms_cons: 63.17818879919548
finished_reconf: true
global_termination_time: 604793.337
local_termination_time: 426469.18760000006
node_cons: 12380.928945593336
tot_aggregated_send: 7656
tot_msg_rcv: 668
tot_msg_sent: 1279
tot_reconf_duration: 6.279999999999999
tot_sleeping_duration: 595553.306600005
tot_uptimes: 155
tot_uptimes_duration: 9240.030399995041
