comms_cons: 61.56815360025797
finished_reconf: true
global_termination_time: 604217.111
local_termination_time: 407519.49336
node_cons: 12379.326505602541
tot_aggregated_send: 8236
tot_msg_rcv: 423
tot_msg_sent: 699
tot_reconf_duration: 5.1
tot_sleeping_duration: 594977.0805999981
tot_uptimes: 155
tot_uptimes_duration: 9240.03040000191
