comms_cons: 19.579699200574332
finished_reconf: true
global_termination_time: 305747.723
local_termination_time: 2995.19512
node_cons: 6270.306083362019
tot_aggregated_send: 0
tot_msg_rcv: 170
tot_msg_sent: 2806
tot_reconf_duration: 2.77
tot_sleeping_duration: 301067.70475999854
tot_uptimes: 79
tot_uptimes_duration: 4680.018240001504
