comms_cons: 122.53064321391162
finished_reconf: true
global_termination_time: 534442.1086799994
local_termination_time: 534442.0675599994
node_cons: 11005.630215787289
tot_aggregated_send: 0
tot_msg_rcv: 10639
tot_msg_sent: 7982
tot_reconf_duration: 37.410000000000004
tot_sleeping_duration: 526260.7588399791
tot_uptimes: 137
tot_uptimes_duration: 8181.349840020366
