comms_cons: 155.81438081860009
finished_reconf: true
global_termination_time: 534442.6264399996
local_termination_time: 393.0414799999991
node_cons: 21798.227036159544
tot_aggregated_send: 0
tot_msg_rcv: 7969
tot_msg_sent: 15711
tot_reconf_duration: 5.57
tot_sleeping_duration: 518168.7929999999
tot_uptimes: 268
tot_uptimes_duration: 16273.833439999638
