comms_cons: 52.33753600026806
finished_reconf: true
global_termination_time: 538516.508
local_termination_time: 142833.48799999998
node_cons: 11017.215842242846
tot_aggregated_send: 7768
tot_msg_rcv: 15
tot_msg_sent: 172
tot_reconf_duration: 7.819999999999999
tot_sleeping_duration: 530296.4958399979
tot_uptimes: 138
tot_uptimes_duration: 8220.012160002138
