comms_cons: 95.49665919833814
finished_reconf: true
global_termination_time: 981663.409
local_termination_time: 642567.5850000001
node_cons: 20172.324133514023
tot_aggregated_send: 13801
tot_msg_rcv: 186
tot_msg_sent: 527
tot_reconf_duration: 4.8100000000000005
tot_sleeping_duration: 966603.0713200045
tot_uptimes: 252
tot_uptimes_duration: 15060.337679995457
