comms_cons: 2.277030399991767
finished_reconf: true
global_termination_time: 14696.981
local_termination_time: 10683.541479999998
node_cons: 247.945799999998
tot_aggregated_send: 0
tot_msg_rcv: 176
tot_msg_sent: 170
tot_reconf_duration: 5.1
tot_sleeping_duration: 14516.981
tot_uptimes: 4
tot_uptimes_duration: 180.0
