comms_cons: 158.80919678077328
finished_reconf: true
global_termination_time: 1545637.1701200001
local_termination_time: 18715.076280000005
node_cons: 31767.99996862409
tot_aggregated_send: 20590
tot_msg_rcv: 1275
tot_msg_sent: 2273
tot_reconf_duration: 4.8100000000000005
tot_sleeping_duration: 1521916.880360012
tot_uptimes: 396
tot_uptimes_duration: 23720.28975998808
