comms_cons: 150.98606079683302
finished_reconf: true
global_termination_time: 1548288.751
local_termination_time: 801478.47636
node_cons: 31818.78190000011
tot_aggregated_send: 22272
tot_msg_rcv: 213
tot_msg_sent: 464
tot_reconf_duration: 3.05
tot_sleeping_duration: 1524528.751
tot_uptimes: 397
tot_uptimes_duration: 23760.0
