comms_cons: 57.595571201664924
finished_reconf: true
global_termination_time: 548351.524
local_termination_time: 158039.52744000024
node_cons: 11268.176367850048
tot_aggregated_send: 6786
tot_msg_rcv: 640
tot_msg_sent: 1329
tot_reconf_duration: 15.110000000000001
tot_sleeping_duration: 539951.4814399924
tot_uptimes: 141
tot_uptimes_duration: 8400.042560007481
