comms_cons: 55.83109120128268
finished_reconf: true
global_termination_time: 548612.56
local_termination_time: 40648.98252000008
node_cons: 11254.164544485733
tot_aggregated_send: 7308
tot_msg_rcv: 366
tot_msg_sent: 812
tot_reconf_duration: 4.8100000000000005
tot_sleeping_duration: 540212.5356799958
tot_uptimes: 141
tot_uptimes_duration: 8400.024320004275
