comms_cons: 55.09422080079741
finished_reconf: true
global_termination_time: 549944.659
local_termination_time: 311607.9284400007
node_cons: 11260.424924481156
tot_aggregated_send: 7540
tot_msg_rcv: 258
tot_msg_sent: 576
tot_reconf_duration: 9.42
tot_sleeping_duration: 541544.6346799991
tot_uptimes: 141
tot_uptimes_duration: 8400.02432000087
