comms_cons: 55.57115520135412
finished_reconf: true
global_termination_time: 548653.461
local_termination_time: 112537.95047999994
node_cons: 11264.784104483444
tot_aggregated_send: 7308
tot_msg_rcv: 334
tot_msg_sent: 805
tot_reconf_duration: 12.629999999999999
tot_sleeping_duration: 540253.4366799975
tot_uptimes: 141
tot_uptimes_duration: 8400.024320002572
