comms_cons: 55.279065600717715
finished_reconf: true
global_termination_time: 549116.789
local_termination_time: 267143.10356000066
node_cons: 11253.586043364247
tot_aggregated_send: 7482
tot_msg_rcv: 282
tot_msg_sent: 639
tot_reconf_duration: 4.390000000000001
tot_sleeping_duration: 540716.7707599968
tot_uptimes: 141
tot_uptimes_duration: 8400.018240003206
