comms_cons: 56.2850559999665
finished_reconf: true
global_termination_time: 547532.386
local_termination_time: 139127.00036000006
node_cons: 11268.448002238272
tot_aggregated_send: 7482
tot_msg_rcv: 447
tot_msg_sent: 626
tot_reconf_duration: 15.34
tot_sleeping_duration: 539132.3738400014
tot_uptimes: 141
tot_uptimes_duration: 8400.012159998703
