comms_cons: 17.47498239995748
finished_reconf: true
global_termination_time: 14039.926240000003
local_termination_time: 1147.1360400000015
node_cons: 2388.7866508400293
tot_aggregated_send: 0
tot_msg_rcv: 1234
tot_msg_sent: 1422
tot_reconf_duration: 18.21
tot_sleeping_duration: 12274.38667999998
tot_uptimes: 30
tot_uptimes_duration: 1765.539560000022
