comms_cons: 2.2961407999966332
finished_reconf: true
global_termination_time: 18671.952
local_termination_time: 9092.804360000002
node_cons: 327.8919800000018
tot_aggregated_send: 0
tot_msg_rcv: 177
tot_msg_sent: 172
tot_reconf_duration: 4.8100000000000005
tot_sleeping_duration: 18431.952
tot_uptimes: 5
tot_uptimes_duration: 240.0
