comms_cons: 0.7895039999973937
finished_reconf: true
global_termination_time: 5351.904
local_termination_time: 2445.0563600000005
node_cons: 84.48190000000025
tot_aggregated_send: 0
tot_msg_rcv: 63
tot_msg_sent: 57
tot_reconf_duration: 3.05
tot_sleeping_duration: 5291.904
tot_uptimes: 2
tot_uptimes_duration: 60.0
