comms_cons: 189.4806144236766
finished_reconf: true
global_termination_time: 393015.885
local_termination_time: 262970.491480001
node_cons: 23826.099203085723
tot_aggregated_send: 0
tot_msg_rcv: 11638
tot_msg_sent: 17162
tot_reconf_duration: 18.21
tot_sleeping_duration: 375240.4032799958
tot_uptimes: 291
tot_uptimes_duration: 17775.481720004227
