comms_cons: 684.5755457268166
finished_reconf: true
global_termination_time: 6911108.361
local_termination_time: 2746103.28836
node_cons: 142128.4509289323
tot_aggregated_send: 95874
tot_msg_rcv: 2739
tot_msg_sent: 5438
tot_reconf_duration: 5.1
tot_sleeping_duration: 6804968.312360017
tot_uptimes: 1770
tot_uptimes_duration: 106140.0486399827
