comms_cons: 683.3896257251889
finished_reconf: true
global_termination_time: 6914964.9
local_termination_time: 4667033.134679999
node_cons: 142218.97596334657
tot_aggregated_send: 96744
tot_msg_rcv: 2446
tot_msg_sent: 4681
tot_reconf_duration: 12.629999999999999
tot_sleeping_duration: 6808764.881760007
tot_uptimes: 1771
tot_uptimes_duration: 106200.0182399936
