comms_cons: 673.3811200896536
finished_reconf: true
global_termination_time: 6911340.74
local_termination_time: 4792205.481879999
node_cons: 142136.34638222985
tot_aggregated_send: 95932
tot_msg_rcv: 2166
tot_msg_sent: 4252
tot_reconf_duration: 10.95
tot_sleeping_duration: 6805200.7278400045
tot_uptimes: 1770
tot_uptimes_duration: 106140.01215999573
