comms_cons: 672.6188672384711
finished_reconf: true
global_termination_time: 6913948.628
local_termination_time: 4836151.666359999
node_cons: 142217.96019999456
tot_aggregated_send: 99122
tot_msg_rcv: 1074
tot_msg_sent: 2037
tot_reconf_duration: 11.899999999999999
tot_sleeping_duration: 6807748.628
tot_uptimes: 1771
tot_uptimes_duration: 106200.0
