comms_cons: 693.1816833700607
finished_reconf: true
global_termination_time: 6913395.153
local_termination_time: 415226.13092000026
node_cons: 142207.85117228227
tot_aggregated_send: 95990
tot_msg_rcv: 3091
tot_msg_sent: 6277
tot_reconf_duration: 4.390000000000001
tot_sleeping_duration: 6807195.086120024
tot_uptimes: 1771
tot_uptimes_duration: 106200.06687997538
