comms_cons: 690.8787905538239
finished_reconf: true
global_termination_time: 6910990.483
local_termination_time: 844545.1561199978
node_cons: 142223.82441484323
tot_aggregated_send: 96106
tot_msg_rcv: 2933
tot_msg_sent: 5972
tot_reconf_duration: 11.31
tot_sleeping_duration: 6804785.505080024
tot_uptimes: 1770
tot_uptimes_duration: 106204.97791997611
