comms_cons: 99.12880639057582
finished_reconf: true
global_termination_time: 981155.143
local_termination_time: 271075.6342000002
node_cons: 20172.920342233705
tot_aggregated_send: 13224
tot_msg_rcv: 547
tot_msg_sent: 1296
tot_reconf_duration: 5.57
tot_sleeping_duration: 966095.1308400048
tot_uptimes: 252
tot_uptimes_duration: 15060.012159995269
