comms_cons: 99.79988479239498
finished_reconf: true
global_termination_time: 983692.013
local_termination_time: 420919.4668400001
node_cons: 20171.888262233693
tot_aggregated_send: 13108
tot_msg_rcv: 744
tot_msg_sent: 1317
tot_reconf_duration: 4.8100000000000005
tot_sleeping_duration: 968632.0008400048
tot_uptimes: 252
tot_uptimes_duration: 15060.012159995269
