comms_cons: 97.57611519926103
finished_reconf: true
global_termination_time: 981757.971
local_termination_time: 317836.704360001
node_cons: 20169.506323364385
tot_aggregated_send: 13456
tot_msg_rcv: 438
tot_msg_sent: 937
tot_reconf_duration: 3.05
tot_sleeping_duration: 966697.9527599969
tot_uptimes: 252
tot_uptimes_duration: 15060.018240003206
