comms_cons: 99.8130431926889
finished_reconf: true
global_termination_time: 980646.6432400002
local_termination_time: 12489.64972
node_cons: 20228.05160959662
tot_aggregated_send: 13108
tot_msg_rcv: 671
tot_msg_sent: 1391
tot_reconf_duration: 6.22
tot_sleeping_duration: 965546.1168400027
tot_uptimes: 252
tot_uptimes_duration: 15100.526399997456
