comms_cons: 1.4540031999951968
finished_reconf: true
global_termination_time: 10816.274
local_termination_time: 6714.99536
node_cons: 178.5648600000001
tot_aggregated_send: 0
tot_msg_rcv: 117
tot_msg_sent: 104
tot_reconf_duration: 13.17
tot_sleeping_duration: 10696.274
tot_uptimes: 3
tot_uptimes_duration: 120.0
