comms_cons: 31.711744000198582
finished_reconf: true
global_termination_time: 309551.779
local_termination_time: 105835.05155999985
node_cons: 6354.432201121427
tot_aggregated_send: 4234
tot_msg_rcv: 242
tot_msg_sent: 344
tot_reconf_duration: 5.57
tot_sleeping_duration: 304811.7729199989
tot_uptimes: 80
tot_uptimes_duration: 4740.006080001069
