comms_cons: 38.626483204771866
finished_reconf: true
global_termination_time: 392997.254
local_termination_time: 2675.13212
node_cons: 8034.111662241449
tot_aggregated_send: 0
tot_msg_rcv: 0
tot_msg_sent: 0
tot_reconf_duration: 5.02
tot_sleeping_duration: 386997.2418399989
tot_uptimes: 101
tot_uptimes_duration: 6000.012160001075
