comms_cons: 38.90280960479661
finished_reconf: true
global_termination_time: 397244.311
local_termination_time: 397.41112
node_cons: 8114.467812240593
tot_aggregated_send: 0
tot_msg_rcv: 0
tot_msg_sent: 0
tot_reconf_duration: 5.87
tot_sleeping_duration: 391184.29883999954
tot_uptimes: 102
tot_uptimes_duration: 6060.012160000436
