comms_cons: 40.10204160485634
finished_reconf: true
global_termination_time: 396605.052
local_termination_time: 922.35012
node_cons: 8114.47902223917
tot_aggregated_send: 0
tot_msg_rcv: 0
tot_msg_sent: 0
tot_reconf_duration: 6.46
tot_sleeping_duration: 390545.0398400006
tot_uptimes: 102
tot_uptimes_duration: 6060.012159999373
