comms_cons: 19.025100799653725
finished_reconf: true
global_termination_time: 95638.421
local_termination_time: 2192.95536
node_cons: 1934.1216199999992
tot_aggregated_send: 0
tot_msg_rcv: 1498
tot_msg_sent: 1392
tot_reconf_duration: 4.390000000000001
tot_sleeping_duration: 94198.421
tot_uptimes: 25
tot_uptimes_duration: 1440.0
