comms_cons: 351.0397888381321
finished_reconf: true
global_termination_time: 3462547.86
local_termination_time: 1644041.7753599996
node_cons: 71185.4307467004
tot_aggregated_send: 47618
tot_msg_rcv: 1961
tot_msg_sent: 3776
tot_reconf_duration: 3.05
tot_sleeping_duration: 3409387.823520013
tot_uptimes: 887
tot_uptimes_duration: 53160.03647998674
