comms_cons: 350.6588288550672
finished_reconf: true
global_termination_time: 3462272.897
local_termination_time: 551180.5434399984
node_cons: 71196.65596781709
tot_aggregated_send: 47444
tot_msg_rcv: 1910
tot_msg_sent: 3945
tot_reconf_duration: 11.31
tot_sleeping_duration: 3409112.8544400157
tot_uptimes: 887
tot_uptimes_duration: 53160.04255998414
