comms_cons: 349.7619712389052
finished_reconf: true
global_termination_time: 3462386.897
local_termination_time: 462210.2853600001
node_cons: 71202.13684893434
tot_aggregated_send: 48024
tot_msg_rcv: 1774
tot_msg_sent: 3363
tot_reconf_duration: 15.34
tot_sleeping_duration: 3409226.848360018
tot_uptimes: 887
tot_uptimes_duration: 53160.04863998201
