comms_cons: 113.61506559717579
finished_reconf: true
global_termination_time: 1159028.752
local_termination_time: 405770.39036
node_cons: 23787.63092894846
tot_aggregated_send: 15370
tot_msg_rcv: 527
tot_msg_sent: 1371
tot_reconf_duration: 5.1
tot_sleeping_duration: 1141268.7033600088
tot_uptimes: 297
tot_uptimes_duration: 17760.04863999138
