comms_cons: 114.0970495938256
finished_reconf: true
global_termination_time: 1158753.527
local_termination_time: 312681.7693600001
node_cons: 23791.666925598027
tot_aggregated_send: 14500
tot_msg_rcv: 919
tot_msg_sent: 1924
tot_reconf_duration: 8.09
tot_sleeping_duration: 1140993.4966000014
tot_uptimes: 297
tot_uptimes_duration: 17760.030399998475
