comms_cons: 115.86688639029813
finished_reconf: true
global_termination_time: 1158891.254
local_termination_time: 606989.9294799998
node_cons: 23795.550805588733
tot_aggregated_send: 15370
tot_msg_rcv: 732
tot_msg_sent: 1508
tot_reconf_duration: 10.95
tot_sleeping_duration: 1141131.2236000083
tot_uptimes: 297
tot_uptimes_duration: 17760.030399991607
