comms_cons: 115.12942079650952
finished_reconf: true
global_termination_time: 1156825.693
local_termination_time: 415729.5905600002
node_cons: 23786.62604335507
tot_aggregated_send: 16182
tot_msg_rcv: 504
tot_msg_sent: 813
tot_reconf_duration: 4.390000000000001
tot_sleeping_duration: 1139065.6747600036
tot_uptimes: 297
tot_uptimes_duration: 17760.018239996338
