comms_cons: 117.3490623934976
finished_reconf: true
global_termination_time: 1159357.549
local_termination_time: 73358.5113199996
node_cons: 23784.855170072224
tot_aggregated_send: 15486
tot_msg_rcv: 716
tot_msg_sent: 1634
tot_reconf_duration: 3.05
tot_sleeping_duration: 1141597.494280006
tot_uptimes: 297
tot_uptimes_duration: 17760.05471999418
