comms_cons: 175.23103998051405
finished_reconf: true
global_termination_time: 1700733.825
local_termination_time: 229185.41636000006
node_cons: 34972.74315564479
tot_aggregated_send: 22620
tot_msg_rcv: 1402
tot_msg_sent: 2613
tot_reconf_duration: 18.21
tot_sleeping_duration: 1674633.739880026
tot_uptimes: 436
tot_uptimes_duration: 26100.08511997375
