comms_cons: 495.83980121218394
finished_reconf: true
global_termination_time: 1699807.789
local_termination_time: 259691.1766000001
node_cons: 69480.20771199901
tot_aggregated_send: 0
tot_msg_rcv: 25237
tot_msg_sent: 50128
tot_reconf_duration: 13.17
tot_sleeping_duration: 1647931.5209999997
tot_uptimes: 862
tot_uptimes_duration: 51876.26800000039
