comms_cons: 131.3142527869947
finished_reconf: true
global_termination_time: 1277228.925
local_termination_time: 583686.1914399996
node_cons: 26277.752685584277
tot_aggregated_send: 16936
tot_msg_rcv: 988
tot_msg_sent: 2035
tot_reconf_duration: 4.8100000000000005
tot_sleeping_duration: 1257608.8946000119
tot_uptimes: 328
tot_uptimes_duration: 19620.030399988173
