comms_cons: 129.48586238975702
finished_reconf: true
global_termination_time: 1278021.045
local_termination_time: 590908.8685199982
node_cons: 26277.182325584217
tot_aggregated_send: 17574
tot_msg_rcv: 711
tot_msg_sent: 1397
tot_reconf_duration: 4.390000000000001
tot_sleeping_duration: 1258401.0146000118
tot_uptimes: 328
tot_uptimes_duration: 19620.030399988173
