comms_cons: 132.24878078815826
finished_reconf: true
global_termination_time: 1277408.568
local_termination_time: 452481.04436000006
node_cons: 26281.8497457029
tot_aggregated_send: 16994
tot_msg_rcv: 1132
tot_msg_sent: 1975
tot_reconf_duration: 7.819999999999999
tot_sleeping_duration: 1257788.5305200128
tot_uptimes: 328
tot_uptimes_duration: 19620.037479987193
