comms_cons: 0.9145088000015477
finished_reconf: true
global_termination_time: 5941.627
local_termination_time: 1016.9063599999998
node_cons: 84.48189999999994
tot_aggregated_send: 0
tot_msg_rcv: 81
tot_msg_sent: 58
tot_reconf_duration: 3.05
tot_sleeping_duration: 5881.627
tot_uptimes: 2
tot_uptimes_duration: 60.0
