comms_cons: 54.78950400376959
finished_reconf: true
global_termination_time: 227056.2139200004
local_termination_time: 886.2545999999991
node_cons: 4720.557403850826
tot_aggregated_send: 0
tot_msg_rcv: 4887
tot_msg_sent: 3440
tot_reconf_duration: 18.21
tot_sleeping_duration: 223549.2473599923
tot_uptimes: 59
tot_uptimes_duration: 3506.9665600080834
