comms_cons: 110.70257920716426
finished_reconf: true
global_termination_time: 227055.6139200003
local_termination_time: 227055.5728000003
node_cons: 13970.838699408849
tot_aggregated_send: 0
tot_msg_rcv: 6779
tot_msg_sent: 10045
tot_reconf_duration: 37.410000000000004
tot_sleeping_duration: 216659.7693199937
tot_uptimes: 171
tot_uptimes_duration: 10395.844600006589
