comms_cons: 23.587059200019777
finished_reconf: true
global_termination_time: 233815.88
local_termination_time: 886.3895999999984
node_cons: 4777.165604638304
tot_aggregated_send: 3074
tot_msg_rcv: 163
tot_msg_sent: 349
tot_reconf_duration: 15.34
tot_sleeping_duration: 230263.72624000127
tot_uptimes: 60
tot_uptimes_duration: 3552.1537599987305
