comms_cons: 265.2381375768726
finished_reconf: true
global_termination_time: 2687783.93
local_termination_time: 526610.887
node_cons: 55323.03681846766
tot_aggregated_send: 36074
tot_msg_rcv: 1392
tot_msg_sent: 2849
tot_reconf_duration: 22.65
tot_sleeping_duration: 2646490.2196800085
tot_uptimes: 689
tot_uptimes_duration: 41293.710319991456
