comms_cons: 261.40477438760234
finished_reconf: true
global_termination_time: 2686323.0569999907
local_termination_time: 1510521.1902799981
node_cons: 55255.005892220324
tot_aggregated_send: 37700
tot_msg_rcv: 701
tot_msg_sent: 1331
tot_reconf_duration: 4.390000000000001
tot_sleeping_duration: 2645061.6348400046
tot_uptimes: 688
tot_uptimes_duration: 41261.422159986105
