comms_cons: 263.8333439969857
finished_reconf: true
global_termination_time: 2686938.503
local_termination_time: 615762.1933599999
node_cons: 55284.53955999916
tot_aggregated_send: 38570
tot_msg_rcv: 550
tot_msg_sent: 981
tot_reconf_duration: 7.819999999999999
tot_sleeping_duration: 2645658.503
tot_uptimes: 689
tot_uptimes_duration: 41280.0
