comms_cons: 93.84570879787357
finished_reconf: true
global_termination_time: 937422.1252400003
local_termination_time: 202293.88760000007
node_cons: 19374.083222724814
tot_aggregated_send: 13108
tot_msg_rcv: 431
tot_msg_sent: 724
tot_reconf_duration: 18.21
tot_sleeping_duration: 922971.5247599967
tot_uptimes: 241
tot_uptimes_duration: 14450.60048000358
