comms_cons: 94.71681279889796
finished_reconf: true
global_termination_time: 938298.793
local_termination_time: 496284.47936
node_cons: 19290.136381121418
tot_aggregated_send: 12876
tot_msg_rcv: 534
tot_msg_sent: 987
tot_reconf_duration: 6.279999999999999
tot_sleeping_duration: 923898.7869199988
tot_uptimes: 241
tot_uptimes_duration: 14400.006080001069
