comms_cons: 95.01680639253192
finished_reconf: true
global_termination_time: 938496.21
local_termination_time: 631204.3044799998
node_cons: 19299.493001116916
tot_aggregated_send: 12934
tot_msg_rcv: 532
tot_msg_sent: 976
tot_reconf_duration: 13.17
tot_sleeping_duration: 924096.2039200023
tot_uptimes: 241
tot_uptimes_duration: 14400.006079997635
