comms_cons: 94.99769599756499
finished_reconf: true
global_termination_time: 940155.744
local_termination_time: 487212.3258800009
node_cons: 19290.071183359643
tot_aggregated_send: 12586
tot_msg_rcv: 634
tot_msg_sent: 1220
tot_reconf_duration: 6.22
tot_sleeping_duration: 925755.7257600002
tot_uptimes: 241
tot_uptimes_duration: 14400.018239999743
