comms_cons: 237.5944063887086
finished_reconf: true
global_termination_time: 2409932.339
local_termination_time: 980924.9118399987
node_cons: 49594.533603349766
tot_aggregated_send: 33176
tot_msg_rcv: 1011
tot_msg_sent: 1926
tot_reconf_duration: 18.21
tot_sleeping_duration: 2372912.3207600075
tot_uptimes: 618
tot_uptimes_duration: 37020.0182399929
