comms_cons: 240.04869119098447
finished_reconf: true
global_termination_time: 2411893.179
local_termination_time: 1279517.6048799988
node_cons: 49590.299379999145
tot_aggregated_send: 34336
tot_msg_rcv: 714
tot_msg_sent: 1436
tot_reconf_duration: 15.110000000000001
tot_sleeping_duration: 2374873.179
tot_uptimes: 618
tot_uptimes_duration: 37020.0
