comms_cons: 236.86310399439645
finished_reconf: true
global_termination_time: 2411036.411
local_termination_time: 1323035.8313199987
node_cons: 49584.65009999958
tot_aggregated_send: 34742
tot_msg_rcv: 309
tot_msg_sent: 950
tot_reconf_duration: 10.95
tot_sleeping_duration: 2374016.411
tot_uptimes: 618
tot_uptimes_duration: 37020.0
