comms_cons: 82.71494400065116
finished_reconf: true
global_termination_time: 837273.348
local_termination_time: 126817.71499999946
node_cons: 17199.31640336431
tot_aggregated_send: 11368
tot_msg_rcv: 377
tot_msg_sent: 828
tot_reconf_duration: 4.8100000000000005
tot_sleeping_duration: 824433.3297599967
tot_uptimes: 215
tot_uptimes_duration: 12840.018240003206
