comms_cons: 81.74517119983345
finished_reconf: true
global_termination_time: 837034.638
local_termination_time: 289822.02136
node_cons: 17198.721619999964
tot_aggregated_send: 11716
tot_msg_rcv: 187
tot_msg_sent: 521
tot_reconf_duration: 4.390000000000001
tot_sleeping_duration: 824194.638
tot_uptimes: 215
tot_uptimes_duration: 12840.0
