comms_cons: 213.11407359142717
finished_reconf: true
global_termination_time: 2162712.515
local_termination_time: 1082093.31536
node_cons: 44462.38554111644
tot_aggregated_send: 31088
tot_msg_rcv: 397
tot_msg_sent: 907
tot_reconf_duration: 25.299999999999997
tot_sleeping_duration: 2129532.5089200023
tot_uptimes: 554
tot_uptimes_duration: 33180.006079997635
