comms_cons: 213.61777918516185
finished_reconf: true
global_termination_time: 2157499.979
local_termination_time: 1125601.38236
node_cons: 44438.6558422333
tot_aggregated_send: 29116
tot_msg_rcv: 1088
tot_msg_sent: 2265
tot_reconf_duration: 7.819999999999999
tot_sleeping_duration: 2124319.9668400045
tot_uptimes: 553
tot_uptimes_duration: 33180.01215999527
