comms_cons: 216.10698238166822
finished_reconf: true
global_termination_time: 2157496.961239997
local_termination_time: 201282.5853200002
node_cons: 44383.49193717767
tot_aggregated_send: 29696
tot_msg_rcv: 1006
tot_msg_sent: 2145
tot_reconf_duration: 11.31
tot_sleeping_duration: 2124361.6864400133
tot_uptimes: 553
tot_uptimes_duration: 33135.27479998366
