comms_cons: 478.1623680359702
finished_reconf: true
global_termination_time: 553287.7799199984
local_termination_time: 553287.7387999984
node_cons: 55152.86721821645
tot_aggregated_send: 0
tot_msg_rcv: 32894
tot_msg_sent: 39781
tot_reconf_duration: 37.410000000000004
tot_sleeping_duration: 512136.1261199855
tot_uptimes: 664
tot_uptimes_duration: 41151.65380001289
