comms_cons: 56.29651839948779
finished_reconf: true
global_termination_time: 557980.221
local_termination_time: 103140.53935999997
node_cons: 11426.205565600289
tot_aggregated_send: 7482
tot_msg_rcv: 326
tot_msg_sent: 749
tot_reconf_duration: 13.17
tot_sleeping_duration: 549460.1905999997
tot_uptimes: 143
tot_uptimes_duration: 8520.030400000207
