comms_cons: 56.778496001285
finished_reconf: true
global_termination_time: 554020.288
local_termination_time: 69487.46047999995
node_cons: 11336.41932448574
tot_aggregated_send: 7308
tot_msg_rcv: 451
tot_msg_sent: 871
tot_reconf_duration: 6.22
tot_sleeping_duration: 545560.2636799957
tot_uptimes: 142
tot_uptimes_duration: 8460.024320004275
