comms_cons: 112.3248640082314
finished_reconf: true
global_termination_time: 557030.57
local_termination_time: 3207.1893600000003
node_cons: 11423.671544483459
tot_aggregated_send: 0
tot_msg_rcv: 8827
tot_msg_sent: 8244
tot_reconf_duration: 11.31
tot_sleeping_duration: 548510.5456799974
tot_uptimes: 143
tot_uptimes_duration: 8520.024320002572
