comms_cons: 283.3798528118343
finished_reconf: false
global_termination_time: 2808070.532
local_termination_time: 0
node_cons: 57889.040868939475
tot_aggregated_send: 39439
tot_msg_rcv: 1333
tot_msg_sent: 2301
tot_reconf_duration: 32.53
tot_sleeping_duration: 2764870.483360015
tot_uptimes: 720
tot_uptimes_duration: 43200.04863998544
