comms_cons: 269.7157632027515
finished_reconf: true
global_termination_time: 2727854.997
local_termination_time: 689674.1917999984
node_cons: 56088.306219998994
tot_aggregated_send: 39498
tot_msg_rcv: 518
tot_msg_sent: 979
tot_reconf_duration: 8.09
tot_sleeping_duration: 2685974.997
tot_uptimes: 699
tot_uptimes_duration: 41880.0
