comms_cons: 266.7121663999959
finished_reconf: true
global_termination_time: 2728404.224
local_termination_time: 1148417.2073600001
node_cons: 56094.4715399992
tot_aggregated_send: 39382
tot_msg_rcv: 335
tot_msg_sent: 822
tot_reconf_duration: 12.629999999999999
tot_sleeping_duration: 2686524.224
tot_uptimes: 699
tot_uptimes_duration: 41880.0
