comms_cons: 268.54771840752284
finished_reconf: true
global_termination_time: 2728913.856
local_termination_time: 1116260.4294399987
node_cons: 56102.714599999286
tot_aggregated_send: 39498
tot_msg_rcv: 446
tot_msg_sent: 872
tot_reconf_duration: 18.700000000000003
tot_sleeping_duration: 2687033.856
tot_uptimes: 699
tot_uptimes_duration: 41880.0
