comms_cons: 273.2123967877117
finished_reconf: true
global_termination_time: 2731639.418
local_termination_time: 1597257.5705199991
node_cons: 56168.3446889338
tot_aggregated_send: 36946
tot_msg_rcv: 1549
tot_msg_sent: 3032
tot_reconf_duration: 7.819999999999999
tot_sleeping_duration: 2689699.369360019
tot_uptimes: 700
tot_uptimes_duration: 41940.048639981076
