comms_cons: 278.6061247905189
finished_reconf: true
global_termination_time: 2727605.9272399964
local_termination_time: 50229.425120000094
node_cons: 56117.22167164422
tot_aggregated_send: 36714
tot_msg_rcv: 1909
tot_msg_sent: 3723
tot_reconf_duration: 11.31
tot_sleeping_duration: 2685707.5981200226
tot_uptimes: 699
tot_uptimes_duration: 41898.32911997399
