comms_cons: 275.0697727955207
finished_reconf: true
global_termination_time: 2728511.685
local_termination_time: 516104.30124000047
node_cons: 56084.775351167984
tot_aggregated_send: 36598
tot_msg_rcv: 1629
tot_msg_sent: 3582
tot_reconf_duration: 5.43
tot_sleeping_duration: 2686631.6242000232
tot_uptimes: 699
tot_uptimes_duration: 41880.06079997681
