comms_cons: 396.65338885487677
finished_reconf: true
global_termination_time: 3969250.578
local_termination_time: 1648407.81436
node_cons: 81646.30428446631
tot_aggregated_send: 55274
tot_msg_rcv: 1714
tot_msg_sent: 3301
tot_reconf_duration: 15.34
tot_sleeping_duration: 3908290.553680009
tot_uptimes: 1017
tot_uptimes_duration: 60960.02431999124
