comms_cons: 392.1275264358322
finished_reconf: true
global_termination_time: 3969373.545
local_termination_time: 2887435.54836
node_cons: 81632.38208223174
tot_aggregated_send: 55332
tot_msg_rcv: 1446
tot_msg_sent: 2824
tot_reconf_duration: 5.1
tot_sleeping_duration: 3908413.5328400047
tot_uptimes: 1017
tot_uptimes_duration: 60960.01215999527
