comms_cons: 390.90320000039964
finished_reconf: true
global_termination_time: 3972686.83
local_termination_time: 2993529.294159998
node_cons: 81740.15368223135
tot_aggregated_send: 55564
tot_msg_rcv: 1407
tot_msg_sent: 2442
tot_reconf_duration: 25.299999999999997
tot_sleeping_duration: 3911666.817840005
tot_uptimes: 1018
tot_uptimes_duration: 61020.01215999527
