comms_cons: 393.3254272277728
finished_reconf: true
global_termination_time: 3969465.667
local_termination_time: 2502385.4259199994
node_cons: 81643.33300111498
tot_aggregated_send: 55448
tot_msg_rcv: 1497
tot_msg_sent: 2838
tot_reconf_duration: 13.17
tot_sleeping_duration: 3908505.660920002
tot_uptimes: 1017
tot_uptimes_duration: 60960.00607999787
