comms_cons: 394.1505280261514
finished_reconf: true
global_termination_time: 3969426.708
local_termination_time: 2195914.1826
node_cons: 81637.84394446603
tot_aggregated_send: 54694
tot_msg_rcv: 1637
tot_msg_sent: 3578
tot_reconf_duration: 9.11
tot_sleeping_duration: 3908466.683680009
tot_uptimes: 1017
tot_uptimes_duration: 60960.02431999124
