comms_cons: 400.5156416467634
finished_reconf: true
global_termination_time: 3970163.742
local_termination_time: 1100414.7722799983
node_cons: 81632.03710893392
tot_aggregated_send: 55448
tot_msg_rcv: 1940
tot_msg_sent: 3489
tot_reconf_duration: 4.8100000000000005
tot_sleeping_duration: 3909203.693360018
tot_uptimes: 1017
tot_uptimes_duration: 60960.04863998201
