comms_cons: 154.73683199613063
finished_reconf: true
global_termination_time: 1574827.816
local_termination_time: 614921.0847199998
node_cons: 32411.377400000114
tot_aggregated_send: 22910
tot_msg_rcv: 225
tot_msg_sent: 384
tot_reconf_duration: 25.299999999999997
tot_sleeping_duration: 1550647.816
tot_uptimes: 404
tot_uptimes_duration: 24180.0
