comms_cons: 153.41378560000152
finished_reconf: true
global_termination_time: 1575752.273
local_termination_time: 1462177.4153599998
node_cons: 32381.161899999817
tot_aggregated_send: 23200
tot_msg_rcv: 53
tot_msg_sent: 65
tot_reconf_duration: 3.05
tot_sleeping_duration: 1551572.273
tot_uptimes: 404
tot_uptimes_duration: 24180.000000000015
