comms_cons: 820.9384513277017
finished_reconf: true
global_termination_time: 8277496.05648
local_termination_time: 8277496.01536
node_cons: 170309.63750206868
tot_aggregated_send: 118758
tot_msg_rcv: 1891
tot_msg_sent: 4127
tot_reconf_duration: 37.410000000000004
tot_sleeping_duration: 8150342.333760004
tot_uptimes: 2120
tot_uptimes_duration: 127153.72271999618
