comms_cons: 805.2571073001225
finished_reconf: true
global_termination_time: 8282121.117
local_termination_time: 4925839.315359999
node_cons: 170346.21088222737
tot_aggregated_send: 115536
tot_msg_rcv: 2231
tot_msg_sent: 4627
tot_reconf_duration: 18.700000000000003
tot_sleeping_duration: 8154921.104840004
tot_uptimes: 2121
tot_uptimes_duration: 127200.01215999573
