comms_cons: 822.3989890073012
finished_reconf: true
global_termination_time: 8277925.57
local_termination_time: 848260.3509199994
node_cons: 170246.51931340317
tot_aggregated_send: 114608
tot_msg_rcv: 3535
tot_msg_sent: 6855
tot_reconf_duration: 4.390000000000001
tot_sleeping_duration: 8150785.497040024
tot_uptimes: 2120
tot_uptimes_duration: 127140.07295997691
