comms_cons: 92.10019839775383
finished_reconf: true
global_termination_time: 909235.137
local_termination_time: 597027.4093599999
node_cons: 18656.07224559799
tot_aggregated_send: 11658
tot_msg_rcv: 928
tot_msg_sent: 1413
tot_reconf_duration: 12.629999999999999
tot_sleeping_duration: 895315.1066000016
tot_uptimes: 233
tot_uptimes_duration: 13920.030399998475
