comms_cons: 90.12748799864183
finished_reconf: true
global_termination_time: 907972.414
local_termination_time: 381290.3074400002
node_cons: 18644.84161999997
tot_aggregated_send: 12760
tot_msg_rcv: 296
tot_msg_sent: 643
tot_reconf_duration: 4.390000000000001
tot_sleeping_duration: 894052.414
tot_uptimes: 233
tot_uptimes_duration: 13920.0
