comms_cons: 89.12842239619036
finished_reconf: true
global_termination_time: 906981.772
local_termination_time: 295025.4335600002
node_cons: 18654.263403359717
tot_aggregated_send: 11774
tot_msg_rcv: 582
tot_msg_sent: 1191
tot_reconf_duration: 11.31
tot_sleeping_duration: 893061.7537600002
tot_uptimes: 233
tot_uptimes_duration: 13920.018239999772
