comms_cons: 89.11526400017284
finished_reconf: true
global_termination_time: 909076.989
local_termination_time: 325536.6879600006
node_cons: 18646.270222242878
tot_aggregated_send: 12470
tot_msg_rcv: 377
tot_msg_sent: 698
tot_reconf_duration: 5.43
tot_sleeping_duration: 895156.9768399978
tot_uptimes: 233
tot_uptimes_duration: 13920.012160002138
