comms_cons: 51.00321280114639
finished_reconf: true
global_termination_time: 490720.791
local_termination_time: 56406.065200000136
node_cons: 10048.52674896691
tot_aggregated_send: 5858
tot_msg_rcv: 664
tot_msg_sent: 1232
tot_reconf_duration: 4.390000000000001
tot_sleeping_duration: 483220.74235999485
tot_uptimes: 126
tot_uptimes_duration: 7500.048640005145
