comms_cons: 47.52814080085569
finished_reconf: true
global_termination_time: 487152.337
local_termination_time: 310311.6806400009
node_cons: 9966.310041121507
tot_aggregated_send: 6554
tot_msg_rcv: 194
tot_msg_sent: 476
tot_reconf_duration: 3.05
tot_sleeping_duration: 479712.33091999893
tot_uptimes: 125
tot_uptimes_duration: 7440.006080001069
