comms_cons: 62.60065920402726
finished_reconf: true
global_termination_time: 534205.258
local_termination_time: 188814.97840000034
node_cons: 10951.075014578522
tot_aggregated_send: 3886
tot_msg_rcv: 2154
tot_msg_sent: 3476
tot_reconf_duration: 18.21
tot_sleeping_duration: 526045.1789599862
tot_uptimes: 137
tot_uptimes_duration: 8160.079040013836
