comms_cons: 54.68693760132814
finished_reconf: true
global_termination_time: 530548.846
local_termination_time: 251803.19236000007
node_cons: 10853.480342242885
tot_aggregated_send: 6960
tot_msg_rcv: 492
tot_msg_sent: 861
tot_reconf_duration: 5.57
tot_sleeping_duration: 522448.8338399979
tot_uptimes: 136
tot_uptimes_duration: 8100.0121600021375
