comms_cons: 54.25208320144274
finished_reconf: true
global_termination_time: 534445.832
local_termination_time: 289692.8613600001
node_cons: 10937.250643364341
tot_aggregated_send: 7134
tot_msg_rcv: 418
tot_msg_sent: 694
tot_reconf_duration: 8.09
tot_sleeping_duration: 526285.8137599968
tot_uptimes: 137
tot_uptimes_duration: 8160.018240003206
