comms_cons: 52.804659200724636
finished_reconf: true
global_termination_time: 531631.159
local_termination_time: 232796.78536000004
node_cons: 10930.398182242881
tot_aggregated_send: 7366
tot_msg_rcv: 165
tot_msg_sent: 495
tot_reconf_duration: 3.05
tot_sleeping_duration: 523471.1468399978
tot_uptimes: 137
tot_uptimes_duration: 8160.012160002154
