comms_cons: 53.3441536006271
finished_reconf: true
global_termination_time: 532338.656
local_termination_time: 260117.98852000083
node_cons: 10936.867701121419
tot_aggregated_send: 7366
tot_msg_rcv: 226
tot_msg_sent: 516
tot_reconf_duration: 7.819999999999999
tot_sleeping_duration: 524178.6499199989
tot_uptimes: 137
tot_uptimes_duration: 8160.006080001071
