comms_cons: 14.303180799747363
finished_reconf: true
global_termination_time: 137494.483
local_termination_time: 18177.524080000003
node_cons: 2836.6291799999995
tot_aggregated_send: 1798
tot_msg_rcv: 161
tot_msg_sent: 215
tot_reconf_duration: 18.21
tot_sleeping_duration: 135394.483
tot_uptimes: 36
tot_uptimes_duration: 2100.0
