comms_cons: 797.9624013566172
finished_reconf: true
global_termination_time: 4046262.028
local_termination_time: 1742.8714800000025
node_cons: 83257.01802670263
tot_aggregated_send: 0
tot_msg_rcv: 61194
tot_msg_sent: 60088
tot_reconf_duration: 18.21
tot_sleeping_duration: 3984101.9915200113
tot_uptimes: 1037
tot_uptimes_duration: 62160.03647998862
