comms_cons: 397.36405121098625
finished_reconf: true
global_termination_time: 4047487.727
local_termination_time: 1062312.2714799999
node_cons: 83243.25878446562
tot_aggregated_send: 56898
tot_msg_rcv: 1272
tot_msg_sent: 2226
tot_reconf_duration: 8.09
tot_sleeping_duration: 3985327.7026800094
tot_uptimes: 1037
tot_uptimes_duration: 62160.02431999077
