comms_cons: 210.27491828868057
finished_reconf: true
global_termination_time: 1532834.021
local_termination_time: 374579.0446000001
node_cons: 31524.046841116913
tot_aggregated_send: 0
tot_msg_rcv: 16193
tot_msg_sent: 15767
tot_reconf_duration: 22.65
tot_sleeping_duration: 1509314.0149200023
tot_uptimes: 393
tot_uptimes_duration: 23520.006079997635
