comms_cons: 149.84785919924826
finished_reconf: true
global_termination_time: 1533656.804
local_termination_time: 578654.7719999979
node_cons: 31513.815553997214
tot_aggregated_send: 22040
tot_msg_rcv: 267
tot_msg_sent: 469
tot_reconf_duration: 11.31
tot_sleeping_duration: 1510132.9380000022
tot_uptimes: 393
tot_uptimes_duration: 23523.865999997943
