comms_cons: 152.16373759421845
finished_reconf: true
global_termination_time: 1531641.062999999
local_termination_time: 1531641.021879999
node_cons: 31574.588103120157
tot_aggregated_send: 22084
tot_msg_rcv: 377
tot_msg_sent: 666
tot_reconf_duration: 24.59
tot_sleeping_duration: 1508085.2789199988
tot_uptimes: 393
tot_uptimes_duration: 23555.78408000007
