comms_cons: 32.49466880054482
finished_reconf: true
global_termination_time: 315631.837
local_termination_time: 40141.231
node_cons: 6469.093115283126
tot_aggregated_send: 4174
tot_msg_rcv: 303
tot_msg_sent: 462
tot_reconf_duration: 18.700000000000003
tot_sleeping_duration: 310819.5154799977
tot_uptimes: 81
tot_uptimes_duration: 4812.321520002333
