comms_cons: 88.60129279749735
finished_reconf: true
global_termination_time: 889733.661
local_termination_time: 2245.1616
node_cons: 18244.744060000026
tot_aggregated_send: 12586
tot_msg_rcv: 306
tot_msg_sent: 575
tot_reconf_duration: 5.57
tot_sleeping_duration: 876113.661
tot_uptimes: 228
tot_uptimes_duration: 13620.0
