comms_cons: 88.28287999481329
finished_reconf: true
global_termination_time: 883246.879
local_termination_time: 83584.59999999999
node_cons: 18182.482811759204
tot_aggregated_send: 12231
tot_msg_rcv: 317
tot_msg_sent: 871
tot_reconf_duration: 13.17
tot_sleeping_duration: 869681.0851600006
tot_uptimes: 227
tot_uptimes_duration: 13565.793839999387
