comms_cons: 247.7673471856345
finished_reconf: true
global_termination_time: 2524138.465
local_termination_time: 423849.689
node_cons: 51908.44096751237
tot_aggregated_send: 34740
tot_msg_rcv: 940
tot_msg_sent: 1980
tot_reconf_duration: 6.279999999999999
tot_sleeping_duration: 2485378.261320005
tot_uptimes: 647
tot_uptimes_duration: 38760.20367999491
