comms_cons: 250.4049791775832
finished_reconf: true
global_termination_time: 2523193.072
local_termination_time: 992845.8486399992
node_cons: 51934.02182334978
tot_aggregated_send: 34626
tot_msg_rcv: 1112
tot_msg_sent: 2323
tot_reconf_duration: 25.299999999999997
tot_sleeping_duration: 2484433.053760007
tot_uptimes: 647
tot_uptimes_duration: 38760.0182399929
