comms_cons: 60.19435520062659
finished_reconf: true
global_termination_time: 587776.9074799999
local_termination_time: 112128.83479999984
node_cons: 12076.14788320557
tot_aggregated_send: 7598
tot_msg_rcv: 442
tot_msg_sent: 1110
tot_reconf_duration: 4.390000000000001
tot_sleeping_duration: 578762.5786799958
tot_uptimes: 151
tot_uptimes_duration: 9014.32880000415
