comms_cons: 392.12027526411913
finished_reconf: true
global_termination_time: 3837187.604
local_termination_time: 1186336.754759998
node_cons: 78916.690344692
tot_aggregated_send: 52258
tot_msg_rcv: 2638
tot_msg_sent: 4703
tot_reconf_duration: 13.17
tot_sleeping_duration: 3778263.925520019
tot_uptimes: 983
tot_uptimes_duration: 58923.67847998062
