comms_cons: 12.211622400021904
finished_reconf: true
global_termination_time: 120380.091
local_termination_time: 112158.77991999981
node_cons: 2414.341899999984
tot_aggregated_send: 1450
tot_msg_rcv: 173
tot_msg_sent: 233
tot_reconf_duration: 3.05
tot_sleeping_duration: 118580.091
tot_uptimes: 31
tot_uptimes_duration: 1800.0
