comms_cons: 61.917478398487084
finished_reconf: true
global_termination_time: 612226.369
local_termination_time: 102371.24419999962
node_cons: 12541.576381116847
tot_aggregated_send: 8120
tot_msg_rcv: 365
tot_msg_sent: 926
tot_reconf_duration: 6.279999999999999
tot_sleeping_duration: 602866.3629200023
tot_uptimes: 157
tot_uptimes_duration: 9360.006079997635
