comms_cons: 61.20629760078904
finished_reconf: true
global_termination_time: 611921.623
local_termination_time: 151454.28068000026
node_cons: 12550.933001121464
tot_aggregated_send: 8526
tot_msg_rcv: 263
tot_msg_sent: 514
tot_reconf_duration: 13.17
tot_sleeping_duration: 602561.6169199989
tot_uptimes: 157
tot_uptimes_duration: 9360.006080001069
