comms_cons: 62.98926079883157
finished_reconf: true
global_termination_time: 609552.546
local_termination_time: 75748.2736399995
node_cons: 12540.446504476553
tot_aggregated_send: 8004
tot_msg_rcv: 523
tot_msg_sent: 1047
tot_reconf_duration: 5.43
tot_sleeping_duration: 600192.5216800026
tot_uptimes: 157
tot_uptimes_duration: 9360.024319997407
