comms_cons: 210.1211647887363
finished_reconf: true
global_termination_time: 2092725.412
local_termination_time: 433586.519
node_cons: 43009.70233624057
tot_aggregated_send: 29404
tot_msg_rcv: 923
tot_msg_sent: 1611
tot_reconf_duration: 18.700000000000003
tot_sleeping_duration: 2060623.6138399993
tot_uptimes: 536
tot_uptimes_duration: 32101.798160000762
