comms_cons: 209.75198718626157
finished_reconf: true
global_termination_time: 2091656.43
local_termination_time: 1433913.0449999983
node_cons: 43001.47277511427
tot_aggregated_send: 29580
tot_msg_rcv: 857
tot_msg_sent: 1443
tot_reconf_duration: 10.95
tot_sleeping_duration: 2059552.917920004
tot_uptimes: 536
tot_uptimes_duration: 32103.512079995824
