comms_cons: 210.70608637856287
finished_reconf: true
global_termination_time: 2090727.71812
local_termination_time: 76594.49219999961
node_cons: 43012.357393095546
tot_aggregated_send: 28130
tot_msg_rcv: 1265
tot_msg_sent: 2632
tot_reconf_duration: 4.390000000000001
tot_sleeping_duration: 2058609.424040018
tot_uptimes: 536
tot_uptimes_duration: 32118.294079982035
