comms_cons: 124.46292479136729
finished_reconf: true
global_termination_time: 1235752.8181200002
local_termination_time: 61883.51124000011
node_cons: 25413.791376381163
tot_aggregated_send: 16820
tot_msg_rcv: 637
tot_msg_sent: 1462
tot_reconf_duration: 4.390000000000001
tot_sleeping_duration: 1216777.5905200143
tot_uptimes: 317
tot_uptimes_duration: 18975.227599985898
