comms_cons: 127.79438078988007
finished_reconf: true
global_termination_time: 1240205.363
local_termination_time: 453384.58936000004
node_cons: 25476.275606705593
tot_aggregated_send: 16356
tot_msg_rcv: 1033
tot_msg_sent: 2035
tot_reconf_duration: 6.22
tot_sleeping_duration: 1221185.3265200108
tot_uptimes: 318
tot_uptimes_duration: 19020.03647998924
