comms_cons: 296.35917438778057
finished_reconf: true
global_termination_time: 2963113.335
local_termination_time: 1854388.936
node_cons: 60913.647677340065
tot_aggregated_send: 40190
tot_msg_rcv: 1755
tot_msg_sent: 3098
tot_reconf_duration: 7.819999999999999
tot_sleeping_duration: 2917629.370760014
tot_uptimes: 759
tot_uptimes_duration: 45483.964239985915
