comms_cons: 93.00419839495801
finished_reconf: true
global_termination_time: 915236.0524799998
local_termination_time: 915236.0113599999
node_cons: 18851.336083198672
tot_aggregated_send: 12296
tot_msg_rcv: 562
tot_msg_sent: 1278
tot_reconf_duration: 24.59
tot_sleeping_duration: 901182.3236800008
tot_uptimes: 235
tot_uptimes_duration: 14053.728799998979
