comms_cons: 260.92709122970484
finished_reconf: true
global_termination_time: 540572.4625999999
local_termination_time: 540572.4214799999
node_cons: 32853.42918976277
tot_aggregated_send: 0
tot_msg_rcv: 15989
tot_msg_sent: 23669
tot_reconf_duration: 24.59
tot_sleeping_duration: 516061.60675999784
tot_uptimes: 402
tot_uptimes_duration: 24510.855840002027
