comms_cons: 65.79760640054783
finished_reconf: true
global_termination_time: 643677.496
local_termination_time: 408430.59836000006
node_cons: 13179.967063359734
tot_aggregated_send: 8642
tot_msg_rcv: 518
tot_msg_sent: 841
tot_reconf_duration: 3.08
tot_sleeping_duration: 633837.4777600003
tot_uptimes: 165
tot_uptimes_duration: 9840.018239999772
