comms_cons: 106.51724799865
finished_reconf: true
global_termination_time: 1083124.369
local_termination_time: 203601.17708000063
node_cons: 22272.064860000053
tot_aggregated_send: 15834
tot_msg_rcv: 136
tot_msg_sent: 220
tot_reconf_duration: 13.17
tot_sleeping_duration: 1066504.369
tot_uptimes: 278
tot_uptimes_duration: 16620.0
