comms_cons: 106.89946879700679
finished_reconf: true
global_termination_time: 1085171.5
local_termination_time: 337202.36
node_cons: 22268.361063681252
tot_aggregated_send: 15658
tot_msg_rcv: 190
tot_msg_sent: 401
tot_reconf_duration: 9.42
tot_sleeping_duration: 1068550.462879999
tot_uptimes: 278
tot_uptimes_duration: 16621.037120000925
