comms_cons: 80.23992319709032
finished_reconf: true
global_termination_time: 795500.88
local_termination_time: 532747.0603599999
node_cons: 16326.187822233695
tot_aggregated_send: 11078
tot_msg_rcv: 431
tot_msg_sent: 687
tot_reconf_duration: 12.629999999999999
tot_sleeping_duration: 783320.8678400047
tot_uptimes: 204
tot_uptimes_duration: 12180.012159995269
