comms_cons: 10.434611199987685
finished_reconf: true
global_termination_time: 3467.447240000002
local_termination_time: 3467.406120000002
node_cons: 1244.7426543600027
tot_aggregated_send: 0
tot_msg_rcv: 698
tot_msg_sent: 886
tot_reconf_duration: 24.59
tot_sleeping_duration: 2562.78
tot_uptimes: 13
tot_uptimes_duration: 904.6672400000016
