comms_cons: 60.33784319854961
finished_reconf: true
global_termination_time: 595760.315
local_termination_time: 153350.82348000005
node_cons: 12222.307701121428
tot_aggregated_send: 8120
tot_msg_rcv: 360
tot_msg_sent: 691
tot_reconf_duration: 7.819999999999999
tot_sleeping_duration: 586640.3089199989
tot_uptimes: 153
tot_uptimes_duration: 9120.006080001076
