comms_cons: 424.6347648367845
finished_reconf: true
global_termination_time: 4219790.4904
local_termination_time: 4219790.449279999
node_cons: 86859.00253148992
tot_aggregated_send: 59018
tot_msg_rcv: 1885
tot_msg_sent: 3636
tot_reconf_duration: 37.410000000000004
tot_sleeping_duration: 4154959.87072002
tot_uptimes: 1081
tot_uptimes_duration: 64830.619679979456
