comms_cons: 420.36085766404267
finished_reconf: true
global_termination_time: 4220752.89
local_termination_time: 1017670.502
node_cons: 86771.43962781643
tot_aggregated_send: 59217
tot_msg_rcv: 1583
tot_msg_sent: 3092
tot_reconf_duration: 3.08
tot_sleeping_duration: 4155952.8474400155
tot_uptimes: 1081
tot_uptimes_duration: 64800.04255998414
