comms_cons: 420.89229445613626
finished_reconf: true
global_termination_time: 4223068.211
local_termination_time: 1126358.7207199999
node_cons: 86858.5832078169
tot_aggregated_send: 58348
tot_msg_rcv: 1794
tot_msg_sent: 3831
tot_reconf_duration: 8.09
tot_sleeping_duration: 4158208.168440016
tot_uptimes: 1082
tot_uptimes_duration: 64860.04255998437
