comms_cons: 418.4530496349163
finished_reconf: true
global_termination_time: 4222619.772
local_termination_time: 1950085.3543599998
node_cons: 86868.08380334865
tot_aggregated_send: 59392
tot_msg_rcv: 1546
tot_msg_sent: 2663
tot_reconf_duration: 15.110000000000001
tot_sleeping_duration: 4157759.7537600067
tot_uptimes: 1082
tot_uptimes_duration: 64860.01823999337
