comms_cons: 422.23219202518686
finished_reconf: true
global_termination_time: 4224206.832
local_termination_time: 2455404.96536
node_cons: 86864.7159633487
tot_aggregated_send: 58696
tot_msg_rcv: 1978
tot_msg_sent: 3503
tot_reconf_duration: 12.629999999999999
tot_sleeping_duration: 4159346.8137600073
tot_uptimes: 1082
tot_uptimes_duration: 64860.01823999337
