comms_cons: 423.20341767508467
finished_reconf: true
global_termination_time: 4222620.89
local_termination_time: 1585960.5795999996
node_cons: 86853.54232558236
tot_aggregated_send: 58928
tot_msg_rcv: 1621
tot_msg_sent: 3775
tot_reconf_duration: 4.390000000000001
tot_sleeping_duration: 4157760.859600011
tot_uptimes: 1082
tot_uptimes_duration: 64860.03039998864
