comms_cons: 51.953433600541615
finished_reconf: true
global_termination_time: 511895.978
local_termination_time: 364037.6673600001
node_cons: 10549.269180000043
tot_aggregated_send: 6960
tot_msg_rcv: 314
tot_msg_sent: 622
tot_reconf_duration: 18.21
tot_sleeping_duration: 504035.978
tot_uptimes: 132
tot_uptimes_duration: 7860.0
