comms_cons: 51.36284160006247
finished_reconf: true
global_termination_time: 510819.985
local_termination_time: 308602.37036000006
node_cons: 10474.966841121477
tot_aggregated_send: 7018
tot_msg_rcv: 286
tot_msg_sent: 502
tot_reconf_duration: 22.65
tot_sleeping_duration: 503019.9789199989
tot_uptimes: 131
tot_uptimes_duration: 7800.006080001069
