comms_cons: 104.41985281463225
finished_reconf: true
global_termination_time: 515118.227
local_termination_time: 2367.74636
node_cons: 10531.522787847749
tot_aggregated_send: 0
tot_msg_rcv: 8256
tot_msg_sent: 7613
tot_reconf_duration: 5.1
tot_sleeping_duration: 507258.1844399942
tot_uptimes: 132
tot_uptimes_duration: 7860.042560005779
