comms_cons: 51.60066560076375
finished_reconf: true
global_termination_time: 514443.464
local_termination_time: 198422.19340000037
node_cons: 10541.69968112145
tot_aggregated_send: 7134
tot_msg_rcv: 255
tot_msg_sent: 454
tot_reconf_duration: 12.629999999999999
tot_sleeping_duration: 506583.4579199989
tot_uptimes: 132
tot_uptimes_duration: 7860.006080001069
