comms_cons: 54.19651200135628
finished_reconf: true
global_termination_time: 510716.018
local_termination_time: 13896.823720000002
node_cons: 10452.695606728597
tot_aggregated_send: 6438
tot_msg_rcv: 692
tot_msg_sent: 1107
tot_reconf_duration: 6.22
tot_sleeping_duration: 502915.98151999357
tot_uptimes: 131
tot_uptimes_duration: 7800.036480006413
