comms_cons: 99.97420799722175
finished_reconf: true
global_termination_time: 1004652.866
local_termination_time: 435270.44536000007
node_cons: 20672.125462238324
tot_aggregated_send: 14036
tot_msg_rcv: 389
tot_msg_sent: 770
tot_reconf_duration: 18.21
tot_sleeping_duration: 989232.8538400013
tot_uptimes: 258
tot_uptimes_duration: 15420.012159998703
