comms_cons: 102.8596799943372
finished_reconf: true
global_termination_time: 1002711.18724
local_termination_time: 27477.072480000003
node_cons: 20595.10586392033
tot_aggregated_send: 12470
tot_msg_rcv: 1012
tot_msg_sent: 2152
tot_reconf_duration: 5.57
tot_sleeping_duration: 987335.8759599997
tot_uptimes: 257
tot_uptimes_duration: 15375.311280000227
