comms_cons: 103.82798719022492
finished_reconf: true
global_termination_time: 1005217.426
local_termination_time: 380759.69772000005
node_cons: 20655.916312312736
tot_aggregated_send: 12760
tot_msg_rcv: 1147
tot_msg_sent: 1876
tot_reconf_duration: 6.22
tot_sleeping_duration: 989797.3591200054
tot_uptimes: 258
tot_uptimes_duration: 15420.066879994585
