comms_cons: 101.22757119599488
finished_reconf: true
global_termination_time: 1006215.952
local_termination_time: 378119.65236000007
node_cons: 20668.252425593426
tot_aggregated_send: 13688
tot_msg_rcv: 487
tot_msg_sent: 1211
tot_reconf_duration: 15.34
tot_sleeping_duration: 990795.921600005
tot_uptimes: 258
tot_uptimes_duration: 15420.030399995041
