comms_cons: 97.75278079625633
finished_reconf: true
global_termination_time: 982639.696
local_termination_time: 464330.81640000036
node_cons: 20173.86823999999
tot_aggregated_send: 14036
tot_msg_rcv: 304
tot_msg_sent: 517
tot_reconf_duration: 6.279999999999999
tot_sleeping_duration: 967579.696
tot_uptimes: 252
tot_uptimes_duration: 15060.0
