comms_cons: 96.29379839771099
finished_reconf: true
global_termination_time: 977840.113
local_termination_time: 312004.67636000004
node_cons: 20091.93394112143
tot_aggregated_send: 14094
tot_msg_rcv: 139
tot_msg_sent: 403
tot_reconf_duration: 5.1
tot_sleeping_duration: 962840.106919999
tot_uptimes: 251
tot_uptimes_duration: 15000.006080001069
