comms_cons: 227.59426558855122
finished_reconf: true
global_termination_time: 2294123.98548
local_termination_time: 2294123.9443599996
node_cons: 47228.74936095718
tot_aggregated_send: 32802
tot_msg_rcv: 564
tot_msg_sent: 1226
tot_reconf_duration: 37.410000000000004
tot_sleeping_duration: 2258890.2688400014
tot_uptimes: 588
tot_uptimes_duration: 35233.71663999854
