comms_cons: 231.61079038005593
finished_reconf: true
global_termination_time: 2297203.154
local_termination_time: 745242.3041999986
node_cons: 47246.533391167824
tot_aggregated_send: 30682
tot_msg_rcv: 1547
tot_msg_sent: 2974
tot_reconf_duration: 4.8100000000000005
tot_sleeping_duration: 2261923.0932000238
tot_uptimes: 589
tot_uptimes_duration: 35280.060799976345
