comms_cons: 232.1573439736984
finished_reconf: true
global_termination_time: 2295298.367
local_termination_time: 752567.73136
node_cons: 47170.289112284685
tot_aggregated_send: 30682
tot_msg_rcv: 1634
tot_msg_sent: 2970
tot_reconf_duration: 7.819999999999999
tot_sleeping_duration: 2260078.3001200263
tot_uptimes: 588
tot_uptimes_duration: 35220.06687997398
