comms_cons: 469.73226884626405
finished_reconf: true
global_termination_time: 612047.131
local_termination_time: 225065.64060000007
node_cons: 60797.66738918461
tot_aggregated_send: 0
tot_msg_rcv: 32358
tot_msg_sent: 39039
tot_reconf_duration: 15.34
tot_sleeping_duration: 566657.4105599809
tot_uptimes: 732
tot_uptimes_duration: 45389.72044001916
