comms_cons: 59.53643520060467
finished_reconf: true
global_termination_time: 611938.312
local_termination_time: 221850.30236000006
node_cons: 12539.973941121456
tot_aggregated_send: 7888
tot_msg_rcv: 375
tot_msg_sent: 787
tot_reconf_duration: 5.1
tot_sleeping_duration: 602578.305919999
tot_uptimes: 157
tot_uptimes_duration: 9360.006080001069
