comms_cons: 262.4317566926356
finished_reconf: true
global_termination_time: 903854.23
local_termination_time: 174740.25548000008
node_cons: 36735.14161199985
tot_aggregated_send: 0
tot_msg_rcv: 13398
tot_msg_sent: 26490
tot_reconf_duration: 11.31
tot_sleeping_duration: 876430.942
tot_uptimes: 454
tot_uptimes_duration: 27423.28799999997
