comms_cons: 488.6730495871137
finished_reconf: true
global_termination_time: 2483136.6484799967
local_termination_time: 414.0643599999999
node_cons: 51095.01796742491
tot_aggregated_send: 0
tot_msg_rcv: 37418
tot_msg_sent: 36853
tot_reconf_duration: 18.21
tot_sleeping_duration: 2444996.029520008
tot_uptimes: 636
tot_uptimes_duration: 38140.61895998928
