comms_cons: 0.6710783999999942
finished_reconf: true
global_termination_time: 6983.942
local_termination_time: 31.110039999999998
node_cons: 90.95956
tot_aggregated_send: 0
tot_msg_rcv: 48
tot_msg_sent: 53
tot_reconf_duration: 7.819999999999999
tot_sleeping_duration: 6923.942
tot_uptimes: 2
tot_uptimes_duration: 60.0
