comms_cons: 183.27818878467312
finished_reconf: true
global_termination_time: 1814696.486
local_termination_time: 193840.58276000043
node_cons: 37312.149964467215
tot_aggregated_send: 25172
tot_msg_rcv: 961
tot_msg_sent: 1723
tot_reconf_duration: 25.299999999999997
tot_sleeping_duration: 1786856.4616800095
tot_uptimes: 465
tot_uptimes_duration: 27840.024319990538
