comms_cons: 177.8561407946296
finished_reconf: true
global_termination_time: 1810480.968
local_termination_time: 698242.88436
node_cons: 37205.891183350475
tot_aggregated_send: 25230
tot_msg_rcv: 597
tot_msg_sent: 1207
tot_reconf_duration: 6.22
tot_sleeping_duration: 1782700.9497600072
tot_uptimes: 464
tot_uptimes_duration: 27780.018239992904
