comms_cons: 432.31516162015373
finished_reconf: true
global_termination_time: 4349461.377839999
local_termination_time: 4349461.336719999
node_cons: 89474.42657335693
tot_aggregated_send: 62466
tot_msg_rcv: 1153
tot_msg_sent: 2088
tot_reconf_duration: 24.59
tot_sleeping_duration: 4282664.4896
tot_uptimes: 1114
tot_uptimes_duration: 66796.88823999971
