comms_cons: 424.09038083967334
finished_reconf: true
global_termination_time: 4352724.72
local_termination_time: 2014014.1339599988
node_cons: 89519.61614334883
tot_aggregated_send: 60958
tot_msg_rcv: 1071
tot_msg_sent: 2430
tot_reconf_duration: 15.34
tot_sleeping_duration: 4285884.701760006
tot_uptimes: 1115
tot_uptimes_duration: 66840.01823999337
