comms_cons: 437.42000003763684
finished_reconf: true
global_termination_time: 4350347.704
local_termination_time: 470469.89088000037
node_cons: 89504.762325582
tot_aggregated_send: 60552
tot_msg_rcv: 2059
tot_msg_sent: 3874
tot_reconf_duration: 4.390000000000001
tot_sleeping_duration: 4283507.6736000115
tot_uptimes: 1115
tot_uptimes_duration: 66840.0303999884
