comms_cons: 15.77096959991934
finished_reconf: true
global_termination_time: 154635.571
local_termination_time: 46526.83372000012
node_cons: 3137.401900000005
tot_aggregated_send: 1972
tot_msg_rcv: 191
tot_msg_sent: 235
tot_reconf_duration: 3.05
tot_sleeping_duration: 152295.571
tot_uptimes: 40
tot_uptimes_duration: 2340.0
