comms_cons: 123.19019519399794
finished_reconf: true
global_termination_time: 1209821.759
local_termination_time: 623165.8673599999
node_cons: 24859.47438783172
tot_aggregated_send: 15892
tot_msg_rcv: 1046
tot_msg_sent: 1786
tot_reconf_duration: 25.299999999999997
tot_sleeping_duration: 1191281.7164400064
tot_uptimes: 310
tot_uptimes_duration: 18540.042559993744
