comms_cons: 120.20494079105494
finished_reconf: true
global_termination_time: 1206875.494
local_termination_time: 562981.1913999983
node_cons: 24842.252245584205
tot_aggregated_send: 15950
tot_msg_rcv: 773
tot_msg_sent: 1548
tot_reconf_duration: 12.629999999999999
tot_sleeping_duration: 1188335.4636000118
tot_uptimes: 310
tot_uptimes_duration: 18540.030399988173
