comms_cons: 120.10392319581821
finished_reconf: true
global_termination_time: 1207463.853
local_termination_time: 574868.5423599998
node_cons: 24831.037902233722
tot_aggregated_send: 16646
tot_msg_rcv: 506
tot_msg_sent: 1104
tot_reconf_duration: 4.390000000000001
tot_sleeping_duration: 1188923.8408400046
tot_uptimes: 310
tot_uptimes_duration: 18540.01215999527
