comms_cons: 253.9439616023197
finished_reconf: true
global_termination_time: 2527170.674
local_termination_time: 763313.3203599999
node_cons: 52004.70917999917
tot_aggregated_send: 35670
tot_msg_rcv: 1089
tot_msg_sent: 1839
tot_reconf_duration: 18.21
tot_sleeping_duration: 2488350.674
tot_uptimes: 648
tot_uptimes_duration: 38820.0
