comms_cons: 255.85220481031723
finished_reconf: true
global_termination_time: 2527051.341239997
local_termination_time: 157681.51436000006
node_cons: 52015.77565494858
tot_aggregated_send: 34394
tot_msg_rcv: 1589
tot_msg_sent: 2903
tot_reconf_duration: 11.31
tot_sleeping_duration: 2488216.078600005
tot_uptimes: 648
tot_uptimes_duration: 38835.262639992055
