comms_cons: 467.1960448700404
finished_reconf: true
global_termination_time: 4660899.715239997
local_termination_time: 2584.32248
node_cons: 95873.06388612435
tot_aggregated_send: 64844
tot_msg_rcv: 1973
tot_msg_sent: 4193
tot_reconf_duration: 5.1
tot_sleeping_duration: 4589304.391800022
tot_uptimes: 1194
tot_uptimes_duration: 71595.32343997537
