comms_cons: 465.45180806268473
finished_reconf: true
global_termination_time: 4665823.379
local_termination_time: 1250709.0723599999
node_cons: 95937.03577228478
tot_aggregated_send: 65308
tot_msg_rcv: 1777
tot_msg_sent: 3660
tot_reconf_duration: 8.09
tot_sleeping_duration: 4594183.312120024
tot_uptimes: 1195
tot_uptimes_duration: 71640.06687997561
