comms_cons: 470.28231050831243
finished_reconf: true
global_termination_time: 4661606.484
local_termination_time: 1585834.522
node_cons: 95852.21271701386
tot_aggregated_send: 64664
tot_msg_rcv: 2283
tot_msg_sent: 4531
tot_reconf_duration: 4.8100000000000005
tot_sleeping_duration: 4590026.438640018
tot_uptimes: 1194
tot_uptimes_duration: 71580.04535998241
