comms_cons: 470.9450880961637
finished_reconf: true
global_termination_time: 4662096.847
local_termination_time: 1250043.6398799978
node_cons: 95849.81074669931
tot_aggregated_send: 64670
tot_msg_rcv: 2379
tot_msg_sent: 4530
tot_reconf_duration: 3.05
tot_sleeping_duration: 4590516.810520014
tot_uptimes: 1194
tot_uptimes_duration: 71580.03647998674
