comms_cons: 15.770969599960512
finished_reconf: true
global_termination_time: 11277.582240000003
local_termination_time: 2061.6010400000014
node_cons: 2014.54552384003
tot_aggregated_send: 0
tot_msg_rcv: 1118
tot_msg_sent: 1279
tot_reconf_duration: 18.21
tot_sleeping_duration: 9791.535679999979
tot_uptimes: 24
tot_uptimes_duration: 1486.0465600000227
