comms_cons: 1.4019967999956062
finished_reconf: true
global_termination_time: 11277.064480000001
local_termination_time: 11277.023360000001
node_cons: 212.43165984000717
tot_aggregated_send: 0
tot_msg_rcv: 102
tot_msg_sent: 110
tot_reconf_duration: 24.59
tot_sleeping_duration: 11143.353919999996
tot_uptimes: 3
tot_uptimes_duration: 133.71056000000522
