comms_cons: 1286.0197379413905
finished_reconf: true
global_termination_time: 2990010.678
local_termination_time: 2189558.59548
node_cons: 181281.81393253698
tot_aggregated_send: 0
tot_msg_rcv: 79063
tot_msg_sent: 116404
tot_reconf_duration: 5.57
tot_sleeping_duration: 2854630.3569600126
tot_uptimes: 2221
tot_uptimes_duration: 135380.32103998703
