comms_cons: 296.52545918840235
finished_reconf: true
global_termination_time: 2990314.283
local_termination_time: 1575789.9444399993
node_cons: 61480.65194446628
tot_aggregated_send: 41586
tot_msg_rcv: 1342
tot_msg_sent: 2142
tot_reconf_duration: 15.110000000000001
tot_sleeping_duration: 2944414.258680009
tot_uptimes: 766
tot_uptimes_duration: 45900.02431999077
