comms_cons: 300.8367424073277
finished_reconf: true
global_termination_time: 2993197.043
local_termination_time: 427282.7853600001
node_cons: 61571.28011118095
tot_aggregated_send: 41876
tot_msg_rcv: 1306
tot_msg_sent: 2543
tot_reconf_duration: 22.65
tot_sleeping_duration: 2947236.9822000135
tot_uptimes: 767
tot_uptimes_duration: 45960.06079998665
