comms_cons: 303.53496321221644
finished_reconf: true
global_termination_time: 2992194.422
local_termination_time: 556744.2833199996
node_cons: 61546.4830311681
tot_aggregated_send: 40948
tot_msg_rcv: 1700
tot_msg_sent: 3488
tot_reconf_duration: 4.390000000000001
tot_sleeping_duration: 2946234.361200023
tot_uptimes: 767
tot_uptimes_duration: 45960.060799977044
