comms_cons: 300.2931904046423
finished_reconf: true
global_termination_time: 2990002.418
local_termination_time: 2094775.13636
node_cons: 61467.50650446637
tot_aggregated_send: 41586
tot_msg_rcv: 1383
tot_msg_sent: 2673
tot_reconf_duration: 5.43
tot_sleeping_duration: 2944102.393680009
tot_uptimes: 766
tot_uptimes_duration: 45900.02431999077
