comms_cons: 180.56362237122536
finished_reconf: true
global_termination_time: 1724550.421
local_termination_time: 178707.12540000037
node_cons: 35434.17145229887
tot_aggregated_send: 21982
tot_msg_rcv: 1850
tot_msg_sent: 3610
tot_reconf_duration: 3.05
tot_sleeping_duration: 1698090.3541200156
tot_uptimes: 442
tot_uptimes_duration: 26460.066879984282
