comms_cons: 817.9593209635077
finished_reconf: true
global_termination_time: 1999822.981
local_termination_time: 616439.4894799998
node_cons: 121480.45941685326
tot_aggregated_send: 0
tot_msg_rcv: 50176
tot_msg_sent: 74148
tot_reconf_duration: 18.21
tot_sleeping_duration: 1909116.6850800172
tot_uptimes: 1488
tot_uptimes_duration: 90706.29591998272
