comms_cons: 1.0197759999994538
finished_reconf: true
global_termination_time: 4759.397
local_termination_time: 787.6193599999999
node_cons: 87.71394000000008
tot_aggregated_send: 0
tot_msg_rcv: 98
tot_msg_sent: 55
tot_reconf_duration: 5.43
tot_sleeping_duration: 4699.397
tot_uptimes: 2
tot_uptimes_duration: 60.0
