comms_cons: 76.77577600911029
finished_reconf: true
global_termination_time: 372222.28316000034
local_termination_time: 372222.24204000033
node_cons: 7702.4279887224675
tot_aggregated_send: 0
tot_msg_rcv: 6133
tot_msg_sent: 5534
tot_reconf_duration: 24.59
tot_sleeping_duration: 366494.84867999854
tot_uptimes: 96
tot_uptimes_duration: 5727.434480001828
