comms_cons: 73.21333760886162
finished_reconf: true
global_termination_time: 372647.276
local_termination_time: 10906.14636
node_cons: 7663.058700000009
tot_aggregated_send: 0
tot_msg_rcv: 5639
tot_msg_sent: 5489
tot_reconf_duration: 22.65
tot_sleeping_duration: 366947.276
tot_uptimes: 96
tot_uptimes_duration: 5700.0
