comms_cons: 39.2975616006509
finished_reconf: true
global_termination_time: 377407.54
local_termination_time: 12662.103120000003
node_cons: 7721.103042240591
tot_aggregated_send: 4930
tot_msg_rcv: 406
tot_msg_sent: 637
tot_reconf_duration: 6.22
tot_sleeping_duration: 371647.52783999953
tot_uptimes: 97
tot_uptimes_duration: 5760.012160000435
