comms_cons: 1.763852799993464
finished_reconf: true
global_termination_time: 11160.76548
local_termination_time: 11160.72436
node_cons: 229.83307872000086
tot_aggregated_send: 0
tot_msg_rcv: 168
tot_msg_sent: 99
tot_reconf_duration: 37.410000000000004
tot_sleeping_duration: 11027.061
tot_uptimes: 3
tot_uptimes_duration: 133.70448000000033
