comms_cons: 45.967129599876
finished_reconf: true
global_termination_time: 11161.66936000001
local_termination_time: 3184.800960000002
node_cons: 4852.655541360083
tot_aggregated_send: 0
tot_msg_rcv: 3650
tot_msg_sent: 3334
tot_reconf_duration: 5.57
tot_sleeping_duration: 7543.229119999951
tot_uptimes: 50
tot_uptimes_duration: 3618.4402400000604
