comms_cons: 3.0001151999958715
finished_reconf: true
global_termination_time: 13878.693
local_termination_time: 6631.64436
node_cons: 253.82189368000527
tot_aggregated_send: 0
tot_msg_rcv: 288
tot_msg_sent: 167
tot_reconf_duration: 9.42
tot_sleeping_duration: 13698.685879999995
tot_uptimes: 4
tot_uptimes_duration: 180.00712000000385
