comms_cons: 2.7195327999932415
finished_reconf: true
global_termination_time: 13926.86
local_termination_time: 5590.490360000001
node_cons: 257.18834112000695
tot_aggregated_send: 0
tot_msg_rcv: 249
tot_msg_sent: 164
tot_reconf_duration: 11.899999999999999
tot_sleeping_duration: 13746.853919999996
tot_uptimes: 4
tot_uptimes_duration: 180.00608000000466
