comms_cons: 1.5526911999948705
finished_reconf: true
global_termination_time: 12664.617
local_termination_time: 4566.76436
node_cons: 249.46676000000033
tot_aggregated_send: 0
tot_msg_rcv: 122
tot_msg_sent: 114
tot_reconf_duration: 6.22
tot_sleeping_duration: 12484.617
tot_uptimes: 4
tot_uptimes_duration: 180.0
