comms_cons: 189.21121279030456
finished_reconf: true
global_termination_time: 1903233.057
local_termination_time: 586865.1023599999
node_cons: 39134.11638111665
tot_aggregated_send: 27028
tot_msg_rcv: 517
tot_msg_sent: 1214
tot_reconf_duration: 6.279999999999999
tot_sleeping_duration: 1874013.0509200024
tot_uptimes: 488
tot_uptimes_duration: 29220.006079997635
