comms_cons: 189.61254399007663
finished_reconf: true
global_termination_time: 1907883.607
local_termination_time: 1501914.8287199987
node_cons: 39212.84579999958
tot_aggregated_send: 27144
tot_msg_rcv: 634
tot_msg_sent: 1042
tot_reconf_duration: 5.1
tot_sleeping_duration: 1878603.607
tot_uptimes: 489
tot_uptimes_duration: 29280.0
