comms_cons: 189.16515839104255
finished_reconf: true
global_termination_time: 1904519.055
local_termination_time: 1362979.9688399988
node_cons: 39159.937399999835
tot_aggregated_send: 27086
tot_msg_rcv: 530
tot_msg_sent: 1136
tot_reconf_duration: 25.299999999999997
tot_sleeping_duration: 1875299.055
tot_uptimes: 488
tot_uptimes_duration: 29220.0
