comms_cons: 555.3702907412826
finished_reconf: true
global_termination_time: 1903048.3535999998
local_termination_time: 1903048.3124799998
node_cons: 77873.6646806319
tot_aggregated_send: 0
tot_msg_rcv: 28248
tot_msg_sent: 56164
tot_reconf_duration: 24.59
tot_sleeping_duration: 1844915.2158400044
tot_uptimes: 961
tot_uptimes_duration: 58133.13775999533
