comms_cons: 406.23905885795176
finished_reconf: true
global_termination_time: 2231957.063
local_termination_time: 281333.8797200001
node_cons: 45904.96382894337
tot_aggregated_send: 0
tot_msg_rcv: 31349
tot_msg_sent: 30400
tot_reconf_duration: 22.65
tot_sleeping_duration: 2197697.014360012
tot_uptimes: 572
tot_uptimes_duration: 34260.048639987945
