comms_cons: 221.09401599177565
finished_reconf: true
global_termination_time: 2230441.204
local_termination_time: 606576.0372799992
node_cons: 45892.02485999954
tot_aggregated_send: 32190
tot_msg_rcv: 499
tot_msg_sent: 916
tot_reconf_duration: 13.17
tot_sleeping_duration: 2196181.204
tot_uptimes: 572
tot_uptimes_duration: 34260.0
