comms_cons: 226.4673343743026
finished_reconf: true
global_termination_time: 2230471.41
local_termination_time: 553133.8346
node_cons: 45882.63560670091
tot_aggregated_send: 29870
tot_msg_rcv: 1537
tot_msg_sent: 3017
tot_reconf_duration: 6.22
tot_sleeping_duration: 2196211.373520014
tot_uptimes: 572
tot_uptimes_duration: 34260.03647998604
