comms_cons: 60.852582404784876
finished_reconf: true
global_termination_time: 404721.3727200001
local_termination_time: 404721.3316000001
node_cons: 8344.503008347378
tot_aggregated_send: 1798
tot_msg_rcv: 3184
tot_msg_sent: 4272
tot_reconf_duration: 37.41
tot_sleeping_duration: 398527.42183997965
tot_uptimes: 104
tot_uptimes_duration: 6193.950880020435
