comms_cons: 40.77032960004697
finished_reconf: true
global_termination_time: 407653.051
local_termination_time: 1274.9794800000002
node_cons: 8366.354361120018
tot_aggregated_send: 5742
tot_msg_rcv: 170
tot_msg_sent: 284
tot_reconf_duration: 8.09
tot_sleeping_duration: 401413.04492
tot_uptimes: 105
tot_uptimes_duration: 6240.0060800000065
