comms_cons: 43.54772480042575
finished_reconf: true
global_termination_time: 443878.149
local_termination_time: 440452.2292800008
node_cons: 9086.866759999972
tot_aggregated_send: 6322
tot_msg_rcv: 75
tot_msg_sent: 222
tot_reconf_duration: 6.22
tot_sleeping_duration: 437098.149
tot_uptimes: 114
tot_uptimes_duration: 6780.0
