comms_cons: 44.43671680053252
finished_reconf: true
global_termination_time: 442193.715
local_termination_time: 299098.3089600006
node_cons: 9093.778980000006
tot_aggregated_send: 6206
tot_msg_rcv: 210
tot_msg_sent: 338
tot_reconf_duration: 11.31
tot_sleeping_duration: 435413.715
tot_uptimes: 114
tot_uptimes_duration: 6780.0
