comms_cons: 221.44991999370495
finished_reconf: true
global_termination_time: 2203637.506759998
local_termination_time: 2203637.4656399977
node_cons: 45425.512715818746
tot_aggregated_send: 30668
tot_msg_rcv: 899
tot_msg_sent: 2092
tot_reconf_duration: 24.59
tot_sleeping_duration: 2169737.4922000133
tot_uptimes: 565
tot_uptimes_duration: 33900.01455998473
