comms_cons: 217.08070398939242
finished_reconf: true
global_termination_time: 2204426.136
local_termination_time: 1392934.716359999
node_cons: 45332.599861116454
tot_aggregated_send: 30914
tot_msg_rcv: 637
tot_msg_sent: 1444
tot_reconf_duration: 15.34
tot_sleeping_duration: 2170586.1299200025
tot_uptimes: 565
tot_uptimes_duration: 33840.006079997635
