comms_cons: 219.2044223847125
finished_reconf: true
global_termination_time: 2204517.222
local_termination_time: 209723.3552400005
node_cons: 45346.16624670512
tot_aggregated_send: 30566
tot_msg_rcv: 963
tot_msg_sent: 1788
tot_reconf_duration: 25.299999999999997
tot_sleeping_duration: 2170677.185520011
tot_uptimes: 565
tot_uptimes_duration: 33840.03647998924
