comms_cons: 111.58040318613439
finished_reconf: true
global_termination_time: 1060090.8292400003
local_termination_time: 28854.11284
node_cons: 21851.188875016764
tot_aggregated_send: 12238
tot_msg_rcv: 1551
tot_msg_sent: 3170
tot_reconf_duration: 18.21
tot_sleeping_duration: 1043790.2618800177
tot_uptimes: 272
tot_uptimes_duration: 16300.567359982626
