comms_cons: 104.19479039769124
finished_reconf: true
global_termination_time: 1061350.521
local_termination_time: 889232.1493599999
node_cons: 21782.75956000012
tot_aggregated_send: 15544
tot_msg_rcv: 126
tot_msg_sent: 167
tot_reconf_duration: 7.819999999999999
tot_sleeping_duration: 1045090.521
tot_uptimes: 272
tot_uptimes_duration: 16260.0
