comms_cons: 67.84373760057872
finished_reconf: true
global_termination_time: 678332.119
local_termination_time: 340559.8562000007
node_cons: 13929.594982242912
tot_aggregated_send: 9454
tot_msg_rcv: 296
tot_msg_sent: 561
tot_reconf_duration: 22.65
tot_sleeping_duration: 667952.1068399978
tot_uptimes: 174
tot_uptimes_duration: 10380.012160002138
