comms_cons: 70.10920959626198
finished_reconf: true
global_termination_time: 677458.886
local_termination_time: 94073.70123999944
node_cons: 13905.75394111686
tot_aggregated_send: 8642
tot_msg_rcv: 623
tot_msg_sent: 1391
tot_reconf_duration: 5.1
tot_sleeping_duration: 667078.8799200024
tot_uptimes: 174
tot_uptimes_duration: 10380.006079997635
