comms_cons: 68.34535680003998
finished_reconf: true
global_termination_time: 675011.8071200001
local_termination_time: 121080.391
node_cons: 13852.741488487949
tot_aggregated_send: 8698
tot_msg_rcv: 578
tot_msg_sent: 1113
tot_reconf_duration: 5.43
tot_sleeping_duration: 664671.7267999942
tot_uptimes: 173
tot_uptimes_duration: 10340.080320005916
