comms_cons: 63.0608767988201
finished_reconf: true
global_termination_time: 607803.881
local_termination_time: 387968.38736000005
node_cons: 12460.264060000027
tot_aggregated_send: 8120
tot_msg_rcv: 599
tot_msg_sent: 865
tot_reconf_duration: 5.57
tot_sleeping_duration: 598503.881
tot_uptimes: 156
tot_uptimes_duration: 9300.0
