comms_cons: 60.19310080062183
finished_reconf: true
global_termination_time: 609342.703
local_termination_time: 473110.74036000005
node_cons: 12550.924859999996
tot_aggregated_send: 8526
tot_msg_rcv: 210
tot_msg_sent: 413
tot_reconf_duration: 13.17
tot_sleeping_duration: 599982.703
tot_uptimes: 157
tot_uptimes_duration: 9360.0
