comms_cons: 407.93652485415873
finished_reconf: true
global_termination_time: 4035484.89772
local_termination_time: 4035484.8565999996
node_cons: 83063.26938925542
tot_aggregated_send: 55944
tot_msg_rcv: 2091
tot_msg_sent: 3969
tot_reconf_duration: 37.410000000000004
tot_sleeping_duration: 3973489.0302000167
tot_uptimes: 1034
tot_uptimes_duration: 61995.86751998344
