comms_cons: 395.98231040776176
finished_reconf: true
global_termination_time: 4040856.673
local_termination_time: 2961789.7807199997
node_cons: 83105.94182334845
tot_aggregated_send: 56318
tot_msg_rcv: 1187
tot_msg_sent: 2682
tot_reconf_duration: 25.299999999999997
tot_sleeping_duration: 3978816.654760007
tot_uptimes: 1035
tot_uptimes_duration: 62040.01823999314
