comms_cons: 403.92465925587385
finished_reconf: true
global_termination_time: 4035811.436
local_termination_time: 1494209.7576799993
node_cons: 83011.78008558281
tot_aggregated_send: 56376
tot_msg_rcv: 1793
tot_msg_sent: 3227
tot_reconf_duration: 15.110000000000001
tot_sleeping_duration: 3973831.4056000113
tot_uptimes: 1034
tot_uptimes_duration: 61980.03039998887
