comms_cons: 402.67293444499865
finished_reconf: true
global_termination_time: 4036487.131
local_termination_time: 389832.2166800003
node_cons: 82995.40260558273
tot_aggregated_send: 55854
tot_msg_rcv: 1810
tot_msg_sent: 3539
tot_reconf_duration: 3.05
tot_sleeping_duration: 3974507.100600011
tot_uptimes: 1034
tot_uptimes_duration: 61980.03039998864
