comms_cons: 261.4012160258188
finished_reconf: true
global_termination_time: 2807945.336
local_termination_time: 5761.147000000001
node_cons: 57870.60470223326
tot_aggregated_send: 38841
tot_msg_rcv: 291
tot_msg_sent: 599
tot_reconf_duration: 18.990000000000002
tot_sleeping_duration: 2764745.3238400044
tot_uptimes: 720
tot_uptimes_duration: 43200.012159995735
