comms_cons: 51.23943680145824
finished_reconf: true
global_termination_time: 498151.034
local_termination_time: 18795.476000000002
node_cons: 10237.561823363167
tot_aggregated_send: 6359
tot_msg_rcv: 443
tot_msg_sent: 987
tot_reconf_duration: 25.299999999999997
tot_sleeping_duration: 490531.0157599976
tot_uptimes: 128
tot_uptimes_duration: 7620.018240002355
