comms_cons: 159.691596791698
finished_reconf: true
global_termination_time: 1631863.335
local_termination_time: 294502.02236000006
node_cons: 33532.54684112148
tot_aggregated_send: 22562
tot_msg_rcv: 565
tot_msg_sent: 1147
tot_reconf_duration: 22.65
tot_sleeping_duration: 1606843.3289199988
tot_uptimes: 418
tot_uptimes_duration: 25020.00608000107
