comms_cons: 161.42725119514066
finished_reconf: true
global_termination_time: 1630963.959
local_termination_time: 180638.48236000005
node_cons: 33510.25118335972
tot_aggregated_send: 22852
tot_msg_rcv: 580
tot_msg_sent: 1104
tot_reconf_duration: 6.22
tot_sleeping_duration: 1605943.9407600001
tot_uptimes: 418
tot_uptimes_duration: 25020.018239999772
