comms_cons: 12.000742399766867
finished_reconf: true
global_termination_time: 106003.003
local_termination_time: 7394.62736
node_cons: 2199.9631233594514
tot_aggregated_send: 928
tot_msg_rcv: 274
tot_msg_sent: 623
tot_reconf_duration: 22.65
tot_sleeping_duration: 104382.98476000041
tot_uptimes: 28
tot_uptimes_duration: 1620.0182399995902
