comms_cons: 11.514227199964587
finished_reconf: true
global_termination_time: 105026.092
local_termination_time: 16909.15064
node_cons: 2104.2396855988895
tot_aggregated_send: 928
tot_msg_rcv: 283
tot_msg_sent: 540
tot_reconf_duration: 11.31
tot_sleeping_duration: 103466.06160000083
tot_uptimes: 27
tot_uptimes_duration: 1560.0303999991738
