comms_cons: 83.86005760138994
finished_reconf: true
global_termination_time: 797724.18724
local_termination_time: 110788.78
node_cons: 16433.246735053224
tot_aggregated_send: 6886
tot_msg_rcv: 2420
tot_msg_sent: 3447
tot_reconf_duration: 18.21
tot_sleeping_duration: 785469.8798799901
tot_uptimes: 205
tot_uptimes_duration: 12254.307360009858
