comms_cons: 78.5424896008723
finished_reconf: true
global_termination_time: 803827.93
local_termination_time: 352555.76968000026
node_cons: 16504.05740000001
tot_aggregated_send: 11310
tot_msg_rcv: 244
tot_msg_sent: 384
tot_reconf_duration: 25.299999999999997
tot_sleeping_duration: 791527.93
tot_uptimes: 206
tot_uptimes_duration: 12300.0
