comms_cons: 80.52958079906503
finished_reconf: true
global_termination_time: 799637.988
local_termination_time: 129463.52531999988
node_cons: 16395.90012112145
tot_aggregated_send: 10730
tot_msg_rcv: 524
tot_msg_sent: 986
tot_reconf_duration: 4.8100000000000005
tot_sleeping_duration: 787397.981919999
tot_uptimes: 205
tot_uptimes_duration: 12240.006080001069
