comms_cons: 78.85797759903123
finished_reconf: true
global_termination_time: 800196.874
local_termination_time: 120391.31683999966
node_cons: 16400.003983364324
tot_aggregated_send: 10614
tot_msg_rcv: 538
tot_msg_sent: 833
tot_reconf_duration: 7.819999999999999
tot_sleeping_duration: 787956.8557599967
tot_uptimes: 205
tot_uptimes_duration: 12240.018240003206
