comms_cons: 230.34680958674988
finished_reconf: true
global_termination_time: 2316569.865
local_termination_time: 912233.4651199989
node_cons: 47666.381744471284
tot_aggregated_send: 32248
tot_msg_rcv: 914
tot_msg_sent: 1848
tot_reconf_duration: 18.21
tot_sleeping_duration: 2280989.8406800064
tot_uptimes: 594
tot_uptimes_duration: 35580.02431999397
