comms_cons: 230.34339838220222
finished_reconf: true
global_termination_time: 2319247.778
local_termination_time: 1179530.8365999998
node_cons: 47672.419405583445
tot_aggregated_send: 31668
tot_msg_rcv: 1146
tot_msg_sent: 2197
tot_reconf_duration: 22.65
tot_sleeping_duration: 2283667.747600012
tot_uptimes: 594
tot_uptimes_duration: 35580.03039998817
