comms_cons: 227.79724799307758
finished_reconf: true
global_termination_time: 2316880.444
local_termination_time: 1507785.615519999
node_cons: 47645.761899999154
tot_aggregated_send: 33234
tot_msg_rcv: 453
tot_msg_sent: 936
tot_reconf_duration: 3.05
tot_sleeping_duration: 2281300.444
tot_uptimes: 594
tot_uptimes_duration: 35580.0
