comms_cons: 29.086643200430977
finished_reconf: true
global_termination_time: 287736.007
local_termination_time: 47711.80236000001
node_cons: 5895.578699999998
tot_aggregated_send: 3828
tot_msg_rcv: 208
tot_msg_sent: 385
tot_reconf_duration: 22.65
tot_sleeping_duration: 283356.007
tot_uptimes: 74
tot_uptimes_duration: 4380.0
