comms_cons: 28.990950400280546
finished_reconf: true
global_termination_time: 286582.124
local_termination_time: 144863.17028000034
node_cons: 5873.266760000007
tot_aggregated_send: 3828
tot_msg_rcv: 177
tot_msg_sent: 401
tot_reconf_duration: 6.22
tot_sleeping_duration: 282202.124
tot_uptimes: 74
tot_uptimes_duration: 4380.0
