comms_cons: 58.6996223998129
finished_reconf: true
global_termination_time: 588920.899
local_termination_time: 504942.9324000008
node_cons: 12057.942082237108
tot_aggregated_send: 8294
tot_msg_rcv: 224
tot_msg_sent: 404
tot_reconf_duration: 5.1
tot_sleeping_duration: 579920.8868400021
tot_uptimes: 151
tot_uptimes_duration: 9000.012159997852
