comms_cons: 60.120729600110195
finished_reconf: true
global_termination_time: 591764.249
local_termination_time: 217267.88936000006
node_cons: 12137.871980000014
tot_aggregated_send: 8120
tot_msg_rcv: 384
tot_msg_sent: 634
tot_reconf_duration: 4.8100000000000005
tot_sleeping_duration: 582704.249
tot_uptimes: 152
tot_uptimes_duration: 9060.0
