comms_cons: 59.56802560037093
finished_reconf: true
global_termination_time: 591319.678
local_termination_time: 432028.94136000006
node_cons: 12139.8193244857
tot_aggregated_send: 8062
tot_msg_rcv: 294
tot_msg_sent: 698
tot_reconf_duration: 6.22
tot_sleeping_duration: 582259.6536799957
tot_uptimes: 152
tot_uptimes_duration: 9060.024320004275
