comms_cons: 60.209312000460535
finished_reconf: true
global_termination_time: 589131.954
local_termination_time: 122746.12935999998
node_cons: 12066.407826728617
tot_aggregated_send: 7656
tot_msg_rcv: 509
tot_msg_sent: 987
tot_reconf_duration: 11.31
tot_sleeping_duration: 580131.9175199936
tot_uptimes: 151
tot_uptimes_duration: 9000.036480006413
