comms_cons: 164.28325119905142
finished_reconf: true
global_termination_time: 1688231.958
local_termination_time: 4478.409
node_cons: 34712.24409999997
tot_aggregated_send: 24703
tot_msg_rcv: 99
tot_msg_sent: 168
tot_reconf_duration: 3.95
tot_sleeping_duration: 1662311.958
tot_uptimes: 433
tot_uptimes_duration: 25920.0
