comms_cons: 80.62214399614014
finished_reconf: true
global_termination_time: 754718.5653600004
local_termination_time: 68593.37767999986
node_cons: 15596.862880231738
tot_aggregated_send: 9106
tot_msg_rcv: 1134
tot_msg_sent: 2014
tot_reconf_duration: 18.21
tot_sleeping_duration: 743088.8912000066
tot_uptimes: 194
tot_uptimes_duration: 11629.67415999381
