comms_cons: 75.0752512005605
finished_reconf: true
global_termination_time: 758354.018
local_termination_time: 379600.4113600001
node_cons: 15590.101900000087
tot_aggregated_send: 11020
tot_msg_rcv: 160
tot_msg_sent: 231
tot_reconf_duration: 3.05
tot_sleeping_duration: 746714.018
tot_uptimes: 195
tot_uptimes_duration: 11640.0
