comms_cons: 75.23973120084578
finished_reconf: true
global_termination_time: 756524.981
local_termination_time: 287713.2107200001
node_cons: 15514.066759999985
tot_aggregated_send: 10846
tot_msg_rcv: 247
tot_msg_sent: 343
tot_reconf_duration: 6.22
tot_sleeping_duration: 744944.981
tot_uptimes: 194
tot_uptimes_duration: 11580.0
