comms_cons: 328.7842175989849
finished_reconf: true
global_termination_time: 3302398.928
local_termination_time: 1804663.6752799994
node_cons: 67921.68996446623
tot_aggregated_send: 46284
tot_msg_rcv: 1258
tot_msg_sent: 2431
tot_reconf_duration: 25.299999999999997
tot_sleeping_duration: 3251698.9036800093
tot_uptimes: 846
tot_uptimes_duration: 50700.02431999077
