comms_cons: 338.4134656628331
finished_reconf: true
global_termination_time: 3302584.978
local_termination_time: 1039518.6983599999
node_cons: 67899.73650893381
tot_aggregated_send: 44486
tot_msg_rcv: 2453
tot_msg_sent: 4497
tot_reconf_duration: 9.11
tot_sleeping_duration: 3251884.9293600186
tot_uptimes: 846
tot_uptimes_duration: 50700.04863998154
