comms_cons: 328.762624002453
finished_reconf: true
global_termination_time: 3301586.8519999934
local_termination_time: 807536.6005599996
node_cons: 67934.47695004175
tot_aggregated_send: 46110
tot_msg_rcv: 1298
tot_msg_sent: 2562
tot_reconf_duration: 4.8100000000000005
tot_sleeping_duration: 3250856.4972800207
tot_uptimes: 846
tot_uptimes_duration: 50730.35471997247
