comms_cons: 16.210176000131966
finished_reconf: true
global_termination_time: 159589.161
local_termination_time: 96132.12079999984
node_cons: 3219.561620000001
tot_aggregated_send: 1914
tot_msg_rcv: 159
tot_msg_sent: 390
tot_reconf_duration: 4.390000000000001
tot_sleeping_duration: 157189.161
tot_uptimes: 41
tot_uptimes_duration: 2400.0
