comms_cons: 36.97573120115295
finished_reconf: true
global_termination_time: 352958.3574800002
local_termination_time: 32332.868760000005
node_cons: 7290.131289690281
tot_aggregated_send: 3712
tot_msg_rcv: 550
tot_msg_sent: 1358
tot_reconf_duration: 18.21
tot_sleeping_duration: 347532.36635999253
tot_uptimes: 91
tot_uptimes_duration: 5425.991120007675
