comms_cons: 35.19276800054424
finished_reconf: true
global_termination_time: 352957.7574800001
local_termination_time: 352957.7163600001
node_cons: 7282.35165984155
tot_aggregated_send: 4858
tot_msg_rcv: 133
tot_msg_sent: 358
tot_reconf_duration: 24.59
tot_sleeping_duration: 347544.04691999895
tot_uptimes: 91
tot_uptimes_duration: 5413.710560001142
