comms_cons: 34.896076800094235
finished_reconf: true
global_termination_time: 354451.776
local_termination_time: 232894.63352000085
node_cons: 7245.958980000002
tot_aggregated_send: 4872
tot_msg_rcv: 148
tot_msg_sent: 284
tot_reconf_duration: 11.31
tot_sleeping_duration: 349051.776
tot_uptimes: 91
tot_uptimes_duration: 5399.999999999998
