comms_cons: 1.5263743999991783
finished_reconf: true
global_termination_time: 18371.962
local_termination_time: 6679.86536
node_cons: 328.9240599999996
tot_aggregated_send: 0
tot_msg_rcv: 119
tot_msg_sent: 113
tot_reconf_duration: 5.57
tot_sleeping_duration: 18131.962
tot_uptimes: 5
tot_uptimes_duration: 240.0
