comms_cons: 1.5395327999990984
finished_reconf: true
global_termination_time: 14666.864000000005
local_termination_time: 7058.875360000002
node_cons: 284.46033000000716
tot_aggregated_send: 0
tot_msg_rcv: 120
tot_msg_sent: 114
tot_reconf_duration: 5.1
tot_sleeping_duration: 14459.594000000001
tot_uptimes: 4
tot_uptimes_duration: 207.2700000000059
