comms_cons: 1.5066367999950228
finished_reconf: true
global_termination_time: 16689.672
local_termination_time: 6895.26136
node_cons: 339.24486000000013
tot_aggregated_send: 0
tot_msg_rcv: 122
tot_msg_sent: 107
tot_reconf_duration: 13.17
tot_sleeping_duration: 16449.672
tot_uptimes: 5
tot_uptimes_duration: 240.0
