comms_cons: 1.513215999995001
finished_reconf: true
global_termination_time: 16640.003
local_termination_time: 7028.697440000001
node_cons: 336.230100000001
tot_aggregated_send: 0
tot_msg_rcv: 122
tot_msg_sent: 108
tot_reconf_duration: 10.95
tot_sleeping_duration: 16400.002999999997
tot_uptimes: 5
tot_uptimes_duration: 240.0
