comms_cons: 325.2490815757418
finished_reconf: true
global_termination_time: 3326085.558
local_termination_time: 1107404.63736
node_cons: 68375.95339116691
tot_aggregated_send: 45008
tot_msg_rcv: 1398
tot_msg_sent: 3028
tot_reconf_duration: 4.8100000000000005
tot_sleeping_duration: 3275025.497200024
tot_uptimes: 852
tot_uptimes_duration: 51060.060799976345
