comms_cons: 322.4435519826377
finished_reconf: true
global_termination_time: 3325959.813
local_termination_time: 1172684.083
node_cons: 68377.8437478163
tot_aggregated_send: 45059
tot_msg_rcv: 1424
tot_msg_sent: 2528
tot_reconf_duration: 6.22
tot_sleeping_duration: 3274899.770440017
tot_uptimes: 852
tot_uptimes_duration: 51060.04255998344
