comms_cons: 334.93875842459886
finished_reconf: true
global_termination_time: 3325141.318
local_termination_time: 9382.40048
node_cons: 68384.76410893777
tot_aggregated_send: 46342
tot_msg_rcv: 1614
tot_msg_sent: 2951
tot_reconf_duration: 11.31
tot_sleeping_duration: 3274081.269360015
tot_uptimes: 852
tot_uptimes_duration: 51060.04863998451
