comms_cons: 70.91061759987402
finished_reconf: true
global_termination_time: 691822.386
local_termination_time: 478124.92080000025
node_cons: 14227.74406000003
tot_aggregated_send: 9396
tot_msg_rcv: 516
tot_msg_sent: 866
tot_reconf_duration: 5.57
tot_sleeping_duration: 681202.386
tot_uptimes: 178
tot_uptimes_duration: 10620.0
