comms_cons: 69.4368767974263
finished_reconf: true
global_termination_time: 692460.005
local_termination_time: 102691.44419999963
node_cons: 14250.971264476557
tot_aggregated_send: 9222
tot_msg_rcv: 387
tot_msg_sent: 945
tot_reconf_duration: 22.65
tot_sleeping_duration: 681839.9806800026
tot_uptimes: 178
tot_uptimes_duration: 10620.024319997407
