comms_cons: 69.95941119880231
finished_reconf: true
global_termination_time: 694270.211
local_termination_time: 119966.99735999998
node_cons: 14230.856547840847
tot_aggregated_send: 8932
tot_msg_rcv: 528
tot_msg_sent: 1173
tot_reconf_duration: 7.819999999999999
tot_sleeping_duration: 683650.1684399993
tot_uptimes: 178
tot_uptimes_duration: 10620.042560000613
