comms_cons: 67.56211840001832
finished_reconf: true
global_termination_time: 692779.654
local_termination_time: 526081.3780799988
node_cons: 14228.63490112157
tot_aggregated_send: 9454
tot_msg_rcv: 290
tot_msg_sent: 525
tot_reconf_duration: 6.22
tot_sleeping_duration: 682159.6479199989
tot_uptimes: 178
tot_uptimes_duration: 10620.006080001069
