comms_cons: 918.1641793837686
finished_reconf: true
global_termination_time: 9318523.491
local_termination_time: 3679347.4549199995
node_cons: 191725.6543878129
tot_aggregated_send: 130210
tot_msg_rcv: 3091
tot_msg_sent: 6254
tot_reconf_duration: 25.299999999999997
tot_sleeping_duration: 9175363.448440015
tot_uptimes: 2387
tot_uptimes_duration: 143160.04255998507
