comms_cons: 907.0193985475671
finished_reconf: true
global_termination_time: 9318458.2
local_termination_time: 4353041.596999998
node_cons: 191706.7026473417
tot_aggregated_send: 129340
tot_msg_rcv: 2836
tot_msg_sent: 5686
tot_reconf_duration: 9.42
tot_sleeping_duration: 9175296.205760008
tot_uptimes: 2387
tot_uptimes_duration: 143161.99423999153
