comms_cons: 935.9801986580542
finished_reconf: true
global_termination_time: 9320263.895
local_termination_time: 286160.37136000005
node_cons: 191697.86153228977
tot_aggregated_send: 129862
tot_msg_rcv: 4305
tot_msg_sent: 8094
tot_reconf_duration: 4.8100000000000005
tot_sleeping_duration: 9177103.828120017
tot_uptimes: 2387
tot_uptimes_duration: 143160.06687998254
