comms_cons: 927.9211074198848
finished_reconf: true
global_termination_time: 9319181.818
local_termination_time: 1652372.2043599999
node_cons: 191706.64782669608
tot_aggregated_send: 129862
tot_msg_rcv: 3835
tot_msg_sent: 7341
tot_reconf_duration: 11.31
tot_sleeping_duration: 9176021.781520013
tot_uptimes: 2387
tot_uptimes_duration: 143160.0364799872
