comms_cons: 117.67619841488985
finished_reconf: true
global_termination_time: 402329.1444800002
local_termination_time: 2527.840040000001
node_cons: 16505.649167720185
tot_aggregated_send: 0
tot_msg_rcv: 5988
tot_msg_sent: 11897
tot_reconf_duration: 4.390000000000001
tot_sleeping_duration: 390006.74900000007
tot_uptimes: 205
tot_uptimes_duration: 12322.395480000123
