comms_cons: 106.43955199062513
finished_reconf: true
global_termination_time: 1039128.61
local_termination_time: 471247.62399999995
node_cons: 21404.873669422344
tot_aggregated_send: 13841
tot_msg_rcv: 792
tot_msg_sent: 1546
tot_reconf_duration: 25.299999999999997
tot_sleeping_duration: 1023168.5530400132
tot_uptimes: 267
tot_uptimes_duration: 15960.056959986803
