comms_cons: 102.6581183978228
finished_reconf: true
global_termination_time: 1040195.109
local_termination_time: 784582.0364399985
node_cons: 21376.971980000108
tot_aggregated_send: 14674
tot_msg_rcv: 281
tot_msg_sent: 648
tot_reconf_duration: 4.8100000000000005
tot_sleeping_duration: 1024235.109
tot_uptimes: 267
tot_uptimes_duration: 15960.0
