comms_cons: 103.18159359616959
finished_reconf: true
global_termination_time: 1037981.598
local_termination_time: 651707.43536
node_cons: 21300.76840671491
tot_aggregated_send: 13572
tot_msg_rcv: 657
tot_msg_sent: 1454
tot_reconf_duration: 7.819999999999999
tot_sleeping_duration: 1022081.561520004
tot_uptimes: 266
tot_uptimes_duration: 15900.03647999611
