comms_cons: 63.75090559993835
finished_reconf: true
global_termination_time: 583621.7903600003
local_termination_time: 16421.456720000006
node_cons: 12059.173676885819
tot_aggregated_send: 6554
tot_msg_rcv: 1161
tot_msg_sent: 1974
tot_reconf_duration: 18.21
tot_sleeping_duration: 574634.154439996
tot_uptimes: 150
tot_uptimes_duration: 8987.635920004337
