comms_cons: 58.390400000270766
finished_reconf: true
global_termination_time: 586540.146
local_termination_time: 349796.54668000026
node_cons: 12057.531980000014
tot_aggregated_send: 8410
tot_msg_rcv: 178
tot_msg_sent: 286
tot_reconf_duration: 4.8100000000000005
tot_sleeping_duration: 577540.146
tot_uptimes: 151
tot_uptimes_duration: 9000.0
