comms_cons: 237.45648638880832
finished_reconf: true
global_termination_time: 2403751.513
local_termination_time: 1412109.1753599998
node_cons: 49426.984859999226
tot_aggregated_send: 34336
tot_msg_rcv: 634
tot_msg_sent: 1122
tot_reconf_duration: 13.17
tot_sleeping_duration: 2366851.513
tot_uptimes: 616
tot_uptimes_duration: 36900.0
