comms_cons: 242.06500478230487
finished_reconf: true
global_termination_time: 2393439.429
local_termination_time: 310835.81336000003
node_cons: 49174.74223787786
tot_aggregated_send: 31958
tot_msg_rcv: 1567
tot_msg_sent: 3267
tot_reconf_duration: 4.8100000000000005
tot_sleeping_duration: 2356719.331720031
tot_uptimes: 613
tot_uptimes_duration: 36720.09727996902
