comms_cons: 33.02100479998878
finished_reconf: true
global_termination_time: 321839.702
local_termination_time: 53077.86316000006
node_cons: 6618.654982240581
tot_aggregated_send: 4408
tot_msg_rcv: 280
tot_msg_sent: 331
tot_reconf_duration: 22.65
tot_sleeping_duration: 316919.68983999954
tot_uptimes: 83
tot_uptimes_duration: 4920.012160000435
