comms_cons: 84.20060159865136
finished_reconf: true
global_termination_time: 857012.568
local_termination_time: 621574.4402399979
node_cons: 17600.429761116877
tot_aggregated_send: 12238
tot_msg_rcv: 154
tot_msg_sent: 406
tot_reconf_duration: 4.390000000000001
tot_sleeping_duration: 843872.5619200023
tot_uptimes: 220
tot_uptimes_duration: 13140.006079997635
