comms_cons: 86.83948799834536
finished_reconf: true
global_termination_time: 855940.801
local_termination_time: 448579.76636000007
node_cons: 17605.10398335513
tot_aggregated_send: 11716
tot_msg_rcv: 499
tot_msg_sent: 984
tot_reconf_duration: 7.819999999999999
tot_sleeping_duration: 842800.7827600037
tot_uptimes: 220
tot_uptimes_duration: 13140.018239996338
