comms_cons: 87.36582399846355
finished_reconf: true
global_termination_time: 858381.82
local_termination_time: 424479.84636
node_cons: 17602.92304223825
tot_aggregated_send: 11542
tot_msg_rcv: 577
tot_msg_sent: 1161
tot_reconf_duration: 6.22
tot_sleeping_duration: 845241.8078400013
tot_uptimes: 220
tot_uptimes_duration: 13140.012159998703
