comms_cons: 239.35013105546935
finished_reconf: true
global_termination_time: 1580477.93
local_termination_time: 244654.02860000008
node_cons: 32463.94082671024
tot_aggregated_send: 0
tot_msg_rcv: 18447
tot_msg_sent: 17933
tot_reconf_duration: 4.8100000000000005
tot_sleeping_duration: 1556237.8935200074
tot_uptimes: 405
tot_uptimes_duration: 24240.036479992676
