comms_cons: 308.6424255895919
finished_reconf: true
global_termination_time: 3128433.714
local_termination_time: 1801515.5455199992
node_cons: 64377.06917999863
tot_aggregated_send: 44892
tot_msg_rcv: 720
tot_msg_sent: 1299
tot_reconf_duration: 18.21
tot_sleeping_duration: 3080373.714
tot_uptimes: 802
tot_uptimes_duration: 48060.0
