comms_cons: 318.98517761646644
finished_reconf: true
global_termination_time: 3131160.769
local_termination_time: 955891.6284799998
node_cons: 64386.72182334956
tot_aggregated_send: 43036
tot_msg_rcv: 2041
tot_msg_sent: 3405
tot_reconf_duration: 25.299999999999997
tot_sleeping_duration: 3083100.7507600067
tot_uptimes: 802
tot_uptimes_duration: 48060.01823999314
