comms_cons: 307.96973439662173
finished_reconf: true
global_termination_time: 3131270.469
local_termination_time: 732799.2225599985
node_cons: 64358.326043349196
tot_aggregated_send: 43848
tot_msg_rcv: 988
tot_msg_sent: 1972
tot_reconf_duration: 4.390000000000001
tot_sleeping_duration: 3083210.4507600074
tot_uptimes: 802
tot_uptimes_duration: 48060.0182399929
