comms_cons: 351.26520952156983
finished_reconf: true
global_termination_time: 873192.196
local_termination_time: 140027.97148000097
node_cons: 53138.31322144928
tot_aggregated_send: 0
tot_msg_rcv: 21536
tot_msg_sent: 31854
tot_reconf_duration: 18.21
tot_sleeping_duration: 833525.5910399924
tot_uptimes: 653
tot_uptimes_duration: 39666.60496000753
