comms_cons: 84.74667520056124
finished_reconf: true
global_termination_time: 874305.945
local_termination_time: 407170.227120001
node_cons: 17919.96190000009
tot_aggregated_send: 12470
tot_msg_rcv: 121
tot_msg_sent: 290
tot_reconf_duration: 3.05
tot_sleeping_duration: 860925.945
tot_uptimes: 224
tot_uptimes_duration: 13380.0
