comms_cons: 86.86120959923207
finished_reconf: true
global_termination_time: 872342.664
local_termination_time: 220230.0608400001
node_cons: 17926.43956
tot_aggregated_send: 12238
tot_msg_rcv: 307
tot_msg_sent: 656
tot_reconf_duration: 7.819999999999999
tot_sleeping_duration: 858962.664
tot_uptimes: 224
tot_uptimes_duration: 13380.0
