comms_cons: 18.119116799965255
finished_reconf: true
global_termination_time: 180692.9129600002
local_termination_time: 180679.57736000002
node_cons: 3738.8092574402376
tot_aggregated_send: 2494
tot_msg_rcv: 77
tot_msg_sent: 182
tot_reconf_duration: 7.819999999999999
tot_sleeping_duration: 177908.604
tot_uptimes: 47
tot_uptimes_duration: 2784.3089600001986
