comms_cons: 3345.094486373161
finished_reconf: true
global_termination_time: 8476439.74
local_termination_time: 2811132.0568400007
node_cons: 514121.7816359025
tot_aggregated_send: 0
tot_msg_rcv: 205568
tot_msg_sent: 302869
tot_reconf_duration: 5.57
tot_sleeping_duration: 8092485.880720063
tot_uptimes: 6285
tot_uptimes_duration: 383953.85927993676
