comms_cons: 834.9333761622368
finished_reconf: true
global_termination_time: 8477861.463
local_termination_time: 3249129.4014
node_cons: 174438.69194446292
tot_aggregated_send: 118204
tot_msg_rcv: 2847
tot_msg_sent: 5854
tot_reconf_duration: 15.110000000000001
tot_sleeping_duration: 8347601.438680008
tot_uptimes: 2172
tot_uptimes_duration: 130260.02431999147
