comms_cons: 844.4416194001266
finished_reconf: true
global_termination_time: 8476216.929
local_termination_time: 1779051.9353599998
node_cons: 174346.29560669675
tot_aggregated_send: 118204
tot_msg_rcv: 3412
tot_msg_sent: 6734
tot_reconf_duration: 6.22
tot_sleeping_duration: 8346016.892520012
tot_uptimes: 2171
tot_uptimes_duration: 130200.0364799872
