comms_cons: 361.6882687946335
finished_reconf: true
global_termination_time: 3682500.197
local_termination_time: 2493465.87448
node_cons: 75767.55394111514
tot_aggregated_send: 51504
tot_msg_rcv: 1312
tot_msg_sent: 2158
tot_reconf_duration: 5.1
tot_sleeping_duration: 3625920.1909200028
tot_uptimes: 944
tot_uptimes_duration: 56580.006079997635
