comms_cons: 362.8542720219104
finished_reconf: true
global_termination_time: 3684906.909
local_termination_time: 2199230.2463599998
node_cons: 75764.82706334942
tot_aggregated_send: 51678
tot_msg_rcv: 1205
tot_msg_sent: 2268
tot_reconf_duration: 3.08
tot_sleeping_duration: 3628326.890760007
tot_uptimes: 944
tot_uptimes_duration: 56580.01823999337
