comms_cons: 370.4947712636207
finished_reconf: true
global_termination_time: 3683601.674
local_termination_time: 314763.9266000001
node_cons: 75775.5715111727
tot_aggregated_send: 51446
tot_msg_rcv: 1730
tot_msg_sent: 3138
tot_reconf_duration: 10.95
tot_sleeping_duration: 3627021.613200019
tot_uptimes: 944
tot_uptimes_duration: 56580.06079998094
