comms_cons: 364.69505922760897
finished_reconf: true
global_termination_time: 3683106.597
local_termination_time: 606852.12536
node_cons: 75771.28840670022
tot_aggregated_send: 50808
tot_msg_rcv: 1457
tot_msg_sent: 3166
tot_reconf_duration: 7.819999999999999
tot_sleeping_duration: 3626526.5605200133
tot_uptimes: 944
tot_uptimes_duration: 56580.036479986506
