comms_cons: 360.334656027548
finished_reconf: true
global_termination_time: 3685633.52
local_termination_time: 1912399.760359999
node_cons: 75776.01154446654
tot_aggregated_send: 52026
tot_msg_rcv: 1003
tot_msg_sent: 1739
tot_reconf_duration: 11.31
tot_sleeping_duration: 3629053.495680009
tot_uptimes: 944
tot_uptimes_duration: 56580.02431999124
