comms_cons: 54.5998080001631
finished_reconf: true
global_termination_time: 561073.157
local_termination_time: 121133.09747999997
node_cons: 11519.386841121457
tot_aggregated_send: 8178
tot_msg_rcv: 25
tot_msg_sent: 95
tot_reconf_duration: 22.65
tot_sleeping_duration: 552493.1509199989
tot_uptimes: 144
tot_uptimes_duration: 8580.006080001069
