comms_cons: 163.99633280902123
finished_reconf: true
global_termination_time: 560253.3557199998
local_termination_time: 560253.3145999998
node_cons: 22998.33411920006
tot_aggregated_send: 0
tot_msg_rcv: 8372
tot_msg_sent: 16552
tot_reconf_duration: 37.410000000000004
tot_sleeping_duration: 543115.5429199998
tot_uptimes: 286
tot_uptimes_duration: 17137.812800000007
