comms_cons: 54.863948800230794
finished_reconf: true
global_termination_time: 560709.709
local_termination_time: 253124.44348000007
node_cons: 11500.991380000038
tot_aggregated_send: 8178
tot_msg_rcv: 53
tot_msg_sent: 108
tot_reconf_duration: 9.11
tot_sleeping_duration: 552129.709
tot_uptimes: 144
tot_uptimes_duration: 8580.0
