comms_cons: 55.14090239988987
finished_reconf: true
global_termination_time: 563759.77
local_termination_time: 112482.679
node_cons: 11596.770477360846
tot_aggregated_send: 8234
tot_msg_rcv: 45
tot_msg_sent: 102
tot_reconf_duration: 18.700000000000003
tot_sleeping_duration: 555117.9657599994
tot_uptimes: 145
tot_uptimes_duration: 8641.804240000609
