comms_cons: 55.943564800271844
finished_reconf: true
global_termination_time: 563958.179
local_termination_time: 13701.339560000004
node_cons: 11583.830100000017
tot_aggregated_send: 7946
tot_msg_rcv: 161
tot_msg_sent: 396
tot_reconf_duration: 10.95
tot_sleeping_duration: 555318.179
tot_uptimes: 145
tot_uptimes_duration: 8640.0
