comms_cons: 55.45012480029591
finished_reconf: true
global_termination_time: 561732.212
local_termination_time: 76892.01400000001
node_cons: 11495.71816320055
tot_aggregated_send: 8001
tot_msg_rcv: 138
tot_msg_sent: 289
tot_reconf_duration: 4.390000000000001
tot_sleeping_duration: 553151.3631999997
tot_uptimes: 144
tot_uptimes_duration: 8580.8488000004
