comms_cons: 282.43189760559005
finished_reconf: true
global_termination_time: 2806510.559
local_termination_time: 637888.9893599999
node_cons: 57690.130466704584
tot_aggregated_send: 38686
tot_msg_rcv: 1280
tot_msg_sent: 2962
tot_reconf_duration: 4.390000000000001
tot_sleeping_duration: 2763430.522520011
tot_uptimes: 719
tot_uptimes_duration: 43080.03647998924
