comms_cons: 70.34508800005439
finished_reconf: true
global_termination_time: 725020.248
local_termination_time: 375335.06336000003
node_cons: 14869.44012112145
tot_aggregated_send: 10092
tot_msg_rcv: 194
tot_msg_sent: 405
tot_reconf_duration: 4.8100000000000005
tot_sleeping_duration: 713920.241919999
tot_uptimes: 186
tot_uptimes_duration: 11100.006080001069
