comms_cons: 145.1886783676319
finished_reconf: true
global_termination_time: 724011.674
local_termination_time: 672.5291599999995
node_cons: 14868.877902238286
tot_aggregated_send: 0
tot_msg_rcv: 11322
tot_msg_sent: 10742
tot_reconf_duration: 4.390000000000001
tot_sleeping_duration: 712911.6618400014
tot_uptimes: 186
tot_uptimes_duration: 11100.012159998703
