comms_cons: 13.184716800045871
finished_reconf: true
global_termination_time: 135708.88096000024
local_termination_time: 135693.56648000007
node_cons: 2799.067867440324
tot_aggregated_send: 1972
tot_msg_rcv: 24
tot_msg_sent: 8
tot_reconf_duration: 15.34
tot_sleeping_duration: 133634.022
tot_uptimes: 35
tot_uptimes_duration: 2074.858960000245
