comms_cons: 13.289984000044171
finished_reconf: true
global_termination_time: 135895.571
local_termination_time: 30057.872800000005
node_cons: 2738.4858000000036
tot_aggregated_send: 1856
tot_msg_rcv: 52
tot_msg_sent: 112
tot_reconf_duration: 5.1
tot_sleeping_duration: 133855.571
tot_uptimes: 35
tot_uptimes_duration: 2040.0
