comms_cons: 13.625523199911413
finished_reconf: true
global_termination_time: 139072.908
local_termination_time: 67317.0642799998
node_cons: 2822.51956000001
tot_aggregated_send: 1972
tot_msg_rcv: 47
tot_msg_sent: 51
tot_reconf_duration: 7.819999999999999
tot_sleeping_duration: 136972.908
tot_uptimes: 36
tot_uptimes_duration: 2100.0
