comms_cons: 13.974220799834692
finished_reconf: true
global_termination_time: 140202.39
local_termination_time: 24824.33248
node_cons: 2819.273940000001
tot_aggregated_send: 1856
tot_msg_rcv: 99
tot_msg_sent: 169
tot_reconf_duration: 5.43
tot_sleeping_duration: 138102.39
tot_uptimes: 36
tot_uptimes_duration: 2100.0
