comms_cons: 232.43693443247503
finished_reconf: true
global_termination_time: 551644.014
local_termination_time: 264065.62348000007
node_cons: 33214.193321607265
tot_aggregated_send: 0
tot_msg_rcv: 14319
tot_msg_sent: 21010
tot_reconf_duration: 18.21
tot_sleeping_duration: 526857.2595999946
tot_uptimes: 405
tot_uptimes_duration: 24786.754400005375
