comms_cons: 56.52441600061859
finished_reconf: true
global_termination_time: 553925.361
local_termination_time: 233396.15064000085
node_cons: 11334.906505607178
tot_aggregated_send: 7192
tot_msg_rcv: 409
tot_msg_sent: 993
tot_reconf_duration: 5.1
tot_sleeping_duration: 545465.3305999946
tot_uptimes: 142
tot_uptimes_duration: 8460.030400005344
