comms_cons: 56.96872320153886
finished_reconf: true
global_termination_time: 557631.834
local_termination_time: 177851.27436000007
node_cons: 11416.78374785003
tot_aggregated_send: 7308
tot_msg_rcv: 530
tot_msg_sent: 821
tot_reconf_duration: 6.22
tot_sleeping_duration: 549111.7914399925
tot_uptimes: 143
tot_uptimes_duration: 8520.042560007481
