comms_cons: 92.79961599890883
finished_reconf: true
global_termination_time: 954524.287
local_termination_time: 237140.20736000006
node_cons: 19610.52406000004
tot_aggregated_send: 13514
tot_msg_rcv: 188
tot_msg_sent: 403
tot_reconf_duration: 5.57
tot_sleeping_duration: 939884.287
tot_uptimes: 245
tot_uptimes_duration: 14640.0
