comms_cons: 94.24108799940242
finished_reconf: true
global_termination_time: 954051.248
local_termination_time: 418618.7717200001
node_cons: 19615.331380000007
tot_aggregated_send: 13804
tot_msg_rcv: 179
tot_msg_sent: 341
tot_reconf_duration: 9.11
tot_sleeping_duration: 939411.248
tot_uptimes: 245
tot_uptimes_duration: 14640.0
