comms_cons: 93.44437760062718
finished_reconf: true
global_termination_time: 955678.636
local_termination_time: 327274.79236
node_cons: 19619.120199999983
tot_aggregated_send: 13746
tot_msg_rcv: 176
tot_msg_sent: 281
tot_reconf_duration: 11.899999999999999
tot_sleeping_duration: 941038.636
tot_uptimes: 245
tot_uptimes_duration: 14640.0
