comms_cons: 54.91658240074112
finished_reconf: true
global_termination_time: 554181.539
local_termination_time: 163458.85736000005
node_cons: 11343.315262242873
tot_aggregated_send: 7830
tot_msg_rcv: 177
tot_msg_sent: 340
tot_reconf_duration: 11.31
tot_sleeping_duration: 545721.5268399979
tot_uptimes: 142
tot_uptimes_duration: 8460.012160002138
