comms_cons: 257.45725439995704
finished_reconf: true
global_termination_time: 2809600.649
local_termination_time: 4411.673
node_cons: 57854.69981999897
tot_aggregated_send: 39084
tot_msg_rcv: 1
tot_msg_sent: 47
tot_reconf_duration: 7.29
tot_sleeping_duration: 2766400.649
tot_uptimes: 720
tot_uptimes_duration: 43200.0
