comms_cons: 276.04537600999436
finished_reconf: true
global_termination_time: 596163.935
local_termination_time: 205723.52792000028
node_cons: 36161.62968672394
tot_aggregated_send: 0
tot_msg_rcv: 16959
tot_msg_sent: 24998
tot_reconf_duration: 18.21
tot_sleeping_duration: 569175.958519997
tot_uptimes: 444
tot_uptimes_duration: 26987.976480003024
