comms_cons: 61.42831360143698
finished_reconf: true
global_termination_time: 595634.737
local_termination_time: 82085.09347999997
node_cons: 12220.248945607163
tot_aggregated_send: 8062
tot_msg_rcv: 520
tot_msg_sent: 755
tot_reconf_duration: 6.279999999999999
tot_sleeping_duration: 586514.7065999947
tot_uptimes: 153
tot_uptimes_duration: 9120.03040000534
