comms_cons: 14.751820799802141
finished_reconf: true
global_termination_time: 128522.004
local_termination_time: 51543.46036000002
node_cons: 2576.8579022383124
tot_aggregated_send: 1218
tot_msg_rcv: 424
tot_msg_sent: 601
tot_reconf_duration: 4.390000000000001
tot_sleeping_duration: 126601.99184000127
tot_uptimes: 33
tot_uptimes_duration: 1920.0121599987328
