comms_cons: 205.08024319473228
finished_reconf: true
global_termination_time: 2084397.716
local_termination_time: 1681988.8583199987
node_cons: 42837.3801999998
tot_aggregated_send: 29986
tot_msg_rcv: 382
tot_msg_sent: 803
tot_reconf_duration: 11.899999999999999
tot_sleeping_duration: 2052417.716
tot_uptimes: 534
tot_uptimes_duration: 31980.0
