comms_cons: 270.3443455951603
finished_reconf: true
global_termination_time: 2621256.006
local_termination_time: 675809.511239999
node_cons: 53916.769896840815
tot_aggregated_send: 34800
tot_msg_rcv: 2215
tot_msg_sent: 4075
tot_reconf_duration: 6.279999999999999
tot_sleeping_duration: 2580995.9300800287
tot_uptimes: 672
tot_uptimes_duration: 40260.075919971336
