comms_cons: 258.54282239866444
finished_reconf: true
global_termination_time: 2622155.368
local_termination_time: 1968273.4072799992
node_cons: 53926.02485999904
tot_aggregated_send: 37526
tot_msg_rcv: 505
tot_msg_sent: 1266
tot_reconf_duration: 13.17
tot_sleeping_duration: 2581895.368
tot_uptimes: 672
tot_uptimes_duration: 40260.0
