comms_cons: 20.8550911994251
finished_reconf: true
global_termination_time: 106840.849
local_termination_time: 3589.05636
node_cons: 2175.1416199999994
tot_aggregated_send: 0
tot_msg_rcv: 1605
tot_msg_sent: 1564
tot_reconf_duration: 4.390000000000001
tot_sleeping_duration: 105220.849
tot_uptimes: 28
tot_uptimes_duration: 1620.0
