comms_cons: 56.97649920519113
finished_reconf: true
global_termination_time: 305681.511
local_termination_time: 4645.412600000004
node_cons: 6310.005463521443
tot_aggregated_send: 0
tot_msg_rcv: 4366
tot_msg_sent: 4295
tot_reconf_duration: 18.21
tot_sleeping_duration: 300987.5033199989
tot_uptimes: 79
tot_uptimes_duration: 4694.007680001073
