comms_cons: 243.69447039374606
finished_reconf: true
global_termination_time: 2418075.438
local_termination_time: 443798.78336
node_cons: 49739.05336894313
tot_aggregated_send: 33350
tot_msg_rcv: 1188
tot_msg_sent: 2501
tot_reconf_duration: 6.279999999999999
tot_sleeping_duration: 2380935.389360012
tot_uptimes: 620
tot_uptimes_duration: 37140.048639987945
