comms_cons: 243.2724991955368
finished_reconf: true
global_termination_time: 2416190.597
local_termination_time: 125819.37739999978
node_cons: 49656.13860782205
tot_aggregated_send: 33292
tot_msg_rcv: 1245
tot_msg_sent: 2439
tot_reconf_duration: 4.390000000000001
tot_sleeping_duration: 2379110.554440013
tot_uptimes: 619
tot_uptimes_duration: 37080.04255998711
