comms_cons: 28.446041600280488
finished_reconf: true
global_termination_time: 273658.678
local_termination_time: 118228.01555999987
node_cons: 5634.452124485737
tot_aggregated_send: 3422
tot_msg_rcv: 266
tot_msg_sent: 635
tot_reconf_duration: 7.819999999999999
tot_sleeping_duration: 269458.65367999574
tot_uptimes: 71
tot_uptimes_duration: 4200.024320004275
