comms_cons: 28.02081279963393
finished_reconf: true
global_termination_time: 276489.077
local_termination_time: 86199.72095999966
node_cons: 5639.167121119173
tot_aggregated_send: 3712
tot_msg_rcv: 208
tot_msg_sent: 339
tot_reconf_duration: 11.31
tot_sleeping_duration: 272289.07092000067
tot_uptimes: 71
tot_uptimes_duration: 4200.006079999366
