comms_cons: 209.54094079215366
finished_reconf: true
global_termination_time: 2112171.679
local_termination_time: 829616.8893599999
node_cons: 43390.53394111639
tot_aggregated_send: 30276
tot_msg_rcv: 532
tot_msg_sent: 1041
tot_reconf_duration: 5.1
tot_sleeping_duration: 2079771.6729200024
tot_uptimes: 541
tot_uptimes_duration: 32400.006079997635
