comms_cons: 210.1765439975265
finished_reconf: true
global_termination_time: 2110408.248
local_termination_time: 807404.2383599979
node_cons: 43417.965541116486
tot_aggregated_send: 30218
tot_msg_rcv: 648
tot_msg_sent: 1079
tot_reconf_duration: 25.299999999999997
tot_sleeping_duration: 2078008.2419200025
tot_uptimes: 541
tot_uptimes_duration: 32400.006079997635
