comms_cons: 207.27111679390117
finished_reconf: true
global_termination_time: 2108078.672
local_termination_time: 1153843.048519999
node_cons: 43316.05235999949
tot_aggregated_send: 30392
tot_msg_rcv: 422
tot_msg_sent: 690
tot_reconf_duration: 9.42
tot_sleeping_duration: 2075738.6719999998
tot_uptimes: 540
tot_uptimes_duration: 32340.0
