comms_cons: 210.09848958971654
finished_reconf: true
global_termination_time: 2110219.729
local_termination_time: 979413.984
node_cons: 43404.99783239665
tot_aggregated_send: 30154
tot_msg_rcv: 621
tot_msg_sent: 1159
tot_reconf_duration: 11.899999999999999
tot_sleeping_duration: 2077815.8174000022
tot_uptimes: 541
tot_uptimes_duration: 32403.91159999778
