comms_cons: 217.5096063755802
finished_reconf: true
global_termination_time: 2111470.395
local_termination_time: 813914.42236
node_cons: 43394.29283005116
tot_aggregated_send: 28304
tot_msg_rcv: 1736
tot_msg_sent: 3023
tot_reconf_duration: 7.819999999999999
tot_sleeping_duration: 2079070.3402800213
tot_uptimes: 541
tot_uptimes_duration: 32400.05471997871
