comms_cons: 97.67056640406535
finished_reconf: true
global_termination_time: 203241.49684000012
local_termination_time: 203241.4557200001
node_cons: 12264.652399360773
tot_aggregated_send: 0
tot_msg_rcv: 6027
tot_msg_sent: 8817
tot_reconf_duration: 24.59
tot_sleeping_duration: 194106.87459999954
tot_uptimes: 151
tot_uptimes_duration: 9134.622240000557
