comms_cons: 13.369561599836016
finished_reconf: true
global_termination_time: 99126.746
local_termination_time: 62625.77036000001
node_cons: 2015.4827878383337
tot_aggregated_send: 464
tot_msg_rcv: 632
tot_msg_sent: 938
tot_reconf_duration: 5.1
tot_sleeping_duration: 97626.70344000125
tot_uptimes: 26
tot_uptimes_duration: 1500.0425599987575
