comms_cons: 12.501107199812992
finished_reconf: true
global_termination_time: 112778.57223999992
local_termination_time: 62745.58748000001
node_cons: 2293.3009004790365
tot_aggregated_send: 928
tot_msg_rcv: 363
tot_msg_sent: 609
tot_reconf_duration: 18.21
tot_sleeping_duration: 111084.34392000064
tot_uptimes: 29
tot_uptimes_duration: 1694.2283199992817
