comms_cons: 14.607705599792492
finished_reconf: true
global_termination_time: 112814.355
local_termination_time: 16706.003480000007
node_cons: 2267.429283357456
tot_aggregated_send: 812
tot_msg_rcv: 653
tot_msg_sent: 757
tot_reconf_duration: 13.17
tot_sleeping_duration: 111134.3367600019
tot_uptimes: 29
tot_uptimes_duration: 1680.0182399980986
