comms_cons: 12.925260799914684
finished_reconf: true
global_termination_time: 115811.085
local_termination_time: 43274.600040000056
node_cons: 2345.235262239439
tot_aggregated_send: 1160
tot_msg_rcv: 285
tot_msg_sent: 519
tot_reconf_duration: 11.31
tot_sleeping_duration: 114071.07284000043
tot_uptimes: 30
tot_uptimes_duration: 1740.0121599995837
