comms_cons: 1150.2540189444894
finished_reconf: true
global_termination_time: 5840438.324599997
local_termination_time: 1806.0154800000025
node_cons: 120153.64731621697
tot_aggregated_send: 0
tot_msg_rcv: 88113
tot_msg_sent: 86715
tot_reconf_duration: 18.21
tot_sleeping_duration: 5750722.926440012
tot_uptimes: 1496
tot_uptimes_duration: 89715.3981599856
