comms_cons: 587.5215233519853
finished_reconf: true
global_termination_time: 5840438.4591199905
local_termination_time: 9806.442880000002
node_cons: 120196.01997418955
tot_aggregated_send: 81142
tot_msg_rcv: 2763
tot_msg_sent: 5393
tot_reconf_duration: 22.65
tot_sleeping_duration: 5750695.9189600255
tot_uptimes: 1496
tot_uptimes_duration: 89742.54015996511
