comms_cons: 577.0879488671385
finished_reconf: true
global_termination_time: 5840763.392
local_termination_time: 3628565.5078799985
node_cons: 120122.34705654898
tot_aggregated_send: 81374
tot_msg_rcv: 2228
tot_msg_sent: 4112
tot_reconf_duration: 9.42
tot_sleeping_duration: 5751062.454960006
tot_uptimes: 1496
tot_uptimes_duration: 89700.93703999417
