comms_cons: 583.9688192861652
finished_reconf: true
global_termination_time: 5840904.35
local_termination_time: 686139.28236
node_cons: 120112.54205716024
tot_aggregated_send: 81200
tot_msg_rcv: 2557
tot_msg_sent: 5003
tot_reconf_duration: 3.05
tot_sleeping_duration: 5751204.275200026
tot_uptimes: 1496
tot_uptimes_duration: 89700.07479997305
