comms_cons: 144.59765758982746
finished_reconf: true
global_termination_time: 1426232.455
local_termination_time: 30403.66148000001
node_cons: 29328.30702894391
tot_aggregated_send: 19488
tot_msg_rcv: 794
tot_msg_sent: 1696
tot_reconf_duration: 3.05
tot_sleeping_duration: 1404332.406360012
tot_uptimes: 366
tot_uptimes_duration: 21900.048639987945
