comms_cons: 462.12348810503283
finished_reconf: true
global_termination_time: 4610280.847
local_termination_time: 328516.93036
node_cons: 94809.81779228864
tot_aggregated_send: 64496
tot_msg_rcv: 1791
tot_msg_sent: 3952
tot_reconf_duration: 6.279999999999999
tot_sleeping_duration: 4539480.780120022
tot_uptimes: 1181
tot_uptimes_duration: 70800.06687997858
