comms_cons: 462.36963847959163
finished_reconf: true
global_termination_time: 4610316.697
local_termination_time: 56519.983160000156
node_cons: 94808.87803564868
tot_aggregated_send: 64612
tot_msg_rcv: 1824
tot_msg_sent: 3840
tot_reconf_duration: 5.57
tot_sleeping_duration: 4539516.611880021
tot_uptimes: 1181
tot_uptimes_duration: 70800.08511997858
