comms_cons: 460.30289925085015
finished_reconf: true
global_termination_time: 4609140.946
local_termination_time: 344780.578
node_cons: 94821.29442421313
tot_aggregated_send: 63735
tot_msg_rcv: 2117
tot_msg_sent: 4112
tot_reconf_duration: 13.17
tot_sleeping_duration: 4538339.295840018
tot_uptimes: 1181
tot_uptimes_duration: 70801.65015998192
