comms_cons: 457.6529856652425
finished_reconf: true
global_termination_time: 4611280.156
local_termination_time: 835108.6763599998
node_cons: 94812.23506670386
tot_aggregated_send: 62872
tot_msg_rcv: 2212
tot_msg_sent: 4475
tot_reconf_duration: 8.09
tot_sleeping_duration: 4540480.11952001
tot_uptimes: 1181
tot_uptimes_duration: 70800.03647998994
