comms_cons: 459.81354248445376
finished_reconf: true
global_termination_time: 4610947.432
local_termination_time: 1832111.7613600001
node_cons: 94826.62716446588
tot_aggregated_send: 63858
tot_msg_rcv: 1877
tot_msg_sent: 4151
tot_reconf_duration: 18.700000000000003
tot_sleeping_duration: 4540147.407680009
tot_uptimes: 1181
tot_uptimes_duration: 70800.02431999124
