comms_cons: 467.7261185032396
finished_reconf: true
global_termination_time: 4608700.264
local_termination_time: 1626258.6313599998
node_cons: 94890.06817116754
tot_aggregated_send: 63916
tot_msg_rcv: 2583
tot_msg_sent: 4590
tot_reconf_duration: 6.22
tot_sleeping_duration: 4537840.203200023
tot_uptimes: 1181
tot_uptimes_duration: 70860.06079997774
