comms_cons: 17.849996799947245
finished_reconf: true
global_termination_time: 13709.514240000002
local_termination_time: 2451.8370400000013
node_cons: 2431.00539908004
tot_aggregated_send: 0
tot_msg_rcv: 1286
tot_msg_sent: 1426
tot_reconf_duration: 4.390000000000001
tot_sleeping_duration: 11898.428519999972
tot_uptimes: 30
tot_uptimes_duration: 1811.08572000003
