comms_cons: 110.44894079351333
finished_reconf: true
global_termination_time: 1100392.088
local_termination_time: 115039.79635999996
node_cons: 22581.534184471962
tot_aggregated_send: 15370
tot_msg_rcv: 492
tot_msg_sent: 925
tot_reconf_duration: 4.390000000000001
tot_sleeping_duration: 1083532.063680006
tot_uptimes: 282
tot_uptimes_duration: 16860.024319993972
