comms_cons: 109.17587199359332
finished_reconf: true
global_termination_time: 1093994.8845999998
local_termination_time: 1093994.8434799998
node_cons: 22547.039283988528
tot_aggregated_send: 15356
tot_msg_rcv: 354
tot_msg_sent: 884
tot_reconf_duration: 24.59
tot_sleeping_duration: 1077181.1086000083
tot_uptimes: 281
tot_uptimes_duration: 16813.775999991398
