comms_cons: 0.6579199999996488
finished_reconf: true
global_termination_time: 4965.437
local_termination_time: 968.8843599999999
node_cons: 111.09869999999998
tot_aggregated_send: 0
tot_msg_rcv: 63
tot_msg_sent: 37
tot_reconf_duration: 22.65
tot_sleeping_duration: 4905.437
tot_uptimes: 2
tot_uptimes_duration: 60.0
