comms_cons: 0.7237120000016137
finished_reconf: true
global_termination_time: 6321.816000000001
local_termination_time: 1707.6643600000002
node_cons: 93.13236000000009
tot_aggregated_send: 0
tot_msg_rcv: 60
tot_msg_sent: 50
tot_reconf_duration: 9.42
tot_sleeping_duration: 6261.816000000001
tot_uptimes: 2
tot_uptimes_duration: 60.00000000000091
