comms_cons: 179.2200127949933
finished_reconf: true
global_termination_time: 1808836.01
local_termination_time: 471093.76936000003
node_cons: 37205.948239999816
tot_aggregated_send: 26216
tot_msg_rcv: 391
tot_msg_sent: 633
tot_reconf_duration: 6.279999999999999
tot_sleeping_duration: 1781056.01
tot_uptimes: 464
tot_uptimes_duration: 27780.0
