comms_cons: 525.5732091763829
finished_reconf: true
global_termination_time: 1808691.0814399996
local_termination_time: 1808691.0403199997
node_cons: 73511.27723615835
tot_aggregated_send: 0
tot_msg_rcv: 26865
tot_msg_sent: 53017
tot_reconf_duration: 24.59
tot_sleeping_duration: 1753815.8879999996
tot_uptimes: 909
tot_uptimes_duration: 54875.19343999996
