comms_cons: 662.303001706596
finished_reconf: true
global_termination_time: 6654667.156359998
local_termination_time: 6654667.156359998
node_cons: 137038.85492638752
tot_aggregated_send: 95210
tot_msg_rcv: 1801
tot_msg_sent: 3656
tot_reconf_duration: 37.410000000000004
tot_sleeping_duration: 6552360.9187600035
tot_uptimes: 1705
tot_uptimes_duration: 102306.23759999423
