comms_cons: 661.4698113368476
finished_reconf: true
global_termination_time: 6658255.295
local_termination_time: 2642360.6143599995
node_cons: 137014.098105581
tot_aggregated_send: 92684
tot_msg_rcv: 2632
tot_msg_sent: 5220
tot_reconf_duration: 25.299999999999997
tot_sleeping_duration: 6555955.264600011
tot_uptimes: 1706
tot_uptimes_duration: 102300.03039998934
