comms_cons: 669.3691457745291
finished_reconf: true
global_termination_time: 6657145.872
local_termination_time: 291183.51704000036
node_cons: 136930.22453451753
tot_aggregated_send: 92568
tot_msg_rcv: 3024
tot_msg_sent: 6145
tot_reconf_duration: 22.65
tot_sleeping_duration: 6554905.792960029
tot_uptimes: 1705
tot_uptimes_duration: 102240.07903997158
