comms_cons: 650.0680192700299
finished_reconf: true
global_termination_time: 6657422.578
local_termination_time: 2794043.751319999
node_cons: 136912.18492446464
tot_aggregated_send: 93206
tot_msg_rcv: 1844
tot_msg_sent: 3756
tot_reconf_duration: 9.42
tot_sleeping_duration: 6555182.553680008
tot_uptimes: 1705
tot_uptimes_duration: 102240.02431999147
