comms_cons: 666.8354433658128
finished_reconf: true
global_termination_time: 6658472.998
local_termination_time: 1988827.36536
node_cons: 136990.3846889328
tot_aggregated_send: 92626
tot_msg_rcv: 2884
tot_msg_sent: 5846
tot_reconf_duration: 7.819999999999999
tot_sleeping_duration: 6556172.949360017
tot_uptimes: 1706
tot_uptimes_duration: 102300.04863998294
