comms_cons: 134.3037183938544
finished_reconf: true
global_termination_time: 1338134.3435999998
local_termination_time: 1338134.3024799998
node_cons: 27528.143707351406
tot_aggregated_send: 18720
tot_msg_rcv: 572
tot_msg_sent: 1123
tot_reconf_duration: 24.59
tot_sleeping_duration: 1317600.5493600063
tot_uptimes: 343
tot_uptimes_duration: 20533.794239993542
