comms_cons: 132.28922879637386
finished_reconf: true
global_termination_time: 1338804.721
local_termination_time: 864519.6203599998
node_cons: 27497.111719999997
tot_aggregated_send: 19314
tot_msg_rcv: 285
tot_msg_sent: 508
tot_reconf_duration: 15.34
tot_sleeping_duration: 1318284.721
tot_uptimes: 343
tot_uptimes_duration: 20520.0
