comms_cons: 132.8011519972711
finished_reconf: true
global_termination_time: 1340582.356
local_termination_time: 514565.6010400008
node_cons: 27564.18406000005
tot_aggregated_send: 19256
tot_msg_rcv: 296
tot_msg_sent: 633
tot_reconf_duration: 5.57
tot_sleeping_duration: 1320002.356
tot_uptimes: 344
tot_uptimes_duration: 20580.0
