comms_cons: 390.7077629391468
finished_reconf: true
global_termination_time: 1338857.42
local_termination_time: 692283.1275999999
node_cons: 54825.97747199903
tot_aggregated_send: 0
tot_msg_rcv: 19835
tot_msg_sent: 39550
tot_reconf_duration: 13.17
tot_sleeping_duration: 1297925.3120000002
tot_uptimes: 679
tot_uptimes_duration: 40932.10799999989
