comms_cons: 135.2965503904704
finished_reconf: true
global_termination_time: 1338260.556
local_termination_time: 349947.84836
node_cons: 27482.298607822406
tot_aggregated_send: 18444
tot_msg_rcv: 721
tot_msg_sent: 1401
tot_reconf_duration: 4.390000000000001
tot_sleeping_duration: 1317740.5134400132
tot_uptimes: 343
tot_uptimes_duration: 20520.042559986876
