comms_cons: 748.754406486592
finished_reconf: true
global_termination_time: 2572253.758
local_termination_time: 560337.9095999998
node_cons: 104744.22418799724
tot_aggregated_send: 0
tot_msg_rcv: 38232
tot_msg_sent: 75574
tot_reconf_duration: 13.17
tot_sleeping_duration: 2494041.4059999995
tot_uptimes: 1294
tot_uptimes_duration: 78212.35200000013
