comms_cons: 254.64012159897916
finished_reconf: true
global_termination_time: 2575263.128
local_termination_time: 572680.9809599987
node_cons: 52948.24263999912
tot_aggregated_send: 37004
tot_msg_rcv: 483
tot_msg_sent: 1216
tot_reconf_duration: 3.08
tot_sleeping_duration: 2535723.128
tot_uptimes: 660
tot_uptimes_duration: 39540.0
