comms_cons: 254.57459200573584
finished_reconf: true
global_termination_time: 2572507.366
local_termination_time: 1542892.26536
node_cons: 52880.883001837145
tot_aggregated_send: 37120
tot_msg_rcv: 540
tot_msg_sent: 1034
tot_reconf_duration: 12.629999999999999
tot_sleeping_duration: 2533027.357440002
tot_uptimes: 659
tot_uptimes_duration: 39480.00855999836
