comms_cons: 39.16660480080692
finished_reconf: true
global_termination_time: 368316.02156000066
local_termination_time: 368315.98044000065
node_cons: 7650.245123445814
tot_aggregated_send: 4394
tot_msg_rcv: 463
tot_msg_sent: 1096
tot_reconf_duration: 24.59
tot_sleeping_duration: 362627.5585999963
tot_uptimes: 95
tot_uptimes_duration: 5688.462960004326
