comms_cons: 38.23235840102406
finished_reconf: true
global_termination_time: 370128.595
local_termination_time: 201056.18836000003
node_cons: 7562.57955999998
tot_aggregated_send: 4872
tot_msg_rcv: 365
tot_msg_sent: 575
tot_reconf_duration: 7.819999999999999
tot_sleeping_duration: 364488.595
tot_uptimes: 95
tot_uptimes_duration: 5640.0
