comms_cons: 25.974681600338307
finished_reconf: true
global_termination_time: 261739.79
local_termination_time: 166142.8758800004
node_cons: 5393.399559999974
tot_aggregated_send: 3712
tot_msg_rcv: 69
tot_msg_sent: 167
tot_reconf_duration: 7.819999999999999
tot_sleeping_duration: 257719.79
tot_uptimes: 68
tot_uptimes_duration: 4020.0
