comms_cons: 44.69250560295308
finished_reconf: true
global_termination_time: 264787.538
local_termination_time: 6211.750360000001
node_cons: 5391.226760000005
tot_aggregated_send: 0
tot_msg_rcv: 3427
tot_msg_sent: 3366
tot_reconf_duration: 6.22
tot_sleeping_duration: 260767.538
tot_uptimes: 68
tot_uptimes_duration: 4020.0
