comms_cons: 92.34565119854364
finished_reconf: true
global_termination_time: 940595.192
local_termination_time: 459390.3133600001
node_cons: 19302.431720000062
tot_aggregated_send: 13340
tot_msg_rcv: 302
tot_msg_sent: 394
tot_reconf_duration: 15.34
tot_sleeping_duration: 926195.192
tot_uptimes: 241
tot_uptimes_duration: 14400.0
