comms_cons: 92.154854398378
finished_reconf: true
global_termination_time: 940534.892
local_termination_time: 441371.6663600001
node_cons: 19289.16406000004
tot_aggregated_send: 13282
tot_msg_rcv: 206
tot_msg_sent: 519
tot_reconf_duration: 5.57
tot_sleeping_duration: 926134.892
tot_uptimes: 241
tot_uptimes_duration: 14400.0
