comms_cons: 92.87848959780223
finished_reconf: true
global_termination_time: 939136.61
local_termination_time: 589908.9701999987
node_cons: 19288.131980000104
tot_aggregated_send: 13514
tot_msg_rcv: 201
tot_msg_sent: 401
tot_reconf_duration: 4.8100000000000005
tot_sleeping_duration: 924736.61
tot_uptimes: 241
tot_uptimes_duration: 14400.0
