comms_cons: 92.78028799952605
finished_reconf: true
global_termination_time: 942582.871
local_termination_time: 720796.6847999995
node_cons: 19367.901620000048
tot_aggregated_send: 13688
tot_msg_rcv: 127
tot_msg_sent: 286
tot_reconf_duration: 4.390000000000001
tot_sleeping_duration: 928122.871
tot_uptimes: 242
tot_uptimes_duration: 14460.0
