comms_cons: 92.34565119946186
finished_reconf: true
global_termination_time: 938025.0024799998
local_termination_time: 938024.9613599998
node_cons: 19333.359800962688
tot_aggregated_send: 13674
tot_msg_rcv: 121
tot_msg_sent: 240
tot_reconf_duration: 24.59
tot_sleeping_duration: 923611.2858399978
tot_uptimes: 241
tot_uptimes_duration: 14413.716640001978
