comms_cons: 213.74407678358222
finished_reconf: true
global_termination_time: 2140018.163
local_termination_time: 771801.0879199994
node_cons: 44057.10312335009
tot_aggregated_send: 30160
tot_msg_rcv: 861
tot_msg_sent: 1467
tot_reconf_duration: 22.65
tot_sleeping_duration: 2107138.144760007
tot_uptimes: 549
tot_uptimes_duration: 32880.0182399929
