comms_cons: 211.2609983888363
finished_reconf: true
global_termination_time: 2138410.958
local_termination_time: 868322.9163599999
node_cons: 43951.982325583755
tot_aggregated_send: 30334
tot_msg_rcv: 547
tot_msg_sent: 1229
tot_reconf_duration: 4.390000000000001
tot_sleeping_duration: 2105590.927600012
tot_uptimes: 548
tot_uptimes_duration: 32820.03039998817
