comms_cons: 123.39560319325676
finished_reconf: true
global_termination_time: 706066.78
local_termination_time: 263625.66572000005
node_cons: 14469.760804485702
tot_aggregated_send: 0
tot_msg_rcv: 9638
tot_msg_sent: 9115
tot_reconf_duration: 6.279999999999999
tot_sleeping_duration: 695266.7556799958
tot_uptimes: 181
tot_uptimes_duration: 10800.024320004275
