comms_cons: 528.8171455745656
finished_reconf: true
global_termination_time: 706066.78
local_termination_time: 263625.9246000001
node_cons: 70231.47229866819
tot_aggregated_send: 0
tot_msg_rcv: 36445
tot_msg_sent: 43933
tot_reconf_duration: 5.57
tot_sleeping_duration: 653621.740239978
tot_uptimes: 847
tot_uptimes_duration: 52445.039760022075
