comms_cons: 70.03144959945206
finished_reconf: true
global_termination_time: 710393.49
local_termination_time: 299271.12124000094
node_cons: 14558.957053361251
tot_aggregated_send: 9396
tot_msg_rcv: 386
tot_msg_sent: 863
tot_reconf_duration: 9.11
tot_sleeping_duration: 699529.721759999
tot_uptimes: 182
tot_uptimes_duration: 10863.768240000933
