comms_cons: 70.55806079850618
finished_reconf: true
global_termination_time: 709690.933
local_termination_time: 328204.48348000005
node_cons: 14562.083803359696
tot_aggregated_send: 9454
tot_msg_rcv: 405
tot_msg_sent: 865
tot_reconf_duration: 15.110000000000001
tot_sleeping_duration: 698830.9147600002
tot_uptimes: 182
tot_uptimes_duration: 10860.018239999772
