comms_cons: 71.93784319928614
finished_reconf: true
global_termination_time: 710035.497
local_termination_time: 328656.65148000006
node_cons: 14572.339405607205
tot_aggregated_send: 9570
tot_msg_rcv: 448
tot_msg_sent: 915
tot_reconf_duration: 22.65
tot_sleeping_duration: 699175.4665999946
tot_uptimes: 182
tot_uptimes_duration: 10860.030400005344
