comms_cons: 68.80325119994218
finished_reconf: true
global_termination_time: 709281.435
local_termination_time: 505873.32736000005
node_cons: 14558.707822238292
tot_aggregated_send: 9570
tot_msg_rcv: 272
tot_msg_sent: 616
tot_reconf_duration: 12.629999999999999
tot_sleeping_duration: 698421.4228400014
tot_uptimes: 182
tot_uptimes_duration: 10860.012159998703
