comms_cons: 71.23362559900886
finished_reconf: true
global_termination_time: 708998.361
local_termination_time: 443357.03148000006
node_cons: 14548.112685602573
tot_aggregated_send: 9396
tot_msg_rcv: 439
tot_msg_sent: 993
tot_reconf_duration: 4.8100000000000005
tot_sleeping_duration: 698138.3305999981
tot_uptimes: 182
tot_uptimes_duration: 10860.03040000191
