comms_cons: 116.39823359377313
finished_reconf: true
global_termination_time: 1158110.637
local_termination_time: 777307.3923599999
node_cons: 23815.021823350595
tot_aggregated_send: 15950
tot_msg_rcv: 558
tot_msg_sent: 1184
tot_reconf_duration: 25.299999999999997
tot_sleeping_duration: 1140350.6187600072
tot_uptimes: 297
tot_uptimes_duration: 17760.018239992904
