comms_cons: 116.13603839457409
finished_reconf: true
global_termination_time: 1157250.449
local_termination_time: 654961.6383599999
node_cons: 23801.183803350516
tot_aggregated_send: 16182
tot_msg_rcv: 493
tot_msg_sent: 977
tot_reconf_duration: 15.110000000000001
tot_sleeping_duration: 1139490.4307600071
tot_uptimes: 297
tot_uptimes_duration: 17760.018239992904
