comms_cons: 115.92550399272426
finished_reconf: true
global_termination_time: 1158636.425
local_termination_time: 428524.45836000005
node_cons: 23791.292124467374
tot_aggregated_send: 16124
tot_msg_rcv: 510
tot_msg_sent: 986
tot_reconf_duration: 7.819999999999999
tot_sleeping_duration: 1140876.4006800095
tot_uptimes: 297
tot_uptimes_duration: 17760.024319990538
