comms_cons: 33.968409600040054
finished_reconf: true
global_termination_time: 361495.432
local_termination_time: 21067.14836
node_cons: 7401.907701120299
tot_aggregated_send: 4930
tot_msg_rcv: 63
tot_msg_sent: 170
tot_reconf_duration: 7.819999999999999
tot_sleeping_duration: 355975.4259199998
tot_uptimes: 93
tot_uptimes_duration: 5520.0060800002175
