comms_cons: 159.49359361756026
finished_reconf: true
global_termination_time: 329595.4815200005
local_termination_time: 2722.7700400000012
node_cons: 20056.809222000957
tot_aggregated_send: 0
tot_msg_rcv: 9805
tot_msg_sent: 14437
tot_reconf_duration: 18.21
tot_sleeping_duration: 314635.00351999985
tot_uptimes: 245
tot_uptimes_duration: 14960.478000000692
