comms_cons: 33.69866240024809
finished_reconf: true
global_termination_time: 334690.205
local_termination_time: 53104.01036000001
node_cons: 6839.527701119158
tot_aggregated_send: 4524
tot_msg_rcv: 196
tot_msg_sent: 402
tot_reconf_duration: 7.819999999999999
tot_sleeping_duration: 329590.1989200007
tot_uptimes: 86
tot_uptimes_duration: 5100.006079999366
