comms_cons: 644.5854268235594
finished_reconf: true
global_termination_time: 2213256.9735999997
local_termination_time: 2213256.9324799995
node_cons: 90315.12222239721
tot_aggregated_send: 0
tot_msg_rcv: 32830
tot_msg_sent: 65142
tot_reconf_duration: 24.59
tot_sleeping_duration: 2145832.2319999994
tot_uptimes: 1114
tot_uptimes_duration: 67424.74159999992
