comms_cons: 223.51795837723742
finished_reconf: true
global_termination_time: 2213257.928119994
local_termination_time: 91002.30783999992
node_cons: 45516.40501084429
tot_aggregated_send: 30276
tot_msg_rcv: 1190
tot_msg_sent: 2507
tot_reconf_duration: 4.390000000000001
tot_sleeping_duration: 2179269.5462000202
tot_uptimes: 567
tot_uptimes_duration: 33988.381919973704
