comms_cons: 1.0000383999966977
finished_reconf: true
global_termination_time: 6780.43
local_termination_time: 2475.1963600000004
node_cons: 84.5226399999999
tot_aggregated_send: 0
tot_msg_rcv: 92
tot_msg_sent: 58
tot_reconf_duration: 3.08
tot_sleeping_duration: 6720.43
tot_uptimes: 2
tot_uptimes_duration: 60.0
