comms_cons: 34.106572800280965
finished_reconf: true
global_termination_time: 344021.556
local_termination_time: 246657.87836000003
node_cons: 7080.539559999979
tot_aggregated_send: 4988
tot_msg_rcv: 87
tot_msg_sent: 109
tot_reconf_duration: 7.819999999999999
tot_sleeping_duration: 338741.556
tot_uptimes: 89
tot_uptimes_duration: 5280.0
