comms_cons: 71.8909184009462
finished_reconf: true
global_termination_time: 728609.857
local_termination_time: 629505.6433599999
node_cons: 14949.2179022429
tot_aggregated_send: 10150
tot_msg_rcv: 246
tot_msg_sent: 531
tot_reconf_duration: 4.390000000000001
tot_sleeping_duration: 717449.8448399978
tot_uptimes: 187
tot_uptimes_duration: 11160.012160002138
