comms_cons: 73.76661759736072
finished_reconf: true
global_termination_time: 729403.48
local_termination_time: 312033.34312000044
node_cons: 14950.654645597968
tot_aggregated_send: 10034
tot_msg_rcv: 422
tot_msg_sent: 756
tot_reconf_duration: 5.43
tot_sleeping_duration: 718243.4496000016
tot_uptimes: 187
tot_uptimes_duration: 11160.030399998475
