comms_cons: 148.34842879826266
finished_reconf: true
global_termination_time: 1514199.111
local_termination_time: 7304.411
node_cons: 31097.11520112148
tot_aggregated_send: 21920
tot_msg_rcv: 209
tot_msg_sent: 419
tot_reconf_duration: 4.07
tot_sleeping_duration: 1490979.104919999
tot_uptimes: 388
tot_uptimes_duration: 23220.00608000107
