comms_cons: 277.37214720164536
finished_reconf: true
global_termination_time: 2807844.267
local_termination_time: 2815.87612
node_cons: 57851.67414781743
tot_aggregated_send: 39382
tot_msg_rcv: 950
tot_msg_sent: 1828
tot_reconf_duration: 5.02
tot_sleeping_duration: 2764644.2244400163
tot_uptimes: 720
tot_uptimes_duration: 43200.04255998391
