comms_cons: 279.2135488087458
finished_reconf: true
global_termination_time: 2807783.353
local_termination_time: 4118.263
node_cons: 57850.40033005601
tot_aggregated_send: 39726
tot_msg_rcv: 902
tot_msg_sent: 1810
tot_reconf_duration: 4.07
tot_sleeping_duration: 2764583.2982800175
tot_uptimes: 720
tot_uptimes_duration: 43200.05471998284
