comms_cons: 262.12744962555314
finished_reconf: true
global_termination_time: 546748.582
local_termination_time: 1360.8276000000005
node_cons: 32772.31384148577
tot_aggregated_send: 0
tot_msg_rcv: 16223
tot_msg_sent: 23617
tot_reconf_duration: 18.21
tot_sleeping_duration: 522291.8346799958
tot_uptimes: 403
tot_uptimes_duration: 24456.747320004273
