comms_cons: 107.90574081097925
finished_reconf: true
global_termination_time: 548077.417
local_termination_time: 6486.529120000001
node_cons: 11278.366841121446
tot_aggregated_send: 0
tot_msg_rcv: 8299
tot_msg_sent: 8104
tot_reconf_duration: 22.65
tot_sleeping_duration: 539677.4109199989
tot_uptimes: 141
tot_uptimes_duration: 8400.006080001069
