comms_cons: 97.67480320112419
finished_reconf: true
global_termination_time: 998603.9952400002
local_termination_time: 91766.70547999996
node_cons: 20543.405327643297
tot_aggregated_send: 13862
tot_msg_rcv: 283
tot_msg_sent: 700
tot_reconf_duration: 4.8100000000000005
tot_sleeping_duration: 983266.5244799977
tot_uptimes: 256
tot_uptimes_duration: 15337.470760002441
