comms_cons: 98.31956479994962
finished_reconf: true
global_termination_time: 1000436.467
local_termination_time: 247062.25212000046
node_cons: 20571.198182242875
tot_aggregated_send: 13398
tot_msg_rcv: 539
tot_msg_sent: 1007
tot_reconf_duration: 3.05
tot_sleeping_duration: 985076.4548399978
tot_uptimes: 257
tot_uptimes_duration: 15360.012160002138
