comms_cons: 9.435199999968685
finished_reconf: true
global_termination_time: 81417.835
local_termination_time: 45684.499480000006
node_cons: 1627.6561433596119
tot_aggregated_send: 522
tot_msg_rcv: 320
tot_msg_sent: 592
tot_reconf_duration: 15.34
tot_sleeping_duration: 80217.81676000029
tot_uptimes: 21
tot_uptimes_duration: 1200.0182399997138
