comms_cons: 9.500992000030525
finished_reconf: true
global_termination_time: 77218.951
local_termination_time: 47398.70036000002
node_cons: 1537.4543611202948
tot_aggregated_send: 522
tot_msg_rcv: 382
tot_msg_sent: 541
tot_reconf_duration: 8.09
tot_sleeping_duration: 76078.94491999979
tot_uptimes: 20
tot_uptimes_duration: 1140.0060800002175
