comms_cons: 10.469388800021273
finished_reconf: true
global_termination_time: 78104.742
local_termination_time: 39402.32148000001
node_cons: 1619.187662240583
tot_aggregated_send: 406
tot_msg_rcv: 486
tot_msg_sent: 701
tot_reconf_duration: 9.11
tot_sleeping_duration: 76904.72983999956
tot_uptimes: 21
tot_uptimes_duration: 1200.012160000435
