comms_cons: 10.614758400089755
finished_reconf: true
global_termination_time: 77749.927
local_termination_time: 40302.28476000008
node_cons: 1537.095842240582
tot_aggregated_send: 290
tot_msg_rcv: 516
tot_msg_sent: 809
tot_reconf_duration: 7.819999999999999
tot_sleeping_duration: 76609.91483999956
tot_uptimes: 20
tot_uptimes_duration: 1140.012160000435
