comms_cons: 83.85779199672808
finished_reconf: true
global_termination_time: 830220.4814799998
local_termination_time: 830220.4403599999
node_cons: 17101.275819605464
tot_aggregated_send: 11400
tot_msg_rcv: 460
tot_msg_sent: 886
tot_reconf_duration: 37.410000000000004
tot_sleeping_duration: 817486.7450799958
tot_uptimes: 213
tot_uptimes_duration: 12733.736400004054
