comms_cons: 82.0163072005086
finished_reconf: true
global_termination_time: 830379.34
local_termination_time: 409559.71599999996
node_cons: 17070.703454004317
tot_aggregated_send: 11252
tot_msg_rcv: 352
tot_msg_sent: 862
tot_reconf_duration: 25.299999999999997
tot_sleeping_duration: 817656.1539999967
tot_uptimes: 213
tot_uptimes_duration: 12723.186000003217
