comms_cons: 86.64561279057338
finished_reconf: true
global_termination_time: 833958.513
local_termination_time: 393046.6335200004
node_cons: 17116.651486714836
tot_aggregated_send: 10614
tot_msg_rcv: 810
tot_msg_sent: 1746
tot_reconf_duration: 3.08
tot_sleeping_duration: 821178.4765200039
tot_uptimes: 214
tot_uptimes_duration: 12780.03647999611
