comms_cons: 85.22037759533791
finished_reconf: true
global_termination_time: 832089.509
local_termination_time: 554779.7793599998
node_cons: 17127.29824111679
tot_aggregated_send: 11194
tot_msg_rcv: 608
tot_msg_sent: 1151
tot_reconf_duration: 10.95
tot_sleeping_duration: 819309.5029200023
tot_uptimes: 214
tot_uptimes_duration: 12780.006079997635
