comms_cons: 82.8847615973376
finished_reconf: true
global_termination_time: 833371.885
local_termination_time: 463101.5882800008
node_cons: 17128.58019999998
tot_aggregated_send: 11716
tot_msg_rcv: 255
tot_msg_sent: 627
tot_reconf_duration: 11.899999999999999
tot_sleeping_duration: 820591.885
tot_uptimes: 214
tot_uptimes_duration: 12780.0
