comms_cons: 52.87765760140128
finished_reconf: true
global_termination_time: 509893.673
local_termination_time: 135840.07856000023
node_cons: 10474.99940560716
tot_aggregated_send: 6496
tot_msg_rcv: 513
tot_msg_sent: 1028
tot_reconf_duration: 22.65
tot_sleeping_duration: 502093.64259999467
tot_uptimes: 131
tot_uptimes_duration: 7800.030400005344
