comms_cons: 439.55413126368364
finished_reconf: true
global_termination_time: 509001.404360001
local_termination_time: 509001.404360001
node_cons: 50715.19246348613
tot_aggregated_send: 0
tot_msg_rcv: 30223
tot_msg_sent: 36582
tot_reconf_duration: 37.410000000000004
tot_sleeping_duration: 471163.92139996606
tot_uptimes: 609
tot_uptimes_duration: 37837.48296003492
