comms_cons: 101.7856448147955
finished_reconf: true
global_termination_time: 510363.041
local_termination_time: 3443.26136
node_cons: 10451.150223359748
tot_aggregated_send: 0
tot_msg_rcv: 7923
tot_msg_sent: 7548
tot_reconf_duration: 5.1
tot_sleeping_duration: 502563.0227600002
tot_uptimes: 131
tot_uptimes_duration: 7800.018239999801
