comms_cons: 52.1266560009413
finished_reconf: true
global_termination_time: 514493.568
local_termination_time: 12583.702479999998
node_cons: 10531.970927846607
tot_aggregated_send: 6786
tot_msg_rcv: 321
tot_msg_sent: 815
tot_reconf_duration: 5.43
tot_sleeping_duration: 506633.5254399951
tot_uptimes: 132
tot_uptimes_duration: 7860.0425600049275
