comms_cons: 444.59790088726817
finished_reconf: true
global_termination_time: 4400357.817
local_termination_time: 2559114.219
node_cons: 90493.631264466
tot_aggregated_send: 61246
tot_msg_rcv: 2284
tot_msg_sent: 4049
tot_reconf_duration: 22.65
tot_sleeping_duration: 4332797.792680008
tot_uptimes: 1127
tot_uptimes_duration: 67560.02431999147
