comms_cons: 441.687923247218
finished_reconf: true
global_termination_time: 4399875.895
local_termination_time: 174527.19636000006
node_cons: 90480.81441228859
tot_aggregated_send: 61538
tot_msg_rcv: 1878
tot_msg_sent: 3717
tot_reconf_duration: 13.17
tot_sleeping_duration: 4332315.828120021
tot_uptimes: 1127
tot_uptimes_duration: 67560.06687997835
