comms_cons: 442.5887872679964
finished_reconf: true
global_termination_time: 4399024.832
local_termination_time: 1064397.50736
node_cons: 90470.2627866997
tot_aggregated_send: 61248
tot_msg_rcv: 1958
tot_msg_sent: 4064
tot_reconf_duration: 5.43
tot_sleeping_duration: 4331464.795520014
tot_uptimes: 1127
tot_uptimes_duration: 67560.03647998674
