comms_cons: 11.059635199996361
finished_reconf: true
global_termination_time: 111588.601
local_termination_time: 72019.27135999998
node_cons: 2264.8789800000163
tot_aggregated_send: 1392
tot_msg_rcv: 108
tot_msg_sent: 181
tot_reconf_duration: 11.31
tot_sleeping_duration: 109908.601
tot_uptimes: 29
tot_uptimes_duration: 1680.0
