comms_cons: 409.31303665205445
finished_reconf: true
global_termination_time: 896929.641
local_termination_time: 335246.82752000086
node_cons: 54413.80204123349
tot_aggregated_send: 0
tot_msg_rcv: 25136
tot_msg_sent: 37077
tot_reconf_duration: 18.21
tot_sleeping_duration: 856310.4678400041
tot_uptimes: 673
tot_uptimes_duration: 40619.17315999576
