comms_cons: 167.15018233947995
finished_reconf: true
global_termination_time: 896929.641
local_termination_time: 339435.29436000006
node_cons: 18428.643123350554
tot_aggregated_send: 0
tot_msg_rcv: 12859
tot_msg_sent: 12546
tot_reconf_duration: 22.65
tot_sleeping_duration: 883189.622760007
tot_uptimes: 230
tot_uptimes_duration: 13740.018239992904
