comms_cons: 92.3352255964783
finished_reconf: true
global_termination_time: 901090.247
local_termination_time: 88248.65187999974
node_cons: 18489.235066724003
tot_aggregated_send: 11774
tot_msg_rcv: 739
tot_msg_sent: 1521
tot_reconf_duration: 8.09
tot_sleeping_duration: 887290.210519997
tot_uptimes: 231
tot_uptimes_duration: 13800.036480002975
