comms_cons: 92.50355199403599
finished_reconf: true
global_termination_time: 897713.41
local_termination_time: 361577.64736
node_cons: 18423.319728948416
tot_aggregated_send: 12006
tot_msg_rcv: 786
tot_msg_sent: 1268
tot_reconf_duration: 18.700000000000003
tot_sleeping_duration: 883973.3613600087
tot_uptimes: 230
tot_uptimes_duration: 13740.048639991379
