comms_cons: 93.27297279236122
finished_reconf: true
global_termination_time: 900164.655
local_termination_time: 314955.99836
node_cons: 18486.71188894844
tot_aggregated_send: 11600
tot_msg_rcv: 894
tot_msg_sent: 1683
tot_reconf_duration: 6.22
tot_sleeping_duration: 886364.6063600086
tot_uptimes: 231
tot_uptimes_duration: 13800.048639991379
