comms_cons: 257.2132735866018
finished_reconf: true
global_termination_time: 2547559.954
local_termination_time: 481015.38396000006
node_cons: 52387.657902232786
tot_aggregated_send: 35322
tot_msg_rcv: 1406
tot_msg_sent: 2366
tot_reconf_duration: 4.390000000000001
tot_sleeping_duration: 2508439.9418400046
tot_uptimes: 653
tot_uptimes_duration: 39120.012159995254
