comms_cons: 38.876761601106246
finished_reconf: true
global_termination_time: 349802.1867200001
local_termination_time: 349802.1456000001
node_cons: 7202.170625925598
tot_aggregated_send: 3814
tot_msg_rcv: 730
tot_msg_sent: 1364
tot_reconf_duration: 24.59
tot_sleeping_duration: 344448.3574399959
tot_uptimes: 90
tot_uptimes_duration: 5353.829280004167
