comms_cons: 310.7537088296299
finished_reconf: true
global_termination_time: 3084606.8092399887
local_termination_time: 206447.12848000004
node_cons: 63484.8166749367
tot_aggregated_send: 42166
tot_msg_rcv: 1615
tot_msg_sent: 3449
tot_reconf_duration: 18.21
tot_sleeping_duration: 3037213.1666000052
tot_uptimes: 790
tot_uptimes_duration: 47393.64263998356
