comms_cons: 303.53457279239626
finished_reconf: true
global_termination_time: 3087766.212
local_termination_time: 1175905.0893599996
node_cons: 63472.76632334896
tot_aggregated_send: 43732
tot_msg_rcv: 765
tot_msg_sent: 1639
tot_reconf_duration: 3.05
tot_sleeping_duration: 3040366.193760007
tot_uptimes: 791
tot_uptimes_duration: 47400.0182399929
