comms_cons: 302.2359167888676
finished_reconf: true
global_termination_time: 3087627.537
local_termination_time: 1299177.38836
node_cons: 63479.23584223278
tot_aggregated_send: 43094
tot_msg_rcv: 872
tot_msg_sent: 1972
tot_reconf_duration: 7.819999999999999
tot_sleeping_duration: 3040227.5248400047
tot_uptimes: 791
tot_uptimes_duration: 47400.0121599955
