comms_cons: 298.84042240791
finished_reconf: true
global_termination_time: 3008904.544
local_termination_time: 1950032.3584799988
node_cons: 61879.6848599987
tot_aggregated_send: 43094
tot_msg_rcv: 773
tot_msg_sent: 1555
tot_reconf_duration: 13.17
tot_sleeping_duration: 2962704.544
tot_uptimes: 771
tot_uptimes_duration: 46200.0
