comms_cons: 303.1477120352517
finished_reconf: true
global_termination_time: 3005331.6494799997
local_termination_time: 3005331.6083599995
node_cons: 61833.29307101328
tot_aggregated_send: 41572
tot_msg_rcv: 1467
tot_msg_sent: 3037
tot_reconf_duration: 24.59
tot_sleeping_duration: 2959177.8781200186
tot_uptimes: 770
tot_uptimes_duration: 46153.771359981154
