comms_cons: 0.34211839999887167
finished_reconf: true
global_termination_time: 3456.164440000003
local_termination_time: 3437.6143600000005
node_cons: 97.29500616000445
tot_aggregated_send: 0
tot_msg_rcv: 39
tot_msg_sent: 12
tot_reconf_duration: 25.299999999999997
tot_sleeping_duration: 3409.161
tot_uptimes: 1
tot_uptimes_duration: 47.00344000000314
