comms_cons: 80.4181888004263
finished_reconf: true
global_termination_time: 810822.6024799999
local_termination_time: 810822.5613599999
node_cons: 16682.131659841252
tot_aggregated_send: 11528
tot_msg_rcv: 223
tot_msg_sent: 471
tot_reconf_duration: 24.59
tot_sleeping_duration: 798388.8919199989
tot_uptimes: 208
tot_uptimes_duration: 12433.710560000909
