comms_cons: 80.40440319842868
finished_reconf: true
global_termination_time: 814346.61
local_termination_time: 393879.0819200007
node_cons: 16756.33581911926
tot_aggregated_send: 10266
tot_msg_rcv: 684
tot_msg_sent: 1271
tot_reconf_duration: 25.299999999999997
tot_sleeping_duration: 801858.2019200005
tot_uptimes: 209
tot_uptimes_duration: 12488.40807999944
