comms_cons: 83.70778879885128
finished_reconf: true
global_termination_time: 844590.839
local_termination_time: 342742.13440000033
node_cons: 17361.89490111682
tot_aggregated_send: 12006
tot_msg_rcv: 244
tot_msg_sent: 474
tot_reconf_duration: 6.22
tot_sleeping_duration: 831630.8329200024
tot_uptimes: 217
tot_uptimes_duration: 12960.006079997635
