comms_cons: 162.26205434641955
finished_reconf: true
global_termination_time: 1533980.151
local_termination_time: 195577.54760000008
node_cons: 31499.844544481173
tot_aggregated_send: 0
tot_msg_rcv: 12530
tot_msg_sent: 12132
tot_reconf_duration: 4.8100000000000005
tot_sleeping_duration: 1510460.126679999
tot_uptimes: 393
tot_uptimes_duration: 23520.02432000084
