comms_cons: 100.42293761311488
finished_reconf: true
global_termination_time: 457334.8355200004
local_termination_time: 457334.79440000036
node_cons: 9487.645550187985
tot_aggregated_send: 0
tot_msg_rcv: 8394
tot_msg_sent: 6871
tot_reconf_duration: 37.410000000000004
tot_sleeping_duration: 450287.1560799795
tot_uptimes: 118
tot_uptimes_duration: 7047.679440020889
