comms_cons: 134.2202880178649
finished_reconf: true
global_termination_time: 457335.31216000044
local_termination_time: 644.7914799999992
node_cons: 18781.319066240572
tot_aggregated_send: 0
tot_msg_rcv: 6861
tot_msg_sent: 13537
tot_reconf_duration: 5.57
tot_sleeping_duration: 443314.58400000003
tot_uptimes: 232
tot_uptimes_duration: 14020.728160000406
