comms_cons: 45.23857920014813
finished_reconf: true
global_termination_time: 464272.104
local_termination_time: 62920.67736000001
node_cons: 9492.92050112144
tot_aggregated_send: 6728
tot_msg_rcv: 40
tot_msg_sent: 108
tot_reconf_duration: 9.42
tot_sleeping_duration: 457192.0979199989
tot_uptimes: 119
tot_uptimes_duration: 7080.006080001069
