comms_cons: 44.86419200027856
finished_reconf: true
global_termination_time: 460284.875
local_termination_time: 90764.94335999998
node_cons: 9415.14712112146
tot_aggregated_send: 6612
tot_msg_rcv: 43
tot_msg_sent: 164
tot_reconf_duration: 11.31
tot_sleeping_duration: 453264.86891999893
tot_uptimes: 118
tot_uptimes_duration: 7020.006080001069
