comms_cons: 15.2841088000132
finished_reconf: true
global_termination_time: 155677.163
local_termination_time: 60999.66184000012
node_cons: 3157.98918
tot_aggregated_send: 2146
tot_msg_rcv: 77
tot_msg_sent: 101
tot_reconf_duration: 18.21
tot_sleeping_duration: 153337.163
tot_uptimes: 40
tot_uptimes_duration: 2340.0
