comms_cons: 16.17167360021451
finished_reconf: true
global_termination_time: 152414.414
local_termination_time: 17238.90336
node_cons: 3164.0594056014593
tot_aggregated_send: 1856
tot_msg_rcv: 211
tot_msg_sent: 391
tot_reconf_duration: 22.65
tot_sleeping_duration: 150074.3835999989
tot_uptimes: 40
tot_uptimes_duration: 2340.0304000010874
