comms_cons: 15.270323199795971
finished_reconf: true
global_termination_time: 151854.20248000018
local_termination_time: 111811.16235999997
node_cons: 3079.3958498393863
tot_aggregated_send: 1972
tot_msg_rcv: 115
tot_msg_sent: 233
tot_reconf_duration: 4.390000000000001
tot_sleeping_duration: 149558.88192000065
tot_uptimes: 39
tot_uptimes_duration: 2295.3205599995417
