comms_cons: 15.1782144001506
finished_reconf: true
global_termination_time: 155523.478
local_termination_time: 6228.902
node_cons: 3142.058542080008
tot_aggregated_send: 2085
tot_msg_rcv: 48
tot_msg_sent: 174
tot_reconf_duration: 6.22
tot_sleeping_duration: 153183.21528
tot_uptimes: 40
tot_uptimes_duration: 2340.2627200000047
