comms_cons: 115.99032319530549
finished_reconf: true
global_termination_time: 1150794.208
local_termination_time: 496918.2386800007
node_cons: 23662.777201988287
tot_aggregated_send: 15776
tot_msg_rcv: 648
tot_msg_sent: 1205
tot_reconf_duration: 25.299999999999997
tot_sleeping_duration: 1133147.8900000087
tot_uptimes: 295
tot_uptimes_duration: 17646.31799999124
