comms_cons: 115.29515519756721
finished_reconf: true
global_termination_time: 1155324.954
local_termination_time: 741266.292
node_cons: 23724.661763675234
tot_aggregated_send: 15305
tot_msg_rcv: 820
tot_msg_sent: 1400
tot_reconf_duration: 13.17
tot_sleeping_duration: 1137620.1168800036
tot_uptimes: 296
tot_uptimes_duration: 17704.837119996373
