comms_cons: 115.83160319336058
finished_reconf: true
global_termination_time: 1149910.787
local_termination_time: 724684.0085999997
node_cons: 23625.379875988365
tot_aggregated_send: 14790
tot_msg_rcv: 937
tot_msg_sent: 1880
tot_reconf_duration: 3.08
tot_sleeping_duration: 1132269.8630000085
tot_uptimes: 295
tot_uptimes_duration: 17640.923999991326
