comms_cons: 116.38563838701882
finished_reconf: true
global_termination_time: 1151655.674
local_termination_time: 671019.0723599999
node_cons: 23631.01306285787
tot_aggregated_send: 14616
tot_msg_rcv: 980
tot_msg_sent: 2093
tot_reconf_duration: 8.09
tot_sleeping_duration: 1134015.6240800165
tot_uptimes: 295
tot_uptimes_duration: 17640.04991998348
