comms_cons: 114.94583039011737
finished_reconf: true
global_termination_time: 1151342.756
local_termination_time: 466617.88328000036
node_cons: 23630.620265584206
tot_aggregated_send: 15254
tot_msg_rcv: 693
tot_msg_sent: 1525
tot_reconf_duration: 7.819999999999999
tot_sleeping_duration: 1133702.7256000119
tot_uptimes: 295
tot_uptimes_duration: 17640.030399988173
