comms_cons: 0.776345600000122
finished_reconf: true
global_termination_time: 6084.548
local_termination_time: 106.62136000000002
node_cons: 87.26579999999998
tot_aggregated_send: 0
tot_msg_rcv: 64
tot_msg_sent: 54
tot_reconf_duration: 5.1
tot_sleeping_duration: 6024.548
tot_uptimes: 2
tot_uptimes_duration: 60.0
