comms_cons: 0.664499199997807
finished_reconf: true
global_termination_time: 4873.431
local_termination_time: 2517.93836
node_cons: 105.73459999999974
tot_aggregated_send: 0
tot_msg_rcv: 60
tot_msg_sent: 41
tot_reconf_duration: 18.700000000000003
tot_sleeping_duration: 4813.431
tot_uptimes: 2
tot_uptimes_duration: 60.0
