comms_cons: 267.0833983918385
finished_reconf: true
global_termination_time: 2580373.222
local_termination_time: 485563.81148000003
node_cons: 53033.03407451828
tot_aggregated_send: 33930
tot_msg_rcv: 2303
tot_msg_sent: 4362
tot_reconf_duration: 6.279999999999999
tot_sleeping_duration: 2540773.1429600306
tot_uptimes: 661
tot_uptimes_duration: 39600.07903996948
