comms_cons: 254.48471039628365
finished_reconf: true
global_termination_time: 2577678.288
local_termination_time: 901609.263
node_cons: 53045.82046271635
tot_aggregated_send: 36823
tot_msg_rcv: 605
tot_msg_sent: 1253
tot_reconf_duration: 13.17
tot_sleeping_duration: 2538075.6475200024
tot_uptimes: 661
tot_uptimes_duration: 39602.64047999785
