comms_cons: 253.95712000087428
finished_reconf: true
global_termination_time: 2580493.804
local_termination_time: 1105995.6943599998
node_cons: 53037.19235999907
tot_aggregated_send: 37700
tot_msg_rcv: 328
tot_msg_sent: 572
tot_reconf_duration: 9.42
tot_sleeping_duration: 2540893.804
tot_uptimes: 661
tot_uptimes_duration: 39600.0
