comms_cons: 265.8981952064524
finished_reconf: true
global_termination_time: 2579713.721
local_termination_time: 442381.37712000095
node_cons: 53028.664016756644
tot_aggregated_send: 34452
tot_msg_rcv: 2116
tot_msg_sent: 3846
tot_reconf_duration: 3.05
tot_sleeping_duration: 2540113.629800032
tot_uptimes: 661
tot_uptimes_duration: 39600.091199968185
