comms_cons: 243.09327358771088
finished_reconf: true
global_termination_time: 2461395.682
local_termination_time: 1399358.87036
node_cons: 50626.58766223308
tot_aggregated_send: 34220
tot_msg_rcv: 930
tot_msg_sent: 1799
tot_reconf_duration: 9.11
tot_sleeping_duration: 2423595.6698400048
tot_uptimes: 631
tot_uptimes_duration: 37800.01215999527
