comms_cons: 246.2945535852559
finished_reconf: true
global_termination_time: 2458852.542
local_termination_time: 937729.6765999998
node_cons: 50551.07666893396
tot_aggregated_send: 34046
tot_msg_rcv: 1124
tot_msg_sent: 2265
tot_reconf_duration: 12.629999999999999
tot_sleeping_duration: 2421112.493360019
tot_uptimes: 630
tot_uptimes_duration: 37740.048639981076
