comms_cons: 131.21429759298965
finished_reconf: true
global_termination_time: 1295685.654
local_termination_time: 578076.1847599992
node_cons: 26601.121317938687
tot_aggregated_send: 17342
tot_msg_rcv: 855
tot_msg_sent: 1747
tot_reconf_duration: 6.279999999999999
tot_sleeping_duration: 1275825.614360016
tot_uptimes: 332
tot_uptimes_duration: 19860.039639984025
