comms_cons: 133.04399998549025
finished_reconf: true
global_termination_time: 1299679.715
local_termination_time: 609752.7463599999
node_cons: 26707.30252893476
tot_aggregated_send: 16994
tot_msg_rcv: 1091
tot_msg_sent: 2137
tot_reconf_duration: 25.299999999999997
tot_sleeping_duration: 1279759.666360019
tot_uptimes: 333
tot_uptimes_duration: 19920.048639981076
