comms_cons: 129.19637759185068
finished_reconf: true
global_termination_time: 1296054.03
local_termination_time: 577022.6073599999
node_cons: 26609.732245584208
tot_aggregated_send: 17342
tot_msg_rcv: 905
tot_msg_sent: 1391
tot_reconf_duration: 12.629999999999999
tot_sleeping_duration: 1276193.9996000119
tot_uptimes: 332
tot_uptimes_duration: 19860.030399988173
