comms_cons: 91.51875199181784
finished_reconf: true
global_termination_time: 896828.833
local_termination_time: 426995.03416000033
node_cons: 18428.68382893931
tot_aggregated_send: 11774
tot_msg_rcv: 692
tot_msg_sent: 1445
tot_reconf_duration: 22.65
tot_sleeping_duration: 883088.7843600155
tot_uptimes: 230
tot_uptimes_duration: 13740.048639984507
