comms_cons: 165.1417727430638
finished_reconf: true
global_termination_time: 897119.463
local_termination_time: 481552.15848000004
node_cons: 18406.363747817773
tot_aggregated_send: 0
tot_msg_rcv: 12853
tot_msg_sent: 12251
tot_reconf_duration: 6.22
tot_sleeping_duration: 883379.4204400165
tot_uptimes: 230
tot_uptimes_duration: 13740.042559983413
