comms_cons: 67.37337600596999
finished_reconf: true
global_termination_time: 305998.4588000007
local_termination_time: 305998.4176800007
node_cons: 6383.742321775014
tot_aggregated_send: 0
tot_msg_rcv: 5637
tot_msg_sent: 4607
tot_reconf_duration: 37.410000000000004
tot_sleeping_duration: 301268.85495998955
tot_uptimes: 79
tot_uptimes_duration: 4729.603840011201
