comms_cons: 31.96833280063014
finished_reconf: true
global_termination_time: 306427.043
local_termination_time: 51866.02772000002
node_cons: 6270.718922242861
tot_aggregated_send: 4002
tot_msg_rcv: 335
tot_msg_sent: 522
tot_reconf_duration: 3.08
tot_sleeping_duration: 301747.03083999787
tot_uptimes: 79
tot_uptimes_duration: 4680.0121600021375
