comms_cons: 300.62209917628525
finished_reconf: true
global_termination_time: 3015667.374
local_termination_time: 802720.7235599986
node_cons: 62029.07710893384
tot_aggregated_send: 40368
tot_msg_rcv: 1655
tot_msg_sent: 3669
tot_reconf_duration: 4.8100000000000005
tot_sleeping_duration: 2969347.3253600183
tot_uptimes: 773
tot_uptimes_duration: 46320.04863998131
