comms_cons: 299.24027519847607
finished_reconf: true
global_termination_time: 3015486.143
local_termination_time: 808830.21936
node_cons: 62030.9918889342
tot_aggregated_send: 39904
tot_msg_rcv: 1739
tot_msg_sent: 3840
tot_reconf_duration: 6.22
tot_sleeping_duration: 2969166.0943600186
tot_uptimes: 773
tot_uptimes_duration: 46320.04863998154
