comms_cons: 71.47642880025323
finished_reconf: true
global_termination_time: 719458.879
local_termination_time: 68913.71135999971
node_cons: 14813.318700000034
tot_aggregated_send: 10382
tot_msg_rcv: 213
tot_msg_sent: 269
tot_reconf_duration: 22.65
tot_sleeping_duration: 708418.879
tot_uptimes: 185
tot_uptimes_duration: 11040.0
