comms_cons: 71.03359999938006
finished_reconf: true
global_termination_time: 719478.984
local_termination_time: 155793.19844000068
node_cons: 14799.711540000028
tot_aggregated_send: 10440
tot_msg_rcv: 136
tot_msg_sent: 221
tot_reconf_duration: 12.629999999999999
tot_sleeping_duration: 708438.984
tot_uptimes: 185
tot_uptimes_duration: 11040.0
