comms_cons: 70.61455359975946
finished_reconf: true
global_termination_time: 720970.838
local_termination_time: 278118.76248000003
node_cons: 14788.521619999963
tot_aggregated_send: 10498
tot_msg_rcv: 65
tot_msg_sent: 170
tot_reconf_duration: 4.390000000000001
tot_sleeping_duration: 709930.838
tot_uptimes: 185
tot_uptimes_duration: 11040.0
