comms_cons: 1.6316415999946094
finished_reconf: true
global_termination_time: 8639.86548
local_termination_time: 8639.82436
node_cons: 229.83307872000086
tot_aggregated_send: 0
tot_msg_rcv: 144
tot_msg_sent: 103
tot_reconf_duration: 37.410000000000004
tot_sleeping_duration: 8506.161
tot_uptimes: 3
tot_uptimes_duration: 133.70448000000033
