comms_cons: 950.4737730847306
finished_reconf: true
global_termination_time: 9416584.149239995
local_termination_time: 9727.889160000002
node_cons: 193754.46213723288
tot_aggregated_send: 130906
tot_msg_rcv: 4678
tot_msg_sent: 8879
tot_reconf_duration: 18.21
tot_sleeping_duration: 9271901.749720024
tot_uptimes: 2412
tot_uptimes_duration: 144682.39951997
