comms_cons: 937.0097538516728
finished_reconf: true
global_termination_time: 9417589.135
local_termination_time: 2931981.0335199996
node_cons: 193707.40175339888
tot_aggregated_send: 131312
tot_msg_rcv: 3845
tot_msg_sent: 7262
tot_reconf_duration: 5.57
tot_sleeping_duration: 9272929.062040025
tot_uptimes: 2412
tot_uptimes_duration: 144660.07295997418
