comms_cons: 948.0619778849107
finished_reconf: true
global_termination_time: 9420975.132
local_termination_time: 358859.74604000075
node_cons: 193786.73597134827
tot_aggregated_send: 130790
tot_msg_rcv: 4349
tot_msg_sent: 8961
tot_reconf_duration: 4.8100000000000005
tot_sleeping_duration: 9276255.039400034
tot_uptimes: 2413
tot_uptimes_duration: 144720.09259996656
