comms_cons: 131.92750078185347
finished_reconf: true
global_termination_time: 665291.235
local_termination_time: 298400.466
node_cons: 13688.77701056069
tot_aggregated_send: 0
tot_msg_rcv: 10207
tot_msg_sent: 9845
tot_reconf_duration: 22.65
tot_sleeping_duration: 655091.0719599995
tot_uptimes: 171
tot_uptimes_duration: 10200.16304000048
