comms_cons: 68.40394239939499
finished_reconf: true
global_termination_time: 666789.178
local_termination_time: 129890.27887999974
node_cons: 13665.421047845424
tot_aggregated_send: 8758
tot_msg_rcv: 647
tot_msg_sent: 992
tot_reconf_duration: 5.57
tot_sleeping_duration: 656589.1354399959
tot_uptimes: 171
tot_uptimes_duration: 10200.042560004047
