comms_cons: 68.9894911994195
finished_reconf: true
global_termination_time: 665930.241
local_termination_time: 146662.66836000004
node_cons: 13662.039627850016
tot_aggregated_send: 8526
tot_msg_rcv: 678
tot_msg_sent: 1282
tot_reconf_duration: 3.08
tot_sleeping_duration: 655730.1984399925
tot_uptimes: 171
tot_uptimes_duration: 10200.042560007481
