comms_cons: 69.37685759649021
finished_reconf: true
global_termination_time: 667210.35
local_termination_time: 145109.07284000015
node_cons: 13663.802325602592
tot_aggregated_send: 8642
tot_msg_rcv: 681
tot_msg_sent: 1222
tot_reconf_duration: 4.390000000000001
tot_sleeping_duration: 657010.3195999981
tot_uptimes: 171
tot_uptimes_duration: 10200.03040000191
