comms_cons: 615.461574499103
finished_reconf: true
global_termination_time: 6207967.797
local_termination_time: 1656850.9583599998
node_cons: 127668.8370866976
tot_aggregated_send: 86710
tot_msg_rcv: 2423
tot_msg_sent: 4413
tot_reconf_duration: 6.279999999999999
tot_sleeping_duration: 6112627.760520014
tot_uptimes: 1590
tot_uptimes_duration: 95340.03647998627
