comms_cons: 46.160294401450955
finished_reconf: true
global_termination_time: 469318.033
local_termination_time: 51958.14808000003
node_cons: 9665.561744483455
tot_aggregated_send: 5394
tot_msg_rcv: 467
tot_msg_sent: 1156
tot_reconf_duration: 18.21
tot_sleeping_duration: 462118.00867999747
tot_uptimes: 121
tot_uptimes_duration: 7200.0243200025725
