comms_cons: 47.30444800037883
finished_reconf: true
global_termination_time: 470900.164
local_termination_time: 120331.66147999997
node_cons: 9647.340121121439
tot_aggregated_send: 6380
tot_msg_rcv: 323
tot_msg_sent: 486
tot_reconf_duration: 4.8100000000000005
tot_sleeping_duration: 463700.1579199989
tot_uptimes: 121
tot_uptimes_duration: 7200.006080001069
