comms_cons: 37.876454401029825
finished_reconf: true
global_termination_time: 377515.921
local_termination_time: 131422.70480000027
node_cons: 7719.204544485729
tot_aggregated_send: 4756
tot_msg_rcv: 313
tot_msg_sent: 688
tot_reconf_duration: 4.8100000000000005
tot_sleeping_duration: 371755.8966799957
tot_uptimes: 97
tot_uptimes_duration: 5760.024320004275
