comms_cons: 11.259641599927042
finished_reconf: true
global_termination_time: 92549.062
local_termination_time: 31573.393480000006
node_cons: 1856.372663359737
tot_aggregated_send: 580
tot_msg_rcv: 375
tot_msg_sent: 757
tot_reconf_duration: 6.279999999999999
tot_sleeping_duration: 91169.0437600002
tot_uptimes: 24
tot_uptimes_duration: 1380.0182399998016
