comms_cons: 9.69116160009293
finished_reconf: true
global_termination_time: 95116.02
local_termination_time: 55558.61336000001
node_cons: 1946.0448599999972
tot_aggregated_send: 1102
tot_msg_rcv: 146
tot_msg_sent: 225
tot_reconf_duration: 13.17
tot_sleeping_duration: 93676.02
tot_uptimes: 25
tot_uptimes_duration: 1440.0
