comms_cons: 218.9426175906506
finished_reconf: true
global_termination_time: 2200619.081
local_termination_time: 1591330.31636
node_cons: 45238.984059999595
tot_aggregated_send: 31378
tot_msg_rcv: 629
tot_msg_sent: 1271
tot_reconf_duration: 5.57
tot_sleeping_duration: 2166839.081
tot_uptimes: 564
tot_uptimes_duration: 33780.0
