comms_cons: 216.52147199059928
finished_reconf: true
global_termination_time: 2200622.983
local_termination_time: 1527931.3945999998
node_cons: 45265.77739999957
tot_aggregated_send: 31204
tot_msg_rcv: 552
tot_msg_sent: 1154
tot_reconf_duration: 25.299999999999997
tot_sleeping_duration: 2166842.983
tot_uptimes: 564
tot_uptimes_duration: 33780.0
