comms_cons: 43.62072320039038
finished_reconf: true
global_termination_time: 446838.885
local_termination_time: 309983.0803600001
node_cons: 9174.118980000008
tot_aggregated_send: 6090
tot_msg_rcv: 185
tot_msg_sent: 355
tot_reconf_duration: 11.31
tot_sleeping_duration: 439998.885
tot_uptimes: 115
tot_uptimes_duration: 6840.0
