comms_cons: 650.8298363624432
finished_reconf: true
global_termination_time: 1344441.4367199987
local_termination_time: 1344441.3955999988
node_cons: 81806.82688039458
tot_aggregated_send: 0
tot_msg_rcv: 39936
tot_msg_sent: 58988
tot_reconf_duration: 37.410000000000004
tot_sleeping_duration: 1283383.913120001
tot_uptimes: 1003
tot_uptimes_duration: 61057.52359999743
