comms_cons: 137.4709759911518
finished_reconf: true
global_termination_time: 1344446.794
local_termination_time: 282532.32536
node_cons: 27724.299070079094
tot_aggregated_send: 17806
tot_msg_rcv: 994
tot_msg_sent: 2094
tot_reconf_duration: 5.1
tot_sleeping_duration: 1323746.7392800008
tot_uptimes: 345
tot_uptimes_duration: 20700.054719999316
