comms_cons: 138.9006975832089
finished_reconf: true
global_termination_time: 1346291.143
local_termination_time: 399933.18436
node_cons: 27654.869283359716
tot_aggregated_send: 17864
tot_msg_rcv: 1166
tot_msg_sent: 2082
tot_reconf_duration: 13.17
tot_sleeping_duration: 1325651.12476
tot_uptimes: 345
tot_uptimes_duration: 20640.018239999772
