comms_cons: 141.62759678098158
finished_reconf: true
global_termination_time: 1344987.527
local_termination_time: 290441.1720400008
node_cons: 27641.199627836286
tot_aggregated_send: 17284
tot_msg_rcv: 1562
tot_msg_sent: 2680
tot_reconf_duration: 3.08
tot_sleeping_duration: 1324347.4844400028
tot_uptimes: 345
tot_uptimes_duration: 20640.04255999718
