comms_cons: 138.87375359118545
finished_reconf: true
global_termination_time: 1345477.581
local_termination_time: 294063.04436000006
node_cons: 27648.035772326617
tot_aggregated_send: 17748
tot_msg_rcv: 1208
tot_msg_sent: 2152
tot_reconf_duration: 8.09
tot_sleeping_duration: 1324837.5141199953
tot_uptimes: 345
tot_uptimes_duration: 20640.066880004888
