comms_cons: 134.80185599348638
finished_reconf: true
global_termination_time: 1349613.044
local_termination_time: 754539.4655999998
node_cons: 27733.47648223374
tot_aggregated_send: 18966
tot_msg_rcv: 486
tot_msg_sent: 1037
tot_reconf_duration: 11.899999999999999
tot_sleeping_duration: 1328913.0318400047
tot_uptimes: 346
tot_uptimes_duration: 20700.01215999527
