comms_cons: 133.91068799831132
finished_reconf: true
global_termination_time: 1346393.636
local_termination_time: 223172.71308000063
node_cons: 27643.508262242904
tot_aggregated_send: 18676
tot_msg_rcv: 574
tot_msg_sent: 1103
tot_reconf_duration: 4.8100000000000005
tot_sleeping_duration: 1325753.6238399977
tot_uptimes: 345
tot_uptimes_duration: 20640.012160002138
