comms_cons: 278.43569279805394
finished_reconf: true
global_termination_time: 2751033.883
local_termination_time: 1042221.5333599999
node_cons: 56567.94522781721
tot_aggregated_send: 36714
tot_msg_rcv: 1882
tot_msg_sent: 3724
tot_reconf_duration: 6.279999999999999
tot_sleeping_duration: 2708793.8404400162
tot_uptimes: 705
tot_uptimes_duration: 42240.042559983674
