comms_cons: 275.32601601736906
finished_reconf: true
global_termination_time: 2751002.423
local_termination_time: 590495.7193599999
node_cons: 56577.2530011159
tot_aggregated_send: 38976
tot_msg_rcv: 1026
tot_msg_sent: 1845
tot_reconf_duration: 13.17
tot_sleeping_duration: 2708762.416920002
tot_uptimes: 705
tot_uptimes_duration: 42240.006079997635
