comms_cons: 273.12863359667483
finished_reconf: true
global_termination_time: 2750723.091
local_termination_time: 2283177.13336
node_cons: 56584.75459999928
tot_aggregated_send: 39208
tot_msg_rcv: 787
tot_msg_sent: 1518
tot_reconf_duration: 18.700000000000003
tot_sleeping_duration: 2708483.091
tot_uptimes: 705
tot_uptimes_duration: 42240.0
