comms_cons: 98.2321663860539
finished_reconf: true
global_termination_time: 716131.1317199997
local_termination_time: 716131.0905999998
node_cons: 14771.735572832598
tot_aggregated_send: 4440
tot_msg_rcv: 4235
tot_msg_sent: 6262
tot_reconf_duration: 37.410000000000004
tot_sleeping_duration: 705137.1565199754
tot_uptimes: 184
tot_uptimes_duration: 10993.975200024332
