comms_cons: 71.7527552010006
finished_reconf: true
global_termination_time: 719561.507
local_termination_time: 168100.05936000007
node_cons: 14790.124060000031
tot_aggregated_send: 10208
tot_msg_rcv: 239
tot_msg_sent: 459
tot_reconf_duration: 5.57
tot_sleeping_duration: 708521.507
tot_uptimes: 185
tot_uptimes_duration: 11040.0
