comms_cons: 71.16720639971864
finished_reconf: true
global_termination_time: 716531.225
local_termination_time: 20627.309480000004
node_cons: 14732.978700000023
tot_aggregated_send: 10150
tot_msg_rcv: 223
tot_msg_sent: 444
tot_reconf_duration: 22.65
tot_sleeping_duration: 705551.225
tot_uptimes: 184
tot_uptimes_duration: 10980.0
