comms_cons: 26.505785600265177
finished_reconf: true
global_termination_time: 257842.227
local_termination_time: 55150.59
node_cons: 5359.968952080273
tot_aggregated_send: 3478
tot_msg_rcv: 201
tot_msg_sent: 350
tot_reconf_duration: 22.65
tot_sleeping_duration: 253862.2342799998
tot_uptimes: 67
tot_uptimes_duration: 3979.9927200002057
