comms_cons: 69.67435520047287
finished_reconf: true
global_termination_time: 707701.4884799998
local_termination_time: 707701.4473599999
node_cons: 14610.701219841252
tot_aggregated_send: 10124
tot_msg_rcv: 109
tot_msg_sent: 357
tot_reconf_duration: 37.410000000000004
tot_sleeping_duration: 696827.7779199989
tot_uptimes: 182
tot_uptimes_duration: 10873.710560000909
