comms_cons: 70.66718720027171
finished_reconf: true
global_termination_time: 709087.617
local_termination_time: 106538.43723999971
node_cons: 14556.44266448574
tot_aggregated_send: 9222
tot_msg_rcv: 540
tot_msg_sent: 979
tot_reconf_duration: 10.95
tot_sleeping_duration: 698227.5926799957
tot_uptimes: 182
tot_uptimes_duration: 10860.024320004275
