comms_cons: 73.33176319889056
finished_reconf: true
global_termination_time: 151649.4889600007
local_termination_time: 3241.151040000001
node_cons: 9282.227629157858
tot_aggregated_send: 0
tot_msg_rcv: 4482
tot_msg_sent: 6663
tot_reconf_duration: 18.21
tot_sleeping_duration: 144735.7485200023
tot_uptimes: 114
tot_uptimes_duration: 6913.740439998392
