comms_cons: 115.77847040171345
finished_reconf: true
global_termination_time: 583318.742
local_termination_time: 2179.90348
node_cons: 11995.413603364308
tot_aggregated_send: 0
tot_msg_rcv: 8959
tot_msg_sent: 8638
tot_reconf_duration: 18.21
tot_sleeping_duration: 574378.7237599968
tot_uptimes: 150
tot_uptimes_duration: 8940.018240003206
