comms_cons: 59.92993280055111
finished_reconf: true
global_termination_time: 583295.104
local_termination_time: 218858.86172000057
node_cons: 11991.508002242874
tot_aggregated_send: 7772
tot_msg_rcv: 475
tot_msg_sent: 862
tot_reconf_duration: 15.34
tot_sleeping_duration: 574355.0918399979
tot_uptimes: 150
tot_uptimes_duration: 8940.012160002138
