comms_cons: 59.937792000260195
finished_reconf: true
global_termination_time: 579527.4171200001
local_termination_time: 64895.82860000002
node_cons: 11916.195905285027
tot_aggregated_send: 7366
tot_msg_rcv: 546
tot_msg_sent: 1195
tot_reconf_duration: 3.05
tot_sleeping_duration: 570631.1855999964
tot_uptimes: 149
tot_uptimes_duration: 8896.231520003741
