comms_cons: 60.08783360184701
finished_reconf: true
global_termination_time: 584725.871
local_termination_time: 85970.76191999983
node_cons: 11978.09092785004
tot_aggregated_send: 7192
tot_msg_rcv: 654
tot_msg_sent: 1287
tot_reconf_duration: 5.43
tot_sleeping_duration: 575785.8284399925
tot_uptimes: 150
tot_uptimes_duration: 8940.042560007481
