comms_cons: 112.76090879677423
finished_reconf: true
global_termination_time: 1135381.635
local_termination_time: 330264.5138400006
node_cons: 23329.35870000007
tot_aggregated_send: 16356
tot_msg_rcv: 340
tot_msg_sent: 443
tot_reconf_duration: 22.65
tot_sleeping_duration: 1117981.635
tot_uptimes: 291
tot_uptimes_duration: 17400.0
