comms_cons: 111.07005439974856
finished_reconf: true
global_termination_time: 1133436.918
local_termination_time: 1119062.7816799984
node_cons: 23307.128240000075
tot_aggregated_send: 16588
tot_msg_rcv: 77
tot_msg_sent: 217
tot_reconf_duration: 6.279999999999999
tot_sleeping_duration: 1116036.918
tot_uptimes: 291
tot_uptimes_duration: 17400.0
