comms_cons: 111.94508799870034
finished_reconf: true
global_termination_time: 1131557.124
local_termination_time: 195701.79236000005
node_cons: 23225.185800000043
tot_aggregated_send: 16472
tot_msg_rcv: 257
tot_msg_sent: 286
tot_reconf_duration: 5.1
tot_sleeping_duration: 1114217.124
tot_uptimes: 290
tot_uptimes_duration: 17340.0
