comms_cons: 111.70740479740691
finished_reconf: true
global_termination_time: 1131455.61
local_termination_time: 439418.5870400003
node_cons: 23231.052360000012
tot_aggregated_send: 16298
tot_msg_rcv: 224
tot_msg_sent: 456
tot_reconf_duration: 9.42
tot_sleeping_duration: 1114115.61
tot_uptimes: 290
tot_uptimes_duration: 17340.0
