comms_cons: 112.76279039755839
finished_reconf: true
global_termination_time: 1133323.474
local_termination_time: 764450.8093599998
node_cons: 23323.994599999973
tot_aggregated_send: 16298
tot_msg_rcv: 335
tot_msg_sent: 506
tot_reconf_duration: 18.700000000000003
tot_sleeping_duration: 1115923.474
tot_uptimes: 291
tot_uptimes_duration: 17400.0
