comms_cons: 111.00426239819782
finished_reconf: true
global_termination_time: 1131923.584
local_termination_time: 465998.9181200009
node_cons: 23240.203003681276
tot_aggregated_send: 16414
tot_msg_rcv: 116
tot_msg_sent: 342
tot_reconf_duration: 11.31
tot_sleeping_duration: 1114578.6668799992
tot_uptimes: 290
tot_uptimes_duration: 17344.91712000093
