comms_cons: 68.65395199985177
finished_reconf: true
global_termination_time: 710865.841
local_termination_time: 586203.2029199994
node_cons: 14628.411980000095
tot_aggregated_send: 10324
tot_msg_rcv: 33
tot_msg_sent: 78
tot_reconf_duration: 4.8100000000000005
tot_sleeping_duration: 699945.841
tot_uptimes: 183
tot_uptimes_duration: 10920.0
