comms_cons: 252.20501120248372
finished_reconf: true
global_termination_time: 2486861.814
local_termination_time: 1042296.4843599999
node_cons: 51103.83662446652
tot_aggregated_send: 34452
tot_msg_rcv: 1443
tot_msg_sent: 2438
tot_reconf_duration: 5.57
tot_sleeping_duration: 2448701.7896800092
tot_uptimes: 637
tot_uptimes_duration: 38160.02431999054
