comms_cons: 248.03232639197944
finished_reconf: true
global_termination_time: 2485686.516
local_termination_time: 189996.25536000004
node_cons: 51106.90026558798
tot_aggregated_send: 34916
tot_msg_rcv: 981
tot_msg_sent: 1802
tot_reconf_duration: 7.819999999999999
tot_sleeping_duration: 2447526.485600008
tot_uptimes: 637
tot_uptimes_duration: 38160.03039999161
