comms_cons: 552.7883259438712
finished_reconf: true
global_termination_time: 1900436.39124
local_termination_time: 1900436.35012
node_cons: 77337.29266678652
tot_aggregated_send: 0
tot_msg_rcv: 28249
tot_msg_sent: 55770
tot_reconf_duration: 24.59
tot_sleeping_duration: 1842703.8300400088
tot_uptimes: 953
tot_uptimes_duration: 57732.56119999127
