comms_cons: 91.72463359178222
finished_reconf: true
global_termination_time: 888760.697
local_termination_time: 526346.4403199996
node_cons: 18271.561823350585
tot_aggregated_send: 11774
tot_msg_rcv: 796
tot_msg_sent: 1371
tot_reconf_duration: 25.299999999999997
tot_sleeping_duration: 875140.6787600071
tot_uptimes: 228
tot_uptimes_duration: 13620.018239992904
