comms_cons: 91.54333439734245
finished_reconf: true
global_termination_time: 888669.212
local_termination_time: 77523.31635999997
node_cons: 18255.121847839702
tot_aggregated_send: 11774
tot_msg_rcv: 749
tot_msg_sent: 1391
tot_reconf_duration: 13.17
tot_sleeping_duration: 875049.1694400003
tot_uptimes: 228
tot_uptimes_duration: 13620.042559999762
