comms_cons: 90.28698879559168
finished_reconf: true
global_termination_time: 889387.459
local_termination_time: 604811.9433599998
node_cons: 18252.07452335506
tot_aggregated_send: 11658
tot_msg_rcv: 619
tot_msg_sent: 1447
tot_reconf_duration: 10.95
tot_sleeping_duration: 875767.4407600036
tot_uptimes: 228
tot_uptimes_duration: 13620.018239996338
