comms_cons: 92.44433919134174
finished_reconf: true
global_termination_time: 887805.609
local_termination_time: 472722.48652000085
node_cons: 18244.59464558418
tot_aggregated_send: 11658
tot_msg_rcv: 883
tot_msg_sent: 1510
tot_reconf_duration: 5.43
tot_sleeping_duration: 874185.5786000119
tot_uptimes: 228
tot_uptimes_duration: 13620.030399988173
