comms_cons: 230.85826556991404
finished_reconf: true
global_termination_time: 2263127.247
local_termination_time: 632997.3507199988
node_cons: 46521.050746700515
tot_aggregated_send: 29638
tot_msg_rcv: 1899
tot_msg_sent: 3552
tot_reconf_duration: 3.05
tot_sleeping_duration: 2228387.210520014
tot_uptimes: 580
tot_uptimes_duration: 34740.03647998581
