comms_cons: 223.9625471934041
finished_reconf: true
global_termination_time: 2260459.958
local_termination_time: 695147.5527199988
node_cons: 46457.35171999941
tot_aggregated_send: 32364
tot_msg_rcv: 580
tot_msg_sent: 1097
tot_reconf_duration: 15.34
tot_sleeping_duration: 2225779.958
tot_uptimes: 579
tot_uptimes_duration: 34680.0
