comms_cons: 14.875571199961424
finished_reconf: true
global_termination_time: 149324.138
local_termination_time: 81297.32747999996
node_cons: 3083.6868411200217
tot_aggregated_send: 1972
tot_msg_rcv: 89
tot_msg_sent: 200
tot_reconf_duration: 22.65
tot_sleeping_duration: 147044.13192
tot_uptimes: 39
tot_uptimes_duration: 2280.0060800000065
