comms_cons: 166.36290559023865
finished_reconf: true
global_termination_time: 1659909.0094799998
local_termination_time: 1659908.9683599998
node_cons: 34196.341212148225
tot_aggregated_send: 23128
tot_msg_rcv: 631
tot_msg_sent: 1528
tot_reconf_duration: 24.59
tot_sleeping_duration: 1634395.2320400085
tot_uptimes: 426
tot_uptimes_duration: 25513.77743999121
