comms_cons: 166.26359039192852
finished_reconf: true
global_termination_time: 1660082.923
local_termination_time: 124209.64135999997
node_cons: 34162.4662711959
tot_aggregated_send: 23374
tot_msg_rcv: 621
tot_msg_sent: 1276
tot_reconf_duration: 13.17
tot_sleeping_duration: 1634582.862200003
tot_uptimes: 426
tot_uptimes_duration: 25500.06079999695
