comms_cons: 163.58087679521395
finished_reconf: true
global_termination_time: 1663818.108
local_termination_time: 240353.87836000006
node_cons: 34255.6278901942
tot_aggregated_send: 23432
tot_msg_rcv: 460
tot_msg_sent: 972
tot_reconf_duration: 22.65
tot_sleeping_duration: 1638258.0862000044
tot_uptimes: 427
tot_uptimes_duration: 25560.02179999568
