comms_cons: 324.4805245510528
finished_reconf: true
global_termination_time: 1829848.275
local_termination_time: 622076.0090799987
node_cons: 37605.66826223359
tot_aggregated_send: 0
tot_msg_rcv: 24781
tot_msg_sent: 24538
tot_reconf_duration: 4.8100000000000005
tot_sleeping_duration: 1801768.2628400046
tot_uptimes: 469
tot_uptimes_duration: 28080.01215999527
