comms_cons: 20.61921280001616
finished_reconf: true
global_termination_time: 213557.7697200002
local_termination_time: 7005.793360000001
node_cons: 4382.3529980802505
tot_aggregated_send: 3074
tot_msg_rcv: 12
tot_msg_sent: 47
tot_reconf_duration: 18.21
tot_sleeping_duration: 210303.383
tot_uptimes: 55
tot_uptimes_duration: 3254.386720000184
