comms_cons: 899.4869250643907
finished_reconf: true
global_termination_time: 8919308.024239996
local_termination_time: 177054.46648000006
node_cons: 183540.41417052032
tot_aggregated_send: 124236
tot_msg_rcv: 4299
tot_msg_sent: 8181
tot_reconf_duration: 18.21
tot_sleeping_duration: 8782253.74120002
tot_uptimes: 2285
tot_uptimes_duration: 137054.2830399752
