comms_cons: 875.4899137533139
finished_reconf: true
global_termination_time: 8920842.86
local_termination_time: 3383157.1366000003
node_cons: 183508.97208557907
tot_aggregated_send: 124120
tot_msg_rcv: 2867
tot_msg_sent: 6081
tot_reconf_duration: 9.11
tot_sleeping_duration: 8783802.82960001
tot_uptimes: 2285
tot_uptimes_duration: 137040.03039998934
