comms_cons: 874.2864896875176
finished_reconf: true
global_termination_time: 8919786.356
local_termination_time: 6222809.174999999
node_cons: 183512.72019999276
tot_aggregated_send: 127658
tot_msg_rcv: 1834
tot_msg_sent: 3393
tot_reconf_duration: 11.899999999999999
tot_sleeping_duration: 8782746.356
tot_uptimes: 2285
tot_uptimes_duration: 137040.0
