comms_cons: 1.750067199996329
finished_reconf: true
global_termination_time: 11076.624
local_termination_time: 6326.300360000001
node_cons: 176.03898000000055
tot_aggregated_send: 0
tot_msg_rcv: 157
tot_msg_sent: 109
tot_reconf_duration: 11.31
tot_sleeping_duration: 10956.624
tot_uptimes: 3
tot_uptimes_duration: 120.0
