comms_cons: 117.05180159465178
finished_reconf: true
global_termination_time: 1169538.3
local_termination_time: 471590.5373600001
node_cons: 24032.303983350554
tot_aggregated_send: 16472
tot_msg_rcv: 451
tot_msg_sent: 868
tot_reconf_duration: 7.819999999999999
tot_sleeping_duration: 1151598.2817600071
tot_uptimes: 300
tot_uptimes_duration: 17940.01823999291
