comms_cons: 9.733478399999226
finished_reconf: true
global_termination_time: 3237.949800000001
local_termination_time: 3237.908680000001
node_cons: 1111.076390200001
tot_aggregated_send: 0
tot_msg_rcv: 685
tot_msg_sent: 792
tot_reconf_duration: 24.59
tot_sleeping_duration: 2433.1080000000006
tot_uptimes: 11
tot_uptimes_duration: 804.8418000000004
