comms_cons: 65.44988160705103
finished_reconf: true
global_termination_time: 335454.58
local_termination_time: 9211.32536
node_cons: 6859.658700000007
tot_aggregated_send: 0
tot_msg_rcv: 5039
tot_msg_sent: 4909
tot_reconf_duration: 22.65
tot_sleeping_duration: 330354.58
tot_uptimes: 86
tot_uptimes_duration: 5100.0
