comms_cons: 207.69460479051727
finished_reconf: true
global_termination_time: 2097198.607
local_termination_time: 1355957.96736
node_cons: 43163.44428446705
tot_aggregated_send: 28710
tot_msg_rcv: 1007
tot_msg_sent: 1851
tot_reconf_duration: 15.34
tot_sleeping_duration: 2064978.5826800093
tot_uptimes: 538
tot_uptimes_duration: 32220.024319990538
