comms_cons: 210.02247678647325
finished_reconf: true
global_termination_time: 2099619.963
local_termination_time: 315860.655
node_cons: 43173.38754670064
tot_aggregated_send: 29462
tot_msg_rcv: 789
tot_msg_sent: 1672
tot_reconf_duration: 22.65
tot_sleeping_duration: 2067399.9265200142
tot_uptimes: 538
tot_uptimes_duration: 32220.036479985807
