comms_cons: 209.1922431870198
finished_reconf: true
global_termination_time: 2096423.929
local_termination_time: 778599.19448
node_cons: 43068.78826223335
tot_aggregated_send: 29464
tot_msg_rcv: 782
tot_msg_sent: 1550
tot_reconf_duration: 4.8100000000000005
tot_sleeping_duration: 2064263.9168400047
tot_uptimes: 537
tot_uptimes_duration: 32160.01215999527
