comms_cons: 206.5408255910643
finished_reconf: true
global_termination_time: 2097952.697
local_termination_time: 1259179.3234799998
node_cons: 43148.5497611163
tot_aggregated_send: 29696
tot_msg_rcv: 578
tot_msg_sent: 1119
tot_reconf_duration: 4.390000000000001
tot_sleeping_duration: 2065732.6909200025
tot_uptimes: 538
tot_uptimes_duration: 32220.006079997635
