comms_cons: 205.60657919745006
finished_reconf: true
global_termination_time: 2099769.463
local_termination_time: 1242997.8643599998
node_cons: 43160.4648599995
tot_aggregated_send: 30682
tot_msg_rcv: 228
tot_msg_sent: 341
tot_reconf_duration: 13.17
tot_sleeping_duration: 2067549.463
tot_uptimes: 538
tot_uptimes_duration: 32220.0
