comms_cons: 209.91463678867177
finished_reconf: true
global_termination_time: 2097454.044
local_termination_time: 482395.8922800004
node_cons: 43153.56621999964
tot_aggregated_send: 29986
tot_msg_rcv: 766
tot_msg_sent: 1153
tot_reconf_duration: 8.09
tot_sleeping_duration: 2065234.0440000002
tot_uptimes: 538
tot_uptimes_duration: 32220.0
