comms_cons: 208.26213759081276
finished_reconf: true
global_termination_time: 2096436.413
local_termination_time: 1527225.8563599999
node_cons: 43082.767521116264
tot_aggregated_send: 29986
tot_msg_rcv: 580
tot_msg_sent: 1088
tot_reconf_duration: 15.110000000000001
tot_sleeping_duration: 2064276.4069200023
tot_uptimes: 537
tot_uptimes_duration: 32160.006079997635
