comms_cons: 208.0343039963917
finished_reconf: true
global_termination_time: 2098606.009
local_termination_time: 1442630.102479999
node_cons: 43158.7401999998
tot_aggregated_send: 30334
tot_msg_rcv: 485
tot_msg_sent: 801
tot_reconf_duration: 11.899999999999999
tot_sleeping_duration: 2066386.009
tot_uptimes: 538
tot_uptimes_duration: 32220.0
