comms_cons: 211.63633918272456
finished_reconf: true
global_termination_time: 2096201.3391200004
local_termination_time: 114376.34947999996
node_cons: 43127.85139197904
tot_aggregated_send: 28826
tot_msg_rcv: 1122
tot_msg_sent: 2219
tot_reconf_duration: 4.390000000000001
tot_sleeping_duration: 2063996.7911200158
tot_uptimes: 537
tot_uptimes_duration: 32204.547999984643
