comms_cons: 208.41516797711034
finished_reconf: true
global_termination_time: 2100273.353
local_termination_time: 865467.8993599999
node_cons: 43153.27283005119
tot_aggregated_send: 28014
tot_msg_rcv: 1224
tot_msg_sent: 2440
tot_reconf_duration: 7.819999999999999
tot_sleeping_duration: 2068053.2982800214
tot_uptimes: 538
tot_uptimes_duration: 32220.05471997871
