comms_cons: 38.88209920138445
finished_reconf: true
global_termination_time: 197163.91
local_termination_time: 1681.7033600000004
node_cons: 4047.7668411202953
tot_aggregated_send: 0
tot_msg_rcv: 3027
tot_msg_sent: 2882
tot_reconf_duration: 22.65
tot_sleeping_duration: 194163.90391999978
tot_uptimes: 51
tot_uptimes_duration: 3000.0060800002175
