comms_cons: 20.349465600164343
finished_reconf: true
global_termination_time: 197335.442
local_termination_time: 44351.93000000009
node_cons: 4023.5401211214307
tot_aggregated_send: 2552
tot_msg_rcv: 196
tot_msg_sent: 345
tot_reconf_duration: 4.8100000000000005
tot_sleeping_duration: 194335.43591999894
tot_uptimes: 51
tot_uptimes_duration: 3000.0060800010688
