comms_cons: 86.18094079998738
finished_reconf: true
global_termination_time: 844912.716
local_termination_time: 310492.35532000015
node_cons: 17362.01708672397
tot_aggregated_send: 11484
tot_msg_rcv: 568
tot_msg_sent: 1047
tot_reconf_duration: 6.279999999999999
tot_sleeping_duration: 831952.679519997
tot_uptimes: 217
tot_uptimes_duration: 12960.036480002978
