comms_cons: 86.4181055956069
finished_reconf: true
global_termination_time: 845653.343
local_termination_time: 309921.13836000004
node_cons: 17387.821823359704
tot_aggregated_send: 11368
tot_msg_rcv: 627
tot_msg_sent: 1139
tot_reconf_duration: 25.299999999999997
tot_sleeping_duration: 832693.3247600002
tot_uptimes: 217
tot_uptimes_duration: 12960.018239999772
