comms_cons: 86.1250815957119
finished_reconf: true
global_termination_time: 841639.968
local_termination_time: 267628.03400000004
node_cons: 17279.91329296426
tot_aggregated_send: 10729
tot_msg_rcv: 776
tot_msg_sent: 1586
tot_reconf_duration: 3.08
tot_sleeping_duration: 828738.0033599968
tot_uptimes: 216
tot_uptimes_duration: 12901.964640003149
