comms_cons: 53.396787201009275
finished_reconf: true
global_termination_time: 531246.301
local_termination_time: 196620.4688000007
node_cons: 10936.867701121415
tot_aggregated_send: 7308
tot_msg_rcv: 232
tot_msg_sent: 576
tot_reconf_duration: 7.819999999999999
tot_sleeping_duration: 523086.2949199989
tot_uptimes: 137
tot_uptimes_duration: 8160.006080001069
