comms_cons: 194.56977918199775
finished_reconf: true
global_termination_time: 1899911.046
local_termination_time: 736220.4620799996
node_cons: 39052.81220111654
tot_aggregated_send: 25636
tot_msg_rcv: 1383
tot_msg_sent: 2554
tot_reconf_duration: 5.57
tot_sleeping_duration: 1870751.0399200025
tot_uptimes: 487
tot_uptimes_duration: 29160.006079997635
