comms_cons: 190.21845758841883
finished_reconf: true
global_termination_time: 1899308.092
local_termination_time: 998761.6411999996
node_cons: 39079.605541116674
tot_aggregated_send: 26738
tot_msg_rcv: 743
tot_msg_sent: 1431
tot_reconf_duration: 25.299999999999997
tot_sleeping_duration: 1870148.0859200023
tot_uptimes: 487
tot_uptimes_duration: 29160.006079997635
