comms_cons: 46.91011200061721
finished_reconf: true
global_termination_time: 459190.28748000006
local_termination_time: 459190.24636000005
node_cons: 9451.556083201287
tot_aggregated_send: 6148
tot_msg_rcv: 344
tot_msg_sent: 638
tot_reconf_duration: 24.59
tot_sleeping_duration: 452156.5586799991
tot_uptimes: 118
tot_uptimes_duration: 7033.728800000943
