comms_cons: 14.770303999317653
finished_reconf: true
global_termination_time: 131045.80347999996
local_termination_time: 131045.76235999996
node_cons: 2703.0042243156913
tot_aggregated_send: 1320
tot_msg_rcv: 324
tot_msg_sent: 599
tot_reconf_duration: 24.59
tot_sleeping_duration: 129052.06860000317
tot_uptimes: 34
tot_uptimes_duration: 1993.7348799967876
