comms_cons: 16.813132799403938
finished_reconf: true
global_termination_time: 135769.778
local_termination_time: 72764.43735999997
node_cons: 2738.132685595754
tot_aggregated_send: 928
tot_msg_rcv: 580
tot_msg_sent: 1047
tot_reconf_duration: 4.8100000000000005
tot_sleeping_duration: 133729.74760000315
tot_uptimes: 35
tot_uptimes_duration: 2040.030399996831
