comms_cons: 81.90014720903623
finished_reconf: true
global_termination_time: 364496.421600001
local_termination_time: 364496.421600001
node_cons: 7611.265751367101
tot_aggregated_send: 0
tot_msg_rcv: 6953
tot_msg_sent: 5496
tot_reconf_duration: 37.410000000000004
tot_sleeping_duration: 358850.0713599957
tot_uptimes: 94
tot_uptimes_duration: 5646.350240005289
