comms_cons: 37.39114240089393
finished_reconf: true
global_termination_time: 365764.669
local_termination_time: 108065.38719999963
node_cons: 7487.003403364258
tot_aggregated_send: 4756
tot_msg_rcv: 295
tot_msg_sent: 631
tot_reconf_duration: 11.31
tot_sleeping_duration: 360184.65075999685
tot_uptimes: 94
tot_uptimes_duration: 5580.018240003163
