comms_cons: 283.0312448078142
finished_reconf: true
global_termination_time: 2808519.077
local_termination_time: 1459588.65936
node_cons: 57853.38522781777
tot_aggregated_send: 39034
tot_msg_rcv: 1254
tot_msg_sent: 2730
tot_reconf_duration: 6.279999999999999
tot_sleeping_duration: 2765319.034440016
tot_uptimes: 720
tot_uptimes_duration: 43200.04255998414
