comms_cons: 282.0068352115815
finished_reconf: true
global_termination_time: 2810547.169
local_termination_time: 600607.82436
node_cons: 57879.214387818116
tot_aggregated_send: 39556
tot_msg_rcv: 1116
tot_msg_sent: 2191
tot_reconf_duration: 25.299999999999997
tot_sleeping_duration: 2767347.1264400156
tot_uptimes: 720
tot_uptimes_duration: 43200.04255998437
