comms_cons: 282.6820032023184
finished_reconf: false
global_termination_time: 2808127.46
local_termination_time: 0
node_cons: 57881.40347005048
tot_aggregated_send: 39414
tot_msg_rcv: 1218
tot_msg_sent: 2335
tot_reconf_duration: 26.9
tot_sleeping_duration: 2764927.4052800215
tot_uptimes: 720
tot_uptimes_duration: 43200.05471997871
