comms_cons: 285.40289921670427
finished_reconf: true
global_termination_time: 2808044.265
local_termination_time: 1306775.491399998
node_cons: 57868.58761118069
tot_aggregated_send: 39034
tot_msg_rcv: 1625
tot_msg_sent: 2720
tot_reconf_duration: 15.110000000000001
tot_sleeping_duration: 2764841.8242000137
tot_uptimes: 720
tot_uptimes_duration: 43202.44079998648
