comms_cons: 283.27820161414354
finished_reconf: true
global_termination_time: 2811040.183
local_termination_time: 2748183.83536
node_cons: 57870.20274111606
tot_aggregated_send: 39324
tot_msg_rcv: 1312
tot_msg_sent: 2420
tot_reconf_duration: 18.700000000000003
tot_sleeping_duration: 2767840.176920003
tot_uptimes: 720
tot_uptimes_duration: 43200.006079997635
