comms_cons: 283.72800001116536
finished_reconf: false
global_termination_time: 2809022.251
local_termination_time: 0
node_cons: 57844.8081411158
tot_aggregated_send: 39150
tot_msg_rcv: 1364
tot_msg_sent: 2611
tot_reconf_duration: 0
tot_sleeping_duration: 2765822.2449200023
tot_uptimes: 720
tot_uptimes_duration: 43200.006079997635
