comms_cons: 282.2743360202625
finished_reconf: true
global_termination_time: 2810446.864
local_termination_time: 2316520.90336
node_cons: 57855.44398334986
tot_aggregated_send: 39382
tot_msg_rcv: 1145
tot_msg_sent: 2376
tot_reconf_duration: 7.819999999999999
tot_sleeping_duration: 2767246.8457600065
tot_uptimes: 720
tot_uptimes_duration: 43200.01823999337
