comms_cons: 108.24467201215973
finished_reconf: true
global_termination_time: 646927.533
local_termination_time: 133462.56964000085
node_cons: 13262.6808267286
tot_aggregated_send: 0
tot_msg_rcv: 8438
tot_msg_sent: 8014
tot_reconf_duration: 4.8100000000000005
tot_sleeping_duration: 637027.4965199936
tot_uptimes: 166
tot_uptimes_duration: 9900.036480006413
