comms_cons: 27.251046399943696
finished_reconf: true
global_termination_time: 278019.721
local_termination_time: 3000.2980400000033
node_cons: 5708.281900000005
tot_aggregated_send: 4002
tot_msg_rcv: 25
tot_msg_sent: 115
tot_reconf_duration: 3.05
tot_sleeping_duration: 273759.721
tot_uptimes: 72
tot_uptimes_duration: 4260.0
