comms_cons: 1.5329535999991566
finished_reconf: true
global_termination_time: 11870.382
local_termination_time: 7079.639480000001
node_cons: 247.9458000000017
tot_aggregated_send: 0
tot_msg_rcv: 119
tot_msg_sent: 114
tot_reconf_duration: 5.1
tot_sleeping_duration: 11690.382
tot_uptimes: 4
tot_uptimes_duration: 180.0
