comms_cons: 26.01478399993035
finished_reconf: true
global_termination_time: 11372.219360000008
local_termination_time: 2710.5387200000023
node_cons: 3271.4928164000285
tot_aggregated_send: 0
tot_msg_rcv: 1930
tot_msg_sent: 2023
tot_reconf_duration: 6.22
tot_sleeping_duration: 8935.291759999987
tot_uptimes: 34
tot_uptimes_duration: 2436.927600000021
