comms_cons: 39.84426240092141
finished_reconf: true
global_termination_time: 377698.921
local_termination_time: 37215.73036000001
node_cons: 7716.871486725167
tot_aggregated_send: 4698
tot_msg_rcv: 482
tot_msg_sent: 876
tot_reconf_duration: 3.08
tot_sleeping_duration: 371938.8845199961
tot_uptimes: 97
tot_uptimes_duration: 5760.036480003859
