comms_cons: 473.5882111024107
finished_reconf: true
global_termination_time: 2508649.204
local_termination_time: 503017.0746000001
node_cons: 51609.095687817105
tot_aggregated_send: 0
tot_msg_rcv: 36449
tot_msg_sent: 35534
tot_reconf_duration: 22.65
tot_sleeping_duration: 2470129.1614400162
tot_uptimes: 643
tot_uptimes_duration: 38520.04255998344
