comms_cons: 247.9342207985364
finished_reconf: true
global_termination_time: 2507308.277
local_termination_time: 1299825.6413599998
node_cons: 51598.80752111589
tot_aggregated_send: 36076
tot_msg_rcv: 514
tot_msg_sent: 1093
tot_reconf_duration: 15.110000000000001
tot_sleeping_duration: 2468788.270920002
tot_uptimes: 643
tot_uptimes_duration: 38520.006079997635
