comms_cons: 252.61512960092367
finished_reconf: true
global_termination_time: 2508366.018
local_termination_time: 1262389.7623599996
node_cons: 51582.503311167944
tot_aggregated_send: 34394
tot_msg_rcv: 1318
tot_msg_sent: 2684
tot_reconf_duration: 3.05
tot_sleeping_duration: 2469845.9572000233
tot_uptimes: 643
tot_uptimes_duration: 38520.06079997681
