comms_cons: 258.25649919835627
finished_reconf: true
global_termination_time: 2507291.323
local_termination_time: 1006393.4335199981
node_cons: 51585.710927817294
tot_aggregated_send: 33640
tot_msg_rcv: 2011
tot_msg_sent: 3602
tot_reconf_duration: 5.43
tot_sleeping_duration: 2468771.280440016
tot_uptimes: 643
tot_uptimes_duration: 38520.042559983674
