comms_cons: 231.04834558816628
finished_reconf: true
global_termination_time: 2368048.637
local_termination_time: 1772571.88636
node_cons: 48694.49490111615
tot_aggregated_send: 32886
tot_msg_rcv: 798
tot_msg_sent: 1434
tot_reconf_duration: 6.22
tot_sleeping_duration: 2331688.6309200027
tot_uptimes: 607
tot_uptimes_duration: 36360.006079997635
