comms_cons: 63.71676799729316
finished_reconf: true
global_termination_time: 616101.2905999998
local_termination_time: 616101.2494799999
node_cons: 12688.85810784148
tot_aggregated_send: 0
tot_msg_rcv: 588
tot_msg_sent: 9097
tot_reconf_duration: 39.919999999999995
tot_sleeping_duration: 606665.4080399988
tot_uptimes: 158
tot_uptimes_duration: 9435.882560001071
