comms_cons: 300.2906751839401
finished_reconf: true
global_termination_time: 617544.1255999998
local_termination_time: 617544.0844799998
node_cons: 37919.909485000644
tot_aggregated_send: 0
tot_msg_rcv: 18312
tot_msg_sent: 27330
tot_reconf_duration: 24.59
tot_sleeping_duration: 589249.4905999992
tot_uptimes: 464
tot_uptimes_duration: 28294.6350000006
