comms_cons: 62.54864000091945
finished_reconf: true
global_termination_time: 618115.433
local_termination_time: 366336.8009600006
node_cons: 12700.251980000015
tot_aggregated_send: 8410
tot_msg_rcv: 344
tot_msg_sent: 752
tot_reconf_duration: 4.8100000000000005
tot_sleeping_duration: 608635.433
tot_uptimes: 159
tot_uptimes_duration: 9480.0
