comms_cons: 61.792448000143544
finished_reconf: true
global_termination_time: 620028.383
local_termination_time: 124363.85151999978
node_cons: 12704.347701121458
tot_aggregated_send: 8526
tot_msg_rcv: 347
tot_msg_sent: 519
tot_reconf_duration: 7.819999999999999
tot_sleeping_duration: 610548.376919999
tot_uptimes: 159
tot_uptimes_duration: 9480.006080001069
