comms_cons: 47.98868480046415
finished_reconf: true
global_termination_time: 486109.942
local_termination_time: 22514.932200000003
node_cons: 9968.121620000013
tot_aggregated_send: 6902
tot_msg_rcv: 106
tot_msg_sent: 286
tot_reconf_duration: 4.390000000000001
tot_sleeping_duration: 478669.942
tot_uptimes: 125
tot_uptimes_duration: 7440.0
