comms_cons: 692.4014081135421
finished_reconf: true
global_termination_time: 7015333.915
local_termination_time: 3693517.7033599997
node_cons: 144308.5655655805
tot_aggregated_send: 97266
tot_msg_rcv: 2585
tot_msg_sent: 5389
tot_reconf_duration: 13.17
tot_sleeping_duration: 6907573.884600011
tot_uptimes: 1797
tot_uptimes_duration: 107760.0303999891
