comms_cons: 685.8902528918791
finished_reconf: true
global_termination_time: 7015876.631
local_termination_time: 4093803.91104
node_cons: 144303.45817590842
tot_aggregated_send: 96918
tot_msg_rcv: 2386
tot_msg_sent: 4947
tot_reconf_duration: 9.42
tot_sleeping_duration: 6908116.611720005
tot_uptimes: 1797
tot_uptimes_duration: 107760.01927999454
