comms_cons: 700.5921729488598
finished_reconf: true
global_termination_time: 7013789.525
local_termination_time: 473667.9503600001
node_cons: 144297.24525005257
tot_aggregated_send: 97556
tot_msg_rcv: 2945
tot_msg_sent: 5985
tot_reconf_duration: 4.8100000000000005
tot_sleeping_duration: 6906029.470280018
tot_uptimes: 1797
tot_uptimes_duration: 107760.05471998308
