comms_cons: 48.84398080063137
finished_reconf: true
global_termination_time: 482831.562
local_termination_time: 34427.812
node_cons: 9933.727294480308
tot_aggregated_send: 6610
tot_msg_rcv: 297
tot_msg_sent: 517
tot_reconf_duration: 22.65
tot_sleeping_duration: 475435.76767999976
tot_uptimes: 124
tot_uptimes_duration: 7395.794320000223
