comms_cons: 48.725555200584736
finished_reconf: true
global_termination_time: 484806.738
local_termination_time: 5494.860600000001
node_cons: 9969.093941120305
tot_aggregated_send: 6844
tot_msg_rcv: 218
tot_msg_sent: 344
tot_reconf_duration: 5.1
tot_sleeping_duration: 477366.73191999976
tot_uptimes: 125
tot_uptimes_duration: 7440.0060800002175
