comms_cons: 47.83078400018138
finished_reconf: true
global_termination_time: 486177.093
local_termination_time: 5504.402720000001
node_cons: 9980.053001120305
tot_aggregated_send: 7018
tot_msg_rcv: 90
tot_msg_sent: 162
tot_reconf_duration: 13.17
tot_sleeping_duration: 478737.0869199998
tot_uptimes: 125
tot_uptimes_duration: 7440.0060800002175
