comms_cons: 141.22984962073937
finished_reconf: true
global_termination_time: 482278.55468000023
local_termination_time: 482278.5135600002
node_cons: 19834.75911652039
tot_aggregated_send: 0
tot_msg_rcv: 7182
tot_msg_sent: 14284
tot_reconf_duration: 24.59
tot_sleeping_duration: 467490.38
tot_uptimes: 247
tot_uptimes_duration: 14788.174680000258
