comms_cons: 32.44819840041627
finished_reconf: true
global_termination_time: 158602.74384000068
local_termination_time: 1921.8846000000005
node_cons: 3295.5687520014917
tot_aggregated_send: 0
tot_msg_rcv: 2577
tot_msg_sent: 2350
tot_reconf_duration: 18.21
tot_sleeping_duration: 156159.99583999955
tot_uptimes: 41
tot_uptimes_duration: 2442.748000001113
