comms_cons: 16.113087999934532
finished_reconf: true
global_termination_time: 160982.056
local_termination_time: 13883.523000000001
node_cons: 3303.7390328791616
tot_aggregated_send: 2201
tot_msg_rcv: 74
tot_msg_sent: 174
tot_reconf_duration: 4.8100000000000005
tot_sleeping_duration: 158519.61608000062
tot_uptimes: 42
tot_uptimes_duration: 2462.4399199993713
