comms_cons: 16.033510400094865
finished_reconf: true
global_termination_time: 163437.655
local_termination_time: 94457.82287999948
node_cons: 3313.076245440755
tot_aggregated_send: 2262
tot_msg_rcv: 67
tot_msg_sent: 108
tot_reconf_duration: 11.31
tot_sleeping_duration: 160974.83403999946
tot_uptimes: 42
tot_uptimes_duration: 2462.8209600005503
