comms_cons: 434.9890368843931
finished_reconf: true
global_termination_time: 4325396.948
local_termination_time: 428669.681
node_cons: 88970.83509340577
tot_aggregated_send: 59715
tot_msg_rcv: 2005
tot_msg_sent: 4395
tot_reconf_duration: 25.299999999999997
tot_sleeping_duration: 4258976.875040024
tot_uptimes: 1108
tot_uptimes_duration: 66420.07295997621
