comms_cons: 434.60469127477376
finished_reconf: true
global_termination_time: 4324297.77
local_termination_time: 677954.1454799998
node_cons: 88940.64405116746
tot_aggregated_send: 59798
tot_msg_rcv: 2244
tot_msg_sent: 4016
tot_reconf_duration: 3.08
tot_sleeping_duration: 4257877.709200022
tot_uptimes: 1108
tot_uptimes_duration: 66420.06079997751
