comms_cons: 430.25333762992676
finished_reconf: true
global_termination_time: 4323312.973
local_termination_time: 1337587.78936
node_cons: 88961.80716446612
tot_aggregated_send: 60494
tot_msg_rcv: 1776
tot_msg_sent: 3125
tot_reconf_duration: 18.700000000000003
tot_sleeping_duration: 4256892.948680009
tot_uptimes: 1108
tot_uptimes_duration: 66420.02431999124
