comms_cons: 31.974912000068677
finished_reconf: true
global_termination_time: 336349.031
local_termination_time: 141055.16940000036
node_cons: 6915.771980000004
tot_aggregated_send: 4350
tot_msg_rcv: 159
tot_msg_sent: 351
tot_reconf_duration: 4.8100000000000005
tot_sleeping_duration: 331189.031
tot_uptimes: 87
tot_uptimes_duration: 5160.0
