comms_cons: 137.93950719605334
finished_reconf: true
global_termination_time: 1391746.331
local_termination_time: 124518.72947999997
node_cons: 28625.769180000054
tot_aggregated_send: 20010
tot_msg_rcv: 334
tot_msg_sent: 622
tot_reconf_duration: 18.21
tot_sleeping_duration: 1370386.331
tot_uptimes: 357
tot_uptimes_duration: 21360.0
