comms_cons: 73.54417919947574
finished_reconf: true
global_termination_time: 731456.9788799981
local_termination_time: 731456.9788799981
node_cons: 15140.03556768172
tot_aggregated_send: 10252
tot_msg_rcv: 288
tot_msg_sent: 640
tot_reconf_duration: 24.59
tot_sleeping_duration: 720174.9457599969
tot_uptimes: 188
tot_uptimes_duration: 11282.033120001259
