comms_cons: 74.11916160073517
finished_reconf: true
global_termination_time: 731958.497
local_termination_time: 372650.8918400006
node_cons: 15032.140804485703
tot_aggregated_send: 9628
tot_msg_rcv: 530
tot_msg_sent: 1106
tot_reconf_duration: 6.279999999999999
tot_sleeping_duration: 720738.4726799957
tot_uptimes: 188
tot_uptimes_duration: 11220.024320004275
