comms_cons: 73.66730239963289
finished_reconf: true
global_termination_time: 732947.773
local_termination_time: 340489.0483600001
node_cons: 15030.136403359713
tot_aggregated_send: 10092
tot_msg_rcv: 384
tot_msg_sent: 721
tot_reconf_duration: 4.8100000000000005
tot_sleeping_duration: 721727.7547600003
tot_uptimes: 188
tot_uptimes_duration: 11220.018239999772
