comms_cons: 75.49099519895876
finished_reconf: true
global_termination_time: 735299.136
local_termination_time: 300849.9173600001
node_cons: 15114.563983364324
tot_aggregated_send: 9512
tot_msg_rcv: 695
tot_msg_sent: 1268
tot_reconf_duration: 7.819999999999999
tot_sleeping_duration: 724019.1177599968
tot_uptimes: 189
tot_uptimes_duration: 11280.018240003206
