comms_cons: 21.178444801192416
finished_reconf: true
global_termination_time: 231122.65724000018
local_termination_time: 3320.08212
node_cons: 4793.970861600835
tot_aggregated_send: 0
tot_msg_rcv: 254
tot_msg_sent: 2964
tot_reconf_duration: 21.68
tot_sleeping_duration: 227564.38283999954
tot_uptimes: 60
tot_uptimes_duration: 3558.2744000006205
