comms_cons: 35.19600000006632
finished_reconf: true
global_termination_time: 343141.295
local_termination_time: 54890.00736
node_cons: 7020.379405600315
tot_aggregated_send: 4408
tot_msg_rcv: 318
tot_msg_sent: 623
tot_reconf_duration: 22.65
tot_sleeping_duration: 337921.26459999976
tot_uptimes: 88
tot_uptimes_duration: 5220.030400000236
