comms_cons: 34.78325759987958
finished_reconf: true
global_termination_time: 343037.199
local_termination_time: 204634.57236000002
node_cons: 7000.199559999979
tot_aggregated_send: 4466
tot_msg_rcv: 247
tot_msg_sent: 573
tot_reconf_duration: 7.819999999999999
tot_sleeping_duration: 337817.199
tot_uptimes: 88
tot_uptimes_duration: 5220.0
