comms_cons: 17.162560000016448
finished_reconf: true
global_termination_time: 162057.37
local_termination_time: 1152.4154800000003
node_cons: 3300.4801211200074
tot_aggregated_send: 1972
tot_msg_rcv: 233
tot_msg_sent: 403
tot_reconf_duration: 4.8100000000000005
tot_sleeping_duration: 159597.36391999997
tot_uptimes: 42
tot_uptimes_duration: 2460.0060800000047
