comms_cons: 31.539462399466032
finished_reconf: true
global_termination_time: 162481.202
local_termination_time: 2890.1203600000003
node_cons: 3299.909761119153
tot_aggregated_send: 0
tot_msg_rcv: 2415
tot_msg_sent: 2377
tot_reconf_duration: 4.390000000000001
tot_sleeping_duration: 160021.1959200006
tot_uptimes: 42
tot_uptimes_duration: 2460.006079999366
