comms_cons: 16.573004800029842
finished_reconf: true
global_termination_time: 162015.273
local_termination_time: 4629.969120000004
node_cons: 3315.8911448000167
tot_aggregated_send: 2030
tot_msg_rcv: 147
tot_msg_sent: 342
tot_reconf_duration: 11.31
tot_sleeping_duration: 159550.34979999997
tot_uptimes: 42
tot_uptimes_duration: 2464.923200000011
