comms_cons: 59.770201600245684
finished_reconf: true
global_termination_time: 604542.329
local_termination_time: 305.0408799999993
node_cons: 12427.874885439167
tot_aggregated_send: 8642
tot_msg_rcv: 160
tot_msg_sent: 282
tot_reconf_duration: 25.299999999999997
tot_sleeping_duration: 595286.5280400007
tot_uptimes: 155
tot_uptimes_duration: 9255.800959999366
