comms_cons: 31.830169600347677
finished_reconf: true
global_termination_time: 326583.851
local_termination_time: 156324.1279600006
node_cons: 6683.578980000004
tot_aggregated_send: 4524
tot_msg_rcv: 120
tot_msg_sent: 194
tot_reconf_duration: 11.31
tot_sleeping_duration: 321603.851
tot_uptimes: 84
tot_uptimes_duration: 4980.0
