comms_cons: 46.79804800337923
finished_reconf: true
global_termination_time: 238376.81924000033
local_termination_time: 26889.47648
node_cons: 4970.208169360439
tot_aggregated_send: 0
tot_msg_rcv: 3641
tot_msg_sent: 3470
tot_reconf_duration: 18.21
tot_sleeping_duration: 234683.407
tot_uptimes: 62
tot_uptimes_duration: 3693.4122400003253
