comms_cons: 200.1961024134701
finished_reconf: true
global_termination_time: 238376.7370000003
local_termination_time: 23967.247
node_cons: 23754.813170837042
tot_aggregated_send: 0
tot_msg_rcv: 13759
tot_msg_sent: 16669
tot_reconf_duration: 4.390000000000001
tot_sleeping_duration: 220640.47744000255
tot_uptimes: 287
tot_uptimes_duration: 17736.25955999777
