comms_cons: 1.355315199995523
finished_reconf: true
global_termination_time: 10008.57648
local_termination_time: 10008.53536
node_cons: 229.8412198400071
tot_aggregated_send: 0
tot_msg_rcv: 106
tot_msg_sent: 99
tot_reconf_duration: 37.410000000000004
tot_sleeping_duration: 9874.865919999995
tot_uptimes: 3
tot_uptimes_duration: 133.710560000005
