comms_cons: 1.4671615999993741
finished_reconf: true
global_termination_time: 11351.423
local_termination_time: 5686.691360000001
node_cons: 178.5648600000001
tot_aggregated_send: 0
tot_msg_rcv: 118
tot_msg_sent: 104
tot_reconf_duration: 13.17
tot_sleeping_duration: 11231.423
tot_uptimes: 3
tot_uptimes_duration: 120.0
