comms_cons: 1.5000575999950445
finished_reconf: true
global_termination_time: 13729.12
local_termination_time: 7089.3463600000005
node_cons: 261.5393800000008
tot_aggregated_send: 0
tot_msg_rcv: 123
tot_msg_sent: 105
tot_reconf_duration: 15.110000000000001
tot_sleeping_duration: 13549.12
tot_uptimes: 4
tot_uptimes_duration: 180.0
