comms_cons: 97.58927360000425
finished_reconf: true
global_termination_time: 976505.8124799998
local_termination_time: 976505.7713599999
node_cons: 20154.16936096269
tot_aggregated_send: 13836
tot_msg_rcv: 348
tot_msg_sent: 648
tot_reconf_duration: 37.410000000000004
tot_sleeping_duration: 961492.0958399979
tot_uptimes: 251
tot_uptimes_duration: 15013.716640001978
