comms_cons: 100.29655039554336
finished_reconf: true
global_termination_time: 977812.589
local_termination_time: 503769.2274400002
node_cons: 20097.379521116844
tot_aggregated_send: 12702
tot_msg_rcv: 921
tot_msg_sent: 1622
tot_reconf_duration: 9.11
tot_sleeping_duration: 962812.5829200024
tot_uptimes: 251
tot_uptimes_duration: 15000.006079997635
