comms_cons: 130.99187199638143
finished_reconf: true
global_termination_time: 1328199.005
local_termination_time: 585829.6433599999
node_cons: 27326.58621999984
tot_aggregated_send: 19372
tot_msg_rcv: 197
tot_msg_sent: 341
tot_reconf_duration: 8.09
tot_sleeping_duration: 1307799.005
tot_uptimes: 341
tot_uptimes_duration: 20399.999999999884
