comms_cons: 197.5638783051165
finished_reconf: true
global_termination_time: 995149.5847599992
local_termination_time: 369.27903999999944
node_cons: 20477.008845996337
tot_aggregated_send: 0
tot_msg_rcv: 15279
tot_msg_sent: 14747
tot_reconf_duration: 18.21
tot_sleeping_duration: 979875.290760002
tot_uptimes: 255
tot_uptimes_duration: 15274.293999997244
