comms_cons: 75.15445759886764
finished_reconf: true
global_termination_time: 752149.534
local_termination_time: 225652.46899999998
node_cons: 15460.289757200999
tot_aggregated_send: 10438
tot_msg_rcv: 379
tot_msg_sent: 607
tot_reconf_duration: 22.65
tot_sleeping_duration: 740626.3591999992
tot_uptimes: 193
tot_uptimes_duration: 11523.174800000736
