comms_cons: 76.62261119624044
finished_reconf: true
global_termination_time: 751899.144
local_termination_time: 264262.48036000005
node_cons: 15445.84008559796
tot_aggregated_send: 9976
tot_msg_rcv: 518
tot_msg_sent: 1152
tot_reconf_duration: 15.110000000000001
tot_sleeping_duration: 740379.1136000014
tot_uptimes: 193
tot_uptimes_duration: 11520.030399998475
