comms_cons: 77.41086719262529
finished_reconf: true
global_termination_time: 753941.762
local_termination_time: 239278.06636000006
node_cons: 15531.047164476564
tot_aggregated_send: 9976
tot_msg_rcv: 586
tot_msg_sent: 1204
tot_reconf_duration: 18.700000000000003
tot_sleeping_duration: 742361.7376800026
tot_uptimes: 194
tot_uptimes_duration: 11580.024319997407
