comms_cons: 74.96227199854725
finished_reconf: true
global_termination_time: 752411.073
local_termination_time: 356370.426
node_cons: 15449.55593256278
tot_aggregated_send: 10376
tot_msg_rcv: 259
tot_msg_sent: 759
tot_reconf_duration: 11.899999999999999
tot_sleeping_duration: 740885.0119599978
tot_uptimes: 193
tot_uptimes_duration: 11526.061040002096
