comms_cons: 150.38010876298716
finished_reconf: true
global_termination_time: 753355.505
local_termination_time: 1176.8373600000002
node_cons: 15440.712250080283
tot_aggregated_send: 0
tot_msg_rcv: 11708
tot_msg_sent: 11147
tot_reconf_duration: 11.31
tot_sleeping_duration: 741835.4502799999
tot_uptimes: 193
tot_uptimes_duration: 11520.054720000197
