comms_cons: 838.0608321627419
finished_reconf: true
global_termination_time: 8535536.313
local_termination_time: 4606528.541479999
node_cons: 175563.4682266959
tot_aggregated_send: 119016
tot_msg_rcv: 2740
tot_msg_sent: 5624
tot_reconf_duration: 15.110000000000001
tot_sleeping_duration: 8404436.276520012
tot_uptimes: 2186
tot_uptimes_duration: 131100.0364799872
