comms_cons: 855.6379586416638
finished_reconf: true
global_termination_time: 8533536.949
local_termination_time: 580452.9263599999
node_cons: 175573.74825228154
tot_aggregated_send: 118668
tot_msg_rcv: 3849
tot_msg_sent: 7534
tot_reconf_duration: 22.65
tot_sleeping_duration: 8402436.882120023
tot_uptimes: 2186
tot_uptimes_duration: 131100.06687997584
