comms_cons: 829.777612964001
finished_reconf: true
global_termination_time: 8533343.42
local_termination_time: 4981520.94936
node_cons: 175560.10038669655
tot_aggregated_send: 117044
tot_msg_rcv: 2929
tot_msg_sent: 6149
tot_reconf_duration: 12.629999999999999
tot_sleeping_duration: 8402243.383520013
tot_uptimes: 2186
tot_uptimes_duration: 131100.0364799872
