comms_cons: 857.1377346616147
finished_reconf: true
global_termination_time: 8535600.385
local_termination_time: 1448201.1041199989
node_cons: 175547.13959339808
tot_aggregated_send: 118378
tot_msg_rcv: 3939
tot_msg_sent: 7961
tot_reconf_duration: 3.05
tot_sleeping_duration: 8404500.312040025
tot_uptimes: 2186
tot_uptimes_duration: 131100.07295997348
