comms_cons: 857.5822594603975
finished_reconf: true
global_termination_time: 8531774.254
local_termination_time: 1513305.98036
node_cons: 175473.26097116445
tot_aggregated_send: 118436
tot_msg_rcv: 4049
tot_msg_sent: 7862
tot_reconf_duration: 7.819999999999999
tot_sleeping_duration: 8400734.193200022
tot_uptimes: 2185
tot_uptimes_duration: 131040.06079997797
