comms_cons: 501.6790400120319
finished_reconf: true
global_termination_time: 744207.8570000001
local_termination_time: 301024.80520000064
node_cons: 74470.12660049403
tot_aggregated_send: 0
tot_msg_rcv: 34444
tot_msg_sent: 41808
tot_reconf_duration: 15.34
tot_sleeping_duration: 688607.1886799884
tot_uptimes: 906
tot_uptimes_duration: 55600.66832001168
