comms_cons: 115.30705920284986
finished_reconf: true
global_termination_time: 747437.749
local_termination_time: 301946.97036000004
node_cons: 15353.468239999982
tot_aggregated_send: 0
tot_msg_rcv: 8886
tot_msg_sent: 8640
tot_reconf_duration: 6.279999999999999
tot_sleeping_duration: 735977.749
tot_uptimes: 192
tot_uptimes_duration: 11460.0
