comms_cons: 115.8077056033727
finished_reconf: true
global_termination_time: 744207.8570000001
local_termination_time: 302820.7103600001
node_cons: 15294.169302243068
tot_aggregated_send: 0
tot_msg_rcv: 9015
tot_msg_sent: 8588
tot_reconf_duration: 7.819999999999999
tot_sleeping_duration: 732793.7048399978
tot_uptimes: 191
tot_uptimes_duration: 11414.152160002268
