comms_cons: 75.44956800087816
finished_reconf: true
global_termination_time: 749183.789
local_termination_time: 159600.07236000005
node_cons: 15360.323403364311
tot_aggregated_send: 9802
tot_msg_rcv: 521
tot_msg_sent: 1145
tot_reconf_duration: 11.31
tot_sleeping_duration: 737723.7707599967
tot_uptimes: 192
tot_uptimes_duration: 11460.018240003206
