comms_cons: 282.7109376076374
finished_reconf: true
global_termination_time: 2852963.313
local_termination_time: 1750913.76936
node_cons: 58682.56554111583
tot_aggregated_send: 41122
tot_msg_rcv: 654
tot_msg_sent: 1195
tot_reconf_duration: 25.299999999999997
tot_sleeping_duration: 2809163.3069200027
tot_uptimes: 731
tot_uptimes_duration: 43800.006079997635
