comms_cons: 284.2652415956814
finished_reconf: true
global_termination_time: 2855482.865
local_termination_time: 404412.8443600001
node_cons: 58739.52621999896
tot_aggregated_send: 40310
tot_msg_rcv: 815
tot_msg_sent: 2081
tot_reconf_duration: 8.09
tot_sleeping_duration: 2811622.865
tot_uptimes: 732
tot_uptimes_duration: 43860.0
