comms_cons: 289.47260160243536
finished_reconf: true
global_termination_time: 2852273.514
local_termination_time: 905254.199879999
node_cons: 58735.13710893462
tot_aggregated_send: 38280
tot_msg_rcv: 1991
tot_msg_sent: 3726
tot_reconf_duration: 4.8100000000000005
tot_sleeping_duration: 2808413.465360018
tot_uptimes: 731
tot_uptimes_duration: 43860.048639981775
