comms_cons: 280.07654399250333
finished_reconf: true
global_termination_time: 2853259.706
local_termination_time: 2329612.0493599996
node_cons: 58663.07009999856
tot_aggregated_send: 41064
tot_msg_rcv: 570
tot_msg_sent: 936
tot_reconf_duration: 10.95
tot_sleeping_duration: 2809459.706
tot_uptimes: 731
tot_uptimes_duration: 43800.0
