comms_cons: 567.4171011111014
finished_reconf: true
global_termination_time: 2852233.5376799963
local_termination_time: 1562.3066000000024
node_cons: 58732.07925204632
tot_aggregated_send: 0
tot_msg_rcv: 43846
tot_msg_sent: 42393
tot_reconf_duration: 11.31
tot_sleeping_duration: 2808382.3649600204
tot_uptimes: 731
tot_uptimes_duration: 43851.172719975635
