comms_cons: 162.48055039316247
finished_reconf: true
global_termination_time: 1670207.437
local_termination_time: 1161845.3819999988
node_cons: 34335.954982233525
tot_aggregated_send: 22446
tot_msg_rcv: 719
tot_msg_sent: 1532
tot_reconf_duration: 22.65
tot_sleeping_duration: 1644587.4248400046
tot_uptimes: 428
tot_uptimes_duration: 25620.01215999527
