comms_cons: 28.856998400131523
finished_reconf: true
global_termination_time: 294686.177
local_termination_time: 200720.63440000082
node_cons: 6044.022866722574
tot_aggregated_send: 4176
tot_msg_rcv: 57
tot_msg_sent: 153
tot_reconf_duration: 13.17
tot_sleeping_duration: 290185.70051999815
tot_uptimes: 76
tot_uptimes_duration: 4500.476480001904
