comms_cons: 371.9064448201326
finished_reconf: true
global_termination_time: 3837631.79
local_termination_time: 1958873.874119998
node_cons: 78953.57031590912
tot_aggregated_send: 53070
tot_msg_rcv: 1040
tot_msg_sent: 2417
tot_reconf_duration: 25.299999999999997
tot_sleeping_duration: 3778692.870720007
tot_uptimes: 983
tot_uptimes_duration: 58938.91927999328
