comms_cons: 387.8989504407362
finished_reconf: true
global_termination_time: 3832279.702
local_termination_time: 150471.05132000067
node_cons: 78820.1289678208
tot_aggregated_send: 52432
tot_msg_rcv: 2225
tot_msg_sent: 4300
tot_reconf_duration: 4.8100000000000005
tot_sleeping_duration: 3773419.6594400126
tot_uptimes: 982
tot_uptimes_duration: 58860.04255998711
