comms_cons: 382.3799424367865
finished_reconf: true
global_termination_time: 3833082.769
local_termination_time: 1576228.5769199994
node_cons: 78828.93968558325
tot_aggregated_send: 52954
tot_msg_rcv: 1860
tot_msg_sent: 3302
tot_reconf_duration: 11.31
tot_sleeping_duration: 3774222.738600011
tot_uptimes: 982
tot_uptimes_duration: 58860.03039998887
