comms_cons: 414.2550912572287
finished_reconf: true
global_termination_time: 4094949.936
local_termination_time: 144966.87812000047
node_cons: 84204.9377922974
tot_aggregated_send: 56840
tot_msg_rcv: 2171
tot_msg_sent: 3952
tot_reconf_duration: 6.279999999999999
tot_sleeping_duration: 4032069.8691200158
tot_uptimes: 1049
tot_uptimes_duration: 62880.06687998475
