comms_cons: 1978.0923810335805
finished_reconf: true
global_termination_time: 4094678.5415999996
local_termination_time: 4094678.5004799995
node_cons: 248250.5111391593
tot_aggregated_send: 0
tot_msg_rcv: 121587
tot_msg_sent: 179072
tot_reconf_duration: 37.410000000000004
tot_sleeping_duration: 3909316.5488000233
tot_uptimes: 3034
tot_uptimes_duration: 185361.99279997637
