comms_cons: 412.61515527359506
finished_reconf: true
global_termination_time: 4096554.693
local_termination_time: 1033347.3063599998
node_cons: 84297.23636781718
tot_aggregated_send: 57420
tot_msg_rcv: 1878
tot_msg_sent: 3417
tot_reconf_duration: 15.110000000000001
tot_sleeping_duration: 4033614.6504400154
tot_uptimes: 1050
tot_uptimes_duration: 62940.042559984606
