comms_cons: 413.4283264629929
finished_reconf: true
global_termination_time: 4098428.709
local_termination_time: 1048117.5744799998
node_cons: 84289.50259926029
tot_aggregated_send: 57188
tot_msg_rcv: 1996
tot_msg_sent: 3654
tot_reconf_duration: 9.42
tot_sleeping_duration: 4035488.671480013
tot_uptimes: 1050
tot_uptimes_duration: 62940.03751998686
