comms_cons: 415.41726727455494
finished_reconf: true
global_termination_time: 4096031.466
local_termination_time: 961530.72136
node_cons: 84200.51074669983
tot_aggregated_send: 55738
tot_msg_rcv: 2351
tot_msg_sent: 5052
tot_reconf_duration: 3.05
tot_sleeping_duration: 4033151.4295200133
tot_uptimes: 1049
tot_uptimes_duration: 62880.036479986506
