comms_cons: 220.88410867414635
finished_reconf: true
global_termination_time: 1121807.2609199996
local_termination_time: 170.91603999999998
node_cons: 23118.36855711529
tot_aggregated_send: 0
tot_msg_rcv: 16921
tot_msg_sent: 16652
tot_reconf_duration: 18.21
tot_sleeping_duration: 1104560.3308400032
tot_uptimes: 288
tot_uptimes_duration: 17246.930079996455
