comms_cons: 117.8610431923546
finished_reconf: true
global_termination_time: 1162811.18624
local_termination_time: 71404.30947999997
node_cons: 23906.19470166597
tot_aggregated_send: 15428
tot_msg_rcv: 742
tot_msg_sent: 1743
tot_reconf_duration: 18.21
tot_sleeping_duration: 1144975.8871200106
tot_uptimes: 298
tot_uptimes_duration: 17835.29911998949
