comms_cons: 121.52062718607232
finished_reconf: true
global_termination_time: 1164185.625
local_termination_time: 393072.023480001
node_cons: 23978.411250548448
tot_aggregated_send: 15254
tot_msg_rcv: 1178
tot_msg_sent: 2038
tot_reconf_duration: 15.34
tot_sleeping_duration: 1146293.4819600086
tot_uptimes: 299
tot_uptimes_duration: 17892.143039991322
