comms_cons: 117.03801599340751
finished_reconf: true
global_termination_time: 1164523.466
local_termination_time: 652821.5723599999
node_cons: 23957.496482233735
tot_aggregated_send: 16240
tot_msg_rcv: 513
tot_msg_sent: 1037
tot_reconf_duration: 11.899999999999999
tot_sleeping_duration: 1146643.4538400047
tot_uptimes: 299
tot_uptimes_duration: 17880.01215999527
