comms_cons: 788.701337714029
finished_reconf: true
global_termination_time: 7951601.465559999
local_termination_time: 7951601.424439999
node_cons: 163654.07640806737
tot_aggregated_send: 114466
tot_msg_rcv: 1798
tot_msg_sent: 3613
tot_reconf_duration: 37.410000000000004
tot_sleeping_duration: 7829418.288840004
tot_uptimes: 2037
tot_uptimes_duration: 122183.17671999498
