comms_cons: 799.8788098139198
finished_reconf: true
global_termination_time: 7952759.886
local_termination_time: 1962455.050119999
node_cons: 163593.12870781388
tot_aggregated_send: 110142
tot_msg_rcv: 3905
tot_msg_sent: 7529
tot_reconf_duration: 15.34
tot_sleeping_duration: 7830599.843440016
tot_uptimes: 2037
tot_uptimes_duration: 122160.0425599846
