comms_cons: 776.7295233639717
finished_reconf: true
global_termination_time: 7951784.295
local_termination_time: 4981520.94936
node_cons: 163589.4403866971
tot_aggregated_send: 108982
tot_msg_rcv: 2928
tot_msg_sent: 6149
tot_reconf_duration: 12.629999999999999
tot_sleeping_duration: 7829624.258520013
tot_uptimes: 2037
tot_uptimes_duration: 122160.0364799872
