comms_cons: 799.5047042102195
finished_reconf: true
global_termination_time: 7953175.981
local_termination_time: 1551159.2622799983
node_cons: 163580.7439084937
tot_aggregated_send: 110258
tot_msg_rcv: 3829
tot_msg_sent: 7431
tot_reconf_duration: 6.22
tot_sleeping_duration: 7831015.938320016
tot_uptimes: 2037
tot_uptimes_duration: 122160.04267998459
