comms_cons: 0.23027199999924056
finished_reconf: true
global_termination_time: 3532.4039600000024
local_termination_time: 3519.06836
node_cons: 72.51261744000274
tot_aggregated_send: 0
tot_msg_rcv: 26
tot_msg_sent: 8
tot_reconf_duration: 18.700000000000003
tot_sleeping_duration: 3497.215
tot_uptimes: 1
tot_uptimes_duration: 35.188960000002226
