comms_cons: 2.171763199993735
finished_reconf: true
global_termination_time: 13203.01948
local_termination_time: 13202.978360000001
node_cons: 292.771659840007
tot_aggregated_send: 0
tot_msg_rcv: 161
tot_msg_sent: 168
tot_reconf_duration: 24.59
tot_sleeping_duration: 13009.308919999996
tot_uptimes: 4
tot_uptimes_duration: 193.710560000005
