comms_cons: 495.0497280604667
finished_reconf: true
global_termination_time: 5048004.59
local_termination_time: 1949921.38036
node_cons: 103820.15242558283
tot_aggregated_send: 70992
tot_msg_rcv: 1296
tot_msg_sent: 2956
tot_reconf_duration: 15.34
tot_sleeping_duration: 4970484.5596000105
tot_uptimes: 1293
tot_uptimes_duration: 77520.03039998934
