comms_cons: 496.24273925423364
finished_reconf: true
global_termination_time: 5044335.999
local_termination_time: 2829813.1158799995
node_cons: 103727.5008044659
tot_aggregated_send: 70586
tot_msg_rcv: 1524
tot_msg_sent: 3316
tot_reconf_duration: 6.279999999999999
tot_sleeping_duration: 4966875.974680008
tot_uptimes: 1292
tot_uptimes_duration: 77460.02431999147
