comms_cons: 506.9526016826896
finished_reconf: true
global_termination_time: 5044337.237
local_termination_time: 299590.34864000045
node_cons: 103749.77197005006
tot_aggregated_send: 70122
tot_msg_rcv: 2276
tot_msg_sent: 4656
tot_reconf_duration: 22.65
tot_sleeping_duration: 4966877.18228002
tot_uptimes: 1292
tot_uptimes_duration: 77460.05471997987
