comms_cons: 504.4655873013261
finished_reconf: true
global_termination_time: 5044813.886
local_termination_time: 1197922.5993599996
node_cons: 103723.1400661348
tot_aggregated_send: 70064
tot_msg_rcv: 2145
tot_msg_sent: 4464
tot_reconf_duration: 3.05
tot_sleeping_duration: 4967353.842560016
tot_uptimes: 1292
tot_uptimes_duration: 77460.04343998362
