comms_cons: 348.0573376376633
finished_reconf: true
global_termination_time: 3431665.565
local_termination_time: 1000873.612119998
node_cons: 70545.06826223247
tot_aggregated_send: 47038
tot_msg_rcv: 1975
tot_msg_sent: 3888
tot_reconf_duration: 4.8100000000000005
tot_sleeping_duration: 3378985.552840004
tot_uptimes: 879
tot_uptimes_duration: 52680.0121599955
