comms_cons: 341.85390081842263
finished_reconf: true
global_termination_time: 3443376.741
local_termination_time: 359594.15836000006
node_cons: 70804.34245005024
tot_aggregated_send: 48024
tot_msg_rcv: 1326
tot_msg_sent: 2608
tot_reconf_duration: 18.21
tot_sleeping_duration: 3390516.686280021
tot_uptimes: 882
tot_uptimes_duration: 52860.05471997894
