comms_cons: 351.3630656359021
finished_reconf: true
global_termination_time: 3439946.1962399944
local_termination_time: 130633.71735999972
node_cons: 70751.3138872349
tot_aggregated_send: 46458
tot_msg_rcv: 2406
tot_msg_sent: 4540
tot_reconf_duration: 11.31
tot_sleeping_duration: 3387118.7467200267
tot_uptimes: 881
tot_uptimes_duration: 52827.449519967486
