comms_cons: 353.55742086134615
finished_reconf: true
global_termination_time: 3441177.63
local_termination_time: 546326.0753599999
node_cons: 70800.46941340099
tot_aggregated_send: 45646
tot_msg_rcv: 2651
tot_msg_sent: 5440
tot_reconf_duration: 15.34
tot_sleeping_duration: 3388317.557040028
tot_uptimes: 882
tot_uptimes_duration: 52860.07295997208
