comms_cons: 59.31834880045503
finished_reconf: true
global_termination_time: 570909.6106799984
local_termination_time: 570909.5695599985
node_cons: 11830.676821999106
tot_aggregated_send: 7352
tot_msg_rcv: 513
tot_msg_sent: 1151
tot_reconf_duration: 24.59
tot_sleeping_duration: 562099.0926799991
tot_uptimes: 147
tot_uptimes_duration: 8810.517999999312
