comms_cons: 59.53580800119811
finished_reconf: true
global_termination_time: 572739.594
local_termination_time: 9727.848040000003
node_cons: 11754.418026728601
tot_aggregated_send: 7366
tot_msg_rcv: 592
tot_msg_sent: 1091
tot_reconf_duration: 18.21
tot_sleeping_duration: 563979.5575199936
tot_uptimes: 147
tot_uptimes_duration: 8760.036480006413
