comms_cons: 60.159859199692214
finished_reconf: true
global_termination_time: 570910.4607199999
local_termination_time: 5422.619480000004
node_cons: 11757.790885281845
tot_aggregated_send: 7076
tot_msg_rcv: 660
tot_msg_sent: 1407
tot_reconf_duration: 4.390000000000001
tot_sleeping_duration: 562133.8891999985
tot_uptimes: 147
tot_uptimes_duration: 8776.571520001367
