comms_cons: 58.26972160006119
finished_reconf: true
global_termination_time: 572640.565
local_termination_time: 351807.2170400003
node_cons: 11738.094901121409
tot_aggregated_send: 7888
tot_msg_rcv: 391
tot_msg_sent: 576
tot_reconf_duration: 6.22
tot_sleeping_duration: 563880.5589199989
tot_uptimes: 147
tot_uptimes_duration: 8760.006080001069
