comms_cons: 20.086924800198553
finished_reconf: true
global_termination_time: 193325.807
local_termination_time: 25723.50764
node_cons: 3944.2513756042126
tot_aggregated_send: 2378
tot_msg_rcv: 213
tot_msg_sent: 462
tot_reconf_duration: 5.57
tot_sleeping_duration: 190385.78659999688
tot_uptimes: 50
tot_uptimes_duration: 2940.0204000031445
