comms_cons: 20.217881600026242
finished_reconf: true
global_termination_time: 193097.882
local_termination_time: 56664.95336000001
node_cons: 3952.0352622405817
tot_aggregated_send: 2552
tot_msg_rcv: 239
tot_msg_sent: 282
tot_reconf_duration: 11.31
tot_sleeping_duration: 190157.86983999956
tot_uptimes: 50
tot_uptimes_duration: 2940.012160000435
