comms_cons: 352.7444416151205
finished_reconf: true
global_termination_time: 3520792.177
local_termination_time: 1344233.2413599999
node_cons: 72397.36692558356
tot_aggregated_send: 48720
tot_msg_rcv: 1478
tot_msg_sent: 3417
tot_reconf_duration: 8.09
tot_sleeping_duration: 3466732.1466000113
tot_uptimes: 902
tot_uptimes_duration: 54060.03039998887
