comms_cons: 353.88439045380665
finished_reconf: true
global_termination_time: 3523737.542
local_termination_time: 1409831.2564799997
node_cons: 72487.24008558327
tot_aggregated_send: 49010
tot_msg_rcv: 1523
tot_msg_sent: 3254
tot_reconf_duration: 15.110000000000001
tot_sleeping_duration: 3469617.511600011
tot_uptimes: 903
tot_uptimes_duration: 54120.03039998887
