comms_cons: 357.15845124403234
finished_reconf: true
global_termination_time: 3521619.237
local_termination_time: 739853.59836
node_cons: 72390.51446446605
tot_aggregated_send: 48778
tot_msg_rcv: 2023
tot_msg_sent: 3485
tot_reconf_duration: 3.05
tot_sleeping_duration: 3467559.212680009
tot_uptimes: 902
tot_uptimes_duration: 54060.02431999077
