comms_cons: 73.37684479917601
finished_reconf: true
global_termination_time: 733027.331
local_termination_time: 400347.87156000023
node_cons: 15030.522082238253
tot_aggregated_send: 9454
tot_msg_rcv: 574
tot_msg_sent: 1124
tot_reconf_duration: 5.1
tot_sleeping_duration: 721807.3188400014
tot_uptimes: 188
tot_uptimes_duration: 11220.012159998703
