comms_cons: 72.3439103994345
finished_reconf: true
global_termination_time: 731401.538
local_termination_time: 265699.3114800001
node_cons: 15054.371264485777
tot_aggregated_send: 9686
tot_msg_rcv: 431
tot_msg_sent: 878
tot_reconf_duration: 22.65
tot_sleeping_duration: 720181.5136799957
tot_uptimes: 188
tot_uptimes_duration: 11220.024320004275
