comms_cons: 72.62778879966784
finished_reconf: true
global_termination_time: 732095.275
local_termination_time: 300328.44836000004
node_cons: 15032.026759999984
tot_aggregated_send: 10150
tot_msg_rcv: 312
tot_msg_sent: 577
tot_reconf_duration: 6.22
tot_sleeping_duration: 720875.275
tot_uptimes: 188
tot_uptimes_duration: 11220.0
