comms_cons: 542.8847360891461
finished_reconf: true
global_termination_time: 5384402.81
local_termination_time: 98477.81647999996
node_cons: 110715.55977563819
tot_aggregated_send: 75226
tot_msg_rcv: 2576
tot_msg_sent: 4713
tot_reconf_duration: 5.1
tot_sleeping_duration: 5301722.724880028
tot_uptimes: 1379
tot_uptimes_duration: 82680.08511997125
