comms_cons: 544.2949633284709
finished_reconf: true
global_termination_time: 5379253.437
local_termination_time: 1223518.74736
node_cons: 110639.24763116731
tot_aggregated_send: 74530
tot_msg_rcv: 2858
tot_msg_sent: 5341
tot_reconf_duration: 8.09
tot_sleeping_duration: 5296633.376200022
tot_uptimes: 1378
tot_uptimes_duration: 82620.06079997797
