comms_cons: 534.0935040738956
finished_reconf: true
global_termination_time: 5380723.433
local_termination_time: 2675776.85536
node_cons: 110634.16604334798
tot_aggregated_send: 75342
tot_msg_rcv: 1881
tot_msg_sent: 3957
tot_reconf_duration: 4.390000000000001
tot_sleeping_duration: 5298103.414760007
tot_uptimes: 1378
tot_uptimes_duration: 82620.01823999337
