comms_cons: 33.13943040015339
finished_reconf: true
global_termination_time: 339250.823
local_termination_time: 158282.91220000017
node_cons: 6916.6139399999975
tot_aggregated_send: 4930
tot_msg_rcv: 53
tot_msg_sent: 53
tot_reconf_duration: 5.43
tot_sleeping_duration: 334090.823
tot_uptimes: 87
tot_uptimes_duration: 5160.0
