comms_cons: 150.5902016142362
finished_reconf: true
global_termination_time: 308641.3337600009
local_termination_time: 308641.2926400009
node_cons: 18956.693037799083
tot_aggregated_send: 0
tot_msg_rcv: 9246
tot_msg_sent: 13641
tot_reconf_duration: 37.410000000000004
tot_sleeping_duration: 294521.9235600016
tot_uptimes: 232
tot_uptimes_duration: 14119.410199999289
