comms_cons: 33.37690880081553
finished_reconf: true
global_termination_time: 310629.151
local_termination_time: 2597.683320000003
node_cons: 6351.0507811214375
tot_aggregated_send: 3770
tot_msg_rcv: 491
tot_msg_sent: 812
tot_reconf_duration: 3.08
tot_sleeping_duration: 305889.14491999894
tot_uptimes: 80
tot_uptimes_duration: 4740.006080001069
