comms_cons: 31.335334400422695
finished_reconf: true
global_termination_time: 311926.509
local_termination_time: 109675.91055999984
node_cons: 6364.019681121424
tot_aggregated_send: 4176
tot_msg_rcv: 191
tot_msg_sent: 396
tot_reconf_duration: 12.629999999999999
tot_sleeping_duration: 307186.50291999895
tot_uptimes: 80
tot_uptimes_duration: 4740.006080001069
