comms_cons: 9.701081600110747
finished_reconf: true
global_termination_time: 84248.922
local_termination_time: 51503.08396000013
node_cons: 1721.5055411200121
tot_aggregated_send: 812
tot_msg_rcv: 278
tot_msg_sent: 385
tot_reconf_duration: 25.299999999999997
tot_sleeping_duration: 82988.91592
tot_uptimes: 22
tot_uptimes_duration: 1260.0060800000065
