comms_cons: 11.377945600093042
finished_reconf: true
global_termination_time: 85312.447
local_termination_time: 14973.37684
node_cons: 1702.0752289603433
tot_aggregated_send: 464
tot_msg_rcv: 567
tot_msg_sent: 700
tot_reconf_duration: 10.95
tot_sleeping_duration: 84052.39835999974
tot_uptimes: 22
tot_uptimes_duration: 1260.0486400002555
