comms_cons: 32.67230719992372
finished_reconf: true
global_termination_time: 14647.89148000001
local_termination_time: 1450.7261600000015
node_cons: 4399.953349680066
tot_aggregated_send: 0
tot_msg_rcv: 2470
tot_msg_sent: 2495
tot_reconf_duration: 18.21
tot_sleeping_duration: 11380.360359999962
tot_uptimes: 49
tot_uptimes_duration: 3267.531120000048
