comms_cons: 146.38231039239423
finished_reconf: true
global_termination_time: 1474585.708
local_termination_time: 815126.2012399979
node_cons: 30305.597053357233
tot_aggregated_send: 21054
tot_msg_rcv: 388
tot_msg_sent: 808
tot_reconf_duration: 9.11
tot_sleeping_duration: 1451961.9397600023
tot_uptimes: 378
tot_uptimes_duration: 22623.76823999791
