comms_cons: 144.98583039721876
finished_reconf: true
global_termination_time: 1473050.052
local_termination_time: 927842.8982799982
node_cons: 30304.34020000008
tot_aggregated_send: 21112
tot_msg_rcv: 265
tot_msg_sent: 660
tot_reconf_duration: 11.899999999999999
tot_sleeping_duration: 1450430.052
tot_uptimes: 378
tot_uptimes_duration: 22620.0
