comms_cons: 153.87435517839847
finished_reconf: true
global_termination_time: 1471110.997
local_termination_time: 166294.89636000007
node_cons: 30213.931877892373
tot_aggregated_send: 19198
tot_msg_rcv: 1564
tot_msg_sent: 2626
tot_reconf_duration: 4.390000000000001
tot_sleeping_duration: 1448550.8997200206
tot_uptimes: 377
tot_uptimes_duration: 22560.097279979324
