comms_cons: 203.71239679249788
finished_reconf: true
global_termination_time: 2053314.011
local_termination_time: 1193323.56736
node_cons: 42193.37009999989
tot_aggregated_send: 29406
tot_msg_rcv: 522
tot_msg_sent: 1036
tot_reconf_duration: 10.95
tot_sleeping_duration: 2021814.011
tot_uptimes: 526
tot_uptimes_duration: 31500.0
