comms_cons: 284.2853567984634
finished_reconf: true
global_termination_time: 2809685.247
local_termination_time: 1119092.2
node_cons: 57851.06844622318
tot_aggregated_send: 39090
tot_msg_rcv: 1444
tot_msg_sent: 2675
tot_reconf_duration: 3.05
tot_sleeping_duration: 2766483.658840012
tot_uptimes: 720
tot_uptimes_duration: 43201.5881599884
