comms_cons: 76.89768959785107
finished_reconf: true
global_termination_time: 775874.165
local_termination_time: 11164.699480000005
node_cons: 15911.502640000024
tot_aggregated_send: 10904
tot_msg_rcv: 206
tot_msg_sent: 578
tot_reconf_duration: 3.08
tot_sleeping_duration: 763994.165
tot_uptimes: 199
tot_uptimes_duration: 11880.0
