comms_cons: 76.24165119893004
finished_reconf: true
global_termination_time: 776095.311
local_termination_time: 173611.13436000008
node_cons: 15927.847521121474
tot_aggregated_send: 11252
tot_msg_rcv: 118
tot_msg_sent: 218
tot_reconf_duration: 15.110000000000001
tot_sleeping_duration: 764215.3049199989
tot_uptimes: 199
tot_uptimes_duration: 11880.006080001069
