comms_cons: 77.34695679796371
finished_reconf: true
global_termination_time: 776329.844
local_termination_time: 14153.50648
node_cons: 15913.281620000023
tot_aggregated_send: 10788
tot_msg_rcv: 276
tot_msg_sent: 692
tot_reconf_duration: 4.390000000000001
tot_sleeping_duration: 764449.844
tot_uptimes: 199
tot_uptimes_duration: 11880.0
