comms_cons: 2.0527103999962026
finished_reconf: true
global_termination_time: 14088.401
local_termination_time: 10995.010360000002
node_cons: 265.74918000000133
tot_aggregated_send: 0
tot_msg_rcv: 189
tot_msg_sent: 123
tot_reconf_duration: 18.21
tot_sleeping_duration: 13908.401
tot_uptimes: 4
tot_uptimes_duration: 180.00000000000006
