comms_cons: 1.9211263999966557
finished_reconf: true
global_termination_time: 12937.4
local_termination_time: 7210.793360000001
node_cons: 249.54824000000096
tot_aggregated_send: 0
tot_msg_rcv: 177
tot_msg_sent: 115
tot_reconf_duration: 6.279999999999999
tot_sleeping_duration: 12757.4
tot_uptimes: 4
tot_uptimes_duration: 180.00000000000006
