comms_cons: 31.093299199923347
finished_reconf: true
global_termination_time: 12295.466240000003
local_termination_time: 56.818039999999954
node_cons: 3729.926085720022
tot_aggregated_send: 0
tot_msg_rcv: 2274
tot_msg_sent: 2451
tot_reconf_duration: 6.22
tot_sleeping_duration: 9516.168759999988
tot_uptimes: 42
tot_uptimes_duration: 2779.2974800000165
