comms_cons: 507.2726525342514
finished_reconf: true
global_termination_time: 1048831.81012
local_termination_time: 1048831.769
node_cons: 63715.6634487158
tot_aggregated_send: 0
tot_msg_rcv: 31142
tot_msg_sent: 45949
tot_reconf_duration: 24.59
tot_sleeping_duration: 1001272.2356400023
tot_uptimes: 779
tot_uptimes_duration: 47559.574479997784
