comms_cons: 105.9363455942474
finished_reconf: true
global_termination_time: 1051282.089
local_termination_time: 256452.4651600003
node_cons: 21619.947465593392
tot_aggregated_send: 13978
tot_msg_rcv: 846
tot_msg_sent: 1278
tot_reconf_duration: 6.22
tot_sleeping_duration: 1035142.0586000049
tot_uptimes: 270
tot_uptimes_duration: 16140.030399995041
