comms_cons: 220.05936639145665
finished_reconf: true
global_termination_time: 2207342.835
local_termination_time: 306827.694
node_cons: 45399.67220112094
tot_aggregated_send: 31314
tot_msg_rcv: 682
tot_msg_sent: 1451
tot_reconf_duration: 5.57
tot_sleeping_duration: 2173442.828919999
tot_uptimes: 566
tot_uptimes_duration: 33900.00608000107
