comms_cons: 218.0348095921659
finished_reconf: true
global_termination_time: 2208882.406
local_termination_time: 203683.41236000005
node_cons: 45407.46712111633
tot_aggregated_send: 31842
tot_msg_rcv: 413
tot_msg_sent: 884
tot_reconf_duration: 11.31
tot_sleeping_duration: 2174982.3999200026
tot_uptimes: 566
tot_uptimes_duration: 33900.006079997635
