comms_cons: 2.2961407999966332
finished_reconf: true
global_termination_time: 16108.757
local_termination_time: 6651.302360000001
node_cons: 332.34622000000024
tot_aggregated_send: 0
tot_msg_rcv: 180
tot_msg_sent: 169
tot_reconf_duration: 8.09
tot_sleeping_duration: 15868.757
tot_uptimes: 5
tot_uptimes_duration: 240.0
