comms_cons: 1.7171711999943267
finished_reconf: true
global_termination_time: 17397.805
local_termination_time: 10580.15736
node_cons: 337.5201999999995
tot_aggregated_send: 0
tot_msg_rcv: 138
tot_msg_sent: 123
tot_reconf_duration: 11.899999999999999
tot_sleeping_duration: 17157.805
tot_uptimes: 5
tot_uptimes_duration: 240.0
