comms_cons: 2.296767999995923
finished_reconf: true
global_termination_time: 14195.005
local_termination_time: 5990.36336
node_cons: 249.46676000000033
tot_aggregated_send: 0
tot_msg_rcv: 180
tot_msg_sent: 169
tot_reconf_duration: 6.22
tot_sleeping_duration: 14015.005
tot_uptimes: 4
tot_uptimes_duration: 180.0
