comms_cons: 75.62132480044646
finished_reconf: true
global_termination_time: 783269.928
local_termination_time: 212200.9908400006
node_cons: 16075.572201121464
tot_aggregated_send: 10904
tot_msg_rcv: 185
tot_msg_sent: 406
tot_reconf_duration: 5.57
tot_sleeping_duration: 771269.921919999
tot_uptimes: 201
tot_uptimes_duration: 12000.006080001069
