comms_cons: 76.11476480068356
finished_reconf: true
global_termination_time: 787220.125
local_termination_time: 333406.63936000003
node_cons: 16155.738363364306
tot_aggregated_send: 9976
tot_msg_rcv: 490
tot_msg_sent: 1103
tot_reconf_duration: 5.43
tot_sleeping_duration: 775160.1067599969
tot_uptimes: 202
tot_uptimes_duration: 12060.018240003206
