comms_cons: 119.72170238917013
finished_reconf: true
global_termination_time: 1177322.848
local_termination_time: 336732.93180000025
node_cons: 24188.920826705627
tot_aggregated_send: 15602
tot_msg_rcv: 960
tot_msg_sent: 1635
tot_reconf_duration: 4.8100000000000005
tot_sleeping_duration: 1159262.8115200107
tot_uptimes: 302
tot_uptimes_duration: 18060.03647998924
