comms_cons: 121.70614398990773
finished_reconf: true
global_termination_time: 1182486.619
local_termination_time: 305689.85452000034
node_cons: 24268.690466710166
tot_aggregated_send: 15602
tot_msg_rcv: 1089
tot_msg_sent: 1809
tot_reconf_duration: 4.390000000000001
tot_sleeping_duration: 1164366.5825200074
tot_uptimes: 303
tot_uptimes_duration: 18120.036479992676
