comms_cons: 326.93907843951246
finished_reconf: true
global_termination_time: 3215310.588
local_termination_time: 43740.580480000106
node_cons: 66144.67943788989
tot_aggregated_send: 43964
tot_msg_rcv: 1956
tot_msg_sent: 3772
tot_reconf_duration: 18.21
tot_sleeping_duration: 3165930.4907200215
tot_uptimes: 824
tot_uptimes_duration: 49380.09727997855
