comms_cons: 317.13717761274
finished_reconf: true
global_termination_time: 3215106.808
local_termination_time: 1813326.85136
node_cons: 66128.38080446661
tot_aggregated_send: 45124
tot_msg_rcv: 1054
tot_msg_sent: 2025
tot_reconf_duration: 6.279999999999999
tot_sleeping_duration: 3165726.783680009
tot_uptimes: 824
tot_uptimes_duration: 49380.024319991004
