comms_cons: 316.54504959881274
finished_reconf: true
global_termination_time: 3211560.033
local_termination_time: 2330186.1423199996
node_cons: 66073.86182334919
tot_aggregated_send: 44834
tot_msg_rcv: 1139
tot_msg_sent: 2140
tot_reconf_duration: 25.299999999999997
tot_sleeping_duration: 3162240.0147600067
tot_uptimes: 823
tot_uptimes_duration: 49320.01823999314
