comms_cons: 326.9277184449933
finished_reconf: true
global_termination_time: 3216413.87
local_termination_time: 84107.27500000001
node_cons: 66154.91116837683
tot_aggregated_send: 43904
tot_msg_rcv: 1961
tot_msg_sent: 3826
tot_reconf_duration: 22.65
tot_sleeping_duration: 3167030.6344000166
tot_uptimes: 824
tot_uptimes_duration: 49383.23559998372
