comms_cons: 325.4139200334415
finished_reconf: true
global_termination_time: 3212471.517
local_termination_time: 243962.43640000038
node_cons: 66045.52303117282
tot_aggregated_send: 44486
tot_msg_rcv: 1776
tot_msg_sent: 3198
tot_reconf_duration: 4.390000000000001
tot_sleeping_duration: 3163151.456200019
tot_uptimes: 823
tot_uptimes_duration: 49320.06079998071
