comms_cons: 2.2895615999945274
finished_reconf: true
global_termination_time: 17842.088
local_termination_time: 5538.996360000001
node_cons: 329.8882400000009
tot_aggregated_send: 0
tot_msg_rcv: 177
tot_msg_sent: 171
tot_reconf_duration: 6.279999999999999
tot_sleeping_duration: 17602.088
tot_uptimes: 5
tot_uptimes_duration: 240.0
