comms_cons: 2.3092991999944803
finished_reconf: true
global_termination_time: 16152.388
local_termination_time: 4687.488359999999
node_cons: 325.50189999999907
tot_aggregated_send: 0
tot_msg_rcv: 177
tot_msg_sent: 174
tot_reconf_duration: 3.05
tot_sleeping_duration: 15912.388
tot_uptimes: 5
tot_uptimes_duration: 240.0
