comms_cons: 2.269823999994984
finished_reconf: true
global_termination_time: 18141.598
local_termination_time: 7187.508360000001
node_cons: 336.71898000000056
tot_aggregated_send: 0
tot_msg_rcv: 179
tot_msg_sent: 166
tot_reconf_duration: 11.31
tot_sleeping_duration: 17901.598
tot_uptimes: 5
tot_uptimes_duration: 239.99999999999997
