comms_cons: 61.04543359957936
finished_reconf: true
global_termination_time: 609764.729
local_termination_time: 98936.71687999947
node_cons: 12540.604060000007
tot_aggregated_send: 8642
tot_msg_rcv: 235
tot_msg_sent: 401
tot_reconf_duration: 5.57
tot_sleeping_duration: 600404.729
tot_uptimes: 157
tot_uptimes_duration: 9360.0
