comms_cons: 128.43871359492334
finished_reconf: true
global_termination_time: 1303423.341
local_termination_time: 4316.102
node_cons: 26782.685863355135
tot_aggregated_send: 18133
tot_msg_rcv: 451
tot_msg_sent: 937
tot_reconf_duration: 21.68
tot_sleeping_duration: 1283443.3227600036
tot_uptimes: 334
tot_uptimes_duration: 19980.018239996338
