comms_cons: 32.245286400363184
finished_reconf: true
global_termination_time: 311939.222
local_termination_time: 90448.37535999998
node_cons: 6354.250222242878
tot_aggregated_send: 4060
tot_msg_rcv: 322
tot_msg_sent: 519
tot_reconf_duration: 5.43
tot_sleeping_duration: 307199.2098399979
tot_uptimes: 80
tot_uptimes_duration: 4740.0121600021375
