comms_cons: 279.25100800527986
finished_reconf: false
global_termination_time: 2809831.818
local_termination_time: 0
node_cons: 57881.33834111581
tot_aggregated_send: 40110
tot_msg_rcv: 705
tot_msg_sent: 1631
tot_reconf_duration: 26.9
tot_sleeping_duration: 2766631.8119200026
tot_uptimes: 720
tot_uptimes_duration: 43200.006079997635
