comms_cons: 285.8795456248422
finished_reconf: false
global_termination_time: 2808107.043
local_termination_time: 0
node_cons: 57844.79999999896
tot_aggregated_send: 38860
tot_msg_rcv: 1692
tot_msg_sent: 2900
tot_reconf_duration: 0
tot_sleeping_duration: 2764907.043
tot_uptimes: 720
tot_uptimes_duration: 43200.0
