comms_cons: 2.282982399992456
finished_reconf: true
global_termination_time: 15251.491
local_termination_time: 9751.43236
node_cons: 245.2026399999999
tot_aggregated_send: 0
tot_msg_rcv: 175
tot_msg_sent: 172
tot_reconf_duration: 3.08
tot_sleeping_duration: 15071.491
tot_uptimes: 4
tot_uptimes_duration: 180.0
