comms_cons: 2.282982399992456
finished_reconf: true
global_termination_time: 17964.418
local_termination_time: 5664.5833600000005
node_cons: 331.97956000000084
tot_aggregated_send: 0
tot_msg_rcv: 178
tot_msg_sent: 169
tot_reconf_duration: 7.819999999999999
tot_sleeping_duration: 17724.418
tot_uptimes: 5
tot_uptimes_duration: 240.0
