comms_cons: 89.02218239507427
finished_reconf: true
global_termination_time: 848788.811
local_termination_time: 65321.38936000001
node_cons: 17440.795352317367
tot_aggregated_send: 10788
tot_msg_rcv: 931
tot_msg_sent: 1812
tot_reconf_duration: 5.1
tot_sleeping_duration: 835768.7441200019
tot_uptimes: 218
tot_uptimes_duration: 13020.06687999802
