comms_cons: 89.19484159441511
finished_reconf: true
global_termination_time: 847778.878
local_termination_time: 275313.2247200005
node_cons: 17451.70556559796
tot_aggregated_send: 11020
tot_msg_rcv: 973
tot_msg_sent: 1565
tot_reconf_duration: 13.17
tot_sleeping_duration: 834758.8476000015
tot_uptimes: 218
tot_uptimes_duration: 13020.030399998475
