comms_cons: 88.9843071944289
finished_reconf: true
global_termination_time: 847441.891
local_termination_time: 37601.818480000016
node_cons: 17444.863913438803
tot_aggregated_send: 10672
tot_msg_rcv: 927
tot_msg_sent: 1927
tot_reconf_duration: 8.09
tot_sleeping_duration: 834421.8180400009
tot_uptimes: 218
tot_uptimes_duration: 13020.072959999088
