comms_cons: 84.80442239904139
finished_reconf: true
global_termination_time: 847011.917
local_termination_time: 412550.2881200009
node_cons: 17376.99051592404
tot_aggregated_send: 11832
tot_msg_rcv: 364
tot_msg_sent: 693
tot_reconf_duration: 11.899999999999999
tot_sleeping_duration: 834046.397719997
tot_uptimes: 217
tot_uptimes_duration: 12965.519280003035
