comms_cons: 86.98360319203832
finished_reconf: true
global_termination_time: 846603.51
local_termination_time: 314197.3403600001
node_cons: 17364.108406710224
tot_aggregated_send: 11252
tot_msg_rcv: 700
tot_msg_sent: 1269
tot_reconf_duration: 7.819999999999999
tot_sleeping_duration: 833643.4735200073
tot_uptimes: 217
tot_uptimes_duration: 12960.036479992676
