comms_cons: 86.26709759408247
finished_reconf: true
global_termination_time: 847640.588
local_termination_time: 156488.82780000073
node_cons: 17442.283747831647
tot_aggregated_send: 11020
tot_msg_rcv: 664
tot_msg_sent: 1429
tot_reconf_duration: 6.22
tot_sleeping_duration: 834620.5454400063
tot_uptimes: 218
tot_uptimes_duration: 13020.042559993744
