comms_cons: 88.77298559444432
finished_reconf: true
global_termination_time: 848512.729
local_termination_time: 70495.09835999997
node_cons: 17441.227210079116
tot_aggregated_send: 10614
tot_msg_rcv: 956
tot_msg_sent: 1923
tot_reconf_duration: 5.43
tot_sleeping_duration: 835492.6742800007
tot_uptimes: 218
tot_uptimes_duration: 13020.054719999316
