comms_cons: 177.16997117670218
finished_reconf: true
global_termination_time: 1798699.739
local_termination_time: 2851.49124
node_cons: 36961.8706308078
tot_aggregated_send: 23316
tot_msg_rcv: 1190
tot_msg_sent: 2422
tot_reconf_duration: 3.95
tot_sleeping_duration: 1771099.659440024
tot_uptimes: 461
tot_uptimes_duration: 27600.079559976057
