comms_cons: 173.63824639154714
finished_reconf: true
global_termination_time: 1803599.388
local_termination_time: 6168.109
node_cons: 37048.88592447175
tot_aggregated_send: 24177
tot_msg_rcv: 782
tot_msg_sent: 1433
tot_reconf_duration: 8.92
tot_sleeping_duration: 1775939.363680006
tot_uptimes: 462
tot_uptimes_duration: 27660.024319993943
