comms_cons: 79.79814399796669
finished_reconf: true
global_termination_time: 799619.787
local_termination_time: 32907.59064000008
node_cons: 16398.55366000002
tot_aggregated_send: 11194
tot_msg_rcv: 302
tot_msg_sent: 632
tot_reconf_duration: 6.77
tot_sleeping_duration: 787379.787
tot_uptimes: 205
tot_uptimes_duration: 12240.0
