comms_cons: 78.89839359890229
finished_reconf: true
global_termination_time: 799889.583
local_termination_time: 301004.0327200006
node_cons: 16408.915200000054
tot_aggregated_send: 11600
tot_msg_rcv: 173
tot_msg_sent: 219
tot_reconf_duration: 14.4
tot_sleeping_duration: 787649.583
tot_uptimes: 205
tot_uptimes_duration: 12240.0
