comms_cons: 79.33450239883399
finished_reconf: true
global_termination_time: 799171.229
local_termination_time: 71962.629
node_cons: 16395.49315207921
tot_aggregated_send: 11367
tot_msg_rcv: 228
tot_msg_sent: 464
tot_reconf_duration: 3.3600000000000003
tot_sleeping_duration: 786930.0562800006
tot_uptimes: 205
tot_uptimes_duration: 12241.172719999391
