comms_cons: 78.96258559955939
finished_reconf: true
global_termination_time: 798607.419
local_termination_time: 55945.49184000012
node_cons: 16397.806760000025
tot_aggregated_send: 11542
tot_msg_rcv: 174
tot_msg_sent: 285
tot_reconf_duration: 6.22
tot_sleeping_duration: 786367.419
tot_uptimes: 205
tot_uptimes_duration: 12240.0
