comms_cons: 276.0141056271661
finished_reconf: true
global_termination_time: 2808091.53
local_termination_time: 6090.035
node_cons: 57850.245511168556
tot_aggregated_send: 38623
tot_msg_rcv: 1186
tot_msg_sent: 2144
tot_reconf_duration: 3.95
tot_sleeping_duration: 2764891.4692000225
tot_uptimes: 720
tot_uptimes_duration: 43200.06079997728
