comms_cons: 281.52723840267157
finished_reconf: true
global_termination_time: 2808502.663
local_termination_time: 5524.617
node_cons: 57848.64307116823
tot_aggregated_send: 39668
tot_msg_rcv: 1138
tot_msg_sent: 1984
tot_reconf_duration: 2.77
tot_sleeping_duration: 2765302.6022000234
tot_uptimes: 720
tot_uptimes_duration: 43200.060799977044
