comms_cons: 116.73537279376437
finished_reconf: true
global_termination_time: 1166099.301
local_termination_time: 690412.4493599999
node_cons: 23948.294646710194
tot_aggregated_send: 15254
tot_msg_rcv: 684
tot_msg_sent: 1806
tot_reconf_duration: 5.1
tot_sleeping_duration: 1148219.2645200072
tot_uptimes: 299
tot_uptimes_duration: 17880.036479992676
