comms_cons: 118.15655039270767
finished_reconf: true
global_termination_time: 1166823.575
local_termination_time: 617994.35336
node_cons: 23975.701823355193
tot_aggregated_send: 15718
tot_msg_rcv: 753
tot_msg_sent: 1488
tot_reconf_duration: 25.299999999999997
tot_sleeping_duration: 1148943.5567600036
tot_uptimes: 299
tot_uptimes_duration: 17880.018239996338
