comms_cons: 114.59991039664659
finished_reconf: true
global_termination_time: 1164598.548
local_termination_time: 561000.7073599999
node_cons: 23945.575910069863
tot_aggregated_send: 15196
tot_msg_rcv: 876
tot_msg_sent: 1347
tot_reconf_duration: 3.08
tot_sleeping_duration: 1146718.4932800075
tot_uptimes: 299
tot_uptimes_duration: 17880.054719992448
