comms_cons: 119.49863678730529
finished_reconf: true
global_termination_time: 1165450.846
local_termination_time: 99197.13687999976
node_cons: 23972.13568783167
tot_aggregated_send: 15428
tot_msg_rcv: 891
tot_msg_sent: 1845
tot_reconf_duration: 22.65
tot_sleeping_duration: 1147570.803440006
tot_uptimes: 299
tot_uptimes_duration: 17880.042559993744
