comms_cons: 115.62286079392142
finished_reconf: true
global_termination_time: 1164654.826
local_termination_time: 795857.1702799993
node_cons: 23957.49648223373
tot_aggregated_send: 16124
tot_msg_rcv: 471
tot_msg_sent: 979
tot_reconf_duration: 11.899999999999999
tot_sleeping_duration: 1146774.8138400046
tot_uptimes: 299
tot_uptimes_duration: 17880.01215999527
