comms_cons: 119.78749438913988
finished_reconf: true
global_termination_time: 1167041.899
local_termination_time: 190450.77836000005
node_cons: 23956.73596783625
tot_aggregated_send: 15486
tot_msg_rcv: 944
tot_msg_sent: 1777
tot_reconf_duration: 11.31
tot_sleeping_duration: 1149161.8564400028
tot_uptimes: 299
tot_uptimes_duration: 17880.04255999718
