comms_cons: 114.49747198759087
finished_reconf: true
global_termination_time: 1122785.8
local_termination_time: 353552.24836
node_cons: 23066.100030060683
tot_aggregated_send: 14848
tot_msg_rcv: 805
tot_msg_sent: 1750
tot_reconf_duration: 6.22
tot_sleeping_duration: 1105565.7452800146
tot_uptimes: 288
tot_uptimes_duration: 17220.05471998558
