comms_cons: 191.57425911025976
finished_reconf: true
global_termination_time: 963025.2114399986
local_termination_time: 1516.2053600000004
node_cons: 19853.99314151099
tot_aggregated_send: 0
tot_msg_rcv: 14817
tot_msg_sent: 14297
tot_reconf_duration: 18.21
tot_sleeping_duration: 948216.2017600053
tot_uptimes: 247
tot_uptimes_duration: 14809.00967999325
