comms_cons: 190.859052712425
finished_reconf: true
global_termination_time: 963841.254
local_termination_time: 110.00204000000018
node_cons: 19794.423123355125
tot_aggregated_send: 0
tot_msg_rcv: 14751
tot_msg_sent: 14257
tot_reconf_duration: 22.65
tot_sleeping_duration: 949081.2357600036
tot_uptimes: 247
tot_uptimes_duration: 14760.018239996338
