comms_cons: 96.25369599449708
finished_reconf: true
global_termination_time: 966430.583
local_termination_time: 234482.4666000001
node_cons: 19849.94162000005
tot_aggregated_send: 13804
tot_msg_rcv: 308
tot_msg_sent: 518
tot_reconf_duration: 4.390000000000001
tot_sleeping_duration: 951610.583
tot_uptimes: 248
tot_uptimes_duration: 14820.0
