comms_cons: 365.7308864278584
finished_reconf: true
global_termination_time: 3628996.552
local_termination_time: 1758760.478119999
node_cons: 74648.69306558324
tot_aggregated_send: 50634
tot_msg_rcv: 1704
tot_msg_sent: 3248
tot_reconf_duration: 9.42
tot_sleeping_duration: 3573256.5216000113
tot_uptimes: 930
tot_uptimes_duration: 55740.03039998887
