comms_cons: 367.13377285474746
finished_reconf: true
global_termination_time: 3627800.229
local_termination_time: 1342659.5749999979
node_cons: 74643.29906893408
tot_aggregated_send: 49996
tot_msg_rcv: 1916
tot_msg_sent: 3891
tot_reconf_duration: 5.43
tot_sleeping_duration: 3572060.180360018
tot_uptimes: 930
tot_uptimes_duration: 55740.04863998201
