comms_cons: 154.47961598460427
finished_reconf: true
global_termination_time: 1505002.35
local_termination_time: 387813.202
node_cons: 30951.80499005617
tot_aggregated_send: 19936
tot_msg_rcv: 1154
tot_msg_sent: 2390
tot_reconf_duration: 15.34
tot_sleeping_duration: 1481902.295280018
tot_uptimes: 386
tot_uptimes_duration: 23100.054719982145
