comms_cons: 148.89512959484856
finished_reconf: true
global_termination_time: 1505234.054
local_termination_time: 578102.0223599998
node_cons: 30943.27952111686
tot_aggregated_send: 21692
tot_msg_rcv: 308
tot_msg_sent: 631
tot_reconf_duration: 9.11
tot_sleeping_duration: 1482134.0479200024
tot_uptimes: 386
tot_uptimes_duration: 23100.006079997635
