comms_cons: 296.6482749854946
finished_reconf: true
global_termination_time: 1504089.1475199992
local_termination_time: 2821.0603600000004
node_cons: 31004.763466633045
tot_aggregated_send: 0
tot_msg_rcv: 22741
tot_msg_sent: 22344
tot_reconf_duration: 22.65
tot_sleeping_duration: 1480956.9557600045
tot_uptimes: 386
tot_uptimes_duration: 23132.19175999477
