comms_cons: 48.0616832002522
finished_reconf: true
global_termination_time: 486506.617
local_termination_time: 86505.56711999944
node_cons: 9968.69198000001
tot_aggregated_send: 6902
tot_msg_rcv: 117
tot_msg_sent: 286
tot_reconf_duration: 4.8100000000000005
tot_sleeping_duration: 479066.617
tot_uptimes: 125
tot_uptimes_duration: 7440.0
