comms_cons: 287.42516459513826
finished_reconf: true
global_termination_time: 1458815.8476399982
local_termination_time: 2194.9110400000013
node_cons: 30054.94079495766
tot_aggregated_send: 0
tot_msg_rcv: 22005
tot_msg_sent: 21681
tot_reconf_duration: 6.22
tot_sleeping_duration: 1436376.345
tot_uptimes: 374
tot_uptimes_duration: 22439.502639998216
