comms_cons: 144.0215232004905
finished_reconf: true
global_termination_time: 165646.34556000071
local_termination_time: 165646.3044400007
node_cons: 16779.697519921032
tot_aggregated_send: 0
tot_msg_rcv: 9814
tot_msg_sent: 12075
tot_reconf_duration: 24.59
tot_sleeping_duration: 153139.77027999997
tot_uptimes: 201
tot_uptimes_duration: 12506.575280000749
