comms_cons: 127.66204799872526
finished_reconf: true
global_termination_time: 1317553.324
local_termination_time: 4174.951
node_cons: 27083.360821121474
tot_aggregated_send: 18843
tot_msg_rcv: 208
tot_msg_sent: 352
tot_reconf_duration: 6.46
tot_sleeping_duration: 1297333.317919999
tot_uptimes: 338
tot_uptimes_duration: 20220.00608000107
