comms_cons: 26.084582399820437
finished_reconf: true
global_termination_time: 263898.691
local_termination_time: 197522.65336000005
node_cons: 5386.921899999989
tot_aggregated_send: 3712
tot_msg_rcv: 79
tot_msg_sent: 173
tot_reconf_duration: 3.05
tot_sleeping_duration: 259878.691
tot_uptimes: 68
tot_uptimes_duration: 4020.0
