comms_cons: 53.39678720081564
finished_reconf: true
global_termination_time: 531902.6842400001
local_termination_time: 100482.0923199996
node_cons: 10951.261481602918
tot_aggregated_send: 7076
tot_msg_rcv: 397
tot_msg_sent: 642
tot_reconf_duration: 4.390000000000001
tot_sleeping_duration: 523728.4498399979
tot_uptimes: 137
tot_uptimes_duration: 8174.234400002169
