comms_cons: 54.06128640072099
finished_reconf: true
global_termination_time: 533629.375
local_termination_time: 130305.18635999996
node_cons: 10934.711183364308
tot_aggregated_send: 7308
tot_msg_rcv: 331
tot_msg_sent: 579
tot_reconf_duration: 6.22
tot_sleeping_duration: 525469.3567599969
tot_uptimes: 137
tot_uptimes_duration: 8160.018240003206
