comms_cons: 51.305856000446546
finished_reconf: true
global_termination_time: 516152.304
local_termination_time: 193879.91336000004
node_cons: 10629.617321121434
tot_aggregated_send: 7250
tot_msg_rcv: 157
tot_msg_sent: 392
tot_reconf_duration: 18.21
tot_sleeping_duration: 508232.29791999893
tot_uptimes: 133
tot_uptimes_duration: 7920.006080001069
