comms_cons: 52.71726720088685
finished_reconf: true
global_termination_time: 515847.622
local_termination_time: 291165.67704000033
node_cons: 10611.420121121442
tot_aggregated_send: 7134
tot_msg_rcv: 359
tot_msg_sent: 519
tot_reconf_duration: 4.8100000000000005
tot_sleeping_duration: 507927.6159199989
tot_uptimes: 133
tot_uptimes_duration: 7920.006080001069
