comms_cons: 628.6820353280667
finished_reconf: true
global_termination_time: 6270880.098
local_termination_time: 217663.21136000004
node_cons: 128952.29710893639
tot_aggregated_send: 87174
tot_msg_rcv: 2745
tot_msg_sent: 5637
tot_reconf_duration: 4.8100000000000005
tot_sleeping_duration: 6174580.0493600145
tot_uptimes: 1606
tot_uptimes_duration: 96300.04863998544
