comms_cons: 620.4605569145061
finished_reconf: true
global_termination_time: 6272803.034
local_termination_time: 1919335.1830399993
node_cons: 129033.49535116693
tot_aggregated_send: 87058
tot_msg_rcv: 2422
tot_msg_sent: 4826
tot_reconf_duration: 5.43
tot_sleeping_duration: 6176442.973200021
tot_uptimes: 1607
tot_uptimes_duration: 96360.06079997844
