comms_cons: 106.44801280591882
finished_reconf: true
global_termination_time: 219866.79048000017
local_termination_time: 830.5120399999995
node_cons: 13431.815194926003
tot_aggregated_send: 0
tot_msg_rcv: 6513
tot_msg_sent: 9666
tot_reconf_duration: 18.21
tot_sleeping_duration: 209854.0301999957
tot_uptimes: 167
tot_uptimes_duration: 10012.76028000447
