comms_cons: 22.46138880032116
finished_reconf: true
global_termination_time: 220399.245
local_termination_time: 22767.86736
node_cons: 4506.430222240586
tot_aggregated_send: 2842
tot_msg_rcv: 170
tot_msg_sent: 402
tot_reconf_duration: 5.43
tot_sleeping_duration: 217039.23283999955
tot_uptimes: 57
tot_uptimes_duration: 3360.012160000435
