comms_cons: 65.46366719936739
finished_reconf: true
global_termination_time: 654222.51524
local_termination_time: 5613.07048
node_cons: 13442.396264964937
tot_aggregated_send: 8700
tot_msg_rcv: 369
tot_msg_sent: 880
tot_reconf_duration: 4.8100000000000005
tot_sleeping_duration: 644188.2625999963
tot_uptimes: 168
tot_uptimes_duration: 10034.252640003673
