comms_cons: 64.15377920006895
finished_reconf: true
global_termination_time: 655430.293
local_termination_time: 322509.3714000008
node_cons: 13427.407701121461
tot_aggregated_send: 9106
tot_msg_rcv: 215
tot_msg_sent: 430
tot_reconf_duration: 7.819999999999999
tot_sleeping_duration: 645410.2869199988
tot_uptimes: 168
tot_uptimes_duration: 10020.006080001069
