comms_cons: 63.384012800836366
finished_reconf: true
global_termination_time: 654423.974
local_termination_time: 383679.7697200001
node_cons: 13432.138980000016
tot_aggregated_send: 8932
tot_msg_rcv: 226
tot_msg_sent: 476
tot_reconf_duration: 11.31
tot_sleeping_duration: 644403.974
tot_uptimes: 168
tot_uptimes_duration: 10020.0
