comms_cons: 115.87203839254012
finished_reconf: true
global_termination_time: 1133360.577
local_termination_time: 388270.83536
node_cons: 23333.014387826963
tot_aggregated_send: 15138
tot_msg_rcv: 808
tot_msg_sent: 1665
tot_reconf_duration: 25.299999999999997
tot_sleeping_duration: 1115960.5344400099
tot_uptimes: 291
tot_uptimes_duration: 17400.042559990252
