comms_cons: 113.14768639455183
finished_reconf: true
global_termination_time: 1133530.663
local_termination_time: 352401.94804000075
node_cons: 23315.78410448117
tot_aggregated_send: 14848
tot_msg_rcv: 844
tot_msg_sent: 1507
tot_reconf_duration: 12.629999999999999
tot_sleeping_duration: 1116130.638679999
tot_uptimes: 291
tot_uptimes_duration: 17400.02432000084
