comms_cons: 117.91207678701264
finished_reconf: true
global_termination_time: 1135000.677
local_termination_time: 190056.65784000015
node_cons: 23304.62674893931
tot_aggregated_send: 14674
tot_msg_rcv: 1094
tot_msg_sent: 2155
tot_reconf_duration: 4.390000000000001
tot_sleeping_duration: 1117600.6283600153
tot_uptimes: 291
tot_uptimes_duration: 17400.04863998451
