comms_cons: 112.8273279982006
finished_reconf: true
global_termination_time: 1135601.388
local_termination_time: 486966.27648000006
node_cons: 23309.24398335974
tot_aggregated_send: 15486
tot_msg_rcv: 517
tot_msg_sent: 1147
tot_reconf_duration: 7.819999999999999
tot_sleeping_duration: 1118201.3697600004
tot_uptimes: 291
tot_uptimes_duration: 17400.018239999772
