comms_cons: 115.93111039290122
finished_reconf: true
global_termination_time: 1134462.544
local_termination_time: 279921.38136000006
node_cons: 23319.448002233734
tot_aggregated_send: 14674
tot_msg_rcv: 866
tot_msg_sent: 2080
tot_reconf_duration: 15.34
tot_sleeping_duration: 1117062.5318400047
tot_uptimes: 291
tot_uptimes_duration: 17400.01215999527
