comms_cons: 38.86333440031967
finished_reconf: true
global_termination_time: 396066.736
local_termination_time: 176770.27136000004
node_cons: 8122.868240000008
tot_aggregated_send: 5684
tot_msg_rcv: 54
tot_msg_sent: 169
tot_reconf_duration: 6.279999999999999
tot_sleeping_duration: 390006.736
tot_uptimes: 102
tot_uptimes_duration: 6060.0
