comms_cons: 303.54580457576844
finished_reconf: true
global_termination_time: 2091450.835
local_termination_time: 689639.7643599999
node_cons: 42986.06632335017
tot_aggregated_send: 0
tot_msg_rcv: 23221
tot_msg_sent: 22917
tot_reconf_duration: 3.05
tot_sleeping_duration: 2059350.816760007
tot_uptimes: 536
tot_uptimes_duration: 32100.018239992904
