comms_cons: 38.52184320061177
finished_reconf: true
global_termination_time: 362448.042
local_termination_time: 211655.12736000007
node_cons: 7409.181142242888
tot_aggregated_send: 4524
tot_msg_rcv: 526
tot_msg_sent: 806
tot_reconf_duration: 13.17
tot_sleeping_duration: 356928.0298399979
tot_uptimes: 93
tot_uptimes_duration: 5520.0121600021375
