comms_cons: 38.08166400072652
finished_reconf: true
global_termination_time: 362664.538
local_termination_time: 8607.936600000003
node_cons: 7408.4722456048885
tot_aggregated_send: 4466
tot_msg_rcv: 458
tot_msg_sent: 864
tot_reconf_duration: 12.629999999999999
tot_sleeping_duration: 357144.50759999634
tot_uptimes: 93
tot_uptimes_duration: 5520.030400003645
