comms_cons: 37.48232960035335
finished_reconf: true
global_termination_time: 364666.213
local_termination_time: 27661.25948
node_cons: 7486.514523362023
tot_aggregated_send: 4698
tot_msg_rcv: 309
tot_msg_sent: 691
tot_reconf_duration: 10.95
tot_sleeping_duration: 359086.1947599985
tot_uptimes: 94
tot_uptimes_duration: 5580.018240001504
