comms_cons: 36.98231040037692
finished_reconf: true
global_termination_time: 365930.448
local_termination_time: 25981.928
node_cons: 7484.724636881179
tot_aggregated_send: 4984
tot_msg_rcv: 228
tot_msg_sent: 409
tot_reconf_duration: 7.819999999999999
tot_sleeping_duration: 360348.5920799991
tot_uptimes: 94
tot_uptimes_duration: 5581.855920000875
