comms_cons: 153.86822399150216
finished_reconf: true
global_termination_time: 1561220.674
local_termination_time: 750551.4523999982
node_cons: 32078.691107831208
tot_aggregated_send: 21460
tot_msg_rcv: 596
tot_msg_sent: 1331
tot_reconf_duration: 15.34
tot_sleeping_duration: 1537279.0314400066
tot_uptimes: 400
tot_uptimes_duration: 23941.64255999343
