comms_cons: 290.55811179280374
finished_reconf: true
global_termination_time: 1467129.0026
local_termination_time: 2213.1873600000004
node_cons: 30172.831033988667
tot_aggregated_send: 0
tot_msg_rcv: 22405
tot_msg_sent: 21754
tot_reconf_duration: 18.21
tot_sleeping_duration: 1444613.6166000084
tot_uptimes: 376
tot_uptimes_duration: 22515.3859999915
