comms_cons: 151.55876478716712
finished_reconf: true
global_termination_time: 1471049.741
local_termination_time: 411577.4983600001
node_cons: 30228.728707817907
tot_aggregated_send: 19546
tot_msg_rcv: 1230
tot_msg_sent: 2261
tot_reconf_duration: 15.34
tot_sleeping_duration: 1448489.6984400165
tot_uptimes: 377
tot_uptimes_duration: 22560.04255998344
