comms_cons: 148.05201919314902
finished_reconf: true
global_termination_time: 1467129.1948399988
local_termination_time: 15115.819680000004
node_cons: 30195.33975534725
tot_aggregated_send: 20532
tot_msg_rcv: 714
tot_msg_sent: 1258
tot_reconf_duration: 4.8100000000000005
tot_sleeping_duration: 1444583.4086000086
tot_uptimes: 376
tot_uptimes_duration: 22545.78623999044
