comms_cons: 151.57180798154286
finished_reconf: true
global_termination_time: 1468707.207
local_termination_time: 83558.41459999996
node_cons: 30218.532830065342
tot_aggregated_send: 19488
tot_msg_rcv: 1223
tot_msg_sent: 2327
tot_reconf_duration: 7.819999999999999
tot_sleeping_duration: 1446147.152280011
tot_uptimes: 377
tot_uptimes_duration: 22560.054719989013
