comms_cons: 150.6643071876612
finished_reconf: true
global_termination_time: 1471594.943
local_termination_time: 541799.7923599989
node_cons: 30216.3193244675
tot_aggregated_send: 20010
tot_msg_rcv: 1088
tot_msg_sent: 1803
tot_reconf_duration: 6.22
tot_sleeping_duration: 1449034.9186800094
tot_uptimes: 377
tot_uptimes_duration: 22560.024319990538
