comms_cons: 477.07189763514776
finished_reconf: true
global_termination_time: 4841439.22
local_termination_time: 2073963.21036
node_cons: 99549.82894558262
tot_aggregated_send: 66642
tot_msg_rcv: 1920
tot_msg_sent: 3949
tot_reconf_duration: 6.279999999999999
tot_sleeping_duration: 4767099.18960001
tot_uptimes: 1240
tot_uptimes_duration: 74340.0303999891
