comms_cons: 480.0821952769163
finished_reconf: true
global_termination_time: 4835206.22
local_termination_time: 3028151.956159999
node_cons: 99478.84556558216
tot_aggregated_send: 66932
tot_msg_rcv: 2037
tot_msg_sent: 4000
tot_reconf_duration: 13.17
tot_sleeping_duration: 4760926.189600011
tot_uptimes: 1239
tot_uptimes_duration: 74280.03039998887
