comms_cons: 481.3369216706498
finished_reconf: true
global_termination_time: 4835572.561
local_termination_time: 1703808.883999998
node_cons: 99472.80377846268
tot_aggregated_send: 67686
tot_msg_rcv: 1822
tot_msg_sent: 3652
tot_reconf_duration: 8.09
tot_sleeping_duration: 4761291.89068001
tot_uptimes: 1239
tot_uptimes_duration: 74280.67031998909
