comms_cons: 483.9551808705139
finished_reconf: true
global_termination_time: 4836004.864
local_termination_time: 586304.3653599999
node_cons: 99473.76120669948
tot_aggregated_send: 67802
tot_msg_rcv: 2035
tot_msg_sent: 3721
tot_reconf_duration: 9.42
tot_sleeping_duration: 4761724.827520014
tot_uptimes: 1239
tot_uptimes_duration: 74280.03647998674
