comms_cons: 487.1835520727029
finished_reconf: true
global_termination_time: 4836133.266
local_termination_time: 509383.27436000004
node_cons: 99478.16923340564
tot_aggregated_send: 66990
tot_msg_rcv: 2476
tot_msg_sent: 4583
tot_reconf_duration: 12.629999999999999
tot_sleeping_duration: 4761853.193040024
tot_uptimes: 1239
tot_uptimes_duration: 74280.07295997645
