comms_cons: 485.690329676976
finished_reconf: true
global_termination_time: 4836837.851
local_termination_time: 488584.51972000004
node_cons: 99486.4448578729
tot_aggregated_send: 66990
tot_msg_rcv: 2255
tot_msg_sent: 4578
tot_reconf_duration: 18.700000000000003
tot_sleeping_duration: 4762557.753720033
tot_uptimes: 1239
tot_uptimes_duration: 74280.09727996698
