comms_cons: 477.6263936697337
finished_reconf: true
global_termination_time: 4836511.16
local_termination_time: 1400855.949
node_cons: 99470.72834909665
tot_aggregated_send: 67626
tot_msg_rcv: 1597
tot_msg_sent: 3374
tot_reconf_duration: 5.43
tot_sleeping_duration: 4762229.341920015
tot_uptimes: 1239
tot_uptimes_duration: 74281.81807998475
