comms_cons: 235.64216962056395
finished_reconf: true
global_termination_time: 278396.93300000054
local_termination_time: 23481.692320000002
node_cons: 27607.486270440022
tot_aggregated_send: 0
tot_msg_rcv: 16235
tot_msg_sent: 19582
tot_reconf_duration: 4.390000000000001
tot_sleeping_duration: 257783.39704000056
tot_uptimes: 330
tot_uptimes_duration: 20613.535959999987
