comms_cons: 28.020812800317003
finished_reconf: true
global_termination_time: 279276.746
local_termination_time: 48826.11136000001
node_cons: 5719.498980000002
tot_aggregated_send: 3886
tot_msg_rcv: 151
tot_msg_sent: 222
tot_reconf_duration: 11.31
tot_sleeping_duration: 275016.746
tot_uptimes: 72
tot_uptimes_duration: 4260.0
