comms_cons: 455.5572480289885
finished_reconf: true
global_termination_time: 4611218.546
local_termination_time: 1375258.26436
node_cons: 94813.6283678166
tot_aggregated_send: 63858
tot_msg_rcv: 1744
tot_msg_sent: 3640
tot_reconf_duration: 9.11
tot_sleeping_duration: 4540418.503440016
tot_uptimes: 1181
tot_uptimes_duration: 70800.04255998437
