comms_cons: 456.17603845730156
finished_reconf: true
global_termination_time: 4609996.42
local_termination_time: 1251276.5339999981
node_cons: 94812.37187069711
tot_aggregated_send: 64960
tot_msg_rcv: 1364
tot_msg_sent: 3013
tot_reconf_duration: 7.819999999999999
tot_sleeping_duration: 4539196.007520015
tot_uptimes: 1181
tot_uptimes_duration: 70800.4124799848
