comms_cons: 456.90695685053004
finished_reconf: true
global_termination_time: 4612857.862
local_termination_time: 1762723.7142399978
node_cons: 94889.06465782237
tot_aggregated_send: 63858
tot_msg_rcv: 1932
tot_msg_sent: 3659
tot_reconf_duration: 5.43
tot_sleeping_duration: 4541997.749440011
tot_uptimes: 1182
tot_uptimes_duration: 70860.11255998886
