comms_cons: 279.6094207976041
finished_reconf: true
global_termination_time: 2809877.825
local_termination_time: 6725.589000000002
node_cons: 57848.58608334977
tot_aggregated_send: 39320
tot_msg_rcv: 1015
tot_msg_sent: 2164
tot_reconf_duration: 2.77
tot_sleeping_duration: 2766677.806760007
tot_uptimes: 720
tot_uptimes_duration: 43200.01823999314
