comms_cons: 438.0644673029698
finished_reconf: true
global_termination_time: 4336385.188
local_termination_time: 44391.07744000014
node_cons: 89186.02593341924
tot_aggregated_send: 60088
tot_msg_rcv: 2195
tot_msg_sent: 4301
tot_reconf_duration: 6.279999999999999
tot_sleeping_duration: 4269785.115040014
tot_uptimes: 1111
tot_uptimes_duration: 66600.07295998628
