comms_cons: 436.60382086388483
finished_reconf: true
global_termination_time: 4336247.937
local_termination_time: 2632113.37936
node_cons: 89183.96454446595
tot_aggregated_send: 60552
tot_msg_rcv: 1980
tot_msg_sent: 3830
tot_reconf_duration: 4.8100000000000005
tot_sleeping_duration: 4269647.912680008
tot_uptimes: 1111
tot_uptimes_duration: 66600.02431999124
