comms_cons: 437.9190592703914
finished_reconf: true
global_termination_time: 4336757.251
local_termination_time: 1366266.975
node_cons: 89190.24934781627
tot_aggregated_send: 60608
tot_msg_rcv: 2179
tot_msg_sent: 3773
tot_reconf_duration: 9.42
tot_sleeping_duration: 4270157.208440016
tot_uptimes: 1111
tot_uptimes_duration: 66600.04255998414
