comms_cons: 436.4813056852453
finished_reconf: true
global_termination_time: 4335433.873
local_termination_time: 1863134.70536
node_cons: 89192.2945233493
tot_aggregated_send: 59856
tot_msg_rcv: 1966
tot_msg_sent: 4520
tot_reconf_duration: 10.95
tot_sleeping_duration: 4268833.854760006
tot_uptimes: 1111
tot_uptimes_duration: 66600.0182399936
