comms_cons: 18.507289599950752
finished_reconf: true
global_termination_time: 13477.741240000003
local_termination_time: 273.04603999999995
node_cons: 2407.344869480007
tot_aggregated_send: 0
tot_msg_rcv: 1290
tot_msg_sent: 1522
tot_reconf_duration: 18.21
tot_sleeping_duration: 11698.341919999997
tot_uptimes: 29
tot_uptimes_duration: 1779.399320000006
