comms_cons: 159.67718399188107
finished_reconf: true
global_termination_time: 1606350.197
local_termination_time: 578264.35336
node_cons: 33028.20304223382
tot_aggregated_send: 22620
tot_msg_rcv: 499
tot_msg_sent: 1151
tot_reconf_duration: 6.22
tot_sleeping_duration: 1581690.1848400047
tot_uptimes: 412
tot_uptimes_duration: 24660.01215999527
