comms_cons: 159.00366079557153
finished_reconf: true
global_termination_time: 1608509.673
local_termination_time: 501428.56100000005
node_cons: 33037.80365287823
tot_aggregated_send: 23191
tot_msg_rcv: 338
tot_msg_sent: 638
tot_reconf_duration: 11.31
tot_sleeping_duration: 1583847.6530800012
tot_uptimes: 412
tot_uptimes_duration: 24662.019919998653
