comms_cons: 9.778572800197367
finished_reconf: true
global_termination_time: 77426.388
local_termination_time: 43300.003000000004
node_cons: 1542.8356414402917
tot_aggregated_send: 580
tot_msg_rcv: 381
tot_msg_sent: 525
tot_reconf_duration: 8.09
tot_sleeping_duration: 76282.3630399998
tot_uptimes: 20
tot_uptimes_duration: 1144.0249600002135
