comms_cons: 9.614156800049441
finished_reconf: true
global_termination_time: 77303.079
local_termination_time: 21203.779
node_cons: 1564.30093880059
tot_aggregated_send: 406
tot_msg_rcv: 426
tot_msg_sent: 630
tot_reconf_duration: 22.65
tot_sleeping_duration: 76157.78979999956
tot_uptimes: 20
tot_uptimes_duration: 1145.2892000004395
