comms_cons: 10.10141440009572
finished_reconf: true
global_termination_time: 78878.575
local_termination_time: 31839.27536
node_cons: 1614.1983633608734
tot_aggregated_send: 348
tot_msg_rcv: 426
tot_msg_sent: 762
tot_reconf_duration: 5.43
tot_sleeping_duration: 77678.55675999935
tot_uptimes: 21
tot_uptimes_duration: 1200.0182400006524
