comms_cons: 40.90946560106296
finished_reconf: true
global_termination_time: 401646.28
local_termination_time: 169902.35628000036
node_cons: 8201.63022336317
tot_aggregated_send: 5336
tot_msg_rcv: 303
tot_msg_sent: 579
tot_reconf_duration: 5.1
tot_sleeping_duration: 395526.2617599977
tot_uptimes: 103
tot_uptimes_duration: 6120.018240002355
