comms_cons: 87.25992960013903
finished_reconf: true
global_termination_time: 893757.309
local_termination_time: 326129.6742400005
node_cons: 18325.084060000037
tot_aggregated_send: 13166
tot_msg_rcv: 44
tot_msg_sent: 53
tot_reconf_duration: 5.57
tot_sleeping_duration: 880077.309
tot_uptimes: 229
tot_uptimes_duration: 13680.0
