comms_cons: 89.00404479807355
finished_reconf: true
global_termination_time: 894810.5
local_termination_time: 627237.8109599997
node_cons: 18432.21740000009
tot_aggregated_send: 12876
tot_msg_rcv: 270
tot_msg_sent: 382
tot_reconf_duration: 25.299999999999997
tot_sleeping_duration: 881070.5
tot_uptimes: 230
tot_uptimes_duration: 13740.0
