comms_cons: 87.37177599957602
finished_reconf: true
global_termination_time: 895256.173
local_termination_time: 660421.3384799979
node_cons: 18406.49485271729
tot_aggregated_send: 13108
tot_msg_rcv: 56
tot_msg_sent: 116
tot_reconf_duration: 4.8100000000000005
tot_sleeping_duration: 881514.602520002
tot_uptimes: 230
tot_uptimes_duration: 13741.5704799979
