comms_cons: 88.45797119900564
finished_reconf: true
global_termination_time: 893615.781
local_termination_time: 459076.0883600009
node_cons: 18328.550173041247
tot_aggregated_send: 12760
tot_msg_rcv: 225
tot_msg_sent: 461
tot_reconf_duration: 6.22
tot_sleeping_duration: 879933.851639999
tot_uptimes: 229
tot_uptimes_duration: 13681.92936000094
