comms_cons: 88.62245119783168
finished_reconf: true
global_termination_time: 893880.739
local_termination_time: 144554.67036000005
node_cons: 18332.878980000023
tot_aggregated_send: 12644
tot_msg_rcv: 256
tot_msg_sent: 570
tot_reconf_duration: 11.31
tot_sleeping_duration: 880200.739
tot_uptimes: 229
tot_uptimes_duration: 13680.0
