comms_cons: 188.8888319890996
finished_reconf: true
global_termination_time: 1963598.955
local_termination_time: 1949.24212
node_cons: 40347.31276335022
tot_aggregated_send: 27086
tot_msg_rcv: 594
tot_msg_sent: 1030
tot_reconf_duration: 12.23
tot_sleeping_duration: 1933478.9367600072
tot_uptimes: 503
tot_uptimes_duration: 30120.018239992904
