comms_cons: 189.8580991822589
finished_reconf: true
global_termination_time: 1963825.004
local_termination_time: 5055.087
node_cons: 40339.54223228948
tot_aggregated_send: 25806
tot_msg_rcv: 1229
tot_msg_sent: 1824
tot_reconf_duration: 6.46
tot_sleeping_duration: 1933704.9371200227
tot_uptimes: 503
tot_uptimes_duration: 30120.066879977414
