comms_cons: 193.77185917757282
finished_reconf: true
global_termination_time: 1966036.728
local_termination_time: 6396.051999999999
node_cons: 40425.477157878246
tot_aggregated_send: 25799
tot_msg_rcv: 1386
tot_msg_sent: 2268
tot_reconf_duration: 10.55
tot_sleeping_duration: 1935856.6307200307
tot_uptimes: 504
tot_uptimes_duration: 30180.09727996902
