comms_cons: 109.45815039869791
finished_reconf: true
global_termination_time: 1091029.5334799998
local_termination_time: 1091029.4923599998
node_cons: 22466.619800961515
tot_aggregated_send: 15472
tot_msg_rcv: 459
tot_msg_sent: 705
tot_reconf_duration: 24.59
tot_sleeping_duration: 1074275.8168399986
tot_uptimes: 280
tot_uptimes_duration: 16753.716640001097
