comms_cons: 282.2542592046862
finished_reconf: false
global_termination_time: 2809744.475
local_termination_time: 0
node_cons: 57844.81628223295
tot_aggregated_send: 39324
tot_msg_rcv: 1139
tot_msg_sent: 2438
tot_reconf_duration: 0
tot_sleeping_duration: 2766544.4628400044
tot_uptimes: 720
tot_uptimes_duration: 43200.0121599955
