comms_cons: 281.26911360021444
finished_reconf: true
global_termination_time: 2810909.481
local_termination_time: 303821.113
node_cons: 57891.142624696906
tot_aggregated_send: 39788
tot_msg_rcv: 988
tot_msg_sent: 1975
tot_reconf_duration: 22.65
tot_sleeping_duration: 2767697.8425200167
tot_uptimes: 720
tot_uptimes_duration: 43211.63847998349
