comms_cons: 281.2285312125025
finished_reconf: true
global_termination_time: 2810998.437
local_termination_time: 879662.4480000001
node_cons: 57854.9231402151
tot_aggregated_send: 39552
tot_msg_rcv: 984
tot_msg_sent: 2210
tot_reconf_duration: 6.77
tot_sleeping_duration: 2767797.7428400177
tot_uptimes: 720
tot_uptimes_duration: 43200.694159982144
