comms_cons: 282.3304256045577
finished_reconf: true
global_termination_time: 2808014.868
local_termination_time: 634830.763879999
node_cons: 57851.38896781719
tot_aggregated_send: 39150
tot_msg_rcv: 1143
tot_msg_sent: 2619
tot_reconf_duration: 4.8100000000000005
tot_sleeping_duration: 2764814.825440016
tot_uptimes: 720
tot_uptimes_duration: 43200.042559983674
