comms_cons: 285.01031681573363
finished_reconf: true
global_termination_time: 2810813.307
local_termination_time: 37547.284
node_cons: 57861.154555009714
tot_aggregated_send: 38625
tot_msg_rcv: 1552
tot_msg_sent: 3143
tot_reconf_duration: 9.629999999999999
tot_sleeping_duration: 2767610.8596400223
tot_uptimes: 720
tot_uptimes_duration: 43202.44735997815
