comms_cons: 282.80691200821207
finished_reconf: true
global_termination_time: 2808644.616
local_termination_time: 1763357.0994799999
node_cons: 57855.45212446701
tot_aggregated_send: 39440
tot_msg_rcv: 1226
tot_msg_sent: 2319
tot_reconf_duration: 7.819999999999999
tot_sleeping_duration: 2765444.591680009
tot_uptimes: 720
tot_uptimes_duration: 43200.024319991004
