comms_cons: 111.47292159139394
finished_reconf: true
global_termination_time: 1080643.313
local_termination_time: 146232.47748000006
node_cons: 22181.52617679623
tot_aggregated_send: 13630
tot_msg_rcv: 1005
tot_msg_sent: 2309
tot_reconf_duration: 5.57
tot_sleeping_duration: 1064083.221800003
tot_uptimes: 277
tot_uptimes_duration: 16560.091199997158
