comms_cons: 109.12395519646964
finished_reconf: true
global_termination_time: 1082363.81
local_termination_time: 212003.2522400005
node_cons: 22272.10556559801
tot_aggregated_send: 14384
tot_msg_rcv: 730
tot_msg_sent: 1472
tot_reconf_duration: 13.17
tot_sleeping_duration: 1065743.7796000016
tot_uptimes: 278
tot_uptimes_duration: 16620.030399998475
