comms_cons: 211.23473908890034
finished_reconf: true
global_termination_time: 1080533.816
local_termination_time: 250394.29160000006
node_cons: 22184.492124481127
tot_aggregated_send: 0
tot_msg_rcv: 16349
tot_msg_sent: 15758
tot_reconf_duration: 7.819999999999999
tot_sleeping_duration: 1063973.7916799993
tot_uptimes: 277
tot_uptimes_duration: 16560.02432000084
