comms_cons: 113.25522558999984
finished_reconf: true
global_termination_time: 1079007.982
local_termination_time: 7993.404
node_cons: 22192.023841512244
tot_aggregated_send: 13795
tot_msg_rcv: 1195
tot_msg_sent: 2224
tot_reconf_duration: 11.31
tot_sleeping_duration: 1062445.872320006
tot_uptimes: 277
tot_uptimes_duration: 16562.109679994184
