comms_cons: 141.60412159184511
finished_reconf: true
global_termination_time: 1426608.741
local_termination_time: 893668.4253999991
node_cons: 29338.970099999984
tot_aggregated_send: 20416
tot_msg_rcv: 363
tot_msg_sent: 744
tot_reconf_duration: 10.95
tot_sleeping_duration: 1404708.741
tot_uptimes: 366
tot_uptimes_duration: 21900.0
