comms_cons: 53.562393601140556
finished_reconf: true
global_termination_time: 531700.609
local_termination_time: 159595.36680000072
node_cons: 11013.978363364296
tot_aggregated_send: 7250
tot_msg_rcv: 303
tot_msg_sent: 588
tot_reconf_duration: 5.43
tot_sleeping_duration: 523480.59075999685
tot_uptimes: 137
tot_uptimes_duration: 8220.018240003206
