comms_cons: 260.82580481357735
finished_reconf: true
global_termination_time: 2576846.761
local_termination_time: 632081.01036
node_cons: 52974.834982232875
tot_aggregated_send: 35786
tot_msg_rcv: 1438
tot_msg_sent: 2420
tot_reconf_duration: 22.65
tot_sleeping_duration: 2537306.7488400047
tot_uptimes: 660
tot_uptimes_duration: 39540.01215999527
