comms_cons: 258.3263359951063
finished_reconf: true
global_termination_time: 2576756.794
local_termination_time: 824302.7928399987
node_cons: 52951.01836446679
tot_aggregated_send: 36076
tot_msg_rcv: 1041
tot_msg_sent: 2148
tot_reconf_duration: 5.1
tot_sleeping_duration: 2537216.7696800097
tot_uptimes: 660
tot_uptimes_duration: 39540.02431999077
