comms_cons: 259.8460224052106
finished_reconf: true
global_termination_time: 2574734.9
local_termination_time: 883584.2743599999
node_cons: 52978.44996446688
tot_aggregated_send: 35902
tot_msg_rcv: 1289
tot_msg_sent: 2304
tot_reconf_duration: 25.299999999999997
tot_sleeping_duration: 2535194.8756800094
tot_uptimes: 660
tot_uptimes_duration: 39540.02431999077
