comms_cons: 257.9329343911037
finished_reconf: true
global_termination_time: 2574836.731
local_termination_time: 309161.9101600008
node_cons: 52951.48278670016
tot_aggregated_send: 35438
tot_msg_rcv: 1182
tot_msg_sent: 2585
tot_reconf_duration: 5.43
tot_sleeping_duration: 2535296.6945200143
tot_uptimes: 660
tot_uptimes_duration: 39540.03647998581
