comms_cons: 46.955750400940495
finished_reconf: true
global_termination_time: 450687.409
local_termination_time: 3283.742120000002
node_cons: 9273.473682240594
tot_aggregated_send: 5742
tot_msg_rcv: 488
tot_msg_sent: 907
tot_reconf_duration: 25.299999999999997
tot_sleeping_duration: 443787.39683999954
tot_uptimes: 116
tot_uptimes_duration: 6900.012160000435
