comms_cons: 45.863603200969756
finished_reconf: true
global_termination_time: 450876.743
local_termination_time: 296458.6933200002
node_cons: 9243.315204485758
tot_aggregated_send: 6032
tot_msg_rcv: 299
tot_msg_sent: 640
tot_reconf_duration: 3.08
tot_sleeping_duration: 443976.71867999574
tot_uptimes: 116
tot_uptimes_duration: 6900.024320004275
