comms_cons: 46.10946560065081
finished_reconf: true
global_termination_time: 451472.676
local_termination_time: 178330.03320000065
node_cons: 9250.094361121437
tot_aggregated_send: 6032
tot_msg_rcv: 342
tot_msg_sent: 634
tot_reconf_duration: 8.09
tot_sleeping_duration: 444572.6699199989
tot_uptimes: 116
tot_uptimes_duration: 6900.006080001069
