comms_cons: 46.567577600923194
finished_reconf: true
global_termination_time: 451482.288
local_termination_time: 134458.27560000058
node_cons: 9251.487662242895
tot_aggregated_send: 6032
tot_msg_rcv: 412
tot_msg_sent: 634
tot_reconf_duration: 9.11
tot_sleeping_duration: 444582.27583999786
tot_uptimes: 116
tot_uptimes_duration: 6900.012160002138
