comms_cons: 46.212928000239515
finished_reconf: true
global_termination_time: 449945.439
local_termination_time: 74722.1661599998
node_cons: 9245.110466724036
tot_aggregated_send: 5916
tot_msg_rcv: 350
tot_msg_sent: 759
tot_reconf_duration: 4.390000000000001
tot_sleeping_duration: 443045.40251999703
tot_uptimes: 116
tot_uptimes_duration: 6900.0364800030075
