comms_cons: 46.11021440073803
finished_reconf: true
global_termination_time: 450234.518
local_termination_time: 51131.71568000015
node_cons: 9249.735842242872
tot_aggregated_send: 6148
tot_msg_rcv: 341
tot_msg_sent: 519
tot_reconf_duration: 7.819999999999999
tot_sleeping_duration: 443334.50583999784
tot_uptimes: 116
tot_uptimes_duration: 6900.0121600021375
