comms_cons: 5.23704319999835
finished_reconf: true
global_termination_time: 3449.784400000001
local_termination_time: 3449.743280000001
node_cons: 643.2546956000017
tot_aggregated_send: 0
tot_msg_rcv: 357
tot_msg_sent: 437
tot_reconf_duration: 24.59
tot_sleeping_duration: 2994.324
tot_uptimes: 7
tot_uptimes_duration: 455.46040000000113
