comms_cons: 155.7530623528861
finished_reconf: true
global_termination_time: 794657.921
local_termination_time: 1206.0830400000016
node_cons: 16313.170041121455
tot_aggregated_send: 0
tot_msg_rcv: 11895
tot_msg_sent: 11777
tot_reconf_duration: 3.05
tot_sleeping_duration: 782477.9149199988
tot_uptimes: 204
tot_uptimes_duration: 12180.006080001069
