comms_cons: 143.38894718832216
finished_reconf: true
global_termination_time: 1430398.488
local_termination_time: 525277.8813599999
node_cons: 29435.255687817902
tot_aggregated_send: 19488
tot_msg_rcv: 747
tot_msg_sent: 1560
tot_reconf_duration: 22.65
tot_sleeping_duration: 1408438.4454400165
tot_uptimes: 367
tot_uptimes_duration: 21960.04255998344
