comms_cons: 57.482470399622535
finished_reconf: true
global_termination_time: 590362.713
local_termination_time: 380472.92299999995
node_cons: 12165.697400000006
tot_aggregated_send: 8617
tot_msg_rcv: 8
tot_msg_sent: 112
tot_reconf_duration: 25.299999999999997
tot_sleeping_duration: 581302.713
tot_uptimes: 152
tot_uptimes_duration: 9060.000000000004
