comms_cons: 59.18111360074451
finished_reconf: true
global_termination_time: 589898.28
local_termination_time: 135533.27384000013
node_cons: 12144.141893681195
tot_aggregated_send: 8352
tot_msg_rcv: 243
tot_msg_sent: 399
tot_reconf_duration: 9.42
tot_sleeping_duration: 580838.2728799991
tot_uptimes: 152
tot_uptimes_duration: 9060.007120000897
