comms_cons: 111.86807679378413
finished_reconf: true
global_termination_time: 1108168.6264799999
local_termination_time: 1108168.58536
node_cons: 22815.416995436288
tot_aggregated_send: 15311
tot_msg_rcv: 612
tot_msg_sent: 1078
tot_reconf_duration: 44.779999999999994
tot_sleeping_duration: 1091174.8955200026
tot_uptimes: 284
tot_uptimes_duration: 16993.730959997134
