comms_cons: 111.04118399672254
finished_reconf: true
global_termination_time: 1108169.0372400004
local_termination_time: 4767.05
node_cons: 22811.546586076187
tot_aggregated_send: 15188
tot_msg_rcv: 607
tot_msg_sent: 1080
tot_reconf_duration: 7.55
tot_sleeping_duration: 1091140.4385200033
tot_uptimes: 284
tot_uptimes_duration: 17028.598719997128
