comms_cons: 84.62534399776132
finished_reconf: true
global_termination_time: 827427.846
local_termination_time: 125500.56095999938
node_cons: 16976.53430896228
tot_aggregated_send: 9512
tot_msg_rcv: 1232
tot_msg_sent: 2123
tot_reconf_duration: 18.21
tot_sleeping_duration: 814767.7973599983
tot_uptimes: 212
tot_uptimes_duration: 12660.048640001682
