comms_cons: 80.34581759988349
finished_reconf: true
global_termination_time: 822501.469
local_termination_time: 372827.838
node_cons: 16879.79158320285
tot_aggregated_send: 11771
tot_msg_rcv: 150
tot_msg_sent: 291
tot_reconf_duration: 4.8100000000000005
tot_sleeping_duration: 809900.0801999979
tot_uptimes: 211
tot_uptimes_duration: 12601.38880000211
