comms_cons: 79.97675520010192
finished_reconf: true
global_termination_time: 821441.807
local_termination_time: 625245.3240799997
node_cons: 16882.01956000011
tot_aggregated_send: 11890
tot_msg_rcv: 79
tot_msg_sent: 187
tot_reconf_duration: 7.819999999999999
tot_sleeping_duration: 808841.807
tot_uptimes: 211
tot_uptimes_duration: 12600.0
