comms_cons: 41.23000320102909
finished_reconf: true
global_termination_time: 395530.679
local_termination_time: 22253.619000000002
node_cons: 8121.722081120017
tot_aggregated_send: 4930
tot_msg_rcv: 412
tot_msg_sent: 924
tot_reconf_duration: 5.43
tot_sleeping_duration: 389470.67292
tot_uptimes: 102
tot_uptimes_duration: 6060.006080000005
