comms_cons: 363.94990084823087
finished_reconf: true
global_termination_time: 424816.4823200002
local_termination_time: 424816.4412000002
node_cons: 41787.339542925154
tot_aggregated_send: 0
tot_msg_rcv: 25218
tot_msg_sent: 30099
tot_reconf_duration: 24.59
tot_sleeping_duration: 393633.5500399961
tot_uptimes: 496
tot_uptimes_duration: 31182.93228000408
