comms_cons: 70.43159039920344
finished_reconf: true
global_termination_time: 718112.571
local_termination_time: 184054.66236000007
node_cons: 14736.577400000046
tot_aggregated_send: 10208
tot_msg_rcv: 168
tot_msg_sent: 329
tot_reconf_duration: 25.299999999999997
tot_sleeping_duration: 707132.571
tot_uptimes: 184
tot_uptimes_duration: 10980.0
