comms_cons: 71.26589439999394
finished_reconf: true
global_termination_time: 714974.015
local_termination_time: 124252.32419999964
node_cons: 14723.051720000038
tot_aggregated_send: 10150
tot_msg_rcv: 232
tot_msg_sent: 450
tot_reconf_duration: 15.34
tot_sleeping_duration: 703994.015
tot_uptimes: 184
tot_uptimes_duration: 10980.0
