comms_cons: 81.2399615977501
finished_reconf: true
global_termination_time: 827183.284
local_termination_time: 293636.9493600001
node_cons: 16955.881900000088
tot_aggregated_send: 11832
tot_msg_rcv: 151
tot_msg_sent: 365
tot_reconf_duration: 3.05
tot_sleeping_duration: 814523.284
tot_uptimes: 212
tot_uptimes_duration: 12660.0
