comms_cons: 456.5769857036139
finished_reconf: true
global_termination_time: 4513616.429
local_termination_time: 37613.34136000001
node_cons: 92799.74791675957
tot_aggregated_send: 62408
tot_msg_rcv: 2393
tot_msg_sent: 4596
tot_reconf_duration: 5.1
tot_sleeping_duration: 4444316.337800028
tot_uptimes: 1156
tot_uptimes_duration: 69300.0911999717
