comms_cons: 455.30206088766334
finished_reconf: true
global_termination_time: 4517075.348
local_termination_time: 187069.06772000057
node_cons: 92907.50323452102
tot_aggregated_send: 63104
tot_msg_rcv: 2164
tot_msg_sent: 3935
tot_reconf_duration: 25.299999999999997
tot_sleeping_duration: 4447715.268960028
tot_uptimes: 1157
tot_uptimes_duration: 69360.07903997277
