comms_cons: 453.30231690465666
finished_reconf: true
global_termination_time: 4517768.421
local_termination_time: 2109212.2771199993
node_cons: 92898.46716446598
tot_aggregated_send: 62698
tot_msg_rcv: 1860
tot_msg_sent: 4340
tot_reconf_duration: 18.700000000000003
tot_sleeping_duration: 4448408.39668001
tot_uptimes: 1157
tot_uptimes_duration: 69360.02431999124
