comms_cons: 491.81046375070605
finished_reconf: true
global_termination_time: 1021189.3129599987
local_termination_time: 1021189.2718399988
node_cons: 61666.55688114776
tot_aggregated_send: 0
tot_msg_rcv: 30292
tot_msg_sent: 44461
tot_reconf_duration: 24.59
tot_sleeping_duration: 975160.064520007
tot_uptimes: 753
tot_uptimes_duration: 46029.24843999169
