comms_cons: 305.8012160126883
finished_reconf: true
global_termination_time: 3080380.085
local_termination_time: 1204764.2923599998
node_cons: 63332.64917999867
tot_aggregated_send: 44080
tot_msg_rcv: 793
tot_msg_sent: 1607
tot_reconf_duration: 18.21
tot_sleeping_duration: 3033100.085
tot_uptimes: 789
tot_uptimes_duration: 47280.0
