comms_cons: 301.946432002556
finished_reconf: true
global_termination_time: 3080262.866
local_termination_time: 884643.9823599999
node_cons: 63314.89464670032
tot_aggregated_send: 43500
tot_msg_rcv: 765
tot_msg_sent: 1629
tot_reconf_duration: 5.1
tot_sleeping_duration: 3032982.8295200136
tot_uptimes: 789
tot_uptimes_duration: 47280.03647998627
