comms_cons: 605.6853701047315
finished_reconf: true
global_termination_time: 3077875.234
local_termination_time: 2414.0763600000005
node_cons: 63316.42374781655
tot_aggregated_send: 0
tot_msg_rcv: 46350
tot_msg_sent: 45710
tot_reconf_duration: 6.22
tot_sleeping_duration: 3030595.1914400165
tot_uptimes: 789
tot_uptimes_duration: 47280.04255998344
