comms_cons: 314.33443841497166
finished_reconf: true
global_termination_time: 3163306.583
local_termination_time: 1204764.2923599998
node_cons: 65100.12917999859
tot_aggregated_send: 45298
tot_msg_rcv: 814
tot_msg_sent: 1665
tot_reconf_duration: 18.21
tot_sleeping_duration: 3114706.583
tot_uptimes: 811
tot_uptimes_duration: 48600.0
