comms_cons: 319.2860224357098
finished_reconf: true
global_termination_time: 3164259.555
local_termination_time: 1105760.5883199994
node_cons: 65106.17498223251
tot_aggregated_send: 43906
tot_msg_rcv: 1564
tot_msg_sent: 3061
tot_reconf_duration: 22.65
tot_sleeping_duration: 3115659.5428400044
tot_uptimes: 811
tot_uptimes_duration: 48600.0121599955
