comms_cons: 312.9121023938924
finished_reconf: true
global_termination_time: 3164322.122
local_termination_time: 538223.1564799999
node_cons: 65083.96894558289
tot_aggregated_send: 44080
tot_msg_rcv: 1237
tot_msg_sent: 2243
tot_reconf_duration: 6.279999999999999
tot_sleeping_duration: 3115722.0916000116
tot_uptimes: 811
tot_uptimes_duration: 48600.0303999882
