comms_cons: 312.14481921631926
finished_reconf: true
global_termination_time: 3164813.46
local_termination_time: 1328805.5073599997
node_cons: 65082.366505583246
tot_aggregated_send: 44602
tot_msg_rcv: 898
tot_msg_sent: 1945
tot_reconf_duration: 5.1
tot_sleeping_duration: 3116213.4296000116
tot_uptimes: 811
tot_uptimes_duration: 48600.03039998864
