comms_cons: 68.58482560001814
finished_reconf: true
global_termination_time: 688530.5484799999
local_termination_time: 688530.5073599999
node_cons: 14191.599800962682
tot_aggregated_send: 9672
tot_msg_rcv: 217
tot_msg_sent: 535
tot_reconf_duration: 24.59
tot_sleeping_duration: 677956.8318399979
tot_uptimes: 177
tot_uptimes_duration: 10573.716640001978
