comms_cons: 38.45667840017514
finished_reconf: true
global_termination_time: 385788.029
local_termination_time: 14355.542
node_cons: 7878.6525732003065
tot_aggregated_send: 5277
tot_msg_rcv: 163
tot_msg_sent: 405
tot_reconf_duration: 3.08
tot_sleeping_duration: 379907.17019999976
tot_uptimes: 99
tot_uptimes_duration: 5880.858800000222
