comms_cons: 38.370521600191275
finished_reconf: true
global_termination_time: 386090.032
local_termination_time: 82533.98795999963
node_cons: 7877.461899999994
tot_aggregated_send: 5452
tot_msg_rcv: 150
tot_msg_sent: 230
tot_reconf_duration: 3.05
tot_sleeping_duration: 380210.032
tot_uptimes: 99
tot_uptimes_duration: 5880.0
