comms_cons: 417.93177607178825
finished_reconf: true
global_termination_time: 4157854.93448
local_termination_time: 4157854.8933599996
node_cons: 85551.05147772173
tot_aggregated_send: 57684
tot_msg_rcv: 1810
tot_msg_sent: 4029
tot_reconf_duration: 37.410000000000004
tot_sleeping_duration: 4094001.1266400265
tot_uptimes: 1065
tot_uptimes_duration: 63853.80783997329
