comms_cons: 417.20267527089266
finished_reconf: true
global_termination_time: 4157855.5344799976
local_termination_time: 74622.83191999984
node_cons: 85521.36479124922
tot_aggregated_send: 57710
tot_msg_rcv: 1806
tot_msg_sent: 3897
tot_reconf_duration: 5.1
tot_sleeping_duration: 4093991.128960019
tot_uptimes: 1065
tot_uptimes_duration: 63864.40551997867
