comms_cons: 419.82512647347426
finished_reconf: true
global_termination_time: 4160656.43
local_termination_time: 1750238.6905599984
node_cons: 85582.66822669984
tot_aggregated_send: 57594
tot_msg_rcv: 2042
tot_msg_sent: 4174
tot_reconf_duration: 15.110000000000001
tot_sleeping_duration: 4096756.3935200134
tot_uptimes: 1066
tot_uptimes_duration: 63900.03647998674
