comms_cons: 419.02200327770805
finished_reconf: true
global_termination_time: 4160700.737
local_termination_time: 1813110.0410000002
node_cons: 85609.63919622368
tot_aggregated_send: 57650
tot_msg_rcv: 1915
tot_msg_sent: 4125
tot_reconf_duration: 18.700000000000003
tot_sleeping_duration: 4096784.198840011
tot_uptimes: 1066
tot_uptimes_duration: 63916.538159989286
