comms_cons: 416.86592005904316
finished_reconf: true
global_termination_time: 4160185.317
local_termination_time: 1493123.2436799984
node_cons: 85570.61188893426
tot_aggregated_send: 58348
tot_msg_rcv: 1584
tot_msg_sent: 3428
tot_reconf_duration: 6.22
tot_sleeping_duration: 4096285.2683600173
tot_uptimes: 1066
tot_uptimes_duration: 63900.04863998247
