comms_cons: 2.276403199992478
finished_reconf: true
global_termination_time: 12501.309
local_termination_time: 8960.81936
node_cons: 252.00622000000018
tot_aggregated_send: 0
tot_msg_rcv: 179
tot_msg_sent: 167
tot_reconf_duration: 8.09
tot_sleeping_duration: 12321.309
tot_uptimes: 4
tot_uptimes_duration: 180.0
