comms_cons: 2.235532799993531
finished_reconf: true
global_termination_time: 13412.477
local_termination_time: 5630.2083600000005
node_cons: 258.17154000000016
tot_aggregated_send: 0
tot_msg_rcv: 177
tot_msg_sent: 163
tot_reconf_duration: 12.629999999999999
tot_sleeping_duration: 13232.477
tot_uptimes: 4
tot_uptimes_duration: 180.0
