comms_cons: 1.4671615999993741
finished_reconf: true
global_termination_time: 10809.99
local_termination_time: 6354.835360000002
node_cons: 176.03897999999936
tot_aggregated_send: 0
tot_msg_rcv: 117
tot_msg_sent: 106
tot_reconf_duration: 11.31
tot_sleeping_duration: 10689.990000000002
tot_uptimes: 3
tot_uptimes_duration: 120.0
