comms_cons: 115.49748479477888
finished_reconf: true
global_termination_time: 1168874.19524
local_termination_time: 20147.786880000003
node_cons: 24058.4955759139
tot_aggregated_send: 16530
tot_msg_rcv: 328
tot_msg_sent: 697
tot_reconf_duration: 11.31
tot_sleeping_duration: 1150918.1559600045
tot_uptimes: 300
tot_uptimes_duration: 17956.03927999542
