comms_cons: 175.90211839390432
finished_reconf: true
global_termination_time: 1782413.051
local_termination_time: 621125.6535999997
node_cons: 36659.7854622335
tot_aggregated_send: 25114
tot_msg_rcv: 588
tot_msg_sent: 1035
tot_reconf_duration: 18.21
tot_sleeping_duration: 1755053.0388400047
tot_uptimes: 457
tot_uptimes_duration: 27360.01215999527
