comms_cons: 172.46056959818327
finished_reconf: true
global_termination_time: 1779697.033
local_termination_time: 1003799.62336
node_cons: 36558.84189999995
tot_aggregated_send: 25636
tot_msg_rcv: 171
tot_msg_sent: 406
tot_reconf_duration: 3.05
tot_sleeping_duration: 1752397.033
tot_uptimes: 456
tot_uptimes_duration: 27300.0
