comms_cons: 175.33516159207014
finished_reconf: true
global_termination_time: 1779291.11
local_termination_time: 326501.02836000005
node_cons: 36565.319559999894
tot_aggregated_send: 25288
tot_msg_rcv: 438
tot_msg_sent: 923
tot_reconf_duration: 7.819999999999999
tot_sleeping_duration: 1751991.11
tot_uptimes: 456
tot_uptimes_duration: 27300.0
