comms_cons: 174.61854719405642
finished_reconf: true
global_termination_time: 1780799.207
local_termination_time: 1168279.3810799988
node_cons: 36650.39897999996
tot_aggregated_send: 25462
tot_msg_rcv: 403
tot_msg_sent: 676
tot_reconf_duration: 11.31
tot_sleeping_duration: 1753439.207
tot_uptimes: 457
tot_uptimes_duration: 27360.0
