comms_cons: 10.997606399925054
finished_reconf: true
global_termination_time: 108636.139
local_termination_time: 2316.9291200000002
node_cons: 2177.056365599176
tot_aggregated_send: 406
tot_msg_rcv: 607
tot_msg_sent: 659
tot_reconf_duration: 5.77
tot_sleeping_duration: 107016.10860000062
tot_uptimes: 28
tot_uptimes_duration: 1620.0303999993848
