comms_cons: 10.095001599778376
finished_reconf: true
global_termination_time: 108777.569
local_termination_time: 2698.81112
node_cons: 2190.9704267171874
tot_aggregated_send: 348
tot_msg_rcv: 558
tot_msg_sent: 630
tot_reconf_duration: 16.009999999999998
tot_sleeping_duration: 107157.5325200021
tot_uptimes: 28
tot_uptimes_duration: 1620.0364799978997
