comms_cons: 10.194943999828338
finished_reconf: true
global_termination_time: 107965.084
local_termination_time: 4179.946
node_cons: 2178.8679100792006
tot_aggregated_send: 224
tot_msg_rcv: 505
tot_msg_sent: 820
tot_reconf_duration: 7.08
tot_sleeping_duration: 106345.0292800006
tot_uptimes: 28
tot_uptimes_duration: 1620.0547199994035
