comms_cons: 178.33941118098312
finished_reconf: true
global_termination_time: 1753016.301
local_termination_time: 596694.73836
node_cons: 36000.90522781778
tot_aggregated_send: 23606
tot_msg_rcv: 1115
tot_msg_sent: 2386
tot_reconf_duration: 6.279999999999999
tot_sleeping_duration: 1726136.2584400165
tot_uptimes: 449
tot_uptimes_duration: 26880.04255998344
