comms_cons: 172.6118911962738
finished_reconf: true
global_termination_time: 1751931.778
local_termination_time: 256626.55960000103
node_cons: 36013.96754352273
tot_aggregated_send: 25288
tot_msg_rcv: 254
tot_msg_sent: 694
tot_reconf_duration: 9.11
tot_sleeping_duration: 1725044.8503199979
tot_uptimes: 449
tot_uptimes_duration: 26886.927680002093
