comms_cons: 177.85676798257046
finished_reconf: true
global_termination_time: 1747811.2431200002
local_termination_time: 836.4185999999999
node_cons: 35945.18287868924
tot_aggregated_send: 23258
tot_msg_rcv: 1319
tot_msg_sent: 2457
tot_reconf_duration: 4.390000000000001
tot_sleeping_duration: 1720970.898640023
tot_uptimes: 448
tot_uptimes_duration: 26840.344479977095
