comms_cons: 179.12565757913026
finished_reconf: true
global_termination_time: 1750932.465
local_termination_time: 1123992.77936
node_cons: 36013.19242558418
tot_aggregated_send: 23374
tot_msg_rcv: 1302
tot_msg_sent: 2550
tot_reconf_duration: 15.34
tot_sleeping_duration: 1724052.434600012
tot_uptimes: 449
tot_uptimes_duration: 26880.030399988173
