comms_cons: 85.6686528108584
finished_reconf: true
global_termination_time: 401649.25380000036
local_termination_time: 2510.3516
node_cons: 8252.806410897098
tot_aggregated_send: 0
tot_msg_rcv: 7050
tot_msg_sent: 5961
tot_reconf_duration: 18.21
tot_sleeping_duration: 395504.3118799876
tot_uptimes: 103
tot_uptimes_duration: 6144.941920012767
