comms_cons: 39.9692672002962
finished_reconf: true
global_termination_time: 404900.231
local_termination_time: 16526.68948
node_cons: 8309.3855411203
tot_aggregated_send: 5742
tot_msg_rcv: 124
tot_msg_sent: 209
tot_reconf_duration: 25.299999999999997
tot_sleeping_duration: 398720.22491999983
tot_uptimes: 104
tot_uptimes_duration: 6180.0060800002175
