comms_cons: 39.48898559983299
finished_reconf: true
global_termination_time: 401887.522
local_termination_time: 79818.35747999995
node_cons: 8212.564860000008
tot_aggregated_send: 5742
tot_msg_rcv: 98
tot_msg_sent: 162
tot_reconf_duration: 13.17
tot_sleeping_duration: 395767.522
tot_uptimes: 103
tot_uptimes_duration: 6120.0
