comms_cons: 178.45422079660898
finished_reconf: true
global_termination_time: 1816058.946
local_termination_time: 1509675.4213199997
node_cons: 37373.45897999994
tot_aggregated_send: 26332
tot_msg_rcv: 255
tot_msg_sent: 537
tot_reconf_duration: 11.31
tot_sleeping_duration: 1788158.946
tot_uptimes: 466
tot_uptimes_duration: 27900.000000000004
