comms_cons: 284.1507072178772
finished_reconf: false
global_termination_time: 2808596.115
local_termination_time: 0
node_cons: 57844.80814111611
tot_aggregated_send: 38918
tot_msg_rcv: 1427
tot_msg_sent: 2843
tot_reconf_duration: 0
tot_sleeping_duration: 2765396.1089200024
tot_uptimes: 720
tot_uptimes_duration: 43200.00607999787
