comms_cons: 284.4983936261283
finished_reconf: true
global_termination_time: 2810139.419
local_termination_time: 1512223.655119998
node_cons: 57853.28746558373
tot_aggregated_send: 38744
tot_msg_rcv: 1479
tot_msg_sent: 3020
tot_reconf_duration: 6.22
tot_sleeping_duration: 2766939.3886000114
tot_uptimes: 720
tot_uptimes_duration: 43200.03039998864
