comms_cons: 276.5235456088847
finished_reconf: true
global_termination_time: 573514.6205999998
local_termination_time: 573514.5794799998
node_cons: 34741.69400612319
tot_aggregated_send: 0
tot_msg_rcv: 16992
tot_msg_sent: 25037
tot_reconf_duration: 24.59
tot_sleeping_duration: 547593.5595199974
tot_uptimes: 426
tot_uptimes_duration: 25921.061080002397
