comms_cons: 56.9629504004129
finished_reconf: true
global_termination_time: 575939.364
local_termination_time: 182800.06236000004
node_cons: 11814.13004112143
tot_aggregated_send: 7830
tot_msg_rcv: 361
tot_msg_sent: 467
tot_reconf_duration: 3.05
tot_sleeping_duration: 567119.3579199988
tot_uptimes: 148
tot_uptimes_duration: 8820.006080001069
