comms_cons: 56.69296640054947
finished_reconf: true
global_termination_time: 574684.96
local_termination_time: 76597.91383999994
node_cons: 11820.599560000028
tot_aggregated_send: 8120
tot_msg_rcv: 165
tot_msg_sent: 332
tot_reconf_duration: 7.819999999999999
tot_sleeping_duration: 565864.96
tot_uptimes: 148
tot_uptimes_duration: 8820.0
