comms_cons: 93.35747839226906
finished_reconf: true
global_termination_time: 880061.8001199999
local_termination_time: 880061.759
node_cons: 18124.102580886276
tot_aggregated_send: 10948
tot_msg_rcv: 1133
tot_msg_sent: 2108
tot_reconf_duration: 24.59
tot_sleeping_duration: 866551.1881999952
tot_uptimes: 226
tot_uptimes_duration: 13510.61192000466
