comms_cons: 252.29258239070637
finished_reconf: true
global_termination_time: 2517122.586
local_termination_time: 1130239.7043599996
node_cons: 51745.91022334953
tot_aggregated_send: 34974
tot_msg_rcv: 1194
tot_msg_sent: 2179
tot_reconf_duration: 5.1
tot_sleeping_duration: 2478482.567760007
tot_uptimes: 645
tot_uptimes_duration: 38640.0182399929
