comms_cons: 248.3450623989154
finished_reconf: true
global_termination_time: 2518128.006
local_termination_time: 1477524.1703599999
node_cons: 51756.844859999124
tot_aggregated_send: 36366
tot_msg_rcv: 407
tot_msg_sent: 974
tot_reconf_duration: 13.17
tot_sleeping_duration: 2479488.006
tot_uptimes: 645
tot_uptimes_duration: 38640.0
