comms_cons: 253.88918398407475
finished_reconf: true
global_termination_time: 2517037.816
local_termination_time: 920689.4263599999
node_cons: 51744.97860781707
tot_aggregated_send: 34510
tot_msg_rcv: 1232
tot_msg_sent: 2846
tot_reconf_duration: 4.390000000000001
tot_sleeping_duration: 2478397.773440017
tot_uptimes: 645
tot_uptimes_duration: 38640.04255998344
