comms_cons: 1218.255328021477
finished_reconf: true
global_termination_time: 2516533.6605999996
local_termination_time: 2516533.6194799994
node_cons: 153021.24281221733
tot_aggregated_send: 0
tot_msg_rcv: 74769
tot_msg_sent: 110396
tot_reconf_duration: 24.59
tot_sleeping_duration: 2402278.3584400127
tot_uptimes: 1877
tot_uptimes_duration: 114255.30215998698
