comms_cons: 339.90090881144613
finished_reconf: true
global_termination_time: 3456243.731
local_termination_time: 482166.36564000085
node_cons: 71133.16657166088
tot_aggregated_send: 48314
tot_msg_rcv: 1084
tot_msg_sent: 2266
tot_reconf_duration: 18.21
tot_sleeping_duration: 3403138.101880013
tot_uptimes: 886
tot_uptimes_duration: 53105.6291199869
