comms_cons: 335.8813183982775
finished_reconf: true
global_termination_time: 3456401.28
local_termination_time: 2265949.2390799983
node_cons: 71136.64738911607
tot_aggregated_send: 50402
tot_msg_rcv: 206
tot_msg_sent: 444
tot_reconf_duration: 25.299999999999997
tot_sleeping_duration: 3403300.2419200013
tot_uptimes: 886
tot_uptimes_duration: 53101.038079998456
