comms_cons: 160.39895034972903
finished_reconf: true
global_termination_time: 889719.917
local_termination_time: 280030.99536000006
node_cons: 18244.162787836216
tot_aggregated_send: 0
tot_msg_rcv: 12480
tot_msg_sent: 11899
tot_reconf_duration: 5.1
tot_sleeping_duration: 876099.8744400028
tot_uptimes: 228
tot_uptimes_duration: 13620.042559997179
