comms_cons: 92.57655039563997
finished_reconf: true
global_termination_time: 888912.391
local_termination_time: 320609.2232800008
node_cons: 18241.43591008373
tot_aggregated_send: 11368
tot_msg_rcv: 952
tot_msg_sent: 1752
tot_reconf_duration: 3.08
tot_sleeping_duration: 875292.3362799971
tot_uptimes: 228
tot_uptimes_duration: 13620.05472000275
