comms_cons: 89.54949119926451
finished_reconf: true
global_termination_time: 893551.51
local_termination_time: 386735.3771200005
node_cons: 18338.055662238272
tot_aggregated_send: 12180
tot_msg_rcv: 510
tot_msg_sent: 921
tot_reconf_duration: 15.110000000000001
tot_sleeping_duration: 879871.4978400012
tot_uptimes: 229
tot_uptimes_duration: 13680.012159998703
