comms_cons: 91.88446719460477
finished_reconf: true
global_termination_time: 892536.091
local_termination_time: 213239.033
node_cons: 18352.68154624126
tot_aggregated_send: 12004
tot_msg_rcv: 754
tot_msg_sent: 1208
tot_reconf_duration: 22.65
tot_sleeping_duration: 878852.8028399991
tot_uptimes: 229
tot_uptimes_duration: 13683.288160000928
