comms_cons: 91.5751551932272
finished_reconf: true
global_termination_time: 888191.132
local_termination_time: 373504.44792000076
node_cons: 18254.355963355127
tot_aggregated_send: 11832
tot_msg_rcv: 760
tot_msg_sent: 1326
tot_reconf_duration: 12.629999999999999
tot_sleeping_duration: 874571.1137600036
tot_uptimes: 228
tot_uptimes_duration: 13620.018239996338
