comms_cons: 90.00345599795071
finished_reconf: true
global_termination_time: 889482.648
local_termination_time: 570900.4067999985
node_cons: 18243.728262242963
tot_aggregated_send: 12122
tot_msg_rcv: 572
tot_msg_sent: 986
tot_reconf_duration: 4.8100000000000005
tot_sleeping_duration: 875862.6358399979
tot_uptimes: 228
tot_uptimes_duration: 13620.012160002138
