comms_cons: 161.53377274827582
finished_reconf: true
global_termination_time: 887683.752
local_termination_time: 279265.67660000006
node_cons: 18245.710313587973
tot_aggregated_send: 0
tot_msg_rcv: 12648
tot_msg_sent: 11906
tot_reconf_duration: 6.22
tot_sleeping_duration: 874063.6896000089
tot_uptimes: 228
tot_uptimes_duration: 13620.062399991031
