comms_cons: 91.45150719416317
finished_reconf: true
global_termination_time: 888392.297
local_termination_time: 582314.2552799992
node_cons: 18244.602786714728
tot_aggregated_send: 11716
tot_msg_rcv: 781
tot_msg_sent: 1404
tot_reconf_duration: 5.43
tot_sleeping_duration: 874772.260520004
tot_uptimes: 228
tot_uptimes_duration: 13620.03647999611
