comms_cons: 235.7327359942817
finished_reconf: true
global_termination_time: 2408493.268
local_termination_time: 1196771.0495599995
node_cons: 49497.00405999941
tot_aggregated_send: 34684
tot_msg_rcv: 389
tot_msg_sent: 757
tot_reconf_duration: 5.57
tot_sleeping_duration: 2371533.268
tot_uptimes: 617
tot_uptimes_duration: 36960.0
