comms_cons: 236.30512639484104
finished_reconf: true
global_termination_time: 2407318.71
local_termination_time: 1543657.6133599998
node_cons: 49496.365799999134
tot_aggregated_send: 34916
tot_msg_rcv: 365
tot_msg_sent: 636
tot_reconf_duration: 5.1
tot_sleeping_duration: 2370358.71
tot_uptimes: 617
tot_uptimes_duration: 36960.0
