comms_cons: 701.3697790720543
finished_reconf: true
global_termination_time: 2404779.7917199996
local_termination_time: 2404779.7505999994
node_cons: 98320.4666583112
tot_aggregated_send: 0
tot_msg_rcv: 35676
tot_msg_sent: 70927
tot_reconf_duration: 24.59
tot_sleeping_duration: 2331376.4508400043
tot_uptimes: 1215
tot_uptimes_duration: 73403.34087999567
