comms_cons: 237.41043199471932
finished_reconf: true
global_termination_time: 2405661.305
local_termination_time: 426825.0112800003
node_cons: 49496.813939999316
tot_aggregated_send: 34974
tot_msg_rcv: 362
tot_msg_sent: 749
tot_reconf_duration: 5.43
tot_sleeping_duration: 2368701.305
tot_uptimes: 617
tot_uptimes_duration: 36960.0
