comms_cons: 131.65727999288137
finished_reconf: true
global_termination_time: 1314144.027
local_termination_time: 281728.72236
node_cons: 27012.18184783164
tot_aggregated_send: 17980
tot_msg_rcv: 631
tot_msg_sent: 1401
tot_reconf_duration: 13.17
tot_sleeping_duration: 1293983.9844400063
tot_uptimes: 337
tot_uptimes_duration: 20160.042559993744
