comms_cons: 127.49365118941384
finished_reconf: true
global_termination_time: 1316423.336
local_termination_time: 347855.6724400007
node_cons: 27085.623207831697
tot_aggregated_send: 16762
tot_msg_rcv: 778
tot_msg_sent: 1837
tot_reconf_duration: 8.09
tot_sleeping_duration: 1296203.2934400062
tot_uptimes: 338
tot_uptimes_duration: 20220.042559993744
