comms_cons: 129.96580479085867
finished_reconf: true
global_termination_time: 1315397.907
local_termination_time: 224739.8684800001
node_cons: 27006.68465006535
tot_aggregated_send: 17052
tot_msg_rcv: 1011
tot_msg_sent: 1691
tot_reconf_duration: 9.11
tot_sleeping_duration: 1295237.8522800107
tot_uptimes: 337
tot_uptimes_duration: 20160.054719989013
