comms_cons: 131.93032959535682
finished_reconf: true
global_termination_time: 1314986.507
local_termination_time: 321892.217
node_cons: 27007.081206714807
tot_aggregated_send: 18203
tot_msg_rcv: 677
tot_msg_sent: 1172
tot_reconf_duration: 9.42
tot_sleeping_duration: 1294826.470520004
tot_uptimes: 337
tot_uptimes_duration: 20160.03647999611
