comms_cons: 129.02227199528622
finished_reconf: true
global_termination_time: 1315209.074
local_termination_time: 590967.2183999992
node_cons: 27019.691587840796
tot_aggregated_send: 17748
tot_msg_rcv: 589
tot_msg_sent: 1273
tot_reconf_duration: 18.700000000000003
tot_sleeping_duration: 1295049.0314399994
tot_uptimes: 337
tot_uptimes_duration: 20160.042560000613
