comms_cons: 135.2427903838489
finished_reconf: true
global_termination_time: 1314434.519
local_termination_time: 200792.39044000022
node_cons: 27009.67225007452
tot_aggregated_send: 16936
tot_msg_rcv: 1160
tot_msg_sent: 2459
tot_reconf_duration: 11.31
tot_sleeping_duration: 1294274.4642800041
tot_uptimes: 337
tot_uptimes_duration: 20160.054719995882
