comms_cons: 207.2664191846009
finished_reconf: true
global_termination_time: 2067439.708
local_termination_time: 520354.3143600001
node_cons: 42524.65430893432
tot_aggregated_send: 28710
tot_msg_rcv: 999
tot_msg_sent: 1795
tot_reconf_duration: 18.21
tot_sleeping_duration: 2035699.659360019
tot_uptimes: 530
tot_uptimes_duration: 31740.048639981076
