comms_cons: 205.44538238823407
finished_reconf: true
global_termination_time: 2066299.16
local_termination_time: 156492.88512000092
node_cons: 42504.042639999614
tot_aggregated_send: 29522
tot_msg_rcv: 546
tot_msg_sent: 1158
tot_reconf_duration: 3.08
tot_sleeping_duration: 2034559.16
tot_uptimes: 530
tot_uptimes_duration: 31740.0
