comms_cons: 201.8899583948641
finished_reconf: true
global_termination_time: 2064836.673
local_termination_time: 1528710.5579199987
node_cons: 42447.33561911161
tot_aggregated_send: 29986
tot_msg_rcv: 217
tot_msg_sent: 483
tot_reconf_duration: 18.700000000000003
tot_sleeping_duration: 2033154.8649200061
tot_uptimes: 529
tot_uptimes_duration: 31681.808079993818
