comms_cons: 268.4445184320521
finished_reconf: true
global_termination_time: 2810107.517
local_termination_time: 573.10212
node_cons: 57856.92964223295
tot_aggregated_send: 39092
tot_msg_rcv: 625
tot_msg_sent: 1085
tot_reconf_duration: 8.92
tot_sleeping_duration: 2766907.5048400043
tot_uptimes: 720
tot_uptimes_duration: 43200.0121599955
