comms_cons: 263.4180096179555
finished_reconf: true
global_termination_time: 2810863.722
local_termination_time: 4148.338000000001
node_cons: 57870.60470223326
tot_aggregated_send: 39421
tot_msg_rcv: 183
tot_msg_sent: 434
tot_reconf_duration: 18.990000000000002
tot_sleeping_duration: 2767663.7098400043
tot_uptimes: 720
tot_uptimes_duration: 43200.012159995735
