comms_cons: 258.2664960023649
finished_reconf: true
global_termination_time: 2808868.988
local_termination_time: 6055.554
node_cons: 57850.843099998965
tot_aggregated_send: 39145
tot_msg_rcv: 43
tot_msg_sent: 67
tot_reconf_duration: 4.45
tot_sleeping_duration: 2765668.988
tot_uptimes: 720
tot_uptimes_duration: 43200.0
