comms_cons: 49.47047680144024
finished_reconf: true
global_termination_time: 466607.6077200002
local_termination_time: 6382.1784800000005
node_cons: 9587.632611444564
tot_aggregated_send: 5800
tot_msg_rcv: 608
tot_msg_sent: 1113
tot_reconf_duration: 4.8100000000000005
tot_sleeping_duration: 459452.1927599968
tot_uptimes: 120
tot_uptimes_duration: 7155.4149600034
