comms_cons: 46.79784960087333
finished_reconf: true
global_termination_time: 470398.599
local_termination_time: 21515.224800000004
node_cons: 9651.435842242872
tot_aggregated_send: 6438
tot_msg_rcv: 210
tot_msg_sent: 465
tot_reconf_duration: 7.819999999999999
tot_sleeping_duration: 463198.58683999785
tot_uptimes: 121
tot_uptimes_duration: 7200.0121600021375
