comms_cons: 93.29379201295461
finished_reconf: true
global_termination_time: 469819.112
local_termination_time: 3416.6833600000004
node_cons: 9649.271183362882
tot_aggregated_send: 0
tot_msg_rcv: 7217
tot_msg_sent: 6961
tot_reconf_duration: 6.22
tot_sleeping_duration: 462619.09375999786
tot_uptimes: 121
tot_uptimes_duration: 7200.018240002144
