comms_cons: 2.039551999995372
finished_reconf: true
global_termination_time: 18872.865
local_termination_time: 11030.411360000002
node_cons: 336.230100000001
tot_aggregated_send: 0
tot_msg_rcv: 187
tot_msg_sent: 123
tot_reconf_duration: 10.95
tot_sleeping_duration: 18632.865
tot_uptimes: 5
tot_uptimes_duration: 240.0
