comms_cons: 2.3115839999909658
finished_reconf: true
global_termination_time: 18485.598
local_termination_time: 9852.673359999999
node_cons: 336.7189799999993
tot_aggregated_send: 0
tot_msg_rcv: 185
tot_msg_sent: 166
tot_reconf_duration: 11.31
tot_sleeping_duration: 18245.598
tot_uptimes: 5
tot_uptimes_duration: 240.0
