comms_cons: 536.3186171646781
finished_reconf: true
global_termination_time: 1838256.841
local_termination_time: 563638.9285999999
node_cons: 75190.30090599826
tot_aggregated_send: 0
tot_msg_rcv: 27267
tot_msg_sent: 54250
tot_reconf_duration: 13.17
tot_sleeping_duration: 1782116.127
tot_uptimes: 931
tot_uptimes_duration: 56140.71399999997
