comms_cons: 60.60101120021292
finished_reconf: true
global_termination_time: 604937.11
local_termination_time: 125373.96095999992
node_cons: 12378.321620000015
tot_aggregated_send: 8468
tot_msg_rcv: 283
tot_msg_sent: 460
tot_reconf_duration: 4.390000000000001
tot_sleeping_duration: 595697.11
tot_uptimes: 155
tot_uptimes_duration: 9240.0
