comms_cons: 60.95033599886287
finished_reconf: true
global_termination_time: 603658.822
local_termination_time: 46948.744480000016
node_cons: 12383.00398336431
tot_aggregated_send: 8236
tot_msg_rcv: 334
tot_msg_sent: 694
tot_reconf_duration: 7.819999999999999
tot_sleeping_duration: 594418.8037599968
tot_uptimes: 155
tot_uptimes_duration: 9240.018240003206
