comms_cons: 93.68053759299303
finished_reconf: true
global_termination_time: 903838.85124
local_termination_time: 100415.02051999979
node_cons: 18602.487257850953
tot_aggregated_send: 7424
tot_msg_rcv: 2513
tot_msg_sent: 4301
tot_reconf_duration: 18.21
tot_sleeping_duration: 889964.4986799918
tot_uptimes: 232
tot_uptimes_duration: 13874.352560008163
