comms_cons: 87.19413760025037
finished_reconf: true
global_termination_time: 905605.914
local_termination_time: 188947.37268000026
node_cons: 18579.37172000002
tot_aggregated_send: 12760
tot_msg_rcv: 193
tot_msg_sent: 300
tot_reconf_duration: 15.34
tot_sleeping_duration: 891745.914
tot_uptimes: 232
tot_uptimes_duration: 13860.0
