comms_cons: 89.40474879780739
finished_reconf: true
global_termination_time: 903838.4729199994
local_termination_time: 903838.4317999994
node_cons: 18627.18919712205
tot_aggregated_send: 12804
tot_msg_rcv: 184
tot_msg_sent: 600
tot_reconf_duration: 24.59
tot_sleeping_duration: 889952.1428399979
tot_uptimes: 232
tot_uptimes_duration: 13886.330080001499
