comms_cons: 87.8717951995146
finished_reconf: true
global_termination_time: 905294.53
local_termination_time: 154840.3132800008
node_cons: 18573.898980000024
tot_aggregated_send: 12876
tot_msg_rcv: 174
tot_msg_sent: 306
tot_reconf_duration: 11.31
tot_sleeping_duration: 891434.53
tot_uptimes: 232
tot_uptimes_duration: 13860.0
