comms_cons: 38.48299520061464
finished_reconf: true
global_termination_time: 367074.938
local_termination_time: 5486.068600000005
node_cons: 7562.808855759749
tot_aggregated_send: 4640
tot_msg_rcv: 393
tot_msg_sent: 818
tot_reconf_duration: 5.1
tot_sleeping_duration: 361432.0081600002
tot_uptimes: 95
tot_uptimes_duration: 5642.929839999806
