comms_cons: 72.63043840847197
finished_reconf: true
global_termination_time: 367557.285
local_termination_time: 656.5350399999994
node_cons: 7582.734982240591
tot_aggregated_send: 0
tot_msg_rcv: 5608
tot_msg_sent: 5429
tot_reconf_duration: 22.65
tot_sleeping_duration: 361917.2728399995
tot_uptimes: 95
tot_uptimes_duration: 5640.012160000435
