comms_cons: 11.79797119966301
finished_reconf: true
global_termination_time: 89091.08147999995
local_termination_time: 89091.04035999996
node_cons: 1836.657502079098
tot_aggregated_send: 322
tot_msg_rcv: 513
tot_msg_sent: 960
tot_reconf_duration: 37.410000000000004
tot_sleeping_duration: 87757.35876000061
tot_uptimes: 23
tot_uptimes_duration: 1333.7227199993322
