comms_cons: 10.258227199819439
finished_reconf: true
global_termination_time: 92825.578
local_termination_time: 10403.712360000001
node_cons: 1882.2099644808834
tot_aggregated_send: 638
tot_msg_rcv: 358
tot_msg_sent: 564
tot_reconf_duration: 25.299999999999997
tot_sleeping_duration: 91445.55367999934
tot_uptimes: 24
tot_uptimes_duration: 1380.024320000659
