comms_cons: 9.158873599978293
finished_reconf: true
global_termination_time: 92574.527
local_termination_time: 36229.598999999995
node_cons: 1887.0683884794453
tot_aggregated_send: 694
tot_msg_rcv: 243
tot_msg_sent: 456
tot_reconf_duration: 22.65
tot_sleeping_duration: 91188.18668000042
tot_uptimes: 24
tot_uptimes_duration: 1386.3403199995882
