comms_cons: 11.237900800045342
finished_reconf: true
global_termination_time: 89999.839
local_termination_time: 35264.57036000001
node_cons: 1864.0127644811664
tot_aggregated_send: 522
tot_msg_rcv: 477
tot_msg_sent: 709
tot_reconf_duration: 11.899999999999999
tot_sleeping_duration: 88619.81467999914
tot_uptimes: 24
tot_uptimes_duration: 1380.02432000087
