comms_cons: 10.285171200141425
finished_reconf: true
global_termination_time: 92021.687
local_termination_time: 28416.581760000005
node_cons: 1853.814184481164
tot_aggregated_send: 580
tot_msg_rcv: 391
tot_msg_sent: 593
tot_reconf_duration: 4.390000000000001
tot_sleeping_duration: 90641.66267999914
tot_uptimes: 24
tot_uptimes_duration: 1380.02432000087
