comms_cons: 11.034854400141032
finished_reconf: true
global_termination_time: 91122.326
local_termination_time: 39649.989600000015
node_cons: 1855.2102222403291
tot_aggregated_send: 464
tot_msg_rcv: 497
tot_msg_sent: 717
tot_reconf_duration: 5.43
tot_sleeping_duration: 89742.31383999976
tot_uptimes: 24
tot_uptimes_duration: 1380.0121600002458
