comms_cons: 274.1157888086183
finished_reconf: true
global_termination_time: 2765336.579
local_termination_time: 1439882.4313599998
node_cons: 56898.6048599989
tot_aggregated_send: 39498
tot_msg_rcv: 612
tot_msg_sent: 1554
tot_reconf_duration: 13.17
tot_sleeping_duration: 2722856.579
tot_uptimes: 709
tot_uptimes_duration: 42480.0
