comms_cons: 277.8779712029852
finished_reconf: true
global_termination_time: 2765331.041
local_termination_time: 505800.65116000077
node_cons: 56891.42097116797
tot_aggregated_send: 38744
tot_msg_rcv: 1166
tot_msg_sent: 2325
tot_reconf_duration: 7.819999999999999
tot_sleeping_duration: 2722850.9802000234
tot_uptimes: 709
tot_uptimes_duration: 42480.06079997681
