comms_cons: 279.70996481169396
finished_reconf: true
global_termination_time: 2764305.2156
local_termination_time: 2764305.17448
node_cons: 56852.27627181072
tot_aggregated_send: 38266
tot_msg_rcv: 1500
tot_msg_sent: 2747
tot_reconf_duration: 24.59
tot_sleeping_duration: 2721871.397040021
tot_uptimes: 708
tot_uptimes_duration: 42433.81855997909
