comms_cons: 278.66201600818647
finished_reconf: true
global_termination_time: 2764305.219639996
local_termination_time: 297876.62604000076
node_cons: 56894.15017724878
tot_aggregated_send: 38280
tot_msg_rcv: 1298
tot_msg_sent: 2777
tot_reconf_duration: 11.31
tot_sleeping_duration: 2721826.6601200188
tot_uptimes: 708
tot_uptimes_duration: 42478.559519977425
