comms_cons: 469.2183360678037
finished_reconf: true
global_termination_time: 4697043.996
local_termination_time: 385010.67296000017
node_cons: 96575.28525004971
tot_aggregated_send: 65714
tot_msg_rcv: 1766
tot_msg_sent: 3838
tot_reconf_duration: 4.8100000000000005
tot_sleeping_duration: 4624923.941280021
tot_uptimes: 1203
tot_uptimes_duration: 72120.05471997941
