comms_cons: 472.27471367736507
finished_reconf: true
global_termination_time: 4696305.16
local_termination_time: 1116017.7458399998
node_cons: 96584.07968558215
tot_aggregated_send: 64206
tot_msg_rcv: 2648
tot_msg_sent: 4929
tot_reconf_duration: 11.31
tot_sleeping_duration: 4624185.129600011
tot_uptimes: 1203
tot_uptimes_duration: 72120.03039998864
