comms_cons: 154.1638143812083
finished_reconf: true
global_termination_time: 1474520.622
local_termination_time: 87827.25435999996
node_cons: 30294.23931342043
tot_aggregated_send: 19256
tot_msg_rcv: 1554
tot_msg_sent: 2622
tot_reconf_duration: 4.390000000000001
tot_sleeping_duration: 1451900.5490400146
tot_uptimes: 378
tot_uptimes_duration: 22620.07295998535
