comms_cons: 150.0123391588708
finished_reconf: true
global_termination_time: 1015389.135
local_termination_time: 565406.4093599999
node_cons: 20892.541900000095
tot_aggregated_send: 0
tot_msg_rcv: 11431
tot_msg_sent: 11370
tot_reconf_duration: 3.05
tot_sleeping_duration: 999789.135
tot_uptimes: 261
tot_uptimes_duration: 15600.0
