comms_cons: 59.97003520017596
finished_reconf: true
global_termination_time: 611763.883
local_termination_time: 209714.4416000001
node_cons: 12550.924860000036
tot_aggregated_send: 8874
tot_msg_rcv: 79
tot_msg_sent: 162
tot_reconf_duration: 13.17
tot_sleeping_duration: 602403.883
tot_uptimes: 157
tot_uptimes_duration: 9360.0
