comms_cons: 60.758911999848976
finished_reconf: true
global_termination_time: 609838.838
local_termination_time: 3089.5896000000007
node_cons: 12541.486760000018
tot_aggregated_send: 8700
tot_msg_rcv: 192
tot_msg_sent: 343
tot_reconf_duration: 6.22
tot_sleeping_duration: 600478.838
tot_uptimes: 157
tot_uptimes_duration: 9360.0
