comms_cons: 176.8995711924333
finished_reconf: true
global_termination_time: 608212.8185999998
local_termination_time: 608212.7774799998
node_cons: 24788.3882775212
tot_aggregated_send: 0
tot_msg_rcv: 9027
tot_msg_sent: 17860
tot_reconf_duration: 24.59
tot_sleeping_duration: 589725.144919999
tot_uptimes: 306
tot_uptimes_duration: 18487.67368000086
