comms_cons: 310.93762560060054
finished_reconf: true
global_termination_time: 3128385.477
local_termination_time: 1981717.6708399986
node_cons: 64360.876381115864
tot_aggregated_send: 43558
tot_msg_rcv: 1207
tot_msg_sent: 2495
tot_reconf_duration: 6.279999999999999
tot_sleeping_duration: 3080325.470920002
tot_uptimes: 802
tot_uptimes_duration: 48060.00607999787
