comms_cons: 616.3250949538308
finished_reconf: true
global_termination_time: 3127952.549
local_termination_time: 1966.5994800000024
node_cons: 64368.532764470925
tot_aggregated_send: 0
tot_msg_rcv: 47214
tot_msg_sent: 46460
tot_reconf_duration: 11.899999999999999
tot_sleeping_duration: 3079892.524680006
tot_uptimes: 802
tot_uptimes_duration: 48060.024319994205
