comms_cons: 44.92935680055032
finished_reconf: true
global_termination_time: 446916.599
local_termination_time: 269737.8594800001
node_cons: 9183.48918000004
tot_aggregated_send: 6264
tot_msg_rcv: 232
tot_msg_sent: 333
tot_reconf_duration: 18.21
tot_sleeping_duration: 440076.599
tot_uptimes: 115
tot_uptimes_duration: 6840.0
