comms_cons: 45.03462400082105
finished_reconf: true
global_termination_time: 446553.024
local_termination_time: 145120.9269600006
node_cons: 9189.534982242865
tot_aggregated_send: 6148
tot_msg_rcv: 249
tot_msg_sent: 448
tot_reconf_duration: 22.65
tot_sleeping_duration: 439713.01183999784
tot_uptimes: 115
tot_uptimes_duration: 6840.0121600021375
