comms_cons: 44.15959040055906
finished_reconf: true
global_termination_time: 446528.1
local_termination_time: 397944.8623600001
node_cons: 9166.324060000023
tot_aggregated_send: 6322
tot_msg_rcv: 105
tot_msg_sent: 285
tot_reconf_duration: 5.57
tot_sleeping_duration: 439688.1
tot_uptimes: 115
tot_uptimes_duration: 6840.0
