comms_cons: 45.78465280040354
finished_reconf: true
global_termination_time: 452230.743
local_termination_time: 92894.18371999993
node_cons: 9245.6564033643
tot_aggregated_send: 6148
tot_msg_rcv: 286
tot_msg_sent: 525
tot_reconf_duration: 4.8100000000000005
tot_sleeping_duration: 445330.7247599968
tot_uptimes: 116
tot_uptimes_duration: 6900.018240003206
