comms_cons: 45.54024960085285
finished_reconf: true
global_termination_time: 448760.991
local_termination_time: 36849.619480000016
node_cons: 9169.403983362023
tot_aggregated_send: 5858
tot_msg_rcv: 314
tot_msg_sent: 749
tot_reconf_duration: 7.819999999999999
tot_sleeping_duration: 441920.97275999846
tot_uptimes: 115
tot_uptimes_duration: 6840.018240001504
