comms_cons: 56.09425920119459
finished_reconf: true
global_termination_time: 551577.536
local_termination_time: 168154.02336000005
node_cons: 11352.693603364296
tot_aggregated_send: 7540
tot_msg_rcv: 359
tot_msg_sent: 627
tot_reconf_duration: 18.21
tot_sleeping_duration: 543117.5177599968
tot_uptimes: 142
tot_uptimes_duration: 8460.018240003206
