comms_cons: 56.84456960107059
finished_reconf: true
global_termination_time: 552818.843
local_termination_time: 335346.5313600001
node_cons: 11332.10632336437
tot_aggregated_send: 7366
tot_msg_rcv: 457
tot_msg_sent: 817
tot_reconf_duration: 3.05
tot_sleeping_duration: 544358.8247599967
tot_uptimes: 142
tot_uptimes_duration: 8460.018240003206
