comms_cons: 27.86291200073353
finished_reconf: true
global_termination_time: 265691.245
local_termination_time: 17136.959600000002
node_cons: 5469.668262242868
tot_aggregated_send: 3422
tot_msg_rcv: 291
tot_msg_sent: 521
tot_reconf_duration: 4.8100000000000005
tot_sleeping_duration: 261611.23283999786
tot_uptimes: 69
tot_uptimes_duration: 4080.0121600021375
