comms_cons: 153.47957759659835
finished_reconf: true
global_termination_time: 1550368.565
local_termination_time: 552267.0953599998
node_cons: 31901.90580000002
tot_aggregated_send: 22446
tot_msg_rcv: 306
tot_msg_sent: 576
tot_reconf_duration: 5.1
tot_sleeping_duration: 1526548.565
tot_uptimes: 398
tot_uptimes_duration: 23820.0
