comms_cons: 154.4927743913318
finished_reconf: true
global_termination_time: 1550371.906
local_termination_time: 458057.13636000006
node_cons: 31915.499380000034
tot_aggregated_send: 21982
tot_msg_rcv: 470
tot_msg_sent: 1030
tot_reconf_duration: 15.110000000000001
tot_sleeping_duration: 1526551.906
tot_uptimes: 398
tot_uptimes_duration: 23820.0
