comms_cons: 154.12920959288007
finished_reconf: true
global_termination_time: 1553406.704
local_termination_time: 927365.056879999
node_cons: 31912.131540000057
tot_aggregated_send: 22156
tot_msg_rcv: 412
tot_msg_sent: 859
tot_reconf_duration: 12.629999999999999
tot_sleeping_duration: 1529586.704
tot_uptimes: 398
tot_uptimes_duration: 23820.0
