comms_cons: 160.3431167810201
finished_reconf: true
global_termination_time: 1551689.607
local_termination_time: 208768.23324000096
node_cons: 31901.642237887914
tot_aggregated_send: 20300
tot_msg_rcv: 1328
tot_msg_sent: 2744
tot_reconf_duration: 4.8100000000000005
tot_sleeping_duration: 1527869.5097200242
tot_uptimes: 398
tot_uptimes_duration: 23820.097279976006
