comms_cons: 158.61498878397765
finished_reconf: true
global_termination_time: 1551807.01
local_termination_time: 308659.01900000003
node_cons: 31910.41225006993
tot_aggregated_send: 20753
tot_msg_rcv: 1079
tot_msg_sent: 2277
tot_reconf_duration: 11.31
tot_sleeping_duration: 1527986.9552800076
tot_uptimes: 398
tot_uptimes_duration: 23820.054719992448
