comms_cons: 134.88738558410432
finished_reconf: true
global_termination_time: 1322788.388
local_termination_time: 773417.7403599998
node_cons: 27169.83894670097
tot_aggregated_send: 17458
tot_msg_rcv: 978
tot_msg_sent: 2066
tot_reconf_duration: 10.95
tot_sleeping_duration: 1302508.3515200142
tot_uptimes: 339
tot_uptimes_duration: 20280.036479985807
