comms_cons: 20.08629759988017
finished_reconf: true
global_termination_time: 205511.428
local_termination_time: 13293.309720000003
node_cons: 4195.564860000003
tot_aggregated_send: 2842
tot_msg_rcv: 49
tot_msg_sent: 162
tot_reconf_duration: 13.17
tot_sleeping_duration: 202391.428
tot_uptimes: 53
tot_uptimes_duration: 3120.0
