comms_cons: 20.619212800056335
finished_reconf: true
global_termination_time: 204085.062
local_termination_time: 131643.46712000095
node_cons: 4183.641620000021
tot_aggregated_send: 2726
tot_msg_rcv: 122
tot_msg_sent: 286
tot_reconf_duration: 4.390000000000001
tot_sleeping_duration: 200965.062
tot_uptimes: 53
tot_uptimes_duration: 3120.0
