comms_cons: 122.45782399281447
finished_reconf: true
global_termination_time: 1220990.216
local_termination_time: 5729.005999999999
node_cons: 25076.036807827062
tot_aggregated_send: 16464
tot_msg_rcv: 776
tot_msg_sent: 1372
tot_reconf_duration: 7.29
tot_sleeping_duration: 1202270.1734400098
tot_uptimes: 313
tot_uptimes_duration: 18720.04255999031
