comms_cons: 1498.1608588817505
finished_reconf: true
global_termination_time: 3856740.372
local_termination_time: 2098881.25068
node_cons: 234222.7201590213
tot_aggregated_send: 0
tot_msg_rcv: 91937
tot_msg_sent: 135777
tot_reconf_duration: 5.57
tot_sleeping_duration: 3681822.4062800375
tot_uptimes: 2872
tot_uptimes_duration: 174917.96571996206
