comms_cons: 377.0605312396708
finished_reconf: true
global_termination_time: 3861277.629
local_termination_time: 2082016.5396399992
node_cons: 79410.31810558384
tot_aggregated_send: 52606
tot_msg_rcv: 1470
tot_msg_sent: 3235
tot_reconf_duration: 25.299999999999997
tot_sleeping_duration: 3801997.598600011
tot_uptimes: 989
tot_uptimes_duration: 59280.03039998934
