comms_cons: 382.8436480367463
finished_reconf: true
global_termination_time: 3860956.512
local_termination_time: 1911491.35336
node_cons: 79380.15962781785
tot_aggregated_send: 53998
tot_msg_rcv: 1398
tot_msg_sent: 2794
tot_reconf_duration: 3.08
tot_sleeping_duration: 3801676.4694400155
tot_uptimes: 989
tot_uptimes_duration: 59280.04255998484
