comms_cons: 391.109024083781
finished_reconf: true
global_termination_time: 3858157.122
local_termination_time: 310184.2141200004
node_cons: 79392.15347005565
tot_aggregated_send: 53940
tot_msg_rcv: 2142
tot_msg_sent: 3364
tot_reconf_duration: 11.899999999999999
tot_sleeping_duration: 3798877.067280017
tot_uptimes: 989
tot_uptimes_duration: 59280.05471998331
