comms_cons: 35.428992000080534
finished_reconf: true
global_termination_time: 360760.388
local_termination_time: 71318.86807999964
node_cons: 7422.038700000021
tot_aggregated_send: 5220
tot_msg_rcv: 70
tot_msg_sent: 95
tot_reconf_duration: 22.65
tot_sleeping_duration: 355240.388
tot_uptimes: 93
tot_uptimes_duration: 5520.0
