comms_cons: 34.876339200032966
finished_reconf: true
global_termination_time: 355970.8889600002
local_termination_time: 355954.56448
node_cons: 7350.2681074402335
tot_aggregated_send: 5278
tot_msg_rcv: 15
tot_msg_sent: 8
tot_reconf_duration: 4.390000000000001
tot_sleeping_duration: 350485.97
tot_uptimes: 92
tot_uptimes_duration: 5484.918960000214
