comms_cons: 35.021081600230794
finished_reconf: true
global_termination_time: 356854.22
local_termination_time: 155243.01648000008
node_cons: 7319.3867600000085
tot_aggregated_send: 5162
tot_msg_rcv: 50
tot_msg_sent: 111
tot_reconf_duration: 6.22
tot_sleeping_duration: 351394.22
tot_uptimes: 92
tot_uptimes_duration: 5459.999999999999
