comms_cons: 54.87710719998618
finished_reconf: true
global_termination_time: 561557.381
local_termination_time: 128125.37235999995
node_cons: 11492.761900000001
tot_aggregated_send: 8120
tot_msg_rcv: 49
tot_msg_sent: 172
tot_reconf_duration: 3.05
tot_sleeping_duration: 552977.381
tot_uptimes: 144
tot_uptimes_duration: 8580.0
