comms_cons: 384.5877632205927
finished_reconf: true
global_termination_time: 3911040.463
local_termination_time: 2903908.083639998
node_cons: 80474.39237607212
tot_aggregated_send: 53534
tot_msg_rcv: 1677
tot_msg_sent: 3245
tot_reconf_duration: 25.299999999999997
tot_sleeping_duration: 3850965.754280004
tot_uptimes: 1002
tot_uptimes_duration: 60074.708719995804
