comms_cons: 107.87066239373556
finished_reconf: true
global_termination_time: 1072021.73624
local_termination_time: 74268.07447999997
node_cons: 22062.98670271978
tot_aggregated_send: 14442
tot_msg_rcv: 683
tot_msg_sent: 1269
tot_reconf_duration: 22.65
tot_sleeping_duration: 1055567.4957600003
tot_uptimes: 275
tot_uptimes_duration: 16454.240479999804
