comms_cons: 0.6316032000000998
finished_reconf: true
global_termination_time: 4014.368
local_termination_time: 190.45503999999994
node_cons: 98.22485999999998
tot_aggregated_send: 0
tot_msg_rcv: 49
tot_msg_sent: 47
tot_reconf_duration: 13.17
tot_sleeping_duration: 3954.368
tot_uptimes: 2
tot_uptimes_duration: 60.0
