comms_cons: 745.3577611236219
finished_reconf: true
global_termination_time: 3782254.5
local_termination_time: 2363038.935319999
node_cons: 77799.89498223194
tot_aggregated_send: 0
tot_msg_rcv: 57161
tot_msg_sent: 56128
tot_reconf_duration: 22.65
tot_sleeping_duration: 3724174.4878400047
tot_uptimes: 969
tot_uptimes_duration: 58080.0121599955
