comms_cons: 380.60672004668294
finished_reconf: true
global_termination_time: 3783415.388
local_termination_time: 1825157.59436
node_cons: 77784.00638223265
tot_aggregated_send: 52606
tot_msg_rcv: 1712
tot_msg_sent: 3532
tot_reconf_duration: 10.95
tot_sleeping_duration: 3725335.375840004
tot_uptimes: 969
tot_uptimes_duration: 58080.012159995735
