comms_cons: 278.97552620499295
finished_reconf: true
global_termination_time: 1420959.5765999998
local_termination_time: 2357.1056
node_cons: 29208.734751755
tot_aggregated_send: 0
tot_msg_rcv: 21350
tot_msg_sent: 21051
tot_reconf_duration: 18.21
tot_sleeping_duration: 1399164.2027600037
tot_uptimes: 364
tot_uptimes_duration: 21795.37383999623
