comms_cons: 142.61073918927187
finished_reconf: true
global_termination_time: 1422653.534
local_termination_time: 330018.9493200002
node_cons: 29250.31640335514
tot_aggregated_send: 19256
tot_msg_rcv: 792
tot_msg_sent: 1628
tot_reconf_duration: 4.8100000000000005
tot_sleeping_duration: 1400813.5157600036
tot_uptimes: 365
tot_uptimes_duration: 21840.018239996338
