comms_cons: 248.11541759744154
finished_reconf: true
global_termination_time: 2445547.286
local_termination_time: 1275056.2283599998
node_cons: 50299.798364466435
tot_aggregated_send: 33350
tot_msg_rcv: 1403
tot_msg_sent: 2960
tot_reconf_duration: 5.1
tot_sleeping_duration: 2407987.2616800093
tot_uptimes: 627
tot_uptimes_duration: 37560.02431999054
