comms_cons: 37.74487040009509
finished_reconf: true
global_termination_time: 389306.875
local_termination_time: 2668.8253600000003
node_cons: 7978.397321121441
tot_aggregated_send: 5626
tot_msg_rcv: 12
tot_msg_sent: 99
tot_reconf_duration: 18.21
tot_sleeping_duration: 383366.86891999893
tot_uptimes: 100
tot_uptimes_duration: 5940.006080001069
