comms_cons: 111.6142272136415
finished_reconf: true
global_termination_time: 384985.591000001
local_termination_time: 2611.888040000001
node_cons: 15609.548216001333
tot_aggregated_send: 0
tot_msg_rcv: 5714
tot_msg_sent: 11250
tot_reconf_duration: 4.390000000000001
tot_sleeping_duration: 373332.427
tot_uptimes: 193
tot_uptimes_duration: 11653.16400000098
