comms_cons: 38.876492800655114
finished_reconf: true
global_termination_time: 389511.876
local_termination_time: 174029.0756800007
node_cons: 7957.801899999994
tot_aggregated_send: 5452
tot_msg_rcv: 169
tot_msg_sent: 288
tot_reconf_duration: 3.05
tot_sleeping_duration: 383571.876
tot_uptimes: 100
tot_uptimes_duration: 5940.0
