comms_cons: 38.96922880021444
finished_reconf: true
global_termination_time: 385478.143
local_termination_time: 18159.922359999997
node_cons: 7888.678980000008
tot_aggregated_send: 5336
tot_msg_rcv: 248
tot_msg_sent: 339
tot_reconf_duration: 11.31
tot_sleeping_duration: 379598.143
tot_uptimes: 99
tot_uptimes_duration: 5880.0
