comms_cons: 57.2332224042836
finished_reconf: true
global_termination_time: 252068.2377200001
local_termination_time: 252068.19660000008
node_cons: 5211.072044807583
tot_aggregated_send: 0
tot_msg_rcv: 4945
tot_msg_sent: 3754
tot_reconf_duration: 37.410000000000004
tot_sleeping_duration: 248214.41451999443
tot_uptimes: 65
tot_uptimes_duration: 3853.8232000056523
