comms_cons: 382.61255685470417
finished_reconf: true
global_termination_time: 3805752.031959999
local_termination_time: 3805751.9908399987
node_cons: 78361.20238949016
tot_aggregated_send: 53044
tot_msg_rcv: 1639
tot_msg_sent: 3471
tot_reconf_duration: 37.410000000000004
tot_sleeping_duration: 3747267.7902800194
tot_uptimes: 975
tot_uptimes_duration: 58484.24167997936
