comms_cons: 374.1581312042348
finished_reconf: true
global_termination_time: 3810300.564
local_termination_time: 2076234.3764799999
node_cons: 78365.88182334894
tot_aggregated_send: 53650
tot_msg_rcv: 1146
tot_msg_sent: 2074
tot_reconf_duration: 25.299999999999997
tot_sleeping_duration: 3751800.5457600066
tot_uptimes: 976
tot_uptimes_duration: 58500.01823999314
