comms_cons: 381.14475525442685
finished_reconf: true
global_termination_time: 3810934.521
local_termination_time: 837655.6661999996
node_cons: 78335.6988878169
tot_aggregated_send: 53070
tot_msg_rcv: 1570
tot_msg_sent: 3290
tot_reconf_duration: 3.05
tot_sleeping_duration: 3752434.478440016
tot_uptimes: 976
tot_uptimes_duration: 58500.04255998414
