comms_cons: 373.52750081246717
finished_reconf: true
global_termination_time: 3809405.175
local_termination_time: 869487.0073999981
node_cons: 78346.89968558279
tot_aggregated_send: 52490
tot_msg_rcv: 1381
tot_msg_sent: 2903
tot_reconf_duration: 11.31
tot_sleeping_duration: 3750905.144600011
tot_uptimes: 976
tot_uptimes_duration: 58500.03039998864
