comms_cons: 298.1555968358868
finished_reconf: true
global_termination_time: 2941464.7745999964
local_termination_time: 225225.15348000007
node_cons: 60576.579052765344
tot_aggregated_send: 40716
tot_msg_rcv: 1616
tot_msg_sent: 2984
tot_reconf_duration: 18.21
tot_sleeping_duration: 2896243.0794000216
tot_uptimes: 754
tot_uptimes_duration: 45221.69519997499
