comms_cons: 290.2023167953931
finished_reconf: true
global_termination_time: 2942995.776
local_termination_time: 2306664.174399999
node_cons: 60516.876143349145
tot_aggregated_send: 40658
tot_msg_rcv: 1183
tot_msg_sent: 2267
tot_reconf_duration: 15.34
tot_sleeping_duration: 2897815.7577600074
tot_uptimes: 754
tot_uptimes_duration: 45180.0182399929
