comms_cons: 293.39393280408126
finished_reconf: true
global_termination_time: 2941464.406239997
local_termination_time: 233909.91736000008
node_cons: 60533.0298505422
tot_aggregated_send: 41586
tot_msg_rcv: 1063
tot_msg_sent: 1944
tot_reconf_duration: 13.17
tot_sleeping_duration: 2896270.1232000096
tot_uptimes: 754
tot_uptimes_duration: 45194.28303998755
