comms_cons: 294.4465984188059
finished_reconf: true
global_termination_time: 2947369.719
local_termination_time: 399396.2729200003
node_cons: 60607.19197005528
tot_aggregated_send: 40832
tot_msg_rcv: 1320
tot_msg_sent: 2604
tot_reconf_duration: 22.65
tot_sleeping_duration: 2902129.6642800174
tot_uptimes: 755
tot_uptimes_duration: 45240.05471998238
