comms_cons: 290.96574720489025
finished_reconf: true
global_termination_time: 2941473.913
local_termination_time: 940249.1757999985
node_cons: 60500.202605583385
tot_aggregated_send: 40890
tot_msg_rcv: 1126
tot_msg_sent: 2210
tot_reconf_duration: 3.05
tot_sleeping_duration: 2896293.882600012
tot_uptimes: 754
tot_uptimes_duration: 45180.030399988405
