comms_cons: 292.0612735852614
finished_reconf: true
global_termination_time: 2941465.416
local_termination_time: 1719146.5779199984
node_cons: 60511.395262232574
tot_aggregated_send: 41122
tot_msg_rcv: 1242
tot_msg_sent: 2026
tot_reconf_duration: 11.31
tot_sleeping_duration: 2896285.403840005
tot_uptimes: 754
tot_uptimes_duration: 45180.012159995254
