comms_cons: 56.698572800109616
finished_reconf: true
global_termination_time: 573496.06
local_termination_time: 5371.080760000003
node_cons: 11738.086760000017
tot_aggregated_send: 8178
tot_msg_rcv: 154
tot_msg_sent: 285
tot_reconf_duration: 6.22
tot_sleeping_duration: 564736.06
tot_uptimes: 147
tot_uptimes_duration: 8760.0
