comms_cons: 88.00122239516908
finished_reconf: true
global_termination_time: 854487.31
local_termination_time: 33529.541480000014
node_cons: 17538.88988559338
tot_aggregated_send: 11368
tot_msg_rcv: 737
tot_msg_sent: 1270
tot_reconf_duration: 18.21
tot_sleeping_duration: 841407.279600005
tot_uptimes: 219
tot_uptimes_duration: 13080.030399995041
