comms_cons: 84.26719999820773
finished_reconf: true
global_termination_time: 854612.153
local_termination_time: 654720.5114799999
node_cons: 17520.081620000044
tot_aggregated_send: 12296
tot_msg_rcv: 168
tot_msg_sent: 344
tot_reconf_duration: 4.390000000000001
tot_sleeping_duration: 841532.153
tot_uptimes: 219
tot_uptimes_duration: 13080.0
