comms_cons: 85.35854079757999
finished_reconf: true
global_termination_time: 855467.826
local_termination_time: 584002.0121599982
node_cons: 17609.827121121372
tot_aggregated_send: 12238
tot_msg_rcv: 281
tot_msg_sent: 455
tot_reconf_duration: 11.31
tot_sleeping_duration: 842327.819919999
tot_uptimes: 220
tot_uptimes_duration: 13140.006080001069
