comms_cons: 91.69991679921733
finished_reconf: true
global_termination_time: 935981.342
local_termination_time: 136905.36636000004
node_cons: 19232.01870000002
tot_aggregated_send: 13340
tot_msg_rcv: 172
tot_msg_sent: 425
tot_reconf_duration: 22.65
tot_sleeping_duration: 921641.342
tot_uptimes: 240
tot_uptimes_duration: 14340.0
