comms_cons: 91.81275519852454
finished_reconf: true
global_termination_time: 934919.994
local_termination_time: 718831.1355199992
node_cons: 19209.788240000067
tot_aggregated_send: 13514
tot_msg_rcv: 154
tot_msg_sent: 287
tot_reconf_duration: 6.279999999999999
tot_sleeping_duration: 920579.994
tot_uptimes: 240
tot_uptimes_duration: 14340.0
