comms_cons: 92.45812479794883
finished_reconf: true
global_termination_time: 933598.467
local_termination_time: 497550.3717200006
node_cons: 19221.77938000001
tot_aggregated_send: 13514
tot_msg_rcv: 205
tot_msg_sent: 334
tot_reconf_duration: 15.110000000000001
tot_sleeping_duration: 919258.467
tot_uptimes: 240
tot_uptimes_duration: 14340.0
