comms_cons: 92.14295679871783
finished_reconf: true
global_termination_time: 934332.294
local_termination_time: 413566.57748000004
node_cons: 19207.221619999968
tot_aggregated_send: 13456
tot_msg_rcv: 202
tot_msg_sent: 347
tot_reconf_duration: 4.390000000000001
tot_sleeping_duration: 919992.294
tot_uptimes: 240
tot_uptimes_duration: 14340.0
