comms_cons: 96.0826367970429
finished_reconf: true
global_termination_time: 962508.754
local_termination_time: 233947.19248000009
node_cons: 19769.60162000005
tot_aggregated_send: 13688
tot_msg_rcv: 339
tot_msg_sent: 577
tot_reconf_duration: 4.390000000000001
tot_sleeping_duration: 947748.754
tot_uptimes: 247
tot_uptimes_duration: 14760.0
