comms_cons: 796.9942713886705
finished_reconf: true
global_termination_time: 1646622.3005999997
local_termination_time: 1646622.2594799998
node_cons: 100176.81667746106
tot_aggregated_send: 0
tot_msg_rcv: 48881
tot_msg_sent: 72256
tot_reconf_duration: 24.59
tot_sleeping_duration: 1571832.5892800118
tot_uptimes: 1225
tot_uptimes_duration: 74789.71131998785
