comms_cons: 165.49331838880096
finished_reconf: true
global_termination_time: 1650447.751
local_termination_time: 388683.0230000005
node_cons: 33907.66260558883
tot_aggregated_send: 22910
tot_msg_rcv: 673
tot_msg_sent: 1571
tot_reconf_duration: 3.05
tot_sleeping_duration: 1625127.7206000083
tot_uptimes: 423
tot_uptimes_duration: 25320.030399991607
