comms_cons: 110.77345919094559
finished_reconf: true
global_termination_time: 1092124.7904799997
local_termination_time: 1092124.7493599998
node_cons: 22484.06192543926
tot_aggregated_send: 14706
tot_msg_rcv: 665
tot_msg_sent: 1465
tot_reconf_duration: 37.410000000000004
tot_sleeping_duration: 1075371.0495200003
tot_uptimes: 280
tot_uptimes_duration: 16753.740959999413
