comms_cons: 109.21935359015679
finished_reconf: true
global_termination_time: 1092298.589
local_termination_time: 66857.36951999951
node_cons: 22440.69979422785
tot_aggregated_send: 14500
tot_msg_rcv: 605
tot_msg_sent: 1495
tot_reconf_duration: 15.34
tot_sleeping_duration: 1075554.8488400092
tot_uptimes: 280
tot_uptimes_duration: 16743.74015999089
