comms_cons: 109.70620159425349
finished_reconf: true
global_termination_time: 1096772.946
local_termination_time: 328908.02536
node_cons: 22513.11742447194
tot_aggregated_send: 15196
tot_msg_rcv: 441
tot_msg_sent: 1037
tot_reconf_duration: 13.17
tot_sleeping_duration: 1079972.921680006
tot_uptimes: 281
tot_uptimes_duration: 16800.024319993972
