comms_cons: 112.12335359166106
finished_reconf: true
global_termination_time: 1094309.83
local_termination_time: 169547.80860000008
node_cons: 22526.015687839423
tot_aggregated_send: 14616
tot_msg_rcv: 908
tot_msg_sent: 1518
tot_reconf_duration: 22.65
tot_sleeping_duration: 1077509.7874400006
tot_uptimes: 281
tot_uptimes_duration: 16800.04255999955
