comms_cons: 195.97651190623696
finished_reconf: true
global_termination_time: 1095077.468
local_termination_time: 282136.05136000004
node_cons: 22503.695606705587
tot_aggregated_send: 0
tot_msg_rcv: 15164
tot_msg_sent: 14626
tot_reconf_duration: 6.22
tot_sleeping_duration: 1078277.431520011
tot_uptimes: 281
tot_uptimes_duration: 16800.03647998924
