comms_cons: 536.267097674576
finished_reconf: true
global_termination_time: 5402886.814
local_termination_time: 3749424.73636
node_cons: 111134.9491799966
tot_aggregated_send: 77256
tot_msg_rcv: 1311
tot_msg_sent: 2941
tot_reconf_duration: 18.21
tot_sleeping_duration: 5319906.814
tot_uptimes: 1384
tot_uptimes_duration: 82980.0
