comms_cons: 60.69214720030396
finished_reconf: true
global_termination_time: 607505.158
local_termination_time: 246595.87660000054
node_cons: 12483.483123364302
tot_aggregated_send: 8352
tot_msg_rcv: 305
tot_msg_sent: 567
tot_reconf_duration: 22.65
tot_sleeping_duration: 598205.1397599968
tot_uptimes: 156
tot_uptimes_duration: 9300.018240003206
