comms_cons: 60.66757119910276
finished_reconf: true
global_termination_time: 605400.973
local_termination_time: 378914.77148000005
node_cons: 12468.083403362027
tot_aggregated_send: 8468
tot_msg_rcv: 237
tot_msg_sent: 517
tot_reconf_duration: 11.31
tot_sleeping_duration: 596100.9547599985
tot_uptimes: 156
tot_uptimes_duration: 9300.018240001504
