comms_cons: 60.010137599885184
finished_reconf: true
global_termination_time: 596824.222
local_termination_time: 346728.81636000006
node_cons: 12236.44174448117
tot_aggregated_send: 8120
tot_msg_rcv: 318
tot_msg_sent: 683
tot_reconf_duration: 18.21
tot_sleeping_duration: 587704.197679999
tot_uptimes: 153
tot_uptimes_duration: 9120.02432000084
