comms_cons: 59.6618944001626
finished_reconf: true
global_termination_time: 592883.591
local_termination_time: 393831.77448
node_cons: 12151.867521121429
tot_aggregated_send: 8062
tot_msg_rcv: 322
tot_msg_sent: 684
tot_reconf_duration: 15.110000000000001
tot_sleeping_duration: 583823.5849199989
tot_uptimes: 152
tot_uptimes_duration: 9060.006080001069
