comms_cons: 60.482585600364374
finished_reconf: true
global_termination_time: 594740.073
local_termination_time: 269890.93756000017
node_cons: 12227.8483411214
tot_aggregated_send: 8294
tot_msg_rcv: 386
tot_msg_sent: 513
tot_reconf_duration: 11.899999999999999
tot_sleeping_duration: 585620.066919999
tot_uptimes: 153
tot_uptimes_duration: 9120.006080001069
