comms_cons: 63.61491200110295
finished_reconf: true
global_termination_time: 594341.391
local_termination_time: 83791.50943999988
node_cons: 12219.094645602583
tot_aggregated_send: 7424
tot_msg_rcv: 849
tot_msg_sent: 1396
tot_reconf_duration: 5.43
tot_sleeping_duration: 585221.360599998
tot_uptimes: 153
tot_uptimes_duration: 9120.03040000191
