comms_cons: 510.14389126918496
finished_reconf: true
global_termination_time: 2584299.355
local_termination_time: 415554.89900000003
node_cons: 53163.755884796024
tot_aggregated_send: 0
tot_msg_rcv: 39195
tot_msg_sent: 38342
tot_reconf_duration: 22.65
tot_sleeping_duration: 2544618.2518000025
tot_uptimes: 662
tot_uptimes_duration: 39681.103199997626
