comms_cons: 265.05874560616417
finished_reconf: true
global_termination_time: 2583827.922
local_termination_time: 408641.9993600001
node_cons: 53111.30454447141
tot_aggregated_send: 34800
tot_msg_rcv: 1949
tot_msg_sent: 3538
tot_reconf_duration: 4.8100000000000005
tot_sleeping_duration: 2544167.8976800055
tot_uptimes: 662
tot_uptimes_duration: 39660.024319994205
