comms_cons: 260.47052801185123
finished_reconf: true
global_termination_time: 2580781.993
local_termination_time: 334540.8772000006
node_cons: 53035.05212447111
tot_aggregated_send: 35554
tot_msg_rcv: 1311
tot_msg_sent: 2725
tot_reconf_duration: 7.819999999999999
tot_sleeping_duration: 2541181.968680006
tot_uptimes: 661
tot_uptimes_duration: 39600.02431999397
