comms_cons: 261.0896000035709
finished_reconf: true
global_termination_time: 2583244.942
local_termination_time: 7399.089520000004
node_cons: 53113.2193244711
tot_aggregated_send: 35496
tot_msg_rcv: 1343
tot_msg_sent: 2845
tot_reconf_duration: 6.22
tot_sleeping_duration: 2543584.9176800055
tot_uptimes: 662
tot_uptimes_duration: 39660.02431999397
