comms_cons: 262.0039103984035
finished_reconf: true
global_termination_time: 2579894.48948
local_termination_time: 2579894.44836
node_cons: 53076.233071028844
tot_aggregated_send: 35192
tot_msg_rcv: 1536
tot_msg_sent: 3093
tot_reconf_duration: 24.59
tot_sleeping_duration: 2540280.7181200073
tot_uptimes: 661
tot_uptimes_duration: 39613.77135999251
