comms_cons: 258.86520319713605
finished_reconf: true
global_termination_time: 2584725.221
local_termination_time: 12320.01536
node_cons: 53120.13968558793
tot_aggregated_send: 36250
tot_msg_rcv: 1064
tot_msg_sent: 2032
tot_reconf_duration: 11.31
tot_sleeping_duration: 2545065.1906000087
tot_uptimes: 662
tot_uptimes_duration: 39660.03039999161
