comms_cons: 52.54211840005441
finished_reconf: true
global_termination_time: 533245.006
local_termination_time: 16907.93336
node_cons: 10946.75938000001
tot_aggregated_send: 7656
tot_msg_rcv: 112
tot_msg_sent: 218
tot_reconf_duration: 15.110000000000001
tot_sleeping_duration: 525085.006
tot_uptimes: 137
tot_uptimes_duration: 8159.999999999996
