comms_cons: 52.27174400024799
finished_reconf: true
global_termination_time: 532824.6
local_termination_time: 278118.13136000006
node_cons: 10932.771980000012
tot_aggregated_send: 7772
tot_msg_rcv: 61
tot_msg_sent: 112
tot_reconf_duration: 4.8100000000000005
tot_sleeping_duration: 524664.6
tot_uptimes: 137
tot_uptimes_duration: 8160.0
