comms_cons: 52.65333760058057
finished_reconf: true
global_termination_time: 534477.539
local_termination_time: 177103.7618000007
node_cons: 10930.381899999998
tot_aggregated_send: 7598
tot_msg_rcv: 117
tot_msg_sent: 288
tot_reconf_duration: 3.05
tot_sleeping_duration: 526317.539
tot_uptimes: 137
tot_uptimes_duration: 8160.0
