comms_cons: 448.0895744537543
finished_reconf: true
global_termination_time: 4546956.62
local_termination_time: 1911491.35336
node_cons: 93519.99962781723
tot_aggregated_send: 63336
tot_msg_rcv: 1574
tot_msg_sent: 3197
tot_reconf_duration: 3.08
tot_sleeping_duration: 4477116.577440016
tot_uptimes: 1165
tot_uptimes_duration: 69840.04255998484
