comms_cons: 454.50265606710906
finished_reconf: true
global_termination_time: 4550906.644
local_termination_time: 517327.417
node_cons: 93641.0677394793
tot_aggregated_send: 63798
tot_msg_rcv: 1717
tot_msg_sent: 3566
tot_reconf_duration: 22.65
tot_sleeping_duration: 4480996.032320029
tot_uptimes: 1166
tot_uptimes_duration: 69910.61167997151
