comms_cons: 450.2691008425595
finished_reconf: true
global_termination_time: 4547064.86
local_termination_time: 2735067.0443599997
node_cons: 93531.15154446608
tot_aggregated_send: 63452
tot_msg_rcv: 1681
tot_msg_sent: 3305
tot_reconf_duration: 11.31
tot_sleeping_duration: 4477224.835680009
tot_uptimes: 1165
tot_uptimes_duration: 69840.02431999147
