comms_cons: 54.475776000717495
finished_reconf: true
global_termination_time: 534140.361
local_termination_time: 422144.3426800007
node_cons: 10933.812201121455
tot_aggregated_send: 7250
tot_msg_rcv: 396
tot_msg_sent: 634
tot_reconf_duration: 5.57
tot_sleeping_duration: 525980.3549199989
tot_uptimes: 137
tot_uptimes_duration: 8160.006080001069
