comms_cons: 226.92455667046184
finished_reconf: true
global_termination_time: 1143088.581599999
local_termination_time: 3361.38936
node_cons: 23539.797275996512
tot_aggregated_send: 0
tot_msg_rcv: 17524
tot_msg_sent: 16964
tot_reconf_duration: 18.21
tot_sleeping_duration: 1125526.9176000017
tot_uptimes: 293
tot_uptimes_duration: 17561.66399999737
