comms_cons: 116.96762879066159
finished_reconf: true
global_termination_time: 1147731.823
local_termination_time: 318123.26636000007
node_cons: 23556.812245588804
tot_aggregated_send: 14906
tot_msg_rcv: 849
tot_msg_sent: 2024
tot_reconf_duration: 12.629999999999999
tot_sleeping_duration: 1130151.7926000084
tot_uptimes: 294
tot_uptimes_duration: 17580.030399991607
