comms_cons: 113.82576639697578
finished_reconf: true
global_termination_time: 1143297.926
local_termination_time: 542891.8564799998
node_cons: 23484.7071644765
tot_aggregated_send: 14906
tot_msg_rcv: 764
tot_msg_sent: 1630
tot_reconf_duration: 18.700000000000003
tot_sleeping_duration: 1125777.9016800027
tot_uptimes: 293
tot_uptimes_duration: 17520.024319997407
