comms_cons: 113.57077759772099
finished_reconf: true
global_termination_time: 1145770.813
local_termination_time: 536293.0983599998
node_cons: 23554.514523359663
tot_aggregated_send: 15370
tot_msg_rcv: 616
tot_msg_sent: 1277
tot_reconf_duration: 10.95
tot_sleeping_duration: 1128190.7947600002
tot_uptimes: 294
tot_uptimes_duration: 17580.018239999772
