comms_cons: 90.04585598972123
finished_reconf: true
global_termination_time: 877796.839
local_termination_time: 14331.43336
node_cons: 18007.219490065312
tot_aggregated_send: 11194
tot_msg_rcv: 792
tot_msg_sent: 1700
tot_reconf_duration: 8.09
tot_sleeping_duration: 864356.7842800111
tot_uptimes: 225
tot_uptimes_duration: 13440.054719989013
