comms_cons: 170.30384639202057
finished_reconf: true
global_termination_time: 1698207.7834799998
local_termination_time: 1698207.7423599998
node_cons: 34919.38492991107
tot_aggregated_send: 23650
tot_msg_rcv: 707
tot_msg_sent: 1527
tot_reconf_duration: 24.59
tot_sleeping_duration: 1672154.0182000063
tot_uptimes: 435
tot_uptimes_duration: 26053.765279993357
