comms_cons: 165.04240639079825
finished_reconf: true
global_termination_time: 1699376.174
local_termination_time: 700567.4433599999
node_cons: 34982.28182335052
tot_aggregated_send: 23548
tot_msg_rcv: 498
tot_msg_sent: 1038
tot_reconf_duration: 25.299999999999997
tot_sleeping_duration: 1673276.1557600072
tot_uptimes: 436
tot_uptimes_duration: 26100.018239992904
