comms_cons: 167.50110719374095
finished_reconf: true
global_termination_time: 1698208.3834799998
local_termination_time: 75306.15947999996
node_cons: 34930.25669095341
tot_aggregated_send: 23896
tot_msg_rcv: 431
tot_msg_sent: 1133
tot_reconf_duration: 13.17
tot_sleeping_duration: 1672134.9168400047
tot_uptimes: 435
tot_uptimes_duration: 26073.46663999511
