comms_cons: 173.00727038533248
finished_reconf: true
global_termination_time: 1699912.109
local_termination_time: 12504.14408
node_cons: 34978.72382893921
tot_aggregated_send: 23374
tot_msg_rcv: 1076
tot_msg_sent: 1846
tot_reconf_duration: 22.65
tot_sleeping_duration: 1673812.0603600154
tot_uptimes: 436
tot_uptimes_duration: 26100.04863998451
