comms_cons: 429.3334144721318
finished_reconf: true
global_termination_time: 4256089.934
local_termination_time: 1955799.8493599999
node_cons: 87521.03498223153
tot_aggregated_send: 59218
tot_msg_rcv: 2107
tot_msg_sent: 3929
tot_reconf_duration: 22.65
tot_sleeping_duration: 4190749.921840005
tot_uptimes: 1090
tot_uptimes_duration: 65340.0121599955
