comms_cons: 429.8040320805215
finished_reconf: true
global_termination_time: 4254742.081
local_termination_time: 569305.8503599999
node_cons: 87502.70465004978
tot_aggregated_send: 59044
tot_msg_rcv: 2161
tot_msg_sent: 4122
tot_reconf_duration: 9.11
tot_sleeping_duration: 4189402.0262800213
tot_uptimes: 1090
tot_uptimes_duration: 65340.054719979176
