comms_cons: 433.2261760910275
finished_reconf: true
global_termination_time: 4259390.408
local_termination_time: 1623891.7883600001
node_cons: 87596.05158781672
tot_aggregated_send: 58754
tot_msg_rcv: 2636
tot_msg_sent: 4456
tot_reconf_duration: 18.700000000000003
tot_sleeping_duration: 4193990.3654400157
tot_uptimes: 1091
tot_uptimes_duration: 65400.04255998414
