comms_cons: 429.08352006949826
finished_reconf: true
global_termination_time: 4259149.271
local_termination_time: 1695092.421
node_cons: 87594.89708845693
tot_aggregated_send: 59794
tot_msg_rcv: 1995
tot_msg_sent: 3431
tot_reconf_duration: 10.95
tot_sleeping_duration: 4193742.2306800154
tot_uptimes: 1091
tot_uptimes_duration: 65407.04031998431
