comms_cons: 421.2041792365838
finished_reconf: true
global_termination_time: 4257366.332
local_termination_time: 2766303.1679999996
node_cons: 87586.7683411147
tot_aggregated_send: 61764
tot_msg_rcv: 810
tot_msg_sent: 1447
tot_reconf_duration: 11.899999999999999
tot_sleeping_duration: 4191966.3259200025
tot_uptimes: 1091
tot_uptimes_duration: 65400.00607999787
