comms_cons: 219.49305598588285
finished_reconf: true
global_termination_time: 2178453.082
local_termination_time: 560329.8673599999
node_cons: 44757.85932446698
tot_aggregated_send: 30334
tot_msg_rcv: 1053
tot_msg_sent: 1974
tot_reconf_duration: 6.22
tot_sleeping_duration: 2145033.0576800094
tot_uptimes: 558
tot_uptimes_duration: 33420.02431999054
