comms_cons: 215.53521919291865
finished_reconf: true
global_termination_time: 2181393.001
local_termination_time: 436466.11436000007
node_cons: 44845.078979999525
tot_aggregated_send: 31494
tot_msg_rcv: 406
tot_msg_sent: 860
tot_reconf_duration: 11.31
tot_sleeping_duration: 2147913.001
tot_uptimes: 559
tot_uptimes_duration: 33480.0
