comms_cons: 34.862208000084095
finished_reconf: true
global_termination_time: 345241.799
local_termination_time: 13506.41548
node_cons: 7100.678700000008
tot_aggregated_send: 4582
tot_msg_rcv: 215
tot_msg_sent: 501
tot_reconf_duration: 22.65
tot_sleeping_duration: 339961.799
tot_uptimes: 89
tot_uptimes_duration: 5280.0
