comms_cons: 34.29079040032111
finished_reconf: true
global_termination_time: 346751.468
local_termination_time: 198616.9787200001
node_cons: 7074.061899999998
tot_aggregated_send: 4988
tot_msg_rcv: 110
tot_msg_sent: 114
tot_reconf_duration: 3.05
tot_sleeping_duration: 341471.468
tot_uptimes: 89
tot_uptimes_duration: 5280.000000000004
