comms_cons: 33.34338560011468
finished_reconf: true
global_termination_time: 342362.62
local_termination_time: 321152.9544800001
node_cons: 6996.9539399999985
tot_aggregated_send: 4988
tot_msg_rcv: 27
tot_msg_sent: 53
tot_reconf_duration: 5.43
tot_sleeping_duration: 337142.62
tot_uptimes: 88
tot_uptimes_duration: 5220.0
