comms_cons: 281.51907841595596
finished_reconf: true
global_termination_time: 2808276.269
local_termination_time: 4483.276
node_cons: 57859.756950055686
tot_aggregated_send: 39487
tot_msg_rcv: 1028
tot_msg_sent: 2275
tot_reconf_duration: 10.96
tot_sleeping_duration: 2765076.214280017
tot_uptimes: 720
tot_uptimes_duration: 43200.05471998261
