comms_cons: 279.9449600145986
finished_reconf: true
global_termination_time: 2808126.438
local_termination_time: 7076.551
node_cons: 57856.9825594933
tot_aggregated_send: 39083
tot_msg_rcv: 1207
tot_msg_sent: 2260
tot_reconf_duration: 8.92
tot_sleeping_duration: 2764926.386320019
tot_uptimes: 720
tot_uptimes_duration: 43200.051679980825
