comms_cons: 272.95190401063564
finished_reconf: true
global_termination_time: 2809689.606
local_termination_time: 4805.223999999999
node_cons: 57854.44720446661
tot_aggregated_send: 38968
tot_msg_rcv: 974
tot_msg_sent: 1545
tot_reconf_duration: 7.08
tot_sleeping_duration: 2766489.5816800096
tot_uptimes: 720
tot_uptimes_duration: 43200.02431999077
