comms_cons: 11.981977599968506
finished_reconf: true
global_termination_time: 90430.63191999955
local_termination_time: 90430.59079999955
node_cons: 1969.089422479433
tot_aggregated_send: 638
tot_msg_rcv: 450
tot_msg_sent: 733
tot_reconf_duration: 37.410000000000004
tot_sleeping_duration: 88998.00559999997
tot_uptimes: 24
tot_uptimes_duration: 1432.626319999582
