comms_cons: 10.885952000088732
finished_reconf: true
global_termination_time: 90795.691
local_termination_time: 34592.318720000025
node_cons: 1882.1774000000034
tot_aggregated_send: 696
tot_msg_rcv: 396
tot_msg_sent: 562
tot_reconf_duration: 25.299999999999997
tot_sleeping_duration: 89415.691
tot_uptimes: 24
tot_uptimes_duration: 1380.0
