comms_cons: 12.149638400025202
finished_reconf: true
global_termination_time: 92017.94
local_termination_time: 28392.525280000005
node_cons: 1868.3800856011692
tot_aggregated_send: 464
tot_msg_rcv: 627
tot_msg_sent: 755
tot_reconf_duration: 15.110000000000001
tot_sleeping_duration: 90637.90959999913
tot_uptimes: 24
tot_uptimes_duration: 1380.0304000008728
