comms_cons: 10.423334400114769
finished_reconf: true
global_termination_time: 91744.171
local_termination_time: 57112.31248000001
node_cons: 1878.5868411202828
tot_aggregated_send: 696
tot_msg_rcv: 373
tot_msg_sent: 516
tot_reconf_duration: 22.65
tot_sleeping_duration: 90364.16491999979
tot_uptimes: 24
tot_uptimes_duration: 1380.0060800002175
