comms_cons: 121.1374847915796
finished_reconf: true
global_termination_time: 1225168.785
local_termination_time: 574707.9611999997
node_cons: 25157.055842233793
tot_aggregated_send: 17110
tot_msg_rcv: 400
tot_msg_sent: 903
tot_reconf_duration: 7.819999999999999
tot_sleeping_duration: 1206388.7728400046
tot_uptimes: 314
tot_uptimes_duration: 18780.01215999527
