comms_cons: 47.3817664029509
finished_reconf: true
global_termination_time: 233866.68948000006
local_termination_time: 233866.64836000005
node_cons: 4791.852365442717
tot_aggregated_send: 0
tot_msg_rcv: 3770
tot_msg_sent: 3430
tot_reconf_duration: 24.59
tot_sleeping_duration: 230312.94851999806
tot_uptimes: 60
tot_uptimes_duration: 3553.7409600020164
