comms_cons: 110.83783680677068
finished_reconf: true
global_termination_time: 233867.20724000013
local_termination_time: 393.0680399999995
node_cons: 14240.576925841084
tot_aggregated_send: 0
tot_msg_rcv: 6776
tot_msg_sent: 10069
tot_reconf_duration: 18.21
tot_sleeping_duration: 223250.44267999934
tot_uptimes: 176
tot_uptimes_duration: 10616.764560000795
