comms_cons: 68.63484159786486
finished_reconf: true
global_termination_time: 689987.8005599995
local_termination_time: 689987.7594399996
node_cons: 14204.266848077601
tot_aggregated_send: 9846
tot_msg_rcv: 219
tot_msg_sent: 367
tot_reconf_duration: 24.59
tot_sleeping_duration: 679404.6238400014
tot_uptimes: 177
tot_uptimes_duration: 10583.176719998184
