comms_cons: 68.12824319949175
finished_reconf: true
global_termination_time: 689987.99124
local_termination_time: 232928.09136000005
node_cons: 14183.645323841176
tot_aggregated_send: 9512
tot_msg_rcv: 269
tot_msg_sent: 573
tot_reconf_duration: 18.21
tot_sleeping_duration: 679413.7446799992
tot_uptimes: 177
tot_uptimes_duration: 10574.246560000873
