comms_cons: 68.45847039985863
finished_reconf: true
global_termination_time: 693888.05
local_termination_time: 579727.5024399986
node_cons: 14230.799560000109
tot_aggregated_send: 9918
tot_msg_rcv: 156
tot_msg_sent: 331
tot_reconf_duration: 7.819999999999999
tot_sleeping_duration: 683268.05
tot_uptimes: 178
tot_uptimes_duration: 10620.0
