comms_cons: 260.39157758267874
finished_reconf: true
global_termination_time: 2631126.251
local_termination_time: 414442.6026400004
node_cons: 54093.59802670475
tot_aggregated_send: 36598
tot_msg_rcv: 1130
tot_msg_sent: 1850
tot_reconf_duration: 18.21
tot_sleeping_duration: 2590746.2145200106
tot_uptimes: 674
tot_uptimes_duration: 40380.03647998924
