comms_cons: 769.8654849677447
finished_reconf: true
global_termination_time: 2628333.227759998
local_termination_time: 2628333.227759998
node_cons: 108021.56043575512
tot_aggregated_send: 0
tot_msg_rcv: 39082
tot_msg_sent: 77931
tot_reconf_duration: 24.59
tot_sleeping_duration: 2547684.857919999
tot_uptimes: 1337
tot_uptimes_duration: 80648.36983999892
