comms_cons: 254.93146878383877
finished_reconf: true
global_termination_time: 2630224.605
local_termination_time: 1190384.0889599996
node_cons: 54079.47212446654
tot_aggregated_send: 35670
tot_msg_rcv: 1148
tot_msg_sent: 1931
tot_reconf_duration: 7.819999999999999
tot_sleeping_duration: 2589844.5806800094
tot_uptimes: 674
tot_uptimes_duration: 40380.02431999054
