comms_cons: 388.98862083170894
finished_reconf: true
global_termination_time: 3941106.748
local_termination_time: 1849127.3141199981
node_cons: 81070.6322011152
tot_aggregated_send: 55216
tot_msg_rcv: 1200
tot_msg_sent: 2708
tot_reconf_duration: 5.57
tot_sleeping_duration: 3880566.7419200023
tot_uptimes: 1010
tot_uptimes_duration: 60540.00607999787
