comms_cons: 37.04747519997321
finished_reconf: true
global_termination_time: 409294.974
local_termination_time: 139183.92236000006
node_cons: 8386.1187
tot_aggregated_send: 5510
tot_msg_rcv: 56
tot_msg_sent: 65
tot_reconf_duration: 22.65
tot_sleeping_duration: 403054.974
tot_uptimes: 105
tot_uptimes_duration: 6240.0
