comms_cons: 2.282982399992456
finished_reconf: true
global_termination_time: 15277.598240000003
local_termination_time: 6956.72236
node_cons: 276.5055193600044
tot_aggregated_send: 0
tot_msg_rcv: 179
tot_msg_sent: 168
tot_reconf_duration: 9.11
tot_sleeping_duration: 15080.336
tot_uptimes: 4
tot_uptimes_duration: 197.26224000000366
