comms_cons: 253.06693117608162
finished_reconf: true
global_termination_time: 2524936.663
local_termination_time: 1782911.2153599998
node_cons: 51903.83074669997
tot_aggregated_send: 33814
tot_msg_rcv: 1622
tot_msg_sent: 3029
tot_reconf_duration: 3.05
tot_sleeping_duration: 2486176.6265200144
tot_uptimes: 647
tot_uptimes_duration: 38760.03647998581
