comms_cons: 53.03303680101159
finished_reconf: true
global_termination_time: 510743.775
local_termination_time: 200353.8554800001
node_cons: 10464.743803364327
tot_aggregated_send: 6728
tot_msg_rcv: 530
tot_msg_sent: 801
tot_reconf_duration: 15.110000000000001
tot_sleeping_duration: 502943.7567599968
tot_uptimes: 131
tot_uptimes_duration: 7800.018240003206
