comms_cons: 52.10382079977463
finished_reconf: true
global_termination_time: 511008.547
local_termination_time: 290020.96
node_cons: 10468.073962721353
tot_aggregated_send: 6897
tot_msg_rcv: 385
tot_msg_sent: 640
tot_reconf_duration: 12.629999999999999
tot_sleeping_duration: 503203.526519999
tot_uptimes: 131
tot_uptimes_duration: 7805.020480000996
