comms_cons: 52.09795200096862
finished_reconf: true
global_termination_time: 508318.641
local_termination_time: 291670.1800400007
node_cons: 10450.177902242815
tot_aggregated_send: 6844
tot_msg_rcv: 378
tot_msg_sent: 696
tot_reconf_duration: 4.390000000000001
tot_sleeping_duration: 500518.62883999787
tot_uptimes: 131
tot_uptimes_duration: 7800.0121600021375
