comms_cons: 241.5238016040197
finished_reconf: true
global_termination_time: 2427120.838
local_termination_time: 1389557.7000000002
node_cons: 49898.74476558419
tot_aggregated_send: 34330
tot_msg_rcv: 691
tot_msg_sent: 1689
tot_reconf_duration: 5.57
tot_sleeping_duration: 2389860.807600011
tot_uptimes: 622
tot_uptimes_duration: 37260.03039998864
