comms_cons: 242.72642560241056
finished_reconf: true
global_termination_time: 2429246.045
local_termination_time: 1478356.310399998
node_cons: 49978.43836446708
tot_aggregated_send: 34046
tot_msg_rcv: 815
tot_msg_sent: 2032
tot_reconf_duration: 5.1
tot_sleeping_duration: 2391926.020680009
tot_uptimes: 623
tot_uptimes_duration: 37320.024319991004
