comms_cons: 243.80937599719812
finished_reconf: true
global_termination_time: 2426628.867
local_termination_time: 439269.77036
node_cons: 49897.14232558341
tot_aggregated_send: 33640
tot_msg_rcv: 1036
tot_msg_sent: 2381
tot_reconf_duration: 4.390000000000001
tot_sleeping_duration: 2389368.8366000117
tot_uptimes: 622
tot_uptimes_duration: 37260.03039998817
