comms_cons: 1.8553343999980907
finished_reconf: true
global_termination_time: 8528.211
local_termination_time: 4361.700360000001
node_cons: 169.12676000000033
tot_aggregated_send: 0
tot_msg_rcv: 170
tot_msg_sent: 112
tot_reconf_duration: 6.22
tot_sleeping_duration: 8408.211
tot_uptimes: 3
tot_uptimes_duration: 120.0
