comms_cons: 1.671116799994479
finished_reconf: true
global_termination_time: 8417.189
local_termination_time: 4579.51536
node_cons: 176.03898000000055
tot_aggregated_send: 0
tot_msg_rcv: 146
tot_msg_sent: 108
tot_reconf_duration: 11.31
tot_sleeping_duration: 8297.189
tot_uptimes: 3
tot_uptimes_duration: 120.0
