comms_cons: 146.68326399820305
finished_reconf: true
global_termination_time: 1493546.271
local_termination_time: 937700.7695599996
node_cons: 30694.02190000011
tot_aggregated_send: 21286
tot_msg_rcv: 414
tot_msg_sent: 595
tot_reconf_duration: 3.05
tot_sleeping_duration: 1470626.271
tot_uptimes: 383
tot_uptimes_duration: 22920.0
