comms_cons: 293.0451261877838
finished_reconf: true
global_termination_time: 1492179.066359997
local_termination_time: 961.7200399999996
node_cons: 30779.25290126964
tot_aggregated_send: 0
tot_msg_rcv: 22344
tot_msg_sent: 22193
tot_reconf_duration: 11.31
tot_sleeping_duration: 1469203.7908400048
tot_uptimes: 383
tot_uptimes_duration: 22975.275519992225
