comms_cons: 15.211110399776958
finished_reconf: true
global_termination_time: 150270.235
local_termination_time: 97669.60651999978
node_cons: 3077.657321119161
tot_aggregated_send: 1972
tot_msg_rcv: 124
tot_msg_sent: 216
tot_reconf_duration: 18.21
tot_sleeping_duration: 147990.22892000063
tot_uptimes: 39
tot_uptimes_duration: 2280.006079999366
