comms_cons: 15.763763200007572
finished_reconf: true
global_termination_time: 149791.676
local_termination_time: 104966.18167999957
node_cons: 3059.4601211191484
tot_aggregated_send: 1972
tot_msg_rcv: 195
tot_msg_sent: 229
tot_reconf_duration: 4.8100000000000005
tot_sleeping_duration: 147511.66992000063
tot_uptimes: 39
tot_uptimes_duration: 2280.006079999366
