comms_cons: 544.5147643552962
finished_reconf: true
global_termination_time: 1871637.588
local_termination_time: 545010.8613599988
node_cons: 76245.406816998
tot_aggregated_send: 0
tot_msg_rcv: 27766
tot_msg_sent: 54998
tot_reconf_duration: 18.21
tot_sleeping_duration: 1814714.0050000001
tot_uptimes: 944
tot_uptimes_duration: 56923.58299999987
