comms_cons: 188.84272638019556
finished_reconf: true
global_termination_time: 1869210.5548399978
local_termination_time: 1869210.5548399978
node_cons: 38530.26772958698
tot_aggregated_send: 25506
tot_msg_rcv: 923
tot_msg_sent: 2272
tot_reconf_duration: 24.59
tot_sleeping_duration: 1840460.0884400075
tot_uptimes: 479
tot_uptimes_duration: 28750.466399990415
