comms_cons: 33.343385600368414
finished_reconf: true
global_termination_time: 339121.756
local_termination_time: 176326.453
node_cons: 6916.812201121447
tot_aggregated_send: 4811
tot_msg_rcv: 85
tot_msg_sent: 172
tot_reconf_duration: 5.57
tot_sleeping_duration: 333961.7499199989
tot_uptimes: 87
tot_uptimes_duration: 5160.006080001069
