comms_cons: 16.178252800037093
finished_reconf: true
global_termination_time: 177754.784
local_termination_time: 5055.087
node_cons: 3624.1052444811667
tot_aggregated_send: 1620
tot_msg_rcv: 288
tot_msg_sent: 551
tot_reconf_duration: 6.46
tot_sleeping_duration: 175054.75967999914
tot_uptimes: 46
tot_uptimes_duration: 2700.02432000087
