comms_cons: 87.01117440823731
finished_reconf: true
global_termination_time: 297180.55900000053
local_termination_time: 3607.295040000001
node_cons: 12193.431161000788
tot_aggregated_send: 0
tot_msg_rcv: 4441
tot_msg_sent: 8783
tot_reconf_duration: 4.390000000000001
tot_sleeping_duration: 288078.63999999996
tot_uptimes: 150
tot_uptimes_duration: 9101.919000000576
