comms_cons: 100.22941438960203
finished_reconf: true
global_termination_time: 968547.2182400001
local_termination_time: 150786.30888000087
node_cons: 19979.830004886342
tot_aggregated_send: 11252
tot_msg_rcv: 1265
tot_msg_sent: 2719
tot_reconf_duration: 18.21
tot_sleeping_duration: 953644.2303199954
tot_uptimes: 249
tot_uptimes_duration: 14902.987920004729
