comms_cons: 283.54432641814947
finished_reconf: false
global_termination_time: 2809050.232
local_termination_time: 0
node_cons: 57844.81628223295
tot_aggregated_send: 39092
tot_msg_rcv: 1335
tot_msg_sent: 2670
tot_reconf_duration: 0
tot_sleeping_duration: 2765850.2198400046
tot_uptimes: 720
tot_uptimes_duration: 43200.0121599955
