comms_cons: 282.7148032100626
finished_reconf: false
global_termination_time: 2809523.21
local_termination_time: 0
node_cons: 57844.81628223295
tot_aggregated_send: 39208
tot_msg_rcv: 1209
tot_msg_sent: 2554
tot_reconf_duration: 0
tot_sleeping_duration: 2766323.1978400047
tot_uptimes: 720
tot_uptimes_duration: 43200.0121599955
