comms_cons: 279.8462720090937
finished_reconf: false
global_termination_time: 2809424.603
local_termination_time: 0
node_cons: 57844.79999999896
tot_aggregated_send: 40368
tot_msg_rcv: 775
tot_msg_sent: 1392
tot_reconf_duration: 0
tot_sleeping_duration: 2766224.603
tot_uptimes: 720
tot_uptimes_duration: 43200.0
