comms_cons: 285.7431936220805
finished_reconf: true
global_termination_time: 2808339.019
local_termination_time: 484947.6183200007
node_cons: 57848.99074670097
tot_aggregated_send: 38860
tot_msg_rcv: 1664
tot_msg_sent: 2906
tot_reconf_duration: 3.05
tot_sleeping_duration: 2765138.9825200136
tot_uptimes: 720
tot_uptimes_duration: 43200.036479986506
