comms_cons: 1614.1095186037212
finished_reconf: true
global_termination_time: 3337184.9516
local_termination_time: 3337184.9104799996
node_cons: 202780.60688380833
tot_aggregated_send: 0
tot_msg_rcv: 99057
tot_msg_sent: 146277
tot_reconf_duration: 37.410000000000004
tot_sleeping_duration: 3185781.0650400184
tot_uptimes: 2487
tot_uptimes_duration: 151403.8865599818
