comms_cons: 336.1262848396318
finished_reconf: true
global_termination_time: 3339314.675
local_termination_time: 504878.99899999995
node_cons: 68717.16001549932
tot_aggregated_send: 46514
tot_msg_rcv: 1593
tot_msg_sent: 2983
tot_reconf_duration: 18.700000000000003
tot_sleeping_duration: 3288013.8793200143
tot_uptimes: 856
tot_uptimes_duration: 51300.79567998572
