comms_cons: 331.7035264095685
finished_reconf: true
global_termination_time: 3339708.368
local_termination_time: 337573.4070000004
node_cons: 68696.7186078215
tot_aggregated_send: 46574
tot_msg_rcv: 1167
tot_msg_sent: 2676
tot_reconf_duration: 4.390000000000001
tot_sleeping_duration: 3288408.3254400124
tot_uptimes: 856
tot_uptimes_duration: 51300.04255998734
