comms_cons: 127.86017278788668
finished_reconf: true
global_termination_time: 1258878.714
local_termination_time: 764787.8649199983
node_cons: 25890.031944467348
tot_aggregated_send: 16414
tot_msg_rcv: 1110
tot_msg_sent: 1910
tot_reconf_duration: 15.110000000000001
tot_sleeping_duration: 1239558.6896800094
tot_uptimes: 323
tot_uptimes_duration: 19320.024319990538
