comms_cons: 129.34597758551837
finished_reconf: true
global_termination_time: 1259113.61
local_termination_time: 235296.288
node_cons: 25905.970476946328
tot_aggregated_send: 16238
tot_msg_rcv: 1202
tot_msg_sent: 2219
tot_reconf_duration: 22.65
tot_sleeping_duration: 1239789.3293600103
tot_uptimes: 323
tot_uptimes_duration: 19324.280639989767
