comms_cons: 127.5312127914488
finished_reconf: true
global_termination_time: 1264059.721
local_termination_time: 328999.9929600006
node_cons: 25956.376403350536
tot_aggregated_send: 16878
tot_msg_rcv: 932
tot_msg_sent: 1574
tot_reconf_duration: 4.8100000000000005
tot_sleeping_duration: 1244679.702760007
tot_uptimes: 324
tot_uptimes_duration: 19380.018239992904
