comms_cons: 281.1552319913759
finished_reconf: true
global_termination_time: 2806868.032
local_termination_time: 188301.57372000057
node_cons: 57704.9842844755
tot_aggregated_send: 39324
tot_msg_rcv: 1114
tot_msg_sent: 2295
tot_reconf_duration: 15.34
tot_sleeping_duration: 2763788.0076800026
tot_uptimes: 719
tot_uptimes_duration: 43080.02431999741
