comms_cons: 553.7310978744566
finished_reconf: true
global_termination_time: 2808208.74
local_termination_time: 446.9930399999995
node_cons: 57772.92304223264
tot_aggregated_send: 0
tot_msg_rcv: 42458
tot_msg_sent: 41707
tot_reconf_duration: 6.22
tot_sleeping_duration: 2765068.727840005
tot_uptimes: 720
tot_uptimes_duration: 43140.01215999527
