comms_cons: 551.602617870395
finished_reconf: true
global_termination_time: 2805914.710399997
local_termination_time: 947.3113599999999
node_cons: 57742.52054582859
tot_aggregated_send: 0
tot_msg_rcv: 42174
tot_msg_sent: 41662
tot_reconf_duration: 11.31
tot_sleeping_duration: 2762802.5658400045
tot_uptimes: 719
tot_uptimes_duration: 43112.144559992244
