comms_cons: 0.7631872000017017
finished_reconf: true
global_termination_time: 7257.204
local_termination_time: 1838.9123600000003
node_cons: 87.71394000000008
tot_aggregated_send: 0
tot_msg_rcv: 63
tot_msg_sent: 53
tot_reconf_duration: 5.43
tot_sleeping_duration: 7197.204
tot_uptimes: 2
tot_uptimes_duration: 60.0
