comms_cons: 292.6126976055059
finished_reconf: true
global_termination_time: 2969001.348
local_termination_time: 2012648.113
node_cons: 61065.33394111548
tot_aggregated_send: 42798
tot_msg_rcv: 514
tot_msg_sent: 1163
tot_reconf_duration: 5.1
tot_sleeping_duration: 2923401.3419200024
tot_uptimes: 761
tot_uptimes_duration: 45600.006079997635
