comms_cons: 299.46518397979776
finished_reconf: true
global_termination_time: 2968325.521
local_termination_time: 1049825.3143599979
node_cons: 61064.98082669987
tot_aggregated_send: 40020
tot_msg_rcv: 1947
tot_msg_sent: 3550
tot_reconf_duration: 4.8100000000000005
tot_sleeping_duration: 2922725.4845200144
tot_uptimes: 761
tot_uptimes_duration: 45600.03647998579
