comms_cons: 301.4677376278063
finished_reconf: true
global_termination_time: 2969376.933
local_termination_time: 587320.5960399994
node_cons: 61062.63145228468
tot_aggregated_send: 40600
tot_msg_rcv: 1725
tot_msg_sent: 3495
tot_reconf_duration: 3.05
tot_sleeping_duration: 2923776.8661200255
tot_uptimes: 761
tot_uptimes_duration: 45600.066879974445
