comms_cons: 585.6780932094601
finished_reconf: true
global_termination_time: 2967935.6645999975
local_termination_time: 1556.3406000000004
node_cons: 61094.36083398464
tot_aggregated_send: 0
tot_msg_rcv: 44931
tot_msg_sent: 44087
tot_reconf_duration: 11.31
tot_sleeping_duration: 2922320.278600008
tot_uptimes: 761
tot_uptimes_duration: 45615.385999989405
