comms_cons: 883.9677825350731
finished_reconf: true
global_termination_time: 9014691.187
local_termination_time: 5366389.888719999
node_cons: 185441.88782222755
tot_aggregated_send: 125918
tot_msg_rcv: 2875
tot_msg_sent: 5566
tot_reconf_duration: 12.629999999999999
tot_sleeping_duration: 8876211.174840005
tot_uptimes: 2309
tot_uptimes_duration: 138480.01215999573
