comms_cons: 877.0534145189962
finished_reconf: true
global_termination_time: 9018935.349
local_termination_time: 5586687.411359999
node_cons: 185530.4708822267
tot_aggregated_send: 126092
tot_msg_rcv: 2407
tot_msg_sent: 4808
tot_reconf_duration: 18.700000000000003
tot_sleeping_duration: 8880395.336840004
tot_uptimes: 2310
tot_uptimes_duration: 138540.01215999573
