comms_cons: 896.3058818078242
finished_reconf: true
global_termination_time: 9015354.924
local_termination_time: 1017216.26536
node_cons: 185435.42911228086
tot_aggregated_send: 125222
tot_msg_rcv: 3692
tot_msg_sent: 7317
tot_reconf_duration: 7.819999999999999
tot_sleeping_duration: 8876874.857120026
tot_uptimes: 2309
tot_uptimes_duration: 138480.0668799756
