comms_cons: 22.382438400572568
finished_reconf: true
global_termination_time: 220402.698
local_termination_time: 186511.35536000005
node_cons: 4529.831264485719
tot_aggregated_send: 2668
tot_msg_rcv: 226
tot_msg_sent: 508
tot_reconf_duration: 22.65
tot_sleeping_duration: 217042.67367999573
tot_uptimes: 57
tot_uptimes_duration: 3360.024320004275
