comms_cons: 22.139008000455494
finished_reconf: true
global_termination_time: 219714.725
local_termination_time: 15175.46036
node_cons: 4509.659560000003
tot_aggregated_send: 2668
tot_msg_rcv: 221
tot_msg_sent: 476
tot_reconf_duration: 7.819999999999999
tot_sleeping_duration: 216354.725
tot_uptimes: 57
tot_uptimes_duration: 3360.0
