comms_cons: 191.6257791984866
finished_reconf: true
global_termination_time: 2053151.827
local_termination_time: 6278.055
node_cons: 42195.10833999964
tot_aggregated_send: 28871
tot_msg_rcv: 98
tot_msg_sent: 157
tot_reconf_duration: 12.23
tot_sleeping_duration: 2021651.827
tot_uptimes: 526
tot_uptimes_duration: 31500.0
