comms_cons: 65.93862399826659
finished_reconf: true
global_termination_time: 622134.457
local_termination_time: 60263.86072000002
node_cons: 12781.72175343887
tot_aggregated_send: 7888
tot_msg_rcv: 786
tot_msg_sent: 1350
tot_reconf_duration: 5.57
tot_sleeping_duration: 612594.384040001
tot_uptimes: 160
tot_uptimes_duration: 9540.072959999146
