comms_cons: 62.487583999351386
finished_reconf: true
global_termination_time: 624012.011
local_termination_time: 408518.40536000003
node_cons: 12784.687701121456
tot_aggregated_send: 8526
tot_msg_rcv: 280
tot_msg_sent: 691
tot_reconf_duration: 7.819999999999999
tot_sleeping_duration: 614472.0049199989
tot_uptimes: 160
tot_uptimes_duration: 9540.006080001069
