comms_cons: 64.98933759991755
finished_reconf: true
global_termination_time: 623938.757
local_termination_time: 199774.3089200003
node_cons: 12782.59631232196
tot_aggregated_send: 7888
tot_msg_rcv: 648
tot_msg_sent: 1342
tot_reconf_duration: 6.22
tot_sleeping_duration: 614398.6901199985
tot_uptimes: 160
tot_uptimes_duration: 9540.066880001454
