comms_cons: 65.04195200017645
finished_reconf: true
global_termination_time: 622018.274
local_termination_time: 104820.95300000001
node_cons: 12781.499068966874
tot_aggregated_send: 7770
tot_msg_rcv: 654
tot_msg_sent: 1462
tot_reconf_duration: 5.43
tot_sleeping_duration: 612478.2253599949
tot_uptimes: 160
tot_uptimes_duration: 9540.048640005116
