comms_cons: 150.28844155942596
finished_reconf: true
global_termination_time: 1364467.5022400005
local_termination_time: 244830.81424000044
node_cons: 28140.91117409033
tot_aggregated_send: 9396
tot_msg_rcv: 5570
tot_msg_sent: 7885
tot_reconf_duration: 18.21
tot_sleeping_duration: 1343469.6068000526
tot_uptimes: 350
tot_uptimes_duration: 20997.895439947955
