comms_cons: 134.45315839669584
finished_reconf: true
global_termination_time: 1364466.8814799997
local_termination_time: 1364466.8403599998
node_cons: 28107.821219836675
tot_aggregated_send: 19868
tot_msg_rcv: 212
tot_msg_sent: 355
tot_reconf_duration: 37.410000000000004
tot_sleeping_duration: 1343513.1709200023
tot_uptimes: 350
tot_uptimes_duration: 20953.710559997475
