comms_cons: 133.3274879988054
finished_reconf: true
global_termination_time: 1365325.141
local_termination_time: 244827.345600001
node_cons: 28064.888553522804
tot_aggregated_send: 19604
tot_msg_rcv: 197
tot_msg_sent: 464
tot_reconf_duration: 11.31
tot_sleeping_duration: 1344377.0233199978
tot_uptimes: 350
tot_uptimes_duration: 20948.117680002062
