comms_cons: 133.49854719769485
finished_reconf: true
global_termination_time: 1364571.261
local_termination_time: 322495.81616000034
node_cons: 28059.49172000011
tot_aggregated_send: 19604
tot_msg_rcv: 235
tot_msg_sent: 452
tot_reconf_duration: 15.34
tot_sleeping_duration: 1343631.261
tot_uptimes: 350
tot_uptimes_duration: 20940.000000000022
