comms_cons: 123.31070079532584
finished_reconf: true
global_termination_time: 1240940.877
local_termination_time: 485362.69040000037
node_cons: 25488.611720000074
tot_aggregated_send: 17690
tot_msg_rcv: 370
tot_msg_sent: 682
tot_reconf_duration: 15.34
tot_sleeping_duration: 1221920.877
tot_uptimes: 318
tot_uptimes_duration: 19020.0
