comms_cons: 124.3008255956478
finished_reconf: true
global_termination_time: 1242434.289
local_termination_time: 463327.37196000014
node_cons: 25555.493940000033
tot_aggregated_send: 17690
tot_msg_rcv: 452
tot_msg_sent: 751
tot_reconf_duration: 5.43
tot_sleeping_duration: 1223354.289
tot_uptimes: 319
tot_uptimes_duration: 19080.0
