comms_cons: 81.92482559478601
finished_reconf: true
global_termination_time: 811081.436
local_termination_time: 4454.006
node_cons: 16640.657323363175
tot_aggregated_send: 11186
tot_msg_rcv: 451
tot_msg_sent: 815
tot_reconf_duration: 7.55
tot_sleeping_duration: 798661.4177599977
tot_uptimes: 208
tot_uptimes_duration: 12420.018240002355
