comms_cons: 83.46091519643434
finished_reconf: true
global_termination_time: 806752.7695999998
local_termination_time: 806752.7284799998
node_cons: 16629.992551843046
tot_aggregated_send: 10439
tot_msg_rcv: 752
tot_msg_sent: 1495
tot_reconf_duration: 45.25
tot_sleeping_duration: 794378.9510399975
tot_uptimes: 207
tot_uptimes_duration: 12373.818560002313
