comms_cons: 182.72308471999602
finished_reconf: true
global_termination_time: 927044.369
local_termination_time: 1099.0634800000025
node_cons: 19065.325462238292
tot_aggregated_send: 0
tot_msg_rcv: 14035
tot_msg_sent: 13738
tot_reconf_duration: 18.21
tot_sleeping_duration: 912824.3568400013
tot_uptimes: 238
tot_uptimes_duration: 14220.012159998703
