comms_cons: 94.25018879561509
finished_reconf: true
global_termination_time: 927305.481
local_termination_time: 208839.50199999998
node_cons: 19075.646745032624
tot_aggregated_send: 12758
tot_msg_rcv: 589
tot_msg_sent: 979
tot_reconf_duration: 22.65
tot_sleeping_duration: 913082.2636400055
tot_uptimes: 238
tot_uptimes_duration: 14223.21735999448
