comms_cons: 94.87357439542012
finished_reconf: true
global_termination_time: 927159.046
local_termination_time: 668735.9662399989
node_cons: 19055.474523350462
tot_aggregated_send: 12006
tot_msg_rcv: 793
tot_msg_sent: 1621
tot_reconf_duration: 10.95
tot_sleeping_duration: 912939.0277600071
tot_uptimes: 238
tot_uptimes_duration: 14220.018239992904
