comms_cons: 95.08510719542758
finished_reconf: true
global_termination_time: 927430.482
local_termination_time: 111930.32835999971
node_cons: 19049.11031358597
tot_aggregated_send: 12354
tot_msg_rcv: 747
tot_msg_sent: 1354
tot_reconf_duration: 6.22
tot_sleeping_duration: 913210.4196000104
tot_uptimes: 238
tot_uptimes_duration: 14220.062399989503
