comms_cons: 95.36559999479948
finished_reconf: true
global_termination_time: 929490.796
local_termination_time: 351813.32136000006
node_cons: 19136.352250074506
tot_aggregated_send: 12180
tot_msg_rcv: 737
tot_msg_sent: 1578
tot_reconf_duration: 11.31
tot_sleeping_duration: 915210.7412800041
tot_uptimes: 239
tot_uptimes_duration: 14280.054719995882
