comms_cons: 94.19503359055872
finished_reconf: true
global_termination_time: 927915.014
local_termination_time: 533433.9529599976
node_cons: 19048.00278670093
tot_aggregated_send: 12470
tot_msg_rcv: 571
tot_msg_sent: 1276
tot_reconf_duration: 5.43
tot_sleeping_duration: 913694.9775200142
tot_uptimes: 238
tot_uptimes_duration: 14220.036479985807
