comms_cons: 179.59900159108273
finished_reconf: true
global_termination_time: 1802022.774
local_termination_time: 514554.23440000036
node_cons: 37043.665799999835
tot_aggregated_send: 25578
tot_msg_rcv: 564
tot_msg_sent: 1156
tot_reconf_duration: 5.1
tot_sleeping_duration: 1774362.774
tot_uptimes: 462
tot_uptimes_duration: 27660.0
