comms_cons: 178.7700223941113
finished_reconf: true
global_termination_time: 1801793.111
local_termination_time: 992541.3653599999
node_cons: 37054.62485999992
tot_aggregated_send: 25868
tot_msg_rcv: 446
tot_msg_sent: 858
tot_reconf_duration: 13.17
tot_sleeping_duration: 1774133.111
tot_uptimes: 462
tot_uptimes_duration: 27660.0
