comms_cons: 185.1650047792041
finished_reconf: true
global_termination_time: 1804470.793
local_termination_time: 421359.47036000004
node_cons: 37123.71781451868
tot_aggregated_send: 24360
tot_msg_rcv: 1335
tot_msg_sent: 2449
tot_reconf_duration: 4.8100000000000005
tot_sleeping_duration: 1776750.7139600308
tot_uptimes: 463
tot_uptimes_duration: 27720.07903996925
