comms_cons: 184.09205118182788
finished_reconf: true
global_termination_time: 1801919.546
local_termination_time: 336156.68536000006
node_cons: 37047.4165478269
tot_aggregated_send: 24186
tot_msg_rcv: 1238
tot_msg_sent: 2556
tot_reconf_duration: 7.819999999999999
tot_sleeping_duration: 1774259.5034400097
tot_uptimes: 462
tot_uptimes_duration: 27660.04255999031
