comms_cons: 31.099878399920684
finished_reconf: true
global_termination_time: 11924.902240000003
local_termination_time: 274.5740399999999
node_cons: 3259.634437480012
tot_aggregated_send: 0
tot_msg_rcv: 2436
tot_msg_sent: 2290
tot_reconf_duration: 18.21
tot_sleeping_duration: 9508.990919999995
tot_uptimes: 37
tot_uptimes_duration: 2415.9113200000083
