comms_cons: 2.6119423999913685
finished_reconf: true
global_termination_time: 14021.632
local_termination_time: 10031.552359999998
node_cons: 248.39393999999794
tot_aggregated_send: 0
tot_msg_rcv: 228
tot_msg_sent: 169
tot_reconf_duration: 5.43
tot_sleeping_duration: 13841.632
tot_uptimes: 4
tot_uptimes_duration: 180.0
