comms_cons: 134.63674879738053
finished_reconf: true
global_termination_time: 1385168.545
local_termination_time: 564022.1119999981
node_cons: 28451.491165114378
tot_aggregated_send: 19604
tot_msg_rcv: 285
tot_msg_sent: 575
tot_reconf_duration: 7.819999999999999
tot_sleeping_duration: 1363928.1629200042
tot_uptimes: 355
tot_uptimes_duration: 21240.382079995703
