comms_cons: 362.00697590858533
finished_reconf: true
global_termination_time: 792207.266
local_termination_time: 270672.88948000007
node_cons: 48316.29640571908
tot_aggregated_send: 0
tot_msg_rcv: 22176
tot_msg_sent: 32847
tot_reconf_duration: 18.21
tot_sleeping_duration: 756141.8685200001
tot_uptimes: 595
tot_uptimes_duration: 36065.39747999974
