comms_cons: 147.5908479630086
finished_reconf: true
global_termination_time: 793839.085
local_termination_time: 274865.8503600001
node_cons: 16339.80312335975
tot_aggregated_send: 0
tot_msg_rcv: 11368
tot_msg_sent: 11065
tot_reconf_duration: 22.65
tot_sleeping_duration: 781659.0667600002
tot_uptimes: 204
tot_uptimes_duration: 12180.018239999772
