comms_cons: 147.81320956268357
finished_reconf: true
global_termination_time: 795275.951
local_termination_time: 270661.53060000006
node_cons: 16319.647701121465
tot_aggregated_send: 0
tot_msg_rcv: 11354
tot_msg_sent: 11112
tot_reconf_duration: 7.819999999999999
tot_sleeping_duration: 783095.9449199989
tot_uptimes: 204
tot_uptimes_duration: 12180.006080001069
