comms_cons: 80.83170559708716
finished_reconf: true
global_termination_time: 791892.348
local_termination_time: 89881.46403999956
node_cons: 16236.119068962284
tot_aggregated_send: 10208
tot_msg_rcv: 674
tot_msg_sent: 1404
tot_reconf_duration: 5.43
tot_sleeping_duration: 779772.2993599983
tot_uptimes: 203
tot_uptimes_duration: 12120.048640001682
