comms_cons: 32.96241919992399
finished_reconf: true
global_termination_time: 15162.623360000003
local_termination_time: 1841.9180400000014
node_cons: 4554.760227880047
tot_aggregated_send: 0
tot_msg_rcv: 2466
tot_msg_sent: 2544
tot_reconf_duration: 18.21
tot_sleeping_duration: 11779.47843999997
tot_uptimes: 51
tot_uptimes_duration: 3383.1449200000325
