comms_cons: 2.1783423999953313
finished_reconf: true
global_termination_time: 15162.074480000001
local_termination_time: 15162.033360000001
node_cons: 292.78504984000716
tot_aggregated_send: 0
tot_msg_rcv: 162
tot_msg_sent: 168
tot_reconf_duration: 24.59
tot_sleeping_duration: 14968.353919999996
tot_uptimes: 4
tot_uptimes_duration: 193.7205600000052
