comms_cons: 517.7896192619077
finished_reconf: true
global_termination_time: 5260777.054
local_termination_time: 2994424.8943600003
node_cons: 108226.53266334857
tot_aggregated_send: 73138
tot_msg_rcv: 1848
tot_msg_sent: 3715
tot_reconf_duration: 6.279999999999999
tot_sleeping_duration: 5179957.035760006
tot_uptimes: 1348
tot_uptimes_duration: 80820.0182399936
