comms_cons: 513.3175616316622
finished_reconf: true
global_termination_time: 5259335.349
local_termination_time: 3050229.4633600004
node_cons: 108145.22034223148
tot_aggregated_send: 73428
tot_msg_rcv: 1633
tot_msg_sent: 2960
tot_reconf_duration: 5.57
tot_sleeping_duration: 5178575.336840005
tot_uptimes: 1347
tot_uptimes_duration: 80760.01215999573
