comms_cons: 11.659596800017251
finished_reconf: true
global_termination_time: 108077.583
local_termination_time: 44255.44108000012
node_cons: 2187.097424477742
tot_aggregated_send: 812
tot_msg_rcv: 294
tot_msg_sent: 666
tot_reconf_duration: 13.17
tot_sleeping_duration: 106457.55868000169
tot_uptimes: 28
tot_uptimes_duration: 1620.024319998316
