comms_cons: 148.42737919439082
finished_reconf: true
global_termination_time: 1515893.343
local_termination_time: 4214.524
node_cons: 31204.403360000048
tot_aggregated_send: 21379
tot_msg_rcv: 423
tot_msg_sent: 758
tot_reconf_duration: 23.919999999999998
tot_sleeping_duration: 1492613.343
tot_uptimes: 389
tot_uptimes_duration: 23280.0
