comms_cons: 149.82086399510197
finished_reconf: true
global_termination_time: 1518582.147
local_termination_time: 6965.192999999999
node_cons: 31181.542781119202
tot_aggregated_send: 21510
tot_msg_rcv: 426
tot_msg_sent: 835
tot_reconf_duration: 7.08
tot_sleeping_duration: 1495302.1409200006
tot_uptimes: 389
tot_uptimes_duration: 23280.006079999366
