comms_cons: 140.46184961984852
finished_reconf: true
global_termination_time: 480411.36240000045
local_termination_time: 3043.1590400000014
node_cons: 19642.752857122752
tot_aggregated_send: 0
tot_msg_rcv: 7192
tot_msg_sent: 14156
tot_reconf_duration: 6.22
tot_sleeping_duration: 465747.9523199984
tot_uptimes: 241
tot_uptimes_duration: 14663.410080002039
