comms_cons: 308.9263357697462
finished_reconf: true
global_termination_time: 1566455.662
local_termination_time: 378421.24248
node_cons: 32224.829607990046
tot_aggregated_send: 0
tot_msg_rcv: 23695
tot_msg_sent: 23260
tot_reconf_duration: 6.22
tot_sleeping_duration: 1542395.6300000076
tot_uptimes: 402
tot_uptimes_duration: 24060.031999992556
