comms_cons: 46.89169280232374
finished_reconf: true
global_termination_time: 218353.051
local_termination_time: 1931.9023600000003
node_cons: 4443.478026726024
tot_aggregated_send: 0
tot_msg_rcv: 3912
tot_msg_sent: 3210
tot_reconf_duration: 18.21
tot_sleeping_duration: 215053.01451999552
tot_uptimes: 56
tot_uptimes_duration: 3300.036480004497
