comms_cons: 23.159411200759926
finished_reconf: true
global_termination_time: 215178.923
local_termination_time: 8646.8416
node_cons: 4427.244522242863
tot_aggregated_send: 2668
tot_msg_rcv: 332
tot_msg_sent: 521
tot_reconf_duration: 6.279999999999999
tot_sleeping_duration: 211878.91083999787
tot_uptimes: 56
tot_uptimes_duration: 3300.0121600021375
