comms_cons: 21.31002880012109
finished_reconf: true
global_termination_time: 212979.943
local_termination_time: 90185.47047999995
node_cons: 4372.717399999988
tot_aggregated_send: 2958
tot_msg_rcv: 127
tot_msg_sent: 154
tot_reconf_duration: 25.299999999999997
tot_sleeping_duration: 209739.943
tot_uptimes: 55
tot_uptimes_duration: 3240.0
