comms_cons: 405.1376768391143
finished_reconf: true
global_termination_time: 4035909.876
local_termination_time: 1276349.8971199978
node_cons: 82995.41074669987
tot_aggregated_send: 55738
tot_msg_rcv: 2120
tot_msg_sent: 3719
tot_reconf_duration: 3.05
tot_sleeping_duration: 3973929.8395200134
tot_uptimes: 1034
tot_uptimes_duration: 61980.03647998674
