comms_cons: 402.2219584475492
finished_reconf: true
global_termination_time: 4037315.417
local_termination_time: 1464547.1635999999
node_cons: 82999.71774909708
tot_aggregated_send: 55738
tot_msg_rcv: 1850
tot_msg_sent: 3546
tot_reconf_duration: 6.22
tot_sleeping_duration: 3975335.3789200154
tot_uptimes: 1034
tot_uptimes_duration: 61980.038079984486
