comms_cons: 397.5810560214454
finished_reconf: true
global_termination_time: 4037234.865
local_termination_time: 1690077.2045199983
node_cons: 83006.61968558338
tot_aggregated_send: 56260
tot_msg_rcv: 1444
tot_msg_sent: 2726
tot_reconf_duration: 11.31
tot_sleeping_duration: 3975254.8346000114
tot_uptimes: 1034
tot_uptimes_duration: 61980.030399989104
