comms_cons: 285.6346496155964
finished_reconf: true
global_termination_time: 2809792.743
local_termination_time: 2653019.0566000007
node_cons: 57853.352663350444
tot_aggregated_send: 38744
tot_msg_rcv: 1653
tot_msg_sent: 3018
tot_reconf_duration: 6.279999999999999
tot_sleeping_duration: 2766592.7247600066
tot_uptimes: 720
tot_uptimes_duration: 43200.01823999337
