comms_cons: 282.6095360095181
finished_reconf: true
global_termination_time: 2809523.21
local_termination_time: 2643077.0934800003
node_cons: 57865.33566223308
tot_aggregated_send: 39208
tot_msg_rcv: 1204
tot_msg_sent: 2543
tot_reconf_duration: 15.110000000000001
tot_sleeping_duration: 2766323.1978400047
tot_uptimes: 720
tot_uptimes_duration: 43200.01215999527
