comms_cons: 283.45453441942294
finished_reconf: true
global_termination_time: 2808932.785
local_termination_time: 973733.76036
node_cons: 57854.07507117381
tot_aggregated_send: 39034
tot_msg_rcv: 1314
tot_msg_sent: 2736
tot_reconf_duration: 6.77
tot_sleeping_duration: 2765732.724200019
tot_uptimes: 720
tot_uptimes_duration: 43200.06079998118
