comms_cons: 284.9628224163572
finished_reconf: true
global_termination_time: 2809923.35
local_termination_time: 281749.12700000085
node_cons: 57856.87306965077
tot_aggregated_send: 38628
tot_msg_rcv: 1545
tot_msg_sent: 3140
tot_reconf_duration: 8.129999999999999
tot_sleeping_duration: 2766722.5788800213
tot_uptimes: 720
tot_uptimes_duration: 43200.77111997898
