comms_cons: 284.0040576173786
finished_reconf: true
global_termination_time: 2809676.165
local_termination_time: 172633.12380000026
node_cons: 57849.444291177104
tot_aggregated_send: 38976
tot_msg_rcv: 1396
tot_msg_sent: 2797
tot_reconf_duration: 3.3600000000000003
tot_sleeping_duration: 2766476.1042000167
tot_uptimes: 720
tot_uptimes_duration: 43200.06079998368
