comms_cons: 285.76647042184874
finished_reconf: true
global_termination_time: 2808339.019
local_termination_time: 484947.6183200007
node_cons: 57849.007028935266
tot_aggregated_send: 38860
tot_msg_rcv: 1666
tot_msg_sent: 2908
tot_reconf_duration: 3.05
tot_sleeping_duration: 2765138.970360018
tot_uptimes: 720
tot_uptimes_duration: 43200.04863998224
