comms_cons: 284.0510080157467
finished_reconf: true
global_termination_time: 2809947.962
local_termination_time: 1605251.7123599998
node_cons: 57853.29560670087
tot_aggregated_send: 39092
tot_msg_rcv: 1411
tot_msg_sent: 2671
tot_reconf_duration: 6.22
tot_sleeping_duration: 2766747.9255200136
tot_uptimes: 720
tot_uptimes_duration: 43200.036479986506
