comms_cons: 213.07397118289785
finished_reconf: true
global_termination_time: 2120060.367
local_termination_time: 626834.7783599999
node_cons: 43575.09568781744
tot_aggregated_send: 29290
tot_msg_rcv: 1162
tot_msg_sent: 1934
tot_reconf_duration: 22.65
tot_sleeping_duration: 2087540.3244400166
tot_uptimes: 543
tot_uptimes_duration: 32520.04255998344
