comms_cons: 213.8216063812311
finished_reconf: true
global_termination_time: 2122587.706
local_termination_time: 389277.59436
node_cons: 43630.638607817345
tot_aggregated_send: 29174
tot_msg_rcv: 1112
tot_msg_sent: 2214
tot_reconf_duration: 4.390000000000001
tot_sleeping_duration: 2090007.6634400163
tot_uptimes: 544
tot_uptimes_duration: 32580.04255998344
