comms_cons: 193.37647357438536
finished_reconf: true
global_termination_time: 665930.567
local_termination_time: 302131.02240000083
node_cons: 27095.667222000164
tot_aggregated_send: 0
tot_msg_rcv: 9858
tot_msg_sent: 19534
tot_reconf_duration: 11.31
tot_sleeping_duration: 645706.289
tot_uptimes: 334
tot_uptimes_duration: 20224.278000000093
