comms_cons: 297.63139178247553
finished_reconf: true
global_termination_time: 2187628.807
local_termination_time: 1154048.04048
node_cons: 44996.948262233265
tot_aggregated_send: 0
tot_msg_rcv: 22729
tot_msg_sent: 22509
tot_reconf_duration: 4.8100000000000005
tot_sleeping_duration: 2154028.7948400048
tot_uptimes: 561
tot_uptimes_duration: 33600.01215999527
