comms_cons: 292.8890752219162
finished_reconf: true
global_termination_time: 2909296.897
local_termination_time: 426646.83464000036
node_cons: 59887.69810558397
tot_aggregated_send: 41180
tot_msg_rcv: 1321
tot_msg_sent: 2017
tot_reconf_duration: 25.299999999999997
tot_sleeping_duration: 2864596.866600011
tot_uptimes: 746
tot_uptimes_duration: 44700.03039998887
