comms_cons: 290.84634881277015
finished_reconf: true
global_termination_time: 2906891.629
local_termination_time: 366727.88748000003
node_cons: 59797.17849065427
tot_aggregated_send: 41296
tot_msg_rcv: 1052
tot_msg_sent: 1859
tot_reconf_duration: 13.17
tot_sleeping_duration: 2862246.8988800184
tot_uptimes: 745
tot_uptimes_duration: 44644.73011998163
