comms_cons: 287.98323839558884
finished_reconf: true
global_termination_time: 2910447.302
local_termination_time: 1577262.5443599997
node_cons: 59860.698363349286
tot_aggregated_send: 40484
tot_msg_rcv: 1082
tot_msg_sent: 2205
tot_reconf_duration: 5.43
tot_sleeping_duration: 2865747.2837600075
tot_uptimes: 746
tot_uptimes_duration: 44700.0182399929
