comms_cons: 406.9434560780251
finished_reconf: true
global_termination_time: 4039478.105
local_termination_time: 445313.84436000005
node_cons: 83105.97438781663
tot_aggregated_send: 55912
tot_msg_rcv: 1895
tot_msg_sent: 4046
tot_reconf_duration: 25.299999999999997
tot_sleeping_duration: 3977438.062440016
tot_uptimes: 1035
tot_uptimes_duration: 62040.04255998414
