comms_cons: 404.6963456432975
finished_reconf: true
global_termination_time: 4036436.791
local_termination_time: 1033750.5163599999
node_cons: 82995.41074669956
tot_aggregated_send: 56550
tot_msg_rcv: 1591
tot_msg_sent: 3371
tot_reconf_duration: 3.05
tot_sleeping_duration: 3974456.754520014
tot_uptimes: 1034
tot_uptimes_duration: 61980.03647998627
