comms_cons: 404.9104064394435
finished_reconf: true
global_termination_time: 4038580.555
local_termination_time: 947868.25536
node_cons: 83082.23654781673
tot_aggregated_send: 56608
tot_msg_rcv: 1570
tot_msg_sent: 3366
tot_reconf_duration: 7.819999999999999
tot_sleeping_duration: 3976540.512440016
tot_uptimes: 1035
tot_uptimes_duration: 62040.04255998414
