comms_cons: 404.99189125212445
finished_reconf: true
global_termination_time: 4035721.948
local_termination_time: 789295.9773599998
node_cons: 82998.66721005084
tot_aggregated_send: 56782
tot_msg_rcv: 1636
tot_msg_sent: 3138
tot_reconf_duration: 5.43
tot_sleeping_duration: 3973741.89328002
tot_uptimes: 1034
tot_uptimes_duration: 61980.054719979875
