comms_cons: 36.31123200134765
finished_reconf: true
global_termination_time: 348031.853
local_termination_time: 137795.76796000014
node_cons: 7157.650222240579
tot_aggregated_send: 4524
tot_msg_rcv: 362
tot_msg_sent: 633
tot_reconf_duration: 5.43
tot_sleeping_duration: 342691.84083999955
tot_uptimes: 90
tot_uptimes_duration: 5340.012160000435
