comms_cons: 397.0619264333658
finished_reconf: true
global_termination_time: 3992895.551
local_termination_time: 2297784.94536
node_cons: 82125.42998893405
tot_aggregated_send: 55274
tot_msg_rcv: 1713
tot_msg_sent: 3365
tot_reconf_duration: 13.17
tot_sleeping_duration: 3931575.5023600175
tot_uptimes: 1023
tot_uptimes_duration: 61320.04863998224
