comms_cons: 397.6647296368483
finished_reconf: true
global_termination_time: 3997219.238
local_termination_time: 2282181.45048
node_cons: 82192.05148670026
tot_aggregated_send: 56086
tot_msg_rcv: 1446
tot_msg_sent: 2910
tot_reconf_duration: 3.08
tot_sleeping_duration: 3935839.201520013
tot_uptimes: 1024
tot_uptimes_duration: 61380.03647998674
