comms_cons: 403.0483712528046
finished_reconf: true
global_termination_time: 3993727.91
local_termination_time: 1184928.1434799999
node_cons: 82119.90836781745
tot_aggregated_send: 54984
tot_msg_rcv: 1983
tot_msg_sent: 4294
tot_reconf_duration: 9.11
tot_sleeping_duration: 3932407.8674400155
tot_uptimes: 1023
tot_uptimes_duration: 61320.042559984606
