comms_cons: 396.0567296598865
finished_reconf: true
global_termination_time: 3992631.734
local_termination_time: 1592274.4983599999
node_cons: 82118.13212446628
tot_aggregated_send: 55158
tot_msg_rcv: 1671
tot_msg_sent: 3369
tot_reconf_duration: 7.819999999999999
tot_sleeping_duration: 3931311.709680009
tot_uptimes: 1023
tot_uptimes_duration: 61320.02431999124
