comms_cons: 145.2833791913805
finished_reconf: true
global_termination_time: 1478433.921
local_termination_time: 372014.2784800001
node_cons: 30379.139560000058
tot_aggregated_send: 20474
tot_msg_rcv: 596
tot_msg_sent: 1012
tot_reconf_duration: 7.819999999999999
tot_sleeping_duration: 1455753.921
tot_uptimes: 379
tot_uptimes_duration: 22680.0
