comms_cons: 169.83449598431108
finished_reconf: true
global_termination_time: 1701618.877
local_termination_time: 533286.7578799991
node_cons: 34978.69940558415
tot_aggregated_send: 23490
tot_msg_rcv: 623
tot_msg_sent: 1701
tot_reconf_duration: 22.65
tot_sleeping_duration: 1675518.846600012
tot_uptimes: 436
tot_uptimes_duration: 26100.030399988173
