comms_cons: 263.3390591999998
finished_reconf: true
global_termination_time: 2808299.535
local_termination_time: 4463.461
node_cons: 57850.68013999896
tot_aggregated_send: 40018
tot_msg_rcv: 5
tot_msg_sent: 3
tot_reconf_duration: 4.33
tot_sleeping_duration: 2765099.535
tot_uptimes: 720
tot_uptimes_duration: 43200.0
