comms_cons: 88.07575039972079
finished_reconf: true
global_termination_time: 893276.275
local_termination_time: 566670.8155999999
node_cons: 18333.680200000057
tot_aggregated_send: 12470
tot_msg_rcv: 261
tot_msg_sent: 656
tot_reconf_duration: 11.899999999999999
tot_sleeping_duration: 879596.275
tot_uptimes: 229
tot_uptimes_duration: 13680.0
