comms_cons: 89.9684735933964
finished_reconf: true
global_termination_time: 893819.876
local_termination_time: 301957.9318000007
node_cons: 18332.944108943877
tot_aggregated_send: 11368
tot_msg_rcv: 795
tot_msg_sent: 1511
tot_reconf_duration: 11.31
tot_sleeping_duration: 880139.8273600121
tot_uptimes: 229
tot_uptimes_duration: 13680.048639987945
