comms_cons: 308.55079037266995
finished_reconf: true
global_termination_time: 639090.4965999998
local_termination_time: 639090.4554799999
node_cons: 38755.001151240256
tot_aggregated_send: 0
tot_msg_rcv: 18961
tot_msg_sent: 27937
tot_reconf_duration: 24.59
tot_sleeping_duration: 610172.1934399995
tot_uptimes: 474
tot_uptimes_duration: 28918.303160000323
