comms_cons: 66.57931519684291
finished_reconf: true
global_termination_time: 641483.797
local_termination_time: 332614.619
node_cons: 13197.06829687795
tot_aggregated_send: 8281
tot_msg_rcv: 614
tot_msg_sent: 1229
tot_reconf_duration: 15.34
tot_sleeping_duration: 631643.4410800016
tot_uptimes: 165
tot_uptimes_duration: 9840.35591999843
