comms_cons: 64.5761024008155
finished_reconf: true
global_termination_time: 642101.034
local_termination_time: 296139.73136000003
node_cons: 13182.69613708263
tot_aggregated_send: 8700
tot_msg_rcv: 305
tot_msg_sent: 811
tot_reconf_duration: 5.1
tot_sleeping_duration: 632261.026279998
tot_uptimes: 165
tot_uptimes_duration: 9840.007720001973
