comms_cons: 66.5254015989662
finished_reconf: true
global_termination_time: 641472.201
local_termination_time: 389298.63536
node_cons: 13210.141823359696
tot_aggregated_send: 8236
tot_msg_rcv: 617
tot_msg_sent: 1259
tot_reconf_duration: 25.299999999999997
tot_sleeping_duration: 631632.1827600002
tot_uptimes: 165
tot_uptimes_duration: 9840.018239999772
