comms_cons: 66.33807359884342
finished_reconf: true
global_termination_time: 640114.695
local_termination_time: 406637.57748000004
node_cons: 13113.321142238261
tot_aggregated_send: 8352
tot_msg_rcv: 638
tot_msg_sent: 1093
tot_reconf_duration: 13.17
tot_sleeping_duration: 630334.6828400012
tot_uptimes: 164
tot_uptimes_duration: 9780.012159998703
