comms_cons: 340.8617727974577
finished_reconf: true
global_termination_time: 3501780.668
local_termination_time: 2271277.93636
node_cons: 71991.5739411153
tot_aggregated_send: 48952
tot_msg_rcv: 732
tot_msg_sent: 2125
tot_reconf_duration: 5.1
tot_sleeping_duration: 3448020.661920002
tot_uptimes: 897
tot_uptimes_duration: 53760.006079997635
