comms_cons: 351.6845568309147
finished_reconf: true
global_termination_time: 3500054.2301199967
local_termination_time: 159046.3594400002
node_cons: 72037.15712861369
tot_aggregated_send: 48604
tot_msg_rcv: 1551
tot_msg_sent: 3299
tot_reconf_duration: 22.65
tot_sleeping_duration: 3446277.9803600153
tot_uptimes: 897
tot_uptimes_duration: 53776.24975998158
