comms_cons: 350.40037121058594
finished_reconf: true
global_termination_time: 3502291.801
local_termination_time: 171893.69836000004
node_cons: 71991.2289678214
tot_aggregated_send: 47908
tot_msg_rcv: 1687
tot_msg_sent: 3663
tot_reconf_duration: 4.8100000000000005
tot_sleeping_duration: 3448531.7584400126
tot_uptimes: 897
tot_uptimes_duration: 53760.04255998734
