comms_cons: 1.723750399994305
finished_reconf: true
global_termination_time: 18928.839
local_termination_time: 6260.482360000001
node_cons: 329.80676000000034
tot_aggregated_send: 0
tot_msg_rcv: 149
tot_msg_sent: 113
tot_reconf_duration: 6.22
tot_sleeping_duration: 18688.839
tot_uptimes: 5
tot_uptimes_duration: 240.0
