comms_cons: 53.3248320006693
finished_reconf: true
global_termination_time: 526528.23236
local_termination_time: 26718.7246
node_cons: 10821.753383525738
tot_aggregated_send: 7192
tot_msg_rcv: 345
tot_msg_sent: 567
tot_reconf_duration: 25.299999999999997
tot_sleeping_duration: 518471.92467999575
tot_uptimes: 135
tot_uptimes_duration: 8056.307680004276
