comms_cons: 54.819244800887844
finished_reconf: true
global_termination_time: 529812.027
local_termination_time: 389511.94976000045
node_cons: 10850.05818224294
tot_aggregated_send: 7018
tot_msg_rcv: 499
tot_msg_sent: 816
tot_reconf_duration: 3.05
tot_sleeping_duration: 521712.01483999786
tot_uptimes: 136
tot_uptimes_duration: 8100.0121600021375
