comms_cons: 56.56018560159281
finished_reconf: true
global_termination_time: 530710.306
local_termination_time: 1556.4079200000015
node_cons: 10854.387465604888
tot_aggregated_send: 6380
tot_msg_rcv: 761
tot_msg_sent: 1455
tot_reconf_duration: 6.22
tot_sleeping_duration: 522610.2755999964
tot_uptimes: 136
tot_uptimes_duration: 8100.030400003641
