comms_cons: 1.940863999997808
finished_reconf: true
global_termination_time: 18408.939
local_termination_time: 11180.35
node_cons: 370.4442540000065
tot_aggregated_send: 0
tot_msg_rcv: 182
tot_msg_sent: 113
tot_reconf_duration: 22.65
tot_sleeping_duration: 18155.252999999997
tot_uptimes: 5
tot_uptimes_duration: 253.68600000000424
