comms_cons: 747.6611915407966
finished_reconf: true
global_termination_time: 3801212.277
local_termination_time: 2500.037040000001
node_cons: 78195.60616782177
tot_aggregated_send: 0
tot_msg_rcv: 57213
tot_msg_sent: 56425
tot_reconf_duration: 18.21
tot_sleeping_duration: 3742832.234440012
tot_uptimes: 974
tot_uptimes_duration: 58380.04255998781
