comms_cons: 371.73512960490785
finished_reconf: true
global_termination_time: 3802187.703
local_termination_time: 1921877.005479999
node_cons: 78191.67614334964
tot_aggregated_send: 52896
tot_msg_rcv: 1227
tot_msg_sent: 2379
tot_reconf_duration: 15.34
tot_sleeping_duration: 3743807.6847600066
tot_uptimes: 974
tot_uptimes_duration: 58380.0182399936
