comms_cons: 369.99434879147583
finished_reconf: true
global_termination_time: 3801999.512
local_termination_time: 2182352.5753599997
node_cons: 78205.17739999783
tot_aggregated_send: 53302
tot_msg_rcv: 931
tot_msg_sent: 2003
tot_reconf_duration: 25.299999999999997
tot_sleeping_duration: 3743619.512
tot_uptimes: 974
tot_uptimes_duration: 58380.0
