comms_cons: 373.21531520209186
finished_reconf: true
global_termination_time: 3798849.122
local_termination_time: 1779702.2503599997
node_cons: 78097.87836334914
tot_aggregated_send: 53244
tot_msg_rcv: 1255
tot_msg_sent: 2227
tot_reconf_duration: 5.43
tot_sleeping_duration: 3740529.1037600064
tot_uptimes: 973
tot_uptimes_duration: 58320.01823999337
