comms_cons: 283.0163648186681
finished_reconf: true
global_termination_time: 2808344.175
local_termination_time: 1009518.4685599984
node_cons: 57851.77464670485
tot_aggregated_send: 39208
tot_msg_rcv: 1252
tot_msg_sent: 2556
tot_reconf_duration: 5.1
tot_sleeping_duration: 2765144.1385200103
tot_uptimes: 720
tot_uptimes_duration: 43200.036479989474
