comms_cons: 284.3298112153489
finished_reconf: true
global_termination_time: 2809000.619
local_termination_time: 1384255.6193599997
node_cons: 57865.37636781757
tot_aggregated_send: 38802
tot_msg_rcv: 1462
tot_msg_sent: 2952
tot_reconf_duration: 15.110000000000001
tot_sleeping_duration: 2765800.576440016
tot_uptimes: 720
tot_uptimes_duration: 43200.04255998414
