comms_cons: 284.88630402928146
finished_reconf: true
global_termination_time: 2808492.0
local_termination_time: 1511442.6754399987
node_cons: 57870.227164467804
tot_aggregated_send: 38860
tot_msg_rcv: 1552
tot_msg_sent: 2889
tot_reconf_duration: 18.700000000000003
tot_sleeping_duration: 2765291.9756800085
tot_uptimes: 720
tot_uptimes_duration: 43200.02431999147
