comms_cons: 282.9048768145199
finished_reconf: true
global_termination_time: 2810544.67
local_termination_time: 1810925.3753199996
node_cons: 57860.98462335029
tot_aggregated_send: 39266
tot_msg_rcv: 1244
tot_msg_sent: 2489
tot_reconf_duration: 11.899999999999999
tot_sleeping_duration: 2767344.6517600063
tot_uptimes: 720
tot_uptimes_duration: 43200.01823999337
