comms_cons: 279.58310401195104
finished_reconf: false
global_termination_time: 2811176.059
local_termination_time: 0
node_cons: 57844.79999999896
tot_aggregated_send: 40136
tot_msg_rcv: 735
tot_msg_sent: 1624
tot_reconf_duration: 0
tot_sleeping_duration: 2767976.059
tot_uptimes: 720
tot_uptimes_duration: 43200.0
