comms_cons: 283.14786562499097
finished_reconf: true
global_termination_time: 2810763.712
local_termination_time: 2020953.6754799997
node_cons: 57853.27932446689
tot_aggregated_send: 39150
tot_msg_rcv: 1275
tot_msg_sent: 2611
tot_reconf_duration: 6.22
tot_sleeping_duration: 2767563.687680009
tot_uptimes: 720
tot_uptimes_duration: 43200.024319991004
