comms_cons: 284.51949441795017
finished_reconf: true
global_termination_time: 2808092.059
local_termination_time: 1892678.6303599998
node_cons: 57860.20782670067
tot_aggregated_send: 38860
tot_msg_rcv: 1487
tot_msg_sent: 2900
tot_reconf_duration: 11.31
tot_sleeping_duration: 2764892.0225200136
tot_uptimes: 720
tot_uptimes_duration: 43200.03647998627
