comms_cons: 2.3092991999965533
finished_reconf: true
global_termination_time: 16239.554
local_termination_time: 5420.22036
node_cons: 328.2858000000005
tot_aggregated_send: 0
tot_msg_rcv: 178
tot_msg_sent: 173
tot_reconf_duration: 5.1
tot_sleeping_duration: 15999.554
tot_uptimes: 5
tot_uptimes_duration: 240.0
