comms_cons: 21.555340799325254
finished_reconf: true
global_termination_time: 102968.94671999995
local_termination_time: 102968.90559999995
node_cons: 2140.7180614396525
tot_aggregated_send: 0
tot_msg_rcv: 1755
tot_msg_sent: 1521
tot_reconf_duration: 24.59
tot_sleeping_duration: 101395.1417600002
tot_uptimes: 27
tot_uptimes_duration: 1573.8049599997466
