comms_cons: 105.27231361484145
finished_reconf: true
global_termination_time: 515029.7416000002
local_termination_time: 279.7470399999998
node_cons: 10569.911739614567
tot_aggregated_send: 0
tot_msg_rcv: 8382
tot_msg_sent: 7611
tot_reconf_duration: 18.21
tot_sleeping_duration: 507154.3251999893
tot_uptimes: 132
tot_uptimes_duration: 7875.416400010872
