comms_cons: 51.811827200526835
finished_reconf: true
global_termination_time: 516699.784
local_termination_time: 10310.696
node_cons: 10661.00150240002
tot_aggregated_send: 7306
tot_msg_rcv: 223
tot_msg_sent: 347
tot_reconf_duration: 22.65
tot_sleeping_duration: 508760.84239999996
tot_uptimes: 133
tot_uptimes_duration: 7938.941600000005
