comms_cons: 51.817779200685514
finished_reconf: true
global_termination_time: 516345.358
local_termination_time: 107192.86883999992
node_cons: 10609.021899999998
tot_aggregated_send: 7250
tot_msg_rcv: 222
tot_msg_sent: 404
tot_reconf_duration: 3.05
tot_sleeping_duration: 508425.358
tot_uptimes: 133
tot_uptimes_duration: 7920.0
