comms_cons: 262.13506559563433
finished_reconf: true
global_termination_time: 2646542.65
local_termination_time: 416500.41156000027
node_cons: 54397.768483349464
tot_aggregated_send: 36888
tot_msg_rcv: 980
tot_msg_sent: 1975
tot_reconf_duration: 5.57
tot_sleeping_duration: 2605922.6317600072
tot_uptimes: 678
tot_uptimes_duration: 40620.01823999279
