comms_cons: 259.9761151831294
finished_reconf: true
global_termination_time: 2644920.234
local_termination_time: 746280.3023599999
node_cons: 54396.18232558329
tot_aggregated_send: 36250
tot_msg_rcv: 1054
tot_msg_sent: 2211
tot_reconf_duration: 4.390000000000001
tot_sleeping_duration: 2604300.203600012
tot_uptimes: 678
tot_uptimes_duration: 40620.03039998817
