comms_cons: 74.97559039678306
finished_reconf: true
global_termination_time: 756221.942
local_termination_time: 4494.7699999999995
node_cons: 15535.077722242882
tot_aggregated_send: 10477
tot_msg_rcv: 292
tot_msg_sent: 627
tot_reconf_duration: 21.68
tot_sleeping_duration: 744641.9298399979
tot_uptimes: 194
tot_uptimes_duration: 11580.012160002138
