comms_cons: 75.27920640083654
finished_reconf: true
global_termination_time: 760938.755
local_termination_time: 4400.163
node_cons: 15596.237323362036
tot_aggregated_send: 10722
tot_msg_rcv: 214
tot_msg_sent: 506
tot_reconf_duration: 7.55
tot_sleeping_duration: 749298.7367599985
tot_uptimes: 195
tot_uptimes_duration: 11640.018240001504
