comms_cons: 74.00284159990593
finished_reconf: true
global_termination_time: 758418.055
local_termination_time: 7361.296
node_cons: 15601.900183364354
tot_aggregated_send: 10776
tot_msg_rcv: 127
tot_msg_sent: 345
tot_reconf_duration: 11.719999999999999
tot_sleeping_duration: 746778.0367599969
tot_uptimes: 195
tot_uptimes_duration: 11640.018240003235
