comms_cons: 71.98960639943036
finished_reconf: true
global_termination_time: 757167.565
local_termination_time: 5509.829000000001
node_cons: 15514.425244485747
tot_aggregated_send: 10027
tot_msg_rcv: 308
tot_msg_sent: 607
tot_reconf_duration: 6.46
tot_sleeping_duration: 745587.5406799957
tot_uptimes: 194
tot_uptimes_duration: 11580.024320004275
