comms_cons: 61.17305599982095
finished_reconf: true
global_termination_time: 607276.726
local_termination_time: 8111.032240000005
node_cons: 12466.662346722038
tot_aggregated_send: 8236
tot_msg_rcv: 307
tot_msg_sent: 755
tot_reconf_duration: 7.819999999999999
tot_sleeping_duration: 597974.2295199985
tot_uptimes: 156
tot_uptimes_duration: 9302.496480001508
