comms_cons: 120.16457599775985
finished_reconf: true
global_termination_time: 603713.6475999999
local_termination_time: 269.0570399999998
node_cons: 12401.384190640458
tot_aggregated_send: 0
tot_msg_rcv: 9319
tot_msg_sent: 8942
tot_reconf_duration: 6.22
tot_sleeping_duration: 594458.2798399995
tot_uptimes: 155
tot_uptimes_duration: 9255.367760000328
