comms_cons: 85.19500161004751
finished_reconf: true
global_termination_time: 394475.68880000024
local_termination_time: 394475.6476800002
node_cons: 8177.605988656381
tot_aggregated_send: 0
tot_msg_rcv: 7045
tot_msg_sent: 5906
tot_reconf_duration: 24.59
tot_sleeping_duration: 388393.37903998804
tot_uptimes: 102
tot_uptimes_duration: 6082.30976001222
