comms_cons: 41.17326080050452
finished_reconf: true
global_termination_time: 397706.153
local_termination_time: 2128.8343600000003
node_cons: 8118.49004112144
tot_aggregated_send: 5278
tot_msg_rcv: 399
tot_msg_sent: 581
tot_reconf_duration: 3.05
tot_sleeping_duration: 391646.1469199989
tot_uptimes: 102
tot_uptimes_duration: 6060.006080001069
