comms_cons: 42.01602560067012
finished_reconf: true
global_termination_time: 409702.0956400009
local_termination_time: 409702.0545200009
node_cons: 8467.656419443476
tot_aggregated_send: 5438
tot_msg_rcv: 313
tot_msg_sent: 635
tot_reconf_duration: 24.59
tot_sleeping_duration: 403403.1686799983
tot_uptimes: 105
tot_uptimes_duration: 6298.92696000258
