comms_cons: 133.6554751959676
finished_reconf: true
global_termination_time: 1347732.349
local_termination_time: 854190.1647599981
node_cons: 27730.0923600001
tot_aggregated_send: 19372
tot_msg_rcv: 312
tot_msg_sent: 630
tot_reconf_duration: 9.42
tot_sleeping_duration: 1327032.349
tot_uptimes: 346
tot_uptimes_duration: 20700.0
