comms_cons: 133.23537919591485
finished_reconf: true
global_termination_time: 1349574.755
local_termination_time: 793669.70136
node_cons: 27733.460200000067
tot_aggregated_send: 19430
tot_msg_rcv: 252
tot_msg_sent: 569
tot_reconf_duration: 11.899999999999999
tot_sleeping_duration: 1328874.755
tot_uptimes: 346
tot_uptimes_duration: 20699.999999999993
