comms_cons: 98.58862081406723
finished_reconf: true
global_termination_time: 502022.14060000016
local_termination_time: 1148.5780400000015
node_cons: 10328.818469521691
tot_aggregated_send: 0
tot_msg_rcv: 7562
tot_msg_sent: 7421
tot_reconf_duration: 18.21
tot_sleeping_duration: 494326.7789199989
tot_uptimes: 129
tot_uptimes_duration: 7695.361680001253
