comms_cons: 50.258508800455004
finished_reconf: true
global_termination_time: 504211.529
local_termination_time: 85557.91635999996
node_cons: 10372.388240000013
tot_aggregated_send: 7134
tot_msg_rcv: 162
tot_msg_sent: 343
tot_reconf_duration: 6.279999999999999
tot_sleeping_duration: 496471.529
tot_uptimes: 130
tot_uptimes_duration: 7740.0
