comms_cons: 50.44272640043189
finished_reconf: true
global_termination_time: 506715.841
local_termination_time: 215273.70732000022
node_cons: 10370.785800000021
tot_aggregated_send: 7250
tot_msg_rcv: 189
tot_msg_sent: 228
tot_reconf_duration: 5.1
tot_sleeping_duration: 498975.841
tot_uptimes: 130
tot_uptimes_duration: 7740.0
