comms_cons: 51.18022400088541
finished_reconf: true
global_termination_time: 505590.897
local_termination_time: 393107.69636
node_cons: 10372.323042242837
tot_aggregated_send: 6902
tot_msg_rcv: 299
tot_msg_sent: 579
tot_reconf_duration: 6.22
tot_sleeping_duration: 497850.88483999786
tot_uptimes: 130
tot_uptimes_duration: 7740.0121600021375
