comms_cons: 35.350041600172965
finished_reconf: true
global_termination_time: 355767.232
local_termination_time: 214045.36296000058
node_cons: 7335.677321121428
tot_aggregated_send: 4988
tot_msg_rcv: 111
tot_msg_sent: 274
tot_reconf_duration: 18.21
tot_sleeping_duration: 350307.22591999895
tot_uptimes: 92
tot_uptimes_duration: 5460.006080001069
