comms_cons: 69.31152640825657
finished_reconf: true
global_termination_time: 354646.548
local_termination_time: 593.8770399999994
node_cons: 7264.957400000008
tot_aggregated_send: 0
tot_msg_rcv: 5333
tot_msg_sent: 5202
tot_reconf_duration: 25.299999999999997
tot_sleeping_duration: 349246.548
tot_uptimes: 91
tot_uptimes_duration: 5400.0
