comms_cons: 36.192179200326585
finished_reconf: true
global_termination_time: 355737.295
local_termination_time: 72082.97015999955
node_cons: 7326.298980000025
tot_aggregated_send: 4872
tot_msg_rcv: 233
tot_msg_sent: 396
tot_reconf_duration: 11.31
tot_sleeping_duration: 350277.295
tot_uptimes: 92
tot_uptimes_duration: 5460.0
