comms_cons: 1.6776959999944572
finished_reconf: true
global_termination_time: 15140.234
local_termination_time: 9925.66036
node_cons: 251.63955999999962
tot_aggregated_send: 0
tot_msg_rcv: 132
tot_msg_sent: 123
tot_reconf_duration: 7.819999999999999
tot_sleeping_duration: 14960.234
tot_uptimes: 4
tot_uptimes_duration: 180.0
