comms_cons: 325.23856621808625
finished_reconf: true
global_termination_time: 1114746.802
local_termination_time: 185486.01160000102
node_cons: 45542.16104099926
tot_aggregated_send: 0
tot_msg_rcv: 16586
tot_msg_sent: 32848
tot_reconf_duration: 11.31
tot_sleeping_duration: 1080746.203
tot_uptimes: 561
tot_uptimes_duration: 34000.59899999981
