comms_cons: 175.26280958696236
finished_reconf: true
global_termination_time: 1740416.37936
local_termination_time: 11748.566200000001
node_cons: 35803.90282462868
tot_aggregated_send: 24186
tot_msg_rcv: 838
tot_msg_sent: 1613
tot_reconf_duration: 22.65
tot_sleeping_duration: 1713700.0656000085
tot_uptimes: 446
tot_uptimes_duration: 26716.313759991608
