comms_cons: 174.79676798898205
finished_reconf: true
global_termination_time: 1740415.8961200002
local_termination_time: 123474.87007999963
node_cons: 35787.672184152056
tot_aggregated_send: 24244
tot_msg_rcv: 757
tot_msg_sent: 1567
tot_reconf_duration: 4.8100000000000005
tot_sleeping_duration: 1713693.610680006
tot_uptimes: 446
tot_uptimes_duration: 26722.285439994128
