comms_cons: 35.343462400642956
finished_reconf: true
global_termination_time: 346557.714
local_termination_time: 158710.74936000005
node_cons: 7078.456381121436
tot_aggregated_send: 4698
tot_msg_rcv: 272
tot_msg_sent: 402
tot_reconf_duration: 6.279999999999999
tot_sleeping_duration: 341277.7079199989
tot_uptimes: 89
tot_uptimes_duration: 5280.006080001069
