comms_cons: 26.961561600099987
finished_reconf: true
global_termination_time: 270291.514
local_termination_time: 99630.35327999953
node_cons: 5558.818980000022
tot_aggregated_send: 3770
tot_msg_rcv: 106
tot_msg_sent: 222
tot_reconf_duration: 11.31
tot_sleeping_duration: 266151.514
tot_uptimes: 70
tot_uptimes_duration: 4140.0
