comms_cons: 33.883507200380265
finished_reconf: true
global_termination_time: 337297.085
local_termination_time: 26984.861640000003
node_cons: 6963.308658319745
tot_aggregated_send: 4466
tot_msg_rcv: 227
tot_msg_sent: 457
tot_reconf_duration: 25.299999999999997
tot_sleeping_duration: 332122.3641200002
tot_uptimes: 87
tot_uptimes_duration: 5174.720879999804
