comms_cons: 92.50355199926527
finished_reconf: true
global_termination_time: 939905.318
local_termination_time: 6292.496
node_cons: 19289.587742236014
tot_aggregated_send: 13624
tot_msg_rcv: 160
tot_msg_sent: 276
tot_reconf_duration: 5.87
tot_sleeping_duration: 925505.305840003
tot_uptimes: 241
tot_uptimes_duration: 14400.012159997
