comms_cons: 92.2613759979024
finished_reconf: true
global_termination_time: 940573.022
local_termination_time: 7157.241
node_cons: 19291.22278111918
tot_aggregated_send: 13390
tot_msg_rcv: 268
tot_msg_sent: 365
tot_reconf_duration: 7.08
tot_sleeping_duration: 926173.0159200006
tot_uptimes: 241
tot_uptimes_duration: 14400.006079999366
