comms_cons: 320.4306111553287
finished_reconf: true
global_termination_time: 664929.275
local_termination_time: 185828.4220400012
node_cons: 40146.44275115809
tot_aggregated_send: 0
tot_msg_rcv: 19763
tot_msg_sent: 28941
tot_reconf_duration: 18.21
tot_sleeping_duration: 634965.3365600012
tot_uptimes: 493
tot_uptimes_duration: 29963.93843999876
