comms_cons: 131.06744958198738
finished_reconf: true
global_termination_time: 664929.275
local_termination_time: 185809.75772000008
node_cons: 13688.58312335971
tot_aggregated_send: 0
tot_msg_rcv: 10075
tot_msg_sent: 9846
tot_reconf_duration: 22.65
tot_sleeping_duration: 654729.2567600003
tot_uptimes: 171
tot_uptimes_duration: 10200.018239999776
