comms_cons: 130.99255678196107
finished_reconf: true
global_termination_time: 668845.555
local_termination_time: 186404.77136000004
node_cons: 13742.281900000004
tot_aggregated_send: 0
tot_msg_rcv: 9993
tot_msg_sent: 9918
tot_reconf_duration: 3.05
tot_sleeping_duration: 658585.555
tot_uptimes: 172
tot_uptimes_duration: 10260.0
