comms_cons: 67.4834815984757
finished_reconf: true
global_termination_time: 664597.755
local_termination_time: 161320.18036000003
node_cons: 13668.435842238252
tot_aggregated_send: 9106
tot_msg_rcv: 402
tot_msg_sent: 749
tot_reconf_duration: 7.819999999999999
tot_sleeping_duration: 654397.7428400012
tot_uptimes: 171
tot_uptimes_duration: 10200.012159998703
