comms_cons: 15.941401600347515
finished_reconf: true
global_termination_time: 155411.703
local_termination_time: 46188.28972000002
node_cons: 3139.791979999998
tot_aggregated_send: 2088
tot_msg_rcv: 165
tot_msg_sent: 170
tot_reconf_duration: 4.8100000000000005
tot_sleeping_duration: 153071.703
tot_uptimes: 40
tot_uptimes_duration: 2340.0
