comms_cons: 129.97283839736087
finished_reconf: true
global_termination_time: 150734.0736000001
local_termination_time: 150734.03248000008
node_cons: 15056.637720160514
tot_aggregated_send: 0
tot_msg_rcv: 8915
tot_msg_sent: 10838
tot_reconf_duration: 24.59
tot_sleeping_duration: 139514.32415999973
tot_uptimes: 184
tot_uptimes_duration: 11219.74944000036
