comms_cons: 14.790041600083448
finished_reconf: true
global_termination_time: 150734.65180000084
local_termination_time: 45708.454
node_cons: 3140.7973989613834
tot_aggregated_send: 2137
tot_msg_rcv: 14
tot_msg_sent: 97
tot_reconf_duration: 11.31
tot_sleeping_duration: 148400.49315999978
tot_uptimes: 39
tot_uptimes_duration: 2334.1586400010347
