comms_cons: 283.04579840472513
finished_reconf: true
global_termination_time: 2886207.024
local_termination_time: 1116056.3093599998
node_cons: 59405.62554111579
tot_aggregated_send: 41412
tot_msg_rcv: 486
tot_msg_sent: 1123
tot_reconf_duration: 25.299999999999997
tot_sleeping_duration: 2841867.017920003
tot_uptimes: 740
tot_uptimes_duration: 44340.006079997635
