comms_cons: 268.2339839942409
finished_reconf: true
global_termination_time: 2686949.165
local_termination_time: 1096230.9402799993
node_cons: 55282.44823999911
tot_aggregated_send: 38048
tot_msg_rcv: 971
tot_msg_sent: 1751
tot_reconf_duration: 6.279999999999999
tot_sleeping_duration: 2645669.165
tot_uptimes: 689
tot_uptimes_duration: 41280.0
