comms_cons: 268.04976642157436
finished_reconf: true
global_termination_time: 2684176.63948
local_termination_time: 2684176.5983599997
node_cons: 55245.339800952235
tot_aggregated_send: 38208
tot_msg_rcv: 899
tot_msg_sent: 1634
tot_reconf_duration: 24.59
tot_sleeping_duration: 2642942.922840005
tot_uptimes: 688
tot_uptimes_duration: 41233.71663999511
