comms_cons: 264.6455167733613
finished_reconf: true
global_termination_time: 2687753.131
local_termination_time: 1519643.9983599999
node_cons: 55280.49268558331
tot_aggregated_send: 35438
tot_msg_rcv: 1626
tot_msg_sent: 3161
tot_reconf_duration: 4.8100000000000005
tot_sleeping_duration: 2646473.1006000116
tot_uptimes: 689
tot_uptimes_duration: 41280.03039998817
