comms_cons: 1.7632255999941744
finished_reconf: true
global_termination_time: 12207.876
local_termination_time: 5810.597360000001
node_cons: 247.9458000000005
tot_aggregated_send: 0
tot_msg_rcv: 151
tot_msg_sent: 117
tot_reconf_duration: 5.1
tot_sleeping_duration: 12027.876
tot_uptimes: 4
tot_uptimes_duration: 180.0
