comms_cons: 1.7829631999941091
finished_reconf: true
global_termination_time: 14837.385
local_termination_time: 5837.349359999999
node_cons: 245.16189999999904
tot_aggregated_send: 0
tot_msg_rcv: 155
tot_msg_sent: 116
tot_reconf_duration: 3.05
tot_sleeping_duration: 14657.385
tot_uptimes: 4
tot_uptimes_duration: 180.0
