comms_cons: 2.6382591999939726
finished_reconf: true
global_termination_time: 16379.362
local_termination_time: 6447.637360000001
node_cons: 332.3462199999999
tot_aggregated_send: 0
tot_msg_rcv: 232
tot_msg_sent: 169
tot_reconf_duration: 8.09
tot_sleeping_duration: 16139.362
tot_uptimes: 5
tot_uptimes_duration: 239.99999999999977
