comms_cons: 2.6135423999935146
finished_reconf: true
global_termination_time: 14774.809
local_termination_time: 7470.50936
node_cons: 253.39952112000577
tot_aggregated_send: 0
tot_msg_rcv: 230
tot_msg_sent: 167
tot_reconf_duration: 9.11
tot_sleeping_duration: 14594.802919999995
tot_uptimes: 4
tot_uptimes_duration: 180.00608000000466
