comms_cons: 2.2435071999925866
finished_reconf: true
global_termination_time: 15988.146
local_termination_time: 5715.090360000001
node_cons: 337.5202000000007
tot_aggregated_send: 0
tot_msg_rcv: 176
tot_msg_sent: 165
tot_reconf_duration: 11.899999999999999
tot_sleeping_duration: 15748.146
tot_uptimes: 5
tot_uptimes_duration: 240.0
