comms_cons: 869.3213072868433
finished_reconf: true
global_termination_time: 4417515.219
local_termination_time: 1536.82336
node_cons: 90872.18547117265
tot_aggregated_send: 0
tot_msg_rcv: 66519
tot_msg_sent: 65611
tot_reconf_duration: 5.57
tot_sleeping_duration: 4349655.158200018
tot_uptimes: 1132
tot_uptimes_duration: 67860.06079998141
