comms_cons: 2136.5367657467973
finished_reconf: true
global_termination_time: 4413830.18324
local_termination_time: 4413830.14212
node_cons: 268341.19514060055
tot_aggregated_send: 0
tot_msg_rcv: 131153
tot_msg_sent: 193587
tot_reconf_duration: 37.410000000000004
tot_sleeping_duration: 4213463.9454800235
tot_uptimes: 3288
tot_uptimes_duration: 200366.2377599763
