comms_cons: 442.95383046126756
finished_reconf: true
global_termination_time: 4414830.051
local_termination_time: 2444825.27148
node_cons: 90790.77268558272
tot_aggregated_send: 62118
tot_msg_rcv: 1795
tot_msg_sent: 3412
tot_reconf_duration: 4.8100000000000005
tot_sleeping_duration: 4347030.020600011
tot_uptimes: 1131
tot_uptimes_duration: 67800.03039998887
