comms_cons: 444.37873287662876
finished_reconf: true
global_termination_time: 4415425.568
local_termination_time: 2197765.7983199987
node_cons: 90809.62716446606
tot_aggregated_send: 61364
tot_msg_rcv: 2013
tot_msg_sent: 4165
tot_reconf_duration: 18.700000000000003
tot_sleeping_duration: 4347625.5436800085
tot_uptimes: 1131
tot_uptimes_duration: 67800.02431999124
