comms_cons: 441.91828486258163
finished_reconf: true
global_termination_time: 4415960.632
local_termination_time: 2293834.55536
node_cons: 90790.20232558282
tot_aggregated_send: 61712
tot_msg_rcv: 1762
tot_msg_sent: 3695
tot_reconf_duration: 4.390000000000001
tot_sleeping_duration: 4348160.601600011
tot_uptimes: 1131
tot_uptimes_duration: 67800.03039998887
