comms_cons: 106.57646079605951
finished_reconf: true
global_termination_time: 1086478.8852400004
local_termination_time: 113964.15935999998
node_cons: 22424.314724953867
tot_aggregated_send: 15312
tot_msg_rcv: 255
tot_msg_sent: 632
tot_reconf_duration: 18.21
tot_sleeping_duration: 1069750.2926000052
tot_uptimes: 279
tot_uptimes_duration: 16728.59263999539
