comms_cons: 108.42487039463629
finished_reconf: true
global_termination_time: 1088798.032
local_termination_time: 579276.1204799999
node_cons: 22342.99118335065
tot_aggregated_send: 15312
tot_msg_rcv: 356
tot_msg_sent: 813
tot_reconf_duration: 6.22
tot_sleeping_duration: 1072118.013760007
tot_uptimes: 279
tot_uptimes_duration: 16680.018239992904
