comms_cons: 690.6018427178559
finished_reconf: true
global_termination_time: 1718635.774
local_termination_time: 579476.8534799998
node_cons: 104728.39131109018
tot_aggregated_send: 0
tot_msg_rcv: 42348
tot_msg_sent: 62620
tot_reconf_duration: 18.21
tot_sleeping_duration: 1640440.3579200201
tot_uptimes: 1279
tot_uptimes_duration: 78195.41607997991
