comms_cons: 171.57923838205414
finished_reconf: true
global_termination_time: 1717662.73
local_termination_time: 647497.5803599999
node_cons: 35273.4751700515
tot_aggregated_send: 22852
tot_msg_rcv: 1033
tot_msg_sent: 2195
tot_reconf_duration: 3.05
tot_sleeping_duration: 1691322.6752800213
tot_uptimes: 440
tot_uptimes_duration: 26340.05471997871
