comms_cons: 316.92489576374015
finished_reconf: true
global_termination_time: 2139634.217
local_termination_time: 763231.9249599987
node_cons: 43976.771264480725
tot_aggregated_send: 0
tot_msg_rcv: 24428
tot_msg_sent: 23747
tot_reconf_duration: 22.65
tot_sleeping_duration: 2106814.1926799994
tot_uptimes: 548
tot_uptimes_duration: 32820.02432000084
