comms_cons: 207.77079039666862
finished_reconf: true
global_termination_time: 2143203.948
local_termination_time: 1120183.9683599998
node_cons: 44060.69368223329
tot_aggregated_send: 30798
tot_msg_rcv: 177
tot_msg_sent: 604
tot_reconf_duration: 25.299999999999997
tot_sleeping_duration: 2110323.9358400046
tot_uptimes: 549
tot_uptimes_duration: 32880.01215999527
