comms_cons: 317.3071869623602
finished_reconf: true
global_termination_time: 2142077.613
local_termination_time: 768188.14736
node_cons: 44032.884544466964
tot_aggregated_send: 0
tot_msg_rcv: 24491
tot_msg_sent: 23738
tot_reconf_duration: 4.8100000000000005
tot_sleeping_duration: 2109197.5886800094
tot_uptimes: 549
tot_uptimes_duration: 32880.02431999054
