comms_cons: 212.75942398475132
finished_reconf: true
global_termination_time: 2139266.746
local_termination_time: 779382.0633599999
node_cons: 43950.21145228938
tot_aggregated_send: 28536
tot_msg_rcv: 1292
tot_msg_sent: 2511
tot_reconf_duration: 3.05
tot_sleeping_duration: 2106446.6791200223
tot_uptimes: 548
tot_uptimes_duration: 32820.066879977414
