comms_cons: 218.3679871725622
finished_reconf: true
global_termination_time: 2143181.518
local_termination_time: 62807.82524000019
node_cons: 44048.4320390093
tot_aggregated_send: 28130
tot_msg_rcv: 1733
tot_msg_sent: 3327
tot_reconf_duration: 11.31
tot_sleeping_duration: 2110296.474640023
tot_uptimes: 549
tot_uptimes_duration: 32885.043359977404
