comms_cons: 1.5066367999950228
finished_reconf: true
global_termination_time: 13062.298
local_termination_time: 5522.58636
node_cons: 257.4157800000014
tot_aggregated_send: 0
tot_msg_rcv: 118
tot_msg_sent: 111
tot_reconf_duration: 8.09
tot_sleeping_duration: 12878.258
tot_uptimes: 4
tot_uptimes_duration: 184.04000000000087
