comms_cons: 2.1842943999948754
finished_reconf: true
global_termination_time: 13278.571
local_termination_time: 5695.545360000001
node_cons: 266.414600000001
tot_aggregated_send: 0
tot_msg_rcv: 175
tot_msg_sent: 157
tot_reconf_duration: 18.700000000000003
tot_sleeping_duration: 13098.571
tot_uptimes: 4
tot_uptimes_duration: 180.0
