comms_cons: 2.2895615999945456
finished_reconf: true
global_termination_time: 13991.51
local_termination_time: 6568.584360000002
node_cons: 251.63955999999965
tot_aggregated_send: 0
tot_msg_rcv: 180
tot_msg_sent: 167
tot_reconf_duration: 7.819999999999999
tot_sleeping_duration: 13811.51
tot_uptimes: 4
tot_uptimes_duration: 180.0
