comms_cons: 17.46747519959567
finished_reconf: true
global_termination_time: 141386.334
local_termination_time: 23068.642840000004
node_cons: 2899.8610478351993
tot_aggregated_send: 1160
tot_msg_rcv: 563
tot_msg_sent: 931
tot_reconf_duration: 5.57
tot_sleeping_duration: 139226.29144000358
tot_uptimes: 37
tot_uptimes_duration: 2160.0425599964146
