comms_cons: 16.98371839940912
finished_reconf: true
global_termination_time: 141510.313
local_termination_time: 71826.42435999996
node_cons: 2910.141142238301
tot_aggregated_send: 1160
tot_msg_rcv: 503
tot_msg_sent: 918
tot_reconf_duration: 13.17
tot_sleeping_duration: 139350.30084000126
tot_uptimes: 37
tot_uptimes_duration: 2160.0121599987324
