comms_cons: 17.76509439947194
finished_reconf: true
global_termination_time: 142559.807
local_termination_time: 31415.41248
node_cons: 2898.250466716048
tot_aggregated_send: 1218
tot_msg_rcv: 601
tot_msg_sent: 882
tot_reconf_duration: 4.390000000000001
tot_sleeping_duration: 140399.77052000296
tot_uptimes: 37
tot_uptimes_duration: 2160.0364799970484
