comms_cons: 16.5199104002009
finished_reconf: true
global_termination_time: 142816.731
local_termination_time: 36136.46280000006
node_cons: 2900.719324480027
tot_aggregated_send: 1334
tot_msg_rcv: 476
tot_msg_sent: 700
tot_reconf_duration: 6.22
tot_sleeping_duration: 140656.70667999997
tot_uptimes: 37
tot_uptimes_duration: 2160.0243200000186
