comms_cons: 278.49753600072864
finished_reconf: true
global_termination_time: 2819021.033
local_termination_time: 1921588.8121999993
node_cons: 57932.065799998774
tot_aggregated_send: 40774
tot_msg_rcv: 516
tot_msg_sent: 1040
tot_reconf_duration: 5.1
tot_sleeping_duration: 2775761.033
tot_uptimes: 722
tot_uptimes_duration: 43260.0
