comms_cons: 279.05018881025694
finished_reconf: true
global_termination_time: 2819723.835
local_termination_time: 1887202.4243599998
node_cons: 58023.36485999886
tot_aggregated_send: 40716
tot_msg_rcv: 550
tot_msg_sent: 1148
tot_reconf_duration: 13.17
tot_sleeping_duration: 2776403.835
tot_uptimes: 723
tot_uptimes_duration: 43320.0
