comms_cons: 278.20147200555505
finished_reconf: true
global_termination_time: 2820271.114
local_termination_time: 1444117.1930000002
node_cons: 58033.57631175608
tot_aggregated_send: 40885
tot_msg_rcv: 414
tot_msg_sent: 986
tot_reconf_duration: 12.629999999999999
tot_sleeping_duration: 2776942.9401600026
tot_uptimes: 723
tot_uptimes_duration: 43328.17383999773
