comms_cons: 280.7870976102112
finished_reconf: true
global_termination_time: 2818682.973
local_termination_time: 1985050.67036
node_cons: 57940.010099999214
tot_aggregated_send: 40136
tot_msg_rcv: 870
tot_msg_sent: 1672
tot_reconf_duration: 10.95
tot_sleeping_duration: 2775422.973
tot_uptimes: 722
tot_uptimes_duration: 43260.0
