comms_cons: 285.0391040190529
finished_reconf: true
global_termination_time: 2820082.012
local_termination_time: 978350.4267999993
node_cons: 58012.94349228498
tot_aggregated_send: 38164
tot_msg_rcv: 1697
tot_msg_sent: 3465
tot_reconf_duration: 5.43
tot_sleeping_duration: 2776761.9451200254
tot_uptimes: 723
tot_uptimes_duration: 43320.06687997468
