comms_cons: 25.96152320030859
finished_reconf: true
global_termination_time: 254979.401
local_termination_time: 82562.97343999961
node_cons: 5229.025800000013
tot_aggregated_send: 3306
tot_msg_rcv: 180
tot_msg_sent: 460
tot_reconf_duration: 5.1
tot_sleeping_duration: 251079.401
tot_uptimes: 66
tot_uptimes_duration: 3900.0
