comms_cons: 129.00495359386454
finished_reconf: true
global_termination_time: 1301770.37
local_termination_time: 4163.844
node_cons: 26760.053442238306
tot_aggregated_send: 18671
tot_msg_rcv: 296
tot_msg_sent: 640
tot_reconf_duration: 5.02
tot_sleeping_duration: 1281790.3578400016
tot_uptimes: 334
tot_uptimes_duration: 19980.012159998703
