comms_cons: 128.37397759721046
finished_reconf: true
global_termination_time: 1301405.558
local_termination_time: 6619.595
node_cons: 26785.719642236025
tot_aggregated_send: 18827
tot_msg_rcv: 219
tot_msg_sent: 466
tot_reconf_duration: 23.919999999999998
tot_sleeping_duration: 1281425.5458400028
tot_uptimes: 334
tot_uptimes_duration: 19980.012159997
