comms_cons: 129.01278719786208
finished_reconf: true
global_termination_time: 1300684.871
local_termination_time: 4721.919000000001
node_cons: 26761.118121119194
tot_aggregated_send: 18728
tot_msg_rcv: 299
tot_msg_sent: 583
tot_reconf_duration: 5.8100000000000005
tot_sleeping_duration: 1280704.8649200005
tot_uptimes: 334
tot_uptimes_duration: 19980.006079999366
