comms_cons: 111.58981119773894
finished_reconf: true
global_termination_time: 1131877.771
local_termination_time: 51536.76308000003
node_cons: 23242.989180000033
tot_aggregated_send: 16240
tot_msg_rcv: 324
tot_msg_sent: 397
tot_reconf_duration: 18.21
tot_sleeping_duration: 1114537.771
tot_uptimes: 290
tot_uptimes_duration: 17340.0
