comms_cons: 112.83985919411401
finished_reconf: true
global_termination_time: 1129640.26
local_termination_time: 688300.6163999992
node_cons: 23222.41818223836
tot_aggregated_send: 15544
tot_msg_rcv: 503
tot_msg_sent: 1104
tot_reconf_duration: 3.05
tot_sleeping_duration: 1112300.2478400012
tot_uptimes: 290
tot_uptimes_duration: 17340.012159998703
