comms_cons: 17.51572480017493
finished_reconf: true
global_termination_time: 166491.14
local_termination_time: 7364.754
node_cons: 3379.676664479744
tot_aggregated_send: 1619
tot_msg_rcv: 363
tot_msg_sent: 680
tot_reconf_duration: 3.95
tot_sleeping_duration: 163971.11568000022
tot_uptimes: 43
tot_uptimes_duration: 2520.0243199998076
