comms_cons: 55.324492801282986
finished_reconf: true
global_termination_time: 542108.543
local_termination_time: 364077.9833600001
node_cons: 11117.686841121478
tot_aggregated_send: 7076
tot_msg_rcv: 425
tot_msg_sent: 908
tot_reconf_duration: 22.65
tot_sleeping_duration: 533828.5369199989
tot_uptimes: 139
tot_uptimes_duration: 8280.006080001069
