comms_cons: 54.147443199602414
finished_reconf: true
global_termination_time: 541939.825
local_termination_time: 310695.415
node_cons: 11109.756053522775
tot_aggregated_send: 7417
tot_msg_rcv: 250
tot_msg_sent: 563
tot_reconf_duration: 13.17
tot_sleeping_duration: 533656.1273199979
tot_uptimes: 139
tot_uptimes_duration: 8283.697680002078
