comms_cons: 167.5327232184308
finished_reconf: true
global_termination_time: 345470.2294800005
local_termination_time: 345470.1883600005
node_cons: 21102.576805321543
tot_aggregated_send: 0
tot_msg_rcv: 10270
tot_msg_sent: 15193
tot_reconf_duration: 24.59
tot_sleeping_duration: 329735.2155999994
tot_uptimes: 257
tot_uptimes_duration: 15735.013880001121
