comms_cons: 125.7482495902935
finished_reconf: true
global_termination_time: 1241489.8564799998
local_termination_time: 1241489.81536
node_cons: 25536.990066562976
tot_aggregated_send: 16794
tot_msg_rcv: 737
tot_msg_sent: 1581
tot_reconf_duration: 37.410000000000004
tot_sleeping_duration: 1222456.1094399975
tot_uptimes: 318
tot_uptimes_duration: 19033.747040002185
