comms_cons: 124.40609278833078
finished_reconf: true
global_termination_time: 1244884.293
local_termination_time: 98805.0943599997
node_cons: 25572.881744471975
tot_aggregated_send: 16762
tot_msg_rcv: 675
tot_msg_sent: 1472
tot_reconf_duration: 18.21
tot_sleeping_duration: 1225804.268680006
tot_uptimes: 319
tot_uptimes_duration: 19080.024319993972
