comms_cons: 862.8519291755672
finished_reconf: true
global_termination_time: 1241815.794
local_termination_time: 211639.6220000009
node_cons: 123932.41174300134
tot_aggregated_send: 0
tot_msg_rcv: 59314
tot_msg_sent: 71834
tot_reconf_duration: 5.57
tot_sleeping_duration: 1149265.4969999962
tot_uptimes: 1497
tot_uptimes_duration: 92550.29700000364
