comms_cons: 125.87103359220477
finished_reconf: true
global_termination_time: 1244340.646
local_termination_time: 242826.14448000005
node_cons: 25552.36776896687
tot_aggregated_send: 16066
tot_msg_rcv: 1103
tot_msg_sent: 1960
tot_reconf_duration: 3.08
tot_sleeping_duration: 1225260.597359995
tot_uptimes: 319
tot_uptimes_duration: 19080.048640005116
