comms_cons: 122.8430143934073
finished_reconf: true
global_termination_time: 1244206.739
local_termination_time: 362483.11836
node_cons: 25568.680085597978
tot_aggregated_send: 16182
tot_msg_rcv: 812
tot_msg_sent: 1678
tot_reconf_duration: 15.110000000000001
tot_sleeping_duration: 1225126.7086000014
tot_uptimes: 319
tot_uptimes_duration: 19080.030399998475
