comms_cons: 121.71519999645528
finished_reconf: true
global_termination_time: 1245027.827
local_termination_time: 381852.1522400005
node_cons: 25563.00638223832
tot_aggregated_send: 17052
tot_msg_rcv: 510
tot_msg_sent: 938
tot_reconf_duration: 10.95
tot_sleeping_duration: 1225947.8148400013
tot_uptimes: 319
tot_uptimes_duration: 19080.012159998703
