comms_cons: 125.07967998561482
finished_reconf: true
global_termination_time: 1243861.253
local_termination_time: 150915.036
node_cons: 25558.796547836228
tot_aggregated_send: 15888
tot_msg_rcv: 1024
tot_msg_sent: 2100
tot_reconf_duration: 7.819999999999999
tot_sleeping_duration: 1224781.2104400028
tot_uptimes: 319
tot_uptimes_duration: 19080.04255999718
