comms_cons: 122.60401919425738
finished_reconf: true
global_termination_time: 1242286.42
local_termination_time: 293479.9096400004
node_cons: 25555.518363359723
tot_aggregated_send: 16762
tot_msg_rcv: 682
tot_msg_sent: 1192
tot_reconf_duration: 5.43
tot_sleeping_duration: 1223206.40176
tot_uptimes: 319
tot_uptimes_duration: 19080.018239999772
