comms_cons: 46.46231040041572
finished_reconf: true
global_termination_time: 470182.86248000007
local_termination_time: 470182.82136000006
node_cons: 9692.543518720124
tot_aggregated_send: 6772
tot_msg_rcv: 106
tot_msg_sent: 183
tot_reconf_duration: 24.59
tot_sleeping_duration: 462969.158
tot_uptimes: 121
tot_uptimes_duration: 7213.704480000075
