comms_cons: 76.7338367986659
finished_reconf: true
global_termination_time: 779799.445
local_termination_time: 7201.861
node_cons: 15993.711241121455
tot_aggregated_send: 11189
tot_msg_rcv: 125
tot_msg_sent: 349
tot_reconf_duration: 4.45
tot_sleeping_duration: 767859.4389199989
tot_uptimes: 200
tot_uptimes_duration: 11940.006080001069
