comms_cons: 77.06741119790995
finished_reconf: true
global_termination_time: 780253.396
local_termination_time: 4921.497
node_cons: 16003.592042236007
tot_aggregated_send: 11240
tot_msg_rcv: 181
tot_msg_sent: 292
tot_reconf_duration: 11.719999999999999
tot_sleeping_duration: 768313.3838400029
tot_uptimes: 200
tot_uptimes_duration: 11940.012159997
