comms_cons: 134.31843198806845
finished_reconf: true
global_termination_time: 1317475.464
local_termination_time: 39557.106680000135
node_cons: 27095.460566710226
tot_aggregated_send: 17980
tot_msg_rcv: 875
tot_msg_sent: 1560
tot_reconf_duration: 15.34
tot_sleeping_duration: 1297255.4275200071
tot_uptimes: 338
tot_uptimes_duration: 20220.036479992676
