comms_cons: 136.82077438824274
finished_reconf: true
global_termination_time: 1320284.316
local_termination_time: 586600.9485999998
node_cons: 27159.192192298935
tot_aggregated_send: 17284
tot_msg_rcv: 1233
tot_msg_sent: 2278
tot_reconf_duration: 3.08
tot_sleeping_duration: 1300004.2491200157
tot_uptimes: 339
tot_uptimes_duration: 20280.066879984282
