comms_cons: 135.01959678605576
finished_reconf: true
global_termination_time: 1317557.218
local_termination_time: 632036.7783599999
node_cons: 27085.655772298946
tot_aggregated_send: 17168
tot_msg_rcv: 1103
tot_msg_sent: 2253
tot_reconf_duration: 8.09
tot_sleeping_duration: 1297337.1511200157
tot_uptimes: 338
tot_uptimes_duration: 20220.066879984282
