comms_cons: 132.06905598810567
finished_reconf: true
global_termination_time: 1318347.729
local_termination_time: 250642.457
node_cons: 27108.239295348016
tot_aggregated_send: 17688
tot_msg_rcv: 820
tot_msg_sent: 1566
tot_reconf_duration: 22.65
tot_sleeping_duration: 1298125.562760009
tot_uptimes: 338
tot_uptimes_duration: 20222.166239991027
