comms_cons: 48.58144000271566
finished_reconf: true
global_termination_time: 215961.88112000088
local_termination_time: 215961.84000000087
node_cons: 4529.872409280377
tot_aggregated_send: 0
tot_msg_rcv: 4114
tot_msg_sent: 3267
tot_reconf_duration: 24.59
tot_sleeping_duration: 212603.79360000062
tot_uptimes: 56
tot_uptimes_duration: 3358.08752000027
