comms_cons: 21.522662400040097
finished_reconf: true
global_termination_time: 216900.185
local_termination_time: 106546.75879999984
node_cons: 4436.584860000001
tot_aggregated_send: 3016
tot_msg_rcv: 93
tot_msg_sent: 162
tot_reconf_duration: 13.17
tot_sleeping_duration: 213600.185
tot_uptimes: 56
tot_uptimes_duration: 3300.0
