comms_cons: 21.369241599993124
finished_reconf: true
global_termination_time: 216095.722
local_termination_time: 55988.40220000013
node_cons: 4434.05898
tot_aggregated_send: 2958
tot_msg_rcv: 68
tot_msg_sent: 222
tot_reconf_duration: 11.31
tot_sleeping_duration: 212795.722
tot_uptimes: 56
tot_uptimes_duration: 3300.0
