comms_cons: 129.17118078604165
finished_reconf: true
global_termination_time: 754772.807
local_termination_time: 153856.43460000007
node_cons: 15512.176403364312
tot_aggregated_send: 0
tot_msg_rcv: 9996
tot_msg_sent: 9638
tot_reconf_duration: 4.8100000000000005
tot_sleeping_duration: 743192.7887599969
tot_uptimes: 194
tot_uptimes_duration: 11580.018240003206
