comms_cons: 74.58839040034741
finished_reconf: true
global_termination_time: 753842.8094799998
local_termination_time: 753842.7683599999
node_cons: 15557.371659841254
tot_aggregated_send: 10890
tot_msg_rcv: 149
tot_msg_sent: 297
tot_reconf_duration: 24.59
tot_sleeping_duration: 742249.0989199989
tot_uptimes: 194
tot_uptimes_duration: 11593.710560000909
