comms_cons: 425.2260096836395
finished_reconf: true
global_termination_time: 4196867.888
local_termination_time: 16749.312720000005
node_cons: 86292.17535229302
tot_aggregated_send: 57826
tot_msg_rcv: 2327
tot_msg_sent: 4477
tot_reconf_duration: 5.1
tot_sleeping_duration: 4132427.8211200186
tot_uptimes: 1075
tot_uptimes_duration: 64440.06687998155
