comms_cons: 424.6103360843173
finished_reconf: true
global_termination_time: 4194149.377
local_termination_time: 1318560.7315999996
node_cons: 86291.16232558269
tot_aggregated_send: 57884
tot_msg_rcv: 2243
tot_msg_sent: 4411
tot_reconf_duration: 4.390000000000001
tot_sleeping_duration: 4129709.346600011
tot_uptimes: 1075
tot_uptimes_duration: 64440.03039998887
