comms_cons: 385.6900864402865
finished_reconf: true
global_termination_time: 3823861.835
local_termination_time: 2509707.7573599997
node_cons: 78667.75452334882
tot_aggregated_send: 53476
tot_msg_rcv: 1844
tot_msg_sent: 3301
tot_reconf_duration: 10.95
tot_sleeping_duration: 3765121.8167600064
tot_uptimes: 980
tot_uptimes_duration: 58740.01823999337
