comms_cons: 384.3042304542148
finished_reconf: true
global_termination_time: 3824495.692
local_termination_time: 490133.52436000004
node_cons: 78660.31535116796
tot_aggregated_send: 53534
tot_msg_rcv: 1623
tot_msg_sent: 3255
tot_reconf_duration: 5.43
tot_sleeping_duration: 3765755.631200022
tot_uptimes: 980
tot_uptimes_duration: 58740.06079997751
