comms_cons: 123.69553919430723
finished_reconf: true
global_termination_time: 1236825.509
local_termination_time: 132022.99036000008
node_cons: 25421.797400000065
tot_aggregated_send: 17458
tot_msg_rcv: 497
tot_msg_sent: 846
tot_reconf_duration: 25.299999999999997
tot_sleeping_duration: 1217865.509
tot_uptimes: 317
tot_uptimes_duration: 18960.0
