comms_cons: 122.57707519740343
finished_reconf: true
global_termination_time: 1239666.263
local_termination_time: 735927.2123599999
node_cons: 25483.94020000007
tot_aggregated_send: 17980
tot_msg_rcv: 256
tot_msg_sent: 395
tot_reconf_duration: 11.899999999999999
tot_sleeping_duration: 1220646.263
tot_uptimes: 318
tot_uptimes_duration: 19020.0
