comms_cons: 89.5682559981677
finished_reconf: true
global_termination_time: 903191.869
local_termination_time: 114398.77835999998
node_cons: 18589.29870000004
tot_aggregated_send: 12876
tot_msg_rcv: 236
tot_msg_sent: 501
tot_reconf_duration: 22.65
tot_sleeping_duration: 889331.869
tot_uptimes: 232
tot_uptimes_duration: 13860.0
