comms_cons: 88.66192640004039
finished_reconf: true
global_termination_time: 903603.526
local_termination_time: 261802.75552000085
node_cons: 18611.18492640263
tot_aggregated_send: 13224
tot_msg_rcv: 89
tot_msg_sent: 163
tot_reconf_duration: 25.299999999999997
tot_sleeping_duration: 889729.868399998
tot_uptimes: 232
tot_uptimes_duration: 13873.657600001927
