comms_cons: 89.62844159727301
finished_reconf: true
global_termination_time: 904483.226
local_termination_time: 389233.6247200001
node_cons: 18565.913940000017
tot_aggregated_send: 13050
tot_msg_rcv: 230
tot_msg_sent: 343
tot_reconf_duration: 5.43
tot_sleeping_duration: 890623.226
tot_uptimes: 232
tot_uptimes_duration: 13860.0
