comms_cons: 64.23492480629996
finished_reconf: true
global_termination_time: 275459.43756000034
local_termination_time: 1757.9443600000002
node_cons: 5680.4438700897545
tot_aggregated_send: 0
tot_msg_rcv: 5631
tot_msg_sent: 4126
tot_reconf_duration: 18.21
tot_sleeping_duration: 271235.6028399931
tot_uptimes: 71
tot_uptimes_duration: 4223.834720007282
