comms_cons: 159.8028479810203
finished_reconf: true
global_termination_time: 1548927.52448
local_termination_time: 110697.47979999986
node_cons: 31858.620572154145
tot_aggregated_send: 20648
tot_msg_rcv: 1317
tot_msg_sent: 2324
tot_reconf_duration: 18.21
tot_sleeping_duration: 1525153.1470400044
tot_uptimes: 397
tot_uptimes_duration: 23774.377439995587
