comms_cons: 156.2550271901892
finished_reconf: true
global_termination_time: 1549967.072
local_termination_time: 280447.52236
node_cons: 31823.111183355108
tot_aggregated_send: 21518
tot_msg_rcv: 781
tot_msg_sent: 1450
tot_reconf_duration: 6.22
tot_sleeping_duration: 1526207.0537600035
tot_uptimes: 397
tot_uptimes_duration: 23760.018239996338
