comms_cons: 275.8720896084641
finished_reconf: true
global_termination_time: 2736061.464
local_termination_time: 1107128.4763599997
node_cons: 56268.79126446686
tot_aggregated_send: 38106
tot_msg_rcv: 1345
tot_msg_sent: 2479
tot_reconf_duration: 22.65
tot_sleeping_duration: 2694061.439680009
tot_uptimes: 701
tot_uptimes_duration: 42000.024319991004
