comms_cons: 277.4160320029186
finished_reconf: true
global_termination_time: 2736647.489
local_termination_time: 884445.9703599998
node_cons: 56245.61290670059
tot_aggregated_send: 37990
tot_msg_rcv: 1560
tot_msg_sent: 2613
tot_reconf_duration: 5.57
tot_sleeping_duration: 2694647.452520014
tot_uptimes: 701
tot_uptimes_duration: 42000.03647998627
