comms_cons: 276.8928767963086
finished_reconf: true
global_termination_time: 2739128.476
local_termination_time: 906543.9796799985
node_cons: 56325.31464670031
tot_aggregated_send: 37758
tot_msg_rcv: 1422
tot_msg_sent: 2904
tot_reconf_duration: 5.1
tot_sleeping_duration: 2697068.439520014
tot_uptimes: 702
tot_uptimes_duration: 42060.03647998604
