comms_cons: 270.30464640331
finished_reconf: true
global_termination_time: 2738303.533
local_termination_time: 1841631.9785199992
node_cons: 56336.22485999893
tot_aggregated_send: 39556
tot_msg_rcv: 438
tot_msg_sent: 1090
tot_reconf_duration: 13.17
tot_sleeping_duration: 2696243.533
tot_uptimes: 702
tot_uptimes_duration: 42060.0
