comms_cons: 276.33816320953065
finished_reconf: true
global_termination_time: 2736744.226
local_termination_time: 759397.5925999999
node_cons: 56242.18260558358
tot_aggregated_send: 37874
tot_msg_rcv: 1396
tot_msg_sent: 2731
tot_reconf_duration: 3.05
tot_sleeping_duration: 2694744.1956000114
tot_uptimes: 701
tot_uptimes_duration: 42000.030399988405
