comms_cons: 237.35184639623262
finished_reconf: true
global_termination_time: 2415219.989
local_termination_time: 1338083.6753599998
node_cons: 49662.920501116045
tot_aggregated_send: 35380
tot_msg_rcv: 240
tot_msg_sent: 456
tot_reconf_duration: 9.42
tot_sleeping_duration: 2378139.982920002
tot_uptimes: 619
tot_uptimes_duration: 37080.006079997635
