comms_cons: 245.1163071895175
finished_reconf: true
global_termination_time: 2416280.183
local_termination_time: 925106.64336
node_cons: 49660.84539451824
tot_aggregated_send: 32016
tot_msg_rcv: 1803
tot_msg_sent: 3438
tot_reconf_duration: 7.819999999999999
tot_sleeping_duration: 2379200.103960031
tot_uptimes: 619
tot_uptimes_duration: 37080.07903996925
