comms_cons: 273.9243328025321
finished_reconf: true
global_termination_time: 2811321.658
local_termination_time: 5042.647
node_cons: 57854.88176446661
tot_aggregated_send: 39432
tot_msg_rcv: 746
tot_msg_sent: 1456
tot_reconf_duration: 7.3999999999999995
tot_sleeping_duration: 2768121.633680009
tot_uptimes: 720
tot_uptimes_duration: 43200.02431999077
