comms_cons: 485.7435904784335
finished_reconf: true
global_termination_time: 4821566.926
local_termination_time: 121288.94947999997
node_cons: 99164.41943787789
tot_aggregated_send: 67164
tot_msg_rcv: 2255
tot_msg_sent: 4412
tot_reconf_duration: 18.21
tot_sleeping_duration: 4747526.828720029
tot_uptimes: 1235
tot_uptimes_duration: 74040.09727997065
