comms_cons: 481.37040647059086
finished_reconf: true
global_termination_time: 4820301.664
local_termination_time: 2688004.55636
node_cons: 99160.43242558237
tot_aggregated_send: 66874
tot_msg_rcv: 2166
tot_msg_sent: 4121
tot_reconf_duration: 15.34
tot_sleeping_duration: 4746261.633600011
tot_uptimes: 1235
tot_uptimes_duration: 74040.0303999891
