comms_cons: 479.2922816596086
finished_reconf: true
global_termination_time: 4821897.602
local_termination_time: 2858553.7538799997
node_cons: 99148.12080446578
tot_aggregated_send: 66584
tot_msg_rcv: 2199
tot_msg_sent: 4065
tot_reconf_duration: 6.279999999999999
tot_sleeping_duration: 4747857.5776800085
tot_uptimes: 1235
tot_uptimes_duration: 74040.02431999124
