comms_cons: 477.1923712588218
finished_reconf: true
global_termination_time: 4820489.738
local_termination_time: 2955632.9463600004
node_cons: 99147.16476558299
tot_aggregated_send: 66700
tot_msg_rcv: 1964
tot_msg_sent: 3866
tot_reconf_duration: 5.57
tot_sleeping_duration: 4746449.707600011
tot_uptimes: 1235
tot_uptimes_duration: 74040.0303999891
