comms_cons: 477.50580485300566
finished_reconf: true
global_termination_time: 4822239.016
local_termination_time: 3024761.412239999
node_cons: 99146.53464670017
tot_aggregated_send: 67164
tot_msg_rcv: 1870
tot_msg_sent: 3545
tot_reconf_duration: 5.1
tot_sleeping_duration: 4748198.979520013
tot_uptimes: 1235
tot_uptimes_duration: 74040.0364799872
