comms_cons: 477.7015936714016
finished_reconf: true
global_termination_time: 4821231.518
local_termination_time: 3708186.82636
node_cons: 99143.75892223125
tot_aggregated_send: 65888
tot_msg_rcv: 2358
tot_msg_sent: 4360
tot_reconf_duration: 3.08
tot_sleeping_duration: 4747191.505840004
tot_uptimes: 1235
tot_uptimes_duration: 74040.0121599955
