comms_cons: 479.9892416731204
finished_reconf: true
global_termination_time: 4822201.554
local_termination_time: 1780160.04936
node_cons: 99150.56250223127
tot_aggregated_send: 66062
tot_msg_rcv: 2474
tot_msg_sent: 4419
tot_reconf_duration: 8.09
tot_sleeping_duration: 4748161.541840004
tot_uptimes: 1235
tot_uptimes_duration: 74040.0121599955
