comms_cons: 479.68286724071817
finished_reconf: true
global_termination_time: 4820465.005
local_termination_time: 1338038.677279998
node_cons: 99152.38492446502
tot_aggregated_send: 66874
tot_msg_rcv: 1973
tot_msg_sent: 4063
tot_reconf_duration: 9.42
tot_sleeping_duration: 4746424.980680009
tot_uptimes: 1235
tot_uptimes_duration: 74040.024319991
