comms_cons: 482.72531208245914
finished_reconf: true
global_termination_time: 4821175.944
local_termination_time: 654222.0635999988
node_cons: 99145.6111722839
tot_aggregated_send: 67396
tot_msg_rcv: 1932
tot_msg_sent: 4043
tot_reconf_duration: 4.390000000000001
tot_sleeping_duration: 4747135.8771200245
tot_uptimes: 1235
tot_uptimes_duration: 74040.06687997514
