comms_cons: 482.45090567407334
finished_reconf: true
global_termination_time: 4821065.987
local_termination_time: 1637181.2214399995
node_cons: 99150.24468893379
tot_aggregated_send: 67164
tot_msg_rcv: 2156
tot_msg_sent: 4008
tot_reconf_duration: 7.819999999999999
tot_sleeping_duration: 4747025.938360017
tot_uptimes: 1235
tot_uptimes_duration: 74040.04863998247
