comms_cons: 128.70951679805003
finished_reconf: true
global_termination_time: 1311655.986
local_termination_time: 5166.058
node_cons: 26923.957341121473
tot_aggregated_send: 18726
tot_msg_rcv: 260
tot_msg_sent: 577
tot_reconf_duration: 7.3999999999999995
tot_sleeping_duration: 1291555.9799199991
tot_uptimes: 336
tot_uptimes_duration: 20100.00608000107
