comms_cons: 128.4325631989257
finished_reconf: true
global_termination_time: 1306200.539
local_termination_time: 7247.6269999999995
node_cons: 26841.411942238305
tot_aggregated_send: 19075
tot_msg_rcv: 154
tot_msg_sent: 292
tot_reconf_duration: 5.77
tot_sleeping_duration: 1286160.5268400016
tot_uptimes: 335
tot_uptimes_duration: 20040.012159998703
