comms_cons: 30.517548799485212
finished_reconf: true
global_termination_time: 152844.328
local_termination_time: 2803.6053600000005
node_cons: 3137.4100411191525
tot_aggregated_send: 0
tot_msg_rcv: 2372
tot_msg_sent: 2265
tot_reconf_duration: 3.05
tot_sleeping_duration: 150504.32192000066
tot_uptimes: 40
tot_uptimes_duration: 2340.006079999366
