comms_cons: 74.2462719973077
finished_reconf: true
global_termination_time: 736789.966
local_termination_time: 250100.20636000004
node_cons: 15110.468262233684
tot_aggregated_send: 9918
tot_msg_rcv: 494
tot_msg_sent: 873
tot_reconf_duration: 4.8100000000000005
tot_sleeping_duration: 725509.9538400047
tot_uptimes: 189
tot_uptimes_duration: 11280.012159995269
