comms_cons: 547.5660411526418
finished_reconf: true
global_termination_time: 1877834.0125599995
local_termination_time: 1877833.9714399995
node_cons: 76791.05881083746
tot_aggregated_send: 0
tot_msg_rcv: 27840
tot_msg_sent: 55386
tot_reconf_duration: 24.59
tot_sleeping_duration: 1820509.3930000002
tot_uptimes: 950
tot_uptimes_duration: 57324.61955999944
