comms_cons: 185.01782398849667
finished_reconf: true
global_termination_time: 1879057.331
local_termination_time: 1466229.98336
node_cons: 38651.99490111659
tot_aggregated_send: 26274
tot_msg_rcv: 609
tot_msg_sent: 1238
tot_reconf_duration: 6.22
tot_sleeping_duration: 1850197.3249200024
tot_uptimes: 482
tot_uptimes_duration: 28860.006079997635
