comms_cons: 184.91050239308655
finished_reconf: true
global_termination_time: 1878554.314
local_termination_time: 1490886.32736
node_cons: 38658.898979999874
tot_aggregated_send: 27086
tot_msg_rcv: 374
tot_msg_sent: 645
tot_reconf_duration: 11.31
tot_sleeping_duration: 1849694.314
tot_uptimes: 482
tot_uptimes_duration: 28860.0
