comms_cons: 52.370432001502
finished_reconf: true
global_termination_time: 499085.0747200001
local_termination_time: 499085.0336000001
node_cons: 10256.426733687313
tot_aggregated_send: 6496
tot_msg_rcv: 586
tot_msg_sent: 877
tot_reconf_duration: 24.59
tot_sleeping_duration: 491450.24759999465
tot_uptimes: 128
tot_uptimes_duration: 7634.827120005444
