comms_cons: 223.75859198234238
finished_reconf: true
global_termination_time: 2238576.74
local_termination_time: 609599.1986799984
node_cons: 46055.69242558359
tot_aggregated_send: 31088
tot_msg_rcv: 987
tot_msg_sent: 1935
tot_reconf_duration: 15.34
tot_sleeping_duration: 2204196.709600012
tot_uptimes: 574
tot_uptimes_duration: 34380.03039998817
