comms_cons: 224.34367997984845
finished_reconf: true
global_termination_time: 2240432.775
local_termination_time: 307903.1853600005
node_cons: 46042.24278670046
tot_aggregated_send: 30450
tot_msg_rcv: 1090
tot_msg_sent: 2558
tot_reconf_duration: 5.43
tot_sleeping_duration: 2206052.738520014
tot_uptimes: 574
tot_uptimes_duration: 34380.03647998581
