comms_cons: 43.784576000534706
finished_reconf: true
global_termination_time: 442799.088
local_termination_time: 143689.11492000075
node_cons: 9084.96012112144
tot_aggregated_send: 6148
tot_msg_rcv: 151
tot_msg_sent: 356
tot_reconf_duration: 4.8100000000000005
tot_sleeping_duration: 436019.0819199989
tot_uptimes: 114
tot_uptimes_duration: 6780.006080001069
