comms_cons: 99.80611839570395
finished_reconf: true
global_termination_time: 992672.313
local_termination_time: 27974.05108
node_cons: 20421.767826719413
tot_aggregated_send: 13282
tot_msg_rcv: 643
tot_msg_sent: 1244
tot_reconf_duration: 11.31
tot_sleeping_duration: 977432.2765200004
tot_uptimes: 255
tot_uptimes_duration: 15240.036479999544
