comms_cons: 101.00913919591204
finished_reconf: true
global_termination_time: 995270.518
local_termination_time: 91343.96635999998
node_cons: 20413.774645597998
tot_aggregated_send: 13050
tot_msg_rcv: 811
tot_msg_sent: 1492
tot_reconf_duration: 5.43
tot_sleeping_duration: 980030.4876000015
tot_uptimes: 255
tot_uptimes_duration: 15240.030399998475
