comms_cons: 2.467199999991847
finished_reconf: true
global_termination_time: 17185.193
local_termination_time: 6835.84336
node_cons: 325.5426399999999
tot_aggregated_send: 0
tot_msg_rcv: 201
tot_msg_sent: 174
tot_reconf_duration: 3.08
tot_sleeping_duration: 16945.193
tot_uptimes: 5
tot_uptimes_duration: 240.0
