comms_cons: 2.546150399991586
finished_reconf: true
global_termination_time: 16184.846
local_termination_time: 9664.69536
node_cons: 352.11869999999954
tot_aggregated_send: 0
tot_msg_rcv: 231
tot_msg_sent: 156
tot_reconf_duration: 22.65
tot_sleeping_duration: 15944.846
tot_uptimes: 5
tot_uptimes_duration: 240.0
