comms_cons: 3.0856447999923686
finished_reconf: true
global_termination_time: 15210.177
local_termination_time: 3983.88736
node_cons: 246.98976112000605
tot_aggregated_send: 0
tot_msg_rcv: 293
tot_msg_sent: 176
tot_reconf_duration: 4.390000000000001
tot_sleeping_duration: 15030.170919999995
tot_uptimes: 4
tot_uptimes_duration: 180.00608000000466
