comms_cons: 60.786483199917576
finished_reconf: true
global_termination_time: 592090.57
local_termination_time: 39277.714
node_cons: 12176.226328324532
tot_aggregated_send: 7944
tot_msg_rcv: 489
tot_msg_sent: 808
tot_reconf_duration: 22.65
tot_sleeping_duration: 583020.0191199966
tot_uptimes: 152
tot_uptimes_duration: 9070.550880003379
