comms_cons: 59.344383999824956
finished_reconf: true
global_termination_time: 592751.549
local_termination_time: 401494.04936000006
node_cons: 12152.179861116883
tot_aggregated_send: 8062
tot_msg_rcv: 374
tot_msg_sent: 584
tot_reconf_duration: 15.34
tot_sleeping_duration: 583691.5429200024
tot_uptimes: 152
tot_uptimes_duration: 9060.006079997635
