comms_cons: 98.77415679234902
finished_reconf: true
global_termination_time: 957035.1753199996
local_termination_time: 95158.59347999995
node_cons: 19733.188193194215
tot_aggregated_send: 12876
tot_msg_rcv: 806
tot_msg_sent: 1332
tot_reconf_duration: 25.299999999999997
tot_sleeping_duration: 942323.576520004
tot_uptimes: 246
tot_uptimes_duration: 14711.59879999567
