comms_cons: 98.29885439346408
finished_reconf: true
global_termination_time: 959692.557
local_termination_time: 226965.8286000001
node_cons: 19703.851944481175
tot_aggregated_send: 12702
tot_msg_rcv: 736
tot_msg_sent: 1503
tot_reconf_duration: 15.110000000000001
tot_sleeping_duration: 944992.5326799991
tot_uptimes: 246
tot_uptimes_duration: 14700.02432000084
