comms_cons: 96.84981759540297
finished_reconf: true
global_termination_time: 960857.96
local_termination_time: 331196.7873600001
node_cons: 19767.806323355187
tot_aggregated_send: 13398
tot_msg_rcv: 449
tot_msg_sent: 873
tot_reconf_duration: 3.05
tot_sleeping_duration: 946097.9417600036
tot_uptimes: 247
tot_uptimes_duration: 14760.018239996338
