comms_cons: 97.2824767945461
finished_reconf: true
global_termination_time: 957034.6502400005
local_termination_time: 171370.254
node_cons: 19778.633379435112
tot_aggregated_send: 12749
tot_msg_rcv: 674
tot_msg_sent: 1365
tot_reconf_duration: 11.31
tot_sleeping_duration: 942274.9232800042
tot_uptimes: 246
tot_uptimes_duration: 14759.726959996333
