comms_cons: 97.37053439468119
finished_reconf: true
global_termination_time: 957617.989
local_termination_time: 104661.0283599997
node_cons: 19704.188707838584
tot_aggregated_send: 12992
tot_msg_rcv: 595
tot_msg_sent: 1211
tot_reconf_duration: 15.34
tot_sleeping_duration: 942917.946440001
tot_uptimes: 246
tot_uptimes_duration: 14700.04255999891
