comms_cons: 498.9467905032302
finished_reconf: true
global_termination_time: 4966515.889
local_termination_time: 2443476.6963999993
node_cons: 102142.9312644652
tot_aggregated_send: 69310
tot_msg_rcv: 2134
tot_msg_sent: 4393
tot_reconf_duration: 22.65
tot_sleeping_duration: 4890255.864680009
tot_uptimes: 1272
tot_uptimes_duration: 76260.02431999124
