comms_cons: 495.78178569624185
finished_reconf: true
global_termination_time: 4967535.903
local_termination_time: 298652.026
node_cons: 102201.34609644674
tot_aggregated_send: 68902
tot_msg_rcv: 1988
tot_msg_sent: 4466
tot_reconf_duration: 6.279999999999999
tot_sleeping_duration: 4891215.650680022
tot_uptimes: 1273
tot_uptimes_duration: 76320.25231997739
