comms_cons: 503.8074945134446
finished_reconf: true
global_termination_time: 4969569.356
local_termination_time: 754968.1747999984
node_cons: 102210.4706945178
tot_aggregated_send: 69136
tot_msg_rcv: 2796
tot_msg_sent: 4643
tot_reconf_duration: 13.17
tot_sleeping_duration: 4893249.276960028
tot_uptimes: 1273
tot_uptimes_duration: 76320.07903997065
