comms_cons: 499.712998504214
finished_reconf: true
global_termination_time: 4965464.964
local_termination_time: 2421309.15336
node_cons: 102118.72082669969
tot_aggregated_send: 69310
tot_msg_rcv: 2230
tot_msg_sent: 4412
tot_reconf_duration: 4.8100000000000005
tot_sleeping_duration: 4889204.9275200125
tot_uptimes: 1272
tot_uptimes_duration: 76260.03647998697
