comms_cons: 500.19809930520955
finished_reconf: true
global_termination_time: 4964904.139
local_termination_time: 1876477.473759999
node_cons: 102124.98934781695
tot_aggregated_send: 69310
tot_msg_rcv: 2308
tot_msg_sent: 4409
tot_reconf_duration: 9.42
tot_sleeping_duration: 4888644.096440015
tot_uptimes: 1272
tot_uptimes_duration: 76260.04255998507
