comms_cons: 501.3468417206584
finished_reconf: true
global_termination_time: 4964998.843
local_termination_time: 2188514.4753599996
node_cons: 102116.34702893365
tot_aggregated_send: 69194
tot_msg_rcv: 2474
tot_msg_sent: 4533
tot_reconf_duration: 3.05
tot_sleeping_duration: 4888738.794360017
tot_uptimes: 1272
tot_uptimes_duration: 76260.0486399827
