comms_cons: 0.7500288000016724
finished_reconf: true
global_termination_time: 4007.567
local_termination_time: 1409.2963600000003
node_cons: 86.30162000000013
tot_aggregated_send: 0
tot_msg_rcv: 60
tot_msg_sent: 54
tot_reconf_duration: 4.390000000000001
tot_sleeping_duration: 3947.567
tot_uptimes: 2
tot_uptimes_duration: 60.0
