comms_cons: 227.71927039749508
finished_reconf: true
global_termination_time: 2294640.168
local_termination_time: 1780219.8435599995
node_cons: 47174.938979999504
tot_aggregated_send: 32886
tot_msg_rcv: 576
tot_msg_sent: 1150
tot_reconf_duration: 11.31
tot_sleeping_duration: 2259420.168
tot_uptimes: 588
tot_uptimes_duration: 35220.0
