comms_cons: 40.021273600405685
finished_reconf: true
global_termination_time: 403337.4
local_termination_time: 157140.5630800006
node_cons: 8305.778700000003
tot_aggregated_send: 5800
tot_msg_rcv: 130
tot_msg_sent: 153
tot_reconf_duration: 22.65
tot_sleeping_duration: 397157.4
tot_uptimes: 104
tot_uptimes_duration: 6180.0
