comms_cons: 40.21927679997669
finished_reconf: true
global_termination_time: 402759.763
local_termination_time: 7118.417720000002
node_cons: 8280.98162000001
tot_aggregated_send: 5742
tot_msg_rcv: 142
tot_msg_sent: 229
tot_reconf_duration: 4.390000000000001
tot_sleeping_duration: 396579.763
tot_uptimes: 104
tot_uptimes_duration: 6180.0
