comms_cons: 174.37259519297558
finished_reconf: true
global_termination_time: 1795208.708
local_termination_time: 777327.9224799998
node_cons: 36884.596381116746
tot_aggregated_send: 25114
tot_msg_rcv: 486
tot_msg_sent: 903
tot_reconf_duration: 6.279999999999999
tot_sleeping_duration: 1767668.7019200025
tot_uptimes: 460
tot_uptimes_duration: 27540.006079997635
