comms_cons: 179.64975998885947
finished_reconf: true
global_termination_time: 1793187.493
local_termination_time: 226910.7172000002
node_cons: 36883.02650558864
tot_aggregated_send: 25114
tot_msg_rcv: 786
tot_msg_sent: 1405
tot_reconf_duration: 5.1
tot_sleeping_duration: 1765647.4626000084
tot_uptimes: 460
tot_uptimes_duration: 27540.030399991607
