comms_cons: 179.40190719212575
finished_reconf: true
global_termination_time: 1794820.885
local_termination_time: 617840.3491599993
node_cons: 36880.23130443017
tot_aggregated_send: 24824
tot_msg_rcv: 873
tot_msg_sent: 1572
tot_reconf_duration: 3.05
tot_sleeping_duration: 1767280.8630400074
tot_uptimes: 460
tot_uptimes_duration: 27540.021959992708
