comms_cons: 73.37123839897647
finished_reconf: true
global_termination_time: 748644.225
local_termination_time: 519713.6441600003
node_cons: 15365.459380000004
tot_aggregated_send: 10846
tot_msg_rcv: 88
tot_msg_sent: 218
tot_reconf_duration: 15.110000000000001
tot_sleeping_duration: 737184.225
tot_uptimes: 192
tot_uptimes_duration: 11460.0
