comms_cons: 74.22653440025044
finished_reconf: true
global_termination_time: 749436.945
local_termination_time: 205919.55168000027
node_cons: 15353.386760000025
tot_aggregated_send: 10672
tot_msg_rcv: 265
tot_msg_sent: 345
tot_reconf_duration: 6.22
tot_sleeping_duration: 737976.945
tot_uptimes: 192
tot_uptimes_duration: 11460.0
