comms_cons: 74.11393280070415
finished_reconf: true
global_termination_time: 747418.141
local_termination_time: 228565.66512000092
node_cons: 15352.313940000015
tot_aggregated_send: 10498
tot_msg_rcv: 191
tot_msg_sent: 575
tot_reconf_duration: 5.43
tot_sleeping_duration: 735958.141
tot_uptimes: 192
tot_uptimes_duration: 11460.0
