comms_cons: 350.6418367206512
finished_reconf: true
global_termination_time: 916851.956
local_termination_time: 256229.83200000043
node_cons: 55396.890699475516
tot_aggregated_send: 0
tot_msg_rcv: 21633
tot_msg_sent: 31662
tot_reconf_duration: 18.21
tot_sleeping_duration: 875498.5866800027
tot_uptimes: 679
tot_uptimes_duration: 41353.369319997335
