comms_cons: 144.6108159675126
finished_reconf: true
global_termination_time: 916851.956
local_termination_time: 256593.60436000006
node_cons: 18830.334982238284
tot_aggregated_send: 0
tot_msg_rcv: 11202
tot_msg_sent: 10778
tot_reconf_duration: 22.65
tot_sleeping_duration: 902811.9438400012
tot_uptimes: 235
tot_uptimes_duration: 14040.012159998703
