comms_cons: 96.56319999187316
finished_reconf: true
global_termination_time: 921809.9306399991
local_termination_time: 921809.8895199992
node_cons: 19054.8981364779
tot_aggregated_send: 11226
tot_msg_rcv: 963
tot_msg_sent: 2488
tot_reconf_duration: 37.410000000000004
tot_sleeping_duration: 907617.1783200008
tot_uptimes: 237
tot_uptimes_duration: 14192.752319998406
