comms_cons: 93.68972799407616
finished_reconf: true
global_termination_time: 923315.281
local_termination_time: 200096.657
node_cons: 18998.920441835944
tot_aggregated_send: 12180
tot_msg_rcv: 705
tot_msg_sent: 1355
tot_reconf_duration: 25.299999999999997
tot_sleeping_duration: 909152.052440003
tot_uptimes: 237
tot_uptimes_duration: 14163.228559996935
