comms_cons: 95.68798079076554
finished_reconf: true
global_termination_time: 923537.241
local_termination_time: 154190.67728000032
node_cons: 18964.48776895766
tot_aggregated_send: 11716
tot_msg_rcv: 844
tot_msg_sent: 1985
tot_reconf_duration: 3.08
tot_sleeping_duration: 909377.1923600018
tot_uptimes: 237
tot_uptimes_duration: 14160.048639998247
