comms_cons: 95.69446399468936
finished_reconf: true
global_termination_time: 925120.183
local_termination_time: 65762.598
node_cons: 18971.35647791768
tot_aggregated_send: 12056
tot_msg_rcv: 849
tot_msg_sent: 1640
tot_reconf_duration: 8.09
tot_sleeping_duration: 910960.0857200017
tot_uptimes: 237
tot_uptimes_duration: 14160.097279998256
