comms_cons: 95.66940159256959
finished_reconf: true
global_termination_time: 923783.204
local_termination_time: 333882.2496000001
node_cons: 18977.42410447658
tot_aggregated_send: 11948
tot_msg_rcv: 854
tot_msg_sent: 1740
tot_reconf_duration: 12.629999999999999
tot_sleeping_duration: 909623.1796800026
tot_uptimes: 237
tot_uptimes_duration: 14160.024319997421
