comms_cons: 90.50106879830886
finished_reconf: true
global_termination_time: 923116.827
local_termination_time: 146784.22
node_cons: 18973.215900723688
tot_aggregated_send: 12061
tot_msg_rcv: 483
tot_msg_sent: 1211
tot_reconf_duration: 6.22
tot_sleeping_duration: 908953.4445199973
tot_uptimes: 237
tot_uptimes_duration: 14163.382480002736
