comms_cons: 172.17766399722572
finished_reconf: true
global_termination_time: 1747780.478
local_termination_time: 576466.4153599999
node_cons: 35918.905799999884
tot_aggregated_send: 25578
tot_msg_rcv: 248
tot_msg_sent: 344
tot_reconf_duration: 5.1
tot_sleeping_duration: 1720960.478
tot_uptimes: 448
tot_uptimes_duration: 26820.0
