comms_cons: 245.32774399670052
finished_reconf: true
global_termination_time: 2528915.477
local_termination_time: 4106.658
node_cons: 51986.89485340216
tot_aggregated_send: 34621
tot_msg_rcv: 878
tot_msg_sent: 1789
tot_reconf_duration: 5.02
tot_sleeping_duration: 2490095.404040028
tot_uptimes: 648
tot_uptimes_duration: 38820.07295997231
