comms_cons: 250.57506560345655
finished_reconf: true
global_termination_time: 2527589.767
local_termination_time: 5944.374
node_cons: 52012.52034781736
tot_aggregated_send: 35415
tot_msg_rcv: 967
tot_msg_sent: 1704
tot_reconf_duration: 23.919999999999998
tot_sleeping_duration: 2488769.7244400163
tot_uptimes: 648
tot_uptimes_duration: 38820.042559983674
