comms_cons: 244.31264000152723
finished_reconf: true
global_termination_time: 2528897.372
local_termination_time: 7323.465
node_cons: 51988.8422322847
tot_aggregated_send: 34216
tot_msg_rcv: 890
tot_msg_sent: 2029
tot_reconf_duration: 6.46
tot_sleeping_duration: 2490077.3051200258
tot_uptimes: 648
tot_uptimes_duration: 38820.06687997421
