comms_cons: 244.5078911988293
finished_reconf: true
global_termination_time: 2529715.504
local_termination_time: 7329.592
node_cons: 51994.363887817046
tot_aggregated_send: 34566
tot_msg_rcv: 804
tot_msg_sent: 1792
tot_reconf_duration: 10.55
tot_sleeping_duration: 2490895.4614400165
tot_uptimes: 648
tot_uptimes_duration: 38820.04255998344
