comms_cons: 246.27822079926835
finished_reconf: true
global_termination_time: 2524836.964
local_termination_time: 5842.166
node_cons: 51904.824788934515
tot_aggregated_send: 34853
tot_msg_rcv: 869
tot_msg_sent: 1711
tot_reconf_duration: 3.77
tot_sleeping_duration: 2486076.9153600186
tot_uptimes: 647
tot_uptimes_duration: 38760.04863998154
