comms_cons: 14.77688320019985
finished_reconf: true
global_termination_time: 76838.5
local_termination_time: 3446.01436
node_cons: 1532.4297611200082
tot_aggregated_send: 0
tot_msg_rcv: 1147
tot_msg_sent: 1099
tot_reconf_duration: 4.390000000000001
tot_sleeping_duration: 75698.49392
tot_uptimes: 20
tot_uptimes_duration: 1140.0060800000065
