comms_cons: 62.80309760089086
finished_reconf: true
global_termination_time: 72094.83471999939
local_termination_time: 72094.83471999939
node_cons: 7274.547700040083
tot_aggregated_send: 0
tot_msg_rcv: 4326
tot_msg_sent: 5219
tot_reconf_duration: 24.59
tot_sleeping_duration: 66686.95235999933
tot_uptimes: 86
tot_uptimes_duration: 5407.882360000063
