comms_cons: 14.70046720010555
finished_reconf: true
global_termination_time: 77150.56
local_termination_time: 2519.3123600000004
node_cons: 1534.90676
tot_aggregated_send: 0
tot_msg_rcv: 1135
tot_msg_sent: 1098
tot_reconf_duration: 6.22
tot_sleeping_duration: 76010.56
tot_uptimes: 20
tot_uptimes_duration: 1140.0
