comms_cons: 66.15448319814698
finished_reconf: true
global_termination_time: 642779.296
local_termination_time: 420276.77636000054
node_cons: 13196.63242559341
tot_aggregated_send: 8410
tot_msg_rcv: 547
tot_msg_sent: 1098
tot_reconf_duration: 15.34
tot_sleeping_duration: 632939.2656000049
tot_uptimes: 165
tot_uptimes_duration: 9840.030399995041
