comms_cons: 65.43077120031306
finished_reconf: true
global_termination_time: 642253.028
local_termination_time: 496260.00836000004
node_cons: 13184.288239999978
tot_aggregated_send: 8642
tot_msg_rcv: 437
tot_msg_sent: 867
tot_reconf_duration: 6.279999999999999
tot_sleeping_duration: 632413.028
tot_uptimes: 165
tot_uptimes_duration: 9840.0
