comms_cons: 64.12746239910976
finished_reconf: true
global_termination_time: 640885.174
local_termination_time: 572284.7516799994
node_cons: 13183.34034223821
tot_aggregated_send: 9106
tot_msg_rcv: 238
tot_msg_sent: 403
tot_reconf_duration: 5.57
tot_sleeping_duration: 631045.1618400012
tot_uptimes: 165
tot_uptimes_duration: 9840.012159998703
