comms_cons: 66.87866879773813
finished_reconf: true
global_termination_time: 641504.385
local_termination_time: 468321.7413200002
node_cons: 13210.16624671939
tot_aggregated_send: 8352
tot_msg_rcv: 668
tot_msg_sent: 1146
tot_reconf_duration: 25.299999999999997
tot_sleeping_duration: 631664.3485200005
tot_uptimes: 165
tot_uptimes_duration: 9840.036479999544
