comms_cons: 128.41419518760821
finished_reconf: true
global_termination_time: 642618.088
local_termination_time: 1645.9330400000015
node_cons: 13181.754184471945
tot_aggregated_send: 0
tot_msg_rcv: 9998
tot_msg_sent: 9517
tot_reconf_duration: 4.390000000000001
tot_sleeping_duration: 632778.063680006
tot_uptimes: 165
tot_uptimes_duration: 9840.024319993972
