comms_cons: 40.113382400425756
finished_reconf: true
global_termination_time: 402357.805
local_termination_time: 219894.1674800001
node_cons: 8292.171540000018
tot_aggregated_send: 5800
tot_msg_rcv: 134
tot_msg_sent: 163
tot_reconf_duration: 12.629999999999999
tot_sleeping_duration: 396177.805
tot_uptimes: 104
tot_uptimes_duration: 6180.0
