comms_cons: 40.25875200045407
finished_reconf: true
global_termination_time: 404216.229
local_termination_time: 133012.49336000005
node_cons: 8291.180200000003
tot_aggregated_send: 5684
tot_msg_rcv: 156
tot_msg_sent: 279
tot_reconf_duration: 11.899999999999999
tot_sleeping_duration: 398036.229
tot_uptimes: 104
tot_uptimes_duration: 6180.0
