comms_cons: 39.91386880015104
finished_reconf: true
global_termination_time: 405313.242
local_termination_time: 94268.96755999987
node_cons: 8290.378980000027
tot_aggregated_send: 5858
tot_msg_rcv: 102
tot_msg_sent: 106
tot_reconf_duration: 11.31
tot_sleeping_duration: 399133.242
tot_uptimes: 104
tot_uptimes_duration: 6180.0
