comms_cons: 10.712819199887807
finished_reconf: true
global_termination_time: 87556.148
local_termination_time: 36142.035360000016
node_cons: 1801.8618233608775
tot_aggregated_send: 522
tot_msg_rcv: 438
tot_msg_sent: 669
tot_reconf_duration: 25.299999999999997
tot_sleeping_duration: 86236.12975999936
tot_uptimes: 23
tot_uptimes_duration: 1320.0182400006524
