comms_cons: 11.796505600095468
finished_reconf: true
global_termination_time: 89253.601
local_termination_time: 20516.395360000002
node_cons: 1785.4055656000357
tot_aggregated_send: 348
tot_msg_rcv: 522
tot_msg_sent: 923
tot_reconf_duration: 13.17
tot_sleeping_duration: 87933.57059999998
tot_uptimes: 23
tot_uptimes_duration: 1320.030400000025
