comms_cons: 11.335961599990323
finished_reconf: true
global_termination_time: 89133.556
local_termination_time: 12662.103120000003
node_cons: 1775.983747839475
tot_aggregated_send: 580
tot_msg_rcv: 443
tot_msg_sent: 700
tot_reconf_duration: 6.22
tot_sleeping_duration: 87813.51344000039
tot_uptimes: 23
tot_uptimes_duration: 1320.0425599996088
