comms_cons: 92.40389119396166
finished_reconf: true
global_termination_time: 915787.894
local_termination_time: 524628.7667999985
node_cons: 18810.18770111695
tot_aggregated_send: 12412
tot_msg_rcv: 475
tot_msg_sent: 1158
tot_reconf_duration: 7.819999999999999
tot_sleeping_duration: 901747.8879200023
tot_uptimes: 235
tot_uptimes_duration: 14040.006079997635
