comms_cons: 276.9694656264178
finished_reconf: true
global_termination_time: 2753947.51912
local_termination_time: 2753947.4779999997
node_cons: 56704.74470533334
tot_aggregated_send: 38486
tot_msg_rcv: 1212
tot_msg_sent: 2401
tot_reconf_duration: 37.410000000000004
tot_sleeping_duration: 2711636.8828800186
tot_uptimes: 706
tot_uptimes_duration: 42310.636239981046
