comms_cons: 276.8789632237643
finished_reconf: true
global_termination_time: 2754654.545
local_termination_time: 191886.47199999998
node_cons: 56683.25214868737
tot_aggregated_send: 38220
tot_msg_rcv: 1188
tot_msg_sent: 2675
tot_reconf_duration: 22.65
tot_sleeping_duration: 2712344.9905200233
tot_uptimes: 706
tot_uptimes_duration: 42309.55447997636
