comms_cons: 277.9657216091288
finished_reconf: true
global_termination_time: 2757085.316
local_termination_time: 1057563.8743599998
node_cons: 56732.86492446656
tot_aggregated_send: 38164
tot_msg_rcv: 1416
tot_msg_sent: 2670
tot_reconf_duration: 9.42
tot_sleeping_duration: 2714725.2916800096
tot_uptimes: 707
tot_uptimes_duration: 42360.02431999077
