comms_cons: 279.2285184062597
finished_reconf: true
global_termination_time: 2755835.86
local_termination_time: 250820.69580000069
node_cons: 56654.651511167955
tot_aggregated_send: 37700
tot_msg_rcv: 1639
tot_msg_sent: 3102
tot_reconf_duration: 10.95
tot_sleeping_duration: 2713535.799200023
tot_uptimes: 706
tot_uptimes_duration: 42300.06079997681
