comms_cons: 279.0304512047199
finished_reconf: true
global_termination_time: 2759238.206
local_termination_time: 891599.2423599999
node_cons: 56724.247028934056
tot_aggregated_send: 37990
tot_msg_rcv: 1455
tot_msg_sent: 2966
tot_reconf_duration: 3.05
tot_sleeping_duration: 2716878.1573600187
tot_uptimes: 707
tot_uptimes_duration: 42360.04863998131
