comms_cons: 277.8310080117944
finished_reconf: true
global_termination_time: 2755499.614
local_termination_time: 1096166.3073599997
node_cons: 56648.179324466626
tot_aggregated_send: 38048
tot_msg_rcv: 1386
tot_msg_sent: 2794
tot_reconf_duration: 6.22
tot_sleeping_duration: 2713199.5896800095
tot_uptimes: 706
tot_uptimes_duration: 42300.02431999077
