comms_cons: 214.3565695942133
finished_reconf: true
global_termination_time: 2173646.842
local_termination_time: 1161178.0843599997
node_cons: 44686.93300111627
tot_aggregated_send: 31436
tot_msg_rcv: 345
tot_msg_sent: 799
tot_reconf_duration: 13.17
tot_sleeping_duration: 2140286.835920003
tot_uptimes: 557
tot_uptimes_duration: 33360.006079997635
