comms_cons: 338.88962533515695
finished_reconf: true
global_termination_time: 2176439.38
local_termination_time: 1122318.1855999997
node_cons: 44755.94454446693
tot_aggregated_send: 0
tot_msg_rcv: 26208
tot_msg_sent: 25303
tot_reconf_duration: 4.8100000000000005
tot_sleeping_duration: 2143019.3556800094
tot_uptimes: 558
tot_uptimes_duration: 33420.02431999054
