comms_cons: 220.4893567763045
finished_reconf: true
global_termination_time: 2174140.425
local_termination_time: 140210.5582400005
node_cons: 44675.04232558372
tot_aggregated_send: 29232
tot_msg_rcv: 1490
tot_msg_sent: 2792
tot_reconf_duration: 4.390000000000001
tot_sleeping_duration: 2140780.394600012
tot_uptimes: 557
tot_uptimes_duration: 33360.03039998817
