comms_cons: 3154.9935062984805
finished_reconf: true
global_termination_time: 7523679.196
local_termination_time: 1813327.19248
node_cons: 457968.74702397536
tot_aggregated_send: 0
tot_msg_rcv: 193390
tot_msg_sent: 286156
tot_reconf_duration: 5.57
tot_sleeping_duration: 7181661.882360026
tot_uptimes: 5615
tot_uptimes_duration: 342017.3136399743
