comms_cons: 749.322515353156
finished_reconf: true
global_termination_time: 7525870.94
local_termination_time: 3823946.67936
node_cons: 154827.58394446346
tot_aggregated_send: 105328
tot_msg_rcv: 3167
tot_msg_sent: 5396
tot_reconf_duration: 9.11
tot_sleeping_duration: 7410250.915680008
tot_uptimes: 1928
tot_uptimes_duration: 115620.0243199917
