comms_cons: 760.0202434122842
finished_reconf: true
global_termination_time: 7522954.124
local_termination_time: 84107.27500000001
node_cons: 154769.9718739544
tot_aggregated_send: 104050
tot_msg_rcv: 3903
tot_msg_sent: 7565
tot_reconf_duration: 22.65
tot_sleeping_duration: 7407390.85800003
tot_uptimes: 1927
tot_uptimes_duration: 115563.26599996985
