comms_cons: 742.2749825343851
finished_reconf: true
global_termination_time: 7526981.998
local_termination_time: 5696789.015000001
node_cons: 154838.0533565404
tot_aggregated_send: 104628
tot_msg_rcv: 2545
tot_msg_sent: 5648
tot_reconf_duration: 10.95
tot_sleeping_duration: 7411356.020960011
tot_uptimes: 1928
tot_uptimes_duration: 115625.97703998908
