comms_cons: 758.6450498145882
finished_reconf: true
global_termination_time: 7527758.166
local_termination_time: 177638.61836000005
node_cons: 154821.85037898895
tot_aggregated_send: 104458
tot_msg_rcv: 3641
tot_msg_sent: 7210
tot_reconf_duration: 4.8100000000000005
tot_sleeping_duration: 7412138.062640035
tot_uptimes: 1928
tot_uptimes_duration: 115620.10335996578
