comms_cons: 754.442592199379
finished_reconf: true
global_termination_time: 7523647.813
local_termination_time: 1329379.0133599997
node_cons: 154743.36817116555
tot_aggregated_send: 104980
tot_msg_rcv: 3336
tot_msg_sent: 6355
tot_reconf_duration: 6.22
tot_sleeping_duration: 7408087.752200022
tot_uptimes: 1927
tot_uptimes_duration: 115560.06079997821
