comms_cons: 753.9303425704511
finished_reconf: true
global_termination_time: 7525978.681
local_termination_time: 1578969.5133999991
node_cons: 154822.6353511658
tot_aggregated_send: 104458
tot_msg_rcv: 3569
tot_msg_sent: 6566
tot_reconf_duration: 5.43
tot_sleeping_duration: 7410358.620200021
tot_uptimes: 1928
tot_uptimes_duration: 115620.06079997844
