comms_cons: 34.61537280053125
finished_reconf: true
global_termination_time: 342834.159
local_termination_time: 97946.61700000001
node_cons: 7010.872014639814
tot_aggregated_send: 4569
tot_msg_rcv: 229
tot_msg_sent: 463
tot_reconf_duration: 15.34
tot_sleeping_duration: 337613.81524000014
tot_uptimes: 88
tot_uptimes_duration: 5220.343759999843
