comms_cons: 34.84344320047637
finished_reconf: true
global_termination_time: 339774.695
local_termination_time: 63041.81960000011
node_cons: 7014.990882240586
tot_aggregated_send: 4582
tot_msg_rcv: 265
tot_msg_sent: 449
tot_reconf_duration: 18.700000000000003
tot_sleeping_duration: 334554.68283999956
tot_uptimes: 88
tot_uptimes_duration: 5220.012160000435
