comms_cons: 34.23353600054495
finished_reconf: true
global_termination_time: 338544.24224000005
local_termination_time: 78312.96935999996
node_cons: 6921.299800481509
tot_aggregated_send: 4524
tot_msg_rcv: 216
tot_msg_sent: 463
tot_reconf_duration: 4.8100000000000005
tot_sleeping_duration: 333380.1139199989
tot_uptimes: 87
tot_uptimes_duration: 5164.128320001124
