comms_cons: 34.553958400748584
finished_reconf: true
global_termination_time: 339007.89
local_termination_time: 33703.21972000002
node_cons: 6916.630222242872
tot_aggregated_send: 4582
tot_msg_rcv: 267
tot_msg_sent: 403
tot_reconf_duration: 5.43
tot_sleeping_duration: 333847.8778399979
tot_uptimes: 87
tot_uptimes_duration: 5160.012160002139
