comms_cons: 394.3311936735457
finished_reconf: true
global_termination_time: 3875394.451
local_termination_time: 236059.74716000035
node_cons: 79704.96617676097
tot_aggregated_send: 53302
tot_msg_rcv: 2387
tot_msg_sent: 4246
tot_reconf_duration: 5.57
tot_sleeping_duration: 3815874.3598000277
tot_uptimes: 993
tot_uptimes_duration: 59520.09119997232
