comms_cons: 388.85108484075204
finished_reconf: true
global_termination_time: 3875830.684
local_termination_time: 1651308.108479999
node_cons: 79707.9565478175
tot_aggregated_send: 54346
tot_msg_rcv: 1565
tot_msg_sent: 3192
tot_reconf_duration: 7.819999999999999
tot_sleeping_duration: 3816310.6414400153
tot_uptimes: 993
tot_uptimes_duration: 59520.042559984606
