comms_cons: 391.1727360521829
finished_reconf: true
global_termination_time: 3874539.841
local_termination_time: 373821.02036
node_cons: 79704.75163340618
tot_aggregated_send: 53650
tot_msg_rcv: 1909
tot_msg_sent: 3895
tot_reconf_duration: 5.43
tot_sleeping_duration: 3815019.7680400237
tot_uptimes: 993
tot_uptimes_duration: 59520.07295997621
