comms_cons: 267.78001921041533
finished_reconf: true
global_termination_time: 2696380.782
local_termination_time: 1396937.3897199987
node_cons: 55459.32917999901
tot_aggregated_send: 38860
tot_msg_rcv: 698
tot_msg_sent: 1143
tot_reconf_duration: 18.21
tot_sleeping_duration: 2654980.782
tot_uptimes: 691
tot_uptimes_duration: 41400.0
