comms_cons: 272.06433280867117
finished_reconf: true
global_termination_time: 2696790.964
local_termination_time: 359749.5036400009
node_cons: 55438.76632334995
tot_aggregated_send: 37352
tot_msg_rcv: 1330
tot_msg_sent: 2671
tot_reconf_duration: 3.05
tot_sleeping_duration: 2655390.945760007
tot_uptimes: 691
tot_uptimes_duration: 41400.01823999314
