comms_cons: 272.6117632290566
finished_reconf: true
global_termination_time: 2697682.668
local_termination_time: 327683.85536000005
node_cons: 55445.24398335417
tot_aggregated_send: 37758
tot_msg_rcv: 1416
tot_msg_sent: 2262
tot_reconf_duration: 7.819999999999999
tot_sleeping_duration: 2656282.6497600037
tot_uptimes: 691
tot_uptimes_duration: 41400.01823999634
