comms_cons: 55.8508288008119
finished_reconf: true
global_termination_time: 548088.105
local_termination_time: 256867.14036000005
node_cons: 11251.750041120291
tot_aggregated_send: 7424
tot_msg_rcv: 378
tot_msg_sent: 687
tot_reconf_duration: 3.05
tot_sleeping_duration: 539688.0989199997
tot_uptimes: 141
tot_uptimes_duration: 8400.006080000217
