comms_cons: 320.8796352241584
finished_reconf: true
global_termination_time: 3236755.064
local_termination_time: 976606.8906399991
node_cons: 66533.9402267048
tot_aggregated_send: 44428
tot_msg_rcv: 1474
tot_msg_sent: 2869
tot_reconf_duration: 9.11
tot_sleeping_duration: 3187075.0275200102
tot_uptimes: 829
tot_uptimes_duration: 49680.03647998971
