comms_cons: 321.98389761034804
finished_reconf: true
global_termination_time: 3236040.288
local_termination_time: 1456969.7025599994
node_cons: 66536.90340334916
tot_aggregated_send: 44602
tot_msg_rcv: 1496
tot_msg_sent: 2842
tot_reconf_duration: 11.31
tot_sleeping_duration: 3186360.2697600075
tot_uptimes: 829
tot_uptimes_duration: 49680.0182399929
