comms_cons: 77.0963200094909
finished_reconf: true
global_termination_time: 406823.15624000016
local_termination_time: 7010.233360000001
node_cons: 8405.17042048164
tot_aggregated_send: 0
tot_msg_rcv: 5931
tot_msg_sent: 5788
tot_reconf_duration: 22.65
tot_sleeping_duration: 400568.92791999894
tot_uptimes: 105
tot_uptimes_duration: 6254.228320001217
