comms_cons: 183.08065278103135
finished_reconf: true
global_termination_time: 1781815.2884799999
local_termination_time: 1781815.24736
node_cons: 36704.29077213864
tot_aggregated_send: 23754
tot_msg_rcv: 1383
tot_msg_sent: 2691
tot_reconf_duration: 37.410000000000004
tot_sleeping_duration: 1754441.5110400158
tot_uptimes: 457
tot_uptimes_duration: 27373.77743998413
