comms_cons: 176.752889594984
finished_reconf: true
global_termination_time: 1782901.013
local_termination_time: 854620.38
node_cons: 36651.20834111675
tot_aggregated_send: 25566
tot_msg_rcv: 428
tot_msg_sent: 871
tot_reconf_duration: 11.899999999999999
tot_sleeping_duration: 1755541.0069200024
tot_uptimes: 457
tot_uptimes_duration: 27360.006079997635
