comms_cons: 91.31992319822791
finished_reconf: true
global_termination_time: 907122.76
local_termination_time: 121205.61547999998
node_cons: 18654.263403359735
tot_aggregated_send: 12586
tot_msg_rcv: 484
tot_msg_sent: 810
tot_reconf_duration: 11.31
tot_sleeping_duration: 893202.7417600002
tot_uptimes: 233
tot_uptimes_duration: 13920.018239999772
