comms_cons: 170.09863679212384
finished_reconf: true
global_termination_time: 1723413.318
local_termination_time: 550657.2714799999
node_cons: 35435.90161999995
tot_aggregated_send: 24650
tot_msg_rcv: 452
tot_msg_sent: 752
tot_reconf_duration: 4.390000000000001
tot_sleeping_duration: 1696953.318
tot_uptimes: 442
tot_uptimes_duration: 26460.0
