comms_cons: 212.6883199791193
finished_reconf: true
global_termination_time: 2101060.886
local_termination_time: 449758.4094800001
node_cons: 43253.703123350126
tot_aggregated_send: 28826
tot_msg_rcv: 1140
tot_msg_sent: 2362
tot_reconf_duration: 22.65
tot_sleeping_duration: 2068780.867760007
tot_uptimes: 539
tot_uptimes_duration: 32280.018239992904
