comms_cons: 549.6806524840086
finished_reconf: true
global_termination_time: 2140500.787
local_termination_time: 637917.3334799998
node_cons: 129679.97518858
tot_aggregated_send: 0
tot_msg_rcv: 33816
tot_msg_sent: 49732
tot_reconf_duration: 18.21
tot_sleeping_duration: 2043670.879600012
tot_uptimes: 1583
tot_uptimes_duration: 96829.90739998803
