comms_cons: 15.705177599961257
finished_reconf: true
global_termination_time: 13368.978240000002
local_termination_time: 2840.1900400000013
node_cons: 2627.9614017200224
tot_aggregated_send: 0
tot_msg_rcv: 1119
tot_msg_sent: 1268
tot_reconf_duration: 18.21
tot_sleeping_duration: 11424.816759999983
tot_uptimes: 30
tot_uptimes_duration: 1944.1614800000175
