comms_cons: 339.4998784110659
finished_reconf: true
global_termination_time: 3456463.33
local_termination_time: 1201438.7204799987
node_cons: 71118.7848599983
tot_aggregated_send: 49706
tot_msg_rcv: 572
tot_msg_sent: 1324
tot_reconf_duration: 13.17
tot_sleeping_duration: 3403363.33
tot_uptimes: 886
tot_uptimes_duration: 53100.0
