comms_cons: 342.87500802395897
finished_reconf: true
global_termination_time: 3455180.325
local_termination_time: 532233.8723599998
node_cons: 71024.74263999834
tot_aggregated_send: 49532
tot_msg_rcv: 850
tot_msg_sent: 1733
tot_reconf_duration: 3.08
tot_sleeping_duration: 3402140.325
tot_uptimes: 885
tot_uptimes_duration: 53040.0
