comms_cons: 353.893920040555
finished_reconf: true
global_termination_time: 3457534.907
local_termination_time: 423777.9435600007
node_cons: 71108.39605675674
tot_aggregated_send: 46806
tot_msg_rcv: 2499
tot_msg_sent: 4484
tot_reconf_duration: 5.43
tot_sleeping_duration: 3404434.815800031
tot_uptimes: 886
tot_uptimes_duration: 53100.09119996888
