comms_cons: 1.6123263999943358
finished_reconf: true
global_termination_time: 7407.452240000004
local_termination_time: 7407.452240000004
node_cons: 196.93632336000536
tot_aggregated_send: 0
tot_msg_rcv: 141
tot_msg_sent: 100
tot_reconf_duration: 24.59
tot_sleeping_duration: 7285.314
tot_uptimes: 2
tot_uptimes_duration: 122.13824000000386
