comms_cons: 110.81969919198885
finished_reconf: true
global_termination_time: 1104283.566
local_termination_time: 527862.0383599999
node_cons: 22668.696783350588
tot_aggregated_send: 15254
tot_msg_rcv: 491
tot_msg_sent: 1099
tot_reconf_duration: 9.42
tot_sleeping_duration: 1087363.5477600072
tot_uptimes: 283
tot_uptimes_duration: 16920.018239992904
