comms_cons: 112.10361598864617
finished_reconf: true
global_termination_time: 1104741.352
local_termination_time: 693103.5023599998
node_cons: 22670.79894670556
tot_aggregated_send: 14558
tot_msg_rcv: 882
tot_msg_sent: 1600
tot_reconf_duration: 10.95
tot_sleeping_duration: 1087821.3155200107
tot_uptimes: 283
tot_uptimes_duration: 16920.03647998924
