comms_cons: 112.98191359112221
finished_reconf: true
global_termination_time: 1102653.488
local_termination_time: 13286.331640000004
node_cons: 22660.087028939288
tot_aggregated_send: 14674
tot_msg_rcv: 804
tot_msg_sent: 1695
tot_reconf_duration: 3.05
tot_sleeping_duration: 1085733.4393600153
tot_uptimes: 283
tot_uptimes_duration: 16920.04863998451
