comms_cons: 112.5759359917549
finished_reconf: true
global_termination_time: 1105851.192
local_termination_time: 451958.3473600001
node_cons: 22746.888406705635
tot_aggregated_send: 14732
tot_msg_rcv: 849
tot_msg_sent: 1529
tot_reconf_duration: 7.819999999999999
tot_sleeping_duration: 1088871.1555200107
tot_uptimes: 284
tot_uptimes_duration: 16980.03647998924
