comms_cons: 296.9244160023753
finished_reconf: true
global_termination_time: 3020819.607
local_termination_time: 2354973.6135599995
node_cons: 62120.70485999868
tot_aggregated_send: 43558
tot_msg_rcv: 480
tot_msg_sent: 1092
tot_reconf_duration: 13.17
tot_sleeping_duration: 2974439.607
tot_uptimes: 774
tot_uptimes_duration: 46380.0
