comms_cons: 302.6695168055218
finished_reconf: true
global_termination_time: 3020486.386
local_termination_time: 1235833.2953599999
node_cons: 62109.37640334966
tot_aggregated_send: 42398
tot_msg_rcv: 1169
tot_msg_sent: 2437
tot_reconf_duration: 4.8100000000000005
tot_sleeping_duration: 2974106.367760007
tot_uptimes: 774
tot_uptimes_duration: 46380.01823999314
