comms_cons: 308.35658245380483
finished_reconf: true
global_termination_time: 3022020.015
local_termination_time: 69486.40935999996
node_cons: 62111.32374782168
tot_aggregated_send: 41122
tot_msg_rcv: 2029
tot_msg_sent: 3718
tot_reconf_duration: 6.22
tot_sleeping_duration: 2975639.972440013
tot_uptimes: 774
tot_uptimes_duration: 46380.042559987225
