comms_cons: 377.6817280813535
finished_reconf: true
global_termination_time: 3724615.988
local_termination_time: 16766.17936
node_cons: 76588.83059117233
tot_aggregated_send: 51388
tot_msg_rcv: 2137
tot_msg_sent: 3882
tot_reconf_duration: 18.21
tot_sleeping_duration: 3667435.927200019
tot_uptimes: 954
tot_uptimes_duration: 57180.06079998071
