comms_cons: 371.1990912421248
finished_reconf: true
global_termination_time: 3726867.977
local_termination_time: 1911585.93436
node_cons: 76655.37878446653
tot_aggregated_send: 51156
tot_msg_rcv: 1774
tot_msg_sent: 3491
tot_reconf_duration: 8.09
tot_sleeping_duration: 3669627.9526800085
tot_uptimes: 955
tot_uptimes_duration: 57240.02431999124
