comms_cons: 373.98396164181287
finished_reconf: true
global_termination_time: 3722895.595
local_termination_time: 1234544.29236
node_cons: 76661.58481005106
tot_aggregated_send: 52258
tot_msg_rcv: 1567
tot_msg_sent: 3018
tot_reconf_duration: 12.629999999999999
tot_sleeping_duration: 3665655.5402800203
tot_uptimes: 954
tot_uptimes_duration: 57240.05471997964
