comms_cons: 382.22583043677184
finished_reconf: true
global_termination_time: 3833125.06
local_termination_time: 2206562.8718799977
node_cons: 78843.58586101761
tot_aggregated_send: 52780
tot_msg_rcv: 1775
tot_msg_sent: 3541
tot_reconf_duration: 15.34
tot_sleeping_duration: 3774258.178640015
tot_uptimes: 982
tot_uptimes_duration: 58866.881359984865
