comms_cons: 389.4239616607036
finished_reconf: true
global_termination_time: 3833624.853
local_termination_time: 324268.2178400002
node_cons: 78844.39639340562
tot_aggregated_send: 52838
tot_msg_rcv: 2299
tot_msg_sent: 4053
tot_reconf_duration: 22.65
tot_sleeping_duration: 3774764.7800400243
tot_uptimes: 982
tot_uptimes_duration: 58860.07295997575
