comms_cons: 1265.0814743880287
finished_reconf: true
global_termination_time: 4395132.827
local_termination_time: 2841967.1574799996
node_cons: 179733.85671299414
tot_aggregated_send: 0
tot_msg_rcv: 64346
tot_msg_sent: 127939
tot_reconf_duration: 18.21
tot_sleeping_duration: 4260921.379999999
tot_uptimes: 2227
tot_uptimes_duration: 134211.44700000033
