comms_cons: 444.39715849213746
finished_reconf: true
global_termination_time: 4398892.6
local_termination_time: 1007138.3519999981
node_cons: 90488.47338516457
tot_aggregated_send: 60668
tot_msg_rcv: 2231
tot_msg_sent: 4645
tot_reconf_duration: 13.17
tot_sleeping_duration: 4331326.813200025
tot_uptimes: 1127
tot_uptimes_duration: 67565.78679997532
