comms_cons: 441.98863366573187
finished_reconf: true
global_termination_time: 4397272.896
local_termination_time: 1864876.12736
node_cons: 90480.015963349
tot_aggregated_send: 61596
tot_msg_rcv: 1878
tot_msg_sent: 3706
tot_reconf_duration: 12.629999999999999
tot_sleeping_duration: 4329712.877760007
tot_uptimes: 1127
tot_uptimes_duration: 67560.01823999349
