comms_cons: 319.6814016264037
finished_reconf: true
global_termination_time: 3184101.136
local_termination_time: 1855360.7217199989
node_cons: 65497.97242558386
tot_aggregated_send: 44312
tot_msg_rcv: 1413
tot_msg_sent: 2864
tot_reconf_duration: 15.34
tot_sleeping_duration: 3135201.105600011
tot_uptimes: 816
tot_uptimes_duration: 48900.03039998887
