comms_cons: 318.40556799746685
finished_reconf: true
global_termination_time: 3186168.656
local_termination_time: 2028281.67936
node_cons: 65511.46554111553
tot_aggregated_send: 44022
tot_msg_rcv: 1491
tot_msg_sent: 2882
tot_reconf_duration: 25.299999999999997
tot_sleeping_duration: 3137268.649920002
tot_uptimes: 816
tot_uptimes_duration: 48900.006079997635
