comms_cons: 309.8809471983876
finished_reconf: true
global_termination_time: 3183707.492
local_termination_time: 1342976.537999998
node_cons: 65488.991919580665
tot_aggregated_send: 44138
tot_msg_rcv: 930
tot_msg_sent: 2033
tot_reconf_duration: 8.09
tot_sleeping_duration: 3134806.815600014
tot_uptimes: 816
tot_uptimes_duration: 48900.67639998649
