comms_cons: 317.20224641714697
finished_reconf: true
global_termination_time: 3185511.158
local_termination_time: 1094924.5445599984
node_cons: 65497.668226699774
tot_aggregated_send: 44370
tot_msg_rcv: 1350
tot_msg_sent: 2492
tot_reconf_duration: 15.110000000000001
tot_sleeping_duration: 3136611.1215200135
tot_uptimes: 816
tot_uptimes_duration: 48900.03647998604
