comms_cons: 320.862508838
finished_reconf: true
global_termination_time: 3183697.759
local_termination_time: 483328.2474800005
node_cons: 65483.143031168474
tot_aggregated_send: 44312
tot_msg_rcv: 1493
tot_msg_sent: 2964
tot_reconf_duration: 4.390000000000001
tot_sleeping_duration: 3134797.6982000223
tot_uptimes: 816
tot_uptimes_duration: 48900.06079997751
