comms_cons: 424.9261564721443
finished_reconf: true
global_termination_time: 2568595.565
local_termination_time: 276620.4063600001
node_cons: 52790.009673410685
tot_aggregated_send: 0
tot_msg_rcv: 32898
tot_msg_sent: 31688
tot_reconf_duration: 4.8100000000000005
tot_sleeping_duration: 2529175.4920400213
tot_uptimes: 658
tot_uptimes_duration: 39420.072959978716
