comms_cons: 257.8059519901915
finished_reconf: true
global_termination_time: 2563200.674
local_termination_time: 424113.09936000005
node_cons: 52711.568171177314
tot_aggregated_send: 34510
tot_msg_rcv: 1644
tot_msg_sent: 3031
tot_reconf_duration: 6.22
tot_sleeping_duration: 2523840.6132000163
tot_uptimes: 657
tot_uptimes_duration: 39360.06079998369
