comms_cons: 20.56657920005787
finished_reconf: true
global_termination_time: 217566.828
local_termination_time: 50462.02536000001
node_cons: 4434.05898
tot_aggregated_send: 2842
tot_msg_rcv: 118
tot_msg_sent: 166
tot_reconf_duration: 11.31
tot_sleeping_duration: 214266.828
tot_uptimes: 56
tot_uptimes_duration: 3300.0
