comms_cons: 142.14424319105797
finished_reconf: true
global_termination_time: 1434946.172
local_termination_time: 439982.26236000005
node_cons: 29502.705565597982
tot_aggregated_send: 19082
tot_msg_rcv: 843
tot_msg_sent: 1680
tot_reconf_duration: 13.17
tot_sleeping_duration: 1412926.1416000016
tot_uptimes: 368
tot_uptimes_duration: 22020.030399998475
