comms_cons: 141.46126078919266
finished_reconf: true
global_termination_time: 1435262.502
local_termination_time: 448048.54248000006
node_cons: 29497.24093228978
tot_aggregated_send: 18444
tot_msg_rcv: 905
tot_msg_sent: 2154
tot_reconf_duration: 9.11
tot_sleeping_duration: 1413242.4351200226
tot_uptimes: 368
tot_uptimes_duration: 22020.066879977414
