comms_cons: 141.09802879294128
finished_reconf: true
global_termination_time: 1440250.041
local_termination_time: 511214.2456000001
node_cons: 29582.32054738882
tot_aggregated_send: 18908
tot_msg_rcv: 854
tot_msg_sent: 1683
tot_reconf_duration: 12.629999999999999
tot_sleeping_duration: 1418170.0044000084
tot_uptimes: 369
tot_uptimes_duration: 22080.03659999161
