comms_cons: 64.67381759322896
finished_reconf: true
global_termination_time: 646811.21
local_termination_time: 2383.81112
node_cons: 13285.557722238282
tot_aggregated_send: 0
tot_msg_rcv: 279
tot_msg_sent: 9551
tot_reconf_duration: 21.68
tot_sleeping_duration: 636911.1978400013
tot_uptimes: 166
tot_uptimes_duration: 9900.012159998703
