comms_cons: 212.42826239116087
finished_reconf: true
global_termination_time: 2147170.228
local_termination_time: 583721.6028399997
node_cons: 44127.51614335001
tot_aggregated_send: 29928
tot_msg_rcv: 752
tot_msg_sent: 1607
tot_reconf_duration: 15.34
tot_sleeping_duration: 2114230.2097600074
tot_uptimes: 550
tot_uptimes_duration: 32940.0182399929
