comms_cons: 215.883315186873
finished_reconf: true
global_termination_time: 2150846.317
local_termination_time: 557431.4241599992
node_cons: 44194.596624466816
tot_aggregated_send: 30044
tot_msg_rcv: 968
tot_msg_sent: 1801
tot_reconf_duration: 5.57
tot_sleeping_duration: 2117846.2926800093
tot_uptimes: 551
tot_uptimes_duration: 33000.02431999054
