comms_cons: 265.7687743929552
finished_reconf: true
global_termination_time: 2669073.786
local_termination_time: 620206.8523599998
node_cons: 54879.82476558319
tot_aggregated_send: 37700
tot_msg_rcv: 816
tot_msg_sent: 1879
tot_reconf_duration: 5.57
tot_sleeping_duration: 2628093.7556000114
tot_uptimes: 684
tot_uptimes_duration: 40980.03039998817
