comms_cons: 268.21524481584675
finished_reconf: true
global_termination_time: 2664580.237
local_termination_time: 36064.35656000014
node_cons: 54809.82184782643
tot_aggregated_send: 37120
tot_msg_rcv: 1212
tot_msg_sent: 2435
tot_reconf_duration: 13.17
tot_sleeping_duration: 2623660.1944400095
tot_uptimes: 683
tot_uptimes_duration: 40920.04255999054
