comms_cons: 902.1963128575021
finished_reconf: true
global_termination_time: 2665348.204
local_termination_time: 1739996.6445999998
node_cons: 161387.21440773978
tot_aggregated_send: 0
tot_msg_rcv: 55461
tot_msg_sent: 81668
tot_reconf_duration: 6.22
tot_sleeping_duration: 2544826.346160011
tot_uptimes: 1981
tot_uptimes_duration: 120521.85783998886
