comms_cons: 62.138252797113246
finished_reconf: true
global_termination_time: 126726.74595999964
local_termination_time: 126726.70483999964
node_cons: 7896.600235037843
tot_aggregated_send: 0
tot_msg_rcv: 3777
tot_msg_sent: 5667
tot_reconf_duration: 24.59
tot_sleeping_duration: 120854.29860000125
tot_uptimes: 98
tot_uptimes_duration: 5872.447359998387
