comms_cons: 12.816281599761975
finished_reconf: true
global_termination_time: 126727.10035999991
local_termination_time: 123918.71291999957
node_cons: 2601.950589039882
tot_aggregated_send: 1682
tot_msg_rcv: 96
tot_msg_sent: 170
tot_reconf_duration: 7.819999999999999
tot_sleeping_duration: 124791.827
tot_uptimes: 33
tot_uptimes_duration: 1935.2733599999046
