comms_cons: 73.04301440916532
finished_reconf: true
global_termination_time: 373817.661
local_termination_time: 877.4230399999996
node_cons: 7657.045462240591
tot_aggregated_send: 0
tot_msg_rcv: 5604
tot_msg_sent: 5497
tot_reconf_duration: 18.21
tot_sleeping_duration: 368117.6488399996
tot_uptimes: 96
tot_uptimes_duration: 5700.012160000435
