comms_cons: 73.97416960833327
finished_reconf: true
global_termination_time: 373105.0440000001
local_termination_time: 945.4733599999998
node_cons: 7653.7082700001465
tot_aggregated_send: 0
tot_msg_rcv: 5727
tot_msg_sent: 5517
tot_reconf_duration: 4.8100000000000005
tot_sleeping_duration: 367393.934
tot_uptimes: 96
tot_uptimes_duration: 5711.110000000102
