comms_cons: 38.431142400583084
finished_reconf: true
global_termination_time: 377192.333
local_termination_time: 25920.9146
node_cons: 7718.6341844834515
tot_aggregated_send: 4756
tot_msg_rcv: 407
tot_msg_sent: 678
tot_reconf_duration: 4.390000000000001
tot_sleeping_duration: 371432.3086799974
tot_uptimes: 97
tot_uptimes_duration: 5760.0243200025725
