comms_cons: 111.22467837995633
finished_reconf: true
global_termination_time: 1032028.29024
local_termination_time: 51149.494280000064
node_cons: 21254.999125030245
tot_aggregated_send: 11600
tot_msg_rcv: 1614
tot_msg_sent: 3691
tot_reconf_duration: 18.21
tot_sleeping_duration: 1016172.9728800073
tot_uptimes: 265
tot_uptimes_duration: 15855.317359992696
