comms_cons: 113.64252159856181
finished_reconf: true
global_termination_time: 1149034.459
local_termination_time: 297666.73456000024
node_cons: 23627.333940000026
tot_aggregated_send: 16704
tot_msg_rcv: 225
tot_msg_sent: 344
tot_reconf_duration: 5.43
tot_sleeping_duration: 1131394.459
tot_uptimes: 295
tot_uptimes_duration: 17640.0
