comms_cons: 50.47618560035277
finished_reconf: true
global_termination_time: 494305.073
local_termination_time: 32099.77036
node_cons: 10157.205541121422
tot_aggregated_send: 6612
tot_msg_rcv: 383
tot_msg_sent: 677
tot_reconf_duration: 25.299999999999997
tot_sleeping_duration: 486745.0669199989
tot_uptimes: 127
tot_uptimes_duration: 7560.006080001054
