comms_cons: 1.8750719999938046
finished_reconf: true
global_termination_time: 14024.267
local_termination_time: 4041.54336
node_cons: 258.9048600000001
tot_aggregated_send: 0
tot_msg_rcv: 178
tot_msg_sent: 107
tot_reconf_duration: 13.17
tot_sleeping_duration: 13844.267
tot_uptimes: 4
tot_uptimes_duration: 180.0
