comms_cons: 20.763955199951656
finished_reconf: true
global_termination_time: 9847.594240000002
local_termination_time: 3052.7680400000013
node_cons: 2962.4191054800126
tot_aggregated_send: 0
tot_msg_rcv: 1598
tot_msg_sent: 1557
tot_reconf_duration: 6.22
tot_sleeping_duration: 7641.490919999994
tot_uptimes: 32
tot_uptimes_duration: 2206.103320000009
