comms_cons: 1.7961215999940656
finished_reconf: true
global_termination_time: 12969.529
local_termination_time: 5695.919360000001
node_cons: 256.3789800000005
tot_aggregated_send: 0
tot_msg_rcv: 165
tot_msg_sent: 108
tot_reconf_duration: 11.31
tot_sleeping_duration: 12789.529
tot_uptimes: 4
tot_uptimes_duration: 180.0
