comms_cons: 344.5717760465978
finished_reconf: true
global_termination_time: 3386260.445
local_termination_time: 209468.31056000068
node_cons: 69679.598732289
tot_aggregated_send: 46458
tot_msg_rcv: 2088
tot_msg_sent: 3825
tot_reconf_duration: 18.21
tot_sleeping_duration: 3334240.378120022
tot_uptimes: 868
tot_uptimes_duration: 52020.066879977996
