comms_cons: 337.00400000258986
finished_reconf: true
global_termination_time: 3388995.522
local_termination_time: 2804297.598
node_cons: 69672.68928334917
tot_aggregated_send: 47379
tot_msg_rcv: 1297
tot_msg_sent: 2546
tot_reconf_duration: 13.17
tot_sleeping_duration: 3336975.5037600067
tot_uptimes: 868
tot_uptimes_duration: 52020.01823999314
