comms_cons: 336.4734464165902
finished_reconf: true
global_termination_time: 3386359.327
local_termination_time: 1844216.40636
node_cons: 69665.79064334907
tot_aggregated_send: 47792
tot_msg_rcv: 1076
tot_msg_sent: 2274
tot_reconf_duration: 8.09
tot_sleeping_duration: 3334339.3087600074
tot_uptimes: 868
tot_uptimes_duration: 52020.0182399929
