comms_cons: 335.39083522798177
finished_reconf: true
global_termination_time: 3389156.205
local_termination_time: 1548600.1759199984
node_cons: 69667.19208558339
tot_aggregated_send: 47444
tot_msg_rcv: 1211
tot_msg_sent: 2322
tot_reconf_duration: 9.11
tot_sleeping_duration: 3337136.174600011
tot_uptimes: 868
tot_uptimes_duration: 52020.03039998864
