comms_cons: 338.2720384176949
finished_reconf: true
global_termination_time: 3386610.559
local_termination_time: 560926.577
node_cons: 69677.44646734
tot_aggregated_send: 47094
tot_msg_rcv: 1409
tot_msg_sent: 2911
tot_reconf_duration: 9.42
tot_sleeping_duration: 3334583.184760014
tot_uptimes: 868
tot_uptimes_duration: 52027.37423998618
