comms_cons: 340.2965888321546
finished_reconf: true
global_termination_time: 3386236.8902399973
local_termination_time: 25857.946
node_cons: 69695.36238165665
tot_aggregated_send: 47206
tot_msg_rcv: 1453
tot_msg_sent: 3064
tot_reconf_duration: 11.899999999999999
tot_sleeping_duration: 3334198.6511200136
tot_uptimes: 868
tot_uptimes_duration: 52038.2391199837
