comms_cons: 344.7357376553506
finished_reconf: true
global_termination_time: 3388368.492
local_termination_time: 1394214.3257999993
node_cons: 69663.28374781688
tot_aggregated_send: 46168
tot_msg_rcv: 2106
tot_msg_sent: 4124
tot_reconf_duration: 6.22
tot_sleeping_duration: 3336348.449440016
tot_uptimes: 868
tot_uptimes_duration: 52020.04255998391
