comms_cons: 74.3318015996129
finished_reconf: true
global_termination_time: 749375.0732799992
local_termination_time: 749375.0321599992
node_cons: 15417.81968728331
tot_aggregated_send: 10600
tot_msg_rcv: 207
tot_msg_sent: 490
tot_reconf_duration: 24.59
tot_sleeping_duration: 737885.5837599968
tot_uptimes: 192
tot_uptimes_duration: 11489.489520002448
