comms_cons: 77.23980799842171
finished_reconf: true
global_termination_time: 750043.749
local_termination_time: 186076.40792000032
node_cons: 15431.290466714829
tot_aggregated_send: 9976
tot_msg_rcv: 658
tot_msg_sent: 1106
tot_reconf_duration: 4.390000000000001
tot_sleeping_duration: 738523.7125200038
tot_uptimes: 193
tot_uptimes_duration: 11520.03647999611
