comms_cons: 76.9371647989835
finished_reconf: true
global_termination_time: 753018.268
local_termination_time: 521937.1673600001
node_cons: 15429.462605593444
tot_aggregated_send: 9628
tot_msg_rcv: 668
tot_msg_sent: 1398
tot_reconf_duration: 3.05
tot_sleeping_duration: 741498.237600005
tot_uptimes: 193
tot_uptimes_duration: 11520.030399995041
