comms_cons: 145.6277631979275
finished_reconf: true
global_termination_time: 1482655.927
local_termination_time: 371911.1133600001
node_cons: 30453.001900000112
tot_aggregated_send: 20880
tot_msg_rcv: 441
tot_msg_sent: 813
tot_reconf_duration: 3.05
tot_sleeping_duration: 1459915.927
tot_uptimes: 380
tot_uptimes_duration: 22740.0
