comms_cons: 355.9463168058298
finished_reconf: true
global_termination_time: 3579924.263
local_termination_time: 1870082.21936
node_cons: 73612.28800223238
tot_aggregated_send: 49126
tot_msg_rcv: 1792
tot_msg_sent: 3183
tot_reconf_duration: 15.34
tot_sleeping_duration: 3524964.2508400045
tot_uptimes: 917
tot_uptimes_duration: 54960.0121599955
