comms_cons: 350.19765760748425
finished_reconf: true
global_termination_time: 3580560.993
local_termination_time: 2035561.7313999983
node_cons: 73599.01220111552
tot_aggregated_send: 49938
tot_msg_rcv: 1143
tot_msg_sent: 2147
tot_reconf_duration: 5.57
tot_sleeping_duration: 3525600.986920002
tot_uptimes: 917
tot_uptimes_duration: 54960.00607999787
