comms_cons: 129.9898111881704
finished_reconf: true
global_termination_time: 1274568.715
local_termination_time: 693066.0877199997
node_cons: 26211.704284467323
tot_aggregated_send: 17226
tot_msg_rcv: 855
tot_msg_sent: 1676
tot_reconf_duration: 15.34
tot_sleeping_duration: 1255008.6906800095
tot_uptimes: 327
tot_uptimes_duration: 19560.024319990538
