comms_cons: 131.08398078856285
finished_reconf: true
global_termination_time: 1275864.216
local_termination_time: 557204.5843599999
node_cons: 26199.400804467397
tot_aggregated_send: 17168
tot_msg_rcv: 1013
tot_msg_sent: 1743
tot_reconf_duration: 6.279999999999999
tot_sleeping_duration: 1256304.1916800095
tot_uptimes: 327
tot_uptimes_duration: 19560.02431999053
