comms_cons: 126.55546879554909
finished_reconf: true
global_termination_time: 1275401.946
local_termination_time: 1032724.1516399991
node_cons: 26207.99154000005
tot_aggregated_send: 18212
tot_msg_rcv: 339
tot_msg_sent: 685
tot_reconf_duration: 12.629999999999999
tot_sleeping_duration: 1255841.946
tot_uptimes: 327
tot_uptimes_duration: 19560.0
