comms_cons: 516.1311809041641
finished_reconf: true
global_termination_time: 5134072.826
local_termination_time: 797659.9683199995
node_cons: 105571.0159100499
tot_aggregated_send: 71862
tot_msg_rcv: 2227
tot_msg_sent: 4359
tot_reconf_duration: 3.08
tot_sleeping_duration: 5055232.7712800205
tot_uptimes: 1315
tot_uptimes_duration: 78840.05471997987
