comms_cons: 516.625529719023
finished_reconf: true
global_termination_time: 5132362.786
local_termination_time: 975704.5553599999
node_cons: 105579.18022669913
tot_aggregated_send: 71804
tot_msg_rcv: 2311
tot_msg_sent: 4408
tot_reconf_duration: 9.11
tot_sleeping_duration: 5053522.749520014
tot_uptimes: 1315
tot_uptimes_duration: 78840.03647998674
