comms_cons: 518.3728065198114
finished_reconf: true
global_termination_time: 5132598.874
local_termination_time: 1914811.4508399998
node_cons: 105581.65452334858
tot_aggregated_send: 71108
tot_msg_rcv: 2579
tot_msg_sent: 5102
tot_reconf_duration: 10.95
tot_sleeping_duration: 5053758.855760006
tot_uptimes: 1315
tot_uptimes_duration: 78840.0182399936
