comms_cons: 510.9768896719547
finished_reconf: true
global_termination_time: 5132982.758
local_termination_time: 1216943.7181599992
node_cons: 105575.24746558165
tot_aggregated_send: 71688
tot_msg_rcv: 2197
tot_msg_sent: 3780
tot_reconf_duration: 6.22
tot_sleeping_duration: 5054142.727600012
tot_uptimes: 1315
tot_uptimes_duration: 78840.03039998864
