comms_cons: 511.2820032953266
finished_reconf: true
global_termination_time: 5133897.419
local_termination_time: 1206866.5275199981
node_cons: 105582.17596781637
tot_aggregated_send: 71456
tot_msg_rcv: 2135
tot_msg_sent: 4120
tot_reconf_duration: 11.31
tot_sleeping_duration: 5055057.376440016
tot_uptimes: 1315
tot_uptimes_duration: 78840.0425599846
