comms_cons: 378.2697856509467
finished_reconf: true
global_termination_time: 3752036.187
local_termination_time: 67455.79347999996
node_cons: 77151.20309277048
tot_aggregated_send: 51910
tot_msg_rcv: 1817
tot_msg_sent: 3769
tot_reconf_duration: 18.21
tot_sleeping_duration: 3694436.1318000206
tot_uptimes: 961
tot_uptimes_duration: 57600.05519997934
