comms_cons: 373.5956864507415
finished_reconf: true
global_termination_time: 3750639.806
local_termination_time: 3001140.47136
node_cons: 77160.78182334901
tot_aggregated_send: 52258
tot_msg_rcv: 1527
tot_msg_sent: 2999
tot_reconf_duration: 25.299999999999997
tot_sleeping_duration: 3693039.7877600063
tot_uptimes: 961
tot_uptimes_duration: 57600.01823999337
