comms_cons: 375.5508992692492
finished_reconf: true
global_termination_time: 3748316.938
local_termination_time: 377498.5272800003
node_cons: 77071.51972893398
tot_aggregated_send: 52258
tot_msg_rcv: 1634
tot_msg_sent: 3189
tot_reconf_duration: 18.700000000000003
tot_sleeping_duration: 3690776.889360018
tot_uptimes: 960
tot_uptimes_duration: 57540.04863998201
