comms_cons: 377.86803205853323
finished_reconf: true
global_termination_time: 3751074.888
local_termination_time: 911122.3851199991
node_cons: 77132.98082670046
tot_aggregated_send: 52026
tot_msg_rcv: 1748
tot_msg_sent: 3659
tot_reconf_duration: 4.8100000000000005
tot_sleeping_duration: 3693474.851520013
tot_uptimes: 961
tot_uptimes_duration: 57600.03647998674
