comms_cons: 380.29427208210546
finished_reconf: true
global_termination_time: 3752248.394
local_termination_time: 1071432.3643599998
node_cons: 77132.4023255831
tot_aggregated_send: 51794
tot_msg_rcv: 2117
tot_msg_sent: 3892
tot_reconf_duration: 4.390000000000001
tot_sleeping_duration: 3694648.363600011
tot_uptimes: 961
tot_uptimes_duration: 57600.03039998887
