comms_cons: 52.74694400040539
finished_reconf: true
global_termination_time: 525932.4179599987
local_termination_time: 525932.3768399988
node_cons: 10875.553542802558
tot_aggregated_send: 7224
tot_msg_rcv: 230
tot_msg_sent: 563
tot_reconf_duration: 37.410000000000004
tot_sleeping_duration: 517848.2127599968
tot_uptimes: 135
tot_uptimes_duration: 8084.205200001888
