comms_cons: 53.12766720103042
finished_reconf: true
global_termination_time: 529948.865
local_termination_time: 271892.9213600001
node_cons: 10860.786382242892
tot_aggregated_send: 7134
tot_msg_rcv: 270
tot_msg_sent: 672
tot_reconf_duration: 10.95
tot_sleeping_duration: 521848.85283999785
tot_uptimes: 136
tot_uptimes_duration: 8100.0121600021375
