comms_cons: 727.3217722693125
finished_reconf: true
global_termination_time: 2062181.684
local_termination_time: 214880.62760000007
node_cons: 124972.15113156255
tot_aggregated_send: 0
tot_msg_rcv: 44720
tot_msg_sent: 65830
tot_reconf_duration: 18.21
tot_sleeping_duration: 1968867.7019599953
tot_uptimes: 1530
tot_uptimes_duration: 93313.98204000469
