comms_cons: 206.6000383862705
finished_reconf: true
global_termination_time: 2060846.3832400003
local_termination_time: 90812.0296399995
node_cons: 42427.56045383677
tot_aggregated_send: 28768
tot_msg_rcv: 907
tot_msg_sent: 1726
tot_reconf_duration: 6.22
tot_sleeping_duration: 2029166.6866800026
tot_uptimes: 528
tot_uptimes_duration: 31679.696559997858
