comms_cons: 30.475481600032666
finished_reconf: true
global_termination_time: 308619.068
local_termination_time: 145231.04799999998
node_cons: 6359.940213522738
tot_aggregated_send: 4346
tot_msg_rcv: 56
tot_msg_sent: 230
tot_reconf_duration: 7.819999999999999
tot_sleeping_duration: 303877.23031999794
tot_uptimes: 80
tot_uptimes_duration: 4741.837680002063
