comms_cons: 25.573977599938964
finished_reconf: true
global_termination_time: 258107.532
local_termination_time: 94788.155
node_cons: 5309.424133520641
tot_aggregated_send: 3709
tot_msg_rcv: 64
tot_msg_sent: 114
tot_reconf_duration: 4.8100000000000005
tot_sleeping_duration: 254147.19431999951
tot_uptimes: 67
tot_uptimes_duration: 3960.337680000477
