comms_cons: 33.942720000213086
finished_reconf: true
global_termination_time: 350816.69512000016
local_termination_time: 105614.04935999998
node_cons: 7178.887240800234
tot_aggregated_send: 4872
tot_msg_rcv: 74
tot_msg_sent: 213
tot_reconf_duration: 5.1
tot_sleeping_duration: 345460.48792000004
tot_uptimes: 90
tot_uptimes_duration: 5356.207200000163
