comms_cons: 59.25885440059827
finished_reconf: true
global_termination_time: 598803.268
local_termination_time: 4082.355
node_cons: 12307.96018336203
tot_aggregated_send: 8398
tot_msg_rcv: 175
tot_msg_sent: 434
tot_reconf_duration: 11.719999999999999
tot_sleeping_duration: 589623.2497599985
tot_uptimes: 154
tot_uptimes_duration: 9180.018240001504
