comms_cons: 52.02239360426688
finished_reconf: true
global_termination_time: 264128.763
local_termination_time: 8119.827360000001
node_cons: 5413.546841121437
tot_aggregated_send: 0
tot_msg_rcv: 4039
tot_msg_sent: 3867
tot_reconf_duration: 22.65
tot_sleeping_duration: 260108.7569199989
tot_uptimes: 68
tot_uptimes_duration: 4020.0060800010688
