comms_cons: 30.63731200061751
finished_reconf: true
global_termination_time: 303298.493
local_termination_time: 98850.23647999995
node_cons: 6203.339681119144
tot_aggregated_send: 4002
tot_msg_rcv: 207
tot_msg_sent: 448
tot_reconf_duration: 12.629999999999999
tot_sleeping_duration: 298678.48692000064
tot_uptimes: 78
tot_uptimes_duration: 4620.006079999366
