comms_cons: 31.336729600473408
finished_reconf: true
global_termination_time: 302981.569
local_termination_time: 22783.89648
node_cons: 6196.823983362018
tot_aggregated_send: 4060
tot_msg_rcv: 301
tot_msg_sent: 402
tot_reconf_duration: 7.819999999999999
tot_sleeping_duration: 298361.5507599985
tot_uptimes: 78
tot_uptimes_duration: 4620.018240001504
