comms_cons: 154.24934399499253
finished_reconf: true
global_termination_time: 1572861.576
local_termination_time: 812663.6622799983
node_cons: 32314.56486000011
tot_aggregated_send: 22678
tot_msg_rcv: 254
tot_msg_sent: 513
tot_reconf_duration: 13.17
tot_sleeping_duration: 1548741.576
tot_uptimes: 403
tot_uptimes_duration: 24120.0
