comms_cons: 163.02174718190295
finished_reconf: true
global_termination_time: 1576751.272
local_termination_time: 274110.13836
node_cons: 32383.054890060757
tot_aggregated_send: 20706
tot_msg_rcv: 1508
tot_msg_sent: 2564
tot_reconf_duration: 4.390000000000001
tot_sleeping_duration: 1552571.2172800144
tot_uptimes: 404
tot_uptimes_duration: 24180.054719985637
