comms_cons: 157.12445439525698
finished_reconf: true
global_termination_time: 1573172.41
local_termination_time: 317563.15036
node_cons: 32304.05394000004
tot_aggregated_send: 22388
tot_msg_rcv: 571
tot_msg_sent: 923
tot_reconf_duration: 5.43
tot_sleeping_duration: 1549052.41
tot_uptimes: 403
tot_uptimes_duration: 24120.0
