comms_cons: 197.21642238927038
finished_reconf: true
global_termination_time: 1978347.719
local_termination_time: 461735.51656000025
node_cons: 40656.22263999973
tot_aggregated_send: 28304
tot_msg_rcv: 629
tot_msg_sent: 1042
tot_reconf_duration: 3.08
tot_sleeping_duration: 1947987.719
tot_uptimes: 507
tot_uptimes_duration: 30360.0
