comms_cons: 203.09043197916543
finished_reconf: true
global_termination_time: 1976469.206
local_termination_time: 547500.70136
node_cons: 40658.65339116811
tot_aggregated_send: 26680
tot_msg_rcv: 1504
tot_msg_sent: 2683
tot_reconf_duration: 4.8100000000000005
tot_sleeping_duration: 1946109.1452000237
tot_uptimes: 507
tot_uptimes_duration: 30360.06079997634
