comms_cons: 53.23230720026471
finished_reconf: true
global_termination_time: 540910.827
local_termination_time: 18857.72536
node_cons: 11107.439380000016
tot_aggregated_send: 7830
tot_msg_rcv: 101
tot_msg_sent: 160
tot_reconf_duration: 15.110000000000001
tot_sleeping_duration: 532630.827
tot_uptimes: 139
tot_uptimes_duration: 8280.0
