comms_cons: 438.44773765816956
finished_reconf: true
global_termination_time: 4372499.422
local_termination_time: 182584.98820000066
node_cons: 89937.71253221521
tot_aggregated_send: 61480
tot_msg_rcv: 1748
tot_msg_sent: 3414
tot_reconf_duration: 25.299999999999997
tot_sleeping_duration: 4305357.259840017
tot_uptimes: 1120
tot_uptimes_duration: 67142.16215998327
