comms_cons: 197.13256959213822
finished_reconf: true
global_termination_time: 2000145.956
local_termination_time: 1181353.761239999
node_cons: 41142.608239999725
tot_aggregated_send: 28710
tot_msg_rcv: 393
tot_msg_sent: 860
tot_reconf_duration: 6.279999999999999
tot_sleeping_duration: 1969425.956
tot_uptimes: 513
tot_uptimes_duration: 30720.0
