comms_cons: 199.9299839797178
finished_reconf: true
global_termination_time: 2002433.159
local_termination_time: 1040633.3537599981
node_cons: 41138.28702893441
tot_aggregated_send: 26854
tot_msg_rcv: 1257
tot_msg_sent: 2278
tot_reconf_duration: 3.05
tot_sleeping_duration: 1971713.110360019
tot_uptimes: 513
tot_uptimes_duration: 30720.048639981076
