comms_cons: 752.2920449069925
finished_reconf: true
global_termination_time: 2583970.604
local_termination_time: 1942635.4584799998
node_cons: 105370.01322399675
tot_aggregated_send: 0
tot_msg_rcv: 38321
tot_msg_sent: 76023
tot_reconf_duration: 18.21
tot_sleeping_duration: 2505296.0080000004
tot_uptimes: 1306
tot_uptimes_duration: 78674.59599999987
