comms_cons: 261.71182719638114
finished_reconf: true
global_termination_time: 2583564.628
local_termination_time: 1899596.7064399985
node_cons: 53111.288262233546
tot_aggregated_send: 35728
tot_msg_rcv: 1440
tot_msg_sent: 2610
tot_reconf_duration: 4.8100000000000005
tot_sleeping_duration: 2543904.6158400043
tot_uptimes: 662
tot_uptimes_duration: 39660.012159995735
