comms_cons: 10.678668799519441
finished_reconf: true
global_termination_time: 104637.251
local_termination_time: 6966.2029999999995
node_cons: 2105.4809044777444
tot_aggregated_send: 396
tot_msg_rcv: 507
tot_msg_sent: 721
tot_reconf_duration: 12.23
tot_sleeping_duration: 103077.2266800017
tot_uptimes: 27
tot_uptimes_duration: 1560.024319998316
