comms_cons: 944.9690964198693
finished_reconf: true
global_termination_time: 4804967.280599997
local_termination_time: 3289.99848
node_cons: 98863.52289286615
tot_aggregated_send: 0
tot_msg_rcv: 72291
tot_msg_sent: 71338
tot_reconf_duration: 18.21
tot_sleeping_duration: 4731151.900680006
tot_uptimes: 1231
tot_uptimes_duration: 73815.37991999177
