comms_cons: 470.3748864392833
finished_reconf: true
global_termination_time: 4807597.452
local_termination_time: 2199044.649079999
node_cons: 98907.08452223183
tot_aggregated_send: 66584
tot_msg_rcv: 1746
tot_msg_sent: 3164
tot_reconf_duration: 6.279999999999999
tot_sleeping_duration: 4733737.439840004
tot_uptimes: 1232
tot_uptimes_duration: 73860.01215999573
