comms_cons: 469.04432643248845
finished_reconf: true
global_termination_time: 4807164.845
local_termination_time: 1054751.5251599983
node_cons: 98913.91526223124
tot_aggregated_send: 67570
tot_msg_rcv: 1288
tot_msg_sent: 2434
tot_reconf_duration: 11.31
tot_sleeping_duration: 4733304.832840004
tot_uptimes: 1232
tot_uptimes_duration: 73860.0121599955
