comms_cons: 0.5394944000000343
finished_reconf: true
global_termination_time: 4312.693
local_termination_time: 65.08147999999997
node_cons: 98.22485999999999
tot_aggregated_send: 0
tot_msg_rcv: 34
tot_msg_sent: 47
tot_reconf_duration: 13.17
tot_sleeping_duration: 4252.693
tot_uptimes: 2
tot_uptimes_duration: 59.99999999999999
