comms_cons: 0.7631872000017017
finished_reconf: true
global_termination_time: 7054.469000000001
local_termination_time: 1640.2553600000003
node_cons: 87.71394000000008
tot_aggregated_send: 0
tot_msg_rcv: 62
tot_msg_sent: 53
tot_reconf_duration: 5.43
tot_sleeping_duration: 6994.469000000001
tot_uptimes: 2
tot_uptimes_duration: 60.00000000000091
