comms_cons: 125.75619199068511
finished_reconf: true
global_termination_time: 1256980.708
local_termination_time: 490970.98036000005
node_cons: 25797.700804467328
tot_aggregated_send: 16472
tot_msg_rcv: 839
tot_msg_sent: 1803
tot_reconf_duration: 6.279999999999999
tot_sleeping_duration: 1237720.6836800096
tot_uptimes: 322
tot_uptimes_duration: 19260.024319990538
