comms_cons: 124.07402879651562
finished_reconf: true
global_termination_time: 1251696.648
local_termination_time: 761783.0184799997
node_cons: 25734.194599999977
tot_aggregated_send: 17284
tot_msg_rcv: 567
tot_msg_sent: 1006
tot_reconf_duration: 18.700000000000003
tot_sleeping_duration: 1232496.648
tot_uptimes: 321
tot_uptimes_duration: 19200.0
