comms_cons: 126.20471679334112
finished_reconf: true
global_termination_time: 1252142.698
local_termination_time: 564070.6085199981
node_cons: 25714.769761116888
tot_aggregated_send: 17458
tot_msg_rcv: 625
tot_msg_sent: 1099
tot_reconf_duration: 4.390000000000001
tot_sleeping_duration: 1232942.6919200025
tot_uptimes: 321
tot_uptimes_duration: 19200.006079997635
