comms_cons: 123.63946241586076
finished_reconf: true
global_termination_time: 425304.45848000015
local_termination_time: 3609.1250400000013
node_cons: 17337.80950472022
tot_aggregated_send: 0
tot_msg_rcv: 6299
tot_msg_sent: 12492
tot_reconf_duration: 6.22
tot_sleeping_duration: 412362.44
tot_uptimes: 213
tot_uptimes_duration: 12942.018480000144
