comms_cons: 215.974137577473
finished_reconf: true
global_termination_time: 2177016.11
local_termination_time: 1341843.9223599979
node_cons: 44764.77421973787
tot_aggregated_send: 28478
tot_msg_rcv: 1529
tot_msg_sent: 2818
tot_reconf_duration: 7.819999999999999
tot_sleeping_duration: 2143592.544160016
tot_uptimes: 558
tot_uptimes_duration: 33423.565839983756
