comms_cons: 221.3098687781475
finished_reconf: true
global_termination_time: 2178342.581
local_termination_time: 577224.1073599998
node_cons: 44770.25242558365
tot_aggregated_send: 29464
tot_msg_rcv: 1503
tot_msg_sent: 2671
tot_reconf_duration: 15.34
tot_sleeping_duration: 2144922.550600012
tot_uptimes: 558
tot_uptimes_duration: 33420.03039998817
