comms_cons: 234.62461438196206
finished_reconf: true
global_termination_time: 2335480.262
local_termination_time: 333786.54548000003
node_cons: 48049.330466700325
tot_aggregated_send: 31842
tot_msg_rcv: 1321
tot_msg_sent: 2499
tot_reconf_duration: 4.390000000000001
tot_sleeping_duration: 2299600.2255200143
tot_uptimes: 599
tot_uptimes_duration: 35880.03647998581
