comms_cons: 30.749158399933357
finished_reconf: true
global_termination_time: 8412.203240000003
local_termination_time: 2605.674920000007
node_cons: 3148.5843148400127
tot_aggregated_send: 0
tot_msg_rcv: 2481
tot_msg_sent: 2191
tot_reconf_duration: 5.57
tot_sleeping_duration: 6066.407679999993
tot_uptimes: 31
tot_uptimes_duration: 2345.7955600000096
