comms_cons: 1.8816511999937828
finished_reconf: true
global_termination_time: 10087.273
local_termination_time: 2602.9389200000032
node_cons: 164.86263999999989
tot_aggregated_send: 0
tot_msg_rcv: 166
tot_msg_sent: 118
tot_reconf_duration: 3.08
tot_sleeping_duration: 9967.273
tot_uptimes: 3
tot_uptimes_duration: 120.0
