comms_cons: 1.9277055999991624
finished_reconf: true
global_termination_time: 10201.175
local_termination_time: 4754.95036
node_cons: 173.05137999999954
tot_aggregated_send: 0
tot_msg_rcv: 185
tot_msg_sent: 108
tot_reconf_duration: 9.11
tot_sleeping_duration: 10081.175
tot_uptimes: 3
tot_uptimes_duration: 120.0
