comms_cons: 1704.0864790020794
finished_reconf: true
global_termination_time: 4012227.136
local_termination_time: 796184.9635999999
node_cons: 243602.71116280992
tot_aggregated_send: 0
tot_msg_rcv: 104635
tot_msg_sent: 154377
tot_reconf_duration: 6.22
tot_sleeping_duration: 3830304.608440016
tot_uptimes: 2967
tot_uptimes_duration: 181922.52755998384
