comms_cons: 151.9859263982827
finished_reconf: true
global_termination_time: 1545154.62
local_termination_time: 1306039.6656399982
node_cons: 31747.092359999948
tot_aggregated_send: 22504
tot_msg_rcv: 198
tot_msg_sent: 398
tot_reconf_duration: 9.42
tot_sleeping_duration: 1521454.62
tot_uptimes: 396
tot_uptimes_duration: 23700.0
