comms_cons: 153.0262399958667
finished_reconf: true
global_termination_time: 1546471.513
local_termination_time: 494890.03599999996
node_cons: 31841.034886560985
tot_aggregated_send: 22212
tot_msg_rcv: 308
tot_msg_sent: 740
tot_reconf_duration: 18.700000000000003
tot_sleeping_duration: 1522710.7659599993
tot_uptimes: 397
tot_uptimes_duration: 23760.747040000744
