comms_cons: 266.51743981998254
finished_reconf: true
global_termination_time: 1532313.06
local_termination_time: 897704.1397199997
node_cons: 31499.85268558429
tot_aggregated_send: 0
tot_msg_rcv: 20546
tot_msg_sent: 19964
tot_reconf_duration: 4.8100000000000005
tot_sleeping_duration: 1508793.0296000119
tot_uptimes: 393
tot_uptimes_duration: 23520.030399988173
