comms_cons: 151.1834367975267
finished_reconf: true
global_termination_time: 1530376.0373199985
local_termination_time: 1530375.9961999985
node_cons: 31509.73004959497
tot_aggregated_send: 22026
tot_msg_rcv: 275
tot_msg_sent: 677
tot_reconf_duration: 24.59
tot_sleeping_duration: 1506868.6909200023
tot_uptimes: 392
tot_uptimes_duration: 23507.346399996197
