comms_cons: 473.2420029767515
finished_reconf: true
global_termination_time: 978065.2385999998
local_termination_time: 978065.1974799999
node_cons: 59544.699968950394
tot_aggregated_send: 0
tot_msg_rcv: 29007
tot_msg_sent: 42924
tot_reconf_duration: 37.410000000000004
tot_sleeping_duration: 933633.6499600062
tot_uptimes: 730
tot_uptimes_duration: 44431.58863999357
