comms_cons: 99.3004927927179
finished_reconf: true
global_termination_time: 982394.181
local_termination_time: 303630.0076800003
node_cons: 20172.977330065325
tot_aggregated_send: 12470
tot_msg_rcv: 929
tot_msg_sent: 1695
tot_reconf_duration: 5.57
tot_sleeping_duration: 967334.1262800109
tot_uptimes: 252
tot_uptimes_duration: 15060.054719989013
