comms_cons: 100.67751679328408
finished_reconf: true
global_termination_time: 978119.813
local_termination_time: 97178.95207999936
node_cons: 20102.949988950877
tot_aggregated_send: 13108
tot_msg_rcv: 805
tot_msg_sent: 1391
tot_reconf_duration: 13.17
tot_sleeping_duration: 963119.7643600068
tot_uptimes: 251
tot_uptimes_duration: 15000.048639993169
