comms_cons: 38.784384000249894
finished_reconf: true
global_termination_time: 385928.6549200003
local_termination_time: 385928.6138000003
node_cons: 7941.961056001845
tot_aggregated_send: 5380
tot_msg_rcv: 205
tot_msg_sent: 309
tot_reconf_duration: 24.59
tot_sleeping_duration: 380022.33091999893
tot_uptimes: 99
tot_uptimes_duration: 5906.324000001361
