comms_cons: 38.185676800221216
finished_reconf: true
global_termination_time: 386820.399
local_termination_time: 378205.26968000026
node_cons: 7984.418700000042
tot_aggregated_send: 5510
tot_msg_rcv: 102
tot_msg_sent: 192
tot_reconf_duration: 22.65
tot_sleeping_duration: 380880.399
tot_uptimes: 100
tot_uptimes_duration: 5940.0
