comms_cons: 50.5999808004422
finished_reconf: true
global_termination_time: 496640.80148000014
local_termination_time: 82590.70047999996
node_cons: 10228.303459841667
tot_aggregated_send: 6728
tot_msg_rcv: 320
tot_msg_sent: 641
tot_reconf_duration: 4.390000000000001
tot_sleeping_duration: 489006.4909199989
tot_uptimes: 128
tot_uptimes_duration: 7634.310560001236
