comms_cons: 115.47153919880657
finished_reconf: true
global_termination_time: 1224947.575
local_termination_time: 5269.962
node_cons: 25150.18166000004
tot_aggregated_send: 17396
tot_msg_rcv: 53
tot_msg_sent: 102
tot_reconf_duration: 2.77
tot_sleeping_duration: 1206167.575
tot_uptimes: 314
tot_uptimes_duration: 18780.0
