comms_cons: 79.13524479550163
finished_reconf: true
global_termination_time: 782672.2391599993
local_termination_time: 782672.1980399993
node_cons: 16139.455955355907
tot_aggregated_send: 10716
tot_msg_rcv: 417
tot_msg_sent: 895
tot_reconf_duration: 24.59
tot_sleeping_duration: 770643.8129200024
tot_uptimes: 201
tot_uptimes_duration: 12028.426239996916
