comms_cons: 78.89118719549889
finished_reconf: true
global_termination_time: 783852.836
local_termination_time: 261233.29536000005
node_cons: 16083.367121116853
tot_aggregated_send: 10846
tot_msg_rcv: 399
tot_msg_sent: 746
tot_reconf_duration: 11.31
tot_sleeping_duration: 771852.8299200024
tot_uptimes: 201
tot_uptimes_duration: 12000.006079997635
