comms_cons: 180.409452789783
finished_reconf: true
global_termination_time: 618488.0664799999
local_termination_time: 3083.122480000002
node_cons: 25228.674122720095
tot_aggregated_send: 0
tot_msg_rcv: 9231
tot_msg_sent: 18187
tot_reconf_duration: 5.57
tot_sleeping_duration: 599652.286
tot_uptimes: 310
tot_uptimes_duration: 18835.780480000045
