comms_cons: 62.012134400519045
finished_reconf: true
global_termination_time: 621139.566
local_termination_time: 3953.6795200000015
node_cons: 12778.242640000019
tot_aggregated_send: 8874
tot_msg_rcv: 204
tot_msg_sent: 346
tot_reconf_duration: 3.08
tot_sleeping_duration: 611599.566
tot_uptimes: 160
tot_uptimes_duration: 9540.0
