comms_cons: 1165.1398942035032
finished_reconf: true
global_termination_time: 7078617.392
local_termination_time: 2908288.36936
node_cons: 145583.05464669815
tot_aggregated_send: 0
tot_msg_rcv: 89389
tot_msg_sent: 87704
tot_reconf_duration: 5.1
tot_sleeping_duration: 6969897.355520013
tot_uptimes: 1813
tot_uptimes_duration: 108720.0364799872
