comms_cons: 700.5341121497729
finished_reconf: true
global_termination_time: 7078907.965
local_termination_time: 2915992.573919999
node_cons: 145610.48624669775
tot_aggregated_send: 99006
tot_msg_rcv: 2648
tot_msg_sent: 4823
tot_reconf_duration: 25.299999999999997
tot_sleeping_duration: 6970187.928520013
tot_uptimes: 1813
tot_uptimes_duration: 108720.0364799872
