comms_cons: 699.5381185257099
finished_reconf: true
global_termination_time: 7080931.159
local_termination_time: 2404780.7644399987
node_cons: 145671.83596781522
tot_aggregated_send: 98890
tot_msg_rcv: 2511
tot_msg_sent: 4924
tot_reconf_duration: 11.31
tot_sleeping_duration: 6972151.116440015
tot_uptimes: 1814
tot_uptimes_duration: 108780.04255998507
