comms_cons: 147.05232639493093
finished_reconf: true
global_termination_time: 1483004.586
local_termination_time: 598953.9813599999
node_cons: 30464.218979999907
tot_aggregated_send: 21286
tot_msg_rcv: 379
tot_msg_sent: 686
tot_reconf_duration: 11.31
tot_sleeping_duration: 1460264.586
tot_uptimes: 380
tot_uptimes_duration: 22739.999999999956
