comms_cons: 346.56451202882647
finished_reconf: true
global_termination_time: 3455508.694759998
local_termination_time: 3455508.653639998
node_cons: 71151.74669916338
tot_aggregated_send: 48868
tot_msg_rcv: 1363
tot_msg_sent: 2444
tot_reconf_duration: 37.410000000000004
tot_sleeping_duration: 3402408.661960024
tot_uptimes: 885
tot_uptimes_duration: 53100.03279997405
