comms_cons: 349.2280448416641
finished_reconf: true
global_termination_time: 3457961.915
local_termination_time: 425814.81368000025
node_cons: 71118.84184781714
tot_aggregated_send: 47386
tot_msg_rcv: 1977
tot_msg_sent: 3716
tot_reconf_duration: 13.17
tot_sleeping_duration: 3404861.872440016
tot_uptimes: 886
tot_uptimes_duration: 53100.04255998414
