comms_cons: 349.8863104509614
finished_reconf: true
global_termination_time: 3458630.654
local_termination_time: 2450874.51436
node_cons: 71107.46454446705
tot_aggregated_send: 47328
tot_msg_rcv: 1847
tot_msg_sent: 4004
tot_reconf_duration: 4.8100000000000005
tot_sleeping_duration: 3405530.6296800086
tot_uptimes: 886
tot_uptimes_duration: 53100.02431999147
