comms_cons: 351.9343808512443
finished_reconf: true
global_termination_time: 3457806.717
local_termination_time: 1524866.4040799988
node_cons: 71118.1050464217
tot_aggregated_send: 47618
tot_msg_rcv: 2163
tot_msg_sent: 3709
tot_reconf_duration: 12.629999999999999
tot_sleeping_duration: 3404706.677040013
tot_uptimes: 886
tot_uptimes_duration: 53100.03995998739
