comms_cons: 350.39145604307674
finished_reconf: true
global_termination_time: 3458373.077
local_termination_time: 988794.5475599994
node_cons: 71121.77242558314
tot_aggregated_send: 47154
tot_msg_rcv: 1933
tot_msg_sent: 4170
tot_reconf_duration: 15.34
tot_sleeping_duration: 3405273.0466000116
tot_uptimes: 886
tot_uptimes_duration: 53100.03039998864
