comms_cons: 269.0827008253494
finished_reconf: true
global_termination_time: 2807814.694
local_termination_time: 6488.229
node_cons: 57852.67636558439
tot_aggregated_send: 39433
tot_msg_rcv: 534
tot_msg_sent: 932
tot_reconf_duration: 5.77
tot_sleeping_duration: 2764614.6636000113
tot_uptimes: 720
tot_uptimes_duration: 43200.030399989104
