comms_cons: 88.58200319523296
finished_reconf: true
global_termination_time: 870320.3891200001
local_termination_time: 331027.5230000009
node_cons: 17887.257938160285
tot_aggregated_send: 11600
tot_msg_rcv: 688
tot_msg_sent: 1176
tot_reconf_duration: 15.34
tot_sleeping_duration: 856977.2776799999
tot_uptimes: 223
tot_uptimes_duration: 13343.111440000168
