comms_cons: 85.78681599808675
finished_reconf: true
global_termination_time: 872712.823
local_termination_time: 251672.37336000006
node_cons: 17946.603123359713
tot_aggregated_send: 11716
tot_msg_rcv: 411
tot_msg_sent: 912
tot_reconf_duration: 22.65
tot_sleeping_duration: 859332.8047600002
tot_uptimes: 224
tot_uptimes_duration: 13380.018239999772
