comms_cons: 89.36988159515839
finished_reconf: true
global_termination_time: 873316.371
local_termination_time: 337747.88636
node_cons: 17941.247164481087
tot_aggregated_send: 11136
tot_msg_rcv: 903
tot_msg_sent: 1542
tot_reconf_duration: 18.700000000000003
tot_sleeping_duration: 859936.3466799991
tot_uptimes: 224
tot_uptimes_duration: 13380.02432000084
