comms_cons: 87.55971839562145
finished_reconf: true
global_termination_time: 870321.0956399993
local_termination_time: 37477.20476000018
node_cons: 17885.486506316403
tot_aggregated_send: 11948
tot_msg_rcv: 408
tot_msg_sent: 951
tot_reconf_duration: 3.05
tot_sleeping_duration: 856966.842760002
tot_uptimes: 223
tot_uptimes_duration: 13354.252879997293
