comms_cons: 830.2044815036503
finished_reconf: true
global_termination_time: 4216166.103
local_termination_time: 2939485.657
node_cons: 86743.07726765986
tot_aggregated_send: 0
tot_msg_rcv: 63600
tot_msg_sent: 62586
tot_reconf_duration: 22.65
tot_sleeping_duration: 4151407.0898800134
tot_uptimes: 1080
tot_uptimes_duration: 64759.01311998675
