comms_cons: 424.29094406347053
finished_reconf: true
global_termination_time: 4215284.188
local_termination_time: 219644.09436000005
node_cons: 86695.46151005507
tot_aggregated_send: 58232
tot_msg_rcv: 2123
tot_msg_sent: 4135
tot_reconf_duration: 6.279999999999999
tot_sleeping_duration: 4150544.133280017
tot_uptimes: 1080
tot_uptimes_duration: 64740.054719983076
