comms_cons: 425.09494404567033
finished_reconf: true
global_termination_time: 4220204.771
local_termination_time: 1495978.4077199996
node_cons: 86773.21046669982
tot_aggregated_send: 58812
tot_msg_rcv: 1967
tot_msg_sent: 3832
tot_reconf_duration: 4.390000000000001
tot_sleeping_duration: 4155404.734520013
tot_uptimes: 1081
tot_uptimes_duration: 64800.03647998674
