comms_cons: 423.0359808605493
finished_reconf: true
global_termination_time: 4216037.147
local_termination_time: 1369795.2513599999
node_cons: 86697.54468893372
tot_aggregated_send: 58522
tot_msg_rcv: 1898
tot_msg_sent: 3879
tot_reconf_duration: 7.819999999999999
tot_sleeping_duration: 4151297.098360018
tot_uptimes: 1080
tot_uptimes_duration: 64740.04863998201
