comms_cons: 235.66694399186287
finished_reconf: true
global_termination_time: 2388876.752
local_termination_time: 1525590.0843199985
node_cons: 49126.31042959438
tot_aggregated_send: 34220
tot_msg_rcv: 544
tot_msg_sent: 1056
tot_reconf_duration: 25.299999999999997
tot_sleeping_duration: 2352213.6056000036
tot_uptimes: 612
tot_uptimes_duration: 36663.14639999624
