comms_cons: 241.03557117332508
finished_reconf: true
global_termination_time: 2389487.19
local_termination_time: 1051239.87236
node_cons: 49098.424688934094
tot_aggregated_send: 31320
tot_msg_rcv: 1711
tot_msg_sent: 3605
tot_reconf_duration: 7.819999999999999
tot_sleeping_duration: 2352827.141360019
tot_uptimes: 612
tot_uptimes_duration: 36660.048639981076
