comms_cons: 158.09934079058047
finished_reconf: true
global_termination_time: 1584981.731
local_termination_time: 345890.03736
node_cons: 32572.06554112147
tot_aggregated_send: 22272
tot_msg_rcv: 563
tot_msg_sent: 1195
tot_reconf_duration: 25.299999999999997
tot_sleeping_duration: 1560681.724919999
tot_uptimes: 406
tot_uptimes_duration: 24300.00608000107
