comms_cons: 251.02193278431304
finished_reconf: true
global_termination_time: 2584630.527
local_termination_time: 1834874.14236
node_cons: 53113.19490111596
tot_aggregated_send: 35554
tot_msg_rcv: 800
tot_msg_sent: 1799
tot_reconf_duration: 6.22
tot_sleeping_duration: 2544970.5209200024
tot_uptimes: 662
tot_uptimes_duration: 39660.006079997635
