comms_cons: 148.71623679800092
finished_reconf: true
global_termination_time: 1530029.106
local_termination_time: 5413.621
node_cons: 31447.373441116884
tot_aggregated_send: 22073
tot_msg_rcv: 179
tot_msg_sent: 352
tot_reconf_duration: 25.35
tot_sleeping_duration: 1506569.0999200023
tot_uptimes: 392
tot_uptimes_duration: 23460.006079997635
