comms_cons: 2.829055999995207
finished_reconf: true
global_termination_time: 13491.144
local_termination_time: 5157.768360000001
node_cons: 249.5482400000009
tot_aggregated_send: 0
tot_msg_rcv: 260
tot_msg_sent: 169
tot_reconf_duration: 6.279999999999999
tot_sleeping_duration: 13311.144
tot_uptimes: 4
tot_uptimes_duration: 180.0
