comms_cons: 2.19745279999485
finished_reconf: true
global_termination_time: 13604.622
local_termination_time: 4027.3923600000003
node_cons: 266.4145999999997
tot_aggregated_send: 0
tot_msg_rcv: 176
tot_msg_sent: 157
tot_reconf_duration: 18.700000000000003
tot_sleeping_duration: 13424.622
tot_uptimes: 4
tot_uptimes_duration: 180.0
