comms_cons: 2.4537855999912273
finished_reconf: true
global_termination_time: 13796.303
local_termination_time: 7000.192360000001
node_cons: 249.46676000000033
tot_aggregated_send: 0
tot_msg_rcv: 257
tot_msg_sent: 116
tot_reconf_duration: 6.22
tot_sleeping_duration: 13616.303
tot_uptimes: 4
tot_uptimes_duration: 180.0
