comms_cons: 439.2165120768418
finished_reconf: true
global_termination_time: 4349846.343
local_termination_time: 645011.1023599999
node_cons: 89425.0008266993
tot_aggregated_send: 59856
tot_msg_rcv: 2364
tot_msg_sent: 4538
tot_reconf_duration: 4.8100000000000005
tot_sleeping_duration: 4283066.306520014
tot_uptimes: 1114
tot_uptimes_duration: 66780.03647998627
