comms_cons: 430.8714240358357
finished_reconf: true
global_termination_time: 4347140.917
local_termination_time: 1357490.11436
node_cons: 89429.07212446533
tot_aggregated_send: 61016
tot_msg_rcv: 1401
tot_msg_sent: 3072
tot_reconf_duration: 7.819999999999999
tot_sleeping_duration: 4280360.89268001
tot_uptimes: 1114
tot_uptimes_duration: 66780.02431999077
