comms_cons: 975.4562433811153
finished_reconf: true
global_termination_time: 9787097.565599998
local_termination_time: 9787097.524479998
node_cons: 201437.8030526245
tot_aggregated_send: 140450
tot_msg_rcv: 2905
tot_msg_sent: 4907
tot_reconf_duration: 37.410000000000004
tot_sleeping_duration: 9636696.519840004
tot_uptimes: 2507
tot_uptimes_duration: 150401.04575999407
