comms_cons: 978.0519042449854
finished_reconf: true
global_termination_time: 9792436.904
local_termination_time: 2225185.2089199983
node_cons: 201433.27684892938
tot_aggregated_send: 136938
tot_msg_rcv: 4072
tot_msg_sent: 7648
tot_reconf_duration: 15.34
tot_sleeping_duration: 9642016.855360016
tot_uptimes: 2508
tot_uptimes_duration: 150420.0486399827
