comms_cons: 4119.1583042646835
finished_reconf: true
global_termination_time: 9788468.855
local_termination_time: 2304623.36572
node_cons: 594845.6088781654
tot_aggregated_send: 0
tot_msg_rcv: 252824
tot_msg_sent: 373269
tot_reconf_duration: 5.57
tot_sleeping_duration: 9344228.343560029
tot_uptimes: 7288
tot_uptimes_duration: 444240.51143997174
