comms_cons: 973.651328239738
finished_reconf: true
global_termination_time: 9791085.831
local_termination_time: 2376900.6782799982
node_cons: 201462.283297081
tot_aggregated_send: 136416
tot_msg_rcv: 3856
tot_msg_sent: 7717
tot_reconf_duration: 25.299999999999997
tot_sleeping_duration: 9640654.220920023
tot_uptimes: 2508
tot_uptimes_duration: 150431.6100799765
