comms_cons: 966.4068354167733
finished_reconf: true
global_termination_time: 9792454.302
local_termination_time: 5374316.52036
node_cons: 201424.7920855789
tot_aggregated_send: 135720
tot_msg_rcv: 3798
tot_msg_sent: 7369
tot_reconf_duration: 9.11
tot_sleeping_duration: 9642034.27160001
tot_uptimes: 2508
tot_uptimes_duration: 150420.03039998934
