comms_cons: 956.6697409866965
finished_reconf: true
global_termination_time: 9793175.648
local_termination_time: 5986464.1283599995
node_cons: 201429.555963344
tot_aggregated_send: 135140
tot_msg_rcv: 3382
tot_msg_sent: 6884
tot_reconf_duration: 12.629999999999999
tot_sleeping_duration: 9642755.629760006
tot_uptimes: 2508
tot_uptimes_duration: 150420.0182399936
