comms_cons: 18.0928000000344
finished_reconf: true
global_termination_time: 185776.1199600002
local_termination_time: 185762.78436000002
node_cons: 3819.1492574402378
tot_aggregated_send: 2726
tot_msg_rcv: 15
tot_msg_sent: 8
tot_reconf_duration: 7.819999999999999
tot_sleeping_duration: 182931.811
tot_uptimes: 48
tot_uptimes_duration: 2844.3089600001986
