comms_cons: 11.029247999965355
finished_reconf: true
global_termination_time: 100698.116
local_termination_time: 7084.579999999999
node_cons: 2047.186654800028
tot_aggregated_send: 696
tot_msg_rcv: 356
tot_msg_sent: 625
tot_reconf_duration: 25.299999999999997
tot_sleeping_duration: 99194.88279999996
tot_uptimes: 26
tot_uptimes_duration: 1503.2332000000206
