comms_cons: 13.362355199856255
finished_reconf: true
global_termination_time: 96789.26823999973
local_termination_time: 31921.72736
node_cons: 2013.8396083194011
tot_aggregated_send: 464
tot_msg_rcv: 650
tot_msg_sent: 916
tot_reconf_duration: 13.17
tot_sleeping_duration: 95298.63736000018
tot_uptimes: 25
tot_uptimes_duration: 1490.6308799995513
