comms_cons: 12.32050559986332
finished_reconf: true
global_termination_time: 98021.294
local_termination_time: 55787.06572000002
node_cons: 2025.6759633574598
tot_aggregated_send: 754
tot_msg_rcv: 477
tot_msg_sent: 641
tot_reconf_duration: 12.629999999999999
tot_sleeping_duration: 96521.2757600019
tot_uptimes: 26
tot_uptimes_duration: 1500.0182399980986
