comms_cons: 250.69960319651128
finished_reconf: true
global_termination_time: 2512661.2275599986
local_termination_time: 2512661.1864399984
node_cons: 51758.22494895373
tot_aggregated_send: 35830
tot_msg_rcv: 781
tot_msg_sent: 1493
tot_reconf_duration: 24.59
tot_sleeping_duration: 2474031.7789200027
tot_uptimes: 644
tot_uptimes_duration: 38629.44863999612
