comms_cons: 248.38516478909645
finished_reconf: true
global_termination_time: 2517489.725
local_termination_time: 1077866.34536
node_cons: 51747.42304223285
tot_aggregated_send: 35264
tot_msg_rcv: 775
tot_msg_sent: 1715
tot_reconf_duration: 6.22
tot_sleeping_duration: 2478849.712840005
tot_uptimes: 645
tot_uptimes_duration: 38640.01215999527
