comms_cons: 567.6170112871955
finished_reconf: true
global_termination_time: 5722961.155
local_termination_time: 2473570.7212799983
node_cons: 117732.52252893265
tot_aggregated_send: 79576
tot_msg_rcv: 2302
tot_msg_sent: 4398
tot_reconf_duration: 25.299999999999997
tot_sleeping_duration: 5635061.106360018
tot_uptimes: 1466
tot_uptimes_duration: 87900.04863998247
