comms_cons: 570.0969537240798
finished_reconf: true
global_termination_time: 5724276.186
local_termination_time: 1763236.818519999
node_cons: 117705.5390689328
tot_aggregated_send: 78938
tot_msg_rcv: 2535
tot_msg_sent: 5176
tot_reconf_duration: 5.43
tot_sleeping_duration: 5636376.137360018
tot_uptimes: 1466
tot_uptimes_duration: 87900.04863998247
