comms_cons: 427.3782525115713
finished_reconf: true
global_termination_time: 2364185.274
local_termination_time: 365233.1453600001
node_cons: 48609.85818223309
tot_aggregated_send: 0
tot_msg_rcv: 32705
tot_msg_sent: 32254
tot_reconf_duration: 3.05
tot_sleeping_duration: 2327885.261840005
tot_uptimes: 606
tot_uptimes_duration: 36300.01215999527
