comms_cons: 2.1701631999937003
finished_reconf: true
global_termination_time: 13083.67748
local_termination_time: 13083.63636
node_cons: 292.76351872000083
tot_aggregated_send: 0
tot_msg_rcv: 161
tot_msg_sent: 168
tot_reconf_duration: 24.59
tot_sleeping_duration: 12889.973
tot_uptimes: 4
tot_uptimes_duration: 193.70448000000033
