comms_cons: 177.28312319092257
finished_reconf: true
global_termination_time: 1794781.561
local_termination_time: 215237.71520000018
node_cons: 36906.843123350365
tot_aggregated_send: 24940
tot_msg_rcv: 653
tot_msg_sent: 1353
tot_reconf_duration: 22.65
tot_sleeping_duration: 1767241.542760007
tot_uptimes: 460
tot_uptimes_duration: 27540.018239992904
