comms_cons: 175.80814078778516
finished_reconf: true
global_termination_time: 1795580.309
local_termination_time: 362582.1924000008
node_cons: 36882.616403354965
tot_aggregated_send: 24360
tot_msg_rcv: 719
tot_msg_sent: 1642
tot_reconf_duration: 4.8100000000000005
tot_sleeping_duration: 1768040.2907600035
tot_uptimes: 460
tot_uptimes_duration: 27540.018239996338
