comms_cons: 176.33240958840548
finished_reconf: true
global_termination_time: 1795456.423
local_termination_time: 367749.0614800005
node_cons: 36882.029761121245
tot_aggregated_send: 24592
tot_msg_rcv: 797
tot_msg_sent: 1412
tot_reconf_duration: 4.390000000000001
tot_sleeping_duration: 1767916.416919999
tot_uptimes: 460
tot_uptimes_duration: 27540.00608000107
