comms_cons: 170.28849920220443
finished_reconf: true
global_termination_time: 582375.1397999985
local_termination_time: 2638.9210400000015
node_cons: 23806.186861197977
tot_aggregated_send: 0
tot_msg_rcv: 8719
tot_msg_sent: 17163
tot_reconf_duration: 6.22
tot_sleeping_duration: 564602.3690000001
tot_uptimes: 294
tot_uptimes_duration: 17772.770799998463
