comms_cons: 68.47098880043208
finished_reconf: true
global_termination_time: 666946.4405199991
local_termination_time: 666946.3993999992
node_cons: 13750.912287762354
tot_aggregated_send: 8964
tot_msg_rcv: 543
tot_msg_sent: 901
tot_reconf_duration: 37.410000000000004
tot_sleeping_duration: 656714.8426799974
tot_uptimes: 171
tot_uptimes_duration: 10231.597840001734
