comms_cons: 495.0931264130548
finished_reconf: true
global_termination_time: 668413.86
local_termination_time: 233362.2276400004
node_cons: 65797.17316292372
tot_aggregated_send: 0
tot_msg_rcv: 34292
tot_msg_sent: 40959
tot_reconf_duration: 5.57
tot_sleeping_duration: 619280.4700799665
tot_uptimes: 786
tot_uptimes_duration: 49133.38992003352
