comms_cons: 113.95569920234234
finished_reconf: true
global_termination_time: 668849.296
local_termination_time: 233890.15136000005
node_cons: 13745.082082242889
tot_aggregated_send: 0
tot_msg_rcv: 8783
tot_msg_sent: 8536
tot_reconf_duration: 5.1
tot_sleeping_duration: 658589.2838399978
tot_uptimes: 172
tot_uptimes_duration: 10260.012160002138
