comms_cons: 70.10325760038324
finished_reconf: true
global_termination_time: 668613.202
local_termination_time: 234591.85236000008
node_cons: 13750.576508966888
tot_aggregated_send: 8120
tot_msg_rcv: 905
tot_msg_sent: 1632
tot_reconf_duration: 9.11
tot_sleeping_duration: 658353.1533599949
tot_uptimes: 172
tot_uptimes_duration: 10260.048640005116
