comms_cons: 67.45653759769637
finished_reconf: true
global_termination_time: 670888.487
local_termination_time: 357567.4021600003
node_cons: 13744.10976112141
tot_aggregated_send: 8990
tot_msg_rcv: 398
tot_msg_sent: 865
tot_reconf_duration: 4.390000000000001
tot_sleeping_duration: 660628.480919999
tot_uptimes: 172
tot_uptimes_duration: 10260.006080001083
