comms_cons: 67.48943360179028
finished_reconf: true
global_termination_time: 670605.715
local_termination_time: 286336.88736000005
node_cons: 13753.531544485739
tot_aggregated_send: 8468
tot_msg_rcv: 572
tot_msg_sent: 1218
tot_reconf_duration: 11.31
tot_sleeping_duration: 660345.6906799957
tot_uptimes: 172
tot_uptimes_duration: 10260.024320004275
