comms_cons: 66.46965759957439
finished_reconf: true
global_termination_time: 667000.423
local_termination_time: 379600.39336000005
node_cons: 13745.53022224287
tot_aggregated_send: 9280
tot_msg_rcv: 260
tot_msg_sent: 563
tot_reconf_duration: 5.43
tot_sleeping_duration: 656740.4108399978
tot_uptimes: 171
tot_uptimes_duration: 10260.012160002138
