comms_cons: 14.90767359997581
finished_reconf: true
global_termination_time: 3615.813320000009
local_termination_time: 3615.772200000009
node_cons: 1659.294365480013
tot_aggregated_send: 0
tot_msg_rcv: 1079
tot_msg_sent: 1183
tot_reconf_duration: 37.410000000000004
tot_sleeping_duration: 2414.5499999999997
tot_uptimes: 14
tot_uptimes_duration: 1201.2633200000091
