comms_cons: 101.90090241479948
finished_reconf: true
global_termination_time: 574540.103
local_termination_time: 473624.19200000004
node_cons: 11840.74684112148
tot_aggregated_send: 0
tot_msg_rcv: 7905
tot_msg_sent: 7584
tot_reconf_duration: 22.65
tot_sleeping_duration: 565720.096919999
tot_uptimes: 148
tot_uptimes_duration: 8820.006080001069
