comms_cons: 59.57516800070024
finished_reconf: true
global_termination_time: 576826.097
local_termination_time: 287508.01904000033
node_cons: 11816.511980000018
tot_aggregated_send: 7656
tot_msg_rcv: 550
tot_msg_sent: 850
tot_reconf_duration: 4.8100000000000005
tot_sleeping_duration: 568006.097
tot_uptimes: 148
tot_uptimes_duration: 8820.000000000004
