comms_cons: 62.01616639930335
finished_reconf: true
global_termination_time: 641878.111
local_termination_time: 447988.1713600001
node_cons: 13206.518700000051
tot_aggregated_send: 9048
tot_msg_rcv: 106
tot_msg_sent: 273
tot_reconf_duration: 22.65
tot_sleeping_duration: 632038.111
tot_uptimes: 165
tot_uptimes_duration: 9840.0
