comms_cons: 79.67536639773564
finished_reconf: true
global_termination_time: 779442.1844799998
local_termination_time: 779442.1433599999
node_cons: 16056.845643203267
tot_aggregated_send: 10414
tot_msg_rcv: 581
tot_msg_sent: 1116
tot_reconf_duration: 37.410000000000004
tot_sleeping_duration: 767488.4556799975
tot_uptimes: 200
tot_uptimes_duration: 11953.728800002413
