comms_cons: 478.1034624350285
finished_reconf: true
global_termination_time: 780033.826
local_termination_time: 205365.9607600009
node_cons: 77579.15579768787
tot_aggregated_send: 0
tot_msg_rcv: 32891
tot_msg_sent: 39777
tot_reconf_duration: 5.57
tot_sleeping_duration: 722101.345239963
tot_uptimes: 935
tot_uptimes_duration: 57932.48076003701
