comms_cons: 75.68019200009978
finished_reconf: true
global_termination_time: 780228.747
local_termination_time: 275546.95836000005
node_cons: 16000.055803364297
tot_aggregated_send: 10266
tot_msg_rcv: 401
tot_msg_sent: 837
tot_reconf_duration: 9.11
tot_sleeping_duration: 768288.7287599968
tot_uptimes: 200
tot_uptimes_duration: 11940.018240003206
