comms_cons: 104.82437119259258
finished_reconf: true
global_termination_time: 1055587.573
local_termination_time: 403777.5373600001
node_cons: 21696.04776894851
tot_aggregated_send: 13920
tot_msg_rcv: 723
tot_msg_sent: 1289
tot_reconf_duration: 3.08
tot_sleeping_duration: 1039387.5243600088
tot_uptimes: 271
tot_uptimes_duration: 16200.048639991379
