comms_cons: 104.65533439449335
finished_reconf: true
global_termination_time: 1052729.862
local_termination_time: 375494.62136000005
node_cons: 21618.85836335052
tot_aggregated_send: 14500
tot_msg_rcv: 480
tot_msg_sent: 927
tot_reconf_duration: 5.43
tot_sleeping_duration: 1036589.8437600071
tot_uptimes: 270
tot_uptimes_duration: 16140.018239992904
