comms_cons: 17.336191999922338
finished_reconf: true
global_termination_time: 164714.40624000024
local_termination_time: 3532.52512
node_cons: 3437.698297201523
tot_aggregated_send: 0
tot_msg_rcv: 321
tot_msg_sent: 2313
tot_reconf_duration: 21.68
tot_sleeping_duration: 162169.03143999912
tot_uptimes: 43
tot_uptimes_duration: 2545.3748000011365
