comms_cons: 279.09624321251397
finished_reconf: true
global_termination_time: 2810872.21
local_termination_time: 4739.656
node_cons: 57853.597103349464
tot_aggregated_send: 39317
tot_msg_rcv: 920
tot_msg_sent: 2184
tot_reconf_duration: 6.46
tot_sleeping_duration: 2767672.1917600073
tot_uptimes: 720
tot_uptimes_duration: 43200.0182399929
