comms_cons: 38.534374401302976
finished_reconf: true
global_termination_time: 370381.283
local_termination_time: 47667.137560000054
node_cons: 7562.970643364306
tot_aggregated_send: 4756
tot_msg_rcv: 409
tot_msg_sent: 692
tot_reconf_duration: 8.09
tot_sleeping_duration: 364741.2647599968
tot_uptimes: 95
tot_uptimes_duration: 5640.018240003206
