comms_cons: 37.705100800486655
finished_reconf: true
global_termination_time: 367962.248
local_termination_time: 32263.68136
node_cons: 7560.423042240587
tot_aggregated_send: 4814
tot_msg_rcv: 277
tot_msg_sent: 639
tot_reconf_duration: 6.22
tot_sleeping_duration: 362322.23583999963
tot_uptimes: 95
tot_uptimes_duration: 5640.012160000435
