comms_cons: 111.58323200014618
finished_reconf: true
global_termination_time: 1151507.191
local_termination_time: 713003.9344799999
node_cons: 23624.1019000001
tot_aggregated_send: 16240
tot_msg_rcv: 226
tot_msg_sent: 494
tot_reconf_duration: 3.05
tot_sleeping_duration: 1133867.191
tot_uptimes: 295
tot_uptimes_duration: 17640.0
