comms_cons: 227.0459006663784
finished_reconf: true
global_termination_time: 1154154.272
local_termination_time: 367.0420399999995
node_cons: 23715.67526223602
tot_aggregated_send: 0
tot_msg_rcv: 17401
tot_msg_sent: 17108
tot_reconf_duration: 11.31
tot_sleeping_duration: 1136454.2598400032
tot_uptimes: 296
tot_uptimes_duration: 17700.012159997
