comms_cons: 70.61518079717322
finished_reconf: true
global_termination_time: 688091.155
local_termination_time: 16186.366
node_cons: 14186.213261046329
tot_aggregated_send: 9162
tot_msg_rcv: 525
tot_msg_sent: 1047
tot_reconf_duration: 22.65
tot_sleeping_duration: 677519.4936399952
tot_uptimes: 177
tot_uptimes_duration: 10571.661360004713
