comms_cons: 45.996441601330424
finished_reconf: true
global_termination_time: 424417.68540000083
local_termination_time: 424417.6442800008
node_cons: 8786.242225692862
tot_aggregated_send: 5162
tot_msg_rcv: 675
tot_msg_sent: 1155
tot_reconf_duration: 24.59
tot_sleeping_duration: 417880.83027999126
tot_uptimes: 109
tot_uptimes_duration: 6536.85512000959
