comms_cons: 44.65187200102845
finished_reconf: true
global_termination_time: 426200.853
local_termination_time: 255163.85184000013
node_cons: 8764.62406000002
tot_aggregated_send: 5568
tot_msg_rcv: 469
tot_msg_sent: 749
tot_reconf_duration: 5.57
tot_sleeping_duration: 419660.853
tot_uptimes: 110
tot_uptimes_duration: 6540.0
