comms_cons: 43.12070400056862
finished_reconf: true
global_termination_time: 424477.486
local_termination_time: 173809.45236000005
node_cons: 8683.26826224287
tot_aggregated_send: 5684
tot_msg_rcv: 289
tot_msg_sent: 581
tot_reconf_duration: 4.8100000000000005
tot_sleeping_duration: 417997.47383999784
tot_uptimes: 109
tot_uptimes_duration: 6480.0121600021375
