comms_cons: 45.70632960128678
finished_reconf: true
global_termination_time: 427374.696
local_termination_time: 208833.45936000004
node_cons: 8764.450222242864
tot_aggregated_send: 5452
tot_msg_rcv: 626
tot_msg_sent: 869
tot_reconf_duration: 5.43
tot_sleeping_duration: 420834.68383999786
tot_uptimes: 110
tot_uptimes_duration: 6540.0121600021375
