comms_cons: 28.96821760015108
finished_reconf: true
global_termination_time: 292456.25
local_termination_time: 163318.9644400002
node_cons: 5951.691980000003
tot_aggregated_send: 4002
tot_msg_rcv: 115
tot_msg_sent: 286
tot_reconf_duration: 4.8100000000000005
tot_sleeping_duration: 288016.25
tot_uptimes: 75
tot_uptimes_duration: 4440.0
