comms_cons: 11.161651199932347
finished_reconf: true
global_termination_time: 79291.11103999955
local_termination_time: 79291.06991999956
node_cons: 1729.4931543991427
tot_aggregated_send: 322
tot_msg_rcv: 501
tot_msg_sent: 873
tot_reconf_duration: 37.410000000000004
tot_sleeping_duration: 78037.4214400002
tot_uptimes: 21
tot_uptimes_duration: 1253.6895999993649
