comms_cons: 9.26414080002955
finished_reconf: true
global_termination_time: 81219.156
local_termination_time: 35721.82528000007
node_cons: 1613.7502233608714
tot_aggregated_send: 580
tot_msg_rcv: 325
tot_msg_sent: 503
tot_reconf_duration: 5.1
tot_sleeping_duration: 80019.13775999936
tot_uptimes: 21
tot_uptimes_duration: 1200.0182400006524
