comms_cons: 11.547404800152428
finished_reconf: true
global_termination_time: 83914.694
local_termination_time: 43512.09436000002
node_cons: 1698.134361120296
tot_aggregated_send: 348
tot_msg_rcv: 593
tot_msg_sent: 816
tot_reconf_duration: 8.09
tot_sleeping_duration: 82654.68791999978
tot_uptimes: 22
tot_uptimes_duration: 1260.0060800002175
