comms_cons: 10.023513600041188
finished_reconf: true
global_termination_time: 80321.057
local_termination_time: 43542.65360000001
node_cons: 1622.9764822405841
tot_aggregated_send: 464
tot_msg_rcv: 419
tot_msg_sent: 640
tot_reconf_duration: 11.899999999999999
tot_sleeping_duration: 79121.04483999957
tot_uptimes: 21
tot_uptimes_duration: 1200.012160000435
