comms_cons: 0.8158207999995637
finished_reconf: true
global_termination_time: 4124.231
local_termination_time: 664.5663599999999
node_cons: 95.21010000000007
tot_aggregated_send: 0
tot_msg_rcv: 74
tot_msg_sent: 50
tot_reconf_duration: 10.95
tot_sleeping_duration: 4064.2309999999998
tot_uptimes: 2
tot_uptimes_duration: 60.0
