comms_cons: 154.68199673824407
finished_reconf: true
global_termination_time: 1203910.847
local_termination_time: 76895.1426799996
node_cons: 24769.709695828366
tot_aggregated_send: 7192
tot_msg_rcv: 6912
tot_msg_sent: 9413
tot_reconf_duration: 18.21
tot_sleeping_duration: 1185430.652440009
tot_uptimes: 309
tot_uptimes_duration: 18480.194559991287
