comms_cons: 119.65607679682032
finished_reconf: true
global_termination_time: 1200285.891
local_termination_time: 123220.7882399997
node_cons: 24668.56264000004
tot_aggregated_send: 17052
tot_msg_rcv: 382
tot_msg_sent: 752
tot_reconf_duration: 3.08
tot_sleeping_duration: 1181865.891
tot_uptimes: 308
tot_uptimes_duration: 18420.0
