comms_cons: 118.18216959648733
finished_reconf: true
global_termination_time: 1201358.077
local_termination_time: 107532.18635999995
node_cons: 24668.52190000002
tot_aggregated_send: 17342
tot_msg_rcv: 215
tot_msg_sent: 406
tot_reconf_duration: 3.05
tot_sleeping_duration: 1182938.077
tot_uptimes: 308
tot_uptimes_duration: 18420.0
