comms_cons: 619.5871611990648
finished_reconf: true
global_termination_time: 1286553.6005999998
local_termination_time: 1286553.5594799998
node_cons: 77667.84774047349
tot_aggregated_send: 0
tot_msg_rcv: 38157
tot_msg_sent: 56016
tot_reconf_duration: 24.59
tot_sleeping_duration: 1228574.1722800033
tot_uptimes: 951
tot_uptimes_duration: 57979.42831999644
