comms_cons: 44.350387200077144
finished_reconf: true
global_termination_time: 452647.029
local_termination_time: 104889.29971999994
node_cons: 9246.473940000022
tot_aggregated_send: 6554
tot_msg_rcv: 76
tot_msg_sent: 111
tot_reconf_duration: 5.43
tot_sleeping_duration: 445747.029
tot_uptimes: 116
tot_uptimes_duration: 6900.0
