comms_cons: 300.7747072074768
finished_reconf: true
global_termination_time: 3043905.391239997
local_termination_time: 16832.742720000006
node_cons: 62651.55011926871
tot_aggregated_send: 42630
tot_msg_rcv: 930
tot_msg_sent: 2155
tot_reconf_duration: 18.21
tot_sleeping_duration: 2997134.053720005
tot_uptimes: 780
tot_uptimes_duration: 46771.33751999249
