comms_cons: 299.34044158898996
finished_reconf: true
global_termination_time: 3044364.182
local_termination_time: 228386.6826000001
node_cons: 62615.65940559671
tot_aggregated_send: 41992
tot_msg_rcv: 1151
tot_msg_sent: 2355
tot_reconf_duration: 22.65
tot_sleeping_duration: 2997624.151600002
tot_uptimes: 780
tot_uptimes_duration: 46740.030399998475
