comms_cons: 376.68551648835415
finished_reconf: true
global_termination_time: 3044980.739
local_termination_time: 284439.9193600001
node_cons: 62589.01818223248
tot_aggregated_send: 0
tot_msg_rcv: 28886
tot_msg_sent: 28368
tot_reconf_duration: 3.05
tot_sleeping_duration: 2998240.726840005
tot_uptimes: 780
tot_uptimes_duration: 46740.01215999527
