comms_cons: 226.96334077276745
finished_reconf: true
global_termination_time: 2254329.798
local_termination_time: 867036.848
node_cons: 46387.03253709218
tot_aggregated_send: 30100
tot_msg_rcv: 1632
tot_msg_sent: 2764
tot_reconf_duration: 22.65
tot_sleeping_duration: 2219709.72792002
tot_uptimes: 578
tot_uptimes_duration: 34620.0700799796
