comms_cons: 228.9814719731496
finished_reconf: true
global_termination_time: 2254366.446
local_termination_time: 37346.017480000024
node_cons: 46362.26373676116
tot_aggregated_send: 29986
tot_msg_rcv: 1608
tot_msg_sent: 3209
tot_reconf_duration: 4.390000000000001
tot_sleeping_duration: 2219746.3548000283
tot_uptimes: 578
tot_uptimes_duration: 34620.091199971386
