comms_cons: 155.39137278903894
finished_reconf: true
global_termination_time: 1547812.524
local_termination_time: 2904.307840000002
node_cons: 31820.626043355147
tot_aggregated_send: 21518
tot_msg_rcv: 648
tot_msg_sent: 1452
tot_reconf_duration: 4.390000000000001
tot_sleeping_duration: 1524052.5057600038
tot_uptimes: 397
tot_uptimes_duration: 23760.018239996338
