comms_cons: 155.6572927892447
finished_reconf: true
global_termination_time: 1541222.0602799992
local_termination_time: 1541222.0191599992
node_cons: 31726.87225175067
tot_aggregated_send: 21344
tot_msg_rcv: 789
tot_msg_sent: 1525
tot_reconf_duration: 24.59
tot_sleeping_duration: 1517552.5464400062
tot_uptimes: 395
tot_uptimes_duration: 23669.513839992986
