comms_cons: 158.66398718323256
finished_reconf: true
global_termination_time: 1545754.689
local_termination_time: 335235.32036000007
node_cons: 31744.952124476586
tot_aggregated_send: 20880
tot_msg_rcv: 1207
tot_msg_sent: 2029
tot_reconf_duration: 7.819999999999999
tot_sleeping_duration: 1522054.6646800027
tot_uptimes: 396
tot_uptimes_duration: 23700.024319997407
