comms_cons: 151.97951999504943
finished_reconf: true
global_termination_time: 1542148.47
local_termination_time: 568671.5603599998
node_cons: 31669.318979999967
tot_aggregated_send: 22272
tot_msg_rcv: 258
tot_msg_sent: 570
tot_reconf_duration: 11.31
tot_sleeping_duration: 1518508.47
tot_uptimes: 395
tot_uptimes_duration: 23640.0
