comms_cons: 120.11645439316165
finished_reconf: true
global_termination_time: 1198201.179
local_termination_time: 736545.5883599999
node_cons: 24596.84050111693
tot_aggregated_send: 16646
tot_msg_rcv: 572
tot_msg_sent: 1039
tot_reconf_duration: 9.42
tot_sleeping_duration: 1179841.1729200024
tot_uptimes: 307
tot_uptimes_duration: 18360.006079997635
