comms_cons: 121.37007999339761
finished_reconf: true
global_termination_time: 1198044.773
local_termination_time: 303801.4260400003
node_cons: 24590.058607831597
tot_aggregated_send: 16240
tot_msg_rcv: 750
tot_msg_sent: 1458
tot_reconf_duration: 4.390000000000001
tot_sleeping_duration: 1179684.7304400064
tot_uptimes: 307
tot_uptimes_duration: 18360.042559993744
