comms_cons: 538.1390850073684
finished_reconf: true
global_termination_time: 2738813.99
local_termination_time: 1453993.7275999996
node_cons: 56349.11498223257
tot_aggregated_send: 0
tot_msg_rcv: 41152
tot_msg_sent: 40642
tot_reconf_duration: 22.65
tot_sleeping_duration: 2696753.977840005
tot_uptimes: 702
tot_uptimes_duration: 42060.01215999527
