comms_cons: 277.0246720028231
finished_reconf: true
global_termination_time: 2738015.214
local_termination_time: 445284.6420800006
node_cons: 56328.992124466364
tot_aggregated_send: 37932
tot_msg_rcv: 1449
tot_msg_sent: 2725
tot_reconf_duration: 7.819999999999999
tot_sleeping_duration: 2695955.1896800096
tot_uptimes: 702
tot_uptimes_duration: 42060.02431999054
