comms_cons: 100.4596991958752
finished_reconf: true
global_termination_time: 1004468.242
local_termination_time: 130903.68235999998
node_cons: 20678.138700000043
tot_aggregated_send: 14210
tot_msg_rcv: 384
tot_msg_sent: 675
tot_reconf_duration: 22.65
tot_sleeping_duration: 989048.242
tot_uptimes: 258
tot_uptimes_duration: 15420.0
