comms_cons: 99.00380159904425
finished_reconf: true
global_termination_time: 1001704.878
local_termination_time: 239578.09548000008
node_cons: 20601.397400000056
tot_aggregated_send: 14326
tot_msg_rcv: 224
tot_msg_sent: 498
tot_reconf_duration: 25.299999999999997
tot_sleeping_duration: 986344.878
tot_uptimes: 257
tot_uptimes_duration: 15360.0
