comms_cons: 100.12849919507045
finished_reconf: true
global_termination_time: 1001656.031
local_termination_time: 183109.27736000097
node_cons: 20571.181900000014
tot_aggregated_send: 13978
tot_msg_rcv: 372
tot_msg_sent: 868
tot_reconf_duration: 3.05
tot_sleeping_duration: 986296.031
tot_uptimes: 257
tot_uptimes_duration: 15360.0
