comms_cons: 121.25493759297525
finished_reconf: true
global_termination_time: 1195041.671
local_termination_time: 305500.29936000006
node_cons: 24682.321847831638
tot_aggregated_send: 16414
tot_msg_rcv: 627
tot_msg_sent: 1389
tot_reconf_duration: 13.17
tot_sleeping_duration: 1176621.6284400064
tot_uptimes: 307
tot_uptimes_duration: 18420.042559993744
