comms_cons: 120.76186239079766
finished_reconf: true
global_termination_time: 1195009.0840000005
local_termination_time: 50054.992320000136
node_cons: 24664.07972671085
tot_aggregated_send: 15660
tot_msg_rcv: 1006
tot_msg_sent: 1689
tot_reconf_duration: 9.11
tot_sleeping_duration: 1176598.5475200072
tot_uptimes: 307
tot_uptimes_duration: 18410.53647999314
