comms_cons: 122.1797055901019
finished_reconf: true
global_termination_time: 1198509.172
local_termination_time: 268656.62348000053
node_cons: 24590.580121121468
tot_aggregated_send: 16008
tot_msg_rcv: 823
tot_msg_sent: 1738
tot_reconf_duration: 4.8100000000000005
tot_sleeping_duration: 1180149.1659199991
tot_uptimes: 307
tot_uptimes_duration: 18360.00608000107
