comms_cons: 125.25480958886342
finished_reconf: true
global_termination_time: 1196396.467
local_termination_time: 36487.695480000104
node_cons: 24592.529608000583
tot_aggregated_send: 15196
tot_msg_rcv: 1284
tot_msg_sent: 2558
tot_reconf_duration: 6.22
tot_sleeping_duration: 1178036.4349999994
tot_uptimes: 307
tot_uptimes_duration: 18360.032000000407
