comms_cons: 66.74672000077148
finished_reconf: true
global_termination_time: 638260.474
local_termination_time: 195676.20936000004
node_cons: 13099.708474569403
tot_aggregated_send: 7888
tot_msg_rcv: 676
tot_msg_sent: 1583
tot_reconf_duration: 3.08
tot_sleeping_duration: 628480.394959993
tot_uptimes: 164
tot_uptimes_duration: 9780.079040007025
