comms_cons: 18.475564799993055
finished_reconf: true
global_termination_time: 178044.70384000055
local_termination_time: 178044.66272000055
node_cons: 3697.8402008799117
tot_aggregated_send: 2309
tot_msg_rcv: 167
tot_msg_sent: 330
tot_reconf_duration: 21.23
tot_sleeping_duration: 175304.59192000065
tot_uptimes: 46
tot_uptimes_duration: 2740.111919999923
