comms_cons: 281.5760896113821
finished_reconf: true
global_termination_time: 2811331.337
local_termination_time: 835885.4263599998
node_cons: 57851.75075895258
tot_aggregated_send: 39208
tot_msg_rcv: 1037
tot_msg_sent: 2553
tot_reconf_duration: 5.1
tot_sleeping_duration: 2768131.3183600046
tot_uptimes: 720
tot_uptimes_duration: 43200.01863999525
