comms_cons: 201.783955186804
finished_reconf: true
global_termination_time: 2020517.447
local_termination_time: 575302.6323599999
node_cons: 41544.340804467036
tot_aggregated_send: 27492
tot_msg_rcv: 1201
tot_msg_sent: 1976
tot_reconf_duration: 6.279999999999999
tot_sleeping_duration: 1989497.4226800094
tot_uptimes: 518
tot_uptimes_duration: 31020.024319990538
