comms_cons: 203.25975038900302
finished_reconf: true
global_termination_time: 2019135.375
local_termination_time: 575265.3317199997
node_cons: 41543.36034223327
tot_aggregated_send: 28072
tot_msg_rcv: 1027
tot_msg_sent: 1796
tot_reconf_duration: 5.57
tot_sleeping_duration: 1988115.3628400047
tot_uptimes: 518
tot_uptimes_duration: 31020.01215999527
