comms_cons: 198.1463935833672
finished_reconf: true
global_termination_time: 2022318.302
local_termination_time: 323623.9705200004
node_cons: 41566.5875467007
tot_aggregated_send: 27608
tot_msg_rcv: 780
tot_msg_sent: 1730
tot_reconf_duration: 22.65
tot_sleeping_duration: 1991298.265520014
tot_uptimes: 518
tot_uptimes_duration: 31020.036479985807
