comms_cons: 199.29967358792365
finished_reconf: true
global_termination_time: 2021558.673
local_termination_time: 677902.6357999995
node_cons: 41539.94632335023
tot_aggregated_send: 27898
tot_msg_rcv: 776
tot_msg_sent: 1618
tot_reconf_duration: 3.05
tot_sleeping_duration: 1990538.654760007
tot_uptimes: 518
tot_uptimes_duration: 31020.018239992904
