comms_cons: 195.46664959492753
finished_reconf: true
global_termination_time: 2020244.395
local_termination_time: 1434840.8833599999
node_cons: 41544.25118335013
tot_aggregated_send: 28246
tot_msg_rcv: 438
tot_msg_sent: 1025
tot_reconf_duration: 6.22
tot_sleeping_duration: 1989224.376760007
tot_uptimes: 518
tot_uptimes_duration: 31020.018239992904
