comms_cons: 387.45943047018227
finished_reconf: true
global_termination_time: 3868699.361
local_termination_time: 1247909.1769599987
node_cons: 79549.01208558296
tot_aggregated_send: 54114
tot_msg_rcv: 1472
tot_msg_sent: 3307
tot_reconf_duration: 9.11
tot_sleeping_duration: 3809299.3306000116
tot_uptimes: 991
tot_uptimes_duration: 59400.03039998864
