comms_cons: 389.02928007689036
finished_reconf: true
global_termination_time: 3868435.786
local_termination_time: 1753488.3823599997
node_cons: 79542.60232558353
tot_aggregated_send: 53940
tot_msg_rcv: 1707
tot_msg_sent: 3483
tot_reconf_duration: 4.390000000000001
tot_sleeping_duration: 3809035.7556000105
tot_uptimes: 991
tot_uptimes_duration: 59400.03039998928
