comms_cons: 46.87084800056444
finished_reconf: true
global_termination_time: 466853.591
local_termination_time: 159607.70620000016
node_cons: 9585.189180000001
tot_aggregated_send: 6612
tot_msg_rcv: 239
tot_msg_sent: 273
tot_reconf_duration: 18.21
tot_sleeping_duration: 459713.591
tot_uptimes: 120
tot_uptimes_duration: 7140.0
