comms_cons: 45.60043520025472
finished_reconf: true
global_termination_time: 463299.974
local_termination_time: 91766.66435999997
node_cons: 9486.65198000001
tot_aggregated_send: 6612
tot_msg_rcv: 91
tot_msg_sent: 228
tot_reconf_duration: 4.8100000000000005
tot_sleeping_duration: 456219.974
tot_uptimes: 119
tot_uptimes_duration: 7080.0
