comms_cons: 135.06133121832886
finished_reconf: true
global_termination_time: 462975.7374800002
local_termination_time: 3612.3580400000014
node_cons: 18928.13980472024
tot_aggregated_send: 0
tot_msg_rcv: 6882
tot_msg_sent: 13644
tot_reconf_duration: 6.22
tot_sleeping_duration: 448846.01900000003
tot_uptimes: 236
tot_uptimes_duration: 14129.718480000156
