comms_cons: 46.63399680035442
finished_reconf: true
global_termination_time: 467408.746
local_termination_time: 27487.642359999998
node_cons: 9575.827121120301
tot_aggregated_send: 6554
tot_msg_rcv: 195
tot_msg_sent: 339
tot_reconf_duration: 11.31
tot_sleeping_duration: 460268.73991999973
tot_uptimes: 120
tot_uptimes_duration: 7140.0060800002175
