comms_cons: 68.60852479863964
finished_reconf: true
global_termination_time: 688277.586
local_termination_time: 312827.6563600005
node_cons: 14146.782082238253
tot_aggregated_send: 9628
tot_msg_rcv: 221
tot_msg_sent: 580
tot_reconf_duration: 5.1
tot_sleeping_duration: 677717.5738400012
tot_uptimes: 177
tot_uptimes_duration: 10560.012159998703
