comms_cons: 69.24379519970397
finished_reconf: true
global_termination_time: 688276.544
local_termination_time: 92541.17035999997
node_cons: 14150.508406728613
tot_aggregated_send: 8990
tot_msg_rcv: 483
tot_msg_sent: 1051
tot_reconf_duration: 7.819999999999999
tot_sleeping_duration: 677716.5075199936
tot_uptimes: 177
tot_uptimes_duration: 10560.036480006413
