comms_cons: 68.10743680045688
finished_reconf: true
global_termination_time: 686751.3882400002
local_termination_time: 41303.96448000002
node_cons: 14110.013533845999
tot_aggregated_send: 9164
tot_msg_rcv: 386
tot_msg_sent: 802
tot_reconf_duration: 6.22
tot_sleeping_duration: 676219.9716799958
tot_uptimes: 176
tot_uptimes_duration: 10531.416560004465
