comms_cons: 24.69228159995581
finished_reconf: true
global_termination_time: 240494.453
local_termination_time: 92054.32399999973
node_cons: 4906.7016200000035
tot_aggregated_send: 3248
tot_msg_rcv: 219
tot_msg_sent: 286
tot_reconf_duration: 4.390000000000001
tot_sleeping_duration: 236834.453
tot_uptimes: 62
tot_uptimes_duration: 3660.0
