comms_cons: 210.42303997864636
finished_reconf: true
global_termination_time: 2075657.964
local_termination_time: 371735.7466000001
node_cons: 42694.93810558377
tot_aggregated_send: 28768
tot_msg_rcv: 1200
tot_msg_sent: 2014
tot_reconf_duration: 25.299999999999997
tot_sleeping_duration: 2043797.9336000117
tot_uptimes: 532
tot_uptimes_duration: 31860.030399988173
