comms_cons: 19.238931199482046
finished_reconf: true
global_termination_time: 166580.712
local_termination_time: 82204.07447999997
node_cons: 3395.1442844777625
tot_aggregated_send: 1566
tot_msg_rcv: 493
tot_msg_sent: 864
tot_reconf_duration: 15.34
tot_sleeping_duration: 164060.6876800017
tot_uptimes: 43
tot_uptimes_duration: 2520.024319998316
