comms_cons: 19.838278399895884
finished_reconf: true
global_termination_time: 164312.444
local_termination_time: 36360.92036000001
node_cons: 3382.8489455968966
tot_aggregated_send: 1450
tot_msg_rcv: 611
tot_msg_sent: 953
tot_reconf_duration: 6.279999999999999
tot_sleeping_duration: 161792.41360000233
tot_uptimes: 43
tot_uptimes_duration: 2520.0303999976823
