comms_cons: 18.895756799801546
finished_reconf: true
global_termination_time: 165743.503
local_termination_time: 79299.427
node_cons: 3381.3517576780914
tot_aggregated_send: 1331
tot_msg_rcv: 546
tot_msg_sent: 996
tot_reconf_duration: 4.8100000000000005
tot_sleeping_duration: 163223.09988000142
tot_uptimes: 43
tot_uptimes_duration: 2520.4031199985766
