comms_cons: 19.470361599845507
finished_reconf: true
global_termination_time: 164195.485
local_termination_time: 16524.56548
node_cons: 3380.290466717189
tot_aggregated_send: 1450
tot_msg_rcv: 569
tot_msg_sent: 942
tot_reconf_duration: 4.390000000000001
tot_sleeping_duration: 161675.4485200021
tot_uptimes: 43
tot_uptimes_duration: 2520.0364799978997
