comms_cons: 18.45271039976787
finished_reconf: true
global_termination_time: 164037.376
local_termination_time: 61402.960480000016
node_cons: 3378.454464476611
tot_aggregated_send: 1624
tot_msg_rcv: 363
tot_msg_sent: 819
tot_reconf_duration: 3.05
tot_sleeping_duration: 161517.35168000252
tot_uptimes: 43
tot_uptimes_duration: 2520.0243199974648
