comms_cons: 20.54492159974349
finished_reconf: true
global_termination_time: 167127.029
local_termination_time: 74675.06147999996
node_cons: 3384.940265596908
tot_aggregated_send: 1334
tot_msg_rcv: 744
tot_msg_sent: 1044
tot_reconf_duration: 7.819999999999999
tot_sleeping_duration: 164606.99860000235
tot_uptimes: 43
tot_uptimes_duration: 2520.0303999976823
