comms_cons: 167.72357758682594
finished_reconf: true
global_termination_time: 1623196.476
local_termination_time: 443191.76248000003
node_cons: 33349.7096511821
tot_aggregated_send: 21112
tot_msg_rcv: 1529
tot_msg_sent: 2851
tot_reconf_duration: 6.279999999999999
tot_sleeping_duration: 1598296.4152000134
tot_uptimes: 416
tot_uptimes_duration: 24900.060799986648
