comms_cons: 167.67340798225123
finished_reconf: true
global_termination_time: 1623092.668
local_termination_time: 557008.944
node_cons: 33351.193484527896
tot_aggregated_send: 20877
tot_msg_rcv: 1625
tot_msg_sent: 2984
tot_reconf_duration: 5.57
tot_sleeping_duration: 1598190.778960024
tot_uptimes: 416
tot_uptimes_duration: 24901.889039976057
