comms_cons: 167.63989757738014
finished_reconf: true
global_termination_time: 1625798.812
local_termination_time: 502565.50960000005
node_cons: 33428.46349340198
tot_aggregated_send: 20938
tot_msg_rcv: 1603
tot_msg_sent: 2939
tot_reconf_duration: 5.1
tot_sleeping_duration: 1600838.7390400283
tot_uptimes: 417
tot_uptimes_duration: 24960.072959971614
