comms_cons: 167.91294718168598
finished_reconf: true
global_termination_time: 1625938.429
local_termination_time: 450368.19636000006
node_cons: 33425.67427182962
tot_aggregated_send: 20474
tot_msg_rcv: 1679
tot_msg_sent: 3369
tot_reconf_duration: 3.08
tot_sleeping_duration: 1600978.3904400077
tot_uptimes: 417
tot_uptimes_duration: 24960.038559992216
