comms_cons: 167.08108798206973
finished_reconf: true
global_termination_time: 1625999.11
local_termination_time: 439000.9759200003
node_cons: 33428.02082670097
tot_aggregated_send: 21750
tot_msg_rcv: 1262
tot_msg_sent: 2383
tot_reconf_duration: 4.8100000000000005
tot_sleeping_duration: 1601039.0735200143
tot_uptimes: 417
tot_uptimes_duration: 24960.036479985778
