comms_cons: 17.401984000133314
finished_reconf: true
global_termination_time: 176155.2939600002
local_termination_time: 176141.95836000005
node_cons: 3686.4910874402754
tot_aggregated_send: 2552
tot_msg_rcv: 26
tot_msg_sent: 66
tot_reconf_duration: 18.21
tot_sleeping_duration: 173420.595
tot_uptimes: 46
tot_uptimes_duration: 2734.6989600002125
