comms_cons: 2.526412799994436
finished_reconf: true
global_termination_time: 13401.021
local_termination_time: 5244.044360000001
node_cons: 247.55198000000055
tot_aggregated_send: 0
tot_msg_rcv: 213
tot_msg_sent: 170
tot_reconf_duration: 4.8100000000000005
tot_sleeping_duration: 13221.021
tot_uptimes: 4
tot_uptimes_duration: 180.0
