comms_cons: 108.11257598812475
finished_reconf: true
global_termination_time: 1049609.211
local_termination_time: 47820.54408000012
node_cons: 21538.127211186747
tot_aggregated_send: 13398
tot_msg_rcv: 1050
tot_msg_sent: 1985
tot_reconf_duration: 5.1
tot_sleeping_duration: 1033529.1502000098
tot_uptimes: 269
tot_uptimes_duration: 16080.060799990082
