comms_cons: 104.32632959302272
finished_reconf: true
global_termination_time: 1044582.825
local_termination_time: 456928.462
node_cons: 21470.80929527498
tot_aggregated_send: 14551
tot_msg_rcv: 379
tot_msg_sent: 926
tot_reconf_duration: 13.17
tot_sleeping_duration: 1028561.2234800037
tot_uptimes: 268
tot_uptimes_duration: 16021.601519996242
