comms_cons: 108.63194878320073
finished_reconf: true
global_termination_time: 1045739.054
local_termination_time: 135084.79448000054
node_cons: 21461.839490060716
tot_aggregated_send: 13340
tot_msg_rcv: 1072
tot_msg_sent: 2100
tot_reconf_duration: 8.09
tot_sleeping_duration: 1029718.9992800144
tot_uptimes: 268
tot_uptimes_duration: 16020.05471998558
