comms_cons: 108.0251135910123
finished_reconf: true
global_termination_time: 1047525.39
local_termination_time: 78722.18195999993
node_cons: 21543.540226710225
tot_aggregated_send: 13804
tot_msg_rcv: 988
tot_msg_sent: 1627
tot_reconf_duration: 9.11
tot_sleeping_duration: 1031445.3535200073
tot_uptimes: 269
tot_uptimes_duration: 16080.036479992676
