comms_cons: 105.5791615960054
finished_reconf: true
global_termination_time: 1045672.845
local_termination_time: 270700.05560000095
node_cons: 21459.738409120648
tot_aggregated_send: 13804
tot_msg_rcv: 816
tot_msg_sent: 1426
tot_reconf_duration: 4.390000000000001
tot_sleeping_duration: 1029650.6069199995
tot_uptimes: 268
tot_uptimes_duration: 16022.238080000505
