comms_cons: 91.75352319619367
finished_reconf: true
global_termination_time: 892897.4570799987
local_termination_time: 892897.4159599987
node_cons: 18410.191606965946
tot_aggregated_send: 11992
tot_msg_rcv: 690
tot_msg_sent: 1263
tot_reconf_duration: 24.59
tot_sleeping_duration: 879173.1864399943
tot_uptimes: 229
tot_uptimes_duration: 13724.270640004412
