comms_cons: 88.48366079973087
finished_reconf: true
global_termination_time: 892973.827
local_termination_time: 180569.30236000006
node_cons: 18326.048240000026
tot_aggregated_send: 12702
tot_msg_rcv: 230
tot_msg_sent: 517
tot_reconf_duration: 6.279999999999999
tot_sleeping_duration: 879293.827
tot_uptimes: 229
tot_uptimes_duration: 13680.0
