comms_cons: 2.414566399994114
finished_reconf: true
global_termination_time: 12589.329
local_termination_time: 6502.72336
node_cons: 252.0062200000002
tot_aggregated_send: 0
tot_msg_rcv: 211
tot_msg_sent: 156
tot_reconf_duration: 8.09
tot_sleeping_duration: 12409.329
tot_uptimes: 4
tot_uptimes_duration: 180.0
