comms_cons: 2.3165055999937483
finished_reconf: true
global_termination_time: 15223.229
local_termination_time: 6039.5423599999995
node_cons: 245.16189999999904
tot_aggregated_send: 0
tot_msg_rcv: 180
tot_msg_sent: 172
tot_reconf_duration: 3.05
tot_sleeping_duration: 15043.229
tot_uptimes: 4
tot_uptimes_duration: 180.0
