comms_cons: 1.5197951999949793
finished_reconf: true
global_termination_time: 9159.854
local_termination_time: 6315.64936
node_cons: 169.12676000000033
tot_aggregated_send: 0
tot_msg_rcv: 120
tot_msg_sent: 111
tot_reconf_duration: 6.22
tot_sleeping_duration: 9039.854
tot_uptimes: 3
tot_uptimes_duration: 120.0
