comms_cons: 40.22213120152583
finished_reconf: true
global_termination_time: 383972.45096000057
local_termination_time: 383972.40984000056
node_cons: 7985.3563428021225
tot_aggregated_send: 4813
tot_msg_rcv: 424
tot_msg_sent: 876
tot_reconf_duration: 39.919999999999995
tot_sleeping_duration: 378049.26575999905
tot_uptimes: 99
tot_uptimes_duration: 5923.18520000155
