comms_cons: 33.47496960035981
finished_reconf: true
global_termination_time: 330910.272
local_termination_time: 82367.79551999978
node_cons: 6759.187701121447
tot_aggregated_send: 4582
tot_msg_rcv: 222
tot_msg_sent: 284
tot_reconf_duration: 7.819999999999999
tot_sleeping_duration: 325870.2659199989
tot_uptimes: 85
tot_uptimes_duration: 5040.006080001069
