comms_cons: 76.25388799982649
finished_reconf: true
global_termination_time: 775734.454
local_termination_time: 124522.38835999998
node_cons: 15938.078700000025
tot_aggregated_send: 11136
tot_msg_rcv: 157
tot_msg_sent: 297
tot_reconf_duration: 22.65
tot_sleeping_duration: 763854.454
tot_uptimes: 199
tot_uptimes_duration: 11879.999999999993
