comms_cons: 76.29303039880296
finished_reconf: true
global_termination_time: 772853.6304799998
local_termination_time: 772853.5893599999
node_cons: 15874.168779836655
tot_aggregated_send: 11067
tot_msg_rcv: 174
tot_msg_sent: 355
tot_reconf_duration: 21.23
tot_sleeping_duration: 761019.9199200023
tot_uptimes: 198
tot_uptimes_duration: 11833.710559997475
