comms_cons: 301.4266752249196
finished_reconf: true
global_termination_time: 3009867.601
local_termination_time: 519954.81036
node_cons: 61870.39336893405
tot_aggregated_send: 42224
tot_msg_rcv: 1189
tot_msg_sent: 2403
tot_reconf_duration: 6.279999999999999
tot_sleeping_duration: 2963667.5523600182
tot_uptimes: 771
tot_uptimes_duration: 46200.04863998154
