comms_cons: 303.44590082896104
finished_reconf: true
global_termination_time: 3013039.214
local_termination_time: 2287233.5721999994
node_cons: 61976.51368223283
tot_aggregated_send: 42514
tot_msg_rcv: 1424
tot_msg_sent: 2184
tot_reconf_duration: 25.299999999999997
tot_sleeping_duration: 2966779.2018400044
tot_uptimes: 772
tot_uptimes_duration: 46260.012159995735
