comms_cons: 132.81332478158467
finished_reconf: true
global_termination_time: 671223.127
local_termination_time: 2512.73036
node_cons: 13745.736624483463
tot_aggregated_send: 0
tot_msg_rcv: 10263
tot_msg_sent: 9925
tot_reconf_duration: 5.57
tot_sleeping_duration: 660963.1026799974
tot_uptimes: 172
tot_uptimes_duration: 10260.024320002572
