comms_cons: 576.9015935196699
finished_reconf: true
global_termination_time: 669900.7945999998
local_termination_time: 669900.7534799998
node_cons: 66363.98578831137
tot_aggregated_send: 0
tot_msg_rcv: 39815
tot_msg_sent: 47869
tot_reconf_duration: 37.410000000000004
tot_sleeping_duration: 620376.3860799755
tot_uptimes: 796
tot_uptimes_duration: 49524.40852002435
