comms_cons: 132.96860158040434
finished_reconf: true
global_termination_time: 672032.321
local_termination_time: 141.18248000000023
node_cons: 13825.438364485743
tot_aggregated_send: 0
tot_msg_rcv: 10224
tot_msg_sent: 9985
tot_reconf_duration: 5.1
tot_sleeping_duration: 661712.2966799957
tot_uptimes: 173
tot_uptimes_duration: 10320.024320004275
