comms_cons: 70.01710079581716
finished_reconf: true
global_termination_time: 669901.7363199986
local_termination_time: 10639.135920000004
node_cons: 13811.617695197632
tot_aggregated_send: 8700
tot_msg_rcv: 682
tot_msg_sent: 1262
tot_reconf_duration: 4.8100000000000005
tot_sleeping_duration: 659591.7395200004
tot_uptimes: 172
tot_uptimes_duration: 10309.996799998218
