comms_cons: 68.91054079882952
finished_reconf: true
global_termination_time: 671740.135
local_termination_time: 262838.86348000006
node_cons: 13835.655963364317
tot_aggregated_send: 9048
tot_msg_rcv: 506
tot_msg_sent: 920
tot_reconf_duration: 12.629999999999999
tot_sleeping_duration: 661420.1167599969
tot_uptimes: 173
tot_uptimes_duration: 10320.018240003206
