comms_cons: 69.81909759796653
finished_reconf: true
global_termination_time: 673850.512
local_termination_time: 81374.59907999962
node_cons: 13833.398946721722
tot_aggregated_send: 8700
tot_msg_rcv: 638
tot_msg_sent: 1274
tot_reconf_duration: 10.95
tot_sleeping_duration: 663530.4755199987
tot_uptimes: 173
tot_uptimes_duration: 10320.036480001276
