comms_cons: 11.513599999892836
finished_reconf: true
global_termination_time: 122593.877
local_termination_time: 57149.40936000001
node_cons: 2497.9220811191517
tot_aggregated_send: 1392
tot_msg_rcv: 68
tot_msg_sent: 290
tot_reconf_duration: 5.43
tot_sleeping_duration: 120733.87092000063
tot_uptimes: 32
tot_uptimes_duration: 1860.0060799993662
