comms_cons: 68.64778880444445
finished_reconf: true
global_termination_time: 499252.3612400002
local_termination_time: 51958.14808000003
node_cons: 10248.48425402486
tot_aggregated_send: 3190
tot_msg_rcv: 3058
tot_msg_sent: 4195
tot_reconf_duration: 18.21
tot_sleeping_duration: 491616.9952399816
tot_uptimes: 128
tot_uptimes_duration: 7635.366000018563
