comms_cons: 51.62040320170877
finished_reconf: true
global_termination_time: 501763.003
local_termination_time: 299010.923
node_cons: 10304.38428448577
tot_aggregated_send: 6654
tot_msg_rcv: 434
tot_msg_sent: 758
tot_reconf_duration: 15.34
tot_sleeping_duration: 494082.97867999575
tot_uptimes: 129
tot_uptimes_duration: 7680.024320004275
