comms_cons: 51.75779840110785
finished_reconf: true
global_termination_time: 502894.438
local_termination_time: 155581.03936000005
node_cons: 10300.695963364311
tot_aggregated_send: 6670
tot_msg_rcv: 450
tot_msg_sent: 748
tot_reconf_duration: 12.629999999999999
tot_sleeping_duration: 495214.4197599968
tot_uptimes: 129
tot_uptimes_duration: 7680.018240003206
