comms_cons: 50.68678400046492
finished_reconf: true
global_termination_time: 501312.747
local_termination_time: 107533.52635999996
node_cons: 10289.489761121444
tot_aggregated_send: 6844
tot_msg_rcv: 280
tot_msg_sent: 580
tot_reconf_duration: 4.390000000000001
tot_sleeping_duration: 493632.7409199989
tot_uptimes: 129
tot_uptimes_duration: 7680.006080001069
