comms_cons: 51.04387840108947
finished_reconf: true
global_termination_time: 500954.774
local_termination_time: 335881.08436000004
node_cons: 10291.974901121408
tot_aggregated_send: 6786
tot_msg_rcv: 338
tot_msg_sent: 634
tot_reconf_duration: 6.22
tot_sleeping_duration: 493274.7679199989
tot_uptimes: 129
tot_uptimes_duration: 7680.006080001069
