comms_cons: 1.4671615999972463
finished_reconf: true
global_termination_time: 9009.129
local_termination_time: 4090.6133600000003
node_cons: 176.03897999999933
tot_aggregated_send: 0
tot_msg_rcv: 117
tot_msg_sent: 106
tot_reconf_duration: 11.31
tot_sleeping_duration: 8889.129
tot_uptimes: 3
tot_uptimes_duration: 119.99999999999955
