comms_cons: 43.218764800410355
finished_reconf: true
global_termination_time: 447597.383
local_termination_time: 281251.2575600007
node_cons: 9176.65300112142
tot_aggregated_send: 6032
tot_msg_rcv: 163
tot_msg_sent: 374
tot_reconf_duration: 13.17
tot_sleeping_duration: 440757.3769199989
tot_uptimes: 115
tot_uptimes_duration: 6840.006080001069
