comms_cons: 114.63002879413746
finished_reconf: true
global_termination_time: 1145999.889
local_termination_time: 545013.62536
node_cons: 23570.403123350563
tot_aggregated_send: 15718
tot_msg_rcv: 466
tot_msg_sent: 1239
tot_reconf_duration: 22.65
tot_sleeping_duration: 1128419.870760007
tot_uptimes: 294
tot_uptimes_duration: 17580.018239992904
