comms_cons: 114.37939199648744
finished_reconf: true
global_termination_time: 1147024.237
local_termination_time: 786862.9426399992
node_cons: 23543.761900000103
tot_aggregated_send: 16182
tot_msg_rcv: 391
tot_msg_sent: 812
tot_reconf_duration: 3.05
tot_sleeping_duration: 1129444.237
tot_uptimes: 294
tot_uptimes_duration: 17580.0
