comms_cons: 116.99596799104935
finished_reconf: true
global_termination_time: 1151082.064
local_termination_time: 299478.97092000075
node_cons: 23635.3678267042
tot_aggregated_send: 15718
tot_msg_rcv: 730
tot_msg_sent: 1334
tot_reconf_duration: 11.31
tot_sleeping_duration: 1133442.0275200119
tot_uptimes: 295
tot_uptimes_duration: 17640.03647998818
