comms_cons: 2.809478399990312
finished_reconf: true
global_termination_time: 14090.585
local_termination_time: 6318.02836
node_cons: 258.9048600000001
tot_aggregated_send: 0
tot_msg_rcv: 264
tot_msg_sent: 162
tot_reconf_duration: 13.17
tot_sleeping_duration: 13910.585
tot_uptimes: 4
tot_uptimes_duration: 180.0
