comms_cons: 2.2435071999925866
finished_reconf: true
global_termination_time: 17191.541
local_termination_time: 10167.51036
node_cons: 339.24486000000013
tot_aggregated_send: 0
tot_msg_rcv: 177
tot_msg_sent: 164
tot_reconf_duration: 13.17
tot_sleeping_duration: 16951.541
tot_uptimes: 5
tot_uptimes_duration: 240.0
