comms_cons: 47.0675968003303
finished_reconf: true
global_termination_time: 476051.081
local_termination_time: 61830.577480000014
node_cons: 9727.67198000001
tot_aggregated_send: 6844
tot_msg_rcv: 140
tot_msg_sent: 170
tot_reconf_duration: 4.8100000000000005
tot_sleeping_duration: 468791.081
tot_uptimes: 122
tot_uptimes_duration: 7260.0
