comms_cons: 47.46032640028511
finished_reconf: true
global_termination_time: 479380.237
local_termination_time: 90514.93047999995
node_cons: 9818.631540000039
tot_aggregated_send: 6786
tot_msg_rcv: 149
tot_msg_sent: 279
tot_reconf_duration: 12.629999999999999
tot_sleeping_duration: 472060.237
tot_uptimes: 123
tot_uptimes_duration: 7320.000000000029
