comms_cons: 47.13401600019589
finished_reconf: true
global_termination_time: 476032.348
local_termination_time: 63724.21348000002
node_cons: 9725.281900000016
tot_aggregated_send: 6728
tot_msg_rcv: 148
tot_msg_sent: 288
tot_reconf_duration: 3.05
tot_sleeping_duration: 468772.348
tot_uptimes: 122
tot_uptimes_duration: 7260.0
