comms_cons: 64.33240960626287
finished_reconf: true
global_termination_time: 298922.89460000006
local_termination_time: 298922.85348000005
node_cons: 6157.736271845899
tot_aggregated_send: 0
tot_msg_rcv: 5329
tot_msg_sent: 4442
tot_reconf_duration: 24.59
tot_sleeping_duration: 294349.07603999565
tot_uptimes: 77
tot_uptimes_duration: 4573.818560004394
