comms_cons: 103.0966911994592
finished_reconf: true
global_termination_time: 1063466.099
local_termination_time: 323474.4613600001
node_cons: 21863.466220000068
tot_aggregated_send: 15138
tot_msg_rcv: 171
tot_msg_sent: 361
tot_reconf_duration: 8.09
tot_sleeping_duration: 1047146.0989999999
tot_uptimes: 273
tot_uptimes_duration: 16320.0
