comms_cons: 104.71454719849856
finished_reconf: true
global_termination_time: 1066843.038
local_termination_time: 380563.24136000004
node_cons: 21948.17898000003
tot_aggregated_send: 15370
tot_msg_rcv: 206
tot_msg_sent: 340
tot_reconf_duration: 11.31
tot_sleeping_duration: 1050463.038
tot_uptimes: 274
tot_uptimes_duration: 16380.0
