comms_cons: 101.77152639111654
finished_reconf: true
global_termination_time: 989782.63
local_termination_time: 24358.056
node_cons: 20350.81430894848
tot_aggregated_send: 13150
tot_msg_rcv: 798
tot_msg_sent: 1521
tot_reconf_duration: 18.21
tot_sleeping_duration: 974602.5813600086
tot_uptimes: 254
tot_uptimes_duration: 15180.048639991379
