comms_cons: 99.28538239751691
finished_reconf: true
global_termination_time: 994249.239
local_termination_time: 216727.6144000008
node_cons: 20414.88824000003
tot_aggregated_send: 13862
tot_msg_rcv: 363
tot_msg_sent: 866
tot_reconf_duration: 6.279999999999999
tot_sleeping_duration: 979009.239
tot_uptimes: 255
tot_uptimes_duration: 15240.0
