comms_cons: 272.81674240889595
finished_reconf: true
global_termination_time: 2715169.929
local_termination_time: 1683669.5227999985
node_cons: 55842.8482622328
tot_aggregated_send: 37700
tot_msg_rcv: 1155
tot_msg_sent: 2611
tot_reconf_duration: 4.8100000000000005
tot_sleeping_duration: 2673469.9168400047
tot_uptimes: 696
tot_uptimes_duration: 41700.01215999527
