comms_cons: 273.06969601291416
finished_reconf: true
global_termination_time: 2713445.65748
local_termination_time: 2713445.61636
node_cons: 55807.8012121327
tot_aggregated_send: 37512
tot_msg_rcv: 1245
tot_msg_sent: 2746
tot_reconf_duration: 24.59
tot_sleeping_duration: 2671791.8800400193
tot_uptimes: 695
tot_uptimes_duration: 41653.77743998052
