comms_cons: 60.7463808001053
finished_reconf: true
global_termination_time: 619888.739
local_termination_time: 321617.97060000006
node_cons: 12735.10806052148
tot_aggregated_send: 8874
tot_msg_rcv: 144
tot_msg_sent: 215
tot_reconf_duration: 25.299999999999997
tot_sleeping_duration: 610403.4883199988
tot_uptimes: 159
tot_uptimes_duration: 9485.250680001103
