comms_cons: 61.50894080018401
finished_reconf: true
global_termination_time: 621285.104
local_termination_time: 239082.63536000004
node_cons: 12780.591980000016
tot_aggregated_send: 8990
tot_msg_rcv: 131
tot_msg_sent: 228
tot_reconf_duration: 4.8100000000000005
tot_sleeping_duration: 611745.104
tot_uptimes: 160
tot_uptimes_duration: 9540.0
