comms_cons: 61.712895998965806
finished_reconf: true
global_termination_time: 623975.076
local_termination_time: 460460.01936000003
node_cons: 12780.021619999958
tot_aggregated_send: 8932
tot_msg_rcv: 162
tot_msg_sent: 286
tot_reconf_duration: 4.390000000000001
tot_sleeping_duration: 614435.076
tot_uptimes: 160
tot_uptimes_duration: 9540.0
