comms_cons: 66.11438079844339
finished_reconf: true
global_termination_time: 664483.173
local_termination_time: 545013.62536
node_cons: 13688.566841116883
tot_aggregated_send: 9280
tot_msg_rcv: 265
tot_msg_sent: 504
tot_reconf_duration: 22.65
tot_sleeping_duration: 654283.1669200023
tot_uptimes: 171
tot_uptimes_duration: 10200.006079997635
