comms_cons: 66.57555199943597
finished_reconf: true
global_termination_time: 665291.391
local_termination_time: 120345.95635999997
node_cons: 13663.77790224288
tot_aggregated_send: 8932
tot_msg_rcv: 317
tot_msg_sent: 871
tot_reconf_duration: 4.390000000000001
tot_sleeping_duration: 655091.3788399978
tot_uptimes: 171
tot_uptimes_duration: 10200.012160002138
