comms_cons: 58.80256639964308
finished_reconf: true
global_termination_time: 588568.448
local_termination_time: 65599.96159999995
node_cons: 12071.527521121428
tot_aggregated_send: 8294
tot_msg_rcv: 250
tot_msg_sent: 393
tot_reconf_duration: 15.110000000000001
tot_sleeping_duration: 579568.4419199988
tot_uptimes: 151
tot_uptimes_duration: 9000.006080001054
