comms_cons: 58.04179839979994
finished_reconf: true
global_termination_time: 587462.158
local_termination_time: 6521.42496
node_cons: 12066.358980000017
tot_aggregated_send: 8352
tot_msg_rcv: 132
tot_msg_sent: 338
tot_reconf_duration: 11.31
tot_sleeping_duration: 578462.158
tot_uptimes: 151
tot_uptimes_duration: 9000.0
