comms_cons: 197.6355839786941
finished_reconf: true
global_termination_time: 1948105.984
local_termination_time: 191852.8463200002
node_cons: 40015.941532294084
tot_aggregated_send: 26332
tot_msg_rcv: 1145
tot_msg_sent: 2563
tot_reconf_duration: 4.8100000000000005
tot_sleeping_duration: 1918225.9171200192
tot_uptimes: 499
tot_uptimes_duration: 29880.066879980848
