comms_cons: 192.83635198927766
finished_reconf: true
global_termination_time: 1944876.407
local_termination_time: 740368.4593599999
node_cons: 40016.69393999965
tot_aggregated_send: 27782
tot_msg_rcv: 431
tot_msg_sent: 1097
tot_reconf_duration: 5.43
tot_sleeping_duration: 1914996.407
tot_uptimes: 499
tot_uptimes_duration: 29880.0
