comms_cons: 1.0197760000022735
finished_reconf: true
global_termination_time: 5762.082
local_termination_time: 1400.6533600000002
node_cons: 98.22486000000009
tot_aggregated_send: 0
tot_msg_rcv: 106
tot_msg_sent: 48
tot_reconf_duration: 13.17
tot_sleeping_duration: 5702.082
tot_uptimes: 2
tot_uptimes_duration: 60.0
