comms_cons: 2.165183999992137
finished_reconf: true
global_termination_time: 13201.08148
local_termination_time: 13201.04036
node_cons: 292.77165984000686
tot_aggregated_send: 0
tot_msg_rcv: 160
tot_msg_sent: 168
tot_reconf_duration: 24.59
tot_sleeping_duration: 13007.370919999996
tot_uptimes: 4
tot_uptimes_duration: 193.710560000005
