comms_cons: 2.282982399992456
finished_reconf: true
global_termination_time: 14431.049
local_termination_time: 4389.31136
node_cons: 248.58405999999962
tot_aggregated_send: 0
tot_msg_rcv: 178
tot_msg_sent: 169
tot_reconf_duration: 5.57
tot_sleeping_duration: 14251.049
tot_uptimes: 4
tot_uptimes_duration: 180.0
