comms_cons: 1.5329535999949357
finished_reconf: true
global_termination_time: 16298.136
local_termination_time: 5388.94436
node_cons: 327.89198000000056
tot_aggregated_send: 0
tot_msg_rcv: 119
tot_msg_sent: 114
tot_reconf_duration: 4.8100000000000005
tot_sleeping_duration: 16058.136
tot_uptimes: 5
tot_uptimes_duration: 240.0
