comms_cons: 188.38881279484403
finished_reconf: true
global_termination_time: 1921641.356
local_termination_time: 1487484.6493599976
node_cons: 39531.42189999951
tot_aggregated_send: 27782
tot_msg_rcv: 272
tot_msg_sent: 580
tot_reconf_duration: 3.05
tot_sleeping_duration: 1892121.356
tot_uptimes: 493
tot_uptimes_duration: 29520.0
