comms_cons: 190.50073599200317
finished_reconf: true
global_termination_time: 1917944.1264799999
local_termination_time: 1917944.08536
node_cons: 39498.699800957824
tot_aggregated_send: 27478
tot_msg_rcv: 482
tot_msg_sent: 994
tot_reconf_duration: 24.59
tot_sleeping_duration: 1888470.4098400013
tot_uptimes: 492
tot_uptimes_duration: 29473.716639998544
