comms_cons: 766.5450300945364
finished_reconf: true
global_termination_time: 905370.1390000004
local_termination_time: 184569.93248000008
node_cons: 89815.48785879272
tot_aggregated_send: 0
tot_msg_rcv: 52902
tot_msg_sent: 63610
tot_reconf_duration: 5.57
tot_sleeping_duration: 838299.2474400342
tot_uptimes: 1085
tot_uptimes_duration: 67070.89155996626
