comms_cons: 91.66141439559382
finished_reconf: true
global_termination_time: 907117.021
local_termination_time: 307632.76636000007
node_cons: 18643.10334558873
tot_aggregated_send: 12122
tot_msg_rcv: 515
tot_msg_sent: 1295
tot_reconf_duration: 3.08
tot_sleeping_duration: 893196.9906000084
tot_uptimes: 233
tot_uptimes_duration: 13920.030399991549
