comms_cons: 92.18117119554246
finished_reconf: true
global_termination_time: 907207.795
local_termination_time: 674487.2911599983
node_cons: 18659.836429592786
tot_aggregated_send: 12180
tot_msg_rcv: 564
tot_msg_sent: 1267
tot_reconf_duration: 15.110000000000001
tot_sleeping_duration: 893287.4686000054
tot_uptimes: 233
tot_uptimes_duration: 13920.326399994607
