comms_cons: 96.3152767920727
finished_reconf: true
global_termination_time: 906501.705
local_termination_time: 200171.96280000074
node_cons: 18654.271544481147
tot_aggregated_send: 11542
tot_msg_rcv: 1183
tot_msg_sent: 1913
tot_reconf_duration: 11.31
tot_sleeping_duration: 892581.6806799991
tot_uptimes: 233
tot_uptimes_duration: 13920.02432000084
