comms_cons: 81.19641599699203
finished_reconf: true
global_termination_time: 797723.9911599982
local_termination_time: 797723.9500399983
node_cons: 16513.41989847372
tot_aggregated_send: 10878
tot_msg_rcv: 484
tot_msg_sent: 981
tot_reconf_duration: 37.410000000000004
tot_sleeping_duration: 785429.280840003
tot_uptimes: 205
tot_uptimes_duration: 12294.710319995283
