comms_cons: 78.94394239999951
finished_reconf: true
global_termination_time: 801579.09
local_termination_time: 184573.05136000004
node_cons: 16478.277086723996
tot_aggregated_send: 10208
tot_msg_rcv: 603
tot_msg_sent: 1188
tot_reconf_duration: 6.279999999999999
tot_sleeping_duration: 789279.053519997
tot_uptimes: 206
tot_uptimes_duration: 12300.036480002971
