comms_cons: 78.97734400026812
finished_reconf: true
global_termination_time: 799744.516
local_termination_time: 167958.2436400004
node_cons: 16407.26928336433
tot_aggregated_send: 10846
tot_msg_rcv: 406
tot_msg_sent: 752
tot_reconf_duration: 13.17
tot_sleeping_duration: 787504.4977599968
tot_uptimes: 205
tot_uptimes_duration: 12240.018240003206
