comms_cons: 86.32759039853
finished_reconf: true
global_termination_time: 869620.908
local_termination_time: 728445.5733599998
node_cons: 17860.22546223364
tot_aggregated_send: 12180
tot_msg_rcv: 290
tot_msg_sent: 651
tot_reconf_duration: 18.21
tot_sleeping_duration: 856300.8958400048
tot_uptimes: 223
tot_uptimes_duration: 13320.012159995269
