comms_cons: 89.39175039582419
finished_reconf: true
global_termination_time: 868505.975
local_termination_time: 13836.688360000002
node_cons: 17843.101047836248
tot_aggregated_send: 11368
tot_msg_rcv: 754
tot_msg_sent: 1466
tot_reconf_duration: 5.57
tot_sleeping_duration: 855185.9324400028
tot_uptimes: 223
tot_uptimes_duration: 13320.042559997179
