comms_cons: 88.95861759446558
finished_reconf: true
global_termination_time: 870010.162
local_termination_time: 183700.13336000007
node_cons: 17842.51163455104
tot_aggregated_send: 11136
tot_msg_rcv: 676
tot_msg_sent: 1709
tot_reconf_duration: 5.1
tot_sleeping_duration: 856690.0829600068
tot_uptimes: 223
tot_uptimes_duration: 13320.079039993288
