comms_cons: 89.87187199329452
finished_reconf: true
global_termination_time: 870464.044
local_termination_time: 421969.39336000005
node_cons: 17839.71148670564
tot_aggregated_send: 11484
tot_msg_rcv: 780
tot_msg_sent: 1396
tot_reconf_duration: 3.08
tot_sleeping_duration: 857144.0075200107
tot_uptimes: 223
tot_uptimes_duration: 13320.036479989241
