comms_cons: 89.28632319511036
finished_reconf: true
global_termination_time: 869630.238
local_termination_time: 3376.6561600000014
node_cons: 17846.498784467316
tot_aggregated_send: 11716
tot_msg_rcv: 697
tot_msg_sent: 1158
tot_reconf_duration: 8.09
tot_sleeping_duration: 856310.2136800095
tot_uptimes: 223
tot_uptimes_duration: 13320.024319990509
