comms_cons: 88.31385599372025
finished_reconf: true
global_termination_time: 868711.888
local_termination_time: 334835.40636
node_cons: 17842.935351191332
tot_aggregated_send: 11368
tot_msg_rcv: 712
tot_msg_sent: 1344
tot_reconf_duration: 5.43
tot_sleeping_duration: 855391.8272000065
tot_uptimes: 223
tot_uptimes_duration: 13320.060799993516
