comms_cons: 87.9316351967503
finished_reconf: true
global_termination_time: 868074.593
local_termination_time: 338134.5143600001
node_cons: 17856.360566714855
tot_aggregated_send: 11890
tot_msg_rcv: 495
tot_msg_sent: 980
tot_reconf_duration: 15.34
tot_sleeping_duration: 854754.556520004
tot_uptimes: 223
tot_uptimes_duration: 13320.036479996113
