comms_cons: 648.0440699667271
finished_reconf: true
global_termination_time: 1454151.648
local_termination_time: 631104.8704799998
node_cons: 88257.95293293244
tot_aggregated_send: 0
tot_msg_rcv: 39842
tot_msg_sent: 58657
tot_reconf_duration: 18.21
tot_sleeping_duration: 1388256.7833600189
tot_uptimes: 1085
tot_uptimes_duration: 65894.86463998111
