comms_cons: 142.23492479525777
finished_reconf: true
global_termination_time: 1459317.134
local_termination_time: 1276491.46936
node_cons: 29975.348240000083
tot_aggregated_send: 20996
tot_msg_rcv: 209
tot_msg_sent: 413
tot_reconf_duration: 6.279999999999999
tot_sleeping_duration: 1436937.134
tot_uptimes: 374
tot_uptimes_duration: 22380.0
