comms_cons: 268.07032942084925
finished_reconf: true
global_termination_time: 1454151.648
local_termination_time: 636098.89836
node_cons: 29893.04454446745
tot_aggregated_send: 0
tot_msg_rcv: 20838
tot_msg_sent: 19908
tot_reconf_duration: 4.8100000000000005
tot_sleeping_duration: 1431831.6236800095
tot_uptimes: 373
tot_uptimes_duration: 22320.024319990538
