comms_cons: 147.9366591863827
finished_reconf: true
global_termination_time: 1454652.494
local_termination_time: 647730.4256799995
node_cons: 29897.15654781796
tot_aggregated_send: 19488
tot_msg_rcv: 959
tot_msg_sent: 2037
tot_reconf_duration: 7.819999999999999
tot_sleeping_duration: 1432332.4514400165
tot_uptimes: 373
tot_uptimes_duration: 22320.04255998344
