comms_cons: 1411.6233054401453
finished_reconf: true
global_termination_time: 4839943.693
local_termination_time: 3671387.51372
node_cons: 197753.31097462846
tot_aggregated_send: 0
tot_msg_rcv: 71864
tot_msg_sent: 142698
tot_reconf_duration: 18.21
tot_sleeping_duration: 4692274.849240003
tot_uptimes: 2440
tot_uptimes_duration: 147668.84375999658
