comms_cons: 486.75441287807456
finished_reconf: true
global_termination_time: 4839833.432
local_termination_time: 2165208.5349199986
node_cons: 99569.09190134374
tot_aggregated_send: 67860
tot_msg_rcv: 2130
tot_msg_sent: 3993
tot_reconf_duration: 18.700000000000003
tot_sleeping_duration: 4765491.61176001
tot_uptimes: 1240
tot_uptimes_duration: 74341.82023998979
