comms_cons: 487.0772289220976
finished_reconf: true
global_termination_time: 4841783.175
local_termination_time: 1206243.6412799982
node_cons: 99549.75560669936
tot_aggregated_send: 66874
tot_msg_rcv: 2395
tot_msg_sent: 4762
tot_reconf_duration: 6.22
tot_sleeping_duration: 4767443.138520013
tot_uptimes: 1240
tot_uptimes_duration: 74340.03647998674
