comms_cons: 485.75564169952196
finished_reconf: true
global_termination_time: 4840073.601
local_termination_time: 777952.0151599982
node_cons: 99548.69906893298
tot_aggregated_send: 67048
tot_msg_rcv: 2216
tot_msg_sent: 4567
tot_reconf_duration: 5.43
tot_sleeping_duration: 4765733.552360018
tot_uptimes: 1240
tot_uptimes_duration: 74340.04863998201
