comms_cons: 208.02759679010265
finished_reconf: true
global_termination_time: 2099610.96
local_termination_time: 898958.6823599999
node_cons: 43159.73153999961
tot_aggregated_send: 30044
tot_msg_rcv: 498
tot_msg_sent: 1076
tot_reconf_duration: 12.629999999999999
tot_sleeping_duration: 2067390.96
tot_uptimes: 538
tot_uptimes_duration: 32220.0
