comms_cons: 207.17305599411083
finished_reconf: true
global_termination_time: 2100466.041
local_termination_time: 963612.739
node_cons: 43167.982741116364
tot_aggregated_send: 30374
tot_msg_rcv: 362
tot_msg_sent: 753
tot_reconf_duration: 18.700000000000003
tot_sleeping_duration: 2068246.0349200026
tot_uptimes: 538
tot_uptimes_duration: 32220.006079997635
