comms_cons: 216.61422716632342
finished_reconf: true
global_termination_time: 2100154.749
local_termination_time: 347925.22688000044
node_cons: 43146.78702893895
tot_aggregated_send: 27724
tot_msg_rcv: 1876
tot_msg_sent: 3323
tot_reconf_duration: 3.05
tot_sleeping_duration: 2067934.7003600153
tot_uptimes: 538
tot_uptimes_duration: 32220.048639984525
