comms_cons: 98.42483199817931
finished_reconf: true
global_termination_time: 997497.9584799998
local_termination_time: 997497.9173599998
node_cons: 20549.361438120228
tot_aggregated_send: 14441
tot_msg_rcv: 186
tot_msg_sent: 332
tot_reconf_duration: 31.58
tot_sleeping_duration: 982183.1893999997
tot_uptimes: 256
tot_uptimes_duration: 15314.769080000136
