comms_cons: 102.81973759470773
finished_reconf: true
global_termination_time: 1052340.859
local_termination_time: 2406.05124
node_cons: 21626.43323230358
tot_aggregated_send: 13978
tot_msg_rcv: 477
tot_msg_sent: 1173
tot_reconf_duration: 10.96
tot_sleeping_duration: 1036200.7921200122
tot_uptimes: 270
tot_uptimes_duration: 16140.066879987717
