comms_cons: 104.26160639402956
finished_reconf: true
global_termination_time: 1052737.149
local_termination_time: 6973.417
node_cons: 21619.415108943886
tot_aggregated_send: 14668
tot_msg_rcv: 415
tot_msg_sent: 764
tot_reconf_duration: 5.8100000000000005
tot_sleeping_duration: 1036597.100360012
tot_uptimes: 270
tot_uptimes_duration: 16140.048639987945
