comms_cons: 101.14862079469094
finished_reconf: true
global_termination_time: 1048781.782
local_termination_time: 4184.429
node_cons: 21565.577864471958
tot_aggregated_send: 14243
tot_msg_rcv: 376
tot_msg_sent: 755
tot_reconf_duration: 25.35
tot_sleeping_duration: 1032701.7576800059
tot_uptimes: 269
tot_uptimes_duration: 16080.024319993972
