comms_cons: 39.88311040044438
finished_reconf: true
global_termination_time: 397957.927
local_termination_time: 81024.64159999994
node_cons: 8134.867521119162
tot_aggregated_send: 5510
tot_msg_rcv: 218
tot_msg_sent: 334
tot_reconf_duration: 15.110000000000001
tot_sleeping_duration: 391897.92092000064
tot_uptimes: 102
tot_uptimes_duration: 6060.006079999366
