comms_cons: 91.18113279515246
finished_reconf: true
global_termination_time: 912175.081
local_termination_time: 578890.9491199999
node_cons: 18740.068002233646
tot_aggregated_send: 12644
tot_msg_rcv: 394
tot_msg_sent: 821
tot_reconf_duration: 15.34
tot_sleeping_duration: 898195.0688400047
tot_uptimes: 234
tot_uptimes_duration: 13980.012159995269
