comms_cons: 174.94218233247054
finished_reconf: true
global_termination_time: 911983.646
local_termination_time: 578941.7474799998
node_cons: 18726.17022335053
tot_aggregated_send: 0
tot_msg_rcv: 13591
tot_msg_sent: 13001
tot_reconf_duration: 5.1
tot_sleeping_duration: 898003.627760007
tot_uptimes: 234
tot_uptimes_duration: 13980.018239992933
