comms_cons: 92.96469119387575
finished_reconf: true
global_termination_time: 909181.667
local_termination_time: 637083.8743999981
node_cons: 18643.070781116803
tot_aggregated_send: 11832
tot_msg_rcv: 688
tot_msg_sent: 1610
tot_reconf_duration: 3.08
tot_sleeping_duration: 895261.6609200024
tot_uptimes: 233
tot_uptimes_duration: 13920.006079997635
