comms_cons: 176.6378175328378
finished_reconf: true
global_termination_time: 911842.024
local_termination_time: 580355.6373599999
node_cons: 18727.68304223381
tot_aggregated_send: 0
tot_msg_rcv: 13847
tot_msg_sent: 12999
tot_reconf_duration: 6.22
tot_sleeping_duration: 897862.0118400047
tot_uptimes: 234
tot_uptimes_duration: 13980.012159995269
