comms_cons: 308.5155967989633
finished_reconf: true
global_termination_time: 3099490.005
local_termination_time: 1078596.3130799998
node_cons: 63717.249188933776
tot_aggregated_send: 41876
tot_msg_rcv: 1700
tot_msg_sent: 3318
tot_reconf_duration: 5.57
tot_sleeping_duration: 3051909.9563600183
tot_uptimes: 794
tot_uptimes_duration: 47580.04863998131
