comms_cons: 304.2880000040809
finished_reconf: true
global_termination_time: 3099191.961
local_termination_time: 1585715.117639999
node_cons: 63730.13937999853
tot_aggregated_send: 44428
tot_msg_rcv: 518
tot_msg_sent: 1304
tot_reconf_duration: 15.110000000000001
tot_sleeping_duration: 3051611.961
tot_uptimes: 794
tot_uptimes_duration: 47580.0
