comms_cons: 311.2278399940598
finished_reconf: true
global_termination_time: 3101112.475
local_termination_time: 508327.62616000033
node_cons: 63810.86499005024
tot_aggregated_send: 41470
tot_msg_rcv: 1908
tot_msg_sent: 3926
tot_reconf_duration: 15.34
tot_sleeping_duration: 3053472.420280021
tot_uptimes: 795
tot_uptimes_duration: 47640.05471997871
