comms_cons: 433.99410563387596
finished_reconf: true
global_termination_time: 4434977.974
local_termination_time: 2391615.785999998
node_cons: 91217.33702846304
tot_aggregated_send: 61712
tot_msg_rcv: 1418
tot_msg_sent: 2835
tot_reconf_duration: 15.34
tot_sleeping_duration: 4366870.053680011
tot_uptimes: 1136
tot_uptimes_duration: 68107.92031998932
