comms_cons: 433.1719296306438
finished_reconf: true
global_termination_time: 4439095.596
local_termination_time: 2932026.3343599997
node_cons: 91300.6055411141
tot_aggregated_send: 61828
tot_msg_rcv: 1419
tot_msg_sent: 2593
tot_reconf_duration: 25.299999999999997
tot_sleeping_duration: 4370935.589920002
tot_uptimes: 1137
tot_uptimes_duration: 68160.00607999763
