comms_cons: 440.6108800613835
finished_reconf: true
global_termination_time: 4438259.712
local_termination_time: 461036.91336000006
node_cons: 91272.8533911671
tot_aggregated_send: 61364
tot_msg_rcv: 1707
tot_msg_sent: 3897
tot_reconf_duration: 4.8100000000000005
tot_sleeping_duration: 4370099.651200023
tot_uptimes: 1137
tot_uptimes_duration: 68160.06079997728
