comms_cons: 62.5089792009517
finished_reconf: true
global_termination_time: 627516.108
local_termination_time: 149289.51236000005
node_cons: 12862.944522242877
tot_aggregated_send: 8642
tot_msg_rcv: 280
tot_msg_sent: 579
tot_reconf_duration: 6.279999999999999
tot_sleeping_duration: 617916.0958399979
tot_uptimes: 161
tot_uptimes_duration: 9600.012160002138
