comms_cons: 64.11555839946041
finished_reconf: true
global_termination_time: 625329.179
local_termination_time: 289922.57436
node_cons: 12861.358364481111
tot_aggregated_send: 8004
tot_msg_rcv: 635
tot_msg_sent: 1107
tot_reconf_duration: 5.1
tot_sleeping_duration: 615729.1546799991
tot_uptimes: 161
tot_uptimes_duration: 9600.02432000084
