comms_cons: 510.51960328765404
finished_reconf: true
global_termination_time: 5096999.147
local_termination_time: 215237.71520000018
node_cons: 104874.5401111665
tot_aggregated_send: 70818
tot_msg_rcv: 2085
tot_msg_sent: 4693
tot_reconf_duration: 22.65
tot_sleeping_duration: 5018699.086200023
tot_uptimes: 1306
tot_uptimes_duration: 78300.06079997728
