comms_cons: 65.98147840050802
finished_reconf: true
global_termination_time: 650900.571
local_termination_time: 54857.09756000014
node_cons: 13357.279861121446
tot_aggregated_send: 8816
tot_msg_rcv: 430
tot_msg_sent: 782
tot_reconf_duration: 15.34
tot_sleeping_duration: 640940.564919999
tot_uptimes: 167
tot_uptimes_duration: 9960.006080001069
