comms_cons: 64.31230720043271
finished_reconf: true
global_termination_time: 650814.744
local_termination_time: 20962.285640000006
node_cons: 13344.01220112145
tot_aggregated_send: 8294
tot_msg_rcv: 487
tot_msg_sent: 994
tot_reconf_duration: 5.57
tot_sleeping_duration: 640854.7379199988
tot_uptimes: 167
tot_uptimes_duration: 9960.006080001069
