comms_cons: 65.06891520071824
finished_reconf: true
global_termination_time: 649490.154
local_termination_time: 70580.73243999986
node_cons: 13347.442502242877
tot_aggregated_send: 8874
tot_msg_rcv: 380
tot_msg_sent: 636
tot_reconf_duration: 8.09
tot_sleeping_duration: 639530.1418399978
tot_uptimes: 167
tot_uptimes_duration: 9960.012160002138
