comms_cons: 64.45047039979434
finished_reconf: true
global_termination_time: 650956.487
local_termination_time: 108912.76035999997
node_cons: 13349.240501119168
tot_aggregated_send: 8410
tot_msg_rcv: 403
tot_msg_sent: 983
tot_reconf_duration: 9.42
tot_sleeping_duration: 640996.4809200006
tot_uptimes: 167
tot_uptimes_duration: 9960.006079999366
