comms_cons: 65.66007040157214
finished_reconf: true
global_termination_time: 649807.622
local_termination_time: 279032.212
node_cons: 13343.546304324165
tot_aggregated_send: 8523
tot_msg_rcv: 466
tot_msg_sent: 991
tot_reconf_duration: 4.390000000000001
tot_sleeping_duration: 639846.7671199968
tot_uptimes: 167
tot_uptimes_duration: 9960.854880003142
