comms_cons: 442.05976329877944
finished_reconf: true
global_termination_time: 4368305.49123999
local_termination_time: 35922.753000000004
node_cons: 89908.61932276477
tot_aggregated_send: 60070
tot_msg_rcv: 2402
tot_msg_sent: 4718
tot_reconf_duration: 18.21
tot_sleeping_duration: 4301177.866040015
tot_uptimes: 1119
tot_uptimes_duration: 67127.6251999755
