comms_cons: 678.9643336354934
finished_reconf: true
global_termination_time: 3447210.507
local_termination_time: 2483.82336
node_cons: 70867.49290670664
tot_aggregated_send: 0
tot_msg_rcv: 52029
tot_msg_sent: 51166
tot_reconf_duration: 5.57
tot_sleeping_duration: 3394290.470520009
tot_uptimes: 883
tot_uptimes_duration: 52920.036479991206
