comms_cons: 677.4311368294415
finished_reconf: true
global_termination_time: 3446151.703
local_termination_time: 1130.8714800000025
node_cons: 70866.8709289403
tot_aggregated_send: 0
tot_msg_rcv: 51795
tot_msg_sent: 51168
tot_reconf_duration: 5.1
tot_sleeping_duration: 3393231.6543600135
tot_uptimes: 883
tot_uptimes_duration: 52920.048639986475
