comms_cons: 350.5529344594651
finished_reconf: true
global_termination_time: 3446940.713
local_termination_time: 1280082.3396
node_cons: 70874.76638223295
tot_aggregated_send: 47444
tot_msg_rcv: 2131
tot_msg_sent: 3707
tot_reconf_duration: 10.95
tot_sleeping_duration: 3394020.7008400043
tot_uptimes: 883
tot_uptimes_duration: 52920.012159995735
