comms_cons: 344.8911872074838
finished_reconf: true
global_termination_time: 3447620.644
local_termination_time: 1488935.5055599983
node_cons: 70864.07074669946
tot_aggregated_send: 47386
tot_msg_rcv: 1665
tot_msg_sent: 3370
tot_reconf_duration: 3.05
tot_sleeping_duration: 3394700.6075200136
tot_uptimes: 883
tot_uptimes_duration: 52920.03647998604
