comms_cons: 113.13592319553656
finished_reconf: true
global_termination_time: 1135169.821
local_termination_time: 708168.9363599999
node_cons: 23307.046760000154
tot_aggregated_send: 16124
tot_msg_rcv: 381
tot_msg_sent: 691
tot_reconf_duration: 6.22
tot_sleeping_duration: 1117769.821
tot_uptimes: 291
tot_uptimes_duration: 17400.0
