comms_cons: 200.75301118683333
finished_reconf: true
global_termination_time: 2022098.04224
local_termination_time: 24918.02448
node_cons: 41579.62051273713
tot_aggregated_send: 28594
tot_msg_rcv: 600
tot_msg_sent: 1320
tot_reconf_duration: 18.21
tot_sleeping_duration: 1991063.7694000169
tot_uptimes: 518
tot_uptimes_duration: 31034.27283998317
