comms_cons: 204.51356797904296
finished_reconf: true
global_termination_time: 2022452.784
local_termination_time: 64217.44236000001
node_cons: 41553.729988941246
tot_aggregated_send: 27666
tot_msg_rcv: 1101
tot_msg_sent: 2318
tot_reconf_duration: 13.17
tot_sleeping_duration: 1991432.7353600138
tot_uptimes: 518
tot_uptimes_duration: 31020.048639986242
