comms_cons: 201.51494398613164
finished_reconf: true
global_termination_time: 2024532.202
local_termination_time: 640891.8073599999
node_cons: 41646.93568782212
tot_aggregated_send: 27956
tot_msg_rcv: 852
tot_msg_sent: 1821
tot_reconf_duration: 22.65
tot_sleeping_duration: 1993452.159440013
tot_uptimes: 519
tot_uptimes_duration: 31080.042559986876
