comms_cons: 200.5208575866335
finished_reconf: true
global_termination_time: 2025119.161
local_termination_time: 681802.59436
node_cons: 41622.66826223339
tot_aggregated_send: 28014
tot_msg_rcv: 835
tot_msg_sent: 1629
tot_reconf_duration: 4.8100000000000005
tot_sleeping_duration: 1994039.1488400048
tot_uptimes: 519
tot_uptimes_duration: 31080.012159995254
