comms_cons: 195.94173438888208
finished_reconf: true
global_termination_time: 2023005.659
local_termination_time: 1136895.095279999
node_cons: 41622.097902233196
tot_aggregated_send: 28072
tot_msg_rcv: 606
tot_msg_sent: 1104
tot_reconf_duration: 4.390000000000001
tot_sleeping_duration: 1991925.6468400047
tot_uptimes: 519
tot_uptimes_duration: 31080.01215999527
