comms_cons: 57.16071680031743
finished_reconf: true
global_termination_time: 577517.865
local_termination_time: 129510.746
node_cons: 11842.417122719233
tot_aggregated_send: 8233
tot_msg_rcv: 168
tot_msg_sent: 288
tot_reconf_duration: 15.110000000000001
tot_sleeping_duration: 568688.9645200005
tot_uptimes: 148
tot_uptimes_duration: 8828.900479999415
