comms_cons: 321.6759039564127
finished_reconf: true
global_termination_time: 664694.5555999998
local_termination_time: 664694.5144799999
node_cons: 40471.27913024684
tot_aggregated_send: 0
tot_msg_rcv: 19715
tot_msg_sent: 29175
tot_reconf_duration: 24.59
tot_sleeping_duration: 634494.4914399947
tot_uptimes: 495
tot_uptimes_duration: 30200.06416000529
