comms_cons: 66.14790399941
finished_reconf: true
global_termination_time: 665742.215
local_termination_time: 216154.52252000084
node_cons: 13664.331980000015
tot_aggregated_send: 9454
tot_msg_rcv: 196
tot_msg_sent: 405
tot_reconf_duration: 4.8100000000000005
tot_sleeping_duration: 655542.215
tot_uptimes: 171
tot_uptimes_duration: 10200.0
