comms_cons: 122.64285441723712
finished_reconf: true
global_termination_time: 514979.1470000004
local_termination_time: 514979.1058800004
node_cons: 10618.133042364112
tot_aggregated_send: 0
tot_msg_rcv: 10937
tot_msg_sent: 7705
tot_reconf_duration: 37.410000000000004
tot_sleeping_duration: 507087.1901199675
tot_uptimes: 132
tot_uptimes_duration: 7891.956880032936
