comms_cons: 50.54862080024435
finished_reconf: true
global_termination_time: 518956.881
local_termination_time: 76743.34447999996
node_cons: 10629.617321121454
tot_aggregated_send: 7482
tot_msg_rcv: 43
tot_msg_sent: 158
tot_reconf_duration: 18.21
tot_sleeping_duration: 511036.8749199989
tot_uptimes: 133
tot_uptimes_duration: 7920.006080001069
