comms_cons: 51.22627840026522
finished_reconf: true
global_termination_time: 518000.949
local_termination_time: 33724.11136000001
node_cons: 10611.41198000001
tot_aggregated_send: 7192
tot_msg_rcv: 134
tot_msg_sent: 460
tot_reconf_duration: 4.8100000000000005
tot_sleeping_duration: 510080.949
tot_uptimes: 133
tot_uptimes_duration: 7920.0
