comms_cons: 232.28426239057876
finished_reconf: true
global_termination_time: 2287288.874
local_termination_time: 906914.6078399987
node_cons: 47006.53733005087
tot_aggregated_send: 31320
tot_msg_rcv: 1369
tot_msg_sent: 2616
tot_reconf_duration: 5.57
tot_sleeping_duration: 2252188.8192800214
tot_uptimes: 586
tot_uptimes_duration: 35100.05471997871
