comms_cons: 379.11884804008173
finished_reconf: true
global_termination_time: 3774090.196
local_termination_time: 1947739.0580399996
node_cons: 77633.86716446665
tot_aggregated_send: 52664
tot_msg_rcv: 1606
tot_msg_sent: 3354
tot_reconf_duration: 18.700000000000003
tot_sleeping_duration: 3716130.1716800085
tot_uptimes: 967
tot_uptimes_duration: 57960.02431999124
