comms_cons: 380.5935616523385
finished_reconf: true
global_termination_time: 3775818.72
local_termination_time: 1686071.7761599992
node_cons: 77614.42604334878
tot_aggregated_send: 52664
tot_msg_rcv: 1819
tot_msg_sent: 3365
tot_reconf_duration: 4.390000000000001
tot_sleeping_duration: 3717858.701760007
tot_uptimes: 967
tot_uptimes_duration: 57960.01823999314
