comms_cons: 111.53717759401795
finished_reconf: true
global_termination_time: 1142114.6
local_termination_time: 1409.9131200000002
node_cons: 23491.844771205146
tot_aggregated_send: 14964
tot_msg_rcv: 660
tot_msg_sent: 1329
tot_reconf_duration: 23.919999999999998
tot_sleeping_duration: 1124594.5391999963
tot_uptimes: 293
tot_uptimes_duration: 17520.06080000382
