comms_cons: 112.78785279570735
finished_reconf: true
global_termination_time: 1143576.588
local_termination_time: 5434.584
node_cons: 23475.920904467366
tot_aggregated_send: 15647
tot_msg_rcv: 401
tot_msg_sent: 1095
tot_reconf_duration: 12.23
tot_sleeping_duration: 1126056.5636800095
tot_uptimes: 293
tot_uptimes_duration: 17520.024319990538
