comms_cons: 115.56364799147508
finished_reconf: true
global_termination_time: 1145840.714
local_termination_time: 4120.642
node_cons: 23549.340474541845
tot_aggregated_send: 15132
tot_msg_rcv: 852
tot_msg_sent: 1581
tot_reconf_duration: 7.08
tot_sleeping_duration: 1128260.6349600134
tot_uptimes: 294
tot_uptimes_duration: 17580.07903998642
