comms_cons: 237.82517759164685
finished_reconf: true
global_termination_time: 2336217.999479999
local_termination_time: 2336217.9583599987
node_cons: 48130.323030772524
tot_aggregated_send: 32350
tot_msg_rcv: 1431
tot_msg_sent: 2367
tot_reconf_duration: 24.59
tot_sleeping_duration: 2300297.9622800187
tot_uptimes: 599
tot_uptimes_duration: 35920.03719998016
