comms_cons: 235.26598398725963
finished_reconf: true
global_termination_time: 2336218.916239997
local_termination_time: 5457.50648
node_cons: 48081.65781717668
tot_aggregated_send: 32480
tot_msg_rcv: 1129
tot_msg_sent: 2150
tot_reconf_duration: 13.17
tot_sleeping_duration: 2300323.641440014
tot_uptimes: 599
tot_uptimes_duration: 35895.27479998304
