comms_cons: 234.86176638902955
finished_reconf: true
global_termination_time: 2340906.38
local_termination_time: 444099.9790400007
node_cons: 48129.654184471256
tot_aggregated_send: 32596
tot_msg_rcv: 1008
tot_msg_sent: 2093
tot_reconf_duration: 4.390000000000001
tot_sleeping_duration: 2304966.355680006
tot_uptimes: 600
tot_uptimes_duration: 35940.02431999397
