comms_cons: 231.75889918208347
finished_reconf: true
global_termination_time: 2337460.924
local_termination_time: 1904440.3189599996
node_cons: 48051.77490111617
tot_aggregated_send: 32016
tot_msg_rcv: 992
tot_msg_sent: 2218
tot_reconf_duration: 6.22
tot_sleeping_duration: 2301580.9179200027
tot_uptimes: 599
tot_uptimes_duration: 35880.006079997635
