comms_cons: 10.93463039997947
finished_reconf: true
global_termination_time: 7074.120240000003
local_termination_time: 2459.403040000001
node_cons: 1329.8098173600035
tot_aggregated_send: 0
tot_msg_rcv: 752
tot_msg_sent: 909
tot_reconf_duration: 4.390000000000001
tot_sleeping_duration: 6085.436
tot_uptimes: 17
tot_uptimes_duration: 988.6842400000028
