comms_cons: 1.5526911999990913
finished_reconf: true
global_termination_time: 14668.347
local_termination_time: 6411.125359999999
node_cons: 245.16189999999904
tot_aggregated_send: 0
tot_msg_rcv: 120
tot_msg_sent: 116
tot_reconf_duration: 3.05
tot_sleeping_duration: 14488.347
tot_uptimes: 4
tot_uptimes_duration: 180.0
