comms_cons: 199.25174399334296
finished_reconf: true
global_termination_time: 2013525.312
local_termination_time: 643327.3654799999
node_cons: 41385.719559999765
tot_aggregated_send: 29000
tot_msg_rcv: 478
tot_msg_sent: 807
tot_reconf_duration: 7.819999999999999
tot_sleeping_duration: 1982625.312
tot_uptimes: 516
tot_uptimes_duration: 30900.0
