comms_cons: 196.14568959680085
finished_reconf: true
global_termination_time: 2014164.634
local_termination_time: 1290724.20972
node_cons: 41390.458979999756
tot_aggregated_send: 29290
tot_msg_rcv: 183
tot_msg_sent: 340
tot_reconf_duration: 11.31
tot_sleeping_duration: 1983264.634
tot_uptimes: 516
tot_uptimes_duration: 30900.0
