comms_cons: 87.03091199739947
finished_reconf: true
global_termination_time: 856261.0314799978
local_termination_time: 856261.0314799978
node_cons: 17716.608567202875
tot_aggregated_send: 11934
tot_msg_rcv: 478
tot_msg_sent: 816
tot_reconf_duration: 24.59
tot_sleeping_duration: 843054.7466799957
tot_uptimes: 220
tot_uptimes_duration: 13206.284800002119
