comms_cons: 85.41117439727259
finished_reconf: true
global_termination_time: 861580.564
local_termination_time: 472036.29336
node_cons: 17680.78604335046
tot_aggregated_send: 11948
tot_msg_rcv: 320
tot_msg_sent: 714
tot_reconf_duration: 4.390000000000001
tot_sleeping_duration: 848380.5457600071
tot_uptimes: 221
tot_uptimes_duration: 13200.018239992904
