comms_cons: 390.97608959308076
finished_reconf: true
global_termination_time: 3957149.467
local_termination_time: 2157643.95736
node_cons: 81391.3539411149
tot_aggregated_send: 54810
tot_msg_rcv: 1656
tot_msg_sent: 2960
tot_reconf_duration: 5.1
tot_sleeping_duration: 3896369.460920003
tot_uptimes: 1014
tot_uptimes_duration: 60780.006079997635
