comms_cons: 400.32682886027277
finished_reconf: true
global_termination_time: 3956444.282
local_termination_time: 238443.23872000008
node_cons: 81415.23568781643
tot_aggregated_send: 54462
tot_msg_rcv: 2175
tot_msg_sent: 4209
tot_reconf_duration: 22.65
tot_sleeping_duration: 3895664.239440016
tot_uptimes: 1014
tot_uptimes_duration: 60780.04255998394
