comms_cons: 10.471475200064514
finished_reconf: true
global_termination_time: 88374.917
local_termination_time: 26273.876360000002
node_cons: 1776.0245222394453
tot_aggregated_send: 870
tot_msg_rcv: 315
tot_msg_sent: 406
tot_reconf_duration: 6.279999999999999
tot_sleeping_duration: 87054.90484000041
tot_uptimes: 23
tot_uptimes_duration: 1320.0121599995837
