comms_cons: 11.17176320009088
finished_reconf: true
global_termination_time: 89304.505
local_termination_time: 35432.865960000025
node_cons: 1780.3307403992535
tot_aggregated_send: 580
tot_msg_rcv: 421
tot_msg_sent: 698
tot_reconf_duration: 9.42
tot_sleeping_duration: 87984.46140000055
tot_uptimes: 23
tot_uptimes_duration: 1320.0435999994443
