comms_cons: 459.3932672343652
finished_reconf: true
global_termination_time: 4660117.246
local_termination_time: 3036948.8961599995
node_cons: 95852.56208223173
tot_aggregated_send: 64728
tot_msg_rcv: 1731
tot_msg_sent: 3367
tot_reconf_duration: 5.1
tot_sleeping_duration: 4588537.233840005
tot_uptimes: 1194
tot_uptimes_duration: 71580.01215999573
