comms_cons: 466.1196352535453
finished_reconf: true
global_termination_time: 4660625.725
local_termination_time: 460914.61236
node_cons: 95851.62232558205
tot_aggregated_send: 64380
tot_msg_rcv: 1997
tot_msg_sent: 4470
tot_reconf_duration: 4.390000000000001
tot_sleeping_duration: 4589045.694600011
tot_uptimes: 1194
tot_uptimes_duration: 71580.03039998864
