comms_cons: 164.75357439354772
finished_reconf: true
global_termination_time: 1646936.447
local_termination_time: 831046.0833599998
node_cons: 33830.090223355066
tot_aggregated_send: 23316
tot_msg_rcv: 621
tot_msg_sent: 1104
tot_reconf_duration: 5.1
tot_sleeping_duration: 1621676.4287600038
tot_uptimes: 422
tot_uptimes_duration: 25260.018239996338
