comms_cons: 373.03910402770913
finished_reconf: true
global_termination_time: 3704530.656
local_termination_time: 2449363.518
node_cons: 76172.52027606673
tot_aggregated_send: 51154
tot_msg_rcv: 1943
tot_msg_sent: 3602
tot_reconf_duration: 6.279999999999999
tot_sleeping_duration: 3647649.407280009
tot_uptimes: 949
tot_uptimes_duration: 56881.248719991185
