comms_cons: 363.59425920176596
finished_reconf: true
global_termination_time: 3703992.978
local_termination_time: 2713360.43248
node_cons: 76169.27022334911
tot_aggregated_send: 51330
tot_msg_rcv: 1320
tot_msg_sent: 2614
tot_reconf_duration: 5.1
tot_sleeping_duration: 3647112.959760007
tot_uptimes: 949
tot_uptimes_duration: 56880.01823999314
