comms_cons: 365.3586432388958
finished_reconf: true
global_termination_time: 3703533.792
local_termination_time: 1688548.5579199982
node_cons: 76180.23742446667
tot_aggregated_send: 52142
tot_msg_rcv: 1188
tot_msg_sent: 2204
tot_reconf_duration: 13.17
tot_sleeping_duration: 3646653.7676800084
tot_uptimes: 949
tot_uptimes_duration: 56880.02431999147
