comms_cons: 366.8574464365945
finished_reconf: true
global_termination_time: 3702066.78
local_termination_time: 750568.85136
node_cons: 76175.17748893384
tot_aggregated_send: 51388
tot_msg_rcv: 1466
tot_msg_sent: 2907
tot_reconf_duration: 9.42
tot_sleeping_duration: 3645186.731360018
tot_uptimes: 949
tot_uptimes_duration: 56880.048639981775
