comms_cons: 371.54058243646546
finished_reconf: true
global_termination_time: 3702589.674
local_termination_time: 1283988.4936
node_cons: 76172.9884067002
tot_aggregated_send: 51678
tot_msg_rcv: 1599
tot_msg_sent: 3195
tot_reconf_duration: 7.819999999999999
tot_sleeping_duration: 3645709.637520014
tot_uptimes: 949
tot_uptimes_duration: 56880.036479986506
