comms_cons: 369.1010048449791
finished_reconf: true
global_termination_time: 3703808.993
local_termination_time: 1284871.409759998
node_cons: 76170.79932446609
tot_aggregated_send: 51620
tot_msg_rcv: 1460
tot_msg_sent: 3021
tot_reconf_duration: 6.22
tot_sleeping_duration: 3646928.968680009
tot_uptimes: 949
tot_uptimes_duration: 56880.024319991004
