comms_cons: 369.3427904389521
finished_reconf: true
global_termination_time: 3702462.816
local_termination_time: 1875012.556239999
node_cons: 76177.7278267002
tot_aggregated_send: 51504
tot_msg_rcv: 1556
tot_msg_sent: 3075
tot_reconf_duration: 11.31
tot_sleeping_duration: 3645582.7795200134
tot_uptimes: 949
tot_uptimes_duration: 56880.036479986506
