comms_cons: 307.2172992264913
finished_reconf: true
global_termination_time: 3021722.216239993
local_termination_time: 37573.861120000096
node_cons: 62172.353298298156
tot_aggregated_send: 41006
tot_msg_rcv: 1917
tot_msg_sent: 3770
tot_reconf_duration: 18.21
tot_sleeping_duration: 2975308.755360008
tot_uptimes: 774
tot_uptimes_duration: 46413.4608799846
