comms_cons: 297.7173247881416
finished_reconf: true
global_termination_time: 3023357.034
local_termination_time: 2017714.0723599999
node_cons: 62191.614901115565
tot_aggregated_send: 42166
tot_msg_rcv: 1153
tot_msg_sent: 1931
tot_reconf_duration: 6.22
tot_sleeping_duration: 2976917.027920002
tot_uptimes: 775
tot_uptimes_duration: 46440.006079997635
