comms_cons: 297.24825599400134
finished_reconf: true
global_termination_time: 3022917.257
local_termination_time: 2238076.8517999984
node_cons: 62198.51897999885
tot_aggregated_send: 43326
tot_msg_rcv: 650
tot_msg_sent: 1204
tot_reconf_duration: 11.31
tot_sleeping_duration: 2976477.257
tot_uptimes: 775
tot_uptimes_duration: 46440.0
