comms_cons: 223.34333438735015
finished_reconf: true
global_termination_time: 2266068.349
local_termination_time: 660540.9799599998
node_cons: 46605.66304223323
tot_aggregated_send: 31494
tot_msg_rcv: 927
tot_msg_sent: 1525
tot_reconf_duration: 6.22
tot_sleeping_duration: 2231268.3368400047
tot_uptimes: 581
tot_uptimes_duration: 34800.01215999527
