comms_cons: 221.1532287939979
finished_reconf: true
global_termination_time: 2266114.565
local_termination_time: 1728878.6024399986
node_cons: 46612.55897999947
tot_aggregated_send: 32480
tot_msg_rcv: 397
tot_msg_sent: 737
tot_reconf_duration: 11.31
tot_sleeping_duration: 2231314.565
tot_uptimes: 581
tot_uptimes_duration: 34799.999999999956
