comms_cons: 93.17006081101042
finished_reconf: true
global_termination_time: 411275.0617200001
local_termination_time: 411275.0206000001
node_cons: 8505.1423027368
tot_aggregated_send: 0
tot_msg_rcv: 8001
tot_msg_sent: 6161
tot_reconf_duration: 37.410000000000004
tot_sleeping_duration: 404961.14123998757
tot_uptimes: 106
tot_uptimes_duration: 6313.920480012537
