comms_cons: 199.0523840246873
finished_reconf: true
global_termination_time: 411275.6206000002
local_termination_time: 1208.9984800000025
node_cons: 25015.985699329718
tot_aggregated_send: 0
tot_msg_rcv: 12223
tot_msg_sent: 18031
tot_reconf_duration: 18.21
tot_sleeping_duration: 392611.50071999297
tot_uptimes: 308
tot_uptimes_duration: 18664.119880007238
