comms_cons: 41.27987840044289
finished_reconf: true
global_termination_time: 411398.015
local_termination_time: 19706.973359999996
node_cons: 8461.110882242867
tot_aggregated_send: 5568
tot_msg_rcv: 197
tot_msg_sent: 511
tot_reconf_duration: 18.700000000000003
tot_sleeping_duration: 405098.0028399979
tot_uptimes: 106
tot_uptimes_duration: 6300.0121600021375
