comms_cons: 116.12030720006211
finished_reconf: true
global_termination_time: 897158.445
local_termination_time: 586303.0104799998
node_cons: 18402.00190000009
tot_aggregated_send: 0
tot_msg_rcv: 8888
tot_msg_sent: 8762
tot_reconf_duration: 3.05
tot_sleeping_duration: 883418.445
tot_uptimes: 230
tot_uptimes_duration: 13740.0
