comms_cons: 86.6618495985562
finished_reconf: true
global_termination_time: 894808.113
local_termination_time: 467085.6133600001
node_cons: 18408.487701121467
tot_aggregated_send: 12470
tot_msg_rcv: 239
tot_msg_sent: 463
tot_reconf_duration: 7.819999999999999
tot_sleeping_duration: 881068.106919999
tot_uptimes: 230
tot_uptimes_duration: 13740.006080001069
