comms_cons: 39.343616000371746
finished_reconf: true
global_termination_time: 397170.656
local_termination_time: 253208.06636000003
node_cons: 8129.226382242848
tot_aggregated_send: 5568
tot_msg_rcv: 131
tot_msg_sent: 281
tot_reconf_duration: 10.95
tot_sleeping_duration: 391110.6438399979
tot_uptimes: 102
tot_uptimes_duration: 6060.0121600021375
