comms_cons: 52.87765759982048
finished_reconf: true
global_termination_time: 561770.128
local_termination_time: 389300.25836000004
node_cons: 11522.9774
tot_aggregated_send: 7482
tot_msg_rcv: 179
tot_msg_sent: 376
tot_reconf_duration: 25.299999999999997
tot_sleeping_duration: 553190.128
tot_uptimes: 144
tot_uptimes_duration: 8580.0
