comms_cons: 56.15347200107826
finished_reconf: true
global_termination_time: 560999.194
local_termination_time: 438999.92480000027
node_cons: 11495.151979999975
tot_aggregated_send: 7540
tot_msg_rcv: 355
tot_msg_sent: 640
tot_reconf_duration: 4.8100000000000005
tot_sleeping_duration: 552419.194
tot_uptimes: 144
tot_uptimes_duration: 8579.99999999997
