comms_cons: 56.758758400512995
finished_reconf: true
global_termination_time: 558607.476
local_termination_time: 406817.5383600005
node_cons: 11494.581619999955
tot_aggregated_send: 7656
tot_msg_rcv: 360
tot_msg_sent: 611
tot_reconf_duration: 4.390000000000001
tot_sleeping_duration: 550027.476
tot_uptimes: 144
tot_uptimes_duration: 8580.0
