comms_cons: 113.50069119358146
finished_reconf: true
global_termination_time: 1134087.312
local_termination_time: 539898.34136
node_cons: 23305.156403350607
tot_aggregated_send: 16008
tot_msg_rcv: 431
tot_msg_sent: 813
tot_reconf_duration: 4.8100000000000005
tot_sleeping_duration: 1116687.293760007
tot_uptimes: 291
tot_uptimes_duration: 17400.018239992904
