comms_cons: 247.46623359015325
finished_reconf: true
global_termination_time: 2507852.853
local_termination_time: 1612444.68936
node_cons: 51585.844059999334
tot_aggregated_send: 36018
tot_msg_rcv: 539
tot_msg_sent: 1056
tot_reconf_duration: 5.57
tot_sleeping_duration: 2469332.853
tot_uptimes: 643
tot_uptimes_duration: 38520.0
