comms_cons: 252.63191039826924
finished_reconf: true
global_termination_time: 2536475.92848
local_termination_time: 2536475.8873599996
node_cons: 52204.625518718654
tot_aggregated_send: 36365
tot_msg_rcv: 774
tot_msg_sent: 1259
tot_reconf_duration: 33.589999999999996
tot_sleeping_duration: 2497522.224
tot_uptimes: 650
tot_uptimes_duration: 38953.70447999984
