comms_cons: 231.969433604914
finished_reconf: true
global_termination_time: 2540075.246
local_termination_time: 6898.6759999999995
node_cons: 52237.608339999206
tot_aggregated_send: 34903
tot_msg_rcv: 146
tot_msg_sent: 209
tot_reconf_duration: 12.23
tot_sleeping_duration: 2501075.246
tot_uptimes: 651
tot_uptimes_duration: 39000.0
