comms_cons: 132.0577023986462
finished_reconf: true
global_termination_time: 1337143.68
local_termination_time: 627166.7003999993
node_cons: 27494.164860000023
tot_aggregated_send: 19488
tot_msg_rcv: 247
tot_msg_sent: 337
tot_reconf_duration: 13.17
tot_sleeping_duration: 1316623.68
tot_uptimes: 343
tot_uptimes_duration: 20519.99999999994
