comms_cons: 133.98540799377383
finished_reconf: true
global_termination_time: 1339756.258
local_termination_time: 417239.55236000003
node_cons: 27568.991380000025
tot_aggregated_send: 19082
tot_msg_rcv: 479
tot_msg_sent: 804
tot_reconf_duration: 9.11
tot_sleeping_duration: 1319176.258
tot_uptimes: 344
tot_uptimes_duration: 20580.0
