comms_cons: 133.35443199804814
finished_reconf: true
global_termination_time: 1341803.854
local_termination_time: 543007.2339999999
node_cons: 27580.502103834
tot_aggregated_send: 19251
tot_msg_rcv: 383
tot_msg_sent: 635
tot_reconf_duration: 12.629999999999999
tot_sleeping_duration: 1321218.8274400046
tot_uptimes: 344
tot_uptimes_duration: 20585.02655999548
