comms_cons: 126.9064511942241
finished_reconf: true
global_termination_time: 1263171.674
local_termination_time: 365992.9204800001
node_cons: 25970.692425588797
tot_aggregated_send: 16878
tot_msg_rcv: 732
tot_msg_sent: 1678
tot_reconf_duration: 15.34
tot_sleeping_duration: 1243791.6436000085
tot_uptimes: 324
tot_uptimes_duration: 19380.030399991578
