comms_cons: 127.10979198948337
finished_reconf: true
global_termination_time: 1262651.13
local_termination_time: 245203.124
node_cons: 25961.46843134984
tot_aggregated_send: 16412
tot_msg_rcv: 953
tot_msg_sent: 1955
tot_reconf_duration: 6.279999999999999
tot_sleeping_duration: 1243268.7997600075
tot_uptimes: 324
tot_uptimes_duration: 19382.330239992385
