comms_cons: 124.79715839416012
finished_reconf: true
global_termination_time: 1263483.667
local_termination_time: 399237.7314000004
node_cons: 25954.05962784088
tot_aggregated_send: 16704
tot_msg_rcv: 673
tot_msg_sent: 1593
tot_reconf_duration: 3.08
tot_sleeping_duration: 1244103.6244399992
tot_uptimes: 324
tot_uptimes_duration: 19380.042560000613
