comms_cons: 126.34100479134354
finished_reconf: true
global_termination_time: 1261683.242
local_termination_time: 392126.0244800001
node_cons: 26041.1787844766
tot_aggregated_send: 16588
tot_msg_rcv: 811
tot_msg_sent: 1805
tot_reconf_duration: 8.09
tot_sleeping_duration: 1242243.2176800026
tot_uptimes: 324
tot_uptimes_duration: 19440.024319997407
