comms_cons: 129.56481278812564
finished_reconf: true
global_termination_time: 1261662.41124
local_termination_time: 6993.823200000002
node_cons: 25973.0624671871
tot_aggregated_send: 16994
tot_msg_rcv: 984
tot_msg_sent: 1715
tot_reconf_duration: 3.05
tot_sleeping_duration: 1242268.1464400098
tot_uptimes: 324
tot_uptimes_duration: 19394.264799990342
