comms_cons: 131.17442558596844
finished_reconf: true
global_termination_time: 1262549.007
local_termination_time: 212287.09996000014
node_cons: 25960.52563091392
tot_aggregated_send: 16356
tot_msg_rcv: 1413
tot_msg_sent: 2169
tot_reconf_duration: 7.819999999999999
tot_sleeping_duration: 1243168.9427200046
tot_uptimes: 324
tot_uptimes_duration: 19380.06427999545
