comms_cons: 126.92592639190637
finished_reconf: true
global_termination_time: 1263957.168
local_termination_time: 618725.130759999
node_cons: 25957.22650446728
tot_aggregated_send: 17458
tot_msg_rcv: 599
tot_msg_sent: 1235
tot_reconf_duration: 5.43
tot_sleeping_duration: 1244577.1436800095
tot_uptimes: 324
tot_uptimes_duration: 19380.024319990538
