comms_cons: 55.66661120099149
finished_reconf: true
global_termination_time: 549990.445
local_termination_time: 149278.5486000001
node_cons: 11278.374982242867
tot_aggregated_send: 7598
tot_msg_rcv: 358
tot_msg_sent: 505
tot_reconf_duration: 22.65
tot_sleeping_duration: 541590.4328399978
tot_uptimes: 141
tot_uptimes_duration: 8400.012160002138
