comms_cons: 107.21172481150633
finished_reconf: true
global_termination_time: 545288.7025999998
local_termination_time: 3384.73336
node_cons: 11194.353128399873
tot_aggregated_send: 0
tot_msg_rcv: 8223
tot_msg_sent: 8069
tot_reconf_duration: 4.8100000000000005
tot_sleeping_duration: 536933.347
tot_uptimes: 140
tot_uptimes_duration: 8355.355599999893
