comms_cons: 54.18629120045988
finished_reconf: true
global_termination_time: 547166.421
local_termination_time: 44368.40336000001
node_cons: 11258.227701121445
tot_aggregated_send: 7540
tot_msg_rcv: 176
tot_msg_sent: 520
tot_reconf_duration: 7.819999999999999
tot_sleeping_duration: 538766.414919999
tot_uptimes: 141
tot_uptimes_duration: 8400.006080001069
