comms_cons: 59.42001920453879
finished_reconf: true
global_termination_time: 270629.2369200002
local_termination_time: 270629.1958000002
node_cons: 5606.740342726674
tot_aggregated_send: 0
tot_msg_rcv: 4983
tot_msg_sent: 4045
tot_reconf_duration: 24.59
tot_sleeping_duration: 266466.9164399953
tot_uptimes: 70
tot_uptimes_duration: 4162.320480004972
