comms_cons: 19.73102080079427
finished_reconf: true
global_termination_time: 210528.956
local_termination_time: 280.85223999999994
node_cons: 4264.88600672517
tot_aggregated_send: 1798
tot_msg_rcv: 482
tot_msg_sent: 719
tot_reconf_duration: 5.02
tot_sleeping_duration: 207348.91951999615
tot_uptimes: 54
tot_uptimes_duration: 3180.0364800038587
