comms_cons: 196.37596159291138
finished_reconf: true
global_termination_time: 1991758.383
local_termination_time: 897760.1043599999
node_cons: 40981.92823999973
tot_aggregated_send: 28478
tot_msg_rcv: 445
tot_msg_sent: 925
tot_reconf_duration: 6.279999999999999
tot_sleeping_duration: 1961158.383
tot_uptimes: 511
tot_uptimes_duration: 30600.0
