comms_cons: 196.31737599459353
finished_reconf: true
global_termination_time: 1990522.37424
local_termination_time: 152516.99548000007
node_cons: 40927.48698271023
tot_aggregated_send: 28652
tot_msg_rcv: 379
tot_msg_sent: 808
tot_reconf_duration: 11.31
tot_sleeping_duration: 1959968.133760007
tot_uptimes: 510
tot_uptimes_duration: 30554.240479992935
