comms_cons: 89.6810751982551
finished_reconf: true
global_termination_time: 911808.291
local_termination_time: 409317.46536000003
node_cons: 18725.181619999967
tot_aggregated_send: 13224
tot_msg_rcv: 121
tot_msg_sent: 286
tot_reconf_duration: 4.390000000000001
tot_sleeping_duration: 897828.291
tot_uptimes: 234
tot_uptimes_duration: 13980.0
