comms_cons: 89.1158911985603
finished_reconf: true
global_termination_time: 908477.527
local_termination_time: 454213.52096000017
node_cons: 18643.02190000009
tot_aggregated_send: 12992
tot_msg_rcv: 193
tot_msg_sent: 361
tot_reconf_duration: 3.05
tot_sleeping_duration: 894557.527
tot_uptimes: 233
tot_uptimes_duration: 13920.0
