comms_cons: 75.49189759740464
finished_reconf: true
global_termination_time: 737629.871
local_termination_time: 415537.6232000002
node_cons: 15121.08782223829
tot_aggregated_send: 9860
tot_msg_rcv: 577
tot_msg_sent: 1036
tot_reconf_duration: 12.629999999999999
tot_sleeping_duration: 726349.8588400014
tot_uptimes: 189
tot_uptimes_duration: 11280.012159998703
