comms_cons: 49.18672640362909
finished_reconf: true
global_termination_time: 251629.327
local_termination_time: 342.7187199999998
node_cons: 5172.52684112001
tot_aggregated_send: 0
tot_msg_rcv: 3779
tot_msg_sent: 3698
tot_reconf_duration: 22.65
tot_sleeping_duration: 247789.32091999997
tot_uptimes: 65
tot_uptimes_duration: 3840.0060800000047
