comms_cons: 280.42524160411006
finished_reconf: true
global_termination_time: 2837419.439
local_termination_time: 1755368.0233599998
node_cons: 58344.724859998845
tot_aggregated_send: 40542
tot_msg_rcv: 705
tot_msg_sent: 1376
tot_reconf_duration: 13.17
tot_sleeping_duration: 2793859.439
tot_uptimes: 727
tot_uptimes_duration: 43560.0
