comms_cons: 279.7936383951642
finished_reconf: true
global_termination_time: 2836864.364
local_termination_time: 1839683.36136
node_cons: 58341.710099999196
tot_aggregated_send: 40600
tot_msg_rcv: 600
tot_msg_sent: 1327
tot_reconf_duration: 10.95
tot_sleeping_duration: 2793304.364
tot_uptimes: 727
tot_uptimes_duration: 43560.0
