comms_cons: 287.4867840211237
finished_reconf: true
global_termination_time: 2834391.847119989
local_termination_time: 164740.6284800001
node_cons: 58321.58626307219
tot_aggregated_send: 38512
tot_msg_rcv: 1795
tot_msg_sent: 3390
tot_reconf_duration: 4.390000000000001
tot_sleeping_duration: 2790840.223040024
tot_uptimes: 726
tot_uptimes_duration: 43551.624079965055
