comms_cons: 282.31591040983153
finished_reconf: true
global_termination_time: 2837558.209
local_termination_time: 1693235.8667599983
node_cons: 58337.549112294655
tot_aggregated_send: 38512
tot_msg_rcv: 1375
tot_msg_sent: 3022
tot_reconf_duration: 7.819999999999999
tot_sleeping_duration: 2793998.142120018
tot_uptimes: 727
tot_uptimes_duration: 43560.06687998178
