comms_cons: 561.8303042892719
finished_reconf: true
global_termination_time: 2834392.3705999977
local_termination_time: 3319.6186
node_cons: 58282.501539569865
tot_aggregated_send: 0
tot_msg_rcv: 43325
tot_msg_sent: 42067
tot_reconf_duration: 11.31
tot_sleeping_duration: 2790876.9542000196
tot_uptimes: 726
tot_uptimes_duration: 43515.416399978276
