comms_cons: 232.56951026138654
finished_reconf: true
global_termination_time: 1178175.534
local_termination_time: 606.7790399999996
node_cons: 24207.07732111687
tot_aggregated_send: 0
tot_msg_rcv: 17900
tot_msg_sent: 17449
tot_reconf_duration: 18.21
tot_sleeping_duration: 1160115.5279200024
tot_uptimes: 302
tot_uptimes_duration: 18060.006079997635
