comms_cons: 116.43930879572154
finished_reconf: true
global_termination_time: 1174250.128
local_termination_time: 16984.761
node_cons: 24107.969761119188
tot_aggregated_send: 16815
tot_msg_rcv: 302
tot_msg_sent: 581
tot_reconf_duration: 4.390000000000001
tot_sleeping_duration: 1156250.1219200008
tot_uptimes: 301
tot_uptimes_duration: 18000.006079999366
