comms_cons: 114.26754559957956
finished_reconf: true
global_termination_time: 1173860.172
local_termination_time: 603598.7032799982
node_cons: 24117.358979999954
tot_aggregated_send: 17226
tot_msg_rcv: 36
tot_msg_sent: 106
tot_reconf_duration: 11.31
tot_sleeping_duration: 1155860.172
tot_uptimes: 301
tot_uptimes_duration: 18000.0
