comms_cons: 260.24683519410326
finished_reconf: true
global_termination_time: 2580486.038
local_termination_time: 570941.7565599995
node_cons: 53028.62331116788
tot_aggregated_send: 34684
tot_msg_rcv: 1661
tot_msg_sent: 3211
tot_reconf_duration: 3.05
tot_sleeping_duration: 2540885.9772000234
tot_uptimes: 661
tot_uptimes_duration: 39600.06079997658
