comms_cons: 74.24627199791834
finished_reconf: true
global_termination_time: 740568.021
local_termination_time: 202610.02536000006
node_cons: 15204.779380000044
tot_aggregated_send: 10382
tot_msg_rcv: 337
tot_msg_sent: 566
tot_reconf_duration: 15.110000000000001
tot_sleeping_duration: 729228.021
tot_uptimes: 190
tot_uptimes_duration: 11340.0
