comms_cons: 72.61463039950875
finished_reconf: true
global_termination_time: 738780.506
local_termination_time: 471878.05936
node_cons: 15190.229761116794
tot_aggregated_send: 10730
tot_msg_rcv: 79
tot_msg_sent: 228
tot_reconf_duration: 4.390000000000001
tot_sleeping_duration: 727440.4999200024
tot_uptimes: 190
tot_uptimes_duration: 11340.006079997635
