comms_cons: 73.424499198052
finished_reconf: true
global_termination_time: 738114.381
local_termination_time: 572785.0703999993
node_cons: 15192.706760000141
tot_aggregated_send: 10614
tot_msg_rcv: 203
tot_msg_sent: 343
tot_reconf_duration: 6.22
tot_sleeping_duration: 726774.381
tot_uptimes: 190
tot_uptimes_duration: 11340.0
