comms_cons: 73.77319679875752
finished_reconf: true
global_termination_time: 737579.919
local_termination_time: 209043.81536000004
node_cons: 15124.751720000018
tot_aggregated_send: 10092
tot_msg_rcv: 323
tot_msg_sent: 798
tot_reconf_duration: 15.34
tot_sleeping_duration: 726299.919
tot_uptimes: 189
tot_uptimes_duration: 11280.0
