comms_cons: 58.819302401073585
finished_reconf: true
global_termination_time: 584050.226
local_termination_time: 149838.86836000005
node_cons: 11991.548707850026
tot_aggregated_send: 7424
tot_msg_rcv: 448
tot_msg_sent: 1069
tot_reconf_duration: 15.34
tot_sleeping_duration: 575110.1834399925
tot_uptimes: 150
tot_uptimes_duration: 8940.042560007481
