comms_cons: 59.49696000086795
finished_reconf: true
global_termination_time: 584108.285
local_termination_time: 171303.7146000001
node_cons: 11977.602082242885
tot_aggregated_send: 7656
tot_msg_rcv: 463
tot_msg_sent: 926
tot_reconf_duration: 5.1
tot_sleeping_duration: 575168.2728399979
tot_uptimes: 150
tot_uptimes_duration: 8940.012160002138
