comms_cons: 60.49502080167485
finished_reconf: true
global_termination_time: 583178.1071200004
local_termination_time: 49900.165600000015
node_cons: 12049.677075285408
tot_aggregated_send: 7482
tot_msg_rcv: 607
tot_msg_sent: 1105
tot_reconf_duration: 11.31
tot_sleeping_duration: 574190.5655999964
tot_uptimes: 150
tot_uptimes_duration: 8987.54152000403
