comms_cons: 59.09562880074378
finished_reconf: true
global_termination_time: 588427.01
local_termination_time: 132269.44948000007
node_cons: 12058.390222242868
tot_aggregated_send: 7888
tot_msg_rcv: 395
tot_msg_sent: 700
tot_reconf_duration: 5.43
tot_sleeping_duration: 579426.9978399979
tot_uptimes: 151
tot_uptimes_duration: 9000.012160002138
