comms_cons: 132.4985087937006
finished_reconf: true
global_termination_time: 1351481.876
local_termination_time: 679814.5543599998
node_cons: 27822.385462233655
tot_aggregated_send: 18386
tot_msg_rcv: 603
tot_msg_sent: 1150
tot_reconf_duration: 18.21
tot_sleeping_duration: 1330721.8638400047
tot_uptimes: 347
tot_uptimes_duration: 20760.01215999527
