comms_cons: 136.8702527874234
finished_reconf: true
global_termination_time: 1352711.76
local_termination_time: 407334.1654000008
node_cons: 27804.237108939295
tot_aggregated_send: 17690
tot_msg_rcv: 1071
tot_msg_sent: 2042
tot_reconf_duration: 4.8100000000000005
tot_sleeping_duration: 1331951.7113600154
tot_uptimes: 347
tot_uptimes_duration: 20760.04863998451
