comms_cons: 277.5830463837537
finished_reconf: true
global_termination_time: 2809806.826
local_termination_time: 2005852.382
node_cons: 57774.707194629686
tot_aggregated_send: 38916
tot_msg_rcv: 1182
tot_msg_sent: 2093
tot_reconf_duration: 6.279999999999999
tot_sleeping_duration: 2766665.542240007
tot_uptimes: 720
tot_uptimes_duration: 43141.283759993035
