comms_cons: 283.40433282694613
finished_reconf: true
global_termination_time: 2807998.047
local_termination_time: 330617.7903600001
node_cons: 57795.2838289389
tot_aggregated_send: 39150
tot_msg_rcv: 1383
tot_msg_sent: 2541
tot_reconf_duration: 22.65
tot_sleeping_duration: 2764857.998360015
tot_uptimes: 720
tot_uptimes_duration: 43140.048639984976
