comms_cons: 280.6584895919393
finished_reconf: true
global_termination_time: 2810337.442
local_termination_time: 589955.3605999998
node_cons: 57777.310740377325
tot_aggregated_send: 38860
tot_msg_rcv: 1300
tot_msg_sent: 2498
tot_reconf_duration: 9.42
tot_sleeping_duration: 2767197.3984000157
tot_uptimes: 720
tot_uptimes_duration: 43140.043599983794
