comms_cons: 109.93172481138993
finished_reconf: true
global_termination_time: 544146.9594399997
local_termination_time: 1939.0674800000004
node_cons: 11205.278061764371
tot_aggregated_send: 0
tot_msg_rcv: 8622
tot_msg_sent: 8087
tot_reconf_duration: 5.57
tot_sleeping_duration: 535784.2155999964
tot_uptimes: 140
tot_uptimes_duration: 8362.743840003255
