comms_cons: 55.51591679989122
finished_reconf: true
global_termination_time: 545068.905
local_termination_time: 253015.2784000004
node_cons: 11185.161142238294
tot_aggregated_send: 7482
tot_msg_rcv: 385
tot_msg_sent: 571
tot_reconf_duration: 13.17
tot_sleeping_duration: 536728.8928400014
tot_uptimes: 140
tot_uptimes_duration: 8340.012159998701
