comms_cons: 108.70743041083385
finished_reconf: true
global_termination_time: 545135.186
local_termination_time: 3245.5583600000004
node_cons: 11178.262502240597
tot_aggregated_send: 0
tot_msg_rcv: 8455
tot_msg_sent: 8067
tot_reconf_duration: 8.09
tot_sleeping_duration: 536795.1738399996
tot_uptimes: 140
tot_uptimes_duration: 8340.012160000435
