comms_cons: 58.2652608013833
finished_reconf: true
global_termination_time: 544876.655
local_termination_time: 100197.45559999994
node_cons: 11179.672085607168
tot_aggregated_send: 6786
tot_msg_rcv: 792
tot_msg_sent: 1279
tot_reconf_duration: 9.11
tot_sleeping_duration: 536536.6245999946
tot_uptimes: 140
tot_uptimes_duration: 8340.030400005344
