comms_cons: 55.83031040126476
finished_reconf: true
global_termination_time: 544452.594
local_termination_time: 286226.71524000046
node_cons: 11180.060501121501
tot_aggregated_send: 7250
tot_msg_rcv: 430
tot_msg_sent: 805
tot_reconf_duration: 9.42
tot_sleeping_duration: 536112.5879199989
tot_uptimes: 140
tot_uptimes_duration: 8340.006080001127
