comms_cons: 57.19956480061002
finished_reconf: true
global_termination_time: 544482.189
local_termination_time: 8004.33532
node_cons: 11173.254184481139
tot_aggregated_send: 7192
tot_msg_rcv: 629
tot_msg_sent: 873
tot_reconf_duration: 4.390000000000001
tot_sleeping_duration: 536142.1646799992
tot_uptimes: 140
tot_uptimes_duration: 8340.02432000084
