comms_cons: 55.81198079998902
finished_reconf: true
global_termination_time: 547331.83
local_termination_time: 214187.66548000005
node_cons: 11258.243983364278
tot_aggregated_send: 7366
tot_msg_rcv: 363
tot_msg_sent: 755
tot_reconf_duration: 7.819999999999999
tot_sleeping_duration: 538931.8117599967
tot_uptimes: 141
tot_uptimes_duration: 8400.018240003206
