comms_cons: 132.66371198187406
finished_reconf: true
global_termination_time: 662692.452
local_termination_time: 104920.07535999997
node_cons: 13608.259405602585
tot_aggregated_send: 0
tot_msg_rcv: 10371
tot_msg_sent: 9794
tot_reconf_duration: 22.65
tot_sleeping_duration: 652552.4215999981
tot_uptimes: 170
tot_uptimes_duration: 10140.03040000191
