comms_cons: 66.16817279948569
finished_reconf: true
global_termination_time: 658925.241
local_termination_time: 443540.02436000004
node_cons: 13504.700342238291
tot_aggregated_send: 9164
tot_msg_rcv: 316
tot_msg_sent: 577
tot_reconf_duration: 5.57
tot_sleeping_duration: 648845.2288400013
tot_uptimes: 169
tot_uptimes_duration: 10080.012159998703
