comms_cons: 68.51046399984013
finished_reconf: true
global_termination_time: 659536.345
local_termination_time: 247280.8456800007
node_cons: 13504.526504483454
tot_aggregated_send: 8700
tot_msg_rcv: 666
tot_msg_sent: 1049
tot_reconf_duration: 5.43
tot_sleeping_duration: 649456.3206799974
tot_uptimes: 169
tot_uptimes_duration: 10080.024320002572
