comms_cons: 92.54428159769614
finished_reconf: true
global_termination_time: 919663.4244799998
local_termination_time: 919663.3833599999
node_cons: 18949.118207682113
tot_aggregated_send: 12734
tot_msg_rcv: 448
tot_msg_sent: 884
tot_reconf_duration: 37.410000000000004
tot_sleeping_duration: 905549.6713599982
tot_uptimes: 236
tot_uptimes_duration: 14113.753120001551
