comms_cons: 92.41704960078722
finished_reconf: true
global_termination_time: 919967.602
local_termination_time: 167965.47748000006
node_cons: 18900.748002242883
tot_aggregated_send: 11948
tot_msg_rcv: 716
tot_msg_sent: 1382
tot_reconf_duration: 15.34
tot_sleeping_duration: 905867.5898399978
tot_uptimes: 236
tot_uptimes_duration: 14100.012160002138
