comms_cons: 607.9545854797119
finished_reconf: true
global_termination_time: 921931.221
local_termination_time: 125571.36059999994
node_cons: 91575.68428802026
tot_aggregated_send: 0
tot_msg_rcv: 41936
tot_msg_sent: 50464
tot_reconf_duration: 5.57
tot_sleeping_duration: 853545.7689999832
tot_uptimes: 1101
tot_uptimes_duration: 68385.45200001681
