comms_cons: 91.23439359674941
finished_reconf: true
global_termination_time: 920855.405
local_termination_time: 539707.1803599999
node_cons: 18914.273682233754
tot_aggregated_send: 12992
tot_msg_rcv: 280
tot_msg_sent: 595
tot_reconf_duration: 25.299999999999997
tot_sleeping_duration: 906755.3928400048
tot_uptimes: 236
tot_uptimes_duration: 14100.012159995269
