comms_cons: 94.52453119779783
finished_reconf: true
global_termination_time: 919663.5412400002
local_termination_time: 114224.48135999996
node_cons: 18920.70725496277
tot_aggregated_send: 12064
tot_msg_rcv: 809
tot_msg_sent: 1493
tot_reconf_duration: 3.05
tot_sleeping_duration: 905536.1585999981
tot_uptimes: 236
tot_uptimes_duration: 14127.382640002063
