comms_cons: 87.11546879218841
finished_reconf: true
global_termination_time: 851591.334
local_termination_time: 232898.93936000005
node_cons: 17522.64003008371
tot_aggregated_send: 11078
tot_msg_rcv: 591
tot_msg_sent: 1572
tot_reconf_duration: 6.22
tot_sleeping_duration: 838511.2792799972
tot_uptimes: 219
tot_uptimes_duration: 13080.05472000275
