comms_cons: 18.323071999943444
finished_reconf: true
global_termination_time: 178870.27024000042
local_termination_time: 34165.584360000015
node_cons: 3680.9013227194123
tot_aggregated_send: 2204
tot_msg_rcv: 229
tot_msg_sent: 351
tot_reconf_duration: 4.390000000000001
tot_sleeping_duration: 176125.7297600009
tot_uptimes: 46
tot_uptimes_duration: 2744.540479999552
