comms_cons: 18.19806720001049
finished_reconf: true
global_termination_time: 179738.546
local_termination_time: 49267.567360000015
node_cons: 3699.798182239449
tot_aggregated_send: 2204
tot_msg_rcv: 185
tot_msg_sent: 377
tot_reconf_duration: 3.05
tot_sleeping_duration: 176978.53384000043
tot_uptimes: 47
tot_uptimes_duration: 2760.0121599995837
