comms_cons: 905.7581496574624
finished_reconf: true
global_termination_time: 2310586.647
local_termination_time: 663090.6224799998
node_cons: 140226.72973416414
tot_aggregated_send: 0
tot_msg_rcv: 55570
tot_msg_sent: 82100
tot_reconf_duration: 18.21
tot_sleeping_duration: 2205880.1492000236
tot_uptimes: 1721
tot_uptimes_duration: 104706.49779997654
