comms_cons: 231.36380158836351
finished_reconf: true
global_termination_time: 2310040.358239997
local_termination_time: 108801.01647999998
node_cons: 47516.768219416124
tot_aggregated_send: 32538
tot_msg_rcv: 902
tot_msg_sent: 1725
tot_reconf_duration: 11.31
tot_sleeping_duration: 2274565.0712800142
tot_uptimes: 592
tot_uptimes_duration: 35475.28695998259
