comms_cons: 227.42320639420814
finished_reconf: true
global_termination_time: 2314717.7
local_termination_time: 418921.35036000004
node_cons: 47568.6539399994
tot_aggregated_send: 33176
tot_msg_rcv: 412
tot_msg_sent: 979
tot_reconf_duration: 5.43
tot_sleeping_duration: 2279197.7
tot_uptimes: 593
tot_uptimes_duration: 35520.0
