comms_cons: 75.10219519456405
finished_reconf: true
global_termination_time: 714831.7516000001
local_termination_time: 1223.9074800000003
node_cons: 14754.093923998022
tot_aggregated_send: 8990
tot_msg_rcv: 793
tot_msg_sent: 1632
tot_reconf_duration: 8.09
tot_sleeping_duration: 703821.2156000016
tot_uptimes: 184
tot_uptimes_duration: 11010.535999998508
