comms_cons: 75.71343359548108
finished_reconf: true
global_termination_time: 720869.463
local_termination_time: 441393.30736000004
node_cons: 14794.996508948456
tot_aggregated_send: 9048
tot_msg_rcv: 832
tot_msg_sent: 1628
tot_reconf_duration: 9.11
tot_sleeping_duration: 709829.4143600087
tot_uptimes: 185
tot_uptimes_duration: 11040.048639991379
