comms_cons: 71.93210879861418
finished_reconf: true
global_termination_time: 716814.93
local_termination_time: 178326.03848000005
node_cons: 14715.020501116822
tot_aggregated_send: 9918
tot_msg_rcv: 324
tot_msg_sent: 693
tot_reconf_duration: 9.42
tot_sleeping_duration: 705834.9239200024
tot_uptimes: 184
tot_uptimes_duration: 10980.006079997627
