comms_cons: 73.3593343979841
finished_reconf: true
global_termination_time: 716194.616
local_termination_time: 129436.48347999943
node_cons: 14728.434199443256
tot_aggregated_send: 9454
tot_msg_rcv: 530
tot_msg_sent: 1168
tot_reconf_duration: 11.31
tot_sleeping_duration: 705206.5090399976
tot_uptimes: 184
tot_uptimes_duration: 10988.106960002406
