comms_cons: 201.56177278412824
finished_reconf: true
global_termination_time: 2007794.345
local_termination_time: 690689.3923599998
node_cons: 41302.36476558377
tot_aggregated_send: 27724
tot_msg_rcv: 1008
tot_msg_sent: 1905
tot_reconf_duration: 5.57
tot_sleeping_duration: 1976954.3146000118
tot_uptimes: 515
tot_uptimes_duration: 30840.030399988173
