comms_cons: 156.67553918870644
finished_reconf: true
global_termination_time: 1560035.871
local_termination_time: 645959.1703599979
node_cons: 32091.324358581387
tot_aggregated_send: 21402
tot_msg_rcv: 665
tot_msg_sent: 1747
tot_reconf_duration: 15.34
tot_sleeping_duration: 1536084.793600014
tot_uptimes: 400
tot_uptimes_duration: 23951.077399986098
