comms_cons: 154.4012927954761
finished_reconf: true
global_termination_time: 1558232.834
local_termination_time: 201092.49648000006
node_cons: 32070.53824112146
tot_aggregated_send: 22446
tot_msg_rcv: 336
tot_msg_sent: 686
tot_reconf_duration: 10.95
tot_sleeping_duration: 1534292.827919999
tot_uptimes: 400
tot_uptimes_duration: 23940.00608000107
