comms_cons: 308.64540137147907
finished_reconf: true
global_termination_time: 1559144.833
local_termination_time: 537611.5094799999
node_cons: 32064.147465584338
tot_aggregated_send: 0
tot_msg_rcv: 23765
tot_msg_sent: 23149
tot_reconf_duration: 6.22
tot_sleeping_duration: 1535204.802600012
tot_uptimes: 400
tot_uptimes_duration: 23940.030399988176
