comms_cons: 64.90380800040323
finished_reconf: true
global_termination_time: 615747.4461599983
local_termination_time: 615747.4050399984
node_cons: 12720.062902966316
tot_aggregated_send: 7874
tot_msg_rcv: 713
tot_msg_sent: 1277
tot_reconf_duration: 24.59
tot_sleeping_duration: 606272.7115199936
tot_uptimes: 158
tot_uptimes_duration: 9474.734640004695
