comms_cons: 204.7118079873737
finished_reconf: true
global_termination_time: 2059909.248
local_termination_time: 411350.18936
node_cons: 42345.16604335467
tot_aggregated_send: 28710
tot_msg_rcv: 851
tot_msg_sent: 1554
tot_reconf_duration: 4.390000000000001
tot_sleeping_duration: 2028289.2297600037
tot_uptimes: 528
tot_uptimes_duration: 31620.018239996338
