comms_cons: 231.89244797042014
finished_reconf: true
global_termination_time: 2297047.204
local_termination_time: 828830.0043599998
node_cons: 47247.561561291266
tot_aggregated_send: 30450
tot_msg_rcv: 1650
tot_msg_sent: 3147
tot_reconf_duration: 5.57
tot_sleeping_duration: 2261767.146120021
tot_uptimes: 589
tot_uptimes_duration: 35280.057879979024
