comms_cons: 229.29169920123562
finished_reconf: true
global_termination_time: 2296946.886
local_termination_time: 715500.2975999997
node_cons: 47265.31459999936
tot_aggregated_send: 32654
tot_msg_rcv: 762
tot_msg_sent: 1435
tot_reconf_duration: 18.700000000000003
tot_sleeping_duration: 2261666.886
tot_uptimes: 589
tot_uptimes_duration: 35280.0
