comms_cons: 232.03535998685618
finished_reconf: true
global_termination_time: 2295645.408
local_termination_time: 403526.60936
node_cons: 47165.63931340135
tot_aggregated_send: 30624
tot_msg_rcv: 1490
tot_msg_sent: 3154
tot_reconf_duration: 4.390000000000001
tot_sleeping_duration: 2260425.335040028
tot_uptimes: 588
tot_uptimes_duration: 35220.072959971614
