comms_cons: 232.6759167801706
finished_reconf: true
global_termination_time: 2297815.092
local_termination_time: 459025.53372000053
node_cons: 47248.44003005088
tot_aggregated_send: 30856
tot_msg_rcv: 1495
tot_msg_sent: 3016
tot_reconf_duration: 6.22
tot_sleeping_duration: 2262535.0372800212
tot_uptimes: 589
tot_uptimes_duration: 35280.05471997871
