comms_cons: 1.5263743999991783
finished_reconf: true
global_termination_time: 9024.574
local_termination_time: 6945.403359999999
node_cons: 166.64161999999922
tot_aggregated_send: 0
tot_msg_rcv: 120
tot_msg_sent: 112
tot_reconf_duration: 4.390000000000001
tot_sleeping_duration: 8904.574
tot_uptimes: 3
tot_uptimes_duration: 120.0
