comms_cons: 276.15665920566914
finished_reconf: true
global_termination_time: 2712751.831
local_termination_time: 602180.1572399989
node_cons: 55763.605471167306
tot_aggregated_send: 36366
tot_msg_rcv: 1872
tot_msg_sent: 3736
tot_reconf_duration: 5.57
tot_sleeping_duration: 2671111.7702000234
tot_uptimes: 695
tot_uptimes_duration: 41640.060799976345
