comms_cons: 269.03680639635445
finished_reconf: true
global_termination_time: 2712582.96648
local_termination_time: 2712582.9253599998
node_cons: 55825.1293609568
tot_aggregated_send: 39008
tot_msg_rcv: 657
tot_msg_sent: 1226
tot_reconf_duration: 37.410000000000004
tot_sleeping_duration: 2670929.2498400016
tot_uptimes: 695
tot_uptimes_duration: 41653.71663999854
