comms_cons: 269.6854783700354
finished_reconf: true
global_termination_time: 2716701.517
local_termination_time: 546326.0753599999
node_cons: 55857.2049900505
tot_aggregated_send: 36076
tot_msg_rcv: 1516
tot_msg_sent: 3397
tot_reconf_duration: 15.34
tot_sleeping_duration: 2675001.4622800215
tot_uptimes: 696
tot_uptimes_duration: 41700.05471997871
