comms_cons: 31.466367999552073
finished_reconf: true
global_termination_time: 149730.6616000002
local_termination_time: 1037.2850399999995
node_cons: 3098.2266106385505
tot_aggregated_send: 0
tot_msg_rcv: 2575
tot_msg_sent: 2205
tot_reconf_duration: 18.21
tot_sleeping_duration: 147435.29384000128
tot_uptimes: 39
tot_uptimes_duration: 2295.367759998917
