comms_cons: 100.33085439219427
finished_reconf: true
global_termination_time: 977001.2904799999
local_termination_time: 977001.2493599999
node_cons: 20154.283336628254
tot_aggregated_send: 13140
tot_msg_rcv: 747
tot_msg_sent: 1361
tot_reconf_duration: 37.410000000000004
tot_sleeping_duration: 961987.4887200086
tot_uptimes: 251
tot_uptimes_duration: 15013.801759991198
