comms_cons: 99.08793599463804
finished_reconf: true
global_termination_time: 977194.418
local_termination_time: 313489.35636000003
node_cons: 20102.175963355134
tot_aggregated_send: 13166
tot_msg_rcv: 566
tot_msg_sent: 1330
tot_reconf_duration: 12.629999999999999
tot_sleeping_duration: 962194.3997600037
tot_uptimes: 251
tot_uptimes_duration: 15000.018239996338
