comms_cons: 96.82363519771738
finished_reconf: true
global_termination_time: 979385.852
local_termination_time: 271555.89136000007
node_cons: 20095.65212448576
tot_aggregated_send: 13166
tot_msg_rcv: 398
tot_msg_sent: 1152
tot_reconf_duration: 7.819999999999999
tot_sleeping_duration: 964385.8276799957
tot_uptimes: 251
tot_uptimes_duration: 15000.024320004275
