comms_cons: 128.985843189375
finished_reconf: true
global_termination_time: 1281717.048
local_termination_time: 139379.72036000006
node_cons: 26360.121510065324
tot_aggregated_send: 16878
tot_msg_rcv: 920
tot_msg_sent: 1807
tot_reconf_duration: 6.279999999999999
tot_sleeping_duration: 1262036.9932800108
tot_uptimes: 329
tot_uptimes_duration: 19680.054719989013
