comms_cons: 127.21729279700352
finished_reconf: true
global_termination_time: 1280492.991
local_termination_time: 689941.0769999999
node_cons: 26305.06527799046
tot_aggregated_send: 17107
tot_msg_rcv: 699
tot_msg_sent: 1532
tot_reconf_duration: 15.110000000000001
tot_sleeping_duration: 1260863.009000007
tot_uptimes: 328
tot_uptimes_duration: 19629.98199999286
