comms_cons: 130.65555198883393
finished_reconf: true
global_termination_time: 1280145.076
local_termination_time: 255789.08492000075
node_cons: 26279.691888943897
tot_aggregated_send: 17168
tot_msg_rcv: 943
tot_msg_sent: 1747
tot_reconf_duration: 6.22
tot_sleeping_duration: 1260525.0273600118
tot_uptimes: 328
tot_uptimes_duration: 19620.048639987945
