comms_cons: 47.06876800197723
finished_reconf: true
global_termination_time: 196031.66252000091
local_termination_time: 323.5954799999991
node_cons: 4116.003724244684
tot_aggregated_send: 0
tot_msg_rcv: 4160
tot_msg_sent: 2989
tot_reconf_duration: 18.21
tot_sleeping_duration: 192976.19235999743
tot_uptimes: 51
tot_uptimes_duration: 3055.470160003497
