comms_cons: 19.98103039999878
finished_reconf: true
global_termination_time: 196030.92384000024
local_termination_time: 196015.60936000006
node_cons: 4063.547167760302
tot_aggregated_send: 2726
tot_msg_rcv: 130
tot_msg_sent: 181
tot_reconf_duration: 8.09
tot_sleeping_duration: 193004.366
tot_uptimes: 51
tot_uptimes_duration: 3026.557840000227
