comms_cons: 20.073139200167965
finished_reconf: true
global_termination_time: 197271.074
local_termination_time: 29564.71156
node_cons: 4042.3945999999987
tot_aggregated_send: 2610
tot_msg_rcv: 168
tot_msg_sent: 273
tot_reconf_duration: 18.700000000000003
tot_sleeping_duration: 194271.074
tot_uptimes: 51
tot_uptimes_duration: 3000.0
