comms_cons: 19.625894400121354
finished_reconf: true
global_termination_time: 196412.688
local_termination_time: 69264.96303999954
node_cons: 4031.88638224286
tot_aggregated_send: 2610
tot_msg_rcv: 91
tot_msg_sent: 282
tot_reconf_duration: 10.95
tot_sleeping_duration: 193412.67583999786
tot_uptimes: 51
tot_uptimes_duration: 3000.0121600021375
