comms_cons: 20.725107200121926
finished_reconf: true
global_termination_time: 197792.383
local_termination_time: 169202.12132000018
node_cons: 4027.6195599999724
tot_aggregated_send: 2552
tot_msg_rcv: 255
tot_msg_sent: 343
tot_reconf_duration: 7.819999999999999
tot_sleeping_duration: 194792.383
tot_uptimes: 51
tot_uptimes_duration: 3000.0
