comms_cons: 203.20903678675788
finished_reconf: true
global_termination_time: 2018297.226
local_termination_time: 265970.73564000084
node_cons: 41462.01268558843
tot_aggregated_send: 28072
tot_msg_rcv: 1066
tot_msg_sent: 1748
tot_reconf_duration: 4.8100000000000005
tot_sleeping_duration: 1987337.1956000084
tot_uptimes: 517
tot_uptimes_duration: 30960.030399991607
