comms_cons: 202.3696127892463
finished_reconf: true
global_termination_time: 2020633.478
local_termination_time: 520618.8552000006
node_cons: 41541.774184471695
tot_aggregated_send: 28188
tot_msg_rcv: 942
tot_msg_sent: 1629
tot_reconf_duration: 4.390000000000001
tot_sleeping_duration: 1989613.4536800059
tot_uptimes: 518
tot_uptimes_duration: 31020.02431999409
