comms_cons: 197.9286527930575
finished_reconf: true
global_termination_time: 2017182.099
local_termination_time: 604153.73436
node_cons: 41466.075842233426
tot_aggregated_send: 28304
tot_msg_rcv: 599
tot_msg_sent: 1181
tot_reconf_duration: 7.819999999999999
tot_sleeping_duration: 1986222.0868400047
tot_uptimes: 517
tot_uptimes_duration: 30960.01215999527
