comms_cons: 58.43175680530827
finished_reconf: true
global_termination_time: 270779.3364400007
local_termination_time: 270779.2953200007
node_cons: 5640.353956005227
tot_aggregated_send: 0
tot_msg_rcv: 4814
tot_msg_sent: 4063
tot_reconf_duration: 24.59
tot_sleeping_duration: 266591.91243999684
tot_uptimes: 70
tot_uptimes_duration: 4187.424000003892
