comms_cons: 27.6589568002925
finished_reconf: true
global_termination_time: 270779.4836000006
local_termination_time: 58919.86280000015
node_cons: 5606.309901520005
tot_aggregated_send: 3654
tot_msg_rcv: 174
tot_msg_sent: 375
tot_reconf_duration: 6.22
tot_sleeping_duration: 266598.8539200006
tot_uptimes: 70
tot_uptimes_duration: 4180.629679999998
