comms_cons: 36.44281600047814
finished_reconf: true
global_termination_time: 362740.177
local_termination_time: 218858.86172000057
node_cons: 7412.111720000004
tot_aggregated_send: 4872
tot_msg_rcv: 216
tot_msg_sent: 452
tot_reconf_duration: 15.34
tot_sleeping_duration: 357220.177
tot_uptimes: 93
tot_uptimes_duration: 5520.0
