comms_cons: 38.02119680112935
finished_reconf: true
global_termination_time: 360840.518
local_termination_time: 142740.63936000006
node_cons: 7425.653682242894
tot_aggregated_send: 4408
tot_msg_rcv: 464
tot_msg_sent: 907
tot_reconf_duration: 25.299999999999997
tot_sleeping_duration: 355320.50583999784
tot_uptimes: 93
tot_uptimes_duration: 5520.0121600021375
