comms_cons: 37.13958400082436
finished_reconf: true
global_termination_time: 359904.006
local_termination_time: 120097.88447999996
node_cons: 7397.844544485727
tot_aggregated_send: 4698
tot_msg_rcv: 308
tot_msg_sent: 639
tot_reconf_duration: 4.8100000000000005
tot_sleeping_duration: 354383.9816799957
tot_uptimes: 93
tot_uptimes_duration: 5520.024320004275
