comms_cons: 37.172480000465974
finished_reconf: true
global_termination_time: 359695.707
local_termination_time: 114956.13863999976
node_cons: 7397.2660433643
tot_aggregated_send: 4698
tot_msg_rcv: 313
tot_msg_sent: 639
tot_reconf_duration: 4.390000000000001
tot_sleeping_duration: 354175.6887599968
tot_uptimes: 93
tot_uptimes_duration: 5520.018240003206
