comms_cons: 65.54125439845163
finished_reconf: true
global_termination_time: 647547.694
local_termination_time: 360201.7003600001
node_cons: 13270.986382238298
tot_aggregated_send: 8700
tot_msg_rcv: 400
tot_msg_sent: 862
tot_reconf_duration: 10.95
tot_sleeping_duration: 637647.6818400013
tot_uptimes: 166
tot_uptimes_duration: 9900.012159998703
