comms_cons: 316.364153362349
finished_reconf: true
global_termination_time: 1942769.673
local_termination_time: 284490.9636000001
node_cons: 39959.836393401754
tot_aggregated_send: 0
tot_msg_rcv: 24532
tot_msg_sent: 23557
tot_reconf_duration: 22.65
tot_sleeping_duration: 1912949.6000400283
tot_uptimes: 498
tot_uptimes_duration: 29820.072959971614
