comms_cons: 191.40866559353557
finished_reconf: true
global_termination_time: 1943385.083
local_termination_time: 326331.41796000017
node_cons: 39933.16263999976
tot_aggregated_send: 28072
tot_msg_rcv: 303
tot_msg_sent: 718
tot_reconf_duration: 3.08
tot_sleeping_duration: 1913565.083
tot_uptimes: 498
tot_uptimes_duration: 29820.0
