comms_cons: 191.8823679933517
finished_reconf: true
global_termination_time: 1942945.384
local_termination_time: 992566.2473599999
node_cons: 39949.49937999972
tot_aggregated_send: 28014
tot_msg_rcv: 357
tot_msg_sent: 794
tot_reconf_duration: 15.110000000000001
tot_sleeping_duration: 1913125.384
tot_uptimes: 498
tot_uptimes_duration: 29820.0
