comms_cons: 191.77052159209867
finished_reconf: true
global_termination_time: 1941446.845
local_termination_time: 1263189.3465999998
node_cons: 39941.77235999964
tot_aggregated_send: 28072
tot_msg_rcv: 386
tot_msg_sent: 690
tot_reconf_duration: 9.42
tot_sleeping_duration: 1911626.845
tot_uptimes: 498
tot_uptimes_duration: 29820.0
