comms_cons: 151.80062718404002
finished_reconf: true
global_termination_time: 1486005.2751200004
local_termination_time: 86400.27247999996
node_cons: 30602.102996390782
tot_aggregated_send: 19546
tot_msg_rcv: 1137
tot_msg_sent: 2389
tot_reconf_duration: 4.8100000000000005
tot_sleeping_duration: 1463155.7075200074
tot_uptimes: 381
tot_uptimes_duration: 22849.567599993083
