comms_cons: 145.38716159770271
finished_reconf: true
global_termination_time: 1491169.321
local_termination_time: 607329.1926399991
node_cons: 30624.898979999965
tot_aggregated_send: 21170
tot_msg_rcv: 356
tot_msg_sent: 572
tot_reconf_duration: 11.31
tot_sleeping_duration: 1468309.321
tot_uptimes: 382
tot_uptimes_duration: 22860.0
