comms_cons: 261.92483840551375
finished_reconf: true
global_termination_time: 2584299.355
local_termination_time: 415554.89900000003
node_cons: 53163.70082511142
tot_aggregated_send: 35784
tot_msg_rcv: 1468
tot_msg_sent: 2558
tot_reconf_duration: 22.65
tot_sleeping_duration: 2544618.292920006
tot_uptimes: 662
tot_uptimes_duration: 39681.06207999418
