comms_cons: 256.83945599023036
finished_reconf: true
global_termination_time: 2580648.996
local_termination_time: 1429828.0351999996
node_cons: 53032.95266334971
tot_aggregated_send: 36598
tot_msg_rcv: 928
tot_msg_sent: 1512
tot_reconf_duration: 6.279999999999999
tot_sleeping_duration: 2541048.9777600067
tot_uptimes: 661
tot_uptimes_duration: 39600.0182399929
