comms_cons: 174.90928638730156
finished_reconf: true
global_termination_time: 1741156.183
local_termination_time: 126428.91631999989
node_cons: 35782.0749822336
tot_aggregated_send: 24476
tot_msg_rcv: 789
tot_msg_sent: 1321
tot_reconf_duration: 22.65
tot_sleeping_duration: 1714456.1708400047
tot_uptimes: 446
tot_uptimes_duration: 26700.01215999527
