comms_cons: 170.60581119440968
finished_reconf: true
global_termination_time: 1738133.347
local_termination_time: 1023694.7265999989
node_cons: 35759.746760000045
tot_aggregated_send: 24128
tot_msg_rcv: 584
tot_msg_sent: 1219
tot_reconf_duration: 6.22
tot_sleeping_duration: 1711433.347
tot_uptimes: 446
tot_uptimes_duration: 26700.0
