comms_cons: 95.8438400135835
finished_reconf: true
global_termination_time: 483228.48824000056
local_termination_time: 1124.9630400000015
node_cons: 9958.090503603658
tot_aggregated_send: 0
tot_msg_rcv: 7416
tot_msg_sent: 7150
tot_reconf_duration: 18.21
tot_sleeping_duration: 475809.99583999783
tot_uptimes: 124
tot_uptimes_duration: 7418.492400002724
