comms_cons: 51.45592320238245
finished_reconf: true
global_termination_time: 484810.977
local_termination_time: 94861.46227999953
node_cons: 9968.137902242874
tot_aggregated_send: 6032
tot_msg_rcv: 626
tot_msg_sent: 1164
tot_reconf_duration: 4.390000000000001
tot_sleeping_duration: 477370.9648399979
tot_uptimes: 125
tot_uptimes_duration: 7440.0121600021375
