comms_cons: 1.5598975999982498
finished_reconf: true
global_termination_time: 11280.020480000001
local_termination_time: 11279.979360000001
node_cons: 229.83307872000086
tot_aggregated_send: 0
tot_msg_rcv: 138
tot_msg_sent: 99
tot_reconf_duration: 37.410000000000004
tot_sleeping_duration: 11146.316
tot_uptimes: 3
tot_uptimes_duration: 133.70448000000033
