comms_cons: 1.9211263999936523
finished_reconf: true
global_termination_time: 14296.959
local_termination_time: 7064.1694800000005
node_cons: 249.5482400000009
tot_aggregated_send: 0
tot_msg_rcv: 176
tot_msg_sent: 116
tot_reconf_duration: 6.279999999999999
tot_sleeping_duration: 14116.959
tot_uptimes: 4
tot_uptimes_duration: 180.0
