comms_cons: 2.619148799992673
finished_reconf: true
global_termination_time: 11923.695
local_termination_time: 9168.03036
node_cons: 253.39138000000048
tot_aggregated_send: 0
tot_msg_rcv: 231
tot_msg_sent: 168
tot_reconf_duration: 9.11
tot_sleeping_duration: 11743.695
tot_uptimes: 4
tot_uptimes_duration: 179.99999999999977
