comms_cons: 2.5204607999930735
finished_reconf: true
global_termination_time: 12250.486
local_termination_time: 4694.2483600000005
node_cons: 257.18020000000075
tot_aggregated_send: 0
tot_msg_rcv: 220
tot_msg_sent: 163
tot_reconf_duration: 11.899999999999999
tot_sleeping_duration: 12070.486
tot_uptimes: 4
tot_uptimes_duration: 180.0
