comms_cons: 2.744153599995354
finished_reconf: true
global_termination_time: 12997.732
local_termination_time: 7389.01936
node_cons: 249.46676000000033
tot_aggregated_send: 0
tot_msg_rcv: 244
tot_msg_sent: 171
tot_reconf_duration: 6.22
tot_sleeping_duration: 12817.732
tot_uptimes: 4
tot_uptimes_duration: 180.0
