comms_cons: 2.677734399991151
finished_reconf: true
global_termination_time: 12063.04
local_termination_time: 10889.485359999999
node_cons: 248.39393999999794
tot_aggregated_send: 0
tot_msg_rcv: 234
tot_msg_sent: 170
tot_reconf_duration: 5.43
tot_sleeping_duration: 11883.04
tot_uptimes: 4
tot_uptimes_duration: 180.0
