comms_cons: 99.51165439278832
finished_reconf: true
global_termination_time: 973954.218
local_termination_time: 85557.91635999996
node_cons: 20013.237086714817
tot_aggregated_send: 12818
tot_msg_rcv: 679
tot_msg_sent: 1629
tot_reconf_duration: 6.279999999999999
tot_sleeping_duration: 959014.181520004
tot_uptimes: 250
tot_uptimes_duration: 14940.03647999611
