comms_cons: 103.08472319229145
finished_reconf: true
global_termination_time: 1017327.41
local_termination_time: 592943.3913599999
node_cons: 20899.052124472048
tot_aggregated_send: 13398
tot_msg_rcv: 760
tot_msg_sent: 1511
tot_reconf_duration: 7.819999999999999
tot_sleeping_duration: 1001727.385680006
tot_uptimes: 261
tot_uptimes_duration: 15600.024319993972
