comms_cons: 335.6576256178104
finished_reconf: true
global_termination_time: 3365209.436
local_termination_time: 1422415.33036
node_cons: 69185.17650893517
tot_aggregated_send: 47676
tot_msg_rcv: 1078
tot_msg_sent: 2264
tot_reconf_duration: 9.11
tot_sleeping_duration: 3313549.3873600177
tot_uptimes: 862
tot_uptimes_duration: 51660.04863998247
