comms_cons: 336.0281216093139
finished_reconf: true
global_termination_time: 3364808.929
local_termination_time: 746792.5943199996
node_cons: 69189.95666893409
tot_aggregated_send: 47386
tot_msg_rcv: 1137
tot_msg_sent: 2551
tot_reconf_duration: 12.629999999999999
tot_sleeping_duration: 3313148.8803600185
tot_uptimes: 862
tot_uptimes_duration: 51660.048639981775
