comms_cons: 329.8218751989266
finished_reconf: true
global_termination_time: 3362604.877
local_termination_time: 1591863.2291599994
node_cons: 69188.12340334937
tot_aggregated_send: 46168
tot_msg_rcv: 1328
tot_msg_sent: 2635
tot_reconf_duration: 11.31
tot_sleeping_duration: 3310944.8587600067
tot_uptimes: 862
tot_uptimes_duration: 51660.01823999314
