comms_cons: 70.3024383997838
finished_reconf: true
global_termination_time: 699389.029
local_termination_time: 356700.10336000007
node_cons: 14391.487701121461
tot_aggregated_send: 9396
tot_msg_rcv: 383
tot_msg_sent: 906
tot_reconf_duration: 7.819999999999999
tot_sleeping_duration: 688649.022919999
tot_uptimes: 180
tot_uptimes_duration: 10740.006080001069
