comms_cons: 50.767590400812736
finished_reconf: true
global_termination_time: 498760.775
local_termination_time: 60581.17348000001
node_cons: 10209.736403362023
tot_aggregated_send: 6670
tot_msg_rcv: 350
tot_msg_sent: 696
tot_reconf_duration: 4.8100000000000005
tot_sleeping_duration: 491140.75675999856
tot_uptimes: 128
tot_uptimes_duration: 7620.018240001504
