comms_cons: 50.55944960076645
finished_reconf: true
global_termination_time: 495963.842
local_termination_time: 58799.88436000001
node_cons: 10207.330041121448
tot_aggregated_send: 6728
tot_msg_rcv: 317
tot_msg_sent: 639
tot_reconf_duration: 3.05
tot_sleeping_duration: 488343.83591999894
tot_uptimes: 128
tot_uptimes_duration: 7620.006080001069
