comms_cons: 97.94933121423679
finished_reconf: true
global_termination_time: 495519.5168000004
local_termination_time: 543.2480399999995
node_cons: 10178.35621192453
tot_aggregated_send: 0
tot_msg_rcv: 7561
tot_msg_sent: 7322
tot_reconf_duration: 15.34
tot_sleeping_duration: 487933.61351999704
tot_uptimes: 127
tot_uptimes_duration: 7585.903280003375
