comms_cons: 114.92511999641141
finished_reconf: true
global_termination_time: 1161832.83848
local_termination_time: 1161832.79736
node_cons: 23912.74794207493
tot_aggregated_send: 16690
tot_msg_rcv: 244
tot_msg_sent: 534
tot_reconf_duration: 24.59
tot_sleeping_duration: 1143999.1157600037
tot_uptimes: 298
tot_uptimes_duration: 17833.722719996178
