comms_cons: 64.1784191999755
finished_reconf: true
global_termination_time: 630138.446
local_termination_time: 189720.52048000006
node_cons: 12951.915963364316
tot_aggregated_send: 8294
tot_msg_rcv: 420
tot_msg_sent: 1042
tot_reconf_duration: 12.629999999999999
tot_sleeping_duration: 620478.4277599967
tot_uptimes: 162
tot_uptimes_duration: 9660.018240003206
