comms_cons: 232.2946240331905
finished_reconf: true
global_termination_time: 551210.652
local_termination_time: 288092.4990400008
node_cons: 33254.03499880399
tot_aggregated_send: 0
tot_msg_rcv: 14339
tot_msg_sent: 20969
tot_reconf_duration: 18.21
tot_sleeping_duration: 526394.142799997
tot_uptimes: 406
tot_uptimes_duration: 24816.50920000294
