comms_cons: 94.71381761326793
finished_reconf: true
global_termination_time: 554156.986
local_termination_time: 290503.00760000007
node_cons: 11358.714982242907
tot_aggregated_send: 0
tot_msg_rcv: 7251
tot_msg_sent: 7145
tot_reconf_duration: 22.65
tot_sleeping_duration: 545696.9738399979
tot_uptimes: 142
tot_uptimes_duration: 8460.012160002138
