comms_cons: 54.56788480058377
finished_reconf: true
global_termination_time: 551738.776
local_termination_time: 238700.40180000025
node_cons: 11338.559559999987
tot_aggregated_send: 7540
tot_msg_rcv: 214
tot_msg_sent: 540
tot_reconf_duration: 7.819999999999999
tot_sleeping_duration: 543278.776
tot_uptimes: 142
tot_uptimes_duration: 8460.0
