comms_cons: 451.761395251591
finished_reconf: true
global_termination_time: 4618563.564
local_termination_time: 2333046.2763599996
node_cons: 94982.75242558257
tot_aggregated_send: 64090
tot_msg_rcv: 1564
tot_msg_sent: 3011
tot_reconf_duration: 15.34
tot_sleeping_duration: 4547643.533600011
tot_uptimes: 1183
tot_uptimes_duration: 70920.0303999891
