comms_cons: 460.8352448894109
finished_reconf: true
global_termination_time: 4616137.844
local_termination_time: 1115311.9157999994
node_cons: 94968.4799476147
tot_aggregated_send: 63278
tot_msg_rcv: 2246
tot_msg_sent: 4520
tot_reconf_duration: 4.8100000000000005
tot_sleeping_duration: 4545217.793240017
tot_uptimes: 1183
tot_uptimes_duration: 70920.05075998302
