comms_cons: 459.1037824630751
finished_reconf: true
global_termination_time: 4618596.684
local_termination_time: 2180690.5533600003
node_cons: 94969.28650446585
tot_aggregated_send: 64206
tot_msg_rcv: 2017
tot_msg_sent: 3559
tot_reconf_duration: 5.43
tot_sleeping_duration: 4547676.659680009
tot_uptimes: 1183
tot_uptimes_duration: 70920.02431999124
