comms_cons: 880.0021698624538
finished_reconf: true
global_termination_time: 8724881.621
local_termination_time: 12476.836480000002
node_cons: 179504.403155645
tot_aggregated_send: 120640
tot_msg_rcv: 4348
tot_msg_sent: 8765
tot_reconf_duration: 18.21
tot_sleeping_duration: 8590841.53588002
tot_uptimes: 2235
tot_uptimes_duration: 134040.08511997858
