comms_cons: 851.2611329382753
finished_reconf: true
global_termination_time: 8725129.172
local_termination_time: 3966301.4679199993
node_cons: 179483.80273429563
tot_aggregated_send: 122032
tot_msg_rcv: 2326
tot_msg_sent: 5028
tot_reconf_duration: 3.08
tot_sleeping_duration: 8591089.127120014
tot_uptimes: 2235
tot_uptimes_duration: 134040.04487998644
