comms_cons: 853.7696257225815
finished_reconf: true
global_termination_time: 8724821.078
local_termination_time: 5539065.57136
node_cons: 179494.44638222823
tot_aggregated_send: 121568
tot_msg_rcv: 2736
tot_msg_sent: 5464
tot_reconf_duration: 10.95
tot_sleeping_duration: 8590781.065840004
tot_uptimes: 2235
tot_uptimes_duration: 134040.01215999573
