comms_cons: 871.4329345882279
finished_reconf: true
global_termination_time: 8724764.68
local_termination_time: 364527.274
node_cons: 179485.64373676208
tot_aggregated_send: 122085
tot_msg_rcv: 3385
tot_msg_sent: 6981
tot_reconf_duration: 4.390000000000001
tot_sleeping_duration: 8590724.588800024
tot_uptimes: 2235
tot_uptimes_duration: 134040.09119997645
