comms_cons: 113.77762560381157
finished_reconf: true
global_termination_time: 600648.803
local_termination_time: 303972.6283600001
node_cons: 12302.65584224289
tot_aggregated_send: 0
tot_msg_rcv: 8826
tot_msg_sent: 8469
tot_reconf_duration: 7.819999999999999
tot_sleeping_duration: 591468.7908399978
tot_uptimes: 154
tot_uptimes_duration: 9180.012160002138
