comms_cons: 60.574694401423955
finished_reconf: true
global_termination_time: 596552.625
local_termination_time: 364217.02836000005
node_cons: 12220.14304224284
tot_aggregated_send: 7888
tot_msg_rcv: 418
tot_msg_sent: 901
tot_reconf_duration: 6.22
tot_sleeping_duration: 587432.6128399979
tot_uptimes: 153
tot_uptimes_duration: 9120.012160002138
