comms_cons: 147.42671359726037
finished_reconf: true
global_termination_time: 1489159.151
local_termination_time: 413002.1486400004
node_cons: 30627.42486000003
tot_aggregated_send: 21402
tot_msg_rcv: 322
tot_msg_sent: 684
tot_reconf_duration: 13.17
tot_sleeping_duration: 1466299.151
tot_uptimes: 382
tot_uptimes_duration: 22860.0
