comms_cons: 105.64743041429314
finished_reconf: true
global_termination_time: 493284.0650400003
local_termination_time: 493284.0239200003
node_cons: 10188.945311375883
tot_aggregated_send: 0
tot_msg_rcv: 8695
tot_msg_sent: 7366
tot_reconf_duration: 24.59
tot_sleeping_duration: 485699.6347999885
tot_uptimes: 127
tot_uptimes_duration: 7584.430240011845
