comms_cons: 49.153203200379785
finished_reconf: true
global_termination_time: 495496.577
local_termination_time: 16307.21556
node_cons: 10138.198980000012
tot_aggregated_send: 6960
tot_msg_rcv: 173
tot_msg_sent: 338
tot_reconf_duration: 11.31
tot_sleeping_duration: 487936.577
tot_uptimes: 127
tot_uptimes_duration: 7560.0
