comms_cons: 259.29943039699793
finished_reconf: true
global_termination_time: 2810965.46
local_termination_time: 7478.079
node_cons: 57852.77960111579
tot_aggregated_send: 38970
tot_msg_rcv: 117
tot_msg_sent: 325
tot_reconf_duration: 5.87
tot_sleeping_duration: 2767765.453920002
tot_uptimes: 720
tot_uptimes_duration: 43200.006079997635
