comms_cons: 276.32515839245457
finished_reconf: true
global_termination_time: 2810256.31
local_termination_time: 7032.352
node_cons: 57855.10174670487
tot_aggregated_send: 38794
tot_msg_rcv: 1155
tot_msg_sent: 2050
tot_reconf_duration: 7.55
tot_sleeping_duration: 2767056.2735200105
tot_uptimes: 720
tot_uptimes_duration: 43200.036479989474
