comms_cons: 76.01607679911045
finished_reconf: true
global_termination_time: 776011.337
local_termination_time: 634949.0613599999
node_cons: 15913.8519800001
tot_aggregated_send: 11252
tot_msg_rcv: 74
tot_msg_sent: 228
tot_reconf_duration: 4.8100000000000005
tot_sleeping_duration: 764131.337
tot_uptimes: 199
tot_uptimes_duration: 11880.0
