comms_cons: 76.87857919920563
finished_reconf: true
global_termination_time: 776408.42
local_termination_time: 159186.54936000003
node_cons: 15911.461900000008
tot_aggregated_send: 11078
tot_msg_rcv: 203
tot_msg_sent: 404
tot_reconf_duration: 3.05
tot_sleeping_duration: 764528.42
tot_uptimes: 199
tot_uptimes_duration: 11880.0
