comms_cons: 75.60816639941338
finished_reconf: true
global_termination_time: 773938.326
local_termination_time: 738193.408999998
node_cons: 15938.724463997261
tot_aggregated_send: 11310
tot_msg_rcv: 70
tot_msg_sent: 112
tot_reconf_duration: 15.34
tot_sleeping_duration: 762050.430000002
tot_uptimes: 199
tot_uptimes_duration: 11887.89599999797
