comms_cons: 872.0887618305849
finished_reconf: true
global_termination_time: 8699168.493
local_termination_time: 2919153.3632799983
node_cons: 178940.2293181992
tot_aggregated_send: 120930
tot_msg_rcv: 3963
tot_msg_sent: 7660
tot_reconf_duration: 15.34
tot_sleeping_duration: 8565546.836840026
tot_uptimes: 2228
tot_uptimes_duration: 133621.6561599744
