comms_cons: 870.4424386013671
finished_reconf: true
global_termination_time: 8699100.349
local_termination_time: 2287892.301639998
node_cons: 178925.70817116447
tot_aggregated_send: 121336
tot_msg_rcv: 3654
tot_msg_sent: 7311
tot_reconf_duration: 6.22
tot_sleeping_duration: 8565480.28820002
tot_uptimes: 2228
tot_uptimes_duration: 133620.06079997844
