comms_cons: 869.0242689982136
finished_reconf: true
global_termination_time: 8699749.021
local_termination_time: 2404819.9902
node_cons: 178932.62853228205
tot_aggregated_send: 121626
tot_msg_rcv: 3550
tot_msg_sent: 6909
tot_reconf_duration: 11.31
tot_sleeping_duration: 8566128.954120025
tot_uptimes: 2228
tot_uptimes_duration: 133620.0668799763
