comms_cons: 872.151251414792
finished_reconf: true
global_termination_time: 8702561.012
local_termination_time: 2411871.14548
node_cons: 179004.99393647755
tot_aggregated_send: 121626
tot_msg_rcv: 3963
tot_msg_sent: 6972
tot_reconf_duration: 5.43
tot_sleeping_duration: 8568880.937320028
tot_uptimes: 2229
tot_uptimes_duration: 133680.07467997284
