comms_cons: 298.9026879834645
finished_reconf: true
global_termination_time: 617484.4883999982
local_termination_time: 617484.4472799982
node_cons: 37554.72374719957
tot_aggregated_send: 0
tot_msg_rcv: 18361
tot_msg_sent: 27071
tot_reconf_duration: 24.59
tot_sleeping_duration: 589462.5835999984
tot_uptimes: 460
tot_uptimes_duration: 28021.90479999978
