comms_cons: 122.3592703927566
finished_reconf: true
global_termination_time: 617485.0883999983
local_termination_time: 1978.8823600000003
node_cons: 12795.308315597737
tot_aggregated_send: 0
tot_msg_rcv: 9402
tot_msg_sent: 9195
tot_reconf_duration: 18.21
tot_sleeping_duration: 607947.688
tot_uptimes: 159
tot_uptimes_duration: 9537.400399998296
