comms_cons: 62.31239040081049
finished_reconf: true
global_termination_time: 617947.33
local_termination_time: 254368.989
node_cons: 12702.504685284177
tot_aggregated_send: 8292
tot_msg_rcv: 481
tot_msg_sent: 698
tot_reconf_duration: 6.279999999999999
tot_sleeping_duration: 608467.1384799968
tot_uptimes: 159
tot_uptimes_duration: 9480.191520003107
