comms_cons: 62.76704000025276
finished_reconf: true
global_termination_time: 617484.5551199991
local_termination_time: 53777.274
node_cons: 12789.958049519584
tot_aggregated_send: 8524
tot_msg_rcv: 357
tot_msg_sent: 659
tot_reconf_duration: 22.65
tot_sleeping_duration: 607955.6534399994
tot_uptimes: 159
tot_uptimes_duration: 9528.901679999683
