comms_cons: 61.40367360061637
finished_reconf: true
global_termination_time: 617484.8931200001
local_termination_time: 165024.72064000086
node_cons: 12723.305810801592
tot_aggregated_send: 8700
tot_msg_rcv: 226
tot_msg_sent: 407
tot_reconf_duration: 4.8100000000000005
tot_sleeping_duration: 607987.675919999
tot_uptimes: 159
tot_uptimes_duration: 9497.217200001178
