comms_cons: 122.39216639261988
finished_reconf: true
global_termination_time: 619469.565
local_termination_time: 1079.3120400000016
node_cons: 12699.689761121452
tot_aggregated_send: 0
tot_msg_rcv: 9432
tot_msg_sent: 9170
tot_reconf_duration: 4.390000000000001
tot_sleeping_duration: 609989.5589199988
tot_uptimes: 159
tot_uptimes_duration: 9480.00608000107
