comms_cons: 65.49061119934602
finished_reconf: true
global_termination_time: 619826.283
local_termination_time: 80795.42635999972
node_cons: 12704.412830090623
tot_aggregated_send: 7772
tot_msg_rcv: 780
tot_msg_sent: 1403
tot_reconf_duration: 7.819999999999999
tot_sleeping_duration: 610346.2282799921
tot_uptimes: 159
tot_uptimes_duration: 9480.054720007916
