comms_cons: 283.21549441062285
finished_reconf: false
global_termination_time: 2810837.93
local_termination_time: 0
node_cons: 57844.824423349775
tot_aggregated_send: 39440
tot_msg_rcv: 1283
tot_msg_sent: 2325
tot_reconf_duration: 0
tot_sleeping_duration: 2767637.911760007
tot_uptimes: 720
tot_uptimes_duration: 43200.01823999314
