comms_cons: 283.262284802576
finished_reconf: true
global_termination_time: 2808081.039
local_termination_time: 2481000.353839999
node_cons: 57865.3356622334
tot_aggregated_send: 39150
tot_msg_rcv: 1303
tot_msg_sent: 2601
tot_reconf_duration: 15.110000000000001
tot_sleeping_duration: 2764881.026840004
tot_uptimes: 720
tot_uptimes_duration: 43200.0121599955
