comms_cons: 283.8622400154524
finished_reconf: true
global_termination_time: 2809832.001
local_termination_time: 1920254.402879998
node_cons: 57867.51256766781
tot_aggregated_send: 39092
tot_msg_rcv: 1387
tot_msg_sent: 2666
tot_reconf_duration: 12.629999999999999
tot_sleeping_duration: 2766627.8478800086
tot_uptimes: 720
tot_uptimes_duration: 43204.15311999153
