comms_cons: 286.2036608111796
finished_reconf: true
global_termination_time: 2809508.4
local_termination_time: 277392.76236000005
node_cons: 57854.05878893952
tot_aggregated_send: 38802
tot_msg_rcv: 1736
tot_msg_sent: 2963
tot_reconf_duration: 6.77
tot_sleeping_duration: 2766308.351360014
tot_uptimes: 720
tot_uptimes_duration: 43200.04863998544
