comms_cons: 282.3327231953491
finished_reconf: true
global_termination_time: 2808472.301
local_termination_time: 6015.498760000002
node_cons: 57857.94266893854
tot_aggregated_send: 39788
tot_msg_rcv: 1150
tot_msg_sent: 1974
tot_reconf_duration: 9.629999999999999
tot_sleeping_duration: 2765272.252360015
tot_uptimes: 720
tot_uptimes_duration: 43200.04863998474
