comms_cons: 1595.9996305183302
finished_reconf: true
global_termination_time: 3298846.3375999997
local_termination_time: 3298846.2964799996
node_cons: 200446.11249767517
tot_aggregated_send: 0
tot_msg_rcv: 97985
tot_msg_sent: 144596
tot_reconf_duration: 37.410000000000004
tot_sleeping_duration: 3149185.9121200275
tot_uptimes: 2455
tot_uptimes_duration: 149660.42547997192
