comms_cons: 334.0153536444104
finished_reconf: true
global_termination_time: 3302178.116
local_termination_time: 17301.83048
node_cons: 67921.75509341097
tot_aggregated_send: 45646
tot_msg_rcv: 1766
tot_msg_sent: 3356
tot_reconf_duration: 25.299999999999997
tot_sleeping_duration: 3251478.043040021
tot_uptimes: 846
tot_uptimes_duration: 50700.072959979414
