comms_cons: 330.0192512265659
finished_reconf: true
global_termination_time: 3299237.574
local_termination_time: 896138.1513199985
node_cons: 67819.404650051
tot_aggregated_send: 46226
tot_msg_rcv: 1206
tot_msg_sent: 2729
tot_reconf_duration: 9.11
tot_sleeping_duration: 3248597.5192800206
tot_uptimes: 845
tot_uptimes_duration: 50640.05471997944
