comms_cons: 332.58513924113436
finished_reconf: true
global_termination_time: 3300745.223
local_termination_time: 1111862.1182799991
node_cons: 67907.87636781714
tot_aggregated_send: 45936
tot_msg_rcv: 1546
tot_msg_sent: 3069
tot_reconf_duration: 15.110000000000001
tot_sleeping_duration: 3250045.180440016
tot_uptimes: 846
tot_uptimes_duration: 50700.04255998414
