comms_cons: 334.9000448551177
finished_reconf: true
global_termination_time: 3302244.035
local_termination_time: 1098374.2341999996
node_cons: 67893.31046670002
tot_aggregated_send: 45704
tot_msg_rcv: 1888
tot_msg_sent: 3310
tot_reconf_duration: 4.390000000000001
tot_sleeping_duration: 3251543.998520014
tot_uptimes: 846
tot_uptimes_duration: 50700.03647998627
