comms_cons: 332.4997824331513
finished_reconf: true
global_termination_time: 3299319.292
local_termination_time: 942029.8493199986
node_cons: 67817.6365478174
tot_aggregated_send: 45994
tot_msg_rcv: 1580
tot_msg_sent: 2964
tot_reconf_duration: 7.819999999999999
tot_sleeping_duration: 3248679.2494400158
tot_uptimes: 845
tot_uptimes_duration: 50640.04255998414
