comms_cons: 331.78213123990577
finished_reconf: true
global_termination_time: 3300833.734
local_termination_time: 387484.08836000005
node_cons: 67902.73225005098
tot_aggregated_send: 45994
tot_msg_rcv: 1416
tot_msg_sent: 3017
tot_reconf_duration: 11.31
tot_sleeping_duration: 3250133.6792800208
tot_uptimes: 846
tot_uptimes_duration: 50700.05471997941
