comms_cons: 78.00957440020109
finished_reconf: true
global_termination_time: 776332.554
local_termination_time: 183155.92436000006
node_cons: 15913.876403364313
tot_aggregated_send: 10730
tot_msg_rcv: 374
tot_msg_sent: 753
tot_reconf_duration: 4.8100000000000005
tot_sleeping_duration: 764452.5357599969
tot_uptimes: 199
tot_uptimes_duration: 11880.018240003206
