comms_cons: 151.78117115737612
finished_reconf: true
global_termination_time: 772359.4981199991
local_termination_time: 919.6490399999996
node_cons: 15892.480995038492
tot_aggregated_send: 0
tot_msg_rcv: 11616
tot_msg_sent: 11452
tot_reconf_duration: 11.31
tot_sleeping_duration: 760502.0507600002
tot_uptimes: 198
tot_uptimes_duration: 11857.447359998856
