comms_cons: 96.00431360010003
finished_reconf: true
global_termination_time: 985691.732
local_termination_time: 838758.4383599998
node_cons: 20261.038979999947
tot_aggregated_send: 14326
tot_msg_rcv: 97
tot_msg_sent: 169
tot_reconf_duration: 11.31
tot_sleeping_duration: 970571.732
tot_uptimes: 253
tot_uptimes_duration: 15120.0
