comms_cons: 29.902464001005555
finished_reconf: true
global_termination_time: 274373.8046000001
local_termination_time: 274373.7634800001
node_cons: 5675.639284005861
tot_aggregated_send: 3234
tot_msg_rcv: 474
tot_msg_sent: 835
tot_reconf_duration: 24.59
tot_sleeping_duration: 270160.0285999957
tot_uptimes: 71
tot_uptimes_duration: 4213.776000004364
