comms_cons: 28.218246400433564
finished_reconf: true
global_termination_time: 275725.48
local_termination_time: 201057.36748000007
node_cons: 5654.566841121429
tot_aggregated_send: 3480
tot_msg_rcv: 247
tot_msg_sent: 562
tot_reconf_duration: 22.65
tot_sleeping_duration: 271525.4739199989
tot_uptimes: 71
tot_uptimes_duration: 4200.006080001069
