comms_cons: 834.1722703271614
finished_reconf: true
global_termination_time: 4237832.214599998
local_termination_time: 2604.1183600000004
node_cons: 87214.2554573389
tot_aggregated_send: 0
tot_msg_rcv: 63856
tot_msg_sent: 62931
tot_reconf_duration: 18.21
tot_sleeping_duration: 4172716.8103600116
tot_uptimes: 1086
tot_uptimes_duration: 65115.404239985975
