comms_cons: 417.1147008058615
finished_reconf: true
global_termination_time: 4239164.768
local_termination_time: 3187298.086439999
node_cons: 87177.46894558254
tot_aggregated_send: 59682
tot_msg_rcv: 1234
tot_msg_sent: 2483
tot_reconf_duration: 6.279999999999999
tot_sleeping_duration: 4174064.7376000118
tot_uptimes: 1086
tot_uptimes_duration: 65100.030399988405
