comms_cons: 428.6021056903548
finished_reconf: true
global_termination_time: 4238745.788
local_termination_time: 606509.7183599999
node_cons: 87186.0922455828
tot_aggregated_send: 58928
tot_msg_rcv: 2219
tot_msg_sent: 3998
tot_reconf_duration: 12.629999999999999
tot_sleeping_duration: 4173645.757600011
tot_uptimes: 1086
tot_uptimes_duration: 65100.03039998887
