comms_cons: 428.4355904872069
finished_reconf: true
global_termination_time: 4237835.112
local_termination_time: 214028.34268000073
node_cons: 87274.69972893331
tot_aggregated_send: 58812
tot_msg_rcv: 2138
tot_msg_sent: 4169
tot_reconf_duration: 18.700000000000003
tot_sleeping_duration: 4172675.0633600177
tot_uptimes: 1086
tot_uptimes_duration: 65160.048639981775
