comms_cons: 418.1941440204678
finished_reconf: true
global_termination_time: 4239325.357
local_termination_time: 1051225.138519999
node_cons: 87177.40374781612
tot_aggregated_send: 58812
tot_msg_rcv: 1611
tot_msg_sent: 3142
tot_reconf_duration: 6.22
tot_sleeping_duration: 4174225.314440016
tot_uptimes: 1086
tot_uptimes_duration: 65100.04255998391
