comms_cons: 135.40471038808644
finished_reconf: true
global_termination_time: 1317371.532
local_termination_time: 109373.43800000001
node_cons: 27083.083747827066
tot_aggregated_send: 17339
tot_msg_rcv: 1028
tot_msg_sent: 2213
tot_reconf_duration: 6.22
tot_sleeping_duration: 1297151.4894400097
tot_uptimes: 338
tot_uptimes_duration: 20220.04255999031
