comms_cons: 50.22634239987283
finished_reconf: true
global_termination_time: 13929.352240000013
local_termination_time: 2025.4483600000085
node_cons: 6052.52004832007
tot_aggregated_send: 0
tot_msg_rcv: 3930
tot_msg_sent: 3703
tot_reconf_duration: 18.21
tot_sleeping_duration: 9427.641359999963
tot_uptimes: 66
tot_uptimes_duration: 4501.710880000049
