comms_cons: 2.114675199994331
finished_reconf: true
global_termination_time: 13928.84048
local_termination_time: 13928.79936
node_cons: 310.18121984000715
tot_aggregated_send: 0
tot_msg_rcv: 163
tot_msg_sent: 157
tot_reconf_duration: 37.410000000000004
tot_sleeping_duration: 13735.129919999996
tot_uptimes: 4
tot_uptimes_duration: 193.710560000005
