comms_cons: 2.263244799996742
finished_reconf: true
global_termination_time: 14207.593
local_termination_time: 5953.580360000001
node_cons: 252.0062200000002
tot_aggregated_send: 0
tot_msg_rcv: 176
tot_msg_sent: 167
tot_reconf_duration: 8.09
tot_sleeping_duration: 14027.593
tot_uptimes: 4
tot_uptimes_duration: 180.0
