comms_cons: 2.2698239999924996
finished_reconf: true
global_termination_time: 17953.455
local_termination_time: 5937.302360000001
node_cons: 336.71898000000056
tot_aggregated_send: 0
tot_msg_rcv: 179
tot_msg_sent: 166
tot_reconf_duration: 11.31
tot_sleeping_duration: 17713.455
tot_uptimes: 5
tot_uptimes_duration: 240.0
