comms_cons: 100.72097279592603
finished_reconf: true
global_termination_time: 987327.027
local_termination_time: 581165.3253599999
node_cons: 20258.48864223835
tot_aggregated_send: 13630
tot_msg_rcv: 699
tot_msg_sent: 980
tot_reconf_duration: 9.42
tot_sleeping_duration: 972207.0148400012
tot_uptimes: 253
tot_uptimes_duration: 15120.012159998703
