comms_cons: 93.89301759702087
finished_reconf: true
global_termination_time: 914073.806
local_termination_time: 287140.9022000002
node_cons: 18820.09566224287
tot_aggregated_send: 12296
tot_msg_rcv: 708
tot_msg_sent: 1268
tot_reconf_duration: 15.110000000000001
tot_sleeping_duration: 900033.7938399978
tot_uptimes: 235
tot_uptimes_duration: 14040.012160002138
