comms_cons: 94.36671999456932
finished_reconf: true
global_termination_time: 915886.736
local_termination_time: 355020.9244800001
node_cons: 18814.47080559572
tot_aggregated_send: 12006
tot_msg_rcv: 774
tot_msg_sent: 1563
tot_reconf_duration: 10.95
tot_sleeping_duration: 901846.7056000032
tot_uptimes: 235
tot_uptimes_duration: 14040.030399996773
