comms_cons: 91.94237439509493
finished_reconf: true
global_termination_time: 914090.156
local_termination_time: 118315.32435999997
node_cons: 18805.57046670334
tot_aggregated_send: 12528
tot_msg_rcv: 455
tot_msg_sent: 991
tot_reconf_duration: 4.390000000000001
tot_sleeping_duration: 900050.1195200124
tot_uptimes: 235
tot_uptimes_duration: 14040.036479987539
