comms_cons: 180.21793282019874
finished_reconf: true
global_termination_time: 372859.9649200003
local_termination_time: 372859.9238000003
node_cons: 22658.88835332112
tot_aggregated_send: 0
tot_msg_rcv: 11075
tot_msg_sent: 16315
tot_reconf_duration: 37.410000000000004
tot_sleeping_duration: 355975.6590399995
tot_uptimes: 279
tot_uptimes_duration: 16884.3058800008
