comms_cons: 166.1855359930246
finished_reconf: true
global_termination_time: 1700750.658
local_termination_time: 557692.6554799998
node_cons: 34956.452663350494
tot_aggregated_send: 23780
tot_msg_rcv: 487
tot_msg_sent: 991
tot_reconf_duration: 6.279999999999999
tot_sleeping_duration: 1674650.6397600072
tot_uptimes: 436
tot_uptimes_duration: 26100.018239992904
