comms_cons: 169.56634878560104
finished_reconf: true
global_termination_time: 1703238.873
local_termination_time: 1114762.9183199985
node_cons: 35035.63836335036
tot_aggregated_send: 23142
tot_msg_rcv: 847
tot_msg_sent: 1785
tot_reconf_duration: 5.43
tot_sleeping_duration: 1677078.854760007
tot_uptimes: 437
tot_uptimes_duration: 26160.018239992904
