comms_cons: 765.0800321574335
finished_reconf: true
global_termination_time: 7679262.474
local_termination_time: 2016509.1620399982
node_cons: 157955.86278669708
tot_aggregated_send: 107184
tot_msg_rcv: 3064
tot_msg_sent: 6040
tot_reconf_duration: 5.43
tot_sleeping_duration: 7561302.437520013
tot_uptimes: 1967
tot_uptimes_duration: 117960.03647998697
