comms_cons: 164.44177919341772
finished_reconf: true
global_termination_time: 1692752.441
local_termination_time: 7351.784999999999
node_cons: 34800.00692111997
tot_aggregated_send: 23770
tot_msg_rcv: 458
tot_msg_sent: 766
tot_reconf_duration: 9.41
tot_sleeping_duration: 1666772.4349200001
tot_uptimes: 434
tot_uptimes_duration: 25980.006080000006
