comms_cons: 56.03504640173343
finished_reconf: true
global_termination_time: 576617.323
local_termination_time: 181560.49612000003
node_cons: 11815.982325607189
tot_aggregated_send: 6960
tot_msg_rcv: 578
tot_msg_sent: 979
tot_reconf_duration: 4.390000000000001
tot_sleeping_duration: 567797.2925999947
tot_uptimes: 148
tot_uptimes_duration: 8820.030400005344
