comms_cons: 56.2982144006447
finished_reconf: true
global_termination_time: 577273.735
local_termination_time: 17142.073680000005
node_cons: 11820.615842242878
tot_aggregated_send: 7714
tot_msg_rcv: 263
tot_msg_sent: 580
tot_reconf_duration: 7.819999999999999
tot_sleeping_duration: 568453.7228399978
tot_uptimes: 148
tot_uptimes_duration: 8820.012160002138
