comms_cons: 54.95605760046898
finished_reconf: true
global_termination_time: 575302.17
local_termination_time: 43919.427160000065
node_cons: 11818.443042240599
tot_aggregated_send: 7540
tot_msg_rcv: 288
tot_msg_sent: 525
tot_reconf_duration: 6.22
tot_sleeping_duration: 566482.1578399995
tot_uptimes: 148
tot_uptimes_duration: 8820.012160000435
