comms_cons: 55.34423040044848
finished_reconf: true
global_termination_time: 576939.087
local_termination_time: 361826.0043600001
node_cons: 11825.347121121444
tot_aggregated_send: 7888
tot_msg_rcv: 183
tot_msg_sent: 341
tot_reconf_duration: 11.31
tot_sleeping_duration: 568119.080919999
tot_uptimes: 148
tot_uptimes_duration: 8820.006080001069
