comms_cons: 147.22401279284455
finished_reconf: true
global_termination_time: 1482981.81148
local_termination_time: 1482981.77036
node_cons: 30518.029360962708
tot_aggregated_send: 21202
tot_msg_rcv: 414
tot_msg_sent: 762
tot_reconf_duration: 37.41
tot_sleeping_duration: 1460228.094839998
tot_uptimes: 380
tot_uptimes_duration: 22753.716640001978
