comms_cons: 147.69050879519503
finished_reconf: true
global_termination_time: 1486530.927
local_termination_time: 115027.36811999972
node_cons: 30533.38264000005
tot_aggregated_send: 21228
tot_msg_rcv: 410
tot_msg_sent: 810
tot_reconf_duration: 3.08
tot_sleeping_duration: 1463730.927
tot_uptimes: 381
tot_uptimes_duration: 22800.0
