comms_cons: 147.91231359575298
finished_reconf: true
global_termination_time: 1485882.396
local_termination_time: 173196.12036000006
node_cons: 30541.57138000007
tot_aggregated_send: 21054
tot_msg_rcv: 466
tot_msg_sent: 961
tot_reconf_duration: 9.11
tot_sleeping_duration: 1463082.396
tot_uptimes: 381
tot_uptimes_duration: 22800.0
