comms_cons: 147.17468799411455
finished_reconf: true
global_termination_time: 1484390.077
local_termination_time: 106056.70335999996
node_cons: 30538.393660000034
tot_aggregated_send: 21286
tot_msg_rcv: 335
tot_msg_sent: 748
tot_reconf_duration: 6.77
tot_sleeping_duration: 1461590.077
tot_uptimes: 381
tot_uptimes_duration: 22800.0
