comms_cons: 149.1510911911366
finished_reconf: true
global_termination_time: 1485751.467
local_termination_time: 223997.17536000005
node_cons: 30533.341900000032
tot_aggregated_send: 21054
tot_msg_rcv: 632
tot_msg_sent: 984
tot_reconf_duration: 3.05
tot_sleeping_duration: 1462951.467
tot_uptimes: 381
tot_uptimes_duration: 22800.0
