comms_cons: 148.13068799371607
finished_reconf: true
global_termination_time: 1485463.126
local_termination_time: 153065.10496000014
node_cons: 30537.64676000005
tot_aggregated_send: 21170
tot_msg_rcv: 480
tot_msg_sent: 865
tot_reconf_duration: 6.22
tot_sleeping_duration: 1462663.126
tot_uptimes: 381
tot_uptimes_duration: 22800.0
