comms_cons: 77.23932799563836
finished_reconf: true
global_termination_time: 738777.8785999998
local_termination_time: 738777.8374799999
node_cons: 15253.549549595666
tot_aggregated_send: 9602
tot_msg_rcv: 777
tot_msg_sent: 1360
tot_reconf_duration: 37.410000000000004
tot_sleeping_duration: 727424.0722000031
tot_uptimes: 190
tot_uptimes_duration: 11353.806399996742
