comms_cons: 74.90544639620627
finished_reconf: true
global_termination_time: 739751.846
local_termination_time: 422896.596
node_cons: 15202.528587351762
tot_aggregated_send: 9802
tot_msg_rcv: 431
tot_msg_sent: 1153
tot_reconf_duration: 12.629999999999999
tot_sleeping_duration: 728411.0117600062
tot_uptimes: 190
tot_uptimes_duration: 11340.834239993826
