comms_cons: 74.91077119784458
finished_reconf: true
global_termination_time: 739193.247
local_termination_time: 553552.4093599999
node_cons: 15200.428341121484
tot_aggregated_send: 10208
tot_msg_rcv: 433
tot_msg_sent: 744
tot_reconf_duration: 11.899999999999999
tot_sleeping_duration: 727853.2409199988
tot_uptimes: 190
tot_uptimes_duration: 11340.006080001069
