comms_cons: 76.45030399941628
finished_reconf: true
global_termination_time: 738778.4491199991
local_termination_time: 93853.92891999985
node_cons: 15249.826124000714
tot_aggregated_send: 9802
tot_msg_rcv: 626
tot_msg_sent: 1191
tot_reconf_duration: 11.31
tot_sleeping_duration: 727400.9531199986
tot_uptimes: 190
tot_uptimes_duration: 11377.496000000509
