comms_cons: 33.08188800065076
finished_reconf: true
global_termination_time: 322448.381
local_termination_time: 1498.7554800000044
node_cons: 6606.775844961452
tot_aggregated_send: 4118
tot_msg_rcv: 274
tot_msg_sent: 636
tot_reconf_duration: 9.11
tot_sleeping_duration: 317523.50835999893
tot_uptimes: 83
tot_uptimes_duration: 4924.87264000108
