comms_cons: 32.99920000015177
finished_reconf: true
global_termination_time: 322727.665
local_termination_time: 204258.8228000003
node_cons: 6605.0315400000145
tot_aggregated_send: 4292
tot_msg_rcv: 270
tot_msg_sent: 453
tot_reconf_duration: 12.629999999999999
tot_sleeping_duration: 317807.665
tot_uptimes: 83
tot_uptimes_duration: 4920.0
