comms_cons: 32.38282240049391
finished_reconf: true
global_termination_time: 319750.379
local_termination_time: 25730.6794
node_cons: 6522.907121121434
tot_aggregated_send: 4292
tot_msg_rcv: 233
tot_msg_sent: 397
tot_reconf_duration: 11.31
tot_sleeping_duration: 314890.37291999895
tot_uptimes: 82
tot_uptimes_duration: 4860.006080001069
