comms_cons: 9.00817920005325
finished_reconf: true
global_termination_time: 72795.563
local_termination_time: 49866.53936000002
node_cons: 1452.0979022405918
tot_aggregated_send: 580
tot_msg_rcv: 326
tot_msg_sent: 463
tot_reconf_duration: 4.390000000000001
tot_sleeping_duration: 71715.55083999956
tot_uptimes: 19
tot_uptimes_duration: 1080.012160000435
