comms_cons: 391.2294652725382
finished_reconf: true
global_termination_time: 2116913.99
local_termination_time: 348788.5433600001
node_cons: 43548.43818223791
tot_aggregated_send: 0
tot_msg_rcv: 29864
tot_msg_sent: 29599
tot_reconf_duration: 3.05
tot_sleeping_duration: 2084393.9778400015
tot_uptimes: 543
tot_uptimes_duration: 32520.012159998703
