comms_cons: 208.71854079192198
finished_reconf: true
global_termination_time: 2118732.549
local_termination_time: 782165.29236
node_cons: 43554.91584223785
tot_aggregated_send: 30276
tot_msg_rcv: 481
tot_msg_sent: 967
tot_reconf_duration: 7.819999999999999
tot_sleeping_duration: 2086212.5368400014
tot_uptimes: 543
tot_uptimes_duration: 32520.012159998645
