comms_cons: 196.37149438226206
finished_reconf: true
global_termination_time: 1951059.417
local_termination_time: 767203.9007999995
node_cons: 40100.295842233485
tot_aggregated_send: 27028
tot_msg_rcv: 907
tot_msg_sent: 1912
tot_reconf_duration: 7.819999999999999
tot_sleeping_duration: 1921119.4048400046
tot_uptimes: 500
tot_uptimes_duration: 29940.01215999527
