comms_cons: 36.5935104004476
finished_reconf: true
global_termination_time: 361187.03
local_termination_time: 222774.68736000007
node_cons: 7398.222082242878
tot_aggregated_send: 4756
tot_msg_rcv: 233
tot_msg_sent: 573
tot_reconf_duration: 5.1
tot_sleeping_duration: 355667.0178399979
tot_uptimes: 93
tot_uptimes_duration: 5520.0121600021375
