comms_cons: 36.95996800032053
finished_reconf: true
global_termination_time: 361735.158
local_termination_time: 50981.22248000001
node_cons: 7397.828262241727
tot_aggregated_send: 4814
tot_msg_rcv: 283
tot_msg_sent: 520
tot_reconf_duration: 4.8100000000000005
tot_sleeping_duration: 356215.1458399987
tot_uptimes: 93
tot_uptimes_duration: 5520.012160001286
