comms_cons: 37.246105600279506
finished_reconf: true
global_termination_time: 359914.571
local_termination_time: 47002.746040000144
node_cons: 7401.932124481172
tot_aggregated_send: 4698
tot_msg_rcv: 327
tot_msg_sent: 637
tot_reconf_duration: 7.819999999999999
tot_sleeping_duration: 354394.5466799991
tot_uptimes: 93
tot_uptimes_duration: 5520.02432000087
