comms_cons: 37.3770624006234
finished_reconf: true
global_termination_time: 361358.136
local_termination_time: 92607.297
node_cons: 7409.351794002068
tot_aggregated_send: 4640
tot_msg_rcv: 351
tot_msg_sent: 690
tot_reconf_duration: 11.31
tot_sleeping_duration: 355836.1099999985
tot_uptimes: 93
tot_uptimes_duration: 5522.026000001526
