comms_cons: 36.6593024006678
finished_reconf: true
global_termination_time: 359330.653
local_termination_time: 82179.55235999997
node_cons: 7398.67022224288
tot_aggregated_send: 4814
tot_msg_rcv: 239
tot_msg_sent: 519
tot_reconf_duration: 5.43
tot_sleeping_duration: 353810.64083999785
tot_uptimes: 93
tot_uptimes_duration: 5520.0121600021375
