comms_cons: 2.421145599996148
finished_reconf: true
global_termination_time: 12479.006
local_termination_time: 1050.65536
node_cons: 266.4145999999999
tot_aggregated_send: 0
tot_msg_rcv: 209
tot_msg_sent: 158
tot_reconf_duration: 18.700000000000003
tot_sleeping_duration: 12299.006
tot_uptimes: 4
tot_uptimes_duration: 180.0000000000001
