comms_cons: 0.32238079999893676
finished_reconf: true
global_termination_time: 3628.6879600000025
local_termination_time: 3615.3523600000003
node_cons: 57.59820744000342
tot_aggregated_send: 0
tot_msg_rcv: 40
tot_msg_sent: 8
tot_reconf_duration: 13.17
tot_sleeping_duration: 3599.029
tot_uptimes: 1
tot_uptimes_duration: 29.65896000000248
