comms_cons: 2.2698239999945926
finished_reconf: true
global_termination_time: 14417.397
local_termination_time: 6234.39436
node_cons: 253.39137999999832
tot_aggregated_send: 0
tot_msg_rcv: 178
tot_msg_sent: 166
tot_reconf_duration: 9.11
tot_sleeping_duration: 14237.397
tot_uptimes: 4
tot_uptimes_duration: 179.9999999999991
