comms_cons: 2.2566655999967637
finished_reconf: true
global_termination_time: 13413.397
local_termination_time: 4382.425360000001
node_cons: 257.18020000000075
tot_aggregated_send: 0
tot_msg_rcv: 180
tot_msg_sent: 163
tot_reconf_duration: 11.899999999999999
tot_sleeping_duration: 13233.397
tot_uptimes: 4
tot_uptimes_duration: 180.0
