comms_cons: 1.5329535999949357
finished_reconf: true
global_termination_time: 14423.222
local_termination_time: 5080.0073600000005
node_cons: 249.46676000000033
tot_aggregated_send: 0
tot_msg_rcv: 120
tot_msg_sent: 113
tot_reconf_duration: 6.22
tot_sleeping_duration: 14243.222
tot_uptimes: 4
tot_uptimes_duration: 180.0
