comms_cons: 1.519795199997368
finished_reconf: true
global_termination_time: 13352.981
local_termination_time: 5578.130480000001
node_cons: 248.39394000000158
tot_aggregated_send: 0
tot_msg_rcv: 118
tot_msg_sent: 113
tot_reconf_duration: 5.43
tot_sleeping_duration: 13172.981
tot_uptimes: 4
tot_uptimes_duration: 179.99999999999997
