comms_cons: 281.7255296018939
finished_reconf: true
global_termination_time: 2809273.99
local_termination_time: 412830.16036000004
node_cons: 57857.63306558771
tot_aggregated_send: 39556
tot_msg_rcv: 1061
tot_msg_sent: 2203
tot_reconf_duration: 9.42
tot_sleeping_duration: 2766073.9596000086
tot_uptimes: 720
tot_uptimes_duration: 43200.03039999161
