comms_cons: 283.5976576073018
finished_reconf: true
global_termination_time: 2810430.192
local_termination_time: 2017981.2983600001
node_cons: 57859.7026644675
tot_aggregated_send: 38686
tot_msg_rcv: 1348
tot_msg_sent: 3070
tot_reconf_duration: 10.95
tot_sleeping_duration: 2767230.1676800083
tot_uptimes: 720
tot_uptimes_duration: 43200.02431999124
