comms_cons: 282.4403584124567
finished_reconf: true
global_termination_time: 2807871.906
local_termination_time: 2374462.739279998
node_cons: 57853.42600223275
tot_aggregated_send: 39324
tot_msg_rcv: 1171
tot_msg_sent: 2435
tot_reconf_duration: 6.34
tot_sleeping_duration: 2764671.8938400047
tot_uptimes: 720
tot_uptimes_duration: 43200.0121599955
