comms_cons: 283.45167361417344
finished_reconf: true
global_termination_time: 2811201.795
local_termination_time: 2641957.1363600004
node_cons: 57855.848681116586
tot_aggregated_send: 39324
tot_msg_rcv: 1326
tot_msg_sent: 2433
tot_reconf_duration: 8.129999999999999
tot_sleeping_duration: 2768001.788920002
tot_uptimes: 720
tot_uptimes_duration: 43200.00607999787
