comms_cons: 282.2320832043365
finished_reconf: true
global_termination_time: 2808014.868
local_termination_time: 1929883.089279998
node_cons: 57850.76976111566
tot_aggregated_send: 39150
tot_msg_rcv: 1138
tot_msg_sent: 2608
tot_reconf_duration: 4.390000000000001
tot_sleeping_duration: 2764814.861920002
tot_uptimes: 720
tot_uptimes_duration: 43200.006079997635
