comms_cons: 284.93544960974555
finished_reconf: true
global_termination_time: 2811054.726
local_termination_time: 1763356.82736
node_cons: 57855.44398334987
tot_aggregated_send: 39034
tot_msg_rcv: 1550
tot_msg_sent: 2724
tot_reconf_duration: 7.819999999999999
tot_sleeping_duration: 2767854.7077600067
tot_uptimes: 720
tot_uptimes_duration: 43200.01823999314
