comms_cons: 282.79375360815334
finished_reconf: true
global_termination_time: 2808644.616
local_termination_time: 1611091.7523599998
node_cons: 57853.271183349745
tot_aggregated_send: 39440
tot_msg_rcv: 1223
tot_msg_sent: 2320
tot_reconf_duration: 6.22
tot_sleeping_duration: 2765444.597760007
tot_uptimes: 720
tot_uptimes_duration: 43200.01823999314
