comms_cons: 286.2981440175264
finished_reconf: true
global_termination_time: 2808973.313
local_termination_time: 1379270.7723599998
node_cons: 57852.222786700426
tot_aggregated_send: 38802
tot_msg_rcv: 1752
tot_msg_sent: 2962
tot_reconf_duration: 5.43
tot_sleeping_duration: 2765773.276520014
tot_uptimes: 720
tot_uptimes_duration: 43200.036479986215
