comms_cons: 112.3961344062382
finished_reconf: true
global_termination_time: 638258.534
local_termination_time: 38333.797840000116
node_cons: 13101.951980000016
tot_aggregated_send: 0
tot_msg_rcv: 8723
tot_msg_sent: 8359
tot_reconf_duration: 4.8100000000000005
tot_sleeping_duration: 628478.534
tot_uptimes: 164
tot_uptimes_duration: 9780.0
