comms_cons: 386.83064287583863
finished_reconf: true
global_termination_time: 2568235.873
local_termination_time: 1900645.3403599998
node_cons: 52791.94080446656
tot_aggregated_send: 0
tot_msg_rcv: 29658
tot_msg_sent: 29138
tot_reconf_duration: 6.279999999999999
tot_sleeping_duration: 2528815.8486800096
tot_uptimes: 658
tot_uptimes_duration: 39420.02431999054
