comms_cons: 949.3646072026121
finished_reconf: true
global_termination_time: 2564153.716
local_termination_time: 1899138.7925999998
node_cons: 155584.03706258
tot_aggregated_send: 0
tot_msg_rcv: 58260
tot_msg_sent: 86037
tot_reconf_duration: 5.57
tot_sleeping_duration: 2447965.162600011
tot_uptimes: 1906
tot_uptimes_duration: 116188.55339998878
