comms_cons: 385.76129247719905
finished_reconf: true
global_termination_time: 2564153.716
local_termination_time: 1899137.3125999996
node_cons: 52709.99836446634
tot_aggregated_send: 0
tot_msg_rcv: 29510
tot_msg_sent: 29123
tot_reconf_duration: 5.1
tot_sleeping_duration: 2524793.6916800095
tot_uptimes: 657
tot_uptimes_duration: 39360.02431999054
