comms_cons: 260.2025599925826
finished_reconf: true
global_termination_time: 2564267.649
local_termination_time: 1054783.8475999988
node_cons: 52714.05878446664
tot_aggregated_send: 34974
tot_msg_rcv: 1730
tot_msg_sent: 2844
tot_reconf_duration: 8.09
tot_sleeping_duration: 2524907.6246800097
tot_uptimes: 657
tot_uptimes_duration: 39360.02431999054
