comms_cons: 259.7525504030492
finished_reconf: true
global_termination_time: 2569100.269
local_termination_time: 1039518.6983599999
node_cons: 52795.800226700485
tot_aggregated_send: 34568
tot_msg_rcv: 1777
tot_msg_sent: 3135
tot_reconf_duration: 9.11
tot_sleeping_duration: 2529680.2325200136
tot_uptimes: 658
tot_uptimes_duration: 39420.03647998604
