comms_cons: 256.5284223941092
finished_reconf: true
global_termination_time: 2564066.6991199967
local_termination_time: 586252.8316399992
node_cons: 52755.54898749282
tot_aggregated_send: 36076
tot_msg_rcv: 1008
tot_msg_sent: 1905
tot_reconf_duration: 22.65
tot_sleeping_duration: 2524690.4554400165
tot_uptimes: 657
tot_uptimes_duration: 39376.24367998028
