comms_cons: 257.2006655896162
finished_reconf: true
global_termination_time: 2568726.969
local_termination_time: 807536.6005599996
node_cons: 52789.96896781708
tot_aggregated_send: 35670
tot_msg_rcv: 1153
tot_msg_sent: 2270
tot_reconf_duration: 4.8100000000000005
tot_sleeping_duration: 2529306.9264400164
tot_uptimes: 658
tot_uptimes_duration: 39420.04255998344
