comms_cons: 253.6106751902559
finished_reconf: true
global_termination_time: 2564390.93
local_termination_time: 1462720.0305999997
node_cons: 52711.519324466484
tot_aggregated_send: 35786
tot_msg_rcv: 902
tot_msg_sent: 1860
tot_reconf_duration: 6.22
tot_sleeping_duration: 2525030.9056800096
tot_uptimes: 657
tot_uptimes_duration: 39360.02431999054
