comms_cons: 324.56611841942924
finished_reconf: true
global_termination_time: 3247780.972
local_termination_time: 226018.15936000005
node_cons: 66787.35873228499
tot_aggregated_send: 45298
tot_msg_rcv: 1250
tot_msg_sent: 2784
tot_reconf_duration: 18.21
tot_sleeping_duration: 3197920.905120025
tot_uptimes: 832
tot_uptimes_duration: 49860.06687997491
