comms_cons: 315.8147583966986
finished_reconf: true
global_termination_time: 3244122.659
local_termination_time: 1961688.8533599998
node_cons: 66716.57368223231
tot_aggregated_send: 45472
tot_msg_rcv: 866
tot_msg_sent: 1664
tot_reconf_duration: 25.299999999999997
tot_sleeping_duration: 3194322.6468400047
tot_uptimes: 831
tot_uptimes_duration: 49800.01215999527
