comms_cons: 321.610687983525
finished_reconf: true
global_termination_time: 3245433.612
local_termination_time: 1607768.51136
node_cons: 66774.93580334922
tot_aggregated_send: 44834
tot_msg_rcv: 1371
tot_msg_sent: 2677
tot_reconf_duration: 9.11
tot_sleeping_duration: 3195573.5937600075
tot_uptimes: 832
tot_uptimes_duration: 49860.0182399929
