comms_cons: 323.28699520892695
finished_reconf: true
global_termination_time: 3246340.816
local_termination_time: 1360782.8989999988
node_cons: 66775.36492446582
tot_aggregated_send: 45298
tot_msg_rcv: 1284
tot_msg_sent: 2555
tot_reconf_duration: 9.42
tot_sleeping_duration: 3196480.7916800096
tot_uptimes: 832
tot_uptimes_duration: 49860.02431999054
