comms_cons: 323.7314368100482
finished_reconf: true
global_termination_time: 3244021.343
local_termination_time: 567231.7907999995
node_cons: 66688.81339116825
tot_aggregated_send: 45124
tot_msg_rcv: 1517
tot_msg_sent: 2563
tot_reconf_duration: 4.8100000000000005
tot_sleeping_duration: 3194221.2822000226
tot_uptimes: 831
tot_uptimes_duration: 49800.06079997728
