comms_cons: 323.0340224039404
finished_reconf: true
global_termination_time: 3245327.708
local_termination_time: 668957.4307599991
node_cons: 66766.73074669964
tot_aggregated_send: 44776
tot_msg_rcv: 1414
tot_msg_sent: 2909
tot_reconf_duration: 3.05
tot_sleeping_duration: 3195467.6715200143
tot_uptimes: 832
tot_uptimes_duration: 49860.03647998581
