comms_cons: 322.7097600124746
finished_reconf: true
global_termination_time: 3244224.556
local_termination_time: 694335.0241599984
node_cons: 66692.85212446601
tot_aggregated_send: 45008
tot_msg_rcv: 1381
tot_msg_sent: 2661
tot_reconf_duration: 7.819999999999999
tot_sleeping_duration: 3194424.5316800093
tot_uptimes: 831
tot_uptimes_duration: 49800.02431999054
