comms_cons: 230.17989118193526
finished_reconf: true
global_termination_time: 2290023.512
local_termination_time: 855865.2763599998
node_cons: 47086.82848334986
tot_aggregated_send: 32074
tot_msg_rcv: 1054
tot_msg_sent: 1858
tot_reconf_duration: 5.57
tot_sleeping_duration: 2254863.4937600074
tot_uptimes: 587
tot_uptimes_duration: 35160.0182399929
