comms_cons: 229.87066879803783
finished_reconf: true
global_termination_time: 2290059.064
local_termination_time: 1100310.5210799985
node_cons: 47085.234184466935
tot_aggregated_send: 32248
tot_msg_rcv: 949
tot_msg_sent: 1742
tot_reconf_duration: 4.390000000000001
tot_sleeping_duration: 2254899.039680009
tot_uptimes: 587
tot_uptimes_duration: 35160.02431999077
