comms_cons: 228.19297278540188
finished_reconf: true
global_termination_time: 2290039.003
local_termination_time: 319228.7383600001
node_cons: 47086.654645592775
tot_aggregated_send: 31958
tot_msg_rcv: 865
tot_msg_sent: 1861
tot_reconf_duration: 5.43
tot_sleeping_duration: 2254878.972600005
tot_uptimes: 587
tot_uptimes_duration: 35160.03039999504
