comms_cons: 65.6149887982579
finished_reconf: true
global_termination_time: 647184.67
local_termination_time: 19689.88712
node_cons: 13263.696624475122
tot_aggregated_send: 8816
tot_msg_rcv: 404
tot_msg_sent: 753
tot_reconf_duration: 5.57
tot_sleeping_duration: 637284.6456800037
tot_uptimes: 166
tot_uptimes_duration: 9900.024319996344
