comms_cons: 67.97204479892913
finished_reconf: true
global_termination_time: 646617.68548
local_termination_time: 29830.34436
node_cons: 13290.707479922768
tot_aggregated_send: 8062
tot_msg_rcv: 749
tot_msg_sent: 1522
tot_reconf_duration: 11.31
tot_sleeping_duration: 636703.310199998
tot_uptimes: 166
tot_uptimes_duration: 9914.37528000206
