comms_cons: 12.076774399832328
finished_reconf: true
global_termination_time: 91787.849
local_termination_time: 36441.07436000001
node_cons: 1872.5736033585922
tot_aggregated_send: 696
tot_msg_rcv: 588
tot_msg_sent: 552
tot_reconf_duration: 18.21
tot_sleeping_duration: 90407.83076000104
tot_uptimes: 24
tot_uptimes_duration: 1380.0182399989499
