comms_cons: 11.790553600045772
finished_reconf: true
global_termination_time: 90281.207
local_termination_time: 32523.658440000003
node_cons: 1854.392685600318
tot_aggregated_send: 638
tot_msg_rcv: 450
tot_msg_sent: 704
tot_reconf_duration: 4.8100000000000005
tot_sleeping_duration: 88901.17659999976
tot_uptimes: 24
tot_uptimes_duration: 1380.030400000236
