comms_cons: 194.0322879777392
finished_reconf: true
global_termination_time: 1885723.732
local_termination_time: 63093.03848000001
node_cons: 38754.752675653835
tot_aggregated_send: 25346
tot_msg_rcv: 1534
tot_msg_sent: 2610
tot_reconf_duration: 22.65
tot_sleeping_duration: 1856803.6468800195
tot_uptimes: 483
tot_uptimes_duration: 28920.08511998062
