comms_cons: 626.7699846064311
finished_reconf: true
global_termination_time: 3192916.84
local_termination_time: 619.3924799999992
node_cons: 65662.5417444666
tot_aggregated_send: 0
tot_msg_rcv: 47879
tot_msg_sent: 47386
tot_reconf_duration: 18.21
tot_sleeping_duration: 3143896.815680009
tot_uptimes: 818
tot_uptimes_duration: 49020.024319991004
