comms_cons: 316.27495678351715
finished_reconf: true
global_termination_time: 3189619.688
local_termination_time: 1607768.51136
node_cons: 65569.83580334927
tot_aggregated_send: 44022
tot_msg_rcv: 1372
tot_msg_sent: 2677
tot_reconf_duration: 9.11
tot_sleeping_duration: 3140659.6697600074
tot_uptimes: 817
tot_uptimes_duration: 48960.0182399929
