comms_cons: 317.9700288093298
finished_reconf: true
global_termination_time: 3193547.791
local_termination_time: 1360782.8989999988
node_cons: 65650.6130655873
tot_aggregated_send: 44486
tot_msg_rcv: 1286
tot_msg_sent: 2556
tot_reconf_duration: 9.42
tot_sleeping_duration: 3144527.7606000085
tot_uptimes: 818
tot_uptimes_duration: 49020.03039999161
