comms_cons: 321.2280512074174
finished_reconf: true
global_termination_time: 3193561.322
local_termination_time: 166906.81948000006
node_cons: 65663.25601117189
tot_aggregated_send: 44486
tot_msg_rcv: 1499
tot_msg_sent: 2839
tot_reconf_duration: 18.700000000000003
tot_sleeping_duration: 3144541.26120002
tot_uptimes: 818
tot_uptimes_duration: 49020.06079998001
