comms_cons: 323.0017536278385
finished_reconf: true
global_termination_time: 3191775.982
local_termination_time: 668957.4307599991
node_cons: 65641.99517005082
tot_aggregated_send: 43964
tot_msg_rcv: 1698
tot_msg_sent: 3433
tot_reconf_duration: 3.05
tot_sleeping_duration: 3142755.9272800204
tot_uptimes: 818
tot_uptimes_duration: 49020.054719979176
