comms_cons: 321.6768256217035
finished_reconf: true
global_termination_time: 3190541.523
local_termination_time: 1244263.8505199992
node_cons: 65645.20278670016
tot_aggregated_send: 43210
tot_msg_rcv: 1965
tot_msg_sent: 3718
tot_reconf_duration: 5.43
tot_sleeping_duration: 3141521.486520014
tot_uptimes: 818
tot_uptimes_duration: 49020.03647998627
