comms_cons: 111.71153919101906
finished_reconf: true
global_termination_time: 1092745.369
local_termination_time: 173433.74204000077
node_cons: 22423.339324471963
tot_aggregated_send: 14906
tot_msg_rcv: 795
tot_msg_sent: 1278
tot_reconf_duration: 6.22
tot_sleeping_duration: 1076005.3446800062
tot_uptimes: 280
tot_uptimes_duration: 16740.024319993972
