comms_cons: 429.3300992092793
finished_reconf: true
global_termination_time: 4414893.764
local_termination_time: 2665131.3116399995
node_cons: 90792.74452223156
tot_aggregated_send: 60610
tot_msg_rcv: 1599
tot_msg_sent: 3046
tot_reconf_duration: 6.279999999999999
tot_sleeping_duration: 4347093.751840005
tot_uptimes: 1131
tot_uptimes_duration: 67800.01215999527
