comms_cons: 444.8656448660169
finished_reconf: true
global_termination_time: 4412227.517
local_termination_time: 1178150.493999999
node_cons: 90795.2187844656
tot_aggregated_send: 60784
tot_msg_rcv: 2364
tot_msg_sent: 4467
tot_reconf_duration: 8.09
tot_sleeping_duration: 4344427.492680009
tot_uptimes: 1130
tot_uptimes_duration: 67800.024319991
