comms_cons: 406.4503996555498
finished_reconf: true
global_termination_time: 2046707.3816
local_termination_time: 1795.8363600000002
node_cons: 42143.51545734796
tot_aggregated_send: 0
tot_msg_rcv: 31369
tot_msg_sent: 30406
tot_reconf_duration: 18.21
tot_sleeping_duration: 2015251.9773600088
tot_uptimes: 525
tot_uptimes_duration: 31455.404239991272
