comms_cons: 203.6202879902489
finished_reconf: true
global_termination_time: 2047072.222
local_termination_time: 643987.0073599998
node_cons: 42118.68752111646
tot_aggregated_send: 29348
tot_msg_rcv: 571
tot_msg_sent: 1030
tot_reconf_duration: 15.110000000000001
tot_sleeping_duration: 2015632.2159200024
tot_uptimes: 525
tot_uptimes_duration: 31440.006079997635
