comms_cons: 408.4807804516349
finished_reconf: true
global_termination_time: 2046765.268
local_termination_time: 1187.5144800000025
node_cons: 42128.98382894355
tot_aggregated_send: 0
tot_msg_rcv: 31694
tot_msg_sent: 30392
tot_reconf_duration: 22.65
tot_sleeping_duration: 2015325.219360012
tot_uptimes: 525
tot_uptimes_duration: 31440.048639987974
