comms_cons: 203.0807935921453
finished_reconf: true
global_termination_time: 2047724.929
local_termination_time: 578561.2032799993
node_cons: 42114.320199999675
tot_aggregated_send: 29348
tot_msg_rcv: 486
tot_msg_sent: 1033
tot_reconf_duration: 11.899999999999999
tot_sleeping_duration: 2016284.929
tot_uptimes: 525
tot_uptimes_duration: 31440.0
