comms_cons: 212.01409917246932
finished_reconf: true
global_termination_time: 2047829.318
local_termination_time: 44254.21428000007
node_cons: 42102.416679053626
tot_aggregated_send: 26912
tot_msg_rcv: 1815
tot_msg_sent: 3498
tot_reconf_duration: 3.05
tot_sleeping_duration: 2016389.2322800194
tot_uptimes: 525
tot_uptimes_duration: 31440.08571998056
