comms_cons: 84.26044159731177
finished_reconf: true
global_termination_time: 827008.372
local_termination_time: 424889.7963200002
node_cons: 16955.971486719434
tot_aggregated_send: 11194
tot_msg_rcv: 560
tot_msg_sent: 1053
tot_reconf_duration: 3.08
tot_sleeping_duration: 814348.3355200004
tot_uptimes: 212
tot_uptimes_duration: 12660.036479999544
