comms_cons: 84.67430399723185
finished_reconf: true
global_termination_time: 828751.675
local_termination_time: 372303.1852800003
node_cons: 17046.974523350535
tot_aggregated_send: 11310
tot_msg_rcv: 577
tot_msg_sent: 983
tot_reconf_duration: 10.95
tot_sleeping_duration: 816031.6567600071
tot_uptimes: 213
tot_uptimes_duration: 12720.018239992904
