comms_cons: 342.84176643467225
finished_reconf: true
global_termination_time: 3408500.647
local_termination_time: 1139074.95836
node_cons: 70063.0445444668
tot_aggregated_send: 47328
tot_msg_rcv: 1532
tot_msg_sent: 3251
tot_reconf_duration: 4.8100000000000005
tot_sleeping_duration: 3356180.622680009
tot_uptimes: 873
tot_uptimes_duration: 52320.02431999124
