comms_cons: 11.390476799883814
finished_reconf: true
global_termination_time: 89325.14179999984
local_termination_time: 89325.10067999984
node_cons: 1852.1313074392183
tot_aggregated_send: 670
tot_msg_rcv: 447
tot_msg_sent: 615
tot_reconf_duration: 37.410000000000004
tot_sleeping_duration: 87979.86284000042
tot_uptimes: 23
tot_uptimes_duration: 1345.2789599994212
