comms_cons: 11.928563200017408
finished_reconf: true
global_termination_time: 90134.787
local_termination_time: 17485.57536
node_cons: 1873.2390233597293
tot_aggregated_send: 580
tot_msg_rcv: 484
tot_msg_sent: 749
tot_reconf_duration: 18.700000000000003
tot_sleeping_duration: 88754.7687600002
tot_uptimes: 24
tot_uptimes_duration: 1380.0182399998012
