comms_cons: 11.648601599925456
finished_reconf: true
global_termination_time: 89325.96323999991
local_termination_time: 14602.284360000001
node_cons: 1802.7623516001802
tot_aggregated_send: 464
tot_msg_rcv: 550
tot_msg_sent: 759
tot_reconf_duration: 10.95
tot_sleeping_duration: 87990.71883999977
tot_uptimes: 23
tot_uptimes_duration: 1335.2444000001342
