comms_cons: 10.876672000032173
finished_reconf: true
global_termination_time: 90304.117
local_termination_time: 24875.329080000003
node_cons: 1855.2102222394426
tot_aggregated_send: 696
tot_msg_rcv: 355
tot_msg_sent: 604
tot_reconf_duration: 5.43
tot_sleeping_duration: 88924.10484000041
tot_uptimes: 24
tot_uptimes_duration: 1380.0121599995837
