comms_cons: 161.09741438948765
finished_reconf: true
global_termination_time: 1607721.772
local_termination_time: 783366.1893999991
node_cons: 33023.92263999998
tot_aggregated_send: 22504
tot_msg_rcv: 648
tot_msg_sent: 1333
tot_reconf_duration: 3.08
tot_sleeping_duration: 1583061.772
tot_uptimes: 412
tot_uptimes_duration: 24660.0
