comms_cons: 160.5777663910888
finished_reconf: true
global_termination_time: 1604561.889
local_termination_time: 455135.5922000002
node_cons: 32956.55154000005
tot_aggregated_send: 22620
tot_msg_rcv: 638
tot_msg_sent: 1149
tot_reconf_duration: 12.629999999999999
tot_sleeping_duration: 1579961.889
tot_uptimes: 411
tot_uptimes_duration: 24600.0
