comms_cons: 63.44980480021409
finished_reconf: true
global_termination_time: 637262.007
local_termination_time: 1376.1673600000001
node_cons: 13103.948240000018
tot_aggregated_send: 9164
tot_msg_rcv: 195
tot_msg_sent: 285
tot_reconf_duration: 6.279999999999999
tot_sleeping_duration: 627482.007
tot_uptimes: 164
tot_uptimes_duration: 9780.0
