comms_cons: 64.40455679962264
finished_reconf: true
global_termination_time: 640601.511
local_termination_time: 14744.08224
node_cons: 13184.369720000017
tot_aggregated_send: 9106
tot_msg_rcv: 282
tot_msg_sent: 401
tot_reconf_duration: 6.34
tot_sleeping_duration: 630761.511
tot_uptimes: 165
tot_uptimes_duration: 9840.0
