comms_cons: 62.403711999984196
finished_reconf: true
global_termination_time: 637264.02
local_termination_time: 104560.26475999948
node_cons: 13101.951980000014
tot_aggregated_send: 9280
tot_msg_rcv: 35
tot_msg_sent: 170
tot_reconf_duration: 4.8100000000000005
tot_sleeping_duration: 627484.02
tot_uptimes: 164
tot_uptimes_duration: 9780.0
