comms_cons: 63.193215998515974
finished_reconf: true
global_termination_time: 637942.335
local_termination_time: 1367.5825600000012
node_cons: 13102.793940000018
tot_aggregated_send: 9164
tot_msg_rcv: 155
tot_msg_sent: 286
tot_reconf_duration: 5.43
tot_sleeping_duration: 628162.335
tot_uptimes: 164
tot_uptimes_duration: 9780.0
