comms_cons: 277.06169602040876
finished_reconf: true
global_termination_time: 2808070.179
local_termination_time: 6989.998
node_cons: 57854.455345583134
tot_aggregated_send: 38910
tot_msg_rcv: 989
tot_msg_sent: 2212
tot_reconf_duration: 7.08
tot_sleeping_duration: 2764870.1486000116
tot_uptimes: 720
tot_uptimes_duration: 43200.03039998817
