comms_cons: 273.8789376164941
finished_reconf: true
global_termination_time: 2811054.726
local_termination_time: 6702.62
node_cons: 57860.75646558313
tot_aggregated_send: 39022
tot_msg_rcv: 973
tot_msg_sent: 1633
tot_reconf_duration: 11.719999999999999
tot_sleeping_duration: 2767854.6956000114
tot_uptimes: 720
tot_uptimes_duration: 43200.03039998817
