comms_cons: 280.92940160426366
finished_reconf: true
global_termination_time: 2808014.868
local_termination_time: 5032.906
node_cons: 57855.08546446629
tot_aggregated_send: 39142
tot_msg_rcv: 1066
tot_msg_sent: 2490
tot_reconf_duration: 7.55
tot_sleeping_duration: 2764814.8436800092
tot_uptimes: 720
tot_uptimes_duration: 43200.02431999054
