comms_cons: 29.152435200982296
finished_reconf: true
global_termination_time: 280208.274
local_termination_time: 133597.911360001
node_cons: 5722.972644161634
tot_aggregated_send: 3654
tot_msg_rcv: 315
tot_msg_sent: 462
tot_reconf_duration: 9.11
tot_sleeping_duration: 275943.4485599988
tot_uptimes: 72
tot_uptimes_duration: 4264.825440001201
