comms_cons: 54.72814080515774
finished_reconf: true
global_termination_time: 275233.966
local_termination_time: 6325.428360000001
node_cons: 5654.5749822428625
tot_aggregated_send: 0
tot_msg_rcv: 4277
tot_msg_sent: 4041
tot_reconf_duration: 22.65
tot_sleeping_duration: 271033.9538399979
tot_uptimes: 71
tot_uptimes_duration: 4200.012160002134
