comms_cons: 29.11850880055789
finished_reconf: true
global_termination_time: 275226.262
local_termination_time: 59312.68676000018
node_cons: 5636.616783363156
tot_aggregated_send: 3480
tot_msg_rcv: 370
tot_msg_sent: 575
tot_reconf_duration: 9.42
tot_sleeping_duration: 271026.24375999765
tot_uptimes: 71
tot_uptimes_duration: 4200.018240002355
