comms_cons: 291.46915201234947
finished_reconf: true
global_termination_time: 2945700.999
local_termination_time: 1906586.264
node_cons: 60594.25300111559
tot_aggregated_send: 42449
tot_msg_rcv: 581
tot_msg_sent: 1271
tot_reconf_duration: 13.17
tot_sleeping_duration: 2900460.9929200024
tot_uptimes: 755
tot_uptimes_duration: 45240.006079997635
