comms_cons: 297.54512002681537
finished_reconf: true
global_termination_time: 2944528.67448
local_termination_time: 2944528.63336
node_cons: 60628.20121212589
tot_aggregated_send: 40818
tot_msg_rcv: 1481
tot_msg_sent: 2926
tot_reconf_duration: 24.59
tot_sleeping_duration: 2899274.8970400244
tot_uptimes: 755
tot_uptimes_duration: 45253.77743997559
