comms_cons: 297.5244096284196
finished_reconf: true
global_termination_time: 2951245.447
local_termination_time: 353705.4972400009
node_cons: 60664.26536341254
tot_aggregated_send: 40600
tot_msg_rcv: 1425
tot_msg_sent: 3198
tot_reconf_duration: 5.43
tot_sleeping_duration: 2905945.30404002
tot_uptimes: 756
tot_uptimes_duration: 45300.14295998035
