comms_cons: 36.02174720048254
finished_reconf: true
global_termination_time: 358336.92
local_termination_time: 173437.26176000087
node_cons: 7347.278095762591
tot_aggregated_send: 4930
tot_msg_rcv: 205
tot_msg_sent: 341
tot_reconf_duration: 18.21
tot_sleeping_duration: 352868.2501599981
tot_uptimes: 92
tot_uptimes_duration: 5468.669840001938
