comms_cons: 35.52172800011339
finished_reconf: true
global_termination_time: 362543.726
local_termination_time: 116167.13847999997
node_cons: 7401.907701119169
tot_aggregated_send: 4930
tot_msg_rcv: 180
tot_msg_sent: 290
tot_reconf_duration: 7.819999999999999
tot_sleeping_duration: 357023.7199200007
tot_uptimes: 93
tot_uptimes_duration: 5520.006079999366
