comms_cons: 13.620198399716655
finished_reconf: true
global_termination_time: 105868.669
local_termination_time: 34392.53484000012
node_cons: 2190.0524255980313
tot_aggregated_send: 464
tot_msg_rcv: 620
tot_msg_sent: 986
tot_reconf_duration: 15.34
tot_sleeping_duration: 104248.63860000146
tot_uptimes: 28
tot_uptimes_duration: 1620.0303999985335
