comms_cons: 13.698163199985249
finished_reconf: true
global_termination_time: 105463.601
local_termination_time: 30210.11136
node_cons: 2176.7847656003155
tot_aggregated_send: 754
tot_msg_rcv: 512
tot_msg_sent: 816
tot_reconf_duration: 5.57
tot_sleeping_duration: 103843.57059999976
tot_uptimes: 28
tot_uptimes_duration: 1620.030400000236
