comms_cons: 14.472223999849163
finished_reconf: true
global_termination_time: 107300.945
local_termination_time: 37427.0074800001
node_cons: 2187.1055655991736
tot_aggregated_send: 696
tot_msg_rcv: 659
tot_msg_sent: 845
tot_reconf_duration: 13.17
tot_sleeping_duration: 105680.91460000061
tot_uptimes: 28
tot_uptimes_duration: 1620.0303999993848
