comms_cons: 16.460556800051474
finished_reconf: true
global_termination_time: 106624.877
local_termination_time: 40859.401640000084
node_cons: 2181.5839444777453
tot_aggregated_send: 522
tot_msg_rcv: 931
tot_msg_sent: 1049
tot_reconf_duration: 9.11
tot_sleeping_duration: 105004.85268000168
tot_uptimes: 28
tot_uptimes_duration: 1620.024319998316
