comms_cons: 13.642310399767418
finished_reconf: true
global_termination_time: 106037.805
local_termination_time: 7469.340360000001
node_cons: 2179.8728300797766
tot_aggregated_send: 638
tot_msg_rcv: 505
tot_msg_sent: 930
tot_reconf_duration: 7.819999999999999
tot_sleeping_duration: 104417.75028000017
tot_uptimes: 28
tot_uptimes_duration: 1620.0547199998327
