comms_cons: 23.547584000492545
finished_reconf: true
global_termination_time: 218236.952
local_termination_time: 57373.353360000016
node_cons: 4424.702325600329
tot_aggregated_send: 2262
tot_msg_rcv: 443
tot_msg_sent: 875
tot_reconf_duration: 4.390000000000001
tot_sleeping_duration: 214936.92159999974
tot_uptimes: 56
tot_uptimes_duration: 3300.030400000236
