comms_cons: 1.736908799997681
finished_reconf: true
global_termination_time: 12687.633
local_termination_time: 8804.83236
node_cons: 266.41460000000126
tot_aggregated_send: 0
tot_msg_rcv: 141
tot_msg_sent: 123
tot_reconf_duration: 18.700000000000003
tot_sleeping_duration: 12507.633
tot_uptimes: 4
tot_uptimes_duration: 180.00000000000023
