comms_cons: 1.5066367999950228
finished_reconf: true
global_termination_time: 13554.699
local_termination_time: 7027.06636
node_cons: 256.3789800000018
tot_aggregated_send: 0
tot_msg_rcv: 121
tot_msg_sent: 108
tot_reconf_duration: 11.31
tot_sleeping_duration: 13374.698999999999
tot_uptimes: 4
tot_uptimes_duration: 180.0
