comms_cons: 457.88620808056163
finished_reconf: true
global_termination_time: 4556150.162239998
local_termination_time: 440750.73036000005
node_cons: 93702.53149611266
tot_aggregated_send: 62756
tot_msg_rcv: 2124
tot_msg_sent: 4714
tot_reconf_duration: 5.1
tot_sleeping_duration: 4486175.8488000315
tot_uptimes: 1167
tot_uptimes_duration: 69974.31343996659
