comms_cons: 456.8451648690354
finished_reconf: true
global_termination_time: 4558746.606
local_termination_time: 754968.1747999984
node_cons: 93774.76255340103
tot_aggregated_send: 63510
tot_msg_rcv: 2210
tot_msg_sent: 3717
tot_reconf_duration: 13.17
tot_sleeping_duration: 4488726.533040026
tot_uptimes: 1168
tot_uptimes_duration: 70020.07295997278
