comms_cons: 460.76111370646896
finished_reconf: true
global_termination_time: 4557848.028
local_termination_time: 1743292.7362799994
node_cons: 93772.19596781688
tot_aggregated_send: 62872
tot_msg_rcv: 2348
tot_msg_sent: 4813
tot_reconf_duration: 11.31
tot_sleeping_duration: 4487827.985440015
tot_uptimes: 1168
tot_uptimes_duration: 70020.0425599846
