comms_cons: 709.9277441437947
finished_reconf: true
global_termination_time: 7194723.138
local_termination_time: 3320735.8506799983
node_cons: 148029.1134842153
tot_aggregated_send: 99528
tot_msg_rcv: 2698
tot_msg_sent: 5679
tot_reconf_duration: 25.299999999999997
tot_sleeping_duration: 7084196.807840015
tot_uptimes: 1843
tot_uptimes_duration: 110526.33015998546
