comms_cons: 701.5650945039785
finished_reconf: true
global_termination_time: 7192115.816
local_termination_time: 4058558.457
node_cons: 147918.34394446344
tot_aggregated_send: 100041
tot_msg_rcv: 2232
tot_msg_sent: 4360
tot_reconf_duration: 9.11
tot_sleeping_duration: 7081655.791680008
tot_uptimes: 1842
tot_uptimes_duration: 110460.02431999147
