comms_cons: 724.8729217966834
finished_reconf: true
global_termination_time: 7196463.588
local_termination_time: 945823.7665199982
node_cons: 147990.51145228246
tot_aggregated_send: 98716
tot_msg_rcv: 3847
tot_msg_sent: 7612
tot_reconf_duration: 3.05
tot_sleeping_duration: 7085943.521120025
tot_uptimes: 1843
tot_uptimes_duration: 110520.06687997561
