comms_cons: 135.38663038812956
finished_reconf: true
global_termination_time: 1339535.5772400002
local_termination_time: 494159.0587200001
node_cons: 27622.063563827644
tot_aggregated_send: 18444
tot_msg_rcv: 729
tot_msg_sent: 1403
tot_reconf_duration: 18.21
tot_sleeping_duration: 1318925.1706800095
tot_uptimes: 344
tot_uptimes_duration: 20610.40655999072
