comms_cons: 233.052044660879
finished_reconf: true
global_termination_time: 1342613.447
local_termination_time: 670737.1704799999
node_cons: 27563.168262233783
tot_aggregated_send: 0
tot_msg_rcv: 17844
tot_msg_sent: 17578
tot_reconf_duration: 4.8100000000000005
tot_sleeping_duration: 1322033.4348400047
tot_uptimes: 344
tot_uptimes_duration: 20580.01215999527
