comms_cons: 232.1130046620302
finished_reconf: true
global_termination_time: 1342698.04
local_termination_time: 673738.7343599999
node_cons: 27560.76190000011
tot_aggregated_send: 0
tot_msg_rcv: 17760
tot_msg_sent: 17519
tot_reconf_duration: 3.05
tot_sleeping_duration: 1322118.04
tot_uptimes: 344
tot_uptimes_duration: 20580.0
