comms_cons: 2.4737791999967014
finished_reconf: true
global_termination_time: 17512.257
local_termination_time: 4887.86336
node_cons: 346.08918000000006
tot_aggregated_send: 0
tot_msg_rcv: 217
tot_msg_sent: 159
tot_reconf_duration: 18.21
tot_sleeping_duration: 17272.257
tot_uptimes: 5
tot_uptimes_duration: 240.0
