comms_cons: 3.8948863999871266
finished_reconf: true
global_termination_time: 15078.654
local_termination_time: 7125.63748
node_cons: 245.21078112000615
tot_aggregated_send: 0
tot_msg_rcv: 417
tot_msg_sent: 175
tot_reconf_duration: 3.08
tot_sleeping_duration: 14898.647919999996
tot_uptimes: 4
tot_uptimes_duration: 180.00608000000466
