comms_cons: 1.6711167999965901
finished_reconf: true
global_termination_time: 18958.121
local_termination_time: 6152.34736
node_cons: 325.50189999999907
tot_aggregated_send: 0
tot_msg_rcv: 132
tot_msg_sent: 122
tot_reconf_duration: 3.05
tot_sleeping_duration: 18718.121
tot_uptimes: 5
tot_uptimes_duration: 240.0
