comms_cons: 49.613747200924955
finished_reconf: true
global_termination_time: 489482.383
local_termination_time: 240156.53724000047
node_cons: 10073.266841121436
tot_aggregated_send: 6670
tot_msg_rcv: 309
tot_msg_sent: 562
tot_reconf_duration: 22.65
tot_sleeping_duration: 481982.3769199989
tot_uptimes: 126
tot_uptimes_duration: 7500.006080001069
