comms_cons: 49.91847040124784
finished_reconf: true
global_termination_time: 488566.964
local_termination_time: 36593.32936000001
node_cons: 10076.914387847753
tot_aggregated_send: 6554
tot_msg_rcv: 354
tot_msg_sent: 679
tot_reconf_duration: 25.299999999999997
tot_sleeping_duration: 481066.92143999424
tot_uptimes: 126
tot_uptimes_duration: 7500.042560005779
