comms_cons: 188.80404479283527
finished_reconf: true
global_termination_time: 1921359.891
local_termination_time: 1320191.7435599994
node_cons: 39535.73490111655
tot_aggregated_send: 26738
tot_msg_rcv: 722
tot_msg_sent: 1236
tot_reconf_duration: 6.22
tot_sleeping_duration: 1891839.8849200024
tot_uptimes: 493
tot_uptimes_duration: 29520.006079997635
