comms_cons: 249.91305598328523
finished_reconf: true
global_termination_time: 2533873.886
local_termination_time: 351587.9523200007
node_cons: 52067.94918893849
tot_aggregated_send: 34974
tot_msg_rcv: 1086
tot_msg_sent: 1923
tot_reconf_duration: 5.57
tot_sleeping_duration: 2494993.837360015
tot_uptimes: 649
tot_uptimes_duration: 38880.04863998451
