comms_cons: 249.47557118514558
finished_reconf: true
global_termination_time: 2535557.162
local_termination_time: 1649828.5008399987
node_cons: 52156.04340334978
tot_aggregated_send: 35148
tot_msg_rcv: 990
tot_msg_sent: 1780
tot_reconf_duration: 11.31
tot_sleeping_duration: 2496617.143760007
tot_uptimes: 650
tot_uptimes_duration: 38940.0182399929
