comms_cons: 194.3179263100299
finished_reconf: true
global_termination_time: 1408655.348
local_termination_time: 582458.9104799998
node_cons: 28928.948262233785
tot_aggregated_send: 0
tot_msg_rcv: 14970
tot_msg_sent: 14567
tot_reconf_duration: 4.8100000000000005
tot_sleeping_duration: 1387055.3358400047
tot_uptimes: 361
tot_uptimes_duration: 21600.01215999527
