comms_cons: 164.20692479002423
finished_reconf: true
global_termination_time: 1768453.984
local_termination_time: 5545.085
node_cons: 36426.52778335039
tot_aggregated_send: 23409
tot_msg_rcv: 568
tot_msg_sent: 981
tot_reconf_duration: 23.919999999999998
tot_sleeping_duration: 1741273.965760007
tot_uptimes: 453
tot_uptimes_duration: 27180.018239992904
