comms_cons: 2.8882687999958043
finished_reconf: true
global_termination_time: 17907.649
local_termination_time: 7040.96136
node_cons: 336.71898000000056
tot_aggregated_send: 0
tot_msg_rcv: 272
tot_msg_sent: 167
tot_reconf_duration: 11.31
tot_sleeping_duration: 17667.649
tot_uptimes: 5
tot_uptimes_duration: 240.0
