comms_cons: 348.90218241033324
finished_reconf: true
global_termination_time: 3532990.41
local_termination_time: 2311106.551399998
node_cons: 72635.81490111479
tot_aggregated_send: 49300
tot_msg_rcv: 1299
tot_msg_sent: 2433
tot_reconf_duration: 6.22
tot_sleeping_duration: 3478750.4039200023
tot_uptimes: 905
tot_uptimes_duration: 54240.006079997635
