comms_cons: 271.26664960487045
finished_reconf: true
global_termination_time: 2808654.892
local_termination_time: 7154.156
node_cons: 57852.828447817104
tot_aggregated_send: 39492
tot_msg_rcv: 553
tot_msg_sent: 1186
tot_reconf_duration: 5.87
tot_sleeping_duration: 2765454.8494400163
tot_uptimes: 720
tot_uptimes_duration: 43200.042559983674
