comms_cons: 282.30705279841715
finished_reconf: true
global_termination_time: 2809170.236
local_termination_time: 5229.635
node_cons: 57855.09360558376
tot_aggregated_send: 38968
tot_msg_rcv: 1315
tot_msg_sent: 2625
tot_reconf_duration: 7.55
tot_sleeping_duration: 2765970.205600011
tot_uptimes: 720
tot_uptimes_duration: 43200.03039998864
