comms_cons: 22.30251520054354
finished_reconf: true
global_termination_time: 197421.594
local_termination_time: 63092.99736000001
node_cons: 4047.80754672402
tot_aggregated_send: 2146
tot_msg_rcv: 502
tot_msg_sent: 741
tot_reconf_duration: 22.65
tot_sleeping_duration: 194421.557519997
tot_uptimes: 51
tot_uptimes_duration: 3000.0364800030075
