comms_cons: 19.723468799899848
finished_reconf: true
global_termination_time: 193398.91624000014
local_termination_time: 109986.02135999997
node_cons: 3962.2437004793687
tot_aggregated_send: 2320
tot_msg_rcv: 210
tot_msg_sent: 467
tot_reconf_duration: 4.8100000000000005
tot_sleeping_duration: 190444.6879200006
tot_uptimes: 50
tot_uptimes_duration: 2954.228319999529
