comms_cons: 365.67193602128594
finished_reconf: true
global_termination_time: 3670805.903
local_termination_time: 2089801.1524799997
node_cons: 75544.32917999815
tot_aggregated_send: 52432
tot_msg_rcv: 1076
tot_msg_sent: 2072
tot_reconf_duration: 18.21
tot_sleeping_duration: 3614405.903
tot_uptimes: 941
tot_uptimes_duration: 56400.0
