comms_cons: 722.5030154188827
finished_reconf: true
global_termination_time: 3672338.393
local_termination_time: 1090.8573600000002
node_cons: 75527.19662447076
tot_aggregated_send: 0
tot_msg_rcv: 55286
tot_msg_sent: 54529
tot_reconf_duration: 5.57
tot_sleeping_duration: 3615938.368680006
tot_uptimes: 941
tot_uptimes_duration: 56400.02431999444
