comms_cons: 722.0876874256612
finished_reconf: true
global_termination_time: 3670244.4305999978
local_termination_time: 694.0534799999991
node_cons: 75466.81207733942
tot_aggregated_send: 0
tot_msg_rcv: 55272
tot_msg_sent: 54482
tot_reconf_duration: 5.1
tot_sleeping_duration: 3613889.0263600117
tot_uptimes: 940
tot_uptimes_duration: 56355.404239985975
