comms_cons: 369.528601630917
finished_reconf: true
global_termination_time: 3672680.999
local_termination_time: 1173722.1064799998
node_cons: 75532.02022670029
tot_aggregated_send: 51040
tot_msg_rcv: 1697
tot_msg_sent: 3431
tot_reconf_duration: 9.11
tot_sleeping_duration: 3616280.962520013
tot_uptimes: 941
tot_uptimes_duration: 56400.036479986506
