comms_cons: 369.52922884511895
finished_reconf: true
global_termination_time: 3672997.972
local_termination_time: 1173728.8229599986
node_cons: 75540.17636781711
tot_aggregated_send: 51098
tot_msg_rcv: 1692
tot_msg_sent: 3377
tot_reconf_duration: 15.110000000000001
tot_sleeping_duration: 3616597.9294400155
tot_uptimes: 941
tot_uptimes_duration: 56400.04255998437
