comms_cons: 372.5038272555371
finished_reconf: true
global_termination_time: 3674062.891
local_termination_time: 2049458.21036
node_cons: 75526.16454446655
tot_aggregated_send: 50808
tot_msg_rcv: 2098
tot_msg_sent: 3712
tot_reconf_duration: 4.8100000000000005
tot_sleeping_duration: 3617662.8666800084
tot_uptimes: 941
tot_uptimes_duration: 56400.02431999124
