comms_cons: 371.13267205664164
finished_reconf: true
global_termination_time: 3674024.748
local_termination_time: 1753387.0593599996
node_cons: 75523.78260558337
tot_aggregated_send: 51156
tot_msg_rcv: 1884
tot_msg_sent: 3370
tot_reconf_duration: 3.05
tot_sleeping_duration: 3617624.717600011
tot_uptimes: 941
tot_uptimes_duration: 56400.030399989104
