comms_cons: 369.81338244106183
finished_reconf: true
global_termination_time: 3670992.517
local_termination_time: 1545634.80636
node_cons: 75530.26840670085
tot_aggregated_send: 51098
tot_msg_rcv: 1688
tot_msg_sent: 3423
tot_reconf_duration: 7.819999999999999
tot_sleeping_duration: 3614592.480520013
tot_uptimes: 941
tot_uptimes_duration: 56400.03647998697
