comms_cons: 78.36857600832681
finished_reconf: true
global_termination_time: 341990.884
local_termination_time: 379.44459999999987
node_cons: 7014.439437939194
tot_aggregated_send: 0
tot_msg_rcv: 6810
tot_msg_sent: 5094
tot_reconf_duration: 18.21
tot_sleeping_duration: 336770.7867199857
tot_uptimes: 88
tot_uptimes_duration: 5220.097280014334
