comms_cons: 35.415833599889694
finished_reconf: true
global_termination_time: 340661.68
local_termination_time: 11990.688280000002
node_cons: 7010.419861121439
tot_aggregated_send: 4524
tot_msg_rcv: 346
tot_msg_sent: 513
tot_reconf_duration: 15.34
tot_sleeping_duration: 335441.6739199989
tot_uptimes: 88
tot_uptimes_duration: 5220.006080001069
