comms_cons: 34.389478399968155
finished_reconf: true
global_termination_time: 338376.992
local_termination_time: 67528.51071999993
node_cons: 6916.828483362011
tot_aggregated_send: 4524
tot_msg_rcv: 239
tot_msg_sent: 464
tot_reconf_duration: 5.57
tot_sleeping_duration: 333216.9737599985
tot_uptimes: 87
tot_uptimes_duration: 5160.018240001504
