comms_cons: 35.40921600071637
finished_reconf: true
global_termination_time: 342990.812
local_termination_time: 77769.18323999971
node_cons: 7002.396783362018
tot_aggregated_send: 4524
tot_msg_rcv: 340
tot_msg_sent: 517
tot_reconf_duration: 9.42
tot_sleeping_duration: 337770.7937599985
tot_uptimes: 88
tot_uptimes_duration: 5220.018240001504
