comms_cons: 574.4641347667866
finished_reconf: true
global_termination_time: 2924268.249
local_termination_time: 2218774.7466
node_cons: 60125.103123349865
tot_aggregated_send: 0
tot_msg_rcv: 43946
tot_msg_sent: 43369
tot_reconf_duration: 22.65
tot_sleeping_duration: 2879388.2307600062
tot_uptimes: 749
tot_uptimes_duration: 44880.01823999337
