comms_cons: 292.6691328201698
finished_reconf: true
global_termination_time: 2922400.117
local_termination_time: 1259179.1274399986
node_cons: 60100.884544466906
tot_aggregated_send: 40890
tot_msg_rcv: 1214
tot_msg_sent: 2380
tot_reconf_duration: 4.8100000000000005
tot_sleeping_duration: 2877520.092680009
tot_uptimes: 749
tot_uptimes_duration: 44880.024319991004
