comms_cons: 290.9566656148579
finished_reconf: true
global_termination_time: 2921647.584
local_termination_time: 1133625.0563599998
node_cons: 60100.306043349854
tot_aggregated_send: 40774
tot_msg_rcv: 1183
tot_msg_sent: 2266
tot_reconf_duration: 4.390000000000001
tot_sleeping_duration: 2876767.5657600067
tot_uptimes: 749
tot_uptimes_duration: 44880.01823999337
