comms_cons: 391.16633606058383
finished_reconf: true
global_termination_time: 3883571.387239994
local_termination_time: 146082.36248000007
node_cons: 79920.73134828541
tot_aggregated_send: 53998
tot_msg_rcv: 1856
tot_msg_sent: 3600
tot_reconf_duration: 18.21
tot_sleeping_duration: 3823902.9763600184
tot_uptimes: 995
tot_uptimes_duration: 59668.41087997565
