comms_cons: 387.10180482432827
finished_reconf: true
global_termination_time: 3886223.67
local_termination_time: 1520239.369239998
node_cons: 79972.54378670627
tot_aggregated_send: 54752
tot_msg_rcv: 1469
tot_msg_sent: 2615
tot_reconf_duration: 15.34
tot_sleeping_duration: 3826513.653520009
tot_uptimes: 996
tot_uptimes_duration: 59710.01647999114
