comms_cons: 382.0237440150745
finished_reconf: true
global_termination_time: 3884317.906
local_termination_time: 2744175.0675599985
node_cons: 79864.90208223244
tot_aggregated_send: 54288
tot_msg_rcv: 1164
tot_msg_sent: 2613
tot_reconf_duration: 5.1
tot_sleeping_duration: 3824677.893840004
tot_uptimes: 995
tot_uptimes_duration: 59640.012159995735
