comms_cons: 390.1876736285134
finished_reconf: true
global_termination_time: 3886623.614
local_termination_time: 294502.02236000006
node_cons: 79969.12382893793
tot_aggregated_send: 53998
tot_msg_rcv: 1777
tot_msg_sent: 3532
tot_reconf_duration: 22.65
tot_sleeping_duration: 3826923.5653600153
tot_uptimes: 996
tot_uptimes_duration: 59700.048639984976
