comms_cons: 392.72266244250187
finished_reconf: true
global_termination_time: 3886730.225
local_termination_time: 361909.8363600001
node_cons: 79944.88896781647
tot_aggregated_send: 53012
tot_msg_rcv: 2261
tot_msg_sent: 4417
tot_reconf_duration: 4.8100000000000005
tot_sleeping_duration: 3827030.1824400164
tot_uptimes: 996
tot_uptimes_duration: 59700.04255998391
