comms_cons: 672.3613448044688
finished_reconf: true
global_termination_time: 3886180.046
local_termination_time: 1411828.5423599998
node_cons: 79953.69154446635
tot_aggregated_send: 0
tot_msg_rcv: 51466
tot_msg_sent: 50729
tot_reconf_duration: 11.31
tot_sleeping_duration: 3826480.021680009
tot_uptimes: 996
tot_uptimes_duration: 59700.02431999122
