comms_cons: 274.425011185696
finished_reconf: true
global_termination_time: 2811292.036
local_termination_time: 1008959.9897199997
node_cons: 57772.04034223256
tot_aggregated_send: 39092
tot_msg_rcv: 910
tot_msg_sent: 1709
tot_reconf_duration: 5.57
tot_sleeping_duration: 2768152.0238400046
tot_uptimes: 720
tot_uptimes_duration: 43140.01215999527
