comms_cons: 278.22961921207695
finished_reconf: true
global_termination_time: 2809689.653
local_termination_time: 100794.5412799998
node_cons: 57768.642639998965
tot_aggregated_send: 40426
tot_msg_rcv: 589
tot_msg_sent: 1274
tot_reconf_duration: 3.08
tot_sleeping_duration: 2766549.653
tot_uptimes: 720
tot_uptimes_duration: 43140.0
