comms_cons: 279.33212161584856
finished_reconf: true
global_termination_time: 2809053.264
local_termination_time: 1314915.2742399988
node_cons: 57784.97937999879
tot_aggregated_send: 40310
tot_msg_rcv: 768
tot_msg_sent: 1378
tot_reconf_duration: 15.110000000000001
tot_sleeping_duration: 2765913.264
tot_uptimes: 720
tot_uptimes_duration: 43140.0
