comms_cons: 282.27713280557447
finished_reconf: true
global_termination_time: 2811177.662
local_termination_time: 494132.40936000005
node_cons: 57772.98817117186
tot_aggregated_send: 38280
tot_msg_rcv: 1652
tot_msg_sent: 2974
tot_reconf_duration: 6.22
tot_sleeping_duration: 2768037.6012000204
tot_uptimes: 720
tot_uptimes_duration: 43140.06079997978
