comms_cons: 557.7211266765257
finished_reconf: true
global_termination_time: 2813322.95
local_termination_time: 110.72148000000033
node_cons: 57860.26481452302
tot_aggregated_send: 0
tot_msg_rcv: 42994
tot_msg_sent: 41774
tot_reconf_duration: 11.31
tot_sleeping_duration: 2770122.870960027
tot_uptimes: 721
tot_uptimes_duration: 43200.07903997315
