comms_cons: 219.14513916675102
finished_reconf: true
global_termination_time: 2121375.652
local_termination_time: 1171912.67972
node_cons: 43633.22151005112
tot_aggregated_send: 27956
tot_msg_rcv: 1859
tot_msg_sent: 3493
tot_reconf_duration: 6.279999999999999
tot_sleeping_duration: 2088795.597280021
tot_uptimes: 544
tot_uptimes_duration: 32580.05471997871
