comms_cons: 211.30170879048583
finished_reconf: true
global_termination_time: 2123936.956
local_termination_time: 181640.00536000004
node_cons: 43628.802639999565
tot_aggregated_send: 30044
tot_msg_rcv: 624
tot_msg_sent: 1448
tot_reconf_duration: 3.08
tot_sleeping_duration: 2091356.9559999998
tot_uptimes: 544
tot_uptimes_duration: 32580.0
