comms_cons: 210.5607167927126
finished_reconf: true
global_termination_time: 2123248.596
local_termination_time: 641464.4425999977
node_cons: 43646.26754351343
tot_aggregated_send: 30508
tot_msg_rcv: 512
tot_msg_sent: 984
tot_reconf_duration: 9.11
tot_sleeping_duration: 2090661.6683200046
tot_uptimes: 544
tot_uptimes_duration: 32586.927679995424
