comms_cons: 57.68642559993744
finished_reconf: true
global_termination_time: 570378.0289199994
local_termination_time: 570377.9877999994
node_cons: 11798.305479360379
tot_aggregated_send: 7816
tot_msg_rcv: 288
tot_msg_sent: 663
tot_reconf_duration: 24.59
tot_sleeping_duration: 561591.6866799991
tot_uptimes: 147
tot_uptimes_duration: 8786.34224000026
