comms_cons: 57.16666879984524
finished_reconf: true
global_termination_time: 573290.783
local_termination_time: 146082.32136000006
node_cons: 11754.377321116837
tot_aggregated_send: 8062
tot_msg_rcv: 235
tot_msg_sent: 392
tot_reconf_duration: 18.21
tot_sleeping_duration: 564530.7769200024
tot_uptimes: 147
tot_uptimes_duration: 8760.006079997635
