comms_cons: 90.74159361231824
finished_reconf: true
global_termination_time: 573430.029
local_termination_time: 361909.9186000001
node_cons: 11736.171980000014
tot_aggregated_send: 0
tot_msg_rcv: 6944
tot_msg_sent: 6848
tot_reconf_duration: 4.8100000000000005
tot_sleeping_duration: 564670.029
tot_uptimes: 147
tot_uptimes_duration: 8760.0
