comms_cons: 102.54337919085265
finished_reconf: true
global_termination_time: 1004984.197
local_termination_time: 220821.50536000007
node_cons: 20654.37092895309
tot_aggregated_send: 13398
tot_msg_rcv: 729
tot_msg_sent: 1460
tot_reconf_duration: 5.1
tot_sleeping_duration: 989564.1483600052
tot_uptimes: 258
tot_uptimes_duration: 15420.048639994813
