comms_cons: 103.44476159514362
finished_reconf: true
global_termination_time: 1004450.881
local_termination_time: 476961.8023600001
node_cons: 20662.282664471975
tot_aggregated_send: 13514
tot_msg_rcv: 823
tot_msg_sent: 1386
tot_reconf_duration: 10.95
tot_sleeping_duration: 989030.8566800061
tot_uptimes: 258
tot_uptimes_duration: 15420.024319993972
