comms_cons: 2.3619327999964157
finished_reconf: true
global_termination_time: 16226.035
local_termination_time: 6328.19736
node_cons: 355.7174000000002
tot_aggregated_send: 0
tot_msg_rcv: 203
tot_msg_sent: 156
tot_reconf_duration: 25.299999999999997
tot_sleeping_duration: 15986.035
tot_uptimes: 5
tot_uptimes_duration: 240.0
