comms_cons: 30.888102399926442
finished_reconf: true
global_termination_time: 15207.652360000002
local_termination_time: 3486.8900400000016
node_cons: 4533.789165480084
tot_aggregated_send: 0
tot_msg_rcv: 2287
tot_msg_sent: 2407
tot_reconf_duration: 6.22
tot_sleeping_duration: 11828.009039999943
tot_uptimes: 54
tot_uptimes_duration: 3379.6433200000592
