comms_cons: 299.7345920012661
finished_reconf: true
global_termination_time: 3020870.742
local_termination_time: 1078366.0743999982
node_cons: 62115.65306558316
tot_aggregated_send: 42630
tot_msg_rcv: 930
tot_msg_sent: 1998
tot_reconf_duration: 9.42
tot_sleeping_duration: 2974490.7116000117
tot_uptimes: 774
tot_uptimes_duration: 46380.030399988405
