comms_cons: 594.568819658041
finished_reconf: true
global_termination_time: 3019421.3331999974
local_termination_time: 983.749479999999
node_cons: 62146.60302014638
tot_aggregated_send: 0
tot_msg_rcv: 45524
tot_msg_sent: 44846
tot_reconf_duration: 11.899999999999999
tot_sleeping_duration: 2973020.7037600065
tot_uptimes: 774
tot_uptimes_duration: 46400.629439990735
