comms_cons: 299.9273855970863
finished_reconf: true
global_termination_time: 3020905.135
local_termination_time: 1419571.6063599999
node_cons: 62110.226504466336
tot_aggregated_send: 41876
tot_msg_rcv: 1329
tot_msg_sent: 2382
tot_reconf_duration: 5.43
tot_sleeping_duration: 2974525.110680009
tot_uptimes: 774
tot_uptimes_duration: 46380.02431999077
