comms_cons: 250.03873921191013
finished_reconf: true
global_termination_time: 2479834.408
local_termination_time: 1051087.6163599999
node_cons: 51046.691264466775
tot_aggregated_send: 34684
tot_msg_rcv: 1189
tot_msg_sent: 2131
tot_reconf_duration: 22.65
tot_sleeping_duration: 2441734.383680009
tot_uptimes: 636
tot_uptimes_duration: 38100.02431999077
