comms_cons: 244.94361599195298
finished_reconf: true
global_termination_time: 2480476.459
local_termination_time: 1500060.1243599998
node_cons: 51033.784859999156
tot_aggregated_send: 35902
tot_msg_rcv: 411
tot_msg_sent: 917
tot_reconf_duration: 13.17
tot_sleeping_duration: 2442376.459
tot_uptimes: 636
tot_uptimes_duration: 38100.0
