comms_cons: 250.87934719137343
finished_reconf: true
global_termination_time: 2477824.747
local_termination_time: 813459.252999999
node_cons: 50941.57201994643
tot_aggregated_send: 34104
tot_msg_rcv: 1355
tot_msg_sent: 2673
tot_reconf_duration: 4.390000000000001
tot_sleeping_duration: 2439784.7093600095
tot_uptimes: 635
tot_uptimes_duration: 38040.03763999039
