comms_cons: 777.1749378136723
finished_reconf: true
global_termination_time: 2669301.419
local_termination_time: 2180124.9674799996
node_cons: 108844.39820299578
tot_aggregated_send: 0
tot_msg_rcv: 39598
tot_msg_sent: 78529
tot_reconf_duration: 18.21
tot_sleeping_duration: 2588032.062000001
tot_uptimes: 1348
tot_uptimes_duration: 81269.35699999926
