comms_cons: 269.19530881444996
finished_reconf: true
global_termination_time: 2670006.594
local_termination_time: 181305.76448000007
node_cons: 54887.6278267142
tot_aggregated_send: 37062
tot_msg_rcv: 1301
tot_msg_sent: 2553
tot_reconf_duration: 11.31
tot_sleeping_duration: 2629026.557520004
tot_uptimes: 684
tot_uptimes_duration: 40980.03647999634
