comms_cons: 61.778688001304054
finished_reconf: true
global_termination_time: 603917.1803999993
local_termination_time: 603917.1392799993
node_cons: 12446.647136963255
tot_aggregated_send: 8164
tot_msg_rcv: 444
tot_msg_sent: 781
tot_reconf_duration: 24.59
tot_sleeping_duration: 594646.6397599969
tot_uptimes: 155
tot_uptimes_duration: 9270.540640002408
