comms_cons: 58.66700799987907
finished_reconf: true
global_termination_time: 608621.735
local_termination_time: 231475.94836000007
node_cons: 12459.625800000025
tot_aggregated_send: 8178
tot_msg_rcv: 267
tot_msg_sent: 472
tot_reconf_duration: 5.1
tot_sleeping_duration: 599321.735
tot_uptimes: 156
tot_uptimes_duration: 9300.0
