comms_cons: 58.01601280143197
finished_reconf: true
global_termination_time: 604464.523
local_termination_time: 219578.37136000005
node_cons: 12376.526323364293
tot_aggregated_send: 7424
tot_msg_rcv: 515
tot_msg_sent: 879
tot_reconf_duration: 3.05
tot_sleeping_duration: 595224.5047599969
tot_uptimes: 155
tot_uptimes_duration: 9240.018240003206
