comms_cons: 2.2967679999917023
finished_reconf: true
global_termination_time: 12747.776
local_termination_time: 6337.314359999999
node_cons: 245.16189999999904
tot_aggregated_send: 0
tot_msg_rcv: 177
tot_msg_sent: 172
tot_reconf_duration: 3.05
tot_sleeping_duration: 12567.776
tot_uptimes: 4
tot_uptimes_duration: 180.0
