comms_cons: 2.223769599994745
finished_reconf: true
global_termination_time: 13347.415
local_termination_time: 9023.59236
node_cons: 256.37897999999865
tot_aggregated_send: 0
tot_msg_rcv: 174
tot_msg_sent: 164
tot_reconf_duration: 11.31
tot_sleeping_duration: 13167.415
tot_uptimes: 4
tot_uptimes_duration: 179.99999999999955
