comms_cons: 853.0275778422733
finished_reconf: true
global_termination_time: 8500778.628
local_termination_time: 205229.80212000044
node_cons: 174826.45339117298
tot_aggregated_send: 118262
tot_msg_rcv: 3848
tot_msg_sent: 7545
tot_reconf_duration: 4.8100000000000005
tot_sleeping_duration: 8370218.567200016
tot_uptimes: 2177
tot_uptimes_duration: 130560.06079998438
