comms_cons: 851.5477378525453
finished_reconf: true
global_termination_time: 8494798.614
local_termination_time: 947868.7266399981
node_cons: 174750.19283005258
tot_aggregated_send: 117566
tot_msg_rcv: 3959
tot_msg_sent: 7904
tot_reconf_duration: 7.819999999999999
tot_sleeping_duration: 8364298.559280016
tot_uptimes: 2176
tot_uptimes_duration: 130500.05471998401
