comms_cons: 844.6994945958178
finished_reconf: true
global_termination_time: 8494515.853
local_termination_time: 2105455.9355199984
node_cons: 174754.92410893049
tot_aggregated_send: 118726
tot_msg_rcv: 3279
tot_msg_sent: 6383
tot_reconf_duration: 11.31
tot_sleeping_duration: 8364015.804360018
tot_uptimes: 2176
tot_uptimes_duration: 130500.04863998247
