comms_cons: 381.2064320379129
finished_reconf: true
global_termination_time: 3832609.801
local_termination_time: 2266660.061679999
node_cons: 78825.95208558299
tot_aggregated_send: 53998
tot_msg_rcv: 1213
tot_msg_sent: 2729
tot_reconf_duration: 9.11
tot_sleeping_duration: 3773749.770600011
tot_uptimes: 982
tot_uptimes_duration: 58860.03039998887
