comms_cons: 18.25070079987313
finished_reconf: true
global_termination_time: 177164.662
local_termination_time: 135155.83136000004
node_cons: 3646.0749822391535
tot_aggregated_send: 1914
tot_msg_rcv: 313
tot_msg_sent: 547
tot_reconf_duration: 22.65
tot_sleeping_duration: 174464.64984000064
tot_uptimes: 46
tot_uptimes_duration: 2700.0121599993727
