comms_cons: 13.658419199975597
finished_reconf: true
global_termination_time: 12549.731240000003
local_termination_time: 882.7020399999996
node_cons: 2219.468547600017
tot_aggregated_send: 0
tot_msg_rcv: 1003
tot_msg_sent: 1072
tot_reconf_duration: 18.21
tot_sleeping_duration: 10910.64283999999
tot_uptimes: 26
tot_uptimes_duration: 1639.088400000013
