comms_cons: 789.4424705847556
finished_reconf: true
global_termination_time: 7991778.962
local_termination_time: 1661923.11136
node_cons: 164396.536848931
tot_aggregated_send: 110374
tot_msg_rcv: 3031
tot_msg_sent: 6585
tot_reconf_duration: 15.34
tot_sleeping_duration: 7869018.913360018
tot_uptimes: 2047
tot_uptimes_duration: 122760.04863998247
