comms_cons: 802.1396289782808
finished_reconf: true
global_termination_time: 7991989.689
local_termination_time: 225057.50336000006
node_cons: 164406.50453452423
tot_aggregated_send: 111186
tot_msg_rcv: 3694
tot_msg_sent: 7040
tot_reconf_duration: 22.65
tot_sleeping_duration: 7869229.609960022
tot_uptimes: 2047
tot_uptimes_duration: 122760.07903997751
