comms_cons: 794.9581569629448
finished_reconf: true
global_termination_time: 7988513.923
local_termination_time: 1336713.10936
node_cons: 164310.7322500478
tot_aggregated_send: 112520
tot_msg_rcv: 2703
tot_msg_sent: 5606
tot_reconf_duration: 11.31
tot_sleeping_duration: 7865813.868280021
tot_uptimes: 2046
tot_uptimes_duration: 122700.05471998011
