comms_cons: 215.105977575515
finished_reconf: true
global_termination_time: 2110583.791
local_termination_time: 193969.22752000086
node_cons: 43389.65117228937
tot_aggregated_send: 28014
tot_msg_rcv: 1590
tot_msg_sent: 3091
tot_reconf_duration: 4.390000000000001
tot_sleeping_duration: 2078183.7241200227
tot_uptimes: 541
tot_uptimes_duration: 32400.066879977414
