comms_cons: 212.88380157580366
finished_reconf: true
global_termination_time: 2116081.142
local_termination_time: 1160299.1431999987
node_cons: 43474.6409711772
tot_aggregated_send: 27840
tot_msg_rcv: 1547
tot_msg_sent: 2971
tot_reconf_duration: 7.819999999999999
tot_sleeping_duration: 2083621.0812000167
tot_uptimes: 542
tot_uptimes_duration: 32460.060799983214
