comms_cons: 213.45300478111653
finished_reconf: true
global_termination_time: 2110049.975239997
local_termination_time: 12979.569599999999
node_cons: 43422.10857606059
tot_aggregated_send: 29058
tot_msg_rcv: 1176
tot_msg_sent: 2208
tot_reconf_duration: 11.31
tot_sleeping_duration: 2077632.686520011
tot_uptimes: 541
tot_uptimes_duration: 32417.28871998581
