comms_cons: 457.33992967270376
finished_reconf: true
global_termination_time: 4595746.995
local_termination_time: 3133440.928119999
node_cons: 94510.6068411144
tot_aggregated_send: 64032
tot_msg_rcv: 1822
tot_msg_sent: 3659
tot_reconf_duration: 22.65
tot_sleeping_duration: 4525186.988920002
tot_uptimes: 1177
tot_uptimes_duration: 70560.00607999787
