comms_cons: 466.6902913100653
finished_reconf: true
global_termination_time: 4591698.072
local_termination_time: 1214589.39272
node_cons: 94411.92836781692
tot_aggregated_send: 62640
tot_msg_rcv: 2785
tot_msg_sent: 5509
tot_reconf_duration: 9.11
tot_sleeping_duration: 4521198.029440016
tot_uptimes: 1176
tot_uptimes_duration: 70500.0425599846
