comms_cons: 453.7674240430598
finished_reconf: true
global_termination_time: 4590278.692
local_termination_time: 1669463.0237599981
node_cons: 94418.82002575202
tot_aggregated_send: 66410
tot_msg_rcv: 829
tot_msg_sent: 1731
tot_reconf_duration: 11.899999999999999
tot_sleeping_duration: 4519776.332160004
tot_uptimes: 1176
tot_uptimes_duration: 70502.35983999586
