comms_cons: 462.895129680932
finished_reconf: true
global_termination_time: 4593450.73
local_termination_time: 1572611.128
node_cons: 94488.5772694166
tot_aggregated_send: 63391
tot_msg_rcv: 2398
tot_msg_sent: 4568
tot_reconf_duration: 6.22
tot_sleeping_duration: 4522890.513040016
tot_uptimes: 1177
tot_uptimes_duration: 70560.21695998451
