comms_cons: 111.35314559615117
finished_reconf: true
global_termination_time: 1140705.625
local_termination_time: 1409.9331200000001
node_cons: 23464.49735343881
tot_aggregated_send: 14848
tot_msg_rcv: 653
tot_msg_sent: 1424
tot_reconf_duration: 3.77
tot_sleeping_duration: 1123185.552040001
tot_uptimes: 293
tot_uptimes_duration: 17520.07295999909
