comms_cons: 731.6365824739034
finished_reconf: true
global_termination_time: 7504357.899
local_termination_time: 4114026.564959999
node_cons: 154345.96910214672
tot_aggregated_send: 105270
tot_msg_rcv: 1991
tot_msg_sent: 3942
tot_reconf_duration: 9.42
tot_sleeping_duration: 7389097.871560006
tot_uptimes: 1922
tot_uptimes_duration: 115260.02743999357
