comms_cons: 751.2473730160243
finished_reconf: true
global_termination_time: 7504181.366
local_termination_time: 1592274.4983599999
node_cons: 154343.81654781458
tot_aggregated_send: 103820
tot_msg_rcv: 3484
tot_msg_sent: 6880
tot_reconf_duration: 7.819999999999999
tot_sleeping_duration: 7388921.323440015
tot_uptimes: 1922
tot_uptimes_duration: 115260.04255998484
