comms_cons: 181.5258879905436
finished_reconf: true
global_termination_time: 1839906.839
local_termination_time: 1220740.0800799986
node_cons: 37846.109761116524
tot_aggregated_send: 25694
tot_msg_rcv: 661
tot_msg_sent: 1235
tot_reconf_duration: 4.390000000000001
tot_sleeping_duration: 1811646.8329200023
tot_uptimes: 472
tot_uptimes_duration: 28260.006079997635
