comms_cons: 80.37614081023771
finished_reconf: true
global_termination_time: 407207.81460000016
local_termination_time: 1305.1153600000002
node_cons: 8406.70427176227
tot_aggregated_send: 0
tot_msg_rcv: 6191
tot_msg_sent: 6023
tot_reconf_duration: 22.65
tot_sleeping_duration: 400952.44075999846
tot_uptimes: 105
tot_uptimes_duration: 6255.373840001688
