comms_cons: 40.83051520017124
finished_reconf: true
global_termination_time: 410688.594
local_termination_time: 75425.56459999994
node_cons: 8441.66162000001
tot_aggregated_send: 5916
tot_msg_rcv: 120
tot_msg_sent: 170
tot_reconf_duration: 4.390000000000001
tot_sleeping_duration: 404388.594
tot_uptimes: 106
tot_uptimes_duration: 6300.0
