comms_cons: 40.218649600072176
finished_reconf: true
global_termination_time: 408820.973
local_termination_time: 44423.07460000002
node_cons: 8359.501900000014
tot_aggregated_send: 5858
tot_msg_rcv: 83
tot_msg_sent: 172
tot_reconf_duration: 3.05
tot_sleeping_duration: 402580.973
tot_uptimes: 105
tot_uptimes_duration: 6240.0
