comms_cons: 207.56060158085563
finished_reconf: true
global_termination_time: 2047325.30824
local_termination_time: 27605.21048
node_cons: 42143.35027830356
tot_aggregated_send: 28130
tot_msg_rcv: 1216
tot_msg_sent: 2202
tot_reconf_duration: 18.21
tot_sleeping_duration: 2015870.027360012
tot_uptimes: 525
tot_uptimes_duration: 31455.280879987986
