comms_cons: 17.750681599808903
finished_reconf: true
global_termination_time: 162226.56
local_termination_time: 80819.25835999998
node_cons: 3324.714982238316
tot_aggregated_send: 1856
tot_msg_rcv: 339
tot_msg_sent: 503
tot_reconf_duration: 22.65
tot_sleeping_duration: 159766.54784000127
tot_uptimes: 42
tot_uptimes_duration: 2460.0121599987324
