comms_cons: 111.66778879456342
finished_reconf: true
global_termination_time: 1130513.345
local_termination_time: 5399.5109999999995
node_cons: 23226.144506714823
tot_aggregated_send: 15711
tot_msg_rcv: 446
tot_msg_sent: 815
tot_reconf_duration: 5.77
tot_sleeping_duration: 1113173.308520004
tot_uptimes: 290
tot_uptimes_duration: 17340.03647999611
