comms_cons: 630.8372417541619
finished_reconf: true
global_termination_time: 6272212.116239989
local_termination_time: 79502.14679999984
node_cons: 129121.26870828163
tot_aggregated_send: 87638
tot_msg_rcv: 2809
tot_msg_sent: 5436
tot_reconf_duration: 18.21
tot_sleeping_duration: 6175799.465360015
tot_uptimes: 1607
tot_uptimes_duration: 96412.65087997442
