comms_cons: 51.563552001169434
finished_reconf: true
global_termination_time: 176155.65216000087
local_termination_time: 473.17903999999953
node_cons: 7202.219162241169
tot_aggregated_send: 0
tot_msg_rcv: 2657
tot_msg_sent: 5180
tot_reconf_duration: 4.390000000000001
tot_sleeping_duration: 170781.30000000002
tot_uptimes: 88
tot_uptimes_duration: 5374.352160000868
