comms_cons: 117.601254401874
finished_reconf: true
global_termination_time: 587074.712
local_termination_time: 1556.0933600000003
node_cons: 12081.783123364308
tot_aggregated_send: 0
tot_msg_rcv: 9187
tot_msg_sent: 8686
tot_reconf_duration: 22.65
tot_sleeping_duration: 578074.6937599968
tot_uptimes: 151
tot_uptimes_duration: 9000.018240003206
