comms_cons: 55.77215999989512
finished_reconf: true
global_termination_time: 583669.55312
local_termination_time: 167257.9776000001
node_cons: 11996.188640801553
tot_aggregated_send: 8062
tot_msg_rcv: 122
tot_msg_sent: 293
tot_reconf_duration: 4.8100000000000005
tot_sleeping_duration: 574715.365919999
tot_uptimes: 150
tot_uptimes_duration: 8954.18720000115
