comms_cons: 59.255084799936185
finished_reconf: true
global_termination_time: 586794.111
local_termination_time: 88311.70759999994
node_cons: 12055.1419
tot_aggregated_send: 8236
tot_msg_rcv: 308
tot_msg_sent: 462
tot_reconf_duration: 3.05
tot_sleeping_duration: 577794.111
tot_uptimes: 151
tot_uptimes_duration: 9000.0
