comms_cons: 267.9844735879892
finished_reconf: true
global_termination_time: 2681791.307
local_termination_time: 251476.21692000076
node_cons: 55200.55464670008
tot_aggregated_send: 37352
tot_msg_rcv: 1082
tot_msg_sent: 2298
tot_reconf_duration: 5.1
tot_sleeping_duration: 2640571.270520014
tot_uptimes: 687
tot_uptimes_duration: 41220.03647998581
