comms_cons: 121.83973118649669
finished_reconf: true
global_termination_time: 1182515.99
local_termination_time: 465087.53008000064
node_cons: 24279.888527827065
tot_aggregated_send: 15254
tot_msg_rcv: 1120
tot_msg_sent: 2145
tot_reconf_duration: 12.629999999999999
tot_sleeping_duration: 1164395.9474400098
tot_uptimes: 303
tot_uptimes_duration: 18120.04255999031
