comms_cons: 118.42559999718236
finished_reconf: true
global_termination_time: 1186808.516
local_termination_time: 352902.81036
node_cons: 24359.204623364283
tot_aggregated_send: 16182
tot_msg_rcv: 686
tot_msg_sent: 1132
tot_reconf_duration: 11.899999999999999
tot_sleeping_duration: 1168628.497759997
tot_uptimes: 304
tot_uptimes_duration: 18180.018240003206
