comms_cons: 119.43804799506682
finished_reconf: true
global_termination_time: 1184779.801
local_termination_time: 276624.07036000007
node_cons: 24349.56012111687
tot_aggregated_send: 16530
tot_msg_rcv: 579
tot_msg_sent: 1045
tot_reconf_duration: 4.8100000000000005
tot_sleeping_duration: 1166599.7949200023
tot_uptimes: 304
tot_uptimes_duration: 18180.006079997635
