comms_cons: 723.1185402746962
finished_reconf: true
global_termination_time: 1497726.2137999993
local_termination_time: 1497726.1726799994
node_cons: 90762.6961481573
tot_aggregated_send: 0
tot_msg_rcv: 44449
tot_msg_sent: 65462
tot_reconf_duration: 24.59
tot_sleeping_duration: 1429967.2123599998
tot_uptimes: 1111
tot_uptimes_duration: 67759.00143999973
