comms_cons: 149.05184639526325
finished_reconf: true
global_termination_time: 1499904.439
local_termination_time: 200792.39044000022
node_cons: 30865.918980000046
tot_aggregated_send: 21518
tot_msg_rcv: 393
tot_msg_sent: 744
tot_reconf_duration: 11.31
tot_sleeping_duration: 1476864.439
tot_uptimes: 385
tot_uptimes_duration: 23040.0
