comms_cons: 72.90411520881163
finished_reconf: true
global_termination_time: 431366.3382400002
local_termination_time: 241248.24936000005
node_cons: 8882.525149360212
tot_aggregated_send: 0
tot_msg_rcv: 5582
tot_msg_sent: 5498
tot_reconf_duration: 18.21
tot_sleeping_duration: 424751.106
tot_uptimes: 111
tot_uptimes_duration: 6615.232240000158
