comms_cons: 73.52976640883713
finished_reconf: true
global_termination_time: 431838.074
local_termination_time: 239568.88160000008
node_cons: 8843.940121121439
tot_aggregated_send: 0
tot_msg_rcv: 5604
tot_msg_sent: 5572
tot_reconf_duration: 4.8100000000000005
tot_sleeping_duration: 425238.06791999895
tot_uptimes: 111
tot_uptimes_duration: 6600.006080001069
