comms_cons: 73.89757440895028
finished_reconf: true
global_termination_time: 435086.921
local_termination_time: 243145.06236000007
node_cons: 8926.186760000013
tot_aggregated_send: 0
tot_msg_rcv: 5722
tot_msg_sent: 5510
tot_reconf_duration: 6.22
tot_sleeping_duration: 428426.921
tot_uptimes: 112
tot_uptimes_duration: 6660.0
