comms_cons: 194.72892158535353
finished_reconf: true
global_termination_time: 1931668.214
local_termination_time: 674062.3897199997
node_cons: 39694.52454446716
tot_aggregated_send: 26796
tot_msg_rcv: 941
tot_msg_sent: 1860
tot_reconf_duration: 4.8100000000000005
tot_sleeping_duration: 1902028.1896800094
tot_uptimes: 495
tot_uptimes_duration: 29640.024319990538
