comms_cons: 196.37996797890602
finished_reconf: true
global_termination_time: 1930645.595
local_termination_time: 741038.3353599999
node_cons: 39693.97046670077
tot_aggregated_send: 26390
tot_msg_rcv: 1192
tot_msg_sent: 2266
tot_reconf_duration: 4.390000000000001
tot_sleeping_duration: 1901005.5585200142
tot_uptimes: 495
tot_uptimes_duration: 29640.036479985807
