comms_cons: 72.35499520790916
finished_reconf: true
global_termination_time: 311669.06632000074
local_termination_time: 1400.6654800000024
node_cons: 6435.887103057331
tot_aggregated_send: 0
tot_msg_rcv: 6322
tot_msg_sent: 4674
tot_reconf_duration: 18.21
tot_sleeping_duration: 306881.0469599878
tot_uptimes: 80
tot_uptimes_duration: 4788.019360012942
