comms_cons: 150.11336321476293
finished_reconf: true
global_termination_time: 311668.46632000065
local_termination_time: 311668.42520000064
node_cons: 18802.509276654913
tot_aggregated_send: 0
tot_msg_rcv: 9287
tot_msg_sent: 13528
tot_reconf_duration: 37.410000000000004
tot_sleeping_duration: 297664.2045599895
tot_uptimes: 228
tot_uptimes_duration: 14004.261760011113
