comms_cons: 161.65694718813992
finished_reconf: true
global_termination_time: 1613603.4602400004
local_termination_time: 46014.77312000009
node_cons: 33281.03384496775
tot_aggregated_send: 21982
tot_msg_rcv: 883
tot_msg_sent: 1705
tot_reconf_duration: 18.21
tot_sleeping_duration: 1588766.7875999946
tot_uptimes: 414
tot_uptimes_duration: 24836.672640005767
