comms_cons: 158.37450238804408
finished_reconf: true
global_termination_time: 1615879.054
local_termination_time: 548163.2071599982
node_cons: 33187.842786710135
tot_aggregated_send: 21228
tot_msg_rcv: 925
tot_msg_sent: 1919
tot_reconf_duration: 5.43
tot_sleeping_duration: 1591099.0175200074
tot_uptimes: 414
tot_uptimes_duration: 24780.036479992676
