comms_cons: 271.16286082826235
finished_reconf: true
global_termination_time: 2809680.125
local_termination_time: 6649.279
node_cons: 57854.8736233501
tot_aggregated_send: 39432
tot_msg_rcv: 616
tot_msg_sent: 1169
tot_reconf_duration: 7.3999999999999995
tot_sleeping_duration: 2766480.1067600064
tot_uptimes: 720
tot_uptimes_duration: 43200.01823999337
