comms_cons: 278.21463041700474
finished_reconf: true
global_termination_time: 2810319.658
local_termination_time: 6040.188
node_cons: 57870.65354893489
tot_aggregated_send: 39189
tot_msg_rcv: 999
tot_msg_sent: 2099
tot_reconf_duration: 18.990000000000002
tot_sleeping_duration: 2767119.609360018
tot_uptimes: 720
tot_uptimes_duration: 43200.04863998201
