comms_cons: 50.48819840249296
finished_reconf: true
global_termination_time: 409564.9347200001
local_termination_time: 409564.89360000007
node_cons: 8424.79416162221
tot_aggregated_send: 2900
tot_msg_rcv: 1579
tot_msg_sent: 3201
tot_reconf_duration: 37.410000000000004
tot_sleeping_duration: 403311.0203199835
tot_uptimes: 105
tot_uptimes_duration: 6253.914400016576
