comms_cons: 40.633766400048856
finished_reconf: true
global_termination_time: 413110.494
local_termination_time: 103160.00335999997
node_cons: 8456.219380000011
tot_aggregated_send: 5858
tot_msg_rcv: 100
tot_msg_sent: 218
tot_reconf_duration: 15.110000000000001
tot_sleeping_duration: 406810.494
tot_uptimes: 106
tot_uptimes_duration: 6300.0
