comms_cons: 33.2994176002265
finished_reconf: true
global_termination_time: 331478.035
local_termination_time: 9993.535360000002
node_cons: 6782.933682241731
tot_aggregated_send: 4408
tot_msg_rcv: 212
tot_msg_sent: 442
tot_reconf_duration: 25.299999999999997
tot_sleeping_duration: 326438.0228399987
tot_uptimes: 85
tot_uptimes_duration: 5040.012160001286
