comms_cons: 33.19685760011006
finished_reconf: true
global_termination_time: 323083.253
local_termination_time: 9646.610999999999
node_cons: 6595.033222881442
tot_aggregated_send: 4231
tot_msg_rcv: 290
tot_msg_sent: 525
tot_reconf_duration: 4.390000000000001
tot_sleeping_duration: 318162.36307999893
tot_uptimes: 83
tot_uptimes_duration: 4920.889920001074
