comms_cons: 66.25025279902229
finished_reconf: true
global_termination_time: 642761.884
local_termination_time: 186917.46136000004
node_cons: 13179.984738167546
tot_aggregated_send: 8294
tot_msg_rcv: 548
tot_msg_sent: 1227
tot_reconf_duration: 3.08
tot_sleeping_duration: 632921.8525599943
tot_uptimes: 165
tot_uptimes_duration: 9840.031440005638
