comms_cons: 64.44408959983993
finished_reconf: true
global_termination_time: 643453.266
local_termination_time: 191408.06136000005
node_cons: 13192.919681116857
tot_aggregated_send: 8932
tot_msg_rcv: 291
tot_msg_sent: 572
tot_reconf_duration: 12.629999999999999
tot_sleeping_duration: 633613.2599200023
tot_uptimes: 165
tot_uptimes_duration: 9840.006079997635
