comms_cons: 64.43731199987639
finished_reconf: true
global_termination_time: 641886.485
local_termination_time: 415075.48836
node_cons: 13191.928341121404
tot_aggregated_send: 8932
tot_msg_rcv: 291
tot_msg_sent: 572
tot_reconf_duration: 11.899999999999999
tot_sleeping_duration: 632046.478919999
tot_uptimes: 165
tot_uptimes_duration: 9840.006080001069
