comms_cons: 64.7130111999441
finished_reconf: true
global_termination_time: 639885.947
local_termination_time: 169304.75136000008
node_cons: 13101.397902242898
tot_aggregated_send: 8816
tot_msg_rcv: 384
tot_msg_sent: 636
tot_reconf_duration: 4.390000000000001
tot_sleeping_duration: 630105.9348399979
tot_uptimes: 164
tot_uptimes_duration: 9780.012160002138
