comms_cons: 106.5334847926975
finished_reconf: true
global_termination_time: 1053403.927
local_termination_time: 509165.2610400003
node_cons: 21645.86624670101
tot_aggregated_send: 14210
tot_msg_rcv: 708
tot_msg_sent: 1274
tot_reconf_duration: 25.299999999999997
tot_sleeping_duration: 1037263.8905200141
tot_uptimes: 270
tot_uptimes_duration: 16140.036479985807
