comms_cons: 105.7876607920528
finished_reconf: true
global_termination_time: 1056049.026
local_termination_time: 375828.284360001
node_cons: 21702.835066714855
tot_aggregated_send: 13282
tot_msg_rcv: 905
tot_msg_sent: 1893
tot_reconf_duration: 8.09
tot_sleeping_duration: 1039848.9895200039
tot_uptimes: 271
tot_uptimes_duration: 16200.03647999611
