comms_cons: 104.23426559569313
finished_reconf: true
global_termination_time: 1052769.773
local_termination_time: 631615.8525999988
node_cons: 21632.020085588774
tot_aggregated_send: 14036
tot_msg_rcv: 710
tot_msg_sent: 1097
tot_reconf_duration: 15.110000000000001
tot_sleeping_duration: 1036629.7426000084
tot_uptimes: 270
tot_uptimes_duration: 16140.030399991607
