comms_cons: 104.25303039644164
finished_reconf: true
global_termination_time: 1053964.286
local_termination_time: 504361.82899999997
node_cons: 21626.354523350547
tot_aggregated_send: 14380
tot_msg_rcv: 463
tot_msg_sent: 1002
tot_reconf_duration: 10.95
tot_sleeping_duration: 1037824.2677600072
tot_uptimes: 270
tot_uptimes_duration: 16140.018239992904
