comms_cons: 104.10828799994016
finished_reconf: true
global_termination_time: 1055750.888
local_termination_time: 826974.1751999987
node_cons: 21707.960200000063
tot_aggregated_send: 14616
tot_msg_rcv: 412
tot_msg_sent: 796
tot_reconf_duration: 11.899999999999999
tot_sleeping_duration: 1039550.888
tot_uptimes: 271
tot_uptimes_duration: 16200.0
