comms_cons: 105.72019199590305
finished_reconf: true
global_termination_time: 1057059.147
local_termination_time: 169145.02696000013
node_cons: 21702.517253424983
tot_aggregated_send: 13456
tot_msg_rcv: 861
tot_msg_sent: 1752
tot_reconf_duration: 7.819999999999999
tot_sleeping_duration: 1040859.0740400114
tot_uptimes: 271
tot_uptimes_duration: 16200.072959988785
