comms_cons: 27.86416640033203
finished_reconf: true
global_termination_time: 272111.8131600004
local_termination_time: 44564.624720000116
node_cons: 5595.655295762138
tot_aggregated_send: 3654
tot_msg_rcv: 220
tot_msg_sent: 362
tot_reconf_duration: 7.819999999999999
tot_sleeping_duration: 267940.76331999886
tot_uptimes: 70
tot_uptimes_duration: 4171.049840001593
