comms_cons: 28.356083200224326
finished_reconf: true
global_termination_time: 276219.139
local_termination_time: 26545.87712
node_cons: 5631.198363359739
tot_aggregated_send: 3538
tot_msg_rcv: 248
tot_msg_sent: 523
tot_reconf_duration: 5.43
tot_sleeping_duration: 272019.12076000025
tot_uptimes: 71
tot_uptimes_duration: 4200.018239999801
