comms_cons: 121.33360639577309
finished_reconf: true
global_termination_time: 1236443.818
local_termination_time: 802910.1535599995
node_cons: 25395.88676000016
tot_aggregated_send: 16994
tot_msg_rcv: 505
tot_msg_sent: 943
tot_reconf_duration: 6.22
tot_sleeping_duration: 1217483.818
tot_uptimes: 317
tot_uptimes_duration: 18960.0
