comms_cons: 29.57475840028455
finished_reconf: true
global_termination_time: 295817.967
local_termination_time: 199166.66348000008
node_cons: 6029.6418999999905
tot_aggregated_send: 4060
tot_msg_rcv: 147
tot_msg_sent: 288
tot_reconf_duration: 3.05
tot_sleeping_duration: 291317.967
tot_uptimes: 76
tot_uptimes_duration: 4500.0
