comms_cons: 54.06191360027676
finished_reconf: true
global_termination_time: 545845.584
local_termination_time: 4408.233
node_cons: 11181.603182242876
tot_aggregated_send: 7645
tot_msg_rcv: 163
tot_msg_sent: 410
tot_reconf_duration: 10.55
tot_sleeping_duration: 537505.5718399979
tot_uptimes: 140
tot_uptimes_duration: 8340.012160002138
