comms_cons: 1.4671615999951533
finished_reconf: true
global_termination_time: 10243.422
local_termination_time: 6989.512360000001
node_cons: 181.5117200000002
tot_aggregated_send: 0
tot_msg_rcv: 120
tot_msg_sent: 102
tot_reconf_duration: 15.34
tot_sleeping_duration: 10123.422
tot_uptimes: 3
tot_uptimes_duration: 120.0
