comms_cons: 2.309299199992369
finished_reconf: true
global_termination_time: 13441.997
local_termination_time: 5759.945360000001
node_cons: 247.9458000000005
tot_aggregated_send: 0
tot_msg_rcv: 180
tot_msg_sent: 170
tot_reconf_duration: 5.1
tot_sleeping_duration: 13261.997
tot_uptimes: 4
tot_uptimes_duration: 180.0
