comms_cons: 1.6842751999944354
finished_reconf: true
global_termination_time: 9428.712840000004
local_termination_time: 9413.398360000001
node_cons: 209.97810776000554
tot_aggregated_send: 0
tot_msg_rcv: 133
tot_msg_sent: 123
tot_reconf_duration: 9.11
tot_sleeping_duration: 9281.135
tot_uptimes: 3
tot_uptimes_duration: 147.57784000000356
