comms_cons: 2.434931199991245
finished_reconf: true
global_termination_time: 11823.608
local_termination_time: 2779.1624000000033
node_cons: 248.3939399999998
tot_aggregated_send: 0
tot_msg_rcv: 199
tot_msg_sent: 171
tot_reconf_duration: 5.43
tot_sleeping_duration: 11643.608
tot_uptimes: 4
tot_uptimes_duration: 180.0
