comms_cons: 198.07705601255955
finished_reconf: true
global_termination_time: 228916.24184000012
local_termination_time: 228916.2007200001
node_cons: 22895.990235963054
tot_aggregated_send: 0
tot_msg_rcv: 13616
tot_msg_sent: 16490
tot_reconf_duration: 24.59
tot_sleeping_duration: 211841.86019999787
tot_uptimes: 275
tot_uptimes_duration: 17074.381640002248
