comms_cons: 1.5066367999950228
finished_reconf: true
global_termination_time: 11311.206
local_termination_time: 7359.302360000001
node_cons: 168.0539400000004
tot_aggregated_send: 0
tot_msg_rcv: 118
tot_msg_sent: 111
tot_reconf_duration: 5.43
tot_sleeping_duration: 11191.206
tot_uptimes: 3
tot_uptimes_duration: 120.0
