comms_cons: 79.09514240003925
finished_reconf: true
global_termination_time: 813463.247
local_termination_time: 238528.36908000062
node_cons: 16714.861900000007
tot_aggregated_send: 11310
tot_msg_rcv: 246
tot_msg_sent: 466
tot_reconf_duration: 3.05
tot_sleeping_duration: 800983.247
tot_uptimes: 209
tot_uptimes_duration: 12480.0
