comms_cons: 728.5607546667521
finished_reconf: true
global_termination_time: 1975381.475
local_termination_time: 157064.86160000006
node_cons: 119294.42033568196
tot_aggregated_send: 0
tot_msg_rcv: 44842
tot_msg_sent: 65894
tot_reconf_duration: 18.21
tot_sleeping_duration: 1886307.769879996
tot_uptimes: 1450
tot_uptimes_duration: 89073.70512000406
