comms_cons: 298.65782378176374
finished_reconf: true
global_termination_time: 1975381.475
local_termination_time: 158300.70036000005
node_cons: 40602.483123354796
tot_aggregated_send: 0
tot_msg_rcv: 23012
tot_msg_sent: 22383
tot_reconf_duration: 22.65
tot_sleeping_duration: 1945081.4567600037
tot_uptimes: 506
tot_uptimes_duration: 30300.018239996338
