comms_cons: 378.0539904172977
finished_reconf: true
global_termination_time: 3849412.915
local_termination_time: 2993528.621359999
node_cons: 79169.25739999779
tot_aggregated_send: 55738
tot_msg_rcv: 565
tot_msg_sent: 1159
tot_reconf_duration: 25.299999999999997
tot_sleeping_duration: 3790312.915
tot_uptimes: 986
tot_uptimes_duration: 59100.0
