comms_cons: 380.4422400293957
finished_reconf: true
global_termination_time: 3852822.279
local_termination_time: 2283246.4287199993
node_cons: 79235.75937999849
tot_aggregated_send: 54984
tot_msg_rcv: 933
tot_msg_sent: 1908
tot_reconf_duration: 15.110000000000001
tot_sleeping_duration: 3793662.279
tot_uptimes: 987
tot_uptimes_duration: 59160.0
