comms_cons: 385.4024768712676
finished_reconf: true
global_termination_time: 3853501.006
local_termination_time: 2278361.8503599996
node_cons: 79219.46331116927
tot_aggregated_send: 52084
tot_msg_rcv: 2290
tot_msg_sent: 4205
tot_reconf_duration: 3.05
tot_sleeping_duration: 3794340.9452000214
tot_uptimes: 987
tot_uptimes_duration: 59160.06079997867
