comms_cons: 481.4003453664114
finished_reconf: true
global_termination_time: 1394664.259
local_termination_time: 614103.388879999
node_cons: 84557.36264993281
tot_aggregated_send: 0
tot_msg_rcv: 29640
tot_msg_sent: 43529
tot_reconf_duration: 18.21
tot_sleeping_duration: 1331533.0913600188
tot_uptimes: 1033
tot_uptimes_duration: 63131.167639981264
