comms_cons: 137.23553279613355
finished_reconf: true
global_termination_time: 1396088.737
local_termination_time: 775442.501119999
node_cons: 28688.305800000013
tot_aggregated_send: 19952
tot_msg_rcv: 311
tot_msg_sent: 596
tot_reconf_duration: 5.1
tot_sleeping_duration: 1374668.737
tot_uptimes: 358
tot_uptimes_duration: 21420.0
