comms_cons: 139.91326718936804
finished_reconf: true
global_termination_time: 1393216.422
local_termination_time: 739047.8180000001
node_cons: 28692.040265584295
tot_aggregated_send: 19132
tot_msg_rcv: 787
tot_msg_sent: 1347
tot_reconf_duration: 7.819999999999999
tot_sleeping_duration: 1371796.3916000118
tot_uptimes: 357
tot_uptimes_duration: 21420.030399988173
