comms_cons: 135.41309439776518
finished_reconf: true
global_termination_time: 1397342.386
local_termination_time: 832356.3343599999
node_cons: 28702.21172
tot_aggregated_send: 20010
tot_msg_rcv: 184
tot_msg_sent: 388
tot_reconf_duration: 15.34
tot_sleeping_duration: 1375922.386
tot_uptimes: 358
tot_uptimes_duration: 21420.0
