comms_cons: 91.40482559769515
finished_reconf: true
global_termination_time: 925085.724
local_termination_time: 723192.5887999994
node_cons: 18978.124860000084
tot_aggregated_send: 13166
tot_msg_rcv: 217
tot_msg_sent: 510
tot_reconf_duration: 13.17
tot_sleeping_duration: 910925.724
tot_uptimes: 237
tot_uptimes_duration: 14160.0
