comms_cons: 93.47069439516895
finished_reconf: true
global_termination_time: 928368.875
local_termination_time: 417294.45399999997
node_cons: 19047.136403350512
tot_aggregated_send: 12931
tot_msg_rcv: 462
tot_msg_sent: 814
tot_reconf_duration: 4.8100000000000005
tot_sleeping_duration: 914148.8567600071
tot_uptimes: 238
tot_uptimes_duration: 14220.018239992896
