comms_cons: 94.3792511915503
finished_reconf: true
global_termination_time: 925055.334
local_termination_time: 443822.1653600001
node_cons: 18964.41446446742
tot_aggregated_send: 12064
tot_msg_rcv: 720
tot_msg_sent: 1562
tot_reconf_duration: 3.05
tot_sleeping_duration: 910895.3096800095
tot_uptimes: 237
tot_uptimes_duration: 14160.024319990538
