comms_cons: 133.9926143983237
finished_reconf: true
global_termination_time: 1397626.512
local_termination_time: 309762.63236000005
node_cons: 28706.12546223834
tot_aggregated_send: 19546
tot_msg_rcv: 308
tot_msg_sent: 512
tot_reconf_duration: 18.21
tot_sleeping_duration: 1376206.4998400016
tot_uptimes: 358
tot_uptimes_duration: 21420.012159998703
