comms_cons: 134.86239359738255
finished_reconf: true
global_termination_time: 1394907.779
local_termination_time: 741380.4085199982
node_cons: 28687.34162000006
tot_aggregated_send: 19140
tot_msg_rcv: 454
tot_msg_sent: 903
tot_reconf_duration: 4.390000000000001
tot_sleeping_duration: 1373487.779
tot_uptimes: 358
tot_uptimes_duration: 21420.0
