comms_cons: 134.57753599905095
finished_reconf: true
global_termination_time: 1396670.202
local_termination_time: 767262.2743599998
node_cons: 28696.738980000002
tot_aggregated_send: 19894
tot_msg_rcv: 206
tot_msg_sent: 355
tot_reconf_duration: 11.31
tot_sleeping_duration: 1375250.202
tot_uptimes: 358
tot_uptimes_duration: 21420.00000000003
