comms_cons: 110.38644479911497
finished_reconf: true
global_termination_time: 1135762.514
local_termination_time: 732347.5654799978
node_cons: 23308.025123838517
tot_aggregated_send: 16530
tot_msg_rcv: 31
tot_msg_sent: 217
tot_reconf_duration: 5.1
tot_sleeping_duration: 1118360.6474400011
tot_uptimes: 291
tot_uptimes_duration: 17401.86655999889
