comms_cons: 331.7561598096739
finished_reconf: true
global_termination_time: 1136715.46
local_termination_time: 267168.2396000001
node_cons: 46508.15633699942
tot_aggregated_send: 0
tot_msg_rcv: 16877
tot_msg_sent: 33548
tot_reconf_duration: 13.17
tot_sleeping_duration: 1101995.317
tot_uptimes: 577
tot_uptimes_duration: 34720.14299999998
