comms_cons: 116.17144319201955
finished_reconf: true
global_termination_time: 1135101.89948
local_termination_time: 194049.55636000005
node_cons: 23349.9299176684
tot_aggregated_send: 14848
tot_msg_rcv: 840
tot_msg_sent: 1971
tot_reconf_duration: 22.65
tot_sleeping_duration: 1117686.5363600086
tot_uptimes: 291
tot_uptimes_duration: 17415.36311999132
