comms_cons: 115.3395455929025
finished_reconf: true
global_termination_time: 1135782.626
local_termination_time: 217302.171600001
node_cons: 23303.94442911155
tot_aggregated_send: 15254
tot_msg_rcv: 703
tot_msg_sent: 1573
tot_reconf_duration: 3.05
tot_sleeping_duration: 1118381.7279200063
tot_uptimes: 291
tot_uptimes_duration: 17400.898079993676
