comms_cons: 113.19151999433788
finished_reconf: true
global_termination_time: 1135101.7471200002
local_termination_time: 194087.54236000002
node_cons: 23344.453041913926
tot_aggregated_send: 15254
tot_msg_rcv: 495
tot_msg_sent: 1459
tot_reconf_duration: 7.819999999999999
tot_sleeping_duration: 1117675.4338400047
tot_uptimes: 291
tot_uptimes_duration: 17426.313279995462
