comms_cons: 1.3750527999988047
finished_reconf: true
global_termination_time: 11196.726
local_termination_time: 1655.4409200000014
node_cons: 178.5648600000001
tot_aggregated_send: 0
tot_msg_rcv: 102
tot_msg_sent: 106
tot_reconf_duration: 13.17
tot_sleeping_duration: 11076.726
tot_uptimes: 3
tot_uptimes_duration: 120.0
