comms_cons: 36.01820160047476
finished_reconf: true
global_termination_time: 168604.93128000043
local_termination_time: 929.9730399999995
node_cons: 3516.942408401166
tot_aggregated_send: 0
tot_msg_rcv: 2960
tot_msg_sent: 2511
tot_reconf_duration: 18.21
tot_sleeping_duration: 165996.85567999954
tot_uptimes: 44
tot_uptimes_duration: 2608.0756000008696
