comms_cons: 80.84154880072913
finished_reconf: true
global_termination_time: 168604.29016000032
local_termination_time: 168604.24904000032
node_cons: 10168.934063480756
tot_aggregated_send: 0
tot_msg_rcv: 4983
tot_msg_sent: 7305
tot_reconf_duration: 24.59
tot_sleeping_duration: 161034.80483999976
tot_uptimes: 124
tot_uptimes_duration: 7569.485320000547
