comms_cons: 17.469824000133276
finished_reconf: true
global_termination_time: 168605.08852000049
local_termination_time: 147199.68596000058
node_cons: 3504.5470232806497
tot_aggregated_send: 2262
tot_msg_rcv: 142
tot_msg_sent: 251
tot_reconf_duration: 3.05
tot_sleeping_duration: 165990.895
tot_uptimes: 44
tot_uptimes_duration: 2614.1935200004955
