comms_cons: 26.343116799888122
finished_reconf: true
global_termination_time: 260150.417
local_termination_time: 7245.429880000004
node_cons: 5308.971980000006
tot_aggregated_send: 3422
tot_msg_rcv: 180
tot_msg_sent: 402
tot_reconf_duration: 4.8100000000000005
tot_sleeping_duration: 256190.417
tot_uptimes: 67
tot_uptimes_duration: 3960.0
