comms_cons: 101.26936959583898
finished_reconf: true
global_termination_time: 1017326.086
local_termination_time: 661744.7465999998
node_cons: 20896.84676000015
tot_aggregated_send: 14384
tot_msg_rcv: 350
tot_msg_sent: 658
tot_reconf_duration: 6.22
tot_sleeping_duration: 1001726.086
tot_uptimes: 261
tot_uptimes_duration: 15600.0
