comms_cons: 69.46222079969955
finished_reconf: true
global_termination_time: 704954.238
local_termination_time: 14376.8096
node_cons: 14467.16162000002
tot_aggregated_send: 10092
tot_msg_rcv: 121
tot_msg_sent: 344
tot_reconf_duration: 4.390000000000001
tot_sleeping_duration: 694154.238
tot_uptimes: 181
tot_uptimes_duration: 10800.0
