comms_cons: 69.43029759860397
finished_reconf: true
global_termination_time: 705334.641
local_termination_time: 341030.41956000077
node_cons: 14465.341900000085
tot_aggregated_send: 10208
tot_msg_rcv: 115
tot_msg_sent: 230
tot_reconf_duration: 3.05
tot_sleeping_duration: 694534.641
tot_uptimes: 181
tot_uptimes_duration: 10800.0
