comms_cons: 71.27310080026268
finished_reconf: true
global_termination_time: 704149.779
local_termination_time: 158956.76284000056
node_cons: 14471.827701121421
tot_aggregated_send: 9570
tot_msg_rcv: 396
tot_msg_sent: 867
tot_reconf_duration: 7.819999999999999
tot_sleeping_duration: 693349.7729199989
tot_uptimes: 181
tot_uptimes_duration: 10800.006080001069
