comms_cons: 48.956454400826296
finished_reconf: true
global_termination_time: 497368.011
local_termination_time: 343799.3944800005
node_cons: 10210.122082240565
tot_aggregated_send: 6670
tot_msg_rcv: 206
tot_msg_sent: 565
tot_reconf_duration: 5.1
tot_sleeping_duration: 489747.99883999955
tot_uptimes: 128
tot_uptimes_duration: 7620.012160000435
