comms_cons: 50.805209600563025
finished_reconf: true
global_termination_time: 497075.041
local_termination_time: 322006.8958000007
node_cons: 10209.736403364303
tot_aggregated_send: 6554
tot_msg_rcv: 356
tot_msg_sent: 812
tot_reconf_duration: 4.8100000000000005
tot_sleeping_duration: 489455.0227599968
tot_uptimes: 128
tot_uptimes_duration: 7620.018240003206
