comms_cons: 12.81145599977388
finished_reconf: true
global_termination_time: 104778.319
local_termination_time: 5785.077
node_cons: 2110.614144478602
tot_aggregated_send: 455
tot_msg_rcv: 788
tot_msg_sent: 705
tot_reconf_duration: 16.009999999999998
tot_sleeping_duration: 103218.29468000105
tot_uptimes: 27
tot_uptimes_duration: 1560.0243199989563
