comms_cons: 153.35184641556185
finished_reconf: true
global_termination_time: 315168.82320000016
local_termination_time: 1270.5060400000013
node_cons: 19412.751025400037
tot_aggregated_send: 0
tot_msg_rcv: 9321
tot_msg_sent: 13986
tot_reconf_duration: 18.21
tot_sleeping_duration: 300689.3446000001
tot_uptimes: 240
tot_uptimes_duration: 14479.478600000008
