comms_cons: 106.05214719456669
finished_reconf: true
global_termination_time: 1043053.0722400004
local_termination_time: 227382.72140000082
node_cons: 21556.083772797872
tot_aggregated_send: 14036
tot_msg_rcv: 690
tot_msg_sent: 1396
tot_reconf_duration: 18.21
tot_sleeping_duration: 1026972.8970400019
tot_uptimes: 268
tot_uptimes_duration: 16080.175199998397
