comms_cons: 105.89222399311976
finished_reconf: true
global_termination_time: 1045455.348
local_termination_time: 248306.22244000025
node_cons: 21468.705565588887
tot_aggregated_send: 14094
tot_msg_rcv: 613
tot_msg_sent: 1388
tot_reconf_duration: 13.17
tot_sleeping_duration: 1029435.3176000083
tot_uptimes: 268
tot_uptimes_duration: 16020.030399991665
