comms_cons: 106.26063358815323
finished_reconf: true
global_termination_time: 1045720.356
local_termination_time: 625887.1216799984
node_cons: 21461.847631177505
tot_aggregated_send: 12354
tot_msg_rcv: 1222
tot_msg_sent: 2575
tot_reconf_duration: 8.09
tot_sleeping_duration: 1029700.2952000168
tot_uptimes: 268
tot_uptimes_duration: 16020.060799983214
