comms_cons: 104.26058239478047
finished_reconf: true
global_termination_time: 1043761.213
local_termination_time: 387625.72736
node_cons: 21463.588642233673
tot_aggregated_send: 14616
tot_msg_rcv: 367
tot_msg_sent: 864
tot_reconf_duration: 9.42
tot_sleeping_duration: 1027741.2008400047
tot_uptimes: 268
tot_uptimes_duration: 16020.012159995269
