comms_cons: 105.78396159352774
finished_reconf: true
global_termination_time: 1043595.536
local_termination_time: 684802.0893599999
node_cons: 21467.955963350534
tot_aggregated_send: 14384
tot_msg_rcv: 600
tot_msg_sent: 1094
tot_reconf_duration: 12.629999999999999
tot_sleeping_duration: 1027575.5177600071
tot_uptimes: 268
tot_uptimes_duration: 16020.018239992904
