comms_cons: 107.03700479463123
finished_reconf: true
global_termination_time: 1045100.438
local_termination_time: 651753.6690799996
node_cons: 21465.690805593324
tot_aggregated_send: 14152
tot_msg_rcv: 787
tot_msg_sent: 1330
tot_reconf_duration: 10.95
tot_sleeping_duration: 1029080.4076000049
tot_uptimes: 268
tot_uptimes_duration: 16020.030399995041
