comms_cons: 2002.3223075444907
finished_reconf: true
global_termination_time: 4146173.9307199977
local_termination_time: 4146173.9307199977
node_cons: 251108.29727659517
tot_aggregated_send: 0
tot_msg_rcv: 123204
tot_msg_sent: 181136
tot_reconf_duration: 37.410000000000004
tot_sleeping_duration: 3958677.6689600246
tot_uptimes: 3068
tot_uptimes_duration: 187496.2617599733
