comms_cons: 415.8600320461753
finished_reconf: true
global_termination_time: 4146192.908
local_termination_time: 301981.4233200002
node_cons: 85258.71441228387
tot_aggregated_send: 57594
tot_msg_rcv: 1866
tot_msg_sent: 3747
tot_reconf_duration: 13.17
tot_sleeping_duration: 4082532.841120025
tot_uptimes: 1062
tot_uptimes_duration: 63660.06687997468
