comms_cons: 414.882956843597
finished_reconf: true
global_termination_time: 4146180.085
local_termination_time: 1408502.45736
node_cons: 85253.5974889336
tot_aggregated_send: 58116
tot_msg_rcv: 1747
tot_msg_sent: 3196
tot_reconf_duration: 9.42
tot_sleeping_duration: 4082520.036360018
tot_uptimes: 1062
tot_uptimes_duration: 63660.04863998201
