comms_cons: 415.44280325917106
finished_reconf: true
global_termination_time: 4149243.709
local_termination_time: 2571255.9428399988
node_cons: 85346.53158781743
tot_aggregated_send: 57594
tot_msg_rcv: 1844
tot_msg_sent: 3707
tot_reconf_duration: 18.700000000000003
tot_sleeping_duration: 4085523.666440015
tot_uptimes: 1063
tot_uptimes_duration: 63720.042559984606
