comms_cons: 419.3772480779037
finished_reconf: true
global_termination_time: 4146290.493
local_termination_time: 324509.2784800001
node_cons: 85261.66127228852
tot_aggregated_send: 56956
tot_msg_rcv: 2203
tot_msg_sent: 4584
tot_reconf_duration: 15.34
tot_sleeping_duration: 4082630.426120022
tot_uptimes: 1062
tot_uptimes_duration: 63660.06687997811
