comms_cons: 85.1545855984866
finished_reconf: true
global_termination_time: 854619.608
local_termination_time: 104927.96247999996
node_cons: 17520.097902238285
tot_aggregated_send: 11832
tot_msg_rcv: 298
tot_msg_sent: 813
tot_reconf_duration: 4.390000000000001
tot_sleeping_duration: 841539.5958400014
tot_uptimes: 219
tot_uptimes_duration: 13080.012159998703
