comms_cons: 0.6644991999996452
finished_reconf: true
global_termination_time: 6165.665
local_termination_time: 503.3243599999999
node_cons: 105.06917999999997
tot_aggregated_send: 0
tot_msg_rcv: 60
tot_msg_sent: 41
tot_reconf_duration: 18.21
tot_sleeping_duration: 6105.665
tot_uptimes: 2
tot_uptimes_duration: 60.0
