comms_cons: 56.66083840501736
finished_reconf: true
global_termination_time: 310391.633
local_termination_time: 57731.03236000001
node_cons: 6355.306760000009
tot_aggregated_send: 0
tot_msg_rcv: 4368
tot_msg_sent: 4244
tot_reconf_duration: 6.22
tot_sleeping_duration: 305651.633
tot_uptimes: 80
tot_uptimes_duration: 4740.0
