comms_cons: 1.3684736000030506
finished_reconf: true
global_termination_time: 4663.619
local_termination_time: 1619.6864800000003
node_cons: 88.86823999999996
tot_aggregated_send: 0
tot_msg_rcv: 150
tot_msg_sent: 56
tot_reconf_duration: 6.279999999999999
tot_sleeping_duration: 4603.619
tot_uptimes: 2
tot_uptimes_duration: 60.0
