comms_cons: 144.51338238576324
finished_reconf: true
global_termination_time: 1453722.74824
local_termination_time: 117349.72847999996
node_cons: 29930.374876158563
tot_aggregated_send: 16182
tot_msg_rcv: 2209
tot_msg_sent: 3574
tot_reconf_duration: 18.21
tot_sleeping_duration: 1431388.4348000013
tot_uptimes: 373
tot_uptimes_duration: 22334.313439998892
