comms_cons: 141.49227519880185
finished_reconf: true
global_termination_time: 1457306.559
local_termination_time: 253938.7754400002
node_cons: 29997.578700000042
tot_aggregated_send: 20880
tot_msg_rcv: 239
tot_msg_sent: 387
tot_reconf_duration: 22.65
tot_sleeping_duration: 1434926.559
tot_uptimes: 374
tot_uptimes_duration: 22380.0
