comms_cons: 141.95939839943654
finished_reconf: true
global_termination_time: 1454565.194
local_termination_time: 281517.0020400003
node_cons: 29901.838980000044
tot_aggregated_send: 21054
tot_msg_rcv: 215
tot_msg_sent: 308
tot_reconf_duration: 11.31
tot_sleeping_duration: 1432245.194
tot_uptimes: 373
tot_uptimes_duration: 22320.0
