comms_cons: 26.454963200203814
finished_reconf: true
global_termination_time: 265927.045
local_termination_time: 70698.15511999944
node_cons: 5469.089761121435
tot_aggregated_send: 3770
tot_msg_rcv: 80
tot_msg_sent: 171
tot_reconf_duration: 4.390000000000001
tot_sleeping_duration: 261847.03891999891
tot_uptimes: 69
tot_uptimes_duration: 4080.0060800010688
