comms_cons: 25.270707200724647
finished_reconf: true
global_termination_time: 248782.07800000007
local_termination_time: 38637.02136000001
node_cons: 5083.241622242972
tot_aggregated_send: 3074
tot_msg_rcv: 218
tot_msg_sent: 548
tot_reconf_duration: 8.09
tot_sleeping_duration: 244993.98583999785
tot_uptimes: 64
tot_uptimes_duration: 3788.092160002212
