comms_cons: 25.65132800027995
finished_reconf: true
global_termination_time: 253224.75
local_termination_time: 49769.84196000012
node_cons: 5148.291980000002
tot_aggregated_send: 3422
tot_msg_rcv: 190
tot_msg_sent: 286
tot_reconf_duration: 4.8100000000000005
tot_sleeping_duration: 249384.75
tot_uptimes: 65
tot_uptimes_duration: 3840.0
