comms_cons: 25.632563200777092
finished_reconf: true
global_termination_time: 252525.386
local_termination_time: 160637.65736000007
node_cons: 5147.7297611214535
tot_aggregated_send: 3306
tot_msg_rcv: 187
tot_msg_sent: 403
tot_reconf_duration: 4.390000000000001
tot_sleeping_duration: 248685.37991999893
tot_uptimes: 65
tot_uptimes_duration: 3840.0060800010688
