comms_cons: 110.60293119576582
finished_reconf: true
global_termination_time: 1100769.153
local_termination_time: 126129.16035999998
node_cons: 22606.314982233554
tot_aggregated_send: 15196
tot_msg_rcv: 530
tot_msg_sent: 1085
tot_reconf_duration: 22.65
tot_sleeping_duration: 1083909.1408400047
tot_uptimes: 282
tot_uptimes_duration: 16860.012159995153
