comms_cons: 224.04212477466956
finished_reconf: true
global_termination_time: 2208046.458
local_termination_time: 560142.5171999986
node_cons: 45396.30702893423
tot_aggregated_send: 29696
tot_msg_rcv: 1590
tot_msg_sent: 2768
tot_reconf_duration: 3.05
tot_sleeping_duration: 2174146.409360019
tot_uptimes: 566
tot_uptimes_duration: 33900.048639981076
