comms_cons: 220.5871999775978
finished_reconf: true
global_termination_time: 2207883.578
local_termination_time: 1194496.40636
node_cons: 45400.587465583776
tot_aggregated_send: 29406
tot_msg_rcv: 1444
tot_msg_sent: 2677
tot_reconf_duration: 6.22
tot_sleeping_duration: 2173983.547600012
tot_uptimes: 566
tot_uptimes_duration: 33900.03039998829
