comms_cons: 796.3996281873299
finished_reconf: true
global_termination_time: 1649430.0792799992
local_termination_time: 1649430.0381599993
node_cons: 99960.1971029094
tot_aggregated_send: 0
tot_msg_rcv: 48961
tot_msg_sent: 72087
tot_reconf_duration: 37.410000000000004
tot_sleeping_duration: 1574815.147000005
tot_uptimes: 1228
tot_uptimes_duration: 74614.93227999406
