comms_cons: 164.57273599285426
finished_reconf: true
global_termination_time: 1650972.134
local_termination_time: 172865.30836000008
node_cons: 33937.837400000026
tot_aggregated_send: 23548
tot_msg_rcv: 562
tot_msg_sent: 904
tot_reconf_duration: 25.299999999999997
tot_sleeping_duration: 1625652.134
tot_uptimes: 423
tot_uptimes_duration: 25320.0
