comms_cons: 163.295743995133
finished_reconf: true
global_termination_time: 1651265.064
local_termination_time: 358014.72784000053
node_cons: 33919.64019999995
tot_aggregated_send: 23780
tot_msg_rcv: 354
tot_msg_sent: 686
tot_reconf_duration: 11.899999999999999
tot_sleeping_duration: 1625945.064
tot_uptimes: 423
tot_uptimes_duration: 25320.0
