comms_cons: 168.53341438424454
finished_reconf: true
global_termination_time: 1649430.3591200002
local_termination_time: 264314.1227600008
node_cons: 33929.85579973615
tot_aggregated_send: 22330
tot_msg_rcv: 1135
tot_msg_sent: 2152
tot_reconf_duration: 4.390000000000001
tot_sleeping_duration: 1624095.113280018
tot_uptimes: 423
tot_uptimes_duration: 25335.245839982235
