comms_cons: 43.91616000026922
finished_reconf: true
global_termination_time: 448755.151
local_termination_time: 82692.00275999948
node_cons: 9171.131380000012
tot_aggregated_send: 6380
tot_msg_rcv: 71
tot_msg_sent: 224
tot_reconf_duration: 9.11
tot_sleeping_duration: 441915.151
tot_uptimes: 115
tot_uptimes_duration: 6840.0
