comms_cons: 146.94950399769266
finished_reconf: true
global_termination_time: 1503645.136
local_termination_time: 822187.6089999991
node_cons: 30939.346760000328
tot_aggregated_send: 20764
tot_msg_rcv: 481
tot_msg_sent: 1088
tot_reconf_duration: 6.22
tot_sleeping_duration: 1480545.1359999997
tot_uptimes: 386
tot_uptimes_duration: 23100.000000000116
