comms_cons: 119.95855359284282
finished_reconf: true
global_termination_time: 1189677.342
local_termination_time: 256159.1267600004
node_cons: 24448.14616782245
tot_aggregated_send: 15892
tot_msg_rcv: 782
tot_msg_sent: 1559
tot_reconf_duration: 18.21
tot_sleeping_duration: 1171437.2994400132
tot_uptimes: 305
tot_uptimes_duration: 18240.042559986876
