comms_cons: 120.28093438940007
finished_reconf: true
global_termination_time: 1186660.616
local_termination_time: 366126.67644000024
node_cons: 24373.835687817897
tot_aggregated_send: 15312
tot_msg_rcv: 1066
tot_msg_sent: 1904
tot_reconf_duration: 22.65
tot_sleeping_duration: 1168480.5734400165
tot_uptimes: 304
tot_uptimes_duration: 18180.04255998344
