comms_cons: 117.98051839485771
finished_reconf: true
global_termination_time: 1189334.752
local_termination_time: 594053.1553599999
node_cons: 24430.75022223361
tot_aggregated_send: 16356
tot_msg_rcv: 587
tot_msg_sent: 989
tot_reconf_duration: 5.43
tot_sleeping_duration: 1171094.7398400048
tot_uptimes: 305
tot_uptimes_duration: 18240.01215999527
