comms_cons: 42.146982400201004
finished_reconf: true
global_termination_time: 433106.661
local_termination_time: 53046.063360000015
node_cons: 8871.765541121445
tot_aggregated_send: 6206
tot_msg_rcv: 55
tot_msg_sent: 145
tot_reconf_duration: 25.299999999999997
tot_sleeping_duration: 426506.65491999895
tot_uptimes: 111
tot_uptimes_duration: 6600.006080001069
