comms_cons: 41.73186559992931
finished_reconf: true
global_termination_time: 428403.104
local_termination_time: 90917.46735999998
node_cons: 8767.67956000002
tot_aggregated_send: 6264
tot_msg_rcv: 28
tot_msg_sent: 51
tot_reconf_duration: 7.819999999999999
tot_sleeping_duration: 421863.104
tot_uptimes: 110
tot_uptimes_duration: 6540.0
