comms_cons: 107.11418879829091
finished_reconf: true
global_termination_time: 1078761.958
local_termination_time: 183156.20260000008
node_cons: 22180.388262238295
tot_aggregated_send: 15254
tot_msg_rcv: 285
tot_msg_sent: 741
tot_reconf_duration: 4.8100000000000005
tot_sleeping_duration: 1062201.9458400013
tot_uptimes: 277
tot_uptimes_duration: 16560.012159998703
