comms_cons: 52.09523200082088
finished_reconf: true
global_termination_time: 531700.609
local_termination_time: 159595.36680000072
node_cons: 11013.970222242866
tot_aggregated_send: 7250
tot_msg_rcv: 208
tot_msg_sent: 460
tot_reconf_duration: 5.43
tot_sleeping_duration: 523480.5968399979
tot_uptimes: 137
tot_uptimes_duration: 8220.012160002138
