comms_cons: 227.25901438567797
finished_reconf: true
global_termination_time: 2290870.407
local_termination_time: 450044.1680400003
node_cons: 47086.85290670503
tot_aggregated_send: 31436
tot_msg_rcv: 997
tot_msg_sent: 2108
tot_reconf_duration: 5.57
tot_sleeping_duration: 2255710.3705200106
tot_uptimes: 587
tot_uptimes_duration: 35160.03647998924
