comms_cons: 105.0451199947148
finished_reconf: true
global_termination_time: 1041895.1824799998
local_termination_time: 1041895.1413599999
node_cons: 21422.216083191757
tot_aggregated_send: 14544
tot_msg_rcv: 538
tot_msg_sent: 883
tot_reconf_duration: 24.59
tot_sleeping_duration: 1025921.4536800061
tot_uptimes: 267
tot_uptimes_duration: 15973.728799993813
