comms_cons: 104.14999039580646
finished_reconf: true
global_termination_time: 1044290.936
local_termination_time: 318410.8274000008
node_cons: 21457.713941121434
tot_aggregated_send: 13688
tot_msg_rcv: 691
tot_msg_sent: 1452
tot_reconf_duration: 5.1
tot_sleeping_duration: 1028270.9299199989
tot_uptimes: 268
tot_uptimes_duration: 16020.006080001069
