comms_cons: 101.4750847972514
finished_reconf: true
global_termination_time: 1042915.78
local_termination_time: 509657.28736
node_cons: 21485.14554111685
tot_aggregated_send: 14210
tot_msg_rcv: 403
tot_msg_sent: 810
tot_reconf_duration: 25.299999999999997
tot_sleeping_duration: 1026895.7739200024
tot_uptimes: 268
tot_uptimes_duration: 16020.006079997635
