comms_cons: 102.17392639740514
finished_reconf: true
global_termination_time: 1044312.161
local_termination_time: 742454.469239999
node_cons: 21468.664860000088
tot_aggregated_send: 14500
tot_msg_rcv: 358
tot_msg_sent: 671
tot_reconf_duration: 13.17
tot_sleeping_duration: 1028292.161
tot_uptimes: 268
tot_uptimes_duration: 16020.0
