comms_cons: 104.16847359363094
finished_reconf: true
global_termination_time: 1045293.903
local_termination_time: 98679.50647999997
node_cons: 21456.749761116866
tot_aggregated_send: 14674
tot_msg_rcv: 349
tot_msg_sent: 810
tot_reconf_duration: 4.390000000000001
tot_sleeping_duration: 1029273.8969200024
tot_uptimes: 268
tot_uptimes_duration: 16020.006079997635
