comms_cons: 105.2344639911067
finished_reconf: true
global_termination_time: 1043430.204
local_termination_time: 300756.9929600006
node_cons: 21466.163403350525
tot_aggregated_send: 14500
tot_msg_rcv: 513
tot_msg_sent: 982
tot_reconf_duration: 11.31
tot_sleeping_duration: 1027410.1857600071
tot_uptimes: 268
tot_uptimes_duration: 16020.018239992904
