comms_cons: 413.1810366482961
finished_reconf: true
global_termination_time: 849756.9703999992
local_termination_time: 849756.9292799992
node_cons: 52083.475172435035
tot_aggregated_send: 0
tot_msg_rcv: 25243
tot_msg_sent: 37560
tot_reconf_duration: 24.59
tot_sleeping_duration: 810884.6164400023
tot_uptimes: 639
tot_uptimes_duration: 38872.353959996835
