comms_cons: 168.5361023387565
finished_reconf: true
global_termination_time: 849757.5703999993
local_termination_time: 2055.89636
node_cons: 17500.198355835062
tot_aggregated_send: 0
tot_msg_rcv: 13013
tot_msg_sent: 12599
tot_reconf_duration: 18.21
tot_sleeping_duration: 836706.4358400031
tot_uptimes: 218
tot_uptimes_duration: 13051.134559996295
