comms_cons: 83.97095680130442
finished_reconf: true
global_termination_time: 854840.328
local_termination_time: 174681.52348000006
node_cons: 17534.984284485745
tot_aggregated_send: 11310
tot_msg_rcv: 469
tot_msg_sent: 985
tot_reconf_duration: 15.34
tot_sleeping_duration: 841760.3036799957
tot_uptimes: 219
tot_uptimes_duration: 13080.024320004275
