comms_cons: 85.68875519759138
finished_reconf: true
global_termination_time: 850604.976
local_termination_time: 259271.64032000018
node_cons: 17442.267465593384
tot_aggregated_send: 11252
tot_msg_rcv: 609
tot_msg_sent: 1163
tot_reconf_duration: 6.22
tot_sleeping_duration: 837584.945600005
tot_uptimes: 218
tot_uptimes_duration: 13020.030399995041
