comms_cons: 2.5066751999917165
finished_reconf: true
global_termination_time: 18834.153
local_termination_time: 6769.33736
node_cons: 336.71898000000056
tot_aggregated_send: 0
tot_msg_rcv: 213
tot_msg_sent: 168
tot_reconf_duration: 11.31
tot_sleeping_duration: 18594.153
tot_uptimes: 5
tot_uptimes_duration: 240.0
