comms_cons: 35.94216960020846
finished_reconf: true
global_termination_time: 361826.575
local_termination_time: 168333.37336000006
node_cons: 7397.811980000006
tot_aggregated_send: 5104
tot_msg_rcv: 131
tot_msg_sent: 228
tot_reconf_duration: 4.8100000000000005
tot_sleeping_duration: 356306.575
tot_uptimes: 93
tot_uptimes_duration: 5520.0
