comms_cons: 35.56120320000188
finished_reconf: true
global_termination_time: 361834.127
local_termination_time: 141996.89836000008
node_cons: 7397.241620000027
tot_aggregated_send: 5162
tot_msg_rcv: 73
tot_msg_sent: 170
tot_reconf_duration: 4.390000000000001
tot_sleeping_duration: 356314.127
tot_uptimes: 93
tot_uptimes_duration: 5520.0
