comms_cons: 36.119808000042745
finished_reconf: true
global_termination_time: 363396.947
local_termination_time: 48688.87236000001
node_cons: 7486.978980000005
tot_aggregated_send: 5220
tot_msg_rcv: 106
tot_msg_sent: 164
tot_reconf_duration: 11.31
tot_sleeping_duration: 357816.947
tot_uptimes: 94
tot_uptimes_duration: 5580.0
