comms_cons: 199.9813631769987
finished_reconf: true
global_termination_time: 1944972.229
local_termination_time: 583680.2089599987
node_cons: 40040.16825229888
tot_aggregated_send: 25926
tot_msg_rcv: 1616
tot_msg_sent: 2854
tot_reconf_duration: 22.65
tot_sleeping_duration: 1915092.1621200158
tot_uptimes: 499
tot_uptimes_duration: 29880.0668799844
