comms_cons: 192.86924799321463
finished_reconf: true
global_termination_time: 1944820.017
local_termination_time: 917184.9909599987
node_cons: 40017.848239999774
tot_aggregated_send: 27956
tot_msg_rcv: 436
tot_msg_sent: 923
tot_reconf_duration: 6.279999999999999
tot_sleeping_duration: 1914940.017
tot_uptimes: 499
tot_uptimes_duration: 29880.0
