comms_cons: 192.0073727924897
finished_reconf: true
global_termination_time: 1943664.139359999
local_termination_time: 1943664.098239999
node_cons: 40014.518593281115
tot_aggregated_send: 27884
tot_msg_rcv: 339
tot_msg_sent: 960
tot_reconf_duration: 24.59
tot_sleeping_duration: 1913805.1958399978
tot_uptimes: 498
tot_uptimes_duration: 29858.943520001016
