comms_cons: 138.09963519644063
finished_reconf: true
global_termination_time: 1406821.775
local_termination_time: 664082.9450000001
node_cons: 28954.611140080913
tot_aggregated_send: 19138
tot_msg_rcv: 685
tot_msg_sent: 1166
tot_reconf_duration: 22.65
tot_sleeping_duration: 1385220.6902799993
tot_uptimes: 361
tot_uptimes_duration: 21601.084720000625
