comms_cons: 137.80792319953468
finished_reconf: true
global_termination_time: 1406149.564
local_termination_time: 789117.92736
node_cons: 28926.54190000011
tot_aggregated_send: 20184
tot_msg_rcv: 291
tot_msg_sent: 471
tot_reconf_duration: 3.05
tot_sleeping_duration: 1384549.564
tot_uptimes: 361
tot_uptimes_duration: 21600.0
