comms_cons: 138.03161599756888
finished_reconf: true
global_termination_time: 1404584.5664799998
local_termination_time: 1404584.5253599999
node_cons: 28893.819800962705
tot_aggregated_send: 20402
tot_msg_rcv: 163
tot_msg_sent: 414
tot_reconf_duration: 24.59
tot_sleeping_duration: 1383030.8498399977
tot_uptimes: 360
tot_uptimes_duration: 21553.716640001978
