comms_cons: 435.9502397270535
finished_reconf: true
global_termination_time: 2663865.445
local_termination_time: 1306618.4205999996
node_cons: 54822.70382894283
tot_aggregated_send: 0
tot_msg_rcv: 33705
tot_msg_sent: 32555
tot_reconf_duration: 22.65
tot_sleeping_duration: 2622945.3963600122
tot_uptimes: 683
tot_uptimes_duration: 40920.048639987945
