comms_cons: 262.3774463915105
finished_reconf: true
global_termination_time: 2663784.491
local_termination_time: 1441416.0111999996
node_cons: 54800.40823999913
tot_aggregated_send: 38338
tot_msg_rcv: 489
tot_msg_sent: 1053
tot_reconf_duration: 6.279999999999999
tot_sleeping_duration: 2622864.491
tot_uptimes: 683
tot_uptimes_duration: 40920.0
