comms_cons: 263.0551999776885
finished_reconf: true
global_termination_time: 2663972.198
local_termination_time: 1310456.6443599998
node_cons: 54796.06260558301
tot_aggregated_send: 35902
tot_msg_rcv: 1340
tot_msg_sent: 2741
tot_reconf_duration: 3.05
tot_sleeping_duration: 2623052.167600012
tot_uptimes: 683
tot_uptimes_duration: 40920.03039998817
