comms_cons: 260.3689983820117
finished_reconf: true
global_termination_time: 2583341.47
local_termination_time: 977525.7478799991
node_cons: 53135.60453451866
tot_aggregated_send: 34568
tot_msg_rcv: 1741
tot_msg_sent: 3266
tot_reconf_duration: 22.65
tot_sleeping_duration: 2543681.3909600307
tot_uptimes: 662
tot_uptimes_duration: 39660.079039969714
