comms_cons: 262.7040575920207
finished_reconf: true
global_termination_time: 2583685.458
local_termination_time: 1416850.1703599999
node_cons: 53113.23560670014
tot_aggregated_send: 34916
tot_msg_rcv: 1670
tot_msg_sent: 3344
tot_reconf_duration: 6.22
tot_sleeping_duration: 2544025.4215200143
tot_uptimes: 662
tot_uptimes_duration: 39660.03647998581
