comms_cons: 259.6569023911304
finished_reconf: true
global_termination_time: 2579785.2842399916
local_termination_time: 22636.453240000003
node_cons: 53099.36536836323
tot_aggregated_send: 35206
tot_msg_rcv: 1342
tot_msg_sent: 2919
tot_reconf_duration: 11.31
tot_sleeping_duration: 2540140.7686400185
tot_uptimes: 661
tot_uptimes_duration: 39644.51559997315
