comms_cons: 262.5672895945544
finished_reconf: true
global_termination_time: 2584619.855
local_termination_time: 1250233.6915999998
node_cons: 53131.9829591001
tot_aggregated_send: 34452
tot_msg_rcv: 1877
tot_msg_sent: 3581
tot_reconf_duration: 15.34
tot_sleeping_duration: 2544955.066920014
tot_uptimes: 662
tot_uptimes_duration: 39664.78807998567
