comms_cons: 275.89085442133427
finished_reconf: true
global_termination_time: 2811040.183
local_termination_time: 4425.091
node_cons: 57852.738826700595
tot_aggregated_send: 39318
tot_msg_rcv: 873
tot_msg_sent: 1744
tot_reconf_duration: 5.8100000000000005
tot_sleeping_duration: 2767840.146520014
tot_uptimes: 720
tot_uptimes_duration: 43200.03647998627
