comms_cons: 282.5263296078789
finished_reconf: true
global_termination_time: 2810840.84
local_termination_time: 4408.612
node_cons: 57850.76155117681
tot_aggregated_send: 37985
tot_msg_rcv: 1550
tot_msg_sent: 3407
tot_reconf_duration: 4.33
tot_sleeping_duration: 2767640.7792000165
tot_uptimes: 720
tot_uptimes_duration: 43200.06079998345
