comms_cons: 444.3246144427612
finished_reconf: true
global_termination_time: 4471832.636119999
local_termination_time: 4471832.594999999
node_cons: 92072.05625839064
tot_aggregated_send: 64192
tot_msg_rcv: 1104
tot_msg_sent: 2236
tot_reconf_duration: 24.59
tot_sleeping_duration: 4403095.770520004
tot_uptimes: 1146
tot_uptimes_duration: 68736.8655999951
