comms_cons: 443.97705605086185
finished_reconf: true
global_termination_time: 4472565.875
local_termination_time: 473667.9503600001
node_cons: 91995.89710893738
tot_aggregated_send: 61886
tot_msg_rcv: 1816
tot_msg_sent: 3780
tot_reconf_duration: 4.8100000000000005
tot_sleeping_duration: 4403865.826360015
tot_uptimes: 1146
tot_uptimes_duration: 68700.04863998498
