comms_cons: 442.15360645568586
finished_reconf: true
global_termination_time: 4471879.082
local_termination_time: 769585.3923999983
node_cons: 91993.47446446551
tot_aggregated_send: 62640
tot_msg_rcv: 1508
tot_msg_sent: 3057
tot_reconf_duration: 3.05
tot_sleeping_duration: 4403179.05768001
tot_uptimes: 1146
tot_uptimes_duration: 68700.024319991
