comms_cons: 705.3462217451388
finished_reconf: true
global_termination_time: 4474372.877
local_termination_time: 1201785.67936
node_cons: 92004.68340334838
tot_aggregated_send: 0
tot_msg_rcv: 54008
tot_msg_sent: 53198
tot_reconf_duration: 11.31
tot_sleeping_duration: 4405672.858760008
tot_uptimes: 1146
tot_uptimes_duration: 68700.01823999314
