comms_cons: 918.1790530056217
finished_reconf: true
global_termination_time: 9311181.224
local_termination_time: 3076352.7036
node_cons: 191537.5427878133
tot_aggregated_send: 129282
tot_msg_rcv: 3480
tot_msg_sent: 6796
tot_reconf_duration: 5.1
tot_sleeping_duration: 9168141.181440014
tot_uptimes: 2385
tot_uptimes_duration: 143040.04255998507
