comms_cons: 915.9080705408086
finished_reconf: true
global_termination_time: 9312980.337
local_termination_time: 3672349.739519998
node_cons: 191542.9720855787
tot_aggregated_send: 129572
tot_msg_rcv: 3200
tot_msg_sent: 6440
tot_reconf_duration: 9.11
tot_sleeping_duration: 9169940.30660001
tot_uptimes: 2385
tot_uptimes_duration: 143040.03039998934
