comms_cons: 912.20126093028
finished_reconf: true
global_termination_time: 9312928.287
local_termination_time: 6339864.31828
node_cons: 191545.4463822277
tot_aggregated_send: 130152
tot_msg_rcv: 2856
tot_msg_sent: 5641
tot_reconf_duration: 10.95
tot_sleeping_duration: 9169888.274840005
tot_uptimes: 2385
tot_uptimes_duration: 143040.01215999573
