comms_cons: 929.9172866431343
finished_reconf: true
global_termination_time: 9308467.46
local_termination_time: 1540602.1803599999
node_cons: 191458.73188892996
tot_aggregated_send: 129804
tot_msg_rcv: 4055
tot_msg_sent: 7483
tot_reconf_duration: 6.22
tot_sleeping_duration: 9165487.411360018
tot_uptimes: 2384
tot_uptimes_duration: 142980.0486399827
