comms_cons: 76.35224319807467
finished_reconf: true
global_termination_time: 761776.5545999998
local_termination_time: 761776.5134799998
node_cons: 15713.568262877177
tot_aggregated_send: 10777
tot_msg_rcv: 293
tot_msg_sent: 535
tot_reconf_duration: 21.23
tot_sleeping_duration: 750062.784680002
tot_uptimes: 196
tot_uptimes_duration: 11713.769919997867
