comms_cons: 1.9869184000002411
finished_reconf: true
global_termination_time: 8710.474
local_termination_time: 6245.428360000001
node_cons: 176.84020000000075
tot_aggregated_send: 0
tot_msg_rcv: 196
tot_msg_sent: 105
tot_reconf_duration: 11.899999999999999
tot_sleeping_duration: 8590.474
tot_uptimes: 3
tot_uptimes_duration: 120.0
