comms_cons: 34.5473792001693
finished_reconf: true
global_termination_time: 349322.201
local_termination_time: 26245.20648
node_cons: 7160.879560000008
tot_aggregated_send: 5046
tot_msg_rcv: 96
tot_msg_sent: 109
tot_reconf_duration: 7.819999999999999
tot_sleeping_duration: 343982.201
tot_uptimes: 90
tot_uptimes_duration: 5340.0
