comms_cons: 34.415795200138305
finished_reconf: true
global_termination_time: 350490.326
local_termination_time: 65063.72848000001
node_cons: 7165.618980000005
tot_aggregated_send: 5046
tot_msg_rcv: 78
tot_msg_sent: 107
tot_reconf_duration: 11.31
tot_sleeping_duration: 345150.326
tot_uptimes: 90
tot_uptimes_duration: 5340.0
