comms_cons: 281.9785984230024
finished_reconf: true
global_termination_time: 2810998.47
local_termination_time: 5226.961
node_cons: 57850.23737005141
tot_aggregated_send: 38681
tot_msg_rcv: 1323
tot_msg_sent: 2854
tot_reconf_duration: 3.95
tot_sleeping_duration: 2767798.415280021
tot_uptimes: 720
tot_uptimes_duration: 43200.05471997941
