comms_cons: 407.3380096134736
finished_reconf: true
global_termination_time: 4204012.998
local_termination_time: 2317273.0702799987
node_cons: 86453.41220111528
tot_aggregated_send: 58928
tot_msg_rcv: 980
tot_msg_sent: 2005
tot_reconf_duration: 5.57
tot_sleeping_duration: 4139452.991920002
tot_uptimes: 1077
tot_uptimes_duration: 64560.00607999787
