comms_cons: 130.40695039008313
finished_reconf: true
global_termination_time: 1274274.078
local_termination_time: 497514.047
node_cons: 26195.714118742595
tot_aggregated_send: 17166
tot_msg_rcv: 906
tot_msg_sent: 1750
tot_reconf_duration: 3.05
tot_sleeping_duration: 1254713.531160013
tot_uptimes: 327
tot_uptimes_duration: 19560.546839986928
