comms_cons: 277.50163202191874
finished_reconf: true
global_termination_time: 2809265.493
local_termination_time: 1516.4592400000004
node_cons: 57854.4716278171
tot_aggregated_send: 38860
tot_msg_rcv: 1104
tot_msg_sent: 2215
tot_reconf_duration: 7.08
tot_sleeping_duration: 2766065.450440016
tot_uptimes: 720
tot_uptimes_duration: 43200.042559983674
