comms_cons: 325.23617282615396
finished_reconf: true
global_termination_time: 3274017.277
local_termination_time: 1162965.9910799987
node_cons: 67349.64917999851
tot_aggregated_send: 46922
tot_msg_rcv: 847
tot_msg_sent: 1665
tot_reconf_duration: 18.21
tot_sleeping_duration: 3223737.277
tot_uptimes: 839
tot_uptimes_duration: 50280.0
