comms_cons: 601.3964097321765
finished_reconf: true
global_termination_time: 6021606.129
local_termination_time: 1413023.2349599998
node_cons: 123975.28026558128
tot_aggregated_send: 84506
tot_msg_rcv: 2433
tot_msg_sent: 4469
tot_reconf_duration: 7.819999999999999
tot_sleeping_duration: 5929026.09860001
tot_uptimes: 1543
tot_uptimes_duration: 92580.03039998887
