comms_cons: 603.0176641387483
finished_reconf: true
global_termination_time: 6022527.706
local_termination_time: 2156629.09136
node_cons: 123891.69464558174
tot_aggregated_send: 83752
tot_msg_rcv: 2792
tot_msg_sent: 5109
tot_reconf_duration: 5.43
tot_sleeping_duration: 5930007.675600011
tot_uptimes: 1543
tot_uptimes_duration: 92520.0303999891
