comms_cons: 43.89642240075446
finished_reconf: true
global_termination_time: 435061.52
local_termination_time: 300333.53836000006
node_cons: 8933.115262242869
tot_aggregated_send: 6032
tot_msg_rcv: 242
tot_msg_sent: 398
tot_reconf_duration: 11.31
tot_sleeping_duration: 428401.5078399979
tot_uptimes: 112
tot_uptimes_duration: 6660.0121600021375
