comms_cons: 106.56988159167585
finished_reconf: true
global_termination_time: 1051862.381
local_termination_time: 322855.12548000005
node_cons: 21698.790928948456
tot_aggregated_send: 13804
tot_msg_rcv: 761
tot_msg_sent: 1633
tot_reconf_duration: 5.1
tot_sleeping_duration: 1035662.3323600086
tot_uptimes: 270
tot_uptimes_duration: 16200.048639991379
