comms_cons: 110.0502783885942
finished_reconf: true
global_termination_time: 1055096.101
local_termination_time: 271693.53036000003
node_cons: 21700.352594541804
tot_aggregated_send: 13688
tot_msg_rcv: 1118
tot_msg_sent: 1921
tot_reconf_duration: 6.22
tot_sleeping_duration: 1038896.0219600135
tot_uptimes: 271
tot_uptimes_duration: 16200.07903998642
