comms_cons: 304.6038016008465
finished_reconf: true
global_termination_time: 3080267.993
local_termination_time: 1443646.6623599997
node_cons: 63314.84579999853
tot_aggregated_send: 43848
tot_msg_rcv: 739
tot_msg_sent: 1711
tot_reconf_duration: 5.1
tot_sleeping_duration: 3032987.993
tot_uptimes: 789
tot_uptimes_duration: 47280.0
