comms_cons: 302.11028480013846
finished_reconf: true
global_termination_time: 3079585.924
local_termination_time: 1714868.1103599998
node_cons: 63342.27739999879
tot_aggregated_send: 44544
tot_msg_rcv: 458
tot_msg_sent: 917
tot_reconf_duration: 25.299999999999997
tot_sleeping_duration: 3032305.924
tot_uptimes: 789
tot_uptimes_duration: 47280.0
