comms_cons: 305.3818688076897
finished_reconf: true
global_termination_time: 3078895.5
local_termination_time: 1454082.42836
node_cons: 63324.08019999891
tot_aggregated_send: 44196
tot_msg_rcv: 837
tot_msg_sent: 1383
tot_reconf_duration: 11.899999999999999
tot_sleeping_duration: 3031615.5
tot_uptimes: 789
tot_uptimes_duration: 47280.0
