comms_cons: 311.15553921780725
finished_reconf: true
global_termination_time: 3079461.667
local_termination_time: 848312.6754799999
node_cons: 63312.11888781661
tot_aggregated_send: 41122
tot_msg_rcv: 2230
tot_msg_sent: 3943
tot_reconf_duration: 3.05
tot_sleeping_duration: 3032181.6244400167
tot_uptimes: 789
tot_uptimes_duration: 47280.04255998344
