comms_cons: 372.25194885893916
finished_reconf: true
global_termination_time: 3665941.88
local_termination_time: 1410145.99236
node_cons: 75369.58840670054
tot_aggregated_send: 50054
tot_msg_rcv: 2174
tot_msg_sent: 4352
tot_reconf_duration: 7.819999999999999
tot_sleeping_duration: 3609661.843520013
tot_uptimes: 939
tot_uptimes_duration: 56280.03647998674
