comms_cons: 370.20305285501706
finished_reconf: true
global_termination_time: 3665135.708
local_termination_time: 1353019.303999999
node_cons: 75367.4156067001
tot_aggregated_send: 50808
tot_msg_rcv: 1861
tot_msg_sent: 3599
tot_reconf_duration: 6.22
tot_sleeping_duration: 3608855.671520014
tot_uptimes: 939
tot_uptimes_duration: 56280.036479986506
