comms_cons: 369.65744004934356
finished_reconf: true
global_termination_time: 3666142.454
local_termination_time: 859207.2292399978
node_cons: 75366.46094005718
tot_aggregated_send: 50866
tot_msg_rcv: 1776
tot_msg_sent: 3544
tot_reconf_duration: 5.43
tot_sleeping_duration: 3609862.3292800155
tot_uptimes: 939
tot_uptimes_duration: 56280.124719984364
