comms_cons: 41.53448960035959
finished_reconf: true
global_termination_time: 404696.294
local_termination_time: 313608.67348000006
node_cons: 8283.474901121403
tot_aggregated_send: 5220
tot_msg_rcv: 343
tot_msg_sent: 750
tot_reconf_duration: 6.22
tot_sleeping_duration: 398516.2879199989
tot_uptimes: 104
tot_uptimes_duration: 6180.006080001069
