comms_cons: 203.41008638311456
finished_reconf: true
global_termination_time: 2040344.854
local_termination_time: 1392340.1159599996
node_cons: 41968.254982233186
tot_aggregated_send: 28014
tot_msg_rcv: 970
tot_msg_sent: 1933
tot_reconf_duration: 22.65
tot_sleeping_duration: 2009024.8418400048
tot_uptimes: 523
tot_uptimes_duration: 31320.01215999526
