comms_cons: 206.19212798443593
finished_reconf: true
global_termination_time: 2041693.16
local_termination_time: 386982.62896000064
node_cons: 41958.360566700685
tot_aggregated_send: 28420
tot_msg_rcv: 1070
tot_msg_sent: 1850
tot_reconf_duration: 15.34
tot_sleeping_duration: 2010373.123520014
tot_uptimes: 523
tot_uptimes_duration: 31320.036479985807
