comms_cons: 204.758489587221
finished_reconf: true
global_termination_time: 2039014.258
local_termination_time: 695702.4464799999
node_cons: 41971.861823350286
tot_aggregated_send: 28478
tot_msg_rcv: 865
tot_msg_sent: 1780
tot_reconf_duration: 25.299999999999997
tot_sleeping_duration: 2007694.2397600068
tot_uptimes: 523
tot_uptimes_duration: 31320.01823999296
