comms_cons: 203.62056318639685
finished_reconf: true
global_termination_time: 2037212.558
local_termination_time: 1204782.852999999
node_cons: 41863.117902233185
tot_aggregated_send: 27956
tot_msg_rcv: 1133
tot_msg_sent: 1860
tot_reconf_duration: 4.390000000000001
tot_sleeping_duration: 2005952.5458400047
tot_uptimes: 522
tot_uptimes_duration: 31260.01215999527
