comms_cons: 202.30386558935035
finished_reconf: true
global_termination_time: 2038532.342
local_termination_time: 584170.7757999984
node_cons: 41941.64632335022
tot_aggregated_send: 28478
tot_msg_rcv: 707
tot_msg_sent: 1564
tot_reconf_duration: 3.05
tot_sleeping_duration: 2007212.323760007
tot_uptimes: 523
tot_uptimes_duration: 31320.018239992907
