comms_cons: 2.1908735999927607
finished_reconf: true
global_termination_time: 14307.37
local_termination_time: 10735.6036
node_cons: 271.7786999999995
tot_aggregated_send: 0
tot_msg_rcv: 180
tot_msg_sent: 153
tot_reconf_duration: 22.65
tot_sleeping_duration: 14127.37
tot_uptimes: 4
tot_uptimes_duration: 180.0
