comms_cons: 2.2632447999967056
finished_reconf: true
global_termination_time: 13322.226
local_termination_time: 10402.145359999999
node_cons: 249.5482399999984
tot_aggregated_send: 0
tot_msg_rcv: 175
tot_msg_sent: 169
tot_reconf_duration: 6.279999999999999
tot_sleeping_duration: 13142.226
tot_uptimes: 4
tot_uptimes_duration: 180.0
