comms_cons: 2.2435071999925866
finished_reconf: true
global_termination_time: 14727.131
local_termination_time: 10750.62436
node_cons: 253.81236000000007
tot_aggregated_send: 0
tot_msg_rcv: 175
tot_msg_sent: 166
tot_reconf_duration: 9.42
tot_sleeping_duration: 14547.131
tot_uptimes: 4
tot_uptimes_duration: 180.0
