comms_cons: 2.2704511999939
finished_reconf: true
global_termination_time: 15168.002
local_termination_time: 10724.76136
node_cons: 257.1801999999995
tot_aggregated_send: 0
tot_msg_rcv: 182
tot_msg_sent: 163
tot_reconf_duration: 11.899999999999999
tot_sleeping_duration: 14988.002
tot_uptimes: 4
tot_uptimes_duration: 180.0
