comms_cons: 192.1455359826226
finished_reconf: true
global_termination_time: 1919108.12424
local_termination_time: 251293.72136000005
node_cons: 39490.802311649546
tot_aggregated_send: 25984
tot_msg_rcv: 1071
tot_msg_sent: 2149
tot_reconf_duration: 18.21
tot_sleeping_duration: 1889633.8351200228
tot_uptimes: 492
tot_uptimes_duration: 29474.289119977446
