comms_cons: 190.4612607928538
finished_reconf: true
global_termination_time: 1923630.502
local_termination_time: 785290.6634399995
node_cons: 39534.84405999969
tot_aggregated_send: 27840
tot_msg_rcv: 418
tot_msg_sent: 691
tot_reconf_duration: 5.57
tot_sleeping_duration: 1894110.502
tot_uptimes: 493
tot_uptimes_duration: 29520.0
