comms_cons: 463.0954108551397
finished_reconf: true
global_termination_time: 1920292.81
local_termination_time: 1028179.690999998
node_cons: 78393.10063911241
tot_aggregated_send: 0
tot_msg_rcv: 23536
tot_msg_sent: 46851
tot_reconf_duration: 13.17
tot_sleeping_duration: 1861760.1619200045
tot_uptimes: 970
tot_uptimes_duration: 58532.64807999568
