comms_cons: 189.3954303923375
finished_reconf: true
global_termination_time: 1920448.921
local_termination_time: 1104028.61336
node_cons: 39459.3113799999
tot_aggregated_send: 27434
tot_msg_rcv: 435
tot_msg_sent: 918
tot_reconf_duration: 9.11
tot_sleeping_duration: 1890988.921
tot_uptimes: 492
tot_uptimes_duration: 29460.0
