comms_cons: 315.05501416517615
finished_reconf: true
global_termination_time: 1920292.81
local_termination_time: 1028171.6898799981
node_cons: 39455.42960798118
tot_aggregated_send: 0
tot_msg_rcv: 24348
tot_msg_sent: 23538
tot_reconf_duration: 6.22
tot_sleeping_duration: 1890832.7780000141
tot_uptimes: 492
tot_uptimes_duration: 29460.031999986037
