comms_cons: 463.0387392650536
finished_reconf: true
global_termination_time: 4607548.914
local_termination_time: 151119.41936000006
node_cons: 94751.71639341439
tot_aggregated_send: 64438
tot_msg_rcv: 2089
tot_msg_sent: 3851
tot_reconf_duration: 22.65
tot_sleeping_duration: 4536808.841040017
tot_uptimes: 1180
tot_uptimes_duration: 70740.07295998285
