comms_cons: 458.7907776661605
finished_reconf: true
global_termination_time: 4607219.466
local_termination_time: 606852.12536
node_cons: 94731.53654781685
tot_aggregated_send: 63800
tot_msg_rcv: 1908
tot_msg_sent: 4025
tot_reconf_duration: 7.819999999999999
tot_sleeping_duration: 4536479.423440016
tot_uptimes: 1180
tot_uptimes_duration: 70740.0425599846
