comms_cons: 39.31500800141332
finished_reconf: true
global_termination_time: 202162.338
local_termination_time: 2127.3663600000004
node_cons: 4101.4819000000025
tot_aggregated_send: 0
tot_msg_rcv: 3019
tot_msg_sent: 2956
tot_reconf_duration: 3.05
tot_sleeping_duration: 199102.338
tot_uptimes: 52
tot_uptimes_duration: 3060.0
