comms_cons: 51.99604479966521
finished_reconf: true
global_termination_time: 527808.109
local_termination_time: 211748.663
node_cons: 10878.102998962373
tot_aggregated_send: 7596
tot_msg_rcv: 94
tot_msg_sent: 213
tot_reconf_duration: 22.65
tot_sleeping_duration: 519707.0303599983
tot_uptimes: 136
tot_uptimes_duration: 8101.078640001768
