comms_cons: 24.718054400133003
finished_reconf: true
global_termination_time: 250139.979
local_termination_time: 20643.2206
node_cons: 5162.279380000005
tot_aggregated_send: 3596
tot_msg_rcv: 59
tot_msg_sent: 102
tot_reconf_duration: 15.110000000000001
tot_sleeping_duration: 246299.979
tot_uptimes: 65
tot_uptimes_duration: 3840.0
