comms_cons: 24.744371199904254
finished_reconf: true
global_termination_time: 251372.495
local_termination_time: 73411.66443999986
node_cons: 5147.721620000004
tot_aggregated_send: 3654
tot_msg_rcv: 52
tot_msg_sent: 54
tot_reconf_duration: 4.390000000000001
tot_sleeping_duration: 247532.495
tot_uptimes: 65
tot_uptimes_duration: 3840.0
