comms_cons: 49.57235199987055
finished_reconf: true
global_termination_time: 14317.986240000002
local_termination_time: 1031.4324799999974
node_cons: 6279.8002479600345
tot_aggregated_send: 0
tot_msg_rcv: 3816
tot_msg_sent: 3717
tot_reconf_duration: 18.21
tot_sleeping_duration: 9646.536599999978
tot_uptimes: 64
tot_uptimes_duration: 4671.449640000024
