comms_cons: 2.256665599992543
finished_reconf: true
global_termination_time: 14400.928
local_termination_time: 9028.605360000001
node_cons: 248.58406000000207
tot_aggregated_send: 0
tot_msg_rcv: 174
tot_msg_sent: 169
tot_reconf_duration: 5.57
tot_sleeping_duration: 14220.928
tot_uptimes: 4
tot_uptimes_duration: 180.0
