comms_cons: 419.28113923691467
finished_reconf: true
global_termination_time: 4232297.817
local_termination_time: 668957.4307599991
node_cons: 87012.39446446541
tot_aggregated_send: 58290
tot_msg_rcv: 1799
tot_msg_sent: 3639
tot_reconf_duration: 3.05
tot_sleeping_duration: 4167317.792680009
tot_uptimes: 1084
tot_uptimes_duration: 64980.02431999077
