comms_cons: 417.04616962181353
finished_reconf: true
global_termination_time: 4231696.781
local_termination_time: 1777092.643639999
node_cons: 87015.61836334842
tot_aggregated_send: 57710
tot_msg_rcv: 1963
tot_msg_sent: 3715
tot_reconf_duration: 5.43
tot_sleeping_duration: 4166716.7627600073
tot_uptimes: 1084
tot_uptimes_duration: 64980.01823999314
