comms_cons: 11.322803199945508
finished_reconf: true
global_termination_time: 114553.816
local_termination_time: 47087.177000000185
node_cons: 2369.0292773588403
tot_aggregated_send: 1102
tot_msg_rcv: 214
tot_msg_sent: 405
tot_reconf_duration: 18.21
tot_sleeping_duration: 112803.03176000087
tot_uptimes: 30
tot_uptimes_duration: 1750.784239999135
