comms_cons: 2.1908735999969813
finished_reconf: true
global_termination_time: 19001.322
local_termination_time: 6414.58736
node_cons: 352.1187000000008
tot_aggregated_send: 0
tot_msg_rcv: 178
tot_msg_sent: 155
tot_reconf_duration: 22.65
tot_sleeping_duration: 18761.322
tot_uptimes: 5
tot_uptimes_duration: 240.0
