comms_cons: 1.5132159999971122
finished_reconf: true
global_termination_time: 18850.66
local_termination_time: 3924.4883600000003
node_cons: 332.34622000000024
tot_aggregated_send: 0
tot_msg_rcv: 119
tot_msg_sent: 111
tot_reconf_duration: 8.09
tot_sleeping_duration: 18610.66
tot_uptimes: 5
tot_uptimes_duration: 240.0
