comms_cons: 2.302719999992391
finished_reconf: true
global_termination_time: 19094.275
local_termination_time: 4594.8553600000005
node_cons: 328.7339400000004
tot_aggregated_send: 0
tot_msg_rcv: 179
tot_msg_sent: 171
tot_reconf_duration: 5.43
tot_sleeping_duration: 18854.275
tot_uptimes: 5
tot_uptimes_duration: 240.0
