comms_cons: 63.24001280623188
finished_reconf: true
global_termination_time: 315158.312
local_termination_time: 1270.5060400000013
node_cons: 6451.96174448345
tot_aggregated_send: 0
tot_msg_rcv: 4967
tot_msg_sent: 4640
tot_reconf_duration: 18.21
tot_sleeping_duration: 310358.2876799974
tot_uptimes: 81
tot_uptimes_duration: 4800.0243200025725
