comms_cons: 32.481164800260764
finished_reconf: true
global_termination_time: 315557.334
local_termination_time: 5371.080760000003
node_cons: 6435.646760000007
tot_aggregated_send: 4118
tot_msg_rcv: 300
tot_msg_sent: 519
tot_reconf_duration: 6.22
tot_sleeping_duration: 310757.334
tot_uptimes: 81
tot_uptimes_duration: 4800.0
