comms_cons: 60.67069440203528
finished_reconf: true
global_termination_time: 588543.122
local_termination_time: 208539.4329600006
node_cons: 12081.799405607162
tot_aggregated_send: 7598
tot_msg_rcv: 531
tot_msg_sent: 1091
tot_reconf_duration: 22.65
tot_sleeping_duration: 579543.0915999947
tot_uptimes: 151
tot_uptimes_duration: 9000.030400005344
