comms_cons: 2.2566655999967273
finished_reconf: true
global_termination_time: 16648.898
local_termination_time: 4538.07136
node_cons: 339.24486000000013
tot_aggregated_send: 0
tot_msg_rcv: 179
tot_msg_sent: 164
tot_reconf_duration: 13.17
tot_sleeping_duration: 16408.898
tot_uptimes: 5
tot_uptimes_duration: 240.0
