comms_cons: 93.12857599755606
finished_reconf: true
global_termination_time: 938725.384
local_termination_time: 301344.17128000077
node_cons: 19299.484860000008
tot_aggregated_send: 13456
tot_msg_rcv: 247
tot_msg_sent: 452
tot_reconf_duration: 13.17
tot_sleeping_duration: 924325.384
tot_uptimes: 241
tot_uptimes_duration: 14400.0
