comms_cons: 30.15968000018087
finished_reconf: true
global_termination_time: 301256.003
local_termination_time: 61861.18448000002
node_cons: 6190.321900000011
tot_aggregated_send: 4234
tot_msg_rcv: 120
tot_msg_sent: 230
tot_reconf_duration: 3.05
tot_sleeping_duration: 296636.003
tot_uptimes: 78
tot_uptimes_duration: 4620.0
