comms_cons: 29.810502400254002
finished_reconf: true
global_termination_time: 301216.044
local_termination_time: 151068.819
node_cons: 6202.82806208138
tot_aggregated_send: 4283
tot_msg_rcv: 73
tot_msg_sent: 174
tot_reconf_duration: 11.31
tot_sleeping_duration: 296595.081279999
tot_uptimes: 78
tot_uptimes_duration: 4620.962720001029
