comms_cons: 121.26123519597206
finished_reconf: true
global_termination_time: 1219655.927
local_termination_time: 659225.9175999998
node_cons: 25100.4374000001
tot_aggregated_send: 17458
tot_msg_rcv: 359
tot_msg_sent: 614
tot_reconf_duration: 25.299999999999997
tot_sleeping_duration: 1200935.927
tot_uptimes: 313
tot_uptimes_duration: 18720.0
