comms_cons: 120.18287359747107
finished_reconf: true
global_termination_time: 1225203.801
local_termination_time: 615205.9651599983
node_cons: 25167.360147354535
tot_aggregated_send: 17574
tot_msg_rcv: 241
tot_msg_sent: 452
tot_reconf_duration: 15.110000000000001
tot_sleeping_duration: 1206423.486760004
tot_uptimes: 314
tot_uptimes_duration: 18780.314239995903
