comms_cons: 217.27856628143218
finished_reconf: true
global_termination_time: 1221689.221
local_termination_time: 311925.70636000007
node_cons: 25072.652685593395
tot_aggregated_send: 0
tot_msg_rcv: 16771
tot_msg_sent: 16252
tot_reconf_duration: 4.8100000000000005
tot_sleeping_duration: 1202969.1906000047
tot_uptimes: 313
tot_uptimes_duration: 18720.03039999504
