comms_cons: 120.29404799858948
finished_reconf: true
global_termination_time: 1219656.233
local_termination_time: 671826.5803999982
node_cons: 25078.881893677324
tot_aggregated_send: 17690
tot_msg_rcv: 250
tot_msg_sent: 343
tot_reconf_duration: 9.42
tot_sleeping_duration: 1200936.2258800021
tot_uptimes: 313
tot_uptimes_duration: 18720.00711999793
