comms_cons: 121.94609919529931
finished_reconf: true
global_termination_time: 1219612.979
local_termination_time: 489659.821
node_cons: 25090.355932562798
tot_aggregated_send: 17278
tot_msg_rcv: 444
tot_msg_sent: 813
tot_reconf_duration: 11.899999999999999
tot_sleeping_duration: 1200886.917959998
tot_uptimes: 313
tot_uptimes_duration: 18726.061040002096
