comms_cons: 124.08371198979364
finished_reconf: true
global_termination_time: 1221189.604
local_termination_time: 329435.09172000055
node_cons: 25074.551183355095
tot_aggregated_send: 16646
tot_msg_rcv: 770
tot_msg_sent: 1444
tot_reconf_duration: 6.22
tot_sleeping_duration: 1202469.585760004
tot_uptimes: 313
tot_uptimes_duration: 18720.018239996338
