comms_cons: 764.6297985574514
finished_reconf: true
global_termination_time: 2622035.7825999996
local_termination_time: 2622035.7414799994
node_cons: 107168.21819951742
tot_aggregated_send: 0
tot_msg_rcv: 38911
tot_msg_sent: 77308
tot_reconf_duration: 24.59
tot_sleeping_duration: 2542024.710919999
tot_uptimes: 1323
tot_uptimes_duration: 80011.0716800006
