comms_cons: 259.20236157836325
finished_reconf: true
global_termination_time: 2622172.553
local_termination_time: 1770167.186119998
node_cons: 53920.68675591025
tot_aggregated_send: 35728
tot_msg_rcv: 1172
tot_msg_sent: 2495
tot_reconf_duration: 7.819999999999999
tot_sleeping_duration: 2581911.1137200063
tot_uptimes: 672
tot_uptimes_duration: 40261.4392799933
