comms_cons: 260.3323647832963
finished_reconf: true
global_termination_time: 2623123.206
local_termination_time: 1789608.3165999998
node_cons: 53916.594901115925
tot_aggregated_send: 36308
tot_msg_rcv: 1098
tot_msg_sent: 2163
tot_reconf_duration: 6.22
tot_sleeping_duration: 2582863.199920002
tot_uptimes: 672
tot_uptimes_duration: 40260.006079997635
