comms_cons: 77.10822399941561
finished_reconf: true
global_termination_time: 783217.899
local_termination_time: 510724.31736
node_cons: 16073.961619999964
tot_aggregated_send: 11426
tot_msg_rcv: 124
tot_msg_sent: 170
tot_reconf_duration: 4.390000000000001
tot_sleeping_duration: 771217.899
tot_uptimes: 201
tot_uptimes_duration: 12000.0
