comms_cons: 154.11118075424938
finished_reconf: true
global_termination_time: 785385.258
local_termination_time: 525725.3345999998
node_cons: 16158.975842238377
tot_aggregated_send: 0
tot_msg_rcv: 11768
tot_msg_sent: 11656
tot_reconf_duration: 7.819999999999999
tot_sleeping_duration: 773325.2458400014
tot_uptimes: 202
tot_uptimes_duration: 12060.012159998703
