comms_cons: 32.61309440019549
finished_reconf: true
global_termination_time: 330316.241
local_termination_time: 33343.96436000001
node_cons: 6757.0149011203
tot_aggregated_send: 4698
tot_msg_rcv: 90
tot_msg_sent: 169
tot_reconf_duration: 6.22
tot_sleeping_duration: 325276.2349199998
tot_uptimes: 85
tot_uptimes_duration: 5040.0060800002175
