comms_cons: 516.1345729398845
finished_reconf: true
global_termination_time: 5090494.197239997
local_termination_time: 225225.15348000007
node_cons: 104726.87524172035
tot_aggregated_send: 70296
tot_msg_rcv: 2875
tot_msg_sent: 5276
tot_reconf_duration: 18.21
tot_sleeping_duration: 5012299.913400024
tot_uptimes: 1304
tot_uptimes_duration: 78194.28383997269
