comms_cons: 494.65973762656273
finished_reconf: true
global_termination_time: 5092886.978
local_termination_time: 3063001.5233599995
node_cons: 104797.73368223067
tot_aggregated_send: 70934
tot_msg_rcv: 1408
tot_msg_sent: 2842
tot_reconf_duration: 25.299999999999997
tot_sleeping_duration: 5014646.965840005
tot_uptimes: 1305
tot_uptimes_duration: 78240.0121599955
