comms_cons: 0.7500287999995991
finished_reconf: true
global_termination_time: 3980.8679999999995
local_termination_time: 704.1493599999999
node_cons: 86.30161999999999
tot_aggregated_send: 0
tot_msg_rcv: 60
tot_msg_sent: 54
tot_reconf_duration: 4.390000000000001
tot_sleeping_duration: 3920.8679999999995
tot_uptimes: 2
tot_uptimes_duration: 59.999999999999545
