comms_cons: 39.83705600006335
finished_reconf: true
global_termination_time: 400941.983
local_termination_time: 22198.558680000002
node_cons: 8203.126760000006
tot_aggregated_send: 5742
tot_msg_rcv: 143
tot_msg_sent: 170
tot_reconf_duration: 6.22
tot_sleeping_duration: 394821.983
tot_uptimes: 103
tot_uptimes_duration: 6120.0
