comms_cons: 557.6027264548678
finished_reconf: true
global_termination_time: 5664728.199
local_termination_time: 1838372.31736
node_cons: 116500.58848334732
tot_aggregated_send: 79170
tot_msg_rcv: 1971
tot_msg_sent: 3611
tot_reconf_duration: 5.57
tot_sleeping_duration: 5577728.180760007
tot_uptimes: 1451
tot_uptimes_duration: 87000.01823999314
