comms_cons: 166.0392703908611
finished_reconf: true
global_termination_time: 1659706.1384799997
local_termination_time: 1659706.0973599998
node_cons: 34196.25980095806
tot_aggregated_send: 23592
tot_msg_rcv: 592
tot_msg_sent: 1053
tot_reconf_duration: 24.59
tot_sleeping_duration: 1634192.4218400011
tot_uptimes: 426
tot_uptimes_duration: 25513.716639998544
