comms_cons: 758.4476026314973
finished_reconf: true
global_termination_time: 1660645.592
local_termination_time: 939037.6983199996
node_cons: 100410.00123534753
tot_aggregated_send: 0
tot_msg_rcv: 46681
tot_msg_sent: 68598
tot_reconf_duration: 4.390000000000001
tot_sleeping_duration: 1585661.2457600073
tot_uptimes: 1228
tot_uptimes_duration: 74984.3462399927
