comms_cons: 316.78813438509104
finished_reconf: true
global_termination_time: 3210773.859
local_termination_time: 1758539.5384799999
node_cons: 66046.0852500502
tot_aggregated_send: 43790
tot_msg_rcv: 1386
tot_msg_sent: 2974
tot_reconf_duration: 4.8100000000000005
tot_sleeping_duration: 3161453.804280021
tot_uptimes: 823
tot_uptimes_duration: 49320.05471997871
