comms_cons: 316.37362560640304
finished_reconf: true
global_termination_time: 3212038.592
local_termination_time: 1444159.18236
node_cons: 66060.31171999872
tot_aggregated_send: 46516
tot_msg_rcv: 596
tot_msg_sent: 974
tot_reconf_duration: 15.34
tot_sleeping_duration: 3162718.592
tot_uptimes: 823
tot_uptimes_duration: 49320.0
